date,county,fips,population,confirmed_cases,reported_cases,probable_cases,reported_and_probable_cases,reported_deaths
2023-04-04,Alameda,001,1643700,383129,383136,22781,405917,2208
2023-04-04,Alpine,002,1148,139,139,4,143,0
2023-04-04,Amador,005,37829,10633,10634,975,11609,98
2023-04-04,Butte,007,227075,41858,41858,10322,52180,495
2023-04-04,Calaveras,009,45235,9054,9054,645,9699,142
2023-04-04,Colusa,011,21464,4017,4019,1381,5400,23
2023-04-04,Contra Costa,013,1133247,275295,275299,22488,297787,1575
2023-04-04,Del Norte,015,27424,7956,7957,485,8442,61
2023-04-04,El Dorado,017,186661,34797,34797,4572,39369,247
2023-04-04,Fresno,019,978130,296193,296202,35116,331318,3011
2023-04-04,Glenn,021,27897,5812,5812,2025,7837,58
2023-04-04,Humboldt,023,135768,23471,23474,5946,29420,170
2023-04-04,Imperial,025,180216,70865,70866,19256,90122,980
2023-04-04,Inyo,027,18085,4793,4793,1322,6115,63
2023-04-04,Kern,029,883053,231576,231582,73885,305467,2497
2023-04-04,Kings,031,150075,63081,63081,4508,67589,485
2023-04-04,Lake,033,64148,13715,13715,1283,14998,163
2023-04-04,Lassen,035,31185,10283,10283,1067,11350,67
2023-04-04,Los Angeles,037,10098052,3506654,3506920,221184,3728104,35807
2023-04-04,Madera,039,155013,46520,46522,8920,55442,378
2023-04-04,Marin,041,260295,49609,49613,5736,55349,317
2023-04-04,Mariposa,043,17540,3371,3371,359,3730,33
2023-04-04,Mendocino,045,87422,16968,16968,4837,21805,145
2023-04-04,Merced,047,269075,77202,77206,12864,90070,903
2023-04-04,Modoc,049,8938,963,963,375,1338,11
2023-04-04,Mono,051,14174,3339,3339,303,3642,8
2023-04-04,Monterey,053,433212,98581,98582,24457,123039,808
2023-04-04,Napa,055,140530,34642,34643,1532,36175,178
2023-04-04,Nevada,057,99092,20258,20263,2340,22603,138
2023-04-04,Orange,059,3164182,715776,715777,78841,794618,8059
2023-04-04,Placer,061,380077,81723,81723,10304,92027,683
2023-04-04,Plumas,063,18699,3841,3841,462,4303,15
2023-04-04,Riverside,065,2383286,738312,738372,41886,780258,6872
2023-04-04,Sacramento,067,1510023,374135,374138,38331,412469,3568
2023-04-04,San Benito,069,59416,17771,17773,1145,18918,118
2023-04-04,San Bernardino,071,2135413,713232,713295,34790,748085,8171
2023-04-04,San Diego,073,3302833,990568,990568,81911,1072479,5835
2023-04-04,San Francisco,075,870044,198381,198391,13461,211852,1194
2023-04-04,San Joaquin,077,732212,211358,211366,17022,228388,2431
2023-04-04,San Luis Obispo,079,281455,66753,66754,8187,74941,569
2023-04-04,San Mateo,081,765935,184954,184958,11281,196239,752
2023-04-04,Santa Barbara,083,443738,112733,112734,7780,120514,767
2023-04-04,Santa Clara,085,1922200,480128,480146,21492,501638,2758
2023-04-04,Santa Cruz,087,273765,69021,69021,4017,73038,277
2023-04-04,Shasta,089,179085,36581,36581,8360,44941,607
2023-04-04,Sierra,091,2930,313,313,61,374,5
2023-04-04,Siskiyou,093,43540,5485,5485,3444,8929,96
2023-04-04,Solano,095,438530,114823,114837,8731,123568,482
2023-04-04,Sonoma,097,501317,114476,114483,5828,120311,565
2023-04-04,Stanislaus,099,539301,145975,145995,23246,169241,1846
2023-04-04,Sutter,101,95872,25894,25899,2543,28442,241
2023-04-04,Tehama,103,63373,14512,14512,3436,17948,234
2023-04-04,Trinity,105,12862,1476,1476,506,1982,25
2023-04-04,Tulare,107,460477,129070,129070,40727,169797,1588
2023-04-04,Tuolumne,109,53932,16986,16987,1014,18001,212
2023-04-04,Ventura,111,848112,221829,221832,18213,240045,1690
2023-04-04,Yolo,113,214977,50343,50343,4964,55307,448
2023-04-04,Yuba,115,75493,20143,20147,1900,22047,135
2023-04-03,Alameda,001,1643700,383129,382538,22781,405319,2205
2023-04-03,Alpine,002,1148,139,139,4,143,0
2023-04-03,Amador,005,37829,10633,10622,975,11597,98
2023-04-03,Butte,007,227075,41858,41836,10322,52158,495
2023-04-03,Calaveras,009,45235,9054,9045,645,9690,142
2023-04-03,Colusa,011,21464,4017,4011,1381,5392,23
2023-04-03,Contra Costa,013,1133247,275295,274856,22488,297344,1571
2023-04-03,Del Norte,015,27424,7956,7951,485,8436,61
2023-04-03,El Dorado,017,186661,34797,34741,4572,39313,247
2023-04-03,Fresno,019,978130,296193,295921,35116,331037,3010
2023-04-03,Glenn,021,27897,5812,5808,2025,7833,58
2023-04-03,Humboldt,023,135768,23471,23454,5946,29400,170
2023-04-03,Imperial,025,180216,70865,70690,19256,89946,980
2023-04-03,Inyo,027,18085,4793,4791,1322,6113,63
2023-04-03,Kern,029,883053,231576,231420,73885,305305,2495
2023-04-03,Kings,031,150075,63081,63048,4508,67556,485
2023-04-03,Lake,033,64148,13715,13699,1283,14982,163
2023-04-03,Lassen,035,31185,10283,10279,1067,11346,67
2023-04-03,Los Angeles,037,10098052,3506654,3504618,221184,3725802,35758
2023-04-03,Madera,039,155013,46520,46486,8920,55406,378
2023-04-03,Marin,041,260295,49609,49518,5736,55254,317
2023-04-03,Mariposa,043,17540,3371,3367,359,3726,33
2023-04-03,Mendocino,045,87422,16968,16953,4837,21790,145
2023-04-03,Merced,047,269075,77202,77065,12864,89929,903
2023-04-03,Modoc,049,8938,963,959,375,1334,11
2023-04-03,Mono,051,14174,3339,3337,303,3640,8
2023-04-03,Monterey,053,433212,98581,98510,24457,122967,807
2023-04-03,Napa,055,140530,34642,34601,1532,36133,178
2023-04-03,Nevada,057,99092,20258,20238,2340,22578,138
2023-04-03,Orange,059,3164182,715776,715130,78841,793971,8050
2023-04-03,Placer,061,380077,81723,81619,10304,91923,683
2023-04-03,Plumas,063,18699,3841,3840,462,4302,15
2023-04-03,Riverside,065,2383286,738312,737911,41886,779797,6869
2023-04-03,Sacramento,067,1510023,374135,373629,38331,411960,3558
2023-04-03,San Benito,069,59416,17771,17746,1145,18891,118
2023-04-03,San Bernardino,071,2135413,713232,712881,34790,747671,8172
2023-04-03,San Diego,073,3302833,990568,989787,81911,1071698,5829
2023-04-03,San Francisco,075,870044,198381,198058,13461,211519,1189
2023-04-03,San Joaquin,077,732212,211358,211137,17022,228159,2428
2023-04-03,San Luis Obispo,079,281455,66753,66716,8187,74903,569
2023-04-03,San Mateo,081,765935,184954,184685,11281,195966,751
2023-04-03,Santa Barbara,083,443738,112733,112631,7780,120411,767
2023-04-03,Santa Clara,085,1922200,480128,479518,21492,501010,2744
2023-04-03,Santa Cruz,087,273765,69021,68891,4017,72908,276
2023-04-03,Shasta,089,179085,36581,36571,8360,44931,607
2023-04-03,Sierra,091,2930,313,313,61,374,5
2023-04-03,Siskiyou,093,43540,5485,5482,3444,8926,96
2023-04-03,Solano,095,438530,114823,114684,8731,123415,482
2023-04-03,Sonoma,097,501317,114476,114338,5828,120166,563
2023-04-03,Stanislaus,099,539301,145975,145876,23246,169122,1846
2023-04-03,Sutter,101,95872,25894,25864,2543,28407,241
2023-04-03,Tehama,103,63373,14512,14504,3436,17940,234
2023-04-03,Trinity,105,12862,1476,1476,506,1982,25
2023-04-03,Tulare,107,460477,129070,128972,40727,169699,1588
2023-04-03,Tuolumne,109,53932,16986,16982,1014,17996,212
2023-04-03,Ventura,111,848112,221829,221691,18213,239904,1684
2023-04-03,Yolo,113,214977,50343,50291,4964,55255,448
2023-04-03,Yuba,115,75493,20143,20125,1900,22025,135
2023-04-02,Alameda,001,1643700,383068,382538,22781,405319,2205
2023-04-02,Alpine,002,1148,139,139,4,143,0
2023-04-02,Amador,005,37829,10632,10622,975,11597,98
2023-04-02,Butte,007,227075,41858,41836,10322,52158,495
2023-04-02,Calaveras,009,45235,9054,9045,645,9690,142
2023-04-02,Colusa,011,21464,4017,4011,1381,5392,23
2023-04-02,Contra Costa,013,1133247,275258,274856,22488,297344,1571
2023-04-02,Del Norte,015,27424,7956,7951,485,8436,61
2023-04-02,El Dorado,017,186661,34795,34741,4572,39313,247
2023-04-02,Fresno,019,978130,296169,295921,35116,331037,3010
2023-04-02,Glenn,021,27897,5812,5808,2025,7833,58
2023-04-02,Humboldt,023,135768,23469,23454,5946,29400,170
2023-04-02,Imperial,025,180216,70851,70690,19256,89946,980
2023-04-02,Inyo,027,18085,4792,4791,1322,6113,63
2023-04-02,Kern,029,883053,231571,231420,73885,305305,2495
2023-04-02,Kings,031,150075,63075,63048,4508,67556,485
2023-04-02,Lake,033,64148,13715,13699,1283,14982,163
2023-04-02,Lassen,035,31185,10283,10279,1067,11346,67
2023-04-02,Los Angeles,037,10098052,3506638,3504618,221184,3725802,35758
2023-04-02,Madera,039,155013,46519,46486,8920,55406,378
2023-04-02,Marin,041,260295,49595,49518,5736,55254,317
2023-04-02,Mariposa,043,17540,3371,3367,359,3726,33
2023-04-02,Mendocino,045,87422,16967,16953,4837,21790,145
2023-04-02,Merced,047,269075,77199,77065,12864,89929,903
2023-04-02,Modoc,049,8938,963,959,375,1334,11
2023-04-02,Mono,051,14174,3339,3337,303,3640,8
2023-04-02,Monterey,053,433212,98576,98510,24457,122967,807
2023-04-02,Napa,055,140530,34639,34601,1532,36133,178
2023-04-02,Nevada,057,99092,20255,20238,2340,22578,138
2023-04-02,Orange,059,3164182,715740,715130,78841,793971,8050
2023-04-02,Placer,061,380077,81717,81619,10304,91923,683
2023-04-02,Plumas,063,18699,3841,3840,462,4302,15
2023-04-02,Riverside,065,2383286,738298,737911,41886,779797,6869
2023-04-02,Sacramento,067,1510023,374089,373629,38331,411960,3558
2023-04-02,San Benito,069,59416,17768,17746,1145,18891,118
2023-04-02,San Bernardino,071,2135413,713221,712881,34790,747671,8172
2023-04-02,San Diego,073,3302833,990528,989787,81911,1071698,5829
2023-04-02,San Francisco,075,870044,198358,198058,13461,211519,1189
2023-04-02,San Joaquin,077,732212,211334,211137,17022,228159,2428
2023-04-02,San Luis Obispo,079,281455,66751,66716,8187,74903,569
2023-04-02,San Mateo,081,765935,184927,184685,11281,195966,751
2023-04-02,Santa Barbara,083,443738,112724,112631,7780,120411,767
2023-04-02,Santa Clara,085,1922200,480066,479518,21492,501010,2744
2023-04-02,Santa Cruz,087,273765,69018,68891,4017,72908,276
2023-04-02,Shasta,089,179085,36581,36571,8360,44931,607
2023-04-02,Sierra,091,2930,313,313,61,374,5
2023-04-02,Siskiyou,093,43540,5484,5482,3444,8926,96
2023-04-02,Solano,095,438530,114816,114684,8731,123415,482
2023-04-02,Sonoma,097,501317,114459,114338,5828,120166,563
2023-04-02,Stanislaus,099,539301,145965,145876,23246,169122,1846
2023-04-02,Sutter,101,95872,25886,25864,2543,28407,241
2023-04-02,Tehama,103,63373,14512,14504,3436,17940,234
2023-04-02,Trinity,105,12862,1476,1476,506,1982,25
2023-04-02,Tulare,107,460477,129066,128972,40727,169699,1588
2023-04-02,Tuolumne,109,53932,16985,16982,1014,17996,212
2023-04-02,Ventura,111,848112,221819,221691,18213,239904,1684
2023-04-02,Yolo,113,214977,50337,50291,4964,55255,448
2023-04-02,Yuba,115,75493,20142,20125,1900,22025,135
2023-04-01,Alameda,001,1643700,383027,382538,22781,405319,2205
2023-04-01,Alpine,002,1148,139,139,4,143,0
2023-04-01,Amador,005,37829,10631,10622,975,11597,98
2023-04-01,Butte,007,227075,41857,41836,10322,52158,495
2023-04-01,Calaveras,009,45235,9053,9045,645,9690,142
2023-04-01,Colusa,011,21464,4017,4011,1381,5392,23
2023-04-01,Contra Costa,013,1133247,275223,274856,22488,297344,1571
2023-04-01,Del Norte,015,27424,7956,7951,485,8436,61
2023-04-01,El Dorado,017,186661,34786,34741,4572,39313,247
2023-04-01,Fresno,019,978130,296149,295921,35116,331037,3010
2023-04-01,Glenn,021,27897,5812,5808,2025,7833,58
2023-04-01,Humboldt,023,135768,23469,23454,5946,29400,170
2023-04-01,Imperial,025,180216,70842,70690,19256,89946,980
2023-04-01,Inyo,027,18085,4792,4791,1322,6113,63
2023-04-01,Kern,029,883053,231560,231420,73885,305305,2495
2023-04-01,Kings,031,150075,63072,63048,4508,67556,485
2023-04-01,Lake,033,64148,13715,13699,1283,14982,163
2023-04-01,Lassen,035,31185,10283,10279,1067,11346,67
2023-04-01,Los Angeles,037,10098052,3506543,3504618,221184,3725802,35758
2023-04-01,Madera,039,155013,46518,46486,8920,55406,378
2023-04-01,Marin,041,260295,49591,49518,5736,55254,317
2023-04-01,Mariposa,043,17540,3371,3367,359,3726,33
2023-04-01,Mendocino,045,87422,16963,16953,4837,21790,145
2023-04-01,Merced,047,269075,77197,77065,12864,89929,903
2023-04-01,Modoc,049,8938,963,959,375,1334,11
2023-04-01,Mono,051,14174,3339,3337,303,3640,8
2023-04-01,Monterey,053,433212,98574,98510,24457,122967,807
2023-04-01,Napa,055,140530,34639,34601,1532,36133,178
2023-04-01,Nevada,057,99092,20255,20238,2340,22578,138
2023-04-01,Orange,059,3164182,715690,715130,78841,793971,8050
2023-04-01,Placer,061,380077,81705,81619,10304,91923,683
2023-04-01,Plumas,063,18699,3841,3840,462,4302,15
2023-04-01,Riverside,065,2383286,738274,737911,41886,779797,6869
2023-04-01,Sacramento,067,1510023,374048,373629,38331,411960,3558
2023-04-01,San Benito,069,59416,17761,17746,1145,18891,118
2023-04-01,San Bernardino,071,2135413,713189,712881,34790,747671,8172
2023-04-01,San Diego,073,3302833,990473,989787,81911,1071698,5829
2023-04-01,San Francisco,075,870044,198330,198058,13461,211519,1189
2023-04-01,San Joaquin,077,732212,211311,211137,17022,228159,2428
2023-04-01,San Luis Obispo,079,281455,66745,66716,8187,74903,569
2023-04-01,San Mateo,081,765935,184908,184685,11281,195966,751
2023-04-01,Santa Barbara,083,443738,112713,112631,7780,120411,767
2023-04-01,Santa Clara,085,1922200,480015,479518,21492,501010,2744
2023-04-01,Santa Cruz,087,273765,69013,68891,4017,72908,276
2023-04-01,Shasta,089,179085,36581,36571,8360,44931,607
2023-04-01,Sierra,091,2930,313,313,61,374,5
2023-04-01,Siskiyou,093,43540,5484,5482,3444,8926,96
2023-04-01,Solano,095,438530,114809,114684,8731,123415,482
2023-04-01,Sonoma,097,501317,114452,114338,5828,120166,563
2023-04-01,Stanislaus,099,539301,145952,145876,23246,169122,1846
2023-04-01,Sutter,101,95872,25883,25864,2543,28407,241
2023-04-01,Tehama,103,63373,14511,14504,3436,17940,234
2023-04-01,Trinity,105,12862,1476,1476,506,1982,25
2023-04-01,Tulare,107,460477,129059,128972,40727,169699,1588
2023-04-01,Tuolumne,109,53932,16985,16982,1014,17996,212
2023-04-01,Ventura,111,848112,221812,221691,18213,239904,1684
2023-04-01,Yolo,113,214977,50331,50291,4964,55255,448
2023-04-01,Yuba,115,75493,20141,20125,1900,22025,135
2023-03-31,Alameda,001,1643700,382976,382538,22781,405319,2205
2023-03-31,Alpine,002,1148,139,139,4,143,0
2023-03-31,Amador,005,37829,10631,10622,975,11597,98
2023-03-31,Butte,007,227075,41855,41836,10322,52158,495
2023-03-31,Calaveras,009,45235,9052,9045,645,9690,142
2023-03-31,Colusa,011,21464,4016,4011,1381,5392,23
2023-03-31,Contra Costa,013,1133247,275184,274856,22488,297344,1571
2023-03-31,Del Norte,015,27424,7956,7951,485,8436,61
2023-03-31,El Dorado,017,186661,34779,34741,4572,39313,247
2023-03-31,Fresno,019,978130,296122,295921,35116,331037,3010
2023-03-31,Glenn,021,27897,5812,5808,2025,7833,58
2023-03-31,Humboldt,023,135768,23466,23454,5946,29400,170
2023-03-31,Imperial,025,180216,70836,70690,19256,89946,980
2023-03-31,Inyo,027,18085,4792,4791,1322,6113,63
2023-03-31,Kern,029,883053,231545,231420,73885,305305,2495
2023-03-31,Kings,031,150075,63070,63048,4508,67556,485
2023-03-31,Lake,033,64148,13711,13699,1283,14982,163
2023-03-31,Lassen,035,31185,10283,10279,1067,11346,67
2023-03-31,Los Angeles,037,10098052,3506383,3504618,221184,3725802,35758
2023-03-31,Madera,039,155013,46514,46486,8920,55406,378
2023-03-31,Marin,041,260295,49579,49518,5736,55254,317
2023-03-31,Mariposa,043,17540,3371,3367,359,3726,33
2023-03-31,Mendocino,045,87422,16963,16953,4837,21790,145
2023-03-31,Merced,047,269075,77194,77065,12864,89929,903
2023-03-31,Modoc,049,8938,963,959,375,1334,11
2023-03-31,Mono,051,14174,3339,3337,303,3640,8
2023-03-31,Monterey,053,433212,98567,98510,24457,122967,807
2023-03-31,Napa,055,140530,34636,34601,1532,36133,178
2023-03-31,Nevada,057,99092,20254,20238,2340,22578,138
2023-03-31,Orange,059,3164182,715634,715130,78841,793971,8050
2023-03-31,Placer,061,380077,81695,81619,10304,91923,683
2023-03-31,Plumas,063,18699,3841,3840,462,4302,15
2023-03-31,Riverside,065,2383286,738246,737911,41886,779797,6869
2023-03-31,Sacramento,067,1510023,374000,373629,38331,411960,3558
2023-03-31,San Benito,069,59416,17759,17746,1145,18891,118
2023-03-31,San Bernardino,071,2135413,713161,712881,34790,747671,8172
2023-03-31,San Diego,073,3302833,990413,989787,81911,1071698,5829
2023-03-31,San Francisco,075,870044,198296,198058,13461,211519,1189
2023-03-31,San Joaquin,077,732212,211294,211137,17022,228159,2428
2023-03-31,San Luis Obispo,079,281455,66740,66716,8187,74903,569
2023-03-31,San Mateo,081,765935,184884,184685,11281,195966,751
2023-03-31,Santa Barbara,083,443738,112702,112631,7780,120411,767
2023-03-31,Santa Clara,085,1922200,479966,479518,21492,501010,2744
2023-03-31,Santa Cruz,087,273765,69002,68891,4017,72908,276
2023-03-31,Shasta,089,179085,36581,36571,8360,44931,607
2023-03-31,Sierra,091,2930,313,313,61,374,5
2023-03-31,Siskiyou,093,43540,5484,5482,3444,8926,96
2023-03-31,Solano,095,438530,114797,114684,8731,123415,482
2023-03-31,Sonoma,097,501317,114443,114338,5828,120166,563
2023-03-31,Stanislaus,099,539301,145940,145876,23246,169122,1846
2023-03-31,Sutter,101,95872,25878,25864,2543,28407,241
2023-03-31,Tehama,103,63373,14510,14504,3436,17940,234
2023-03-31,Trinity,105,12862,1476,1476,506,1982,25
2023-03-31,Tulare,107,460477,129055,128972,40727,169699,1588
2023-03-31,Tuolumne,109,53932,16985,16982,1014,17996,212
2023-03-31,Ventura,111,848112,221788,221691,18213,239904,1684
2023-03-31,Yolo,113,214977,50329,50291,4964,55255,448
2023-03-31,Yuba,115,75493,20139,20125,1900,22025,135
2023-03-30,Alameda,001,1643700,382889,382538,22781,405319,2205
2023-03-30,Alpine,002,1148,139,139,4,143,0
2023-03-30,Amador,005,37829,10629,10622,975,11597,98
2023-03-30,Butte,007,227075,41853,41836,10322,52158,495
2023-03-30,Calaveras,009,45235,9051,9045,645,9690,142
2023-03-30,Colusa,011,21464,4013,4011,1381,5392,23
2023-03-30,Contra Costa,013,1133247,275133,274856,22488,297344,1571
2023-03-30,Del Norte,015,27424,7956,7951,485,8436,61
2023-03-30,El Dorado,017,186661,34773,34741,4572,39313,247
2023-03-30,Fresno,019,978130,296085,295921,35116,331037,3010
2023-03-30,Glenn,021,27897,5812,5808,2025,7833,58
2023-03-30,Humboldt,023,135768,23463,23454,5946,29400,170
2023-03-30,Imperial,025,180216,70814,70690,19256,89946,980
2023-03-30,Inyo,027,18085,4792,4791,1322,6113,63
2023-03-30,Kern,029,883053,231533,231420,73885,305305,2495
2023-03-30,Kings,031,150075,63067,63048,4508,67556,485
2023-03-30,Lake,033,64148,13708,13699,1283,14982,163
2023-03-30,Lassen,035,31185,10283,10279,1067,11346,67
2023-03-30,Los Angeles,037,10098052,3506170,3504618,221184,3725802,35758
2023-03-30,Madera,039,155013,46512,46486,8920,55406,378
2023-03-30,Marin,041,260295,49560,49518,5736,55254,317
2023-03-30,Mariposa,043,17540,3368,3367,359,3726,33
2023-03-30,Mendocino,045,87422,16962,16953,4837,21790,145
2023-03-30,Merced,047,269075,77183,77065,12864,89929,903
2023-03-30,Modoc,049,8938,962,959,375,1334,11
2023-03-30,Mono,051,14174,3339,3337,303,3640,8
2023-03-30,Monterey,053,433212,98555,98510,24457,122967,807
2023-03-30,Napa,055,140530,34629,34601,1532,36133,178
2023-03-30,Nevada,057,99092,20253,20238,2340,22578,138
2023-03-30,Orange,059,3164182,715520,715130,78841,793971,8050
2023-03-30,Placer,061,380077,81673,81619,10304,91923,683
2023-03-30,Plumas,063,18699,3840,3840,462,4302,15
2023-03-30,Riverside,065,2383286,738195,737911,41886,779797,6869
2023-03-30,Sacramento,067,1510023,373920,373629,38331,411960,3558
2023-03-30,San Benito,069,59416,17756,17746,1145,18891,118
2023-03-30,San Bernardino,071,2135413,713113,712881,34790,747671,8172
2023-03-30,San Diego,073,3302833,990319,989787,81911,1071698,5829
2023-03-30,San Francisco,075,870044,198256,198058,13461,211519,1189
2023-03-30,San Joaquin,077,732212,211263,211137,17022,228159,2428
2023-03-30,San Luis Obispo,079,281455,66737,66716,8187,74903,569
2023-03-30,San Mateo,081,765935,184843,184685,11281,195966,751
2023-03-30,Santa Barbara,083,443738,112689,112631,7780,120411,767
2023-03-30,Santa Clara,085,1922200,479874,479518,21492,501010,2744
2023-03-30,Santa Cruz,087,273765,68983,68891,4017,72908,276
2023-03-30,Shasta,089,179085,36581,36571,8360,44931,607
2023-03-30,Sierra,091,2930,313,313,61,374,5
2023-03-30,Siskiyou,093,43540,5484,5482,3444,8926,96
2023-03-30,Solano,095,438530,114776,114684,8731,123415,482
2023-03-30,Sonoma,097,501317,114420,114338,5828,120166,563
2023-03-30,Stanislaus,099,539301,145924,145876,23246,169122,1846
2023-03-30,Sutter,101,95872,25872,25864,2543,28407,241
2023-03-30,Tehama,103,63373,14510,14504,3436,17940,234
2023-03-30,Trinity,105,12862,1476,1476,506,1982,25
2023-03-30,Tulare,107,460477,129038,128972,40727,169699,1588
2023-03-30,Tuolumne,109,53932,16983,16982,1014,17996,212
2023-03-30,Ventura,111,848112,221766,221691,18213,239904,1684
2023-03-30,Yolo,113,214977,50323,50291,4964,55255,448
2023-03-30,Yuba,115,75493,20136,20125,1900,22025,135
2023-03-29,Alameda,001,1643700,382799,382538,22781,405319,2205
2023-03-29,Alpine,002,1148,139,139,4,143,0
2023-03-29,Amador,005,37829,10625,10622,975,11597,98
2023-03-29,Butte,007,227075,41849,41836,10322,52158,495
2023-03-29,Calaveras,009,45235,9051,9045,645,9690,142
2023-03-29,Colusa,011,21464,4013,4011,1381,5392,23
2023-03-29,Contra Costa,013,1133247,275067,274856,22488,297344,1571
2023-03-29,Del Norte,015,27424,7954,7951,485,8436,61
2023-03-29,El Dorado,017,186661,34765,34741,4572,39313,247
2023-03-29,Fresno,019,978130,296040,295921,35116,331037,3010
2023-03-29,Glenn,021,27897,5812,5808,2025,7833,58
2023-03-29,Humboldt,023,135768,23460,23454,5946,29400,170
2023-03-29,Imperial,025,180216,70787,70690,19256,89946,980
2023-03-29,Inyo,027,18085,4792,4791,1322,6113,63
2023-03-29,Kern,029,883053,231517,231420,73885,305305,2495
2023-03-29,Kings,031,150075,63066,63048,4508,67556,485
2023-03-29,Lake,033,64148,13706,13699,1283,14982,163
2023-03-29,Lassen,035,31185,10283,10279,1067,11346,67
2023-03-29,Los Angeles,037,10098052,3505917,3504618,221184,3725802,35758
2023-03-29,Madera,039,155013,46504,46486,8920,55406,378
2023-03-29,Marin,041,260295,49543,49518,5736,55254,317
2023-03-29,Mariposa,043,17540,3368,3367,359,3726,33
2023-03-29,Mendocino,045,87422,16958,16953,4837,21790,145
2023-03-29,Merced,047,269075,77168,77065,12864,89929,903
2023-03-29,Modoc,049,8938,960,959,375,1334,11
2023-03-29,Mono,051,14174,3337,3337,303,3640,8
2023-03-29,Monterey,053,433212,98550,98510,24457,122967,807
2023-03-29,Napa,055,140530,34623,34601,1532,36133,178
2023-03-29,Nevada,057,99092,20245,20238,2340,22578,138
2023-03-29,Orange,059,3164182,715432,715130,78841,793971,8050
2023-03-29,Placer,061,380077,81661,81619,10304,91923,683
2023-03-29,Plumas,063,18699,3840,3840,462,4302,15
2023-03-29,Riverside,065,2383286,738128,737911,41886,779797,6869
2023-03-29,Sacramento,067,1510023,373853,373629,38331,411960,3558
2023-03-29,San Benito,069,59416,17749,17746,1145,18891,118
2023-03-29,San Bernardino,071,2135413,713056,712881,34790,747671,8172
2023-03-29,San Diego,073,3302833,990231,989787,81911,1071698,5829
2023-03-29,San Francisco,075,870044,198188,198058,13461,211519,1189
2023-03-29,San Joaquin,077,732212,211232,211137,17022,228159,2428
2023-03-29,San Luis Obispo,079,281455,66733,66716,8187,74903,569
2023-03-29,San Mateo,081,765935,184798,184685,11281,195966,751
2023-03-29,Santa Barbara,083,443738,112677,112631,7780,120411,767
2023-03-29,Santa Clara,085,1922200,479781,479518,21492,501010,2744
2023-03-29,Santa Cruz,087,273765,68959,68891,4017,72908,276
2023-03-29,Shasta,089,179085,36579,36571,8360,44931,607
2023-03-29,Sierra,091,2930,313,313,61,374,5
2023-03-29,Siskiyou,093,43540,5484,5482,3444,8926,96
2023-03-29,Solano,095,438530,114756,114684,8731,123415,482
2023-03-29,Sonoma,097,501317,114391,114338,5828,120166,563
2023-03-29,Stanislaus,099,539301,145902,145876,23246,169122,1846
2023-03-29,Sutter,101,95872,25870,25864,2543,28407,241
2023-03-29,Tehama,103,63373,14509,14504,3436,17940,234
2023-03-29,Trinity,105,12862,1476,1476,506,1982,25
2023-03-29,Tulare,107,460477,129019,128972,40727,169699,1588
2023-03-29,Tuolumne,109,53932,16982,16982,1014,17996,212
2023-03-29,Ventura,111,848112,221747,221691,18213,239904,1684
2023-03-29,Yolo,113,214977,50315,50291,4964,55255,448
2023-03-29,Yuba,115,75493,20135,20125,1900,22025,135
2023-03-28,Alameda,001,1643700,382726,382538,22781,405319,2205
2023-03-28,Alpine,002,1148,139,139,4,143,0
2023-03-28,Amador,005,37829,10624,10622,975,11597,98
2023-03-28,Butte,007,227075,41845,41836,10322,52158,495
2023-03-28,Calaveras,009,45235,9049,9045,645,9690,142
2023-03-28,Colusa,011,21464,4011,4011,1381,5392,23
2023-03-28,Contra Costa,013,1133247,275019,274856,22488,297344,1571
2023-03-28,Del Norte,015,27424,7953,7951,485,8436,61
2023-03-28,El Dorado,017,186661,34755,34741,4572,39313,247
2023-03-28,Fresno,019,978130,295996,295921,35116,331037,3010
2023-03-28,Glenn,021,27897,5812,5808,2025,7833,58
2023-03-28,Humboldt,023,135768,23455,23454,5946,29400,170
2023-03-28,Imperial,025,180216,70741,70690,19256,89946,980
2023-03-28,Inyo,027,18085,4791,4791,1322,6113,63
2023-03-28,Kern,029,883053,231488,231420,73885,305305,2495
2023-03-28,Kings,031,150075,63058,63048,4508,67556,485
2023-03-28,Lake,033,64148,13703,13699,1283,14982,163
2023-03-28,Lassen,035,31185,10281,10279,1067,11346,67
2023-03-28,Los Angeles,037,10098052,3505650,3504618,221184,3725802,35758
2023-03-28,Madera,039,155013,46501,46486,8920,55406,378
2023-03-28,Marin,041,260295,49538,49518,5736,55254,317
2023-03-28,Mariposa,043,17540,3368,3367,359,3726,33
2023-03-28,Mendocino,045,87422,16956,16953,4837,21790,145
2023-03-28,Merced,047,269075,77155,77065,12864,89929,903
2023-03-28,Modoc,049,8938,959,959,375,1334,11
2023-03-28,Mono,051,14174,3337,3337,303,3640,8
2023-03-28,Monterey,053,433212,98542,98510,24457,122967,807
2023-03-28,Napa,055,140530,34617,34601,1532,36133,178
2023-03-28,Nevada,057,99092,20241,20238,2340,22578,138
2023-03-28,Orange,059,3164182,715330,715130,78841,793971,8050
2023-03-28,Placer,061,380077,81646,81619,10304,91923,683
2023-03-28,Plumas,063,18699,3840,3840,462,4302,15
2023-03-28,Riverside,065,2383286,738042,737911,41886,779797,6869
2023-03-28,Sacramento,067,1510023,373765,373629,38331,411960,3558
2023-03-28,San Benito,069,59416,17747,17746,1145,18891,118
2023-03-28,San Bernardino,071,2135413,712988,712881,34790,747671,8172
2023-03-28,San Diego,073,3302833,990112,989787,81911,1071698,5829
2023-03-28,San Francisco,075,870044,198150,198058,13461,211519,1189
2023-03-28,San Joaquin,077,732212,211204,211137,17022,228159,2428
2023-03-28,San Luis Obispo,079,281455,66731,66716,8187,74903,569
2023-03-28,San Mateo,081,765935,184766,184685,11281,195966,751
2023-03-28,Santa Barbara,083,443738,112663,112631,7780,120411,767
2023-03-28,Santa Clara,085,1922200,479690,479518,21492,501010,2744
2023-03-28,Santa Cruz,087,273765,68942,68891,4017,72908,276
2023-03-28,Shasta,089,179085,36577,36571,8360,44931,607
2023-03-28,Sierra,091,2930,313,313,61,374,5
2023-03-28,Siskiyou,093,43540,5484,5482,3444,8926,96
2023-03-28,Solano,095,438530,114733,114684,8731,123415,482
2023-03-28,Sonoma,097,501317,114369,114338,5828,120166,563
2023-03-28,Stanislaus,099,539301,145889,145876,23246,169122,1846
2023-03-28,Sutter,101,95872,25868,25864,2543,28407,241
2023-03-28,Tehama,103,63373,14509,14504,3436,17940,234
2023-03-28,Trinity,105,12862,1476,1476,506,1982,25
2023-03-28,Tulare,107,460477,129006,128972,40727,169699,1588
2023-03-28,Tuolumne,109,53932,16982,16982,1014,17996,212
2023-03-28,Ventura,111,848112,221734,221691,18213,239904,1684
2023-03-28,Yolo,113,214977,50308,50291,4964,55255,448
2023-03-28,Yuba,115,75493,20131,20125,1900,22025,135
2023-03-27,Alameda,001,1643700,382654,381150,22781,403931,2203
2023-03-27,Alpine,002,1148,139,139,4,143,0
2023-03-27,Amador,005,37829,10623,10609,975,11584,98
2023-03-27,Butte,007,227075,41842,41792,10322,52114,492
2023-03-27,Calaveras,009,45235,9045,9036,645,9681,142
2023-03-27,Colusa,011,21464,4010,4005,1381,5386,23
2023-03-27,Contra Costa,013,1133247,274976,274422,22488,296910,1569
2023-03-27,Del Norte,015,27424,7953,7951,485,8436,61
2023-03-27,El Dorado,017,186661,34750,34701,4572,39273,246
2023-03-27,Fresno,019,978130,295960,295584,35116,330700,3010
2023-03-27,Glenn,021,27897,5811,5806,2025,7831,58
2023-03-27,Humboldt,023,135768,23450,23440,5946,29386,170
2023-03-27,Imperial,025,180216,70716,70547,19256,89803,980
2023-03-27,Inyo,027,18085,4791,4774,1322,6096,63
2023-03-27,Kern,029,883053,231457,230695,73885,304580,2492
2023-03-27,Kings,031,150075,63052,63014,4508,67522,485
2023-03-27,Lake,033,64148,13702,13686,1283,14969,162
2023-03-27,Lassen,035,31185,10280,10272,1067,11339,67
2023-03-27,Los Angeles,037,10098052,3505339,3501151,221184,3722335,35698
2023-03-27,Madera,039,155013,46496,46443,8920,55363,378
2023-03-27,Marin,041,260295,49525,49435,5736,55171,317
2023-03-27,Mariposa,043,17540,3367,3366,359,3725,33
2023-03-27,Mendocino,045,87422,16955,16935,4837,21772,144
2023-03-27,Merced,047,269075,77144,76912,12864,89776,903
2023-03-27,Modoc,049,8938,959,959,375,1334,11
2023-03-27,Mono,051,14174,3337,3336,303,3639,8
2023-03-27,Monterey,053,433212,98531,98451,24457,122908,806
2023-03-27,Napa,055,140530,34606,34556,1532,36088,174
2023-03-27,Nevada,057,99092,20241,20217,2340,22557,138
2023-03-27,Orange,059,3164182,715240,712690,78841,791531,8003
2023-03-27,Placer,061,380077,81638,81483,10304,91787,683
2023-03-27,Plumas,063,18699,3840,3840,462,4302,15
2023-03-27,Riverside,065,2383286,737981,736530,41886,778416,6869
2023-03-27,Sacramento,067,1510023,373703,372735,38331,411066,3548
2023-03-27,San Benito,069,59416,17747,17709,1145,18854,118
2023-03-27,San Bernardino,071,2135413,712930,711341,34790,746131,8171
2023-03-27,San Diego,073,3302833,989986,988863,81911,1070774,5820
2023-03-27,San Francisco,075,870044,198094,197525,13461,210986,1181
2023-03-27,San Joaquin,077,732212,211173,210894,17022,227916,2426
2023-03-27,San Luis Obispo,079,281455,66724,66669,8187,74856,568
2023-03-27,San Mateo,081,765935,184731,183983,11281,195264,751
2023-03-27,Santa Barbara,083,443738,112655,112545,7780,120325,765
2023-03-27,Santa Clara,085,1922200,479602,477584,21492,499076,2740
2023-03-27,Santa Cruz,087,273765,68924,68746,4017,72763,276
2023-03-27,Shasta,089,179085,36574,36537,8360,44897,607
2023-03-27,Sierra,091,2930,313,313,61,374,5
2023-03-27,Siskiyou,093,43540,5484,5481,3444,8925,96
2023-03-27,Solano,095,438530,114709,114503,8731,123234,482
2023-03-27,Sonoma,097,501317,114350,114180,5828,120008,559
2023-03-27,Stanislaus,099,539301,145878,145700,23246,168946,1845
2023-03-27,Sutter,101,95872,25862,25830,2543,28373,241
2023-03-27,Tehama,103,63373,14508,14496,3436,17932,234
2023-03-27,Trinity,105,12862,1476,1476,506,1982,25
2023-03-27,Tulare,107,460477,128990,128856,40727,169583,1583
2023-03-27,Tuolumne,109,53932,16980,16971,1014,17985,211
2023-03-27,Ventura,111,848112,221712,221498,18213,239711,1683
2023-03-27,Yolo,113,214977,50305,50227,4964,55191,448
2023-03-27,Yuba,115,75493,20123,20112,1900,22012,135
2023-03-26,Alameda,001,1643700,382559,381150,22781,403931,2203
2023-03-26,Alpine,002,1148,139,139,4,143,0
2023-03-26,Amador,005,37829,10620,10609,975,11584,98
2023-03-26,Butte,007,227075,41840,41792,10322,52114,492
2023-03-26,Calaveras,009,45235,9043,9036,645,9681,142
2023-03-26,Colusa,011,21464,4010,4005,1381,5386,23
2023-03-26,Contra Costa,013,1133247,274917,274422,22488,296910,1569
2023-03-26,Del Norte,015,27424,7952,7951,485,8436,61
2023-03-26,El Dorado,017,186661,34737,34701,4571,39272,246
2023-03-26,Fresno,019,978130,295930,295584,35116,330700,3010
2023-03-26,Glenn,021,27897,5810,5806,2025,7831,58
2023-03-26,Humboldt,023,135768,23449,23440,5946,29386,170
2023-03-26,Imperial,025,180216,70689,70547,19256,89803,980
2023-03-26,Inyo,027,18085,4791,4774,1322,6096,63
2023-03-26,Kern,029,883053,231429,230695,73881,304576,2492
2023-03-26,Kings,031,150075,63046,63014,4508,67522,485
2023-03-26,Lake,033,64148,13700,13686,1283,14969,162
2023-03-26,Lassen,035,31185,10279,10272,1067,11339,67
2023-03-26,Los Angeles,037,10098052,3505064,3501151,221182,3722333,35698
2023-03-26,Madera,039,155013,46492,46443,8920,55363,378
2023-03-26,Marin,041,260295,49520,49435,5736,55171,317
2023-03-26,Mariposa,043,17540,3367,3366,359,3725,33
2023-03-26,Mendocino,045,87422,16951,16935,4837,21772,144
2023-03-26,Merced,047,269075,77136,76912,12864,89776,903
2023-03-26,Modoc,049,8938,959,959,375,1334,11
2023-03-26,Mono,051,14174,3337,3336,303,3639,8
2023-03-26,Monterey,053,433212,98522,98451,24457,122908,806
2023-03-26,Napa,055,140530,34597,34556,1532,36088,174
2023-03-26,Nevada,057,99092,20237,20217,2340,22557,138
2023-03-26,Orange,059,3164182,715136,712690,78840,791530,8003
2023-03-26,Placer,061,380077,81625,81483,10304,91787,683
2023-03-26,Plumas,063,18699,3840,3840,462,4302,15
2023-03-26,Riverside,065,2383286,737907,736530,41886,778416,6869
2023-03-26,Sacramento,067,1510023,373623,372735,38331,411066,3548
2023-03-26,San Benito,069,59416,17742,17709,1145,18854,118
2023-03-26,San Bernardino,071,2135413,712846,711341,34790,746131,8171
2023-03-26,San Diego,073,3302833,989841,988863,81905,1070768,5820
2023-03-26,San Francisco,075,870044,198036,197525,13461,210986,1181
2023-03-26,San Joaquin,077,732212,211126,210894,17021,227915,2426
2023-03-26,San Luis Obispo,079,281455,66719,66669,8187,74856,568
2023-03-26,San Mateo,081,765935,184677,183983,11281,195264,751
2023-03-26,Santa Barbara,083,443738,112634,112545,7780,120325,765
2023-03-26,Santa Clara,085,1922200,479493,477584,21492,499076,2740
2023-03-26,Santa Cruz,087,273765,68900,68746,4017,72763,276
2023-03-26,Shasta,089,179085,36573,36537,8360,44897,607
2023-03-26,Sierra,091,2930,313,313,61,374,5
2023-03-26,Siskiyou,093,43540,5484,5481,3444,8925,96
2023-03-26,Solano,095,438530,114672,114503,8731,123234,482
2023-03-26,Sonoma,097,501317,114329,114180,5828,120008,559
2023-03-26,Stanislaus,099,539301,145848,145700,23239,168939,1845
2023-03-26,Sutter,101,95872,25852,25830,2543,28373,241
2023-03-26,Tehama,103,63373,14507,14496,3436,17932,234
2023-03-26,Trinity,105,12862,1476,1476,506,1982,25
2023-03-26,Tulare,107,460477,128975,128856,40724,169580,1583
2023-03-26,Tuolumne,109,53932,16980,16971,1014,17985,211
2023-03-26,Ventura,111,848112,221687,221498,18213,239711,1683
2023-03-26,Yolo,113,214977,50303,50227,4964,55191,448
2023-03-26,Yuba,115,75493,20122,20112,1900,22012,135
2023-03-25,Alameda,001,1643700,382512,381150,22781,403931,2203
2023-03-25,Alpine,002,1148,139,139,4,143,0
2023-03-25,Amador,005,37829,10620,10609,975,11584,98
2023-03-25,Butte,007,227075,41836,41792,10322,52114,492
2023-03-25,Calaveras,009,45235,9043,9036,645,9681,142
2023-03-25,Colusa,011,21464,4009,4005,1381,5386,23
2023-03-25,Contra Costa,013,1133247,274885,274422,22488,296910,1569
2023-03-25,Del Norte,015,27424,7951,7951,485,8436,61
2023-03-25,El Dorado,017,186661,34734,34701,4571,39272,246
2023-03-25,Fresno,019,978130,295908,295584,35116,330700,3010
2023-03-25,Glenn,021,27897,5809,5806,2025,7831,58
2023-03-25,Humboldt,023,135768,23449,23440,5946,29386,170
2023-03-25,Imperial,025,180216,70681,70547,19256,89803,980
2023-03-25,Inyo,027,18085,4789,4774,1322,6096,63
2023-03-25,Kern,029,883053,231416,230695,73881,304576,2492
2023-03-25,Kings,031,150075,63042,63014,4508,67522,485
2023-03-25,Lake,033,64148,13700,13686,1283,14969,162
2023-03-25,Lassen,035,31185,10279,10272,1067,11339,67
2023-03-25,Los Angeles,037,10098052,3504838,3501151,221158,3722309,35698
2023-03-25,Madera,039,155013,46487,46443,8920,55363,378
2023-03-25,Marin,041,260295,49515,49435,5736,55171,317
2023-03-25,Mariposa,043,17540,3367,3366,359,3725,33
2023-03-25,Mendocino,045,87422,16948,16935,4837,21772,144
2023-03-25,Merced,047,269075,77123,76912,12864,89776,903
2023-03-25,Modoc,049,8938,959,959,375,1334,11
2023-03-25,Mono,051,14174,3336,3336,303,3639,8
2023-03-25,Monterey,053,433212,98517,98451,24457,122908,806
2023-03-25,Napa,055,140530,34596,34556,1532,36088,174
2023-03-25,Nevada,057,99092,20235,20217,2340,22557,138
2023-03-25,Orange,059,3164182,715071,712690,78840,791530,8003
2023-03-25,Placer,061,380077,81614,81483,10304,91787,683
2023-03-25,Plumas,063,18699,3839,3840,462,4302,15
2023-03-25,Riverside,065,2383286,737860,736530,41886,778416,6869
2023-03-25,Sacramento,067,1510023,373588,372735,38331,411066,3548
2023-03-25,San Benito,069,59416,17740,17709,1145,18854,118
2023-03-25,San Bernardino,071,2135413,712808,711341,34790,746131,8171
2023-03-25,San Diego,073,3302833,989779,988863,81901,1070764,5820
2023-03-25,San Francisco,075,870044,197998,197525,13461,210986,1181
2023-03-25,San Joaquin,077,732212,211103,210894,17020,227914,2426
2023-03-25,San Luis Obispo,079,281455,66710,66669,8187,74856,568
2023-03-25,San Mateo,081,765935,184654,183983,11281,195264,751
2023-03-25,Santa Barbara,083,443738,112623,112545,7780,120325,765
2023-03-25,Santa Clara,085,1922200,479427,477584,21492,499076,2740
2023-03-25,Santa Cruz,087,273765,68892,68746,4017,72763,276
2023-03-25,Shasta,089,179085,36571,36537,8360,44897,607
2023-03-25,Sierra,091,2930,313,313,61,374,5
2023-03-25,Siskiyou,093,43540,5484,5481,3444,8925,96
2023-03-25,Solano,095,438530,114661,114503,8731,123234,482
2023-03-25,Sonoma,097,501317,114312,114180,5828,120008,559
2023-03-25,Stanislaus,099,539301,145834,145700,23236,168936,1845
2023-03-25,Sutter,101,95872,25851,25830,2543,28373,241
2023-03-25,Tehama,103,63373,14507,14496,3436,17932,234
2023-03-25,Trinity,105,12862,1476,1476,506,1982,25
2023-03-25,Tulare,107,460477,128959,128856,40723,169579,1583
2023-03-25,Tuolumne,109,53932,16980,16971,1014,17985,211
2023-03-25,Ventura,111,848112,221672,221498,18213,239711,1683
2023-03-25,Yolo,113,214977,50297,50227,4964,55191,448
2023-03-25,Yuba,115,75493,20122,20112,1900,22012,135
2023-03-24,Alameda,001,1643700,382457,381150,22781,403931,2203
2023-03-24,Alpine,002,1148,139,139,4,143,0
2023-03-24,Amador,005,37829,10619,10609,975,11584,98
2023-03-24,Butte,007,227075,41834,41792,10322,52114,492
2023-03-24,Calaveras,009,45235,9041,9036,645,9681,142
2023-03-24,Colusa,011,21464,4009,4005,1381,5386,23
2023-03-24,Contra Costa,013,1133247,274853,274422,22488,296910,1569
2023-03-24,Del Norte,015,27424,7950,7951,485,8436,61
2023-03-24,El Dorado,017,186661,34732,34701,4571,39272,246
2023-03-24,Fresno,019,978130,295870,295584,35116,330700,3010
2023-03-24,Glenn,021,27897,5808,5806,2025,7831,58
2023-03-24,Humboldt,023,135768,23448,23440,5946,29386,170
2023-03-24,Imperial,025,180216,70670,70547,19256,89803,980
2023-03-24,Inyo,027,18085,4789,4774,1322,6096,63
2023-03-24,Kern,029,883053,231396,230695,73880,304575,2492
2023-03-24,Kings,031,150075,63039,63014,4508,67522,485
2023-03-24,Lake,033,64148,13700,13686,1283,14969,162
2023-03-24,Lassen,035,31185,10279,10272,1067,11339,67
2023-03-24,Los Angeles,037,10098052,3504629,3501151,221132,3722283,35698
2023-03-24,Madera,039,155013,46482,46443,8920,55363,378
2023-03-24,Marin,041,260295,49507,49435,5736,55171,317
2023-03-24,Mariposa,043,17540,3367,3366,359,3725,33
2023-03-24,Mendocino,045,87422,16946,16935,4837,21772,144
2023-03-24,Merced,047,269075,77114,76912,12864,89776,903
2023-03-24,Modoc,049,8938,959,959,375,1334,11
2023-03-24,Mono,051,14174,3336,3336,303,3639,8
2023-03-24,Monterey,053,433212,98513,98451,24457,122908,806
2023-03-24,Napa,055,140530,34593,34556,1532,36088,174
2023-03-24,Nevada,057,99092,20233,20217,2340,22557,138
2023-03-24,Orange,059,3164182,715009,712690,78840,791530,8003
2023-03-24,Placer,061,380077,81602,81483,10304,91787,683
2023-03-24,Plumas,063,18699,3839,3840,462,4302,15
2023-03-24,Riverside,065,2383286,737816,736530,41885,778415,6869
2023-03-24,Sacramento,067,1510023,373549,372735,38331,411066,3548
2023-03-24,San Benito,069,59416,17739,17709,1145,18854,118
2023-03-24,San Bernardino,071,2135413,712765,711341,34790,746131,8171
2023-03-24,San Diego,073,3302833,989700,988863,81895,1070758,5820
2023-03-24,San Francisco,075,870044,197958,197525,13461,210986,1181
2023-03-24,San Joaquin,077,732212,211078,210894,17019,227913,2426
2023-03-24,San Luis Obispo,079,281455,66708,66669,8187,74856,568
2023-03-24,San Mateo,081,765935,184625,183983,11281,195264,751
2023-03-24,Santa Barbara,083,443738,112610,112545,7780,120325,765
2023-03-24,Santa Clara,085,1922200,479367,477584,21492,499076,2740
2023-03-24,Santa Cruz,087,273765,68884,68746,4017,72763,276
2023-03-24,Shasta,089,179085,36571,36537,8360,44897,607
2023-03-24,Sierra,091,2930,313,313,61,374,5
2023-03-24,Siskiyou,093,43540,5484,5481,3444,8925,96
2023-03-24,Solano,095,438530,114652,114503,8731,123234,482
2023-03-24,Sonoma,097,501317,114295,114180,5828,120008,559
2023-03-24,Stanislaus,099,539301,145822,145700,23233,168933,1845
2023-03-24,Sutter,101,95872,25846,25830,2543,28373,241
2023-03-24,Tehama,103,63373,14506,14496,3436,17932,234
2023-03-24,Trinity,105,12862,1476,1476,506,1982,25
2023-03-24,Tulare,107,460477,128950,128856,40722,169578,1583
2023-03-24,Tuolumne,109,53932,16980,16971,1014,17985,211
2023-03-24,Ventura,111,848112,221662,221498,18213,239711,1683
2023-03-24,Yolo,113,214977,50285,50227,4964,55191,448
2023-03-24,Yuba,115,75493,20119,20112,1900,22012,135
2023-03-23,Alameda,001,1643700,382374,381150,22781,403931,2203
2023-03-23,Alpine,002,1148,139,139,4,143,0
2023-03-23,Amador,005,37829,10617,10609,975,11584,98
2023-03-23,Butte,007,227075,41827,41792,10322,52114,492
2023-03-23,Calaveras,009,45235,9040,9036,645,9681,142
2023-03-23,Colusa,011,21464,4009,4005,1380,5385,23
2023-03-23,Contra Costa,013,1133247,274784,274422,22488,296910,1569
2023-03-23,Del Norte,015,27424,7950,7951,485,8436,61
2023-03-23,El Dorado,017,186661,34730,34701,4571,39272,246
2023-03-23,Fresno,019,978130,295840,295584,35116,330700,3010
2023-03-23,Glenn,021,27897,5807,5806,2025,7831,58
2023-03-23,Humboldt,023,135768,23446,23440,5945,29385,170
2023-03-23,Imperial,025,180216,70653,70547,19256,89803,980
2023-03-23,Inyo,027,18085,4788,4774,1322,6096,63
2023-03-23,Kern,029,883053,231377,230695,73878,304573,2492
2023-03-23,Kings,031,150075,63033,63014,4508,67522,485
2023-03-23,Lake,033,64148,13700,13686,1283,14969,162
2023-03-23,Lassen,035,31185,10278,10272,1067,11339,67
2023-03-23,Los Angeles,037,10098052,3504291,3501151,221111,3722262,35698
2023-03-23,Madera,039,155013,46481,46443,8920,55363,378
2023-03-23,Marin,041,260295,49492,49435,5734,55169,317
2023-03-23,Mariposa,043,17540,3367,3366,359,3725,33
2023-03-23,Mendocino,045,87422,16945,16935,4837,21772,144
2023-03-23,Merced,047,269075,77105,76912,12864,89776,903
2023-03-23,Modoc,049,8938,959,959,375,1334,11
2023-03-23,Mono,051,14174,3336,3336,303,3639,8
2023-03-23,Monterey,053,433212,98509,98451,24457,122908,806
2023-03-23,Napa,055,140530,34583,34556,1532,36088,174
2023-03-23,Nevada,057,99092,20232,20217,2340,22557,138
2023-03-23,Orange,059,3164182,714920,712690,78840,791530,8003
2023-03-23,Placer,061,380077,81584,81483,10302,91785,683
2023-03-23,Plumas,063,18699,3839,3840,462,4302,15
2023-03-23,Riverside,065,2383286,737750,736530,41885,778415,6869
2023-03-23,Sacramento,067,1510023,373476,372735,38331,411066,3548
2023-03-23,San Benito,069,59416,17737,17709,1145,18854,118
2023-03-23,San Bernardino,071,2135413,712718,711341,34790,746131,8171
2023-03-23,San Diego,073,3302833,989560,988863,81884,1070747,5820
2023-03-23,San Francisco,075,870044,197909,197525,13460,210985,1181
2023-03-23,San Joaquin,077,732212,211043,210894,17016,227910,2426
2023-03-23,San Luis Obispo,079,281455,66705,66669,8187,74856,568
2023-03-23,San Mateo,081,765935,184581,183983,11281,195264,751
2023-03-23,Santa Barbara,083,443738,112599,112545,7780,120325,765
2023-03-23,Santa Clara,085,1922200,479269,477584,21492,499076,2740
2023-03-23,Santa Cruz,087,273765,68863,68746,4017,72763,276
2023-03-23,Shasta,089,179085,36570,36537,8360,44897,607
2023-03-23,Sierra,091,2930,313,313,61,374,5
2023-03-23,Siskiyou,093,43540,5484,5481,3444,8925,96
2023-03-23,Solano,095,438530,114619,114503,8730,123233,482
2023-03-23,Sonoma,097,501317,114276,114180,5828,120008,559
2023-03-23,Stanislaus,099,539301,145800,145700,23231,168931,1845
2023-03-23,Sutter,101,95872,25844,25830,2543,28373,241
2023-03-23,Tehama,103,63373,14504,14496,3435,17931,234
2023-03-23,Trinity,105,12862,1476,1476,506,1982,25
2023-03-23,Tulare,107,460477,128941,128856,40721,169577,1583
2023-03-23,Tuolumne,109,53932,16976,16971,1014,17985,211
2023-03-23,Ventura,111,848112,221641,221498,18213,239711,1683
2023-03-23,Yolo,113,214977,50274,50227,4964,55191,448
2023-03-23,Yuba,115,75493,20118,20112,1900,22012,135
2023-03-22,Alameda,001,1643700,382275,381150,22781,403931,2203
2023-03-22,Alpine,002,1148,139,139,4,143,0
2023-03-22,Amador,005,37829,10617,10609,975,11584,98
2023-03-22,Butte,007,227075,41822,41792,10322,52114,492
2023-03-22,Calaveras,009,45235,9039,9036,645,9681,142
2023-03-22,Colusa,011,21464,4009,4005,1380,5385,23
2023-03-22,Contra Costa,013,1133247,274733,274422,22488,296910,1569
2023-03-22,Del Norte,015,27424,7948,7951,485,8436,61
2023-03-22,El Dorado,017,186661,34727,34701,4571,39272,246
2023-03-22,Fresno,019,978130,295801,295584,35116,330700,3010
2023-03-22,Glenn,021,27897,5806,5806,2025,7831,58
2023-03-22,Humboldt,023,135768,23444,23440,5945,29385,170
2023-03-22,Imperial,025,180216,70636,70547,19256,89803,980
2023-03-22,Inyo,027,18085,4788,4774,1322,6096,63
2023-03-22,Kern,029,883053,231345,230695,73869,304564,2492
2023-03-22,Kings,031,150075,63028,63014,4508,67522,485
2023-03-22,Lake,033,64148,13695,13686,1283,14969,162
2023-03-22,Lassen,035,31185,10277,10272,1067,11339,67
2023-03-22,Los Angeles,037,10098052,3503896,3501151,221071,3722222,35698
2023-03-22,Madera,039,155013,46476,46443,8920,55363,378
2023-03-22,Marin,041,260295,49482,49435,5734,55169,317
2023-03-22,Mariposa,043,17540,3367,3366,359,3725,33
2023-03-22,Mendocino,045,87422,16943,16935,4837,21772,144
2023-03-22,Merced,047,269075,77092,76912,12864,89776,903
2023-03-22,Modoc,049,8938,959,959,375,1334,11
2023-03-22,Mono,051,14174,3336,3336,303,3639,8
2023-03-22,Monterey,053,433212,98501,98451,24455,122906,806
2023-03-22,Napa,055,140530,34579,34556,1532,36088,174
2023-03-22,Nevada,057,99092,20229,20217,2340,22557,138
2023-03-22,Orange,059,3164182,714824,712690,78840,791530,8003
2023-03-22,Placer,061,380077,81570,81483,10299,91782,683
2023-03-22,Plumas,063,18699,3839,3840,462,4302,15
2023-03-22,Riverside,065,2383286,737671,736530,41884,778414,6869
2023-03-22,Sacramento,067,1510023,373424,372735,38331,411066,3548
2023-03-22,San Benito,069,59416,17732,17709,1145,18854,118
2023-03-22,San Bernardino,071,2135413,712649,711341,34790,746131,8171
2023-03-22,San Diego,073,3302833,989404,988863,81870,1070733,5820
2023-03-22,San Francisco,075,870044,197841,197525,13460,210985,1181
2023-03-22,San Joaquin,077,732212,211007,210894,17015,227909,2426
2023-03-22,San Luis Obispo,079,281455,66696,66669,8187,74856,568
2023-03-22,San Mateo,081,765935,184555,183983,11281,195264,751
2023-03-22,Santa Barbara,083,443738,112593,112545,7780,120325,765
2023-03-22,Santa Clara,085,1922200,479158,477584,21492,499076,2740
2023-03-22,Santa Cruz,087,273765,68842,68746,4017,72763,276
2023-03-22,Shasta,089,179085,36570,36537,8360,44897,607
2023-03-22,Sierra,091,2930,313,313,61,374,5
2023-03-22,Siskiyou,093,43540,5484,5481,3444,8925,96
2023-03-22,Solano,095,438530,114596,114503,8730,123233,482
2023-03-22,Sonoma,097,501317,114256,114180,5828,120008,559
2023-03-22,Stanislaus,099,539301,145780,145700,23230,168930,1845
2023-03-22,Sutter,101,95872,25838,25830,2543,28373,241
2023-03-22,Tehama,103,63373,14504,14496,3435,17931,234
2023-03-22,Trinity,105,12862,1476,1476,506,1982,25
2023-03-22,Tulare,107,460477,128921,128856,40717,169573,1583
2023-03-22,Tuolumne,109,53932,16975,16971,1014,17985,211
2023-03-22,Ventura,111,848112,221618,221498,18213,239711,1683
2023-03-22,Yolo,113,214977,50270,50227,4964,55191,448
2023-03-22,Yuba,115,75493,20115,20112,1897,22009,135
2023-03-21,Alameda,001,1643700,382177,381150,22781,403931,2203
2023-03-21,Alpine,002,1148,139,139,4,143,0
2023-03-21,Amador,005,37829,10615,10609,975,11584,98
2023-03-21,Butte,007,227075,41819,41792,10322,52114,492
2023-03-21,Calaveras,009,45235,9039,9036,645,9681,142
2023-03-21,Colusa,011,21464,4008,4005,1380,5385,23
2023-03-21,Contra Costa,013,1133247,274664,274422,22488,296910,1569
2023-03-21,Del Norte,015,27424,7947,7951,485,8436,61
2023-03-21,El Dorado,017,186661,34719,34701,4571,39272,246
2023-03-21,Fresno,019,978130,295766,295584,35116,330700,3010
2023-03-21,Glenn,021,27897,5805,5806,2025,7831,58
2023-03-21,Humboldt,023,135768,23444,23440,5945,29385,170
2023-03-21,Imperial,025,180216,70604,70547,19256,89803,980
2023-03-21,Inyo,027,18085,4785,4774,1322,6096,63
2023-03-21,Kern,029,883053,231308,230695,73845,304540,2492
2023-03-21,Kings,031,150075,63022,63014,4508,67522,485
2023-03-21,Lake,033,64148,13692,13686,1283,14969,162
2023-03-21,Lassen,035,31185,10274,10272,1067,11339,67
2023-03-21,Los Angeles,037,10098052,3503526,3501151,220999,3722150,35698
2023-03-21,Madera,039,155013,46471,46443,8920,55363,378
2023-03-21,Marin,041,260295,49467,49435,5733,55168,317
2023-03-21,Mariposa,043,17540,3367,3366,359,3725,33
2023-03-21,Mendocino,045,87422,16941,16935,4837,21772,144
2023-03-21,Merced,047,269075,77078,76912,12864,89776,903
2023-03-21,Modoc,049,8938,959,959,375,1334,11
2023-03-21,Mono,051,14174,3336,3336,303,3639,8
2023-03-21,Monterey,053,433212,98492,98451,24454,122905,806
2023-03-21,Napa,055,140530,34573,34556,1532,36088,174
2023-03-21,Nevada,057,99092,20227,20217,2340,22557,138
2023-03-21,Orange,059,3164182,714717,712690,78840,791530,8003
2023-03-21,Placer,061,380077,81554,81483,10299,91782,683
2023-03-21,Plumas,063,18699,3839,3840,462,4302,15
2023-03-21,Riverside,065,2383286,737576,736530,41883,778413,6869
2023-03-21,Sacramento,067,1510023,373350,372735,38331,411066,3548
2023-03-21,San Benito,069,59416,17728,17709,1145,18854,118
2023-03-21,San Bernardino,071,2135413,712599,711341,34790,746131,8171
2023-03-21,San Diego,073,3302833,989260,988863,81840,1070703,5820
2023-03-21,San Francisco,075,870044,197791,197525,13460,210985,1181
2023-03-21,San Joaquin,077,732212,210968,210894,17010,227904,2426
2023-03-21,San Luis Obispo,079,281455,66694,66669,8186,74855,568
2023-03-21,San Mateo,081,765935,184513,183983,11281,195264,751
2023-03-21,Santa Barbara,083,443738,112578,112545,7780,120325,765
2023-03-21,Santa Clara,085,1922200,479068,477584,21492,499076,2740
2023-03-21,Santa Cruz,087,273765,68824,68746,4017,72763,276
2023-03-21,Shasta,089,179085,36564,36537,8360,44897,607
2023-03-21,Sierra,091,2930,313,313,61,374,5
2023-03-21,Siskiyou,093,43540,5484,5481,3444,8925,96
2023-03-21,Solano,095,438530,114563,114503,8730,123233,482
2023-03-21,Sonoma,097,501317,114230,114180,5828,120008,559
2023-03-21,Stanislaus,099,539301,145766,145700,23228,168928,1845
2023-03-21,Sutter,101,95872,25831,25830,2543,28373,241
2023-03-21,Tehama,103,63373,14503,14496,3435,17931,234
2023-03-21,Trinity,105,12862,1476,1476,506,1982,25
2023-03-21,Tulare,107,460477,128907,128856,40715,169571,1583
2023-03-21,Tuolumne,109,53932,16974,16971,1014,17985,211
2023-03-21,Ventura,111,848112,221598,221498,18213,239711,1683
2023-03-21,Yolo,113,214977,50262,50227,4964,55191,448
2023-03-21,Yuba,115,75493,20111,20112,1897,22009,135
2023-03-20,Alameda,001,1643700,382086,380370,22779,403149,2193
2023-03-20,Alpine,002,1148,139,139,4,143,0
2023-03-20,Amador,005,37829,10613,10601,975,11576,99
2023-03-20,Butte,007,227075,41814,41747,10321,52068,491
2023-03-20,Calaveras,009,45235,9038,9027,645,9672,140
2023-03-20,Colusa,011,21464,4006,4003,1380,5383,22
2023-03-20,Contra Costa,013,1133247,274592,273918,22488,296406,1564
2023-03-20,Del Norte,015,27424,7947,7944,485,8429,60
2023-03-20,El Dorado,017,186661,34715,34661,4571,39232,245
2023-03-20,Fresno,019,978130,295715,295109,35116,330225,3003
2023-03-20,Glenn,021,27897,5805,5798,2023,7821,58
2023-03-20,Humboldt,023,135768,23440,23401,5945,29346,170
2023-03-20,Imperial,025,180216,70574,70339,19256,89595,978
2023-03-20,Inyo,027,18085,4781,4769,1322,6091,63
2023-03-20,Kern,029,883053,231281,230440,73808,304248,2485
2023-03-20,Kings,031,150075,63015,62966,4508,67474,481
2023-03-20,Lake,033,64148,13689,13672,1283,14955,160
2023-03-20,Lassen,035,31185,10273,10264,1067,11331,66
2023-03-20,Los Angeles,037,10098052,3503086,3497355,220923,3718278,35618
2023-03-20,Madera,039,155013,46464,46384,8920,55304,378
2023-03-20,Marin,041,260295,49447,49333,5731,55064,317
2023-03-20,Mariposa,043,17540,3367,3364,359,3723,33
2023-03-20,Mendocino,045,87422,16940,16927,4837,21764,144
2023-03-20,Merced,047,269075,77058,76802,12864,89666,903
2023-03-20,Modoc,049,8938,959,958,375,1333,11
2023-03-20,Mono,051,14174,3336,3332,303,3635,8
2023-03-20,Monterey,053,433212,98486,98385,24450,122835,804
2023-03-20,Napa,055,140530,34564,34526,1532,36058,170
2023-03-20,Nevada,057,99092,20218,20193,2340,22533,138
2023-03-20,Orange,059,3164182,714619,711799,78838,790637,7982
2023-03-20,Placer,061,380077,81541,81348,10299,91647,682
2023-03-20,Plumas,063,18699,3839,3835,462,4297,15
2023-03-20,Riverside,065,2383286,737478,735836,41882,777718,6854
2023-03-20,Sacramento,067,1510023,373277,372164,38331,410495,3535
2023-03-20,San Benito,069,59416,17724,17674,1145,18819,118
2023-03-20,San Bernardino,071,2135413,712516,710710,34789,745499,8170
2023-03-20,San Diego,073,3302833,989120,987731,81807,1069538,5810
2023-03-20,San Francisco,075,870044,197739,197071,13460,210531,1180
2023-03-20,San Joaquin,077,732212,210935,210560,17010,227570,2422
2023-03-20,San Luis Obispo,079,281455,66685,66604,8186,74790,564
2023-03-20,San Mateo,081,765935,184474,183649,11281,194930,751
2023-03-20,Santa Barbara,083,443738,112569,112433,7780,120213,764
2023-03-20,Santa Clara,085,1922200,478942,476757,21492,498249,2732
2023-03-20,Santa Cruz,087,273765,68797,68613,4016,72629,276
2023-03-20,Shasta,089,179085,36560,36511,8360,44871,607
2023-03-20,Sierra,091,2930,313,311,61,372,5
2023-03-20,Siskiyou,093,43540,5483,5477,3444,8921,96
2023-03-20,Solano,095,438530,114541,114323,8730,123053,482
2023-03-20,Sonoma,097,501317,114201,113981,5828,119809,559
2023-03-20,Stanislaus,099,539301,145729,145514,23224,168738,1845
2023-03-20,Sutter,101,95872,25826,25794,2543,28337,243
2023-03-20,Tehama,103,63373,14503,14477,3435,17912,234
2023-03-20,Trinity,105,12862,1476,1476,506,1982,25
2023-03-20,Tulare,107,460477,128893,128711,40713,169424,1581
2023-03-20,Tuolumne,109,53932,16973,16944,1014,17958,203
2023-03-20,Ventura,111,848112,221571,221293,18213,239506,1681
2023-03-20,Yolo,113,214977,50247,50166,4964,55130,446
2023-03-20,Yuba,115,75493,20110,20085,1896,21981,135
2023-03-19,Alameda,001,1643700,381961,380370,22772,403142,2193
2023-03-19,Alpine,002,1148,139,139,4,143,0
2023-03-19,Amador,005,37829,10607,10601,975,11576,99
2023-03-19,Butte,007,227075,41808,41747,10318,52065,491
2023-03-19,Calaveras,009,45235,9035,9027,645,9672,140
2023-03-19,Colusa,011,21464,4005,4003,1379,5382,22
2023-03-19,Contra Costa,013,1133247,274515,273918,22486,296404,1564
2023-03-19,Del Norte,015,27424,7947,7944,485,8429,60
2023-03-19,El Dorado,017,186661,34703,34661,4571,39232,245
2023-03-19,Fresno,019,978130,295660,295109,35109,330218,3003
2023-03-19,Glenn,021,27897,5805,5798,2023,7821,58
2023-03-19,Humboldt,023,135768,23439,23401,5945,29346,170
2023-03-19,Imperial,025,180216,70542,70339,19228,89567,978
2023-03-19,Inyo,027,18085,4776,4769,1318,6087,63
2023-03-19,Kern,029,883053,231250,230440,73783,304223,2485
2023-03-19,Kings,031,150075,63015,62966,4506,67472,481
2023-03-19,Lake,033,64148,13688,13672,1283,14955,160
2023-03-19,Lassen,035,31185,10273,10264,1067,11331,66
2023-03-19,Los Angeles,037,10098052,3502572,3497355,220828,3718183,35618
2023-03-19,Madera,039,155013,46455,46384,8920,55304,378
2023-03-19,Marin,041,260295,49438,49333,5730,55063,317
2023-03-19,Mariposa,043,17540,3366,3364,359,3723,33
2023-03-19,Mendocino,045,87422,16936,16927,4837,21764,144
2023-03-19,Merced,047,269075,77031,76802,12862,89664,903
2023-03-19,Modoc,049,8938,958,958,375,1333,11
2023-03-19,Mono,051,14174,3336,3332,303,3635,8
2023-03-19,Monterey,053,433212,98481,98385,24443,122828,804
2023-03-19,Napa,055,140530,34559,34526,1532,36058,170
2023-03-19,Nevada,057,99092,20215,20193,2340,22533,138
2023-03-19,Orange,059,3164182,714503,711799,78815,790614,7982
2023-03-19,Placer,061,380077,81519,81348,10297,91645,682
2023-03-19,Plumas,063,18699,3839,3835,462,4297,15
2023-03-19,Riverside,065,2383286,737374,735836,41874,777710,6854
2023-03-19,Sacramento,067,1510023,373200,372164,38315,410479,3535
2023-03-19,San Benito,069,59416,17704,17674,1143,18817,118
2023-03-19,San Bernardino,071,2135413,712428,710710,34774,745484,8170
2023-03-19,San Diego,073,3302833,988934,987731,81767,1069498,5810
2023-03-19,San Francisco,075,870044,197656,197071,13457,210528,1180
2023-03-19,San Joaquin,077,732212,210886,210560,17008,227568,2422
2023-03-19,San Luis Obispo,079,281455,66675,66604,8183,74787,564
2023-03-19,San Mateo,081,765935,184420,183649,11278,194927,751
2023-03-19,Santa Barbara,083,443738,112552,112433,7777,120210,764
2023-03-19,Santa Clara,085,1922200,478835,476757,21487,498244,2732
2023-03-19,Santa Cruz,087,273765,68766,68613,4015,72628,276
2023-03-19,Shasta,089,179085,36559,36511,8359,44870,607
2023-03-19,Sierra,091,2930,313,311,61,372,5
2023-03-19,Siskiyou,093,43540,5482,5477,3444,8921,96
2023-03-19,Solano,095,438530,114502,114323,8728,123051,482
2023-03-19,Sonoma,097,501317,114172,113981,5826,119807,559
2023-03-19,Stanislaus,099,539301,145700,145514,23218,168732,1845
2023-03-19,Sutter,101,95872,25819,25794,2543,28337,243
2023-03-19,Tehama,103,63373,14502,14477,3434,17911,234
2023-03-19,Trinity,105,12862,1476,1476,506,1982,25
2023-03-19,Tulare,107,460477,128874,128711,40705,169416,1581
2023-03-19,Tuolumne,109,53932,16972,16944,1014,17958,203
2023-03-19,Ventura,111,848112,221548,221293,18212,239505,1681
2023-03-19,Yolo,113,214977,50239,50166,4963,55129,446
2023-03-19,Yuba,115,75493,20107,20085,1895,21980,135
2023-03-18,Alameda,001,1643700,381893,380370,22767,403137,2193
2023-03-18,Alpine,002,1148,139,139,4,143,0
2023-03-18,Amador,005,37829,10605,10601,975,11576,99
2023-03-18,Butte,007,227075,41804,41747,10315,52062,491
2023-03-18,Calaveras,009,45235,9034,9027,645,9672,140
2023-03-18,Colusa,011,21464,4004,4003,1379,5382,22
2023-03-18,Contra Costa,013,1133247,274470,273918,22485,296403,1564
2023-03-18,Del Norte,015,27424,7947,7944,484,8428,60
2023-03-18,El Dorado,017,186661,34700,34661,4570,39231,245
2023-03-18,Fresno,019,978130,295618,295109,35109,330218,3003
2023-03-18,Glenn,021,27897,5804,5798,2023,7821,58
2023-03-18,Humboldt,023,135768,23439,23401,5945,29346,170
2023-03-18,Imperial,025,180216,70533,70339,19227,89566,978
2023-03-18,Inyo,027,18085,4776,4769,1318,6087,63
2023-03-18,Kern,029,883053,231235,230440,73761,304201,2485
2023-03-18,Kings,031,150075,63012,62966,4506,67472,481
2023-03-18,Lake,033,64148,13688,13672,1283,14955,160
2023-03-18,Lassen,035,31185,10273,10264,1067,11331,66
2023-03-18,Los Angeles,037,10098052,3502332,3497355,220780,3718135,35618
2023-03-18,Madera,039,155013,46449,46384,8920,55304,378
2023-03-18,Marin,041,260295,49430,49333,5729,55062,317
2023-03-18,Mariposa,043,17540,3366,3364,359,3723,33
2023-03-18,Mendocino,045,87422,16936,16927,4837,21764,144
2023-03-18,Merced,047,269075,77023,76802,12862,89664,903
2023-03-18,Modoc,049,8938,958,958,375,1333,11
2023-03-18,Mono,051,14174,3336,3332,303,3635,8
2023-03-18,Monterey,053,433212,98477,98385,24435,122820,804
2023-03-18,Napa,055,140530,34557,34526,1532,36058,170
2023-03-18,Nevada,057,99092,20214,20193,2338,22531,138
2023-03-18,Orange,059,3164182,714419,711799,78805,790604,7982
2023-03-18,Placer,061,380077,81513,81348,10297,91645,682
2023-03-18,Plumas,063,18699,3839,3835,462,4297,15
2023-03-18,Riverside,065,2383286,737326,735836,41865,777701,6854
2023-03-18,Sacramento,067,1510023,373155,372164,38313,410477,3535
2023-03-18,San Benito,069,59416,17700,17674,1143,18817,118
2023-03-18,San Bernardino,071,2135413,712383,710710,34773,745483,8170
2023-03-18,San Diego,073,3302833,988837,987731,81761,1069492,5810
2023-03-18,San Francisco,075,870044,197617,197071,13454,210525,1180
2023-03-18,San Joaquin,077,732212,210880,210560,17007,227567,2422
2023-03-18,San Luis Obispo,079,281455,66670,66604,8183,74787,564
2023-03-18,San Mateo,081,765935,184388,183649,11278,194927,751
2023-03-18,Santa Barbara,083,443738,112541,112433,7777,120210,764
2023-03-18,Santa Clara,085,1922200,478748,476757,21484,498241,2732
2023-03-18,Santa Cruz,087,273765,68756,68613,4015,72628,276
2023-03-18,Shasta,089,179085,36556,36511,8359,44870,607
2023-03-18,Sierra,091,2930,313,311,61,372,5
2023-03-18,Siskiyou,093,43540,5482,5477,3444,8921,96
2023-03-18,Solano,095,438530,114484,114323,8725,123048,482
2023-03-18,Sonoma,097,501317,114158,113981,5826,119807,559
2023-03-18,Stanislaus,099,539301,145680,145514,23215,168729,1845
2023-03-18,Sutter,101,95872,25813,25794,2543,28337,243
2023-03-18,Tehama,103,63373,14502,14477,3434,17911,234
2023-03-18,Trinity,105,12862,1476,1476,506,1982,25
2023-03-18,Tulare,107,460477,128865,128711,40699,169410,1581
2023-03-18,Tuolumne,109,53932,16969,16944,1014,17958,203
2023-03-18,Ventura,111,848112,221522,221293,18211,239504,1681
2023-03-18,Yolo,113,214977,50234,50166,4963,55129,446
2023-03-18,Yuba,115,75493,20105,20085,1895,21980,135
2023-03-17,Alameda,001,1643700,381819,380370,22765,403135,2193
2023-03-17,Alpine,002,1148,139,139,4,143,0
2023-03-17,Amador,005,37829,10602,10601,975,11576,99
2023-03-17,Butte,007,227075,41799,41747,10314,52061,491
2023-03-17,Calaveras,009,45235,9033,9027,645,9672,140
2023-03-17,Colusa,011,21464,4003,4003,1378,5381,22
2023-03-17,Contra Costa,013,1133247,274422,273918,22485,296403,1564
2023-03-17,Del Norte,015,27424,7947,7944,484,8428,60
2023-03-17,El Dorado,017,186661,34699,34661,4570,39231,245
2023-03-17,Fresno,019,978130,295571,295109,35108,330217,3003
2023-03-17,Glenn,021,27897,5803,5798,2022,7820,58
2023-03-17,Humboldt,023,135768,23436,23401,5945,29346,170
2023-03-17,Imperial,025,180216,70524,70339,19226,89565,978
2023-03-17,Inyo,027,18085,4775,4769,1317,6086,63
2023-03-17,Kern,029,883053,231218,230440,73746,304186,2485
2023-03-17,Kings,031,150075,63009,62966,4506,67472,481
2023-03-17,Lake,033,64148,13688,13672,1283,14955,160
2023-03-17,Lassen,035,31185,10273,10264,1067,11331,66
2023-03-17,Los Angeles,037,10098052,3501991,3497355,220728,3718083,35618
2023-03-17,Madera,039,155013,46443,46384,8920,55304,378
2023-03-17,Marin,041,260295,49424,49333,5726,55059,317
2023-03-17,Mariposa,043,17540,3366,3364,359,3723,33
2023-03-17,Mendocino,045,87422,16933,16927,4837,21764,144
2023-03-17,Merced,047,269075,77016,76802,12862,89664,903
2023-03-17,Modoc,049,8938,958,958,375,1333,11
2023-03-17,Mono,051,14174,3335,3332,303,3635,8
2023-03-17,Monterey,053,433212,98468,98385,24434,122819,804
2023-03-17,Napa,055,140530,34552,34526,1532,36058,170
2023-03-17,Nevada,057,99092,20213,20193,2337,22530,138
2023-03-17,Orange,059,3164182,714355,711799,78782,790581,7982
2023-03-17,Placer,061,380077,81497,81348,10296,91644,682
2023-03-17,Plumas,063,18699,3839,3835,462,4297,15
2023-03-17,Riverside,065,2383286,737264,735836,41859,777695,6854
2023-03-17,Sacramento,067,1510023,373103,372164,38311,410475,3535
2023-03-17,San Benito,069,59416,17699,17674,1143,18817,118
2023-03-17,San Bernardino,071,2135413,712334,710710,34770,745480,8170
2023-03-17,San Diego,073,3302833,988743,987731,81748,1069479,5810
2023-03-17,San Francisco,075,870044,197574,197071,13452,210523,1180
2023-03-17,San Joaquin,077,732212,210860,210560,17006,227566,2422
2023-03-17,San Luis Obispo,079,281455,66666,66604,8181,74785,564
2023-03-17,San Mateo,081,765935,184365,183649,11277,194926,751
2023-03-17,Santa Barbara,083,443738,112524,112433,7777,120210,764
2023-03-17,Santa Clara,085,1922200,478651,476757,21481,498238,2732
2023-03-17,Santa Cruz,087,273765,68747,68613,4013,72626,276
2023-03-17,Shasta,089,179085,36554,36511,8358,44869,607
2023-03-17,Sierra,091,2930,312,311,61,372,5
2023-03-17,Siskiyou,093,43540,5482,5477,3444,8921,96
2023-03-17,Solano,095,438530,114477,114323,8725,123048,482
2023-03-17,Sonoma,097,501317,114141,113981,5826,119807,559
2023-03-17,Stanislaus,099,539301,145655,145514,23211,168725,1845
2023-03-17,Sutter,101,95872,25810,25794,2543,28337,243
2023-03-17,Tehama,103,63373,14497,14477,3434,17911,234
2023-03-17,Trinity,105,12862,1476,1476,506,1982,25
2023-03-17,Tulare,107,460477,128852,128711,40695,169406,1581
2023-03-17,Tuolumne,109,53932,16967,16944,1014,17958,203
2023-03-17,Ventura,111,848112,221501,221293,18209,239502,1681
2023-03-17,Yolo,113,214977,50225,50166,4959,55125,446
2023-03-17,Yuba,115,75493,20104,20085,1895,21980,135
2023-03-16,Alameda,001,1643700,381699,380370,22756,403126,2193
2023-03-16,Alpine,002,1148,139,139,4,143,0
2023-03-16,Amador,005,37829,10601,10601,975,11576,99
2023-03-16,Butte,007,227075,41792,41747,10312,52059,491
2023-03-16,Calaveras,009,45235,9032,9027,645,9672,140
2023-03-16,Colusa,011,21464,4003,4003,1378,5381,22
2023-03-16,Contra Costa,013,1133247,274381,273918,22482,296400,1564
2023-03-16,Del Norte,015,27424,7947,7944,483,8427,60
2023-03-16,El Dorado,017,186661,34695,34661,4570,39231,245
2023-03-16,Fresno,019,978130,295523,295109,35104,330213,3003
2023-03-16,Glenn,021,27897,5802,5798,2022,7820,58
2023-03-16,Humboldt,023,135768,23431,23401,5944,29345,170
2023-03-16,Imperial,025,180216,70505,70339,19216,89555,978
2023-03-16,Inyo,027,18085,4773,4769,1317,6086,63
2023-03-16,Kern,029,883053,231189,230440,73727,304167,2485
2023-03-16,Kings,031,150075,63007,62966,4504,67470,481
2023-03-16,Lake,033,64148,13686,13672,1283,14955,160
2023-03-16,Lassen,035,31185,10273,10264,1067,11331,66
2023-03-16,Los Angeles,037,10098052,3501514,3497355,220651,3718006,35618
2023-03-16,Madera,039,155013,46439,46384,8918,55302,378
2023-03-16,Marin,041,260295,49405,49333,5724,55057,317
2023-03-16,Mariposa,043,17540,3365,3364,359,3723,33
2023-03-16,Mendocino,045,87422,16933,16927,4836,21763,144
2023-03-16,Merced,047,269075,77000,76802,12860,89662,903
2023-03-16,Modoc,049,8938,958,958,375,1333,11
2023-03-16,Mono,051,14174,3334,3332,303,3635,8
2023-03-16,Monterey,053,433212,98459,98385,24426,122811,804
2023-03-16,Napa,055,140530,34544,34526,1532,36058,170
2023-03-16,Nevada,057,99092,20210,20193,2336,22529,138
2023-03-16,Orange,059,3164182,714252,711799,78751,790550,7982
2023-03-16,Placer,061,380077,81469,81348,10294,91642,682
2023-03-16,Plumas,063,18699,3839,3835,462,4297,15
2023-03-16,Riverside,065,2383286,737193,735836,41847,777683,6854
2023-03-16,Sacramento,067,1510023,373033,372164,38300,410464,3535
2023-03-16,San Benito,069,59416,17699,17674,1143,18817,118
2023-03-16,San Bernardino,071,2135413,712248,710710,34763,745473,8170
2023-03-16,San Diego,073,3302833,988585,987731,81728,1069459,5810
2023-03-16,San Francisco,075,870044,197530,197071,13445,210516,1180
2023-03-16,San Joaquin,077,732212,210816,210560,17005,227565,2422
2023-03-16,San Luis Obispo,079,281455,66661,66604,8178,74782,564
2023-03-16,San Mateo,081,765935,184325,183649,11273,194922,751
2023-03-16,Santa Barbara,083,443738,112508,112433,7773,120206,764
2023-03-16,Santa Clara,085,1922200,478534,476757,21474,498231,2732
2023-03-16,Santa Cruz,087,273765,68730,68613,4009,72622,276
2023-03-16,Shasta,089,179085,36551,36511,8355,44866,607
2023-03-16,Sierra,091,2930,312,311,61,372,5
2023-03-16,Siskiyou,093,43540,5482,5477,3444,8921,96
2023-03-16,Solano,095,438530,114448,114323,8721,123044,482
2023-03-16,Sonoma,097,501317,114098,113981,5825,119806,559
2023-03-16,Stanislaus,099,539301,145629,145514,23209,168723,1845
2023-03-16,Sutter,101,95872,25802,25794,2543,28337,243
2023-03-16,Tehama,103,63373,14495,14477,3433,17910,234
2023-03-16,Trinity,105,12862,1476,1476,506,1982,25
2023-03-16,Tulare,107,460477,128819,128711,40688,169399,1581
2023-03-16,Tuolumne,109,53932,16966,16944,1014,17958,203
2023-03-16,Ventura,111,848112,221476,221293,18206,239499,1681
2023-03-16,Yolo,113,214977,50219,50166,4957,55123,446
2023-03-16,Yuba,115,75493,20101,20085,1893,21978,135
2023-03-15,Alameda,001,1643700,381582,380370,22736,403106,2193
2023-03-15,Alpine,002,1148,139,139,4,143,0
2023-03-15,Amador,005,37829,10599,10601,975,11576,99
2023-03-15,Butte,007,227075,41787,41747,10309,52056,491
2023-03-15,Calaveras,009,45235,9031,9027,645,9672,140
2023-03-15,Colusa,011,21464,4003,4003,1378,5381,22
2023-03-15,Contra Costa,013,1133247,274309,273918,22477,296395,1564
2023-03-15,Del Norte,015,27424,7947,7944,483,8427,60
2023-03-15,El Dorado,017,186661,34691,34661,4570,39231,245
2023-03-15,Fresno,019,978130,295468,295109,35096,330205,3003
2023-03-15,Glenn,021,27897,5801,5798,2022,7820,58
2023-03-15,Humboldt,023,135768,23428,23401,5942,29343,170
2023-03-15,Imperial,025,180216,70481,70339,19198,89537,978
2023-03-15,Inyo,027,18085,4773,4769,1317,6086,63
2023-03-15,Kern,029,883053,231155,230440,73703,304143,2485
2023-03-15,Kings,031,150075,62997,62966,4503,67469,481
2023-03-15,Lake,033,64148,13683,13672,1283,14955,160
2023-03-15,Lassen,035,31185,10271,10264,1067,11331,66
2023-03-15,Los Angeles,037,10098052,3500905,3497355,220568,3717923,35618
2023-03-15,Madera,039,155013,46435,46384,8917,55301,378
2023-03-15,Marin,041,260295,49391,49333,5722,55055,317
2023-03-15,Mariposa,043,17540,3365,3364,359,3723,33
2023-03-15,Mendocino,045,87422,16933,16927,4836,21763,144
2023-03-15,Merced,047,269075,76986,76802,12859,89661,903
2023-03-15,Modoc,049,8938,958,958,375,1333,11
2023-03-15,Mono,051,14174,3332,3332,303,3635,8
2023-03-15,Monterey,053,433212,98448,98385,24406,122791,804
2023-03-15,Napa,055,140530,34542,34526,1532,36058,170
2023-03-15,Nevada,057,99092,20208,20193,2336,22529,138
2023-03-15,Orange,059,3164182,714127,711799,78722,790521,7982
2023-03-15,Placer,061,380077,81457,81348,10294,91642,682
2023-03-15,Plumas,063,18699,3839,3835,462,4297,15
2023-03-15,Riverside,065,2383286,737120,735836,41831,777667,6854
2023-03-15,Sacramento,067,1510023,372974,372164,38295,410459,3535
2023-03-15,San Benito,069,59416,17695,17674,1143,18817,118
2023-03-15,San Bernardino,071,2135413,712164,710710,34760,745470,8170
2023-03-15,San Diego,073,3302833,988418,987731,81693,1069424,5810
2023-03-15,San Francisco,075,870044,197460,197071,13440,210511,1180
2023-03-15,San Joaquin,077,732212,210757,210560,17005,227565,2422
2023-03-15,San Luis Obispo,079,281455,66657,66604,8176,74780,564
2023-03-15,San Mateo,081,765935,184282,183649,11270,194919,751
2023-03-15,Santa Barbara,083,443738,112499,112433,7772,120205,764
2023-03-15,Santa Clara,085,1922200,478432,476757,21467,498224,2732
2023-03-15,Santa Cruz,087,273765,68711,68613,4004,72617,276
2023-03-15,Shasta,089,179085,36550,36511,8355,44866,607
2023-03-15,Sierra,091,2930,312,311,61,372,5
2023-03-15,Siskiyou,093,43540,5482,5477,3444,8921,96
2023-03-15,Solano,095,438530,114414,114323,8719,123042,482
2023-03-15,Sonoma,097,501317,114072,113981,5824,119805,559
2023-03-15,Stanislaus,099,539301,145589,145514,23207,168721,1845
2023-03-15,Sutter,101,95872,25795,25794,2543,28337,243
2023-03-15,Tehama,103,63373,14495,14477,3433,17910,234
2023-03-15,Trinity,105,12862,1476,1476,506,1982,25
2023-03-15,Tulare,107,460477,128812,128711,40681,169392,1581
2023-03-15,Tuolumne,109,53932,16961,16944,1014,17958,203
2023-03-15,Ventura,111,848112,221447,221293,18204,239497,1681
2023-03-15,Yolo,113,214977,50211,50166,4955,55121,446
2023-03-15,Yuba,115,75493,20097,20085,1893,21978,135
2023-03-14,Alameda,001,1643700,381464,380370,22726,403096,2193
2023-03-14,Alpine,002,1148,139,139,4,143,0
2023-03-14,Amador,005,37829,10598,10601,975,11576,99
2023-03-14,Butte,007,227075,41778,41747,10307,52054,491
2023-03-14,Calaveras,009,45235,9029,9027,645,9672,140
2023-03-14,Colusa,011,21464,4003,4003,1378,5381,22
2023-03-14,Contra Costa,013,1133247,274233,273918,22475,296393,1564
2023-03-14,Del Norte,015,27424,7946,7944,481,8425,60
2023-03-14,El Dorado,017,186661,34682,34661,4570,39231,245
2023-03-14,Fresno,019,978130,295412,295109,35085,330194,3003
2023-03-14,Glenn,021,27897,5801,5798,2022,7820,58
2023-03-14,Humboldt,023,135768,23422,23401,5940,29341,170
2023-03-14,Imperial,025,180216,70458,70339,19182,89521,978
2023-03-14,Inyo,027,18085,4771,4769,1316,6085,63
2023-03-14,Kern,029,883053,231118,230440,73674,304114,2485
2023-03-14,Kings,031,150075,62988,62966,4503,67469,481
2023-03-14,Lake,033,64148,13681,13672,1283,14955,160
2023-03-14,Lassen,035,31185,10269,10264,1066,11330,66
2023-03-14,Los Angeles,037,10098052,3500399,3497355,220480,3717835,35618
2023-03-14,Madera,039,155013,46424,46384,8917,55301,378
2023-03-14,Marin,041,260295,49375,49333,5722,55055,317
2023-03-14,Mariposa,043,17540,3365,3364,359,3723,33
2023-03-14,Mendocino,045,87422,16932,16927,4836,21763,144
2023-03-14,Merced,047,269075,76966,76802,12852,89654,903
2023-03-14,Modoc,049,8938,958,958,375,1333,11
2023-03-14,Mono,051,14174,3332,3332,303,3635,8
2023-03-14,Monterey,053,433212,98440,98385,24388,122773,804
2023-03-14,Napa,055,140530,34538,34526,1531,36057,170
2023-03-14,Nevada,057,99092,20204,20193,2336,22529,138
2023-03-14,Orange,059,3164182,714004,711799,78689,790488,7982
2023-03-14,Placer,061,380077,81430,81348,10294,91642,682
2023-03-14,Plumas,063,18699,3838,3835,462,4297,15
2023-03-14,Riverside,065,2383286,737022,735836,41814,777650,6854
2023-03-14,Sacramento,067,1510023,372887,372164,38284,410448,3535
2023-03-14,San Benito,069,59416,17688,17674,1143,18817,118
2023-03-14,San Bernardino,071,2135413,712093,710710,34752,745462,8170
2023-03-14,San Diego,073,3302833,988222,987731,81661,1069392,5810
2023-03-14,San Francisco,075,870044,197408,197071,13435,210506,1180
2023-03-14,San Joaquin,077,732212,210713,210560,17004,227564,2422
2023-03-14,San Luis Obispo,079,281455,66646,66604,8175,74779,564
2023-03-14,San Mateo,081,765935,184237,183649,11268,194917,751
2023-03-14,Santa Barbara,083,443738,112473,112433,7771,120204,764
2023-03-14,Santa Clara,085,1922200,478315,476757,21458,498215,2732
2023-03-14,Santa Cruz,087,273765,68695,68613,4003,72616,276
2023-03-14,Shasta,089,179085,36545,36511,8352,44863,607
2023-03-14,Sierra,091,2930,312,311,61,372,5
2023-03-14,Siskiyou,093,43540,5481,5477,3444,8921,96
2023-03-14,Solano,095,438530,114379,114323,8717,123040,482
2023-03-14,Sonoma,097,501317,114053,113981,5824,119805,559
2023-03-14,Stanislaus,099,539301,145563,145514,23198,168712,1845
2023-03-14,Sutter,101,95872,25793,25794,2543,28337,243
2023-03-14,Tehama,103,63373,14489,14477,3431,17908,234
2023-03-14,Trinity,105,12862,1476,1476,506,1982,25
2023-03-14,Tulare,107,460477,128791,128711,40673,169384,1581
2023-03-14,Tuolumne,109,53932,16960,16944,1014,17958,203
2023-03-14,Ventura,111,848112,221418,221293,18197,239490,1681
2023-03-14,Yolo,113,214977,50197,50166,4954,55120,446
2023-03-14,Yuba,115,75493,20093,20085,1893,21978,135
2023-03-13,Alameda,001,1643700,381328,379541,22712,402253,2192
2023-03-13,Alpine,002,1148,139,139,4,143,0
2023-03-13,Amador,005,37829,10598,10582,975,11557,99
2023-03-13,Butte,007,227075,41771,41706,10302,52008,487
2023-03-13,Calaveras,009,45235,9029,9009,645,9654,140
2023-03-13,Colusa,011,21464,4002,3995,1377,5372,22
2023-03-13,Contra Costa,013,1133247,274160,273314,22471,295785,1559
2023-03-13,Del Norte,015,27424,7945,7937,481,8418,60
2023-03-13,El Dorado,017,186661,34669,34622,4570,39192,245
2023-03-13,Fresno,019,978130,295349,294640,35068,329708,3001
2023-03-13,Glenn,021,27897,5801,5791,2022,7813,58
2023-03-13,Humboldt,023,135768,23420,23392,5937,29329,170
2023-03-13,Imperial,025,180216,70424,70108,19158,89266,978
2023-03-13,Inyo,027,18085,4771,4768,1316,6084,63
2023-03-13,Kern,029,883053,231076,230141,73638,303779,2481
2023-03-13,Kings,031,150075,62974,62890,4502,67392,481
2023-03-13,Lake,033,64148,13677,13661,1283,14944,157
2023-03-13,Lassen,035,31185,10269,10255,1065,11320,66
2023-03-13,Los Angeles,037,10098052,3499901,3492824,220381,3713205,35545
2023-03-13,Madera,039,155013,46414,46322,8916,55238,378
2023-03-13,Marin,041,260295,49360,49217,5721,54938,317
2023-03-13,Mariposa,043,17540,3365,3360,359,3719,33
2023-03-13,Mendocino,045,87422,16929,16909,4836,21745,143
2023-03-13,Merced,047,269075,76953,76684,12851,89535,903
2023-03-13,Modoc,049,8938,958,956,375,1331,11
2023-03-13,Mono,051,14174,3332,3331,302,3633,8
2023-03-13,Monterey,053,433212,98429,98282,24375,122657,804
2023-03-13,Napa,055,140530,34535,34458,1531,35989,170
2023-03-13,Nevada,057,99092,20201,20173,2336,22509,133
2023-03-13,Orange,059,3164182,713894,710847,78653,789500,7966
2023-03-13,Placer,061,380077,81418,81163,10293,91456,682
2023-03-13,Plumas,063,18699,3838,3830,462,4292,15
2023-03-13,Riverside,065,2383286,736908,734898,41803,776701,6853
2023-03-13,Sacramento,067,1510023,372794,371378,38275,409653,3530
2023-03-13,San Benito,069,59416,17684,17658,1143,18801,117
2023-03-13,San Bernardino,071,2135413,712002,709951,34745,744696,8170
2023-03-13,San Diego,073,3302833,988003,986445,81624,1068069,5799
2023-03-13,San Francisco,075,870044,197322,196540,13431,209971,1178
2023-03-13,San Joaquin,077,732212,210669,210181,16997,227178,2421
2023-03-13,San Luis Obispo,079,281455,66638,66519,8169,74688,561
2023-03-13,San Mateo,081,765935,184171,183227,11258,194485,751
2023-03-13,Santa Barbara,083,443738,112459,112255,7771,120026,763
2023-03-13,Santa Clara,085,1922200,478155,475754,21448,497202,2727
2023-03-13,Santa Cruz,087,273765,68677,68493,4001,72494,276
2023-03-13,Shasta,089,179085,36542,36485,8351,44836,607
2023-03-13,Sierra,091,2930,312,311,61,372,5
2023-03-13,Siskiyou,093,43540,5480,5467,3444,8911,96
2023-03-13,Solano,095,438530,114357,114105,8713,122818,482
2023-03-13,Sonoma,097,501317,114017,113762,5824,119586,556
2023-03-13,Stanislaus,099,539301,145532,145296,23193,168489,1845
2023-03-13,Sutter,101,95872,25788,25768,2543,28311,241
2023-03-13,Tehama,103,63373,14489,14471,3430,17901,234
2023-03-13,Trinity,105,12862,1476,1476,506,1982,24
2023-03-13,Tulare,107,460477,128775,128533,40660,169193,1578
2023-03-13,Tuolumne,109,53932,16959,16918,1014,17932,203
2023-03-13,Ventura,111,848112,221395,221062,18195,239257,1678
2023-03-13,Yolo,113,214977,50193,50100,4948,55048,443
2023-03-13,Yuba,115,75493,20092,20055,1893,21948,135
2023-03-12,Alameda,001,1643700,381171,379541,22696,402237,2192
2023-03-12,Alpine,002,1148,139,139,4,143,0
2023-03-12,Amador,005,37829,10597,10582,975,11557,99
2023-03-12,Butte,007,227075,41769,41706,10300,52006,487
2023-03-12,Calaveras,009,45235,9028,9009,644,9653,140
2023-03-12,Colusa,011,21464,4002,3995,1376,5371,22
2023-03-12,Contra Costa,013,1133247,274073,273314,22464,295778,1559
2023-03-12,Del Norte,015,27424,7944,7937,477,8414,60
2023-03-12,El Dorado,017,186661,34665,34622,4569,39191,245
2023-03-12,Fresno,019,978130,295279,294640,35062,329702,3001
2023-03-12,Glenn,021,27897,5801,5791,2021,7812,58
2023-03-12,Humboldt,023,135768,23412,23392,5935,29327,170
2023-03-12,Imperial,025,180216,70397,70108,19130,89238,978
2023-03-12,Inyo,027,18085,4771,4768,1315,6083,63
2023-03-12,Kern,029,883053,231015,230141,73588,303729,2481
2023-03-12,Kings,031,150075,62966,62890,4502,67392,481
2023-03-12,Lake,033,64148,13676,13661,1283,14944,157
2023-03-12,Lassen,035,31185,10267,10255,1065,11320,66
2023-03-12,Los Angeles,037,10098052,3499170,3492824,220287,3713111,35545
2023-03-12,Madera,039,155013,46402,46322,8914,55236,378
2023-03-12,Marin,041,260295,49343,49217,5718,54935,317
2023-03-12,Mariposa,043,17540,3364,3360,359,3719,33
2023-03-12,Mendocino,045,87422,16927,16909,4836,21745,143
2023-03-12,Merced,047,269075,76936,76684,12849,89533,903
2023-03-12,Modoc,049,8938,958,956,375,1331,11
2023-03-12,Mono,051,14174,3332,3331,302,3633,8
2023-03-12,Monterey,053,433212,98416,98282,24351,122633,804
2023-03-12,Napa,055,140530,34527,34458,1531,35989,170
2023-03-12,Nevada,057,99092,20197,20173,2336,22509,133
2023-03-12,Orange,059,3164182,713732,710847,78610,789457,7966
2023-03-12,Placer,061,380077,81387,81163,10291,91454,682
2023-03-12,Plumas,063,18699,3838,3830,462,4292,15
2023-03-12,Riverside,065,2383286,736739,734898,41780,776678,6853
2023-03-12,Sacramento,067,1510023,372650,371378,38254,409632,3530
2023-03-12,San Benito,069,59416,17681,17658,1141,18799,117
2023-03-12,San Bernardino,071,2135413,711845,709951,34738,744689,8170
2023-03-12,San Diego,073,3302833,987781,986445,81594,1068039,5799
2023-03-12,San Francisco,075,870044,197214,196540,13424,209964,1178
2023-03-12,San Joaquin,077,732212,210596,210181,16985,227166,2421
2023-03-12,San Luis Obispo,079,281455,66627,66519,8166,74685,561
2023-03-12,San Mateo,081,765935,184105,183227,11249,194476,751
2023-03-12,Santa Barbara,083,443738,112437,112255,7769,120024,763
2023-03-12,Santa Clara,085,1922200,477973,475754,21433,497187,2727
2023-03-12,Santa Cruz,087,273765,68648,68493,3997,72490,276
2023-03-12,Shasta,089,179085,36541,36485,8349,44834,607
2023-03-12,Sierra,091,2930,312,311,61,372,5
2023-03-12,Siskiyou,093,43540,5476,5467,3444,8911,96
2023-03-12,Solano,095,438530,114298,114105,8705,122810,482
2023-03-12,Sonoma,097,501317,113982,113762,5816,119578,556
2023-03-12,Stanislaus,099,539301,145513,145296,23181,168477,1845
2023-03-12,Sutter,101,95872,25783,25768,2543,28311,241
2023-03-12,Tehama,103,63373,14486,14471,3430,17901,234
2023-03-12,Trinity,105,12862,1476,1476,506,1982,24
2023-03-12,Tulare,107,460477,128745,128533,40639,169172,1578
2023-03-12,Tuolumne,109,53932,16956,16918,1014,17932,203
2023-03-12,Ventura,111,848112,221369,221062,18188,239250,1678
2023-03-12,Yolo,113,214977,50181,50100,4942,55042,443
2023-03-12,Yuba,115,75493,20085,20055,1891,21946,135
2023-03-11,Alameda,001,1643700,381099,379541,22686,402227,2192
2023-03-11,Alpine,002,1148,139,139,4,143,0
2023-03-11,Amador,005,37829,10597,10582,975,11557,99
2023-03-11,Butte,007,227075,41768,41706,10299,52005,487
2023-03-11,Calaveras,009,45235,9027,9009,644,9653,140
2023-03-11,Colusa,011,21464,4001,3995,1376,5371,22
2023-03-11,Contra Costa,013,1133247,274016,273314,22461,295775,1559
2023-03-11,Del Norte,015,27424,7944,7937,477,8414,60
2023-03-11,El Dorado,017,186661,34658,34622,4569,39191,245
2023-03-11,Fresno,019,978130,295245,294640,35059,329699,3001
2023-03-11,Glenn,021,27897,5800,5791,2021,7812,58
2023-03-11,Humboldt,023,135768,23411,23392,5934,29326,170
2023-03-11,Imperial,025,180216,70382,70108,19129,89237,978
2023-03-11,Inyo,027,18085,4771,4768,1315,6083,63
2023-03-11,Kern,029,883053,230978,230141,73560,303701,2481
2023-03-11,Kings,031,150075,62959,62890,4502,67392,481
2023-03-11,Lake,033,64148,13675,13661,1283,14944,157
2023-03-11,Lassen,035,31185,10267,10255,1065,11320,66
2023-03-11,Los Angeles,037,10098052,3498830,3492824,220236,3713060,35545
2023-03-11,Madera,039,155013,46397,46322,8913,55235,378
2023-03-11,Marin,041,260295,49333,49217,5718,54935,317
2023-03-11,Mariposa,043,17540,3363,3360,359,3719,33
2023-03-11,Mendocino,045,87422,16926,16909,4836,21745,143
2023-03-11,Merced,047,269075,76923,76684,12848,89532,903
2023-03-11,Modoc,049,8938,958,956,375,1331,11
2023-03-11,Mono,051,14174,3332,3331,302,3633,8
2023-03-11,Monterey,053,433212,98409,98282,24334,122616,804
2023-03-11,Napa,055,140530,34523,34458,1531,35989,170
2023-03-11,Nevada,057,99092,20197,20173,2336,22509,133
2023-03-11,Orange,059,3164182,713644,710847,78582,789429,7966
2023-03-11,Placer,061,380077,81373,81163,10289,91452,682
2023-03-11,Plumas,063,18699,3838,3830,462,4292,15
2023-03-11,Riverside,065,2383286,736665,734898,41762,776660,6853
2023-03-11,Sacramento,067,1510023,372592,371378,38241,409619,3530
2023-03-11,San Benito,069,59416,17681,17658,1140,18798,117
2023-03-11,San Bernardino,071,2135413,711793,709951,34733,744684,8170
2023-03-11,San Diego,073,3302833,987649,986445,81571,1068016,5799
2023-03-11,San Francisco,075,870044,197171,196540,13421,209961,1178
2023-03-11,San Joaquin,077,732212,210558,210181,16978,227159,2421
2023-03-11,San Luis Obispo,079,281455,66615,66519,8162,74681,561
2023-03-11,San Mateo,081,765935,184068,183227,11249,194476,751
2023-03-11,Santa Barbara,083,443738,112416,112255,7769,120024,763
2023-03-11,Santa Clara,085,1922200,477875,475754,21424,497178,2727
2023-03-11,Santa Cruz,087,273765,68630,68493,3995,72488,276
2023-03-11,Shasta,089,179085,36538,36485,8349,44834,607
2023-03-11,Sierra,091,2930,312,311,61,372,5
2023-03-11,Siskiyou,093,43540,5474,5467,3444,8911,96
2023-03-11,Solano,095,438530,114286,114105,8704,122809,482
2023-03-11,Sonoma,097,501317,113956,113762,5815,119577,556
2023-03-11,Stanislaus,099,539301,145495,145296,23179,168475,1845
2023-03-11,Sutter,101,95872,25781,25768,2542,28310,241
2023-03-11,Tehama,103,63373,14483,14471,3428,17899,234
2023-03-11,Trinity,105,12862,1476,1476,506,1982,24
2023-03-11,Tulare,107,460477,128731,128533,40631,169164,1578
2023-03-11,Tuolumne,109,53932,16955,16918,1014,17932,203
2023-03-11,Ventura,111,848112,221346,221062,18186,239248,1678
2023-03-11,Yolo,113,214977,50179,50100,4940,55040,443
2023-03-11,Yuba,115,75493,20081,20055,1890,21945,135
2023-03-10,Alameda,001,1643700,380999,379541,22679,402220,2192
2023-03-10,Alpine,002,1148,139,139,4,143,0
2023-03-10,Amador,005,37829,10596,10582,975,11557,99
2023-03-10,Butte,007,227075,41763,41706,10294,52000,487
2023-03-10,Calaveras,009,45235,9026,9009,644,9653,140
2023-03-10,Colusa,011,21464,4001,3995,1376,5371,22
2023-03-10,Contra Costa,013,1133247,273963,273314,22457,295771,1559
2023-03-10,Del Norte,015,27424,7943,7937,477,8414,60
2023-03-10,El Dorado,017,186661,34652,34622,4569,39191,245
2023-03-10,Fresno,019,978130,295196,294640,35055,329695,3001
2023-03-10,Glenn,021,27897,5798,5791,2021,7812,58
2023-03-10,Humboldt,023,135768,23408,23392,5933,29325,170
2023-03-10,Imperial,025,180216,70356,70108,19125,89233,978
2023-03-10,Inyo,027,18085,4771,4768,1314,6082,63
2023-03-10,Kern,029,883053,230954,230141,73536,303677,2481
2023-03-10,Kings,031,150075,62951,62890,4501,67391,481
2023-03-10,Lake,033,64148,13675,13661,1283,14944,157
2023-03-10,Lassen,035,31185,10265,10255,1065,11320,66
2023-03-10,Los Angeles,037,10098052,3498436,3492824,220181,3713005,35545
2023-03-10,Madera,039,155013,46393,46322,8912,55234,378
2023-03-10,Marin,041,260295,49323,49217,5718,54935,317
2023-03-10,Mariposa,043,17540,3363,3360,359,3719,33
2023-03-10,Mendocino,045,87422,16923,16909,4836,21745,143
2023-03-10,Merced,047,269075,76915,76684,12848,89532,903
2023-03-10,Modoc,049,8938,958,956,375,1331,11
2023-03-10,Mono,051,14174,3332,3331,302,3633,8
2023-03-10,Monterey,053,433212,98398,98282,24311,122593,804
2023-03-10,Napa,055,140530,34517,34458,1531,35989,170
2023-03-10,Nevada,057,99092,20195,20173,2336,22509,133
2023-03-10,Orange,059,3164182,713561,710847,78555,789402,7966
2023-03-10,Placer,061,380077,81353,81163,10288,91451,682
2023-03-10,Plumas,063,18699,3838,3830,461,4291,15
2023-03-10,Riverside,065,2383286,736581,734898,41751,776649,6853
2023-03-10,Sacramento,067,1510023,372528,371378,38232,409610,3530
2023-03-10,San Benito,069,59416,17681,17658,1140,18798,117
2023-03-10,San Bernardino,071,2135413,711723,709951,34728,744679,8170
2023-03-10,San Diego,073,3302833,987514,986445,81547,1067992,5799
2023-03-10,San Francisco,075,870044,197122,196540,13420,209960,1178
2023-03-10,San Joaquin,077,732212,210522,210181,16974,227155,2421
2023-03-10,San Luis Obispo,079,281455,66604,66519,8162,74681,561
2023-03-10,San Mateo,081,765935,184032,183227,11249,194476,751
2023-03-10,Santa Barbara,083,443738,112401,112255,7769,120024,763
2023-03-10,Santa Clara,085,1922200,477784,475754,21414,497168,2727
2023-03-10,Santa Cruz,087,273765,68616,68493,3995,72488,276
2023-03-10,Shasta,089,179085,36535,36485,8349,44834,607
2023-03-10,Sierra,091,2930,312,311,61,372,5
2023-03-10,Siskiyou,093,43540,5473,5467,3444,8911,96
2023-03-10,Solano,095,438530,114266,114105,8700,122805,482
2023-03-10,Sonoma,097,501317,113944,113762,5815,119577,556
2023-03-10,Stanislaus,099,539301,145475,145296,23178,168474,1845
2023-03-10,Sutter,101,95872,25778,25768,2542,28310,241
2023-03-10,Tehama,103,63373,14482,14471,3427,17898,234
2023-03-10,Trinity,105,12862,1476,1476,506,1982,24
2023-03-10,Tulare,107,460477,128715,128533,40618,169151,1578
2023-03-10,Tuolumne,109,53932,16955,16918,1014,17932,203
2023-03-10,Ventura,111,848112,221326,221062,18184,239246,1678
2023-03-10,Yolo,113,214977,50171,50100,4940,55040,443
2023-03-10,Yuba,115,75493,20075,20055,1889,21944,135
2023-03-09,Alameda,001,1643700,380888,379541,22664,402205,2192
2023-03-09,Alpine,002,1148,139,139,4,143,0
2023-03-09,Amador,005,37829,10591,10582,975,11557,99
2023-03-09,Butte,007,227075,41760,41706,10292,51998,487
2023-03-09,Calaveras,009,45235,9023,9009,644,9653,140
2023-03-09,Colusa,011,21464,4000,3995,1374,5369,22
2023-03-09,Contra Costa,013,1133247,273869,273314,22447,295761,1559
2023-03-09,Del Norte,015,27424,7940,7937,477,8414,60
2023-03-09,El Dorado,017,186661,34642,34622,4568,39190,245
2023-03-09,Fresno,019,978130,295147,294640,35043,329683,3001
2023-03-09,Glenn,021,27897,5794,5791,2020,7811,58
2023-03-09,Humboldt,023,135768,23404,23392,5933,29325,170
2023-03-09,Imperial,025,180216,70326,70108,19108,89216,978
2023-03-09,Inyo,027,18085,4771,4768,1314,6082,63
2023-03-09,Kern,029,883053,230879,230141,73512,303653,2481
2023-03-09,Kings,031,150075,62947,62890,4499,67389,481
2023-03-09,Lake,033,64148,13671,13661,1283,14944,157
2023-03-09,Lassen,035,31185,10265,10255,1065,11320,66
2023-03-09,Los Angeles,037,10098052,3497904,3492824,220100,3712924,35545
2023-03-09,Madera,039,155013,46388,46322,8910,55232,378
2023-03-09,Marin,041,260295,49304,49217,5718,54935,317
2023-03-09,Mariposa,043,17540,3362,3360,359,3719,33
2023-03-09,Mendocino,045,87422,16919,16909,4836,21745,143
2023-03-09,Merced,047,269075,76901,76684,12843,89527,903
2023-03-09,Modoc,049,8938,958,956,375,1331,11
2023-03-09,Mono,051,14174,3332,3331,302,3633,8
2023-03-09,Monterey,053,433212,98387,98282,24298,122580,804
2023-03-09,Napa,055,140530,34504,34458,1531,35989,170
2023-03-09,Nevada,057,99092,20193,20173,2335,22508,133
2023-03-09,Orange,059,3164182,713439,710847,78510,789357,7966
2023-03-09,Placer,061,380077,81336,81163,10286,91449,682
2023-03-09,Plumas,063,18699,3835,3830,461,4291,15
2023-03-09,Riverside,065,2383286,736474,734898,41726,776624,6853
2023-03-09,Sacramento,067,1510023,372436,371378,38215,409593,3530
2023-03-09,San Benito,069,59416,17679,17658,1140,18798,117
2023-03-09,San Bernardino,071,2135413,711629,709951,34718,744669,8170
2023-03-09,San Diego,073,3302833,987324,986445,81517,1067962,5799
2023-03-09,San Francisco,075,870044,197030,196540,13415,209955,1178
2023-03-09,San Joaquin,077,732212,210466,210181,16972,227153,2421
2023-03-09,San Luis Obispo,079,281455,66595,66519,8161,74680,561
2023-03-09,San Mateo,081,765935,183982,183227,11245,194472,751
2023-03-09,Santa Barbara,083,443738,112385,112255,7764,120019,763
2023-03-09,Santa Clara,085,1922200,477645,475754,21405,497159,2727
2023-03-09,Santa Cruz,087,273765,68605,68493,3994,72487,276
2023-03-09,Shasta,089,179085,36531,36485,8348,44833,607
2023-03-09,Sierra,091,2930,312,311,61,372,5
2023-03-09,Siskiyou,093,43540,5472,5467,3444,8911,96
2023-03-09,Solano,095,438530,114233,114105,8699,122804,482
2023-03-09,Sonoma,097,501317,113915,113762,5815,119577,556
2023-03-09,Stanislaus,099,539301,145438,145296,23173,168469,1845
2023-03-09,Sutter,101,95872,25775,25768,2541,28309,241
2023-03-09,Tehama,103,63373,14479,14471,3423,17894,234
2023-03-09,Trinity,105,12862,1476,1476,506,1982,24
2023-03-09,Tulare,107,460477,128695,128533,40599,169132,1578
2023-03-09,Tuolumne,109,53932,16952,16918,1014,17932,203
2023-03-09,Ventura,111,848112,221295,221062,18181,239243,1678
2023-03-09,Yolo,113,214977,50160,50100,4935,55035,443
2023-03-09,Yuba,115,75493,20074,20055,1888,21943,135
2023-03-08,Alameda,001,1643700,380752,379541,22650,402191,2192
2023-03-08,Alpine,002,1148,139,139,4,143,0
2023-03-08,Amador,005,37829,10588,10582,975,11557,99
2023-03-08,Butte,007,227075,41753,41706,10289,51995,487
2023-03-08,Calaveras,009,45235,9022,9009,644,9653,140
2023-03-08,Colusa,011,21464,3999,3995,1373,5368,22
2023-03-08,Contra Costa,013,1133247,273768,273314,22443,295757,1559
2023-03-08,Del Norte,015,27424,7939,7937,477,8414,60
2023-03-08,El Dorado,017,186661,34636,34622,4564,39186,245
2023-03-08,Fresno,019,978130,295089,294640,35031,329671,3001
2023-03-08,Glenn,021,27897,5792,5791,2020,7811,58
2023-03-08,Humboldt,023,135768,23396,23392,5932,29324,170
2023-03-08,Imperial,025,180216,70293,70108,19098,89206,978
2023-03-08,Inyo,027,18085,4771,4768,1314,6082,63
2023-03-08,Kern,029,883053,230830,230141,73481,303622,2481
2023-03-08,Kings,031,150075,62939,62890,4498,67388,481
2023-03-08,Lake,033,64148,13671,13661,1283,14944,157
2023-03-08,Lassen,035,31185,10264,10255,1065,11320,66
2023-03-08,Los Angeles,037,10098052,3497266,3492824,220003,3712827,35545
2023-03-08,Madera,039,155013,46381,46322,8908,55230,378
2023-03-08,Marin,041,260295,49287,49217,5716,54933,317
2023-03-08,Mariposa,043,17540,3361,3360,359,3719,33
2023-03-08,Mendocino,045,87422,16917,16909,4835,21744,143
2023-03-08,Merced,047,269075,76884,76684,12840,89524,903
2023-03-08,Modoc,049,8938,958,956,375,1331,11
2023-03-08,Mono,051,14174,3331,3331,302,3633,8
2023-03-08,Monterey,053,433212,98378,98282,24281,122563,804
2023-03-08,Napa,055,140530,34497,34458,1531,35989,170
2023-03-08,Nevada,057,99092,20191,20173,2334,22507,133
2023-03-08,Orange,059,3164182,713285,710847,78464,789311,7966
2023-03-08,Placer,061,380077,81300,81163,10284,91447,682
2023-03-08,Plumas,063,18699,3835,3830,461,4291,15
2023-03-08,Riverside,065,2383286,736344,734898,41694,776592,6853
2023-03-08,Sacramento,067,1510023,372314,371378,38206,409584,3530
2023-03-08,San Benito,069,59416,17677,17658,1140,18798,117
2023-03-08,San Bernardino,071,2135413,711538,709951,34712,744663,8170
2023-03-08,San Diego,073,3302833,987138,986445,81473,1067918,5799
2023-03-08,San Francisco,075,870044,196957,196540,13415,209955,1178
2023-03-08,San Joaquin,077,732212,210414,210181,16968,227149,2421
2023-03-08,San Luis Obispo,079,281455,66579,66519,8161,74680,561
2023-03-08,San Mateo,081,765935,183921,183227,11241,194468,751
2023-03-08,Santa Barbara,083,443738,112358,112255,7757,120012,763
2023-03-08,Santa Clara,085,1922200,477459,475754,21399,497153,2727
2023-03-08,Santa Cruz,087,273765,68589,68493,3989,72482,276
2023-03-08,Shasta,089,179085,36523,36485,8344,44829,607
2023-03-08,Sierra,091,2930,312,311,61,372,5
2023-03-08,Siskiyou,093,43540,5471,5467,3444,8911,96
2023-03-08,Solano,095,438530,114204,114105,8692,122797,482
2023-03-08,Sonoma,097,501317,113888,113762,5814,119576,556
2023-03-08,Stanislaus,099,539301,145406,145296,23171,168467,1845
2023-03-08,Sutter,101,95872,25771,25768,2541,28309,241
2023-03-08,Tehama,103,63373,14474,14471,3422,17893,234
2023-03-08,Trinity,105,12862,1476,1476,506,1982,24
2023-03-08,Tulare,107,460477,128675,128533,40569,169102,1578
2023-03-08,Tuolumne,109,53932,16952,16918,1014,17932,203
2023-03-08,Ventura,111,848112,221258,221062,18178,239240,1678
2023-03-08,Yolo,113,214977,50146,50100,4932,55032,443
2023-03-08,Yuba,115,75493,20070,20055,1884,21939,135
2023-03-07,Alameda,001,1643700,380610,379541,22626,402167,2192
2023-03-07,Alpine,002,1148,139,139,4,143,0
2023-03-07,Amador,005,37829,10587,10582,975,11557,99
2023-03-07,Butte,007,227075,41745,41706,10284,51990,487
2023-03-07,Calaveras,009,45235,9022,9009,644,9653,140
2023-03-07,Colusa,011,21464,3999,3995,1372,5367,22
2023-03-07,Contra Costa,013,1133247,273668,273314,22442,295756,1559
2023-03-07,Del Norte,015,27424,7937,7937,477,8414,60
2023-03-07,El Dorado,017,186661,34631,34622,4563,39185,245
2023-03-07,Fresno,019,978130,295035,294640,35018,329658,3001
2023-03-07,Glenn,021,27897,5792,5791,2020,7811,58
2023-03-07,Humboldt,023,135768,23393,23392,5932,29324,170
2023-03-07,Imperial,025,180216,70253,70108,19083,89191,978
2023-03-07,Inyo,027,18085,4771,4768,1312,6080,63
2023-03-07,Kern,029,883053,230788,230141,73441,303582,2481
2023-03-07,Kings,031,150075,62928,62890,4494,67384,481
2023-03-07,Lake,033,64148,13670,13661,1283,14944,157
2023-03-07,Lassen,035,31185,10264,10255,1065,11320,66
2023-03-07,Los Angeles,037,10098052,3496630,3492824,219898,3712722,35545
2023-03-07,Madera,039,155013,46372,46322,8907,55229,378
2023-03-07,Marin,041,260295,49277,49217,5715,54932,317
2023-03-07,Mariposa,043,17540,3361,3360,359,3719,33
2023-03-07,Mendocino,045,87422,16915,16909,4835,21744,143
2023-03-07,Merced,047,269075,76869,76684,12838,89522,903
2023-03-07,Modoc,049,8938,958,956,375,1331,11
2023-03-07,Mono,051,14174,3331,3331,302,3633,8
2023-03-07,Monterey,053,433212,98365,98282,24268,122550,804
2023-03-07,Napa,055,140530,34487,34458,1531,35989,170
2023-03-07,Nevada,057,99092,20185,20173,2330,22503,133
2023-03-07,Orange,059,3164182,713132,710847,78407,789254,7966
2023-03-07,Placer,061,380077,81274,81163,10281,91444,682
2023-03-07,Plumas,063,18699,3833,3830,461,4291,15
2023-03-07,Riverside,065,2383286,736190,734898,41671,776569,6853
2023-03-07,Sacramento,067,1510023,372203,371378,38179,409557,3530
2023-03-07,San Benito,069,59416,17674,17658,1139,18797,117
2023-03-07,San Bernardino,071,2135413,711425,709951,34701,744652,8170
2023-03-07,San Diego,073,3302833,986920,986445,81445,1067890,5799
2023-03-07,San Francisco,075,870044,196868,196540,13407,209947,1178
2023-03-07,San Joaquin,077,732212,210364,210181,16961,227142,2421
2023-03-07,San Luis Obispo,079,281455,66569,66519,8158,74677,561
2023-03-07,San Mateo,081,765935,183860,183227,11234,194461,751
2023-03-07,Santa Barbara,083,443738,112332,112255,7756,120011,763
2023-03-07,Santa Clara,085,1922200,477285,475754,21380,497134,2727
2023-03-07,Santa Cruz,087,273765,68582,68493,3985,72478,276
2023-03-07,Shasta,089,179085,36522,36485,8341,44826,607
2023-03-07,Sierra,091,2930,312,311,61,372,5
2023-03-07,Siskiyou,093,43540,5470,5467,3444,8911,96
2023-03-07,Solano,095,438530,114171,114105,8684,122789,482
2023-03-07,Sonoma,097,501317,113861,113762,5814,119576,556
2023-03-07,Stanislaus,099,539301,145380,145296,23164,168460,1845
2023-03-07,Sutter,101,95872,25762,25768,2541,28309,241
2023-03-07,Tehama,103,63373,14474,14471,3421,17892,234
2023-03-07,Trinity,105,12862,1476,1476,506,1982,24
2023-03-07,Tulare,107,460477,128645,128533,40560,169093,1578
2023-03-07,Tuolumne,109,53932,16950,16918,1014,17932,203
2023-03-07,Ventura,111,848112,221215,221062,18174,239236,1678
2023-03-07,Yolo,113,214977,50132,50100,4930,55030,443
2023-03-07,Yuba,115,75493,20065,20055,1884,21939,135
2023-03-06,Alameda,001,1643700,380470,378544,22612,401156,2184
2023-03-06,Alpine,002,1148,139,139,4,143,0
2023-03-06,Amador,005,37829,10584,10569,975,11544,99
2023-03-06,Butte,007,227075,41733,41655,10281,51936,487
2023-03-06,Calaveras,009,45235,9015,8993,644,9637,140
2023-03-06,Colusa,011,21464,3998,3984,1372,5356,22
2023-03-06,Contra Costa,013,1133247,273578,272604,22430,295034,1556
2023-03-06,Del Norte,015,27424,7937,7930,477,8407,60
2023-03-06,El Dorado,017,186661,34622,34553,4563,39116,244
2023-03-06,Fresno,019,978130,294965,294108,35002,329110,2994
2023-03-06,Glenn,021,27897,5791,5788,2019,7807,58
2023-03-06,Humboldt,023,135768,23391,23359,5932,29291,169
2023-03-06,Imperial,025,180216,70214,69938,19067,89005,975
2023-03-06,Inyo,027,18085,4771,4763,1312,6075,63
2023-03-06,Kern,029,883053,230739,229772,73394,303166,2476
2023-03-06,Kings,031,150075,62914,62825,4494,67319,481
2023-03-06,Lake,033,64148,13666,13639,1283,14922,155
2023-03-06,Lassen,035,31185,10263,10250,1065,11315,66
2023-03-06,Los Angeles,037,10098052,3496044,3487619,219768,3707387,35453
2023-03-06,Madera,039,155013,46364,46225,8904,55129,378
2023-03-06,Marin,041,260295,49262,49072,5712,54784,317
2023-03-06,Mariposa,043,17540,3360,3360,359,3719,33
2023-03-06,Mendocino,045,87422,16912,16880,4835,21715,143
2023-03-06,Merced,047,269075,76851,76442,12834,89276,903
2023-03-06,Modoc,049,8938,957,955,374,1329,11
2023-03-06,Mono,051,14174,3331,3326,302,3628,8
2023-03-06,Monterey,053,433212,98356,98109,24244,122353,800
2023-03-06,Napa,055,140530,34480,34402,1531,35933,170
2023-03-06,Nevada,057,99092,20183,20146,2329,22475,133
2023-03-06,Orange,059,3164182,712997,709802,78356,788158,7943
2023-03-06,Placer,061,380077,81248,80996,10276,91272,682
2023-03-06,Plumas,063,18699,3833,3830,461,4291,15
2023-03-06,Riverside,065,2383286,736030,734008,41640,775648,6842
2023-03-06,Sacramento,067,1510023,372088,370439,38156,408595,3534
2023-03-06,San Benito,069,59416,17671,17637,1139,18776,116
2023-03-06,San Bernardino,071,2135413,711303,709085,34688,743773,8170
2023-03-06,San Diego,073,3302833,986687,985023,81406,1066429,5785
2023-03-06,San Francisco,075,870044,196765,195947,13397,209344,1174
2023-03-06,San Joaquin,077,732212,210299,209753,16955,226708,2420
2023-03-06,San Luis Obispo,079,281455,66560,66407,8156,74563,561
2023-03-06,San Mateo,081,765935,183802,182769,11230,193999,750
2023-03-06,Santa Barbara,083,443738,112309,112122,7756,119878,761
2023-03-06,Santa Clara,085,1922200,477115,474566,21359,495925,2715
2023-03-06,Santa Cruz,087,273765,68568,68315,3983,72298,276
2023-03-06,Shasta,089,179085,36517,36444,8337,44781,607
2023-03-06,Sierra,091,2930,312,311,61,372,5
2023-03-06,Siskiyou,093,43540,5470,5462,3444,8906,95
2023-03-06,Solano,095,438530,114128,113771,8681,122452,482
2023-03-06,Sonoma,097,501317,113824,113535,5814,119349,554
2023-03-06,Stanislaus,099,539301,145338,145047,23152,168199,1845
2023-03-06,Sutter,101,95872,25761,25728,2541,28269,238
2023-03-06,Tehama,103,63373,14472,14454,3419,17873,222
2023-03-06,Trinity,105,12862,1476,1474,506,1980,24
2023-03-06,Tulare,107,460477,128611,128286,40542,168828,1577
2023-03-06,Tuolumne,109,53932,16941,16875,1014,17889,203
2023-03-06,Ventura,111,848112,221166,220793,18173,238966,1673
2023-03-06,Yolo,113,214977,50122,50031,4927,54958,443
2023-03-06,Yuba,115,75493,20059,20015,1883,21898,134
2023-03-05,Alameda,001,1643700,380315,378544,22595,401139,2184
2023-03-05,Alpine,002,1148,139,139,4,143,0
2023-03-05,Amador,005,37829,10578,10569,975,11544,99
2023-03-05,Butte,007,227075,41728,41655,10279,51934,487
2023-03-05,Calaveras,009,45235,9011,8993,644,9637,140
2023-03-05,Colusa,011,21464,3994,3984,1369,5353,22
2023-03-05,Contra Costa,013,1133247,273460,272604,22425,295029,1556
2023-03-05,Del Norte,015,27424,7937,7930,476,8406,60
2023-03-05,El Dorado,017,186661,34609,34553,4562,39115,244
2023-03-05,Fresno,019,978130,294888,294108,34987,329095,2994
2023-03-05,Glenn,021,27897,5789,5788,2019,7807,58
2023-03-05,Humboldt,023,135768,23385,23359,5931,29290,169
2023-03-05,Imperial,025,180216,70172,69938,19047,88985,975
2023-03-05,Inyo,027,18085,4770,4763,1312,6075,63
2023-03-05,Kern,029,883053,230691,229772,73348,303120,2476
2023-03-05,Kings,031,150075,62897,62825,4493,67318,481
2023-03-05,Lake,033,64148,13664,13639,1283,14922,155
2023-03-05,Lassen,035,31185,10262,10250,1065,11315,66
2023-03-05,Los Angeles,037,10098052,3495283,3487619,219629,3707248,35453
2023-03-05,Madera,039,155013,46355,46225,8903,55128,378
2023-03-05,Marin,041,260295,49236,49072,5711,54783,317
2023-03-05,Mariposa,043,17540,3360,3360,359,3719,33
2023-03-05,Mendocino,045,87422,16910,16880,4835,21715,143
2023-03-05,Merced,047,269075,76827,76442,12827,89269,903
2023-03-05,Modoc,049,8938,957,955,374,1329,11
2023-03-05,Mono,051,14174,3330,3326,302,3628,8
2023-03-05,Monterey,053,433212,98328,98109,24223,122332,800
2023-03-05,Napa,055,140530,34469,34402,1531,35933,170
2023-03-05,Nevada,057,99092,20179,20146,2326,22472,133
2023-03-05,Orange,059,3164182,712828,709802,78310,788112,7943
2023-03-05,Placer,061,380077,81217,80996,10271,91267,682
2023-03-05,Plumas,063,18699,3833,3830,461,4291,15
2023-03-05,Riverside,065,2383286,735881,734008,41615,775623,6842
2023-03-05,Sacramento,067,1510023,371931,370439,38129,408568,3534
2023-03-05,San Benito,069,59416,17670,17637,1139,18776,116
2023-03-05,San Bernardino,071,2135413,711186,709085,34673,743758,8170
2023-03-05,San Diego,073,3302833,986425,985023,81365,1066388,5785
2023-03-05,San Francisco,075,870044,196666,195947,13389,209336,1174
2023-03-05,San Joaquin,077,732212,210218,209753,16946,226699,2420
2023-03-05,San Luis Obispo,079,281455,66536,66407,8155,74562,561
2023-03-05,San Mateo,081,765935,183726,182769,11226,193995,750
2023-03-05,Santa Barbara,083,443738,112278,112122,7749,119871,761
2023-03-05,Santa Clara,085,1922200,476926,474566,21334,495900,2715
2023-03-05,Santa Cruz,087,273765,68533,68315,3982,72297,276
2023-03-05,Shasta,089,179085,36511,36444,8334,44778,607
2023-03-05,Sierra,091,2930,312,311,61,372,5
2023-03-05,Siskiyou,093,43540,5469,5462,3444,8906,95
2023-03-05,Solano,095,438530,114074,113771,8673,122444,482
2023-03-05,Sonoma,097,501317,113793,113535,5813,119348,554
2023-03-05,Stanislaus,099,539301,145297,145047,23142,168189,1845
2023-03-05,Sutter,101,95872,25759,25728,2541,28269,238
2023-03-05,Tehama,103,63373,14472,14454,3418,17872,222
2023-03-05,Trinity,105,12862,1476,1474,506,1980,24
2023-03-05,Tulare,107,460477,128575,128286,40529,168815,1577
2023-03-05,Tuolumne,109,53932,16941,16875,1013,17888,203
2023-03-05,Ventura,111,848112,221125,220793,18170,238963,1673
2023-03-05,Yolo,113,214977,50112,50031,4925,54956,443
2023-03-05,Yuba,115,75493,20055,20015,1883,21898,134
2023-03-04,Alameda,001,1643700,380233,378544,22584,401128,2184
2023-03-04,Alpine,002,1148,139,139,4,143,0
2023-03-04,Amador,005,37829,10577,10569,975,11544,99
2023-03-04,Butte,007,227075,41724,41655,10276,51931,487
2023-03-04,Calaveras,009,45235,9009,8993,644,9637,140
2023-03-04,Colusa,011,21464,3992,3984,1369,5353,22
2023-03-04,Contra Costa,013,1133247,273390,272604,22424,295028,1556
2023-03-04,Del Norte,015,27424,7937,7930,476,8406,60
2023-03-04,El Dorado,017,186661,34608,34553,4562,39115,244
2023-03-04,Fresno,019,978130,294859,294108,34983,329091,2994
2023-03-04,Glenn,021,27897,5789,5788,2019,7807,58
2023-03-04,Humboldt,023,135768,23384,23359,5931,29290,169
2023-03-04,Imperial,025,180216,70158,69938,19045,88983,975
2023-03-04,Inyo,027,18085,4770,4763,1312,6075,63
2023-03-04,Kern,029,883053,230672,229772,73314,303086,2476
2023-03-04,Kings,031,150075,62891,62825,4493,67318,481
2023-03-04,Lake,033,64148,13664,13639,1283,14922,155
2023-03-04,Lassen,035,31185,10262,10250,1065,11315,66
2023-03-04,Los Angeles,037,10098052,3494888,3487619,219551,3707170,35453
2023-03-04,Madera,039,155013,46351,46225,8902,55127,378
2023-03-04,Marin,041,260295,49219,49072,5711,54783,317
2023-03-04,Mariposa,043,17540,3360,3360,359,3719,33
2023-03-04,Mendocino,045,87422,16907,16880,4835,21715,143
2023-03-04,Merced,047,269075,76821,76442,12827,89269,903
2023-03-04,Modoc,049,8938,956,955,374,1329,11
2023-03-04,Mono,051,14174,3330,3326,302,3628,8
2023-03-04,Monterey,053,433212,98318,98109,24212,122321,800
2023-03-04,Napa,055,140530,34465,34402,1531,35933,170
2023-03-04,Nevada,057,99092,20179,20146,2325,22471,133
2023-03-04,Orange,059,3164182,712745,709802,78265,788067,7943
2023-03-04,Placer,061,380077,81198,80996,10267,91263,682
2023-03-04,Plumas,063,18699,3833,3830,461,4291,15
2023-03-04,Riverside,065,2383286,735797,734008,41595,775603,6842
2023-03-04,Sacramento,067,1510023,371839,370439,38109,408548,3534
2023-03-04,San Benito,069,59416,17670,17637,1139,18776,116
2023-03-04,San Bernardino,071,2135413,711103,709085,34668,743753,8170
2023-03-04,San Diego,073,3302833,986313,985023,81349,1066372,5785
2023-03-04,San Francisco,075,870044,196604,195947,13387,209334,1174
2023-03-04,San Joaquin,077,732212,210176,209753,16940,226693,2420
2023-03-04,San Luis Obispo,079,281455,66528,66407,8153,74560,561
2023-03-04,San Mateo,081,765935,183686,182769,11225,193994,750
2023-03-04,Santa Barbara,083,443738,112267,112122,7749,119871,761
2023-03-04,Santa Clara,085,1922200,476830,474566,21317,495883,2715
2023-03-04,Santa Cruz,087,273765,68528,68315,3981,72296,276
2023-03-04,Shasta,089,179085,36511,36444,8333,44777,607
2023-03-04,Sierra,091,2930,312,311,61,372,5
2023-03-04,Siskiyou,093,43540,5469,5462,3444,8906,95
2023-03-04,Solano,095,438530,114048,113771,8667,122438,482
2023-03-04,Sonoma,097,501317,113775,113535,5813,119348,554
2023-03-04,Stanislaus,099,539301,145270,145047,23137,168184,1845
2023-03-04,Sutter,101,95872,25757,25728,2541,28269,238
2023-03-04,Tehama,103,63373,14470,14454,3418,17872,222
2023-03-04,Trinity,105,12862,1476,1474,506,1980,24
2023-03-04,Tulare,107,460477,128554,128286,40511,168797,1577
2023-03-04,Tuolumne,109,53932,16936,16875,1013,17888,203
2023-03-04,Ventura,111,848112,221106,220793,18166,238959,1673
2023-03-04,Yolo,113,214977,50106,50031,4921,54952,443
2023-03-04,Yuba,115,75493,20054,20015,1881,21896,134
2023-03-03,Alameda,001,1643700,380140,378544,22570,401114,2184
2023-03-03,Alpine,002,1148,139,139,4,143,0
2023-03-03,Amador,005,37829,10577,10569,975,11544,99
2023-03-03,Butte,007,227075,41719,41655,10272,51927,487
2023-03-03,Calaveras,009,45235,9009,8993,644,9637,140
2023-03-03,Colusa,011,21464,3989,3984,1369,5353,22
2023-03-03,Contra Costa,013,1133247,273326,272604,22423,295027,1556
2023-03-03,Del Norte,015,27424,7936,7930,476,8406,60
2023-03-03,El Dorado,017,186661,34604,34553,4562,39115,244
2023-03-03,Fresno,019,978130,294815,294108,34978,329086,2994
2023-03-03,Glenn,021,27897,5789,5788,2019,7807,58
2023-03-03,Humboldt,023,135768,23383,23359,5931,29290,169
2023-03-03,Imperial,025,180216,70141,69938,19042,88980,975
2023-03-03,Inyo,027,18085,4770,4763,1312,6075,63
2023-03-03,Kern,029,883053,230635,229772,73285,303057,2476
2023-03-03,Kings,031,150075,62886,62825,4491,67316,481
2023-03-03,Lake,033,64148,13663,13639,1283,14922,155
2023-03-03,Lassen,035,31185,10261,10250,1065,11315,66
2023-03-03,Los Angeles,037,10098052,3494447,3487619,219482,3707101,35453
2023-03-03,Madera,039,155013,46341,46225,8902,55127,378
2023-03-03,Marin,041,260295,49205,49072,5709,54781,317
2023-03-03,Mariposa,043,17540,3360,3360,359,3719,33
2023-03-03,Mendocino,045,87422,16903,16880,4835,21715,143
2023-03-03,Merced,047,269075,76806,76442,12827,89269,903
2023-03-03,Modoc,049,8938,956,955,374,1329,11
2023-03-03,Mono,051,14174,3330,3326,302,3628,8
2023-03-03,Monterey,053,433212,98294,98109,24188,122297,800
2023-03-03,Napa,055,140530,34462,34402,1531,35933,170
2023-03-03,Nevada,057,99092,20178,20146,2325,22471,133
2023-03-03,Orange,059,3164182,712648,709802,78231,788033,7943
2023-03-03,Placer,061,380077,81177,80996,10266,91262,682
2023-03-03,Plumas,063,18699,3833,3830,461,4291,15
2023-03-03,Riverside,065,2383286,735700,734008,41575,775583,6842
2023-03-03,Sacramento,067,1510023,371771,370439,38096,408535,3534
2023-03-03,San Benito,069,59416,17669,17637,1139,18776,116
2023-03-03,San Bernardino,071,2135413,711016,709085,34665,743750,8170
2023-03-03,San Diego,073,3302833,986197,985023,81332,1066355,5785
2023-03-03,San Francisco,075,870044,196549,195947,13383,209330,1174
2023-03-03,San Joaquin,077,732212,210144,209753,16934,226687,2420
2023-03-03,San Luis Obispo,079,281455,66519,66407,8151,74558,561
2023-03-03,San Mateo,081,765935,183644,182769,11224,193993,750
2023-03-03,Santa Barbara,083,443738,112247,112122,7749,119871,761
2023-03-03,Santa Clara,085,1922200,476719,474566,21302,495868,2715
2023-03-03,Santa Cruz,087,273765,68511,68315,3981,72296,276
2023-03-03,Shasta,089,179085,36508,36444,8332,44776,607
2023-03-03,Sierra,091,2930,312,311,61,372,5
2023-03-03,Siskiyou,093,43540,5469,5462,3444,8906,95
2023-03-03,Solano,095,438530,114030,113771,8666,122437,482
2023-03-03,Sonoma,097,501317,113751,113535,5813,119348,554
2023-03-03,Stanislaus,099,539301,145242,145047,23136,168183,1845
2023-03-03,Sutter,101,95872,25753,25728,2541,28269,238
2023-03-03,Tehama,103,63373,14470,14454,3417,17871,222
2023-03-03,Trinity,105,12862,1476,1474,506,1980,24
2023-03-03,Tulare,107,460477,128530,128286,40501,168787,1577
2023-03-03,Tuolumne,109,53932,16934,16875,1013,17888,203
2023-03-03,Ventura,111,848112,221081,220793,18164,238957,1673
2023-03-03,Yolo,113,214977,50102,50031,4920,54951,443
2023-03-03,Yuba,115,75493,20049,20015,1881,21896,134
2023-03-02,Alameda,001,1643700,380002,378544,22551,401095,2184
2023-03-02,Alpine,002,1148,139,139,4,143,0
2023-03-02,Amador,005,37829,10576,10569,975,11544,99
2023-03-02,Butte,007,227075,41715,41655,10270,51925,487
2023-03-02,Calaveras,009,45235,9003,8993,644,9637,140
2023-03-02,Colusa,011,21464,3989,3984,1363,5347,22
2023-03-02,Contra Costa,013,1133247,273197,272604,22422,295026,1556
2023-03-02,Del Norte,015,27424,7936,7930,476,8406,60
2023-03-02,El Dorado,017,186661,34596,34553,4562,39115,244
2023-03-02,Fresno,019,978130,294761,294108,34966,329074,2994
2023-03-02,Glenn,021,27897,5789,5788,2019,7807,58
2023-03-02,Humboldt,023,135768,23380,23359,5931,29290,169
2023-03-02,Imperial,025,180216,70121,69938,19035,88973,975
2023-03-02,Inyo,027,18085,4770,4763,1312,6075,63
2023-03-02,Kern,029,883053,230589,229772,73244,303016,2476
2023-03-02,Kings,031,150075,62873,62825,4489,67314,481
2023-03-02,Lake,033,64148,13659,13639,1283,14922,155
2023-03-02,Lassen,035,31185,10260,10250,1065,11315,66
2023-03-02,Los Angeles,037,10098052,3493845,3487619,219383,3707002,35453
2023-03-02,Madera,039,155013,46326,46225,8902,55127,378
2023-03-02,Marin,041,260295,49188,49072,5708,54780,317
2023-03-02,Mariposa,043,17540,3360,3360,359,3719,33
2023-03-02,Mendocino,045,87422,16899,16880,4835,21715,143
2023-03-02,Merced,047,269075,76769,76442,12821,89263,903
2023-03-02,Modoc,049,8938,956,955,374,1329,11
2023-03-02,Mono,051,14174,3329,3326,302,3628,8
2023-03-02,Monterey,053,433212,98279,98109,24167,122276,800
2023-03-02,Napa,055,140530,34451,34402,1531,35933,170
2023-03-02,Nevada,057,99092,20173,20146,2325,22471,133
2023-03-02,Orange,059,3164182,712520,709802,78181,787983,7943
2023-03-02,Placer,061,380077,81156,80996,10264,91260,682
2023-03-02,Plumas,063,18699,3833,3830,461,4291,15
2023-03-02,Riverside,065,2383286,735566,734008,41556,775564,6842
2023-03-02,Sacramento,067,1510023,371661,370439,38072,408511,3534
2023-03-02,San Benito,069,59416,17667,17637,1139,18776,116
2023-03-02,San Bernardino,071,2135413,710914,709085,34658,743743,8170
2023-03-02,San Diego,073,3302833,985978,985023,81297,1066320,5785
2023-03-02,San Francisco,075,870044,196449,195947,13372,209319,1174
2023-03-02,San Joaquin,077,732212,210098,209753,16926,226679,2420
2023-03-02,San Luis Obispo,079,281455,66511,66407,8149,74556,561
2023-03-02,San Mateo,081,765935,183583,182769,11218,193987,750
2023-03-02,Santa Barbara,083,443738,112231,112122,7745,119867,761
2023-03-02,Santa Clara,085,1922200,476570,474566,21285,495851,2715
2023-03-02,Santa Cruz,087,273765,68502,68315,3978,72293,276
2023-03-02,Shasta,089,179085,36503,36444,8329,44773,607
2023-03-02,Sierra,091,2930,312,311,61,372,5
2023-03-02,Siskiyou,093,43540,5467,5462,3444,8906,95
2023-03-02,Solano,095,438530,113984,113771,8665,122436,482
2023-03-02,Sonoma,097,501317,113711,113535,5812,119347,554
2023-03-02,Stanislaus,099,539301,145211,145047,23134,168181,1845
2023-03-02,Sutter,101,95872,25748,25728,2540,28268,238
2023-03-02,Tehama,103,63373,14467,14454,3415,17869,222
2023-03-02,Trinity,105,12862,1476,1474,505,1979,24
2023-03-02,Tulare,107,460477,128501,128286,40483,168769,1577
2023-03-02,Tuolumne,109,53932,16931,16875,1013,17888,203
2023-03-02,Ventura,111,848112,221046,220793,18156,238949,1673
2023-03-02,Yolo,113,214977,50091,50031,4915,54946,443
2023-03-02,Yuba,115,75493,20044,20015,1881,21896,134
2023-03-01,Alameda,001,1643700,379873,378544,22540,401084,2184
2023-03-01,Alpine,002,1148,139,139,4,143,0
2023-03-01,Amador,005,37829,10574,10569,975,11544,99
2023-03-01,Butte,007,227075,41710,41655,10268,51923,487
2023-03-01,Calaveras,009,45235,9001,8993,644,9637,140
2023-03-01,Colusa,011,21464,3988,3984,1358,5342,22
2023-03-01,Contra Costa,013,1133247,273114,272604,22414,295018,1556
2023-03-01,Del Norte,015,27424,7936,7930,476,8406,60
2023-03-01,El Dorado,017,186661,34584,34553,4560,39113,244
2023-03-01,Fresno,019,978130,294705,294108,34961,329069,2994
2023-03-01,Glenn,021,27897,5788,5788,2018,7806,58
2023-03-01,Humboldt,023,135768,23379,23359,5930,29289,169
2023-03-01,Imperial,025,180216,70099,69938,19024,88962,975
2023-03-01,Inyo,027,18085,4769,4763,1312,6075,63
2023-03-01,Kern,029,883053,230539,229772,73223,302995,2476
2023-03-01,Kings,031,150075,62865,62825,4489,67314,481
2023-03-01,Lake,033,64148,13654,13639,1283,14922,155
2023-03-01,Lassen,035,31185,10259,10250,1065,11315,66
2023-03-01,Los Angeles,037,10098052,3493053,3487619,219260,3706879,35453
2023-03-01,Madera,039,155013,46307,46225,8900,55125,378
2023-03-01,Marin,041,260295,49167,49072,5708,54780,317
2023-03-01,Mariposa,043,17540,3360,3360,359,3719,33
2023-03-01,Mendocino,045,87422,16895,16880,4835,21715,143
2023-03-01,Merced,047,269075,76751,76442,12820,89262,903
2023-03-01,Modoc,049,8938,956,955,374,1329,11
2023-03-01,Mono,051,14174,3326,3326,302,3628,8
2023-03-01,Monterey,053,433212,98252,98109,24147,122256,800
2023-03-01,Napa,055,140530,34445,34402,1531,35933,170
2023-03-01,Nevada,057,99092,20166,20146,2321,22467,133
2023-03-01,Orange,059,3164182,712369,709802,78133,787935,7943
2023-03-01,Placer,061,380077,81119,80996,10263,91259,682
2023-03-01,Plumas,063,18699,3832,3830,461,4291,15
2023-03-01,Riverside,065,2383286,735425,734008,41536,775544,6842
2023-03-01,Sacramento,067,1510023,371549,370439,38060,408499,3534
2023-03-01,San Benito,069,59416,17665,17637,1139,18776,116
2023-03-01,San Bernardino,071,2135413,710815,709085,34655,743740,8170
2023-03-01,San Diego,073,3302833,985764,985023,81268,1066291,5785
2023-03-01,San Francisco,075,870044,196367,195947,13367,209314,1174
2023-03-01,San Joaquin,077,732212,210022,209753,16920,226673,2420
2023-03-01,San Luis Obispo,079,281455,66498,66407,8148,74555,561
2023-03-01,San Mateo,081,765935,183516,182769,11216,193985,750
2023-03-01,Santa Barbara,083,443738,112210,112122,7745,119867,761
2023-03-01,Santa Clara,085,1922200,476421,474566,21263,495829,2715
2023-03-01,Santa Cruz,087,273765,68477,68315,3973,72288,276
2023-03-01,Shasta,089,179085,36501,36444,8328,44772,607
2023-03-01,Sierra,091,2930,312,311,61,372,5
2023-03-01,Siskiyou,093,43540,5465,5462,3444,8906,95
2023-03-01,Solano,095,438530,113947,113771,8662,122433,482
2023-03-01,Sonoma,097,501317,113683,113535,5809,119344,554
2023-03-01,Stanislaus,099,539301,145173,145047,23124,168171,1845
2023-03-01,Sutter,101,95872,25745,25728,2540,28268,238
2023-03-01,Tehama,103,63373,14462,14454,3413,17867,222
2023-03-01,Trinity,105,12862,1476,1474,505,1979,24
2023-03-01,Tulare,107,460477,128476,128286,40466,168752,1577
2023-03-01,Tuolumne,109,53932,16929,16875,1012,17887,203
2023-03-01,Ventura,111,848112,221000,220793,18151,238944,1673
2023-03-01,Yolo,113,214977,50085,50031,4912,54943,443
2023-03-01,Yuba,115,75493,20041,20015,1881,21896,134
2023-02-28,Alameda,001,1643700,379701,378544,22503,401047,2184
2023-02-28,Alpine,002,1148,139,139,4,143,0
2023-02-28,Amador,005,37829,10571,10569,974,11543,99
2023-02-28,Butte,007,227075,41705,41655,10263,51918,487
2023-02-28,Calaveras,009,45235,8998,8993,643,9636,140
2023-02-28,Colusa,011,21464,3986,3984,1357,5341,22
2023-02-28,Contra Costa,013,1133247,272981,272604,22411,295015,1556
2023-02-28,Del Norte,015,27424,7933,7930,476,8406,60
2023-02-28,El Dorado,017,186661,34577,34553,4557,39110,244
2023-02-28,Fresno,019,978130,294639,294108,34954,329062,2994
2023-02-28,Glenn,021,27897,5788,5788,2016,7804,58
2023-02-28,Humboldt,023,135768,23372,23359,5928,29287,169
2023-02-28,Imperial,025,180216,70078,69938,19009,88947,975
2023-02-28,Inyo,027,18085,4769,4763,1311,6074,63
2023-02-28,Kern,029,883053,230503,229772,73186,302958,2476
2023-02-28,Kings,031,150075,62857,62825,4488,67313,481
2023-02-28,Lake,033,64148,13649,13639,1283,14922,155
2023-02-28,Lassen,035,31185,10259,10250,1065,11315,66
2023-02-28,Los Angeles,037,10098052,3492346,3487619,219119,3706738,35453
2023-02-28,Madera,039,155013,46291,46225,8899,55124,378
2023-02-28,Marin,041,260295,49151,49072,5707,54779,317
2023-02-28,Mariposa,043,17540,3360,3360,359,3719,33
2023-02-28,Mendocino,045,87422,16890,16880,4835,21715,143
2023-02-28,Merced,047,269075,76731,76442,12818,89260,903
2023-02-28,Modoc,049,8938,956,955,374,1329,11
2023-02-28,Mono,051,14174,3326,3326,302,3628,8
2023-02-28,Monterey,053,433212,98229,98109,24123,122232,800
2023-02-28,Napa,055,140530,34434,34402,1530,35932,170
2023-02-28,Nevada,057,99092,20166,20146,2321,22467,133
2023-02-28,Orange,059,3164182,712210,709802,78100,787902,7943
2023-02-28,Placer,061,380077,81096,80996,10261,91257,682
2023-02-28,Plumas,063,18699,3832,3830,461,4291,15
2023-02-28,Riverside,065,2383286,735297,734008,41511,775519,6842
2023-02-28,Sacramento,067,1510023,371382,370439,38033,408472,3534
2023-02-28,San Benito,069,59416,17660,17637,1137,18774,116
2023-02-28,San Bernardino,071,2135413,710679,709085,34645,743730,8170
2023-02-28,San Diego,073,3302833,985547,985023,81236,1066259,5785
2023-02-28,San Francisco,075,870044,196268,195947,13361,209308,1174
2023-02-28,San Joaquin,077,732212,209972,209753,16916,226669,2420
2023-02-28,San Luis Obispo,079,281455,66484,66407,8143,74550,561
2023-02-28,San Mateo,081,765935,183454,182769,11210,193979,750
2023-02-28,Santa Barbara,083,443738,112181,112122,7743,119865,761
2023-02-28,Santa Clara,085,1922200,476224,474566,21247,495813,2715
2023-02-28,Santa Cruz,087,273765,68450,68315,3971,72286,276
2023-02-28,Shasta,089,179085,36498,36444,8324,44768,607
2023-02-28,Sierra,091,2930,312,311,61,372,5
2023-02-28,Siskiyou,093,43540,5465,5462,3444,8906,95
2023-02-28,Solano,095,438530,113909,113771,8658,122429,482
2023-02-28,Sonoma,097,501317,113653,113535,5808,119343,554
2023-02-28,Stanislaus,099,539301,145133,145047,23114,168161,1845
2023-02-28,Sutter,101,95872,25736,25728,2540,28268,238
2023-02-28,Tehama,103,63373,14462,14454,3411,17865,222
2023-02-28,Trinity,105,12862,1476,1474,505,1979,24
2023-02-28,Tulare,107,460477,128437,128286,40456,168742,1577
2023-02-28,Tuolumne,109,53932,16917,16875,1012,17887,203
2023-02-28,Ventura,111,848112,220965,220793,18145,238938,1673
2023-02-28,Yolo,113,214977,50074,50031,4910,54941,443
2023-02-28,Yuba,115,75493,20035,20015,1880,21895,134
2023-02-27,Alameda,001,1643700,379550,377332,22480,399812,2174
2023-02-27,Alpine,002,1148,139,139,4,143,0
2023-02-27,Amador,005,37829,10571,10541,974,11515,99
2023-02-27,Butte,007,227075,41697,41596,10262,51858,487
2023-02-27,Calaveras,009,45235,8996,8974,643,9617,140
2023-02-27,Colusa,011,21464,3985,3971,1355,5326,22
2023-02-27,Contra Costa,013,1133247,272883,271445,22395,293840,1552
2023-02-27,Del Norte,015,27424,7931,7920,476,8396,60
2023-02-27,El Dorado,017,186661,34570,34500,4556,39056,244
2023-02-27,Fresno,019,978130,294573,293597,34943,328540,2991
2023-02-27,Glenn,021,27897,5787,5782,2016,7798,58
2023-02-27,Humboldt,023,135768,23371,23339,5928,29267,169
2023-02-27,Imperial,025,180216,70046,69789,18997,88786,974
2023-02-27,Inyo,027,18085,4767,4758,1310,6068,63
2023-02-27,Kern,029,883053,230410,229379,73141,302520,2476
2023-02-27,Kings,031,150075,62850,62766,4485,67251,478
2023-02-27,Lake,033,64148,13647,13620,1283,14903,155
2023-02-27,Lassen,035,31185,10259,10248,1065,11313,67
2023-02-27,Los Angeles,037,10098052,3491455,3481382,218948,3700330,35366
2023-02-27,Madera,039,155013,46282,46164,8899,55063,378
2023-02-27,Marin,041,260295,49123,48920,5706,54626,317
2023-02-27,Mariposa,043,17540,3360,3352,359,3711,33
2023-02-27,Mendocino,045,87422,16886,16853,4835,21688,144
2023-02-27,Merced,047,269075,76704,76318,12813,89131,903
2023-02-27,Modoc,049,8938,956,954,374,1328,11
2023-02-27,Mono,051,14174,3326,3321,302,3623,8
2023-02-27,Monterey,053,433212,98209,97918,24092,122010,797
2023-02-27,Napa,055,140530,34428,34318,1530,35848,165
2023-02-27,Nevada,057,99092,20165,20125,2321,22446,133
2023-02-27,Orange,059,3164182,712019,708420,78052,786472,7914
2023-02-27,Placer,061,380077,81077,80815,10260,91075,682
2023-02-27,Plumas,063,18699,3832,3825,461,4286,15
2023-02-27,Riverside,065,2383286,735153,733001,41476,774477,6837
2023-02-27,Sacramento,067,1510023,371230,369563,37999,407562,3514
2023-02-27,San Benito,069,59416,17655,17599,1137,18736,116
2023-02-27,San Bernardino,071,2135413,710561,708208,34631,742839,8170
2023-02-27,San Diego,073,3302833,985277,983163,81196,1064359,5768
2023-02-27,San Francisco,075,870044,196165,195263,13357,208620,1168
2023-02-27,San Joaquin,077,732212,209917,209376,16903,226279,2417
2023-02-27,San Luis Obispo,079,281455,66468,66318,8139,74457,561
2023-02-27,San Mateo,081,765935,183380,182302,11207,193509,749
2023-02-27,Santa Barbara,083,443738,112160,111918,7742,119660,761
2023-02-27,Santa Clara,085,1922200,476036,473306,21225,494531,2699
2023-02-27,Santa Cruz,087,273765,68438,68187,3967,72154,276
2023-02-27,Shasta,089,179085,36493,36417,8324,44741,605
2023-02-27,Sierra,091,2930,312,311,61,372,5
2023-02-27,Siskiyou,093,43540,5464,5448,3443,8891,95
2023-02-27,Solano,095,438530,113872,113469,8655,122124,481
2023-02-27,Sonoma,097,501317,113614,113286,5807,119093,552
2023-02-27,Stanislaus,099,539301,145081,144793,23102,167895,1843
2023-02-27,Sutter,101,95872,25726,25688,2540,28228,238
2023-02-27,Tehama,103,63373,14460,14441,3411,17852,222
2023-02-27,Trinity,105,12862,1474,1472,505,1977,24
2023-02-27,Tulare,107,460477,128402,128042,40421,168463,1567
2023-02-27,Tuolumne,109,53932,16905,16833,1012,17845,203
2023-02-27,Ventura,111,848112,220914,220499,18140,238639,1665
2023-02-27,Yolo,113,214977,50060,49933,4909,54842,442
2023-02-27,Yuba,115,75493,20021,19981,1880,21861,134
2023-02-26,Alameda,001,1643700,379364,377332,22453,399785,2174
2023-02-26,Alpine,002,1148,139,139,4,143,0
2023-02-26,Amador,005,37829,10567,10541,974,11515,99
2023-02-26,Butte,007,227075,41690,41596,10260,51856,487
2023-02-26,Calaveras,009,45235,8994,8974,643,9617,140
2023-02-26,Colusa,011,21464,3984,3971,1345,5316,22
2023-02-26,Contra Costa,013,1133247,272778,271445,22383,293828,1552
2023-02-26,Del Norte,015,27424,7930,7920,476,8396,60
2023-02-26,El Dorado,017,186661,34558,34500,4552,39052,244
2023-02-26,Fresno,019,978130,294507,293597,34916,328513,2991
2023-02-26,Glenn,021,27897,5787,5782,2016,7798,58
2023-02-26,Humboldt,023,135768,23366,23339,5925,29264,169
2023-02-26,Imperial,025,180216,70014,69789,18985,88774,974
2023-02-26,Inyo,027,18085,4767,4758,1310,6068,63
2023-02-26,Kern,029,883053,230342,229379,73093,302472,2476
2023-02-26,Kings,031,150075,62838,62766,4481,67247,478
2023-02-26,Lake,033,64148,13644,13620,1283,14903,155
2023-02-26,Lassen,035,31185,10258,10248,1064,11312,67
2023-02-26,Los Angeles,037,10098052,3490546,3481382,218769,3700151,35366
2023-02-26,Madera,039,155013,46271,46164,8896,55060,378
2023-02-26,Marin,041,260295,49109,48920,5704,54624,317
2023-02-26,Mariposa,043,17540,3360,3352,359,3711,33
2023-02-26,Mendocino,045,87422,16885,16853,4832,21685,144
2023-02-26,Merced,047,269075,76682,76318,12805,89123,903
2023-02-26,Modoc,049,8938,956,954,374,1328,11
2023-02-26,Mono,051,14174,3326,3321,302,3623,8
2023-02-26,Monterey,053,433212,98190,97918,24063,121981,797
2023-02-26,Napa,055,140530,34415,34318,1529,35847,165
2023-02-26,Nevada,057,99092,20163,20125,2320,22445,133
2023-02-26,Orange,059,3164182,711849,708420,77979,786399,7914
2023-02-26,Placer,061,380077,81055,80815,10259,91074,682
2023-02-26,Plumas,063,18699,3832,3825,461,4286,15
2023-02-26,Riverside,065,2383286,734997,733001,41433,774434,6837
2023-02-26,Sacramento,067,1510023,371064,369563,37956,407519,3514
2023-02-26,San Benito,069,59416,17652,17599,1136,18735,116
2023-02-26,San Bernardino,071,2135413,710406,708208,34617,742825,8170
2023-02-26,San Diego,073,3302833,984972,983163,81147,1064310,5768
2023-02-26,San Francisco,075,870044,196066,195263,13353,208616,1168
2023-02-26,San Joaquin,077,732212,209823,209376,16887,226263,2417
2023-02-26,San Luis Obispo,079,281455,66446,66318,8130,74448,561
2023-02-26,San Mateo,081,765935,183296,182302,11202,193504,749
2023-02-26,Santa Barbara,083,443738,112135,111918,7739,119657,761
2023-02-26,Santa Clara,085,1922200,475818,473306,21215,494521,2699
2023-02-26,Santa Cruz,087,273765,68417,68187,3965,72152,276
2023-02-26,Shasta,089,179085,36487,36417,8320,44737,605
2023-02-26,Sierra,091,2930,312,311,61,372,5
2023-02-26,Siskiyou,093,43540,5464,5448,3443,8891,95
2023-02-26,Solano,095,438530,113818,113469,8649,122118,481
2023-02-26,Sonoma,097,501317,113577,113286,5803,119089,552
2023-02-26,Stanislaus,099,539301,145038,144793,23083,167876,1843
2023-02-26,Sutter,101,95872,25717,25688,2539,28227,238
2023-02-26,Tehama,103,63373,14458,14441,3410,17851,222
2023-02-26,Trinity,105,12862,1474,1472,505,1977,24
2023-02-26,Tulare,107,460477,128366,128042,40398,168440,1567
2023-02-26,Tuolumne,109,53932,16903,16833,1008,17841,203
2023-02-26,Ventura,111,848112,220877,220499,18134,238633,1665
2023-02-26,Yolo,113,214977,50037,49933,4904,54837,442
2023-02-26,Yuba,115,75493,20013,19981,1877,21858,134
2023-02-25,Alameda,001,1643700,379256,377332,22443,399775,2174
2023-02-25,Alpine,002,1148,139,139,4,143,0
2023-02-25,Amador,005,37829,10565,10541,974,11515,99
2023-02-25,Butte,007,227075,41689,41596,10257,51853,487
2023-02-25,Calaveras,009,45235,8993,8974,643,9617,140
2023-02-25,Colusa,011,21464,3980,3971,1344,5315,22
2023-02-25,Contra Costa,013,1133247,272700,271445,22379,293824,1552
2023-02-25,Del Norte,015,27424,7928,7920,474,8394,60
2023-02-25,El Dorado,017,186661,34552,34500,4551,39051,244
2023-02-25,Fresno,019,978130,294467,293597,34908,328505,2991
2023-02-25,Glenn,021,27897,5787,5782,2016,7798,58
2023-02-25,Humboldt,023,135768,23365,23339,5925,29264,169
2023-02-25,Imperial,025,180216,69994,69789,18983,88772,974
2023-02-25,Inyo,027,18085,4767,4758,1308,6066,63
2023-02-25,Kern,029,883053,230305,229379,73065,302444,2476
2023-02-25,Kings,031,150075,62832,62766,4479,67245,478
2023-02-25,Lake,033,64148,13644,13620,1283,14903,155
2023-02-25,Lassen,035,31185,10258,10248,1064,11312,67
2023-02-25,Los Angeles,037,10098052,3490064,3481382,218680,3700062,35366
2023-02-25,Madera,039,155013,46266,46164,8896,55060,378
2023-02-25,Marin,041,260295,49097,48920,5703,54623,317
2023-02-25,Mariposa,043,17540,3359,3352,359,3711,33
2023-02-25,Mendocino,045,87422,16882,16853,4832,21685,144
2023-02-25,Merced,047,269075,76667,76318,12796,89114,903
2023-02-25,Modoc,049,8938,956,954,374,1328,11
2023-02-25,Mono,051,14174,3325,3321,302,3623,8
2023-02-25,Monterey,053,433212,98170,97918,24047,121965,797
2023-02-25,Napa,055,140530,34409,34318,1528,35846,165
2023-02-25,Nevada,057,99092,20162,20125,2319,22444,133
2023-02-25,Orange,059,3164182,711747,708420,77934,786354,7914
2023-02-25,Placer,061,380077,81033,80815,10259,91074,682
2023-02-25,Plumas,063,18699,3832,3825,461,4286,15
2023-02-25,Riverside,065,2383286,734922,733001,41408,774409,6837
2023-02-25,Sacramento,067,1510023,370995,369563,37950,407513,3514
2023-02-25,San Benito,069,59416,17650,17599,1136,18735,116
2023-02-25,San Bernardino,071,2135413,710335,708208,34605,742813,8170
2023-02-25,San Diego,073,3302833,984819,983163,81129,1064292,5768
2023-02-25,San Francisco,075,870044,196012,195263,13351,208614,1168
2023-02-25,San Joaquin,077,732212,209778,209376,16877,226253,2417
2023-02-25,San Luis Obispo,079,281455,66439,66318,8127,74445,561
2023-02-25,San Mateo,081,765935,183256,182302,11198,193500,749
2023-02-25,Santa Barbara,083,443738,112115,111918,7737,119655,761
2023-02-25,Santa Clara,085,1922200,475654,473306,21206,494512,2699
2023-02-25,Santa Cruz,087,273765,68403,68187,3960,72147,276
2023-02-25,Shasta,089,179085,36483,36417,8317,44734,605
2023-02-25,Sierra,091,2930,312,311,61,372,5
2023-02-25,Siskiyou,093,43540,5464,5448,3443,8891,95
2023-02-25,Solano,095,438530,113796,113469,8646,122115,481
2023-02-25,Sonoma,097,501317,113554,113286,5803,119089,552
2023-02-25,Stanislaus,099,539301,145015,144793,23081,167874,1843
2023-02-25,Sutter,101,95872,25714,25688,2539,28227,238
2023-02-25,Tehama,103,63373,14457,14441,3409,17850,222
2023-02-25,Trinity,105,12862,1474,1472,505,1977,24
2023-02-25,Tulare,107,460477,128343,128042,40386,168428,1567
2023-02-25,Tuolumne,109,53932,16896,16833,1006,17839,203
2023-02-25,Ventura,111,848112,220853,220499,18131,238630,1665
2023-02-25,Yolo,113,214977,50029,49933,4903,54836,442
2023-02-25,Yuba,115,75493,20010,19981,1876,21857,134
2023-02-24,Alameda,001,1643700,379155,377332,22417,399749,2174
2023-02-24,Alpine,002,1148,139,139,4,143,0
2023-02-24,Amador,005,37829,10563,10541,973,11514,99
2023-02-24,Butte,007,227075,41684,41596,10254,51850,487
2023-02-24,Calaveras,009,45235,8990,8974,643,9617,140
2023-02-24,Colusa,011,21464,3980,3971,1344,5315,22
2023-02-24,Contra Costa,013,1133247,272626,271445,22376,293821,1552
2023-02-24,Del Norte,015,27424,7928,7920,474,8394,60
2023-02-24,El Dorado,017,186661,34546,34500,4548,39048,244
2023-02-24,Fresno,019,978130,294421,293597,34903,328500,2991
2023-02-24,Glenn,021,27897,5787,5782,2016,7798,58
2023-02-24,Humboldt,023,135768,23362,23339,5925,29264,169
2023-02-24,Imperial,025,180216,69985,69789,18975,88764,974
2023-02-24,Inyo,027,18085,4767,4758,1308,6066,63
2023-02-24,Kern,029,883053,230274,229379,73036,302415,2476
2023-02-24,Kings,031,150075,62826,62766,4479,67245,478
2023-02-24,Lake,033,64148,13642,13620,1283,14903,155
2023-02-24,Lassen,035,31185,10258,10248,1064,11312,67
2023-02-24,Los Angeles,037,10098052,3489615,3481382,218569,3699951,35366
2023-02-24,Madera,039,155013,46263,46164,8896,55060,378
2023-02-24,Marin,041,260295,49066,48920,5700,54620,317
2023-02-24,Mariposa,043,17540,3359,3352,359,3711,33
2023-02-24,Mendocino,045,87422,16880,16853,4832,21685,144
2023-02-24,Merced,047,269075,76650,76318,12793,89111,903
2023-02-24,Modoc,049,8938,956,954,374,1328,11
2023-02-24,Mono,051,14174,3325,3321,302,3623,8
2023-02-24,Monterey,053,433212,98145,97918,24024,121942,797
2023-02-24,Napa,055,140530,34400,34318,1528,35846,165
2023-02-24,Nevada,057,99092,20159,20125,2319,22444,133
2023-02-24,Orange,059,3164182,711642,708420,77896,786316,7914
2023-02-24,Placer,061,380077,81009,80815,10259,91074,682
2023-02-24,Plumas,063,18699,3831,3825,461,4286,15
2023-02-24,Riverside,065,2383286,734844,733001,41393,774394,6837
2023-02-24,Sacramento,067,1510023,370916,369563,37942,407505,3514
2023-02-24,San Benito,069,59416,17648,17599,1136,18735,116
2023-02-24,San Bernardino,071,2135413,710257,708208,34598,742806,8170
2023-02-24,San Diego,073,3302833,984668,983163,81098,1064261,5768
2023-02-24,San Francisco,075,870044,195942,195263,13347,208610,1168
2023-02-24,San Joaquin,077,732212,209741,209376,16870,226246,2417
2023-02-24,San Luis Obispo,079,281455,66432,66318,8126,74444,561
2023-02-24,San Mateo,081,765935,183203,182302,11193,193495,749
2023-02-24,Santa Barbara,083,443738,112101,111918,7736,119654,761
2023-02-24,Santa Clara,085,1922200,475536,473306,21196,494502,2699
2023-02-24,Santa Cruz,087,273765,68382,68187,3959,72146,276
2023-02-24,Shasta,089,179085,36481,36417,8315,44732,605
2023-02-24,Sierra,091,2930,312,311,61,372,5
2023-02-24,Siskiyou,093,43540,5460,5448,3443,8891,95
2023-02-24,Solano,095,438530,113779,113469,8645,122114,481
2023-02-24,Sonoma,097,501317,113536,113286,5798,119084,552
2023-02-24,Stanislaus,099,539301,144990,144793,23078,167871,1843
2023-02-24,Sutter,101,95872,25710,25688,2539,28227,238
2023-02-24,Tehama,103,63373,14454,14441,3408,17849,222
2023-02-24,Trinity,105,12862,1474,1472,505,1977,24
2023-02-24,Tulare,107,460477,128320,128042,40370,168412,1567
2023-02-24,Tuolumne,109,53932,16893,16833,1006,17839,203
2023-02-24,Ventura,111,848112,220826,220499,18130,238629,1665
2023-02-24,Yolo,113,214977,50025,49933,4901,54834,442
2023-02-24,Yuba,115,75493,20007,19981,1874,21855,134
2023-02-23,Alameda,001,1643700,378997,377332,22405,399737,2174
2023-02-23,Alpine,002,1148,139,139,4,143,0
2023-02-23,Amador,005,37829,10561,10541,973,11514,99
2023-02-23,Butte,007,227075,41673,41596,10253,51849,487
2023-02-23,Calaveras,009,45235,8989,8974,642,9616,140
2023-02-23,Colusa,011,21464,3978,3971,1344,5315,22
2023-02-23,Contra Costa,013,1133247,272525,271445,22368,293813,1552
2023-02-23,Del Norte,015,27424,7928,7920,471,8391,60
2023-02-23,El Dorado,017,186661,34533,34500,4548,39048,244
2023-02-23,Fresno,019,978130,294360,293597,34897,328494,2991
2023-02-23,Glenn,021,27897,5787,5782,2016,7798,58
2023-02-23,Humboldt,023,135768,23359,23339,5924,29263,169
2023-02-23,Imperial,025,180216,69957,69789,18969,88758,974
2023-02-23,Inyo,027,18085,4767,4758,1308,6066,63
2023-02-23,Kern,029,883053,230229,229379,72996,302375,2476
2023-02-23,Kings,031,150075,62821,62766,4478,67244,478
2023-02-23,Lake,033,64148,13642,13620,1283,14903,155
2023-02-23,Lassen,035,31185,10258,10248,1064,11312,67
2023-02-23,Los Angeles,037,10098052,3488957,3481382,218441,3699823,35366
2023-02-23,Madera,039,155013,46258,46164,8890,55054,378
2023-02-23,Marin,041,260295,49047,48920,5699,54619,317
2023-02-23,Mariposa,043,17540,3357,3352,359,3711,33
2023-02-23,Mendocino,045,87422,16876,16853,4832,21685,144
2023-02-23,Merced,047,269075,76635,76318,12792,89110,903
2023-02-23,Modoc,049,8938,956,954,373,1327,11
2023-02-23,Mono,051,14174,3324,3321,302,3623,8
2023-02-23,Monterey,053,433212,98125,97918,23986,121904,797
2023-02-23,Napa,055,140530,34386,34318,1527,35845,165
2023-02-23,Nevada,057,99092,20155,20125,2319,22444,133
2023-02-23,Orange,059,3164182,711484,708420,77844,786264,7914
2023-02-23,Placer,061,380077,80983,80815,10257,91072,682
2023-02-23,Plumas,063,18699,3831,3825,460,4285,15
2023-02-23,Riverside,065,2383286,734743,733001,41378,774379,6837
2023-02-23,Sacramento,067,1510023,370770,369563,37916,407479,3514
2023-02-23,San Benito,069,59416,17643,17599,1135,18734,116
2023-02-23,San Bernardino,071,2135413,710123,708208,34582,742790,8170
2023-02-23,San Diego,073,3302833,984413,983163,81035,1064198,5768
2023-02-23,San Francisco,075,870044,195829,195263,13330,208593,1168
2023-02-23,San Joaquin,077,732212,209691,209376,16865,226241,2417
2023-02-23,San Luis Obispo,079,281455,66425,66318,8124,74442,561
2023-02-23,San Mateo,081,765935,183141,182302,11192,193494,749
2023-02-23,Santa Barbara,083,443738,112086,111918,7733,119651,761
2023-02-23,Santa Clara,085,1922200,475363,473306,21191,494497,2699
2023-02-23,Santa Cruz,087,273765,68360,68187,3956,72143,276
2023-02-23,Shasta,089,179085,36476,36417,8314,44731,605
2023-02-23,Sierra,091,2930,312,311,61,372,5
2023-02-23,Siskiyou,093,43540,5460,5448,3443,8891,95
2023-02-23,Solano,095,438530,113726,113469,8635,122104,481
2023-02-23,Sonoma,097,501317,113499,113286,5796,119082,552
2023-02-23,Stanislaus,099,539301,144957,144793,23074,167867,1843
2023-02-23,Sutter,101,95872,25707,25688,2539,28227,238
2023-02-23,Tehama,103,63373,14453,14441,3408,17849,222
2023-02-23,Trinity,105,12862,1474,1472,505,1977,24
2023-02-23,Tulare,107,460477,128296,128042,40348,168390,1567
2023-02-23,Tuolumne,109,53932,16878,16833,1005,17838,203
2023-02-23,Ventura,111,848112,220797,220499,18128,238627,1665
2023-02-23,Yolo,113,214977,50010,49933,4895,54828,442
2023-02-23,Yuba,115,75493,19999,19981,1872,21853,134
2023-02-22,Alameda,001,1643700,378846,377332,22389,399721,2174
2023-02-22,Alpine,002,1148,139,139,4,143,0
2023-02-22,Amador,005,37829,10560,10541,972,11513,99
2023-02-22,Butte,007,227075,41664,41596,10249,51845,487
2023-02-22,Calaveras,009,45235,8987,8974,642,9616,140
2023-02-22,Colusa,011,21464,3976,3971,1344,5315,22
2023-02-22,Contra Costa,013,1133247,272404,271445,22354,293799,1552
2023-02-22,Del Norte,015,27424,7926,7920,469,8389,60
2023-02-22,El Dorado,017,186661,34525,34500,4548,39048,244
2023-02-22,Fresno,019,978130,294285,293597,34878,328475,2991
2023-02-22,Glenn,021,27897,5787,5782,2016,7798,58
2023-02-22,Humboldt,023,135768,23354,23339,5922,29261,169
2023-02-22,Imperial,025,180216,69932,69789,18954,88743,974
2023-02-22,Inyo,027,18085,4766,4758,1305,6063,63
2023-02-22,Kern,029,883053,230169,229379,72951,302330,2476
2023-02-22,Kings,031,150075,62815,62766,4477,67243,478
2023-02-22,Lake,033,64148,13635,13620,1281,14901,155
2023-02-22,Lassen,035,31185,10258,10248,1064,11312,67
2023-02-22,Los Angeles,037,10098052,3488105,3481382,218256,3699638,35366
2023-02-22,Madera,039,155013,46248,46164,8889,55053,378
2023-02-22,Marin,041,260295,49026,48920,5698,54618,317
2023-02-22,Mariposa,043,17540,3357,3352,359,3711,33
2023-02-22,Mendocino,045,87422,16874,16853,4831,21684,144
2023-02-22,Merced,047,269075,76620,76318,12791,89109,903
2023-02-22,Modoc,049,8938,956,954,373,1327,11
2023-02-22,Mono,051,14174,3324,3321,302,3623,8
2023-02-22,Monterey,053,433212,98094,97918,23951,121869,797
2023-02-22,Napa,055,140530,34379,34318,1527,35845,165
2023-02-22,Nevada,057,99092,20154,20125,2318,22443,133
2023-02-22,Orange,059,3164182,711304,708420,77787,786207,7914
2023-02-22,Placer,061,380077,80963,80815,10255,91070,682
2023-02-22,Plumas,063,18699,3831,3825,460,4285,15
2023-02-22,Riverside,065,2383286,734570,733001,41358,774359,6837
2023-02-22,Sacramento,067,1510023,370619,369563,37888,407451,3514
2023-02-22,San Benito,069,59416,17639,17599,1134,18733,116
2023-02-22,San Bernardino,071,2135413,710005,708208,34565,742773,8170
2023-02-22,San Diego,073,3302833,984116,983163,80974,1064137,5768
2023-02-22,San Francisco,075,870044,195723,195263,13324,208587,1168
2023-02-22,San Joaquin,077,732212,209632,209376,16857,226233,2417
2023-02-22,San Luis Obispo,079,281455,66417,66318,8118,74436,561
2023-02-22,San Mateo,081,765935,183073,182302,11186,193488,749
2023-02-22,Santa Barbara,083,443738,112058,111918,7730,119648,761
2023-02-22,Santa Clara,085,1922200,475161,473306,21183,494489,2699
2023-02-22,Santa Cruz,087,273765,68346,68187,3949,72136,276
2023-02-22,Shasta,089,179085,36469,36417,8309,44726,605
2023-02-22,Sierra,091,2930,312,311,61,372,5
2023-02-22,Siskiyou,093,43540,5457,5448,3443,8891,95
2023-02-22,Solano,095,438530,113683,113469,8627,122096,481
2023-02-22,Sonoma,097,501317,113472,113286,5795,119081,552
2023-02-22,Stanislaus,099,539301,144922,144793,23060,167853,1843
2023-02-22,Sutter,101,95872,25692,25688,2539,28227,238
2023-02-22,Tehama,103,63373,14448,14441,3406,17847,222
2023-02-22,Trinity,105,12862,1474,1472,505,1977,24
2023-02-22,Tulare,107,460477,128261,128042,40317,168359,1567
2023-02-22,Tuolumne,109,53932,16874,16833,1000,17833,203
2023-02-22,Ventura,111,848112,220756,220499,18125,238624,1665
2023-02-22,Yolo,113,214977,49997,49933,4895,54828,442
2023-02-22,Yuba,115,75493,19995,19981,1871,21852,134
2023-02-21,Alameda,001,1643700,378670,377332,22381,399713,2174
2023-02-21,Alpine,002,1148,139,139,4,143,0
2023-02-21,Amador,005,37829,10557,10541,971,11512,99
2023-02-21,Butte,007,227075,41653,41596,10247,51843,487
2023-02-21,Calaveras,009,45235,8986,8974,642,9616,140
2023-02-21,Colusa,011,21464,3975,3971,1344,5315,22
2023-02-21,Contra Costa,013,1133247,272287,271445,22343,293788,1552
2023-02-21,Del Norte,015,27424,7925,7920,468,8388,60
2023-02-21,El Dorado,017,186661,34517,34500,4544,39044,244
2023-02-21,Fresno,019,978130,294209,293597,34862,328459,2991
2023-02-21,Glenn,021,27897,5785,5782,2016,7798,58
2023-02-21,Humboldt,023,135768,23346,23339,5919,29258,169
2023-02-21,Imperial,025,180216,69899,69789,18940,88729,974
2023-02-21,Inyo,027,18085,4766,4758,1305,6063,63
2023-02-21,Kern,029,883053,230078,229379,72908,302287,2476
2023-02-21,Kings,031,150075,62804,62766,4476,67242,478
2023-02-21,Lake,033,64148,13629,13620,1280,14900,155
2023-02-21,Lassen,035,31185,10256,10248,1062,11310,67
2023-02-21,Los Angeles,037,10098052,3487183,3481382,218039,3699421,35366
2023-02-21,Madera,039,155013,46241,46164,8886,55050,378
2023-02-21,Marin,041,260295,48998,48920,5695,54615,317
2023-02-21,Mariposa,043,17540,3356,3352,359,3711,33
2023-02-21,Mendocino,045,87422,16869,16853,4831,21684,144
2023-02-21,Merced,047,269075,76600,76318,12787,89105,903
2023-02-21,Modoc,049,8938,955,954,371,1325,11
2023-02-21,Mono,051,14174,3323,3321,302,3623,8
2023-02-21,Monterey,053,433212,98063,97918,23923,121841,797
2023-02-21,Napa,055,140530,34366,34318,1527,35845,165
2023-02-21,Nevada,057,99092,20145,20125,2317,22442,133
2023-02-21,Orange,059,3164182,711076,708420,77733,786153,7914
2023-02-21,Placer,061,380077,80923,80815,10254,91069,682
2023-02-21,Plumas,063,18699,3831,3825,460,4285,15
2023-02-21,Riverside,065,2383286,734402,733001,41327,774328,6837
2023-02-21,Sacramento,067,1510023,370462,369563,37862,407425,3514
2023-02-21,San Benito,069,59416,17635,17599,1134,18733,116
2023-02-21,San Bernardino,071,2135413,709876,708208,34554,742762,8170
2023-02-21,San Diego,073,3302833,983847,983163,80921,1064084,5768
2023-02-21,San Francisco,075,870044,195628,195263,13315,208578,1168
2023-02-21,San Joaquin,077,732212,209578,209376,16850,226226,2417
2023-02-21,San Luis Obispo,079,281455,66397,66318,8113,74431,561
2023-02-21,San Mateo,081,765935,182988,182302,11177,193479,749
2023-02-21,Santa Barbara,083,443738,112029,111918,7726,119644,761
2023-02-21,Santa Clara,085,1922200,474969,473306,21172,494478,2699
2023-02-21,Santa Cruz,087,273765,68330,68187,3946,72133,276
2023-02-21,Shasta,089,179085,36461,36417,8307,44724,605
2023-02-21,Sierra,091,2930,312,311,61,372,5
2023-02-21,Siskiyou,093,43540,5454,5448,3442,8890,95
2023-02-21,Solano,095,438530,113651,113469,8624,122093,481
2023-02-21,Sonoma,097,501317,113436,113286,5794,119080,552
2023-02-21,Stanislaus,099,539301,144890,144793,23051,167844,1843
2023-02-21,Sutter,101,95872,25687,25688,2539,28227,238
2023-02-21,Tehama,103,63373,14448,14441,3405,17846,222
2023-02-21,Trinity,105,12862,1474,1472,505,1977,24
2023-02-21,Tulare,107,460477,128227,128042,40295,168337,1567
2023-02-21,Tuolumne,109,53932,16867,16833,1000,17833,203
2023-02-21,Ventura,111,848112,220708,220499,18118,238617,1665
2023-02-21,Yolo,113,214977,49987,49933,4891,54824,442
2023-02-21,Yuba,115,75493,19990,19981,1871,21852,134
2023-02-20,Alameda,001,1643700,378433,376312,22360,398672,2174
2023-02-20,Alpine,002,1148,139,139,4,143,0
2023-02-20,Amador,005,37829,10552,10524,969,11493,99
2023-02-20,Butte,007,227075,41645,41548,10240,51788,484
2023-02-20,Calaveras,009,45235,8981,8960,642,9602,140
2023-02-20,Colusa,011,21464,3973,3960,1343,5303,22
2023-02-20,Contra Costa,013,1133247,272164,270737,22333,293070,1542
2023-02-20,Del Norte,015,27424,7924,7892,467,8359,59
2023-02-20,El Dorado,017,186661,34509,34430,4542,38972,243
2023-02-20,Fresno,019,978130,294107,293104,34837,327941,2983
2023-02-20,Glenn,021,27897,5784,5773,2016,7789,58
2023-02-20,Humboldt,023,135768,23342,23276,5919,29195,169
2023-02-20,Imperial,025,180216,69871,69669,18928,88597,974
2023-02-20,Inyo,027,18085,4763,4752,1304,6056,63
2023-02-20,Kern,029,883053,230009,228953,72842,301795,2474
2023-02-20,Kings,031,150075,62788,62684,4473,67157,473
2023-02-20,Lake,033,64148,13625,13595,1279,14874,155
2023-02-20,Lassen,035,31185,10256,10246,1062,11308,66
2023-02-20,Los Angeles,037,10098052,3486106,3475808,217782,3693590,35250
2023-02-20,Madera,039,155013,46220,46098,8883,54981,377
2023-02-20,Marin,041,260295,48978,48759,5692,54451,317
2023-02-20,Mariposa,043,17540,3353,3342,359,3701,32
2023-02-20,Mendocino,045,87422,16865,16830,4828,21658,143
2023-02-20,Merced,047,269075,76580,76157,12783,88940,903
2023-02-20,Modoc,049,8938,955,953,371,1324,11
2023-02-20,Mono,051,14174,3321,3319,302,3621,8
2023-02-20,Monterey,053,433212,98027,97704,23882,121586,796
2023-02-20,Napa,055,140530,34349,34245,1527,35772,165
2023-02-20,Nevada,057,99092,20140,20088,2317,22405,132
2023-02-20,Orange,059,3164182,710826,707080,77667,784747,7892
2023-02-20,Placer,061,380077,80898,80615,10250,90865,682
2023-02-20,Plumas,063,18699,3829,3819,460,4279,14
2023-02-20,Riverside,065,2383286,734240,731962,41311,773273,6827
2023-02-20,Sacramento,067,1510023,370302,368833,37820,406653,3507
2023-02-20,San Benito,069,59416,17626,17566,1134,18700,115
2023-02-20,San Bernardino,071,2135413,709698,707191,34538,741729,8171
2023-02-20,San Diego,073,3302833,983473,981249,80843,1062092,5759
2023-02-20,San Francisco,075,870044,195505,194654,13309,207963,1164
2023-02-20,San Joaquin,077,732212,209502,208935,16846,225781,2415
2023-02-20,San Luis Obispo,079,281455,66385,66209,8111,74320,559
2023-02-20,San Mateo,081,765935,182903,181782,11170,192952,749
2023-02-20,Santa Barbara,083,443738,111984,111692,7720,119412,760
2023-02-20,Santa Clara,085,1922200,474705,472011,21159,493170,2688
2023-02-20,Santa Cruz,087,273765,68278,68030,3933,71963,278
2023-02-20,Shasta,089,179085,36456,36385,8306,44691,606
2023-02-20,Sierra,091,2930,312,311,61,372,5
2023-02-20,Siskiyou,093,43540,5453,5433,3442,8875,95
2023-02-20,Solano,095,438530,113578,113211,8616,121827,481
2023-02-20,Sonoma,097,501317,113398,113031,5787,118818,548
2023-02-20,Stanislaus,099,539301,144838,144597,23034,167631,1842
2023-02-20,Sutter,101,95872,25680,25633,2539,28172,238
2023-02-20,Tehama,103,63373,14446,14421,3405,17826,222
2023-02-20,Trinity,105,12862,1474,1470,505,1975,24
2023-02-20,Tulare,107,460477,128186,127791,40278,168069,1567
2023-02-20,Tuolumne,109,53932,16865,16802,999,17801,203
2023-02-20,Ventura,111,848112,220638,220185,18105,238290,1664
2023-02-20,Yolo,113,214977,49968,49841,4889,54730,439
2023-02-20,Yuba,115,75493,19986,19958,1871,21829,134
2023-02-19,Alameda,001,1643700,378275,376312,22352,398664,2174
2023-02-19,Alpine,002,1148,139,139,4,143,0
2023-02-19,Amador,005,37829,10550,10524,968,11492,99
2023-02-19,Butte,007,227075,41644,41548,10234,51782,484
2023-02-19,Calaveras,009,45235,8980,8960,642,9602,140
2023-02-19,Colusa,011,21464,3968,3960,1343,5303,22
2023-02-19,Contra Costa,013,1133247,272080,270737,22328,293065,1542
2023-02-19,Del Norte,015,27424,7924,7892,467,8359,59
2023-02-19,El Dorado,017,186661,34505,34430,4540,38970,243
2023-02-19,Fresno,019,978130,294043,293104,34824,327928,2983
2023-02-19,Glenn,021,27897,5784,5773,2016,7789,58
2023-02-19,Humboldt,023,135768,23337,23276,5917,29193,169
2023-02-19,Imperial,025,180216,69850,69669,18910,88579,974
2023-02-19,Inyo,027,18085,4763,4752,1304,6056,63
2023-02-19,Kern,029,883053,229960,228953,72775,301728,2474
2023-02-19,Kings,031,150075,62772,62684,4471,67155,473
2023-02-19,Lake,033,64148,13622,13595,1279,14874,155
2023-02-19,Lassen,035,31185,10256,10246,1062,11308,66
2023-02-19,Los Angeles,037,10098052,3485158,3475808,217573,3693381,35250
2023-02-19,Madera,039,155013,46210,46098,8881,54979,377
2023-02-19,Marin,041,260295,48963,48759,5690,54449,317
2023-02-19,Mariposa,043,17540,3353,3342,359,3701,32
2023-02-19,Mendocino,045,87422,16855,16830,4827,21657,143
2023-02-19,Merced,047,269075,76562,76157,12781,88938,903
2023-02-19,Modoc,049,8938,955,953,371,1324,11
2023-02-19,Mono,051,14174,3321,3319,302,3621,8
2023-02-19,Monterey,053,433212,97995,97704,23861,121565,796
2023-02-19,Napa,055,140530,34334,34245,1527,35772,165
2023-02-19,Nevada,057,99092,20137,20088,2316,22404,132
2023-02-19,Orange,059,3164182,710589,707080,77605,784685,7892
2023-02-19,Placer,061,380077,80880,80615,10247,90862,682
2023-02-19,Plumas,063,18699,3828,3819,460,4279,14
2023-02-19,Riverside,065,2383286,734084,731962,41276,773238,6827
2023-02-19,Sacramento,067,1510023,370195,368833,37812,406645,3507
2023-02-19,San Benito,069,59416,17626,17566,1134,18700,115
2023-02-19,San Bernardino,071,2135413,709555,707191,34528,741719,8171
2023-02-19,San Diego,073,3302833,983200,981249,80779,1062028,5759
2023-02-19,San Francisco,075,870044,195423,194654,13296,207950,1164
2023-02-19,San Joaquin,077,732212,209457,208935,16841,225776,2415
2023-02-19,San Luis Obispo,079,281455,66375,66209,8107,74316,559
2023-02-19,San Mateo,081,765935,182846,181782,11165,192947,749
2023-02-19,Santa Barbara,083,443738,111952,111692,7717,119409,760
2023-02-19,Santa Clara,085,1922200,474582,472011,21150,493161,2688
2023-02-19,Santa Cruz,087,273765,68254,68030,3929,71959,278
2023-02-19,Shasta,089,179085,36454,36385,8304,44689,606
2023-02-19,Sierra,091,2930,311,311,61,372,5
2023-02-19,Siskiyou,093,43540,5451,5433,3441,8874,95
2023-02-19,Solano,095,438530,113559,113211,8611,121822,481
2023-02-19,Sonoma,097,501317,113342,113031,5786,118817,548
2023-02-19,Stanislaus,099,539301,144787,144597,23032,167629,1842
2023-02-19,Sutter,101,95872,25674,25633,2539,28172,238
2023-02-19,Tehama,103,63373,14444,14421,3405,17826,222
2023-02-19,Trinity,105,12862,1474,1470,505,1975,24
2023-02-19,Tulare,107,460477,128138,127791,40261,168052,1567
2023-02-19,Tuolumne,109,53932,16857,16802,990,17792,203
2023-02-19,Ventura,111,848112,220597,220185,18087,238272,1664
2023-02-19,Yolo,113,214977,49949,49841,4886,54727,439
2023-02-19,Yuba,115,75493,19983,19958,1870,21828,134
2023-02-18,Alameda,001,1643700,378171,376312,22345,398657,2174
2023-02-18,Alpine,002,1148,139,139,4,143,0
2023-02-18,Amador,005,37829,10549,10524,967,11491,99
2023-02-18,Butte,007,227075,41642,41548,10231,51779,484
2023-02-18,Calaveras,009,45235,8978,8960,642,9602,140
2023-02-18,Colusa,011,21464,3967,3960,1343,5303,22
2023-02-18,Contra Costa,013,1133247,272004,270737,22324,293061,1542
2023-02-18,Del Norte,015,27424,7924,7892,467,8359,59
2023-02-18,El Dorado,017,186661,34501,34430,4540,38970,243
2023-02-18,Fresno,019,978130,293989,293104,34820,327924,2983
2023-02-18,Glenn,021,27897,5784,5773,2015,7788,58
2023-02-18,Humboldt,023,135768,23335,23276,5916,29192,169
2023-02-18,Imperial,025,180216,69835,69669,18910,88579,974
2023-02-18,Inyo,027,18085,4763,4752,1304,6056,63
2023-02-18,Kern,029,883053,229915,228953,72736,301689,2474
2023-02-18,Kings,031,150075,62767,62684,4471,67155,473
2023-02-18,Lake,033,64148,13622,13595,1279,14874,155
2023-02-18,Lassen,035,31185,10256,10246,1062,11308,66
2023-02-18,Los Angeles,037,10098052,3484596,3475808,217445,3693253,35250
2023-02-18,Madera,039,155013,46203,46098,8880,54978,377
2023-02-18,Marin,041,260295,48944,48759,5688,54447,317
2023-02-18,Mariposa,043,17540,3351,3342,359,3701,32
2023-02-18,Mendocino,045,87422,16855,16830,4827,21657,143
2023-02-18,Merced,047,269075,76554,76157,12778,88935,903
2023-02-18,Modoc,049,8938,955,953,371,1324,11
2023-02-18,Mono,051,14174,3321,3319,302,3621,8
2023-02-18,Monterey,053,433212,97977,97704,23837,121541,796
2023-02-18,Napa,055,140530,34328,34245,1527,35772,165
2023-02-18,Nevada,057,99092,20132,20088,2315,22403,132
2023-02-18,Orange,059,3164182,710450,707080,77559,784639,7892
2023-02-18,Placer,061,380077,80857,80615,10242,90857,682
2023-02-18,Plumas,063,18699,3827,3819,460,4279,14
2023-02-18,Riverside,065,2383286,733990,731962,41252,773214,6827
2023-02-18,Sacramento,067,1510023,370118,368833,37803,406636,3507
2023-02-18,San Benito,069,59416,17623,17566,1132,18698,115
2023-02-18,San Bernardino,071,2135413,709452,707191,34518,741709,8171
2023-02-18,San Diego,073,3302833,983047,981249,80747,1061996,5759
2023-02-18,San Francisco,075,870044,195350,194654,13294,207948,1164
2023-02-18,San Joaquin,077,732212,209414,208935,16837,225772,2415
2023-02-18,San Luis Obispo,079,281455,66365,66209,8105,74314,559
2023-02-18,San Mateo,081,765935,182791,181782,11159,192941,749
2023-02-18,Santa Barbara,083,443738,111936,111692,7715,119407,760
2023-02-18,Santa Clara,085,1922200,474440,472011,21145,493156,2688
2023-02-18,Santa Cruz,087,273765,68237,68030,3926,71956,278
2023-02-18,Shasta,089,179085,36452,36385,8303,44688,606
2023-02-18,Sierra,091,2930,311,311,61,372,5
2023-02-18,Siskiyou,093,43540,5448,5433,3441,8874,95
2023-02-18,Solano,095,438530,113536,113211,8608,121819,481
2023-02-18,Sonoma,097,501317,113320,113031,5785,118816,548
2023-02-18,Stanislaus,099,539301,144760,144597,23031,167628,1842
2023-02-18,Sutter,101,95872,25669,25633,2539,28172,238
2023-02-18,Tehama,103,63373,14443,14421,3405,17826,222
2023-02-18,Trinity,105,12862,1474,1470,505,1975,24
2023-02-18,Tulare,107,460477,128115,127791,40246,168037,1567
2023-02-18,Tuolumne,109,53932,16848,16802,990,17792,203
2023-02-18,Ventura,111,848112,220563,220185,18084,238269,1664
2023-02-18,Yolo,113,214977,49940,49841,4885,54726,439
2023-02-18,Yuba,115,75493,19981,19958,1870,21828,134
2023-02-17,Alameda,001,1643700,378051,376312,22337,398649,2174
2023-02-17,Alpine,002,1148,139,139,4,143,0
2023-02-17,Amador,005,37829,10544,10524,967,11491,99
2023-02-17,Butte,007,227075,41640,41548,10228,51776,484
2023-02-17,Calaveras,009,45235,8977,8960,642,9602,140
2023-02-17,Colusa,011,21464,3967,3960,1343,5303,22
2023-02-17,Contra Costa,013,1133247,271919,270737,22319,293056,1542
2023-02-17,Del Norte,015,27424,7922,7892,467,8359,59
2023-02-17,El Dorado,017,186661,34494,34430,4539,38969,243
2023-02-17,Fresno,019,978130,293940,293104,34815,327919,2983
2023-02-17,Glenn,021,27897,5783,5773,2015,7788,58
2023-02-17,Humboldt,023,135768,23332,23276,5915,29191,169
2023-02-17,Imperial,025,180216,69825,69669,18903,88572,974
2023-02-17,Inyo,027,18085,4762,4752,1304,6056,63
2023-02-17,Kern,029,883053,229869,228953,72696,301649,2474
2023-02-17,Kings,031,150075,62762,62684,4471,67155,473
2023-02-17,Lake,033,64148,13619,13595,1279,14874,155
2023-02-17,Lassen,035,31185,10255,10246,1062,11308,66
2023-02-17,Los Angeles,037,10098052,3484026,3475808,217307,3693115,35250
2023-02-17,Madera,039,155013,46194,46098,8880,54978,377
2023-02-17,Marin,041,260295,48916,48759,5688,54447,317
2023-02-17,Mariposa,043,17540,3351,3342,359,3701,32
2023-02-17,Mendocino,045,87422,16855,16830,4827,21657,143
2023-02-17,Merced,047,269075,76539,76157,12773,88930,903
2023-02-17,Modoc,049,8938,955,953,371,1324,11
2023-02-17,Mono,051,14174,3321,3319,302,3621,8
2023-02-17,Monterey,053,433212,97965,97704,23824,121528,796
2023-02-17,Napa,055,140530,34324,34245,1526,35771,165
2023-02-17,Nevada,057,99092,20128,20088,2315,22403,132
2023-02-17,Orange,059,3164182,710331,707080,77521,784601,7892
2023-02-17,Placer,061,380077,80846,80615,10240,90855,682
2023-02-17,Plumas,063,18699,3826,3819,460,4279,14
2023-02-17,Riverside,065,2383286,733908,731962,41231,773193,6827
2023-02-17,Sacramento,067,1510023,370041,368833,37799,406632,3507
2023-02-17,San Benito,069,59416,17623,17566,1132,18698,115
2023-02-17,San Bernardino,071,2135413,709363,707191,34507,741698,8171
2023-02-17,San Diego,073,3302833,982866,981249,80728,1061977,5759
2023-02-17,San Francisco,075,870044,195276,194654,13286,207940,1164
2023-02-17,San Joaquin,077,732212,209362,208935,16827,225762,2415
2023-02-17,San Luis Obispo,079,281455,66351,66209,8104,74313,559
2023-02-17,San Mateo,081,765935,182743,181782,11159,192941,749
2023-02-17,Santa Barbara,083,443738,111918,111692,7715,119407,760
2023-02-17,Santa Clara,085,1922200,474296,472011,21141,493152,2688
2023-02-17,Santa Cruz,087,273765,68217,68030,3922,71952,278
2023-02-17,Shasta,089,179085,36451,36385,8302,44687,606
2023-02-17,Sierra,091,2930,311,311,61,372,5
2023-02-17,Siskiyou,093,43540,5447,5433,3441,8874,95
2023-02-17,Solano,095,438530,113523,113211,8600,121811,481
2023-02-17,Sonoma,097,501317,113293,113031,5784,118815,548
2023-02-17,Stanislaus,099,539301,144739,144597,23026,167623,1842
2023-02-17,Sutter,101,95872,25666,25633,2539,28172,238
2023-02-17,Tehama,103,63373,14443,14421,3405,17826,222
2023-02-17,Trinity,105,12862,1474,1470,505,1975,24
2023-02-17,Tulare,107,460477,128098,127791,40226,168017,1567
2023-02-17,Tuolumne,109,53932,16845,16802,989,17791,203
2023-02-17,Ventura,111,848112,220535,220185,18076,238261,1664
2023-02-17,Yolo,113,214977,49930,49841,4884,54725,439
2023-02-17,Yuba,115,75493,19978,19958,1870,21828,134
2023-02-16,Alameda,001,1643700,377880,376312,22324,398636,2174
2023-02-16,Alpine,002,1148,139,139,4,143,0
2023-02-16,Amador,005,37829,10541,10524,967,11491,99
2023-02-16,Butte,007,227075,41631,41548,10222,51770,484
2023-02-16,Calaveras,009,45235,8972,8960,642,9602,140
2023-02-16,Colusa,011,21464,3964,3960,1342,5302,22
2023-02-16,Contra Costa,013,1133247,271821,270737,22315,293052,1542
2023-02-16,Del Norte,015,27424,7920,7892,467,8359,59
2023-02-16,El Dorado,017,186661,34485,34430,4539,38969,243
2023-02-16,Fresno,019,978130,293878,293104,34801,327905,2983
2023-02-16,Glenn,021,27897,5781,5773,2015,7788,58
2023-02-16,Humboldt,023,135768,23327,23276,5914,29190,169
2023-02-16,Imperial,025,180216,69807,69669,18894,88563,974
2023-02-16,Inyo,027,18085,4762,4752,1303,6055,63
2023-02-16,Kern,029,883053,229824,228953,72650,301603,2474
2023-02-16,Kings,031,150075,62751,62684,4470,67154,473
2023-02-16,Lake,033,64148,13618,13595,1279,14874,155
2023-02-16,Lassen,035,31185,10255,10246,1062,11308,66
2023-02-16,Los Angeles,037,10098052,3483218,3475808,217105,3692913,35250
2023-02-16,Madera,039,155013,46187,46098,8873,54971,377
2023-02-16,Marin,041,260295,48895,48759,5686,54445,317
2023-02-16,Mariposa,043,17540,3349,3342,359,3701,32
2023-02-16,Mendocino,045,87422,16849,16830,4826,21656,143
2023-02-16,Merced,047,269075,76522,76157,12767,88924,903
2023-02-16,Modoc,049,8938,954,953,370,1323,11
2023-02-16,Mono,051,14174,3321,3319,302,3621,8
2023-02-16,Monterey,053,433212,97947,97704,23791,121495,796
2023-02-16,Napa,055,140530,34313,34245,1526,35771,165
2023-02-16,Nevada,057,99092,20123,20088,2311,22399,132
2023-02-16,Orange,059,3164182,710163,707080,77459,784539,7892
2023-02-16,Placer,061,380077,80819,80615,10236,90851,682
2023-02-16,Plumas,063,18699,3824,3819,460,4279,14
2023-02-16,Riverside,065,2383286,733766,731962,41214,773176,6827
2023-02-16,Sacramento,067,1510023,369913,368833,37762,406595,3507
2023-02-16,San Benito,069,59416,17616,17566,1131,18697,115
2023-02-16,San Bernardino,071,2135413,709223,707191,34492,741683,8171
2023-02-16,San Diego,073,3302833,982614,981249,80667,1061916,5759
2023-02-16,San Francisco,075,870044,195182,194654,13278,207932,1164
2023-02-16,San Joaquin,077,732212,209305,208935,16821,225756,2415
2023-02-16,San Luis Obispo,079,281455,66331,66209,8102,74311,559
2023-02-16,San Mateo,081,765935,182668,181782,11155,192937,749
2023-02-16,Santa Barbara,083,443738,111888,111692,7713,119405,760
2023-02-16,Santa Clara,085,1922200,474093,472011,21134,493145,2688
2023-02-16,Santa Cruz,087,273765,68197,68030,3915,71945,278
2023-02-16,Shasta,089,179085,36449,36385,8302,44687,606
2023-02-16,Sierra,091,2930,311,311,61,372,5
2023-02-16,Siskiyou,093,43540,5444,5433,3441,8874,95
2023-02-16,Solano,095,438530,113485,113211,8596,121807,481
2023-02-16,Sonoma,097,501317,113257,113031,5781,118812,548
2023-02-16,Stanislaus,099,539301,144700,144597,23018,167615,1842
2023-02-16,Sutter,101,95872,25662,25633,2539,28172,238
2023-02-16,Tehama,103,63373,14440,14421,3403,17824,222
2023-02-16,Trinity,105,12862,1474,1470,505,1975,24
2023-02-16,Tulare,107,460477,128074,127791,40194,167985,1567
2023-02-16,Tuolumne,109,53932,16842,16802,989,17791,203
2023-02-16,Ventura,111,848112,220499,220185,18072,238257,1664
2023-02-16,Yolo,113,214977,49921,49841,4877,54718,439
2023-02-16,Yuba,115,75493,19974,19958,1870,21828,134
2023-02-15,Alameda,001,1643700,377736,376312,22305,398617,2174
2023-02-15,Alpine,002,1148,139,139,4,143,0
2023-02-15,Amador,005,37829,10535,10524,967,11491,99
2023-02-15,Butte,007,227075,41623,41548,10217,51765,484
2023-02-15,Calaveras,009,45235,8967,8960,642,9602,140
2023-02-15,Colusa,011,21464,3964,3960,1342,5302,22
2023-02-15,Contra Costa,013,1133247,271728,270737,22309,293046,1542
2023-02-15,Del Norte,015,27424,7918,7892,467,8359,59
2023-02-15,El Dorado,017,186661,34478,34430,4538,38968,243
2023-02-15,Fresno,019,978130,293801,293104,34782,327886,2983
2023-02-15,Glenn,021,27897,5781,5773,2015,7788,58
2023-02-15,Humboldt,023,135768,23321,23276,5912,29188,169
2023-02-15,Imperial,025,180216,69786,69669,18883,88552,974
2023-02-15,Inyo,027,18085,4761,4752,1303,6055,63
2023-02-15,Kern,029,883053,229722,228953,72597,301550,2474
2023-02-15,Kings,031,150075,62741,62684,4470,67154,473
2023-02-15,Lake,033,64148,13613,13595,1279,14874,155
2023-02-15,Lassen,035,31185,10254,10246,1062,11308,66
2023-02-15,Los Angeles,037,10098052,3482342,3475808,216917,3692725,35250
2023-02-15,Madera,039,155013,46183,46098,8869,54967,377
2023-02-15,Marin,041,260295,48868,48759,5686,54445,317
2023-02-15,Mariposa,043,17540,3349,3342,359,3701,32
2023-02-15,Mendocino,045,87422,16847,16830,4826,21656,143
2023-02-15,Merced,047,269075,76502,76157,12762,88919,903
2023-02-15,Modoc,049,8938,954,953,370,1323,11
2023-02-15,Mono,051,14174,3319,3319,302,3621,8
2023-02-15,Monterey,053,433212,97923,97704,23754,121458,796
2023-02-15,Napa,055,140530,34305,34245,1526,35771,165
2023-02-15,Nevada,057,99092,20122,20088,2310,22398,132
2023-02-15,Orange,059,3164182,709935,707080,77394,784474,7892
2023-02-15,Placer,061,380077,80795,80615,10233,90848,682
2023-02-15,Plumas,063,18699,3822,3819,460,4279,14
2023-02-15,Riverside,065,2383286,733601,731962,41183,773145,6827
2023-02-15,Sacramento,067,1510023,369800,368833,37734,406567,3507
2023-02-15,San Benito,069,59416,17608,17566,1131,18697,115
2023-02-15,San Bernardino,071,2135413,709103,707191,34475,741666,8171
2023-02-15,San Diego,073,3302833,982343,981249,80599,1061848,5759
2023-02-15,San Francisco,075,870044,195089,194654,13274,207928,1164
2023-02-15,San Joaquin,077,732212,209233,208935,16817,225752,2415
2023-02-15,San Luis Obispo,079,281455,66324,66209,8098,74307,559
2023-02-15,San Mateo,081,765935,182598,181782,11154,192936,749
2023-02-15,Santa Barbara,083,443738,111850,111692,7708,119400,760
2023-02-15,Santa Clara,085,1922200,473901,472011,21124,493135,2688
2023-02-15,Santa Cruz,087,273765,68182,68030,3911,71941,278
2023-02-15,Shasta,089,179085,36444,36385,8299,44684,606
2023-02-15,Sierra,091,2930,311,311,61,372,5
2023-02-15,Siskiyou,093,43540,5444,5433,3440,8873,95
2023-02-15,Solano,095,438530,113451,113211,8592,121803,481
2023-02-15,Sonoma,097,501317,113217,113031,5777,118808,548
2023-02-15,Stanislaus,099,539301,144662,144597,23009,167606,1842
2023-02-15,Sutter,101,95872,25657,25633,2539,28172,238
2023-02-15,Tehama,103,63373,14438,14421,3403,17824,222
2023-02-15,Trinity,105,12862,1474,1470,505,1975,24
2023-02-15,Tulare,107,460477,128037,127791,40177,167968,1567
2023-02-15,Tuolumne,109,53932,16839,16802,987,17789,203
2023-02-15,Ventura,111,848112,220448,220185,18064,238249,1664
2023-02-15,Yolo,113,214977,49909,49841,4872,54713,439
2023-02-15,Yuba,115,75493,19970,19958,1870,21828,134
2023-02-14,Alameda,001,1643700,377599,376312,22290,398602,2174
2023-02-14,Alpine,002,1148,139,139,4,143,0
2023-02-14,Amador,005,37829,10533,10524,967,11491,99
2023-02-14,Butte,007,227075,41611,41548,10215,51763,484
2023-02-14,Calaveras,009,45235,8965,8960,639,9599,140
2023-02-14,Colusa,011,21464,3961,3960,1342,5302,22
2023-02-14,Contra Costa,013,1133247,271604,270737,22301,293038,1542
2023-02-14,Del Norte,015,27424,7915,7892,467,8359,59
2023-02-14,El Dorado,017,186661,34470,34430,4536,38966,243
2023-02-14,Fresno,019,978130,293730,293104,34765,327869,2983
2023-02-14,Glenn,021,27897,5779,5773,2013,7786,58
2023-02-14,Humboldt,023,135768,23315,23276,5907,29183,169
2023-02-14,Imperial,025,180216,69762,69669,18867,88536,974
2023-02-14,Inyo,027,18085,4760,4752,1303,6055,63
2023-02-14,Kern,029,883053,229672,228953,72527,301480,2474
2023-02-14,Kings,031,150075,62731,62684,4468,67152,473
2023-02-14,Lake,033,64148,13612,13595,1279,14874,155
2023-02-14,Lassen,035,31185,10254,10246,1062,11308,66
2023-02-14,Los Angeles,037,10098052,3481409,3475808,216732,3692540,35250
2023-02-14,Madera,039,155013,46171,46098,8863,54961,377
2023-02-14,Marin,041,260295,48841,48759,5685,54444,317
2023-02-14,Mariposa,043,17540,3349,3342,359,3701,32
2023-02-14,Mendocino,045,87422,16844,16830,4826,21656,143
2023-02-14,Merced,047,269075,76485,76157,12757,88914,903
2023-02-14,Modoc,049,8938,954,953,369,1322,11
2023-02-14,Mono,051,14174,3319,3319,302,3621,8
2023-02-14,Monterey,053,433212,97892,97704,23726,121430,796
2023-02-14,Napa,055,140530,34294,34245,1524,35769,165
2023-02-14,Nevada,057,99092,20116,20088,2309,22397,132
2023-02-14,Orange,059,3164182,709733,707080,77322,784402,7892
2023-02-14,Placer,061,380077,80765,80615,10231,90846,682
2023-02-14,Plumas,063,18699,3821,3819,460,4279,14
2023-02-14,Riverside,065,2383286,733414,731962,41146,773108,6827
2023-02-14,Sacramento,067,1510023,369699,368833,37720,406553,3507
2023-02-14,San Benito,069,59416,17606,17566,1131,18697,115
2023-02-14,San Bernardino,071,2135413,708930,707191,34454,741645,8171
2023-02-14,San Diego,073,3302833,982024,981249,80529,1061778,5759
2023-02-14,San Francisco,075,870044,195005,194654,13264,207918,1164
2023-02-14,San Joaquin,077,732212,209160,208935,16809,225744,2415
2023-02-14,San Luis Obispo,079,281455,66312,66209,8096,74305,559
2023-02-14,San Mateo,081,765935,182515,181782,11146,192928,749
2023-02-14,Santa Barbara,083,443738,111817,111692,7704,119396,760
2023-02-14,Santa Clara,085,1922200,473700,472011,21110,493121,2688
2023-02-14,Santa Cruz,087,273765,68164,68030,3909,71939,278
2023-02-14,Shasta,089,179085,36443,36385,8298,44683,606
2023-02-14,Sierra,091,2930,311,311,61,372,5
2023-02-14,Siskiyou,093,43540,5442,5433,3439,8872,95
2023-02-14,Solano,095,438530,113396,113211,8590,121801,481
2023-02-14,Sonoma,097,501317,113172,113031,5771,118802,548
2023-02-14,Stanislaus,099,539301,144622,144597,22997,167594,1842
2023-02-14,Sutter,101,95872,25649,25633,2539,28172,238
2023-02-14,Tehama,103,63373,14434,14421,3403,17824,222
2023-02-14,Trinity,105,12862,1474,1470,505,1975,24
2023-02-14,Tulare,107,460477,128000,127791,40142,167933,1567
2023-02-14,Tuolumne,109,53932,16838,16802,987,17789,203
2023-02-14,Ventura,111,848112,220406,220185,18056,238241,1664
2023-02-14,Yolo,113,214977,49895,49841,4862,54703,439
2023-02-14,Yuba,115,75493,19964,19958,1868,21826,134
2023-02-13,Alameda,001,1643700,377416,375137,22249,397386,2162
2023-02-13,Alpine,002,1148,139,139,4,143,0
2023-02-13,Amador,005,37829,10527,10499,967,11466,99
2023-02-13,Butte,007,227075,41601,41466,10211,51677,486
2023-02-13,Calaveras,009,45235,8964,8942,639,9581,140
2023-02-13,Colusa,011,21464,3961,3949,1340,5289,22
2023-02-13,Contra Costa,013,1133247,271494,270063,22295,292358,1523
2023-02-13,Del Norte,015,27424,7913,7792,467,8259,58
2023-02-13,El Dorado,017,186661,34458,34358,4535,38893,243
2023-02-13,Fresno,019,978130,293652,292431,34747,327178,2979
2023-02-13,Glenn,021,27897,5779,5762,2009,7771,58
2023-02-13,Humboldt,023,135768,23309,23129,5905,29034,169
2023-02-13,Imperial,025,180216,69751,69511,18858,88369,974
2023-02-13,Inyo,027,18085,4757,4744,1303,6047,63
2023-02-13,Kern,029,883053,229607,228620,72480,301100,2470
2023-02-13,Kings,031,150075,62711,62582,4467,67049,471
2023-02-13,Lake,033,64148,13607,13570,1279,14849,151
2023-02-13,Lassen,035,31185,10254,10239,1062,11301,66
2023-02-13,Los Angeles,037,10098052,3480471,3469761,216526,3686287,35132
2023-02-13,Madera,039,155013,46159,46029,8856,54885,377
2023-02-13,Marin,041,260295,48825,48605,5678,54283,317
2023-02-13,Mariposa,043,17540,3347,3331,359,3690,32
2023-02-13,Mendocino,045,87422,16840,16793,4822,21615,142
2023-02-13,Merced,047,269075,76458,75938,12756,88694,903
2023-02-13,Modoc,049,8938,954,952,369,1321,11
2023-02-13,Mono,051,14174,3319,3318,302,3620,8
2023-02-13,Monterey,053,433212,97870,97486,23682,121168,794
2023-02-13,Napa,055,140530,34271,34145,1524,35669,165
2023-02-13,Nevada,057,99092,20112,20045,2307,22352,132
2023-02-13,Orange,059,3164182,709503,705665,77253,782918,7880
2023-02-13,Placer,061,380077,80737,80453,10229,90682,680
2023-02-13,Plumas,063,18699,3821,3817,460,4277,14
2023-02-13,Riverside,065,2383286,733249,730745,41105,771850,6813
2023-02-13,Sacramento,067,1510023,369574,368005,37690,405695,3503
2023-02-13,San Benito,069,59416,17598,17519,1125,18644,115
2023-02-13,San Bernardino,071,2135413,708797,706058,34439,740497,8170
2023-02-13,San Diego,073,3302833,981710,979002,80488,1059490,5745
2023-02-13,San Francisco,075,870044,194913,194077,13258,207335,1154
2023-02-13,San Joaquin,077,732212,209090,208426,16798,225224,2396
2023-02-13,San Luis Obispo,079,281455,66289,66055,8096,74151,552
2023-02-13,San Mateo,081,765935,182439,181227,11140,192367,749
2023-02-13,Santa Barbara,083,443738,111778,111455,7699,119154,759
2023-02-13,Santa Clara,085,1922200,473492,470539,21093,491632,2681
2023-02-13,Santa Cruz,087,273765,68142,67794,3903,71697,276
2023-02-13,Shasta,089,179085,36438,36352,8293,44645,605
2023-02-13,Sierra,091,2930,311,311,61,372,5
2023-02-13,Siskiyou,093,43540,5439,5420,3439,8859,95
2023-02-13,Solano,095,438530,113348,112930,8585,121515,482
2023-02-13,Sonoma,097,501317,113138,112766,5760,118526,549
2023-02-13,Stanislaus,099,539301,144574,144307,22977,167284,1838
2023-02-13,Sutter,101,95872,25642,25583,2538,28121,238
2023-02-13,Tehama,103,63373,14433,14396,3403,17799,222
2023-02-13,Trinity,105,12862,1474,1469,504,1973,24
2023-02-13,Tulare,107,460477,127972,127513,40120,167633,1567
2023-02-13,Tuolumne,109,53932,16833,16757,984,17741,203
2023-02-13,Ventura,111,848112,220356,219808,18051,237859,1662
2023-02-13,Yolo,113,214977,49881,49749,4860,54609,436
2023-02-13,Yuba,115,75493,19961,19930,1868,21798,134
2023-02-12,Alameda,001,1643700,377225,375137,22230,397367,2162
2023-02-12,Alpine,002,1148,139,139,4,143,0
2023-02-12,Amador,005,37829,10525,10499,966,11465,99
2023-02-12,Butte,007,227075,41590,41466,10203,51669,486
2023-02-12,Calaveras,009,45235,8963,8942,638,9580,140
2023-02-12,Colusa,011,21464,3961,3949,1340,5289,22
2023-02-12,Contra Costa,013,1133247,271380,270063,22284,292347,1523
2023-02-12,Del Norte,015,27424,7910,7792,467,8259,58
2023-02-12,El Dorado,017,186661,34444,34358,4535,38893,243
2023-02-12,Fresno,019,978130,293564,292431,34740,327171,2979
2023-02-12,Glenn,021,27897,5778,5762,2009,7771,58
2023-02-12,Humboldt,023,135768,23302,23129,5904,29033,169
2023-02-12,Imperial,025,180216,69724,69511,18840,88351,974
2023-02-12,Inyo,027,18085,4757,4744,1299,6043,63
2023-02-12,Kern,029,883053,229542,228620,72431,301051,2470
2023-02-12,Kings,031,150075,62699,62582,4466,67048,471
2023-02-12,Lake,033,64148,13602,13570,1279,14849,151
2023-02-12,Lassen,035,31185,10254,10239,1062,11301,66
2023-02-12,Los Angeles,037,10098052,3479427,3469761,216311,3686072,35132
2023-02-12,Madera,039,155013,46153,46029,8843,54872,377
2023-02-12,Marin,041,260295,48805,48605,5676,54281,317
2023-02-12,Mariposa,043,17540,3347,3331,359,3690,32
2023-02-12,Mendocino,045,87422,16835,16793,4821,21614,142
2023-02-12,Merced,047,269075,76424,75938,12749,88687,903
2023-02-12,Modoc,049,8938,954,952,369,1321,11
2023-02-12,Mono,051,14174,3319,3318,301,3619,8
2023-02-12,Monterey,053,433212,97828,97486,23657,121143,794
2023-02-12,Napa,055,140530,34257,34145,1524,35669,165
2023-02-12,Nevada,057,99092,20109,20045,2302,22347,132
2023-02-12,Orange,059,3164182,709274,705665,77170,782835,7880
2023-02-12,Placer,061,380077,80714,80453,10227,90680,680
2023-02-12,Plumas,063,18699,3820,3817,460,4277,14
2023-02-12,Riverside,065,2383286,733037,730745,41076,771821,6813
2023-02-12,Sacramento,067,1510023,369441,368005,37669,405674,3503
2023-02-12,San Benito,069,59416,17595,17519,1125,18644,115
2023-02-12,San Bernardino,071,2135413,708593,706058,34421,740479,8170
2023-02-12,San Diego,073,3302833,981309,979002,80427,1059429,5745
2023-02-12,San Francisco,075,870044,194799,194077,13242,207319,1154
2023-02-12,San Joaquin,077,732212,209000,208426,16785,225211,2396
2023-02-12,San Luis Obispo,079,281455,66260,66055,8096,74151,552
2023-02-12,San Mateo,081,765935,182330,181227,11132,192359,749
2023-02-12,Santa Barbara,083,443738,111749,111455,7694,119149,759
2023-02-12,Santa Clara,085,1922200,473250,470539,21081,491620,2681
2023-02-12,Santa Cruz,087,273765,68119,67794,3900,71694,276
2023-02-12,Shasta,089,179085,36433,36352,8290,44642,605
2023-02-12,Sierra,091,2930,311,311,61,372,5
2023-02-12,Siskiyou,093,43540,5439,5420,3437,8857,95
2023-02-12,Solano,095,438530,113305,112930,8579,121509,482
2023-02-12,Sonoma,097,501317,113080,112766,5757,118523,549
2023-02-12,Stanislaus,099,539301,144532,144307,22957,167264,1838
2023-02-12,Sutter,101,95872,25633,25583,2538,28121,238
2023-02-12,Tehama,103,63373,14431,14396,3402,17798,222
2023-02-12,Trinity,105,12862,1474,1469,504,1973,24
2023-02-12,Tulare,107,460477,127935,127513,40100,167613,1567
2023-02-12,Tuolumne,109,53932,16828,16757,984,17741,203
2023-02-12,Ventura,111,848112,220314,219808,18040,237848,1662
2023-02-12,Yolo,113,214977,49871,49749,4857,54606,436
2023-02-12,Yuba,115,75493,19954,19930,1866,21796,134
2023-02-11,Alameda,001,1643700,377110,375137,22222,397359,2162
2023-02-11,Alpine,002,1148,139,139,4,143,0
2023-02-11,Amador,005,37829,10523,10499,966,11465,99
2023-02-11,Butte,007,227075,41585,41466,10195,51661,486
2023-02-11,Calaveras,009,45235,8960,8942,638,9580,140
2023-02-11,Colusa,011,21464,3961,3949,1340,5289,22
2023-02-11,Contra Costa,013,1133247,271307,270063,22281,292344,1523
2023-02-11,Del Norte,015,27424,7910,7792,467,8259,58
2023-02-11,El Dorado,017,186661,34438,34358,4534,38892,243
2023-02-11,Fresno,019,978130,293523,292431,34734,327165,2979
2023-02-11,Glenn,021,27897,5776,5762,2009,7771,58
2023-02-11,Humboldt,023,135768,23296,23129,5903,29032,169
2023-02-11,Imperial,025,180216,69717,69511,18839,88350,974
2023-02-11,Inyo,027,18085,4756,4744,1298,6042,63
2023-02-11,Kern,029,883053,229513,228620,72399,301019,2470
2023-02-11,Kings,031,150075,62697,62582,4465,67047,471
2023-02-11,Lake,033,64148,13600,13570,1279,14849,151
2023-02-11,Lassen,035,31185,10253,10239,1062,11301,66
2023-02-11,Los Angeles,037,10098052,3478799,3469761,216201,3685962,35132
2023-02-11,Madera,039,155013,46152,46029,8843,54872,377
2023-02-11,Marin,041,260295,48788,48605,5674,54279,317
2023-02-11,Mariposa,043,17540,3347,3331,359,3690,32
2023-02-11,Mendocino,045,87422,16834,16793,4821,21614,142
2023-02-11,Merced,047,269075,76415,75938,12742,88680,903
2023-02-11,Modoc,049,8938,954,952,369,1321,11
2023-02-11,Mono,051,14174,3319,3318,301,3619,8
2023-02-11,Monterey,053,433212,97800,97486,23640,121126,794
2023-02-11,Napa,055,140530,34252,34145,1524,35669,165
2023-02-11,Nevada,057,99092,20104,20045,2298,22343,132
2023-02-11,Orange,059,3164182,709141,705665,77129,782794,7880
2023-02-11,Placer,061,380077,80690,80453,10227,90680,680
2023-02-11,Plumas,063,18699,3820,3817,460,4277,14
2023-02-11,Riverside,065,2383286,732933,730745,41052,771797,6813
2023-02-11,Sacramento,067,1510023,369371,368005,37661,405666,3503
2023-02-11,San Benito,069,59416,17590,17519,1125,18644,115
2023-02-11,San Bernardino,071,2135413,708501,706058,34408,740466,8170
2023-02-11,San Diego,073,3302833,981158,979002,80413,1059415,5745
2023-02-11,San Francisco,075,870044,194730,194077,13241,207318,1154
2023-02-11,San Joaquin,077,732212,208968,208426,16780,225206,2396
2023-02-11,San Luis Obispo,079,281455,66248,66055,8096,74151,552
2023-02-11,San Mateo,081,765935,182280,181227,11128,192355,749
2023-02-11,Santa Barbara,083,443738,111724,111455,7693,119148,759
2023-02-11,Santa Clara,085,1922200,473120,470539,21073,491612,2681
2023-02-11,Santa Cruz,087,273765,68102,67794,3900,71694,276
2023-02-11,Shasta,089,179085,36430,36352,8288,44640,605
2023-02-11,Sierra,091,2930,311,311,61,372,5
2023-02-11,Siskiyou,093,43540,5437,5420,3437,8857,95
2023-02-11,Solano,095,438530,113291,112930,8578,121508,482
2023-02-11,Sonoma,097,501317,113055,112766,5754,118520,549
2023-02-11,Stanislaus,099,539301,144500,144307,22956,167263,1838
2023-02-11,Sutter,101,95872,25625,25583,2538,28121,238
2023-02-11,Tehama,103,63373,14430,14396,3402,17798,222
2023-02-11,Trinity,105,12862,1473,1469,504,1973,24
2023-02-11,Tulare,107,460477,127912,127513,40090,167603,1567
2023-02-11,Tuolumne,109,53932,16820,16757,984,17741,203
2023-02-11,Ventura,111,848112,220291,219808,18038,237846,1662
2023-02-11,Yolo,113,214977,49863,49749,4856,54605,436
2023-02-11,Yuba,115,75493,19953,19930,1865,21795,134
2023-02-10,Alameda,001,1643700,377027,375137,22207,397344,2162
2023-02-10,Alpine,002,1148,139,139,4,143,0
2023-02-10,Amador,005,37829,10522,10499,966,11465,99
2023-02-10,Butte,007,227075,41579,41466,10194,51660,486
2023-02-10,Calaveras,009,45235,8958,8942,638,9580,140
2023-02-10,Colusa,011,21464,3958,3949,1340,5289,22
2023-02-10,Contra Costa,013,1133247,271238,270063,22274,292337,1523
2023-02-10,Del Norte,015,27424,7907,7792,467,8259,58
2023-02-10,El Dorado,017,186661,34433,34358,4534,38892,243
2023-02-10,Fresno,019,978130,293473,292431,34731,327162,2979
2023-02-10,Glenn,021,27897,5773,5762,2007,7769,58
2023-02-10,Humboldt,023,135768,23295,23129,5902,29031,169
2023-02-10,Imperial,025,180216,69702,69511,18839,88350,974
2023-02-10,Inyo,027,18085,4756,4744,1298,6042,63
2023-02-10,Kern,029,883053,229478,228620,72367,300987,2470
2023-02-10,Kings,031,150075,62693,62582,4464,67046,471
2023-02-10,Lake,033,64148,13598,13570,1279,14849,151
2023-02-10,Lassen,035,31185,10252,10239,1062,11301,66
2023-02-10,Los Angeles,037,10098052,3478172,3469761,216069,3685830,35132
2023-02-10,Madera,039,155013,46147,46029,8842,54871,377
2023-02-10,Marin,041,260295,48769,48605,5673,54278,317
2023-02-10,Mariposa,043,17540,3347,3331,359,3690,32
2023-02-10,Mendocino,045,87422,16832,16793,4821,21614,142
2023-02-10,Merced,047,269075,76389,75938,12739,88677,903
2023-02-10,Modoc,049,8938,954,952,369,1321,11
2023-02-10,Mono,051,14174,3319,3318,301,3619,8
2023-02-10,Monterey,053,433212,97780,97486,23621,121107,794
2023-02-10,Napa,055,140530,34245,34145,1524,35669,165
2023-02-10,Nevada,057,99092,20098,20045,2297,22342,132
2023-02-10,Orange,059,3164182,709000,705665,77078,782743,7880
2023-02-10,Placer,061,380077,80680,80453,10226,90679,680
2023-02-10,Plumas,063,18699,3819,3817,460,4277,14
2023-02-10,Riverside,065,2383286,732811,730745,41030,771775,6813
2023-02-10,Sacramento,067,1510023,369276,368005,37657,405662,3503
2023-02-10,San Benito,069,59416,17587,17519,1125,18644,115
2023-02-10,San Bernardino,071,2135413,708380,706058,34401,740459,8170
2023-02-10,San Diego,073,3302833,980977,979002,80398,1059400,5745
2023-02-10,San Francisco,075,870044,194671,194077,13232,207309,1154
2023-02-10,San Joaquin,077,732212,208919,208426,16765,225191,2396
2023-02-10,San Luis Obispo,079,281455,66235,66055,8094,74149,552
2023-02-10,San Mateo,081,765935,182213,181227,11123,192350,749
2023-02-10,Santa Barbara,083,443738,111701,111455,7692,119147,759
2023-02-10,Santa Clara,085,1922200,472995,470539,21066,491605,2681
2023-02-10,Santa Cruz,087,273765,68069,67794,3900,71694,276
2023-02-10,Shasta,089,179085,36426,36352,8288,44640,605
2023-02-10,Sierra,091,2930,311,311,61,372,5
2023-02-10,Siskiyou,093,43540,5435,5420,3437,8857,95
2023-02-10,Solano,095,438530,113269,112930,8578,121508,482
2023-02-10,Sonoma,097,501317,113039,112766,5753,118519,549
2023-02-10,Stanislaus,099,539301,144483,144307,22951,167258,1838
2023-02-10,Sutter,101,95872,25617,25583,2538,28121,238
2023-02-10,Tehama,103,63373,14428,14396,3401,17797,222
2023-02-10,Trinity,105,12862,1473,1469,504,1973,24
2023-02-10,Tulare,107,460477,127885,127513,40081,167594,1567
2023-02-10,Tuolumne,109,53932,16817,16757,983,17740,203
2023-02-10,Ventura,111,848112,220259,219808,18033,237841,1662
2023-02-10,Yolo,113,214977,49858,49749,4850,54599,436
2023-02-10,Yuba,115,75493,19951,19930,1864,21794,134
2023-02-09,Alameda,001,1643700,376854,375137,22195,397332,2162
2023-02-09,Alpine,002,1148,139,139,4,143,0
2023-02-09,Amador,005,37829,10517,10499,966,11465,99
2023-02-09,Butte,007,227075,41567,41466,10185,51651,486
2023-02-09,Calaveras,009,45235,8957,8942,638,9580,140
2023-02-09,Colusa,011,21464,3958,3949,1340,5289,22
2023-02-09,Contra Costa,013,1133247,271137,270063,22267,292330,1523
2023-02-09,Del Norte,015,27424,7904,7792,467,8259,58
2023-02-09,El Dorado,017,186661,34428,34358,4534,38892,243
2023-02-09,Fresno,019,978130,293417,292431,34720,327151,2979
2023-02-09,Glenn,021,27897,5771,5762,2005,7767,58
2023-02-09,Humboldt,023,135768,23290,23129,5899,29028,169
2023-02-09,Imperial,025,180216,69686,69511,18832,88343,974
2023-02-09,Inyo,027,18085,4755,4744,1296,6040,63
2023-02-09,Kern,029,883053,229421,228620,72317,300937,2470
2023-02-09,Kings,031,150075,62672,62582,4463,67045,471
2023-02-09,Lake,033,64148,13596,13570,1279,14849,151
2023-02-09,Lassen,035,31185,10251,10239,1062,11301,66
2023-02-09,Los Angeles,037,10098052,3477355,3469761,215880,3685641,35132
2023-02-09,Madera,039,155013,46131,46029,8833,54862,377
2023-02-09,Marin,041,260295,48748,48605,5673,54278,317
2023-02-09,Mariposa,043,17540,3347,3331,359,3690,32
2023-02-09,Mendocino,045,87422,16827,16793,4821,21614,142
2023-02-09,Merced,047,269075,76371,75938,12736,88674,903
2023-02-09,Modoc,049,8938,954,952,369,1321,11
2023-02-09,Mono,051,14174,3318,3318,301,3619,8
2023-02-09,Monterey,053,433212,97746,97486,23581,121067,794
2023-02-09,Napa,055,140530,34227,34145,1524,35669,165
2023-02-09,Nevada,057,99092,20091,20045,2295,22340,132
2023-02-09,Orange,059,3164182,708799,705665,77014,782679,7880
2023-02-09,Placer,061,380077,80663,80453,10224,90677,680
2023-02-09,Plumas,063,18699,3818,3817,460,4277,14
2023-02-09,Riverside,065,2383286,732662,730745,41001,771746,6813
2023-02-09,Sacramento,067,1510023,369143,368005,37633,405638,3503
2023-02-09,San Benito,069,59416,17577,17519,1125,18644,115
2023-02-09,San Bernardino,071,2135413,708247,706058,34381,740439,8170
2023-02-09,San Diego,073,3302833,980704,979002,80352,1059354,5745
2023-02-09,San Francisco,075,870044,194570,194077,13219,207296,1154
2023-02-09,San Joaquin,077,732212,208854,208426,16756,225182,2396
2023-02-09,San Luis Obispo,079,281455,66220,66055,8091,74146,552
2023-02-09,San Mateo,081,765935,182136,181227,11117,192344,749
2023-02-09,Santa Barbara,083,443738,111675,111455,7683,119138,759
2023-02-09,Santa Clara,085,1922200,472771,470539,21050,491589,2681
2023-02-09,Santa Cruz,087,273765,68008,67794,3895,71689,276
2023-02-09,Shasta,089,179085,36423,36352,8284,44636,605
2023-02-09,Sierra,091,2930,311,311,61,372,5
2023-02-09,Siskiyou,093,43540,5434,5420,3437,8857,95
2023-02-09,Solano,095,438530,113231,112930,8576,121506,482
2023-02-09,Sonoma,097,501317,113015,112766,5751,118517,549
2023-02-09,Stanislaus,099,539301,144443,144307,22937,167244,1838
2023-02-09,Sutter,101,95872,25613,25583,2538,28121,238
2023-02-09,Tehama,103,63373,14425,14396,3401,17797,222
2023-02-09,Trinity,105,12862,1473,1469,504,1973,24
2023-02-09,Tulare,107,460477,127840,127513,40054,167567,1567
2023-02-09,Tuolumne,109,53932,16813,16757,983,17740,203
2023-02-09,Ventura,111,848112,220217,219808,18023,237831,1662
2023-02-09,Yolo,113,214977,49843,49749,4845,54594,436
2023-02-09,Yuba,115,75493,19947,19930,1863,21793,134
2023-02-08,Alameda,001,1643700,376682,375137,22183,397320,2162
2023-02-08,Alpine,002,1148,139,139,4,143,0
2023-02-08,Amador,005,37829,10512,10499,966,11465,99
2023-02-08,Butte,007,227075,41554,41466,10174,51640,486
2023-02-08,Calaveras,009,45235,8955,8942,638,9580,140
2023-02-08,Colusa,011,21464,3957,3949,1340,5289,22
2023-02-08,Contra Costa,013,1133247,271027,270063,22259,292322,1523
2023-02-08,Del Norte,015,27424,7901,7792,467,8259,58
2023-02-08,El Dorado,017,186661,34419,34358,4533,38891,243
2023-02-08,Fresno,019,978130,293338,292431,34696,327127,2979
2023-02-08,Glenn,021,27897,5770,5762,2004,7766,58
2023-02-08,Humboldt,023,135768,23284,23129,5896,29025,169
2023-02-08,Imperial,025,180216,69668,69511,18830,88341,974
2023-02-08,Inyo,027,18085,4755,4744,1294,6038,63
2023-02-08,Kern,029,883053,229379,228620,72263,300883,2470
2023-02-08,Kings,031,150075,62652,62582,4460,67042,471
2023-02-08,Lake,033,64148,13596,13570,1278,14848,151
2023-02-08,Lassen,035,31185,10250,10239,1062,11301,66
2023-02-08,Los Angeles,037,10098052,3476507,3469761,215697,3685458,35132
2023-02-08,Madera,039,155013,46123,46029,8832,54861,377
2023-02-08,Marin,041,260295,48723,48605,5671,54276,317
2023-02-08,Mariposa,043,17540,3345,3331,359,3690,32
2023-02-08,Mendocino,045,87422,16825,16793,4821,21614,142
2023-02-08,Merced,047,269075,76346,75938,12728,88666,903
2023-02-08,Modoc,049,8938,954,952,369,1321,11
2023-02-08,Mono,051,14174,3318,3318,300,3618,8
2023-02-08,Monterey,053,433212,97715,97486,23544,121030,794
2023-02-08,Napa,055,140530,34208,34145,1524,35669,165
2023-02-08,Nevada,057,99092,20085,20045,2293,22338,132
2023-02-08,Orange,059,3164182,708604,705665,76949,782614,7880
2023-02-08,Placer,061,380077,80627,80453,10222,90675,680
2023-02-08,Plumas,063,18699,3818,3817,460,4277,14
2023-02-08,Riverside,065,2383286,732494,730745,40978,771723,6813
2023-02-08,Sacramento,067,1510023,369032,368005,37610,405615,3503
2023-02-08,San Benito,069,59416,17573,17519,1123,18642,115
2023-02-08,San Bernardino,071,2135413,708105,706058,34365,740423,8170
2023-02-08,San Diego,073,3302833,980396,979002,80300,1059302,5745
2023-02-08,San Francisco,075,870044,194478,194077,13215,207292,1154
2023-02-08,San Joaquin,077,732212,208766,208426,16749,225175,2396
2023-02-08,San Luis Obispo,079,281455,66197,66055,8086,74141,552
2023-02-08,San Mateo,081,765935,182065,181227,11111,192338,749
2023-02-08,Santa Barbara,083,443738,111648,111455,7678,119133,759
2023-02-08,Santa Clara,085,1922200,472577,470539,21037,491576,2681
2023-02-08,Santa Cruz,087,273765,67982,67794,3891,71685,276
2023-02-08,Shasta,089,179085,36420,36352,8280,44632,605
2023-02-08,Sierra,091,2930,311,311,61,372,5
2023-02-08,Siskiyou,093,43540,5434,5420,3437,8857,95
2023-02-08,Solano,095,438530,113183,112930,8572,121502,482
2023-02-08,Sonoma,097,501317,112980,112766,5750,118516,549
2023-02-08,Stanislaus,099,539301,144397,144307,22923,167230,1838
2023-02-08,Sutter,101,95872,25605,25583,2537,28120,238
2023-02-08,Tehama,103,63373,14424,14396,3400,17796,222
2023-02-08,Trinity,105,12862,1473,1469,504,1973,24
2023-02-08,Tulare,107,460477,127798,127513,40033,167546,1567
2023-02-08,Tuolumne,109,53932,16805,16757,983,17740,203
2023-02-08,Ventura,111,848112,220155,219808,18016,237824,1662
2023-02-08,Yolo,113,214977,49839,49749,4842,54591,436
2023-02-08,Yuba,115,75493,19939,19930,1862,21792,134
2023-02-07,Alameda,001,1643700,376505,375137,22172,397309,2162
2023-02-07,Alpine,002,1148,139,139,4,143,0
2023-02-07,Amador,005,37829,10510,10499,966,11465,99
2023-02-07,Butte,007,227075,41538,41466,10165,51631,486
2023-02-07,Calaveras,009,45235,8954,8942,638,9580,140
2023-02-07,Colusa,011,21464,3954,3949,1340,5289,22
2023-02-07,Contra Costa,013,1133247,270909,270063,22248,292311,1523
2023-02-07,Del Norte,015,27424,7897,7792,467,8259,58
2023-02-07,El Dorado,017,186661,34407,34358,4530,38888,243
2023-02-07,Fresno,019,978130,293263,292431,34676,327107,2979
2023-02-07,Glenn,021,27897,5769,5762,2002,7764,58
2023-02-07,Humboldt,023,135768,23279,23129,5893,29022,169
2023-02-07,Imperial,025,180216,69638,69511,18825,88336,974
2023-02-07,Inyo,027,18085,4754,4744,1291,6035,63
2023-02-07,Kern,029,883053,229327,228620,72193,300813,2470
2023-02-07,Kings,031,150075,62640,62582,4457,67039,471
2023-02-07,Lake,033,64148,13592,13570,1278,14848,151
2023-02-07,Lassen,035,31185,10249,10239,1062,11301,66
2023-02-07,Los Angeles,037,10098052,3475521,3469761,215484,3685245,35132
2023-02-07,Madera,039,155013,46111,46029,8823,54852,377
2023-02-07,Marin,041,260295,48704,48605,5670,54275,317
2023-02-07,Mariposa,043,17540,3344,3331,359,3690,32
2023-02-07,Mendocino,045,87422,16820,16793,4821,21614,142
2023-02-07,Merced,047,269075,76319,75938,12722,88660,903
2023-02-07,Modoc,049,8938,954,952,369,1321,11
2023-02-07,Mono,051,14174,3318,3318,300,3618,8
2023-02-07,Monterey,053,433212,97688,97486,23508,120994,794
2023-02-07,Napa,055,140530,34197,34145,1524,35669,165
2023-02-07,Nevada,057,99092,20077,20045,2291,22336,132
2023-02-07,Orange,059,3164182,708361,705665,76886,782551,7880
2023-02-07,Placer,061,380077,80596,80453,10220,90673,680
2023-02-07,Plumas,063,18699,3818,3817,460,4277,14
2023-02-07,Riverside,065,2383286,732326,730745,40941,771686,6813
2023-02-07,Sacramento,067,1510023,368876,368005,37587,405592,3503
2023-02-07,San Benito,069,59416,17566,17519,1122,18641,115
2023-02-07,San Bernardino,071,2135413,707932,706058,34339,740397,8170
2023-02-07,San Diego,073,3302833,980087,979002,80252,1059254,5745
2023-02-07,San Francisco,075,870044,194389,194077,13215,207292,1154
2023-02-07,San Joaquin,077,732212,208702,208426,16734,225160,2396
2023-02-07,San Luis Obispo,079,281455,66177,66055,8084,74139,552
2023-02-07,San Mateo,081,765935,182003,181227,11109,192336,749
2023-02-07,Santa Barbara,083,443738,111623,111455,7671,119126,759
2023-02-07,Santa Clara,085,1922200,472330,470539,21023,491562,2681
2023-02-07,Santa Cruz,087,273765,67954,67794,3887,71681,276
2023-02-07,Shasta,089,179085,36410,36352,8274,44626,605
2023-02-07,Sierra,091,2930,311,311,61,372,5
2023-02-07,Siskiyou,093,43540,5432,5420,3437,8857,95
2023-02-07,Solano,095,438530,113142,112930,8568,121498,482
2023-02-07,Sonoma,097,501317,112938,112766,5743,118509,549
2023-02-07,Stanislaus,099,539301,144348,144307,22910,167217,1838
2023-02-07,Sutter,101,95872,25601,25583,2537,28120,238
2023-02-07,Tehama,103,63373,14420,14396,3399,17795,222
2023-02-07,Trinity,105,12862,1473,1469,504,1973,24
2023-02-07,Tulare,107,460477,127758,127513,40009,167522,1567
2023-02-07,Tuolumne,109,53932,16800,16757,983,17740,203
2023-02-07,Ventura,111,848112,220105,219808,18004,237812,1662
2023-02-07,Yolo,113,214977,49825,49749,4842,54591,436
2023-02-07,Yuba,115,75493,19938,19930,1859,21789,134
2023-02-06,Alameda,001,1643700,376298,374080,22147,396227,2153
2023-02-06,Alpine,002,1148,139,139,4,143,0
2023-02-06,Amador,005,37829,10508,10469,966,11435,98
2023-02-06,Butte,007,227075,41515,41393,10159,51552,486
2023-02-06,Calaveras,009,45235,8950,8925,638,9563,140
2023-02-06,Colusa,011,21464,3953,3942,1340,5282,22
2023-02-06,Contra Costa,013,1133247,270798,269280,22237,291517,1522
2023-02-06,Del Norte,015,27424,7894,7749,467,8216,58
2023-02-06,El Dorado,017,186661,34393,34310,4529,38839,240
2023-02-06,Fresno,019,978130,293182,291147,34658,325805,2969
2023-02-06,Glenn,021,27897,5768,5754,2001,7755,58
2023-02-06,Humboldt,023,135768,23272,23081,5885,28966,169
2023-02-06,Imperial,025,180216,69609,69391,18809,88200,974
2023-02-06,Inyo,027,18085,4751,4733,1291,6024,63
2023-02-06,Kern,029,883053,229278,228236,72134,300370,2470
2023-02-06,Kings,031,150075,62623,62444,4455,66899,470
2023-02-06,Lake,033,64148,13587,13542,1277,14819,151
2023-02-06,Lassen,035,31185,10249,10232,1062,11294,66
2023-02-06,Los Angeles,037,10098052,3474568,3463362,215291,3678653,35040
2023-02-06,Madera,039,155013,46099,45956,8821,54777,377
2023-02-06,Marin,041,260295,48682,48478,5670,54148,317
2023-02-06,Mariposa,043,17540,3344,3330,359,3689,32
2023-02-06,Mendocino,045,87422,16812,16755,4821,21576,142
2023-02-06,Merced,047,269075,76291,75741,12710,88451,903
2023-02-06,Modoc,049,8938,954,951,369,1320,11
2023-02-06,Mono,051,14174,3318,3313,300,3613,8
2023-02-06,Monterey,053,433212,97647,97259,23465,120724,790
2023-02-06,Napa,055,140530,34179,34034,1523,35557,165
2023-02-06,Nevada,057,99092,20075,20012,2287,22299,132
2023-02-06,Orange,059,3164182,708126,704157,76803,780960,7806
2023-02-06,Placer,061,380077,80576,80269,10218,90487,679
2023-02-06,Plumas,063,18699,3818,3814,460,4274,14
2023-02-06,Riverside,065,2383286,732156,729601,40896,770497,6789
2023-02-06,Sacramento,067,1510023,368750,367271,37555,404826,3487
2023-02-06,San Benito,069,59416,17556,17469,1121,18590,115
2023-02-06,San Bernardino,071,2135413,707776,704949,34317,739266,8170
2023-02-06,San Diego,073,3302833,979689,976987,80189,1057176,5728
2023-02-06,San Francisco,075,870044,194314,193361,13202,206563,1152
2023-02-06,San Joaquin,077,732212,208633,208068,16729,224797,2395
2023-02-06,San Luis Obispo,079,281455,66156,65882,8082,73964,549
2023-02-06,San Mateo,081,765935,181916,180691,11103,191794,749
2023-02-06,Santa Barbara,083,443738,111590,111213,7661,118874,758
2023-02-06,Santa Clara,085,1922200,472120,469329,21003,490332,2672
2023-02-06,Santa Cruz,087,273765,67936,67589,3886,71475,277
2023-02-06,Shasta,089,179085,36405,36324,8270,44594,605
2023-02-06,Sierra,091,2930,311,311,61,372,5
2023-02-06,Siskiyou,093,43540,5428,5407,3436,8843,95
2023-02-06,Solano,095,438530,113089,112466,8560,121026,482
2023-02-06,Sonoma,097,501317,112903,112508,5735,118243,544
2023-02-06,Stanislaus,099,539301,144306,143982,22897,166879,1827
2023-02-06,Sutter,101,95872,25596,25528,2537,28065,237
2023-02-06,Tehama,103,63373,14417,14379,3395,17774,222
2023-02-06,Trinity,105,12862,1473,1468,504,1972,24
2023-02-06,Tulare,107,460477,127725,127199,39984,167183,1562
2023-02-06,Tuolumne,109,53932,16796,16709,983,17692,203
2023-02-06,Ventura,111,848112,220040,219465,17988,237453,1659
2023-02-06,Yolo,113,214977,49806,49661,4839,54500,436
2023-02-06,Yuba,115,75493,19931,19907,1859,21766,134
2023-02-05,Alameda,001,1643700,376068,374080,22130,396210,2153
2023-02-05,Alpine,002,1148,139,139,4,143,0
2023-02-05,Amador,005,37829,10507,10469,966,11435,98
2023-02-05,Butte,007,227075,41493,41393,10151,51544,486
2023-02-05,Calaveras,009,45235,8948,8925,638,9563,140
2023-02-05,Colusa,011,21464,3950,3942,1339,5281,22
2023-02-05,Contra Costa,013,1133247,270655,269280,22228,291508,1522
2023-02-05,Del Norte,015,27424,7873,7749,465,8214,58
2023-02-05,El Dorado,017,186661,34382,34310,4526,38836,240
2023-02-05,Fresno,019,978130,293072,291147,34630,325777,2969
2023-02-05,Glenn,021,27897,5767,5754,2001,7755,58
2023-02-05,Humboldt,023,135768,23264,23081,5876,28957,169
2023-02-05,Imperial,025,180216,69587,69391,18789,88180,974
2023-02-05,Inyo,027,18085,4749,4733,1288,6021,63
2023-02-05,Kern,029,883053,229218,228236,72058,300294,2470
2023-02-05,Kings,031,150075,62599,62444,4454,66898,470
2023-02-05,Lake,033,64148,13578,13542,1277,14819,151
2023-02-05,Lassen,035,31185,10247,10232,1062,11294,66
2023-02-05,Los Angeles,037,10098052,3473435,3463362,215069,3678431,35040
2023-02-05,Madera,039,155013,46090,45956,8815,54771,377
2023-02-05,Marin,041,260295,48655,48478,5670,54148,317
2023-02-05,Mariposa,043,17540,3344,3330,359,3689,32
2023-02-05,Mendocino,045,87422,16807,16755,4818,21573,142
2023-02-05,Merced,047,269075,76262,75741,12701,88442,903
2023-02-05,Modoc,049,8938,953,951,369,1320,11
2023-02-05,Mono,051,14174,3318,3313,300,3613,8
2023-02-05,Monterey,053,433212,97612,97259,23421,120680,790
2023-02-05,Napa,055,140530,34151,34034,1522,35556,165
2023-02-05,Nevada,057,99092,20068,20012,2283,22295,132
2023-02-05,Orange,059,3164182,707891,704157,76726,780883,7806
2023-02-05,Placer,061,380077,80548,80269,10217,90486,679
2023-02-05,Plumas,063,18699,3818,3814,460,4274,14
2023-02-05,Riverside,065,2383286,731945,729601,40863,770464,6789
2023-02-05,Sacramento,067,1510023,368588,367271,37525,404796,3487
2023-02-05,San Benito,069,59416,17547,17469,1120,18589,115
2023-02-05,San Bernardino,071,2135413,707569,704949,34295,739244,8170
2023-02-05,San Diego,073,3302833,979302,976987,80111,1057098,5728
2023-02-05,San Francisco,075,870044,194203,193361,13190,206551,1152
2023-02-05,San Joaquin,077,732212,208530,208068,16719,224787,2395
2023-02-05,San Luis Obispo,079,281455,66123,65882,8076,73958,549
2023-02-05,San Mateo,081,765935,181819,180691,11095,191786,749
2023-02-05,Santa Barbara,083,443738,111549,111213,7656,118869,758
2023-02-05,Santa Clara,085,1922200,471866,469329,20976,490305,2672
2023-02-05,Santa Cruz,087,273765,67892,67589,3877,71466,277
2023-02-05,Shasta,089,179085,36404,36324,8268,44592,605
2023-02-05,Sierra,091,2930,311,311,61,372,5
2023-02-05,Siskiyou,093,43540,5427,5407,3435,8842,95
2023-02-05,Solano,095,438530,113017,112466,8555,121021,482
2023-02-05,Sonoma,097,501317,112861,112508,5732,118240,544
2023-02-05,Stanislaus,099,539301,144254,143982,22865,166847,1827
2023-02-05,Sutter,101,95872,25582,25528,2537,28065,237
2023-02-05,Tehama,103,63373,14413,14379,3394,17773,222
2023-02-05,Trinity,105,12862,1473,1468,504,1972,24
2023-02-05,Tulare,107,460477,127668,127199,39952,167151,1562
2023-02-05,Tuolumne,109,53932,16791,16709,983,17692,203
2023-02-05,Ventura,111,848112,219977,219465,17973,237438,1659
2023-02-05,Yolo,113,214977,49785,49661,4838,54499,436
2023-02-05,Yuba,115,75493,19923,19907,1856,21763,134
2023-02-04,Alameda,001,1643700,375951,374080,22122,396202,2153
2023-02-04,Alpine,002,1148,139,139,4,143,0
2023-02-04,Amador,005,37829,10500,10469,966,11435,98
2023-02-04,Butte,007,227075,41483,41393,10144,51537,486
2023-02-04,Calaveras,009,45235,8947,8925,638,9563,140
2023-02-04,Colusa,011,21464,3950,3942,1338,5280,22
2023-02-04,Contra Costa,013,1133247,270583,269280,22227,291507,1522
2023-02-04,Del Norte,015,27424,7872,7749,464,8213,58
2023-02-04,El Dorado,017,186661,34376,34310,4526,38836,240
2023-02-04,Fresno,019,978130,293020,291147,34627,325774,2969
2023-02-04,Glenn,021,27897,5765,5754,2001,7755,58
2023-02-04,Humboldt,023,135768,23261,23081,5876,28957,169
2023-02-04,Imperial,025,180216,69575,69391,18789,88180,974
2023-02-04,Inyo,027,18085,4749,4733,1288,6021,63
2023-02-04,Kern,029,883053,229186,228236,72025,300261,2470
2023-02-04,Kings,031,150075,62591,62444,4454,66898,470
2023-02-04,Lake,033,64148,13575,13542,1277,14819,151
2023-02-04,Lassen,035,31185,10247,10232,1062,11294,66
2023-02-04,Los Angeles,037,10098052,3472820,3463362,214949,3678311,35040
2023-02-04,Madera,039,155013,46084,45956,8815,54771,377
2023-02-04,Marin,041,260295,48641,48478,5668,54146,317
2023-02-04,Mariposa,043,17540,3344,3330,359,3689,32
2023-02-04,Mendocino,045,87422,16807,16755,4818,21573,142
2023-02-04,Merced,047,269075,76242,75741,12701,88442,903
2023-02-04,Modoc,049,8938,953,951,369,1320,11
2023-02-04,Mono,051,14174,3318,3313,300,3613,8
2023-02-04,Monterey,053,433212,97590,97259,23398,120657,790
2023-02-04,Napa,055,140530,34141,34034,1522,35556,165
2023-02-04,Nevada,057,99092,20065,20012,2283,22295,132
2023-02-04,Orange,059,3164182,707773,704157,76688,780845,7806
2023-02-04,Placer,061,380077,80530,80269,10216,90485,679
2023-02-04,Plumas,063,18699,3817,3814,459,4273,14
2023-02-04,Riverside,065,2383286,731824,729601,40849,770450,6789
2023-02-04,Sacramento,067,1510023,368519,367271,37522,404793,3487
2023-02-04,San Benito,069,59416,17540,17469,1120,18589,115
2023-02-04,San Bernardino,071,2135413,707431,704949,34283,739232,8170
2023-02-04,San Diego,073,3302833,979143,976987,80083,1057070,5728
2023-02-04,San Francisco,075,870044,194144,193361,13185,206546,1152
2023-02-04,San Joaquin,077,732212,208483,208068,16707,224775,2395
2023-02-04,San Luis Obispo,079,281455,66118,65882,8070,73952,549
2023-02-04,San Mateo,081,765935,181753,180691,11092,191783,749
2023-02-04,Santa Barbara,083,443738,111524,111213,7653,118866,758
2023-02-04,Santa Clara,085,1922200,471745,469329,20966,490295,2672
2023-02-04,Santa Cruz,087,273765,67877,67589,3876,71465,277
2023-02-04,Shasta,089,179085,36402,36324,8265,44589,605
2023-02-04,Sierra,091,2930,311,311,61,372,5
2023-02-04,Siskiyou,093,43540,5425,5407,3435,8842,95
2023-02-04,Solano,095,438530,112994,112466,8550,121016,482
2023-02-04,Sonoma,097,501317,112834,112508,5732,118240,544
2023-02-04,Stanislaus,099,539301,144225,143982,22855,166837,1827
2023-02-04,Sutter,101,95872,25578,25528,2537,28065,237
2023-02-04,Tehama,103,63373,14411,14379,3393,17772,222
2023-02-04,Trinity,105,12862,1473,1468,504,1972,24
2023-02-04,Tulare,107,460477,127646,127199,39938,167137,1562
2023-02-04,Tuolumne,109,53932,16779,16709,982,17691,203
2023-02-04,Ventura,111,848112,219938,219465,17966,237431,1659
2023-02-04,Yolo,113,214977,49778,49661,4834,54495,436
2023-02-04,Yuba,115,75493,19920,19907,1855,21762,134
2023-02-03,Alameda,001,1643700,375848,374080,22112,396192,2153
2023-02-03,Alpine,002,1148,139,139,4,143,0
2023-02-03,Amador,005,37829,10499,10469,966,11435,98
2023-02-03,Butte,007,227075,41477,41393,10139,51532,486
2023-02-03,Calaveras,009,45235,8946,8925,638,9563,140
2023-02-03,Colusa,011,21464,3950,3942,1338,5280,22
2023-02-03,Contra Costa,013,1133247,270518,269280,22224,291504,1522
2023-02-03,Del Norte,015,27424,7872,7749,464,8213,58
2023-02-03,El Dorado,017,186661,34372,34310,4525,38835,240
2023-02-03,Fresno,019,978130,292962,291147,34625,325772,2969
2023-02-03,Glenn,021,27897,5765,5754,2001,7755,58
2023-02-03,Humboldt,023,135768,23256,23081,5875,28956,169
2023-02-03,Imperial,025,180216,69559,69391,18784,88175,974
2023-02-03,Inyo,027,18085,4748,4733,1286,6019,63
2023-02-03,Kern,029,883053,229155,228236,71982,300218,2470
2023-02-03,Kings,031,150075,62582,62444,4454,66898,470
2023-02-03,Lake,033,64148,13572,13542,1277,14819,151
2023-02-03,Lassen,035,31185,10246,10232,1062,11294,66
2023-02-03,Los Angeles,037,10098052,3472253,3463362,214817,3678179,35040
2023-02-03,Madera,039,155013,46076,45956,8815,54771,377
2023-02-03,Marin,041,260295,48626,48478,5667,54145,317
2023-02-03,Mariposa,043,17540,3344,3330,359,3689,32
2023-02-03,Mendocino,045,87422,16801,16755,4818,21573,142
2023-02-03,Merced,047,269075,76224,75741,12701,88442,903
2023-02-03,Modoc,049,8938,953,951,369,1320,11
2023-02-03,Mono,051,14174,3318,3313,300,3613,8
2023-02-03,Monterey,053,433212,97559,97259,23380,120639,790
2023-02-03,Napa,055,140530,34128,34034,1522,35556,165
2023-02-03,Nevada,057,99092,20062,20012,2282,22294,132
2023-02-03,Orange,059,3164182,707619,704157,76653,780810,7806
2023-02-03,Placer,061,380077,80507,80269,10213,90482,679
2023-02-03,Plumas,063,18699,3817,3814,459,4273,14
2023-02-03,Riverside,065,2383286,731699,729601,40837,770438,6789
2023-02-03,Sacramento,067,1510023,368442,367271,37515,404786,3487
2023-02-03,San Benito,069,59416,17533,17469,1120,18589,115
2023-02-03,San Bernardino,071,2135413,707316,704949,34264,739213,8170
2023-02-03,San Diego,073,3302833,978962,976987,80058,1057045,5728
2023-02-03,San Francisco,075,870044,194103,193361,13177,206538,1152
2023-02-03,San Joaquin,077,732212,208439,208068,16702,224770,2395
2023-02-03,San Luis Obispo,079,281455,66110,65882,8070,73952,549
2023-02-03,San Mateo,081,765935,181690,180691,11089,191780,749
2023-02-03,Santa Barbara,083,443738,111502,111213,7653,118866,758
2023-02-03,Santa Clara,085,1922200,471619,469329,20961,490290,2672
2023-02-03,Santa Cruz,087,273765,67843,67589,3871,71460,277
2023-02-03,Shasta,089,179085,36399,36324,8264,44588,605
2023-02-03,Sierra,091,2930,311,311,61,372,5
2023-02-03,Siskiyou,093,43540,5424,5407,3435,8842,95
2023-02-03,Solano,095,438530,112977,112466,8550,121016,482
2023-02-03,Sonoma,097,501317,112806,112508,5729,118237,544
2023-02-03,Stanislaus,099,539301,144184,143982,22852,166834,1827
2023-02-03,Sutter,101,95872,25573,25528,2536,28064,237
2023-02-03,Tehama,103,63373,14410,14379,3392,17771,222
2023-02-03,Trinity,105,12862,1473,1468,504,1972,24
2023-02-03,Tulare,107,460477,127620,127199,39924,167123,1562
2023-02-03,Tuolumne,109,53932,16772,16709,982,17691,203
2023-02-03,Ventura,111,848112,219905,219465,17959,237424,1659
2023-02-03,Yolo,113,214977,49769,49661,4833,54494,436
2023-02-03,Yuba,115,75493,19917,19907,1855,21762,134
2023-02-02,Alameda,001,1643700,375670,374080,22098,396178,2153
2023-02-02,Alpine,002,1148,139,139,4,143,0
2023-02-02,Amador,005,37829,10494,10469,964,11433,98
2023-02-02,Butte,007,227075,41468,41393,10131,51524,486
2023-02-02,Calaveras,009,45235,8946,8925,638,9563,140
2023-02-02,Colusa,011,21464,3949,3942,1338,5280,22
2023-02-02,Contra Costa,013,1133247,270412,269280,22217,291497,1522
2023-02-02,Del Norte,015,27424,7865,7749,463,8212,58
2023-02-02,El Dorado,017,186661,34359,34310,4523,38833,240
2023-02-02,Fresno,019,978130,292898,291147,34608,325755,2969
2023-02-02,Glenn,021,27897,5763,5754,2001,7755,58
2023-02-02,Humboldt,023,135768,23241,23081,5867,28948,169
2023-02-02,Imperial,025,180216,69543,69391,18777,88168,974
2023-02-02,Inyo,027,18085,4747,4733,1283,6016,63
2023-02-02,Kern,029,883053,229105,228236,71928,300164,2470
2023-02-02,Kings,031,150075,62560,62444,4451,66895,470
2023-02-02,Lake,033,64148,13569,13542,1276,14818,151
2023-02-02,Lassen,035,31185,10243,10232,1062,11294,66
2023-02-02,Los Angeles,037,10098052,3471462,3463362,214662,3678024,35040
2023-02-02,Madera,039,155013,46065,45956,8814,54770,377
2023-02-02,Marin,041,260295,48602,48478,5663,54141,317
2023-02-02,Mariposa,043,17540,3343,3330,359,3689,32
2023-02-02,Mendocino,045,87422,16797,16755,4815,21570,142
2023-02-02,Merced,047,269075,76203,75741,12694,88435,903
2023-02-02,Modoc,049,8938,953,951,369,1320,11
2023-02-02,Mono,051,14174,3317,3313,300,3613,8
2023-02-02,Monterey,053,433212,97519,97259,23340,120599,790
2023-02-02,Napa,055,140530,34119,34034,1522,35556,165
2023-02-02,Nevada,057,99092,20055,20012,2281,22293,132
2023-02-02,Orange,059,3164182,707433,704157,76595,780752,7806
2023-02-02,Placer,061,380077,80485,80269,10212,90481,679
2023-02-02,Plumas,063,18699,3817,3814,459,4273,14
2023-02-02,Riverside,065,2383286,731574,729601,40814,770415,6789
2023-02-02,Sacramento,067,1510023,368335,367271,37497,404768,3487
2023-02-02,San Benito,069,59416,17526,17469,1117,18586,115
2023-02-02,San Bernardino,071,2135413,707173,704949,34250,739199,8170
2023-02-02,San Diego,073,3302833,978719,976987,80014,1057001,5728
2023-02-02,San Francisco,075,870044,194008,193361,13158,206519,1152
2023-02-02,San Joaquin,077,732212,208379,208068,16696,224764,2395
2023-02-02,San Luis Obispo,079,281455,66075,65882,8064,73946,549
2023-02-02,San Mateo,081,765935,181630,180691,11078,191769,749
2023-02-02,Santa Barbara,083,443738,111462,111213,7642,118855,758
2023-02-02,Santa Clara,085,1922200,471431,469329,20947,490276,2672
2023-02-02,Santa Cruz,087,273765,67817,67589,3867,71456,277
2023-02-02,Shasta,089,179085,36397,36324,8264,44588,605
2023-02-02,Sierra,091,2930,311,311,61,372,5
2023-02-02,Siskiyou,093,43540,5422,5407,3434,8841,95
2023-02-02,Solano,095,438530,112934,112466,8543,121009,482
2023-02-02,Sonoma,097,501317,112769,112508,5726,118234,544
2023-02-02,Stanislaus,099,539301,144150,143982,22833,166815,1827
2023-02-02,Sutter,101,95872,25562,25528,2535,28063,237
2023-02-02,Tehama,103,63373,14408,14379,3392,17771,222
2023-02-02,Trinity,105,12862,1473,1468,504,1972,24
2023-02-02,Tulare,107,460477,127579,127199,39910,167109,1562
2023-02-02,Tuolumne,109,53932,16769,16709,982,17691,203
2023-02-02,Ventura,111,848112,219869,219465,17950,237415,1659
2023-02-02,Yolo,113,214977,49759,49661,4828,54489,436
2023-02-02,Yuba,115,75493,19916,19907,1854,21761,134
2023-02-01,Alameda,001,1643700,375503,374080,22092,396172,2153
2023-02-01,Alpine,002,1148,139,139,4,143,0
2023-02-01,Amador,005,37829,10491,10469,964,11433,98
2023-02-01,Butte,007,227075,41460,41393,10123,51516,486
2023-02-01,Calaveras,009,45235,8940,8925,638,9563,140
2023-02-01,Colusa,011,21464,3949,3942,1337,5279,22
2023-02-01,Contra Costa,013,1133247,270322,269280,22207,291487,1522
2023-02-01,Del Norte,015,27424,7858,7749,461,8210,58
2023-02-01,El Dorado,017,186661,34352,34310,4522,38832,240
2023-02-01,Fresno,019,978130,292830,291147,34587,325734,2969
2023-02-01,Glenn,021,27897,5761,5754,2000,7754,58
2023-02-01,Humboldt,023,135768,23234,23081,5860,28941,169
2023-02-01,Imperial,025,180216,69528,69391,18763,88154,974
2023-02-01,Inyo,027,18085,4746,4733,1279,6012,63
2023-02-01,Kern,029,883053,229042,228236,71855,300091,2470
2023-02-01,Kings,031,150075,62544,62444,4450,66894,470
2023-02-01,Lake,033,64148,13567,13542,1275,14817,151
2023-02-01,Lassen,035,31185,10243,10232,1061,11293,66
2023-02-01,Los Angeles,037,10098052,3470614,3463362,214484,3677846,35040
2023-02-01,Madera,039,155013,46060,45956,8812,54768,377
2023-02-01,Marin,041,260295,48582,48478,5659,54137,317
2023-02-01,Mariposa,043,17540,3343,3330,359,3689,32
2023-02-01,Mendocino,045,87422,16792,16755,4814,21569,142
2023-02-01,Merced,047,269075,76178,75741,12686,88427,903
2023-02-01,Modoc,049,8938,953,951,369,1320,11
2023-02-01,Mono,051,14174,3317,3313,300,3613,8
2023-02-01,Monterey,053,433212,97488,97259,23289,120548,790
2023-02-01,Napa,055,140530,34105,34034,1520,35554,165
2023-02-01,Nevada,057,99092,20051,20012,2281,22293,132
2023-02-01,Orange,059,3164182,707228,704157,76533,780690,7806
2023-02-01,Placer,061,380077,80468,80269,10210,90479,679
2023-02-01,Plumas,063,18699,3817,3814,459,4273,14
2023-02-01,Riverside,065,2383286,731389,729601,40787,770388,6789
2023-02-01,Sacramento,067,1510023,368231,367271,37477,404748,3487
2023-02-01,San Benito,069,59416,17518,17469,1116,18585,115
2023-02-01,San Bernardino,071,2135413,707046,704949,34228,739177,8170
2023-02-01,San Diego,073,3302833,978470,976987,79953,1056940,5728
2023-02-01,San Francisco,075,870044,193923,193361,13153,206514,1152
2023-02-01,San Joaquin,077,732212,208309,208068,16690,224758,2395
2023-02-01,San Luis Obispo,079,281455,66053,65882,8060,73942,549
2023-02-01,San Mateo,081,765935,181534,180691,11069,191760,749
2023-02-01,Santa Barbara,083,443738,111426,111213,7633,118846,758
2023-02-01,Santa Clara,085,1922200,471236,469329,20936,490265,2672
2023-02-01,Santa Cruz,087,273765,67752,67589,3865,71454,277
2023-02-01,Shasta,089,179085,36390,36324,8262,44586,605
2023-02-01,Sierra,091,2930,311,311,61,372,5
2023-02-01,Siskiyou,093,43540,5421,5407,3434,8841,95
2023-02-01,Solano,095,438530,112888,112466,8538,121004,482
2023-02-01,Sonoma,097,501317,112718,112508,5723,118231,544
2023-02-01,Stanislaus,099,539301,144113,143982,22825,166807,1827
2023-02-01,Sutter,101,95872,25558,25528,2535,28063,237
2023-02-01,Tehama,103,63373,14405,14379,3391,17770,222
2023-02-01,Trinity,105,12862,1472,1468,504,1972,24
2023-02-01,Tulare,107,460477,127537,127199,39890,167089,1562
2023-02-01,Tuolumne,109,53932,16766,16709,982,17691,203
2023-02-01,Ventura,111,848112,219819,219465,17938,237403,1659
2023-02-01,Yolo,113,214977,49746,49661,4826,54487,436
2023-02-01,Yuba,115,75493,19913,19907,1850,21757,134
2023-01-31,Alameda,001,1643700,375348,374080,22078,396158,2153
2023-01-31,Alpine,002,1148,139,139,4,143,0
2023-01-31,Amador,005,37829,10488,10469,963,11432,98
2023-01-31,Butte,007,227075,41439,41393,10117,51510,486
2023-01-31,Calaveras,009,45235,8939,8925,638,9563,140
2023-01-31,Colusa,011,21464,3948,3942,1337,5279,22
2023-01-31,Contra Costa,013,1133247,270193,269280,22197,291477,1522
2023-01-31,Del Norte,015,27424,7846,7749,458,8207,58
2023-01-31,El Dorado,017,186661,34344,34310,4518,38828,240
2023-01-31,Fresno,019,978130,292748,291147,34566,325713,2969
2023-01-31,Glenn,021,27897,5759,5754,1999,7753,58
2023-01-31,Humboldt,023,135768,23224,23081,5857,28938,169
2023-01-31,Imperial,025,180216,69502,69391,18756,88147,974
2023-01-31,Inyo,027,18085,4744,4733,1275,6008,63
2023-01-31,Kern,029,883053,229005,228236,71777,300013,2470
2023-01-31,Kings,031,150075,62521,62444,4447,66891,470
2023-01-31,Lake,033,64148,13564,13542,1274,14816,151
2023-01-31,Lassen,035,31185,10243,10232,1061,11293,66
2023-01-31,Los Angeles,037,10098052,3469719,3463362,214280,3677642,35040
2023-01-31,Madera,039,155013,46052,45956,8809,54765,377
2023-01-31,Marin,041,260295,48563,48478,5657,54135,317
2023-01-31,Mariposa,043,17540,3342,3330,359,3689,32
2023-01-31,Mendocino,045,87422,16788,16755,4814,21569,142
2023-01-31,Merced,047,269075,76150,75741,12684,88425,903
2023-01-31,Modoc,049,8938,953,951,368,1319,11
2023-01-31,Mono,051,14174,3316,3313,300,3613,8
2023-01-31,Monterey,053,433212,97449,97259,23245,120504,790
2023-01-31,Napa,055,140530,34085,34034,1520,35554,165
2023-01-31,Nevada,057,99092,20047,20012,2278,22290,132
2023-01-31,Orange,059,3164182,707040,704157,76458,780615,7806
2023-01-31,Placer,061,380077,80442,80269,10207,90476,679
2023-01-31,Plumas,063,18699,3816,3814,459,4273,14
2023-01-31,Riverside,065,2383286,731222,729601,40750,770351,6789
2023-01-31,Sacramento,067,1510023,368133,367271,37455,404726,3487
2023-01-31,San Benito,069,59416,17512,17469,1116,18585,115
2023-01-31,San Bernardino,071,2135413,706848,704949,34205,739154,8170
2023-01-31,San Diego,073,3302833,978163,976987,79890,1056877,5728
2023-01-31,San Francisco,075,870044,193820,193361,13150,206511,1152
2023-01-31,San Joaquin,077,732212,208247,208068,16686,224754,2395
2023-01-31,San Luis Obispo,079,281455,66024,65882,8058,73940,549
2023-01-31,San Mateo,081,765935,181468,180691,11065,191756,749
2023-01-31,Santa Barbara,083,443738,111384,111213,7623,118836,758
2023-01-31,Santa Clara,085,1922200,471029,469329,20914,490243,2672
2023-01-31,Santa Cruz,087,273765,67721,67589,3863,71452,277
2023-01-31,Shasta,089,179085,36387,36324,8259,44583,605
2023-01-31,Sierra,091,2930,311,311,61,372,5
2023-01-31,Siskiyou,093,43540,5420,5407,3433,8840,95
2023-01-31,Solano,095,438530,112847,112466,8533,120999,482
2023-01-31,Sonoma,097,501317,112679,112508,5720,118228,544
2023-01-31,Stanislaus,099,539301,144069,143982,22815,166797,1827
2023-01-31,Sutter,101,95872,25549,25528,2535,28063,237
2023-01-31,Tehama,103,63373,14404,14379,3389,17768,222
2023-01-31,Trinity,105,12862,1472,1468,503,1971,24
2023-01-31,Tulare,107,460477,127489,127199,39864,167063,1562
2023-01-31,Tuolumne,109,53932,16755,16709,982,17691,203
2023-01-31,Ventura,111,848112,219764,219465,17935,237400,1659
2023-01-31,Yolo,113,214977,49735,49661,4823,54484,436
2023-01-31,Yuba,115,75493,19910,19907,1850,21757,134
2023-01-30,Alameda,001,1643700,375194,373183,22054,395237,2138
2023-01-30,Alpine,002,1148,139,139,4,143,0
2023-01-30,Amador,005,37829,10479,10443,963,11406,98
2023-01-30,Butte,007,227075,41432,41340,10113,51453,486
2023-01-30,Calaveras,009,45235,8936,8906,636,9542,140
2023-01-30,Colusa,011,21464,3947,3936,1337,5273,22
2023-01-30,Contra Costa,013,1133247,270084,268472,22192,290664,1521
2023-01-30,Del Norte,015,27424,7836,7725,455,8180,57
2023-01-30,El Dorado,017,186661,34334,34271,4514,38785,238
2023-01-30,Fresno,019,978130,292672,290101,34540,324641,2962
2023-01-30,Glenn,021,27897,5758,5752,1999,7751,58
2023-01-30,Humboldt,023,135768,23216,23039,5855,28894,167
2023-01-30,Imperial,025,180216,69488,69274,18741,88015,973
2023-01-30,Inyo,027,18085,4742,4722,1273,5995,63
2023-01-30,Kern,029,883053,228951,227749,71707,299456,2467
2023-01-30,Kings,031,150075,62497,62312,4440,66752,471
2023-01-30,Lake,033,64148,13561,13502,1273,14775,149
2023-01-30,Lassen,035,31185,10243,10225,1061,11286,67
2023-01-30,Los Angeles,037,10098052,3468671,3457684,214074,3671758,34926
2023-01-30,Madera,039,155013,46044,45883,8808,54691,377
2023-01-30,Marin,041,260295,48538,48374,5655,54029,317
2023-01-30,Mariposa,043,17540,3342,3305,359,3664,32
2023-01-30,Mendocino,045,87422,16781,16728,4813,21541,139
2023-01-30,Merced,047,269075,76125,75565,12678,88243,897
2023-01-30,Modoc,049,8938,952,951,368,1319,11
2023-01-30,Mono,051,14174,3314,3311,300,3611,8
2023-01-30,Monterey,053,433212,97421,97118,23213,120331,789
2023-01-30,Napa,055,140530,34069,33957,1518,35475,164
2023-01-30,Nevada,057,99092,20043,19981,2276,22257,132
2023-01-30,Orange,059,3164182,706835,702777,76393,779170,7781
2023-01-30,Placer,061,380077,80412,80107,10203,90310,679
2023-01-30,Plumas,063,18699,3816,3811,459,4270,13
2023-01-30,Riverside,065,2383286,731028,728514,40719,769233,6788
2023-01-30,Sacramento,067,1510023,368019,366562,37439,404001,3472
2023-01-30,San Benito,069,59416,17506,17434,1112,18546,115
2023-01-30,San Bernardino,071,2135413,706693,703892,34177,738069,8163
2023-01-30,San Diego,073,3302833,977821,974936,79815,1054751,5716
2023-01-30,San Francisco,075,870044,193735,192738,13136,205874,1152
2023-01-30,San Joaquin,077,732212,208196,207738,16680,224418,2391
2023-01-30,San Luis Obispo,079,281455,66006,65721,8052,73773,549
2023-01-30,San Mateo,081,765935,181387,180043,11061,191104,749
2023-01-30,Santa Barbara,083,443738,111352,110976,7617,118593,755
2023-01-30,Santa Clara,085,1922200,470818,467820,20909,488729,2655
2023-01-30,Santa Cruz,087,273765,67704,67454,3859,71313,276
2023-01-30,Shasta,089,179085,36381,36311,8255,44566,605
2023-01-30,Sierra,091,2930,311,311,61,372,5
2023-01-30,Siskiyou,093,43540,5417,5406,3431,8837,95
2023-01-30,Solano,095,438530,112805,112210,8527,120737,482
2023-01-30,Sonoma,097,501317,112638,112332,5718,118050,541
2023-01-30,Stanislaus,099,539301,144029,143769,22812,166581,1816
2023-01-30,Sutter,101,95872,25546,25478,2535,28013,237
2023-01-30,Tehama,103,63373,14400,14356,3389,17745,222
2023-01-30,Trinity,105,12862,1472,1459,503,1962,23
2023-01-30,Tulare,107,460477,127453,126918,39831,166749,1559
2023-01-30,Tuolumne,109,53932,16748,16639,981,17620,203
2023-01-30,Ventura,111,848112,219715,219015,17924,236939,1650
2023-01-30,Yolo,113,214977,49727,49563,4817,54380,435
2023-01-30,Yuba,115,75493,19909,19871,1849,21720,134
2023-01-29,Alameda,001,1643700,375042,373183,22040,395223,2138
2023-01-29,Alpine,002,1148,139,139,4,143,0
2023-01-29,Amador,005,37829,10475,10443,963,11406,98
2023-01-29,Butte,007,227075,41421,41340,10106,51446,486
2023-01-29,Calaveras,009,45235,8933,8906,636,9542,140
2023-01-29,Colusa,011,21464,3944,3936,1336,5272,22
2023-01-29,Contra Costa,013,1133247,269960,268472,22184,290656,1521
2023-01-29,Del Norte,015,27424,7826,7725,455,8180,57
2023-01-29,El Dorado,017,186661,34324,34271,4512,38783,238
2023-01-29,Fresno,019,978130,292598,290101,34514,324615,2962
2023-01-29,Glenn,021,27897,5758,5752,1999,7751,58
2023-01-29,Humboldt,023,135768,23211,23039,5845,28884,167
2023-01-29,Imperial,025,180216,69466,69274,18725,87999,973
2023-01-29,Inyo,027,18085,4739,4722,1273,5995,63
2023-01-29,Kern,029,883053,228893,227749,71648,299397,2467
2023-01-29,Kings,031,150075,62470,62312,4427,66739,471
2023-01-29,Lake,033,64148,13556,13502,1272,14774,149
2023-01-29,Lassen,035,31185,10243,10225,1061,11286,67
2023-01-29,Los Angeles,037,10098052,3467532,3457684,213883,3671567,34926
2023-01-29,Madera,039,155013,46037,45883,8806,54689,377
2023-01-29,Marin,041,260295,48518,48374,5653,54027,317
2023-01-29,Mariposa,043,17540,3341,3305,359,3664,32
2023-01-29,Mendocino,045,87422,16775,16728,4804,21532,139
2023-01-29,Merced,047,269075,76100,75565,12668,88233,897
2023-01-29,Modoc,049,8938,952,951,368,1319,11
2023-01-29,Mono,051,14174,3313,3311,300,3611,8
2023-01-29,Monterey,053,433212,97396,97118,23166,120284,789
2023-01-29,Napa,055,140530,34051,33957,1518,35475,164
2023-01-29,Nevada,057,99092,20039,19981,2274,22255,132
2023-01-29,Orange,059,3164182,706608,702777,76315,779092,7781
2023-01-29,Placer,061,380077,80383,80107,10198,90305,679
2023-01-29,Plumas,063,18699,3816,3811,459,4270,13
2023-01-29,Riverside,065,2383286,730816,728514,40677,769191,6788
2023-01-29,Sacramento,067,1510023,367905,366562,37407,403969,3472
2023-01-29,San Benito,069,59416,17499,17434,1112,18546,115
2023-01-29,San Bernardino,071,2135413,706519,703892,34153,738045,8163
2023-01-29,San Diego,073,3302833,977472,974936,79755,1054691,5716
2023-01-29,San Francisco,075,870044,193643,192738,13128,205866,1152
2023-01-29,San Joaquin,077,732212,208132,207738,16673,224411,2391
2023-01-29,San Luis Obispo,079,281455,65975,65721,8051,73772,549
2023-01-29,San Mateo,081,765935,181310,180043,11058,191101,749
2023-01-29,Santa Barbara,083,443738,111314,110976,7609,118585,755
2023-01-29,Santa Clara,085,1922200,470612,467820,20895,488715,2655
2023-01-29,Santa Cruz,087,273765,67674,67454,3857,71311,276
2023-01-29,Shasta,089,179085,36379,36311,8254,44565,605
2023-01-29,Sierra,091,2930,311,311,61,372,5
2023-01-29,Siskiyou,093,43540,5414,5406,3427,8833,95
2023-01-29,Solano,095,438530,112758,112210,8524,120734,482
2023-01-29,Sonoma,097,501317,112619,112332,5713,118045,541
2023-01-29,Stanislaus,099,539301,143988,143769,22798,166567,1816
2023-01-29,Sutter,101,95872,25536,25478,2532,28010,237
2023-01-29,Tehama,103,63373,14399,14356,3388,17744,222
2023-01-29,Trinity,105,12862,1465,1459,503,1962,23
2023-01-29,Tulare,107,460477,127402,126918,39789,166707,1559
2023-01-29,Tuolumne,109,53932,16745,16639,981,17620,203
2023-01-29,Ventura,111,848112,219652,219015,17912,236927,1650
2023-01-29,Yolo,113,214977,49708,49563,4815,54378,435
2023-01-29,Yuba,115,75493,19905,19871,1847,21718,134
2023-01-28,Alameda,001,1643700,374962,373183,22029,395212,2138
2023-01-28,Alpine,002,1148,139,139,4,143,0
2023-01-28,Amador,005,37829,10474,10443,963,11406,98
2023-01-28,Butte,007,227075,41414,41340,10101,51441,486
2023-01-28,Calaveras,009,45235,8930,8906,636,9542,140
2023-01-28,Colusa,011,21464,3944,3936,1336,5272,22
2023-01-28,Contra Costa,013,1133247,269893,268472,22181,290653,1521
2023-01-28,Del Norte,015,27424,7825,7725,455,8180,57
2023-01-28,El Dorado,017,186661,34318,34271,4512,38783,238
2023-01-28,Fresno,019,978130,292556,290101,34507,324608,2962
2023-01-28,Glenn,021,27897,5757,5752,1999,7751,58
2023-01-28,Humboldt,023,135768,23210,23039,5843,28882,167
2023-01-28,Imperial,025,180216,69455,69274,18723,87997,973
2023-01-28,Inyo,027,18085,4739,4722,1272,5994,63
2023-01-28,Kern,029,883053,228866,227749,71613,299362,2467
2023-01-28,Kings,031,150075,62457,62312,4427,66739,471
2023-01-28,Lake,033,64148,13554,13502,1271,14773,149
2023-01-28,Lassen,035,31185,10243,10225,1061,11286,67
2023-01-28,Los Angeles,037,10098052,3466920,3457684,213785,3671469,34926
2023-01-28,Madera,039,155013,46030,45883,8805,54688,377
2023-01-28,Marin,041,260295,48509,48374,5652,54026,317
2023-01-28,Mariposa,043,17540,3341,3305,359,3664,32
2023-01-28,Mendocino,045,87422,16773,16728,4803,21531,139
2023-01-28,Merced,047,269075,76086,75565,12668,88233,897
2023-01-28,Modoc,049,8938,952,951,368,1319,11
2023-01-28,Mono,051,14174,3313,3311,300,3611,8
2023-01-28,Monterey,053,433212,97372,97118,23150,120268,789
2023-01-28,Napa,055,140530,34048,33957,1518,35475,164
2023-01-28,Nevada,057,99092,20037,19981,2268,22249,132
2023-01-28,Orange,059,3164182,706509,702777,76255,779032,7781
2023-01-28,Placer,061,380077,80359,80107,10197,90304,679
2023-01-28,Plumas,063,18699,3816,3811,459,4270,13
2023-01-28,Riverside,065,2383286,730695,728514,40653,769167,6788
2023-01-28,Sacramento,067,1510023,367845,366562,37398,403960,3472
2023-01-28,San Benito,069,59416,17496,17434,1111,18545,115
2023-01-28,San Bernardino,071,2135413,706427,703892,34144,738036,8163
2023-01-28,San Diego,073,3302833,977346,974936,79735,1054671,5716
2023-01-28,San Francisco,075,870044,193589,192738,13127,205865,1152
2023-01-28,San Joaquin,077,732212,208100,207738,16671,224409,2391
2023-01-28,San Luis Obispo,079,281455,65964,65721,8050,73771,549
2023-01-28,San Mateo,081,765935,181273,180043,11052,191095,749
2023-01-28,Santa Barbara,083,443738,111289,110976,7603,118579,755
2023-01-28,Santa Clara,085,1922200,470482,467820,20891,488711,2655
2023-01-28,Santa Cruz,087,273765,67664,67454,3856,71310,276
2023-01-28,Shasta,089,179085,36378,36311,8253,44564,605
2023-01-28,Sierra,091,2930,311,311,61,372,5
2023-01-28,Siskiyou,093,43540,5413,5406,3427,8833,95
2023-01-28,Solano,095,438530,112736,112210,8522,120732,482
2023-01-28,Sonoma,097,501317,112600,112332,5712,118044,541
2023-01-28,Stanislaus,099,539301,143962,143769,22794,166563,1816
2023-01-28,Sutter,101,95872,25533,25478,2532,28010,237
2023-01-28,Tehama,103,63373,14398,14356,3388,17744,222
2023-01-28,Trinity,105,12862,1465,1459,503,1962,23
2023-01-28,Tulare,107,460477,127380,126918,39771,166689,1559
2023-01-28,Tuolumne,109,53932,16741,16639,981,17620,203
2023-01-28,Ventura,111,848112,219612,219015,17905,236920,1650
2023-01-28,Yolo,113,214977,49702,49563,4812,54375,435
2023-01-28,Yuba,115,75493,19902,19871,1847,21718,134
2023-01-27,Alameda,001,1643700,374872,373183,22022,395205,2138
2023-01-27,Alpine,002,1148,139,139,4,143,0
2023-01-27,Amador,005,37829,10473,10443,963,11406,98
2023-01-27,Butte,007,227075,41410,41340,10099,51439,486
2023-01-27,Calaveras,009,45235,8928,8906,636,9542,140
2023-01-27,Colusa,011,21464,3944,3936,1336,5272,22
2023-01-27,Contra Costa,013,1133247,269827,268472,22178,290650,1521
2023-01-27,Del Norte,015,27424,7824,7725,454,8179,57
2023-01-27,El Dorado,017,186661,34308,34271,4511,38782,238
2023-01-27,Fresno,019,978130,292516,290101,34502,324603,2962
2023-01-27,Glenn,021,27897,5757,5752,1999,7751,58
2023-01-27,Humboldt,023,135768,23204,23039,5839,28878,167
2023-01-27,Imperial,025,180216,69450,69274,18723,87997,973
2023-01-27,Inyo,027,18085,4739,4722,1271,5993,63
2023-01-27,Kern,029,883053,228840,227749,71591,299340,2467
2023-01-27,Kings,031,150075,62447,62312,4427,66739,471
2023-01-27,Lake,033,64148,13553,13502,1271,14773,149
2023-01-27,Lassen,035,31185,10243,10225,1061,11286,67
2023-01-27,Los Angeles,037,10098052,3466344,3457684,213657,3671341,34926
2023-01-27,Madera,039,155013,46024,45883,8804,54687,377
2023-01-27,Marin,041,260295,48492,48374,5651,54025,317
2023-01-27,Mariposa,043,17540,3341,3305,359,3664,32
2023-01-27,Mendocino,045,87422,16771,16728,4803,21531,139
2023-01-27,Merced,047,269075,76066,75565,12667,88232,897
2023-01-27,Modoc,049,8938,952,951,368,1319,11
2023-01-27,Mono,051,14174,3313,3311,300,3611,8
2023-01-27,Monterey,053,433212,97343,97118,23133,120251,789
2023-01-27,Napa,055,140530,34038,33957,1518,35475,164
2023-01-27,Nevada,057,99092,20032,19981,2264,22245,132
2023-01-27,Orange,059,3164182,706395,702777,76219,778996,7781
2023-01-27,Placer,061,380077,80350,80107,10195,90302,679
2023-01-27,Plumas,063,18699,3815,3811,459,4270,13
2023-01-27,Riverside,065,2383286,730589,728514,40634,769148,6788
2023-01-27,Sacramento,067,1510023,367772,366562,37394,403956,3472
2023-01-27,San Benito,069,59416,17494,17434,1111,18545,115
2023-01-27,San Bernardino,071,2135413,706323,703892,34134,738026,8163
2023-01-27,San Diego,073,3302833,977168,974936,79710,1054646,5716
2023-01-27,San Francisco,075,870044,193542,192738,13120,205858,1152
2023-01-27,San Joaquin,077,732212,208074,207738,16666,224404,2391
2023-01-27,San Luis Obispo,079,281455,65950,65721,8045,73766,549
2023-01-27,San Mateo,081,765935,181242,180043,11048,191091,749
2023-01-27,Santa Barbara,083,443738,111270,110976,7602,118578,755
2023-01-27,Santa Clara,085,1922200,470348,467820,20887,488707,2655
2023-01-27,Santa Cruz,087,273765,67632,67454,3852,71306,276
2023-01-27,Shasta,089,179085,36377,36311,8252,44563,605
2023-01-27,Sierra,091,2930,311,311,61,372,5
2023-01-27,Siskiyou,093,43540,5413,5406,3427,8833,95
2023-01-27,Solano,095,438530,112708,112210,8522,120732,482
2023-01-27,Sonoma,097,501317,112581,112332,5709,118041,541
2023-01-27,Stanislaus,099,539301,143939,143769,22793,166562,1816
2023-01-27,Sutter,101,95872,25527,25478,2532,28010,237
2023-01-27,Tehama,103,63373,14397,14356,3386,17742,222
2023-01-27,Trinity,105,12862,1465,1459,503,1962,23
2023-01-27,Tulare,107,460477,127353,126918,39752,166670,1559
2023-01-27,Tuolumne,109,53932,16733,16639,981,17620,203
2023-01-27,Ventura,111,848112,219579,219015,17903,236918,1650
2023-01-27,Yolo,113,214977,49693,49563,4809,54372,435
2023-01-27,Yuba,115,75493,19896,19871,1846,21717,134
2023-01-26,Alameda,001,1643700,374718,373183,22011,395194,2138
2023-01-26,Alpine,002,1148,139,139,4,143,0
2023-01-26,Amador,005,37829,10472,10443,963,11406,98
2023-01-26,Butte,007,227075,41403,41340,10094,51434,486
2023-01-26,Calaveras,009,45235,8926,8906,636,9542,140
2023-01-26,Colusa,011,21464,3943,3936,1336,5272,22
2023-01-26,Contra Costa,013,1133247,269731,268472,22169,290641,1521
2023-01-26,Del Norte,015,27424,7820,7725,450,8175,57
2023-01-26,El Dorado,017,186661,34301,34271,4511,38782,238
2023-01-26,Fresno,019,978130,292446,290101,34480,324581,2962
2023-01-26,Glenn,021,27897,5757,5752,1998,7750,58
2023-01-26,Humboldt,023,135768,23200,23039,5833,28872,167
2023-01-26,Imperial,025,180216,69437,69274,18717,87991,973
2023-01-26,Inyo,027,18085,4736,4722,1270,5992,63
2023-01-26,Kern,029,883053,228800,227749,71552,299301,2467
2023-01-26,Kings,031,150075,62425,62312,4422,66734,471
2023-01-26,Lake,033,64148,13550,13502,1271,14773,149
2023-01-26,Lassen,035,31185,10242,10225,1061,11286,67
2023-01-26,Los Angeles,037,10098052,3465499,3457684,213483,3671167,34926
2023-01-26,Madera,039,155013,46020,45883,8803,54686,377
2023-01-26,Marin,041,260295,48482,48374,5650,54024,317
2023-01-26,Mariposa,043,17540,3341,3305,359,3664,32
2023-01-26,Mendocino,045,87422,16767,16728,4799,21527,139
2023-01-26,Merced,047,269075,76042,75565,12664,88229,897
2023-01-26,Modoc,049,8938,952,951,368,1319,11
2023-01-26,Mono,051,14174,3313,3311,300,3611,8
2023-01-26,Monterey,053,433212,97320,97118,23103,120221,789
2023-01-26,Napa,055,140530,34027,33957,1518,35475,164
2023-01-26,Nevada,057,99092,20031,19981,2255,22236,132
2023-01-26,Orange,059,3164182,706237,702777,76169,778946,7781
2023-01-26,Placer,061,380077,80320,80107,10189,90296,679
2023-01-26,Plumas,063,18699,3815,3811,459,4270,13
2023-01-26,Riverside,065,2383286,730454,728514,40607,769121,6788
2023-01-26,Sacramento,067,1510023,367671,366562,37373,403935,3472
2023-01-26,San Benito,069,59416,17493,17434,1111,18545,115
2023-01-26,San Bernardino,071,2135413,706175,703892,34107,737999,8163
2023-01-26,San Diego,073,3302833,976898,974936,79671,1054607,5716
2023-01-26,San Francisco,075,870044,193464,192738,13115,205853,1152
2023-01-26,San Joaquin,077,732212,208027,207738,16663,224401,2391
2023-01-26,San Luis Obispo,079,281455,65931,65721,8042,73763,549
2023-01-26,San Mateo,081,765935,181169,180043,11044,191087,749
2023-01-26,Santa Barbara,083,443738,111238,110976,7597,118573,755
2023-01-26,Santa Clara,085,1922200,470166,467820,20879,488699,2655
2023-01-26,Santa Cruz,087,273765,67621,67454,3846,71300,276
2023-01-26,Shasta,089,179085,36373,36311,8250,44561,605
2023-01-26,Sierra,091,2930,311,311,61,372,5
2023-01-26,Siskiyou,093,43540,5413,5406,3425,8831,95
2023-01-26,Solano,095,438530,112676,112210,8518,120728,482
2023-01-26,Sonoma,097,501317,112541,112332,5706,118038,541
2023-01-26,Stanislaus,099,539301,143905,143769,22787,166556,1816
2023-01-26,Sutter,101,95872,25524,25478,2532,28010,237
2023-01-26,Tehama,103,63373,14397,14356,3385,17741,222
2023-01-26,Trinity,105,12862,1465,1459,503,1962,23
2023-01-26,Tulare,107,460477,127320,126918,39720,166638,1559
2023-01-26,Tuolumne,109,53932,16722,16639,981,17620,203
2023-01-26,Ventura,111,848112,219539,219015,17893,236908,1650
2023-01-26,Yolo,113,214977,49679,49563,4807,54370,435
2023-01-26,Yuba,115,75493,19894,19871,1843,21714,134
2023-01-25,Alameda,001,1643700,374584,373183,22002,395185,2138
2023-01-25,Alpine,002,1148,139,139,4,143,0
2023-01-25,Amador,005,37829,10467,10443,962,11405,98
2023-01-25,Butte,007,227075,41395,41340,10088,51428,486
2023-01-25,Calaveras,009,45235,8926,8906,636,9542,140
2023-01-25,Colusa,011,21464,3943,3936,1336,5272,22
2023-01-25,Contra Costa,013,1133247,269624,268472,22164,290636,1521
2023-01-25,Del Norte,015,27424,7815,7725,450,8175,57
2023-01-25,El Dorado,017,186661,34293,34271,4510,38781,238
2023-01-25,Fresno,019,978130,292376,290101,34462,324563,2962
2023-01-25,Glenn,021,27897,5757,5752,1998,7750,58
2023-01-25,Humboldt,023,135768,23196,23039,5831,28870,167
2023-01-25,Imperial,025,180216,69423,69274,18712,87986,973
2023-01-25,Inyo,027,18085,4735,4722,1268,5990,63
2023-01-25,Kern,029,883053,228750,227749,71507,299256,2467
2023-01-25,Kings,031,150075,62406,62312,4411,66723,471
2023-01-25,Lake,033,64148,13547,13502,1271,14773,149
2023-01-25,Lassen,035,31185,10242,10225,1061,11286,67
2023-01-25,Los Angeles,037,10098052,3464725,3457684,213326,3671010,34926
2023-01-25,Madera,039,155013,46013,45883,8802,54685,377
2023-01-25,Marin,041,260295,48465,48374,5649,54023,317
2023-01-25,Mariposa,043,17540,3341,3305,359,3664,32
2023-01-25,Mendocino,045,87422,16763,16728,4796,21524,139
2023-01-25,Merced,047,269075,76028,75565,12659,88224,897
2023-01-25,Modoc,049,8938,952,951,368,1319,11
2023-01-25,Mono,051,14174,3313,3311,300,3611,8
2023-01-25,Monterey,053,433212,97304,97118,23080,120198,789
2023-01-25,Napa,055,140530,34014,33957,1518,35475,164
2023-01-25,Nevada,057,99092,20027,19981,2255,22236,132
2023-01-25,Orange,059,3164182,706040,702777,76096,778873,7781
2023-01-25,Placer,061,380077,80293,80107,10187,90294,679
2023-01-25,Plumas,063,18699,3815,3811,459,4270,13
2023-01-25,Riverside,065,2383286,730298,728514,40578,769092,6788
2023-01-25,Sacramento,067,1510023,367585,366562,37357,403919,3472
2023-01-25,San Benito,069,59416,17482,17434,1111,18545,115
2023-01-25,San Bernardino,071,2135413,706065,703892,34098,737990,8163
2023-01-25,San Diego,073,3302833,976605,974936,79626,1054562,5716
2023-01-25,San Francisco,075,870044,193403,192738,13112,205850,1152
2023-01-25,San Joaquin,077,732212,207983,207738,16653,224391,2391
2023-01-25,San Luis Obispo,079,281455,65912,65721,8038,73759,549
2023-01-25,San Mateo,081,765935,181091,180043,11041,191084,749
2023-01-25,Santa Barbara,083,443738,111209,110976,7587,118563,755
2023-01-25,Santa Clara,085,1922200,469992,467820,20875,488695,2655
2023-01-25,Santa Cruz,087,273765,67606,67454,3843,71297,276
2023-01-25,Shasta,089,179085,36372,36311,8248,44559,605
2023-01-25,Sierra,091,2930,311,311,61,372,5
2023-01-25,Siskiyou,093,43540,5413,5406,3425,8831,95
2023-01-25,Solano,095,438530,112643,112210,8513,120723,482
2023-01-25,Sonoma,097,501317,112523,112332,5703,118035,541
2023-01-25,Stanislaus,099,539301,143871,143769,22780,166549,1816
2023-01-25,Sutter,101,95872,25520,25478,2532,28010,237
2023-01-25,Tehama,103,63373,14397,14356,3385,17741,222
2023-01-25,Trinity,105,12862,1465,1459,503,1962,23
2023-01-25,Tulare,107,460477,127282,126918,39696,166614,1559
2023-01-25,Tuolumne,109,53932,16717,16639,981,17620,203
2023-01-25,Ventura,111,848112,219486,219015,17887,236902,1650
2023-01-25,Yolo,113,214977,49669,49563,4806,54369,435
2023-01-25,Yuba,115,75493,19891,19871,1841,21712,134
2023-01-24,Alameda,001,1643700,374470,373183,21998,395181,2138
2023-01-24,Alpine,002,1148,139,139,4,143,0
2023-01-24,Amador,005,37829,10460,10443,962,11405,98
2023-01-24,Butte,007,227075,41388,41340,10085,51425,486
2023-01-24,Calaveras,009,45235,8922,8906,636,9542,140
2023-01-24,Colusa,011,21464,3941,3936,1336,5272,22
2023-01-24,Contra Costa,013,1133247,269515,268472,22146,290618,1521
2023-01-24,Del Norte,015,27424,7809,7725,450,8175,57
2023-01-24,El Dorado,017,186661,34286,34271,4510,38781,238
2023-01-24,Fresno,019,978130,292303,290101,34447,324548,2962
2023-01-24,Glenn,021,27897,5756,5752,1998,7750,58
2023-01-24,Humboldt,023,135768,23190,23039,5830,28869,167
2023-01-24,Imperial,025,180216,69411,69274,18706,87980,973
2023-01-24,Inyo,027,18085,4733,4722,1266,5988,63
2023-01-24,Kern,029,883053,228707,227749,71471,299220,2467
2023-01-24,Kings,031,150075,62391,62312,4401,66713,471
2023-01-24,Lake,033,64148,13542,13502,1270,14772,149
2023-01-24,Lassen,035,31185,10240,10225,1060,11285,67
2023-01-24,Los Angeles,037,10098052,3463853,3457684,213162,3670846,34926
2023-01-24,Madera,039,155013,46004,45883,8801,54684,377
2023-01-24,Marin,041,260295,48448,48374,5648,54022,317
2023-01-24,Mariposa,043,17540,3340,3305,359,3664,32
2023-01-24,Mendocino,045,87422,16758,16728,4796,21524,139
2023-01-24,Merced,047,269075,76009,75565,12656,88221,897
2023-01-24,Modoc,049,8938,952,951,367,1318,11
2023-01-24,Mono,051,14174,3313,3311,300,3611,8
2023-01-24,Monterey,053,433212,97284,97118,23056,120174,789
2023-01-24,Napa,055,140530,34003,33957,1518,35475,164
2023-01-24,Nevada,057,99092,20022,19981,2252,22233,132
2023-01-24,Orange,059,3164182,705846,702777,76036,778813,7781
2023-01-24,Placer,061,380077,80260,80107,10185,90292,679
2023-01-24,Plumas,063,18699,3815,3811,459,4270,13
2023-01-24,Riverside,065,2383286,730123,728514,40551,769065,6788
2023-01-24,Sacramento,067,1510023,367469,366562,37335,403897,3472
2023-01-24,San Benito,069,59416,17480,17434,1110,18544,115
2023-01-24,San Bernardino,071,2135413,705916,703892,34076,737968,8163
2023-01-24,San Diego,073,3302833,976291,974936,79578,1054514,5716
2023-01-24,San Francisco,075,870044,193327,192738,13103,205841,1152
2023-01-24,San Joaquin,077,732212,207936,207738,16618,224356,2391
2023-01-24,San Luis Obispo,079,281455,65889,65721,8031,73752,549
2023-01-24,San Mateo,081,765935,181031,180043,11035,191078,749
2023-01-24,Santa Barbara,083,443738,111166,110976,7576,118552,755
2023-01-24,Santa Clara,085,1922200,469817,467820,20861,488681,2655
2023-01-24,Santa Cruz,087,273765,67582,67454,3838,71292,276
2023-01-24,Shasta,089,179085,36370,36311,8247,44558,605
2023-01-24,Sierra,091,2930,311,311,61,372,5
2023-01-24,Siskiyou,093,43540,5413,5406,3424,8830,95
2023-01-24,Solano,095,438530,112608,112210,8508,120718,482
2023-01-24,Sonoma,097,501317,112502,112332,5701,118033,541
2023-01-24,Stanislaus,099,539301,143833,143769,22767,166536,1816
2023-01-24,Sutter,101,95872,25513,25478,2532,28010,237
2023-01-24,Tehama,103,63373,14395,14356,3382,17738,222
2023-01-24,Trinity,105,12862,1465,1459,503,1962,23
2023-01-24,Tulare,107,460477,127225,126918,39668,166586,1559
2023-01-24,Tuolumne,109,53932,16712,16639,981,17620,203
2023-01-24,Ventura,111,848112,219422,219015,17881,236896,1650
2023-01-24,Yolo,113,214977,49655,49563,4804,54367,435
2023-01-24,Yuba,115,75493,19882,19871,1841,21712,134
2023-01-23,Alameda,001,1643700,374346,372424,21984,394408,2125
2023-01-23,Alpine,002,1148,139,139,4,143,0
2023-01-23,Amador,005,37829,10455,10401,962,11363,97
2023-01-23,Butte,007,227075,41377,41293,10083,51376,481
2023-01-23,Calaveras,009,45235,8920,8893,636,9529,139
2023-01-23,Colusa,011,21464,3940,3925,1336,5261,22
2023-01-23,Contra Costa,013,1133247,269420,267942,22138,290080,1518
2023-01-23,Del Norte,015,27424,7805,7708,449,8157,57
2023-01-23,El Dorado,017,186661,34273,34211,4509,38720,237
2023-01-23,Fresno,019,978130,292225,288834,34426,323260,2952
2023-01-23,Glenn,021,27897,5756,5749,1996,7745,58
2023-01-23,Humboldt,023,135768,23187,23013,5826,28839,167
2023-01-23,Imperial,025,180216,69385,69148,18698,87846,969
2023-01-23,Inyo,027,18085,4732,4717,1264,5981,62
2023-01-23,Kern,029,883053,228653,227433,71414,298847,2461
2023-01-23,Kings,031,150075,62361,62192,4400,66592,470
2023-01-23,Lake,033,64148,13535,13471,1270,14741,149
2023-01-23,Lassen,035,31185,10239,10219,1060,11279,66
2023-01-23,Los Angeles,037,10098052,3462880,3451542,213019,3664561,34790
2023-01-23,Madera,039,155013,45996,45839,8799,54638,377
2023-01-23,Marin,041,260295,48435,48236,5644,53880,317
2023-01-23,Mariposa,043,17540,3337,3290,359,3649,32
2023-01-23,Mendocino,045,87422,16757,16706,4791,21497,139
2023-01-23,Merced,047,269075,75990,75414,12652,88066,883
2023-01-23,Modoc,049,8938,952,950,367,1317,11
2023-01-23,Mono,051,14174,3312,3304,298,3602,8
2023-01-23,Monterey,053,433212,97266,96993,23020,120013,784
2023-01-23,Napa,055,140530,33996,33873,1518,35391,164
2023-01-23,Nevada,057,99092,20014,19957,2251,22208,132
2023-01-23,Orange,059,3164182,705644,701534,75981,777515,7754
2023-01-23,Placer,061,380077,80241,79943,10185,90128,671
2023-01-23,Plumas,063,18699,3813,3805,459,4264,13
2023-01-23,Riverside,065,2383286,729955,727487,40512,767999,6788
2023-01-23,Sacramento,067,1510023,367355,365898,37312,403210,3454
2023-01-23,San Benito,069,59416,17474,17407,1109,18516,115
2023-01-23,San Bernardino,071,2135413,705760,702778,34060,736838,8155
2023-01-23,San Diego,073,3302833,975962,973112,79537,1052649,5703
2023-01-23,San Francisco,075,870044,193259,192280,13097,205377,1147
2023-01-23,San Joaquin,077,732212,207888,207428,16611,224039,2388
2023-01-23,San Luis Obispo,079,281455,65866,65596,8029,73625,545
2023-01-23,San Mateo,081,765935,180958,179715,11034,190749,749
2023-01-23,Santa Barbara,083,443738,111125,110772,7569,118341,752
2023-01-23,Santa Clara,085,1922200,469636,467082,20852,487934,2633
2023-01-23,Santa Cruz,087,273765,67571,67312,3833,71145,277
2023-01-23,Shasta,089,179085,36363,36230,8244,44474,603
2023-01-23,Sierra,091,2930,311,311,61,372,5
2023-01-23,Siskiyou,093,43540,5411,5400,3423,8823,95
2023-01-23,Solano,095,438530,112570,111971,8507,120478,482
2023-01-23,Sonoma,097,501317,112482,112137,5699,117836,541
2023-01-23,Stanislaus,099,539301,143798,143576,22761,166337,1813
2023-01-23,Sutter,101,95872,25510,25442,2532,27974,237
2023-01-23,Tehama,103,63373,14392,14342,3381,17723,222
2023-01-23,Trinity,105,12862,1465,1452,503,1955,23
2023-01-23,Tulare,107,460477,127191,126692,39638,166330,1554
2023-01-23,Tuolumne,109,53932,16703,16613,981,17594,205
2023-01-23,Ventura,111,848112,219352,218678,17871,236549,1640
2023-01-23,Yolo,113,214977,49641,49481,4799,54280,436
2023-01-23,Yuba,115,75493,19878,19840,1838,21678,133
2023-01-22,Alameda,001,1643700,374217,372424,21976,394400,2125
2023-01-22,Alpine,002,1148,139,139,4,143,0
2023-01-22,Amador,005,37829,10454,10401,962,11363,97
2023-01-22,Butte,007,227075,41368,41293,10080,51373,481
2023-01-22,Calaveras,009,45235,8917,8893,636,9529,139
2023-01-22,Colusa,011,21464,3939,3925,1336,5261,22
2023-01-22,Contra Costa,013,1133247,269339,267942,22124,290066,1518
2023-01-22,Del Norte,015,27424,7801,7708,449,8157,57
2023-01-22,El Dorado,017,186661,34269,34211,4509,38720,237
2023-01-22,Fresno,019,978130,292140,288834,34401,323235,2952
2023-01-22,Glenn,021,27897,5755,5749,1996,7745,58
2023-01-22,Humboldt,023,135768,23183,23013,5817,28830,167
2023-01-22,Imperial,025,180216,69367,69148,18692,87840,969
2023-01-22,Inyo,027,18085,4731,4717,1263,5980,62
2023-01-22,Kern,029,883053,228603,227433,71355,298788,2461
2023-01-22,Kings,031,150075,62333,62192,4397,66589,470
2023-01-22,Lake,033,64148,13529,13471,1269,14740,149
2023-01-22,Lassen,035,31185,10238,10219,1060,11279,66
2023-01-22,Los Angeles,037,10098052,3461898,3451542,212839,3664381,34790
2023-01-22,Madera,039,155013,45985,45839,8797,54636,377
2023-01-22,Marin,041,260295,48422,48236,5642,53878,317
2023-01-22,Mariposa,043,17540,3337,3290,359,3649,32
2023-01-22,Mendocino,045,87422,16750,16706,4790,21496,139
2023-01-22,Merced,047,269075,75958,75414,12643,88057,883
2023-01-22,Modoc,049,8938,952,950,367,1317,11
2023-01-22,Mono,051,14174,3311,3304,298,3602,8
2023-01-22,Monterey,053,433212,97243,96993,22990,119983,784
2023-01-22,Napa,055,140530,33985,33873,1518,35391,164
2023-01-22,Nevada,057,99092,20011,19957,2248,22205,132
2023-01-22,Orange,059,3164182,705458,701534,75920,777454,7754
2023-01-22,Placer,061,380077,80220,79943,10184,90127,671
2023-01-22,Plumas,063,18699,3813,3805,459,4264,13
2023-01-22,Riverside,065,2383286,729777,727487,40475,767962,6788
2023-01-22,Sacramento,067,1510023,367238,365898,37289,403187,3454
2023-01-22,San Benito,069,59416,17468,17407,1109,18516,115
2023-01-22,San Bernardino,071,2135413,705578,702778,34025,736803,8155
2023-01-22,San Diego,073,3302833,975608,973112,79463,1052575,5703
2023-01-22,San Francisco,075,870044,193189,192280,13086,205366,1147
2023-01-22,San Joaquin,077,732212,207845,207428,16600,224028,2388
2023-01-22,San Luis Obispo,079,281455,65845,65596,8023,73619,545
2023-01-22,San Mateo,081,765935,180884,179715,11027,190742,749
2023-01-22,Santa Barbara,083,443738,111082,110772,7558,118330,752
2023-01-22,Santa Clara,085,1922200,469484,467082,20837,487919,2633
2023-01-22,Santa Cruz,087,273765,67544,67312,3827,71139,277
2023-01-22,Shasta,089,179085,36360,36230,8239,44469,603
2023-01-22,Sierra,091,2930,311,311,61,372,5
2023-01-22,Siskiyou,093,43540,5410,5400,3423,8823,95
2023-01-22,Solano,095,438530,112527,111971,8503,120474,482
2023-01-22,Sonoma,097,501317,112449,112137,5696,117833,541
2023-01-22,Stanislaus,099,539301,143769,143576,22755,166331,1813
2023-01-22,Sutter,101,95872,25506,25442,2530,27972,237
2023-01-22,Tehama,103,63373,14388,14342,3378,17720,222
2023-01-22,Trinity,105,12862,1463,1452,503,1955,23
2023-01-22,Tulare,107,460477,127154,126692,39603,166295,1554
2023-01-22,Tuolumne,109,53932,16698,16613,981,17594,205
2023-01-22,Ventura,111,848112,219294,218678,17859,236537,1640
2023-01-22,Yolo,113,214977,49625,49481,4798,54279,436
2023-01-22,Yuba,115,75493,19873,19840,1838,21678,133
2023-01-21,Alameda,001,1643700,374139,372424,21973,394397,2125
2023-01-21,Alpine,002,1148,139,139,4,143,0
2023-01-21,Amador,005,37829,10453,10401,962,11363,97
2023-01-21,Butte,007,227075,41366,41293,10077,51370,481
2023-01-21,Calaveras,009,45235,8915,8893,636,9529,139
2023-01-21,Colusa,011,21464,3938,3925,1335,5260,22
2023-01-21,Contra Costa,013,1133247,269288,267942,22124,290066,1518
2023-01-21,Del Norte,015,27424,7798,7708,449,8157,57
2023-01-21,El Dorado,017,186661,34260,34211,4508,38719,237
2023-01-21,Fresno,019,978130,292102,288834,34397,323231,2952
2023-01-21,Glenn,021,27897,5755,5749,1996,7745,58
2023-01-21,Humboldt,023,135768,23181,23013,5816,28829,167
2023-01-21,Imperial,025,180216,69361,69148,18691,87839,969
2023-01-21,Inyo,027,18085,4731,4717,1263,5980,62
2023-01-21,Kern,029,883053,228565,227433,71334,298767,2461
2023-01-21,Kings,031,150075,62325,62192,4397,66589,470
2023-01-21,Lake,033,64148,13526,13471,1269,14740,149
2023-01-21,Lassen,035,31185,10238,10219,1060,11279,66
2023-01-21,Los Angeles,037,10098052,3461339,3451542,212751,3664293,34790
2023-01-21,Madera,039,155013,45979,45839,8797,54636,377
2023-01-21,Marin,041,260295,48404,48236,5640,53876,317
2023-01-21,Mariposa,043,17540,3336,3290,359,3649,32
2023-01-21,Mendocino,045,87422,16749,16706,4789,21495,139
2023-01-21,Merced,047,269075,75952,75414,12642,88056,883
2023-01-21,Modoc,049,8938,952,950,367,1317,11
2023-01-21,Mono,051,14174,3311,3304,298,3602,8
2023-01-21,Monterey,053,433212,97235,96993,22969,119962,784
2023-01-21,Napa,055,140530,33978,33873,1518,35391,164
2023-01-21,Nevada,057,99092,20010,19957,2247,22204,132
2023-01-21,Orange,059,3164182,705362,701534,75863,777397,7754
2023-01-21,Placer,061,380077,80202,79943,10184,90127,671
2023-01-21,Plumas,063,18699,3813,3805,459,4264,13
2023-01-21,Riverside,065,2383286,729693,727487,40458,767945,6788
2023-01-21,Sacramento,067,1510023,367178,365898,37283,403181,3454
2023-01-21,San Benito,069,59416,17464,17407,1107,18514,115
2023-01-21,San Bernardino,071,2135413,705483,702778,34010,736788,8155
2023-01-21,San Diego,073,3302833,975452,973112,79437,1052549,5703
2023-01-21,San Francisco,075,870044,193144,192280,13081,205361,1147
2023-01-21,San Joaquin,077,732212,207821,207428,16594,224022,2388
2023-01-21,San Luis Obispo,079,281455,65842,65596,8021,73617,545
2023-01-21,San Mateo,081,765935,180853,179715,11025,190740,749
2023-01-21,Santa Barbara,083,443738,111062,110772,7556,118328,752
2023-01-21,Santa Clara,085,1922200,469373,467082,20835,487917,2633
2023-01-21,Santa Cruz,087,273765,67537,67312,3827,71139,277
2023-01-21,Shasta,089,179085,36356,36230,8239,44469,603
2023-01-21,Sierra,091,2930,311,311,61,372,5
2023-01-21,Siskiyou,093,43540,5410,5400,3422,8822,95
2023-01-21,Solano,095,438530,112517,111971,8502,120473,482
2023-01-21,Sonoma,097,501317,112423,112137,5696,117833,541
2023-01-21,Stanislaus,099,539301,143757,143576,22754,166330,1813
2023-01-21,Sutter,101,95872,25502,25442,2530,27972,237
2023-01-21,Tehama,103,63373,14386,14342,3377,17719,222
2023-01-21,Trinity,105,12862,1463,1452,503,1955,23
2023-01-21,Tulare,107,460477,127134,126692,39593,166285,1554
2023-01-21,Tuolumne,109,53932,16693,16613,981,17594,205
2023-01-21,Ventura,111,848112,219255,218678,17855,236533,1640
2023-01-21,Yolo,113,214977,49618,49481,4798,54279,436
2023-01-21,Yuba,115,75493,19872,19840,1838,21678,133
2023-01-20,Alameda,001,1643700,374080,372424,21970,394394,2125
2023-01-20,Alpine,002,1148,139,139,4,143,0
2023-01-20,Amador,005,37829,10452,10401,961,11362,97
2023-01-20,Butte,007,227075,41365,41293,10076,51369,481
2023-01-20,Calaveras,009,45235,8914,8893,636,9529,139
2023-01-20,Colusa,011,21464,3938,3925,1335,5260,22
2023-01-20,Contra Costa,013,1133247,269237,267942,22122,290064,1518
2023-01-20,Del Norte,015,27424,7798,7708,448,8156,57
2023-01-20,El Dorado,017,186661,34254,34211,4507,38718,237
2023-01-20,Fresno,019,978130,292050,288834,34391,323225,2952
2023-01-20,Glenn,021,27897,5755,5749,1995,7744,58
2023-01-20,Humboldt,023,135768,23178,23013,5811,28824,167
2023-01-20,Imperial,025,180216,69355,69148,18689,87837,969
2023-01-20,Inyo,027,18085,4730,4717,1263,5980,62
2023-01-20,Kern,029,883053,228534,227433,71310,298743,2461
2023-01-20,Kings,031,150075,62313,62192,4397,66589,470
2023-01-20,Lake,033,64148,13526,13471,1269,14740,149
2023-01-20,Lassen,035,31185,10238,10219,1060,11279,66
2023-01-20,Los Angeles,037,10098052,3460825,3451542,212663,3664205,34790
2023-01-20,Madera,039,155013,45973,45839,8797,54636,377
2023-01-20,Marin,041,260295,48394,48236,5640,53876,317
2023-01-20,Mariposa,043,17540,3334,3290,359,3649,32
2023-01-20,Mendocino,045,87422,16747,16706,4789,21495,139
2023-01-20,Merced,047,269075,75943,75414,12640,88054,883
2023-01-20,Modoc,049,8938,952,950,367,1317,11
2023-01-20,Mono,051,14174,3311,3304,298,3602,8
2023-01-20,Monterey,053,433212,97222,96993,22950,119943,784
2023-01-20,Napa,055,140530,33971,33873,1518,35391,164
2023-01-20,Nevada,057,99092,20007,19957,2247,22204,132
2023-01-20,Orange,059,3164182,705238,701534,75829,777363,7754
2023-01-20,Placer,061,380077,80191,79943,10184,90127,671
2023-01-20,Plumas,063,18699,3812,3805,459,4264,13
2023-01-20,Riverside,065,2383286,729585,727487,40439,767926,6788
2023-01-20,Sacramento,067,1510023,367131,365898,37280,403178,3454
2023-01-20,San Benito,069,59416,17463,17407,1107,18514,115
2023-01-20,San Bernardino,071,2135413,705380,702778,34000,736778,8155
2023-01-20,San Diego,073,3302833,975262,973112,79412,1052524,5703
2023-01-20,San Francisco,075,870044,193102,192280,13069,205349,1147
2023-01-20,San Joaquin,077,732212,207803,207428,16590,224018,2388
2023-01-20,San Luis Obispo,079,281455,65835,65596,8019,73615,545
2023-01-20,San Mateo,081,765935,180827,179715,11024,190739,749
2023-01-20,Santa Barbara,083,443738,111045,110772,7554,118326,752
2023-01-20,Santa Clara,085,1922200,469264,467082,20829,487911,2633
2023-01-20,Santa Cruz,087,273765,67516,67312,3827,71139,277
2023-01-20,Shasta,089,179085,36355,36230,8236,44466,603
2023-01-20,Sierra,091,2930,311,311,61,372,5
2023-01-20,Siskiyou,093,43540,5409,5400,3422,8822,95
2023-01-20,Solano,095,438530,112499,111971,8499,120470,482
2023-01-20,Sonoma,097,501317,112408,112137,5696,117833,541
2023-01-20,Stanislaus,099,539301,143734,143576,22752,166328,1813
2023-01-20,Sutter,101,95872,25499,25442,2530,27972,237
2023-01-20,Tehama,103,63373,14384,14342,3376,17718,222
2023-01-20,Trinity,105,12862,1463,1452,503,1955,23
2023-01-20,Tulare,107,460477,127111,126692,39579,166271,1554
2023-01-20,Tuolumne,109,53932,16686,16613,981,17594,205
2023-01-20,Ventura,111,848112,219220,218678,17851,236529,1640
2023-01-20,Yolo,113,214977,49607,49481,4797,54278,436
2023-01-20,Yuba,115,75493,19870,19840,1838,21678,133
2023-01-19,Alameda,001,1643700,373975,372424,21962,394386,2125
2023-01-19,Alpine,002,1148,139,139,4,143,0
2023-01-19,Amador,005,37829,10450,10401,961,11362,97
2023-01-19,Butte,007,227075,41359,41293,10070,51363,481
2023-01-19,Calaveras,009,45235,8914,8893,636,9529,139
2023-01-19,Colusa,011,21464,3936,3925,1335,5260,22
2023-01-19,Contra Costa,013,1133247,269169,267942,22115,290057,1518
2023-01-19,Del Norte,015,27424,7794,7708,448,8156,57
2023-01-19,El Dorado,017,186661,34250,34211,4505,38716,237
2023-01-19,Fresno,019,978130,291984,288834,34385,323219,2952
2023-01-19,Glenn,021,27897,5755,5749,1995,7744,58
2023-01-19,Humboldt,023,135768,23171,23013,5792,28805,167
2023-01-19,Imperial,025,180216,69344,69148,18688,87836,969
2023-01-19,Inyo,027,18085,4728,4717,1263,5980,62
2023-01-19,Kern,029,883053,228484,227433,71250,298683,2461
2023-01-19,Kings,031,150075,62297,62192,4394,66586,470
2023-01-19,Lake,033,64148,13524,13471,1269,14740,149
2023-01-19,Lassen,035,31185,10238,10219,1060,11279,66
2023-01-19,Los Angeles,037,10098052,3460056,3451542,212553,3664095,34790
2023-01-19,Madera,039,155013,45963,45839,8795,54634,377
2023-01-19,Marin,041,260295,48376,48236,5640,53876,317
2023-01-19,Mariposa,043,17540,3333,3290,359,3649,32
2023-01-19,Mendocino,045,87422,16745,16706,4788,21494,139
2023-01-19,Merced,047,269075,75925,75414,12637,88051,883
2023-01-19,Modoc,049,8938,951,950,366,1316,11
2023-01-19,Mono,051,14174,3311,3304,297,3601,8
2023-01-19,Monterey,053,433212,97207,96993,22932,119925,784
2023-01-19,Napa,055,140530,33963,33873,1518,35391,164
2023-01-19,Nevada,057,99092,20006,19957,2247,22204,132
2023-01-19,Orange,059,3164182,705072,701534,75770,777304,7754
2023-01-19,Placer,061,380077,80169,79943,10183,90126,671
2023-01-19,Plumas,063,18699,3812,3805,459,4264,13
2023-01-19,Riverside,065,2383286,729440,727487,40406,767893,6788
2023-01-19,Sacramento,067,1510023,367039,365898,37266,403164,3454
2023-01-19,San Benito,069,59416,17460,17407,1106,18513,115
2023-01-19,San Bernardino,071,2135413,705249,702778,33983,736761,8155
2023-01-19,San Diego,073,3302833,975016,973112,79355,1052467,5703
2023-01-19,San Francisco,075,870044,193027,192280,13061,205341,1147
2023-01-19,San Joaquin,077,732212,207767,207428,16581,224009,2388
2023-01-19,San Luis Obispo,079,281455,65819,65596,8014,73610,545
2023-01-19,San Mateo,081,765935,180777,179715,11021,190736,749
2023-01-19,Santa Barbara,083,443738,111020,110772,7553,118325,752
2023-01-19,Santa Clara,085,1922200,469140,467082,20821,487903,2633
2023-01-19,Santa Cruz,087,273765,67502,67312,3827,71139,277
2023-01-19,Shasta,089,179085,36353,36230,8235,44465,603
2023-01-19,Sierra,091,2930,311,311,61,372,5
2023-01-19,Siskiyou,093,43540,5407,5400,3422,8822,95
2023-01-19,Solano,095,438530,112459,111971,8496,120467,482
2023-01-19,Sonoma,097,501317,112385,112137,5696,117833,541
2023-01-19,Stanislaus,099,539301,143707,143576,22716,166292,1813
2023-01-19,Sutter,101,95872,25496,25442,2530,27972,237
2023-01-19,Tehama,103,63373,14382,14342,3376,17718,222
2023-01-19,Trinity,105,12862,1463,1452,503,1955,23
2023-01-19,Tulare,107,460477,127078,126692,39556,166248,1554
2023-01-19,Tuolumne,109,53932,16681,16613,981,17594,205
2023-01-19,Ventura,111,848112,219167,218678,17837,236515,1640
2023-01-19,Yolo,113,214977,49599,49481,4796,54277,436
2023-01-19,Yuba,115,75493,19867,19840,1837,21677,133
2023-01-18,Alameda,001,1643700,373854,372424,21952,394376,2125
2023-01-18,Alpine,002,1148,139,139,4,143,0
2023-01-18,Amador,005,37829,10436,10401,961,11362,97
2023-01-18,Butte,007,227075,41352,41293,10063,51356,481
2023-01-18,Calaveras,009,45235,8910,8893,636,9529,139
2023-01-18,Colusa,011,21464,3932,3925,1335,5260,22
2023-01-18,Contra Costa,013,1133247,269081,267942,22111,290053,1518
2023-01-18,Del Norte,015,27424,7789,7708,441,8149,57
2023-01-18,El Dorado,017,186661,34245,34211,4505,38716,237
2023-01-18,Fresno,019,978130,291934,288834,34371,323205,2952
2023-01-18,Glenn,021,27897,5754,5749,1995,7744,58
2023-01-18,Humboldt,023,135768,23168,23013,5786,28799,167
2023-01-18,Imperial,025,180216,69328,69148,18686,87834,969
2023-01-18,Inyo,027,18085,4728,4717,1260,5977,62
2023-01-18,Kern,029,883053,228431,227433,71210,298643,2461
2023-01-18,Kings,031,150075,62282,62192,4393,66585,470
2023-01-18,Lake,033,64148,13521,13471,1269,14740,149
2023-01-18,Lassen,035,31185,10238,10219,1059,11278,66
2023-01-18,Los Angeles,037,10098052,3459246,3451542,212397,3663939,34790
2023-01-18,Madera,039,155013,45955,45839,8795,54634,377
2023-01-18,Marin,041,260295,48359,48236,5639,53875,317
2023-01-18,Mariposa,043,17540,3332,3290,359,3649,32
2023-01-18,Mendocino,045,87422,16742,16706,4783,21489,139
2023-01-18,Merced,047,269075,75905,75414,12637,88051,883
2023-01-18,Modoc,049,8938,951,950,366,1316,11
2023-01-18,Mono,051,14174,3311,3304,297,3601,8
2023-01-18,Monterey,053,433212,97187,96993,22916,119909,784
2023-01-18,Napa,055,140530,33948,33873,1517,35390,164
2023-01-18,Nevada,057,99092,20002,19957,2246,22203,132
2023-01-18,Orange,059,3164182,704886,701534,75720,777254,7754
2023-01-18,Placer,061,380077,80145,79943,10181,90124,671
2023-01-18,Plumas,063,18699,3811,3805,459,4264,13
2023-01-18,Riverside,065,2383286,729298,727487,40390,767877,6788
2023-01-18,Sacramento,067,1510023,366971,365898,37248,403146,3454
2023-01-18,San Benito,069,59416,17456,17407,1106,18513,115
2023-01-18,San Bernardino,071,2135413,705138,702778,33968,736746,8155
2023-01-18,San Diego,073,3302833,974701,973112,79301,1052413,5703
2023-01-18,San Francisco,075,870044,192959,192280,13059,205339,1147
2023-01-18,San Joaquin,077,732212,207727,207428,16577,224005,2388
2023-01-18,San Luis Obispo,079,281455,65802,65596,8006,73602,545
2023-01-18,San Mateo,081,765935,180724,179715,11018,190733,749
2023-01-18,Santa Barbara,083,443738,110989,110772,7540,118312,752
2023-01-18,Santa Clara,085,1922200,468982,467082,20814,487896,2633
2023-01-18,Santa Cruz,087,273765,67492,67312,3824,71136,277
2023-01-18,Shasta,089,179085,36348,36230,8233,44463,603
2023-01-18,Sierra,091,2930,311,311,61,372,5
2023-01-18,Siskiyou,093,43540,5406,5400,3422,8822,95
2023-01-18,Solano,095,438530,112424,111971,8496,120467,482
2023-01-18,Sonoma,097,501317,112358,112137,5692,117829,541
2023-01-18,Stanislaus,099,539301,143677,143576,22714,166290,1813
2023-01-18,Sutter,101,95872,25485,25442,2528,27970,237
2023-01-18,Tehama,103,63373,14381,14342,3373,17715,222
2023-01-18,Trinity,105,12862,1462,1452,503,1955,23
2023-01-18,Tulare,107,460477,127050,126692,39528,166220,1554
2023-01-18,Tuolumne,109,53932,16676,16613,981,17594,205
2023-01-18,Ventura,111,848112,219103,218678,17826,236504,1640
2023-01-18,Yolo,113,214977,49586,49481,4795,54276,436
2023-01-18,Yuba,115,75493,19859,19840,1837,21677,133
2023-01-17,Alameda,001,1643700,373740,372424,21943,394367,2125
2023-01-17,Alpine,002,1148,139,139,4,143,0
2023-01-17,Amador,005,37829,10429,10401,960,11361,97
2023-01-17,Butte,007,227075,41348,41293,10060,51353,481
2023-01-17,Calaveras,009,45235,8908,8893,636,9529,139
2023-01-17,Colusa,011,21464,3931,3925,1335,5260,22
2023-01-17,Contra Costa,013,1133247,268988,267942,22103,290045,1518
2023-01-17,Del Norte,015,27424,7784,7708,441,8149,57
2023-01-17,El Dorado,017,186661,34240,34211,4503,38714,237
2023-01-17,Fresno,019,978130,291869,288834,34361,323195,2952
2023-01-17,Glenn,021,27897,5754,5749,1995,7744,58
2023-01-17,Humboldt,023,135768,23161,23013,5783,28796,167
2023-01-17,Imperial,025,180216,69309,69148,18684,87832,969
2023-01-17,Inyo,027,18085,4727,4717,1253,5970,62
2023-01-17,Kern,029,883053,228387,227433,71165,298598,2461
2023-01-17,Kings,031,150075,62265,62192,4390,66582,470
2023-01-17,Lake,033,64148,13517,13471,1269,14740,149
2023-01-17,Lassen,035,31185,10236,10219,1059,11278,66
2023-01-17,Los Angeles,037,10098052,3458379,3451542,212236,3663778,34790
2023-01-17,Madera,039,155013,45952,45839,8794,54633,377
2023-01-17,Marin,041,260295,48343,48236,5637,53873,317
2023-01-17,Mariposa,043,17540,3332,3290,359,3649,32
2023-01-17,Mendocino,045,87422,16740,16706,4774,21480,139
2023-01-17,Merced,047,269075,75889,75414,12631,88045,883
2023-01-17,Modoc,049,8938,951,950,366,1316,11
2023-01-17,Mono,051,14174,3308,3304,297,3601,8
2023-01-17,Monterey,053,433212,97176,96993,22907,119900,784
2023-01-17,Napa,055,140530,33934,33873,1517,35390,164
2023-01-17,Nevada,057,99092,20000,19957,2246,22203,132
2023-01-17,Orange,059,3164182,704694,701534,75647,777181,7754
2023-01-17,Placer,061,380077,80128,79943,10180,90123,671
2023-01-17,Plumas,063,18699,3808,3805,459,4264,13
2023-01-17,Riverside,065,2383286,729135,727487,40366,767853,6788
2023-01-17,Sacramento,067,1510023,366857,365898,37236,403134,3454
2023-01-17,San Benito,069,59416,17453,17407,1105,18512,115
2023-01-17,San Bernardino,071,2135413,704950,702778,33934,736712,8155
2023-01-17,San Diego,073,3302833,974364,973112,79248,1052360,5703
2023-01-17,San Francisco,075,870044,192889,192280,13055,205335,1147
2023-01-17,San Joaquin,077,732212,207687,207428,16574,224002,2388
2023-01-17,San Luis Obispo,079,281455,65785,65596,8004,73600,545
2023-01-17,San Mateo,081,765935,180667,179715,11018,190733,749
2023-01-17,Santa Barbara,083,443738,110948,110772,7536,118308,752
2023-01-17,Santa Clara,085,1922200,468823,467082,20793,487875,2633
2023-01-17,Santa Cruz,087,273765,67474,67312,3822,71134,277
2023-01-17,Shasta,089,179085,36344,36230,8232,44462,603
2023-01-17,Sierra,091,2930,311,311,61,372,5
2023-01-17,Siskiyou,093,43540,5406,5400,3422,8822,95
2023-01-17,Solano,095,438530,112377,111971,8492,120463,482
2023-01-17,Sonoma,097,501317,112317,112137,5691,117828,541
2023-01-17,Stanislaus,099,539301,143652,143576,22711,166287,1813
2023-01-17,Sutter,101,95872,25475,25442,2528,27970,237
2023-01-17,Tehama,103,63373,14380,14342,3373,17715,222
2023-01-17,Trinity,105,12862,1461,1452,502,1954,23
2023-01-17,Tulare,107,460477,127004,126692,39508,166200,1554
2023-01-17,Tuolumne,109,53932,16672,16613,981,17594,205
2023-01-17,Ventura,111,848112,219049,218678,17815,236493,1640
2023-01-17,Yolo,113,214977,49573,49481,4791,54272,436
2023-01-17,Yuba,115,75493,19853,19840,1836,21676,133
2023-01-16,Alameda,001,1643700,373601,371533,21928,393461,2112
2023-01-16,Alpine,002,1148,139,139,4,143,0
2023-01-16,Amador,005,37829,10421,10384,960,11344,96
2023-01-16,Butte,007,227075,41334,41228,10056,51284,478
2023-01-16,Calaveras,009,45235,8905,8878,636,9514,138
2023-01-16,Colusa,011,21464,3930,3919,1333,5252,22
2023-01-16,Contra Costa,013,1133247,268901,267212,22094,289306,1505
2023-01-16,Del Norte,015,27424,7783,7700,440,8140,57
2023-01-16,El Dorado,017,186661,34233,34153,4501,38654,236
2023-01-16,Fresno,019,978130,291784,287748,34352,322100,2940
2023-01-16,Glenn,021,27897,5753,5747,1995,7742,58
2023-01-16,Humboldt,023,135768,23153,22986,5777,28763,166
2023-01-16,Imperial,025,180216,69300,69018,18675,87693,964
2023-01-16,Inyo,027,18085,4726,4709,1253,5962,62
2023-01-16,Kern,029,883053,228340,226971,71109,298080,2457
2023-01-16,Kings,031,150075,62254,62044,4386,66430,469
2023-01-16,Lake,033,64148,13507,13448,1269,14717,149
2023-01-16,Lassen,035,31185,10234,10212,1057,11269,66
2023-01-16,Los Angeles,037,10098052,3457280,3443850,212027,3655877,34651
2023-01-16,Madera,039,155013,45945,45761,8790,54551,377
2023-01-16,Marin,041,260295,48327,48130,5632,53762,317
2023-01-16,Mariposa,043,17540,3330,3285,359,3644,32
2023-01-16,Mendocino,045,87422,16736,16682,4772,21454,137
2023-01-16,Merced,047,269075,75864,75253,12629,87882,883
2023-01-16,Modoc,049,8938,951,946,366,1312,11
2023-01-16,Mono,051,14174,3307,3299,297,3596,8
2023-01-16,Monterey,053,433212,97159,96874,22897,119771,781
2023-01-16,Napa,055,140530,33919,33808,1517,35325,165
2023-01-16,Nevada,057,99092,19994,19927,2245,22172,132
2023-01-16,Orange,059,3164182,704485,699881,75587,775468,7723
2023-01-16,Placer,061,380077,80102,79766,10176,89942,671
2023-01-16,Plumas,063,18699,3808,3804,458,4262,13
2023-01-16,Riverside,065,2383286,728942,725898,40329,766227,6761
2023-01-16,Sacramento,067,1510023,366761,365352,37206,402558,3434
2023-01-16,San Benito,069,59416,17447,17378,1105,18483,115
2023-01-16,San Bernardino,071,2135413,704730,701674,33916,735590,8146
2023-01-16,San Diego,073,3302833,973934,970800,79192,1049992,5681
2023-01-16,San Francisco,075,870044,192809,191765,13051,204816,1123
2023-01-16,San Joaquin,077,732212,207646,207038,16569,223607,2378
2023-01-16,San Luis Obispo,079,281455,65756,65502,7998,73500,539
2023-01-16,San Mateo,081,765935,180612,179319,11013,190332,749
2023-01-16,Santa Barbara,083,443738,110916,110537,7527,118064,750
2023-01-16,Santa Clara,085,1922200,468617,465994,20781,486775,2601
2023-01-16,Santa Cruz,087,273765,67449,67144,3819,70963,276
2023-01-16,Shasta,089,179085,36340,36179,8230,44409,604
2023-01-16,Sierra,091,2930,311,311,61,372,5
2023-01-16,Siskiyou,093,43540,5405,5384,3422,8806,95
2023-01-16,Solano,095,438530,112342,111700,8490,120190,479
2023-01-16,Sonoma,097,501317,112284,111955,5689,117644,542
2023-01-16,Stanislaus,099,539301,143618,143318,22706,166024,1800
2023-01-16,Sutter,101,95872,25469,25392,2528,27920,237
2023-01-16,Tehama,103,63373,14377,14320,3373,17693,221
2023-01-16,Trinity,105,12862,1461,1448,502,1950,23
2023-01-16,Tulare,107,460477,126970,126451,39483,165934,1552
2023-01-16,Tuolumne,109,53932,16667,16552,981,17533,209
2023-01-16,Ventura,111,848112,218984,218234,17803,236037,1632
2023-01-16,Yolo,113,214977,49555,49393,4782,54175,433
2023-01-16,Yuba,115,75493,19848,19804,1833,21637,132
2023-01-15,Alameda,001,1643700,373484,371533,21925,393458,2112
2023-01-15,Alpine,002,1148,139,139,4,143,0
2023-01-15,Amador,005,37829,10418,10384,960,11344,96
2023-01-15,Butte,007,227075,41328,41228,10053,51281,478
2023-01-15,Calaveras,009,45235,8905,8878,636,9514,138
2023-01-15,Colusa,011,21464,3929,3919,1333,5252,22
2023-01-15,Contra Costa,013,1133247,268830,267212,22092,289304,1505
2023-01-15,Del Norte,015,27424,7781,7700,439,8139,57
2023-01-15,El Dorado,017,186661,34223,34153,4501,38654,236
2023-01-15,Fresno,019,978130,291727,287748,34334,322082,2940
2023-01-15,Glenn,021,27897,5752,5747,1995,7742,58
2023-01-15,Humboldt,023,135768,23150,22986,5774,28760,166
2023-01-15,Imperial,025,180216,69286,69018,18663,87681,964
2023-01-15,Inyo,027,18085,4725,4709,1249,5958,62
2023-01-15,Kern,029,883053,228273,226971,71064,298035,2457
2023-01-15,Kings,031,150075,62239,62044,4386,66430,469
2023-01-15,Lake,033,64148,13505,13448,1269,14717,149
2023-01-15,Lassen,035,31185,10233,10212,1057,11269,66
2023-01-15,Los Angeles,037,10098052,3456494,3443850,211850,3655700,34651
2023-01-15,Madera,039,155013,45937,45761,8790,54551,377
2023-01-15,Marin,041,260295,48300,48130,5629,53759,317
2023-01-15,Mariposa,043,17540,3329,3285,359,3644,32
2023-01-15,Mendocino,045,87422,16733,16682,4772,21454,137
2023-01-15,Merced,047,269075,75847,75253,12628,87881,883
2023-01-15,Modoc,049,8938,950,946,366,1312,11
2023-01-15,Mono,051,14174,3306,3299,297,3596,8
2023-01-15,Monterey,053,433212,97143,96874,22886,119760,781
2023-01-15,Napa,055,140530,33911,33808,1517,35325,165
2023-01-15,Nevada,057,99092,19988,19927,2243,22170,132
2023-01-15,Orange,059,3164182,704266,699881,75512,775393,7723
2023-01-15,Placer,061,380077,80080,79766,10175,89941,671
2023-01-15,Plumas,063,18699,3807,3804,458,4262,13
2023-01-15,Riverside,065,2383286,728769,725898,40308,766206,6761
2023-01-15,Sacramento,067,1510023,366687,365352,37197,402549,3434
2023-01-15,San Benito,069,59416,17444,17378,1105,18483,115
2023-01-15,San Bernardino,071,2135413,704589,701674,33901,735575,8146
2023-01-15,San Diego,073,3302833,973686,970800,79151,1049951,5681
2023-01-15,San Francisco,075,870044,192742,191765,13045,204810,1123
2023-01-15,San Joaquin,077,732212,207599,207038,16565,223603,2378
2023-01-15,San Luis Obispo,079,281455,65740,65502,7996,73498,539
2023-01-15,San Mateo,081,765935,180566,179319,11008,190327,749
2023-01-15,Santa Barbara,083,443738,110879,110537,7525,118062,750
2023-01-15,Santa Clara,085,1922200,468503,465994,20776,486770,2601
2023-01-15,Santa Cruz,087,273765,67419,67144,3818,70962,276
2023-01-15,Shasta,089,179085,36336,36179,8229,44408,604
2023-01-15,Sierra,091,2930,311,311,61,372,5
2023-01-15,Siskiyou,093,43540,5404,5384,3422,8806,95
2023-01-15,Solano,095,438530,112315,111700,8487,120187,479
2023-01-15,Sonoma,097,501317,112251,111955,5689,117644,542
2023-01-15,Stanislaus,099,539301,143587,143318,22706,166024,1800
2023-01-15,Sutter,101,95872,25462,25392,2528,27920,237
2023-01-15,Tehama,103,63373,14377,14320,3372,17692,221
2023-01-15,Trinity,105,12862,1461,1448,502,1950,23
2023-01-15,Tulare,107,460477,126912,126451,39461,165912,1552
2023-01-15,Tuolumne,109,53932,16662,16552,981,17533,209
2023-01-15,Ventura,111,848112,218936,218234,17793,236027,1632
2023-01-15,Yolo,113,214977,49545,49393,4782,54175,433
2023-01-15,Yuba,115,75493,19845,19804,1833,21637,132
2023-01-14,Alameda,001,1643700,373398,371533,21920,393453,2112
2023-01-14,Alpine,002,1148,139,139,4,143,0
2023-01-14,Amador,005,37829,10414,10384,960,11344,96
2023-01-14,Butte,007,227075,41325,41228,10049,51277,478
2023-01-14,Calaveras,009,45235,8903,8878,635,9513,138
2023-01-14,Colusa,011,21464,3928,3919,1333,5252,22
2023-01-14,Contra Costa,013,1133247,268765,267212,22089,289301,1505
2023-01-14,Del Norte,015,27424,7780,7700,439,8139,57
2023-01-14,El Dorado,017,186661,34216,34153,4500,38653,236
2023-01-14,Fresno,019,978130,291685,287748,34328,322076,2940
2023-01-14,Glenn,021,27897,5752,5747,1995,7742,58
2023-01-14,Humboldt,023,135768,23148,22986,5771,28757,166
2023-01-14,Imperial,025,180216,69271,69018,18663,87681,964
2023-01-14,Inyo,027,18085,4723,4709,1249,5958,62
2023-01-14,Kern,029,883053,228237,226971,71032,298003,2457
2023-01-14,Kings,031,150075,62230,62044,4385,66429,469
2023-01-14,Lake,033,64148,13503,13448,1269,14717,149
2023-01-14,Lassen,035,31185,10233,10212,1057,11269,66
2023-01-14,Los Angeles,037,10098052,3455901,3443850,211753,3655603,34651
2023-01-14,Madera,039,155013,45934,45761,8789,54550,377
2023-01-14,Marin,041,260295,48288,48130,5628,53758,317
2023-01-14,Mariposa,043,17540,3328,3285,359,3644,32
2023-01-14,Mendocino,045,87422,16729,16682,4772,21454,137
2023-01-14,Merced,047,269075,75833,75253,12628,87881,883
2023-01-14,Modoc,049,8938,950,946,365,1311,11
2023-01-14,Mono,051,14174,3305,3299,297,3596,8
2023-01-14,Monterey,053,433212,97133,96874,22882,119756,781
2023-01-14,Napa,055,140530,33905,33808,1517,35325,165
2023-01-14,Nevada,057,99092,19988,19927,2241,22168,132
2023-01-14,Orange,059,3164182,704137,699881,75473,775354,7723
2023-01-14,Placer,061,380077,80069,79766,10174,89940,671
2023-01-14,Plumas,063,18699,3807,3804,458,4262,13
2023-01-14,Riverside,065,2383286,728665,725898,40290,766188,6761
2023-01-14,Sacramento,067,1510023,366636,365352,37191,402543,3434
2023-01-14,San Benito,069,59416,17439,17378,1105,18483,115
2023-01-14,San Bernardino,071,2135413,704496,701674,33888,735562,8146
2023-01-14,San Diego,073,3302833,973493,970800,79133,1049933,5681
2023-01-14,San Francisco,075,870044,192701,191765,13044,204809,1123
2023-01-14,San Joaquin,077,732212,207575,207038,16565,223603,2378
2023-01-14,San Luis Obispo,079,281455,65734,65502,7992,73494,539
2023-01-14,San Mateo,081,765935,180537,179319,11004,190323,749
2023-01-14,Santa Barbara,083,443738,110852,110537,7522,118059,750
2023-01-14,Santa Clara,085,1922200,468416,465994,20767,486761,2601
2023-01-14,Santa Cruz,087,273765,67412,67144,3814,70958,276
2023-01-14,Shasta,089,179085,36333,36179,8229,44408,604
2023-01-14,Sierra,091,2930,311,311,61,372,5
2023-01-14,Siskiyou,093,43540,5404,5384,3422,8806,95
2023-01-14,Solano,095,438530,112306,111700,8484,120184,479
2023-01-14,Sonoma,097,501317,112239,111955,5689,117644,542
2023-01-14,Stanislaus,099,539301,143565,143318,22703,166021,1800
2023-01-14,Sutter,101,95872,25459,25392,2528,27920,237
2023-01-14,Tehama,103,63373,14372,14320,3372,17692,221
2023-01-14,Trinity,105,12862,1461,1448,502,1950,23
2023-01-14,Tulare,107,460477,126891,126451,39453,165904,1552
2023-01-14,Tuolumne,109,53932,16659,16552,979,17531,209
2023-01-14,Ventura,111,848112,218897,218234,17787,236021,1632
2023-01-14,Yolo,113,214977,49531,49393,4780,54173,433
2023-01-14,Yuba,115,75493,19843,19804,1832,21636,132
2023-01-13,Alameda,001,1643700,373307,371533,21912,393445,2112
2023-01-13,Alpine,002,1148,139,139,4,143,0
2023-01-13,Amador,005,37829,10412,10384,960,11344,96
2023-01-13,Butte,007,227075,41321,41228,10044,51272,478
2023-01-13,Calaveras,009,45235,8902,8878,635,9513,138
2023-01-13,Colusa,011,21464,3927,3919,1333,5252,22
2023-01-13,Contra Costa,013,1133247,268700,267212,22087,289299,1505
2023-01-13,Del Norte,015,27424,7779,7700,439,8139,57
2023-01-13,El Dorado,017,186661,34211,34153,4500,38653,236
2023-01-13,Fresno,019,978130,291641,287748,34321,322069,2940
2023-01-13,Glenn,021,27897,5752,5747,1995,7742,58
2023-01-13,Humboldt,023,135768,23147,22986,5765,28751,166
2023-01-13,Imperial,025,180216,69261,69018,18659,87677,964
2023-01-13,Inyo,027,18085,4722,4709,1247,5956,62
2023-01-13,Kern,029,883053,228204,226971,71001,297972,2457
2023-01-13,Kings,031,150075,62217,62044,4385,66429,469
2023-01-13,Lake,033,64148,13503,13448,1269,14717,149
2023-01-13,Lassen,035,31185,10233,10212,1057,11269,66
2023-01-13,Los Angeles,037,10098052,3455328,3443850,211656,3655506,34651
2023-01-13,Madera,039,155013,45926,45761,8789,54550,377
2023-01-13,Marin,041,260295,48275,48130,5625,53755,317
2023-01-13,Mariposa,043,17540,3326,3285,359,3644,32
2023-01-13,Mendocino,045,87422,16726,16682,4772,21454,137
2023-01-13,Merced,047,269075,75825,75253,12628,87881,883
2023-01-13,Modoc,049,8938,950,946,365,1311,11
2023-01-13,Mono,051,14174,3304,3299,297,3596,8
2023-01-13,Monterey,053,433212,97114,96874,22876,119750,781
2023-01-13,Napa,055,140530,33894,33808,1516,35324,165
2023-01-13,Nevada,057,99092,19985,19927,2240,22167,132
2023-01-13,Orange,059,3164182,704020,699881,75429,775310,7723
2023-01-13,Placer,061,380077,80051,79766,10174,89940,671
2023-01-13,Plumas,063,18699,3806,3804,458,4262,13
2023-01-13,Riverside,065,2383286,728562,725898,40275,766173,6761
2023-01-13,Sacramento,067,1510023,366574,365352,37186,402538,3434
2023-01-13,San Benito,069,59416,17438,17378,1104,18482,115
2023-01-13,San Bernardino,071,2135413,704403,701674,33879,735553,8146
2023-01-13,San Diego,073,3302833,973302,970800,79103,1049903,5681
2023-01-13,San Francisco,075,870044,192658,191765,13042,204807,1123
2023-01-13,San Joaquin,077,732212,207540,207038,16564,223602,2378
2023-01-13,San Luis Obispo,079,281455,65719,65502,7992,73494,539
2023-01-13,San Mateo,081,765935,180480,179319,10999,190318,749
2023-01-13,Santa Barbara,083,443738,110835,110537,7521,118058,750
2023-01-13,Santa Clara,085,1922200,468304,465994,20764,486758,2601
2023-01-13,Santa Cruz,087,273765,67393,67144,3814,70958,276
2023-01-13,Shasta,089,179085,36332,36179,8228,44407,604
2023-01-13,Sierra,091,2930,311,311,61,372,5
2023-01-13,Siskiyou,093,43540,5402,5384,3422,8806,95
2023-01-13,Solano,095,438530,112279,111700,8478,120178,479
2023-01-13,Sonoma,097,501317,112218,111955,5689,117644,542
2023-01-13,Stanislaus,099,539301,143543,143318,22700,166018,1800
2023-01-13,Sutter,101,95872,25457,25392,2528,27920,237
2023-01-13,Tehama,103,63373,14372,14320,3371,17691,221
2023-01-13,Trinity,105,12862,1460,1448,502,1950,23
2023-01-13,Tulare,107,460477,126861,126451,39438,165889,1552
2023-01-13,Tuolumne,109,53932,16648,16552,979,17531,209
2023-01-13,Ventura,111,848112,218857,218234,17782,236016,1632
2023-01-13,Yolo,113,214977,49520,49393,4778,54171,433
2023-01-13,Yuba,115,75493,19841,19804,1832,21636,132
2023-01-12,Alameda,001,1643700,373173,371533,21901,393434,2112
2023-01-12,Alpine,002,1148,139,139,4,143,0
2023-01-12,Amador,005,37829,10409,10384,960,11344,96
2023-01-12,Butte,007,227075,41312,41228,10042,51270,478
2023-01-12,Calaveras,009,45235,8900,8878,635,9513,138
2023-01-12,Colusa,011,21464,3926,3919,1333,5252,22
2023-01-12,Contra Costa,013,1133247,268604,267212,22082,289294,1505
2023-01-12,Del Norte,015,27424,7777,7700,439,8139,57
2023-01-12,El Dorado,017,186661,34203,34153,4497,38650,236
2023-01-12,Fresno,019,978130,291582,287748,34307,322055,2940
2023-01-12,Glenn,021,27897,5752,5747,1995,7742,58
2023-01-12,Humboldt,023,135768,23139,22986,5764,28750,166
2023-01-12,Imperial,025,180216,69244,69018,18654,87672,964
2023-01-12,Inyo,027,18085,4720,4709,1245,5954,62
2023-01-12,Kern,029,883053,228128,226971,70962,297933,2457
2023-01-12,Kings,031,150075,62200,62044,4382,66426,469
2023-01-12,Lake,033,64148,13500,13448,1268,14716,149
2023-01-12,Lassen,035,31185,10232,10212,1057,11269,66
2023-01-12,Los Angeles,037,10098052,3454432,3443850,211513,3655363,34651
2023-01-12,Madera,039,155013,45910,45761,8789,54550,377
2023-01-12,Marin,041,260295,48256,48130,5621,53751,317
2023-01-12,Mariposa,043,17540,3324,3285,358,3643,32
2023-01-12,Mendocino,045,87422,16723,16682,4772,21454,137
2023-01-12,Merced,047,269075,75804,75253,12625,87878,883
2023-01-12,Modoc,049,8938,950,946,365,1311,11
2023-01-12,Mono,051,14174,3303,3299,297,3596,8
2023-01-12,Monterey,053,433212,97102,96874,22858,119732,781
2023-01-12,Napa,055,140530,33885,33808,1516,35324,165
2023-01-12,Nevada,057,99092,19982,19927,2239,22166,132
2023-01-12,Orange,059,3164182,703792,699881,75379,775260,7723
2023-01-12,Placer,061,380077,80017,79766,10173,89939,671
2023-01-12,Plumas,063,18699,3806,3804,458,4262,13
2023-01-12,Riverside,065,2383286,728378,725898,40238,766136,6761
2023-01-12,Sacramento,067,1510023,366499,365352,37165,402517,3434
2023-01-12,San Benito,069,59416,17436,17378,1104,18482,115
2023-01-12,San Bernardino,071,2135413,704253,701674,33860,735534,8146
2023-01-12,San Diego,073,3302833,973010,970800,79059,1049859,5681
2023-01-12,San Francisco,075,870044,192585,191765,13033,204798,1123
2023-01-12,San Joaquin,077,732212,207488,207038,16559,223597,2378
2023-01-12,San Luis Obispo,079,281455,65702,65502,7978,73480,539
2023-01-12,San Mateo,081,765935,180422,179319,10997,190316,749
2023-01-12,Santa Barbara,083,443738,110788,110537,7520,118057,750
2023-01-12,Santa Clara,085,1922200,468138,465994,20758,486752,2601
2023-01-12,Santa Cruz,087,273765,67363,67144,3813,70957,276
2023-01-12,Shasta,089,179085,36322,36179,8222,44401,604
2023-01-12,Sierra,091,2930,311,311,61,372,5
2023-01-12,Siskiyou,093,43540,5402,5384,3422,8806,95
2023-01-12,Solano,095,438530,112244,111700,8472,120172,479
2023-01-12,Sonoma,097,501317,112193,111955,5687,117642,542
2023-01-12,Stanislaus,099,539301,143523,143318,22647,165965,1800
2023-01-12,Sutter,101,95872,25450,25392,2528,27920,237
2023-01-12,Tehama,103,63373,14371,14320,3371,17691,221
2023-01-12,Trinity,105,12862,1460,1448,500,1948,23
2023-01-12,Tulare,107,460477,126836,126451,39424,165875,1552
2023-01-12,Tuolumne,109,53932,16642,16552,976,17528,209
2023-01-12,Ventura,111,848112,218795,218234,17772,236006,1632
2023-01-12,Yolo,113,214977,49510,49393,4777,54170,433
2023-01-12,Yuba,115,75493,19835,19804,1832,21636,132
2023-01-11,Alameda,001,1643700,373028,371533,21892,393425,2112
2023-01-11,Alpine,002,1148,139,139,4,143,0
2023-01-11,Amador,005,37829,10405,10384,960,11344,96
2023-01-11,Butte,007,227075,41300,41228,10041,51269,478
2023-01-11,Calaveras,009,45235,8899,8878,634,9512,138
2023-01-11,Colusa,011,21464,3925,3919,1332,5251,22
2023-01-11,Contra Costa,013,1133247,268499,267212,22073,289285,1505
2023-01-11,Del Norte,015,27424,7776,7700,439,8139,57
2023-01-11,El Dorado,017,186661,34188,34153,4497,38650,236
2023-01-11,Fresno,019,978130,291510,287748,34289,322037,2940
2023-01-11,Glenn,021,27897,5752,5747,1995,7742,58
2023-01-11,Humboldt,023,135768,23128,22986,5762,28748,166
2023-01-11,Imperial,025,180216,69216,69018,18645,87663,964
2023-01-11,Inyo,027,18085,4718,4709,1243,5952,62
2023-01-11,Kern,029,883053,228055,226971,70903,297874,2457
2023-01-11,Kings,031,150075,62173,62044,4382,66426,469
2023-01-11,Lake,033,64148,13492,13448,1268,14716,149
2023-01-11,Lassen,035,31185,10232,10212,1057,11269,66
2023-01-11,Los Angeles,037,10098052,3453437,3443850,211328,3655178,34651
2023-01-11,Madera,039,155013,45900,45761,8787,54548,377
2023-01-11,Marin,041,260295,48240,48130,5619,53749,317
2023-01-11,Mariposa,043,17540,3322,3285,358,3643,32
2023-01-11,Mendocino,045,87422,16719,16682,4770,21452,137
2023-01-11,Merced,047,269075,75789,75253,12622,87875,883
2023-01-11,Modoc,049,8938,949,946,365,1311,11
2023-01-11,Mono,051,14174,3303,3299,297,3596,8
2023-01-11,Monterey,053,433212,97084,96874,22845,119719,781
2023-01-11,Napa,055,140530,33875,33808,1516,35324,165
2023-01-11,Nevada,057,99092,19978,19927,2238,22165,132
2023-01-11,Orange,059,3164182,703541,699881,75311,775192,7723
2023-01-11,Placer,061,380077,79993,79766,10169,89935,671
2023-01-11,Plumas,063,18699,3806,3804,458,4262,13
2023-01-11,Riverside,065,2383286,728183,725898,40211,766109,6761
2023-01-11,Sacramento,067,1510023,366409,365352,37148,402500,3434
2023-01-11,San Benito,069,59416,17428,17378,1102,18480,115
2023-01-11,San Bernardino,071,2135413,704114,701674,33827,735501,8146
2023-01-11,San Diego,073,3302833,972681,970800,79010,1049810,5681
2023-01-11,San Francisco,075,870044,192530,191765,13026,204791,1123
2023-01-11,San Joaquin,077,732212,207424,207038,16555,223593,2378
2023-01-11,San Luis Obispo,079,281455,65691,65502,7971,73473,539
2023-01-11,San Mateo,081,765935,180367,179319,10994,190313,749
2023-01-11,Santa Barbara,083,443738,110749,110537,7515,118052,750
2023-01-11,Santa Clara,085,1922200,467953,465994,20752,486746,2601
2023-01-11,Santa Cruz,087,273765,67343,67144,3809,70953,276
2023-01-11,Shasta,089,179085,36316,36179,8222,44401,604
2023-01-11,Sierra,091,2930,311,311,61,372,5
2023-01-11,Siskiyou,093,43540,5401,5384,3422,8806,95
2023-01-11,Solano,095,438530,112215,111700,8468,120168,479
2023-01-11,Sonoma,097,501317,112159,111955,5684,117639,542
2023-01-11,Stanislaus,099,539301,143502,143318,22603,165921,1800
2023-01-11,Sutter,101,95872,25443,25392,2527,27919,237
2023-01-11,Tehama,103,63373,14368,14320,3369,17689,221
2023-01-11,Trinity,105,12862,1460,1448,500,1948,23
2023-01-11,Tulare,107,460477,126808,126451,39404,165855,1552
2023-01-11,Tuolumne,109,53932,16634,16552,974,17526,209
2023-01-11,Ventura,111,848112,218734,218234,17761,235995,1632
2023-01-11,Yolo,113,214977,49499,49393,4774,54167,433
2023-01-11,Yuba,115,75493,19830,19804,1829,21633,132
2023-01-10,Alameda,001,1643700,372906,371533,21879,393412,2112
2023-01-10,Alpine,002,1148,139,139,4,143,0
2023-01-10,Amador,005,37829,10405,10384,960,11344,96
2023-01-10,Butte,007,227075,41286,41228,10036,51264,478
2023-01-10,Calaveras,009,45235,8898,8878,634,9512,138
2023-01-10,Colusa,011,21464,3925,3919,1331,5250,22
2023-01-10,Contra Costa,013,1133247,268399,267212,22058,289270,1505
2023-01-10,Del Norte,015,27424,7773,7700,438,8138,57
2023-01-10,El Dorado,017,186661,34178,34153,4495,38648,236
2023-01-10,Fresno,019,978130,291428,287748,34274,322022,2940
2023-01-10,Glenn,021,27897,5751,5747,1995,7742,58
2023-01-10,Humboldt,023,135768,23125,22986,5758,28744,166
2023-01-10,Imperial,025,180216,69195,69018,18634,87652,964
2023-01-10,Inyo,027,18085,4717,4709,1243,5952,62
2023-01-10,Kern,029,883053,227997,226971,70846,297817,2457
2023-01-10,Kings,031,150075,62151,62044,4381,66425,469
2023-01-10,Lake,033,64148,13487,13448,1268,14716,149
2023-01-10,Lassen,035,31185,10229,10212,1057,11269,66
2023-01-10,Los Angeles,037,10098052,3452254,3443850,211144,3654994,34651
2023-01-10,Madera,039,155013,45891,45761,8784,54545,377
2023-01-10,Marin,041,260295,48221,48130,5617,53747,317
2023-01-10,Mariposa,043,17540,3319,3285,358,3643,32
2023-01-10,Mendocino,045,87422,16715,16682,4768,21450,137
2023-01-10,Merced,047,269075,75768,75253,12616,87869,883
2023-01-10,Modoc,049,8938,949,946,365,1311,11
2023-01-10,Mono,051,14174,3303,3299,296,3595,8
2023-01-10,Monterey,053,433212,97068,96874,22821,119695,781
2023-01-10,Napa,055,140530,33863,33808,1516,35324,165
2023-01-10,Nevada,057,99092,19973,19927,2237,22164,132
2023-01-10,Orange,059,3164182,703303,699881,75248,775129,7723
2023-01-10,Placer,061,380077,79965,79766,10166,89932,671
2023-01-10,Plumas,063,18699,3806,3804,458,4262,13
2023-01-10,Riverside,065,2383286,727948,725898,40181,766079,6761
2023-01-10,Sacramento,067,1510023,366308,365352,37124,402476,3434
2023-01-10,San Benito,069,59416,17423,17378,1102,18480,115
2023-01-10,San Bernardino,071,2135413,703918,701674,33805,735479,8146
2023-01-10,San Diego,073,3302833,972308,970800,78948,1049748,5681
2023-01-10,San Francisco,075,870044,192457,191765,13021,204786,1123
2023-01-10,San Joaquin,077,732212,207352,207038,16551,223589,2378
2023-01-10,San Luis Obispo,079,281455,65665,65502,7959,73461,539
2023-01-10,San Mateo,081,765935,180296,179319,10989,190308,749
2023-01-10,Santa Barbara,083,443738,110703,110537,7505,118042,750
2023-01-10,Santa Clara,085,1922200,467721,465994,20738,486732,2601
2023-01-10,Santa Cruz,087,273765,67315,67144,3802,70946,276
2023-01-10,Shasta,089,179085,36304,36179,8221,44400,604
2023-01-10,Sierra,091,2930,311,311,61,372,5
2023-01-10,Siskiyou,093,43540,5400,5384,3422,8806,95
2023-01-10,Solano,095,438530,112172,111700,8464,120164,479
2023-01-10,Sonoma,097,501317,112125,111955,5682,117637,542
2023-01-10,Stanislaus,099,539301,143458,143318,22599,165917,1800
2023-01-10,Sutter,101,95872,25432,25392,2527,27919,237
2023-01-10,Tehama,103,63373,14363,14320,3368,17688,221
2023-01-10,Trinity,105,12862,1458,1448,500,1948,23
2023-01-10,Tulare,107,460477,126758,126451,39383,165834,1552
2023-01-10,Tuolumne,109,53932,16629,16552,974,17526,209
2023-01-10,Ventura,111,848112,218651,218234,17747,235981,1632
2023-01-10,Yolo,113,214977,49493,49393,4772,54165,433
2023-01-10,Yuba,115,75493,19821,19804,1828,21632,132
2023-01-09,Alameda,001,1643700,372729,369872,21861,391733,2098
2023-01-09,Alpine,002,1148,139,138,4,142,0
2023-01-09,Amador,005,37829,10400,10340,960,11300,96
2023-01-09,Butte,007,227075,41276,41102,10031,51133,478
2023-01-09,Calaveras,009,45235,8895,8852,634,9486,137
2023-01-09,Colusa,011,21464,3923,3911,1331,5242,22
2023-01-09,Contra Costa,013,1133247,268284,265846,22048,287894,1501
2023-01-09,Del Norte,015,27424,7773,7680,438,8118,57
2023-01-09,El Dorado,017,186661,34173,34009,4494,38503,236
2023-01-09,Fresno,019,978130,291322,286556,34255,320811,2924
2023-01-09,Glenn,021,27897,5750,5732,1995,7727,58
2023-01-09,Humboldt,023,135768,23118,22878,5750,28628,164
2023-01-09,Imperial,025,180216,69173,68809,18624,87433,964
2023-01-09,Inyo,027,18085,4715,4687,1240,5927,62
2023-01-09,Kern,029,883053,227954,226454,70800,297254,2450
2023-01-09,Kings,031,150075,62128,61886,4379,66265,466
2023-01-09,Lake,033,64148,13484,13363,1268,14631,149
2023-01-09,Lassen,035,31185,10228,10189,1056,11245,66
2023-01-09,Los Angeles,037,10098052,3451165,3434193,210956,3645149,34492
2023-01-09,Madera,039,155013,45878,45608,8774,54382,377
2023-01-09,Marin,041,260295,48202,47893,5612,53505,317
2023-01-09,Mariposa,043,17540,3319,3223,358,3581,32
2023-01-09,Mendocino,045,87422,16711,16582,4766,21348,137
2023-01-09,Merced,047,269075,75744,74969,12614,87583,883
2023-01-09,Modoc,049,8938,949,940,365,1305,11
2023-01-09,Mono,051,14174,3301,3284,296,3580,8
2023-01-09,Monterey,053,433212,97047,96607,22801,119408,778
2023-01-09,Napa,055,140530,33856,33666,1513,35179,164
2023-01-09,Nevada,057,99092,19969,19845,2237,22082,132
2023-01-09,Orange,059,3164182,703030,697391,75154,772545,7683
2023-01-09,Placer,061,380077,79939,79461,10162,89623,672
2023-01-09,Plumas,063,18699,3806,3798,457,4255,13
2023-01-09,Riverside,065,2383286,727725,723578,40150,763728,6748
2023-01-09,Sacramento,067,1510023,366192,364212,37113,401325,3422
2023-01-09,San Benito,069,59416,17419,17293,1102,18395,115
2023-01-09,San Bernardino,071,2135413,703737,699531,33784,733315,8143
2023-01-09,San Diego,073,3302833,971871,967383,78881,1046264,5662
2023-01-09,San Francisco,075,870044,192371,190940,13013,203953,1114
2023-01-09,San Joaquin,077,732212,207290,206280,16540,222820,2369
2023-01-09,San Luis Obispo,079,281455,65648,65166,7952,73118,539
2023-01-09,San Mateo,081,765935,180217,178472,10984,189456,749
2023-01-09,Santa Barbara,083,443738,110674,110007,7504,117511,748
2023-01-09,Santa Clara,085,1922200,467514,463958,20722,484680,2601
2023-01-09,Santa Cruz,087,273765,67278,66937,3799,70736,276
2023-01-09,Shasta,089,179085,36300,36083,8219,44302,602
2023-01-09,Sierra,091,2930,311,310,61,371,5
2023-01-09,Siskiyou,093,43540,5399,5373,3421,8794,95
2023-01-09,Solano,095,438530,112120,111243,8457,119700,478
2023-01-09,Sonoma,097,501317,112095,111530,5679,117209,537
2023-01-09,Stanislaus,099,539301,143413,142918,22592,165510,1801
2023-01-09,Sutter,101,95872,25422,25308,2527,27835,235
2023-01-09,Tehama,103,63373,14361,14258,3365,17623,221
2023-01-09,Trinity,105,12862,1458,1448,498,1946,24
2023-01-09,Tulare,107,460477,126707,125773,39363,165136,1546
2023-01-09,Tuolumne,109,53932,16623,16425,973,17398,211
2023-01-09,Ventura,111,848112,218571,217286,17736,235022,1610
2023-01-09,Yolo,113,214977,49481,49138,4771,53909,428
2023-01-09,Yuba,115,75493,19810,19743,1828,21571,132
2023-01-08,Alameda,001,1643700,372514,369872,21839,391711,2098
2023-01-08,Alpine,002,1148,139,138,4,142,0
2023-01-08,Amador,005,37829,10394,10340,959,11299,96
2023-01-08,Butte,007,227075,41262,41102,10025,51127,478
2023-01-08,Calaveras,009,45235,8890,8852,634,9486,137
2023-01-08,Colusa,011,21464,3923,3911,1329,5240,22
2023-01-08,Contra Costa,013,1133247,268150,265846,22035,287881,1501
2023-01-08,Del Norte,015,27424,7770,7680,438,8118,57
2023-01-08,El Dorado,017,186661,34165,34009,4494,38503,236
2023-01-08,Fresno,019,978130,291211,286556,34241,320797,2924
2023-01-08,Glenn,021,27897,5749,5732,1995,7727,58
2023-01-08,Humboldt,023,135768,23110,22878,5741,28619,164
2023-01-08,Imperial,025,180216,69149,68809,18615,87424,964
2023-01-08,Inyo,027,18085,4713,4687,1239,5926,62
2023-01-08,Kern,029,883053,227869,226454,70734,297188,2450
2023-01-08,Kings,031,150075,62104,61886,4377,66263,466
2023-01-08,Lake,033,64148,13478,13363,1268,14631,149
2023-01-08,Lassen,035,31185,10226,10189,1055,11244,66
2023-01-08,Los Angeles,037,10098052,3449773,3434193,210705,3644898,34492
2023-01-08,Madera,039,155013,45858,45608,8769,54377,377
2023-01-08,Marin,041,260295,48180,47893,5607,53500,317
2023-01-08,Mariposa,043,17540,3319,3223,358,3581,32
2023-01-08,Mendocino,045,87422,16700,16582,4764,21346,137
2023-01-08,Merced,047,269075,75713,74969,12607,87576,883
2023-01-08,Modoc,049,8938,949,940,364,1304,11
2023-01-08,Mono,051,14174,3298,3284,296,3580,8
2023-01-08,Monterey,053,433212,97023,96607,22770,119377,778
2023-01-08,Napa,055,140530,33832,33666,1512,35178,164
2023-01-08,Nevada,057,99092,19960,19845,2234,22079,132
2023-01-08,Orange,059,3164182,702712,697391,75043,772434,7683
2023-01-08,Placer,061,380077,79898,79461,10158,89619,672
2023-01-08,Plumas,063,18699,3806,3798,457,4255,13
2023-01-08,Riverside,065,2383286,727450,723578,40094,763672,6748
2023-01-08,Sacramento,067,1510023,366050,364212,37083,401295,3422
2023-01-08,San Benito,069,59416,17414,17293,1102,18395,115
2023-01-08,San Bernardino,071,2135413,703488,699531,33753,733284,8143
2023-01-08,San Diego,073,3302833,971323,967383,78783,1046166,5662
2023-01-08,San Francisco,075,870044,192245,190940,13001,203941,1114
2023-01-08,San Joaquin,077,732212,207207,206280,16532,222812,2369
2023-01-08,San Luis Obispo,079,281455,65631,65166,7943,73109,539
2023-01-08,San Mateo,081,765935,180120,178472,10979,189451,749
2023-01-08,Santa Barbara,083,443738,110643,110007,7496,117503,748
2023-01-08,Santa Clara,085,1922200,467216,463958,20704,484662,2601
2023-01-08,Santa Cruz,087,273765,67259,66937,3797,70734,276
2023-01-08,Shasta,089,179085,36293,36083,8215,44298,602
2023-01-08,Sierra,091,2930,311,310,61,371,5
2023-01-08,Siskiyou,093,43540,5395,5373,3421,8794,95
2023-01-08,Solano,095,438530,112040,111243,8453,119696,478
2023-01-08,Sonoma,097,501317,112042,111530,5676,117206,537
2023-01-08,Stanislaus,099,539301,143372,142918,22583,165501,1801
2023-01-08,Sutter,101,95872,25412,25308,2527,27835,235
2023-01-08,Tehama,103,63373,14358,14258,3362,17620,221
2023-01-08,Trinity,105,12862,1458,1448,498,1946,24
2023-01-08,Tulare,107,460477,126658,125773,39341,165114,1546
2023-01-08,Tuolumne,109,53932,16616,16425,972,17397,211
2023-01-08,Ventura,111,848112,218480,217286,17719,235005,1610
2023-01-08,Yolo,113,214977,49460,49138,4766,53904,428
2023-01-08,Yuba,115,75493,19807,19743,1828,21571,132
2023-01-07,Alameda,001,1643700,372414,369872,21824,391696,2098
2023-01-07,Alpine,002,1148,139,138,4,142,0
2023-01-07,Amador,005,37829,10393,10340,959,11299,96
2023-01-07,Butte,007,227075,41256,41102,10021,51123,478
2023-01-07,Calaveras,009,45235,8889,8852,633,9485,137
2023-01-07,Colusa,011,21464,3922,3911,1329,5240,22
2023-01-07,Contra Costa,013,1133247,268068,265846,22031,287877,1501
2023-01-07,Del Norte,015,27424,7768,7680,438,8118,57
2023-01-07,El Dorado,017,186661,34157,34009,4492,38501,236
2023-01-07,Fresno,019,978130,291155,286556,34235,320791,2924
2023-01-07,Glenn,021,27897,5748,5732,1993,7725,58
2023-01-07,Humboldt,023,135768,23105,22878,5735,28613,164
2023-01-07,Imperial,025,180216,69134,68809,18615,87424,964
2023-01-07,Inyo,027,18085,4713,4687,1239,5926,62
2023-01-07,Kern,029,883053,227824,226454,70678,297132,2450
2023-01-07,Kings,031,150075,62087,61886,4375,66261,466
2023-01-07,Lake,033,64148,13476,13363,1268,14631,149
2023-01-07,Lassen,035,31185,10224,10189,1055,11244,66
2023-01-07,Los Angeles,037,10098052,3448908,3434193,210572,3644765,34492
2023-01-07,Madera,039,155013,45849,45608,8769,54377,377
2023-01-07,Marin,041,260295,48165,47893,5607,53500,317
2023-01-07,Mariposa,043,17540,3318,3223,358,3581,32
2023-01-07,Mendocino,045,87422,16694,16582,4763,21345,137
2023-01-07,Merced,047,269075,75698,74969,12607,87576,883
2023-01-07,Modoc,049,8938,949,940,364,1304,11
2023-01-07,Mono,051,14174,3298,3284,296,3580,8
2023-01-07,Monterey,053,433212,97005,96607,22764,119371,778
2023-01-07,Napa,055,140530,33829,33666,1511,35177,164
2023-01-07,Nevada,057,99092,19959,19845,2233,22078,132
2023-01-07,Orange,059,3164182,702518,697391,74968,772359,7683
2023-01-07,Placer,061,380077,79870,79461,10156,89617,672
2023-01-07,Plumas,063,18699,3806,3798,457,4255,13
2023-01-07,Riverside,065,2383286,727300,723578,40074,763652,6748
2023-01-07,Sacramento,067,1510023,365980,364212,37076,401288,3422
2023-01-07,San Benito,069,59416,17410,17293,1102,18395,115
2023-01-07,San Bernardino,071,2135413,703316,699531,33737,733268,8143
2023-01-07,San Diego,073,3302833,971050,967383,78766,1046149,5662
2023-01-07,San Francisco,075,870044,192180,190940,12994,203934,1114
2023-01-07,San Joaquin,077,732212,207157,206280,16523,222803,2369
2023-01-07,San Luis Obispo,079,281455,65622,65166,7937,73103,539
2023-01-07,San Mateo,081,765935,180078,178472,10969,189441,749
2023-01-07,Santa Barbara,083,443738,110604,110007,7485,117492,748
2023-01-07,Santa Clara,085,1922200,467068,463958,20694,484652,2601
2023-01-07,Santa Cruz,087,273765,67247,66937,3794,70731,276
2023-01-07,Shasta,089,179085,36286,36083,8214,44297,602
2023-01-07,Sierra,091,2930,311,310,61,371,5
2023-01-07,Siskiyou,093,43540,5392,5373,3421,8794,95
2023-01-07,Solano,095,438530,112014,111243,8451,119694,478
2023-01-07,Sonoma,097,501317,112033,111530,5676,117206,537
2023-01-07,Stanislaus,099,539301,143339,142918,22576,165494,1801
2023-01-07,Sutter,101,95872,25406,25308,2526,27834,235
2023-01-07,Tehama,103,63373,14356,14258,3360,17618,221
2023-01-07,Trinity,105,12862,1458,1448,498,1946,24
2023-01-07,Tulare,107,460477,126637,125773,39329,165102,1546
2023-01-07,Tuolumne,109,53932,16608,16425,972,17397,211
2023-01-07,Ventura,111,848112,218431,217286,17697,234983,1610
2023-01-07,Yolo,113,214977,49450,49138,4764,53902,428
2023-01-07,Yuba,115,75493,19800,19743,1828,21571,132
2023-01-06,Alameda,001,1643700,372291,369872,21815,391687,2098
2023-01-06,Alpine,002,1148,139,138,4,142,0
2023-01-06,Amador,005,37829,10390,10340,958,11298,96
2023-01-06,Butte,007,227075,41248,41102,10017,51119,478
2023-01-06,Calaveras,009,45235,8889,8852,633,9485,137
2023-01-06,Colusa,011,21464,3921,3911,1328,5239,22
2023-01-06,Contra Costa,013,1133247,267979,265846,22026,287872,1501
2023-01-06,Del Norte,015,27424,7767,7680,438,8118,57
2023-01-06,El Dorado,017,186661,34147,34009,4491,38500,236
2023-01-06,Fresno,019,978130,291072,286556,34221,320777,2924
2023-01-06,Glenn,021,27897,5746,5732,1993,7725,58
2023-01-06,Humboldt,023,135768,23100,22878,5732,28610,164
2023-01-06,Imperial,025,180216,69123,68809,18613,87422,964
2023-01-06,Inyo,027,18085,4712,4687,1237,5924,62
2023-01-06,Kern,029,883053,227786,226454,70620,297074,2450
2023-01-06,Kings,031,150075,62070,61886,4375,66261,466
2023-01-06,Lake,033,64148,13473,13363,1268,14631,149
2023-01-06,Lassen,035,31185,10221,10189,1055,11244,66
2023-01-06,Los Angeles,037,10098052,3447921,3434193,210394,3644587,34492
2023-01-06,Madera,039,155013,45841,45608,8764,54372,377
2023-01-06,Marin,041,260295,48150,47893,5605,53498,317
2023-01-06,Mariposa,043,17540,3318,3223,357,3580,32
2023-01-06,Mendocino,045,87422,16690,16582,4763,21345,137
2023-01-06,Merced,047,269075,75679,74969,12605,87574,883
2023-01-06,Modoc,049,8938,949,940,364,1304,11
2023-01-06,Mono,051,14174,3298,3284,295,3579,8
2023-01-06,Monterey,053,433212,96990,96607,22743,119350,778
2023-01-06,Napa,055,140530,33817,33666,1508,35174,164
2023-01-06,Nevada,057,99092,19957,19845,2232,22077,132
2023-01-06,Orange,059,3164182,702256,697391,74886,772277,7683
2023-01-06,Placer,061,380077,79844,79461,10155,89616,672
2023-01-06,Plumas,063,18699,3806,3798,457,4255,13
2023-01-06,Riverside,065,2383286,727115,723578,40045,763623,6748
2023-01-06,Sacramento,067,1510023,365884,364212,37072,401284,3422
2023-01-06,San Benito,069,59416,17402,17293,1098,18391,115
2023-01-06,San Bernardino,071,2135413,703134,699531,33722,733253,8143
2023-01-06,San Diego,073,3302833,970729,967383,78735,1046118,5662
2023-01-06,San Francisco,075,870044,192107,190940,12989,203929,1114
2023-01-06,San Joaquin,077,732212,207095,206280,16518,222798,2369
2023-01-06,San Luis Obispo,079,281455,65608,65166,7932,73098,539
2023-01-06,San Mateo,081,765935,180028,178472,10962,189434,749
2023-01-06,Santa Barbara,083,443738,110557,110007,7482,117489,748
2023-01-06,Santa Clara,085,1922200,466890,463958,20682,484640,2601
2023-01-06,Santa Cruz,087,273765,67232,66937,3789,70726,276
2023-01-06,Shasta,089,179085,36281,36083,8212,44295,602
2023-01-06,Sierra,091,2930,311,310,61,371,5
2023-01-06,Siskiyou,093,43540,5390,5373,3421,8794,95
2023-01-06,Solano,095,438530,111973,111243,8448,119691,478
2023-01-06,Sonoma,097,501317,112008,111530,5672,117202,537
2023-01-06,Stanislaus,099,539301,143316,142918,22573,165491,1801
2023-01-06,Sutter,101,95872,25403,25308,2526,27834,235
2023-01-06,Tehama,103,63373,14353,14258,3359,17617,221
2023-01-06,Trinity,105,12862,1458,1448,495,1943,24
2023-01-06,Tulare,107,460477,126614,125773,39312,165085,1546
2023-01-06,Tuolumne,109,53932,16597,16425,972,17397,211
2023-01-06,Ventura,111,848112,218366,217286,17690,234976,1610
2023-01-06,Yolo,113,214977,49439,49138,4762,53900,428
2023-01-06,Yuba,115,75493,19792,19743,1828,21571,132
2023-01-05,Alameda,001,1643700,372070,369872,21799,391671,2098
2023-01-05,Alpine,002,1148,139,138,4,142,0
2023-01-05,Amador,005,37829,10389,10340,958,11298,96
2023-01-05,Butte,007,227075,41238,41102,10010,51112,478
2023-01-05,Calaveras,009,45235,8888,8852,633,9485,137
2023-01-05,Colusa,011,21464,3918,3911,1328,5239,22
2023-01-05,Contra Costa,013,1133247,267820,265846,22022,287868,1501
2023-01-05,Del Norte,015,27424,7765,7680,438,8118,57
2023-01-05,El Dorado,017,186661,34131,34009,4491,38500,236
2023-01-05,Fresno,019,978130,290965,286556,34206,320762,2924
2023-01-05,Glenn,021,27897,5745,5732,1992,7724,58
2023-01-05,Humboldt,023,135768,23088,22878,5725,28603,164
2023-01-05,Imperial,025,180216,69095,68809,18600,87409,964
2023-01-05,Inyo,027,18085,4712,4687,1236,5923,62
2023-01-05,Kern,029,883053,227684,226454,70545,296999,2450
2023-01-05,Kings,031,150075,62047,61886,4375,66261,466
2023-01-05,Lake,033,64148,13464,13363,1266,14629,149
2023-01-05,Lassen,035,31185,10219,10189,1050,11239,66
2023-01-05,Los Angeles,037,10098052,3446473,3434193,210138,3644331,34492
2023-01-05,Madera,039,155013,45828,45608,8752,54360,377
2023-01-05,Marin,041,260295,48132,47893,5601,53494,317
2023-01-05,Mariposa,043,17540,3315,3223,357,3580,32
2023-01-05,Mendocino,045,87422,16684,16582,4763,21345,137
2023-01-05,Merced,047,269075,75650,74969,12592,87561,883
2023-01-05,Modoc,049,8938,949,940,364,1304,11
2023-01-05,Mono,051,14174,3294,3284,295,3579,8
2023-01-05,Monterey,053,433212,96962,96607,22710,119317,778
2023-01-05,Napa,055,140530,33802,33666,1505,35171,164
2023-01-05,Nevada,057,99092,19950,19845,2232,22077,132
2023-01-05,Orange,059,3164182,701898,697391,74773,772164,7683
2023-01-05,Placer,061,380077,79804,79461,10153,89614,672
2023-01-05,Plumas,063,18699,3803,3798,457,4255,13
2023-01-05,Riverside,065,2383286,726847,723578,40000,763578,6748
2023-01-05,Sacramento,067,1510023,365714,364212,37055,401267,3422
2023-01-05,San Benito,069,59416,17395,17293,1097,18390,115
2023-01-05,San Bernardino,071,2135413,702905,699531,33705,733236,8143
2023-01-05,San Diego,073,3302833,970276,967383,78647,1046030,5662
2023-01-05,San Francisco,075,870044,191963,190940,12972,203912,1114
2023-01-05,San Joaquin,077,732212,207009,206280,16512,222792,2369
2023-01-05,San Luis Obispo,079,281455,65584,65166,7920,73086,539
2023-01-05,San Mateo,081,765935,179923,178472,10951,189423,749
2023-01-05,Santa Barbara,083,443738,110499,110007,7472,117479,748
2023-01-05,Santa Clara,085,1922200,466570,463958,20666,484624,2601
2023-01-05,Santa Cruz,087,273765,67206,66937,3788,70725,276
2023-01-05,Shasta,089,179085,36272,36083,8207,44290,602
2023-01-05,Sierra,091,2930,311,310,61,371,5
2023-01-05,Siskiyou,093,43540,5387,5373,3421,8794,95
2023-01-05,Solano,095,438530,111910,111243,8441,119684,478
2023-01-05,Sonoma,097,501317,111950,111530,5668,117198,537
2023-01-05,Stanislaus,099,539301,143267,142918,22561,165479,1801
2023-01-05,Sutter,101,95872,25390,25308,2526,27834,235
2023-01-05,Tehama,103,63373,14348,14258,3355,17613,221
2023-01-05,Trinity,105,12862,1457,1448,494,1942,24
2023-01-05,Tulare,107,460477,126571,125773,39285,165058,1546
2023-01-05,Tuolumne,109,53932,16580,16425,972,17397,211
2023-01-05,Ventura,111,848112,218262,217286,17671,234957,1610
2023-01-05,Yolo,113,214977,49426,49138,4759,53897,428
2023-01-05,Yuba,115,75493,19786,19743,1827,21570,132
2023-01-04,Alameda,001,1643700,371840,369872,21776,391648,2098
2023-01-04,Alpine,002,1148,139,138,4,142,0
2023-01-04,Amador,005,37829,10383,10340,957,11297,96
2023-01-04,Butte,007,227075,41225,41102,9996,51098,478
2023-01-04,Calaveras,009,45235,8886,8852,632,9484,137
2023-01-04,Colusa,011,21464,3916,3911,1326,5237,22
2023-01-04,Contra Costa,013,1133247,267650,265846,22005,287851,1501
2023-01-04,Del Norte,015,27424,7763,7680,438,8118,57
2023-01-04,El Dorado,017,186661,34122,34009,4491,38500,236
2023-01-04,Fresno,019,978130,290842,286556,34190,320746,2924
2023-01-04,Glenn,021,27897,5745,5732,1989,7721,58
2023-01-04,Humboldt,023,135768,23084,22878,5722,28600,164
2023-01-04,Imperial,025,180216,69080,68809,18583,87392,964
2023-01-04,Inyo,027,18085,4708,4687,1233,5920,62
2023-01-04,Kern,029,883053,227582,226454,70459,296913,2450
2023-01-04,Kings,031,150075,62025,61886,4375,66261,466
2023-01-04,Lake,033,64148,13461,13363,1265,14628,149
2023-01-04,Lassen,035,31185,10215,10189,1048,11237,66
2023-01-04,Los Angeles,037,10098052,3444952,3434193,209892,3644085,34492
2023-01-04,Madera,039,155013,45815,45608,8748,54356,377
2023-01-04,Marin,041,260295,48107,47893,5598,53491,317
2023-01-04,Mariposa,043,17540,3315,3223,357,3580,32
2023-01-04,Mendocino,045,87422,16680,16582,4757,21339,137
2023-01-04,Merced,047,269075,75627,74969,12589,87558,883
2023-01-04,Modoc,049,8938,947,940,364,1304,11
2023-01-04,Mono,051,14174,3293,3284,295,3579,8
2023-01-04,Monterey,053,433212,96925,96607,22683,119290,778
2023-01-04,Napa,055,140530,33775,33666,1505,35171,164
2023-01-04,Nevada,057,99092,19942,19845,2230,22075,132
2023-01-04,Orange,059,3164182,701550,697391,74664,772055,7683
2023-01-04,Placer,061,380077,79770,79461,10150,89611,672
2023-01-04,Plumas,063,18699,3803,3798,457,4255,13
2023-01-04,Riverside,065,2383286,726565,723578,39947,763525,6748
2023-01-04,Sacramento,067,1510023,365588,364212,37017,401229,3422
2023-01-04,San Benito,069,59416,17385,17293,1097,18390,115
2023-01-04,San Bernardino,071,2135413,702680,699531,33676,733207,8143
2023-01-04,San Diego,073,3302833,969719,967383,78553,1045936,5662
2023-01-04,San Francisco,075,870044,191865,190940,12965,203905,1114
2023-01-04,San Joaquin,077,732212,206910,206280,16504,222784,2369
2023-01-04,San Luis Obispo,079,281455,65557,65166,7905,73071,539
2023-01-04,San Mateo,081,765935,179842,178472,10944,189416,749
2023-01-04,Santa Barbara,083,443738,110447,110007,7465,117472,748
2023-01-04,Santa Clara,085,1922200,466276,463958,20644,484602,2601
2023-01-04,Santa Cruz,087,273765,67180,66937,3786,70723,276
2023-01-04,Shasta,089,179085,36255,36083,8207,44290,602
2023-01-04,Sierra,091,2930,311,310,61,371,5
2023-01-04,Siskiyou,093,43540,5385,5373,3421,8794,95
2023-01-04,Solano,095,438530,111855,111243,8435,119678,478
2023-01-04,Sonoma,097,501317,111914,111530,5664,117194,537
2023-01-04,Stanislaus,099,539301,143230,142918,22551,165469,1801
2023-01-04,Sutter,101,95872,25380,25308,2525,27833,235
2023-01-04,Tehama,103,63373,14345,14258,3354,17612,221
2023-01-04,Trinity,105,12862,1456,1448,494,1942,24
2023-01-04,Tulare,107,460477,126517,125773,39253,165026,1546
2023-01-04,Tuolumne,109,53932,16569,16425,972,17397,211
2023-01-04,Ventura,111,848112,218169,217286,17651,234937,1610
2023-01-04,Yolo,113,214977,49414,49138,4759,53897,428
2023-01-04,Yuba,115,75493,19780,19743,1825,21568,132
2023-01-03,Alameda,001,1643700,371592,369872,21751,391623,2098
2023-01-03,Alpine,002,1148,139,138,4,142,0
2023-01-03,Amador,005,37829,10375,10340,957,11297,96
2023-01-03,Butte,007,227075,41213,41102,9992,51094,478
2023-01-03,Calaveras,009,45235,8881,8852,631,9483,137
2023-01-03,Colusa,011,21464,3916,3911,1326,5237,22
2023-01-03,Contra Costa,013,1133247,267462,265846,21994,287840,1501
2023-01-03,Del Norte,015,27424,7760,7680,436,8116,57
2023-01-03,El Dorado,017,186661,34104,34009,4489,38498,236
2023-01-03,Fresno,019,978130,290695,286556,34166,320722,2924
2023-01-03,Glenn,021,27897,5744,5732,1986,7718,58
2023-01-03,Humboldt,023,135768,23074,22878,5719,28597,164
2023-01-03,Imperial,025,180216,69051,68809,18566,87375,964
2023-01-03,Inyo,027,18085,4707,4687,1232,5919,62
2023-01-03,Kern,029,883053,227459,226454,70343,296797,2450
2023-01-03,Kings,031,150075,61988,61886,4375,66261,466
2023-01-03,Lake,033,64148,13452,13363,1265,14628,149
2023-01-03,Lassen,035,31185,10212,10189,1046,11235,66
2023-01-03,Los Angeles,037,10098052,3443196,3434193,209570,3643763,34492
2023-01-03,Madera,039,155013,45801,45608,8742,54350,377
2023-01-03,Marin,041,260295,48093,47893,5593,53486,317
2023-01-03,Mariposa,043,17540,3314,3223,357,3580,32
2023-01-03,Mendocino,045,87422,16677,16582,4756,21338,137
2023-01-03,Merced,047,269075,75591,74969,12583,87552,883
2023-01-03,Modoc,049,8938,945,940,364,1304,11
2023-01-03,Mono,051,14174,3292,3284,295,3579,8
2023-01-03,Monterey,053,433212,96895,96607,22660,119267,778
2023-01-03,Napa,055,140530,33748,33666,1503,35169,164
2023-01-03,Nevada,057,99092,19933,19845,2230,22075,132
2023-01-03,Orange,059,3164182,701120,697391,74521,771912,7683
2023-01-03,Placer,061,380077,79719,79461,10142,89603,672
2023-01-03,Plumas,063,18699,3803,3798,457,4255,13
2023-01-03,Riverside,065,2383286,726193,723578,39886,763464,6748
2023-01-03,Sacramento,067,1510023,365387,364212,36994,401206,3422
2023-01-03,San Benito,069,59416,17378,17293,1096,18389,115
2023-01-03,San Bernardino,071,2135413,702363,699531,33642,733173,8143
2023-01-03,San Diego,073,3302833,969048,967383,78449,1045832,5662
2023-01-03,San Francisco,075,870044,191763,190940,12962,203902,1114
2023-01-03,San Joaquin,077,732212,206816,206280,16488,222768,2369
2023-01-03,San Luis Obispo,079,281455,65522,65166,7885,73051,539
2023-01-03,San Mateo,081,765935,179764,178472,10940,189412,749
2023-01-03,Santa Barbara,083,443738,110382,110007,7452,117459,748
2023-01-03,Santa Clara,085,1922200,466009,463958,20622,484580,2601
2023-01-03,Santa Cruz,087,273765,67157,66937,3781,70718,276
2023-01-03,Shasta,089,179085,36248,36083,8207,44290,602
2023-01-03,Sierra,091,2930,311,310,61,371,5
2023-01-03,Siskiyou,093,43540,5383,5373,3421,8794,95
2023-01-03,Solano,095,438530,111799,111243,8425,119668,478
2023-01-03,Sonoma,097,501317,111868,111530,5664,117194,537
2023-01-03,Stanislaus,099,539301,143175,142918,22546,165464,1801
2023-01-03,Sutter,101,95872,25373,25308,2524,27832,235
2023-01-03,Tehama,103,63373,14337,14258,3353,17611,221
2023-01-03,Trinity,105,12862,1456,1448,492,1940,24
2023-01-03,Tulare,107,460477,126459,125773,39213,164986,1546
2023-01-03,Tuolumne,109,53932,16554,16425,972,17397,211
2023-01-03,Ventura,111,848112,218051,217286,17612,234898,1610
2023-01-03,Yolo,113,214977,49399,49138,4756,53894,428
2023-01-03,Yuba,115,75493,19776,19743,1823,21566,132
2023-01-02,Alameda,001,1643700,371237,367954,21713,389667,2094
2023-01-02,Alpine,002,1148,139,138,4,142,0
2023-01-02,Amador,005,37829,10372,10313,957,11270,96
2023-01-02,Butte,007,227075,41190,41018,9990,51008,474
2023-01-02,Calaveras,009,45235,8876,8818,631,9449,135
2023-01-02,Colusa,011,21464,3915,3906,1326,5232,22
2023-01-02,Contra Costa,013,1133247,267226,264448,21984,286432,1502
2023-01-02,Del Norte,015,27424,7756,7645,434,8079,56
2023-01-02,El Dorado,017,186661,34086,33865,4486,38351,236
2023-01-02,Fresno,019,978130,290516,285444,34138,319582,2918
2023-01-02,Glenn,021,27897,5742,5719,1984,7703,58
2023-01-02,Humboldt,023,135768,23061,22835,5705,28540,163
2023-01-02,Imperial,025,180216,69012,68622,18527,87149,963
2023-01-02,Inyo,027,18085,4705,4670,1229,5899,62
2023-01-02,Kern,029,883053,227333,225659,70201,295860,2450
2023-01-02,Kings,031,150075,61944,61692,4373,66065,466
2023-01-02,Lake,033,64148,13440,13312,1263,14575,149
2023-01-02,Lassen,035,31185,10209,10172,1044,11216,66
2023-01-02,Los Angeles,037,10098052,3440998,3420383,209157,3629540,34360
2023-01-02,Madera,039,155013,45778,45448,8733,54181,377
2023-01-02,Marin,041,260295,48057,47686,5590,53276,317
2023-01-02,Mariposa,043,17540,3310,3211,357,3568,32
2023-01-02,Mendocino,045,87422,16671,16508,4748,21256,137
2023-01-02,Merced,047,269075,75559,74732,12576,87308,883
2023-01-02,Modoc,049,8938,941,931,364,1295,11
2023-01-02,Mono,051,14174,3289,3274,294,3568,8
2023-01-02,Monterey,053,433212,96877,96380,22636,119016,776
2023-01-02,Napa,055,140530,33724,33534,1502,35036,163
2023-01-02,Nevada,057,99092,19927,19774,2229,22003,132
2023-01-02,Orange,059,3164182,700581,694080,74331,768411,7656
2023-01-02,Placer,061,380077,79679,79154,10136,89290,672
2023-01-02,Plumas,063,18699,3801,3787,457,4244,13
2023-01-02,Riverside,065,2383286,725722,720437,39813,760250,6738
2023-01-02,Sacramento,067,1510023,365170,362664,36967,399631,3414
2023-01-02,San Benito,069,59416,17368,17211,1093,18304,108
2023-01-02,San Bernardino,071,2135413,701978,696472,33579,730051,8142
2023-01-02,San Diego,073,3302833,968279,962601,78329,1040930,5641
2023-01-02,San Francisco,075,870044,191580,190012,12957,202969,1104
2023-01-02,San Joaquin,077,732212,206699,205467,16477,221944,2363
2023-01-02,San Luis Obispo,079,281455,65462,64966,7857,72823,536
2023-01-02,San Mateo,081,765935,179608,177703,10932,188635,749
2023-01-02,Santa Barbara,083,443738,110307,109576,7434,117010,747
2023-01-02,Santa Clara,085,1922200,465539,461535,20590,482125,2587
2023-01-02,Santa Cruz,087,273765,67126,66735,3771,70506,276
2023-01-02,Shasta,089,179085,36240,35950,8199,44149,602
2023-01-02,Sierra,091,2930,311,309,61,370,5
2023-01-02,Siskiyou,093,43540,5379,5355,3420,8775,95
2023-01-02,Solano,095,438530,111718,110589,8416,119005,475
2023-01-02,Sonoma,097,501317,111808,111095,5660,116755,536
2023-01-02,Stanislaus,099,539301,143110,142392,22534,164926,1795
2023-01-02,Sutter,101,95872,25360,25207,2523,27730,235
2023-01-02,Tehama,103,63373,14333,14187,3353,17540,219
2023-01-02,Trinity,105,12862,1455,1442,487,1929,23
2023-01-02,Tulare,107,460477,126373,125303,39164,164467,1546
2023-01-02,Tuolumne,109,53932,16549,16340,972,17312,211
2023-01-02,Ventura,111,848112,217909,216327,17563,233890,1605
2023-01-02,Yolo,113,214977,49374,48970,4754,53724,426
2023-01-02,Yuba,115,75493,19762,19654,1822,21476,132
2023-01-01,Alameda,001,1643700,371025,367954,21691,389645,2094
2023-01-01,Alpine,002,1148,139,138,4,142,0
2023-01-01,Amador,005,37829,10370,10313,956,11269,96
2023-01-01,Butte,007,227075,41178,41018,9980,50998,474
2023-01-01,Calaveras,009,45235,8874,8818,630,9448,135
2023-01-01,Colusa,011,21464,3914,3906,1326,5232,22
2023-01-01,Contra Costa,013,1133247,267041,264448,21975,286423,1502
2023-01-01,Del Norte,015,27424,7754,7645,434,8079,56
2023-01-01,El Dorado,017,186661,34061,33865,4485,38350,236
2023-01-01,Fresno,019,978130,290381,285444,34117,319561,2918
2023-01-01,Glenn,021,27897,5739,5719,1975,7694,58
2023-01-01,Humboldt,023,135768,23051,22835,5699,28534,163
2023-01-01,Imperial,025,180216,68994,68622,18517,87139,963
2023-01-01,Inyo,027,18085,4703,4670,1225,5895,62
2023-01-01,Kern,029,883053,227262,225659,70104,295763,2450
2023-01-01,Kings,031,150075,61918,61692,4371,66063,466
2023-01-01,Lake,033,64148,13431,13312,1263,14575,149
2023-01-01,Lassen,035,31185,10208,10172,1043,11215,66
2023-01-01,Los Angeles,037,10098052,3439145,3420383,208857,3629240,34360
2023-01-01,Madera,039,155013,45766,45448,8730,54178,377
2023-01-01,Marin,041,260295,48029,47686,5588,53274,317
2023-01-01,Mariposa,043,17540,3308,3211,356,3567,32
2023-01-01,Mendocino,045,87422,16663,16508,4747,21255,137
2023-01-01,Merced,047,269075,75527,74732,12569,87301,883
2023-01-01,Modoc,049,8938,941,931,364,1295,11
2023-01-01,Mono,051,14174,3288,3274,293,3567,8
2023-01-01,Monterey,053,433212,96849,96380,22618,118998,776
2023-01-01,Napa,055,140530,33713,33534,1501,35035,163
2023-01-01,Nevada,057,99092,19922,19774,2228,22002,132
2023-01-01,Orange,059,3164182,700164,694080,74132,768212,7656
2023-01-01,Placer,061,380077,79648,79154,10129,89283,672
2023-01-01,Plumas,063,18699,3799,3787,457,4244,13
2023-01-01,Riverside,065,2383286,725310,720437,39751,760188,6738
2023-01-01,Sacramento,067,1510023,365002,362664,36941,399605,3414
2023-01-01,San Benito,069,59416,17364,17211,1092,18303,108
2023-01-01,San Bernardino,071,2135413,701653,696472,33542,730014,8142
2023-01-01,San Diego,073,3302833,967773,962601,78245,1040846,5641
2023-01-01,San Francisco,075,870044,191463,190012,12944,202956,1104
2023-01-01,San Joaquin,077,732212,206623,205467,16470,221937,2363
2023-01-01,San Luis Obispo,079,281455,65441,64966,7844,72810,536
2023-01-01,San Mateo,081,765935,179516,177703,10926,188629,749
2023-01-01,Santa Barbara,083,443738,110235,109576,7432,117008,747
2023-01-01,Santa Clara,085,1922200,465232,461535,20567,482102,2587
2023-01-01,Santa Cruz,087,273765,67112,66735,3768,70503,276
2023-01-01,Shasta,089,179085,36231,35950,8194,44144,602
2023-01-01,Sierra,091,2930,311,309,61,370,5
2023-01-01,Siskiyou,093,43540,5377,5355,3420,8775,95
2023-01-01,Solano,095,438530,111648,110589,8406,118995,475
2023-01-01,Sonoma,097,501317,111765,111095,5657,116752,536
2023-01-01,Stanislaus,099,539301,143053,142392,22527,164919,1795
2023-01-01,Sutter,101,95872,25351,25207,2523,27730,235
2023-01-01,Tehama,103,63373,14327,14187,3352,17539,219
2023-01-01,Trinity,105,12862,1455,1442,487,1929,23
2023-01-01,Tulare,107,460477,126319,125303,39124,164427,1546
2023-01-01,Tuolumne,109,53932,16546,16340,972,17312,211
2023-01-01,Ventura,111,848112,217806,216327,17537,233864,1605
2023-01-01,Yolo,113,214977,49360,48970,4752,53722,426
2023-01-01,Yuba,115,75493,19753,19654,1821,21475,132
2022-12-31,Alameda,001,1643700,370887,367954,21678,389632,2094
2022-12-31,Alpine,002,1148,139,138,4,142,0
2022-12-31,Amador,005,37829,10368,10313,956,11269,96
2022-12-31,Butte,007,227075,41169,41018,9976,50994,474
2022-12-31,Calaveras,009,45235,8872,8818,630,9448,135
2022-12-31,Colusa,011,21464,3913,3906,1325,5231,22
2022-12-31,Contra Costa,013,1133247,266933,264448,21972,286420,1502
2022-12-31,Del Norte,015,27424,7752,7645,434,8079,56
2022-12-31,El Dorado,017,186661,34048,33865,4483,38348,236
2022-12-31,Fresno,019,978130,290320,285444,34114,319558,2918
2022-12-31,Glenn,021,27897,5738,5719,1972,7691,58
2022-12-31,Humboldt,023,135768,23047,22835,5695,28530,163
2022-12-31,Imperial,025,180216,68986,68622,18516,87138,963
2022-12-31,Inyo,027,18085,4701,4670,1225,5895,62
2022-12-31,Kern,029,883053,227207,225659,70071,295730,2450
2022-12-31,Kings,031,150075,61911,61692,4371,66063,466
2022-12-31,Lake,033,64148,13427,13312,1263,14575,149
2022-12-31,Lassen,035,31185,10207,10172,1043,11215,66
2022-12-31,Los Angeles,037,10098052,3438297,3420383,208651,3629034,34360
2022-12-31,Madera,039,155013,45756,45448,8729,54177,377
2022-12-31,Marin,041,260295,48013,47686,5588,53274,317
2022-12-31,Mariposa,043,17540,3307,3211,356,3567,32
2022-12-31,Mendocino,045,87422,16661,16508,4746,21254,137
2022-12-31,Merced,047,269075,75518,74732,12567,87299,883
2022-12-31,Modoc,049,8938,941,931,364,1295,11
2022-12-31,Mono,051,14174,3288,3274,293,3567,8
2022-12-31,Monterey,053,433212,96824,96380,22607,118987,776
2022-12-31,Napa,055,140530,33709,33534,1501,35035,163
2022-12-31,Nevada,057,99092,19917,19774,2226,22000,132
2022-12-31,Orange,059,3164182,699968,694080,74046,768126,7656
2022-12-31,Placer,061,380077,79618,79154,10123,89277,672
2022-12-31,Plumas,063,18699,3798,3787,457,4244,13
2022-12-31,Riverside,065,2383286,725132,720437,39710,760147,6738
2022-12-31,Sacramento,067,1510023,364922,362664,36928,399592,3414
2022-12-31,San Benito,069,59416,17361,17211,1092,18303,108
2022-12-31,San Bernardino,071,2135413,701500,696472,33517,729989,8142
2022-12-31,San Diego,073,3302833,967584,962601,78214,1040815,5641
2022-12-31,San Francisco,075,870044,191397,190012,12939,202951,1104
2022-12-31,San Joaquin,077,732212,206572,205467,16465,221932,2363
2022-12-31,San Luis Obispo,079,281455,65430,64966,7842,72808,536
2022-12-31,San Mateo,081,765935,179466,177703,10921,188624,749
2022-12-31,Santa Barbara,083,443738,110202,109576,7426,117002,747
2022-12-31,Santa Clara,085,1922200,465081,461535,20547,482082,2587
2022-12-31,Santa Cruz,087,273765,67104,66735,3765,70500,276
2022-12-31,Shasta,089,179085,36229,35950,8193,44143,602
2022-12-31,Sierra,091,2930,311,309,61,370,5
2022-12-31,Siskiyou,093,43540,5376,5355,3420,8775,95
2022-12-31,Solano,095,438530,111621,110589,8401,118990,475
2022-12-31,Sonoma,097,501317,111728,111095,5654,116749,536
2022-12-31,Stanislaus,099,539301,143017,142392,22524,164916,1795
2022-12-31,Sutter,101,95872,25345,25207,2523,27730,235
2022-12-31,Tehama,103,63373,14322,14187,3352,17539,219
2022-12-31,Trinity,105,12862,1455,1442,487,1929,23
2022-12-31,Tulare,107,460477,126286,125303,39100,164403,1546
2022-12-31,Tuolumne,109,53932,16537,16340,972,17312,211
2022-12-31,Ventura,111,848112,217729,216327,17523,233850,1605
2022-12-31,Yolo,113,214977,49353,48970,4750,53720,426
2022-12-31,Yuba,115,75493,19752,19654,1821,21475,132
2022-12-30,Alameda,001,1643700,370720,367954,21668,389622,2094
2022-12-30,Alpine,002,1148,139,138,4,142,0
2022-12-30,Amador,005,37829,10368,10313,956,11269,96
2022-12-30,Butte,007,227075,41165,41018,9972,50990,474
2022-12-30,Calaveras,009,45235,8868,8818,630,9448,135
2022-12-30,Colusa,011,21464,3913,3906,1324,5230,22
2022-12-30,Contra Costa,013,1133247,266821,264448,21961,286409,1502
2022-12-30,Del Norte,015,27424,7746,7645,434,8079,56
2022-12-30,El Dorado,017,186661,34040,33865,4481,38346,236
2022-12-30,Fresno,019,978130,290221,285444,34103,319547,2918
2022-12-30,Glenn,021,27897,5738,5719,1971,7690,58
2022-12-30,Humboldt,023,135768,23042,22835,5692,28527,163
2022-12-30,Imperial,025,180216,68973,68622,18514,87136,963
2022-12-30,Inyo,027,18085,4698,4670,1223,5893,62
2022-12-30,Kern,029,883053,227137,225659,69993,295652,2450
2022-12-30,Kings,031,150075,61903,61692,4371,66063,466
2022-12-30,Lake,033,64148,13422,13312,1263,14575,149
2022-12-30,Lassen,035,31185,10206,10172,1042,11214,66
2022-12-30,Los Angeles,037,10098052,3437167,3420383,208420,3628803,34360
2022-12-30,Madera,039,155013,45749,45448,8728,54176,377
2022-12-30,Marin,041,260295,47990,47686,5583,53269,317
2022-12-30,Mariposa,043,17540,3305,3211,356,3567,32
2022-12-30,Mendocino,045,87422,16655,16508,4745,21253,137
2022-12-30,Merced,047,269075,75502,74732,12565,87297,883
2022-12-30,Modoc,049,8938,941,931,364,1295,11
2022-12-30,Mono,051,14174,3288,3274,293,3567,8
2022-12-30,Monterey,053,433212,96802,96380,22594,118974,776
2022-12-30,Napa,055,140530,33699,33534,1501,35035,163
2022-12-30,Nevada,057,99092,19911,19774,2225,21999,132
2022-12-30,Orange,059,3164182,699654,694080,73930,768010,7656
2022-12-30,Placer,061,380077,79591,79154,10111,89265,672
2022-12-30,Plumas,063,18699,3798,3787,457,4244,13
2022-12-30,Riverside,065,2383286,724846,720437,39665,760102,6738
2022-12-30,Sacramento,067,1510023,364807,362664,36915,399579,3414
2022-12-30,San Benito,069,59416,17357,17211,1092,18303,108
2022-12-30,San Bernardino,071,2135413,701240,696472,33495,729967,8142
2022-12-30,San Diego,073,3302833,967184,962601,78154,1040755,5641
2022-12-30,San Francisco,075,870044,191332,190012,12931,202943,1104
2022-12-30,San Joaquin,077,732212,206502,205467,16459,221926,2363
2022-12-30,San Luis Obispo,079,281455,65419,64966,7837,72803,536
2022-12-30,San Mateo,081,765935,179423,177703,10915,188618,749
2022-12-30,Santa Barbara,083,443738,110170,109576,7422,116998,747
2022-12-30,Santa Clara,085,1922200,464897,461535,20528,482063,2587
2022-12-30,Santa Cruz,087,273765,67085,66735,3763,70498,276
2022-12-30,Shasta,089,179085,36223,35950,8193,44143,602
2022-12-30,Sierra,091,2930,311,309,61,370,5
2022-12-30,Siskiyou,093,43540,5375,5355,3419,8774,95
2022-12-30,Solano,095,438530,111576,110589,8396,118985,475
2022-12-30,Sonoma,097,501317,111680,111095,5651,116746,536
2022-12-30,Stanislaus,099,539301,142978,142392,22520,164912,1795
2022-12-30,Sutter,101,95872,25335,25207,2523,27730,235
2022-12-30,Tehama,103,63373,14317,14187,3352,17539,219
2022-12-30,Trinity,105,12862,1455,1442,487,1929,23
2022-12-30,Tulare,107,460477,126261,125303,39071,164374,1546
2022-12-30,Tuolumne,109,53932,16526,16340,972,17312,211
2022-12-30,Ventura,111,848112,217669,216327,17502,233829,1605
2022-12-30,Yolo,113,214977,49335,48970,4748,53718,426
2022-12-30,Yuba,115,75493,19737,19654,1821,21475,132
2022-12-29,Alameda,001,1643700,370443,367954,21635,389589,2094
2022-12-29,Alpine,002,1148,139,138,3,141,0
2022-12-29,Amador,005,37829,10362,10313,956,11269,96
2022-12-29,Butte,007,227075,41152,41018,9959,50977,474
2022-12-29,Calaveras,009,45235,8864,8818,629,9447,135
2022-12-29,Colusa,011,21464,3913,3906,1324,5230,22
2022-12-29,Contra Costa,013,1133247,266652,264448,21952,286400,1502
2022-12-29,Del Norte,015,27424,7741,7645,434,8079,56
2022-12-29,El Dorado,017,186661,34024,33865,4477,38342,236
2022-12-29,Fresno,019,978130,290079,285444,34072,319516,2918
2022-12-29,Glenn,021,27897,5735,5719,1970,7689,58
2022-12-29,Humboldt,023,135768,23037,22835,5682,28517,163
2022-12-29,Imperial,025,180216,68951,68622,18498,87120,963
2022-12-29,Inyo,027,18085,4695,4670,1221,5891,62
2022-12-29,Kern,029,883053,226982,225659,69876,295535,2450
2022-12-29,Kings,031,150075,61877,61692,4371,66063,466
2022-12-29,Lake,033,64148,13416,13312,1263,14575,149
2022-12-29,Lassen,035,31185,10203,10172,1041,11213,66
2022-12-29,Los Angeles,037,10098052,3435188,3420383,208039,3628422,34360
2022-12-29,Madera,039,155013,45727,45448,8712,54160,377
2022-12-29,Marin,041,260295,47957,47686,5576,53262,317
2022-12-29,Mariposa,043,17540,3304,3211,356,3567,32
2022-12-29,Mendocino,045,87422,16647,16508,4745,21253,137
2022-12-29,Merced,047,269075,75479,74732,12560,87292,883
2022-12-29,Modoc,049,8938,941,931,364,1295,11
2022-12-29,Mono,051,14174,3287,3274,292,3566,8
2022-12-29,Monterey,053,433212,96765,96380,22575,118955,776
2022-12-29,Napa,055,140530,33678,33534,1500,35034,163
2022-12-29,Nevada,057,99092,19904,19774,2223,21997,132
2022-12-29,Orange,059,3164182,699172,694080,73757,767837,7656
2022-12-29,Placer,061,380077,79546,79154,10107,89261,672
2022-12-29,Plumas,063,18699,3798,3787,457,4244,13
2022-12-29,Riverside,065,2383286,724409,720437,39590,760027,6738
2022-12-29,Sacramento,067,1510023,364542,362664,36890,399554,3414
2022-12-29,San Benito,069,59416,17350,17211,1090,18301,108
2022-12-29,San Bernardino,071,2135413,700832,696472,33457,729929,8142
2022-12-29,San Diego,073,3302833,966472,962601,78039,1040640,5641
2022-12-29,San Francisco,075,870044,191181,190012,12917,202929,1104
2022-12-29,San Joaquin,077,732212,206382,205467,16442,221909,2363
2022-12-29,San Luis Obispo,079,281455,65385,64966,7817,72783,536
2022-12-29,San Mateo,081,765935,179334,177703,10908,188611,749
2022-12-29,Santa Barbara,083,443738,110096,109576,7415,116991,747
2022-12-29,Santa Clara,085,1922200,464472,461535,20512,482047,2587
2022-12-29,Santa Cruz,087,273765,67065,66735,3755,70490,276
2022-12-29,Shasta,089,179085,36204,35950,8186,44136,602
2022-12-29,Sierra,091,2930,311,309,61,370,5
2022-12-29,Siskiyou,093,43540,5374,5355,3415,8770,95
2022-12-29,Solano,095,438530,111476,110589,8384,118973,475
2022-12-29,Sonoma,097,501317,111619,111095,5642,116737,536
2022-12-29,Stanislaus,099,539301,142907,142392,22500,164892,1795
2022-12-29,Sutter,101,95872,25322,25207,2520,27727,235
2022-12-29,Tehama,103,63373,14312,14187,3350,17537,219
2022-12-29,Trinity,105,12862,1455,1442,487,1929,23
2022-12-29,Tulare,107,460477,126183,125303,39038,164341,1546
2022-12-29,Tuolumne,109,53932,16513,16340,972,17312,211
2022-12-29,Ventura,111,848112,217544,216327,17463,233790,1605
2022-12-29,Yolo,113,214977,49311,48970,4743,53713,426
2022-12-29,Yuba,115,75493,19723,19654,1819,21473,132
2022-12-28,Alameda,001,1643700,370097,367954,21612,389566,2094
2022-12-28,Alpine,002,1148,139,138,3,141,0
2022-12-28,Amador,005,37829,10353,10313,956,11269,96
2022-12-28,Butte,007,227075,41141,41018,9953,50971,474
2022-12-28,Calaveras,009,45235,8857,8818,629,9447,135
2022-12-28,Colusa,011,21464,3911,3906,1323,5229,22
2022-12-28,Contra Costa,013,1133247,266418,264448,21926,286374,1502
2022-12-28,Del Norte,015,27424,7738,7645,434,8079,56
2022-12-28,El Dorado,017,186661,34002,33865,4476,38341,236
2022-12-28,Fresno,019,978130,289917,285444,34047,319491,2918
2022-12-28,Glenn,021,27897,5733,5719,1968,7687,58
2022-12-28,Humboldt,023,135768,23034,22835,5670,28505,163
2022-12-28,Imperial,025,180216,68913,68622,18462,87084,963
2022-12-28,Inyo,027,18085,4694,4670,1220,5890,62
2022-12-28,Kern,029,883053,226811,225659,69738,295397,2450
2022-12-28,Kings,031,150075,61831,61692,4368,66060,466
2022-12-28,Lake,033,64148,13409,13312,1262,14574,149
2022-12-28,Lassen,035,31185,10203,10172,1041,11213,66
2022-12-28,Los Angeles,037,10098052,3432991,3420383,207577,3627960,34360
2022-12-28,Madera,039,155013,45688,45448,8710,54158,377
2022-12-28,Marin,041,260295,47929,47686,5572,53258,317
2022-12-28,Mariposa,043,17540,3302,3211,356,3567,32
2022-12-28,Mendocino,045,87422,16639,16508,4738,21246,137
2022-12-28,Merced,047,269075,75444,74732,12553,87285,883
2022-12-28,Modoc,049,8938,939,931,363,1294,11
2022-12-28,Mono,051,14174,3285,3274,292,3566,8
2022-12-28,Monterey,053,433212,96743,96380,22551,118931,776
2022-12-28,Napa,055,140530,33647,33534,1499,35033,163
2022-12-28,Nevada,057,99092,19895,19774,2222,21996,132
2022-12-28,Orange,059,3164182,698625,694080,73557,767637,7656
2022-12-28,Placer,061,380077,79491,79154,10093,89247,672
2022-12-28,Plumas,063,18699,3793,3787,457,4244,13
2022-12-28,Riverside,065,2383286,723878,720437,39518,759955,6738
2022-12-28,Sacramento,067,1510023,364300,362664,36864,399528,3414
2022-12-28,San Benito,069,59416,17334,17211,1086,18297,108
2022-12-28,San Bernardino,071,2135413,700320,696472,33402,729874,8142
2022-12-28,San Diego,073,3302833,965650,962601,77920,1040521,5641
2022-12-28,San Francisco,075,870044,191045,190012,12910,202922,1104
2022-12-28,San Joaquin,077,732212,206234,205467,16420,221887,2363
2022-12-28,San Luis Obispo,079,281455,65342,64966,7808,72774,536
2022-12-28,San Mateo,081,765935,179205,177703,10897,188600,749
2022-12-28,Santa Barbara,083,443738,110029,109576,7398,116974,747
2022-12-28,Santa Clara,085,1922200,464090,461535,20498,482033,2587
2022-12-28,Santa Cruz,087,273765,67034,66735,3751,70486,276
2022-12-28,Shasta,089,179085,36185,35950,8177,44127,602
2022-12-28,Sierra,091,2930,311,309,61,370,5
2022-12-28,Siskiyou,093,43540,5372,5355,3414,8769,95
2022-12-28,Solano,095,438530,111346,110589,8379,118968,475
2022-12-28,Sonoma,097,501317,111554,111095,5634,116729,536
2022-12-28,Stanislaus,099,539301,142832,142392,22494,164886,1795
2022-12-28,Sutter,101,95872,25300,25207,2520,27727,235
2022-12-28,Tehama,103,63373,14301,14187,3349,17536,219
2022-12-28,Trinity,105,12862,1455,1442,487,1929,23
2022-12-28,Tulare,107,460477,126100,125303,38987,164290,1546
2022-12-28,Tuolumne,109,53932,16505,16340,972,17312,211
2022-12-28,Ventura,111,848112,217393,216327,17422,233749,1605
2022-12-28,Yolo,113,214977,49289,48970,4740,53710,426
2022-12-28,Yuba,115,75493,19710,19654,1815,21469,132
2022-12-27,Alameda,001,1643700,369745,367954,21587,389541,2094
2022-12-27,Alpine,002,1148,139,138,3,141,0
2022-12-27,Amador,005,37829,10343,10313,956,11269,96
2022-12-27,Butte,007,227075,41119,41018,9944,50962,474
2022-12-27,Calaveras,009,45235,8850,8818,629,9447,135
2022-12-27,Colusa,011,21464,3910,3906,1323,5229,22
2022-12-27,Contra Costa,013,1133247,266145,264448,21908,286356,1502
2022-12-27,Del Norte,015,27424,7729,7645,431,8076,56
2022-12-27,El Dorado,017,186661,33969,33865,4473,38338,236
2022-12-27,Fresno,019,978130,289687,285444,34007,319451,2918
2022-12-27,Glenn,021,27897,5731,5719,1967,7686,58
2022-12-27,Humboldt,023,135768,23026,22835,5650,28485,163
2022-12-27,Imperial,025,180216,68863,68622,18445,87067,963
2022-12-27,Inyo,027,18085,4692,4670,1209,5879,62
2022-12-27,Kern,029,883053,226623,225659,69598,295257,2450
2022-12-27,Kings,031,150075,61793,61692,4368,66060,466
2022-12-27,Lake,033,64148,13397,13312,1262,14574,149
2022-12-27,Lassen,035,31185,10199,10172,1038,11210,66
2022-12-27,Los Angeles,037,10098052,3430435,3420383,207049,3627432,34360
2022-12-27,Madera,039,155013,45668,45448,8701,54149,377
2022-12-27,Marin,041,260295,47883,47686,5568,53254,317
2022-12-27,Mariposa,043,17540,3299,3211,356,3567,32
2022-12-27,Mendocino,045,87422,16626,16508,4733,21241,137
2022-12-27,Merced,047,269075,75398,74732,12540,87272,883
2022-12-27,Modoc,049,8938,935,931,363,1294,11
2022-12-27,Mono,051,14174,3283,3274,291,3565,8
2022-12-27,Monterey,053,433212,96700,96380,22526,118906,776
2022-12-27,Napa,055,140530,33624,33534,1498,35032,163
2022-12-27,Nevada,057,99092,19887,19774,2218,21992,132
2022-12-27,Orange,059,3164182,697995,694080,73363,767443,7656
2022-12-27,Placer,061,380077,79430,79154,10083,89237,672
2022-12-27,Plumas,063,18699,3791,3787,457,4244,13
2022-12-27,Riverside,065,2383286,723298,720437,39449,759886,6738
2022-12-27,Sacramento,067,1510023,363995,362664,36828,399492,3414
2022-12-27,San Benito,069,59416,17327,17211,1086,18297,108
2022-12-27,San Bernardino,071,2135413,699755,696472,33328,729800,8142
2022-12-27,San Diego,073,3302833,964720,962601,77783,1040384,5641
2022-12-27,San Francisco,075,870044,190907,190012,12901,202913,1104
2022-12-27,San Joaquin,077,732212,206105,205467,16391,221858,2363
2022-12-27,San Luis Obispo,079,281455,65302,64966,7786,72752,536
2022-12-27,San Mateo,081,765935,179052,177703,10884,188587,749
2022-12-27,Santa Barbara,083,443738,109958,109576,7381,116957,747
2022-12-27,Santa Clara,085,1922200,463629,461535,20475,482010,2587
2022-12-27,Santa Cruz,087,273765,66996,66735,3744,70479,276
2022-12-27,Shasta,089,179085,36165,35950,8166,44116,602
2022-12-27,Sierra,091,2930,310,309,61,370,5
2022-12-27,Siskiyou,093,43540,5369,5355,3413,8768,95
2022-12-27,Solano,095,438530,111212,110589,8372,118961,475
2022-12-27,Sonoma,097,501317,111482,111095,5615,116710,536
2022-12-27,Stanislaus,099,539301,142727,142392,22477,164869,1795
2022-12-27,Sutter,101,95872,25282,25207,2517,27724,235
2022-12-27,Tehama,103,63373,14285,14187,3348,17535,219
2022-12-27,Trinity,105,12862,1452,1442,487,1929,23
2022-12-27,Tulare,107,460477,126010,125303,38943,164246,1546
2022-12-27,Tuolumne,109,53932,16493,16340,972,17312,211
2022-12-27,Ventura,111,848112,217233,216327,17383,233710,1605
2022-12-27,Yolo,113,214977,49264,48970,4737,53707,426
2022-12-27,Yuba,115,75493,19699,19654,1814,21468,132
2022-12-26,Alameda,001,1643700,369379,366018,21558,387576,2088
2022-12-26,Alpine,002,1148,139,138,3,141,0
2022-12-26,Amador,005,37829,10338,10269,956,11225,96
2022-12-26,Butte,007,227075,41091,40923,9918,50841,473
2022-12-26,Calaveras,009,45235,8843,8794,628,9422,135
2022-12-26,Colusa,011,21464,3910,3891,1323,5214,22
2022-12-26,Contra Costa,013,1133247,265845,262951,21886,284837,1492
2022-12-26,Del Norte,015,27424,7724,7612,431,8043,56
2022-12-26,El Dorado,017,186661,33939,33729,4469,38198,236
2022-12-26,Fresno,019,978130,289451,284361,33953,318314,2907
2022-12-26,Glenn,021,27897,5730,5702,1966,7668,58
2022-12-26,Humboldt,023,135768,23013,22760,5629,28389,161
2022-12-26,Imperial,025,180216,68807,68403,18384,86787,963
2022-12-26,Inyo,027,18085,4689,4655,1206,5861,60
2022-12-26,Kern,029,883053,226441,224945,69455,294400,2446
2022-12-26,Kings,031,150075,61758,61461,4365,65826,467
2022-12-26,Lake,033,64148,13393,13254,1258,14512,149
2022-12-26,Lassen,035,31185,10196,10151,1036,11187,66
2022-12-26,Los Angeles,037,10098052,3427618,3399852,206436,3606288,34170
2022-12-26,Madera,039,155013,45625,45290,8694,53984,377
2022-12-26,Marin,041,260295,47833,47457,5561,53018,315
2022-12-26,Mariposa,043,17540,3295,3201,356,3557,32
2022-12-26,Mendocino,045,87422,16612,16435,4717,21152,137
2022-12-26,Merced,047,269075,75365,74498,12528,87026,880
2022-12-26,Modoc,049,8938,932,927,363,1290,11
2022-12-26,Mono,051,14174,3279,3264,291,3555,8
2022-12-26,Monterey,053,433212,96661,96192,22509,118701,776
2022-12-26,Napa,055,140530,33600,33370,1498,34868,163
2022-12-26,Nevada,057,99092,19873,19696,2209,21905,132
2022-12-26,Orange,059,3164182,697300,690845,73125,763970,7628
2022-12-26,Placer,061,380077,79374,78813,10077,88890,669
2022-12-26,Plumas,063,18699,3789,3778,457,4235,13
2022-12-26,Riverside,065,2383286,722600,717576,39346,756922,6738
2022-12-26,Sacramento,067,1510023,363650,361095,36793,397888,3407
2022-12-26,San Benito,069,59416,17310,17109,1082,18191,108
2022-12-26,San Bernardino,071,2135413,699106,693567,33246,726813,8136
2022-12-26,San Diego,073,3302833,963646,957866,77605,1035471,5626
2022-12-26,San Francisco,075,870044,190696,188947,12894,201841,1095
2022-12-26,San Joaquin,077,732212,205946,204712,16362,221074,2353
2022-12-26,San Luis Obispo,079,281455,65252,64748,7758,72506,536
2022-12-26,San Mateo,081,765935,178867,176920,10871,187791,748
2022-12-26,Santa Barbara,083,443738,109874,109074,7372,116446,744
2022-12-26,Santa Clara,085,1922200,463092,459089,20457,479546,2579
2022-12-26,Santa Cruz,087,273765,66954,66560,3740,70300,277
2022-12-26,Shasta,089,179085,36142,35856,8156,44012,601
2022-12-26,Sierra,091,2930,310,308,61,369,5
2022-12-26,Siskiyou,093,43540,5364,5334,3411,8745,95
2022-12-26,Solano,095,438530,111079,109900,8363,118263,474
2022-12-26,Sonoma,097,501317,111385,110643,5604,116247,536
2022-12-26,Stanislaus,099,539301,142634,141956,22459,164415,1795
2022-12-26,Sutter,101,95872,25263,25088,2511,27599,235
2022-12-26,Tehama,103,63373,14279,14127,3341,17468,218
2022-12-26,Trinity,105,12862,1451,1438,487,1925,23
2022-12-26,Tulare,107,460477,125904,124848,38885,163733,1546
2022-12-26,Tuolumne,109,53932,16483,16261,970,17231,209
2022-12-26,Ventura,111,848112,217007,215497,17339,232836,1604
2022-12-26,Yolo,113,214977,49239,48842,4732,53574,422
2022-12-26,Yuba,115,75493,19683,19553,1810,21363,132
2022-12-25,Alameda,001,1643700,369087,366018,21535,387553,2088
2022-12-25,Alpine,002,1148,139,138,3,141,0
2022-12-25,Amador,005,37829,10332,10269,956,11225,96
2022-12-25,Butte,007,227075,41077,40923,9904,50827,473
2022-12-25,Calaveras,009,45235,8839,8794,627,9421,135
2022-12-25,Colusa,011,21464,3909,3891,1322,5213,22
2022-12-25,Contra Costa,013,1133247,265595,262951,21881,284832,1492
2022-12-25,Del Norte,015,27424,7719,7612,431,8043,56
2022-12-25,El Dorado,017,186661,33923,33729,4468,38197,236
2022-12-25,Fresno,019,978130,289309,284361,33934,318295,2907
2022-12-25,Glenn,021,27897,5730,5702,1964,7666,58
2022-12-25,Humboldt,023,135768,23003,22760,5620,28380,161
2022-12-25,Imperial,025,180216,68772,68403,18363,86766,963
2022-12-25,Inyo,027,18085,4687,4655,1204,5859,60
2022-12-25,Kern,029,883053,226345,224945,69298,294243,2446
2022-12-25,Kings,031,150075,61717,61461,4364,65825,467
2022-12-25,Lake,033,64148,13390,13254,1258,14512,149
2022-12-25,Lassen,035,31185,10194,10151,1034,11185,66
2022-12-25,Los Angeles,037,10098052,3425300,3399852,205968,3605820,34170
2022-12-25,Madera,039,155013,45608,45290,8693,53983,377
2022-12-25,Marin,041,260295,47801,47457,5558,53015,315
2022-12-25,Mariposa,043,17540,3295,3201,356,3557,32
2022-12-25,Mendocino,045,87422,16598,16435,4715,21150,137
2022-12-25,Merced,047,269075,75324,74498,12521,87019,880
2022-12-25,Modoc,049,8938,931,927,363,1290,11
2022-12-25,Mono,051,14174,3274,3264,291,3555,8
2022-12-25,Monterey,053,433212,96629,96192,22495,118687,776
2022-12-25,Napa,055,140530,33582,33370,1495,34865,163
2022-12-25,Nevada,057,99092,19864,19696,2205,21901,132
2022-12-25,Orange,059,3164182,696729,690845,72873,763718,7628
2022-12-25,Placer,061,380077,79339,78813,10071,88884,669
2022-12-25,Plumas,063,18699,3789,3778,457,4235,13
2022-12-25,Riverside,065,2383286,722083,717576,39265,756841,6738
2022-12-25,Sacramento,067,1510023,363462,361095,36769,397864,3407
2022-12-25,San Benito,069,59416,17300,17109,1082,18191,108
2022-12-25,San Bernardino,071,2135413,698612,693567,33195,726762,8136
2022-12-25,San Diego,073,3302833,962998,957866,77508,1035374,5626
2022-12-25,San Francisco,075,870044,190527,188947,12890,201837,1095
2022-12-25,San Joaquin,077,732212,205835,204712,16349,221061,2353
2022-12-25,San Luis Obispo,079,281455,65226,64748,7747,72495,536
2022-12-25,San Mateo,081,765935,178745,176920,10864,187784,748
2022-12-25,Santa Barbara,083,443738,109813,109074,7370,116444,744
2022-12-25,Santa Clara,085,1922200,462720,459089,20430,479519,2579
2022-12-25,Santa Cruz,087,273765,66893,66560,3736,70296,277
2022-12-25,Shasta,089,179085,36129,35856,8151,44007,601
2022-12-25,Sierra,091,2930,310,308,61,369,5
2022-12-25,Siskiyou,093,43540,5363,5334,3411,8745,95
2022-12-25,Solano,095,438530,110986,109900,8356,118256,474
2022-12-25,Sonoma,097,501317,111322,110643,5603,116246,536
2022-12-25,Stanislaus,099,539301,142566,141956,22451,164407,1795
2022-12-25,Sutter,101,95872,25248,25088,2509,27597,235
2022-12-25,Tehama,103,63373,14272,14127,3340,17467,218
2022-12-25,Trinity,105,12862,1451,1438,487,1925,23
2022-12-25,Tulare,107,460477,125821,124848,38839,163687,1546
2022-12-25,Tuolumne,109,53932,16461,16261,970,17231,209
2022-12-25,Ventura,111,848112,216866,215497,17305,232802,1604
2022-12-25,Yolo,113,214977,49219,48842,4730,53572,422
2022-12-25,Yuba,115,75493,19666,19553,1810,21363,132
2022-12-24,Alameda,001,1643700,368946,366018,21523,387541,2088
2022-12-24,Alpine,002,1148,139,138,3,141,0
2022-12-24,Amador,005,37829,10330,10269,956,11225,96
2022-12-24,Butte,007,227075,41069,40923,9896,50819,473
2022-12-24,Calaveras,009,45235,8838,8794,626,9420,135
2022-12-24,Colusa,011,21464,3909,3891,1322,5213,22
2022-12-24,Contra Costa,013,1133247,265506,262951,21878,284829,1492
2022-12-24,Del Norte,015,27424,7716,7612,431,8043,56
2022-12-24,El Dorado,017,186661,33908,33729,4467,38196,236
2022-12-24,Fresno,019,978130,289230,284361,33932,318293,2907
2022-12-24,Glenn,021,27897,5730,5702,1964,7666,58
2022-12-24,Humboldt,023,135768,22994,22760,5614,28374,161
2022-12-24,Imperial,025,180216,68758,68403,18356,86759,963
2022-12-24,Inyo,027,18085,4686,4655,1204,5859,60
2022-12-24,Kern,029,883053,226301,224945,69283,294228,2446
2022-12-24,Kings,031,150075,61711,61461,4363,65824,467
2022-12-24,Lake,033,64148,13380,13254,1257,14511,149
2022-12-24,Lassen,035,31185,10192,10151,1034,11185,66
2022-12-24,Los Angeles,037,10098052,3424536,3399852,205782,3605634,34170
2022-12-24,Madera,039,155013,45588,45290,8693,53983,377
2022-12-24,Marin,041,260295,47784,47457,5555,53012,315
2022-12-24,Mariposa,043,17540,3293,3201,356,3557,32
2022-12-24,Mendocino,045,87422,16594,16435,4715,21150,137
2022-12-24,Merced,047,269075,75313,74498,12516,87014,880
2022-12-24,Modoc,049,8938,931,927,363,1290,11
2022-12-24,Mono,051,14174,3272,3264,291,3555,8
2022-12-24,Monterey,053,433212,96605,96192,22484,118676,776
2022-12-24,Napa,055,140530,33567,33370,1495,34865,163
2022-12-24,Nevada,057,99092,19857,19696,2204,21900,132
2022-12-24,Orange,059,3164182,696556,690845,72846,763691,7628
2022-12-24,Placer,061,380077,79311,78813,10070,88883,669
2022-12-24,Plumas,063,18699,3788,3778,455,4233,13
2022-12-24,Riverside,065,2383286,721902,717576,39230,756806,6738
2022-12-24,Sacramento,067,1510023,363389,361095,36761,397856,3407
2022-12-24,San Benito,069,59416,17296,17109,1082,18191,108
2022-12-24,San Bernardino,071,2135413,698429,693567,33169,726736,8136
2022-12-24,San Diego,073,3302833,962772,957866,77463,1035329,5626
2022-12-24,San Francisco,075,870044,190463,188947,12888,201835,1095
2022-12-24,San Joaquin,077,732212,205778,204712,16344,221056,2353
2022-12-24,San Luis Obispo,079,281455,65213,64748,7740,72488,536
2022-12-24,San Mateo,081,765935,178678,176920,10862,187782,748
2022-12-24,Santa Barbara,083,443738,109775,109074,7365,116439,744
2022-12-24,Santa Clara,085,1922200,462559,459089,20417,479506,2579
2022-12-24,Santa Cruz,087,273765,66875,66560,3736,70296,277
2022-12-24,Shasta,089,179085,36123,35856,8148,44004,601
2022-12-24,Sierra,091,2930,310,308,61,369,5
2022-12-24,Siskiyou,093,43540,5360,5334,3411,8745,95
2022-12-24,Solano,095,438530,110959,109900,8353,118253,474
2022-12-24,Sonoma,097,501317,111286,110643,5601,116244,536
2022-12-24,Stanislaus,099,539301,142517,141956,22446,164402,1795
2022-12-24,Sutter,101,95872,25239,25088,2509,27597,235
2022-12-24,Tehama,103,63373,14263,14127,3339,17466,218
2022-12-24,Trinity,105,12862,1451,1438,487,1925,23
2022-12-24,Tulare,107,460477,125780,124848,38816,163664,1546
2022-12-24,Tuolumne,109,53932,16453,16261,969,17230,209
2022-12-24,Ventura,111,848112,216796,215497,17290,232787,1604
2022-12-24,Yolo,113,214977,49207,48842,4728,53570,422
2022-12-24,Yuba,115,75493,19658,19553,1810,21363,132
2022-12-23,Alameda,001,1643700,368772,366018,21502,387520,2088
2022-12-23,Alpine,002,1148,139,138,3,141,0
2022-12-23,Amador,005,37829,10325,10269,956,11225,96
2022-12-23,Butte,007,227075,41061,40923,9880,50803,473
2022-12-23,Calaveras,009,45235,8837,8794,625,9419,135
2022-12-23,Colusa,011,21464,3907,3891,1320,5211,22
2022-12-23,Contra Costa,013,1133247,265375,262951,21868,284819,1492
2022-12-23,Del Norte,015,27424,7711,7612,431,8043,56
2022-12-23,El Dorado,017,186661,33888,33729,4466,38195,236
2022-12-23,Fresno,019,978130,289123,284361,33910,318271,2907
2022-12-23,Glenn,021,27897,5727,5702,1963,7665,58
2022-12-23,Humboldt,023,135768,22989,22760,5611,28371,161
2022-12-23,Imperial,025,180216,68731,68403,18350,86753,963
2022-12-23,Inyo,027,18085,4683,4655,1202,5857,60
2022-12-23,Kern,029,883053,226253,224945,69218,294163,2446
2022-12-23,Kings,031,150075,61694,61461,4362,65823,467
2022-12-23,Lake,033,64148,13373,13254,1257,14511,149
2022-12-23,Lassen,035,31185,10190,10151,1034,11185,66
2022-12-23,Los Angeles,037,10098052,3423347,3399852,205466,3605318,34170
2022-12-23,Madera,039,155013,45571,45290,8692,53982,377
2022-12-23,Marin,041,260295,47762,47457,5554,53011,315
2022-12-23,Mariposa,043,17540,3293,3201,356,3557,32
2022-12-23,Mendocino,045,87422,16589,16435,4713,21148,137
2022-12-23,Merced,047,269075,75301,74498,12511,87009,880
2022-12-23,Modoc,049,8938,931,927,363,1290,11
2022-12-23,Mono,051,14174,3272,3264,290,3554,8
2022-12-23,Monterey,053,433212,96578,96192,22466,118658,776
2022-12-23,Napa,055,140530,33548,33370,1494,34864,163
2022-12-23,Nevada,057,99092,19853,19696,2198,21894,132
2022-12-23,Orange,059,3164182,696288,690845,72679,763524,7628
2022-12-23,Placer,061,380077,79287,78813,10064,88877,669
2022-12-23,Plumas,063,18699,3787,3778,455,4233,13
2022-12-23,Riverside,065,2383286,721616,717576,39184,756760,6738
2022-12-23,Sacramento,067,1510023,363273,361095,36756,397851,3407
2022-12-23,San Benito,069,59416,17284,17109,1080,18189,108
2022-12-23,San Bernardino,071,2135413,698157,693567,33137,726704,8136
2022-12-23,San Diego,073,3302833,962339,957866,77423,1035289,5626
2022-12-23,San Francisco,075,870044,190358,188947,12880,201827,1095
2022-12-23,San Joaquin,077,732212,205720,204712,16342,221054,2353
2022-12-23,San Luis Obispo,079,281455,65195,64748,7736,72484,536
2022-12-23,San Mateo,081,765935,178611,176920,10853,187773,748
2022-12-23,Santa Barbara,083,443738,109736,109074,7360,116434,744
2022-12-23,Santa Clara,085,1922200,462372,459089,20401,479490,2579
2022-12-23,Santa Cruz,087,273765,66856,66560,3732,70292,277
2022-12-23,Shasta,089,179085,36116,35856,8146,44002,601
2022-12-23,Sierra,091,2930,310,308,61,369,5
2022-12-23,Siskiyou,093,43540,5359,5334,3411,8745,95
2022-12-23,Solano,095,438530,110902,109900,8345,118245,474
2022-12-23,Sonoma,097,501317,111239,110643,5600,116243,536
2022-12-23,Stanislaus,099,539301,142477,141956,22445,164401,1795
2022-12-23,Sutter,101,95872,25226,25088,2509,27597,235
2022-12-23,Tehama,103,63373,14260,14127,3339,17466,218
2022-12-23,Trinity,105,12862,1450,1438,487,1925,23
2022-12-23,Tulare,107,460477,125745,124848,38790,163638,1546
2022-12-23,Tuolumne,109,53932,16445,16261,968,17229,209
2022-12-23,Ventura,111,848112,216701,215497,17268,232765,1604
2022-12-23,Yolo,113,214977,49196,48842,4727,53569,422
2022-12-23,Yuba,115,75493,19650,19553,1809,21362,132
2022-12-22,Alameda,001,1643700,368433,366018,21474,387492,2088
2022-12-22,Alpine,002,1148,139,138,3,141,0
2022-12-22,Amador,005,37829,10319,10269,956,11225,96
2022-12-22,Butte,007,227075,41051,40923,9867,50790,473
2022-12-22,Calaveras,009,45235,8837,8794,625,9419,135
2022-12-22,Colusa,011,21464,3902,3891,1320,5211,22
2022-12-22,Contra Costa,013,1133247,265123,262951,21860,284811,1492
2022-12-22,Del Norte,015,27424,7704,7612,430,8042,56
2022-12-22,El Dorado,017,186661,33866,33729,4466,38195,236
2022-12-22,Fresno,019,978130,288960,284361,33874,318235,2907
2022-12-22,Glenn,021,27897,5725,5702,1963,7665,58
2022-12-22,Humboldt,023,135768,22978,22760,5603,28363,161
2022-12-22,Imperial,025,180216,68696,68403,18338,86741,963
2022-12-22,Inyo,027,18085,4683,4655,1201,5856,60
2022-12-22,Kern,029,883053,226158,224945,69121,294066,2446
2022-12-22,Kings,031,150075,61680,61461,4362,65823,467
2022-12-22,Lake,033,64148,13367,13254,1257,14511,149
2022-12-22,Lassen,035,31185,10187,10151,1033,11184,66
2022-12-22,Los Angeles,037,10098052,3421322,3399852,205019,3604871,34170
2022-12-22,Madera,039,155013,45538,45290,8684,53974,377
2022-12-22,Marin,041,260295,47732,47457,5552,53009,315
2022-12-22,Mariposa,043,17540,3291,3201,356,3557,32
2022-12-22,Mendocino,045,87422,16579,16435,4712,21147,137
2022-12-22,Merced,047,269075,75263,74498,12507,87005,880
2022-12-22,Modoc,049,8938,929,927,363,1290,11
2022-12-22,Mono,051,14174,3272,3264,290,3554,8
2022-12-22,Monterey,053,433212,96554,96192,22448,118640,776
2022-12-22,Napa,055,140530,33530,33370,1494,34864,163
2022-12-22,Nevada,057,99092,19842,19696,2194,21890,132
2022-12-22,Orange,059,3164182,695805,690845,72490,763335,7628
2022-12-22,Placer,061,380077,79241,78813,10059,88872,669
2022-12-22,Plumas,063,18699,3785,3778,455,4233,13
2022-12-22,Riverside,065,2383286,721201,717576,39114,756690,6738
2022-12-22,Sacramento,067,1510023,363029,361095,36739,397834,3407
2022-12-22,San Benito,069,59416,17267,17109,1074,18183,108
2022-12-22,San Bernardino,071,2135413,697727,693567,33079,726646,8136
2022-12-22,San Diego,073,3302833,961616,957866,77282,1035148,5626
2022-12-22,San Francisco,075,870044,190214,188947,12862,201809,1095
2022-12-22,San Joaquin,077,732212,205611,204712,16331,221043,2353
2022-12-22,San Luis Obispo,079,281455,65153,64748,7713,72461,536
2022-12-22,San Mateo,081,765935,178495,176920,10845,187765,748
2022-12-22,Santa Barbara,083,443738,109658,109074,7344,116418,744
2022-12-22,Santa Clara,085,1922200,461987,459089,20381,479470,2579
2022-12-22,Santa Cruz,087,273765,66830,66560,3724,70284,277
2022-12-22,Shasta,089,179085,36104,35856,8141,43997,601
2022-12-22,Sierra,091,2930,310,308,61,369,5
2022-12-22,Siskiyou,093,43540,5354,5334,3410,8744,95
2022-12-22,Solano,095,438530,110816,109900,8335,118235,474
2022-12-22,Sonoma,097,501317,111169,110643,5596,116239,536
2022-12-22,Stanislaus,099,539301,142411,141956,22434,164390,1795
2022-12-22,Sutter,101,95872,25204,25088,2507,27595,235
2022-12-22,Tehama,103,63373,14255,14127,3339,17466,218
2022-12-22,Trinity,105,12862,1449,1438,486,1924,23
2022-12-22,Tulare,107,460477,125683,124848,38752,163600,1546
2022-12-22,Tuolumne,109,53932,16435,16261,968,17229,209
2022-12-22,Ventura,111,848112,216595,215497,17234,232731,1604
2022-12-22,Yolo,113,214977,49182,48842,4723,53565,422
2022-12-22,Yuba,115,75493,19636,19553,1807,21360,132
2022-12-21,Alameda,001,1643700,368100,366018,21445,387463,2088
2022-12-21,Alpine,002,1148,139,138,3,141,0
2022-12-21,Amador,005,37829,10316,10269,956,11225,96
2022-12-21,Butte,007,227075,41032,40923,9853,50776,473
2022-12-21,Calaveras,009,45235,8830,8794,620,9414,135
2022-12-21,Colusa,011,21464,3899,3891,1320,5211,22
2022-12-21,Contra Costa,013,1133247,264890,262951,21836,284787,1492
2022-12-21,Del Norte,015,27424,7699,7612,420,8032,56
2022-12-21,El Dorado,017,186661,33840,33729,4462,38191,236
2022-12-21,Fresno,019,978130,288765,284361,33848,318209,2907
2022-12-21,Glenn,021,27897,5724,5702,1962,7664,58
2022-12-21,Humboldt,023,135768,22965,22760,5587,28347,161
2022-12-21,Imperial,025,180216,68656,68403,18312,86715,963
2022-12-21,Inyo,027,18085,4682,4655,1200,5855,60
2022-12-21,Kern,029,883053,226027,224945,69011,293956,2446
2022-12-21,Kings,031,150075,61637,61461,4360,65821,467
2022-12-21,Lake,033,64148,13361,13254,1257,14511,149
2022-12-21,Lassen,035,31185,10181,10151,1033,11184,66
2022-12-21,Los Angeles,037,10098052,3419103,3399852,204553,3604405,34170
2022-12-21,Madera,039,155013,45527,45290,8682,53972,377
2022-12-21,Marin,041,260295,47687,47457,5542,52999,315
2022-12-21,Mariposa,043,17540,3283,3201,355,3556,32
2022-12-21,Mendocino,045,87422,16567,16435,4703,21138,137
2022-12-21,Merced,047,269075,75225,74498,12501,86999,880
2022-12-21,Modoc,049,8938,929,927,363,1290,11
2022-12-21,Mono,051,14174,3272,3264,290,3554,8
2022-12-21,Monterey,053,433212,96520,96192,22432,118624,776
2022-12-21,Napa,055,140530,33511,33370,1491,34861,163
2022-12-21,Nevada,057,99092,19832,19696,2192,21888,132
2022-12-21,Orange,059,3164182,695261,690845,72277,763122,7628
2022-12-21,Placer,061,380077,79185,78813,10045,88858,669
2022-12-21,Plumas,063,18699,3782,3778,455,4233,13
2022-12-21,Riverside,065,2383286,720691,717576,39026,756602,6738
2022-12-21,Sacramento,067,1510023,362797,361095,36700,397795,3407
2022-12-21,San Benito,069,59416,17249,17109,1067,18176,108
2022-12-21,San Bernardino,071,2135413,697236,693567,33017,726584,8136
2022-12-21,San Diego,073,3302833,960799,957866,77150,1035016,5626
2022-12-21,San Francisco,075,870044,190065,188947,12852,201799,1095
2022-12-21,San Joaquin,077,732212,205468,204712,16310,221022,2353
2022-12-21,San Luis Obispo,079,281455,65118,64748,7699,72447,536
2022-12-21,San Mateo,081,765935,178346,176920,10836,187756,748
2022-12-21,Santa Barbara,083,443738,109577,109074,7331,116405,744
2022-12-21,Santa Clara,085,1922200,461585,459089,20347,479436,2579
2022-12-21,Santa Cruz,087,273765,66785,66560,3723,70283,277
2022-12-21,Shasta,089,179085,36078,35856,8131,43987,601
2022-12-21,Sierra,091,2930,310,308,61,369,5
2022-12-21,Siskiyou,093,43540,5352,5334,3410,8744,95
2022-12-21,Solano,095,438530,110691,109900,8327,118227,474
2022-12-21,Sonoma,097,501317,111101,110643,5583,116226,536
2022-12-21,Stanislaus,099,539301,142338,141956,22421,164377,1795
2022-12-21,Sutter,101,95872,25187,25088,2507,27595,235
2022-12-21,Tehama,103,63373,14252,14127,3336,17463,218
2022-12-21,Trinity,105,12862,1449,1438,481,1919,23
2022-12-21,Tulare,107,460477,125618,124848,38701,163549,1546
2022-12-21,Tuolumne,109,53932,16413,16261,968,17229,209
2022-12-21,Ventura,111,848112,216459,215497,17200,232697,1604
2022-12-21,Yolo,113,214977,49155,48842,4719,53561,422
2022-12-21,Yuba,115,75493,19614,19553,1806,21359,132
2022-12-20,Alameda,001,1643700,367763,366018,21411,387429,2088
2022-12-20,Alpine,002,1148,139,138,2,140,0
2022-12-20,Amador,005,37829,10310,10269,956,11225,96
2022-12-20,Butte,007,227075,41016,40923,9835,50758,473
2022-12-20,Calaveras,009,45235,8822,8794,620,9414,135
2022-12-20,Colusa,011,21464,3898,3891,1319,5210,22
2022-12-20,Contra Costa,013,1133247,264655,262951,21820,284771,1492
2022-12-20,Del Norte,015,27424,7695,7612,419,8031,56
2022-12-20,El Dorado,017,186661,33817,33729,4458,38187,236
2022-12-20,Fresno,019,978130,288551,284361,33811,318172,2907
2022-12-20,Glenn,021,27897,5722,5702,1961,7663,58
2022-12-20,Humboldt,023,135768,22947,22760,5568,28328,161
2022-12-20,Imperial,025,180216,68626,68403,18285,86688,963
2022-12-20,Inyo,027,18085,4678,4655,1199,5854,60
2022-12-20,Kern,029,883053,225874,224945,68895,293840,2446
2022-12-20,Kings,031,150075,61591,61461,4358,65819,467
2022-12-20,Lake,033,64148,13346,13254,1245,14499,149
2022-12-20,Lassen,035,31185,10175,10151,1032,11183,66
2022-12-20,Los Angeles,037,10098052,3416738,3399852,204058,3603910,34170
2022-12-20,Madera,039,155013,45494,45290,8673,53963,377
2022-12-20,Marin,041,260295,47650,47457,5538,52995,315
2022-12-20,Mariposa,043,17540,3280,3201,355,3556,32
2022-12-20,Mendocino,045,87422,16553,16435,4697,21132,137
2022-12-20,Merced,047,269075,75185,74498,12488,86986,880
2022-12-20,Modoc,049,8938,928,927,363,1290,11
2022-12-20,Mono,051,14174,3270,3264,286,3550,8
2022-12-20,Monterey,053,433212,96490,96192,22409,118601,776
2022-12-20,Napa,055,140530,33486,33370,1490,34860,163
2022-12-20,Nevada,057,99092,19814,19696,2181,21877,132
2022-12-20,Orange,059,3164182,694659,690845,72063,762908,7628
2022-12-20,Placer,061,380077,79131,78813,10036,88849,669
2022-12-20,Plumas,063,18699,3781,3778,454,4232,13
2022-12-20,Riverside,065,2383286,720190,717576,38945,756521,6738
2022-12-20,Sacramento,067,1510023,362551,361095,36670,397765,3407
2022-12-20,San Benito,069,59416,17225,17109,1065,18174,108
2022-12-20,San Bernardino,071,2135413,696714,693567,32972,726539,8136
2022-12-20,San Diego,073,3302833,960003,957866,77035,1034901,5626
2022-12-20,San Francisco,075,870044,189849,188947,12843,201790,1095
2022-12-20,San Joaquin,077,732212,205329,204712,16290,221002,2353
2022-12-20,San Luis Obispo,079,281455,65077,64748,7689,72437,536
2022-12-20,San Mateo,081,765935,178208,176920,10824,187744,748
2022-12-20,Santa Barbara,083,443738,109482,109074,7320,116394,744
2022-12-20,Santa Clara,085,1922200,461174,459089,20315,479404,2579
2022-12-20,Santa Cruz,087,273765,66763,66560,3718,70278,277
2022-12-20,Shasta,089,179085,36059,35856,8128,43984,601
2022-12-20,Sierra,091,2930,310,308,61,369,5
2022-12-20,Siskiyou,093,43540,5348,5334,3408,8742,95
2022-12-20,Solano,095,438530,110572,109900,8322,118222,474
2022-12-20,Sonoma,097,501317,111016,110643,5573,116216,536
2022-12-20,Stanislaus,099,539301,142268,141956,22409,164365,1795
2022-12-20,Sutter,101,95872,25162,25088,2506,27594,235
2022-12-20,Tehama,103,63373,14243,14127,3332,17459,218
2022-12-20,Trinity,105,12862,1449,1438,477,1915,23
2022-12-20,Tulare,107,460477,125547,124848,38674,163522,1546
2022-12-20,Tuolumne,109,53932,16398,16261,964,17225,209
2022-12-20,Ventura,111,848112,216302,215497,17149,232646,1604
2022-12-20,Yolo,113,214977,49129,48842,4709,53551,422
2022-12-20,Yuba,115,75493,19596,19553,1805,21358,132
2022-12-19,Alameda,001,1643700,367408,363758,21365,385123,2082
2022-12-19,Alpine,002,1148,139,139,2,141,0
2022-12-19,Amador,005,37829,10295,10236,956,11192,96
2022-12-19,Butte,007,227075,40996,40800,9819,50619,471
2022-12-19,Calaveras,009,45235,8819,8758,620,9378,135
2022-12-19,Colusa,011,21464,3896,3882,1319,5201,22
2022-12-19,Contra Costa,013,1133247,264390,261280,21799,283079,1491
2022-12-19,Del Norte,015,27424,7691,7586,418,8004,56
2022-12-19,El Dorado,017,186661,33787,33598,4454,38052,235
2022-12-19,Fresno,019,978130,288366,283068,33774,316842,2905
2022-12-19,Glenn,021,27897,5718,5690,1960,7650,58
2022-12-19,Humboldt,023,135768,22931,22679,5561,28240,161
2022-12-19,Imperial,025,180216,68573,68094,18252,86346,963
2022-12-19,Inyo,027,18085,4676,4649,1196,5845,60
2022-12-19,Kern,029,883053,225739,223971,68777,292748,2444
2022-12-19,Kings,031,150075,61558,61254,4356,65610,466
2022-12-19,Lake,033,64148,13335,13201,1243,14444,149
2022-12-19,Lassen,035,31185,10169,10142,1032,11174,66
2022-12-19,Los Angeles,037,10098052,3414139,3390335,203522,3593857,34114
2022-12-19,Madera,039,155013,45459,45131,8659,53790,377
2022-12-19,Marin,041,260295,47619,47184,5535,52719,315
2022-12-19,Mariposa,043,17540,3273,3202,355,3557,32
2022-12-19,Mendocino,045,87422,16537,16396,4695,21091,136
2022-12-19,Merced,047,269075,75153,74307,12485,86792,880
2022-12-19,Modoc,049,8938,928,918,362,1280,11
2022-12-19,Mono,051,14174,3269,3251,283,3534,8
2022-12-19,Monterey,053,433212,96469,95970,22370,118340,776
2022-12-19,Napa,055,140530,33458,33212,1485,34697,162
2022-12-19,Nevada,057,99092,19807,19663,2174,21837,132
2022-12-19,Orange,059,3164182,694019,687587,71860,759447,7596
2022-12-19,Placer,061,380077,79083,78475,10034,88509,666
2022-12-19,Plumas,063,18699,3779,3769,453,4222,13
2022-12-19,Riverside,065,2383286,719667,714426,38861,753287,6694
2022-12-19,Sacramento,067,1510023,362261,359420,36628,396048,3395
2022-12-19,San Benito,069,59416,17204,17018,1060,18078,108
2022-12-19,San Bernardino,071,2135413,696149,690423,32914,723337,8136
2022-12-19,San Diego,073,3302833,959044,953029,76918,1029947,5608
2022-12-19,San Francisco,075,870044,189665,187665,12833,200498,1087
2022-12-19,San Joaquin,077,732212,205196,203845,16269,220114,2353
2022-12-19,San Luis Obispo,079,281455,65040,64540,7677,72217,533
2022-12-19,San Mateo,081,765935,178024,175963,10817,186780,748
2022-12-19,Santa Barbara,083,443738,109388,108635,7309,115944,743
2022-12-19,Santa Clara,085,1922200,460749,456121,20282,476403,2566
2022-12-19,Santa Cruz,087,273765,66733,66157,3711,69868,275
2022-12-19,Shasta,089,179085,36042,35797,8116,43913,599
2022-12-19,Sierra,091,2930,310,309,61,370,5
2022-12-19,Siskiyou,093,43540,5347,5325,3408,8733,94
2022-12-19,Solano,095,438530,110431,109297,8316,117613,472
2022-12-19,Sonoma,097,501317,110930,110159,5564,115723,533
2022-12-19,Stanislaus,099,539301,142183,141472,22394,163866,1796
2022-12-19,Sutter,101,95872,25135,25020,2504,27524,235
2022-12-19,Tehama,103,63373,14231,14104,3329,17433,218
2022-12-19,Trinity,105,12862,1448,1434,475,1909,23
2022-12-19,Tulare,107,460477,125462,124442,38637,163079,1546
2022-12-19,Tuolumne,109,53932,16390,16161,963,17124,209
2022-12-19,Ventura,111,848112,216119,214659,17115,231774,1597
2022-12-19,Yolo,113,214977,49099,48765,4704,53469,416
2022-12-19,Yuba,115,75493,19584,19482,1802,21284,132
2022-12-18,Alameda,001,1643700,366990,363758,21320,385078,2082
2022-12-18,Alpine,002,1148,139,139,2,141,0
2022-12-18,Amador,005,37829,10288,10236,956,11192,96
2022-12-18,Butte,007,227075,40978,40800,9799,50599,471
2022-12-18,Calaveras,009,45235,8814,8758,615,9373,135
2022-12-18,Colusa,011,21464,3895,3882,1319,5201,22
2022-12-18,Contra Costa,013,1133247,264068,261280,21774,283054,1491
2022-12-18,Del Norte,015,27424,7682,7586,417,8003,56
2022-12-18,El Dorado,017,186661,33761,33598,4448,38046,235
2022-12-18,Fresno,019,978130,288155,283068,33719,316787,2905
2022-12-18,Glenn,021,27897,5716,5690,1958,7648,58
2022-12-18,Humboldt,023,135768,22918,22679,5537,28216,161
2022-12-18,Imperial,025,180216,68521,68094,18204,86298,963
2022-12-18,Inyo,027,18085,4673,4649,1194,5843,60
2022-12-18,Kern,029,883053,225569,223971,68668,292639,2444
2022-12-18,Kings,031,150075,61509,61254,4352,65606,466
2022-12-18,Lake,033,64148,13319,13201,1243,14444,149
2022-12-18,Lassen,035,31185,10167,10142,1032,11174,66
2022-12-18,Los Angeles,037,10098052,3411350,3390335,203011,3593346,34114
2022-12-18,Madera,039,155013,45427,45131,8643,53774,377
2022-12-18,Marin,041,260295,47573,47184,5522,52706,315
2022-12-18,Mariposa,043,17540,3271,3202,355,3557,32
2022-12-18,Mendocino,045,87422,16521,16396,4687,21083,136
2022-12-18,Merced,047,269075,75109,74307,12469,86776,880
2022-12-18,Modoc,049,8938,928,918,360,1278,11
2022-12-18,Mono,051,14174,3264,3251,283,3534,8
2022-12-18,Monterey,053,433212,96423,95970,22343,118313,776
2022-12-18,Napa,055,140530,33406,33212,1482,34694,162
2022-12-18,Nevada,057,99092,19789,19663,2169,21832,132
2022-12-18,Orange,059,3164182,693420,687587,71630,759217,7596
2022-12-18,Placer,061,380077,79017,78475,10024,88499,666
2022-12-18,Plumas,063,18699,3777,3769,453,4222,13
2022-12-18,Riverside,065,2383286,719089,714426,38740,753166,6694
2022-12-18,Sacramento,067,1510023,361943,359420,36567,395987,3395
2022-12-18,San Benito,069,59416,17190,17018,1060,18078,108
2022-12-18,San Bernardino,071,2135413,695547,690423,32848,723271,8136
2022-12-18,San Diego,073,3302833,958151,953029,76820,1029849,5608
2022-12-18,San Francisco,075,870044,189400,187665,12822,200487,1087
2022-12-18,San Joaquin,077,732212,205032,203845,16252,220097,2353
2022-12-18,San Luis Obispo,079,281455,64992,64540,7648,72188,533
2022-12-18,San Mateo,081,765935,177839,175963,10799,186762,748
2022-12-18,Santa Barbara,083,443738,109289,108635,7297,115932,743
2022-12-18,Santa Clara,085,1922200,460225,456121,20247,476368,2566
2022-12-18,Santa Cruz,087,273765,66698,66157,3709,69866,275
2022-12-18,Shasta,089,179085,36031,35797,8107,43904,599
2022-12-18,Sierra,091,2930,310,309,61,370,5
2022-12-18,Siskiyou,093,43540,5342,5325,3405,8730,94
2022-12-18,Solano,095,438530,110288,109297,8309,117606,472
2022-12-18,Sonoma,097,501317,110850,110159,5557,115716,533
2022-12-18,Stanislaus,099,539301,142092,141472,22370,163842,1796
2022-12-18,Sutter,101,95872,25123,25020,2503,27523,235
2022-12-18,Tehama,103,63373,14220,14104,3326,17430,218
2022-12-18,Trinity,105,12862,1448,1434,474,1908,23
2022-12-18,Tulare,107,460477,125348,124442,38579,163021,1546
2022-12-18,Tuolumne,109,53932,16377,16161,963,17124,209
2022-12-18,Ventura,111,848112,215937,214659,17074,231733,1597
2022-12-18,Yolo,113,214977,49072,48765,4697,53462,416
2022-12-18,Yuba,115,75493,19561,19482,1797,21279,132
2022-12-17,Alameda,001,1643700,366769,363758,21305,385063,2082
2022-12-17,Alpine,002,1148,139,139,2,141,0
2022-12-17,Amador,005,37829,10282,10236,955,11191,96
2022-12-17,Butte,007,227075,40961,40800,9788,50588,471
2022-12-17,Calaveras,009,45235,8810,8758,611,9369,135
2022-12-17,Colusa,011,21464,3895,3882,1319,5201,22
2022-12-17,Contra Costa,013,1133247,263881,261280,21763,283043,1491
2022-12-17,Del Norte,015,27424,7679,7586,417,8003,56
2022-12-17,El Dorado,017,186661,33747,33598,4448,38046,235
2022-12-17,Fresno,019,978130,288054,283068,33690,316758,2905
2022-12-17,Glenn,021,27897,5714,5690,1958,7648,58
2022-12-17,Humboldt,023,135768,22901,22679,5530,28209,161
2022-12-17,Imperial,025,180216,68506,68094,18200,86294,963
2022-12-17,Inyo,027,18085,4673,4649,1193,5842,60
2022-12-17,Kern,029,883053,225514,223971,68604,292575,2444
2022-12-17,Kings,031,150075,61496,61254,4351,65605,466
2022-12-17,Lake,033,64148,13314,13201,1242,14443,149
2022-12-17,Lassen,035,31185,10167,10142,1032,11174,66
2022-12-17,Los Angeles,037,10098052,3410059,3390335,202750,3593085,34114
2022-12-17,Madera,039,155013,45407,45131,8638,53769,377
2022-12-17,Marin,041,260295,47555,47184,5517,52701,315
2022-12-17,Mariposa,043,17540,3271,3202,355,3557,32
2022-12-17,Mendocino,045,87422,16518,16396,4683,21079,136
2022-12-17,Merced,047,269075,75090,74307,12460,86767,880
2022-12-17,Modoc,049,8938,928,918,360,1278,11
2022-12-17,Mono,051,14174,3263,3251,283,3534,8
2022-12-17,Monterey,053,433212,96396,95970,22332,118302,776
2022-12-17,Napa,055,140530,33396,33212,1481,34693,162
2022-12-17,Nevada,057,99092,19778,19663,2169,21832,132
2022-12-17,Orange,059,3164182,693117,687587,71482,759069,7596
2022-12-17,Placer,061,380077,78974,78475,10023,88498,666
2022-12-17,Plumas,063,18699,3777,3769,453,4222,13
2022-12-17,Riverside,065,2383286,718725,714426,38676,753102,6694
2022-12-17,Sacramento,067,1510023,361822,359420,36553,395973,3395
2022-12-17,San Benito,069,59416,17181,17018,1058,18076,108
2022-12-17,San Bernardino,071,2135413,695240,690423,32823,723246,8136
2022-12-17,San Diego,073,3302833,957743,953029,76781,1029810,5608
2022-12-17,San Francisco,075,870044,189290,187665,12816,200481,1087
2022-12-17,San Joaquin,077,732212,204963,203845,16240,220085,2353
2022-12-17,San Luis Obispo,079,281455,64974,64540,7640,72180,533
2022-12-17,San Mateo,081,765935,177744,175963,10789,186752,748
2022-12-17,Santa Barbara,083,443738,109245,108635,7283,115918,743
2022-12-17,Santa Clara,085,1922200,459984,456121,20223,476344,2566
2022-12-17,Santa Cruz,087,273765,66682,66157,3707,69864,275
2022-12-17,Shasta,089,179085,36021,35797,8107,43904,599
2022-12-17,Sierra,091,2930,310,309,61,370,5
2022-12-17,Siskiyou,093,43540,5342,5325,3405,8730,94
2022-12-17,Solano,095,438530,110250,109297,8305,117602,472
2022-12-17,Sonoma,097,501317,110794,110159,5548,115707,533
2022-12-17,Stanislaus,099,539301,142042,141472,22362,163834,1796
2022-12-17,Sutter,101,95872,25116,25020,2502,27522,235
2022-12-17,Tehama,103,63373,14216,14104,3323,17427,218
2022-12-17,Trinity,105,12862,1448,1434,473,1907,23
2022-12-17,Tulare,107,460477,125295,124442,38550,162992,1546
2022-12-17,Tuolumne,109,53932,16370,16161,962,17123,209
2022-12-17,Ventura,111,848112,215841,214659,17045,231704,1597
2022-12-17,Yolo,113,214977,49049,48765,4692,53457,416
2022-12-17,Yuba,115,75493,19554,19482,1797,21279,132
2022-12-16,Alameda,001,1643700,366532,363758,21282,385040,2082
2022-12-16,Alpine,002,1148,139,139,2,141,0
2022-12-16,Amador,005,37829,10276,10236,955,11191,96
2022-12-16,Butte,007,227075,40953,40800,9779,50579,471
2022-12-16,Calaveras,009,45235,8806,8758,610,9368,135
2022-12-16,Colusa,011,21464,3894,3882,1319,5201,22
2022-12-16,Contra Costa,013,1133247,263692,261280,21748,283028,1491
2022-12-16,Del Norte,015,27424,7675,7586,417,8003,56
2022-12-16,El Dorado,017,186661,33725,33598,4448,38046,235
2022-12-16,Fresno,019,978130,287919,283068,33666,316734,2905
2022-12-16,Glenn,021,27897,5713,5690,1956,7646,58
2022-12-16,Humboldt,023,135768,22889,22679,5524,28203,161
2022-12-16,Imperial,025,180216,68498,68094,18189,86283,963
2022-12-16,Inyo,027,18085,4671,4649,1189,5838,60
2022-12-16,Kern,029,883053,225420,223971,68541,292512,2444
2022-12-16,Kings,031,150075,61473,61254,4350,65604,466
2022-12-16,Lake,033,64148,13304,13201,1241,14442,149
2022-12-16,Lassen,035,31185,10164,10142,1032,11174,66
2022-12-16,Los Angeles,037,10098052,3408590,3390335,202433,3592768,34114
2022-12-16,Madera,039,155013,45386,45131,8634,53765,377
2022-12-16,Marin,041,260295,47515,47184,5516,52700,315
2022-12-16,Mariposa,043,17540,3267,3202,355,3557,32
2022-12-16,Mendocino,045,87422,16503,16396,4683,21079,136
2022-12-16,Merced,047,269075,75071,74307,12453,86760,880
2022-12-16,Modoc,049,8938,928,918,360,1278,11
2022-12-16,Mono,051,14174,3260,3251,283,3534,8
2022-12-16,Monterey,053,433212,96373,95970,22322,118292,776
2022-12-16,Napa,055,140530,33372,33212,1481,34693,162
2022-12-16,Nevada,057,99092,19775,19663,2166,21829,132
2022-12-16,Orange,059,3164182,692801,687587,71327,758914,7596
2022-12-16,Placer,061,380077,78939,78475,10019,88494,666
2022-12-16,Plumas,063,18699,3776,3769,453,4222,13
2022-12-16,Riverside,065,2383286,718392,714426,38623,753049,6694
2022-12-16,Sacramento,067,1510023,361660,359420,36536,395956,3395
2022-12-16,San Benito,069,59416,17169,17018,1057,18075,108
2022-12-16,San Bernardino,071,2135413,694931,690423,32784,723207,8136
2022-12-16,San Diego,073,3302833,957286,953029,76735,1029764,5608
2022-12-16,San Francisco,075,870044,189173,187665,12797,200462,1087
2022-12-16,San Joaquin,077,732212,204881,203845,16227,220072,2353
2022-12-16,San Luis Obispo,079,281455,64962,64540,7636,72176,533
2022-12-16,San Mateo,081,765935,177658,175963,10778,186741,748
2022-12-16,Santa Barbara,083,443738,109198,108635,7282,115917,743
2022-12-16,Santa Clara,085,1922200,459704,456121,20202,476323,2566
2022-12-16,Santa Cruz,087,273765,66656,66157,3704,69861,275
2022-12-16,Shasta,089,179085,36014,35797,8103,43900,599
2022-12-16,Sierra,091,2930,310,309,61,370,5
2022-12-16,Siskiyou,093,43540,5340,5325,3405,8730,94
2022-12-16,Solano,095,438530,110184,109297,8298,117595,472
2022-12-16,Sonoma,097,501317,110732,110159,5544,115703,533
2022-12-16,Stanislaus,099,539301,142001,141472,22361,163833,1796
2022-12-16,Sutter,101,95872,25102,25020,2502,27522,235
2022-12-16,Tehama,103,63373,14207,14104,3322,17426,218
2022-12-16,Trinity,105,12862,1448,1434,473,1907,23
2022-12-16,Tulare,107,460477,125244,124442,38521,162963,1546
2022-12-16,Tuolumne,109,53932,16357,16161,962,17123,209
2022-12-16,Ventura,111,848112,215756,214659,17026,231685,1597
2022-12-16,Yolo,113,214977,49029,48765,4690,53455,416
2022-12-16,Yuba,115,75493,19547,19482,1797,21279,132
2022-12-15,Alameda,001,1643700,366200,363758,21235,384993,2082
2022-12-15,Alpine,002,1148,139,139,2,141,0
2022-12-15,Amador,005,37829,10267,10236,955,11191,96
2022-12-15,Butte,007,227075,40934,40800,9760,50560,471
2022-12-15,Calaveras,009,45235,8803,8758,608,9366,135
2022-12-15,Colusa,011,21464,3892,3882,1319,5201,22
2022-12-15,Contra Costa,013,1133247,263445,261280,21732,283012,1491
2022-12-15,Del Norte,015,27424,7669,7586,417,8003,56
2022-12-15,El Dorado,017,186661,33704,33598,4442,38040,235
2022-12-15,Fresno,019,978130,287764,283068,33619,316687,2905
2022-12-15,Glenn,021,27897,5710,5690,1954,7644,58
2022-12-15,Humboldt,023,135768,22878,22679,5517,28196,161
2022-12-15,Imperial,025,180216,68463,68094,18160,86254,963
2022-12-15,Inyo,027,18085,4670,4649,1187,5836,60
2022-12-15,Kern,029,883053,225272,223971,68430,292401,2444
2022-12-15,Kings,031,150075,61453,61254,4345,65599,466
2022-12-15,Lake,033,64148,13297,13201,1241,14442,149
2022-12-15,Lassen,035,31185,10162,10142,1030,11172,66
2022-12-15,Los Angeles,037,10098052,3406571,3390335,202054,3592389,34114
2022-12-15,Madera,039,155013,45363,45131,8621,53752,377
2022-12-15,Marin,041,260295,47470,47184,5516,52700,315
2022-12-15,Mariposa,043,17540,3264,3202,354,3556,32
2022-12-15,Mendocino,045,87422,16494,16396,4681,21077,136
2022-12-15,Merced,047,269075,75038,74307,12452,86759,880
2022-12-15,Modoc,049,8938,928,918,360,1278,11
2022-12-15,Mono,051,14174,3259,3251,281,3532,8
2022-12-15,Monterey,053,433212,96342,95970,22297,118267,776
2022-12-15,Napa,055,140530,33344,33212,1479,34691,162
2022-12-15,Nevada,057,99092,19769,19663,2155,21818,132
2022-12-15,Orange,059,3164182,692345,687587,71185,758772,7596
2022-12-15,Placer,061,380077,78887,78475,10007,88482,666
2022-12-15,Plumas,063,18699,3775,3769,453,4222,13
2022-12-15,Riverside,065,2383286,717957,714426,38554,752980,6694
2022-12-15,Sacramento,067,1510023,361384,359420,36504,395924,3395
2022-12-15,San Benito,069,59416,17159,17018,1056,18074,108
2022-12-15,San Bernardino,071,2135413,694520,690423,32737,723160,8136
2022-12-15,San Diego,073,3302833,956601,953029,76632,1029661,5608
2022-12-15,San Francisco,075,870044,188984,187665,12783,200448,1087
2022-12-15,San Joaquin,077,732212,204755,203845,16201,220046,2353
2022-12-15,San Luis Obispo,079,281455,64917,64540,7617,72157,533
2022-12-15,San Mateo,081,765935,177523,175963,10765,186728,748
2022-12-15,Santa Barbara,083,443738,109138,108635,7275,115910,743
2022-12-15,Santa Clara,085,1922200,459291,456121,20186,476307,2566
2022-12-15,Santa Cruz,087,273765,66629,66157,3697,69854,275
2022-12-15,Shasta,089,179085,35996,35797,8093,43890,599
2022-12-15,Sierra,091,2930,310,309,61,370,5
2022-12-15,Siskiyou,093,43540,5338,5325,3403,8728,94
2022-12-15,Solano,095,438530,110097,109297,8291,117588,472
2022-12-15,Sonoma,097,501317,110681,110159,5534,115693,533
2022-12-15,Stanislaus,099,539301,141934,141472,22355,163827,1796
2022-12-15,Sutter,101,95872,25093,25020,2502,27522,235
2022-12-15,Tehama,103,63373,14198,14104,3319,17423,218
2022-12-15,Trinity,105,12862,1448,1434,472,1906,23
2022-12-15,Tulare,107,460477,125194,124442,38475,162917,1546
2022-12-15,Tuolumne,109,53932,16346,16161,960,17121,209
2022-12-15,Ventura,111,848112,215613,214659,17002,231661,1597
2022-12-15,Yolo,113,214977,49001,48765,4688,53453,416
2022-12-15,Yuba,115,75493,19536,19482,1796,21278,132
2022-12-14,Alameda,001,1643700,365864,363758,21193,384951,2082
2022-12-14,Alpine,002,1148,139,139,2,141,0
2022-12-14,Amador,005,37829,10265,10236,954,11190,96
2022-12-14,Butte,007,227075,40920,40800,9740,50540,471
2022-12-14,Calaveras,009,45235,8797,8758,608,9366,135
2022-12-14,Colusa,011,21464,3888,3882,1319,5201,22
2022-12-14,Contra Costa,013,1133247,263232,261280,21707,282987,1491
2022-12-14,Del Norte,015,27424,7664,7586,415,8001,56
2022-12-14,El Dorado,017,186661,33686,33598,4440,38038,235
2022-12-14,Fresno,019,978130,287578,283068,33580,316648,2905
2022-12-14,Glenn,021,27897,5707,5690,1954,7644,58
2022-12-14,Humboldt,023,135768,22858,22679,5510,28189,161
2022-12-14,Imperial,025,180216,68413,68094,18118,86212,963
2022-12-14,Inyo,027,18085,4668,4649,1182,5831,60
2022-12-14,Kern,029,883053,225097,223971,68337,292308,2444
2022-12-14,Kings,031,150075,61417,61254,4342,65596,466
2022-12-14,Lake,033,64148,13286,13201,1239,14440,149
2022-12-14,Lassen,035,31185,10161,10142,1030,11172,66
2022-12-14,Los Angeles,037,10098052,3404207,3390335,201584,3591919,34114
2022-12-14,Madera,039,155013,45335,45131,8615,53746,377
2022-12-14,Marin,041,260295,47432,47184,5513,52697,315
2022-12-14,Mariposa,043,17540,3260,3202,354,3556,32
2022-12-14,Mendocino,045,87422,16488,16396,4680,21076,136
2022-12-14,Merced,047,269075,74999,74307,12435,86742,880
2022-12-14,Modoc,049,8938,928,918,360,1278,11
2022-12-14,Mono,051,14174,3259,3251,280,3531,8
2022-12-14,Monterey,053,433212,96315,95970,22262,118232,776
2022-12-14,Napa,055,140530,33326,33212,1478,34690,162
2022-12-14,Nevada,057,99092,19759,19663,2152,21815,132
2022-12-14,Orange,059,3164182,691846,687587,71028,758615,7596
2022-12-14,Placer,061,380077,78824,78475,10001,88476,666
2022-12-14,Plumas,063,18699,3775,3769,452,4221,13
2022-12-14,Riverside,065,2383286,717532,714426,38482,752908,6694
2022-12-14,Sacramento,067,1510023,361133,359420,36467,395887,3395
2022-12-14,San Benito,069,59416,17147,17018,1055,18073,108
2022-12-14,San Bernardino,071,2135413,694038,690423,32684,723107,8136
2022-12-14,San Diego,073,3302833,955833,953029,76515,1029544,5608
2022-12-14,San Francisco,075,870044,188831,187665,12779,200444,1087
2022-12-14,San Joaquin,077,732212,204607,203845,16187,220032,2353
2022-12-14,San Luis Obispo,079,281455,64882,64540,7593,72133,533
2022-12-14,San Mateo,081,765935,177372,175963,10755,186718,748
2022-12-14,Santa Barbara,083,443738,109058,108635,7266,115901,743
2022-12-14,Santa Clara,085,1922200,458898,456121,20164,476285,2566
2022-12-14,Santa Cruz,087,273765,66597,66157,3694,69851,275
2022-12-14,Shasta,089,179085,35967,35797,8084,43881,599
2022-12-14,Sierra,091,2930,310,309,61,370,5
2022-12-14,Siskiyou,093,43540,5337,5325,3402,8727,94
2022-12-14,Solano,095,438530,110009,109297,8280,117577,472
2022-12-14,Sonoma,097,501317,110622,110159,5524,115683,533
2022-12-14,Stanislaus,099,539301,141854,141472,22334,163806,1796
2022-12-14,Sutter,101,95872,25085,25020,2502,27522,235
2022-12-14,Tehama,103,63373,14186,14104,3316,17420,218
2022-12-14,Trinity,105,12862,1448,1434,467,1901,23
2022-12-14,Tulare,107,460477,125130,124442,38428,162870,1546
2022-12-14,Tuolumne,109,53932,16328,16161,959,17120,209
2022-12-14,Ventura,111,848112,215459,214659,16983,231642,1597
2022-12-14,Yolo,113,214977,48975,48765,4677,53442,416
2022-12-14,Yuba,115,75493,19523,19482,1795,21277,132
2022-12-13,Alameda,001,1643700,365471,363758,21150,384908,2082
2022-12-13,Alpine,002,1148,139,139,2,141,0
2022-12-13,Amador,005,37829,10261,10236,954,11190,96
2022-12-13,Butte,007,227075,40890,40800,9727,50527,471
2022-12-13,Calaveras,009,45235,8794,8758,608,9366,135
2022-12-13,Colusa,011,21464,3885,3882,1319,5201,22
2022-12-13,Contra Costa,013,1133247,262959,261280,21685,282965,1491
2022-12-13,Del Norte,015,27424,7659,7586,415,8001,56
2022-12-13,El Dorado,017,186661,33652,33598,4436,38034,235
2022-12-13,Fresno,019,978130,287403,283068,33548,316616,2905
2022-12-13,Glenn,021,27897,5705,5690,1953,7643,58
2022-12-13,Humboldt,023,135768,22834,22679,5504,28183,161
2022-12-13,Imperial,025,180216,68369,68094,18069,86163,963
2022-12-13,Inyo,027,18085,4666,4649,1178,5827,60
2022-12-13,Kern,029,883053,224967,223971,68217,292188,2444
2022-12-13,Kings,031,150075,61376,61254,4335,65589,466
2022-12-13,Lake,033,64148,13273,13201,1239,14440,149
2022-12-13,Lassen,035,31185,10161,10142,1030,11172,66
2022-12-13,Los Angeles,037,10098052,3401641,3390335,201140,3591475,34114
2022-12-13,Madera,039,155013,45305,45131,8601,53732,377
2022-12-13,Marin,041,260295,47392,47184,5510,52694,315
2022-12-13,Mariposa,043,17540,3255,3202,354,3556,32
2022-12-13,Mendocino,045,87422,16483,16396,4671,21067,136
2022-12-13,Merced,047,269075,74948,74307,12429,86736,880
2022-12-13,Modoc,049,8938,926,918,358,1276,11
2022-12-13,Mono,051,14174,3258,3251,280,3531,8
2022-12-13,Monterey,053,433212,96270,95970,22239,118209,776
2022-12-13,Napa,055,140530,33308,33212,1478,34690,162
2022-12-13,Nevada,057,99092,19751,19663,2138,21801,132
2022-12-13,Orange,059,3164182,691300,687587,70894,758481,7596
2022-12-13,Placer,061,380077,78751,78475,9992,88467,666
2022-12-13,Plumas,063,18699,3772,3769,452,4221,13
2022-12-13,Riverside,065,2383286,717012,714426,38419,752845,6694
2022-12-13,Sacramento,067,1510023,360824,359420,36424,395844,3395
2022-12-13,San Benito,069,59416,17129,17018,1053,18071,108
2022-12-13,San Bernardino,071,2135413,693517,690423,32646,723069,8136
2022-12-13,San Diego,073,3302833,955072,953029,76406,1029435,5608
2022-12-13,San Francisco,075,870044,188636,187665,12773,200438,1087
2022-12-13,San Joaquin,077,732212,204454,203845,16154,219999,2353
2022-12-13,San Luis Obispo,079,281455,64832,64540,7578,72118,533
2022-12-13,San Mateo,081,765935,177239,175963,10746,186709,748
2022-12-13,Santa Barbara,083,443738,108978,108635,7258,115893,743
2022-12-13,Santa Clara,085,1922200,458450,456121,20138,476259,2566
2022-12-13,Santa Cruz,087,273765,66561,66157,3689,69846,275
2022-12-13,Shasta,089,179085,35951,35797,8072,43869,599
2022-12-13,Sierra,091,2930,310,309,61,370,5
2022-12-13,Siskiyou,093,43540,5337,5325,3399,8724,94
2022-12-13,Solano,095,438530,109908,109297,8275,117572,472
2022-12-13,Sonoma,097,501317,110560,110159,5517,115676,533
2022-12-13,Stanislaus,099,539301,141786,141472,22314,163786,1796
2022-12-13,Sutter,101,95872,25070,25020,2501,27521,235
2022-12-13,Tehama,103,63373,14173,14104,3312,17416,218
2022-12-13,Trinity,105,12862,1448,1434,464,1898,23
2022-12-13,Tulare,107,460477,125070,124442,38378,162820,1546
2022-12-13,Tuolumne,109,53932,16316,16161,959,17120,209
2022-12-13,Ventura,111,848112,215324,214659,16948,231607,1597
2022-12-13,Yolo,113,214977,48952,48765,4670,53435,416
2022-12-13,Yuba,115,75493,19515,19482,1793,21275,132
2022-12-12,Alameda,001,1643700,365059,360943,21105,382048,2081
2022-12-12,Alpine,002,1148,139,139,2,141,0
2022-12-12,Amador,005,37829,10253,10196,952,11148,96
2022-12-12,Butte,007,227075,40868,40598,9716,50314,470
2022-12-12,Calaveras,009,45235,8790,8727,606,9333,135
2022-12-12,Colusa,011,21464,3884,3869,1319,5188,22
2022-12-12,Contra Costa,013,1133247,262673,259434,21657,281091,1487
2022-12-12,Del Norte,015,27424,7652,7563,414,7977,56
2022-12-12,El Dorado,017,186661,33627,33447,4432,37879,235
2022-12-12,Fresno,019,978130,287187,281598,33496,315094,2899
2022-12-12,Glenn,021,27897,5697,5668,1953,7621,58
2022-12-12,Humboldt,023,135768,22818,22566,5497,28063,161
2022-12-12,Imperial,025,180216,68311,67632,18026,85658,962
2022-12-12,Inyo,027,18085,4664,4627,1171,5798,60
2022-12-12,Kern,029,883053,224799,222985,68104,291089,2437
2022-12-12,Kings,031,150075,61329,60965,4332,65297,464
2022-12-12,Lake,033,64148,13265,13140,1238,14378,149
2022-12-12,Lassen,035,31185,10161,10128,1029,11157,66
2022-12-12,Los Angeles,037,10098052,3398862,3370904,200699,3571603,34009
2022-12-12,Madera,039,155013,45273,44902,8594,53496,379
2022-12-12,Marin,041,260295,47351,46842,5504,52346,315
2022-12-12,Mariposa,043,17540,3248,3190,354,3544,32
2022-12-12,Mendocino,045,87422,16471,16350,4669,21019,136
2022-12-12,Merced,047,269075,74891,73999,12414,86413,877
2022-12-12,Modoc,049,8938,920,908,354,1262,11
2022-12-12,Mono,051,14174,3258,3238,280,3518,8
2022-12-12,Monterey,053,433212,96237,95709,22211,117920,776
2022-12-12,Napa,055,140530,33277,33043,1477,34520,164
2022-12-12,Nevada,057,99092,19735,19565,2133,21698,132
2022-12-12,Orange,059,3164182,690720,684112,70739,754851,7576
2022-12-12,Placer,061,380077,78720,78117,9980,88097,665
2022-12-12,Plumas,063,18699,3772,3762,452,4214,13
2022-12-12,Riverside,065,2383286,716503,710833,38333,749166,6697
2022-12-12,Sacramento,067,1510023,360531,357413,36373,393786,3382
2022-12-12,San Benito,069,59416,17099,16829,1049,17878,108
2022-12-12,San Bernardino,071,2135413,692934,686731,32595,719326,8135
2022-12-12,San Diego,073,3302833,954195,948180,76284,1024464,5584
2022-12-12,San Francisco,075,870044,188436,186203,12765,198968,1081
2022-12-12,San Joaquin,077,732212,204345,202515,16127,218642,2354
2022-12-12,San Luis Obispo,079,281455,64798,64350,7562,71912,533
2022-12-12,San Mateo,081,765935,177074,174791,10740,185531,749
2022-12-12,Santa Barbara,083,443738,108920,108151,7249,115400,739
2022-12-12,Santa Clara,085,1922200,457912,448654,20108,468762,2565
2022-12-12,Santa Cruz,087,273765,66473,65656,3685,69341,275
2022-12-12,Shasta,089,179085,35933,35666,8061,43727,598
2022-12-12,Sierra,091,2930,310,308,61,369,5
2022-12-12,Siskiyou,093,43540,5332,5442,3396,8838,95
2022-12-12,Solano,095,438530,109792,108649,8264,116913,473
2022-12-12,Sonoma,097,501317,110452,109622,5508,115130,531
2022-12-12,Stanislaus,099,539301,141709,140827,22304,163131,1785
2022-12-12,Sutter,101,95872,25054,24906,2501,27407,234
2022-12-12,Tehama,103,63373,14164,14004,3306,17310,218
2022-12-12,Trinity,105,12862,1446,1431,463,1894,23
2022-12-12,Tulare,107,460477,124994,123976,38329,162305,1546
2022-12-12,Tuolumne,109,53932,16302,16054,959,17013,208
2022-12-12,Ventura,111,848112,215182,213720,16925,230645,1598
2022-12-12,Yolo,113,214977,48927,48547,4655,53202,416
2022-12-12,Yuba,115,75493,19503,19399,1788,21187,132
2022-12-11,Alameda,001,1643700,364625,360943,21060,382003,2081
2022-12-11,Alpine,002,1148,139,139,2,141,0
2022-12-11,Amador,005,37829,10251,10196,951,11147,96
2022-12-11,Butte,007,227075,40840,40598,9710,50308,470
2022-12-11,Calaveras,009,45235,8780,8727,603,9330,135
2022-12-11,Colusa,011,21464,3883,3869,1319,5188,22
2022-12-11,Contra Costa,013,1133247,262320,259434,21621,281055,1487
2022-12-11,Del Norte,015,27424,7644,7563,413,7976,56
2022-12-11,El Dorado,017,186661,33604,33447,4429,37876,235
2022-12-11,Fresno,019,978130,286937,281598,33436,315034,2899
2022-12-11,Glenn,021,27897,5695,5668,1948,7616,58
2022-12-11,Humboldt,023,135768,22804,22566,5482,28048,161
2022-12-11,Imperial,025,180216,68236,67632,17932,85564,962
2022-12-11,Inyo,027,18085,4663,4627,1165,5792,60
2022-12-11,Kern,029,883053,224583,222985,67984,290969,2437
2022-12-11,Kings,031,150075,61297,60965,4326,65291,464
2022-12-11,Lake,033,64148,13258,13140,1238,14378,149
2022-12-11,Lassen,035,31185,10158,10128,1027,11155,66
2022-12-11,Los Angeles,037,10098052,3395653,3370904,200138,3571042,34009
2022-12-11,Madera,039,155013,45231,44902,8584,53486,379
2022-12-11,Marin,041,260295,47289,46842,5500,52342,315
2022-12-11,Mariposa,043,17540,3247,3190,353,3543,32
2022-12-11,Mendocino,045,87422,16460,16350,4660,21010,136
2022-12-11,Merced,047,269075,74826,73999,12387,86386,877
2022-12-11,Modoc,049,8938,920,908,354,1262,11
2022-12-11,Mono,051,14174,3257,3238,279,3517,8
2022-12-11,Monterey,053,433212,96175,95709,22187,117896,776
2022-12-11,Napa,055,140530,33238,33043,1472,34515,164
2022-12-11,Nevada,057,99092,19719,19565,2125,21690,132
2022-12-11,Orange,059,3164182,690064,684112,70540,754652,7576
2022-12-11,Placer,061,380077,78664,78117,9969,88086,665
2022-12-11,Plumas,063,18699,3770,3762,452,4214,13
2022-12-11,Riverside,065,2383286,715941,710833,38211,749044,6697
2022-12-11,Sacramento,067,1510023,360192,357413,36305,393718,3382
2022-12-11,San Benito,069,59416,17089,16829,1049,17878,108
2022-12-11,San Bernardino,071,2135413,692283,686731,32544,719275,8135
2022-12-11,San Diego,073,3302833,953315,948180,76110,1024290,5584
2022-12-11,San Francisco,075,870044,188162,186203,12743,198946,1081
2022-12-11,San Joaquin,077,732212,204153,202515,16094,218609,2354
2022-12-11,San Luis Obispo,079,281455,64740,64350,7541,71891,533
2022-12-11,San Mateo,081,765935,176874,174791,10729,185520,749
2022-12-11,Santa Barbara,083,443738,108809,108151,7223,115374,739
2022-12-11,Santa Clara,085,1922200,457288,448654,20061,468715,2565
2022-12-11,Santa Cruz,087,273765,66355,65656,3682,69338,275
2022-12-11,Shasta,089,179085,35916,35666,8040,43706,598
2022-12-11,Sierra,091,2930,310,308,61,369,5
2022-12-11,Siskiyou,093,43540,5328,5442,3393,8835,95
2022-12-11,Solano,095,438530,109662,108649,8258,116907,473
2022-12-11,Sonoma,097,501317,110323,109622,5498,115120,531
2022-12-11,Stanislaus,099,539301,141600,140827,22282,163109,1785
2022-12-11,Sutter,101,95872,25037,24906,2500,27406,234
2022-12-11,Tehama,103,63373,14150,14004,3298,17302,218
2022-12-11,Trinity,105,12862,1445,1431,462,1893,23
2022-12-11,Tulare,107,460477,124893,123976,38282,162258,1546
2022-12-11,Tuolumne,109,53932,16286,16054,958,17012,208
2022-12-11,Ventura,111,848112,215018,213720,16884,230604,1598
2022-12-11,Yolo,113,214977,48902,48547,4645,53192,416
2022-12-11,Yuba,115,75493,19485,19399,1784,21183,132
2022-12-10,Alameda,001,1643700,364377,360943,21027,381970,2081
2022-12-10,Alpine,002,1148,139,139,2,141,0
2022-12-10,Amador,005,37829,10247,10196,951,11147,96
2022-12-10,Butte,007,227075,40826,40598,9702,50300,470
2022-12-10,Calaveras,009,45235,8775,8727,601,9328,135
2022-12-10,Colusa,011,21464,3882,3869,1319,5188,22
2022-12-10,Contra Costa,013,1133247,262145,259434,21612,281046,1487
2022-12-10,Del Norte,015,27424,7639,7563,413,7976,56
2022-12-10,El Dorado,017,186661,33589,33447,4429,37876,235
2022-12-10,Fresno,019,978130,286825,281598,33423,315021,2899
2022-12-10,Glenn,021,27897,5694,5668,1947,7615,58
2022-12-10,Humboldt,023,135768,22787,22566,5474,28040,161
2022-12-10,Imperial,025,180216,68216,67632,17925,85557,962
2022-12-10,Inyo,027,18085,4659,4627,1161,5788,60
2022-12-10,Kern,029,883053,224490,222985,67911,290896,2437
2022-12-10,Kings,031,150075,61286,60965,4326,65291,464
2022-12-10,Lake,033,64148,13253,13140,1238,14378,149
2022-12-10,Lassen,035,31185,10157,10128,1027,11155,66
2022-12-10,Los Angeles,037,10098052,3394206,3370904,199874,3570778,34009
2022-12-10,Madera,039,155013,45218,44902,8581,53483,379
2022-12-10,Marin,041,260295,47258,46842,5496,52338,315
2022-12-10,Mariposa,043,17540,3247,3190,353,3543,32
2022-12-10,Mendocino,045,87422,16455,16350,4659,21009,136
2022-12-10,Merced,047,269075,74801,73999,12380,86379,877
2022-12-10,Modoc,049,8938,920,908,354,1262,11
2022-12-10,Mono,051,14174,3256,3238,279,3517,8
2022-12-10,Monterey,053,433212,96143,95709,22173,117882,776
2022-12-10,Napa,055,140530,33225,33043,1472,34515,164
2022-12-10,Nevada,057,99092,19713,19565,2123,21688,132
2022-12-10,Orange,059,3164182,689776,684112,70429,754541,7576
2022-12-10,Placer,061,380077,78622,78117,9964,88081,665
2022-12-10,Plumas,063,18699,3768,3762,452,4214,13
2022-12-10,Riverside,065,2383286,715619,710833,38158,748991,6697
2022-12-10,Sacramento,067,1510023,360047,357413,36290,393703,3382
2022-12-10,San Benito,069,59416,17071,16829,1047,17876,108
2022-12-10,San Bernardino,071,2135413,691959,686731,32517,719248,8135
2022-12-10,San Diego,073,3302833,952949,948180,76060,1024240,5584
2022-12-10,San Francisco,075,870044,188012,186203,12739,198942,1081
2022-12-10,San Joaquin,077,732212,204068,202515,16074,218589,2354
2022-12-10,San Luis Obispo,079,281455,64720,64350,7535,71885,533
2022-12-10,San Mateo,081,765935,176763,174791,10722,185513,749
2022-12-10,Santa Barbara,083,443738,108759,108151,7213,115364,739
2022-12-10,Santa Clara,085,1922200,456987,448654,20046,468700,2565
2022-12-10,Santa Cruz,087,273765,66321,65656,3678,69334,275
2022-12-10,Shasta,089,179085,35906,35666,8037,43703,598
2022-12-10,Sierra,091,2930,310,308,61,369,5
2022-12-10,Siskiyou,093,43540,5327,5442,3393,8835,95
2022-12-10,Solano,095,438530,109637,108649,8252,116901,473
2022-12-10,Sonoma,097,501317,110282,109622,5498,115120,531
2022-12-10,Stanislaus,099,539301,141544,140827,22268,163095,1785
2022-12-10,Sutter,101,95872,25027,24906,2500,27406,234
2022-12-10,Tehama,103,63373,14145,14004,3297,17301,218
2022-12-10,Trinity,105,12862,1444,1431,462,1893,23
2022-12-10,Tulare,107,460477,124848,123976,38258,162234,1546
2022-12-10,Tuolumne,109,53932,16247,16054,957,17011,208
2022-12-10,Ventura,111,848112,214936,213720,16864,230584,1598
2022-12-10,Yolo,113,214977,48879,48547,4635,53182,416
2022-12-10,Yuba,115,75493,19478,19399,1779,21178,132
2022-12-09,Alameda,001,1643700,364098,360943,20999,381942,2081
2022-12-09,Alpine,002,1148,139,139,2,141,0
2022-12-09,Amador,005,37829,10243,10196,950,11146,96
2022-12-09,Butte,007,227075,40811,40598,9692,50290,470
2022-12-09,Calaveras,009,45235,8770,8727,599,9326,135
2022-12-09,Colusa,011,21464,3878,3869,1319,5188,22
2022-12-09,Contra Costa,013,1133247,261992,259434,21600,281034,1487
2022-12-09,Del Norte,015,27424,7635,7563,413,7976,56
2022-12-09,El Dorado,017,186661,33575,33447,4427,37874,235
2022-12-09,Fresno,019,978130,286681,281598,33371,314969,2899
2022-12-09,Glenn,021,27897,5693,5668,1946,7614,58
2022-12-09,Humboldt,023,135768,22779,22566,5470,28036,161
2022-12-09,Imperial,025,180216,68182,67632,17920,85552,962
2022-12-09,Inyo,027,18085,4658,4627,1159,5786,60
2022-12-09,Kern,029,883053,224394,222985,67848,290833,2437
2022-12-09,Kings,031,150075,61262,60965,4326,65291,464
2022-12-09,Lake,033,64148,13248,13140,1238,14378,149
2022-12-09,Lassen,035,31185,10156,10128,1027,11155,66
2022-12-09,Los Angeles,037,10098052,3392491,3370904,199553,3570457,34009
2022-12-09,Madera,039,155013,45196,44902,8573,53475,379
2022-12-09,Marin,041,260295,47236,46842,5490,52332,315
2022-12-09,Mariposa,043,17540,3246,3190,353,3543,32
2022-12-09,Mendocino,045,87422,16448,16350,4659,21009,136
2022-12-09,Merced,047,269075,74761,73999,12374,86373,877
2022-12-09,Modoc,049,8938,920,908,354,1262,11
2022-12-09,Mono,051,14174,3255,3238,279,3517,8
2022-12-09,Monterey,053,433212,96117,95709,22167,117876,776
2022-12-09,Napa,055,140530,33212,33043,1471,34514,164
2022-12-09,Nevada,057,99092,19706,19565,2120,21685,132
2022-12-09,Orange,059,3164182,689423,684112,70309,754421,7576
2022-12-09,Placer,061,380077,78597,78117,9960,88077,665
2022-12-09,Plumas,063,18699,3767,3762,452,4214,13
2022-12-09,Riverside,065,2383286,715305,710833,38100,748933,6697
2022-12-09,Sacramento,067,1510023,359838,357413,36280,393693,3382
2022-12-09,San Benito,069,59416,17062,16829,1046,17875,108
2022-12-09,San Bernardino,071,2135413,691632,686731,32480,719211,8135
2022-12-09,San Diego,073,3302833,952510,948180,76006,1024186,5584
2022-12-09,San Francisco,075,870044,187897,186203,12725,198928,1081
2022-12-09,San Joaquin,077,732212,203980,202515,16063,218578,2354
2022-12-09,San Luis Obispo,079,281455,64705,64350,7532,71882,533
2022-12-09,San Mateo,081,765935,176647,174791,10715,185506,749
2022-12-09,Santa Barbara,083,443738,108715,108151,7211,115362,739
2022-12-09,Santa Clara,085,1922200,456662,448654,20016,468670,2565
2022-12-09,Santa Cruz,087,273765,66249,65656,3678,69334,275
2022-12-09,Shasta,089,179085,35897,35666,8031,43697,598
2022-12-09,Sierra,091,2930,310,308,61,369,5
2022-12-09,Siskiyou,093,43540,5326,5442,3392,8834,95
2022-12-09,Solano,095,438530,109572,108649,8244,116893,473
2022-12-09,Sonoma,097,501317,110228,109622,5495,115117,531
2022-12-09,Stanislaus,099,539301,141470,140827,22256,163083,1785
2022-12-09,Sutter,101,95872,25017,24906,2500,27406,234
2022-12-09,Tehama,103,63373,14138,14004,3296,17300,218
2022-12-09,Trinity,105,12862,1444,1431,462,1893,23
2022-12-09,Tulare,107,460477,124804,123976,38223,162199,1546
2022-12-09,Tuolumne,109,53932,16231,16054,957,17011,208
2022-12-09,Ventura,111,848112,214849,213720,16845,230565,1598
2022-12-09,Yolo,113,214977,48865,48547,4625,53172,416
2022-12-09,Yuba,115,75493,19471,19399,1778,21177,132
2022-12-08,Alameda,001,1643700,363682,360943,20946,381889,2081
2022-12-08,Alpine,002,1148,139,139,2,141,0
2022-12-08,Amador,005,37829,10237,10196,950,11146,96
2022-12-08,Butte,007,227075,40784,40598,9673,50271,470
2022-12-08,Calaveras,009,45235,8766,8727,598,9325,135
2022-12-08,Colusa,011,21464,3874,3869,1319,5188,22
2022-12-08,Contra Costa,013,1133247,261756,259434,21583,281017,1487
2022-12-08,Del Norte,015,27424,7632,7563,413,7976,56
2022-12-08,El Dorado,017,186661,33550,33447,4426,37873,235
2022-12-08,Fresno,019,978130,286475,281598,33320,314918,2899
2022-12-08,Glenn,021,27897,5687,5668,1943,7611,58
2022-12-08,Humboldt,023,135768,22765,22566,5462,28028,161
2022-12-08,Imperial,025,180216,68108,67632,17883,85515,962
2022-12-08,Inyo,027,18085,4652,4627,1158,5785,60
2022-12-08,Kern,029,883053,224274,222985,67774,290759,2437
2022-12-08,Kings,031,150075,61223,60965,4325,65290,464
2022-12-08,Lake,033,64148,13234,13140,1238,14378,149
2022-12-08,Lassen,035,31185,10154,10128,1027,11155,66
2022-12-08,Los Angeles,037,10098052,3389977,3370904,199133,3570037,34009
2022-12-08,Madera,039,155013,45175,44902,8570,53472,379
2022-12-08,Marin,041,260295,47184,46842,5481,52323,315
2022-12-08,Mariposa,043,17540,3239,3190,353,3543,32
2022-12-08,Mendocino,045,87422,16442,16350,4658,21008,136
2022-12-08,Merced,047,269075,74734,73999,12362,86361,877
2022-12-08,Modoc,049,8938,920,908,354,1262,11
2022-12-08,Mono,051,14174,3254,3238,279,3517,8
2022-12-08,Monterey,053,433212,96089,95709,22139,117848,776
2022-12-08,Napa,055,140530,33180,33043,1470,34513,164
2022-12-08,Nevada,057,99092,19687,19565,2118,21683,132
2022-12-08,Orange,059,3164182,688951,684112,70164,754276,7576
2022-12-08,Placer,061,380077,78545,78117,9954,88071,665
2022-12-08,Plumas,063,18699,3767,3762,452,4214,13
2022-12-08,Riverside,065,2383286,714826,710833,38026,748859,6697
2022-12-08,Sacramento,067,1510023,359537,357413,36216,393629,3382
2022-12-08,San Benito,069,59416,17053,16829,1046,17875,108
2022-12-08,San Bernardino,071,2135413,691082,686731,32433,719164,8135
2022-12-08,San Diego,073,3302833,951867,948180,75888,1024068,5584
2022-12-08,San Francisco,075,870044,187689,186203,12702,198905,1081
2022-12-08,San Joaquin,077,732212,203848,202515,16041,218556,2354
2022-12-08,San Luis Obispo,079,281455,64673,64350,7517,71867,533
2022-12-08,San Mateo,081,765935,176485,174791,10709,185500,749
2022-12-08,Santa Barbara,083,443738,108643,108151,7208,115359,739
2022-12-08,Santa Clara,085,1922200,456162,448654,19986,468640,2565
2022-12-08,Santa Cruz,087,273765,66221,65656,3675,69331,275
2022-12-08,Shasta,089,179085,35884,35666,8027,43693,598
2022-12-08,Sierra,091,2930,310,308,61,369,5
2022-12-08,Siskiyou,093,43540,5323,5442,3391,8833,95
2022-12-08,Solano,095,438530,109466,108649,8239,116888,473
2022-12-08,Sonoma,097,501317,110148,109622,5491,115113,531
2022-12-08,Stanislaus,099,539301,141388,140827,22231,163058,1785
2022-12-08,Sutter,101,95872,24994,24906,2497,27403,234
2022-12-08,Tehama,103,63373,14126,14004,3293,17297,218
2022-12-08,Trinity,105,12862,1443,1431,460,1891,23
2022-12-08,Tulare,107,460477,124762,123976,38172,162148,1546
2022-12-08,Tuolumne,109,53932,16208,16054,957,17011,208
2022-12-08,Ventura,111,848112,214725,213720,16809,230529,1598
2022-12-08,Yolo,113,214977,48823,48547,4622,53169,416
2022-12-08,Yuba,115,75493,19460,19399,1775,21174,132
2022-12-07,Alameda,001,1643700,363295,360943,20895,381838,2081
2022-12-07,Alpine,002,1148,139,139,2,141,0
2022-12-07,Amador,005,37829,10234,10196,950,11146,96
2022-12-07,Butte,007,227075,40752,40598,9658,50256,470
2022-12-07,Calaveras,009,45235,8761,8727,597,9324,135
2022-12-07,Colusa,011,21464,3874,3869,1319,5188,22
2022-12-07,Contra Costa,013,1133247,261519,259434,21552,280986,1487
2022-12-07,Del Norte,015,27424,7630,7563,413,7976,56
2022-12-07,El Dorado,017,186661,33524,33447,4422,37869,235
2022-12-07,Fresno,019,978130,286213,281598,33271,314869,2899
2022-12-07,Glenn,021,27897,5686,5668,1943,7611,58
2022-12-07,Humboldt,023,135768,22749,22566,5447,28013,161
2022-12-07,Imperial,025,180216,68038,67632,17812,85444,962
2022-12-07,Inyo,027,18085,4648,4627,1133,5760,60
2022-12-07,Kern,029,883053,224147,222985,67669,290654,2437
2022-12-07,Kings,031,150075,61180,60965,4321,65286,464
2022-12-07,Lake,033,64148,13226,13140,1238,14378,149
2022-12-07,Lassen,035,31185,10153,10128,1027,11155,66
2022-12-07,Los Angeles,037,10098052,3387300,3370904,198624,3569528,34009
2022-12-07,Madera,039,155013,45129,44902,8566,53468,379
2022-12-07,Marin,041,260295,47141,46842,5475,52317,315
2022-12-07,Mariposa,043,17540,3236,3190,353,3543,32
2022-12-07,Mendocino,045,87422,16438,16350,4653,21003,136
2022-12-07,Merced,047,269075,74684,73999,12329,86328,877
2022-12-07,Modoc,049,8938,919,908,354,1262,11
2022-12-07,Mono,051,14174,3252,3238,279,3517,8
2022-12-07,Monterey,053,433212,96050,95709,22111,117820,776
2022-12-07,Napa,055,140530,33161,33043,1466,34509,164
2022-12-07,Nevada,057,99092,19670,19565,2109,21674,132
2022-12-07,Orange,059,3164182,688429,684112,69996,754108,7576
2022-12-07,Placer,061,380077,78499,78117,9950,88067,665
2022-12-07,Plumas,063,18699,3766,3762,452,4214,13
2022-12-07,Riverside,065,2383286,714272,710833,37952,748785,6697
2022-12-07,Sacramento,067,1510023,359285,357413,36166,393579,3382
2022-12-07,San Benito,069,59416,17030,16829,1042,17871,108
2022-12-07,San Bernardino,071,2135413,690549,686731,32363,719094,8135
2022-12-07,San Diego,073,3302833,951055,948180,75770,1023950,5584
2022-12-07,San Francisco,075,870044,187485,186203,12690,198893,1081
2022-12-07,San Joaquin,077,732212,203686,202515,16011,218526,2354
2022-12-07,San Luis Obispo,079,281455,64647,64350,7497,71847,533
2022-12-07,San Mateo,081,765935,176322,174791,10702,185493,749
2022-12-07,Santa Barbara,083,443738,108561,108151,7200,115351,739
2022-12-07,Santa Clara,085,1922200,455715,448654,19954,468608,2565
2022-12-07,Santa Cruz,087,273765,66127,65656,3665,69321,275
2022-12-07,Shasta,089,179085,35864,35666,8016,43682,598
2022-12-07,Sierra,091,2930,310,308,61,369,5
2022-12-07,Siskiyou,093,43540,5321,5442,3391,8833,95
2022-12-07,Solano,095,438530,109369,108649,8232,116881,473
2022-12-07,Sonoma,097,501317,110076,109622,5489,115111,531
2022-12-07,Stanislaus,099,539301,141326,140827,22210,163037,1785
2022-12-07,Sutter,101,95872,24979,24906,2497,27403,234
2022-12-07,Tehama,103,63373,14117,14004,3290,17294,218
2022-12-07,Trinity,105,12862,1443,1431,459,1890,23
2022-12-07,Tulare,107,460477,124708,123976,38137,162113,1546
2022-12-07,Tuolumne,109,53932,16197,16054,957,17011,208
2022-12-07,Ventura,111,848112,214601,213720,16784,230504,1598
2022-12-07,Yolo,113,214977,48792,48547,4620,53167,416
2022-12-07,Yuba,115,75493,19454,19399,1773,21172,132
2022-12-06,Alameda,001,1643700,362827,360943,20862,381805,2081
2022-12-06,Alpine,002,1148,139,139,2,141,0
2022-12-06,Amador,005,37829,10226,10196,949,11145,96
2022-12-06,Butte,007,227075,40723,40598,9647,50245,470
2022-12-06,Calaveras,009,45235,8755,8727,595,9322,135
2022-12-06,Colusa,011,21464,3873,3869,1319,5188,22
2022-12-06,Contra Costa,013,1133247,261207,259434,21521,280955,1487
2022-12-06,Del Norte,015,27424,7626,7563,413,7976,56
2022-12-06,El Dorado,017,186661,33498,33447,4420,37867,235
2022-12-06,Fresno,019,978130,285988,281598,33215,314813,2899
2022-12-06,Glenn,021,27897,5683,5668,1938,7606,58
2022-12-06,Humboldt,023,135768,22727,22566,5437,28003,161
2022-12-06,Imperial,025,180216,67959,67632,17745,85377,962
2022-12-06,Inyo,027,18085,4645,4627,1129,5756,60
2022-12-06,Kern,029,883053,224043,222985,67556,290541,2437
2022-12-06,Kings,031,150075,61137,60965,4316,65281,464
2022-12-06,Lake,033,64148,13219,13140,1238,14378,149
2022-12-06,Lassen,035,31185,10151,10128,1026,11154,66
2022-12-06,Los Angeles,037,10098052,3384426,3370904,198052,3568956,34009
2022-12-06,Madera,039,155013,45105,44902,8538,53440,379
2022-12-06,Marin,041,260295,47094,46842,5470,52312,315
2022-12-06,Mariposa,043,17540,3236,3190,353,3543,32
2022-12-06,Mendocino,045,87422,16430,16350,4651,21001,136
2022-12-06,Merced,047,269075,74627,73999,12307,86306,877
2022-12-06,Modoc,049,8938,916,908,353,1261,11
2022-12-06,Mono,051,14174,3251,3238,279,3517,8
2022-12-06,Monterey,053,433212,96017,95709,22084,117793,776
2022-12-06,Napa,055,140530,33138,33043,1465,34508,164
2022-12-06,Nevada,057,99092,19655,19565,2100,21665,132
2022-12-06,Orange,059,3164182,687877,684112,69816,753928,7576
2022-12-06,Placer,061,380077,78437,78117,9939,88056,665
2022-12-06,Plumas,063,18699,3766,3762,452,4214,13
2022-12-06,Riverside,065,2383286,713766,710833,37843,748676,6697
2022-12-06,Sacramento,067,1510023,359021,357413,36134,393547,3382
2022-12-06,San Benito,069,59416,17011,16829,1038,17867,108
2022-12-06,San Bernardino,071,2135413,689975,686731,32306,719037,8135
2022-12-06,San Diego,073,3302833,950221,948180,75626,1023806,5584
2022-12-06,San Francisco,075,870044,187259,186203,12681,198884,1081
2022-12-06,San Joaquin,077,732212,203520,202515,15988,218503,2354
2022-12-06,San Luis Obispo,079,281455,64610,64350,7467,71817,533
2022-12-06,San Mateo,081,765935,176125,174791,10683,185474,749
2022-12-06,Santa Barbara,083,443738,108492,108151,7183,115334,739
2022-12-06,Santa Clara,085,1922200,455208,448654,19909,468563,2565
2022-12-06,Santa Cruz,087,273765,66020,65656,3663,69319,275
2022-12-06,Shasta,089,179085,35847,35666,8005,43671,598
2022-12-06,Sierra,091,2930,308,308,61,369,5
2022-12-06,Siskiyou,093,43540,5318,5442,3388,8830,95
2022-12-06,Solano,095,438530,109257,108649,8218,116867,473
2022-12-06,Sonoma,097,501317,109988,109622,5486,115108,531
2022-12-06,Stanislaus,099,539301,141229,140827,22180,163007,1785
2022-12-06,Sutter,101,95872,24964,24906,2494,27400,234
2022-12-06,Tehama,103,63373,14100,14004,3281,17285,218
2022-12-06,Trinity,105,12862,1443,1431,458,1889,23
2022-12-06,Tulare,107,460477,124648,123976,38085,162061,1546
2022-12-06,Tuolumne,109,53932,16188,16054,956,17010,208
2022-12-06,Ventura,111,848112,214434,213720,16750,230470,1598
2022-12-06,Yolo,113,214977,48751,48547,4613,53160,416
2022-12-06,Yuba,115,75493,19440,19399,1772,21171,132
2022-12-05,Alameda,001,1643700,362372,357689,20824,378513,2063
2022-12-05,Alpine,002,1148,139,139,2,141,0
2022-12-05,Amador,005,37829,10221,10150,949,11099,96
2022-12-05,Butte,007,227075,40685,40335,9632,49967,465
2022-12-05,Calaveras,009,45235,8749,8676,594,9270,135
2022-12-05,Colusa,011,21464,3872,3849,1319,5168,22
2022-12-05,Contra Costa,013,1133247,260936,257263,21501,278764,1485
2022-12-05,Del Norte,015,27424,7618,7519,412,7931,56
2022-12-05,El Dorado,017,186661,33481,33200,4416,37616,235
2022-12-05,Fresno,019,978130,285710,279787,33150,312937,2898
2022-12-05,Glenn,021,27897,5680,5647,1938,7585,58
2022-12-05,Humboldt,023,135768,22711,22436,5429,27865,160
2022-12-05,Imperial,025,180216,67856,67001,17677,84678,960
2022-12-05,Inyo,027,18085,4642,4590,1128,5718,60
2022-12-05,Kern,029,883053,223844,222087,67460,289547,2431
2022-12-05,Kings,031,150075,61073,60636,4308,64944,464
2022-12-05,Lake,033,64148,13209,13078,1238,14316,149
2022-12-05,Lassen,035,31185,10146,10110,1026,11136,65
2022-12-05,Los Angeles,037,10098052,3381331,3346956,197495,3544451,33937
2022-12-05,Madera,039,155013,45061,44650,8535,53185,377
2022-12-05,Marin,041,260295,47036,46509,5459,51968,314
2022-12-05,Mariposa,043,17540,3230,3175,353,3528,32
2022-12-05,Mendocino,045,87422,16418,16294,4645,20939,136
2022-12-05,Merced,047,269075,74573,73547,12287,85834,876
2022-12-05,Modoc,049,8938,915,895,353,1248,11
2022-12-05,Mono,051,14174,3249,3237,279,3516,8
2022-12-05,Monterey,053,433212,95972,95364,22063,117427,775
2022-12-05,Napa,055,140530,33115,32859,1462,34321,161
2022-12-05,Nevada,057,99092,19645,19398,2097,21495,132
2022-12-05,Orange,059,3164182,687231,679165,69601,748766,7567
2022-12-05,Placer,061,380077,78388,77618,9932,87550,665
2022-12-05,Plumas,063,18699,3765,3738,451,4189,13
2022-12-05,Riverside,065,2383286,713166,706396,37739,744135,6693
2022-12-05,Sacramento,067,1510023,358710,354844,36077,390921,3377
2022-12-05,San Benito,069,59416,16974,16555,1034,17589,108
2022-12-05,San Bernardino,071,2135413,689331,681872,32248,714120,8133
2022-12-05,San Diego,073,3302833,949351,942451,75485,1017936,5569
2022-12-05,San Francisco,075,870044,187009,184552,12668,197220,1078
2022-12-05,San Joaquin,077,732212,203346,201175,15963,217138,2347
2022-12-05,San Luis Obispo,079,281455,64567,64105,7453,71558,531
2022-12-05,San Mateo,081,765935,175906,173283,10674,183957,748
2022-12-05,Santa Barbara,083,443738,108408,107527,7168,114695,738
2022-12-05,Santa Clara,085,1922200,454652,444150,19865,464015,2560
2022-12-05,Santa Cruz,087,273765,65895,65044,3657,68701,275
2022-12-05,Shasta,089,179085,35829,35519,7995,43514,598
2022-12-05,Sierra,091,2930,308,308,61,369,5
2022-12-05,Siskiyou,093,43540,5317,5406,3386,8792,95
2022-12-05,Solano,095,438530,109157,107925,8202,116127,470
2022-12-05,Sonoma,097,501317,109894,109040,5480,114520,530
2022-12-05,Stanislaus,099,539301,141116,140127,22163,162290,1785
2022-12-05,Sutter,101,95872,24940,24800,2491,27291,234
2022-12-05,Tehama,103,63373,14084,13904,3277,17181,216
2022-12-05,Trinity,105,12862,1443,1428,457,1885,22
2022-12-05,Tulare,107,460477,124556,123368,38030,161398,1546
2022-12-05,Tuolumne,109,53932,16169,15945,955,16900,207
2022-12-05,Ventura,111,848112,214267,212363,16721,229084,1591
2022-12-05,Yolo,113,214977,48717,48329,4609,52938,409
2022-12-05,Yuba,115,75493,19428,19307,1772,21079,132
2022-12-04,Alameda,001,1643700,361813,357689,20769,378458,2063
2022-12-04,Alpine,002,1148,139,139,2,141,0
2022-12-04,Amador,005,37829,10217,10150,949,11099,96
2022-12-04,Butte,007,227075,40623,40335,9615,49950,465
2022-12-04,Calaveras,009,45235,8738,8676,592,9268,135
2022-12-04,Colusa,011,21464,3870,3849,1319,5168,22
2022-12-04,Contra Costa,013,1133247,260571,257263,21462,278725,1485
2022-12-04,Del Norte,015,27424,7612,7519,412,7931,56
2022-12-04,El Dorado,017,186661,33459,33200,4407,37607,235
2022-12-04,Fresno,019,978130,285408,279787,33079,312866,2898
2022-12-04,Glenn,021,27897,5675,5647,1935,7582,58
2022-12-04,Humboldt,023,135768,22681,22436,5419,27855,160
2022-12-04,Imperial,025,180216,67773,67001,17570,84571,960
2022-12-04,Inyo,027,18085,4640,4590,1126,5716,60
2022-12-04,Kern,029,883053,223701,222087,67331,289418,2431
2022-12-04,Kings,031,150075,61016,60636,4293,64929,464
2022-12-04,Lake,033,64148,13195,13078,1237,14315,149
2022-12-04,Lassen,035,31185,10143,10110,1024,11134,65
2022-12-04,Los Angeles,037,10098052,3377487,3346956,196814,3543770,33937
2022-12-04,Madera,039,155013,45033,44650,8525,53175,377
2022-12-04,Marin,041,260295,46969,46509,5450,51959,314
2022-12-04,Mariposa,043,17540,3227,3175,353,3528,32
2022-12-04,Mendocino,045,87422,16410,16294,4641,20935,136
2022-12-04,Merced,047,269075,74519,73547,12248,85795,876
2022-12-04,Modoc,049,8938,913,895,353,1248,11
2022-12-04,Mono,051,14174,3248,3237,279,3516,8
2022-12-04,Monterey,053,433212,95930,95364,22038,117402,775
2022-12-04,Napa,055,140530,33091,32859,1454,34313,161
2022-12-04,Nevada,057,99092,19620,19398,2085,21483,132
2022-12-04,Orange,059,3164182,686535,679165,69336,748501,7567
2022-12-04,Placer,061,380077,78315,77618,9919,87537,665
2022-12-04,Plumas,063,18699,3762,3738,449,4187,13
2022-12-04,Riverside,065,2383286,712467,706396,37619,744015,6693
2022-12-04,Sacramento,067,1510023,358355,354844,36006,390850,3377
2022-12-04,San Benito,069,59416,16958,16555,1034,17589,108
2022-12-04,San Bernardino,071,2135413,688526,681872,32189,714061,8133
2022-12-04,San Diego,073,3302833,948292,942451,75318,1017769,5569
2022-12-04,San Francisco,075,870044,186709,184552,12632,197184,1078
2022-12-04,San Joaquin,077,732212,203159,201175,15928,217103,2347
2022-12-04,San Luis Obispo,079,281455,64525,64105,7439,71544,531
2022-12-04,San Mateo,081,765935,175699,173283,10660,183943,748
2022-12-04,Santa Barbara,083,443738,108309,107527,7159,114686,738
2022-12-04,Santa Clara,085,1922200,454003,444150,19812,463962,2560
2022-12-04,Santa Cruz,087,273765,65831,65044,3646,68690,275
2022-12-04,Shasta,089,179085,35809,35519,7971,43490,598
2022-12-04,Sierra,091,2930,308,308,61,369,5
2022-12-04,Siskiyou,093,43540,5312,5406,3385,8791,95
2022-12-04,Solano,095,438530,109011,107925,8197,116122,470
2022-12-04,Sonoma,097,501317,109794,109040,5473,114513,530
2022-12-04,Stanislaus,099,539301,140997,140127,22140,162267,1785
2022-12-04,Sutter,101,95872,24920,24800,2480,27280,234
2022-12-04,Tehama,103,63373,14069,13904,3276,17180,216
2022-12-04,Trinity,105,12862,1443,1428,457,1885,22
2022-12-04,Tulare,107,460477,124446,123368,37969,161337,1546
2022-12-04,Tuolumne,109,53932,16146,15945,954,16899,207
2022-12-04,Ventura,111,848112,214097,212363,16678,229041,1591
2022-12-04,Yolo,113,214977,48670,48329,4599,52928,409
2022-12-04,Yuba,115,75493,19418,19307,1770,21077,132
2022-12-03,Alameda,001,1643700,361555,357689,20741,378430,2063
2022-12-03,Alpine,002,1148,139,139,2,141,0
2022-12-03,Amador,005,37829,10210,10150,949,11099,96
2022-12-03,Butte,007,227075,40607,40335,9606,49941,465
2022-12-03,Calaveras,009,45235,8735,8676,592,9268,135
2022-12-03,Colusa,011,21464,3868,3849,1319,5168,22
2022-12-03,Contra Costa,013,1133247,260393,257263,21445,278708,1485
2022-12-03,Del Norte,015,27424,7608,7519,411,7930,56
2022-12-03,El Dorado,017,186661,33443,33200,4405,37605,235
2022-12-03,Fresno,019,978130,285282,279787,33057,312844,2898
2022-12-03,Glenn,021,27897,5673,5647,1935,7582,58
2022-12-03,Humboldt,023,135768,22658,22436,5408,27844,160
2022-12-03,Imperial,025,180216,67736,67001,17548,84549,960
2022-12-03,Inyo,027,18085,4639,4590,1125,5715,60
2022-12-03,Kern,029,883053,223647,222087,67254,289341,2431
2022-12-03,Kings,031,150075,60996,60636,4291,64927,464
2022-12-03,Lake,033,64148,13190,13078,1236,14314,149
2022-12-03,Lassen,035,31185,10141,10110,1024,11134,65
2022-12-03,Los Angeles,037,10098052,3375597,3346956,196454,3543410,33937
2022-12-03,Madera,039,155013,45013,44650,8522,53172,377
2022-12-03,Marin,041,260295,46928,46509,5445,51954,314
2022-12-03,Mariposa,043,17540,3225,3175,353,3528,32
2022-12-03,Mendocino,045,87422,16404,16294,4640,20934,136
2022-12-03,Merced,047,269075,74479,73547,12236,85783,876
2022-12-03,Modoc,049,8938,911,895,352,1247,11
2022-12-03,Mono,051,14174,3246,3237,279,3516,8
2022-12-03,Monterey,053,433212,95909,95364,22021,117385,775
2022-12-03,Napa,055,140530,33083,32859,1454,34313,161
2022-12-03,Nevada,057,99092,19613,19398,2083,21481,132
2022-12-03,Orange,059,3164182,686174,679165,69184,748349,7567
2022-12-03,Placer,061,380077,78266,77618,9918,87536,665
2022-12-03,Plumas,063,18699,3760,3738,448,4186,13
2022-12-03,Riverside,065,2383286,712067,706396,37566,743962,6693
2022-12-03,Sacramento,067,1510023,358175,354844,35985,390829,3377
2022-12-03,San Benito,069,59416,16937,16555,1031,17586,108
2022-12-03,San Bernardino,071,2135413,688154,681872,32147,714019,8133
2022-12-03,San Diego,073,3302833,947791,942451,75256,1017707,5569
2022-12-03,San Francisco,075,870044,186566,184552,12627,197179,1078
2022-12-03,San Joaquin,077,732212,203047,201175,15905,217080,2347
2022-12-03,San Luis Obispo,079,281455,64512,64105,7434,71539,531
2022-12-03,San Mateo,081,765935,175573,173283,10652,183935,748
2022-12-03,Santa Barbara,083,443738,108269,107527,7153,114680,738
2022-12-03,Santa Clara,085,1922200,453643,444150,19779,463929,2560
2022-12-03,Santa Cruz,087,273765,65789,65044,3635,68679,275
2022-12-03,Shasta,089,179085,35799,35519,7968,43487,598
2022-12-03,Sierra,091,2930,308,308,61,369,5
2022-12-03,Siskiyou,093,43540,5311,5406,3385,8791,95
2022-12-03,Solano,095,438530,108982,107925,8188,116113,470
2022-12-03,Sonoma,097,501317,109746,109040,5471,114511,530
2022-12-03,Stanislaus,099,539301,140931,140127,22124,162251,1785
2022-12-03,Sutter,101,95872,24904,24800,2480,27280,234
2022-12-03,Tehama,103,63373,14065,13904,3273,17177,216
2022-12-03,Trinity,105,12862,1443,1428,457,1885,22
2022-12-03,Tulare,107,460477,124384,123368,37935,161303,1546
2022-12-03,Tuolumne,109,53932,16130,15945,951,16896,207
2022-12-03,Ventura,111,848112,214002,212363,16657,229020,1591
2022-12-03,Yolo,113,214977,48644,48329,4592,52921,409
2022-12-03,Yuba,115,75493,19413,19307,1769,21076,132
2022-12-02,Alameda,001,1643700,361277,357689,20715,378404,2063
2022-12-02,Alpine,002,1148,139,139,2,141,0
2022-12-02,Amador,005,37829,10204,10150,949,11099,96
2022-12-02,Butte,007,227075,40592,40335,9592,49927,465
2022-12-02,Calaveras,009,45235,8732,8676,592,9268,135
2022-12-02,Colusa,011,21464,3868,3849,1319,5168,22
2022-12-02,Contra Costa,013,1133247,260231,257263,21438,278701,1485
2022-12-02,Del Norte,015,27424,7604,7519,411,7930,56
2022-12-02,El Dorado,017,186661,33426,33200,4405,37605,235
2022-12-02,Fresno,019,978130,285121,279787,33027,312814,2898
2022-12-02,Glenn,021,27897,5672,5647,1934,7581,58
2022-12-02,Humboldt,023,135768,22646,22436,5404,27840,160
2022-12-02,Imperial,025,180216,67693,67001,17530,84531,960
2022-12-02,Inyo,027,18085,4636,4590,1123,5713,60
2022-12-02,Kern,029,883053,223554,222087,67205,289292,2431
2022-12-02,Kings,031,150075,60978,60636,4289,64925,464
2022-12-02,Lake,033,64148,13184,13078,1235,14313,149
2022-12-02,Lassen,035,31185,10140,10110,1023,11133,65
2022-12-02,Los Angeles,037,10098052,3373540,3346956,196037,3542993,33937
2022-12-02,Madera,039,155013,44989,44650,8521,53171,377
2022-12-02,Marin,041,260295,46891,46509,5442,51951,314
2022-12-02,Mariposa,043,17540,3223,3175,352,3527,32
2022-12-02,Mendocino,045,87422,16399,16294,4640,20934,136
2022-12-02,Merced,047,269075,74446,73547,12230,85777,876
2022-12-02,Modoc,049,8938,910,895,351,1246,11
2022-12-02,Mono,051,14174,3246,3237,278,3515,8
2022-12-02,Monterey,053,433212,95877,95364,22003,117367,775
2022-12-02,Napa,055,140530,33069,32859,1450,34309,161
2022-12-02,Nevada,057,99092,19607,19398,2078,21476,132
2022-12-02,Orange,059,3164182,685779,679165,69022,748187,7567
2022-12-02,Placer,061,380077,78238,77618,9911,87529,665
2022-12-02,Plumas,063,18699,3760,3738,448,4186,13
2022-12-02,Riverside,065,2383286,711613,706396,37510,743906,6693
2022-12-02,Sacramento,067,1510023,357949,354844,35954,390798,3377
2022-12-02,San Benito,069,59416,16914,16555,1028,17583,108
2022-12-02,San Bernardino,071,2135413,687773,681872,32121,713993,8133
2022-12-02,San Diego,073,3302833,947284,942451,75179,1017630,5569
2022-12-02,San Francisco,075,870044,186441,184552,12614,197166,1078
2022-12-02,San Joaquin,077,732212,202949,201175,15885,217060,2347
2022-12-02,San Luis Obispo,079,281455,64491,64105,7424,71529,531
2022-12-02,San Mateo,081,765935,175445,173283,10644,183927,748
2022-12-02,Santa Barbara,083,443738,108214,107527,7151,114678,738
2022-12-02,Santa Clara,085,1922200,453318,444150,19760,463910,2560
2022-12-02,Santa Cruz,087,273765,65734,65044,3631,68675,275
2022-12-02,Shasta,089,179085,35782,35519,7966,43485,598
2022-12-02,Sierra,091,2930,308,308,61,369,5
2022-12-02,Siskiyou,093,43540,5309,5406,3385,8791,95
2022-12-02,Solano,095,438530,108911,107925,8181,116106,470
2022-12-02,Sonoma,097,501317,109694,109040,5464,114504,530
2022-12-02,Stanislaus,099,539301,140868,140127,22117,162244,1785
2022-12-02,Sutter,101,95872,24895,24800,2480,27280,234
2022-12-02,Tehama,103,63373,14060,13904,3269,17173,216
2022-12-02,Trinity,105,12862,1443,1428,456,1884,22
2022-12-02,Tulare,107,460477,124338,123368,37892,161260,1546
2022-12-02,Tuolumne,109,53932,16118,15945,949,16894,207
2022-12-02,Ventura,111,848112,213898,212363,16631,228994,1591
2022-12-02,Yolo,113,214977,48632,48329,4591,52920,409
2022-12-02,Yuba,115,75493,19402,19307,1769,21076,132
2022-12-01,Alameda,001,1643700,360862,357689,20668,378357,2063
2022-12-01,Alpine,002,1148,139,139,2,141,0
2022-12-01,Amador,005,37829,10198,10150,949,11099,96
2022-12-01,Butte,007,227075,40564,40335,9577,49912,465
2022-12-01,Calaveras,009,45235,8725,8676,589,9265,135
2022-12-01,Colusa,011,21464,3868,3849,1315,5164,22
2022-12-01,Contra Costa,013,1133247,259988,257263,21417,278680,1485
2022-12-01,Del Norte,015,27424,7602,7519,411,7930,56
2022-12-01,El Dorado,017,186661,33398,33200,4398,37598,235
2022-12-01,Fresno,019,978130,284938,279787,32972,312759,2898
2022-12-01,Glenn,021,27897,5664,5647,1931,7578,58
2022-12-01,Humboldt,023,135768,22629,22436,5399,27835,160
2022-12-01,Imperial,025,180216,67620,67001,17430,84431,960
2022-12-01,Inyo,027,18085,4630,4590,1119,5709,60
2022-12-01,Kern,029,883053,223408,222087,67117,289204,2431
2022-12-01,Kings,031,150075,60939,60636,4286,64922,464
2022-12-01,Lake,033,64148,13178,13078,1235,14313,149
2022-12-01,Lassen,035,31185,10138,10110,1023,11133,65
2022-12-01,Los Angeles,037,10098052,3370659,3346956,195504,3542460,33937
2022-12-01,Madera,039,155013,44956,44650,8508,53158,377
2022-12-01,Marin,041,260295,46850,46509,5429,51938,314
2022-12-01,Mariposa,043,17540,3219,3175,352,3527,32
2022-12-01,Mendocino,045,87422,16394,16294,4640,20934,136
2022-12-01,Merced,047,269075,74399,73547,12215,85762,876
2022-12-01,Modoc,049,8938,907,895,350,1245,11
2022-12-01,Mono,051,14174,3243,3237,277,3514,8
2022-12-01,Monterey,053,433212,95841,95364,21989,117353,775
2022-12-01,Napa,055,140530,33040,32859,1449,34308,161
2022-12-01,Nevada,057,99092,19590,19398,2075,21473,132
2022-12-01,Orange,059,3164182,685173,679165,68831,747996,7567
2022-12-01,Placer,061,380077,78180,77618,9903,87521,665
2022-12-01,Plumas,063,18699,3753,3738,448,4186,13
2022-12-01,Riverside,065,2383286,711071,706396,37420,743816,6693
2022-12-01,Sacramento,067,1510023,357636,354844,35898,390742,3377
2022-12-01,San Benito,069,59416,16883,16555,1025,17580,108
2022-12-01,San Bernardino,071,2135413,687196,681872,32054,713926,8133
2022-12-01,San Diego,073,3302833,946477,942451,75028,1017479,5569
2022-12-01,San Francisco,075,870044,186231,184552,12586,197138,1078
2022-12-01,San Joaquin,077,732212,202796,201175,15859,217034,2347
2022-12-01,San Luis Obispo,079,281455,64469,64105,7410,71515,531
2022-12-01,San Mateo,081,765935,175277,173283,10638,183921,748
2022-12-01,Santa Barbara,083,443738,108148,107527,7144,114671,738
2022-12-01,Santa Clara,085,1922200,452808,444150,19730,463880,2560
2022-12-01,Santa Cruz,087,273765,65666,65044,3624,68668,275
2022-12-01,Shasta,089,179085,35763,35519,7958,43477,598
2022-12-01,Sierra,091,2930,308,308,61,369,5
2022-12-01,Siskiyou,093,43540,5307,5406,3384,8790,95
2022-12-01,Solano,095,438530,108831,107925,8176,116101,470
2022-12-01,Sonoma,097,501317,109625,109040,5451,114491,530
2022-12-01,Stanislaus,099,539301,140784,140127,22104,162231,1785
2022-12-01,Sutter,101,95872,24885,24800,2479,27279,234
2022-12-01,Tehama,103,63373,14043,13904,3264,17168,216
2022-12-01,Trinity,105,12862,1443,1428,455,1883,22
2022-12-01,Tulare,107,460477,124277,123368,37836,161204,1546
2022-12-01,Tuolumne,109,53932,16103,15945,949,16894,207
2022-12-01,Ventura,111,848112,213751,212363,16600,228963,1591
2022-12-01,Yolo,113,214977,48598,48329,4586,52915,409
2022-12-01,Yuba,115,75493,19383,19307,1769,21076,132
2022-11-30,Alameda,001,1643700,360428,357689,20631,378320,2063
2022-11-30,Alpine,002,1148,139,139,2,141,0
2022-11-30,Amador,005,37829,10192,10150,949,11099,96
2022-11-30,Butte,007,227075,40528,40335,9551,49886,465
2022-11-30,Calaveras,009,45235,8720,8676,588,9264,135
2022-11-30,Colusa,011,21464,3865,3849,1314,5163,22
2022-11-30,Contra Costa,013,1133247,259728,257263,21395,278658,1485
2022-11-30,Del Norte,015,27424,7597,7519,410,7929,56
2022-11-30,El Dorado,017,186661,33372,33200,4395,37595,235
2022-11-30,Fresno,019,978130,284674,279787,32921,312708,2898
2022-11-30,Glenn,021,27897,5662,5647,1925,7572,58
2022-11-30,Humboldt,023,135768,22615,22436,5388,27824,160
2022-11-30,Imperial,025,180216,67507,67001,17339,84340,960
2022-11-30,Inyo,027,18085,4629,4590,1116,5706,60
2022-11-30,Kern,029,883053,223306,222087,67040,289127,2431
2022-11-30,Kings,031,150075,60881,60636,4275,64911,464
2022-11-30,Lake,033,64148,13166,13078,1235,14313,149
2022-11-30,Lassen,035,31185,10136,10110,1023,11133,65
2022-11-30,Los Angeles,037,10098052,3367187,3346956,194911,3541867,33937
2022-11-30,Madera,039,155013,44929,44650,8503,53153,377
2022-11-30,Marin,041,260295,46811,46509,5423,51932,314
2022-11-30,Mariposa,043,17540,3215,3175,351,3526,32
2022-11-30,Mendocino,045,87422,16387,16294,4635,20929,136
2022-11-30,Merced,047,269075,74337,73547,12192,85739,876
2022-11-30,Modoc,049,8938,907,895,349,1244,11
2022-11-30,Mono,051,14174,3241,3237,277,3514,8
2022-11-30,Monterey,053,433212,95793,95364,21970,117334,775
2022-11-30,Napa,055,140530,33008,32859,1449,34308,161
2022-11-30,Nevada,057,99092,19578,19398,2070,21468,132
2022-11-30,Orange,059,3164182,684528,679165,68617,747782,7567
2022-11-30,Placer,061,380077,78111,77618,9895,87513,665
2022-11-30,Plumas,063,18699,3751,3738,448,4186,13
2022-11-30,Riverside,065,2383286,710400,706396,37323,743719,6693
2022-11-30,Sacramento,067,1510023,357347,354844,35864,390708,3377
2022-11-30,San Benito,069,59416,16843,16555,1023,17578,108
2022-11-30,San Bernardino,071,2135413,686565,681872,31992,713864,8133
2022-11-30,San Diego,073,3302833,945628,942451,74891,1017342,5569
2022-11-30,San Francisco,075,870044,186001,184552,12570,197122,1078
2022-11-30,San Joaquin,077,732212,202616,201175,15807,216982,2347
2022-11-30,San Luis Obispo,079,281455,64434,64105,7394,71499,531
2022-11-30,San Mateo,081,765935,175088,173283,10625,183908,748
2022-11-30,Santa Barbara,083,443738,108069,107527,7128,114655,738
2022-11-30,Santa Clara,085,1922200,452283,444150,19696,463846,2560
2022-11-30,Santa Cruz,087,273765,65602,65044,3618,68662,275
2022-11-30,Shasta,089,179085,35745,35519,7949,43468,598
2022-11-30,Sierra,091,2930,308,308,61,369,5
2022-11-30,Siskiyou,093,43540,5304,5406,3383,8789,95
2022-11-30,Solano,095,438530,108741,107925,8169,116094,470
2022-11-30,Sonoma,097,501317,109552,109040,5445,114485,530
2022-11-30,Stanislaus,099,539301,140677,140127,22089,162216,1785
2022-11-30,Sutter,101,95872,24867,24800,2476,27276,234
2022-11-30,Tehama,103,63373,14024,13904,3259,17163,216
2022-11-30,Trinity,105,12862,1442,1428,454,1882,22
2022-11-30,Tulare,107,460477,124194,123368,37784,161152,1546
2022-11-30,Tuolumne,109,53932,16087,15945,947,16892,207
2022-11-30,Ventura,111,848112,213559,212363,16556,228919,1591
2022-11-30,Yolo,113,214977,48571,48329,4580,52909,409
2022-11-30,Yuba,115,75493,19371,19307,1769,21076,132
2022-11-29,Alameda,001,1643700,359996,357689,20571,378260,2063
2022-11-29,Alpine,002,1148,139,139,1,140,0
2022-11-29,Amador,005,37829,10188,10150,949,11099,96
2022-11-29,Butte,007,227075,40485,40335,9532,49867,465
2022-11-29,Calaveras,009,45235,8713,8676,588,9264,135
2022-11-29,Colusa,011,21464,3864,3849,1310,5159,22
2022-11-29,Contra Costa,013,1133247,259458,257263,21375,278638,1485
2022-11-29,Del Norte,015,27424,7588,7519,410,7929,56
2022-11-29,El Dorado,017,186661,33331,33200,4392,37592,235
2022-11-29,Fresno,019,978130,284446,279787,32856,312643,2898
2022-11-29,Glenn,021,27897,5660,5647,1924,7571,58
2022-11-29,Humboldt,023,135768,22597,22436,5371,27807,160
2022-11-29,Imperial,025,180216,67413,67001,17251,84252,960
2022-11-29,Inyo,027,18085,4623,4590,1111,5701,60
2022-11-29,Kern,029,883053,223185,222087,66935,289022,2431
2022-11-29,Kings,031,150075,60842,60636,4272,64908,464
2022-11-29,Lake,033,64148,13158,13078,1235,14313,149
2022-11-29,Lassen,035,31185,10133,10110,1022,11132,65
2022-11-29,Los Angeles,037,10098052,3363215,3346956,194278,3541234,33937
2022-11-29,Madera,039,155013,44887,44650,8478,53128,377
2022-11-29,Marin,041,260295,46766,46509,5419,51928,314
2022-11-29,Mariposa,043,17540,3213,3175,350,3525,32
2022-11-29,Mendocino,045,87422,16378,16294,4631,20925,136
2022-11-29,Merced,047,269075,74283,73547,12165,85712,876
2022-11-29,Modoc,049,8938,905,895,349,1244,11
2022-11-29,Mono,051,14174,3240,3237,277,3514,8
2022-11-29,Monterey,053,433212,95751,95364,21939,117303,775
2022-11-29,Napa,055,140530,32983,32859,1449,34308,161
2022-11-29,Nevada,057,99092,19557,19398,2064,21462,132
2022-11-29,Orange,059,3164182,683747,679165,68398,747563,7567
2022-11-29,Placer,061,380077,78040,77618,9885,87503,665
2022-11-29,Plumas,063,18699,3745,3738,447,4185,13
2022-11-29,Riverside,065,2383286,709791,706396,37222,743618,6693
2022-11-29,Sacramento,067,1510023,356958,354844,35817,390661,3377
2022-11-29,San Benito,069,59416,16801,16555,1019,17574,108
2022-11-29,San Bernardino,071,2135413,685914,681872,31930,713802,8133
2022-11-29,San Diego,073,3302833,944722,942451,74715,1017166,5569
2022-11-29,San Francisco,075,870044,185771,184552,12553,197105,1078
2022-11-29,San Joaquin,077,732212,202415,201175,15768,216943,2347
2022-11-29,San Luis Obispo,079,281455,64394,64105,7384,71489,531
2022-11-29,San Mateo,081,765935,174894,173283,10621,183904,748
2022-11-29,Santa Barbara,083,443738,107985,107527,7118,114645,738
2022-11-29,Santa Clara,085,1922200,451724,444150,19659,463809,2560
2022-11-29,Santa Cruz,087,273765,65518,65044,3614,68658,275
2022-11-29,Shasta,089,179085,35725,35519,7934,43453,598
2022-11-29,Sierra,091,2930,308,308,61,369,5
2022-11-29,Siskiyou,093,43540,5300,5406,3382,8788,95
2022-11-29,Solano,095,438530,108632,107925,8162,116087,470
2022-11-29,Sonoma,097,501317,109473,109040,5435,114475,530
2022-11-29,Stanislaus,099,539301,140591,140127,22064,162191,1785
2022-11-29,Sutter,101,95872,24859,24800,2475,27275,234
2022-11-29,Tehama,103,63373,14009,13904,3250,17154,216
2022-11-29,Trinity,105,12862,1440,1428,454,1882,22
2022-11-29,Tulare,107,460477,124107,123368,37743,161111,1546
2022-11-29,Tuolumne,109,53932,16072,15945,945,16890,207
2022-11-29,Ventura,111,848112,213375,212363,16515,228878,1591
2022-11-29,Yolo,113,214977,48535,48329,4569,52898,409
2022-11-29,Yuba,115,75493,19360,19307,1768,21075,132
2022-11-28,Alameda,001,1643700,359539,356253,20538,376791,2059
2022-11-28,Alpine,002,1148,139,138,1,139,0
2022-11-28,Amador,005,37829,10180,10132,949,11081,95
2022-11-28,Butte,007,227075,40446,40206,9509,49715,465
2022-11-28,Calaveras,009,45235,8704,8651,588,9239,135
2022-11-28,Colusa,011,21464,3859,3840,1309,5149,22
2022-11-28,Contra Costa,013,1133247,259154,256191,21337,277528,1483
2022-11-28,Del Norte,015,27424,7579,7502,409,7911,56
2022-11-28,El Dorado,017,186661,33299,33057,4388,37445,233
2022-11-28,Fresno,019,978130,284172,278793,32788,311581,2893
2022-11-28,Glenn,021,27897,5656,5625,1923,7548,58
2022-11-28,Humboldt,023,135768,22577,22351,5351,27702,160
2022-11-28,Imperial,025,180216,67269,66747,17157,83904,960
2022-11-28,Inyo,027,18085,4616,4557,1106,5663,60
2022-11-28,Kern,029,883053,223025,221639,66838,288477,2430
2022-11-28,Kings,031,150075,60779,60457,4260,64717,463
2022-11-28,Lake,033,64148,13145,13042,1232,14274,149
2022-11-28,Lassen,035,31185,10132,10091,1020,11111,65
2022-11-28,Los Angeles,037,10098052,3358901,3332327,193665,3525992,33882
2022-11-28,Madera,039,155013,44856,44503,8468,52971,377
2022-11-28,Marin,041,260295,46724,46293,5411,51704,314
2022-11-28,Mariposa,043,17540,3211,3156,349,3505,32
2022-11-28,Mendocino,045,87422,16371,16255,4618,20873,136
2022-11-28,Merced,047,269075,74221,73259,12141,85400,876
2022-11-28,Modoc,049,8938,903,895,346,1241,11
2022-11-28,Mono,051,14174,3240,3233,275,3508,8
2022-11-28,Monterey,053,433212,95700,95169,21897,117066,775
2022-11-28,Napa,055,140530,32954,32736,1447,34183,161
2022-11-28,Nevada,057,99092,19530,19310,2060,21370,132
2022-11-28,Orange,059,3164182,682887,676959,68141,745100,7565
2022-11-28,Placer,061,380077,77992,77331,9876,87207,665
2022-11-28,Plumas,063,18699,3743,3737,447,4184,13
2022-11-28,Riverside,065,2383286,709121,704180,37129,741309,6692
2022-11-28,Sacramento,067,1510023,356562,353538,35767,389305,3374
2022-11-28,San Benito,069,59416,16755,16474,1007,17481,108
2022-11-28,San Bernardino,071,2135413,685205,679620,31852,711472,8133
2022-11-28,San Diego,073,3302833,943677,938583,74579,1013162,5562
2022-11-28,San Francisco,075,870044,185515,183671,12538,196209,1076
2022-11-28,San Joaquin,077,732212,202225,200474,15724,216198,2344
2022-11-28,San Luis Obispo,079,281455,64361,63962,7375,71337,530
2022-11-28,San Mateo,081,765935,174653,172573,10611,183184,748
2022-11-28,Santa Barbara,083,443738,107887,107184,7105,114289,735
2022-11-28,Santa Clara,085,1922200,451122,442182,19615,461797,2558
2022-11-28,Santa Cruz,087,273765,65424,64814,3610,68424,275
2022-11-28,Shasta,089,179085,35697,35452,7921,43373,596
2022-11-28,Sierra,091,2930,308,308,61,369,5
2022-11-28,Siskiyou,093,43540,5295,5385,3381,8766,95
2022-11-28,Solano,095,438530,108514,107446,8151,115597,469
2022-11-28,Sonoma,097,501317,109387,108690,5426,114116,530
2022-11-28,Stanislaus,099,539301,140476,139741,22027,161768,1785
2022-11-28,Sutter,101,95872,24844,24730,2475,27205,234
2022-11-28,Tehama,103,63373,13991,13857,3249,17106,216
2022-11-28,Trinity,105,12862,1440,1425,454,1879,21
2022-11-28,Tulare,107,460477,124032,123029,37689,160718,1545
2022-11-28,Tuolumne,109,53932,16062,15885,941,16826,206
2022-11-28,Ventura,111,848112,213165,211680,16466,228146,1591
2022-11-28,Yolo,113,214977,48502,48228,4553,52781,408
2022-11-28,Yuba,115,75493,19346,19233,1768,21001,132
2022-11-27,Alameda,001,1643700,358941,356253,20468,376721,2059
2022-11-27,Alpine,002,1148,139,138,1,139,0
2022-11-27,Amador,005,37829,10175,10132,948,11080,95
2022-11-27,Butte,007,227075,40401,40206,9489,49695,465
2022-11-27,Calaveras,009,45235,8698,8651,587,9238,135
2022-11-27,Colusa,011,21464,3856,3840,1307,5147,22
2022-11-27,Contra Costa,013,1133247,258794,256191,21288,277479,1483
2022-11-27,Del Norte,015,27424,7566,7502,406,7908,56
2022-11-27,El Dorado,017,186661,33257,33057,4382,37439,233
2022-11-27,Fresno,019,978130,283831,278793,32721,311514,2893
2022-11-27,Glenn,021,27897,5655,5625,1921,7546,58
2022-11-27,Humboldt,023,135768,22554,22351,5330,27681,160
2022-11-27,Imperial,025,180216,67178,66747,17087,83834,960
2022-11-27,Inyo,027,18085,4608,4557,1103,5660,60
2022-11-27,Kern,029,883053,222865,221639,66696,288335,2430
2022-11-27,Kings,031,150075,60705,60457,4248,64705,463
2022-11-27,Lake,033,64148,13131,13042,1230,14272,149
2022-11-27,Lassen,035,31185,10125,10091,1020,11111,65
2022-11-27,Los Angeles,037,10098052,3353775,3332327,192955,3525282,33882
2022-11-27,Madera,039,155013,44807,44503,8450,52953,377
2022-11-27,Marin,041,260295,46665,46293,5397,51690,314
2022-11-27,Mariposa,043,17540,3207,3156,349,3505,32
2022-11-27,Mendocino,045,87422,16357,16255,4606,20861,136
2022-11-27,Merced,047,269075,74108,73259,12115,85374,876
2022-11-27,Modoc,049,8938,901,895,346,1241,11
2022-11-27,Mono,051,14174,3240,3233,274,3507,8
2022-11-27,Monterey,053,433212,95638,95169,21866,117035,775
2022-11-27,Napa,055,140530,32918,32736,1445,34181,161
2022-11-27,Nevada,057,99092,19499,19310,2049,21359,132
2022-11-27,Orange,059,3164182,682027,676959,67861,744820,7565
2022-11-27,Placer,061,380077,77896,77331,9859,87190,665
2022-11-27,Plumas,063,18699,3741,3737,446,4183,13
2022-11-27,Riverside,065,2383286,708262,704180,36999,741179,6692
2022-11-27,Sacramento,067,1510023,356103,353538,35684,389222,3374
2022-11-27,San Benito,069,59416,16713,16474,1004,17478,108
2022-11-27,San Bernardino,071,2135413,684278,679620,31763,711383,8133
2022-11-27,San Diego,073,3302833,942432,938583,74390,1012973,5562
2022-11-27,San Francisco,075,870044,185207,183671,12509,196180,1076
2022-11-27,San Joaquin,077,732212,201958,200474,15649,216123,2344
2022-11-27,San Luis Obispo,079,281455,64288,63962,7354,71316,530
2022-11-27,San Mateo,081,765935,174337,172573,10592,183165,748
2022-11-27,Santa Barbara,083,443738,107779,107184,7079,114263,735
2022-11-27,Santa Clara,085,1922200,450432,442182,19576,461758,2558
2022-11-27,Santa Cruz,087,273765,65276,64814,3604,68418,275
2022-11-27,Shasta,089,179085,35676,35452,7906,43358,596
2022-11-27,Sierra,091,2930,308,308,61,369,5
2022-11-27,Siskiyou,093,43540,5290,5385,3379,8764,95
2022-11-27,Solano,095,438530,108372,107446,8135,115581,469
2022-11-27,Sonoma,097,501317,109279,108690,5424,114114,530
2022-11-27,Stanislaus,099,539301,140364,139741,22002,161743,1785
2022-11-27,Sutter,101,95872,24825,24730,2474,27204,234
2022-11-27,Tehama,103,63373,13970,13857,3231,17088,216
2022-11-27,Trinity,105,12862,1439,1425,454,1879,21
2022-11-27,Tulare,107,460477,123881,123029,37612,160641,1545
2022-11-27,Tuolumne,109,53932,16055,15885,939,16824,206
2022-11-27,Ventura,111,848112,212926,211680,16418,228098,1591
2022-11-27,Yolo,113,214977,48463,48228,4546,52774,408
2022-11-27,Yuba,115,75493,19326,19233,1765,20998,132
2022-11-26,Alameda,001,1643700,358662,356253,20442,376695,2059
2022-11-26,Alpine,002,1148,139,138,1,139,0
2022-11-26,Amador,005,37829,10170,10132,947,11079,95
2022-11-26,Butte,007,227075,40377,40206,9477,49683,465
2022-11-26,Calaveras,009,45235,8695,8651,587,9238,135
2022-11-26,Colusa,011,21464,3853,3840,1306,5146,22
2022-11-26,Contra Costa,013,1133247,258569,256191,21276,277467,1483
2022-11-26,Del Norte,015,27424,7556,7502,405,7907,56
2022-11-26,El Dorado,017,186661,33236,33057,4382,37439,233
2022-11-26,Fresno,019,978130,283662,278793,32692,311485,2893
2022-11-26,Glenn,021,27897,5651,5625,1915,7540,58
2022-11-26,Humboldt,023,135768,22541,22351,5322,27673,160
2022-11-26,Imperial,025,180216,67136,66747,17071,83818,960
2022-11-26,Inyo,027,18085,4601,4557,1101,5658,60
2022-11-26,Kern,029,883053,222777,221639,66631,288270,2430
2022-11-26,Kings,031,150075,60678,60457,4247,64704,463
2022-11-26,Lake,033,64148,13123,13042,1229,14271,149
2022-11-26,Lassen,035,31185,10124,10091,1020,11111,65
2022-11-26,Los Angeles,037,10098052,3351293,3332327,192574,3524901,33882
2022-11-26,Madera,039,155013,44786,44503,8441,52944,377
2022-11-26,Marin,041,260295,46625,46293,5391,51684,314
2022-11-26,Mariposa,043,17540,3207,3156,349,3505,32
2022-11-26,Mendocino,045,87422,16351,16255,4606,20861,136
2022-11-26,Merced,047,269075,74068,73259,12107,85366,876
2022-11-26,Modoc,049,8938,901,895,346,1241,11
2022-11-26,Mono,051,14174,3239,3233,273,3506,8
2022-11-26,Monterey,053,433212,95597,95169,21848,117017,775
2022-11-26,Napa,055,140530,32906,32736,1445,34181,161
2022-11-26,Nevada,057,99092,19492,19310,2042,21352,132
2022-11-26,Orange,059,3164182,681595,676959,67722,744681,7565
2022-11-26,Placer,061,380077,77836,77331,9851,87182,665
2022-11-26,Plumas,063,18699,3741,3737,446,4183,13
2022-11-26,Riverside,065,2383286,707810,704180,36934,741114,6692
2022-11-26,Sacramento,067,1510023,355901,353538,35651,389189,3374
2022-11-26,San Benito,069,59416,16691,16474,1004,17478,108
2022-11-26,San Bernardino,071,2135413,683868,679620,31722,711342,8133
2022-11-26,San Diego,073,3302833,941983,938583,74296,1012879,5562
2022-11-26,San Francisco,075,870044,185049,183671,12503,196174,1076
2022-11-26,San Joaquin,077,732212,201828,200474,15615,216089,2344
2022-11-26,San Luis Obispo,079,281455,64271,63962,7351,71313,530
2022-11-26,San Mateo,081,765935,174188,172573,10587,183160,748
2022-11-26,Santa Barbara,083,443738,107690,107184,7070,114254,735
2022-11-26,Santa Clara,085,1922200,449930,442182,19547,461729,2558
2022-11-26,Santa Cruz,087,273765,65228,64814,3601,68415,275
2022-11-26,Shasta,089,179085,35662,35452,7901,43353,596
2022-11-26,Sierra,091,2930,308,308,61,369,5
2022-11-26,Siskiyou,093,43540,5283,5385,3379,8764,95
2022-11-26,Solano,095,438530,108324,107446,8128,115574,469
2022-11-26,Sonoma,097,501317,109226,108690,5420,114110,530
2022-11-26,Stanislaus,099,539301,140297,139741,21984,161725,1785
2022-11-26,Sutter,101,95872,24819,24730,2473,27203,234
2022-11-26,Tehama,103,63373,13964,13857,3224,17081,216
2022-11-26,Trinity,105,12862,1439,1425,454,1879,21
2022-11-26,Tulare,107,460477,123832,123029,37554,160583,1545
2022-11-26,Tuolumne,109,53932,16043,15885,938,16823,206
2022-11-26,Ventura,111,848112,212786,211680,16395,228075,1591
2022-11-26,Yolo,113,214977,48443,48228,4541,52769,408
2022-11-26,Yuba,115,75493,19319,19233,1765,20998,132
2022-11-25,Alameda,001,1643700,358387,356253,20414,376667,2059
2022-11-25,Alpine,002,1148,139,138,1,139,0
2022-11-25,Amador,005,37829,10163,10132,946,11078,95
2022-11-25,Butte,007,227075,40360,40206,9463,49669,465
2022-11-25,Calaveras,009,45235,8692,8651,587,9238,135
2022-11-25,Colusa,011,21464,3851,3840,1306,5146,22
2022-11-25,Contra Costa,013,1133247,258399,256191,21262,277453,1483
2022-11-25,Del Norte,015,27424,7555,7502,405,7907,56
2022-11-25,El Dorado,017,186661,33210,33057,4376,37433,233
2022-11-25,Fresno,019,978130,283491,278793,32660,311453,2893
2022-11-25,Glenn,021,27897,5650,5625,1913,7538,58
2022-11-25,Humboldt,023,135768,22528,22351,5319,27670,160
2022-11-25,Imperial,025,180216,67099,66747,17039,83786,960
2022-11-25,Inyo,027,18085,4597,4557,1095,5652,60
2022-11-25,Kern,029,883053,222710,221639,66580,288219,2430
2022-11-25,Kings,031,150075,60655,60457,4247,64704,463
2022-11-25,Lake,033,64148,13121,13042,1229,14271,149
2022-11-25,Lassen,035,31185,10124,10091,1019,11110,65
2022-11-25,Los Angeles,037,10098052,3348969,3332327,192152,3524479,33882
2022-11-25,Madera,039,155013,44760,44503,8433,52936,377
2022-11-25,Marin,041,260295,46584,46293,5389,51682,314
2022-11-25,Mariposa,043,17540,3204,3156,348,3504,32
2022-11-25,Mendocino,045,87422,16343,16255,4603,20858,136
2022-11-25,Merced,047,269075,74033,73259,12102,85361,876
2022-11-25,Modoc,049,8938,900,895,346,1241,11
2022-11-25,Mono,051,14174,3239,3233,273,3506,8
2022-11-25,Monterey,053,433212,95549,95169,21822,116991,775
2022-11-25,Napa,055,140530,32893,32736,1445,34181,161
2022-11-25,Nevada,057,99092,19477,19310,2038,21348,132
2022-11-25,Orange,059,3164182,681184,676959,67608,744567,7565
2022-11-25,Placer,061,380077,77795,77331,9845,87176,665
2022-11-25,Plumas,063,18699,3741,3737,446,4183,13
2022-11-25,Riverside,065,2383286,707426,704180,36858,741038,6692
2022-11-25,Sacramento,067,1510023,355683,353538,35621,389159,3374
2022-11-25,San Benito,069,59416,16665,16474,1004,17478,108
2022-11-25,San Bernardino,071,2135413,683453,679620,31690,711310,8133
2022-11-25,San Diego,073,3302833,941490,938583,74231,1012814,5562
2022-11-25,San Francisco,075,870044,184902,183671,12475,196146,1076
2022-11-25,San Joaquin,077,732212,201714,200474,15596,216070,2344
2022-11-25,San Luis Obispo,079,281455,64256,63962,7343,71305,530
2022-11-25,San Mateo,081,765935,174005,172573,10580,183153,748
2022-11-25,Santa Barbara,083,443738,107627,107184,7068,114252,735
2022-11-25,Santa Clara,085,1922200,449499,442182,19523,461705,2558
2022-11-25,Santa Cruz,087,273765,65191,64814,3599,68413,275
2022-11-25,Shasta,089,179085,35655,35452,7896,43348,596
2022-11-25,Sierra,091,2930,308,308,61,369,5
2022-11-25,Siskiyou,093,43540,5280,5385,3379,8764,95
2022-11-25,Solano,095,438530,108243,107446,8120,115566,469
2022-11-25,Sonoma,097,501317,109174,108690,5420,114110,530
2022-11-25,Stanislaus,099,539301,140223,139741,21973,161714,1785
2022-11-25,Sutter,101,95872,24808,24730,2473,27203,234
2022-11-25,Tehama,103,63373,13955,13857,3219,17076,216
2022-11-25,Trinity,105,12862,1439,1425,454,1879,21
2022-11-25,Tulare,107,460477,123773,123029,37517,160546,1545
2022-11-25,Tuolumne,109,53932,16033,15885,937,16822,206
2022-11-25,Ventura,111,848112,212655,211680,16370,228050,1591
2022-11-25,Yolo,113,214977,48424,48228,4534,52762,408
2022-11-25,Yuba,115,75493,19308,19233,1764,20997,132
2022-11-24,Alameda,001,1643700,358075,356253,20389,376642,2059
2022-11-24,Alpine,002,1148,139,138,1,139,0
2022-11-24,Amador,005,37829,10160,10132,946,11078,95
2022-11-24,Butte,007,227075,40321,40206,9448,49654,465
2022-11-24,Calaveras,009,45235,8685,8651,587,9238,135
2022-11-24,Colusa,011,21464,3848,3840,1306,5146,22
2022-11-24,Contra Costa,013,1133247,258217,256191,21251,277442,1483
2022-11-24,Del Norte,015,27424,7554,7502,405,7907,56
2022-11-24,El Dorado,017,186661,33178,33057,4374,37431,233
2022-11-24,Fresno,019,978130,283303,278793,32611,311404,2893
2022-11-24,Glenn,021,27897,5646,5625,1911,7536,58
2022-11-24,Humboldt,023,135768,22514,22351,5314,27665,160
2022-11-24,Imperial,025,180216,67037,66747,17028,83775,960
2022-11-24,Inyo,027,18085,4593,4557,1094,5651,60
2022-11-24,Kern,029,883053,222637,221639,66513,288152,2430
2022-11-24,Kings,031,150075,60621,60457,4242,64699,463
2022-11-24,Lake,033,64148,13114,13042,1229,14271,149
2022-11-24,Lassen,035,31185,10120,10091,1019,11110,65
2022-11-24,Los Angeles,037,10098052,3346360,3332327,191680,3524007,33882
2022-11-24,Madera,039,155013,44738,44503,8425,52928,377
2022-11-24,Marin,041,260295,46539,46293,5388,51681,314
2022-11-24,Mariposa,043,17540,3200,3156,348,3504,32
2022-11-24,Mendocino,045,87422,16337,16255,4600,20855,136
2022-11-24,Merced,047,269075,73974,73259,12097,85356,876
2022-11-24,Modoc,049,8938,900,895,346,1241,11
2022-11-24,Mono,051,14174,3237,3233,273,3506,8
2022-11-24,Monterey,053,433212,95509,95169,21808,116977,775
2022-11-24,Napa,055,140530,32873,32736,1445,34181,161
2022-11-24,Nevada,057,99092,19462,19310,2034,21344,132
2022-11-24,Orange,059,3164182,680739,676959,67445,744404,7565
2022-11-24,Placer,061,380077,77754,77331,9834,87165,665
2022-11-24,Plumas,063,18699,3740,3737,446,4183,13
2022-11-24,Riverside,065,2383286,706950,704180,36776,740956,6692
2022-11-24,Sacramento,067,1510023,355425,353538,35600,389138,3374
2022-11-24,San Benito,069,59416,16655,16474,1003,17477,108
2022-11-24,San Bernardino,071,2135413,682960,679620,31641,711261,8133
2022-11-24,San Diego,073,3302833,940899,938583,74142,1012725,5562
2022-11-24,San Francisco,075,870044,184742,183671,12459,196130,1076
2022-11-24,San Joaquin,077,732212,201557,200474,15563,216037,2344
2022-11-24,San Luis Obispo,079,281455,64236,63962,7338,71300,530
2022-11-24,San Mateo,081,765935,173867,172573,10576,183149,748
2022-11-24,Santa Barbara,083,443738,107582,107184,7066,114250,735
2022-11-24,Santa Clara,085,1922200,449161,442182,19512,461694,2558
2022-11-24,Santa Cruz,087,273765,65161,64814,3598,68412,275
2022-11-24,Shasta,089,179085,35642,35452,7890,43342,596
2022-11-24,Sierra,091,2930,308,308,61,369,5
2022-11-24,Siskiyou,093,43540,5280,5385,3379,8764,95
2022-11-24,Solano,095,438530,108125,107446,8117,115563,469
2022-11-24,Sonoma,097,501317,109111,108690,5418,114108,530
2022-11-24,Stanislaus,099,539301,140142,139741,21961,161702,1785
2022-11-24,Sutter,101,95872,24796,24730,2473,27203,234
2022-11-24,Tehama,103,63373,13944,13857,3216,17073,216
2022-11-24,Trinity,105,12862,1439,1425,453,1878,21
2022-11-24,Tulare,107,460477,123720,123029,37484,160513,1545
2022-11-24,Tuolumne,109,53932,16019,15885,935,16820,206
2022-11-24,Ventura,111,848112,212512,211680,16333,228013,1591
2022-11-24,Yolo,113,214977,48404,48228,4532,52760,408
2022-11-24,Yuba,115,75493,19291,19233,1764,20997,132
2022-11-23,Alameda,001,1643700,357921,356253,20376,376629,2059
2022-11-23,Alpine,002,1148,139,138,1,139,0
2022-11-23,Amador,005,37829,10157,10132,946,11078,95
2022-11-23,Butte,007,227075,40304,40206,9437,49643,465
2022-11-23,Calaveras,009,45235,8679,8651,587,9238,135
2022-11-23,Colusa,011,21464,3848,3840,1306,5146,22
2022-11-23,Contra Costa,013,1133247,258103,256191,21247,277438,1483
2022-11-23,Del Norte,015,27424,7553,7502,405,7907,56
2022-11-23,El Dorado,017,186661,33168,33057,4373,37430,233
2022-11-23,Fresno,019,978130,283214,278793,32588,311381,2893
2022-11-23,Glenn,021,27897,5645,5625,1910,7535,58
2022-11-23,Humboldt,023,135768,22508,22351,5312,27663,160
2022-11-23,Imperial,025,180216,66995,66747,17022,83769,960
2022-11-23,Inyo,027,18085,4592,4557,1093,5650,60
2022-11-23,Kern,029,883053,222595,221639,66502,288141,2430
2022-11-23,Kings,031,150075,60609,60457,4241,64698,463
2022-11-23,Lake,033,64148,13108,13042,1229,14271,149
2022-11-23,Lassen,035,31185,10116,10091,1019,11110,65
2022-11-23,Los Angeles,037,10098052,3345301,3332327,191459,3523786,33882
2022-11-23,Madera,039,155013,44737,44503,8422,52925,377
2022-11-23,Marin,041,260295,46514,46293,5386,51679,314
2022-11-23,Mariposa,043,17540,3200,3156,348,3504,32
2022-11-23,Mendocino,045,87422,16336,16255,4597,20852,136
2022-11-23,Merced,047,269075,73953,73259,12093,85352,876
2022-11-23,Modoc,049,8938,900,895,346,1241,11
2022-11-23,Mono,051,14174,3237,3233,273,3506,8
2022-11-23,Monterey,053,433212,95488,95169,21800,116969,775
2022-11-23,Napa,055,140530,32862,32736,1445,34181,161
2022-11-23,Nevada,057,99092,19455,19310,2033,21343,132
2022-11-23,Orange,059,3164182,680603,676959,67370,744329,7565
2022-11-23,Placer,061,380077,77716,77331,9830,87161,665
2022-11-23,Plumas,063,18699,3739,3737,446,4183,13
2022-11-23,Riverside,065,2383286,706765,704180,36748,740928,6692
2022-11-23,Sacramento,067,1510023,355305,353538,35583,389121,3374
2022-11-23,San Benito,069,59416,16652,16474,1003,17477,108
2022-11-23,San Bernardino,071,2135413,682763,679620,31623,711243,8133
2022-11-23,San Diego,073,3302833,940689,938583,74103,1012686,5562
2022-11-23,San Francisco,075,870044,184667,183671,12456,196127,1076
2022-11-23,San Joaquin,077,732212,201490,200474,15543,216017,2344
2022-11-23,San Luis Obispo,079,281455,64230,63962,7338,71300,530
2022-11-23,San Mateo,081,765935,173811,172573,10574,183147,748
2022-11-23,Santa Barbara,083,443738,107548,107184,7064,114248,735
2022-11-23,Santa Clara,085,1922200,448984,442182,19497,461679,2558
2022-11-23,Santa Cruz,087,273765,65143,64814,3598,68412,275
2022-11-23,Shasta,089,179085,35636,35452,7888,43340,596
2022-11-23,Sierra,091,2930,308,308,61,369,5
2022-11-23,Siskiyou,093,43540,5277,5385,3379,8764,95
2022-11-23,Solano,095,438530,108110,107446,8115,115561,469
2022-11-23,Sonoma,097,501317,109080,108690,5418,114108,530
2022-11-23,Stanislaus,099,539301,140102,139741,21957,161698,1785
2022-11-23,Sutter,101,95872,24792,24730,2473,27203,234
2022-11-23,Tehama,103,63373,13939,13857,3215,17072,216
2022-11-23,Trinity,105,12862,1439,1425,453,1878,21
2022-11-23,Tulare,107,460477,123671,123029,37464,160493,1545
2022-11-23,Tuolumne,109,53932,16006,15885,935,16820,206
2022-11-23,Ventura,111,848112,212445,211680,16325,228005,1591
2022-11-23,Yolo,113,214977,48386,48228,4529,52757,408
2022-11-23,Yuba,115,75493,19284,19233,1763,20996,132
2022-11-22,Alameda,001,1643700,357551,356253,20335,376588,2059
2022-11-22,Alpine,002,1148,139,138,1,139,0
2022-11-22,Amador,005,37829,10153,10132,946,11078,95
2022-11-22,Butte,007,227075,40276,40206,9428,49634,465
2022-11-22,Calaveras,009,45235,8677,8651,586,9237,135
2022-11-22,Colusa,011,21464,3847,3840,1306,5146,22
2022-11-22,Contra Costa,013,1133247,257861,256191,21226,277417,1483
2022-11-22,Del Norte,015,27424,7548,7502,405,7907,56
2022-11-22,El Dorado,017,186661,33141,33057,4368,37425,233
2022-11-22,Fresno,019,978130,283023,278793,32545,311338,2893
2022-11-22,Glenn,021,27897,5642,5625,1905,7530,58
2022-11-22,Humboldt,023,135768,22483,22351,5301,27652,160
2022-11-22,Imperial,025,180216,66943,66747,16927,83674,960
2022-11-22,Inyo,027,18085,4588,4557,1091,5648,60
2022-11-22,Kern,029,883053,222527,221639,66452,288091,2430
2022-11-22,Kings,031,150075,60567,60457,4239,64696,463
2022-11-22,Lake,033,64148,13105,13042,1227,14269,149
2022-11-22,Lassen,035,31185,10109,10091,1018,11109,65
2022-11-22,Los Angeles,037,10098052,3342597,3332327,190985,3523312,33882
2022-11-22,Madera,039,155013,44712,44503,8411,52914,377
2022-11-22,Marin,041,260295,46472,46293,5384,51677,314
2022-11-22,Mariposa,043,17540,3195,3156,348,3504,32
2022-11-22,Mendocino,045,87422,16330,16255,4593,20848,136
2022-11-22,Merced,047,269075,73913,73259,12086,85345,876
2022-11-22,Modoc,049,8938,900,895,343,1238,11
2022-11-22,Mono,051,14174,3236,3233,273,3506,8
2022-11-22,Monterey,053,433212,95456,95169,21779,116948,775
2022-11-22,Napa,055,140530,32834,32736,1442,34178,161
2022-11-22,Nevada,057,99092,19434,19310,2022,21332,132
2022-11-22,Orange,059,3164182,680179,676959,67211,744170,7565
2022-11-22,Placer,061,380077,77656,77331,9822,87153,665
2022-11-22,Plumas,063,18699,3737,3737,446,4183,13
2022-11-22,Riverside,065,2383286,706339,704180,36670,740850,6692
2022-11-22,Sacramento,067,1510023,355057,353538,35556,389094,3374
2022-11-22,San Benito,069,59416,16636,16474,1001,17475,108
2022-11-22,San Bernardino,071,2135413,682352,679620,31590,711210,8133
2022-11-22,San Diego,073,3302833,940179,938583,74002,1012585,5562
2022-11-22,San Francisco,075,870044,184520,183671,12443,196114,1076
2022-11-22,San Joaquin,077,732212,201361,200474,15512,215986,2344
2022-11-22,San Luis Obispo,079,281455,64209,63962,7325,71287,530
2022-11-22,San Mateo,081,765935,173671,172573,10566,183139,748
2022-11-22,Santa Barbara,083,443738,107496,107184,7050,114234,735
2022-11-22,Santa Clara,085,1922200,448592,442182,19471,461653,2558
2022-11-22,Santa Cruz,087,273765,65098,64814,3594,68408,275
2022-11-22,Shasta,089,179085,35618,35452,7882,43334,596
2022-11-22,Sierra,091,2930,308,308,61,369,5
2022-11-22,Siskiyou,093,43540,5273,5385,3379,8764,95
2022-11-22,Solano,095,438530,108025,107446,8112,115558,469
2022-11-22,Sonoma,097,501317,109013,108690,5409,114099,530
2022-11-22,Stanislaus,099,539301,140030,139741,21945,161686,1785
2022-11-22,Sutter,101,95872,24778,24730,2472,27202,234
2022-11-22,Tehama,103,63373,13929,13857,3214,17071,216
2022-11-22,Trinity,105,12862,1438,1425,452,1877,21
2022-11-22,Tulare,107,460477,123596,123029,37420,160449,1545
2022-11-22,Tuolumne,109,53932,15995,15885,934,16819,206
2022-11-22,Ventura,111,848112,212340,211680,16304,227984,1591
2022-11-22,Yolo,113,214977,48362,48228,4521,52749,408
2022-11-22,Yuba,115,75493,19274,19233,1763,20996,132
2022-11-21,Alameda,001,1643700,357267,354457,20309,374766,2054
2022-11-21,Alpine,002,1148,139,136,1,137,0
2022-11-21,Amador,005,37829,10148,10108,945,11053,95
2022-11-21,Butte,007,227075,40242,40058,9420,49478,461
2022-11-21,Calaveras,009,45235,8672,8612,585,9197,135
2022-11-21,Colusa,011,21464,3845,3828,1306,5134,22
2022-11-21,Contra Costa,013,1133247,257682,254944,21214,276158,1479
2022-11-21,Del Norte,015,27424,7546,7492,405,7897,56
2022-11-21,El Dorado,017,186661,33114,32903,4362,37265,233
2022-11-21,Fresno,019,978130,282851,277735,32496,310231,2888
2022-11-21,Glenn,021,27897,5639,5591,1902,7493,50
2022-11-21,Humboldt,023,135768,22463,22254,5290,27544,160
2022-11-21,Imperial,025,180216,66890,66473,16869,83342,960
2022-11-21,Inyo,027,18085,4582,4530,1087,5617,60
2022-11-21,Kern,029,883053,222427,221145,66402,287547,2430
2022-11-21,Kings,031,150075,60534,60156,4237,64393,462
2022-11-21,Lake,033,64148,13096,12978,1226,14204,149
2022-11-21,Lassen,035,31185,10105,10043,1017,11060,65
2022-11-21,Los Angeles,037,10098052,3339979,3320411,190497,3510908,33830
2022-11-21,Madera,039,155013,44694,44373,8409,52782,375
2022-11-21,Marin,041,260295,46426,46115,5383,51498,314
2022-11-21,Mariposa,043,17540,3188,3138,348,3486,32
2022-11-21,Mendocino,045,87422,16322,16205,4592,20797,136
2022-11-21,Merced,047,269075,73872,73022,12084,85106,875
2022-11-21,Modoc,049,8938,898,889,342,1231,11
2022-11-21,Mono,051,14174,3236,3226,272,3498,8
2022-11-21,Monterey,053,433212,95417,94949,21747,116696,773
2022-11-21,Napa,055,140530,32813,32610,1441,34051,161
2022-11-21,Nevada,057,99092,19412,19238,2015,21253,132
2022-11-21,Orange,059,3164182,679700,674980,67021,742001,7553
2022-11-21,Placer,061,380077,77601,76976,9815,86791,662
2022-11-21,Plumas,063,18699,3737,3729,446,4175,13
2022-11-21,Riverside,065,2383286,705891,702343,36590,738933,6686
2022-11-21,Sacramento,067,1510023,354752,352117,35512,387629,3362
2022-11-21,San Benito,069,59416,16624,16410,1000,17410,108
2022-11-21,San Bernardino,071,2135413,681839,677641,31539,709180,8131
2022-11-21,San Diego,073,3302833,939581,935811,73876,1009687,5557
2022-11-21,San Francisco,075,870044,184346,182855,12435,195290,1074
2022-11-21,San Joaquin,077,732212,201232,199682,15478,215160,2341
2022-11-21,San Luis Obispo,079,281455,64182,63812,7318,71130,530
2022-11-21,San Mateo,081,765935,173544,171862,10561,182423,748
2022-11-21,Santa Barbara,083,443738,107421,106885,7047,113932,733
2022-11-21,Santa Clara,085,1922200,448181,440104,19452,459556,2541
2022-11-21,Santa Cruz,087,273765,65053,64515,3586,68101,276
2022-11-21,Shasta,089,179085,35600,35346,7874,43220,595
2022-11-21,Sierra,091,2930,308,308,60,368,5
2022-11-21,Siskiyou,093,43540,5268,5364,3379,8743,95
2022-11-21,Solano,095,438530,107924,106903,8105,115008,469
2022-11-21,Sonoma,097,501317,108931,108386,5405,113791,527
2022-11-21,Stanislaus,099,539301,139953,139293,21930,161223,1785
2022-11-21,Sutter,101,95872,24762,24642,2472,27114,234
2022-11-21,Tehama,103,63373,13921,13784,3211,16995,216
2022-11-21,Trinity,105,12862,1437,1422,449,1871,20
2022-11-21,Tulare,107,460477,123523,122707,37383,160090,1545
2022-11-21,Tuolumne,109,53932,15990,15805,934,16739,209
2022-11-21,Ventura,111,848112,212199,210938,16275,227213,1586
2022-11-21,Yolo,113,214977,48333,48092,4516,52608,355
2022-11-21,Yuba,115,75493,19254,19157,1762,20919,132
2022-11-20,Alameda,001,1643700,356916,354457,20274,374731,2054
2022-11-20,Alpine,002,1148,139,136,1,137,0
2022-11-20,Amador,005,37829,10145,10108,944,11052,95
2022-11-20,Butte,007,227075,40211,40058,9402,49460,461
2022-11-20,Calaveras,009,45235,8664,8612,585,9197,135
2022-11-20,Colusa,011,21464,3843,3828,1306,5134,22
2022-11-20,Contra Costa,013,1133247,257468,254944,21196,276140,1479
2022-11-20,Del Norte,015,27424,7539,7492,405,7897,56
2022-11-20,El Dorado,017,186661,33062,32903,4358,37261,233
2022-11-20,Fresno,019,978130,282639,277735,32444,310179,2888
2022-11-20,Glenn,021,27897,5634,5591,1901,7492,50
2022-11-20,Humboldt,023,135768,22440,22254,5287,27541,160
2022-11-20,Imperial,025,180216,66824,66473,16820,83293,960
2022-11-20,Inyo,027,18085,4575,4530,1086,5616,60
2022-11-20,Kern,029,883053,222319,221145,66350,287495,2430
2022-11-20,Kings,031,150075,60485,60156,4236,64392,462
2022-11-20,Lake,033,64148,13085,12978,1220,14198,149
2022-11-20,Lassen,035,31185,10104,10043,1015,11058,65
2022-11-20,Los Angeles,037,10098052,3337095,3320411,190007,3510418,33830
2022-11-20,Madera,039,155013,44676,44373,8404,52777,375
2022-11-20,Marin,041,260295,46397,46115,5379,51494,314
2022-11-20,Mariposa,043,17540,3184,3138,348,3486,32
2022-11-20,Mendocino,045,87422,16317,16205,4589,20794,136
2022-11-20,Merced,047,269075,73794,73022,12077,85099,875
2022-11-20,Modoc,049,8938,894,889,342,1231,11
2022-11-20,Mono,051,14174,3234,3226,272,3498,8
2022-11-20,Monterey,053,433212,95377,94949,21719,116668,773
2022-11-20,Napa,055,140530,32790,32610,1438,34048,161
2022-11-20,Nevada,057,99092,19382,19238,2007,21245,132
2022-11-20,Orange,059,3164182,679226,674980,66863,741843,7553
2022-11-20,Placer,061,380077,77540,76976,9812,86788,662
2022-11-20,Plumas,063,18699,3736,3729,446,4175,13
2022-11-20,Riverside,065,2383286,705469,702343,36512,738855,6686
2022-11-20,Sacramento,067,1510023,354458,352117,35484,387601,3362
2022-11-20,San Benito,069,59416,16605,16410,999,17409,108
2022-11-20,San Bernardino,071,2135413,681304,677641,31494,709135,8131
2022-11-20,San Diego,073,3302833,938906,935811,73759,1009570,5557
2022-11-20,San Francisco,075,870044,184136,182855,12414,195269,1074
2022-11-20,San Joaquin,077,732212,201107,199682,15456,215138,2341
2022-11-20,San Luis Obispo,079,281455,64149,63812,7314,71126,530
2022-11-20,San Mateo,081,765935,173392,171862,10549,182411,748
2022-11-20,Santa Barbara,083,443738,107357,106885,7036,113921,733
2022-11-20,Santa Clara,085,1922200,447777,440104,19430,459534,2541
2022-11-20,Santa Cruz,087,273765,64983,64515,3582,68097,276
2022-11-20,Shasta,089,179085,35581,35346,7862,43208,595
2022-11-20,Sierra,091,2930,308,308,60,368,5
2022-11-20,Siskiyou,093,43540,5266,5364,3378,8742,95
2022-11-20,Solano,095,438530,107812,106903,8096,114999,469
2022-11-20,Sonoma,097,501317,108870,108386,5403,113789,527
2022-11-20,Stanislaus,099,539301,139862,139293,21909,161202,1785
2022-11-20,Sutter,101,95872,24745,24642,2471,27113,234
2022-11-20,Tehama,103,63373,13910,13784,3211,16995,216
2022-11-20,Trinity,105,12862,1437,1422,446,1868,20
2022-11-20,Tulare,107,460477,123454,122707,37340,160047,1545
2022-11-20,Tuolumne,109,53932,15978,15805,933,16738,209
2022-11-20,Ventura,111,848112,212068,210938,16251,227189,1586
2022-11-20,Yolo,113,214977,48307,48092,4507,52599,355
2022-11-20,Yuba,115,75493,19249,19157,1762,20919,132
2022-11-19,Alameda,001,1643700,356731,354457,20260,374717,2054
2022-11-19,Alpine,002,1148,139,136,1,137,0
2022-11-19,Amador,005,37829,10142,10108,944,11052,95
2022-11-19,Butte,007,227075,40199,40058,9392,49450,461
2022-11-19,Calaveras,009,45235,8661,8612,583,9195,135
2022-11-19,Colusa,011,21464,3841,3828,1306,5134,22
2022-11-19,Contra Costa,013,1133247,257370,254944,21193,276137,1479
2022-11-19,Del Norte,015,27424,7538,7492,405,7897,56
2022-11-19,El Dorado,017,186661,33038,32903,4357,37260,233
2022-11-19,Fresno,019,978130,282534,277735,32423,310158,2888
2022-11-19,Glenn,021,27897,5634,5591,1901,7492,50
2022-11-19,Humboldt,023,135768,22425,22254,5281,27535,160
2022-11-19,Imperial,025,180216,66802,66473,16812,83285,960
2022-11-19,Inyo,027,18085,4573,4530,1082,5612,60
2022-11-19,Kern,029,883053,222281,221145,66328,287473,2430
2022-11-19,Kings,031,150075,60463,60156,4234,64390,462
2022-11-19,Lake,033,64148,13081,12978,1220,14198,149
2022-11-19,Lassen,035,31185,10103,10043,1015,11058,65
2022-11-19,Los Angeles,037,10098052,3335591,3320411,189754,3510165,33830
2022-11-19,Madera,039,155013,44661,44373,8403,52776,375
2022-11-19,Marin,041,260295,46374,46115,5379,51494,314
2022-11-19,Mariposa,043,17540,3184,3138,348,3486,32
2022-11-19,Mendocino,045,87422,16314,16205,4584,20789,136
2022-11-19,Merced,047,269075,73770,73022,12073,85095,875
2022-11-19,Modoc,049,8938,894,889,342,1231,11
2022-11-19,Mono,051,14174,3234,3226,272,3498,8
2022-11-19,Monterey,053,433212,95351,94949,21706,116655,773
2022-11-19,Napa,055,140530,32779,32610,1436,34046,161
2022-11-19,Nevada,057,99092,19372,19238,2004,21242,132
2022-11-19,Orange,059,3164182,678998,674980,66790,741770,7553
2022-11-19,Placer,061,380077,77489,76976,9807,86783,662
2022-11-19,Plumas,063,18699,3736,3729,446,4175,13
2022-11-19,Riverside,065,2383286,705231,702343,36464,738807,6686
2022-11-19,Sacramento,067,1510023,354337,352117,35475,387592,3362
2022-11-19,San Benito,069,59416,16592,16410,999,17409,108
2022-11-19,San Bernardino,071,2135413,681040,677641,31471,709112,8131
2022-11-19,San Diego,073,3302833,938668,935811,73718,1009529,5557
2022-11-19,San Francisco,075,870044,184040,182855,12410,195265,1074
2022-11-19,San Joaquin,077,732212,201017,199682,15428,215110,2341
2022-11-19,San Luis Obispo,079,281455,64134,63812,7310,71122,530
2022-11-19,San Mateo,081,765935,173309,171862,10545,182407,748
2022-11-19,Santa Barbara,083,443738,107320,106885,7031,113916,733
2022-11-19,Santa Clara,085,1922200,447556,440104,19418,459522,2541
2022-11-19,Santa Cruz,087,273765,64965,64515,3580,68095,276
2022-11-19,Shasta,089,179085,35572,35346,7855,43201,595
2022-11-19,Sierra,091,2930,308,308,60,368,5
2022-11-19,Siskiyou,093,43540,5259,5364,3378,8742,95
2022-11-19,Solano,095,438530,107781,106903,8091,114994,469
2022-11-19,Sonoma,097,501317,108845,108386,5402,113788,527
2022-11-19,Stanislaus,099,539301,139801,139293,21907,161200,1785
2022-11-19,Sutter,101,95872,24736,24642,2471,27113,234
2022-11-19,Tehama,103,63373,13903,13784,3210,16994,216
2022-11-19,Trinity,105,12862,1437,1422,446,1868,20
2022-11-19,Tulare,107,460477,123417,122707,37318,160025,1545
2022-11-19,Tuolumne,109,53932,15961,15805,932,16737,209
2022-11-19,Ventura,111,848112,211988,210938,16236,227174,1586
2022-11-19,Yolo,113,214977,48290,48092,4505,52597,355
2022-11-19,Yuba,115,75493,19243,19157,1762,20919,132
2022-11-18,Alameda,001,1643700,356535,354457,20243,374700,2054
2022-11-18,Alpine,002,1148,139,136,1,137,0
2022-11-18,Amador,005,37829,10136,10108,944,11052,95
2022-11-18,Butte,007,227075,40187,40058,9385,49443,461
2022-11-18,Calaveras,009,45235,8656,8612,583,9195,135
2022-11-18,Colusa,011,21464,3839,3828,1306,5134,22
2022-11-18,Contra Costa,013,1133247,257250,254944,21186,276130,1479
2022-11-18,Del Norte,015,27424,7536,7492,405,7897,56
2022-11-18,El Dorado,017,186661,33027,32903,4356,37259,233
2022-11-18,Fresno,019,978130,282420,277735,32403,310138,2888
2022-11-18,Glenn,021,27897,5633,5591,1901,7492,50
2022-11-18,Humboldt,023,135768,22412,22254,5277,27531,160
2022-11-18,Imperial,025,180216,66785,66473,16801,83274,960
2022-11-18,Inyo,027,18085,4571,4530,1077,5607,60
2022-11-18,Kern,029,883053,222247,221145,66279,287424,2430
2022-11-18,Kings,031,150075,60444,60156,4232,64388,462
2022-11-18,Lake,033,64148,13077,12978,1220,14198,149
2022-11-18,Lassen,035,31185,10103,10043,1015,11058,65
2022-11-18,Los Angeles,037,10098052,3334190,3320411,189489,3509900,33830
2022-11-18,Madera,039,155013,44639,44373,8397,52770,375
2022-11-18,Marin,041,260295,46353,46115,5375,51490,314
2022-11-18,Mariposa,043,17540,3177,3138,348,3486,32
2022-11-18,Mendocino,045,87422,16311,16205,4583,20788,136
2022-11-18,Merced,047,269075,73751,73022,12069,85091,875
2022-11-18,Modoc,049,8938,894,889,341,1230,11
2022-11-18,Mono,051,14174,3234,3226,271,3497,8
2022-11-18,Monterey,053,433212,95325,94949,21693,116642,773
2022-11-18,Napa,055,140530,32768,32610,1436,34046,161
2022-11-18,Nevada,057,99092,19365,19238,1995,21233,132
2022-11-18,Orange,059,3164182,678777,674980,66701,741681,7553
2022-11-18,Placer,061,380077,77453,76976,9801,86777,662
2022-11-18,Plumas,063,18699,3735,3729,445,4174,13
2022-11-18,Riverside,065,2383286,705010,702343,36423,738766,6686
2022-11-18,Sacramento,067,1510023,354175,352117,35459,387576,3362
2022-11-18,San Benito,069,59416,16589,16410,999,17409,108
2022-11-18,San Bernardino,071,2135413,680813,677641,31453,709094,8131
2022-11-18,San Diego,073,3302833,938340,935811,73668,1009479,5557
2022-11-18,San Francisco,075,870044,183935,182855,12389,195244,1074
2022-11-18,San Joaquin,077,732212,200941,199682,15414,215096,2341
2022-11-18,San Luis Obispo,079,281455,64118,63812,7307,71119,530
2022-11-18,San Mateo,081,765935,173249,171862,10537,182399,748
2022-11-18,Santa Barbara,083,443738,107292,106885,7027,113912,733
2022-11-18,Santa Clara,085,1922200,447320,440104,19404,459508,2541
2022-11-18,Santa Cruz,087,273765,64942,64515,3577,68092,276
2022-11-18,Shasta,089,179085,35563,35346,7851,43197,595
2022-11-18,Sierra,091,2930,308,308,60,368,5
2022-11-18,Siskiyou,093,43540,5257,5364,3378,8742,95
2022-11-18,Solano,095,438530,107724,106903,8089,114992,469
2022-11-18,Sonoma,097,501317,108808,108386,5400,113786,527
2022-11-18,Stanislaus,099,539301,139752,139293,21901,161194,1785
2022-11-18,Sutter,101,95872,24729,24642,2471,27113,234
2022-11-18,Tehama,103,63373,13899,13784,3209,16993,216
2022-11-18,Trinity,105,12862,1437,1422,445,1867,20
2022-11-18,Tulare,107,460477,123373,122707,37285,159992,1545
2022-11-18,Tuolumne,109,53932,15948,15805,932,16737,209
2022-11-18,Ventura,111,848112,211910,210938,16215,227153,1586
2022-11-18,Yolo,113,214977,48274,48092,4500,52592,355
2022-11-18,Yuba,115,75493,19232,19157,1762,20919,132
2022-11-17,Alameda,001,1643700,356273,354457,20214,374671,2054
2022-11-17,Alpine,002,1148,138,136,1,137,0
2022-11-17,Amador,005,37829,10133,10108,944,11052,95
2022-11-17,Butte,007,227075,40164,40058,9374,49432,461
2022-11-17,Calaveras,009,45235,8651,8612,581,9193,135
2022-11-17,Colusa,011,21464,3839,3828,1306,5134,22
2022-11-17,Contra Costa,013,1133247,257096,254944,21177,276121,1479
2022-11-17,Del Norte,015,27424,7531,7492,405,7897,56
2022-11-17,El Dorado,017,186661,32997,32903,4356,37259,233
2022-11-17,Fresno,019,978130,282256,277735,32377,310112,2888
2022-11-17,Glenn,021,27897,5627,5591,1897,7488,50
2022-11-17,Humboldt,023,135768,22399,22254,5273,27527,160
2022-11-17,Imperial,025,180216,66734,66473,16762,83235,960
2022-11-17,Inyo,027,18085,4564,4530,1075,5605,60
2022-11-17,Kern,029,883053,222168,221145,66242,287387,2430
2022-11-17,Kings,031,150075,60409,60156,4226,64382,462
2022-11-17,Lake,033,64148,13071,12978,1220,14198,149
2022-11-17,Lassen,035,31185,10096,10043,1012,11055,65
2022-11-17,Los Angeles,037,10098052,3332245,3320411,189190,3509601,33830
2022-11-17,Madera,039,155013,44583,44373,8393,52766,375
2022-11-17,Marin,041,260295,46326,46115,5372,51487,314
2022-11-17,Mariposa,043,17540,3172,3138,348,3486,32
2022-11-17,Mendocino,045,87422,16305,16205,4583,20788,136
2022-11-17,Merced,047,269075,73712,73022,12066,85088,875
2022-11-17,Modoc,049,8938,892,889,341,1230,11
2022-11-17,Mono,051,14174,3233,3226,271,3497,8
2022-11-17,Monterey,053,433212,95296,94949,21668,116617,773
2022-11-17,Napa,055,140530,32744,32610,1435,34045,161
2022-11-17,Nevada,057,99092,19353,19238,1991,21229,132
2022-11-17,Orange,059,3164182,678446,674980,66586,741566,7553
2022-11-17,Placer,061,380077,77407,76976,9795,86771,662
2022-11-17,Plumas,063,18699,3731,3729,445,4174,13
2022-11-17,Riverside,065,2383286,704703,702343,36380,738723,6686
2022-11-17,Sacramento,067,1510023,353951,352117,35430,387547,3362
2022-11-17,San Benito,069,59416,16581,16410,997,17407,108
2022-11-17,San Bernardino,071,2135413,680495,677641,31422,709063,8131
2022-11-17,San Diego,073,3302833,937934,935811,73616,1009427,5557
2022-11-17,San Francisco,075,870044,183804,182855,12371,195226,1074
2022-11-17,San Joaquin,077,732212,200822,199682,15374,215056,2341
2022-11-17,San Luis Obispo,079,281455,64097,63812,7304,71116,530
2022-11-17,San Mateo,081,765935,173148,171862,10536,182398,748
2022-11-17,Santa Barbara,083,443738,107252,106885,7024,113909,733
2022-11-17,Santa Clara,085,1922200,446974,440104,19382,459486,2541
2022-11-17,Santa Cruz,087,273765,64905,64515,3575,68090,276
2022-11-17,Shasta,089,179085,35551,35346,7842,43188,595
2022-11-17,Sierra,091,2930,308,308,60,368,5
2022-11-17,Siskiyou,093,43540,5254,5364,3378,8742,95
2022-11-17,Solano,095,438530,107658,106903,8085,114988,469
2022-11-17,Sonoma,097,501317,108756,108386,5399,113785,527
2022-11-17,Stanislaus,099,539301,139692,139293,21888,161181,1785
2022-11-17,Sutter,101,95872,24718,24642,2471,27113,234
2022-11-17,Tehama,103,63373,13885,13784,3207,16991,216
2022-11-17,Trinity,105,12862,1435,1422,442,1864,20
2022-11-17,Tulare,107,460477,123305,122707,37255,159962,1545
2022-11-17,Tuolumne,109,53932,15932,15805,932,16737,209
2022-11-17,Ventura,111,848112,211809,210938,16194,227132,1586
2022-11-17,Yolo,113,214977,48263,48092,4495,52587,355
2022-11-17,Yuba,115,75493,19217,19157,1760,20917,132
2022-11-16,Alameda,001,1643700,356038,354457,20192,374649,2054
2022-11-16,Alpine,002,1148,138,136,1,137,0
2022-11-16,Amador,005,37829,10126,10108,944,11052,95
2022-11-16,Butte,007,227075,40141,40058,9358,49416,461
2022-11-16,Calaveras,009,45235,8644,8612,580,9192,135
2022-11-16,Colusa,011,21464,3837,3828,1305,5133,22
2022-11-16,Contra Costa,013,1133247,256963,254944,21157,276101,1479
2022-11-16,Del Norte,015,27424,7531,7492,405,7897,56
2022-11-16,El Dorado,017,186661,32974,32903,4355,37258,233
2022-11-16,Fresno,019,978130,282099,277735,32350,310085,2888
2022-11-16,Glenn,021,27897,5624,5591,1896,7487,50
2022-11-16,Humboldt,023,135768,22379,22254,5267,27521,160
2022-11-16,Imperial,025,180216,66695,66473,16699,83172,960
2022-11-16,Inyo,027,18085,4559,4530,1068,5598,60
2022-11-16,Kern,029,883053,222085,221145,66194,287339,2430
2022-11-16,Kings,031,150075,60350,60156,4222,64378,462
2022-11-16,Lake,033,64148,13056,12978,1220,14198,149
2022-11-16,Lassen,035,31185,10092,10043,1010,11053,65
2022-11-16,Los Angeles,037,10098052,3330422,3320411,188859,3509270,33830
2022-11-16,Madera,039,155013,44563,44373,8387,52760,375
2022-11-16,Marin,041,260295,46300,46115,5367,51482,314
2022-11-16,Mariposa,043,17540,3172,3138,348,3486,32
2022-11-16,Mendocino,045,87422,16299,16205,4582,20787,136
2022-11-16,Merced,047,269075,73661,73022,12060,85082,875
2022-11-16,Modoc,049,8938,891,889,341,1230,11
2022-11-16,Mono,051,14174,3233,3226,271,3497,8
2022-11-16,Monterey,053,433212,95258,94949,21644,116593,773
2022-11-16,Napa,055,140530,32713,32610,1432,34042,161
2022-11-16,Nevada,057,99092,19342,19238,1988,21226,132
2022-11-16,Orange,059,3164182,678115,674980,66467,741447,7553
2022-11-16,Placer,061,380077,77348,76976,9793,86769,662
2022-11-16,Plumas,063,18699,3731,3729,445,4174,13
2022-11-16,Riverside,065,2383286,704381,702343,36318,738661,6686
2022-11-16,Sacramento,067,1510023,353703,352117,35398,387515,3362
2022-11-16,San Benito,069,59416,16572,16410,995,17405,108
2022-11-16,San Bernardino,071,2135413,680123,677641,31405,709046,8131
2022-11-16,San Diego,073,3302833,937467,935811,73560,1009371,5557
2022-11-16,San Francisco,075,870044,183670,182855,12361,195216,1074
2022-11-16,San Joaquin,077,732212,200701,199682,15362,215044,2341
2022-11-16,San Luis Obispo,079,281455,64074,63812,7299,71111,530
2022-11-16,San Mateo,081,765935,173039,171862,10533,182395,748
2022-11-16,Santa Barbara,083,443738,107202,106885,7014,113899,733
2022-11-16,Santa Clara,085,1922200,446631,440104,19369,459473,2541
2022-11-16,Santa Cruz,087,273765,64863,64515,3573,68088,276
2022-11-16,Shasta,089,179085,35542,35346,7835,43181,595
2022-11-16,Sierra,091,2930,308,308,60,368,5
2022-11-16,Siskiyou,093,43540,5251,5364,3377,8741,95
2022-11-16,Solano,095,438530,107589,106903,8079,114982,469
2022-11-16,Sonoma,097,501317,108705,108386,5397,113783,527
2022-11-16,Stanislaus,099,539301,139631,139293,21876,161169,1785
2022-11-16,Sutter,101,95872,24703,24642,2471,27113,234
2022-11-16,Tehama,103,63373,13874,13784,3193,16977,216
2022-11-16,Trinity,105,12862,1434,1422,441,1863,20
2022-11-16,Tulare,107,460477,123246,122707,37219,159926,1545
2022-11-16,Tuolumne,109,53932,15917,15805,932,16737,209
2022-11-16,Ventura,111,848112,211693,210938,16172,227110,1586
2022-11-16,Yolo,113,214977,48240,48092,4488,52580,355
2022-11-16,Yuba,115,75493,19203,19157,1760,20917,132
2022-11-15,Alameda,001,1643700,355800,354457,20182,374639,2054
2022-11-15,Alpine,002,1148,138,136,1,137,0
2022-11-15,Amador,005,37829,10120,10108,944,11052,95
2022-11-15,Butte,007,227075,40124,40058,9351,49409,461
2022-11-15,Calaveras,009,45235,8638,8612,580,9192,135
2022-11-15,Colusa,011,21464,3836,3828,1305,5133,22
2022-11-15,Contra Costa,013,1133247,256806,254944,21135,276079,1479
2022-11-15,Del Norte,015,27424,7529,7492,405,7897,56
2022-11-15,El Dorado,017,186661,32949,32903,4350,37253,233
2022-11-15,Fresno,019,978130,281930,277735,32313,310048,2888
2022-11-15,Glenn,021,27897,5620,5591,1895,7486,50
2022-11-15,Humboldt,023,135768,22362,22254,5261,27515,160
2022-11-15,Imperial,025,180216,66658,66473,16663,83136,960
2022-11-15,Inyo,027,18085,4555,4530,1064,5594,60
2022-11-15,Kern,029,883053,221996,221145,65826,286971,2430
2022-11-15,Kings,031,150075,60313,60156,4219,64375,462
2022-11-15,Lake,033,64148,13048,12978,1220,14198,149
2022-11-15,Lassen,035,31185,10085,10043,1009,11052,65
2022-11-15,Los Angeles,037,10098052,3328546,3320411,188585,3508996,33830
2022-11-15,Madera,039,155013,44543,44373,8384,52757,375
2022-11-15,Marin,041,260295,46277,46115,5364,51479,314
2022-11-15,Mariposa,043,17540,3169,3138,348,3486,32
2022-11-15,Mendocino,045,87422,16293,16205,4578,20783,136
2022-11-15,Merced,047,269075,73631,73022,12052,85074,875
2022-11-15,Modoc,049,8938,890,889,341,1230,11
2022-11-15,Mono,051,14174,3233,3226,271,3497,8
2022-11-15,Monterey,053,433212,95226,94949,21611,116560,773
2022-11-15,Napa,055,140530,32689,32610,1431,34041,161
2022-11-15,Nevada,057,99092,19329,19238,1982,21220,132
2022-11-15,Orange,059,3164182,677760,674980,66345,741325,7553
2022-11-15,Placer,061,380077,77300,76976,9785,86761,662
2022-11-15,Plumas,063,18699,3730,3729,445,4174,13
2022-11-15,Riverside,065,2383286,704056,702343,36270,738613,6686
2022-11-15,Sacramento,067,1510023,353457,352117,35365,387482,3362
2022-11-15,San Benito,069,59416,16569,16410,995,17405,108
2022-11-15,San Bernardino,071,2135413,679845,677641,31378,709019,8131
2022-11-15,San Diego,073,3302833,936998,935811,73507,1009318,5557
2022-11-15,San Francisco,075,870044,183538,182855,12349,195204,1074
2022-11-15,San Joaquin,077,732212,200584,199682,15346,215028,2341
2022-11-15,San Luis Obispo,079,281455,64041,63812,7294,71106,530
2022-11-15,San Mateo,081,765935,172926,171862,10529,182391,748
2022-11-15,Santa Barbara,083,443738,107159,106885,7009,113894,733
2022-11-15,Santa Clara,085,1922200,446308,440104,19357,459461,2541
2022-11-15,Santa Cruz,087,273765,64823,64515,3568,68083,276
2022-11-15,Shasta,089,179085,35530,35346,7820,43166,595
2022-11-15,Sierra,091,2930,308,308,60,368,5
2022-11-15,Siskiyou,093,43540,5247,5364,3377,8741,95
2022-11-15,Solano,095,438530,107503,106903,8072,114975,469
2022-11-15,Sonoma,097,501317,108663,108386,5391,113777,527
2022-11-15,Stanislaus,099,539301,139564,139293,21850,161143,1785
2022-11-15,Sutter,101,95872,24693,24642,2470,27112,234
2022-11-15,Tehama,103,63373,13861,13784,3188,16972,216
2022-11-15,Trinity,105,12862,1433,1422,441,1863,20
2022-11-15,Tulare,107,460477,123175,122707,37177,159884,1545
2022-11-15,Tuolumne,109,53932,15911,15805,932,16737,209
2022-11-15,Ventura,111,848112,211581,210938,16160,227098,1586
2022-11-15,Yolo,113,214977,48216,48092,4481,52573,355
2022-11-15,Yuba,115,75493,19193,19157,1758,20915,132
2022-11-14,Alameda,001,1643700,355521,352725,20152,372877,2050
2022-11-14,Alpine,002,1148,138,136,1,137,0
2022-11-14,Amador,005,37829,10120,10080,944,11024,95
2022-11-14,Butte,007,227075,40099,39935,9344,49279,461
2022-11-14,Calaveras,009,45235,8632,8590,580,9170,135
2022-11-14,Colusa,011,21464,3836,3822,1304,5126,22
2022-11-14,Contra Costa,013,1133247,256653,253870,21127,274997,1469
2022-11-14,Del Norte,015,27424,7528,7472,405,7877,56
2022-11-14,El Dorado,017,186661,32928,32713,4350,37063,232
2022-11-14,Fresno,019,978130,281783,276921,32283,309204,2887
2022-11-14,Glenn,021,27897,5618,5570,1894,7464,48
2022-11-14,Humboldt,023,135768,22340,22176,5251,27427,160
2022-11-14,Imperial,025,180216,66610,66182,16623,82805,960
2022-11-14,Inyo,027,18085,4553,4520,1059,5579,60
2022-11-14,Kern,029,883053,221922,220676,65772,286448,2430
2022-11-14,Kings,031,150075,60239,59955,4213,64168,461
2022-11-14,Lake,033,64148,13041,12931,1216,14147,149
2022-11-14,Lassen,035,31185,10071,10019,1008,11027,65
2022-11-14,Los Angeles,037,10098052,3326773,3311644,188258,3499902,33784
2022-11-14,Madera,039,155013,44526,44281,8381,52662,375
2022-11-14,Marin,041,260295,46247,45924,5362,51286,314
2022-11-14,Mariposa,043,17540,3169,3124,348,3472,32
2022-11-14,Mendocino,045,87422,16283,16164,4574,20738,136
2022-11-14,Merced,047,269075,73603,72817,12044,84861,870
2022-11-14,Modoc,049,8938,890,887,334,1221,11
2022-11-14,Mono,051,14174,3233,3218,271,3489,8
2022-11-14,Monterey,053,433212,95190,94708,21577,116285,772
2022-11-14,Napa,055,140530,32668,32510,1429,33939,162
2022-11-14,Nevada,057,99092,19320,19171,1977,21148,132
2022-11-14,Orange,059,3164182,677461,673328,66231,739559,7546
2022-11-14,Placer,061,380077,77239,76490,9778,86268,662
2022-11-14,Plumas,063,18699,3730,3723,445,4168,13
2022-11-14,Riverside,065,2383286,703711,700602,36216,736818,6660
2022-11-14,Sacramento,067,1510023,353208,350522,35330,385852,3358
2022-11-14,San Benito,069,59416,16560,16350,994,17344,108
2022-11-14,San Bernardino,071,2135413,679449,676086,31337,707423,8126
2022-11-14,San Diego,073,3302833,936410,933599,73449,1007048,5538
2022-11-14,San Francisco,075,870044,183388,181964,12341,194305,1072
2022-11-14,San Joaquin,077,732212,200468,199089,15332,214421,2340
2022-11-14,San Luis Obispo,079,281455,64012,63683,7291,70974,525
2022-11-14,San Mateo,081,765935,172783,171191,10522,181713,748
2022-11-14,Santa Barbara,083,443738,107100,106642,7008,113650,733
2022-11-14,Santa Clara,085,1922200,445970,438278,19335,457613,2535
2022-11-14,Santa Cruz,087,273765,64767,64221,3562,67783,274
2022-11-14,Shasta,089,179085,35507,35246,7807,43053,594
2022-11-14,Sierra,091,2930,308,309,60,369,5
2022-11-14,Siskiyou,093,43540,5244,5337,3376,8713,94
2022-11-14,Solano,095,438530,107433,106391,8066,114457,468
2022-11-14,Sonoma,097,501317,108605,108080,5385,113465,525
2022-11-14,Stanislaus,099,539301,139508,138963,21841,160804,1785
2022-11-14,Sutter,101,95872,24671,24537,2470,27007,235
2022-11-14,Tehama,103,63373,13849,13745,3185,16930,216
2022-11-14,Trinity,105,12862,1432,1414,439,1853,20
2022-11-14,Tulare,107,460477,123093,122447,37149,159596,1544
2022-11-14,Tuolumne,109,53932,15893,15727,932,16659,201
2022-11-14,Ventura,111,848112,211471,210439,16142,226581,1585
2022-11-14,Yolo,113,214977,48201,47953,4478,52431,354
2022-11-14,Yuba,115,75493,19184,19098,1758,20856,132
2022-11-13,Alameda,001,1643700,355196,352725,20129,372854,2050
2022-11-13,Alpine,002,1148,137,136,1,137,0
2022-11-13,Amador,005,37829,10117,10080,943,11023,95
2022-11-13,Butte,007,227075,40071,39935,9336,49271,461
2022-11-13,Calaveras,009,45235,8629,8590,577,9167,135
2022-11-13,Colusa,011,21464,3834,3822,1302,5124,22
2022-11-13,Contra Costa,013,1133247,256458,253870,21110,274980,1469
2022-11-13,Del Norte,015,27424,7524,7472,405,7877,56
2022-11-13,El Dorado,017,186661,32904,32713,4347,37060,232
2022-11-13,Fresno,019,978130,281600,276921,32252,309173,2887
2022-11-13,Glenn,021,27897,5610,5570,1894,7464,48
2022-11-13,Humboldt,023,135768,22322,22176,5243,27419,160
2022-11-13,Imperial,025,180216,66547,66182,16574,82756,960
2022-11-13,Inyo,027,18085,4548,4520,1058,5578,60
2022-11-13,Kern,029,883053,221806,220676,65692,286368,2430
2022-11-13,Kings,031,150075,60198,59955,4196,64151,461
2022-11-13,Lake,033,64148,13020,12931,1215,14146,149
2022-11-13,Lassen,035,31185,10055,10019,1008,11027,65
2022-11-13,Los Angeles,037,10098052,3324825,3311644,187958,3499602,33784
2022-11-13,Madera,039,155013,44509,44281,8368,52649,375
2022-11-13,Marin,041,260295,46214,45924,5361,51285,314
2022-11-13,Mariposa,043,17540,3166,3124,348,3472,32
2022-11-13,Mendocino,045,87422,16273,16164,4563,20727,136
2022-11-13,Merced,047,269075,73563,72817,12035,84852,870
2022-11-13,Modoc,049,8938,890,887,331,1218,11
2022-11-13,Mono,051,14174,3233,3218,271,3489,8
2022-11-13,Monterey,053,433212,95145,94708,21543,116251,772
2022-11-13,Napa,055,140530,32650,32510,1428,33938,162
2022-11-13,Nevada,057,99092,19298,19171,1964,21135,132
2022-11-13,Orange,059,3164182,677106,673328,66100,739428,7546
2022-11-13,Placer,061,380077,77171,76490,9775,86265,662
2022-11-13,Plumas,063,18699,3729,3723,445,4168,13
2022-11-13,Riverside,065,2383286,703320,700602,36155,736757,6660
2022-11-13,Sacramento,067,1510023,352954,350522,35280,385802,3358
2022-11-13,San Benito,069,59416,16551,16350,993,17343,108
2022-11-13,San Bernardino,071,2135413,679049,676086,31305,707391,8126
2022-11-13,San Diego,073,3302833,935833,933599,73385,1006984,5538
2022-11-13,San Francisco,075,870044,183246,181964,12330,194294,1072
2022-11-13,San Joaquin,077,732212,200321,199089,15316,214405,2340
2022-11-13,San Luis Obispo,079,281455,63991,63683,7290,70973,525
2022-11-13,San Mateo,081,765935,172652,171191,10518,181709,748
2022-11-13,Santa Barbara,083,443738,107038,106642,6997,113639,733
2022-11-13,Santa Clara,085,1922200,445593,438278,19317,457595,2535
2022-11-13,Santa Cruz,087,273765,64703,64221,3559,67780,274
2022-11-13,Shasta,089,179085,35485,35246,7797,43043,594
2022-11-13,Sierra,091,2930,308,309,60,369,5
2022-11-13,Siskiyou,093,43540,5237,5337,3374,8711,94
2022-11-13,Solano,095,438530,107336,106391,8063,114454,468
2022-11-13,Sonoma,097,501317,108551,108080,5381,113461,525
2022-11-13,Stanislaus,099,539301,139446,138963,21832,160795,1785
2022-11-13,Sutter,101,95872,24658,24537,2468,27005,235
2022-11-13,Tehama,103,63373,13832,13745,3181,16926,216
2022-11-13,Trinity,105,12862,1431,1414,437,1851,20
2022-11-13,Tulare,107,460477,123025,122447,37111,159558,1544
2022-11-13,Tuolumne,109,53932,15881,15727,932,16659,201
2022-11-13,Ventura,111,848112,211356,210439,16128,226567,1585
2022-11-13,Yolo,113,214977,48175,47953,4475,52428,354
2022-11-13,Yuba,115,75493,19170,19098,1756,20854,132
2022-11-12,Alameda,001,1643700,355043,352725,20112,372837,2050
2022-11-12,Alpine,002,1148,137,136,1,137,0
2022-11-12,Amador,005,37829,10116,10080,943,11023,95
2022-11-12,Butte,007,227075,40059,39935,9326,49261,461
2022-11-12,Calaveras,009,45235,8623,8590,576,9166,135
2022-11-12,Colusa,011,21464,3833,3822,1301,5123,22
2022-11-12,Contra Costa,013,1133247,256332,253870,21107,274977,1469
2022-11-12,Del Norte,015,27424,7523,7472,405,7877,56
2022-11-12,El Dorado,017,186661,32887,32713,4345,37058,232
2022-11-12,Fresno,019,978130,281533,276921,32241,309162,2887
2022-11-12,Glenn,021,27897,5606,5570,1894,7464,48
2022-11-12,Humboldt,023,135768,22311,22176,5236,27412,160
2022-11-12,Imperial,025,180216,66534,66182,16562,82744,960
2022-11-12,Inyo,027,18085,4546,4520,1058,5578,60
2022-11-12,Kern,029,883053,221765,220676,65667,286343,2430
2022-11-12,Kings,031,150075,60166,59955,4191,64146,461
2022-11-12,Lake,033,64148,13015,12931,1215,14146,149
2022-11-12,Lassen,035,31185,10050,10019,1008,11027,65
2022-11-12,Los Angeles,037,10098052,3323855,3311644,187789,3499433,33784
2022-11-12,Madera,039,155013,44499,44281,8368,52649,375
2022-11-12,Marin,041,260295,46197,45924,5360,51284,314
2022-11-12,Mariposa,043,17540,3165,3124,348,3472,32
2022-11-12,Mendocino,045,87422,16269,16164,4563,20727,136
2022-11-12,Merced,047,269075,73545,72817,12033,84850,870
2022-11-12,Modoc,049,8938,890,887,331,1218,11
2022-11-12,Mono,051,14174,3232,3218,271,3489,8
2022-11-12,Monterey,053,433212,95117,94708,21519,116227,772
2022-11-12,Napa,055,140530,32638,32510,1428,33938,162
2022-11-12,Nevada,057,99092,19289,19171,1963,21134,132
2022-11-12,Orange,059,3164182,676943,673328,66025,739353,7546
2022-11-12,Placer,061,380077,77124,76490,9773,86263,662
2022-11-12,Plumas,063,18699,3729,3723,445,4168,13
2022-11-12,Riverside,065,2383286,703139,700602,36118,736720,6660
2022-11-12,Sacramento,067,1510023,352839,350522,35269,385791,3358
2022-11-12,San Benito,069,59416,16547,16350,993,17343,108
2022-11-12,San Bernardino,071,2135413,678829,676086,31289,707375,8126
2022-11-12,San Diego,073,3302833,935594,933599,73351,1006950,5538
2022-11-12,San Francisco,075,870044,183179,181964,12322,194286,1072
2022-11-12,San Joaquin,077,732212,200262,199089,15308,214397,2340
2022-11-12,San Luis Obispo,079,281455,63977,63683,7287,70970,525
2022-11-12,San Mateo,081,765935,172586,171191,10510,181701,748
2022-11-12,Santa Barbara,083,443738,107017,106642,6994,113636,733
2022-11-12,Santa Clara,085,1922200,445388,438278,19306,457584,2535
2022-11-12,Santa Cruz,087,273765,64690,64221,3556,67777,274
2022-11-12,Shasta,089,179085,35472,35246,7793,43039,594
2022-11-12,Sierra,091,2930,308,309,60,369,5
2022-11-12,Siskiyou,093,43540,5232,5337,3373,8710,94
2022-11-12,Solano,095,438530,107303,106391,8057,114448,468
2022-11-12,Sonoma,097,501317,108529,108080,5377,113457,525
2022-11-12,Stanislaus,099,539301,139406,138963,21829,160792,1785
2022-11-12,Sutter,101,95872,24648,24537,2468,27005,235
2022-11-12,Tehama,103,63373,13826,13745,3174,16919,216
2022-11-12,Trinity,105,12862,1430,1414,436,1850,20
2022-11-12,Tulare,107,460477,122989,122447,37096,159543,1544
2022-11-12,Tuolumne,109,53932,15870,15727,932,16659,201
2022-11-12,Ventura,111,848112,211281,210439,16117,226556,1585
2022-11-12,Yolo,113,214977,48150,47953,4472,52425,354
2022-11-12,Yuba,115,75493,19163,19098,1754,20852,132
2022-11-11,Alameda,001,1643700,354896,352725,20100,372825,2050
2022-11-11,Alpine,002,1148,137,136,1,137,0
2022-11-11,Amador,005,37829,10108,10080,943,11023,95
2022-11-11,Butte,007,227075,40051,39935,9319,49254,461
2022-11-11,Calaveras,009,45235,8620,8590,576,9166,135
2022-11-11,Colusa,011,21464,3828,3822,1300,5122,22
2022-11-11,Contra Costa,013,1133247,256225,253870,21102,274972,1469
2022-11-11,Del Norte,015,27424,7518,7472,405,7877,56
2022-11-11,El Dorado,017,186661,32873,32713,4342,37055,232
2022-11-11,Fresno,019,978130,281455,276921,32228,309149,2887
2022-11-11,Glenn,021,27897,5604,5570,1894,7464,48
2022-11-11,Humboldt,023,135768,22298,22176,5233,27409,160
2022-11-11,Imperial,025,180216,66518,66182,16549,82731,960
2022-11-11,Inyo,027,18085,4545,4520,1055,5575,60
2022-11-11,Kern,029,883053,221720,220676,65626,286302,2430
2022-11-11,Kings,031,150075,60150,59955,4186,64141,461
2022-11-11,Lake,033,64148,13012,12931,1215,14146,149
2022-11-11,Lassen,035,31185,10048,10019,1008,11027,65
2022-11-11,Los Angeles,037,10098052,3322902,3311644,187614,3499258,33784
2022-11-11,Madera,039,155013,44482,44281,8362,52643,375
2022-11-11,Marin,041,260295,46171,45924,5359,51283,314
2022-11-11,Mariposa,043,17540,3163,3124,348,3472,32
2022-11-11,Mendocino,045,87422,16265,16164,4563,20727,136
2022-11-11,Merced,047,269075,73525,72817,12029,84846,870
2022-11-11,Modoc,049,8938,889,887,331,1218,11
2022-11-11,Mono,051,14174,3231,3218,271,3489,8
2022-11-11,Monterey,053,433212,95102,94708,21502,116210,772
2022-11-11,Napa,055,140530,32628,32510,1427,33937,162
2022-11-11,Nevada,057,99092,19281,19171,1963,21134,132
2022-11-11,Orange,059,3164182,676778,673328,65960,739288,7546
2022-11-11,Placer,061,380077,77098,76490,9771,86261,662
2022-11-11,Plumas,063,18699,3729,3723,445,4168,13
2022-11-11,Riverside,065,2383286,702974,700602,36094,736696,6660
2022-11-11,Sacramento,067,1510023,352715,350522,35261,385783,3358
2022-11-11,San Benito,069,59416,16544,16350,993,17343,108
2022-11-11,San Bernardino,071,2135413,678637,676086,31276,707362,8126
2022-11-11,San Diego,073,3302833,935316,933599,73328,1006927,5538
2022-11-11,San Francisco,075,870044,183105,181964,12310,194274,1072
2022-11-11,San Joaquin,077,732212,200195,199089,15299,214388,2340
2022-11-11,San Luis Obispo,079,281455,63968,63683,7286,70969,525
2022-11-11,San Mateo,081,765935,172514,171191,10509,181700,748
2022-11-11,Santa Barbara,083,443738,107006,106642,6992,113634,733
2022-11-11,Santa Clara,085,1922200,445214,438278,19301,457579,2535
2022-11-11,Santa Cruz,087,273765,64660,64221,3556,67777,274
2022-11-11,Shasta,089,179085,35462,35246,7789,43035,594
2022-11-11,Sierra,091,2930,308,309,60,369,5
2022-11-11,Siskiyou,093,43540,5230,5337,3373,8710,94
2022-11-11,Solano,095,438530,107275,106391,8054,114445,468
2022-11-11,Sonoma,097,501317,108496,108080,5375,113455,525
2022-11-11,Stanislaus,099,539301,139366,138963,21822,160785,1785
2022-11-11,Sutter,101,95872,24640,24537,2468,27005,235
2022-11-11,Tehama,103,63373,13818,13745,3172,16917,216
2022-11-11,Trinity,105,12862,1427,1414,436,1850,20
2022-11-11,Tulare,107,460477,122959,122447,37075,159522,1544
2022-11-11,Tuolumne,109,53932,15860,15727,932,16659,201
2022-11-11,Ventura,111,848112,211216,210439,16102,226541,1585
2022-11-11,Yolo,113,214977,48138,47953,4471,52424,354
2022-11-11,Yuba,115,75493,19156,19098,1754,20852,132
2022-11-10,Alameda,001,1643700,354701,352725,20089,372814,2050
2022-11-10,Alpine,002,1148,137,136,1,137,0
2022-11-10,Amador,005,37829,10108,10080,943,11023,95
2022-11-10,Butte,007,227075,40037,39935,9315,49250,461
2022-11-10,Calaveras,009,45235,8617,8590,574,9164,135
2022-11-10,Colusa,011,21464,3828,3822,1298,5120,22
2022-11-10,Contra Costa,013,1133247,256103,253870,21097,274967,1469
2022-11-10,Del Norte,015,27424,7517,7472,405,7877,56
2022-11-10,El Dorado,017,186661,32850,32713,4341,37054,232
2022-11-10,Fresno,019,978130,281342,276921,32216,309137,2887
2022-11-10,Glenn,021,27897,5602,5570,1894,7464,48
2022-11-10,Humboldt,023,135768,22292,22176,5229,27405,160
2022-11-10,Imperial,025,180216,66489,66182,16516,82698,960
2022-11-10,Inyo,027,18085,4544,4520,1053,5573,60
2022-11-10,Kern,029,883053,221666,220676,65575,286251,2430
2022-11-10,Kings,031,150075,60131,59955,4185,64140,461
2022-11-10,Lake,033,64148,13010,12931,1214,14145,149
2022-11-10,Lassen,035,31185,10045,10019,1008,11027,65
2022-11-10,Los Angeles,037,10098052,3321628,3311644,187439,3499083,33784
2022-11-10,Madera,039,155013,44468,44281,8356,52637,375
2022-11-10,Marin,041,260295,46149,45924,5359,51283,314
2022-11-10,Mariposa,043,17540,3163,3124,348,3472,32
2022-11-10,Mendocino,045,87422,16258,16164,4562,20726,136
2022-11-10,Merced,047,269075,73510,72817,12027,84844,870
2022-11-10,Modoc,049,8938,888,887,331,1218,11
2022-11-10,Mono,051,14174,3230,3218,271,3489,8
2022-11-10,Monterey,053,433212,95078,94708,21473,116181,772
2022-11-10,Napa,055,140530,32615,32510,1426,33936,162
2022-11-10,Nevada,057,99092,19271,19171,1961,21132,132
2022-11-10,Orange,059,3164182,676572,673328,65897,739225,7546
2022-11-10,Placer,061,380077,77054,76490,9768,86258,662
2022-11-10,Plumas,063,18699,3729,3723,445,4168,13
2022-11-10,Riverside,065,2383286,702796,700602,36056,736658,6660
2022-11-10,Sacramento,067,1510023,352546,350522,35248,385770,3358
2022-11-10,San Benito,069,59416,16543,16350,993,17343,108
2022-11-10,San Bernardino,071,2135413,678412,676086,31259,707345,8126
2022-11-10,San Diego,073,3302833,935056,933599,73293,1006892,5538
2022-11-10,San Francisco,075,870044,182999,181964,12301,194265,1072
2022-11-10,San Joaquin,077,732212,200117,199089,15289,214378,2340
2022-11-10,San Luis Obispo,079,281455,63953,63683,7284,70967,525
2022-11-10,San Mateo,081,765935,172424,171191,10507,181698,748
2022-11-10,Santa Barbara,083,443738,106988,106642,6986,113628,733
2022-11-10,Santa Clara,085,1922200,444966,438278,19285,457563,2535
2022-11-10,Santa Cruz,087,273765,64630,64221,3551,67772,274
2022-11-10,Shasta,089,179085,35450,35246,7785,43031,594
2022-11-10,Sierra,091,2930,308,309,60,369,5
2022-11-10,Siskiyou,093,43540,5227,5337,3372,8709,94
2022-11-10,Solano,095,438530,107212,106391,8051,114442,468
2022-11-10,Sonoma,097,501317,108462,108080,5374,113454,525
2022-11-10,Stanislaus,099,539301,139321,138963,21820,160783,1785
2022-11-10,Sutter,101,95872,24626,24537,2468,27005,235
2022-11-10,Tehama,103,63373,13817,13745,3169,16914,216
2022-11-10,Trinity,105,12862,1427,1414,436,1850,20
2022-11-10,Tulare,107,460477,122902,122447,37036,159483,1544
2022-11-10,Tuolumne,109,53932,15851,15727,931,16658,201
2022-11-10,Ventura,111,848112,211121,210439,16088,226527,1585
2022-11-10,Yolo,113,214977,48123,47953,4470,52423,354
2022-11-10,Yuba,115,75493,19151,19098,1753,20851,132
2022-11-09,Alameda,001,1643700,354466,352725,20070,372795,2050
2022-11-09,Alpine,002,1148,137,136,1,137,0
2022-11-09,Amador,005,37829,10106,10080,943,11023,95
2022-11-09,Butte,007,227075,40014,39935,9305,49240,461
2022-11-09,Calaveras,009,45235,8611,8590,572,9162,135
2022-11-09,Colusa,011,21464,3827,3822,1295,5117,22
2022-11-09,Contra Costa,013,1133247,255966,253870,21087,274957,1469
2022-11-09,Del Norte,015,27424,7516,7472,405,7877,56
2022-11-09,El Dorado,017,186661,32825,32713,4340,37053,232
2022-11-09,Fresno,019,978130,281233,276921,32204,309125,2887
2022-11-09,Glenn,021,27897,5601,5570,1894,7464,48
2022-11-09,Humboldt,023,135768,22280,22176,5224,27400,160
2022-11-09,Imperial,025,180216,66451,66182,16468,82650,960
2022-11-09,Inyo,027,18085,4543,4520,1049,5569,60
2022-11-09,Kern,029,883053,221595,220676,65516,286192,2430
2022-11-09,Kings,031,150075,60085,59955,4180,64135,461
2022-11-09,Lake,033,64148,13005,12931,1210,14141,149
2022-11-09,Lassen,035,31185,10042,10019,1008,11027,65
2022-11-09,Los Angeles,037,10098052,3320159,3311644,187248,3498892,33784
2022-11-09,Madera,039,155013,44455,44281,8353,52634,375
2022-11-09,Marin,041,260295,46128,45924,5355,51279,314
2022-11-09,Mariposa,043,17540,3161,3124,348,3472,32
2022-11-09,Mendocino,045,87422,16255,16164,4559,20723,136
2022-11-09,Merced,047,269075,73482,72817,12023,84840,870
2022-11-09,Modoc,049,8938,888,887,331,1218,11
2022-11-09,Mono,051,14174,3229,3218,270,3488,8
2022-11-09,Monterey,053,433212,95047,94708,21452,116160,772
2022-11-09,Napa,055,140530,32596,32510,1425,33935,162
2022-11-09,Nevada,057,99092,19267,19171,1955,21126,132
2022-11-09,Orange,059,3164182,676329,673328,65792,739120,7546
2022-11-09,Placer,061,380077,77008,76490,9763,86253,662
2022-11-09,Plumas,063,18699,3726,3723,445,4168,13
2022-11-09,Riverside,065,2383286,702556,700602,36032,736634,6660
2022-11-09,Sacramento,067,1510023,352375,350522,35211,385733,3358
2022-11-09,San Benito,069,59416,16535,16350,992,17342,108
2022-11-09,San Bernardino,071,2135413,678154,676086,31244,707330,8126
2022-11-09,San Diego,073,3302833,934735,933599,73235,1006834,5538
2022-11-09,San Francisco,075,870044,182900,181964,12296,194260,1072
2022-11-09,San Joaquin,077,732212,200030,199089,15277,214366,2340
2022-11-09,San Luis Obispo,079,281455,63932,63683,7281,70964,525
2022-11-09,San Mateo,081,765935,172315,171191,10506,181697,748
2022-11-09,Santa Barbara,083,443738,106965,106642,6983,113625,733
2022-11-09,Santa Clara,085,1922200,444724,438278,19274,457552,2535
2022-11-09,Santa Cruz,087,273765,64599,64221,3549,67770,274
2022-11-09,Shasta,089,179085,35440,35246,7776,43022,594
2022-11-09,Sierra,091,2930,308,309,60,369,5
2022-11-09,Siskiyou,093,43540,5226,5337,3371,8708,94
2022-11-09,Solano,095,438530,107153,106391,8045,114436,468
2022-11-09,Sonoma,097,501317,108415,108080,5369,113449,525
2022-11-09,Stanislaus,099,539301,139280,138963,21805,160768,1785
2022-11-09,Sutter,101,95872,24611,24537,2467,27004,235
2022-11-09,Tehama,103,63373,13810,13745,3166,16911,216
2022-11-09,Trinity,105,12862,1423,1414,434,1848,20
2022-11-09,Tulare,107,460477,122865,122447,37013,159460,1544
2022-11-09,Tuolumne,109,53932,15837,15727,931,16658,201
2022-11-09,Ventura,111,848112,211047,210439,16066,226505,1585
2022-11-09,Yolo,113,214977,48101,47953,4468,52421,354
2022-11-09,Yuba,115,75493,19142,19098,1747,20845,132
2022-11-08,Alameda,001,1643700,354255,352725,20043,372768,2050
2022-11-08,Alpine,002,1148,137,136,1,137,0
2022-11-08,Amador,005,37829,10104,10080,943,11023,95
2022-11-08,Butte,007,227075,39996,39935,9297,49232,461
2022-11-08,Calaveras,009,45235,8608,8590,572,9162,135
2022-11-08,Colusa,011,21464,3826,3822,1295,5117,22
2022-11-08,Contra Costa,013,1133247,255832,253870,21070,274940,1469
2022-11-08,Del Norte,015,27424,7512,7472,402,7874,56
2022-11-08,El Dorado,017,186661,32801,32713,4338,37051,232
2022-11-08,Fresno,019,978130,281132,276921,32187,309108,2887
2022-11-08,Glenn,021,27897,5600,5570,1894,7464,48
2022-11-08,Humboldt,023,135768,22272,22176,5217,27393,160
2022-11-08,Imperial,025,180216,66397,66182,16410,82592,960
2022-11-08,Inyo,027,18085,4543,4520,1046,5566,60
2022-11-08,Kern,029,883053,221513,220676,65462,286138,2430
2022-11-08,Kings,031,150075,60060,59955,4178,64133,461
2022-11-08,Lake,033,64148,12995,12931,1209,14140,149
2022-11-08,Lassen,035,31185,10040,10019,1007,11026,65
2022-11-08,Los Angeles,037,10098052,3318734,3311644,187039,3498683,33784
2022-11-08,Madera,039,155013,44439,44281,8349,52630,375
2022-11-08,Marin,041,260295,46099,45924,5348,51272,314
2022-11-08,Mariposa,043,17540,3156,3124,348,3472,32
2022-11-08,Mendocino,045,87422,16247,16164,4559,20723,136
2022-11-08,Merced,047,269075,73452,72817,12018,84835,870
2022-11-08,Modoc,049,8938,887,887,331,1218,11
2022-11-08,Mono,051,14174,3225,3218,268,3486,8
2022-11-08,Monterey,053,433212,95018,94708,21443,116151,772
2022-11-08,Napa,055,140530,32583,32510,1425,33935,162
2022-11-08,Nevada,057,99092,19261,19171,1952,21123,132
2022-11-08,Orange,059,3164182,676078,673328,65707,739035,7546
2022-11-08,Placer,061,380077,76962,76490,9757,86247,662
2022-11-08,Plumas,063,18699,3726,3723,445,4168,13
2022-11-08,Riverside,065,2383286,702313,700602,35996,736598,6660
2022-11-08,Sacramento,067,1510023,352179,350522,35173,385695,3358
2022-11-08,San Benito,069,59416,16526,16350,991,17341,108
2022-11-08,San Bernardino,071,2135413,677912,676086,31205,707291,8126
2022-11-08,San Diego,073,3302833,934323,933599,73196,1006795,5538
2022-11-08,San Francisco,075,870044,182779,181964,12283,194247,1072
2022-11-08,San Joaquin,077,732212,199942,199089,15267,214356,2340
2022-11-08,San Luis Obispo,079,281455,63913,63683,7278,70961,525
2022-11-08,San Mateo,081,765935,172216,171191,10505,181696,748
2022-11-08,Santa Barbara,083,443738,106929,106642,6980,113622,733
2022-11-08,Santa Clara,085,1922200,444452,438278,19261,457539,2535
2022-11-08,Santa Cruz,087,273765,64567,64221,3547,67768,274
2022-11-08,Shasta,089,179085,35417,35246,7760,43006,594
2022-11-08,Sierra,091,2930,308,309,60,369,5
2022-11-08,Siskiyou,093,43540,5225,5337,3367,8704,94
2022-11-08,Solano,095,438530,107077,106391,8038,114429,468
2022-11-08,Sonoma,097,501317,108375,108080,5368,113448,525
2022-11-08,Stanislaus,099,539301,139218,138963,21802,160765,1785
2022-11-08,Sutter,101,95872,24594,24537,2467,27004,235
2022-11-08,Tehama,103,63373,13805,13745,3165,16910,216
2022-11-08,Trinity,105,12862,1421,1414,433,1847,20
2022-11-08,Tulare,107,460477,122814,122447,36984,159431,1544
2022-11-08,Tuolumne,109,53932,15827,15727,931,16658,201
2022-11-08,Ventura,111,848112,210981,210439,16057,226496,1585
2022-11-08,Yolo,113,214977,48081,47953,4462,52415,354
2022-11-08,Yuba,115,75493,19132,19098,1745,20843,132
2022-11-07,Alameda,001,1643700,354014,351524,20022,371546,2044
2022-11-07,Alpine,002,1148,136,136,1,137,0
2022-11-07,Amador,005,37829,10100,10055,942,10997,95
2022-11-07,Butte,007,227075,39980,39852,9289,49141,462
2022-11-07,Calaveras,009,45235,8602,8576,572,9148,135
2022-11-07,Colusa,011,21464,3825,3820,1295,5115,22
2022-11-07,Contra Costa,013,1133247,255686,253122,21054,274176,1463
2022-11-07,Del Norte,015,27424,7508,7469,402,7871,56
2022-11-07,El Dorado,017,186661,32785,32622,4337,36959,231
2022-11-07,Fresno,019,978130,281012,276454,32163,308617,2885
2022-11-07,Glenn,021,27897,5598,5557,1892,7449,48
2022-11-07,Humboldt,023,135768,22256,22115,5204,27319,160
2022-11-07,Imperial,025,180216,66359,66024,16373,82397,960
2022-11-07,Inyo,027,18085,4542,4506,1044,5550,60
2022-11-07,Kern,029,883053,221452,220216,65395,285611,2426
2022-11-07,Kings,031,150075,60038,59856,4171,64027,459
2022-11-07,Lake,033,64148,12987,12898,1209,14107,148
2022-11-07,Lassen,035,31185,10036,10007,1007,11014,65
2022-11-07,Los Angeles,037,10098052,3317365,3304428,186787,3491215,33733
2022-11-07,Madera,039,155013,44431,44229,8342,52571,375
2022-11-07,Marin,041,260295,46072,45806,5348,51154,314
2022-11-07,Mariposa,043,17540,3151,3116,348,3464,32
2022-11-07,Mendocino,045,87422,16244,16130,4556,20686,137
2022-11-07,Merced,047,269075,73417,72727,12012,84739,870
2022-11-07,Modoc,049,8938,887,885,331,1216,11
2022-11-07,Mono,051,14174,3223,3216,268,3484,7
2022-11-07,Monterey,053,433212,94990,94541,21425,115966,770
2022-11-07,Napa,055,140530,32563,32484,1425,33909,161
2022-11-07,Nevada,057,99092,19255,19129,1951,21080,132
2022-11-07,Orange,059,3164182,675843,672253,65625,737878,7520
2022-11-07,Placer,061,380077,76919,76321,9751,86072,662
2022-11-07,Plumas,063,18699,3726,3720,445,4165,13
2022-11-07,Riverside,065,2383286,702048,699360,35963,735323,6660
2022-11-07,Sacramento,067,1510023,351996,349696,35140,384836,3350
2022-11-07,San Benito,069,59416,16518,16324,990,17314,108
2022-11-07,San Bernardino,071,2135413,677633,674939,31182,706121,8123
2022-11-07,San Diego,073,3302833,933956,931531,73152,1004683,5532
2022-11-07,San Francisco,075,870044,182671,180989,12270,193259,1067
2022-11-07,San Joaquin,077,732212,199859,198717,15253,213970,2336
2022-11-07,San Luis Obispo,079,281455,63892,63599,7276,70875,525
2022-11-07,San Mateo,081,765935,172121,170464,10503,180967,741
2022-11-07,Santa Barbara,083,443738,106908,106478,6976,113454,732
2022-11-07,Santa Clara,085,1922200,444197,436967,19245,456212,2533
2022-11-07,Santa Cruz,087,273765,64518,64070,3546,67616,274
2022-11-07,Shasta,089,179085,35403,35178,7745,42923,594
2022-11-07,Sierra,091,2930,308,308,60,368,5
2022-11-07,Siskiyou,093,43540,5217,5326,3365,8691,94
2022-11-07,Solano,095,438530,106994,106106,8031,114137,468
2022-11-07,Sonoma,097,501317,108337,107907,5367,113274,524
2022-11-07,Stanislaus,099,539301,139180,138715,21786,160501,1785
2022-11-07,Sutter,101,95872,24576,24470,2467,26937,233
2022-11-07,Tehama,103,63373,13800,13707,3160,16867,216
2022-11-07,Trinity,105,12862,1421,1413,433,1846,20
2022-11-07,Tulare,107,460477,122785,122246,36955,159201,1544
2022-11-07,Tuolumne,109,53932,15816,15672,931,16603,196
2022-11-07,Ventura,111,848112,210899,210085,16043,226128,1584
2022-11-07,Yolo,113,214977,48049,47786,4459,52245,353
2022-11-07,Yuba,115,75493,19124,19059,1743,20802,132
2022-11-06,Alameda,001,1643700,353781,351524,20001,371525,2044
2022-11-06,Alpine,002,1148,136,136,1,137,0
2022-11-06,Amador,005,37829,10095,10055,941,10996,95
2022-11-06,Butte,007,227075,39948,39852,9284,49136,462
2022-11-06,Calaveras,009,45235,8598,8576,572,9148,135
2022-11-06,Colusa,011,21464,3825,3820,1295,5115,22
2022-11-06,Contra Costa,013,1133247,255528,253122,21044,274166,1463
2022-11-06,Del Norte,015,27424,7501,7469,402,7871,56
2022-11-06,El Dorado,017,186661,32771,32622,4333,36955,231
2022-11-06,Fresno,019,978130,280879,276454,32140,308594,2885
2022-11-06,Glenn,021,27897,5581,5557,1885,7442,48
2022-11-06,Humboldt,023,135768,22243,22115,5195,27310,160
2022-11-06,Imperial,025,180216,66309,66024,16334,82358,960
2022-11-06,Inyo,027,18085,4540,4506,1042,5548,60
2022-11-06,Kern,029,883053,221346,220216,65338,285554,2426
2022-11-06,Kings,031,150075,59994,59856,4161,64017,459
2022-11-06,Lake,033,64148,12974,12898,1205,14103,148
2022-11-06,Lassen,035,31185,10035,10007,1006,11013,65
2022-11-06,Los Angeles,037,10098052,3315722,3304428,186545,3490973,33733
2022-11-06,Madera,039,155013,44420,44229,8335,52564,375
2022-11-06,Marin,041,260295,46041,45806,5345,51151,314
2022-11-06,Mariposa,043,17540,3150,3116,348,3464,32
2022-11-06,Mendocino,045,87422,16237,16130,4553,20683,137
2022-11-06,Merced,047,269075,73389,72727,12001,84728,870
2022-11-06,Modoc,049,8938,887,885,331,1216,11
2022-11-06,Mono,051,14174,3223,3216,266,3482,7
2022-11-06,Monterey,053,433212,94940,94541,21403,115944,770
2022-11-06,Napa,055,140530,32541,32484,1425,33909,161
2022-11-06,Nevada,057,99092,19240,19129,1937,21066,132
2022-11-06,Orange,059,3164182,675570,672253,65562,737815,7520
2022-11-06,Placer,061,380077,76867,76321,9747,86068,662
2022-11-06,Plumas,063,18699,3726,3720,445,4165,13
2022-11-06,Riverside,065,2383286,701737,699360,35926,735286,6660
2022-11-06,Sacramento,067,1510023,351770,349696,35101,384797,3350
2022-11-06,San Benito,069,59416,16510,16324,990,17314,108
2022-11-06,San Bernardino,071,2135413,677332,674939,31151,706090,8123
2022-11-06,San Diego,073,3302833,933448,931531,73092,1004623,5532
2022-11-06,San Francisco,075,870044,182535,180989,12257,193246,1067
2022-11-06,San Joaquin,077,732212,199771,198717,15242,213959,2336
2022-11-06,San Luis Obispo,079,281455,63873,63599,7273,70872,525
2022-11-06,San Mateo,081,765935,172017,170464,10498,180962,741
2022-11-06,Santa Barbara,083,443738,106852,106478,6966,113444,732
2022-11-06,Santa Clara,085,1922200,443903,436967,19224,456191,2533
2022-11-06,Santa Cruz,087,273765,64447,64070,3542,67612,274
2022-11-06,Shasta,089,179085,35381,35178,7725,42903,594
2022-11-06,Sierra,091,2930,308,308,60,368,5
2022-11-06,Siskiyou,093,43540,5217,5326,3364,8690,94
2022-11-06,Solano,095,438530,106896,106106,8025,114131,468
2022-11-06,Sonoma,097,501317,108273,107907,5365,113272,524
2022-11-06,Stanislaus,099,539301,139126,138715,21775,160490,1785
2022-11-06,Sutter,101,95872,24556,24470,2466,26936,233
2022-11-06,Tehama,103,63373,13794,13707,3145,16852,216
2022-11-06,Trinity,105,12862,1421,1413,433,1846,20
2022-11-06,Tulare,107,460477,122749,122246,36921,159167,1544
2022-11-06,Tuolumne,109,53932,15805,15672,931,16603,196
2022-11-06,Ventura,111,848112,210812,210085,16021,226106,1584
2022-11-06,Yolo,113,214977,48034,47786,4448,52234,353
2022-11-06,Yuba,115,75493,19116,19059,1742,20801,132
2022-11-05,Alameda,001,1643700,353631,351524,19991,371515,2044
2022-11-05,Alpine,002,1148,136,136,1,137,0
2022-11-05,Amador,005,37829,10093,10055,941,10996,95
2022-11-05,Butte,007,227075,39939,39852,9281,49133,462
2022-11-05,Calaveras,009,45235,8597,8576,572,9148,135
2022-11-05,Colusa,011,21464,3823,3820,1295,5115,22
2022-11-05,Contra Costa,013,1133247,255420,253122,21041,274163,1463
2022-11-05,Del Norte,015,27424,7501,7469,402,7871,56
2022-11-05,El Dorado,017,186661,32754,32622,4329,36951,231
2022-11-05,Fresno,019,978130,280823,276454,32129,308583,2885
2022-11-05,Glenn,021,27897,5579,5557,1884,7441,48
2022-11-05,Humboldt,023,135768,22233,22115,5193,27308,160
2022-11-05,Imperial,025,180216,66285,66024,16321,82345,960
2022-11-05,Inyo,027,18085,4539,4506,1042,5548,60
2022-11-05,Kern,029,883053,221296,220216,65314,285530,2426
2022-11-05,Kings,031,150075,59978,59856,4158,64014,459
2022-11-05,Lake,033,64148,12969,12898,1205,14103,148
2022-11-05,Lassen,035,31185,10035,10007,1006,11013,65
2022-11-05,Los Angeles,037,10098052,3314864,3304428,186404,3490832,33733
2022-11-05,Madera,039,155013,44414,44229,8333,52562,375
2022-11-05,Marin,041,260295,46024,45806,5345,51151,314
2022-11-05,Mariposa,043,17540,3149,3116,348,3464,32
2022-11-05,Mendocino,045,87422,16235,16130,4552,20682,137
2022-11-05,Merced,047,269075,73375,72727,11999,84726,870
2022-11-05,Modoc,049,8938,887,885,331,1216,11
2022-11-05,Mono,051,14174,3223,3216,265,3481,7
2022-11-05,Monterey,053,433212,94915,94541,21393,115934,770
2022-11-05,Napa,055,140530,32537,32484,1424,33908,161
2022-11-05,Nevada,057,99092,19235,19129,1933,21062,132
2022-11-05,Orange,059,3164182,675427,672253,65521,737774,7520
2022-11-05,Placer,061,380077,76826,76321,9743,86064,662
2022-11-05,Plumas,063,18699,3726,3720,444,4164,13
2022-11-05,Riverside,065,2383286,701554,699360,35903,735263,6660
2022-11-05,Sacramento,067,1510023,351649,349696,35087,384783,3350
2022-11-05,San Benito,069,59416,16502,16324,990,17314,108
2022-11-05,San Bernardino,071,2135413,677183,674939,31141,706080,8123
2022-11-05,San Diego,073,3302833,933253,931531,73075,1004606,5532
2022-11-05,San Francisco,075,870044,182454,180989,12252,193241,1067
2022-11-05,San Joaquin,077,732212,199718,198717,15235,213952,2336
2022-11-05,San Luis Obispo,079,281455,63864,63599,7273,70872,525
2022-11-05,San Mateo,081,765935,171956,170464,10496,180960,741
2022-11-05,Santa Barbara,083,443738,106831,106478,6964,113442,732
2022-11-05,Santa Clara,085,1922200,443702,436967,19213,456180,2533
2022-11-05,Santa Cruz,087,273765,64418,64070,3541,67611,274
2022-11-05,Shasta,089,179085,35372,35178,7716,42894,594
2022-11-05,Sierra,091,2930,308,308,60,368,5
2022-11-05,Siskiyou,093,43540,5216,5326,3362,8688,94
2022-11-05,Solano,095,438530,106867,106106,8023,114129,468
2022-11-05,Sonoma,097,501317,108253,107907,5360,113267,524
2022-11-05,Stanislaus,099,539301,139085,138715,21770,160485,1785
2022-11-05,Sutter,101,95872,24546,24470,2466,26936,233
2022-11-05,Tehama,103,63373,13790,13707,3143,16850,216
2022-11-05,Trinity,105,12862,1421,1413,433,1846,20
2022-11-05,Tulare,107,460477,122732,122246,36902,159148,1544
2022-11-05,Tuolumne,109,53932,15797,15672,931,16603,196
2022-11-05,Ventura,111,848112,210761,210085,16012,226097,1584
2022-11-05,Yolo,113,214977,48021,47786,4443,52229,353
2022-11-05,Yuba,115,75493,19111,19059,1741,20800,132
2022-11-04,Alameda,001,1643700,353479,351524,19978,371502,2044
2022-11-04,Alpine,002,1148,136,136,1,137,0
2022-11-04,Amador,005,37829,10090,10055,941,10996,95
2022-11-04,Butte,007,227075,39930,39852,9276,49128,462
2022-11-04,Calaveras,009,45235,8596,8576,572,9148,135
2022-11-04,Colusa,011,21464,3823,3820,1295,5115,22
2022-11-04,Contra Costa,013,1133247,255325,253122,21037,274159,1463
2022-11-04,Del Norte,015,27424,7501,7469,402,7871,56
2022-11-04,El Dorado,017,186661,32745,32622,4329,36951,231
2022-11-04,Fresno,019,978130,280769,276454,32120,308574,2885
2022-11-04,Glenn,021,27897,5578,5557,1883,7440,48
2022-11-04,Humboldt,023,135768,22225,22115,5191,27306,160
2022-11-04,Imperial,025,180216,66273,66024,16313,82337,960
2022-11-04,Inyo,027,18085,4536,4506,1041,5547,60
2022-11-04,Kern,029,883053,221253,220216,65281,285497,2426
2022-11-04,Kings,031,150075,59963,59856,4153,64009,459
2022-11-04,Lake,033,64148,12962,12898,1205,14103,148
2022-11-04,Lassen,035,31185,10034,10007,1006,11013,65
2022-11-04,Los Angeles,037,10098052,3314039,3304428,186258,3490686,33733
2022-11-04,Madera,039,155013,44407,44229,8332,52561,375
2022-11-04,Marin,041,260295,46008,45806,5344,51150,314
2022-11-04,Mariposa,043,17540,3147,3116,348,3464,32
2022-11-04,Mendocino,045,87422,16231,16130,4550,20680,137
2022-11-04,Merced,047,269075,73367,72727,11998,84725,870
2022-11-04,Modoc,049,8938,887,885,330,1215,11
2022-11-04,Mono,051,14174,3221,3216,265,3481,7
2022-11-04,Monterey,053,433212,94888,94541,21381,115922,770
2022-11-04,Napa,055,140530,32532,32484,1423,33907,161
2022-11-04,Nevada,057,99092,19229,19129,1924,21053,132
2022-11-04,Orange,059,3164182,675318,672253,65479,737732,7520
2022-11-04,Placer,061,380077,76807,76321,9742,86063,662
2022-11-04,Plumas,063,18699,3725,3720,443,4163,13
2022-11-04,Riverside,065,2383286,701379,699360,35872,735232,6660
2022-11-04,Sacramento,067,1510023,351538,349696,35074,384770,3350
2022-11-04,San Benito,069,59416,16498,16324,990,17314,108
2022-11-04,San Bernardino,071,2135413,677029,674939,31136,706075,8123
2022-11-04,San Diego,073,3302833,933048,931531,73063,1004594,5532
2022-11-04,San Francisco,075,870044,182386,180989,12246,193235,1067
2022-11-04,San Joaquin,077,732212,199667,198717,15230,213947,2336
2022-11-04,San Luis Obispo,079,281455,63852,63599,7271,70870,525
2022-11-04,San Mateo,081,765935,171884,170464,10493,180957,741
2022-11-04,Santa Barbara,083,443738,106810,106478,6962,113440,732
2022-11-04,Santa Clara,085,1922200,443500,436967,19207,456174,2533
2022-11-04,Santa Cruz,087,273765,64391,64070,3541,67611,274
2022-11-04,Shasta,089,179085,35366,35178,7707,42885,594
2022-11-04,Sierra,091,2930,308,308,60,368,5
2022-11-04,Siskiyou,093,43540,5212,5326,3362,8688,94
2022-11-04,Solano,095,438530,106811,106106,8020,114126,468
2022-11-04,Sonoma,097,501317,108229,107907,5359,113266,524
2022-11-04,Stanislaus,099,539301,139057,138715,21768,160483,1785
2022-11-04,Sutter,101,95872,24538,24470,2466,26936,233
2022-11-04,Tehama,103,63373,13785,13707,3132,16839,216
2022-11-04,Trinity,105,12862,1420,1413,433,1846,20
2022-11-04,Tulare,107,460477,122714,122246,36881,159127,1544
2022-11-04,Tuolumne,109,53932,15785,15672,931,16603,196
2022-11-04,Ventura,111,848112,210708,210085,16003,226088,1584
2022-11-04,Yolo,113,214977,48002,47786,4442,52228,353
2022-11-04,Yuba,115,75493,19108,19059,1741,20800,132
2022-11-03,Alameda,001,1643700,353291,351524,19953,371477,2044
2022-11-03,Alpine,002,1148,136,136,1,137,0
2022-11-03,Amador,005,37829,10085,10055,939,10994,95
2022-11-03,Butte,007,227075,39913,39852,9267,49119,462
2022-11-03,Calaveras,009,45235,8595,8576,572,9148,135
2022-11-03,Colusa,011,21464,3823,3820,1295,5115,22
2022-11-03,Contra Costa,013,1133247,255191,253122,21029,274151,1463
2022-11-03,Del Norte,015,27424,7501,7469,401,7870,56
2022-11-03,El Dorado,017,186661,32729,32622,4329,36951,231
2022-11-03,Fresno,019,978130,280693,276454,32101,308555,2885
2022-11-03,Glenn,021,27897,5575,5557,1882,7439,48
2022-11-03,Humboldt,023,135768,22209,22115,5183,27298,160
2022-11-03,Imperial,025,180216,66248,66024,16275,82299,960
2022-11-03,Inyo,027,18085,4534,4506,1040,5546,60
2022-11-03,Kern,029,883053,221202,220216,65233,285449,2426
2022-11-03,Kings,031,150075,59946,59856,4148,64004,459
2022-11-03,Lake,033,64148,12959,12898,1204,14102,148
2022-11-03,Lassen,035,31185,10031,10007,1005,11012,65
2022-11-03,Los Angeles,037,10098052,3312944,3304428,186056,3490484,33733
2022-11-03,Madera,039,155013,44395,44229,8330,52559,375
2022-11-03,Marin,041,260295,45981,45806,5344,51150,314
2022-11-03,Mariposa,043,17540,3144,3116,348,3464,32
2022-11-03,Mendocino,045,87422,16220,16130,4549,20679,137
2022-11-03,Merced,047,269075,73338,72727,11994,84721,870
2022-11-03,Modoc,049,8938,887,885,330,1215,11
2022-11-03,Mono,051,14174,3220,3216,265,3481,7
2022-11-03,Monterey,053,433212,94862,94541,21366,115907,770
2022-11-03,Napa,055,140530,32522,32484,1421,33905,161
2022-11-03,Nevada,057,99092,19219,19129,1922,21051,132
2022-11-03,Orange,059,3164182,675145,672253,65435,737688,7520
2022-11-03,Placer,061,380077,76772,76321,9738,86059,662
2022-11-03,Plumas,063,18699,3725,3720,443,4163,13
2022-11-03,Riverside,065,2383286,701169,699360,35838,735198,6660
2022-11-03,Sacramento,067,1510023,351368,349696,35046,384742,3350
2022-11-03,San Benito,069,59416,16494,16324,990,17314,108
2022-11-03,San Bernardino,071,2135413,676823,674939,31124,706063,8123
2022-11-03,San Diego,073,3302833,932793,931531,73034,1004565,5532
2022-11-03,San Francisco,075,870044,182279,180989,12241,193230,1067
2022-11-03,San Joaquin,077,732212,199605,198717,15215,213932,2336
2022-11-03,San Luis Obispo,079,281455,63834,63599,7269,70868,525
2022-11-03,San Mateo,081,765935,171785,170464,10492,180956,741
2022-11-03,Santa Barbara,083,443738,106786,106478,6958,113436,732
2022-11-03,Santa Clara,085,1922200,443255,436967,19194,456161,2533
2022-11-03,Santa Cruz,087,273765,64342,64070,3539,67609,274
2022-11-03,Shasta,089,179085,35351,35178,7693,42871,594
2022-11-03,Sierra,091,2930,308,308,60,368,5
2022-11-03,Siskiyou,093,43540,5209,5326,3360,8686,94
2022-11-03,Solano,095,438530,106766,106106,8013,114119,468
2022-11-03,Sonoma,097,501317,108199,107907,5359,113266,524
2022-11-03,Stanislaus,099,539301,139011,138715,21757,160472,1785
2022-11-03,Sutter,101,95872,24530,24470,2465,26935,233
2022-11-03,Tehama,103,63373,13777,13707,3128,16835,216
2022-11-03,Trinity,105,12862,1420,1413,432,1845,20
2022-11-03,Tulare,107,460477,122692,122246,36859,159105,1544
2022-11-03,Tuolumne,109,53932,15778,15672,930,16602,196
2022-11-03,Ventura,111,848112,210651,210085,15992,226077,1584
2022-11-03,Yolo,113,214977,47984,47786,4440,52226,353
2022-11-03,Yuba,115,75493,19101,19059,1741,20800,132
2022-11-02,Alameda,001,1643700,353105,351524,19931,371455,2044
2022-11-02,Alpine,002,1148,136,136,1,137,0
2022-11-02,Amador,005,37829,10075,10055,937,10992,95
2022-11-02,Butte,007,227075,39895,39852,9260,49112,462
2022-11-02,Calaveras,009,45235,8590,8576,572,9148,135
2022-11-02,Colusa,011,21464,3823,3820,1294,5114,22
2022-11-02,Contra Costa,013,1133247,255065,253122,21012,274134,1463
2022-11-02,Del Norte,015,27424,7501,7469,401,7870,56
2022-11-02,El Dorado,017,186661,32714,32622,4326,36948,231
2022-11-02,Fresno,019,978130,280605,276454,32084,308538,2885
2022-11-02,Glenn,021,27897,5571,5557,1880,7437,48
2022-11-02,Humboldt,023,135768,22197,22115,5181,27296,160
2022-11-02,Imperial,025,180216,66214,66024,16257,82281,960
2022-11-02,Inyo,027,18085,4531,4506,1040,5546,60
2022-11-02,Kern,029,883053,221155,220216,65189,285405,2426
2022-11-02,Kings,031,150075,59933,59856,4141,63997,459
2022-11-02,Lake,033,64148,12955,12898,1197,14095,148
2022-11-02,Lassen,035,31185,10029,10007,1004,11011,65
2022-11-02,Los Angeles,037,10098052,3311741,3304428,185865,3490293,33733
2022-11-02,Madera,039,155013,44379,44229,8327,52556,375
2022-11-02,Marin,041,260295,45964,45806,5342,51148,314
2022-11-02,Mariposa,043,17540,3143,3116,348,3464,32
2022-11-02,Mendocino,045,87422,16218,16130,4548,20678,137
2022-11-02,Merced,047,269075,73315,72727,11989,84716,870
2022-11-02,Modoc,049,8938,887,885,328,1213,11
2022-11-02,Mono,051,14174,3220,3216,265,3481,7
2022-11-02,Monterey,053,433212,94836,94541,21357,115898,770
2022-11-02,Napa,055,140530,32512,32484,1421,33905,161
2022-11-02,Nevada,057,99092,19212,19129,1917,21046,132
2022-11-02,Orange,059,3164182,674950,672253,65360,737613,7520
2022-11-02,Placer,061,380077,76735,76321,9731,86052,662
2022-11-02,Plumas,063,18699,3725,3720,443,4163,13
2022-11-02,Riverside,065,2383286,700995,699360,35817,735177,6660
2022-11-02,Sacramento,067,1510023,351191,349696,35014,384710,3350
2022-11-02,San Benito,069,59416,16488,16324,990,17314,108
2022-11-02,San Bernardino,071,2135413,676618,674939,31108,706047,8123
2022-11-02,San Diego,073,3302833,932460,931531,73000,1004531,5532
2022-11-02,San Francisco,075,870044,182174,180989,12237,193226,1067
2022-11-02,San Joaquin,077,732212,199528,198717,15203,213920,2336
2022-11-02,San Luis Obispo,079,281455,63810,63599,7262,70861,525
2022-11-02,San Mateo,081,765935,171720,170464,10486,180950,741
2022-11-02,Santa Barbara,083,443738,106755,106478,6952,113430,732
2022-11-02,Santa Clara,085,1922200,443037,436967,19185,456152,2533
2022-11-02,Santa Cruz,087,273765,64308,64070,3538,67608,274
2022-11-02,Shasta,089,179085,35340,35178,7679,42857,594
2022-11-02,Sierra,091,2930,308,308,60,368,5
2022-11-02,Siskiyou,093,43540,5208,5326,3353,8679,94
2022-11-02,Solano,095,438530,106713,106106,8007,114113,468
2022-11-02,Sonoma,097,501317,108163,107907,5357,113264,524
2022-11-02,Stanislaus,099,539301,138976,138715,21753,160468,1785
2022-11-02,Sutter,101,95872,24512,24470,2465,26935,233
2022-11-02,Tehama,103,63373,13771,13707,3123,16830,216
2022-11-02,Trinity,105,12862,1420,1413,429,1842,20
2022-11-02,Tulare,107,460477,122669,122246,36843,159089,1544
2022-11-02,Tuolumne,109,53932,15774,15672,930,16602,196
2022-11-02,Ventura,111,848112,210598,210085,15982,226067,1584
2022-11-02,Yolo,113,214977,47964,47786,4438,52224,353
2022-11-02,Yuba,115,75493,19092,19059,1741,20800,132
2022-11-01,Alameda,001,1643700,352904,351524,19915,371439,2044
2022-11-01,Alpine,002,1148,136,136,1,137,0
2022-11-01,Amador,005,37829,10069,10055,936,10991,95
2022-11-01,Butte,007,227075,39880,39852,9252,49104,462
2022-11-01,Calaveras,009,45235,8588,8576,572,9148,135
2022-11-01,Colusa,011,21464,3823,3820,1293,5113,22
2022-11-01,Contra Costa,013,1133247,254952,253122,21003,274125,1463
2022-11-01,Del Norte,015,27424,7501,7469,401,7870,56
2022-11-01,El Dorado,017,186661,32694,32622,4324,36946,231
2022-11-01,Fresno,019,978130,280524,276454,32071,308525,2885
2022-11-01,Glenn,021,27897,5570,5557,1878,7435,48
2022-11-01,Humboldt,023,135768,22183,22115,5175,27290,160
2022-11-01,Imperial,025,180216,66185,66024,16249,82273,960
2022-11-01,Inyo,027,18085,4528,4506,1039,5545,60
2022-11-01,Kern,029,883053,221076,220216,65136,285352,2426
2022-11-01,Kings,031,150075,59913,59856,4138,63994,459
2022-11-01,Lake,033,64148,12951,12898,1194,14092,148
2022-11-01,Lassen,035,31185,10027,10007,1003,11010,65
2022-11-01,Los Angeles,037,10098052,3310497,3304428,185648,3490076,33733
2022-11-01,Madera,039,155013,44366,44229,8317,52546,375
2022-11-01,Marin,041,260295,45944,45806,5340,51146,314
2022-11-01,Mariposa,043,17540,3140,3116,348,3464,32
2022-11-01,Mendocino,045,87422,16215,16130,4542,20672,137
2022-11-01,Merced,047,269075,73293,72727,11981,84708,870
2022-11-01,Modoc,049,8938,886,885,327,1212,11
2022-11-01,Mono,051,14174,3220,3216,264,3480,7
2022-11-01,Monterey,053,433212,94806,94541,21346,115887,770
2022-11-01,Napa,055,140530,32500,32484,1420,33904,161
2022-11-01,Nevada,057,99092,19198,19129,1914,21043,132
2022-11-01,Orange,059,3164182,674748,672253,65272,737525,7520
2022-11-01,Placer,061,380077,76707,76321,9722,86043,662
2022-11-01,Plumas,063,18699,3722,3720,443,4163,13
2022-11-01,Riverside,065,2383286,700769,699360,35789,735149,6660
2022-11-01,Sacramento,067,1510023,351029,349696,34990,384686,3350
2022-11-01,San Benito,069,59416,16481,16324,989,17313,108
2022-11-01,San Bernardino,071,2135413,676418,674939,31096,706035,8123
2022-11-01,San Diego,073,3302833,932132,931531,72969,1004500,5532
2022-11-01,San Francisco,075,870044,182065,180989,12227,193216,1067
2022-11-01,San Joaquin,077,732212,199454,198717,15198,213915,2336
2022-11-01,San Luis Obispo,079,281455,63786,63599,7260,70859,525
2022-11-01,San Mateo,081,765935,171641,170464,10484,180948,741
2022-11-01,Santa Barbara,083,443738,106721,106478,6946,113424,732
2022-11-01,Santa Clara,085,1922200,442791,436967,19175,456142,2533
2022-11-01,Santa Cruz,087,273765,64277,64070,3537,67607,274
2022-11-01,Shasta,089,179085,35329,35178,7662,42840,594
2022-11-01,Sierra,091,2930,308,308,60,368,5
2022-11-01,Siskiyou,093,43540,5206,5326,3351,8677,94
2022-11-01,Solano,095,438530,106666,106106,8003,114109,468
2022-11-01,Sonoma,097,501317,108126,107907,5353,113260,524
2022-11-01,Stanislaus,099,539301,138931,138715,21742,160457,1785
2022-11-01,Sutter,101,95872,24505,24470,2465,26935,233
2022-11-01,Tehama,103,63373,13763,13707,3118,16825,216
2022-11-01,Trinity,105,12862,1420,1413,429,1842,20
2022-11-01,Tulare,107,460477,122642,122246,36823,159069,1544
2022-11-01,Tuolumne,109,53932,15768,15672,930,16602,196
2022-11-01,Ventura,111,848112,210527,210085,15968,226053,1584
2022-11-01,Yolo,113,214977,47945,47786,4437,52223,353
2022-11-01,Yuba,115,75493,19085,19059,1741,20800,132
2022-10-31,Alameda,001,1643700,352681,350419,19892,370311,2040
2022-10-31,Alpine,002,1148,136,136,1,137,0
2022-10-31,Amador,005,37829,10068,10038,936,10974,94
2022-10-31,Butte,007,227075,39862,39707,9243,48950,457
2022-10-31,Calaveras,009,45235,8586,8561,572,9133,134
2022-10-31,Colusa,011,21464,3823,3813,1291,5104,22
2022-10-31,Contra Costa,013,1133247,254806,252398,20989,273387,1458
2022-10-31,Del Norte,015,27424,7498,7455,401,7856,56
2022-10-31,El Dorado,017,186661,32677,32513,4320,36833,231
2022-10-31,Fresno,019,978130,280414,275924,32053,307977,2885
2022-10-31,Glenn,021,27897,5569,5553,1877,7430,48
2022-10-31,Humboldt,023,135768,22171,22065,5171,27236,160
2022-10-31,Imperial,025,180216,66150,65903,16234,82137,959
2022-10-31,Inyo,027,18085,4523,4500,1039,5539,60
2022-10-31,Kern,029,883053,220974,219943,65086,285029,2425
2022-10-31,Kings,031,150075,59890,59742,4134,63876,459
2022-10-31,Lake,033,64148,12936,12868,1193,14061,148
2022-10-31,Lassen,035,31185,10026,9989,1003,10992,65
2022-10-31,Los Angeles,037,10098052,3309261,3298549,185421,3483970,33679
2022-10-31,Madera,039,155013,44353,44172,8317,52489,375
2022-10-31,Marin,041,260295,45920,45649,5337,50986,314
2022-10-31,Mariposa,043,17540,3137,3107,348,3455,31
2022-10-31,Mendocino,045,87422,16207,16104,4540,20644,153
2022-10-31,Merced,047,269075,73275,72606,11974,84580,870
2022-10-31,Modoc,049,8938,885,884,327,1211,11
2022-10-31,Mono,051,14174,3220,3215,263,3478,7
2022-10-31,Monterey,053,433212,94771,94425,21324,115749,769
2022-10-31,Napa,055,140530,32486,32448,1419,33867,160
2022-10-31,Nevada,057,99092,19195,19094,1914,21008,132
2022-10-31,Orange,059,3164182,674557,671141,65199,736340,7502
2022-10-31,Placer,061,380077,76688,76178,9716,85894,662
2022-10-31,Plumas,063,18699,3721,3705,443,4148,13
2022-10-31,Riverside,065,2383286,700540,698387,35761,734148,6659
2022-10-31,Sacramento,067,1510023,350875,348942,34965,383907,3346
2022-10-31,San Benito,069,59416,16475,16284,989,17273,108
2022-10-31,San Bernardino,071,2135413,676170,673959,31073,705032,8120
2022-10-31,San Diego,073,3302833,931800,929768,72937,1002705,5524
2022-10-31,San Francisco,075,870044,181955,180409,12223,192632,1066
2022-10-31,San Joaquin,077,732212,199377,198376,15184,213560,2335
2022-10-31,San Luis Obispo,079,281455,63761,63519,7252,70771,525
2022-10-31,San Mateo,081,765935,171539,169941,10482,180423,741
2022-10-31,Santa Barbara,083,443738,106683,106291,6943,113234,729
2022-10-31,Santa Clara,085,1922200,442522,435788,19164,454952,2528
2022-10-31,Santa Cruz,087,273765,64236,63885,3534,67419,274
2022-10-31,Shasta,089,179085,35307,35117,7655,42772,595
2022-10-31,Sierra,091,2930,308,308,60,368,5
2022-10-31,Siskiyou,093,43540,5202,5307,3349,8656,94
2022-10-31,Solano,095,438530,106610,105796,7998,113794,467
2022-10-31,Sonoma,097,501317,108087,107692,5349,113041,524
2022-10-31,Stanislaus,099,539301,138880,138423,21729,160152,1785
2022-10-31,Sutter,101,95872,24490,24425,2465,26890,233
2022-10-31,Tehama,103,63373,13753,13681,3117,16798,210
2022-10-31,Trinity,105,12862,1419,1398,429,1827,20
2022-10-31,Tulare,107,460477,122625,122140,36800,158940,1541
2022-10-31,Tuolumne,109,53932,15733,15658,928,16586,196
2022-10-31,Ventura,111,848112,210451,209746,15956,225702,1582
2022-10-31,Yolo,113,214977,47876,47703,4434,52137,349
2022-10-31,Yuba,115,75493,19077,19009,1741,20750,133
2022-10-30,Alameda,001,1643700,352462,350419,19868,370287,2040
2022-10-30,Alpine,002,1148,136,136,1,137,0
2022-10-30,Amador,005,37829,10064,10038,935,10973,94
2022-10-30,Butte,007,227075,39841,39707,9232,48939,457
2022-10-30,Calaveras,009,45235,8584,8561,572,9133,134
2022-10-30,Colusa,011,21464,3822,3813,1291,5104,22
2022-10-30,Contra Costa,013,1133247,254648,252398,20980,273378,1458
2022-10-30,Del Norte,015,27424,7495,7455,401,7856,56
2022-10-30,El Dorado,017,186661,32668,32513,4316,36829,231
2022-10-30,Fresno,019,978130,280326,275924,32037,307961,2885
2022-10-30,Glenn,021,27897,5561,5553,1877,7430,48
2022-10-30,Humboldt,023,135768,22165,22065,5164,27229,160
2022-10-30,Imperial,025,180216,66126,65903,16209,82112,959
2022-10-30,Inyo,027,18085,4523,4500,1038,5538,60
2022-10-30,Kern,029,883053,220901,219943,65036,284979,2425
2022-10-30,Kings,031,150075,59880,59742,4133,63875,459
2022-10-30,Lake,033,64148,12928,12868,1193,14061,148
2022-10-30,Lassen,035,31185,10021,9989,1003,10992,65
2022-10-30,Los Angeles,037,10098052,3307994,3298549,185182,3483731,33679
2022-10-30,Madera,039,155013,44344,44172,8311,52483,375
2022-10-30,Marin,041,260295,45901,45649,5336,50985,314
2022-10-30,Mariposa,043,17540,3137,3107,348,3455,31
2022-10-30,Mendocino,045,87422,16204,16104,4539,20643,153
2022-10-30,Merced,047,269075,73242,72606,11969,84575,870
2022-10-30,Modoc,049,8938,885,884,327,1211,11
2022-10-30,Mono,051,14174,3219,3215,263,3478,7
2022-10-30,Monterey,053,433212,94741,94425,21313,115738,769
2022-10-30,Napa,055,140530,32471,32448,1417,33865,160
2022-10-30,Nevada,057,99092,19188,19094,1909,21003,132
2022-10-30,Orange,059,3164182,674323,671141,65124,736265,7502
2022-10-30,Placer,061,380077,76668,76178,9713,85891,662
2022-10-30,Plumas,063,18699,3720,3705,443,4148,13
2022-10-30,Riverside,065,2383286,700316,698387,35732,734119,6659
2022-10-30,Sacramento,067,1510023,350740,348942,34929,383871,3346
2022-10-30,San Benito,069,59416,16469,16284,989,17273,108
2022-10-30,San Bernardino,071,2135413,675969,673959,31054,705013,8120
2022-10-30,San Diego,073,3302833,931443,929768,72879,1002647,5524
2022-10-30,San Francisco,075,870044,181828,180409,12213,192622,1066
2022-10-30,San Joaquin,077,732212,199308,198376,15161,213537,2335
2022-10-30,San Luis Obispo,079,281455,63748,63519,7248,70767,525
2022-10-30,San Mateo,081,765935,171445,169941,10479,180420,741
2022-10-30,Santa Barbara,083,443738,106657,106291,6938,113229,729
2022-10-30,Santa Clara,085,1922200,442285,435788,19158,454946,2528
2022-10-30,Santa Cruz,087,273765,64182,63885,3531,67416,274
2022-10-30,Shasta,089,179085,35294,35117,7650,42767,595
2022-10-30,Sierra,091,2930,308,308,60,368,5
2022-10-30,Siskiyou,093,43540,5200,5307,3348,8655,94
2022-10-30,Solano,095,438530,106550,105796,7995,113791,467
2022-10-30,Sonoma,097,501317,108050,107692,5345,113037,524
2022-10-30,Stanislaus,099,539301,138838,138423,21722,160145,1785
2022-10-30,Sutter,101,95872,24480,24425,2465,26890,233
2022-10-30,Tehama,103,63373,13744,13681,3113,16794,210
2022-10-30,Trinity,105,12862,1419,1398,428,1826,20
2022-10-30,Tulare,107,460477,122593,122140,36779,158919,1541
2022-10-30,Tuolumne,109,53932,15727,15658,927,16585,196
2022-10-30,Ventura,111,848112,210380,209746,15942,225688,1582
2022-10-30,Yolo,113,214977,47852,47703,4426,52129,349
2022-10-30,Yuba,115,75493,19069,19009,1739,20748,133
2022-10-29,Alameda,001,1643700,352346,350419,19861,370280,2040
2022-10-29,Alpine,002,1148,136,136,1,137,0
2022-10-29,Amador,005,37829,10062,10038,935,10973,94
2022-10-29,Butte,007,227075,39834,39707,9228,48935,457
2022-10-29,Calaveras,009,45235,8578,8561,572,9133,134
2022-10-29,Colusa,011,21464,3821,3813,1291,5104,22
2022-10-29,Contra Costa,013,1133247,254558,252398,20975,273373,1458
2022-10-29,Del Norte,015,27424,7495,7455,401,7856,56
2022-10-29,El Dorado,017,186661,32661,32513,4314,36827,231
2022-10-29,Fresno,019,978130,280276,275924,32028,307952,2885
2022-10-29,Glenn,021,27897,5560,5553,1877,7430,48
2022-10-29,Humboldt,023,135768,22159,22065,5163,27228,160
2022-10-29,Imperial,025,180216,66115,65903,16193,82096,959
2022-10-29,Inyo,027,18085,4523,4500,1037,5537,60
2022-10-29,Kern,029,883053,220867,219943,65011,284954,2425
2022-10-29,Kings,031,150075,59872,59742,4133,63875,459
2022-10-29,Lake,033,64148,12924,12868,1193,14061,148
2022-10-29,Lassen,035,31185,10021,9989,1003,10992,65
2022-10-29,Los Angeles,037,10098052,3307361,3298549,185069,3483618,33679
2022-10-29,Madera,039,155013,44339,44172,8311,52483,375
2022-10-29,Marin,041,260295,45882,45649,5335,50984,314
2022-10-29,Mariposa,043,17540,3137,3107,348,3455,31
2022-10-29,Mendocino,045,87422,16203,16104,4539,20643,153
2022-10-29,Merced,047,269075,73228,72606,11968,84574,870
2022-10-29,Modoc,049,8938,885,884,327,1211,11
2022-10-29,Mono,051,14174,3219,3215,263,3478,7
2022-10-29,Monterey,053,433212,94728,94425,21306,115731,769
2022-10-29,Napa,055,140530,32461,32448,1417,33865,160
2022-10-29,Nevada,057,99092,19182,19094,1908,21002,132
2022-10-29,Orange,059,3164182,674222,671141,65091,736232,7502
2022-10-29,Placer,061,380077,76652,76178,9711,85889,662
2022-10-29,Plumas,063,18699,3720,3705,443,4148,13
2022-10-29,Riverside,065,2383286,700199,698387,35713,734100,6659
2022-10-29,Sacramento,067,1510023,350670,348942,34914,383856,3346
2022-10-29,San Benito,069,59416,16465,16284,989,17273,108
2022-10-29,San Bernardino,071,2135413,675860,673959,31044,705003,8120
2022-10-29,San Diego,073,3302833,931287,929768,72867,1002635,5524
2022-10-29,San Francisco,075,870044,181759,180409,12211,192620,1066
2022-10-29,San Joaquin,077,732212,199274,198376,15152,213528,2335
2022-10-29,San Luis Obispo,079,281455,63745,63519,7246,70765,525
2022-10-29,San Mateo,081,765935,171390,169941,10478,180419,741
2022-10-29,Santa Barbara,083,443738,106638,106291,6935,113226,729
2022-10-29,Santa Clara,085,1922200,442145,435788,19151,454939,2528
2022-10-29,Santa Cruz,087,273765,64168,63885,3529,67414,274
2022-10-29,Shasta,089,179085,35287,35117,7647,42764,595
2022-10-29,Sierra,091,2930,308,308,60,368,5
2022-10-29,Siskiyou,093,43540,5199,5307,3346,8653,94
2022-10-29,Solano,095,438530,106517,105796,7991,113787,467
2022-10-29,Sonoma,097,501317,108032,107692,5343,113035,524
2022-10-29,Stanislaus,099,539301,138802,138423,21716,160139,1785
2022-10-29,Sutter,101,95872,24474,24425,2465,26890,233
2022-10-29,Tehama,103,63373,13741,13681,3109,16790,210
2022-10-29,Trinity,105,12862,1414,1398,426,1824,20
2022-10-29,Tulare,107,460477,122573,122140,36764,158904,1541
2022-10-29,Tuolumne,109,53932,15721,15658,927,16585,196
2022-10-29,Ventura,111,848112,210338,209746,15928,225674,1582
2022-10-29,Yolo,113,214977,47838,47703,4425,52128,349
2022-10-29,Yuba,115,75493,19065,19009,1739,20748,133
2022-10-28,Alameda,001,1643700,352255,350419,19856,370275,2040
2022-10-28,Alpine,002,1148,136,136,1,137,0
2022-10-28,Amador,005,37829,10056,10038,934,10972,94
2022-10-28,Butte,007,227075,39828,39707,9225,48932,457
2022-10-28,Calaveras,009,45235,8578,8561,572,9133,134
2022-10-28,Colusa,011,21464,3821,3813,1291,5104,22
2022-10-28,Contra Costa,013,1133247,254474,252398,20971,273369,1458
2022-10-28,Del Norte,015,27424,7494,7455,401,7856,56
2022-10-28,El Dorado,017,186661,32651,32513,4312,36825,231
2022-10-28,Fresno,019,978130,280227,275924,32021,307945,2885
2022-10-28,Glenn,021,27897,5559,5553,1875,7428,48
2022-10-28,Humboldt,023,135768,22154,22065,5162,27227,160
2022-10-28,Imperial,025,180216,66100,65903,16185,82088,959
2022-10-28,Inyo,027,18085,4520,4500,1037,5537,60
2022-10-28,Kern,029,883053,220839,219943,65002,284945,2425
2022-10-28,Kings,031,150075,59870,59742,4133,63875,459
2022-10-28,Lake,033,64148,12922,12868,1193,14061,148
2022-10-28,Lassen,035,31185,10021,9989,1003,10992,65
2022-10-28,Los Angeles,037,10098052,3306725,3298549,184944,3483493,33679
2022-10-28,Madera,039,155013,44331,44172,8308,52480,375
2022-10-28,Marin,041,260295,45870,45649,5335,50984,314
2022-10-28,Mariposa,043,17540,3134,3107,348,3455,31
2022-10-28,Mendocino,045,87422,16200,16104,4536,20640,153
2022-10-28,Merced,047,269075,73216,72606,11966,84572,870
2022-10-28,Modoc,049,8938,885,884,327,1211,11
2022-10-28,Mono,051,14174,3219,3215,263,3478,7
2022-10-28,Monterey,053,433212,94714,94425,21297,115722,769
2022-10-28,Napa,055,140530,32453,32448,1417,33865,160
2022-10-28,Nevada,057,99092,19179,19094,1907,21001,132
2022-10-28,Orange,059,3164182,674110,671141,65035,736176,7502
2022-10-28,Placer,061,380077,76639,76178,9709,85887,662
2022-10-28,Plumas,063,18699,3720,3705,443,4148,13
2022-10-28,Riverside,065,2383286,700082,698387,35700,734087,6659
2022-10-28,Sacramento,067,1510023,350569,348942,34907,383849,3346
2022-10-28,San Benito,069,59416,16461,16284,989,17273,108
2022-10-28,San Bernardino,071,2135413,675745,673959,31037,704996,8120
2022-10-28,San Diego,073,3302833,931103,929768,72853,1002621,5524
2022-10-28,San Francisco,075,870044,181701,180409,12206,192615,1066
2022-10-28,San Joaquin,077,732212,199246,198376,15148,213524,2335
2022-10-28,San Luis Obispo,079,281455,63740,63519,7245,70764,525
2022-10-28,San Mateo,081,765935,171333,169941,10475,180416,741
2022-10-28,Santa Barbara,083,443738,106624,106291,6935,113226,729
2022-10-28,Santa Clara,085,1922200,441994,435788,19145,454933,2528
2022-10-28,Santa Cruz,087,273765,64153,63885,3527,67412,274
2022-10-28,Shasta,089,179085,35281,35117,7642,42759,595
2022-10-28,Sierra,091,2930,308,308,60,368,5
2022-10-28,Siskiyou,093,43540,5195,5307,3344,8651,94
2022-10-28,Solano,095,438530,106490,105796,7990,113786,467
2022-10-28,Sonoma,097,501317,108011,107692,5343,113035,524
2022-10-28,Stanislaus,099,539301,138772,138423,21714,160137,1785
2022-10-28,Sutter,101,95872,24465,24425,2464,26889,233
2022-10-28,Tehama,103,63373,13738,13681,3108,16789,210
2022-10-28,Trinity,105,12862,1411,1398,425,1823,20
2022-10-28,Tulare,107,460477,122550,122140,36754,158894,1541
2022-10-28,Tuolumne,109,53932,15719,15658,927,16585,196
2022-10-28,Ventura,111,848112,210298,209746,15921,225667,1582
2022-10-28,Yolo,113,214977,47827,47703,4425,52128,349
2022-10-28,Yuba,115,75493,19059,19009,1738,20747,133
2022-10-27,Alameda,001,1643700,352118,350419,19843,370262,2040
2022-10-27,Alpine,002,1148,136,136,1,137,0
2022-10-27,Amador,005,37829,10055,10038,934,10972,94
2022-10-27,Butte,007,227075,39821,39707,9221,48928,457
2022-10-27,Calaveras,009,45235,8576,8561,571,9132,134
2022-10-27,Colusa,011,21464,3818,3813,1291,5104,22
2022-10-27,Contra Costa,013,1133247,254375,252398,20964,273362,1458
2022-10-27,Del Norte,015,27424,7489,7455,401,7856,56
2022-10-27,El Dorado,017,186661,32633,32513,4312,36825,231
2022-10-27,Fresno,019,978130,280161,275924,32016,307940,2885
2022-10-27,Glenn,021,27897,5556,5553,1875,7428,48
2022-10-27,Humboldt,023,135768,22145,22065,5162,27227,160
2022-10-27,Imperial,025,180216,66087,65903,16173,82076,959
2022-10-27,Inyo,027,18085,4518,4500,1037,5537,60
2022-10-27,Kern,029,883053,220776,219943,64970,284913,2425
2022-10-27,Kings,031,150075,59811,59742,4132,63874,459
2022-10-27,Lake,033,64148,12916,12868,1192,14060,148
2022-10-27,Lassen,035,31185,10019,9989,1002,10991,65
2022-10-27,Los Angeles,037,10098052,3305857,3298549,184794,3483343,33679
2022-10-27,Madera,039,155013,44321,44172,8305,52477,375
2022-10-27,Marin,041,260295,45852,45649,5335,50984,314
2022-10-27,Mariposa,043,17540,3133,3107,348,3455,31
2022-10-27,Mendocino,045,87422,16197,16104,4535,20639,153
2022-10-27,Merced,047,269075,73207,72606,11961,84567,870
2022-10-27,Modoc,049,8938,885,884,327,1211,11
2022-10-27,Mono,051,14174,3219,3215,263,3478,7
2022-10-27,Monterey,053,433212,94693,94425,21281,115706,769
2022-10-27,Napa,055,140530,32447,32448,1415,33863,160
2022-10-27,Nevada,057,99092,19173,19094,1904,20998,132
2022-10-27,Orange,059,3164182,673929,671141,64994,736135,7502
2022-10-27,Placer,061,380077,76626,76178,9704,85882,662
2022-10-27,Plumas,063,18699,3720,3705,443,4148,13
2022-10-27,Riverside,065,2383286,699947,698387,35678,734065,6659
2022-10-27,Sacramento,067,1510023,350433,348942,34891,383833,3346
2022-10-27,San Benito,069,59416,16460,16284,989,17273,108
2022-10-27,San Bernardino,071,2135413,675610,673959,31028,704987,8120
2022-10-27,San Diego,073,3302833,930858,929768,72823,1002591,5524
2022-10-27,San Francisco,075,870044,181611,180409,12196,192605,1066
2022-10-27,San Joaquin,077,732212,199213,198376,15139,213515,2335
2022-10-27,San Luis Obispo,079,281455,63727,63519,7243,70762,525
2022-10-27,San Mateo,081,765935,171243,169941,10473,180414,741
2022-10-27,Santa Barbara,083,443738,106594,106291,6934,113225,729
2022-10-27,Santa Clara,085,1922200,441819,435788,19136,454924,2528
2022-10-27,Santa Cruz,087,273765,64132,63885,3524,67409,274
2022-10-27,Shasta,089,179085,35272,35117,7635,42752,595
2022-10-27,Sierra,091,2930,308,308,60,368,5
2022-10-27,Siskiyou,093,43540,5191,5307,3343,8650,94
2022-10-27,Solano,095,438530,106450,105796,7988,113784,467
2022-10-27,Sonoma,097,501317,107981,107692,5343,113035,524
2022-10-27,Stanislaus,099,539301,138733,138423,21710,160133,1785
2022-10-27,Sutter,101,95872,24457,24425,2463,26888,233
2022-10-27,Tehama,103,63373,13737,13681,3108,16789,210
2022-10-27,Trinity,105,12862,1408,1398,422,1820,20
2022-10-27,Tulare,107,460477,122534,122140,36732,158872,1541
2022-10-27,Tuolumne,109,53932,15716,15658,927,16585,196
2022-10-27,Ventura,111,848112,210238,209746,15914,225660,1582
2022-10-27,Yolo,113,214977,47825,47703,4423,52126,349
2022-10-27,Yuba,115,75493,19054,19009,1737,20746,133
2022-10-26,Alameda,001,1643700,351945,350419,19829,370248,2040
2022-10-26,Alpine,002,1148,136,136,1,137,0
2022-10-26,Amador,005,37829,10054,10038,934,10972,94
2022-10-26,Butte,007,227075,39810,39707,9213,48920,457
2022-10-26,Calaveras,009,45235,8575,8561,570,9131,134
2022-10-26,Colusa,011,21464,3815,3813,1291,5104,22
2022-10-26,Contra Costa,013,1133247,254282,252398,20959,273357,1458
2022-10-26,Del Norte,015,27424,7488,7455,401,7856,56
2022-10-26,El Dorado,017,186661,32611,32513,4311,36824,231
2022-10-26,Fresno,019,978130,280108,275924,31996,307920,2885
2022-10-26,Glenn,021,27897,5556,5553,1874,7427,48
2022-10-26,Humboldt,023,135768,22140,22065,5155,27220,160
2022-10-26,Imperial,025,180216,66067,65903,16162,82065,959
2022-10-26,Inyo,027,18085,4517,4500,1035,5535,60
2022-10-26,Kern,029,883053,220736,219943,64942,284885,2425
2022-10-26,Kings,031,150075,59806,59742,4132,63874,459
2022-10-26,Lake,033,64148,12914,12868,1192,14060,148
2022-10-26,Lassen,035,31185,10014,9989,1001,10990,65
2022-10-26,Los Angeles,037,10098052,3304929,3298549,184650,3483199,33679
2022-10-26,Madera,039,155013,44313,44172,8303,52475,375
2022-10-26,Marin,041,260295,45839,45649,5333,50982,314
2022-10-26,Mariposa,043,17540,3132,3107,348,3455,31
2022-10-26,Mendocino,045,87422,16195,16104,4533,20637,153
2022-10-26,Merced,047,269075,73191,72606,11957,84563,870
2022-10-26,Modoc,049,8938,885,884,327,1211,11
2022-10-26,Mono,051,14174,3219,3215,263,3478,7
2022-10-26,Monterey,053,433212,94668,94425,21270,115695,769
2022-10-26,Napa,055,140530,32439,32448,1415,33863,160
2022-10-26,Nevada,057,99092,19170,19094,1896,20990,132
2022-10-26,Orange,059,3164182,673739,671141,64935,736076,7502
2022-10-26,Placer,061,380077,76604,76178,9698,85876,662
2022-10-26,Plumas,063,18699,3718,3705,443,4148,13
2022-10-26,Riverside,065,2383286,699802,698387,35654,734041,6659
2022-10-26,Sacramento,067,1510023,350354,348942,34875,383817,3346
2022-10-26,San Benito,069,59416,16455,16284,989,17273,108
2022-10-26,San Bernardino,071,2135413,675441,673959,31019,704978,8120
2022-10-26,San Diego,073,3302833,930571,929768,72780,1002548,5524
2022-10-26,San Francisco,075,870044,181532,180409,12192,192601,1066
2022-10-26,San Joaquin,077,732212,199161,198376,15127,213503,2335
2022-10-26,San Luis Obispo,079,281455,63712,63519,7241,70760,525
2022-10-26,San Mateo,081,765935,171152,169941,10469,180410,741
2022-10-26,Santa Barbara,083,443738,106560,106291,6929,113220,729
2022-10-26,Santa Clara,085,1922200,441639,435788,19119,454907,2528
2022-10-26,Santa Cruz,087,273765,64106,63885,3523,67408,274
2022-10-26,Shasta,089,179085,35264,35117,7630,42747,595
2022-10-26,Sierra,091,2930,308,308,60,368,5
2022-10-26,Siskiyou,093,43540,5189,5307,3342,8649,94
2022-10-26,Solano,095,438530,106393,105796,7987,113783,467
2022-10-26,Sonoma,097,501317,107955,107692,5338,113030,524
2022-10-26,Stanislaus,099,539301,138701,138423,21706,160129,1785
2022-10-26,Sutter,101,95872,24447,24425,2463,26888,233
2022-10-26,Tehama,103,63373,13732,13681,3108,16789,210
2022-10-26,Trinity,105,12862,1402,1398,420,1818,20
2022-10-26,Tulare,107,460477,122518,122140,36715,158855,1541
2022-10-26,Tuolumne,109,53932,15710,15658,927,16585,196
2022-10-26,Ventura,111,848112,210175,209746,15907,225653,1582
2022-10-26,Yolo,113,214977,47816,47703,4419,52122,349
2022-10-26,Yuba,115,75493,19047,19009,1737,20746,133
2022-10-25,Alameda,001,1643700,351790,350419,19814,370233,2040
2022-10-25,Alpine,002,1148,136,136,1,137,0
2022-10-25,Amador,005,37829,10052,10038,934,10972,94
2022-10-25,Butte,007,227075,39794,39707,9213,48920,457
2022-10-25,Calaveras,009,45235,8573,8561,570,9131,134
2022-10-25,Colusa,011,21464,3814,3813,1291,5104,22
2022-10-25,Contra Costa,013,1133247,254176,252398,20951,273349,1458
2022-10-25,Del Norte,015,27424,7487,7455,401,7856,56
2022-10-25,El Dorado,017,186661,32590,32513,4309,36822,231
2022-10-25,Fresno,019,978130,280051,275924,31982,307906,2885
2022-10-25,Glenn,021,27897,5554,5553,1874,7427,48
2022-10-25,Humboldt,023,135768,22133,22065,5152,27217,160
2022-10-25,Imperial,025,180216,66045,65903,16155,82058,959
2022-10-25,Inyo,027,18085,4517,4500,1034,5534,60
2022-10-25,Kern,029,883053,220685,219943,64899,284842,2425
2022-10-25,Kings,031,150075,59790,59742,4131,63873,459
2022-10-25,Lake,033,64148,12911,12868,1192,14060,148
2022-10-25,Lassen,035,31185,10007,9989,1001,10990,65
2022-10-25,Los Angeles,037,10098052,3304036,3298549,184507,3483056,33679
2022-10-25,Madera,039,155013,44304,44172,8299,52471,375
2022-10-25,Marin,041,260295,45812,45649,5331,50980,314
2022-10-25,Mariposa,043,17540,3131,3107,348,3455,31
2022-10-25,Mendocino,045,87422,16188,16104,4532,20636,153
2022-10-25,Merced,047,269075,73174,72606,11954,84560,870
2022-10-25,Modoc,049,8938,885,884,326,1210,11
2022-10-25,Mono,051,14174,3219,3215,262,3477,7
2022-10-25,Monterey,053,433212,94643,94425,21258,115683,769
2022-10-25,Napa,055,140530,32436,32448,1414,33862,160
2022-10-25,Nevada,057,99092,19166,19094,1893,20987,132
2022-10-25,Orange,059,3164182,673552,671141,64875,736016,7502
2022-10-25,Placer,061,380077,76568,76178,9695,85873,662
2022-10-25,Plumas,063,18699,3717,3705,443,4148,13
2022-10-25,Riverside,065,2383286,699631,698387,35641,734028,6659
2022-10-25,Sacramento,067,1510023,350242,348942,34838,383780,3346
2022-10-25,San Benito,069,59416,16448,16284,987,17271,108
2022-10-25,San Bernardino,071,2135413,675297,673959,31010,704969,8120
2022-10-25,San Diego,073,3302833,930302,929768,72723,1002491,5524
2022-10-25,San Francisco,075,870044,181442,180409,12182,192591,1066
2022-10-25,San Joaquin,077,732212,199103,198376,15120,213496,2335
2022-10-25,San Luis Obispo,079,281455,63692,63519,7238,70757,525
2022-10-25,San Mateo,081,765935,171080,169941,10468,180409,741
2022-10-25,Santa Barbara,083,443738,106525,106291,6923,113214,729
2022-10-25,Santa Clara,085,1922200,441445,435788,19110,454898,2528
2022-10-25,Santa Cruz,087,273765,64071,63885,3519,67404,274
2022-10-25,Shasta,089,179085,35258,35117,7624,42741,595
2022-10-25,Sierra,091,2930,308,308,60,368,5
2022-10-25,Siskiyou,093,43540,5187,5307,3338,8645,94
2022-10-25,Solano,095,438530,106346,105796,7981,113777,467
2022-10-25,Sonoma,097,501317,107913,107692,5337,113029,524
2022-10-25,Stanislaus,099,539301,138672,138423,21696,160119,1785
2022-10-25,Sutter,101,95872,24440,24425,2463,26888,233
2022-10-25,Tehama,103,63373,13729,13681,3107,16788,210
2022-10-25,Trinity,105,12862,1402,1398,416,1814,20
2022-10-25,Tulare,107,460477,122493,122140,36698,158838,1541
2022-10-25,Tuolumne,109,53932,15709,15658,927,16585,196
2022-10-25,Ventura,111,848112,210123,209746,15897,225643,1582
2022-10-25,Yolo,113,214977,47805,47703,4410,52113,349
2022-10-25,Yuba,115,75493,19040,19009,1737,20746,133
2022-10-24,Alameda,001,1643700,351628,349337,19805,369142,2031
2022-10-24,Alpine,002,1148,136,136,1,137,0
2022-10-24,Amador,005,37829,10050,10025,933,10958,94
2022-10-24,Butte,007,227075,39780,39607,9210,48817,456
2022-10-24,Calaveras,009,45235,8573,8541,569,9110,135
2022-10-24,Colusa,011,21464,3812,3807,1291,5098,22
2022-10-24,Contra Costa,013,1133247,254058,251722,20944,272666,1444
2022-10-24,Del Norte,015,27424,7482,7450,401,7851,56
2022-10-24,El Dorado,017,186661,32577,32443,4308,36751,232
2022-10-24,Fresno,019,978130,279987,275502,31961,307463,2893
2022-10-24,Glenn,021,27897,5553,5543,1874,7417,48
2022-10-24,Humboldt,023,135768,22127,21979,5145,27124,160
2022-10-24,Imperial,025,180216,66024,65801,16146,81947,961
2022-10-24,Inyo,027,18085,4516,4497,1031,5528,60
2022-10-24,Kern,029,883053,220633,219679,64866,284545,2424
2022-10-24,Kings,031,150075,59772,59632,4131,63763,460
2022-10-24,Lake,033,64148,12906,12847,1192,14039,148
2022-10-24,Lassen,035,31185,10007,9977,1001,10978,65
2022-10-24,Los Angeles,037,10098052,3303034,3289814,184337,3474151,33533
2022-10-24,Madera,039,155013,44299,44121,8298,52419,375
2022-10-24,Marin,041,260295,45783,45521,5331,50852,314
2022-10-24,Mariposa,043,17540,3129,3096,346,3442,31
2022-10-24,Mendocino,045,87422,16184,16059,4529,20588,136
2022-10-24,Merced,047,269075,73161,72442,11951,84393,869
2022-10-24,Modoc,049,8938,884,883,326,1209,11
2022-10-24,Mono,051,14174,3219,3212,261,3473,7
2022-10-24,Monterey,053,433212,94621,94275,21243,115518,768
2022-10-24,Napa,055,140530,32432,32395,1414,33809,160
2022-10-24,Nevada,057,99092,19158,19056,1883,20939,132
2022-10-24,Orange,059,3164182,673368,669923,64831,734754,7536
2022-10-24,Placer,061,380077,76537,76022,9692,85714,662
2022-10-24,Plumas,063,18699,3716,3691,442,4133,13
2022-10-24,Riverside,065,2383286,699492,697500,35620,733120,6569
2022-10-24,Sacramento,067,1510023,350121,348260,34812,383072,3337
2022-10-24,San Benito,069,59416,16442,16251,986,17237,107
2022-10-24,San Bernardino,071,2135413,675122,673189,30999,704188,8152
2022-10-24,San Diego,073,3302833,930028,928182,72670,1000852,5517
2022-10-24,San Francisco,075,870044,181335,179967,12179,192146,1056
2022-10-24,San Joaquin,077,732212,199047,198041,15098,213139,2336
2022-10-24,San Luis Obispo,079,281455,63680,63410,7237,70647,525
2022-10-24,San Mateo,081,765935,171018,169484,10465,179949,732
2022-10-24,Santa Barbara,083,443738,106502,106125,6922,113047,726
2022-10-24,Santa Clara,085,1922200,441234,434684,19101,453785,2523
2022-10-24,Santa Cruz,087,273765,64048,63592,3517,67109,275
2022-10-24,Shasta,089,179085,35243,35031,7613,42644,595
2022-10-24,Sierra,091,2930,308,305,60,365,5
2022-10-24,Siskiyou,093,43540,5185,5298,3338,8636,94
2022-10-24,Solano,095,438530,106298,105561,7980,113541,466
2022-10-24,Sonoma,097,501317,107882,107436,5337,112773,527
2022-10-24,Stanislaus,099,539301,138645,138223,21693,159916,1785
2022-10-24,Sutter,101,95872,24435,24393,2463,26856,233
2022-10-24,Tehama,103,63373,13727,13647,3106,16753,209
2022-10-24,Trinity,105,12862,1401,1396,415,1811,20
2022-10-24,Tulare,107,460477,122472,122035,36681,158716,1540
2022-10-24,Tuolumne,109,53932,15706,15626,927,16553,196
2022-10-24,Ventura,111,848112,210073,209427,15892,225319,1571
2022-10-24,Yolo,113,214977,47794,47611,4408,52019,346
2022-10-24,Yuba,115,75493,19031,18969,1737,20706,130
2022-10-23,Alameda,001,1643700,351431,349337,19789,369126,2031
2022-10-23,Alpine,002,1148,136,136,1,137,0
2022-10-23,Amador,005,37829,10049,10025,933,10958,94
2022-10-23,Butte,007,227075,39768,39607,9208,48815,456
2022-10-23,Calaveras,009,45235,8568,8541,569,9110,135
2022-10-23,Colusa,011,21464,3812,3807,1289,5096,22
2022-10-23,Contra Costa,013,1133247,253949,251722,20932,272654,1444
2022-10-23,Del Norte,015,27424,7481,7450,401,7851,56
2022-10-23,El Dorado,017,186661,32564,32443,4306,36749,232
2022-10-23,Fresno,019,978130,279923,275502,31947,307449,2893
2022-10-23,Glenn,021,27897,5551,5543,1872,7415,48
2022-10-23,Humboldt,023,135768,22119,21979,5138,27117,160
2022-10-23,Imperial,025,180216,66011,65801,16128,81929,961
2022-10-23,Inyo,027,18085,4514,4497,1031,5528,60
2022-10-23,Kern,029,883053,220580,219679,64795,284474,2424
2022-10-23,Kings,031,150075,59753,59632,4128,63760,460
2022-10-23,Lake,033,64148,12905,12847,1192,14039,148
2022-10-23,Lassen,035,31185,10004,9977,1000,10977,65
2022-10-23,Los Angeles,037,10098052,3302070,3289814,184147,3473961,33533
2022-10-23,Madera,039,155013,44287,44121,8296,52417,375
2022-10-23,Marin,041,260295,45768,45521,5329,50850,314
2022-10-23,Mariposa,043,17540,3126,3096,345,3441,31
2022-10-23,Mendocino,045,87422,16177,16059,4528,20587,136
2022-10-23,Merced,047,269075,73153,72442,11947,84389,869
2022-10-23,Modoc,049,8938,884,883,326,1209,11
2022-10-23,Mono,051,14174,3219,3212,260,3472,7
2022-10-23,Monterey,053,433212,94601,94275,21228,115503,768
2022-10-23,Napa,055,140530,32414,32395,1414,33809,160
2022-10-23,Nevada,057,99092,19146,19056,1881,20937,132
2022-10-23,Orange,059,3164182,673138,669923,64763,734686,7536
2022-10-23,Placer,061,380077,76507,76022,9688,85710,662
2022-10-23,Plumas,063,18699,3715,3691,441,4132,13
2022-10-23,Riverside,065,2383286,699310,697500,35603,733103,6569
2022-10-23,Sacramento,067,1510023,349972,348260,34787,383047,3337
2022-10-23,San Benito,069,59416,16435,16251,985,17236,107
2022-10-23,San Bernardino,071,2135413,674982,673189,30983,704172,8152
2022-10-23,San Diego,073,3302833,929677,928182,72627,1000809,5517
2022-10-23,San Francisco,075,870044,181227,179967,12171,192138,1056
2022-10-23,San Joaquin,077,732212,198986,198041,15086,213127,2336
2022-10-23,San Luis Obispo,079,281455,63666,63410,7229,70639,525
2022-10-23,San Mateo,081,765935,170928,169484,10462,179946,732
2022-10-23,Santa Barbara,083,443738,106462,106125,6919,113044,726
2022-10-23,Santa Clara,085,1922200,441008,434684,19080,453764,2523
2022-10-23,Santa Cruz,087,273765,63994,63592,3514,67106,275
2022-10-23,Shasta,089,179085,35230,35031,7602,42633,595
2022-10-23,Sierra,091,2930,308,305,60,365,5
2022-10-23,Siskiyou,093,43540,5183,5298,3335,8633,94
2022-10-23,Solano,095,438530,106247,105561,7976,113537,466
2022-10-23,Sonoma,097,501317,107823,107436,5333,112769,527
2022-10-23,Stanislaus,099,539301,138603,138223,21689,159912,1785
2022-10-23,Sutter,101,95872,24429,24393,2463,26856,233
2022-10-23,Tehama,103,63373,13721,13647,3106,16753,209
2022-10-23,Trinity,105,12862,1401,1396,412,1808,20
2022-10-23,Tulare,107,460477,122443,122035,36657,158692,1540
2022-10-23,Tuolumne,109,53932,15703,15626,926,16552,196
2022-10-23,Ventura,111,848112,210022,209427,15879,225306,1571
2022-10-23,Yolo,113,214977,47775,47611,4397,52008,346
2022-10-23,Yuba,115,75493,19025,18969,1736,20705,130
2022-10-22,Alameda,001,1643700,351322,349337,19785,369122,2031
2022-10-22,Alpine,002,1148,136,136,1,137,0
2022-10-22,Amador,005,37829,10047,10025,933,10958,94
2022-10-22,Butte,007,227075,39762,39607,9203,48810,456
2022-10-22,Calaveras,009,45235,8565,8541,569,9110,135
2022-10-22,Colusa,011,21464,3812,3807,1288,5095,22
2022-10-22,Contra Costa,013,1133247,253882,251722,20925,272647,1444
2022-10-22,Del Norte,015,27424,7480,7450,401,7851,56
2022-10-22,El Dorado,017,186661,32557,32443,4305,36748,232
2022-10-22,Fresno,019,978130,279885,275502,31943,307445,2893
2022-10-22,Glenn,021,27897,5550,5543,1872,7415,48
2022-10-22,Humboldt,023,135768,22114,21979,5136,27115,160
2022-10-22,Imperial,025,180216,65997,65801,16121,81922,961
2022-10-22,Inyo,027,18085,4513,4497,1029,5526,60
2022-10-22,Kern,029,883053,220560,219679,64765,284444,2424
2022-10-22,Kings,031,150075,59744,59632,4127,63759,460
2022-10-22,Lake,033,64148,12903,12847,1191,14038,148
2022-10-22,Lassen,035,31185,10004,9977,999,10976,65
2022-10-22,Los Angeles,037,10098052,3301548,3289814,184061,3473875,33533
2022-10-22,Madera,039,155013,44279,44121,8295,52416,375
2022-10-22,Marin,041,260295,45748,45521,5325,50846,314
2022-10-22,Mariposa,043,17540,3126,3096,345,3441,31
2022-10-22,Mendocino,045,87422,16176,16059,4528,20587,136
2022-10-22,Merced,047,269075,73143,72442,11947,84389,869
2022-10-22,Modoc,049,8938,884,883,326,1209,11
2022-10-22,Mono,051,14174,3218,3212,260,3472,7
2022-10-22,Monterey,053,433212,94589,94275,21219,115494,768
2022-10-22,Napa,055,140530,32410,32395,1414,33809,160
2022-10-22,Nevada,057,99092,19142,19056,1881,20937,132
2022-10-22,Orange,059,3164182,673042,669923,64722,734645,7536
2022-10-22,Placer,061,380077,76487,76022,9683,85705,662
2022-10-22,Plumas,063,18699,3715,3691,441,4132,13
2022-10-22,Riverside,065,2383286,699215,697500,35585,733085,6569
2022-10-22,Sacramento,067,1510023,349892,348260,34779,383039,3337
2022-10-22,San Benito,069,59416,16427,16251,985,17236,107
2022-10-22,San Bernardino,071,2135413,674900,673189,30979,704168,8152
2022-10-22,San Diego,073,3302833,929546,928182,72604,1000786,5517
2022-10-22,San Francisco,075,870044,181174,179967,12169,192136,1056
2022-10-22,San Joaquin,077,732212,198962,198041,15079,213120,2336
2022-10-22,San Luis Obispo,079,281455,63662,63410,7228,70638,525
2022-10-22,San Mateo,081,765935,170871,169484,10459,179943,732
2022-10-22,Santa Barbara,083,443738,106449,106125,6916,113041,726
2022-10-22,Santa Clara,085,1922200,440870,434684,19074,453758,2523
2022-10-22,Santa Cruz,087,273765,63981,63592,3514,67106,275
2022-10-22,Shasta,089,179085,35225,35031,7598,42629,595
2022-10-22,Sierra,091,2930,308,305,60,365,5
2022-10-22,Siskiyou,093,43540,5179,5298,3335,8633,94
2022-10-22,Solano,095,438530,106226,105561,7976,113537,466
2022-10-22,Sonoma,097,501317,107810,107436,5332,112768,527
2022-10-22,Stanislaus,099,539301,138585,138223,21686,159909,1785
2022-10-22,Sutter,101,95872,24427,24393,2463,26856,233
2022-10-22,Tehama,103,63373,13717,13647,3104,16751,209
2022-10-22,Trinity,105,12862,1401,1396,412,1808,20
2022-10-22,Tulare,107,460477,122432,122035,36646,158681,1540
2022-10-22,Tuolumne,109,53932,15701,15626,926,16552,196
2022-10-22,Ventura,111,848112,209996,209427,15874,225301,1571
2022-10-22,Yolo,113,214977,47765,47611,4397,52008,346
2022-10-22,Yuba,115,75493,19018,18969,1735,20704,130
2022-10-21,Alameda,001,1643700,351240,349337,19779,369116,2031
2022-10-21,Alpine,002,1148,136,136,1,137,0
2022-10-21,Amador,005,37829,10046,10025,933,10958,94
2022-10-21,Butte,007,227075,39750,39607,9198,48805,456
2022-10-21,Calaveras,009,45235,8565,8541,569,9110,135
2022-10-21,Colusa,011,21464,3811,3807,1288,5095,22
2022-10-21,Contra Costa,013,1133247,253814,251722,20916,272638,1444
2022-10-21,Del Norte,015,27424,7480,7450,401,7851,56
2022-10-21,El Dorado,017,186661,32547,32443,4303,36746,232
2022-10-21,Fresno,019,978130,279849,275502,31938,307440,2893
2022-10-21,Glenn,021,27897,5550,5543,1871,7414,48
2022-10-21,Humboldt,023,135768,22106,21979,5133,27112,160
2022-10-21,Imperial,025,180216,65992,65801,16115,81916,961
2022-10-21,Inyo,027,18085,4513,4497,1029,5526,60
2022-10-21,Kern,029,883053,220539,219679,64745,284424,2424
2022-10-21,Kings,031,150075,59738,59632,4127,63759,460
2022-10-21,Lake,033,64148,12902,12847,1191,14038,148
2022-10-21,Lassen,035,31185,10002,9977,999,10976,65
2022-10-21,Los Angeles,037,10098052,3300985,3289814,183939,3473753,33533
2022-10-21,Madera,039,155013,44272,44121,8292,52413,375
2022-10-21,Marin,041,260295,45728,45521,5323,50844,314
2022-10-21,Mariposa,043,17540,3125,3096,345,3441,31
2022-10-21,Mendocino,045,87422,16169,16059,4528,20587,136
2022-10-21,Merced,047,269075,73137,72442,11946,84388,869
2022-10-21,Modoc,049,8938,884,883,326,1209,11
2022-10-21,Mono,051,14174,3218,3212,260,3472,7
2022-10-21,Monterey,053,433212,94572,94275,21217,115492,768
2022-10-21,Napa,055,140530,32408,32395,1414,33809,160
2022-10-21,Nevada,057,99092,19138,19056,1880,20936,132
2022-10-21,Orange,059,3164182,672920,669923,64684,734607,7536
2022-10-21,Placer,061,380077,76466,76022,9678,85700,662
2022-10-21,Plumas,063,18699,3714,3691,441,4132,13
2022-10-21,Riverside,065,2383286,699124,697500,35573,733073,6569
2022-10-21,Sacramento,067,1510023,349819,348260,34772,383032,3337
2022-10-21,San Benito,069,59416,16425,16251,984,17235,107
2022-10-21,San Bernardino,071,2135413,674821,673189,30973,704162,8152
2022-10-21,San Diego,073,3302833,929396,928182,72582,1000764,5517
2022-10-21,San Francisco,075,870044,181135,179967,12165,192132,1056
2022-10-21,San Joaquin,077,732212,198935,198041,15075,213116,2336
2022-10-21,San Luis Obispo,079,281455,63654,63410,7228,70638,525
2022-10-21,San Mateo,081,765935,170825,169484,10457,179941,732
2022-10-21,Santa Barbara,083,443738,106435,106125,6916,113041,726
2022-10-21,Santa Clara,085,1922200,440737,434684,19066,453750,2523
2022-10-21,Santa Cruz,087,273765,63966,63592,3514,67106,275
2022-10-21,Shasta,089,179085,35218,35031,7591,42622,595
2022-10-21,Sierra,091,2930,308,305,60,365,5
2022-10-21,Siskiyou,093,43540,5179,5298,3335,8633,94
2022-10-21,Solano,095,438530,106203,105561,7975,113536,466
2022-10-21,Sonoma,097,501317,107786,107436,5330,112766,527
2022-10-21,Stanislaus,099,539301,138570,138223,21684,159907,1785
2022-10-21,Sutter,101,95872,24420,24393,2463,26856,233
2022-10-21,Tehama,103,63373,13713,13647,3104,16751,209
2022-10-21,Trinity,105,12862,1401,1396,411,1807,20
2022-10-21,Tulare,107,460477,122425,122035,36640,158675,1540
2022-10-21,Tuolumne,109,53932,15695,15626,926,16552,196
2022-10-21,Ventura,111,848112,209966,209427,15871,225298,1571
2022-10-21,Yolo,113,214977,47755,47611,4396,52007,346
2022-10-21,Yuba,115,75493,19008,18969,1735,20704,130
2022-10-20,Alameda,001,1643700,351095,349337,19776,369113,2031
2022-10-20,Alpine,002,1148,136,136,1,137,0
2022-10-20,Amador,005,37829,10041,10025,933,10958,94
2022-10-20,Butte,007,227075,39743,39607,9196,48803,456
2022-10-20,Calaveras,009,45235,8564,8541,568,9109,135
2022-10-20,Colusa,011,21464,3811,3807,1287,5094,22
2022-10-20,Contra Costa,013,1133247,253712,251722,20912,272634,1444
2022-10-20,Del Norte,015,27424,7480,7450,400,7850,56
2022-10-20,El Dorado,017,186661,32531,32443,4301,36744,232
2022-10-20,Fresno,019,978130,279797,275502,31930,307432,2893
2022-10-20,Glenn,021,27897,5550,5543,1871,7414,48
2022-10-20,Humboldt,023,135768,22100,21979,5127,27106,160
2022-10-20,Imperial,025,180216,65983,65801,16104,81905,961
2022-10-20,Inyo,027,18085,4508,4497,1026,5523,60
2022-10-20,Kern,029,883053,220501,219679,64699,284378,2424
2022-10-20,Kings,031,150075,59723,59632,4125,63757,460
2022-10-20,Lake,033,64148,12898,12847,1191,14038,148
2022-10-20,Lassen,035,31185,9999,9977,999,10976,65
2022-10-20,Los Angeles,037,10098052,3300236,3289814,183811,3473625,33533
2022-10-20,Madera,039,155013,44260,44121,8292,52413,375
2022-10-20,Marin,041,260295,45711,45521,5322,50843,314
2022-10-20,Mariposa,043,17540,3124,3096,344,3440,31
2022-10-20,Mendocino,045,87422,16164,16059,4527,20586,136
2022-10-20,Merced,047,269075,73128,72442,11946,84388,869
2022-10-20,Modoc,049,8938,883,883,325,1208,11
2022-10-20,Mono,051,14174,3218,3212,260,3472,7
2022-10-20,Monterey,053,433212,94556,94275,21204,115479,768
2022-10-20,Napa,055,140530,32402,32395,1414,33809,160
2022-10-20,Nevada,057,99092,19136,19056,1874,20930,132
2022-10-20,Orange,059,3164182,672784,669923,64632,734555,7536
2022-10-20,Placer,061,380077,76435,76022,9674,85696,662
2022-10-20,Plumas,063,18699,3713,3691,441,4132,13
2022-10-20,Riverside,065,2383286,698995,697500,35555,733055,6569
2022-10-20,Sacramento,067,1510023,349679,348260,34754,383014,3337
2022-10-20,San Benito,069,59416,16422,16251,983,17234,107
2022-10-20,San Bernardino,071,2135413,674708,673189,30959,704148,8152
2022-10-20,San Diego,073,3302833,929201,928182,72541,1000723,5517
2022-10-20,San Francisco,075,870044,181073,179967,12159,192126,1056
2022-10-20,San Joaquin,077,732212,198902,198041,15067,213108,2336
2022-10-20,San Luis Obispo,079,281455,63644,63410,7223,70633,525
2022-10-20,San Mateo,081,765935,170754,169484,10455,179939,732
2022-10-20,Santa Barbara,083,443738,106413,106125,6914,113039,726
2022-10-20,Santa Clara,085,1922200,440582,434684,19056,453740,2523
2022-10-20,Santa Cruz,087,273765,63928,63592,3513,67105,275
2022-10-20,Shasta,089,179085,35207,35031,7576,42607,595
2022-10-20,Sierra,091,2930,308,305,60,365,5
2022-10-20,Siskiyou,093,43540,5177,5298,3335,8633,94
2022-10-20,Solano,095,438530,106167,105561,7972,113533,466
2022-10-20,Sonoma,097,501317,107752,107436,5330,112766,527
2022-10-20,Stanislaus,099,539301,138533,138223,21681,159904,1785
2022-10-20,Sutter,101,95872,24416,24393,2463,26856,233
2022-10-20,Tehama,103,63373,13707,13647,3100,16747,209
2022-10-20,Trinity,105,12862,1401,1396,411,1807,20
2022-10-20,Tulare,107,460477,122410,122035,36634,158669,1540
2022-10-20,Tuolumne,109,53932,15689,15626,926,16552,196
2022-10-20,Ventura,111,848112,209927,209427,15862,225289,1571
2022-10-20,Yolo,113,214977,47745,47611,4392,52003,346
2022-10-20,Yuba,115,75493,19002,18969,1735,20704,130
2022-10-19,Alameda,001,1643700,350955,349337,19767,369104,2031
2022-10-19,Alpine,002,1148,136,136,1,137,0
2022-10-19,Amador,005,37829,10039,10025,932,10957,94
2022-10-19,Butte,007,227075,39736,39607,9193,48800,456
2022-10-19,Calaveras,009,45235,8562,8541,568,9109,135
2022-10-19,Colusa,011,21464,3810,3807,1287,5094,22
2022-10-19,Contra Costa,013,1133247,253629,251722,20896,272618,1444
2022-10-19,Del Norte,015,27424,7480,7450,400,7850,56
2022-10-19,El Dorado,017,186661,32516,32443,4299,36742,232
2022-10-19,Fresno,019,978130,279732,275502,31917,307419,2893
2022-10-19,Glenn,021,27897,5547,5543,1871,7414,48
2022-10-19,Humboldt,023,135768,22084,21979,5117,27096,160
2022-10-19,Imperial,025,180216,65967,65801,16093,81894,961
2022-10-19,Inyo,027,18085,4508,4497,1024,5521,60
2022-10-19,Kern,029,883053,220451,219679,64658,284337,2424
2022-10-19,Kings,031,150075,59710,59632,4125,63757,460
2022-10-19,Lake,033,64148,12893,12847,1190,14037,148
2022-10-19,Lassen,035,31185,9996,9977,998,10975,65
2022-10-19,Los Angeles,037,10098052,3299406,3289814,183673,3473487,33533
2022-10-19,Madera,039,155013,44252,44121,8291,52412,375
2022-10-19,Marin,041,260295,45689,45521,5321,50842,314
2022-10-19,Mariposa,043,17540,3121,3096,344,3440,31
2022-10-19,Mendocino,045,87422,16159,16059,4525,20584,136
2022-10-19,Merced,047,269075,73110,72442,11943,84385,869
2022-10-19,Modoc,049,8938,883,883,325,1208,11
2022-10-19,Mono,051,14174,3217,3212,259,3471,7
2022-10-19,Monterey,053,433212,94542,94275,21197,115472,768
2022-10-19,Napa,055,140530,32395,32395,1413,33808,160
2022-10-19,Nevada,057,99092,19131,19056,1871,20927,132
2022-10-19,Orange,059,3164182,672566,669923,64581,734504,7536
2022-10-19,Placer,061,380077,76407,76022,9670,85692,662
2022-10-19,Plumas,063,18699,3710,3691,441,4132,13
2022-10-19,Riverside,065,2383286,698870,697500,35535,733035,6569
2022-10-19,Sacramento,067,1510023,349571,348260,34740,383000,3337
2022-10-19,San Benito,069,59416,16418,16251,983,17234,107
2022-10-19,San Bernardino,071,2135413,674571,673189,30954,704143,8152
2022-10-19,San Diego,073,3302833,928944,928182,72495,1000677,5517
2022-10-19,San Francisco,075,870044,180993,179967,12153,192120,1056
2022-10-19,San Joaquin,077,732212,198859,198041,15057,213098,2336
2022-10-19,San Luis Obispo,079,281455,63630,63410,7222,70632,525
2022-10-19,San Mateo,081,765935,170685,169484,10449,179933,732
2022-10-19,Santa Barbara,083,443738,106384,106125,6912,113037,726
2022-10-19,Santa Clara,085,1922200,440422,434684,19047,453731,2523
2022-10-19,Santa Cruz,087,273765,63879,63592,3512,67104,275
2022-10-19,Shasta,089,179085,35198,35031,7562,42593,595
2022-10-19,Sierra,091,2930,308,305,60,365,5
2022-10-19,Siskiyou,093,43540,5176,5298,3332,8630,94
2022-10-19,Solano,095,438530,106135,105561,7970,113531,466
2022-10-19,Sonoma,097,501317,107719,107436,5327,112763,527
2022-10-19,Stanislaus,099,539301,138500,138223,21678,159901,1785
2022-10-19,Sutter,101,95872,24413,24393,2463,26856,233
2022-10-19,Tehama,103,63373,13702,13647,3098,16745,209
2022-10-19,Trinity,105,12862,1400,1396,411,1807,20
2022-10-19,Tulare,107,460477,122399,122035,36614,158649,1540
2022-10-19,Tuolumne,109,53932,15685,15626,926,16552,196
2022-10-19,Ventura,111,848112,209884,209427,15849,225276,1571
2022-10-19,Yolo,113,214977,47735,47611,4384,51995,346
2022-10-19,Yuba,115,75493,18993,18969,1734,20703,130
2022-10-18,Alameda,001,1643700,350828,349337,19755,369092,2031
2022-10-18,Alpine,002,1148,136,136,1,137,0
2022-10-18,Amador,005,37829,10036,10025,930,10955,94
2022-10-18,Butte,007,227075,39727,39607,9193,48800,456
2022-10-18,Calaveras,009,45235,8557,8541,567,9108,135
2022-10-18,Colusa,011,21464,3809,3807,1285,5092,22
2022-10-18,Contra Costa,013,1133247,253539,251722,20892,272614,1444
2022-10-18,Del Norte,015,27424,7476,7450,400,7850,56
2022-10-18,El Dorado,017,186661,32499,32443,4294,36737,232
2022-10-18,Fresno,019,978130,279675,275502,31904,307406,2893
2022-10-18,Glenn,021,27897,5547,5543,1871,7414,48
2022-10-18,Humboldt,023,135768,22071,21979,5114,27093,160
2022-10-18,Imperial,025,180216,65946,65801,16077,81878,961
2022-10-18,Inyo,027,18085,4508,4497,1021,5518,60
2022-10-18,Kern,029,883053,220400,219679,64621,284300,2424
2022-10-18,Kings,031,150075,59695,59632,4123,63755,460
2022-10-18,Lake,033,64148,12887,12847,1190,14037,148
2022-10-18,Lassen,035,31185,9993,9977,998,10975,65
2022-10-18,Los Angeles,037,10098052,3298596,3289814,183539,3473353,33533
2022-10-18,Madera,039,155013,44243,44121,8289,52410,375
2022-10-18,Marin,041,260295,45663,45521,5319,50840,314
2022-10-18,Mariposa,043,17540,3119,3096,344,3440,31
2022-10-18,Mendocino,045,87422,16148,16059,4525,20584,136
2022-10-18,Merced,047,269075,73091,72442,11936,84378,869
2022-10-18,Modoc,049,8938,883,883,325,1208,11
2022-10-18,Mono,051,14174,3216,3212,259,3471,7
2022-10-18,Monterey,053,433212,94514,94275,21189,115464,768
2022-10-18,Napa,055,140530,32390,32395,1413,33808,160
2022-10-18,Nevada,057,99092,19125,19056,1871,20927,132
2022-10-18,Orange,059,3164182,672381,669923,64502,734425,7536
2022-10-18,Placer,061,380077,76376,76022,9667,85689,662
2022-10-18,Plumas,063,18699,3709,3691,441,4132,13
2022-10-18,Riverside,065,2383286,698719,697500,35519,733019,6569
2022-10-18,Sacramento,067,1510023,349445,348260,34722,382982,3337
2022-10-18,San Benito,069,59416,16413,16251,980,17231,107
2022-10-18,San Bernardino,071,2135413,674457,673189,30938,704127,8152
2022-10-18,San Diego,073,3302833,928646,928182,72447,1000629,5517
2022-10-18,San Francisco,075,870044,180909,179967,12151,192118,1056
2022-10-18,San Joaquin,077,732212,198823,198041,15044,213085,2336
2022-10-18,San Luis Obispo,079,281455,63606,63410,7220,70630,525
2022-10-18,San Mateo,081,765935,170608,169484,10445,179929,732
2022-10-18,Santa Barbara,083,443738,106358,106125,6909,113034,726
2022-10-18,Santa Clara,085,1922200,440245,434684,19029,453713,2523
2022-10-18,Santa Cruz,087,273765,63857,63592,3509,67101,275
2022-10-18,Shasta,089,179085,35191,35031,7558,42589,595
2022-10-18,Sierra,091,2930,308,305,60,365,5
2022-10-18,Siskiyou,093,43540,5176,5298,3330,8628,94
2022-10-18,Solano,095,438530,106097,105561,7965,113526,466
2022-10-18,Sonoma,097,501317,107676,107436,5320,112756,527
2022-10-18,Stanislaus,099,539301,138476,138223,21671,159894,1785
2022-10-18,Sutter,101,95872,24408,24393,2463,26856,233
2022-10-18,Tehama,103,63373,13695,13647,3095,16742,209
2022-10-18,Trinity,105,12862,1400,1396,408,1804,20
2022-10-18,Tulare,107,460477,122380,122035,36596,158631,1540
2022-10-18,Tuolumne,109,53932,15680,15626,926,16552,196
2022-10-18,Ventura,111,848112,209822,209427,15838,225265,1571
2022-10-18,Yolo,113,214977,47726,47611,4381,51992,346
2022-10-18,Yuba,115,75493,18986,18969,1734,20703,130
2022-10-17,Alameda,001,1643700,350676,348487,19750,368237,2027
2022-10-17,Alpine,002,1148,136,135,1,136,0
2022-10-17,Amador,005,37829,10032,10013,930,10943,93
2022-10-17,Butte,007,227075,39712,39567,9191,48758,456
2022-10-17,Calaveras,009,45235,8553,8523,567,9090,133
2022-10-17,Colusa,011,21464,3809,3805,1285,5090,22
2022-10-17,Contra Costa,013,1133247,253431,250897,20885,271782,1440
2022-10-17,Del Norte,015,27424,7476,7440,400,7840,56
2022-10-17,El Dorado,017,186661,32486,32373,4292,36665,231
2022-10-17,Fresno,019,978130,279608,275035,31881,306916,2873
2022-10-17,Glenn,021,27897,5544,5532,1871,7403,48
2022-10-17,Humboldt,023,135768,22058,21914,5102,27016,159
2022-10-17,Imperial,025,180216,65928,65691,16051,81742,958
2022-10-17,Inyo,027,18085,4508,4492,1020,5512,60
2022-10-17,Kern,029,883053,220354,219487,64584,284071,2420
2022-10-17,Kings,031,150075,59684,59560,4122,63682,459
2022-10-17,Lake,033,64148,12884,12815,1189,14004,146
2022-10-17,Lassen,035,31185,9991,9970,998,10968,65
2022-10-17,Los Angeles,037,10098052,3297697,3285385,183389,3468774,33525
2022-10-17,Madera,039,155013,44238,44078,8288,52366,375
2022-10-17,Marin,041,260295,45645,45378,5316,50694,315
2022-10-17,Mariposa,043,17540,3117,3091,344,3435,31
2022-10-17,Mendocino,045,87422,16142,16023,4524,20547,136
2022-10-17,Merced,047,269075,73073,72326,11935,84261,868
2022-10-17,Modoc,049,8938,883,882,325,1207,11
2022-10-17,Mono,051,14174,3216,3206,259,3465,7
2022-10-17,Monterey,053,433212,94490,94183,21183,115366,768
2022-10-17,Napa,055,140530,32381,32326,1412,33738,161
2022-10-17,Nevada,057,99092,19120,19023,1868,20891,132
2022-10-17,Orange,059,3164182,672206,668814,64440,733254,7473
2022-10-17,Placer,061,380077,76345,75902,9655,85557,660
2022-10-17,Plumas,063,18699,3704,3682,439,4121,13
2022-10-17,Riverside,065,2383286,698560,696402,35496,731898,6561
2022-10-17,Sacramento,067,1510023,349306,347495,34709,382204,3324
2022-10-17,San Benito,069,59416,16401,16223,979,17202,107
2022-10-17,San Bernardino,071,2135413,674316,672221,30922,703143,8148
2022-10-17,San Diego,073,3302833,928344,926574,72398,998972,5507
2022-10-17,San Francisco,075,870044,180824,179482,12149,191631,1048
2022-10-17,San Joaquin,077,732212,198776,197672,15037,212709,2322
2022-10-17,San Luis Obispo,079,281455,63591,63321,7219,70540,524
2022-10-17,San Mateo,081,765935,170544,168944,10445,179389,732
2022-10-17,Santa Barbara,083,443738,106338,105931,6906,112837,726
2022-10-17,Santa Clara,085,1922200,440023,433458,19019,452477,2513
2022-10-17,Santa Cruz,087,273765,63808,63316,3508,66824,273
2022-10-17,Shasta,089,179085,35169,34971,7552,42523,595
2022-10-17,Sierra,091,2930,306,305,60,365,5
2022-10-17,Siskiyou,093,43540,5173,5287,3327,8614,92
2022-10-17,Solano,095,438530,106059,105287,7962,113249,465
2022-10-17,Sonoma,097,501317,107636,107199,5316,112515,520
2022-10-17,Stanislaus,099,539301,138446,137994,21663,159657,1782
2022-10-17,Sutter,101,95872,24407,24357,2463,26820,233
2022-10-17,Tehama,103,63373,13691,13624,3094,16718,209
2022-10-17,Trinity,105,12862,1400,1396,408,1804,20
2022-10-17,Tulare,107,460477,122362,121902,36584,158486,1538
2022-10-17,Tuolumne,109,53932,15673,15586,925,16511,196
2022-10-17,Ventura,111,848112,209779,209051,15832,224883,1571
2022-10-17,Yolo,113,214977,47703,47498,4375,51873,343
2022-10-17,Yuba,115,75493,18980,18934,1734,20668,129
2022-10-16,Alameda,001,1643700,350508,348487,19733,368220,2027
2022-10-16,Alpine,002,1148,136,135,1,136,0
2022-10-16,Amador,005,37829,10030,10013,930,10943,93
2022-10-16,Butte,007,227075,39692,39567,9185,48752,456
2022-10-16,Calaveras,009,45235,8552,8523,566,9089,133
2022-10-16,Colusa,011,21464,3808,3805,1285,5090,22
2022-10-16,Contra Costa,013,1133247,253307,250897,20883,271780,1440
2022-10-16,Del Norte,015,27424,7475,7440,400,7840,56
2022-10-16,El Dorado,017,186661,32471,32373,4288,36661,231
2022-10-16,Fresno,019,978130,279520,275035,31863,306898,2873
2022-10-16,Glenn,021,27897,5543,5532,1871,7403,48
2022-10-16,Humboldt,023,135768,22039,21914,5088,27002,159
2022-10-16,Imperial,025,180216,65895,65691,16035,81726,958
2022-10-16,Inyo,027,18085,4507,4492,1017,5509,60
2022-10-16,Kern,029,883053,220305,219487,64539,284026,2420
2022-10-16,Kings,031,150075,59673,59560,4121,63681,459
2022-10-16,Lake,033,64148,12880,12815,1189,14004,146
2022-10-16,Lassen,035,31185,9990,9970,998,10968,65
2022-10-16,Los Angeles,037,10098052,3296776,3285385,183234,3468619,33525
2022-10-16,Madera,039,155013,44224,44078,8286,52364,375
2022-10-16,Marin,041,260295,45623,45378,5315,50693,315
2022-10-16,Mariposa,043,17540,3116,3091,344,3435,31
2022-10-16,Mendocino,045,87422,16133,16023,4522,20545,136
2022-10-16,Merced,047,269075,73053,72326,11934,84260,868
2022-10-16,Modoc,049,8938,883,882,325,1207,11
2022-10-16,Mono,051,14174,3215,3206,259,3465,7
2022-10-16,Monterey,053,433212,94462,94183,21172,115355,768
2022-10-16,Napa,055,140530,32372,32326,1412,33738,161
2022-10-16,Nevada,057,99092,19116,19023,1866,20889,132
2022-10-16,Orange,059,3164182,672000,668814,64390,733204,7473
2022-10-16,Placer,061,380077,76320,75902,9650,85552,660
2022-10-16,Plumas,063,18699,3700,3682,439,4121,13
2022-10-16,Riverside,065,2383286,698388,696402,35468,731870,6561
2022-10-16,Sacramento,067,1510023,349122,347495,34685,382180,3324
2022-10-16,San Benito,069,59416,16397,16223,978,17201,107
2022-10-16,San Bernardino,071,2135413,674151,672221,30917,703138,8148
2022-10-16,San Diego,073,3302833,928024,926574,72348,998922,5507
2022-10-16,San Francisco,075,870044,180714,179482,12140,191622,1048
2022-10-16,San Joaquin,077,732212,198700,197672,15030,212702,2322
2022-10-16,San Luis Obispo,079,281455,63566,63321,7216,70537,524
2022-10-16,San Mateo,081,765935,170440,168944,10444,179388,732
2022-10-16,Santa Barbara,083,443738,106309,105931,6904,112835,726
2022-10-16,Santa Clara,085,1922200,439821,433458,19009,452467,2513
2022-10-16,Santa Cruz,087,273765,63722,63316,3504,66820,273
2022-10-16,Shasta,089,179085,35153,34971,7543,42514,595
2022-10-16,Sierra,091,2930,306,305,60,365,5
2022-10-16,Siskiyou,093,43540,5170,5287,3327,8614,92
2022-10-16,Solano,095,438530,106012,105287,7961,113248,465
2022-10-16,Sonoma,097,501317,107585,107199,5310,112509,520
2022-10-16,Stanislaus,099,539301,138416,137994,21662,159656,1782
2022-10-16,Sutter,101,95872,24401,24357,2459,26816,233
2022-10-16,Tehama,103,63373,13686,13624,3093,16717,209
2022-10-16,Trinity,105,12862,1400,1396,408,1804,20
2022-10-16,Tulare,107,460477,122337,121902,36571,158473,1538
2022-10-16,Tuolumne,109,53932,15671,15586,925,16511,196
2022-10-16,Ventura,111,848112,209709,209051,15825,224876,1571
2022-10-16,Yolo,113,214977,47687,47498,4364,51862,343
2022-10-16,Yuba,115,75493,18975,18934,1734,20668,129
2022-10-15,Alameda,001,1643700,350404,348487,19725,368212,2027
2022-10-15,Alpine,002,1148,136,135,1,136,0
2022-10-15,Amador,005,37829,10028,10013,930,10943,93
2022-10-15,Butte,007,227075,39689,39567,9181,48748,456
2022-10-15,Calaveras,009,45235,8549,8523,566,9089,133
2022-10-15,Colusa,011,21464,3808,3805,1285,5090,22
2022-10-15,Contra Costa,013,1133247,253235,250897,20881,271778,1440
2022-10-15,Del Norte,015,27424,7475,7440,400,7840,56
2022-10-15,El Dorado,017,186661,32461,32373,4288,36661,231
2022-10-15,Fresno,019,978130,279493,275035,31861,306896,2873
2022-10-15,Glenn,021,27897,5542,5532,1871,7403,48
2022-10-15,Humboldt,023,135768,22031,21914,5080,26994,159
2022-10-15,Imperial,025,180216,65888,65691,16029,81720,958
2022-10-15,Inyo,027,18085,4507,4492,1017,5509,60
2022-10-15,Kern,029,883053,220279,219487,64504,283991,2420
2022-10-15,Kings,031,150075,59659,59560,4121,63681,459
2022-10-15,Lake,033,64148,12880,12815,1189,14004,146
2022-10-15,Lassen,035,31185,9989,9970,998,10968,65
2022-10-15,Los Angeles,037,10098052,3296299,3285385,183146,3468531,33525
2022-10-15,Madera,039,155013,44221,44078,8286,52364,375
2022-10-15,Marin,041,260295,45606,45378,5313,50691,315
2022-10-15,Mariposa,043,17540,3116,3091,344,3435,31
2022-10-15,Mendocino,045,87422,16126,16023,4522,20545,136
2022-10-15,Merced,047,269075,73040,72326,11933,84259,868
2022-10-15,Modoc,049,8938,883,882,324,1206,11
2022-10-15,Mono,051,14174,3214,3206,259,3465,7
2022-10-15,Monterey,053,433212,94444,94183,21162,115345,768
2022-10-15,Napa,055,140530,32369,32326,1412,33738,161
2022-10-15,Nevada,057,99092,19112,19023,1864,20887,132
2022-10-15,Orange,059,3164182,671888,668814,64356,733170,7473
2022-10-15,Placer,061,380077,76306,75902,9649,85551,660
2022-10-15,Plumas,063,18699,3699,3682,439,4121,13
2022-10-15,Riverside,065,2383286,698299,696402,35452,731854,6561
2022-10-15,Sacramento,067,1510023,349035,347495,34679,382174,3324
2022-10-15,San Benito,069,59416,16393,16223,977,17200,107
2022-10-15,San Bernardino,071,2135413,674083,672221,30911,703132,8148
2022-10-15,San Diego,073,3302833,927907,926574,72335,998909,5507
2022-10-15,San Francisco,075,870044,180662,179482,12139,191621,1048
2022-10-15,San Joaquin,077,732212,198663,197672,15028,212700,2322
2022-10-15,San Luis Obispo,079,281455,63558,63321,7213,70534,524
2022-10-15,San Mateo,081,765935,170383,168944,10443,179387,732
2022-10-15,Santa Barbara,083,443738,106283,105931,6902,112833,726
2022-10-15,Santa Clara,085,1922200,439711,433458,19005,452463,2513
2022-10-15,Santa Cruz,087,273765,63695,63316,3499,66815,273
2022-10-15,Shasta,089,179085,35146,34971,7541,42512,595
2022-10-15,Sierra,091,2930,306,305,60,365,5
2022-10-15,Siskiyou,093,43540,5169,5287,3325,8612,92
2022-10-15,Solano,095,438530,105995,105287,7955,113242,465
2022-10-15,Sonoma,097,501317,107559,107199,5310,112509,520
2022-10-15,Stanislaus,099,539301,138398,137994,21661,159655,1782
2022-10-15,Sutter,101,95872,24398,24357,2459,26816,233
2022-10-15,Tehama,103,63373,13684,13624,3093,16717,209
2022-10-15,Trinity,105,12862,1400,1396,408,1804,20
2022-10-15,Tulare,107,460477,122325,121902,36559,158461,1538
2022-10-15,Tuolumne,109,53932,15665,15586,925,16511,196
2022-10-15,Ventura,111,848112,209678,209051,15819,224870,1571
2022-10-15,Yolo,113,214977,47678,47498,4362,51860,343
2022-10-15,Yuba,115,75493,18973,18934,1733,20667,129
2022-10-14,Alameda,001,1643700,350324,348487,19716,368203,2027
2022-10-14,Alpine,002,1148,136,135,1,136,0
2022-10-14,Amador,005,37829,10028,10013,930,10943,93
2022-10-14,Butte,007,227075,39681,39567,9177,48744,456
2022-10-14,Calaveras,009,45235,8545,8523,566,9089,133
2022-10-14,Colusa,011,21464,3807,3805,1285,5090,22
2022-10-14,Contra Costa,013,1133247,253173,250897,20878,271775,1440
2022-10-14,Del Norte,015,27424,7475,7440,400,7840,56
2022-10-14,El Dorado,017,186661,32454,32373,4286,36659,231
2022-10-14,Fresno,019,978130,279459,275035,31857,306892,2873
2022-10-14,Glenn,021,27897,5541,5532,1869,7401,48
2022-10-14,Humboldt,023,135768,22029,21914,5076,26990,159
2022-10-14,Imperial,025,180216,65877,65691,16023,81714,958
2022-10-14,Inyo,027,18085,4507,4492,1015,5507,60
2022-10-14,Kern,029,883053,220259,219487,64480,283967,2420
2022-10-14,Kings,031,150075,59652,59560,4121,63681,459
2022-10-14,Lake,033,64148,12878,12815,1189,14004,146
2022-10-14,Lassen,035,31185,9989,9970,998,10968,65
2022-10-14,Los Angeles,037,10098052,3295795,3285385,183050,3468435,33525
2022-10-14,Madera,039,155013,44216,44078,8280,52358,375
2022-10-14,Marin,041,260295,45595,45378,5312,50690,315
2022-10-14,Mariposa,043,17540,3116,3091,344,3435,31
2022-10-14,Mendocino,045,87422,16120,16023,4521,20544,136
2022-10-14,Merced,047,269075,73027,72326,11932,84258,868
2022-10-14,Modoc,049,8938,883,882,324,1206,11
2022-10-14,Mono,051,14174,3214,3206,259,3465,7
2022-10-14,Monterey,053,433212,94424,94183,21158,115341,768
2022-10-14,Napa,055,140530,32361,32326,1412,33738,161
2022-10-14,Nevada,057,99092,19105,19023,1862,20885,132
2022-10-14,Orange,059,3164182,671777,668814,64326,733140,7473
2022-10-14,Placer,061,380077,76289,75902,9645,85547,660
2022-10-14,Plumas,063,18699,3698,3682,439,4121,13
2022-10-14,Riverside,065,2383286,698203,696402,35443,731845,6561
2022-10-14,Sacramento,067,1510023,348959,347495,34676,382171,3324
2022-10-14,San Benito,069,59416,16389,16223,977,17200,107
2022-10-14,San Bernardino,071,2135413,674000,672221,30904,703125,8148
2022-10-14,San Diego,073,3302833,927695,926574,72313,998887,5507
2022-10-14,San Francisco,075,870044,180613,179482,12135,191617,1048
2022-10-14,San Joaquin,077,732212,198630,197672,15024,212696,2322
2022-10-14,San Luis Obispo,079,281455,63548,63321,7211,70532,524
2022-10-14,San Mateo,081,765935,170333,168944,10443,179387,732
2022-10-14,Santa Barbara,083,443738,106268,105931,6902,112833,726
2022-10-14,Santa Clara,085,1922200,439574,433458,18997,452455,2513
2022-10-14,Santa Cruz,087,273765,63663,63316,3498,66814,273
2022-10-14,Shasta,089,179085,35141,34971,7541,42512,595
2022-10-14,Sierra,091,2930,306,305,60,365,5
2022-10-14,Siskiyou,093,43540,5168,5287,3325,8612,92
2022-10-14,Solano,095,438530,105963,105287,7952,113239,465
2022-10-14,Sonoma,097,501317,107539,107199,5309,112508,520
2022-10-14,Stanislaus,099,539301,138375,137994,21656,159650,1782
2022-10-14,Sutter,101,95872,24391,24357,2459,26816,233
2022-10-14,Tehama,103,63373,13680,13624,3092,16716,209
2022-10-14,Trinity,105,12862,1400,1396,408,1804,20
2022-10-14,Tulare,107,460477,122308,121902,36554,158456,1538
2022-10-14,Tuolumne,109,53932,15661,15586,925,16511,196
2022-10-14,Ventura,111,848112,209628,209051,15818,224869,1571
2022-10-14,Yolo,113,214977,47668,47498,4357,51855,343
2022-10-14,Yuba,115,75493,18967,18934,1733,20667,129
2022-10-13,Alameda,001,1643700,350180,348487,19706,368193,2027
2022-10-13,Alpine,002,1148,136,135,1,136,0
2022-10-13,Amador,005,37829,10026,10013,930,10943,93
2022-10-13,Butte,007,227075,39671,39567,9172,48739,456
2022-10-13,Calaveras,009,45235,8543,8523,566,9089,133
2022-10-13,Colusa,011,21464,3807,3805,1285,5090,22
2022-10-13,Contra Costa,013,1133247,253088,250897,20869,271766,1440
2022-10-13,Del Norte,015,27424,7473,7440,400,7840,56
2022-10-13,El Dorado,017,186661,32441,32373,4283,36656,231
2022-10-13,Fresno,019,978130,279416,275035,31849,306884,2873
2022-10-13,Glenn,021,27897,5541,5532,1869,7401,48
2022-10-13,Humboldt,023,135768,22018,21914,5069,26983,159
2022-10-13,Imperial,025,180216,65863,65691,16011,81702,958
2022-10-13,Inyo,027,18085,4506,4492,1015,5507,60
2022-10-13,Kern,029,883053,220226,219487,64443,283930,2420
2022-10-13,Kings,031,150075,59642,59560,4121,63681,459
2022-10-13,Lake,033,64148,12875,12815,1188,14003,146
2022-10-13,Lassen,035,31185,9988,9970,998,10968,65
2022-10-13,Los Angeles,037,10098052,3295056,3285385,182920,3468305,33525
2022-10-13,Madera,039,155013,44208,44078,8277,52355,375
2022-10-13,Marin,041,260295,45566,45378,5308,50686,315
2022-10-13,Mariposa,043,17540,3115,3091,344,3435,31
2022-10-13,Mendocino,045,87422,16114,16023,4521,20544,136
2022-10-13,Merced,047,269075,73011,72326,11928,84254,868
2022-10-13,Modoc,049,8938,883,882,324,1206,11
2022-10-13,Mono,051,14174,3213,3206,258,3464,7
2022-10-13,Monterey,053,433212,94410,94183,21147,115330,768
2022-10-13,Napa,055,140530,32347,32326,1410,33736,161
2022-10-13,Nevada,057,99092,19094,19023,1860,20883,132
2022-10-13,Orange,059,3164182,671620,668814,64279,733093,7473
2022-10-13,Placer,061,380077,76272,75902,9641,85543,660
2022-10-13,Plumas,063,18699,3696,3682,439,4121,13
2022-10-13,Riverside,065,2383286,698077,696402,35429,731831,6561
2022-10-13,Sacramento,067,1510023,348829,347495,34661,382156,3324
2022-10-13,San Benito,069,59416,16388,16223,977,17200,107
2022-10-13,San Bernardino,071,2135413,673901,672221,30898,703119,8148
2022-10-13,San Diego,073,3302833,927491,926574,72289,998863,5507
2022-10-13,San Francisco,075,870044,180520,179482,12132,191614,1048
2022-10-13,San Joaquin,077,732212,198586,197672,15017,212689,2322
2022-10-13,San Luis Obispo,079,281455,63540,63321,7201,70522,524
2022-10-13,San Mateo,081,765935,170239,168944,10443,179387,732
2022-10-13,Santa Barbara,083,443738,106246,105931,6898,112829,726
2022-10-13,Santa Clara,085,1922200,439426,433458,18995,452453,2513
2022-10-13,Santa Cruz,087,273765,63638,63316,3496,66812,273
2022-10-13,Shasta,089,179085,35129,34971,7536,42507,595
2022-10-13,Sierra,091,2930,306,305,60,365,5
2022-10-13,Siskiyou,093,43540,5165,5287,3322,8609,92
2022-10-13,Solano,095,438530,105925,105287,7946,113233,465
2022-10-13,Sonoma,097,501317,107502,107199,5309,112508,520
2022-10-13,Stanislaus,099,539301,138344,137994,21656,159650,1782
2022-10-13,Sutter,101,95872,24386,24357,2459,26816,233
2022-10-13,Tehama,103,63373,13677,13624,3091,16715,209
2022-10-13,Trinity,105,12862,1400,1396,407,1803,20
2022-10-13,Tulare,107,460477,122293,121902,36541,158443,1538
2022-10-13,Tuolumne,109,53932,15654,15586,925,16511,196
2022-10-13,Ventura,111,848112,209580,209051,15812,224863,1571
2022-10-13,Yolo,113,214977,47650,47498,4351,51849,343
2022-10-13,Yuba,115,75493,18961,18934,1733,20667,129
2022-10-12,Alameda,001,1643700,350054,348487,19691,368178,2027
2022-10-12,Alpine,002,1148,135,135,1,136,0
2022-10-12,Amador,005,37829,10024,10013,930,10943,93
2022-10-12,Butte,007,227075,39662,39567,9171,48738,456
2022-10-12,Calaveras,009,45235,8538,8523,566,9089,133
2022-10-12,Colusa,011,21464,3807,3805,1285,5090,22
2022-10-12,Contra Costa,013,1133247,252994,250897,20859,271756,1440
2022-10-12,Del Norte,015,27424,7473,7440,400,7840,56
2022-10-12,El Dorado,017,186661,32431,32373,4282,36655,231
2022-10-12,Fresno,019,978130,279371,275035,31840,306875,2873
2022-10-12,Glenn,021,27897,5540,5532,1869,7401,48
2022-10-12,Humboldt,023,135768,22013,21914,5065,26979,159
2022-10-12,Imperial,025,180216,65842,65691,16002,81693,958
2022-10-12,Inyo,027,18085,4505,4492,1014,5506,60
2022-10-12,Kern,029,883053,220186,219487,64409,283896,2420
2022-10-12,Kings,031,150075,59637,59560,4118,63678,459
2022-10-12,Lake,033,64148,12867,12815,1188,14003,146
2022-10-12,Lassen,035,31185,9985,9970,998,10968,65
2022-10-12,Los Angeles,037,10098052,3294304,3285385,182778,3468163,33525
2022-10-12,Madera,039,155013,44198,44078,8275,52353,375
2022-10-12,Marin,041,260295,45548,45378,5305,50683,315
2022-10-12,Mariposa,043,17540,3114,3091,344,3435,31
2022-10-12,Mendocino,045,87422,16112,16023,4519,20542,136
2022-10-12,Merced,047,269075,72988,72326,11924,84250,868
2022-10-12,Modoc,049,8938,883,882,324,1206,11
2022-10-12,Mono,051,14174,3212,3206,257,3463,7
2022-10-12,Monterey,053,433212,94392,94183,21137,115320,768
2022-10-12,Napa,055,140530,32336,32326,1410,33736,161
2022-10-12,Nevada,057,99092,19086,19023,1859,20882,132
2022-10-12,Orange,059,3164182,671447,668814,64236,733050,7473
2022-10-12,Placer,061,380077,76252,75902,9637,85539,660
2022-10-12,Plumas,063,18699,3694,3682,438,4120,13
2022-10-12,Riverside,065,2383286,697952,696402,35408,731810,6561
2022-10-12,Sacramento,067,1510023,348722,347495,34642,382137,3324
2022-10-12,San Benito,069,59416,16383,16223,975,17198,107
2022-10-12,San Bernardino,071,2135413,673771,672221,30888,703109,8148
2022-10-12,San Diego,073,3302833,927237,926574,72254,998828,5507
2022-10-12,San Francisco,075,870044,180440,179482,12131,191613,1048
2022-10-12,San Joaquin,077,732212,198528,197672,15012,212684,2322
2022-10-12,San Luis Obispo,079,281455,63527,63321,7197,70518,524
2022-10-12,San Mateo,081,765935,170158,168944,10441,179385,732
2022-10-12,Santa Barbara,083,443738,106230,105931,6897,112828,726
2022-10-12,Santa Clara,085,1922200,439239,433458,18989,452447,2513
2022-10-12,Santa Cruz,087,273765,63601,63316,3496,66812,273
2022-10-12,Shasta,089,179085,35115,34971,7529,42500,595
2022-10-12,Sierra,091,2930,306,305,60,365,5
2022-10-12,Siskiyou,093,43540,5165,5287,3319,8606,92
2022-10-12,Solano,095,438530,105882,105287,7943,113230,465
2022-10-12,Sonoma,097,501317,107470,107199,5308,112507,520
2022-10-12,Stanislaus,099,539301,138298,137994,21651,159645,1782
2022-10-12,Sutter,101,95872,24380,24357,2459,26816,233
2022-10-12,Tehama,103,63373,13675,13624,3090,16714,209
2022-10-12,Trinity,105,12862,1400,1396,405,1801,20
2022-10-12,Tulare,107,460477,122269,121902,36520,158422,1538
2022-10-12,Tuolumne,109,53932,15650,15586,925,16511,196
2022-10-12,Ventura,111,848112,209528,209051,15810,224861,1571
2022-10-12,Yolo,113,214977,47630,47498,4347,51845,343
2022-10-12,Yuba,115,75493,18954,18934,1731,20665,129
2022-10-11,Alameda,001,1643700,349886,348487,19685,368172,2027
2022-10-11,Alpine,002,1148,135,135,1,136,0
2022-10-11,Amador,005,37829,10020,10013,930,10943,93
2022-10-11,Butte,007,227075,39647,39567,9171,48738,456
2022-10-11,Calaveras,009,45235,8534,8523,565,9088,133
2022-10-11,Colusa,011,21464,3806,3805,1285,5090,22
2022-10-11,Contra Costa,013,1133247,252880,250897,20854,271751,1440
2022-10-11,Del Norte,015,27424,7468,7440,400,7840,56
2022-10-11,El Dorado,017,186661,32412,32373,4282,36655,231
2022-10-11,Fresno,019,978130,279316,275035,31827,306862,2873
2022-10-11,Glenn,021,27897,5539,5532,1868,7400,48
2022-10-11,Humboldt,023,135768,22007,21914,5055,26969,159
2022-10-11,Imperial,025,180216,65829,65691,15984,81675,958
2022-10-11,Inyo,027,18085,4503,4492,1013,5505,60
2022-10-11,Kern,029,883053,220159,219487,64384,283871,2420
2022-10-11,Kings,031,150075,59623,59560,4113,63673,459
2022-10-11,Lake,033,64148,12863,12815,1186,14001,146
2022-10-11,Lassen,035,31185,9984,9970,998,10968,65
2022-10-11,Los Angeles,037,10098052,3293482,3285385,182651,3468036,33525
2022-10-11,Madera,039,155013,44191,44078,8274,52352,375
2022-10-11,Marin,041,260295,45531,45378,5301,50679,315
2022-10-11,Mariposa,043,17540,3113,3091,344,3435,31
2022-10-11,Mendocino,045,87422,16107,16023,4517,20540,136
2022-10-11,Merced,047,269075,72962,72326,11923,84249,868
2022-10-11,Modoc,049,8938,882,882,324,1206,11
2022-10-11,Mono,051,14174,3212,3206,256,3462,7
2022-10-11,Monterey,053,433212,94382,94183,21129,115312,768
2022-10-11,Napa,055,140530,32332,32326,1409,33735,161
2022-10-11,Nevada,057,99092,19075,19023,1857,20880,132
2022-10-11,Orange,059,3164182,671264,668814,64199,733013,7473
2022-10-11,Placer,061,380077,76222,75902,9635,85537,660
2022-10-11,Plumas,063,18699,3694,3682,437,4119,13
2022-10-11,Riverside,065,2383286,697819,696402,35398,731800,6561
2022-10-11,Sacramento,067,1510023,348559,347495,34622,382117,3324
2022-10-11,San Benito,069,59416,16377,16223,974,17197,107
2022-10-11,San Bernardino,071,2135413,673635,672221,30879,703100,8148
2022-10-11,San Diego,073,3302833,926958,926574,72217,998791,5507
2022-10-11,San Francisco,075,870044,180346,179482,12130,191612,1048
2022-10-11,San Joaquin,077,732212,198483,197672,15007,212679,2322
2022-10-11,San Luis Obispo,079,281455,63505,63321,7185,70506,524
2022-10-11,San Mateo,081,765935,170079,168944,10439,179383,732
2022-10-11,Santa Barbara,083,443738,106201,105931,6895,112826,726
2022-10-11,Santa Clara,085,1922200,439063,433458,18981,452439,2513
2022-10-11,Santa Cruz,087,273765,63559,63316,3494,66810,273
2022-10-11,Shasta,089,179085,35103,34971,7519,42490,595
2022-10-11,Sierra,091,2930,306,305,60,365,5
2022-10-11,Siskiyou,093,43540,5164,5287,3317,8604,92
2022-10-11,Solano,095,438530,105840,105287,7941,113228,465
2022-10-11,Sonoma,097,501317,107428,107199,5304,112503,520
2022-10-11,Stanislaus,099,539301,138266,137994,21647,159641,1782
2022-10-11,Sutter,101,95872,24376,24357,2459,26816,233
2022-10-11,Tehama,103,63373,13674,13624,3087,16711,209
2022-10-11,Trinity,105,12862,1400,1396,404,1800,20
2022-10-11,Tulare,107,460477,122244,121902,36508,158410,1538
2022-10-11,Tuolumne,109,53932,15644,15586,925,16511,196
2022-10-11,Ventura,111,848112,209475,209051,15804,224855,1571
2022-10-11,Yolo,113,214977,47623,47498,4341,51839,343
2022-10-11,Yuba,115,75493,18942,18934,1731,20665,129
2022-10-10,Alameda,001,1643700,349734,347497,19676,367173,2023
2022-10-10,Alpine,002,1148,135,135,1,136,0
2022-10-10,Amador,005,37829,10017,9999,930,10929,93
2022-10-10,Butte,007,227075,39636,39453,9169,48622,454
2022-10-10,Calaveras,009,45235,8534,8511,564,9075,133
2022-10-10,Colusa,011,21464,3805,3794,1285,5079,22
2022-10-10,Contra Costa,013,1133247,252759,250136,20840,270976,1430
2022-10-10,Del Norte,015,27424,7465,7433,399,7832,56
2022-10-10,El Dorado,017,186661,32397,32320,4280,36600,231
2022-10-10,Fresno,019,978130,279258,274628,31816,306444,2865
2022-10-10,Glenn,021,27897,5538,5510,1868,7378,48
2022-10-10,Humboldt,023,135768,21988,21831,5051,26882,159
2022-10-10,Imperial,025,180216,65811,65532,15967,81499,958
2022-10-10,Inyo,027,18085,4502,4489,1011,5500,59
2022-10-10,Kern,029,883053,220116,219191,64346,283537,2418
2022-10-10,Kings,031,150075,59614,59489,4111,63600,458
2022-10-10,Lake,033,64148,12859,12795,1186,13981,147
2022-10-10,Lassen,035,31185,9984,9967,997,10964,65
2022-10-10,Los Angeles,037,10098052,3292606,3278961,182501,3461462,33467
2022-10-10,Madera,039,155013,44179,44029,8270,52299,374
2022-10-10,Marin,041,260295,45513,45190,5297,50487,313
2022-10-10,Mariposa,043,17540,3111,3088,344,3432,31
2022-10-10,Mendocino,045,87422,16094,15992,4514,20506,136
2022-10-10,Merced,047,269075,72944,72236,11917,84153,865
2022-10-10,Modoc,049,8938,882,876,324,1200,11
2022-10-10,Mono,051,14174,3210,3205,256,3461,7
2022-10-10,Monterey,053,433212,94365,94111,21126,115237,766
2022-10-10,Napa,055,140530,32321,32258,1409,33667,160
2022-10-10,Nevada,057,99092,19071,18989,1856,20845,132
2022-10-10,Orange,059,3164182,671069,667297,64148,731445,7452
2022-10-10,Placer,061,380077,76196,75768,9630,85398,660
2022-10-10,Plumas,063,18699,3693,3669,436,4105,13
2022-10-10,Riverside,065,2383286,697664,695315,35386,730701,6567
2022-10-10,Sacramento,067,1510023,348435,346748,34585,381333,3310
2022-10-10,San Benito,069,59416,16373,16188,974,17162,106
2022-10-10,San Bernardino,071,2135413,673481,670906,30869,701775,8116
2022-10-10,San Diego,073,3302833,926697,924672,72177,996849,5498
2022-10-10,San Francisco,075,870044,180256,178943,12126,191069,1045
2022-10-10,San Joaquin,077,732212,198423,197390,15002,212392,2319
2022-10-10,San Luis Obispo,079,281455,63482,63219,7180,70399,524
2022-10-10,San Mateo,081,765935,169992,168413,10436,178849,737
2022-10-10,Santa Barbara,083,443738,106156,105695,6894,112589,725
2022-10-10,Santa Clara,085,1922200,438852,432327,18968,451295,2506
2022-10-10,Santa Cruz,087,273765,63524,63099,3493,66592,273
2022-10-10,Shasta,089,179085,35087,34904,7513,42417,593
2022-10-10,Sierra,091,2930,306,305,60,365,5
2022-10-10,Siskiyou,093,43540,5161,5272,3316,8588,92
2022-10-10,Solano,095,438530,105793,105042,7936,112978,465
2022-10-10,Sonoma,097,501317,107392,106940,5300,112240,520
2022-10-10,Stanislaus,099,539301,138224,137838,21643,159481,1781
2022-10-10,Sutter,101,95872,24367,24326,2459,26785,232
2022-10-10,Tehama,103,63373,13670,13603,3087,16690,210
2022-10-10,Trinity,105,12862,1400,1394,400,1794,20
2022-10-10,Tulare,107,460477,122226,121787,36490,158277,1531
2022-10-10,Tuolumne,109,53932,15638,15558,925,16483,196
2022-10-10,Ventura,111,848112,209403,208632,15797,224429,1567
2022-10-10,Yolo,113,214977,47600,47422,4340,51762,341
2022-10-10,Yuba,115,75493,18936,18914,1731,20645,129
2022-10-09,Alameda,001,1643700,349575,347497,19658,367155,2023
2022-10-09,Alpine,002,1148,135,135,1,136,0
2022-10-09,Amador,005,37829,10015,9999,930,10929,93
2022-10-09,Butte,007,227075,39628,39453,9168,48621,454
2022-10-09,Calaveras,009,45235,8531,8511,564,9075,133
2022-10-09,Colusa,011,21464,3805,3794,1285,5079,22
2022-10-09,Contra Costa,013,1133247,252647,250136,20827,270963,1430
2022-10-09,Del Norte,015,27424,7464,7433,399,7832,56
2022-10-09,El Dorado,017,186661,32385,32320,4280,36600,231
2022-10-09,Fresno,019,978130,279167,274628,31805,306433,2865
2022-10-09,Glenn,021,27897,5535,5510,1867,7377,48
2022-10-09,Humboldt,023,135768,21975,21831,5045,26876,159
2022-10-09,Imperial,025,180216,65779,65532,15947,81479,958
2022-10-09,Inyo,027,18085,4502,4489,1009,5498,59
2022-10-09,Kern,029,883053,220079,219191,64282,283473,2418
2022-10-09,Kings,031,150075,59597,59489,4110,63599,458
2022-10-09,Lake,033,64148,12852,12795,1186,13981,147
2022-10-09,Lassen,035,31185,9984,9967,997,10964,65
2022-10-09,Los Angeles,037,10098052,3291618,3278961,182336,3461297,33467
2022-10-09,Madera,039,155013,44169,44029,8268,52297,374
2022-10-09,Marin,041,260295,45480,45190,5291,50481,313
2022-10-09,Mariposa,043,17540,3109,3088,344,3432,31
2022-10-09,Mendocino,045,87422,16088,15992,4514,20506,136
2022-10-09,Merced,047,269075,72926,72236,11912,84148,865
2022-10-09,Modoc,049,8938,882,876,324,1200,11
2022-10-09,Mono,051,14174,3210,3205,256,3461,7
2022-10-09,Monterey,053,433212,94349,94111,21116,115227,766
2022-10-09,Napa,055,140530,32307,32258,1408,33666,160
2022-10-09,Nevada,057,99092,19064,18989,1854,20843,132
2022-10-09,Orange,059,3164182,670841,667297,64078,731375,7452
2022-10-09,Placer,061,380077,76178,75768,9627,85395,660
2022-10-09,Plumas,063,18699,3691,3669,436,4105,13
2022-10-09,Riverside,065,2383286,697466,695315,35376,730691,6567
2022-10-09,Sacramento,067,1510023,348273,346748,34565,381313,3310
2022-10-09,San Benito,069,59416,16371,16188,974,17162,106
2022-10-09,San Bernardino,071,2135413,673325,670906,30860,701766,8116
2022-10-09,San Diego,073,3302833,926417,924672,72143,996815,5498
2022-10-09,San Francisco,075,870044,180159,178943,12123,191066,1045
2022-10-09,San Joaquin,077,732212,198344,197390,14997,212387,2319
2022-10-09,San Luis Obispo,079,281455,63475,63219,7173,70392,524
2022-10-09,San Mateo,081,765935,169880,168413,10433,178846,737
2022-10-09,Santa Barbara,083,443738,106122,105695,6890,112585,725
2022-10-09,Santa Clara,085,1922200,438635,432327,18956,451283,2506
2022-10-09,Santa Cruz,087,273765,63459,63099,3491,66590,273
2022-10-09,Shasta,089,179085,35063,34904,7506,42410,593
2022-10-09,Sierra,091,2930,306,305,60,365,5
2022-10-09,Siskiyou,093,43540,5161,5272,3315,8587,92
2022-10-09,Solano,095,438530,105738,105042,7934,112976,465
2022-10-09,Sonoma,097,501317,107346,106940,5299,112239,520
2022-10-09,Stanislaus,099,539301,138198,137838,21635,159473,1781
2022-10-09,Sutter,101,95872,24356,24326,2458,26784,232
2022-10-09,Tehama,103,63373,13668,13603,3087,16690,210
2022-10-09,Trinity,105,12862,1400,1394,400,1794,20
2022-10-09,Tulare,107,460477,122203,121787,36470,158257,1531
2022-10-09,Tuolumne,109,53932,15631,15558,925,16483,196
2022-10-09,Ventura,111,848112,209354,208632,15792,224424,1567
2022-10-09,Yolo,113,214977,47577,47422,4337,51759,341
2022-10-09,Yuba,115,75493,18933,18914,1731,20645,129
2022-10-08,Alameda,001,1643700,349485,347497,19651,367148,2023
2022-10-08,Alpine,002,1148,135,135,1,136,0
2022-10-08,Amador,005,37829,10014,9999,929,10928,93
2022-10-08,Butte,007,227075,39623,39453,9162,48615,454
2022-10-08,Calaveras,009,45235,8529,8511,564,9075,133
2022-10-08,Colusa,011,21464,3805,3794,1285,5079,22
2022-10-08,Contra Costa,013,1133247,252567,250136,20824,270960,1430
2022-10-08,Del Norte,015,27424,7464,7433,399,7832,56
2022-10-08,El Dorado,017,186661,32376,32320,4279,36599,231
2022-10-08,Fresno,019,978130,279137,274628,31802,306430,2865
2022-10-08,Glenn,021,27897,5534,5510,1867,7377,48
2022-10-08,Humboldt,023,135768,21964,21831,5039,26870,159
2022-10-08,Imperial,025,180216,65754,65532,15941,81473,958
2022-10-08,Inyo,027,18085,4502,4489,1007,5496,59
2022-10-08,Kern,029,883053,220044,219191,64261,283452,2418
2022-10-08,Kings,031,150075,59593,59489,4110,63599,458
2022-10-08,Lake,033,64148,12849,12795,1186,13981,147
2022-10-08,Lassen,035,31185,9984,9967,997,10964,65
2022-10-08,Los Angeles,037,10098052,3291057,3278961,182247,3461208,33467
2022-10-08,Madera,039,155013,44164,44029,8268,52297,374
2022-10-08,Marin,041,260295,45460,45190,5285,50475,313
2022-10-08,Mariposa,043,17540,3109,3088,344,3432,31
2022-10-08,Mendocino,045,87422,16087,15992,4511,20503,136
2022-10-08,Merced,047,269075,72916,72236,11911,84147,865
2022-10-08,Modoc,049,8938,880,876,324,1200,11
2022-10-08,Mono,051,14174,3210,3205,256,3461,7
2022-10-08,Monterey,053,433212,94339,94111,21114,115225,766
2022-10-08,Napa,055,140530,32300,32258,1408,33666,160
2022-10-08,Nevada,057,99092,19062,18989,1853,20842,132
2022-10-08,Orange,059,3164182,670723,667297,64035,731332,7452
2022-10-08,Placer,061,380077,76149,75768,9624,85392,660
2022-10-08,Plumas,063,18699,3690,3669,436,4105,13
2022-10-08,Riverside,065,2383286,697367,695315,35364,730679,6567
2022-10-08,Sacramento,067,1510023,348213,346748,34562,381310,3310
2022-10-08,San Benito,069,59416,16368,16188,974,17162,106
2022-10-08,San Bernardino,071,2135413,673246,670906,30854,701760,8116
2022-10-08,San Diego,073,3302833,926284,924672,72128,996800,5498
2022-10-08,San Francisco,075,870044,180110,178943,12119,191062,1045
2022-10-08,San Joaquin,077,732212,198309,197390,14992,212382,2319
2022-10-08,San Luis Obispo,079,281455,63469,63219,7172,70391,524
2022-10-08,San Mateo,081,765935,169829,168413,10430,178843,737
2022-10-08,Santa Barbara,083,443738,106098,105695,6888,112583,725
2022-10-08,Santa Clara,085,1922200,438512,432327,18952,451279,2506
2022-10-08,Santa Cruz,087,273765,63437,63099,3491,66590,273
2022-10-08,Shasta,089,179085,35057,34904,7501,42405,593
2022-10-08,Sierra,091,2930,306,305,60,365,5
2022-10-08,Siskiyou,093,43540,5161,5272,3314,8586,92
2022-10-08,Solano,095,438530,105717,105042,7928,112970,465
2022-10-08,Sonoma,097,501317,107316,106940,5299,112239,520
2022-10-08,Stanislaus,099,539301,138181,137838,21632,159470,1781
2022-10-08,Sutter,101,95872,24353,24326,2458,26784,232
2022-10-08,Tehama,103,63373,13667,13603,3086,16689,210
2022-10-08,Trinity,105,12862,1400,1394,400,1794,20
2022-10-08,Tulare,107,460477,122179,121787,36464,158251,1531
2022-10-08,Tuolumne,109,53932,15626,15558,925,16483,196
2022-10-08,Ventura,111,848112,209320,208632,15788,224420,1567
2022-10-08,Yolo,113,214977,47567,47422,4336,51758,341
2022-10-08,Yuba,115,75493,18930,18914,1731,20645,129
2022-10-07,Alameda,001,1643700,349368,347497,19649,367146,2023
2022-10-07,Alpine,002,1148,135,135,1,136,0
2022-10-07,Amador,005,37829,10012,9999,929,10928,93
2022-10-07,Butte,007,227075,39622,39453,9160,48613,454
2022-10-07,Calaveras,009,45235,8528,8511,564,9075,133
2022-10-07,Colusa,011,21464,3805,3794,1284,5078,22
2022-10-07,Contra Costa,013,1133247,252485,250136,20823,270959,1430
2022-10-07,Del Norte,015,27424,7464,7433,398,7831,56
2022-10-07,El Dorado,017,186661,32367,32320,4277,36597,231
2022-10-07,Fresno,019,978130,279107,274628,31799,306427,2865
2022-10-07,Glenn,021,27897,5533,5510,1866,7376,48
2022-10-07,Humboldt,023,135768,21957,21831,5032,26863,159
2022-10-07,Imperial,025,180216,65742,65532,15935,81467,958
2022-10-07,Inyo,027,18085,4500,4489,1005,5494,59
2022-10-07,Kern,029,883053,220013,219191,64234,283425,2418
2022-10-07,Kings,031,150075,59585,59489,4110,63599,458
2022-10-07,Lake,033,64148,12845,12795,1186,13981,147
2022-10-07,Lassen,035,31185,9984,9967,997,10964,65
2022-10-07,Los Angeles,037,10098052,3290448,3278961,182143,3461104,33467
2022-10-07,Madera,039,155013,44160,44029,8266,52295,374
2022-10-07,Marin,041,260295,45441,45190,5283,50473,313
2022-10-07,Mariposa,043,17540,3106,3088,344,3432,31
2022-10-07,Mendocino,045,87422,16083,15992,4510,20502,136
2022-10-07,Merced,047,269075,72909,72236,11909,84145,865
2022-10-07,Modoc,049,8938,880,876,324,1200,11
2022-10-07,Mono,051,14174,3209,3205,256,3461,7
2022-10-07,Monterey,053,433212,94324,94111,21110,115221,766
2022-10-07,Napa,055,140530,32292,32258,1408,33666,160
2022-10-07,Nevada,057,99092,19060,18989,1849,20838,132
2022-10-07,Orange,059,3164182,670600,667297,64001,731298,7452
2022-10-07,Placer,061,380077,76130,75768,9620,85388,660
2022-10-07,Plumas,063,18699,3687,3669,436,4105,13
2022-10-07,Riverside,065,2383286,697275,695315,35352,730667,6567
2022-10-07,Sacramento,067,1510023,348124,346748,34556,381304,3310
2022-10-07,San Benito,069,59416,16366,16188,974,17162,106
2022-10-07,San Bernardino,071,2135413,673160,670906,30850,701756,8116
2022-10-07,San Diego,073,3302833,926112,924672,72110,996782,5498
2022-10-07,San Francisco,075,870044,180046,178943,12115,191058,1045
2022-10-07,San Joaquin,077,732212,198275,197390,14991,212381,2319
2022-10-07,San Luis Obispo,079,281455,63457,63219,7171,70390,524
2022-10-07,San Mateo,081,765935,169758,168413,10430,178843,737
2022-10-07,Santa Barbara,083,443738,106073,105695,6887,112582,725
2022-10-07,Santa Clara,085,1922200,438378,432327,18947,451274,2506
2022-10-07,Santa Cruz,087,273765,63405,63099,3490,66589,273
2022-10-07,Shasta,089,179085,35051,34904,7498,42402,593
2022-10-07,Sierra,091,2930,306,305,60,365,5
2022-10-07,Siskiyou,093,43540,5160,5272,3313,8585,92
2022-10-07,Solano,095,438530,105688,105042,7924,112966,465
2022-10-07,Sonoma,097,501317,107289,106940,5298,112238,520
2022-10-07,Stanislaus,099,539301,138163,137838,21631,159469,1781
2022-10-07,Sutter,101,95872,24346,24326,2458,26784,232
2022-10-07,Tehama,103,63373,13667,13603,3084,16687,210
2022-10-07,Trinity,105,12862,1399,1394,400,1794,20
2022-10-07,Tulare,107,460477,122162,121787,36451,158238,1531
2022-10-07,Tuolumne,109,53932,15622,15558,925,16483,196
2022-10-07,Ventura,111,848112,209277,208632,15784,224416,1567
2022-10-07,Yolo,113,214977,47560,47422,4332,51754,341
2022-10-07,Yuba,115,75493,18930,18914,1731,20645,129
2022-10-06,Alameda,001,1643700,349230,347497,19638,367135,2023
2022-10-06,Alpine,002,1148,135,135,1,136,0
2022-10-06,Amador,005,37829,10010,9999,929,10928,93
2022-10-06,Butte,007,227075,39613,39453,9155,48608,454
2022-10-06,Calaveras,009,45235,8526,8511,563,9074,133
2022-10-06,Colusa,011,21464,3805,3794,1284,5078,22
2022-10-06,Contra Costa,013,1133247,252392,250136,20819,270955,1430
2022-10-06,Del Norte,015,27424,7462,7433,398,7831,56
2022-10-06,El Dorado,017,186661,32357,32320,4275,36595,231
2022-10-06,Fresno,019,978130,279058,274628,31793,306421,2865
2022-10-06,Glenn,021,27897,5532,5510,1865,7375,48
2022-10-06,Humboldt,023,135768,21945,21831,5024,26855,159
2022-10-06,Imperial,025,180216,65718,65532,15927,81459,958
2022-10-06,Inyo,027,18085,4500,4489,1004,5493,59
2022-10-06,Kern,029,883053,219981,219191,64208,283399,2418
2022-10-06,Kings,031,150075,59571,59489,4108,63597,458
2022-10-06,Lake,033,64148,12844,12795,1186,13981,147
2022-10-06,Lassen,035,31185,9984,9967,997,10964,65
2022-10-06,Los Angeles,037,10098052,3289602,3278961,181996,3460957,33467
2022-10-06,Madera,039,155013,44151,44029,8266,52295,374
2022-10-06,Marin,041,260295,45423,45190,5281,50471,313
2022-10-06,Mariposa,043,17540,3106,3088,344,3432,31
2022-10-06,Mendocino,045,87422,16081,15992,4509,20501,136
2022-10-06,Merced,047,269075,72897,72236,11908,84144,865
2022-10-06,Modoc,049,8938,879,876,324,1200,11
2022-10-06,Mono,051,14174,3209,3205,256,3461,7
2022-10-06,Monterey,053,433212,94315,94111,21101,115212,766
2022-10-06,Napa,055,140530,32285,32258,1408,33666,160
2022-10-06,Nevada,057,99092,19054,18989,1848,20837,132
2022-10-06,Orange,059,3164182,670400,667297,63951,731248,7452
2022-10-06,Placer,061,380077,76105,75768,9618,85386,660
2022-10-06,Plumas,063,18699,3685,3669,436,4105,13
2022-10-06,Riverside,065,2383286,697142,695315,35344,730659,6567
2022-10-06,Sacramento,067,1510023,348006,346748,34541,381289,3310
2022-10-06,San Benito,069,59416,16363,16188,973,17161,106
2022-10-06,San Bernardino,071,2135413,673022,670906,30840,701746,8116
2022-10-06,San Diego,073,3302833,925864,924672,72062,996734,5498
2022-10-06,San Francisco,075,870044,179966,178943,12113,191056,1045
2022-10-06,San Joaquin,077,732212,198225,197390,14984,212374,2319
2022-10-06,San Luis Obispo,079,281455,63439,63219,7167,70386,524
2022-10-06,San Mateo,081,765935,169689,168413,10428,178841,737
2022-10-06,Santa Barbara,083,443738,106048,105695,6885,112580,725
2022-10-06,Santa Clara,085,1922200,438212,432327,18941,451268,2506
2022-10-06,Santa Cruz,087,273765,63366,63099,3487,66586,273
2022-10-06,Shasta,089,179085,35040,34904,7492,42396,593
2022-10-06,Sierra,091,2930,306,305,60,365,5
2022-10-06,Siskiyou,093,43540,5158,5272,3313,8585,92
2022-10-06,Solano,095,438530,105657,105042,7920,112962,465
2022-10-06,Sonoma,097,501317,107264,106940,5297,112237,520
2022-10-06,Stanislaus,099,539301,138132,137838,21624,159462,1781
2022-10-06,Sutter,101,95872,24336,24326,2458,26784,232
2022-10-06,Tehama,103,63373,13661,13603,3083,16686,210
2022-10-06,Trinity,105,12862,1399,1394,398,1792,20
2022-10-06,Tulare,107,460477,122145,121787,36446,158233,1531
2022-10-06,Tuolumne,109,53932,15619,15558,924,16482,196
2022-10-06,Ventura,111,848112,209214,208632,15774,224406,1567
2022-10-06,Yolo,113,214977,47547,47422,4330,51752,341
2022-10-06,Yuba,115,75493,18929,18914,1731,20645,129
2022-10-05,Alameda,001,1643700,349067,347497,19629,367126,2023
2022-10-05,Alpine,002,1148,135,135,1,136,0
2022-10-05,Amador,005,37829,10008,9999,929,10928,93
2022-10-05,Butte,007,227075,39606,39453,9152,48605,454
2022-10-05,Calaveras,009,45235,8524,8511,563,9074,133
2022-10-05,Colusa,011,21464,3804,3794,1284,5078,22
2022-10-05,Contra Costa,013,1133247,252297,250136,20808,270944,1430
2022-10-05,Del Norte,015,27424,7459,7433,398,7831,56
2022-10-05,El Dorado,017,186661,32341,32320,4275,36595,231
2022-10-05,Fresno,019,978130,278986,274628,31787,306415,2865
2022-10-05,Glenn,021,27897,5532,5510,1864,7374,48
2022-10-05,Humboldt,023,135768,21931,21831,5019,26850,159
2022-10-05,Imperial,025,180216,65694,65532,15913,81445,958
2022-10-05,Inyo,027,18085,4500,4489,1001,5490,59
2022-10-05,Kern,029,883053,219933,219191,64165,283356,2418
2022-10-05,Kings,031,150075,59562,59489,4107,63596,458
2022-10-05,Lake,033,64148,12842,12795,1185,13980,147
2022-10-05,Lassen,035,31185,9984,9967,996,10963,65
2022-10-05,Los Angeles,037,10098052,3288769,3278961,181848,3460809,33467
2022-10-05,Madera,039,155013,44143,44029,8263,52292,374
2022-10-05,Marin,041,260295,45399,45190,5277,50467,313
2022-10-05,Mariposa,043,17540,3105,3088,344,3432,31
2022-10-05,Mendocino,045,87422,16079,15992,4504,20496,136
2022-10-05,Merced,047,269075,72885,72236,11905,84141,865
2022-10-05,Modoc,049,8938,879,876,324,1200,11
2022-10-05,Mono,051,14174,3209,3205,256,3461,7
2022-10-05,Monterey,053,433212,94301,94111,21096,115207,766
2022-10-05,Napa,055,140530,32276,32258,1408,33666,160
2022-10-05,Nevada,057,99092,19046,18989,1848,20837,132
2022-10-05,Orange,059,3164182,670213,667297,63900,731197,7452
2022-10-05,Placer,061,380077,76081,75768,9615,85383,660
2022-10-05,Plumas,063,18699,3682,3669,435,4104,13
2022-10-05,Riverside,065,2383286,696998,695315,35326,730641,6567
2022-10-05,Sacramento,067,1510023,347909,346748,34529,381277,3310
2022-10-05,San Benito,069,59416,16360,16188,973,17161,106
2022-10-05,San Bernardino,071,2135413,672856,670906,30832,701738,8116
2022-10-05,San Diego,073,3302833,925639,924672,72037,996709,5498
2022-10-05,San Francisco,075,870044,179866,178943,12107,191050,1045
2022-10-05,San Joaquin,077,732212,198180,197390,14974,212364,2319
2022-10-05,San Luis Obispo,079,281455,63434,63219,7162,70381,524
2022-10-05,San Mateo,081,765935,169609,168413,10428,178841,737
2022-10-05,Santa Barbara,083,443738,106020,105695,6882,112577,725
2022-10-05,Santa Clara,085,1922200,438029,432327,18936,451263,2506
2022-10-05,Santa Cruz,087,273765,63334,63099,3487,66586,273
2022-10-05,Shasta,089,179085,35033,34904,7485,42389,593
2022-10-05,Sierra,091,2930,306,305,60,365,5
2022-10-05,Siskiyou,093,43540,5153,5272,3311,8583,92
2022-10-05,Solano,095,438530,105621,105042,7916,112958,465
2022-10-05,Sonoma,097,501317,107229,106940,5297,112237,520
2022-10-05,Stanislaus,099,539301,138103,137838,21616,159454,1781
2022-10-05,Sutter,101,95872,24332,24326,2458,26784,232
2022-10-05,Tehama,103,63373,13657,13603,3082,16685,210
2022-10-05,Trinity,105,12862,1399,1394,398,1792,20
2022-10-05,Tulare,107,460477,122127,121787,36424,158211,1531
2022-10-05,Tuolumne,109,53932,15613,15558,924,16482,196
2022-10-05,Ventura,111,848112,209154,208632,15772,224404,1567
2022-10-05,Yolo,113,214977,47531,47422,4328,51750,341
2022-10-05,Yuba,115,75493,18924,18914,1728,20642,129
2022-10-04,Alameda,001,1643700,348921,347497,19617,367114,2023
2022-10-04,Alpine,002,1148,135,135,1,136,0
2022-10-04,Amador,005,37829,10006,9999,929,10928,93
2022-10-04,Butte,007,227075,39594,39453,9150,48603,454
2022-10-04,Calaveras,009,45235,8523,8511,561,9072,133
2022-10-04,Colusa,011,21464,3804,3794,1284,5078,22
2022-10-04,Contra Costa,013,1133247,252212,250136,20801,270937,1430
2022-10-04,Del Norte,015,27424,7457,7433,398,7831,56
2022-10-04,El Dorado,017,186661,32336,32320,4274,36594,231
2022-10-04,Fresno,019,978130,278924,274628,31781,306409,2865
2022-10-04,Glenn,021,27897,5531,5510,1864,7374,48
2022-10-04,Humboldt,023,135768,21918,21831,5018,26849,159
2022-10-04,Imperial,025,180216,65659,65532,15898,81430,958
2022-10-04,Inyo,027,18085,4499,4489,999,5488,59
2022-10-04,Kern,029,883053,219874,219191,64124,283315,2418
2022-10-04,Kings,031,150075,59547,59489,4106,63595,458
2022-10-04,Lake,033,64148,12837,12795,1185,13980,147
2022-10-04,Lassen,035,31185,9983,9967,995,10962,65
2022-10-04,Los Angeles,037,10098052,3287872,3278961,181685,3460646,33467
2022-10-04,Madera,039,155013,44129,44029,8261,52290,374
2022-10-04,Marin,041,260295,45368,45190,5277,50467,313
2022-10-04,Mariposa,043,17540,3105,3088,344,3432,31
2022-10-04,Mendocino,045,87422,16075,15992,4498,20490,136
2022-10-04,Merced,047,269075,72865,72236,11903,84139,865
2022-10-04,Modoc,049,8938,879,876,324,1200,11
2022-10-04,Mono,051,14174,3209,3205,255,3460,7
2022-10-04,Monterey,053,433212,94288,94111,21091,115202,766
2022-10-04,Napa,055,140530,32272,32258,1408,33666,160
2022-10-04,Nevada,057,99092,19043,18989,1848,20837,132
2022-10-04,Orange,059,3164182,669997,667297,63822,731119,7452
2022-10-04,Placer,061,380077,76048,75768,9611,85379,660
2022-10-04,Plumas,063,18699,3676,3669,434,4103,13
2022-10-04,Riverside,065,2383286,696839,695315,35311,730626,6567
2022-10-04,Sacramento,067,1510023,347784,346748,34505,381253,3310
2022-10-04,San Benito,069,59416,16347,16188,972,17160,106
2022-10-04,San Bernardino,071,2135413,672705,670906,30824,701730,8116
2022-10-04,San Diego,073,3302833,925306,924672,71986,996658,5498
2022-10-04,San Francisco,075,870044,179774,178943,12104,191047,1045
2022-10-04,San Joaquin,077,732212,198135,197390,14967,212357,2319
2022-10-04,San Luis Obispo,079,281455,63417,63219,7153,70372,524
2022-10-04,San Mateo,081,765935,169519,168413,10427,178840,737
2022-10-04,Santa Barbara,083,443738,105989,105695,6880,112575,725
2022-10-04,Santa Clara,085,1922200,437835,432327,18930,451257,2506
2022-10-04,Santa Cruz,087,273765,63298,63099,3485,66584,273
2022-10-04,Shasta,089,179085,35019,34904,7480,42384,593
2022-10-04,Sierra,091,2930,306,305,60,365,5
2022-10-04,Siskiyou,093,43540,5152,5272,3311,8583,92
2022-10-04,Solano,095,438530,105573,105042,7914,112956,465
2022-10-04,Sonoma,097,501317,107194,106940,5294,112234,520
2022-10-04,Stanislaus,099,539301,138076,137838,21614,159452,1781
2022-10-04,Sutter,101,95872,24322,24326,2457,26783,232
2022-10-04,Tehama,103,63373,13654,13603,3080,16683,210
2022-10-04,Trinity,105,12862,1399,1394,398,1792,20
2022-10-04,Tulare,107,460477,122102,121787,36414,158201,1531
2022-10-04,Tuolumne,109,53932,15612,15558,924,16482,196
2022-10-04,Ventura,111,848112,209085,208632,15768,224400,1567
2022-10-04,Yolo,113,214977,47514,47422,4325,51747,341
2022-10-04,Yuba,115,75493,18919,18914,1726,20640,129
2022-10-03,Alameda,001,1643700,348733,346369,19610,365979,2020
2022-10-03,Alpine,002,1148,135,134,1,135,0
2022-10-03,Amador,005,37829,10004,9987,929,10916,90
2022-10-03,Butte,007,227075,39579,39378,9146,48524,454
2022-10-03,Calaveras,009,45235,8522,8497,561,9058,133
2022-10-03,Colusa,011,21464,3804,3782,1283,5065,22
2022-10-03,Contra Costa,013,1133247,252097,249273,20796,270069,1426
2022-10-03,Del Norte,015,27424,7456,7421,398,7819,56
2022-10-03,El Dorado,017,186661,32328,32238,4272,36510,231
2022-10-03,Fresno,019,978130,278865,274028,31768,305796,2859
2022-10-03,Glenn,021,27897,5531,5509,1864,7373,48
2022-10-03,Humboldt,023,135768,21903,21744,5016,26760,157
2022-10-03,Imperial,025,180216,65640,65425,15883,81308,958
2022-10-03,Inyo,027,18085,4498,4483,996,5479,59
2022-10-03,Kern,029,883053,219815,218846,64073,282919,2417
2022-10-03,Kings,031,150075,59529,59394,4103,63497,459
2022-10-03,Lake,033,64148,12833,12761,1185,13946,147
2022-10-03,Lassen,035,31185,9981,9962,994,10956,65
2022-10-03,Los Angeles,037,10098052,3286842,3271661,181525,3453186,33336
2022-10-03,Madera,039,155013,44121,43953,8258,52211,374
2022-10-03,Marin,041,260295,45339,45002,5276,50278,310
2022-10-03,Mariposa,043,17540,3105,3079,343,3422,31
2022-10-03,Mendocino,045,87422,16068,15950,4492,20442,136
2022-10-03,Merced,047,269075,72851,72117,11900,84017,863
2022-10-03,Modoc,049,8938,877,873,324,1197,11
2022-10-03,Mono,051,14174,3209,3201,255,3456,7
2022-10-03,Monterey,053,433212,94273,93991,21076,115067,766
2022-10-03,Napa,055,140530,32257,32171,1408,33579,160
2022-10-03,Nevada,057,99092,19036,18923,1846,20769,132
2022-10-03,Orange,059,3164182,669772,665825,63755,729580,7435
2022-10-03,Placer,061,380077,76028,75573,9606,85179,661
2022-10-03,Plumas,063,18699,3675,3645,434,4079,13
2022-10-03,Riverside,065,2383286,696667,694250,35294,729544,6543
2022-10-03,Sacramento,067,1510023,347640,345905,34490,380395,3294
2022-10-03,San Benito,069,59416,16340,16152,972,17124,106
2022-10-03,San Bernardino,071,2135413,672525,668798,30807,699605,8106
2022-10-03,San Diego,073,3302833,924986,922323,71942,994265,5491
2022-10-03,San Francisco,075,870044,179662,178486,12098,190584,1043
2022-10-03,San Joaquin,077,732212,198071,197009,14962,211971,2319
2022-10-03,San Luis Obispo,079,281455,63401,63060,7147,70207,524
2022-10-03,San Mateo,081,765935,169436,167790,10426,178216,736
2022-10-03,Santa Barbara,083,443738,105948,105437,6878,112315,722
2022-10-03,Santa Clara,085,1922200,437612,430899,18918,449817,2494
2022-10-03,Santa Cruz,087,273765,63251,62866,3484,66350,273
2022-10-03,Shasta,089,179085,35012,34849,7475,42324,592
2022-10-03,Sierra,091,2930,306,304,60,364,5
2022-10-03,Siskiyou,093,43540,5152,5261,3308,8569,91
2022-10-03,Solano,095,438530,105515,104704,7912,112616,464
2022-10-03,Sonoma,097,501317,107152,106624,5288,111912,519
2022-10-03,Stanislaus,099,539301,138042,137589,21610,159199,1780
2022-10-03,Sutter,101,95872,24320,24265,2457,26722,232
2022-10-03,Tehama,103,63373,13651,13564,3080,16644,210
2022-10-03,Trinity,105,12862,1399,1392,397,1789,20
2022-10-03,Tulare,107,460477,122081,121589,36395,157984,1531
2022-10-03,Tuolumne,109,53932,15609,15516,924,16440,196
2022-10-03,Ventura,111,848112,209014,208124,15753,223877,1565
2022-10-03,Yolo,113,214977,47497,47279,4320,51599,341
2022-10-03,Yuba,115,75493,18916,18881,1721,20602,132
2022-10-02,Alameda,001,1643700,348524,346369,19596,365965,2020
2022-10-02,Alpine,002,1148,135,134,1,135,0
2022-10-02,Amador,005,37829,10004,9987,929,10916,90
2022-10-02,Butte,007,227075,39567,39378,9144,48522,454
2022-10-02,Calaveras,009,45235,8518,8497,560,9057,133
2022-10-02,Colusa,011,21464,3802,3782,1283,5065,22
2022-10-02,Contra Costa,013,1133247,251983,249273,20784,270057,1426
2022-10-02,Del Norte,015,27424,7453,7421,398,7819,56
2022-10-02,El Dorado,017,186661,32317,32238,4271,36509,231
2022-10-02,Fresno,019,978130,278789,274028,31755,305783,2859
2022-10-02,Glenn,021,27897,5528,5509,1864,7373,48
2022-10-02,Humboldt,023,135768,21886,21744,5007,26751,157
2022-10-02,Imperial,025,180216,65606,65425,15860,81285,958
2022-10-02,Inyo,027,18085,4498,4483,994,5477,59
2022-10-02,Kern,029,883053,219764,218846,64020,282866,2417
2022-10-02,Kings,031,150075,59514,59394,4102,63496,459
2022-10-02,Lake,033,64148,12827,12761,1185,13946,147
2022-10-02,Lassen,035,31185,9980,9962,992,10954,65
2022-10-02,Los Angeles,037,10098052,3285695,3271661,181367,3453028,33336
2022-10-02,Madera,039,155013,44113,43953,8255,52208,374
2022-10-02,Marin,041,260295,45306,45002,5271,50273,310
2022-10-02,Mariposa,043,17540,3105,3079,343,3422,31
2022-10-02,Mendocino,045,87422,16059,15950,4489,20439,136
2022-10-02,Merced,047,269075,72823,72117,11896,84013,863
2022-10-02,Modoc,049,8938,877,873,324,1197,11
2022-10-02,Mono,051,14174,3209,3201,255,3456,7
2022-10-02,Monterey,053,433212,94257,93991,21063,115054,766
2022-10-02,Napa,055,140530,32246,32171,1406,33577,160
2022-10-02,Nevada,057,99092,19030,18923,1846,20769,132
2022-10-02,Orange,059,3164182,669502,665825,63673,729498,7435
2022-10-02,Placer,061,380077,76000,75573,9603,85176,661
2022-10-02,Plumas,063,18699,3671,3645,433,4078,13
2022-10-02,Riverside,065,2383286,696475,694250,35275,729525,6543
2022-10-02,Sacramento,067,1510023,347461,345905,34459,380364,3294
2022-10-02,San Benito,069,59416,16335,16152,972,17124,106
2022-10-02,San Bernardino,071,2135413,672287,668798,30781,699579,8106
2022-10-02,San Diego,073,3302833,924616,922323,71893,994216,5491
2022-10-02,San Francisco,075,870044,179534,178486,12092,190578,1043
2022-10-02,San Joaquin,077,732212,197995,197009,14958,211967,2319
2022-10-02,San Luis Obispo,079,281455,63364,63060,7138,70198,524
2022-10-02,San Mateo,081,765935,169314,167790,10423,178213,736
2022-10-02,Santa Barbara,083,443738,105900,105437,6871,112308,722
2022-10-02,Santa Clara,085,1922200,437386,430899,18904,449803,2494
2022-10-02,Santa Cruz,087,273765,63211,62866,3477,66343,273
2022-10-02,Shasta,089,179085,34997,34849,7472,42321,592
2022-10-02,Sierra,091,2930,306,304,60,364,5
2022-10-02,Siskiyou,093,43540,5152,5261,3307,8568,91
2022-10-02,Solano,095,438530,105452,104704,7905,112609,464
2022-10-02,Sonoma,097,501317,107102,106624,5285,111909,519
2022-10-02,Stanislaus,099,539301,138008,137589,21606,159195,1780
2022-10-02,Sutter,101,95872,24310,24265,2457,26722,232
2022-10-02,Tehama,103,63373,13646,13564,3074,16638,210
2022-10-02,Trinity,105,12862,1399,1392,397,1789,20
2022-10-02,Tulare,107,460477,122055,121589,36376,157965,1531
2022-10-02,Tuolumne,109,53932,15604,15516,924,16440,196
2022-10-02,Ventura,111,848112,208932,208124,15734,223858,1565
2022-10-02,Yolo,113,214977,47485,47279,4315,51594,341
2022-10-02,Yuba,115,75493,18910,18881,1719,20600,132
2022-10-01,Alameda,001,1643700,348405,346369,19595,365964,2020
2022-10-01,Alpine,002,1148,135,134,1,135,0
2022-10-01,Amador,005,37829,10002,9987,929,10916,90
2022-10-01,Butte,007,227075,39556,39378,9137,48515,454
2022-10-01,Calaveras,009,45235,8518,8497,559,9056,133
2022-10-01,Colusa,011,21464,3802,3782,1281,5063,22
2022-10-01,Contra Costa,013,1133247,251909,249273,20781,270054,1426
2022-10-01,Del Norte,015,27424,7451,7421,398,7819,56
2022-10-01,El Dorado,017,186661,32310,32238,4271,36509,231
2022-10-01,Fresno,019,978130,278758,274028,31753,305781,2859
2022-10-01,Glenn,021,27897,5527,5509,1864,7373,48
2022-10-01,Humboldt,023,135768,21883,21744,5006,26750,157
2022-10-01,Imperial,025,180216,65589,65425,15850,81275,958
2022-10-01,Inyo,027,18085,4498,4483,994,5477,59
2022-10-01,Kern,029,883053,219746,218846,63990,282836,2417
2022-10-01,Kings,031,150075,59505,59394,4102,63496,459
2022-10-01,Lake,033,64148,12824,12761,1185,13946,147
2022-10-01,Lassen,035,31185,9978,9962,992,10954,65
2022-10-01,Los Angeles,037,10098052,3285067,3271661,181254,3452915,33336
2022-10-01,Madera,039,155013,44109,43953,8255,52208,374
2022-10-01,Marin,041,260295,45283,45002,5271,50273,310
2022-10-01,Mariposa,043,17540,3105,3079,343,3422,31
2022-10-01,Mendocino,045,87422,16052,15950,4485,20435,136
2022-10-01,Merced,047,269075,72813,72117,11894,84011,863
2022-10-01,Modoc,049,8938,877,873,324,1197,11
2022-10-01,Mono,051,14174,3209,3201,255,3456,7
2022-10-01,Monterey,053,433212,94244,93991,21056,115047,766
2022-10-01,Napa,055,140530,32241,32171,1406,33577,160
2022-10-01,Nevada,057,99092,19027,18923,1845,20768,132
2022-10-01,Orange,059,3164182,669355,665825,63627,729452,7435
2022-10-01,Placer,061,380077,75973,75573,9601,85174,661
2022-10-01,Plumas,063,18699,3670,3645,433,4078,13
2022-10-01,Riverside,065,2383286,696352,694250,35262,729512,6543
2022-10-01,Sacramento,067,1510023,347386,345905,34453,380358,3294
2022-10-01,San Benito,069,59416,16327,16152,969,17121,106
2022-10-01,San Bernardino,071,2135413,672183,668798,30771,699569,8106
2022-10-01,San Diego,073,3302833,924498,922323,71863,994186,5491
2022-10-01,San Francisco,075,870044,179476,178486,12086,190572,1043
2022-10-01,San Joaquin,077,732212,197964,197009,14952,211961,2319
2022-10-01,San Luis Obispo,079,281455,63354,63060,7135,70195,524
2022-10-01,San Mateo,081,765935,169269,167790,10421,178211,736
2022-10-01,Santa Barbara,083,443738,105870,105437,6869,112306,722
2022-10-01,Santa Clara,085,1922200,437213,430899,18902,449801,2494
2022-10-01,Santa Cruz,087,273765,63197,62866,3471,66337,273
2022-10-01,Shasta,089,179085,34991,34849,7468,42317,592
2022-10-01,Sierra,091,2930,306,304,60,364,5
2022-10-01,Siskiyou,093,43540,5150,5261,3305,8566,91
2022-10-01,Solano,095,438530,105444,104704,7903,112607,464
2022-10-01,Sonoma,097,501317,107076,106624,5283,111907,519
2022-10-01,Stanislaus,099,539301,137985,137589,21605,159194,1780
2022-10-01,Sutter,101,95872,24305,24265,2457,26722,232
2022-10-01,Tehama,103,63373,13644,13564,3073,16637,210
2022-10-01,Trinity,105,12862,1399,1392,397,1789,20
2022-10-01,Tulare,107,460477,122047,121589,36362,157951,1531
2022-10-01,Tuolumne,109,53932,15602,15516,924,16440,196
2022-10-01,Ventura,111,848112,208884,208124,15727,223851,1565
2022-10-01,Yolo,113,214977,47475,47279,4313,51592,341
2022-10-01,Yuba,115,75493,18903,18881,1718,20599,132
2022-09-30,Alameda,001,1643700,348286,346369,19589,365958,2020
2022-09-30,Alpine,002,1148,135,134,1,135,0
2022-09-30,Amador,005,37829,10000,9987,929,10916,90
2022-09-30,Butte,007,227075,39545,39378,9135,48513,454
2022-09-30,Calaveras,009,45235,8515,8497,559,9056,133
2022-09-30,Colusa,011,21464,3801,3782,1280,5062,22
2022-09-30,Contra Costa,013,1133247,251814,249273,20779,270052,1426
2022-09-30,Del Norte,015,27424,7450,7421,398,7819,56
2022-09-30,El Dorado,017,186661,32301,32238,4267,36505,231
2022-09-30,Fresno,019,978130,278715,274028,31745,305773,2859
2022-09-30,Glenn,021,27897,5526,5509,1864,7373,48
2022-09-30,Humboldt,023,135768,21870,21744,5003,26747,157
2022-09-30,Imperial,025,180216,65579,65425,15842,81267,958
2022-09-30,Inyo,027,18085,4497,4483,992,5475,59
2022-09-30,Kern,029,883053,219725,218846,63958,282804,2417
2022-09-30,Kings,031,150075,59499,59394,4102,63496,459
2022-09-30,Lake,033,64148,12821,12761,1185,13946,147
2022-09-30,Lassen,035,31185,9978,9962,992,10954,65
2022-09-30,Los Angeles,037,10098052,3284322,3271661,181138,3452799,33336
2022-09-30,Madera,039,155013,44103,43953,8254,52207,374
2022-09-30,Marin,041,260295,45259,45002,5270,50272,310
2022-09-30,Mariposa,043,17540,3104,3079,343,3422,31
2022-09-30,Mendocino,045,87422,16044,15950,4481,20431,136
2022-09-30,Merced,047,269075,72801,72117,11894,84011,863
2022-09-30,Modoc,049,8938,877,873,324,1197,11
2022-09-30,Mono,051,14174,3209,3201,255,3456,7
2022-09-30,Monterey,053,433212,94225,93991,21050,115041,766
2022-09-30,Napa,055,140530,32230,32171,1406,33577,160
2022-09-30,Nevada,057,99092,19021,18923,1845,20768,132
2022-09-30,Orange,059,3164182,669217,665825,63588,729413,7435
2022-09-30,Placer,061,380077,75955,75573,9595,85168,661
2022-09-30,Plumas,063,18699,3669,3645,433,4078,13
2022-09-30,Riverside,065,2383286,696239,694250,35251,729501,6543
2022-09-30,Sacramento,067,1510023,347301,345905,34447,380352,3294
2022-09-30,San Benito,069,59416,16324,16152,969,17121,106
2022-09-30,San Bernardino,071,2135413,672056,668798,30763,699561,8106
2022-09-30,San Diego,073,3302833,924281,922323,71834,994157,5491
2022-09-30,San Francisco,075,870044,179411,178486,12080,190566,1043
2022-09-30,San Joaquin,077,732212,197930,197009,14949,211958,2319
2022-09-30,San Luis Obispo,079,281455,63349,63060,7132,70192,524
2022-09-30,San Mateo,081,765935,169203,167790,10418,178208,736
2022-09-30,Santa Barbara,083,443738,105845,105437,6869,112306,722
2022-09-30,Santa Clara,085,1922200,437025,430899,18894,449793,2494
2022-09-30,Santa Cruz,087,273765,63175,62866,3469,66335,273
2022-09-30,Shasta,089,179085,34988,34849,7464,42313,592
2022-09-30,Sierra,091,2930,306,304,60,364,5
2022-09-30,Siskiyou,093,43540,5149,5261,3305,8566,91
2022-09-30,Solano,095,438530,105414,104704,7900,112604,464
2022-09-30,Sonoma,097,501317,107042,106624,5281,111905,519
2022-09-30,Stanislaus,099,539301,137965,137589,21603,159192,1780
2022-09-30,Sutter,101,95872,24303,24265,2457,26722,232
2022-09-30,Tehama,103,63373,13642,13564,3073,16637,210
2022-09-30,Trinity,105,12862,1398,1392,397,1789,20
2022-09-30,Tulare,107,460477,122026,121589,36349,157938,1531
2022-09-30,Tuolumne,109,53932,15599,15516,924,16440,196
2022-09-30,Ventura,111,848112,208832,208124,15722,223846,1565
2022-09-30,Yolo,113,214977,47464,47279,4313,51592,341
2022-09-30,Yuba,115,75493,18898,18881,1718,20599,132
2022-09-29,Alameda,001,1643700,348119,346369,19575,365944,2020
2022-09-29,Alpine,002,1148,135,134,1,135,0
2022-09-29,Amador,005,37829,9997,9987,928,10915,90
2022-09-29,Butte,007,227075,39539,39378,9130,48508,454
2022-09-29,Calaveras,009,45235,8510,8497,558,9055,133
2022-09-29,Colusa,011,21464,3800,3782,1280,5062,22
2022-09-29,Contra Costa,013,1133247,251713,249273,20769,270042,1426
2022-09-29,Del Norte,015,27424,7447,7421,398,7819,56
2022-09-29,El Dorado,017,186661,32290,32238,4262,36500,231
2022-09-29,Fresno,019,978130,278620,274028,31735,305763,2859
2022-09-29,Glenn,021,27897,5526,5509,1864,7373,48
2022-09-29,Humboldt,023,135768,21858,21744,5001,26745,157
2022-09-29,Imperial,025,180216,65559,65425,15830,81255,958
2022-09-29,Inyo,027,18085,4497,4483,990,5473,59
2022-09-29,Kern,029,883053,219691,218846,63918,282764,2417
2022-09-29,Kings,031,150075,59492,59394,4101,63495,459
2022-09-29,Lake,033,64148,12817,12761,1185,13946,147
2022-09-29,Lassen,035,31185,9977,9962,992,10954,65
2022-09-29,Los Angeles,037,10098052,3283332,3271661,181026,3452687,33336
2022-09-29,Madera,039,155013,44093,43953,8251,52204,374
2022-09-29,Marin,041,260295,45234,45002,5266,50268,310
2022-09-29,Mariposa,043,17540,3102,3079,343,3422,31
2022-09-29,Mendocino,045,87422,16040,15950,4481,20431,136
2022-09-29,Merced,047,269075,72786,72117,11893,84010,863
2022-09-29,Modoc,049,8938,877,873,324,1197,11
2022-09-29,Mono,051,14174,3208,3201,255,3456,7
2022-09-29,Monterey,053,433212,94214,93991,21043,115034,766
2022-09-29,Napa,055,140530,32219,32171,1406,33577,160
2022-09-29,Nevada,057,99092,19011,18923,1842,20765,132
2022-09-29,Orange,059,3164182,668982,665825,63538,729363,7435
2022-09-29,Placer,061,380077,75931,75573,9586,85159,661
2022-09-29,Plumas,063,18699,3668,3645,432,4077,13
2022-09-29,Riverside,065,2383286,696088,694250,35239,729489,6543
2022-09-29,Sacramento,067,1510023,347161,345905,34428,380333,3294
2022-09-29,San Benito,069,59416,16319,16152,968,17120,106
2022-09-29,San Bernardino,071,2135413,671906,668798,30752,699550,8106
2022-09-29,San Diego,073,3302833,924035,922323,71803,994126,5491
2022-09-29,San Francisco,075,870044,179322,178486,12070,190556,1043
2022-09-29,San Joaquin,077,732212,197885,197009,14940,211949,2319
2022-09-29,San Luis Obispo,079,281455,63329,63060,7126,70186,524
2022-09-29,San Mateo,081,765935,169120,167790,10416,178206,736
2022-09-29,Santa Barbara,083,443738,105811,105437,6866,112303,722
2022-09-29,Santa Clara,085,1922200,436826,430899,18886,449785,2494
2022-09-29,Santa Cruz,087,273765,63131,62866,3463,66329,273
2022-09-29,Shasta,089,179085,34981,34849,7458,42307,592
2022-09-29,Sierra,091,2930,306,304,60,364,5
2022-09-29,Siskiyou,093,43540,5146,5261,3304,8565,91
2022-09-29,Solano,095,438530,105379,104704,7895,112599,464
2022-09-29,Sonoma,097,501317,106983,106624,5279,111903,519
2022-09-29,Stanislaus,099,539301,137933,137589,21602,159191,1780
2022-09-29,Sutter,101,95872,24300,24265,2457,26722,232
2022-09-29,Tehama,103,63373,13640,13564,3072,16636,210
2022-09-29,Trinity,105,12862,1398,1392,394,1786,20
2022-09-29,Tulare,107,460477,122010,121589,36329,157918,1531
2022-09-29,Tuolumne,109,53932,15595,15516,924,16440,196
2022-09-29,Ventura,111,848112,208772,208124,15713,223837,1565
2022-09-29,Yolo,113,214977,47451,47279,4311,51590,341
2022-09-29,Yuba,115,75493,18896,18881,1718,20599,132
2022-09-28,Alameda,001,1643700,347955,346369,19560,365929,2020
2022-09-28,Alpine,002,1148,134,134,1,135,0
2022-09-28,Amador,005,37829,9995,9987,928,10915,90
2022-09-28,Butte,007,227075,39532,39378,9122,48500,454
2022-09-28,Calaveras,009,45235,8508,8497,558,9055,133
2022-09-28,Colusa,011,21464,3800,3782,1280,5062,22
2022-09-28,Contra Costa,013,1133247,251603,249273,20756,270029,1426
2022-09-28,Del Norte,015,27424,7445,7421,398,7819,56
2022-09-28,El Dorado,017,186661,32283,32238,4260,36498,231
2022-09-28,Fresno,019,978130,278538,274028,31718,305746,2859
2022-09-28,Glenn,021,27897,5525,5509,1864,7373,48
2022-09-28,Humboldt,023,135768,21848,21744,4998,26742,157
2022-09-28,Imperial,025,180216,65543,65425,15823,81248,958
2022-09-28,Inyo,027,18085,4495,4483,990,5473,59
2022-09-28,Kern,029,883053,219638,218846,63869,282715,2417
2022-09-28,Kings,031,150075,59470,59394,4097,63491,459
2022-09-28,Lake,033,64148,12808,12761,1185,13946,147
2022-09-28,Lassen,035,31185,9976,9962,992,10954,65
2022-09-28,Los Angeles,037,10098052,3282211,3271661,180920,3452581,33336
2022-09-28,Madera,039,155013,44087,43953,8250,52203,374
2022-09-28,Marin,041,260295,45207,45002,5265,50267,310
2022-09-28,Mariposa,043,17540,3102,3079,343,3422,31
2022-09-28,Mendocino,045,87422,16037,15950,4477,20427,136
2022-09-28,Merced,047,269075,72774,72117,11887,84004,863
2022-09-28,Modoc,049,8938,877,873,323,1196,11
2022-09-28,Mono,051,14174,3208,3201,255,3456,7
2022-09-28,Monterey,053,433212,94200,93991,21035,115026,766
2022-09-28,Napa,055,140530,32204,32171,1404,33575,160
2022-09-28,Nevada,057,99092,19003,18923,1829,20752,132
2022-09-28,Orange,059,3164182,668748,665825,63480,729305,7435
2022-09-28,Placer,061,380077,75897,75573,9583,85156,661
2022-09-28,Plumas,063,18699,3666,3645,432,4077,13
2022-09-28,Riverside,065,2383286,695923,694250,35222,729472,6543
2022-09-28,Sacramento,067,1510023,347032,345905,34405,380310,3294
2022-09-28,San Benito,069,59416,16314,16152,965,17117,106
2022-09-28,San Bernardino,071,2135413,671735,668798,30737,699535,8106
2022-09-28,San Diego,073,3302833,923717,922323,71772,994095,5491
2022-09-28,San Francisco,075,870044,179221,178486,12067,190553,1043
2022-09-28,San Joaquin,077,732212,197847,197009,14937,211946,2319
2022-09-28,San Luis Obispo,079,281455,63312,63060,7118,70178,524
2022-09-28,San Mateo,081,765935,169041,167790,10412,178202,736
2022-09-28,Santa Barbara,083,443738,105777,105437,6861,112298,722
2022-09-28,Santa Clara,085,1922200,436658,430899,18877,449776,2494
2022-09-28,Santa Cruz,087,273765,63094,62866,3462,66328,273
2022-09-28,Shasta,089,179085,34976,34849,7453,42302,592
2022-09-28,Sierra,091,2930,306,304,60,364,5
2022-09-28,Siskiyou,093,43540,5144,5261,3303,8564,91
2022-09-28,Solano,095,438530,105350,104704,7893,112597,464
2022-09-28,Sonoma,097,501317,106948,106624,5273,111897,519
2022-09-28,Stanislaus,099,539301,137900,137589,21598,159187,1780
2022-09-28,Sutter,101,95872,24286,24265,2456,26721,232
2022-09-28,Tehama,103,63373,13636,13564,3072,16636,210
2022-09-28,Trinity,105,12862,1398,1392,392,1784,20
2022-09-28,Tulare,107,460477,121984,121589,36320,157909,1531
2022-09-28,Tuolumne,109,53932,15591,15516,924,16440,196
2022-09-28,Ventura,111,848112,208707,208124,15710,223834,1565
2022-09-28,Yolo,113,214977,47428,47279,4308,51587,341
2022-09-28,Yuba,115,75493,18891,18881,1715,20596,132
2022-09-27,Alameda,001,1643700,347782,346369,19547,365916,2020
2022-09-27,Alpine,002,1148,134,134,1,135,0
2022-09-27,Amador,005,37829,9991,9987,926,10913,90
2022-09-27,Butte,007,227075,39524,39378,9117,48495,454
2022-09-27,Calaveras,009,45235,8506,8497,558,9055,133
2022-09-27,Colusa,011,21464,3800,3782,1280,5062,22
2022-09-27,Contra Costa,013,1133247,251492,249273,20747,270020,1426
2022-09-27,Del Norte,015,27424,7445,7421,398,7819,56
2022-09-27,El Dorado,017,186661,32266,32238,4258,36496,231
2022-09-27,Fresno,019,978130,278473,274028,31708,305736,2859
2022-09-27,Glenn,021,27897,5524,5509,1864,7373,48
2022-09-27,Humboldt,023,135768,21837,21744,4993,26737,157
2022-09-27,Imperial,025,180216,65521,65425,15817,81242,958
2022-09-27,Inyo,027,18085,4493,4483,988,5471,59
2022-09-27,Kern,029,883053,219580,218846,63841,282687,2417
2022-09-27,Kings,031,150075,59454,59394,4097,63491,459
2022-09-27,Lake,033,64148,12804,12761,1184,13945,147
2022-09-27,Lassen,035,31185,9974,9962,992,10954,65
2022-09-27,Los Angeles,037,10098052,3281012,3271661,180761,3452422,33336
2022-09-27,Madera,039,155013,44075,43953,8249,52202,374
2022-09-27,Marin,041,260295,45179,45002,5261,50263,310
2022-09-27,Mariposa,043,17540,3101,3079,343,3422,31
2022-09-27,Mendocino,045,87422,16028,15950,4471,20421,136
2022-09-27,Merced,047,269075,72755,72117,11881,83998,863
2022-09-27,Modoc,049,8938,877,873,323,1196,11
2022-09-27,Mono,051,14174,3207,3201,255,3456,7
2022-09-27,Monterey,053,433212,94179,93991,21019,115010,766
2022-09-27,Napa,055,140530,32187,32171,1404,33575,160
2022-09-27,Nevada,057,99092,18994,18923,1828,20751,132
2022-09-27,Orange,059,3164182,668468,665825,63418,729243,7435
2022-09-27,Placer,061,380077,75856,75573,9578,85151,661
2022-09-27,Plumas,063,18699,3663,3645,432,4077,13
2022-09-27,Riverside,065,2383286,695725,694250,35199,729449,6543
2022-09-27,Sacramento,067,1510023,346883,345905,34377,380282,3294
2022-09-27,San Benito,069,59416,16313,16152,965,17117,106
2022-09-27,San Bernardino,071,2135413,671483,668798,30723,699521,8106
2022-09-27,San Diego,073,3302833,923322,922323,71736,994059,5491
2022-09-27,San Francisco,075,870044,179109,178486,12065,190551,1043
2022-09-27,San Joaquin,077,732212,197795,197009,14930,211939,2319
2022-09-27,San Luis Obispo,079,281455,63283,63060,7117,70177,524
2022-09-27,San Mateo,081,765935,168969,167790,10410,178200,736
2022-09-27,Santa Barbara,083,443738,105734,105437,6855,112292,722
2022-09-27,Santa Clara,085,1922200,436429,430899,18863,449762,2494
2022-09-27,Santa Cruz,087,273765,63063,62866,3457,66323,273
2022-09-27,Shasta,089,179085,34965,34849,7445,42294,592
2022-09-27,Sierra,091,2930,304,304,60,364,5
2022-09-27,Siskiyou,093,43540,5142,5261,3303,8564,91
2022-09-27,Solano,095,438530,105307,104704,7891,112595,464
2022-09-27,Sonoma,097,501317,106898,106624,5270,111894,519
2022-09-27,Stanislaus,099,539301,137872,137589,21597,159186,1780
2022-09-27,Sutter,101,95872,24272,24265,2456,26721,232
2022-09-27,Tehama,103,63373,13634,13564,3071,16635,210
2022-09-27,Trinity,105,12862,1398,1392,389,1781,20
2022-09-27,Tulare,107,460477,121959,121589,36302,157891,1531
2022-09-27,Tuolumne,109,53932,15585,15516,924,16440,196
2022-09-27,Ventura,111,848112,208627,208124,15700,223824,1565
2022-09-27,Yolo,113,214977,47400,47279,4307,51586,341
2022-09-27,Yuba,115,75493,18887,18881,1714,20595,132
2022-09-26,Alameda,001,1643700,347588,345351,19541,364892,2012
2022-09-26,Alpine,002,1148,134,134,1,135,0
2022-09-26,Amador,005,37829,9990,9954,925,10879,90
2022-09-26,Butte,007,227075,39512,39282,9114,48396,453
2022-09-26,Calaveras,009,45235,8503,8475,555,9030,133
2022-09-26,Colusa,011,21464,3797,3775,1278,5053,22
2022-09-26,Contra Costa,013,1133247,251356,248053,20733,268786,1424
2022-09-26,Del Norte,015,27424,7444,7403,398,7801,57
2022-09-26,El Dorado,017,186661,32248,32159,4255,36414,231
2022-09-26,Fresno,019,978130,278400,273381,31692,305073,2850
2022-09-26,Glenn,021,27897,5524,5494,1864,7358,48
2022-09-26,Humboldt,023,135768,21825,21641,4988,26629,156
2022-09-26,Imperial,025,180216,65500,65297,15802,81099,957
2022-09-26,Inyo,027,18085,4493,4481,987,5468,59
2022-09-26,Kern,029,883053,219520,218413,63813,282226,2408
2022-09-26,Kings,031,150075,59442,59288,4095,63383,456
2022-09-26,Lake,033,64148,12798,12731,1184,13915,146
2022-09-26,Lassen,035,31185,9974,9947,991,10938,65
2022-09-26,Los Angeles,037,10098052,3279823,3263510,180589,3444099,33258
2022-09-26,Madera,039,155013,44056,43910,8246,52156,374
2022-09-26,Marin,041,260295,45148,44823,5256,50079,310
2022-09-26,Mariposa,043,17540,3100,3074,343,3417,31
2022-09-26,Mendocino,045,87422,16018,15911,4471,20382,136
2022-09-26,Merced,047,269075,72742,71875,11877,83752,862
2022-09-26,Modoc,049,8938,875,872,323,1195,11
2022-09-26,Mono,051,14174,3205,3198,255,3453,7
2022-09-26,Monterey,053,433212,94162,93829,20998,114827,766
2022-09-26,Napa,055,140530,32169,32094,1403,33497,160
2022-09-26,Nevada,057,99092,18985,18861,1826,20687,132
2022-09-26,Orange,059,3164182,668198,664263,63355,727618,7425
2022-09-26,Placer,061,380077,75820,75381,9570,84951,660
2022-09-26,Plumas,063,18699,3663,3632,432,4064,13
2022-09-26,Riverside,065,2383286,695520,693038,35185,728223,6610
2022-09-26,Sacramento,067,1510023,346719,344748,34350,379098,3282
2022-09-26,San Benito,069,59416,16306,16114,965,17079,106
2022-09-26,San Bernardino,071,2135413,671282,667124,30713,697837,8097
2022-09-26,San Diego,073,3302833,922901,920118,71707,991825,5487
2022-09-26,San Francisco,075,870044,179007,176887,12064,188951,1031
2022-09-26,San Joaquin,077,732212,197729,196573,14920,211493,2306
2022-09-26,San Luis Obispo,079,281455,63251,62950,7113,70063,522
2022-09-26,San Mateo,081,765935,168876,167123,10408,177531,736
2022-09-26,Santa Barbara,083,443738,105695,105185,6850,112035,720
2022-09-26,Santa Clara,085,1922200,436174,429334,18846,448180,2486
2022-09-26,Santa Cruz,087,273765,63024,62704,3455,66159,274
2022-09-26,Shasta,089,179085,34956,34762,7436,42198,592
2022-09-26,Sierra,091,2930,304,303,60,363,5
2022-09-26,Siskiyou,093,43540,5142,5243,3301,8544,90
2022-09-26,Solano,095,438530,105264,104383,7885,112268,463
2022-09-26,Sonoma,097,501317,106829,106322,5266,111588,519
2022-09-26,Stanislaus,099,539301,137842,137340,21591,158931,1752
2022-09-26,Sutter,101,95872,24263,24198,2456,26654,232
2022-09-26,Tehama,103,63373,13631,13528,3071,16599,210
2022-09-26,Trinity,105,12862,1398,1390,388,1778,20
2022-09-26,Tulare,107,460477,121919,121446,36287,157733,1530
2022-09-26,Tuolumne,109,53932,15583,15469,923,16392,196
2022-09-26,Ventura,111,848112,208535,207684,15692,223376,1566
2022-09-26,Yolo,113,214977,47375,47147,4301,51448,335
2022-09-26,Yuba,115,75493,18881,18834,1712,20546,129
2022-09-25,Alameda,001,1643700,347367,345351,19523,364874,2012
2022-09-25,Alpine,002,1148,134,134,1,135,0
2022-09-25,Amador,005,37829,9986,9954,923,10877,90
2022-09-25,Butte,007,227075,39490,39282,9107,48389,453
2022-09-25,Calaveras,009,45235,8499,8475,550,9025,133
2022-09-25,Colusa,011,21464,3795,3775,1272,5047,22
2022-09-25,Contra Costa,013,1133247,251205,248053,20714,268767,1424
2022-09-25,Del Norte,015,27424,7439,7403,398,7801,57
2022-09-25,El Dorado,017,186661,32234,32159,4252,36411,231
2022-09-25,Fresno,019,978130,278294,273381,31666,305047,2850
2022-09-25,Glenn,021,27897,5524,5494,1864,7358,48
2022-09-25,Humboldt,023,135768,21815,21641,4984,26625,156
2022-09-25,Imperial,025,180216,65480,65297,15789,81086,957
2022-09-25,Inyo,027,18085,4490,4481,986,5467,59
2022-09-25,Kern,029,883053,219456,218413,63740,282153,2408
2022-09-25,Kings,031,150075,59423,59288,4094,63382,456
2022-09-25,Lake,033,64148,12793,12731,1182,13913,146
2022-09-25,Lassen,035,31185,9973,9947,991,10938,65
2022-09-25,Los Angeles,037,10098052,3278352,3263510,180397,3443907,33258
2022-09-25,Madera,039,155013,44042,43910,8241,52151,374
2022-09-25,Marin,041,260295,45107,44823,5256,50079,310
2022-09-25,Mariposa,043,17540,3100,3074,343,3417,31
2022-09-25,Mendocino,045,87422,16008,15911,4464,20375,136
2022-09-25,Merced,047,269075,72718,71875,11870,83745,862
2022-09-25,Modoc,049,8938,875,872,323,1195,11
2022-09-25,Mono,051,14174,3205,3198,253,3451,7
2022-09-25,Monterey,053,433212,94138,93829,20987,114816,766
2022-09-25,Napa,055,140530,32151,32094,1402,33496,160
2022-09-25,Nevada,057,99092,18972,18861,1826,20687,132
2022-09-25,Orange,059,3164182,667888,664263,63290,727553,7425
2022-09-25,Placer,061,380077,75774,75381,9557,84938,660
2022-09-25,Plumas,063,18699,3657,3632,432,4064,13
2022-09-25,Riverside,065,2383286,695298,693038,35168,728206,6610
2022-09-25,Sacramento,067,1510023,346559,344748,34315,379063,3282
2022-09-25,San Benito,069,59416,16294,16114,965,17079,106
2022-09-25,San Bernardino,071,2135413,671040,667124,30692,697816,8097
2022-09-25,San Diego,073,3302833,922451,920118,71667,991785,5487
2022-09-25,San Francisco,075,870044,178879,176887,12060,188947,1031
2022-09-25,San Joaquin,077,732212,197642,196573,14903,211476,2306
2022-09-25,San Luis Obispo,079,281455,63217,62950,7105,70055,522
2022-09-25,San Mateo,081,765935,168744,167123,10402,177525,736
2022-09-25,Santa Barbara,083,443738,105641,105185,6849,112034,720
2022-09-25,Santa Clara,085,1922200,435925,429334,18831,448165,2486
2022-09-25,Santa Cruz,087,273765,62975,62704,3447,66151,274
2022-09-25,Shasta,089,179085,34943,34762,7427,42189,592
2022-09-25,Sierra,091,2930,304,303,60,363,5
2022-09-25,Siskiyou,093,43540,5140,5243,3300,8543,90
2022-09-25,Solano,095,438530,105198,104383,7881,112264,463
2022-09-25,Sonoma,097,501317,106773,106322,5263,111585,519
2022-09-25,Stanislaus,099,539301,137790,137340,21588,158928,1752
2022-09-25,Sutter,101,95872,24247,24198,2456,26654,232
2022-09-25,Tehama,103,63373,13623,13528,3071,16599,210
2022-09-25,Trinity,105,12862,1398,1390,388,1778,20
2022-09-25,Tulare,107,460477,121888,121446,36265,157711,1530
2022-09-25,Tuolumne,109,53932,15577,15469,922,16391,196
2022-09-25,Ventura,111,848112,208431,207684,15680,223364,1566
2022-09-25,Yolo,113,214977,47348,47147,4296,51443,335
2022-09-25,Yuba,115,75493,18877,18834,1711,20545,129
2022-09-24,Alameda,001,1643700,347253,345351,19518,364869,2012
2022-09-24,Alpine,002,1148,134,134,1,135,0
2022-09-24,Amador,005,37829,9984,9954,922,10876,90
2022-09-24,Butte,007,227075,39483,39282,9105,48387,453
2022-09-24,Calaveras,009,45235,8496,8475,550,9025,133
2022-09-24,Colusa,011,21464,3794,3775,1271,5046,22
2022-09-24,Contra Costa,013,1133247,251118,248053,20710,268763,1424
2022-09-24,Del Norte,015,27424,7436,7403,398,7801,57
2022-09-24,El Dorado,017,186661,32222,32159,4248,36407,231
2022-09-24,Fresno,019,978130,278255,273381,31660,305041,2850
2022-09-24,Glenn,021,27897,5523,5494,1864,7358,48
2022-09-24,Humboldt,023,135768,21801,21641,4983,26624,156
2022-09-24,Imperial,025,180216,65465,65297,15783,81080,957
2022-09-24,Inyo,027,18085,4490,4481,986,5467,59
2022-09-24,Kern,029,883053,219424,218413,63703,282116,2408
2022-09-24,Kings,031,150075,59411,59288,4094,63382,456
2022-09-24,Lake,033,64148,12791,12731,1181,13912,146
2022-09-24,Lassen,035,31185,9972,9947,991,10938,65
2022-09-24,Los Angeles,037,10098052,3277625,3263510,180253,3443763,33258
2022-09-24,Madera,039,155013,44039,43910,8238,52148,374
2022-09-24,Marin,041,260295,45092,44823,5256,50079,310
2022-09-24,Mariposa,043,17540,3098,3074,343,3417,31
2022-09-24,Mendocino,045,87422,16004,15911,4463,20374,136
2022-09-24,Merced,047,269075,72705,71875,11870,83745,862
2022-09-24,Modoc,049,8938,875,872,322,1194,11
2022-09-24,Mono,051,14174,3205,3198,253,3451,7
2022-09-24,Monterey,053,433212,94128,93829,20982,114811,766
2022-09-24,Napa,055,140530,32142,32094,1401,33495,160
2022-09-24,Nevada,057,99092,18967,18861,1823,20684,132
2022-09-24,Orange,059,3164182,667720,664263,63232,727495,7425
2022-09-24,Placer,061,380077,75750,75381,9551,84932,660
2022-09-24,Plumas,063,18699,3654,3632,432,4064,13
2022-09-24,Riverside,065,2383286,695170,693038,35159,728197,6610
2022-09-24,Sacramento,067,1510023,346485,344748,34307,379055,3282
2022-09-24,San Benito,069,59416,16286,16114,965,17079,106
2022-09-24,San Bernardino,071,2135413,670922,667124,30685,697809,8097
2022-09-24,San Diego,073,3302833,922245,920118,71653,991771,5487
2022-09-24,San Francisco,075,870044,178801,176887,12054,188941,1031
2022-09-24,San Joaquin,077,732212,197616,196573,14896,211469,2306
2022-09-24,San Luis Obispo,079,281455,63205,62950,7104,70054,522
2022-09-24,San Mateo,081,765935,168665,167123,10398,177521,736
2022-09-24,Santa Barbara,083,443738,105617,105185,6849,112034,720
2022-09-24,Santa Clara,085,1922200,435763,429334,18821,448155,2486
2022-09-24,Santa Cruz,087,273765,62958,62704,3444,66148,274
2022-09-24,Shasta,089,179085,34938,34762,7425,42187,592
2022-09-24,Sierra,091,2930,304,303,60,363,5
2022-09-24,Siskiyou,093,43540,5137,5243,3300,8543,90
2022-09-24,Solano,095,438530,105179,104383,7880,112263,463
2022-09-24,Sonoma,097,501317,106745,106322,5260,111582,519
2022-09-24,Stanislaus,099,539301,137763,137340,21582,158922,1752
2022-09-24,Sutter,101,95872,24240,24198,2456,26654,232
2022-09-24,Tehama,103,63373,13618,13528,3070,16598,210
2022-09-24,Trinity,105,12862,1398,1390,388,1778,20
2022-09-24,Tulare,107,460477,121869,121446,36248,157694,1530
2022-09-24,Tuolumne,109,53932,15569,15469,922,16391,196
2022-09-24,Ventura,111,848112,208384,207684,15673,223357,1566
2022-09-24,Yolo,113,214977,47333,47147,4294,51441,335
2022-09-24,Yuba,115,75493,18872,18834,1710,20544,129
2022-09-23,Alameda,001,1643700,347111,345351,19509,364860,2012
2022-09-23,Alpine,002,1148,134,134,1,135,0
2022-09-23,Amador,005,37829,9980,9954,922,10876,90
2022-09-23,Butte,007,227075,39475,39282,9102,48384,453
2022-09-23,Calaveras,009,45235,8495,8475,550,9025,133
2022-09-23,Colusa,011,21464,3794,3775,1271,5046,22
2022-09-23,Contra Costa,013,1133247,251036,248053,20706,268759,1424
2022-09-23,Del Norte,015,27424,7433,7403,398,7801,57
2022-09-23,El Dorado,017,186661,32208,32159,4246,36405,231
2022-09-23,Fresno,019,978130,278208,273381,31651,305032,2850
2022-09-23,Glenn,021,27897,5521,5494,1863,7357,48
2022-09-23,Humboldt,023,135768,21784,21641,4976,26617,156
2022-09-23,Imperial,025,180216,65455,65297,15776,81073,957
2022-09-23,Inyo,027,18085,4490,4481,982,5463,59
2022-09-23,Kern,029,883053,219383,218413,63679,282092,2408
2022-09-23,Kings,031,150075,59403,59288,4094,63382,456
2022-09-23,Lake,033,64148,12791,12731,1181,13912,146
2022-09-23,Lassen,035,31185,9970,9947,991,10938,65
2022-09-23,Los Angeles,037,10098052,3276857,3263510,180172,3443682,33258
2022-09-23,Madera,039,155013,44029,43910,8238,52148,374
2022-09-23,Marin,041,260295,45069,44823,5254,50077,310
2022-09-23,Mariposa,043,17540,3097,3074,343,3417,31
2022-09-23,Mendocino,045,87422,16002,15911,4463,20374,136
2022-09-23,Merced,047,269075,72694,71875,11869,83744,862
2022-09-23,Modoc,049,8938,875,872,322,1194,11
2022-09-23,Mono,051,14174,3205,3198,253,3451,7
2022-09-23,Monterey,053,433212,94120,93829,20972,114801,766
2022-09-23,Napa,055,140530,32133,32094,1401,33495,160
2022-09-23,Nevada,057,99092,18963,18861,1822,20683,132
2022-09-23,Orange,059,3164182,667544,664263,63201,727464,7425
2022-09-23,Placer,061,380077,75728,75381,9545,84926,660
2022-09-23,Plumas,063,18699,3651,3632,432,4064,13
2022-09-23,Riverside,065,2383286,695037,693038,35149,728187,6610
2022-09-23,Sacramento,067,1510023,346411,344748,34303,379051,3282
2022-09-23,San Benito,069,59416,16286,16114,965,17079,106
2022-09-23,San Bernardino,071,2135413,670789,667124,30678,697802,8097
2022-09-23,San Diego,073,3302833,921999,920118,71620,991738,5487
2022-09-23,San Francisco,075,870044,178725,176887,12049,188936,1031
2022-09-23,San Joaquin,077,732212,197578,196573,14885,211458,2306
2022-09-23,San Luis Obispo,079,281455,63195,62950,7103,70053,522
2022-09-23,San Mateo,081,765935,168589,167123,10396,177519,736
2022-09-23,Santa Barbara,083,443738,105590,105185,6848,112033,720
2022-09-23,Santa Clara,085,1922200,435593,429334,18811,448145,2486
2022-09-23,Santa Cruz,087,273765,62942,62704,3442,66146,274
2022-09-23,Shasta,089,179085,34933,34762,7420,42182,592
2022-09-23,Sierra,091,2930,304,303,60,363,5
2022-09-23,Siskiyou,093,43540,5135,5243,3300,8543,90
2022-09-23,Solano,095,438530,105150,104383,7877,112260,463
2022-09-23,Sonoma,097,501317,106718,106322,5259,111581,519
2022-09-23,Stanislaus,099,539301,137738,137340,21578,158918,1752
2022-09-23,Sutter,101,95872,24232,24198,2456,26654,232
2022-09-23,Tehama,103,63373,13614,13528,3068,16596,210
2022-09-23,Trinity,105,12862,1397,1390,388,1778,20
2022-09-23,Tulare,107,460477,121849,121446,36230,157676,1530
2022-09-23,Tuolumne,109,53932,15563,15469,922,16391,196
2022-09-23,Ventura,111,848112,208322,207684,15667,223351,1566
2022-09-23,Yolo,113,214977,47315,47147,4294,51441,335
2022-09-23,Yuba,115,75493,18870,18834,1710,20544,129
2022-09-22,Alameda,001,1643700,346941,345351,19506,364857,2012
2022-09-22,Alpine,002,1148,134,134,1,135,0
2022-09-22,Amador,005,37829,9976,9954,922,10876,90
2022-09-22,Butte,007,227075,39463,39282,9098,48380,453
2022-09-22,Calaveras,009,45235,8493,8475,544,9019,133
2022-09-22,Colusa,011,21464,3792,3775,1271,5046,22
2022-09-22,Contra Costa,013,1133247,250920,248053,20692,268745,1424
2022-09-22,Del Norte,015,27424,7432,7403,398,7801,57
2022-09-22,El Dorado,017,186661,32197,32159,4243,36402,231
2022-09-22,Fresno,019,978130,278124,273381,31635,305016,2850
2022-09-22,Glenn,021,27897,5520,5494,1863,7357,48
2022-09-22,Humboldt,023,135768,21770,21641,4974,26615,156
2022-09-22,Imperial,025,180216,65442,65297,15763,81060,957
2022-09-22,Inyo,027,18085,4490,4481,980,5461,59
2022-09-22,Kern,029,883053,219336,218413,63631,282044,2408
2022-09-22,Kings,031,150075,59388,59288,4094,63382,456
2022-09-22,Lake,033,64148,12788,12731,1181,13912,146
2022-09-22,Lassen,035,31185,9969,9947,991,10938,65
2022-09-22,Los Angeles,037,10098052,3275811,3263510,180023,3443533,33258
2022-09-22,Madera,039,155013,44022,43910,8238,52148,374
2022-09-22,Marin,041,260295,45054,44823,5252,50075,310
2022-09-22,Mariposa,043,17540,3096,3074,343,3417,31
2022-09-22,Mendocino,045,87422,15997,15911,4463,20374,136
2022-09-22,Merced,047,269075,72673,71875,11867,83742,862
2022-09-22,Modoc,049,8938,875,872,322,1194,11
2022-09-22,Mono,051,14174,3204,3198,252,3450,7
2022-09-22,Monterey,053,433212,94101,93829,20963,114792,766
2022-09-22,Napa,055,140530,32115,32094,1400,33494,160
2022-09-22,Nevada,057,99092,18957,18861,1821,20682,132
2022-09-22,Orange,059,3164182,667317,664263,63152,727415,7425
2022-09-22,Placer,061,380077,75696,75381,9539,84920,660
2022-09-22,Plumas,063,18699,3648,3632,432,4064,13
2022-09-22,Riverside,065,2383286,694856,693038,35141,728179,6610
2022-09-22,Sacramento,067,1510023,346250,344748,34284,379032,3282
2022-09-22,San Benito,069,59416,16286,16114,964,17078,106
2022-09-22,San Bernardino,071,2135413,670639,667124,30664,697788,8097
2022-09-22,San Diego,073,3302833,921636,920118,71580,991698,5487
2022-09-22,San Francisco,075,870044,178619,176887,12043,188930,1031
2022-09-22,San Joaquin,077,732212,197530,196573,14876,211449,2306
2022-09-22,San Luis Obispo,079,281455,63177,62950,7101,70051,522
2022-09-22,San Mateo,081,765935,168520,167123,10394,177517,736
2022-09-22,Santa Barbara,083,443738,105560,105185,6845,112030,720
2022-09-22,Santa Clara,085,1922200,435410,429334,18801,448135,2486
2022-09-22,Santa Cruz,087,273765,62898,62704,3431,66135,274
2022-09-22,Shasta,089,179085,34918,34762,7414,42176,592
2022-09-22,Sierra,091,2930,304,303,60,363,5
2022-09-22,Siskiyou,093,43540,5134,5243,3299,8542,90
2022-09-22,Solano,095,438530,105090,104383,7872,112255,463
2022-09-22,Sonoma,097,501317,106682,106322,5258,111580,519
2022-09-22,Stanislaus,099,539301,137705,137340,21575,158915,1752
2022-09-22,Sutter,101,95872,24221,24198,2456,26654,232
2022-09-22,Tehama,103,63373,13608,13528,3066,16594,210
2022-09-22,Trinity,105,12862,1395,1390,388,1778,20
2022-09-22,Tulare,107,460477,121831,121446,36214,157660,1530
2022-09-22,Tuolumne,109,53932,15556,15469,921,16390,196
2022-09-22,Ventura,111,848112,208236,207684,15660,223344,1566
2022-09-22,Yolo,113,214977,47301,47147,4288,51435,335
2022-09-22,Yuba,115,75493,18862,18834,1707,20541,129
2022-09-21,Alameda,001,1643700,346771,345351,19495,364846,2012
2022-09-21,Alpine,002,1148,134,134,1,135,0
2022-09-21,Amador,005,37829,9975,9954,922,10876,90
2022-09-21,Butte,007,227075,39450,39282,9089,48371,453
2022-09-21,Calaveras,009,45235,8490,8475,543,9018,133
2022-09-21,Colusa,011,21464,3792,3775,1271,5046,22
2022-09-21,Contra Costa,013,1133247,250802,248053,20683,268736,1424
2022-09-21,Del Norte,015,27424,7430,7403,398,7801,57
2022-09-21,El Dorado,017,186661,32185,32159,4240,36399,231
2022-09-21,Fresno,019,978130,278047,273381,31623,305004,2850
2022-09-21,Glenn,021,27897,5519,5494,1862,7356,48
2022-09-21,Humboldt,023,135768,21753,21641,4972,26613,156
2022-09-21,Imperial,025,180216,65426,65297,15753,81050,957
2022-09-21,Inyo,027,18085,4490,4481,977,5458,59
2022-09-21,Kern,029,883053,219282,218413,63585,281998,2408
2022-09-21,Kings,031,150075,59372,59288,4094,63382,456
2022-09-21,Lake,033,64148,12781,12731,1180,13911,146
2022-09-21,Lassen,035,31185,9969,9947,991,10938,65
2022-09-21,Los Angeles,037,10098052,3274644,3263510,179857,3443367,33258
2022-09-21,Madera,039,155013,44007,43910,8238,52148,374
2022-09-21,Marin,041,260295,45030,44823,5252,50075,310
2022-09-21,Mariposa,043,17540,3096,3074,343,3417,31
2022-09-21,Mendocino,045,87422,15989,15911,4462,20373,136
2022-09-21,Merced,047,269075,72656,71875,11867,83742,862
2022-09-21,Modoc,049,8938,875,872,322,1194,11
2022-09-21,Mono,051,14174,3204,3198,252,3450,7
2022-09-21,Monterey,053,433212,94080,93829,20954,114783,766
2022-09-21,Napa,055,140530,32108,32094,1400,33494,160
2022-09-21,Nevada,057,99092,18947,18861,1821,20682,132
2022-09-21,Orange,059,3164182,667056,664263,63104,727367,7425
2022-09-21,Placer,061,380077,75662,75381,9535,84916,660
2022-09-21,Plumas,063,18699,3646,3632,432,4064,13
2022-09-21,Riverside,065,2383286,694671,693038,35123,728161,6610
2022-09-21,Sacramento,067,1510023,346094,344748,34268,379016,3282
2022-09-21,San Benito,069,59416,16273,16114,962,17076,106
2022-09-21,San Bernardino,071,2135413,670485,667124,30658,697782,8097
2022-09-21,San Diego,073,3302833,921256,920118,71533,991651,5487
2022-09-21,San Francisco,075,870044,178522,176887,12034,188921,1031
2022-09-21,San Joaquin,077,732212,197475,196573,14870,211443,2306
2022-09-21,San Luis Obispo,079,281455,63159,62950,7094,70044,522
2022-09-21,San Mateo,081,765935,168443,167123,10393,177516,736
2022-09-21,Santa Barbara,083,443738,105514,105185,6843,112028,720
2022-09-21,Santa Clara,085,1922200,435218,429334,18794,448128,2486
2022-09-21,Santa Cruz,087,273765,62851,62704,3427,66131,274
2022-09-21,Shasta,089,179085,34911,34762,7409,42171,592
2022-09-21,Sierra,091,2930,303,303,60,363,5
2022-09-21,Siskiyou,093,43540,5131,5243,3298,8541,90
2022-09-21,Solano,095,438530,105046,104383,7869,112252,463
2022-09-21,Sonoma,097,501317,106648,106322,5252,111574,519
2022-09-21,Stanislaus,099,539301,137671,137340,21565,158905,1752
2022-09-21,Sutter,101,95872,24212,24198,2456,26654,232
2022-09-21,Tehama,103,63373,13602,13528,3066,16594,210
2022-09-21,Trinity,105,12862,1395,1390,388,1778,20
2022-09-21,Tulare,107,460477,121802,121446,36197,157643,1530
2022-09-21,Tuolumne,109,53932,15551,15469,918,16387,196
2022-09-21,Ventura,111,848112,208160,207684,15653,223337,1566
2022-09-21,Yolo,113,214977,47281,47147,4282,51429,335
2022-09-21,Yuba,115,75493,18854,18834,1707,20541,129
2022-09-20,Alameda,001,1643700,346612,345351,19484,364835,2012
2022-09-20,Alpine,002,1148,134,134,1,135,0
2022-09-20,Amador,005,37829,9967,9954,922,10876,90
2022-09-20,Butte,007,227075,39435,39282,9079,48361,453
2022-09-20,Calaveras,009,45235,8488,8475,543,9018,133
2022-09-20,Colusa,011,21464,3792,3775,1271,5046,22
2022-09-20,Contra Costa,013,1133247,250676,248053,20670,268723,1424
2022-09-20,Del Norte,015,27424,7425,7403,398,7801,57
2022-09-20,El Dorado,017,186661,32171,32159,4236,36395,231
2022-09-20,Fresno,019,978130,277970,273381,31610,304991,2850
2022-09-20,Glenn,021,27897,5518,5494,1861,7355,48
2022-09-20,Humboldt,023,135768,21740,21641,4969,26610,156
2022-09-20,Imperial,025,180216,65404,65297,15742,81039,957
2022-09-20,Inyo,027,18085,4489,4481,974,5455,59
2022-09-20,Kern,029,883053,219226,218413,63543,281956,2408
2022-09-20,Kings,031,150075,59349,59288,4093,63381,456
2022-09-20,Lake,033,64148,12778,12731,1180,13911,146
2022-09-20,Lassen,035,31185,9966,9947,991,10938,65
2022-09-20,Los Angeles,037,10098052,3273481,3263510,179712,3443222,33258
2022-09-20,Madera,039,155013,43998,43910,8233,52143,374
2022-09-20,Marin,041,260295,45005,44823,5247,50070,310
2022-09-20,Mariposa,043,17540,3096,3074,343,3417,31
2022-09-20,Mendocino,045,87422,15984,15911,4460,20371,136
2022-09-20,Merced,047,269075,72630,71875,11865,83740,862
2022-09-20,Modoc,049,8938,875,872,322,1194,11
2022-09-20,Mono,051,14174,3204,3198,252,3450,7
2022-09-20,Monterey,053,433212,94061,93829,20945,114774,766
2022-09-20,Napa,055,140530,32099,32094,1399,33493,160
2022-09-20,Nevada,057,99092,18942,18861,1821,20682,132
2022-09-20,Orange,059,3164182,666770,664263,63058,727321,7425
2022-09-20,Placer,061,380077,75633,75381,9530,84911,660
2022-09-20,Plumas,063,18699,3644,3632,432,4064,13
2022-09-20,Riverside,065,2383286,694468,693038,35095,728133,6610
2022-09-20,Sacramento,067,1510023,345939,344748,34245,378993,3282
2022-09-20,San Benito,069,59416,16266,16114,962,17076,106
2022-09-20,San Bernardino,071,2135413,670270,667124,30646,697770,8097
2022-09-20,San Diego,073,3302833,920845,920118,71477,991595,5487
2022-09-20,San Francisco,075,870044,178421,176887,12028,188915,1031
2022-09-20,San Joaquin,077,732212,197414,196573,14865,211438,2306
2022-09-20,San Luis Obispo,079,281455,63142,62950,7086,70036,522
2022-09-20,San Mateo,081,765935,168359,167123,10389,177512,736
2022-09-20,Santa Barbara,083,443738,105478,105185,6838,112023,720
2022-09-20,Santa Clara,085,1922200,435010,429334,18783,448117,2486
2022-09-20,Santa Cruz,087,273765,62829,62704,3422,66126,274
2022-09-20,Shasta,089,179085,34900,34762,7405,42167,592
2022-09-20,Sierra,091,2930,303,303,60,363,5
2022-09-20,Siskiyou,093,43540,5127,5243,3298,8541,90
2022-09-20,Solano,095,438530,105000,104383,7862,112245,463
2022-09-20,Sonoma,097,501317,106595,106322,5251,111573,519
2022-09-20,Stanislaus,099,539301,137627,137340,21560,158900,1752
2022-09-20,Sutter,101,95872,24208,24198,2456,26654,232
2022-09-20,Tehama,103,63373,13600,13528,3066,16594,210
2022-09-20,Trinity,105,12862,1395,1390,388,1778,20
2022-09-20,Tulare,107,460477,121780,121446,36175,157621,1530
2022-09-20,Tuolumne,109,53932,15545,15469,917,16386,196
2022-09-20,Ventura,111,848112,208077,207684,15648,223332,1566
2022-09-20,Yolo,113,214977,47260,47147,4278,51425,335
2022-09-20,Yuba,115,75493,18850,18834,1707,20541,129
2022-09-19,Alameda,001,1643700,346438,344045,19470,363515,2007
2022-09-19,Alpine,002,1148,134,134,1,135,0
2022-09-19,Amador,005,37829,9963,9908,922,10830,90
2022-09-19,Butte,007,227075,39422,39155,9071,48226,453
2022-09-19,Calaveras,009,45235,8483,8455,542,8997,133
2022-09-19,Colusa,011,21464,3790,3765,1271,5036,22
2022-09-19,Contra Costa,013,1133247,250581,247095,20646,267741,1423
2022-09-19,Del Norte,015,27424,7422,7381,398,7779,56
2022-09-19,El Dorado,017,186661,32162,32088,4232,36320,231
2022-09-19,Fresno,019,978130,277883,272774,31602,304376,2839
2022-09-19,Glenn,021,27897,5517,5481,1860,7341,48
2022-09-19,Humboldt,023,135768,21727,21561,4964,26525,155
2022-09-19,Imperial,025,180216,65385,65099,15728,80827,956
2022-09-19,Inyo,027,18085,4488,4472,972,5444,59
2022-09-19,Kern,029,883053,219163,217694,63484,281178,2405
2022-09-19,Kings,031,150075,59335,59122,4093,63215,456
2022-09-19,Lake,033,64148,12772,12696,1180,13876,144
2022-09-19,Lassen,035,31185,9961,9938,991,10929,65
2022-09-19,Los Angeles,037,10098052,3272098,3253906,179530,3433436,33160
2022-09-19,Madera,039,155013,43972,43782,8228,52010,373
2022-09-19,Marin,041,260295,44975,44702,5243,49945,309
2022-09-19,Mariposa,043,17540,3096,3064,343,3407,31
2022-09-19,Mendocino,045,87422,15977,15872,4458,20330,136
2022-09-19,Merced,047,269075,72615,71732,11858,83590,862
2022-09-19,Modoc,049,8938,875,872,322,1194,11
2022-09-19,Mono,051,14174,3204,3191,252,3443,7
2022-09-19,Monterey,053,433212,94027,93692,20932,114624,762
2022-09-19,Napa,055,140530,32084,31979,1398,33377,160
2022-09-19,Nevada,057,99092,18936,18824,1819,20643,132
2022-09-19,Orange,059,3164182,666478,662784,63004,725788,7398
2022-09-19,Placer,061,380077,75611,75159,9528,84687,660
2022-09-19,Plumas,063,18699,3642,3609,432,4041,13
2022-09-19,Riverside,065,2383286,694231,691630,35082,726712,6608
2022-09-19,Sacramento,067,1510023,345789,343926,34226,378152,3267
2022-09-19,San Benito,069,59416,16256,16057,962,17019,106
2022-09-19,San Bernardino,071,2135413,670043,664360,30631,694991,8074
2022-09-19,San Diego,073,3302833,920417,917229,71390,988619,5479
2022-09-19,San Francisco,075,870044,178329,176724,12020,188744,1025
2022-09-19,San Joaquin,077,732212,197321,196128,14858,210986,2304
2022-09-19,San Luis Obispo,079,281455,63120,62716,7080,69796,520
2022-09-19,San Mateo,081,765935,168258,166572,10383,176955,735
2022-09-19,Santa Barbara,083,443738,105436,104912,6833,111745,718
2022-09-19,Santa Clara,085,1922200,434773,428065,18771,446836,2473
2022-09-19,Santa Cruz,087,273765,62799,62480,3416,65896,274
2022-09-19,Shasta,089,179085,34881,34648,7398,42046,591
2022-09-19,Sierra,091,2930,303,303,60,363,5
2022-09-19,Siskiyou,093,43540,5124,5226,3296,8522,90
2022-09-19,Solano,095,438530,104955,104085,7859,111944,462
2022-09-19,Sonoma,097,501317,106538,106028,5251,111279,518
2022-09-19,Stanislaus,099,539301,137581,136981,21549,158530,1727
2022-09-19,Sutter,101,95872,24194,24119,2456,26575,232
2022-09-19,Tehama,103,63373,13595,13503,3065,16568,210
2022-09-19,Trinity,105,12862,1395,1385,388,1773,20
2022-09-19,Tulare,107,460477,121751,121230,36156,157386,1531
2022-09-19,Tuolumne,109,53932,15539,15411,917,16328,196
2022-09-19,Ventura,111,848112,207978,207049,15645,222694,1563
2022-09-19,Yolo,113,214977,47245,47085,4276,51361,334
2022-09-19,Yuba,115,75493,18840,18764,1700,20464,129
2022-09-18,Alameda,001,1643700,346231,344045,19457,363502,2007
2022-09-18,Alpine,002,1148,134,134,1,135,0
2022-09-18,Amador,005,37829,9957,9908,922,10830,90
2022-09-18,Butte,007,227075,39404,39155,9060,48215,453
2022-09-18,Calaveras,009,45235,8477,8455,539,8994,133
2022-09-18,Colusa,011,21464,3789,3765,1271,5036,22
2022-09-18,Contra Costa,013,1133247,250429,247095,20635,267730,1423
2022-09-18,Del Norte,015,27424,7416,7381,398,7779,56
2022-09-18,El Dorado,017,186661,32148,32088,4229,36317,231
2022-09-18,Fresno,019,978130,277785,272774,31577,304351,2839
2022-09-18,Glenn,021,27897,5512,5481,1860,7341,48
2022-09-18,Humboldt,023,135768,21713,21561,4956,26517,155
2022-09-18,Imperial,025,180216,65366,65099,15706,80805,956
2022-09-18,Inyo,027,18085,4486,4472,971,5443,59
2022-09-18,Kern,029,883053,219088,217694,63411,281105,2405
2022-09-18,Kings,031,150075,59317,59122,4089,63211,456
2022-09-18,Lake,033,64148,12766,12696,1177,13873,144
2022-09-18,Lassen,035,31185,9957,9938,991,10929,65
2022-09-18,Los Angeles,037,10098052,3270549,3253906,179363,3433269,33160
2022-09-18,Madera,039,155013,43948,43782,8225,52007,373
2022-09-18,Marin,041,260295,44952,44702,5239,49941,309
2022-09-18,Mariposa,043,17540,3095,3064,343,3407,31
2022-09-18,Mendocino,045,87422,15973,15872,4453,20325,136
2022-09-18,Merced,047,269075,72587,71732,11851,83583,862
2022-09-18,Modoc,049,8938,874,872,322,1194,11
2022-09-18,Mono,051,14174,3204,3191,251,3442,7
2022-09-18,Monterey,053,433212,93998,93692,20916,114608,762
2022-09-18,Napa,055,140530,32068,31979,1398,33377,160
2022-09-18,Nevada,057,99092,18923,18824,1818,20642,132
2022-09-18,Orange,059,3164182,666185,662784,62923,725707,7398
2022-09-18,Placer,061,380077,75574,75159,9519,84678,660
2022-09-18,Plumas,063,18699,3636,3609,432,4041,13
2022-09-18,Riverside,065,2383286,693993,691630,35055,726685,6608
2022-09-18,Sacramento,067,1510023,345601,343926,34196,378122,3267
2022-09-18,San Benito,069,59416,16250,16057,959,17016,106
2022-09-18,San Bernardino,071,2135413,669798,664360,30615,694975,8074
2022-09-18,San Diego,073,3302833,919938,917229,71339,988568,5479
2022-09-18,San Francisco,075,870044,178187,176724,12016,188740,1025
2022-09-18,San Joaquin,077,732212,197241,196128,14852,210980,2304
2022-09-18,San Luis Obispo,079,281455,63100,62716,7071,69787,520
2022-09-18,San Mateo,081,765935,168149,166572,10378,176950,735
2022-09-18,Santa Barbara,083,443738,105390,104912,6829,111741,718
2022-09-18,Santa Clara,085,1922200,434522,428065,18751,446816,2473
2022-09-18,Santa Cruz,087,273765,62769,62480,3411,65891,274
2022-09-18,Shasta,089,179085,34862,34648,7385,42033,591
2022-09-18,Sierra,091,2930,303,303,60,363,5
2022-09-18,Siskiyou,093,43540,5121,5226,3294,8520,90
2022-09-18,Solano,095,438530,104900,104085,7848,111933,462
2022-09-18,Sonoma,097,501317,106482,106028,5248,111276,518
2022-09-18,Stanislaus,099,539301,137528,136981,21537,158518,1727
2022-09-18,Sutter,101,95872,24181,24119,2456,26575,232
2022-09-18,Tehama,103,63373,13585,13503,3063,16566,210
2022-09-18,Trinity,105,12862,1395,1385,384,1769,20
2022-09-18,Tulare,107,460477,121701,121230,36126,157356,1531
2022-09-18,Tuolumne,109,53932,15529,15411,916,16327,196
2022-09-18,Ventura,111,848112,207867,207049,15632,222681,1563
2022-09-18,Yolo,113,214977,47232,47085,4273,51358,334
2022-09-18,Yuba,115,75493,18830,18764,1700,20464,129
2022-09-17,Alameda,001,1643700,346110,344045,19454,363499,2007
2022-09-17,Alpine,002,1148,134,134,1,135,0
2022-09-17,Amador,005,37829,9955,9908,922,10830,90
2022-09-17,Butte,007,227075,39393,39155,9055,48210,453
2022-09-17,Calaveras,009,45235,8473,8455,537,8992,133
2022-09-17,Colusa,011,21464,3785,3765,1271,5036,22
2022-09-17,Contra Costa,013,1133247,250344,247095,20632,267727,1423
2022-09-17,Del Norte,015,27424,7414,7381,398,7779,56
2022-09-17,El Dorado,017,186661,32142,32088,4229,36317,231
2022-09-17,Fresno,019,978130,277739,272774,31567,304341,2839
2022-09-17,Glenn,021,27897,5508,5481,1858,7339,48
2022-09-17,Humboldt,023,135768,21705,21561,4950,26511,155
2022-09-17,Imperial,025,180216,65345,65099,15698,80797,956
2022-09-17,Inyo,027,18085,4486,4472,969,5441,59
2022-09-17,Kern,029,883053,219051,217694,63368,281062,2405
2022-09-17,Kings,031,150075,59306,59122,4087,63209,456
2022-09-17,Lake,033,64148,12765,12696,1177,13873,144
2022-09-17,Lassen,035,31185,9957,9938,991,10929,65
2022-09-17,Los Angeles,037,10098052,3269716,3253906,179219,3433125,33160
2022-09-17,Madera,039,155013,43941,43782,8225,52007,373
2022-09-17,Marin,041,260295,44936,44702,5235,49937,309
2022-09-17,Mariposa,043,17540,3094,3064,343,3407,31
2022-09-17,Mendocino,045,87422,15971,15872,4453,20325,136
2022-09-17,Merced,047,269075,72573,71732,11847,83579,862
2022-09-17,Modoc,049,8938,874,872,322,1194,11
2022-09-17,Mono,051,14174,3204,3191,251,3442,7
2022-09-17,Monterey,053,433212,93985,93692,20907,114599,762
2022-09-17,Napa,055,140530,32062,31979,1397,33376,160
2022-09-17,Nevada,057,99092,18914,18824,1816,20640,132
2022-09-17,Orange,059,3164182,666000,662784,62886,725670,7398
2022-09-17,Placer,061,380077,75539,75159,9513,84672,660
2022-09-17,Plumas,063,18699,3634,3609,432,4041,13
2022-09-17,Riverside,065,2383286,693846,691630,35040,726670,6608
2022-09-17,Sacramento,067,1510023,345521,343926,34177,378103,3267
2022-09-17,San Benito,069,59416,16245,16057,958,17015,106
2022-09-17,San Bernardino,071,2135413,669664,664360,30605,694965,8074
2022-09-17,San Diego,073,3302833,919760,917229,71318,988547,5479
2022-09-17,San Francisco,075,870044,178125,176724,12012,188736,1025
2022-09-17,San Joaquin,077,732212,197216,196128,14849,210977,2304
2022-09-17,San Luis Obispo,079,281455,63089,62716,7071,69787,520
2022-09-17,San Mateo,081,765935,168082,166572,10371,176943,735
2022-09-17,Santa Barbara,083,443738,105360,104912,6828,111740,718
2022-09-17,Santa Clara,085,1922200,434375,428065,18746,446811,2473
2022-09-17,Santa Cruz,087,273765,62761,62480,3411,65891,274
2022-09-17,Shasta,089,179085,34851,34648,7380,42028,591
2022-09-17,Sierra,091,2930,303,303,60,363,5
2022-09-17,Siskiyou,093,43540,5120,5226,3293,8519,90
2022-09-17,Solano,095,438530,104889,104085,7845,111930,462
2022-09-17,Sonoma,097,501317,106446,106028,5247,111275,518
2022-09-17,Stanislaus,099,539301,137503,136981,21531,158512,1727
2022-09-17,Sutter,101,95872,24175,24119,2456,26575,232
2022-09-17,Tehama,103,63373,13583,13503,3062,16565,210
2022-09-17,Trinity,105,12862,1395,1385,384,1769,20
2022-09-17,Tulare,107,460477,121683,121230,36114,157344,1531
2022-09-17,Tuolumne,109,53932,15523,15411,916,16327,196
2022-09-17,Ventura,111,848112,207821,207049,15623,222672,1563
2022-09-17,Yolo,113,214977,47222,47085,4268,51353,334
2022-09-17,Yuba,115,75493,18827,18764,1700,20464,129
2022-09-16,Alameda,001,1643700,345975,344045,19441,363486,2007
2022-09-16,Alpine,002,1148,134,134,1,135,0
2022-09-16,Amador,005,37829,9953,9908,922,10830,90
2022-09-16,Butte,007,227075,39377,39155,9052,48207,453
2022-09-16,Calaveras,009,45235,8470,8455,537,8992,133
2022-09-16,Colusa,011,21464,3784,3765,1271,5036,22
2022-09-16,Contra Costa,013,1133247,250259,247095,20625,267720,1423
2022-09-16,Del Norte,015,27424,7413,7381,398,7779,56
2022-09-16,El Dorado,017,186661,32135,32088,4227,36315,231
2022-09-16,Fresno,019,978130,277699,272774,31558,304332,2839
2022-09-16,Glenn,021,27897,5508,5481,1858,7339,48
2022-09-16,Humboldt,023,135768,21695,21561,4950,26511,155
2022-09-16,Imperial,025,180216,65332,65099,15693,80792,956
2022-09-16,Inyo,027,18085,4486,4472,967,5439,59
2022-09-16,Kern,029,883053,219009,217694,63346,281040,2405
2022-09-16,Kings,031,150075,59291,59122,4087,63209,456
2022-09-16,Lake,033,64148,12761,12696,1177,13873,144
2022-09-16,Lassen,035,31185,9956,9938,990,10928,65
2022-09-16,Los Angeles,037,10098052,3268817,3253906,179120,3433026,33160
2022-09-16,Madera,039,155013,43927,43782,8225,52007,373
2022-09-16,Marin,041,260295,44914,44702,5232,49934,309
2022-09-16,Mariposa,043,17540,3093,3064,343,3407,31
2022-09-16,Mendocino,045,87422,15966,15872,4452,20324,136
2022-09-16,Merced,047,269075,72558,71732,11845,83577,862
2022-09-16,Modoc,049,8938,874,872,322,1194,11
2022-09-16,Mono,051,14174,3204,3191,251,3442,7
2022-09-16,Monterey,053,433212,93968,93692,20904,114596,762
2022-09-16,Napa,055,140530,32052,31979,1396,33375,160
2022-09-16,Nevada,057,99092,18909,18824,1816,20640,132
2022-09-16,Orange,059,3164182,665830,662784,62833,725617,7398
2022-09-16,Placer,061,380077,75521,75159,9508,84667,660
2022-09-16,Plumas,063,18699,3632,3609,432,4041,13
2022-09-16,Riverside,065,2383286,693727,691630,35022,726652,6608
2022-09-16,Sacramento,067,1510023,345426,343926,34170,378096,3267
2022-09-16,San Benito,069,59416,16238,16057,958,17015,106
2022-09-16,San Bernardino,071,2135413,669514,664360,30596,694956,8074
2022-09-16,San Diego,073,3302833,919480,917229,71291,988520,5479
2022-09-16,San Francisco,075,870044,178066,176724,12006,188730,1025
2022-09-16,San Joaquin,077,732212,197180,196128,14845,210973,2304
2022-09-16,San Luis Obispo,079,281455,63073,62716,7070,69786,520
2022-09-16,San Mateo,081,765935,168011,166572,10368,176940,735
2022-09-16,Santa Barbara,083,443738,105334,104912,6826,111738,718
2022-09-16,Santa Clara,085,1922200,434233,428065,18739,446804,2473
2022-09-16,Santa Cruz,087,273765,62740,62480,3411,65891,274
2022-09-16,Shasta,089,179085,34845,34648,7376,42024,591
2022-09-16,Sierra,091,2930,303,303,60,363,5
2022-09-16,Siskiyou,093,43540,5118,5226,3293,8519,90
2022-09-16,Solano,095,438530,104865,104085,7842,111927,462
2022-09-16,Sonoma,097,501317,106416,106028,5247,111275,518
2022-09-16,Stanislaus,099,539301,137466,136981,21528,158509,1727
2022-09-16,Sutter,101,95872,24162,24119,2456,26575,232
2022-09-16,Tehama,103,63373,13581,13503,3061,16564,210
2022-09-16,Trinity,105,12862,1395,1385,384,1769,20
2022-09-16,Tulare,107,460477,121657,121230,36096,157326,1531
2022-09-16,Tuolumne,109,53932,15512,15411,916,16327,196
2022-09-16,Ventura,111,848112,207752,207049,15612,222661,1563
2022-09-16,Yolo,113,214977,47211,47085,4263,51348,334
2022-09-16,Yuba,115,75493,18818,18764,1700,20464,129
2022-09-15,Alameda,001,1643700,345799,344045,19429,363474,2007
2022-09-15,Alpine,002,1148,134,134,1,135,0
2022-09-15,Amador,005,37829,9949,9908,922,10830,90
2022-09-15,Butte,007,227075,39367,39155,9047,48202,453
2022-09-15,Calaveras,009,45235,8468,8455,534,8989,133
2022-09-15,Colusa,011,21464,3783,3765,1271,5036,22
2022-09-15,Contra Costa,013,1133247,250127,247095,20607,267702,1423
2022-09-15,Del Norte,015,27424,7410,7381,398,7779,56
2022-09-15,El Dorado,017,186661,32126,32088,4225,36313,231
2022-09-15,Fresno,019,978130,277594,272774,31548,304322,2839
2022-09-15,Glenn,021,27897,5508,5481,1857,7338,48
2022-09-15,Humboldt,023,135768,21678,21561,4942,26503,155
2022-09-15,Imperial,025,180216,65308,65099,15678,80777,956
2022-09-15,Inyo,027,18085,4486,4472,964,5436,59
2022-09-15,Kern,029,883053,218950,217694,63292,280986,2405
2022-09-15,Kings,031,150075,59273,59122,4087,63209,456
2022-09-15,Lake,033,64148,12758,12696,1176,13872,144
2022-09-15,Lassen,035,31185,9955,9938,990,10928,65
2022-09-15,Los Angeles,037,10098052,3267654,3253906,178961,3432867,33160
2022-09-15,Madera,039,155013,43916,43782,8222,52004,373
2022-09-15,Marin,041,260295,44896,44702,5229,49931,309
2022-09-15,Mariposa,043,17540,3092,3064,342,3406,31
2022-09-15,Mendocino,045,87422,15955,15872,4450,20322,136
2022-09-15,Merced,047,269075,72536,71732,11841,83573,862
2022-09-15,Modoc,049,8938,874,872,321,1193,11
2022-09-15,Mono,051,14174,3204,3191,249,3440,7
2022-09-15,Monterey,053,433212,93947,93692,20894,114586,762
2022-09-15,Napa,055,140530,32039,31979,1396,33375,160
2022-09-15,Nevada,057,99092,18901,18824,1813,20637,132
2022-09-15,Orange,059,3164182,665593,662784,62760,725544,7398
2022-09-15,Placer,061,380077,75484,75159,9503,84662,660
2022-09-15,Plumas,063,18699,3632,3609,432,4041,13
2022-09-15,Riverside,065,2383286,693552,691630,35006,726636,6608
2022-09-15,Sacramento,067,1510023,345267,343926,34144,378070,3267
2022-09-15,San Benito,069,59416,16232,16057,958,17015,106
2022-09-15,San Bernardino,071,2135413,669317,664360,30582,694942,8074
2022-09-15,San Diego,073,3302833,919121,917229,71251,988480,5479
2022-09-15,San Francisco,075,870044,177958,176724,11999,188723,1025
2022-09-15,San Joaquin,077,732212,197112,196128,14832,210960,2304
2022-09-15,San Luis Obispo,079,281455,63049,62716,7067,69783,520
2022-09-15,San Mateo,081,765935,167916,166572,10360,176932,735
2022-09-15,Santa Barbara,083,443738,105294,104912,6820,111732,718
2022-09-15,Santa Clara,085,1922200,434018,428065,18725,446790,2473
2022-09-15,Santa Cruz,087,273765,62718,62480,3407,65887,274
2022-09-15,Shasta,089,179085,34838,34648,7368,42016,591
2022-09-15,Sierra,091,2930,303,303,60,363,5
2022-09-15,Siskiyou,093,43540,5114,5226,3290,8516,90
2022-09-15,Solano,095,438530,104823,104085,7836,111921,462
2022-09-15,Sonoma,097,501317,106378,106028,5245,111273,518
2022-09-15,Stanislaus,099,539301,137423,136981,21524,158505,1727
2022-09-15,Sutter,101,95872,24154,24119,2456,26575,232
2022-09-15,Tehama,103,63373,13576,13503,3059,16562,210
2022-09-15,Trinity,105,12862,1394,1385,383,1768,20
2022-09-15,Tulare,107,460477,121630,121230,36076,157306,1531
2022-09-15,Tuolumne,109,53932,15503,15411,916,16327,196
2022-09-15,Ventura,111,848112,207657,207049,15598,222647,1563
2022-09-15,Yolo,113,214977,47198,47085,4261,51346,334
2022-09-15,Yuba,115,75493,18810,18764,1698,20462,129
2022-09-14,Alameda,001,1643700,345617,344045,19417,363462,2007
2022-09-14,Alpine,002,1148,134,134,1,135,0
2022-09-14,Amador,005,37829,9943,9908,922,10830,90
2022-09-14,Butte,007,227075,39348,39155,9040,48195,453
2022-09-14,Calaveras,009,45235,8462,8455,532,8987,133
2022-09-14,Colusa,011,21464,3780,3765,1271,5036,22
2022-09-14,Contra Costa,013,1133247,250017,247095,20593,267688,1423
2022-09-14,Del Norte,015,27424,7407,7381,398,7779,56
2022-09-14,El Dorado,017,186661,32114,32088,4219,36307,231
2022-09-14,Fresno,019,978130,277499,272774,31533,304307,2839
2022-09-14,Glenn,021,27897,5508,5481,1854,7335,48
2022-09-14,Humboldt,023,135768,21656,21561,4939,26500,155
2022-09-14,Imperial,025,180216,65282,65099,15661,80760,956
2022-09-14,Inyo,027,18085,4484,4472,962,5434,59
2022-09-14,Kern,029,883053,218888,217694,63236,280930,2405
2022-09-14,Kings,031,150075,59251,59122,4083,63205,456
2022-09-14,Lake,033,64148,12750,12696,1175,13871,144
2022-09-14,Lassen,035,31185,9955,9938,988,10926,65
2022-09-14,Los Angeles,037,10098052,3266398,3253906,178818,3432724,33160
2022-09-14,Madera,039,155013,43886,43782,8217,51999,373
2022-09-14,Marin,041,260295,44874,44702,5221,49923,309
2022-09-14,Mariposa,043,17540,3091,3064,342,3406,31
2022-09-14,Mendocino,045,87422,15950,15872,4449,20321,136
2022-09-14,Merced,047,269075,72508,71732,11831,83563,862
2022-09-14,Modoc,049,8938,873,872,320,1192,11
2022-09-14,Mono,051,14174,3204,3191,248,3439,7
2022-09-14,Monterey,053,433212,93928,93692,20886,114578,762
2022-09-14,Napa,055,140530,32025,31979,1392,33371,160
2022-09-14,Nevada,057,99092,18890,18824,1811,20635,132
2022-09-14,Orange,059,3164182,665294,662784,62711,725495,7398
2022-09-14,Placer,061,380077,75453,75159,9500,84659,660
2022-09-14,Plumas,063,18699,3626,3609,432,4041,13
2022-09-14,Riverside,065,2383286,693315,691630,34979,726609,6608
2022-09-14,Sacramento,067,1510023,345107,343926,34104,378030,3267
2022-09-14,San Benito,069,59416,16224,16057,958,17015,106
2022-09-14,San Bernardino,071,2135413,669120,664360,30567,694927,8074
2022-09-14,San Diego,073,3302833,918741,917229,71203,988432,5479
2022-09-14,San Francisco,075,870044,177859,176724,11992,188716,1025
2022-09-14,San Joaquin,077,732212,197042,196128,14820,210948,2304
2022-09-14,San Luis Obispo,079,281455,63025,62716,7062,69778,520
2022-09-14,San Mateo,081,765935,167834,166572,10356,176928,735
2022-09-14,Santa Barbara,083,443738,105259,104912,6818,111730,718
2022-09-14,Santa Clara,085,1922200,433817,428065,18716,446781,2473
2022-09-14,Santa Cruz,087,273765,62704,62480,3405,65885,274
2022-09-14,Shasta,089,179085,34826,34648,7358,42006,591
2022-09-14,Sierra,091,2930,303,303,60,363,5
2022-09-14,Siskiyou,093,43540,5110,5226,3289,8515,90
2022-09-14,Solano,095,438530,104790,104085,7831,111916,462
2022-09-14,Sonoma,097,501317,106325,106028,5241,111269,518
2022-09-14,Stanislaus,099,539301,137356,136981,21514,158495,1727
2022-09-14,Sutter,101,95872,24141,24119,2456,26575,232
2022-09-14,Tehama,103,63373,13575,13503,3056,16559,210
2022-09-14,Trinity,105,12862,1394,1385,379,1764,20
2022-09-14,Tulare,107,460477,121605,121230,36053,157283,1531
2022-09-14,Tuolumne,109,53932,15495,15411,916,16327,196
2022-09-14,Ventura,111,848112,207568,207049,15588,222637,1563
2022-09-14,Yolo,113,214977,47189,47085,4255,51340,334
2022-09-14,Yuba,115,75493,18803,18764,1697,20461,129
2022-09-13,Alameda,001,1643700,345424,344045,19406,363451,2007
2022-09-13,Alpine,002,1148,134,134,1,135,0
2022-09-13,Amador,005,37829,9938,9908,922,10830,90
2022-09-13,Butte,007,227075,39320,39155,9034,48189,453
2022-09-13,Calaveras,009,45235,8459,8455,530,8985,133
2022-09-13,Colusa,011,21464,3778,3765,1271,5036,22
2022-09-13,Contra Costa,013,1133247,249885,247095,20583,267678,1423
2022-09-13,Del Norte,015,27424,7403,7381,398,7779,56
2022-09-13,El Dorado,017,186661,32100,32088,4215,36303,231
2022-09-13,Fresno,019,978130,277405,272774,31515,304289,2839
2022-09-13,Glenn,021,27897,5507,5481,1852,7333,48
2022-09-13,Humboldt,023,135768,21638,21561,4930,26491,155
2022-09-13,Imperial,025,180216,65259,65099,15651,80750,956
2022-09-13,Inyo,027,18085,4482,4472,959,5431,59
2022-09-13,Kern,029,883053,218795,217694,63153,280847,2405
2022-09-13,Kings,031,150075,59215,59122,4081,63203,456
2022-09-13,Lake,033,64148,12744,12696,1175,13871,144
2022-09-13,Lassen,035,31185,9955,9938,985,10923,65
2022-09-13,Los Angeles,037,10098052,3265074,3253906,178668,3432574,33160
2022-09-13,Madera,039,155013,43875,43782,8209,51991,373
2022-09-13,Marin,041,260295,44858,44702,5217,49919,309
2022-09-13,Mariposa,043,17540,3089,3064,342,3406,31
2022-09-13,Mendocino,045,87422,15945,15872,4445,20317,136
2022-09-13,Merced,047,269075,72485,71732,11828,83560,862
2022-09-13,Modoc,049,8938,873,872,320,1192,11
2022-09-13,Mono,051,14174,3204,3191,248,3439,7
2022-09-13,Monterey,053,433212,93899,93692,20874,114566,762
2022-09-13,Napa,055,140530,32005,31979,1392,33371,160
2022-09-13,Nevada,057,99092,18879,18824,1809,20633,132
2022-09-13,Orange,059,3164182,665002,662784,62644,725428,7398
2022-09-13,Placer,061,380077,75419,75159,9496,84655,660
2022-09-13,Plumas,063,18699,3623,3609,432,4041,13
2022-09-13,Riverside,065,2383286,693091,691630,34955,726585,6608
2022-09-13,Sacramento,067,1510023,344922,343926,34071,377997,3267
2022-09-13,San Benito,069,59416,16215,16057,958,17015,106
2022-09-13,San Bernardino,071,2135413,668871,664360,30550,694910,8074
2022-09-13,San Diego,073,3302833,918338,917229,71164,988393,5479
2022-09-13,San Francisco,075,870044,177752,176724,11986,188710,1025
2022-09-13,San Joaquin,077,732212,196958,196128,14811,210939,2304
2022-09-13,San Luis Obispo,079,281455,62995,62716,7054,69770,520
2022-09-13,San Mateo,081,765935,167748,166572,10354,176926,735
2022-09-13,Santa Barbara,083,443738,105204,104912,6811,111723,718
2022-09-13,Santa Clara,085,1922200,433581,428065,18706,446771,2473
2022-09-13,Santa Cruz,087,273765,62679,62480,3403,65883,274
2022-09-13,Shasta,089,179085,34801,34648,7354,42002,591
2022-09-13,Sierra,091,2930,303,303,60,363,5
2022-09-13,Siskiyou,093,43540,5106,5226,3288,8514,90
2022-09-13,Solano,095,438530,104734,104085,7822,111907,462
2022-09-13,Sonoma,097,501317,106269,106028,5239,111267,518
2022-09-13,Stanislaus,099,539301,137306,136981,21508,158489,1727
2022-09-13,Sutter,101,95872,24130,24119,2455,26574,232
2022-09-13,Tehama,103,63373,13566,13503,3055,16558,210
2022-09-13,Trinity,105,12862,1393,1385,379,1764,20
2022-09-13,Tulare,107,460477,121574,121230,36024,157254,1531
2022-09-13,Tuolumne,109,53932,15489,15411,916,16327,196
2022-09-13,Ventura,111,848112,207472,207049,15572,222621,1563
2022-09-13,Yolo,113,214977,47177,47085,4250,51335,334
2022-09-13,Yuba,115,75493,18794,18764,1696,20460,129
2022-09-12,Alameda,001,1643700,345202,343017,19389,362406,2006
2022-09-12,Alpine,002,1148,134,134,1,135,0
2022-09-12,Amador,005,37829,9930,9890,921,10811,89
2022-09-12,Butte,007,227075,39301,39049,9025,48074,453
2022-09-12,Calaveras,009,45235,8455,8444,530,8974,133
2022-09-12,Colusa,011,21464,3777,3755,1270,5025,22
2022-09-12,Contra Costa,013,1133247,249755,246174,20566,266740,1415
2022-09-12,Del Norte,015,27424,7400,7354,398,7752,56
2022-09-12,El Dorado,017,186661,32083,32027,4209,36236,229
2022-09-12,Fresno,019,978130,277278,272161,31495,303656,2835
2022-09-12,Glenn,021,27897,5503,5473,1852,7325,48
2022-09-12,Humboldt,023,135768,21622,21494,4919,26413,155
2022-09-12,Imperial,025,180216,65235,64926,15633,80559,956
2022-09-12,Inyo,027,18085,4480,4465,957,5422,59
2022-09-12,Kern,029,883053,218718,217203,63083,280286,2404
2022-09-12,Kings,031,150075,59198,58980,4077,63057,455
2022-09-12,Lake,033,64148,12735,12663,1172,13835,144
2022-09-12,Lassen,035,31185,9954,9931,985,10916,64
2022-09-12,Los Angeles,037,10098052,3263546,3246402,178482,3424884,33094
2022-09-12,Madera,039,155013,43863,43599,8199,51798,373
2022-09-12,Marin,041,260295,44838,44584,5213,49797,305
2022-09-12,Mariposa,043,17540,3084,3058,342,3400,31
2022-09-12,Mendocino,045,87422,15934,15853,4437,20290,135
2022-09-12,Merced,047,269075,72445,71563,11815,83378,856
2022-09-12,Modoc,049,8938,873,872,318,1190,11
2022-09-12,Mono,051,14174,3200,3188,248,3436,7
2022-09-12,Monterey,053,433212,93865,93513,20851,114364,762
2022-09-12,Napa,055,140530,31983,31910,1392,33302,158
2022-09-12,Nevada,057,99092,18870,18784,1808,20592,132
2022-09-12,Orange,059,3164182,664690,661329,62574,723903,7371
2022-09-12,Placer,061,380077,75388,74994,9491,84485,657
2022-09-12,Plumas,063,18699,3620,3594,431,4025,13
2022-09-12,Riverside,065,2383286,692804,690018,34933,724951,6596
2022-09-12,Sacramento,067,1510023,344749,343048,34040,377088,3254
2022-09-12,San Benito,069,59416,16202,16000,958,16958,103
2022-09-12,San Bernardino,071,2135413,668557,662248,30533,692781,8057
2022-09-12,San Diego,073,3302833,917854,915648,71115,986763,5474
2022-09-12,San Francisco,075,870044,177634,176512,11979,188491,1022
2022-09-12,San Joaquin,077,732212,196862,195697,14798,210495,2303
2022-09-12,San Luis Obispo,079,281455,62965,62569,7049,69618,519
2022-09-12,San Mateo,081,765935,167651,166165,10345,176510,735
2022-09-12,Santa Barbara,083,443738,105167,104627,6807,111434,717
2022-09-12,Santa Clara,085,1922200,433322,426854,18694,445548,2478
2022-09-12,Santa Cruz,087,273765,62651,62255,3402,65657,274
2022-09-12,Shasta,089,179085,34780,34531,7348,41879,591
2022-09-12,Sierra,091,2930,303,303,60,363,5
2022-09-12,Siskiyou,093,43540,5103,5197,3285,8482,90
2022-09-12,Solano,095,438530,104681,103841,7813,111654,461
2022-09-12,Sonoma,097,501317,106220,105778,5232,111010,521
2022-09-12,Stanislaus,099,539301,137248,136674,21503,158177,1726
2022-09-12,Sutter,101,95872,24119,24037,2453,26490,228
2022-09-12,Tehama,103,63373,13560,13471,3054,16525,210
2022-09-12,Trinity,105,12862,1392,1383,378,1761,20
2022-09-12,Tulare,107,460477,121517,120972,35993,156965,1529
2022-09-12,Tuolumne,109,53932,15480,15362,916,16278,196
2022-09-12,Ventura,111,848112,207362,206442,15557,221999,1558
2022-09-12,Yolo,113,214977,47162,46989,4248,51237,334
2022-09-12,Yuba,115,75493,18780,18709,1691,20400,129
2022-09-11,Alameda,001,1643700,344932,343017,19366,362383,2006
2022-09-11,Alpine,002,1148,134,134,1,135,0
2022-09-11,Amador,005,37829,9923,9890,918,10808,89
2022-09-11,Butte,007,227075,39266,39049,9018,48067,453
2022-09-11,Calaveras,009,45235,8452,8444,529,8973,133
2022-09-11,Colusa,011,21464,3775,3755,1268,5023,22
2022-09-11,Contra Costa,013,1133247,249589,246174,20538,266712,1415
2022-09-11,Del Norte,015,27424,7395,7354,397,7751,56
2022-09-11,El Dorado,017,186661,32067,32027,4201,36228,229
2022-09-11,Fresno,019,978130,277167,272161,31473,303634,2835
2022-09-11,Glenn,021,27897,5500,5473,1852,7325,48
2022-09-11,Humboldt,023,135768,21603,21494,4906,26400,155
2022-09-11,Imperial,025,180216,65192,64926,15605,80531,956
2022-09-11,Inyo,027,18085,4479,4465,948,5413,59
2022-09-11,Kern,029,883053,218612,217203,62982,280185,2404
2022-09-11,Kings,031,150075,59161,58980,4074,63054,455
2022-09-11,Lake,033,64148,12721,12663,1169,13832,144
2022-09-11,Lassen,035,31185,9948,9931,985,10916,64
2022-09-11,Los Angeles,037,10098052,3261798,3246402,178242,3424644,33094
2022-09-11,Madera,039,155013,43831,43599,8192,51791,373
2022-09-11,Marin,041,260295,44811,44584,5211,49795,305
2022-09-11,Mariposa,043,17540,3081,3058,342,3400,31
2022-09-11,Mendocino,045,87422,15924,15853,4431,20284,135
2022-09-11,Merced,047,269075,72408,71563,11804,83367,856
2022-09-11,Modoc,049,8938,873,872,317,1189,11
2022-09-11,Mono,051,14174,3197,3188,248,3436,7
2022-09-11,Monterey,053,433212,93835,93513,20833,114346,762
2022-09-11,Napa,055,140530,31962,31910,1391,33301,158
2022-09-11,Nevada,057,99092,18860,18784,1804,20588,132
2022-09-11,Orange,059,3164182,664383,661329,62506,723835,7371
2022-09-11,Placer,061,380077,75354,74994,9485,84479,657
2022-09-11,Plumas,063,18699,3614,3594,431,4025,13
2022-09-11,Riverside,065,2383286,692519,690018,34904,724922,6596
2022-09-11,Sacramento,067,1510023,344543,343048,33978,377026,3254
2022-09-11,San Benito,069,59416,16193,16000,954,16954,103
2022-09-11,San Bernardino,071,2135413,668231,662248,30516,692764,8057
2022-09-11,San Diego,073,3302833,917312,915648,71052,986700,5474
2022-09-11,San Francisco,075,870044,177480,176512,11965,188477,1022
2022-09-11,San Joaquin,077,732212,196758,195697,14777,210474,2303
2022-09-11,San Luis Obispo,079,281455,62933,62569,7035,69604,519
2022-09-11,San Mateo,081,765935,167537,166165,10340,176505,735
2022-09-11,Santa Barbara,083,443738,105126,104627,6803,111430,717
2022-09-11,Santa Clara,085,1922200,433026,426854,18682,445536,2478
2022-09-11,Santa Cruz,087,273765,62615,62255,3398,65653,274
2022-09-11,Shasta,089,179085,34749,34531,7340,41871,591
2022-09-11,Sierra,091,2930,303,303,60,363,5
2022-09-11,Siskiyou,093,43540,5101,5197,3279,8476,90
2022-09-11,Solano,095,438530,104600,103841,7807,111648,461
2022-09-11,Sonoma,097,501317,106153,105778,5226,111004,521
2022-09-11,Stanislaus,099,539301,137181,136674,21487,158161,1726
2022-09-11,Sutter,101,95872,24097,24037,2452,26489,228
2022-09-11,Tehama,103,63373,13546,13471,3051,16522,210
2022-09-11,Trinity,105,12862,1392,1383,378,1761,20
2022-09-11,Tulare,107,460477,121464,120972,35961,156933,1529
2022-09-11,Tuolumne,109,53932,15471,15362,916,16278,196
2022-09-11,Ventura,111,848112,207221,206442,15533,221975,1558
2022-09-11,Yolo,113,214977,47134,46989,4245,51234,334
2022-09-11,Yuba,115,75493,18771,18709,1688,20397,129
2022-09-10,Alameda,001,1643700,344790,343017,19363,362380,2006
2022-09-10,Alpine,002,1148,134,134,1,135,0
2022-09-10,Amador,005,37829,9920,9890,917,10807,89
2022-09-10,Butte,007,227075,39249,39049,9017,48066,453
2022-09-10,Calaveras,009,45235,8450,8444,529,8973,133
2022-09-10,Colusa,011,21464,3774,3755,1268,5023,22
2022-09-10,Contra Costa,013,1133247,249479,246174,20528,266702,1415
2022-09-10,Del Norte,015,27424,7392,7354,397,7751,56
2022-09-10,El Dorado,017,186661,32059,32027,4200,36227,229
2022-09-10,Fresno,019,978130,277082,272161,31462,303623,2835
2022-09-10,Glenn,021,27897,5497,5473,1851,7324,48
2022-09-10,Humboldt,023,135768,21594,21494,4902,26396,155
2022-09-10,Imperial,025,180216,65170,64926,15594,80520,956
2022-09-10,Inyo,027,18085,4479,4465,948,5413,59
2022-09-10,Kern,029,883053,218558,217203,62942,280145,2404
2022-09-10,Kings,031,150075,59151,58980,4074,63054,455
2022-09-10,Lake,033,64148,12718,12663,1169,13832,144
2022-09-10,Lassen,035,31185,9947,9931,985,10916,64
2022-09-10,Los Angeles,037,10098052,3260855,3246402,178101,3424503,33094
2022-09-10,Madera,039,155013,43814,43599,8189,51788,373
2022-09-10,Marin,041,260295,44786,44584,5206,49790,305
2022-09-10,Mariposa,043,17540,3081,3058,341,3399,31
2022-09-10,Mendocino,045,87422,15921,15853,4429,20282,135
2022-09-10,Merced,047,269075,72394,71563,11801,83364,856
2022-09-10,Modoc,049,8938,873,872,316,1188,11
2022-09-10,Mono,051,14174,3196,3188,248,3436,7
2022-09-10,Monterey,053,433212,93814,93513,20829,114342,762
2022-09-10,Napa,055,140530,31954,31910,1391,33301,158
2022-09-10,Nevada,057,99092,18856,18784,1804,20588,132
2022-09-10,Orange,059,3164182,664201,661329,62470,723799,7371
2022-09-10,Placer,061,380077,75325,74994,9483,84477,657
2022-09-10,Plumas,063,18699,3610,3594,431,4025,13
2022-09-10,Riverside,065,2383286,692335,690018,34893,724911,6596
2022-09-10,Sacramento,067,1510023,344443,343048,33972,377020,3254
2022-09-10,San Benito,069,59416,16186,16000,954,16954,103
2022-09-10,San Bernardino,071,2135413,668069,662248,30501,692749,8057
2022-09-10,San Diego,073,3302833,917084,915648,71028,986676,5474
2022-09-10,San Francisco,075,870044,177422,176512,11962,188474,1022
2022-09-10,San Joaquin,077,732212,196706,195697,14769,210466,2303
2022-09-10,San Luis Obispo,079,281455,62920,62569,7033,69602,519
2022-09-10,San Mateo,081,765935,167461,166165,10332,176497,735
2022-09-10,Santa Barbara,083,443738,105105,104627,6801,111428,717
2022-09-10,Santa Clara,085,1922200,432798,426854,18673,445527,2478
2022-09-10,Santa Cruz,087,273765,62604,62255,3396,65651,274
2022-09-10,Shasta,089,179085,34738,34531,7337,41868,591
2022-09-10,Sierra,091,2930,303,303,60,363,5
2022-09-10,Siskiyou,093,43540,5101,5197,3279,8476,90
2022-09-10,Solano,095,438530,104575,103841,7804,111645,461
2022-09-10,Sonoma,097,501317,106131,105778,5226,111004,521
2022-09-10,Stanislaus,099,539301,137141,136674,21481,158155,1726
2022-09-10,Sutter,101,95872,24082,24037,2452,26489,228
2022-09-10,Tehama,103,63373,13545,13471,3051,16522,210
2022-09-10,Trinity,105,12862,1392,1383,378,1761,20
2022-09-10,Tulare,107,460477,121438,120972,35948,156920,1529
2022-09-10,Tuolumne,109,53932,15465,15362,916,16278,196
2022-09-10,Ventura,111,848112,207152,206442,15519,221961,1558
2022-09-10,Yolo,113,214977,47124,46989,4242,51231,334
2022-09-10,Yuba,115,75493,18763,18709,1687,20396,129
2022-09-09,Alameda,001,1643700,344609,343017,19356,362373,2006
2022-09-09,Alpine,002,1148,134,134,1,135,0
2022-09-09,Amador,005,37829,9915,9890,917,10807,89
2022-09-09,Butte,007,227075,39236,39049,9012,48061,453
2022-09-09,Calaveras,009,45235,8448,8444,529,8973,133
2022-09-09,Colusa,011,21464,3772,3755,1267,5022,22
2022-09-09,Contra Costa,013,1133247,249402,246174,20517,266691,1415
2022-09-09,Del Norte,015,27424,7391,7354,397,7751,56
2022-09-09,El Dorado,017,186661,32051,32027,4198,36225,229
2022-09-09,Fresno,019,978130,277012,272161,31451,303612,2835
2022-09-09,Glenn,021,27897,5495,5473,1851,7324,48
2022-09-09,Humboldt,023,135768,21587,21494,4897,26391,155
2022-09-09,Imperial,025,180216,65145,64926,15586,80512,956
2022-09-09,Inyo,027,18085,4477,4465,940,5405,59
2022-09-09,Kern,029,883053,218495,217203,62898,280101,2404
2022-09-09,Kings,031,150075,59132,58980,4074,63054,455
2022-09-09,Lake,033,64148,12715,12663,1168,13831,144
2022-09-09,Lassen,035,31185,9947,9931,985,10916,64
2022-09-09,Los Angeles,037,10098052,3259813,3246402,177961,3424363,33094
2022-09-09,Madera,039,155013,43796,43599,8187,51786,373
2022-09-09,Marin,041,260295,44773,44584,5205,49789,305
2022-09-09,Mariposa,043,17540,3080,3058,341,3399,31
2022-09-09,Mendocino,045,87422,15915,15853,4425,20278,135
2022-09-09,Merced,047,269075,72373,71563,11799,83362,856
2022-09-09,Modoc,049,8938,873,872,316,1188,11
2022-09-09,Mono,051,14174,3196,3188,248,3436,7
2022-09-09,Monterey,053,433212,93799,93513,20820,114333,762
2022-09-09,Napa,055,140530,31942,31910,1391,33301,158
2022-09-09,Nevada,057,99092,18849,18784,1804,20588,132
2022-09-09,Orange,059,3164182,664011,661329,62428,723757,7371
2022-09-09,Placer,061,380077,75303,74994,9480,84474,657
2022-09-09,Plumas,063,18699,3608,3594,431,4025,13
2022-09-09,Riverside,065,2383286,692147,690018,34879,724897,6596
2022-09-09,Sacramento,067,1510023,344303,343048,33963,377011,3254
2022-09-09,San Benito,069,59416,16173,16000,954,16954,103
2022-09-09,San Bernardino,071,2135413,667891,662248,30493,692741,8057
2022-09-09,San Diego,073,3302833,916823,915648,71003,986651,5474
2022-09-09,San Francisco,075,870044,177349,176512,11954,188466,1022
2022-09-09,San Joaquin,077,732212,196650,195697,14754,210451,2303
2022-09-09,San Luis Obispo,079,281455,62914,62569,7030,69599,519
2022-09-09,San Mateo,081,765935,167405,166165,10330,176495,735
2022-09-09,Santa Barbara,083,443738,105068,104627,6798,111425,717
2022-09-09,Santa Clara,085,1922200,432602,426854,18664,445518,2478
2022-09-09,Santa Cruz,087,273765,62583,62255,3394,65649,274
2022-09-09,Shasta,089,179085,34722,34531,7331,41862,591
2022-09-09,Sierra,091,2930,303,303,60,363,5
2022-09-09,Siskiyou,093,43540,5094,5197,3279,8476,90
2022-09-09,Solano,095,438530,104541,103841,7799,111640,461
2022-09-09,Sonoma,097,501317,106103,105778,5226,111004,521
2022-09-09,Stanislaus,099,539301,137113,136674,21474,158148,1726
2022-09-09,Sutter,101,95872,24075,24037,2451,26488,228
2022-09-09,Tehama,103,63373,13540,13471,3051,16522,210
2022-09-09,Trinity,105,12862,1391,1383,378,1761,20
2022-09-09,Tulare,107,460477,121398,120972,35930,156902,1529
2022-09-09,Tuolumne,109,53932,15464,15362,916,16278,196
2022-09-09,Ventura,111,848112,207082,206442,15505,221947,1558
2022-09-09,Yolo,113,214977,47109,46989,4242,51231,334
2022-09-09,Yuba,115,75493,18754,18709,1687,20396,129
2022-09-08,Alameda,001,1643700,344379,343017,19347,362364,2006
2022-09-08,Alpine,002,1148,134,134,1,135,0
2022-09-08,Amador,005,37829,9908,9890,917,10807,89
2022-09-08,Butte,007,227075,39213,39049,9002,48051,453
2022-09-08,Calaveras,009,45235,8448,8444,528,8972,133
2022-09-08,Colusa,011,21464,3772,3755,1267,5022,22
2022-09-08,Contra Costa,013,1133247,249273,246174,20499,266673,1415
2022-09-08,Del Norte,015,27424,7381,7354,397,7751,56
2022-09-08,El Dorado,017,186661,32034,32027,4196,36223,229
2022-09-08,Fresno,019,978130,276896,272161,31429,303590,2835
2022-09-08,Glenn,021,27897,5495,5473,1851,7324,48
2022-09-08,Humboldt,023,135768,21561,21494,4893,26387,155
2022-09-08,Imperial,025,180216,65114,64926,15565,80491,956
2022-09-08,Inyo,027,18085,4475,4465,938,5403,59
2022-09-08,Kern,029,883053,218404,217203,62808,280011,2404
2022-09-08,Kings,031,150075,59103,58980,4072,63052,455
2022-09-08,Lake,033,64148,12706,12663,1168,13831,144
2022-09-08,Lassen,035,31185,9946,9931,985,10916,64
2022-09-08,Los Angeles,037,10098052,3258347,3246402,177768,3424170,33094
2022-09-08,Madera,039,155013,43766,43599,8181,51780,373
2022-09-08,Marin,041,260295,44747,44584,5201,49785,305
2022-09-08,Mariposa,043,17540,3077,3058,341,3399,31
2022-09-08,Mendocino,045,87422,15908,15853,4425,20278,135
2022-09-08,Merced,047,269075,72344,71563,11786,83349,856
2022-09-08,Modoc,049,8938,873,872,316,1188,11
2022-09-08,Mono,051,14174,3196,3188,247,3435,7
2022-09-08,Monterey,053,433212,93767,93513,20799,114312,762
2022-09-08,Napa,055,140530,31929,31910,1391,33301,158
2022-09-08,Nevada,057,99092,18839,18784,1803,20587,132
2022-09-08,Orange,059,3164182,663722,661329,62364,723693,7371
2022-09-08,Placer,061,380077,75271,74994,9476,84470,657
2022-09-08,Plumas,063,18699,3605,3594,431,4025,13
2022-09-08,Riverside,065,2383286,691869,690018,34856,724874,6596
2022-09-08,Sacramento,067,1510023,344127,343048,33940,376988,3254
2022-09-08,San Benito,069,59416,16161,16000,954,16954,103
2022-09-08,San Bernardino,071,2135413,667590,662248,30483,692731,8057
2022-09-08,San Diego,073,3302833,916446,915648,70950,986598,5474
2022-09-08,San Francisco,075,870044,177224,176512,11946,188458,1022
2022-09-08,San Joaquin,077,732212,196565,195697,14737,210434,2303
2022-09-08,San Luis Obispo,079,281455,62896,62569,7024,69593,519
2022-09-08,San Mateo,081,765935,167315,166165,10326,176491,735
2022-09-08,Santa Barbara,083,443738,105026,104627,6793,111420,717
2022-09-08,Santa Clara,085,1922200,432331,426854,18654,445508,2478
2022-09-08,Santa Cruz,087,273765,62552,62255,3391,65646,274
2022-09-08,Shasta,089,179085,34700,34531,7322,41853,591
2022-09-08,Sierra,091,2930,303,303,60,363,5
2022-09-08,Siskiyou,093,43540,5089,5197,3278,8475,90
2022-09-08,Solano,095,438530,104486,103841,7787,111628,461
2022-09-08,Sonoma,097,501317,106020,105778,5220,110998,521
2022-09-08,Stanislaus,099,539301,137047,136674,21459,158133,1726
2022-09-08,Sutter,101,95872,24063,24037,2451,26488,228
2022-09-08,Tehama,103,63373,13532,13471,3048,16519,210
2022-09-08,Trinity,105,12862,1391,1383,378,1761,20
2022-09-08,Tulare,107,460477,121350,120972,35901,156873,1529
2022-09-08,Tuolumne,109,53932,15457,15362,915,16277,196
2022-09-08,Ventura,111,848112,206964,206442,15481,221923,1558
2022-09-08,Yolo,113,214977,47088,46989,4234,51223,334
2022-09-08,Yuba,115,75493,18744,18709,1683,20392,129
2022-09-07,Alameda,001,1643700,344133,342480,19340,361820,1999
2022-09-07,Alpine,002,1148,134,133,1,134,0
2022-09-07,Amador,005,37829,9905,9877,917,10794,89
2022-09-07,Butte,007,227075,39183,38969,8990,47959,453
2022-09-07,Calaveras,009,45235,8446,8437,526,8963,133
2022-09-07,Colusa,011,21464,3769,3748,1267,5015,22
2022-09-07,Contra Costa,013,1133247,249132,245708,20483,266191,1415
2022-09-07,Del Norte,015,27424,7379,7346,397,7743,56
2022-09-07,El Dorado,017,186661,32021,31979,4195,36174,229
2022-09-07,Fresno,019,978130,276735,271753,31402,303155,2835
2022-09-07,Glenn,021,27897,5493,5468,1850,7318,48
2022-09-07,Humboldt,023,135768,21543,21459,4890,26349,155
2022-09-07,Imperial,025,180216,65081,64755,15543,80298,956
2022-09-07,Inyo,027,18085,4470,4456,931,5387,59
2022-09-07,Kern,029,883053,218304,216932,62716,279648,2404
2022-09-07,Kings,031,150075,59068,58922,4068,62990,455
2022-09-07,Lake,033,64148,12697,12647,1167,13814,143
2022-09-07,Lassen,035,31185,9946,9918,984,10902,64
2022-09-07,Los Angeles,037,10098052,3256741,3242352,177573,3419925,32971
2022-09-07,Madera,039,155013,43719,43533,8181,51714,373
2022-09-07,Marin,041,260295,44724,44489,5199,49688,305
2022-09-07,Mariposa,043,17540,3075,3046,341,3387,31
2022-09-07,Mendocino,045,87422,15903,15813,4419,20232,135
2022-09-07,Merced,047,269075,72309,71448,11774,83222,856
2022-09-07,Modoc,049,8938,873,868,316,1184,11
2022-09-07,Mono,051,14174,3195,3184,247,3431,7
2022-09-07,Monterey,053,433212,93738,93430,20780,114210,762
2022-09-07,Napa,055,140530,31909,31854,1391,33245,156
2022-09-07,Nevada,057,99092,18826,18761,1801,20562,132
2022-09-07,Orange,059,3164182,663408,660580,62292,722872,7362
2022-09-07,Placer,061,380077,75243,74884,9467,84351,658
2022-09-07,Plumas,063,18699,3603,3588,430,4018,13
2022-09-07,Riverside,065,2383286,691532,688794,34829,723623,6591
2022-09-07,Sacramento,067,1510023,343962,342602,33906,376508,3248
2022-09-07,San Benito,069,59416,16148,15933,953,16886,103
2022-09-07,San Bernardino,071,2135413,667329,660303,30467,690770,8023
2022-09-07,San Diego,073,3302833,915953,914552,70905,985457,5468
2022-09-07,San Francisco,075,870044,177121,176386,11936,188322,1018
2022-09-07,San Joaquin,077,732212,196451,195359,14725,210084,2303
2022-09-07,San Luis Obispo,079,281455,62875,62548,7021,69569,517
2022-09-07,San Mateo,081,765935,167209,165893,10320,176213,736
2022-09-07,Santa Barbara,083,443738,104982,104452,6788,111240,717
2022-09-07,Santa Clara,085,1922200,432039,426178,18643,444821,2472
2022-09-07,Santa Cruz,087,273765,62519,62187,3388,65575,274
2022-09-07,Shasta,089,179085,34678,34484,7305,41789,591
2022-09-07,Sierra,091,2930,303,303,60,363,5
2022-09-07,Siskiyou,093,43540,5084,5190,3277,8467,89
2022-09-07,Solano,095,438530,104428,103665,7780,111445,463
2022-09-07,Sonoma,097,501317,105957,105389,5217,110606,517
2022-09-07,Stanislaus,099,539301,136969,136477,21449,157926,1726
2022-09-07,Sutter,101,95872,24049,23984,2451,26435,228
2022-09-07,Tehama,103,63373,13529,13453,3044,16497,210
2022-09-07,Trinity,105,12862,1391,1382,378,1760,20
2022-09-07,Tulare,107,460477,121298,120846,35871,156717,1529
2022-09-07,Tuolumne,109,53932,15450,15327,915,16242,196
2022-09-07,Ventura,111,848112,206843,206121,15464,221585,1557
2022-09-07,Yolo,113,214977,47059,46966,4228,51194,334
2022-09-07,Yuba,115,75493,18731,18665,1682,20347,129
2022-09-06,Alameda,001,1643700,343867,342480,19328,361808,1999
2022-09-06,Alpine,002,1148,133,133,1,134,0
2022-09-06,Amador,005,37829,9902,9877,917,10794,89
2022-09-06,Butte,007,227075,39152,38969,8979,47948,453
2022-09-06,Calaveras,009,45235,8444,8437,524,8961,133
2022-09-06,Colusa,011,21464,3767,3748,1267,5015,22
2022-09-06,Contra Costa,013,1133247,248964,245708,20456,266164,1415
2022-09-06,Del Norte,015,27424,7371,7346,397,7743,56
2022-09-06,El Dorado,017,186661,32003,31979,4189,36168,229
2022-09-06,Fresno,019,978130,276605,271753,31369,303122,2835
2022-09-06,Glenn,021,27897,5491,5468,1848,7316,48
2022-09-06,Humboldt,023,135768,21525,21459,4885,26344,155
2022-09-06,Imperial,025,180216,65031,64755,15515,80270,956
2022-09-06,Inyo,027,18085,4467,4456,925,5381,59
2022-09-06,Kern,029,883053,218208,216932,62616,279548,2404
2022-09-06,Kings,031,150075,59027,58922,4063,62985,455
2022-09-06,Lake,033,64148,12694,12647,1151,13798,143
2022-09-06,Lassen,035,31185,9943,9918,982,10900,64
2022-09-06,Los Angeles,037,10098052,3254953,3242352,177363,3419715,32971
2022-09-06,Madera,039,155013,43677,43533,8176,51709,373
2022-09-06,Marin,041,260295,44693,44489,5195,49684,305
2022-09-06,Mariposa,043,17540,3073,3046,341,3387,31
2022-09-06,Mendocino,045,87422,15897,15813,4412,20225,135
2022-09-06,Merced,047,269075,72271,71448,11757,83205,856
2022-09-06,Modoc,049,8938,872,868,316,1184,11
2022-09-06,Mono,051,14174,3195,3184,246,3430,7
2022-09-06,Monterey,053,433212,93704,93430,20763,114193,762
2022-09-06,Napa,055,140530,31893,31854,1391,33245,156
2022-09-06,Nevada,057,99092,18816,18761,1797,20558,132
2022-09-06,Orange,059,3164182,663031,660580,62222,722802,7362
2022-09-06,Placer,061,380077,75199,74884,9465,84349,658
2022-09-06,Plumas,063,18699,3599,3588,430,4018,13
2022-09-06,Riverside,065,2383286,691054,688794,34798,723592,6591
2022-09-06,Sacramento,067,1510023,343743,342602,33867,376469,3248
2022-09-06,San Benito,069,59416,16132,15933,953,16886,103
2022-09-06,San Bernardino,071,2135413,667048,660303,30452,690755,8023
2022-09-06,San Diego,073,3302833,915446,914552,70850,985402,5468
2022-09-06,San Francisco,075,870044,176982,176386,11924,188310,1018
2022-09-06,San Joaquin,077,732212,196358,195359,14712,210071,2303
2022-09-06,San Luis Obispo,079,281455,62833,62548,7019,69567,517
2022-09-06,San Mateo,081,765935,167100,165893,10312,176205,736
2022-09-06,Santa Barbara,083,443738,104925,104452,6783,111235,717
2022-09-06,Santa Clara,085,1922200,431771,426178,18632,444810,2472
2022-09-06,Santa Cruz,087,273765,62438,62187,3388,65575,274
2022-09-06,Shasta,089,179085,34630,34484,7282,41766,591
2022-09-06,Sierra,091,2930,303,303,60,363,5
2022-09-06,Siskiyou,093,43540,5082,5190,3273,8463,89
2022-09-06,Solano,095,438530,104362,103665,7768,111433,463
2022-09-06,Sonoma,097,501317,105895,105389,5214,110603,517
2022-09-06,Stanislaus,099,539301,136898,136477,21435,157912,1726
2022-09-06,Sutter,101,95872,24024,23984,2451,26435,228
2022-09-06,Tehama,103,63373,13520,13453,3041,16494,210
2022-09-06,Trinity,105,12862,1390,1382,378,1760,20
2022-09-06,Tulare,107,460477,121245,120846,35834,156680,1529
2022-09-06,Tuolumne,109,53932,15438,15327,915,16242,196
2022-09-06,Ventura,111,848112,206697,206121,15447,221568,1557
2022-09-06,Yolo,113,214977,47043,46966,4217,51183,334
2022-09-06,Yuba,115,75493,18709,18665,1681,20346,129
2022-09-05,Alameda,001,1643700,343571,342480,19320,361800,1999
2022-09-05,Alpine,002,1148,133,133,1,134,0
2022-09-05,Amador,005,37829,9898,9877,917,10794,89
2022-09-05,Butte,007,227075,39105,38969,8966,47935,453
2022-09-05,Calaveras,009,45235,8441,8437,523,8960,133
2022-09-05,Colusa,011,21464,3760,3748,1264,5012,22
2022-09-05,Contra Costa,013,1133247,248776,245708,20437,266145,1415
2022-09-05,Del Norte,015,27424,7366,7346,395,7741,56
2022-09-05,El Dorado,017,186661,31979,31979,4183,36162,229
2022-09-05,Fresno,019,978130,276371,271753,31301,303054,2835
2022-09-05,Glenn,021,27897,5488,5468,1844,7312,48
2022-09-05,Humboldt,023,135768,21509,21459,4879,26338,155
2022-09-05,Imperial,025,180216,64977,64755,15471,80226,956
2022-09-05,Inyo,027,18085,4465,4456,923,5379,59
2022-09-05,Kern,029,883053,218072,216932,62488,279420,2404
2022-09-05,Kings,031,150075,58969,58922,4060,62982,455
2022-09-05,Lake,033,64148,12687,12647,1149,13796,143
2022-09-05,Lassen,035,31185,9934,9918,981,10899,64
2022-09-05,Los Angeles,037,10098052,3252524,3242352,177098,3419450,32971
2022-09-05,Madera,039,155013,43621,43533,8154,51687,373
2022-09-05,Marin,041,260295,44664,44489,5195,49684,305
2022-09-05,Mariposa,043,17540,3068,3046,341,3387,31
2022-09-05,Mendocino,045,87422,15876,15813,4401,20214,135
2022-09-05,Merced,047,269075,72208,71448,11726,83174,856
2022-09-05,Modoc,049,8938,871,868,315,1183,11
2022-09-05,Mono,051,14174,3193,3184,243,3427,7
2022-09-05,Monterey,053,433212,93636,93430,20742,114172,762
2022-09-05,Napa,055,140530,31864,31854,1388,33242,156
2022-09-05,Nevada,057,99092,18809,18761,1792,20553,132
2022-09-05,Orange,059,3164182,662538,660580,62125,722705,7362
2022-09-05,Placer,061,380077,75148,74884,9460,84344,658
2022-09-05,Plumas,063,18699,3598,3588,430,4018,13
2022-09-05,Riverside,065,2383286,690540,688794,34747,723541,6591
2022-09-05,Sacramento,067,1510023,343448,342602,33805,376407,3248
2022-09-05,San Benito,069,59416,16106,15933,950,16883,103
2022-09-05,San Bernardino,071,2135413,666606,660303,30422,690725,8023
2022-09-05,San Diego,073,3302833,914821,914552,70755,985307,5468
2022-09-05,San Francisco,075,870044,176819,176386,11917,188303,1018
2022-09-05,San Joaquin,077,732212,196218,195359,14697,210056,2303
2022-09-05,San Luis Obispo,079,281455,62778,62548,7002,69550,517
2022-09-05,San Mateo,081,765935,166980,165893,10304,176197,736
2022-09-05,Santa Barbara,083,443738,104838,104452,6778,111230,717
2022-09-05,Santa Clara,085,1922200,431398,426178,18616,444794,2472
2022-09-05,Santa Cruz,087,273765,62379,62187,3384,65571,274
2022-09-05,Shasta,089,179085,34598,34484,7269,41753,591
2022-09-05,Sierra,091,2930,303,303,60,363,5
2022-09-05,Siskiyou,093,43540,5076,5190,3273,8463,89
2022-09-05,Solano,095,438530,104266,103665,7750,111415,463
2022-09-05,Sonoma,097,501317,105822,105389,5207,110596,517
2022-09-05,Stanislaus,099,539301,136801,136477,21417,157894,1726
2022-09-05,Sutter,101,95872,24000,23984,2449,26433,228
2022-09-05,Tehama,103,63373,13512,13453,3040,16493,210
2022-09-05,Trinity,105,12862,1390,1382,377,1759,20
2022-09-05,Tulare,107,460477,121147,120846,35775,156621,1529
2022-09-05,Tuolumne,109,53932,15419,15327,914,16241,196
2022-09-05,Ventura,111,848112,206520,206121,15411,221532,1557
2022-09-05,Yolo,113,214977,47019,46966,4209,51175,334
2022-09-05,Yuba,115,75493,18687,18665,1679,20344,129
2022-09-04,Alameda,001,1643700,343424,341621,19313,360934,1998
2022-09-04,Alpine,002,1148,133,133,1,134,0
2022-09-04,Amador,005,37829,9894,9855,916,10771,89
2022-09-04,Butte,007,227075,39083,38851,8959,47810,453
2022-09-04,Calaveras,009,45235,8439,8422,522,8944,133
2022-09-04,Colusa,011,21464,3759,3742,1261,5003,22
2022-09-04,Contra Costa,013,1133247,248671,245022,20431,265453,1410
2022-09-04,Del Norte,015,27424,7364,7340,394,7734,56
2022-09-04,El Dorado,017,186661,31962,31929,4180,36109,229
2022-09-04,Fresno,019,978130,276266,271062,31286,302348,2835
2022-09-04,Glenn,021,27897,5487,5462,1844,7306,48
2022-09-04,Humboldt,023,135768,21499,21390,4875,26265,154
2022-09-04,Imperial,025,180216,64950,64678,15459,80137,956
2022-09-04,Inyo,027,18085,4463,4449,920,5369,59
2022-09-04,Kern,029,883053,217987,216471,62392,278863,2404
2022-09-04,Kings,031,150075,58955,58753,4060,62813,455
2022-09-04,Lake,033,64148,12680,12608,1148,13756,143
2022-09-04,Lassen,035,31185,9931,9908,981,10889,64
2022-09-04,Los Angeles,037,10098052,3251574,3235242,176982,3412224,32927
2022-09-04,Madera,039,155013,43607,43403,8147,51550,373
2022-09-04,Marin,041,260295,44637,44394,5191,49585,305
2022-09-04,Mariposa,043,17540,3067,3036,341,3377,31
2022-09-04,Mendocino,045,87422,15872,15781,4400,20181,134
2022-09-04,Merced,047,269075,72184,71280,11721,83001,856
2022-09-04,Modoc,049,8938,871,868,315,1183,11
2022-09-04,Mono,051,14174,3193,3183,243,3426,7
2022-09-04,Monterey,053,433212,93602,93246,20720,113966,761
2022-09-04,Napa,055,140530,31855,31799,1388,33187,156
2022-09-04,Nevada,057,99092,18799,18705,1791,20496,132
2022-09-04,Orange,059,3164182,662351,659290,62076,721366,7347
2022-09-04,Placer,061,380077,75113,74754,9458,84212,657
2022-09-04,Plumas,063,18699,3596,3587,430,4017,13
2022-09-04,Riverside,065,2383286,690344,687184,34731,721915,6581
2022-09-04,Sacramento,067,1510023,343343,341766,33789,375555,3243
2022-09-04,San Benito,069,59416,16101,15900,949,16849,103
2022-09-04,San Bernardino,071,2135413,666453,658354,30409,688763,8006
2022-09-04,San Diego,073,3302833,914582,912824,70736,983560,5464
2022-09-04,San Francisco,075,870044,176740,176131,11912,188043,1015
2022-09-04,San Joaquin,077,732212,196094,194904,14679,209583,2301
2022-09-04,San Luis Obispo,079,281455,62768,62455,6998,69453,517
2022-09-04,San Mateo,081,765935,166917,165520,10301,175821,738
2022-09-04,Santa Barbara,083,443738,104787,104161,6773,110934,716
2022-09-04,Santa Clara,085,1922200,431193,425040,18609,443649,2473
2022-09-04,Santa Cruz,087,273765,62360,61989,3383,65372,273
2022-09-04,Shasta,089,179085,34591,34422,7262,41684,591
2022-09-04,Sierra,091,2930,303,303,60,363,5
2022-09-04,Siskiyou,093,43540,5073,5168,3270,8438,89
2022-09-04,Solano,095,438530,104248,103457,7746,111203,461
2022-09-04,Sonoma,097,501317,105796,105162,5202,110364,517
2022-09-04,Stanislaus,099,539301,136741,136168,21408,157576,1726
2022-09-04,Sutter,101,95872,23985,23927,2449,26376,228
2022-09-04,Tehama,103,63373,13504,13406,3037,16443,210
2022-09-04,Trinity,105,12862,1390,1377,376,1753,20
2022-09-04,Tulare,107,460477,121102,120592,35740,156332,1527
2022-09-04,Tuolumne,109,53932,15405,15294,913,16207,196
2022-09-04,Ventura,111,848112,206429,205627,15402,221029,1558
2022-09-04,Yolo,113,214977,47009,46882,4203,51085,334
2022-09-04,Yuba,115,75493,18683,18615,1679,20294,129
2022-09-03,Alameda,001,1643700,343298,341621,19309,360930,1998
2022-09-03,Alpine,002,1148,133,133,1,134,0
2022-09-03,Amador,005,37829,9889,9855,915,10770,89
2022-09-03,Butte,007,227075,39066,38851,8951,47802,453
2022-09-03,Calaveras,009,45235,8438,8422,522,8944,133
2022-09-03,Colusa,011,21464,3759,3742,1260,5002,22
2022-09-03,Contra Costa,013,1133247,248560,245022,20426,265448,1410
2022-09-03,Del Norte,015,27424,7364,7340,394,7734,56
2022-09-03,El Dorado,017,186661,31954,31929,4178,36107,229
2022-09-03,Fresno,019,978130,276186,271062,31270,302332,2835
2022-09-03,Glenn,021,27897,5486,5462,1844,7306,48
2022-09-03,Humboldt,023,135768,21491,21390,4875,26265,154
2022-09-03,Imperial,025,180216,64931,64678,15449,80127,956
2022-09-03,Inyo,027,18085,4462,4449,918,5367,59
2022-09-03,Kern,029,883053,217917,216471,62328,278799,2404
2022-09-03,Kings,031,150075,58942,58753,4060,62813,455
2022-09-03,Lake,033,64148,12674,12608,1148,13756,143
2022-09-03,Lassen,035,31185,9931,9908,981,10889,64
2022-09-03,Los Angeles,037,10098052,3250623,3235242,176850,3412092,32927
2022-09-03,Madera,039,155013,43588,43403,8146,51549,373
2022-09-03,Marin,041,260295,44622,44394,5189,49583,305
2022-09-03,Mariposa,043,17540,3066,3036,340,3376,31
2022-09-03,Mendocino,045,87422,15860,15781,4397,20178,134
2022-09-03,Merced,047,269075,72158,71280,11718,82998,856
2022-09-03,Modoc,049,8938,871,868,315,1183,11
2022-09-03,Mono,051,14174,3193,3183,242,3425,7
2022-09-03,Monterey,053,433212,93586,93246,20709,113955,761
2022-09-03,Napa,055,140530,31849,31799,1388,33187,156
2022-09-03,Nevada,057,99092,18793,18705,1791,20496,132
2022-09-03,Orange,059,3164182,662150,659290,62020,721310,7347
2022-09-03,Placer,061,380077,75081,74754,9456,84210,657
2022-09-03,Plumas,063,18699,3594,3587,430,4017,13
2022-09-03,Riverside,065,2383286,690136,687184,34708,721892,6581
2022-09-03,Sacramento,067,1510023,343220,341766,33780,375546,3243
2022-09-03,San Benito,069,59416,16095,15900,948,16848,103
2022-09-03,San Bernardino,071,2135413,666262,658354,30386,688740,8006
2022-09-03,San Diego,073,3302833,914336,912824,70716,983540,5464
2022-09-03,San Francisco,075,870044,176685,176131,11908,188039,1015
2022-09-03,San Joaquin,077,732212,196038,194904,14670,209574,2301
2022-09-03,San Luis Obispo,079,281455,62758,62455,6995,69450,517
2022-09-03,San Mateo,081,765935,166851,165520,10295,175815,738
2022-09-03,Santa Barbara,083,443738,104741,104161,6769,110930,716
2022-09-03,Santa Clara,085,1922200,431006,425040,18606,443646,2473
2022-09-03,Santa Cruz,087,273765,62341,61989,3382,65371,273
2022-09-03,Shasta,089,179085,34578,34422,7259,41681,591
2022-09-03,Sierra,091,2930,303,303,60,363,5
2022-09-03,Siskiyou,093,43540,5070,5168,3270,8438,89
2022-09-03,Solano,095,438530,104234,103457,7741,111198,461
2022-09-03,Sonoma,097,501317,105773,105162,5202,110364,517
2022-09-03,Stanislaus,099,539301,136698,136168,21403,157571,1726
2022-09-03,Sutter,101,95872,23975,23927,2448,26375,228
2022-09-03,Tehama,103,63373,13499,13406,3036,16442,210
2022-09-03,Trinity,105,12862,1390,1377,376,1753,20
2022-09-03,Tulare,107,460477,121070,120592,35702,156294,1527
2022-09-03,Tuolumne,109,53932,15400,15294,913,16207,196
2022-09-03,Ventura,111,848112,206348,205627,15390,221017,1558
2022-09-03,Yolo,113,214977,46999,46882,4201,51083,334
2022-09-03,Yuba,115,75493,18674,18615,1678,20293,129
2022-09-02,Alameda,001,1643700,343162,341621,19305,360926,1998
2022-09-02,Alpine,002,1148,133,133,1,134,0
2022-09-02,Amador,005,37829,9887,9855,915,10770,89
2022-09-02,Butte,007,227075,39054,38851,8939,47790,453
2022-09-02,Calaveras,009,45235,8433,8422,522,8944,133
2022-09-02,Colusa,011,21464,3758,3742,1260,5002,22
2022-09-02,Contra Costa,013,1133247,248464,245022,20415,265437,1410
2022-09-02,Del Norte,015,27424,7363,7340,393,7733,56
2022-09-02,El Dorado,017,186661,31942,31929,4177,36106,229
2022-09-02,Fresno,019,978130,276072,271062,31248,302310,2835
2022-09-02,Glenn,021,27897,5482,5462,1844,7306,48
2022-09-02,Humboldt,023,135768,21482,21390,4872,26262,154
2022-09-02,Imperial,025,180216,64910,64678,15436,80114,956
2022-09-02,Inyo,027,18085,4459,4449,917,5366,59
2022-09-02,Kern,029,883053,217834,216471,62260,278731,2404
2022-09-02,Kings,031,150075,58930,58753,4057,62810,455
2022-09-02,Lake,033,64148,12670,12608,1147,13755,143
2022-09-02,Lassen,035,31185,9930,9908,981,10889,64
2022-09-02,Los Angeles,037,10098052,3249566,3235242,176691,3411933,32927
2022-09-02,Madera,039,155013,43574,43403,8142,51545,373
2022-09-02,Marin,041,260295,44604,44394,5179,49573,305
2022-09-02,Mariposa,043,17540,3062,3036,339,3375,31
2022-09-02,Mendocino,045,87422,15858,15781,4396,20177,134
2022-09-02,Merced,047,269075,72132,71280,11715,82995,856
2022-09-02,Modoc,049,8938,871,868,315,1183,11
2022-09-02,Mono,051,14174,3193,3183,242,3425,7
2022-09-02,Monterey,053,433212,93559,93246,20692,113938,761
2022-09-02,Napa,055,140530,31836,31799,1388,33187,156
2022-09-02,Nevada,057,99092,18788,18705,1789,20494,132
2022-09-02,Orange,059,3164182,661951,659290,61959,721249,7347
2022-09-02,Placer,061,380077,75064,74754,9450,84204,657
2022-09-02,Plumas,063,18699,3593,3587,430,4017,13
2022-09-02,Riverside,065,2383286,689886,687184,34695,721879,6581
2022-09-02,Sacramento,067,1510023,343069,341766,33774,375540,3243
2022-09-02,San Benito,069,59416,16088,15900,948,16848,103
2022-09-02,San Bernardino,071,2135413,666079,658354,30373,688727,8006
2022-09-02,San Diego,073,3302833,914063,912824,70689,983513,5464
2022-09-02,San Francisco,075,870044,176618,176131,11892,188023,1015
2022-09-02,San Joaquin,077,732212,195933,194904,14652,209556,2301
2022-09-02,San Luis Obispo,079,281455,62742,62455,6994,69449,517
2022-09-02,San Mateo,081,765935,166767,165520,10292,175812,738
2022-09-02,Santa Barbara,083,443738,104693,104161,6767,110928,716
2022-09-02,Santa Clara,085,1922200,430802,425040,18594,443634,2473
2022-09-02,Santa Cruz,087,273765,62318,61989,3380,65369,273
2022-09-02,Shasta,089,179085,34572,34422,7256,41678,591
2022-09-02,Sierra,091,2930,303,303,60,363,5
2022-09-02,Siskiyou,093,43540,5067,5168,3270,8438,89
2022-09-02,Solano,095,438530,104200,103457,7736,111193,461
2022-09-02,Sonoma,097,501317,105737,105162,5200,110362,517
2022-09-02,Stanislaus,099,539301,136652,136168,21397,157565,1726
2022-09-02,Sutter,101,95872,23964,23927,2448,26375,228
2022-09-02,Tehama,103,63373,13497,13406,3034,16440,210
2022-09-02,Trinity,105,12862,1389,1377,376,1753,20
2022-09-02,Tulare,107,460477,121027,120592,35679,156271,1527
2022-09-02,Tuolumne,109,53932,15398,15294,912,16206,196
2022-09-02,Ventura,111,848112,206257,205627,15377,221004,1558
2022-09-02,Yolo,113,214977,46988,46882,4197,51079,334
2022-09-02,Yuba,115,75493,18666,18615,1675,20290,129
2022-09-01,Alameda,001,1643700,342923,341621,19294,360915,1998
2022-09-01,Alpine,002,1148,133,133,1,134,0
2022-09-01,Amador,005,37829,9883,9855,915,10770,89
2022-09-01,Butte,007,227075,39025,38851,8925,47776,453
2022-09-01,Calaveras,009,45235,8427,8422,521,8943,133
2022-09-01,Colusa,011,21464,3754,3742,1260,5002,22
2022-09-01,Contra Costa,013,1133247,248313,245022,20393,265415,1410
2022-09-01,Del Norte,015,27424,7362,7340,391,7731,56
2022-09-01,El Dorado,017,186661,31933,31929,4176,36105,229
2022-09-01,Fresno,019,978130,275898,271062,31187,302249,2835
2022-09-01,Glenn,021,27897,5480,5462,1844,7306,48
2022-09-01,Humboldt,023,135768,21469,21390,4865,26255,154
2022-09-01,Imperial,025,180216,64863,64678,15414,80092,956
2022-09-01,Inyo,027,18085,4457,4449,916,5365,59
2022-09-01,Kern,029,883053,217756,216471,62145,278616,2404
2022-09-01,Kings,031,150075,58902,58753,4055,62808,455
2022-09-01,Lake,033,64148,12660,12608,1145,13753,143
2022-09-01,Lassen,035,31185,9930,9908,979,10887,64
2022-09-01,Los Angeles,037,10098052,3247978,3235242,176472,3411714,32927
2022-09-01,Madera,039,155013,43537,43403,8139,51542,373
2022-09-01,Marin,041,260295,44571,44394,5171,49565,305
2022-09-01,Mariposa,043,17540,3061,3036,339,3375,31
2022-09-01,Mendocino,045,87422,15853,15781,4394,20175,134
2022-09-01,Merced,047,269075,72098,71280,11700,82980,856
2022-09-01,Modoc,049,8938,871,868,314,1182,11
2022-09-01,Mono,051,14174,3193,3183,241,3424,7
2022-09-01,Monterey,053,433212,93519,93246,20671,113917,761
2022-09-01,Napa,055,140530,31817,31799,1388,33187,156
2022-09-01,Nevada,057,99092,18779,18705,1789,20494,132
2022-09-01,Orange,059,3164182,661625,659290,61882,721172,7347
2022-09-01,Placer,061,380077,75027,74754,9443,84197,657
2022-09-01,Plumas,063,18699,3592,3587,430,4017,13
2022-09-01,Riverside,065,2383286,689543,687184,34657,721841,6581
2022-09-01,Sacramento,067,1510023,342867,341766,33734,375500,3243
2022-09-01,San Benito,069,59416,16080,15900,947,16847,103
2022-09-01,San Bernardino,071,2135413,665745,658354,30342,688696,8006
2022-09-01,San Diego,073,3302833,913643,912824,70639,983463,5464
2022-09-01,San Francisco,075,870044,176480,176131,11881,188012,1015
2022-09-01,San Joaquin,077,732212,195842,194904,14632,209536,2301
2022-09-01,San Luis Obispo,079,281455,62704,62455,6987,69442,517
2022-09-01,San Mateo,081,765935,166670,165520,10283,175803,738
2022-09-01,Santa Barbara,083,443738,104631,104161,6759,110920,716
2022-09-01,Santa Clara,085,1922200,430506,425040,18586,443626,2473
2022-09-01,Santa Cruz,087,273765,62265,61989,3375,65364,273
2022-09-01,Shasta,089,179085,34552,34422,7251,41673,591
2022-09-01,Sierra,091,2930,303,303,60,363,5
2022-09-01,Siskiyou,093,43540,5066,5168,3269,8437,89
2022-09-01,Solano,095,438530,104130,103457,7732,111189,461
2022-09-01,Sonoma,097,501317,105668,105162,5193,110355,517
2022-09-01,Stanislaus,099,539301,136569,136168,21382,157550,1726
2022-09-01,Sutter,101,95872,23945,23927,2446,26373,228
2022-09-01,Tehama,103,63373,13491,13406,3031,16437,210
2022-09-01,Trinity,105,12862,1388,1377,373,1750,20
2022-09-01,Tulare,107,460477,120973,120592,35635,156227,1527
2022-09-01,Tuolumne,109,53932,15390,15294,912,16206,196
2022-09-01,Ventura,111,848112,206111,205627,15360,220987,1558
2022-09-01,Yolo,113,214977,46959,46882,4190,51072,334
2022-09-01,Yuba,115,75493,18652,18615,1675,20290,129
2022-08-31,Alameda,001,1643700,342689,340789,19281,360070,1986
2022-08-31,Alpine,002,1148,133,133,1,134,0
2022-08-31,Amador,005,37829,9879,9829,913,10742,89
2022-08-31,Butte,007,227075,38989,38720,8909,47629,452
2022-08-31,Calaveras,009,45235,8423,8404,520,8924,133
2022-08-31,Colusa,011,21464,3753,3744,1260,5004,22
2022-08-31,Contra Costa,013,1133247,248154,244168,20367,264535,1409
2022-08-31,Del Norte,015,27424,7359,7333,391,7724,56
2022-08-31,El Dorado,017,186661,31924,31864,4172,36036,226
2022-08-31,Fresno,019,978130,275713,270456,31053,301509,2829
2022-08-31,Glenn,021,27897,5479,5448,1843,7291,48
2022-08-31,Humboldt,023,135768,21443,21325,4860,26185,154
2022-08-31,Imperial,025,180216,64833,64562,15392,79954,953
2022-08-31,Inyo,027,18085,4455,4444,914,5358,59
2022-08-31,Kern,029,883053,217640,216037,62009,278046,2404
2022-08-31,Kings,031,150075,58866,58629,4050,62679,455
2022-08-31,Lake,033,64148,12649,12563,1145,13708,142
2022-08-31,Lassen,035,31185,9925,9889,978,10867,64
2022-08-31,Los Angeles,037,10098052,3246155,3228552,176237,3404789,32877
2022-08-31,Madera,039,155013,43505,43269,8125,51394,372
2022-08-31,Marin,041,260295,44540,44330,5165,49495,305
2022-08-31,Mariposa,043,17540,3060,3025,339,3364,31
2022-08-31,Mendocino,045,87422,15845,15733,4390,20123,134
2022-08-31,Merced,047,269075,72066,71089,11678,82767,852
2022-08-31,Modoc,049,8938,869,865,314,1179,11
2022-08-31,Mono,051,14174,3192,3181,241,3422,7
2022-08-31,Monterey,053,433212,93475,93046,20649,113695,762
2022-08-31,Napa,055,140530,31800,31725,1387,33112,156
2022-08-31,Nevada,057,99092,18762,18649,1788,20437,132
2022-08-31,Orange,059,3164182,661207,658076,61800,719876,7340
2022-08-31,Placer,061,380077,74985,74612,9437,84049,657
2022-08-31,Plumas,063,18699,3591,3581,430,4011,13
2022-08-31,Riverside,065,2383286,689128,685704,34620,720324,6581
2022-08-31,Sacramento,067,1510023,342653,340949,33691,374640,3230
2022-08-31,San Benito,069,59416,16068,15860,945,16805,103
2022-08-31,San Bernardino,071,2135413,665302,656343,30306,686649,8014
2022-08-31,San Diego,073,3302833,913175,910878,70581,981459,5459
2022-08-31,San Francisco,075,870044,176365,175752,11872,187624,1001
2022-08-31,San Joaquin,077,732212,195683,194437,14613,209050,2298
2022-08-31,San Luis Obispo,079,281455,62674,62312,6975,69287,515
2022-08-31,San Mateo,081,765935,166563,165161,10276,175437,738
2022-08-31,Santa Barbara,083,443738,104544,103894,6750,110644,717
2022-08-31,Santa Clara,085,1922200,430198,424011,18569,442580,2467
2022-08-31,Santa Cruz,087,273765,62216,61812,3372,65184,272
2022-08-31,Shasta,089,179085,34537,34355,7244,41599,590
2022-08-31,Sierra,091,2930,303,302,60,362,5
2022-08-31,Siskiyou,093,43540,5058,5152,3268,8420,89
2022-08-31,Solano,095,438530,104067,103173,7727,110900,461
2022-08-31,Sonoma,097,501317,105596,104964,5183,110147,527
2022-08-31,Stanislaus,099,539301,136479,135801,21360,157161,1722
2022-08-31,Sutter,101,95872,23928,23856,2445,26301,228
2022-08-31,Tehama,103,63373,13478,13370,3026,16396,210
2022-08-31,Trinity,105,12862,1388,1373,373,1746,20
2022-08-31,Tulare,107,460477,120894,120346,35590,155936,1527
2022-08-31,Tuolumne,109,53932,15381,15250,910,16160,196
2022-08-31,Ventura,111,848112,205966,205157,15343,220500,1557
2022-08-31,Yolo,113,214977,46925,46807,4178,50985,334
2022-08-31,Yuba,115,75493,18629,18558,1672,20230,129
2022-08-30,Alameda,001,1643700,342443,340789,19262,360051,1986
2022-08-30,Alpine,002,1148,133,133,1,134,0
2022-08-30,Amador,005,37829,9868,9829,913,10742,89
2022-08-30,Butte,007,227075,38954,38720,8894,47614,452
2022-08-30,Calaveras,009,45235,8420,8404,518,8922,133
2022-08-30,Colusa,011,21464,3752,3744,1258,5002,22
2022-08-30,Contra Costa,013,1133247,247998,244168,20348,264516,1409
2022-08-30,Del Norte,015,27424,7358,7333,391,7724,56
2022-08-30,El Dorado,017,186661,31905,31864,4169,36033,226
2022-08-30,Fresno,019,978130,275513,270456,30955,301411,2829
2022-08-30,Glenn,021,27897,5479,5448,1842,7290,48
2022-08-30,Humboldt,023,135768,21422,21325,4856,26181,154
2022-08-30,Imperial,025,180216,64786,64562,15357,79919,953
2022-08-30,Inyo,027,18085,4454,4444,911,5355,59
2022-08-30,Kern,029,883053,217504,216037,61863,277900,2404
2022-08-30,Kings,031,150075,58810,58629,4046,62675,455
2022-08-30,Lake,033,64148,12639,12563,1143,13706,142
2022-08-30,Lassen,035,31185,9921,9889,978,10867,64
2022-08-30,Los Angeles,037,10098052,3244059,3228552,175972,3404524,32877
2022-08-30,Madera,039,155013,43454,43269,8109,51378,372
2022-08-30,Marin,041,260295,44507,44330,5161,49491,305
2022-08-30,Mariposa,043,17540,3056,3025,339,3364,31
2022-08-30,Mendocino,045,87422,15834,15733,4380,20113,134
2022-08-30,Merced,047,269075,72017,71089,11655,82744,852
2022-08-30,Modoc,049,8938,869,865,314,1179,11
2022-08-30,Mono,051,14174,3190,3181,241,3422,7
2022-08-30,Monterey,053,433212,93429,93046,20633,113679,762
2022-08-30,Napa,055,140530,31782,31725,1386,33111,156
2022-08-30,Nevada,057,99092,18744,18649,1768,20417,132
2022-08-30,Orange,059,3164182,660748,658076,61692,719768,7340
2022-08-30,Placer,061,380077,74948,74612,9429,84041,657
2022-08-30,Plumas,063,18699,3590,3581,430,4011,13
2022-08-30,Riverside,065,2383286,688680,685704,34582,720286,6581
2022-08-30,Sacramento,067,1510023,342453,340949,33650,374599,3230
2022-08-30,San Benito,069,59416,16054,15860,942,16802,103
2022-08-30,San Bernardino,071,2135413,664824,656343,30274,686617,8014
2022-08-30,San Diego,073,3302833,912647,910878,70486,981364,5459
2022-08-30,San Francisco,075,870044,176243,175752,11863,187615,1001
2022-08-30,San Joaquin,077,732212,195531,194437,14579,209016,2298
2022-08-30,San Luis Obispo,079,281455,62635,62312,6961,69273,515
2022-08-30,San Mateo,081,765935,166456,165161,10267,175428,738
2022-08-30,Santa Barbara,083,443738,104448,103894,6740,110634,717
2022-08-30,Santa Clara,085,1922200,429868,424011,18557,442568,2467
2022-08-30,Santa Cruz,087,273765,62164,61812,3366,65178,272
2022-08-30,Shasta,089,179085,34513,34355,7239,41594,590
2022-08-30,Sierra,091,2930,303,302,60,362,5
2022-08-30,Siskiyou,093,43540,5050,5152,3266,8418,89
2022-08-30,Solano,095,438530,103979,103173,7720,110893,461
2022-08-30,Sonoma,097,501317,105534,104964,5176,110140,527
2022-08-30,Stanislaus,099,539301,136373,135801,21346,157147,1722
2022-08-30,Sutter,101,95872,23910,23856,2445,26301,228
2022-08-30,Tehama,103,63373,13471,13370,3019,16389,210
2022-08-30,Trinity,105,12862,1387,1373,372,1745,20
2022-08-30,Tulare,107,460477,120809,120346,35537,155883,1527
2022-08-30,Tuolumne,109,53932,15366,15250,910,16160,196
2022-08-30,Ventura,111,848112,205804,205157,15305,220462,1557
2022-08-30,Yolo,113,214977,46905,46807,4170,50977,334
2022-08-30,Yuba,115,75493,18617,18558,1670,20228,129
2022-08-29,Alameda,001,1643700,342110,340789,19238,360027,1986
2022-08-29,Alpine,002,1148,133,133,1,134,0
2022-08-29,Amador,005,37829,9854,9829,912,10741,89
2022-08-29,Butte,007,227075,38912,38720,8878,47598,452
2022-08-29,Calaveras,009,45235,8419,8404,516,8920,133
2022-08-29,Colusa,011,21464,3752,3744,1258,5002,22
2022-08-29,Contra Costa,013,1133247,247822,244168,20325,264493,1409
2022-08-29,Del Norte,015,27424,7357,7333,391,7724,56
2022-08-29,El Dorado,017,186661,31888,31864,4165,36029,226
2022-08-29,Fresno,019,978130,275286,270456,30916,301372,2829
2022-08-29,Glenn,021,27897,5477,5448,1839,7287,48
2022-08-29,Humboldt,023,135768,21399,21325,4849,26174,154
2022-08-29,Imperial,025,180216,64742,64562,15318,79880,953
2022-08-29,Inyo,027,18085,4453,4444,907,5351,59
2022-08-29,Kern,029,883053,217333,216037,61728,277765,2404
2022-08-29,Kings,031,150075,58740,58629,4042,62671,455
2022-08-29,Lake,033,64148,12625,12563,1142,13705,142
2022-08-29,Lassen,035,31185,9915,9889,978,10867,64
2022-08-29,Los Angeles,037,10098052,3241821,3228552,175697,3404249,32877
2022-08-29,Madera,039,155013,43415,43269,8089,51358,372
2022-08-29,Marin,041,260295,44473,44330,5155,49485,305
2022-08-29,Mariposa,043,17540,3052,3025,338,3363,31
2022-08-29,Mendocino,045,87422,15819,15733,4369,20102,134
2022-08-29,Merced,047,269075,71957,71089,11626,82715,852
2022-08-29,Modoc,049,8938,868,865,313,1178,11
2022-08-29,Mono,051,14174,3189,3181,241,3422,7
2022-08-29,Monterey,053,433212,93391,93046,20603,113649,762
2022-08-29,Napa,055,140530,31762,31725,1386,33111,156
2022-08-29,Nevada,057,99092,18728,18649,1766,20415,132
2022-08-29,Orange,059,3164182,660294,658076,61615,719691,7340
2022-08-29,Placer,061,380077,74910,74612,9417,84029,657
2022-08-29,Plumas,063,18699,3589,3581,430,4011,13
2022-08-29,Riverside,065,2383286,688107,685704,34528,720232,6581
2022-08-29,Sacramento,067,1510023,342175,340949,33593,374542,3230
2022-08-29,San Benito,069,59416,16041,15860,940,16800,103
2022-08-29,San Bernardino,071,2135413,664238,656343,30236,686579,8014
2022-08-29,San Diego,073,3302833,912019,910878,70419,981297,5459
2022-08-29,San Francisco,075,870044,176138,175752,11852,187604,1001
2022-08-29,San Joaquin,077,732212,195387,194437,14549,208986,2298
2022-08-29,San Luis Obispo,079,281455,62602,62312,6948,69260,515
2022-08-29,San Mateo,081,765935,166348,165161,10259,175420,738
2022-08-29,Santa Barbara,083,443738,104353,103894,6729,110623,717
2022-08-29,Santa Clara,085,1922200,429469,424011,18533,442544,2467
2022-08-29,Santa Cruz,087,273765,62097,61812,3359,65171,272
2022-08-29,Shasta,089,179085,34494,34355,7226,41581,590
2022-08-29,Sierra,091,2930,303,302,60,362,5
2022-08-29,Siskiyou,093,43540,5046,5152,3265,8417,89
2022-08-29,Solano,095,438530,103898,103173,7709,110882,461
2022-08-29,Sonoma,097,501317,105453,104964,5170,110134,527
2022-08-29,Stanislaus,099,539301,136253,135801,21312,157113,1722
2022-08-29,Sutter,101,95872,23882,23856,2442,26298,228
2022-08-29,Tehama,103,63373,13462,13370,3018,16388,210
2022-08-29,Trinity,105,12862,1386,1373,372,1745,20
2022-08-29,Tulare,107,460477,120717,120346,35469,155815,1527
2022-08-29,Tuolumne,109,53932,15351,15250,910,16160,196
2022-08-29,Ventura,111,848112,205656,205157,15282,220439,1557
2022-08-29,Yolo,113,214977,46879,46807,4160,50967,334
2022-08-29,Yuba,115,75493,18599,18558,1665,20223,129
2022-08-28,Alameda,001,1643700,341784,339618,19216,358834,1978
2022-08-28,Alpine,002,1148,133,133,1,134,0
2022-08-28,Amador,005,37829,9847,9802,910,10712,89
2022-08-28,Butte,007,227075,38861,38606,8867,47473,452
2022-08-28,Calaveras,009,45235,8411,8368,515,8883,133
2022-08-28,Colusa,011,21464,3749,3736,1254,4990,22
2022-08-28,Contra Costa,013,1133247,247601,243331,20305,263636,1404
2022-08-28,Del Norte,015,27424,7351,7316,390,7706,55
2022-08-28,El Dorado,017,186661,31857,31760,4157,35917,226
2022-08-28,Fresno,019,978130,275038,269680,30860,300540,2829
2022-08-28,Glenn,021,27897,5474,5434,1837,7271,49
2022-08-28,Humboldt,023,135768,21374,21264,4835,26099,154
2022-08-28,Imperial,025,180216,64689,64391,15269,79660,953
2022-08-28,Inyo,027,18085,4452,4443,904,5347,59
2022-08-28,Kern,029,883053,217193,215612,61548,277160,2399
2022-08-28,Kings,031,150075,58683,58443,4031,62474,455
2022-08-28,Lake,033,64148,12613,12524,1138,13662,142
2022-08-28,Lassen,035,31185,9903,9871,978,10849,64
2022-08-28,Los Angeles,037,10098052,3239119,3219328,175343,3394671,32833
2022-08-28,Madera,039,155013,43365,43105,8055,51160,372
2022-08-28,Marin,041,260295,44441,44192,5146,49338,305
2022-08-28,Mariposa,043,17540,3046,3018,337,3355,31
2022-08-28,Mendocino,045,87422,15805,15698,4365,20063,134
2022-08-28,Merced,047,269075,71882,70906,11576,82482,851
2022-08-28,Modoc,049,8938,868,865,313,1178,11
2022-08-28,Mono,051,14174,3188,3181,241,3422,7
2022-08-28,Monterey,053,433212,93325,92844,20574,113418,760
2022-08-28,Napa,055,140530,31734,31668,1385,33053,156
2022-08-28,Nevada,057,99092,18705,18592,1765,20357,132
2022-08-28,Orange,059,3164182,659818,656440,61514,717954,7326
2022-08-28,Placer,061,380077,74864,74391,9405,83796,657
2022-08-28,Plumas,063,18699,3587,3571,430,4001,13
2022-08-28,Riverside,065,2383286,687469,683511,34463,717974,6580
2022-08-28,Sacramento,067,1510023,341846,339846,33523,373369,3222
2022-08-28,San Benito,069,59416,16028,15805,937,16742,103
2022-08-28,San Bernardino,071,2135413,663629,653843,30181,684024,8017
2022-08-28,San Diego,073,3302833,911260,908809,70311,979120,5456
2022-08-28,San Francisco,075,870044,175985,175204,11840,187044,1000
2022-08-28,San Joaquin,077,732212,195152,193880,14519,208399,2296
2022-08-28,San Luis Obispo,079,281455,62553,62105,6929,69034,515
2022-08-28,San Mateo,081,765935,166193,164675,10248,174923,738
2022-08-28,Santa Barbara,083,443738,104219,103496,6710,110206,717
2022-08-28,Santa Clara,085,1922200,429055,422650,18512,441162,2459
2022-08-28,Santa Cruz,087,273765,61996,61594,3345,64939,273
2022-08-28,Shasta,089,179085,34459,34283,7213,41496,590
2022-08-28,Sierra,091,2930,302,300,60,360,5
2022-08-28,Siskiyou,093,43540,5040,5140,3263,8403,89
2022-08-28,Solano,095,438530,103802,102855,7701,110556,460
2022-08-28,Sonoma,097,501317,105370,104646,5159,109805,557
2022-08-28,Stanislaus,099,539301,136100,135310,21285,156595,1722
2022-08-28,Sutter,101,95872,23855,23759,2439,26198,228
2022-08-28,Tehama,103,63373,13442,13340,3016,16356,210
2022-08-28,Trinity,105,12862,1386,1370,370,1740,20
2022-08-28,Tulare,107,460477,120602,119942,35362,155304,1527
2022-08-28,Tuolumne,109,53932,15345,15193,905,16098,196
2022-08-28,Ventura,111,848112,205457,204567,15214,219781,1553
2022-08-28,Yolo,113,214977,46827,46744,4149,50893,334
2022-08-28,Yuba,115,75493,18580,18482,1659,20141,129
2022-08-27,Alameda,001,1643700,341587,339618,19210,358828,1978
2022-08-27,Alpine,002,1148,133,133,1,134,0
2022-08-27,Amador,005,37829,9841,9802,909,10711,89
2022-08-27,Butte,007,227075,38833,38606,8854,47460,452
2022-08-27,Calaveras,009,45235,8406,8368,515,8883,133
2022-08-27,Colusa,011,21464,3747,3736,1249,4985,22
2022-08-27,Contra Costa,013,1133247,247460,243331,20296,263627,1404
2022-08-27,Del Norte,015,27424,7349,7316,390,7706,55
2022-08-27,El Dorado,017,186661,31845,31760,4153,35913,226
2022-08-27,Fresno,019,978130,274915,269680,30844,300524,2829
2022-08-27,Glenn,021,27897,5472,5434,1837,7271,49
2022-08-27,Humboldt,023,135768,21358,21264,4827,26091,154
2022-08-27,Imperial,025,180216,64667,64391,15259,79650,953
2022-08-27,Inyo,027,18085,4451,4443,904,5347,59
2022-08-27,Kern,029,883053,217107,215612,61439,277051,2399
2022-08-27,Kings,031,150075,58653,58443,4028,62471,455
2022-08-27,Lake,033,64148,12608,12524,1134,13658,142
2022-08-27,Lassen,035,31185,9899,9871,978,10849,64
2022-08-27,Los Angeles,037,10098052,3237791,3219328,175131,3394459,32833
2022-08-27,Madera,039,155013,43330,43105,8051,51156,372
2022-08-27,Marin,041,260295,44420,44192,5137,49329,305
2022-08-27,Mariposa,043,17540,3045,3018,336,3354,31
2022-08-27,Mendocino,045,87422,15799,15698,4363,20061,134
2022-08-27,Merced,047,269075,71838,70906,11568,82474,851
2022-08-27,Modoc,049,8938,868,865,313,1178,11
2022-08-27,Mono,051,14174,3187,3181,241,3422,7
2022-08-27,Monterey,053,433212,93293,92844,20558,113402,760
2022-08-27,Napa,055,140530,31719,31668,1383,33051,156
2022-08-27,Nevada,057,99092,18694,18592,1763,20355,132
2022-08-27,Orange,059,3164182,659544,656440,61415,717855,7326
2022-08-27,Placer,061,380077,74827,74391,9401,83792,657
2022-08-27,Plumas,063,18699,3586,3571,430,4001,13
2022-08-27,Riverside,065,2383286,687134,683511,34437,717948,6580
2022-08-27,Sacramento,067,1510023,341709,339846,33509,373355,3222
2022-08-27,San Benito,069,59416,16012,15805,933,16738,103
2022-08-27,San Bernardino,071,2135413,663308,653843,30152,683995,8017
2022-08-27,San Diego,073,3302833,910922,908809,70270,979079,5456
2022-08-27,San Francisco,075,870044,175912,175204,11834,187038,1000
2022-08-27,San Joaquin,077,732212,195093,193880,14498,208378,2296
2022-08-27,San Luis Obispo,079,281455,62538,62105,6922,69027,515
2022-08-27,San Mateo,081,765935,166096,164675,10247,174922,738
2022-08-27,Santa Barbara,083,443738,104156,103496,6699,110195,717
2022-08-27,Santa Clara,085,1922200,428837,422650,18502,441152,2459
2022-08-27,Santa Cruz,087,273765,61983,61594,3344,64938,273
2022-08-27,Shasta,089,179085,34448,34283,7208,41491,590
2022-08-27,Sierra,091,2930,302,300,60,360,5
2022-08-27,Siskiyou,093,43540,5038,5140,3263,8403,89
2022-08-27,Solano,095,438530,103765,102855,7693,110548,460
2022-08-27,Sonoma,097,501317,105328,104646,5156,109802,557
2022-08-27,Stanislaus,099,539301,136021,135310,21264,156574,1722
2022-08-27,Sutter,101,95872,23840,23759,2439,26198,228
2022-08-27,Tehama,103,63373,13436,13340,3015,16355,210
2022-08-27,Trinity,105,12862,1385,1370,368,1738,20
2022-08-27,Tulare,107,460477,120542,119942,35313,155255,1527
2022-08-27,Tuolumne,109,53932,15338,15193,904,16097,196
2022-08-27,Ventura,111,848112,205372,204567,15201,219768,1553
2022-08-27,Yolo,113,214977,46807,46744,4145,50889,334
2022-08-27,Yuba,115,75493,18568,18482,1658,20140,129
2022-08-26,Alameda,001,1643700,341414,339618,19207,358825,1978
2022-08-26,Alpine,002,1148,133,133,1,134,0
2022-08-26,Amador,005,37829,9838,9802,907,10709,89
2022-08-26,Butte,007,227075,38819,38606,8842,47448,452
2022-08-26,Calaveras,009,45235,8401,8368,515,8883,133
2022-08-26,Colusa,011,21464,3746,3736,1249,4985,22
2022-08-26,Contra Costa,013,1133247,247303,243331,20289,263620,1404
2022-08-26,Del Norte,015,27424,7347,7316,390,7706,55
2022-08-26,El Dorado,017,186661,31825,31760,4152,35912,226
2022-08-26,Fresno,019,978130,274759,269680,30807,300487,2829
2022-08-26,Glenn,021,27897,5469,5434,1835,7269,49
2022-08-26,Humboldt,023,135768,21351,21264,4825,26089,154
2022-08-26,Imperial,025,180216,64644,64391,15246,79637,953
2022-08-26,Inyo,027,18085,4450,4443,897,5340,59
2022-08-26,Kern,029,883053,217015,215612,61341,276953,2399
2022-08-26,Kings,031,150075,58639,58443,4026,62469,455
2022-08-26,Lake,033,64148,12600,12524,1133,13657,142
2022-08-26,Lassen,035,31185,9897,9871,978,10849,64
2022-08-26,Los Angeles,037,10098052,3236379,3219328,174917,3394245,32833
2022-08-26,Madera,039,155013,43300,43105,8045,51150,372
2022-08-26,Marin,041,260295,44388,44192,5135,49327,305
2022-08-26,Mariposa,043,17540,3040,3018,332,3350,31
2022-08-26,Mendocino,045,87422,15793,15698,4361,20059,134
2022-08-26,Merced,047,269075,71798,70906,11559,82465,851
2022-08-26,Modoc,049,8938,867,865,313,1178,11
2022-08-26,Mono,051,14174,3187,3181,241,3422,7
2022-08-26,Monterey,053,433212,93252,92844,20543,113387,760
2022-08-26,Napa,055,140530,31705,31668,1383,33051,156
2022-08-26,Nevada,057,99092,18682,18592,1761,20353,132
2022-08-26,Orange,059,3164182,659278,656440,61354,717794,7326
2022-08-26,Placer,061,380077,74793,74391,9390,83781,657
2022-08-26,Plumas,063,18699,3585,3571,430,4001,13
2022-08-26,Riverside,065,2383286,686779,683511,34405,717916,6580
2022-08-26,Sacramento,067,1510023,341520,339846,33490,373336,3222
2022-08-26,San Benito,069,59416,16001,15805,933,16738,103
2022-08-26,San Bernardino,071,2135413,662977,653843,30131,683974,8017
2022-08-26,San Diego,073,3302833,910500,908809,70247,979056,5456
2022-08-26,San Francisco,075,870044,175828,175204,11829,187033,1000
2022-08-26,San Joaquin,077,732212,195019,193880,14481,208361,2296
2022-08-26,San Luis Obispo,079,281455,62516,62105,6918,69023,515
2022-08-26,San Mateo,081,765935,166002,164675,10242,174917,738
2022-08-26,Santa Barbara,083,443738,104104,103496,6693,110189,717
2022-08-26,Santa Clara,085,1922200,428616,422650,18492,441142,2459
2022-08-26,Santa Cruz,087,273765,61936,61594,3340,64934,273
2022-08-26,Shasta,089,179085,34436,34283,7204,41487,590
2022-08-26,Sierra,091,2930,302,300,60,360,5
2022-08-26,Siskiyou,093,43540,5035,5140,3263,8403,89
2022-08-26,Solano,095,438530,103707,102855,7682,110537,460
2022-08-26,Sonoma,097,501317,105283,104646,5156,109802,557
2022-08-26,Stanislaus,099,539301,135944,135310,21255,156565,1722
2022-08-26,Sutter,101,95872,23821,23759,2438,26197,228
2022-08-26,Tehama,103,63373,13425,13340,3013,16353,210
2022-08-26,Trinity,105,12862,1385,1370,368,1738,20
2022-08-26,Tulare,107,460477,120478,119942,35265,155207,1527
2022-08-26,Tuolumne,109,53932,15326,15193,904,16097,196
2022-08-26,Ventura,111,848112,205292,204567,15186,219753,1553
2022-08-26,Yolo,113,214977,46795,46744,4141,50885,334
2022-08-26,Yuba,115,75493,18555,18482,1658,20140,129
2022-08-25,Alameda,001,1643700,341120,339618,19180,358798,1978
2022-08-25,Alpine,002,1148,133,133,1,134,0
2022-08-25,Amador,005,37829,9831,9802,907,10709,89
2022-08-25,Butte,007,227075,38795,38606,8833,47439,452
2022-08-25,Calaveras,009,45235,8395,8368,515,8883,133
2022-08-25,Colusa,011,21464,3746,3736,1247,4983,22
2022-08-25,Contra Costa,013,1133247,247099,243331,20269,263600,1404
2022-08-25,Del Norte,015,27424,7338,7316,390,7706,55
2022-08-25,El Dorado,017,186661,31804,31760,4147,35907,226
2022-08-25,Fresno,019,978130,274558,269680,30756,300436,2829
2022-08-25,Glenn,021,27897,5464,5434,1834,7268,49
2022-08-25,Humboldt,023,135768,21330,21264,4815,26079,154
2022-08-25,Imperial,025,180216,64602,64391,15218,79609,953
2022-08-25,Inyo,027,18085,4450,4443,890,5333,59
2022-08-25,Kern,029,883053,216870,215612,61239,276851,2399
2022-08-25,Kings,031,150075,58583,58443,4018,62461,455
2022-08-25,Lake,033,64148,12586,12524,1131,13655,142
2022-08-25,Lassen,035,31185,9896,9871,977,10848,64
2022-08-25,Los Angeles,037,10098052,3234219,3219328,174624,3393952,32833
2022-08-25,Madera,039,155013,43253,43105,8031,51136,372
2022-08-25,Marin,041,260295,44360,44192,5127,49319,305
2022-08-25,Mariposa,043,17540,3038,3018,332,3350,31
2022-08-25,Mendocino,045,87422,15784,15698,4360,20058,134
2022-08-25,Merced,047,269075,71751,70906,11527,82433,851
2022-08-25,Modoc,049,8938,867,865,313,1178,11
2022-08-25,Mono,051,14174,3187,3181,241,3422,7
2022-08-25,Monterey,053,433212,93200,92844,20522,113366,760
2022-08-25,Napa,055,140530,31687,31668,1383,33051,156
2022-08-25,Nevada,057,99092,18660,18592,1756,20348,132
2022-08-25,Orange,059,3164182,658854,656440,61269,717709,7326
2022-08-25,Placer,061,380077,74743,74391,9383,83774,657
2022-08-25,Plumas,063,18699,3583,3571,430,4001,13
2022-08-25,Riverside,065,2383286,686255,683511,34358,717869,6580
2022-08-25,Sacramento,067,1510023,341242,339846,33446,373292,3222
2022-08-25,San Benito,069,59416,15988,15805,932,16737,103
2022-08-25,San Bernardino,071,2135413,662440,653843,30100,683943,8017
2022-08-25,San Diego,073,3302833,909954,908809,70168,978977,5456
2022-08-25,San Francisco,075,870044,175715,175204,11824,187028,1000
2022-08-25,San Joaquin,077,732212,194872,193880,14456,208336,2296
2022-08-25,San Luis Obispo,079,281455,62416,62105,6908,69013,515
2022-08-25,San Mateo,081,765935,165871,164675,10235,174910,738
2022-08-25,Santa Barbara,083,443738,104009,103496,6678,110174,717
2022-08-25,Santa Clara,085,1922200,428296,422650,18474,441124,2459
2022-08-25,Santa Cruz,087,273765,61876,61594,3336,64930,273
2022-08-25,Shasta,089,179085,34417,34283,7192,41475,590
2022-08-25,Sierra,091,2930,302,300,60,360,5
2022-08-25,Siskiyou,093,43540,5030,5140,3258,8398,89
2022-08-25,Solano,095,438530,103621,102855,7672,110527,460
2022-08-25,Sonoma,097,501317,105207,104646,5149,109795,557
2022-08-25,Stanislaus,099,539301,135818,135310,21232,156542,1722
2022-08-25,Sutter,101,95872,23798,23759,2436,26195,228
2022-08-25,Tehama,103,63373,13417,13340,3006,16346,210
2022-08-25,Trinity,105,12862,1385,1370,367,1737,20
2022-08-25,Tulare,107,460477,120384,119942,35194,155136,1527
2022-08-25,Tuolumne,109,53932,15308,15193,903,16096,196
2022-08-25,Ventura,111,848112,205138,204567,15136,219703,1553
2022-08-25,Yolo,113,214977,46768,46744,4132,50876,334
2022-08-25,Yuba,115,75493,18536,18482,1655,20137,129
2022-08-24,Alameda,001,1643700,340810,338591,19156,357747,1976
2022-08-24,Alpine,002,1148,133,131,1,132,0
2022-08-24,Amador,005,37829,9824,9786,904,10690,89
2022-08-24,Butte,007,227075,38757,38458,8817,47275,449
2022-08-24,Calaveras,009,45235,8380,8334,514,8848,132
2022-08-24,Colusa,011,21464,3746,3722,1244,4966,22
2022-08-24,Contra Costa,013,1133247,246910,242633,20243,262876,1399
2022-08-24,Del Norte,015,27424,7334,7308,388,7696,55
2022-08-24,El Dorado,017,186661,31789,31682,4142,35824,225
2022-08-24,Fresno,019,978130,274362,269025,30699,299724,2822
2022-08-24,Glenn,021,27897,5462,5423,1834,7257,48
2022-08-24,Humboldt,023,135768,21309,21195,4804,25999,153
2022-08-24,Imperial,025,180216,64565,64271,15201,79472,951
2022-08-24,Inyo,027,18085,4449,4440,889,5329,59
2022-08-24,Kern,029,883053,216719,215225,61117,276342,2399
2022-08-24,Kings,031,150075,58529,58324,4014,62338,454
2022-08-24,Lake,033,64148,12576,12476,1130,13606,142
2022-08-24,Lassen,035,31185,9893,9867,974,10841,64
2022-08-24,Los Angeles,037,10098052,3231857,3211321,174313,3385634,32783
2022-08-24,Madera,039,155013,43212,42984,8006,50990,372
2022-08-24,Marin,041,260295,44323,44082,5119,49201,305
2022-08-24,Mariposa,043,17540,3038,3010,332,3342,31
2022-08-24,Mendocino,045,87422,15772,15623,4350,19973,134
2022-08-24,Merced,047,269075,71701,70665,11494,82159,849
2022-08-24,Modoc,049,8938,867,864,312,1176,11
2022-08-24,Mono,051,14174,3187,3181,241,3422,7
2022-08-24,Monterey,053,433212,93139,92590,20482,113072,760
2022-08-24,Napa,055,140530,31677,31602,1381,32983,156
2022-08-24,Nevada,057,99092,18644,18565,1753,20318,132
2022-08-24,Orange,059,3164182,658396,654893,61177,716070,7312
2022-08-24,Placer,061,380077,74682,74226,9378,83604,657
2022-08-24,Plumas,063,18699,3579,3555,430,3985,13
2022-08-24,Riverside,065,2383286,685716,681805,34305,716110,6573
2022-08-24,Sacramento,067,1510023,340963,339009,33399,372408,3208
2022-08-24,San Benito,069,59416,15966,15745,929,16674,103
2022-08-24,San Bernardino,071,2135413,661922,651496,30062,681558,8018
2022-08-24,San Diego,073,3302833,909390,906885,70098,976983,5453
2022-08-24,San Francisco,075,870044,175572,174731,11819,186550,974
2022-08-24,San Joaquin,077,732212,194716,193370,14430,207800,2288
2022-08-24,San Luis Obispo,079,281455,62377,61962,6895,68857,515
2022-08-24,San Mateo,081,765935,165752,164307,10229,174536,738
2022-08-24,Santa Barbara,083,443738,103932,103237,6662,109899,716
2022-08-24,Santa Clara,085,1922200,427939,421483,18462,439945,2454
2022-08-24,Santa Cruz,087,273765,61849,61387,3330,64717,270
2022-08-24,Shasta,089,179085,34403,34180,7178,41358,589
2022-08-24,Sierra,091,2930,302,301,60,361,5
2022-08-24,Siskiyou,093,43540,5026,5133,3257,8390,88
2022-08-24,Solano,095,438530,103534,102631,7661,110292,459
2022-08-24,Sonoma,097,501317,105130,104444,5148,109592,520
2022-08-24,Stanislaus,099,539301,135689,134894,21206,156100,1720
2022-08-24,Sutter,101,95872,23766,23673,2435,26108,228
2022-08-24,Tehama,103,63373,13412,13312,3002,16314,209
2022-08-24,Trinity,105,12862,1384,1369,367,1736,20
2022-08-24,Tulare,107,460477,120276,119644,35093,154737,1525
2022-08-24,Tuolumne,109,53932,15298,15140,903,16043,196
2022-08-24,Ventura,111,848112,204972,204064,15096,219160,1551
2022-08-24,Yolo,113,214977,46739,46665,4123,50788,333
2022-08-24,Yuba,115,75493,18512,18425,1649,20074,129
2022-08-23,Alameda,001,1643700,340489,338591,19131,357722,1976
2022-08-23,Alpine,002,1148,133,131,1,132,0
2022-08-23,Amador,005,37829,9813,9786,903,10689,89
2022-08-23,Butte,007,227075,38725,38458,8797,47255,449
2022-08-23,Calaveras,009,45235,8371,8334,510,8844,132
2022-08-23,Colusa,011,21464,3743,3722,1240,4962,22
2022-08-23,Contra Costa,013,1133247,246712,242633,20213,262846,1399
2022-08-23,Del Norte,015,27424,7330,7308,388,7696,55
2022-08-23,El Dorado,017,186661,31769,31682,4139,35821,225
2022-08-23,Fresno,019,978130,274108,269025,30640,299665,2822
2022-08-23,Glenn,021,27897,5456,5423,1833,7256,48
2022-08-23,Humboldt,023,135768,21296,21195,4792,25987,153
2022-08-23,Imperial,025,180216,64522,64271,15182,79453,951
2022-08-23,Inyo,027,18085,4447,4440,882,5322,59
2022-08-23,Kern,029,883053,216584,215225,60954,276179,2399
2022-08-23,Kings,031,150075,58478,58324,4009,62333,454
2022-08-23,Lake,033,64148,12556,12476,1129,13605,142
2022-08-23,Lassen,035,31185,9889,9867,974,10841,64
2022-08-23,Los Angeles,037,10098052,3229191,3211321,173991,3385312,32783
2022-08-23,Madera,039,155013,43167,42984,7982,50966,372
2022-08-23,Marin,041,260295,44291,44082,5116,49198,305
2022-08-23,Mariposa,043,17540,3034,3010,328,3338,31
2022-08-23,Mendocino,045,87422,15754,15623,4342,19965,134
2022-08-23,Merced,047,269075,71640,70665,11441,82106,849
2022-08-23,Modoc,049,8938,867,864,312,1176,11
2022-08-23,Mono,051,14174,3187,3181,241,3422,7
2022-08-23,Monterey,053,433212,93071,92590,20438,113028,760
2022-08-23,Napa,055,140530,31659,31602,1381,32983,156
2022-08-23,Nevada,057,99092,18630,18565,1745,20310,132
2022-08-23,Orange,059,3164182,657869,654893,61067,715960,7312
2022-08-23,Placer,061,380077,74617,74226,9364,83590,657
2022-08-23,Plumas,063,18699,3573,3555,430,3985,13
2022-08-23,Riverside,065,2383286,685100,681805,34240,716045,6573
2022-08-23,Sacramento,067,1510023,340636,339009,33348,372357,3208
2022-08-23,San Benito,069,59416,15943,15745,925,16670,103
2022-08-23,San Bernardino,071,2135413,661299,651496,30012,681508,8018
2022-08-23,San Diego,073,3302833,908772,906885,70021,976906,5453
2022-08-23,San Francisco,075,870044,175416,174731,11809,186540,974
2022-08-23,San Joaquin,077,732212,194561,193370,14387,207757,2288
2022-08-23,San Luis Obispo,079,281455,62329,61962,6884,68846,515
2022-08-23,San Mateo,081,765935,165623,164307,10226,174533,738
2022-08-23,Santa Barbara,083,443738,103837,103237,6647,109884,716
2022-08-23,Santa Clara,085,1922200,427550,421483,18450,439933,2454
2022-08-23,Santa Cruz,087,273765,61796,61387,3327,64714,270
2022-08-23,Shasta,089,179085,34380,34180,7172,41352,589
2022-08-23,Sierra,091,2930,302,301,60,361,5
2022-08-23,Siskiyou,093,43540,5026,5133,3255,8388,88
2022-08-23,Solano,095,438530,103439,102631,7655,110286,459
2022-08-23,Sonoma,097,501317,105049,104444,5137,109581,520
2022-08-23,Stanislaus,099,539301,135569,134894,21162,156056,1720
2022-08-23,Sutter,101,95872,23747,23673,2430,26103,228
2022-08-23,Tehama,103,63373,13401,13312,3000,16312,209
2022-08-23,Trinity,105,12862,1382,1369,367,1736,20
2022-08-23,Tulare,107,460477,120164,119644,34991,154635,1525
2022-08-23,Tuolumne,109,53932,15283,15140,902,16042,196
2022-08-23,Ventura,111,848112,204797,204064,15060,219124,1551
2022-08-23,Yolo,113,214977,46713,46665,4121,50786,333
2022-08-23,Yuba,115,75493,18491,18425,1645,20070,129
2022-08-22,Alameda,001,1643700,340118,338591,19105,357696,1976
2022-08-22,Alpine,002,1148,133,131,1,132,0
2022-08-22,Amador,005,37829,9808,9786,902,10688,89
2022-08-22,Butte,007,227075,38676,38458,8780,47238,449
2022-08-22,Calaveras,009,45235,8360,8334,508,8842,132
2022-08-22,Colusa,011,21464,3741,3722,1236,4958,22
2022-08-22,Contra Costa,013,1133247,246464,242633,20174,262807,1399
2022-08-22,Del Norte,015,27424,7329,7308,388,7696,55
2022-08-22,El Dorado,017,186661,31745,31682,4135,35817,225
2022-08-22,Fresno,019,978130,273867,269025,30555,299580,2822
2022-08-22,Glenn,021,27897,5455,5423,1831,7254,48
2022-08-22,Humboldt,023,135768,21275,21195,4777,25972,153
2022-08-22,Imperial,025,180216,64448,64271,15141,79412,951
2022-08-22,Inyo,027,18085,4445,4440,882,5322,59
2022-08-22,Kern,029,883053,216427,215225,60769,275994,2399
2022-08-22,Kings,031,150075,58426,58324,4001,62325,454
2022-08-22,Lake,033,64148,12532,12476,1126,13602,142
2022-08-22,Lassen,035,31185,9887,9867,974,10841,64
2022-08-22,Los Angeles,037,10098052,3226262,3211321,173646,3384967,32783
2022-08-22,Madera,039,155013,43113,42984,7957,50941,372
2022-08-22,Marin,041,260295,44258,44082,5108,49190,305
2022-08-22,Mariposa,043,17540,3027,3010,327,3337,31
2022-08-22,Mendocino,045,87422,15732,15623,4325,19948,134
2022-08-22,Merced,047,269075,71564,70665,11399,82064,849
2022-08-22,Modoc,049,8938,867,864,312,1176,11
2022-08-22,Mono,051,14174,3187,3181,241,3422,7
2022-08-22,Monterey,053,433212,92996,92590,20389,112979,760
2022-08-22,Napa,055,140530,31633,31602,1378,32980,156
2022-08-22,Nevada,057,99092,18612,18565,1739,20304,132
2022-08-22,Orange,059,3164182,657263,654893,60949,715842,7312
2022-08-22,Placer,061,380077,74540,74226,9357,83583,657
2022-08-22,Plumas,063,18699,3572,3555,430,3985,13
2022-08-22,Riverside,065,2383286,684430,681805,34175,715980,6573
2022-08-22,Sacramento,067,1510023,340295,339009,33265,372274,3208
2022-08-22,San Benito,069,59416,15921,15745,924,16669,103
2022-08-22,San Bernardino,071,2135413,660554,651496,29950,681446,8018
2022-08-22,San Diego,073,3302833,908086,906885,69900,976785,5453
2022-08-22,San Francisco,075,870044,175264,174731,11795,186526,974
2022-08-22,San Joaquin,077,732212,194382,193370,14347,207717,2288
2022-08-22,San Luis Obispo,079,281455,62276,61962,6871,68833,515
2022-08-22,San Mateo,081,765935,165476,164307,10215,174522,738
2022-08-22,Santa Barbara,083,443738,103715,103237,6629,109866,716
2022-08-22,Santa Clara,085,1922200,427113,421483,18428,439911,2454
2022-08-22,Santa Cruz,087,273765,61712,61387,3323,64710,270
2022-08-22,Shasta,089,179085,34363,34180,7162,41342,589
2022-08-22,Sierra,091,2930,302,301,60,361,5
2022-08-22,Siskiyou,093,43540,5022,5133,3253,8386,88
2022-08-22,Solano,095,438530,103349,102631,7642,110273,459
2022-08-22,Sonoma,097,501317,104967,104444,5124,109568,520
2022-08-22,Stanislaus,099,539301,135404,134894,21126,156020,1720
2022-08-22,Sutter,101,95872,23712,23673,2430,26103,228
2022-08-22,Tehama,103,63373,13395,13312,2997,16309,209
2022-08-22,Trinity,105,12862,1377,1369,365,1734,20
2022-08-22,Tulare,107,460477,120033,119644,34890,154534,1525
2022-08-22,Tuolumne,109,53932,15260,15140,902,16042,196
2022-08-22,Ventura,111,848112,204635,204064,14986,219050,1551
2022-08-22,Yolo,113,214977,46675,46665,4111,50776,333
2022-08-22,Yuba,115,75493,18464,18425,1641,20066,129
2022-08-21,Alameda,001,1643700,339686,337238,19077,356315,1970
2022-08-21,Alpine,002,1148,132,131,1,132,0
2022-08-21,Amador,005,37829,9801,9761,897,10658,89
2022-08-21,Butte,007,227075,38630,38316,8762,47078,449
2022-08-21,Calaveras,009,45235,8347,8313,506,8819,132
2022-08-21,Colusa,011,21464,3735,3718,1230,4948,22
2022-08-21,Contra Costa,013,1133247,246175,241665,20143,261808,1399
2022-08-21,Del Norte,015,27424,7322,7290,387,7677,55
2022-08-21,El Dorado,017,186661,31712,31600,4130,35730,225
2022-08-21,Fresno,019,978130,273591,268147,30465,298612,2822
2022-08-21,Glenn,021,27897,5451,5413,1830,7243,48
2022-08-21,Humboldt,023,135768,21251,21104,4759,25863,153
2022-08-21,Imperial,025,180216,64387,64092,15101,79193,951
2022-08-21,Inyo,027,18085,4445,4435,878,5313,59
2022-08-21,Kern,029,883053,216233,214656,60582,275238,2389
2022-08-21,Kings,031,150075,58355,58109,3990,62099,454
2022-08-21,Lake,033,64148,12508,12426,1124,13550,142
2022-08-21,Lassen,035,31185,9880,9843,974,10817,64
2022-08-21,Los Angeles,037,10098052,3222997,3200023,173246,3373269,32746
2022-08-21,Madera,039,155013,43063,42822,7919,50741,372
2022-08-21,Marin,041,260295,44209,43966,5089,49055,305
2022-08-21,Mariposa,043,17540,3025,3003,327,3330,31
2022-08-21,Mendocino,045,87422,15702,15578,4302,19880,134
2022-08-21,Merced,047,269075,71472,70449,11325,81774,846
2022-08-21,Modoc,049,8938,866,862,312,1174,11
2022-08-21,Mono,051,14174,3187,3177,239,3416,7
2022-08-21,Monterey,053,433212,92892,92287,20334,112621,760
2022-08-21,Napa,055,140530,31611,31534,1377,32911,156
2022-08-21,Nevada,057,99092,18600,18497,1735,20232,132
2022-08-21,Orange,059,3164182,656596,652703,60820,713523,7280
2022-08-21,Placer,061,380077,74478,74027,9353,83380,657
2022-08-21,Plumas,063,18699,3565,3550,430,3980,13
2022-08-21,Riverside,065,2383286,683589,679298,34096,713394,6574
2022-08-21,Sacramento,067,1510023,339925,337745,33194,370939,3208
2022-08-21,San Benito,069,59416,15898,15698,921,16619,103
2022-08-21,San Bernardino,071,2135413,659688,648583,29895,678478,8014
2022-08-21,San Diego,073,3302833,907231,904015,69819,973834,5448
2022-08-21,San Francisco,075,870044,175061,174151,11778,185929,973
2022-08-21,San Joaquin,077,732212,194135,192738,14307,207045,2288
2022-08-21,San Luis Obispo,079,281455,62224,61764,6846,68610,516
2022-08-21,San Mateo,081,765935,165316,163705,10210,173915,738
2022-08-21,Santa Barbara,083,443738,103585,102795,6604,109399,713
2022-08-21,Santa Clara,085,1922200,426571,419723,18400,438123,2437
2022-08-21,Santa Cruz,087,273765,61597,61098,3318,64416,269
2022-08-21,Shasta,089,179085,34323,34105,7147,41252,588
2022-08-21,Sierra,091,2930,302,298,60,358,4
2022-08-21,Siskiyou,093,43540,5021,5119,3246,8365,88
2022-08-21,Solano,095,438530,103264,102355,7631,109986,457
2022-08-21,Sonoma,097,501317,104860,104090,5111,109201,511
2022-08-21,Stanislaus,099,539301,135237,134407,21056,155463,1719
2022-08-21,Sutter,101,95872,23679,23587,2423,26010,228
2022-08-21,Tehama,103,63373,13384,13289,2993,16282,209
2022-08-21,Trinity,105,12862,1375,1366,364,1730,20
2022-08-21,Tulare,107,460477,119905,119251,34739,153990,1521
2022-08-21,Tuolumne,109,53932,15243,15085,900,15985,196
2022-08-21,Ventura,111,848112,204401,203318,14917,218235,1547
2022-08-21,Yolo,113,214977,46635,46567,4106,50673,333
2022-08-21,Yuba,115,75493,18441,18363,1634,19997,129
2022-08-20,Alameda,001,1643700,339469,337238,19062,356300,1970
2022-08-20,Alpine,002,1148,132,131,1,132,0
2022-08-20,Amador,005,37829,9798,9761,897,10658,89
2022-08-20,Butte,007,227075,38601,38316,8758,47074,449
2022-08-20,Calaveras,009,45235,8344,8313,505,8818,132
2022-08-20,Colusa,011,21464,3731,3718,1224,4942,22
2022-08-20,Contra Costa,013,1133247,246034,241665,20134,261799,1399
2022-08-20,Del Norte,015,27424,7321,7290,387,7677,55
2022-08-20,El Dorado,017,186661,31692,31600,4128,35728,225
2022-08-20,Fresno,019,978130,273445,268147,30441,298588,2822
2022-08-20,Glenn,021,27897,5448,5413,1830,7243,48
2022-08-20,Humboldt,023,135768,21232,21104,4747,25851,153
2022-08-20,Imperial,025,180216,64350,64092,15082,79174,951
2022-08-20,Inyo,027,18085,4445,4435,878,5313,59
2022-08-20,Kern,029,883053,216140,214656,60459,275115,2389
2022-08-20,Kings,031,150075,58328,58109,3985,62094,454
2022-08-20,Lake,033,64148,12498,12426,1120,13546,142
2022-08-20,Lassen,035,31185,9877,9843,974,10817,64
2022-08-20,Los Angeles,037,10098052,3221406,3200023,173022,3373045,32746
2022-08-20,Madera,039,155013,43039,42822,7913,50735,372
2022-08-20,Marin,041,260295,44191,43966,5087,49053,305
2022-08-20,Mariposa,043,17540,3025,3003,327,3330,31
2022-08-20,Mendocino,045,87422,15686,15578,4301,19879,134
2022-08-20,Merced,047,269075,71448,70449,11317,81766,846
2022-08-20,Modoc,049,8938,866,862,312,1174,11
2022-08-20,Mono,051,14174,3187,3177,237,3414,7
2022-08-20,Monterey,053,433212,92846,92287,20306,112593,760
2022-08-20,Napa,055,140530,31603,31534,1377,32911,156
2022-08-20,Nevada,057,99092,18597,18497,1733,20230,132
2022-08-20,Orange,059,3164182,656264,652703,60739,713442,7280
2022-08-20,Placer,061,380077,74429,74027,9349,83376,657
2022-08-20,Plumas,063,18699,3565,3550,430,3980,13
2022-08-20,Riverside,065,2383286,683160,679298,34069,713367,6574
2022-08-20,Sacramento,067,1510023,339760,337745,33171,370916,3208
2022-08-20,San Benito,069,59416,15879,15698,918,16616,103
2022-08-20,San Bernardino,071,2135413,659251,648583,29866,678449,8014
2022-08-20,San Diego,073,3302833,906850,904015,69793,973808,5448
2022-08-20,San Francisco,075,870044,174937,174151,11777,185928,973
2022-08-20,San Joaquin,077,732212,194035,192738,14280,207018,2288
2022-08-20,San Luis Obispo,079,281455,62206,61764,6838,68602,516
2022-08-20,San Mateo,081,765935,165215,163705,10207,173912,738
2022-08-20,Santa Barbara,083,443738,103514,102795,6597,109392,713
2022-08-20,Santa Clara,085,1922200,426294,419723,18388,438111,2437
2022-08-20,Santa Cruz,087,273765,61567,61098,3314,64412,269
2022-08-20,Shasta,089,179085,34297,34105,7145,41250,588
2022-08-20,Sierra,091,2930,302,298,60,358,4
2022-08-20,Siskiyou,093,43540,5016,5119,3245,8364,88
2022-08-20,Solano,095,438530,103218,102355,7623,109978,457
2022-08-20,Sonoma,097,501317,104806,104090,5108,109198,511
2022-08-20,Stanislaus,099,539301,135145,134407,21041,155448,1719
2022-08-20,Sutter,101,95872,23651,23587,2423,26010,228
2022-08-20,Tehama,103,63373,13376,13289,2993,16282,209
2022-08-20,Trinity,105,12862,1375,1366,364,1730,20
2022-08-20,Tulare,107,460477,119823,119251,34689,153940,1521
2022-08-20,Tuolumne,109,53932,15234,15085,898,15983,196
2022-08-20,Ventura,111,848112,204292,203318,14901,218219,1547
2022-08-20,Yolo,113,214977,46607,46567,4098,50665,333
2022-08-20,Yuba,115,75493,18434,18363,1633,19996,129
2022-08-19,Alameda,001,1643700,339254,337238,19038,356276,1970
2022-08-19,Alpine,002,1148,132,131,1,132,0
2022-08-19,Amador,005,37829,9797,9761,897,10658,89
2022-08-19,Butte,007,227075,38580,38316,8747,47063,449
2022-08-19,Calaveras,009,45235,8339,8313,505,8818,132
2022-08-19,Colusa,011,21464,3730,3718,1223,4941,22
2022-08-19,Contra Costa,013,1133247,245892,241665,20123,261788,1399
2022-08-19,Del Norte,015,27424,7316,7290,387,7677,55
2022-08-19,El Dorado,017,186661,31680,31600,4124,35724,225
2022-08-19,Fresno,019,978130,273281,268147,30417,298564,2822
2022-08-19,Glenn,021,27897,5447,5413,1830,7243,48
2022-08-19,Humboldt,023,135768,21222,21104,4737,25841,153
2022-08-19,Imperial,025,180216,64322,64092,15067,79159,951
2022-08-19,Inyo,027,18085,4445,4435,874,5309,59
2022-08-19,Kern,029,883053,216047,214656,60367,275023,2389
2022-08-19,Kings,031,150075,58286,58109,3978,62087,454
2022-08-19,Lake,033,64148,12485,12426,1118,13544,142
2022-08-19,Lassen,035,31185,9874,9843,974,10817,64
2022-08-19,Los Angeles,037,10098052,3219577,3200023,172805,3372828,32746
2022-08-19,Madera,039,155013,43017,42822,7909,50731,372
2022-08-19,Marin,041,260295,44156,43966,5081,49047,305
2022-08-19,Mariposa,043,17540,3023,3003,327,3330,31
2022-08-19,Mendocino,045,87422,15673,15578,4293,19871,134
2022-08-19,Merced,047,269075,71408,70449,11312,81761,846
2022-08-19,Modoc,049,8938,866,862,312,1174,11
2022-08-19,Mono,051,14174,3187,3177,237,3414,7
2022-08-19,Monterey,053,433212,92792,92287,20276,112563,760
2022-08-19,Napa,055,140530,31585,31534,1375,32909,156
2022-08-19,Nevada,057,99092,18592,18497,1732,20229,132
2022-08-19,Orange,059,3164182,655888,652703,60655,713358,7280
2022-08-19,Placer,061,380077,74393,74027,9341,83368,657
2022-08-19,Plumas,063,18699,3564,3550,430,3980,13
2022-08-19,Riverside,065,2383286,682740,679298,34039,713337,6574
2022-08-19,Sacramento,067,1510023,339569,337745,33144,370889,3208
2022-08-19,San Benito,069,59416,15876,15698,916,16614,103
2022-08-19,San Bernardino,071,2135413,658789,648583,29855,678438,8014
2022-08-19,San Diego,073,3302833,906353,904015,69740,973755,5448
2022-08-19,San Francisco,075,870044,174799,174151,11760,185911,973
2022-08-19,San Joaquin,077,732212,193932,192738,14257,206995,2288
2022-08-19,San Luis Obispo,079,281455,62191,61764,6836,68600,516
2022-08-19,San Mateo,081,765935,165097,163705,10202,173907,738
2022-08-19,Santa Barbara,083,443738,103434,102795,6593,109388,713
2022-08-19,Santa Clara,085,1922200,425977,419723,18374,438097,2437
2022-08-19,Santa Cruz,087,273765,61504,61098,3309,64407,269
2022-08-19,Shasta,089,179085,34280,34105,7145,41250,588
2022-08-19,Sierra,091,2930,302,298,60,358,4
2022-08-19,Siskiyou,093,43540,5009,5119,3245,8364,88
2022-08-19,Solano,095,438530,103158,102355,7616,109971,457
2022-08-19,Sonoma,097,501317,104746,104090,5105,109195,511
2022-08-19,Stanislaus,099,539301,135062,134407,21024,155431,1719
2022-08-19,Sutter,101,95872,23634,23587,2422,26009,228
2022-08-19,Tehama,103,63373,13366,13289,2987,16276,209
2022-08-19,Trinity,105,12862,1374,1366,364,1730,20
2022-08-19,Tulare,107,460477,119736,119251,34637,153888,1521
2022-08-19,Tuolumne,109,53932,15227,15085,897,15982,196
2022-08-19,Ventura,111,848112,204165,203318,14881,218199,1547
2022-08-19,Yolo,113,214977,46584,46567,4095,50662,333
2022-08-19,Yuba,115,75493,18419,18363,1633,19996,129
2022-08-18,Alameda,001,1643700,338956,337238,19009,356247,1970
2022-08-18,Alpine,002,1148,131,131,1,132,0
2022-08-18,Amador,005,37829,9792,9761,896,10657,89
2022-08-18,Butte,007,227075,38550,38316,8733,47049,449
2022-08-18,Calaveras,009,45235,8334,8313,505,8818,132
2022-08-18,Colusa,011,21464,3730,3718,1219,4937,22
2022-08-18,Contra Costa,013,1133247,245679,241665,20094,261759,1399
2022-08-18,Del Norte,015,27424,7311,7290,386,7676,55
2022-08-18,El Dorado,017,186661,31665,31600,4121,35721,225
2022-08-18,Fresno,019,978130,273057,268147,30360,298507,2822
2022-08-18,Glenn,021,27897,5442,5413,1829,7242,48
2022-08-18,Humboldt,023,135768,21197,21104,4710,25814,153
2022-08-18,Imperial,025,180216,64297,64092,15026,79118,951
2022-08-18,Inyo,027,18085,4444,4435,869,5304,59
2022-08-18,Kern,029,883053,215898,214656,60236,274892,2389
2022-08-18,Kings,031,150075,58241,58109,3967,62076,454
2022-08-18,Lake,033,64148,12471,12426,1117,13543,142
2022-08-18,Lassen,035,31185,9873,9843,973,10816,64
2022-08-18,Los Angeles,037,10098052,3217088,3200023,172522,3372545,32746
2022-08-18,Madera,039,155013,42976,42822,7891,50713,372
2022-08-18,Marin,041,260295,44124,43966,5070,49036,305
2022-08-18,Mariposa,043,17540,3021,3003,327,3330,31
2022-08-18,Mendocino,045,87422,15659,15578,4292,19870,134
2022-08-18,Merced,047,269075,71326,70449,11281,81730,846
2022-08-18,Modoc,049,8938,866,862,312,1174,11
2022-08-18,Mono,051,14174,3185,3177,236,3413,7
2022-08-18,Monterey,053,433212,92704,92287,20240,112527,760
2022-08-18,Napa,055,140530,31565,31534,1375,32909,156
2022-08-18,Nevada,057,99092,18575,18497,1728,20225,132
2022-08-18,Orange,059,3164182,655405,652703,60548,713251,7280
2022-08-18,Placer,061,380077,74337,74027,9337,83364,657
2022-08-18,Plumas,063,18699,3560,3550,430,3980,13
2022-08-18,Riverside,065,2383286,682153,679298,33994,713292,6574
2022-08-18,Sacramento,067,1510023,339272,337745,33085,370830,3208
2022-08-18,San Benito,069,59416,15864,15698,913,16611,103
2022-08-18,San Bernardino,071,2135413,658102,648583,29813,678396,8014
2022-08-18,San Diego,073,3302833,905708,904015,69664,973679,5448
2022-08-18,San Francisco,075,870044,174647,174151,11736,185887,973
2022-08-18,San Joaquin,077,732212,193761,192738,14228,206966,2288
2022-08-18,San Luis Obispo,079,281455,62147,61764,6823,68587,516
2022-08-18,San Mateo,081,765935,164916,163705,10195,173900,738
2022-08-18,Santa Barbara,083,443738,103325,102795,6584,109379,713
2022-08-18,Santa Clara,085,1922200,425534,419723,18342,438065,2437
2022-08-18,Santa Cruz,087,273765,61433,61098,3303,64401,269
2022-08-18,Shasta,089,179085,34259,34105,7141,41246,588
2022-08-18,Sierra,091,2930,301,298,60,358,4
2022-08-18,Siskiyou,093,43540,5007,5119,3243,8362,88
2022-08-18,Solano,095,438530,103086,102355,7605,109960,457
2022-08-18,Sonoma,097,501317,104658,104090,5096,109186,511
2022-08-18,Stanislaus,099,539301,134934,134407,20989,155396,1719
2022-08-18,Sutter,101,95872,23613,23587,2421,26008,228
2022-08-18,Tehama,103,63373,13359,13289,2983,16272,209
2022-08-18,Trinity,105,12862,1373,1366,361,1727,20
2022-08-18,Tulare,107,460477,119639,119251,34542,153793,1521
2022-08-18,Tuolumne,109,53932,15184,15085,894,15979,196
2022-08-18,Ventura,111,848112,203987,203318,14844,218162,1547
2022-08-18,Yolo,113,214977,46559,46567,4087,50654,333
2022-08-18,Yuba,115,75493,18399,18363,1630,19993,129
2022-08-17,Alameda,001,1643700,338617,336198,18974,355172,1948
2022-08-17,Alpine,002,1148,131,131,1,132,0
2022-08-17,Amador,005,37829,9784,9728,896,10624,89
2022-08-17,Butte,007,227075,38511,38203,8721,46924,447
2022-08-17,Calaveras,009,45235,8327,8295,502,8797,131
2022-08-17,Colusa,011,21464,3729,3716,1217,4933,22
2022-08-17,Contra Costa,013,1133247,245452,240894,20059,260953,1394
2022-08-17,Del Norte,015,27424,7307,7274,386,7660,55
2022-08-17,El Dorado,017,186661,31647,31523,4117,35640,225
2022-08-17,Fresno,019,978130,272827,267367,30296,297663,2818
2022-08-17,Glenn,021,27897,5441,5403,1827,7230,48
2022-08-17,Humboldt,023,135768,21173,21029,4696,25725,153
2022-08-17,Imperial,025,180216,64254,63972,14995,78967,950
2022-08-17,Inyo,027,18085,4442,4421,866,5287,58
2022-08-17,Kern,029,883053,215765,214040,60104,274144,2389
2022-08-17,Kings,031,150075,58177,57948,3965,61913,454
2022-08-17,Lake,033,64148,12461,12383,1116,13499,142
2022-08-17,Lassen,035,31185,9864,9813,973,10786,64
2022-08-17,Los Angeles,037,10098052,3214286,3190808,172197,3363005,32701
2022-08-17,Madera,039,155013,42926,42677,7854,50531,372
2022-08-17,Marin,041,260295,44091,43852,5066,48918,305
2022-08-17,Mariposa,043,17540,3017,2998,326,3324,31
2022-08-17,Mendocino,045,87422,15649,15504,4286,19790,132
2022-08-17,Merced,047,269075,71267,70232,11238,81470,843
2022-08-17,Modoc,049,8938,865,857,312,1169,11
2022-08-17,Mono,051,14174,3185,3175,236,3411,7
2022-08-17,Monterey,053,433212,92640,91984,20185,112169,759
2022-08-17,Napa,055,140530,31549,31454,1374,32828,155
2022-08-17,Nevada,057,99092,18558,18443,1726,20169,132
2022-08-17,Orange,059,3164182,654786,650827,60433,711260,7266
2022-08-17,Placer,061,380077,74286,73852,9331,83183,655
2022-08-17,Plumas,063,18699,3558,3544,429,3973,13
2022-08-17,Riverside,065,2383286,681508,677437,33937,711374,6562
2022-08-17,Sacramento,067,1510023,338944,336667,33043,369710,3194
2022-08-17,San Benito,069,59416,15848,15655,912,16567,103
2022-08-17,San Bernardino,071,2135413,657450,646584,29762,676346,7999
2022-08-17,San Diego,073,3302833,904963,901794,69595,971389,5442
2022-08-17,San Francisco,075,870044,174511,173590,11724,185314,971
2022-08-17,San Joaquin,077,732212,193610,192078,14191,206269,2283
2022-08-17,San Luis Obispo,079,281455,62093,61604,6811,68415,514
2022-08-17,San Mateo,081,765935,164816,163218,10189,173407,738
2022-08-17,Santa Barbara,083,443738,103208,102430,6569,108999,712
2022-08-17,Santa Clara,085,1922200,425060,418231,18335,436566,2424
2022-08-17,Santa Cruz,087,273765,61343,60880,3298,64178,269
2022-08-17,Shasta,089,179085,34241,33984,7132,41116,587
2022-08-17,Sierra,091,2930,301,297,60,357,4
2022-08-17,Siskiyou,093,43540,5004,5102,3240,8342,88
2022-08-17,Solano,095,438530,103001,102115,7599,109714,459
2022-08-17,Sonoma,097,501317,104555,103844,5090,108934,504
2022-08-17,Stanislaus,099,539301,134788,133989,20952,154941,1715
2022-08-17,Sutter,101,95872,23579,23489,2415,25904,228
2022-08-17,Tehama,103,63373,13356,13259,2978,16237,209
2022-08-17,Trinity,105,12862,1373,1362,359,1721,20
2022-08-17,Tulare,107,460477,119530,118997,34436,153433,1521
2022-08-17,Tuolumne,109,53932,15176,15044,892,15936,196
2022-08-17,Ventura,111,848112,203806,202609,14789,217398,1546
2022-08-17,Yolo,113,214977,46527,46414,4082,50496,331
2022-08-17,Yuba,115,75493,18379,18305,1627,19932,129
2022-08-16,Alameda,001,1643700,338243,336198,18959,355157,1948
2022-08-16,Alpine,002,1148,131,131,1,132,0
2022-08-16,Amador,005,37829,9771,9728,891,10619,89
2022-08-16,Butte,007,227075,38477,38203,8708,46911,447
2022-08-16,Calaveras,009,45235,8319,8295,502,8797,131
2022-08-16,Colusa,011,21464,3728,3716,1215,4931,22
2022-08-16,Contra Costa,013,1133247,245216,240894,20018,260912,1394
2022-08-16,Del Norte,015,27424,7302,7274,386,7660,55
2022-08-16,El Dorado,017,186661,31626,31523,4111,35634,225
2022-08-16,Fresno,019,978130,272580,267367,30248,297615,2818
2022-08-16,Glenn,021,27897,5440,5403,1824,7227,48
2022-08-16,Humboldt,023,135768,21146,21029,4669,25698,153
2022-08-16,Imperial,025,180216,64203,63972,14957,78929,950
2022-08-16,Inyo,027,18085,4438,4421,862,5283,58
2022-08-16,Kern,029,883053,215622,214040,59957,273997,2389
2022-08-16,Kings,031,150075,58131,57948,3962,61910,454
2022-08-16,Lake,033,64148,12445,12383,1112,13495,142
2022-08-16,Lassen,035,31185,9851,9813,972,10785,64
2022-08-16,Los Angeles,037,10098052,3211201,3190808,171851,3362659,32701
2022-08-16,Madera,039,155013,42868,42677,7832,50509,372
2022-08-16,Marin,041,260295,44053,43852,5061,48913,305
2022-08-16,Mariposa,043,17540,3015,2998,326,3324,31
2022-08-16,Mendocino,045,87422,15630,15504,4273,19777,132
2022-08-16,Merced,047,269075,71188,70232,11195,81427,843
2022-08-16,Modoc,049,8938,865,857,312,1169,11
2022-08-16,Mono,051,14174,3185,3175,235,3410,7
2022-08-16,Monterey,053,433212,92559,91984,20116,112100,759
2022-08-16,Napa,055,140530,31530,31454,1373,32827,155
2022-08-16,Nevada,057,99092,18542,18443,1723,20166,132
2022-08-16,Orange,059,3164182,654099,650827,60307,711134,7266
2022-08-16,Placer,061,380077,74216,73852,9323,83175,655
2022-08-16,Plumas,063,18699,3556,3544,429,3973,13
2022-08-16,Riverside,065,2383286,680808,677437,33892,711329,6562
2022-08-16,Sacramento,067,1510023,338608,336667,33008,369675,3194
2022-08-16,San Benito,069,59416,15835,15655,909,16564,103
2022-08-16,San Bernardino,071,2135413,656708,646584,29696,676280,7999
2022-08-16,San Diego,073,3302833,904146,901794,69501,971295,5442
2022-08-16,San Francisco,075,870044,174348,173590,11719,185309,971
2022-08-16,San Joaquin,077,732212,193394,192078,14160,206238,2283
2022-08-16,San Luis Obispo,079,281455,62055,61604,6804,68408,514
2022-08-16,San Mateo,081,765935,164652,163218,10178,173396,738
2022-08-16,Santa Barbara,083,443738,103077,102430,6549,108979,712
2022-08-16,Santa Clara,085,1922200,424570,418231,18316,436547,2424
2022-08-16,Santa Cruz,087,273765,61290,60880,3293,64173,269
2022-08-16,Shasta,089,179085,34214,33984,7123,41107,587
2022-08-16,Sierra,091,2930,300,297,60,357,4
2022-08-16,Siskiyou,093,43540,5000,5102,3235,8337,88
2022-08-16,Solano,095,438530,102928,102115,7581,109696,459
2022-08-16,Sonoma,097,501317,104452,103844,5082,108926,504
2022-08-16,Stanislaus,099,539301,134651,133989,20892,154881,1715
2022-08-16,Sutter,101,95872,23555,23489,2409,25898,228
2022-08-16,Tehama,103,63373,13350,13259,2973,16232,209
2022-08-16,Trinity,105,12862,1370,1362,359,1721,20
2022-08-16,Tulare,107,460477,119440,118997,34319,153316,1521
2022-08-16,Tuolumne,109,53932,15162,15044,892,15936,196
2022-08-16,Ventura,111,848112,203570,202609,14740,217349,1546
2022-08-16,Yolo,113,214977,46509,46414,4077,50491,331
2022-08-16,Yuba,115,75493,18360,18305,1621,19926,129
2022-08-15,Alameda,001,1643700,337861,336198,18926,355124,1948
2022-08-15,Alpine,002,1148,131,131,1,132,0
2022-08-15,Amador,005,37829,9759,9728,891,10619,89
2022-08-15,Butte,007,227075,38454,38203,8690,46893,447
2022-08-15,Calaveras,009,45235,8317,8295,501,8796,131
2022-08-15,Colusa,011,21464,3725,3716,1214,4930,22
2022-08-15,Contra Costa,013,1133247,244934,240894,19986,260880,1394
2022-08-15,Del Norte,015,27424,7297,7274,385,7659,55
2022-08-15,El Dorado,017,186661,31593,31523,4108,35631,225
2022-08-15,Fresno,019,978130,272271,267367,30182,297549,2818
2022-08-15,Glenn,021,27897,5432,5403,1823,7226,48
2022-08-15,Humboldt,023,135768,21124,21029,4648,25677,153
2022-08-15,Imperial,025,180216,64156,63972,14921,78893,950
2022-08-15,Inyo,027,18085,4437,4421,860,5281,58
2022-08-15,Kern,029,883053,215428,214040,59815,273855,2389
2022-08-15,Kings,031,150075,58057,57948,3953,61901,454
2022-08-15,Lake,033,64148,12428,12383,1111,13494,142
2022-08-15,Lassen,035,31185,9850,9813,972,10785,64
2022-08-15,Los Angeles,037,10098052,3207778,3190808,171506,3362314,32701
2022-08-15,Madera,039,155013,42813,42677,7793,50470,372
2022-08-15,Marin,041,260295,44008,43852,5055,48907,305
2022-08-15,Mariposa,043,17540,3013,2998,325,3323,31
2022-08-15,Mendocino,045,87422,15611,15504,4268,19772,132
2022-08-15,Merced,047,269075,71117,70232,11147,81379,843
2022-08-15,Modoc,049,8938,861,857,312,1169,11
2022-08-15,Mono,051,14174,3183,3175,235,3410,7
2022-08-15,Monterey,053,433212,92447,91984,20050,112034,759
2022-08-15,Napa,055,140530,31505,31454,1373,32827,155
2022-08-15,Nevada,057,99092,18528,18443,1722,20165,132
2022-08-15,Orange,059,3164182,653370,650827,60182,711009,7266
2022-08-15,Placer,061,380077,74156,73852,9314,83166,655
2022-08-15,Plumas,063,18699,3552,3544,429,3973,13
2022-08-15,Riverside,065,2383286,680010,677437,33835,711272,6562
2022-08-15,Sacramento,067,1510023,338205,336667,32969,369636,3194
2022-08-15,San Benito,069,59416,15819,15655,907,16562,103
2022-08-15,San Bernardino,071,2135413,655858,646584,29630,676214,7999
2022-08-15,San Diego,073,3302833,903305,901794,69390,971184,5442
2022-08-15,San Francisco,075,870044,174167,173590,11714,185304,971
2022-08-15,San Joaquin,077,732212,193186,192078,14122,206200,2283
2022-08-15,San Luis Obispo,079,281455,62017,61604,6786,68390,514
2022-08-15,San Mateo,081,765935,164448,163218,10172,173390,738
2022-08-15,Santa Barbara,083,443738,102979,102430,6527,108957,712
2022-08-15,Santa Clara,085,1922200,424034,418231,18292,436523,2424
2022-08-15,Santa Cruz,087,273765,61210,60880,3288,64168,269
2022-08-15,Shasta,089,179085,34189,33984,7113,41097,587
2022-08-15,Sierra,091,2930,300,297,60,357,4
2022-08-15,Siskiyou,093,43540,4997,5102,3231,8333,88
2022-08-15,Solano,095,438530,102815,102115,7566,109681,459
2022-08-15,Sonoma,097,501317,104362,103844,5075,108919,504
2022-08-15,Stanislaus,099,539301,134510,133989,20858,154847,1715
2022-08-15,Sutter,101,95872,23523,23489,2407,25896,228
2022-08-15,Tehama,103,63373,13342,13259,2966,16225,209
2022-08-15,Trinity,105,12862,1367,1362,357,1719,20
2022-08-15,Tulare,107,460477,119303,118997,34209,153206,1521
2022-08-15,Tuolumne,109,53932,15154,15044,892,15936,196
2022-08-15,Ventura,111,848112,203316,202609,14679,217288,1546
2022-08-15,Yolo,113,214977,46475,46414,4074,50488,331
2022-08-15,Yuba,115,75493,18337,18305,1616,19921,129
2022-08-14,Alameda,001,1643700,337395,334944,18905,353849,1948
2022-08-14,Alpine,002,1148,131,131,1,132,0
2022-08-14,Amador,005,37829,9750,9705,889,10594,89
2022-08-14,Butte,007,227075,38403,38062,8674,46736,447
2022-08-14,Calaveras,009,45235,8308,8271,500,8771,131
2022-08-14,Colusa,011,21464,3725,3704,1211,4915,22
2022-08-14,Contra Costa,013,1133247,244661,239735,19937,259672,1393
2022-08-14,Del Norte,015,27424,7287,7245,384,7629,54
2022-08-14,El Dorado,017,186661,31562,31430,4103,35533,225
2022-08-14,Fresno,019,978130,271970,266211,30128,296339,2816
2022-08-14,Glenn,021,27897,5429,5393,1822,7215,48
2022-08-14,Humboldt,023,135768,21095,20954,4634,25588,153
2022-08-14,Imperial,025,180216,64089,63766,14881,78647,950
2022-08-14,Inyo,027,18085,4430,4418,856,5274,58
2022-08-14,Kern,029,883053,215239,213071,59637,272708,2380
2022-08-14,Kings,031,150075,58001,57748,3946,61694,454
2022-08-14,Lake,033,64148,12409,12324,1108,13432,142
2022-08-14,Lassen,035,31185,9830,9795,971,10766,64
2022-08-14,Los Angeles,037,10098052,3204200,3177769,171106,3348875,32657
2022-08-14,Madera,039,155013,42751,42517,7750,50267,372
2022-08-14,Marin,041,260295,43961,43662,5050,48712,305
2022-08-14,Mariposa,043,17540,3011,2986,324,3310,31
2022-08-14,Mendocino,045,87422,15591,15456,4262,19718,132
2022-08-14,Merced,047,269075,71004,69974,11088,81062,842
2022-08-14,Modoc,049,8938,860,856,312,1168,11
2022-08-14,Mono,051,14174,3181,3170,235,3405,7
2022-08-14,Monterey,053,433212,92322,91612,19976,111588,759
2022-08-14,Napa,055,140530,31468,31312,1372,32684,156
2022-08-14,Nevada,057,99092,18508,18398,1719,20117,132
2022-08-14,Orange,059,3164182,652629,648171,60034,708205,7248
2022-08-14,Placer,061,380077,74092,73588,9301,82889,656
2022-08-14,Plumas,063,18699,3550,3539,429,3968,13
2022-08-14,Riverside,065,2383286,679191,674362,33755,708117,6561
2022-08-14,Sacramento,067,1510023,337724,335292,32915,368207,3190
2022-08-14,San Benito,069,59416,15797,15578,898,16476,103
2022-08-14,San Bernardino,071,2135413,654981,643895,29565,673460,7983
2022-08-14,San Diego,073,3302833,902410,898646,69278,967924,5437
2022-08-14,San Francisco,075,870044,173953,172876,11701,184577,955
2022-08-14,San Joaquin,077,732212,192889,191272,14062,205334,2283
2022-08-14,San Luis Obispo,079,281455,61955,61403,6759,68162,512
2022-08-14,San Mateo,081,765935,164240,162531,10159,172690,738
2022-08-14,Santa Barbara,083,443738,102840,101942,6501,108443,712
2022-08-14,Santa Clara,085,1922200,423450,416369,18258,434627,2422
2022-08-14,Santa Cruz,087,273765,61104,60594,3281,63875,273
2022-08-14,Shasta,089,179085,34144,33895,7099,40994,584
2022-08-14,Sierra,091,2930,300,296,60,356,4
2022-08-14,Siskiyou,093,43540,4991,5086,3229,8315,88
2022-08-14,Solano,095,438530,102675,101761,7557,109318,458
2022-08-14,Sonoma,097,501317,104254,103496,5062,108558,504
2022-08-14,Stanislaus,099,539301,134326,133490,20804,154294,1702
2022-08-14,Sutter,101,95872,23481,23386,2403,25789,228
2022-08-14,Tehama,103,63373,13335,13213,2965,16178,209
2022-08-14,Trinity,105,12862,1366,1356,357,1713,20
2022-08-14,Tulare,107,460477,119149,118563,34093,152656,1520
2022-08-14,Tuolumne,109,53932,15134,14964,891,15855,196
2022-08-14,Ventura,111,848112,203049,201765,14639,216404,1541
2022-08-14,Yolo,113,214977,46428,46225,4068,50293,331
2022-08-14,Yuba,115,75493,18315,18232,1613,19845,129
2022-08-13,Alameda,001,1643700,337141,334944,18890,353834,1948
2022-08-13,Alpine,002,1148,131,131,1,132,0
2022-08-13,Amador,005,37829,9746,9705,889,10594,89
2022-08-13,Butte,007,227075,38379,38062,8663,46725,447
2022-08-13,Calaveras,009,45235,8304,8271,499,8770,131
2022-08-13,Colusa,011,21464,3722,3704,1211,4915,22
2022-08-13,Contra Costa,013,1133247,244492,239735,19914,259649,1393
2022-08-13,Del Norte,015,27424,7285,7245,384,7629,54
2022-08-13,El Dorado,017,186661,31549,31430,4102,35532,225
2022-08-13,Fresno,019,978130,271830,266211,30099,296310,2816
2022-08-13,Glenn,021,27897,5429,5393,1820,7213,48
2022-08-13,Humboldt,023,135768,21078,20954,4625,25579,153
2022-08-13,Imperial,025,180216,64047,63766,14864,78630,950
2022-08-13,Inyo,027,18085,4428,4418,855,5273,58
2022-08-13,Kern,029,883053,215145,213071,59556,272627,2380
2022-08-13,Kings,031,150075,57976,57748,3946,61694,454
2022-08-13,Lake,033,64148,12398,12324,1108,13432,142
2022-08-13,Lassen,035,31185,9824,9795,970,10765,64
2022-08-13,Los Angeles,037,10098052,3202338,3177769,170840,3348609,32657
2022-08-13,Madera,039,155013,42735,42517,7743,50260,372
2022-08-13,Marin,041,260295,43941,43662,5047,48709,305
2022-08-13,Mariposa,043,17540,3010,2986,324,3310,31
2022-08-13,Mendocino,045,87422,15579,15456,4259,19715,132
2022-08-13,Merced,047,269075,70965,69974,11082,81056,842
2022-08-13,Modoc,049,8938,860,856,312,1168,11
2022-08-13,Mono,051,14174,3181,3170,234,3404,7
2022-08-13,Monterey,053,433212,92258,91612,19940,111552,759
2022-08-13,Napa,055,140530,31454,31312,1371,32683,156
2022-08-13,Nevada,057,99092,18497,18398,1717,20115,132
2022-08-13,Orange,059,3164182,652224,648171,59959,708130,7248
2022-08-13,Placer,061,380077,74044,73588,9295,82883,656
2022-08-13,Plumas,063,18699,3548,3539,429,3968,13
2022-08-13,Riverside,065,2383286,678751,674362,33726,708088,6561
2022-08-13,Sacramento,067,1510023,337530,335292,32905,368197,3190
2022-08-13,San Benito,069,59416,15789,15578,893,16471,103
2022-08-13,San Bernardino,071,2135413,654501,643895,29543,673438,7983
2022-08-13,San Diego,073,3302833,901960,898646,69235,967881,5437
2022-08-13,San Francisco,075,870044,173836,172876,11695,184571,955
2022-08-13,San Joaquin,077,732212,192765,191272,14040,205312,2283
2022-08-13,San Luis Obispo,079,281455,61936,61403,6754,68157,512
2022-08-13,San Mateo,081,765935,164128,162531,10147,172678,738
2022-08-13,Santa Barbara,083,443738,102760,101942,6488,108430,712
2022-08-13,Santa Clara,085,1922200,423120,416369,18240,434609,2422
2022-08-13,Santa Cruz,087,273765,61066,60594,3276,63870,273
2022-08-13,Shasta,089,179085,34106,33895,7095,40990,584
2022-08-13,Sierra,091,2930,300,296,60,356,4
2022-08-13,Siskiyou,093,43540,4990,5086,3226,8312,88
2022-08-13,Solano,095,438530,102635,101761,7548,109309,458
2022-08-13,Sonoma,097,501317,104198,103496,5062,108558,504
2022-08-13,Stanislaus,099,539301,134224,133490,20781,154271,1702
2022-08-13,Sutter,101,95872,23467,23386,2403,25789,228
2022-08-13,Tehama,103,63373,13330,13213,2964,16177,209
2022-08-13,Trinity,105,12862,1365,1356,357,1713,20
2022-08-13,Tulare,107,460477,119076,118563,34036,152599,1520
2022-08-13,Tuolumne,109,53932,15119,14964,887,15851,196
2022-08-13,Ventura,111,848112,202885,201765,14625,216390,1541
2022-08-13,Yolo,113,214977,46399,46225,4066,50291,331
2022-08-13,Yuba,115,75493,18306,18232,1611,19843,129
2022-08-12,Alameda,001,1643700,336889,334944,18877,353821,1948
2022-08-12,Alpine,002,1148,131,131,1,132,0
2022-08-12,Amador,005,37829,9736,9705,886,10591,89
2022-08-12,Butte,007,227075,38359,38062,8654,46716,447
2022-08-12,Calaveras,009,45235,8296,8271,496,8767,131
2022-08-12,Colusa,011,21464,3719,3704,1211,4915,22
2022-08-12,Contra Costa,013,1133247,244323,239735,19897,259632,1393
2022-08-12,Del Norte,015,27424,7281,7245,384,7629,54
2022-08-12,El Dorado,017,186661,31531,31430,4098,35528,225
2022-08-12,Fresno,019,978130,271620,266211,30074,296285,2816
2022-08-12,Glenn,021,27897,5429,5393,1820,7213,48
2022-08-12,Humboldt,023,135768,21056,20954,4617,25571,153
2022-08-12,Imperial,025,180216,64020,63766,14849,78615,950
2022-08-12,Inyo,027,18085,4427,4418,853,5271,58
2022-08-12,Kern,029,883053,215042,213071,59468,272539,2380
2022-08-12,Kings,031,150075,57956,57748,3945,61693,454
2022-08-12,Lake,033,64148,12394,12324,1105,13429,142
2022-08-12,Lassen,035,31185,9822,9795,970,10765,64
2022-08-12,Los Angeles,037,10098052,3200239,3177769,170590,3348359,32657
2022-08-12,Madera,039,155013,42706,42517,7737,50254,372
2022-08-12,Marin,041,260295,43910,43662,5040,48702,305
2022-08-12,Mariposa,043,17540,3010,2986,324,3310,31
2022-08-12,Mendocino,045,87422,15567,15456,4252,19708,132
2022-08-12,Merced,047,269075,70932,69974,11075,81049,842
2022-08-12,Modoc,049,8938,860,856,312,1168,11
2022-08-12,Mono,051,14174,3181,3170,234,3404,7
2022-08-12,Monterey,053,433212,92200,91612,19907,111519,759
2022-08-12,Napa,055,140530,31433,31312,1370,32682,156
2022-08-12,Nevada,057,99092,18493,18398,1715,20113,132
2022-08-12,Orange,059,3164182,651798,648171,59868,708039,7248
2022-08-12,Placer,061,380077,73993,73588,9285,82873,656
2022-08-12,Plumas,063,18699,3546,3539,429,3968,13
2022-08-12,Riverside,065,2383286,678324,674362,33697,708059,6561
2022-08-12,Sacramento,067,1510023,337314,335292,32888,368180,3190
2022-08-12,San Benito,069,59416,15772,15578,892,16470,103
2022-08-12,San Bernardino,071,2135413,654088,643895,29527,673422,7983
2022-08-12,San Diego,073,3302833,901428,898646,69161,967807,5437
2022-08-12,San Francisco,075,870044,173708,172876,11687,184563,955
2022-08-12,San Joaquin,077,732212,192640,191272,14021,205293,2283
2022-08-12,San Luis Obispo,079,281455,61913,61403,6748,68151,512
2022-08-12,San Mateo,081,765935,163995,162531,10144,172675,738
2022-08-12,Santa Barbara,083,443738,102678,101942,6483,108425,712
2022-08-12,Santa Clara,085,1922200,422773,416369,18222,434591,2422
2022-08-12,Santa Cruz,087,273765,61013,60594,3274,63868,273
2022-08-12,Shasta,089,179085,34092,33895,7087,40982,584
2022-08-12,Sierra,091,2930,298,296,59,355,4
2022-08-12,Siskiyou,093,43540,4988,5086,3226,8312,88
2022-08-12,Solano,095,438530,102563,101761,7536,109297,458
2022-08-12,Sonoma,097,501317,104140,103496,5061,108557,504
2022-08-12,Stanislaus,099,539301,134137,133490,20770,154260,1702
2022-08-12,Sutter,101,95872,23452,23386,2403,25789,228
2022-08-12,Tehama,103,63373,13323,13213,2963,16176,209
2022-08-12,Trinity,105,12862,1362,1356,356,1712,20
2022-08-12,Tulare,107,460477,119013,118563,33981,152544,1520
2022-08-12,Tuolumne,109,53932,15111,14964,887,15851,196
2022-08-12,Ventura,111,848112,202739,201765,14608,216373,1541
2022-08-12,Yolo,113,214977,46377,46225,4061,50286,331
2022-08-12,Yuba,115,75493,18295,18232,1610,19842,129
2022-08-11,Alameda,001,1643700,336562,334944,18850,353794,1948
2022-08-11,Alpine,002,1148,131,131,1,132,0
2022-08-11,Amador,005,37829,9733,9705,883,10588,89
2022-08-11,Butte,007,227075,38321,38062,8642,46704,447
2022-08-11,Calaveras,009,45235,8289,8271,495,8766,131
2022-08-11,Colusa,011,21464,3716,3704,1210,4914,22
2022-08-11,Contra Costa,013,1133247,244061,239735,19866,259601,1393
2022-08-11,Del Norte,015,27424,7274,7245,383,7628,54
2022-08-11,El Dorado,017,186661,31500,31430,4091,35521,225
2022-08-11,Fresno,019,978130,271370,266211,30028,296239,2816
2022-08-11,Glenn,021,27897,5427,5393,1819,7212,48
2022-08-11,Humboldt,023,135768,21026,20954,4608,25562,153
2022-08-11,Imperial,025,180216,63973,63766,14803,78569,950
2022-08-11,Inyo,027,18085,4425,4418,848,5266,58
2022-08-11,Kern,029,883053,214849,213071,59321,272392,2380
2022-08-11,Kings,031,150075,57898,57748,3938,61686,454
2022-08-11,Lake,033,64148,12384,12324,1104,13428,142
2022-08-11,Lassen,035,31185,9817,9795,970,10765,64
2022-08-11,Los Angeles,037,10098052,3197217,3177769,170210,3347979,32657
2022-08-11,Madera,039,155013,42659,42517,7712,50229,372
2022-08-11,Marin,041,260295,43871,43662,5033,48695,305
2022-08-11,Mariposa,043,17540,3008,2986,323,3309,31
2022-08-11,Mendocino,045,87422,15555,15456,4250,19706,132
2022-08-11,Merced,047,269075,70872,69974,11040,81014,842
2022-08-11,Modoc,049,8938,859,856,312,1168,11
2022-08-11,Mono,051,14174,3181,3170,234,3404,7
2022-08-11,Monterey,053,433212,92099,91612,19853,111465,759
2022-08-11,Napa,055,140530,31394,31312,1369,32681,156
2022-08-11,Nevada,057,99092,18473,18398,1713,20111,132
2022-08-11,Orange,059,3164182,651140,648171,59722,707893,7248
2022-08-11,Placer,061,380077,73927,73588,9274,82862,656
2022-08-11,Plumas,063,18699,3545,3539,428,3967,13
2022-08-11,Riverside,065,2383286,677706,674362,33657,708019,6561
2022-08-11,Sacramento,067,1510023,337001,335292,32857,368149,3190
2022-08-11,San Benito,069,59416,15756,15578,891,16469,103
2022-08-11,San Bernardino,071,2135413,653328,643895,29485,673380,7983
2022-08-11,San Diego,073,3302833,900650,898646,69036,967682,5437
2022-08-11,San Francisco,075,870044,173549,172876,11670,184546,955
2022-08-11,San Joaquin,077,732212,192449,191272,13989,205261,2283
2022-08-11,San Luis Obispo,079,281455,61861,61403,6724,68127,512
2022-08-11,San Mateo,081,765935,163829,162531,10135,172666,738
2022-08-11,Santa Barbara,083,443738,102567,101942,6463,108405,712
2022-08-11,Santa Clara,085,1922200,422328,416369,18203,434572,2422
2022-08-11,Santa Cruz,087,273765,60948,60594,3270,63864,273
2022-08-11,Shasta,089,179085,34071,33895,7075,40970,584
2022-08-11,Sierra,091,2930,297,296,59,355,4
2022-08-11,Siskiyou,093,43540,4986,5086,3222,8308,88
2022-08-11,Solano,095,438530,102495,101761,7522,109283,458
2022-08-11,Sonoma,097,501317,104042,103496,5055,108551,504
2022-08-11,Stanislaus,099,539301,133979,133490,20728,154218,1702
2022-08-11,Sutter,101,95872,23422,23386,2403,25789,228
2022-08-11,Tehama,103,63373,13314,13213,2963,16176,209
2022-08-11,Trinity,105,12862,1362,1356,355,1711,20
2022-08-11,Tulare,107,460477,118912,118563,33894,152457,1520
2022-08-11,Tuolumne,109,53932,15103,14964,885,15849,196
2022-08-11,Ventura,111,848112,202534,201765,14574,216339,1541
2022-08-11,Yolo,113,214977,46343,46225,4057,50282,331
2022-08-11,Yuba,115,75493,18272,18232,1607,19839,129
2022-08-10,Alameda,001,1643700,336160,333587,18826,352413,1944
2022-08-10,Alpine,002,1148,131,131,1,132,0
2022-08-10,Amador,005,37829,9728,9677,880,10557,88
2022-08-10,Butte,007,227075,38285,37892,8634,46526,446
2022-08-10,Calaveras,009,45235,8283,8251,492,8743,130
2022-08-10,Colusa,011,21464,3712,3700,1210,4910,22
2022-08-10,Contra Costa,013,1133247,243807,238658,19829,258487,1382
2022-08-10,Del Norte,015,27424,7269,7220,383,7603,54
2022-08-10,El Dorado,017,186661,31473,31354,4078,35432,225
2022-08-10,Fresno,019,978130,271097,265300,29968,295268,2815
2022-08-10,Glenn,021,27897,5425,5387,1816,7203,48
2022-08-10,Humboldt,023,135768,21011,20843,4591,25434,153
2022-08-10,Imperial,025,180216,63915,63532,14761,78293,949
2022-08-10,Inyo,027,18085,4425,4416,847,5263,57
2022-08-10,Kern,029,883053,214659,212602,59174,271776,2380
2022-08-10,Kings,031,150075,57851,57569,3936,61505,453
2022-08-10,Lake,033,64148,12370,12281,1104,13385,142
2022-08-10,Lassen,035,31185,9810,9682,970,10652,64
2022-08-10,Los Angeles,037,10098052,3193997,3168105,169842,3337947,32609
2022-08-10,Madera,039,155013,42620,42350,7698,50048,372
2022-08-10,Marin,041,260295,43825,43532,5030,48562,302
2022-08-10,Mariposa,043,17540,3007,2980,323,3303,31
2022-08-10,Mendocino,045,87422,15540,15394,4249,19643,132
2022-08-10,Merced,047,269075,70799,69740,11016,80756,839
2022-08-10,Modoc,049,8938,858,855,311,1166,11
2022-08-10,Mono,051,14174,3179,3165,234,3399,7
2022-08-10,Monterey,053,433212,91997,91307,19788,111095,758
2022-08-10,Napa,055,140530,31356,31223,1368,32591,153
2022-08-10,Nevada,057,99092,18459,18354,1711,20065,132
2022-08-10,Orange,059,3164182,650412,646005,59597,705602,7235
2022-08-10,Placer,061,380077,73871,73348,9266,82614,650
2022-08-10,Plumas,063,18699,3543,3525,428,3953,13
2022-08-10,Riverside,065,2383286,676973,672334,33607,705941,6555
2022-08-10,Sacramento,067,1510023,336672,334382,32824,367206,3177
2022-08-10,San Benito,069,59416,15726,15507,885,16392,101
2022-08-10,San Bernardino,071,2135413,652673,641936,29439,671375,7977
2022-08-10,San Diego,073,3302833,899798,895482,68920,964402,5429
2022-08-10,San Francisco,075,870044,173382,172265,11652,183917,945
2022-08-10,San Joaquin,077,732212,192222,190596,13944,204540,2281
2022-08-10,San Luis Obispo,079,281455,61816,61207,6709,67916,510
2022-08-10,San Mateo,081,765935,163629,161882,10129,172011,738
2022-08-10,Santa Barbara,083,443738,102440,101558,6445,108003,711
2022-08-10,Santa Clara,085,1922200,421791,414659,18181,432840,2398
2022-08-10,Santa Cruz,087,273765,60867,60360,3268,63628,269
2022-08-10,Shasta,089,179085,34048,33816,7068,40884,584
2022-08-10,Sierra,091,2930,297,295,59,354,4
2022-08-10,Siskiyou,093,43540,4983,5074,3216,8290,87
2022-08-10,Solano,095,438530,102402,101393,7518,108911,457
2022-08-10,Sonoma,097,501317,103947,103168,5049,108217,501
2022-08-10,Stanislaus,099,539301,133838,133071,20696,153767,1702
2022-08-10,Sutter,101,95872,23393,23279,2402,25681,228
2022-08-10,Tehama,103,63373,13306,13187,2963,16150,209
2022-08-10,Trinity,105,12862,1361,1350,355,1705,20
2022-08-10,Tulare,107,460477,118826,118239,33814,152053,1520
2022-08-10,Tuolumne,109,53932,15068,14922,883,15805,196
2022-08-10,Ventura,111,848112,202305,201179,14541,215720,1539
2022-08-10,Yolo,113,214977,46307,46069,4052,50121,330
2022-08-10,Yuba,115,75493,18252,18179,1603,19782,129
2022-08-09,Alameda,001,1643700,335733,333587,18788,352375,1944
2022-08-09,Alpine,002,1148,131,131,1,132,0
2022-08-09,Amador,005,37829,9718,9677,879,10556,88
2022-08-09,Butte,007,227075,38246,37892,8623,46515,446
2022-08-09,Calaveras,009,45235,8276,8251,492,8743,130
2022-08-09,Colusa,011,21464,3709,3700,1209,4909,22
2022-08-09,Contra Costa,013,1133247,243530,238658,19784,258442,1382
2022-08-09,Del Norte,015,27424,7252,7220,382,7602,54
2022-08-09,El Dorado,017,186661,31444,31354,4072,35426,225
2022-08-09,Fresno,019,978130,270767,265300,29933,295233,2815
2022-08-09,Glenn,021,27897,5423,5387,1816,7203,48
2022-08-09,Humboldt,023,135768,20985,20843,4582,25425,153
2022-08-09,Imperial,025,180216,63851,63532,14705,78237,949
2022-08-09,Inyo,027,18085,4424,4416,843,5259,57
2022-08-09,Kern,029,883053,214456,212602,59030,271632,2380
2022-08-09,Kings,031,150075,57785,57569,3933,61502,453
2022-08-09,Lake,033,64148,12346,12281,1103,13384,142
2022-08-09,Lassen,035,31185,9804,9682,970,10652,64
2022-08-09,Los Angeles,037,10098052,3190486,3168105,169457,3337562,32609
2022-08-09,Madera,039,155013,42566,42350,7687,50037,372
2022-08-09,Marin,041,260295,43770,43532,5026,48558,302
2022-08-09,Mariposa,043,17540,3003,2980,322,3302,31
2022-08-09,Mendocino,045,87422,15521,15394,4240,19634,132
2022-08-09,Merced,047,269075,70734,69740,10986,80726,839
2022-08-09,Modoc,049,8938,858,855,310,1165,11
2022-08-09,Mono,051,14174,3179,3165,233,3398,7
2022-08-09,Monterey,053,433212,91885,91307,19721,111028,758
2022-08-09,Napa,055,140530,31328,31223,1366,32589,153
2022-08-09,Nevada,057,99092,18447,18354,1709,20063,132
2022-08-09,Orange,059,3164182,649572,646005,59439,705444,7235
2022-08-09,Placer,061,380077,73805,73348,9259,82607,650
2022-08-09,Plumas,063,18699,3538,3525,428,3953,13
2022-08-09,Riverside,065,2383286,676219,672334,33552,705886,6555
2022-08-09,Sacramento,067,1510023,336251,334382,32791,367173,3177
2022-08-09,San Benito,069,59416,15707,15507,881,16388,101
2022-08-09,San Bernardino,071,2135413,651969,641936,29383,671319,7977
2022-08-09,San Diego,073,3302833,898895,895482,68791,964273,5429
2022-08-09,San Francisco,075,870044,173123,172265,11633,183898,945
2022-08-09,San Joaquin,077,732212,192008,190596,13902,204498,2281
2022-08-09,San Luis Obispo,079,281455,61758,61207,6686,67893,510
2022-08-09,San Mateo,081,765935,163430,161882,10114,171996,738
2022-08-09,Santa Barbara,083,443738,102282,101558,6416,107974,711
2022-08-09,Santa Clara,085,1922200,421256,414659,18159,432818,2398
2022-08-09,Santa Cruz,087,273765,60793,60360,3259,63619,269
2022-08-09,Shasta,089,179085,34026,33816,7065,40881,584
2022-08-09,Sierra,091,2930,297,295,59,354,4
2022-08-09,Siskiyou,093,43540,4981,5074,3212,8286,87
2022-08-09,Solano,095,438530,102298,101393,7507,108900,457
2022-08-09,Sonoma,097,501317,103842,103168,5043,108211,501
2022-08-09,Stanislaus,099,539301,133694,133071,20665,153736,1702
2022-08-09,Sutter,101,95872,23362,23279,2401,25680,228
2022-08-09,Tehama,103,63373,13292,13187,2954,16141,209
2022-08-09,Trinity,105,12862,1359,1350,354,1704,20
2022-08-09,Tulare,107,460477,118711,118239,33731,151970,1520
2022-08-09,Tuolumne,109,53932,15052,14922,883,15805,196
2022-08-09,Ventura,111,848112,202069,201179,14508,215687,1539
2022-08-09,Yolo,113,214977,46265,46069,4040,50109,330
2022-08-09,Yuba,115,75493,18233,18179,1593,19772,129
2022-08-08,Alameda,001,1643700,335272,333587,18745,352332,1944
2022-08-08,Alpine,002,1148,131,131,1,132,0
2022-08-08,Amador,005,37829,9712,9677,878,10555,88
2022-08-08,Butte,007,227075,38192,37892,8610,46502,446
2022-08-08,Calaveras,009,45235,8271,8251,489,8740,130
2022-08-08,Colusa,011,21464,3709,3700,1208,4908,22
2022-08-08,Contra Costa,013,1133247,243157,238658,19737,258395,1382
2022-08-08,Del Norte,015,27424,7244,7220,382,7602,54
2022-08-08,El Dorado,017,186661,31415,31354,4065,35419,225
2022-08-08,Fresno,019,978130,270402,265300,29881,295181,2815
2022-08-08,Glenn,021,27897,5417,5387,1815,7202,48
2022-08-08,Humboldt,023,135768,20945,20843,4567,25410,153
2022-08-08,Imperial,025,180216,63791,63532,14637,78169,949
2022-08-08,Inyo,027,18085,4423,4416,842,5258,57
2022-08-08,Kern,029,883053,214191,212602,58874,271476,2380
2022-08-08,Kings,031,150075,57725,57569,3924,61493,453
2022-08-08,Lake,033,64148,12324,12281,1100,13381,142
2022-08-08,Lassen,035,31185,9791,9682,967,10649,64
2022-08-08,Los Angeles,037,10098052,3186834,3168105,169023,3337128,32609
2022-08-08,Madera,039,155013,42508,42350,7664,50014,372
2022-08-08,Marin,041,260295,43713,43532,5015,48547,302
2022-08-08,Mariposa,043,17540,2998,2980,319,3299,31
2022-08-08,Mendocino,045,87422,15507,15394,4230,19624,132
2022-08-08,Merced,047,269075,70664,69740,10957,80697,839
2022-08-08,Modoc,049,8938,857,855,310,1165,11
2022-08-08,Mono,051,14174,3179,3165,233,3398,7
2022-08-08,Monterey,053,433212,91785,91307,19641,110948,758
2022-08-08,Napa,055,140530,31293,31223,1365,32588,153
2022-08-08,Nevada,057,99092,18430,18354,1702,20056,132
2022-08-08,Orange,059,3164182,648708,646005,59277,705282,7235
2022-08-08,Placer,061,380077,73745,73348,9249,82597,650
2022-08-08,Plumas,063,18699,3535,3525,427,3952,13
2022-08-08,Riverside,065,2383286,675411,672334,33501,705835,6555
2022-08-08,Sacramento,067,1510023,335846,334382,32752,367134,3177
2022-08-08,San Benito,069,59416,15679,15507,878,16385,101
2022-08-08,San Bernardino,071,2135413,651121,641936,29327,671263,7977
2022-08-08,San Diego,073,3302833,897803,895482,68658,964140,5429
2022-08-08,San Francisco,075,870044,172900,172265,11616,183881,945
2022-08-08,San Joaquin,077,732212,191743,190596,13860,204456,2281
2022-08-08,San Luis Obispo,079,281455,61692,61207,6664,67871,510
2022-08-08,San Mateo,081,765935,163213,161882,10106,171988,738
2022-08-08,Santa Barbara,083,443738,102148,101558,6400,107958,711
2022-08-08,Santa Clara,085,1922200,420632,414659,18135,432794,2398
2022-08-08,Santa Cruz,087,273765,60717,60360,3256,63616,269
2022-08-08,Shasta,089,179085,33995,33816,7057,40873,584
2022-08-08,Sierra,091,2930,297,295,59,354,4
2022-08-08,Siskiyou,093,43540,4978,5074,3209,8283,87
2022-08-08,Solano,095,438530,102153,101393,7493,108886,457
2022-08-08,Sonoma,097,501317,103730,103168,5034,108202,501
2022-08-08,Stanislaus,099,539301,133570,133071,20637,153708,1702
2022-08-08,Sutter,101,95872,23326,23279,2401,25680,228
2022-08-08,Tehama,103,63373,13282,13187,2952,16139,209
2022-08-08,Trinity,105,12862,1359,1350,353,1703,20
2022-08-08,Tulare,107,460477,118569,118239,33645,151884,1520
2022-08-08,Tuolumne,109,53932,15044,14922,882,15804,196
2022-08-08,Ventura,111,848112,201822,201179,14459,215638,1539
2022-08-08,Yolo,113,214977,46211,46069,4034,50103,330
2022-08-08,Yuba,115,75493,18209,18179,1591,19770,129
2022-08-07,Alameda,001,1643700,334709,331755,18708,350463,1945
2022-08-07,Alpine,002,1148,131,130,1,131,0
2022-08-07,Amador,005,37829,9705,9655,876,10531,88
2022-08-07,Butte,007,227075,38120,37717,8598,46315,446
2022-08-07,Calaveras,009,45235,8258,8219,485,8704,129
2022-08-07,Colusa,011,21464,3705,3696,1207,4903,22
2022-08-07,Contra Costa,013,1133247,242764,237436,19691,257127,1383
2022-08-07,Del Norte,015,27424,7232,7191,379,7570,54
2022-08-07,El Dorado,017,186661,31375,31240,4060,35300,225
2022-08-07,Fresno,019,978130,269975,263912,29806,293718,2815
2022-08-07,Glenn,021,27897,5415,5379,1812,7191,48
2022-08-07,Humboldt,023,135768,20906,20746,4547,25293,153
2022-08-07,Imperial,025,180216,63707,63198,14564,77762,949
2022-08-07,Inyo,027,18085,4423,4408,839,5247,57
2022-08-07,Kern,029,883053,213959,211798,58672,270470,2375
2022-08-07,Kings,031,150075,57628,57294,3917,61211,453
2022-08-07,Lake,033,64148,12310,12220,1100,13320,142
2022-08-07,Lassen,035,31185,9735,9654,967,10621,64
2022-08-07,Los Angeles,037,10098052,3182368,3153757,168629,3322386,32563
2022-08-07,Madera,039,155013,42451,42139,7625,49764,372
2022-08-07,Marin,041,260295,43656,43295,5005,48300,302
2022-08-07,Mariposa,043,17540,2995,2965,318,3283,31
2022-08-07,Mendocino,045,87422,15487,15335,4212,19547,132
2022-08-07,Merced,047,269075,70537,69498,10906,80404,838
2022-08-07,Modoc,049,8938,856,853,310,1163,11
2022-08-07,Mono,051,14174,3176,3161,233,3394,7
2022-08-07,Monterey,053,433212,91651,90884,19552,110436,757
2022-08-07,Napa,055,140530,31249,31052,1363,32415,151
2022-08-07,Nevada,057,99092,18406,18309,1696,20005,132
2022-08-07,Orange,059,3164182,647780,643029,59084,702113,7213
2022-08-07,Placer,061,380077,73655,73064,9233,82297,648
2022-08-07,Plumas,063,18699,3534,3516,427,3943,13
2022-08-07,Riverside,065,2383286,674472,669230,33422,702652,6555
2022-08-07,Sacramento,067,1510023,335360,332928,32698,365626,3175
2022-08-07,San Benito,069,59416,15652,15403,875,16278,101
2022-08-07,San Bernardino,071,2135413,650218,639120,29262,668382,7956
2022-08-07,San Diego,073,3302833,896533,891504,68545,960049,5424
2022-08-07,San Francisco,075,870044,172619,171486,11589,183075,946
2022-08-07,San Joaquin,077,732212,191438,189696,13802,203498,2276
2022-08-07,San Luis Obispo,079,281455,61594,60903,6632,67535,510
2022-08-07,San Mateo,081,765935,162962,161011,10089,171100,734
2022-08-07,Santa Barbara,083,443738,101959,100995,6374,107369,711
2022-08-07,Santa Clara,085,1922200,419913,412411,18118,430529,2386
2022-08-07,Santa Cruz,087,273765,60595,59982,3241,63223,269
2022-08-07,Shasta,089,179085,33946,33727,7043,40770,583
2022-08-07,Sierra,091,2930,296,295,59,354,4
2022-08-07,Siskiyou,093,43540,4976,5045,3205,8250,87
2022-08-07,Solano,095,438530,101994,100081,7477,107558,457
2022-08-07,Sonoma,097,501317,103611,102682,5027,107709,502
2022-08-07,Stanislaus,099,539301,133375,132406,20603,153009,1701
2022-08-07,Sutter,101,95872,23290,23178,2400,25578,228
2022-08-07,Tehama,103,63373,13271,13155,2948,16103,209
2022-08-07,Trinity,105,12862,1357,1347,352,1699,20
2022-08-07,Tulare,107,460477,118416,117668,33548,151216,1516
2022-08-07,Tuolumne,109,53932,15027,14844,882,15726,196
2022-08-07,Ventura,111,848112,201563,200270,14414,214684,1537
2022-08-07,Yolo,113,214977,46161,45902,4024,49926,331
2022-08-07,Yuba,115,75493,18190,18099,1587,19686,124
2022-08-06,Alameda,001,1643700,334459,331755,18698,350453,1945
2022-08-06,Alpine,002,1148,131,130,1,131,0
2022-08-06,Amador,005,37829,9698,9655,874,10529,88
2022-08-06,Butte,007,227075,38082,37717,8588,46305,446
2022-08-06,Calaveras,009,45235,8251,8219,484,8703,129
2022-08-06,Colusa,011,21464,3703,3696,1204,4900,22
2022-08-06,Contra Costa,013,1133247,242518,237436,19672,257108,1383
2022-08-06,Del Norte,015,27424,7226,7191,379,7570,54
2022-08-06,El Dorado,017,186661,31358,31240,4057,35297,225
2022-08-06,Fresno,019,978130,269795,263912,29784,293696,2815
2022-08-06,Glenn,021,27897,5415,5379,1811,7190,48
2022-08-06,Humboldt,023,135768,20885,20746,4539,25285,153
2022-08-06,Imperial,025,180216,63660,63198,14536,77734,949
2022-08-06,Inyo,027,18085,4423,4408,838,5246,57
2022-08-06,Kern,029,883053,213859,211798,58558,270356,2375
2022-08-06,Kings,031,150075,57588,57294,3917,61211,453
2022-08-06,Lake,033,64148,12305,12220,1099,13319,142
2022-08-06,Lassen,035,31185,9702,9654,967,10621,64
2022-08-06,Los Angeles,037,10098052,3180162,3153757,168347,3322104,32563
2022-08-06,Madera,039,155013,42407,42139,7619,49758,372
2022-08-06,Marin,041,260295,43627,43295,5000,48295,302
2022-08-06,Mariposa,043,17540,2994,2965,318,3283,31
2022-08-06,Mendocino,045,87422,15478,15335,4211,19546,132
2022-08-06,Merced,047,269075,70507,69498,10901,80399,838
2022-08-06,Modoc,049,8938,856,853,310,1163,11
2022-08-06,Mono,051,14174,3173,3161,233,3394,7
2022-08-06,Monterey,053,433212,91598,90884,19507,110391,757
2022-08-06,Napa,055,140530,31228,31052,1362,32414,151
2022-08-06,Nevada,057,99092,18397,18309,1695,20004,132
2022-08-06,Orange,059,3164182,647325,643029,58975,702004,7213
2022-08-06,Placer,061,380077,73598,73064,9226,82290,648
2022-08-06,Plumas,063,18699,3532,3516,427,3943,13
2022-08-06,Riverside,065,2383286,673949,669230,33386,702616,6555
2022-08-06,Sacramento,067,1510023,335185,332928,32689,365617,3175
2022-08-06,San Benito,069,59416,15635,15403,873,16276,101
2022-08-06,San Bernardino,071,2135413,649744,639120,29228,668348,7956
2022-08-06,San Diego,073,3302833,895977,891504,68502,960006,5424
2022-08-06,San Francisco,075,870044,172462,171486,11579,183065,946
2022-08-06,San Joaquin,077,732212,191309,189696,13766,203462,2276
2022-08-06,San Luis Obispo,079,281455,61566,60903,6627,67530,510
2022-08-06,San Mateo,081,765935,162823,161011,10083,171094,734
2022-08-06,Santa Barbara,083,443738,101885,100995,6362,107357,711
2022-08-06,Santa Clara,085,1922200,419441,412411,18100,430511,2386
2022-08-06,Santa Cruz,087,273765,60538,59982,3234,63216,269
2022-08-06,Shasta,089,179085,33915,33727,7033,40760,583
2022-08-06,Sierra,091,2930,296,295,59,354,4
2022-08-06,Siskiyou,093,43540,4974,5045,3203,8248,87
2022-08-06,Solano,095,438530,101945,100081,7471,107552,457
2022-08-06,Sonoma,097,501317,103547,102682,5020,107702,502
2022-08-06,Stanislaus,099,539301,133272,132406,20593,152999,1701
2022-08-06,Sutter,101,95872,23266,23178,2400,25578,228
2022-08-06,Tehama,103,63373,13266,13155,2944,16099,209
2022-08-06,Trinity,105,12862,1357,1347,352,1699,20
2022-08-06,Tulare,107,460477,118335,117668,33505,151173,1516
2022-08-06,Tuolumne,109,53932,15019,14844,881,15725,196
2022-08-06,Ventura,111,848112,201454,200270,14392,214662,1537
2022-08-06,Yolo,113,214977,46130,45902,4016,49918,331
2022-08-06,Yuba,115,75493,18174,18099,1586,19685,124
2022-08-05,Alameda,001,1643700,334149,331755,18688,350443,1945
2022-08-05,Alpine,002,1148,131,130,1,131,0
2022-08-05,Amador,005,37829,9696,9655,873,10528,88
2022-08-05,Butte,007,227075,38044,37717,8577,46294,446
2022-08-05,Calaveras,009,45235,8247,8219,484,8703,129
2022-08-05,Colusa,011,21464,3702,3696,1204,4900,22
2022-08-05,Contra Costa,013,1133247,242325,237436,19646,257082,1383
2022-08-05,Del Norte,015,27424,7222,7191,378,7569,54
2022-08-05,El Dorado,017,186661,31350,31240,4056,35296,225
2022-08-05,Fresno,019,978130,269612,263912,29761,293673,2815
2022-08-05,Glenn,021,27897,5414,5379,1810,7189,48
2022-08-05,Humboldt,023,135768,20868,20746,4526,25272,153
2022-08-05,Imperial,025,180216,63585,63198,14497,77695,949
2022-08-05,Inyo,027,18085,4423,4408,838,5246,57
2022-08-05,Kern,029,883053,213742,211798,58467,270265,2375
2022-08-05,Kings,031,150075,57563,57294,3916,61210,453
2022-08-05,Lake,033,64148,12295,12220,1099,13319,142
2022-08-05,Lassen,035,31185,9690,9654,966,10620,64
2022-08-05,Los Angeles,037,10098052,3177649,3153757,168064,3321821,32563
2022-08-05,Madera,039,155013,42364,42139,7609,49748,372
2022-08-05,Marin,041,260295,43584,43295,4994,48289,302
2022-08-05,Mariposa,043,17540,2989,2965,317,3282,31
2022-08-05,Mendocino,045,87422,15462,15335,4209,19544,132
2022-08-05,Merced,047,269075,70456,69498,10895,80393,838
2022-08-05,Modoc,049,8938,856,853,310,1163,11
2022-08-05,Mono,051,14174,3172,3161,233,3394,7
2022-08-05,Monterey,053,433212,91530,90884,19472,110356,757
2022-08-05,Napa,055,140530,31199,31052,1361,32413,151
2022-08-05,Nevada,057,99092,18387,18309,1694,20003,132
2022-08-05,Orange,059,3164182,646799,643029,58868,701897,7213
2022-08-05,Placer,061,380077,73546,73064,9219,82283,648
2022-08-05,Plumas,063,18699,3530,3516,427,3943,13
2022-08-05,Riverside,065,2383286,673382,669230,33344,702574,6555
2022-08-05,Sacramento,067,1510023,334935,332928,32668,365596,3175
2022-08-05,San Benito,069,59416,15613,15403,871,16274,101
2022-08-05,San Bernardino,071,2135413,649277,639120,29203,668323,7956
2022-08-05,San Diego,073,3302833,895316,891504,68421,959925,5424
2022-08-05,San Francisco,075,870044,172319,171486,11559,183045,946
2022-08-05,San Joaquin,077,732212,191181,189696,13732,203428,2276
2022-08-05,San Luis Obispo,079,281455,61531,60903,6619,67522,510
2022-08-05,San Mateo,081,765935,162646,161011,10074,171085,734
2022-08-05,Santa Barbara,083,443738,101783,100995,6354,107349,711
2022-08-05,Santa Clara,085,1922200,418936,412411,18070,430481,2386
2022-08-05,Santa Cruz,087,273765,60471,59982,3230,63212,269
2022-08-05,Shasta,089,179085,33905,33727,7030,40757,583
2022-08-05,Sierra,091,2930,296,295,59,354,4
2022-08-05,Siskiyou,093,43540,4971,5045,3201,8246,87
2022-08-05,Solano,095,438530,101867,100081,7463,107544,457
2022-08-05,Sonoma,097,501317,103469,102682,5016,107698,502
2022-08-05,Stanislaus,099,539301,133171,132406,20582,152988,1701
2022-08-05,Sutter,101,95872,23247,23178,2398,25576,228
2022-08-05,Tehama,103,63373,13258,13155,2944,16099,209
2022-08-05,Trinity,105,12862,1356,1347,352,1699,20
2022-08-05,Tulare,107,460477,118249,117668,33452,151120,1516
2022-08-05,Tuolumne,109,53932,15006,14844,880,15724,196
2022-08-05,Ventura,111,848112,201304,200270,14363,214633,1537
2022-08-05,Yolo,113,214977,46111,45902,4002,49904,331
2022-08-05,Yuba,115,75493,18166,18099,1585,19684,124
2022-08-04,Alameda,001,1643700,333683,331755,18651,350406,1945
2022-08-04,Alpine,002,1148,130,130,1,131,0
2022-08-04,Amador,005,37829,9685,9655,869,10524,88
2022-08-04,Butte,007,227075,38000,37717,8562,46279,446
2022-08-04,Calaveras,009,45235,8240,8219,483,8702,129
2022-08-04,Colusa,011,21464,3701,3696,1204,4900,22
2022-08-04,Contra Costa,013,1133247,242050,237436,19606,257042,1383
2022-08-04,Del Norte,015,27424,7214,7191,377,7568,54
2022-08-04,El Dorado,017,186661,31319,31240,4053,35293,225
2022-08-04,Fresno,019,978130,269277,263912,29709,293621,2815
2022-08-04,Glenn,021,27897,5409,5379,1807,7186,48
2022-08-04,Humboldt,023,135768,20842,20746,4515,25261,153
2022-08-04,Imperial,025,180216,63518,63198,14443,77641,949
2022-08-04,Inyo,027,18085,4422,4408,837,5245,57
2022-08-04,Kern,029,883053,213529,211798,58337,270135,2375
2022-08-04,Kings,031,150075,57496,57294,3909,61203,453
2022-08-04,Lake,033,64148,12280,12220,1099,13319,142
2022-08-04,Lassen,035,31185,9685,9654,963,10617,64
2022-08-04,Los Angeles,037,10098052,3173928,3153757,167675,3321432,32563
2022-08-04,Madera,039,155013,42321,42139,7568,49707,372
2022-08-04,Marin,041,260295,43529,43295,4966,48261,302
2022-08-04,Mariposa,043,17540,2983,2965,316,3281,31
2022-08-04,Mendocino,045,87422,15447,15335,4203,19538,132
2022-08-04,Merced,047,269075,70383,69498,10857,80355,838
2022-08-04,Modoc,049,8938,856,853,310,1163,11
2022-08-04,Mono,051,14174,3172,3161,233,3394,7
2022-08-04,Monterey,053,433212,91420,90884,19409,110293,757
2022-08-04,Napa,055,140530,31163,31052,1360,32412,151
2022-08-04,Nevada,057,99092,18375,18309,1688,19997,132
2022-08-04,Orange,059,3164182,646002,643029,58730,701759,7213
2022-08-04,Placer,061,380077,73473,73064,9207,82271,648
2022-08-04,Plumas,063,18699,3524,3516,427,3943,13
2022-08-04,Riverside,065,2383286,672651,669230,33306,702536,6555
2022-08-04,Sacramento,067,1510023,334510,332928,32643,365571,3175
2022-08-04,San Benito,069,59416,15583,15403,865,16268,101
2022-08-04,San Bernardino,071,2135413,648560,639120,29150,668270,7956
2022-08-04,San Diego,073,3302833,894335,891504,68320,959824,5424
2022-08-04,San Francisco,075,870044,172106,171486,11531,183017,946
2022-08-04,San Joaquin,077,732212,190976,189696,13692,203388,2276
2022-08-04,San Luis Obispo,079,281455,61458,60903,6597,67500,510
2022-08-04,San Mateo,081,765935,162422,161011,10067,171078,734
2022-08-04,Santa Barbara,083,443738,101650,100995,6333,107328,711
2022-08-04,Santa Clara,085,1922200,418350,412411,18042,430453,2386
2022-08-04,Santa Cruz,087,273765,60383,59982,3229,63211,269
2022-08-04,Shasta,089,179085,33881,33727,7017,40744,583
2022-08-04,Sierra,091,2930,296,295,59,354,4
2022-08-04,Siskiyou,093,43540,4967,5045,3195,8240,87
2022-08-04,Solano,095,438530,101756,100081,7452,107533,457
2022-08-04,Sonoma,097,501317,103360,102682,5006,107688,502
2022-08-04,Stanislaus,099,539301,133012,132406,20558,152964,1701
2022-08-04,Sutter,101,95872,23221,23178,2396,25574,228
2022-08-04,Tehama,103,63373,13244,13155,2939,16094,209
2022-08-04,Trinity,105,12862,1355,1347,351,1698,20
2022-08-04,Tulare,107,460477,118132,117668,33392,151060,1516
2022-08-04,Tuolumne,109,53932,14982,14844,878,15722,196
2022-08-04,Ventura,111,848112,201071,200270,14326,214596,1537
2022-08-04,Yolo,113,214977,46073,45902,3994,49896,331
2022-08-04,Yuba,115,75493,18147,18099,1584,19683,124
2022-08-03,Alameda,001,1643700,333167,330158,18613,348771,1941
2022-08-03,Alpine,002,1148,130,130,1,131,0
2022-08-03,Amador,005,37829,9679,9627,866,10493,88
2022-08-03,Butte,007,227075,37955,37567,8552,46119,444
2022-08-03,Calaveras,009,45235,8232,8194,482,8676,128
2022-08-03,Colusa,011,21464,3701,3676,1204,4880,22
2022-08-03,Contra Costa,013,1133247,241723,236190,19558,255748,1381
2022-08-03,Del Norte,015,27424,7210,7156,377,7533,54
2022-08-03,El Dorado,017,186661,31284,31165,4044,35209,222
2022-08-03,Fresno,019,978130,268866,262758,29662,292420,2806
2022-08-03,Glenn,021,27897,5407,5363,1803,7166,48
2022-08-03,Humboldt,023,135768,20808,20640,4498,25138,153
2022-08-03,Imperial,025,180216,63438,62884,14394,77278,949
2022-08-03,Inyo,027,18085,4422,4398,831,5229,57
2022-08-03,Kern,029,883053,213340,211047,58161,269208,2375
2022-08-03,Kings,031,150075,57432,57065,3905,60970,453
2022-08-03,Lake,033,64148,12261,12172,1098,13270,142
2022-08-03,Lassen,035,31185,9682,9563,963,10526,64
2022-08-03,Los Angeles,037,10098052,3170178,3140955,167282,3308237,32500
2022-08-03,Madera,039,155013,42278,41918,7550,49468,372
2022-08-03,Marin,041,260295,43465,43127,4954,48081,300
2022-08-03,Mariposa,043,17540,2979,2950,316,3266,30
2022-08-03,Mendocino,045,87422,15429,15260,4195,19455,132
2022-08-03,Merced,047,269075,70317,69198,10824,80022,838
2022-08-03,Modoc,049,8938,855,842,310,1152,11
2022-08-03,Mono,051,14174,3171,3157,232,3389,7
2022-08-03,Monterey,053,433212,91315,90456,19346,109802,754
2022-08-03,Napa,055,140530,31126,30935,1355,32290,151
2022-08-03,Nevada,057,99092,18364,18253,1685,19938,132
2022-08-03,Orange,059,3164182,645158,640110,58561,698671,7202
2022-08-03,Placer,061,380077,73389,72834,9191,82025,646
2022-08-03,Plumas,063,18699,3521,3496,427,3923,13
2022-08-03,Riverside,065,2383286,671791,666773,33246,700019,6547
2022-08-03,Sacramento,067,1510023,334082,331584,32608,364192,3162
2022-08-03,San Benito,069,59416,15553,15338,858,16196,100
2022-08-03,San Bernardino,071,2135413,647801,636510,29102,665612,7951
2022-08-03,San Diego,073,3302833,893121,887729,68195,955924,5417
2022-08-03,San Francisco,075,870044,171896,170637,11513,182150,939
2022-08-03,San Joaquin,077,732212,190731,188962,13659,202621,2276
2022-08-03,San Luis Obispo,079,281455,61371,60648,6584,67232,504
2022-08-03,San Mateo,081,765935,162228,160258,10059,170317,725
2022-08-03,Santa Barbara,083,443738,101526,100558,6313,106871,710
2022-08-03,Santa Clara,085,1922200,417864,410394,18013,428407,2383
2022-08-03,Santa Cruz,087,273765,60294,59661,3226,62887,269
2022-08-03,Shasta,089,179085,33851,33630,7013,40643,582
2022-08-03,Sierra,091,2930,296,295,59,354,4
2022-08-03,Siskiyou,093,43540,4965,5021,3193,8214,86
2022-08-03,Solano,095,438530,101636,99608,7439,107047,459
2022-08-03,Sonoma,097,501317,103235,102306,4993,107299,500
2022-08-03,Stanislaus,099,539301,132869,131869,20529,152398,1701
2022-08-03,Sutter,101,95872,23193,23056,2394,25450,228
2022-08-03,Tehama,103,63373,13232,13135,2935,16070,209
2022-08-03,Trinity,105,12862,1355,1342,350,1692,20
2022-08-03,Tulare,107,460477,117997,117288,33325,150613,1516
2022-08-03,Tuolumne,109,53932,14962,14778,878,15656,196
2022-08-03,Ventura,111,848112,200831,199530,14292,213822,1536
2022-08-03,Yolo,113,214977,46024,45757,3977,49734,330
2022-08-03,Yuba,115,75493,18118,18036,1583,19619,124
2022-08-02,Alameda,001,1643700,332624,330158,18582,348740,1941
2022-08-02,Alpine,002,1148,130,130,1,131,0
2022-08-02,Amador,005,37829,9669,9627,859,10486,88
2022-08-02,Butte,007,227075,37916,37567,8540,46107,444
2022-08-02,Calaveras,009,45235,8217,8194,480,8674,128
2022-08-02,Colusa,011,21464,3698,3676,1203,4879,22
2022-08-02,Contra Costa,013,1133247,241370,236190,19498,255688,1381
2022-08-02,Del Norte,015,27424,7200,7156,377,7533,54
2022-08-02,El Dorado,017,186661,31251,31165,4038,35203,222
2022-08-02,Fresno,019,978130,268438,262758,29577,292335,2806
2022-08-02,Glenn,021,27897,5403,5363,1802,7165,48
2022-08-02,Humboldt,023,135768,20770,20640,4476,25116,153
2022-08-02,Imperial,025,180216,63356,62884,14345,77229,949
2022-08-02,Inyo,027,18085,4419,4398,821,5219,57
2022-08-02,Kern,029,883053,213097,211047,57964,269011,2375
2022-08-02,Kings,031,150075,57351,57065,3900,60965,453
2022-08-02,Lake,033,64148,12248,12172,1096,13268,142
2022-08-02,Lassen,035,31185,9679,9563,962,10525,64
2022-08-02,Los Angeles,037,10098052,3165806,3140955,166793,3307748,32500
2022-08-02,Madera,039,155013,42211,41918,7527,49445,372
2022-08-02,Marin,041,260295,43407,43127,4946,48073,300
2022-08-02,Mariposa,043,17540,2975,2950,316,3266,30
2022-08-02,Mendocino,045,87422,15399,15260,4181,19441,132
2022-08-02,Merced,047,269075,70238,69198,10784,79982,838
2022-08-02,Modoc,049,8938,855,842,310,1152,11
2022-08-02,Mono,051,14174,3170,3157,230,3387,7
2022-08-02,Monterey,053,433212,91192,90456,19276,109732,754
2022-08-02,Napa,055,140530,31090,30935,1352,32287,151
2022-08-02,Nevada,057,99092,18348,18253,1685,19938,132
2022-08-02,Orange,059,3164182,644250,640110,58386,698496,7202
2022-08-02,Placer,061,380077,73300,72834,9178,82012,646
2022-08-02,Plumas,063,18699,3516,3496,427,3923,13
2022-08-02,Riverside,065,2383286,670865,666773,33199,699972,6547
2022-08-02,Sacramento,067,1510023,333667,331584,32560,364144,3162
2022-08-02,San Benito,069,59416,15514,15338,854,16192,100
2022-08-02,San Bernardino,071,2135413,646945,636510,29054,665564,7951
2022-08-02,San Diego,073,3302833,891960,887729,68065,955794,5417
2022-08-02,San Francisco,075,870044,171660,170637,11499,182136,939
2022-08-02,San Joaquin,077,732212,190493,188962,13614,202576,2276
2022-08-02,San Luis Obispo,079,281455,61282,60648,6557,67205,504
2022-08-02,San Mateo,081,765935,161981,160258,10054,170312,725
2022-08-02,Santa Barbara,083,443738,101359,100558,6287,106845,710
2022-08-02,Santa Clara,085,1922200,417235,410394,17979,428373,2383
2022-08-02,Santa Cruz,087,273765,60204,59661,3219,62880,269
2022-08-02,Shasta,089,179085,33826,33630,7002,40632,582
2022-08-02,Sierra,091,2930,296,295,59,354,4
2022-08-02,Siskiyou,093,43540,4957,5021,3189,8210,86
2022-08-02,Solano,095,438530,101453,99608,7417,107025,459
2022-08-02,Sonoma,097,501317,103060,102306,4980,107286,500
2022-08-02,Stanislaus,099,539301,132710,131869,20486,152355,1701
2022-08-02,Sutter,101,95872,23158,23056,2394,25450,228
2022-08-02,Tehama,103,63373,13220,13135,2932,16067,209
2022-08-02,Trinity,105,12862,1355,1342,348,1690,20
2022-08-02,Tulare,107,460477,117859,117288,33240,150528,1516
2022-08-02,Tuolumne,109,53932,14945,14778,876,15654,196
2022-08-02,Ventura,111,848112,200576,199530,14250,213780,1536
2022-08-02,Yolo,113,214977,45975,45757,3972,49729,330
2022-08-02,Yuba,115,75493,18097,18036,1578,19614,124
2022-08-01,Alameda,001,1643700,331958,330158,18545,348703,1941
2022-08-01,Alpine,002,1148,130,130,1,131,0
2022-08-01,Amador,005,37829,9662,9627,857,10484,88
2022-08-01,Butte,007,227075,37858,37567,8526,46093,444
2022-08-01,Calaveras,009,45235,8214,8194,479,8673,128
2022-08-01,Colusa,011,21464,3694,3676,1194,4870,22
2022-08-01,Contra Costa,013,1133247,240974,236190,19445,255635,1381
2022-08-01,Del Norte,015,27424,7195,7156,377,7533,54
2022-08-01,El Dorado,017,186661,31224,31165,4033,35198,222
2022-08-01,Fresno,019,978130,267978,262758,29495,292253,2806
2022-08-01,Glenn,021,27897,5395,5363,1801,7164,48
2022-08-01,Humboldt,023,135768,20737,20640,4460,25100,153
2022-08-01,Imperial,025,180216,63243,62884,14286,77170,949
2022-08-01,Inyo,027,18085,4415,4398,817,5215,57
2022-08-01,Kern,029,883053,212852,211047,57793,268840,2375
2022-08-01,Kings,031,150075,57258,57065,3890,60955,453
2022-08-01,Lake,033,64148,12218,12172,1096,13268,142
2022-08-01,Lassen,035,31185,9659,9563,962,10525,64
2022-08-01,Los Angeles,037,10098052,3161053,3140955,166307,3307262,32500
2022-08-01,Madera,039,155013,42128,41918,7496,49414,372
2022-08-01,Marin,041,260295,43353,43127,4922,48049,300
2022-08-01,Mariposa,043,17540,2970,2950,315,3265,30
2022-08-01,Mendocino,045,87422,15375,15260,4172,19432,132
2022-08-01,Merced,047,269075,70126,69198,10753,79951,838
2022-08-01,Modoc,049,8938,855,842,310,1152,11
2022-08-01,Mono,051,14174,3169,3157,228,3385,7
2022-08-01,Monterey,053,433212,91049,90456,19201,109657,754
2022-08-01,Napa,055,140530,31041,30935,1348,32283,151
2022-08-01,Nevada,057,99092,18336,18253,1680,19933,132
2022-08-01,Orange,059,3164182,643274,640110,58209,698319,7202
2022-08-01,Placer,061,380077,73232,72834,9164,81998,646
2022-08-01,Plumas,063,18699,3512,3496,427,3923,13
2022-08-01,Riverside,065,2383286,669845,666773,33152,699925,6547
2022-08-01,Sacramento,067,1510023,333224,331584,32521,364105,3162
2022-08-01,San Benito,069,59416,15493,15338,854,16192,100
2022-08-01,San Bernardino,071,2135413,646010,636510,28995,665505,7951
2022-08-01,San Diego,073,3302833,890533,887729,67890,955619,5417
2022-08-01,San Francisco,075,870044,171405,170637,11485,182122,939
2022-08-01,San Joaquin,077,732212,190221,188962,13572,202534,2276
2022-08-01,San Luis Obispo,079,281455,61183,60648,6543,67191,504
2022-08-01,San Mateo,081,765935,161685,160258,10042,170300,725
2022-08-01,Santa Barbara,083,443738,101184,100558,6262,106820,710
2022-08-01,Santa Clara,085,1922200,416448,410394,17953,428347,2383
2022-08-01,Santa Cruz,087,273765,60098,59661,3207,62868,269
2022-08-01,Shasta,089,179085,33797,33630,6992,40622,582
2022-08-01,Sierra,091,2930,296,295,59,354,4
2022-08-01,Siskiyou,093,43540,4951,5021,3183,8204,86
2022-08-01,Solano,095,438530,101270,99608,7398,107006,459
2022-08-01,Sonoma,097,501317,102891,102306,4970,107276,500
2022-08-01,Stanislaus,099,539301,132535,131869,20457,152326,1701
2022-08-01,Sutter,101,95872,23103,23056,2393,25449,228
2022-08-01,Tehama,103,63373,13204,13135,2926,16061,209
2022-08-01,Trinity,105,12862,1354,1342,347,1689,20
2022-08-01,Tulare,107,460477,117683,117288,33162,150450,1516
2022-08-01,Tuolumne,109,53932,14926,14778,876,15654,196
2022-08-01,Ventura,111,848112,200319,199530,14206,213736,1536
2022-08-01,Yolo,113,214977,45924,45757,3956,49713,330
2022-08-01,Yuba,115,75493,18073,18036,1574,19610,124
2022-07-31,Alameda,001,1643700,331220,327608,18506,346114,1941
2022-07-31,Alpine,002,1148,130,130,1,131,0
2022-07-31,Amador,005,37829,9649,9609,852,10461,88
2022-07-31,Butte,007,227075,37782,37349,8506,45855,444
2022-07-31,Calaveras,009,45235,8202,8145,476,8621,128
2022-07-31,Colusa,011,21464,3690,3664,1192,4856,22
2022-07-31,Contra Costa,013,1133247,240498,234635,19376,254011,1375
2022-07-31,Del Norte,015,27424,7183,7136,374,7510,54
2022-07-31,El Dorado,017,186661,31197,31007,4024,35031,222
2022-07-31,Fresno,019,978130,267421,260858,29410,290268,2805
2022-07-31,Glenn,021,27897,5392,5350,1799,7149,48
2022-07-31,Humboldt,023,135768,20697,20523,4429,24952,151
2022-07-31,Imperial,025,180216,63138,62471,14207,76678,949
2022-07-31,Inyo,027,18085,4410,4388,812,5200,57
2022-07-31,Kern,029,883053,212537,210190,57549,267739,2375
2022-07-31,Kings,031,150075,57132,56673,3881,60554,454
2022-07-31,Lake,033,64148,12202,12102,1094,13196,142
2022-07-31,Lassen,035,31185,9579,9548,962,10510,64
2022-07-31,Los Angeles,037,10098052,3155796,3122700,165679,3288379,32445
2022-07-31,Madera,039,155013,42040,41641,7463,49104,372
2022-07-31,Marin,041,260295,43281,42840,4909,47749,300
2022-07-31,Mariposa,043,17540,2964,2940,314,3254,30
2022-07-31,Mendocino,045,87422,15355,15172,4163,19335,132
2022-07-31,Merced,047,269075,69997,68853,10709,79562,838
2022-07-31,Modoc,049,8938,851,841,310,1151,11
2022-07-31,Mono,051,14174,3168,3155,225,3380,7
2022-07-31,Monterey,053,433212,90889,89974,19117,109091,754
2022-07-31,Napa,055,140530,30975,30777,1344,32121,150
2022-07-31,Nevada,057,99092,18298,18187,1678,19865,131
2022-07-31,Orange,059,3164182,642242,636403,58000,694403,7194
2022-07-31,Placer,061,380077,73129,72444,9148,81592,647
2022-07-31,Plumas,063,18699,3506,3490,426,3916,13
2022-07-31,Riverside,065,2383286,668756,662929,33070,695999,6543
2022-07-31,Sacramento,067,1510023,332626,329639,32464,362103,3156
2022-07-31,San Benito,069,59416,15460,15256,848,16104,100
2022-07-31,San Bernardino,071,2135413,644855,633131,28897,662028,7941
2022-07-31,San Diego,073,3302833,888924,881822,67740,949562,5409
2022-07-31,San Francisco,075,870044,171008,169564,11445,181009,937
2022-07-31,San Joaquin,077,732212,189861,187937,13483,201420,2276
2022-07-31,San Luis Obispo,079,281455,61035,60370,6508,66878,503
2022-07-31,San Mateo,081,765935,161436,159145,10015,169160,726
2022-07-31,Santa Barbara,083,443738,100952,99946,6220,106166,708
2022-07-31,Santa Clara,085,1922200,415669,407392,17920,425312,2381
2022-07-31,Santa Cruz,087,273765,59930,59227,3191,62418,269
2022-07-31,Shasta,089,179085,33746,33454,6969,40423,581
2022-07-31,Sierra,091,2930,296,293,59,352,4
2022-07-31,Siskiyou,093,43540,4941,4997,3180,8177,86
2022-07-31,Solano,095,438530,101070,99034,7384,106418,457
2022-07-31,Sonoma,097,501317,102737,101747,4944,106691,500
2022-07-31,Stanislaus,099,539301,132297,131081,20410,151491,1696
2022-07-31,Sutter,101,95872,23059,22931,2382,25313,228
2022-07-31,Tehama,103,63373,13196,13079,2917,15996,208
2022-07-31,Trinity,105,12862,1352,1340,346,1686,20
2022-07-31,Tulare,107,460477,117491,116640,33042,149682,1514
2022-07-31,Tuolumne,109,53932,14902,14701,873,15574,196
2022-07-31,Ventura,111,848112,200000,198498,14126,212624,1530
2022-07-31,Yolo,113,214977,45863,45511,3945,49456,327
2022-07-31,Yuba,115,75493,18042,17951,1566,19517,124
2022-07-30,Alameda,001,1643700,330881,327608,18487,346095,1941
2022-07-30,Alpine,002,1148,130,130,1,131,0
2022-07-30,Amador,005,37829,9647,9609,847,10456,88
2022-07-30,Butte,007,227075,37753,37349,8497,45846,444
2022-07-30,Calaveras,009,45235,8192,8145,475,8620,128
2022-07-30,Colusa,011,21464,3685,3664,1192,4856,22
2022-07-30,Contra Costa,013,1133247,240223,234635,19335,253970,1375
2022-07-30,Del Norte,015,27424,7178,7136,372,7508,54
2022-07-30,El Dorado,017,186661,31178,31007,4020,35027,222
2022-07-30,Fresno,019,978130,267214,260858,29367,290225,2805
2022-07-30,Glenn,021,27897,5387,5350,1798,7148,48
2022-07-30,Humboldt,023,135768,20678,20523,4417,24940,151
2022-07-30,Imperial,025,180216,63090,62471,14179,76650,949
2022-07-30,Inyo,027,18085,4409,4388,808,5196,57
2022-07-30,Kern,029,883053,212408,210190,57406,267596,2375
2022-07-30,Kings,031,150075,57099,56673,3881,60554,454
2022-07-30,Lake,033,64148,12192,12102,1093,13195,142
2022-07-30,Lassen,035,31185,9578,9548,960,10508,64
2022-07-30,Los Angeles,037,10098052,3153310,3122700,165277,3287977,32445
2022-07-30,Madera,039,155013,42006,41641,7458,49099,372
2022-07-30,Marin,041,260295,43249,42840,4907,47747,300
2022-07-30,Mariposa,043,17540,2962,2940,313,3253,30
2022-07-30,Mendocino,045,87422,15331,15172,4159,19331,132
2022-07-30,Merced,047,269075,69946,68853,10702,79555,838
2022-07-30,Modoc,049,8938,851,841,310,1151,11
2022-07-30,Mono,051,14174,3167,3155,224,3379,7
2022-07-30,Monterey,053,433212,90797,89974,19070,109044,754
2022-07-30,Napa,055,140530,30947,30777,1341,32118,150
2022-07-30,Nevada,057,99092,18289,18187,1674,19861,131
2022-07-30,Orange,059,3164182,641686,636403,57890,694293,7194
2022-07-30,Placer,061,380077,73090,72444,9135,81579,647
2022-07-30,Plumas,063,18699,3506,3490,426,3916,13
2022-07-30,Riverside,065,2383286,668204,662929,33041,695970,6543
2022-07-30,Sacramento,067,1510023,332383,329639,32453,362092,3156
2022-07-30,San Benito,069,59416,15447,15256,845,16101,100
2022-07-30,San Bernardino,071,2135413,644368,633131,28854,661985,7941
2022-07-30,San Diego,073,3302833,888279,881822,67681,949503,5409
2022-07-30,San Francisco,075,870044,170856,169564,11435,180999,937
2022-07-30,San Joaquin,077,732212,189735,187937,13453,201390,2276
2022-07-30,San Luis Obispo,079,281455,60995,60370,6495,66865,503
2022-07-30,San Mateo,081,765935,161251,159145,9997,169142,726
2022-07-30,Santa Barbara,083,443738,100859,99946,6201,106147,708
2022-07-30,Santa Clara,085,1922200,415182,407392,17902,425294,2381
2022-07-30,Santa Cruz,087,273765,59864,59227,3184,62411,269
2022-07-30,Shasta,089,179085,33726,33454,6968,40422,581
2022-07-30,Sierra,091,2930,296,293,59,352,4
2022-07-30,Siskiyou,093,43540,4941,4997,3178,8175,86
2022-07-30,Solano,095,438530,101012,99034,7371,106405,457
2022-07-30,Sonoma,097,501317,102647,101747,4937,106684,500
2022-07-30,Stanislaus,099,539301,132165,131081,20385,151466,1696
2022-07-30,Sutter,101,95872,23034,22931,2381,25312,228
2022-07-30,Tehama,103,63373,13190,13079,2914,15993,208
2022-07-30,Trinity,105,12862,1352,1340,346,1686,20
2022-07-30,Tulare,107,460477,117400,116640,32977,149617,1514
2022-07-30,Tuolumne,109,53932,14883,14701,873,15574,196
2022-07-30,Ventura,111,848112,199828,198498,14093,212591,1530
2022-07-30,Yolo,113,214977,45836,45511,3942,49453,327
2022-07-30,Yuba,115,75493,18029,17951,1566,19517,124
2022-07-29,Alameda,001,1643700,330520,327608,18459,346067,1941
2022-07-29,Alpine,002,1148,130,130,1,131,0
2022-07-29,Amador,005,37829,9646,9609,846,10455,88
2022-07-29,Butte,007,227075,37722,37349,8480,45829,444
2022-07-29,Calaveras,009,45235,8188,8145,475,8620,128
2022-07-29,Colusa,011,21464,3685,3664,1192,4856,22
2022-07-29,Contra Costa,013,1133247,239995,234635,19311,253946,1375
2022-07-29,Del Norte,015,27424,7173,7136,371,7507,54
2022-07-29,El Dorado,017,186661,31156,31007,4019,35026,222
2022-07-29,Fresno,019,978130,266968,260858,29319,290177,2805
2022-07-29,Glenn,021,27897,5384,5350,1796,7146,48
2022-07-29,Humboldt,023,135768,20652,20523,4407,24930,151
2022-07-29,Imperial,025,180216,63029,62471,14151,76622,949
2022-07-29,Inyo,027,18085,4408,4388,807,5195,57
2022-07-29,Kern,029,883053,212239,210190,57266,267456,2375
2022-07-29,Kings,031,150075,57062,56673,3880,60553,454
2022-07-29,Lake,033,64148,12177,12102,1090,13192,142
2022-07-29,Lassen,035,31185,9576,9548,960,10508,64
2022-07-29,Los Angeles,037,10098052,3150443,3122700,164944,3287644,32445
2022-07-29,Madera,039,155013,41961,41641,7447,49088,372
2022-07-29,Marin,041,260295,43202,42840,4899,47739,300
2022-07-29,Mariposa,043,17540,2961,2940,313,3253,30
2022-07-29,Mendocino,045,87422,15313,15172,4147,19319,132
2022-07-29,Merced,047,269075,69884,68853,10686,79539,838
2022-07-29,Modoc,049,8938,851,841,310,1151,11
2022-07-29,Mono,051,14174,3166,3155,223,3378,7
2022-07-29,Monterey,053,433212,90704,89974,19035,109009,754
2022-07-29,Napa,055,140530,30922,30777,1340,32117,150
2022-07-29,Nevada,057,99092,18278,18187,1672,19859,131
2022-07-29,Orange,059,3164182,641092,636403,57745,694148,7194
2022-07-29,Placer,061,380077,73017,72444,9121,81565,647
2022-07-29,Plumas,063,18699,3505,3490,426,3916,13
2022-07-29,Riverside,065,2383286,667661,662929,32996,695925,6543
2022-07-29,Sacramento,067,1510023,332071,329639,32434,362073,3156
2022-07-29,San Benito,069,59416,15429,15256,844,16100,100
2022-07-29,San Bernardino,071,2135413,643832,633131,28820,661951,7941
2022-07-29,San Diego,073,3302833,887427,881822,67570,949392,5409
2022-07-29,San Francisco,075,870044,170679,169564,11423,180987,937
2022-07-29,San Joaquin,077,732212,189619,187937,13428,201365,2276
2022-07-29,San Luis Obispo,079,281455,60959,60370,6483,66853,503
2022-07-29,San Mateo,081,765935,161075,159145,9988,169133,726
2022-07-29,Santa Barbara,083,443738,100736,99946,6191,106137,708
2022-07-29,Santa Clara,085,1922200,414705,407392,17881,425273,2381
2022-07-29,Santa Cruz,087,273765,59788,59227,3181,62408,269
2022-07-29,Shasta,089,179085,33699,33454,6961,40415,581
2022-07-29,Sierra,091,2930,296,293,58,351,4
2022-07-29,Siskiyou,093,43540,4940,4997,3178,8175,86
2022-07-29,Solano,095,438530,100882,99034,7359,106393,457
2022-07-29,Sonoma,097,501317,102543,101747,4926,106673,500
2022-07-29,Stanislaus,099,539301,132063,131081,20373,151454,1696
2022-07-29,Sutter,101,95872,23014,22931,2381,25312,228
2022-07-29,Tehama,103,63373,13183,13079,2912,15991,208
2022-07-29,Trinity,105,12862,1348,1340,345,1685,20
2022-07-29,Tulare,107,460477,117299,116640,32917,149557,1514
2022-07-29,Tuolumne,109,53932,14869,14701,872,15573,196
2022-07-29,Ventura,111,848112,199678,198498,14053,212551,1530
2022-07-29,Yolo,113,214977,45801,45511,3929,49440,327
2022-07-29,Yuba,115,75493,18008,17951,1564,19515,124
2022-07-28,Alameda,001,1643700,330029,327608,18411,346019,1941
2022-07-28,Alpine,002,1148,130,130,1,131,0
2022-07-28,Amador,005,37829,9639,9609,845,10454,88
2022-07-28,Butte,007,227075,37670,37349,8467,45816,444
2022-07-28,Calaveras,009,45235,8177,8145,474,8619,128
2022-07-28,Colusa,011,21464,3679,3664,1192,4856,22
2022-07-28,Contra Costa,013,1133247,239630,234635,19257,253892,1375
2022-07-28,Del Norte,015,27424,7167,7136,370,7506,54
2022-07-28,El Dorado,017,186661,31121,31007,4014,35021,222
2022-07-28,Fresno,019,978130,266537,260858,29245,290103,2805
2022-07-28,Glenn,021,27897,5382,5350,1792,7142,48
2022-07-28,Humboldt,023,135768,20618,20523,4396,24919,151
2022-07-28,Imperial,025,180216,62930,62471,14087,76558,949
2022-07-28,Inyo,027,18085,4404,4388,805,5193,57
2022-07-28,Kern,029,883053,211983,210190,57098,267288,2375
2022-07-28,Kings,031,150075,56959,56673,3877,60550,454
2022-07-28,Lake,033,64148,12160,12102,1089,13191,142
2022-07-28,Lassen,035,31185,9571,9548,960,10508,64
2022-07-28,Los Angeles,037,10098052,3146116,3122700,164390,3287090,32445
2022-07-28,Madera,039,155013,41903,41641,7438,49079,372
2022-07-28,Marin,041,260295,43154,42840,4894,47734,300
2022-07-28,Mariposa,043,17540,2958,2940,310,3250,30
2022-07-28,Mendocino,045,87422,15292,15172,4136,19308,132
2022-07-28,Merced,047,269075,69802,68853,10646,79499,838
2022-07-28,Modoc,049,8938,848,841,310,1151,11
2022-07-28,Mono,051,14174,3166,3155,222,3377,7
2022-07-28,Monterey,053,433212,90548,89974,18960,108934,754
2022-07-28,Napa,055,140530,30883,30777,1338,32115,150
2022-07-28,Nevada,057,99092,18265,18187,1666,19853,131
2022-07-28,Orange,059,3164182,640138,636403,57590,693993,7194
2022-07-28,Placer,061,380077,72926,72444,9100,81544,647
2022-07-28,Plumas,063,18699,3504,3490,426,3916,13
2022-07-28,Riverside,065,2383286,666854,662929,32945,695874,6543
2022-07-28,Sacramento,067,1510023,331655,329639,32405,362044,3156
2022-07-28,San Benito,069,59416,15400,15256,839,16095,100
2022-07-28,San Bernardino,071,2135413,642983,633131,28777,661908,7941
2022-07-28,San Diego,073,3302833,886077,881822,67438,949260,5409
2022-07-28,San Francisco,075,870044,170442,169564,11393,180957,937
2022-07-28,San Joaquin,077,732212,189365,187937,13380,201317,2276
2022-07-28,San Luis Obispo,079,281455,60871,60370,6463,66833,503
2022-07-28,San Mateo,081,765935,160818,159145,9975,169120,726
2022-07-28,Santa Barbara,083,443738,100597,99946,6160,106106,708
2022-07-28,Santa Clara,085,1922200,414062,407392,17848,425240,2381
2022-07-28,Santa Cruz,087,273765,59670,59227,3169,62396,269
2022-07-28,Shasta,089,179085,33672,33454,6946,40400,581
2022-07-28,Sierra,091,2930,296,293,58,351,4
2022-07-28,Siskiyou,093,43540,4936,4997,3172,8169,86
2022-07-28,Solano,095,438530,100732,99034,7348,106382,457
2022-07-28,Sonoma,097,501317,102419,101747,4900,106647,500
2022-07-28,Stanislaus,099,539301,131914,131081,20332,151413,1696
2022-07-28,Sutter,101,95872,22983,22931,2376,25307,228
2022-07-28,Tehama,103,63373,13165,13079,2903,15982,208
2022-07-28,Trinity,105,12862,1347,1340,344,1684,20
2022-07-28,Tulare,107,460477,117171,116640,32819,149459,1514
2022-07-28,Tuolumne,109,53932,14850,14701,870,15571,196
2022-07-28,Ventura,111,848112,199410,198498,14013,212511,1530
2022-07-28,Yolo,113,214977,45752,45511,3917,49428,327
2022-07-28,Yuba,115,75493,17994,17951,1555,19506,124
2022-07-27,Alameda,001,1643700,329501,325669,18365,344034,1938
2022-07-27,Alpine,002,1148,130,130,1,131,0
2022-07-27,Amador,005,37829,9631,9568,844,10412,87
2022-07-27,Butte,007,227075,37626,37146,8455,45601,441
2022-07-27,Calaveras,009,45235,8167,8105,473,8578,130
2022-07-27,Colusa,011,21464,3671,3649,1192,4841,22
2022-07-27,Contra Costa,013,1133247,239272,233236,19208,252444,1374
2022-07-27,Del Norte,015,27424,7163,7161,370,7531,54
2022-07-27,El Dorado,017,186661,31075,30891,4005,34896,222
2022-07-27,Fresno,019,978130,266119,259483,29166,288649,2801
2022-07-27,Glenn,021,27897,5378,5327,1791,7118,48
2022-07-27,Humboldt,023,135768,20578,20406,4388,24794,150
2022-07-27,Imperial,025,180216,62846,62014,14033,76047,948
2022-07-27,Inyo,027,18085,4400,4381,801,5182,57
2022-07-27,Kern,029,883053,211746,209400,56884,266284,2368
2022-07-27,Kings,031,150075,56884,56417,3869,60286,451
2022-07-27,Lake,033,64148,12144,12025,1087,13112,142
2022-07-27,Lassen,035,31185,9566,9509,959,10468,64
2022-07-27,Los Angeles,037,10098052,3141341,3107063,163877,3270940,32392
2022-07-27,Madera,039,155013,41816,41423,7425,48848,372
2022-07-27,Marin,041,260295,43082,42624,4886,47510,300
2022-07-27,Mariposa,043,17540,2953,2927,310,3237,30
2022-07-27,Mendocino,045,87422,15263,15066,4121,19187,131
2022-07-27,Merced,047,269075,69688,68455,10616,79071,838
2022-07-27,Modoc,049,8938,846,840,310,1150,10
2022-07-27,Mono,051,14174,3164,3148,220,3368,7
2022-07-27,Monterey,053,433212,90414,89520,18888,108408,752
2022-07-27,Napa,055,140530,30840,30647,1337,31984,150
2022-07-27,Nevada,057,99092,18246,18134,1666,19800,132
2022-07-27,Orange,059,3164182,639138,632871,57410,690281,7188
2022-07-27,Placer,061,380077,72845,72194,9079,81273,647
2022-07-27,Plumas,063,18699,3498,3472,426,3898,13
2022-07-27,Riverside,065,2383286,665842,659650,32865,692515,6528
2022-07-27,Sacramento,067,1510023,331196,328249,32351,360600,3146
2022-07-27,San Benito,069,59416,15380,15188,837,16025,100
2022-07-27,San Bernardino,071,2135413,642105,629895,28722,658617,7937
2022-07-27,San Diego,073,3302833,884638,876507,67296,943803,5386
2022-07-27,San Francisco,075,870044,170195,168570,11377,179947,931
2022-07-27,San Joaquin,077,732212,189075,187066,13337,200403,2267
2022-07-27,San Luis Obispo,079,281455,60789,60180,6429,66609,502
2022-07-27,San Mateo,081,765935,160569,158343,9966,168309,724
2022-07-27,Santa Barbara,083,443738,100439,99460,6122,105582,707
2022-07-27,Santa Clara,085,1922200,413379,404896,17825,422721,2380
2022-07-27,Santa Cruz,087,273765,59575,58873,3156,62029,269
2022-07-27,Shasta,089,179085,33639,33314,6936,40250,578
2022-07-27,Sierra,091,2930,295,293,58,351,4
2022-07-27,Siskiyou,093,43540,4929,4975,3169,8144,84
2022-07-27,Solano,095,438530,100568,98579,7337,105916,457
2022-07-27,Sonoma,097,501317,102278,101316,4886,106202,499
2022-07-27,Stanislaus,099,539301,131714,130451,20290,150741,1695
2022-07-27,Sutter,101,95872,22947,22811,2370,25181,228
2022-07-27,Tehama,103,63373,13151,13036,2898,15934,207
2022-07-27,Trinity,105,12862,1346,1337,343,1680,20
2022-07-27,Tulare,107,460477,117009,116167,32746,148913,1514
2022-07-27,Tuolumne,109,53932,14820,14594,867,15461,196
2022-07-27,Ventura,111,848112,199130,197572,13948,211520,1527
2022-07-27,Yolo,113,214977,45706,45359,3900,49259,326
2022-07-27,Yuba,115,75493,17970,17873,1547,19420,124
2022-07-26,Alameda,001,1643700,328862,325669,18326,343995,1938
2022-07-26,Alpine,002,1148,130,130,1,131,0
2022-07-26,Amador,005,37829,9622,9568,840,10408,87
2022-07-26,Butte,007,227075,37566,37146,8438,45584,441
2022-07-26,Calaveras,009,45235,8157,8105,471,8576,130
2022-07-26,Colusa,011,21464,3670,3649,1192,4841,22
2022-07-26,Contra Costa,013,1133247,238835,233236,19152,252388,1374
2022-07-26,Del Norte,015,27424,7150,7161,370,7531,54
2022-07-26,El Dorado,017,186661,31031,30891,4000,34891,222
2022-07-26,Fresno,019,978130,265575,259483,29070,288553,2801
2022-07-26,Glenn,021,27897,5375,5327,1787,7114,48
2022-07-26,Humboldt,023,135768,20546,20406,4374,24780,150
2022-07-26,Imperial,025,180216,62726,62014,13952,75966,948
2022-07-26,Inyo,027,18085,4397,4381,799,5180,57
2022-07-26,Kern,029,883053,211420,209400,56663,266063,2368
2022-07-26,Kings,031,150075,56770,56417,3867,60284,451
2022-07-26,Lake,033,64148,12114,12025,1085,13110,142
2022-07-26,Lassen,035,31185,9563,9509,957,10466,64
2022-07-26,Los Angeles,037,10098052,3136314,3107063,163279,3270342,32392
2022-07-26,Madera,039,155013,41752,41423,7399,48822,372
2022-07-26,Marin,041,260295,43016,42624,4875,47499,300
2022-07-26,Mariposa,043,17540,2951,2927,310,3237,30
2022-07-26,Mendocino,045,87422,15239,15066,4110,19176,131
2022-07-26,Merced,047,269075,69595,68455,10591,79046,838
2022-07-26,Modoc,049,8938,844,840,310,1150,10
2022-07-26,Mono,051,14174,3162,3148,219,3367,7
2022-07-26,Monterey,053,433212,90275,89520,18801,108321,752
2022-07-26,Napa,055,140530,30803,30647,1331,31978,150
2022-07-26,Nevada,057,99092,18223,18134,1663,19797,132
2022-07-26,Orange,059,3164182,638030,632871,57181,690052,7188
2022-07-26,Placer,061,380077,72727,72194,9059,81253,647
2022-07-26,Plumas,063,18699,3495,3472,425,3897,13
2022-07-26,Riverside,065,2383286,664810,659650,32786,692436,6528
2022-07-26,Sacramento,067,1510023,330664,328249,32280,360529,3146
2022-07-26,San Benito,069,59416,15350,15188,835,16023,100
2022-07-26,San Bernardino,071,2135413,641111,629895,28653,658548,7937
2022-07-26,San Diego,073,3302833,882949,876507,67104,943611,5386
2022-07-26,San Francisco,075,870044,169906,168570,11362,179932,931
2022-07-26,San Joaquin,077,732212,188780,187066,13277,200343,2267
2022-07-26,San Luis Obispo,079,281455,60710,60180,6402,66582,502
2022-07-26,San Mateo,081,765935,160285,158343,9955,168298,724
2022-07-26,Santa Barbara,083,443738,100260,99460,6099,105559,707
2022-07-26,Santa Clara,085,1922200,412517,404896,17787,422683,2380
2022-07-26,Santa Cruz,087,273765,59471,58873,3139,62012,269
2022-07-26,Shasta,089,179085,33605,33314,6921,40235,578
2022-07-26,Sierra,091,2930,294,293,58,351,4
2022-07-26,Siskiyou,093,43540,4924,4975,3161,8136,84
2022-07-26,Solano,095,438530,100372,98579,7321,105900,457
2022-07-26,Sonoma,097,501317,102129,101316,4858,106174,499
2022-07-26,Stanislaus,099,539301,131501,130451,20265,150716,1695
2022-07-26,Sutter,101,95872,22917,22811,2369,25180,228
2022-07-26,Tehama,103,63373,13132,13036,2893,15929,207
2022-07-26,Trinity,105,12862,1345,1337,341,1678,20
2022-07-26,Tulare,107,460477,116859,116167,32658,148825,1514
2022-07-26,Tuolumne,109,53932,14801,14594,865,15459,196
2022-07-26,Ventura,111,848112,198819,197572,13889,211461,1527
2022-07-26,Yolo,113,214977,45655,45359,3889,49248,326
2022-07-26,Yuba,115,75493,17952,17873,1546,19419,124
2022-07-25,Alameda,001,1643700,328141,325669,18268,343937,1938
2022-07-25,Alpine,002,1148,130,130,1,131,0
2022-07-25,Amador,005,37829,9609,9568,837,10405,87
2022-07-25,Butte,007,227075,37490,37146,8423,45569,441
2022-07-25,Calaveras,009,45235,8146,8105,470,8575,130
2022-07-25,Colusa,011,21464,3668,3649,1189,4838,22
2022-07-25,Contra Costa,013,1133247,238350,233236,19070,252306,1374
2022-07-25,Del Norte,015,27424,7142,7161,369,7530,54
2022-07-25,El Dorado,017,186661,30992,30891,3986,34877,222
2022-07-25,Fresno,019,978130,264980,259483,28966,288449,2801
2022-07-25,Glenn,021,27897,5367,5327,1784,7111,48
2022-07-25,Humboldt,023,135768,20513,20406,4354,24760,150
2022-07-25,Imperial,025,180216,62607,62014,13864,75878,948
2022-07-25,Inyo,027,18085,4395,4381,793,5174,57
2022-07-25,Kern,029,883053,211123,209400,56436,265836,2368
2022-07-25,Kings,031,150075,56634,56417,3858,60275,451
2022-07-25,Lake,033,64148,12093,12025,1083,13108,142
2022-07-25,Lassen,035,31185,9556,9509,956,10465,64
2022-07-25,Los Angeles,037,10098052,3130461,3107063,162715,3269778,32392
2022-07-25,Madera,039,155013,41665,41423,7373,48796,372
2022-07-25,Marin,041,260295,42942,42624,4868,47492,300
2022-07-25,Mariposa,043,17540,2948,2927,307,3234,30
2022-07-25,Mendocino,045,87422,15200,15066,4097,19163,131
2022-07-25,Merced,047,269075,69482,68455,10560,79015,838
2022-07-25,Modoc,049,8938,839,840,308,1148,10
2022-07-25,Mono,051,14174,3160,3148,218,3366,7
2022-07-25,Monterey,053,433212,90119,89520,18691,108211,752
2022-07-25,Napa,055,140530,30759,30647,1330,31977,150
2022-07-25,Nevada,057,99092,18211,18134,1656,19790,132
2022-07-25,Orange,059,3164182,636774,632871,56973,689844,7188
2022-07-25,Placer,061,380077,72644,72194,9053,81247,647
2022-07-25,Plumas,063,18699,3489,3472,424,3896,13
2022-07-25,Riverside,065,2383286,663719,659650,32707,692357,6528
2022-07-25,Sacramento,067,1510023,330129,328249,32217,360466,3146
2022-07-25,San Benito,069,59416,15316,15188,833,16021,100
2022-07-25,San Bernardino,071,2135413,639940,629895,28596,658491,7937
2022-07-25,San Diego,073,3302833,881169,876507,66911,943418,5386
2022-07-25,San Francisco,075,870044,169590,168570,11347,179917,931
2022-07-25,San Joaquin,077,732212,188487,187066,13201,200267,2267
2022-07-25,San Luis Obispo,079,281455,60605,60180,6369,66549,502
2022-07-25,San Mateo,081,765935,159911,158343,9934,168277,724
2022-07-25,Santa Barbara,083,443738,100065,99460,6074,105534,707
2022-07-25,Santa Clara,085,1922200,411622,404896,17701,422597,2380
2022-07-25,Santa Cruz,087,273765,59350,58873,3126,61999,269
2022-07-25,Shasta,089,179085,33552,33314,6913,40227,578
2022-07-25,Sierra,091,2930,293,293,58,351,4
2022-07-25,Siskiyou,093,43540,4921,4975,3152,8127,84
2022-07-25,Solano,095,438530,100125,98579,7305,105884,457
2022-07-25,Sonoma,097,501317,101970,101316,4840,106156,499
2022-07-25,Stanislaus,099,539301,131302,130451,20235,150686,1695
2022-07-25,Sutter,101,95872,22871,22811,2368,25179,228
2022-07-25,Tehama,103,63373,13115,13036,2885,15921,207
2022-07-25,Trinity,105,12862,1343,1337,341,1678,20
2022-07-25,Tulare,107,460477,116648,116167,32560,148727,1514
2022-07-25,Tuolumne,109,53932,14782,14594,865,15459,196
2022-07-25,Ventura,111,848112,198511,197572,13834,211406,1527
2022-07-25,Yolo,113,214977,45591,45359,3873,49232,326
2022-07-25,Yuba,115,75493,17914,17873,1545,19418,124
2022-07-24,Alameda,001,1643700,327336,323165,18221,341386,1933
2022-07-24,Alpine,002,1148,130,130,1,131,0
2022-07-24,Amador,005,37829,9587,9526,834,10360,87
2022-07-24,Butte,007,227075,37425,36994,8395,45389,440
2022-07-24,Calaveras,009,45235,8129,8064,468,8532,128
2022-07-24,Colusa,011,21464,3662,3639,1189,4828,22
2022-07-24,Contra Costa,013,1133247,237819,231714,18990,250704,1363
2022-07-24,Del Norte,015,27424,7123,7128,365,7493,54
2022-07-24,El Dorado,017,186661,30946,30722,3970,34692,222
2022-07-24,Fresno,019,978130,264326,257571,28862,286433,2792
2022-07-24,Glenn,021,27897,5361,5311,1782,7093,48
2022-07-24,Humboldt,023,135768,20480,20283,4337,24620,150
2022-07-24,Imperial,025,180216,62445,61671,13744,75415,948
2022-07-24,Inyo,027,18085,4391,4366,782,5148,57
2022-07-24,Kern,029,883053,210748,208535,56198,264733,2366
2022-07-24,Kings,031,150075,56510,56103,3846,59949,451
2022-07-24,Lake,033,64148,12067,11957,1080,13037,142
2022-07-24,Lassen,035,31185,9529,9504,953,10457,64
2022-07-24,Los Angeles,037,10098052,3123968,3085376,162027,3247403,32340
2022-07-24,Madera,039,155013,41566,41145,7342,48487,372
2022-07-24,Marin,041,260295,42872,42347,4856,47203,300
2022-07-24,Mariposa,043,17540,2945,2897,306,3203,30
2022-07-24,Mendocino,045,87422,15150,14988,4065,19053,131
2022-07-24,Merced,047,269075,69323,68127,10501,78628,837
2022-07-24,Modoc,049,8938,839,829,307,1136,10
2022-07-24,Mono,051,14174,3159,3141,218,3359,7
2022-07-24,Monterey,053,433212,89941,89067,18591,107658,747
2022-07-24,Napa,055,140530,30705,30495,1329,31824,148
2022-07-24,Nevada,057,99092,18192,18073,1647,19720,131
2022-07-24,Orange,059,3164182,635417,627948,56720,684668,7181
2022-07-24,Placer,061,380077,72519,71870,9040,80910,644
2022-07-24,Plumas,063,18699,3488,3464,424,3888,13
2022-07-24,Riverside,065,2383286,662417,655603,32593,688196,6527
2022-07-24,Sacramento,067,1510023,329444,326216,32146,358362,3136
2022-07-24,San Benito,069,59416,15292,15049,832,15881,100
2022-07-24,San Bernardino,071,2135413,638552,626059,28516,654575,7933
2022-07-24,San Diego,073,3302833,879096,870102,66718,936820,5380
2022-07-24,San Francisco,075,870044,169134,167260,11317,178577,931
2022-07-24,San Joaquin,077,732212,188126,186142,13124,199266,2267
2022-07-24,San Luis Obispo,079,281455,60458,59919,6337,66256,500
2022-07-24,San Mateo,081,765935,159568,157266,9913,167179,724
2022-07-24,Santa Barbara,083,443738,99838,98826,6034,104860,706
2022-07-24,Santa Clara,085,1922200,410658,401495,17661,419156,2381
2022-07-24,Santa Cruz,087,273765,59178,58386,3105,61491,268
2022-07-24,Shasta,089,179085,33488,33185,6898,40083,578
2022-07-24,Sierra,091,2930,293,293,58,351,4
2022-07-24,Siskiyou,093,43540,4917,4938,3137,8075,84
2022-07-24,Solano,095,438530,99908,98016,7290,105306,457
2022-07-24,Sonoma,097,501317,101767,100735,4819,105554,499
2022-07-24,Stanislaus,099,539301,131009,129813,20198,150011,1695
2022-07-24,Sutter,101,95872,22820,22687,2365,25052,228
2022-07-24,Tehama,103,63373,13103,12974,2875,15849,207
2022-07-24,Trinity,105,12862,1342,1330,339,1669,20
2022-07-24,Tulare,107,460477,116462,115548,32456,148004,1513
2022-07-24,Tuolumne,109,53932,14748,14514,864,15378,196
2022-07-24,Ventura,111,848112,198103,196127,13732,209859,1525
2022-07-24,Yolo,113,214977,45515,45141,3861,49002,327
2022-07-24,Yuba,115,75493,17887,17770,1543,19313,124
2022-07-23,Alameda,001,1643700,326923,323165,18205,341370,1933
2022-07-23,Alpine,002,1148,130,130,1,131,0
2022-07-23,Amador,005,37829,9577,9526,834,10360,87
2022-07-23,Butte,007,227075,37378,36994,8388,45382,440
2022-07-23,Calaveras,009,45235,8118,8064,468,8532,128
2022-07-23,Colusa,011,21464,3657,3639,1189,4828,22
2022-07-23,Contra Costa,013,1133247,237521,231714,18960,250674,1363
2022-07-23,Del Norte,015,27424,7120,7128,364,7492,54
2022-07-23,El Dorado,017,186661,30928,30722,3968,34690,222
2022-07-23,Fresno,019,978130,264100,257571,28804,286375,2792
2022-07-23,Glenn,021,27897,5359,5311,1780,7091,48
2022-07-23,Humboldt,023,135768,20453,20283,4324,24607,150
2022-07-23,Imperial,025,180216,62382,61671,13722,75393,948
2022-07-23,Inyo,027,18085,4389,4366,781,5147,57
2022-07-23,Kern,029,883053,210575,208535,56054,264589,2366
2022-07-23,Kings,031,150075,56467,56103,3843,59946,451
2022-07-23,Lake,033,64148,12056,11957,1079,13036,142
2022-07-23,Lassen,035,31185,9527,9504,953,10457,64
2022-07-23,Los Angeles,037,10098052,3121122,3085376,161572,3246948,32340
2022-07-23,Madera,039,155013,41504,41145,7336,48481,372
2022-07-23,Marin,041,260295,42797,42347,4846,47193,300
2022-07-23,Mariposa,043,17540,2942,2897,306,3203,30
2022-07-23,Mendocino,045,87422,15130,14988,4058,19046,131
2022-07-23,Merced,047,269075,69252,68127,10486,78613,837
2022-07-23,Modoc,049,8938,839,829,307,1136,10
2022-07-23,Mono,051,14174,3158,3141,218,3359,7
2022-07-23,Monterey,053,433212,89853,89067,18570,107637,747
2022-07-23,Napa,055,140530,30672,30495,1328,31823,148
2022-07-23,Nevada,057,99092,18180,18073,1645,19718,131
2022-07-23,Orange,059,3164182,634715,627948,56517,684465,7181
2022-07-23,Placer,061,380077,72448,71870,9030,80900,644
2022-07-23,Plumas,063,18699,3487,3464,424,3888,13
2022-07-23,Riverside,065,2383286,661710,655603,32553,688156,6527
2022-07-23,Sacramento,067,1510023,329169,326216,32128,358344,3136
2022-07-23,San Benito,069,59416,15284,15049,823,15872,100
2022-07-23,San Bernardino,071,2135413,637922,626059,28473,654532,7933
2022-07-23,San Diego,073,3302833,878271,870102,66658,936760,5380
2022-07-23,San Francisco,075,870044,168942,167260,11301,178561,931
2022-07-23,San Joaquin,077,732212,187970,186142,13101,199243,2267
2022-07-23,San Luis Obispo,079,281455,60429,59919,6326,66245,500
2022-07-23,San Mateo,081,765935,159388,157266,9899,167165,724
2022-07-23,Santa Barbara,083,443738,99739,98826,6003,104829,706
2022-07-23,Santa Clara,085,1922200,410044,401495,17636,419131,2381
2022-07-23,Santa Cruz,087,273765,59127,58386,3093,61479,268
2022-07-23,Shasta,089,179085,33449,33185,6892,40077,578
2022-07-23,Sierra,091,2930,293,293,58,351,4
2022-07-23,Siskiyou,093,43540,4915,4938,3135,8073,84
2022-07-23,Solano,095,438530,99840,98016,7284,105300,457
2022-07-23,Sonoma,097,501317,101679,100735,4809,105544,499
2022-07-23,Stanislaus,099,539301,130878,129813,20162,149975,1695
2022-07-23,Sutter,101,95872,22799,22687,2365,25052,228
2022-07-23,Tehama,103,63373,13089,12974,2872,15846,207
2022-07-23,Trinity,105,12862,1342,1330,338,1668,20
2022-07-23,Tulare,107,460477,116345,115548,32387,147935,1513
2022-07-23,Tuolumne,109,53932,14725,14514,864,15378,196
2022-07-23,Ventura,111,848112,197918,196127,13697,209824,1525
2022-07-23,Yolo,113,214977,45479,45141,3853,48994,327
2022-07-23,Yuba,115,75493,17874,17770,1539,19309,124
2022-07-22,Alameda,001,1643700,326511,323165,18176,341341,1933
2022-07-22,Alpine,002,1148,130,130,1,131,0
2022-07-22,Amador,005,37829,9571,9526,833,10359,87
2022-07-22,Butte,007,227075,37343,36994,8372,45366,440
2022-07-22,Calaveras,009,45235,8109,8064,468,8532,128
2022-07-22,Colusa,011,21464,3656,3639,1185,4824,22
2022-07-22,Contra Costa,013,1133247,237227,231714,18923,250637,1363
2022-07-22,Del Norte,015,27424,7113,7128,364,7492,54
2022-07-22,El Dorado,017,186661,30899,30722,3963,34685,222
2022-07-22,Fresno,019,978130,263818,257571,28755,286326,2792
2022-07-22,Glenn,021,27897,5355,5311,1779,7090,48
2022-07-22,Humboldt,023,135768,20429,20283,4314,24597,150
2022-07-22,Imperial,025,180216,62291,61671,13690,75361,948
2022-07-22,Inyo,027,18085,4389,4366,774,5140,57
2022-07-22,Kern,029,883053,210366,208535,55905,264440,2366
2022-07-22,Kings,031,150075,56431,56103,3842,59945,451
2022-07-22,Lake,033,64148,12042,11957,1077,13034,142
2022-07-22,Lassen,035,31185,9527,9504,953,10457,64
2022-07-22,Los Angeles,037,10098052,3117585,3085376,161123,3246499,32340
2022-07-22,Madera,039,155013,41461,41145,7325,48470,372
2022-07-22,Marin,041,260295,42742,42347,4838,47185,300
2022-07-22,Mariposa,043,17540,2940,2897,306,3203,30
2022-07-22,Mendocino,045,87422,15106,14988,4050,19038,131
2022-07-22,Merced,047,269075,69182,68127,10474,78601,837
2022-07-22,Modoc,049,8938,839,829,307,1136,10
2022-07-22,Mono,051,14174,3157,3141,217,3358,7
2022-07-22,Monterey,053,433212,89763,89067,18536,107603,747
2022-07-22,Napa,055,140530,30641,30495,1328,31823,148
2022-07-22,Nevada,057,99092,18168,18073,1638,19711,131
2022-07-22,Orange,059,3164182,633937,627948,56358,684306,7181
2022-07-22,Placer,061,380077,72402,71870,9022,80892,644
2022-07-22,Plumas,063,18699,3486,3464,424,3888,13
2022-07-22,Riverside,065,2383286,660965,655603,32489,688092,6527
2022-07-22,Sacramento,067,1510023,328812,326216,32103,358319,3136
2022-07-22,San Benito,069,59416,15274,15049,823,15872,100
2022-07-22,San Bernardino,071,2135413,637296,626059,28428,654487,7933
2022-07-22,San Diego,073,3302833,877190,870102,66520,936622,5380
2022-07-22,San Francisco,075,870044,168748,167260,11272,178532,931
2022-07-22,San Joaquin,077,732212,187809,186142,13069,199211,2267
2022-07-22,San Luis Obispo,079,281455,60374,59919,6314,66233,500
2022-07-22,San Mateo,081,765935,159156,157266,9887,167153,724
2022-07-22,Santa Barbara,083,443738,99637,98826,5997,104823,706
2022-07-22,Santa Clara,085,1922200,409390,401495,17609,419104,2381
2022-07-22,Santa Cruz,087,273765,59021,58386,3085,61471,268
2022-07-22,Shasta,089,179085,33418,33185,6887,40072,578
2022-07-22,Sierra,091,2930,293,293,58,351,4
2022-07-22,Siskiyou,093,43540,4912,4938,3132,8070,84
2022-07-22,Solano,095,438530,99702,98016,7270,105286,457
2022-07-22,Sonoma,097,501317,101572,100735,4791,105526,499
2022-07-22,Stanislaus,099,539301,130748,129813,20137,149950,1695
2022-07-22,Sutter,101,95872,22775,22687,2364,25051,228
2022-07-22,Tehama,103,63373,13080,12974,2870,15844,207
2022-07-22,Trinity,105,12862,1340,1330,337,1667,20
2022-07-22,Tulare,107,460477,116231,115548,32330,147878,1513
2022-07-22,Tuolumne,109,53932,14701,14514,860,15374,196
2022-07-22,Ventura,111,848112,197731,196127,13662,209789,1525
2022-07-22,Yolo,113,214977,45425,45141,3836,48977,327
2022-07-22,Yuba,115,75493,17860,17770,1537,19307,124
2022-07-21,Alameda,001,1643700,325836,323165,18128,341293,1933
2022-07-21,Alpine,002,1148,130,130,1,131,0
2022-07-21,Amador,005,37829,9564,9526,831,10357,87
2022-07-21,Butte,007,227075,37303,36994,8352,45346,440
2022-07-21,Calaveras,009,45235,8094,8064,466,8530,128
2022-07-21,Colusa,011,21464,3652,3639,1183,4822,22
2022-07-21,Contra Costa,013,1133247,236844,231714,18865,250579,1363
2022-07-21,Del Norte,015,27424,7103,7128,364,7492,54
2022-07-21,El Dorado,017,186661,30848,30722,3960,34682,222
2022-07-21,Fresno,019,978130,263342,257571,28671,286242,2792
2022-07-21,Glenn,021,27897,5349,5311,1779,7090,48
2022-07-21,Humboldt,023,135768,20398,20283,4291,24574,150
2022-07-21,Imperial,025,180216,62178,61671,13594,75265,948
2022-07-21,Inyo,027,18085,4385,4366,767,5133,57
2022-07-21,Kern,029,883053,210090,208535,55722,264257,2366
2022-07-21,Kings,031,150075,56358,56103,3829,59932,451
2022-07-21,Lake,033,64148,12029,11957,1074,13031,142
2022-07-21,Lassen,035,31185,9524,9504,953,10457,64
2022-07-21,Los Angeles,037,10098052,3111965,3085376,160511,3245887,32340
2022-07-21,Madera,039,155013,41383,41145,7303,48448,372
2022-07-21,Marin,041,260295,42677,42347,4834,47181,300
2022-07-21,Mariposa,043,17540,2936,2897,305,3202,30
2022-07-21,Mendocino,045,87422,15080,14988,4044,19032,131
2022-07-21,Merced,047,269075,69077,68127,10449,78576,837
2022-07-21,Modoc,049,8938,837,829,307,1136,10
2022-07-21,Mono,051,14174,3153,3141,216,3357,7
2022-07-21,Monterey,053,433212,89639,89067,18461,107528,747
2022-07-21,Napa,055,140530,30596,30495,1328,31823,148
2022-07-21,Nevada,057,99092,18149,18073,1632,19705,131
2022-07-21,Orange,059,3164182,632806,627948,56126,684074,7181
2022-07-21,Placer,061,380077,72295,71870,8999,80869,644
2022-07-21,Plumas,063,18699,3485,3464,424,3888,13
2022-07-21,Riverside,065,2383286,659902,655603,32415,688018,6527
2022-07-21,Sacramento,067,1510023,328299,326216,32060,358276,3136
2022-07-21,San Benito,069,59416,15232,15049,820,15869,100
2022-07-21,San Bernardino,071,2135413,636270,626059,28363,654422,7933
2022-07-21,San Diego,073,3302833,875510,870102,66325,936427,5380
2022-07-21,San Francisco,075,870044,168392,167260,11220,178480,931
2022-07-21,San Joaquin,077,732212,187554,186142,13021,199163,2267
2022-07-21,San Luis Obispo,079,281455,60317,59919,6284,66203,500
2022-07-21,San Mateo,081,765935,158853,157266,9872,167138,724
2022-07-21,Santa Barbara,083,443738,99476,98826,5977,104803,706
2022-07-21,Santa Clara,085,1922200,408586,401495,17571,419066,2381
2022-07-21,Santa Cruz,087,273765,58903,58386,3070,61456,268
2022-07-21,Shasta,089,179085,33369,33185,6873,40058,578
2022-07-21,Sierra,091,2930,293,293,58,351,4
2022-07-21,Siskiyou,093,43540,4906,4938,3126,8064,84
2022-07-21,Solano,095,438530,99553,98016,7262,105278,457
2022-07-21,Sonoma,097,501317,101428,100735,4777,105512,499
2022-07-21,Stanislaus,099,539301,130558,129813,20113,149926,1695
2022-07-21,Sutter,101,95872,22748,22687,2362,25049,228
2022-07-21,Tehama,103,63373,13063,12974,2859,15833,207
2022-07-21,Trinity,105,12862,1336,1330,337,1667,20
2022-07-21,Tulare,107,460477,116071,115548,32258,147806,1513
2022-07-21,Tuolumne,109,53932,14668,14514,857,15371,196
2022-07-21,Ventura,111,848112,197405,196127,13572,209699,1525
2022-07-21,Yolo,113,214977,45363,45141,3823,48964,327
2022-07-21,Yuba,115,75493,17831,17770,1534,19304,124
2022-07-20,Alameda,001,1643700,325156,321347,18085,339432,1915
2022-07-20,Alpine,002,1148,130,130,1,131,0
2022-07-20,Amador,005,37829,9546,9478,829,10307,87
2022-07-20,Butte,007,227075,37254,36820,8332,45152,440
2022-07-20,Calaveras,009,45235,8085,8035,465,8500,126
2022-07-20,Colusa,011,21464,3648,3627,1181,4808,22
2022-07-20,Contra Costa,013,1133247,236444,230356,18816,249172,1362
2022-07-20,Del Norte,015,27424,7094,7081,364,7445,54
2022-07-20,El Dorado,017,186661,30817,30628,3950,34578,221
2022-07-20,Fresno,019,978130,262823,256217,28598,284815,2790
2022-07-20,Glenn,021,27897,5345,5287,1776,7063,48
2022-07-20,Humboldt,023,135768,20359,20149,4273,24422,150
2022-07-20,Imperial,025,180216,62033,61170,13499,74669,944
2022-07-20,Inyo,027,18085,4383,4355,762,5117,56
2022-07-20,Kern,029,883053,209790,207603,55534,263137,2366
2022-07-20,Kings,031,150075,56273,55836,3818,59654,449
2022-07-20,Lake,033,64148,12008,11895,1069,12964,142
2022-07-20,Lassen,035,31185,9515,9455,953,10408,64
2022-07-20,Los Angeles,037,10098052,3106353,3068779,159888,3228667,32292
2022-07-20,Madera,039,155013,41311,40902,7283,48185,372
2022-07-20,Marin,041,260295,42597,42153,4827,46980,300
2022-07-20,Mariposa,043,17540,2921,2884,303,3187,30
2022-07-20,Mendocino,045,87422,15065,14890,4032,18922,131
2022-07-20,Merced,047,269075,68977,67775,10425,78200,833
2022-07-20,Modoc,049,8938,836,799,306,1105,9
2022-07-20,Mono,051,14174,3150,3138,213,3351,7
2022-07-20,Monterey,053,433212,89501,88606,18380,106986,747
2022-07-20,Napa,055,140530,30558,30353,1325,31678,145
2022-07-20,Nevada,057,99092,18123,18020,1626,19646,131
2022-07-20,Orange,059,3164182,631531,624998,55883,680881,7173
2022-07-20,Placer,061,380077,72213,71614,8981,80595,639
2022-07-20,Plumas,063,18699,3479,3433,423,3856,13
2022-07-20,Riverside,065,2383286,658801,652192,32317,684509,6510
2022-07-20,Sacramento,067,1510023,327750,324765,32010,356775,3123
2022-07-20,San Benito,069,59416,15200,14966,817,15783,100
2022-07-20,San Bernardino,071,2135413,635224,622760,28299,651059,7921
2022-07-20,San Diego,073,3302833,873682,864434,66141,930575,5375
2022-07-20,San Francisco,075,870044,168062,166241,11202,177443,929
2022-07-20,San Joaquin,077,732212,187266,185319,12964,198283,2262
2022-07-20,San Luis Obispo,079,281455,60247,59727,6255,65982,499
2022-07-20,San Mateo,081,765935,158554,156191,9852,166043,724
2022-07-20,Santa Barbara,083,443738,99296,98322,5950,104272,703
2022-07-20,Santa Clara,085,1922200,407780,398816,17533,416349,2374
2022-07-20,Santa Cruz,087,273765,58789,58004,3057,61061,267
2022-07-20,Shasta,089,179085,33328,33017,6866,39883,576
2022-07-20,Sierra,091,2930,293,292,58,350,4
2022-07-20,Siskiyou,093,43540,4894,4921,3120,8041,84
2022-07-20,Solano,095,438530,99383,97577,7240,104817,459
2022-07-20,Sonoma,097,501317,101240,100304,4764,105068,499
2022-07-20,Stanislaus,099,539301,130391,129200,20069,149269,1695
2022-07-20,Sutter,101,95872,22713,22592,2359,24951,228
2022-07-20,Tehama,103,63373,13047,12923,2855,15778,205
2022-07-20,Trinity,105,12862,1336,1319,336,1655,20
2022-07-20,Tulare,107,460477,115885,115073,32147,147220,1510
2022-07-20,Tuolumne,109,53932,14642,14389,856,15245,196
2022-07-20,Ventura,111,848112,197086,195189,13499,208688,1522
2022-07-20,Yolo,113,214977,45307,44950,3812,48762,325
2022-07-20,Yuba,115,75493,17807,17661,1533,19194,124
2022-07-19,Alameda,001,1643700,324481,321347,18061,339408,1915
2022-07-19,Alpine,002,1148,130,130,1,131,0
2022-07-19,Amador,005,37829,9534,9478,825,10303,87
2022-07-19,Butte,007,227075,37201,36820,8318,45138,440
2022-07-19,Calaveras,009,45235,8075,8035,465,8500,126
2022-07-19,Colusa,011,21464,3645,3627,1177,4804,22
2022-07-19,Contra Costa,013,1133247,235993,230356,18759,249115,1362
2022-07-19,Del Norte,015,27424,7086,7081,363,7444,54
2022-07-19,El Dorado,017,186661,30774,30628,3941,34569,221
2022-07-19,Fresno,019,978130,262213,256217,28507,284724,2790
2022-07-19,Glenn,021,27897,5338,5287,1775,7062,48
2022-07-19,Humboldt,023,135768,20324,20149,4259,24408,150
2022-07-19,Imperial,025,180216,61899,61170,13409,74579,944
2022-07-19,Inyo,027,18085,4381,4355,760,5115,56
2022-07-19,Kern,029,883053,209510,207603,55342,262945,2366
2022-07-19,Kings,031,150075,56170,55836,3799,59635,449
2022-07-19,Lake,033,64148,11987,11895,1061,12956,142
2022-07-19,Lassen,035,31185,9507,9455,953,10408,64
2022-07-19,Los Angeles,037,10098052,3100175,3068779,159181,3227960,32292
2022-07-19,Madera,039,155013,41232,40902,7260,48162,372
2022-07-19,Marin,041,260295,42534,42153,4814,46967,300
2022-07-19,Mariposa,043,17540,2916,2884,302,3186,30
2022-07-19,Mendocino,045,87422,15033,14890,4021,18911,131
2022-07-19,Merced,047,269075,68872,67775,10393,78168,833
2022-07-19,Modoc,049,8938,835,799,306,1105,9
2022-07-19,Mono,051,14174,3146,3138,213,3351,7
2022-07-19,Monterey,053,433212,89350,88606,18300,106906,747
2022-07-19,Napa,055,140530,30502,30353,1321,31674,145
2022-07-19,Nevada,057,99092,18109,18020,1619,19639,131
2022-07-19,Orange,059,3164182,630238,624998,55632,680630,7173
2022-07-19,Placer,061,380077,72125,71614,8964,80578,639
2022-07-19,Plumas,063,18699,3473,3433,421,3854,13
2022-07-19,Riverside,065,2383286,657489,652192,32222,684414,6510
2022-07-19,Sacramento,067,1510023,327118,324765,31968,356733,3123
2022-07-19,San Benito,069,59416,15156,14966,815,15781,100
2022-07-19,San Bernardino,071,2135413,634104,622760,28226,650986,7921
2022-07-19,San Diego,073,3302833,871592,864434,65895,930329,5375
2022-07-19,San Francisco,075,870044,167710,166241,11183,177424,929
2022-07-19,San Joaquin,077,732212,186983,185319,12902,198221,2262
2022-07-19,San Luis Obispo,079,281455,60163,59727,6217,65944,499
2022-07-19,San Mateo,081,765935,158256,156191,9829,166020,724
2022-07-19,Santa Barbara,083,443738,99085,98322,5928,104250,703
2022-07-19,Santa Clara,085,1922200,406829,398816,17481,416297,2374
2022-07-19,Santa Cruz,087,273765,58667,58004,3042,61046,267
2022-07-19,Shasta,089,179085,33296,33017,6852,39869,576
2022-07-19,Sierra,091,2930,293,292,58,350,4
2022-07-19,Siskiyou,093,43540,4889,4921,3113,8034,84
2022-07-19,Solano,095,438530,99157,97577,7213,104790,459
2022-07-19,Sonoma,097,501317,101083,100304,4736,105040,499
2022-07-19,Stanislaus,099,539301,130148,129200,20036,149236,1695
2022-07-19,Sutter,101,95872,22683,22592,2356,24948,228
2022-07-19,Tehama,103,63373,13033,12923,2848,15771,205
2022-07-19,Trinity,105,12862,1333,1319,335,1654,20
2022-07-19,Tulare,107,460477,115699,115073,32040,147113,1510
2022-07-19,Tuolumne,109,53932,14618,14389,847,15236,196
2022-07-19,Ventura,111,848112,196741,195189,13421,208610,1522
2022-07-19,Yolo,113,214977,45247,44950,3802,48752,325
2022-07-19,Yuba,115,75493,17774,17661,1532,19193,124
2022-07-18,Alameda,001,1643700,323740,321347,18029,339376,1915
2022-07-18,Alpine,002,1148,130,130,1,131,0
2022-07-18,Amador,005,37829,9519,9478,825,10303,87
2022-07-18,Butte,007,227075,37131,36820,8305,45125,440
2022-07-18,Calaveras,009,45235,8064,8035,462,8497,126
2022-07-18,Colusa,011,21464,3642,3627,1171,4798,22
2022-07-18,Contra Costa,013,1133247,235527,230356,18688,249044,1362
2022-07-18,Del Norte,015,27424,7075,7081,361,7442,54
2022-07-18,El Dorado,017,186661,30722,30628,3932,34560,221
2022-07-18,Fresno,019,978130,261621,256217,28426,284643,2790
2022-07-18,Glenn,021,27897,5336,5287,1775,7062,48
2022-07-18,Humboldt,023,135768,20283,20149,4239,24388,150
2022-07-18,Imperial,025,180216,61734,61170,13312,74482,944
2022-07-18,Inyo,027,18085,4377,4355,759,5114,56
2022-07-18,Kern,029,883053,209193,207603,55089,262692,2366
2022-07-18,Kings,031,150075,56063,55836,3791,59627,449
2022-07-18,Lake,033,64148,11965,11895,1055,12950,142
2022-07-18,Lassen,035,31185,9503,9455,952,10407,64
2022-07-18,Los Angeles,037,10098052,3093329,3068779,158515,3227294,32292
2022-07-18,Madera,039,155013,41126,40902,7232,48134,372
2022-07-18,Marin,041,260295,42453,42153,4804,46957,300
2022-07-18,Mariposa,043,17540,2908,2884,301,3185,30
2022-07-18,Mendocino,045,87422,15004,14890,4010,18900,131
2022-07-18,Merced,047,269075,68750,67775,10367,78142,833
2022-07-18,Modoc,049,8938,834,799,306,1105,9
2022-07-18,Mono,051,14174,3145,3138,213,3351,7
2022-07-18,Monterey,053,433212,89186,88606,18220,106826,747
2022-07-18,Napa,055,140530,30462,30353,1318,31671,145
2022-07-18,Nevada,057,99092,18095,18020,1607,19627,131
2022-07-18,Orange,059,3164182,628751,624998,55365,680363,7173
2022-07-18,Placer,061,380077,72038,71614,8948,80562,639
2022-07-18,Plumas,063,18699,3464,3433,420,3853,13
2022-07-18,Riverside,065,2383286,656201,652192,32112,684304,6510
2022-07-18,Sacramento,067,1510023,326496,324765,31910,356675,3123
2022-07-18,San Benito,069,59416,15115,14966,810,15776,100
2022-07-18,San Bernardino,071,2135413,632841,622760,28154,650914,7921
2022-07-18,San Diego,073,3302833,869274,864434,65624,930058,5375
2022-07-18,San Francisco,075,870044,167290,166241,11158,177399,929
2022-07-18,San Joaquin,077,732212,186649,185319,12843,198162,2262
2022-07-18,San Luis Obispo,079,281455,60066,59727,6192,65919,499
2022-07-18,San Mateo,081,765935,157881,156191,9809,166000,724
2022-07-18,Santa Barbara,083,443738,98887,98322,5907,104229,703
2022-07-18,Santa Clara,085,1922200,405849,398816,17429,416245,2374
2022-07-18,Santa Cruz,087,273765,58518,58004,3030,61034,267
2022-07-18,Shasta,089,179085,33247,33017,6836,39853,576
2022-07-18,Sierra,091,2930,293,292,58,350,4
2022-07-18,Siskiyou,093,43540,4885,4921,3106,8027,84
2022-07-18,Solano,095,438530,98922,97577,7192,104769,459
2022-07-18,Sonoma,097,501317,100904,100304,4718,105022,499
2022-07-18,Stanislaus,099,539301,129925,129200,19997,149197,1695
2022-07-18,Sutter,101,95872,22649,22592,2356,24948,228
2022-07-18,Tehama,103,63373,13012,12923,2848,15771,205
2022-07-18,Trinity,105,12862,1331,1319,334,1653,20
2022-07-18,Tulare,107,460477,115504,115073,31952,147025,1510
2022-07-18,Tuolumne,109,53932,14582,14389,845,15234,196
2022-07-18,Ventura,111,848112,196358,195189,13348,208537,1522
2022-07-18,Yolo,113,214977,45177,44950,3791,48741,325
2022-07-18,Yuba,115,75493,17739,17661,1523,19184,124
2022-07-17,Alameda,001,1643700,322836,318442,17972,336414,1911
2022-07-17,Alpine,002,1148,130,130,1,131,0
2022-07-17,Amador,005,37829,9510,9437,821,10258,87
2022-07-17,Butte,007,227075,37070,36644,8283,44927,440
2022-07-17,Calaveras,009,45235,8048,7994,452,8446,126
2022-07-17,Colusa,011,21464,3636,3617,1165,4782,22
2022-07-17,Contra Costa,013,1133247,234964,228634,18614,247248,1356
2022-07-17,Del Norte,015,27424,7048,6860,359,7219,54
2022-07-17,El Dorado,017,186661,30674,30461,3918,34379,219
2022-07-17,Fresno,019,978130,260924,254088,28320,282408,2790
2022-07-17,Glenn,021,27897,5330,5273,1773,7046,48
2022-07-17,Humboldt,023,135768,20227,20016,4222,24238,150
2022-07-17,Imperial,025,180216,61539,60550,13167,73717,944
2022-07-17,Inyo,027,18085,4367,4343,755,5098,56
2022-07-17,Kern,029,883053,208691,206466,54859,261325,2364
2022-07-17,Kings,031,150075,55925,55432,3768,59200,449
2022-07-17,Lake,033,64148,11933,11835,1051,12886,141
2022-07-17,Lassen,035,31185,9477,9425,948,10373,64
2022-07-17,Los Angeles,037,10098052,3086009,3042708,157716,3200424,32248
2022-07-17,Madera,039,155013,41016,40627,7187,47814,372
2022-07-17,Marin,041,260295,42355,41829,4797,46626,300
2022-07-17,Mariposa,043,17540,2901,2866,301,3167,30
2022-07-17,Mendocino,045,87422,14964,14799,3992,18791,131
2022-07-17,Merced,047,269075,68614,67416,10327,77743,833
2022-07-17,Modoc,049,8938,831,799,306,1105,9
2022-07-17,Mono,051,14174,3143,3131,209,3340,7
2022-07-17,Monterey,053,433212,88993,88118,18150,106268,747
2022-07-17,Napa,055,140530,30403,30176,1317,31493,145
2022-07-17,Nevada,057,99092,18068,17941,1599,19540,131
2022-07-17,Orange,059,3164182,627171,620414,55085,675499,7161
2022-07-17,Placer,061,380077,71949,71232,8929,80161,637
2022-07-17,Plumas,063,18699,3449,3406,420,3826,13
2022-07-17,Riverside,065,2383286,654735,647328,31996,679324,6508
2022-07-17,Sacramento,067,1510023,325828,322788,31852,354640,3119
2022-07-17,San Benito,069,59416,15089,14869,804,15673,100
2022-07-17,San Bernardino,071,2135413,631407,618482,28044,646526,7914
2022-07-17,San Diego,073,3302833,866899,857262,65421,922683,5370
2022-07-17,San Francisco,075,870044,166825,164853,11114,175967,928
2022-07-17,San Joaquin,077,732212,186272,184187,12763,196950,2262
2022-07-17,San Luis Obispo,079,281455,59948,59437,6153,65590,499
2022-07-17,San Mateo,081,765935,157509,154961,9788,164749,723
2022-07-17,Santa Barbara,083,443738,98618,97600,5880,103480,702
2022-07-17,Santa Clara,085,1922200,404787,395466,17374,412840,2371
2022-07-17,Santa Cruz,087,273765,58321,57531,3012,60543,267
2022-07-17,Shasta,089,179085,33194,32871,6810,39681,575
2022-07-17,Sierra,091,2930,293,291,58,349,4
2022-07-17,Siskiyou,093,43540,4879,4899,3092,7991,83
2022-07-17,Solano,095,438530,98720,96974,7167,104141,457
2022-07-17,Sonoma,097,501317,100710,99679,4700,104379,499
2022-07-17,Stanislaus,099,539301,129658,128436,19960,148396,1692
2022-07-17,Sutter,101,95872,22596,22452,2353,24805,228
2022-07-17,Tehama,103,63373,12988,12860,2840,15700,205
2022-07-17,Trinity,105,12862,1328,1304,332,1636,20
2022-07-17,Tulare,107,460477,115282,114399,31859,146258,1510
2022-07-17,Tuolumne,109,53932,14549,14280,837,15117,196
2022-07-17,Ventura,111,848112,195900,193965,13231,207196,1519
2022-07-17,Yolo,113,214977,45101,44703,3774,48477,324
2022-07-17,Yuba,115,75493,17699,17567,1513,19080,124
2022-07-16,Alameda,001,1643700,322418,318442,17954,336396,1911
2022-07-16,Alpine,002,1148,130,130,1,131,0
2022-07-16,Amador,005,37829,9502,9437,821,10258,87
2022-07-16,Butte,007,227075,37049,36644,8268,44912,440
2022-07-16,Calaveras,009,45235,8043,7994,446,8440,126
2022-07-16,Colusa,011,21464,3632,3617,1161,4778,22
2022-07-16,Contra Costa,013,1133247,234655,228634,18561,247195,1356
2022-07-16,Del Norte,015,27424,7037,6860,359,7219,54
2022-07-16,El Dorado,017,186661,30653,30461,3916,34377,219
2022-07-16,Fresno,019,978130,260634,254088,28277,282365,2790
2022-07-16,Glenn,021,27897,5325,5273,1770,7043,48
2022-07-16,Humboldt,023,135768,20196,20016,4210,24226,150
2022-07-16,Imperial,025,180216,61454,60550,13123,73673,944
2022-07-16,Inyo,027,18085,4366,4343,754,5097,56
2022-07-16,Kern,029,883053,208516,206466,54691,261157,2364
2022-07-16,Kings,031,150075,55885,55432,3764,59196,449
2022-07-16,Lake,033,64148,11917,11835,1051,12886,141
2022-07-16,Lassen,035,31185,9475,9425,947,10372,64
2022-07-16,Los Angeles,037,10098052,3082533,3042708,157238,3199946,32248
2022-07-16,Madera,039,155013,40973,40627,7174,47801,372
2022-07-16,Marin,041,260295,42319,41829,4790,46619,300
2022-07-16,Mariposa,043,17540,2899,2866,301,3167,30
2022-07-16,Mendocino,045,87422,14956,14799,3989,18788,131
2022-07-16,Merced,047,269075,68525,67416,10316,77732,833
2022-07-16,Modoc,049,8938,831,799,306,1105,9
2022-07-16,Mono,051,14174,3142,3131,208,3339,7
2022-07-16,Monterey,053,433212,88899,88118,18108,106226,747
2022-07-16,Napa,055,140530,30374,30176,1315,31491,145
2022-07-16,Nevada,057,99092,18054,17941,1592,19533,131
2022-07-16,Orange,059,3164182,626444,620414,54927,675341,7161
2022-07-16,Placer,061,380077,71864,71232,8913,80145,637
2022-07-16,Plumas,063,18699,3445,3406,419,3825,13
2022-07-16,Riverside,065,2383286,653946,647328,31945,679273,6508
2022-07-16,Sacramento,067,1510023,325555,322788,31837,354625,3119
2022-07-16,San Benito,069,59416,15072,14869,800,15669,100
2022-07-16,San Bernardino,071,2135413,630661,618482,27982,646464,7914
2022-07-16,San Diego,073,3302833,865987,857262,65337,922599,5370
2022-07-16,San Francisco,075,870044,166641,164853,11098,175951,928
2022-07-16,San Joaquin,077,732212,186113,184187,12733,196920,2262
2022-07-16,San Luis Obispo,079,281455,59920,59437,6133,65570,499
2022-07-16,San Mateo,081,765935,157267,154961,9778,164739,723
2022-07-16,Santa Barbara,083,443738,98502,97600,5860,103460,702
2022-07-16,Santa Clara,085,1922200,404117,395466,17348,412814,2371
2022-07-16,Santa Cruz,087,273765,58249,57531,3007,60538,267
2022-07-16,Shasta,089,179085,33174,32871,6806,39677,575
2022-07-16,Sierra,091,2930,293,291,58,349,4
2022-07-16,Siskiyou,093,43540,4878,4899,3087,7986,83
2022-07-16,Solano,095,438530,98645,96974,7150,104124,457
2022-07-16,Sonoma,097,501317,100622,99679,4689,104368,499
2022-07-16,Stanislaus,099,539301,129527,128436,19926,148362,1692
2022-07-16,Sutter,101,95872,22573,22452,2352,24804,228
2022-07-16,Tehama,103,63373,12979,12860,2835,15695,205
2022-07-16,Trinity,105,12862,1326,1304,332,1636,20
2022-07-16,Tulare,107,460477,115175,114399,31799,146198,1510
2022-07-16,Tuolumne,109,53932,14525,14280,837,15117,196
2022-07-16,Ventura,111,848112,195674,193965,13190,207155,1519
2022-07-16,Yolo,113,214977,45055,44703,3761,48464,324
2022-07-16,Yuba,115,75493,17675,17567,1513,19080,124
2022-07-15,Alameda,001,1643700,321955,318442,17919,336361,1911
2022-07-15,Alpine,002,1148,130,130,1,131,0
2022-07-15,Amador,005,37829,9499,9437,820,10257,87
2022-07-15,Butte,007,227075,37010,36644,8263,44907,440
2022-07-15,Calaveras,009,45235,8037,7994,442,8436,126
2022-07-15,Colusa,011,21464,3630,3617,1159,4776,22
2022-07-15,Contra Costa,013,1133247,234378,228634,18510,247144,1356
2022-07-15,Del Norte,015,27424,7026,6860,356,7216,54
2022-07-15,El Dorado,017,186661,30625,30461,3913,34374,219
2022-07-15,Fresno,019,978130,260237,254088,28212,282300,2790
2022-07-15,Glenn,021,27897,5322,5273,1767,7040,48
2022-07-15,Humboldt,023,135768,20172,20016,4198,24214,150
2022-07-15,Imperial,025,180216,61381,60550,13081,73631,944
2022-07-15,Inyo,027,18085,4361,4343,749,5092,56
2022-07-15,Kern,029,883053,208297,206466,54520,260986,2364
2022-07-15,Kings,031,150075,55821,55432,3757,59189,449
2022-07-15,Lake,033,64148,11905,11835,1048,12883,141
2022-07-15,Lassen,035,31185,9473,9425,945,10370,64
2022-07-15,Los Angeles,037,10098052,3078336,3042708,156720,3199428,32248
2022-07-15,Madera,039,155013,40910,40627,7155,47782,372
2022-07-15,Marin,041,260295,42259,41829,4779,46608,300
2022-07-15,Mariposa,043,17540,2896,2866,300,3166,30
2022-07-15,Mendocino,045,87422,14932,14799,3984,18783,131
2022-07-15,Merced,047,269075,68461,67416,10304,77720,833
2022-07-15,Modoc,049,8938,830,799,306,1105,9
2022-07-15,Mono,051,14174,3140,3131,207,3338,7
2022-07-15,Monterey,053,433212,88785,88118,18081,106199,747
2022-07-15,Napa,055,140530,30342,30176,1314,31490,145
2022-07-15,Nevada,057,99092,18042,17941,1590,19531,131
2022-07-15,Orange,059,3164182,625601,620414,54751,675165,7161
2022-07-15,Placer,061,380077,71791,71232,8887,80119,637
2022-07-15,Plumas,063,18699,3438,3406,417,3823,13
2022-07-15,Riverside,065,2383286,653120,647328,31883,679211,6508
2022-07-15,Sacramento,067,1510023,325185,322788,31808,354596,3119
2022-07-15,San Benito,069,59416,15057,14869,800,15669,100
2022-07-15,San Bernardino,071,2135413,629911,618482,27940,646422,7914
2022-07-15,San Diego,073,3302833,864713,857262,65173,922435,5370
2022-07-15,San Francisco,075,870044,166388,164853,11058,175911,928
2022-07-15,San Joaquin,077,732212,185934,184187,12688,196875,2262
2022-07-15,San Luis Obispo,079,281455,59888,59437,6121,65558,499
2022-07-15,San Mateo,081,765935,157029,154961,9761,164722,723
2022-07-15,Santa Barbara,083,443738,98373,97600,5853,103453,702
2022-07-15,Santa Clara,085,1922200,403433,395466,17319,412785,2371
2022-07-15,Santa Cruz,087,273765,58159,57531,2995,60526,267
2022-07-15,Shasta,089,179085,33151,32871,6799,39670,575
2022-07-15,Sierra,091,2930,293,291,58,349,4
2022-07-15,Siskiyou,093,43540,4878,4899,3085,7984,83
2022-07-15,Solano,095,438530,98496,96974,7138,104112,457
2022-07-15,Sonoma,097,501317,100500,99679,4680,104359,499
2022-07-15,Stanislaus,099,539301,129404,128436,19905,148341,1692
2022-07-15,Sutter,101,95872,22546,22452,2351,24803,228
2022-07-15,Tehama,103,63373,12972,12860,2827,15687,205
2022-07-15,Trinity,105,12862,1322,1304,332,1636,20
2022-07-15,Tulare,107,460477,115024,114399,31714,146113,1510
2022-07-15,Tuolumne,109,53932,14482,14280,834,15114,196
2022-07-15,Ventura,111,848112,195448,193965,13151,207116,1519
2022-07-15,Yolo,113,214977,45009,44703,3751,48454,324
2022-07-15,Yuba,115,75493,17649,17567,1513,19080,124
2022-07-14,Alameda,001,1643700,321189,318442,17858,336300,1911
2022-07-14,Alpine,002,1148,130,130,1,131,0
2022-07-14,Amador,005,37829,9486,9437,814,10251,87
2022-07-14,Butte,007,227075,36970,36644,8257,44901,440
2022-07-14,Calaveras,009,45235,8030,7994,438,8432,126
2022-07-14,Colusa,011,21464,3630,3617,1157,4774,22
2022-07-14,Contra Costa,013,1133247,233934,228634,18423,247057,1356
2022-07-14,Del Norte,015,27424,7004,6860,354,7214,54
2022-07-14,El Dorado,017,186661,30589,30461,3904,34365,219
2022-07-14,Fresno,019,978130,259699,254088,28116,282204,2790
2022-07-14,Glenn,021,27897,5313,5273,1764,7037,48
2022-07-14,Humboldt,023,135768,20132,20016,4183,24199,150
2022-07-14,Imperial,025,180216,61201,60550,12966,73516,944
2022-07-14,Inyo,027,18085,4359,4343,744,5087,56
2022-07-14,Kern,029,883053,207967,206466,54321,260787,2364
2022-07-14,Kings,031,150075,55726,55432,3746,59178,449
2022-07-14,Lake,033,64148,11889,11835,1046,12881,141
2022-07-14,Lassen,035,31185,9468,9425,944,10369,64
2022-07-14,Los Angeles,037,10098052,3072142,3042708,156004,3198712,32248
2022-07-14,Madera,039,155013,40836,40627,7097,47724,372
2022-07-14,Marin,041,260295,42168,41829,4773,46602,300
2022-07-14,Mariposa,043,17540,2890,2866,295,3161,30
2022-07-14,Mendocino,045,87422,14918,14799,3978,18777,131
2022-07-14,Merced,047,269075,68368,67416,10277,77693,833
2022-07-14,Modoc,049,8938,830,799,306,1105,9
2022-07-14,Mono,051,14174,3139,3131,207,3338,7
2022-07-14,Monterey,053,433212,88668,88118,18003,106121,747
2022-07-14,Napa,055,140530,30298,30176,1310,31486,145
2022-07-14,Nevada,057,99092,18017,17941,1581,19522,131
2022-07-14,Orange,059,3164182,624329,620414,54513,674927,7161
2022-07-14,Placer,061,380077,71681,71232,8866,80098,637
2022-07-14,Plumas,063,18699,3429,3406,416,3822,13
2022-07-14,Riverside,065,2383286,651885,647328,31808,679136,6508
2022-07-14,Sacramento,067,1510023,324633,322788,31761,354549,3119
2022-07-14,San Benito,069,59416,15027,14869,796,15665,100
2022-07-14,San Bernardino,071,2135413,628751,618482,27862,646344,7914
2022-07-14,San Diego,073,3302833,862835,857262,64943,922205,5370
2022-07-14,San Francisco,075,870044,166044,164853,11010,175863,928
2022-07-14,San Joaquin,077,732212,185620,184187,12646,196833,2262
2022-07-14,San Luis Obispo,079,281455,59801,59437,6075,65512,499
2022-07-14,San Mateo,081,765935,156738,154961,9740,164701,723
2022-07-14,Santa Barbara,083,443738,98194,97600,5841,103441,702
2022-07-14,Santa Clara,085,1922200,402574,395466,17276,412742,2371
2022-07-14,Santa Cruz,087,273765,58067,57531,2981,60512,267
2022-07-14,Shasta,089,179085,33103,32871,6787,39658,575
2022-07-14,Sierra,091,2930,293,291,58,349,4
2022-07-14,Siskiyou,093,43540,4871,4899,3077,7976,83
2022-07-14,Solano,095,438530,98313,96974,7125,104099,457
2022-07-14,Sonoma,097,501317,100366,99679,4657,104336,499
2022-07-14,Stanislaus,099,539301,129197,128436,19871,148307,1692
2022-07-14,Sutter,101,95872,22520,22452,2350,24802,228
2022-07-14,Tehama,103,63373,12949,12860,2822,15682,205
2022-07-14,Trinity,105,12862,1322,1304,328,1632,20
2022-07-14,Tulare,107,460477,114895,114399,31615,146014,1510
2022-07-14,Tuolumne,109,53932,14442,14280,830,15110,196
2022-07-14,Ventura,111,848112,195099,193965,13078,207043,1519
2022-07-14,Yolo,113,214977,44945,44703,3736,48439,324
2022-07-14,Yuba,115,75493,17617,17567,1504,19071,124
2022-07-13,Alameda,001,1643700,320482,316026,17819,333845,1911
2022-07-13,Alpine,002,1148,130,129,1,130,0
2022-07-13,Amador,005,37829,9475,9388,813,10201,87
2022-07-13,Butte,007,227075,36913,36405,8243,44648,439
2022-07-13,Calaveras,009,45235,8017,7945,437,8382,125
2022-07-13,Colusa,011,21464,3625,3606,1157,4763,22
2022-07-13,Contra Costa,013,1133247,233451,226833,18338,245171,1356
2022-07-13,Del Norte,015,27424,6985,6790,354,7144,54
2022-07-13,El Dorado,017,186661,30540,30273,3898,34171,218
2022-07-13,Fresno,019,978130,259141,252573,28002,280575,2786
2022-07-13,Glenn,021,27897,5309,5256,1763,7019,48
2022-07-13,Humboldt,023,135768,20098,19854,4168,24022,150
2022-07-13,Imperial,025,180216,61047,60011,12884,72895,944
2022-07-13,Inyo,027,18085,4358,4324,739,5063,56
2022-07-13,Kern,029,883053,207551,205428,54086,259514,2359
2022-07-13,Kings,031,150075,55615,55138,3737,58875,449
2022-07-13,Lake,033,64148,11871,11773,1045,12818,140
2022-07-13,Lassen,035,31185,9446,9381,943,10324,64
2022-07-13,Los Angeles,037,10098052,3065457,3024953,155300,3180253,32206
2022-07-13,Madera,039,155013,40770,40378,7069,47447,372
2022-07-13,Marin,041,260295,42101,41616,4765,46381,300
2022-07-13,Mariposa,043,17540,2885,2847,294,3141,30
2022-07-13,Mendocino,045,87422,14898,14713,3961,18674,128
2022-07-13,Merced,047,269075,68234,67028,10246,77274,832
2022-07-13,Modoc,049,8938,829,791,305,1096,9
2022-07-13,Mono,051,14174,3138,3131,203,3334,7
2022-07-13,Monterey,053,433212,88523,87575,17926,105501,745
2022-07-13,Napa,055,140530,30259,30032,1308,31340,145
2022-07-13,Nevada,057,99092,17999,17849,1573,19422,131
2022-07-13,Orange,059,3164182,622946,616278,54261,670539,7147
2022-07-13,Placer,061,380077,71573,70890,8852,79742,637
2022-07-13,Plumas,063,18699,3421,3354,415,3769,13
2022-07-13,Riverside,065,2383286,650675,643472,31711,675183,6504
2022-07-13,Sacramento,067,1510023,324102,321076,31715,352791,3114
2022-07-13,San Benito,069,59416,15000,14774,790,15564,100
2022-07-13,San Bernardino,071,2135413,627562,614957,27765,642722,7907
2022-07-13,San Diego,073,3302833,860932,851596,64711,916307,5363
2022-07-13,San Francisco,075,870044,165637,163635,10982,174617,919
2022-07-13,San Joaquin,077,732212,185291,183283,12602,195885,2260
2022-07-13,San Luis Obispo,079,281455,59695,59134,6027,65161,498
2022-07-13,San Mateo,081,765935,156395,153875,9723,163598,723
2022-07-13,Santa Barbara,083,443738,98014,97053,5828,102881,699
2022-07-13,Santa Clara,085,1922200,401683,392415,17236,409651,2365
2022-07-13,Santa Cruz,087,273765,57931,57124,2974,60098,267
2022-07-13,Shasta,089,179085,33046,32708,6772,39480,574
2022-07-13,Sierra,091,2930,293,289,58,347,4
2022-07-13,Siskiyou,093,43540,4866,4873,3075,7948,82
2022-07-13,Solano,095,438530,98106,96479,7099,103578,455
2022-07-13,Sonoma,097,501317,100208,99173,4640,103813,499
2022-07-13,Stanislaus,099,539301,129000,127845,19813,147658,1689
2022-07-13,Sutter,101,95872,22473,22331,2348,24679,228
2022-07-13,Tehama,103,63373,12936,12793,2819,15612,205
2022-07-13,Trinity,105,12862,1321,1293,326,1619,20
2022-07-13,Tulare,107,460477,114701,113830,31521,145351,1508
2022-07-13,Tuolumne,109,53932,14417,14159,825,14984,194
2022-07-13,Ventura,111,848112,194762,192923,12995,205918,1518
2022-07-13,Yolo,113,214977,44884,44447,3726,48173,326
2022-07-13,Yuba,115,75493,17590,17464,1496,18960,124
2022-07-12,Alameda,001,1643700,319710,316026,17774,333800,1911
2022-07-12,Alpine,002,1148,130,129,1,130,0
2022-07-12,Amador,005,37829,9442,9388,806,10194,87
2022-07-12,Butte,007,227075,36856,36405,8224,44629,439
2022-07-12,Calaveras,009,45235,8002,7945,435,8380,125
2022-07-12,Colusa,011,21464,3623,3606,1154,4760,22
2022-07-12,Contra Costa,013,1133247,232946,226833,18262,245095,1356
2022-07-12,Del Norte,015,27424,6938,6790,351,7141,54
2022-07-12,El Dorado,017,186661,30500,30273,3892,34165,218
2022-07-12,Fresno,019,978130,258593,252573,27911,280484,2786
2022-07-12,Glenn,021,27897,5305,5256,1759,7015,48
2022-07-12,Humboldt,023,135768,20047,19854,4151,24005,150
2022-07-12,Imperial,025,180216,60871,60011,12784,72795,944
2022-07-12,Inyo,027,18085,4350,4324,739,5063,56
2022-07-12,Kern,029,883053,207213,205428,53877,259305,2359
2022-07-12,Kings,031,150075,55505,55138,3727,58865,449
2022-07-12,Lake,033,64148,11859,11773,1040,12813,140
2022-07-12,Lassen,035,31185,9432,9381,937,10318,64
2022-07-12,Los Angeles,037,10098052,3058640,3024953,154603,3179556,32206
2022-07-12,Madera,039,155013,40684,40378,7054,47432,372
2022-07-12,Marin,041,260295,42026,41616,4756,46372,300
2022-07-12,Mariposa,043,17540,2874,2847,294,3141,30
2022-07-12,Mendocino,045,87422,14858,14713,3937,18650,128
2022-07-12,Merced,047,269075,68123,67028,10214,77242,832
2022-07-12,Modoc,049,8938,827,791,302,1093,9
2022-07-12,Mono,051,14174,3135,3131,203,3334,7
2022-07-12,Monterey,053,433212,88370,87575,17838,105413,745
2022-07-12,Napa,055,140530,30205,30032,1305,31337,145
2022-07-12,Nevada,057,99092,17977,17849,1566,19415,131
2022-07-12,Orange,059,3164182,621535,616278,53999,670277,7147
2022-07-12,Placer,061,380077,71463,70890,8837,79727,637
2022-07-12,Plumas,063,18699,3415,3354,414,3768,13
2022-07-12,Riverside,065,2383286,649394,643472,31616,675088,6504
2022-07-12,Sacramento,067,1510023,323502,321076,31668,352744,3114
2022-07-12,San Benito,069,59416,14954,14774,784,15558,100
2022-07-12,San Bernardino,071,2135413,626229,614957,27677,642634,7907
2022-07-12,San Diego,073,3302833,858572,851596,64478,916074,5363
2022-07-12,San Francisco,075,870044,165228,163635,10958,174593,919
2022-07-12,San Joaquin,077,732212,184978,183283,12544,195827,2260
2022-07-12,San Luis Obispo,079,281455,59616,59134,5997,65131,498
2022-07-12,San Mateo,081,765935,155995,153875,9704,163579,723
2022-07-12,Santa Barbara,083,443738,97798,97053,5811,102864,699
2022-07-12,Santa Clara,085,1922200,400722,392415,17194,409609,2365
2022-07-12,Santa Cruz,087,273765,57794,57124,2965,60089,267
2022-07-12,Shasta,089,179085,32983,32708,6753,39461,574
2022-07-12,Sierra,091,2930,292,289,58,347,4
2022-07-12,Siskiyou,093,43540,4857,4873,3073,7946,82
2022-07-12,Solano,095,438530,97890,96479,7074,103553,455
2022-07-12,Sonoma,097,501317,100045,99173,4612,103785,499
2022-07-12,Stanislaus,099,539301,128754,127845,19773,147618,1689
2022-07-12,Sutter,101,95872,22439,22331,2346,24677,228
2022-07-12,Tehama,103,63373,12916,12793,2812,15605,205
2022-07-12,Trinity,105,12862,1313,1293,326,1619,20
2022-07-12,Tulare,107,460477,114507,113830,31421,145251,1508
2022-07-12,Tuolumne,109,53932,14383,14159,821,14980,194
2022-07-12,Ventura,111,848112,194430,192923,12896,205819,1518
2022-07-12,Yolo,113,214977,44814,44447,3718,48165,326
2022-07-12,Yuba,115,75493,17562,17464,1483,18947,124
2022-07-11,Alameda,001,1643700,318789,316026,17713,333739,1911
2022-07-11,Alpine,002,1148,130,129,1,130,0
2022-07-11,Amador,005,37829,9434,9388,800,10188,87
2022-07-11,Butte,007,227075,36797,36405,8205,44610,439
2022-07-11,Calaveras,009,45235,7986,7945,433,8378,125
2022-07-11,Colusa,011,21464,3619,3606,1151,4757,22
2022-07-11,Contra Costa,013,1133247,232468,226833,18202,245035,1356
2022-07-11,Del Norte,015,27424,6907,6790,341,7131,54
2022-07-11,El Dorado,017,186661,30443,30273,3881,34154,218
2022-07-11,Fresno,019,978130,257919,252573,27828,280401,2786
2022-07-11,Glenn,021,27897,5302,5256,1757,7013,48
2022-07-11,Humboldt,023,135768,19988,19854,4132,23986,150
2022-07-11,Imperial,025,180216,60712,60011,12673,72684,944
2022-07-11,Inyo,027,18085,4347,4324,735,5059,56
2022-07-11,Kern,029,883053,206875,205428,53675,259103,2359
2022-07-11,Kings,031,150075,55355,55138,3718,58856,449
2022-07-11,Lake,033,64148,11833,11773,1038,12811,140
2022-07-11,Lassen,035,31185,9425,9381,937,10318,64
2022-07-11,Los Angeles,037,10098052,3051487,3024953,153810,3178763,32206
2022-07-11,Madera,039,155013,40597,40378,7009,47387,372
2022-07-11,Marin,041,260295,41937,41616,4747,46363,300
2022-07-11,Mariposa,043,17540,2866,2847,292,3139,30
2022-07-11,Mendocino,045,87422,14819,14713,3923,18636,128
2022-07-11,Merced,047,269075,67997,67028,10179,77207,832
2022-07-11,Modoc,049,8938,821,791,300,1091,9
2022-07-11,Mono,051,14174,3135,3131,202,3333,7
2022-07-11,Monterey,053,433212,88201,87575,17772,105347,745
2022-07-11,Napa,055,140530,30144,30032,1305,31337,145
2022-07-11,Nevada,057,99092,17960,17849,1564,19413,131
2022-07-11,Orange,059,3164182,619958,616278,53733,670011,7147
2022-07-11,Placer,061,380077,71354,70890,8821,79711,637
2022-07-11,Plumas,063,18699,3404,3354,412,3766,13
2022-07-11,Riverside,065,2383286,647957,643472,31531,675003,6504
2022-07-11,Sacramento,067,1510023,322956,321076,31617,352693,3114
2022-07-11,San Benito,069,59416,14916,14774,781,15555,100
2022-07-11,San Bernardino,071,2135413,624843,614957,27586,642543,7907
2022-07-11,San Diego,073,3302833,856194,851596,64234,915830,5363
2022-07-11,San Francisco,075,870044,164800,163635,10930,174565,919
2022-07-11,San Joaquin,077,732212,184596,183283,12497,195780,2260
2022-07-11,San Luis Obispo,079,281455,59507,59134,5965,65099,498
2022-07-11,San Mateo,081,765935,155591,153875,9671,163546,723
2022-07-11,Santa Barbara,083,443738,97589,97053,5798,102851,699
2022-07-11,Santa Clara,085,1922200,399655,392415,17136,409551,2365
2022-07-11,Santa Cruz,087,273765,57644,57124,2951,60075,267
2022-07-11,Shasta,089,179085,32927,32708,6723,39431,574
2022-07-11,Sierra,091,2930,292,289,58,347,4
2022-07-11,Siskiyou,093,43540,4851,4873,3066,7939,82
2022-07-11,Solano,095,438530,97676,96479,7056,103535,455
2022-07-11,Sonoma,097,501317,99851,99173,4592,103765,499
2022-07-11,Stanislaus,099,539301,128530,127845,19734,147579,1689
2022-07-11,Sutter,101,95872,22396,22331,2339,24670,228
2022-07-11,Tehama,103,63373,12902,12793,2805,15598,205
2022-07-11,Trinity,105,12862,1311,1293,325,1618,20
2022-07-11,Tulare,107,460477,114319,113830,31316,145146,1508
2022-07-11,Tuolumne,109,53932,14343,14159,819,14978,194
2022-07-11,Ventura,111,848112,194034,192923,12808,205731,1518
2022-07-11,Yolo,113,214977,44747,44447,3703,48150,326
2022-07-11,Yuba,115,75493,17526,17464,1480,18944,124
2022-07-10,Alameda,001,1643700,317789,312651,17635,330286,1912
2022-07-10,Alpine,002,1148,130,129,1,130,0
2022-07-10,Amador,005,37829,9424,9335,797,10132,87
2022-07-10,Butte,007,227075,36697,36165,8183,44348,438
2022-07-10,Calaveras,009,45235,7977,7895,432,8327,125
2022-07-10,Colusa,011,21464,3615,3586,1143,4729,22
2022-07-10,Contra Costa,013,1133247,231857,224718,18107,242825,1351
2022-07-10,Del Norte,015,27424,6867,6666,335,7001,54
2022-07-10,El Dorado,017,186661,30358,30070,3873,33943,218
2022-07-10,Fresno,019,978130,257243,250379,27735,278114,2786
2022-07-10,Glenn,021,27897,5297,5231,1753,6984,48
2022-07-10,Humboldt,023,135768,19929,19677,4118,23795,149
2022-07-10,Imperial,025,180216,60487,59558,12534,72092,944
2022-07-10,Inyo,027,18085,4342,4297,729,5026,56
2022-07-10,Kern,029,883053,206357,204128,53432,257560,2359
2022-07-10,Kings,031,150075,55181,54725,3712,58437,449
2022-07-10,Lake,033,64148,11808,11685,1035,12720,140
2022-07-10,Lassen,035,31185,9410,9362,935,10297,64
2022-07-10,Los Angeles,037,10098052,3044173,3002013,152989,3155002,32151
2022-07-10,Madera,039,155013,40489,40081,6975,47056,372
2022-07-10,Marin,041,260295,41840,41271,4738,46009,302
2022-07-10,Mariposa,043,17540,2859,2805,288,3093,30
2022-07-10,Mendocino,045,87422,14789,14610,3906,18516,128
2022-07-10,Merced,047,269075,67840,66616,10122,76738,832
2022-07-10,Modoc,049,8938,820,789,292,1081,9
2022-07-10,Mono,051,14174,3134,3119,200,3319,7
2022-07-10,Monterey,053,433212,88008,87002,17696,104698,745
2022-07-10,Napa,055,140530,30081,29807,1303,31110,145
2022-07-10,Nevada,057,99092,17899,17693,1555,19248,131
2022-07-10,Orange,059,3164182,618256,610975,53402,664377,7132
2022-07-10,Placer,061,380077,71237,70401,8802,79203,632
2022-07-10,Plumas,063,18699,3391,3339,408,3747,13
2022-07-10,Riverside,065,2383286,646361,638193,31399,669592,6506
2022-07-10,Sacramento,067,1510023,322251,318556,31537,350093,3108
2022-07-10,San Benito,069,59416,14880,14628,770,15398,100
2022-07-10,San Bernardino,071,2135413,623378,610086,27505,637591,7893
2022-07-10,San Diego,073,3302833,853704,844085,63963,908048,5357
2022-07-10,San Francisco,075,870044,164249,161931,10857,172788,914
2022-07-10,San Joaquin,077,732212,184219,181958,12436,194394,2257
2022-07-10,San Luis Obispo,079,281455,59386,58636,5927,64563,498
2022-07-10,San Mateo,081,765935,155121,152319,9644,161963,723
2022-07-10,Santa Barbara,083,443738,97356,96266,5772,102038,697
2022-07-10,Santa Clara,085,1922200,398519,388270,17074,405344,2360
2022-07-10,Santa Cruz,087,273765,57453,56455,2934,59389,266
2022-07-10,Shasta,089,179085,32860,32536,6699,39235,576
2022-07-10,Sierra,091,2930,290,291,58,349,4
2022-07-10,Siskiyou,093,43540,4848,4855,3053,7908,82
2022-07-10,Solano,095,438530,97423,95651,7023,102674,455
2022-07-10,Sonoma,097,501317,99648,98430,4560,102990,496
2022-07-10,Stanislaus,099,539301,128289,126897,19687,146584,1686
2022-07-10,Sutter,101,95872,22347,22165,2338,24503,228
2022-07-10,Tehama,103,63373,12875,12716,2792,15508,205
2022-07-10,Trinity,105,12862,1305,1272,323,1595,20
2022-07-10,Tulare,107,460477,114062,113002,31220,144222,1508
2022-07-10,Tuolumne,109,53932,14306,14019,811,14830,194
2022-07-10,Ventura,111,848112,193559,191462,12704,204166,1518
2022-07-10,Yolo,113,214977,44669,44152,3688,47840,323
2022-07-10,Yuba,115,75493,17487,17345,1478,18823,125
2022-07-09,Alameda,001,1643700,317300,312651,17611,330262,1912
2022-07-09,Alpine,002,1148,130,129,1,130,0
2022-07-09,Amador,005,37829,9416,9335,795,10130,87
2022-07-09,Butte,007,227075,36652,36165,8169,44334,438
2022-07-09,Calaveras,009,45235,7962,7895,431,8326,125
2022-07-09,Colusa,011,21464,3614,3586,1142,4728,22
2022-07-09,Contra Costa,013,1133247,231549,224718,18048,242766,1351
2022-07-09,Del Norte,015,27424,6859,6666,335,7001,54
2022-07-09,El Dorado,017,186661,30315,30070,3868,33938,218
2022-07-09,Fresno,019,978130,256981,250379,27694,278073,2786
2022-07-09,Glenn,021,27897,5290,5231,1753,6984,48
2022-07-09,Humboldt,023,135768,19911,19677,4108,23785,149
2022-07-09,Imperial,025,180216,60408,59558,12481,72039,944
2022-07-09,Inyo,027,18085,4337,4297,728,5025,56
2022-07-09,Kern,029,883053,206170,204128,53289,257417,2359
2022-07-09,Kings,031,150075,55142,54725,3710,58435,449
2022-07-09,Lake,033,64148,11800,11685,1034,12719,140
2022-07-09,Lassen,035,31185,9409,9362,935,10297,64
2022-07-09,Los Angeles,037,10098052,3040667,3002013,152497,3154510,32151
2022-07-09,Madera,039,155013,40449,40081,6967,47048,372
2022-07-09,Marin,041,260295,41784,41271,4727,45998,302
2022-07-09,Mariposa,043,17540,2854,2805,288,3093,30
2022-07-09,Mendocino,045,87422,14774,14610,3896,18506,128
2022-07-09,Merced,047,269075,67788,66616,10117,76733,832
2022-07-09,Modoc,049,8938,820,789,288,1077,9
2022-07-09,Mono,051,14174,3133,3119,200,3319,7
2022-07-09,Monterey,053,433212,87910,87002,17647,104649,745
2022-07-09,Napa,055,140530,30049,29807,1300,31107,145
2022-07-09,Nevada,057,99092,17887,17693,1551,19244,131
2022-07-09,Orange,059,3164182,617393,610975,53205,664180,7132
2022-07-09,Placer,061,380077,71148,70401,8794,79195,632
2022-07-09,Plumas,063,18699,3384,3339,406,3745,13
2022-07-09,Riverside,065,2383286,645462,638193,31344,669537,6506
2022-07-09,Sacramento,067,1510023,321951,318556,31515,350071,3108
2022-07-09,San Benito,069,59416,14860,14628,769,15397,100
2022-07-09,San Bernardino,071,2135413,622658,610086,27454,637540,7893
2022-07-09,San Diego,073,3302833,852796,844085,63875,907960,5357
2022-07-09,San Francisco,075,870044,164020,161931,10836,172767,914
2022-07-09,San Joaquin,077,732212,184051,181958,12406,194364,2257
2022-07-09,San Luis Obispo,079,281455,59329,58636,5908,64544,498
2022-07-09,San Mateo,081,765935,154876,152319,9629,161948,723
2022-07-09,Santa Barbara,083,443738,97223,96266,5762,102028,697
2022-07-09,Santa Clara,085,1922200,397783,388270,17046,405316,2360
2022-07-09,Santa Cruz,087,273765,57376,56455,2925,59380,266
2022-07-09,Shasta,089,179085,32838,32536,6689,39225,576
2022-07-09,Sierra,091,2930,290,291,58,349,4
2022-07-09,Siskiyou,093,43540,4845,4855,3051,7906,82
2022-07-09,Solano,095,438530,97336,95651,7008,102659,455
2022-07-09,Sonoma,097,501317,99563,98430,4554,102984,496
2022-07-09,Stanislaus,099,539301,128126,126897,19656,146553,1686
2022-07-09,Sutter,101,95872,22319,22165,2338,24503,228
2022-07-09,Tehama,103,63373,12859,12716,2783,15499,205
2022-07-09,Trinity,105,12862,1305,1272,322,1594,20
2022-07-09,Tulare,107,460477,113952,113002,31162,144164,1508
2022-07-09,Tuolumne,109,53932,14268,14019,809,14828,194
2022-07-09,Ventura,111,848112,193297,191462,12657,204119,1518
2022-07-09,Yolo,113,214977,44619,44152,3674,47826,323
2022-07-09,Yuba,115,75493,17464,17345,1478,18823,125
2022-07-08,Alameda,001,1643700,316776,312651,17567,330218,1912
2022-07-08,Alpine,002,1148,130,129,1,130,0
2022-07-08,Amador,005,37829,9406,9335,793,10128,87
2022-07-08,Butte,007,227075,36621,36165,8155,44320,438
2022-07-08,Calaveras,009,45235,7947,7895,431,8326,125
2022-07-08,Colusa,011,21464,3610,3586,1142,4728,22
2022-07-08,Contra Costa,013,1133247,231198,224718,17999,242717,1351
2022-07-08,Del Norte,015,27424,6848,6666,333,6999,54
2022-07-08,El Dorado,017,186661,30290,30070,3860,33930,218
2022-07-08,Fresno,019,978130,256611,250379,27641,278020,2786
2022-07-08,Glenn,021,27897,5285,5231,1750,6981,48
2022-07-08,Humboldt,023,135768,19898,19677,4097,23774,149
2022-07-08,Imperial,025,180216,60320,59558,12441,71999,944
2022-07-08,Inyo,027,18085,4336,4297,724,5021,56
2022-07-08,Kern,029,883053,205921,204128,53151,257279,2359
2022-07-08,Kings,031,150075,55101,54725,3709,58434,449
2022-07-08,Lake,033,64148,11783,11685,1031,12716,140
2022-07-08,Lassen,035,31185,9403,9362,934,10296,64
2022-07-08,Los Angeles,037,10098052,3036385,3002013,151916,3153929,32151
2022-07-08,Madera,039,155013,40395,40081,6953,47034,372
2022-07-08,Marin,041,260295,41698,41271,4711,45982,302
2022-07-08,Mariposa,043,17540,2851,2805,287,3092,30
2022-07-08,Mendocino,045,87422,14756,14610,3892,18502,128
2022-07-08,Merced,047,269075,67720,66616,10107,76723,832
2022-07-08,Modoc,049,8938,820,789,288,1077,9
2022-07-08,Mono,051,14174,3131,3119,199,3318,7
2022-07-08,Monterey,053,433212,87782,87002,17617,104619,745
2022-07-08,Napa,055,140530,30025,29807,1299,31106,145
2022-07-08,Nevada,057,99092,17879,17693,1549,19242,131
2022-07-08,Orange,059,3164182,616491,610975,52997,663972,7132
2022-07-08,Placer,061,380077,71073,70401,8780,79181,632
2022-07-08,Plumas,063,18699,3379,3339,406,3745,13
2022-07-08,Riverside,065,2383286,644551,638193,31286,669479,6506
2022-07-08,Sacramento,067,1510023,321511,318556,31487,350043,3108
2022-07-08,San Benito,069,59416,14843,14628,766,15394,100
2022-07-08,San Bernardino,071,2135413,621898,610086,27411,637497,7893
2022-07-08,San Diego,073,3302833,851542,844085,63707,907792,5357
2022-07-08,San Francisco,075,870044,163755,161931,10809,172740,914
2022-07-08,San Joaquin,077,732212,183877,181958,12389,194347,2257
2022-07-08,San Luis Obispo,079,281455,59293,58636,5893,64529,498
2022-07-08,San Mateo,081,765935,154579,152319,9615,161934,723
2022-07-08,Santa Barbara,083,443738,97096,96266,5758,102024,697
2022-07-08,Santa Clara,085,1922200,397011,388270,17024,405294,2360
2022-07-08,Santa Cruz,087,273765,57288,56455,2917,59372,266
2022-07-08,Shasta,089,179085,32808,32536,6681,39217,576
2022-07-08,Sierra,091,2930,290,291,58,349,4
2022-07-08,Siskiyou,093,43540,4843,4855,3048,7903,82
2022-07-08,Solano,095,438530,97217,95651,6994,102645,455
2022-07-08,Sonoma,097,501317,99411,98430,4537,102967,496
2022-07-08,Stanislaus,099,539301,127989,126897,19643,146540,1686
2022-07-08,Sutter,101,95872,22294,22165,2337,24502,228
2022-07-08,Tehama,103,63373,12847,12716,2781,15497,205
2022-07-08,Trinity,105,12862,1303,1272,321,1593,20
2022-07-08,Tulare,107,460477,113832,113002,31094,144096,1508
2022-07-08,Tuolumne,109,53932,14237,14019,803,14822,194
2022-07-08,Ventura,111,848112,193058,191462,12618,204080,1518
2022-07-08,Yolo,113,214977,44566,44152,3662,47814,323
2022-07-08,Yuba,115,75493,17448,17345,1477,18822,125
2022-07-07,Alameda,001,1643700,315969,312651,17517,330168,1912
2022-07-07,Alpine,002,1148,129,129,1,130,0
2022-07-07,Amador,005,37829,9390,9335,786,10121,87
2022-07-07,Butte,007,227075,36557,36165,8135,44300,438
2022-07-07,Calaveras,009,45235,7938,7895,426,8321,125
2022-07-07,Colusa,011,21464,3605,3586,1141,4727,22
2022-07-07,Contra Costa,013,1133247,230650,224718,17923,242641,1351
2022-07-07,Del Norte,015,27424,6822,6666,329,6995,54
2022-07-07,El Dorado,017,186661,30238,30070,3849,33919,218
2022-07-07,Fresno,019,978130,256060,250379,27536,277915,2786
2022-07-07,Glenn,021,27897,5279,5231,1748,6979,48
2022-07-07,Humboldt,023,135768,19853,19677,4081,23758,149
2022-07-07,Imperial,025,180216,60145,59558,12331,71889,944
2022-07-07,Inyo,027,18085,4331,4297,716,5013,56
2022-07-07,Kern,029,883053,205617,204128,52942,257070,2359
2022-07-07,Kings,031,150075,55023,54725,3705,58430,449
2022-07-07,Lake,033,64148,11762,11685,1031,12716,140
2022-07-07,Lassen,035,31185,9402,9362,934,10296,64
2022-07-07,Los Angeles,037,10098052,3030045,3002013,151228,3153241,32151
2022-07-07,Madera,039,155013,40315,40081,6937,47018,372
2022-07-07,Marin,041,260295,41620,41271,4700,45971,302
2022-07-07,Mariposa,043,17540,2844,2805,284,3089,30
2022-07-07,Mendocino,045,87422,14739,14610,3887,18497,128
2022-07-07,Merced,047,269075,67605,66616,10074,76690,832
2022-07-07,Modoc,049,8938,815,789,285,1074,9
2022-07-07,Mono,051,14174,3130,3119,197,3316,7
2022-07-07,Monterey,053,433212,87622,87002,17554,104556,745
2022-07-07,Napa,055,140530,29955,29807,1291,31098,145
2022-07-07,Nevada,057,99092,17849,17693,1544,19237,131
2022-07-07,Orange,059,3164182,615094,610975,52783,663758,7132
2022-07-07,Placer,061,380077,70963,70401,8755,79156,632
2022-07-07,Plumas,063,18699,3372,3339,405,3744,13
2022-07-07,Riverside,065,2383286,643226,638193,31223,669416,6506
2022-07-07,Sacramento,067,1510023,320874,318556,31436,349992,3108
2022-07-07,San Benito,069,59416,14813,14628,766,15394,100
2022-07-07,San Bernardino,071,2135413,620594,610086,27347,637433,7893
2022-07-07,San Diego,073,3302833,849628,844085,63476,907561,5357
2022-07-07,San Francisco,075,870044,163373,161931,10756,172687,914
2022-07-07,San Joaquin,077,732212,183540,181958,12338,194296,2257
2022-07-07,San Luis Obispo,079,281455,59214,58636,5861,64497,498
2022-07-07,San Mateo,081,765935,154230,152319,9606,161925,723
2022-07-07,Santa Barbara,083,443738,96902,96266,5743,102009,697
2022-07-07,Santa Clara,085,1922200,396021,388270,16973,405243,2360
2022-07-07,Santa Cruz,087,273765,57129,56455,2903,59358,266
2022-07-07,Shasta,089,179085,32772,32536,6664,39200,576
2022-07-07,Sierra,091,2930,289,291,57,348,4
2022-07-07,Siskiyou,093,43540,4837,4855,3043,7898,82
2022-07-07,Solano,095,438530,96941,95651,6981,102632,455
2022-07-07,Sonoma,097,501317,99273,98430,4518,102948,496
2022-07-07,Stanislaus,099,539301,127789,126897,19606,146503,1686
2022-07-07,Sutter,101,95872,22248,22165,2335,24500,228
2022-07-07,Tehama,103,63373,12830,12716,2772,15488,205
2022-07-07,Trinity,105,12862,1298,1272,320,1592,20
2022-07-07,Tulare,107,460477,113623,113002,31001,144003,1508
2022-07-07,Tuolumne,109,53932,14200,14019,798,14817,194
2022-07-07,Ventura,111,848112,192738,191462,12537,203999,1518
2022-07-07,Yolo,113,214977,44509,44152,3649,47801,323
2022-07-07,Yuba,115,75493,17414,17345,1475,18820,125
2022-07-06,Alameda,001,1643700,315131,310551,17476,328027,1899
2022-07-06,Alpine,002,1148,129,129,1,130,0
2022-07-06,Amador,005,37829,9370,9301,786,10087,87
2022-07-06,Butte,007,227075,36493,36053,8119,44172,436
2022-07-06,Calaveras,009,45235,7929,7873,424,8297,124
2022-07-06,Colusa,011,21464,3602,3579,1140,4719,22
2022-07-06,Contra Costa,013,1133247,230133,223500,17868,241368,1348
2022-07-06,Del Norte,015,27424,6792,6623,327,6950,54
2022-07-06,El Dorado,017,186661,30193,29953,3837,33790,218
2022-07-06,Fresno,019,978130,255502,249480,27453,276933,2786
2022-07-06,Glenn,021,27897,5274,5222,1748,6970,48
2022-07-06,Humboldt,023,135768,19806,19608,4070,23678,149
2022-07-06,Imperial,025,180216,59945,59184,12244,71428,944
2022-07-06,Inyo,027,18085,4325,4282,710,4992,56
2022-07-06,Kern,029,883053,205291,203587,52725,256312,2353
2022-07-06,Kings,031,150075,54905,54560,3700,58260,449
2022-07-06,Lake,033,64148,11743,11659,1031,12690,140
2022-07-06,Lassen,035,31185,9385,9350,934,10284,64
2022-07-06,Los Angeles,037,10098052,3023588,2991161,150509,3141670,32116
2022-07-06,Madera,039,155013,40244,39952,6915,46867,372
2022-07-06,Marin,041,260295,41552,41036,4690,45726,302
2022-07-06,Mariposa,043,17540,2834,2797,284,3081,30
2022-07-06,Mendocino,045,87422,14711,14540,3875,18415,127
2022-07-06,Merced,047,269075,67483,66420,10051,76471,832
2022-07-06,Modoc,049,8938,809,788,283,1071,8
2022-07-06,Mono,051,14174,3129,3109,197,3306,7
2022-07-06,Monterey,053,433212,87463,86639,17488,104127,744
2022-07-06,Napa,055,140530,29895,29690,1289,30979,144
2022-07-06,Nevada,057,99092,17820,17660,1538,19198,131
2022-07-06,Orange,059,3164182,613567,608084,52556,660640,7125
2022-07-06,Placer,061,380077,70850,70113,8734,78847,632
2022-07-06,Plumas,063,18699,3361,3316,404,3720,13
2022-07-06,Riverside,065,2383286,641865,636209,31151,667360,6505
2022-07-06,Sacramento,067,1510023,320185,317315,31387,348702,3104
2022-07-06,San Benito,069,59416,14771,14556,755,15311,100
2022-07-06,San Bernardino,071,2135413,619340,608119,27271,635390,7870
2022-07-06,San Diego,073,3302833,847501,839970,63221,903191,5349
2022-07-06,San Francisco,075,870044,162951,160612,10723,171335,910
2022-07-06,San Joaquin,077,732212,183225,181448,12308,193756,2256
2022-07-06,San Luis Obispo,079,281455,59102,58488,5822,64310,496
2022-07-06,San Mateo,081,765935,153822,151344,9576,160920,723
2022-07-06,Santa Barbara,083,443738,96711,95918,5722,101640,702
2022-07-06,Santa Clara,085,1922200,394914,385553,16907,402460,2358
2022-07-06,Santa Cruz,087,273765,56987,56307,2884,59191,267
2022-07-06,Shasta,089,179085,32718,32444,6641,39085,570
2022-07-06,Sierra,091,2930,289,290,57,347,4
2022-07-06,Siskiyou,093,43540,4832,4841,3037,7878,82
2022-07-06,Solano,095,438530,96688,95181,6956,102137,455
2022-07-06,Sonoma,097,501317,99091,98031,4500,102531,495
2022-07-06,Stanislaus,099,539301,127566,126492,19575,146067,1682
2022-07-06,Sutter,101,95872,22197,22089,2334,24423,228
2022-07-06,Tehama,103,63373,12819,12680,2766,15446,205
2022-07-06,Trinity,105,12862,1290,1263,316,1579,20
2022-07-06,Tulare,107,460477,113409,112684,30908,143592,1500
2022-07-06,Tuolumne,109,53932,14166,13960,786,14746,189
2022-07-06,Ventura,111,848112,192355,190794,12462,203256,1517
2022-07-06,Yolo,113,214977,44425,43171,3629,46800,324
2022-07-06,Yuba,115,75493,17376,17277,1469,18746,124
2022-07-05,Alameda,001,1643700,314144,310551,17420,327971,1899
2022-07-05,Alpine,002,1148,129,129,1,130,0
2022-07-05,Amador,005,37829,9355,9301,782,10083,87
2022-07-05,Butte,007,227075,36410,36053,8098,44151,436
2022-07-05,Calaveras,009,45235,7918,7873,423,8296,124
2022-07-05,Colusa,011,21464,3597,3579,1138,4717,22
2022-07-05,Contra Costa,013,1133247,229500,223500,17792,241292,1348
2022-07-05,Del Norte,015,27424,6766,6623,322,6945,54
2022-07-05,El Dorado,017,186661,30143,29953,3828,33781,218
2022-07-05,Fresno,019,978130,254899,249480,27366,276846,2786
2022-07-05,Glenn,021,27897,5265,5222,1747,6969,48
2022-07-05,Humboldt,023,135768,19768,19608,4059,23667,149
2022-07-05,Imperial,025,180216,59804,59184,12146,71330,944
2022-07-05,Inyo,027,18085,4311,4282,700,4982,56
2022-07-05,Kern,029,883053,204849,203587,52486,256073,2353
2022-07-05,Kings,031,150075,54774,54560,3686,58246,449
2022-07-05,Lake,033,64148,11720,11659,1028,12687,140
2022-07-05,Lassen,035,31185,9374,9350,934,10284,64
2022-07-05,Los Angeles,037,10098052,3016650,2991161,149751,3140912,32116
2022-07-05,Madera,039,155013,40159,39952,6890,46842,372
2022-07-05,Marin,041,260295,41451,41036,4680,45716,302
2022-07-05,Mariposa,043,17540,2824,2797,281,3078,30
2022-07-05,Mendocino,045,87422,14665,14540,3859,18399,127
2022-07-05,Merced,047,269075,67363,66420,10020,76440,832
2022-07-05,Modoc,049,8938,801,788,283,1071,8
2022-07-05,Mono,051,14174,3126,3109,194,3303,7
2022-07-05,Monterey,053,433212,87299,86639,17436,104075,744
2022-07-05,Napa,055,140530,29842,29690,1284,30974,144
2022-07-05,Nevada,057,99092,17781,17660,1528,19188,131
2022-07-05,Orange,059,3164182,612014,608084,52291,660375,7125
2022-07-05,Placer,061,380077,70744,70113,8713,78826,632
2022-07-05,Plumas,063,18699,3351,3316,403,3719,13
2022-07-05,Riverside,065,2383286,640393,636209,31064,667273,6505
2022-07-05,Sacramento,067,1510023,319533,317315,31316,348631,3104
2022-07-05,San Benito,069,59416,14737,14556,748,15304,100
2022-07-05,San Bernardino,071,2135413,618009,608119,27193,635312,7870
2022-07-05,San Diego,073,3302833,845156,839970,62986,902956,5349
2022-07-05,San Francisco,075,870044,162427,160612,10697,171309,910
2022-07-05,San Joaquin,077,732212,182861,181448,12235,193683,2256
2022-07-05,San Luis Obispo,079,281455,58942,58488,5780,64268,496
2022-07-05,San Mateo,081,765935,153337,151344,9554,160898,723
2022-07-05,Santa Barbara,083,443738,96487,95918,5693,101611,702
2022-07-05,Santa Clara,085,1922200,393748,385553,16844,402397,2358
2022-07-05,Santa Cruz,087,273765,56811,56307,2868,59175,267
2022-07-05,Shasta,089,179085,32676,32444,6617,39061,570
2022-07-05,Sierra,091,2930,289,290,57,347,4
2022-07-05,Siskiyou,093,43540,4828,4841,3025,7866,82
2022-07-05,Solano,095,438530,96397,95181,6932,102113,455
2022-07-05,Sonoma,097,501317,98845,98031,4482,102513,495
2022-07-05,Stanislaus,099,539301,127326,126492,19533,146025,1682
2022-07-05,Sutter,101,95872,22155,22089,2332,24421,228
2022-07-05,Tehama,103,63373,12794,12680,2762,15442,205
2022-07-05,Trinity,105,12862,1281,1263,314,1577,20
2022-07-05,Tulare,107,460477,113171,112684,30827,143511,1500
2022-07-05,Tuolumne,109,53932,14132,13960,779,14739,189
2022-07-05,Ventura,111,848112,191955,190794,12399,203193,1517
2022-07-05,Yolo,113,214977,44339,43171,3619,46790,324
2022-07-05,Yuba,115,75493,17347,17277,1468,18745,124
2022-07-04,Alameda,001,1643700,312992,310551,17336,327887,1899
2022-07-04,Alpine,002,1148,129,129,1,130,0
2022-07-04,Amador,005,37829,9342,9301,781,10082,87
2022-07-04,Butte,007,227075,36300,36053,8080,44133,436
2022-07-04,Calaveras,009,45235,7908,7873,423,8296,124
2022-07-04,Colusa,011,21464,3593,3579,1136,4715,22
2022-07-04,Contra Costa,013,1133247,228786,223500,17691,241191,1348
2022-07-04,Del Norte,015,27424,6733,6623,318,6941,54
2022-07-04,El Dorado,017,186661,30059,29953,3810,33763,218
2022-07-04,Fresno,019,978130,254255,249480,27235,276715,2786
2022-07-04,Glenn,021,27897,5257,5222,1741,6963,48
2022-07-04,Humboldt,023,135768,19697,19608,4045,23653,149
2022-07-04,Imperial,025,180216,59594,59184,12026,71210,944
2022-07-04,Inyo,027,18085,4307,4282,690,4972,56
2022-07-04,Kern,029,883053,204394,203587,52210,255797,2353
2022-07-04,Kings,031,150075,54623,54560,3682,58242,449
2022-07-04,Lake,033,64148,11707,11659,1026,12685,140
2022-07-04,Lassen,035,31185,9366,9350,933,10283,64
2022-07-04,Los Angeles,037,10098052,3008160,2991161,148833,3139994,32116
2022-07-04,Madera,039,155013,40065,39952,6864,46816,372
2022-07-04,Marin,041,260295,41334,41036,4669,45705,302
2022-07-04,Mariposa,043,17540,2814,2797,276,3073,30
2022-07-04,Mendocino,045,87422,14629,14540,3813,18353,127
2022-07-04,Merced,047,269075,67233,66420,9972,76392,832
2022-07-04,Modoc,049,8938,793,788,279,1067,8
2022-07-04,Mono,051,14174,3124,3109,192,3301,7
2022-07-04,Monterey,053,433212,87105,86639,17366,104005,744
2022-07-04,Napa,055,140530,29777,29690,1280,30970,144
2022-07-04,Nevada,057,99092,17739,17660,1520,19180,131
2022-07-04,Orange,059,3164182,610208,608084,51985,660069,7125
2022-07-04,Placer,061,380077,70570,70113,8683,78796,632
2022-07-04,Plumas,063,18699,3333,3316,402,3718,13
2022-07-04,Riverside,065,2383286,638748,636209,30969,667178,6505
2022-07-04,Sacramento,067,1510023,318751,317315,31218,348533,3104
2022-07-04,San Benito,069,59416,14681,14556,743,15299,100
2022-07-04,San Bernardino,071,2135413,616402,608119,27118,635237,7870
2022-07-04,San Diego,073,3302833,842529,839970,62649,902619,5349
2022-07-04,San Francisco,075,870044,161801,160612,10637,171249,910
2022-07-04,San Joaquin,077,732212,182455,181448,12169,193617,2256
2022-07-04,San Luis Obispo,079,281455,58753,58488,5709,64197,496
2022-07-04,San Mateo,081,765935,152813,151344,9515,160859,723
2022-07-04,Santa Barbara,083,443738,96263,95918,5670,101588,702
2022-07-04,Santa Clara,085,1922200,392252,385553,16776,402329,2358
2022-07-04,Santa Cruz,087,273765,56613,56307,2846,59153,267
2022-07-04,Shasta,089,179085,32599,32444,6588,39032,570
2022-07-04,Sierra,091,2930,289,290,57,347,4
2022-07-04,Siskiyou,093,43540,4822,4841,3019,7860,82
2022-07-04,Solano,095,438530,96044,95181,6896,102077,455
2022-07-04,Sonoma,097,501317,98551,98031,4455,102486,495
2022-07-04,Stanislaus,099,539301,127036,126492,19478,145970,1682
2022-07-04,Sutter,101,95872,22109,22089,2330,24419,228
2022-07-04,Tehama,103,63373,12768,12680,2748,15428,205
2022-07-04,Trinity,105,12862,1276,1263,312,1575,20
2022-07-04,Tulare,107,460477,112934,112684,30715,143399,1500
2022-07-04,Tuolumne,109,53932,14089,13960,775,14735,189
2022-07-04,Ventura,111,848112,191485,190794,12293,203087,1517
2022-07-04,Yolo,113,214977,44245,43171,3601,46772,324
2022-07-04,Yuba,115,75493,17308,17277,1468,18745,124
2022-07-03,Alameda,001,1643700,312434,307672,17305,324977,1898
2022-07-03,Alpine,002,1148,129,129,1,130,0
2022-07-03,Amador,005,37829,9334,9243,778,10021,87
2022-07-03,Butte,007,227075,36286,35846,8073,43919,436
2022-07-03,Calaveras,009,45235,7892,7836,423,8259,124
2022-07-03,Colusa,011,21464,3591,3566,1134,4700,22
2022-07-03,Contra Costa,013,1133247,228433,221545,17659,239204,1343
2022-07-03,Del Norte,015,27424,6724,6543,317,6860,53
2022-07-03,El Dorado,017,186661,30027,29764,3804,33568,217
2022-07-03,Fresno,019,978130,254003,247952,27199,275151,2783
2022-07-03,Glenn,021,27897,5256,5211,1738,6949,48
2022-07-03,Humboldt,023,135768,19675,19516,4036,23552,149
2022-07-03,Imperial,025,180216,59519,58768,11987,70755,944
2022-07-03,Inyo,027,18085,4303,4261,688,4949,56
2022-07-03,Kern,029,883053,204250,202502,52055,254557,2352
2022-07-03,Kings,031,150075,54599,54262,3680,57942,449
2022-07-03,Lake,033,64148,11696,11595,1026,12621,140
2022-07-03,Lassen,035,31185,9363,9336,932,10268,64
2022-07-03,Los Angeles,037,10098052,3005337,2969395,148454,3117849,32089
2022-07-03,Madera,039,155013,40038,39738,6859,46597,372
2022-07-03,Marin,041,260295,41264,40653,4660,45313,297
2022-07-03,Mariposa,043,17540,2810,2780,275,3055,30
2022-07-03,Mendocino,045,87422,14617,14464,3812,18276,127
2022-07-03,Merced,047,269075,67186,66093,9967,76060,832
2022-07-03,Modoc,049,8938,793,787,279,1066,8
2022-07-03,Mono,051,14174,3123,3099,191,3290,7
2022-07-03,Monterey,053,433212,86993,86212,17312,103524,744
2022-07-03,Napa,055,140530,29757,29486,1277,30763,145
2022-07-03,Nevada,057,99092,17720,17546,1513,19059,131
2022-07-03,Orange,059,3164182,609661,603511,51840,655351,7114
2022-07-03,Placer,061,380077,70483,69606,8669,78275,631
2022-07-03,Plumas,063,18699,3326,3294,402,3696,13
2022-07-03,Riverside,065,2383286,638177,632038,30926,662964,6502
2022-07-03,Sacramento,067,1510023,318482,315165,31196,346361,3100
2022-07-03,San Benito,069,59416,14674,14420,742,15162,100
2022-07-03,San Bernardino,071,2135413,615794,604093,27083,631176,7860
2022-07-03,San Diego,073,3302833,841799,834116,62577,896693,5341
2022-07-03,San Francisco,075,870044,161466,158871,10625,169496,910
2022-07-03,San Joaquin,077,732212,182282,180368,12132,192500,2256
2022-07-03,San Luis Obispo,079,281455,58684,58079,5699,63778,489
2022-07-03,San Mateo,081,765935,152507,149812,9498,159310,723
2022-07-03,Santa Barbara,083,443738,96155,95214,5658,100872,699
2022-07-03,Santa Clara,085,1922200,391524,381630,16745,398375,2355
2022-07-03,Santa Cruz,087,273765,56552,55757,2825,58582,267
2022-07-03,Shasta,089,179085,32564,32280,6578,38858,570
2022-07-03,Sierra,091,2930,288,283,57,340,4
2022-07-03,Siskiyou,093,43540,4819,4808,3017,7825,82
2022-07-03,Solano,095,438530,95966,94437,6890,101327,455
2022-07-03,Sonoma,097,501317,98442,97379,4450,101829,495
2022-07-03,Stanislaus,099,539301,126916,125788,19462,145250,1681
2022-07-03,Sutter,101,95872,22088,21935,2329,24264,228
2022-07-03,Tehama,103,63373,12750,12615,2746,15361,205
2022-07-03,Trinity,105,12862,1275,1256,309,1565,20
2022-07-03,Tulare,107,460477,112836,112118,30677,142795,1500
2022-07-03,Tuolumne,109,53932,14066,13886,772,14658,189
2022-07-03,Ventura,111,848112,191274,189493,12272,201765,1517
2022-07-03,Yolo,113,214977,44202,42760,3591,46351,324
2022-07-03,Yuba,115,75493,17294,17168,1467,18635,124
2022-07-02,Alameda,001,1643700,312056,307672,17278,324950,1898
2022-07-02,Alpine,002,1148,129,129,1,130,0
2022-07-02,Amador,005,37829,9318,9243,777,10020,87
2022-07-02,Butte,007,227075,36261,35846,8060,43906,436
2022-07-02,Calaveras,009,45235,7886,7836,423,8259,124
2022-07-02,Colusa,011,21464,3587,3566,1132,4698,22
2022-07-02,Contra Costa,013,1133247,228088,221545,17607,239152,1343
2022-07-02,Del Norte,015,27424,6714,6543,317,6860,53
2022-07-02,El Dorado,017,186661,29993,29764,3800,33564,217
2022-07-02,Fresno,019,978130,253775,247952,27162,275114,2783
2022-07-02,Glenn,021,27897,5251,5211,1737,6948,48
2022-07-02,Humboldt,023,135768,19649,19516,4032,23548,149
2022-07-02,Imperial,025,180216,59439,58768,11966,70734,944
2022-07-02,Inyo,027,18085,4299,4261,686,4947,56
2022-07-02,Kern,029,883053,204091,202502,51893,254395,2352
2022-07-02,Kings,031,150075,54554,54262,3680,57942,449
2022-07-02,Lake,033,64148,11687,11595,1024,12619,140
2022-07-02,Lassen,035,31185,9362,9336,931,10267,64
2022-07-02,Los Angeles,037,10098052,3002575,2969395,148028,3117423,32089
2022-07-02,Madera,039,155013,40008,39738,6855,46593,372
2022-07-02,Marin,041,260295,41202,40653,4643,45296,297
2022-07-02,Mariposa,043,17540,2806,2780,274,3054,30
2022-07-02,Mendocino,045,87422,14589,14464,3812,18276,127
2022-07-02,Merced,047,269075,67127,66093,9958,76051,832
2022-07-02,Modoc,049,8938,793,787,278,1065,8
2022-07-02,Mono,051,14174,3120,3099,191,3290,7
2022-07-02,Monterey,053,433212,86902,86212,17274,103486,744
2022-07-02,Napa,055,140530,29728,29486,1277,30763,145
2022-07-02,Nevada,057,99092,17705,17546,1507,19053,131
2022-07-02,Orange,059,3164182,609007,603511,51682,655193,7114
2022-07-02,Placer,061,380077,70390,69606,8655,78261,631
2022-07-02,Plumas,063,18699,3317,3294,402,3696,13
2022-07-02,Riverside,065,2383286,637582,632038,30881,662919,6502
2022-07-02,Sacramento,067,1510023,318147,315165,31171,346336,3100
2022-07-02,San Benito,069,59416,14655,14420,733,15153,100
2022-07-02,San Bernardino,071,2135413,615260,604093,27048,631141,7860
2022-07-02,San Diego,073,3302833,840993,834116,62511,896627,5341
2022-07-02,San Francisco,075,870044,161185,158871,10601,169472,910
2022-07-02,San Joaquin,077,732212,182149,180368,12106,192474,2256
2022-07-02,San Luis Obispo,079,281455,58635,58079,5685,63764,489
2022-07-02,San Mateo,081,765935,152248,149812,9479,159291,723
2022-07-02,Santa Barbara,083,443738,96028,95214,5647,100861,699
2022-07-02,Santa Clara,085,1922200,390791,381630,16715,398345,2355
2022-07-02,Santa Cruz,087,273765,56493,55757,2814,58571,267
2022-07-02,Shasta,089,179085,32534,32280,6567,38847,570
2022-07-02,Sierra,091,2930,288,283,57,340,4
2022-07-02,Siskiyou,093,43540,4815,4808,3016,7824,82
2022-07-02,Solano,095,438530,95893,94437,6874,101311,455
2022-07-02,Sonoma,097,501317,98336,97379,4442,101821,495
2022-07-02,Stanislaus,099,539301,126797,125788,19446,145234,1681
2022-07-02,Sutter,101,95872,22069,21935,2329,24264,228
2022-07-02,Tehama,103,63373,12727,12615,2745,15360,205
2022-07-02,Trinity,105,12862,1273,1256,308,1564,20
2022-07-02,Tulare,107,460477,112735,112118,30636,142754,1500
2022-07-02,Tuolumne,109,53932,14053,13886,763,14649,189
2022-07-02,Ventura,111,848112,191102,189493,12247,201740,1517
2022-07-02,Yolo,113,214977,44157,42760,3584,46344,324
2022-07-02,Yuba,115,75493,17282,17168,1467,18635,124
2022-07-01,Alameda,001,1643700,311574,307672,17246,324918,1898
2022-07-01,Alpine,002,1148,129,129,1,130,0
2022-07-01,Amador,005,37829,9313,9243,775,10018,87
2022-07-01,Butte,007,227075,36234,35846,8042,43888,436
2022-07-01,Calaveras,009,45235,7875,7836,423,8259,124
2022-07-01,Colusa,011,21464,3584,3566,1132,4698,22
2022-07-01,Contra Costa,013,1133247,227786,221545,17564,239109,1343
2022-07-01,Del Norte,015,27424,6694,6543,315,6858,53
2022-07-01,El Dorado,017,186661,29968,29764,3792,33556,217
2022-07-01,Fresno,019,978130,253487,247952,27107,275059,2783
2022-07-01,Glenn,021,27897,5251,5211,1737,6948,48
2022-07-01,Humboldt,023,135768,19627,19516,4023,23539,149
2022-07-01,Imperial,025,180216,59362,58768,11939,70707,944
2022-07-01,Inyo,027,18085,4292,4261,680,4941,56
2022-07-01,Kern,029,883053,203879,202502,51758,254260,2352
2022-07-01,Kings,031,150075,54521,54262,3676,57938,449
2022-07-01,Lake,033,64148,11676,11595,1023,12618,140
2022-07-01,Lassen,035,31185,9359,9336,931,10267,64
2022-07-01,Los Angeles,037,10098052,2999087,2969395,147512,3116907,32089
2022-07-01,Madera,039,155013,39965,39738,6841,46579,372
2022-07-01,Marin,041,260295,41129,40653,4630,45283,297
2022-07-01,Mariposa,043,17540,2804,2780,273,3053,30
2022-07-01,Mendocino,045,87422,14569,14464,3808,18272,127
2022-07-01,Merced,047,269075,67042,66093,9954,76047,832
2022-07-01,Modoc,049,8938,793,787,277,1064,8
2022-07-01,Mono,051,14174,3112,3099,190,3289,7
2022-07-01,Monterey,053,433212,86820,86212,17243,103455,744
2022-07-01,Napa,055,140530,29684,29486,1277,30763,145
2022-07-01,Nevada,057,99092,17685,17546,1502,19048,131
2022-07-01,Orange,059,3164182,608287,603511,51517,655028,7114
2022-07-01,Placer,061,380077,70323,69606,8635,78241,631
2022-07-01,Plumas,063,18699,3314,3294,402,3696,13
2022-07-01,Riverside,065,2383286,636865,632038,30828,662866,6502
2022-07-01,Sacramento,067,1510023,317764,315165,31147,346312,3100
2022-07-01,San Benito,069,59416,14637,14420,732,15152,100
2022-07-01,San Bernardino,071,2135413,614618,604093,27014,631107,7860
2022-07-01,San Diego,073,3302833,839958,834116,62370,896486,5341
2022-07-01,San Francisco,075,870044,160909,158871,10562,169433,910
2022-07-01,San Joaquin,077,732212,182004,180368,12073,192441,2256
2022-07-01,San Luis Obispo,079,281455,58606,58079,5673,63752,489
2022-07-01,San Mateo,081,765935,151966,149812,9463,159275,723
2022-07-01,Santa Barbara,083,443738,95912,95214,5638,100852,699
2022-07-01,Santa Clara,085,1922200,390085,381630,16679,398309,2355
2022-07-01,Santa Cruz,087,273765,56427,55757,2801,58558,267
2022-07-01,Shasta,089,179085,32514,32280,6557,38837,570
2022-07-01,Sierra,091,2930,288,283,57,340,4
2022-07-01,Siskiyou,093,43540,4815,4808,3014,7822,82
2022-07-01,Solano,095,438530,95724,94437,6857,101294,455
2022-07-01,Sonoma,097,501317,98215,97379,4423,101802,495
2022-07-01,Stanislaus,099,539301,126668,125788,19419,145207,1681
2022-07-01,Sutter,101,95872,22040,21935,2329,24264,228
2022-07-01,Tehama,103,63373,12718,12615,2743,15358,205
2022-07-01,Trinity,105,12862,1272,1256,308,1564,20
2022-07-01,Tulare,107,460477,112637,112118,30594,142712,1500
2022-07-01,Tuolumne,109,53932,14034,13886,756,14642,189
2022-07-01,Ventura,111,848112,190891,189493,12211,201704,1517
2022-07-01,Yolo,113,214977,44121,42760,3569,46329,324
2022-07-01,Yuba,115,75493,17261,17168,1467,18635,124
2022-06-30,Alameda,001,1643700,310748,307672,17190,324862,1898
2022-06-30,Alpine,002,1148,129,129,1,130,0
2022-06-30,Amador,005,37829,9303,9243,772,10015,87
2022-06-30,Butte,007,227075,36184,35846,8025,43871,436
2022-06-30,Calaveras,009,45235,7864,7836,422,8258,124
2022-06-30,Colusa,011,21464,3580,3566,1130,4696,22
2022-06-30,Contra Costa,013,1133247,227235,221545,17493,239038,1343
2022-06-30,Del Norte,015,27424,6677,6543,312,6855,53
2022-06-30,El Dorado,017,186661,29923,29764,3782,33546,217
2022-06-30,Fresno,019,978130,253088,247952,27058,275010,2783
2022-06-30,Glenn,021,27897,5248,5211,1737,6948,48
2022-06-30,Humboldt,023,135768,19590,19516,4017,23533,149
2022-06-30,Imperial,025,180216,59248,58768,11907,70675,944
2022-06-30,Inyo,027,18085,4286,4261,680,4941,56
2022-06-30,Kern,029,883053,203553,202502,51573,254075,2352
2022-06-30,Kings,031,150075,54445,54262,3673,57935,449
2022-06-30,Lake,033,64148,11657,11595,1020,12615,140
2022-06-30,Lassen,035,31185,9356,9336,930,10266,64
2022-06-30,Los Angeles,037,10098052,2993680,2969395,146912,3116307,32089
2022-06-30,Madera,039,155013,39899,39738,6814,46552,372
2022-06-30,Marin,041,260295,41045,40653,4623,45276,297
2022-06-30,Mariposa,043,17540,2797,2780,271,3051,30
2022-06-30,Mendocino,045,87422,14552,14464,3802,18266,127
2022-06-30,Merced,047,269075,66943,66093,9936,76029,832
2022-06-30,Modoc,049,8938,792,787,276,1063,8
2022-06-30,Mono,051,14174,3110,3099,189,3288,7
2022-06-30,Monterey,053,433212,86671,86212,17180,103392,744
2022-06-30,Napa,055,140530,29626,29486,1271,30757,145
2022-06-30,Nevada,057,99092,17657,17546,1495,19041,131
2022-06-30,Orange,059,3164182,607116,603511,51305,654816,7114
2022-06-30,Placer,061,380077,70173,69606,8606,78212,631
2022-06-30,Plumas,063,18699,3309,3294,401,3695,13
2022-06-30,Riverside,065,2383286,635765,632038,30758,662796,6502
2022-06-30,Sacramento,067,1510023,317170,315165,31108,346273,3100
2022-06-30,San Benito,069,59416,14601,14420,729,15149,100
2022-06-30,San Bernardino,071,2135413,613570,604093,26972,631065,7860
2022-06-30,San Diego,073,3302833,838441,834116,62159,896275,5341
2022-06-30,San Francisco,075,870044,160485,158871,10532,169403,910
2022-06-30,San Joaquin,077,732212,181724,180368,12042,192410,2256
2022-06-30,San Luis Obispo,079,281455,58506,58079,5645,63724,489
2022-06-30,San Mateo,081,765935,151542,149812,9432,159244,723
2022-06-30,Santa Barbara,083,443738,95714,95214,5626,100840,699
2022-06-30,Santa Clara,085,1922200,388990,381630,16634,398264,2355
2022-06-30,Santa Cruz,087,273765,56308,55757,2787,58544,267
2022-06-30,Shasta,089,179085,32474,32280,6538,38818,570
2022-06-30,Sierra,091,2930,288,283,57,340,4
2022-06-30,Siskiyou,093,43540,4810,4808,3007,7815,82
2022-06-30,Solano,095,438530,95520,94437,6825,101262,455
2022-06-30,Sonoma,097,501317,98051,97379,4402,101781,495
2022-06-30,Stanislaus,099,539301,126474,125788,19388,145176,1681
2022-06-30,Sutter,101,95872,22007,21935,2327,24262,228
2022-06-30,Tehama,103,63373,12697,12615,2740,15355,205
2022-06-30,Trinity,105,12862,1266,1256,306,1562,20
2022-06-30,Tulare,107,460477,112487,112118,30519,142637,1500
2022-06-30,Tuolumne,109,53932,14015,13886,750,14636,189
2022-06-30,Ventura,111,848112,190547,189493,12136,201629,1517
2022-06-30,Yolo,113,214977,44049,42760,3552,46312,324
2022-06-30,Yuba,115,75493,17233,17168,1461,18629,124
2022-06-29,Alameda,001,1643700,309947,305288,17149,322437,1895
2022-06-29,Alpine,002,1148,129,129,1,130,0
2022-06-29,Amador,005,37829,9296,9205,772,9977,87
2022-06-29,Butte,007,227075,36136,35651,8009,43660,434
2022-06-29,Calaveras,009,45235,7853,7798,419,8217,124
2022-06-29,Colusa,011,21464,3577,3548,1128,4676,22
2022-06-29,Contra Costa,013,1133247,226753,219921,17439,237360,1339
2022-06-29,Del Norte,015,27424,6651,6484,308,6792,53
2022-06-29,El Dorado,017,186661,29865,29549,3766,33315,216
2022-06-29,Fresno,019,978130,252695,246740,26992,273732,2777
2022-06-29,Glenn,021,27897,5247,5192,1735,6927,48
2022-06-29,Humboldt,023,135768,19564,19411,4007,23418,149
2022-06-29,Imperial,025,180216,59129,58498,11861,70359,944
2022-06-29,Inyo,027,18085,4282,4243,675,4918,56
2022-06-29,Kern,029,883053,203264,201537,51394,252931,2343
2022-06-29,Kings,031,150075,54355,54031,3671,57702,448
2022-06-29,Lake,033,64148,11630,11548,1016,12564,140
2022-06-29,Lassen,035,31185,9351,9310,930,10240,64
2022-06-29,Los Angeles,037,10098052,2988038,2955489,146318,3101807,32062
2022-06-29,Madera,039,155013,39848,39554,6805,46359,372
2022-06-29,Marin,041,260295,40941,40397,4617,45014,297
2022-06-29,Mariposa,043,17540,2795,2753,271,3024,30
2022-06-29,Mendocino,045,87422,14523,14383,3786,18169,127
2022-06-29,Merced,047,269075,66849,65733,9924,75657,830
2022-06-29,Modoc,049,8938,790,780,275,1055,8
2022-06-29,Mono,051,14174,3110,3081,187,3268,7
2022-06-29,Monterey,053,433212,86538,85711,17130,102841,743
2022-06-29,Napa,055,140530,29574,29285,1267,30552,144
2022-06-29,Nevada,057,99092,17623,17439,1491,18930,129
2022-06-29,Orange,059,3164182,605949,599951,51116,651067,7095
2022-06-29,Placer,061,380077,70037,69244,8597,77841,629
2022-06-29,Plumas,063,18699,3306,3267,399,3666,13
2022-06-29,Riverside,065,2383286,634705,629035,30690,659725,6493
2022-06-29,Sacramento,067,1510023,316574,313224,31063,344287,3082
2022-06-29,San Benito,069,59416,14564,14302,721,15023,100
2022-06-29,San Bernardino,071,2135413,612575,600960,26875,627835,7825
2022-06-29,San Diego,073,3302833,836713,828907,61925,890832,5336
2022-06-29,San Francisco,075,870044,159992,157419,10498,167917,902
2022-06-29,San Joaquin,077,732212,181428,179476,12004,191480,2252
2022-06-29,San Luis Obispo,079,281455,58371,57783,5607,63390,486
2022-06-29,San Mateo,081,765935,151155,148533,9412,157945,723
2022-06-29,Santa Barbara,083,443738,95563,94683,5615,100298,699
2022-06-29,Santa Clara,085,1922200,387995,378000,16574,394574,2348
2022-06-29,Santa Cruz,087,273765,56183,55432,2773,58205,266
2022-06-29,Shasta,089,179085,32427,32106,6522,38628,570
2022-06-29,Sierra,091,2930,286,283,57,340,4
2022-06-29,Siskiyou,093,43540,4804,4773,3007,7780,82
2022-06-29,Solano,095,438530,95285,92975,6806,99781,455
2022-06-29,Sonoma,097,501317,97866,96854,4390,101244,493
2022-06-29,Stanislaus,099,539301,126298,125189,19358,144547,1674
2022-06-29,Sutter,101,95872,21954,21836,2322,24158,227
2022-06-29,Tehama,103,63373,12678,12561,2739,15300,205
2022-06-29,Trinity,105,12862,1264,1245,305,1550,20
2022-06-29,Tulare,107,460477,112352,111707,30446,142153,1499
2022-06-29,Tuolumne,109,53932,13990,13779,734,14513,189
2022-06-29,Ventura,111,848112,190240,188519,12072,200591,1514
2022-06-29,Yolo,113,214977,43947,42410,3541,45951,323
2022-06-29,Yuba,115,75493,17204,17082,1459,18541,124
2022-06-28,Alameda,001,1643700,309099,305288,17113,322401,1895
2022-06-28,Alpine,002,1148,129,129,1,130,0
2022-06-28,Amador,005,37829,9291,9205,771,9976,87
2022-06-28,Butte,007,227075,36070,35651,7991,43642,434
2022-06-28,Calaveras,009,45235,7841,7798,419,8217,124
2022-06-28,Colusa,011,21464,3576,3548,1127,4675,22
2022-06-28,Contra Costa,013,1133247,226145,219921,17376,237297,1339
2022-06-28,Del Norte,015,27424,6614,6484,306,6790,53
2022-06-28,El Dorado,017,186661,29817,29549,3755,33304,216
2022-06-28,Fresno,019,978130,252259,246740,26935,273675,2777
2022-06-28,Glenn,021,27897,5239,5192,1730,6922,48
2022-06-28,Humboldt,023,135768,19544,19411,4000,23411,149
2022-06-28,Imperial,025,180216,59034,58498,11782,70280,944
2022-06-28,Inyo,027,18085,4275,4243,669,4912,56
2022-06-28,Kern,029,883053,202966,201537,51182,252719,2343
2022-06-28,Kings,031,150075,54274,54031,3666,57697,448
2022-06-28,Lake,033,64148,11619,11548,1014,12562,140
2022-06-28,Lassen,035,31185,9344,9310,930,10240,64
2022-06-28,Los Angeles,037,10098052,2982098,2955489,145708,3101197,32062
2022-06-28,Madera,039,155013,39789,39554,6788,46342,372
2022-06-28,Marin,041,260295,40833,40397,4610,45007,297
2022-06-28,Mariposa,043,17540,2787,2753,269,3022,30
2022-06-28,Mendocino,045,87422,14495,14383,3774,18157,127
2022-06-28,Merced,047,269075,66746,65733,9906,75639,830
2022-06-28,Modoc,049,8938,788,780,274,1054,8
2022-06-28,Mono,051,14174,3103,3081,185,3266,7
2022-06-28,Monterey,053,433212,86413,85711,17083,102794,743
2022-06-28,Napa,055,140530,29506,29285,1264,30549,144
2022-06-28,Nevada,057,99092,17592,17439,1486,18925,129
2022-06-28,Orange,059,3164182,604595,599951,50929,650880,7095
2022-06-28,Placer,061,380077,69877,69244,8577,77821,629
2022-06-28,Plumas,063,18699,3306,3267,398,3665,13
2022-06-28,Riverside,065,2383286,633505,629035,30643,659678,6493
2022-06-28,Sacramento,067,1510023,315899,313224,30998,344222,3082
2022-06-28,San Benito,069,59416,14525,14302,720,15022,100
2022-06-28,San Bernardino,071,2135413,611446,600960,26829,627789,7825
2022-06-28,San Diego,073,3302833,834854,828907,61684,890591,5336
2022-06-28,San Francisco,075,870044,159463,157419,10473,167892,902
2022-06-28,San Joaquin,077,732212,181118,179476,11968,191444,2252
2022-06-28,San Luis Obispo,079,281455,58252,57783,5570,63353,486
2022-06-28,San Mateo,081,765935,150691,148533,9387,157920,723
2022-06-28,Santa Barbara,083,443738,95393,94683,5598,100281,699
2022-06-28,Santa Clara,085,1922200,386873,378000,16516,394516,2348
2022-06-28,Santa Cruz,087,273765,56050,55432,2765,58197,266
2022-06-28,Shasta,089,179085,32380,32106,6509,38615,570
2022-06-28,Sierra,091,2930,286,283,57,340,4
2022-06-28,Siskiyou,093,43540,4798,4773,3001,7774,82
2022-06-28,Solano,095,438530,95010,92975,6788,99763,455
2022-06-28,Sonoma,097,501317,97656,96854,4374,101228,493
2022-06-28,Stanislaus,099,539301,126097,125189,19335,144524,1674
2022-06-28,Sutter,101,95872,21919,21836,2320,24156,227
2022-06-28,Tehama,103,63373,12658,12561,2735,15296,205
2022-06-28,Trinity,105,12862,1261,1245,303,1548,20
2022-06-28,Tulare,107,460477,112165,111707,30372,142079,1499
2022-06-28,Tuolumne,109,53932,13959,13779,728,14507,189
2022-06-28,Ventura,111,848112,189917,188519,11993,200512,1514
2022-06-28,Yolo,113,214977,43836,42410,3535,45945,323
2022-06-28,Yuba,115,75493,17168,17082,1455,18537,124
2022-06-27,Alameda,001,1643700,308159,305288,17058,322346,1895
2022-06-27,Alpine,002,1148,129,129,1,130,0
2022-06-27,Amador,005,37829,9276,9205,769,9974,87
2022-06-27,Butte,007,227075,36016,35651,7971,43622,434
2022-06-27,Calaveras,009,45235,7827,7798,419,8217,124
2022-06-27,Colusa,011,21464,3572,3548,1125,4673,22
2022-06-27,Contra Costa,013,1133247,225465,219921,17312,237233,1339
2022-06-27,Del Norte,015,27424,6593,6484,300,6784,53
2022-06-27,El Dorado,017,186661,29752,29549,3737,33286,216
2022-06-27,Fresno,019,978130,251786,246740,26865,273605,2777
2022-06-27,Glenn,021,27897,5233,5192,1723,6915,48
2022-06-27,Humboldt,023,135768,19509,19411,3988,23399,149
2022-06-27,Imperial,025,180216,58896,58498,11716,70214,944
2022-06-27,Inyo,027,18085,4265,4243,660,4903,56
2022-06-27,Kern,029,883053,202600,201537,50975,252512,2343
2022-06-27,Kings,031,150075,54187,54031,3663,57694,448
2022-06-27,Lake,033,64148,11600,11548,1009,12557,140
2022-06-27,Lassen,035,31185,9335,9310,930,10240,64
2022-06-27,Los Angeles,037,10098052,2975895,2955489,145142,3100631,32062
2022-06-27,Madera,039,155013,39724,39554,6776,46330,372
2022-06-27,Marin,041,260295,40726,40397,4597,44994,297
2022-06-27,Mariposa,043,17540,2778,2753,267,3020,30
2022-06-27,Mendocino,045,87422,14465,14383,3768,18151,127
2022-06-27,Merced,047,269075,66637,65733,9871,75604,830
2022-06-27,Modoc,049,8938,783,780,273,1053,8
2022-06-27,Mono,051,14174,3102,3081,185,3266,7
2022-06-27,Monterey,053,433212,86262,85711,17022,102733,743
2022-06-27,Napa,055,140530,29437,29285,1261,30546,144
2022-06-27,Nevada,057,99092,17562,17439,1472,18911,129
2022-06-27,Orange,059,3164182,603228,599951,50706,650657,7095
2022-06-27,Placer,061,380077,69762,69244,8552,77796,629
2022-06-27,Plumas,063,18699,3301,3267,397,3664,13
2022-06-27,Riverside,065,2383286,632352,629035,30577,659612,6493
2022-06-27,Sacramento,067,1510023,315173,313224,30942,344166,3082
2022-06-27,San Benito,069,59416,14470,14302,717,15019,100
2022-06-27,San Bernardino,071,2135413,610336,600960,26782,627742,7825
2022-06-27,San Diego,073,3302833,832932,828907,61454,890361,5336
2022-06-27,San Francisco,075,870044,158910,157419,10447,167866,902
2022-06-27,San Joaquin,077,732212,180773,179476,11926,191402,2252
2022-06-27,San Luis Obispo,079,281455,58137,57783,5533,63316,486
2022-06-27,San Mateo,081,765935,150213,148533,9353,157886,723
2022-06-27,Santa Barbara,083,443738,95206,94683,5584,100267,699
2022-06-27,Santa Clara,085,1922200,385448,378000,16462,394462,2348
2022-06-27,Santa Cruz,087,273765,55880,55432,2757,58189,266
2022-06-27,Shasta,089,179085,32319,32106,6491,38597,570
2022-06-27,Sierra,091,2930,286,283,57,340,4
2022-06-27,Siskiyou,093,43540,4788,4773,2994,7767,82
2022-06-27,Solano,095,438530,94699,92975,6756,99731,455
2022-06-27,Sonoma,097,501317,97463,96854,4355,101209,493
2022-06-27,Stanislaus,099,539301,125871,125189,19314,144503,1674
2022-06-27,Sutter,101,95872,21879,21836,2317,24153,227
2022-06-27,Tehama,103,63373,12636,12561,2733,15294,205
2022-06-27,Trinity,105,12862,1259,1245,301,1546,20
2022-06-27,Tulare,107,460477,111989,111707,30285,141992,1499
2022-06-27,Tuolumne,109,53932,13924,13779,720,14499,189
2022-06-27,Ventura,111,848112,189537,188519,11931,200450,1514
2022-06-27,Yolo,113,214977,43710,42410,3527,45937,323
2022-06-27,Yuba,115,75493,17140,17082,1452,18534,124
2022-06-26,Alameda,001,1643700,307078,302071,17003,319074,1891
2022-06-26,Alpine,002,1148,129,129,1,130,0
2022-06-26,Amador,005,37829,9237,9135,767,9902,87
2022-06-26,Butte,007,227075,35943,35406,7946,43352,433
2022-06-26,Calaveras,009,45235,7812,7754,416,8170,124
2022-06-26,Colusa,011,21464,3563,3540,1121,4661,22
2022-06-26,Contra Costa,013,1133247,224838,218053,17228,235281,1335
2022-06-26,Del Norte,015,27424,6571,6398,296,6694,52
2022-06-26,El Dorado,017,186661,29669,29313,3712,33025,216
2022-06-26,Fresno,019,978130,251246,245118,26799,271917,2777
2022-06-26,Glenn,021,27897,5228,5178,1720,6898,48
2022-06-26,Humboldt,023,135768,19474,19234,3977,23211,149
2022-06-26,Imperial,025,180216,58748,58127,11621,69748,944
2022-06-26,Inyo,027,18085,4254,4228,647,4875,56
2022-06-26,Kern,029,883053,202291,200556,50773,251329,2344
2022-06-26,Kings,031,150075,54079,53783,3659,57442,448
2022-06-26,Lake,033,64148,11581,11471,1007,12478,140
2022-06-26,Lassen,035,31185,9326,9287,930,10217,64
2022-06-26,Los Angeles,037,10098052,2969304,2936815,144499,3081314,32036
2022-06-26,Madera,039,155013,39655,39319,6756,46075,372
2022-06-26,Marin,041,260295,40605,39979,4576,44555,297
2022-06-26,Mariposa,043,17540,2770,2713,267,2980,30
2022-06-26,Mendocino,045,87422,14436,14292,3741,18033,127
2022-06-26,Merced,047,269075,66506,65408,9844,75252,828
2022-06-26,Modoc,049,8938,782,777,271,1048,8
2022-06-26,Mono,051,14174,3092,3076,185,3261,7
2022-06-26,Monterey,053,433212,86087,85275,16961,102236,743
2022-06-26,Napa,055,140530,29357,29054,1258,30312,144
2022-06-26,Nevada,057,99092,17518,17339,1468,18807,129
2022-06-26,Orange,059,3164182,601736,595761,50493,646254,7090
2022-06-26,Placer,061,380077,69633,68785,8523,77308,628
2022-06-26,Plumas,063,18699,3289,3241,397,3638,13
2022-06-26,Riverside,065,2383286,631125,625794,30520,656314,6493
2022-06-26,Sacramento,067,1510023,314349,310837,30875,341712,3077
2022-06-26,San Benito,069,59416,14425,14192,714,14906,99
2022-06-26,San Bernardino,071,2135413,609125,598062,26723,624785,7803
2022-06-26,San Diego,073,3302833,830748,822848,61282,884130,5332
2022-06-26,San Francisco,075,870044,158279,155609,10395,166004,899
2022-06-26,San Joaquin,077,732212,180395,178447,11881,190328,2252
2022-06-26,San Luis Obispo,079,281455,58002,57472,5482,62954,485
2022-06-26,San Mateo,081,765935,149695,146955,9323,156278,723
2022-06-26,Santa Barbara,083,443738,94998,94017,5556,99573,699
2022-06-26,Santa Clara,085,1922200,384064,373961,16381,390342,2338
2022-06-26,Santa Cruz,087,273765,55723,54874,2748,57622,265
2022-06-26,Shasta,089,179085,32236,31921,6473,38394,570
2022-06-26,Sierra,091,2930,285,283,57,340,4
2022-06-26,Siskiyou,093,43540,4770,4744,2987,7731,81
2022-06-26,Solano,095,438530,94426,92248,6718,98966,455
2022-06-26,Sonoma,097,501317,97228,95981,4319,100300,493
2022-06-26,Stanislaus,099,539301,125670,124493,19285,143778,1672
2022-06-26,Sutter,101,95872,21839,21733,2316,24049,227
2022-06-26,Tehama,103,63373,12619,12510,2727,15237,205
2022-06-26,Trinity,105,12862,1254,1233,299,1532,20
2022-06-26,Tulare,107,460477,111809,111188,30204,141392,1496
2022-06-26,Tuolumne,109,53932,13896,13688,713,14401,189
2022-06-26,Ventura,111,848112,189142,187389,11852,199241,1514
2022-06-26,Yolo,113,214977,43595,41932,3513,45445,323
2022-06-26,Yuba,115,75493,17103,16994,1443,18437,124
2022-06-25,Alameda,001,1643700,306607,302071,16988,319059,1891
2022-06-25,Alpine,002,1148,129,129,1,130,0
2022-06-25,Amador,005,37829,9227,9135,766,9901,87
2022-06-25,Butte,007,227075,35904,35406,7924,43330,433
2022-06-25,Calaveras,009,45235,7803,7754,416,8170,124
2022-06-25,Colusa,011,21464,3558,3540,1121,4661,22
2022-06-25,Contra Costa,013,1133247,224478,218053,17185,235238,1335
2022-06-25,Del Norte,015,27424,6557,6398,293,6691,52
2022-06-25,El Dorado,017,186661,29630,29313,3706,33019,216
2022-06-25,Fresno,019,978130,251013,245118,26773,271891,2777
2022-06-25,Glenn,021,27897,5223,5178,1718,6896,48
2022-06-25,Humboldt,023,135768,19453,19234,3966,23200,149
2022-06-25,Imperial,025,180216,58666,58127,11590,69717,944
2022-06-25,Inyo,027,18085,4252,4228,643,4871,56
2022-06-25,Kern,029,883053,202132,200556,50668,251224,2344
2022-06-25,Kings,031,150075,54041,53783,3659,57442,448
2022-06-25,Lake,033,64148,11572,11471,1006,12477,140
2022-06-25,Lassen,035,31185,9320,9287,928,10215,64
2022-06-25,Los Angeles,037,10098052,2966289,2936815,144116,3080931,32036
2022-06-25,Madera,039,155013,39622,39319,6753,46072,372
2022-06-25,Marin,041,260295,40552,39979,4569,44548,297
2022-06-25,Mariposa,043,17540,2768,2713,267,2980,30
2022-06-25,Mendocino,045,87422,14424,14292,3736,18028,127
2022-06-25,Merced,047,269075,66429,65408,9841,75249,828
2022-06-25,Modoc,049,8938,782,777,271,1048,8
2022-06-25,Mono,051,14174,3087,3076,185,3261,7
2022-06-25,Monterey,053,433212,85986,85275,16932,102207,743
2022-06-25,Napa,055,140530,29326,29054,1254,30308,144
2022-06-25,Nevada,057,99092,17494,17339,1464,18803,129
2022-06-25,Orange,059,3164182,601035,595761,50351,646112,7090
2022-06-25,Placer,061,380077,69534,68785,8503,77288,628
2022-06-25,Plumas,063,18699,3285,3241,397,3638,13
2022-06-25,Riverside,065,2383286,630480,625794,30478,656272,6493
2022-06-25,Sacramento,067,1510023,314038,310837,30847,341684,3077
2022-06-25,San Benito,069,59416,14400,14192,713,14905,99
2022-06-25,San Bernardino,071,2135413,608524,598062,26695,624757,7803
2022-06-25,San Diego,073,3302833,829841,822848,61218,884066,5332
2022-06-25,San Francisco,075,870044,157984,155609,10377,165986,899
2022-06-25,San Joaquin,077,732212,180245,178447,11866,190313,2252
2022-06-25,San Luis Obispo,079,281455,57931,57472,5472,62944,485
2022-06-25,San Mateo,081,765935,149419,146955,9302,156257,723
2022-06-25,Santa Barbara,083,443738,94855,94017,5543,99560,699
2022-06-25,Santa Clara,085,1922200,383209,373961,16353,390314,2338
2022-06-25,Santa Cruz,087,273765,55653,54874,2745,57619,265
2022-06-25,Shasta,089,179085,32200,31921,6459,38380,570
2022-06-25,Sierra,091,2930,285,283,57,340,4
2022-06-25,Siskiyou,093,43540,4767,4744,2984,7728,81
2022-06-25,Solano,095,438530,94341,92248,6697,98945,455
2022-06-25,Sonoma,097,501317,97117,95981,4308,100289,493
2022-06-25,Stanislaus,099,539301,125540,124493,19266,143759,1672
2022-06-25,Sutter,101,95872,21818,21733,2315,24048,227
2022-06-25,Tehama,103,63373,12607,12510,2722,15232,205
2022-06-25,Trinity,105,12862,1253,1233,297,1530,20
2022-06-25,Tulare,107,460477,111727,111188,30166,141354,1496
2022-06-25,Tuolumne,109,53932,13877,13688,710,14398,189
2022-06-25,Ventura,111,848112,188934,187389,11823,199212,1514
2022-06-25,Yolo,113,214977,43530,41932,3507,45439,323
2022-06-25,Yuba,115,75493,17082,16994,1442,18436,124
2022-06-24,Alameda,001,1643700,306031,302071,16954,319025,1891
2022-06-24,Alpine,002,1148,129,129,1,130,0
2022-06-24,Amador,005,37829,9220,9135,764,9899,87
2022-06-24,Butte,007,227075,35874,35406,7910,43316,433
2022-06-24,Calaveras,009,45235,7798,7754,415,8169,124
2022-06-24,Colusa,011,21464,3557,3540,1118,4658,22
2022-06-24,Contra Costa,013,1133247,224137,218053,17158,235211,1335
2022-06-24,Del Norte,015,27424,6546,6398,291,6689,52
2022-06-24,El Dorado,017,186661,29587,29313,3702,33015,216
2022-06-24,Fresno,019,978130,250722,245118,26737,271855,2777
2022-06-24,Glenn,021,27897,5221,5178,1718,6896,48
2022-06-24,Humboldt,023,135768,19422,19234,3961,23195,149
2022-06-24,Imperial,025,180216,58594,58127,11560,69687,944
2022-06-24,Inyo,027,18085,4250,4228,639,4867,56
2022-06-24,Kern,029,883053,201957,200556,50572,251128,2344
2022-06-24,Kings,031,150075,53997,53783,3655,57438,448
2022-06-24,Lake,033,64148,11561,11471,1006,12477,140
2022-06-24,Lassen,035,31185,9317,9287,927,10214,64
2022-06-24,Los Angeles,037,10098052,2963003,2936815,143790,3080605,32036
2022-06-24,Madera,039,155013,39576,39319,6747,46066,372
2022-06-24,Marin,041,260295,40476,39979,4557,44536,297
2022-06-24,Mariposa,043,17540,2761,2713,267,2980,30
2022-06-24,Mendocino,045,87422,14415,14292,3733,18025,127
2022-06-24,Merced,047,269075,66391,65408,9832,75240,828
2022-06-24,Modoc,049,8938,782,777,271,1048,8
2022-06-24,Mono,051,14174,3083,3076,184,3260,7
2022-06-24,Monterey,053,433212,85905,85275,16906,102181,743
2022-06-24,Napa,055,140530,29298,29054,1253,30307,144
2022-06-24,Nevada,057,99092,17478,17339,1458,18797,129
2022-06-24,Orange,059,3164182,600346,595761,50205,645966,7090
2022-06-24,Placer,061,380077,69457,68785,8489,77274,628
2022-06-24,Plumas,063,18699,3281,3241,397,3638,13
2022-06-24,Riverside,065,2383286,629833,625794,30434,656228,6493
2022-06-24,Sacramento,067,1510023,313642,310837,30824,341661,3077
2022-06-24,San Benito,069,59416,14387,14192,711,14903,99
2022-06-24,San Bernardino,071,2135413,607936,598062,26670,624732,7803
2022-06-24,San Diego,073,3302833,828803,822848,61136,883984,5332
2022-06-24,San Francisco,075,870044,157672,155609,10350,165959,899
2022-06-24,San Joaquin,077,732212,180067,178447,11840,190287,2252
2022-06-24,San Luis Obispo,079,281455,57886,57472,5467,62939,485
2022-06-24,San Mateo,081,765935,149083,146955,9289,156244,723
2022-06-24,Santa Barbara,083,443738,94724,94017,5540,99557,699
2022-06-24,Santa Clara,085,1922200,382376,373961,16300,390261,2338
2022-06-24,Santa Cruz,087,273765,55552,54874,2734,57608,265
2022-06-24,Shasta,089,179085,32170,31921,6450,38371,570
2022-06-24,Sierra,091,2930,285,283,57,340,4
2022-06-24,Siskiyou,093,43540,4759,4744,2983,7727,81
2022-06-24,Solano,095,438530,94189,92248,6683,98931,455
2022-06-24,Sonoma,097,501317,96977,95981,4291,100272,493
2022-06-24,Stanislaus,099,539301,125415,124493,19244,143737,1672
2022-06-24,Sutter,101,95872,21803,21733,2314,24047,227
2022-06-24,Tehama,103,63373,12592,12510,2716,15226,205
2022-06-24,Trinity,105,12862,1250,1233,297,1530,20
2022-06-24,Tulare,107,460477,111626,111188,30108,141296,1496
2022-06-24,Tuolumne,109,53932,13858,13688,704,14392,189
2022-06-24,Ventura,111,848112,188707,187389,11794,199183,1514
2022-06-24,Yolo,113,214977,43437,41932,3498,45430,323
2022-06-24,Yuba,115,75493,17064,16994,1442,18436,124
2022-06-23,Alameda,001,1643700,305208,302071,16893,318964,1891
2022-06-23,Alpine,002,1148,129,129,1,130,0
2022-06-23,Amador,005,37829,9211,9135,763,9898,87
2022-06-23,Butte,007,227075,35814,35406,7891,43297,433
2022-06-23,Calaveras,009,45235,7787,7754,414,8168,124
2022-06-23,Colusa,011,21464,3550,3540,1116,4656,22
2022-06-23,Contra Costa,013,1133247,223626,218053,17063,235116,1335
2022-06-23,Del Norte,015,27424,6514,6398,289,6687,52
2022-06-23,El Dorado,017,186661,29530,29313,3690,33003,216
2022-06-23,Fresno,019,978130,250311,245118,26675,271793,2777
2022-06-23,Glenn,021,27897,5218,5178,1709,6887,48
2022-06-23,Humboldt,023,135768,19400,19234,3957,23191,149
2022-06-23,Imperial,025,180216,58520,58127,11507,69634,944
2022-06-23,Inyo,027,18085,4247,4228,636,4864,56
2022-06-23,Kern,029,883053,201673,200556,50421,250977,2344
2022-06-23,Kings,031,150075,53937,53783,3652,57435,448
2022-06-23,Lake,033,64148,11540,11471,1006,12477,140
2022-06-23,Lassen,035,31185,9307,9287,926,10213,64
2022-06-23,Los Angeles,037,10098052,2958333,2936815,143248,3080063,32036
2022-06-23,Madera,039,155013,39513,39319,6732,46051,372
2022-06-23,Marin,041,260295,40362,39979,4533,44512,297
2022-06-23,Mariposa,043,17540,2749,2713,267,2980,30
2022-06-23,Mendocino,045,87422,14386,14292,3729,18021,127
2022-06-23,Merced,047,269075,66313,65408,9816,75224,828
2022-06-23,Modoc,049,8938,781,777,271,1048,8
2022-06-23,Mono,051,14174,3081,3076,183,3259,7
2022-06-23,Monterey,053,433212,85759,85275,16853,102128,743
2022-06-23,Napa,055,140530,29241,29054,1252,30306,144
2022-06-23,Nevada,057,99092,17445,17339,1458,18797,129
2022-06-23,Orange,059,3164182,599332,595761,50019,645780,7090
2022-06-23,Placer,061,380077,69317,68785,8466,77251,628
2022-06-23,Plumas,063,18699,3276,3241,395,3636,13
2022-06-23,Riverside,065,2383286,628911,625794,30385,656179,6493
2022-06-23,Sacramento,067,1510023,313038,310837,30778,341615,3077
2022-06-23,San Benito,069,59416,14356,14192,709,14901,99
2022-06-23,San Bernardino,071,2135413,607140,598062,26636,624698,7803
2022-06-23,San Diego,073,3302833,827333,822848,60937,883785,5332
2022-06-23,San Francisco,075,870044,157212,155609,10318,165927,899
2022-06-23,San Joaquin,077,732212,179789,178447,11813,190260,2252
2022-06-23,San Luis Obispo,079,281455,57797,57472,5435,62907,485
2022-06-23,San Mateo,081,765935,148734,146955,9254,156209,723
2022-06-23,Santa Barbara,083,443738,94558,94017,5512,99529,699
2022-06-23,Santa Clara,085,1922200,381379,373961,16252,390213,2338
2022-06-23,Santa Cruz,087,273765,55441,54874,2722,57596,265
2022-06-23,Shasta,089,179085,32128,31921,6438,38359,570
2022-06-23,Sierra,091,2930,284,283,57,340,4
2022-06-23,Siskiyou,093,43540,4753,4744,2976,7720,81
2022-06-23,Solano,095,438530,93939,92248,6641,98889,455
2022-06-23,Sonoma,097,501317,96781,95981,4271,100252,493
2022-06-23,Stanislaus,099,539301,125235,124493,19213,143706,1672
2022-06-23,Sutter,101,95872,21769,21733,2314,24047,227
2022-06-23,Tehama,103,63373,12583,12510,2713,15223,205
2022-06-23,Trinity,105,12862,1248,1233,297,1530,20
2022-06-23,Tulare,107,460477,111499,111188,30039,141227,1496
2022-06-23,Tuolumne,109,53932,13831,13688,692,14380,189
2022-06-23,Ventura,111,848112,188411,187389,11757,199146,1514
2022-06-23,Yolo,113,214977,43332,41932,3487,45419,323
2022-06-23,Yuba,115,75493,17043,16994,1436,18430,124
2022-06-22,Alameda,001,1643700,304382,299567,16834,316401,1888
2022-06-22,Alpine,002,1148,129,129,1,130,0
2022-06-22,Amador,005,37829,9205,9049,762,9811,87
2022-06-22,Butte,007,227075,35748,35203,7873,43076,433
2022-06-22,Calaveras,009,45235,7775,7716,414,8130,122
2022-06-22,Colusa,011,21464,3547,3529,1116,4645,21
2022-06-22,Contra Costa,013,1133247,223104,216355,17008,233363,1328
2022-06-22,Del Norte,015,27424,6496,6367,288,6655,52
2022-06-22,El Dorado,017,186661,29467,29139,3677,32816,215
2022-06-22,Fresno,019,978130,249888,244129,26620,270749,2772
2022-06-22,Glenn,021,27897,5216,5161,1704,6865,48
2022-06-22,Humboldt,023,135768,19348,19111,3937,23048,148
2022-06-22,Imperial,025,180216,58419,57866,11473,69339,944
2022-06-22,Inyo,027,18085,4242,4222,635,4857,56
2022-06-22,Kern,029,883053,201400,199721,50287,250008,2341
2022-06-22,Kings,031,150075,53873,53568,3648,57216,448
2022-06-22,Lake,033,64148,11523,11426,1000,12426,140
2022-06-22,Lassen,035,31185,9299,9259,924,10183,64
2022-06-22,Los Angeles,037,10098052,2953369,2925667,142783,3068450,32015
2022-06-22,Madera,039,155013,39456,39139,6713,45852,372
2022-06-22,Marin,041,260295,40259,39687,4527,44214,297
2022-06-22,Mariposa,043,17540,2743,2695,264,2959,30
2022-06-22,Mendocino,045,87422,14370,14201,3708,17909,127
2022-06-22,Merced,047,269075,66216,65120,9792,74912,827
2022-06-22,Modoc,049,8938,780,773,267,1040,8
2022-06-22,Mono,051,14174,3080,3073,181,3254,7
2022-06-22,Monterey,053,433212,85632,84752,16810,101562,742
2022-06-22,Napa,055,140530,29171,28894,1248,30142,144
2022-06-22,Nevada,057,99092,17426,17280,1448,18728,129
2022-06-22,Orange,059,3164182,598139,592215,49826,642041,7084
2022-06-22,Placer,061,380077,69202,68447,8455,76902,628
2022-06-22,Plumas,063,18699,3266,3220,395,3615,13
2022-06-22,Riverside,065,2383286,628060,623584,30329,653913,6491
2022-06-22,Sacramento,067,1510023,312410,309105,30743,339848,3071
2022-06-22,San Benito,069,59416,14331,14128,706,14834,99
2022-06-22,San Bernardino,071,2135413,606341,595517,26606,622123,7774
2022-06-22,San Diego,073,3302833,825728,815124,60748,875872,5318
2022-06-22,San Francisco,075,870044,156733,154213,10288,164501,897
2022-06-22,San Joaquin,077,732212,179526,177637,11788,189425,2251
2022-06-22,San Luis Obispo,079,281455,57707,57177,5400,62577,485
2022-06-22,San Mateo,081,765935,148324,145781,9231,155012,723
2022-06-22,Santa Barbara,083,443738,94410,93576,5498,99074,700
2022-06-22,Santa Clara,085,1922200,380277,370678,16142,386820,2340
2022-06-22,Santa Cruz,087,273765,55322,54525,2709,57234,265
2022-06-22,Shasta,089,179085,32083,31786,6423,38209,570
2022-06-22,Sierra,091,2930,284,283,57,340,4
2022-06-22,Siskiyou,093,43540,4746,4711,2973,7684,81
2022-06-22,Solano,095,438530,93680,91528,6575,98103,454
2022-06-22,Sonoma,097,501317,96571,95363,4250,99613,493
2022-06-22,Stanislaus,099,539301,125038,124023,19156,143179,1670
2022-06-22,Sutter,101,95872,21737,21649,2313,23962,227
2022-06-22,Tehama,103,63373,12572,12465,2711,15176,205
2022-06-22,Trinity,105,12862,1246,1223,297,1520,20
2022-06-22,Tulare,107,460477,111364,110768,29959,140727,1496
2022-06-22,Tuolumne,109,53932,13812,13596,686,14282,189
2022-06-22,Ventura,111,848112,188106,186601,11705,198306,1514
2022-06-22,Yolo,113,214977,43210,41689,3476,45165,323
2022-06-22,Yuba,115,75493,17023,16912,1432,18344,124
2022-06-21,Alameda,001,1643700,303583,299567,16797,316364,1888
2022-06-21,Alpine,002,1148,129,129,1,130,0
2022-06-21,Amador,005,37829,9198,9049,759,9808,87
2022-06-21,Butte,007,227075,35676,35203,7861,43064,433
2022-06-21,Calaveras,009,45235,7766,7716,413,8129,122
2022-06-21,Colusa,011,21464,3545,3529,1114,4643,21
2022-06-21,Contra Costa,013,1133247,222540,216355,16959,233314,1328
2022-06-21,Del Norte,015,27424,6465,6367,286,6653,52
2022-06-21,El Dorado,017,186661,29395,29139,3670,32809,215
2022-06-21,Fresno,019,978130,249450,244129,26553,270682,2772
2022-06-21,Glenn,021,27897,5209,5161,1702,6863,48
2022-06-21,Humboldt,023,135768,19296,19111,3924,23035,148
2022-06-21,Imperial,025,180216,58324,57866,11438,69304,944
2022-06-21,Inyo,027,18085,4237,4222,629,4851,56
2022-06-21,Kern,029,883053,201078,199721,50104,249825,2341
2022-06-21,Kings,031,150075,53798,53568,3647,57215,448
2022-06-21,Lake,033,64148,11500,11426,997,12423,140
2022-06-21,Lassen,035,31185,9289,9259,921,10180,64
2022-06-21,Los Angeles,037,10098052,2948545,2925667,142274,3067941,32015
2022-06-21,Madera,039,155013,39372,39139,6702,45841,372
2022-06-21,Marin,041,260295,40169,39687,4515,44202,297
2022-06-21,Mariposa,043,17540,2737,2695,263,2958,30
2022-06-21,Mendocino,045,87422,14341,14201,3699,17900,127
2022-06-21,Merced,047,269075,66116,65120,9759,74879,827
2022-06-21,Modoc,049,8938,777,773,266,1039,8
2022-06-21,Mono,051,14174,3078,3073,180,3253,7
2022-06-21,Monterey,053,433212,85476,84752,16768,101520,742
2022-06-21,Napa,055,140530,29118,28894,1247,30141,144
2022-06-21,Nevada,057,99092,17398,17280,1445,18725,129
2022-06-21,Orange,059,3164182,596947,592215,49676,641891,7084
2022-06-21,Placer,061,380077,69074,68447,8442,76889,628
2022-06-21,Plumas,063,18699,3257,3220,394,3614,13
2022-06-21,Riverside,065,2383286,627097,623584,30269,653853,6491
2022-06-21,Sacramento,067,1510023,311716,309105,30695,339800,3071
2022-06-21,San Benito,069,59416,14295,14128,703,14831,99
2022-06-21,San Bernardino,071,2135413,605515,595517,26559,622076,7774
2022-06-21,San Diego,073,3302833,824048,815124,60545,875669,5318
2022-06-21,San Francisco,075,870044,156256,154213,10257,164470,897
2022-06-21,San Joaquin,077,732212,179207,177637,11758,189395,2251
2022-06-21,San Luis Obispo,079,281455,57596,57177,5355,62532,485
2022-06-21,San Mateo,081,765935,147831,145781,9211,154992,723
2022-06-21,Santa Barbara,083,443738,94243,93576,5484,99060,700
2022-06-21,Santa Clara,085,1922200,379111,370678,16093,386771,2340
2022-06-21,Santa Cruz,087,273765,55192,54525,2701,57226,265
2022-06-21,Shasta,089,179085,32037,31786,6405,38191,570
2022-06-21,Sierra,091,2930,284,283,57,340,4
2022-06-21,Siskiyou,093,43540,4738,4711,2965,7676,81
2022-06-21,Solano,095,438530,93417,91528,6557,98085,454
2022-06-21,Sonoma,097,501317,96334,95363,4226,99589,493
2022-06-21,Stanislaus,099,539301,124846,124023,19126,143149,1670
2022-06-21,Sutter,101,95872,21713,21649,2311,23960,227
2022-06-21,Tehama,103,63373,12558,12465,2711,15176,205
2022-06-21,Trinity,105,12862,1240,1223,297,1520,20
2022-06-21,Tulare,107,460477,111225,110768,29900,140668,1496
2022-06-21,Tuolumne,109,53932,13788,13596,680,14276,189
2022-06-21,Ventura,111,848112,187783,186601,11650,198251,1514
2022-06-21,Yolo,113,214977,43078,41689,3464,45153,323
2022-06-21,Yuba,115,75493,16994,16912,1431,18343,124
2022-06-20,Alameda,001,1643700,302683,299567,16735,316302,1888
2022-06-20,Alpine,002,1148,129,129,1,130,0
2022-06-20,Amador,005,37829,9188,9049,757,9806,87
2022-06-20,Butte,007,227075,35606,35203,7847,43050,433
2022-06-20,Calaveras,009,45235,7758,7716,413,8129,122
2022-06-20,Colusa,011,21464,3544,3529,1113,4642,21
2022-06-20,Contra Costa,013,1133247,221938,216355,16891,233246,1328
2022-06-20,Del Norte,015,27424,6453,6367,282,6649,52
2022-06-20,El Dorado,017,186661,29325,29139,3651,32790,215
2022-06-20,Fresno,019,978130,248959,244129,26488,270617,2772
2022-06-20,Glenn,021,27897,5205,5161,1699,6860,48
2022-06-20,Humboldt,023,135768,19248,19111,3907,23018,148
2022-06-20,Imperial,025,180216,58191,57866,11403,69269,944
2022-06-20,Inyo,027,18085,4233,4222,624,4846,56
2022-06-20,Kern,029,883053,200781,199721,49956,249677,2341
2022-06-20,Kings,031,150075,53717,53568,3645,57213,448
2022-06-20,Lake,033,64148,11478,11426,995,12421,140
2022-06-20,Lassen,035,31185,9284,9259,920,10179,64
2022-06-20,Los Angeles,037,10098052,2943135,2925667,141792,3067459,32015
2022-06-20,Madera,039,155013,39310,39139,6684,45823,372
2022-06-20,Marin,041,260295,40066,39687,4492,44179,297
2022-06-20,Mariposa,043,17540,2723,2695,263,2958,30
2022-06-20,Mendocino,045,87422,14312,14201,3694,17895,127
2022-06-20,Merced,047,269075,66023,65120,9733,74853,827
2022-06-20,Modoc,049,8938,776,773,265,1038,8
2022-06-20,Mono,051,14174,3077,3073,177,3250,7
2022-06-20,Monterey,053,433212,85327,84752,16704,101456,742
2022-06-20,Napa,055,140530,29046,28894,1244,30138,144
2022-06-20,Nevada,057,99092,17373,17280,1436,18716,129
2022-06-20,Orange,059,3164182,595677,592215,49514,641729,7084
2022-06-20,Placer,061,380077,68954,68447,8424,76871,628
2022-06-20,Plumas,063,18699,3251,3220,394,3614,13
2022-06-20,Riverside,065,2383286,626157,623584,30201,653785,6491
2022-06-20,Sacramento,067,1510023,311009,309105,30618,339723,3071
2022-06-20,San Benito,069,59416,14249,14128,697,14825,99
2022-06-20,San Bernardino,071,2135413,604613,595517,26521,622038,7774
2022-06-20,San Diego,073,3302833,822060,815124,60291,875415,5318
2022-06-20,San Francisco,075,870044,155641,154213,10218,164431,897
2022-06-20,San Joaquin,077,732212,178880,177637,11712,189349,2251
2022-06-20,San Luis Obispo,079,281455,57492,57177,5307,62484,485
2022-06-20,San Mateo,081,765935,147323,145781,9186,154967,723
2022-06-20,Santa Barbara,083,443738,94058,93576,5459,99035,700
2022-06-20,Santa Clara,085,1922200,377906,370678,16032,386710,2340
2022-06-20,Santa Cruz,087,273765,55019,54525,2694,57219,265
2022-06-20,Shasta,089,179085,31980,31786,6393,38179,570
2022-06-20,Sierra,091,2930,284,283,56,339,4
2022-06-20,Siskiyou,093,43540,4725,4711,2953,7664,81
2022-06-20,Solano,095,438530,93085,91528,6535,98063,454
2022-06-20,Sonoma,097,501317,96095,95363,4200,99563,493
2022-06-20,Stanislaus,099,539301,124659,124023,19097,143120,1670
2022-06-20,Sutter,101,95872,21682,21649,2293,23942,227
2022-06-20,Tehama,103,63373,12543,12465,2708,15173,205
2022-06-20,Trinity,105,12862,1235,1223,297,1520,20
2022-06-20,Tulare,107,460477,111080,110768,29838,140606,1496
2022-06-20,Tuolumne,109,53932,13752,13596,680,14276,189
2022-06-20,Ventura,111,848112,187447,186601,11610,198211,1514
2022-06-20,Yolo,113,214977,42916,41689,3446,45135,323
2022-06-20,Yuba,115,75493,16968,16912,1425,18337,124
2022-06-19,Alameda,001,1643700,301761,296062,16704,312766,1883
2022-06-19,Alpine,002,1148,129,129,1,130,0
2022-06-19,Amador,005,37829,9138,8985,744,9729,87
2022-06-19,Butte,007,227075,35545,34920,7824,42744,432
2022-06-19,Calaveras,009,45235,7740,7664,412,8076,122
2022-06-19,Colusa,011,21464,3540,3519,1109,4628,21
2022-06-19,Contra Costa,013,1133247,221250,213994,16826,230820,1323
2022-06-19,Del Norte,015,27424,6436,6307,279,6586,52
2022-06-19,El Dorado,017,186661,29244,28904,3636,32540,215
2022-06-19,Fresno,019,978130,248508,242214,26419,268633,2768
2022-06-19,Glenn,021,27897,5196,5131,1697,6828,48
2022-06-19,Humboldt,023,135768,19202,18885,3882,22767,148
2022-06-19,Imperial,025,180216,58068,57450,11370,68820,944
2022-06-19,Inyo,027,18085,4232,4209,623,4832,56
2022-06-19,Kern,029,883053,200414,198567,49783,248350,2340
2022-06-19,Kings,031,150075,53623,53242,3642,56884,448
2022-06-19,Lake,033,64148,11464,11318,994,12312,140
2022-06-19,Lassen,035,31185,9271,9225,920,10145,64
2022-06-19,Los Angeles,037,10098052,2938268,2909197,141236,3050433,31999
2022-06-19,Madera,039,155013,39218,38859,6663,45522,372
2022-06-19,Marin,041,260295,39938,39214,4482,43696,294
2022-06-19,Mariposa,043,17540,2716,2662,262,2924,30
2022-06-19,Mendocino,045,87422,14285,14090,3681,17771,127
2022-06-19,Merced,047,269075,65922,64734,9703,74437,827
2022-06-19,Modoc,049,8938,773,771,264,1035,8
2022-06-19,Mono,051,14174,3075,3066,176,3242,6
2022-06-19,Monterey,053,433212,85179,84032,16658,100690,744
2022-06-19,Napa,055,140530,28985,28619,1240,29859,144
2022-06-19,Nevada,057,99092,17343,17134,1428,18562,129
2022-06-19,Orange,059,3164182,594379,587176,49317,636493,7074
2022-06-19,Placer,061,380077,68835,67961,8403,76364,628
2022-06-19,Plumas,063,18699,3243,3201,394,3595,13
2022-06-19,Riverside,065,2383286,625284,619760,30152,649912,6488
2022-06-19,Sacramento,067,1510023,310278,306215,30561,336776,3072
2022-06-19,San Benito,069,59416,14230,13985,695,14680,99
2022-06-19,San Bernardino,071,2135413,603787,591926,26484,618410,7765
2022-06-19,San Diego,073,3302833,820529,815124,60167,875291,5318
2022-06-19,San Francisco,075,870044,155123,151898,10179,162077,897
2022-06-19,San Joaquin,077,732212,178557,176323,11674,187997,2251
2022-06-19,San Luis Obispo,079,281455,57351,56767,5250,62017,485
2022-06-19,San Mateo,081,765935,146868,143879,9153,153032,723
2022-06-19,Santa Barbara,083,443738,93888,92906,5443,98349,699
2022-06-19,Santa Clara,085,1922200,376728,365638,15969,381607,2328
2022-06-19,Santa Cruz,087,273765,54856,53866,2675,56541,264
2022-06-19,Shasta,089,179085,31921,31647,6382,38029,568
2022-06-19,Sierra,091,2930,284,281,56,337,4
2022-06-19,Siskiyou,093,43540,4713,4672,2947,7619,81
2022-06-19,Solano,095,438530,92826,90548,6522,97070,454
2022-06-19,Sonoma,097,501317,95853,94318,4179,98497,493
2022-06-19,Stanislaus,099,539301,124473,123264,19048,142312,1668
2022-06-19,Sutter,101,95872,21647,21501,2285,23786,227
2022-06-19,Tehama,103,63373,12534,12410,2702,15112,205
2022-06-19,Trinity,105,12862,1232,1220,297,1517,20
2022-06-19,Tulare,107,460477,110896,110041,29785,139826,1496
2022-06-19,Tuolumne,109,53932,13725,13487,680,14167,189
2022-06-19,Ventura,111,848112,187095,185219,11565,196784,1513
2022-06-19,Yolo,113,214977,42828,41135,3433,44568,323
2022-06-19,Yuba,115,75493,16936,16786,1422,18208,124
2022-06-18,Alameda,001,1643700,301293,296062,16684,312746,1883
2022-06-18,Alpine,002,1148,129,129,1,130,0
2022-06-18,Amador,005,37829,9131,8985,740,9725,87
2022-06-18,Butte,007,227075,35495,34920,7813,42733,432
2022-06-18,Calaveras,009,45235,7728,7664,412,8076,122
2022-06-18,Colusa,011,21464,3537,3519,1109,4628,21
2022-06-18,Contra Costa,013,1133247,220935,213994,16798,230792,1323
2022-06-18,Del Norte,015,27424,6430,6307,278,6585,52
2022-06-18,El Dorado,017,186661,29215,28904,3633,32537,215
2022-06-18,Fresno,019,978130,248307,242214,26401,268615,2768
2022-06-18,Glenn,021,27897,5193,5131,1696,6827,48
2022-06-18,Humboldt,023,135768,19173,18885,3875,22760,148
2022-06-18,Imperial,025,180216,57998,57450,11357,68807,944
2022-06-18,Inyo,027,18085,4231,4209,622,4831,56
2022-06-18,Kern,029,883053,200290,198567,49686,248253,2340
2022-06-18,Kings,031,150075,53587,53242,3641,56883,448
2022-06-18,Lake,033,64148,11453,11318,992,12310,140
2022-06-18,Lassen,035,31185,9267,9225,920,10145,64
2022-06-18,Los Angeles,037,10098052,2935825,2909197,140946,3050143,31999
2022-06-18,Madera,039,155013,39194,38859,6657,45516,372
2022-06-18,Marin,041,260295,39874,39214,4472,43686,294
2022-06-18,Mariposa,043,17540,2711,2662,262,2924,30
2022-06-18,Mendocino,045,87422,14263,14090,3678,17768,127
2022-06-18,Merced,047,269075,65857,64734,9693,74427,827
2022-06-18,Modoc,049,8938,773,771,264,1035,8
2022-06-18,Mono,051,14174,3074,3066,176,3242,6
2022-06-18,Monterey,053,433212,85088,84032,16630,100662,744
2022-06-18,Napa,055,140530,28960,28619,1239,29858,144
2022-06-18,Nevada,057,99092,17331,17134,1427,18561,129
2022-06-18,Orange,059,3164182,593751,587176,49203,636379,7074
2022-06-18,Placer,061,380077,68769,67961,8389,76350,628
2022-06-18,Plumas,063,18699,3235,3201,394,3595,13
2022-06-18,Riverside,065,2383286,624750,619760,30137,649897,6488
2022-06-18,Sacramento,067,1510023,309958,306215,30537,336752,3072
2022-06-18,San Benito,069,59416,14215,13985,688,14673,99
2022-06-18,San Bernardino,071,2135413,603357,591926,26462,618388,7765
2022-06-18,San Diego,073,3302833,819812,815124,60106,875230,5318
2022-06-18,San Francisco,075,870044,154792,151898,10160,162058,897
2022-06-18,San Joaquin,077,732212,178394,176323,11665,187988,2251
2022-06-18,San Luis Obispo,079,281455,57306,56767,5241,62008,485
2022-06-18,San Mateo,081,765935,146598,143879,9131,153010,723
2022-06-18,Santa Barbara,083,443738,93777,92906,5433,98339,699
2022-06-18,Santa Clara,085,1922200,375974,365638,15923,381561,2328
2022-06-18,Santa Cruz,087,273765,54780,53866,2665,56531,264
2022-06-18,Shasta,089,179085,31900,31647,6379,38026,568
2022-06-18,Sierra,091,2930,284,281,56,337,4
2022-06-18,Siskiyou,093,43540,4705,4672,2943,7615,81
2022-06-18,Solano,095,438530,92742,90548,6513,97061,454
2022-06-18,Sonoma,097,501317,95713,94318,4161,98479,493
2022-06-18,Stanislaus,099,539301,124367,123264,19027,142291,1668
2022-06-18,Sutter,101,95872,21626,21501,2282,23783,227
2022-06-18,Tehama,103,63373,12525,12410,2698,15108,205
2022-06-18,Trinity,105,12862,1231,1220,297,1517,20
2022-06-18,Tulare,107,460477,110811,110041,29745,139786,1496
2022-06-18,Tuolumne,109,53932,13703,13487,677,14164,189
2022-06-18,Ventura,111,848112,186920,185219,11542,196761,1513
2022-06-18,Yolo,113,214977,42759,41135,3428,44563,323
2022-06-18,Yuba,115,75493,16923,16786,1422,18208,124
2022-06-17,Alameda,001,1643700,300820,296062,16670,312732,1883
2022-06-17,Alpine,002,1148,129,129,1,130,0
2022-06-17,Amador,005,37829,9122,8985,740,9725,87
2022-06-17,Butte,007,227075,35464,34920,7803,42723,432
2022-06-17,Calaveras,009,45235,7720,7664,412,8076,122
2022-06-17,Colusa,011,21464,3536,3519,1104,4623,21
2022-06-17,Contra Costa,013,1133247,220634,213994,16773,230767,1323
2022-06-17,Del Norte,015,27424,6416,6307,278,6585,52
2022-06-17,El Dorado,017,186661,29182,28904,3629,32533,215
2022-06-17,Fresno,019,978130,248061,242214,26373,268587,2768
2022-06-17,Glenn,021,27897,5192,5131,1690,6821,48
2022-06-17,Humboldt,023,135768,19146,18885,3871,22756,148
2022-06-17,Imperial,025,180216,57945,57450,11345,68795,944
2022-06-17,Inyo,027,18085,4227,4209,616,4825,56
2022-06-17,Kern,029,883053,200136,198567,49630,248197,2340
2022-06-17,Kings,031,150075,53560,53242,3640,56882,448
2022-06-17,Lake,033,64148,11445,11318,991,12309,140
2022-06-17,Lassen,035,31185,9266,9225,919,10144,64
2022-06-17,Los Angeles,037,10098052,2932980,2909197,140648,3049845,31999
2022-06-17,Madera,039,155013,39167,38859,6651,45510,372
2022-06-17,Marin,041,260295,39779,39214,4459,43673,294
2022-06-17,Mariposa,043,17540,2707,2662,262,2924,30
2022-06-17,Mendocino,045,87422,14246,14090,3674,17764,127
2022-06-17,Merced,047,269075,65800,64734,9688,74422,827
2022-06-17,Modoc,049,8938,773,771,264,1035,8
2022-06-17,Mono,051,14174,3074,3066,176,3242,6
2022-06-17,Monterey,053,433212,84998,84032,16600,100632,744
2022-06-17,Napa,055,140530,28921,28619,1236,29855,144
2022-06-17,Nevada,057,99092,17313,17134,1422,18556,129
2022-06-17,Orange,059,3164182,593073,587176,49067,636243,7074
2022-06-17,Placer,061,380077,68709,67961,8377,76338,628
2022-06-17,Plumas,063,18699,3234,3201,393,3594,13
2022-06-17,Riverside,065,2383286,624199,619760,30101,649861,6488
2022-06-17,Sacramento,067,1510023,309570,306215,30514,336729,3072
2022-06-17,San Benito,069,59416,14203,13985,688,14673,99
2022-06-17,San Bernardino,071,2135413,602918,591926,26431,618357,7765
2022-06-17,San Diego,073,3302833,818847,815124,60003,875127,5318
2022-06-17,San Francisco,075,870044,154477,151898,10127,162025,897
2022-06-17,San Joaquin,077,732212,178242,176323,11654,187977,2251
2022-06-17,San Luis Obispo,079,281455,57269,56767,5235,62002,485
2022-06-17,San Mateo,081,765935,146294,143879,9112,152991,723
2022-06-17,Santa Barbara,083,443738,93671,92906,5421,98327,699
2022-06-17,Santa Clara,085,1922200,375148,365638,15892,381530,2328
2022-06-17,Santa Cruz,087,273765,54714,53866,2660,56526,264
2022-06-17,Shasta,089,179085,31873,31647,6371,38018,568
2022-06-17,Sierra,091,2930,284,281,56,337,4
2022-06-17,Siskiyou,093,43540,4698,4672,2943,7615,81
2022-06-17,Solano,095,438530,92596,90548,6501,97049,454
2022-06-17,Sonoma,097,501317,95547,94318,4144,98462,493
2022-06-17,Stanislaus,099,539301,124271,123264,19017,142281,1668
2022-06-17,Sutter,101,95872,21604,21501,2276,23777,227
2022-06-17,Tehama,103,63373,12510,12410,2695,15105,205
2022-06-17,Trinity,105,12862,1231,1220,297,1517,20
2022-06-17,Tulare,107,460477,110722,110041,29714,139755,1496
2022-06-17,Tuolumne,109,53932,13690,13487,676,14163,189
2022-06-17,Ventura,111,848112,186740,185219,11521,196740,1513
2022-06-17,Yolo,113,214977,42676,41135,3415,44550,323
2022-06-17,Yuba,115,75493,16916,16786,1419,18205,124
2022-06-16,Alameda,001,1643700,300037,296062,16622,312684,1883
2022-06-16,Alpine,002,1148,129,129,1,130,0
2022-06-16,Amador,005,37829,9115,8985,735,9720,87
2022-06-16,Butte,007,227075,35389,34920,7787,42707,432
2022-06-16,Calaveras,009,45235,7708,7664,410,8074,122
2022-06-16,Colusa,011,21464,3534,3519,1103,4622,21
2022-06-16,Contra Costa,013,1133247,220170,213994,16722,230716,1323
2022-06-16,Del Norte,015,27424,6402,6307,277,6584,52
2022-06-16,El Dorado,017,186661,29130,28904,3617,32521,215
2022-06-16,Fresno,019,978130,247687,242214,26311,268525,2768
2022-06-16,Glenn,021,27897,5183,5131,1689,6820,48
2022-06-16,Humboldt,023,135768,19116,18885,3857,22742,148
2022-06-16,Imperial,025,180216,57846,57450,11316,68766,944
2022-06-16,Inyo,027,18085,4226,4209,613,4822,56
2022-06-16,Kern,029,883053,199925,198567,49511,248078,2340
2022-06-16,Kings,031,150075,53493,53242,3637,56879,448
2022-06-16,Lake,033,64148,11429,11318,991,12309,140
2022-06-16,Lassen,035,31185,9259,9225,919,10144,64
2022-06-16,Los Angeles,037,10098052,2928990,2909197,140290,3049487,31999
2022-06-16,Madera,039,155013,39136,38859,6641,45500,372
2022-06-16,Marin,041,260295,39678,39214,4446,43660,294
2022-06-16,Mariposa,043,17540,2699,2662,260,2922,30
2022-06-16,Mendocino,045,87422,14217,14090,3664,17754,127
2022-06-16,Merced,047,269075,65721,64734,9669,74403,827
2022-06-16,Modoc,049,8938,773,771,264,1035,8
2022-06-16,Mono,051,14174,3073,3066,175,3241,6
2022-06-16,Monterey,053,433212,84850,84032,16545,100577,744
2022-06-16,Napa,055,140530,28876,28619,1233,29852,144
2022-06-16,Nevada,057,99092,17290,17134,1417,18551,129
2022-06-16,Orange,059,3164182,592049,587176,48928,636104,7074
2022-06-16,Placer,061,380077,68624,67961,8354,76315,628
2022-06-16,Plumas,063,18699,3227,3201,392,3593,13
2022-06-16,Riverside,065,2383286,623453,619760,30057,649817,6488
2022-06-16,Sacramento,067,1510023,308990,306215,30479,336694,3072
2022-06-16,San Benito,069,59416,14178,13985,685,14670,99
2022-06-16,San Bernardino,071,2135413,602259,591926,26393,618319,7765
2022-06-16,San Diego,073,3302833,817326,815124,59844,874968,5318
2022-06-16,San Francisco,075,870044,154029,151898,10087,161985,897
2022-06-16,San Joaquin,077,732212,177989,176323,11634,187957,2251
2022-06-16,San Luis Obispo,079,281455,57191,56767,5215,61982,485
2022-06-16,San Mateo,081,765935,145927,143879,9096,152975,723
2022-06-16,Santa Barbara,083,443738,93522,92906,5407,98313,699
2022-06-16,Santa Clara,085,1922200,374202,365638,15844,381482,2328
2022-06-16,Santa Cruz,087,273765,54581,53866,2648,56514,264
2022-06-16,Shasta,089,179085,31842,31647,6360,38007,568
2022-06-16,Sierra,091,2930,283,281,56,337,4
2022-06-16,Siskiyou,093,43540,4689,4672,2934,7606,81
2022-06-16,Solano,095,438530,92400,90548,6489,97037,454
2022-06-16,Sonoma,097,501317,95360,94318,4127,98445,493
2022-06-16,Stanislaus,099,539301,124110,123264,19000,142264,1668
2022-06-16,Sutter,101,95872,21579,21501,2274,23775,227
2022-06-16,Tehama,103,63373,12491,12410,2693,15103,205
2022-06-16,Trinity,105,12862,1229,1220,294,1514,20
2022-06-16,Tulare,107,460477,110591,110041,29673,139714,1496
2022-06-16,Tuolumne,109,53932,13666,13487,672,14159,189
2022-06-16,Ventura,111,848112,186469,185219,11476,196695,1513
2022-06-16,Yolo,113,214977,42585,41135,3404,44539,323
2022-06-16,Yuba,115,75493,16892,16786,1415,18201,124
2022-06-15,Alameda,001,1643700,299253,295002,16596,311598,1880
2022-06-15,Alpine,002,1148,129,129,1,130,0
2022-06-15,Amador,005,37829,9107,8972,735,9707,87
2022-06-15,Butte,007,227075,35326,34841,7768,42609,430
2022-06-15,Calaveras,009,45235,7705,7648,408,8056,122
2022-06-15,Colusa,011,21464,3530,3515,1101,4616,21
2022-06-15,Contra Costa,013,1133247,219707,213219,16678,229897,1321
2022-06-15,Del Norte,015,27424,6391,6298,276,6574,52
2022-06-15,El Dorado,017,186661,29076,28829,3605,32434,215
2022-06-15,Fresno,019,978130,247314,241768,26265,268033,2767
2022-06-15,Glenn,021,27897,5177,5128,1681,6809,48
2022-06-15,Humboldt,023,135768,19078,18836,3832,22668,148
2022-06-15,Imperial,025,180216,57763,57373,11291,68664,941
2022-06-15,Inyo,027,18085,4224,4205,612,4817,56
2022-06-15,Kern,029,883053,199660,198216,49398,247614,2338
2022-06-15,Kings,031,150075,53440,53170,3634,56804,448
2022-06-15,Lake,033,64148,11409,11303,986,12289,140
2022-06-15,Lassen,035,31185,9255,9209,918,10127,64
2022-06-15,Los Angeles,037,10098052,2924701,2897298,139929,3037227,31971
2022-06-15,Madera,039,155013,39091,38776,6624,45400,372
2022-06-15,Marin,041,260295,39588,39027,4440,43467,294
2022-06-15,Mariposa,043,17540,2695,2651,258,2909,30
2022-06-15,Mendocino,045,87422,14185,14052,3654,17706,127
2022-06-15,Merced,047,269075,65640,64595,9657,74252,825
2022-06-15,Modoc,049,8938,772,772,264,1036,8
2022-06-15,Mono,051,14174,3073,3060,174,3234,6
2022-06-15,Monterey,053,433212,84707,83837,16506,100343,741
2022-06-15,Napa,055,140530,28816,28518,1224,29742,144
2022-06-15,Nevada,057,99092,17265,17107,1413,18520,127
2022-06-15,Orange,059,3164182,591020,585496,48755,634251,7067
2022-06-15,Placer,061,380077,68500,67805,8338,76143,628
2022-06-15,Plumas,063,18699,3222,3185,390,3575,13
2022-06-15,Riverside,065,2383286,622724,618584,30005,648589,6482
2022-06-15,Sacramento,067,1510023,308392,305361,30430,335791,3059
2022-06-15,San Benito,069,59416,14138,13953,678,14631,99
2022-06-15,San Bernardino,071,2135413,601601,590328,26353,616681,7735
2022-06-15,San Diego,073,3302833,815778,811093,59676,870769,5316
2022-06-15,San Francisco,075,870044,153602,151170,10062,161232,890
2022-06-15,San Joaquin,077,732212,177743,175966,11600,187566,2244
2022-06-15,San Luis Obispo,079,281455,57103,56535,5178,61713,486
2022-06-15,San Mateo,081,765935,145527,143277,9080,152357,722
2022-06-15,Santa Barbara,083,443738,93389,92710,5400,98110,698
2022-06-15,Santa Clara,085,1922200,373192,364014,15808,379822,2323
2022-06-15,Santa Cruz,087,273765,54466,53718,2643,56361,265
2022-06-15,Shasta,089,179085,31802,31598,6353,37951,568
2022-06-15,Sierra,091,2930,281,280,56,336,4
2022-06-15,Siskiyou,093,43540,4678,4656,2924,7580,81
2022-06-15,Solano,095,438530,92169,90265,6477,96742,453
2022-06-15,Sonoma,097,501317,95168,94041,4115,98156,492
2022-06-15,Stanislaus,099,539301,123968,122944,18975,141919,1668
2022-06-15,Sutter,101,95872,21551,21448,2269,23717,227
2022-06-15,Tehama,103,63373,12483,12392,2687,15079,205
2022-06-15,Trinity,105,12862,1228,1217,292,1509,20
2022-06-15,Tulare,107,460477,110487,109930,29636,139566,1495
2022-06-15,Tuolumne,109,53932,13655,13459,672,14131,189
2022-06-15,Ventura,111,848112,186197,184750,11427,196177,1509
2022-06-15,Yolo,113,214977,42481,40756,3389,44145,322
2022-06-15,Yuba,115,75493,16867,16754,1410,18164,124
2022-06-14,Alameda,001,1643700,298553,295002,16552,311554,1880
2022-06-14,Alpine,002,1148,129,129,1,130,0
2022-06-14,Amador,005,37829,9091,8972,730,9702,87
2022-06-14,Butte,007,227075,35271,34841,7752,42593,430
2022-06-14,Calaveras,009,45235,7694,7648,407,8055,122
2022-06-14,Colusa,011,21464,3528,3515,1100,4615,21
2022-06-14,Contra Costa,013,1133247,219171,213219,16619,229838,1321
2022-06-14,Del Norte,015,27424,6383,6298,273,6571,52
2022-06-14,El Dorado,017,186661,29024,28829,3597,32426,215
2022-06-14,Fresno,019,978130,246916,241768,26203,267971,2767
2022-06-14,Glenn,021,27897,5168,5128,1678,6806,48
2022-06-14,Humboldt,023,135768,19028,18836,3815,22651,148
2022-06-14,Imperial,025,180216,57689,57373,11260,68633,941
2022-06-14,Inyo,027,18085,4218,4205,611,4816,56
2022-06-14,Kern,029,883053,199398,198216,49269,247485,2338
2022-06-14,Kings,031,150075,53370,53170,3632,56802,448
2022-06-14,Lake,033,64148,11383,11303,985,12288,140
2022-06-14,Lassen,035,31185,9249,9209,915,10124,64
2022-06-14,Los Angeles,037,10098052,2920178,2897298,139509,3036807,31971
2022-06-14,Madera,039,155013,39037,38776,6615,45391,372
2022-06-14,Marin,041,260295,39479,39027,4429,43456,294
2022-06-14,Mariposa,043,17540,2684,2651,255,2906,30
2022-06-14,Mendocino,045,87422,14157,14052,3641,17693,127
2022-06-14,Merced,047,269075,65558,64595,9632,74227,825
2022-06-14,Modoc,049,8938,772,772,263,1035,8
2022-06-14,Mono,051,14174,3073,3060,173,3233,6
2022-06-14,Monterey,053,433212,84569,83837,16460,100297,741
2022-06-14,Napa,055,140530,28752,28518,1223,29741,144
2022-06-14,Nevada,057,99092,17234,17107,1408,18515,127
2022-06-14,Orange,059,3164182,589892,585496,48586,634082,7067
2022-06-14,Placer,061,380077,68377,67805,8323,76128,628
2022-06-14,Plumas,063,18699,3218,3185,390,3575,13
2022-06-14,Riverside,065,2383286,621941,618584,29970,648554,6482
2022-06-14,Sacramento,067,1510023,307760,305361,30345,335706,3059
2022-06-14,San Benito,069,59416,14103,13953,676,14629,99
2022-06-14,San Bernardino,071,2135413,600881,590328,26309,616637,7735
2022-06-14,San Diego,073,3302833,814066,811093,59529,870622,5316
2022-06-14,San Francisco,075,870044,153117,151170,10033,161203,890
2022-06-14,San Joaquin,077,732212,177474,175966,11564,187530,2244
2022-06-14,San Luis Obispo,079,281455,56994,56535,5130,61665,486
2022-06-14,San Mateo,081,765935,145140,143277,9066,152343,722
2022-06-14,Santa Barbara,083,443738,93253,92710,5384,98094,698
2022-06-14,Santa Clara,085,1922200,372123,364014,15764,379778,2323
2022-06-14,Santa Cruz,087,273765,54339,53718,2632,56350,265
2022-06-14,Shasta,089,179085,31772,31598,6345,37943,568
2022-06-14,Sierra,091,2930,281,280,56,336,4
2022-06-14,Siskiyou,093,43540,4668,4656,2918,7574,81
2022-06-14,Solano,095,438530,91906,90265,6455,96720,453
2022-06-14,Sonoma,097,501317,94953,94041,4101,98142,492
2022-06-14,Stanislaus,099,539301,123791,122944,18945,141889,1668
2022-06-14,Sutter,101,95872,21513,21448,2265,23713,227
2022-06-14,Tehama,103,63373,12465,12392,2686,15078,205
2022-06-14,Trinity,105,12862,1227,1217,292,1509,20
2022-06-14,Tulare,107,460477,110342,109930,29592,139522,1495
2022-06-14,Tuolumne,109,53932,13634,13459,668,14127,189
2022-06-14,Ventura,111,848112,185904,184750,11389,196139,1509
2022-06-14,Yolo,113,214977,42374,40756,3378,44134,322
2022-06-14,Yuba,115,75493,16837,16754,1407,18161,124
2022-06-13,Alameda,001,1643700,297727,295002,16500,311502,1880
2022-06-13,Alpine,002,1148,129,129,1,130,0
2022-06-13,Amador,005,37829,9084,8972,728,9700,87
2022-06-13,Butte,007,227075,35193,34841,7727,42568,430
2022-06-13,Calaveras,009,45235,7676,7648,407,8055,122
2022-06-13,Colusa,011,21464,3528,3515,1097,4612,21
2022-06-13,Contra Costa,013,1133247,218595,213219,16552,229771,1321
2022-06-13,Del Norte,015,27424,6371,6298,269,6567,52
2022-06-13,El Dorado,017,186661,28974,28829,3585,32414,215
2022-06-13,Fresno,019,978130,246488,241768,26147,267915,2767
2022-06-13,Glenn,021,27897,5164,5128,1674,6802,48
2022-06-13,Humboldt,023,135768,18975,18836,3791,22627,148
2022-06-13,Imperial,025,180216,57589,57373,11215,68588,941
2022-06-13,Inyo,027,18085,4214,4205,606,4811,56
2022-06-13,Kern,029,883053,199129,198216,49119,247335,2338
2022-06-13,Kings,031,150075,53304,53170,3628,56798,448
2022-06-13,Lake,033,64148,11358,11303,984,12287,140
2022-06-13,Lassen,035,31185,9241,9209,912,10121,64
2022-06-13,Los Angeles,037,10098052,2915605,2897298,139119,3036417,31971
2022-06-13,Madera,039,155013,38970,38776,6597,45373,372
2022-06-13,Marin,041,260295,39372,39027,4401,43428,294
2022-06-13,Mariposa,043,17540,2670,2651,254,2905,30
2022-06-13,Mendocino,045,87422,14132,14052,3625,17677,127
2022-06-13,Merced,047,269075,65482,64595,9604,74199,825
2022-06-13,Modoc,049,8938,771,772,263,1035,8
2022-06-13,Mono,051,14174,3071,3060,173,3233,6
2022-06-13,Monterey,053,433212,84433,83837,16409,100246,741
2022-06-13,Napa,055,140530,28681,28518,1219,29737,144
2022-06-13,Nevada,057,99092,17203,17107,1405,18512,127
2022-06-13,Orange,059,3164182,588656,585496,48401,633897,7067
2022-06-13,Placer,061,380077,68280,67805,8301,76106,628
2022-06-13,Plumas,063,18699,3213,3185,389,3574,13
2022-06-13,Riverside,065,2383286,621197,618584,29935,648519,6482
2022-06-13,Sacramento,067,1510023,307081,305361,30275,335636,3059
2022-06-13,San Benito,069,59416,14076,13953,670,14623,99
2022-06-13,San Bernardino,071,2135413,600080,590328,26278,616606,7735
2022-06-13,San Diego,073,3302833,812362,811093,59421,870514,5316
2022-06-13,San Francisco,075,870044,152582,151170,10015,161185,890
2022-06-13,San Joaquin,077,732212,177210,175966,11527,187493,2244
2022-06-13,San Luis Obispo,079,281455,56891,56535,5078,61613,486
2022-06-13,San Mateo,081,765935,144700,143277,9044,152321,722
2022-06-13,Santa Barbara,083,443738,93124,92710,5371,98081,698
2022-06-13,Santa Clara,085,1922200,371097,364014,15713,379727,2323
2022-06-13,Santa Cruz,087,273765,54201,53718,2625,56343,265
2022-06-13,Shasta,089,179085,31739,31598,6338,37936,568
2022-06-13,Sierra,091,2930,281,280,56,336,4
2022-06-13,Siskiyou,093,43540,4664,4656,2910,7566,81
2022-06-13,Solano,095,438530,91665,90265,6431,96696,453
2022-06-13,Sonoma,097,501317,94696,94041,4082,98123,492
2022-06-13,Stanislaus,099,539301,123624,122944,18921,141865,1668
2022-06-13,Sutter,101,95872,21485,21448,2261,23709,227
2022-06-13,Tehama,103,63373,12446,12392,2683,15075,205
2022-06-13,Trinity,105,12862,1225,1217,292,1509,20
2022-06-13,Tulare,107,460477,110188,109930,29545,139475,1495
2022-06-13,Tuolumne,109,53932,13611,13459,665,14124,189
2022-06-13,Ventura,111,848112,185612,184750,11337,196087,1509
2022-06-13,Yolo,113,214977,42236,40756,3366,44122,322
2022-06-13,Yuba,115,75493,16819,16754,1403,18157,124
2022-06-12,Alameda,001,1643700,296908,292112,16444,308556,1877
2022-06-12,Alpine,002,1148,129,129,1,130,0
2022-06-12,Amador,005,37829,9061,8869,727,9596,87
2022-06-12,Butte,007,227075,35136,34596,7706,42302,427
2022-06-12,Calaveras,009,45235,7662,7604,404,8008,122
2022-06-12,Colusa,011,21464,3527,3505,1096,4601,21
2022-06-12,Contra Costa,013,1133247,218004,211229,16481,227710,1315
2022-06-12,Del Norte,015,27424,6357,6253,269,6522,52
2022-06-12,El Dorado,017,186661,28913,28641,3568,32209,215
2022-06-12,Fresno,019,978130,246020,240345,26093,266438,2766
2022-06-12,Glenn,021,27897,5161,5104,1672,6776,48
2022-06-12,Humboldt,023,135768,18910,18696,3755,22451,148
2022-06-12,Imperial,025,180216,57511,57129,11170,68299,941
2022-06-12,Inyo,027,18085,4212,4194,605,4799,56
2022-06-12,Kern,029,883053,198847,197353,48985,246338,2338
2022-06-12,Kings,031,150075,53226,52978,3623,56601,447
2022-06-12,Lake,033,64148,11334,11202,983,12185,139
2022-06-12,Lassen,035,31185,9223,9172,910,10082,64
2022-06-12,Los Angeles,037,10098052,2910655,2878981,138638,3017619,31947
2022-06-12,Madera,039,155013,38877,38567,6571,45138,372
2022-06-12,Marin,041,260295,39262,38593,4377,42970,294
2022-06-12,Mariposa,043,17540,2664,2625,253,2878,30
2022-06-12,Mendocino,045,87422,14109,13945,3619,17564,127
2022-06-12,Merced,047,269075,65367,64286,9575,73861,825
2022-06-12,Modoc,049,8938,771,767,263,1030,8
2022-06-12,Mono,051,14174,3067,3052,172,3224,6
2022-06-12,Monterey,053,433212,84276,83391,16331,99722,739
2022-06-12,Napa,055,140530,28619,28202,1210,29412,143
2022-06-12,Nevada,057,99092,17159,16989,1399,18388,127
2022-06-12,Orange,059,3164182,587381,581624,48208,629832,7057
2022-06-12,Placer,061,380077,68166,67306,8279,75585,628
2022-06-12,Plumas,063,18699,3207,3172,388,3560,13
2022-06-12,Riverside,065,2383286,620251,615556,29867,645423,6481
2022-06-12,Sacramento,067,1510023,306335,302721,30165,332886,3058
2022-06-12,San Benito,069,59416,14042,13832,664,14496,99
2022-06-12,San Bernardino,071,2135413,599151,587385,26228,613613,7708
2022-06-12,San Diego,073,3302833,810629,805360,59285,864645,5315
2022-06-12,San Francisco,075,870044,152033,149278,9971,159249,890
2022-06-12,San Joaquin,077,732212,176852,174822,11500,186322,2244
2022-06-12,San Luis Obispo,079,281455,56754,56160,5017,61177,485
2022-06-12,San Mateo,081,765935,144233,141719,9003,150722,715
2022-06-12,Santa Barbara,083,443738,92951,92177,5356,97533,694
2022-06-12,Santa Clara,085,1922200,369913,359925,15667,375592,2322
2022-06-12,Santa Cruz,087,273765,54041,53171,2620,55791,264
2022-06-12,Shasta,089,179085,31692,31483,6324,37807,566
2022-06-12,Sierra,091,2930,281,278,56,334,4
2022-06-12,Siskiyou,093,43540,4656,4633,2905,7538,81
2022-06-12,Solano,095,438530,91371,89424,6412,95836,453
2022-06-12,Sonoma,097,501317,94440,93218,4058,97276,492
2022-06-12,Stanislaus,099,539301,123424,122267,18880,141147,1665
2022-06-12,Sutter,101,95872,21445,21333,2246,23579,227
2022-06-12,Tehama,103,63373,12427,12343,2678,15021,205
2022-06-12,Trinity,105,12862,1222,1213,292,1505,20
2022-06-12,Tulare,107,460477,109994,109467,29482,138949,1495
2022-06-12,Tuolumne,109,53932,13583,13382,663,14045,189
2022-06-12,Ventura,111,848112,185257,183680,11290,194970,1508
2022-06-12,Yolo,113,214977,42115,40202,3361,43563,323
2022-06-12,Yuba,115,75493,16791,16653,1396,18049,123
2022-06-11,Alameda,001,1643700,296492,292112,16422,308534,1877
2022-06-11,Alpine,002,1148,129,129,1,130,0
2022-06-11,Amador,005,37829,9047,8869,727,9596,87
2022-06-11,Butte,007,227075,35101,34596,7690,42286,427
2022-06-11,Calaveras,009,45235,7655,7604,403,8007,122
2022-06-11,Colusa,011,21464,3525,3505,1095,4600,21
2022-06-11,Contra Costa,013,1133247,217692,211229,16446,227675,1315
2022-06-11,Del Norte,015,27424,6349,6253,269,6522,52
2022-06-11,El Dorado,017,186661,28894,28641,3566,32207,215
2022-06-11,Fresno,019,978130,245824,240345,26073,266418,2766
2022-06-11,Glenn,021,27897,5159,5104,1672,6776,48
2022-06-11,Humboldt,023,135768,18890,18696,3747,22443,148
2022-06-11,Imperial,025,180216,57455,57129,11154,68283,941
2022-06-11,Inyo,027,18085,4212,4194,603,4797,56
2022-06-11,Kern,029,883053,198723,197353,48906,246259,2338
2022-06-11,Kings,031,150075,53194,52978,3622,56600,447
2022-06-11,Lake,033,64148,11326,11202,980,12182,139
2022-06-11,Lassen,035,31185,9218,9172,909,10081,64
2022-06-11,Los Angeles,037,10098052,2908305,2878981,138347,3017328,31947
2022-06-11,Madera,039,155013,38856,38567,6569,45136,372
2022-06-11,Marin,041,260295,39184,38593,4343,42936,294
2022-06-11,Mariposa,043,17540,2660,2625,252,2877,30
2022-06-11,Mendocino,045,87422,14098,13945,3615,17560,127
2022-06-11,Merced,047,269075,65319,64286,9571,73857,825
2022-06-11,Modoc,049,8938,771,767,263,1030,8
2022-06-11,Mono,051,14174,3067,3052,172,3224,6
2022-06-11,Monterey,053,433212,84191,83391,16299,99690,739
2022-06-11,Napa,055,140530,28580,28202,1206,29408,143
2022-06-11,Nevada,057,99092,17145,16989,1397,18386,127
2022-06-11,Orange,059,3164182,586739,581624,48066,629690,7057
2022-06-11,Placer,061,380077,68080,67306,8270,75576,628
2022-06-11,Plumas,063,18699,3204,3172,388,3560,13
2022-06-11,Riverside,065,2383286,619725,615556,29838,645394,6481
2022-06-11,Sacramento,067,1510023,306024,302721,30130,332851,3058
2022-06-11,San Benito,069,59416,14032,13832,661,14493,99
2022-06-11,San Bernardino,071,2135413,598728,587385,26205,613590,7708
2022-06-11,San Diego,073,3302833,809928,805360,59239,864599,5315
2022-06-11,San Francisco,075,870044,151714,149278,9951,159229,890
2022-06-11,San Joaquin,077,732212,176698,174822,11481,186303,2244
2022-06-11,San Luis Obispo,079,281455,56720,56160,5007,61167,485
2022-06-11,San Mateo,081,765935,144010,141719,8980,150699,715
2022-06-11,Santa Barbara,083,443738,92885,92177,5342,97519,694
2022-06-11,Santa Clara,085,1922200,369150,359925,15630,375555,2322
2022-06-11,Santa Cruz,087,273765,53986,53171,2606,55777,264
2022-06-11,Shasta,089,179085,31676,31483,6318,37801,566
2022-06-11,Sierra,091,2930,281,278,56,334,4
2022-06-11,Siskiyou,093,43540,4650,4633,2897,7530,81
2022-06-11,Solano,095,438530,91281,89424,6402,95826,453
2022-06-11,Sonoma,097,501317,94333,93218,4033,97251,492
2022-06-11,Stanislaus,099,539301,123322,122267,18857,141124,1665
2022-06-11,Sutter,101,95872,21427,21333,2245,23578,227
2022-06-11,Tehama,103,63373,12420,12343,2678,15021,205
2022-06-11,Trinity,105,12862,1221,1213,292,1505,20
2022-06-11,Tulare,107,460477,109907,109467,29454,138921,1495
2022-06-11,Tuolumne,109,53932,13557,13382,662,14044,189
2022-06-11,Ventura,111,848112,185079,183680,11258,194938,1508
2022-06-11,Yolo,113,214977,42050,40202,3354,43556,323
2022-06-11,Yuba,115,75493,16772,16653,1392,18045,123
2022-06-10,Alameda,001,1643700,296017,292112,16399,308511,1877
2022-06-10,Alpine,002,1148,129,129,1,130,0
2022-06-10,Amador,005,37829,9034,8869,726,9595,87
2022-06-10,Butte,007,227075,35069,34596,7676,42272,427
2022-06-10,Calaveras,009,45235,7650,7604,402,8006,122
2022-06-10,Colusa,011,21464,3520,3505,1094,4599,21
2022-06-10,Contra Costa,013,1133247,217424,211229,16415,227644,1315
2022-06-10,Del Norte,015,27424,6343,6253,268,6521,52
2022-06-10,El Dorado,017,186661,28866,28641,3563,32204,215
2022-06-10,Fresno,019,978130,245595,240345,26050,266395,2766
2022-06-10,Glenn,021,27897,5157,5104,1669,6773,48
2022-06-10,Humboldt,023,135768,18868,18696,3740,22436,148
2022-06-10,Imperial,025,180216,57409,57129,11151,68280,941
2022-06-10,Inyo,027,18085,4211,4194,600,4794,56
2022-06-10,Kern,029,883053,198577,197353,48813,246166,2338
2022-06-10,Kings,031,150075,53173,52978,3621,56599,447
2022-06-10,Lake,033,64148,11311,11202,979,12181,139
2022-06-10,Lassen,035,31185,9215,9172,907,10079,64
2022-06-10,Los Angeles,037,10098052,2905576,2878981,138078,3017059,31947
2022-06-10,Madera,039,155013,38828,38567,6561,45128,372
2022-06-10,Marin,041,260295,39089,38593,4316,42909,294
2022-06-10,Mariposa,043,17540,2656,2625,251,2876,30
2022-06-10,Mendocino,045,87422,14080,13945,3607,17552,127
2022-06-10,Merced,047,269075,65275,64286,9566,73852,825
2022-06-10,Modoc,049,8938,771,767,263,1030,8
2022-06-10,Mono,051,14174,3067,3052,171,3223,6
2022-06-10,Monterey,053,433212,84099,83391,16259,99650,739
2022-06-10,Napa,055,140530,28550,28202,1205,29407,143
2022-06-10,Nevada,057,99092,17132,16989,1396,18385,127
2022-06-10,Orange,059,3164182,586077,581624,47940,629564,7057
2022-06-10,Placer,061,380077,68008,67306,8247,75553,628
2022-06-10,Plumas,063,18699,3200,3172,388,3560,13
2022-06-10,Riverside,065,2383286,619202,615556,29809,645365,6481
2022-06-10,Sacramento,067,1510023,305628,302721,30107,332828,3058
2022-06-10,San Benito,069,59416,14019,13832,660,14492,99
2022-06-10,San Bernardino,071,2135413,598318,587385,26174,613559,7708
2022-06-10,San Diego,073,3302833,809014,805360,59203,864563,5315
2022-06-10,San Francisco,075,870044,151397,149278,9913,159191,890
2022-06-10,San Joaquin,077,732212,176582,174822,11465,186287,2244
2022-06-10,San Luis Obispo,079,281455,56685,56160,5000,61160,485
2022-06-10,San Mateo,081,765935,143753,141719,8967,150686,715
2022-06-10,Santa Barbara,083,443738,92786,92177,5338,97515,694
2022-06-10,Santa Clara,085,1922200,368403,359925,15596,375521,2322
2022-06-10,Santa Cruz,087,273765,53887,53171,2596,55767,264
2022-06-10,Shasta,089,179085,31656,31483,6309,37792,566
2022-06-10,Sierra,091,2930,280,278,56,334,4
2022-06-10,Siskiyou,093,43540,4643,4633,2891,7524,81
2022-06-10,Solano,095,438530,91119,89424,6388,95812,453
2022-06-10,Sonoma,097,501317,94170,93218,4010,97228,492
2022-06-10,Stanislaus,099,539301,123202,122267,18843,141110,1665
2022-06-10,Sutter,101,95872,21412,21333,2243,23576,227
2022-06-10,Tehama,103,63373,12412,12343,2677,15020,205
2022-06-10,Trinity,105,12862,1219,1213,292,1505,20
2022-06-10,Tulare,107,460477,109840,109467,29433,138900,1495
2022-06-10,Tuolumne,109,53932,13543,13382,660,14042,189
2022-06-10,Ventura,111,848112,184893,183680,11224,194904,1508
2022-06-10,Yolo,113,214977,41960,40202,3347,43549,323
2022-06-10,Yuba,115,75493,16751,16653,1389,18042,123
2022-06-09,Alameda,001,1643700,295104,292112,16349,308461,1877
2022-06-09,Alpine,002,1148,129,129,1,130,0
2022-06-09,Amador,005,37829,9024,8869,723,9592,87
2022-06-09,Butte,007,227075,35009,34596,7665,42261,427
2022-06-09,Calaveras,009,45235,7640,7604,402,8006,122
2022-06-09,Colusa,011,21464,3519,3505,1092,4597,21
2022-06-09,Contra Costa,013,1133247,216910,211229,16370,227599,1315
2022-06-09,Del Norte,015,27424,6330,6253,265,6518,52
2022-06-09,El Dorado,017,186661,28809,28641,3553,32194,215
2022-06-09,Fresno,019,978130,245240,240345,26004,266349,2766
2022-06-09,Glenn,021,27897,5151,5104,1667,6771,48
2022-06-09,Humboldt,023,135768,18819,18696,3729,22425,148
2022-06-09,Imperial,025,180216,57351,57129,11134,68263,941
2022-06-09,Inyo,027,18085,4208,4194,595,4789,56
2022-06-09,Kern,029,883053,198375,197353,48712,246065,2338
2022-06-09,Kings,031,150075,53132,52978,3618,56596,447
2022-06-09,Lake,033,64148,11286,11202,977,12179,139
2022-06-09,Lassen,035,31185,9196,9172,905,10077,64
2022-06-09,Los Angeles,037,10098052,2901177,2878981,137699,3016680,31947
2022-06-09,Madera,039,155013,38774,38567,6547,45114,372
2022-06-09,Marin,041,260295,38987,38593,4291,42884,294
2022-06-09,Mariposa,043,17540,2652,2625,250,2875,30
2022-06-09,Mendocino,045,87422,14052,13945,3605,17550,127
2022-06-09,Merced,047,269075,65198,64286,9557,73843,825
2022-06-09,Modoc,049,8938,770,767,263,1030,8
2022-06-09,Mono,051,14174,3061,3052,169,3221,6
2022-06-09,Monterey,053,433212,83975,83391,16190,99581,739
2022-06-09,Napa,055,140530,28490,28202,1203,29405,143
2022-06-09,Nevada,057,99092,17098,16989,1395,18384,127
2022-06-09,Orange,059,3164182,585011,581624,47769,629393,7057
2022-06-09,Placer,061,380077,67886,67306,8233,75539,628
2022-06-09,Plumas,063,18699,3194,3172,388,3560,13
2022-06-09,Riverside,065,2383286,618509,615556,29769,645325,6481
2022-06-09,Sacramento,067,1510023,305047,302721,30019,332740,3058
2022-06-09,San Benito,069,59416,14001,13832,658,14490,99
2022-06-09,San Bernardino,071,2135413,597649,587385,26141,613526,7708
2022-06-09,San Diego,073,3302833,807609,805360,59063,864423,5315
2022-06-09,San Francisco,075,870044,151006,149278,9883,159161,890
2022-06-09,San Joaquin,077,732212,176288,174822,11445,186267,2244
2022-06-09,San Luis Obispo,079,281455,56598,56160,4971,61131,485
2022-06-09,San Mateo,081,765935,143368,141719,8940,150659,715
2022-06-09,Santa Barbara,083,443738,92655,92177,5333,97510,694
2022-06-09,Santa Clara,085,1922200,367435,359925,15529,375454,2322
2022-06-09,Santa Cruz,087,273765,53755,53171,2586,55757,264
2022-06-09,Shasta,089,179085,31624,31483,6299,37782,566
2022-06-09,Sierra,091,2930,280,278,56,334,4
2022-06-09,Siskiyou,093,43540,4636,4633,2877,7510,81
2022-06-09,Solano,095,438530,90870,89424,6374,95798,453
2022-06-09,Sonoma,097,501317,94014,93218,3991,97209,492
2022-06-09,Stanislaus,099,539301,123034,122267,18828,141095,1665
2022-06-09,Sutter,101,95872,21375,21333,2243,23576,227
2022-06-09,Tehama,103,63373,12393,12343,2676,15019,205
2022-06-09,Trinity,105,12862,1218,1213,292,1505,20
2022-06-09,Tulare,107,460477,109719,109467,29397,138864,1495
2022-06-09,Tuolumne,109,53932,13512,13382,657,14039,189
2022-06-09,Ventura,111,848112,184625,183680,11190,194870,1508
2022-06-09,Yolo,113,214977,41848,40202,3331,43533,323
2022-06-09,Yuba,115,75493,16728,16653,1386,18039,123
2022-06-08,Alameda,001,1643700,294339,289661,16298,305959,1873
2022-06-08,Alpine,002,1148,129,128,1,129,0
2022-06-08,Amador,005,37829,9016,8818,721,9539,87
2022-06-08,Butte,007,227075,34942,34380,7647,42027,427
2022-06-08,Calaveras,009,45235,7626,7564,402,7966,122
2022-06-08,Colusa,011,21464,3517,3495,1089,4584,21
2022-06-08,Contra Costa,013,1133247,216397,209384,16306,225690,1310
2022-06-08,Del Norte,015,27424,6308,6229,265,6494,52
2022-06-08,El Dorado,017,186661,28758,28478,3543,32021,215
2022-06-08,Fresno,019,978130,244901,239376,25932,265308,2766
2022-06-08,Glenn,021,27897,5147,5095,1664,6759,48
2022-06-08,Humboldt,023,135768,18789,18598,3703,22301,147
2022-06-08,Imperial,025,180216,57276,56912,11114,68026,941
2022-06-08,Inyo,027,18085,4206,4189,594,4783,56
2022-06-08,Kern,029,883053,198104,196763,48599,245362,2338
2022-06-08,Kings,031,150075,53062,52821,3614,56435,447
2022-06-08,Lake,033,64148,11265,11158,974,12132,137
2022-06-08,Lassen,035,31185,9183,9148,905,10053,64
2022-06-08,Los Angeles,037,10098052,2896562,2865901,137309,3003210,31920
2022-06-08,Madera,039,155013,38729,38408,6534,44942,372
2022-06-08,Marin,041,260295,38895,38338,4274,42612,294
2022-06-08,Mariposa,043,17540,2642,2614,249,2863,30
2022-06-08,Mendocino,045,87422,14031,13859,3593,17452,127
2022-06-08,Merced,047,269075,65132,64080,9535,73615,825
2022-06-08,Modoc,049,8938,766,761,263,1024,8
2022-06-08,Mono,051,14174,3057,3044,169,3213,6
2022-06-08,Monterey,053,433212,83864,83063,16140,99203,740
2022-06-08,Napa,055,140530,28401,27996,1198,29194,143
2022-06-08,Nevada,057,99092,17072,16907,1391,18298,127
2022-06-08,Orange,059,3164182,583904,578530,47568,626098,7044
2022-06-08,Placer,061,380077,67757,66951,8210,75161,627
2022-06-08,Plumas,063,18699,3191,3150,387,3537,13
2022-06-08,Riverside,065,2383286,617822,613469,29734,643203,6480
2022-06-08,Sacramento,067,1510023,304403,300875,29934,330809,3054
2022-06-08,San Benito,069,59416,13967,13734,656,14390,99
2022-06-08,San Bernardino,071,2135413,596954,585029,26097,611126,7685
2022-06-08,San Diego,073,3302833,806112,800840,58888,859728,5308
2022-06-08,San Francisco,075,870044,150582,147960,9857,157817,885
2022-06-08,San Joaquin,077,732212,176010,173887,11415,185302,2241
2022-06-08,San Luis Obispo,079,281455,56442,55822,4908,60730,484
2022-06-08,San Mateo,081,765935,142969,140569,8891,149460,710
2022-06-08,Santa Barbara,083,443738,92516,91747,5322,97069,693
2022-06-08,Santa Clara,085,1922200,366462,356452,15481,371933,2321
2022-06-08,Santa Cruz,087,273765,53615,52753,2575,55328,264
2022-06-08,Shasta,089,179085,31591,31394,6288,37682,565
2022-06-08,Sierra,091,2930,280,278,56,334,4
2022-06-08,Siskiyou,093,43540,4631,4609,2875,7484,81
2022-06-08,Solano,095,438530,90601,88522,6354,94876,453
2022-06-08,Sonoma,097,501317,93828,92644,3957,96601,491
2022-06-08,Stanislaus,099,539301,122853,121787,18793,140580,1662
2022-06-08,Sutter,101,95872,21351,21256,2238,23494,227
2022-06-08,Tehama,103,63373,12386,12306,2675,14981,205
2022-06-08,Trinity,105,12862,1217,1211,291,1502,20
2022-06-08,Tulare,107,460477,109632,109091,29343,138434,1494
2022-06-08,Tuolumne,109,53932,13497,13335,656,13991,189
2022-06-08,Ventura,111,848112,184349,182847,11140,193987,1506
2022-06-08,Yolo,113,214977,41743,39962,3317,43279,321
2022-06-08,Yuba,115,75493,16703,16558,1378,17936,122
2022-06-07,Alameda,001,1643700,293533,289661,16255,305916,1873
2022-06-07,Alpine,002,1148,129,128,1,129,0
2022-06-07,Amador,005,37829,9006,8818,718,9536,87
2022-06-07,Butte,007,227075,34863,34380,7622,42002,427
2022-06-07,Calaveras,009,45235,7618,7564,400,7964,122
2022-06-07,Colusa,011,21464,3517,3495,1086,4581,21
2022-06-07,Contra Costa,013,1133247,215835,209384,16253,225637,1310
2022-06-07,Del Norte,015,27424,6300,6229,262,6491,52
2022-06-07,El Dorado,017,186661,28697,28478,3532,32010,215
2022-06-07,Fresno,019,978130,244515,239376,25866,265242,2766
2022-06-07,Glenn,021,27897,5140,5095,1664,6759,48
2022-06-07,Humboldt,023,135768,18751,18598,3687,22285,147
2022-06-07,Imperial,025,180216,57216,56912,11079,67991,941
2022-06-07,Inyo,027,18085,4205,4189,586,4775,56
2022-06-07,Kern,029,883053,197847,196763,48486,245249,2338
2022-06-07,Kings,031,150075,53004,52821,3610,56431,447
2022-06-07,Lake,033,64148,11240,11158,968,12126,137
2022-06-07,Lassen,035,31185,9174,9148,904,10052,64
2022-06-07,Los Angeles,037,10098052,2891246,2865901,136876,3002777,31920
2022-06-07,Madera,039,155013,38657,38408,6518,44926,372
2022-06-07,Marin,041,260295,38811,38338,4247,42585,294
2022-06-07,Mariposa,043,17540,2635,2614,247,2861,30
2022-06-07,Mendocino,045,87422,13999,13859,3562,17421,127
2022-06-07,Merced,047,269075,65041,64080,9519,73599,825
2022-06-07,Modoc,049,8938,766,761,261,1022,8
2022-06-07,Mono,051,14174,3055,3044,167,3211,6
2022-06-07,Monterey,053,433212,83735,83063,16086,99149,740
2022-06-07,Napa,055,140530,28327,27996,1191,29187,143
2022-06-07,Nevada,057,99092,17045,16907,1385,18292,127
2022-06-07,Orange,059,3164182,582783,578530,47392,625922,7044
2022-06-07,Placer,061,380077,67608,66951,8178,75129,627
2022-06-07,Plumas,063,18699,3186,3150,386,3536,13
2022-06-07,Riverside,065,2383286,616944,613469,29683,643152,6480
2022-06-07,Sacramento,067,1510023,303678,300875,29831,330706,3054
2022-06-07,San Benito,069,59416,13924,13734,652,14386,99
2022-06-07,San Bernardino,071,2135413,596180,585029,26069,611098,7685
2022-06-07,San Diego,073,3302833,804536,800840,58677,859517,5308
2022-06-07,San Francisco,075,870044,150067,147960,9835,157795,885
2022-06-07,San Joaquin,077,732212,175674,173887,11378,185265,2241
2022-06-07,San Luis Obispo,079,281455,56339,55822,4863,60685,484
2022-06-07,San Mateo,081,765935,142550,140569,8836,149405,710
2022-06-07,Santa Barbara,083,443738,92370,91747,5309,97056,693
2022-06-07,Santa Clara,085,1922200,365317,356452,15401,371853,2321
2022-06-07,Santa Cruz,087,273765,53514,52753,2568,55321,264
2022-06-07,Shasta,089,179085,31554,31394,6281,37675,565
2022-06-07,Sierra,091,2930,279,278,56,334,4
2022-06-07,Siskiyou,093,43540,4624,4609,2871,7480,81
2022-06-07,Solano,095,438530,90271,88522,6337,94859,453
2022-06-07,Sonoma,097,501317,93601,92644,3925,96569,491
2022-06-07,Stanislaus,099,539301,122680,121787,18773,140560,1662
2022-06-07,Sutter,101,95872,21322,21256,2236,23492,227
2022-06-07,Tehama,103,63373,12370,12306,2671,14977,205
2022-06-07,Trinity,105,12862,1216,1211,291,1502,20
2022-06-07,Tulare,107,460477,109505,109091,29293,138384,1494
2022-06-07,Tuolumne,109,53932,13482,13335,654,13989,189
2022-06-07,Ventura,111,848112,183984,182847,11096,193943,1506
2022-06-07,Yolo,113,214977,41626,39962,3308,43270,321
2022-06-07,Yuba,115,75493,16674,16558,1377,17935,122
2022-06-06,Alameda,001,1643700,292647,289661,16207,305868,1873
2022-06-06,Alpine,002,1148,129,128,1,129,0
2022-06-06,Amador,005,37829,8955,8818,716,9534,87
2022-06-06,Butte,007,227075,34799,34380,7608,41988,427
2022-06-06,Calaveras,009,45235,7607,7564,400,7964,122
2022-06-06,Colusa,011,21464,3516,3495,1082,4577,21
2022-06-06,Contra Costa,013,1133247,215180,209384,16170,225554,1310
2022-06-06,Del Norte,015,27424,6292,6229,261,6490,52
2022-06-06,El Dorado,017,186661,28650,28478,3520,31998,215
2022-06-06,Fresno,019,978130,244090,239376,25796,265172,2766
2022-06-06,Glenn,021,27897,5132,5095,1662,6757,48
2022-06-06,Humboldt,023,135768,18713,18598,3674,22272,147
2022-06-06,Imperial,025,180216,57143,56912,11045,67957,941
2022-06-06,Inyo,027,18085,4201,4189,583,4772,56
2022-06-06,Kern,029,883053,197564,196763,48348,245111,2338
2022-06-06,Kings,031,150075,52947,52821,3607,56428,447
2022-06-06,Lake,033,64148,11220,11158,962,12120,137
2022-06-06,Lassen,035,31185,9164,9148,903,10051,64
2022-06-06,Los Angeles,037,10098052,2885615,2865901,136459,3002360,31920
2022-06-06,Madera,039,155013,38589,38408,6490,44898,372
2022-06-06,Marin,041,260295,38686,38338,4210,42548,294
2022-06-06,Mariposa,043,17540,2625,2614,245,2859,30
2022-06-06,Mendocino,045,87422,13970,13859,3551,17410,127
2022-06-06,Merced,047,269075,64921,64080,9495,73575,825
2022-06-06,Modoc,049,8938,764,761,259,1020,8
2022-06-06,Mono,051,14174,3052,3044,166,3210,6
2022-06-06,Monterey,053,433212,83592,83063,16021,99084,740
2022-06-06,Napa,055,140530,28248,27996,1182,29178,143
2022-06-06,Nevada,057,99092,17017,16907,1381,18288,127
2022-06-06,Orange,059,3164182,581651,578530,47214,625744,7044
2022-06-06,Placer,061,380077,67490,66951,8145,75096,627
2022-06-06,Plumas,063,18699,3179,3150,385,3535,13
2022-06-06,Riverside,065,2383286,616152,613469,29633,643102,6480
2022-06-06,Sacramento,067,1510023,302902,300875,29726,330601,3054
2022-06-06,San Benito,069,59416,13876,13734,648,14382,99
2022-06-06,San Bernardino,071,2135413,595406,585029,26027,611056,7685
2022-06-06,San Diego,073,3302833,802747,800840,58445,859285,5308
2022-06-06,San Francisco,075,870044,149548,147960,9814,157774,885
2022-06-06,San Joaquin,077,732212,175290,173887,11347,185234,2241
2022-06-06,San Luis Obispo,079,281455,56230,55822,4830,60652,484
2022-06-06,San Mateo,081,765935,142065,140569,8799,149368,710
2022-06-06,Santa Barbara,083,443738,92193,91747,5291,97038,693
2022-06-06,Santa Clara,085,1922200,364053,356452,15317,371769,2321
2022-06-06,Santa Cruz,087,273765,53359,52753,2556,55309,264
2022-06-06,Shasta,089,179085,31519,31394,6269,37663,565
2022-06-06,Sierra,091,2930,279,278,56,334,4
2022-06-06,Siskiyou,093,43540,4614,4609,2861,7470,81
2022-06-06,Solano,095,438530,89976,88522,6317,94839,453
2022-06-06,Sonoma,097,501317,93360,92644,3897,96541,491
2022-06-06,Stanislaus,099,539301,122492,121787,18747,140534,1662
2022-06-06,Sutter,101,95872,21292,21256,2230,23486,227
2022-06-06,Tehama,103,63373,12358,12306,2669,14975,205
2022-06-06,Trinity,105,12862,1214,1211,291,1502,20
2022-06-06,Tulare,107,460477,109364,109091,29238,138329,1494
2022-06-06,Tuolumne,109,53932,13463,13335,653,13988,189
2022-06-06,Ventura,111,848112,183677,182847,11053,193900,1506
2022-06-06,Yolo,113,214977,41469,39962,3297,43259,321
2022-06-06,Yuba,115,75493,16631,16558,1370,17928,122
2022-06-05,Alameda,001,1643700,291596,285785,16143,301928,1873
2022-06-05,Alpine,002,1148,128,128,1,129,0
2022-06-05,Amador,005,37829,8918,8775,713,9488,87
2022-06-05,Butte,007,227075,34720,34129,7590,41719,427
2022-06-05,Calaveras,009,45235,7591,7525,394,7919,121
2022-06-05,Colusa,011,21464,3510,3484,1082,4566,21
2022-06-05,Contra Costa,013,1133247,214470,206711,16061,222772,1310
2022-06-05,Del Norte,015,27424,6281,6206,257,6463,52
2022-06-05,El Dorado,017,186661,28573,28241,3511,31752,214
2022-06-05,Fresno,019,978130,243621,237945,25707,263652,2766
2022-06-05,Glenn,021,27897,5125,5063,1662,6725,48
2022-06-05,Humboldt,023,135768,18663,18433,3652,22085,147
2022-06-05,Imperial,025,180216,57048,56690,10994,67684,941
2022-06-05,Inyo,027,18085,4197,4176,578,4754,56
2022-06-05,Kern,029,883053,197253,195863,48231,244094,2338
2022-06-05,Kings,031,150075,52870,52597,3601,56198,447
2022-06-05,Lake,033,64148,11201,11064,958,12022,137
2022-06-05,Lassen,035,31185,9156,9106,899,10005,64
2022-06-05,Los Angeles,037,10098052,2879551,2846989,135935,2982924,31899
2022-06-05,Madera,039,155013,38526,38188,6474,44662,372
2022-06-05,Marin,041,260295,38572,37879,4177,42056,294
2022-06-05,Mariposa,043,17540,2623,2557,244,2801,30
2022-06-05,Mendocino,045,87422,13934,13738,3504,17242,125
2022-06-05,Merced,047,269075,64830,63756,9461,73217,825
2022-06-05,Modoc,049,8938,763,759,259,1018,8
2022-06-05,Mono,051,14174,3049,3037,164,3201,6
2022-06-05,Monterey,053,433212,83429,82451,15940,98391,738
2022-06-05,Napa,055,140530,28119,27686,1173,28859,143
2022-06-05,Nevada,057,99092,16974,16728,1365,18093,127
2022-06-05,Orange,059,3164182,580381,574146,47019,621165,7038
2022-06-05,Placer,061,380077,67348,66428,8112,74540,627
2022-06-05,Plumas,063,18699,3171,3138,385,3523,13
2022-06-05,Riverside,065,2383286,615212,610369,29570,639939,6481
2022-06-05,Sacramento,067,1510023,301989,297787,29580,327367,3052
2022-06-05,San Benito,069,59416,13831,13572,642,14214,99
2022-06-05,San Bernardino,071,2135413,594417,582305,25983,608288,7664
2022-06-05,San Diego,073,3302833,800853,794822,58253,853075,5303
2022-06-05,San Francisco,075,870044,148964,145876,9761,155637,881
2022-06-05,San Joaquin,077,732212,174851,172621,11299,183920,2242
2022-06-05,San Luis Obispo,079,281455,56068,55333,4757,60090,484
2022-06-05,San Mateo,081,765935,141549,138536,8751,147287,710
2022-06-05,Santa Barbara,083,443738,92001,90911,5272,96183,693
2022-06-05,Santa Clara,085,1922200,362631,351492,15228,366720,2317
2022-06-05,Santa Cruz,087,273765,53167,52333,2543,54876,263
2022-06-05,Shasta,089,179085,31478,31272,6258,37530,565
2022-06-05,Sierra,091,2930,279,278,56,334,4
2022-06-05,Siskiyou,093,43540,4609,4591,2849,7440,81
2022-06-05,Solano,095,438530,89631,87571,6300,93871,452
2022-06-05,Sonoma,097,501317,93080,91518,3868,95386,491
2022-06-05,Stanislaus,099,539301,122298,121001,18719,139720,1661
2022-06-05,Sutter,101,95872,21260,21125,2223,23348,227
2022-06-05,Tehama,103,63373,12339,12262,2666,14928,204
2022-06-05,Trinity,105,12862,1214,1204,291,1495,20
2022-06-05,Tulare,107,460477,109177,108598,29165,137763,1490
2022-06-05,Tuolumne,109,53932,13434,13251,640,13891,189
2022-06-05,Ventura,111,848112,183324,181709,10996,192705,1505
2022-06-05,Yolo,113,214977,41338,39561,3285,42846,321
2022-06-05,Yuba,115,75493,16590,16467,1362,17829,122
2022-06-04,Alameda,001,1643700,291091,285785,16119,301904,1873
2022-06-04,Alpine,002,1148,128,128,1,129,0
2022-06-04,Amador,005,37829,8909,8775,711,9486,87
2022-06-04,Butte,007,227075,34681,34129,7585,41714,427
2022-06-04,Calaveras,009,45235,7577,7525,394,7919,121
2022-06-04,Colusa,011,21464,3507,3484,1077,4561,21
2022-06-04,Contra Costa,013,1133247,214082,206711,16021,222732,1310
2022-06-04,Del Norte,015,27424,6280,6206,257,6463,52
2022-06-04,El Dorado,017,186661,28534,28241,3507,31748,214
2022-06-04,Fresno,019,978130,243450,237945,25690,263635,2766
2022-06-04,Glenn,021,27897,5121,5063,1661,6724,48
2022-06-04,Humboldt,023,135768,18641,18433,3646,22079,147
2022-06-04,Imperial,025,180216,56996,56690,10979,67669,941
2022-06-04,Inyo,027,18085,4197,4176,577,4753,56
2022-06-04,Kern,029,883053,197130,195863,48163,244026,2338
2022-06-04,Kings,031,150075,52829,52597,3601,56198,447
2022-06-04,Lake,033,64148,11186,11064,952,12016,137
2022-06-04,Lassen,035,31185,9151,9106,898,10004,64
2022-06-04,Los Angeles,037,10098052,2877094,2846989,135662,2982651,31899
2022-06-04,Madera,039,155013,38491,38188,6470,44658,372
2022-06-04,Marin,041,260295,38495,37879,4136,42015,294
2022-06-04,Mariposa,043,17540,2620,2557,244,2801,30
2022-06-04,Mendocino,045,87422,13921,13738,3503,17241,125
2022-06-04,Merced,047,269075,64780,63756,9452,73208,825
2022-06-04,Modoc,049,8938,762,759,258,1017,8
2022-06-04,Mono,051,14174,3049,3037,164,3201,6
2022-06-04,Monterey,053,433212,83344,82451,15905,98356,738
2022-06-04,Napa,055,140530,28077,27686,1171,28857,143
2022-06-04,Nevada,057,99092,16961,16728,1364,18092,127
2022-06-04,Orange,059,3164182,579738,574146,46892,621038,7038
2022-06-04,Placer,061,380077,67268,66428,8095,74523,627
2022-06-04,Plumas,063,18699,3167,3138,384,3522,13
2022-06-04,Riverside,065,2383286,614676,610369,29545,639914,6481
2022-06-04,Sacramento,067,1510023,301628,297787,29549,327336,3052
2022-06-04,San Benito,069,59416,13805,13572,639,14211,99
2022-06-04,San Bernardino,071,2135413,593968,582305,25954,608259,7664
2022-06-04,San Diego,073,3302833,800127,794822,58206,853028,5303
2022-06-04,San Francisco,075,870044,148634,145876,9740,155616,881
2022-06-04,San Joaquin,077,732212,174706,172621,11262,183883,2242
2022-06-04,San Luis Obispo,079,281455,56029,55333,4751,60084,484
2022-06-04,San Mateo,081,765935,141243,138536,8723,147259,710
2022-06-04,Santa Barbara,083,443738,91903,90911,5251,96162,693
2022-06-04,Santa Clara,085,1922200,361761,351492,15187,366679,2317
2022-06-04,Santa Cruz,087,273765,53082,52333,2530,54863,263
2022-06-04,Shasta,089,179085,31455,31272,6255,37527,565
2022-06-04,Sierra,091,2930,279,278,56,334,4
2022-06-04,Siskiyou,093,43540,4605,4591,2843,7434,81
2022-06-04,Solano,095,438530,89545,87571,6283,93854,452
2022-06-04,Sonoma,097,501317,92926,91518,3854,95372,491
2022-06-04,Stanislaus,099,539301,122160,121001,18704,139705,1661
2022-06-04,Sutter,101,95872,21233,21125,2220,23345,227
2022-06-04,Tehama,103,63373,12325,12262,2665,14927,204
2022-06-04,Trinity,105,12862,1214,1204,291,1495,20
2022-06-04,Tulare,107,460477,109111,108598,29123,137721,1490
2022-06-04,Tuolumne,109,53932,13424,13251,637,13888,189
2022-06-04,Ventura,111,848112,183139,181709,10979,192688,1505
2022-06-04,Yolo,113,214977,41255,39561,3280,42841,321
2022-06-04,Yuba,115,75493,16574,16467,1358,17825,122
2022-06-03,Alameda,001,1643700,290554,285785,16089,301874,1873
2022-06-03,Alpine,002,1148,128,128,1,129,0
2022-06-03,Amador,005,37829,8903,8775,709,9484,87
2022-06-03,Butte,007,227075,34630,34129,7575,41704,427
2022-06-03,Calaveras,009,45235,7572,7525,394,7919,121
2022-06-03,Colusa,011,21464,3507,3484,1075,4559,21
2022-06-03,Contra Costa,013,1133247,213772,206711,15992,222703,1310
2022-06-03,Del Norte,015,27424,6276,6206,254,6460,52
2022-06-03,El Dorado,017,186661,28505,28241,3504,31745,214
2022-06-03,Fresno,019,978130,243220,237945,25657,263602,2766
2022-06-03,Glenn,021,27897,5115,5063,1659,6722,48
2022-06-03,Humboldt,023,135768,18621,18433,3641,22074,147
2022-06-03,Imperial,025,180216,56950,56690,10969,67659,941
2022-06-03,Inyo,027,18085,4196,4176,577,4753,56
2022-06-03,Kern,029,883053,196988,195863,48095,243958,2338
2022-06-03,Kings,031,150075,52805,52597,3601,56198,447
2022-06-03,Lake,033,64148,11175,11064,949,12013,137
2022-06-03,Lassen,035,31185,9146,9106,898,10004,64
2022-06-03,Los Angeles,037,10098052,2874189,2846989,135373,2982362,31899
2022-06-03,Madera,039,155013,38447,38188,6461,44649,372
2022-06-03,Marin,041,260295,38426,37879,4101,41980,294
2022-06-03,Mariposa,043,17540,2617,2557,244,2801,30
2022-06-03,Mendocino,045,87422,13899,13738,3502,17240,125
2022-06-03,Merced,047,269075,64729,63756,9449,73205,825
2022-06-03,Modoc,049,8938,762,759,258,1017,8
2022-06-03,Mono,051,14174,3046,3037,164,3201,6
2022-06-03,Monterey,053,433212,83245,82451,15858,98309,738
2022-06-03,Napa,055,140530,28027,27686,1163,28849,143
2022-06-03,Nevada,057,99092,16941,16728,1363,18091,127
2022-06-03,Orange,059,3164182,579054,574146,46774,620920,7038
2022-06-03,Placer,061,380077,67183,66428,8079,74507,627
2022-06-03,Plumas,063,18699,3165,3138,383,3521,13
2022-06-03,Riverside,065,2383286,614148,610369,29515,639884,6481
2022-06-03,Sacramento,067,1510023,301157,297787,29514,327301,3052
2022-06-03,San Benito,069,59416,13792,13572,635,14207,99
2022-06-03,San Bernardino,071,2135413,593516,582305,25919,608224,7664
2022-06-03,San Diego,073,3302833,799181,794822,58083,852905,5303
2022-06-03,San Francisco,075,870044,148264,145876,9708,155584,881
2022-06-03,San Joaquin,077,732212,174541,172621,11243,183864,2242
2022-06-03,San Luis Obispo,079,281455,55984,55333,4742,60075,484
2022-06-03,San Mateo,081,765935,140959,138536,8711,147247,710
2022-06-03,Santa Barbara,083,443738,91784,90911,5249,96160,693
2022-06-03,Santa Clara,085,1922200,360868,351492,15140,366632,2317
2022-06-03,Santa Cruz,087,273765,52950,52333,2517,54850,263
2022-06-03,Shasta,089,179085,31443,31272,6254,37526,565
2022-06-03,Sierra,091,2930,279,278,56,334,4
2022-06-03,Siskiyou,093,43540,4600,4591,2842,7433,81
2022-06-03,Solano,095,438530,89428,87571,6272,93843,452
2022-06-03,Sonoma,097,501317,92779,91518,3845,95363,491
2022-06-03,Stanislaus,099,539301,122055,121001,18683,139684,1661
2022-06-03,Sutter,101,95872,21210,21125,2219,23344,227
2022-06-03,Tehama,103,63373,12319,12262,2664,14926,204
2022-06-03,Trinity,105,12862,1212,1204,291,1495,20
2022-06-03,Tulare,107,460477,109043,108598,29087,137685,1490
2022-06-03,Tuolumne,109,53932,13413,13251,634,13885,189
2022-06-03,Ventura,111,848112,182951,181709,10954,192663,1505
2022-06-03,Yolo,113,214977,41193,39561,3266,42827,321
2022-06-03,Yuba,115,75493,16549,16467,1356,17823,122
2022-06-02,Alameda,001,1643700,289652,285785,16025,301810,1873
2022-06-02,Alpine,002,1148,128,128,1,129,0
2022-06-02,Amador,005,37829,8880,8775,707,9482,87
2022-06-02,Butte,007,227075,34554,34129,7559,41688,427
2022-06-02,Calaveras,009,45235,7559,7525,393,7918,121
2022-06-02,Colusa,011,21464,3504,3484,1075,4559,21
2022-06-02,Contra Costa,013,1133247,213185,206711,15900,222611,1310
2022-06-02,Del Norte,015,27424,6265,6206,253,6459,52
2022-06-02,El Dorado,017,186661,28437,28241,3492,31733,214
2022-06-02,Fresno,019,978130,242873,237945,25602,263547,2766
2022-06-02,Glenn,021,27897,5109,5063,1656,6719,48
2022-06-02,Humboldt,023,135768,18580,18433,3620,22053,147
2022-06-02,Imperial,025,180216,56890,56690,10957,67647,941
2022-06-02,Inyo,027,18085,4196,4176,574,4750,56
2022-06-02,Kern,029,883053,196705,195863,47990,243853,2338
2022-06-02,Kings,031,150075,52753,52597,3596,56193,447
2022-06-02,Lake,033,64148,11153,11064,947,12011,137
2022-06-02,Lassen,035,31185,9135,9106,898,10004,64
2022-06-02,Los Angeles,037,10098052,2869271,2846989,134948,2981937,31899
2022-06-02,Madera,039,155013,38393,38188,6448,44636,372
2022-06-02,Marin,041,260295,38328,37879,4074,41953,294
2022-06-02,Mariposa,043,17540,2612,2557,243,2800,30
2022-06-02,Mendocino,045,87422,13870,13738,3494,17232,125
2022-06-02,Merced,047,269075,64652,63756,9439,73195,825
2022-06-02,Modoc,049,8938,761,759,258,1017,8
2022-06-02,Mono,051,14174,3046,3037,164,3201,6
2022-06-02,Monterey,053,433212,83094,82451,15794,98245,738
2022-06-02,Napa,055,140530,27951,27686,1160,28846,143
2022-06-02,Nevada,057,99092,16904,16728,1358,18086,127
2022-06-02,Orange,059,3164182,578023,574146,46609,620755,7038
2022-06-02,Placer,061,380077,67063,66428,8054,74482,627
2022-06-02,Plumas,063,18699,3156,3138,383,3521,13
2022-06-02,Riverside,065,2383286,613464,610369,29457,639826,6481
2022-06-02,Sacramento,067,1510023,300514,297787,29408,327195,3052
2022-06-02,San Benito,069,59416,13759,13572,633,14205,99
2022-06-02,San Bernardino,071,2135413,592846,582305,25873,608178,7664
2022-06-02,San Diego,073,3302833,797807,794822,57914,852736,5303
2022-06-02,San Francisco,075,870044,147845,145876,9659,155535,881
2022-06-02,San Joaquin,077,732212,174230,172621,11210,183831,2242
2022-06-02,San Luis Obispo,079,281455,55854,55333,4707,60040,484
2022-06-02,San Mateo,081,765935,140577,138536,8659,147195,710
2022-06-02,Santa Barbara,083,443738,91610,90911,5234,96145,693
2022-06-02,Santa Clara,085,1922200,359777,351492,15020,366512,2317
2022-06-02,Santa Cruz,087,273765,52834,52333,2506,54839,263
2022-06-02,Shasta,089,179085,31413,31272,6247,37519,565
2022-06-02,Sierra,091,2930,279,278,56,334,4
2022-06-02,Siskiyou,093,43540,4593,4591,2833,7424,81
2022-06-02,Solano,095,438530,89152,87571,6262,93833,452
2022-06-02,Sonoma,097,501317,92553,91518,3819,95337,491
2022-06-02,Stanislaus,099,539301,121895,121001,18654,139655,1661
2022-06-02,Sutter,101,95872,21183,21125,2213,23338,227
2022-06-02,Tehama,103,63373,12307,12262,2657,14919,204
2022-06-02,Trinity,105,12862,1210,1204,291,1495,20
2022-06-02,Tulare,107,460477,108913,108598,29020,137618,1490
2022-06-02,Tuolumne,109,53932,13394,13251,632,13883,189
2022-06-02,Ventura,111,848112,182680,181709,10920,192629,1505
2022-06-02,Yolo,113,214977,41084,39561,3256,42817,321
2022-06-02,Yuba,115,75493,16528,16467,1349,17816,122
2022-06-01,Alameda,001,1643700,288639,284051,15970,300021,1868
2022-06-01,Alpine,002,1148,128,128,1,129,0
2022-06-01,Amador,005,37829,8874,8741,705,9446,87
2022-06-01,Butte,007,227075,34484,34059,7545,41604,427
2022-06-01,Calaveras,009,45235,7554,7502,390,7892,120
2022-06-01,Colusa,011,21464,3501,3476,1075,4551,21
2022-06-01,Contra Costa,013,1133247,212540,205699,15823,221522,1310
2022-06-01,Del Norte,015,27424,6255,6188,252,6440,51
2022-06-01,El Dorado,017,186661,28376,28133,3474,31607,214
2022-06-01,Fresno,019,978130,242514,237367,25547,262914,2765
2022-06-01,Glenn,021,27897,5104,5059,1655,6714,48
2022-06-01,Humboldt,023,135768,18537,18371,3597,21968,147
2022-06-01,Imperial,025,180216,56822,56445,10930,67375,938
2022-06-01,Inyo,027,18085,4192,4171,568,4739,56
2022-06-01,Kern,029,883053,196479,195438,47907,243345,2336
2022-06-01,Kings,031,150075,52695,52491,3592,56083,447
2022-06-01,Lake,033,64148,11132,11024,942,11966,137
2022-06-01,Lassen,035,31185,9121,9083,897,9980,64
2022-06-01,Los Angeles,037,10098052,2863877,2836856,134516,2971372,31882
2022-06-01,Madera,039,155013,38355,38115,6434,44549,372
2022-06-01,Marin,041,260295,38212,37654,4034,41688,293
2022-06-01,Mariposa,043,17540,2597,2549,242,2791,30
2022-06-01,Mendocino,045,87422,13843,13692,3478,17170,125
2022-06-01,Merced,047,269075,64573,63637,9419,73056,824
2022-06-01,Modoc,049,8938,758,755,257,1012,8
2022-06-01,Mono,051,14174,3044,3035,163,3198,6
2022-06-01,Monterey,053,433212,82940,82215,15731,97946,737
2022-06-01,Napa,055,140530,27875,27580,1150,28730,143
2022-06-01,Nevada,057,99092,16865,16693,1349,18042,127
2022-06-01,Orange,059,3164182,576766,571973,46440,618413,7032
2022-06-01,Placer,061,380077,66921,66199,8022,74221,627
2022-06-01,Plumas,063,18699,3149,3117,382,3499,13
2022-06-01,Riverside,065,2383286,612724,608913,29411,638324,6480
2022-06-01,Sacramento,067,1510023,299758,296457,29299,325756,3045
2022-06-01,San Benito,069,59416,13721,13510,622,14132,98
2022-06-01,San Bernardino,071,2135413,592133,580767,25835,606602,7641
2022-06-01,San Diego,073,3302833,796117,791557,57716,849273,5292
2022-06-01,San Francisco,075,870044,147326,144476,9621,154097,879
2022-06-01,San Joaquin,077,732212,173931,172170,11181,183351,2241
2022-06-01,San Luis Obispo,079,281455,55687,55099,4674,59773,482
2022-06-01,San Mateo,081,765935,140093,137566,8584,146150,710
2022-06-01,Santa Barbara,083,443738,91427,90531,5219,95750,693
2022-06-01,Santa Clara,085,1922200,358615,348742,14929,363671,2317
2022-06-01,Santa Cruz,087,273765,52721,52141,2496,54637,263
2022-06-01,Shasta,089,179085,31382,31247,6244,37491,564
2022-06-01,Sierra,091,2930,279,280,56,336,4
2022-06-01,Siskiyou,093,43540,4587,4574,2828,7402,81
2022-06-01,Solano,095,438530,88915,87206,6234,93440,452
2022-06-01,Sonoma,097,501317,92299,91174,3795,94969,491
2022-06-01,Stanislaus,099,539301,121705,120778,18632,139410,1656
2022-06-01,Sutter,101,95872,21154,21065,2209,23274,227
2022-06-01,Tehama,103,63373,12300,12245,2653,14898,204
2022-06-01,Trinity,105,12862,1209,1200,290,1490,20
2022-06-01,Tulare,107,460477,108802,108401,28964,137365,1490
2022-06-01,Tuolumne,109,53932,13379,13221,631,13852,189
2022-06-01,Ventura,111,848112,182397,181163,10889,192052,1503
2022-06-01,Yolo,113,214977,41001,39371,3245,42616,320
2022-06-01,Yuba,115,75493,16504,16406,1341,17747,122
2022-05-31,Alameda,001,1643700,287532,284051,15916,299967,1868
2022-05-31,Alpine,002,1148,128,128,1,129,0
2022-05-31,Amador,005,37829,8856,8741,699,9440,87
2022-05-31,Butte,007,227075,34423,34059,7527,41586,427
2022-05-31,Calaveras,009,45235,7543,7502,390,7892,120
2022-05-31,Colusa,011,21464,3496,3476,1074,4550,21
2022-05-31,Contra Costa,013,1133247,211787,205699,15728,221427,1310
2022-05-31,Del Norte,015,27424,6246,6188,250,6438,51
2022-05-31,El Dorado,017,186661,28315,28133,3454,31587,214
2022-05-31,Fresno,019,978130,242111,237367,25478,262845,2765
2022-05-31,Glenn,021,27897,5096,5059,1653,6712,48
2022-05-31,Humboldt,023,135768,18506,18371,3577,21948,147
2022-05-31,Imperial,025,180216,56758,56445,10904,67349,938
2022-05-31,Inyo,027,18085,4186,4171,566,4737,56
2022-05-31,Kern,029,883053,196234,195438,47811,243249,2336
2022-05-31,Kings,031,150075,52645,52491,3586,56077,447
2022-05-31,Lake,033,64148,11113,11024,938,11962,137
2022-05-31,Lassen,035,31185,9109,9083,896,9979,64
2022-05-31,Los Angeles,037,10098052,2857809,2836856,134049,2970905,31882
2022-05-31,Madera,039,155013,38291,38115,6414,44529,372
2022-05-31,Marin,041,260295,38073,37654,3999,41653,293
2022-05-31,Mariposa,043,17540,2591,2549,237,2786,30
2022-05-31,Mendocino,045,87422,13808,13692,3461,17153,125
2022-05-31,Merced,047,269075,64486,63637,9396,73033,824
2022-05-31,Modoc,049,8938,756,755,257,1012,8
2022-05-31,Mono,051,14174,3040,3035,163,3198,6
2022-05-31,Monterey,053,433212,82780,82215,15665,97880,737
2022-05-31,Napa,055,140530,27782,27580,1147,28727,143
2022-05-31,Nevada,057,99092,16818,16693,1347,18040,127
2022-05-31,Orange,059,3164182,575535,571973,46237,618210,7032
2022-05-31,Placer,061,380077,66762,66199,7992,74191,627
2022-05-31,Plumas,063,18699,3145,3117,381,3498,13
2022-05-31,Riverside,065,2383286,611805,608913,29349,638262,6480
2022-05-31,Sacramento,067,1510023,298904,296457,29157,325614,3045
2022-05-31,San Benito,069,59416,13665,13510,617,14127,98
2022-05-31,San Bernardino,071,2135413,591251,580767,25799,606566,7641
2022-05-31,San Diego,073,3302833,794240,791557,57512,849069,5292
2022-05-31,San Francisco,075,870044,146683,144476,9579,154055,879
2022-05-31,San Joaquin,077,732212,173555,172170,11138,183308,2241
2022-05-31,San Luis Obispo,079,281455,55536,55099,4609,59708,482
2022-05-31,San Mateo,081,765935,139533,137566,8542,146108,710
2022-05-31,Santa Barbara,083,443738,91203,90531,5196,95727,693
2022-05-31,Santa Clara,085,1922200,357104,348742,14852,363594,2317
2022-05-31,Santa Cruz,087,273765,52601,52141,2476,54617,263
2022-05-31,Shasta,089,179085,31348,31247,6233,37480,564
2022-05-31,Sierra,091,2930,278,280,55,335,4
2022-05-31,Siskiyou,093,43540,4582,4574,2822,7396,81
2022-05-31,Solano,095,438530,88576,87206,6210,93416,452
2022-05-31,Sonoma,097,501317,92010,91174,3756,94930,491
2022-05-31,Stanislaus,099,539301,121500,120778,18607,139385,1656
2022-05-31,Sutter,101,95872,21125,21065,2203,23268,227
2022-05-31,Tehama,103,63373,12291,12245,2648,14893,204
2022-05-31,Trinity,105,12862,1208,1200,290,1490,20
2022-05-31,Tulare,107,460477,108666,108401,28904,137305,1490
2022-05-31,Tuolumne,109,53932,13364,13221,628,13849,189
2022-05-31,Ventura,111,848112,182077,181163,10840,192003,1503
2022-05-31,Yolo,113,214977,40829,39371,3234,42605,320
2022-05-31,Yuba,115,75493,16472,16406,1335,17741,122
2022-05-30,Alameda,001,1643700,286157,284051,15830,299881,1868
2022-05-30,Alpine,002,1148,128,128,1,129,0
2022-05-30,Amador,005,37829,8841,8741,698,9439,87
2022-05-30,Butte,007,227075,34346,34059,7504,41563,427
2022-05-30,Calaveras,009,45235,7534,7502,390,7892,120
2022-05-30,Colusa,011,21464,3494,3476,1073,4549,21
2022-05-30,Contra Costa,013,1133247,210943,205699,15592,221291,1310
2022-05-30,Del Norte,015,27424,6228,6188,249,6437,51
2022-05-30,El Dorado,017,186661,28237,28133,3434,31567,214
2022-05-30,Fresno,019,978130,241639,237367,25403,262770,2765
2022-05-30,Glenn,021,27897,5091,5059,1650,6709,48
2022-05-30,Humboldt,023,135768,18452,18371,3549,21920,147
2022-05-30,Imperial,025,180216,56677,56445,10874,67319,938
2022-05-30,Inyo,027,18085,4181,4171,565,4736,56
2022-05-30,Kern,029,883053,195953,195438,47695,243133,2336
2022-05-30,Kings,031,150075,52550,52491,3585,56076,447
2022-05-30,Lake,033,64148,11084,11024,929,11953,137
2022-05-30,Lassen,035,31185,9093,9083,893,9976,64
2022-05-30,Los Angeles,037,10098052,2850514,2836856,133545,2970401,31882
2022-05-30,Madera,039,155013,38235,38115,6374,44489,372
2022-05-30,Marin,041,260295,37947,37654,3957,41611,293
2022-05-30,Mariposa,043,17540,2568,2549,233,2782,30
2022-05-30,Mendocino,045,87422,13761,13692,3443,17135,125
2022-05-30,Merced,047,269075,64389,63637,9359,72996,824
2022-05-30,Modoc,049,8938,753,755,255,1010,8
2022-05-30,Mono,051,14174,3037,3035,163,3198,6
2022-05-30,Monterey,053,433212,82590,82215,15577,97792,737
2022-05-30,Napa,055,140530,27705,27580,1139,28719,143
2022-05-30,Nevada,057,99092,16771,16693,1342,18035,127
2022-05-30,Orange,059,3164182,574070,571973,46021,617994,7032
2022-05-30,Placer,061,380077,66622,66199,7963,74162,627
2022-05-30,Plumas,063,18699,3139,3117,378,3495,13
2022-05-30,Riverside,065,2383286,610794,608913,29271,638184,6480
2022-05-30,Sacramento,067,1510023,297951,296457,28999,325456,3045
2022-05-30,San Benito,069,59416,13603,13510,609,14119,98
2022-05-30,San Bernardino,071,2135413,590276,580767,25763,606530,7641
2022-05-30,San Diego,073,3302833,791970,791557,57219,848776,5292
2022-05-30,San Francisco,075,870044,146027,144476,9526,154002,879
2022-05-30,San Joaquin,077,732212,173157,172170,11097,183267,2241
2022-05-30,San Luis Obispo,079,281455,55329,55099,4538,59637,482
2022-05-30,San Mateo,081,765935,138851,137566,8490,146056,710
2022-05-30,Santa Barbara,083,443738,90947,90531,5162,95693,693
2022-05-30,Santa Clara,085,1922200,355549,348742,14764,363506,2317
2022-05-30,Santa Cruz,087,273765,52463,52141,2466,54607,263
2022-05-30,Shasta,089,179085,31309,31247,6226,37473,564
2022-05-30,Sierra,091,2930,278,280,55,335,4
2022-05-30,Siskiyou,093,43540,4573,4574,2810,7384,81
2022-05-30,Solano,095,438530,88228,87206,6154,93360,452
2022-05-30,Sonoma,097,501317,91724,91174,3712,94886,491
2022-05-30,Stanislaus,099,539301,121309,120778,18577,139355,1656
2022-05-30,Sutter,101,95872,21086,21065,2197,23262,227
2022-05-30,Tehama,103,63373,12275,12245,2644,14889,204
2022-05-30,Trinity,105,12862,1207,1200,290,1490,20
2022-05-30,Tulare,107,460477,108507,108401,28815,137216,1490
2022-05-30,Tuolumne,109,53932,13339,13221,624,13845,189
2022-05-30,Ventura,111,848112,181704,181163,10788,191951,1503
2022-05-30,Yolo,113,214977,40642,39371,3224,42595,320
2022-05-30,Yuba,115,75493,16444,16406,1331,17737,122
2022-05-29,Alameda,001,1643700,285671,280775,15806,296581,1863
2022-05-29,Alpine,002,1148,128,126,1,127,0
2022-05-29,Amador,005,37829,8836,8696,695,9391,86
2022-05-29,Butte,007,227075,34330,33876,7497,41373,426
2022-05-29,Calaveras,009,45235,7523,7469,390,7859,120
2022-05-29,Colusa,011,21464,3493,3474,1072,4546,21
2022-05-29,Contra Costa,013,1133247,210598,203528,15567,219095,1306
2022-05-29,Del Norte,015,27424,6226,6166,248,6414,51
2022-05-29,El Dorado,017,186661,28211,27898,3431,31329,214
2022-05-29,Fresno,019,978130,241509,236250,25383,261633,2764
2022-05-29,Glenn,021,27897,5086,5048,1650,6698,48
2022-05-29,Humboldt,023,135768,18431,18257,3538,21795,147
2022-05-29,Imperial,025,180216,56639,56323,10857,67180,939
2022-05-29,Inyo,027,18085,4180,4161,565,4726,56
2022-05-29,Kern,029,883053,195855,194687,47630,242317,2334
2022-05-29,Kings,031,150075,52524,52292,3585,55877,447
2022-05-29,Lake,033,64148,11075,10958,927,11885,137
2022-05-29,Lassen,035,31185,9089,9049,893,9942,64
2022-05-29,Los Angeles,037,10098052,2848273,2819145,133273,2952418,31862
2022-05-29,Madera,039,155013,38212,37955,6369,44324,371
2022-05-29,Marin,041,260295,37878,37215,3925,41140,293
2022-05-29,Mariposa,043,17540,2563,2526,233,2759,31
2022-05-29,Mendocino,045,87422,13740,13612,3442,17054,124
2022-05-29,Merced,047,269075,64368,63389,9356,72745,824
2022-05-29,Modoc,049,8938,753,751,255,1006,8
2022-05-29,Mono,051,14174,3036,3030,163,3193,6
2022-05-29,Monterey,053,433212,82525,81875,15533,97408,737
2022-05-29,Napa,055,140530,27677,27376,1138,28514,144
2022-05-29,Nevada,057,99092,16756,16568,1340,17908,127
2022-05-29,Orange,059,3164182,573493,568369,45844,614213,7028
2022-05-29,Placer,061,380077,66553,65672,7953,73625,626
2022-05-29,Plumas,063,18699,3132,3096,378,3474,13
2022-05-29,Riverside,065,2383286,610447,606444,29237,635681,6480
2022-05-29,Sacramento,067,1510023,297493,294000,28971,322971,3032
2022-05-29,San Benito,069,59416,13597,13402,607,14009,98
2022-05-29,San Bernardino,071,2135413,589982,578656,25747,604403,7610
2022-05-29,San Diego,073,3302833,791229,786243,57140,843383,5288
2022-05-29,San Francisco,075,870044,145598,142456,9517,151973,879
2022-05-29,San Joaquin,077,732212,172995,171282,11079,182361,2241
2022-05-29,San Luis Obispo,079,281455,55277,54701,4526,59227,481
2022-05-29,San Mateo,081,765935,138596,135746,8477,144223,710
2022-05-29,Santa Barbara,083,443738,90817,89940,5161,95101,693
2022-05-29,Santa Clara,085,1922200,354754,344223,14725,358948,2304
2022-05-29,Santa Cruz,087,273765,52387,51819,2459,54278,263
2022-05-29,Shasta,089,179085,31297,31165,6222,37387,564
2022-05-29,Sierra,091,2930,278,278,55,333,4
2022-05-29,Siskiyou,093,43540,4568,4537,2808,7345,81
2022-05-29,Solano,095,438530,88173,86565,6143,92708,452
2022-05-29,Sonoma,097,501317,91631,90364,3697,94061,490
2022-05-29,Stanislaus,099,539301,121210,120241,18558,138799,1657
2022-05-29,Sutter,101,95872,21066,20976,2197,23173,227
2022-05-29,Tehama,103,63373,12265,12210,2643,14853,204
2022-05-29,Trinity,105,12862,1206,1196,290,1486,20
2022-05-29,Tulare,107,460477,108422,108029,28770,136799,1484
2022-05-29,Tuolumne,109,53932,13324,13141,624,13765,189
2022-05-29,Ventura,111,848112,181559,179953,10778,190731,1503
2022-05-29,Yolo,113,214977,40590,39016,3221,42237,319
2022-05-29,Yuba,115,75493,16428,16314,1327,17641,122
2022-05-28,Alameda,001,1643700,285294,280775,15780,296555,1863
2022-05-28,Alpine,002,1148,128,126,1,127,0
2022-05-28,Amador,005,37829,8827,8696,695,9391,86
2022-05-28,Butte,007,227075,34306,33876,7481,41357,426
2022-05-28,Calaveras,009,45235,7519,7469,390,7859,120
2022-05-28,Colusa,011,21464,3488,3474,1071,4545,21
2022-05-28,Contra Costa,013,1133247,210330,203528,15543,219071,1306
2022-05-28,Del Norte,015,27424,6222,6166,246,6412,51
2022-05-28,El Dorado,017,186661,28181,27898,3430,31328,214
2022-05-28,Fresno,019,978130,241352,236250,25352,261602,2764
2022-05-28,Glenn,021,27897,5083,5048,1650,6698,48
2022-05-28,Humboldt,023,135768,18407,18257,3528,21785,147
2022-05-28,Imperial,025,180216,56613,56323,10847,67170,939
2022-05-28,Inyo,027,18085,4180,4161,563,4724,56
2022-05-28,Kern,029,883053,195756,194687,47580,242267,2334
2022-05-28,Kings,031,150075,52500,52292,3584,55876,447
2022-05-28,Lake,033,64148,11065,10958,927,11885,137
2022-05-28,Lassen,035,31185,9084,9049,893,9942,64
2022-05-28,Los Angeles,037,10098052,2846292,2819145,133006,2952151,31862
2022-05-28,Madera,039,155013,38195,37955,6366,44321,371
2022-05-28,Marin,041,260295,37811,37215,3895,41110,293
2022-05-28,Mariposa,043,17540,2559,2526,233,2759,31
2022-05-28,Mendocino,045,87422,13728,13612,3442,17054,124
2022-05-28,Merced,047,269075,64335,63389,9350,72739,824
2022-05-28,Modoc,049,8938,753,751,255,1006,8
2022-05-28,Mono,051,14174,3036,3030,162,3192,6
2022-05-28,Monterey,053,433212,82457,81875,15501,97376,737
2022-05-28,Napa,055,140530,27632,27376,1137,28513,144
2022-05-28,Nevada,057,99092,16744,16568,1338,17906,127
2022-05-28,Orange,059,3164182,572978,568369,45723,614092,7028
2022-05-28,Placer,061,380077,66480,65672,7940,73612,626
2022-05-28,Plumas,063,18699,3126,3096,377,3473,13
2022-05-28,Riverside,065,2383286,610067,606444,29209,635653,6480
2022-05-28,Sacramento,067,1510023,297220,294000,28951,322951,3032
2022-05-28,San Benito,069,59416,13582,13402,607,14009,98
2022-05-28,San Bernardino,071,2135413,589618,578656,25720,604376,7610
2022-05-28,San Diego,073,3302833,790572,786243,57088,843331,5288
2022-05-28,San Francisco,075,870044,145292,142456,9496,151952,879
2022-05-28,San Joaquin,077,732212,172891,171282,11064,182346,2241
2022-05-28,San Luis Obispo,079,281455,55242,54701,4523,59224,481
2022-05-28,San Mateo,081,765935,138318,135746,8450,144196,710
2022-05-28,Santa Barbara,083,443738,90717,89940,5151,95091,693
2022-05-28,Santa Clara,085,1922200,353968,344223,14698,358921,2304
2022-05-28,Santa Cruz,087,273765,52347,51819,2451,54270,263
2022-05-28,Shasta,089,179085,31286,31165,6217,37382,564
2022-05-28,Sierra,091,2930,278,278,54,332,4
2022-05-28,Siskiyou,093,43540,4560,4537,2804,7341,81
2022-05-28,Solano,095,438530,88099,86565,6133,92698,452
2022-05-28,Sonoma,097,501317,91488,90364,3686,94050,490
2022-05-28,Stanislaus,099,539301,121111,120241,18550,138791,1657
2022-05-28,Sutter,101,95872,21051,20976,2195,23171,227
2022-05-28,Tehama,103,63373,12253,12210,2640,14850,204
2022-05-28,Trinity,105,12862,1205,1196,290,1486,20
2022-05-28,Tulare,107,460477,108367,108029,28737,136766,1484
2022-05-28,Tuolumne,109,53932,13308,13141,623,13764,189
2022-05-28,Ventura,111,848112,181393,179953,10758,190711,1503
2022-05-28,Yolo,113,214977,40536,39016,3214,42230,319
2022-05-28,Yuba,115,75493,16414,16314,1325,17639,122
2022-05-27,Alameda,001,1643700,284818,280775,15739,296514,1863
2022-05-27,Alpine,002,1148,127,126,1,127,0
2022-05-27,Amador,005,37829,8822,8696,695,9391,86
2022-05-27,Butte,007,227075,34280,33876,7466,41342,426
2022-05-27,Calaveras,009,45235,7512,7469,390,7859,120
2022-05-27,Colusa,011,21464,3488,3474,1071,4545,21
2022-05-27,Contra Costa,013,1133247,210049,203528,15511,219039,1306
2022-05-27,Del Norte,015,27424,6216,6166,246,6412,51
2022-05-27,El Dorado,017,186661,28157,27898,3422,31320,214
2022-05-27,Fresno,019,978130,241178,236250,25320,261570,2764
2022-05-27,Glenn,021,27897,5081,5048,1649,6697,48
2022-05-27,Humboldt,023,135768,18397,18257,3522,21779,147
2022-05-27,Imperial,025,180216,56529,56323,10842,67165,939
2022-05-27,Inyo,027,18085,4178,4161,562,4723,56
2022-05-27,Kern,029,883053,195647,194687,47512,242199,2334
2022-05-27,Kings,031,150075,52472,52292,3581,55873,447
2022-05-27,Lake,033,64148,11059,10958,925,11883,137
2022-05-27,Lassen,035,31185,9080,9049,893,9942,64
2022-05-27,Los Angeles,037,10098052,2843941,2819145,132760,2951905,31862
2022-05-27,Madera,039,155013,38161,37955,6357,44312,371
2022-05-27,Marin,041,260295,37743,37215,3861,41076,293
2022-05-27,Mariposa,043,17540,2553,2526,233,2759,31
2022-05-27,Mendocino,045,87422,13711,13612,3438,17050,124
2022-05-27,Merced,047,269075,64294,63389,9345,72734,824
2022-05-27,Modoc,049,8938,753,751,255,1006,8
2022-05-27,Mono,051,14174,3035,3030,162,3192,6
2022-05-27,Monterey,053,433212,82398,81875,15456,97331,737
2022-05-27,Napa,055,140530,27599,27376,1134,28510,144
2022-05-27,Nevada,057,99092,16733,16568,1334,17902,127
2022-05-27,Orange,059,3164182,572420,568369,45613,613982,7028
2022-05-27,Placer,061,380077,66410,65672,7930,73602,626
2022-05-27,Plumas,063,18699,3123,3096,377,3473,13
2022-05-27,Riverside,065,2383286,609652,606444,29177,635621,6480
2022-05-27,Sacramento,067,1510023,296843,294000,28909,322909,3032
2022-05-27,San Benito,069,59416,13570,13402,607,14009,98
2022-05-27,San Bernardino,071,2135413,589281,578656,25695,604351,7610
2022-05-27,San Diego,073,3302833,789696,786243,56996,843239,5288
2022-05-27,San Francisco,075,870044,144960,142456,9456,151912,879
2022-05-27,San Joaquin,077,732212,172759,171282,11043,182325,2241
2022-05-27,San Luis Obispo,079,281455,55179,54701,4512,59213,481
2022-05-27,San Mateo,081,765935,138067,135746,8425,144171,710
2022-05-27,Santa Barbara,083,443738,90628,89940,5150,95090,693
2022-05-27,Santa Clara,085,1922200,353224,344223,14682,358905,2304
2022-05-27,Santa Cruz,087,273765,52292,51819,2439,54258,263
2022-05-27,Shasta,089,179085,31276,31165,6211,37376,564
2022-05-27,Sierra,091,2930,278,278,54,332,4
2022-05-27,Siskiyou,093,43540,4558,4537,2802,7339,81
2022-05-27,Solano,095,438530,87971,86565,6122,92687,452
2022-05-27,Sonoma,097,501317,91343,90364,3674,94038,490
2022-05-27,Stanislaus,099,539301,121029,120241,18535,138776,1657
2022-05-27,Sutter,101,95872,21034,20976,2194,23170,227
2022-05-27,Tehama,103,63373,12250,12210,2639,14849,204
2022-05-27,Trinity,105,12862,1205,1196,290,1486,20
2022-05-27,Tulare,107,460477,108299,108029,28700,136729,1484
2022-05-27,Tuolumne,109,53932,13298,13141,622,13763,189
2022-05-27,Ventura,111,848112,181217,179953,10735,190688,1503
2022-05-27,Yolo,113,214977,40466,39016,3206,42222,319
2022-05-27,Yuba,115,75493,16400,16314,1324,17638,122
2022-05-26,Alameda,001,1643700,283967,280775,15664,296439,1863
2022-05-26,Alpine,002,1148,127,126,1,127,0
2022-05-26,Amador,005,37829,8809,8696,695,9391,86
2022-05-26,Butte,007,227075,34224,33876,7444,41320,426
2022-05-26,Calaveras,009,45235,7502,7469,390,7859,120
2022-05-26,Colusa,011,21464,3485,3474,1068,4542,21
2022-05-26,Contra Costa,013,1133247,209570,203528,15438,218966,1306
2022-05-26,Del Norte,015,27424,6208,6166,242,6408,51
2022-05-26,El Dorado,017,186661,28108,27898,3411,31309,214
2022-05-26,Fresno,019,978130,240922,236250,25264,261514,2764
2022-05-26,Glenn,021,27897,5075,5048,1649,6697,48
2022-05-26,Humboldt,023,135768,18356,18257,3509,21766,147
2022-05-26,Imperial,025,180216,56497,56323,10827,67150,939
2022-05-26,Inyo,027,18085,4177,4161,559,4720,56
2022-05-26,Kern,029,883053,195483,194687,47437,242124,2334
2022-05-26,Kings,031,150075,52425,52292,3578,55870,447
2022-05-26,Lake,033,64148,11044,10958,925,11883,137
2022-05-26,Lassen,035,31185,9071,9049,893,9942,64
2022-05-26,Los Angeles,037,10098052,2839772,2819145,132426,2951571,31862
2022-05-26,Madera,039,155013,38117,37955,6346,44301,371
2022-05-26,Marin,041,260295,37648,37215,3820,41035,293
2022-05-26,Mariposa,043,17540,2548,2526,231,2757,31
2022-05-26,Mendocino,045,87422,13685,13612,3429,17041,124
2022-05-26,Merced,047,269075,64229,63389,9335,72724,824
2022-05-26,Modoc,049,8938,752,751,255,1006,8
2022-05-26,Mono,051,14174,3034,3030,161,3191,6
2022-05-26,Monterey,053,433212,82319,81875,15403,97278,737
2022-05-26,Napa,055,140530,27547,27376,1132,28508,144
2022-05-26,Nevada,057,99092,16702,16568,1325,17893,127
2022-05-26,Orange,059,3164182,571513,568369,45487,613856,7028
2022-05-26,Placer,061,380077,66269,65672,7910,73582,626
2022-05-26,Plumas,063,18699,3119,3096,376,3472,13
2022-05-26,Riverside,065,2383286,609035,606444,29126,635570,6480
2022-05-26,Sacramento,067,1510023,296188,294000,28817,322817,3032
2022-05-26,San Benito,069,59416,13554,13402,605,14007,98
2022-05-26,San Bernardino,071,2135413,588735,578656,25680,604336,7610
2022-05-26,San Diego,073,3302833,788392,786243,56855,843098,5288
2022-05-26,San Francisco,075,870044,144503,142456,9409,151865,879
2022-05-26,San Joaquin,077,732212,172535,171282,11019,182301,2241
2022-05-26,San Luis Obispo,079,281455,55080,54701,4481,59182,481
2022-05-26,San Mateo,081,765935,137674,135746,8387,144133,710
2022-05-26,Santa Barbara,083,443738,90480,89940,5130,95070,693
2022-05-26,Santa Clara,085,1922200,352262,344223,14596,358819,2304
2022-05-26,Santa Cruz,087,273765,52201,51819,2431,54250,263
2022-05-26,Shasta,089,179085,31249,31165,6208,37373,564
2022-05-26,Sierra,091,2930,278,278,54,332,4
2022-05-26,Siskiyou,093,43540,4554,4537,2800,7337,81
2022-05-26,Solano,095,438530,87768,86565,6113,92678,452
2022-05-26,Sonoma,097,501317,91152,90364,3647,94011,490
2022-05-26,Stanislaus,099,539301,120925,120241,18516,138757,1657
2022-05-26,Sutter,101,95872,21014,20976,2190,23166,227
2022-05-26,Tehama,103,63373,12240,12210,2638,14848,204
2022-05-26,Trinity,105,12862,1203,1196,290,1486,20
2022-05-26,Tulare,107,460477,108234,108029,28645,136674,1484
2022-05-26,Tuolumne,109,53932,13278,13141,618,13759,189
2022-05-26,Ventura,111,848112,180955,179953,10698,190651,1503
2022-05-26,Yolo,113,214977,40363,39016,3197,42213,319
2022-05-26,Yuba,115,75493,16384,16314,1322,17636,122
2022-05-25,Alameda,001,1643700,283060,278228,15607,293835,1860
2022-05-25,Alpine,002,1148,126,126,1,127,0
2022-05-25,Amador,005,37829,8792,8654,693,9347,86
2022-05-25,Butte,007,227075,34162,33755,7421,41176,426
2022-05-25,Calaveras,009,45235,7494,7450,388,7838,120
2022-05-25,Colusa,011,21464,3484,3471,1066,4537,21
2022-05-25,Contra Costa,013,1133247,209017,201866,15364,217230,1306
2022-05-25,Del Norte,015,27424,6202,6145,236,6381,50
2022-05-25,El Dorado,017,186661,28057,27715,3402,31117,213
2022-05-25,Fresno,019,978130,240634,235569,25214,260783,2763
2022-05-25,Glenn,021,27897,5070,5030,1647,6677,48
2022-05-25,Humboldt,023,135768,18330,18133,3490,21623,147
2022-05-25,Imperial,025,180216,56441,56203,10815,67018,923
2022-05-25,Inyo,027,18085,4174,4152,559,4711,56
2022-05-25,Kern,029,883053,195289,194251,47350,241601,2336
2022-05-25,Kings,031,150075,52372,52178,3574,55752,447
2022-05-25,Lake,033,64148,11031,10908,924,11832,137
2022-05-25,Lassen,035,31185,9064,9028,893,9921,64
2022-05-25,Los Angeles,037,10098052,2835147,2806770,132055,2938825,31845
2022-05-25,Madera,039,155013,38078,37867,6333,44200,370
2022-05-25,Marin,041,260295,37548,36890,3792,40682,293
2022-05-25,Mariposa,043,17540,2538,2514,229,2743,30
2022-05-25,Mendocino,045,87422,13670,13545,3423,16968,124
2022-05-25,Merced,047,269075,64162,63220,9305,72525,823
2022-05-25,Modoc,049,8938,751,750,254,1004,8
2022-05-25,Mono,051,14174,3034,3024,160,3184,6
2022-05-25,Monterey,053,433212,82254,81592,15360,96952,737
2022-05-25,Napa,055,140530,27498,27240,1126,28366,143
2022-05-25,Nevada,057,99092,16667,16517,1319,17836,127
2022-05-25,Orange,059,3164182,570498,565564,45329,610893,7026
2022-05-25,Placer,061,380077,66125,65309,7889,73198,626
2022-05-25,Plumas,063,18699,3113,3065,375,3440,13
2022-05-25,Riverside,065,2383286,608354,604465,29074,633539,6480
2022-05-25,Sacramento,067,1510023,295544,292211,28709,320920,3028
2022-05-25,San Benito,069,59416,13519,13338,598,13936,98
2022-05-25,San Bernardino,071,2135413,588205,576982,25654,602636,7568
2022-05-25,San Diego,073,3302833,786927,782420,56668,839088,5284
2022-05-25,San Francisco,075,870044,144001,141015,9381,150396,872
2022-05-25,San Joaquin,077,732212,172298,170626,10998,181624,2238
2022-05-25,San Luis Obispo,079,281455,54973,54342,4429,58771,481
2022-05-25,San Mateo,081,765935,137216,134441,8321,142762,710
2022-05-25,Santa Barbara,083,443738,90313,89426,5115,94541,693
2022-05-25,Santa Clara,085,1922200,351193,340868,14490,355358,2304
2022-05-25,Santa Cruz,087,273765,52117,51644,2416,54060,263
2022-05-25,Shasta,089,179085,31224,31072,6199,37271,564
2022-05-25,Sierra,091,2930,278,277,54,331,4
2022-05-25,Siskiyou,093,43540,4544,4516,2797,7313,81
2022-05-25,Solano,095,438530,87552,86024,6096,92120,451
2022-05-25,Sonoma,097,501317,90960,89810,3608,93418,490
2022-05-25,Stanislaus,099,539301,120790,119894,18493,138387,1654
2022-05-25,Sutter,101,95872,20989,20904,2187,23091,226
2022-05-25,Tehama,103,63373,12234,12189,2634,14823,201
2022-05-25,Trinity,105,12862,1203,1194,290,1484,20
2022-05-25,Tulare,107,460477,108151,107790,28602,136392,1482
2022-05-25,Tuolumne,109,53932,13256,13086,615,13701,182
2022-05-25,Ventura,111,848112,180665,179116,10661,189777,1499
2022-05-25,Yolo,113,214977,40269,38782,3187,41969,319
2022-05-25,Yuba,115,75493,16357,16260,1316,17576,122
2022-05-24,Alameda,001,1643700,282179,278228,15548,293776,1860
2022-05-24,Alpine,002,1148,126,126,1,127,0
2022-05-24,Amador,005,37829,8785,8654,689,9343,86
2022-05-24,Butte,007,227075,34118,33755,7399,41154,426
2022-05-24,Calaveras,009,45235,7487,7450,386,7836,120
2022-05-24,Colusa,011,21464,3482,3471,1064,4535,21
2022-05-24,Contra Costa,013,1133247,208364,201866,15264,217130,1306
2022-05-24,Del Norte,015,27424,6197,6145,234,6379,50
2022-05-24,El Dorado,017,186661,27988,27715,3395,31110,213
2022-05-24,Fresno,019,978130,240321,235569,25177,260746,2763
2022-05-24,Glenn,021,27897,5068,5030,1647,6677,48
2022-05-24,Humboldt,023,135768,18298,18133,3472,21605,147
2022-05-24,Imperial,025,180216,56388,56203,10802,67005,923
2022-05-24,Inyo,027,18085,4166,4152,556,4708,56
2022-05-24,Kern,029,883053,195093,194251,47244,241495,2336
2022-05-24,Kings,031,150075,52307,52178,3569,55747,447
2022-05-24,Lake,033,64148,11014,10908,922,11830,137
2022-05-24,Lassen,035,31185,9051,9028,889,9917,64
2022-05-24,Los Angeles,037,10098052,2829876,2806770,131666,2938436,31845
2022-05-24,Madera,039,155013,38031,37867,6318,44185,370
2022-05-24,Marin,041,260295,37439,36890,3743,40633,293
2022-05-24,Mariposa,043,17540,2531,2514,227,2741,30
2022-05-24,Mendocino,045,87422,13646,13545,3413,16958,124
2022-05-24,Merced,047,269075,64102,63220,9274,72494,823
2022-05-24,Modoc,049,8938,750,750,253,1003,8
2022-05-24,Mono,051,14174,3031,3024,160,3184,6
2022-05-24,Monterey,053,433212,82164,81592,15299,96891,737
2022-05-24,Napa,055,140530,27449,27240,1114,28354,143
2022-05-24,Nevada,057,99092,16625,16517,1312,17829,127
2022-05-24,Orange,059,3164182,569450,565564,45157,610721,7026
2022-05-24,Placer,061,380077,66022,65309,7873,73182,626
2022-05-24,Plumas,063,18699,3107,3065,375,3440,13
2022-05-24,Riverside,065,2383286,607659,604465,29025,633490,6480
2022-05-24,Sacramento,067,1510023,294859,292211,28588,320799,3028
2022-05-24,San Benito,069,59416,13484,13338,596,13934,98
2022-05-24,San Bernardino,071,2135413,587580,576982,25625,602607,7568
2022-05-24,San Diego,073,3302833,785278,782420,56454,838874,5284
2022-05-24,San Francisco,075,870044,143463,141015,9354,150369,872
2022-05-24,San Joaquin,077,732212,172030,170626,10966,181592,2238
2022-05-24,San Luis Obispo,079,281455,54822,54342,4376,58718,481
2022-05-24,San Mateo,081,765935,136679,134441,8267,142708,710
2022-05-24,Santa Barbara,083,443738,90150,89426,5088,94514,693
2022-05-24,Santa Clara,085,1922200,349903,340868,14400,355268,2304
2022-05-24,Santa Cruz,087,273765,52040,51644,2406,54050,263
2022-05-24,Shasta,089,179085,31199,31072,6187,37259,564
2022-05-24,Sierra,091,2930,278,277,54,331,4
2022-05-24,Siskiyou,093,43540,4534,4516,2789,7305,81
2022-05-24,Solano,095,438530,87316,86024,6069,92093,451
2022-05-24,Sonoma,097,501317,90751,89810,3570,93380,490
2022-05-24,Stanislaus,099,539301,120649,119894,18457,138351,1654
2022-05-24,Sutter,101,95872,20968,20904,2183,23087,226
2022-05-24,Tehama,103,63373,12225,12189,2632,14821,201
2022-05-24,Trinity,105,12862,1200,1194,290,1484,20
2022-05-24,Tulare,107,460477,108031,107790,28548,136338,1482
2022-05-24,Tuolumne,109,53932,13241,13086,615,13701,182
2022-05-24,Ventura,111,848112,180354,179116,10611,189727,1499
2022-05-24,Yolo,113,214977,40165,38782,3182,41964,319
2022-05-24,Yuba,115,75493,16330,16260,1308,17568,122
2022-05-23,Alameda,001,1643700,281243,278228,15459,293687,1860
2022-05-23,Alpine,002,1148,126,126,1,127,0
2022-05-23,Amador,005,37829,8752,8654,686,9340,86
2022-05-23,Butte,007,227075,34070,33755,7371,41126,426
2022-05-23,Calaveras,009,45235,7480,7450,384,7834,120
2022-05-23,Colusa,011,21464,3481,3471,1062,4533,21
2022-05-23,Contra Costa,013,1133247,207623,201866,15182,217048,1306
2022-05-23,Del Norte,015,27424,6192,6145,230,6375,50
2022-05-23,El Dorado,017,186661,27905,27715,3386,31101,213
2022-05-23,Fresno,019,978130,239972,235569,25110,260679,2763
2022-05-23,Glenn,021,27897,5064,5030,1643,6673,48
2022-05-23,Humboldt,023,135768,18271,18133,3450,21583,147
2022-05-23,Imperial,025,180216,56345,56203,10781,66984,923
2022-05-23,Inyo,027,18085,4163,4152,555,4707,56
2022-05-23,Kern,029,883053,194875,194251,47158,241409,2336
2022-05-23,Kings,031,150075,52258,52178,3564,55742,447
2022-05-23,Lake,033,64148,10995,10908,920,11828,137
2022-05-23,Lassen,035,31185,9043,9028,886,9914,64
2022-05-23,Los Angeles,037,10098052,2824470,2806770,131302,2938072,31845
2022-05-23,Madera,039,155013,38000,37867,6295,44162,370
2022-05-23,Marin,041,260295,37297,36890,3698,40588,293
2022-05-23,Mariposa,043,17540,2529,2514,225,2739,30
2022-05-23,Mendocino,045,87422,13624,13545,3399,16944,124
2022-05-23,Merced,047,269075,64024,63220,9246,72466,823
2022-05-23,Modoc,049,8938,749,750,253,1003,8
2022-05-23,Mono,051,14174,3031,3024,160,3184,6
2022-05-23,Monterey,053,433212,82064,81592,15235,96827,737
2022-05-23,Napa,055,140530,27392,27240,1107,28347,143
2022-05-23,Nevada,057,99092,16590,16517,1309,17826,127
2022-05-23,Orange,059,3164182,568432,565564,45009,610573,7026
2022-05-23,Placer,061,380077,65884,65309,7840,73149,626
2022-05-23,Plumas,063,18699,3104,3065,374,3439,13
2022-05-23,Riverside,065,2383286,606929,604465,28973,633438,6480
2022-05-23,Sacramento,067,1510023,294111,292211,28461,320672,3028
2022-05-23,San Benito,069,59416,13449,13338,593,13931,98
2022-05-23,San Bernardino,071,2135413,586941,576982,25591,602573,7568
2022-05-23,San Diego,073,3302833,783556,782420,56242,838662,5284
2022-05-23,San Francisco,075,870044,142894,141015,9321,150336,872
2022-05-23,San Joaquin,077,732212,171758,170626,10933,181559,2238
2022-05-23,San Luis Obispo,079,281455,54676,54342,4329,58671,481
2022-05-23,San Mateo,081,765935,136098,134441,8217,142658,710
2022-05-23,Santa Barbara,083,443738,89915,89426,5064,94490,693
2022-05-23,Santa Clara,085,1922200,348519,340868,14312,355180,2304
2022-05-23,Santa Cruz,087,273765,51937,51644,2391,54035,263
2022-05-23,Shasta,089,179085,31176,31072,6181,37253,564
2022-05-23,Sierra,091,2930,278,277,54,331,4
2022-05-23,Siskiyou,093,43540,4520,4516,2785,7301,81
2022-05-23,Solano,095,438530,87043,86024,6049,92073,451
2022-05-23,Sonoma,097,501317,90523,89810,3521,93331,490
2022-05-23,Stanislaus,099,539301,120508,119894,18417,138311,1654
2022-05-23,Sutter,101,95872,20928,20904,2178,23082,226
2022-05-23,Tehama,103,63373,12213,12189,2631,14820,201
2022-05-23,Trinity,105,12862,1199,1194,290,1484,20
2022-05-23,Tulare,107,460477,107910,107790,28478,136268,1482
2022-05-23,Tuolumne,109,53932,13217,13086,611,13697,182
2022-05-23,Ventura,111,848112,180023,179116,10580,189696,1499
2022-05-23,Yolo,113,214977,40032,38782,3165,41947,319
2022-05-23,Yuba,115,75493,16300,16260,1304,17564,122
2022-05-22,Alameda,001,1643700,280158,274996,15350,290346,1858
2022-05-22,Alpine,002,1148,126,126,1,127,0
2022-05-22,Amador,005,37829,8735,8628,680,9308,86
2022-05-22,Butte,007,227075,34018,33606,7343,40949,426
2022-05-22,Calaveras,009,45235,7469,7424,380,7804,120
2022-05-22,Colusa,011,21464,3477,3468,1059,4527,21
2022-05-22,Contra Costa,013,1133247,206892,199703,15048,214751,1305
2022-05-22,Del Norte,015,27424,6176,6045,219,6264,50
2022-05-22,El Dorado,017,186661,27829,27517,3370,30887,213
2022-05-22,Fresno,019,978130,239625,234657,25057,259714,2760
2022-05-22,Glenn,021,27897,5054,5020,1642,6662,48
2022-05-22,Humboldt,023,135768,18218,17984,3423,21407,146
2022-05-22,Imperial,025,180216,56277,56014,10765,66779,923
2022-05-22,Inyo,027,18085,4155,4135,553,4688,56
2022-05-22,Kern,029,883053,194638,193705,47058,240763,2334
2022-05-22,Kings,031,150075,52195,52038,3558,55596,447
2022-05-22,Lake,033,64148,10963,10867,918,11785,137
2022-05-22,Lassen,035,31185,9027,9011,883,9894,64
2022-05-22,Los Angeles,037,10098052,2818628,2791671,130875,2922546,31815
2022-05-22,Madera,039,155013,37953,37744,6260,44004,370
2022-05-22,Marin,041,260295,37151,36394,3654,40048,293
2022-05-22,Mariposa,043,17540,2525,2490,224,2714,30
2022-05-22,Mendocino,045,87422,13596,13461,3370,16831,124
2022-05-22,Merced,047,269075,63948,62969,9215,72184,823
2022-05-22,Modoc,049,8938,748,750,253,1003,8
2022-05-22,Mono,051,14174,3030,3012,160,3172,6
2022-05-22,Monterey,053,433212,81906,81224,15136,96360,735
2022-05-22,Napa,055,140530,27321,27034,1099,28133,143
2022-05-22,Nevada,057,99092,16556,16410,1298,17708,127
2022-05-22,Orange,059,3164182,567324,562531,44825,607356,7025
2022-05-22,Placer,061,380077,65721,64802,7807,72609,626
2022-05-22,Plumas,063,18699,3097,3052,372,3424,13
2022-05-22,Riverside,065,2383286,606086,601808,28907,630715,6476
2022-05-22,Sacramento,067,1510023,293309,289972,28300,318272,3027
2022-05-22,San Benito,069,59416,13417,13234,587,13821,98
2022-05-22,San Bernardino,071,2135413,586229,575194,25552,600746,7523
2022-05-22,San Diego,073,3302833,781937,777404,56048,833452,5282
2022-05-22,San Francisco,075,870044,142209,138922,9304,148226,871
2022-05-22,San Joaquin,077,732212,171448,169745,10889,180634,2237
2022-05-22,San Luis Obispo,079,281455,54521,54012,4268,58280,481
2022-05-22,San Mateo,081,765935,135526,132636,8163,140799,711
2022-05-22,Santa Barbara,083,443738,89683,88783,5029,93812,692
2022-05-22,Santa Clara,085,1922200,347074,336488,14235,350723,2301
2022-05-22,Santa Cruz,087,273765,51844,51333,2377,53710,263
2022-05-22,Shasta,089,179085,31127,30966,6169,37135,564
2022-05-22,Sierra,091,2930,278,276,54,330,4
2022-05-22,Siskiyou,093,43540,4511,4501,2784,7285,81
2022-05-22,Solano,095,438530,86758,85038,6016,91054,451
2022-05-22,Sonoma,097,501317,90236,88889,3466,92355,489
2022-05-22,Stanislaus,099,539301,120334,119396,18392,137788,1653
2022-05-22,Sutter,101,95872,20898,20809,2170,22979,226
2022-05-22,Tehama,103,63373,12205,12162,2626,14788,201
2022-05-22,Trinity,105,12862,1199,1191,289,1480,20
2022-05-22,Tulare,107,460477,107806,107485,28394,135879,1477
2022-05-22,Tuolumne,109,53932,13197,12977,609,13586,182
2022-05-22,Ventura,111,848112,179676,178024,10528,188552,1499
2022-05-22,Yolo,113,214977,39907,38377,3141,41518,319
2022-05-22,Yuba,115,75493,16273,16180,1295,17475,122
2022-05-21,Alameda,001,1643700,279694,274996,15329,290325,1858
2022-05-21,Alpine,002,1148,126,126,1,127,0
2022-05-21,Amador,005,37829,8724,8628,680,9308,86
2022-05-21,Butte,007,227075,33997,33606,7329,40935,426
2022-05-21,Calaveras,009,45235,7463,7424,380,7804,120
2022-05-21,Colusa,011,21464,3477,3468,1058,4526,21
2022-05-21,Contra Costa,013,1133247,206533,199703,15015,214718,1305
2022-05-21,Del Norte,015,27424,6171,6045,217,6262,50
2022-05-21,El Dorado,017,186661,27792,27517,3368,30885,213
2022-05-21,Fresno,019,978130,239492,234657,25036,259693,2760
2022-05-21,Glenn,021,27897,5051,5020,1641,6661,48
2022-05-21,Humboldt,023,135768,18193,17984,3415,21399,146
2022-05-21,Imperial,025,180216,56243,56014,10761,66775,923
2022-05-21,Inyo,027,18085,4153,4135,551,4686,56
2022-05-21,Kern,029,883053,194540,193705,46998,240703,2334
2022-05-21,Kings,031,150075,52172,52038,3557,55595,447
2022-05-21,Lake,033,64148,10955,10867,918,11785,137
2022-05-21,Lassen,035,31185,9024,9011,883,9894,64
2022-05-21,Los Angeles,037,10098052,2816314,2791671,130629,2922300,31815
2022-05-21,Madera,039,155013,37935,37744,6254,43998,370
2022-05-21,Marin,041,260295,37056,36394,3610,40004,293
2022-05-21,Mariposa,043,17540,2523,2490,224,2714,30
2022-05-21,Mendocino,045,87422,13585,13461,3365,16826,124
2022-05-21,Merced,047,269075,63913,62969,9209,72178,823
2022-05-21,Modoc,049,8938,747,750,253,1003,8
2022-05-21,Mono,051,14174,3030,3012,160,3172,6
2022-05-21,Monterey,053,433212,81840,81224,15081,96305,735
2022-05-21,Napa,055,140530,27288,27034,1096,28130,143
2022-05-21,Nevada,057,99092,16550,16410,1298,17708,127
2022-05-21,Orange,059,3164182,566806,562531,44711,607242,7025
2022-05-21,Placer,061,380077,65616,64802,7795,72597,626
2022-05-21,Plumas,063,18699,3090,3052,372,3424,13
2022-05-21,Riverside,065,2383286,605612,601808,28882,630690,6476
2022-05-21,Sacramento,067,1510023,292980,289972,28270,318242,3027
2022-05-21,San Benito,069,59416,13405,13234,579,13813,98
2022-05-21,San Bernardino,071,2135413,585889,575194,25527,600721,7523
2022-05-21,San Diego,073,3302833,781244,777404,55984,833388,5282
2022-05-21,San Francisco,075,870044,141902,138922,9291,148213,871
2022-05-21,San Joaquin,077,732212,171331,169745,10870,180615,2237
2022-05-21,San Luis Obispo,079,281455,54442,54012,4254,58266,481
2022-05-21,San Mateo,081,765935,135213,132636,8137,140773,711
2022-05-21,Santa Barbara,083,443738,89591,88783,5016,93799,692
2022-05-21,Santa Clara,085,1922200,346223,336488,14192,350680,2301
2022-05-21,Santa Cruz,087,273765,51799,51333,2358,53691,263
2022-05-21,Shasta,089,179085,31116,30966,6167,37133,564
2022-05-21,Sierra,091,2930,277,276,54,330,4
2022-05-21,Siskiyou,093,43540,4507,4501,2782,7283,81
2022-05-21,Solano,095,438530,86673,85038,6010,91048,451
2022-05-21,Sonoma,097,501317,90110,88889,3457,92346,489
2022-05-21,Stanislaus,099,539301,120252,119396,18368,137764,1653
2022-05-21,Sutter,101,95872,20888,20809,2165,22974,226
2022-05-21,Tehama,103,63373,12203,12162,2625,14787,201
2022-05-21,Trinity,105,12862,1199,1191,289,1480,20
2022-05-21,Tulare,107,460477,107745,107485,28358,135843,1477
2022-05-21,Tuolumne,109,53932,13190,12977,609,13586,182
2022-05-21,Ventura,111,848112,179501,178024,10509,188533,1499
2022-05-21,Yolo,113,214977,39844,38377,3130,41507,319
2022-05-21,Yuba,115,75493,16260,16180,1293,17473,122
2022-05-20,Alameda,001,1643700,279153,274996,15303,290299,1858
2022-05-20,Alpine,002,1148,126,126,1,127,0
2022-05-20,Amador,005,37829,8717,8628,680,9308,86
2022-05-20,Butte,007,227075,33975,33606,7317,40923,426
2022-05-20,Calaveras,009,45235,7455,7424,380,7804,120
2022-05-20,Colusa,011,21464,3477,3468,1058,4526,21
2022-05-20,Contra Costa,013,1133247,206175,199703,14998,214701,1305
2022-05-20,Del Norte,015,27424,6166,6045,216,6261,50
2022-05-20,El Dorado,017,186661,27758,27517,3365,30882,213
2022-05-20,Fresno,019,978130,239332,234657,25005,259662,2760
2022-05-20,Glenn,021,27897,5048,5020,1641,6661,48
2022-05-20,Humboldt,023,135768,18171,17984,3407,21391,146
2022-05-20,Imperial,025,180216,56219,56014,10758,66772,923
2022-05-20,Inyo,027,18085,4150,4135,547,4682,56
2022-05-20,Kern,029,883053,194436,193705,46950,240655,2334
2022-05-20,Kings,031,150075,52157,52038,3556,55594,447
2022-05-20,Lake,033,64148,10938,10867,918,11785,137
2022-05-20,Lassen,035,31185,9022,9011,883,9894,64
2022-05-20,Los Angeles,037,10098052,2813952,2791671,130399,2922070,31815
2022-05-20,Madera,039,155013,37916,37744,6246,43990,370
2022-05-20,Marin,041,260295,36982,36394,3571,39965,293
2022-05-20,Mariposa,043,17540,2518,2490,224,2714,30
2022-05-20,Mendocino,045,87422,13570,13461,3361,16822,124
2022-05-20,Merced,047,269075,63879,62969,9206,72175,823
2022-05-20,Modoc,049,8938,747,750,253,1003,8
2022-05-20,Mono,051,14174,3026,3012,160,3172,6
2022-05-20,Monterey,053,433212,81782,81224,15041,96265,735
2022-05-20,Napa,055,140530,27258,27034,1092,28126,143
2022-05-20,Nevada,057,99092,16542,16410,1296,17706,127
2022-05-20,Orange,059,3164182,566230,562531,44612,607143,7025
2022-05-20,Placer,061,380077,65537,64802,7779,72581,626
2022-05-20,Plumas,063,18699,3088,3052,372,3424,13
2022-05-20,Riverside,065,2383286,605159,601808,28859,630667,6476
2022-05-20,Sacramento,067,1510023,292605,289972,28247,318219,3027
2022-05-20,San Benito,069,59416,13388,13234,578,13812,98
2022-05-20,San Bernardino,071,2135413,585568,575194,25508,600702,7523
2022-05-20,San Diego,073,3302833,780444,777404,55894,833298,5282
2022-05-20,San Francisco,075,870044,141567,138922,9260,148182,871
2022-05-20,San Joaquin,077,732212,171209,169745,10862,180607,2237
2022-05-20,San Luis Obispo,079,281455,54406,54012,4249,58261,481
2022-05-20,San Mateo,081,765935,134892,132636,8114,140750,711
2022-05-20,Santa Barbara,083,443738,89507,88783,5011,93794,692
2022-05-20,Santa Clara,085,1922200,345427,336488,14141,350629,2301
2022-05-20,Santa Cruz,087,273765,51754,51333,2340,53673,263
2022-05-20,Shasta,089,179085,31103,30966,6164,37130,564
2022-05-20,Sierra,091,2930,277,276,54,330,4
2022-05-20,Siskiyou,093,43540,4504,4501,2780,7281,81
2022-05-20,Solano,095,438530,86529,85038,6002,91040,451
2022-05-20,Sonoma,097,501317,89983,88889,3444,92333,489
2022-05-20,Stanislaus,099,539301,120170,119396,18355,137751,1653
2022-05-20,Sutter,101,95872,20879,20809,2164,22973,226
2022-05-20,Tehama,103,63373,12199,12162,2624,14786,201
2022-05-20,Trinity,105,12862,1199,1191,289,1480,20
2022-05-20,Tulare,107,460477,107686,107485,28319,135804,1477
2022-05-20,Tuolumne,109,53932,13171,12977,607,13584,182
2022-05-20,Ventura,111,848112,179304,178024,10491,188515,1499
2022-05-20,Yolo,113,214977,39775,38377,3124,41501,319
2022-05-20,Yuba,115,75493,16245,16180,1289,17469,122
2022-05-19,Alameda,001,1643700,278330,274996,15234,290230,1858
2022-05-19,Alpine,002,1148,126,126,1,127,0
2022-05-19,Amador,005,37829,8709,8628,680,9308,86
2022-05-19,Butte,007,227075,33937,33606,7308,40914,426
2022-05-19,Calaveras,009,45235,7449,7424,377,7801,120
2022-05-19,Colusa,011,21464,3476,3468,1057,4525,21
2022-05-19,Contra Costa,013,1133247,205631,199703,14924,214627,1305
2022-05-19,Del Norte,015,27424,6162,6045,211,6256,50
2022-05-19,El Dorado,017,186661,27706,27517,3350,30867,213
2022-05-19,Fresno,019,978130,239106,234657,24965,259622,2760
2022-05-19,Glenn,021,27897,5047,5020,1637,6657,48
2022-05-19,Humboldt,023,135768,18137,17984,3392,21376,146
2022-05-19,Imperial,025,180216,56171,56014,10757,66771,923
2022-05-19,Inyo,027,18085,4146,4135,546,4681,56
2022-05-19,Kern,029,883053,194295,193705,46875,240580,2334
2022-05-19,Kings,031,150075,52130,52038,3555,55593,447
2022-05-19,Lake,033,64148,10930,10867,916,11783,137
2022-05-19,Lassen,035,31185,9018,9011,883,9894,64
2022-05-19,Los Angeles,037,10098052,2809991,2791671,130068,2921739,31815
2022-05-19,Madera,039,155013,37879,37744,6230,43974,370
2022-05-19,Marin,041,260295,36886,36394,3538,39932,293
2022-05-19,Mariposa,043,17540,2510,2490,224,2714,30
2022-05-19,Mendocino,045,87422,13547,13461,3354,16815,124
2022-05-19,Merced,047,269075,63817,62969,9190,72159,823
2022-05-19,Modoc,049,8938,747,750,253,1003,8
2022-05-19,Mono,051,14174,3025,3012,156,3168,6
2022-05-19,Monterey,053,433212,81701,81224,14976,96200,735
2022-05-19,Napa,055,140530,27201,27034,1089,28123,143
2022-05-19,Nevada,057,99092,16508,16410,1289,17699,127
2022-05-19,Orange,059,3164182,565389,562531,44481,607012,7025
2022-05-19,Placer,061,380077,65413,64802,7763,72565,626
2022-05-19,Plumas,063,18699,3082,3052,372,3424,13
2022-05-19,Riverside,065,2383286,604528,601808,28815,630623,6476
2022-05-19,Sacramento,067,1510023,292042,289972,28162,318134,3027
2022-05-19,San Benito,069,59416,13360,13234,575,13809,98
2022-05-19,San Bernardino,071,2135413,585052,575194,25487,600681,7523
2022-05-19,San Diego,073,3302833,779207,777404,55729,833133,5282
2022-05-19,San Francisco,075,870044,141097,138922,9227,148149,871
2022-05-19,San Joaquin,077,732212,170964,169745,10845,180590,2237
2022-05-19,San Luis Obispo,079,281455,54302,54012,4217,58229,481
2022-05-19,San Mateo,081,765935,134421,132636,8056,140692,711
2022-05-19,Santa Barbara,083,443738,89354,88783,4984,93767,692
2022-05-19,Santa Clara,085,1922200,344345,336488,14054,350542,2301
2022-05-19,Santa Cruz,087,273765,51676,51333,2326,53659,263
2022-05-19,Shasta,089,179085,31074,30966,6158,37124,564
2022-05-19,Sierra,091,2930,277,276,54,330,4
2022-05-19,Siskiyou,093,43540,4501,4501,2778,7279,81
2022-05-19,Solano,095,438530,86341,85038,5977,91015,451
2022-05-19,Sonoma,097,501317,89778,88889,3410,92299,489
2022-05-19,Stanislaus,099,539301,120039,119396,18333,137729,1653
2022-05-19,Sutter,101,95872,20843,20809,2161,22970,226
2022-05-19,Tehama,103,63373,12189,12162,2621,14783,201
2022-05-19,Trinity,105,12862,1198,1191,289,1480,20
2022-05-19,Tulare,107,460477,107594,107485,28273,135758,1477
2022-05-19,Tuolumne,109,53932,13147,12977,604,13581,182
2022-05-19,Ventura,111,848112,179029,178024,10452,188476,1499
2022-05-19,Yolo,113,214977,39685,38377,3116,41493,319
2022-05-19,Yuba,115,75493,16225,16180,1281,17461,122
2022-05-18,Alameda,001,1643700,277485,272530,15166,287696,1859
2022-05-18,Alpine,002,1148,126,126,1,127,0
2022-05-18,Amador,005,37829,8691,8592,680,9272,86
2022-05-18,Butte,007,227075,33896,33486,7293,40779,426
2022-05-18,Calaveras,009,45235,7441,7400,377,7777,120
2022-05-18,Colusa,011,21464,3476,3467,1057,4524,21
2022-05-18,Contra Costa,013,1133247,205072,198207,14837,213044,1303
2022-05-18,Del Norte,015,27424,6153,6001,207,6208,50
2022-05-18,El Dorado,017,186661,27656,27388,3343,30731,212
2022-05-18,Fresno,019,978130,238842,234055,24924,258979,2759
2022-05-18,Glenn,021,27897,5046,5012,1637,6649,48
2022-05-18,Humboldt,023,135768,18112,17868,3371,21239,146
2022-05-18,Imperial,025,180216,56109,55915,10750,66665,918
2022-05-18,Inyo,027,18085,4142,4120,540,4660,56
2022-05-18,Kern,029,883053,194178,193338,46815,240153,2327
2022-05-18,Kings,031,150075,52101,51903,3552,55455,447
2022-05-18,Lake,033,64148,10921,10831,915,11746,137
2022-05-18,Lassen,035,31185,9012,8994,883,9877,65
2022-05-18,Los Angeles,037,10098052,2805668,2780354,129786,2910140,31789
2022-05-18,Madera,039,155013,37841,37644,6221,43865,365
2022-05-18,Marin,041,260295,36796,36024,3497,39521,293
2022-05-18,Mariposa,043,17540,2503,2481,224,2705,30
2022-05-18,Mendocino,045,87422,13526,13403,3339,16742,124
2022-05-18,Merced,047,269075,63752,62802,9163,71965,818
2022-05-18,Modoc,049,8938,747,748,253,1001,8
2022-05-18,Mono,051,14174,3024,3010,154,3164,6
2022-05-18,Monterey,053,433212,81593,80955,14920,95875,735
2022-05-18,Napa,055,140530,27159,26912,1082,27994,143
2022-05-18,Nevada,057,99092,16488,16361,1284,17645,127
2022-05-18,Orange,059,3164182,564577,560094,44372,604466,7021
2022-05-18,Placer,061,380077,65267,64432,7748,72180,626
2022-05-18,Plumas,063,18699,3074,3022,369,3391,13
2022-05-18,Riverside,065,2383286,603877,599947,28763,628710,6471
2022-05-18,Sacramento,067,1510023,291519,288335,28078,316413,3022
2022-05-18,San Benito,069,59416,13336,13186,571,13757,98
2022-05-18,San Bernardino,071,2135413,584581,573790,25460,599250,7455
2022-05-18,San Diego,073,3302833,777771,773934,55565,829499,5277
2022-05-18,San Francisco,075,870044,140570,137341,9200,146541,869
2022-05-18,San Joaquin,077,732212,170729,169045,10760,179805,2236
2022-05-18,San Luis Obispo,079,281455,54203,53756,4183,57939,478
2022-05-18,San Mateo,081,765935,133990,131330,7989,139319,709
2022-05-18,Santa Barbara,083,443738,89194,88317,4963,93280,693
2022-05-18,Santa Clara,085,1922200,343196,333230,13961,347191,2300
2022-05-18,Santa Cruz,087,273765,51588,51020,2313,53333,263
2022-05-18,Shasta,089,179085,31051,30899,6153,37052,558
2022-05-18,Sierra,091,2930,277,275,54,329,4
2022-05-18,Siskiyou,093,43540,4496,4495,2776,7271,81
2022-05-18,Solano,095,438530,86077,84476,5959,90435,451
2022-05-18,Sonoma,097,501317,89579,88195,3371,91566,489
2022-05-18,Stanislaus,099,539301,119929,119025,18300,137325,1645
2022-05-18,Sutter,101,95872,20821,20763,2152,22915,226
2022-05-18,Tehama,103,63373,12183,12133,2618,14751,201
2022-05-18,Trinity,105,12862,1198,1189,289,1478,20
2022-05-18,Tulare,107,460477,107525,107292,28215,135507,1477
2022-05-18,Tuolumne,109,53932,13128,12917,602,13519,182
2022-05-18,Ventura,111,848112,178760,177233,10408,187641,1497
2022-05-18,Yolo,113,214977,39573,38139,3104,41243,316
2022-05-18,Yuba,115,75493,16201,16109,1272,17381,122
2022-05-17,Alameda,001,1643700,276646,272530,15099,287629,1859
2022-05-17,Alpine,002,1148,126,126,1,127,0
2022-05-17,Amador,005,37829,8682,8592,678,9270,86
2022-05-17,Butte,007,227075,33844,33486,7272,40758,426
2022-05-17,Calaveras,009,45235,7434,7400,377,7777,120
2022-05-17,Colusa,011,21464,3475,3467,1056,4523,21
2022-05-17,Contra Costa,013,1133247,204434,198207,14752,212959,1303
2022-05-17,Del Norte,015,27424,6138,6001,207,6208,50
2022-05-17,El Dorado,017,186661,27605,27388,3337,30725,212
2022-05-17,Fresno,019,978130,238588,234055,24893,258948,2759
2022-05-17,Glenn,021,27897,5043,5012,1636,6648,48
2022-05-17,Humboldt,023,135768,18072,17868,3354,21222,146
2022-05-17,Imperial,025,180216,56066,55915,10740,66655,918
2022-05-17,Inyo,027,18085,4140,4120,531,4651,56
2022-05-17,Kern,029,883053,194021,193338,46759,240097,2327
2022-05-17,Kings,031,150075,52058,51903,3548,55451,447
2022-05-17,Lake,033,64148,10906,10831,913,11744,137
2022-05-17,Lassen,035,31185,9007,8994,882,9876,65
2022-05-17,Los Angeles,037,10098052,2801144,2780354,129473,2909827,31789
2022-05-17,Madera,039,155013,37815,37644,6206,43850,365
2022-05-17,Marin,041,260295,36663,36024,3436,39460,293
2022-05-17,Mariposa,043,17540,2498,2481,223,2704,30
2022-05-17,Mendocino,045,87422,13500,13403,3329,16732,124
2022-05-17,Merced,047,269075,63686,62802,9144,71946,818
2022-05-17,Modoc,049,8938,747,748,253,1001,8
2022-05-17,Mono,051,14174,3020,3010,154,3164,6
2022-05-17,Monterey,053,433212,81475,80955,14856,95811,735
2022-05-17,Napa,055,140530,27111,26912,1074,27986,143
2022-05-17,Nevada,057,99092,16459,16361,1276,17637,127
2022-05-17,Orange,059,3164182,563664,560094,44230,604324,7021
2022-05-17,Placer,061,380077,65107,64432,7711,72143,626
2022-05-17,Plumas,063,18699,3068,3022,368,3390,13
2022-05-17,Riverside,065,2383286,603189,599947,28720,628667,6471
2022-05-17,Sacramento,067,1510023,290886,288335,27975,316310,3022
2022-05-17,San Benito,069,59416,13299,13186,570,13756,98
2022-05-17,San Bernardino,071,2135413,584090,573790,25446,599236,7455
2022-05-17,San Diego,073,3302833,776256,773934,55398,829332,5277
2022-05-17,San Francisco,075,870044,139992,137341,9169,146510,869
2022-05-17,San Joaquin,077,732212,170487,169045,10719,179764,2236
2022-05-17,San Luis Obispo,079,281455,54110,53756,4139,57895,478
2022-05-17,San Mateo,081,765935,133490,131330,7950,139280,709
2022-05-17,Santa Barbara,083,443738,88996,88317,4945,93262,693
2022-05-17,Santa Clara,085,1922200,342015,333230,13888,347118,2300
2022-05-17,Santa Cruz,087,273765,51511,51020,2305,53325,263
2022-05-17,Shasta,089,179085,31014,30899,6150,37049,558
2022-05-17,Sierra,091,2930,277,275,54,329,4
2022-05-17,Siskiyou,093,43540,4494,4495,2774,7269,81
2022-05-17,Solano,095,438530,85791,84476,5929,90405,451
2022-05-17,Sonoma,097,501317,89335,88195,3326,91521,489
2022-05-17,Stanislaus,099,539301,119780,119025,18271,137296,1645
2022-05-17,Sutter,101,95872,20801,20763,2148,22911,226
2022-05-17,Tehama,103,63373,12171,12133,2615,14748,201
2022-05-17,Trinity,105,12862,1197,1189,289,1478,20
2022-05-17,Tulare,107,460477,107432,107292,28177,135469,1477
2022-05-17,Tuolumne,109,53932,13114,12917,602,13519,182
2022-05-17,Ventura,111,848112,178437,177233,10354,187587,1497
2022-05-17,Yolo,113,214977,39436,38139,3097,41236,316
2022-05-17,Yuba,115,75493,16176,16109,1269,17378,122
2022-05-16,Alameda,001,1643700,275640,272530,15022,287552,1859
2022-05-16,Alpine,002,1148,126,126,1,127,0
2022-05-16,Amador,005,37829,8672,8592,677,9269,86
2022-05-16,Butte,007,227075,33786,33486,7256,40742,426
2022-05-16,Calaveras,009,45235,7428,7400,375,7775,120
2022-05-16,Colusa,011,21464,3474,3467,1056,4523,21
2022-05-16,Contra Costa,013,1133247,203789,198207,14671,212878,1303
2022-05-16,Del Norte,015,27424,6125,6001,204,6205,50
2022-05-16,El Dorado,017,186661,27546,27388,3329,30717,212
2022-05-16,Fresno,019,978130,238323,234055,24851,258906,2759
2022-05-16,Glenn,021,27897,5038,5012,1631,6643,48
2022-05-16,Humboldt,023,135768,18026,17868,3340,21208,146
2022-05-16,Imperial,025,180216,56002,55915,10726,66641,918
2022-05-16,Inyo,027,18085,4136,4120,528,4648,56
2022-05-16,Kern,029,883053,193869,193338,46693,240031,2327
2022-05-16,Kings,031,150075,52008,51903,3547,55450,447
2022-05-16,Lake,033,64148,10899,10831,912,11743,137
2022-05-16,Lassen,035,31185,9002,8994,880,9874,65
2022-05-16,Los Angeles,037,10098052,2796723,2780354,129187,2909541,31789
2022-05-16,Madera,039,155013,37784,37644,6183,43827,365
2022-05-16,Marin,041,260295,36499,36024,3388,39412,293
2022-05-16,Mariposa,043,17540,2497,2481,222,2703,30
2022-05-16,Mendocino,045,87422,13474,13403,3317,16720,124
2022-05-16,Merced,047,269075,63615,62802,9108,71910,818
2022-05-16,Modoc,049,8938,747,748,253,1001,8
2022-05-16,Mono,051,14174,3017,3010,154,3164,6
2022-05-16,Monterey,053,433212,81363,80955,14770,95725,735
2022-05-16,Napa,055,140530,27060,26912,1069,27981,143
2022-05-16,Nevada,057,99092,16440,16361,1271,17632,127
2022-05-16,Orange,059,3164182,562807,560094,44102,604196,7021
2022-05-16,Placer,061,380077,64997,64432,7679,72111,626
2022-05-16,Plumas,063,18699,3058,3022,367,3389,13
2022-05-16,Riverside,065,2383286,602474,599947,28664,628611,6471
2022-05-16,Sacramento,067,1510023,290218,288335,27880,316215,3022
2022-05-16,San Benito,069,59416,13281,13186,564,13750,98
2022-05-16,San Bernardino,071,2135413,583617,573790,25416,599206,7455
2022-05-16,San Diego,073,3302833,774715,773934,55230,829164,5277
2022-05-16,San Francisco,075,870044,139289,137341,9137,146478,869
2022-05-16,San Joaquin,077,732212,170209,169045,10534,179579,2236
2022-05-16,San Luis Obispo,079,281455,54007,53756,4110,57866,478
2022-05-16,San Mateo,081,765935,132943,131330,7895,139225,709
2022-05-16,Santa Barbara,083,443738,88851,88317,4934,93251,693
2022-05-16,Santa Clara,085,1922200,340690,333230,13801,347031,2300
2022-05-16,Santa Cruz,087,273765,51432,51020,2290,53310,263
2022-05-16,Shasta,089,179085,30981,30899,6142,37041,558
2022-05-16,Sierra,091,2930,277,275,53,328,4
2022-05-16,Siskiyou,093,43540,4491,4495,2767,7262,81
2022-05-16,Solano,095,438530,85530,84476,5903,90379,451
2022-05-16,Sonoma,097,501317,89035,88195,3288,91483,489
2022-05-16,Stanislaus,099,539301,119636,119025,18238,137263,1645
2022-05-16,Sutter,101,95872,20787,20763,2141,22904,226
2022-05-16,Tehama,103,63373,12163,12133,2612,14745,201
2022-05-16,Trinity,105,12862,1196,1189,289,1478,20
2022-05-16,Tulare,107,460477,107352,107292,28132,135424,1477
2022-05-16,Tuolumne,109,53932,13081,12917,599,13516,182
2022-05-16,Ventura,111,848112,178106,177233,10296,187529,1497
2022-05-16,Yolo,113,214977,39301,38139,3088,41227,316
2022-05-16,Yuba,115,75493,16149,16109,1266,17375,122
2022-05-15,Alameda,001,1643700,274574,268944,14952,283896,1857
2022-05-15,Alpine,002,1148,126,125,1,126,0
2022-05-15,Amador,005,37829,8656,8574,672,9246,86
2022-05-15,Butte,007,227075,33728,33377,7235,40612,424
2022-05-15,Calaveras,009,45235,7409,7378,373,7751,120
2022-05-15,Colusa,011,21464,3471,3463,1054,4517,21
2022-05-15,Contra Costa,013,1133247,203021,195925,14589,210514,1301
2022-05-15,Del Norte,015,27424,6051,5919,202,6121,50
2022-05-15,El Dorado,017,186661,27484,27216,3316,30532,212
2022-05-15,Fresno,019,978130,238055,233305,24817,258122,2757
2022-05-15,Glenn,021,27897,5035,5004,1630,6634,48
2022-05-15,Humboldt,023,135768,17977,17633,3300,20933,146
2022-05-15,Imperial,025,180216,55966,55756,10704,66460,917
2022-05-15,Inyo,027,18085,4132,4114,524,4638,56
2022-05-15,Kern,029,883053,193691,192939,46610,239549,2314
2022-05-15,Kings,031,150075,51948,51779,3543,55322,447
2022-05-15,Lake,033,64148,10881,10790,909,11699,137
2022-05-15,Lassen,035,31185,8993,8987,879,9866,65
2022-05-15,Los Angeles,037,10098052,2792136,2768726,128815,2897541,31768
2022-05-15,Madera,039,155013,37742,37520,6165,43685,365
2022-05-15,Marin,041,260295,36328,35486,3349,38835,293
2022-05-15,Mariposa,043,17540,2492,2463,221,2684,30
2022-05-15,Mendocino,045,87422,13454,13349,3290,16639,124
2022-05-15,Merced,047,269075,63531,62627,9062,71689,818
2022-05-15,Modoc,049,8938,746,747,253,1000,8
2022-05-15,Mono,051,14174,3014,3002,152,3154,6
2022-05-15,Monterey,053,433212,81253,80620,14682,95302,735
2022-05-15,Napa,055,140530,27005,26698,1065,27763,143
2022-05-15,Nevada,057,99092,16410,16240,1268,17508,127
2022-05-15,Orange,059,3164182,561854,557134,43961,601095,7017
2022-05-15,Placer,061,380077,64820,63963,7650,71613,626
2022-05-15,Plumas,063,18699,3052,3006,367,3373,13
2022-05-15,Riverside,065,2383286,601754,597914,28596,626510,6471
2022-05-15,Sacramento,067,1510023,289501,286403,27744,314147,3022
2022-05-15,San Benito,069,59416,13256,13106,562,13668,98
2022-05-15,San Bernardino,071,2135413,583068,572057,25387,597444,7423
2022-05-15,San Diego,073,3302833,773210,770323,55032,825355,5271
2022-05-15,San Francisco,075,870044,138575,134916,9102,144018,866
2022-05-15,San Joaquin,077,732212,169966,168174,10457,178631,2236
2022-05-15,San Luis Obispo,079,281455,53879,53502,4068,57570,478
2022-05-15,San Mateo,081,765935,132408,129480,7825,137305,709
2022-05-15,Santa Barbara,083,443738,88621,87773,4899,92672,693
2022-05-15,Santa Clara,085,1922200,339272,328609,13709,342318,2297
2022-05-15,Santa Cruz,087,273765,51327,50268,2274,52542,263
2022-05-15,Shasta,089,179085,30941,30799,6136,36935,557
2022-05-15,Sierra,091,2930,277,275,53,328,4
2022-05-15,Siskiyou,093,43540,4489,4482,2764,7246,81
2022-05-15,Solano,095,438530,85209,83669,5869,89538,451
2022-05-15,Sonoma,097,501317,88710,87070,3263,90333,488
2022-05-15,Stanislaus,099,539301,119464,118586,18206,136792,1645
2022-05-15,Sutter,101,95872,20760,20690,2131,22821,226
2022-05-15,Tehama,103,63373,12145,12115,2606,14721,201
2022-05-15,Trinity,105,12862,1195,1188,289,1477,20
2022-05-15,Tulare,107,460477,107251,107077,28085,135162,1469
2022-05-15,Tuolumne,109,53932,13026,12851,597,13448,182
2022-05-15,Ventura,111,848112,177760,176317,10234,186551,1497
2022-05-15,Yolo,113,214977,39186,37737,3076,40813,316
2022-05-15,Yuba,115,75493,16115,16028,1257,17285,122
2022-05-14,Alameda,001,1643700,274146,268944,14932,283876,1857
2022-05-14,Alpine,002,1148,125,125,1,126,0
2022-05-14,Amador,005,37829,8650,8574,672,9246,86
2022-05-14,Butte,007,227075,33708,33377,7227,40604,424
2022-05-14,Calaveras,009,45235,7407,7378,373,7751,120
2022-05-14,Colusa,011,21464,3471,3463,1054,4517,21
2022-05-14,Contra Costa,013,1133247,202642,195925,14559,210484,1301
2022-05-14,Del Norte,015,27424,6042,5919,200,6119,50
2022-05-14,El Dorado,017,186661,27453,27216,3311,30527,212
2022-05-14,Fresno,019,978130,237931,233305,24807,258112,2757
2022-05-14,Glenn,021,27897,5034,5004,1626,6630,48
2022-05-14,Humboldt,023,135768,17951,17633,3293,20926,146
2022-05-14,Imperial,025,180216,55935,55756,10701,66457,917
2022-05-14,Inyo,027,18085,4127,4114,524,4638,56
2022-05-14,Kern,029,883053,193620,192939,46564,239503,2314
2022-05-14,Kings,031,150075,51921,51779,3543,55322,447
2022-05-14,Lake,033,64148,10871,10790,904,11694,137
2022-05-14,Lassen,035,31185,8991,8987,879,9866,65
2022-05-14,Los Angeles,037,10098052,2790204,2768726,128600,2897326,31768
2022-05-14,Madera,039,155013,37727,37520,6165,43685,365
2022-05-14,Marin,041,260295,36221,35486,3300,38786,293
2022-05-14,Mariposa,043,17540,2491,2463,221,2684,30
2022-05-14,Mendocino,045,87422,13444,13349,3286,16635,124
2022-05-14,Merced,047,269075,63495,62627,9059,71686,818
2022-05-14,Modoc,049,8938,745,747,253,1000,8
2022-05-14,Mono,051,14174,3014,3002,151,3153,6
2022-05-14,Monterey,053,433212,81188,80620,14629,95249,735
2022-05-14,Napa,055,140530,26981,26698,1058,27756,143
2022-05-14,Nevada,057,99092,16395,16240,1267,17507,127
2022-05-14,Orange,059,3164182,561408,557134,43871,601005,7017
2022-05-14,Placer,061,380077,64711,63963,7627,71590,626
2022-05-14,Plumas,063,18699,3048,3006,367,3373,13
2022-05-14,Riverside,065,2383286,601342,597914,28561,626475,6471
2022-05-14,Sacramento,067,1510023,289230,286403,27722,314125,3022
2022-05-14,San Benito,069,59416,13246,13106,559,13665,98
2022-05-14,San Bernardino,071,2135413,582790,572057,25375,597432,7423
2022-05-14,San Diego,073,3302833,772609,770323,54986,825309,5271
2022-05-14,San Francisco,075,870044,138217,134916,9078,143994,866
2022-05-14,San Joaquin,077,732212,169821,168174,10441,178615,2236
2022-05-14,San Luis Obispo,079,281455,53852,53502,4065,57567,478
2022-05-14,San Mateo,081,765935,132083,129480,7797,137277,709
2022-05-14,Santa Barbara,083,443738,88514,87773,4894,92667,693
2022-05-14,Santa Clara,085,1922200,338441,328609,13670,342279,2297
2022-05-14,Santa Cruz,087,273765,51280,50268,2260,52528,263
2022-05-14,Shasta,089,179085,30937,30799,6135,36934,557
2022-05-14,Sierra,091,2930,277,275,53,328,4
2022-05-14,Siskiyou,093,43540,4486,4482,2762,7244,81
2022-05-14,Solano,095,438530,85145,83669,5859,89528,451
2022-05-14,Sonoma,097,501317,88566,87070,3251,90321,488
2022-05-14,Stanislaus,099,539301,119379,118586,18194,136780,1645
2022-05-14,Sutter,101,95872,20753,20690,2130,22820,226
2022-05-14,Tehama,103,63373,12139,12115,2605,14720,201
2022-05-14,Trinity,105,12862,1195,1188,289,1477,20
2022-05-14,Tulare,107,460477,107201,107077,28061,135138,1469
2022-05-14,Tuolumne,109,53932,13015,12851,597,13448,182
2022-05-14,Ventura,111,848112,177598,176317,10209,186526,1497
2022-05-14,Yolo,113,214977,39117,37737,3069,40806,316
2022-05-14,Yuba,115,75493,16108,16028,1256,17284,122
2022-05-13,Alameda,001,1643700,273662,268944,14901,283845,1857
2022-05-13,Alpine,002,1148,125,125,1,126,0
2022-05-13,Amador,005,37829,8645,8574,671,9245,86
2022-05-13,Butte,007,227075,33691,33377,7225,40602,424
2022-05-13,Calaveras,009,45235,7404,7378,373,7751,120
2022-05-13,Colusa,011,21464,3470,3463,1054,4517,21
2022-05-13,Contra Costa,013,1133247,202299,195925,14529,210454,1301
2022-05-13,Del Norte,015,27424,6039,5919,200,6119,50
2022-05-13,El Dorado,017,186661,27425,27216,3311,30527,212
2022-05-13,Fresno,019,978130,237823,233305,24788,258093,2757
2022-05-13,Glenn,021,27897,5032,5004,1625,6629,48
2022-05-13,Humboldt,023,135768,17927,17633,3285,20918,146
2022-05-13,Imperial,025,180216,55916,55756,10700,66456,917
2022-05-13,Inyo,027,18085,4127,4114,523,4637,56
2022-05-13,Kern,029,883053,193545,192939,46535,239474,2314
2022-05-13,Kings,031,150075,51897,51779,3543,55322,447
2022-05-13,Lake,033,64148,10868,10790,904,11694,137
2022-05-13,Lassen,035,31185,8990,8987,879,9866,65
2022-05-13,Los Angeles,037,10098052,2788262,2768726,128406,2897132,31768
2022-05-13,Madera,039,155013,37707,37520,6156,43676,365
2022-05-13,Marin,041,260295,36118,35486,3257,38743,293
2022-05-13,Mariposa,043,17540,2489,2463,221,2684,30
2022-05-13,Mendocino,045,87422,13430,13349,3279,16628,124
2022-05-13,Merced,047,269075,63460,62627,9050,71677,818
2022-05-13,Modoc,049,8938,745,747,253,1000,8
2022-05-13,Mono,051,14174,3012,3002,150,3152,6
2022-05-13,Monterey,053,433212,81132,80620,14590,95210,735
2022-05-13,Napa,055,140530,26945,26698,1056,27754,143
2022-05-13,Nevada,057,99092,16380,16240,1266,17506,127
2022-05-13,Orange,059,3164182,560940,557134,43796,600930,7017
2022-05-13,Placer,061,380077,64633,63963,7617,71580,626
2022-05-13,Plumas,063,18699,3041,3006,367,3373,13
2022-05-13,Riverside,065,2383286,600955,597914,28532,626446,6471
2022-05-13,Sacramento,067,1510023,288892,286403,27697,314100,3022
2022-05-13,San Benito,069,59416,13242,13106,559,13665,98
2022-05-13,San Bernardino,071,2135413,582549,572057,25367,597424,7423
2022-05-13,San Diego,073,3302833,771970,770323,54906,825229,5271
2022-05-13,San Francisco,075,870044,137867,134916,9058,143974,866
2022-05-13,San Joaquin,077,732212,169701,168174,10429,178603,2236
2022-05-13,San Luis Obispo,079,281455,53816,53502,4061,57563,478
2022-05-13,San Mateo,081,765935,131791,129480,7776,137256,709
2022-05-13,Santa Barbara,083,443738,88420,87773,4891,92664,693
2022-05-13,Santa Clara,085,1922200,337638,328609,13637,342246,2297
2022-05-13,Santa Cruz,087,273765,51193,50268,2252,52520,263
2022-05-13,Shasta,089,179085,30933,30799,6135,36934,557
2022-05-13,Sierra,091,2930,276,275,50,325,4
2022-05-13,Siskiyou,093,43540,4485,4482,2762,7244,81
2022-05-13,Solano,095,438530,85021,83669,5852,89521,451
2022-05-13,Sonoma,097,501317,88389,87070,3237,90307,488
2022-05-13,Stanislaus,099,539301,119285,118586,18180,136766,1645
2022-05-13,Sutter,101,95872,20741,20690,2129,22819,226
2022-05-13,Tehama,103,63373,12137,12115,2603,14718,201
2022-05-13,Trinity,105,12862,1194,1188,289,1477,20
2022-05-13,Tulare,107,460477,107154,107077,28026,135103,1469
2022-05-13,Tuolumne,109,53932,12999,12851,597,13448,182
2022-05-13,Ventura,111,848112,177418,176317,10195,186512,1497
2022-05-13,Yolo,113,214977,39054,37737,3065,40802,316
2022-05-13,Yuba,115,75493,16095,16028,1253,17281,122
2022-05-12,Alameda,001,1643700,272915,268944,14848,283792,1857
2022-05-12,Alpine,002,1148,125,125,1,126,0
2022-05-12,Amador,005,37829,8636,8574,671,9245,86
2022-05-12,Butte,007,227075,33664,33377,7211,40588,424
2022-05-12,Calaveras,009,45235,7400,7378,372,7750,120
2022-05-12,Colusa,011,21464,3470,3463,1053,4516,21
2022-05-12,Contra Costa,013,1133247,201779,195925,14466,210391,1301
2022-05-12,Del Norte,015,27424,6022,5919,199,6118,50
2022-05-12,El Dorado,017,186661,27385,27216,3302,30518,212
2022-05-12,Fresno,019,978130,237669,233305,24768,258073,2757
2022-05-12,Glenn,021,27897,5028,5004,1623,6627,48
2022-05-12,Humboldt,023,135768,17885,17633,3272,20905,146
2022-05-12,Imperial,025,180216,55889,55756,10687,66443,917
2022-05-12,Inyo,027,18085,4123,4114,518,4632,56
2022-05-12,Kern,029,883053,193479,192939,46487,239426,2314
2022-05-12,Kings,031,150075,51877,51779,3541,55320,447
2022-05-12,Lake,033,64148,10850,10790,898,11688,137
2022-05-12,Lassen,035,31185,8989,8987,879,9866,65
2022-05-12,Los Angeles,037,10098052,2785055,2768726,128141,2896867,31768
2022-05-12,Madera,039,155013,37682,37520,6144,43664,365
2022-05-12,Marin,041,260295,36018,35486,3234,38720,293
2022-05-12,Mariposa,043,17540,2484,2463,220,2683,30
2022-05-12,Mendocino,045,87422,13413,13349,3267,16616,124
2022-05-12,Merced,047,269075,63428,62627,9039,71666,818
2022-05-12,Modoc,049,8938,744,747,253,1000,8
2022-05-12,Mono,051,14174,3012,3002,149,3151,6
2022-05-12,Monterey,053,433212,81075,80620,14547,95167,735
2022-05-12,Napa,055,140530,26900,26698,1054,27752,143
2022-05-12,Nevada,057,99092,16358,16240,1265,17505,127
2022-05-12,Orange,059,3164182,560299,557134,43687,600821,7017
2022-05-12,Placer,061,380077,64527,63963,7594,71557,626
2022-05-12,Plumas,063,18699,3035,3006,367,3373,13
2022-05-12,Riverside,065,2383286,600498,597914,28499,626413,6471
2022-05-12,Sacramento,067,1510023,288435,286403,27633,314036,3022
2022-05-12,San Benito,069,59416,13227,13106,558,13664,98
2022-05-12,San Bernardino,071,2135413,582197,572057,25350,597407,7423
2022-05-12,San Diego,073,3302833,771019,770323,54816,825139,5271
2022-05-12,San Francisco,075,870044,137488,134916,9020,143936,866
2022-05-12,San Joaquin,077,732212,169520,168174,10389,178563,2236
2022-05-12,San Luis Obispo,079,281455,53757,53502,4032,57534,478
2022-05-12,San Mateo,081,765935,131379,129480,7725,137205,709
2022-05-12,Santa Barbara,083,443738,88314,87773,4880,92653,693
2022-05-12,Santa Clara,085,1922200,336664,328609,13553,342162,2297
2022-05-12,Santa Cruz,087,273765,51049,50268,2246,52514,263
2022-05-12,Shasta,089,179085,30920,30799,6133,36932,557
2022-05-12,Sierra,091,2930,275,275,50,325,4
2022-05-12,Siskiyou,093,43540,4480,4482,2760,7242,81
2022-05-12,Solano,095,438530,84801,83669,5839,89508,451
2022-05-12,Sonoma,097,501317,88170,87070,3211,90281,488
2022-05-12,Stanislaus,099,539301,119181,118586,18151,136737,1645
2022-05-12,Sutter,101,95872,20725,20690,2128,22818,226
2022-05-12,Tehama,103,63373,12130,12115,2600,14715,201
2022-05-12,Trinity,105,12862,1193,1188,288,1476,20
2022-05-12,Tulare,107,460477,107101,107077,27978,135055,1469
2022-05-12,Tuolumne,109,53932,12979,12851,595,13446,182
2022-05-12,Ventura,111,848112,177188,176317,10152,186469,1497
2022-05-12,Yolo,113,214977,38941,37737,3055,40792,316
2022-05-12,Yuba,115,75493,16079,16028,1250,17278,122
2022-05-11,Alameda,001,1643700,272203,267982,14796,282778,1853
2022-05-11,Alpine,002,1148,125,125,1,126,0
2022-05-11,Amador,005,37829,8628,8564,671,9235,86
2022-05-11,Butte,007,227075,33632,33339,7205,40544,423
2022-05-11,Calaveras,009,45235,7395,7368,368,7736,120
2022-05-11,Colusa,011,21464,3469,3462,1053,4515,21
2022-05-11,Contra Costa,013,1133247,201259,195153,14411,209564,1302
2022-05-11,Del Norte,015,27424,6012,5911,199,6110,50
2022-05-11,El Dorado,017,186661,27349,27172,3294,30466,212
2022-05-11,Fresno,019,978130,237504,233021,24736,257757,2754
2022-05-11,Glenn,021,27897,5028,5001,1621,6622,48
2022-05-11,Humboldt,023,135768,17841,17585,3256,20841,146
2022-05-11,Imperial,025,180216,55864,55751,10676,66427,917
2022-05-11,Inyo,027,18085,4122,4093,517,4610,56
2022-05-11,Kern,029,883053,193381,192795,46442,239237,2292
2022-05-11,Kings,031,150075,51850,51752,3539,55291,447
2022-05-11,Lake,033,64148,10837,10786,897,11683,137
2022-05-11,Lassen,035,31185,8988,8984,878,9862,65
2022-05-11,Los Angeles,037,10098052,2781939,2761410,127912,2889322,31747
2022-05-11,Madera,039,155013,37650,37496,6133,43629,365
2022-05-11,Marin,041,260295,35917,35336,3193,38529,292
2022-05-11,Mariposa,043,17540,2479,2461,220,2681,30
2022-05-11,Mendocino,045,87422,13398,13320,3250,16570,124
2022-05-11,Merced,047,269075,63385,62567,9018,71585,818
2022-05-11,Modoc,049,8938,743,747,253,1000,8
2022-05-11,Mono,051,14174,3012,2999,148,3147,6
2022-05-11,Monterey,053,433212,81012,80534,14496,95030,733
2022-05-11,Napa,055,140530,26849,26660,1052,27712,143
2022-05-11,Nevada,057,99092,16342,16230,1260,17490,127
2022-05-11,Orange,059,3164182,559623,556265,43603,599868,7009
2022-05-11,Placer,061,380077,64430,63823,7577,71400,625
2022-05-11,Plumas,063,18699,3027,2998,367,3365,13
2022-05-11,Riverside,065,2383286,600047,597302,28463,625765,6468
2022-05-11,Sacramento,067,1510023,288017,285799,27583,313382,3020
2022-05-11,San Benito,069,59416,13207,13088,554,13642,98
2022-05-11,San Bernardino,071,2135413,581833,571372,25341,596713,7354
2022-05-11,San Diego,073,3302833,770037,768135,54685,822820,5257
2022-05-11,San Francisco,075,870044,136991,134027,8995,143022,864
2022-05-11,San Joaquin,077,732212,169346,167949,10368,178317,2233
2022-05-11,San Luis Obispo,079,281455,53710,53420,4015,57435,478
2022-05-11,San Mateo,081,765935,130977,128821,7682,136503,711
2022-05-11,Santa Barbara,083,443738,88185,87593,4868,92461,693
2022-05-11,Santa Clara,085,1922200,335661,327177,13505,340682,2294
2022-05-11,Santa Cruz,087,273765,50891,50031,2232,52263,263
2022-05-11,Shasta,089,179085,30888,30768,6130,36898,564
2022-05-11,Sierra,091,2930,275,275,50,325,4
2022-05-11,Siskiyou,093,43540,4478,4478,2760,7238,81
2022-05-11,Solano,095,438530,84598,83464,5826,89290,450
2022-05-11,Sonoma,097,501317,87966,86798,3198,89996,488
2022-05-11,Stanislaus,099,539301,119078,118445,18129,136574,1644
2022-05-11,Sutter,101,95872,20710,20668,2127,22795,225
2022-05-11,Tehama,103,63373,12130,12106,2600,14706,201
2022-05-11,Trinity,105,12862,1191,1188,288,1476,20
2022-05-11,Tulare,107,460477,107045,107068,27946,135014,1468
2022-05-11,Tuolumne,109,53932,12962,12829,595,13424,181
2022-05-11,Ventura,111,848112,176989,175955,10110,186065,1491
2022-05-11,Yolo,113,214977,38826,37654,3050,40704,316
2022-05-11,Yuba,115,75493,16060,15997,1240,17237,122
2022-05-10,Alameda,001,1643700,271421,267982,14740,282722,1853
2022-05-10,Alpine,002,1148,125,125,1,126,0
2022-05-10,Amador,005,37829,8624,8564,670,9234,86
2022-05-10,Butte,007,227075,33605,33339,7201,40540,423
2022-05-10,Calaveras,009,45235,7391,7368,367,7735,120
2022-05-10,Colusa,011,21464,3469,3462,1052,4514,21
2022-05-10,Contra Costa,013,1133247,200774,195153,14369,209522,1302
2022-05-10,Del Norte,015,27424,5959,5911,199,6110,50
2022-05-10,El Dorado,017,186661,27312,27172,3288,30460,212
2022-05-10,Fresno,019,978130,237341,233021,24706,257727,2754
2022-05-10,Glenn,021,27897,5025,5001,1621,6622,48
2022-05-10,Humboldt,023,135768,17803,17585,3239,20824,146
2022-05-10,Imperial,025,180216,55829,55751,10658,66409,917
2022-05-10,Inyo,027,18085,4120,4093,511,4604,56
2022-05-10,Kern,029,883053,193279,192795,46401,239196,2292
2022-05-10,Kings,031,150075,51819,51752,3539,55291,447
2022-05-10,Lake,033,64148,10832,10786,897,11683,137
2022-05-10,Lassen,035,31185,8983,8984,878,9862,65
2022-05-10,Los Angeles,037,10098052,2778652,2761410,127679,2889089,31747
2022-05-10,Madera,039,155013,37617,37496,6120,43616,365
2022-05-10,Marin,041,260295,35800,35336,3150,38486,292
2022-05-10,Mariposa,043,17540,2479,2461,220,2681,30
2022-05-10,Mendocino,045,87422,13386,13320,3237,16557,124
2022-05-10,Merced,047,269075,63341,62567,8999,71566,818
2022-05-10,Modoc,049,8938,743,747,253,1000,8
2022-05-10,Mono,051,14174,3008,2999,145,3144,6
2022-05-10,Monterey,053,433212,80946,80534,14448,94982,733
2022-05-10,Napa,055,140530,26811,26660,1050,27710,143
2022-05-10,Nevada,057,99092,16322,16230,1257,17487,127
2022-05-10,Orange,059,3164182,558920,556265,43508,599773,7009
2022-05-10,Placer,061,380077,64316,63823,7561,71384,625
2022-05-10,Plumas,063,18699,3019,2998,366,3364,13
2022-05-10,Riverside,065,2383286,599620,597302,28434,625736,6468
2022-05-10,Sacramento,067,1510023,287512,285799,27516,313315,3020
2022-05-10,San Benito,069,59416,13190,13088,549,13637,98
2022-05-10,San Bernardino,071,2135413,581483,571372,25315,596687,7354
2022-05-10,San Diego,073,3302833,769022,768135,54563,822698,5257
2022-05-10,San Francisco,075,870044,136436,134027,8968,142995,864
2022-05-10,San Joaquin,077,732212,169191,167949,10306,178255,2233
2022-05-10,San Luis Obispo,079,281455,53634,53420,3990,57410,478
2022-05-10,San Mateo,081,765935,130594,128821,7644,136465,711
2022-05-10,Santa Barbara,083,443738,88069,87593,4853,92446,693
2022-05-10,Santa Clara,085,1922200,334627,327177,13425,340602,2294
2022-05-10,Santa Cruz,087,273765,50765,50031,2221,52252,263
2022-05-10,Shasta,089,179085,30868,30768,6129,36897,564
2022-05-10,Sierra,091,2930,275,275,49,324,4
2022-05-10,Siskiyou,093,43540,4474,4478,2760,7238,81
2022-05-10,Solano,095,438530,84410,83464,5807,89271,450
2022-05-10,Sonoma,097,501317,87724,86798,3160,89958,488
2022-05-10,Stanislaus,099,539301,118983,118445,18110,136555,1644
2022-05-10,Sutter,101,95872,20691,20668,2124,22792,225
2022-05-10,Tehama,103,63373,12127,12106,2593,14699,201
2022-05-10,Trinity,105,12862,1191,1188,288,1476,20
2022-05-10,Tulare,107,460477,107002,107068,27918,134986,1468
2022-05-10,Tuolumne,109,53932,12950,12829,595,13424,181
2022-05-10,Ventura,111,848112,176771,175955,10072,186027,1491
2022-05-10,Yolo,113,214977,38722,37654,3039,40693,316
2022-05-10,Yuba,115,75493,16039,15997,1237,17234,122
2022-05-09,Alameda,001,1643700,270644,267982,14696,282678,1853
2022-05-09,Alpine,002,1148,125,125,1,126,0
2022-05-09,Amador,005,37829,8618,8564,670,9234,86
2022-05-09,Butte,007,227075,33579,33339,7192,40531,423
2022-05-09,Calaveras,009,45235,7385,7368,367,7735,120
2022-05-09,Colusa,011,21464,3467,3462,1050,4512,21
2022-05-09,Contra Costa,013,1133247,200301,195153,14311,209464,1302
2022-05-09,Del Norte,015,27424,5950,5911,198,6109,50
2022-05-09,El Dorado,017,186661,27280,27172,3279,30451,212
2022-05-09,Fresno,019,978130,237183,233021,24684,257705,2754
2022-05-09,Glenn,021,27897,5023,5001,1620,6621,48
2022-05-09,Humboldt,023,135768,17752,17585,3217,20802,146
2022-05-09,Imperial,025,180216,55795,55751,10645,66396,917
2022-05-09,Inyo,027,18085,4117,4093,508,4601,56
2022-05-09,Kern,029,883053,193182,192795,46344,239139,2292
2022-05-09,Kings,031,150075,51788,51752,3538,55290,447
2022-05-09,Lake,033,64148,10824,10786,896,11682,137
2022-05-09,Lassen,035,31185,8981,8984,878,9862,65
2022-05-09,Los Angeles,037,10098052,2775304,2761410,127435,2888845,31747
2022-05-09,Madera,039,155013,37585,37496,6111,43607,365
2022-05-09,Marin,041,260295,35683,35336,3115,38451,292
2022-05-09,Mariposa,043,17540,2474,2461,220,2681,30
2022-05-09,Mendocino,045,87422,13375,13320,3226,16546,124
2022-05-09,Merced,047,269075,63301,62567,8980,71547,818
2022-05-09,Modoc,049,8938,743,747,253,1000,8
2022-05-09,Mono,051,14174,3006,2999,143,3142,6
2022-05-09,Monterey,053,433212,80854,80534,14395,94929,733
2022-05-09,Napa,055,140530,26761,26660,1048,27708,143
2022-05-09,Nevada,057,99092,16294,16230,1251,17481,127
2022-05-09,Orange,059,3164182,558250,556265,43425,599690,7009
2022-05-09,Placer,061,380077,64255,63823,7546,71369,625
2022-05-09,Plumas,063,18699,3010,2998,366,3364,13
2022-05-09,Riverside,065,2383286,599130,597302,28398,625700,6468
2022-05-09,Sacramento,067,1510023,287081,285799,27443,313242,3020
2022-05-09,San Benito,069,59416,13171,13088,547,13635,98
2022-05-09,San Bernardino,071,2135413,581144,571372,25304,596676,7354
2022-05-09,San Diego,073,3302833,768049,768135,54421,822556,5257
2022-05-09,San Francisco,075,870044,135876,134027,8942,142969,864
2022-05-09,San Joaquin,077,732212,169008,167949,10284,178233,2233
2022-05-09,San Luis Obispo,079,281455,53581,53420,3969,57389,478
2022-05-09,San Mateo,081,765935,130167,128821,7606,136427,711
2022-05-09,Santa Barbara,083,443738,87939,87593,4842,92435,693
2022-05-09,Santa Clara,085,1922200,333486,327177,13361,340538,2294
2022-05-09,Santa Cruz,087,273765,50624,50031,2213,52244,263
2022-05-09,Shasta,089,179085,30855,30768,6127,36895,564
2022-05-09,Sierra,091,2930,275,275,49,324,4
2022-05-09,Siskiyou,093,43540,4472,4478,2760,7238,81
2022-05-09,Solano,095,438530,84251,83464,5794,89258,450
2022-05-09,Sonoma,097,501317,87463,86798,3134,89932,488
2022-05-09,Stanislaus,099,539301,118887,118445,18092,136537,1644
2022-05-09,Sutter,101,95872,20678,20668,2123,22791,225
2022-05-09,Tehama,103,63373,12125,12106,2591,14697,201
2022-05-09,Trinity,105,12862,1191,1188,288,1476,20
2022-05-09,Tulare,107,460477,106954,107068,27882,134950,1468
2022-05-09,Tuolumne,109,53932,12942,12829,595,13424,181
2022-05-09,Ventura,111,848112,176554,175955,10022,185977,1491
2022-05-09,Yolo,113,214977,38613,37654,3030,40684,316
2022-05-09,Yuba,115,75493,16030,15997,1236,17233,122
2022-05-08,Alameda,001,1643700,269751,265198,14630,279828,1855
2022-05-08,Alpine,002,1148,125,125,1,126,0
2022-05-08,Amador,005,37829,8607,8556,667,9223,86
2022-05-08,Butte,007,227075,33556,33269,7181,40450,421
2022-05-08,Calaveras,009,45235,7378,7353,366,7719,120
2022-05-08,Colusa,011,21464,3466,3459,1050,4509,21
2022-05-08,Contra Costa,013,1133247,199784,193961,14230,208191,1302
2022-05-08,Del Norte,015,27424,5934,5884,198,6082,50
2022-05-08,El Dorado,017,186661,27242,27081,3274,30355,210
2022-05-08,Fresno,019,978130,237014,232655,24661,257316,2754
2022-05-08,Glenn,021,27897,5021,4996,1620,6616,48
2022-05-08,Humboldt,023,135768,17699,17410,3178,20588,146
2022-05-08,Imperial,025,180216,55761,55683,10636,66319,917
2022-05-08,Inyo,027,18085,4110,4087,508,4595,56
2022-05-08,Kern,029,883053,193088,192590,46297,238887,2287
2022-05-08,Kings,031,150075,51771,51702,3538,55240,447
2022-05-08,Lake,033,64148,10817,10766,896,11662,137
2022-05-08,Lassen,035,31185,8977,8978,878,9856,65
2022-05-08,Los Angeles,037,10098052,2771714,2751478,127145,2878623,31738
2022-05-08,Madera,039,155013,37563,37420,6092,43512,365
2022-05-08,Marin,041,260295,35557,34934,3068,38002,292
2022-05-08,Mariposa,043,17540,2467,2438,219,2657,30
2022-05-08,Mendocino,045,87422,13356,13270,3200,16470,124
2022-05-08,Merced,047,269075,63252,62471,8951,71422,818
2022-05-08,Modoc,049,8938,743,745,253,998,8
2022-05-08,Mono,051,14174,3005,2997,141,3138,6
2022-05-08,Monterey,053,433212,80761,80246,14313,94559,733
2022-05-08,Napa,055,140530,26720,26524,1045,27569,143
2022-05-08,Nevada,057,99092,16270,16171,1249,17420,127
2022-05-08,Orange,059,3164182,557567,554411,43320,597731,7007
2022-05-08,Placer,061,380077,64144,63577,7519,71096,625
2022-05-08,Plumas,063,18699,3006,2996,366,3362,13
2022-05-08,Riverside,065,2383286,598643,596022,28363,624385,6467
2022-05-08,Sacramento,067,1510023,286571,284564,27370,311934,3016
2022-05-08,San Benito,069,59416,13156,13047,544,13591,98
2022-05-08,San Bernardino,071,2135413,580708,570381,25269,595650,7306
2022-05-08,San Diego,073,3302833,767020,765377,54317,819694,5244
2022-05-08,San Francisco,075,870044,135221,132659,8910,141569,861
2022-05-08,San Joaquin,077,732212,168823,167568,10251,177819,2229
2022-05-08,San Luis Obispo,079,281455,53509,53273,3949,57222,477
2022-05-08,San Mateo,081,765935,129703,127615,7554,135169,709
2022-05-08,Santa Barbara,083,443738,87805,87305,4833,92138,692
2022-05-08,Santa Clara,085,1922200,332414,324946,13288,338234,2287
2022-05-08,Santa Cruz,087,273765,50444,49605,2209,51814,262
2022-05-08,Shasta,089,179085,30826,30721,6123,36844,563
2022-05-08,Sierra,091,2930,275,275,49,324,4
2022-05-08,Siskiyou,093,43540,4469,4470,2755,7225,81
2022-05-08,Solano,095,438530,84076,83038,5770,88808,450
2022-05-08,Sonoma,097,501317,87244,86150,3099,89249,488
2022-05-08,Stanislaus,099,539301,118779,118235,18067,136302,1643
2022-05-08,Sutter,101,95872,20657,20694,2119,22813,225
2022-05-08,Tehama,103,63373,12119,12098,2588,14686,201
2022-05-08,Trinity,105,12862,1190,1180,288,1468,20
2022-05-08,Tulare,107,460477,106913,106987,27848,134835,1468
2022-05-08,Tuolumne,109,53932,12929,12793,591,13384,181
2022-05-08,Ventura,111,848112,176318,175454,9976,185430,1491
2022-05-08,Yolo,113,214977,38506,37456,3016,40472,315
2022-05-08,Yuba,115,75493,16008,15964,1232,17196,122
2022-05-07,Alameda,001,1643700,269370,265198,14612,279810,1855
2022-05-07,Alpine,002,1148,125,125,1,126,0
2022-05-07,Amador,005,37829,8605,8556,667,9223,86
2022-05-07,Butte,007,227075,33548,33269,7175,40444,421
2022-05-07,Calaveras,009,45235,7371,7353,366,7719,120
2022-05-07,Colusa,011,21464,3466,3459,1050,4509,21
2022-05-07,Contra Costa,013,1133247,199542,193961,14213,208174,1302
2022-05-07,Del Norte,015,27424,5932,5884,198,6082,50
2022-05-07,El Dorado,017,186661,27224,27081,3272,30353,210
2022-05-07,Fresno,019,978130,236956,232655,24655,257310,2754
2022-05-07,Glenn,021,27897,5020,4996,1620,6616,48
2022-05-07,Humboldt,023,135768,17670,17410,3170,20580,146
2022-05-07,Imperial,025,180216,55738,55683,10630,66313,917
2022-05-07,Inyo,027,18085,4107,4087,508,4595,56
2022-05-07,Kern,029,883053,193053,192590,46276,238866,2287
2022-05-07,Kings,031,150075,51760,51702,3538,55240,447
2022-05-07,Lake,033,64148,10813,10766,896,11662,137
2022-05-07,Lassen,035,31185,8977,8978,878,9856,65
2022-05-07,Los Angeles,037,10098052,2770136,2751478,126973,2878451,31738
2022-05-07,Madera,039,155013,37556,37420,6092,43512,365
2022-05-07,Marin,041,260295,35483,34934,3036,37970,292
2022-05-07,Mariposa,043,17540,2464,2438,219,2657,30
2022-05-07,Mendocino,045,87422,13347,13270,3197,16467,124
2022-05-07,Merced,047,269075,63239,62471,8951,71422,818
2022-05-07,Modoc,049,8938,743,745,253,998,8
2022-05-07,Mono,051,14174,3004,2997,140,3137,6
2022-05-07,Monterey,053,433212,80701,80246,14287,94533,733
2022-05-07,Napa,055,140530,26690,26524,1044,27568,143
2022-05-07,Nevada,057,99092,16259,16171,1244,17415,127
2022-05-07,Orange,059,3164182,557237,554411,43265,597676,7007
2022-05-07,Placer,061,380077,64076,63577,7509,71086,625
2022-05-07,Plumas,063,18699,3006,2996,365,3361,13
2022-05-07,Riverside,065,2383286,598387,596022,28336,624358,6467
2022-05-07,Sacramento,067,1510023,286376,284564,27358,311922,3016
2022-05-07,San Benito,069,59416,13147,13047,539,13586,98
2022-05-07,San Bernardino,071,2135413,580496,570381,25264,595645,7306
2022-05-07,San Diego,073,3302833,766534,765377,54287,819664,5244
2022-05-07,San Francisco,075,870044,134892,132659,8890,141549,861
2022-05-07,San Joaquin,077,732212,168718,167568,10242,177810,2229
2022-05-07,San Luis Obispo,079,281455,53497,53273,3938,57211,477
2022-05-07,San Mateo,081,765935,129418,127615,7533,135148,709
2022-05-07,Santa Barbara,083,443738,87725,87305,4830,92135,692
2022-05-07,Santa Clara,085,1922200,331793,324946,13258,338204,2287
2022-05-07,Santa Cruz,087,273765,50391,49605,2199,51804,262
2022-05-07,Shasta,089,179085,30818,30721,6123,36844,563
2022-05-07,Sierra,091,2930,275,275,49,324,4
2022-05-07,Siskiyou,093,43540,4467,4470,2755,7225,81
2022-05-07,Solano,095,438530,84018,83038,5765,88803,450
2022-05-07,Sonoma,097,501317,87118,86150,3090,89240,488
2022-05-07,Stanislaus,099,539301,118732,118235,18058,136293,1643
2022-05-07,Sutter,101,95872,20648,20694,2119,22813,225
2022-05-07,Tehama,103,63373,12117,12098,2587,14685,201
2022-05-07,Trinity,105,12862,1190,1180,288,1468,20
2022-05-07,Tulare,107,460477,106889,106987,27835,134822,1468
2022-05-07,Tuolumne,109,53932,12922,12793,591,13384,181
2022-05-07,Ventura,111,848112,176207,175454,9952,185406,1491
2022-05-07,Yolo,113,214977,38461,37456,3014,40470,315
2022-05-07,Yuba,115,75493,15999,15964,1232,17196,122
2022-05-06,Alameda,001,1643700,268989,265198,14591,279789,1855
2022-05-06,Alpine,002,1148,125,125,1,126,0
2022-05-06,Amador,005,37829,8604,8556,666,9222,86
2022-05-06,Butte,007,227075,33539,33269,7172,40441,421
2022-05-06,Calaveras,009,45235,7369,7353,366,7719,120
2022-05-06,Colusa,011,21464,3466,3459,1050,4509,21
2022-05-06,Contra Costa,013,1133247,199310,193961,14201,208162,1302
2022-05-06,Del Norte,015,27424,5922,5884,198,6082,50
2022-05-06,El Dorado,017,186661,27199,27081,3269,30350,210
2022-05-06,Fresno,019,978130,236880,232655,24646,257301,2754
2022-05-06,Glenn,021,27897,5020,4996,1620,6616,48
2022-05-06,Humboldt,023,135768,17643,17410,3163,20573,146
2022-05-06,Imperial,025,180216,55729,55683,10627,66310,917
2022-05-06,Inyo,027,18085,4098,4087,505,4592,56
2022-05-06,Kern,029,883053,193001,192590,46246,238836,2287
2022-05-06,Kings,031,150075,51752,51702,3538,55240,447
2022-05-06,Lake,033,64148,10811,10766,896,11662,137
2022-05-06,Lassen,035,31185,8977,8978,878,9856,65
2022-05-06,Los Angeles,037,10098052,2768319,2751478,126824,2878302,31738
2022-05-06,Madera,039,155013,37542,37420,6089,43509,365
2022-05-06,Marin,041,260295,35405,34934,2990,37924,292
2022-05-06,Mariposa,043,17540,2463,2438,212,2650,30
2022-05-06,Mendocino,045,87422,13335,13270,3195,16465,124
2022-05-06,Merced,047,269075,63222,62471,8950,71421,818
2022-05-06,Modoc,049,8938,743,745,253,998,8
2022-05-06,Mono,051,14174,3003,2997,140,3137,6
2022-05-06,Monterey,053,433212,80662,80246,14250,94496,733
2022-05-06,Napa,055,140530,26673,26524,1044,27568,143
2022-05-06,Nevada,057,99092,16247,16171,1242,17413,127
2022-05-06,Orange,059,3164182,556894,554411,43198,597609,7007
2022-05-06,Placer,061,380077,64015,63577,7498,71075,625
2022-05-06,Plumas,063,18699,3004,2996,365,3361,13
2022-05-06,Riverside,065,2383286,598157,596022,28316,624338,6467
2022-05-06,Sacramento,067,1510023,286119,284564,27337,311901,3016
2022-05-06,San Benito,069,59416,13142,13047,539,13586,98
2022-05-06,San Bernardino,071,2135413,580319,570381,25258,595639,7306
2022-05-06,San Diego,073,3302833,766024,765377,54250,819627,5244
2022-05-06,San Francisco,075,870044,134567,132659,8869,141528,861
2022-05-06,San Joaquin,077,732212,168628,167568,10230,177798,2229
2022-05-06,San Luis Obispo,079,281455,53471,53273,3933,57206,477
2022-05-06,San Mateo,081,765935,129189,127615,7525,135140,709
2022-05-06,Santa Barbara,083,443738,87671,87305,4828,92133,692
2022-05-06,Santa Clara,085,1922200,331200,324946,13243,338189,2287
2022-05-06,Santa Cruz,087,273765,50326,49605,2195,51800,262
2022-05-06,Shasta,089,179085,30812,30721,6122,36843,563
2022-05-06,Sierra,091,2930,275,275,49,324,4
2022-05-06,Siskiyou,093,43540,4465,4470,2753,7223,81
2022-05-06,Solano,095,438530,83929,83038,5757,88795,450
2022-05-06,Sonoma,097,501317,86996,86150,3075,89225,488
2022-05-06,Stanislaus,099,539301,118675,118235,18051,136286,1643
2022-05-06,Sutter,101,95872,20642,20694,2119,22813,225
2022-05-06,Tehama,103,63373,12112,12098,2587,14685,201
2022-05-06,Trinity,105,12862,1189,1180,288,1468,20
2022-05-06,Tulare,107,460477,106869,106987,27825,134812,1468
2022-05-06,Tuolumne,109,53932,12915,12793,590,13383,181
2022-05-06,Ventura,111,848112,176090,175454,9922,185376,1491
2022-05-06,Yolo,113,214977,38414,37456,3010,40466,315
2022-05-06,Yuba,115,75493,15988,15964,1231,17195,122
2022-05-05,Alameda,001,1643700,268400,265198,14549,279747,1855
2022-05-05,Alpine,002,1148,125,125,1,126,0
2022-05-05,Amador,005,37829,8602,8556,665,9221,86
2022-05-05,Butte,007,227075,33520,33269,7165,40434,421
2022-05-05,Calaveras,009,45235,7365,7353,364,7717,120
2022-05-05,Colusa,011,21464,3466,3459,1047,4506,21
2022-05-05,Contra Costa,013,1133247,198917,193961,14157,208118,1302
2022-05-05,Del Norte,015,27424,5921,5884,198,6082,50
2022-05-05,El Dorado,017,186661,27174,27081,3262,30343,210
2022-05-05,Fresno,019,978130,236779,232655,24623,257278,2754
2022-05-05,Glenn,021,27897,5020,4996,1619,6615,48
2022-05-05,Humboldt,023,135768,17606,17410,3149,20559,146
2022-05-05,Imperial,025,180216,55722,55683,10616,66299,917
2022-05-05,Inyo,027,18085,4094,4087,504,4591,56
2022-05-05,Kern,029,883053,192943,192590,46209,238799,2287
2022-05-05,Kings,031,150075,51744,51702,3538,55240,447
2022-05-05,Lake,033,64148,10807,10766,896,11662,137
2022-05-05,Lassen,035,31185,8977,8978,878,9856,65
2022-05-05,Los Angeles,037,10098052,2765741,2751478,126604,2878082,31738
2022-05-05,Madera,039,155013,37525,37420,6084,43504,365
2022-05-05,Marin,041,260295,35295,34934,2968,37902,292
2022-05-05,Mariposa,043,17540,2461,2438,211,2649,30
2022-05-05,Mendocino,045,87422,13324,13270,3187,16457,124
2022-05-05,Merced,047,269075,63190,62471,8946,71417,818
2022-05-05,Modoc,049,8938,743,745,251,996,8
2022-05-05,Mono,051,14174,3002,2997,139,3136,6
2022-05-05,Monterey,053,433212,80606,80246,14221,94467,733
2022-05-05,Napa,055,140530,26640,26524,1043,27567,143
2022-05-05,Nevada,057,99092,16237,16171,1239,17410,127
2022-05-05,Orange,059,3164182,556384,554411,43140,597551,7007
2022-05-05,Placer,061,380077,63951,63577,7487,71064,625
2022-05-05,Plumas,063,18699,3003,2996,365,3361,13
2022-05-05,Riverside,065,2383286,597820,596022,28289,624311,6467
2022-05-05,Sacramento,067,1510023,285780,284564,27286,311850,3016
2022-05-05,San Benito,069,59416,13131,13047,537,13584,98
2022-05-05,San Bernardino,071,2135413,580028,570381,25242,595623,7306
2022-05-05,San Diego,073,3302833,765283,765377,54181,819558,5244
2022-05-05,San Francisco,075,870044,134149,132659,8834,141493,861
2022-05-05,San Joaquin,077,732212,168538,167568,10202,177770,2229
2022-05-05,San Luis Obispo,079,281455,53435,53273,3918,57191,477
2022-05-05,San Mateo,081,765935,128851,127615,7500,135115,709
2022-05-05,Santa Barbara,083,443738,87596,87305,4823,92128,692
2022-05-05,Santa Clara,085,1922200,330403,324946,13181,338127,2287
2022-05-05,Santa Cruz,087,273765,50228,49605,2191,51796,262
2022-05-05,Shasta,089,179085,30802,30721,6120,36841,563
2022-05-05,Sierra,091,2930,275,275,49,324,4
2022-05-05,Siskiyou,093,43540,4463,4470,2753,7223,81
2022-05-05,Solano,095,438530,83808,83038,5739,88777,450
2022-05-05,Sonoma,097,501317,86823,86150,3057,89207,488
2022-05-05,Stanislaus,099,539301,118617,118235,18037,136272,1643
2022-05-05,Sutter,101,95872,20640,20694,2117,22811,225
2022-05-05,Tehama,103,63373,12108,12098,2585,14683,201
2022-05-05,Trinity,105,12862,1189,1180,288,1468,20
2022-05-05,Tulare,107,460477,106839,106987,27807,134794,1468
2022-05-05,Tuolumne,109,53932,12897,12793,587,13380,181
2022-05-05,Ventura,111,848112,175903,175454,9879,185333,1491
2022-05-05,Yolo,113,214977,38342,37456,2999,40455,315
2022-05-05,Yuba,115,75493,15978,15964,1228,17192,122
2022-05-04,Alameda,001,1643700,267729,263736,14507,278243,1850
2022-05-04,Alpine,002,1148,125,124,1,125,0
2022-05-04,Amador,005,37829,8599,8546,664,9210,86
2022-05-04,Butte,007,227075,33503,33220,7160,40380,417
2022-05-04,Calaveras,009,45235,7360,7344,364,7708,120
2022-05-04,Colusa,011,21464,3465,3460,1047,4507,21
2022-05-04,Contra Costa,013,1133247,198551,193175,14102,207277,1302
2022-05-04,Del Norte,015,27424,5913,5866,198,6064,50
2022-05-04,El Dorado,017,186661,27146,27021,3255,30276,210
2022-05-04,Fresno,019,978130,236661,232332,24613,256945,2751
2022-05-04,Glenn,021,27897,5018,4995,1619,6614,48
2022-05-04,Humboldt,023,135768,17566,17316,3139,20455,146
2022-05-04,Imperial,025,180216,55699,55548,10608,66156,910
2022-05-04,Inyo,027,18085,4094,4085,501,4586,56
2022-05-04,Kern,029,883053,192877,192432,46173,238605,2281
2022-05-04,Kings,031,150075,51726,51663,3537,55200,447
2022-05-04,Lake,033,64148,10802,10758,896,11654,137
2022-05-04,Lassen,035,31185,8976,8972,876,9848,65
2022-05-04,Los Angeles,037,10098052,2762962,2744894,126413,2871307,31722
2022-05-04,Madera,039,155013,37501,37395,6079,43474,365
2022-05-04,Marin,041,260295,35208,34727,2946,37673,291
2022-05-04,Mariposa,043,17540,2455,2435,206,2641,30
2022-05-04,Mendocino,045,87422,13316,13247,3179,16426,123
2022-05-04,Merced,047,269075,63163,62419,8935,71354,818
2022-05-04,Modoc,049,8938,743,746,251,997,8
2022-05-04,Mono,051,14174,3001,2993,136,3129,6
2022-05-04,Monterey,053,433212,80544,80038,14197,94235,732
2022-05-04,Napa,055,140530,26602,26434,1040,27474,143
2022-05-04,Nevada,057,99092,16221,16136,1235,17371,127
2022-05-04,Orange,059,3164182,555798,553177,43063,596240,7006
2022-05-04,Placer,061,380077,63868,63410,7482,70892,625
2022-05-04,Plumas,063,18699,3001,2947,365,3312,13
2022-05-04,Riverside,065,2383286,597485,594981,28263,623244,6457
2022-05-04,Sacramento,067,1510023,285449,283939,27250,311189,3013
2022-05-04,San Benito,069,59416,13122,13019,531,13550,98
2022-05-04,San Bernardino,071,2135413,579762,569570,25229,594799,7240
2022-05-04,San Diego,073,3302833,764534,763453,54089,817542,5239
2022-05-04,San Francisco,075,870044,133740,131599,8813,140412,860
2022-05-04,San Joaquin,077,732212,168434,167280,10173,177453,2225
2022-05-04,San Luis Obispo,079,281455,53391,53156,3907,57063,477
2022-05-04,San Mateo,081,765935,128526,126800,7466,134266,710
2022-05-04,Santa Barbara,083,443738,87491,87058,4808,91866,688
2022-05-04,Santa Clara,085,1922200,329596,322805,13128,335933,2285
2022-05-04,Santa Cruz,087,273765,50113,49230,2188,51418,262
2022-05-04,Shasta,089,179085,30786,30681,6118,36799,556
2022-05-04,Sierra,091,2930,275,275,49,324,4
2022-05-04,Siskiyou,093,43540,4460,4463,2751,7214,81
2022-05-04,Solano,095,438530,83662,82796,5728,88524,449
2022-05-04,Sonoma,097,501317,86647,85694,3032,88726,488
2022-05-04,Stanislaus,099,539301,118554,118123,18026,136149,1643
2022-05-04,Sutter,101,95872,20629,20672,2115,22787,224
2022-05-04,Tehama,103,63373,12106,12090,2580,14670,201
2022-05-04,Trinity,105,12862,1189,1180,288,1468,20
2022-05-04,Tulare,107,460477,106821,106935,27792,134727,1464
2022-05-04,Tuolumne,109,53932,12890,12757,585,13342,181
2022-05-04,Ventura,111,848112,175735,175066,9837,184903,1486
2022-05-04,Yolo,113,214977,38266,37344,2994,40338,315
2022-05-04,Yuba,115,75493,15969,15940,1225,17165,122
2022-05-03,Alameda,001,1643700,267127,263736,14464,278200,1850
2022-05-03,Alpine,002,1148,125,124,1,125,0
2022-05-03,Amador,005,37829,8596,8546,663,9209,86
2022-05-03,Butte,007,227075,33487,33220,7155,40375,417
2022-05-03,Calaveras,009,45235,7353,7344,364,7708,120
2022-05-03,Colusa,011,21464,3464,3460,1047,4507,21
2022-05-03,Contra Costa,013,1133247,198158,193175,14059,207234,1302
2022-05-03,Del Norte,015,27424,5906,5866,196,6062,50
2022-05-03,El Dorado,017,186661,27125,27021,3251,30272,210
2022-05-03,Fresno,019,978130,236551,232332,24594,256926,2751
2022-05-03,Glenn,021,27897,5017,4995,1617,6612,48
2022-05-03,Humboldt,023,135768,17530,17316,3120,20436,146
2022-05-03,Imperial,025,180216,55677,55548,10602,66150,910
2022-05-03,Inyo,027,18085,4092,4085,501,4586,56
2022-05-03,Kern,029,883053,192799,192432,46141,238573,2281
2022-05-03,Kings,031,150075,51714,51663,3537,55200,447
2022-05-03,Lake,033,64148,10798,10758,895,11653,137
2022-05-03,Lassen,035,31185,8976,8972,876,9848,65
2022-05-03,Los Angeles,037,10098052,2759903,2744894,126180,2871074,31722
2022-05-03,Madera,039,155013,37470,37395,6074,43469,365
2022-05-03,Marin,041,260295,35098,34727,2923,37650,291
2022-05-03,Mariposa,043,17540,2447,2435,206,2641,30
2022-05-03,Mendocino,045,87422,13301,13247,3161,16408,123
2022-05-03,Merced,047,269075,63135,62419,8911,71330,818
2022-05-03,Modoc,049,8938,742,746,251,997,8
2022-05-03,Mono,051,14174,2999,2993,135,3128,6
2022-05-03,Monterey,053,433212,80492,80038,14163,94201,732
2022-05-03,Napa,055,140530,26567,26434,1033,27467,143
2022-05-03,Nevada,057,99092,16210,16136,1235,17371,127
2022-05-03,Orange,059,3164182,555273,553177,42983,596160,7006
2022-05-03,Placer,061,380077,63774,63410,7467,70877,625
2022-05-03,Plumas,063,18699,2997,2947,365,3312,13
2022-05-03,Riverside,065,2383286,597119,594981,28239,623220,6457
2022-05-03,Sacramento,067,1510023,285131,283939,27205,311144,3013
2022-05-03,San Benito,069,59416,13109,13019,528,13547,98
2022-05-03,San Bernardino,071,2135413,579493,569570,25217,594787,7240
2022-05-03,San Diego,073,3302833,763692,763453,53989,817442,5239
2022-05-03,San Francisco,075,870044,133263,131599,8783,140382,860
2022-05-03,San Joaquin,077,732212,168352,167280,10146,177426,2225
2022-05-03,San Luis Obispo,079,281455,53344,53156,3898,57054,477
2022-05-03,San Mateo,081,765935,128177,126800,7433,134233,710
2022-05-03,Santa Barbara,083,443738,87402,87058,4806,91864,688
2022-05-03,Santa Clara,085,1922200,328778,322805,13078,335883,2285
2022-05-03,Santa Cruz,087,273765,50021,49230,2182,51412,262
2022-05-03,Shasta,089,179085,30767,30681,6117,36798,556
2022-05-03,Sierra,091,2930,275,275,49,324,4
2022-05-03,Siskiyou,093,43540,4459,4463,2751,7214,81
2022-05-03,Solano,095,438530,83472,82796,5716,88512,449
2022-05-03,Sonoma,097,501317,86465,85694,3008,88702,488
2022-05-03,Stanislaus,099,539301,118500,118123,18013,136136,1643
2022-05-03,Sutter,101,95872,20624,20672,2113,22785,224
2022-05-03,Tehama,103,63373,12102,12090,2579,14669,201
2022-05-03,Trinity,105,12862,1188,1180,288,1468,20
2022-05-03,Tulare,107,460477,106793,106935,27778,134713,1464
2022-05-03,Tuolumne,109,53932,12877,12757,585,13342,181
2022-05-03,Ventura,111,848112,175566,175066,9794,184860,1486
2022-05-03,Yolo,113,214977,38198,37344,2993,40337,315
2022-05-03,Yuba,115,75493,15958,15940,1217,17157,122
2022-05-02,Alameda,001,1643700,266491,263736,14422,278158,1850
2022-05-02,Alpine,002,1148,125,124,1,125,0
2022-05-02,Amador,005,37829,8593,8546,660,9206,86
2022-05-02,Butte,007,227075,33464,33220,7152,40372,417
2022-05-02,Calaveras,009,45235,7352,7344,363,7707,120
2022-05-02,Colusa,011,21464,3464,3460,1047,4507,21
2022-05-02,Contra Costa,013,1133247,197785,193175,14021,207196,1302
2022-05-02,Del Norte,015,27424,5901,5866,191,6057,50
2022-05-02,El Dorado,017,186661,27101,27021,3246,30267,210
2022-05-02,Fresno,019,978130,236438,232332,24566,256898,2751
2022-05-02,Glenn,021,27897,5015,4995,1617,6612,48
2022-05-02,Humboldt,023,135768,17479,17316,3106,20422,146
2022-05-02,Imperial,025,180216,55664,55548,10595,66143,910
2022-05-02,Inyo,027,18085,4091,4085,499,4584,56
2022-05-02,Kern,029,883053,192715,192432,46112,238544,2281
2022-05-02,Kings,031,150075,51697,51663,3537,55200,447
2022-05-02,Lake,033,64148,10794,10758,895,11653,137
2022-05-02,Lassen,035,31185,8974,8972,876,9848,65
2022-05-02,Los Angeles,037,10098052,2756878,2744894,125962,2870856,31722
2022-05-02,Madera,039,155013,37453,37395,6067,43462,365
2022-05-02,Marin,041,260295,34972,34727,2900,37627,291
2022-05-02,Mariposa,043,17540,2442,2435,206,2641,30
2022-05-02,Mendocino,045,87422,13283,13247,3148,16395,123
2022-05-02,Merced,047,269075,63103,62419,8904,71323,818
2022-05-02,Modoc,049,8938,741,746,251,997,8
2022-05-02,Mono,051,14174,2997,2993,134,3127,6
2022-05-02,Monterey,053,433212,80414,80038,14122,94160,732
2022-05-02,Napa,055,140530,26528,26434,1031,27465,143
2022-05-02,Nevada,057,99092,16192,16136,1233,17369,127
2022-05-02,Orange,059,3164182,554732,553177,42887,596064,7006
2022-05-02,Placer,061,380077,63718,63410,7460,70870,625
2022-05-02,Plumas,063,18699,2997,2947,365,3312,13
2022-05-02,Riverside,065,2383286,596728,594981,28212,623193,6457
2022-05-02,Sacramento,067,1510023,284825,283939,27166,311105,3013
2022-05-02,San Benito,069,59416,13097,13019,528,13547,98
2022-05-02,San Bernardino,071,2135413,579206,569570,25199,594769,7240
2022-05-02,San Diego,073,3302833,762829,763453,53893,817346,5239
2022-05-02,San Francisco,075,870044,132827,131599,8756,140355,860
2022-05-02,San Joaquin,077,732212,168236,167280,10134,177414,2225
2022-05-02,San Luis Obispo,079,281455,53291,53156,3889,57045,477
2022-05-02,San Mateo,081,765935,127852,126800,7418,134218,710
2022-05-02,Santa Barbara,083,443738,87301,87058,4802,91860,688
2022-05-02,Santa Clara,085,1922200,327863,322805,13032,335837,2285
2022-05-02,Santa Cruz,087,273765,49895,49230,2178,51408,262
2022-05-02,Shasta,089,179085,30748,30681,6116,36797,556
2022-05-02,Sierra,091,2930,275,275,49,324,4
2022-05-02,Siskiyou,093,43540,4456,4463,2749,7212,81
2022-05-02,Solano,095,438530,83331,82796,5706,88502,449
2022-05-02,Sonoma,097,501317,86284,85694,2987,88681,488
2022-05-02,Stanislaus,099,539301,118427,118123,17999,136122,1643
2022-05-02,Sutter,101,95872,20617,20672,2110,22782,224
2022-05-02,Tehama,103,63373,12097,12090,2576,14666,201
2022-05-02,Trinity,105,12862,1187,1180,288,1468,20
2022-05-02,Tulare,107,460477,106771,106935,27762,134697,1464
2022-05-02,Tuolumne,109,53932,12871,12757,585,13342,181
2022-05-02,Ventura,111,848112,175403,175066,9762,184828,1486
2022-05-02,Yolo,113,214977,38120,37344,2987,40331,315
2022-05-02,Yuba,115,75493,15953,15940,1215,17155,122
2022-05-01,Alameda,001,1643700,265789,262027,14368,276395,1851
2022-05-01,Alpine,002,1148,125,124,1,125,0
2022-05-01,Amador,005,37829,8593,8533,660,9193,86
2022-05-01,Butte,007,227075,33437,33172,7147,40319,418
2022-05-01,Calaveras,009,45235,7348,7328,357,7685,120
2022-05-01,Colusa,011,21464,3464,3457,1047,4504,21
2022-05-01,Contra Costa,013,1133247,197399,192136,13950,206086,1301
2022-05-01,Del Norte,015,27424,5893,5841,191,6032,50
2022-05-01,El Dorado,017,186661,27070,26946,3242,30188,210
2022-05-01,Fresno,019,978130,236332,232067,24546,256613,2748
2022-05-01,Glenn,021,27897,5015,4995,1617,6612,48
2022-05-01,Humboldt,023,135768,17415,17194,3081,20275,145
2022-05-01,Imperial,025,180216,55640,55503,10592,66095,910
2022-05-01,Inyo,027,18085,4090,4084,498,4582,56
2022-05-01,Kern,029,883053,192651,192250,46066,238316,2265
2022-05-01,Kings,031,150075,51676,51640,3533,55173,447
2022-05-01,Lake,033,64148,10787,10742,893,11635,137
2022-05-01,Lassen,035,31185,8974,8966,876,9842,65
2022-05-01,Los Angeles,037,10098052,2753873,2736900,125727,2862627,31712
2022-05-01,Madera,039,155013,37436,37360,6056,43416,365
2022-05-01,Marin,041,260295,34885,34519,2867,37386,291
2022-05-01,Mariposa,043,17540,2441,2430,206,2636,30
2022-05-01,Mendocino,045,87422,13264,13219,3132,16351,123
2022-05-01,Merced,047,269075,63071,62357,8888,71245,818
2022-05-01,Modoc,049,8938,741,745,251,996,8
2022-05-01,Mono,051,14174,2994,2989,132,3121,6
2022-05-01,Monterey,053,433212,80335,79881,14080,93961,731
2022-05-01,Napa,055,140530,26483,26319,1027,27346,143
2022-05-01,Nevada,057,99092,16173,16100,1232,17332,127
2022-05-01,Orange,059,3164182,554176,551822,42783,594605,6998
2022-05-01,Placer,061,380077,63645,63273,7446,70719,625
2022-05-01,Plumas,063,18699,2996,2946,365,3311,13
2022-05-01,Riverside,065,2383286,596265,593965,28177,622142,6457
2022-05-01,Sacramento,067,1510023,284490,283048,27107,310155,3007
2022-05-01,San Benito,069,59416,13089,12988,528,13516,98
2022-05-01,San Bernardino,071,2135413,578887,568758,25182,593940,7191
2022-05-01,San Diego,073,3302833,761947,761253,53801,815054,5238
2022-05-01,San Francisco,075,870044,132335,130241,8725,138966,860
2022-05-01,San Joaquin,077,732212,168093,167028,10104,177132,2225
2022-05-01,San Luis Obispo,079,281455,53219,53040,3873,56913,477
2022-05-01,San Mateo,081,765935,127486,125807,7379,133186,705
2022-05-01,Santa Barbara,083,443738,87196,86768,4792,91560,688
2022-05-01,Santa Clara,085,1922200,326915,320709,12982,333691,2281
2022-05-01,Santa Cruz,087,273765,49743,48798,2170,50968,262
2022-05-01,Shasta,089,179085,30732,30649,6114,36763,554
2022-05-01,Sierra,091,2930,275,274,49,323,4
2022-05-01,Siskiyou,093,43540,4455,4458,2743,7201,81
2022-05-01,Solano,095,438530,83199,82459,5691,88150,449
2022-05-01,Sonoma,097,501317,86065,85290,2959,88249,488
2022-05-01,Stanislaus,099,539301,118372,117943,17983,135926,1643
2022-05-01,Sutter,101,95872,20609,20644,2103,22747,224
2022-05-01,Tehama,103,63373,12096,12078,2575,14653,202
2022-05-01,Trinity,105,12862,1187,1179,288,1467,20
2022-05-01,Tulare,107,460477,106738,106856,27742,134598,1458
2022-05-01,Tuolumne,109,53932,12852,12713,579,13292,181
2022-05-01,Ventura,111,848112,175231,174679,9709,184388,1486
2022-05-01,Yolo,113,214977,38055,37173,2977,40150,314
2022-05-01,Yuba,115,75493,15943,15917,1213,17130,121
2022-04-30,Alameda,001,1643700,265380,262027,14351,276378,1851
2022-04-30,Alpine,002,1148,125,124,1,125,0
2022-04-30,Amador,005,37829,8591,8533,660,9193,86
2022-04-30,Butte,007,227075,33431,33172,7143,40315,418
2022-04-30,Calaveras,009,45235,7345,7328,356,7684,120
2022-04-30,Colusa,011,21464,3463,3457,1047,4504,21
2022-04-30,Contra Costa,013,1133247,197153,192136,13940,206076,1301
2022-04-30,Del Norte,015,27424,5888,5841,191,6032,50
2022-04-30,El Dorado,017,186661,27051,26946,3238,30184,210
2022-04-30,Fresno,019,978130,236285,232067,24539,256606,2748
2022-04-30,Glenn,021,27897,5014,4995,1616,6611,48
2022-04-30,Humboldt,023,135768,17372,17194,3072,20266,145
2022-04-30,Imperial,025,180216,55627,55503,10589,66092,910
2022-04-30,Inyo,027,18085,4090,4084,498,4582,56
2022-04-30,Kern,029,883053,192615,192250,46048,238298,2265
2022-04-30,Kings,031,150075,51670,51640,3532,55172,447
2022-04-30,Lake,033,64148,10784,10742,893,11635,137
2022-04-30,Lassen,035,31185,8974,8966,876,9842,65
2022-04-30,Los Angeles,037,10098052,2752492,2736900,125550,2862450,31712
2022-04-30,Madera,039,155013,37425,37360,6055,43415,365
2022-04-30,Marin,041,260295,34839,34519,2837,37356,291
2022-04-30,Mariposa,043,17540,2439,2430,205,2635,30
2022-04-30,Mendocino,045,87422,13260,13219,3132,16351,123
2022-04-30,Merced,047,269075,63057,62357,8886,71243,818
2022-04-30,Modoc,049,8938,741,745,251,996,8
2022-04-30,Mono,051,14174,2993,2989,130,3119,6
2022-04-30,Monterey,053,433212,80267,79881,14057,93938,731
2022-04-30,Napa,055,140530,26460,26319,1026,27345,143
2022-04-30,Nevada,057,99092,16158,16100,1231,17331,127
2022-04-30,Orange,059,3164182,553909,551822,42740,594562,6998
2022-04-30,Placer,061,380077,63599,63273,7438,70711,625
2022-04-30,Plumas,063,18699,2993,2946,365,3311,13
2022-04-30,Riverside,065,2383286,596020,593965,28159,622124,6457
2022-04-30,Sacramento,067,1510023,284368,283048,27094,310142,3007
2022-04-30,San Benito,069,59416,13086,12988,528,13516,98
2022-04-30,San Bernardino,071,2135413,578712,568758,25173,593931,7191
2022-04-30,San Diego,073,3302833,761573,761253,53769,815022,5238
2022-04-30,San Francisco,075,870044,132046,130241,8702,138943,860
2022-04-30,San Joaquin,077,732212,168038,167028,10099,177127,2225
2022-04-30,San Luis Obispo,079,281455,53208,53040,3870,56910,477
2022-04-30,San Mateo,081,765935,127267,125807,7361,133168,705
2022-04-30,Santa Barbara,083,443738,87140,86768,4789,91557,688
2022-04-30,Santa Clara,085,1922200,326340,320709,12958,333667,2281
2022-04-30,Santa Cruz,087,273765,49697,48798,2170,50968,262
2022-04-30,Shasta,089,179085,30725,30649,6112,36761,554
2022-04-30,Sierra,091,2930,275,274,49,323,4
2022-04-30,Siskiyou,093,43540,4453,4458,2742,7200,81
2022-04-30,Solano,095,438530,83180,82459,5689,88148,449
2022-04-30,Sonoma,097,501317,85948,85290,2947,88237,488
2022-04-30,Stanislaus,099,539301,118341,117943,17977,135920,1643
2022-04-30,Sutter,101,95872,20604,20644,2103,22747,224
2022-04-30,Tehama,103,63373,12092,12078,2573,14651,202
2022-04-30,Trinity,105,12862,1187,1179,288,1467,20
2022-04-30,Tulare,107,460477,106718,106856,27730,134586,1458
2022-04-30,Tuolumne,109,53932,12843,12713,579,13292,181
2022-04-30,Ventura,111,848112,175147,174679,9677,184356,1486
2022-04-30,Yolo,113,214977,38009,37173,2976,40149,314
2022-04-30,Yuba,115,75493,15937,15917,1212,17129,121
2022-04-29,Alameda,001,1643700,265070,262027,14337,276364,1851
2022-04-29,Alpine,002,1148,124,124,1,125,0
2022-04-29,Amador,005,37829,8584,8533,658,9191,86
2022-04-29,Butte,007,227075,33426,33172,7137,40309,418
2022-04-29,Calaveras,009,45235,7343,7328,356,7684,120
2022-04-29,Colusa,011,21464,3462,3457,1047,4504,21
2022-04-29,Contra Costa,013,1133247,196957,192136,13921,206057,1301
2022-04-29,Del Norte,015,27424,5884,5841,191,6032,50
2022-04-29,El Dorado,017,186661,27039,26946,3236,30182,210
2022-04-29,Fresno,019,978130,236234,232067,24531,256598,2748
2022-04-29,Glenn,021,27897,5014,4995,1615,6610,48
2022-04-29,Humboldt,023,135768,17347,17194,3064,20258,145
2022-04-29,Imperial,025,180216,55611,55503,10588,66091,910
2022-04-29,Inyo,027,18085,4090,4084,496,4580,56
2022-04-29,Kern,029,883053,192587,192250,46037,238287,2265
2022-04-29,Kings,031,150075,51664,51640,3532,55172,447
2022-04-29,Lake,033,64148,10783,10742,893,11635,137
2022-04-29,Lassen,035,31185,8973,8966,876,9842,65
2022-04-29,Los Angeles,037,10098052,2751198,2736900,125404,2862304,31712
2022-04-29,Madera,039,155013,37415,37360,6054,43414,365
2022-04-29,Marin,041,260295,34774,34519,2817,37336,291
2022-04-29,Mariposa,043,17540,2437,2430,205,2635,30
2022-04-29,Mendocino,045,87422,13255,13219,3131,16350,123
2022-04-29,Merced,047,269075,63045,62357,8884,71241,818
2022-04-29,Modoc,049,8938,741,745,251,996,8
2022-04-29,Mono,051,14174,2993,2989,130,3119,6
2022-04-29,Monterey,053,433212,80233,79881,14043,93924,731
2022-04-29,Napa,055,140530,26432,26319,1024,27343,143
2022-04-29,Nevada,057,99092,16151,16100,1230,17330,127
2022-04-29,Orange,059,3164182,553642,551822,42686,594508,6998
2022-04-29,Placer,061,380077,63569,63273,7431,70704,625
2022-04-29,Plumas,063,18699,2992,2946,365,3311,13
2022-04-29,Riverside,065,2383286,595800,593965,28138,622103,6457
2022-04-29,Sacramento,067,1510023,284221,283048,27086,310134,3007
2022-04-29,San Benito,069,59416,13081,12988,528,13516,98
2022-04-29,San Bernardino,071,2135413,578554,568758,25163,593921,7191
2022-04-29,San Diego,073,3302833,761157,761253,53743,814996,5238
2022-04-29,San Francisco,075,870044,131823,130241,8682,138923,860
2022-04-29,San Joaquin,077,732212,167983,167028,10095,177123,2225
2022-04-29,San Luis Obispo,079,281455,53193,53040,3865,56905,477
2022-04-29,San Mateo,081,765935,127068,125807,7348,133155,705
2022-04-29,Santa Barbara,083,443738,87100,86768,4787,91555,688
2022-04-29,Santa Clara,085,1922200,325829,320709,12928,333637,2281
2022-04-29,Santa Cruz,087,273765,49641,48798,2166,50964,262
2022-04-29,Shasta,089,179085,30723,30649,6111,36760,554
2022-04-29,Sierra,091,2930,275,274,49,323,4
2022-04-29,Siskiyou,093,43540,4452,4458,2742,7200,81
2022-04-29,Solano,095,438530,83123,82459,5684,88143,449
2022-04-29,Sonoma,097,501317,85840,85290,2934,88224,488
2022-04-29,Stanislaus,099,539301,118318,117943,17971,135914,1643
2022-04-29,Sutter,101,95872,20597,20644,2102,22746,224
2022-04-29,Tehama,103,63373,12090,12078,2573,14651,202
2022-04-29,Trinity,105,12862,1187,1179,288,1467,20
2022-04-29,Tulare,107,460477,106700,106856,27713,134569,1458
2022-04-29,Tuolumne,109,53932,12836,12713,576,13289,181
2022-04-29,Ventura,111,848112,175071,174679,9655,184334,1486
2022-04-29,Yolo,113,214977,37976,37173,2973,40146,314
2022-04-29,Yuba,115,75493,15932,15917,1212,17129,121
2022-04-28,Alameda,001,1643700,264629,262027,14301,276328,1851
2022-04-28,Alpine,002,1148,124,124,1,125,0
2022-04-28,Amador,005,37829,8581,8533,658,9191,86
2022-04-28,Butte,007,227075,33417,33172,7131,40303,418
2022-04-28,Calaveras,009,45235,7339,7328,356,7684,120
2022-04-28,Colusa,011,21464,3462,3457,1047,4504,21
2022-04-28,Contra Costa,013,1133247,196696,192136,13880,206016,1301
2022-04-28,Del Norte,015,27424,5878,5841,191,6032,50
2022-04-28,El Dorado,017,186661,27017,26946,3232,30178,210
2022-04-28,Fresno,019,978130,236175,232067,24522,256589,2748
2022-04-28,Glenn,021,27897,5011,4995,1615,6610,48
2022-04-28,Humboldt,023,135768,17313,17194,3048,20242,145
2022-04-28,Imperial,025,180216,55599,55503,10583,66086,910
2022-04-28,Inyo,027,18085,4090,4084,496,4580,56
2022-04-28,Kern,029,883053,192548,192250,46023,238273,2265
2022-04-28,Kings,031,150075,51658,51640,3532,55172,447
2022-04-28,Lake,033,64148,10779,10742,893,11635,137
2022-04-28,Lassen,035,31185,8973,8966,876,9842,65
2022-04-28,Los Angeles,037,10098052,2749140,2736900,125218,2862118,31712
2022-04-28,Madera,039,155013,37409,37360,6051,43411,365
2022-04-28,Marin,041,260295,34724,34519,2802,37321,291
2022-04-28,Mariposa,043,17540,2437,2430,205,2635,30
2022-04-28,Mendocino,045,87422,13244,13219,3114,16333,123
2022-04-28,Merced,047,269075,63024,62357,8875,71232,818
2022-04-28,Modoc,049,8938,741,745,251,996,8
2022-04-28,Mono,051,14174,2991,2989,130,3119,6
2022-04-28,Monterey,053,433212,80194,79881,14019,93900,731
2022-04-28,Napa,055,140530,26401,26319,1021,27340,143
2022-04-28,Nevada,057,99092,16143,16100,1227,17327,127
2022-04-28,Orange,059,3164182,553283,551822,42618,594440,6998
2022-04-28,Placer,061,380077,63522,63273,7423,70696,625
2022-04-28,Plumas,063,18699,2991,2946,365,3311,13
2022-04-28,Riverside,065,2383286,595518,593965,28116,622081,6457
2022-04-28,Sacramento,067,1510023,284035,283048,27048,310096,3007
2022-04-28,San Benito,069,59416,13071,12988,526,13514,98
2022-04-28,San Bernardino,071,2135413,578354,568758,25155,593913,7191
2022-04-28,San Diego,073,3302833,760617,761253,53679,814932,5238
2022-04-28,San Francisco,075,870044,131518,130241,8647,138888,860
2022-04-28,San Joaquin,077,732212,167913,167028,10079,177107,2225
2022-04-28,San Luis Obispo,079,281455,53165,53040,3847,56887,477
2022-04-28,San Mateo,081,765935,126819,125807,7327,133134,705
2022-04-28,Santa Barbara,083,443738,87047,86768,4784,91552,688
2022-04-28,Santa Clara,085,1922200,325285,320709,12894,333603,2281
2022-04-28,Santa Cruz,087,273765,49544,48798,2160,50958,262
2022-04-28,Shasta,089,179085,30715,30649,6111,36760,554
2022-04-28,Sierra,091,2930,275,274,49,323,4
2022-04-28,Siskiyou,093,43540,4449,4458,2742,7200,81
2022-04-28,Solano,095,438530,83039,82459,5679,88138,449
2022-04-28,Sonoma,097,501317,85725,85290,2920,88210,488
2022-04-28,Stanislaus,099,539301,118280,117943,17964,135907,1643
2022-04-28,Sutter,101,95872,20587,20644,2099,22743,224
2022-04-28,Tehama,103,63373,12089,12078,2572,14650,202
2022-04-28,Trinity,105,12862,1187,1179,288,1467,20
2022-04-28,Tulare,107,460477,106678,106856,27704,134560,1458
2022-04-28,Tuolumne,109,53932,12824,12713,575,13288,181
2022-04-28,Ventura,111,848112,174982,174679,9619,184298,1486
2022-04-28,Yolo,113,214977,37939,37173,2970,40143,314
2022-04-28,Yuba,115,75493,15923,15917,1210,17127,121
2022-04-27,Alameda,001,1643700,264148,260871,14259,275130,1843
2022-04-27,Alpine,002,1148,124,124,1,125,0
2022-04-27,Amador,005,37829,8580,8518,658,9176,86
2022-04-27,Butte,007,227075,33406,33118,7126,40244,411
2022-04-27,Calaveras,009,45235,7336,7307,356,7663,119
2022-04-27,Colusa,011,21464,3462,3457,1047,4504,21
2022-04-27,Contra Costa,013,1133247,196432,191412,13850,205262,1300
2022-04-27,Del Norte,015,27424,5873,5833,191,6024,50
2022-04-27,El Dorado,017,186661,27005,26898,3227,30125,209
2022-04-27,Fresno,019,978130,236108,231951,24509,256460,2744
2022-04-27,Glenn,021,27897,5011,4993,1615,6608,48
2022-04-27,Humboldt,023,135768,17283,17138,3037,20175,145
2022-04-27,Imperial,025,180216,55581,55480,10580,66060,910
2022-04-27,Inyo,027,18085,4089,4080,495,4575,56
2022-04-27,Kern,029,883053,192512,192157,46004,238161,2271
2022-04-27,Kings,031,150075,51653,51617,3531,55148,444
2022-04-27,Lake,033,64148,10775,10732,893,11625,135
2022-04-27,Lassen,035,31185,8972,8965,876,9841,65
2022-04-27,Los Angeles,037,10098052,2746831,2731988,125034,2857022,31691
2022-04-27,Madera,039,155013,37399,37339,6050,43389,354
2022-04-27,Marin,041,260295,34663,34354,2788,37142,288
2022-04-27,Mariposa,043,17540,2435,2427,205,2632,30
2022-04-27,Mendocino,045,87422,13237,13188,3106,16294,123
2022-04-27,Merced,047,269075,63010,62315,8870,71185,815
2022-04-27,Modoc,049,8938,741,745,251,996,8
2022-04-27,Mono,051,14174,2991,2989,130,3119,6
2022-04-27,Monterey,053,433212,80152,79695,13979,93674,729
2022-04-27,Napa,055,140530,26372,26210,1016,27226,143
2022-04-27,Nevada,057,99092,16127,16080,1224,17304,127
2022-04-27,Orange,059,3164182,552910,550859,42556,593415,6991
2022-04-27,Placer,061,380077,63480,63154,7408,70562,623
2022-04-27,Plumas,063,18699,2990,2934,365,3299,13
2022-04-27,Riverside,065,2383286,595252,593397,28100,621497,6453
2022-04-27,Sacramento,067,1510023,283834,281802,27016,308818,3001
2022-04-27,San Benito,069,59416,13058,12989,524,13513,98
2022-04-27,San Bernardino,071,2135413,578156,568018,25148,593166,7105
2022-04-27,San Diego,073,3302833,760043,759873,53616,813489,5236
2022-04-27,San Francisco,075,870044,131164,129284,8622,137906,857
2022-04-27,San Joaquin,077,732212,167836,166848,10064,176912,2225
2022-04-27,San Luis Obispo,079,281455,53120,52911,3836,56747,476
2022-04-27,San Mateo,081,765935,126584,125018,7276,132294,702
2022-04-27,Santa Barbara,083,443738,86983,86557,4777,91334,685
2022-04-27,Santa Clara,085,1922200,324714,319077,12849,331926,2282
2022-04-27,Santa Cruz,087,273765,49459,48500,2153,50653,262
2022-04-27,Shasta,089,179085,30704,30633,6108,36741,554
2022-04-27,Sierra,091,2930,274,276,49,325,4
2022-04-27,Siskiyou,093,43540,4449,4455,2738,7193,81
2022-04-27,Solano,095,438530,82925,82220,5671,87891,448
2022-04-27,Sonoma,097,501317,85616,84983,2902,87885,487
2022-04-27,Stanislaus,099,539301,118238,117841,17954,135795,1643
2022-04-27,Sutter,101,95872,20583,20627,2095,22722,224
2022-04-27,Tehama,103,63373,12089,12073,2572,14645,201
2022-04-27,Trinity,105,12862,1187,1179,288,1467,20
2022-04-27,Tulare,107,460477,106661,106580,27695,134275,1453
2022-04-27,Tuolumne,109,53932,12807,12684,574,13258,181
2022-04-27,Ventura,111,848112,174878,174425,9604,184029,1480
2022-04-27,Yolo,113,214977,37890,37096,2965,40061,314
2022-04-27,Yuba,115,75493,15919,15902,1205,17107,121
2022-04-26,Alameda,001,1643700,263625,260871,14221,275092,1843
2022-04-26,Alpine,002,1148,124,124,1,125,0
2022-04-26,Amador,005,37829,8577,8518,657,9175,86
2022-04-26,Butte,007,227075,33389,33118,7119,40237,411
2022-04-26,Calaveras,009,45235,7332,7307,355,7662,119
2022-04-26,Colusa,011,21464,3462,3457,1047,4504,21
2022-04-26,Contra Costa,013,1133247,196170,191412,13813,205225,1300
2022-04-26,Del Norte,015,27424,5865,5833,191,6024,50
2022-04-26,El Dorado,017,186661,26983,26898,3223,30121,209
2022-04-26,Fresno,019,978130,236027,231951,24499,256450,2744
2022-04-26,Glenn,021,27897,5011,4993,1614,6607,48
2022-04-26,Humboldt,023,135768,17252,17138,3031,20169,145
2022-04-26,Imperial,025,180216,55561,55480,10575,66055,910
2022-04-26,Inyo,027,18085,4089,4080,495,4575,56
2022-04-26,Kern,029,883053,192465,192157,45979,238136,2271
2022-04-26,Kings,031,150075,51647,51617,3531,55148,444
2022-04-26,Lake,033,64148,10768,10732,893,11625,135
2022-04-26,Lassen,035,31185,8967,8965,876,9841,65
2022-04-26,Los Angeles,037,10098052,2744451,2731988,124850,2856838,31691
2022-04-26,Madera,039,155013,37391,37339,6043,43382,354
2022-04-26,Marin,041,260295,34609,34354,2769,37123,288
2022-04-26,Mariposa,043,17540,2435,2427,205,2632,30
2022-04-26,Mendocino,045,87422,13233,13188,3100,16288,123
2022-04-26,Merced,047,269075,62987,62315,8853,71168,815
2022-04-26,Modoc,049,8938,741,745,251,996,8
2022-04-26,Mono,051,14174,2991,2989,129,3118,6
2022-04-26,Monterey,053,433212,80097,79695,13940,93635,729
2022-04-26,Napa,055,140530,26341,26210,1012,27222,143
2022-04-26,Nevada,057,99092,16118,16080,1224,17304,127
2022-04-26,Orange,059,3164182,552501,550859,42496,593355,6991
2022-04-26,Placer,061,380077,63447,63154,7404,70558,623
2022-04-26,Plumas,063,18699,2990,2934,365,3299,13
2022-04-26,Riverside,065,2383286,594942,593397,28074,621471,6453
2022-04-26,Sacramento,067,1510023,283597,281802,26995,308797,3001
2022-04-26,San Benito,069,59416,13054,12989,523,13512,98
2022-04-26,San Bernardino,071,2135413,577946,568018,25134,593152,7105
2022-04-26,San Diego,073,3302833,759384,759873,53511,813384,5236
2022-04-26,San Francisco,075,870044,130764,129284,8597,137881,857
2022-04-26,San Joaquin,077,732212,167774,166848,10054,176902,2225
2022-04-26,San Luis Obispo,079,281455,53091,52911,3825,56736,476
2022-04-26,San Mateo,081,765935,126307,125018,7247,132265,702
2022-04-26,Santa Barbara,083,443738,86922,86557,4772,91329,685
2022-04-26,Santa Clara,085,1922200,324152,319077,12805,331882,2282
2022-04-26,Santa Cruz,087,273765,49359,48500,2150,50650,262
2022-04-26,Shasta,089,179085,30692,30633,6108,36741,554
2022-04-26,Sierra,091,2930,274,276,49,325,4
2022-04-26,Siskiyou,093,43540,4447,4455,2736,7191,81
2022-04-26,Solano,095,438530,82825,82220,5660,87880,448
2022-04-26,Sonoma,097,501317,85510,84983,2886,87869,487
2022-04-26,Stanislaus,099,539301,118203,117841,17944,135785,1643
2022-04-26,Sutter,101,95872,20573,20627,2095,22722,224
2022-04-26,Tehama,103,63373,12080,12073,2572,14645,201
2022-04-26,Trinity,105,12862,1187,1179,288,1467,20
2022-04-26,Tulare,107,460477,106633,106580,27681,134261,1453
2022-04-26,Tuolumne,109,53932,12788,12684,572,13256,181
2022-04-26,Ventura,111,848112,174769,174425,9578,184003,1480
2022-04-26,Yolo,113,214977,37831,37096,2960,40056,314
2022-04-26,Yuba,115,75493,15917,15902,1205,17107,121
2022-04-25,Alameda,001,1643700,263112,260871,14180,275051,1843
2022-04-25,Alpine,002,1148,124,124,1,125,0
2022-04-25,Amador,005,37829,8574,8518,657,9175,86
2022-04-25,Butte,007,227075,33373,33118,7110,40228,411
2022-04-25,Calaveras,009,45235,7329,7307,355,7662,119
2022-04-25,Colusa,011,21464,3462,3457,1047,4504,21
2022-04-25,Contra Costa,013,1133247,195904,191412,13776,205188,1300
2022-04-25,Del Norte,015,27424,5859,5833,189,6022,50
2022-04-25,El Dorado,017,186661,26961,26898,3221,30119,209
2022-04-25,Fresno,019,978130,235935,231951,24487,256438,2744
2022-04-25,Glenn,021,27897,5011,4993,1614,6607,48
2022-04-25,Humboldt,023,135768,17210,17138,3023,20161,145
2022-04-25,Imperial,025,180216,55541,55480,10570,66050,910
2022-04-25,Inyo,027,18085,4089,4080,495,4575,56
2022-04-25,Kern,029,883053,192421,192157,45961,238118,2271
2022-04-25,Kings,031,150075,51638,51617,3530,55147,444
2022-04-25,Lake,033,64148,10765,10732,892,11624,135
2022-04-25,Lassen,035,31185,8966,8965,876,9841,65
2022-04-25,Los Angeles,037,10098052,2742071,2731988,124686,2856674,31691
2022-04-25,Madera,039,155013,37377,37339,6039,43378,354
2022-04-25,Marin,041,260295,34545,34354,2745,37099,288
2022-04-25,Mariposa,043,17540,2435,2427,204,2631,30
2022-04-25,Mendocino,045,87422,13223,13188,3083,16271,123
2022-04-25,Merced,047,269075,62973,62315,8851,71166,815
2022-04-25,Modoc,049,8938,741,745,251,996,8
2022-04-25,Mono,051,14174,2991,2989,129,3118,6
2022-04-25,Monterey,053,433212,80058,79695,13915,93610,729
2022-04-25,Napa,055,140530,26300,26210,1010,27220,143
2022-04-25,Nevada,057,99092,16112,16080,1222,17302,127
2022-04-25,Orange,059,3164182,552092,550859,42433,593292,6991
2022-04-25,Placer,061,380077,63412,63154,7400,70554,623
2022-04-25,Plumas,063,18699,2988,2934,365,3299,13
2022-04-25,Riverside,065,2383286,594678,593397,28057,621454,6453
2022-04-25,Sacramento,067,1510023,283432,281802,26964,308766,3001
2022-04-25,San Benito,069,59416,13047,12989,523,13512,98
2022-04-25,San Bernardino,071,2135413,577716,568018,25117,593135,7105
2022-04-25,San Diego,073,3302833,758707,759873,53433,813306,5236
2022-04-25,San Francisco,075,870044,130403,129284,8575,137859,857
2022-04-25,San Joaquin,077,732212,167690,166848,10041,176889,2225
2022-04-25,San Luis Obispo,079,281455,53042,52911,3817,56728,476
2022-04-25,San Mateo,081,765935,126033,125018,7229,132247,702
2022-04-25,Santa Barbara,083,443738,86861,86557,4766,91323,685
2022-04-25,Santa Clara,085,1922200,323505,319077,12761,331838,2282
2022-04-25,Santa Cruz,087,273765,49217,48500,2141,50641,262
2022-04-25,Shasta,089,179085,30680,30633,6105,36738,554
2022-04-25,Sierra,091,2930,274,276,49,325,4
2022-04-25,Siskiyou,093,43540,4447,4455,2735,7190,81
2022-04-25,Solano,095,438530,82707,82220,5649,87869,448
2022-04-25,Sonoma,097,501317,85386,84983,2867,87850,487
2022-04-25,Stanislaus,099,539301,118158,117841,17937,135778,1643
2022-04-25,Sutter,101,95872,20570,20627,2095,22722,224
2022-04-25,Tehama,103,63373,12080,12073,2572,14645,201
2022-04-25,Trinity,105,12862,1186,1179,288,1467,20
2022-04-25,Tulare,107,460477,106608,106580,27671,134251,1453
2022-04-25,Tuolumne,109,53932,12778,12684,572,13256,181
2022-04-25,Ventura,111,848112,174659,174425,9554,183979,1480
2022-04-25,Yolo,113,214977,37768,37096,2956,40052,314
2022-04-25,Yuba,115,75493,15907,15902,1204,17106,121
2022-04-24,Alameda,001,1643700,262529,259619,14135,273754,1837
2022-04-24,Alpine,002,1148,124,124,1,125,0
2022-04-24,Amador,005,37829,8565,8509,656,9165,86
2022-04-24,Butte,007,227075,33356,33105,7103,40208,411
2022-04-24,Calaveras,009,45235,7320,7296,353,7649,119
2022-04-24,Colusa,011,21464,3461,3453,1047,4500,21
2022-04-24,Contra Costa,013,1133247,195600,190611,13743,204354,1298
2022-04-24,Del Norte,015,27424,5850,5827,187,6014,50
2022-04-24,El Dorado,017,186661,26943,26837,3219,30056,209
2022-04-24,Fresno,019,978130,235854,231751,24474,256225,2744
2022-04-24,Glenn,021,27897,5011,4989,1612,6601,48
2022-04-24,Humboldt,023,135768,17185,17033,3009,20042,145
2022-04-24,Imperial,025,180216,55529,55434,10562,65996,910
2022-04-24,Inyo,027,18085,4085,4079,494,4573,56
2022-04-24,Kern,029,883053,192368,192012,45947,237959,2267
2022-04-24,Kings,031,150075,51629,51588,3530,55118,444
2022-04-24,Lake,033,64148,10757,10720,889,11609,134
2022-04-24,Lassen,035,31185,8965,8966,876,9842,65
2022-04-24,Los Angeles,037,10098052,2739730,2725630,124541,2850171,31667
2022-04-24,Madera,039,155013,37362,37333,6033,43366,354
2022-04-24,Marin,041,260295,34491,34150,2711,36861,288
2022-04-24,Mariposa,043,17540,2432,2422,204,2626,30
2022-04-24,Mendocino,045,87422,13218,13158,3071,16229,122
2022-04-24,Merced,047,269075,62949,62286,8842,71128,815
2022-04-24,Modoc,049,8938,741,745,251,996,8
2022-04-24,Mono,051,14174,2989,2986,129,3115,6
2022-04-24,Monterey,053,433212,80005,79560,13882,93442,729
2022-04-24,Napa,055,140530,26263,26093,1009,27102,143
2022-04-24,Nevada,057,99092,16096,16052,1220,17272,127
2022-04-24,Orange,059,3164182,551671,549765,42370,592135,6989
2022-04-24,Placer,061,380077,63360,63037,7393,70430,622
2022-04-24,Plumas,063,18699,2986,2934,365,3299,13
2022-04-24,Riverside,065,2383286,594399,592683,28022,620705,6450
2022-04-24,Sacramento,067,1510023,283224,280551,26931,307482,2993
2022-04-24,San Benito,069,59416,13043,12966,523,13489,98
2022-04-24,San Bernardino,071,2135413,577482,566806,25095,591901,7047
2022-04-24,San Diego,073,3302833,758078,758311,53370,811681,5233
2022-04-24,San Francisco,075,870044,129958,128323,8549,136872,857
2022-04-24,San Joaquin,077,732212,167604,166626,10004,176630,2224
2022-04-24,San Luis Obispo,079,281455,52966,52826,3807,56633,476
2022-04-24,San Mateo,081,765935,125716,124106,7200,131306,703
2022-04-24,Santa Barbara,083,443738,86792,86376,4764,91140,685
2022-04-24,Santa Clara,085,1922200,322819,317487,12710,330197,2277
2022-04-24,Santa Cruz,087,273765,49103,48255,2135,50390,261
2022-04-24,Shasta,089,179085,30669,30607,6103,36710,557
2022-04-24,Sierra,091,2930,274,276,49,325,4
2022-04-24,Siskiyou,093,43540,4445,4453,2733,7186,81
2022-04-24,Solano,095,438530,82597,81982,5640,87622,448
2022-04-24,Sonoma,097,501317,85250,84581,2845,87426,486
2022-04-24,Stanislaus,099,539301,118106,117737,17931,135668,1632
2022-04-24,Sutter,101,95872,20561,20605,2092,22697,224
2022-04-24,Tehama,103,63373,12076,12064,2572,14636,201
2022-04-24,Trinity,105,12862,1186,1177,288,1465,20
2022-04-24,Tulare,107,460477,106581,106354,27660,134014,1446
2022-04-24,Tuolumne,109,53932,12765,12664,571,13235,181
2022-04-24,Ventura,111,848112,174547,174091,9533,183624,1479
2022-04-24,Yolo,113,214977,37728,36990,2953,39943,314
2022-04-24,Yuba,115,75493,15903,15888,1204,17092,121
2022-04-23,Alameda,001,1643700,262281,259619,14123,273742,1837
2022-04-23,Alpine,002,1148,124,124,1,125,0
2022-04-23,Amador,005,37829,8559,8509,656,9165,86
2022-04-23,Butte,007,227075,33347,33105,7100,40205,411
2022-04-23,Calaveras,009,45235,7312,7296,353,7649,119
2022-04-23,Colusa,011,21464,3461,3453,1047,4500,21
2022-04-23,Contra Costa,013,1133247,195445,190611,13725,204336,1298
2022-04-23,Del Norte,015,27424,5848,5827,186,6013,50
2022-04-23,El Dorado,017,186661,26933,26837,3218,30055,209
2022-04-23,Fresno,019,978130,235822,231751,24468,256219,2744
2022-04-23,Glenn,021,27897,5011,4989,1612,6601,48
2022-04-23,Humboldt,023,135768,17169,17033,3006,20039,145
2022-04-23,Imperial,025,180216,55518,55434,10561,65995,910
2022-04-23,Inyo,027,18085,4085,4079,493,4572,56
2022-04-23,Kern,029,883053,192340,192012,45933,237945,2267
2022-04-23,Kings,031,150075,51624,51588,3529,55117,444
2022-04-23,Lake,033,64148,10756,10720,889,11609,134
2022-04-23,Lassen,035,31185,8965,8966,876,9842,65
2022-04-23,Los Angeles,037,10098052,2738784,2725630,124439,2850069,31667
2022-04-23,Madera,039,155013,37355,37333,6032,43365,354
2022-04-23,Marin,041,260295,34456,34150,2665,36815,288
2022-04-23,Mariposa,043,17540,2432,2422,204,2626,30
2022-04-23,Mendocino,045,87422,13211,13158,3071,16229,122
2022-04-23,Merced,047,269075,62939,62286,8842,71128,815
2022-04-23,Modoc,049,8938,741,745,251,996,8
2022-04-23,Mono,051,14174,2989,2986,129,3115,6
2022-04-23,Monterey,053,433212,79936,79560,13867,93427,729
2022-04-23,Napa,055,140530,26242,26093,1007,27100,143
2022-04-23,Nevada,057,99092,16090,16052,1218,17270,127
2022-04-23,Orange,059,3164182,551454,549765,42322,592087,6989
2022-04-23,Placer,061,380077,63330,63037,7392,70429,622
2022-04-23,Plumas,063,18699,2986,2934,365,3299,13
2022-04-23,Riverside,065,2383286,594263,592683,28012,620695,6450
2022-04-23,Sacramento,067,1510023,283124,280551,26928,307479,2993
2022-04-23,San Benito,069,59416,13042,12966,523,13489,98
2022-04-23,San Bernardino,071,2135413,577360,566806,25092,591898,7047
2022-04-23,San Diego,073,3302833,757815,758311,53351,811662,5233
2022-04-23,San Francisco,075,870044,129752,128323,8523,136846,857
2022-04-23,San Joaquin,077,732212,167563,166626,9996,176622,2224
2022-04-23,San Luis Obispo,079,281455,52951,52826,3803,56629,476
2022-04-23,San Mateo,081,765935,125553,124106,7194,131300,703
2022-04-23,Santa Barbara,083,443738,86756,86376,4763,91139,685
2022-04-23,Santa Clara,085,1922200,322437,317487,12683,330170,2277
2022-04-23,Santa Cruz,087,273765,49053,48255,2133,50388,261
2022-04-23,Shasta,089,179085,30666,30607,6103,36710,557
2022-04-23,Sierra,091,2930,274,276,49,325,4
2022-04-23,Siskiyou,093,43540,4443,4453,2733,7186,81
2022-04-23,Solano,095,438530,82569,81982,5635,87617,448
2022-04-23,Sonoma,097,501317,85181,84581,2836,87417,486
2022-04-23,Stanislaus,099,539301,118070,117737,17929,135666,1632
2022-04-23,Sutter,101,95872,20555,20605,2092,22697,224
2022-04-23,Tehama,103,63373,12075,12064,2572,14636,201
2022-04-23,Trinity,105,12862,1186,1177,288,1465,20
2022-04-23,Tulare,107,460477,106573,106354,27650,134004,1446
2022-04-23,Tuolumne,109,53932,12760,12664,571,13235,181
2022-04-23,Ventura,111,848112,174484,174091,9525,183616,1479
2022-04-23,Yolo,113,214977,37700,36990,2949,39939,314
2022-04-23,Yuba,115,75493,15901,15888,1204,17092,121
2022-04-22,Alameda,001,1643700,262051,259619,14104,273723,1837
2022-04-22,Alpine,002,1148,124,124,1,125,0
2022-04-22,Amador,005,37829,8558,8509,654,9163,86
2022-04-22,Butte,007,227075,33341,33105,7095,40200,411
2022-04-22,Calaveras,009,45235,7311,7296,353,7649,119
2022-04-22,Colusa,011,21464,3461,3453,1047,4500,21
2022-04-22,Contra Costa,013,1133247,195308,190611,13709,204320,1298
2022-04-22,Del Norte,015,27424,5848,5827,186,6013,50
2022-04-22,El Dorado,017,186661,26920,26837,3214,30051,209
2022-04-22,Fresno,019,978130,235792,231751,24464,256215,2744
2022-04-22,Glenn,021,27897,5009,4989,1612,6601,48
2022-04-22,Humboldt,023,135768,17153,17033,3000,20033,145
2022-04-22,Imperial,025,180216,55512,55434,10561,65995,910
2022-04-22,Inyo,027,18085,4085,4079,492,4571,56
2022-04-22,Kern,029,883053,192319,192012,45930,237942,2267
2022-04-22,Kings,031,150075,51620,51588,3528,55116,444
2022-04-22,Lake,033,64148,10755,10720,889,11609,134
2022-04-22,Lassen,035,31185,8965,8966,876,9842,65
2022-04-22,Los Angeles,037,10098052,2737704,2725630,124380,2850010,31667
2022-04-22,Madera,039,155013,37350,37333,6031,43364,354
2022-04-22,Marin,041,260295,34419,34150,2654,36804,288
2022-04-22,Mariposa,043,17540,2431,2422,204,2626,30
2022-04-22,Mendocino,045,87422,13206,13158,3066,16224,122
2022-04-22,Merced,047,269075,62932,62286,8830,71116,815
2022-04-22,Modoc,049,8938,741,745,251,996,8
2022-04-22,Mono,051,14174,2989,2986,128,3114,6
2022-04-22,Monterey,053,433212,79901,79560,13853,93413,729
2022-04-22,Napa,055,140530,26225,26093,1005,27098,143
2022-04-22,Nevada,057,99092,16090,16052,1218,17270,127
2022-04-22,Orange,059,3164182,551269,549765,42269,592034,6989
2022-04-22,Placer,061,380077,63307,63037,7389,70426,622
2022-04-22,Plumas,063,18699,2986,2934,365,3299,13
2022-04-22,Riverside,065,2383286,594119,592683,27997,620680,6450
2022-04-22,Sacramento,067,1510023,283036,280551,26916,307467,2993
2022-04-22,San Benito,069,59416,13037,12966,523,13489,98
2022-04-22,San Bernardino,071,2135413,577247,566806,25084,591890,7047
2022-04-22,San Diego,073,3302833,757496,758311,53323,811634,5233
2022-04-22,San Francisco,075,870044,129585,128323,8497,136820,857
2022-04-22,San Joaquin,077,732212,167532,166626,9994,176620,2224
2022-04-22,San Luis Obispo,079,281455,52945,52826,3802,56628,476
2022-04-22,San Mateo,081,765935,125386,124106,7183,131289,703
2022-04-22,Santa Barbara,083,443738,86710,86376,4762,91138,685
2022-04-22,Santa Clara,085,1922200,322090,317487,12669,330156,2277
2022-04-22,Santa Cruz,087,273765,49013,48255,2132,50387,261
2022-04-22,Shasta,089,179085,30661,30607,6102,36709,557
2022-04-22,Sierra,091,2930,274,276,48,324,4
2022-04-22,Siskiyou,093,43540,4443,4453,2733,7186,81
2022-04-22,Solano,095,438530,82512,81982,5632,87614,448
2022-04-22,Sonoma,097,501317,85116,84581,2832,87413,486
2022-04-22,Stanislaus,099,539301,118048,117737,17924,135661,1632
2022-04-22,Sutter,101,95872,20549,20605,2092,22697,224
2022-04-22,Tehama,103,63373,12070,12064,2571,14635,201
2022-04-22,Trinity,105,12862,1186,1177,287,1464,20
2022-04-22,Tulare,107,460477,106563,106354,27642,133996,1446
2022-04-22,Tuolumne,109,53932,12754,12664,569,13233,181
2022-04-22,Ventura,111,848112,174409,174091,9514,183605,1479
2022-04-22,Yolo,113,214977,37679,36990,2947,39937,314
2022-04-22,Yuba,115,75493,15898,15888,1203,17091,121
2022-04-21,Alameda,001,1643700,261689,259619,14067,273686,1837
2022-04-21,Alpine,002,1148,124,124,1,125,0
2022-04-21,Amador,005,37829,8555,8509,654,9163,86
2022-04-21,Butte,007,227075,33334,33105,7087,40192,411
2022-04-21,Calaveras,009,45235,7308,7296,353,7649,119
2022-04-21,Colusa,011,21464,3460,3453,1047,4500,21
2022-04-21,Contra Costa,013,1133247,195112,190611,13688,204299,1298
2022-04-21,Del Norte,015,27424,5847,5827,186,6013,50
2022-04-21,El Dorado,017,186661,26904,26837,3213,30050,209
2022-04-21,Fresno,019,978130,235749,231751,24455,256206,2744
2022-04-21,Glenn,021,27897,5009,4989,1611,6600,48
2022-04-21,Humboldt,023,135768,17130,17033,2992,20025,145
2022-04-21,Imperial,025,180216,55503,55434,10561,65995,910
2022-04-21,Inyo,027,18085,4085,4079,492,4571,56
2022-04-21,Kern,029,883053,192286,192012,45915,237927,2267
2022-04-21,Kings,031,150075,51612,51588,3528,55116,444
2022-04-21,Lake,033,64148,10752,10720,889,11609,134
2022-04-21,Lassen,035,31185,8965,8966,876,9842,65
2022-04-21,Los Angeles,037,10098052,2736059,2725630,124266,2849896,31667
2022-04-21,Madera,039,155013,37347,37333,6030,43363,354
2022-04-21,Marin,041,260295,34371,34150,2644,36794,288
2022-04-21,Mariposa,043,17540,2430,2422,204,2626,30
2022-04-21,Mendocino,045,87422,13199,13158,3063,16221,122
2022-04-21,Merced,047,269075,62914,62286,8827,71113,815
2022-04-21,Modoc,049,8938,741,745,251,996,8
2022-04-21,Mono,051,14174,2988,2986,127,3113,6
2022-04-21,Monterey,053,433212,79874,79560,13839,93399,729
2022-04-21,Napa,055,140530,26194,26093,1004,27097,143
2022-04-21,Nevada,057,99092,16086,16052,1218,17270,127
2022-04-21,Orange,059,3164182,551017,549765,42232,591997,6989
2022-04-21,Placer,061,380077,63268,63037,7385,70422,622
2022-04-21,Plumas,063,18699,2986,2934,365,3299,13
2022-04-21,Riverside,065,2383286,593958,592683,27979,620662,6450
2022-04-21,Sacramento,067,1510023,282887,280551,26897,307448,2993
2022-04-21,San Benito,069,59416,13031,12966,523,13489,98
2022-04-21,San Bernardino,071,2135413,577055,566806,25072,591878,7047
2022-04-21,San Diego,073,3302833,757071,758311,53279,811590,5233
2022-04-21,San Francisco,075,870044,129362,128323,8470,136793,857
2022-04-21,San Joaquin,077,732212,167480,166626,9989,176615,2224
2022-04-21,San Luis Obispo,079,281455,52925,52826,3795,56621,476
2022-04-21,San Mateo,081,765935,125180,124106,7166,131272,703
2022-04-21,Santa Barbara,083,443738,86651,86376,4759,91135,685
2022-04-21,Santa Clara,085,1922200,321640,317487,12647,330134,2277
2022-04-21,Santa Cruz,087,273765,48967,48255,2130,50385,261
2022-04-21,Shasta,089,179085,30653,30607,6102,36709,557
2022-04-21,Sierra,091,2930,274,276,48,324,4
2022-04-21,Siskiyou,093,43540,4443,4453,2733,7186,81
2022-04-21,Solano,095,438530,82448,81982,5626,87608,448
2022-04-21,Sonoma,097,501317,85001,84581,2812,87393,486
2022-04-21,Stanislaus,099,539301,118009,117737,17916,135653,1632
2022-04-21,Sutter,101,95872,20540,20605,2090,22695,224
2022-04-21,Tehama,103,63373,12070,12064,2571,14635,201
2022-04-21,Trinity,105,12862,1186,1177,287,1464,20
2022-04-21,Tulare,107,460477,106556,106354,27638,133992,1446
2022-04-21,Tuolumne,109,53932,12749,12664,569,13233,181
2022-04-21,Ventura,111,848112,174327,174091,9508,183599,1479
2022-04-21,Yolo,113,214977,37649,36990,2947,39937,314
2022-04-21,Yuba,115,75493,15896,15888,1203,17091,121
2022-04-20,Alameda,001,1643700,261323,258734,14041,272775,1832
2022-04-20,Alpine,002,1148,124,124,1,125,0
2022-04-20,Amador,005,37829,8553,8494,654,9148,86
2022-04-20,Butte,007,227075,33318,33083,7080,40163,408
2022-04-20,Calaveras,009,45235,7302,7288,352,7640,119
2022-04-20,Colusa,011,21464,3460,3453,1047,4500,21
2022-04-20,Contra Costa,013,1133247,194878,190042,13663,203705,1299
2022-04-20,Del Norte,015,27424,5841,5814,186,6000,50
2022-04-20,El Dorado,017,186661,26889,26821,3209,30030,209
2022-04-20,Fresno,019,978130,235699,231568,24454,256022,2740
2022-04-20,Glenn,021,27897,5008,4988,1608,6596,48
2022-04-20,Humboldt,023,135768,17108,16976,2988,19964,145
2022-04-20,Imperial,025,180216,55495,55405,10558,65963,910
2022-04-20,Inyo,027,18085,4085,4075,491,4566,56
2022-04-20,Kern,029,883053,192251,191915,45899,237814,2262
2022-04-20,Kings,031,150075,51603,51571,3526,55097,445
2022-04-20,Lake,033,64148,10752,10711,889,11600,134
2022-04-20,Lassen,035,31185,8965,8951,876,9827,65
2022-04-20,Los Angeles,037,10098052,2734321,2721699,124147,2845846,31630
2022-04-20,Madera,039,155013,37344,37333,6027,43360,354
2022-04-20,Marin,041,260295,34330,33985,2621,36606,288
2022-04-20,Mariposa,043,17540,2428,2412,204,2616,30
2022-04-20,Mendocino,045,87422,13193,13128,3055,16183,122
2022-04-20,Merced,047,269075,62904,62322,8815,71137,813
2022-04-20,Modoc,049,8938,741,744,251,995,8
2022-04-20,Mono,051,14174,2988,2984,127,3111,6
2022-04-20,Monterey,053,433212,79829,79419,13820,93239,727
2022-04-20,Napa,055,140530,26160,26016,1000,27016,143
2022-04-20,Nevada,057,99092,16076,16034,1215,17249,127
2022-04-20,Orange,059,3164182,550689,549136,42185,591321,6963
2022-04-20,Placer,061,380077,63240,62928,7379,70307,619
2022-04-20,Plumas,063,18699,2986,2932,365,3297,13
2022-04-20,Riverside,065,2383286,593766,592224,27957,620181,6447
2022-04-20,Sacramento,067,1510023,282740,279326,26883,306209,2987
2022-04-20,San Benito,069,59416,13025,12971,520,13491,98
2022-04-20,San Bernardino,071,2135413,576848,565405,25055,590460,6977
2022-04-20,San Diego,073,3302833,756630,757138,53218,810356,5231
2022-04-20,San Francisco,075,870044,129053,127594,8452,136046,854
2022-04-20,San Joaquin,077,732212,167412,166531,9982,176513,2222
2022-04-20,San Luis Obispo,079,281455,52898,52740,3788,56528,476
2022-04-20,San Mateo,081,765935,124961,123279,7135,130414,701
2022-04-20,Santa Barbara,083,443738,86615,86214,4753,90967,685
2022-04-20,Santa Clara,085,1922200,321229,316355,12609,328964,2274
2022-04-20,Santa Cruz,087,273765,48903,47997,2126,50123,261
2022-04-20,Shasta,089,179085,30650,30590,6101,36691,554
2022-04-20,Sierra,091,2930,274,276,48,324,4
2022-04-20,Siskiyou,093,43540,4442,4446,2732,7178,80
2022-04-20,Solano,095,438530,82377,81841,5623,87464,447
2022-04-20,Sonoma,097,501317,84914,84429,2788,87217,485
2022-04-20,Stanislaus,099,539301,117972,117540,17905,135445,1630
2022-04-20,Sutter,101,95872,20533,20632,2090,22722,224
2022-04-20,Tehama,103,63373,12068,12061,2571,14632,199
2022-04-20,Trinity,105,12862,1186,1178,287,1465,20
2022-04-20,Tulare,107,460477,106548,105974,27627,133601,1439
2022-04-20,Tuolumne,109,53932,12744,12648,568,13216,180
2022-04-20,Ventura,111,848112,174239,173904,9499,183403,1475
2022-04-20,Yolo,113,214977,37599,36785,2944,39729,311
2022-04-20,Yuba,115,75493,15892,15868,1201,17069,121
2022-04-19,Alameda,001,1643700,260960,258734,14012,272746,1832
2022-04-19,Alpine,002,1148,124,124,1,125,0
2022-04-19,Amador,005,37829,8549,8494,651,9145,86
2022-04-19,Butte,007,227075,33311,33083,7076,40159,408
2022-04-19,Calaveras,009,45235,7299,7288,352,7640,119
2022-04-19,Colusa,011,21464,3460,3453,1047,4500,21
2022-04-19,Contra Costa,013,1133247,194631,190042,13645,203687,1299
2022-04-19,Del Norte,015,27424,5839,5814,184,5998,50
2022-04-19,El Dorado,017,186661,26875,26821,3206,30027,209
2022-04-19,Fresno,019,978130,235643,231568,24444,256012,2740
2022-04-19,Glenn,021,27897,5007,4988,1608,6596,48
2022-04-19,Humboldt,023,135768,17071,16976,2977,19953,145
2022-04-19,Imperial,025,180216,55488,55405,10555,65960,910
2022-04-19,Inyo,027,18085,4082,4075,491,4566,56
2022-04-19,Kern,029,883053,192215,191915,45889,237804,2262
2022-04-19,Kings,031,150075,51589,51571,3525,55096,445
2022-04-19,Lake,033,64148,10748,10711,888,11599,134
2022-04-19,Lassen,035,31185,8965,8951,876,9827,65
2022-04-19,Los Angeles,037,10098052,2732528,2721699,124020,2845719,31630
2022-04-19,Madera,039,155013,37341,37333,6026,43359,354
2022-04-19,Marin,041,260295,34279,33985,2605,36590,288
2022-04-19,Mariposa,043,17540,2428,2412,203,2615,30
2022-04-19,Mendocino,045,87422,13185,13128,3044,16172,122
2022-04-19,Merced,047,269075,62886,62322,8812,71134,813
2022-04-19,Modoc,049,8938,741,744,251,995,8
2022-04-19,Mono,051,14174,2988,2984,127,3111,6
2022-04-19,Monterey,053,433212,79810,79419,13807,93226,727
2022-04-19,Napa,055,140530,26137,26016,991,27007,143
2022-04-19,Nevada,057,99092,16070,16034,1213,17247,127
2022-04-19,Orange,059,3164182,550410,549136,42141,591277,6963
2022-04-19,Placer,061,380077,63207,62928,7374,70302,619
2022-04-19,Plumas,063,18699,2986,2932,365,3297,13
2022-04-19,Riverside,065,2383286,593584,592224,27945,620169,6447
2022-04-19,Sacramento,067,1510023,282565,279326,26861,306187,2987
2022-04-19,San Benito,069,59416,13019,12971,519,13490,98
2022-04-19,San Bernardino,071,2135413,576634,565405,25033,590438,6977
2022-04-19,San Diego,073,3302833,756165,757138,53153,810291,5231
2022-04-19,San Francisco,075,870044,128720,127594,8435,136029,854
2022-04-19,San Joaquin,077,732212,167362,166531,9978,176509,2222
2022-04-19,San Luis Obispo,079,281455,52862,52740,3782,56522,476
2022-04-19,San Mateo,081,765935,124728,123279,7115,130394,701
2022-04-19,Santa Barbara,083,443738,86561,86214,4745,90959,685
2022-04-19,Santa Clara,085,1922200,320809,316355,12581,328936,2274
2022-04-19,Santa Cruz,087,273765,48848,47997,2124,50121,261
2022-04-19,Shasta,089,179085,30638,30590,6100,36690,554
2022-04-19,Sierra,091,2930,274,276,48,324,4
2022-04-19,Siskiyou,093,43540,4441,4446,2730,7176,80
2022-04-19,Solano,095,438530,82293,81841,5616,87457,447
2022-04-19,Sonoma,097,501317,84812,84429,2759,87188,485
2022-04-19,Stanislaus,099,539301,117946,117540,17900,135440,1630
2022-04-19,Sutter,101,95872,20533,20632,2090,22722,224
2022-04-19,Tehama,103,63373,12067,12061,2571,14632,199
2022-04-19,Trinity,105,12862,1185,1178,287,1465,20
2022-04-19,Tulare,107,460477,106533,105974,27621,133595,1439
2022-04-19,Tuolumne,109,53932,12742,12648,568,13216,180
2022-04-19,Ventura,111,848112,174146,173904,9486,183390,1475
2022-04-19,Yolo,113,214977,37554,36785,2942,39727,311
2022-04-19,Yuba,115,75493,15885,15868,1201,17069,121
2022-04-18,Alameda,001,1643700,260573,258734,13992,272726,1832
2022-04-18,Alpine,002,1148,124,124,1,125,0
2022-04-18,Amador,005,37829,8548,8494,650,9144,86
2022-04-18,Butte,007,227075,33307,33083,7071,40154,408
2022-04-18,Calaveras,009,45235,7295,7288,351,7639,119
2022-04-18,Colusa,011,21464,3459,3453,1047,4500,21
2022-04-18,Contra Costa,013,1133247,194396,190042,13620,203662,1299
2022-04-18,Del Norte,015,27424,5834,5814,184,5998,50
2022-04-18,El Dorado,017,186661,26858,26821,3204,30025,209
2022-04-18,Fresno,019,978130,235600,231568,24433,256001,2740
2022-04-18,Glenn,021,27897,5007,4988,1607,6595,48
2022-04-18,Humboldt,023,135768,17042,16976,2974,19950,145
2022-04-18,Imperial,025,180216,55476,55405,10553,65958,910
2022-04-18,Inyo,027,18085,4082,4075,491,4566,56
2022-04-18,Kern,029,883053,192170,191915,45877,237792,2262
2022-04-18,Kings,031,150075,51584,51571,3525,55096,445
2022-04-18,Lake,033,64148,10744,10711,887,11598,134
2022-04-18,Lassen,035,31185,8965,8951,876,9827,65
2022-04-18,Los Angeles,037,10098052,2730702,2721699,123907,2845606,31630
2022-04-18,Madera,039,155013,37333,37333,6025,43358,354
2022-04-18,Marin,041,260295,34216,33985,2582,36567,288
2022-04-18,Mariposa,043,17540,2426,2412,203,2615,30
2022-04-18,Mendocino,045,87422,13168,13128,3039,16167,122
2022-04-18,Merced,047,269075,62874,62322,8806,71128,813
2022-04-18,Modoc,049,8938,740,744,251,995,8
2022-04-18,Mono,051,14174,2987,2984,127,3111,6
2022-04-18,Monterey,053,433212,79736,79419,13791,93210,727
2022-04-18,Napa,055,140530,26101,26016,990,27006,143
2022-04-18,Nevada,057,99092,16060,16034,1211,17245,127
2022-04-18,Orange,059,3164182,550122,549136,42104,591240,6963
2022-04-18,Placer,061,380077,63173,62928,7372,70300,619
2022-04-18,Plumas,063,18699,2986,2932,365,3297,13
2022-04-18,Riverside,065,2383286,593374,592224,27925,620149,6447
2022-04-18,Sacramento,067,1510023,282409,279326,26849,306175,2987
2022-04-18,San Benito,069,59416,13013,12971,519,13490,98
2022-04-18,San Bernardino,071,2135413,576424,565405,25015,590420,6977
2022-04-18,San Diego,073,3302833,755695,757138,53094,810232,5231
2022-04-18,San Francisco,075,870044,128402,127594,8423,136017,854
2022-04-18,San Joaquin,077,732212,167303,166531,9971,176502,2222
2022-04-18,San Luis Obispo,079,281455,52833,52740,3777,56517,476
2022-04-18,San Mateo,081,765935,124495,123279,7096,130375,701
2022-04-18,Santa Barbara,083,443738,86490,86214,4740,90954,685
2022-04-18,Santa Clara,085,1922200,320363,316355,12557,328912,2274
2022-04-18,Santa Cruz,087,273765,48743,47997,2122,50119,261
2022-04-18,Shasta,089,179085,30632,30590,6097,36687,554
2022-04-18,Sierra,091,2930,274,276,48,324,4
2022-04-18,Siskiyou,093,43540,4440,4446,2729,7175,80
2022-04-18,Solano,095,438530,82228,81841,5610,87451,447
2022-04-18,Sonoma,097,501317,84712,84429,2744,87173,485
2022-04-18,Stanislaus,099,539301,117917,117540,17897,135437,1630
2022-04-18,Sutter,101,95872,20531,20632,2088,22720,224
2022-04-18,Tehama,103,63373,12063,12061,2571,14632,199
2022-04-18,Trinity,105,12862,1185,1178,287,1465,20
2022-04-18,Tulare,107,460477,106518,105974,27613,133587,1439
2022-04-18,Tuolumne,109,53932,12735,12648,567,13215,180
2022-04-18,Ventura,111,848112,174055,173904,9476,183380,1475
2022-04-18,Yolo,113,214977,37496,36785,2942,39727,311
2022-04-18,Yuba,115,75493,15876,15868,1200,17068,121
2022-04-17,Alameda,001,1643700,260177,257897,13968,271865,1829
2022-04-17,Alpine,002,1148,124,124,1,125,0
2022-04-17,Amador,005,37829,8543,8491,648,9139,86
2022-04-17,Butte,007,227075,33304,33053,7068,40121,405
2022-04-17,Calaveras,009,45235,7292,7275,350,7625,119
2022-04-17,Colusa,011,21464,3458,3450,1047,4497,21
2022-04-17,Contra Costa,013,1133247,194168,189742,13584,203326,1298
2022-04-17,Del Norte,015,27424,5829,5809,184,5993,50
2022-04-17,El Dorado,017,186661,26848,26796,3202,29998,209
2022-04-17,Fresno,019,978130,235522,231455,24428,255883,2739
2022-04-17,Glenn,021,27897,5007,4991,1607,6598,48
2022-04-17,Humboldt,023,135768,17007,16929,2968,19897,143
2022-04-17,Imperial,025,180216,55467,55371,10552,65923,910
2022-04-17,Inyo,027,18085,4080,4075,491,4566,56
2022-04-17,Kern,029,883053,192135,191866,45862,237728,2258
2022-04-17,Kings,031,150075,51573,51544,3523,55067,445
2022-04-17,Lake,033,64148,10743,10702,887,11589,134
2022-04-17,Lassen,035,31185,8965,8950,876,9826,65
2022-04-17,Los Angeles,037,10098052,2728719,2717479,123788,2841267,31598
2022-04-17,Madera,039,155013,37327,37362,6025,43387,354
2022-04-17,Marin,041,260295,34149,33829,2552,36381,288
2022-04-17,Mariposa,043,17540,2418,2406,203,2609,30
2022-04-17,Mendocino,045,87422,13153,13107,3035,16142,122
2022-04-17,Merced,047,269075,62854,62295,8800,71095,813
2022-04-17,Modoc,049,8938,740,743,251,994,8
2022-04-17,Mono,051,14174,2986,2977,127,3104,6
2022-04-17,Monterey,053,433212,79703,79311,13771,93082,727
2022-04-17,Napa,055,140530,26056,25929,984,26913,143
2022-04-17,Nevada,057,99092,16044,16014,1206,17220,123
2022-04-17,Orange,059,3164182,549758,548311,42053,590364,6945
2022-04-17,Placer,061,380077,63134,62882,7365,70247,618
2022-04-17,Plumas,063,18699,2986,2929,365,3294,13
2022-04-17,Riverside,065,2383286,593151,591772,27906,619678,6443
2022-04-17,Sacramento,067,1510023,282246,278523,26825,305348,2978
2022-04-17,San Benito,069,59416,13010,12926,518,13444,98
2022-04-17,San Bernardino,071,2135413,576186,564397,25001,589398,6948
2022-04-17,San Diego,073,3302833,755209,756165,53026,809191,5229
2022-04-17,San Francisco,075,870044,128083,126976,8407,135383,854
2022-04-17,San Joaquin,077,732212,167253,166645,9965,176610,2220
2022-04-17,San Luis Obispo,079,281455,52764,52698,3772,56470,476
2022-04-17,San Mateo,081,765935,124254,122652,7082,129734,699
2022-04-17,Santa Barbara,083,443738,86432,86030,4733,90763,684
2022-04-17,Santa Clara,085,1922200,319871,315296,12531,327827,2268
2022-04-17,Santa Cruz,087,273765,48621,47895,2120,50015,261
2022-04-17,Shasta,089,179085,30622,30578,6093,36671,554
2022-04-17,Sierra,091,2930,274,276,48,324,4
2022-04-17,Siskiyou,093,43540,4435,4444,2728,7172,80
2022-04-17,Solano,095,438530,82161,81781,5604,87385,447
2022-04-17,Sonoma,097,501317,84600,84172,2737,86909,485
2022-04-17,Stanislaus,099,539301,117887,117567,17890,135457,1619
2022-04-17,Sutter,101,95872,20526,20621,2087,22708,224
2022-04-17,Tehama,103,63373,12062,12061,2571,14632,199
2022-04-17,Trinity,105,12862,1184,1178,287,1465,20
2022-04-17,Tulare,107,460477,106504,105757,27605,133362,1428
2022-04-17,Tuolumne,109,53932,12729,12640,567,13207,180
2022-04-17,Ventura,111,848112,173958,173665,9457,183122,1474
2022-04-17,Yolo,113,214977,37447,36752,2940,39692,311
2022-04-17,Yuba,115,75493,15870,15857,1200,17057,121
2022-04-16,Alameda,001,1643700,260024,257897,13958,271855,1829
2022-04-16,Alpine,002,1148,124,124,1,125,0
2022-04-16,Amador,005,37829,8541,8491,648,9139,86
2022-04-16,Butte,007,227075,33300,33053,7066,40119,405
2022-04-16,Calaveras,009,45235,7290,7275,350,7625,119
2022-04-16,Colusa,011,21464,3458,3450,1047,4497,21
2022-04-16,Contra Costa,013,1133247,194077,189742,13578,203320,1298
2022-04-16,Del Norte,015,27424,5829,5809,184,5993,50
2022-04-16,El Dorado,017,186661,26837,26796,3202,29998,209
2022-04-16,Fresno,019,978130,235494,231455,24427,255882,2739
2022-04-16,Glenn,021,27897,5007,4991,1607,6598,48
2022-04-16,Humboldt,023,135768,16999,16929,2963,19892,143
2022-04-16,Imperial,025,180216,55461,55371,10551,65922,910
2022-04-16,Inyo,027,18085,4080,4075,491,4566,56
2022-04-16,Kern,029,883053,192124,191866,45850,237716,2258
2022-04-16,Kings,031,150075,51570,51544,3523,55067,445
2022-04-16,Lake,033,64148,10741,10702,887,11589,134
2022-04-16,Lassen,035,31185,8965,8950,876,9826,65
2022-04-16,Los Angeles,037,10098052,2728002,2717479,123738,2841217,31598
2022-04-16,Madera,039,155013,37325,37362,6025,43387,354
2022-04-16,Marin,041,260295,34111,33829,2526,36355,288
2022-04-16,Mariposa,043,17540,2417,2406,203,2609,30
2022-04-16,Mendocino,045,87422,13147,13107,3035,16142,122
2022-04-16,Merced,047,269075,62851,62295,8799,71094,813
2022-04-16,Modoc,049,8938,740,743,251,994,8
2022-04-16,Mono,051,14174,2986,2977,127,3104,6
2022-04-16,Monterey,053,433212,79688,79311,13762,93073,727
2022-04-16,Napa,055,140530,26033,25929,982,26911,143
2022-04-16,Nevada,057,99092,16041,16014,1203,17217,123
2022-04-16,Orange,059,3164182,549642,548311,42022,590333,6945
2022-04-16,Placer,061,380077,63117,62882,7363,70245,618
2022-04-16,Plumas,063,18699,2984,2929,365,3294,13
2022-04-16,Riverside,065,2383286,593071,591772,27899,619671,6443
2022-04-16,Sacramento,067,1510023,282194,278523,26822,305345,2978
2022-04-16,San Benito,069,59416,13009,12926,518,13444,98
2022-04-16,San Bernardino,071,2135413,576086,564397,24997,589394,6948
2022-04-16,San Diego,073,3302833,755061,756165,53012,809177,5229
2022-04-16,San Francisco,075,870044,127926,126976,8398,135374,854
2022-04-16,San Joaquin,077,732212,167212,166645,9962,176607,2220
2022-04-16,San Luis Obispo,079,281455,52758,52698,3771,56469,476
2022-04-16,San Mateo,081,765935,124150,122652,7079,129731,699
2022-04-16,Santa Barbara,083,443738,86402,86030,4733,90763,684
2022-04-16,Santa Clara,085,1922200,319630,315296,12523,327819,2268
2022-04-16,Santa Cruz,087,273765,48593,47895,2120,50015,261
2022-04-16,Shasta,089,179085,30618,30578,6093,36671,554
2022-04-16,Sierra,091,2930,274,276,48,324,4
2022-04-16,Siskiyou,093,43540,4435,4444,2728,7172,80
2022-04-16,Solano,095,438530,82146,81781,5602,87383,447
2022-04-16,Sonoma,097,501317,84551,84172,2728,86900,485
2022-04-16,Stanislaus,099,539301,117867,117567,17885,135452,1619
2022-04-16,Sutter,101,95872,20522,20621,2087,22708,224
2022-04-16,Tehama,103,63373,12061,12061,2571,14632,199
2022-04-16,Trinity,105,12862,1184,1178,287,1465,20
2022-04-16,Tulare,107,460477,106494,105757,27603,133360,1428
2022-04-16,Tuolumne,109,53932,12728,12640,567,13207,180
2022-04-16,Ventura,111,848112,173930,173665,9453,183118,1474
2022-04-16,Yolo,113,214977,37439,36752,2939,39691,311
2022-04-16,Yuba,115,75493,15866,15857,1200,17057,121
2022-04-15,Alameda,001,1643700,259843,257897,13950,271847,1829
2022-04-15,Alpine,002,1148,124,124,1,125,0
2022-04-15,Amador,005,37829,8540,8491,646,9137,86
2022-04-15,Butte,007,227075,33298,33053,7064,40117,405
2022-04-15,Calaveras,009,45235,7288,7275,350,7625,119
2022-04-15,Colusa,011,21464,3458,3450,1047,4497,21
2022-04-15,Contra Costa,013,1133247,193959,189742,13571,203313,1298
2022-04-15,Del Norte,015,27424,5828,5809,184,5993,50
2022-04-15,El Dorado,017,186661,26822,26796,3201,29997,209
2022-04-15,Fresno,019,978130,235465,231455,24426,255881,2739
2022-04-15,Glenn,021,27897,5006,4991,1607,6598,48
2022-04-15,Humboldt,023,135768,16987,16929,2962,19891,143
2022-04-15,Imperial,025,180216,55459,55371,10551,65922,910
2022-04-15,Inyo,027,18085,4080,4075,490,4565,56
2022-04-15,Kern,029,883053,192109,191866,45840,237706,2258
2022-04-15,Kings,031,150075,51566,51544,3523,55067,445
2022-04-15,Lake,033,64148,10736,10702,887,11589,134
2022-04-15,Lassen,035,31185,8965,8950,876,9826,65
2022-04-15,Los Angeles,037,10098052,2727225,2717479,123671,2841150,31598
2022-04-15,Madera,039,155013,37323,37362,6025,43387,354
2022-04-15,Marin,041,260295,34077,33829,2505,36334,288
2022-04-15,Mariposa,043,17540,2416,2406,203,2609,30
2022-04-15,Mendocino,045,87422,13141,13107,3033,16140,122
2022-04-15,Merced,047,269075,62847,62295,8799,71094,813
2022-04-15,Modoc,049,8938,740,743,251,994,8
2022-04-15,Mono,051,14174,2981,2977,126,3103,6
2022-04-15,Monterey,053,433212,79661,79311,13756,93067,727
2022-04-15,Napa,055,140530,26016,25929,981,26910,143
2022-04-15,Nevada,057,99092,16039,16014,1202,17216,123
2022-04-15,Orange,059,3164182,549521,548311,41990,590301,6945
2022-04-15,Placer,061,380077,63102,62882,7362,70244,618
2022-04-15,Plumas,063,18699,2984,2929,365,3294,13
2022-04-15,Riverside,065,2383286,592970,591772,27893,619665,6443
2022-04-15,Sacramento,067,1510023,282115,278523,26818,305341,2978
2022-04-15,San Benito,069,59416,13007,12926,517,13443,98
2022-04-15,San Bernardino,071,2135413,576005,564397,24994,589391,6948
2022-04-15,San Diego,073,3302833,754868,756165,52993,809158,5229
2022-04-15,San Francisco,075,870044,127777,126976,8382,135358,854
2022-04-15,San Joaquin,077,732212,167189,166645,9960,176605,2220
2022-04-15,San Luis Obispo,079,281455,52750,52698,3771,56469,476
2022-04-15,San Mateo,081,765935,124014,122652,7072,129724,699
2022-04-15,Santa Barbara,083,443738,86369,86030,4732,90762,684
2022-04-15,Santa Clara,085,1922200,319338,315296,12514,327810,2268
2022-04-15,Santa Cruz,087,273765,48565,47895,2119,50014,261
2022-04-15,Shasta,089,179085,30609,30578,6093,36671,554
2022-04-15,Sierra,091,2930,274,276,48,324,4
2022-04-15,Siskiyou,093,43540,4433,4444,2728,7172,80
2022-04-15,Solano,095,438530,82121,81781,5602,87383,447
2022-04-15,Sonoma,097,501317,84498,84172,2712,86884,485
2022-04-15,Stanislaus,099,539301,117847,117567,17883,135450,1619
2022-04-15,Sutter,101,95872,20519,20621,2087,22708,224
2022-04-15,Tehama,103,63373,12061,12061,2571,14632,199
2022-04-15,Trinity,105,12862,1184,1178,287,1465,20
2022-04-15,Tulare,107,460477,106488,105757,27596,133353,1428
2022-04-15,Tuolumne,109,53932,12725,12640,564,13204,180
2022-04-15,Ventura,111,848112,173901,173665,9447,183112,1474
2022-04-15,Yolo,113,214977,37422,36752,2939,39691,311
2022-04-15,Yuba,115,75493,15863,15857,1200,17057,121
2022-04-14,Alameda,001,1643700,259580,257897,13939,271836,1829
2022-04-14,Alpine,002,1148,124,124,1,125,0
2022-04-14,Amador,005,37829,8540,8491,646,9137,86
2022-04-14,Butte,007,227075,33293,33053,7061,40114,405
2022-04-14,Calaveras,009,45235,7287,7275,350,7625,119
2022-04-14,Colusa,011,21464,3458,3450,1047,4497,21
2022-04-14,Contra Costa,013,1133247,193803,189742,13559,203301,1298
2022-04-14,Del Norte,015,27424,5827,5809,184,5993,50
2022-04-14,El Dorado,017,186661,26819,26796,3199,29995,209
2022-04-14,Fresno,019,978130,235438,231455,24425,255880,2739
2022-04-14,Glenn,021,27897,5006,4991,1605,6596,48
2022-04-14,Humboldt,023,135768,16972,16929,2961,19890,143
2022-04-14,Imperial,025,180216,55449,55371,10551,65922,910
2022-04-14,Inyo,027,18085,4080,4075,489,4564,56
2022-04-14,Kern,029,883053,192090,191866,45832,237698,2258
2022-04-14,Kings,031,150075,51558,51544,3523,55067,445
2022-04-14,Lake,033,64148,10735,10702,887,11589,134
2022-04-14,Lassen,035,31185,8965,8950,875,9825,65
2022-04-14,Los Angeles,037,10098052,2726139,2717479,123582,2841061,31598
2022-04-14,Madera,039,155013,37321,37362,6025,43387,354
2022-04-14,Marin,041,260295,34037,33829,2484,36313,288
2022-04-14,Mariposa,043,17540,2415,2406,203,2609,30
2022-04-14,Mendocino,045,87422,13136,13107,3033,16140,122
2022-04-14,Merced,047,269075,62843,62295,8798,71093,813
2022-04-14,Modoc,049,8938,739,743,251,994,8
2022-04-14,Mono,051,14174,2981,2977,125,3102,6
2022-04-14,Monterey,053,433212,79636,79311,13751,93062,727
2022-04-14,Napa,055,140530,25994,25929,980,26909,143
2022-04-14,Nevada,057,99092,16032,16014,1201,17215,123
2022-04-14,Orange,059,3164182,549330,548311,41961,590272,6945
2022-04-14,Placer,061,380077,63084,62882,7357,70239,618
2022-04-14,Plumas,063,18699,2984,2929,365,3294,13
2022-04-14,Riverside,065,2383286,592849,591772,27883,619655,6443
2022-04-14,Sacramento,067,1510023,281995,278523,26804,305327,2978
2022-04-14,San Benito,069,59416,13001,12926,517,13443,98
2022-04-14,San Bernardino,071,2135413,575834,564397,24989,589386,6948
2022-04-14,San Diego,073,3302833,754591,756165,52955,809120,5229
2022-04-14,San Francisco,075,870044,127573,126976,8369,135345,854
2022-04-14,San Joaquin,077,732212,167158,166645,9959,176604,2220
2022-04-14,San Luis Obispo,079,281455,52734,52698,3767,56465,476
2022-04-14,San Mateo,081,765935,123852,122652,7060,129712,699
2022-04-14,Santa Barbara,083,443738,86324,86030,4730,90760,684
2022-04-14,Santa Clara,085,1922200,319035,315296,12505,327801,2268
2022-04-14,Santa Cruz,087,273765,48535,47895,2118,50013,261
2022-04-14,Shasta,089,179085,30607,30578,6092,36670,554
2022-04-14,Sierra,091,2930,274,276,48,324,4
2022-04-14,Siskiyou,093,43540,4433,4444,2727,7171,80
2022-04-14,Solano,095,438530,82081,81781,5596,87377,447
2022-04-14,Sonoma,097,501317,84408,84172,2707,86879,485
2022-04-14,Stanislaus,099,539301,117828,117567,17880,135447,1619
2022-04-14,Sutter,101,95872,20517,20621,2078,22699,224
2022-04-14,Tehama,103,63373,12060,12061,2570,14631,199
2022-04-14,Trinity,105,12862,1184,1178,287,1465,20
2022-04-14,Tulare,107,460477,106474,105757,27592,133349,1428
2022-04-14,Tuolumne,109,53932,12720,12640,563,13203,180
2022-04-14,Ventura,111,848112,173852,173665,9441,183106,1474
2022-04-14,Yolo,113,214977,37395,36752,2936,39688,311
2022-04-14,Yuba,115,75493,15860,15857,1200,17057,121
2022-04-13,Alameda,001,1643700,259329,257440,13918,271358,1833
2022-04-13,Alpine,002,1148,124,124,1,125,0
2022-04-13,Amador,005,37829,8538,8490,646,9136,86
2022-04-13,Butte,007,227075,33285,33044,7061,40105,402
2022-04-13,Calaveras,009,45235,7286,7270,350,7620,119
2022-04-13,Colusa,011,21464,3458,3451,1047,4498,21
2022-04-13,Contra Costa,013,1133247,193669,189471,13545,203016,1298
2022-04-13,Del Norte,015,27424,5825,5812,184,5996,50
2022-04-13,El Dorado,017,186661,26815,26794,3199,29993,208
2022-04-13,Fresno,019,978130,235405,231325,24413,255738,2738
2022-04-13,Glenn,021,27897,5004,4989,1605,6594,48
2022-04-13,Humboldt,023,135768,16958,16922,2960,19882,143
2022-04-13,Imperial,025,180216,55436,55353,10548,65901,910
2022-04-13,Inyo,027,18085,4080,4074,486,4560,56
2022-04-13,Kern,029,883053,192065,191859,45826,237685,2249
2022-04-13,Kings,031,150075,51552,51535,3523,55058,443
2022-04-13,Lake,033,64148,10733,10695,887,11582,134
2022-04-13,Lassen,035,31185,8964,8949,875,9824,65
2022-04-13,Los Angeles,037,10098052,2724879,2715722,123508,2839230,31578
2022-04-13,Madera,039,155013,37318,37361,6025,43386,354
2022-04-13,Marin,041,260295,33998,33747,2455,36202,288
2022-04-13,Mariposa,043,17540,2409,2402,203,2605,29
2022-04-13,Mendocino,045,87422,13127,13101,3031,16132,120
2022-04-13,Merced,047,269075,62833,62276,8797,71073,811
2022-04-13,Modoc,049,8938,739,743,251,994,8
2022-04-13,Mono,051,14174,2979,2971,125,3096,6
2022-04-13,Monterey,053,433212,79623,79179,13744,92923,727
2022-04-13,Napa,055,140530,25977,25892,977,26869,143
2022-04-13,Nevada,057,99092,16026,16002,1201,17203,123
2022-04-13,Orange,059,3164182,549135,547783,41937,589720,6935
2022-04-13,Placer,061,380077,63057,62851,7354,70205,615
2022-04-13,Plumas,063,18699,2983,2923,365,3288,13
2022-04-13,Riverside,065,2383286,592710,591659,27876,619535,6437
2022-04-13,Sacramento,067,1510023,281908,277866,26801,304667,2974
2022-04-13,San Benito,069,59416,12995,12927,517,13444,98
2022-04-13,San Bernardino,071,2135413,575689,563709,24984,588693,6905
2022-04-13,San Diego,073,3302833,754307,755584,52923,808507,5223
2022-04-13,San Francisco,075,870044,127405,126608,8349,134957,850
2022-04-13,San Joaquin,077,732212,167123,166654,9957,176611,2219
2022-04-13,San Luis Obispo,079,281455,52710,52660,3767,56427,476
2022-04-13,San Mateo,081,765935,123697,122167,7039,129206,699
2022-04-13,Santa Barbara,083,443738,86286,85938,4725,90663,684
2022-04-13,Santa Clara,085,1922200,318763,314863,12488,327351,2267
2022-04-13,Santa Cruz,087,273765,48480,47765,2117,49882,260
2022-04-13,Shasta,089,179085,30605,30569,6092,36661,551
2022-04-13,Sierra,091,2930,274,276,48,324,4
2022-04-13,Siskiyou,093,43540,4432,4444,2726,7170,80
2022-04-13,Solano,095,438530,82042,81843,5593,87436,448
2022-04-13,Sonoma,097,501317,84337,84033,2693,86726,485
2022-04-13,Stanislaus,099,539301,117810,117573,17875,135448,1577
2022-04-13,Sutter,101,95872,20513,20610,2078,22688,223
2022-04-13,Tehama,103,63373,12059,12062,2569,14631,200
2022-04-13,Trinity,105,12862,1184,1177,287,1464,20
2022-04-13,Tulare,107,460477,106467,105519,27587,133106,1426
2022-04-13,Tuolumne,109,53932,12714,12639,563,13202,180
2022-04-13,Ventura,111,848112,173795,173558,9435,182993,1474
2022-04-13,Yolo,113,214977,37356,36684,2934,39618,311
2022-04-13,Yuba,115,75493,15856,15851,1200,17051,121
2022-04-12,Alameda,001,1643700,259084,257440,13907,271347,1833
2022-04-12,Alpine,002,1148,124,124,1,125,0
2022-04-12,Amador,005,37829,8537,8490,646,9136,86
2022-04-12,Butte,007,227075,33273,33044,7055,40099,402
2022-04-12,Calaveras,009,45235,7282,7270,349,7619,119
2022-04-12,Colusa,011,21464,3458,3451,1047,4498,21
2022-04-12,Contra Costa,013,1133247,193514,189471,13532,203003,1298
2022-04-12,Del Norte,015,27424,5822,5812,184,5996,50
2022-04-12,El Dorado,017,186661,26804,26794,3199,29993,208
2022-04-12,Fresno,019,978130,235375,231325,24406,255731,2738
2022-04-12,Glenn,021,27897,5004,4989,1605,6594,48
2022-04-12,Humboldt,023,135768,16950,16922,2958,19880,143
2022-04-12,Imperial,025,180216,55432,55353,10539,65892,910
2022-04-12,Inyo,027,18085,4080,4074,486,4560,56
2022-04-12,Kern,029,883053,192045,191859,45817,237676,2249
2022-04-12,Kings,031,150075,51544,51535,3521,55056,443
2022-04-12,Lake,033,64148,10729,10695,886,11581,134
2022-04-12,Lassen,035,31185,8964,8949,875,9824,65
2022-04-12,Los Angeles,037,10098052,2723638,2715722,123406,2839128,31578
2022-04-12,Madera,039,155013,37317,37361,6025,43386,354
2022-04-12,Marin,041,260295,33952,33747,2429,36176,288
2022-04-12,Mariposa,043,17540,2409,2402,203,2605,29
2022-04-12,Mendocino,045,87422,13119,13101,3025,16126,120
2022-04-12,Merced,047,269075,62819,62276,8795,71071,811
2022-04-12,Modoc,049,8938,739,743,250,993,8
2022-04-12,Mono,051,14174,2979,2971,125,3096,6
2022-04-12,Monterey,053,433212,79599,79179,13737,92916,727
2022-04-12,Napa,055,140530,25954,25892,967,26859,143
2022-04-12,Nevada,057,99092,16023,16002,1200,17202,123
2022-04-12,Orange,059,3164182,548884,547783,41902,589685,6935
2022-04-12,Placer,061,380077,63034,62851,7348,70199,615
2022-04-12,Plumas,063,18699,2982,2923,365,3288,13
2022-04-12,Riverside,065,2383286,592564,591659,27856,619515,6437
2022-04-12,Sacramento,067,1510023,281793,277866,26798,304664,2974
2022-04-12,San Benito,069,59416,12990,12927,516,13443,98
2022-04-12,San Bernardino,071,2135413,575516,563709,24981,588690,6905
2022-04-12,San Diego,073,3302833,753975,755584,52881,808465,5223
2022-04-12,San Francisco,075,870044,127192,126608,8335,134943,850
2022-04-12,San Joaquin,077,732212,167093,166654,9955,176609,2219
2022-04-12,San Luis Obispo,079,281455,52676,52660,3761,56421,476
2022-04-12,San Mateo,081,765935,123532,122167,7025,129192,699
2022-04-12,Santa Barbara,083,443738,86240,85938,4721,90659,684
2022-04-12,Santa Clara,085,1922200,318470,314863,12478,327341,2267
2022-04-12,Santa Cruz,087,273765,48400,47765,2114,49879,260
2022-04-12,Shasta,089,179085,30605,30569,6091,36660,551
2022-04-12,Sierra,091,2930,274,276,48,324,4
2022-04-12,Siskiyou,093,43540,4432,4444,2724,7168,80
2022-04-12,Solano,095,438530,82002,81843,5591,87434,448
2022-04-12,Sonoma,097,501317,84278,84033,2687,86720,485
2022-04-12,Stanislaus,099,539301,117790,117573,17871,135444,1577
2022-04-12,Sutter,101,95872,20510,20610,2078,22688,223
2022-04-12,Tehama,103,63373,12057,12062,2569,14631,200
2022-04-12,Trinity,105,12862,1184,1177,287,1464,20
2022-04-12,Tulare,107,460477,106452,105519,27582,133101,1426
2022-04-12,Tuolumne,109,53932,12712,12639,561,13200,180
2022-04-12,Ventura,111,848112,173747,173558,9429,182987,1474
2022-04-12,Yolo,113,214977,37316,36684,2928,39612,311
2022-04-12,Yuba,115,75493,15851,15851,1200,17051,121
2022-04-11,Alameda,001,1643700,258793,256649,13892,270541,1826
2022-04-11,Alpine,002,1148,124,124,1,125,0
2022-04-11,Amador,005,37829,8536,8489,646,9135,86
2022-04-11,Butte,007,227075,33260,33031,7051,40082,399
2022-04-11,Calaveras,009,45235,7279,7260,349,7609,119
2022-04-11,Colusa,011,21464,3456,3449,1047,4496,21
2022-04-11,Contra Costa,013,1133247,193346,189154,13515,202669,1296
2022-04-11,Del Norte,015,27424,5821,5811,184,5995,50
2022-04-11,El Dorado,017,186661,26792,26757,3198,29955,207
2022-04-11,Fresno,019,978130,235353,231090,24405,255495,2731
2022-04-11,Glenn,021,27897,5003,4988,1604,6592,47
2022-04-11,Humboldt,023,135768,16935,16913,2956,19869,141
2022-04-11,Imperial,025,180216,55427,55267,10537,65804,910
2022-04-11,Inyo,027,18085,4080,4071,486,4557,56
2022-04-11,Kern,029,883053,192020,191542,45815,237357,2244
2022-04-11,Kings,031,150075,51540,51519,3521,55040,443
2022-04-11,Lake,033,64148,10728,10690,885,11575,134
2022-04-11,Lassen,035,31185,8964,8948,875,9823,65
2022-04-11,Los Angeles,037,10098052,2722385,2709735,123334,2833069,31509
2022-04-11,Madera,039,155013,37310,37356,6025,43381,354
2022-04-11,Marin,041,260295,33894,33648,2412,36060,288
2022-04-11,Mariposa,043,17540,2408,2394,203,2597,29
2022-04-11,Mendocino,045,87422,13115,13087,3023,16110,120
2022-04-11,Merced,047,269075,62809,62231,8793,71024,811
2022-04-11,Modoc,049,8938,739,743,250,993,8
2022-04-11,Mono,051,14174,2978,2967,124,3091,6
2022-04-11,Monterey,053,433212,79579,79103,13728,92831,727
2022-04-11,Napa,055,140530,25937,25824,965,26789,144
2022-04-11,Nevada,057,99092,16019,15976,1200,17176,123
2022-04-11,Orange,059,3164182,548678,546983,41868,588851,6912
2022-04-11,Placer,061,380077,63012,62831,7347,70178,616
2022-04-11,Plumas,063,18699,2980,2887,365,3252,13
2022-04-11,Riverside,065,2383286,592436,591268,27839,619107,6429
2022-04-11,Sacramento,067,1510023,281694,277125,26794,303919,2972
2022-04-11,San Benito,069,59416,12989,12917,516,13433,98
2022-04-11,San Bernardino,071,2135413,575366,562571,24972,587543,6892
2022-04-11,San Diego,073,3302833,753648,754281,52842,807123,5210
2022-04-11,San Francisco,075,870044,126962,125963,8323,134286,844
2022-04-11,San Joaquin,077,732212,167055,166547,9949,176496,2212
2022-04-11,San Luis Obispo,079,281455,52653,52609,3760,56369,476
2022-04-11,San Mateo,081,765935,123342,121514,7015,128529,698
2022-04-11,Santa Barbara,083,443738,86191,85754,4716,90470,680
2022-04-11,Santa Clara,085,1922200,318125,313965,12463,326428,2266
2022-04-11,Santa Cruz,087,273765,48305,47624,2111,49735,259
2022-04-11,Shasta,089,179085,30600,30586,6090,36676,549
2022-04-11,Sierra,091,2930,274,272,48,320,4
2022-04-11,Siskiyou,093,43540,4432,4444,2722,7166,80
2022-04-11,Solano,095,438530,81974,81886,5590,87476,448
2022-04-11,Sonoma,097,501317,84210,83600,2675,86275,485
2022-04-11,Stanislaus,099,539301,117755,117528,17863,135391,1578
2022-04-11,Sutter,101,95872,20507,20591,2078,22669,223
2022-04-11,Tehama,103,63373,12056,12059,2568,14627,201
2022-04-11,Trinity,105,12862,1184,1177,287,1464,20
2022-04-11,Tulare,107,460477,106441,105278,27574,132852,1415
2022-04-11,Tuolumne,109,53932,12709,12632,561,13193,180
2022-04-11,Ventura,111,848112,173688,173343,9428,182771,1467
2022-04-11,Yolo,113,214977,37279,36587,2926,39513,312
2022-04-11,Yuba,115,75493,15848,15848,1199,17047,121
2022-04-10,Alameda,001,1643700,258458,256649,13881,270530,1826
2022-04-10,Alpine,002,1148,124,124,1,125,0
2022-04-10,Amador,005,37829,8534,8489,646,9135,86
2022-04-10,Butte,007,227075,33256,33031,7047,40078,399
2022-04-10,Calaveras,009,45235,7276,7260,349,7609,119
2022-04-10,Colusa,011,21464,3455,3449,1047,4496,21
2022-04-10,Contra Costa,013,1133247,193186,189154,13495,202649,1296
2022-04-10,Del Norte,015,27424,5818,5811,184,5995,50
2022-04-10,El Dorado,017,186661,26784,26757,3196,29953,207
2022-04-10,Fresno,019,978130,235315,231090,24403,255493,2731
2022-04-10,Glenn,021,27897,5003,4988,1604,6592,47
2022-04-10,Humboldt,023,135768,16925,16913,2954,19867,141
2022-04-10,Imperial,025,180216,55423,55267,10534,65801,910
2022-04-10,Inyo,027,18085,4080,4071,484,4555,56
2022-04-10,Kern,029,883053,192002,191542,45810,237352,2244
2022-04-10,Kings,031,150075,51538,51519,3521,55040,443
2022-04-10,Lake,033,64148,10724,10690,883,11573,134
2022-04-10,Lassen,035,31185,8963,8948,875,9823,65
2022-04-10,Los Angeles,037,10098052,2721062,2709735,123246,2832981,31509
2022-04-10,Madera,039,155013,37305,37356,6024,43380,354
2022-04-10,Marin,041,260295,33854,33648,2383,36031,288
2022-04-10,Mariposa,043,17540,2406,2394,203,2597,29
2022-04-10,Mendocino,045,87422,13107,13087,3022,16109,120
2022-04-10,Merced,047,269075,62798,62231,8791,71022,811
2022-04-10,Modoc,049,8938,739,743,250,993,8
2022-04-10,Mono,051,14174,2975,2967,124,3091,6
2022-04-10,Monterey,053,433212,79563,79103,13718,92821,727
2022-04-10,Napa,055,140530,25915,25824,963,26787,144
2022-04-10,Nevada,057,99092,16002,15976,1200,17176,123
2022-04-10,Orange,059,3164182,548427,546983,41828,588811,6912
2022-04-10,Placer,061,380077,62978,62831,7346,70177,616
2022-04-10,Plumas,063,18699,2977,2887,365,3252,13
2022-04-10,Riverside,065,2383286,592286,591268,27826,619094,6429
2022-04-10,Sacramento,067,1510023,281595,277125,26784,303909,2972
2022-04-10,San Benito,069,59416,12986,12917,516,13433,98
2022-04-10,San Bernardino,071,2135413,575133,562571,24963,587534,6892
2022-04-10,San Diego,073,3302833,753318,754281,52794,807075,5210
2022-04-10,San Francisco,075,870044,126721,125963,8308,134271,844
2022-04-10,San Joaquin,077,732212,167009,166547,9941,176488,2212
2022-04-10,San Luis Obispo,079,281455,52618,52609,3758,56367,476
2022-04-10,San Mateo,081,765935,123173,121514,7002,128516,698
2022-04-10,Santa Barbara,083,443738,86107,85754,4706,90460,680
2022-04-10,Santa Clara,085,1922200,317795,313965,12449,326414,2266
2022-04-10,Santa Cruz,087,273765,48215,47624,2110,49734,259
2022-04-10,Shasta,089,179085,30593,30586,6090,36676,549
2022-04-10,Sierra,091,2930,274,272,48,320,4
2022-04-10,Siskiyou,093,43540,4432,4444,2721,7165,80
2022-04-10,Solano,095,438530,81927,81886,5585,87471,448
2022-04-10,Sonoma,097,501317,84109,83600,2668,86268,485
2022-04-10,Stanislaus,099,539301,117732,117528,17856,135384,1578
2022-04-10,Sutter,101,95872,20503,20591,2074,22665,223
2022-04-10,Tehama,103,63373,12054,12059,2568,14627,201
2022-04-10,Trinity,105,12862,1184,1177,287,1464,20
2022-04-10,Tulare,107,460477,106424,105278,27567,132845,1415
2022-04-10,Tuolumne,109,53932,12702,12632,561,13193,180
2022-04-10,Ventura,111,848112,173609,173343,9423,182766,1467
2022-04-10,Yolo,113,214977,37249,36587,2921,39508,312
2022-04-10,Yuba,115,75493,15847,15848,1199,17047,121
2022-04-09,Alameda,001,1643700,258285,256649,13876,270525,1826
2022-04-09,Alpine,002,1148,124,124,1,125,0
2022-04-09,Amador,005,37829,8534,8489,645,9134,86
2022-04-09,Butte,007,227075,33253,33031,7047,40078,399
2022-04-09,Calaveras,009,45235,7275,7260,349,7609,119
2022-04-09,Colusa,011,21464,3454,3449,1047,4496,21
2022-04-09,Contra Costa,013,1133247,193089,189154,13488,202642,1296
2022-04-09,Del Norte,015,27424,5817,5811,184,5995,50
2022-04-09,El Dorado,017,186661,26776,26757,3196,29953,207
2022-04-09,Fresno,019,978130,235294,231090,24403,255493,2731
2022-04-09,Glenn,021,27897,5003,4988,1604,6592,47
2022-04-09,Humboldt,023,135768,16918,16913,2954,19867,141
2022-04-09,Imperial,025,180216,55418,55267,10532,65799,910
2022-04-09,Inyo,027,18085,4080,4071,484,4555,56
2022-04-09,Kern,029,883053,191993,191542,45805,237347,2244
2022-04-09,Kings,031,150075,51532,51519,3521,55040,443
2022-04-09,Lake,033,64148,10722,10690,883,11573,134
2022-04-09,Lassen,035,31185,8963,8948,875,9823,65
2022-04-09,Los Angeles,037,10098052,2720377,2709735,123174,2832909,31509
2022-04-09,Madera,039,155013,37302,37356,6024,43380,354
2022-04-09,Marin,041,260295,33816,33648,2347,35995,288
2022-04-09,Mariposa,043,17540,2406,2394,203,2597,29
2022-04-09,Mendocino,045,87422,13105,13087,3022,16109,120
2022-04-09,Merced,047,269075,62787,62231,8789,71020,811
2022-04-09,Modoc,049,8938,739,743,250,993,8
2022-04-09,Mono,051,14174,2974,2967,123,3090,6
2022-04-09,Monterey,053,433212,79554,79103,13714,92817,727
2022-04-09,Napa,055,140530,25890,25824,963,26787,144
2022-04-09,Nevada,057,99092,15999,15976,1200,17176,123
2022-04-09,Orange,059,3164182,548306,546983,41806,588789,6912
2022-04-09,Placer,061,380077,62963,62831,7344,70175,616
2022-04-09,Plumas,063,18699,2977,2887,365,3252,13
2022-04-09,Riverside,065,2383286,592196,591268,27816,619084,6429
2022-04-09,Sacramento,067,1510023,281548,277125,26782,303907,2972
2022-04-09,San Benito,069,59416,12985,12917,515,13432,98
2022-04-09,San Bernardino,071,2135413,575066,562571,24960,587531,6892
2022-04-09,San Diego,073,3302833,753170,754281,52781,807062,5210
2022-04-09,San Francisco,075,870044,126596,125963,8300,134263,844
2022-04-09,San Joaquin,077,732212,166993,166547,9938,176485,2212
2022-04-09,San Luis Obispo,079,281455,52618,52609,3755,56364,476
2022-04-09,San Mateo,081,765935,123079,121514,6999,128513,698
2022-04-09,Santa Barbara,083,443738,86074,85754,4706,90460,680
2022-04-09,Santa Clara,085,1922200,317599,313965,12446,326411,2266
2022-04-09,Santa Cruz,087,273765,48182,47624,2108,49732,259
2022-04-09,Shasta,089,179085,30591,30586,6090,36676,549
2022-04-09,Sierra,091,2930,274,272,48,320,4
2022-04-09,Siskiyou,093,43540,4431,4444,2720,7164,80
2022-04-09,Solano,095,438530,81909,81886,5583,87469,448
2022-04-09,Sonoma,097,501317,84070,83600,2664,86264,485
2022-04-09,Stanislaus,099,539301,117719,117528,17854,135382,1578
2022-04-09,Sutter,101,95872,20503,20591,2074,22665,223
2022-04-09,Tehama,103,63373,12054,12059,2568,14627,201
2022-04-09,Trinity,105,12862,1184,1177,287,1464,20
2022-04-09,Tulare,107,460477,106421,105278,27565,132843,1415
2022-04-09,Tuolumne,109,53932,12700,12632,561,13193,180
2022-04-09,Ventura,111,848112,173572,173343,9420,182763,1467
2022-04-09,Yolo,113,214977,37230,36587,2921,39508,312
2022-04-09,Yuba,115,75493,15846,15848,1199,17047,121
2022-04-08,Alameda,001,1643700,258124,256649,13870,270519,1826
2022-04-08,Alpine,002,1148,124,124,1,125,0
2022-04-08,Amador,005,37829,8532,8489,644,9133,86
2022-04-08,Butte,007,227075,33247,33031,7044,40075,399
2022-04-08,Calaveras,009,45235,7273,7260,349,7609,119
2022-04-08,Colusa,011,21464,3454,3449,1047,4496,21
2022-04-08,Contra Costa,013,1133247,193011,189154,13475,202629,1296
2022-04-08,Del Norte,015,27424,5815,5811,184,5995,50
2022-04-08,El Dorado,017,186661,26774,26757,3196,29953,207
2022-04-08,Fresno,019,978130,235274,231090,24401,255491,2731
2022-04-08,Glenn,021,27897,5003,4988,1604,6592,47
2022-04-08,Humboldt,023,135768,16914,16913,2952,19865,141
2022-04-08,Imperial,025,180216,55414,55267,10532,65799,910
2022-04-08,Inyo,027,18085,4078,4071,483,4554,56
2022-04-08,Kern,029,883053,191974,191542,45804,237346,2244
2022-04-08,Kings,031,150075,51527,51519,3521,55040,443
2022-04-08,Lake,033,64148,10722,10690,883,11573,134
2022-04-08,Lassen,035,31185,8963,8948,875,9823,65
2022-04-08,Los Angeles,037,10098052,2719751,2709735,123116,2832851,31509
2022-04-08,Madera,039,155013,37300,37356,6023,43379,354
2022-04-08,Marin,041,260295,33794,33648,2333,35981,288
2022-04-08,Mariposa,043,17540,2406,2394,202,2596,29
2022-04-08,Mendocino,045,87422,13103,13087,3022,16109,120
2022-04-08,Merced,047,269075,62782,62231,8786,71017,811
2022-04-08,Modoc,049,8938,739,743,250,993,8
2022-04-08,Mono,051,14174,2972,2967,123,3090,6
2022-04-08,Monterey,053,433212,79544,79103,13713,92816,727
2022-04-08,Napa,055,140530,25878,25824,955,26779,144
2022-04-08,Nevada,057,99092,15996,15976,1200,17176,123
2022-04-08,Orange,059,3164182,548185,546983,41792,588775,6912
2022-04-08,Placer,061,380077,62945,62831,7342,70173,616
2022-04-08,Plumas,063,18699,2974,2887,365,3252,13
2022-04-08,Riverside,065,2383286,592120,591268,27813,619081,6429
2022-04-08,Sacramento,067,1510023,281501,277125,26781,303906,2972
2022-04-08,San Benito,069,59416,12985,12917,515,13432,98
2022-04-08,San Bernardino,071,2135413,575013,562571,24957,587528,6892
2022-04-08,San Diego,073,3302833,753002,754281,52770,807051,5210
2022-04-08,San Francisco,075,870044,126499,125963,8295,134258,844
2022-04-08,San Joaquin,077,732212,166975,166547,9936,176483,2212
2022-04-08,San Luis Obispo,079,281455,52613,52609,3755,56364,476
2022-04-08,San Mateo,081,765935,122972,121514,6995,128509,698
2022-04-08,Santa Barbara,083,443738,86053,85754,4706,90460,680
2022-04-08,Santa Clara,085,1922200,317413,313965,12439,326404,2266
2022-04-08,Santa Cruz,087,273765,48165,47624,2105,49729,259
2022-04-08,Shasta,089,179085,30588,30586,6090,36676,549
2022-04-08,Sierra,091,2930,274,272,48,320,4
2022-04-08,Siskiyou,093,43540,4431,4444,2720,7164,80
2022-04-08,Solano,095,438530,81889,81886,5582,87468,448
2022-04-08,Sonoma,097,501317,84019,83600,2660,86260,485
2022-04-08,Stanislaus,099,539301,117704,117528,17852,135380,1578
2022-04-08,Sutter,101,95872,20503,20591,2074,22665,223
2022-04-08,Tehama,103,63373,12054,12059,2568,14627,201
2022-04-08,Trinity,105,12862,1184,1177,287,1464,20
2022-04-08,Tulare,107,460477,106416,105278,27561,132839,1415
2022-04-08,Tuolumne,109,53932,12699,12632,560,13192,180
2022-04-08,Ventura,111,848112,173543,173343,9418,182761,1467
2022-04-08,Yolo,113,214977,37221,36587,2920,39507,312
2022-04-08,Yuba,115,75493,15845,15848,1199,17047,121
2022-04-07,Alameda,001,1643700,257928,256649,13862,270511,1826
2022-04-07,Alpine,002,1148,124,124,1,125,0
2022-04-07,Amador,005,37829,8531,8489,641,9130,86
2022-04-07,Butte,007,227075,33243,33031,7042,40073,399
2022-04-07,Calaveras,009,45235,7271,7260,349,7609,119
2022-04-07,Colusa,011,21464,3453,3449,1047,4496,21
2022-04-07,Contra Costa,013,1133247,192892,189154,13463,202617,1296
2022-04-07,Del Norte,015,27424,5814,5811,184,5995,50
2022-04-07,El Dorado,017,186661,26762,26757,3194,29951,207
2022-04-07,Fresno,019,978130,235247,231090,24400,255490,2731
2022-04-07,Glenn,021,27897,5002,4988,1603,6591,47
2022-04-07,Humboldt,023,135768,16907,16913,2950,19863,141
2022-04-07,Imperial,025,180216,55412,55267,10530,65797,910
2022-04-07,Inyo,027,18085,4078,4071,483,4554,56
2022-04-07,Kern,029,883053,191950,191542,45801,237343,2244
2022-04-07,Kings,031,150075,51519,51519,3521,55040,443
2022-04-07,Lake,033,64148,10718,10690,883,11573,134
2022-04-07,Lassen,035,31185,8963,8948,875,9823,65
2022-04-07,Los Angeles,037,10098052,2718843,2709735,123041,2832776,31509
2022-04-07,Madera,039,155013,37296,37356,6023,43379,354
2022-04-07,Marin,041,260295,33774,33648,2314,35962,288
2022-04-07,Mariposa,043,17540,2403,2394,201,2595,29
2022-04-07,Mendocino,045,87422,13099,13087,3021,16108,120
2022-04-07,Merced,047,269075,62772,62231,8781,71012,811
2022-04-07,Modoc,049,8938,739,743,250,993,8
2022-04-07,Mono,051,14174,2971,2967,123,3090,6
2022-04-07,Monterey,053,433212,79522,79103,13709,92812,727
2022-04-07,Napa,055,140530,25862,25824,951,26775,144
2022-04-07,Nevada,057,99092,15988,15976,1199,17175,123
2022-04-07,Orange,059,3164182,548029,546983,41762,588745,6912
2022-04-07,Placer,061,380077,62928,62831,7339,70170,616
2022-04-07,Plumas,063,18699,2974,2887,365,3252,13
2022-04-07,Riverside,065,2383286,592018,591268,27799,619067,6429
2022-04-07,Sacramento,067,1510023,281436,277125,26774,303899,2972
2022-04-07,San Benito,069,59416,12984,12917,515,13432,98
2022-04-07,San Bernardino,071,2135413,574852,562571,24944,587515,6892
2022-04-07,San Diego,073,3302833,752736,754281,52738,807019,5210
2022-04-07,San Francisco,075,870044,126342,125963,8280,134243,844
2022-04-07,San Joaquin,077,732212,166935,166547,9933,176480,2212
2022-04-07,San Luis Obispo,079,281455,52595,52609,3753,56362,476
2022-04-07,San Mateo,081,765935,122849,121514,6979,128493,698
2022-04-07,Santa Barbara,083,443738,86009,85754,4704,90458,680
2022-04-07,Santa Clara,085,1922200,317190,313965,12427,326392,2266
2022-04-07,Santa Cruz,087,273765,48146,47624,2101,49725,259
2022-04-07,Shasta,089,179085,30586,30586,6090,36676,549
2022-04-07,Sierra,091,2930,274,272,48,320,4
2022-04-07,Siskiyou,093,43540,4431,4444,2719,7163,80
2022-04-07,Solano,095,438530,81859,81886,5582,87468,448
2022-04-07,Sonoma,097,501317,83976,83600,2654,86254,485
2022-04-07,Stanislaus,099,539301,117682,117528,17849,135377,1578
2022-04-07,Sutter,101,95872,20499,20591,2073,22664,223
2022-04-07,Tehama,103,63373,12053,12059,2568,14627,201
2022-04-07,Trinity,105,12862,1184,1177,287,1464,20
2022-04-07,Tulare,107,460477,106409,105278,27560,132838,1415
2022-04-07,Tuolumne,109,53932,12697,12632,559,13191,180
2022-04-07,Ventura,111,848112,173514,173343,9416,182759,1467
2022-04-07,Yolo,113,214977,37203,36587,2920,39507,312
2022-04-07,Yuba,115,75493,15843,15848,1199,17047,121
2022-04-06,Alameda,001,1643700,257742,256143,13854,269997,1814
2022-04-06,Alpine,002,1148,124,124,1,125,0
2022-04-06,Amador,005,37829,8530,8488,641,9129,86
2022-04-06,Butte,007,227075,33238,32997,7040,40037,396
2022-04-06,Calaveras,009,45235,7269,7258,349,7607,120
2022-04-06,Colusa,011,21464,3453,3447,1047,4494,21
2022-04-06,Contra Costa,013,1133247,192826,188850,13447,202297,1296
2022-04-06,Del Norte,015,27424,5814,5809,184,5993,50
2022-04-06,El Dorado,017,186661,26759,26744,3194,29938,205
2022-04-06,Fresno,019,978130,235212,230942,24396,255338,2725
2022-04-06,Glenn,021,27897,5002,4986,1602,6588,47
2022-04-06,Humboldt,023,135768,16903,16904,2949,19853,140
2022-04-06,Imperial,025,180216,55406,55294,10530,65824,908
2022-04-06,Inyo,027,18085,4077,4068,481,4549,56
2022-04-06,Kern,029,883053,191928,191449,45799,237248,2234
2022-04-06,Kings,031,150075,51518,51491,3520,55011,443
2022-04-06,Lake,033,64148,10714,10679,883,11562,136
2022-04-06,Lassen,035,31185,8963,8945,875,9820,65
2022-04-06,Los Angeles,037,10098052,2717798,2707306,122971,2830277,31465
2022-04-06,Madera,039,155013,37292,37349,6023,43372,354
2022-04-06,Marin,041,260295,33752,33566,2306,35872,288
2022-04-06,Mariposa,043,17540,2402,2392,201,2593,29
2022-04-06,Mendocino,045,87422,13095,13074,3020,16094,119
2022-04-06,Merced,047,269075,62764,62195,8777,70972,810
2022-04-06,Modoc,049,8938,739,741,250,991,8
2022-04-06,Mono,051,14174,2970,2967,123,3090,6
2022-04-06,Monterey,053,433212,79509,79019,13701,92720,727
2022-04-06,Napa,055,140530,25843,25790,947,26737,143
2022-04-06,Nevada,057,99092,15986,15974,1199,17173,123
2022-04-06,Orange,059,3164182,547861,546491,41739,588230,6887
2022-04-06,Placer,061,380077,62922,62787,7338,70125,615
2022-04-06,Plumas,063,18699,2974,2850,365,3215,13
2022-04-06,Riverside,065,2383286,591921,590826,27794,618620,6424
2022-04-06,Sacramento,067,1510023,281358,276567,26770,303337,2953
2022-04-06,San Benito,069,59416,12983,12908,515,13423,98
2022-04-06,San Bernardino,071,2135413,574719,561648,24942,586590,6883
2022-04-06,San Diego,073,3302833,752442,753402,52700,806102,5192
2022-04-06,San Francisco,075,870044,126183,125536,8274,133810,843
2022-04-06,San Joaquin,077,732212,166902,166415,9930,176345,2207
2022-04-06,San Luis Obispo,079,281455,52573,52557,3751,56308,475
2022-04-06,San Mateo,081,765935,122740,121041,6968,128009,693
2022-04-06,Santa Barbara,083,443738,85969,85630,4700,90330,679
2022-04-06,Santa Clara,085,1922200,316992,313278,12407,325685,2265
2022-04-06,Santa Cruz,087,273765,48091,47446,2096,49542,259
2022-04-06,Shasta,089,179085,30585,30565,6090,36655,529
2022-04-06,Sierra,091,2930,274,272,47,319,4
2022-04-06,Siskiyou,093,43540,4431,4442,2719,7161,80
2022-04-06,Solano,095,438530,81824,81789,5577,87366,447
2022-04-06,Sonoma,097,501317,83912,83361,2649,86010,485
2022-04-06,Stanislaus,099,539301,117666,117534,17843,135377,1578
2022-04-06,Sutter,101,95872,20494,20581,2073,22654,222
2022-04-06,Tehama,103,63373,12051,12049,2568,14617,198
2022-04-06,Trinity,105,12862,1184,1173,287,1460,20
2022-04-06,Tulare,107,460477,106402,104826,27555,132381,1414
2022-04-06,Tuolumne,109,53932,12695,12621,559,13180,180
2022-04-06,Ventura,111,848112,173461,173179,9410,182589,1460
2022-04-06,Yolo,113,214977,37178,36393,2919,39312,314
2022-04-06,Yuba,115,75493,15838,15839,1199,17038,121
2022-04-05,Alameda,001,1643700,257530,256143,13844,269987,1814
2022-04-05,Alpine,002,1148,124,124,1,125,0
2022-04-05,Amador,005,37829,8528,8488,641,9129,86
2022-04-05,Butte,007,227075,33233,32997,7037,40034,396
2022-04-05,Calaveras,009,45235,7265,7258,349,7607,120
2022-04-05,Colusa,011,21464,3451,3447,1046,4493,21
2022-04-05,Contra Costa,013,1133247,192733,188850,13440,202290,1296
2022-04-05,Del Norte,015,27424,5812,5809,184,5993,50
2022-04-05,El Dorado,017,186661,26748,26744,3194,29938,205
2022-04-05,Fresno,019,978130,235175,230942,24388,255330,2725
2022-04-05,Glenn,021,27897,5002,4986,1601,6587,47
2022-04-05,Humboldt,023,135768,16897,16904,2949,19853,140
2022-04-05,Imperial,025,180216,55404,55294,10529,65823,908
2022-04-05,Inyo,027,18085,4076,4068,480,4548,56
2022-04-05,Kern,029,883053,191908,191449,45796,237245,2234
2022-04-05,Kings,031,150075,51515,51491,3520,55011,443
2022-04-05,Lake,033,64148,10711,10679,883,11562,136
2022-04-05,Lassen,035,31185,8963,8945,874,9819,65
2022-04-05,Los Angeles,037,10098052,2716744,2707306,122897,2830203,31465
2022-04-05,Madera,039,155013,37285,37349,6021,43370,354
2022-04-05,Marin,041,260295,33697,33566,2291,35857,288
2022-04-05,Mariposa,043,17540,2402,2392,201,2593,29
2022-04-05,Mendocino,045,87422,13089,13074,3019,16093,119
2022-04-05,Merced,047,269075,62752,62195,8772,70967,810
2022-04-05,Modoc,049,8938,739,741,250,991,8
2022-04-05,Mono,051,14174,2969,2967,123,3090,6
2022-04-05,Monterey,053,433212,79486,79019,13690,92709,727
2022-04-05,Napa,055,140530,25834,25790,942,26732,143
2022-04-05,Nevada,057,99092,15978,15974,1199,17173,123
2022-04-05,Orange,059,3164182,547679,546491,41710,588201,6887
2022-04-05,Placer,061,380077,62896,62787,7338,70125,615
2022-04-05,Plumas,063,18699,2974,2850,365,3215,13
2022-04-05,Riverside,065,2383286,591800,590826,27782,618608,6424
2022-04-05,Sacramento,067,1510023,281278,276567,26765,303332,2953
2022-04-05,San Benito,069,59416,12976,12908,515,13423,98
2022-04-05,San Bernardino,071,2135413,574588,561648,24932,586580,6883
2022-04-05,San Diego,073,3302833,752134,753402,52656,806058,5192
2022-04-05,San Francisco,075,870044,125980,125536,8266,133802,843
2022-04-05,San Joaquin,077,732212,166860,166415,9928,176343,2207
2022-04-05,San Luis Obispo,079,281455,52556,52557,3746,56303,475
2022-04-05,San Mateo,081,765935,122622,121041,6958,127999,693
2022-04-05,Santa Barbara,083,443738,85933,85630,4699,90329,679
2022-04-05,Santa Clara,085,1922200,316732,313278,12394,325672,2265
2022-04-05,Santa Cruz,087,273765,48024,47446,2093,49539,259
2022-04-05,Shasta,089,179085,30585,30565,6088,36653,529
2022-04-05,Sierra,091,2930,274,272,47,319,4
2022-04-05,Siskiyou,093,43540,4431,4442,2719,7161,80
2022-04-05,Solano,095,438530,81771,81789,5574,87363,447
2022-04-05,Sonoma,097,501317,83848,83361,2640,86001,485
2022-04-05,Stanislaus,099,539301,117652,117534,17834,135368,1578
2022-04-05,Sutter,101,95872,20490,20581,2072,22653,222
2022-04-05,Tehama,103,63373,12049,12049,2567,14616,198
2022-04-05,Trinity,105,12862,1184,1173,287,1460,20
2022-04-05,Tulare,107,460477,106392,104826,27552,132378,1414
2022-04-05,Tuolumne,109,53932,12694,12621,559,13180,180
2022-04-05,Ventura,111,848112,173405,173179,9403,182582,1460
2022-04-05,Yolo,113,214977,37163,36393,2916,39309,314
2022-04-05,Yuba,115,75493,15836,15839,1199,17038,121
2022-04-04,Alameda,001,1643700,257299,256143,13829,269972,1814
2022-04-04,Alpine,002,1148,124,124,1,125,0
2022-04-04,Amador,005,37829,8527,8488,640,9128,86
2022-04-04,Butte,007,227075,33227,32997,7034,40031,396
2022-04-04,Calaveras,009,45235,7265,7258,349,7607,120
2022-04-04,Colusa,011,21464,3450,3447,1046,4493,21
2022-04-04,Contra Costa,013,1133247,192633,188850,13432,202282,1296
2022-04-04,Del Norte,015,27424,5812,5809,184,5993,50
2022-04-04,El Dorado,017,186661,26744,26744,3194,29938,205
2022-04-04,Fresno,019,978130,235157,230942,24383,255325,2725
2022-04-04,Glenn,021,27897,5001,4986,1601,6587,47
2022-04-04,Humboldt,023,135768,16889,16904,2944,19848,140
2022-04-04,Imperial,025,180216,55399,55294,10529,65823,908
2022-04-04,Inyo,027,18085,4076,4068,478,4546,56
2022-04-04,Kern,029,883053,191885,191449,45791,237240,2234
2022-04-04,Kings,031,150075,51509,51491,3520,55011,443
2022-04-04,Lake,033,64148,10706,10679,883,11562,136
2022-04-04,Lassen,035,31185,8963,8945,874,9819,65
2022-04-04,Los Angeles,037,10098052,2715649,2707306,122853,2830159,31465
2022-04-04,Madera,039,155013,37281,37349,6021,43370,354
2022-04-04,Marin,041,260295,33680,33566,2283,35849,288
2022-04-04,Mariposa,043,17540,2401,2392,201,2593,29
2022-04-04,Mendocino,045,87422,13083,13074,3017,16091,119
2022-04-04,Merced,047,269075,62741,62195,8767,70962,810
2022-04-04,Modoc,049,8938,739,741,250,991,8
2022-04-04,Mono,051,14174,2969,2967,123,3090,6
2022-04-04,Monterey,053,433212,79470,79019,13684,92703,727
2022-04-04,Napa,055,140530,25817,25790,941,26731,143
2022-04-04,Nevada,057,99092,15974,15974,1198,17172,123
2022-04-04,Orange,059,3164182,547513,546491,41684,588175,6887
2022-04-04,Placer,061,380077,62886,62787,7337,70124,615
2022-04-04,Plumas,063,18699,2973,2850,365,3215,13
2022-04-04,Riverside,065,2383286,591708,590826,27770,618596,6424
2022-04-04,Sacramento,067,1510023,281186,276567,26757,303324,2953
2022-04-04,San Benito,069,59416,12973,12908,515,13423,98
2022-04-04,San Bernardino,071,2135413,574450,561648,24925,586573,6883
2022-04-04,San Diego,073,3302833,751815,753402,52619,806021,5192
2022-04-04,San Francisco,075,870044,125780,125536,8257,133793,843
2022-04-04,San Joaquin,077,732212,166834,166415,9925,176340,2207
2022-04-04,San Luis Obispo,079,281455,52533,52557,3744,56301,475
2022-04-04,San Mateo,081,765935,122484,121041,6946,127987,693
2022-04-04,Santa Barbara,083,443738,85888,85630,4698,90328,679
2022-04-04,Santa Clara,085,1922200,316463,313278,12382,325660,2265
2022-04-04,Santa Cruz,087,273765,47977,47446,2093,49539,259
2022-04-04,Shasta,089,179085,30582,30565,6087,36652,529
2022-04-04,Sierra,091,2930,274,272,47,319,4
2022-04-04,Siskiyou,093,43540,4431,4442,2719,7161,80
2022-04-04,Solano,095,438530,81725,81789,5571,87360,447
2022-04-04,Sonoma,097,501317,83794,83361,2633,85994,485
2022-04-04,Stanislaus,099,539301,117631,117534,17827,135361,1578
2022-04-04,Sutter,101,95872,20487,20581,2072,22653,222
2022-04-04,Tehama,103,63373,12047,12049,2567,14616,198
2022-04-04,Trinity,105,12862,1184,1173,287,1460,20
2022-04-04,Tulare,107,460477,106383,104826,27549,132375,1414
2022-04-04,Tuolumne,109,53932,12687,12621,559,13180,180
2022-04-04,Ventura,111,848112,173365,173179,9400,182579,1460
2022-04-04,Yolo,113,214977,37149,36393,2914,39307,314
2022-04-04,Yuba,115,75493,15833,15839,1199,17038,121
2022-04-03,Alameda,001,1643700,257045,255650,13826,269476,1813
2022-04-03,Alpine,002,1148,124,124,1,125,0
2022-04-03,Amador,005,37829,8526,8485,640,9125,86
2022-04-03,Butte,007,227075,33220,32981,7032,40013,396
2022-04-03,Calaveras,009,45235,7265,7254,349,7603,119
2022-04-03,Colusa,011,21464,3450,3445,1046,4491,21
2022-04-03,Contra Costa,013,1133247,192527,188658,13422,202080,1291
2022-04-03,Del Norte,015,27424,5812,5812,184,5996,50
2022-04-03,El Dorado,017,186661,26729,26732,3191,29923,200
2022-04-03,Fresno,019,978130,235125,230559,24380,254939,2722
2022-04-03,Glenn,021,27897,5001,4982,1601,6583,47
2022-04-03,Humboldt,023,135768,16883,16898,2944,19842,140
2022-04-03,Imperial,025,180216,55397,55266,10526,65792,908
2022-04-03,Inyo,027,18085,4074,4063,478,4541,56
2022-04-03,Kern,029,883053,191860,191384,45786,237170,2224
2022-04-03,Kings,031,150075,51503,51470,3518,54988,443
2022-04-03,Lake,033,64148,10704,10674,883,11557,136
2022-04-03,Lassen,035,31185,8962,8943,874,9817,65
2022-04-03,Los Angeles,037,10098052,2714459,2703576,122768,2826344,31410
2022-04-03,Madera,039,155013,37279,37333,6020,43353,354
2022-04-03,Marin,041,260295,33645,33493,2275,35768,287
2022-04-03,Mariposa,043,17540,2400,2391,201,2592,29
2022-04-03,Mendocino,045,87422,13077,13058,3016,16074,119
2022-04-03,Merced,047,269075,62726,62149,8761,70910,808
2022-04-03,Modoc,049,8938,738,741,250,991,8
2022-04-03,Mono,051,14174,2969,2967,123,3090,6
2022-04-03,Monterey,053,433212,79453,78964,13659,92623,726
2022-04-03,Napa,055,140530,25798,25757,940,26697,143
2022-04-03,Nevada,057,99092,15968,15962,1197,17159,123
2022-04-03,Orange,059,3164182,547314,546047,41659,587706,6880
2022-04-03,Placer,061,380077,62860,62740,7332,70072,614
2022-04-03,Plumas,063,18699,2972,2803,365,3168,14
2022-04-03,Riverside,065,2383286,591551,590563,27755,618318,6418
2022-04-03,Sacramento,067,1510023,281111,276218,26744,302962,2950
2022-04-03,San Benito,069,59416,12969,12901,515,13416,98
2022-04-03,San Bernardino,071,2135413,574305,561362,24922,586284,6865
2022-04-03,San Diego,073,3302833,751486,752281,52582,804863,5178
2022-04-03,San Francisco,075,870044,125549,125075,8251,133326,843
2022-04-03,San Joaquin,077,732212,166778,166336,9920,176256,2202
2022-04-03,San Luis Obispo,079,281455,52514,52512,3744,56256,475
2022-04-03,San Mateo,081,765935,122344,120717,6939,127656,693
2022-04-03,Santa Barbara,083,443738,85843,85611,4696,90307,678
2022-04-03,Santa Clara,085,1922200,316163,312517,12373,324890,2258
2022-04-03,Santa Cruz,087,273765,47922,47371,2091,49462,259
2022-04-03,Shasta,089,179085,30572,30556,6086,36642,530
2022-04-03,Sierra,091,2930,274,273,47,320,4
2022-04-03,Siskiyou,093,43540,4431,4439,2719,7158,80
2022-04-03,Solano,095,438530,81683,81848,5565,87413,446
2022-04-03,Sonoma,097,501317,83715,83235,2625,85860,485
2022-04-03,Stanislaus,099,539301,117600,117536,17821,135357,1581
2022-04-03,Sutter,101,95872,20484,20570,2072,22642,222
2022-04-03,Tehama,103,63373,12045,12046,2567,14613,198
2022-04-03,Trinity,105,12862,1184,1173,287,1460,20
2022-04-03,Tulare,107,460477,106376,104736,27542,132278,1410
2022-04-03,Tuolumne,109,53932,12686,12618,559,13177,180
2022-04-03,Ventura,111,848112,173312,173044,9396,182440,1460
2022-04-03,Yolo,113,214977,37128,36347,2912,39259,313
2022-04-03,Yuba,115,75493,15831,15835,1199,17034,120
2022-04-02,Alameda,001,1643700,256942,255650,13826,269476,1813
2022-04-02,Alpine,002,1148,124,124,1,125,0
2022-04-02,Amador,005,37829,8526,8485,640,9125,86
2022-04-02,Butte,007,227075,33216,32981,7031,40012,396
2022-04-02,Calaveras,009,45235,7265,7254,349,7603,119
2022-04-02,Colusa,011,21464,3450,3445,1046,4491,21
2022-04-02,Contra Costa,013,1133247,192468,188658,13419,202077,1291
2022-04-02,Del Norte,015,27424,5811,5812,184,5996,50
2022-04-02,El Dorado,017,186661,26726,26732,3191,29923,200
2022-04-02,Fresno,019,978130,235096,230559,24380,254939,2722
2022-04-02,Glenn,021,27897,5001,4982,1601,6583,47
2022-04-02,Humboldt,023,135768,16879,16898,2944,19842,140
2022-04-02,Imperial,025,180216,55394,55266,10524,65790,908
2022-04-02,Inyo,027,18085,4074,4063,478,4541,56
2022-04-02,Kern,029,883053,191845,191384,45782,237166,2224
2022-04-02,Kings,031,150075,51500,51470,3518,54988,443
2022-04-02,Lake,033,64148,10703,10674,883,11557,136
2022-04-02,Lassen,035,31185,8962,8943,874,9817,65
2022-04-02,Los Angeles,037,10098052,2713939,2703576,122728,2826304,31410
2022-04-02,Madera,039,155013,37276,37333,6020,43353,354
2022-04-02,Marin,041,260295,33622,33493,2267,35760,287
2022-04-02,Mariposa,043,17540,2399,2391,201,2592,29
2022-04-02,Mendocino,045,87422,13075,13058,3016,16074,119
2022-04-02,Merced,047,269075,62723,62149,8761,70910,808
2022-04-02,Modoc,049,8938,738,741,250,991,8
2022-04-02,Mono,051,14174,2969,2967,122,3089,6
2022-04-02,Monterey,053,433212,79440,78964,13653,92617,726
2022-04-02,Napa,055,140530,25784,25757,939,26696,143
2022-04-02,Nevada,057,99092,15964,15962,1196,17158,123
2022-04-02,Orange,059,3164182,547209,546047,41647,587694,6880
2022-04-02,Placer,061,380077,62849,62740,7330,70070,614
2022-04-02,Plumas,063,18699,2972,2803,365,3168,14
2022-04-02,Riverside,065,2383286,591477,590563,27750,618313,6418
2022-04-02,Sacramento,067,1510023,281071,276218,26743,302961,2950
2022-04-02,San Benito,069,59416,12968,12901,515,13416,98
2022-04-02,San Bernardino,071,2135413,574252,561362,24919,586281,6865
2022-04-02,San Diego,073,3302833,751362,752281,52572,804853,5178
2022-04-02,San Francisco,075,870044,125444,125075,8243,133318,843
2022-04-02,San Joaquin,077,732212,166756,166336,9918,176254,2202
2022-04-02,San Luis Obispo,079,281455,52509,52512,3744,56256,475
2022-04-02,San Mateo,081,765935,122246,120717,6932,127649,693
2022-04-02,Santa Barbara,083,443738,85824,85611,4695,90306,678
2022-04-02,Santa Clara,085,1922200,315999,312517,12369,324886,2258
2022-04-02,Santa Cruz,087,273765,47910,47371,2090,49461,259
2022-04-02,Shasta,089,179085,30571,30556,6086,36642,530
2022-04-02,Sierra,091,2930,274,273,47,320,4
2022-04-02,Siskiyou,093,43540,4431,4439,2718,7157,80
2022-04-02,Solano,095,438530,81668,81848,5564,87412,446
2022-04-02,Sonoma,097,501317,83667,83235,2619,85854,485
2022-04-02,Stanislaus,099,539301,117591,117536,17819,135355,1581
2022-04-02,Sutter,101,95872,20479,20570,2072,22642,222
2022-04-02,Tehama,103,63373,12045,12046,2567,14613,198
2022-04-02,Trinity,105,12862,1184,1173,287,1460,20
2022-04-02,Tulare,107,460477,106372,104736,27539,132275,1410
2022-04-02,Tuolumne,109,53932,12684,12618,559,13177,180
2022-04-02,Ventura,111,848112,173271,173044,9396,182440,1460
2022-04-02,Yolo,113,214977,37116,36347,2909,39256,313
2022-04-02,Yuba,115,75493,15830,15835,1199,17034,120
2022-04-01,Alameda,001,1643700,256827,255650,13821,269471,1813
2022-04-01,Alpine,002,1148,124,124,1,125,0
2022-04-01,Amador,005,37829,8526,8485,640,9125,86
2022-04-01,Butte,007,227075,33212,32981,7028,40009,396
2022-04-01,Calaveras,009,45235,7263,7254,349,7603,119
2022-04-01,Colusa,011,21464,3449,3445,1046,4491,21
2022-04-01,Contra Costa,013,1133247,192415,188658,13418,202076,1291
2022-04-01,Del Norte,015,27424,5809,5812,184,5996,50
2022-04-01,El Dorado,017,186661,26723,26732,3190,29922,200
2022-04-01,Fresno,019,978130,235071,230559,24378,254937,2722
2022-04-01,Glenn,021,27897,5001,4982,1601,6583,47
2022-04-01,Humboldt,023,135768,16877,16898,2944,19842,140
2022-04-01,Imperial,025,180216,55392,55266,10524,65790,908
2022-04-01,Inyo,027,18085,4072,4063,477,4540,56
2022-04-01,Kern,029,883053,191834,191384,45779,237163,2224
2022-04-01,Kings,031,150075,51497,51470,3518,54988,443
2022-04-01,Lake,033,64148,10700,10674,883,11557,136
2022-04-01,Lassen,035,31185,8961,8943,874,9817,65
2022-04-01,Los Angeles,037,10098052,2713445,2703576,122685,2826261,31410
2022-04-01,Madera,039,155013,37275,37333,6020,43353,354
2022-04-01,Marin,041,260295,33604,33493,2260,35753,287
2022-04-01,Mariposa,043,17540,2396,2391,201,2592,29
2022-04-01,Mendocino,045,87422,13072,13058,3015,16073,119
2022-04-01,Merced,047,269075,62716,62149,8760,70909,808
2022-04-01,Modoc,049,8938,738,741,250,991,8
2022-04-01,Mono,051,14174,2969,2967,122,3089,6
2022-04-01,Monterey,053,433212,79422,78964,13650,92614,726
2022-04-01,Napa,055,140530,25774,25757,939,26696,143
2022-04-01,Nevada,057,99092,15964,15962,1195,17157,123
2022-04-01,Orange,059,3164182,547101,546047,41639,587686,6880
2022-04-01,Placer,061,380077,62835,62740,7330,70070,614
2022-04-01,Plumas,063,18699,2972,2803,364,3167,14
2022-04-01,Riverside,065,2383286,591411,590563,27737,618300,6418
2022-04-01,Sacramento,067,1510023,281033,276218,26736,302954,2950
2022-04-01,San Benito,069,59416,12967,12901,515,13416,98
2022-04-01,San Bernardino,071,2135413,574196,561362,24915,586277,6865
2022-04-01,San Diego,073,3302833,751217,752281,52556,804837,5178
2022-04-01,San Francisco,075,870044,125334,125075,8237,133312,843
2022-04-01,San Joaquin,077,732212,166736,166336,9915,176251,2202
2022-04-01,San Luis Obispo,079,281455,52503,52512,3743,56255,475
2022-04-01,San Mateo,081,765935,122182,120717,6928,127645,693
2022-04-01,Santa Barbara,083,443738,85804,85611,4695,90306,678
2022-04-01,Santa Clara,085,1922200,315849,312517,12368,324885,2258
2022-04-01,Santa Cruz,087,273765,47895,47371,2088,49459,259
2022-04-01,Shasta,089,179085,30570,30556,6086,36642,530
2022-04-01,Sierra,091,2930,274,273,47,320,4
2022-04-01,Siskiyou,093,43540,4431,4439,2717,7156,80
2022-04-01,Solano,095,438530,81652,81848,5564,87412,446
2022-04-01,Sonoma,097,501317,83623,83235,2618,85853,485
2022-04-01,Stanislaus,099,539301,117579,117536,17816,135352,1581
2022-04-01,Sutter,101,95872,20479,20570,2072,22642,222
2022-04-01,Tehama,103,63373,12045,12046,2567,14613,198
2022-04-01,Trinity,105,12862,1184,1173,287,1460,20
2022-04-01,Tulare,107,460477,106367,104736,27535,132271,1410
2022-04-01,Tuolumne,109,53932,12683,12618,559,13177,180
2022-04-01,Ventura,111,848112,173240,173044,9392,182436,1460
2022-04-01,Yolo,113,214977,37102,36347,2908,39255,313
2022-04-01,Yuba,115,75493,15829,15835,1199,17034,120
2022-03-31,Alameda,001,1643700,256653,255650,13808,269458,1813
2022-03-31,Alpine,002,1148,124,124,1,125,0
2022-03-31,Amador,005,37829,8526,8485,640,9125,86
2022-03-31,Butte,007,227075,33208,32981,7025,40006,396
2022-03-31,Calaveras,009,45235,7260,7254,349,7603,119
2022-03-31,Colusa,011,21464,3448,3445,1046,4491,21
2022-03-31,Contra Costa,013,1133247,192318,188658,13412,202070,1291
2022-03-31,Del Norte,015,27424,5808,5812,184,5996,50
2022-03-31,El Dorado,017,186661,26715,26732,3190,29922,200
2022-03-31,Fresno,019,978130,235036,230559,24357,254916,2722
2022-03-31,Glenn,021,27897,5000,4982,1601,6583,47
2022-03-31,Humboldt,023,135768,16873,16898,2944,19842,140
2022-03-31,Imperial,025,180216,55389,55266,10523,65789,908
2022-03-31,Inyo,027,18085,4071,4063,474,4537,56
2022-03-31,Kern,029,883053,191819,191384,45770,237154,2224
2022-03-31,Kings,031,150075,51488,51470,3518,54988,443
2022-03-31,Lake,033,64148,10699,10674,882,11556,136
2022-03-31,Lassen,035,31185,8959,8943,874,9817,65
2022-03-31,Los Angeles,037,10098052,2712703,2703576,122628,2826204,31410
2022-03-31,Madera,039,155013,37272,37333,6020,43353,354
2022-03-31,Marin,041,260295,33578,33493,2248,35741,287
2022-03-31,Mariposa,043,17540,2395,2391,200,2591,29
2022-03-31,Mendocino,045,87422,13068,13058,3015,16073,119
2022-03-31,Merced,047,269075,62711,62149,8757,70906,808
2022-03-31,Modoc,049,8938,738,741,250,991,8
2022-03-31,Mono,051,14174,2969,2967,122,3089,6
2022-03-31,Monterey,053,433212,79405,78964,13639,92603,726
2022-03-31,Napa,055,140530,25767,25757,937,26694,143
2022-03-31,Nevada,057,99092,15957,15962,1194,17156,123
2022-03-31,Orange,059,3164182,546953,546047,41625,587672,6880
2022-03-31,Placer,061,380077,62810,62740,7327,70067,614
2022-03-31,Plumas,063,18699,2972,2803,363,3166,14
2022-03-31,Riverside,065,2383286,591301,590563,27734,618297,6418
2022-03-31,Sacramento,067,1510023,280959,276218,26728,302946,2950
2022-03-31,San Benito,069,59416,12966,12901,515,13416,98
2022-03-31,San Bernardino,071,2135413,574099,561362,24904,586266,6865
2022-03-31,San Diego,073,3302833,750981,752281,52529,804810,5178
2022-03-31,San Francisco,075,870044,125177,125075,8225,133300,843
2022-03-31,San Joaquin,077,732212,166702,166336,9900,176236,2202
2022-03-31,San Luis Obispo,079,281455,52489,52512,3742,56254,475
2022-03-31,San Mateo,081,765935,122071,120717,6927,127644,693
2022-03-31,Santa Barbara,083,443738,85774,85611,4695,90306,678
2022-03-31,Santa Clara,085,1922200,315621,312517,12357,324874,2258
2022-03-31,Santa Cruz,087,273765,47876,47371,2086,49457,259
2022-03-31,Shasta,089,179085,30564,30556,6086,36642,530
2022-03-31,Sierra,091,2930,271,273,47,320,4
2022-03-31,Siskiyou,093,43540,4430,4439,2717,7156,80
2022-03-31,Solano,095,438530,81623,81848,5561,87409,446
2022-03-31,Sonoma,097,501317,83580,83235,2612,85847,485
2022-03-31,Stanislaus,099,539301,117562,117536,17811,135347,1581
2022-03-31,Sutter,101,95872,20476,20570,2071,22641,222
2022-03-31,Tehama,103,63373,12044,12046,2566,14612,198
2022-03-31,Trinity,105,12862,1184,1173,287,1460,20
2022-03-31,Tulare,107,460477,106357,104736,27527,132263,1410
2022-03-31,Tuolumne,109,53932,12682,12618,559,13177,180
2022-03-31,Ventura,111,848112,173201,173044,9389,182433,1460
2022-03-31,Yolo,113,214977,37086,36347,2908,39255,313
2022-03-31,Yuba,115,75493,15829,15835,1196,17031,120
2022-03-30,Alameda,001,1643700,256522,255467,13799,269266,1812
2022-03-30,Alpine,002,1148,124,124,1,125,0
2022-03-30,Amador,005,37829,8526,8485,640,9125,86
2022-03-30,Butte,007,227075,33203,32968,7019,39987,396
2022-03-30,Calaveras,009,45235,7258,7253,348,7601,119
2022-03-30,Colusa,011,21464,3448,3445,1046,4491,21
2022-03-30,Contra Costa,013,1133247,192257,188496,13401,201897,1291
2022-03-30,Del Norte,015,27424,5806,5808,184,5992,50
2022-03-30,El Dorado,017,186661,26706,26722,3190,29912,200
2022-03-30,Fresno,019,978130,235025,230448,24351,254799,2720
2022-03-30,Glenn,021,27897,4999,4982,1601,6583,47
2022-03-30,Humboldt,023,135768,16870,16894,2944,19838,140
2022-03-30,Imperial,025,180216,55385,55252,10520,65772,908
2022-03-30,Inyo,027,18085,4070,4062,472,4534,56
2022-03-30,Kern,029,883053,191791,191363,45765,237128,2219
2022-03-30,Kings,031,150075,51482,51446,3517,54963,443
2022-03-30,Lake,033,64148,10698,10674,882,11556,136
2022-03-30,Lassen,035,31185,8959,8943,874,9817,65
2022-03-30,Los Angeles,037,10098052,2711887,2702536,122574,2825110,31384
2022-03-30,Madera,039,155013,37266,37330,6019,43349,354
2022-03-30,Marin,041,260295,33558,33453,2229,35682,287
2022-03-30,Mariposa,043,17540,2395,2390,200,2590,27
2022-03-30,Mendocino,045,87422,13064,13055,3012,16067,118
2022-03-30,Merced,047,269075,62706,62136,8752,70888,808
2022-03-30,Modoc,049,8938,738,739,250,989,8
2022-03-30,Mono,051,14174,2968,2967,122,3089,6
2022-03-30,Monterey,053,433212,79388,78911,13632,92543,726
2022-03-30,Napa,055,140530,25755,25745,936,26681,141
2022-03-30,Nevada,057,99092,15954,15960,1192,17152,123
2022-03-30,Orange,059,3164182,546802,545895,41603,587498,6876
2022-03-30,Placer,061,380077,62795,62705,7323,70028,614
2022-03-30,Plumas,063,18699,2972,2762,361,3123,13
2022-03-30,Riverside,065,2383286,591218,590437,27721,618158,6411
2022-03-30,Sacramento,067,1510023,280891,276081,26721,302802,2949
2022-03-30,San Benito,069,59416,12962,12898,515,13413,98
2022-03-30,San Bernardino,071,2135413,574015,561153,24900,586053,6863
2022-03-30,San Diego,073,3302833,750750,751684,52502,804186,5169
2022-03-30,San Francisco,075,870044,125071,124930,8216,133146,841
2022-03-30,San Joaquin,077,732212,166673,166299,9894,176193,2201
2022-03-30,San Luis Obispo,079,281455,52475,52484,3738,56222,475
2022-03-30,San Mateo,081,765935,121970,120548,6927,127475,693
2022-03-30,Santa Barbara,083,443738,85752,85488,4692,90180,677
2022-03-30,Santa Clara,085,1922200,315439,312253,12337,324590,2258
2022-03-30,Santa Cruz,087,273765,47820,47340,2085,49425,259
2022-03-30,Shasta,089,179085,30561,30555,6086,36641,530
2022-03-30,Sierra,091,2930,271,273,47,320,4
2022-03-30,Siskiyou,093,43540,4430,4439,2717,7156,80
2022-03-30,Solano,095,438530,81604,81816,5557,87373,443
2022-03-30,Sonoma,097,501317,83543,83163,2611,85774,485
2022-03-30,Stanislaus,099,539301,117549,117593,17808,135401,1559
2022-03-30,Sutter,101,95872,20471,20565,2071,22636,222
2022-03-30,Tehama,103,63373,12043,12045,2565,14610,198
2022-03-30,Trinity,105,12862,1183,1173,287,1460,20
2022-03-30,Tulare,107,460477,106351,104667,27520,132187,1410
2022-03-30,Tuolumne,109,53932,12680,12616,559,13175,180
2022-03-30,Ventura,111,848112,173161,172984,9381,182365,1460
2022-03-30,Yolo,113,214977,37076,36325,2905,39230,313
2022-03-30,Yuba,115,75493,15827,15830,1196,17026,120
2022-03-29,Alameda,001,1643700,256397,255261,13789,269050,1810
2022-03-29,Alpine,002,1148,124,124,1,125,0
2022-03-29,Amador,005,37829,8526,8483,640,9123,86
2022-03-29,Butte,007,227075,33200,32954,7019,39973,396
2022-03-29,Calaveras,009,45235,7257,7250,347,7597,119
2022-03-29,Colusa,011,21464,3448,3445,1046,4491,21
2022-03-29,Contra Costa,013,1133247,192169,188359,13393,201752,1290
2022-03-29,Del Norte,015,27424,5806,5806,183,5989,50
2022-03-29,El Dorado,017,186661,26701,26706,3190,29896,200
2022-03-29,Fresno,019,978130,234997,230256,24347,254603,2718
2022-03-29,Glenn,021,27897,4999,4983,1601,6584,47
2022-03-29,Humboldt,023,135768,16867,16892,2941,19833,140
2022-03-29,Imperial,025,180216,55371,55233,10519,65752,908
2022-03-29,Inyo,027,18085,4068,4062,471,4533,56
2022-03-29,Kern,029,883053,191759,191338,45758,237096,2220
2022-03-29,Kings,031,150075,51475,51416,3516,54932,443
2022-03-29,Lake,033,64148,10694,10674,882,11556,136
2022-03-29,Lassen,035,31185,8958,8943,874,9817,65
2022-03-29,Los Angeles,037,10098052,2711057,2702005,122528,2824533,31378
2022-03-29,Madera,039,155013,37258,37325,6016,43341,354
2022-03-29,Marin,041,260295,33538,33431,2224,35655,287
2022-03-29,Mariposa,043,17540,2395,2388,200,2588,23
2022-03-29,Mendocino,045,87422,13060,13053,3011,16064,119
2022-03-29,Merced,047,269075,62693,62123,8751,70874,806
2022-03-29,Modoc,049,8938,736,737,250,987,8
2022-03-29,Mono,051,14174,2968,2966,122,3088,5
2022-03-29,Monterey,053,433212,79375,78774,13624,92398,725
2022-03-29,Napa,055,140530,25748,25732,936,26668,141
2022-03-29,Nevada,057,99092,15946,15956,1192,17148,123
2022-03-29,Orange,059,3164182,546654,545832,41587,587419,6871
2022-03-29,Placer,061,380077,62777,62687,7318,70005,614
2022-03-29,Plumas,063,18699,2970,2761,361,3122,13
2022-03-29,Riverside,065,2383286,591116,590359,27713,618072,6403
2022-03-29,Sacramento,067,1510023,280825,276040,26709,302749,2946
2022-03-29,San Benito,069,59416,12960,12892,515,13407,97
2022-03-29,San Bernardino,071,2135413,573919,561026,24892,585918,6860
2022-03-29,San Diego,073,3302833,750508,751240,52479,803719,5159
2022-03-29,San Francisco,075,870044,124920,124789,8210,132999,840
2022-03-29,San Joaquin,077,732212,166637,166241,9886,176127,2198
2022-03-29,San Luis Obispo,079,281455,52459,52455,3734,56189,472
2022-03-29,San Mateo,081,765935,121875,120435,6925,127360,686
2022-03-29,Santa Barbara,083,443738,85728,85464,4692,90156,676
2022-03-29,Santa Clara,085,1922200,315200,312067,12320,324387,2259
2022-03-29,Santa Cruz,087,273765,47800,47323,2084,49407,259
2022-03-29,Shasta,089,179085,30554,30552,6084,36636,529
2022-03-29,Sierra,091,2930,271,273,47,320,4
2022-03-29,Siskiyou,093,43540,4430,4439,2716,7155,80
2022-03-29,Solano,095,438530,81580,81713,5554,87267,441
2022-03-29,Sonoma,097,501317,83510,83130,2605,85735,485
2022-03-29,Stanislaus,099,539301,117530,117683,17802,135485,1559
2022-03-29,Sutter,101,95872,20469,20556,2070,22626,221
2022-03-29,Tehama,103,63373,12041,12045,2565,14610,198
2022-03-29,Trinity,105,12862,1183,1173,287,1460,20
2022-03-29,Tulare,107,460477,106347,104622,27515,132137,1406
2022-03-29,Tuolumne,109,53932,12677,12615,559,13174,180
2022-03-29,Ventura,111,848112,173105,172946,9380,182326,1460
2022-03-29,Yolo,113,214977,37063,36296,2904,39200,313
2022-03-29,Yuba,115,75493,15823,15824,1195,17019,117
2022-03-28,Alameda,001,1643700,256244,255192,13780,268972,1808
2022-03-28,Alpine,002,1148,124,124,1,125,0
2022-03-28,Amador,005,37829,8525,8480,640,9120,86
2022-03-28,Butte,007,227075,33183,32947,7019,39966,392
2022-03-28,Calaveras,009,45235,7257,7247,347,7594,119
2022-03-28,Colusa,011,21464,3448,3445,1046,4491,21
2022-03-28,Contra Costa,013,1133247,192089,188305,13388,201693,1290
2022-03-28,Del Norte,015,27424,5804,5834,183,6017,50
2022-03-28,El Dorado,017,186661,26694,26703,3188,29891,200
2022-03-28,Fresno,019,978130,234969,230144,24330,254474,2717
2022-03-28,Glenn,021,27897,4998,4983,1601,6584,47
2022-03-28,Humboldt,023,135768,16866,16916,2941,19857,140
2022-03-28,Imperial,025,180216,55360,55245,10519,65764,909
2022-03-28,Inyo,027,18085,4067,4062,471,4533,56
2022-03-28,Kern,029,883053,191733,191333,45749,237082,2212
2022-03-28,Kings,031,150075,51462,51405,3516,54921,443
2022-03-28,Lake,033,64148,10692,10673,882,11555,136
2022-03-28,Lassen,035,31185,8958,8946,874,9820,63
2022-03-28,Los Angeles,037,10098052,2710188,2700997,122489,2823486,31349
2022-03-28,Madera,039,155013,37254,37324,6016,43340,354
2022-03-28,Marin,041,260295,33513,33391,2219,35610,287
2022-03-28,Mariposa,043,17540,2394,2388,200,2588,23
2022-03-28,Mendocino,045,87422,13058,13046,3010,16056,118
2022-03-28,Merced,047,269075,62683,62116,8744,70860,805
2022-03-28,Modoc,049,8938,735,736,250,986,7
2022-03-28,Mono,051,14174,2968,2966,122,3088,5
2022-03-28,Monterey,053,433212,79342,78784,13620,92404,724
2022-03-28,Napa,055,140530,25742,25723,935,26658,140
2022-03-28,Nevada,057,99092,15944,15969,1192,17161,123
2022-03-28,Orange,059,3164182,546524,545700,41561,587261,6860
2022-03-28,Placer,061,380077,62757,62687,7317,70004,613
2022-03-28,Plumas,063,18699,2969,2760,361,3121,13
2022-03-28,Riverside,065,2383286,591016,590298,27705,618003,6397
2022-03-28,Sacramento,067,1510023,280756,275889,26697,302586,2946
2022-03-28,San Benito,069,59416,12960,12889,515,13404,97
2022-03-28,San Bernardino,071,2135413,573837,560836,24881,585717,6858
2022-03-28,San Diego,073,3302833,750271,750659,52445,803104,5155
2022-03-28,San Francisco,075,870044,124779,124678,8200,132878,839
2022-03-28,San Joaquin,077,732212,166606,166247,9884,176131,2196
2022-03-28,San Luis Obispo,079,281455,52434,52434,3731,56165,470
2022-03-28,San Mateo,081,765935,121759,120337,6920,127257,686
2022-03-28,Santa Barbara,083,443738,85701,85442,4690,90132,675
2022-03-28,Santa Clara,085,1922200,314971,311953,12311,324264,2257
2022-03-28,Santa Cruz,087,273765,47767,47324,2084,49408,259
2022-03-28,Shasta,089,179085,30553,30550,6083,36633,527
2022-03-28,Sierra,091,2930,271,273,47,320,4
2022-03-28,Siskiyou,093,43540,4429,4438,2716,7154,80
2022-03-28,Solano,095,438530,81552,81704,5549,87253,441
2022-03-28,Sonoma,097,501317,83464,83105,2600,85705,485
2022-03-28,Stanislaus,099,539301,117518,117783,17797,135580,1562
2022-03-28,Sutter,101,95872,20463,20549,2070,22619,221
2022-03-28,Tehama,103,63373,12041,12041,2565,14606,200
2022-03-28,Trinity,105,12862,1183,1173,287,1460,20
2022-03-28,Tulare,107,460477,106335,104576,27509,132085,1404
2022-03-28,Tuolumne,109,53932,12677,12627,559,13186,180
2022-03-28,Ventura,111,848112,173067,172867,9379,182246,1455
2022-03-28,Yolo,113,214977,37045,36282,2902,39184,312
2022-03-28,Yuba,115,75493,15822,15821,1193,17014,117
2022-03-27,Alameda,001,1643700,256057,255132,13771,268903,1809
2022-03-27,Alpine,002,1148,124,124,1,125,0
2022-03-27,Amador,005,37829,8522,8480,640,9120,86
2022-03-27,Butte,007,227075,33170,32943,7013,39956,392
2022-03-27,Calaveras,009,45235,7255,7245,347,7592,119
2022-03-27,Colusa,011,21464,3448,3445,1046,4491,21
2022-03-27,Contra Costa,013,1133247,191975,188251,13371,201622,1290
2022-03-27,Del Norte,015,27424,5803,5836,183,6019,50
2022-03-27,El Dorado,017,186661,26680,26699,3185,29884,200
2022-03-27,Fresno,019,978130,234922,230049,24312,254361,2717
2022-03-27,Glenn,021,27897,4996,4983,1601,6584,47
2022-03-27,Humboldt,023,135768,16862,16920,2941,19861,140
2022-03-27,Imperial,025,180216,55347,55240,10518,65758,909
2022-03-27,Inyo,027,18085,4066,4062,469,4531,56
2022-03-27,Kern,029,883053,191695,191332,45743,237075,2213
2022-03-27,Kings,031,150075,51453,51400,3516,54916,443
2022-03-27,Lake,033,64148,10691,10672,881,11553,136
2022-03-27,Lassen,035,31185,8958,8946,874,9820,63
2022-03-27,Los Angeles,037,10098052,2709371,2700983,122442,2823425,31348
2022-03-27,Madera,039,155013,37250,37323,6014,43337,354
2022-03-27,Marin,041,260295,33476,33391,2209,35600,287
2022-03-27,Mariposa,043,17540,2394,2390,200,2590,23
2022-03-27,Mendocino,045,87422,13054,13046,3008,16054,118
2022-03-27,Merced,047,269075,62673,62110,8743,70853,805
2022-03-27,Modoc,049,8938,734,736,248,984,7
2022-03-27,Mono,051,14174,2968,2966,122,3088,5
2022-03-27,Monterey,053,433212,79321,78778,13608,92386,724
2022-03-27,Napa,055,140530,25726,25723,935,26658,140
2022-03-27,Nevada,057,99092,15940,15967,1190,17157,123
2022-03-27,Orange,059,3164182,546390,545644,41526,587170,6860
2022-03-27,Placer,061,380077,62741,62680,7316,69996,613
2022-03-27,Plumas,063,18699,2968,2760,359,3119,13
2022-03-27,Riverside,065,2383286,590930,590251,27694,617945,6395
2022-03-27,Sacramento,067,1510023,280675,275854,26690,302544,2941
2022-03-27,San Benito,069,59416,12955,12889,514,13403,97
2022-03-27,San Bernardino,071,2135413,573720,560853,24879,585732,6862
2022-03-27,San Diego,073,3302833,750015,750659,52421,803080,5155
2022-03-27,San Francisco,075,870044,124594,124619,8189,132808,839
2022-03-27,San Joaquin,077,732212,166571,166238,9880,176118,2196
2022-03-27,San Luis Obispo,079,281455,52413,52430,3729,56159,470
2022-03-27,San Mateo,081,765935,121654,120324,6915,127239,686
2022-03-27,Santa Barbara,083,443738,85665,85434,4688,90122,675
2022-03-27,Santa Clara,085,1922200,314760,311822,12304,324126,2257
2022-03-27,Santa Cruz,087,273765,47734,47321,2082,49403,259
2022-03-27,Shasta,089,179085,30548,30550,6081,36631,527
2022-03-27,Sierra,091,2930,271,273,47,320,4
2022-03-27,Siskiyou,093,43540,4429,4436,2715,7151,80
2022-03-27,Solano,095,438530,81510,81691,5546,87237,441
2022-03-27,Sonoma,097,501317,83411,83088,2596,85684,485
2022-03-27,Stanislaus,099,539301,117498,117778,17794,135572,1562
2022-03-27,Sutter,101,95872,20457,20545,2070,22615,221
2022-03-27,Tehama,103,63373,12041,12040,2565,14605,200
2022-03-27,Trinity,105,12862,1183,1173,287,1460,20
2022-03-27,Tulare,107,460477,106326,104582,27500,132082,1404
2022-03-27,Tuolumne,109,53932,12676,12628,559,13187,180
2022-03-27,Ventura,111,848112,173022,172831,9377,182208,1455
2022-03-27,Yolo,113,214977,37024,36232,2899,39131,312
2022-03-27,Yuba,115,75493,15819,15821,1186,17007,117
2022-03-26,Alameda,001,1643700,255977,254691,13770,268461,1803
2022-03-26,Alpine,002,1148,124,124,1,125,0
2022-03-26,Amador,005,37829,8522,8476,640,9116,86
2022-03-26,Butte,007,227075,33166,32929,7011,39940,391
2022-03-26,Calaveras,009,45235,7253,7240,347,7587,120
2022-03-26,Colusa,011,21464,3446,3445,1046,4491,21
2022-03-26,Contra Costa,013,1133247,191922,187990,13368,201358,1285
2022-03-26,Del Norte,015,27424,5801,5831,183,6014,50
2022-03-26,El Dorado,017,186661,26672,26674,3183,29857,200
2022-03-26,Fresno,019,978130,234899,229799,24311,254110,2710
2022-03-26,Glenn,021,27897,4995,4978,1601,6579,47
2022-03-26,Humboldt,023,135768,16858,16911,2941,19852,139
2022-03-26,Imperial,025,180216,55341,55230,10517,65747,913
2022-03-26,Inyo,027,18085,4066,4060,468,4528,56
2022-03-26,Kern,029,883053,191682,191288,45739,237027,2201
2022-03-26,Kings,031,150075,51452,51397,3516,54913,444
2022-03-26,Lake,033,64148,10691,10659,881,11540,136
2022-03-26,Lassen,035,31185,8958,8944,874,9818,63
2022-03-26,Los Angeles,037,10098052,2708915,2698028,122401,2820429,31291
2022-03-26,Madera,039,155013,37247,37321,6012,43333,354
2022-03-26,Marin,041,260295,33465,33317,2205,35522,287
2022-03-26,Mariposa,043,17540,2394,2386,200,2586,23
2022-03-26,Mendocino,045,87422,13050,13038,3008,16046,118
2022-03-26,Merced,047,269075,62666,62083,8742,70825,805
2022-03-26,Modoc,049,8938,734,736,248,984,7
2022-03-26,Mono,051,14174,2968,2966,122,3088,5
2022-03-26,Monterey,053,433212,79314,78688,13606,92294,724
2022-03-26,Napa,055,140530,25722,25701,935,26636,139
2022-03-26,Nevada,057,99092,15936,15960,1190,17150,123
2022-03-26,Orange,059,3164182,546315,545294,41515,586809,6853
2022-03-26,Placer,061,380077,62728,62634,7312,69946,613
2022-03-26,Plumas,063,18699,2968,2758,358,3116,13
2022-03-26,Riverside,065,2383286,590861,590060,27693,617753,6397
2022-03-26,Sacramento,067,1510023,280641,275529,26688,302217,2935
2022-03-26,San Benito,069,59416,12955,12885,514,13399,97
2022-03-26,San Bernardino,071,2135413,573660,560742,24875,585617,6840
2022-03-26,San Diego,073,3302833,749890,750170,52414,802584,5146
2022-03-26,San Francisco,075,870044,124487,124265,8183,132448,839
2022-03-26,San Joaquin,077,732212,166549,166079,9879,175958,2195
2022-03-26,San Luis Obispo,079,281455,52407,52369,3729,56098,469
2022-03-26,San Mateo,081,765935,121595,120165,6907,127072,684
2022-03-26,Santa Barbara,083,443738,85645,85477,4686,90163,674
2022-03-26,Santa Clara,085,1922200,314602,311189,12297,323486,2250
2022-03-26,Santa Cruz,087,273765,47723,47329,2082,49411,259
2022-03-26,Shasta,089,179085,30547,30542,6080,36622,527
2022-03-26,Sierra,091,2930,271,273,47,320,4
2022-03-26,Siskiyou,093,43540,4428,4433,2715,7148,80
2022-03-26,Solano,095,438530,81501,81659,5546,87205,441
2022-03-26,Sonoma,097,501317,83381,83113,2591,85704,485
2022-03-26,Stanislaus,099,539301,117491,117962,17793,135755,1565
2022-03-26,Sutter,101,95872,20455,20536,2070,22606,221
2022-03-26,Tehama,103,63373,12041,12036,2564,14600,195
2022-03-26,Trinity,105,12862,1183,1174,287,1461,20
2022-03-26,Tulare,107,460477,106318,104538,27499,132037,1400
2022-03-26,Tuolumne,109,53932,12674,12628,559,13187,180
2022-03-26,Ventura,111,848112,172980,172690,9373,182063,1455
2022-03-26,Yolo,113,214977,37015,36234,2899,39133,311
2022-03-26,Yuba,115,75493,15818,15807,1186,16993,117
2022-03-25,Alameda,001,1643700,255914,254691,13767,268458,1803
2022-03-25,Alpine,002,1148,124,124,1,125,0
2022-03-25,Amador,005,37829,8521,8476,640,9116,86
2022-03-25,Butte,007,227075,33161,32929,7011,39940,391
2022-03-25,Calaveras,009,45235,7252,7240,347,7587,120
2022-03-25,Colusa,011,21464,3446,3445,1046,4491,21
2022-03-25,Contra Costa,013,1133247,191873,187990,13365,201355,1285
2022-03-25,Del Norte,015,27424,5801,5831,183,6014,50
2022-03-25,El Dorado,017,186661,26668,26674,3183,29857,200
2022-03-25,Fresno,019,978130,234870,229799,24303,254102,2710
2022-03-25,Glenn,021,27897,4995,4978,1601,6579,47
2022-03-25,Humboldt,023,135768,16858,16911,2941,19852,139
2022-03-25,Imperial,025,180216,55336,55230,10516,65746,913
2022-03-25,Inyo,027,18085,4065,4060,468,4528,56
2022-03-25,Kern,029,883053,191672,191288,45738,237026,2201
2022-03-25,Kings,031,150075,51451,51397,3516,54913,444
2022-03-25,Lake,033,64148,10691,10659,881,11540,136
2022-03-25,Lassen,035,31185,8957,8944,874,9818,63
2022-03-25,Los Angeles,037,10098052,2708491,2698028,122369,2820397,31291
2022-03-25,Madera,039,155013,37246,37321,6011,43332,354
2022-03-25,Marin,041,260295,33450,33317,2196,35513,287
2022-03-25,Mariposa,043,17540,2394,2386,200,2586,23
2022-03-25,Mendocino,045,87422,13050,13038,3008,16046,118
2022-03-25,Merced,047,269075,62660,62083,8741,70824,805
2022-03-25,Modoc,049,8938,734,736,248,984,7
2022-03-25,Mono,051,14174,2967,2966,122,3088,5
2022-03-25,Monterey,053,433212,79303,78688,13603,92291,724
2022-03-25,Napa,055,140530,25715,25701,935,26636,139
2022-03-25,Nevada,057,99092,15935,15960,1190,17150,123
2022-03-25,Orange,059,3164182,546241,545294,41498,586792,6853
2022-03-25,Placer,061,380077,62721,62634,7309,69943,613
2022-03-25,Plumas,063,18699,2967,2758,358,3116,13
2022-03-25,Riverside,065,2383286,590801,590060,27682,617742,6397
2022-03-25,Sacramento,067,1510023,280599,275529,26687,302216,2935
2022-03-25,San Benito,069,59416,12955,12885,514,13399,97
2022-03-25,San Bernardino,071,2135413,573620,560742,24872,585614,6840
2022-03-25,San Diego,073,3302833,749767,750170,52403,802573,5146
2022-03-25,San Francisco,075,870044,124406,124265,8170,132435,839
2022-03-25,San Joaquin,077,732212,166535,166079,9877,175956,2195
2022-03-25,San Luis Obispo,079,281455,52404,52369,3728,56097,469
2022-03-25,San Mateo,081,765935,121543,120165,6907,127072,684
2022-03-25,Santa Barbara,083,443738,85630,85477,4684,90161,674
2022-03-25,Santa Clara,085,1922200,314451,311189,12292,323481,2250
2022-03-25,Santa Cruz,087,273765,47715,47329,2082,49411,259
2022-03-25,Shasta,089,179085,30543,30542,6079,36621,527
2022-03-25,Sierra,091,2930,271,273,47,320,4
2022-03-25,Siskiyou,093,43540,4426,4433,2713,7146,80
2022-03-25,Solano,095,438530,81487,81659,5544,87203,441
2022-03-25,Sonoma,097,501317,83344,83113,2591,85704,485
2022-03-25,Stanislaus,099,539301,117477,117962,17792,135754,1565
2022-03-25,Sutter,101,95872,20450,20536,2070,22606,221
2022-03-25,Tehama,103,63373,12039,12036,2564,14600,195
2022-03-25,Trinity,105,12862,1183,1174,287,1461,20
2022-03-25,Tulare,107,460477,106314,104538,27499,132037,1400
2022-03-25,Tuolumne,109,53932,12673,12628,559,13187,180
2022-03-25,Ventura,111,848112,172942,172690,9373,182063,1455
2022-03-25,Yolo,113,214977,37003,36234,2898,39132,311
2022-03-25,Yuba,115,75493,15813,15807,1185,16992,117
2022-03-24,Alameda,001,1643700,255801,254691,13751,268442,1803
2022-03-24,Alpine,002,1148,124,124,1,125,0
2022-03-24,Amador,005,37829,8521,8476,640,9116,86
2022-03-24,Butte,007,227075,33155,32929,7011,39940,391
2022-03-24,Calaveras,009,45235,7250,7240,347,7587,120
2022-03-24,Colusa,011,21464,3446,3445,1046,4491,21
2022-03-24,Contra Costa,013,1133247,191794,187990,13362,201352,1285
2022-03-24,Del Norte,015,27424,5797,5831,183,6014,50
2022-03-24,El Dorado,017,186661,26658,26674,3183,29857,200
2022-03-24,Fresno,019,978130,234828,229799,24293,254092,2710
2022-03-24,Glenn,021,27897,4994,4978,1601,6579,47
2022-03-24,Humboldt,023,135768,16853,16911,2939,19850,139
2022-03-24,Imperial,025,180216,55329,55230,10516,65746,913
2022-03-24,Inyo,027,18085,4064,4060,468,4528,56
2022-03-24,Kern,029,883053,191662,191288,45736,237024,2201
2022-03-24,Kings,031,150075,51442,51397,3514,54911,444
2022-03-24,Lake,033,64148,10690,10659,881,11540,136
2022-03-24,Lassen,035,31185,8956,8944,874,9818,63
2022-03-24,Los Angeles,037,10098052,2707918,2698028,122325,2820353,31291
2022-03-24,Madera,039,155013,37244,37321,6009,43330,354
2022-03-24,Marin,041,260295,33428,33317,2187,35504,287
2022-03-24,Mariposa,043,17540,2394,2386,200,2586,23
2022-03-24,Mendocino,045,87422,13044,13038,3005,16043,118
2022-03-24,Merced,047,269075,62653,62083,8740,70823,805
2022-03-24,Modoc,049,8938,734,736,248,984,7
2022-03-24,Mono,051,14174,2967,2966,122,3088,5
2022-03-24,Monterey,053,433212,79277,78688,13589,92277,724
2022-03-24,Napa,055,140530,25706,25701,935,26636,139
2022-03-24,Nevada,057,99092,15931,15960,1189,17149,123
2022-03-24,Orange,059,3164182,546139,545294,41483,586777,6853
2022-03-24,Placer,061,380077,62701,62634,7308,69942,613
2022-03-24,Plumas,063,18699,2967,2758,358,3116,13
2022-03-24,Riverside,065,2383286,590724,590060,27674,617734,6397
2022-03-24,Sacramento,067,1510023,280529,275529,26683,302212,2935
2022-03-24,San Benito,069,59416,12954,12885,513,13398,97
2022-03-24,San Bernardino,071,2135413,573535,560742,24868,585610,6840
2022-03-24,San Diego,073,3302833,749560,750170,52390,802560,5146
2022-03-24,San Francisco,075,870044,124324,124265,8164,132429,839
2022-03-24,San Joaquin,077,732212,166508,166079,9877,175956,2195
2022-03-24,San Luis Obispo,079,281455,52388,52369,3727,56096,469
2022-03-24,San Mateo,081,765935,121494,120165,6904,127069,684
2022-03-24,Santa Barbara,083,443738,85615,85477,4681,90158,674
2022-03-24,Santa Clara,085,1922200,314303,311189,12276,323465,2250
2022-03-24,Santa Cruz,087,273765,47697,47329,2081,49410,259
2022-03-24,Shasta,089,179085,30535,30542,6079,36621,527
2022-03-24,Sierra,091,2930,271,273,47,320,4
2022-03-24,Siskiyou,093,43540,4424,4433,2713,7146,80
2022-03-24,Solano,095,438530,81468,81659,5543,87202,441
2022-03-24,Sonoma,097,501317,83309,83113,2589,85702,485
2022-03-24,Stanislaus,099,539301,117468,117962,17789,135751,1565
2022-03-24,Sutter,101,95872,20445,20536,2070,22606,221
2022-03-24,Tehama,103,63373,12037,12036,2563,14599,195
2022-03-24,Trinity,105,12862,1183,1174,287,1461,20
2022-03-24,Tulare,107,460477,106303,104538,27494,132032,1400
2022-03-24,Tuolumne,109,53932,12671,12628,559,13187,180
2022-03-24,Ventura,111,848112,172899,172690,9370,182060,1455
2022-03-24,Yolo,113,214977,36997,36234,2894,39128,311
2022-03-24,Yuba,115,75493,15809,15807,1183,16990,117
2022-03-23,Alameda,001,1643700,255668,254559,13740,268299,1802
2022-03-23,Alpine,002,1148,124,124,1,125,0
2022-03-23,Amador,005,37829,8521,8475,640,9115,86
2022-03-23,Butte,007,227075,33140,32920,7010,39930,387
2022-03-23,Calaveras,009,45235,7245,7237,347,7584,120
2022-03-23,Colusa,011,21464,3445,3444,1046,4490,21
2022-03-23,Contra Costa,013,1133247,191696,187898,13351,201249,1279
2022-03-23,Del Norte,015,27424,5795,5830,183,6013,50
2022-03-23,El Dorado,017,186661,26652,26670,3183,29853,200
2022-03-23,Fresno,019,978130,234792,229656,24280,253936,2710
2022-03-23,Glenn,021,27897,4994,4975,1601,6576,47
2022-03-23,Humboldt,023,135768,16852,16908,2938,19846,139
2022-03-23,Imperial,025,180216,55323,55211,10515,65726,909
2022-03-23,Inyo,027,18085,4064,4060,468,4528,56
2022-03-23,Kern,029,883053,191645,191241,45731,236972,2196
2022-03-23,Kings,031,150075,51430,51384,3514,54898,442
2022-03-23,Lake,033,64148,10686,10658,880,11538,135
2022-03-23,Lassen,035,31185,8955,8944,873,9817,63
2022-03-23,Los Angeles,037,10098052,2707239,2697227,122296,2819523,31267
2022-03-23,Madera,039,155013,37239,37317,6007,43324,354
2022-03-23,Marin,041,260295,33402,33274,2182,35456,287
2022-03-23,Mariposa,043,17540,2392,2382,199,2581,11
2022-03-23,Mendocino,045,87422,13040,13033,3004,16037,118
2022-03-23,Merced,047,269075,62642,62056,8737,70793,805
2022-03-23,Modoc,049,8938,734,736,248,984,7
2022-03-23,Mono,051,14174,2967,2966,122,3088,5
2022-03-23,Monterey,053,433212,79260,78655,13565,92220,724
2022-03-23,Napa,055,140530,25692,25691,933,26624,139
2022-03-23,Nevada,057,99092,15929,15958,1189,17147,123
2022-03-23,Orange,059,3164182,546007,545158,41470,586628,6852
2022-03-23,Placer,061,380077,62683,62622,7306,69928,613
2022-03-23,Plumas,063,18699,2967,2747,358,3105,13
2022-03-23,Riverside,065,2383286,590650,589947,27669,617616,6388
2022-03-23,Sacramento,067,1510023,280466,275398,26675,302073,2934
2022-03-23,San Benito,069,59416,12953,12884,513,13397,97
2022-03-23,San Bernardino,071,2135413,573462,560550,24864,585414,6828
2022-03-23,San Diego,073,3302833,749367,749871,52367,802238,5143
2022-03-23,San Francisco,075,870044,124210,124110,8157,132267,838
2022-03-23,San Joaquin,077,732212,166471,166041,9869,175910,2187
2022-03-23,San Luis Obispo,079,281455,52371,52344,3722,56066,469
2022-03-23,San Mateo,081,765935,121409,120080,6894,126974,685
2022-03-23,Santa Barbara,083,443738,85598,85464,4680,90144,673
2022-03-23,Santa Clara,085,1922200,314136,310956,12264,323220,2250
2022-03-23,Santa Cruz,087,273765,47678,47314,2077,49391,259
2022-03-23,Shasta,089,179085,30531,30524,6078,36602,526
2022-03-23,Sierra,091,2930,271,273,47,320,4
2022-03-23,Siskiyou,093,43540,4424,4433,2713,7146,80
2022-03-23,Solano,095,438530,81434,81615,5542,87157,441
2022-03-23,Sonoma,097,501317,83276,83074,2586,85660,482
2022-03-23,Stanislaus,099,539301,117451,118041,17786,135827,1568
2022-03-23,Sutter,101,95872,20442,20532,2070,22602,218
2022-03-23,Tehama,103,63373,12034,12035,2563,14598,195
2022-03-23,Trinity,105,12862,1183,1174,287,1461,20
2022-03-23,Tulare,107,460477,106286,104489,27489,131978,1394
2022-03-23,Tuolumne,109,53932,12670,12629,559,13188,180
2022-03-23,Ventura,111,848112,172851,172647,9368,182015,1455
2022-03-23,Yolo,113,214977,36978,36197,2892,39089,308
2022-03-23,Yuba,115,75493,15802,15801,1182,16983,117
2022-03-22,Alameda,001,1643700,255545,254467,13658,268125,1802
2022-03-22,Alpine,002,1148,124,122,1,123,0
2022-03-22,Amador,005,37829,8520,8462,639,9101,86
2022-03-22,Butte,007,227075,33130,32907,7006,39913,387
2022-03-22,Calaveras,009,45235,7243,7237,347,7584,120
2022-03-22,Colusa,011,21464,3444,3445,1046,4491,21
2022-03-22,Contra Costa,013,1133247,191619,187813,13329,201142,1279
2022-03-22,Del Norte,015,27424,5789,5824,183,6007,50
2022-03-22,El Dorado,017,186661,26645,26661,3183,29844,200
2022-03-22,Fresno,019,978130,234743,229551,24271,253822,2708
2022-03-22,Glenn,021,27897,4992,4971,1601,6572,47
2022-03-22,Humboldt,023,135768,16849,16911,2938,19849,139
2022-03-22,Imperial,025,180216,55311,55170,10513,65683,908
2022-03-22,Inyo,027,18085,4064,4060,468,4528,56
2022-03-22,Kern,029,883053,191622,191213,45723,236936,2195
2022-03-22,Kings,031,150075,51419,51369,3513,54882,442
2022-03-22,Lake,033,64148,10684,10657,879,11536,135
2022-03-22,Lassen,035,31185,8955,8940,873,9813,63
2022-03-22,Los Angeles,037,10098052,2706572,2696746,122250,2818996,31250
2022-03-22,Madera,039,155013,37236,37304,6004,43308,354
2022-03-22,Marin,041,260295,33377,33253,2178,35431,287
2022-03-22,Mariposa,043,17540,2390,2382,199,2581,6
2022-03-22,Mendocino,045,87422,13035,13030,3002,16032,118
2022-03-22,Merced,047,269075,62631,62056,8733,70789,805
2022-03-22,Modoc,049,8938,734,735,248,983,7
2022-03-22,Mono,051,14174,2967,2963,122,3085,5
2022-03-22,Monterey,053,433212,79243,78614,13555,92169,724
2022-03-22,Napa,055,140530,25682,25688,932,26620,139
2022-03-22,Nevada,057,99092,15921,15950,1189,17139,123
2022-03-22,Orange,059,3164182,545866,545075,41453,586528,6843
2022-03-22,Placer,061,380077,62670,62604,7304,69908,610
2022-03-22,Plumas,063,18699,2966,2744,358,3102,13
2022-03-22,Riverside,065,2383286,590575,589816,27666,617482,6383
2022-03-22,Sacramento,067,1510023,280390,275374,26664,302038,2927
2022-03-22,San Benito,069,59416,12952,12884,512,13396,97
2022-03-22,San Bernardino,071,2135413,573380,560371,24844,585215,6811
2022-03-22,San Diego,073,3302833,749169,749647,52347,801994,5141
2022-03-22,San Francisco,075,870044,124103,123998,8151,132149,838
2022-03-22,San Joaquin,077,732212,166443,165992,9866,175858,2187
2022-03-22,San Luis Obispo,079,281455,52363,52257,3722,55979,465
2022-03-22,San Mateo,081,765935,121336,119975,6890,126865,686
2022-03-22,Santa Barbara,083,443738,85581,85457,4679,90136,672
2022-03-22,Santa Clara,085,1922200,313957,310787,12253,323040,2249
2022-03-22,Santa Cruz,087,273765,47658,47287,2076,49363,259
2022-03-22,Shasta,089,179085,30525,30528,6078,36606,525
2022-03-22,Sierra,091,2930,271,273,47,320,4
2022-03-22,Siskiyou,093,43540,4424,4429,2712,7141,80
2022-03-22,Solano,095,438530,81411,81587,5539,87126,440
2022-03-22,Sonoma,097,501317,83247,83042,2583,85625,482
2022-03-22,Stanislaus,099,539301,117434,118025,17782,135807,1568
2022-03-22,Sutter,101,95872,20441,20525,2067,22592,218
2022-03-22,Tehama,103,63373,12032,12034,2563,14597,162
2022-03-22,Trinity,105,12862,1183,1174,287,1461,20
2022-03-22,Tulare,107,460477,106274,104431,27481,131912,1391
2022-03-22,Tuolumne,109,53932,12670,12628,559,13187,180
2022-03-22,Ventura,111,848112,172802,172590,9366,181956,1455
2022-03-22,Yolo,113,214977,36958,36184,2891,39075,308
2022-03-22,Yuba,115,75493,15799,15795,1181,16976,117
2022-03-21,Alameda,001,1643700,255318,254354,13651,268005,1799
2022-03-21,Alpine,002,1148,124,122,1,123,0
2022-03-21,Amador,005,37829,8517,8461,638,9099,85
2022-03-21,Butte,007,227075,33119,32895,7003,39898,385
2022-03-21,Calaveras,009,45235,7242,7237,347,7584,119
2022-03-21,Colusa,011,21464,3444,3445,1046,4491,21
2022-03-21,Contra Costa,013,1133247,191555,187509,13314,200823,1276
2022-03-21,Del Norte,015,27424,5788,5824,183,6007,50
2022-03-21,El Dorado,017,186661,26634,26610,3183,29793,199
2022-03-21,Fresno,019,978130,234694,229374,24262,253636,2707
2022-03-21,Glenn,021,27897,4990,4972,1596,6568,46
2022-03-21,Humboldt,023,135768,16839,16912,2925,19837,139
2022-03-21,Imperial,025,180216,55297,55133,10512,65645,908
2022-03-21,Inyo,027,18085,4063,4060,468,4528,56
2022-03-21,Kern,029,883053,191589,191184,45717,236901,2187
2022-03-21,Kings,031,150075,51405,51366,3511,54877,441
2022-03-21,Lake,033,64148,10682,10655,879,11534,135
2022-03-21,Lassen,035,31185,8954,8939,873,9812,63
2022-03-21,Los Angeles,037,10098052,2705714,2694711,122202,2816913,31218
2022-03-21,Madera,039,155013,37230,37288,6001,43289,354
2022-03-21,Marin,041,260295,33333,33242,2173,35415,287
2022-03-21,Mariposa,043,17540,2389,2383,198,2581,6
2022-03-21,Mendocino,045,87422,13027,13028,3000,16028,118
2022-03-21,Merced,047,269075,62619,62048,8728,70776,803
2022-03-21,Modoc,049,8938,732,734,248,982,7
2022-03-21,Mono,051,14174,2967,2962,122,3084,5
2022-03-21,Monterey,053,433212,79194,78572,13542,92114,724
2022-03-21,Napa,055,140530,25674,25684,930,26614,138
2022-03-21,Nevada,057,99092,15917,15963,1188,17151,123
2022-03-21,Orange,059,3164182,545715,544943,41436,586379,6841
2022-03-21,Placer,061,380077,62650,62550,7303,69853,610
2022-03-21,Plumas,063,18699,2966,2744,358,3102,13
2022-03-21,Riverside,065,2383286,590494,589707,27662,617369,6376
2022-03-21,Sacramento,067,1510023,280300,275334,26649,301983,2925
2022-03-21,San Benito,069,59416,12946,12872,512,13384,97
2022-03-21,San Bernardino,071,2135413,573292,560210,24831,585041,6807
2022-03-21,San Diego,073,3302833,748945,748833,52327,801160,5138
2022-03-21,San Francisco,075,870044,123935,123912,8142,132054,835
2022-03-21,San Joaquin,077,732212,166417,165939,9863,175802,2185
2022-03-21,San Luis Obispo,079,281455,52338,52219,3717,55936,463
2022-03-21,San Mateo,081,765935,121177,119899,6888,126787,684
2022-03-21,Santa Barbara,083,443738,85566,85416,4677,90093,672
2022-03-21,Santa Clara,085,1922200,313695,310509,12250,322759,2245
2022-03-21,Santa Cruz,087,273765,47622,47267,2075,49342,259
2022-03-21,Shasta,089,179085,30519,30523,6076,36599,525
2022-03-21,Sierra,091,2930,271,273,47,320,4
2022-03-21,Siskiyou,093,43540,4424,4426,2712,7138,80
2022-03-21,Solano,095,438530,81383,81399,5538,86937,441
2022-03-21,Sonoma,097,501317,83204,82979,2581,85560,482
2022-03-21,Stanislaus,099,539301,117399,118144,17780,135924,1571
2022-03-21,Sutter,101,95872,20438,20523,2055,22578,218
2022-03-21,Tehama,103,63373,12028,12030,2563,14593,160
2022-03-21,Trinity,105,12862,1183,1174,287,1461,20
2022-03-21,Tulare,107,460477,106254,104350,27476,131826,1389
2022-03-21,Tuolumne,109,53932,12670,12620,559,13179,180
2022-03-21,Ventura,111,848112,172732,172537,9362,181899,1452
2022-03-21,Yolo,113,214977,36942,36141,2889,39030,307
2022-03-21,Yuba,115,75493,15796,15790,1180,16970,117
2022-03-20,Alameda,001,1643700,255181,254293,13641,267934,1801
2022-03-20,Alpine,002,1148,122,122,1,123,0
2022-03-20,Amador,005,37829,8514,8460,638,9098,85
2022-03-20,Butte,007,227075,33104,32892,6999,39891,385
2022-03-20,Calaveras,009,45235,7242,7233,344,7577,119
2022-03-20,Colusa,011,21464,3444,3446,1046,4492,21
2022-03-20,Contra Costa,013,1133247,191452,187467,13304,200771,1276
2022-03-20,Del Norte,015,27424,5786,5821,183,6004,50
2022-03-20,El Dorado,017,186661,26625,26608,3183,29791,199
2022-03-20,Fresno,019,978130,234616,229297,24251,253548,2707
2022-03-20,Glenn,021,27897,4989,4972,1596,6568,46
2022-03-20,Humboldt,023,135768,16837,16913,2923,19836,139
2022-03-20,Imperial,025,180216,55286,55133,10512,65645,908
2022-03-20,Inyo,027,18085,4063,4060,468,4528,56
2022-03-20,Kern,029,883053,191547,191170,45712,236882,2187
2022-03-20,Kings,031,150075,51394,51360,3511,54871,441
2022-03-20,Lake,033,64148,10678,10652,879,11531,135
2022-03-20,Lassen,035,31185,8952,8938,873,9811,63
2022-03-20,Los Angeles,037,10098052,2704922,2694698,122159,2816857,31219
2022-03-20,Madera,039,155013,37225,37284,5998,43282,354
2022-03-20,Marin,041,260295,33317,33232,2172,35404,275
2022-03-20,Mariposa,043,17540,2389,2383,198,2581,6
2022-03-20,Mendocino,045,87422,13020,13027,2995,16022,118
2022-03-20,Merced,047,269075,62607,62041,8724,70765,803
2022-03-20,Modoc,049,8938,732,734,248,982,7
2022-03-20,Mono,051,14174,2965,2962,122,3084,5
2022-03-20,Monterey,053,433212,79161,78566,13531,92097,723
2022-03-20,Napa,055,140530,25662,25682,929,26611,138
2022-03-20,Nevada,057,99092,15913,15964,1188,17152,123
2022-03-20,Orange,059,3164182,545593,544862,41417,586279,6841
2022-03-20,Placer,061,380077,62628,62525,7303,69828,610
2022-03-20,Plumas,063,18699,2966,2744,358,3102,13
2022-03-20,Riverside,065,2383286,590398,589657,27658,617315,6376
2022-03-20,Sacramento,067,1510023,280218,275317,26637,301954,2927
2022-03-20,San Benito,069,59416,12946,12869,511,13380,97
2022-03-20,San Bernardino,071,2135413,573211,560220,24822,585042,6805
2022-03-20,San Diego,073,3302833,748709,748833,52293,801126,5138
2022-03-20,San Francisco,075,870044,123786,123858,8130,131988,835
2022-03-20,San Joaquin,077,732212,166386,165927,9858,175785,2185
2022-03-20,San Luis Obispo,079,281455,52314,52217,3714,55931,463
2022-03-20,San Mateo,081,765935,121117,119901,6882,126783,684
2022-03-20,Santa Barbara,083,443738,85541,85412,4676,90088,672
2022-03-20,Santa Clara,085,1922200,313487,310412,12242,322654,2243
2022-03-20,Santa Cruz,087,273765,47595,47265,2074,49339,259
2022-03-20,Shasta,089,179085,30510,30522,6075,36597,525
2022-03-20,Sierra,091,2930,271,273,47,320,4
2022-03-20,Siskiyou,093,43540,4423,4426,2712,7138,80
2022-03-20,Solano,095,438530,81353,81393,5536,86929,441
2022-03-20,Sonoma,097,501317,83159,82965,2580,85545,481
2022-03-20,Stanislaus,099,539301,117374,118146,17777,135923,1572
2022-03-20,Sutter,101,95872,20431,20519,2047,22566,218
2022-03-20,Tehama,103,63373,12026,12030,2563,14593,160
2022-03-20,Trinity,105,12862,1183,1174,287,1461,20
2022-03-20,Tulare,107,460477,106234,104353,27464,131817,1389
2022-03-20,Tuolumne,109,53932,12665,12617,559,13176,180
2022-03-20,Ventura,111,848112,172682,172514,9357,181871,1451
2022-03-20,Yolo,113,214977,36923,36135,2888,39023,307
2022-03-20,Yuba,115,75493,15787,15787,1178,16965,117
2022-03-19,Alameda,001,1643700,255105,253936,13639,267575,1797
2022-03-19,Alpine,002,1148,122,122,1,123,0
2022-03-19,Amador,005,37829,8511,8456,638,9094,85
2022-03-19,Butte,007,227075,33096,32856,6999,39855,385
2022-03-19,Calaveras,009,45235,7242,7229,344,7573,119
2022-03-19,Colusa,011,21464,3442,3445,1046,4491,21
2022-03-19,Contra Costa,013,1133247,191416,187225,13303,200528,1276
2022-03-19,Del Norte,015,27424,5783,5815,183,5998,48
2022-03-19,El Dorado,017,186661,26621,26618,3183,29801,199
2022-03-19,Fresno,019,978130,234593,228965,24250,253215,2694
2022-03-19,Glenn,021,27897,4989,4971,1596,6567,44
2022-03-19,Humboldt,023,135768,16831,16901,2923,19824,138
2022-03-19,Imperial,025,180216,55285,55038,10511,65549,898
2022-03-19,Inyo,027,18085,4063,4061,468,4529,56
2022-03-19,Kern,029,883053,191532,190943,45704,236647,2184
2022-03-19,Kings,031,150075,51389,51334,3511,54845,441
2022-03-19,Lake,033,64148,10678,10641,879,11520,135
2022-03-19,Lassen,035,31185,8952,8925,873,9798,63
2022-03-19,Los Angeles,037,10098052,2704545,2686759,122125,2808884,31133
2022-03-19,Madera,039,155013,37225,37273,5998,43271,354
2022-03-19,Marin,041,260295,33298,33163,2168,35331,272
2022-03-19,Mariposa,043,17540,2388,2378,198,2576,6
2022-03-19,Mendocino,045,87422,13020,13012,2995,16007,117
2022-03-19,Merced,047,269075,62602,61985,8722,70707,800
2022-03-19,Modoc,049,8938,732,734,248,982,7
2022-03-19,Mono,051,14174,2965,2961,122,3083,5
2022-03-19,Monterey,053,433212,79150,78483,13524,92007,720
2022-03-19,Napa,055,140530,25659,25654,929,26583,138
2022-03-19,Nevada,057,99092,15911,15960,1188,17148,123
2022-03-19,Orange,059,3164182,545521,543907,41401,585308,6817
2022-03-19,Placer,061,380077,62614,62483,7303,69786,605
2022-03-19,Plumas,063,18699,2966,2724,358,3082,13
2022-03-19,Riverside,065,2383286,590348,589017,27651,616668,6359
2022-03-19,Sacramento,067,1510023,280176,274855,26633,301488,2913
2022-03-19,San Benito,069,59416,12945,12859,511,13370,97
2022-03-19,San Bernardino,071,2135413,573165,559935,24820,584755,6778
2022-03-19,San Diego,073,3302833,748609,747344,52279,799623,5133
2022-03-19,San Francisco,075,870044,123716,123587,8128,131715,833
2022-03-19,San Joaquin,077,732212,166361,165765,9855,175620,2181
2022-03-19,San Luis Obispo,079,281455,52308,52174,3714,55888,463
2022-03-19,San Mateo,081,765935,121080,119782,6881,126663,667
2022-03-19,Santa Barbara,083,443738,85526,85336,4675,90011,671
2022-03-19,Santa Clara,085,1922200,313365,309918,12233,322151,2225
2022-03-19,Santa Cruz,087,273765,47587,47203,2070,49273,256
2022-03-19,Shasta,089,179085,30506,30495,6075,36570,525
2022-03-19,Sierra,091,2930,271,273,47,320,4
2022-03-19,Siskiyou,093,43540,4422,4422,2712,7134,76
2022-03-19,Solano,095,438530,81344,81340,5533,86873,441
2022-03-19,Sonoma,097,501317,83142,82838,2577,85415,472
2022-03-19,Stanislaus,099,539301,117364,118138,17775,135913,1568
2022-03-19,Sutter,101,95872,20428,20503,2047,22550,218
2022-03-19,Tehama,103,63373,12026,12007,2563,14570,160
2022-03-19,Trinity,105,12862,1183,1173,287,1460,20
2022-03-19,Tulare,107,460477,106225,104290,27459,131749,1384
2022-03-19,Tuolumne,109,53932,12664,12617,559,13176,180
2022-03-19,Ventura,111,848112,172651,172380,9356,181736,1451
2022-03-19,Yolo,113,214977,36914,36086,2888,38974,306
2022-03-19,Yuba,115,75493,15783,15768,1177,16945,117
2022-03-18,Alameda,001,1643700,255043,253936,13635,267571,1797
2022-03-18,Alpine,002,1148,122,122,1,123,0
2022-03-18,Amador,005,37829,8511,8456,638,9094,85
2022-03-18,Butte,007,227075,33091,32856,6996,39852,385
2022-03-18,Calaveras,009,45235,7242,7229,344,7573,119
2022-03-18,Colusa,011,21464,3442,3445,1046,4491,21
2022-03-18,Contra Costa,013,1133247,191384,187225,13301,200526,1276
2022-03-18,Del Norte,015,27424,5781,5815,183,5998,48
2022-03-18,El Dorado,017,186661,26616,26618,3181,29799,199
2022-03-18,Fresno,019,978130,234560,228965,24250,253215,2694
2022-03-18,Glenn,021,27897,4988,4971,1596,6567,44
2022-03-18,Humboldt,023,135768,16828,16901,2922,19823,138
2022-03-18,Imperial,025,180216,55283,55038,10511,65549,898
2022-03-18,Inyo,027,18085,4063,4061,468,4529,56
2022-03-18,Kern,029,883053,191521,190943,45701,236644,2184
2022-03-18,Kings,031,150075,51381,51334,3511,54845,441
2022-03-18,Lake,033,64148,10676,10641,878,11519,135
2022-03-18,Lassen,035,31185,8951,8925,873,9798,63
2022-03-18,Los Angeles,037,10098052,2704191,2686759,122099,2808858,31133
2022-03-18,Madera,039,155013,37220,37273,5998,43271,354
2022-03-18,Marin,041,260295,33284,33163,2168,35331,272
2022-03-18,Mariposa,043,17540,2387,2378,198,2576,6
2022-03-18,Mendocino,045,87422,13016,13012,2995,16007,117
2022-03-18,Merced,047,269075,62590,61985,8722,70707,800
2022-03-18,Modoc,049,8938,732,734,248,982,7
2022-03-18,Mono,051,14174,2964,2961,122,3083,5
2022-03-18,Monterey,053,433212,79132,78483,13522,92005,720
2022-03-18,Napa,055,140530,25656,25654,929,26583,138
2022-03-18,Nevada,057,99092,15908,15960,1187,17147,123
2022-03-18,Orange,059,3164182,545454,543907,41392,585299,6817
2022-03-18,Placer,061,380077,62605,62483,7303,69786,605
2022-03-18,Plumas,063,18699,2966,2724,358,3082,13
2022-03-18,Riverside,065,2383286,590287,589017,27647,616664,6359
2022-03-18,Sacramento,067,1510023,280140,274855,26629,301484,2913
2022-03-18,San Benito,069,59416,12943,12859,511,13370,97
2022-03-18,San Bernardino,071,2135413,573127,559935,24818,584753,6778
2022-03-18,San Diego,073,3302833,748501,747344,52264,799608,5133
2022-03-18,San Francisco,075,870044,123636,123587,8123,131710,833
2022-03-18,San Joaquin,077,732212,166346,165765,9850,175615,2181
2022-03-18,San Luis Obispo,079,281455,52301,52174,3714,55888,463
2022-03-18,San Mateo,081,765935,121044,119782,6878,126660,667
2022-03-18,Santa Barbara,083,443738,85516,85336,4674,90010,671
2022-03-18,Santa Clara,085,1922200,313259,309918,12230,322148,2225
2022-03-18,Santa Cruz,087,273765,47575,47203,2069,49272,256
2022-03-18,Shasta,089,179085,30505,30495,6075,36570,525
2022-03-18,Sierra,091,2930,271,273,47,320,4
2022-03-18,Siskiyou,093,43540,4422,4422,2712,7134,76
2022-03-18,Solano,095,438530,81333,81340,5527,86867,441
2022-03-18,Sonoma,097,501317,83121,82838,2576,85414,472
2022-03-18,Stanislaus,099,539301,117351,118138,17775,135913,1568
2022-03-18,Sutter,101,95872,20425,20503,2047,22550,218
2022-03-18,Tehama,103,63373,12025,12007,2563,14570,160
2022-03-18,Trinity,105,12862,1183,1173,287,1460,20
2022-03-18,Tulare,107,460477,106219,104290,27454,131744,1384
2022-03-18,Tuolumne,109,53932,12663,12617,559,13176,180
2022-03-18,Ventura,111,848112,172631,172380,9351,181731,1451
2022-03-18,Yolo,113,214977,36903,36086,2888,38974,306
2022-03-18,Yuba,115,75493,15781,15768,1177,16945,117
2022-03-17,Alameda,001,1643700,254942,253936,13629,267565,1797
2022-03-17,Alpine,002,1148,122,122,1,123,0
2022-03-17,Amador,005,37829,8504,8456,638,9094,85
2022-03-17,Butte,007,227075,33078,32856,6994,39850,385
2022-03-17,Calaveras,009,45235,7239,7229,344,7573,119
2022-03-17,Colusa,011,21464,3442,3445,1046,4491,21
2022-03-17,Contra Costa,013,1133247,191320,187225,13290,200515,1276
2022-03-17,Del Norte,015,27424,5779,5815,183,5998,48
2022-03-17,El Dorado,017,186661,26610,26618,3181,29799,199
2022-03-17,Fresno,019,978130,234510,228965,24246,253211,2694
2022-03-17,Glenn,021,27897,4988,4971,1596,6567,44
2022-03-17,Humboldt,023,135768,16824,16901,2920,19821,138
2022-03-17,Imperial,025,180216,55272,55038,10511,65549,898
2022-03-17,Inyo,027,18085,4063,4061,468,4529,56
2022-03-17,Kern,029,883053,191490,190943,45698,236641,2184
2022-03-17,Kings,031,150075,51378,51334,3510,54844,441
2022-03-17,Lake,033,64148,10673,10641,878,11519,135
2022-03-17,Lassen,035,31185,8949,8925,873,9798,63
2022-03-17,Los Angeles,037,10098052,2703533,2686759,122064,2808823,31133
2022-03-17,Madera,039,155013,37216,37273,5998,43271,354
2022-03-17,Marin,041,260295,33272,33163,2167,35330,272
2022-03-17,Mariposa,043,17540,2387,2378,198,2576,6
2022-03-17,Mendocino,045,87422,13012,13012,2992,16004,117
2022-03-17,Merced,047,269075,62584,61985,8719,70704,800
2022-03-17,Modoc,049,8938,732,734,248,982,7
2022-03-17,Mono,051,14174,2964,2961,121,3082,5
2022-03-17,Monterey,053,433212,79109,78483,13516,91999,720
2022-03-17,Napa,055,140530,25651,25654,929,26583,138
2022-03-17,Nevada,057,99092,15905,15960,1187,17147,123
2022-03-17,Orange,059,3164182,545360,543907,41382,585289,6817
2022-03-17,Placer,061,380077,62589,62483,7301,69784,605
2022-03-17,Plumas,063,18699,2965,2724,358,3082,13
2022-03-17,Riverside,065,2383286,590207,589017,27640,616657,6359
2022-03-17,Sacramento,067,1510023,280074,274855,26623,301478,2913
2022-03-17,San Benito,069,59416,12942,12859,511,13370,97
2022-03-17,San Bernardino,071,2135413,573063,559935,24815,584750,6778
2022-03-17,San Diego,073,3302833,748326,747344,52248,799592,5133
2022-03-17,San Francisco,075,870044,123556,123587,8118,131705,833
2022-03-17,San Joaquin,077,732212,166326,165765,9848,175613,2181
2022-03-17,San Luis Obispo,079,281455,52287,52174,3712,55886,463
2022-03-17,San Mateo,081,765935,120996,119782,6874,126656,667
2022-03-17,Santa Barbara,083,443738,85501,85336,4674,90010,671
2022-03-17,Santa Clara,085,1922200,313138,309918,12226,322144,2225
2022-03-17,Santa Cruz,087,273765,47559,47203,2067,49270,256
2022-03-17,Shasta,089,179085,30501,30495,6073,36568,525
2022-03-17,Sierra,091,2930,271,273,47,320,4
2022-03-17,Siskiyou,093,43540,4422,4422,2712,7134,76
2022-03-17,Solano,095,438530,81304,81340,5523,86863,441
2022-03-17,Sonoma,097,501317,83092,82838,2574,85412,472
2022-03-17,Stanislaus,099,539301,117336,118138,17770,135908,1568
2022-03-17,Sutter,101,95872,20415,20503,2036,22539,218
2022-03-17,Tehama,103,63373,12025,12007,2563,14570,160
2022-03-17,Trinity,105,12862,1183,1173,287,1460,20
2022-03-17,Tulare,107,460477,106204,104290,27444,131734,1384
2022-03-17,Tuolumne,109,53932,12661,12617,558,13175,180
2022-03-17,Ventura,111,848112,172582,172380,9349,181729,1451
2022-03-17,Yolo,113,214977,36889,36086,2888,38974,306
2022-03-17,Yuba,115,75493,15779,15768,1176,16944,117
2022-03-16,Alameda,001,1643700,254843,253792,13626,267418,1794
2022-03-16,Alpine,002,1148,122,122,1,123,0
2022-03-16,Amador,005,37829,8496,8449,638,9087,85
2022-03-16,Butte,007,227075,33067,32837,6989,39826,385
2022-03-16,Calaveras,009,45235,7237,7229,344,7573,120
2022-03-16,Colusa,011,21464,3442,3445,1046,4491,22
2022-03-16,Contra Costa,013,1133247,191262,187100,13279,200379,1266
2022-03-16,Del Norte,015,27424,5778,5811,181,5992,48
2022-03-16,El Dorado,017,186661,26597,26602,3180,29782,199
2022-03-16,Fresno,019,978130,234463,228786,24235,253021,2689
2022-03-16,Glenn,021,27897,4987,4969,1596,6565,44
2022-03-16,Humboldt,023,135768,16821,16893,2920,19813,138
2022-03-16,Imperial,025,180216,55261,55002,10510,65512,897
2022-03-16,Inyo,027,18085,4062,4061,468,4529,56
2022-03-16,Kern,029,883053,191447,190835,45691,236526,2170
2022-03-16,Kings,031,150075,51363,51321,3510,54831,437
2022-03-16,Lake,033,64148,10671,10633,877,11510,133
2022-03-16,Lassen,035,31185,8946,8924,873,9797,62
2022-03-16,Los Angeles,037,10098052,2702902,2685789,122024,2807813,31102
2022-03-16,Madera,039,155013,37206,37262,5997,43259,354
2022-03-16,Marin,041,260295,33251,33136,2165,35301,272
2022-03-16,Mariposa,043,17540,2385,2376,198,2574,6
2022-03-16,Mendocino,045,87422,13009,13011,2991,16002,117
2022-03-16,Merced,047,269075,62568,61959,8715,70674,798
2022-03-16,Modoc,049,8938,731,734,248,982,7
2022-03-16,Mono,051,14174,2964,2960,121,3081,5
2022-03-16,Monterey,053,433212,79087,78416,13511,91927,720
2022-03-16,Napa,055,140530,25642,25638,929,26567,138
2022-03-16,Nevada,057,99092,15903,15960,1187,17147,123
2022-03-16,Orange,059,3164182,545236,543326,41359,584685,6791
2022-03-16,Placer,061,380077,62574,62435,7299,69734,605
2022-03-16,Plumas,063,18699,2965,2723,358,3081,13
2022-03-16,Riverside,065,2383286,590111,588761,27637,616398,6351
2022-03-16,Sacramento,067,1510023,280006,274709,26616,301325,2910
2022-03-16,San Benito,069,59416,12937,12854,511,13365,97
2022-03-16,San Bernardino,071,2135413,572982,559746,24808,584554,6775
2022-03-16,San Diego,073,3302833,748119,746970,52224,799194,5126
2022-03-16,San Francisco,075,870044,123455,123446,8111,131557,831
2022-03-16,San Joaquin,077,732212,166279,165703,9845,175548,2169
2022-03-16,San Luis Obispo,079,281455,52269,52132,3708,55840,462
2022-03-16,San Mateo,081,765935,120933,119680,6866,126546,660
2022-03-16,Santa Barbara,083,443738,85468,85322,4670,89992,670
2022-03-16,Santa Clara,085,1922200,312952,309689,12211,321900,2224
2022-03-16,Santa Cruz,087,273765,47529,47161,2067,49228,255
2022-03-16,Shasta,089,179085,30492,30489,6069,36558,527
2022-03-16,Sierra,091,2930,271,273,47,320,4
2022-03-16,Siskiyou,093,43540,4420,4419,2710,7129,76
2022-03-16,Solano,095,438530,81281,81277,5521,86798,440
2022-03-16,Sonoma,097,501317,83048,82791,2565,85356,472
2022-03-16,Stanislaus,099,539301,117310,118072,17768,135840,1567
2022-03-16,Sutter,101,95872,20413,20494,2035,22529,218
2022-03-16,Tehama,103,63373,12023,11999,2563,14562,160
2022-03-16,Trinity,105,12862,1183,1173,287,1460,20
2022-03-16,Tulare,107,460477,106191,104217,27438,131655,1377
2022-03-16,Tuolumne,109,53932,12656,12610,558,13168,180
2022-03-16,Ventura,111,848112,172541,172212,9345,181557,1451
2022-03-16,Yolo,113,214977,36866,36079,2887,38966,307
2022-03-16,Yuba,115,75493,15774,15758,1176,16934,117
2022-03-15,Alameda,001,1643700,254708,253694,13617,267311,1793
2022-03-15,Alpine,002,1148,122,122,1,123,0
2022-03-15,Amador,005,37829,8493,8448,638,9086,85
2022-03-15,Butte,007,227075,33054,32822,6988,39810,385
2022-03-15,Calaveras,009,45235,7235,7236,344,7580,118
2022-03-15,Colusa,011,21464,3442,3445,1046,4491,21
2022-03-15,Contra Costa,013,1133247,191181,187021,13272,200293,1265
2022-03-15,Del Norte,015,27424,5775,5806,178,5984,48
2022-03-15,El Dorado,017,186661,26594,26596,3180,29776,199
2022-03-15,Fresno,019,978130,234420,228631,24226,252857,2689
2022-03-15,Glenn,021,27897,4985,4966,1596,6562,44
2022-03-15,Humboldt,023,135768,16815,16889,2919,19808,138
2022-03-15,Imperial,025,180216,55250,54981,10505,65486,896
2022-03-15,Inyo,027,18085,4062,4062,467,4529,56
2022-03-15,Kern,029,883053,191418,190645,45681,236326,2168
2022-03-15,Kings,031,150075,51344,51317,3506,54823,437
2022-03-15,Lake,033,64148,10667,10631,877,11508,131
2022-03-15,Lassen,035,31185,8944,8926,873,9799,62
2022-03-15,Los Angeles,037,10098052,2702214,2685071,121967,2807038,31077
2022-03-15,Madera,039,155013,37197,37258,5996,43254,354
2022-03-15,Marin,041,260295,33228,33111,2164,35275,272
2022-03-15,Mariposa,043,17540,2383,2377,198,2575,6
2022-03-15,Mendocino,045,87422,13004,13005,2990,15995,117
2022-03-15,Merced,047,269075,62551,61916,8706,70622,798
2022-03-15,Modoc,049,8938,731,733,248,981,7
2022-03-15,Mono,051,14174,2964,2961,121,3082,5
2022-03-15,Monterey,053,433212,79057,78400,13503,91903,718
2022-03-15,Napa,055,140530,25634,25657,927,26584,138
2022-03-15,Nevada,057,99092,15901,15960,1185,17145,123
2022-03-15,Orange,059,3164182,545095,543197,41352,584549,6780
2022-03-15,Placer,061,380077,62556,62398,7295,69693,604
2022-03-15,Plumas,063,18699,2964,2722,358,3080,13
2022-03-15,Riverside,065,2383286,590012,588622,27629,616251,6333
2022-03-15,Sacramento,067,1510023,279921,274633,26610,301243,2907
2022-03-15,San Benito,069,59416,12932,12849,511,13360,95
2022-03-15,San Bernardino,071,2135413,572906,559605,24805,584410,6770
2022-03-15,San Diego,073,3302833,747876,746474,52202,798676,5116
2022-03-15,San Francisco,075,870044,123339,123526,8102,131628,831
2022-03-15,San Joaquin,077,732212,166236,165664,9839,175503,2161
2022-03-15,San Luis Obispo,079,281455,52259,52060,3704,55764,458
2022-03-15,San Mateo,081,765935,120881,119586,6860,126446,649
2022-03-15,Santa Barbara,083,443738,85443,85353,4666,90019,668
2022-03-15,Santa Clara,085,1922200,312788,309535,12200,321735,2224
2022-03-15,Santa Cruz,087,273765,47476,47117,2067,49184,255
2022-03-15,Shasta,089,179085,30483,30476,6066,36542,524
2022-03-15,Sierra,091,2930,271,273,47,320,4
2022-03-15,Siskiyou,093,43540,4420,4420,2710,7130,76
2022-03-15,Solano,095,438530,81245,81260,5520,86780,440
2022-03-15,Sonoma,097,501317,83008,82737,2565,85302,472
2022-03-15,Stanislaus,099,539301,117292,118085,17765,135850,1567
2022-03-15,Sutter,101,95872,20410,20480,2026,22506,217
2022-03-15,Tehama,103,63373,12020,11997,2563,14560,160
2022-03-15,Trinity,105,12862,1183,1173,287,1460,20
2022-03-15,Tulare,107,460477,106172,104153,27426,131579,1375
2022-03-15,Tuolumne,109,53932,12652,12602,558,13160,180
2022-03-15,Ventura,111,848112,172496,172150,9342,181492,1451
2022-03-15,Yolo,113,214977,36851,36079,2883,38962,308
2022-03-15,Yuba,115,75493,15766,15756,1176,16932,116
2022-03-14,Alameda,001,1643700,254596,253629,13613,267242,1791
2022-03-14,Alpine,002,1148,122,122,1,123,0
2022-03-14,Amador,005,37829,8488,8448,638,9086,85
2022-03-14,Butte,007,227075,33038,32812,6988,39800,385
2022-03-14,Calaveras,009,45235,7234,7245,344,7589,118
2022-03-14,Colusa,011,21464,3441,3445,1046,4491,21
2022-03-14,Contra Costa,013,1133247,191089,186969,13264,200233,1265
2022-03-14,Del Norte,015,27424,5769,5807,178,5985,48
2022-03-14,El Dorado,017,186661,26588,26570,3180,29750,199
2022-03-14,Fresno,019,978130,234348,228470,24216,252686,2682
2022-03-14,Glenn,021,27897,4983,4966,1596,6562,44
2022-03-14,Humboldt,023,135768,16808,16890,2917,19807,137
2022-03-14,Imperial,025,180216,55239,54933,10504,65437,897
2022-03-14,Inyo,027,18085,4062,4062,467,4529,56
2022-03-14,Kern,029,883053,191383,190526,45670,236196,2166
2022-03-14,Kings,031,150075,51326,51293,3505,54798,437
2022-03-14,Lake,033,64148,10664,10631,877,11508,131
2022-03-14,Lassen,035,31185,8944,8927,872,9799,62
2022-03-14,Los Angeles,037,10098052,2701583,2683369,121902,2805271,31034
2022-03-14,Madera,039,155013,37190,37255,5995,43250,354
2022-03-14,Marin,041,260295,33200,33099,2164,35263,272
2022-03-14,Mariposa,043,17540,2382,2376,198,2574,6
2022-03-14,Mendocino,045,87422,12999,12992,2983,15975,117
2022-03-14,Merced,047,269075,62532,61905,8704,70609,795
2022-03-14,Modoc,049,8938,730,731,248,979,7
2022-03-14,Mono,051,14174,2963,2961,121,3082,5
2022-03-14,Monterey,053,433212,79042,78376,13467,91843,718
2022-03-14,Napa,055,140530,25620,25649,927,26576,138
2022-03-14,Nevada,057,99092,15899,15954,1185,17139,123
2022-03-14,Orange,059,3164182,544958,543099,41337,584436,6775
2022-03-14,Placer,061,380077,62538,62389,7293,69682,601
2022-03-14,Plumas,063,18699,2964,2711,358,3069,13
2022-03-14,Riverside,065,2383286,589878,588531,27619,616150,6332
2022-03-14,Sacramento,067,1510023,279838,274682,26605,301287,2899
2022-03-14,San Benito,069,59416,12927,12846,511,13357,95
2022-03-14,San Bernardino,071,2135413,572819,559505,24800,584305,6767
2022-03-14,San Diego,073,3302833,747574,745515,52173,797688,5108
2022-03-14,San Francisco,075,870044,123248,123575,8095,131670,824
2022-03-14,San Joaquin,077,732212,166197,165662,9838,175500,2142
2022-03-14,San Luis Obispo,079,281455,52231,52046,3701,55747,458
2022-03-14,San Mateo,081,765935,120808,119564,6858,126422,649
2022-03-14,Santa Barbara,083,443738,85406,85396,4665,90061,667
2022-03-14,Santa Clara,085,1922200,312596,309600,12197,321797,2223
2022-03-14,Santa Cruz,087,273765,47438,47107,2065,49172,255
2022-03-14,Shasta,089,179085,30478,30462,6063,36525,520
2022-03-14,Sierra,091,2930,271,273,47,320,4
2022-03-14,Siskiyou,093,43540,4415,4419,2709,7128,76
2022-03-14,Solano,095,438530,81196,81233,5515,86748,440
2022-03-14,Sonoma,097,501317,82973,82731,2561,85292,473
2022-03-14,Stanislaus,099,539301,117257,118088,17761,135849,1567
2022-03-14,Sutter,101,95872,20404,20478,2026,22504,217
2022-03-14,Tehama,103,63373,12018,11996,2563,14559,160
2022-03-14,Trinity,105,12862,1183,1172,287,1459,20
2022-03-14,Tulare,107,460477,106146,104121,27419,131540,1365
2022-03-14,Tuolumne,109,53932,12651,12567,557,13124,180
2022-03-14,Ventura,111,848112,172443,172107,9340,181447,1442
2022-03-14,Yolo,113,214977,36835,36059,2881,38940,308
2022-03-14,Yuba,115,75493,15754,15748,1176,16924,116
2022-03-13,Alameda,001,1643700,254470,253547,13605,267152,1792
2022-03-13,Alpine,002,1148,122,122,1,123,0
2022-03-13,Amador,005,37829,8486,8444,638,9082,85
2022-03-13,Butte,007,227075,33019,32806,6985,39791,384
2022-03-13,Calaveras,009,45235,7229,7253,344,7597,118
2022-03-13,Colusa,011,21464,3441,3444,1044,4488,21
2022-03-13,Contra Costa,013,1133247,190990,186911,13251,200162,1265
2022-03-13,Del Norte,015,27424,5765,5808,178,5986,48
2022-03-13,El Dorado,017,186661,26583,26563,3179,29742,199
2022-03-13,Fresno,019,978130,234265,228421,24202,252623,2683
2022-03-13,Glenn,021,27897,4980,4966,1595,6561,44
2022-03-13,Humboldt,023,135768,16800,16883,2917,19800,137
2022-03-13,Imperial,025,180216,55228,54934,10502,65436,897
2022-03-13,Inyo,027,18085,4062,4062,466,4528,56
2022-03-13,Kern,029,883053,191329,190495,45658,236153,2166
2022-03-13,Kings,031,150075,51317,51273,3505,54778,437
2022-03-13,Lake,033,64148,10661,10626,877,11503,131
2022-03-13,Lassen,035,31185,8943,8929,871,9800,62
2022-03-13,Los Angeles,037,10098052,2700858,2683351,121860,2805211,31034
2022-03-13,Madera,039,155013,37182,37248,5995,43243,354
2022-03-13,Marin,041,260295,33176,33083,2162,35245,272
2022-03-13,Mariposa,043,17540,2380,2376,198,2574,6
2022-03-13,Mendocino,045,87422,12993,12987,2978,15965,117
2022-03-13,Merced,047,269075,62510,61895,8694,70589,795
2022-03-13,Modoc,049,8938,730,731,248,979,7
2022-03-13,Mono,051,14174,2963,2961,121,3082,5
2022-03-13,Monterey,053,433212,79006,78366,13419,91785,718
2022-03-13,Napa,055,140530,25606,25639,926,26565,138
2022-03-13,Nevada,057,99092,15892,15959,1185,17144,123
2022-03-13,Orange,059,3164182,544838,543036,41313,584349,6774
2022-03-13,Placer,061,380077,62514,62372,7290,69662,601
2022-03-13,Plumas,063,18699,2964,2711,358,3069,13
2022-03-13,Riverside,065,2383286,589745,588487,27613,616100,6332
2022-03-13,Sacramento,067,1510023,279729,274715,26592,301307,2899
2022-03-13,San Benito,069,59416,12921,12844,509,13353,95
2022-03-13,San Bernardino,071,2135413,572728,559450,24790,584240,6767
2022-03-13,San Diego,073,3302833,747233,745515,52139,797654,5108
2022-03-13,San Francisco,075,870044,123128,123622,8089,131711,824
2022-03-13,San Joaquin,077,732212,166148,165641,9836,175477,2142
2022-03-13,San Luis Obispo,079,281455,52201,52040,3699,55739,458
2022-03-13,San Mateo,081,765935,120730,119521,6849,126370,649
2022-03-13,Santa Barbara,083,443738,85366,85453,4663,90116,667
2022-03-13,Santa Clara,085,1922200,312410,309493,12189,321682,2225
2022-03-13,Santa Cruz,087,273765,47386,47087,2065,49152,255
2022-03-13,Shasta,089,179085,30461,30457,6061,36518,520
2022-03-13,Sierra,091,2930,271,273,47,320,4
2022-03-13,Siskiyou,093,43540,4415,4418,2709,7127,76
2022-03-13,Solano,095,438530,81160,81217,5510,86727,440
2022-03-13,Sonoma,097,501317,82939,82711,2557,85268,473
2022-03-13,Stanislaus,099,539301,117224,118075,17756,135831,1567
2022-03-13,Sutter,101,95872,20400,20474,2026,22500,217
2022-03-13,Tehama,103,63373,12017,11997,2562,14559,160
2022-03-13,Trinity,105,12862,1183,1172,287,1459,20
2022-03-13,Tulare,107,460477,106112,104119,27411,131530,1365
2022-03-13,Tuolumne,109,53932,12648,12565,557,13122,180
2022-03-13,Ventura,111,848112,172385,172080,9333,181413,1442
2022-03-13,Yolo,113,214977,36816,36019,2879,38898,308
2022-03-13,Yuba,115,75493,15749,15741,1176,16917,116
2022-03-12,Alameda,001,1643700,254403,253079,13600,266679,1783
2022-03-12,Alpine,002,1148,122,122,1,123,0
2022-03-12,Amador,005,37829,8482,8427,638,9065,84
2022-03-12,Butte,007,227075,33014,32774,6983,39757,380
2022-03-12,Calaveras,009,45235,7228,7253,344,7597,118
2022-03-12,Colusa,011,21464,3441,3440,1044,4484,21
2022-03-12,Contra Costa,013,1133247,190948,186618,13250,199868,1256
2022-03-12,Del Norte,015,27424,5764,5791,178,5969,48
2022-03-12,El Dorado,017,186661,26579,26538,3179,29717,199
2022-03-12,Fresno,019,978130,234243,228041,24202,252243,2653
2022-03-12,Glenn,021,27897,4980,4955,1595,6550,44
2022-03-12,Humboldt,023,135768,16796,16862,2916,19778,137
2022-03-12,Imperial,025,180216,55223,54837,10499,65336,896
2022-03-12,Inyo,027,18085,4062,4056,466,4522,56
2022-03-12,Kern,029,883053,191312,190330,45653,235983,2162
2022-03-12,Kings,031,150075,51311,51145,3505,54650,436
2022-03-12,Lake,033,64148,10659,10594,876,11470,131
2022-03-12,Lassen,035,31185,8942,8915,871,9786,62
2022-03-12,Los Angeles,037,10098052,2700532,2678858,121838,2800696,30901
2022-03-12,Madera,039,155013,37177,37223,5995,43218,354
2022-03-12,Marin,041,260295,33151,33015,2161,35176,272
2022-03-12,Mariposa,043,17540,2380,2372,198,2570,6
2022-03-12,Mendocino,045,87422,12989,12965,2978,15943,117
2022-03-12,Merced,047,269075,62503,61840,8692,70532,795
2022-03-12,Modoc,049,8938,730,730,248,978,7
2022-03-12,Mono,051,14174,2963,2960,120,3080,5
2022-03-12,Monterey,053,433212,78999,78285,13417,91702,716
2022-03-12,Napa,055,140530,25596,25584,925,26509,138
2022-03-12,Nevada,057,99092,15886,15947,1185,17132,123
2022-03-12,Orange,059,3164182,544774,542354,41304,583658,6718
2022-03-12,Placer,061,380077,62504,62282,7290,69572,598
2022-03-12,Plumas,063,18699,2964,2707,358,3065,13
2022-03-12,Riverside,065,2383286,589679,588022,27608,615630,6317
2022-03-12,Sacramento,067,1510023,279689,274519,26588,301107,2886
2022-03-12,San Benito,069,59416,12918,12868,509,13377,95
2022-03-12,San Bernardino,071,2135413,572680,559013,24789,583802,6734
2022-03-12,San Diego,073,3302833,747111,744386,52117,796503,5090
2022-03-12,San Francisco,075,870044,123063,123610,8083,131693,823
2022-03-12,San Joaquin,077,732212,166127,165516,9833,175349,2117
2022-03-12,San Luis Obispo,079,281455,52192,51947,3696,55643,457
2022-03-12,San Mateo,081,765935,120694,119288,6848,126136,641
2022-03-12,Santa Barbara,083,443738,85347,85421,4663,90084,664
2022-03-12,Santa Clara,085,1922200,312306,308989,12184,321173,2208
2022-03-12,Santa Cruz,087,273765,47373,46982,2064,49046,254
2022-03-12,Shasta,089,179085,30449,30419,6059,36478,517
2022-03-12,Sierra,091,2930,271,273,47,320,4
2022-03-12,Siskiyou,093,43540,4415,4405,2709,7114,75
2022-03-12,Solano,095,438530,81146,81058,5510,86568,436
2022-03-12,Sonoma,097,501317,82922,82622,2555,85177,473
2022-03-12,Stanislaus,099,539301,117210,117884,17755,135639,1564
2022-03-12,Sutter,101,95872,20399,20429,2026,22455,217
2022-03-12,Tehama,103,63373,12017,11983,2562,14545,159
2022-03-12,Trinity,105,12862,1182,1172,287,1459,20
2022-03-12,Tulare,107,460477,106107,103994,27407,131401,1358
2022-03-12,Tuolumne,109,53932,12647,12476,557,13033,180
2022-03-12,Ventura,111,848112,172360,171932,9332,181264,1442
2022-03-12,Yolo,113,214977,36809,35982,2877,38859,308
2022-03-12,Yuba,115,75493,15749,15722,1176,16898,116
2022-03-11,Alameda,001,1643700,254341,253079,13600,266679,1783
2022-03-11,Alpine,002,1148,122,122,1,123,0
2022-03-11,Amador,005,37829,8480,8427,638,9065,84
2022-03-11,Butte,007,227075,33010,32774,6982,39756,380
2022-03-11,Calaveras,009,45235,7228,7253,344,7597,118
2022-03-11,Colusa,011,21464,3441,3440,1044,4484,21
2022-03-11,Contra Costa,013,1133247,190899,186618,13248,199866,1256
2022-03-11,Del Norte,015,27424,5760,5791,178,5969,48
2022-03-11,El Dorado,017,186661,26575,26538,3179,29717,199
2022-03-11,Fresno,019,978130,234188,228041,24198,252239,2653
2022-03-11,Glenn,021,27897,4980,4955,1595,6550,44
2022-03-11,Humboldt,023,135768,16791,16862,2915,19777,137
2022-03-11,Imperial,025,180216,55217,54837,10498,65335,896
2022-03-11,Inyo,027,18085,4062,4056,466,4522,56
2022-03-11,Kern,029,883053,191290,190330,45648,235978,2162
2022-03-11,Kings,031,150075,51292,51145,3505,54650,436
2022-03-11,Lake,033,64148,10655,10594,876,11470,131
2022-03-11,Lassen,035,31185,8941,8915,871,9786,62
2022-03-11,Los Angeles,037,10098052,2700211,2678858,121810,2800668,30901
2022-03-11,Madera,039,155013,37172,37223,5995,43218,354
2022-03-11,Marin,041,260295,33135,33015,2160,35175,272
2022-03-11,Mariposa,043,17540,2379,2372,198,2570,6
2022-03-11,Mendocino,045,87422,12983,12965,2978,15943,117
2022-03-11,Merced,047,269075,62496,61840,8690,70530,795
2022-03-11,Modoc,049,8938,730,730,248,978,7
2022-03-11,Mono,051,14174,2962,2960,120,3080,5
2022-03-11,Monterey,053,433212,78986,78285,13410,91695,716
2022-03-11,Napa,055,140530,25585,25584,925,26509,138
2022-03-11,Nevada,057,99092,15883,15947,1185,17132,123
2022-03-11,Orange,059,3164182,544705,542354,41290,583644,6718
2022-03-11,Placer,061,380077,62491,62282,7289,69571,598
2022-03-11,Plumas,063,18699,2962,2707,358,3065,13
2022-03-11,Riverside,065,2383286,589602,588022,27604,615626,6317
2022-03-11,Sacramento,067,1510023,279619,274519,26586,301105,2886
2022-03-11,San Benito,069,59416,12917,12868,509,13377,95
2022-03-11,San Bernardino,071,2135413,572623,559013,24784,583797,6734
2022-03-11,San Diego,073,3302833,746945,744386,52103,796489,5090
2022-03-11,San Francisco,075,870044,123006,123610,8079,131689,823
2022-03-11,San Joaquin,077,732212,166089,165516,9830,175346,2117
2022-03-11,San Luis Obispo,079,281455,52184,51947,3695,55642,457
2022-03-11,San Mateo,081,765935,120645,119288,6845,126133,641
2022-03-11,Santa Barbara,083,443738,85327,85421,4662,90083,664
2022-03-11,Santa Clara,085,1922200,312169,308989,12181,321170,2208
2022-03-11,Santa Cruz,087,273765,47358,46982,2064,49046,254
2022-03-11,Shasta,089,179085,30444,30419,6056,36475,517
2022-03-11,Sierra,091,2930,271,273,47,320,4
2022-03-11,Siskiyou,093,43540,4415,4405,2707,7112,75
2022-03-11,Solano,095,438530,81132,81058,5509,86567,436
2022-03-11,Sonoma,097,501317,82896,82622,2553,85175,473
2022-03-11,Stanislaus,099,539301,117196,117884,17753,135637,1564
2022-03-11,Sutter,101,95872,20397,20429,2026,22455,217
2022-03-11,Tehama,103,63373,12015,11983,2562,14545,159
2022-03-11,Trinity,105,12862,1182,1172,287,1459,20
2022-03-11,Tulare,107,460477,106093,103994,27401,131395,1358
2022-03-11,Tuolumne,109,53932,12645,12476,557,13033,180
2022-03-11,Ventura,111,848112,172324,171932,9327,181259,1442
2022-03-11,Yolo,113,214977,36798,35982,2877,38859,308
2022-03-11,Yuba,115,75493,15746,15722,1176,16898,116
2022-03-10,Alameda,001,1643700,254217,253079,13596,266675,1783
2022-03-10,Alpine,002,1148,122,122,1,123,0
2022-03-10,Amador,005,37829,8479,8427,638,9065,84
2022-03-10,Butte,007,227075,32994,32774,6980,39754,380
2022-03-10,Calaveras,009,45235,7227,7253,343,7596,118
2022-03-10,Colusa,011,21464,3441,3440,1044,4484,21
2022-03-10,Contra Costa,013,1133247,190815,186618,13238,199856,1256
2022-03-10,Del Norte,015,27424,5751,5791,178,5969,48
2022-03-10,El Dorado,017,186661,26564,26538,3178,29716,199
2022-03-10,Fresno,019,978130,234112,228041,24188,252229,2653
2022-03-10,Glenn,021,27897,4977,4955,1595,6550,44
2022-03-10,Humboldt,023,135768,16782,16862,2914,19776,137
2022-03-10,Imperial,025,180216,55207,54837,10497,65334,896
2022-03-10,Inyo,027,18085,4061,4056,466,4522,56
2022-03-10,Kern,029,883053,191257,190330,45634,235964,2162
2022-03-10,Kings,031,150075,51263,51145,3504,54649,436
2022-03-10,Lake,033,64148,10645,10594,875,11469,131
2022-03-10,Lassen,035,31185,8941,8915,871,9786,62
2022-03-10,Los Angeles,037,10098052,2699657,2678858,121769,2800627,30901
2022-03-10,Madera,039,155013,37166,37223,5988,43211,354
2022-03-10,Marin,041,260295,33122,33015,2156,35171,272
2022-03-10,Mariposa,043,17540,2379,2372,198,2570,6
2022-03-10,Mendocino,045,87422,12979,12965,2978,15943,117
2022-03-10,Merced,047,269075,62476,61840,8685,70525,795
2022-03-10,Modoc,049,8938,729,730,248,978,7
2022-03-10,Mono,051,14174,2962,2960,120,3080,5
2022-03-10,Monterey,053,433212,78963,78285,13385,91670,716
2022-03-10,Napa,055,140530,25576,25584,924,26508,138
2022-03-10,Nevada,057,99092,15876,15947,1185,17132,123
2022-03-10,Orange,059,3164182,544584,542354,41272,583626,6718
2022-03-10,Placer,061,380077,62470,62282,7284,69566,598
2022-03-10,Plumas,063,18699,2961,2707,358,3065,13
2022-03-10,Riverside,065,2383286,589487,588022,27599,615621,6317
2022-03-10,Sacramento,067,1510023,279541,274519,26580,301099,2886
2022-03-10,San Benito,069,59416,12916,12868,508,13376,95
2022-03-10,San Bernardino,071,2135413,572550,559013,24780,583793,6734
2022-03-10,San Diego,073,3302833,746688,744386,52072,796458,5090
2022-03-10,San Francisco,075,870044,122939,123610,8073,131683,823
2022-03-10,San Joaquin,077,732212,166056,165516,9828,175344,2117
2022-03-10,San Luis Obispo,079,281455,52161,51947,3692,55639,457
2022-03-10,San Mateo,081,765935,120582,119288,6843,126131,641
2022-03-10,Santa Barbara,083,443738,85295,85421,4661,90082,664
2022-03-10,Santa Clara,085,1922200,311997,308989,12174,321163,2208
2022-03-10,Santa Cruz,087,273765,47326,46982,2064,49046,254
2022-03-10,Shasta,089,179085,30435,30419,6054,36473,517
2022-03-10,Sierra,091,2930,271,273,47,320,4
2022-03-10,Siskiyou,093,43540,4415,4405,2707,7112,75
2022-03-10,Solano,095,438530,81096,81058,5504,86562,436
2022-03-10,Sonoma,097,501317,82870,82622,2553,85175,473
2022-03-10,Stanislaus,099,539301,117161,117884,17751,135635,1564
2022-03-10,Sutter,101,95872,20393,20429,2026,22455,217
2022-03-10,Tehama,103,63373,12014,11983,2562,14545,159
2022-03-10,Trinity,105,12862,1182,1172,287,1459,20
2022-03-10,Tulare,107,460477,106075,103994,27395,131389,1358
2022-03-10,Tuolumne,109,53932,12642,12476,557,13033,180
2022-03-10,Ventura,111,848112,172283,171932,9324,181256,1442
2022-03-10,Yolo,113,214977,36785,35982,2876,38858,308
2022-03-10,Yuba,115,75493,15736,15722,1175,16897,116
2022-03-09,Alameda,001,1643700,254085,252893,13592,266485,1781
2022-03-09,Alpine,002,1148,122,125,1,126,0
2022-03-09,Amador,005,37829,8473,8409,638,9047,84
2022-03-09,Butte,007,227075,32985,32767,6976,39743,380
2022-03-09,Calaveras,009,45235,7225,7249,343,7592,117
2022-03-09,Colusa,011,21464,3440,3439,1044,4483,21
2022-03-09,Contra Costa,013,1133247,190709,186483,13223,199706,1256
2022-03-09,Del Norte,015,27424,5747,5765,178,5943,48
2022-03-09,El Dorado,017,186661,26560,26515,3177,29692,198
2022-03-09,Fresno,019,978130,234011,227885,24180,252065,2653
2022-03-09,Glenn,021,27897,4977,4953,1594,6547,44
2022-03-09,Humboldt,023,135768,16777,16854,2911,19765,137
2022-03-09,Imperial,025,180216,55201,54764,10495,65259,894
2022-03-09,Inyo,027,18085,4061,4056,466,4522,56
2022-03-09,Kern,029,883053,191209,190254,45621,235875,2159
2022-03-09,Kings,031,150075,51242,51122,3504,54626,435
2022-03-09,Lake,033,64148,10638,10586,875,11461,130
2022-03-09,Lassen,035,31185,8941,8901,871,9772,62
2022-03-09,Los Angeles,037,10098052,2699012,2677901,121729,2799630,30842
2022-03-09,Madera,039,155013,37158,37207,5987,43194,354
2022-03-09,Marin,041,260295,33104,32967,2156,35123,272
2022-03-09,Mariposa,043,17540,2376,2372,198,2570,6
2022-03-09,Mendocino,045,87422,12975,12957,2973,15930,117
2022-03-09,Merced,047,269075,62459,61792,8679,70471,792
2022-03-09,Modoc,049,8938,728,730,247,977,7
2022-03-09,Mono,051,14174,2962,2962,120,3082,5
2022-03-09,Monterey,053,433212,78940,78258,13342,91600,716
2022-03-09,Napa,055,140530,25555,25561,923,26484,138
2022-03-09,Nevada,057,99092,15867,15938,1184,17122,123
2022-03-09,Orange,059,3164182,544453,542278,41260,583538,6700
2022-03-09,Placer,061,380077,62447,62242,7280,69522,598
2022-03-09,Plumas,063,18699,2960,2708,358,3066,13
2022-03-09,Riverside,065,2383286,589375,587833,27589,615422,6305
2022-03-09,Sacramento,067,1510023,279453,274373,26564,300937,2877
2022-03-09,San Benito,069,59416,12899,12864,508,13372,95
2022-03-09,San Bernardino,071,2135413,572448,558795,24769,583564,6723
2022-03-09,San Diego,073,3302833,746416,743956,52046,796002,5083
2022-03-09,San Francisco,075,870044,122848,123676,8069,131745,812
2022-03-09,San Joaquin,077,732212,166016,165444,9822,175266,2113
2022-03-09,San Luis Obispo,079,281455,52142,51923,3690,55613,457
2022-03-09,San Mateo,081,765935,120524,119194,6831,126025,639
2022-03-09,Santa Barbara,083,443738,85281,85382,4659,90041,661
2022-03-09,Santa Clara,085,1922200,311842,308765,12164,320929,2206
2022-03-09,Santa Cruz,087,273765,47286,46917,2063,48980,254
2022-03-09,Shasta,089,179085,30413,30407,6053,36460,493
2022-03-09,Sierra,091,2930,271,273,47,320,4
2022-03-09,Siskiyou,093,43540,4414,4403,2706,7109,75
2022-03-09,Solano,095,438530,81060,80984,5503,86487,436
2022-03-09,Sonoma,097,501317,82837,82574,2551,85125,473
2022-03-09,Stanislaus,099,539301,117124,117827,17746,135573,1541
2022-03-09,Sutter,101,95872,20382,20409,2022,22431,217
2022-03-09,Tehama,103,63373,12010,11980,2562,14542,159
2022-03-09,Trinity,105,12862,1182,1174,287,1461,20
2022-03-09,Tulare,107,460477,106047,103932,27382,131314,1350
2022-03-09,Tuolumne,109,53932,12640,12444,557,13001,180
2022-03-09,Ventura,111,848112,172232,171852,9321,181173,1448
2022-03-09,Yolo,113,214977,36766,35973,2864,38837,308
2022-03-09,Yuba,115,75493,15731,15714,1174,16888,115
2022-03-08,Alameda,001,1643700,253928,252744,13579,266323,1769
2022-03-08,Alpine,002,1148,122,125,1,126,0
2022-03-08,Amador,005,37829,8459,8407,638,9045,84
2022-03-08,Butte,007,227075,32971,32759,6972,39731,380
2022-03-08,Calaveras,009,45235,7221,7245,343,7588,117
2022-03-08,Colusa,011,21464,3437,3439,1043,4482,21
2022-03-08,Contra Costa,013,1133247,190622,186396,13210,199606,1256
2022-03-08,Del Norte,015,27424,5742,5763,178,5941,48
2022-03-08,El Dorado,017,186661,26550,26503,3172,29675,197
2022-03-08,Fresno,019,978130,233913,227808,24171,251979,2653
2022-03-08,Glenn,021,27897,4975,4944,1593,6537,43
2022-03-08,Humboldt,023,135768,16765,16837,2898,19735,137
2022-03-08,Imperial,025,180216,55187,54721,10493,65214,890
2022-03-08,Inyo,027,18085,4058,4056,466,4522,56
2022-03-08,Kern,029,883053,191146,190208,45607,235815,2154
2022-03-08,Kings,031,150075,51200,51089,3502,54591,434
2022-03-08,Lake,033,64148,10628,10571,875,11446,130
2022-03-08,Lassen,035,31185,8940,8897,871,9768,62
2022-03-08,Los Angeles,037,10098052,2698321,2677166,121692,2798858,30803
2022-03-08,Madera,039,155013,37148,37185,5986,43171,354
2022-03-08,Marin,041,260295,33067,32943,2155,35098,272
2022-03-08,Mariposa,043,17540,2374,2371,198,2569,6
2022-03-08,Mendocino,045,87422,12971,12950,2972,15922,117
2022-03-08,Merced,047,269075,62438,61767,8668,70435,791
2022-03-08,Modoc,049,8938,727,729,247,976,7
2022-03-08,Mono,051,14174,2961,2961,120,3081,5
2022-03-08,Monterey,053,433212,78920,78247,13305,91552,711
2022-03-08,Napa,055,140530,25529,25528,922,26450,137
2022-03-08,Nevada,057,99092,15856,15939,1183,17122,122
2022-03-08,Orange,059,3164182,544307,542164,41240,583404,6692
2022-03-08,Placer,061,380077,62419,62221,7279,69500,594
2022-03-08,Plumas,063,18699,2960,2703,358,3061,13
2022-03-08,Riverside,065,2383286,589266,587686,27582,615268,6294
2022-03-08,Sacramento,067,1510023,279351,274276,26545,300821,2872
2022-03-08,San Benito,069,59416,12897,12855,508,13363,94
2022-03-08,San Bernardino,071,2135413,572355,558512,24759,583271,6715
2022-03-08,San Diego,073,3302833,746073,743604,52029,795633,5077
2022-03-08,San Francisco,075,870044,122752,123675,8064,131739,807
2022-03-08,San Joaquin,077,732212,165980,165381,9818,175199,2104
2022-03-08,San Luis Obispo,079,281455,52114,51900,3687,55587,451
2022-03-08,San Mateo,081,765935,120443,119103,6821,125924,638
2022-03-08,Santa Barbara,083,443738,85249,85363,4659,90022,659
2022-03-08,Santa Clara,085,1922200,311615,308528,12157,320685,2206
2022-03-08,Santa Cruz,087,273765,47249,46875,2062,48937,254
2022-03-08,Shasta,089,179085,30394,30372,6050,36422,493
2022-03-08,Sierra,091,2930,271,273,47,320,4
2022-03-08,Siskiyou,093,43540,4410,4404,2706,7110,74
2022-03-08,Solano,095,438530,81032,80924,5500,86424,434
2022-03-08,Sonoma,097,501317,82790,82571,2550,85121,473
2022-03-08,Stanislaus,099,539301,117080,117782,17737,135519,1541
2022-03-08,Sutter,101,95872,20374,20403,2022,22425,217
2022-03-08,Tehama,103,63373,12006,11972,2561,14533,158
2022-03-08,Trinity,105,12862,1182,1174,287,1461,20
2022-03-08,Tulare,107,460477,106009,103893,27371,131264,1334
2022-03-08,Tuolumne,109,53932,12635,12427,555,12982,180
2022-03-08,Ventura,111,848112,172168,171806,9314,181120,1447
2022-03-08,Yolo,113,214977,36740,35946,2863,38809,306
2022-03-08,Yuba,115,75493,15726,15705,1173,16878,115
2022-03-07,Alameda,001,1643700,253719,252578,13568,266146,1766
2022-03-07,Alpine,002,1148,122,125,1,126,0
2022-03-07,Amador,005,37829,8456,8368,638,9006,84
2022-03-07,Butte,007,227075,32956,32734,6968,39702,378
2022-03-07,Calaveras,009,45235,7217,7242,343,7585,116
2022-03-07,Colusa,011,21464,3437,3437,1043,4480,21
2022-03-07,Contra Costa,013,1133247,190522,186087,13189,199276,1256
2022-03-07,Del Norte,015,27424,5738,5758,178,5936,48
2022-03-07,El Dorado,017,186661,26544,26487,3171,29658,196
2022-03-07,Fresno,019,978130,233822,227670,24147,251817,2653
2022-03-07,Glenn,021,27897,4972,4939,1593,6532,43
2022-03-07,Humboldt,023,135768,16752,16829,2893,19722,137
2022-03-07,Imperial,025,180216,55165,54712,10488,65200,890
2022-03-07,Inyo,027,18085,4056,4054,466,4520,56
2022-03-07,Kern,029,883053,191082,190163,45584,235747,2152
2022-03-07,Kings,031,150075,51170,51065,3497,54562,433
2022-03-07,Lake,033,64148,10616,10562,874,11436,130
2022-03-07,Lassen,035,31185,8939,8896,871,9767,62
2022-03-07,Los Angeles,037,10098052,2697523,2675497,121651,2797148,30759
2022-03-07,Madera,039,155013,37138,37164,5984,43148,354
2022-03-07,Marin,041,260295,33030,32919,2152,35071,272
2022-03-07,Mariposa,043,17540,2373,2369,198,2567,6
2022-03-07,Mendocino,045,87422,12964,12940,2971,15911,117
2022-03-07,Merced,047,269075,62398,61751,8661,70412,791
2022-03-07,Modoc,049,8938,727,729,247,976,7
2022-03-07,Mono,051,14174,2961,2960,120,3080,5
2022-03-07,Monterey,053,433212,78886,78161,13257,91418,706
2022-03-07,Napa,055,140530,25501,25500,922,26422,136
2022-03-07,Nevada,057,99092,15849,15935,1177,17112,122
2022-03-07,Orange,059,3164182,544136,542028,41214,583242,6687
2022-03-07,Placer,061,380077,62390,62215,7278,69493,591
2022-03-07,Plumas,063,18699,2960,2702,358,3060,13
2022-03-07,Riverside,065,2383286,589139,587537,27574,615111,6279
2022-03-07,Sacramento,067,1510023,279250,274079,26532,300611,2866
2022-03-07,San Benito,069,59416,12891,12843,508,13351,94
2022-03-07,San Bernardino,071,2135413,572250,558265,24749,583014,6703
2022-03-07,San Diego,073,3302833,745731,742287,51986,794273,5068
2022-03-07,San Francisco,075,870044,122640,123655,8058,131713,807
2022-03-07,San Joaquin,077,732212,165929,165343,9811,175154,2091
2022-03-07,San Luis Obispo,079,281455,52069,51874,3685,55559,448
2022-03-07,San Mateo,081,765935,120367,119035,6814,125849,630
2022-03-07,Santa Barbara,083,443738,85210,85345,4658,90003,659
2022-03-07,Santa Clara,085,1922200,311419,308517,12149,320666,2202
2022-03-07,Santa Cruz,087,273765,47199,46823,2061,48884,254
2022-03-07,Shasta,089,179085,30381,30352,6047,36399,493
2022-03-07,Sierra,091,2930,271,273,47,320,4
2022-03-07,Siskiyou,093,43540,4406,4398,2705,7103,74
2022-03-07,Solano,095,438530,80975,80886,5498,86384,435
2022-03-07,Sonoma,097,501317,82745,82530,2549,85079,473
2022-03-07,Stanislaus,099,539301,117041,117713,17730,135443,1537
2022-03-07,Sutter,101,95872,20363,20400,2021,22421,217
2022-03-07,Tehama,103,63373,12001,11966,2560,14526,158
2022-03-07,Trinity,105,12862,1180,1173,287,1460,20
2022-03-07,Tulare,107,460477,105972,103834,27361,131195,1316
2022-03-07,Tuolumne,109,53932,12629,12408,554,12962,179
2022-03-07,Ventura,111,848112,172117,171886,9312,181198,1436
2022-03-07,Yolo,113,214977,36717,35934,2857,38791,306
2022-03-07,Yuba,115,75493,15719,15701,1172,16873,115
2022-03-06,Alameda,001,1643700,253526,252460,13559,266019,1766
2022-03-06,Alpine,002,1148,122,125,1,126,0
2022-03-06,Amador,005,37829,8453,8367,636,9003,84
2022-03-06,Butte,007,227075,32944,32714,6963,39677,376
2022-03-06,Calaveras,009,45235,7215,7236,342,7578,116
2022-03-06,Colusa,011,21464,3435,3435,1042,4477,21
2022-03-06,Contra Costa,013,1133247,190408,185974,13164,199138,1256
2022-03-06,Del Norte,015,27424,5723,5744,177,5921,48
2022-03-06,El Dorado,017,186661,26537,26478,3169,29647,196
2022-03-06,Fresno,019,978130,233680,227514,24137,251651,2653
2022-03-06,Glenn,021,27897,4968,4939,1593,6532,43
2022-03-06,Humboldt,023,135768,16742,16813,2890,19703,137
2022-03-06,Imperial,025,180216,55147,54719,10478,65197,890
2022-03-06,Inyo,027,18085,4054,4053,466,4519,56
2022-03-06,Kern,029,883053,191026,190088,45564,235652,2152
2022-03-06,Kings,031,150075,51100,51050,3495,54545,432
2022-03-06,Lake,033,64148,10602,10539,873,11412,130
2022-03-06,Lassen,035,31185,8926,8887,870,9757,62
2022-03-06,Los Angeles,037,10098052,2696599,2675456,121597,2797053,30759
2022-03-06,Madera,039,155013,37108,37135,5977,43112,354
2022-03-06,Marin,041,260295,33004,32879,2151,35030,272
2022-03-06,Mariposa,043,17540,2372,2365,197,2562,6
2022-03-06,Mendocino,045,87422,12952,12923,2967,15890,116
2022-03-06,Merced,047,269075,62366,61722,8643,70365,791
2022-03-06,Modoc,049,8938,727,729,247,976,7
2022-03-06,Mono,051,14174,2961,2959,120,3079,5
2022-03-06,Monterey,053,433212,78840,78154,13226,91380,706
2022-03-06,Napa,055,140530,25466,25457,920,26377,136
2022-03-06,Nevada,057,99092,15838,15924,1176,17100,122
2022-03-06,Orange,059,3164182,543979,541903,41167,583070,6688
2022-03-06,Placer,061,380077,62358,62185,7275,69460,591
2022-03-06,Plumas,063,18699,2955,2704,358,3062,13
2022-03-06,Riverside,065,2383286,588976,587388,27554,614942,6279
2022-03-06,Sacramento,067,1510023,279114,273935,26508,300443,2869
2022-03-06,San Benito,069,59416,12880,12835,507,13342,94
2022-03-06,San Bernardino,071,2135413,572128,558139,24737,582876,6701
2022-03-06,San Diego,073,3302833,745336,742287,51937,794224,5068
2022-03-06,San Francisco,075,870044,122508,123742,8055,131797,806
2022-03-06,San Joaquin,077,732212,165847,165252,9805,175057,2091
2022-03-06,San Luis Obispo,079,281455,52031,51828,3683,55511,448
2022-03-06,San Mateo,081,765935,120284,118916,6805,125721,630
2022-03-06,Santa Barbara,083,443738,85169,85317,4653,89970,659
2022-03-06,Santa Clara,085,1922200,311151,308250,12147,320397,2201
2022-03-06,Santa Cruz,087,273765,47148,46755,2060,48815,254
2022-03-06,Shasta,089,179085,30358,30332,6031,36363,493
2022-03-06,Sierra,091,2930,271,273,47,320,4
2022-03-06,Siskiyou,093,43540,4404,4398,2703,7101,74
2022-03-06,Solano,095,438530,80918,80833,5492,86325,435
2022-03-06,Sonoma,097,501317,82710,82458,2545,85003,473
2022-03-06,Stanislaus,099,539301,116995,117680,17718,135398,1536
2022-03-06,Sutter,101,95872,20351,20390,2017,22407,217
2022-03-06,Tehama,103,63373,11993,11963,2560,14523,158
2022-03-06,Trinity,105,12862,1180,1172,286,1458,20
2022-03-06,Tulare,107,460477,105916,103794,27349,131143,1316
2022-03-06,Tuolumne,109,53932,12623,12379,552,12931,179
2022-03-06,Ventura,111,848112,172048,171819,9310,181129,1436
2022-03-06,Yolo,113,214977,36691,35882,2854,38736,306
2022-03-06,Yuba,115,75493,15715,15694,1171,16865,115
2022-03-05,Alameda,001,1643700,253409,251988,13554,265542,1760
2022-03-05,Alpine,002,1148,122,125,1,126,0
2022-03-05,Amador,005,37829,8450,8344,636,8980,83
2022-03-05,Butte,007,227075,32936,32663,6959,39622,372
2022-03-05,Calaveras,009,45235,7212,7236,342,7578,116
2022-03-05,Colusa,011,21464,3435,3433,1042,4475,21
2022-03-05,Contra Costa,013,1133247,190345,185734,13159,198893,1235
2022-03-05,Del Norte,015,27424,5720,5725,177,5902,48
2022-03-05,El Dorado,017,186661,26531,26446,3166,29612,193
2022-03-05,Fresno,019,978130,233628,227154,24136,251290,2640
2022-03-05,Glenn,021,27897,4964,4927,1593,6520,43
2022-03-05,Humboldt,023,135768,16736,16781,2888,19669,136
2022-03-05,Imperial,025,180216,55137,54650,10476,65126,880
2022-03-05,Inyo,027,18085,4053,4043,465,4508,56
2022-03-05,Kern,029,883053,190993,189817,45546,235363,2141
2022-03-05,Kings,031,150075,51093,50926,3494,54420,431
2022-03-05,Lake,033,64148,10594,10512,872,11384,130
2022-03-05,Lassen,035,31185,8917,8818,870,9688,62
2022-03-05,Los Angeles,037,10098052,2696235,2671564,121561,2793125,30608
2022-03-05,Madera,039,155013,37093,37100,5977,43077,354
2022-03-05,Marin,041,260295,32992,32829,2151,34980,272
2022-03-05,Mariposa,043,17540,2372,2363,197,2560,6
2022-03-05,Mendocino,045,87422,12949,12845,2967,15812,113
2022-03-05,Merced,047,269075,62355,61653,8643,70296,789
2022-03-05,Modoc,049,8938,727,729,247,976,7
2022-03-05,Mono,051,14174,2961,2961,120,3081,5
2022-03-05,Monterey,053,433212,78821,78028,13219,91247,704
2022-03-05,Napa,055,140530,25448,25405,920,26325,134
2022-03-05,Nevada,057,99092,15834,15907,1176,17083,122
2022-03-05,Orange,059,3164182,543855,541463,41155,582618,6638
2022-03-05,Placer,061,380077,62343,62117,7268,69385,591
2022-03-05,Plumas,063,18699,2954,2701,358,3059,13
2022-03-05,Riverside,065,2383286,588885,586785,27550,614335,6239
2022-03-05,Sacramento,067,1510023,279050,273487,26502,299989,2847
2022-03-05,San Benito,069,59416,12878,12820,507,13327,94
2022-03-05,San Bernardino,071,2135413,572070,557421,24731,582152,6641
2022-03-05,San Diego,073,3302833,745148,740747,51925,792672,5045
2022-03-05,San Francisco,075,870044,122438,123537,8052,131589,798
2022-03-05,San Joaquin,077,732212,165807,165085,9797,174882,2069
2022-03-05,San Luis Obispo,079,281455,52023,51739,3682,55421,446
2022-03-05,San Mateo,081,765935,120229,118646,6801,125447,621
2022-03-05,Santa Barbara,083,443738,85154,85249,4653,89902,655
2022-03-05,Santa Clara,085,1922200,311034,307689,12144,319833,2195
2022-03-05,Santa Cruz,087,273765,47128,46622,2060,48682,253
2022-03-05,Shasta,089,179085,30346,30282,6031,36313,492
2022-03-05,Sierra,091,2930,271,273,46,319,4
2022-03-05,Siskiyou,093,43540,4403,4389,2702,7091,74
2022-03-05,Solano,095,438530,80901,80690,5492,86182,435
2022-03-05,Sonoma,097,501317,82688,82313,2545,84858,473
2022-03-05,Stanislaus,099,539301,116969,117501,17716,135217,1531
2022-03-05,Sutter,101,95872,20343,20346,2017,22363,217
2022-03-05,Tehama,103,63373,11990,11939,2560,14499,158
2022-03-05,Trinity,105,12862,1180,1170,284,1454,20
2022-03-05,Tulare,107,460477,105902,103534,27340,130874,1305
2022-03-05,Tuolumne,109,53932,12619,12325,551,12876,178
2022-03-05,Ventura,111,848112,172007,171666,9308,180974,1436
2022-03-05,Yolo,113,214977,36677,35856,2854,38710,306
2022-03-05,Yuba,115,75493,15707,15666,1171,16837,115
2022-03-04,Alameda,001,1643700,253314,251988,13546,265534,1760
2022-03-04,Alpine,002,1148,122,125,1,126,0
2022-03-04,Amador,005,37829,8449,8344,636,8980,83
2022-03-04,Butte,007,227075,32930,32663,6954,39617,372
2022-03-04,Calaveras,009,45235,7211,7236,342,7578,116
2022-03-04,Colusa,011,21464,3433,3433,1042,4475,21
2022-03-04,Contra Costa,013,1133247,190277,185734,13156,198890,1235
2022-03-04,Del Norte,015,27424,5710,5725,177,5902,48
2022-03-04,El Dorado,017,186661,26527,26446,3166,29612,193
2022-03-04,Fresno,019,978130,233566,227154,24128,251282,2640
2022-03-04,Glenn,021,27897,4963,4927,1593,6520,43
2022-03-04,Humboldt,023,135768,16732,16781,2888,19669,136
2022-03-04,Imperial,025,180216,55130,54650,10472,65122,880
2022-03-04,Inyo,027,18085,4053,4043,465,4508,56
2022-03-04,Kern,029,883053,190951,189817,45536,235353,2141
2022-03-04,Kings,031,150075,51080,50926,3494,54420,431
2022-03-04,Lake,033,64148,10593,10512,872,11384,130
2022-03-04,Lassen,035,31185,8915,8818,870,9688,62
2022-03-04,Los Angeles,037,10098052,2695705,2671564,121531,2793095,30608
2022-03-04,Madera,039,155013,37084,37100,5977,43077,354
2022-03-04,Marin,041,260295,32970,32829,2149,34978,272
2022-03-04,Mariposa,043,17540,2367,2363,197,2560,6
2022-03-04,Mendocino,045,87422,12943,12845,2967,15812,113
2022-03-04,Merced,047,269075,62345,61653,8641,70294,789
2022-03-04,Modoc,049,8938,727,729,247,976,7
2022-03-04,Mono,051,14174,2961,2961,120,3081,5
2022-03-04,Monterey,053,433212,78801,78028,13213,91241,704
2022-03-04,Napa,055,140530,25433,25405,919,26324,134
2022-03-04,Nevada,057,99092,15829,15907,1176,17083,122
2022-03-04,Orange,059,3164182,543736,541463,41137,582600,6638
2022-03-04,Placer,061,380077,62331,62117,7265,69382,591
2022-03-04,Plumas,063,18699,2954,2701,357,3058,13
2022-03-04,Riverside,065,2383286,588798,586785,27549,614334,6239
2022-03-04,Sacramento,067,1510023,278976,273487,26499,299986,2847
2022-03-04,San Benito,069,59416,12874,12820,507,13327,94
2022-03-04,San Bernardino,071,2135413,571988,557421,24730,582151,6641
2022-03-04,San Diego,073,3302833,744910,740747,51907,792654,5045
2022-03-04,San Francisco,075,870044,122372,123537,8045,131582,798
2022-03-04,San Joaquin,077,732212,165775,165085,9796,174881,2069
2022-03-04,San Luis Obispo,079,281455,52014,51739,3681,55420,446
2022-03-04,San Mateo,081,765935,120171,118646,6799,125445,621
2022-03-04,Santa Barbara,083,443738,85131,85249,4653,89902,655
2022-03-04,Santa Clara,085,1922200,310883,307689,12142,319831,2195
2022-03-04,Santa Cruz,087,273765,47105,46622,2060,48682,253
2022-03-04,Shasta,089,179085,30338,30282,6028,36310,492
2022-03-04,Sierra,091,2930,271,273,46,319,4
2022-03-04,Siskiyou,093,43540,4402,4389,2698,7087,74
2022-03-04,Solano,095,438530,80868,80690,5489,86179,435
2022-03-04,Sonoma,097,501317,82657,82313,2544,84857,473
2022-03-04,Stanislaus,099,539301,116950,117501,17714,135215,1531
2022-03-04,Sutter,101,95872,20339,20346,2017,22363,217
2022-03-04,Tehama,103,63373,11987,11939,2560,14499,158
2022-03-04,Trinity,105,12862,1180,1170,284,1454,20
2022-03-04,Tulare,107,460477,105883,103534,27335,130869,1305
2022-03-04,Tuolumne,109,53932,12614,12325,551,12876,178
2022-03-04,Ventura,111,848112,171959,171666,9305,180971,1436
2022-03-04,Yolo,113,214977,36660,35856,2854,38710,306
2022-03-04,Yuba,115,75493,15702,15666,1170,16836,115
2022-03-03,Alameda,001,1643700,253196,251988,13534,265522,1760
2022-03-03,Alpine,002,1148,122,125,1,126,0
2022-03-03,Amador,005,37829,8448,8344,636,8980,83
2022-03-03,Butte,007,227075,32913,32663,6947,39610,372
2022-03-03,Calaveras,009,45235,7199,7236,342,7578,116
2022-03-03,Colusa,011,21464,3433,3433,1042,4475,21
2022-03-03,Contra Costa,013,1133247,190202,185734,13141,198875,1235
2022-03-03,Del Norte,015,27424,5703,5725,177,5902,48
2022-03-03,El Dorado,017,186661,26508,26446,3165,29611,193
2022-03-03,Fresno,019,978130,233437,227154,24121,251275,2640
2022-03-03,Glenn,021,27897,4960,4927,1592,6519,43
2022-03-03,Humboldt,023,135768,16717,16781,2887,19668,136
2022-03-03,Imperial,025,180216,55113,54650,10470,65120,880
2022-03-03,Inyo,027,18085,4052,4043,465,4508,56
2022-03-03,Kern,029,883053,190883,189817,45518,235335,2141
2022-03-03,Kings,031,150075,51057,50926,3492,54418,431
2022-03-03,Lake,033,64148,10588,10512,870,11382,130
2022-03-03,Lassen,035,31185,8907,8818,870,9688,62
2022-03-03,Los Angeles,037,10098052,2694980,2671564,121489,2793053,30608
2022-03-03,Madera,039,155013,37068,37100,5972,43072,354
2022-03-03,Marin,041,260295,32944,32829,2148,34977,272
2022-03-03,Mariposa,043,17540,2366,2363,197,2560,6
2022-03-03,Mendocino,045,87422,12932,12845,2965,15810,113
2022-03-03,Merced,047,269075,62325,61653,8635,70288,789
2022-03-03,Modoc,049,8938,727,729,247,976,7
2022-03-03,Mono,051,14174,2960,2961,120,3081,5
2022-03-03,Monterey,053,433212,78772,78028,13196,91224,704
2022-03-03,Napa,055,140530,25409,25405,918,26323,134
2022-03-03,Nevada,057,99092,15824,15907,1171,17078,122
2022-03-03,Orange,059,3164182,543556,541463,41110,582573,6638
2022-03-03,Placer,061,380077,62310,62117,7261,69378,591
2022-03-03,Plumas,063,18699,2953,2701,357,3058,13
2022-03-03,Riverside,065,2383286,588665,586785,27544,614329,6239
2022-03-03,Sacramento,067,1510023,278863,273487,26482,299969,2847
2022-03-03,San Benito,069,59416,12870,12820,507,13327,94
2022-03-03,San Bernardino,071,2135413,571886,557421,24724,582145,6641
2022-03-03,San Diego,073,3302833,744566,740747,51889,792636,5045
2022-03-03,San Francisco,075,870044,122298,123537,8034,131571,798
2022-03-03,San Joaquin,077,732212,165701,165085,9793,174878,2069
2022-03-03,San Luis Obispo,079,281455,51959,51739,3673,55412,446
2022-03-03,San Mateo,081,765935,120095,118646,6790,125436,621
2022-03-03,Santa Barbara,083,443738,85112,85249,4644,89893,655
2022-03-03,Santa Clara,085,1922200,310701,307689,12128,319817,2195
2022-03-03,Santa Cruz,087,273765,47055,46622,2058,48680,253
2022-03-03,Shasta,089,179085,30320,30282,6026,36308,492
2022-03-03,Sierra,091,2930,271,273,46,319,4
2022-03-03,Siskiyou,093,43540,4400,4389,2698,7087,74
2022-03-03,Solano,095,438530,80820,80690,5487,86177,435
2022-03-03,Sonoma,097,501317,82607,82313,2540,84853,473
2022-03-03,Stanislaus,099,539301,116917,117501,17706,135207,1531
2022-03-03,Sutter,101,95872,20331,20346,2017,22363,217
2022-03-03,Tehama,103,63373,11984,11939,2560,14499,158
2022-03-03,Trinity,105,12862,1179,1170,284,1454,20
2022-03-03,Tulare,107,460477,105840,103534,27327,130861,1305
2022-03-03,Tuolumne,109,53932,12603,12325,551,12876,178
2022-03-03,Ventura,111,848112,171907,171666,9303,180969,1436
2022-03-03,Yolo,113,214977,36636,35856,2849,38705,306
2022-03-03,Yuba,115,75493,15696,15666,1165,16831,115
2022-03-02,Alameda,001,1643700,253018,251886,13517,265403,1759
2022-03-02,Alpine,002,1148,122,125,1,126,0
2022-03-02,Amador,005,37829,8435,8341,636,8977,83
2022-03-02,Butte,007,227075,32901,32636,6943,39579,372
2022-03-02,Calaveras,009,45235,7198,7225,342,7567,116
2022-03-02,Colusa,011,21464,3430,3428,1042,4470,21
2022-03-02,Contra Costa,013,1133247,190109,185589,13123,198712,1236
2022-03-02,Del Norte,015,27424,5696,5708,175,5883,47
2022-03-02,El Dorado,017,186661,26496,26433,3162,29595,192
2022-03-02,Fresno,019,978130,233304,226932,24111,251043,2629
2022-03-02,Glenn,021,27897,4959,4922,1591,6513,43
2022-03-02,Humboldt,023,135768,16707,16747,2880,19627,135
2022-03-02,Imperial,025,180216,55087,54629,10465,65094,878
2022-03-02,Inyo,027,18085,4050,4041,464,4505,56
2022-03-02,Kern,029,883053,190815,189656,45499,235155,2136
2022-03-02,Kings,031,150075,51031,50819,3489,54308,431
2022-03-02,Lake,033,64148,10575,10495,868,11363,130
2022-03-02,Lassen,035,31185,8904,8811,869,9680,62
2022-03-02,Los Angeles,037,10098052,2694102,2670287,121442,2791729,30535
2022-03-02,Madera,039,155013,37051,37077,5970,43047,354
2022-03-02,Marin,041,260295,32927,32794,2147,34941,272
2022-03-02,Mariposa,043,17540,2366,2359,197,2556,6
2022-03-02,Mendocino,045,87422,12919,12832,2960,15792,112
2022-03-02,Merced,047,269075,62300,61606,8626,70232,785
2022-03-02,Modoc,049,8938,727,729,247,976,7
2022-03-02,Mono,051,14174,2960,2961,120,3081,5
2022-03-02,Monterey,053,433212,78735,77963,13173,91136,703
2022-03-02,Napa,055,140530,25360,25382,917,26299,134
2022-03-02,Nevada,057,99092,15813,15920,1170,17090,122
2022-03-02,Orange,059,3164182,543351,541230,41083,582313,6623
2022-03-02,Placer,061,380077,62287,62066,7258,69324,589
2022-03-02,Plumas,063,18699,2953,2700,357,3057,13
2022-03-02,Riverside,065,2383286,588515,586513,27534,614047,6229
2022-03-02,Sacramento,067,1510023,278746,273291,26471,299762,2837
2022-03-02,San Benito,069,59416,12859,12814,507,13321,94
2022-03-02,San Bernardino,071,2135413,571776,557082,24718,581800,6619
2022-03-02,San Diego,073,3302833,744206,739803,51841,791644,5034
2022-03-02,San Francisco,075,870044,122203,123442,8032,131474,792
2022-03-02,San Joaquin,077,732212,165641,164968,9788,174756,2063
2022-03-02,San Luis Obispo,079,281455,51921,51686,3668,55354,446
2022-03-02,San Mateo,081,765935,120008,118518,6774,125292,617
2022-03-02,Santa Barbara,083,443738,85087,85183,4643,89826,655
2022-03-02,Santa Clara,085,1922200,310487,307354,12115,319469,2184
2022-03-02,Santa Cruz,087,273765,46984,46534,2057,48591,253
2022-03-02,Shasta,089,179085,30295,30253,6016,36269,490
2022-03-02,Sierra,091,2930,271,273,46,319,4
2022-03-02,Siskiyou,093,43540,4399,4384,2695,7079,74
2022-03-02,Solano,095,438530,80754,80626,5484,86110,433
2022-03-02,Sonoma,097,501317,82561,82208,2536,84744,473
2022-03-02,Stanislaus,099,539301,116881,117411,17681,135092,1519
2022-03-02,Sutter,101,95872,20309,20317,2000,22317,216
2022-03-02,Tehama,103,63373,11980,11930,2559,14489,158
2022-03-02,Trinity,105,12862,1177,1160,284,1444,20
2022-03-02,Tulare,107,460477,105800,103451,27312,130763,1302
2022-03-02,Tuolumne,109,53932,12598,12297,551,12848,179
2022-03-02,Ventura,111,848112,171854,171770,9299,181069,1427
2022-03-02,Yolo,113,214977,36618,35799,2844,38643,305
2022-03-02,Yuba,115,75493,15683,15653,1160,16813,115
2022-03-01,Alameda,001,1643700,252848,251830,13505,265335,1749
2022-03-01,Alpine,002,1148,122,125,1,126,0
2022-03-01,Amador,005,37829,8387,8334,634,8968,83
2022-03-01,Butte,007,227075,32877,32575,6938,39513,372
2022-03-01,Calaveras,009,45235,7195,7223,341,7564,116
2022-03-01,Colusa,011,21464,3429,3423,1042,4465,21
2022-03-01,Contra Costa,013,1133247,190000,185378,13108,198486,1231
2022-03-01,Del Norte,015,27424,5693,5701,174,5875,45
2022-03-01,El Dorado,017,186661,26477,26413,3159,29572,192
2022-03-01,Fresno,019,978130,233164,226594,24097,250691,2628
2022-03-01,Glenn,021,27897,4957,4919,1589,6508,40
2022-03-01,Humboldt,023,135768,16686,16727,2873,19600,135
2022-03-01,Imperial,025,180216,55070,54570,10459,65029,875
2022-03-01,Inyo,027,18085,4046,4041,463,4504,56
2022-03-01,Kern,029,883053,190741,189365,45475,234840,2120
2022-03-01,Kings,031,150075,51009,50763,3485,54248,427
2022-03-01,Lake,033,64148,10564,10471,866,11337,128
2022-03-01,Lassen,035,31185,8900,8801,869,9670,61
2022-03-01,Los Angeles,037,10098052,2693152,2669489,121385,2790874,30486
2022-03-01,Madera,039,155013,37031,37046,5964,43010,354
2022-03-01,Marin,041,260295,32901,32764,2146,34910,272
2022-03-01,Mariposa,043,17540,2365,2357,196,2553,6
2022-03-01,Mendocino,045,87422,12908,12818,2958,15776,112
2022-03-01,Merced,047,269075,62269,61549,8612,70161,781
2022-03-01,Modoc,049,8938,727,729,247,976,7
2022-03-01,Mono,051,14174,2959,2960,120,3080,6
2022-03-01,Monterey,053,433212,78709,77911,13163,91074,696
2022-03-01,Napa,055,140530,25329,25344,917,26261,134
2022-03-01,Nevada,057,99092,15805,15916,1167,17083,121
2022-03-01,Orange,059,3164182,543135,541054,41048,582102,6612
2022-03-01,Placer,061,380077,62257,62021,7253,69274,583
2022-03-01,Plumas,063,18699,2953,2694,357,3051,13
2022-03-01,Riverside,065,2383286,588351,586184,27533,613717,6198
2022-03-01,Sacramento,067,1510023,278617,273089,26458,299547,2831
2022-03-01,San Benito,069,59416,12855,12806,507,13313,94
2022-03-01,San Bernardino,071,2135413,571642,556743,24716,581459,6588
2022-03-01,San Diego,073,3302833,743781,739136,51799,790935,5029
2022-03-01,San Francisco,075,870044,122100,123481,8026,131507,792
2022-03-01,San Joaquin,077,732212,165574,164894,9784,174678,2062
2022-03-01,San Luis Obispo,079,281455,51885,51592,3664,55256,445
2022-03-01,San Mateo,081,765935,119936,118358,6767,125125,613
2022-03-01,Santa Barbara,083,443738,85051,85134,4639,89773,654
2022-03-01,Santa Clara,085,1922200,310232,306978,12103,319081,2190
2022-03-01,Santa Cruz,087,273765,46934,46471,2054,48525,253
2022-03-01,Shasta,089,179085,30266,30227,6013,36240,489
2022-03-01,Sierra,091,2930,271,274,46,320,5
2022-03-01,Siskiyou,093,43540,4397,4384,2693,7077,74
2022-03-01,Solano,095,438530,80691,80556,5481,86037,434
2022-03-01,Sonoma,097,501317,82492,82103,2530,84633,477
2022-03-01,Stanislaus,099,539301,116829,117308,17656,134964,1521
2022-03-01,Sutter,101,95872,20295,20288,1996,22284,217
2022-03-01,Tehama,103,63373,11974,11923,2556,14479,158
2022-03-01,Trinity,105,12862,1176,1159,284,1443,20
2022-03-01,Tulare,107,460477,105718,103371,27292,130663,1302
2022-03-01,Tuolumne,109,53932,12591,12276,549,12825,175
2022-03-01,Ventura,111,848112,171784,171672,9292,180964,1427
2022-03-01,Yolo,113,214977,36593,35801,2838,38639,299
2022-03-01,Yuba,115,75493,15675,15637,1160,16797,116
2022-02-28,Alameda,001,1643700,252625,251714,13491,265205,1742
2022-02-28,Alpine,002,1148,122,125,1,126,0
2022-02-28,Amador,005,37829,8381,8308,633,8941,83
2022-02-28,Butte,007,227075,32858,32550,6932,39482,368
2022-02-28,Calaveras,009,45235,7192,7220,340,7560,110
2022-02-28,Colusa,011,21464,3428,3422,1040,4462,21
2022-02-28,Contra Costa,013,1133247,189895,185272,13089,198361,1231
2022-02-28,Del Norte,015,27424,5688,5699,173,5872,45
2022-02-28,El Dorado,017,186661,26467,26409,3154,29563,191
2022-02-28,Fresno,019,978130,232963,226519,24076,250595,2622
2022-02-28,Glenn,021,27897,4953,4918,1589,6507,40
2022-02-28,Humboldt,023,135768,16671,16717,2869,19586,135
2022-02-28,Imperial,025,180216,55043,54517,10455,64972,875
2022-02-28,Inyo,027,18085,4046,4041,462,4503,56
2022-02-28,Kern,029,883053,190649,189245,45446,234691,2115
2022-02-28,Kings,031,150075,50969,50741,3484,54225,427
2022-02-28,Lake,033,64148,10552,10468,862,11330,128
2022-02-28,Lassen,035,31185,8843,8794,869,9663,55
2022-02-28,Los Angeles,037,10098052,2691986,2666804,121291,2788095,30410
2022-02-28,Madera,039,155013,37005,37023,5948,42971,354
2022-02-28,Marin,041,260295,32876,32775,2146,34921,272
2022-02-28,Mariposa,043,17540,2362,2354,194,2548,6
2022-02-28,Mendocino,045,87422,12899,12800,2950,15750,112
2022-02-28,Merced,047,269075,62225,61519,8595,70114,781
2022-02-28,Modoc,049,8938,727,727,247,974,7
2022-02-28,Mono,051,14174,2959,2961,120,3081,5
2022-02-28,Monterey,053,433212,78642,77865,13142,91007,693
2022-02-28,Napa,055,140530,25302,25317,917,26234,129
2022-02-28,Nevada,057,99092,15799,15908,1161,17069,121
2022-02-28,Orange,059,3164182,542882,540839,41033,581872,6605
2022-02-28,Placer,061,380077,62226,61976,7248,69224,577
2022-02-28,Plumas,063,18699,2953,2691,356,3047,13
2022-02-28,Riverside,065,2383286,588159,585891,27501,613392,6179
2022-02-28,Sacramento,067,1510023,278477,273038,26434,299472,2825
2022-02-28,San Benito,069,59416,12850,12798,507,13305,94
2022-02-28,San Bernardino,071,2135413,571458,556540,24702,581242,6576
2022-02-28,San Diego,073,3302833,743393,737760,51769,789529,5018
2022-02-28,San Francisco,075,870044,121940,123402,8020,131422,792
2022-02-28,San Joaquin,077,732212,165490,164833,9774,174607,2060
2022-02-28,San Luis Obispo,079,281455,51824,51565,3657,55222,440
2022-02-28,San Mateo,081,765935,119838,118301,6761,125062,611
2022-02-28,Santa Barbara,083,443738,85007,85076,4634,89710,653
2022-02-28,Santa Clara,085,1922200,309952,306930,12082,319012,2180
2022-02-28,Santa Cruz,087,273765,46864,46447,2054,48501,253
2022-02-28,Shasta,089,179085,30241,30213,6009,36222,488
2022-02-28,Sierra,091,2930,271,273,46,319,4
2022-02-28,Siskiyou,093,43540,4394,4382,2688,7070,74
2022-02-28,Solano,095,438530,80623,80544,5469,86013,430
2022-02-28,Sonoma,097,501317,82424,82058,2527,84585,477
2022-02-28,Stanislaus,099,539301,116765,117231,17639,134870,1521
2022-02-28,Sutter,101,95872,20282,20285,1993,22278,214
2022-02-28,Tehama,103,63373,11961,11917,2556,14473,158
2022-02-28,Trinity,105,12862,1176,1160,284,1444,20
2022-02-28,Tulare,107,460477,105670,103304,27276,130580,1300
2022-02-28,Tuolumne,109,53932,12581,12247,549,12796,175
2022-02-28,Ventura,111,848112,171700,171614,9291,180905,1423
2022-02-28,Yolo,113,214977,36557,35754,2831,38585,299
2022-02-28,Yuba,115,75493,15660,15625,1159,16784,115
2022-02-27,Alameda,001,1643700,252351,251624,13482,265106,1744
2022-02-27,Alpine,002,1148,122,125,1,126,0
2022-02-27,Amador,005,37829,8377,8305,630,8935,83
2022-02-27,Butte,007,227075,32822,32551,6919,39470,368
2022-02-27,Calaveras,009,45235,7184,7214,340,7554,110
2022-02-27,Colusa,011,21464,3426,3422,1040,4462,21
2022-02-27,Contra Costa,013,1133247,189766,185185,13069,198254,1230
2022-02-27,Del Norte,015,27424,5671,5691,171,5862,45
2022-02-27,El Dorado,017,186661,26450,26410,3152,29562,191
2022-02-27,Fresno,019,978130,232764,226397,24048,250445,2621
2022-02-27,Glenn,021,27897,4951,4915,1589,6504,40
2022-02-27,Humboldt,023,135768,16649,16713,2862,19575,135
2022-02-27,Imperial,025,180216,54995,54509,10438,64947,875
2022-02-27,Inyo,027,18085,4045,4041,458,4499,56
2022-02-27,Kern,029,883053,190532,189219,45407,234626,2115
2022-02-27,Kings,031,150075,50941,50733,3483,54216,428
2022-02-27,Lake,033,64148,10533,10463,862,11325,128
2022-02-27,Lassen,035,31185,8835,8786,869,9655,55
2022-02-27,Los Angeles,037,10098052,2690677,2666789,121210,2787999,30410
2022-02-27,Madera,039,155013,36979,37009,5940,42949,354
2022-02-27,Marin,041,260295,32838,32756,2144,34900,272
2022-02-27,Mariposa,043,17540,2359,2352,194,2546,6
2022-02-27,Mendocino,045,87422,12882,12798,2937,15735,112
2022-02-27,Merced,047,269075,62172,61491,8577,70068,779
2022-02-27,Modoc,049,8938,726,727,247,974,7
2022-02-27,Mono,051,14174,2958,2960,120,3080,5
2022-02-27,Monterey,053,433212,78585,77851,13118,90969,693
2022-02-27,Napa,055,140530,25265,25316,917,26233,129
2022-02-27,Nevada,057,99092,15791,15900,1157,17057,121
2022-02-27,Orange,059,3164182,542635,540659,41003,581662,6605
2022-02-27,Placer,061,380077,62185,61965,7244,69209,577
2022-02-27,Plumas,063,18699,2950,2691,356,3047,13
2022-02-27,Riverside,065,2383286,587918,585833,27477,613310,6179
2022-02-27,Sacramento,067,1510023,278288,272927,26405,299332,2822
2022-02-27,San Benito,069,59416,12843,12798,507,13305,94
2022-02-27,San Bernardino,071,2135413,571273,556457,24692,581149,6572
2022-02-27,San Diego,073,3302833,742921,737760,51723,789483,5018
2022-02-27,San Francisco,075,870044,121816,123327,8009,131336,791
2022-02-27,San Joaquin,077,732212,165386,164814,9767,174581,2060
2022-02-27,San Luis Obispo,079,281455,51732,51564,3650,55214,439
2022-02-27,San Mateo,081,765935,119728,118244,6756,125000,611
2022-02-27,Santa Barbara,083,443738,84969,85050,4630,89680,653
2022-02-27,Santa Clara,085,1922200,309663,306756,12055,318811,2180
2022-02-27,Santa Cruz,087,273765,46803,46411,2054,48465,253
2022-02-27,Shasta,089,179085,30209,30206,6004,36210,488
2022-02-27,Sierra,091,2930,271,273,46,319,4
2022-02-27,Siskiyou,093,43540,4389,4378,2676,7054,74
2022-02-27,Solano,095,438530,80549,80515,5456,85971,430
2022-02-27,Sonoma,097,501317,82342,82041,2520,84561,476
2022-02-27,Stanislaus,099,539301,116699,117200,17619,134819,1522
2022-02-27,Sutter,101,95872,20265,20280,1987,22267,214
2022-02-27,Tehama,103,63373,11948,11915,2555,14470,158
2022-02-27,Trinity,105,12862,1175,1158,284,1442,20
2022-02-27,Tulare,107,460477,105601,103270,27229,130499,1300
2022-02-27,Tuolumne,109,53932,12568,12243,548,12791,175
2022-02-27,Ventura,111,848112,171625,171660,9287,180947,1423
2022-02-27,Yolo,113,214977,36530,35744,2826,38570,299
2022-02-27,Yuba,115,75493,15650,15619,1157,16776,113
2022-02-26,Alameda,001,1643700,252238,250867,13478,264345,1716
2022-02-26,Alpine,002,1148,122,125,1,126,0
2022-02-26,Amador,005,37829,8375,8282,629,8911,83
2022-02-26,Butte,007,227075,32808,32466,6916,39382,368
2022-02-26,Calaveras,009,45235,7183,7192,340,7532,110
2022-02-26,Colusa,011,21464,3426,3414,1040,4454,21
2022-02-26,Contra Costa,013,1133247,189698,184686,13051,197737,1209
2022-02-26,Del Norte,015,27424,5666,5639,171,5810,45
2022-02-26,El Dorado,017,186661,26439,26355,3149,29504,191
2022-02-26,Fresno,019,978130,232674,225679,24048,249727,2597
2022-02-26,Glenn,021,27897,4949,4909,1588,6497,40
2022-02-26,Humboldt,023,135768,16624,16619,2861,19480,133
2022-02-26,Imperial,025,180216,54968,54367,10436,64803,871
2022-02-26,Inyo,027,18085,4044,4034,453,4487,56
2022-02-26,Kern,029,883053,190479,188584,45388,233972,2106
2022-02-26,Kings,031,150075,50928,50579,3483,54062,423
2022-02-26,Lake,033,64148,10528,10383,862,11245,128
2022-02-26,Lassen,035,31185,8834,8761,869,9630,55
2022-02-26,Los Angeles,037,10098052,2690106,2660973,121170,2782143,30202
2022-02-26,Madera,039,155013,36964,36933,5938,42871,330
2022-02-26,Marin,041,260295,32822,32651,2142,34793,267
2022-02-26,Mariposa,043,17540,2358,2332,194,2526,6
2022-02-26,Mendocino,045,87422,12875,12762,2937,15699,111
2022-02-26,Merced,047,269075,62152,61348,8576,69924,775
2022-02-26,Modoc,049,8938,726,726,247,973,7
2022-02-26,Mono,051,14174,2958,2959,119,3078,5
2022-02-26,Monterey,053,433212,78553,77610,13112,90722,692
2022-02-26,Napa,055,140530,25250,25221,916,26137,130
2022-02-26,Nevada,057,99092,15787,15850,1155,17005,121
2022-02-26,Orange,059,3164182,542523,539992,40986,580978,6540
2022-02-26,Placer,061,380077,62166,61803,7241,69044,573
2022-02-26,Plumas,063,18699,2950,2673,356,3029,13
2022-02-26,Riverside,065,2383286,587796,584835,27468,612303,6143
2022-02-26,Sacramento,067,1510023,278191,272339,26395,298734,2793
2022-02-26,San Benito,069,59416,12839,12770,507,13277,92
2022-02-26,San Bernardino,071,2135413,571184,555668,24685,580353,6505
2022-02-26,San Diego,073,3302833,742698,736049,51699,787748,5002
2022-02-26,San Francisco,075,870044,121746,123079,8001,131080,769
2022-02-26,San Joaquin,077,732212,165353,164418,9766,174184,2048
2022-02-26,San Luis Obispo,079,281455,51720,51358,3648,55006,438
2022-02-26,San Mateo,081,765935,119674,117860,6755,124615,603
2022-02-26,Santa Barbara,083,443738,84938,84830,4630,89460,652
2022-02-26,Santa Clara,085,1922200,309514,305895,12051,317946,2166
2022-02-26,Santa Cruz,087,273765,46780,46186,2054,48240,251
2022-02-26,Shasta,089,179085,30200,30108,5998,36106,485
2022-02-26,Sierra,091,2930,271,270,46,316,1
2022-02-26,Siskiyou,093,43540,4389,4359,2674,7033,72
2022-02-26,Solano,095,438530,80514,80225,5452,85677,428
2022-02-26,Sonoma,097,501317,82308,81702,2518,84220,432
2022-02-26,Stanislaus,099,539301,116661,116896,17614,134510,1503
2022-02-26,Sutter,101,95872,20256,20230,1987,22217,214
2022-02-26,Tehama,103,63373,11942,11878,2553,14431,158
2022-02-26,Trinity,105,12862,1174,1156,284,1440,20
2022-02-26,Tulare,107,460477,105564,102983,27214,130197,1295
2022-02-26,Tuolumne,109,53932,12565,12169,548,12717,175
2022-02-26,Ventura,111,848112,171593,171292,9284,180576,1411
2022-02-26,Yolo,113,214977,36509,35615,2823,38438,296
2022-02-26,Yuba,115,75493,15638,15587,1157,16744,113
2022-02-25,Alameda,001,1643700,252114,250867,13469,264336,1716
2022-02-25,Alpine,002,1148,122,125,1,126,0
2022-02-25,Amador,005,37829,8364,8282,629,8911,83
2022-02-25,Butte,007,227075,32795,32466,6913,39379,368
2022-02-25,Calaveras,009,45235,7181,7192,340,7532,110
2022-02-25,Colusa,011,21464,3426,3414,1040,4454,21
2022-02-25,Contra Costa,013,1133247,189614,184686,13030,197716,1209
2022-02-25,Del Norte,015,27424,5657,5639,171,5810,45
2022-02-25,El Dorado,017,186661,26431,26355,3149,29504,191
2022-02-25,Fresno,019,978130,232578,225679,24041,249720,2597
2022-02-25,Glenn,021,27897,4947,4909,1588,6497,40
2022-02-25,Humboldt,023,135768,16613,16619,2861,19480,133
2022-02-25,Imperial,025,180216,54950,54367,10435,64802,871
2022-02-25,Inyo,027,18085,4043,4034,453,4487,56
2022-02-25,Kern,029,883053,190413,188584,45375,233959,2106
2022-02-25,Kings,031,150075,50914,50579,3481,54060,423
2022-02-25,Lake,033,64148,10510,10383,862,11245,128
2022-02-25,Lassen,035,31185,8831,8761,869,9630,55
2022-02-25,Los Angeles,037,10098052,2689519,2660973,121138,2782111,30202
2022-02-25,Madera,039,155013,36944,36933,5937,42870,330
2022-02-25,Marin,041,260295,32808,32651,2142,34793,267
2022-02-25,Mariposa,043,17540,2355,2332,194,2526,6
2022-02-25,Mendocino,045,87422,12873,12762,2937,15699,111
2022-02-25,Merced,047,269075,62122,61348,8571,69919,775
2022-02-25,Modoc,049,8938,726,726,247,973,7
2022-02-25,Mono,051,14174,2957,2959,119,3078,5
2022-02-25,Monterey,053,433212,78525,77610,13106,90716,692
2022-02-25,Napa,055,140530,25241,25221,916,26137,130
2022-02-25,Nevada,057,99092,15776,15850,1152,17002,121
2022-02-25,Orange,059,3164182,542388,539992,40963,580955,6540
2022-02-25,Placer,061,380077,62151,61803,7236,69039,573
2022-02-25,Plumas,063,18699,2948,2673,356,3029,13
2022-02-25,Riverside,065,2383286,587643,584835,27456,612291,6143
2022-02-25,Sacramento,067,1510023,278089,272339,26390,298729,2793
2022-02-25,San Benito,069,59416,12837,12770,507,13277,92
2022-02-25,San Bernardino,071,2135413,571077,555668,24678,580346,6505
2022-02-25,San Diego,073,3302833,742416,736049,51680,787729,5002
2022-02-25,San Francisco,075,870044,121665,123079,7998,131077,769
2022-02-25,San Joaquin,077,732212,165313,164418,9761,174179,2048
2022-02-25,San Luis Obispo,079,281455,51716,51358,3639,54997,438
2022-02-25,San Mateo,081,765935,119612,117860,6751,124611,603
2022-02-25,Santa Barbara,083,443738,84902,84830,4630,89460,652
2022-02-25,Santa Clara,085,1922200,309328,305895,12048,317943,2166
2022-02-25,Santa Cruz,087,273765,46746,46186,2052,48238,251
2022-02-25,Shasta,089,179085,30191,30108,5996,36104,485
2022-02-25,Sierra,091,2930,271,270,46,316,1
2022-02-25,Siskiyou,093,43540,4389,4359,2673,7032,72
2022-02-25,Solano,095,438530,80485,80225,5451,85676,428
2022-02-25,Sonoma,097,501317,82257,81702,2516,84218,432
2022-02-25,Stanislaus,099,539301,116633,116896,17610,134506,1503
2022-02-25,Sutter,101,95872,20247,20230,1987,22217,214
2022-02-25,Tehama,103,63373,11940,11878,2553,14431,158
2022-02-25,Trinity,105,12862,1174,1156,284,1440,20
2022-02-25,Tulare,107,460477,105531,102983,27192,130175,1295
2022-02-25,Tuolumne,109,53932,12562,12169,548,12717,175
2022-02-25,Ventura,111,848112,171542,171292,9283,180575,1411
2022-02-25,Yolo,113,214977,36494,35615,2823,38438,296
2022-02-25,Yuba,115,75493,15631,15587,1157,16744,113
2022-02-24,Alameda,001,1643700,251906,250867,13460,264327,1716
2022-02-24,Alpine,002,1148,122,125,1,126,0
2022-02-24,Amador,005,37829,8359,8282,628,8910,83
2022-02-24,Butte,007,227075,32774,32466,6909,39375,368
2022-02-24,Calaveras,009,45235,7179,7192,338,7530,110
2022-02-24,Colusa,011,21464,3425,3414,1039,4453,21
2022-02-24,Contra Costa,013,1133247,189484,184686,13021,197707,1209
2022-02-24,Del Norte,015,27424,5642,5639,170,5809,45
2022-02-24,El Dorado,017,186661,26415,26355,3149,29504,191
2022-02-24,Fresno,019,978130,232384,225679,24026,249705,2597
2022-02-24,Glenn,021,27897,4945,4909,1587,6496,40
2022-02-24,Humboldt,023,135768,16597,16619,2860,19479,133
2022-02-24,Imperial,025,180216,54910,54367,10426,64793,871
2022-02-24,Inyo,027,18085,4042,4034,452,4486,56
2022-02-24,Kern,029,883053,190273,188584,45342,233926,2106
2022-02-24,Kings,031,150075,50884,50579,3476,54055,423
2022-02-24,Lake,033,64148,10493,10383,862,11245,128
2022-02-24,Lassen,035,31185,8827,8761,868,9629,55
2022-02-24,Los Angeles,037,10098052,2688362,2660973,121083,2782056,30202
2022-02-24,Madera,039,155013,36918,36933,5935,42868,330
2022-02-24,Marin,041,260295,32788,32651,2141,34792,267
2022-02-24,Mariposa,043,17540,2349,2332,193,2525,6
2022-02-24,Mendocino,045,87422,12866,12762,2933,15695,111
2022-02-24,Merced,047,269075,62092,61348,8562,69910,775
2022-02-24,Modoc,049,8938,725,726,247,973,7
2022-02-24,Mono,051,14174,2956,2959,119,3078,5
2022-02-24,Monterey,053,433212,78473,77610,13098,90708,692
2022-02-24,Napa,055,140530,25201,25221,912,26133,130
2022-02-24,Nevada,057,99092,15762,15850,1152,17002,121
2022-02-24,Orange,059,3164182,542139,539992,40927,580919,6540
2022-02-24,Placer,061,380077,62114,61803,7234,69037,573
2022-02-24,Plumas,063,18699,2943,2673,355,3028,13
2022-02-24,Riverside,065,2383286,587392,584835,27430,612265,6143
2022-02-24,Sacramento,067,1510023,277916,272339,26374,298713,2793
2022-02-24,San Benito,069,59416,12826,12770,507,13277,92
2022-02-24,San Bernardino,071,2135413,570884,555668,24666,580334,6505
2022-02-24,San Diego,073,3302833,742002,736049,51633,787682,5002
2022-02-24,San Francisco,075,870044,121541,123079,7991,131070,769
2022-02-24,San Joaquin,077,732212,165185,164418,9757,174175,2048
2022-02-24,San Luis Obispo,079,281455,51670,51358,3637,54995,438
2022-02-24,San Mateo,081,765935,119519,117860,6745,124605,603
2022-02-24,Santa Barbara,083,443738,84837,84830,4629,89459,652
2022-02-24,Santa Clara,085,1922200,309093,305895,12035,317930,2166
2022-02-24,Santa Cruz,087,273765,46665,46186,2050,48236,251
2022-02-24,Shasta,089,179085,30172,30108,5990,36098,485
2022-02-24,Sierra,091,2930,271,270,46,316,1
2022-02-24,Siskiyou,093,43540,4386,4359,2670,7029,72
2022-02-24,Solano,095,438530,80406,80225,5447,85672,428
2022-02-24,Sonoma,097,501317,82203,81702,2511,84213,432
2022-02-24,Stanislaus,099,539301,116558,116896,17597,134493,1503
2022-02-24,Sutter,101,95872,20233,20230,1971,22201,214
2022-02-24,Tehama,103,63373,11934,11878,2552,14430,158
2022-02-24,Trinity,105,12862,1172,1156,284,1440,20
2022-02-24,Tulare,107,460477,105475,102983,27163,130146,1295
2022-02-24,Tuolumne,109,53932,12551,12169,546,12715,175
2022-02-24,Ventura,111,848112,171464,171292,9280,180572,1411
2022-02-24,Yolo,113,214977,36468,35615,2821,38436,296
2022-02-24,Yuba,115,75493,15617,15587,1157,16744,113
2022-02-23,Alameda,001,1643700,251680,247686,13446,261132,1713
2022-02-23,Alpine,002,1148,122,125,1,126,0
2022-02-23,Amador,005,37829,8341,8274,628,8902,79
2022-02-23,Butte,007,227075,32747,32417,6906,39323,367
2022-02-23,Calaveras,009,45235,7169,7182,337,7519,107
2022-02-23,Colusa,011,21464,3421,3411,1039,4450,21
2022-02-23,Contra Costa,013,1133247,189341,184013,13008,197021,1209
2022-02-23,Del Norte,015,27424,5631,5625,169,5794,45
2022-02-23,El Dorado,017,186661,26399,26317,3145,29462,189
2022-02-23,Fresno,019,978130,232197,225308,24003,249311,2596
2022-02-23,Glenn,021,27897,4941,4909,1585,6494,40
2022-02-23,Humboldt,023,135768,16581,16601,2857,19458,132
2022-02-23,Imperial,025,180216,54871,54292,10413,64705,871
2022-02-23,Inyo,027,18085,4041,4031,449,4480,54
2022-02-23,Kern,029,883053,190170,188432,45295,233727,2106
2022-02-23,Kings,031,150075,50851,50416,3475,53891,423
2022-02-23,Lake,033,64148,10475,10368,861,11229,126
2022-02-23,Lassen,035,31185,8811,8749,868,9617,55
2022-02-23,Los Angeles,037,10098052,2687001,2659569,121041,2780610,30167
2022-02-23,Madera,039,155013,36887,36876,5925,42801,330
2022-02-23,Marin,041,260295,32765,32625,2140,34765,267
2022-02-23,Mariposa,043,17540,2344,2325,192,2517,6
2022-02-23,Mendocino,045,87422,12856,12747,2929,15676,111
2022-02-23,Merced,047,269075,62060,61295,8556,69851,772
2022-02-23,Modoc,049,8938,725,723,246,969,7
2022-02-23,Mono,051,14174,2955,2960,119,3079,5
2022-02-23,Monterey,053,433212,78435,77472,13075,90547,691
2022-02-23,Napa,055,140530,25176,25185,907,26092,128
2022-02-23,Nevada,057,99092,15756,15825,1149,16974,121
2022-02-23,Orange,059,3164182,541833,539631,40905,580536,6520
2022-02-23,Placer,061,380077,62067,61758,7227,68985,573
2022-02-23,Plumas,063,18699,2939,2663,355,3018,13
2022-02-23,Riverside,065,2383286,587101,584381,27394,611775,6119
2022-02-23,Sacramento,067,1510023,277757,272057,26353,298410,2796
2022-02-23,San Benito,069,59416,12819,12756,506,13262,92
2022-02-23,San Bernardino,071,2135413,570724,555238,24650,579888,6479
2022-02-23,San Diego,073,3302833,741499,735406,51583,786989,4988
2022-02-23,San Francisco,075,870044,121415,122127,7989,130116,769
2022-02-23,San Joaquin,077,732212,165093,164257,9751,174008,2042
2022-02-23,San Luis Obispo,079,281455,51622,51264,3635,54899,434
2022-02-23,San Mateo,081,765935,119428,117585,6736,124321,603
2022-02-23,Santa Barbara,083,443738,84776,84760,4625,89385,651
2022-02-23,Santa Clara,085,1922200,308836,305484,12026,317510,2157
2022-02-23,Santa Cruz,087,273765,46595,46059,2049,48108,251
2022-02-23,Shasta,089,179085,30144,30066,5987,36053,481
2022-02-23,Sierra,091,2930,271,270,46,316,1
2022-02-23,Siskiyou,093,43540,4383,4356,2668,7024,71
2022-02-23,Solano,095,438530,80316,80103,5445,85548,427
2022-02-23,Sonoma,097,501317,82149,81594,2509,84103,432
2022-02-23,Stanislaus,099,539301,116481,116789,17588,134377,1482
2022-02-23,Sutter,101,95872,20216,20194,1967,22161,213
2022-02-23,Tehama,103,63373,11924,11863,2552,14415,154
2022-02-23,Trinity,105,12862,1172,1156,284,1440,20
2022-02-23,Tulare,107,460477,105410,102812,27140,129952,1290
2022-02-23,Tuolumne,109,53932,12542,12158,545,12703,175
2022-02-23,Ventura,111,848112,171376,171163,9273,180436,1401
2022-02-23,Yolo,113,214977,36430,35590,2814,38404,296
2022-02-23,Yuba,115,75493,15614,15571,1155,16726,113
2022-02-22,Alameda,001,1643700,251432,247434,13435,260869,1706
2022-02-22,Alpine,002,1148,122,124,1,125,0
2022-02-22,Amador,005,37829,8331,8243,628,8871,79
2022-02-22,Butte,007,227075,32712,32359,6899,39258,366
2022-02-22,Calaveras,009,45235,7160,7178,337,7515,107
2022-02-22,Colusa,011,21464,3420,3402,1037,4439,21
2022-02-22,Contra Costa,013,1133247,189189,183812,12989,196801,1201
2022-02-22,Del Norte,015,27424,5622,5611,168,5779,45
2022-02-22,El Dorado,017,186661,26390,26289,3145,29434,189
2022-02-22,Fresno,019,978130,231971,225104,23977,249081,2592
2022-02-22,Glenn,021,27897,4940,4900,1584,6484,40
2022-02-22,Humboldt,023,135768,16557,16559,2853,19412,132
2022-02-22,Imperial,025,180216,54839,54227,10409,64636,864
2022-02-22,Inyo,027,18085,4039,4026,447,4473,54
2022-02-22,Kern,029,883053,190050,188237,45259,233496,2102
2022-02-22,Kings,031,150075,50789,50359,3473,53832,423
2022-02-22,Lake,033,64148,10464,10353,859,11212,126
2022-02-22,Lassen,035,31185,8807,8730,868,9598,55
2022-02-22,Los Angeles,037,10098052,2685542,2658230,120951,2779181,30129
2022-02-22,Madera,039,155013,36853,36833,5916,42749,330
2022-02-22,Marin,041,260295,32740,32591,2139,34730,267
2022-02-22,Mariposa,043,17540,2336,2322,192,2514,6
2022-02-22,Mendocino,045,87422,12842,12714,2919,15633,110
2022-02-22,Merced,047,269075,61999,61241,8549,69790,770
2022-02-22,Modoc,049,8938,722,720,246,966,6
2022-02-22,Mono,051,14174,2955,2961,119,3080,5
2022-02-22,Monterey,053,433212,78381,77359,13056,90415,690
2022-02-22,Napa,055,140530,25147,25151,906,26057,128
2022-02-22,Nevada,057,99092,15740,15815,1148,16963,121
2022-02-22,Orange,059,3164182,541546,539390,40871,580261,6502
2022-02-22,Placer,061,380077,62031,61709,7222,68931,572
2022-02-22,Plumas,063,18699,2933,2659,354,3013,13
2022-02-22,Riverside,065,2383286,586843,583969,27374,611343,6097
2022-02-22,Sacramento,067,1510023,277567,271789,26329,298118,2775
2022-02-22,San Benito,069,59416,12808,12742,505,13247,92
2022-02-22,San Bernardino,071,2135413,570521,554903,24631,579534,6451
2022-02-22,San Diego,073,3302833,740975,734536,51528,786064,4974
2022-02-22,San Francisco,075,870044,121285,121954,7985,129939,769
2022-02-22,San Joaquin,077,732212,164973,164111,9741,173852,2040
2022-02-22,San Luis Obispo,079,281455,51537,51193,3629,54822,431
2022-02-22,San Mateo,081,765935,119334,117418,6731,124149,603
2022-02-22,Santa Barbara,083,443738,84715,84701,4621,89322,650
2022-02-22,Santa Clara,085,1922200,308553,305045,12020,317065,2155
2022-02-22,Santa Cruz,087,273765,46530,45958,2049,48007,251
2022-02-22,Shasta,089,179085,30119,30024,5982,36006,479
2022-02-22,Sierra,091,2930,271,269,45,314,0
2022-02-22,Siskiyou,093,43540,4380,4350,2663,7013,70
2022-02-22,Solano,095,438530,80240,79968,5443,85411,425
2022-02-22,Sonoma,097,501317,82083,81412,2505,83917,431
2022-02-22,Stanislaus,099,539301,116402,116676,17568,134244,1475
2022-02-22,Sutter,101,95872,20200,20164,1965,22129,210
2022-02-22,Tehama,103,63373,11915,11852,2551,14403,152
2022-02-22,Trinity,105,12862,1172,1147,283,1430,20
2022-02-22,Tulare,107,460477,105302,102717,27111,129828,1287
2022-02-22,Tuolumne,109,53932,12523,12136,544,12680,175
2022-02-22,Ventura,111,848112,171291,171064,9267,180331,1401
2022-02-22,Yolo,113,214977,36393,35527,2809,38336,292
2022-02-22,Yuba,115,75493,15604,15550,1154,16704,110
2022-02-21,Alameda,001,1643700,251149,247434,13419,260853,1704
2022-02-21,Alpine,002,1148,122,124,1,125,0
2022-02-21,Amador,005,37829,8325,8246,628,8874,79
2022-02-21,Butte,007,227075,32670,32356,6875,39231,366
2022-02-21,Calaveras,009,45235,7152,7175,337,7512,107
2022-02-21,Colusa,011,21464,3418,3401,1035,4436,21
2022-02-21,Contra Costa,013,1133247,188960,183701,12975,196676,1201
2022-02-21,Del Norte,015,27424,5604,5601,167,5768,45
2022-02-21,El Dorado,017,186661,26362,26273,3140,29413,189
2022-02-21,Fresno,019,978130,231655,224923,23921,248844,2592
2022-02-21,Glenn,021,27897,4935,4897,1584,6481,40
2022-02-21,Humboldt,023,135768,16514,16548,2845,19393,132
2022-02-21,Imperial,025,180216,54779,54208,10396,64604,864
2022-02-21,Inyo,027,18085,4036,4023,447,4470,54
2022-02-21,Kern,029,883053,189857,188188,45207,233395,2102
2022-02-21,Kings,031,150075,50723,50188,3470,53658,422
2022-02-21,Lake,033,64148,10442,10334,857,11191,126
2022-02-21,Lassen,035,31185,8799,8705,863,9568,55
2022-02-21,Los Angeles,037,10098052,2683768,2656873,120856,2777729,30108
2022-02-21,Madera,039,155013,36816,36796,5895,42691,330
2022-02-21,Marin,041,260295,32716,32570,2139,34709,258
2022-02-21,Mariposa,043,17540,2333,2321,192,2513,6
2022-02-21,Mendocino,045,87422,12815,12706,2908,15614,110
2022-02-21,Merced,047,269075,61942,61209,8531,69740,770
2022-02-21,Modoc,049,8938,721,718,246,964,6
2022-02-21,Mono,051,14174,2954,2960,119,3079,5
2022-02-21,Monterey,053,433212,78287,77354,13015,90369,690
2022-02-21,Napa,055,140530,25108,25126,906,26032,128
2022-02-21,Nevada,057,99092,15729,15810,1145,16955,121
2022-02-21,Orange,059,3164182,541194,539068,40846,579914,6502
2022-02-21,Placer,061,380077,61978,61727,7219,68946,572
2022-02-21,Plumas,063,18699,2930,2657,349,3006,13
2022-02-21,Riverside,065,2383286,586472,583712,27327,611039,6097
2022-02-21,Sacramento,067,1510023,277314,271588,26295,297883,2769
2022-02-21,San Benito,069,59416,12795,12731,505,13236,92
2022-02-21,San Bernardino,071,2135413,570283,554662,24610,579272,6441
2022-02-21,San Diego,073,3302833,740361,732298,51450,783748,4974
2022-02-21,San Francisco,075,870044,121104,121865,7981,129846,769
2022-02-21,San Joaquin,077,732212,164833,164036,9729,173765,2040
2022-02-21,San Luis Obispo,079,281455,51446,51184,3622,54806,429
2022-02-21,San Mateo,081,765935,119241,117259,6723,123982,605
2022-02-21,Santa Barbara,083,443738,84638,84626,4613,89239,650
2022-02-21,Santa Clara,085,1922200,308222,304858,12014,316872,2158
2022-02-21,Santa Cruz,087,273765,46404,45941,2048,47989,251
2022-02-21,Shasta,089,179085,30074,30004,5974,35978,479
2022-02-21,Sierra,091,2930,271,269,45,314,0
2022-02-21,Siskiyou,093,43540,4369,4337,2657,6994,70
2022-02-21,Solano,095,438530,80147,79906,5438,85344,425
2022-02-21,Sonoma,097,501317,81970,81361,2498,83859,431
2022-02-21,Stanislaus,099,539301,116295,116597,17544,134141,1475
2022-02-21,Sutter,101,95872,20176,20152,1963,22115,210
2022-02-21,Tehama,103,63373,11901,11842,2550,14392,152
2022-02-21,Trinity,105,12862,1171,1147,283,1430,20
2022-02-21,Tulare,107,460477,105208,102614,27067,129681,1287
2022-02-21,Tuolumne,109,53932,12512,12126,541,12667,175
2022-02-21,Ventura,111,848112,171152,170939,9258,180197,1401
2022-02-21,Yolo,113,214977,36350,35518,2800,38318,292
2022-02-21,Yuba,115,75493,15585,15546,1145,16691,110
2022-02-20,Alameda,001,1643700,250920,246028,13411,259439,1700
2022-02-20,Alpine,002,1148,122,124,1,125,0
2022-02-20,Amador,005,37829,8313,8203,628,8831,79
2022-02-20,Butte,007,227075,32642,32173,6871,39044,364
2022-02-20,Calaveras,009,45235,7149,7136,336,7472,107
2022-02-20,Colusa,011,21464,3415,3389,1034,4423,21
2022-02-20,Contra Costa,013,1133247,188830,182797,12970,195767,1190
2022-02-20,Del Norte,015,27424,5589,5511,167,5678,45
2022-02-20,El Dorado,017,186661,26341,26101,3139,29240,189
2022-02-20,Fresno,019,978130,231459,223594,23905,247499,2544
2022-02-20,Glenn,021,27897,4932,4881,1584,6465,39
2022-02-20,Humboldt,023,135768,16502,16393,2841,19234,132
2022-02-20,Imperial,025,180216,54713,53967,10386,64353,862
2022-02-20,Inyo,027,18085,4036,4018,446,4464,52
2022-02-20,Kern,029,883053,189722,187158,45162,232320,2095
2022-02-20,Kings,031,150075,50695,49724,3467,53191,421
2022-02-20,Lake,033,64148,10409,10184,856,11040,126
2022-02-20,Lassen,035,31185,8787,8640,863,9503,55
2022-02-20,Los Angeles,037,10098052,2682446,2642878,120774,2763652,29842
2022-02-20,Madera,039,155013,36785,36526,5891,42417,330
2022-02-20,Marin,041,260295,32699,32441,2139,34580,258
2022-02-20,Mariposa,043,17540,2327,2310,190,2500,6
2022-02-20,Mendocino,045,87422,12805,12625,2905,15530,110
2022-02-20,Merced,047,269075,61914,60886,8526,69412,769
2022-02-20,Modoc,049,8938,720,714,246,960,6
2022-02-20,Mono,051,14174,2954,2956,119,3075,5
2022-02-20,Monterey,053,433212,78227,76765,13002,89767,682
2022-02-20,Napa,055,140530,25086,24970,904,25874,127
2022-02-20,Nevada,057,99092,15718,15715,1144,16859,121
2022-02-20,Orange,059,3164182,540875,538019,40808,578827,6416
2022-02-20,Placer,061,380077,61943,61417,7211,68628,560
2022-02-20,Plumas,063,18699,2926,2646,347,2993,13
2022-02-20,Riverside,065,2383286,586203,581788,27301,609089,6087
2022-02-20,Sacramento,067,1510023,277134,270080,26271,296351,2747
2022-02-20,San Benito,069,59416,12792,12665,505,13170,92
2022-02-20,San Bernardino,071,2135413,570075,553151,24593,577744,6400
2022-02-20,San Diego,073,3302833,739790,729549,51385,780934,4947
2022-02-20,San Francisco,075,870044,120967,121197,7971,129168,756
2022-02-20,San Joaquin,077,732212,164714,163083,9718,172801,2033
2022-02-20,San Luis Obispo,079,281455,51417,50823,3618,54441,424
2022-02-20,San Mateo,081,765935,119166,116648,6716,123364,598
2022-02-20,Santa Barbara,083,443738,84594,83988,4611,88599,642
2022-02-20,Santa Clara,085,1922200,307938,303077,12006,315083,2138
2022-02-20,Santa Cruz,087,273765,46338,45532,2045,47577,250
2022-02-20,Shasta,089,179085,30045,29847,5967,35814,479
2022-02-20,Sierra,091,2930,271,269,45,314,0
2022-02-20,Siskiyou,093,43540,4364,4307,2656,6963,70
2022-02-20,Solano,095,438530,80072,78914,5434,84348,424
2022-02-20,Sonoma,097,501317,81895,80843,2495,83338,431
2022-02-20,Stanislaus,099,539301,116229,115976,17527,133503,1454
2022-02-20,Sutter,101,95872,20164,20060,1960,22020,210
2022-02-20,Tehama,103,63373,11889,11760,2547,14307,152
2022-02-20,Trinity,105,12862,1170,1130,283,1413,20
2022-02-20,Tulare,107,460477,105120,101996,27042,129038,1286
2022-02-20,Tuolumne,109,53932,12491,12036,541,12577,175
2022-02-20,Ventura,111,848112,171056,170331,9251,179582,1384
2022-02-20,Yolo,113,214977,36324,35363,2797,38160,293
2022-02-20,Yuba,115,75493,15570,15449,1144,16593,112
2022-02-19,Alameda,001,1643700,250748,246028,13407,259435,1700
2022-02-19,Alpine,002,1148,122,124,1,125,0
2022-02-19,Amador,005,37829,8309,8203,628,8831,79
2022-02-19,Butte,007,227075,32618,32173,6868,39041,364
2022-02-19,Calaveras,009,45235,7149,7136,336,7472,107
2022-02-19,Colusa,011,21464,3414,3389,1032,4421,21
2022-02-19,Contra Costa,013,1133247,188733,182797,12969,195766,1190
2022-02-19,Del Norte,015,27424,5579,5511,167,5678,45
2022-02-19,El Dorado,017,186661,26323,26101,3137,29238,189
2022-02-19,Fresno,019,978130,231339,223594,23898,247492,2544
2022-02-19,Glenn,021,27897,4927,4881,1584,6465,39
2022-02-19,Humboldt,023,135768,16487,16393,2841,19234,132
2022-02-19,Imperial,025,180216,54697,53967,10381,64348,862
2022-02-19,Inyo,027,18085,4035,4018,445,4463,52
2022-02-19,Kern,029,883053,189619,187158,45138,232296,2095
2022-02-19,Kings,031,150075,50672,49724,3466,53190,421
2022-02-19,Lake,033,64148,10400,10184,856,11040,126
2022-02-19,Lassen,035,31185,8775,8640,862,9502,55
2022-02-19,Los Angeles,037,10098052,2681658,2642878,120732,2763610,29842
2022-02-19,Madera,039,155013,36763,36526,5889,42415,330
2022-02-19,Marin,041,260295,32676,32441,2138,34579,258
2022-02-19,Mariposa,043,17540,2324,2310,190,2500,6
2022-02-19,Mendocino,045,87422,12795,12625,2905,15530,110
2022-02-19,Merced,047,269075,61870,60886,8522,69408,769
2022-02-19,Modoc,049,8938,720,714,245,959,6
2022-02-19,Mono,051,14174,2953,2956,119,3075,5
2022-02-19,Monterey,053,433212,78138,76765,12991,89756,682
2022-02-19,Napa,055,140530,25076,24970,904,25874,127
2022-02-19,Nevada,057,99092,15710,15715,1144,16859,121
2022-02-19,Orange,059,3164182,540673,538019,40782,578801,6416
2022-02-19,Placer,061,380077,61897,61417,7210,68627,560
2022-02-19,Plumas,063,18699,2925,2646,347,2993,13
2022-02-19,Riverside,065,2383286,586021,581788,27289,609077,6087
2022-02-19,Sacramento,067,1510023,276989,270080,26260,296340,2747
2022-02-19,San Benito,069,59416,12779,12665,504,13169,92
2022-02-19,San Bernardino,071,2135413,569913,553151,24586,577737,6400
2022-02-19,San Diego,073,3302833,739446,729549,51338,780887,4947
2022-02-19,San Francisco,075,870044,120881,121197,7967,129164,756
2022-02-19,San Joaquin,077,732212,164640,163083,9707,172790,2033
2022-02-19,San Luis Obispo,079,281455,51404,50823,3614,54437,424
2022-02-19,San Mateo,081,765935,119124,116648,6715,123363,598
2022-02-19,Santa Barbara,083,443738,84527,83988,4610,88598,642
2022-02-19,Santa Clara,085,1922200,307743,303077,12004,315081,2138
2022-02-19,Santa Cruz,087,273765,46300,45532,2043,47575,250
2022-02-19,Shasta,089,179085,30030,29847,5964,35811,479
2022-02-19,Sierra,091,2930,271,269,45,314,0
2022-02-19,Siskiyou,093,43540,4361,4307,2656,6963,70
2022-02-19,Solano,095,438530,80030,78914,5433,84347,424
2022-02-19,Sonoma,097,501317,81853,80843,2495,83338,431
2022-02-19,Stanislaus,099,539301,116157,115976,17521,133497,1454
2022-02-19,Sutter,101,95872,20156,20060,1960,22020,210
2022-02-19,Tehama,103,63373,11882,11760,2547,14307,152
2022-02-19,Trinity,105,12862,1168,1130,283,1413,20
2022-02-19,Tulare,107,460477,105073,101996,27017,129013,1286
2022-02-19,Tuolumne,109,53932,12482,12036,541,12577,175
2022-02-19,Ventura,111,848112,170981,170331,9247,179578,1384
2022-02-19,Yolo,113,214977,36293,35363,2793,38156,293
2022-02-19,Yuba,115,75493,15561,15449,1144,16593,112
2022-02-18,Alameda,001,1643700,250583,246028,13399,259427,1700
2022-02-18,Alpine,002,1148,121,124,1,125,0
2022-02-18,Amador,005,37829,8302,8203,626,8829,79
2022-02-18,Butte,007,227075,32597,32173,6862,39035,364
2022-02-18,Calaveras,009,45235,7144,7136,335,7471,107
2022-02-18,Colusa,011,21464,3412,3389,1032,4421,21
2022-02-18,Contra Costa,013,1133247,188626,182797,12963,195760,1190
2022-02-18,Del Norte,015,27424,5567,5511,167,5678,45
2022-02-18,El Dorado,017,186661,26312,26101,3137,29238,189
2022-02-18,Fresno,019,978130,231151,223594,23885,247479,2544
2022-02-18,Glenn,021,27897,4926,4881,1583,6464,39
2022-02-18,Humboldt,023,135768,16470,16393,2836,19229,132
2022-02-18,Imperial,025,180216,54671,53967,10370,64337,862
2022-02-18,Inyo,027,18085,4033,4018,445,4463,52
2022-02-18,Kern,029,883053,189507,187158,45092,232250,2095
2022-02-18,Kings,031,150075,50585,49724,3466,53190,421
2022-02-18,Lake,033,64148,10382,10184,854,11038,126
2022-02-18,Lassen,035,31185,8755,8640,861,9501,55
2022-02-18,Los Angeles,037,10098052,2680674,2642878,120678,2763556,29842
2022-02-18,Madera,039,155013,36740,36526,5887,42413,330
2022-02-18,Marin,041,260295,32658,32441,2136,34577,258
2022-02-18,Mariposa,043,17540,2322,2310,190,2500,6
2022-02-18,Mendocino,045,87422,12785,12625,2905,15530,110
2022-02-18,Merced,047,269075,61827,60886,8513,69399,769
2022-02-18,Modoc,049,8938,720,714,245,959,6
2022-02-18,Mono,051,14174,2953,2956,119,3075,5
2022-02-18,Monterey,053,433212,78065,76765,12983,89748,682
2022-02-18,Napa,055,140530,25058,24970,904,25874,127
2022-02-18,Nevada,057,99092,15702,15715,1144,16859,121
2022-02-18,Orange,059,3164182,540435,538019,40743,578762,6416
2022-02-18,Placer,061,380077,61867,61417,7203,68620,560
2022-02-18,Plumas,063,18699,2921,2646,347,2993,13
2022-02-18,Riverside,065,2383286,585840,581788,27281,609069,6087
2022-02-18,Sacramento,067,1510023,276797,270080,26251,296331,2747
2022-02-18,San Benito,069,59416,12771,12665,504,13169,92
2022-02-18,San Bernardino,071,2135413,569735,553151,24581,577732,6400
2022-02-18,San Diego,073,3302833,739022,729549,51312,780861,4947
2022-02-18,San Francisco,075,870044,120793,121197,7959,129156,756
2022-02-18,San Joaquin,077,732212,164570,163083,9700,172783,2033
2022-02-18,San Luis Obispo,079,281455,51388,50823,3611,54434,424
2022-02-18,San Mateo,081,765935,119059,116648,6712,123360,598
2022-02-18,Santa Barbara,083,443738,84487,83988,4608,88596,642
2022-02-18,Santa Clara,085,1922200,307507,303077,12003,315080,2138
2022-02-18,Santa Cruz,087,273765,46266,45532,2042,47574,250
2022-02-18,Shasta,089,179085,30014,29847,5963,35810,479
2022-02-18,Sierra,091,2930,271,269,45,314,0
2022-02-18,Siskiyou,093,43540,4358,4307,2654,6961,70
2022-02-18,Solano,095,438530,79960,78914,5432,84346,424
2022-02-18,Sonoma,097,501317,81797,80843,2494,83337,431
2022-02-18,Stanislaus,099,539301,116107,115976,17507,133483,1454
2022-02-18,Sutter,101,95872,20144,20060,1960,22020,210
2022-02-18,Tehama,103,63373,11871,11760,2547,14307,152
2022-02-18,Trinity,105,12862,1167,1130,282,1412,20
2022-02-18,Tulare,107,460477,105023,101996,26976,128972,1286
2022-02-18,Tuolumne,109,53932,12476,12036,540,12576,175
2022-02-18,Ventura,111,848112,170891,170331,9242,179573,1384
2022-02-18,Yolo,113,214977,36265,35363,2791,38154,293
2022-02-18,Yuba,115,75493,15546,15449,1144,16593,112
2022-02-17,Alameda,001,1643700,250317,246028,13384,259412,1700
2022-02-17,Alpine,002,1148,121,124,1,125,0
2022-02-17,Amador,005,37829,8298,8203,624,8827,79
2022-02-17,Butte,007,227075,32564,32173,6858,39031,364
2022-02-17,Calaveras,009,45235,7135,7136,332,7468,107
2022-02-17,Colusa,011,21464,3409,3389,1032,4421,21
2022-02-17,Contra Costa,013,1133247,188430,182797,12931,195728,1190
2022-02-17,Del Norte,015,27424,5546,5511,167,5678,45
2022-02-17,El Dorado,017,186661,26286,26101,3127,29228,189
2022-02-17,Fresno,019,978130,230862,223594,23855,247449,2544
2022-02-17,Glenn,021,27897,4924,4881,1580,6461,39
2022-02-17,Humboldt,023,135768,16430,16393,2835,19228,132
2022-02-17,Imperial,025,180216,54599,53967,10354,64321,862
2022-02-17,Inyo,027,18085,4031,4018,444,4462,52
2022-02-17,Kern,029,883053,189353,187158,45043,232201,2095
2022-02-17,Kings,031,150075,50521,49724,3461,53185,421
2022-02-17,Lake,033,64148,10352,10184,850,11034,126
2022-02-17,Lassen,035,31185,8745,8640,859,9499,55
2022-02-17,Los Angeles,037,10098052,2678852,2642878,120598,2763476,29842
2022-02-17,Madera,039,155013,36697,36526,5880,42406,330
2022-02-17,Marin,041,260295,32632,32441,2135,34576,258
2022-02-17,Mariposa,043,17540,2320,2310,189,2499,6
2022-02-17,Mendocino,045,87422,12768,12625,2902,15527,110
2022-02-17,Merced,047,269075,61753,60886,8495,69381,769
2022-02-17,Modoc,049,8938,719,714,245,959,6
2022-02-17,Mono,051,14174,2951,2956,119,3075,5
2022-02-17,Monterey,053,433212,77953,76765,12941,89706,682
2022-02-17,Napa,055,140530,25026,24970,902,25872,127
2022-02-17,Nevada,057,99092,15690,15715,1143,16858,121
2022-02-17,Orange,059,3164182,540096,538019,40716,578735,6416
2022-02-17,Placer,061,380077,61824,61417,7195,68612,560
2022-02-17,Plumas,063,18699,2918,2646,347,2993,13
2022-02-17,Riverside,065,2383286,585465,581788,27254,609042,6087
2022-02-17,Sacramento,067,1510023,276510,270080,26202,296282,2747
2022-02-17,San Benito,069,59416,12760,12665,504,13169,92
2022-02-17,San Bernardino,071,2135413,569432,553151,24567,577718,6400
2022-02-17,San Diego,073,3302833,738426,729549,51258,780807,4947
2022-02-17,San Francisco,075,870044,120659,121197,7949,129146,756
2022-02-17,San Joaquin,077,732212,164405,163083,9687,172770,2033
2022-02-17,San Luis Obispo,079,281455,51283,50823,3603,54426,424
2022-02-17,San Mateo,081,765935,118964,116648,6703,123351,598
2022-02-17,Santa Barbara,083,443738,84386,83988,4601,88589,642
2022-02-17,Santa Clara,085,1922200,307137,303077,11989,315066,2138
2022-02-17,Santa Cruz,087,273765,46183,45532,2040,47572,250
2022-02-17,Shasta,089,179085,29987,29847,5960,35807,479
2022-02-17,Sierra,091,2930,271,269,45,314,0
2022-02-17,Siskiyou,093,43540,4349,4307,2650,6957,70
2022-02-17,Solano,095,438530,79879,78914,5425,84339,424
2022-02-17,Sonoma,097,501317,81731,80843,2487,83330,431
2022-02-17,Stanislaus,099,539301,116003,115976,17490,133466,1454
2022-02-17,Sutter,101,95872,20129,20060,1952,22012,210
2022-02-17,Tehama,103,63373,11863,11760,2546,14306,152
2022-02-17,Trinity,105,12862,1165,1130,280,1410,20
2022-02-17,Tulare,107,460477,104911,101996,26952,128948,1286
2022-02-17,Tuolumne,109,53932,12465,12036,540,12576,175
2022-02-17,Ventura,111,848112,170751,170331,9241,179572,1384
2022-02-17,Yolo,113,214977,36227,35363,2790,38153,293
2022-02-17,Yuba,115,75493,15531,15449,1144,16593,112
2022-02-16,Alameda,001,1643700,250009,245662,13347,259009,1691
2022-02-16,Alpine,002,1148,121,124,1,125,0
2022-02-16,Amador,005,37829,8280,8197,623,8820,77
2022-02-16,Butte,007,227075,32518,32095,6845,38940,363
2022-02-16,Calaveras,009,45235,7131,7129,329,7458,107
2022-02-16,Colusa,011,21464,3403,3384,1032,4416,21
2022-02-16,Contra Costa,013,1133247,188197,182423,12895,195318,1179
2022-02-16,Del Norte,015,27424,5526,5473,164,5637,45
2022-02-16,El Dorado,017,186661,26261,26061,3123,29184,189
2022-02-16,Fresno,019,978130,230500,223056,23806,246862,2542
2022-02-16,Glenn,021,27897,4921,4873,1575,6448,39
2022-02-16,Humboldt,023,135768,16406,16342,2825,19167,132
2022-02-16,Imperial,025,180216,54521,53901,10326,64227,861
2022-02-16,Inyo,027,18085,4028,4013,443,4456,52
2022-02-16,Kern,029,883053,189136,186740,44958,231698,2084
2022-02-16,Kings,031,150075,50468,49575,3452,53027,420
2022-02-16,Lake,033,64148,10326,10145,850,10995,125
2022-02-16,Lassen,035,31185,8712,8618,859,9477,55
2022-02-16,Los Angeles,037,10098052,2676774,2640005,120490,2760495,29749
2022-02-16,Madera,039,155013,36630,36382,5866,42248,330
2022-02-16,Marin,041,260295,32596,32381,2133,34514,257
2022-02-16,Mariposa,043,17540,2318,2305,189,2494,6
2022-02-16,Mendocino,045,87422,12746,12605,2892,15497,108
2022-02-16,Merced,047,269075,61686,60776,8462,69238,767
2022-02-16,Modoc,049,8938,719,711,241,952,6
2022-02-16,Mono,051,14174,2949,2953,119,3072,5
2022-02-16,Monterey,053,433212,77805,76624,12900,89524,682
2022-02-16,Napa,055,140530,24988,24897,899,25796,128
2022-02-16,Nevada,057,99092,15672,15677,1139,16816,121
2022-02-16,Orange,059,3164182,539691,537934,40670,578604,6392
2022-02-16,Placer,061,380077,61781,61278,7183,68461,556
2022-02-16,Plumas,063,18699,2915,2644,345,2989,13
2022-02-16,Riverside,065,2383286,585066,580828,27208,608036,6064
2022-02-16,Sacramento,067,1510023,276186,269416,26146,295562,2736
2022-02-16,San Benito,069,59416,12733,12644,504,13148,92
2022-02-16,San Bernardino,071,2135413,569158,552353,24545,576898,6379
2022-02-16,San Diego,073,3302833,737665,728610,51181,779791,4931
2022-02-16,San Francisco,075,870044,120486,120987,7946,128933,756
2022-02-16,San Joaquin,077,732212,164238,162752,9677,172429,2032
2022-02-16,San Luis Obispo,079,281455,51211,50704,3591,54295,425
2022-02-16,San Mateo,081,765935,118846,116438,6685,123123,595
2022-02-16,Santa Barbara,083,443738,84310,83968,4589,88557,642
2022-02-16,Santa Clara,085,1922200,306744,302439,11958,314397,2130
2022-02-16,Santa Cruz,087,273765,46093,45274,2038,47312,250
2022-02-16,Shasta,089,179085,29947,29767,5948,35715,477
2022-02-16,Sierra,091,2930,270,269,45,314,0
2022-02-16,Siskiyou,093,43540,4342,4302,2644,6946,71
2022-02-16,Solano,095,438530,79764,78742,5419,84161,422
2022-02-16,Sonoma,097,501317,81603,80642,2477,83119,431
2022-02-16,Stanislaus,099,539301,115884,115751,17457,133208,1443
2022-02-16,Sutter,101,95872,20112,20020,1949,21969,210
2022-02-16,Tehama,103,63373,11846,11738,2544,14282,152
2022-02-16,Trinity,105,12862,1165,1130,279,1409,20
2022-02-16,Tulare,107,460477,104792,101817,26902,128719,1281
2022-02-16,Tuolumne,109,53932,12453,11991,539,12530,171
2022-02-16,Ventura,111,848112,170617,170117,9233,179350,1372
2022-02-16,Yolo,113,214977,36177,35284,2788,38072,292
2022-02-16,Yuba,115,75493,15509,15405,1141,16546,110
2022-02-15,Alameda,001,1643700,249655,245265,13321,258586,1683
2022-02-15,Alpine,002,1148,121,124,1,125,0
2022-02-15,Amador,005,37829,8270,8183,622,8805,77
2022-02-15,Butte,007,227075,32469,32011,6831,38842,361
2022-02-15,Calaveras,009,45235,7121,7115,329,7444,106
2022-02-15,Colusa,011,21464,3395,3374,1031,4405,21
2022-02-15,Contra Costa,013,1133247,187939,182041,12865,194906,1179
2022-02-15,Del Norte,015,27424,5498,5439,163,5602,45
2022-02-15,El Dorado,017,186661,26243,25988,3118,29106,189
2022-02-15,Fresno,019,978130,230126,222673,23748,246421,2543
2022-02-15,Glenn,021,27897,4912,4862,1574,6436,39
2022-02-15,Humboldt,023,135768,16362,16297,2810,19107,132
2022-02-15,Imperial,025,180216,54457,53813,10311,64124,860
2022-02-15,Inyo,027,18085,4027,4009,442,4451,52
2022-02-15,Kern,029,883053,188915,186324,44866,231190,2072
2022-02-15,Kings,031,150075,50375,49473,3443,52916,418
2022-02-15,Lake,033,64148,10294,10112,844,10956,123
2022-02-15,Lassen,035,31185,8698,8587,857,9444,55
2022-02-15,Los Angeles,037,10098052,2674520,2638266,120361,2758627,29691
2022-02-15,Madera,039,155013,36564,36260,5846,42106,330
2022-02-15,Marin,041,260295,32553,32355,2131,34486,255
2022-02-15,Mariposa,043,17540,2317,2302,189,2491,6
2022-02-15,Mendocino,045,87422,12729,12580,2873,15453,108
2022-02-15,Merced,047,269075,61605,60674,8430,69104,763
2022-02-15,Modoc,049,8938,717,710,238,948,6
2022-02-15,Mono,051,14174,2948,2952,119,3071,5
2022-02-15,Monterey,053,433212,77678,75530,12842,88372,682
2022-02-15,Napa,055,140530,24938,24832,892,25724,127
2022-02-15,Nevada,057,99092,15646,15643,1138,16781,121
2022-02-15,Orange,059,3164182,539235,537478,40623,578101,6374
2022-02-15,Placer,061,380077,61719,61170,7172,68342,554
2022-02-15,Plumas,063,18699,2911,2638,345,2983,13
2022-02-15,Riverside,065,2383286,584581,579940,27149,607089,6049
2022-02-15,Sacramento,067,1510023,275797,268950,26067,295017,2721
2022-02-15,San Benito,069,59416,12715,12616,504,13120,91
2022-02-15,San Bernardino,071,2135413,568797,551803,24525,576328,6372
2022-02-15,San Diego,073,3302833,736707,727486,51079,778565,4914
2022-02-15,San Francisco,075,870044,120316,120759,7935,128694,756
2022-02-15,San Joaquin,077,732212,164021,162518,9663,172181,2021
2022-02-15,San Luis Obispo,079,281455,51114,50534,3576,54110,419
2022-02-15,San Mateo,081,765935,118710,116253,6665,122918,595
2022-02-15,Santa Barbara,083,443738,84174,83734,4575,88309,640
2022-02-15,Santa Clara,085,1922200,306244,301831,11923,313754,2130
2022-02-15,Santa Cruz,087,273765,45989,45171,2033,47204,250
2022-02-15,Shasta,089,179085,29897,29684,5934,35618,477
2022-02-15,Sierra,091,2930,270,269,45,314,0
2022-02-15,Siskiyou,093,43540,4335,4288,2637,6925,70
2022-02-15,Solano,095,438530,79630,78626,5414,84040,426
2022-02-15,Sonoma,097,501317,81481,80433,2471,82904,431
2022-02-15,Stanislaus,099,539301,115741,115549,17426,132975,1429
2022-02-15,Sutter,101,95872,20083,19980,1944,21924,208
2022-02-15,Tehama,103,63373,11828,11717,2542,14259,151
2022-02-15,Trinity,105,12862,1159,1125,276,1401,20
2022-02-15,Tulare,107,460477,104639,101645,26847,128492,1278
2022-02-15,Tuolumne,109,53932,12434,11945,537,12482,171
2022-02-15,Ventura,111,848112,170443,169942,9226,179168,1372
2022-02-15,Yolo,113,214977,36127,35241,2780,38021,289
2022-02-15,Yuba,115,75493,15481,15372,1136,16508,109
2022-02-14,Alameda,001,1643700,249222,244315,13288,257603,1677
2022-02-14,Alpine,002,1148,121,125,1,126,0
2022-02-14,Amador,005,37829,8255,8164,619,8783,77
2022-02-14,Butte,007,227075,32415,31946,6816,38762,360
2022-02-14,Calaveras,009,45235,7108,7097,327,7424,106
2022-02-14,Colusa,011,21464,3392,3367,1027,4394,21
2022-02-14,Contra Costa,013,1133247,187655,181753,12827,194580,1167
2022-02-14,Del Norte,015,27424,5475,5426,162,5588,45
2022-02-14,El Dorado,017,186661,26207,25915,3109,29024,188
2022-02-14,Fresno,019,978130,229644,222360,23663,246023,2538
2022-02-14,Glenn,021,27897,4907,4854,1574,6428,39
2022-02-14,Humboldt,023,135768,16322,16264,2785,19049,132
2022-02-14,Imperial,025,180216,54385,53765,10285,64050,860
2022-02-14,Inyo,027,18085,4026,4010,441,4451,52
2022-02-14,Kern,029,883053,188572,186037,44758,230795,2063
2022-02-14,Kings,031,150075,50269,49395,3434,52829,419
2022-02-14,Lake,033,64148,10257,10090,841,10931,123
2022-02-14,Lassen,035,31185,8688,8539,855,9394,55
2022-02-14,Los Angeles,037,10098052,2671959,2636064,120233,2756297,29650
2022-02-14,Madera,039,155013,36499,36194,5823,42017,330
2022-02-14,Marin,041,260295,32517,32304,2128,34432,255
2022-02-14,Mariposa,043,17540,2310,2295,189,2484,6
2022-02-14,Mendocino,045,87422,12702,12541,2841,15382,108
2022-02-14,Merced,047,269075,61515,60591,8387,68978,758
2022-02-14,Modoc,049,8938,712,707,238,945,6
2022-02-14,Mono,051,14174,2947,2954,119,3073,5
2022-02-14,Monterey,053,433212,77507,75407,12763,88170,678
2022-02-14,Napa,055,140530,24879,24776,892,25668,127
2022-02-14,Nevada,057,99092,15627,15629,1137,16766,121
2022-02-14,Orange,059,3164182,538731,536924,40556,577480,6355
2022-02-14,Placer,061,380077,61650,61123,7157,68280,554
2022-02-14,Plumas,063,18699,2909,2631,345,2976,13
2022-02-14,Riverside,065,2383286,584035,579174,27081,606255,5994
2022-02-14,Sacramento,067,1510023,275354,268547,25955,294502,2717
2022-02-14,San Benito,069,59416,12691,12598,503,13101,91
2022-02-14,San Bernardino,071,2135413,568382,551338,24505,575843,6372
2022-02-14,San Diego,073,3302833,735739,723902,50976,774878,4894
2022-02-14,San Francisco,075,870044,120129,120581,7925,128506,756
2022-02-14,San Joaquin,077,732212,163784,162363,9640,172003,2018
2022-02-14,San Luis Obispo,079,281455,51005,50465,3566,54031,416
2022-02-14,San Mateo,081,765935,118546,116129,6657,122786,592
2022-02-14,Santa Barbara,083,443738,84027,83697,4565,88262,636
2022-02-14,Santa Clara,085,1922200,305707,301319,11899,313218,2127
2022-02-14,Santa Cruz,087,273765,45826,45042,2029,47071,250
2022-02-14,Shasta,089,179085,29811,29595,5917,35512,474
2022-02-14,Sierra,091,2930,270,269,45,314,0
2022-02-14,Siskiyou,093,43540,4322,4278,2623,6901,69
2022-02-14,Solano,095,438530,79450,78533,5403,83936,427
2022-02-14,Sonoma,097,501317,81341,80336,2459,82795,431
2022-02-14,Stanislaus,099,539301,115563,115426,17383,132809,1406
2022-02-14,Sutter,101,95872,20055,19957,1938,21895,209
2022-02-14,Tehama,103,63373,11805,11686,2541,14227,151
2022-02-14,Trinity,105,12862,1156,1123,276,1399,20
2022-02-14,Tulare,107,460477,104434,101448,26753,128201,1276
2022-02-14,Tuolumne,109,53932,12405,11920,534,12454,170
2022-02-14,Ventura,111,848112,170266,169725,9214,178939,1361
2022-02-14,Yolo,113,214977,36068,35112,2770,37882,286
2022-02-14,Yuba,115,75493,15451,15375,1132,16507,108
2022-02-13,Alameda,001,1643700,248733,243681,13254,256935,1677
2022-02-13,Alpine,002,1148,121,125,1,126,0
2022-02-13,Amador,005,37829,8226,8146,616,8762,77
2022-02-13,Butte,007,227075,32340,31865,6794,38659,360
2022-02-13,Calaveras,009,45235,7101,7083,324,7407,106
2022-02-13,Colusa,011,21464,3390,3366,1025,4391,21
2022-02-13,Contra Costa,013,1133247,187293,181313,12763,194076,1159
2022-02-13,Del Norte,015,27424,5443,5379,162,5541,45
2022-02-13,El Dorado,017,186661,26171,25871,3102,28973,188
2022-02-13,Fresno,019,978130,229108,221686,23604,245290,2537
2022-02-13,Glenn,021,27897,4900,4847,1571,6418,39
2022-02-13,Humboldt,023,135768,16275,16210,2758,18968,132
2022-02-13,Imperial,025,180216,54287,53658,10250,63908,860
2022-02-13,Inyo,027,18085,4023,4006,439,4445,52
2022-02-13,Kern,029,883053,188320,185640,44673,230313,2063
2022-02-13,Kings,031,150075,50142,49243,3422,52665,416
2022-02-13,Lake,033,64148,10194,10042,834,10876,123
2022-02-13,Lassen,035,31185,8662,8503,853,9356,55
2022-02-13,Los Angeles,037,10098052,2668808,2631267,120093,2751360,29595
2022-02-13,Madera,039,155013,36382,36054,5795,41849,330
2022-02-13,Marin,041,260295,32446,32222,2121,34343,255
2022-02-13,Mariposa,043,17540,2304,2292,187,2479,6
2022-02-13,Mendocino,045,87422,12673,12521,2802,15323,108
2022-02-13,Merced,047,269075,61372,60460,8333,68793,758
2022-02-13,Modoc,049,8938,710,704,231,935,6
2022-02-13,Mono,051,14174,2946,2949,119,3068,5
2022-02-13,Monterey,053,433212,77300,75295,12689,87984,678
2022-02-13,Napa,055,140530,24802,24743,889,25632,127
2022-02-13,Nevada,057,99092,15593,15590,1130,16720,121
2022-02-13,Orange,059,3164182,538102,536134,40494,576628,6355
2022-02-13,Placer,061,380077,61575,61020,7136,68156,554
2022-02-13,Plumas,063,18699,2901,2626,342,2968,13
2022-02-13,Riverside,065,2383286,583441,578363,27040,605403,5995
2022-02-13,Sacramento,067,1510023,274841,267947,25825,293772,2699
2022-02-13,San Benito,069,59416,12658,12578,502,13080,91
2022-02-13,San Bernardino,071,2135413,567895,550632,24471,575103,6367
2022-02-13,San Diego,073,3302833,734604,723902,50856,774758,4894
2022-02-13,San Francisco,075,870044,119876,120295,7913,128208,756
2022-02-13,San Joaquin,077,732212,163483,162028,9612,171640,2018
2022-02-13,San Luis Obispo,079,281455,50860,50384,3558,53942,415
2022-02-13,San Mateo,081,765935,118325,115876,6631,122507,592
2022-02-13,Santa Barbara,083,443738,83863,83547,4558,88105,635
2022-02-13,Santa Clara,085,1922200,305066,300412,11862,312274,2114
2022-02-13,Santa Cruz,087,273765,45671,44887,2027,46914,240
2022-02-13,Shasta,089,179085,29732,29531,5894,35425,474
2022-02-13,Sierra,091,2930,270,269,45,314,0
2022-02-13,Siskiyou,093,43540,4315,4264,2607,6871,69
2022-02-13,Solano,095,438530,79292,78424,5380,83804,426
2022-02-13,Sonoma,097,501317,81177,80172,2447,82619,431
2022-02-13,Stanislaus,099,539301,115371,115156,17343,132499,1406
2022-02-13,Sutter,101,95872,20016,19900,1938,21838,209
2022-02-13,Tehama,103,63373,11780,11644,2538,14182,151
2022-02-13,Trinity,105,12862,1153,1120,273,1393,20
2022-02-13,Tulare,107,460477,104221,101135,26665,127800,1276
2022-02-13,Tuolumne,109,53932,12379,11891,529,12420,170
2022-02-13,Ventura,111,848112,170072,169422,9194,178616,1361
2022-02-13,Yolo,113,214977,36001,35057,2759,37816,286
2022-02-13,Yuba,115,75493,15417,15346,1131,16477,107
2022-02-12,Alameda,001,1643700,248513,242137,13240,255377,1668
2022-02-12,Alpine,002,1148,121,124,1,125,0
2022-02-12,Amador,005,37829,8220,8091,616,8707,76
2022-02-12,Butte,007,227075,32311,31601,6788,38389,360
2022-02-12,Calaveras,009,45235,7098,7022,323,7345,106
2022-02-12,Colusa,011,21464,3387,3345,1025,4370,21
2022-02-12,Contra Costa,013,1133247,187102,180270,12756,193026,1141
2022-02-12,Del Norte,015,27424,5424,5262,162,5424,45
2022-02-12,El Dorado,017,186661,26155,25692,3102,28794,188
2022-02-12,Fresno,019,978130,228895,219909,23589,243498,2509
2022-02-12,Glenn,021,27897,4899,4818,1570,6388,39
2022-02-12,Humboldt,023,135768,16251,16058,2755,18813,132
2022-02-12,Imperial,025,180216,54243,53304,10240,63544,860
2022-02-12,Inyo,027,18085,4021,3991,439,4430,52
2022-02-12,Kern,029,883053,188209,184639,44635,229274,2037
2022-02-12,Kings,031,150075,50102,48893,3415,52308,415
2022-02-12,Lake,033,64148,10173,9926,830,10756,123
2022-02-12,Lassen,035,31185,8639,8477,852,9329,55
2022-02-12,Los Angeles,037,10098052,2667653,2616426,120022,2736448,29364
2022-02-12,Madera,039,155013,36347,35710,5789,41499,330
2022-02-12,Marin,041,260295,32414,32048,2118,34166,255
2022-02-12,Mariposa,043,17540,2304,2286,187,2473,6
2022-02-12,Mendocino,045,87422,12657,12439,2802,15241,107
2022-02-12,Merced,047,269075,61319,60187,8328,68515,758
2022-02-12,Modoc,049,8938,710,697,231,928,6
2022-02-12,Mono,051,14174,2945,2939,119,3058,5
2022-02-12,Monterey,053,433212,77239,74842,12667,87509,672
2022-02-12,Napa,055,140530,24774,24530,889,25419,124
2022-02-12,Nevada,057,99092,15580,15499,1129,16628,119
2022-02-12,Orange,059,3164182,537810,534503,40459,574962,6305
2022-02-12,Placer,061,380077,61519,60636,7133,67769,554
2022-02-12,Plumas,063,18699,2900,2617,341,2958,13
2022-02-12,Riverside,065,2383286,583079,575566,27017,602583,5961
2022-02-12,Sacramento,067,1510023,274605,266347,25815,292162,2686
2022-02-12,San Benito,069,59416,12646,12526,502,13028,91
2022-02-12,San Bernardino,071,2135413,567660,548822,24458,573280,6360
2022-02-12,San Diego,073,3302833,734104,720287,50804,771091,4854
2022-02-12,San Francisco,075,870044,119754,119113,7902,127015,740
2022-02-12,San Joaquin,077,732212,163352,161234,9606,170840,2014
2022-02-12,San Luis Obispo,079,281455,50824,50064,3555,53619,416
2022-02-12,San Mateo,081,765935,118237,115235,6624,121859,589
2022-02-12,Santa Barbara,083,443738,83777,83390,4551,87941,631
2022-02-12,Santa Clara,085,1922200,304729,298176,11855,310031,2093
2022-02-12,Santa Cruz,087,273765,45635,44447,2025,46472,239
2022-02-12,Shasta,089,179085,29703,29370,5890,35260,473
2022-02-12,Sierra,091,2930,270,268,45,313,0
2022-02-12,Siskiyou,093,43540,4307,4231,2604,6835,68
2022-02-12,Solano,095,438530,79250,77865,5375,83240,424
2022-02-12,Sonoma,097,501317,81073,79533,2445,81978,431
2022-02-12,Stanislaus,099,539301,115247,114531,17330,131861,1406
2022-02-12,Sutter,101,95872,20001,19800,1938,21738,211
2022-02-12,Tehama,103,63373,11764,11580,2538,14118,151
2022-02-12,Trinity,105,12862,1152,1115,273,1388,20
2022-02-12,Tulare,107,460477,104126,100434,26628,127062,1273
2022-02-12,Tuolumne,109,53932,12361,11754,529,12283,125
2022-02-12,Ventura,111,848112,169965,168736,9189,177925,1340
2022-02-12,Yolo,113,214977,35959,34773,2756,37529,286
2022-02-12,Yuba,115,75493,15403,15242,1130,16372,107
2022-02-11,Alameda,001,1643700,248229,242137,13227,255364,1668
2022-02-11,Alpine,002,1148,121,124,1,125,0
2022-02-11,Amador,005,37829,8208,8091,616,8707,76
2022-02-11,Butte,007,227075,32267,31601,6777,38378,360
2022-02-11,Calaveras,009,45235,7095,7022,323,7345,106
2022-02-11,Colusa,011,21464,3385,3345,1024,4369,21
2022-02-11,Contra Costa,013,1133247,186900,180270,12737,193007,1141
2022-02-11,Del Norte,015,27424,5408,5262,161,5423,45
2022-02-11,El Dorado,017,186661,26136,25692,3101,28793,188
2022-02-11,Fresno,019,978130,228601,219909,23571,243480,2509
2022-02-11,Glenn,021,27897,4895,4818,1570,6388,39
2022-02-11,Humboldt,023,135768,16223,16058,2750,18808,132
2022-02-11,Imperial,025,180216,54214,53304,10229,63533,860
2022-02-11,Inyo,027,18085,4017,3991,435,4426,52
2022-02-11,Kern,029,883053,188051,184639,44584,229223,2037
2022-02-11,Kings,031,150075,50063,48893,3414,52307,415
2022-02-11,Lake,033,64148,10148,9926,828,10754,123
2022-02-11,Lassen,035,31185,8599,8477,852,9329,55
2022-02-11,Los Angeles,037,10098052,2666022,2616426,119933,2736359,29364
2022-02-11,Madera,039,155013,36305,35710,5783,41493,330
2022-02-11,Marin,041,260295,32382,32048,2115,34163,255
2022-02-11,Mariposa,043,17540,2299,2286,187,2473,6
2022-02-11,Mendocino,045,87422,12641,12439,2802,15241,107
2022-02-11,Merced,047,269075,61270,60187,8316,68503,758
2022-02-11,Modoc,049,8938,708,697,231,928,6
2022-02-11,Mono,051,14174,2944,2939,119,3058,5
2022-02-11,Monterey,053,433212,77124,74842,12654,87496,672
2022-02-11,Napa,055,140530,24748,24530,889,25419,124
2022-02-11,Nevada,057,99092,15566,15499,1126,16625,119
2022-02-11,Orange,059,3164182,537459,534503,40399,574902,6305
2022-02-11,Placer,061,380077,61466,60636,7131,67767,554
2022-02-11,Plumas,063,18699,2896,2617,339,2956,13
2022-02-11,Riverside,065,2383286,582659,575566,27001,602567,5961
2022-02-11,Sacramento,067,1510023,274340,266347,25803,292150,2686
2022-02-11,San Benito,069,59416,12641,12526,502,13028,91
2022-02-11,San Bernardino,071,2135413,567345,548822,24444,573266,6360
2022-02-11,San Diego,073,3302833,733406,720287,50745,771032,4854
2022-02-11,San Francisco,075,870044,119634,119113,7886,126999,740
2022-02-11,San Joaquin,077,732212,163183,161234,9595,170829,2014
2022-02-11,San Luis Obispo,079,281455,50787,50064,3551,53615,416
2022-02-11,San Mateo,081,765935,118119,115235,6615,121850,589
2022-02-11,Santa Barbara,083,443738,83693,83390,4550,87940,631
2022-02-11,Santa Clara,085,1922200,304301,298176,11839,310015,2093
2022-02-11,Santa Cruz,087,273765,45543,44447,2025,46472,239
2022-02-11,Shasta,089,179085,29672,29370,5882,35252,473
2022-02-11,Sierra,091,2930,269,268,44,312,0
2022-02-11,Siskiyou,093,43540,4296,4231,2598,6829,68
2022-02-11,Solano,095,438530,79125,77865,5369,83234,424
2022-02-11,Sonoma,097,501317,80988,79533,2440,81973,431
2022-02-11,Stanislaus,099,539301,115146,114531,17315,131846,1406
2022-02-11,Sutter,101,95872,19978,19800,1936,21736,211
2022-02-11,Tehama,103,63373,11750,11580,2538,14118,151
2022-02-11,Trinity,105,12862,1151,1115,272,1387,20
2022-02-11,Tulare,107,460477,104007,100434,26577,127011,1273
2022-02-11,Tuolumne,109,53932,12345,11754,527,12281,125
2022-02-11,Ventura,111,848112,169826,168736,9184,177920,1340
2022-02-11,Yolo,113,214977,35926,34773,2754,37527,286
2022-02-11,Yuba,115,75493,15386,15242,1129,16371,107
2022-02-10,Alameda,001,1643700,247705,242137,13185,255322,1668
2022-02-10,Alpine,002,1148,121,124,1,125,0
2022-02-10,Amador,005,37829,8196,8091,610,8701,76
2022-02-10,Butte,007,227075,32216,31601,6763,38364,360
2022-02-10,Calaveras,009,45235,7083,7022,321,7343,106
2022-02-10,Colusa,011,21464,3379,3345,1022,4367,21
2022-02-10,Contra Costa,013,1133247,186539,180270,12672,192942,1141
2022-02-10,Del Norte,015,27424,5379,5262,159,5421,45
2022-02-10,El Dorado,017,186661,26092,25692,3095,28787,188
2022-02-10,Fresno,019,978130,228025,219909,23484,243393,2509
2022-02-10,Glenn,021,27897,4889,4818,1568,6386,39
2022-02-10,Humboldt,023,135768,16173,16058,2728,18786,132
2022-02-10,Imperial,025,180216,54144,53304,10186,63490,860
2022-02-10,Inyo,027,18085,4013,3991,435,4426,52
2022-02-10,Kern,029,883053,187742,184639,44475,229114,2037
2022-02-10,Kings,031,150075,49951,48893,3403,52296,415
2022-02-10,Lake,033,64148,10117,9926,826,10752,123
2022-02-10,Lassen,035,31185,8585,8477,850,9327,55
2022-02-10,Los Angeles,037,10098052,2662885,2616426,119751,2736177,29364
2022-02-10,Madera,039,155013,36208,35710,5752,41462,330
2022-02-10,Marin,041,260295,32324,32048,2103,34151,255
2022-02-10,Mariposa,043,17540,2295,2286,186,2472,6
2022-02-10,Mendocino,045,87422,12619,12439,2778,15217,107
2022-02-10,Merced,047,269075,61144,60187,8259,68446,758
2022-02-10,Modoc,049,8938,707,697,230,927,6
2022-02-10,Mono,051,14174,2942,2939,118,3057,5
2022-02-10,Monterey,053,433212,76942,74842,12574,87416,672
2022-02-10,Napa,055,140530,24683,24530,887,25417,124
2022-02-10,Nevada,057,99092,15541,15499,1125,16624,119
2022-02-10,Orange,059,3164182,536811,534503,40328,574831,6305
2022-02-10,Placer,061,380077,61384,60636,7122,67758,554
2022-02-10,Plumas,063,18699,2893,2617,332,2949,13
2022-02-10,Riverside,065,2383286,581939,575566,26946,602512,5961
2022-02-10,Sacramento,067,1510023,273858,266347,25715,292062,2686
2022-02-10,San Benito,069,59416,12620,12526,500,13026,91
2022-02-10,San Bernardino,071,2135413,566798,548822,24414,573236,6360
2022-02-10,San Diego,073,3302833,732303,720287,50619,770906,4854
2022-02-10,San Francisco,075,870044,119420,119113,7869,126982,740
2022-02-10,San Joaquin,077,732212,162871,161234,9587,170821,2014
2022-02-10,San Luis Obispo,079,281455,50688,50064,3540,53604,416
2022-02-10,San Mateo,081,765935,117893,115235,6598,121833,589
2022-02-10,Santa Barbara,083,443738,83509,83390,4544,87934,631
2022-02-10,Santa Clara,085,1922200,303628,298176,11784,309960,2093
2022-02-10,Santa Cruz,087,273765,45399,44447,2023,46470,239
2022-02-10,Shasta,089,179085,29610,29370,5862,35232,473
2022-02-10,Sierra,091,2930,269,268,44,312,0
2022-02-10,Siskiyou,093,43540,4291,4231,2585,6816,68
2022-02-10,Solano,095,438530,78932,77865,5350,83215,424
2022-02-10,Sonoma,097,501317,80853,79533,2423,81956,431
2022-02-10,Stanislaus,099,539301,114965,114531,17276,131807,1406
2022-02-10,Sutter,101,95872,19939,19800,1921,21721,211
2022-02-10,Tehama,103,63373,11720,11580,2535,14115,151
2022-02-10,Trinity,105,12862,1148,1115,271,1386,20
2022-02-10,Tulare,107,460477,103818,100434,26501,126935,1273
2022-02-10,Tuolumne,109,53932,12324,11754,522,12276,125
2022-02-10,Ventura,111,848112,169545,168736,9170,177906,1340
2022-02-10,Yolo,113,214977,35851,34773,2748,37521,286
2022-02-10,Yuba,115,75493,15354,15242,1124,16366,107
2022-02-09,Alameda,001,1643700,247171,241141,13130,254271,1668
2022-02-09,Alpine,002,1148,120,124,1,125,0
2022-02-09,Amador,005,37829,8182,8069,605,8674,76
2022-02-09,Butte,007,227075,32123,31433,6749,38182,359
2022-02-09,Calaveras,009,45235,7068,7005,317,7322,106
2022-02-09,Colusa,011,21464,3376,3331,1021,4352,21
2022-02-09,Contra Costa,013,1133247,186179,179695,12625,192320,1132
2022-02-09,Del Norte,015,27424,5332,5204,158,5362,45
2022-02-09,El Dorado,017,186661,26055,25572,3082,28654,186
2022-02-09,Fresno,019,978130,227399,218989,23393,242382,2502
2022-02-09,Glenn,021,27897,4874,4804,1567,6371,39
2022-02-09,Humboldt,023,135768,16126,15929,2703,18632,131
2022-02-09,Imperial,025,180216,54041,53102,10114,63216,858
2022-02-09,Inyo,027,18085,4007,3989,434,4423,52
2022-02-09,Kern,029,883053,187367,184068,44361,228429,2021
2022-02-09,Kings,031,150075,49840,48718,3397,52115,410
2022-02-09,Lake,033,64148,10077,9880,821,10701,124
2022-02-09,Lassen,035,31185,8560,8459,849,9308,55
2022-02-09,Los Angeles,037,10098052,2659254,2611611,119614,2731225,29263
2022-02-09,Madera,039,155013,36111,35559,5722,41281,330
2022-02-09,Marin,041,260295,32275,31965,2096,34061,255
2022-02-09,Mariposa,043,17540,2292,2279,186,2465,6
2022-02-09,Mendocino,045,87422,12585,12378,2749,15127,107
2022-02-09,Merced,047,269075,61014,59952,8202,68154,755
2022-02-09,Modoc,049,8938,703,691,229,920,6
2022-02-09,Mono,051,14174,2940,2937,118,3055,5
2022-02-09,Monterey,053,433212,76739,74500,12488,86988,670
2022-02-09,Napa,055,140530,24637,24429,882,25311,123
2022-02-09,Nevada,057,99092,15520,15446,1123,16569,119
2022-02-09,Orange,059,3164182,536179,534316,40248,574564,6263
2022-02-09,Placer,061,380077,61288,60490,7102,67592,553
2022-02-09,Plumas,063,18699,2888,2609,328,2937,13
2022-02-09,Riverside,065,2383286,581197,573907,26901,600808,5911
2022-02-09,Sacramento,067,1510023,273294,265624,25598,291222,2673
2022-02-09,San Benito,069,59416,12596,12492,500,12992,91
2022-02-09,San Bernardino,071,2135413,566188,547768,24388,572156,6349
2022-02-09,San Diego,073,3302833,730947,717896,50508,768404,4832
2022-02-09,San Francisco,075,870044,119169,118550,7858,126408,731
2022-02-09,San Joaquin,077,732212,162566,160618,9577,170195,2014
2022-02-09,San Luis Obispo,079,281455,50542,49833,3535,53368,414
2022-02-09,San Mateo,081,765935,117705,114890,6558,121448,589
2022-02-09,Santa Barbara,083,443738,83327,82830,4538,87368,629
2022-02-09,Santa Clara,085,1922200,302906,297157,11726,308883,2090
2022-02-09,Santa Cruz,087,273765,45216,44200,2016,46216,239
2022-02-09,Shasta,089,179085,29541,29215,5841,35056,471
2022-02-09,Sierra,091,2930,268,268,43,311,0
2022-02-09,Siskiyou,093,43540,4277,4217,2579,6796,68
2022-02-09,Solano,095,438530,78739,77299,5340,82639,423
2022-02-09,Sonoma,097,501317,80678,79165,2416,81581,431
2022-02-09,Stanislaus,099,539301,114716,114039,17046,131085,1406
2022-02-09,Sutter,101,95872,19897,19758,1908,21666,207
2022-02-09,Tehama,103,63373,11695,11542,2531,14073,149
2022-02-09,Trinity,105,12862,1144,1110,270,1380,20
2022-02-09,Tulare,107,460477,103606,100049,26415,126464,1271
2022-02-09,Tuolumne,109,53932,12286,11702,519,12221,95
2022-02-09,Ventura,111,848112,169308,168253,9157,177410,1325
2022-02-09,Yolo,113,214977,35781,34588,2732,37320,285
2022-02-09,Yuba,115,75493,15323,15187,1113,16300,105
2022-02-08,Alameda,001,1643700,246537,240587,13058,253645,1651
2022-02-08,Alpine,002,1148,120,124,1,125,0
2022-02-08,Amador,005,37829,8174,8050,598,8648,76
2022-02-08,Butte,007,227075,32039,31353,6728,38081,359
2022-02-08,Calaveras,009,45235,7051,6981,315,7296,101
2022-02-08,Colusa,011,21464,3368,3320,1020,4340,21
2022-02-08,Contra Costa,013,1133247,185732,179078,12544,191622,1132
2022-02-08,Del Norte,015,27424,5306,5156,153,5309,44
2022-02-08,El Dorado,017,186661,26010,25446,3072,28518,186
2022-02-08,Fresno,019,978130,226652,218416,23287,241703,2502
2022-02-08,Glenn,021,27897,4857,4784,1563,6347,39
2022-02-08,Humboldt,023,135768,16066,15865,2671,18536,130
2022-02-08,Imperial,025,180216,53912,52977,10070,63047,855
2022-02-08,Inyo,027,18085,4002,3983,434,4417,52
2022-02-08,Kern,029,883053,187031,183519,44231,227750,2010
2022-02-08,Kings,031,150075,49680,48479,3385,51864,411
2022-02-08,Lake,033,64148,10047,9806,815,10621,125
2022-02-08,Lassen,035,31185,8551,8423,845,9268,55
2022-02-08,Los Angeles,037,10098052,2654947,2611204,119429,2730633,29259
2022-02-08,Madera,039,155013,36003,35381,5666,41047,330
2022-02-08,Marin,041,260295,32201,31878,2091,33969,255
2022-02-08,Mariposa,043,17540,2291,2266,178,2444,6
2022-02-08,Mendocino,045,87422,12553,12336,2718,15054,107
2022-02-08,Merced,047,269075,60900,59789,8142,67931,751
2022-02-08,Modoc,049,8938,699,684,229,913,6
2022-02-08,Mono,051,14174,2939,2932,118,3050,5
2022-02-08,Monterey,053,433212,76533,74316,12403,86719,670
2022-02-08,Napa,055,140530,24564,24346,876,25222,121
2022-02-08,Nevada,057,99092,15494,15383,1120,16503,117
2022-02-08,Orange,059,3164182,535494,533507,40161,573668,6205
2022-02-08,Placer,061,380077,61180,60301,7090,67391,553
2022-02-08,Plumas,063,18699,2877,2596,321,2917,13
2022-02-08,Riverside,065,2383286,580367,571892,26829,598721,5908
2022-02-08,Sacramento,067,1510023,272620,264479,25423,289902,2664
2022-02-08,San Benito,069,59416,12572,12434,498,12932,91
2022-02-08,San Bernardino,071,2135413,565475,544658,24344,569002,6335
2022-02-08,San Diego,073,3302833,729380,717896,50376,768272,4832
2022-02-08,San Francisco,075,870044,118859,117942,7849,125791,731
2022-02-08,San Joaquin,077,732212,162182,160147,9559,169706,2005
2022-02-08,San Luis Obispo,079,281455,50377,49556,3505,53061,410
2022-02-08,San Mateo,081,765935,117487,114541,6528,121069,589
2022-02-08,Santa Barbara,083,443738,83159,82461,4513,86974,627
2022-02-08,Santa Clara,085,1922200,302023,295679,11679,307358,2091
2022-02-08,Santa Cruz,087,273765,45061,43884,2011,45895,239
2022-02-08,Shasta,089,179085,29458,29084,5814,34898,470
2022-02-08,Sierra,091,2930,268,267,43,310,0
2022-02-08,Siskiyou,093,43540,4267,4191,2570,6761,68
2022-02-08,Solano,095,438530,78506,77031,5325,82356,421
2022-02-08,Sonoma,097,501317,80464,78798,2392,81190,431
2022-02-08,Stanislaus,099,539301,114458,113733,16968,130701,1406
2022-02-08,Sutter,101,95872,19858,19717,1896,21613,203
2022-02-08,Tehama,103,63373,11667,11491,2524,14015,149
2022-02-08,Trinity,105,12862,1138,1110,270,1380,20
2022-02-08,Tulare,107,460477,103315,99694,26285,125979,1267
2022-02-08,Tuolumne,109,53932,12261,11665,517,12182,92
2022-02-08,Ventura,111,848112,169071,167830,9142,176972,1325
2022-02-08,Yolo,113,214977,35699,34462,2719,37181,281
2022-02-08,Yuba,115,75493,15278,15126,1091,16217,107
2022-02-07,Alameda,001,1643700,245817,238678,12993,251671,1643
2022-02-07,Alpine,002,1148,120,124,1,125,0
2022-02-07,Amador,005,37829,8146,7980,590,8570,75
2022-02-07,Butte,007,227075,31951,31184,6697,37881,355
2022-02-07,Calaveras,009,45235,7029,6910,314,7224,100
2022-02-07,Colusa,011,21464,3357,3283,1016,4299,21
2022-02-07,Contra Costa,013,1133247,185250,177767,12470,190237,1130
2022-02-07,Del Norte,015,27424,5265,5093,148,5241,44
2022-02-07,El Dorado,017,186661,25947,25257,3062,28319,185
2022-02-07,Fresno,019,978130,225778,216495,23141,239636,2493
2022-02-07,Glenn,021,27897,4849,4762,1559,6321,39
2022-02-07,Humboldt,023,135768,15991,15764,2646,18410,129
2022-02-07,Imperial,025,180216,53797,52689,10001,62690,853
2022-02-07,Inyo,027,18085,3997,3976,428,4404,51
2022-02-07,Kern,029,883053,186558,182047,44067,226114,1998
2022-02-07,Kings,031,150075,49495,48147,3368,51515,403
2022-02-07,Lake,033,64148,10001,9519,807,10326,125
2022-02-07,Lassen,035,31185,8533,8362,839,9201,55
2022-02-07,Los Angeles,037,10098052,2650519,2607438,119212,2726650,29210
2022-02-07,Madera,039,155013,35879,35083,5619,40702,330
2022-02-07,Marin,041,260295,32134,31670,2081,33751,255
2022-02-07,Mariposa,043,17540,2286,2253,174,2427,6
2022-02-07,Mendocino,045,87422,12495,12237,2680,14917,107
2022-02-07,Merced,047,269075,60770,59472,8049,67521,748
2022-02-07,Modoc,049,8938,695,679,229,908,6
2022-02-07,Mono,051,14174,2937,2917,118,3035,5
2022-02-07,Monterey,053,433212,76278,69433,12296,81729,670
2022-02-07,Napa,055,140530,24479,23237,867,24104,120
2022-02-07,Nevada,057,99092,15458,15268,1114,16382,113
2022-02-07,Orange,059,3164182,534732,531442,40075,571517,6179
2022-02-07,Placer,061,380077,61055,59894,7075,66969,546
2022-02-07,Plumas,063,18699,2866,2573,312,2885,13
2022-02-07,Riverside,065,2383286,579424,568874,26744,595618,5868
2022-02-07,Sacramento,067,1510023,271935,262834,25241,288075,2631
2022-02-07,San Benito,069,59416,12533,12285,496,12781,90
2022-02-07,San Bernardino,071,2135413,564678,542846,24304,567150,6335
2022-02-07,San Diego,073,3302833,727664,716244,50187,766431,4811
2022-02-07,San Francisco,075,870044,118519,113945,7824,121769,727
2022-02-07,San Joaquin,077,732212,161798,159358,9540,168898,1998
2022-02-07,San Luis Obispo,079,281455,50207,48994,3486,52480,406
2022-02-07,San Mateo,081,765935,117201,107060,6499,113559,589
2022-02-07,Santa Barbara,083,443738,82971,81608,4498,86106,624
2022-02-07,Santa Clara,085,1922200,301071,293360,11632,304992,2085
2022-02-07,Santa Cruz,087,273765,44845,43244,2007,45251,239
2022-02-07,Shasta,089,179085,29368,28900,5788,34688,468
2022-02-07,Sierra,091,2930,268,265,43,308,0
2022-02-07,Siskiyou,093,43540,4256,4157,2554,6711,68
2022-02-07,Solano,095,438530,78249,73934,5296,79230,420
2022-02-07,Sonoma,097,501317,80206,78296,2376,80672,431
2022-02-07,Stanislaus,099,539301,114199,113029,16824,129853,1406
2022-02-07,Sutter,101,95872,19825,19599,1869,21468,203
2022-02-07,Tehama,103,63373,11625,11418,2516,13934,146
2022-02-07,Trinity,105,12862,1134,1109,267,1376,20
2022-02-07,Tulare,107,460477,102955,98774,26155,124929,1263
2022-02-07,Tuolumne,109,53932,12213,11578,513,12091,92
2022-02-07,Ventura,111,848112,168755,166904,9127,176031,1324
2022-02-07,Yolo,113,214977,35589,34007,2705,36712,281
2022-02-07,Yuba,115,75493,15231,14998,1084,16082,105
2022-02-06,Alameda,001,1643700,244906,237188,12909,250097,1643
2022-02-06,Alpine,002,1148,120,123,1,124,0
2022-02-06,Amador,005,37829,8115,7922,578,8500,73
2022-02-06,Butte,007,227075,31821,31021,6646,37667,355
2022-02-06,Calaveras,009,45235,7002,6870,309,7179,99
2022-02-06,Colusa,011,21464,3347,3282,1015,4297,21
2022-02-06,Contra Costa,013,1133247,184589,176863,12307,189170,1128
2022-02-06,Del Norte,015,27424,5209,5038,146,5184,44
2022-02-06,El Dorado,017,186661,25885,25165,3050,28215,185
2022-02-06,Fresno,019,978130,224913,214726,22889,237615,2489
2022-02-06,Glenn,021,27897,4835,4738,1549,6287,39
2022-02-06,Humboldt,023,135768,15908,15658,2606,18264,128
2022-02-06,Imperial,025,180216,53610,52396,9955,62351,853
2022-02-06,Inyo,027,18085,3995,3970,425,4395,51
2022-02-06,Kern,029,883053,186007,181188,43828,225016,1996
2022-02-06,Kings,031,150075,49271,47669,3343,51012,401
2022-02-06,Lake,033,64148,9932,9468,790,10258,125
2022-02-06,Lassen,035,31185,8513,8326,834,9160,55
2022-02-06,Los Angeles,037,10098052,2645014,2602620,118955,2721575,29180
2022-02-06,Madera,039,155013,35694,34901,5527,40428,330
2022-02-06,Marin,041,260295,32036,31488,2068,33556,255
2022-02-06,Mariposa,043,17540,2278,2244,163,2407,6
2022-02-06,Mendocino,045,87422,12452,12169,2610,14779,107
2022-02-06,Merced,047,269075,60544,59112,7882,66994,748
2022-02-06,Modoc,049,8938,690,675,228,903,6
2022-02-06,Mono,051,14174,2932,2901,116,3017,5
2022-02-06,Monterey,053,433212,75913,67912,12139,80051,670
2022-02-06,Napa,055,140530,24360,23230,860,24090,120
2022-02-06,Nevada,057,99092,15393,15192,1101,16293,113
2022-02-06,Orange,059,3164182,533779,527906,39972,567878,6171
2022-02-06,Placer,061,380077,60879,59507,7049,66556,544
2022-02-06,Plumas,063,18699,2853,2559,303,2862,13
2022-02-06,Riverside,065,2383286,578285,568276,26667,594943,5865
2022-02-06,Sacramento,067,1510023,271067,261353,24977,286330,2631
2022-02-06,San Benito,069,59416,12478,12186,488,12674,90
2022-02-06,San Bernardino,071,2135413,563701,541103,24234,565337,6334
2022-02-06,San Diego,073,3302833,725606,709938,49945,759883,4786
2022-02-06,San Francisco,075,870044,118139,113115,7798,120913,728
2022-02-06,San Joaquin,077,732212,161228,158510,9502,168012,1997
2022-02-06,San Luis Obispo,079,281455,49982,48843,3429,52272,405
2022-02-06,San Mateo,081,765935,116863,105556,6460,112016,587
2022-02-06,Santa Barbara,083,443738,82653,81118,4461,85579,623
2022-02-06,Santa Clara,085,1922200,299950,291732,11516,303248,2075
2022-02-06,Santa Cruz,087,273765,44532,42952,1993,44945,239
2022-02-06,Shasta,089,179085,29245,28762,5739,34501,468
2022-02-06,Sierra,091,2930,268,265,43,308,0
2022-02-06,Siskiyou,093,43540,4235,4118,2528,6646,68
2022-02-06,Solano,095,438530,77952,73475,5254,78729,419
2022-02-06,Sonoma,097,501317,79871,77887,2356,80243,431
2022-02-06,Stanislaus,099,539301,113803,112521,16676,129197,1406
2022-02-06,Sutter,101,95872,19783,19523,1831,21354,203
2022-02-06,Tehama,103,63373,11585,11366,2496,13862,146
2022-02-06,Trinity,105,12862,1133,1102,266,1368,20
2022-02-06,Tulare,107,460477,102521,98260,25975,124235,1262
2022-02-06,Tuolumne,109,53932,12161,11507,495,12002,92
2022-02-06,Ventura,111,848112,168379,166235,9116,175351,1323
2022-02-06,Yolo,113,214977,35450,33784,2688,36472,281
2022-02-06,Yuba,115,75493,15186,14917,1075,15992,104
2022-02-05,Alameda,001,1643700,244490,235698,12898,248596,1638
2022-02-05,Alpine,002,1148,120,124,1,125,0
2022-02-05,Amador,005,37829,8106,7855,576,8431,71
2022-02-05,Butte,007,227075,31766,30733,6632,37365,355
2022-02-05,Calaveras,009,45235,6986,6789,309,7098,99
2022-02-05,Colusa,011,21464,3340,3234,1015,4249,21
2022-02-05,Contra Costa,013,1133247,184311,175871,12291,188162,1115
2022-02-05,Del Norte,015,27424,5167,4978,146,5124,44
2022-02-05,El Dorado,017,186661,25854,24813,3048,27861,185
2022-02-05,Fresno,019,978130,224556,213539,22867,236406,2477
2022-02-05,Glenn,021,27897,4833,4691,1543,6234,39
2022-02-05,Humboldt,023,135768,15859,15514,2603,18117,127
2022-02-05,Imperial,025,180216,53549,52153,9942,62095,853
2022-02-05,Inyo,027,18085,3992,3948,425,4373,51
2022-02-05,Kern,029,883053,185798,180296,43726,224022,1987
2022-02-05,Kings,031,150075,49184,47538,3336,50874,402
2022-02-05,Lake,033,64148,9913,9289,783,10072,124
2022-02-05,Lassen,035,31185,8502,8288,832,9120,55
2022-02-05,Los Angeles,037,10098052,2642839,2572702,118830,2691532,28947
2022-02-05,Madera,039,155013,35641,34471,5514,39985,329
2022-02-05,Marin,041,260295,31990,31299,2064,33363,255
2022-02-05,Mariposa,043,17540,2277,2222,162,2384,6
2022-02-05,Mendocino,045,87422,12424,12066,2608,14674,107
2022-02-05,Merced,047,269075,60450,58908,7875,66783,744
2022-02-05,Modoc,049,8938,689,664,228,892,6
2022-02-05,Mono,051,14174,2931,2904,116,3020,5
2022-02-05,Monterey,053,433212,75799,67342,12095,79437,666
2022-02-05,Napa,055,140530,24304,22973,859,23832,118
2022-02-05,Nevada,057,99092,15371,15002,1096,16098,113
2022-02-05,Orange,059,3164182,533340,527516,39879,567395,6134
2022-02-05,Placer,061,380077,60754,59043,7036,66079,533
2022-02-05,Plumas,063,18699,2852,2550,302,2852,13
2022-02-05,Riverside,065,2383286,577682,563991,26597,590588,5827
2022-02-05,Sacramento,067,1510023,270669,259437,24941,284378,2610
2022-02-05,San Benito,069,59416,12433,12142,488,12630,90
2022-02-05,San Bernardino,071,2135413,563188,539312,24214,563526,6322
2022-02-05,San Diego,073,3302833,724749,703957,49868,753825,4735
2022-02-05,San Francisco,075,870044,117925,112481,7771,120252,720
2022-02-05,San Joaquin,077,732212,161040,157420,9490,166910,1989
2022-02-05,San Luis Obispo,079,281455,49945,48361,3427,51788,404
2022-02-05,San Mateo,081,765935,116675,104810,6452,111262,587
2022-02-05,Santa Barbara,083,443738,82490,80478,4449,84927,617
2022-02-05,Santa Clara,085,1922200,299298,289262,11500,300762,2067
2022-02-05,Santa Cruz,087,273765,44458,42553,1990,44543,239
2022-02-05,Shasta,089,179085,29202,28604,5729,34333,466
2022-02-05,Sierra,091,2930,268,262,43,305,0
2022-02-05,Siskiyou,093,43540,4228,4106,2515,6621,67
2022-02-05,Solano,095,438530,77877,73112,5244,78356,415
2022-02-05,Sonoma,097,501317,79705,77213,2352,79565,431
2022-02-05,Stanislaus,099,539301,113601,111783,16653,128436,1406
2022-02-05,Sutter,101,95872,19753,19406,1825,21231,203
2022-02-05,Tehama,103,63373,11566,11259,2490,13749,146
2022-02-05,Trinity,105,12862,1131,1085,266,1351,20
2022-02-05,Tulare,107,460477,102352,97414,25894,123308,1254
2022-02-05,Tuolumne,109,53932,12135,11409,492,11901,91
2022-02-05,Ventura,111,848112,168153,165532,9100,174632,1308
2022-02-05,Yolo,113,214977,35366,33614,2673,36287,281
2022-02-05,Yuba,115,75493,15155,14801,1067,15868,105
2022-02-04,Alameda,001,1643700,243999,235698,12886,248584,1638
2022-02-04,Alpine,002,1148,120,124,1,125,0
2022-02-04,Amador,005,37829,8090,7855,572,8427,71
2022-02-04,Butte,007,227075,31707,30733,6620,37353,355
2022-02-04,Calaveras,009,45235,6976,6789,307,7096,99
2022-02-04,Colusa,011,21464,3336,3234,1013,4247,21
2022-02-04,Contra Costa,013,1133247,183976,175871,12263,188134,1115
2022-02-04,Del Norte,015,27424,5146,4978,146,5124,44
2022-02-04,El Dorado,017,186661,25820,24813,3045,27858,185
2022-02-04,Fresno,019,978130,224073,213539,22833,236372,2477
2022-02-04,Glenn,021,27897,4824,4691,1540,6231,39
2022-02-04,Humboldt,023,135768,15832,15514,2600,18114,127
2022-02-04,Imperial,025,180216,53472,52153,9925,62078,853
2022-02-04,Inyo,027,18085,3989,3948,425,4373,51
2022-02-04,Kern,029,883053,185573,180296,43602,223898,1987
2022-02-04,Kings,031,150075,49109,47538,3329,50867,402
2022-02-04,Lake,033,64148,9891,9289,780,10069,124
2022-02-04,Lassen,035,31185,8479,8288,832,9120,55
2022-02-04,Los Angeles,037,10098052,2640202,2572702,118699,2691401,28947
2022-02-04,Madera,039,155013,35558,34471,5506,39977,329
2022-02-04,Marin,041,260295,31926,31299,2055,33354,255
2022-02-04,Mariposa,043,17540,2275,2222,160,2382,6
2022-02-04,Mendocino,045,87422,12393,12066,2606,14672,107
2022-02-04,Merced,047,269075,60370,58908,7865,66773,744
2022-02-04,Modoc,049,8938,689,664,228,892,6
2022-02-04,Mono,051,14174,2929,2904,116,3020,5
2022-02-04,Monterey,053,433212,75609,67342,12052,79394,666
2022-02-04,Napa,055,140530,24257,22973,855,23828,118
2022-02-04,Nevada,057,99092,15337,15002,1092,16094,113
2022-02-04,Orange,059,3164182,532791,527516,39821,567337,6134
2022-02-04,Placer,061,380077,60648,59043,7025,66068,533
2022-02-04,Plumas,063,18699,2845,2550,301,2851,13
2022-02-04,Riverside,065,2383286,576969,563991,26585,590576,5827
2022-02-04,Sacramento,067,1510023,270166,259437,24917,284354,2610
2022-02-04,San Benito,069,59416,12414,12142,486,12628,90
2022-02-04,San Bernardino,071,2135413,562606,539312,24193,563505,6322
2022-02-04,San Diego,073,3302833,723619,703957,49782,753739,4735
2022-02-04,San Francisco,075,870044,117684,112481,7746,120227,720
2022-02-04,San Joaquin,077,732212,160808,157420,9478,166898,1989
2022-02-04,San Luis Obispo,079,281455,49884,48361,3420,51781,404
2022-02-04,San Mateo,081,765935,116443,104810,6438,111248,587
2022-02-04,Santa Barbara,083,443738,82341,80478,4448,84926,617
2022-02-04,Santa Clara,085,1922200,298627,289262,11479,300741,2067
2022-02-04,Santa Cruz,087,273765,44253,42553,1986,44539,239
2022-02-04,Shasta,089,179085,29150,28604,5718,34322,466
2022-02-04,Sierra,091,2930,268,262,43,305,0
2022-02-04,Siskiyou,093,43540,4220,4106,2508,6614,67
2022-02-04,Solano,095,438530,77685,73112,5206,78318,415
2022-02-04,Sonoma,097,501317,79546,77213,2271,79484,431
2022-02-04,Stanislaus,099,539301,113420,111783,16627,128410,1406
2022-02-04,Sutter,101,95872,19729,19406,1818,21224,203
2022-02-04,Tehama,103,63373,11551,11259,2489,13748,146
2022-02-04,Trinity,105,12862,1130,1085,265,1350,20
2022-02-04,Tulare,107,460477,102172,97414,25814,123228,1254
2022-02-04,Tuolumne,109,53932,12123,11409,491,11900,91
2022-02-04,Ventura,111,848112,167884,165532,9092,174624,1308
2022-02-04,Yolo,113,214977,35272,33614,2667,36281,281
2022-02-04,Yuba,115,75493,15137,14801,1067,15868,105
2022-02-03,Alameda,001,1643700,243225,235698,12823,248521,1638
2022-02-03,Alpine,002,1148,120,124,1,125,0
2022-02-03,Amador,005,37829,8070,7855,567,8422,71
2022-02-03,Butte,007,227075,31601,30733,6590,37323,355
2022-02-03,Calaveras,009,45235,6946,6789,304,7093,99
2022-02-03,Colusa,011,21464,3323,3234,1011,4245,21
2022-02-03,Contra Costa,013,1133247,183349,175871,12159,188030,1115
2022-02-03,Del Norte,015,27424,5103,4978,143,5121,44
2022-02-03,El Dorado,017,186661,25749,24813,3040,27853,185
2022-02-03,Fresno,019,978130,223133,213539,22671,236210,2477
2022-02-03,Glenn,021,27897,4807,4691,1523,6214,39
2022-02-03,Humboldt,023,135768,15756,15514,2564,18078,127
2022-02-03,Imperial,025,180216,53328,52153,9874,62027,853
2022-02-03,Inyo,027,18085,3986,3948,421,4369,51
2022-02-03,Kern,029,883053,185109,180296,43388,223684,1987
2022-02-03,Kings,031,150075,48951,47538,3322,50860,402
2022-02-03,Lake,033,64148,9837,9289,774,10063,124
2022-02-03,Lassen,035,31185,8455,8288,831,9119,55
2022-02-03,Los Angeles,037,10098052,2634781,2572702,118437,2691139,28947
2022-02-03,Madera,039,155013,35422,34471,5462,39933,329
2022-02-03,Marin,041,260295,31831,31299,2050,33349,255
2022-02-03,Mariposa,043,17540,2263,2222,157,2379,6
2022-02-03,Mendocino,045,87422,12349,12066,2583,14649,107
2022-02-03,Merced,047,269075,60218,58908,7767,66675,744
2022-02-03,Modoc,049,8938,686,664,228,892,6
2022-02-03,Mono,051,14174,2924,2904,115,3019,5
2022-02-03,Monterey,053,433212,75322,67342,11860,79202,666
2022-02-03,Napa,055,140530,24124,22973,855,23828,118
2022-02-03,Nevada,057,99092,15297,15002,1082,16084,113
2022-02-03,Orange,059,3164182,531867,527516,39729,567245,6134
2022-02-03,Placer,061,380077,60450,59043,7002,66045,533
2022-02-03,Plumas,063,18699,2831,2550,297,2847,13
2022-02-03,Riverside,065,2383286,575766,563991,26514,590505,5827
2022-02-03,Sacramento,067,1510023,269210,259437,24725,284162,2610
2022-02-03,San Benito,069,59416,12386,12142,483,12625,90
2022-02-03,San Bernardino,071,2135413,561594,539312,24154,563466,6322
2022-02-03,San Diego,073,3302833,721653,703957,49611,753568,4735
2022-02-03,San Francisco,075,870044,117352,112481,7717,120198,720
2022-02-03,San Joaquin,077,732212,160318,157420,9447,166867,1989
2022-02-03,San Luis Obispo,079,281455,49685,48361,3405,51766,404
2022-02-03,San Mateo,081,765935,116092,104810,6405,111215,587
2022-02-03,Santa Barbara,083,443738,81983,80478,4419,84897,617
2022-02-03,Santa Clara,085,1922200,297432,289262,11372,300634,2067
2022-02-03,Santa Cruz,087,273765,43913,42553,1979,44532,239
2022-02-03,Shasta,089,179085,29043,28604,5691,34295,466
2022-02-03,Sierra,091,2930,268,262,43,305,0
2022-02-03,Siskiyou,093,43540,4205,4106,2492,6598,67
2022-02-03,Solano,095,438530,77354,73112,5187,78299,415
2022-02-03,Sonoma,097,501317,79248,77213,2264,79477,431
2022-02-03,Stanislaus,099,539301,113043,111783,16539,128322,1406
2022-02-03,Sutter,101,95872,19677,19406,1802,21208,203
2022-02-03,Tehama,103,63373,11521,11259,2481,13740,146
2022-02-03,Trinity,105,12862,1128,1085,264,1349,20
2022-02-03,Tulare,107,460477,101764,97414,25677,123091,1254
2022-02-03,Tuolumne,109,53932,12082,11409,479,11888,91
2022-02-03,Ventura,111,848112,167498,165532,9080,174612,1308
2022-02-03,Yolo,113,214977,35163,33614,2653,36267,281
2022-02-03,Yuba,115,75493,15087,14801,1051,15852,105
2022-02-02,Alameda,001,1643700,242274,234300,12723,247023,1632
2022-02-02,Alpine,002,1148,120,123,1,124,0
2022-02-02,Amador,005,37829,8040,7781,558,8339,71
2022-02-02,Butte,007,227075,31489,30550,6553,37103,355
2022-02-02,Calaveras,009,45235,6919,6753,300,7053,99
2022-02-02,Colusa,011,21464,3308,3211,1010,4221,21
2022-02-02,Contra Costa,013,1133247,182720,174876,12062,186938,1113
2022-02-02,Del Norte,015,27424,5061,4924,139,5063,44
2022-02-02,El Dorado,017,186661,25686,24690,3021,27711,185
2022-02-02,Fresno,019,978130,222092,211976,22538,234514,2463
2022-02-02,Glenn,021,27897,4788,4667,1513,6180,39
2022-02-02,Humboldt,023,135768,15696,15392,2525,17917,127
2022-02-02,Imperial,025,180216,53131,51875,9747,61622,853
2022-02-02,Inyo,027,18085,3980,3944,420,4364,51
2022-02-02,Kern,029,883053,184513,179386,43175,222561,1974
2022-02-02,Kings,031,150075,48761,47061,3297,50358,401
2022-02-02,Lake,033,64148,9779,9235,767,10002,120
2022-02-02,Lassen,035,31185,8442,8258,822,9080,55
2022-02-02,Los Angeles,037,10098052,2628558,2561902,118063,2679965,28850
2022-02-02,Madera,039,155013,35254,34265,5390,39655,329
2022-02-02,Marin,041,260295,31728,31149,2040,33189,255
2022-02-02,Mariposa,043,17540,2252,2215,153,2368,6
2022-02-02,Mendocino,045,87422,12296,11996,2544,14540,105
2022-02-02,Merced,047,269075,60033,58532,7681,66213,744
2022-02-02,Modoc,049,8938,680,662,228,890,6
2022-02-02,Mono,051,14174,2913,2887,115,3002,5
2022-02-02,Monterey,053,433212,74930,66852,11680,78532,666
2022-02-02,Napa,055,140530,24004,22859,842,23701,117
2022-02-02,Nevada,057,99092,15239,14895,1060,15955,112
2022-02-02,Orange,059,3164182,530813,524418,39630,564048,6127
2022-02-02,Placer,061,380077,60256,58654,6973,65627,533
2022-02-02,Plumas,063,18699,2815,2540,294,2834,12
2022-02-02,Riverside,065,2383286,574486,561220,26467,587687,5827
2022-02-02,Sacramento,067,1510023,268206,258078,24517,282595,2602
2022-02-02,San Benito,069,59416,12346,12058,479,12537,90
2022-02-02,San Bernardino,071,2135413,560574,537485,24091,561576,6317
2022-02-02,San Diego,073,3302833,719456,703957,49422,753379,4735
2022-02-02,San Francisco,075,870044,116982,112008,7701,119709,714
2022-02-02,San Joaquin,077,732212,159745,156537,9421,165958,1986
2022-02-02,San Luis Obispo,079,281455,49486,48119,3392,51511,403
2022-02-02,San Mateo,081,765935,115716,104201,6341,110542,587
2022-02-02,Santa Barbara,083,443738,81640,79979,4388,84367,612
2022-02-02,Santa Clara,085,1922200,296259,287443,11260,298703,2051
2022-02-02,Santa Cruz,087,273765,43624,42127,1968,44095,239
2022-02-02,Shasta,089,179085,28942,28429,5646,34075,465
2022-02-02,Sierra,091,2930,268,262,43,305,0
2022-02-02,Siskiyou,093,43540,4195,4078,2463,6541,67
2022-02-02,Solano,095,438530,76995,72711,5160,77871,414
2022-02-02,Sonoma,097,501317,78935,76681,2251,78932,431
2022-02-02,Stanislaus,099,539301,112646,111167,16406,127573,1403
2022-02-02,Sutter,101,95872,19613,19290,1773,21063,203
2022-02-02,Tehama,103,63373,11463,11193,2462,13655,146
2022-02-02,Trinity,105,12862,1125,1074,262,1336,20
2022-02-02,Tulare,107,460477,101375,96820,25526,122346,1249
2022-02-02,Tuolumne,109,53932,12005,11342,476,11818,91
2022-02-02,Ventura,111,848112,167100,164905,9061,173966,1292
2022-02-02,Yolo,113,214977,35038,33332,2630,35962,281
2022-02-02,Yuba,115,75493,15022,14720,1043,15763,104
2022-02-01,Alameda,001,1643700,241205,233782,12618,246400,1620
2022-02-01,Alpine,002,1148,120,123,1,124,0
2022-02-01,Amador,005,37829,7994,7783,552,8335,73
2022-02-01,Butte,007,227075,31344,30496,6511,37007,355
2022-02-01,Calaveras,009,45235,6882,6749,296,7045,98
2022-02-01,Colusa,011,21464,3296,3202,997,4199,21
2022-02-01,Contra Costa,013,1133247,181956,174379,11918,186297,1115
2022-02-01,Del Norte,015,27424,5013,4907,136,5043,44
2022-02-01,El Dorado,017,186661,25626,24664,3004,27668,184
2022-02-01,Fresno,019,978130,220893,211352,22373,233725,2464
2022-02-01,Glenn,021,27897,4772,4649,1503,6152,39
2022-02-01,Humboldt,023,135768,15614,15354,2497,17851,127
2022-02-01,Imperial,025,180216,52918,51675,9682,61357,846
2022-02-01,Inyo,027,18085,3970,3928,417,4345,51
2022-02-01,Kern,029,883053,183866,178987,42930,221917,1967
2022-02-01,Kings,031,150075,48501,46959,3274,50233,400
2022-02-01,Lake,033,64148,9723,9211,760,9971,119
2022-02-01,Lassen,035,31185,8424,8231,818,9049,55
2022-02-01,Los Angeles,037,10098052,2621399,2548794,117689,2666483,28752
2022-02-01,Madera,039,155013,35034,34124,5309,39433,329
2022-02-01,Marin,041,260295,31604,31099,2024,33123,255
2022-02-01,Mariposa,043,17540,2245,2210,152,2362,6
2022-02-01,Mendocino,045,87422,12234,11978,2507,14485,105
2022-02-01,Merced,047,269075,59847,58362,7555,65917,743
2022-02-01,Modoc,049,8938,673,664,228,892,6
2022-02-01,Mono,051,14174,2907,2888,115,3003,5
2022-02-01,Monterey,053,433212,74510,66553,11486,78039,665
2022-02-01,Napa,055,140530,23905,22795,826,23621,116
2022-02-01,Nevada,057,99092,15178,14863,1048,15911,112
2022-02-01,Orange,059,3164182,529666,523741,39486,563227,6108
2022-02-01,Placer,061,380077,60008,58486,6935,65421,532
2022-02-01,Plumas,063,18699,2800,2526,291,2817,12
2022-02-01,Riverside,065,2383286,573099,560010,26419,586429,5825
2022-02-01,Sacramento,067,1510023,267151,257504,24252,281756,2593
2022-02-01,San Benito,069,59416,12280,12053,476,12529,90
2022-02-01,San Bernardino,071,2135413,559278,536591,24026,560617,6311
2022-02-01,San Diego,073,3302833,716937,701009,49195,750204,4710
2022-02-01,San Francisco,075,870044,116514,111606,7682,119288,713
2022-02-01,San Joaquin,077,732212,159212,156300,9398,165698,1987
2022-02-01,San Luis Obispo,079,281455,49257,47842,3331,51173,403
2022-02-01,San Mateo,081,765935,115247,103868,6299,110167,589
2022-02-01,Santa Barbara,083,443738,81195,79659,4351,84010,608
2022-02-01,Santa Clara,085,1922200,294729,286109,11155,297264,2070
2022-02-01,Santa Cruz,087,273765,43324,41782,1952,43734,239
2022-02-01,Shasta,089,179085,28821,28382,5593,33975,465
2022-02-01,Sierra,091,2930,266,262,43,305,0
2022-02-01,Siskiyou,093,43540,4181,4072,2436,6508,66
2022-02-01,Solano,095,438530,76717,72494,5138,77632,415
2022-02-01,Sonoma,097,501317,78574,76379,2228,78607,431
2022-02-01,Stanislaus,099,539301,112234,110925,16300,127225,1403
2022-02-01,Sutter,101,95872,19545,19256,1740,20996,202
2022-02-01,Tehama,103,63373,11406,11165,2449,13614,146
2022-02-01,Trinity,105,12862,1121,1073,262,1335,19
2022-02-01,Tulare,107,460477,100882,96467,25330,121797,1247
2022-02-01,Tuolumne,109,53932,11955,11318,467,11785,91
2022-02-01,Ventura,111,848112,166595,164721,9036,173757,1293
2022-02-01,Yolo,113,214977,34886,33257,2604,35861,275
2022-02-01,Yuba,115,75493,14961,14693,1036,15729,103
2022-01-31,Alameda,001,1643700,239849,232743,12509,245252,1607
2022-01-31,Alpine,002,1148,119,123,1,124,0
2022-01-31,Amador,005,37829,7942,7682,535,8217,73
2022-01-31,Butte,007,227075,31167,30371,6463,36834,354
2022-01-31,Calaveras,009,45235,6846,6700,285,6985,96
2022-01-31,Colusa,011,21464,3286,3187,988,4175,21
2022-01-31,Contra Costa,013,1133247,181114,173466,11791,185257,1115
2022-01-31,Del Norte,015,27424,4979,4879,133,5012,43
2022-01-31,El Dorado,017,186661,25520,24545,2974,27519,184
2022-01-31,Fresno,019,978130,219397,210589,22173,232762,2464
2022-01-31,Glenn,021,27897,4736,4641,1491,6132,39
2022-01-31,Humboldt,023,135768,15524,15308,2464,17772,126
2022-01-31,Imperial,025,180216,52702,51472,9573,61045,846
2022-01-31,Inyo,027,18085,3959,3922,411,4333,50
2022-01-31,Kern,029,883053,183086,178375,42614,220989,1967
2022-01-31,Kings,031,150075,48143,46845,3240,50085,398
2022-01-31,Lake,033,64148,9650,9141,748,9889,119
2022-01-31,Lassen,035,31185,8393,8162,812,8974,55
2022-01-31,Los Angeles,037,10098052,2613169,2541189,117281,2658470,28718
2022-01-31,Madera,039,155013,34819,33886,5213,39099,329
2022-01-31,Marin,041,260295,31479,31023,2007,33030,253
2022-01-31,Mariposa,043,17540,2235,2203,143,2346,6
2022-01-31,Mendocino,045,87422,12168,11896,2466,14362,104
2022-01-31,Merced,047,269075,59560,58198,7366,65564,740
2022-01-31,Modoc,049,8938,670,661,228,889,6
2022-01-31,Mono,051,14174,2893,2889,115,3004,5
2022-01-31,Monterey,053,433212,74057,66117,11273,77390,661
2022-01-31,Napa,055,140530,23737,22707,809,23516,113
2022-01-31,Nevada,057,99092,15101,14813,1035,15848,112
2022-01-31,Orange,059,3164182,528338,522358,39345,561703,6098
2022-01-31,Placer,061,380077,59761,58252,6904,65156,523
2022-01-31,Plumas,063,18699,2787,2513,289,2802,12
2022-01-31,Riverside,065,2383286,571280,558166,26355,584521,5785
2022-01-31,Sacramento,067,1510023,265858,256594,24000,280594,2571
2022-01-31,San Benito,069,59416,12221,11976,475,12451,90
2022-01-31,San Bernardino,071,2135413,557628,535276,23944,559220,6302
2022-01-31,San Diego,073,3302833,714032,698571,48925,747496,4686
2022-01-31,San Francisco,075,870044,116111,111119,7648,118767,712
2022-01-31,San Joaquin,077,732212,158450,155736,9367,165103,1985
2022-01-31,San Luis Obispo,079,281455,49003,47656,3274,50930,395
2022-01-31,San Mateo,081,765935,114738,103313,6241,109554,589
2022-01-31,Santa Barbara,083,443738,80689,79267,4309,83576,606
2022-01-31,Santa Clara,085,1922200,293039,284562,11051,295613,2041
2022-01-31,Santa Cruz,087,273765,42945,41630,1945,43575,239
2022-01-31,Shasta,089,179085,28691,28190,5552,33742,462
2022-01-31,Sierra,091,2930,266,261,43,304,0
2022-01-31,Siskiyou,093,43540,4165,4054,2420,6474,66
2022-01-31,Solano,095,438530,76011,72258,5091,77349,414
2022-01-31,Sonoma,097,501317,78120,76199,2198,78397,431
2022-01-31,Stanislaus,099,539301,111708,110493,16118,126611,1403
2022-01-31,Sutter,101,95872,19465,19189,1690,20879,202
2022-01-31,Tehama,103,63373,11343,11112,2421,13533,145
2022-01-31,Trinity,105,12862,1116,1071,259,1330,19
2022-01-31,Tulare,107,460477,100250,96053,25098,121151,1245
2022-01-31,Tuolumne,109,53932,11865,11278,460,11738,91
2022-01-31,Ventura,111,848112,166059,164060,9011,173071,1286
2022-01-31,Yolo,113,214977,34725,33175,2577,35752,274
2022-01-31,Yuba,115,75493,14898,14652,1016,15668,103
2022-01-30,Alameda,001,1643700,238296,231838,12358,244196,1607
2022-01-30,Alpine,002,1148,119,123,1,124,0
2022-01-30,Amador,005,37829,7889,7644,512,8156,73
2022-01-30,Butte,007,227075,30961,30255,6384,36639,354
2022-01-30,Calaveras,009,45235,6790,6676,274,6950,96
2022-01-30,Colusa,011,21464,3266,3168,980,4148,21
2022-01-30,Contra Costa,013,1133247,180119,172902,11587,184489,1102
2022-01-30,Del Norte,015,27424,4938,4833,130,4963,43
2022-01-30,El Dorado,017,186661,25397,24491,2950,27441,184
2022-01-30,Fresno,019,978130,217819,209645,21911,231556,2463
2022-01-30,Glenn,021,27897,4703,4619,1482,6101,39
2022-01-30,Humboldt,023,135768,15412,15247,2409,17656,126
2022-01-30,Imperial,025,180216,52378,51415,9404,60819,846
2022-01-30,Inyo,027,18085,3942,3921,408,4329,50
2022-01-30,Kern,029,883053,182221,177924,42292,220216,1967
2022-01-30,Kings,031,150075,47790,46654,3183,49837,398
2022-01-30,Lake,033,64148,9561,9080,727,9807,119
2022-01-30,Lassen,035,31185,8369,8158,804,8962,55
2022-01-30,Los Angeles,037,10098052,2603086,2530739,116810,2647549,28678
2022-01-30,Madera,039,155013,34520,33752,5029,38781,329
2022-01-30,Marin,041,260295,31331,30875,1993,32868,253
2022-01-30,Mariposa,043,17540,2223,2177,138,2315,6
2022-01-30,Mendocino,045,87422,12095,11860,2360,14220,104
2022-01-30,Merced,047,269075,59188,58006,7072,65078,740
2022-01-30,Modoc,049,8938,667,661,228,889,6
2022-01-30,Mono,051,14174,2887,2888,115,3003,5
2022-01-30,Monterey,053,433212,73469,65996,10994,76990,661
2022-01-30,Napa,055,140530,23569,22588,793,23381,114
2022-01-30,Nevada,057,99092,15012,14741,1019,15760,112
2022-01-30,Orange,059,3164182,526698,521334,39193,560527,6098
2022-01-30,Placer,061,380077,59434,58030,6864,64894,523
2022-01-30,Plumas,063,18699,2762,2510,275,2785,12
2022-01-30,Riverside,065,2383286,569211,557088,26254,583342,5767
2022-01-30,Sacramento,067,1510023,264400,255715,23507,279222,2572
2022-01-30,San Benito,069,59416,12155,11945,470,12415,90
2022-01-30,San Bernardino,071,2135413,555856,534050,23833,557883,6302
2022-01-30,San Diego,073,3302833,710500,687145,48490,735635,4665
2022-01-30,San Francisco,075,870044,115563,110772,7614,118386,712
2022-01-30,San Joaquin,077,732212,157461,155165,9329,164494,1985
2022-01-30,San Luis Obispo,079,281455,48605,47599,3238,50837,394
2022-01-30,San Mateo,081,765935,114163,102979,6196,109175,589
2022-01-30,Santa Barbara,083,443738,80012,79072,4248,83320,606
2022-01-30,Santa Clara,085,1922200,291064,282846,10920,293766,2035
2022-01-30,Santa Cruz,087,273765,42486,41330,1937,43267,239
2022-01-30,Shasta,089,179085,28530,28105,5468,33573,462
2022-01-30,Sierra,091,2930,266,261,43,304,0
2022-01-30,Siskiyou,093,43540,4135,4039,2373,6412,66
2022-01-30,Solano,095,438530,75485,71857,5040,76897,414
2022-01-30,Sonoma,097,501317,77601,75890,2169,78059,431
2022-01-30,Stanislaus,099,539301,111052,110111,15915,126026,1403
2022-01-30,Sutter,101,95872,19373,19108,1593,20701,202
2022-01-30,Tehama,103,63373,11271,11071,2391,13462,145
2022-01-30,Trinity,105,12862,1110,1068,259,1327,19
2022-01-30,Tulare,107,460477,99506,95676,24838,120514,1245
2022-01-30,Tuolumne,109,53932,11755,11242,423,11665,91
2022-01-30,Ventura,111,848112,165482,163521,8981,172502,1286
2022-01-30,Yolo,113,214977,34507,33043,2544,35587,274
2022-01-30,Yuba,115,75493,14808,14584,996,15580,103
2022-01-29,Alameda,001,1643700,237623,225602,12340,237942,1605
2022-01-29,Alpine,002,1148,119,123,1,124,0
2022-01-29,Amador,005,37829,7867,7505,509,8014,73
2022-01-29,Butte,007,227075,30871,29557,6353,35910,353
2022-01-29,Calaveras,009,45235,6771,6484,274,6758,96
2022-01-29,Colusa,011,21464,3261,3107,976,4083,21
2022-01-29,Contra Costa,013,1133247,179571,168003,11554,179557,1101
2022-01-29,Del Norte,015,27424,4920,4589,128,4717,43
2022-01-29,El Dorado,017,186661,25354,24008,2943,26951,184
2022-01-29,Fresno,019,978130,217359,202691,21873,224564,2457
2022-01-29,Glenn,021,27897,4695,4516,1475,5991,39
2022-01-29,Humboldt,023,135768,15365,14812,2402,17214,126
2022-01-29,Imperial,025,180216,52261,50153,9348,59501,845
2022-01-29,Inyo,027,18085,3940,3895,400,4295,50
2022-01-29,Kern,029,883053,181881,174456,42130,216586,1962
2022-01-29,Kings,031,150075,47671,45047,3176,48223,397
2022-01-29,Lake,033,64148,9528,8747,723,9470,119
2022-01-29,Lassen,035,31185,8348,7961,801,8762,55
2022-01-29,Los Angeles,037,10098052,2599179,2473332,116545,2589877,28467
2022-01-29,Madera,039,155013,34410,32753,5001,37754,329
2022-01-29,Marin,041,260295,31266,30137,1991,32128,253
2022-01-29,Mariposa,043,17540,2221,2117,136,2253,6
2022-01-29,Mendocino,045,87422,12071,11591,2344,13935,104
2022-01-29,Merced,047,269075,59080,56472,7067,63539,735
2022-01-29,Modoc,049,8938,667,654,228,882,6
2022-01-29,Mono,051,14174,2885,2860,115,2975,5
2022-01-29,Monterey,053,433212,73314,64090,10932,75022,658
2022-01-29,Napa,055,140530,23513,22121,791,22912,113
2022-01-29,Nevada,057,99092,14978,14337,1016,15353,112
2022-01-29,Orange,059,3164182,525992,511255,39087,550342,6038
2022-01-29,Placer,061,380077,59245,56562,6848,63410,523
2022-01-29,Plumas,063,18699,2752,2463,271,2734,12
2022-01-29,Riverside,065,2383286,568186,548121,26212,574333,5726
2022-01-29,Sacramento,067,1510023,263761,249130,23461,272591,2558
2022-01-29,San Benito,069,59416,12097,11670,469,12139,90
2022-01-29,San Bernardino,071,2135413,555107,525249,23789,549038,6297
2022-01-29,San Diego,073,3302833,709165,683027,48391,731418,4643
2022-01-29,San Francisco,075,870044,115289,108265,7566,115831,712
2022-01-29,San Joaquin,077,732212,157216,150849,9307,160156,1971
2022-01-29,San Luis Obispo,079,281455,48514,46374,3235,49609,391
2022-01-29,San Mateo,081,765935,113823,100306,6177,106483,586
2022-01-29,Santa Barbara,083,443738,79790,76546,4242,80788,604
2022-01-29,Santa Clara,085,1922200,290129,273879,10892,284771,2019
2022-01-29,Santa Cruz,087,273765,42355,39228,1935,41163,240
2022-01-29,Shasta,089,179085,28470,27504,5455,32959,452
2022-01-29,Sierra,091,2930,266,260,42,302,0
2022-01-29,Siskiyou,093,43540,4125,3987,2366,6353,66
2022-01-29,Solano,095,438530,75340,69862,5027,74889,407
2022-01-29,Sonoma,097,501317,77386,73439,2164,75603,427
2022-01-29,Stanislaus,099,539301,110803,107668,15864,123532,1403
2022-01-29,Sutter,101,95872,19325,18797,1577,20374,202
2022-01-29,Tehama,103,63373,11236,10880,2382,13262,145
2022-01-29,Trinity,105,12862,1107,1033,258,1291,19
2022-01-29,Tulare,107,460477,99248,93154,24766,117920,1237
2022-01-29,Tuolumne,109,53932,11729,10806,415,11221,91
2022-01-29,Ventura,111,848112,165153,160466,8962,169428,1271
2022-01-29,Yolo,113,214977,34393,32123,2528,34651,275
2022-01-29,Yuba,115,75493,14768,14295,994,15289,103
2022-01-28,Alameda,001,1643700,236677,225602,12321,237923,1605
2022-01-28,Alpine,002,1148,119,123,1,124,0
2022-01-28,Amador,005,37829,7841,7505,508,8013,73
2022-01-28,Butte,007,227075,30794,29557,6331,35888,353
2022-01-28,Calaveras,009,45235,6753,6484,273,6757,96
2022-01-28,Colusa,011,21464,3256,3107,975,4082,21
2022-01-28,Contra Costa,013,1133247,179021,168003,11517,179520,1101
2022-01-28,Del Norte,015,27424,4896,4589,127,4716,43
2022-01-28,El Dorado,017,186661,25310,24008,2936,26944,184
2022-01-28,Fresno,019,978130,216476,202691,21815,224506,2457
2022-01-28,Glenn,021,27897,4682,4516,1473,5989,39
2022-01-28,Humboldt,023,135768,15329,14812,2392,17204,126
2022-01-28,Imperial,025,180216,52133,50153,9318,59471,845
2022-01-28,Inyo,027,18085,3936,3895,397,4292,50
2022-01-28,Kern,029,883053,181470,174456,41972,216428,1962
2022-01-28,Kings,031,150075,47541,45047,3166,48213,397
2022-01-28,Lake,033,64148,9496,8747,720,9467,119
2022-01-28,Lassen,035,31185,8278,7961,799,8760,55
2022-01-28,Los Angeles,037,10098052,2593451,2473332,116334,2589666,28467
2022-01-28,Madera,039,155013,34282,32753,4985,37738,329
2022-01-28,Marin,041,260295,31173,30137,1971,32108,253
2022-01-28,Mariposa,043,17540,2211,2117,134,2251,6
2022-01-28,Mendocino,045,87422,12027,11591,2342,13933,104
2022-01-28,Merced,047,269075,58979,56472,7052,63524,735
2022-01-28,Modoc,049,8938,666,654,228,882,6
2022-01-28,Mono,051,14174,2880,2860,114,2974,5
2022-01-28,Monterey,053,433212,73112,64090,10883,74973,658
2022-01-28,Napa,055,140530,23434,22121,789,22910,113
2022-01-28,Nevada,057,99092,14941,14337,1014,15351,112
2022-01-28,Orange,059,3164182,524919,511255,38997,550252,6038
2022-01-28,Placer,061,380077,59045,56562,6825,63387,523
2022-01-28,Plumas,063,18699,2744,2463,269,2732,12
2022-01-28,Riverside,065,2383286,566864,548121,26171,574292,5726
2022-01-28,Sacramento,067,1510023,263017,249130,23410,272540,2558
2022-01-28,San Benito,069,59416,12075,11670,464,12134,90
2022-01-28,San Bernardino,071,2135413,554065,525249,23752,549001,6297
2022-01-28,San Diego,073,3302833,707344,683027,48312,731339,4643
2022-01-28,San Francisco,075,870044,114932,108265,7517,115782,712
2022-01-28,San Joaquin,077,732212,156927,150849,9293,160142,1971
2022-01-28,San Luis Obispo,079,281455,48430,46374,3228,49602,391
2022-01-28,San Mateo,081,765935,113469,100306,6157,106463,586
2022-01-28,Santa Barbara,083,443738,79541,76546,4240,80786,604
2022-01-28,Santa Clara,085,1922200,288940,273879,10843,284722,2019
2022-01-28,Santa Cruz,087,273765,42162,39228,1924,41152,240
2022-01-28,Shasta,089,179085,28410,27504,5441,32945,452
2022-01-28,Sierra,091,2930,266,260,42,302,0
2022-01-28,Siskiyou,093,43540,4115,3987,2362,6349,66
2022-01-28,Solano,095,438530,74789,69862,4961,74823,407
2022-01-28,Sonoma,097,501317,77181,73439,2157,75596,427
2022-01-28,Stanislaus,099,539301,110530,107668,15817,123485,1403
2022-01-28,Sutter,101,95872,19280,18797,1575,20372,202
2022-01-28,Tehama,103,63373,11204,10880,2375,13255,145
2022-01-28,Trinity,105,12862,1098,1033,258,1291,19
2022-01-28,Tulare,107,460477,98975,93154,24661,117815,1237
2022-01-28,Tuolumne,109,53932,11696,10806,411,11217,91
2022-01-28,Ventura,111,848112,164698,160466,8943,169409,1271
2022-01-28,Yolo,113,214977,34288,32123,2522,34645,275
2022-01-28,Yuba,115,75493,14729,14295,990,15285,103
2022-01-27,Alameda,001,1643700,235091,225602,12184,237786,1605
2022-01-27,Alpine,002,1148,119,123,1,124,0
2022-01-27,Amador,005,37829,7794,7505,497,8002,73
2022-01-27,Butte,007,227075,30641,29557,6277,35834,353
2022-01-27,Calaveras,009,45235,6727,6484,257,6741,96
2022-01-27,Colusa,011,21464,3240,3107,970,4077,21
2022-01-27,Contra Costa,013,1133247,177956,168003,11343,179346,1101
2022-01-27,Del Norte,015,27424,4852,4589,123,4712,43
2022-01-27,El Dorado,017,186661,25201,24008,2917,26925,184
2022-01-27,Fresno,019,978130,214818,202691,21594,224285,2457
2022-01-27,Glenn,021,27897,4650,4516,1465,5981,39
2022-01-27,Humboldt,023,135768,15242,14812,2355,17167,126
2022-01-27,Imperial,025,180216,51861,50153,9207,59360,845
2022-01-27,Inyo,027,18085,3929,3895,388,4283,50
2022-01-27,Kern,029,883053,180691,174456,41611,216067,1962
2022-01-27,Kings,031,150075,47200,45047,3128,48175,397
2022-01-27,Lake,033,64148,9442,8747,703,9450,119
2022-01-27,Lassen,035,31185,8237,7961,793,8754,55
2022-01-27,Los Angeles,037,10098052,2582291,2473332,115822,2589154,28467
2022-01-27,Madera,039,155013,34073,32753,4883,37636,329
2022-01-27,Marin,041,260295,31009,30137,1956,32093,253
2022-01-27,Mariposa,043,17540,2188,2117,131,2248,6
2022-01-27,Mendocino,045,87422,11976,11591,2293,13884,104
2022-01-27,Merced,047,269075,58708,56472,6889,63361,735
2022-01-27,Modoc,049,8938,664,654,227,881,6
2022-01-27,Mono,051,14174,2875,2860,114,2974,5
2022-01-27,Monterey,053,433212,72490,64090,10638,74728,658
2022-01-27,Napa,055,140530,23278,22121,762,22883,113
2022-01-27,Nevada,057,99092,14869,14337,987,15324,112
2022-01-27,Orange,059,3164182,523189,511255,38856,550111,6038
2022-01-27,Placer,061,380077,58729,56562,6773,63335,523
2022-01-27,Plumas,063,18699,2733,2463,257,2720,12
2022-01-27,Riverside,065,2383286,564689,548121,26102,574223,5726
2022-01-27,Sacramento,067,1510023,261734,249130,23086,272216,2558
2022-01-27,San Benito,069,59416,12020,11670,459,12129,90
2022-01-27,San Bernardino,071,2135413,552171,525249,23651,548900,6297
2022-01-27,San Diego,073,3302833,704010,683027,47954,730981,4643
2022-01-27,San Francisco,075,870044,114424,108265,7459,115724,712
2022-01-27,San Joaquin,077,732212,156067,150849,9228,160077,1971
2022-01-27,San Luis Obispo,079,281455,48159,46374,3193,49567,391
2022-01-27,San Mateo,081,765935,112882,100306,6088,106394,586
2022-01-27,Santa Barbara,083,443738,79062,76546,4185,80731,604
2022-01-27,Santa Clara,085,1922200,286868,273879,10697,284576,2019
2022-01-27,Santa Cruz,087,273765,41497,39228,1906,41134,240
2022-01-27,Shasta,089,179085,28285,27504,5392,32896,452
2022-01-27,Sierra,091,2930,265,260,41,301,0
2022-01-27,Siskiyou,093,43540,4094,3987,2325,6312,66
2022-01-27,Solano,095,438530,74148,69862,4903,74765,407
2022-01-27,Sonoma,097,501317,76716,73439,2143,75582,427
2022-01-27,Stanislaus,099,539301,110005,107668,15660,123328,1403
2022-01-27,Sutter,101,95872,19174,18797,1551,20348,202
2022-01-27,Tehama,103,63373,11152,10880,2359,13239,145
2022-01-27,Trinity,105,12862,1094,1033,257,1290,19
2022-01-27,Tulare,107,460477,98308,93154,24401,117555,1237
2022-01-27,Tuolumne,109,53932,11641,10806,403,11209,91
2022-01-27,Ventura,111,848112,164047,160466,8907,169373,1271
2022-01-27,Yolo,113,214977,34142,32123,2507,34630,275
2022-01-27,Yuba,115,75493,14651,14295,974,15269,103
2022-01-26,Alameda,001,1643700,233202,222680,12012,234692,1596
2022-01-26,Alpine,002,1148,119,123,1,124,0
2022-01-26,Amador,005,37829,7720,7427,482,7909,73
2022-01-26,Butte,007,227075,30445,29229,6214,35443,353
2022-01-26,Calaveras,009,45235,6689,6387,251,6638,96
2022-01-26,Colusa,011,21464,3221,3094,965,4059,21
2022-01-26,Contra Costa,013,1133247,176757,165972,11173,177145,1095
2022-01-26,Del Norte,015,27424,4794,4542,122,4664,43
2022-01-26,El Dorado,017,186661,25080,23819,2894,26713,181
2022-01-26,Fresno,019,978130,212951,199689,21372,221061,2452
2022-01-26,Glenn,021,27897,4616,4472,1460,5932,39
2022-01-26,Humboldt,023,135768,15144,14715,2312,17027,126
2022-01-26,Imperial,025,180216,51503,49477,9067,58544,839
2022-01-26,Inyo,027,18085,3926,3889,358,4247,50
2022-01-26,Kern,029,883053,179751,173052,41270,214322,1953
2022-01-26,Kings,031,150075,46795,44367,3099,47466,396
2022-01-26,Lake,033,64148,9360,8645,693,9338,119
2022-01-26,Lassen,035,31185,8197,7888,793,8681,55
2022-01-26,Los Angeles,037,10098052,2570079,2450620,115377,2565997,28382
2022-01-26,Madera,039,155013,33834,32323,4746,37069,329
2022-01-26,Marin,041,260295,30827,29813,1939,31752,253
2022-01-26,Mariposa,043,17540,2171,2108,124,2232,6
2022-01-26,Mendocino,045,87422,11928,11453,2242,13695,103
2022-01-26,Merced,047,269075,58331,56060,6712,62772,733
2022-01-26,Modoc,049,8938,663,652,226,878,6
2022-01-26,Mono,051,14174,2872,2852,114,2966,4
2022-01-26,Monterey,053,433212,71933,63264,10350,73614,659
2022-01-26,Napa,055,140530,23122,21864,752,22616,112
2022-01-26,Nevada,057,99092,14774,14128,975,15103,112
2022-01-26,Orange,059,3164182,521200,506419,38689,545108,6007
2022-01-26,Placer,061,380077,58389,55892,6712,62604,524
2022-01-26,Plumas,063,18699,2706,2425,255,2680,12
2022-01-26,Riverside,065,2383286,562159,543788,25985,569773,5701
2022-01-26,Sacramento,067,1510023,260040,246416,22759,269175,2559
2022-01-26,San Benito,069,59416,11949,11563,447,12010,90
2022-01-26,San Bernardino,071,2135413,549898,521699,23544,545243,6291
2022-01-26,San Diego,073,3302833,699801,676392,47598,723990,4622
2022-01-26,San Francisco,075,870044,113783,107174,7429,114603,704
2022-01-26,San Joaquin,077,732212,155071,148770,9174,157944,1971
2022-01-26,San Luis Obispo,079,281455,47854,45716,3167,48883,391
2022-01-26,San Mateo,081,765935,112214,99016,5964,104980,586
2022-01-26,Santa Barbara,083,443738,78534,75548,4125,79673,600
2022-01-26,Santa Clara,085,1922200,284751,270470,10526,280996,2015
2022-01-26,Santa Cruz,087,273765,40978,38298,1892,40190,239
2022-01-26,Shasta,089,179085,28138,27255,5347,32602,452
2022-01-26,Sierra,091,2930,264,260,40,300,0
2022-01-26,Siskiyou,093,43540,4078,3971,2300,6271,66
2022-01-26,Solano,095,438530,73451,69150,4836,73986,401
2022-01-26,Sonoma,097,501317,76156,72509,2108,74617,423
2022-01-26,Stanislaus,099,539301,109450,106582,15443,122025,1396
2022-01-26,Sutter,101,95872,19065,18670,1507,20177,202
2022-01-26,Tehama,103,63373,11098,10749,2345,13094,145
2022-01-26,Trinity,105,12862,1089,1008,257,1265,19
2022-01-26,Tulare,107,460477,97501,91904,24162,116066,1234
2022-01-26,Tuolumne,109,53932,11457,10699,392,11091,91
2022-01-26,Ventura,111,848112,163337,159077,8865,167942,1263
2022-01-26,Yolo,113,214977,33924,31913,2469,34382,275
2022-01-26,Yuba,115,75493,14566,14171,952,15123,103
2022-01-25,Alameda,001,1643700,231318,219753,11835,231588,1589
2022-01-25,Alpine,002,1148,119,122,1,123,0
2022-01-25,Amador,005,37829,7643,7352,471,7823,73
2022-01-25,Butte,007,227075,30232,28887,6142,35029,351
2022-01-25,Calaveras,009,45235,6631,6266,238,6504,95
2022-01-25,Colusa,011,21464,3200,3074,963,4037,21
2022-01-25,Contra Costa,013,1133247,175358,163792,10945,174737,1092
2022-01-25,Del Norte,015,27424,4724,4514,117,4631,43
2022-01-25,El Dorado,017,186661,24943,23339,2870,26209,179
2022-01-25,Fresno,019,978130,210772,198262,21071,219333,2434
2022-01-25,Glenn,021,27897,4586,4418,1444,5862,39
2022-01-25,Humboldt,023,135768,15052,14574,2286,16860,126
2022-01-25,Imperial,025,180216,51047,48913,8846,57759,832
2022-01-25,Inyo,027,18085,3910,3857,316,4173,50
2022-01-25,Kern,029,883053,178746,171695,40822,212517,1947
2022-01-25,Kings,031,150075,46327,43853,3054,46907,396
2022-01-25,Lake,033,64148,9281,8543,681,9224,118
2022-01-25,Lassen,035,31185,8166,7834,784,8618,55
2022-01-25,Los Angeles,037,10098052,2555125,2433516,114738,2548254,28293
2022-01-25,Madera,039,155013,33513,31794,4613,36407,329
2022-01-25,Marin,041,260295,30649,29589,1926,31515,253
2022-01-25,Mariposa,043,17540,2159,2069,118,2187,6
2022-01-25,Mendocino,045,87422,11808,11280,2139,13419,103
2022-01-25,Merced,047,269075,57938,55555,6572,62127,733
2022-01-25,Modoc,049,8938,661,652,226,878,6
2022-01-25,Mono,051,14174,2862,2826,113,2939,4
2022-01-25,Monterey,053,433212,71359,62498,9950,72448,654
2022-01-25,Napa,055,140530,22927,21668,718,22386,111
2022-01-25,Nevada,057,99092,14660,13944,953,14897,112
2022-01-25,Orange,059,3164182,518918,504274,38490,542764,5980
2022-01-25,Placer,061,380077,57988,55465,6639,62104,518
2022-01-25,Plumas,063,18699,2682,2397,251,2648,12
2022-01-25,Riverside,065,2383286,559068,540723,25821,566544,5686
2022-01-25,Sacramento,067,1510023,258087,244468,22231,266699,2545
2022-01-25,San Benito,069,59416,11849,11446,443,11889,88
2022-01-25,San Bernardino,071,2135413,547271,519150,23430,542580,6288
2022-01-25,San Diego,073,3302833,694825,670110,47148,717258,4604
2022-01-25,San Francisco,075,870044,113020,106254,7387,113641,703
2022-01-25,San Joaquin,077,732212,154068,147271,9109,156380,1972
2022-01-25,San Luis Obispo,079,281455,47493,45130,3119,48249,391
2022-01-25,San Mateo,081,765935,111377,98010,5853,103863,586
2022-01-25,Santa Barbara,083,443738,77866,74686,4046,78732,594
2022-01-25,Santa Clara,085,1922200,282100,268031,10324,278355,2006
2022-01-25,Santa Cruz,087,273765,40307,37850,1877,39727,237
2022-01-25,Shasta,089,179085,27975,27090,5281,32371,452
2022-01-25,Sierra,091,2930,264,260,36,296,0
2022-01-25,Siskiyou,093,43540,4054,3958,2265,6223,65
2022-01-25,Solano,095,438530,72879,68657,4777,73434,399
2022-01-25,Sonoma,097,501317,75466,71633,2068,73701,423
2022-01-25,Stanislaus,099,539301,108779,105965,15217,121182,1396
2022-01-25,Sutter,101,95872,18962,18508,1467,19975,200
2022-01-25,Tehama,103,63373,11036,10669,2321,12990,145
2022-01-25,Trinity,105,12862,1082,999,255,1254,19
2022-01-25,Tulare,107,460477,96641,91237,23843,115080,1229
2022-01-25,Tuolumne,109,53932,11276,10516,368,10884,91
2022-01-25,Ventura,111,848112,162483,157971,8816,166787,1263
2022-01-25,Yolo,113,214977,33665,31677,2425,34102,274
2022-01-25,Yuba,115,75493,14481,14038,925,14963,103
2022-01-24,Alameda,001,1643700,228849,216252,11565,227817,1581
2022-01-24,Alpine,002,1148,119,120,1,121,0
2022-01-24,Amador,005,37829,7592,7166,434,7600,73
2022-01-24,Butte,007,227075,29998,28607,6076,34683,350
2022-01-24,Calaveras,009,45235,6583,6172,224,6396,95
2022-01-24,Colusa,011,21464,3180,3052,946,3998,21
2022-01-24,Contra Costa,013,1133247,173799,162161,10722,172883,1092
2022-01-24,Del Norte,015,27424,4664,4460,117,4577,43
2022-01-24,El Dorado,017,186661,24779,23128,2843,25971,179
2022-01-24,Fresno,019,978130,208425,196092,20743,216835,2430
2022-01-24,Glenn,021,27897,4546,4367,1435,5802,39
2022-01-24,Humboldt,023,135768,14941,14416,2241,16657,126
2022-01-24,Imperial,025,180216,50506,48228,8566,56794,824
2022-01-24,Inyo,027,18085,3904,3805,292,4097,50
2022-01-24,Kern,029,883053,177436,169892,40351,210243,1946
2022-01-24,Kings,031,150075,45752,43260,2983,46243,396
2022-01-24,Lake,033,64148,9172,8423,666,9089,118
2022-01-24,Lassen,035,31185,8082,7732,765,8497,55
2022-01-24,Los Angeles,037,10098052,2538598,2391045,113960,2505005,28230
2022-01-24,Madera,039,155013,33075,31339,4429,35768,329
2022-01-24,Marin,041,260295,30416,29301,1890,31191,253
2022-01-24,Mariposa,043,17540,2134,2033,114,2147,6
2022-01-24,Mendocino,045,87422,11704,11002,2060,13062,103
2022-01-24,Merced,047,269075,57434,54970,6287,61257,730
2022-01-24,Modoc,049,8938,658,648,225,873,6
2022-01-24,Mono,051,14174,2852,2802,112,2914,4
2022-01-24,Monterey,053,433212,70499,61975,9595,71570,654
2022-01-24,Napa,055,140530,22748,21494,706,22200,111
2022-01-24,Nevada,057,99092,14533,13774,930,14704,112
2022-01-24,Orange,059,3164182,516338,501634,38221,539855,5969
2022-01-24,Placer,061,380077,57505,54933,6590,61523,518
2022-01-24,Plumas,063,18699,2650,2370,237,2607,12
2022-01-24,Riverside,065,2383286,555335,535962,25612,561574,5661
2022-01-24,Sacramento,067,1510023,255719,241522,21672,263194,2526
2022-01-24,San Benito,069,59416,11747,11331,430,11761,88
2022-01-24,San Bernardino,071,2135413,544375,515604,23267,538871,6285
2022-01-24,San Diego,073,3302833,689182,663580,46600,710180,4586
2022-01-24,San Francisco,075,870044,112064,105418,7295,112713,703
2022-01-24,San Joaquin,077,732212,152748,145984,9033,155017,1959
2022-01-24,San Luis Obispo,079,281455,47022,44616,3065,47681,387
2022-01-24,San Mateo,081,765935,110410,96968,5740,102708,586
2022-01-24,Santa Barbara,083,443738,77055,73866,3953,77819,591
2022-01-24,Santa Clara,085,1922200,279202,265341,10113,275454,2006
2022-01-24,Santa Cruz,087,273765,39504,37188,1859,39047,237
2022-01-24,Shasta,089,179085,27791,26871,5193,32064,452
2022-01-24,Sierra,091,2930,264,258,36,294,0
2022-01-24,Siskiyou,093,43540,4046,3934,2226,6160,64
2022-01-24,Solano,095,438530,72197,68094,4700,72794,400
2022-01-24,Sonoma,097,501317,74551,70733,2031,72764,423
2022-01-24,Stanislaus,099,539301,108021,104933,14930,119863,1395
2022-01-24,Sutter,101,95872,18846,18336,1381,19717,200
2022-01-24,Tehama,103,63373,10966,10567,2301,12868,145
2022-01-24,Trinity,105,12862,1073,978,253,1231,19
2022-01-24,Tulare,107,460477,95565,90089,23486,113575,1219
2022-01-24,Tuolumne,109,53932,11155,10374,360,10734,91
2022-01-24,Ventura,111,848112,161460,156551,8771,165322,1261
2022-01-24,Yolo,113,214977,33372,31480,2396,33876,273
2022-01-24,Yuba,115,75493,14375,13862,886,14748,103
2022-01-23,Alameda,001,1643700,226155,214003,11226,225229,1583
2022-01-23,Alpine,002,1148,119,120,1,121,0
2022-01-23,Amador,005,37829,7536,7090,394,7484,73
2022-01-23,Butte,007,227075,29699,28340,5950,34290,350
2022-01-23,Calaveras,009,45235,6518,6095,203,6298,95
2022-01-23,Colusa,011,21464,3155,3040,937,3977,21
2022-01-23,Contra Costa,013,1133247,171858,160798,10349,171147,1092
2022-01-23,Del Norte,015,27424,4596,4419,111,4530,43
2022-01-23,El Dorado,017,186661,24593,22925,2796,25721,179
2022-01-23,Fresno,019,978130,205871,193642,20256,213898,2430
2022-01-23,Glenn,021,27897,4499,4340,1413,5753,39
2022-01-23,Humboldt,023,135768,14819,14296,2159,16455,126
2022-01-23,Imperial,025,180216,49906,47935,8284,56219,824
2022-01-23,Inyo,027,18085,3877,3781,278,4059,50
2022-01-23,Kern,029,883053,176073,168585,39823,208408,1946
2022-01-23,Kings,031,150075,45118,42622,2880,45502,397
2022-01-23,Lake,033,64148,9002,8363,640,9003,118
2022-01-23,Lassen,035,31185,8033,7710,741,8451,55
2022-01-23,Los Angeles,037,10098052,2518263,2390590,112817,2503407,28231
2022-01-23,Madera,039,155013,32715,30962,4193,35155,329
2022-01-23,Marin,041,260295,30163,29025,1852,30877,253
2022-01-23,Mariposa,043,17540,2119,2011,111,2122,6
2022-01-23,Mendocino,045,87422,11579,10889,1932,12821,103
2022-01-23,Merced,047,269075,56862,54644,5830,60474,730
2022-01-23,Modoc,049,8938,656,645,222,867,6
2022-01-23,Mono,051,14174,2844,2788,110,2898,4
2022-01-23,Monterey,053,433212,69660,61522,9163,70685,654
2022-01-23,Napa,055,140530,22486,21281,693,21974,111
2022-01-23,Nevada,057,99092,14371,13629,901,14530,112
2022-01-23,Orange,059,3164182,513233,498968,37924,536892,5970
2022-01-23,Placer,061,380077,56939,54568,6502,61070,518
2022-01-23,Plumas,063,18699,2617,2368,208,2576,12
2022-01-23,Riverside,065,2383286,550888,532273,25310,557583,5661
2022-01-23,Sacramento,067,1510023,253078,239589,20728,260317,2530
2022-01-23,San Benito,069,59416,11625,11225,419,11644,88
2022-01-23,San Bernardino,071,2135413,540812,512657,22989,535646,6281
2022-01-23,San Diego,073,3302833,682585,640215,45795,686010,4566
2022-01-23,San Francisco,075,870044,110999,104485,7188,111673,704
2022-01-23,San Joaquin,077,732212,151121,144621,8950,153571,1959
2022-01-23,San Luis Obispo,079,281455,46325,44183,2991,47174,386
2022-01-23,San Mateo,081,765935,109289,95940,5596,101536,586
2022-01-23,Santa Barbara,083,443738,75931,73041,3830,76871,590
2022-01-23,Santa Clara,085,1922200,275854,261991,9794,271785,2005
2022-01-23,Santa Cruz,087,273765,38972,36547,1828,38375,237
2022-01-23,Shasta,089,179085,27511,26732,5073,31805,452
2022-01-23,Sierra,091,2930,263,252,36,288,0
2022-01-23,Siskiyou,093,43540,4021,3916,2169,6085,64
2022-01-23,Solano,095,438530,71396,67457,4606,72063,400
2022-01-23,Sonoma,097,501317,73597,69791,1975,71766,423
2022-01-23,Stanislaus,099,539301,107159,104067,14639,118706,1395
2022-01-23,Sutter,101,95872,18687,18175,1268,19443,200
2022-01-23,Tehama,103,63373,10868,10481,2270,12751,145
2022-01-23,Trinity,105,12862,1070,961,251,1212,19
2022-01-23,Tulare,107,460477,94306,89120,23076,112196,1219
2022-01-23,Tuolumne,109,53932,10963,10243,343,10586,91
2022-01-23,Ventura,111,848112,160278,155052,8694,163746,1261
2022-01-23,Yolo,113,214977,32996,30908,2356,33264,273
2022-01-23,Yuba,115,75493,14251,13762,833,14595,103
2022-01-22,Alameda,001,1643700,225096,203927,11198,215125,1575
2022-01-22,Alpine,002,1148,118,119,1,120,0
2022-01-22,Amador,005,37829,7502,6845,389,7234,73
2022-01-22,Butte,007,227075,29577,27232,5918,33150,350
2022-01-22,Calaveras,009,45235,6488,5835,202,6037,95
2022-01-22,Colusa,011,21464,3138,2954,934,3888,21
2022-01-22,Contra Costa,013,1133247,170881,154111,10319,164430,1091
2022-01-22,Del Norte,015,27424,4557,4269,107,4376,43
2022-01-22,El Dorado,017,186661,24528,22273,2784,25057,179
2022-01-22,Fresno,019,978130,205032,185292,20186,205478,2429
2022-01-22,Glenn,021,27897,4492,4174,1410,5584,39
2022-01-22,Humboldt,023,135768,14751,13628,2146,15774,125
2022-01-22,Imperial,025,180216,49714,45741,8225,53966,820
2022-01-22,Inyo,027,18085,3873,3706,254,3960,50
2022-01-22,Kern,029,883053,175446,162902,39523,202425,1946
2022-01-22,Kings,031,150075,44910,40580,2867,43447,396
2022-01-22,Lake,033,64148,8968,8056,632,8688,118
2022-01-22,Lassen,035,31185,7999,7545,734,8279,55
2022-01-22,Los Angeles,037,10098052,2510838,2286280,112313,2398593,28038
2022-01-22,Madera,039,155013,32596,29595,4178,33773,329
2022-01-22,Marin,041,260295,30036,27893,1847,29740,253
2022-01-22,Mariposa,043,17540,2115,1920,111,2031,6
2022-01-22,Mendocino,045,87422,11529,10395,1910,12305,103
2022-01-22,Merced,047,269075,56702,53025,5821,58846,727
2022-01-22,Modoc,049,8938,655,639,222,861,6
2022-01-22,Mono,051,14174,2843,2723,106,2829,4
2022-01-22,Monterey,053,433212,69454,59038,9121,68159,651
2022-01-22,Napa,055,140530,22391,20402,683,21085,111
2022-01-22,Nevada,057,99092,14302,12957,893,13850,112
2022-01-22,Orange,059,3164182,511624,480329,37676,518005,5946
2022-01-22,Placer,061,380077,56668,52557,6465,59022,512
2022-01-22,Plumas,063,18699,2600,2289,204,2493,12
2022-01-22,Riverside,065,2383286,548969,513567,25238,538805,5623
2022-01-22,Sacramento,067,1510023,252036,230206,20620,250826,2510
2022-01-22,San Benito,069,59416,11567,10743,414,11157,88
2022-01-22,San Bernardino,071,2135413,539275,495209,22895,518104,6267
2022-01-22,San Diego,073,3302833,680103,628904,45576,674480,4559
2022-01-22,San Francisco,075,870044,110341,100238,7039,107277,702
2022-01-22,San Joaquin,077,732212,150678,138264,8908,147172,1960
2022-01-22,San Luis Obispo,079,281455,46206,42154,2985,45139,385
2022-01-22,San Mateo,081,765935,108703,91440,5534,96974,585
2022-01-22,Santa Barbara,083,443738,75509,69555,3824,73379,589
2022-01-22,Santa Clara,085,1922200,274167,249205,9728,258933,1993
2022-01-22,Santa Cruz,087,273765,38790,33741,1822,35563,237
2022-01-22,Shasta,089,179085,27415,25919,5051,30970,450
2022-01-22,Sierra,091,2930,263,248,35,283,0
2022-01-22,Siskiyou,093,43540,4003,3845,2148,5993,62
2022-01-22,Solano,095,438530,71173,63882,4568,68450,391
2022-01-22,Sonoma,097,501317,73176,66013,1965,67978,422
2022-01-22,Stanislaus,099,539301,106700,100092,14541,114633,1393
2022-01-22,Sutter,101,95872,18619,17616,1255,18871,199
2022-01-22,Tehama,103,63373,10833,10171,2259,12430,142
2022-01-22,Trinity,105,12862,1068,925,251,1176,19
2022-01-22,Tulare,107,460477,93928,85223,22954,108177,1211
2022-01-22,Tuolumne,109,53932,10895,9731,337,10068,91
2022-01-22,Ventura,111,848112,159587,148742,8654,157396,1250
2022-01-22,Yolo,113,214977,32818,30061,2339,32400,273
2022-01-22,Yuba,115,75493,14161,13288,829,14117,103
2022-01-21,Alameda,001,1643700,223525,203927,11164,215091,1575
2022-01-21,Alpine,002,1148,118,119,1,120,0
2022-01-21,Amador,005,37829,7445,6845,386,7231,73
2022-01-21,Butte,007,227075,29451,27232,5875,33107,350
2022-01-21,Calaveras,009,45235,6442,5835,202,6037,95
2022-01-21,Colusa,011,21464,3131,2954,928,3882,21
2022-01-21,Contra Costa,013,1133247,169774,154111,10239,164350,1091
2022-01-21,Del Norte,015,27424,4517,4269,107,4376,43
2022-01-21,El Dorado,017,186661,24443,22273,2768,25041,179
2022-01-21,Fresno,019,978130,203741,185292,20081,205373,2429
2022-01-21,Glenn,021,27897,4470,4174,1406,5580,39
2022-01-21,Humboldt,023,135768,14681,13628,2127,15755,125
2022-01-21,Imperial,025,180216,49525,45741,8149,53890,820
2022-01-21,Inyo,027,18085,3860,3706,249,3955,50
2022-01-21,Kern,029,883053,174731,162902,39153,202055,1946
2022-01-21,Kings,031,150075,44712,40580,2859,43439,396
2022-01-21,Lake,033,64148,8911,8056,620,8676,118
2022-01-21,Lassen,035,31185,7950,7545,730,8275,55
2022-01-21,Los Angeles,037,10098052,2499530,2286280,111855,2398135,28038
2022-01-21,Madera,039,155013,32304,29595,4150,33745,329
2022-01-21,Marin,041,260295,29861,27893,1828,29721,253
2022-01-21,Mariposa,043,17540,2103,1920,110,2030,6
2022-01-21,Mendocino,045,87422,11448,10395,1907,12302,103
2022-01-21,Merced,047,269075,56540,53025,5817,58842,727
2022-01-21,Modoc,049,8938,654,639,222,861,6
2022-01-21,Mono,051,14174,2829,2723,103,2826,4
2022-01-21,Monterey,053,433212,68983,59038,8995,68033,651
2022-01-21,Napa,055,140530,22271,20402,675,21077,111
2022-01-21,Nevada,057,99092,14204,12957,889,13846,112
2022-01-21,Orange,059,3164182,509384,480329,37429,517758,5946
2022-01-21,Placer,061,380077,56276,52557,6403,58960,512
2022-01-21,Plumas,063,18699,2587,2289,199,2488,12
2022-01-21,Riverside,065,2383286,546315,513567,25159,538726,5623
2022-01-21,Sacramento,067,1510023,250595,230206,20522,250728,2510
2022-01-21,San Benito,069,59416,11532,10743,411,11154,88
2022-01-21,San Bernardino,071,2135413,537200,495209,22819,518028,6267
2022-01-21,San Diego,073,3302833,675945,628904,45401,674305,4559
2022-01-21,San Francisco,075,870044,109582,100238,6951,107189,702
2022-01-21,San Joaquin,077,732212,150075,138264,8852,147116,1960
2022-01-21,San Luis Obispo,079,281455,46080,42154,2982,45136,385
2022-01-21,San Mateo,081,765935,108030,91440,5495,96935,585
2022-01-21,Santa Barbara,083,443738,75007,69555,3815,73370,589
2022-01-21,Santa Clara,085,1922200,272334,249205,9620,258825,1993
2022-01-21,Santa Cruz,087,273765,38071,33741,1809,35550,237
2022-01-21,Shasta,089,179085,27326,25919,5004,30923,450
2022-01-21,Sierra,091,2930,261,248,34,282,0
2022-01-21,Siskiyou,093,43540,3994,3845,2130,5975,62
2022-01-21,Solano,095,438530,70760,63882,4485,68367,391
2022-01-21,Sonoma,097,501317,72651,66013,1955,67968,422
2022-01-21,Stanislaus,099,539301,106194,100092,14465,114557,1393
2022-01-21,Sutter,101,95872,18533,17616,1241,18857,199
2022-01-21,Tehama,103,63373,10796,10171,2257,12428,142
2022-01-21,Trinity,105,12862,1062,925,250,1175,19
2022-01-21,Tulare,107,460477,93449,85223,22800,108023,1211
2022-01-21,Tuolumne,109,53932,10812,9731,330,10061,91
2022-01-21,Ventura,111,848112,158777,148742,8623,157365,1250
2022-01-21,Yolo,113,214977,32656,30061,2318,32379,273
2022-01-21,Yuba,115,75493,14089,13288,822,14110,103
2022-01-20,Alameda,001,1643700,220472,203927,10927,214854,1575
2022-01-20,Alpine,002,1148,118,119,1,120,0
2022-01-20,Amador,005,37829,7381,6845,368,7213,73
2022-01-20,Butte,007,227075,29185,27232,5795,33027,350
2022-01-20,Calaveras,009,45235,6337,5835,193,6028,95
2022-01-20,Colusa,011,21464,3105,2954,916,3870,21
2022-01-20,Contra Costa,013,1133247,167717,154111,9965,164076,1091
2022-01-20,Del Norte,015,27424,4477,4269,104,4373,43
2022-01-20,El Dorado,017,186661,24243,22273,2722,24995,179
2022-01-20,Fresno,019,978130,201081,185292,19692,204984,2429
2022-01-20,Glenn,021,27897,4436,4174,1397,5571,39
2022-01-20,Humboldt,023,135768,14554,13628,2077,15705,125
2022-01-20,Imperial,025,180216,49005,45741,7974,53715,820
2022-01-20,Inyo,027,18085,3848,3706,238,3944,50
2022-01-20,Kern,029,883053,173208,162902,38613,201515,1946
2022-01-20,Kings,031,150075,44155,40580,2819,43399,396
2022-01-20,Lake,033,64148,8815,8056,592,8648,118
2022-01-20,Lassen,035,31185,7897,7545,715,8260,55
2022-01-20,Los Angeles,037,10098052,2474788,2286280,110886,2397166,28038
2022-01-20,Madera,039,155013,31917,29595,4025,33620,329
2022-01-20,Marin,041,260295,29569,27893,1791,29684,253
2022-01-20,Mariposa,043,17540,2076,1920,107,2027,6
2022-01-20,Mendocino,045,87422,11350,10395,1829,12224,103
2022-01-20,Merced,047,269075,56092,53025,5584,58609,727
2022-01-20,Modoc,049,8938,652,639,222,861,6
2022-01-20,Mono,051,14174,2821,2723,102,2825,4
2022-01-20,Monterey,053,433212,68217,59038,8579,67617,651
2022-01-20,Napa,055,140530,22006,20402,636,21038,111
2022-01-20,Nevada,057,99092,14059,12957,867,13824,112
2022-01-20,Orange,059,3164182,505444,480329,37056,517385,5946
2022-01-20,Placer,061,380077,55791,52557,6343,58900,512
2022-01-20,Plumas,063,18699,2559,2289,195,2484,12
2022-01-20,Riverside,065,2383286,541743,513567,24927,538494,5623
2022-01-20,Sacramento,067,1510023,248313,230206,19893,250099,2510
2022-01-20,San Benito,069,59416,11421,10743,398,11141,88
2022-01-20,San Bernardino,071,2135413,532988,495209,22540,517749,6267
2022-01-20,San Diego,073,3302833,668866,628904,44700,673604,4559
2022-01-20,San Francisco,075,870044,108434,100238,6812,107050,702
2022-01-20,San Joaquin,077,732212,148424,138264,8724,146988,1960
2022-01-20,San Luis Obispo,079,281455,45569,42154,2948,45102,385
2022-01-20,San Mateo,081,765935,106803,91440,5291,96731,585
2022-01-20,Santa Barbara,083,443738,74108,69555,3703,73258,589
2022-01-20,Santa Clara,085,1922200,268985,249205,9292,258497,1993
2022-01-20,Santa Cruz,087,273765,37186,33741,1786,35527,237
2022-01-20,Shasta,089,179085,27135,25919,4937,30856,450
2022-01-20,Sierra,091,2930,261,248,32,280,0
2022-01-20,Siskiyou,093,43540,3983,3845,2097,5942,62
2022-01-20,Solano,095,438530,69809,63882,4396,68278,391
2022-01-20,Sonoma,097,501317,71623,66013,1904,67917,422
2022-01-20,Stanislaus,099,539301,105235,100092,14258,114350,1393
2022-01-20,Sutter,101,95872,18369,17616,1213,18829,199
2022-01-20,Tehama,103,63373,10724,10171,2239,12410,142
2022-01-20,Trinity,105,12862,1048,925,249,1174,19
2022-01-20,Tulare,107,460477,92396,85223,22517,107740,1211
2022-01-20,Tuolumne,109,53932,10670,9731,320,10051,91
2022-01-20,Ventura,111,848112,157393,148742,8546,157288,1250
2022-01-20,Yolo,113,214977,32368,30061,2285,32346,273
2022-01-20,Yuba,115,75493,13983,13288,789,14077,103
2022-01-19,Alameda,001,1643700,217107,199739,10591,210330,1571
2022-01-19,Alpine,002,1148,117,119,1,120,0
2022-01-19,Amador,005,37829,7300,6789,326,7115,73
2022-01-19,Butte,007,227075,28880,26839,5709,32548,351
2022-01-19,Calaveras,009,45235,6247,5765,184,5949,95
2022-01-19,Colusa,011,21464,3071,2938,908,3846,21
2022-01-19,Contra Costa,013,1133247,165286,151543,9719,161262,1091
2022-01-19,Del Norte,015,27424,4438,4240,103,4343,43
2022-01-19,El Dorado,017,186661,23991,21953,2681,24634,177
2022-01-19,Fresno,019,978130,198110,181526,19365,200891,2430
2022-01-19,Glenn,021,27897,4384,4127,1387,5514,39
2022-01-19,Humboldt,023,135768,14397,13391,2027,15418,125
2022-01-19,Imperial,025,180216,48270,45156,7777,52933,820
2022-01-19,Inyo,027,18085,3825,3680,199,3879,49
2022-01-19,Kern,029,883053,171442,160747,37935,198682,1946
2022-01-19,Kings,031,150075,43456,40027,2751,42778,395
2022-01-19,Lake,033,64148,8688,7972,579,8551,118
2022-01-19,Lassen,035,31185,7840,7507,693,8200,55
2022-01-19,Los Angeles,037,10098052,2446388,2251718,109473,2361191,27934
2022-01-19,Madera,039,155013,31536,29021,3855,32876,329
2022-01-19,Marin,041,260295,29271,27375,1750,29125,251
2022-01-19,Mariposa,043,17540,2051,1896,100,1996,6
2022-01-19,Mendocino,045,87422,11179,10252,1736,11988,103
2022-01-19,Merced,047,269075,55534,52355,5223,57578,724
2022-01-19,Modoc,049,8938,650,635,221,856,6
2022-01-19,Mono,051,14174,2799,2677,100,2777,4
2022-01-19,Monterey,053,433212,67309,58426,8122,66548,651
2022-01-19,Napa,055,140530,21753,20090,609,20699,110
2022-01-19,Nevada,057,99092,13901,12703,840,13543,112
2022-01-19,Orange,059,3164182,500957,468460,36681,505141,5943
2022-01-19,Placer,061,380077,55226,51545,6275,57820,511
2022-01-19,Plumas,063,18699,2519,2239,189,2428,12
2022-01-19,Riverside,065,2383286,536221,503575,24692,528267,5604
2022-01-19,Sacramento,067,1510023,245414,226035,19182,245217,2512
2022-01-19,San Benito,069,59416,11279,10639,386,11025,88
2022-01-19,San Bernardino,071,2135413,528219,487846,22160,510006,6265
2022-01-19,San Diego,073,3302833,660107,614709,43963,658672,4553
2022-01-19,San Francisco,075,870044,107064,98652,6737,105389,694
2022-01-19,San Joaquin,077,732212,146516,135953,8601,144554,1959
2022-01-19,San Luis Obispo,079,281455,44970,41374,2882,44256,382
2022-01-19,San Mateo,081,765935,105389,89715,5027,94742,585
2022-01-19,Santa Barbara,083,443738,73111,68531,3604,72135,586
2022-01-19,Santa Clara,085,1922200,265193,244922,8935,253857,1991
2022-01-19,Santa Cruz,087,273765,35882,33026,1762,34788,237
2022-01-19,Shasta,089,179085,26867,25355,4865,30220,450
2022-01-19,Sierra,091,2930,261,245,31,276,0
2022-01-19,Siskiyou,093,43540,3959,3821,2044,5865,62
2022-01-19,Solano,095,438530,68962,63003,4266,67269,392
2022-01-19,Sonoma,097,501317,70522,64689,1858,66547,420
2022-01-19,Stanislaus,099,539301,104182,98952,13966,112918,1381
2022-01-19,Sutter,101,95872,18201,17436,1125,18561,199
2022-01-19,Tehama,103,63373,10609,10064,2195,12259,142
2022-01-19,Trinity,105,12862,1036,916,248,1164,19
2022-01-19,Tulare,107,460477,91112,83743,22049,105792,1200
2022-01-19,Tuolumne,109,53932,10510,9613,295,9908,91
2022-01-19,Ventura,111,848112,155878,144738,8471,153209,1234
2022-01-19,Yolo,113,214977,32002,29392,2249,31641,273
2022-01-19,Yuba,115,75493,13821,13114,776,13890,104
2022-01-18,Alameda,001,1643700,213769,195728,10262,205990,1566
2022-01-18,Alpine,002,1148,117,118,1,119,0
2022-01-18,Amador,005,37829,7162,6691,290,6981,73
2022-01-18,Butte,007,227075,28487,26514,5627,32141,347
2022-01-18,Calaveras,009,45235,6158,5684,169,5853,94
2022-01-18,Colusa,011,21464,3027,2903,903,3806,21
2022-01-18,Contra Costa,013,1133247,163139,149446,9341,158787,1085
2022-01-18,Del Norte,015,27424,4367,4229,98,4327,43
2022-01-18,El Dorado,017,186661,23624,21707,2637,24344,175
2022-01-18,Fresno,019,978130,194547,178922,18906,197828,2425
2022-01-18,Glenn,021,27897,4350,4070,1375,5445,39
2022-01-18,Humboldt,023,135768,14232,13218,1955,15173,125
2022-01-18,Imperial,025,180216,47573,44742,7596,52338,819
2022-01-18,Inyo,027,18085,3784,3654,189,3843,49
2022-01-18,Kern,029,883053,169420,158864,37178,196042,1943
2022-01-18,Kings,031,150075,42581,39440,2673,42113,392
2022-01-18,Lake,033,64148,8575,7919,560,8479,117
2022-01-18,Lassen,035,31185,7757,7461,654,8115,55
2022-01-18,Los Angeles,037,10098052,2412936,2227360,107999,2335359,27871
2022-01-18,Madera,039,155013,31014,28717,3666,32383,329
2022-01-18,Marin,041,260295,28964,27036,1709,28745,251
2022-01-18,Mariposa,043,17540,2026,1872,96,1968,6
2022-01-18,Mendocino,045,87422,11010,10114,1651,11765,103
2022-01-18,Merced,047,269075,54897,51746,4929,56675,718
2022-01-18,Modoc,049,8938,648,633,216,849,6
2022-01-18,Mono,051,14174,2778,2643,99,2742,4
2022-01-18,Monterey,053,433212,66532,57846,7644,65490,650
2022-01-18,Napa,055,140530,21421,19911,594,20505,109
2022-01-18,Nevada,057,99092,13718,12584,798,13382,111
2022-01-18,Orange,059,3164182,495617,461324,36172,497496,5938
2022-01-18,Placer,061,380077,54579,50983,6201,57184,508
2022-01-18,Plumas,063,18699,2481,2218,183,2401,12
2022-01-18,Riverside,065,2383286,530240,497278,24385,521663,5599
2022-01-18,Sacramento,067,1510023,242327,223745,18198,241943,2496
2022-01-18,San Benito,069,59416,11138,10520,372,10892,88
2022-01-18,San Bernardino,071,2135413,522767,483753,21730,505483,6258
2022-01-18,San Diego,073,3302833,649930,605137,42921,648058,4547
2022-01-18,San Francisco,075,870044,105598,96505,6622,103127,694
2022-01-18,San Joaquin,077,732212,144549,134365,8385,142750,1957
2022-01-18,San Luis Obispo,079,281455,44289,40848,2796,43644,381
2022-01-18,San Mateo,081,765935,103873,88225,4830,93055,585
2022-01-18,Santa Barbara,083,443738,71893,67216,3431,70647,581
2022-01-18,Santa Clara,085,1922200,261008,240281,8540,248821,1986
2022-01-18,Santa Cruz,087,273765,35232,32203,1727,33930,237
2022-01-18,Shasta,089,179085,26585,25162,4771,29933,448
2022-01-18,Sierra,091,2930,257,244,31,275,0
2022-01-18,Siskiyou,093,43540,3926,3799,1991,5790,62
2022-01-18,Solano,095,438530,68111,62204,4155,66359,391
2022-01-18,Sonoma,097,501317,69132,63714,1803,65517,419
2022-01-18,Stanislaus,099,539301,102962,98000,13592,111592,1379
2022-01-18,Sutter,101,95872,18009,17295,1054,18349,198
2022-01-18,Tehama,103,63373,10513,9975,2143,12118,142
2022-01-18,Trinity,105,12862,1023,907,247,1154,19
2022-01-18,Tulare,107,460477,89646,82667,21646,104313,1196
2022-01-18,Tuolumne,109,53932,10341,9528,284,9812,91
2022-01-18,Ventura,111,848112,154164,143384,8385,151769,1233
2022-01-18,Yolo,113,214977,31604,28786,2199,30985,270
2022-01-18,Yuba,115,75493,13661,12971,751,13722,101
2022-01-17,Alameda,001,1643700,209109,193276,9610,202886,1565
2022-01-17,Alpine,002,1148,116,118,0,118,0
2022-01-17,Amador,005,37829,7048,6640,232,6872,73
2022-01-17,Butte,007,227075,28094,26303,5514,31817,348
2022-01-17,Calaveras,009,45235,6027,5584,141,5725,94
2022-01-17,Colusa,011,21464,3003,2905,896,3801,21
2022-01-17,Contra Costa,013,1133247,160204,147993,8841,156834,1086
2022-01-17,Del Norte,015,27424,4316,4209,91,4300,43
2022-01-17,El Dorado,017,186661,23379,21540,2555,24095,175
2022-01-17,Fresno,019,978130,190701,176959,18364,195323,2426
2022-01-17,Glenn,021,27897,4296,4055,1362,5417,39
2022-01-17,Humboldt,023,135768,14026,13120,1789,14909,125
2022-01-17,Imperial,025,180216,46887,44412,7432,51844,821
2022-01-17,Inyo,027,18085,3762,3650,163,3813,49
2022-01-17,Kern,029,883053,166882,157645,36302,193947,1944
2022-01-17,Kings,031,150075,41446,39143,2551,41694,392
2022-01-17,Lake,033,64148,8426,7864,520,8384,117
2022-01-17,Lassen,035,31185,7664,7417,617,8034,55
2022-01-17,Los Angeles,037,10098052,2373692,2205740,106038,2311778,27832
2022-01-17,Madera,039,155013,30360,28568,3486,32054,329
2022-01-17,Marin,041,260295,28559,26633,1653,28286,251
2022-01-17,Mariposa,043,17540,2001,1862,89,1951,6
2022-01-17,Mendocino,045,87422,10787,10030,1511,11541,103
2022-01-17,Merced,047,269075,54199,51227,4363,55590,718
2022-01-17,Modoc,049,8938,644,630,216,846,6
2022-01-17,Mono,051,14174,2755,2642,98,2740,4
2022-01-17,Monterey,053,433212,65411,57318,7224,64542,647
2022-01-17,Napa,055,140530,21076,19647,572,20219,109
2022-01-17,Nevada,057,99092,13532,12414,761,13175,111
2022-01-17,Orange,059,3164182,489656,457418,35690,493108,5933
2022-01-17,Placer,061,380077,53845,50511,6056,56567,508
2022-01-17,Plumas,063,18699,2435,2205,151,2356,12
2022-01-17,Riverside,065,2383286,523424,491322,23932,515254,5600
2022-01-17,Sacramento,067,1510023,238243,221143,16853,237996,2497
2022-01-17,San Benito,069,59416,10971,10432,344,10776,88
2022-01-17,San Bernardino,071,2135413,516296,480243,21188,501431,6259
2022-01-17,San Diego,073,3302833,637720,569241,41726,610967,4545
2022-01-17,San Francisco,075,870044,103968,95292,6432,101724,694
2022-01-17,San Joaquin,077,732212,141693,133414,8195,141609,1958
2022-01-17,San Luis Obispo,079,281455,43461,40425,2695,43120,379
2022-01-17,San Mateo,081,765935,101900,87013,4577,91590,585
2022-01-17,Santa Barbara,083,443738,70571,66704,3231,69935,581
2022-01-17,Santa Clara,085,1922200,256417,237934,8107,246041,1985
2022-01-17,Santa Cruz,087,273765,34459,31714,1690,33404,237
2022-01-17,Shasta,089,179085,26305,25025,4650,29675,448
2022-01-17,Sierra,091,2930,256,242,31,273,0
2022-01-17,Siskiyou,093,43540,3887,3764,1911,5675,62
2022-01-17,Solano,095,438530,67070,61497,3896,65393,391
2022-01-17,Sonoma,097,501317,67625,62763,1737,64500,419
2022-01-17,Stanislaus,099,539301,101645,96951,13101,110052,1379
2022-01-17,Sutter,101,95872,17799,17159,918,18077,198
2022-01-17,Tehama,103,63373,10389,9912,2086,11998,142
2022-01-17,Trinity,105,12862,1010,906,243,1149,19
2022-01-17,Tulare,107,460477,87892,81741,21105,102846,1199
2022-01-17,Tuolumne,109,53932,10201,9416,252,9668,91
2022-01-17,Ventura,111,848112,152048,142070,8267,150337,1234
2022-01-17,Yolo,113,214977,31073,28638,2134,30772,270
2022-01-17,Yuba,115,75493,13464,12871,695,13566,101
2022-01-16,Alameda,001,1643700,206064,190691,9360,200051,1564
2022-01-16,Alpine,002,1148,116,118,0,118,0
2022-01-16,Amador,005,37829,6975,6618,224,6842,73
2022-01-16,Butte,007,227075,27745,26139,5461,31600,348
2022-01-16,Calaveras,009,45235,5926,5537,137,5674,94
2022-01-16,Colusa,011,21464,2986,2886,884,3770,21
2022-01-16,Contra Costa,013,1133247,158189,146307,8627,154934,1086
2022-01-16,Del Norte,015,27424,4274,4177,89,4266,43
2022-01-16,El Dorado,017,186661,23103,21303,2517,23820,175
2022-01-16,Fresno,019,978130,187833,174818,17953,192771,2425
2022-01-16,Glenn,021,27897,4239,4049,1340,5389,39
2022-01-16,Humboldt,023,135768,13878,13075,1770,14845,125
2022-01-16,Imperial,025,180216,46314,44035,7268,51303,821
2022-01-16,Inyo,027,18085,3725,3602,141,3743,49
2022-01-16,Kern,029,883053,165608,156655,35516,192171,1944
2022-01-16,Kings,031,150075,41072,38861,2530,41391,392
2022-01-16,Lake,033,64148,8322,7823,486,8309,117
2022-01-16,Lassen,035,31185,7619,7391,604,7995,55
2022-01-16,Los Angeles,037,10098052,2350473,2174403,104536,2278939,27805
2022-01-16,Madera,039,155013,29990,28313,3436,31749,329
2022-01-16,Marin,041,260295,28265,26292,1638,27930,251
2022-01-16,Mariposa,043,17540,1974,1851,84,1935,6
2022-01-16,Mendocino,045,87422,10640,9992,1395,11387,102
2022-01-16,Merced,047,269075,53583,50882,4335,55217,718
2022-01-16,Modoc,049,8938,641,629,216,845,6
2022-01-16,Mono,051,14174,2751,2614,96,2710,4
2022-01-16,Monterey,053,433212,64645,57012,7080,64092,647
2022-01-16,Napa,055,140530,20809,19521,561,20082,109
2022-01-16,Nevada,057,99092,13318,12307,743,13050,111
2022-01-16,Orange,059,3164182,484260,451962,35139,487101,5932
2022-01-16,Placer,061,380077,53139,50076,5948,56024,508
2022-01-16,Plumas,063,18699,2400,2204,142,2346,12
2022-01-16,Riverside,065,2383286,517914,485191,23712,508903,5600
2022-01-16,Sacramento,067,1510023,235283,218819,16119,234938,2491
2022-01-16,San Benito,069,59416,10812,10377,342,10719,88
2022-01-16,San Bernardino,071,2135413,512258,474425,20933,495358,6259
2022-01-16,San Diego,073,3302833,630135,569241,41290,610531,4545
2022-01-16,San Francisco,075,870044,102447,94139,6294,100433,694
2022-01-16,San Joaquin,077,732212,139892,132214,8052,140266,1958
2022-01-16,San Luis Obispo,079,281455,42804,40113,2656,42769,379
2022-01-16,San Mateo,081,765935,100367,85966,4484,90450,585
2022-01-16,Santa Barbara,083,443738,69541,66111,3190,69301,582
2022-01-16,Santa Clara,085,1922200,252628,234293,7949,242242,1984
2022-01-16,Santa Cruz,087,273765,33829,31469,1668,33137,237
2022-01-16,Shasta,089,179085,26049,24980,4582,29562,449
2022-01-16,Sierra,091,2930,252,238,31,269,0
2022-01-16,Siskiyou,093,43540,3859,3748,1872,5620,62
2022-01-16,Solano,095,438530,66395,60885,3765,64650,391
2022-01-16,Sonoma,097,501317,66545,61842,1720,63562,419
2022-01-16,Stanislaus,099,539301,100582,96370,12935,109305,1379
2022-01-16,Sutter,101,95872,17599,16996,896,17892,198
2022-01-16,Tehama,103,63373,10303,9868,2065,11933,142
2022-01-16,Trinity,105,12862,1005,889,241,1130,19
2022-01-16,Tulare,107,460477,86580,80867,20852,101719,1199
2022-01-16,Tuolumne,109,53932,10096,9369,244,9613,91
2022-01-16,Ventura,111,848112,150471,140715,8189,148904,1234
2022-01-16,Yolo,113,214977,30679,28481,2081,30562,270
2022-01-16,Yuba,115,75493,13286,12760,689,13449,101
2022-01-15,Alameda,001,1643700,204726,177768,9303,187071,1561
2022-01-15,Alpine,002,1148,116,117,0,117,0
2022-01-15,Amador,005,37829,6943,6434,210,6644,72
2022-01-15,Butte,007,227075,27590,25032,5410,30442,348
2022-01-15,Calaveras,009,45235,5894,5258,137,5395,93
2022-01-15,Colusa,011,21464,2972,2796,877,3673,21
2022-01-15,Contra Costa,013,1133247,156921,137643,8579,146222,1082
2022-01-15,Del Norte,015,27424,4259,4065,87,4152,43
2022-01-15,El Dorado,017,186661,22998,20434,2501,22935,175
2022-01-15,Fresno,019,978130,186847,167361,17852,185213,2415
2022-01-15,Glenn,021,27897,4232,3906,1331,5237,39
2022-01-15,Humboldt,023,135768,13775,12419,1754,14173,123
2022-01-15,Imperial,025,180216,46177,42508,7160,49668,817
2022-01-15,Inyo,027,18085,3715,3395,141,3536,49
2022-01-15,Kern,029,883053,164765,150085,35126,185211,1938
2022-01-15,Kings,031,150075,40823,37221,2518,39739,391
2022-01-15,Lake,033,64148,8283,7641,473,8114,117
2022-01-15,Lassen,035,31185,7579,7274,598,7872,55
2022-01-15,Los Angeles,037,10098052,2338922,2047927,103591,2151518,27641
2022-01-15,Madera,039,155013,29844,27294,3412,30706,329
2022-01-15,Marin,041,260295,28078,25248,1631,26879,251
2022-01-15,Mariposa,043,17540,1967,1762,84,1846,6
2022-01-15,Mendocino,045,87422,10567,9534,1389,10923,102
2022-01-15,Merced,047,269075,53412,48904,4323,53227,715
2022-01-15,Modoc,049,8938,639,628,216,844,6
2022-01-15,Mono,051,14174,2746,2508,95,2603,4
2022-01-15,Monterey,053,433212,64131,55315,7016,62331,647
2022-01-15,Napa,055,140530,20688,17648,557,18205,109
2022-01-15,Nevada,057,99092,13258,11773,730,12503,111
2022-01-15,Orange,059,3164182,481657,433141,34847,467988,5914
2022-01-15,Placer,061,380077,52848,47780,5912,53692,501
2022-01-15,Plumas,063,18699,2379,2158,136,2294,12
2022-01-15,Riverside,065,2383286,515231,466381,23577,489958,5578
2022-01-15,Sacramento,067,1510023,234121,208156,16020,224176,2491
2022-01-15,San Benito,069,59416,10712,9868,337,10205,87
2022-01-15,San Bernardino,071,2135413,509889,454395,20785,475180,6233
2022-01-15,San Diego,073,3302833,626351,559385,41037,600422,4540
2022-01-15,San Francisco,075,870044,101450,88004,6159,94163,692
2022-01-15,San Joaquin,077,732212,139319,125136,7955,133091,1954
2022-01-15,San Luis Obispo,079,281455,42615,38231,2643,40874,374
2022-01-15,San Mateo,081,765935,99409,80494,4443,84937,582
2022-01-15,Santa Barbara,083,443738,68944,62312,3179,65491,579
2022-01-15,Santa Clara,085,1922200,250380,218986,7831,226817,1974
2022-01-15,Santa Cruz,087,273765,33475,29414,1660,31074,235
2022-01-15,Shasta,089,179085,25957,24482,4550,29032,445
2022-01-15,Sierra,091,2930,251,232,30,262,0
2022-01-15,Siskiyou,093,43540,3847,3661,1862,5523,62
2022-01-15,Solano,095,438530,66115,58061,3716,61777,389
2022-01-15,Sonoma,097,501317,65959,58181,1714,59895,418
2022-01-15,Stanislaus,099,539301,100000,92986,12832,105818,1379
2022-01-15,Sutter,101,95872,17510,16345,886,17231,197
2022-01-15,Tehama,103,63373,10255,9572,2046,11618,141
2022-01-15,Trinity,105,12862,1002,872,241,1113,19
2022-01-15,Tulare,107,460477,86132,77769,20743,98512,1192
2022-01-15,Tuolumne,109,53932,9995,9042,239,9281,91
2022-01-15,Ventura,111,848112,149696,134736,8151,142887,1227
2022-01-15,Yolo,113,214977,30498,27311,2061,29372,270
2022-01-15,Yuba,115,75493,13222,12200,685,12885,101
2022-01-14,Alameda,001,1643700,202696,177768,9252,187020,1561
2022-01-14,Alpine,002,1148,116,117,0,117,0
2022-01-14,Amador,005,37829,6867,6434,201,6635,72
2022-01-14,Butte,007,227075,27408,25032,5379,30411,348
2022-01-14,Calaveras,009,45235,5857,5258,136,5394,93
2022-01-14,Colusa,011,21464,2963,2796,867,3663,21
2022-01-14,Contra Costa,013,1133247,155395,137643,8473,146116,1082
2022-01-14,Del Norte,015,27424,4234,4065,86,4151,43
2022-01-14,El Dorado,017,186661,22845,20434,2483,22917,175
2022-01-14,Fresno,019,978130,185092,167361,17752,185113,2415
2022-01-14,Glenn,021,27897,4209,3906,1323,5229,39
2022-01-14,Humboldt,023,135768,13669,12419,1722,14141,123
2022-01-14,Imperial,025,180216,46005,42508,7140,49648,817
2022-01-14,Inyo,027,18085,3690,3395,137,3532,49
2022-01-14,Kern,029,883053,163765,150085,34691,184776,1938
2022-01-14,Kings,031,150075,40570,37221,2510,39731,391
2022-01-14,Lake,033,64148,8226,7641,461,8102,117
2022-01-14,Lassen,035,31185,7545,7274,586,7860,55
2022-01-14,Los Angeles,037,10098052,2319589,2047927,102556,2150483,27641
2022-01-14,Madera,039,155013,29608,27294,3384,30678,329
2022-01-14,Marin,041,260295,27819,25248,1596,26844,251
2022-01-14,Mariposa,043,17540,1952,1762,84,1846,6
2022-01-14,Mendocino,045,87422,10455,9534,1376,10910,102
2022-01-14,Merced,047,269075,53225,48904,4307,53211,715
2022-01-14,Modoc,049,8938,638,628,216,844,6
2022-01-14,Mono,051,14174,2725,2508,93,2601,4
2022-01-14,Monterey,053,433212,63433,55315,6923,62238,647
2022-01-14,Napa,055,140530,20518,17648,552,18200,109
2022-01-14,Nevada,057,99092,13135,11773,717,12490,111
2022-01-14,Orange,059,3164182,477921,433141,34505,467646,5914
2022-01-14,Placer,061,380077,52414,47780,5826,53606,501
2022-01-14,Plumas,063,18699,2371,2158,129,2287,12
2022-01-14,Riverside,065,2383286,511712,466381,23433,489814,5578
2022-01-14,Sacramento,067,1510023,232170,208156,15867,224023,2491
2022-01-14,San Benito,069,59416,10660,9868,336,10204,87
2022-01-14,San Bernardino,071,2135413,506680,454395,20598,474993,6233
2022-01-14,San Diego,073,3302833,620722,559385,40728,600113,4540
2022-01-14,San Francisco,075,870044,100276,88004,5985,93989,692
2022-01-14,San Joaquin,077,732212,138464,125136,7875,133011,1954
2022-01-14,San Luis Obispo,079,281455,42448,38231,2622,40853,374
2022-01-14,San Mateo,081,765935,98179,80494,4414,84908,582
2022-01-14,Santa Barbara,083,443738,68424,62312,3169,65481,579
2022-01-14,Santa Clara,085,1922200,247717,218986,7726,226712,1974
2022-01-14,Santa Cruz,087,273765,33097,29414,1651,31065,235
2022-01-14,Shasta,089,179085,25836,24482,4517,28999,445
2022-01-14,Sierra,091,2930,249,232,28,260,0
2022-01-14,Siskiyou,093,43540,3836,3661,1849,5510,62
2022-01-14,Solano,095,438530,65267,58061,3628,61689,389
2022-01-14,Sonoma,097,501317,65419,58181,1688,59869,418
2022-01-14,Stanislaus,099,539301,99393,92986,12724,105710,1379
2022-01-14,Sutter,101,95872,17383,16345,878,17223,197
2022-01-14,Tehama,103,63373,10202,9572,2034,11606,141
2022-01-14,Trinity,105,12862,997,872,239,1111,19
2022-01-14,Tulare,107,460477,85604,77769,20582,98351,1192
2022-01-14,Tuolumne,109,53932,9872,9042,235,9277,91
2022-01-14,Ventura,111,848112,148593,134736,8092,142828,1227
2022-01-14,Yolo,113,214977,30257,27311,2033,29344,270
2022-01-14,Yuba,115,75493,13119,12200,680,12880,101
2022-01-13,Alameda,001,1643700,198452,177768,8896,186664,1561
2022-01-13,Alpine,002,1148,115,117,0,117,0
2022-01-13,Amador,005,37829,6807,6434,180,6614,72
2022-01-13,Butte,007,227075,27102,25032,5266,30298,348
2022-01-13,Calaveras,009,45235,5767,5258,133,5391,93
2022-01-13,Colusa,011,21464,2935,2796,857,3653,21
2022-01-13,Contra Costa,013,1133247,152726,137643,8007,145650,1082
2022-01-13,Del Norte,015,27424,4198,4065,85,4150,43
2022-01-13,El Dorado,017,186661,22598,20434,2437,22871,175
2022-01-13,Fresno,019,978130,182049,167361,17344,184705,2415
2022-01-13,Glenn,021,27897,4162,3906,1297,5203,39
2022-01-13,Humboldt,023,135768,13515,12419,1660,14079,123
2022-01-13,Imperial,025,180216,45462,42508,6929,49437,817
2022-01-13,Inyo,027,18085,3634,3395,120,3515,49
2022-01-13,Kern,029,883053,162180,150085,34099,184184,1938
2022-01-13,Kings,031,150075,40089,37221,2466,39687,391
2022-01-13,Lake,033,64148,8126,7641,440,8081,117
2022-01-13,Lassen,035,31185,7511,7274,570,7844,55
2022-01-13,Los Angeles,037,10098052,2283080,2047927,100773,2148700,27641
2022-01-13,Madera,039,155013,29142,27294,3291,30585,329
2022-01-13,Marin,041,260295,27474,25248,1553,26801,251
2022-01-13,Mariposa,043,17540,1929,1762,81,1843,6
2022-01-13,Mendocino,045,87422,10364,9534,1308,10842,102
2022-01-13,Merced,047,269075,52558,48904,4039,52943,715
2022-01-13,Modoc,049,8938,635,628,216,844,6
2022-01-13,Mono,051,14174,2702,2508,90,2598,4
2022-01-13,Monterey,053,433212,62495,55315,6637,61952,647
2022-01-13,Napa,055,140530,20220,17648,542,18190,109
2022-01-13,Nevada,057,99092,12943,11773,687,12460,111
2022-01-13,Orange,059,3164182,471469,433141,34039,467180,5914
2022-01-13,Placer,061,380077,51783,47780,5711,53491,501
2022-01-13,Plumas,063,18699,2351,2158,119,2277,12
2022-01-13,Riverside,065,2383286,505406,466381,23105,489486,5578
2022-01-13,Sacramento,067,1510023,229073,208156,15082,223238,2491
2022-01-13,San Benito,069,59416,10555,9868,328,10196,87
2022-01-13,San Bernardino,071,2135413,500787,454395,20133,474528,6233
2022-01-13,San Diego,073,3302833,612212,559385,39857,599242,4540
2022-01-13,San Francisco,075,870044,98534,88004,5790,93794,692
2022-01-13,San Joaquin,077,732212,136380,125136,7721,132857,1954
2022-01-13,San Luis Obispo,079,281455,41845,38231,2517,40748,374
2022-01-13,San Mateo,081,765935,96391,80494,4178,84672,582
2022-01-13,Santa Barbara,083,443738,67426,62312,2993,65305,579
2022-01-13,Santa Clara,085,1922200,243297,218986,7398,226384,1974
2022-01-13,Santa Cruz,087,273765,32279,29414,1629,31043,235
2022-01-13,Shasta,089,179085,25626,24482,4445,28927,445
2022-01-13,Sierra,091,2930,248,232,28,260,0
2022-01-13,Siskiyou,093,43540,3814,3661,1809,5470,62
2022-01-13,Solano,095,438530,64133,58061,3517,61578,389
2022-01-13,Sonoma,097,501317,64352,58181,1632,59813,418
2022-01-13,Stanislaus,099,539301,98272,92986,12430,105416,1379
2022-01-13,Sutter,101,95872,17187,16345,814,17159,197
2022-01-13,Tehama,103,63373,10104,9572,1986,11558,141
2022-01-13,Trinity,105,12862,989,872,239,1111,19
2022-01-13,Tulare,107,460477,84321,77769,20295,98064,1192
2022-01-13,Tuolumne,109,53932,9730,9042,217,9259,91
2022-01-13,Ventura,111,848112,146811,134736,7998,142734,1227
2022-01-13,Yolo,113,214977,29841,27311,1989,29300,270
2022-01-13,Yuba,115,75493,12984,12200,651,12851,101
2022-01-12,Alameda,001,1643700,193895,173001,8427,181428,1563
2022-01-12,Alpine,002,1148,115,117,0,117,0
2022-01-12,Amador,005,37829,6759,6354,166,6520,71
2022-01-12,Butte,007,227075,26770,24631,5174,29805,348
2022-01-12,Calaveras,009,45235,5690,5151,127,5278,93
2022-01-12,Colusa,011,21464,2897,2772,844,3616,21
2022-01-12,Contra Costa,013,1133247,150029,134579,7628,142207,1077
2022-01-12,Del Norte,015,27424,4172,4019,83,4102,43
2022-01-12,El Dorado,017,186661,22281,20092,2398,22490,175
2022-01-12,Fresno,019,978130,179067,165316,16906,182222,2413
2022-01-12,Glenn,021,27897,4111,3859,1275,5134,39
2022-01-12,Humboldt,023,135768,13343,12081,1578,13659,122
2022-01-12,Imperial,025,180216,44805,41985,6631,48616,814
2022-01-12,Inyo,027,18085,3588,3334,104,3438,49
2022-01-12,Kern,029,883053,160041,148435,33377,181812,1933
2022-01-12,Kings,031,150075,39458,36780,2424,39204,391
2022-01-12,Lake,033,64148,8010,7535,396,7931,117
2022-01-12,Lassen,035,31185,7468,7223,543,7766,55
2022-01-12,Los Angeles,037,10098052,2243308,2005065,98546,2103611,27601
2022-01-12,Madera,039,155013,28825,26952,3192,30144,329
2022-01-12,Marin,041,260295,26985,24704,1502,26206,251
2022-01-12,Mariposa,043,17540,1900,1725,79,1804,6
2022-01-12,Mendocino,045,87422,10199,9379,1210,10589,103
2022-01-12,Merced,047,269075,51847,48441,3763,52204,710
2022-01-12,Modoc,049,8938,633,627,216,843,6
2022-01-12,Mono,051,14174,2666,2466,86,2552,4
2022-01-12,Monterey,053,433212,61508,54524,6276,60800,647
2022-01-12,Napa,055,140530,19962,17347,519,17866,109
2022-01-12,Nevada,057,99092,12728,11552,641,12193,111
2022-01-12,Orange,059,3164182,464697,425737,33443,459180,5912
2022-01-12,Placer,061,380077,51124,47004,5594,52598,501
2022-01-12,Plumas,063,18699,2311,2135,108,2243,12
2022-01-12,Riverside,065,2383286,498170,458881,22765,481646,5565
2022-01-12,Sacramento,067,1510023,225486,204696,14201,218897,2479
2022-01-12,San Benito,069,59416,10419,9737,316,10053,87
2022-01-12,San Bernardino,071,2135413,494264,447869,19509,467378,6222
2022-01-12,San Diego,073,3302833,601721,551669,38997,590666,4529
2022-01-12,San Francisco,075,870044,96692,85700,5677,91377,691
2022-01-12,San Joaquin,077,732212,134069,122850,7593,130443,1948
2022-01-12,San Luis Obispo,079,281455,41119,37727,2434,40161,373
2022-01-12,San Mateo,081,765935,94358,78476,3804,82280,582
2022-01-12,Santa Barbara,083,443738,66283,60815,2891,63706,578
2022-01-12,Santa Clara,085,1922200,238542,213177,7020,220197,1971
2022-01-12,Santa Cruz,087,273765,31624,28463,1581,30044,235
2022-01-12,Shasta,089,179085,25413,24324,4380,28704,446
2022-01-12,Sierra,091,2930,247,228,28,256,0
2022-01-12,Siskiyou,093,43540,3786,3639,1762,5401,62
2022-01-12,Solano,095,438530,63081,57052,3397,60449,386
2022-01-12,Sonoma,097,501317,63065,56394,1549,57943,417
2022-01-12,Stanislaus,099,539301,97033,91738,12087,103825,1373
2022-01-12,Sutter,101,95872,16993,16135,781,16916,197
2022-01-12,Tehama,103,63373,10015,9475,1925,11400,141
2022-01-12,Trinity,105,12862,985,868,238,1106,19
2022-01-12,Tulare,107,460477,83209,76943,19917,96860,1192
2022-01-12,Tuolumne,109,53932,9600,8870,200,9070,91
2022-01-12,Ventura,111,848112,144905,132180,7912,140092,1220
2022-01-12,Yolo,113,214977,29429,26888,1917,28805,270
2022-01-12,Yuba,115,75493,12823,12015,624,12639,101
2022-01-11,Alameda,001,1643700,189461,169181,8034,177215,1561
2022-01-11,Alpine,002,1148,115,116,0,116,0
2022-01-11,Amador,005,37829,6675,6317,151,6468,71
2022-01-11,Butte,007,227075,26375,24479,5080,29559,347
2022-01-11,Calaveras,009,45235,5561,5083,113,5196,93
2022-01-11,Colusa,011,21464,2872,2766,831,3597,21
2022-01-11,Contra Costa,013,1133247,146877,132410,7134,139544,1077
2022-01-11,Del Norte,015,27424,4139,4006,81,4087,43
2022-01-11,El Dorado,017,186661,21949,19842,2328,22170,174
2022-01-11,Fresno,019,978130,175737,163509,16508,180017,2404
2022-01-11,Glenn,021,27897,4049,3844,1232,5076,39
2022-01-11,Humboldt,023,135768,13124,11960,1485,13445,122
2022-01-11,Imperial,025,180216,44201,41444,6432,47876,813
2022-01-11,Inyo,027,18085,3490,3278,97,3375,49
2022-01-11,Kern,029,883053,157758,146942,32555,179497,1929
2022-01-11,Kings,031,150075,38869,36524,2393,38917,389
2022-01-11,Lake,033,64148,7932,7494,380,7874,117
2022-01-11,Lassen,035,31185,7418,7210,529,7739,55
2022-01-11,Los Angeles,037,10098052,2200791,1966319,96302,2062621,27563
2022-01-11,Madera,039,155013,28410,26688,3113,29801,329
2022-01-11,Marin,041,260295,26628,24387,1457,25844,251
2022-01-11,Mariposa,043,17540,1878,1718,75,1793,6
2022-01-11,Mendocino,045,87422,10038,9301,1112,10413,102
2022-01-11,Merced,047,269075,51061,48068,3579,51647,708
2022-01-11,Modoc,049,8938,632,626,215,841,6
2022-01-11,Mono,051,14174,2623,2425,85,2510,4
2022-01-11,Monterey,053,433212,60464,53911,5928,59839,646
2022-01-11,Napa,055,140530,19523,17020,472,17492,109
2022-01-11,Nevada,057,99092,12503,11467,606,12073,110
2022-01-11,Orange,059,3164182,457022,417703,32800,450503,5909
2022-01-11,Placer,061,380077,50371,46459,5453,51912,500
2022-01-11,Plumas,063,18699,2276,2099,100,2199,12
2022-01-11,Riverside,065,2383286,490436,453766,22448,476214,5551
2022-01-11,Sacramento,067,1510023,221301,201058,13163,214221,2489
2022-01-11,San Benito,069,59416,10240,9624,300,9924,83
2022-01-11,San Bernardino,071,2135413,486290,442960,18899,461859,6198
2022-01-11,San Diego,073,3302833,589732,536954,37886,574840,4520
2022-01-11,San Francisco,075,870044,94494,83678,5523,89201,691
2022-01-11,San Joaquin,077,732212,131670,121139,7422,128561,1944
2022-01-11,San Luis Obispo,079,281455,40344,37183,2315,39498,372
2022-01-11,San Mateo,081,765935,92061,76756,3582,80338,582
2022-01-11,Santa Barbara,083,443738,64978,59758,2754,62512,578
2022-01-11,Santa Clara,085,1922200,232918,208425,6567,214992,1971
2022-01-11,Santa Cruz,087,273765,31114,27709,1531,29240,232
2022-01-11,Shasta,089,179085,25155,24132,4287,28419,446
2022-01-11,Sierra,091,2930,245,228,28,256,0
2022-01-11,Siskiyou,093,43540,3762,3621,1712,5333,62
2022-01-11,Solano,095,438530,61677,56349,3243,59592,388
2022-01-11,Sonoma,097,501317,61545,55411,1469,56880,416
2022-01-11,Stanislaus,099,539301,95661,90998,11714,102712,1372
2022-01-11,Sutter,101,95872,16795,15993,727,16720,197
2022-01-11,Tehama,103,63373,9888,9406,1877,11283,140
2022-01-11,Trinity,105,12862,973,858,236,1094,19
2022-01-11,Tulare,107,460477,81910,76267,19515,95782,1188
2022-01-11,Tuolumne,109,53932,9440,8811,193,9004,91
2022-01-11,Ventura,111,848112,142674,129548,7766,137314,1220
2022-01-11,Yolo,113,214977,28859,26482,1856,28338,270
2022-01-11,Yuba,115,75493,12648,11912,603,12515,101
2022-01-10,Alameda,001,1643700,184399,165657,7514,173171,1559
2022-01-10,Alpine,002,1148,115,116,0,116,0
2022-01-10,Amador,005,37829,6572,6279,136,6415,71
2022-01-10,Butte,007,227075,26033,24217,4983,29200,347
2022-01-10,Calaveras,009,45235,5463,5025,107,5132,93
2022-01-10,Colusa,011,21464,2842,2758,822,3580,21
2022-01-10,Contra Costa,013,1133247,143980,129951,6612,136563,1077
2022-01-10,Del Norte,015,27424,4116,3970,81,4051,43
2022-01-10,El Dorado,017,186661,21412,19606,2273,21879,172
2022-01-10,Fresno,019,978130,172433,161593,16063,177656,2404
2022-01-10,Glenn,021,27897,3990,3807,1218,5025,39
2022-01-10,Humboldt,023,135768,12883,11778,1352,13130,121
2022-01-10,Imperial,025,180216,43473,41080,6214,47294,811
2022-01-10,Inyo,027,18085,3435,3227,85,3312,49
2022-01-10,Kern,029,883053,155189,145744,31812,177556,1929
2022-01-10,Kings,031,150075,38246,36286,2367,38653,389
2022-01-10,Lake,033,64148,7843,7416,356,7772,117
2022-01-10,Lassen,035,31185,7380,7192,507,7699,55
2022-01-10,Los Angeles,037,10098052,2155204,1932475,93816,2026291,27546
2022-01-10,Madera,039,155013,27960,26501,3011,29512,328
2022-01-10,Marin,041,260295,26138,24023,1384,25407,251
2022-01-10,Mariposa,043,17540,1838,1684,70,1754,6
2022-01-10,Mendocino,045,87422,9865,9163,1025,10188,101
2022-01-10,Merced,047,269075,50229,47632,3288,50920,707
2022-01-10,Modoc,049,8938,631,622,213,835,6
2022-01-10,Mono,051,14174,2557,2415,80,2495,4
2022-01-10,Monterey,053,433212,59508,53485,5610,59095,645
2022-01-10,Napa,055,140530,19146,16775,458,17233,109
2022-01-10,Nevada,057,99092,12279,11300,568,11868,110
2022-01-10,Orange,059,3164182,448320,406170,31931,438101,5906
2022-01-10,Placer,061,380077,49527,45642,5289,50931,498
2022-01-10,Plumas,063,18699,2241,2086,98,2184,12
2022-01-10,Riverside,065,2383286,482172,445536,21999,467535,5546
2022-01-10,Sacramento,067,1510023,216781,198023,12112,210135,2474
2022-01-10,San Benito,069,59416,10068,9467,290,9757,83
2022-01-10,San Bernardino,071,2135413,477793,437207,18172,455379,6184
2022-01-10,San Diego,073,3302833,577039,530506,36754,567260,4500
2022-01-10,San Francisco,075,870044,92700,82209,5265,87474,690
2022-01-10,San Joaquin,077,732212,128974,119587,7138,126725,1927
2022-01-10,San Luis Obispo,079,281455,39526,36618,2220,38838,371
2022-01-10,San Mateo,081,765935,89413,75210,3327,78537,582
2022-01-10,Santa Barbara,083,443738,63717,58957,2565,61522,578
2022-01-10,Santa Clara,085,1922200,226856,203540,6090,209630,1971
2022-01-10,Santa Cruz,087,273765,30273,26906,1493,28399,232
2022-01-10,Shasta,089,179085,24958,23983,4210,28193,446
2022-01-10,Sierra,091,2930,242,223,28,251,0
2022-01-10,Siskiyou,093,43540,3729,3592,1668,5260,62
2022-01-10,Solano,095,438530,60635,55663,3047,58710,385
2022-01-10,Sonoma,097,501317,59996,54478,1423,55901,412
2022-01-10,Stanislaus,099,539301,94318,89997,11363,101360,1372
2022-01-10,Sutter,101,95872,16551,15823,681,16504,196
2022-01-10,Tehama,103,63373,9773,9360,1822,11182,140
2022-01-10,Trinity,105,12862,969,849,234,1083,19
2022-01-10,Tulare,107,460477,80415,75498,19133,94631,1186
2022-01-10,Tuolumne,109,53932,9315,8685,181,8866,91
2022-01-10,Ventura,111,848112,140073,126240,7616,133856,1217
2022-01-10,Yolo,113,214977,28267,26065,1803,27868,270
2022-01-10,Yuba,115,75493,12400,11776,569,12345,101
2022-01-09,Alameda,001,1643700,179901,162701,6848,169549,1561
2022-01-09,Alpine,002,1148,115,116,0,116,0
2022-01-09,Amador,005,37829,6484,6215,124,6339,71
2022-01-09,Butte,007,227075,25638,24018,4862,28880,347
2022-01-09,Calaveras,009,45235,5332,4976,98,5074,93
2022-01-09,Colusa,011,21464,2814,2750,799,3549,21
2022-01-09,Contra Costa,013,1133247,140972,128050,5944,133994,1077
2022-01-09,Del Norte,015,27424,4078,3950,77,4027,43
2022-01-09,El Dorado,017,186661,21045,19430,2208,21638,172
2022-01-09,Fresno,019,978130,169594,159989,15644,175633,2405
2022-01-09,Glenn,021,27897,3933,3797,1196,4993,39
2022-01-09,Humboldt,023,135768,12639,11582,1230,12812,121
2022-01-09,Imperial,025,180216,42637,40608,5953,46561,811
2022-01-09,Inyo,027,18085,3332,3149,76,3225,49
2022-01-09,Kern,029,883053,152736,144819,31072,175891,1927
2022-01-09,Kings,031,150075,37571,36041,2330,38371,389
2022-01-09,Lake,033,64148,7732,7393,312,7705,117
2022-01-09,Lassen,035,31185,7315,7172,478,7650,55
2022-01-09,Los Angeles,037,10098052,2107111,1887830,90764,1978594,27532
2022-01-09,Madera,039,155013,27579,26325,2914,29239,328
2022-01-09,Marin,041,260295,25686,23708,1294,25002,251
2022-01-09,Mariposa,043,17540,1788,1660,69,1729,6
2022-01-09,Mendocino,045,87422,9657,9097,914,10011,101
2022-01-09,Merced,047,269075,49334,47294,3012,50306,706
2022-01-09,Modoc,049,8938,629,619,213,832,6
2022-01-09,Mono,051,14174,2522,2390,73,2463,4
2022-01-09,Monterey,053,433212,58444,53251,5342,58593,645
2022-01-09,Napa,055,140530,18651,16614,442,17056,109
2022-01-09,Nevada,057,99092,12021,11152,507,11659,110
2022-01-09,Orange,059,3164182,438317,400563,30968,431531,5905
2022-01-09,Placer,061,380077,48530,45081,5139,50220,498
2022-01-09,Plumas,063,18699,2202,2081,78,2159,12
2022-01-09,Riverside,065,2383286,473175,440413,21457,461870,5546
2022-01-09,Sacramento,067,1510023,211981,195444,10979,206423,2475
2022-01-09,San Benito,069,59416,9882,9363,262,9625,83
2022-01-09,San Bernardino,071,2135413,469281,430257,17355,447612,6180
2022-01-09,San Diego,073,3302833,563916,478206,34909,513115,4500
2022-01-09,San Francisco,075,870044,90824,80463,5019,85482,690
2022-01-09,San Joaquin,077,732212,125874,118422,6971,125393,1927
2022-01-09,San Luis Obispo,079,281455,38721,36291,2114,38405,371
2022-01-09,San Mateo,081,765935,86896,73867,3001,76868,582
2022-01-09,Santa Barbara,083,443738,62032,58280,2303,60583,578
2022-01-09,Santa Clara,085,1922200,220477,199889,5554,205443,1976
2022-01-09,Santa Cruz,087,273765,29523,26513,1461,27974,232
2022-01-09,Shasta,089,179085,24718,23926,4123,28049,446
2022-01-09,Sierra,091,2930,239,223,26,249,0
2022-01-09,Siskiyou,093,43540,3700,3580,1609,5189,62
2022-01-09,Solano,095,438530,59478,54985,2766,57751,384
2022-01-09,Sonoma,097,501317,58321,53543,1386,54929,412
2022-01-09,Stanislaus,099,539301,92943,89248,11066,100314,1372
2022-01-09,Sutter,101,95872,16263,15695,601,16296,196
2022-01-09,Tehama,103,63373,9655,9306,1771,11077,140
2022-01-09,Trinity,105,12862,965,848,232,1080,19
2022-01-09,Tulare,107,460477,79005,75085,18757,93842,1186
2022-01-09,Tuolumne,109,53932,9157,8595,162,8757,91
2022-01-09,Ventura,111,848112,137019,124269,7373,131642,1217
2022-01-09,Yolo,113,214977,27659,25632,1758,27390,270
2022-01-09,Yuba,115,75493,12202,11666,538,12204,101
2022-01-08,Alameda,001,1643700,178000,148560,6706,155266,1558
2022-01-08,Alpine,002,1148,115,114,0,114,0
2022-01-08,Amador,005,37829,6453,6091,119,6210,71
2022-01-08,Butte,007,227075,25447,23429,4821,28250,347
2022-01-08,Calaveras,009,45235,5286,4823,94,4917,93
2022-01-08,Colusa,011,21464,2806,2713,796,3509,21
2022-01-08,Contra Costa,013,1133247,139404,119907,5861,125768,1077
2022-01-08,Del Norte,015,27424,4061,3902,77,3979,43
2022-01-08,El Dorado,017,186661,20859,18599,2174,20773,172
2022-01-08,Fresno,019,978130,168644,155394,15501,170895,2393
2022-01-08,Glenn,021,27897,3925,3732,1191,4923,39
2022-01-08,Humboldt,023,135768,12515,11149,1204,12353,121
2022-01-08,Imperial,025,180216,42449,39429,5811,45240,800
2022-01-08,Inyo,027,18085,3318,3020,73,3093,49
2022-01-08,Kern,029,883053,151599,140410,30641,171051,1921
2022-01-08,Kings,031,150075,37330,35275,2313,37588,390
2022-01-08,Lake,033,64148,7692,7209,304,7513,117
2022-01-08,Lassen,035,31185,7285,7127,462,7589,55
2022-01-08,Los Angeles,037,10098052,2088705,1765787,89033,1854820,27476
2022-01-08,Madera,039,155013,27412,25767,2876,28643,328
2022-01-08,Marin,041,260295,25403,22377,1283,23660,251
2022-01-08,Mariposa,043,17540,1778,1588,69,1657,6
2022-01-08,Mendocino,045,87422,9583,8792,912,9704,101
2022-01-08,Merced,047,269075,49150,46094,2988,49082,703
2022-01-08,Modoc,049,8938,629,610,213,823,6
2022-01-08,Mono,051,14174,2511,2240,68,2308,4
2022-01-08,Monterey,053,433212,58056,51721,5249,56970,644
2022-01-08,Napa,055,140530,18498,15819,416,16235,109
2022-01-08,Nevada,057,99092,11936,10765,494,11259,110
2022-01-08,Orange,059,3164182,434519,375124,30109,405233,5903
2022-01-08,Placer,061,380077,48087,43172,5097,48269,495
2022-01-08,Plumas,063,18699,2192,2053,73,2126,12
2022-01-08,Riverside,065,2383286,469657,422591,21189,443780,5535
2022-01-08,Sacramento,067,1510023,210539,185118,10820,195938,2470
2022-01-08,San Benito,069,59416,9720,9016,259,9275,83
2022-01-08,San Bernardino,071,2135413,465787,411724,16954,428678,6122
2022-01-08,San Diego,073,3302833,559012,472273,34369,506642,4495
2022-01-08,San Francisco,075,870044,89624,73660,4740,78400,690
2022-01-08,San Joaquin,077,732212,124891,112514,6872,119386,1916
2022-01-08,San Luis Obispo,079,281455,38518,34489,2071,36560,369
2022-01-08,San Mateo,081,765935,85510,67918,2914,70832,582
2022-01-08,Santa Barbara,083,443738,61337,54617,2269,56886,575
2022-01-08,Santa Clara,085,1922200,217212,183842,5317,189159,1966
2022-01-08,Santa Cruz,087,273765,29096,24678,1441,26119,230
2022-01-08,Shasta,089,179085,24626,23585,4092,27677,445
2022-01-08,Sierra,091,2930,235,215,25,240,0
2022-01-08,Siskiyou,093,43540,3688,3545,1595,5140,62
2022-01-08,Solano,095,438530,59069,52452,2694,55146,383
2022-01-08,Sonoma,097,501317,57798,50130,1352,51482,411
2022-01-08,Stanislaus,099,539301,92302,87049,10943,97992,1372
2022-01-08,Sutter,101,95872,16144,15261,588,15849,195
2022-01-08,Tehama,103,63373,9624,9109,1763,10872,140
2022-01-08,Trinity,105,12862,959,836,232,1068,19
2022-01-08,Tulare,107,460477,78606,73600,18622,92222,1185
2022-01-08,Tuolumne,109,53932,9051,8360,159,8519,91
2022-01-08,Ventura,111,848112,135849,117229,7239,124468,1216
2022-01-08,Yolo,113,214977,27367,24006,1730,25736,270
2022-01-08,Yuba,115,75493,12114,11277,535,11812,101
2022-01-07,Alameda,001,1643700,175305,148560,6589,155149,1558
2022-01-07,Alpine,002,1148,115,114,0,114,0
2022-01-07,Amador,005,37829,6404,6091,116,6207,71
2022-01-07,Butte,007,227075,25241,23429,4788,28217,347
2022-01-07,Calaveras,009,45235,5247,4823,94,4917,93
2022-01-07,Colusa,011,21464,2797,2713,785,3498,21
2022-01-07,Contra Costa,013,1133247,137451,119907,5737,125644,1077
2022-01-07,Del Norte,015,27424,4045,3902,76,3978,43
2022-01-07,El Dorado,017,186661,20674,18599,2161,20760,172
2022-01-07,Fresno,019,978130,167157,155394,15395,170789,2393
2022-01-07,Glenn,021,27897,3905,3732,1188,4920,39
2022-01-07,Humboldt,023,135768,12370,11149,1177,12326,121
2022-01-07,Imperial,025,180216,42291,39429,5728,45157,800
2022-01-07,Inyo,027,18085,3299,3020,71,3091,49
2022-01-07,Kern,029,883053,150626,140410,30196,170606,1921
2022-01-07,Kings,031,150075,37149,35275,2299,37574,390
2022-01-07,Lake,033,64148,7644,7209,279,7488,117
2022-01-07,Lassen,035,31185,7268,7127,459,7586,55
2022-01-07,Los Angeles,037,10098052,2057514,1765787,87581,1853368,27476
2022-01-07,Madera,039,155013,27228,25767,2839,28606,328
2022-01-07,Marin,041,260295,25023,22377,1265,23642,251
2022-01-07,Mariposa,043,17540,1762,1588,69,1657,6
2022-01-07,Mendocino,045,87422,9490,8792,911,9703,101
2022-01-07,Merced,047,269075,48970,46094,2964,49058,703
2022-01-07,Modoc,049,8938,628,610,213,823,6
2022-01-07,Mono,051,14174,2473,2240,62,2302,4
2022-01-07,Monterey,053,433212,57635,51721,5154,56875,644
2022-01-07,Napa,055,140530,18271,15819,397,16216,109
2022-01-07,Nevada,057,99092,11806,10765,473,11238,110
2022-01-07,Orange,059,3164182,429704,375124,29489,404613,5903
2022-01-07,Placer,061,380077,47583,43172,5048,48220,495
2022-01-07,Plumas,063,18699,2183,2053,72,2125,12
2022-01-07,Riverside,065,2383286,465827,422591,20960,443551,5535
2022-01-07,Sacramento,067,1510023,208265,185118,10665,195783,2470
2022-01-07,San Benito,069,59416,9674,9016,258,9274,83
2022-01-07,San Bernardino,071,2135413,461660,411724,16725,428449,6122
2022-01-07,San Diego,073,3302833,551905,472273,33824,506097,4495
2022-01-07,San Francisco,075,870044,88177,73660,4487,78147,690
2022-01-07,San Joaquin,077,732212,123929,112514,6811,119325,1916
2022-01-07,San Luis Obispo,079,281455,38302,34489,2016,36505,369
2022-01-07,San Mateo,081,765935,84043,67918,2855,70773,582
2022-01-07,Santa Barbara,083,443738,60642,54617,2248,56865,575
2022-01-07,Santa Clara,085,1922200,213739,183842,5202,189044,1966
2022-01-07,Santa Cruz,087,273765,28616,24678,1425,26103,230
2022-01-07,Shasta,089,179085,24527,23585,4058,27643,445
2022-01-07,Sierra,091,2930,232,215,25,240,0
2022-01-07,Siskiyou,093,43540,3677,3545,1583,5128,62
2022-01-07,Solano,095,438530,58384,52452,2649,55101,383
2022-01-07,Sonoma,097,501317,57195,50130,1267,51397,411
2022-01-07,Stanislaus,099,539301,91776,87049,10842,97891,1372
2022-01-07,Sutter,101,95872,15994,15261,575,15836,195
2022-01-07,Tehama,103,63373,9588,9109,1750,10859,140
2022-01-07,Trinity,105,12862,952,836,231,1067,19
2022-01-07,Tulare,107,460477,78178,73600,18481,92081,1185
2022-01-07,Tuolumne,109,53932,8963,8360,155,8515,91
2022-01-07,Ventura,111,848112,134223,117229,7103,124332,1216
2022-01-07,Yolo,113,214977,26995,24006,1711,25717,270
2022-01-07,Yuba,115,75493,12008,11277,530,11807,101
2022-01-06,Alameda,001,1643700,170056,148560,6174,154734,1558
2022-01-06,Alpine,002,1148,114,114,0,114,0
2022-01-06,Amador,005,37829,6353,6091,111,6202,71
2022-01-06,Butte,007,227075,24948,23429,4704,28133,347
2022-01-06,Calaveras,009,45235,5130,4823,92,4915,93
2022-01-06,Colusa,011,21464,2778,2713,777,3490,21
2022-01-06,Contra Costa,013,1133247,134319,119907,5317,125224,1077
2022-01-06,Del Norte,015,27424,4011,3902,74,3976,43
2022-01-06,El Dorado,017,186661,20333,18599,2125,20724,172
2022-01-06,Fresno,019,978130,164819,155394,15122,170516,2393
2022-01-06,Glenn,021,27897,3878,3732,1162,4894,39
2022-01-06,Humboldt,023,135768,12142,11149,1136,12285,121
2022-01-06,Imperial,025,180216,41707,39429,5527,44956,800
2022-01-06,Inyo,027,18085,3261,3020,71,3091,49
2022-01-06,Kern,029,883053,148957,140410,29530,169940,1921
2022-01-06,Kings,031,150075,36824,35275,2274,37549,390
2022-01-06,Lake,033,64148,7570,7209,268,7477,117
2022-01-06,Lassen,035,31185,7245,7127,453,7580,55
2022-01-06,Los Angeles,037,10098052,2003316,1765787,85235,1851022,27476
2022-01-06,Madera,039,155013,26923,25767,2781,28548,328
2022-01-06,Marin,041,260295,24620,22377,1233,23610,251
2022-01-06,Mariposa,043,17540,1743,1588,69,1657,6
2022-01-06,Mendocino,045,87422,9394,8792,872,9664,101
2022-01-06,Merced,047,269075,48409,46094,2818,48912,703
2022-01-06,Modoc,049,8938,627,610,213,823,6
2022-01-06,Mono,051,14174,2450,2240,59,2299,4
2022-01-06,Monterey,053,433212,56910,51721,4903,56624,644
2022-01-06,Napa,055,140530,17875,15819,388,16207,109
2022-01-06,Nevada,057,99092,11608,10765,461,11226,110
2022-01-06,Orange,059,3164182,420248,375124,28735,403859,5903
2022-01-06,Placer,061,380077,46840,43172,4964,48136,495
2022-01-06,Plumas,063,18699,2165,2053,64,2117,12
2022-01-06,Riverside,065,2383286,458354,422591,20672,443263,5535
2022-01-06,Sacramento,067,1510023,204206,185118,9899,195017,2470
2022-01-06,San Benito,069,59416,9572,9016,251,9267,83
2022-01-06,San Bernardino,071,2135413,453985,411724,16236,427960,6122
2022-01-06,San Diego,073,3302833,540276,472273,32828,505101,4495
2022-01-06,San Francisco,075,870044,85846,73660,4230,77890,690
2022-01-06,San Joaquin,077,732212,121735,112514,6728,119242,1916
2022-01-06,San Luis Obispo,079,281455,37603,34489,1946,36435,369
2022-01-06,San Mateo,081,765935,81617,67918,2674,70592,582
2022-01-06,Santa Barbara,083,443738,59474,54617,2189,56806,575
2022-01-06,Santa Clara,085,1922200,208669,183842,4811,188653,1966
2022-01-06,Santa Cruz,087,273765,28054,24678,1401,26079,230
2022-01-06,Shasta,089,179085,24379,23585,4008,27593,445
2022-01-06,Sierra,091,2930,229,215,25,240,0
2022-01-06,Siskiyou,093,43540,3661,3545,1537,5082,62
2022-01-06,Solano,095,438530,57369,52452,2464,54916,383
2022-01-06,Sonoma,097,501317,55803,50130,1234,51364,411
2022-01-06,Stanislaus,099,539301,90627,87049,10671,97720,1372
2022-01-06,Sutter,101,95872,15817,15261,547,15808,195
2022-01-06,Tehama,103,63373,9509,9109,1723,10832,140
2022-01-06,Trinity,105,12862,945,836,230,1066,19
2022-01-06,Tulare,107,460477,77470,73600,18313,91913,1185
2022-01-06,Tuolumne,109,53932,8851,8360,149,8509,91
2022-01-06,Ventura,111,848112,131539,117229,6943,124172,1216
2022-01-06,Yolo,113,214977,26440,24006,1666,25672,270
2022-01-06,Yuba,115,75493,11873,11277,513,11790,101
2022-01-05,Alameda,001,1643700,164952,144824,5749,150573,1548
2022-01-05,Alpine,002,1148,114,112,0,112,0
2022-01-05,Amador,005,37829,6310,6012,108,6120,70
2022-01-05,Butte,007,227075,24633,23134,4642,27776,343
2022-01-05,Calaveras,009,45235,5075,4758,90,4848,90
2022-01-05,Colusa,011,21464,2764,2704,766,3470,21
2022-01-05,Contra Costa,013,1133247,131041,117188,4863,122051,1071
2022-01-05,Del Norte,015,27424,3991,3862,72,3934,43
2022-01-05,El Dorado,017,186661,19938,18367,2095,20462,171
2022-01-05,Fresno,019,978130,162595,153033,14821,167854,2377
2022-01-05,Glenn,021,27897,3829,3700,1152,4852,39
2022-01-05,Humboldt,023,135768,11939,10938,1088,12026,120
2022-01-05,Imperial,025,180216,41082,38789,5375,44164,800
2022-01-05,Inyo,027,18085,3179,2939,67,3006,49
2022-01-05,Kern,029,883053,147172,138186,28960,167146,1913
2022-01-05,Kings,031,150075,36480,34893,2255,37148,387
2022-01-05,Lake,033,64148,7487,7129,252,7381,117
2022-01-05,Lassen,035,31185,7225,7077,445,7522,55
2022-01-05,Los Angeles,037,10098052,1946965,1729640,82858,1812498,27443
2022-01-05,Madera,039,155013,26683,25392,2688,28080,327
2022-01-05,Marin,041,260295,24273,21829,1184,23013,251
2022-01-05,Mariposa,043,17540,1717,1564,68,1632,6
2022-01-05,Mendocino,045,87422,9263,8625,837,9462,101
2022-01-05,Merced,047,269075,47730,45721,2682,48403,700
2022-01-05,Modoc,049,8938,624,603,213,816,6
2022-01-05,Mono,051,14174,2431,2201,55,2256,4
2022-01-05,Monterey,053,433212,56085,51241,4706,55947,639
2022-01-05,Napa,055,140530,17513,15494,358,15852,108
2022-01-05,Nevada,057,99092,11412,10624,444,11068,110
2022-01-05,Orange,059,3164182,410195,366139,27655,393794,5869
2022-01-05,Placer,061,380077,45956,42456,4871,47327,492
2022-01-05,Plumas,063,18699,2145,2020,62,2082,12
2022-01-05,Riverside,065,2383286,450907,415253,20321,435574,5502
2022-01-05,Sacramento,067,1510023,199421,181488,8936,190424,2455
2022-01-05,San Benito,069,59416,9377,8829,238,9067,83
2022-01-05,San Bernardino,071,2135413,445245,405323,15677,421000,6085
2022-01-05,San Diego,073,3302833,526701,466602,31856,498458,4495
2022-01-05,San Francisco,075,870044,83268,71405,4094,75499,686
2022-01-05,San Joaquin,077,732212,119197,110497,6649,117146,1903
2022-01-05,San Luis Obispo,079,281455,36806,34066,1869,35935,369
2022-01-05,San Mateo,081,765935,79426,66018,2476,68494,578
2022-01-05,Santa Barbara,083,443738,58167,53082,2110,55192,570
2022-01-05,Santa Clara,085,1922200,202699,178629,4397,183026,1961
2022-01-05,Santa Cruz,087,273765,27299,24394,1380,25774,229
2022-01-05,Shasta,089,179085,24223,23361,3979,27340,441
2022-01-05,Sierra,091,2930,226,210,23,233,0
2022-01-05,Siskiyou,093,43540,3651,3513,1508,5021,60
2022-01-05,Solano,095,438530,56323,51505,2329,53834,380
2022-01-05,Sonoma,097,501317,54535,49120,1077,50197,412
2022-01-05,Stanislaus,099,539301,89632,86248,10499,96747,1360
2022-01-05,Sutter,101,95872,15616,15117,508,15625,193
2022-01-05,Tehama,103,63373,9412,9011,1692,10703,140
2022-01-05,Trinity,105,12862,941,822,228,1050,19
2022-01-05,Tulare,107,460477,76688,72718,18140,90858,1173
2022-01-05,Tuolumne,109,53932,8758,8223,142,8365,90
2022-01-05,Ventura,111,848112,128788,114752,6735,121487,1211
2022-01-05,Yolo,113,214977,25831,23401,1626,25027,269
2022-01-05,Yuba,115,75493,11691,11138,487,11625,100
2022-01-04,Alameda,001,1643700,159327,143360,5345,148705,1532
2022-01-04,Alpine,002,1148,114,113,0,113,0
2022-01-04,Amador,005,37829,6243,6025,102,6127,71
2022-01-04,Butte,007,227075,24335,23094,4571,27665,346
2022-01-04,Calaveras,009,45235,5001,4767,87,4854,93
2022-01-04,Colusa,011,21464,2747,2689,760,3449,21
2022-01-04,Contra Costa,013,1133247,127682,116005,4494,120499,1075
2022-01-04,Del Norte,015,27424,3959,3882,69,3951,43
2022-01-04,El Dorado,017,186661,19585,18339,2074,20413,172
2022-01-04,Fresno,019,978130,160225,153244,14554,167798,2380
2022-01-04,Glenn,021,27897,3800,3705,1137,4842,39
2022-01-04,Humboldt,023,135768,11692,10865,1038,11903,120
2022-01-04,Imperial,025,180216,40482,38596,5114,43710,800
2022-01-04,Inyo,027,18085,3096,2870,66,2936,49
2022-01-04,Kern,029,883053,145241,138245,28378,166623,1916
2022-01-04,Kings,031,150075,36158,34931,2238,37169,388
2022-01-04,Lake,033,64148,7446,7152,243,7395,117
2022-01-04,Lassen,035,31185,7202,7111,441,7552,55
2022-01-04,Los Angeles,037,10098052,1886979,1705253,80500,1785753,27419
2022-01-04,Madera,039,155013,26339,25425,2617,28042,328
2022-01-04,Marin,041,260295,23793,21675,1125,22800,251
2022-01-04,Mariposa,043,17540,1681,1564,67,1631,6
2022-01-04,Mendocino,045,87422,9140,8636,813,9449,101
2022-01-04,Merced,047,269075,47067,45583,2552,48135,700
2022-01-04,Modoc,049,8938,621,611,213,824,6
2022-01-04,Mono,051,14174,2382,2190,45,2235,4
2022-01-04,Monterey,053,433212,55353,51176,4481,55657,643
2022-01-04,Napa,055,140530,17009,15370,328,15698,107
2022-01-04,Nevada,057,99092,11254,10608,431,11039,110
2022-01-04,Orange,059,3164182,399427,362051,26486,388537,5897
2022-01-04,Placer,061,380077,45138,42285,4757,47042,494
2022-01-04,Plumas,063,18699,2119,2014,60,2074,12
2022-01-04,Riverside,065,2383286,442383,413366,19973,433339,5504
2022-01-04,Sacramento,067,1510023,194424,181271,8180,189451,2453
2022-01-04,San Benito,069,59416,9191,8763,230,8993,79
2022-01-04,San Bernardino,071,2135413,436086,404409,15138,419547,6060
2022-01-04,San Diego,073,3302833,510366,458499,30902,489401,4487
2022-01-04,San Francisco,075,870044,80414,70666,3951,74617,688
2022-01-04,San Joaquin,077,732212,116775,110374,6496,116870,1911
2022-01-04,San Luis Obispo,079,281455,35999,33788,1782,35570,371
2022-01-04,San Mateo,081,765935,77108,65157,2288,67445,582
2022-01-04,Santa Barbara,083,443738,56642,52449,2033,54482,574
2022-01-04,Santa Clara,085,1922200,196455,176854,3933,180787,1964
2022-01-04,Santa Cruz,087,273765,26538,23904,1345,25249,228
2022-01-04,Shasta,089,179085,24077,23366,3925,27291,442
2022-01-04,Sierra,091,2930,225,214,22,236,0
2022-01-04,Siskiyou,093,43540,3636,3509,1489,4998,61
2022-01-04,Solano,095,438530,55013,51300,2133,53433,383
2022-01-04,Sonoma,097,501317,52825,48653,957,49610,410
2022-01-04,Stanislaus,099,539301,88572,86107,10329,96436,1361
2022-01-04,Sutter,101,95872,15463,15032,484,15516,193
2022-01-04,Tehama,103,63373,9334,9020,1670,10690,140
2022-01-04,Trinity,105,12862,936,833,224,1057,18
2022-01-04,Tulare,107,460477,75902,72893,17940,90833,1172
2022-01-04,Tuolumne,109,53932,8646,8235,137,8372,91
2022-01-04,Ventura,111,848112,125728,114079,6505,120584,1213
2022-01-04,Yolo,113,214977,25186,22938,1581,24519,270
2022-01-04,Yuba,115,75493,11511,11104,471,11575,101
2022-01-03,Alameda,001,1643700,153191,142090,4910,147000,1529
2022-01-03,Alpine,002,1148,113,113,0,113,0
2022-01-03,Amador,005,37829,6181,6004,97,6101,71
2022-01-03,Butte,007,227075,24033,22924,4514,27438,345
2022-01-03,Calaveras,009,45235,4940,4742,81,4823,93
2022-01-03,Colusa,011,21464,2737,2683,753,3436,21
2022-01-03,Contra Costa,013,1133247,124236,114966,3904,118870,1073
2022-01-03,Del Norte,015,27424,3939,3873,65,3938,43
2022-01-03,El Dorado,017,186661,19198,18183,2044,20227,172
2022-01-03,Fresno,019,978130,158025,152674,14338,167012,2379
2022-01-03,Glenn,021,27897,3771,3703,1102,4805,39
2022-01-03,Humboldt,023,135768,11482,10784,990,11774,119
2022-01-03,Imperial,025,180216,39851,38411,4938,43349,800
2022-01-03,Inyo,027,18085,3027,2845,62,2907,49
2022-01-03,Kern,029,883053,143244,137773,27781,165554,1916
2022-01-03,Kings,031,150075,35834,34817,2209,37026,387
2022-01-03,Lake,033,64148,7344,7134,225,7359,117
2022-01-03,Lassen,035,31185,7184,7103,438,7541,55
2022-01-03,Los Angeles,037,10098052,1826101,1686203,77756,1763959,27394
2022-01-03,Madera,039,155013,26046,25323,2573,27896,320
2022-01-03,Marin,041,260295,23197,21532,1087,22619,251
2022-01-03,Mariposa,043,17540,1639,1559,67,1626,6
2022-01-03,Mendocino,045,87422,8991,8573,763,9336,101
2022-01-03,Merced,047,269075,46463,45459,2440,47899,696
2022-01-03,Modoc,049,8938,618,602,213,815,6
2022-01-03,Mono,051,14174,2304,2172,40,2212,4
2022-01-03,Monterey,053,433212,54526,51047,4275,55322,644
2022-01-03,Napa,055,140530,16500,15260,296,15556,107
2022-01-03,Nevada,057,99092,11090,10572,422,10994,110
2022-01-03,Orange,059,3164182,388240,358052,25251,383303,5894
2022-01-03,Placer,061,380077,44331,42054,4698,46752,489
2022-01-03,Plumas,063,18699,2100,2005,60,2065,12
2022-01-03,Riverside,065,2383286,433907,410155,19478,429633,5504
2022-01-03,Sacramento,067,1510023,189247,179992,7596,187588,2452
2022-01-03,San Benito,069,59416,9030,8688,223,8911,79
2022-01-03,San Bernardino,071,2135413,427181,401938,14668,416606,6056
2022-01-03,San Diego,073,3302833,494271,451154,29952,481106,4476
2022-01-03,San Francisco,075,870044,77607,69315,3701,73016,686
2022-01-03,San Joaquin,077,732212,114458,109757,6371,116128,1903
2022-01-03,San Luis Obispo,079,281455,35189,33667,1689,35356,367
2022-01-03,San Mateo,081,765935,74390,64470,2131,66601,582
2022-01-03,Santa Barbara,083,443738,55180,51912,1939,53851,571
2022-01-03,Santa Clara,085,1922200,190353,174215,3459,177674,1963
2022-01-03,Santa Cruz,087,273765,25730,23765,1313,25078,228
2022-01-03,Shasta,089,179085,23898,23301,3898,27199,440
2022-01-03,Sierra,091,2930,218,213,21,234,0
2022-01-03,Siskiyou,093,43540,3609,3500,1467,4967,61
2022-01-03,Solano,095,438530,53711,51030,1947,52977,380
2022-01-03,Sonoma,097,501317,51127,48391,861,49252,410
2022-01-03,Stanislaus,099,539301,87577,85793,10139,95932,1332
2022-01-03,Sutter,101,95872,15306,14973,464,15437,193
2022-01-03,Tehama,103,63373,9260,9005,1644,10649,140
2022-01-03,Trinity,105,12862,931,833,223,1056,18
2022-01-03,Tulare,107,460477,75206,72664,17736,90400,1167
2022-01-03,Tuolumne,109,53932,8509,8179,133,8312,91
2022-01-03,Ventura,111,848112,122561,112762,6266,119028,1211
2022-01-03,Yolo,113,214977,24507,22563,1517,24080,270
2022-01-03,Yuba,115,75493,11378,11037,452,11489,99
2022-01-02,Alameda,001,1643700,148626,133486,4419,137905,1528
2022-01-02,Alpine,002,1148,111,113,0,113,0
2022-01-02,Amador,005,37829,6113,5913,92,6005,70
2022-01-02,Butte,007,227075,23689,22469,4452,26921,341
2022-01-02,Calaveras,009,45235,4869,4668,73,4741,93
2022-01-02,Colusa,011,21464,2730,2659,742,3401,21
2022-01-02,Contra Costa,013,1133247,120650,109593,3466,113059,1073
2022-01-02,Del Norte,015,27424,3907,3841,63,3904,43
2022-01-02,El Dorado,017,186661,18860,17621,1993,19614,172
2022-01-02,Fresno,019,978130,156176,149927,14101,164028,2379
2022-01-02,Glenn,021,27897,3750,3663,1093,4756,39
2022-01-02,Humboldt,023,135768,11240,10381,914,11295,119
2022-01-02,Imperial,025,180216,39197,37672,4729,42401,800
2022-01-02,Inyo,027,18085,2957,2726,51,2777,49
2022-01-02,Kern,029,883053,141325,136123,27182,163305,1917
2022-01-02,Kings,031,150075,35510,34318,2174,36492,386
2022-01-02,Lake,033,64148,7273,7060,211,7271,117
2022-01-02,Lassen,035,31185,7168,7089,436,7525,55
2022-01-02,Los Angeles,037,10098052,1774877,1596123,74857,1670980,27371
2022-01-02,Madera,039,155013,25794,25002,2520,27522,320
2022-01-02,Marin,041,260295,22632,20475,1016,21491,249
2022-01-02,Mariposa,043,17540,1608,1509,65,1574,6
2022-01-02,Mendocino,045,87422,8867,8422,745,9167,101
2022-01-02,Merced,047,269075,45885,44769,2336,47105,694
2022-01-02,Modoc,049,8938,616,601,212,813,6
2022-01-02,Mono,051,14174,2275,2101,35,2136,4
2022-01-02,Monterey,053,433212,53900,50251,4065,54316,643
2022-01-02,Napa,055,140530,15960,14439,285,14724,107
2022-01-02,Nevada,057,99092,10901,10299,407,10706,110
2022-01-02,Orange,059,3164182,377208,339526,24088,363614,5890
2022-01-02,Placer,061,380077,43597,40857,4610,45467,489
2022-01-02,Plumas,063,18699,2083,1994,56,2050,12
2022-01-02,Riverside,065,2383286,425560,397124,18961,416085,5501
2022-01-02,Sacramento,067,1510023,185157,173562,6760,180322,2448
2022-01-02,San Benito,069,59416,8849,8320,208,8528,79
2022-01-02,San Bernardino,071,2135413,419051,386278,14111,400389,6051
2022-01-02,San Diego,073,3302833,479236,427087,28787,455874,4469
2022-01-02,San Francisco,075,870044,74655,64498,3460,67958,682
2022-01-02,San Joaquin,077,732212,112570,106640,6230,112870,1902
2022-01-02,San Luis Obispo,079,281455,34453,32342,1606,33948,365
2022-01-02,San Mateo,081,765935,71817,60504,1891,62395,581
2022-01-02,Santa Barbara,083,443738,53741,49555,1878,51433,568
2022-01-02,Santa Clara,085,1922200,184123,164547,3059,167606,1969
2022-01-02,Santa Cruz,087,273765,25060,22980,1280,24260,228
2022-01-02,Shasta,089,179085,23704,23161,3849,27010,435
2022-01-02,Sierra,091,2930,217,206,21,227,0
2022-01-02,Siskiyou,093,43540,3584,3474,1444,4918,61
2022-01-02,Solano,095,438530,52768,48957,1783,50740,379
2022-01-02,Sonoma,097,501317,49805,46040,824,46864,410
2022-01-02,Stanislaus,099,539301,86720,84367,10002,94369,1332
2022-01-02,Sutter,101,95872,15133,14741,445,15186,193
2022-01-02,Tehama,103,63373,9195,8944,1621,10565,139
2022-01-02,Trinity,105,12862,929,832,222,1054,17
2022-01-02,Tulare,107,460477,74540,71941,17541,89482,1160
2022-01-02,Tuolumne,109,53932,8403,8044,128,8172,91
2022-01-02,Ventura,111,848112,119638,107992,6045,114037,1211
2022-01-02,Yolo,113,214977,23830,21747,1451,23198,270
2022-01-02,Yuba,115,75493,11253,10844,436,11280,99
2022-01-01,Alameda,001,1643700,146745,133486,4162,137648,1528
2022-01-01,Alpine,002,1148,111,113,0,113,0
2022-01-01,Amador,005,37829,6077,5913,87,6000,70
2022-01-01,Butte,007,227075,23493,22469,4414,26883,341
2022-01-01,Calaveras,009,45235,4830,4668,71,4739,93
2022-01-01,Colusa,011,21464,2726,2659,732,3391,21
2022-01-01,Contra Costa,013,1133247,119278,109593,3339,112932,1073
2022-01-01,Del Norte,015,27424,3902,3841,63,3904,43
2022-01-01,El Dorado,017,186661,18710,17621,1978,19599,172
2022-01-01,Fresno,019,978130,155476,149927,14018,163945,2379
2022-01-01,Glenn,021,27897,3743,3663,1093,4756,39
2022-01-01,Humboldt,023,135768,11101,10381,893,11274,119
2022-01-01,Imperial,025,180216,39047,37672,4680,42352,800
2022-01-01,Inyo,027,18085,2928,2726,49,2775,49
2022-01-01,Kern,029,883053,140625,136123,26876,162999,1917
2022-01-01,Kings,031,150075,35368,34318,2147,36465,386
2022-01-01,Lake,033,64148,7235,7060,206,7266,117
2022-01-01,Lassen,035,31185,7162,7089,431,7520,55
2022-01-01,Los Angeles,037,10098052,1754720,1596123,72908,1669031,27371
2022-01-01,Madera,039,155013,25710,25002,2506,27508,320
2022-01-01,Marin,041,260295,22320,20475,975,21450,249
2022-01-01,Mariposa,043,17540,1597,1509,65,1574,6
2022-01-01,Mendocino,045,87422,8775,8422,739,9161,101
2022-01-01,Merced,047,269075,45746,44769,2321,47090,694
2022-01-01,Modoc,049,8938,613,601,212,813,6
2022-01-01,Mono,051,14174,2251,2101,30,2131,4
2022-01-01,Monterey,053,433212,53590,50251,3978,54229,643
2022-01-01,Napa,055,140530,15810,14439,270,14709,107
2022-01-01,Nevada,057,99092,10825,10299,400,10699,110
2022-01-01,Orange,059,3164182,372983,339526,23377,362903,5890
2022-01-01,Placer,061,380077,43293,40857,4543,45400,489
2022-01-01,Plumas,063,18699,2071,1994,56,2050,12
2022-01-01,Riverside,065,2383286,422053,397124,18759,415883,5501
2022-01-01,Sacramento,067,1510023,183880,173562,6499,180061,2448
2022-01-01,San Benito,069,59416,8757,8320,208,8528,79
2022-01-01,San Bernardino,071,2135413,415783,386278,13831,400109,6051
2022-01-01,San Diego,073,3302833,473286,427087,28269,455356,4469
2022-01-01,San Francisco,075,870044,73251,64498,3251,67749,682
2022-01-01,San Joaquin,077,732212,111863,106640,6157,112797,1902
2022-01-01,San Luis Obispo,079,281455,34249,32342,1597,33939,365
2022-01-01,San Mateo,081,765935,70351,60504,1742,62246,581
2022-01-01,Santa Barbara,083,443738,52999,49555,1842,51397,568
2022-01-01,Santa Clara,085,1922200,181051,164547,2863,167410,1969
2022-01-01,Santa Cruz,087,273765,24739,22980,1262,24242,228
2022-01-01,Shasta,089,179085,23618,23161,3831,26992,435
2022-01-01,Sierra,091,2930,216,206,21,227,0
2022-01-01,Siskiyou,093,43540,3581,3474,1434,4908,61
2022-01-01,Solano,095,438530,52499,48957,1724,50681,379
2022-01-01,Sonoma,097,501317,49411,46040,794,46834,410
2022-01-01,Stanislaus,099,539301,86313,84367,9915,94282,1332
2022-01-01,Sutter,101,95872,15056,14741,443,15184,193
2022-01-01,Tehama,103,63373,9162,8944,1609,10553,139
2022-01-01,Trinity,105,12862,926,832,222,1054,17
2022-01-01,Tulare,107,460477,74294,71941,17442,89383,1160
2022-01-01,Tuolumne,109,53932,8343,8044,125,8169,91
2022-01-01,Ventura,111,848112,118250,107992,5915,113907,1211
2022-01-01,Yolo,113,214977,23411,21747,1411,23158,270
2022-01-01,Yuba,115,75493,11187,10844,430,11274,99
2021-12-31,Alameda,001,1643700,145922,133486,4062,137548,1528
2021-12-31,Alpine,002,1148,111,113,0,113,0
2021-12-31,Amador,005,37829,6053,5913,86,5999,70
2021-12-31,Butte,007,227075,23386,22469,4378,26847,341
2021-12-31,Calaveras,009,45235,4797,4668,71,4739,93
2021-12-31,Colusa,011,21464,2717,2659,726,3385,21
2021-12-31,Contra Costa,013,1133247,118384,109593,3259,112852,1073
2021-12-31,Del Norte,015,27424,3893,3841,61,3902,43
2021-12-31,El Dorado,017,186661,18619,17621,1961,19582,172
2021-12-31,Fresno,019,978130,155158,149927,13995,163922,2379
2021-12-31,Glenn,021,27897,3742,3663,1091,4754,39
2021-12-31,Humboldt,023,135768,11013,10381,874,11255,119
2021-12-31,Imperial,025,180216,38915,37672,4664,42336,800
2021-12-31,Inyo,027,18085,2901,2726,48,2774,49
2021-12-31,Kern,029,883053,140117,136123,26739,162862,1917
2021-12-31,Kings,031,150075,35257,34318,2137,36455,386
2021-12-31,Lake,033,64148,7212,7060,201,7261,117
2021-12-31,Lassen,035,31185,7148,7089,431,7520,55
2021-12-31,Los Angeles,037,10098052,1743931,1596123,72158,1668281,27371
2021-12-31,Madera,039,155013,25641,25002,2489,27491,320
2021-12-31,Marin,041,260295,22164,20475,944,21419,249
2021-12-31,Mariposa,043,17540,1590,1509,64,1573,6
2021-12-31,Mendocino,045,87422,8742,8422,736,9158,101
2021-12-31,Merced,047,269075,45662,44769,2302,47071,694
2021-12-31,Modoc,049,8938,609,601,210,811,6
2021-12-31,Mono,051,14174,2239,2101,29,2130,4
2021-12-31,Monterey,053,433212,53463,50251,3912,54163,643
2021-12-31,Napa,055,140530,15698,14439,260,14699,107
2021-12-31,Nevada,057,99092,10758,10299,394,10693,110
2021-12-31,Orange,059,3164182,370465,339526,22951,362477,5890
2021-12-31,Placer,061,380077,43043,40857,4476,45333,489
2021-12-31,Plumas,063,18699,2066,1994,56,2050,12
2021-12-31,Riverside,065,2383286,420362,397124,18604,415728,5501
2021-12-31,Sacramento,067,1510023,183011,173562,6390,179952,2448
2021-12-31,San Benito,069,59416,8743,8320,207,8527,79
2021-12-31,San Bernardino,071,2135413,413446,386278,13640,399918,6051
2021-12-31,San Diego,073,3302833,470061,427087,27956,455043,4469
2021-12-31,San Francisco,075,870044,72325,64498,3193,67691,682
2021-12-31,San Joaquin,077,732212,111235,106640,6091,112731,1902
2021-12-31,San Luis Obispo,079,281455,34141,32342,1585,33927,365
2021-12-31,San Mateo,081,765935,69470,60504,1690,62194,581
2021-12-31,Santa Barbara,083,443738,52600,49555,1830,51385,568
2021-12-31,Santa Clara,085,1922200,179068,164547,2722,167269,1969
2021-12-31,Santa Cruz,087,273765,24501,22980,1241,24221,228
2021-12-31,Shasta,089,179085,23556,23161,3810,26971,435
2021-12-31,Sierra,091,2930,216,206,21,227,0
2021-12-31,Siskiyou,093,43540,3574,3474,1423,4897,61
2021-12-31,Solano,095,438530,52341,48957,1698,50655,379
2021-12-31,Sonoma,097,501317,49158,46040,781,46821,410
2021-12-31,Stanislaus,099,539301,85987,84367,9854,94221,1332
2021-12-31,Sutter,101,95872,14995,14741,437,15178,193
2021-12-31,Tehama,103,63373,9130,8944,1600,10544,139
2021-12-31,Trinity,105,12862,925,832,222,1054,17
2021-12-31,Tulare,107,460477,74090,71941,17357,89298,1160
2021-12-31,Tuolumne,109,53932,8298,8044,124,8168,91
2021-12-31,Ventura,111,848112,117276,107992,5833,113825,1211
2021-12-31,Yolo,113,214977,23190,21747,1389,23136,270
2021-12-31,Yuba,115,75493,11130,10844,424,11268,99
2021-12-30,Alameda,001,1643700,144621,133486,3927,137413,1528
2021-12-30,Alpine,002,1148,110,113,0,113,0
2021-12-30,Amador,005,37829,6034,5913,85,5998,70
2021-12-30,Butte,007,227075,23255,22469,4353,26822,341
2021-12-30,Calaveras,009,45235,4778,4668,71,4739,93
2021-12-30,Colusa,011,21464,2716,2659,724,3383,21
2021-12-30,Contra Costa,013,1133247,117286,109593,3148,112741,1073
2021-12-30,Del Norte,015,27424,3882,3841,60,3901,43
2021-12-30,El Dorado,017,186661,18515,17621,1940,19561,172
2021-12-30,Fresno,019,978130,154618,149927,13924,163851,2379
2021-12-30,Glenn,021,27897,3736,3663,1088,4751,39
2021-12-30,Humboldt,023,135768,10946,10381,862,11243,119
2021-12-30,Imperial,025,180216,38747,37672,4554,42226,800
2021-12-30,Inyo,027,18085,2882,2726,46,2772,49
2021-12-30,Kern,029,883053,139584,136123,26439,162562,1917
2021-12-30,Kings,031,150075,35139,34318,2122,36440,386
2021-12-30,Lake,033,64148,7197,7060,196,7256,117
2021-12-30,Lassen,035,31185,7142,7089,431,7520,55
2021-12-30,Los Angeles,037,10098052,1720610,1596123,70898,1667021,27371
2021-12-30,Madera,039,155013,25564,25002,2469,27471,320
2021-12-30,Marin,041,260295,21990,20475,919,21394,249
2021-12-30,Mariposa,043,17540,1584,1509,64,1573,6
2021-12-30,Mendocino,045,87422,8725,8422,725,9147,101
2021-12-30,Merced,047,269075,45560,44769,2287,47056,694
2021-12-30,Modoc,049,8938,608,601,210,811,6
2021-12-30,Mono,051,14174,2234,2101,28,2129,4
2021-12-30,Monterey,053,433212,53150,50251,3851,54102,643
2021-12-30,Napa,055,140530,15554,14439,251,14690,107
2021-12-30,Nevada,057,99092,10694,10299,385,10684,110
2021-12-30,Orange,059,3164182,365417,339526,22395,361921,5890
2021-12-30,Placer,061,380077,42754,40857,4426,45283,489
2021-12-30,Plumas,063,18699,2062,1994,55,2049,12
2021-12-30,Riverside,065,2383286,417093,397124,18452,415576,5501
2021-12-30,Sacramento,067,1510023,181753,173562,6241,179803,2448
2021-12-30,San Benito,069,59416,8696,8320,205,8525,79
2021-12-30,San Bernardino,071,2135413,410823,386278,13493,399771,6051
2021-12-30,San Diego,073,3302833,464911,427087,27449,454536,4469
2021-12-30,San Francisco,075,870044,71236,64498,3121,67619,682
2021-12-30,San Joaquin,077,732212,110639,106640,6047,112687,1902
2021-12-30,San Luis Obispo,079,281455,34022,32342,1572,33914,365
2021-12-30,San Mateo,081,765935,68428,60504,1561,62065,581
2021-12-30,Santa Barbara,083,443738,52122,49555,1811,51366,568
2021-12-30,Santa Clara,085,1922200,176741,164547,2599,167146,1969
2021-12-30,Santa Cruz,087,273765,24262,22980,1207,24187,228
2021-12-30,Shasta,089,179085,23503,23161,3804,26965,435
2021-12-30,Sierra,091,2930,216,206,21,227,0
2021-12-30,Siskiyou,093,43540,3565,3474,1421,4895,61
2021-12-30,Solano,095,438530,51992,48957,1651,50608,379
2021-12-30,Sonoma,097,501317,48823,46040,772,46812,410
2021-12-30,Stanislaus,099,539301,85670,84367,9794,94161,1332
2021-12-30,Sutter,101,95872,14933,14741,436,15177,193
2021-12-30,Tehama,103,63373,9103,8944,1594,10538,139
2021-12-30,Trinity,105,12862,922,832,222,1054,17
2021-12-30,Tulare,107,460477,73900,71941,17281,89222,1160
2021-12-30,Tuolumne,109,53932,8259,8044,124,8168,91
2021-12-30,Ventura,111,848112,116019,107992,5730,113722,1211
2021-12-30,Yolo,113,214977,23051,21747,1363,23110,270
2021-12-30,Yuba,115,75493,11083,10844,422,11266,99
2021-12-29,Alameda,001,1643700,141379,131586,3775,135361,1529
2021-12-29,Alpine,002,1148,110,113,0,113,0
2021-12-29,Amador,005,37829,6011,5905,82,5987,70
2021-12-29,Butte,007,227075,23112,22353,4315,26668,338
2021-12-29,Calaveras,009,45235,4751,4646,69,4715,93
2021-12-29,Colusa,011,21464,2706,2657,719,3376,21
2021-12-29,Contra Costa,013,1133247,115190,108165,3022,111187,1072
2021-12-29,Del Norte,015,27424,3868,3826,58,3884,43
2021-12-29,El Dorado,017,186661,18292,17489,1922,19411,172
2021-12-29,Fresno,019,978130,153474,149318,13808,163126,2364
2021-12-29,Glenn,021,27897,3726,3653,1085,4738,39
2021-12-29,Humboldt,023,135768,10836,10249,840,11089,119
2021-12-29,Imperial,025,180216,38509,37460,4485,41945,800
2021-12-29,Inyo,027,18085,2849,2703,46,2749,49
2021-12-29,Kern,029,883053,138780,135648,26054,161702,1913
2021-12-29,Kings,031,150075,35025,34216,2116,36332,386
2021-12-29,Lake,033,64148,7166,7048,194,7242,117
2021-12-29,Lassen,035,31185,7138,7085,430,7515,55
2021-12-29,Los Angeles,037,10098052,1690598,1576414,69182,1645596,27349
2021-12-29,Madera,039,155013,25460,24923,2458,27381,320
2021-12-29,Marin,041,260295,21635,20025,898,20923,249
2021-12-29,Mariposa,043,17540,1562,1507,64,1571,6
2021-12-29,Mendocino,045,87422,8666,8386,721,9107,99
2021-12-29,Merced,047,269075,45343,44548,2272,46820,693
2021-12-29,Modoc,049,8938,605,600,210,810,6
2021-12-29,Mono,051,14174,2210,2056,27,2083,4
2021-12-29,Monterey,053,433212,52739,50097,3745,53842,641
2021-12-29,Napa,055,140530,15231,14247,233,14480,107
2021-12-29,Nevada,057,99092,10603,10274,384,10658,110
2021-12-29,Orange,059,3164182,357920,334557,21711,356268,5887
2021-12-29,Placer,061,380077,42263,40545,4352,44897,489
2021-12-29,Plumas,063,18699,2050,1990,55,2045,12
2021-12-29,Riverside,065,2383286,411672,392989,18245,411234,5486
2021-12-29,Sacramento,067,1510023,179418,172145,6070,178215,2437
2021-12-29,San Benito,069,59416,8553,8239,204,8443,79
2021-12-29,San Bernardino,071,2135413,405236,382872,13277,396149,6049
2021-12-29,San Diego,073,3302833,454071,421045,26740,447785,4461
2021-12-29,San Francisco,075,870044,69540,63117,3051,66168,684
2021-12-29,San Joaquin,077,732212,109456,106063,5977,112040,1891
2021-12-29,San Luis Obispo,079,281455,33627,31936,1523,33459,365
2021-12-29,San Mateo,081,765935,66803,59478,1453,60931,581
2021-12-29,Santa Barbara,083,443738,51284,49003,1786,50789,568
2021-12-29,Santa Clara,085,1922200,173537,162008,2468,164476,1962
2021-12-29,Santa Cruz,087,273765,23985,22669,1175,23844,228
2021-12-29,Shasta,089,179085,23428,23083,3792,26875,435
2021-12-29,Sierra,091,2930,215,206,21,227,0
2021-12-29,Siskiyou,093,43540,3553,3472,1410,4882,61
2021-12-29,Solano,095,438530,51287,48562,1598,50160,379
2021-12-29,Sonoma,097,501317,48021,45479,750,46229,410
2021-12-29,Stanislaus,099,539301,85182,84083,9734,93817,1332
2021-12-29,Sutter,101,95872,14864,14688,434,15122,193
2021-12-29,Tehama,103,63373,9078,8914,1582,10496,138
2021-12-29,Trinity,105,12862,919,832,222,1054,17
2021-12-29,Tulare,107,460477,73612,71752,17160,88912,1160
2021-12-29,Tuolumne,109,53932,8206,8012,123,8135,91
2021-12-29,Ventura,111,848112,114082,106974,5552,112526,1207
2021-12-29,Yolo,113,214977,22812,21564,1332,22896,270
2021-12-29,Yuba,115,75493,11022,10808,418,11226,99
2021-12-28,Alameda,001,1643700,138215,130427,3622,134049,1522
2021-12-28,Alpine,002,1148,110,113,0,113,0
2021-12-28,Amador,005,37829,5991,5900,81,5981,70
2021-12-28,Butte,007,227075,22967,22285,4299,26584,338
2021-12-28,Calaveras,009,45235,4733,4641,68,4709,91
2021-12-28,Colusa,011,21464,2700,2653,717,3370,21
2021-12-28,Contra Costa,013,1133247,112885,107160,2907,110067,1072
2021-12-28,Del Norte,015,27424,3862,3815,58,3873,43
2021-12-28,El Dorado,017,186661,18068,17419,1912,19331,172
2021-12-28,Fresno,019,978130,152386,148987,13725,162712,2365
2021-12-28,Glenn,021,27897,3701,3639,1081,4720,39
2021-12-28,Humboldt,023,135768,10715,10198,816,11014,119
2021-12-28,Imperial,025,180216,38214,37223,4385,41608,800
2021-12-28,Inyo,027,18085,2791,2676,45,2721,48
2021-12-28,Kern,029,883053,138059,135346,25705,161051,1909
2021-12-28,Kings,031,150075,34889,34165,2101,36266,386
2021-12-28,Lake,033,64148,7147,7044,189,7233,116
2021-12-28,Lassen,035,31185,7129,7083,430,7513,55
2021-12-28,Los Angeles,037,10098052,1658308,1561791,67539,1629330,27323
2021-12-28,Madera,039,155013,25334,24865,2438,27303,320
2021-12-28,Marin,041,260295,21223,19739,868,20607,249
2021-12-28,Mariposa,043,17540,1551,1499,63,1562,6
2021-12-28,Mendocino,045,87422,8605,8366,713,9079,98
2021-12-28,Merced,047,269075,45101,44434,2260,46694,691
2021-12-28,Modoc,049,8938,605,599,209,808,6
2021-12-28,Mono,051,14174,2187,2045,25,2070,4
2021-12-28,Monterey,053,433212,52361,49973,3672,53645,639
2021-12-28,Napa,055,140530,14913,14131,206,14337,107
2021-12-28,Nevada,057,99092,10512,10250,381,10631,110
2021-12-28,Orange,059,3164182,350260,331279,20973,352252,5882
2021-12-28,Placer,061,380077,41793,40410,4284,44694,489
2021-12-28,Plumas,063,18699,2047,1989,55,2044,12
2021-12-28,Riverside,065,2383286,406434,390343,18002,408345,5470
2021-12-28,Sacramento,067,1510023,177131,171290,5940,177230,2426
2021-12-28,San Benito,069,59416,8409,8170,202,8372,79
2021-12-28,San Bernardino,071,2135413,399326,381316,13056,394372,6047
2021-12-28,San Diego,073,3302833,443377,417383,26188,443571,4450
2021-12-28,San Francisco,075,870044,67919,61745,2993,64738,682
2021-12-28,San Joaquin,077,732212,108401,105572,5933,111505,1884
2021-12-28,San Luis Obispo,079,281455,33161,31759,1507,33266,365
2021-12-28,San Mateo,081,765935,65289,58712,1365,60077,582
2021-12-28,Santa Barbara,083,443738,50639,48493,1766,50259,568
2021-12-28,Santa Clara,085,1922200,170331,160811,2373,163184,1962
2021-12-28,Santa Cruz,087,273765,23611,22513,1137,23650,228
2021-12-28,Shasta,089,179085,23357,23035,3787,26822,434
2021-12-28,Sierra,091,2930,212,206,21,227,0
2021-12-28,Siskiyou,093,43540,3544,3468,1405,4873,60
2021-12-28,Solano,095,438530,50372,48318,1543,49861,378
2021-12-28,Sonoma,097,501317,47162,45086,725,45811,410
2021-12-28,Stanislaus,099,539301,84699,83946,9673,93619,1331
2021-12-28,Sutter,101,95872,14815,14662,431,15093,193
2021-12-28,Tehama,103,63373,9060,8893,1580,10473,138
2021-12-28,Trinity,105,12862,917,831,221,1052,17
2021-12-28,Tulare,107,460477,73333,71630,17045,88675,1156
2021-12-28,Tuolumne,109,53932,8164,8006,123,8129,91
2021-12-28,Ventura,111,848112,111975,105883,5422,111305,1207
2021-12-28,Yolo,113,214977,22478,21320,1283,22603,270
2021-12-28,Yuba,115,75493,10966,10778,415,11193,99
2021-12-27,Alameda,001,1643700,135535,129910,3490,133400,1530
2021-12-27,Alpine,002,1148,110,113,0,113,0
2021-12-27,Amador,005,37829,5963,5891,81,5972,70
2021-12-27,Butte,007,227075,22831,22234,4272,26506,335
2021-12-27,Calaveras,009,45235,4708,4630,67,4697,91
2021-12-27,Colusa,011,21464,2689,2652,711,3363,21
2021-12-27,Contra Costa,013,1133247,110716,106692,2824,109516,1071
2021-12-27,Del Norte,015,27424,3853,3802,57,3859,43
2021-12-27,El Dorado,017,186661,17908,17361,1900,19261,172
2021-12-27,Fresno,019,978130,151420,148826,13642,162468,2364
2021-12-27,Glenn,021,27897,3693,3634,1075,4709,39
2021-12-27,Humboldt,023,135768,10601,10164,794,10958,119
2021-12-27,Imperial,025,180216,37973,37180,4291,41471,800
2021-12-27,Inyo,027,18085,2762,2662,43,2705,48
2021-12-27,Kern,029,883053,137409,135119,25402,160521,1907
2021-12-27,Kings,031,150075,34738,34126,2088,36214,382
2021-12-27,Lake,033,64148,7124,7037,179,7216,116
2021-12-27,Lassen,035,31185,7123,7080,430,7510,55
2021-12-27,Los Angeles,037,10098052,1621942,1554074,65795,1619869,27300
2021-12-27,Madera,039,155013,25215,24840,2419,27259,320
2021-12-27,Marin,041,260295,20834,19601,841,20442,249
2021-12-27,Mariposa,043,17540,1536,1495,63,1558,6
2021-12-27,Mendocino,045,87422,8538,8351,708,9059,98
2021-12-27,Merced,047,269075,44869,44383,2242,46625,690
2021-12-27,Modoc,049,8938,603,599,209,808,6
2021-12-27,Mono,051,14174,2124,2026,25,2051,4
2021-12-27,Monterey,053,433212,52061,49918,3621,53539,639
2021-12-27,Napa,055,140530,14644,14083,197,14280,107
2021-12-27,Nevada,057,99092,10443,10239,373,10612,110
2021-12-27,Orange,059,3164182,342769,329222,20167,349389,5875
2021-12-27,Placer,061,380077,41414,40263,4235,44498,489
2021-12-27,Plumas,063,18699,2045,1988,53,2041,12
2021-12-27,Riverside,065,2383286,401855,389096,17746,406842,5470
2021-12-27,Sacramento,067,1510023,175099,170858,5768,176626,2422
2021-12-27,San Benito,069,59416,8291,8133,198,8331,79
2021-12-27,San Bernardino,071,2135413,393328,380526,12855,393381,6047
2021-12-27,San Diego,073,3302833,433171,414968,25698,440666,4445
2021-12-27,San Francisco,075,870044,66168,60920,2928,63848,682
2021-12-27,San Joaquin,077,732212,107481,105413,5869,111282,1876
2021-12-27,San Luis Obispo,079,281455,32716,31671,1486,33157,365
2021-12-27,San Mateo,081,765935,63762,58397,1266,59663,581
2021-12-27,Santa Barbara,083,443738,49853,48209,1746,49955,568
2021-12-27,Santa Clara,085,1922200,167322,159904,2247,162151,1961
2021-12-27,Santa Cruz,087,273765,23320,22456,1119,23575,228
2021-12-27,Shasta,089,179085,23296,23015,3776,26791,432
2021-12-27,Sierra,091,2930,212,206,21,227,0
2021-12-27,Siskiyou,093,43540,3535,3466,1400,4866,60
2021-12-27,Solano,095,438530,49639,48172,1495,49667,378
2021-12-27,Sonoma,097,501317,46586,44990,707,45697,410
2021-12-27,Stanislaus,099,539301,84244,83833,9632,93465,1331
2021-12-27,Sutter,101,95872,14759,14642,426,15068,191
2021-12-27,Tehama,103,63373,9044,8887,1572,10459,136
2021-12-27,Trinity,105,12862,917,827,221,1048,17
2021-12-27,Tulare,107,460477,73063,71562,16950,88512,1146
2021-12-27,Tuolumne,109,53932,8126,7978,122,8100,91
2021-12-27,Ventura,111,848112,109890,105212,5287,110499,1206
2021-12-27,Yolo,113,214977,22186,21300,1249,22549,270
2021-12-27,Yuba,115,75493,10905,10759,414,11173,98
2021-12-26,Alameda,001,1643700,133414,127221,3418,130639,1525
2021-12-26,Alpine,002,1148,110,113,0,113,0
2021-12-26,Amador,005,37829,5947,5861,79,5940,70
2021-12-26,Butte,007,227075,22677,22087,4242,26329,330
2021-12-26,Calaveras,009,45235,4686,4591,67,4658,91
2021-12-26,Colusa,011,21464,2678,2647,705,3352,21
2021-12-26,Contra Costa,013,1133247,108953,105022,2725,107747,1071
2021-12-26,Del Norte,015,27424,3848,3795,57,3852,43
2021-12-26,El Dorado,017,186661,17754,17188,1892,19080,172
2021-12-26,Fresno,019,978130,150709,148027,13560,161587,2358
2021-12-26,Glenn,021,27897,3681,3611,1061,4672,39
2021-12-26,Humboldt,023,135768,10458,10052,771,10823,119
2021-12-26,Imperial,025,180216,37671,36878,4201,41079,800
2021-12-26,Inyo,027,18085,2738,2636,40,2676,47
2021-12-26,Kern,029,883053,136684,134591,25147,159738,1908
2021-12-26,Kings,031,150075,34585,34009,2082,36091,379
2021-12-26,Lake,033,64148,7102,7019,176,7195,116
2021-12-26,Lassen,035,31185,7117,7072,429,7501,55
2021-12-26,Los Angeles,037,10098052,1592032,1515469,64004,1579473,27257
2021-12-26,Madera,039,155013,25096,24741,2403,27144,320
2021-12-26,Marin,041,260295,20455,19085,782,19867,249
2021-12-26,Mariposa,043,17540,1530,1480,63,1543,6
2021-12-26,Mendocino,045,87422,8487,8314,706,9020,98
2021-12-26,Merced,047,269075,44617,44208,2228,46436,690
2021-12-26,Modoc,049,8938,602,597,207,804,6
2021-12-26,Mono,051,14174,2098,2000,25,2025,4
2021-12-26,Monterey,053,433212,51780,49709,3572,53281,638
2021-12-26,Napa,055,140530,14407,13809,192,14001,107
2021-12-26,Nevada,057,99092,10383,10153,366,10519,110
2021-12-26,Orange,059,3164182,336422,322991,19371,342362,5863
2021-12-26,Placer,061,380077,41056,39852,4163,44015,489
2021-12-26,Plumas,063,18699,2037,1987,52,2039,12
2021-12-26,Riverside,065,2383286,397671,384567,17577,402144,5470
2021-12-26,Sacramento,067,1510023,173367,169144,5621,174765,2418
2021-12-26,San Benito,069,59416,8202,7991,194,8185,79
2021-12-26,San Bernardino,071,2135413,388460,376052,12678,388730,6043
2021-12-26,San Diego,073,3302833,424174,406616,25207,431823,4442
2021-12-26,San Francisco,075,870044,64589,58229,2866,61095,682
2021-12-26,San Joaquin,077,732212,106675,104590,5816,110406,1872
2021-12-26,San Luis Obispo,079,281455,32269,31290,1468,32758,365
2021-12-26,San Mateo,081,765935,62359,56973,1219,58192,581
2021-12-26,Santa Barbara,083,443738,49176,47553,1716,49269,567
2021-12-26,Santa Clara,085,1922200,164605,156872,2113,158985,1967
2021-12-26,Santa Cruz,087,273765,23036,22176,1105,23281,228
2021-12-26,Shasta,089,179085,23213,22959,3764,26723,432
2021-12-26,Sierra,091,2930,212,202,21,223,0
2021-12-26,Siskiyou,093,43540,3527,3460,1391,4851,60
2021-12-26,Solano,095,438530,49135,47646,1457,49103,377
2021-12-26,Sonoma,097,501317,46089,44358,675,45033,408
2021-12-26,Stanislaus,099,539301,83870,83368,9590,92958,1331
2021-12-26,Sutter,101,95872,14693,14533,423,14956,191
2021-12-26,Tehama,103,63373,9011,8861,1568,10429,136
2021-12-26,Trinity,105,12862,917,826,220,1046,17
2021-12-26,Tulare,107,460477,72813,71292,16844,88136,1137
2021-12-26,Tuolumne,109,53932,8089,7919,122,8041,91
2021-12-26,Ventura,111,848112,108056,103498,5140,108638,1206
2021-12-26,Yolo,113,214977,21901,21084,1210,22294,270
2021-12-26,Yuba,115,75493,10854,10694,412,11106,98
2021-12-25,Alameda,001,1643700,132325,127221,3353,130574,1525
2021-12-25,Alpine,002,1148,110,113,0,113,0
2021-12-25,Amador,005,37829,5928,5861,79,5940,70
2021-12-25,Butte,007,227075,22579,22087,4225,26312,330
2021-12-25,Calaveras,009,45235,4657,4591,66,4657,91
2021-12-25,Colusa,011,21464,2673,2647,699,3346,21
2021-12-25,Contra Costa,013,1133247,108128,105022,2671,107693,1071
2021-12-25,Del Norte,015,27424,3841,3795,56,3851,43
2021-12-25,El Dorado,017,186661,17701,17188,1881,19069,172
2021-12-25,Fresno,019,978130,150393,148027,13512,161539,2358
2021-12-25,Glenn,021,27897,3670,3611,1057,4668,39
2021-12-25,Humboldt,023,135768,10376,10052,764,10816,119
2021-12-25,Imperial,025,180216,37548,36878,4179,41057,800
2021-12-25,Inyo,027,18085,2718,2636,40,2676,47
2021-12-25,Kern,029,883053,136337,134591,25021,159612,1908
2021-12-25,Kings,031,150075,34495,34009,2075,36084,379
2021-12-25,Lake,033,64148,7090,7019,174,7193,116
2021-12-25,Lassen,035,31185,7115,7072,429,7501,55
2021-12-25,Los Angeles,037,10098052,1579205,1515469,62662,1578131,27257
2021-12-25,Madera,039,155013,25046,24741,2397,27138,320
2021-12-25,Marin,041,260295,20113,19085,733,19818,249
2021-12-25,Mariposa,043,17540,1524,1480,63,1543,6
2021-12-25,Mendocino,045,87422,8449,8314,706,9020,98
2021-12-25,Merced,047,269075,44515,44208,2226,46434,690
2021-12-25,Modoc,049,8938,602,597,207,804,6
2021-12-25,Mono,051,14174,2081,2000,25,2025,4
2021-12-25,Monterey,053,433212,51612,49709,3538,53247,638
2021-12-25,Napa,055,140530,14292,13809,184,13993,107
2021-12-25,Nevada,057,99092,10354,10153,366,10519,110
2021-12-25,Orange,059,3164182,333542,322991,18800,341791,5863
2021-12-25,Placer,061,380077,40867,39852,4129,43981,489
2021-12-25,Plumas,063,18699,2035,1987,52,2039,12
2021-12-25,Riverside,065,2383286,395388,384567,17458,402025,5470
2021-12-25,Sacramento,067,1510023,172550,169144,5516,174660,2418
2021-12-25,San Benito,069,59416,8137,7991,194,8185,79
2021-12-25,San Bernardino,071,2135413,386215,376052,12545,388597,6043
2021-12-25,San Diego,073,3302833,420105,406616,24938,431554,4442
2021-12-25,San Francisco,075,870044,63558,58229,2830,61059,682
2021-12-25,San Joaquin,077,732212,106337,104590,5784,110374,1872
2021-12-25,San Luis Obispo,079,281455,32116,31290,1459,32749,365
2021-12-25,San Mateo,081,765935,61324,56973,1176,58149,581
2021-12-25,Santa Barbara,083,443738,48812,47553,1704,49257,567
2021-12-25,Santa Clara,085,1922200,163117,156872,2046,158918,1967
2021-12-25,Santa Cruz,087,273765,22876,22176,1099,23275,228
2021-12-25,Shasta,089,179085,23180,22959,3758,26717,432
2021-12-25,Sierra,091,2930,212,202,21,223,0
2021-12-25,Siskiyou,093,43540,3524,3460,1385,4845,60
2021-12-25,Solano,095,438530,49010,47646,1439,49085,377
2021-12-25,Sonoma,097,501317,45704,44358,649,45007,408
2021-12-25,Stanislaus,099,539301,83656,83368,9564,92932,1331
2021-12-25,Sutter,101,95872,14652,14533,421,14954,191
2021-12-25,Tehama,103,63373,8991,8861,1564,10425,136
2021-12-25,Trinity,105,12862,916,826,220,1046,17
2021-12-25,Tulare,107,460477,72679,71292,16766,88058,1137
2021-12-25,Tuolumne,109,53932,8057,7919,122,8041,91
2021-12-25,Ventura,111,848112,106883,103498,5034,108532,1206
2021-12-25,Yolo,113,214977,21790,21084,1189,22273,270
2021-12-25,Yuba,115,75493,10827,10694,411,11105,98
2021-12-24,Alameda,001,1643700,131702,127221,3337,130558,1525
2021-12-24,Alpine,002,1148,110,113,0,113,0
2021-12-24,Amador,005,37829,5920,5861,78,5939,70
2021-12-24,Butte,007,227075,22522,22087,4208,26295,330
2021-12-24,Calaveras,009,45235,4651,4591,66,4657,91
2021-12-24,Colusa,011,21464,2671,2647,698,3345,21
2021-12-24,Contra Costa,013,1133247,107809,105022,2638,107660,1071
2021-12-24,Del Norte,015,27424,3834,3795,56,3851,43
2021-12-24,El Dorado,017,186661,17646,17188,1876,19064,172
2021-12-24,Fresno,019,978130,150226,148027,13499,161526,2358
2021-12-24,Glenn,021,27897,3669,3611,1057,4668,39
2021-12-24,Humboldt,023,135768,10321,10052,759,10811,119
2021-12-24,Imperial,025,180216,37465,36878,4175,41053,800
2021-12-24,Inyo,027,18085,2698,2636,40,2676,47
2021-12-24,Kern,029,883053,136214,134591,24979,159570,1908
2021-12-24,Kings,031,150075,34426,34009,2074,36083,379
2021-12-24,Lake,033,64148,7086,7019,174,7193,116
2021-12-24,Lassen,035,31185,7112,7072,429,7501,55
2021-12-24,Los Angeles,037,10098052,1574327,1515469,62134,1577603,27257
2021-12-24,Madera,039,155013,25011,24741,2392,27133,320
2021-12-24,Marin,041,260295,19967,19085,702,19787,249
2021-12-24,Mariposa,043,17540,1522,1480,63,1543,6
2021-12-24,Mendocino,045,87422,8432,8314,706,9020,98
2021-12-24,Merced,047,269075,44465,44208,2224,46432,690
2021-12-24,Modoc,049,8938,602,597,207,804,6
2021-12-24,Mono,051,14174,2068,2000,25,2025,4
2021-12-24,Monterey,053,433212,51516,49709,3512,53221,638
2021-12-24,Napa,055,140530,14227,13809,180,13989,107
2021-12-24,Nevada,057,99092,10328,10153,364,10517,110
2021-12-24,Orange,059,3164182,332476,322991,18640,341631,5863
2021-12-24,Placer,061,380077,40744,39852,4112,43964,489
2021-12-24,Plumas,063,18699,2034,1987,52,2039,12
2021-12-24,Riverside,065,2383286,394388,384567,17368,401935,5470
2021-12-24,Sacramento,067,1510023,172234,169144,5481,174625,2418
2021-12-24,San Benito,069,59416,8128,7991,193,8184,79
2021-12-24,San Bernardino,071,2135413,385068,376052,12472,388524,6043
2021-12-24,San Diego,073,3302833,418979,406616,24814,431430,4442
2021-12-24,San Francisco,075,870044,63051,58229,2813,61042,682
2021-12-24,San Joaquin,077,732212,106141,104590,5776,110366,1872
2021-12-24,San Luis Obispo,079,281455,32054,31290,1449,32739,365
2021-12-24,San Mateo,081,765935,60891,56973,1153,58126,581
2021-12-24,Santa Barbara,083,443738,48607,47553,1697,49250,567
2021-12-24,Santa Clara,085,1922200,162291,156872,2012,158884,1967
2021-12-24,Santa Cruz,087,273765,22793,22176,1096,23272,228
2021-12-24,Shasta,089,179085,23146,22959,3754,26713,432
2021-12-24,Sierra,091,2930,211,202,21,223,0
2021-12-24,Siskiyou,093,43540,3519,3460,1381,4841,60
2021-12-24,Solano,095,438530,48958,47646,1437,49083,377
2021-12-24,Sonoma,097,501317,45538,44358,641,44999,408
2021-12-24,Stanislaus,099,539301,83545,83368,9541,92909,1331
2021-12-24,Sutter,101,95872,14632,14533,418,14951,191
2021-12-24,Tehama,103,63373,8982,8861,1561,10422,136
2021-12-24,Trinity,105,12862,914,826,220,1046,17
2021-12-24,Tulare,107,460477,72611,71292,16724,88016,1137
2021-12-24,Tuolumne,109,53932,8032,7919,122,8041,91
2021-12-24,Ventura,111,848112,106436,103498,4978,108476,1206
2021-12-24,Yolo,113,214977,21716,21084,1171,22255,270
2021-12-24,Yuba,115,75493,10804,10694,410,11104,98
2021-12-23,Alameda,001,1643700,130967,127221,3302,130523,1525
2021-12-23,Alpine,002,1148,110,113,0,113,0
2021-12-23,Amador,005,37829,5908,5861,76,5937,70
2021-12-23,Butte,007,227075,22469,22087,4197,26284,330
2021-12-23,Calaveras,009,45235,4640,4591,66,4657,91
2021-12-23,Colusa,011,21464,2665,2647,694,3341,21
2021-12-23,Contra Costa,013,1133247,107379,105022,2595,107617,1071
2021-12-23,Del Norte,015,27424,3831,3795,56,3851,43
2021-12-23,El Dorado,017,186661,17582,17188,1870,19058,172
2021-12-23,Fresno,019,978130,150020,148027,13481,161508,2358
2021-12-23,Glenn,021,27897,3665,3611,1057,4668,39
2021-12-23,Humboldt,023,135768,10268,10052,756,10808,119
2021-12-23,Imperial,025,180216,37392,36878,4148,41026,800
2021-12-23,Inyo,027,18085,2685,2636,40,2676,47
2021-12-23,Kern,029,883053,136064,134591,24883,159474,1908
2021-12-23,Kings,031,150075,34385,34009,2073,36082,379
2021-12-23,Lake,033,64148,7074,7019,172,7191,116
2021-12-23,Lassen,035,31185,7111,7072,429,7501,55
2021-12-23,Los Angeles,037,10098052,1564763,1515469,61059,1576528,27257
2021-12-23,Madera,039,155013,24978,24741,2388,27129,320
2021-12-23,Marin,041,260295,19833,19085,685,19770,249
2021-12-23,Mariposa,043,17540,1517,1480,63,1543,6
2021-12-23,Mendocino,045,87422,8423,8314,706,9020,98
2021-12-23,Merced,047,269075,44416,44208,2222,46430,690
2021-12-23,Modoc,049,8938,602,597,207,804,6
2021-12-23,Mono,051,14174,2047,2000,24,2024,4
2021-12-23,Monterey,053,433212,51395,49709,3491,53200,638
2021-12-23,Napa,055,140530,14148,13809,175,13984,107
2021-12-23,Nevada,057,99092,10304,10153,363,10516,110
2021-12-23,Orange,059,3164182,330789,322991,18310,341301,5863
2021-12-23,Placer,061,380077,40619,39852,4096,43948,489
2021-12-23,Plumas,063,18699,2034,1987,52,2039,12
2021-12-23,Riverside,065,2383286,393171,384567,17299,401866,5470
2021-12-23,Sacramento,067,1510023,171777,169144,5434,174578,2418
2021-12-23,San Benito,069,59416,8109,7991,191,8182,79
2021-12-23,San Bernardino,071,2135413,383875,376052,12367,388419,6043
2021-12-23,San Diego,073,3302833,417126,406616,24617,431233,4442
2021-12-23,San Francisco,075,870044,62320,58229,2785,61014,682
2021-12-23,San Joaquin,077,732212,105923,104590,5763,110353,1872
2021-12-23,San Luis Obispo,079,281455,31982,31290,1445,32735,365
2021-12-23,San Mateo,081,765935,60328,56973,1133,58106,581
2021-12-23,Santa Barbara,083,443738,48408,47553,1695,49248,567
2021-12-23,Santa Clara,085,1922200,161383,156872,1953,158825,1967
2021-12-23,Santa Cruz,087,273765,22678,22176,1084,23260,228
2021-12-23,Shasta,089,179085,23115,22959,3751,26710,432
2021-12-23,Sierra,091,2930,208,202,21,223,0
2021-12-23,Siskiyou,093,43540,3519,3460,1379,4839,60
2021-12-23,Solano,095,438530,48850,47646,1421,49067,377
2021-12-23,Sonoma,097,501317,45361,44358,640,44998,408
2021-12-23,Stanislaus,099,539301,83416,83368,9521,92889,1331
2021-12-23,Sutter,101,95872,14615,14533,417,14950,191
2021-12-23,Tehama,103,63373,8970,8861,1557,10418,136
2021-12-23,Trinity,105,12862,914,826,220,1046,17
2021-12-23,Tulare,107,460477,72535,71292,16681,87973,1137
2021-12-23,Tuolumne,109,53932,8014,7919,121,8040,91
2021-12-23,Ventura,111,848112,105901,103498,4912,108410,1206
2021-12-23,Yolo,113,214977,21644,21084,1153,22237,270
2021-12-23,Yuba,115,75493,10791,10694,410,11104,98
2021-12-22,Alameda,001,1643700,130011,126533,3219,129752,1522
2021-12-22,Alpine,002,1148,110,112,0,112,0
2021-12-22,Amador,005,37829,5895,5850,75,5925,70
2021-12-22,Butte,007,227075,22417,22070,4183,26253,330
2021-12-22,Calaveras,009,45235,4631,4580,66,4646,91
2021-12-22,Colusa,011,21464,2665,2645,691,3336,21
2021-12-22,Contra Costa,013,1133247,106741,104559,2551,107110,1070
2021-12-22,Del Norte,015,27424,3831,3794,56,3850,43
2021-12-22,El Dorado,017,186661,17520,17140,1861,19001,172
2021-12-22,Fresno,019,978130,149741,147838,13449,161287,2349
2021-12-22,Glenn,021,27897,3660,3604,1057,4661,39
2021-12-22,Humboldt,023,135768,10206,10022,751,10773,119
2021-12-22,Imperial,025,180216,37306,36755,4111,40866,798
2021-12-22,Inyo,027,18085,2667,2632,40,2672,47
2021-12-22,Kern,029,883053,135829,134433,24801,159234,1900
2021-12-22,Kings,031,150075,34335,33953,2066,36019,376
2021-12-22,Lake,033,64148,7067,7008,170,7178,116
2021-12-22,Lassen,035,31185,7106,7069,428,7497,55
2021-12-22,Los Angeles,037,10098052,1551204,1507110,59899,1567009,27234
2021-12-22,Madera,039,155013,24940,24702,2384,27086,320
2021-12-22,Marin,041,260295,19612,18927,662,19589,249
2021-12-22,Mariposa,043,17540,1510,1480,63,1543,6
2021-12-22,Mendocino,045,87422,8414,8299,706,9005,99
2021-12-22,Merced,047,269075,44345,44137,2219,46356,689
2021-12-22,Modoc,049,8938,602,595,207,802,6
2021-12-22,Mono,051,14174,2043,1979,24,2003,4
2021-12-22,Monterey,053,433212,51239,49650,3474,53124,639
2021-12-22,Napa,055,140530,14021,13746,165,13911,107
2021-12-22,Nevada,057,99092,10276,10101,358,10459,110
2021-12-22,Orange,059,3164182,328486,321765,17882,339647,5858
2021-12-22,Placer,061,380077,40435,39758,4059,43817,489
2021-12-22,Plumas,063,18699,2030,1986,52,2038,12
2021-12-22,Riverside,065,2383286,391342,383319,17186,400505,5472
2021-12-22,Sacramento,067,1510023,171117,168695,5374,174069,2422
2021-12-22,San Benito,069,59416,8057,7971,189,8160,79
2021-12-22,San Bernardino,071,2135413,382147,375044,12282,387326,6039
2021-12-22,San Diego,073,3302833,413008,404269,24291,428560,4434
2021-12-22,San Francisco,075,870044,61334,57520,2743,60263,682
2021-12-22,San Joaquin,077,732212,105654,104385,5749,110134,1870
2021-12-22,San Luis Obispo,079,281455,31841,31175,1425,32600,365
2021-12-22,San Mateo,081,765935,59646,56604,1103,57707,581
2021-12-22,Santa Barbara,083,443738,48151,47372,1679,49051,566
2021-12-22,Santa Clara,085,1922200,160258,156258,1912,158170,1954
2021-12-22,Santa Cruz,087,273765,22572,22075,1079,23154,228
2021-12-22,Shasta,089,179085,23086,22937,3746,26683,432
2021-12-22,Sierra,091,2930,208,202,21,223,0
2021-12-22,Siskiyou,093,43540,3516,3458,1376,4834,59
2021-12-22,Solano,095,438530,48621,47531,1408,48939,375
2021-12-22,Sonoma,097,501317,45086,44201,629,44830,408
2021-12-22,Stanislaus,099,539301,83275,83245,9501,92746,1331
2021-12-22,Sutter,101,95872,14579,14513,414,14927,191
2021-12-22,Tehama,103,63373,8957,8853,1553,10406,136
2021-12-22,Trinity,105,12862,914,826,220,1046,17
2021-12-22,Tulare,107,460477,72436,71226,16633,87859,1137
2021-12-22,Tuolumne,109,53932,7993,7903,121,8024,91
2021-12-22,Ventura,111,848112,105295,103089,4807,107896,1206
2021-12-22,Yolo,113,214977,21569,21012,1139,22151,270
2021-12-22,Yuba,115,75493,10774,10681,410,11091,98
2021-12-21,Alameda,001,1643700,128987,126007,3164,129171,1518
2021-12-21,Alpine,002,1148,110,112,0,112,0
2021-12-21,Amador,005,37829,5885,5845,75,5920,70
2021-12-21,Butte,007,227075,22353,22041,4169,26210,330
2021-12-21,Calaveras,009,45235,4618,4575,66,4641,91
2021-12-21,Colusa,011,21464,2663,2643,690,3333,21
2021-12-21,Contra Costa,013,1133247,106109,104255,2486,106741,1068
2021-12-21,Del Norte,015,27424,3830,3793,56,3849,43
2021-12-21,El Dorado,017,186661,17457,17098,1849,18947,172
2021-12-21,Fresno,019,978130,149451,147707,13414,161121,2341
2021-12-21,Glenn,021,27897,3646,3602,1057,4659,39
2021-12-21,Humboldt,023,135768,10142,9989,746,10735,118
2021-12-21,Imperial,025,180216,37208,36580,4070,40650,792
2021-12-21,Inyo,027,18085,2656,2627,40,2667,47
2021-12-21,Kern,029,883053,135620,134321,24696,159017,1892
2021-12-21,Kings,031,150075,34274,33914,2065,35979,376
2021-12-21,Lake,033,64148,7062,7004,168,7172,116
2021-12-21,Lassen,035,31185,7104,7069,428,7497,55
2021-12-21,Los Angeles,037,10098052,1537297,1501169,58881,1560050,27220
2021-12-21,Madera,039,155013,24903,24688,2377,27065,320
2021-12-21,Marin,041,260295,19442,18828,627,19455,249
2021-12-21,Mariposa,043,17540,1509,1480,62,1542,6
2021-12-21,Mendocino,045,87422,8398,8282,704,8986,97
2021-12-21,Merced,047,269075,44273,44096,2215,46311,688
2021-12-21,Modoc,049,8938,600,595,205,800,6
2021-12-21,Mono,051,14174,2024,1979,24,2003,4
2021-12-21,Monterey,053,433212,51148,49586,3457,53043,638
2021-12-21,Napa,055,140530,13920,13703,154,13857,107
2021-12-21,Nevada,057,99092,10247,10095,358,10453,110
2021-12-21,Orange,059,3164182,326349,320705,17434,338139,5855
2021-12-21,Placer,061,380077,40295,39649,4030,43679,487
2021-12-21,Plumas,063,18699,2030,1975,52,2027,12
2021-12-21,Riverside,065,2383286,389618,382415,17067,399482,5465
2021-12-21,Sacramento,067,1510023,170471,168422,5319,173741,2419
2021-12-21,San Benito,069,59416,8018,7950,186,8136,79
2021-12-21,San Bernardino,071,2135413,380472,374219,12170,386389,6026
2021-12-21,San Diego,073,3302833,409274,402386,23957,426343,4424
2021-12-21,San Francisco,075,870044,60370,56950,2710,59660,681
2021-12-21,San Joaquin,077,732212,105370,104238,5730,109968,1870
2021-12-21,San Luis Obispo,079,281455,31677,31103,1413,32516,365
2021-12-21,San Mateo,081,765935,59027,56381,1080,57461,581
2021-12-21,Santa Barbara,083,443738,47923,47194,1664,48858,564
2021-12-21,Santa Clara,085,1922200,159234,155769,1870,157639,1951
2021-12-21,Santa Cruz,087,273765,22455,22028,1069,23097,228
2021-12-21,Shasta,089,179085,23054,22920,3742,26662,429
2021-12-21,Sierra,091,2930,206,201,21,222,0
2021-12-21,Siskiyou,093,43540,3515,3455,1376,4831,59
2021-12-21,Solano,095,438530,48466,47474,1401,48875,372
2021-12-21,Sonoma,097,501317,44864,44051,619,44670,408
2021-12-21,Stanislaus,099,539301,83121,83167,9470,92637,1331
2021-12-21,Sutter,101,95872,14556,14492,413,14905,190
2021-12-21,Tehama,103,63373,8949,8849,1548,10397,136
2021-12-21,Trinity,105,12862,913,826,220,1046,17
2021-12-21,Tulare,107,460477,72342,71166,16592,87758,1137
2021-12-21,Tuolumne,109,53932,7969,7893,121,8014,91
2021-12-21,Ventura,111,848112,104677,102631,4694,107325,1205
2021-12-21,Yolo,113,214977,21462,20944,1135,22079,267
2021-12-21,Yuba,115,75493,10757,10668,410,11078,98
2021-12-20,Alameda,001,1643700,128023,125762,3095,128857,1515
2021-12-20,Alpine,002,1148,110,112,0,112,0
2021-12-20,Amador,005,37829,5871,5838,75,5913,70
2021-12-20,Butte,007,227075,22291,22030,4155,26185,329
2021-12-20,Calaveras,009,45235,4608,4569,66,4635,91
2021-12-20,Colusa,011,21464,2662,2644,690,3334,21
2021-12-20,Contra Costa,013,1133247,105575,104051,2438,106489,1068
2021-12-20,Del Norte,015,27424,3828,3792,56,3848,43
2021-12-20,El Dorado,017,186661,17397,17083,1841,18924,172
2021-12-20,Fresno,019,978130,149210,147605,13384,160989,2341
2021-12-20,Glenn,021,27897,3640,3597,1057,4654,39
2021-12-20,Humboldt,023,135768,10100,9973,742,10715,118
2021-12-20,Imperial,025,180216,37092,36532,4040,40572,792
2021-12-20,Inyo,027,18085,2653,2615,40,2655,47
2021-12-20,Kern,029,883053,135421,134203,24636,158839,1883
2021-12-20,Kings,031,150075,34232,33898,2064,35962,376
2021-12-20,Lake,033,64148,7057,6999,168,7167,116
2021-12-20,Lassen,035,31185,7102,7065,427,7492,55
2021-12-20,Los Angeles,037,10098052,1525802,1495251,58155,1553406,27188
2021-12-20,Madera,039,155013,24874,24668,2373,27041,313
2021-12-20,Marin,041,260295,19227,18747,609,19356,249
2021-12-20,Mariposa,043,17540,1500,1479,62,1541,6
2021-12-20,Mendocino,045,87422,8386,8264,702,8966,96
2021-12-20,Merced,047,269075,44216,44071,2210,46281,687
2021-12-20,Modoc,049,8938,600,595,202,797,6
2021-12-20,Mono,051,14174,2001,1973,24,1997,4
2021-12-20,Monterey,053,433212,51052,49556,3437,52993,636
2021-12-20,Napa,055,140530,13835,13672,144,13816,107
2021-12-20,Nevada,057,99092,10207,10079,357,10436,109
2021-12-20,Orange,059,3164182,324738,320235,17120,337355,5852
2021-12-20,Placer,061,380077,40163,39579,4000,43579,485
2021-12-20,Plumas,063,18699,2027,1971,50,2021,12
2021-12-20,Riverside,065,2383286,388172,381841,16978,398819,5452
2021-12-20,Sacramento,067,1510023,169900,168153,5279,173432,2414
2021-12-20,San Benito,069,59416,7973,7934,184,8118,79
2021-12-20,San Bernardino,071,2135413,378932,373881,12085,385966,6023
2021-12-20,San Diego,073,3302833,406056,401483,23719,425202,4412
2021-12-20,San Francisco,075,870044,59310,56661,2653,59314,681
2021-12-20,San Joaquin,077,732212,105128,104188,5719,109907,1865
2021-12-20,San Luis Obispo,079,281455,31563,31075,1405,32480,365
2021-12-20,San Mateo,081,765935,58479,56247,1061,57308,581
2021-12-20,Santa Barbara,083,443738,47711,47131,1659,48790,562
2021-12-20,Santa Clara,085,1922200,158271,155427,1821,157248,1950
2021-12-20,Santa Cruz,087,273765,22374,21989,1064,23053,227
2021-12-20,Shasta,089,179085,23033,22888,3737,26625,429
2021-12-20,Sierra,091,2930,205,201,21,222,0
2021-12-20,Siskiyou,093,43540,3514,3453,1374,4827,59
2021-12-20,Solano,095,438530,48339,47394,1393,48787,370
2021-12-20,Sonoma,097,501317,44674,43982,611,44593,408
2021-12-20,Stanislaus,099,539301,82995,83110,9441,92551,1331
2021-12-20,Sutter,101,95872,14533,14480,413,14893,190
2021-12-20,Tehama,103,63373,8941,8840,1545,10385,136
2021-12-20,Trinity,105,12862,913,826,220,1046,17
2021-12-20,Tulare,107,460477,72248,71124,16534,87658,1129
2021-12-20,Tuolumne,109,53932,7955,7867,117,7984,91
2021-12-20,Ventura,111,848112,104170,102452,4618,107070,1203
2021-12-20,Yolo,113,214977,21368,20903,1123,22026,267
2021-12-20,Yuba,115,75493,10741,10656,407,11063,97
2021-12-19,Alameda,001,1643700,127130,125464,3055,128519,1519
2021-12-19,Alpine,002,1148,110,112,0,112,0
2021-12-19,Amador,005,37829,5859,5832,74,5906,70
2021-12-19,Butte,007,227075,22236,22022,4147,26169,329
2021-12-19,Calaveras,009,45235,4592,4563,65,4628,91
2021-12-19,Colusa,011,21464,2662,2643,687,3330,21
2021-12-19,Contra Costa,013,1133247,105085,103906,2404,106310,1068
2021-12-19,Del Norte,015,27424,3824,3797,56,3853,43
2021-12-19,El Dorado,017,186661,17338,17067,1839,18906,172
2021-12-19,Fresno,019,978130,148968,147505,13358,160863,2341
2021-12-19,Glenn,021,27897,3636,3596,1056,4652,39
2021-12-19,Humboldt,023,135768,10057,9957,737,10694,118
2021-12-19,Imperial,025,180216,36963,36501,3997,40498,792
2021-12-19,Inyo,027,18085,2644,2613,40,2653,47
2021-12-19,Kern,029,883053,135222,134136,24568,158704,1883
2021-12-19,Kings,031,150075,34173,33874,2060,35934,378
2021-12-19,Lake,033,64148,7048,6999,165,7164,116
2021-12-19,Lassen,035,31185,7098,7065,427,7492,55
2021-12-19,Los Angeles,037,10098052,1516792,1495082,57554,1552636,27189
2021-12-19,Madera,039,155013,24849,24642,2367,27009,313
2021-12-19,Marin,041,260295,19051,18707,586,19293,249
2021-12-19,Mariposa,043,17540,1494,1475,62,1537,6
2021-12-19,Mendocino,045,87422,8369,8257,699,8956,96
2021-12-19,Merced,047,269075,44121,44045,2203,46248,687
2021-12-19,Modoc,049,8938,599,595,202,797,6
2021-12-19,Mono,051,14174,1990,1968,23,1991,4
2021-12-19,Monterey,053,433212,50949,49516,3416,52932,636
2021-12-19,Napa,055,140530,13762,13659,135,13794,107
2021-12-19,Nevada,057,99092,10171,10057,354,10411,109
2021-12-19,Orange,059,3164182,323326,319615,16893,336508,5852
2021-12-19,Placer,061,380077,40039,39525,3984,43509,485
2021-12-19,Plumas,063,18699,2024,1971,50,2021,12
2021-12-19,Riverside,065,2383286,386726,381305,16903,398208,5452
2021-12-19,Sacramento,067,1510023,169404,167933,5250,173183,2415
2021-12-19,San Benito,069,59416,7948,7929,183,8112,79
2021-12-19,San Bernardino,071,2135413,377598,373480,12047,385527,6023
2021-12-19,San Diego,073,3302833,403578,398197,23523,421720,4406
2021-12-19,San Francisco,075,870044,58429,56358,2597,58955,681
2021-12-19,San Joaquin,077,732212,104869,104125,5705,109830,1865
2021-12-19,San Luis Obispo,079,281455,31439,31035,1394,32429,366
2021-12-19,San Mateo,081,765935,58012,56132,1046,57178,581
2021-12-19,Santa Barbara,083,443738,47488,47070,1652,48722,562
2021-12-19,Santa Clara,085,1922200,157383,155049,1795,156844,1950
2021-12-19,Santa Cruz,087,273765,22275,21960,1059,23019,227
2021-12-19,Shasta,089,179085,22996,22875,3733,26608,429
2021-12-19,Sierra,091,2930,204,201,21,222,0
2021-12-19,Siskiyou,093,43540,3511,3452,1374,4826,59
2021-12-19,Solano,095,438530,48218,47341,1387,48728,370
2021-12-19,Sonoma,097,501317,44490,43944,609,44553,408
2021-12-19,Stanislaus,099,539301,82857,83040,9409,92449,1331
2021-12-19,Sutter,101,95872,14493,14475,412,14887,190
2021-12-19,Tehama,103,63373,8933,8840,1545,10385,136
2021-12-19,Trinity,105,12862,913,826,220,1046,17
2021-12-19,Tulare,107,460477,72155,71085,16492,87577,1129
2021-12-19,Tuolumne,109,53932,7938,7865,116,7981,91
2021-12-19,Ventura,111,848112,103590,102170,4553,106723,1203
2021-12-19,Yolo,113,214977,21286,20887,1105,21992,267
2021-12-19,Yuba,115,75493,10724,10646,405,11051,97
2021-12-18,Alameda,001,1643700,126719,124583,3028,127611,1512
2021-12-18,Alpine,002,1148,110,110,0,110,0
2021-12-18,Amador,005,37829,5853,5821,74,5895,69
2021-12-18,Butte,007,227075,22220,21956,4142,26098,328
2021-12-18,Calaveras,009,45235,4585,4534,65,4599,91
2021-12-18,Colusa,011,21464,2658,2635,685,3320,21
2021-12-18,Contra Costa,013,1133247,104870,103380,2390,105770,1065
2021-12-18,Del Norte,015,27424,3821,3791,56,3847,43
2021-12-18,El Dorado,017,186661,17310,16968,1836,18804,171
2021-12-18,Fresno,019,978130,148865,147038,13344,160382,2335
2021-12-18,Glenn,021,27897,3633,3590,1056,4646,39
2021-12-18,Humboldt,023,135768,10041,9889,737,10626,118
2021-12-18,Imperial,025,180216,36890,36280,3985,40265,790
2021-12-18,Inyo,027,18085,2638,2607,40,2647,47
2021-12-18,Kern,029,883053,135132,133754,24523,158277,1873
2021-12-18,Kings,031,150075,34140,33783,2056,35839,374
2021-12-18,Lake,033,64148,7047,6976,165,7141,115
2021-12-18,Lassen,035,31185,7096,7061,426,7487,55
2021-12-18,Los Angeles,037,10098052,1512693,1484840,57242,1542082,27135
2021-12-18,Madera,039,155013,24834,24575,2365,26940,313
2021-12-18,Marin,041,260295,18951,18537,574,19111,249
2021-12-18,Mariposa,043,17540,1493,1468,62,1530,6
2021-12-18,Mendocino,045,87422,8363,8219,699,8918,95
2021-12-18,Merced,047,269075,44086,43929,2202,46131,686
2021-12-18,Modoc,049,8938,597,595,202,797,6
2021-12-18,Mono,051,14174,1988,1956,23,1979,4
2021-12-18,Monterey,053,433212,50891,49343,3411,52754,635
2021-12-18,Napa,055,140530,13736,13581,133,13714,107
2021-12-18,Nevada,057,99092,10149,9991,352,10343,108
2021-12-18,Orange,059,3164182,322659,318149,16757,334906,5844
2021-12-18,Placer,061,380077,39937,39336,3970,43306,485
2021-12-18,Plumas,063,18699,2024,1964,50,2014,13
2021-12-18,Riverside,065,2383286,386025,379354,16862,396216,5439
2021-12-18,Sacramento,067,1510023,169167,167046,5230,172276,2404
2021-12-18,San Benito,069,59416,7933,7894,183,8077,79
2021-12-18,San Bernardino,071,2135413,376928,371658,12019,383677,6017
2021-12-18,San Diego,073,3302833,402612,397130,23472,420602,4399
2021-12-18,San Francisco,075,870044,57935,55562,2567,58129,679
2021-12-18,San Joaquin,077,732212,104782,103698,5695,109393,1858
2021-12-18,San Luis Obispo,079,281455,31397,30873,1388,32261,365
2021-12-18,San Mateo,081,765935,57772,55730,1041,56771,580
2021-12-18,Santa Barbara,083,443738,47392,46776,1650,48426,562
2021-12-18,Santa Clara,085,1922200,156927,154243,1782,156025,1946
2021-12-18,Santa Cruz,087,273765,22223,21805,1057,22862,225
2021-12-18,Shasta,089,179085,22975,22811,3733,26544,429
2021-12-18,Sierra,091,2930,204,199,21,220,0
2021-12-18,Siskiyou,093,43540,3509,3441,1373,4814,58
2021-12-18,Solano,095,438530,48171,47174,1385,48559,369
2021-12-18,Sonoma,097,501317,44380,43658,605,44263,407
2021-12-18,Stanislaus,099,539301,82775,82736,9397,92133,1330
2021-12-18,Sutter,101,95872,14475,14435,412,14847,190
2021-12-18,Tehama,103,63373,8926,8814,1544,10358,136
2021-12-18,Trinity,105,12862,913,823,220,1043,17
2021-12-18,Tulare,107,460477,72117,70922,16467,87389,1120
2021-12-18,Tuolumne,109,53932,7924,7834,116,7950,91
2021-12-18,Ventura,111,848112,103305,101612,4531,106143,1201
2021-12-18,Yolo,113,214977,21246,20793,1100,21893,267
2021-12-18,Yuba,115,75493,10713,10599,405,11004,96
2021-12-17,Alameda,001,1643700,126375,124583,3009,127592,1512
2021-12-17,Alpine,002,1148,110,110,0,110,0
2021-12-17,Amador,005,37829,5846,5821,74,5895,69
2021-12-17,Butte,007,227075,22199,21956,4135,26091,328
2021-12-17,Calaveras,009,45235,4581,4534,65,4599,91
2021-12-17,Colusa,011,21464,2657,2635,684,3319,21
2021-12-17,Contra Costa,013,1133247,104669,103380,2386,105766,1065
2021-12-17,Del Norte,015,27424,3820,3791,56,3847,43
2021-12-17,El Dorado,017,186661,17282,16968,1833,18801,171
2021-12-17,Fresno,019,978130,148762,147038,13343,160381,2335
2021-12-17,Glenn,021,27897,3626,3590,1056,4646,39
2021-12-17,Humboldt,023,135768,10021,9889,735,10624,118
2021-12-17,Imperial,025,180216,36827,36280,3967,40247,790
2021-12-17,Inyo,027,18085,2633,2607,40,2647,47
2021-12-17,Kern,029,883053,135040,133754,24482,158236,1873
2021-12-17,Kings,031,150075,34121,33783,2056,35839,374
2021-12-17,Lake,033,64148,7043,6976,165,7141,115
2021-12-17,Lassen,035,31185,7096,7061,425,7486,55
2021-12-17,Los Angeles,037,10098052,1508747,1484840,57005,1541845,27135
2021-12-17,Madera,039,155013,24818,24575,2360,26935,313
2021-12-17,Marin,041,260295,18875,18537,570,19107,249
2021-12-17,Mariposa,043,17540,1489,1468,62,1530,6
2021-12-17,Mendocino,045,87422,8352,8219,699,8918,95
2021-12-17,Merced,047,269075,44060,43929,2201,46130,686
2021-12-17,Modoc,049,8938,597,595,202,797,6
2021-12-17,Mono,051,14174,1985,1956,23,1979,4
2021-12-17,Monterey,053,433212,50833,49343,3406,52749,635
2021-12-17,Napa,055,140530,13709,13581,132,13713,107
2021-12-17,Nevada,057,99092,10138,9991,352,10343,108
2021-12-17,Orange,059,3164182,322095,318149,16690,334839,5844
2021-12-17,Placer,061,380077,39882,39336,3964,43300,485
2021-12-17,Plumas,063,18699,2023,1964,50,2014,13
2021-12-17,Riverside,065,2383286,385369,379354,16852,396206,5439
2021-12-17,Sacramento,067,1510023,168934,167046,5217,172263,2404
2021-12-17,San Benito,069,59416,7931,7894,183,8077,79
2021-12-17,San Bernardino,071,2135413,376366,371658,12002,383660,6017
2021-12-17,San Diego,073,3302833,401683,397130,23424,420554,4399
2021-12-17,San Francisco,075,870044,57607,55562,2537,58099,679
2021-12-17,San Joaquin,077,732212,104707,103698,5678,109376,1858
2021-12-17,San Luis Obispo,079,281455,31367,30873,1385,32258,365
2021-12-17,San Mateo,081,765935,57584,55730,1034,56764,580
2021-12-17,Santa Barbara,083,443738,47314,46776,1644,48420,562
2021-12-17,Santa Clara,085,1922200,156554,154243,1768,156011,1946
2021-12-17,Santa Cruz,087,273765,22176,21805,1053,22858,225
2021-12-17,Shasta,089,179085,22963,22811,3731,26542,429
2021-12-17,Sierra,091,2930,203,199,21,220,0
2021-12-17,Siskiyou,093,43540,3505,3441,1371,4812,58
2021-12-17,Solano,095,438530,48105,47174,1381,48555,369
2021-12-17,Sonoma,097,501317,44283,43658,602,44260,407
2021-12-17,Stanislaus,099,539301,82724,82736,9390,92126,1330
2021-12-17,Sutter,101,95872,14463,14435,410,14845,190
2021-12-17,Tehama,103,63373,8919,8814,1543,10357,136
2021-12-17,Trinity,105,12862,913,823,220,1043,17
2021-12-17,Tulare,107,460477,72075,70922,16437,87359,1120
2021-12-17,Tuolumne,109,53932,7912,7834,116,7950,91
2021-12-17,Ventura,111,848112,103055,101612,4519,106131,1201
2021-12-17,Yolo,113,214977,21210,20793,1098,21891,267
2021-12-17,Yuba,115,75493,10702,10599,403,11002,96
2021-12-16,Alameda,001,1643700,125994,124583,2994,127577,1512
2021-12-16,Alpine,002,1148,108,110,0,110,0
2021-12-16,Amador,005,37829,5838,5821,74,5895,69
2021-12-16,Butte,007,227075,22179,21956,4131,26087,328
2021-12-16,Calaveras,009,45235,4574,4534,65,4599,91
2021-12-16,Colusa,011,21464,2657,2635,684,3319,21
2021-12-16,Contra Costa,013,1133247,104447,103380,2376,105756,1065
2021-12-16,Del Norte,015,27424,3817,3791,56,3847,43
2021-12-16,El Dorado,017,186661,17247,16968,1828,18796,171
2021-12-16,Fresno,019,978130,148603,147038,13335,160373,2335
2021-12-16,Glenn,021,27897,3626,3590,1053,4643,39
2021-12-16,Humboldt,023,135768,9997,9889,725,10614,118
2021-12-16,Imperial,025,180216,36743,36280,3939,40219,790
2021-12-16,Inyo,027,18085,2629,2607,39,2646,47
2021-12-16,Kern,029,883053,134896,133754,24433,158187,1873
2021-12-16,Kings,031,150075,34097,33783,2055,35838,374
2021-12-16,Lake,033,64148,7039,6976,165,7141,115
2021-12-16,Lassen,035,31185,7093,7061,424,7485,55
2021-12-16,Los Angeles,037,10098052,1504533,1484840,56742,1541582,27135
2021-12-16,Madera,039,155013,24789,24575,2356,26931,313
2021-12-16,Marin,041,260295,18828,18537,563,19100,249
2021-12-16,Mariposa,043,17540,1487,1468,62,1530,6
2021-12-16,Mendocino,045,87422,8341,8219,694,8913,95
2021-12-16,Merced,047,269075,44021,43929,2200,46129,686
2021-12-16,Modoc,049,8938,597,595,202,797,6
2021-12-16,Mono,051,14174,1982,1956,23,1979,4
2021-12-16,Monterey,053,433212,50762,49343,3389,52732,635
2021-12-16,Napa,055,140530,13677,13581,132,13713,107
2021-12-16,Nevada,057,99092,10112,9991,352,10343,108
2021-12-16,Orange,059,3164182,321482,318149,16610,334759,5844
2021-12-16,Placer,061,380077,39803,39336,3959,43295,485
2021-12-16,Plumas,063,18699,2023,1964,50,2014,13
2021-12-16,Riverside,065,2383286,384560,379354,16838,396192,5439
2021-12-16,Sacramento,067,1510023,168649,167046,5193,172239,2404
2021-12-16,San Benito,069,59416,7924,7894,183,8077,79
2021-12-16,San Bernardino,071,2135413,375700,371658,11982,383640,6017
2021-12-16,San Diego,073,3302833,400514,397130,23358,420488,4399
2021-12-16,San Francisco,075,870044,57227,55562,2515,58077,679
2021-12-16,San Joaquin,077,732212,104585,103698,5671,109369,1858
2021-12-16,San Luis Obispo,079,281455,31297,30873,1379,32252,365
2021-12-16,San Mateo,081,765935,57384,55730,1031,56761,580
2021-12-16,Santa Barbara,083,443738,47193,46776,1640,48416,562
2021-12-16,Santa Clara,085,1922200,156222,154243,1758,156001,1946
2021-12-16,Santa Cruz,087,273765,22130,21805,1052,22857,225
2021-12-16,Shasta,089,179085,22933,22811,3729,26540,429
2021-12-16,Sierra,091,2930,203,199,21,220,0
2021-12-16,Siskiyou,093,43540,3504,3441,1367,4808,58
2021-12-16,Solano,095,438530,48036,47174,1374,48548,369
2021-12-16,Sonoma,097,501317,44183,43658,600,44258,407
2021-12-16,Stanislaus,099,539301,82637,82736,9376,92112,1330
2021-12-16,Sutter,101,95872,14449,14435,409,14844,190
2021-12-16,Tehama,103,63373,8912,8814,1542,10356,136
2021-12-16,Trinity,105,12862,913,823,220,1043,17
2021-12-16,Tulare,107,460477,72026,70922,16412,87334,1120
2021-12-16,Tuolumne,109,53932,7891,7834,116,7950,91
2021-12-16,Ventura,111,848112,102788,101612,4512,106124,1201
2021-12-16,Yolo,113,214977,21159,20793,1093,21886,267
2021-12-16,Yuba,115,75493,10686,10599,402,11001,96
2021-12-15,Alameda,001,1643700,125665,124342,2983,127325,1509
2021-12-15,Alpine,002,1148,108,109,0,109,0
2021-12-15,Amador,005,37829,5832,5810,74,5884,69
2021-12-15,Butte,007,227075,22155,21922,4130,26052,327
2021-12-15,Calaveras,009,45235,4568,4523,65,4588,89
2021-12-15,Colusa,011,21464,2656,2632,683,3315,21
2021-12-15,Contra Costa,013,1133247,104228,103236,2373,105609,1064
2021-12-15,Del Norte,015,27424,3816,3789,55,3844,43
2021-12-15,El Dorado,017,186661,17217,16936,1822,18758,171
2021-12-15,Fresno,019,978130,148474,146859,13320,160179,2319
2021-12-15,Glenn,021,27897,3625,3589,1053,4642,39
2021-12-15,Humboldt,023,135768,9977,9854,724,10578,118
2021-12-15,Imperial,025,180216,36664,36187,3895,40082,789
2021-12-15,Inyo,027,18085,2624,2606,39,2645,47
2021-12-15,Kern,029,883053,134758,133590,24387,157977,1866
2021-12-15,Kings,031,150075,34068,33716,2051,35767,374
2021-12-15,Lake,033,64148,7031,6968,164,7132,115
2021-12-15,Lassen,035,31185,7093,7062,424,7486,55
2021-12-15,Los Angeles,037,10098052,1500624,1482735,56543,1539278,27116
2021-12-15,Madera,039,155013,24771,24549,2350,26899,313
2021-12-15,Marin,041,260295,18769,18514,558,19072,249
2021-12-15,Mariposa,043,17540,1484,1463,62,1525,6
2021-12-15,Mendocino,045,87422,8336,8209,691,8900,95
2021-12-15,Merced,047,269075,43979,43890,2188,46078,685
2021-12-15,Modoc,049,8938,597,595,202,797,6
2021-12-15,Mono,051,14174,1978,1955,23,1978,4
2021-12-15,Monterey,053,433212,50707,49279,3371,52650,635
2021-12-15,Napa,055,140530,13648,13557,130,13687,107
2021-12-15,Nevada,057,99092,10091,9958,352,10310,107
2021-12-15,Orange,059,3164182,320898,317808,16568,334376,5838
2021-12-15,Placer,061,380077,39745,39264,3949,43213,485
2021-12-15,Plumas,063,18699,2019,1957,50,2007,12
2021-12-15,Riverside,065,2383286,383837,378769,16827,395596,5438
2021-12-15,Sacramento,067,1510023,168341,166793,5173,171966,2401
2021-12-15,San Benito,069,59416,7909,7877,183,8060,79
2021-12-15,San Bernardino,071,2135413,375133,371122,11949,383071,6013
2021-12-15,San Diego,073,3302833,399318,396546,23287,419833,4395
2021-12-15,San Francisco,075,870044,56908,55414,2497,57911,679
2021-12-15,San Joaquin,077,732212,104434,103579,5661,109240,1853
2021-12-15,San Luis Obispo,079,281455,31248,30784,1372,32156,365
2021-12-15,San Mateo,081,765935,57242,55657,1021,56678,580
2021-12-15,Santa Barbara,083,443738,47112,46681,1638,48319,562
2021-12-15,Santa Clara,085,1922200,155910,153928,1740,155668,1944
2021-12-15,Santa Cruz,087,273765,22090,21753,1045,22798,225
2021-12-15,Shasta,089,179085,22918,22778,3725,26503,427
2021-12-15,Sierra,091,2930,203,199,21,220,0
2021-12-15,Siskiyou,093,43540,3503,3434,1366,4800,58
2021-12-15,Solano,095,438530,47965,47098,1368,48466,367
2021-12-15,Sonoma,097,501317,44099,43580,595,44175,407
2021-12-15,Stanislaus,099,539301,82529,82628,9368,91996,1298
2021-12-15,Sutter,101,95872,14429,14428,408,14836,189
2021-12-15,Tehama,103,63373,8905,8806,1541,10347,136
2021-12-15,Trinity,105,12862,912,822,220,1042,17
2021-12-15,Tulare,107,460477,71974,70846,16383,87229,1120
2021-12-15,Tuolumne,109,53932,7882,7818,115,7933,91
2021-12-15,Ventura,111,848112,102573,101447,4506,105953,1199
2021-12-15,Yolo,113,214977,21130,20749,1089,21838,267
2021-12-15,Yuba,115,75493,10676,10587,401,10988,96
2021-12-14,Alameda,001,1643700,125332,124272,2971,127243,1506
2021-12-14,Alpine,002,1148,107,109,0,109,0
2021-12-14,Amador,005,37829,5826,5808,73,5881,69
2021-12-14,Butte,007,227075,22122,21901,4128,26029,326
2021-12-14,Calaveras,009,45235,4556,4517,65,4582,89
2021-12-14,Colusa,011,21464,2654,2628,683,3311,21
2021-12-14,Contra Costa,013,1133247,104044,103135,2369,105504,1064
2021-12-14,Del Norte,015,27424,3813,3788,55,3843,43
2021-12-14,El Dorado,017,186661,17182,16915,1820,18735,170
2021-12-14,Fresno,019,978130,148303,146756,13312,160068,2316
2021-12-14,Glenn,021,27897,3624,3589,1053,4642,39
2021-12-14,Humboldt,023,135768,9965,9836,716,10552,118
2021-12-14,Imperial,025,180216,36592,36049,3852,39901,789
2021-12-14,Inyo,027,18085,2623,2601,39,2640,46
2021-12-14,Kern,029,883053,134620,133498,24338,157836,1863
2021-12-14,Kings,031,150075,34031,33693,2048,35741,373
2021-12-14,Lake,033,64148,7022,6961,164,7125,115
2021-12-14,Lassen,035,31185,7092,7061,424,7485,55
2021-12-14,Los Angeles,037,10098052,1496953,1481131,56367,1537498,27099
2021-12-14,Madera,039,155013,24744,24535,2342,26877,313
2021-12-14,Marin,041,260295,18721,18491,556,19047,249
2021-12-14,Mariposa,043,17540,1481,1463,61,1524,6
2021-12-14,Mendocino,045,87422,8308,8206,689,8895,95
2021-12-14,Merced,047,269075,43933,43870,2186,46056,684
2021-12-14,Modoc,049,8938,596,595,202,797,6
2021-12-14,Mono,051,14174,1971,1955,23,1978,4
2021-12-14,Monterey,053,433212,50622,49237,3361,52598,635
2021-12-14,Napa,055,140530,13619,13528,130,13658,107
2021-12-14,Nevada,057,99092,10065,9956,351,10307,106
2021-12-14,Orange,059,3164182,320344,317465,16514,333979,5827
2021-12-14,Placer,061,380077,39669,39221,3944,43165,482
2021-12-14,Plumas,063,18699,2015,1950,48,1998,12
2021-12-14,Riverside,065,2383286,383143,378227,16810,395037,5427
2021-12-14,Sacramento,067,1510023,168031,166605,5150,171755,2394
2021-12-14,San Benito,069,59416,7891,7871,183,8054,79
2021-12-14,San Bernardino,071,2135413,374501,370604,11917,382521,6013
2021-12-14,San Diego,073,3302833,398180,395876,23236,419112,4393
2021-12-14,San Francisco,075,870044,56592,55278,2486,57764,679
2021-12-14,San Joaquin,077,732212,104291,103488,5644,109132,1848
2021-12-14,San Luis Obispo,079,281455,31187,30753,1368,32121,363
2021-12-14,San Mateo,081,765935,57078,55601,1014,56615,580
2021-12-14,Santa Barbara,083,443738,47010,46648,1634,48282,560
2021-12-14,Santa Clara,085,1922200,155588,153814,1727,155541,1945
2021-12-14,Santa Cruz,087,273765,22025,21737,1040,22777,225
2021-12-14,Shasta,089,179085,22891,22756,3724,26480,427
2021-12-14,Sierra,091,2930,201,199,21,220,0
2021-12-14,Siskiyou,093,43540,3498,3430,1365,4795,58
2021-12-14,Solano,095,438530,47917,47065,1362,48427,367
2021-12-14,Sonoma,097,501317,44016,43538,593,44131,407
2021-12-14,Stanislaus,099,539301,82442,82581,9352,91933,1293
2021-12-14,Sutter,101,95872,14417,14421,407,14828,189
2021-12-14,Tehama,103,63373,8901,8805,1541,10346,134
2021-12-14,Trinity,105,12862,912,821,220,1041,17
2021-12-14,Tulare,107,460477,71902,70803,16353,87156,1120
2021-12-14,Tuolumne,109,53932,7869,7815,115,7930,91
2021-12-14,Ventura,111,848112,102349,101343,4499,105842,1199
2021-12-14,Yolo,113,214977,21091,20734,1081,21815,267
2021-12-14,Yuba,115,75493,10659,10574,401,10975,92
2021-12-13,Alameda,001,1643700,125041,124174,2954,127128,1501
2021-12-13,Alpine,002,1148,107,109,0,109,0
2021-12-13,Amador,005,37829,5822,5797,73,5870,69
2021-12-13,Butte,007,227075,22098,21889,4124,26013,326
2021-12-13,Calaveras,009,45235,4549,4507,64,4571,89
2021-12-13,Colusa,011,21464,2651,2627,683,3310,21
2021-12-13,Contra Costa,013,1133247,103890,103041,2358,105399,1064
2021-12-13,Del Norte,015,27424,3809,3787,55,3842,42
2021-12-13,El Dorado,017,186661,17159,16896,1818,18714,170
2021-12-13,Fresno,019,978130,148153,146641,13302,159943,2312
2021-12-13,Glenn,021,27897,3620,3589,1051,4640,37
2021-12-13,Humboldt,023,135768,9936,9821,712,10533,118
2021-12-13,Imperial,025,180216,36508,35974,3831,39805,787
2021-12-13,Inyo,027,18085,2622,2592,39,2631,46
2021-12-13,Kern,029,883053,134494,133381,24285,157666,1863
2021-12-13,Kings,031,150075,33988,33680,2043,35723,372
2021-12-13,Lake,033,64148,7020,6958,162,7120,115
2021-12-13,Lassen,035,31185,7091,7057,424,7481,55
2021-12-13,Los Angeles,037,10098052,1494168,1480195,56207,1536402,27085
2021-12-13,Madera,039,155013,24715,24527,2337,26864,311
2021-12-13,Marin,041,260295,18661,18471,553,19024,249
2021-12-13,Mariposa,043,17540,1479,1462,61,1523,6
2021-12-13,Mendocino,045,87422,8295,8196,687,8883,95
2021-12-13,Merced,047,269075,43893,43848,2182,46030,682
2021-12-13,Modoc,049,8938,595,595,202,797,6
2021-12-13,Mono,051,14174,1964,1952,23,1975,4
2021-12-13,Monterey,053,433212,50571,49222,3342,52564,631
2021-12-13,Napa,055,140530,13606,13518,130,13648,107
2021-12-13,Nevada,057,99092,10046,9946,350,10296,106
2021-12-13,Orange,059,3164182,319874,317112,16462,333574,5824
2021-12-13,Placer,061,380077,39608,39168,3933,43101,481
2021-12-13,Plumas,063,18699,2011,1943,48,1991,12
2021-12-13,Riverside,065,2383286,382562,377728,16795,394523,5414
2021-12-13,Sacramento,067,1510023,167752,166439,5118,171557,2392
2021-12-13,San Benito,069,59416,7882,7856,183,8039,79
2021-12-13,San Bernardino,071,2135413,373920,370274,11909,382183,6011
2021-12-13,San Diego,073,3302833,397374,395266,23184,418450,4389
2021-12-13,San Francisco,075,870044,56321,55245,2473,57718,678
2021-12-13,San Joaquin,077,732212,104176,103449,5635,109084,1846
2021-12-13,San Luis Obispo,079,281455,31137,30746,1364,32110,363
2021-12-13,San Mateo,081,765935,56919,55569,1005,56574,580
2021-12-13,Santa Barbara,083,443738,46922,46608,1629,48237,560
2021-12-13,Santa Clara,085,1922200,155323,153672,1716,155388,1944
2021-12-13,Santa Cruz,087,273765,21970,21698,1037,22735,225
2021-12-13,Shasta,089,179085,22870,22731,3722,26453,426
2021-12-13,Sierra,091,2930,201,199,21,220,0
2021-12-13,Siskiyou,093,43540,3494,3426,1362,4788,57
2021-12-13,Solano,095,438530,47843,47045,1357,48402,365
2021-12-13,Sonoma,097,501317,43920,43492,591,44083,407
2021-12-13,Stanislaus,099,539301,82325,82507,9329,91836,1282
2021-12-13,Sutter,101,95872,14410,14408,407,14815,188
2021-12-13,Tehama,103,63373,8889,8800,1541,10341,134
2021-12-13,Trinity,105,12862,912,820,220,1040,17
2021-12-13,Tulare,107,460477,71844,70758,16329,87087,1114
2021-12-13,Tuolumne,109,53932,7858,7804,115,7919,91
2021-12-13,Ventura,111,848112,102124,101180,4488,105668,1197
2021-12-13,Yolo,113,214977,21039,20706,1079,21785,267
2021-12-13,Yuba,115,75493,10641,10570,401,10971,92
2021-12-12,Alameda,001,1643700,124759,124075,2942,127017,1503
2021-12-12,Alpine,002,1148,107,109,0,109,0
2021-12-12,Amador,005,37829,5814,5797,72,5869,69
2021-12-12,Butte,007,227075,22074,21874,4118,25992,326
2021-12-12,Calaveras,009,45235,4538,4501,64,4565,89
2021-12-12,Colusa,011,21464,2646,2627,680,3307,21
2021-12-12,Contra Costa,013,1133247,103701,102976,2356,105332,1065
2021-12-12,Del Norte,015,27424,3806,3793,55,3848,42
2021-12-12,El Dorado,017,186661,17123,16890,1810,18700,170
2021-12-12,Fresno,019,978130,147990,146518,13287,159805,2310
2021-12-12,Glenn,021,27897,3617,3589,1051,4640,37
2021-12-12,Humboldt,023,135768,9911,9804,705,10509,118
2021-12-12,Imperial,025,180216,36374,35926,3800,39726,787
2021-12-12,Inyo,027,18085,2617,2592,39,2631,46
2021-12-12,Kern,029,883053,134328,133314,24244,157558,1861
2021-12-12,Kings,031,150075,33937,33661,2041,35702,372
2021-12-12,Lake,033,64148,7012,6955,161,7116,115
2021-12-12,Lassen,035,31185,7090,7057,424,7481,55
2021-12-12,Los Angeles,037,10098052,1491252,1479054,56030,1535084,27074
2021-12-12,Madera,039,155013,24685,24493,2330,26823,311
2021-12-12,Marin,041,260295,18608,18451,549,19000,249
2021-12-12,Mariposa,043,17540,1478,1461,61,1522,6
2021-12-12,Mendocino,045,87422,8282,8190,686,8876,95
2021-12-12,Merced,047,269075,43859,43821,2175,45996,682
2021-12-12,Modoc,049,8938,595,595,201,796,6
2021-12-12,Mono,051,14174,1960,1947,23,1970,4
2021-12-12,Monterey,053,433212,50517,49192,3316,52508,631
2021-12-12,Napa,055,140530,13563,13508,128,13636,107
2021-12-12,Nevada,057,99092,10020,9938,349,10287,106
2021-12-12,Orange,059,3164182,319367,316918,16398,333316,5825
2021-12-12,Placer,061,380077,39544,39139,3927,43066,481
2021-12-12,Plumas,063,18699,2007,1942,46,1988,12
2021-12-12,Riverside,065,2383286,381886,377467,16770,394237,5414
2021-12-12,Sacramento,067,1510023,167484,166291,5097,171388,2392
2021-12-12,San Benito,069,59416,7862,7853,183,8036,79
2021-12-12,San Bernardino,071,2135413,373272,369977,11885,381862,6011
2021-12-12,San Diego,073,3302833,396479,393307,23146,416453,4378
2021-12-12,San Francisco,075,870044,56065,55180,2461,57641,678
2021-12-12,San Joaquin,077,732212,104036,103405,5625,109030,1846
2021-12-12,San Luis Obispo,079,281455,31084,30719,1362,32081,363
2021-12-12,San Mateo,081,765935,56802,55505,1001,56506,580
2021-12-12,Santa Barbara,083,443738,46847,46586,1627,48213,560
2021-12-12,Santa Clara,085,1922200,155037,153452,1702,155154,1945
2021-12-12,Santa Cruz,087,273765,21921,21671,1035,22706,225
2021-12-12,Shasta,089,179085,22842,22732,3721,26453,426
2021-12-12,Sierra,091,2930,201,199,21,220,0
2021-12-12,Siskiyou,093,43540,3494,3424,1362,4786,57
2021-12-12,Solano,095,438530,47777,47021,1354,48375,365
2021-12-12,Sonoma,097,501317,43828,43424,588,44012,407
2021-12-12,Stanislaus,099,539301,82225,82460,9316,91776,1282
2021-12-12,Sutter,101,95872,14399,14396,407,14803,189
2021-12-12,Tehama,103,63373,8878,8796,1539,10335,134
2021-12-12,Trinity,105,12862,910,820,220,1040,17
2021-12-12,Tulare,107,460477,71768,70733,16287,87020,1115
2021-12-12,Tuolumne,109,53932,7841,7794,115,7909,91
2021-12-12,Ventura,111,848112,101930,101105,4474,105579,1197
2021-12-12,Yolo,113,214977,20983,20685,1074,21759,267
2021-12-12,Yuba,115,75493,10627,10565,398,10963,92
2021-12-11,Alameda,001,1643700,124620,123572,2940,126512,1496
2021-12-11,Alpine,002,1148,107,109,0,109,0
2021-12-11,Amador,005,37829,5809,5787,72,5859,69
2021-12-11,Butte,007,227075,22060,21819,4116,25935,326
2021-12-11,Calaveras,009,45235,4530,4469,63,4532,89
2021-12-11,Colusa,011,21464,2642,2619,679,3298,21
2021-12-11,Contra Costa,013,1133247,103615,102618,2354,104972,1061
2021-12-11,Del Norte,015,27424,3806,3778,55,3833,42
2021-12-11,El Dorado,017,186661,17103,16796,1809,18605,170
2021-12-11,Fresno,019,978130,147901,145988,13278,159266,2294
2021-12-11,Glenn,021,27897,3615,3585,1051,4636,37
2021-12-11,Humboldt,023,135768,9894,9721,702,10423,118
2021-12-11,Imperial,025,180216,36316,35635,3791,39426,782
2021-12-11,Inyo,027,18085,2612,2576,39,2615,46
2021-12-11,Kern,029,883053,134259,132852,24210,157062,1854
2021-12-11,Kings,031,150075,33924,33530,2039,35569,371
2021-12-11,Lake,033,64148,7011,6932,159,7091,114
2021-12-11,Lassen,035,31185,7089,7049,424,7473,55
2021-12-11,Los Angeles,037,10098052,1490038,1474030,55940,1529970,27031
2021-12-11,Madera,039,155013,24679,24417,2329,26746,311
2021-12-11,Marin,041,260295,18574,18339,546,18885,249
2021-12-11,Mariposa,043,17540,1477,1450,61,1511,6
2021-12-11,Mendocino,045,87422,8276,8130,686,8816,95
2021-12-11,Merced,047,269075,43840,43690,2174,45864,681
2021-12-11,Modoc,049,8938,595,594,201,795,6
2021-12-11,Mono,051,14174,1956,1926,23,1949,4
2021-12-11,Monterey,053,433212,50488,49008,3313,52321,631
2021-12-11,Napa,055,140530,13546,13459,128,13587,107
2021-12-11,Nevada,057,99092,10007,9880,349,10229,106
2021-12-11,Orange,059,3164182,319117,315759,16371,332130,5805
2021-12-11,Placer,061,380077,39485,38959,3920,42879,481
2021-12-11,Plumas,063,18699,2001,1934,46,1980,12
2021-12-11,Riverside,065,2383286,381466,375649,16755,392404,5408
2021-12-11,Sacramento,067,1510023,167353,165530,5090,170620,2386
2021-12-11,San Benito,069,59416,7848,7808,183,7991,79
2021-12-11,San Bernardino,071,2135413,372909,368145,11875,380020,6007
2021-12-11,San Diego,073,3302833,396056,392274,23108,415382,4374
2021-12-11,San Francisco,075,870044,55912,54869,2456,57325,678
2021-12-11,San Joaquin,077,732212,103975,103013,5621,108634,1842
2021-12-11,San Luis Obispo,079,281455,31062,30567,1358,31925,362
2021-12-11,San Mateo,081,765935,56723,55284,999,56283,580
2021-12-11,Santa Barbara,083,443738,46812,46309,1627,47936,559
2021-12-11,Santa Clara,085,1922200,154839,152846,1690,154536,1941
2021-12-11,Santa Cruz,087,273765,21897,21557,1035,22592,225
2021-12-11,Shasta,089,179085,22827,22660,3717,26377,419
2021-12-11,Sierra,091,2930,201,199,21,220,0
2021-12-11,Siskiyou,093,43540,3488,3418,1359,4777,57
2021-12-11,Solano,095,438530,47748,46891,1350,48241,365
2021-12-11,Sonoma,097,501317,43779,43227,588,43815,407
2021-12-11,Stanislaus,099,539301,82176,82133,9307,91440,1264
2021-12-11,Sutter,101,95872,14390,14354,407,14761,187
2021-12-11,Tehama,103,63373,8875,8776,1537,10313,134
2021-12-11,Trinity,105,12862,910,819,220,1039,17
2021-12-11,Tulare,107,460477,71724,70523,16277,86800,1103
2021-12-11,Tuolumne,109,53932,7832,7760,115,7875,91
2021-12-11,Ventura,111,848112,101855,100711,4467,105178,1195
2021-12-11,Yolo,113,214977,20964,20608,1070,21678,267
2021-12-11,Yuba,115,75493,10615,10519,397,10916,92
2021-12-10,Alameda,001,1643700,124497,123572,2932,126504,1496
2021-12-10,Alpine,002,1148,106,109,0,109,0
2021-12-10,Amador,005,37829,5802,5787,72,5859,69
2021-12-10,Butte,007,227075,22047,21819,4114,25933,326
2021-12-10,Calaveras,009,45235,4527,4469,63,4532,89
2021-12-10,Colusa,011,21464,2641,2619,679,3298,21
2021-12-10,Contra Costa,013,1133247,103519,102618,2353,104971,1061
2021-12-10,Del Norte,015,27424,3806,3778,55,3833,42
2021-12-10,El Dorado,017,186661,17090,16796,1809,18605,170
2021-12-10,Fresno,019,978130,147813,145988,13267,159255,2294
2021-12-10,Glenn,021,27897,3615,3585,1051,4636,37
2021-12-10,Humboldt,023,135768,9877,9721,700,10421,118
2021-12-10,Imperial,025,180216,36261,35635,3776,39411,782
2021-12-10,Inyo,027,18085,2609,2576,39,2615,46
2021-12-10,Kern,029,883053,134170,132852,24186,157038,1854
2021-12-10,Kings,031,150075,33909,33530,2037,35567,371
2021-12-10,Lake,033,64148,7004,6932,159,7091,114
2021-12-10,Lassen,035,31185,7088,7049,424,7473,55
2021-12-10,Los Angeles,037,10098052,1488950,1474030,55854,1529884,27031
2021-12-10,Madera,039,155013,24661,24417,2327,26744,311
2021-12-10,Marin,041,260295,18552,18339,546,18885,249
2021-12-10,Mariposa,043,17540,1474,1450,61,1511,6
2021-12-10,Mendocino,045,87422,8269,8130,685,8815,95
2021-12-10,Merced,047,269075,43822,43690,2172,45862,681
2021-12-10,Modoc,049,8938,595,594,201,795,6
2021-12-10,Mono,051,14174,1953,1926,23,1949,4
2021-12-10,Monterey,053,433212,50451,49008,3307,52315,631
2021-12-10,Napa,055,140530,13534,13459,127,13586,107
2021-12-10,Nevada,057,99092,9998,9880,349,10229,106
2021-12-10,Orange,059,3164182,318849,315759,16339,332098,5805
2021-12-10,Placer,061,380077,39444,38959,3917,42876,481
2021-12-10,Plumas,063,18699,1999,1934,46,1980,12
2021-12-10,Riverside,065,2383286,381058,375649,16745,392394,5408
2021-12-10,Sacramento,067,1510023,167201,165530,5088,170618,2386
2021-12-10,San Benito,069,59416,7844,7808,183,7991,79
2021-12-10,San Bernardino,071,2135413,372537,368145,11852,379997,6007
2021-12-10,San Diego,073,3302833,395576,392274,23094,415368,4374
2021-12-10,San Francisco,075,870044,55827,54869,2450,57319,678
2021-12-10,San Joaquin,077,732212,103919,103013,5617,108630,1842
2021-12-10,San Luis Obispo,079,281455,31052,30567,1355,31922,362
2021-12-10,San Mateo,081,765935,56666,55284,996,56280,580
2021-12-10,Santa Barbara,083,443738,46776,46309,1626,47935,559
2021-12-10,Santa Clara,085,1922200,154669,152846,1677,154523,1941
2021-12-10,Santa Cruz,087,273765,21877,21557,1034,22591,225
2021-12-10,Shasta,089,179085,22816,22660,3714,26374,419
2021-12-10,Sierra,091,2930,201,199,21,220,0
2021-12-10,Siskiyou,093,43540,3481,3418,1359,4777,57
2021-12-10,Solano,095,438530,47706,46891,1346,48237,365
2021-12-10,Sonoma,097,501317,43745,43227,587,43814,407
2021-12-10,Stanislaus,099,539301,82110,82133,9301,91434,1264
2021-12-10,Sutter,101,95872,14382,14354,407,14761,187
2021-12-10,Tehama,103,63373,8873,8776,1535,10311,134
2021-12-10,Trinity,105,12862,910,819,220,1039,17
2021-12-10,Tulare,107,460477,71695,70523,16253,86776,1103
2021-12-10,Tuolumne,109,53932,7826,7760,115,7875,91
2021-12-10,Ventura,111,848112,101751,100711,4464,105175,1195
2021-12-10,Yolo,113,214977,20950,20608,1068,21676,267
2021-12-10,Yuba,115,75493,10603,10519,396,10915,92
2021-12-09,Alameda,001,1643700,124353,123572,2927,126499,1496
2021-12-09,Alpine,002,1148,106,109,0,109,0
2021-12-09,Amador,005,37829,5799,5787,71,5858,69
2021-12-09,Butte,007,227075,22027,21819,4110,25929,326
2021-12-09,Calaveras,009,45235,4518,4469,63,4532,89
2021-12-09,Colusa,011,21464,2639,2619,679,3298,21
2021-12-09,Contra Costa,013,1133247,103400,102618,2347,104965,1061
2021-12-09,Del Norte,015,27424,3805,3778,55,3833,42
2021-12-09,El Dorado,017,186661,17062,16796,1804,18600,170
2021-12-09,Fresno,019,978130,147665,145988,13254,159242,2294
2021-12-09,Glenn,021,27897,3615,3585,1051,4636,37
2021-12-09,Humboldt,023,135768,9854,9721,699,10420,118
2021-12-09,Imperial,025,180216,36190,35635,3747,39382,782
2021-12-09,Inyo,027,18085,2607,2576,39,2615,46
2021-12-09,Kern,029,883053,134044,132852,24153,157005,1854
2021-12-09,Kings,031,150075,33882,33530,2034,35564,371
2021-12-09,Lake,033,64148,6995,6932,159,7091,114
2021-12-09,Lassen,035,31185,7086,7049,424,7473,55
2021-12-09,Los Angeles,037,10098052,1487409,1474030,55770,1529800,27031
2021-12-09,Madera,039,155013,24636,24417,2324,26741,311
2021-12-09,Marin,041,260295,18538,18339,544,18883,249
2021-12-09,Mariposa,043,17540,1473,1450,61,1511,6
2021-12-09,Mendocino,045,87422,8256,8130,682,8812,95
2021-12-09,Merced,047,269075,43784,43690,2160,45850,681
2021-12-09,Modoc,049,8938,595,594,201,795,6
2021-12-09,Mono,051,14174,1949,1926,23,1949,4
2021-12-09,Monterey,053,433212,50405,49008,3296,52304,631
2021-12-09,Napa,055,140530,13514,13459,123,13582,107
2021-12-09,Nevada,057,99092,9979,9880,349,10229,106
2021-12-09,Orange,059,3164182,318512,315759,16300,332059,5805
2021-12-09,Placer,061,380077,39400,38959,3904,42863,481
2021-12-09,Plumas,063,18699,1991,1934,46,1980,12
2021-12-09,Riverside,065,2383286,380507,375649,16729,392378,5408
2021-12-09,Sacramento,067,1510023,166980,165530,5073,170603,2386
2021-12-09,San Benito,069,59416,7831,7808,182,7990,79
2021-12-09,San Bernardino,071,2135413,372022,368145,11828,379973,6007
2021-12-09,San Diego,073,3302833,394930,392274,23064,415338,4374
2021-12-09,San Francisco,075,870044,55742,54869,2443,57312,678
2021-12-09,San Joaquin,077,732212,103827,103013,5612,108625,1842
2021-12-09,San Luis Obispo,079,281455,31024,30567,1352,31919,362
2021-12-09,San Mateo,081,765935,56578,55284,994,56278,580
2021-12-09,Santa Barbara,083,443738,46696,46309,1620,47929,559
2021-12-09,Santa Clara,085,1922200,154452,152846,1666,154512,1941
2021-12-09,Santa Cruz,087,273765,21849,21557,1034,22591,225
2021-12-09,Shasta,089,179085,22800,22660,3713,26373,419
2021-12-09,Sierra,091,2930,201,199,21,220,0
2021-12-09,Siskiyou,093,43540,3477,3418,1358,4776,57
2021-12-09,Solano,095,438530,47669,46891,1344,48235,365
2021-12-09,Sonoma,097,501317,43689,43227,585,43812,407
2021-12-09,Stanislaus,099,539301,82039,82133,9286,91419,1264
2021-12-09,Sutter,101,95872,14367,14354,407,14761,187
2021-12-09,Tehama,103,63373,8866,8776,1533,10309,134
2021-12-09,Trinity,105,12862,910,819,220,1039,17
2021-12-09,Tulare,107,460477,71639,70523,16225,86748,1103
2021-12-09,Tuolumne,109,53932,7815,7760,114,7874,91
2021-12-09,Ventura,111,848112,101605,100711,4452,105163,1195
2021-12-09,Yolo,113,214977,20927,20608,1060,21668,267
2021-12-09,Yuba,115,75493,10595,10519,393,10912,92
2021-12-08,Alameda,001,1643700,124202,123438,2917,126355,1496
2021-12-08,Alpine,002,1148,106,108,0,108,0
2021-12-08,Amador,005,37829,5794,5781,71,5852,69
2021-12-08,Butte,007,227075,22010,21780,4107,25887,326
2021-12-08,Calaveras,009,45235,4510,4455,63,4518,89
2021-12-08,Colusa,011,21464,2636,2619,678,3297,21
2021-12-08,Contra Costa,013,1133247,103271,102506,2347,104853,1058
2021-12-08,Del Norte,015,27424,3804,3767,55,3822,42
2021-12-08,El Dorado,017,186661,17030,16757,1804,18561,170
2021-12-08,Fresno,019,978130,147504,145830,13240,159070,2293
2021-12-08,Glenn,021,27897,3615,3584,1048,4632,37
2021-12-08,Humboldt,023,135768,9833,9704,697,10401,117
2021-12-08,Imperial,025,180216,36109,35537,3717,39254,782
2021-12-08,Inyo,027,18085,2604,2570,39,2609,46
2021-12-08,Kern,029,883053,133922,132709,24105,156814,1846
2021-12-08,Kings,031,150075,33847,33468,2033,35501,371
2021-12-08,Lake,033,64148,6989,6927,158,7085,114
2021-12-08,Lassen,035,31185,7085,7041,422,7463,55
2021-12-08,Los Angeles,037,10098052,1485862,1472410,55659,1528069,27018
2021-12-08,Madera,039,155013,24615,24396,2317,26713,311
2021-12-08,Marin,041,260295,18517,18305,541,18846,249
2021-12-08,Mariposa,043,17540,1470,1447,61,1508,6
2021-12-08,Mendocino,045,87422,8243,8118,681,8799,95
2021-12-08,Merced,047,269075,43752,43631,2153,45784,680
2021-12-08,Modoc,049,8938,595,594,201,795,6
2021-12-08,Mono,051,14174,1943,1924,23,1947,4
2021-12-08,Monterey,053,433212,50338,48957,3283,52240,631
2021-12-08,Napa,055,140530,13500,13421,123,13544,107
2021-12-08,Nevada,057,99092,9963,9862,349,10211,106
2021-12-08,Orange,059,3164182,318164,315421,16263,331684,5795
2021-12-08,Placer,061,380077,39348,38934,3900,42834,478
2021-12-08,Plumas,063,18699,1989,1924,46,1970,12
2021-12-08,Riverside,065,2383286,379994,375099,16706,391805,5404
2021-12-08,Sacramento,067,1510023,166725,165278,5046,170324,2373
2021-12-08,San Benito,069,59416,7822,7793,182,7975,79
2021-12-08,San Bernardino,071,2135413,371540,367516,11804,379320,6006
2021-12-08,San Diego,073,3302833,394280,391676,23033,414709,4369
2021-12-08,San Francisco,075,870044,55655,54792,2435,57227,677
2021-12-08,San Joaquin,077,732212,103725,102877,5603,108480,1841
2021-12-08,San Luis Obispo,079,281455,30975,30519,1347,31866,361
2021-12-08,San Mateo,081,765935,56511,55220,988,56208,580
2021-12-08,Santa Barbara,083,443738,46641,46250,1617,47867,558
2021-12-08,Santa Clara,085,1922200,154289,152674,1655,154329,1937
2021-12-08,Santa Cruz,087,273765,21802,21505,1032,22537,224
2021-12-08,Shasta,089,179085,22780,22616,3707,26323,419
2021-12-08,Sierra,091,2930,201,199,21,220,0
2021-12-08,Siskiyou,093,43540,3476,3415,1356,4771,57
2021-12-08,Solano,095,438530,47639,46837,1343,48180,365
2021-12-08,Sonoma,097,501317,43627,43179,584,43763,405
2021-12-08,Stanislaus,099,539301,81958,82038,9273,91311,1264
2021-12-08,Sutter,101,95872,14351,14336,405,14741,187
2021-12-08,Tehama,103,63373,8857,8768,1533,10301,133
2021-12-08,Trinity,105,12862,910,818,220,1038,17
2021-12-08,Tulare,107,460477,71576,70472,16200,86672,1102
2021-12-08,Tuolumne,109,53932,7802,7749,114,7863,91
2021-12-08,Ventura,111,848112,101476,100647,4449,105096,1194
2021-12-08,Yolo,113,214977,20900,20575,1055,21630,267
2021-12-08,Yuba,115,75493,10581,10499,390,10889,92
2021-12-07,Alameda,001,1643700,124027,123325,2909,126234,1497
2021-12-07,Alpine,002,1148,106,108,0,108,0
2021-12-07,Amador,005,37829,5791,5778,70,5848,69
2021-12-07,Butte,007,227075,21986,21761,4101,25862,324
2021-12-07,Calaveras,009,45235,4493,4445,63,4508,88
2021-12-07,Colusa,011,21464,2634,2619,678,3297,21
2021-12-07,Contra Costa,013,1133247,103150,102421,2339,104760,1058
2021-12-07,Del Norte,015,27424,3803,3766,55,3821,42
2021-12-07,El Dorado,017,186661,17005,16742,1801,18543,170
2021-12-07,Fresno,019,978130,147355,145715,13226,158941,2289
2021-12-07,Glenn,021,27897,3614,3579,1048,4627,36
2021-12-07,Humboldt,023,135768,9807,9693,692,10385,117
2021-12-07,Imperial,025,180216,36031,35502,3696,39198,778
2021-12-07,Inyo,027,18085,2601,2567,39,2606,46
2021-12-07,Kern,029,883053,133762,132564,24052,156616,1838
2021-12-07,Kings,031,150075,33815,33441,2030,35471,372
2021-12-07,Lake,033,64148,6985,6925,158,7083,113
2021-12-07,Lassen,035,31185,7083,7040,421,7461,55
2021-12-07,Los Angeles,037,10098052,1484086,1470904,55559,1526463,27007
2021-12-07,Madera,039,155013,24592,24367,2310,26677,311
2021-12-07,Marin,041,260295,18484,18284,536,18820,249
2021-12-07,Mariposa,043,17540,1468,1446,61,1507,6
2021-12-07,Mendocino,045,87422,8224,8107,681,8788,95
2021-12-07,Merced,047,269075,43711,43600,2146,45746,675
2021-12-07,Modoc,049,8938,595,594,200,794,6
2021-12-07,Mono,051,14174,1941,1921,23,1944,4
2021-12-07,Monterey,053,433212,50254,48880,3265,52145,631
2021-12-07,Napa,055,140530,13481,13409,123,13532,107
2021-12-07,Nevada,057,99092,9948,9858,348,10206,105
2021-12-07,Orange,059,3164182,317829,315138,16214,331352,5784
2021-12-07,Placer,061,380077,39273,38860,3896,42756,474
2021-12-07,Plumas,063,18699,1985,1915,46,1961,12
2021-12-07,Riverside,065,2383286,379462,374552,16690,391242,5397
2021-12-07,Sacramento,067,1510023,166477,165148,5032,170180,2375
2021-12-07,San Benito,069,59416,7805,7776,182,7958,78
2021-12-07,San Bernardino,071,2135413,370947,366981,11786,378767,6007
2021-12-07,San Diego,073,3302833,393436,391110,22995,414105,4357
2021-12-07,San Francisco,075,870044,55543,54729,2430,57159,676
2021-12-07,San Joaquin,077,732212,103608,102797,5591,108388,1839
2021-12-07,San Luis Obispo,079,281455,30935,30495,1345,31840,361
2021-12-07,San Mateo,081,765935,56419,55163,982,56145,580
2021-12-07,Santa Barbara,083,443738,46569,46205,1615,47820,556
2021-12-07,Santa Clara,085,1922200,154104,152465,1646,154111,1941
2021-12-07,Santa Cruz,087,273765,21755,21493,1032,22525,224
2021-12-07,Shasta,089,179085,22758,22594,3704,26298,418
2021-12-07,Sierra,091,2930,201,199,21,220,0
2021-12-07,Siskiyou,093,43540,3474,3412,1356,4768,57
2021-12-07,Solano,095,438530,47599,46812,1341,48153,365
2021-12-07,Sonoma,097,501317,43552,43154,583,43737,405
2021-12-07,Stanislaus,099,539301,81880,81980,9262,91242,1258
2021-12-07,Sutter,101,95872,14343,14322,404,14726,186
2021-12-07,Tehama,103,63373,8849,8765,1532,10297,133
2021-12-07,Trinity,105,12862,910,818,220,1038,17
2021-12-07,Tulare,107,460477,71521,70411,16173,86584,1103
2021-12-07,Tuolumne,109,53932,7794,7743,114,7857,91
2021-12-07,Ventura,111,848112,101379,100569,4439,105008,1194
2021-12-07,Yolo,113,214977,20873,20560,1053,21613,263
2021-12-07,Yuba,115,75493,10564,10491,389,10880,91
2021-12-06,Alameda,001,1643700,123861,123227,2905,126132,1496
2021-12-06,Alpine,002,1148,106,108,0,108,0
2021-12-06,Amador,005,37829,5784,5769,69,5838,67
2021-12-06,Butte,007,227075,21968,21732,4098,25830,321
2021-12-06,Calaveras,009,45235,4486,4443,63,4506,88
2021-12-06,Colusa,011,21464,2633,2615,674,3289,21
2021-12-06,Contra Costa,013,1133247,103030,102327,2335,104662,1058
2021-12-06,Del Norte,015,27424,3801,3744,55,3799,42
2021-12-06,El Dorado,017,186661,16980,16726,1799,18525,168
2021-12-06,Fresno,019,978130,147158,145539,13214,158753,2285
2021-12-06,Glenn,021,27897,3611,3577,1047,4624,36
2021-12-06,Humboldt,023,135768,9786,9671,685,10356,117
2021-12-06,Imperial,025,180216,35950,35453,3678,39131,778
2021-12-06,Inyo,027,18085,2595,2562,38,2600,46
2021-12-06,Kern,029,883053,133574,132366,23996,156362,1835
2021-12-06,Kings,031,150075,33782,33399,2025,35424,368
2021-12-06,Lake,033,64148,6981,6922,158,7080,113
2021-12-06,Lassen,035,31185,7078,7032,419,7451,51
2021-12-06,Los Angeles,037,10098052,1482424,1470059,55466,1525525,26993
2021-12-06,Madera,039,155013,24565,24334,2307,26641,307
2021-12-06,Marin,041,260295,18456,18252,534,18786,249
2021-12-06,Mariposa,043,17540,1465,1443,61,1504,6
2021-12-06,Mendocino,045,87422,8211,8079,677,8756,95
2021-12-06,Merced,047,269075,43671,43549,2136,45685,672
2021-12-06,Modoc,049,8938,595,593,200,793,6
2021-12-06,Mono,051,14174,1936,1913,23,1936,4
2021-12-06,Monterey,053,433212,50176,48831,3246,52077,626
2021-12-06,Napa,055,140530,13458,13387,121,13508,107
2021-12-06,Nevada,057,99092,9920,9847,347,10194,105
2021-12-06,Orange,059,3164182,317449,314859,16171,331030,5771
2021-12-06,Placer,061,380077,39220,38785,3891,42676,473
2021-12-06,Plumas,063,18699,1977,1913,46,1959,10
2021-12-06,Riverside,065,2383286,378937,374116,16676,390792,5388
2021-12-06,Sacramento,067,1510023,166201,164926,5011,169937,2367
2021-12-06,San Benito,069,59416,7789,7755,182,7937,78
2021-12-06,San Bernardino,071,2135413,370387,366606,11759,378365,5998
2021-12-06,San Diego,073,3302833,392590,390389,22950,413339,4352
2021-12-06,San Francisco,075,870044,55433,54659,2425,57084,674
2021-12-06,San Joaquin,077,732212,103480,102728,5584,108312,1837
2021-12-06,San Luis Obispo,079,281455,30898,30464,1343,31807,361
2021-12-06,San Mateo,081,765935,56345,55112,979,56091,580
2021-12-06,Santa Barbara,083,443738,46476,46146,1614,47760,556
2021-12-06,Santa Clara,085,1922200,153894,152310,1629,153939,1937
2021-12-06,Santa Cruz,087,273765,21720,21450,1029,22479,224
2021-12-06,Shasta,089,179085,22735,22556,3696,26252,416
2021-12-06,Sierra,091,2930,200,198,21,219,0
2021-12-06,Siskiyou,093,43540,3472,3409,1351,4760,57
2021-12-06,Solano,095,438530,47554,46748,1340,48088,360
2021-12-06,Sonoma,097,501317,43481,43114,575,43689,405
2021-12-06,Stanislaus,099,539301,81783,81889,9228,91117,1241
2021-12-06,Sutter,101,95872,14331,14319,404,14723,186
2021-12-06,Tehama,103,63373,8841,8760,1532,10292,133
2021-12-06,Trinity,105,12862,910,815,219,1034,17
2021-12-06,Tulare,107,460477,71444,70285,16133,86418,1101
2021-12-06,Tuolumne,109,53932,7780,7726,114,7840,91
2021-12-06,Ventura,111,848112,101278,100426,4431,104857,1194
2021-12-06,Yolo,113,214977,20848,20548,1053,21601,263
2021-12-06,Yuba,115,75493,10549,10480,384,10864,91
2021-12-05,Alameda,001,1643700,123676,123104,2898,126002,1496
2021-12-05,Alpine,002,1148,105,108,0,108,0
2021-12-05,Amador,005,37829,5781,5761,69,5830,67
2021-12-05,Butte,007,227075,21934,21720,4092,25812,320
2021-12-05,Calaveras,009,45235,4470,4434,63,4497,88
2021-12-05,Colusa,011,21464,2632,2615,673,3288,21
2021-12-05,Contra Costa,013,1133247,102897,102251,2325,104576,1058
2021-12-05,Del Norte,015,27424,3799,3751,55,3806,42
2021-12-05,El Dorado,017,186661,16941,16717,1794,18511,168
2021-12-05,Fresno,019,978130,146984,145452,13193,158645,2284
2021-12-05,Glenn,021,27897,3609,3577,1046,4623,36
2021-12-05,Humboldt,023,135768,9755,9662,682,10344,117
2021-12-05,Imperial,025,180216,35855,35422,3649,39071,778
2021-12-05,Inyo,027,18085,2588,2559,38,2597,46
2021-12-05,Kern,029,883053,133410,132286,23944,156230,1833
2021-12-05,Kings,031,150075,33718,33360,2025,35385,369
2021-12-05,Lake,033,64148,6977,6919,157,7076,113
2021-12-05,Lassen,035,31185,7076,7031,419,7450,51
2021-12-05,Los Angeles,037,10098052,1480578,1468937,55332,1524269,26991
2021-12-05,Madera,039,155013,24524,24311,2304,26615,307
2021-12-05,Marin,041,260295,18409,18216,526,18742,249
2021-12-05,Mariposa,043,17540,1462,1440,60,1500,6
2021-12-05,Mendocino,045,87422,8192,8069,671,8740,95
2021-12-05,Merced,047,269075,43626,43534,2127,45661,672
2021-12-05,Modoc,049,8938,595,593,200,793,6
2021-12-05,Mono,051,14174,1929,1907,23,1930,4
2021-12-05,Monterey,053,433212,50104,48813,3214,52027,626
2021-12-05,Napa,055,140530,13432,13382,118,13500,107
2021-12-05,Nevada,057,99092,9899,9827,346,10173,105
2021-12-05,Orange,059,3164182,317012,314560,16129,330689,5771
2021-12-05,Placer,061,380077,39161,38738,3882,42620,473
2021-12-05,Plumas,063,18699,1973,1913,45,1958,9
2021-12-05,Riverside,065,2383286,378279,373827,16646,390473,5388
2021-12-05,Sacramento,067,1510023,165897,164721,4993,169714,2367
2021-12-05,San Benito,069,59416,7772,7748,181,7929,78
2021-12-05,San Bernardino,071,2135413,369680,366282,11712,377994,5998
2021-12-05,San Diego,073,3302833,391796,387979,22901,410880,4351
2021-12-05,San Francisco,075,870044,55330,54603,2423,57026,674
2021-12-05,San Joaquin,077,732212,103339,102698,5579,108277,1837
2021-12-05,San Luis Obispo,079,281455,30828,30454,1340,31794,360
2021-12-05,San Mateo,081,765935,56256,55050,969,56019,580
2021-12-05,Santa Barbara,083,443738,46393,46097,1606,47703,555
2021-12-05,Santa Clara,085,1922200,153640,152114,1611,153725,1933
2021-12-05,Santa Cruz,087,273765,21670,21424,1029,22453,224
2021-12-05,Shasta,089,179085,22678,22550,3695,26245,416
2021-12-05,Sierra,091,2930,200,198,21,219,0
2021-12-05,Siskiyou,093,43540,3470,3409,1350,4759,57
2021-12-05,Solano,095,438530,47491,46715,1338,48053,360
2021-12-05,Sonoma,097,501317,43404,43038,570,43608,405
2021-12-05,Stanislaus,099,539301,81646,81847,9218,91065,1241
2021-12-05,Sutter,101,95872,14308,14303,399,14702,186
2021-12-05,Tehama,103,63373,8833,8755,1530,10285,133
2021-12-05,Trinity,105,12862,909,815,219,1034,17
2021-12-05,Tulare,107,460477,71362,70254,16085,86339,1102
2021-12-05,Tuolumne,109,53932,7767,7718,114,7832,91
2021-12-05,Ventura,111,848112,101143,100367,4418,104785,1194
2021-12-05,Yolo,113,214977,20805,20512,1052,21564,263
2021-12-05,Yuba,115,75493,10536,10467,377,10844,91
2021-12-04,Alameda,001,1643700,123562,122508,2895,125403,1494
2021-12-04,Alpine,002,1148,105,108,0,108,0
2021-12-04,Amador,005,37829,5778,5729,69,5798,67
2021-12-04,Butte,007,227075,21915,21638,4088,25726,318
2021-12-04,Calaveras,009,45235,4462,4392,62,4454,88
2021-12-04,Colusa,011,21464,2632,2600,671,3271,21
2021-12-04,Contra Costa,013,1133247,102825,101824,2319,104143,1056
2021-12-04,Del Norte,015,27424,3796,3726,55,3781,42
2021-12-04,El Dorado,017,186661,16932,16621,1794,18415,168
2021-12-04,Fresno,019,978130,146894,144734,13185,157919,2270
2021-12-04,Glenn,021,27897,3609,3559,1046,4605,36
2021-12-04,Humboldt,023,135768,9740,9596,678,10274,117
2021-12-04,Imperial,025,180216,35801,35206,3636,38842,776
2021-12-04,Inyo,027,18085,2583,2538,38,2576,46
2021-12-04,Kern,029,883053,133330,131771,23921,155692,1817
2021-12-04,Kings,031,150075,33695,33183,2024,35207,367
2021-12-04,Lake,033,64148,6968,6903,157,7060,113
2021-12-04,Lassen,035,31185,7075,7014,417,7431,51
2021-12-04,Los Angeles,037,10098052,1479701,1463270,55254,1518524,26952
2021-12-04,Madera,039,155013,24510,24188,2300,26488,307
2021-12-04,Marin,041,260295,18388,18075,525,18600,249
2021-12-04,Mariposa,043,17540,1458,1421,60,1481,6
2021-12-04,Mendocino,045,87422,8187,7981,671,8652,91
2021-12-04,Merced,047,269075,43599,43337,2125,45462,671
2021-12-04,Modoc,049,8938,595,591,200,791,6
2021-12-04,Mono,051,14174,1929,1883,23,1906,4
2021-12-04,Monterey,053,433212,50072,48682,3207,51889,626
2021-12-04,Napa,055,140530,13422,13327,117,13444,106
2021-12-04,Nevada,057,99092,9891,9752,346,10098,105
2021-12-04,Orange,059,3164182,316780,313112,16103,329215,5748
2021-12-04,Placer,061,380077,39119,38460,3875,42335,473
2021-12-04,Plumas,063,18699,1970,1903,45,1948,7
2021-12-04,Riverside,065,2383286,377920,371768,16640,388408,5381
2021-12-04,Sacramento,067,1510023,165753,163900,4985,168885,2365
2021-12-04,San Benito,069,59416,7746,7688,181,7869,78
2021-12-04,San Bernardino,071,2135413,369291,364154,11699,375853,5983
2021-12-04,San Diego,073,3302833,391319,386710,22871,409581,4350
2021-12-04,San Francisco,075,870044,55262,54286,2420,56706,674
2021-12-04,San Joaquin,077,732212,103284,102286,5577,107863,1835
2021-12-04,San Luis Obispo,079,281455,30807,30318,1336,31654,360
2021-12-04,San Mateo,081,765935,56207,54774,966,55740,579
2021-12-04,Santa Barbara,083,443738,46348,45774,1606,47380,555
2021-12-04,Santa Clara,085,1922200,153486,151275,1597,152872,1928
2021-12-04,Santa Cruz,087,273765,21644,21286,1028,22314,224
2021-12-04,Shasta,089,179085,22661,22418,3693,26111,414
2021-12-04,Sierra,091,2930,200,196,21,217,0
2021-12-04,Siskiyou,093,43540,3468,3398,1350,4748,57
2021-12-04,Solano,095,438530,47471,46529,1337,47866,360
2021-12-04,Sonoma,097,501317,43359,42778,567,43345,405
2021-12-04,Stanislaus,099,539301,81574,81462,9211,90673,1231
2021-12-04,Sutter,101,95872,14300,14258,398,14656,186
2021-12-04,Tehama,103,63373,8831,8742,1530,10272,131
2021-12-04,Trinity,105,12862,908,801,219,1020,17
2021-12-04,Tulare,107,460477,71324,70014,16056,86070,1100
2021-12-04,Tuolumne,109,53932,7762,7676,114,7790,91
2021-12-04,Ventura,111,848112,101052,99751,4414,104165,1192
2021-12-04,Yolo,113,214977,20782,20442,1050,21492,261
2021-12-04,Yuba,115,75493,10525,10418,376,10794,91
2021-12-03,Alameda,001,1643700,123468,122508,2885,125393,1494
2021-12-03,Alpine,002,1148,105,108,0,108,0
2021-12-03,Amador,005,37829,5773,5729,68,5797,67
2021-12-03,Butte,007,227075,21902,21638,4083,25721,318
2021-12-03,Calaveras,009,45235,4453,4392,62,4454,88
2021-12-03,Colusa,011,21464,2630,2600,671,3271,21
2021-12-03,Contra Costa,013,1133247,102752,101824,2313,104137,1056
2021-12-03,Del Norte,015,27424,3794,3726,55,3781,42
2021-12-03,El Dorado,017,186661,16903,16621,1792,18413,168
2021-12-03,Fresno,019,978130,146780,144734,13182,157916,2270
2021-12-03,Glenn,021,27897,3608,3559,1045,4604,36
2021-12-03,Humboldt,023,135768,9723,9596,676,10272,117
2021-12-03,Imperial,025,180216,35759,35206,3606,38812,776
2021-12-03,Inyo,027,18085,2576,2538,38,2576,46
2021-12-03,Kern,029,883053,133258,131771,23886,155657,1817
2021-12-03,Kings,031,150075,33668,33183,2024,35207,367
2021-12-03,Lake,033,64148,6968,6903,157,7060,113
2021-12-03,Lassen,035,31185,7073,7014,416,7430,51
2021-12-03,Los Angeles,037,10098052,1478755,1463270,55179,1518449,26952
2021-12-03,Madera,039,155013,24484,24188,2296,26484,307
2021-12-03,Marin,041,260295,18354,18075,521,18596,249
2021-12-03,Mariposa,043,17540,1456,1421,60,1481,6
2021-12-03,Mendocino,045,87422,8180,7981,671,8652,91
2021-12-03,Merced,047,269075,43576,43337,2122,45459,671
2021-12-03,Modoc,049,8938,595,591,200,791,6
2021-12-03,Mono,051,14174,1923,1883,23,1906,4
2021-12-03,Monterey,053,433212,50033,48682,3196,51878,626
2021-12-03,Napa,055,140530,13410,13327,117,13444,106
2021-12-03,Nevada,057,99092,9880,9752,346,10098,105
2021-12-03,Orange,059,3164182,316511,313112,16071,329183,5748
2021-12-03,Placer,061,380077,39081,38460,3869,42329,473
2021-12-03,Plumas,063,18699,1967,1903,45,1948,7
2021-12-03,Riverside,065,2383286,377529,371768,16634,388402,5381
2021-12-03,Sacramento,067,1510023,165572,163900,4971,168871,2365
2021-12-03,San Benito,069,59416,7739,7688,181,7869,78
2021-12-03,San Bernardino,071,2135413,368843,364154,11688,375842,5983
2021-12-03,San Diego,073,3302833,390843,386710,22847,409557,4350
2021-12-03,San Francisco,075,870044,55192,54286,2416,56702,674
2021-12-03,San Joaquin,077,732212,103228,102286,5576,107862,1835
2021-12-03,San Luis Obispo,079,281455,30781,30318,1333,31651,360
2021-12-03,San Mateo,081,765935,56142,54774,963,55737,579
2021-12-03,Santa Barbara,083,443738,46312,45774,1606,47380,555
2021-12-03,Santa Clara,085,1922200,153306,151275,1583,152858,1928
2021-12-03,Santa Cruz,087,273765,21617,21286,1028,22314,224
2021-12-03,Shasta,089,179085,22646,22418,3693,26111,414
2021-12-03,Sierra,091,2930,200,196,21,217,0
2021-12-03,Siskiyou,093,43540,3465,3398,1348,4746,57
2021-12-03,Solano,095,438530,47429,46529,1336,47865,360
2021-12-03,Sonoma,097,501317,43323,42778,565,43343,405
2021-12-03,Stanislaus,099,539301,81517,81462,9202,90664,1231
2021-12-03,Sutter,101,95872,14287,14258,396,14654,186
2021-12-03,Tehama,103,63373,8830,8742,1529,10271,131
2021-12-03,Trinity,105,12862,908,801,219,1020,17
2021-12-03,Tulare,107,460477,71285,70014,16025,86039,1100
2021-12-03,Tuolumne,109,53932,7753,7676,114,7790,91
2021-12-03,Ventura,111,848112,100966,99751,4407,104158,1192
2021-12-03,Yolo,113,214977,20765,20442,1049,21491,261
2021-12-03,Yuba,115,75493,10517,10418,376,10794,91
2021-12-02,Alameda,001,1643700,123310,122508,2878,125386,1494
2021-12-02,Alpine,002,1148,105,108,0,108,0
2021-12-02,Amador,005,37829,5768,5729,67,5796,67
2021-12-02,Butte,007,227075,21877,21638,4078,25716,318
2021-12-02,Calaveras,009,45235,4443,4392,61,4453,88
2021-12-02,Colusa,011,21464,2629,2600,671,3271,21
2021-12-02,Contra Costa,013,1133247,102638,101824,2309,104133,1056
2021-12-02,Del Norte,015,27424,3786,3726,55,3781,42
2021-12-02,El Dorado,017,186661,16882,16621,1790,18411,168
2021-12-02,Fresno,019,978130,146610,144734,13168,157902,2270
2021-12-02,Glenn,021,27897,3608,3559,1042,4601,36
2021-12-02,Humboldt,023,135768,9704,9596,675,10271,117
2021-12-02,Imperial,025,180216,35691,35206,3584,38790,776
2021-12-02,Inyo,027,18085,2571,2538,38,2576,46
2021-12-02,Kern,029,883053,133088,131771,23834,155605,1817
2021-12-02,Kings,031,150075,33614,33183,2022,35205,367
2021-12-02,Lake,033,64148,6964,6903,157,7060,113
2021-12-02,Lassen,035,31185,7069,7014,416,7430,51
2021-12-02,Los Angeles,037,10098052,1477238,1463270,55091,1518361,26952
2021-12-02,Madera,039,155013,24447,24188,2287,26475,307
2021-12-02,Marin,041,260295,18324,18075,517,18592,249
2021-12-02,Mariposa,043,17540,1453,1421,60,1481,6
2021-12-02,Mendocino,045,87422,8164,7981,670,8651,91
2021-12-02,Merced,047,269075,43530,43337,2117,45454,671
2021-12-02,Modoc,049,8938,594,591,200,791,6
2021-12-02,Mono,051,14174,1917,1883,23,1906,4
2021-12-02,Monterey,053,433212,49957,48682,3175,51857,626
2021-12-02,Napa,055,140530,13397,13327,117,13444,106
2021-12-02,Nevada,057,99092,9862,9752,345,10097,105
2021-12-02,Orange,059,3164182,316167,313112,16034,329146,5748
2021-12-02,Placer,061,380077,39013,38460,3864,42324,473
2021-12-02,Plumas,063,18699,1964,1903,45,1948,7
2021-12-02,Riverside,065,2383286,377000,371768,16624,388392,5381
2021-12-02,Sacramento,067,1510023,165345,163900,4961,168861,2365
2021-12-02,San Benito,069,59416,7719,7688,181,7869,78
2021-12-02,San Bernardino,071,2135413,368289,364154,11668,375822,5983
2021-12-02,San Diego,073,3302833,390203,386710,22792,409502,4350
2021-12-02,San Francisco,075,870044,55097,54286,2411,56697,674
2021-12-02,San Joaquin,077,732212,103114,102286,5571,107857,1835
2021-12-02,San Luis Obispo,079,281455,30747,30318,1326,31644,360
2021-12-02,San Mateo,081,765935,56061,54774,955,55729,579
2021-12-02,Santa Barbara,083,443738,46231,45774,1603,47377,555
2021-12-02,Santa Clara,085,1922200,153061,151275,1566,152841,1928
2021-12-02,Santa Cruz,087,273765,21566,21286,1027,22313,224
2021-12-02,Shasta,089,179085,22613,22418,3692,26110,414
2021-12-02,Sierra,091,2930,200,196,21,217,0
2021-12-02,Siskiyou,093,43540,3464,3398,1341,4739,57
2021-12-02,Solano,095,438530,47379,46529,1334,47863,360
2021-12-02,Sonoma,097,501317,43249,42778,565,43343,405
2021-12-02,Stanislaus,099,539301,81422,81462,9194,90656,1231
2021-12-02,Sutter,101,95872,14274,14258,393,14651,186
2021-12-02,Tehama,103,63373,8823,8742,1527,10269,131
2021-12-02,Trinity,105,12862,908,801,219,1020,17
2021-12-02,Tulare,107,460477,71198,70014,15975,85989,1100
2021-12-02,Tuolumne,109,53932,7738,7676,113,7789,91
2021-12-02,Ventura,111,848112,100841,99751,4405,104156,1192
2021-12-02,Yolo,113,214977,20737,20442,1049,21491,261
2021-12-02,Yuba,115,75493,10501,10418,373,10791,91
2021-12-01,Alameda,001,1643700,123159,122298,2869,125167,1492
2021-12-01,Alpine,002,1148,105,108,0,108,0
2021-12-01,Amador,005,37829,5761,5723,67,5790,67
2021-12-01,Butte,007,227075,21859,21600,4073,25673,318
2021-12-01,Calaveras,009,45235,4438,4371,61,4432,88
2021-12-01,Colusa,011,21464,2622,2595,669,3264,20
2021-12-01,Contra Costa,013,1133247,102530,101651,2299,103950,1048
2021-12-01,Del Norte,015,27424,3784,3722,55,3777,42
2021-12-01,El Dorado,017,186661,16861,16575,1788,18363,166
2021-12-01,Fresno,019,978130,146402,144507,13156,157663,2264
2021-12-01,Glenn,021,27897,3602,3556,1041,4597,36
2021-12-01,Humboldt,023,135768,9680,9573,670,10243,117
2021-12-01,Imperial,025,180216,35611,35085,3557,38642,776
2021-12-01,Inyo,027,18085,2567,2533,38,2571,46
2021-12-01,Kern,029,883053,132940,131580,23780,155360,1804
2021-12-01,Kings,031,150075,33564,33112,2021,35133,364
2021-12-01,Lake,033,64148,6956,6896,156,7052,112
2021-12-01,Lassen,035,31185,7064,7008,414,7422,51
2021-12-01,Los Angeles,037,10098052,1475647,1461394,54997,1516391,26928
2021-12-01,Madera,039,155013,24416,24134,2278,26412,307
2021-12-01,Marin,041,260295,18286,18038,511,18549,249
2021-12-01,Mariposa,043,17540,1449,1415,60,1475,6
2021-12-01,Mendocino,045,87422,8150,7966,665,8631,90
2021-12-01,Merced,047,269075,43474,43259,2096,45355,670
2021-12-01,Modoc,049,8938,594,576,200,776,5
2021-12-01,Mono,051,14174,1912,1876,23,1899,4
2021-12-01,Monterey,053,433212,49908,48611,3166,51777,626
2021-12-01,Napa,055,140530,13380,13319,114,13433,107
2021-12-01,Nevada,057,99092,9849,9706,345,10051,105
2021-12-01,Orange,059,3164182,315800,312772,15998,328770,5735
2021-12-01,Placer,061,380077,38956,38373,3858,42231,472
2021-12-01,Plumas,063,18699,1960,1893,45,1938,7
2021-12-01,Riverside,065,2383286,376475,371189,16607,387796,5369
2021-12-01,Sacramento,067,1510023,165132,163616,4944,168560,2360
2021-12-01,San Benito,069,59416,7705,7669,181,7850,78
2021-12-01,San Bernardino,071,2135413,367695,363368,11642,375010,5973
2021-12-01,San Diego,073,3302833,389406,386056,22736,408792,4346
2021-12-01,San Francisco,075,870044,55015,54199,2404,56603,672
2021-12-01,San Joaquin,077,732212,103006,102109,5570,107679,1834
2021-12-01,San Luis Obispo,079,281455,30705,30238,1322,31560,360
2021-12-01,San Mateo,081,765935,55980,54711,952,55663,579
2021-12-01,Santa Barbara,083,443738,46161,45681,1601,47282,554
2021-12-01,Santa Clara,085,1922200,152839,150961,1548,152509,1925
2021-12-01,Santa Cruz,087,273765,21537,21191,1026,22217,224
2021-12-01,Shasta,089,179085,22582,22375,3686,26061,410
2021-12-01,Sierra,091,2930,200,195,21,216,0
2021-12-01,Siskiyou,093,43540,3461,3391,1341,4732,55
2021-12-01,Solano,095,438530,47334,46485,1334,47819,360
2021-12-01,Sonoma,097,501317,43174,42713,564,43277,405
2021-12-01,Stanislaus,099,539301,81325,81330,9181,90511,1231
2021-12-01,Sutter,101,95872,14259,14229,392,14621,186
2021-12-01,Tehama,103,63373,8813,8728,1527,10255,130
2021-12-01,Trinity,105,12862,903,801,219,1020,17
2021-12-01,Tulare,107,460477,71123,69953,15935,85888,1098
2021-12-01,Tuolumne,109,53932,7730,7655,113,7768,91
2021-12-01,Ventura,111,848112,100735,99680,4394,104074,1191
2021-12-01,Yolo,113,214977,20709,20393,1049,21442,260
2021-12-01,Yuba,115,75493,10490,10401,373,10774,89
2021-11-30,Alameda,001,1643700,122987,122196,2861,125057,1489
2021-11-30,Alpine,002,1148,105,108,0,108,0
2021-11-30,Amador,005,37829,5753,5716,67,5783,66
2021-11-30,Butte,007,227075,21830,21565,4062,25627,318
2021-11-30,Calaveras,009,45235,4420,4360,61,4421,88
2021-11-30,Colusa,011,21464,2621,2592,669,3261,21
2021-11-30,Contra Costa,013,1133247,102396,101538,2292,103830,1046
2021-11-30,Del Norte,015,27424,3778,3718,55,3773,42
2021-11-30,El Dorado,017,186661,16833,16558,1782,18340,166
2021-11-30,Fresno,019,978130,146202,144384,13146,157530,2259
2021-11-30,Glenn,021,27897,3597,3555,1040,4595,36
2021-11-30,Humboldt,023,135768,9649,9539,664,10203,116
2021-11-30,Imperial,025,180216,35503,34999,3530,38529,773
2021-11-30,Inyo,027,18085,2558,2530,38,2568,46
2021-11-30,Kern,029,883053,132771,131451,23725,155176,1799
2021-11-30,Kings,031,150075,33512,33074,2017,35091,362
2021-11-30,Lake,033,64148,6950,6892,154,7046,110
2021-11-30,Lassen,035,31185,7060,7003,413,7416,51
2021-11-30,Los Angeles,037,10098052,1473850,1460177,54896,1515073,26913
2021-11-30,Madera,039,155013,24382,24108,2273,26381,307
2021-11-30,Marin,041,260295,18243,18010,509,18519,249
2021-11-30,Mariposa,043,17540,1443,1412,60,1472,6
2021-11-30,Mendocino,045,87422,8121,7960,659,8619,89
2021-11-30,Merced,047,269075,43406,43200,2088,45288,668
2021-11-30,Modoc,049,8938,593,576,200,776,5
2021-11-30,Mono,051,14174,1909,1873,23,1896,4
2021-11-30,Monterey,053,433212,49845,48581,3155,51736,626
2021-11-30,Napa,055,140530,13360,13308,114,13422,105
2021-11-30,Nevada,057,99092,9833,9699,344,10043,105
2021-11-30,Orange,059,3164182,315379,312451,15956,328407,5724
2021-11-30,Placer,061,380077,38855,38324,3849,42173,470
2021-11-30,Plumas,063,18699,1955,1887,44,1931,7
2021-11-30,Riverside,065,2383286,375791,370739,16582,387321,5358
2021-11-30,Sacramento,067,1510023,164850,163420,4922,168342,2353
2021-11-30,San Benito,069,59416,7683,7645,180,7825,78
2021-11-30,San Bernardino,071,2135413,367007,363006,11619,374625,5967
2021-11-30,San Diego,073,3302833,388479,385405,22689,408094,4340
2021-11-30,San Francisco,075,870044,54909,54147,2395,56542,672
2021-11-30,San Joaquin,077,732212,102879,101972,5562,107534,1834
2021-11-30,San Luis Obispo,079,281455,30680,30200,1320,31520,360
2021-11-30,San Mateo,081,765935,55875,54656,942,55598,579
2021-11-30,Santa Barbara,083,443738,46065,45628,1595,47223,553
2021-11-30,Santa Clara,085,1922200,152582,150799,1531,152330,1929
2021-11-30,Santa Cruz,087,273765,21478,21169,1022,22191,224
2021-11-30,Shasta,089,179085,22552,22347,3683,26030,401
2021-11-30,Sierra,091,2930,197,195,21,216,0
2021-11-30,Siskiyou,093,43540,3457,3385,1338,4723,55
2021-11-30,Solano,095,438530,47270,46434,1328,47762,358
2021-11-30,Sonoma,097,501317,43095,42663,561,43224,405
2021-11-30,Stanislaus,099,539301,81221,81276,9153,90429,1227
2021-11-30,Sutter,101,95872,14248,14210,389,14599,186
2021-11-30,Tehama,103,63373,8806,8727,1526,10253,130
2021-11-30,Trinity,105,12862,902,799,219,1018,17
2021-11-30,Tulare,107,460477,71037,69900,15889,85789,1099
2021-11-30,Tuolumne,109,53932,7715,7643,113,7756,91
2021-11-30,Ventura,111,848112,100581,99601,4383,103984,1191
2021-11-30,Yolo,113,214977,20664,20376,1046,21422,260
2021-11-30,Yuba,115,75493,10471,10398,368,10766,89
2021-11-29,Alameda,001,1643700,122826,122136,2852,124988,1489
2021-11-29,Alpine,002,1148,105,108,0,108,0
2021-11-29,Amador,005,37829,5746,5706,67,5773,66
2021-11-29,Butte,007,227075,21799,21544,4055,25599,314
2021-11-29,Calaveras,009,45235,4404,4353,61,4414,88
2021-11-29,Colusa,011,21464,2619,2585,666,3251,20
2021-11-29,Contra Costa,013,1133247,102247,101441,2284,103725,1046
2021-11-29,Del Norte,015,27424,3775,3704,55,3759,42
2021-11-29,El Dorado,017,186661,16816,16534,1778,18312,166
2021-11-29,Fresno,019,978130,145995,144282,13122,157404,2254
2021-11-29,Glenn,021,27897,3594,3555,1039,4594,36
2021-11-29,Humboldt,023,135768,9632,9514,657,10171,115
2021-11-29,Imperial,025,180216,35438,34960,3509,38469,773
2021-11-29,Inyo,027,18085,2553,2529,38,2567,46
2021-11-29,Kern,029,883053,132587,131362,23684,155046,1789
2021-11-29,Kings,031,150075,33459,33059,2013,35072,363
2021-11-29,Lake,033,64148,6938,6889,154,7043,110
2021-11-29,Lassen,035,31185,7057,7003,411,7414,51
2021-11-29,Los Angeles,037,10098052,1472002,1459446,54811,1514257,26889
2021-11-29,Madera,039,155013,24346,24069,2265,26334,307
2021-11-29,Marin,041,260295,18195,17980,504,18484,249
2021-11-29,Mariposa,043,17540,1435,1409,60,1469,6
2021-11-29,Mendocino,045,87422,8104,7954,655,8609,89
2021-11-29,Merced,047,269075,43333,43167,2080,45247,667
2021-11-29,Modoc,049,8938,592,569,200,769,5
2021-11-29,Mono,051,14174,1892,1859,23,1882,4
2021-11-29,Monterey,053,433212,49785,48548,3139,51687,626
2021-11-29,Napa,055,140530,13350,13304,114,13418,104
2021-11-29,Nevada,057,99092,9819,9689,344,10033,105
2021-11-29,Orange,059,3164182,314975,312203,15911,328114,5709
2021-11-29,Placer,061,380077,38790,38261,3844,42105,470
2021-11-29,Plumas,063,18699,1952,1884,44,1928,7
2021-11-29,Riverside,065,2383286,375252,370334,16571,386905,5358
2021-11-29,Sacramento,067,1510023,164600,163282,4890,168172,2342
2021-11-29,San Benito,069,59416,7663,7631,179,7810,77
2021-11-29,San Bernardino,071,2135413,366402,362694,11585,374279,5962
2021-11-29,San Diego,073,3302833,387592,384853,22655,407508,4335
2021-11-29,San Francisco,075,870044,54810,54125,2391,56516,669
2021-11-29,San Joaquin,077,732212,102740,101927,5555,107482,1834
2021-11-29,San Luis Obispo,079,281455,30646,30165,1316,31481,359
2021-11-29,San Mateo,081,765935,55772,54622,938,55560,579
2021-11-29,Santa Barbara,083,443738,45968,45576,1591,47167,549
2021-11-29,Santa Clara,085,1922200,152306,150620,1525,152145,1925
2021-11-29,Santa Cruz,087,273765,21440,21149,1021,22170,224
2021-11-29,Shasta,089,179085,22517,22315,3679,25994,399
2021-11-29,Sierra,091,2930,197,195,21,216,0
2021-11-29,Siskiyou,093,43540,3454,3374,1331,4705,55
2021-11-29,Solano,095,438530,47218,46412,1326,47738,357
2021-11-29,Sonoma,097,501317,43018,42624,558,43182,405
2021-11-29,Stanislaus,099,539301,81139,81227,9135,90362,1223
2021-11-29,Sutter,101,95872,14232,14204,386,14590,186
2021-11-29,Tehama,103,63373,8801,8720,1521,10241,130
2021-11-29,Trinity,105,12862,897,798,219,1017,17
2021-11-29,Tulare,107,460477,70957,69850,15855,85705,1096
2021-11-29,Tuolumne,109,53932,7702,7627,113,7740,90
2021-11-29,Ventura,111,848112,100460,99520,4374,103894,1190
2021-11-29,Yolo,113,214977,20619,20344,1044,21388,257
2021-11-29,Yuba,115,75493,10454,10395,367,10762,89
2021-11-28,Alameda,001,1643700,122607,122082,2846,124928,1491
2021-11-28,Alpine,002,1148,105,108,0,108,0
2021-11-28,Amador,005,37829,5736,5703,67,5770,66
2021-11-28,Butte,007,227075,21758,21530,4052,25582,313
2021-11-28,Calaveras,009,45235,4383,4350,61,4411,88
2021-11-28,Colusa,011,21464,2615,2586,665,3251,19
2021-11-28,Contra Costa,013,1133247,102074,101355,2274,103629,1046
2021-11-28,Del Norte,015,27424,3770,3703,55,3758,42
2021-11-28,El Dorado,017,186661,16775,16527,1777,18304,166
2021-11-28,Fresno,019,978130,145749,144164,13094,157258,2252
2021-11-28,Glenn,021,27897,3591,3547,1037,4584,36
2021-11-28,Humboldt,023,135768,9600,9499,653,10152,115
2021-11-28,Imperial,025,180216,35330,34929,3485,38414,773
2021-11-28,Inyo,027,18085,2546,2531,38,2569,46
2021-11-28,Kern,029,883053,132380,131279,23627,154906,1789
2021-11-28,Kings,031,150075,33386,33057,2007,35064,364
2021-11-28,Lake,033,64148,6928,6885,153,7038,110
2021-11-28,Lassen,035,31185,7048,7002,407,7409,51
2021-11-28,Los Angeles,037,10098052,1469836,1458646,54724,1513370,26878
2021-11-28,Madera,039,155013,24298,24055,2258,26313,307
2021-11-28,Marin,041,260295,18148,17962,500,18462,249
2021-11-28,Mariposa,043,17540,1431,1406,60,1466,6
2021-11-28,Mendocino,045,87422,8074,7943,650,8593,89
2021-11-28,Merced,047,269075,43267,43166,2065,45231,667
2021-11-28,Modoc,049,8938,591,569,200,769,5
2021-11-28,Mono,051,14174,1886,1841,23,1864,4
2021-11-28,Monterey,053,433212,49719,48537,3119,51656,626
2021-11-28,Napa,055,140530,13337,13303,114,13417,104
2021-11-28,Nevada,057,99092,9793,9684,343,10027,105
2021-11-28,Orange,059,3164182,314590,312028,15869,327897,5693
2021-11-28,Placer,061,380077,38709,38240,3825,42065,470
2021-11-28,Plumas,063,18699,1946,1884,43,1927,7
2021-11-28,Riverside,065,2383286,374588,370051,16549,386600,5358
2021-11-28,Sacramento,067,1510023,164242,163170,4867,168037,2335
2021-11-28,San Benito,069,59416,7644,7623,178,7801,77
2021-11-28,San Bernardino,071,2135413,365660,362407,11557,373964,5958
2021-11-28,San Diego,073,3302833,386703,383025,22593,405618,4325
2021-11-28,San Francisco,075,870044,54734,54082,2386,56468,669
2021-11-28,San Joaquin,077,732212,102559,101895,5538,107433,1834
2021-11-28,San Luis Obispo,079,281455,30583,30152,1312,31464,358
2021-11-28,San Mateo,081,765935,55678,54567,934,55501,579
2021-11-28,Santa Barbara,083,443738,45889,45551,1580,47131,549
2021-11-28,Santa Clara,085,1922200,152005,150436,1511,151947,1920
2021-11-28,Santa Cruz,087,273765,21369,21110,1020,22130,224
2021-11-28,Shasta,089,179085,22478,22316,3677,25993,400
2021-11-28,Sierra,091,2930,197,195,21,216,0
2021-11-28,Siskiyou,093,43540,3448,3372,1327,4699,55
2021-11-28,Solano,095,438530,47156,46385,1325,47710,356
2021-11-28,Sonoma,097,501317,42932,42583,555,43138,405
2021-11-28,Stanislaus,099,539301,81014,81181,9113,90294,1223
2021-11-28,Sutter,101,95872,14211,14192,380,14572,186
2021-11-28,Tehama,103,63373,8793,8720,1517,10237,130
2021-11-28,Trinity,105,12862,896,797,219,1016,17
2021-11-28,Tulare,107,460477,70860,69833,15803,85636,1095
2021-11-28,Tuolumne,109,53932,7682,7620,113,7733,90
2021-11-28,Ventura,111,848112,100304,99486,4363,103849,1190
2021-11-28,Yolo,113,214977,20575,20333,1044,21377,257
2021-11-28,Yuba,115,75493,10436,10391,365,10756,89
2021-11-27,Alameda,001,1643700,122509,121618,2843,124461,1477
2021-11-27,Alpine,002,1148,105,106,0,106,0
2021-11-27,Amador,005,37829,5735,5670,67,5737,66
2021-11-27,Butte,007,227075,21735,21384,4047,25431,309
2021-11-27,Calaveras,009,45235,4377,4294,61,4355,85
2021-11-27,Colusa,011,21464,2614,2568,663,3231,19
2021-11-27,Contra Costa,013,1133247,101989,100961,2273,103234,1045
2021-11-27,Del Norte,015,27424,3763,3661,55,3716,42
2021-11-27,El Dorado,017,186661,16741,16399,1776,18175,161
2021-11-27,Fresno,019,978130,145637,143386,13088,156474,2246
2021-11-27,Glenn,021,27897,3587,3532,1036,4568,36
2021-11-27,Humboldt,023,135768,9572,9399,651,10050,115
2021-11-27,Imperial,025,180216,35247,34611,3469,38080,769
2021-11-27,Inyo,027,18085,2543,2506,38,2544,45
2021-11-27,Kern,029,883053,132295,130245,23598,153843,1773
2021-11-27,Kings,031,150075,33364,32891,2004,34895,358
2021-11-27,Lake,033,64148,6925,6836,152,6988,110
2021-11-27,Lassen,035,31185,7046,6959,406,7365,47
2021-11-27,Los Angeles,037,10098052,1468829,1454495,54657,1509152,26817
2021-11-27,Madera,039,155013,24277,23880,2253,26133,296
2021-11-27,Marin,041,260295,18109,17857,495,18352,248
2021-11-27,Mariposa,043,17540,1429,1374,60,1434,6
2021-11-27,Mendocino,045,87422,8055,7871,650,8521,89
2021-11-27,Merced,047,269075,43232,42921,2062,44983,664
2021-11-27,Modoc,049,8938,589,551,200,751,5
2021-11-27,Mono,051,14174,1884,1810,23,1833,4
2021-11-27,Monterey,053,433212,49686,48400,3105,51505,625
2021-11-27,Napa,055,140530,13323,13256,114,13370,104
2021-11-27,Nevada,057,99092,9771,9584,342,9926,103
2021-11-27,Orange,059,3164182,314339,310809,15832,326641,5665
2021-11-27,Placer,061,380077,38648,38001,3819,41820,468
2021-11-27,Plumas,063,18699,1942,1860,43,1903,7
2021-11-27,Riverside,065,2383286,374227,367601,16542,384143,5306
2021-11-27,Sacramento,067,1510023,164084,162328,4864,167192,2335
2021-11-27,San Benito,069,59416,7628,7575,178,7753,77
2021-11-27,San Bernardino,071,2135413,365225,360033,11548,371581,5932
2021-11-27,San Diego,073,3302833,386208,382634,22567,405201,4319
2021-11-27,San Francisco,075,870044,54683,53830,2383,56213,669
2021-11-27,San Joaquin,077,732212,102491,101368,5535,106903,1833
2021-11-27,San Luis Obispo,079,281455,30548,29983,1308,31291,358
2021-11-27,San Mateo,081,765935,55621,54360,931,55291,577
2021-11-27,Santa Barbara,083,443738,45835,45318,1578,46896,548
2021-11-27,Santa Clara,085,1922200,151798,149700,1504,151204,1922
2021-11-27,Santa Cruz,087,273765,21329,20929,1017,21946,222
2021-11-27,Shasta,089,179085,22455,22151,3676,25827,396
2021-11-27,Sierra,091,2930,196,194,21,215,0
2021-11-27,Siskiyou,093,43540,3445,3336,1325,4661,54
2021-11-27,Solano,095,438530,47120,46163,1322,47485,356
2021-11-27,Sonoma,097,501317,42869,42368,555,42923,405
2021-11-27,Stanislaus,099,539301,80945,80782,9096,89878,1220
2021-11-27,Sutter,101,95872,14203,14127,379,14506,181
2021-11-27,Tehama,103,63373,8791,8675,1516,10191,129
2021-11-27,Trinity,105,12862,896,789,219,1008,17
2021-11-27,Tulare,107,460477,70807,69377,15787,85164,1082
2021-11-27,Tuolumne,109,53932,7669,7574,113,7687,90
2021-11-27,Ventura,111,848112,100231,99163,4356,103519,1188
2021-11-27,Yolo,113,214977,20547,20237,1042,21279,257
2021-11-27,Yuba,115,75493,10425,10335,365,10700,88
2021-11-26,Alameda,001,1643700,122401,121618,2841,124459,1477
2021-11-26,Alpine,002,1148,105,106,0,106,0
2021-11-26,Amador,005,37829,5731,5670,67,5737,66
2021-11-26,Butte,007,227075,21711,21384,4042,25426,309
2021-11-26,Calaveras,009,45235,4368,4294,61,4355,85
2021-11-26,Colusa,011,21464,2612,2568,662,3230,19
2021-11-26,Contra Costa,013,1133247,101901,100961,2269,103230,1045
2021-11-26,Del Norte,015,27424,3760,3661,55,3716,42
2021-11-26,El Dorado,017,186661,16724,16399,1773,18172,161
2021-11-26,Fresno,019,978130,145504,143386,13078,156464,2246
2021-11-26,Glenn,021,27897,3584,3532,1036,4568,36
2021-11-26,Humboldt,023,135768,9553,9399,647,10046,115
2021-11-26,Imperial,025,180216,35190,34611,3456,38067,769
2021-11-26,Inyo,027,18085,2543,2506,38,2544,45
2021-11-26,Kern,029,883053,132212,130245,23554,153799,1773
2021-11-26,Kings,031,150075,33340,32891,2002,34893,358
2021-11-26,Lake,033,64148,6923,6836,152,6988,110
2021-11-26,Lassen,035,31185,7040,6959,406,7365,47
2021-11-26,Los Angeles,037,10098052,1467980,1454495,54596,1509091,26817
2021-11-26,Madera,039,155013,24250,23880,2251,26131,296
2021-11-26,Marin,041,260295,18080,17857,494,18351,248
2021-11-26,Mariposa,043,17540,1423,1374,59,1433,6
2021-11-26,Mendocino,045,87422,8045,7871,650,8521,89
2021-11-26,Merced,047,269075,43202,42921,2058,44979,664
2021-11-26,Modoc,049,8938,587,551,200,751,5
2021-11-26,Mono,051,14174,1873,1810,23,1833,4
2021-11-26,Monterey,053,433212,49643,48400,3098,51498,625
2021-11-26,Napa,055,140530,13307,13256,114,13370,104
2021-11-26,Nevada,057,99092,9759,9584,342,9926,103
2021-11-26,Orange,059,3164182,314070,310809,15800,326609,5665
2021-11-26,Placer,061,380077,38603,38001,3811,41812,468
2021-11-26,Plumas,063,18699,1937,1860,43,1903,7
2021-11-26,Riverside,065,2383286,373826,367601,16535,384136,5306
2021-11-26,Sacramento,067,1510023,163971,162328,4859,167187,2335
2021-11-26,San Benito,069,59416,7620,7575,178,7753,77
2021-11-26,San Bernardino,071,2135413,364792,360033,11541,371574,5932
2021-11-26,San Diego,073,3302833,385663,382634,22555,405189,4319
2021-11-26,San Francisco,075,870044,54635,53830,2381,56211,669
2021-11-26,San Joaquin,077,732212,102434,101368,5534,106902,1833
2021-11-26,San Luis Obispo,079,281455,30506,29983,1305,31288,358
2021-11-26,San Mateo,081,765935,55558,54360,930,55290,577
2021-11-26,Santa Barbara,083,443738,45788,45318,1577,46895,548
2021-11-26,Santa Clara,085,1922200,151628,149700,1496,151196,1922
2021-11-26,Santa Cruz,087,273765,21289,20929,1017,21946,222
2021-11-26,Shasta,089,179085,22435,22151,3674,25825,396
2021-11-26,Sierra,091,2930,196,194,21,215,0
2021-11-26,Siskiyou,093,43540,3442,3336,1324,4660,54
2021-11-26,Solano,095,438530,47078,46163,1321,47484,356
2021-11-26,Sonoma,097,501317,42819,42368,553,42921,405
2021-11-26,Stanislaus,099,539301,80872,80782,9085,89867,1220
2021-11-26,Sutter,101,95872,14190,14127,378,14505,181
2021-11-26,Tehama,103,63373,8789,8675,1515,10190,129
2021-11-26,Trinity,105,12862,895,789,219,1008,17
2021-11-26,Tulare,107,460477,70761,69377,15755,85132,1082
2021-11-26,Tuolumne,109,53932,7659,7574,113,7687,90
2021-11-26,Ventura,111,848112,100152,99163,4351,103514,1188
2021-11-26,Yolo,113,214977,20527,20237,1036,21273,257
2021-11-26,Yuba,115,75493,10419,10335,365,10700,88
2021-11-25,Alameda,001,1643700,122292,121618,2836,124454,1477
2021-11-25,Alpine,002,1148,105,106,0,106,0
2021-11-25,Amador,005,37829,5723,5670,67,5737,66
2021-11-25,Butte,007,227075,21693,21384,4040,25424,309
2021-11-25,Calaveras,009,45235,4363,4294,61,4355,85
2021-11-25,Colusa,011,21464,2609,2568,660,3228,19
2021-11-25,Contra Costa,013,1133247,101797,100961,2266,103227,1045
2021-11-25,Del Norte,015,27424,3755,3661,55,3716,42
2021-11-25,El Dorado,017,186661,16705,16399,1773,18172,161
2021-11-25,Fresno,019,978130,145371,143386,13069,156455,2246
2021-11-25,Glenn,021,27897,3581,3532,1035,4567,36
2021-11-25,Humboldt,023,135768,9534,9399,644,10043,115
2021-11-25,Imperial,025,180216,35145,34611,3445,38056,769
2021-11-25,Inyo,027,18085,2541,2506,38,2544,45
2021-11-25,Kern,029,883053,132114,130245,23508,153753,1773
2021-11-25,Kings,031,150075,33312,32891,2001,34892,358
2021-11-25,Lake,033,64148,6916,6836,152,6988,110
2021-11-25,Lassen,035,31185,7038,6959,405,7364,47
2021-11-25,Los Angeles,037,10098052,1467010,1454495,54539,1509034,26817
2021-11-25,Madera,039,155013,24214,23880,2250,26130,296
2021-11-25,Marin,041,260295,18053,17857,488,18345,248
2021-11-25,Mariposa,043,17540,1420,1374,59,1433,6
2021-11-25,Mendocino,045,87422,8027,7871,650,8521,89
2021-11-25,Merced,047,269075,43163,42921,2052,44973,664
2021-11-25,Modoc,049,8938,586,551,200,751,5
2021-11-25,Mono,051,14174,1862,1810,23,1833,4
2021-11-25,Monterey,053,433212,49599,48400,3089,51489,625
2021-11-25,Napa,055,140530,13299,13256,114,13370,104
2021-11-25,Nevada,057,99092,9740,9584,339,9923,103
2021-11-25,Orange,059,3164182,313807,310809,15769,326578,5665
2021-11-25,Placer,061,380077,38556,38001,3806,41807,468
2021-11-25,Plumas,063,18699,1935,1860,43,1903,7
2021-11-25,Riverside,065,2383286,373410,367601,16528,384129,5306
2021-11-25,Sacramento,067,1510023,163792,162328,4853,167181,2335
2021-11-25,San Benito,069,59416,7613,7575,178,7753,77
2021-11-25,San Bernardino,071,2135413,364393,360033,11524,371557,5932
2021-11-25,San Diego,073,3302833,385221,382634,22536,405170,4319
2021-11-25,San Francisco,075,870044,54586,53830,2378,56208,669
2021-11-25,San Joaquin,077,732212,102351,101368,5530,106898,1833
2021-11-25,San Luis Obispo,079,281455,30476,29983,1303,31286,358
2021-11-25,San Mateo,081,765935,55509,54360,928,55288,577
2021-11-25,Santa Barbara,083,443738,45749,45318,1575,46893,548
2021-11-25,Santa Clara,085,1922200,151470,149700,1491,151191,1922
2021-11-25,Santa Cruz,087,273765,21256,20929,1017,21946,222
2021-11-25,Shasta,089,179085,22409,22151,3674,25825,396
2021-11-25,Sierra,091,2930,196,194,21,215,0
2021-11-25,Siskiyou,093,43540,3439,3336,1324,4660,54
2021-11-25,Solano,095,438530,47041,46163,1320,47483,356
2021-11-25,Sonoma,097,501317,42762,42368,549,42917,405
2021-11-25,Stanislaus,099,539301,80805,80782,9071,89853,1220
2021-11-25,Sutter,101,95872,14174,14127,377,14504,181
2021-11-25,Tehama,103,63373,8781,8675,1515,10190,129
2021-11-25,Trinity,105,12862,895,789,219,1008,17
2021-11-25,Tulare,107,460477,70693,69377,15729,85106,1082
2021-11-25,Tuolumne,109,53932,7647,7574,113,7687,90
2021-11-25,Ventura,111,848112,100086,99163,4348,103511,1188
2021-11-25,Yolo,113,214977,20496,20237,1033,21270,257
2021-11-25,Yuba,115,75493,10410,10335,364,10699,88
2021-11-24,Alameda,001,1643700,122229,121618,2832,124450,1477
2021-11-24,Alpine,002,1148,105,106,0,106,0
2021-11-24,Amador,005,37829,5713,5670,67,5737,66
2021-11-24,Butte,007,227075,21677,21384,4039,25423,309
2021-11-24,Calaveras,009,45235,4356,4294,61,4355,85
2021-11-24,Colusa,011,21464,2609,2568,659,3227,19
2021-11-24,Contra Costa,013,1133247,101758,100961,2263,103224,1045
2021-11-24,Del Norte,015,27424,3752,3661,55,3716,42
2021-11-24,El Dorado,017,186661,16693,16399,1772,18171,161
2021-11-24,Fresno,019,978130,145316,143386,13067,156453,2246
2021-11-24,Glenn,021,27897,3576,3532,1034,4566,36
2021-11-24,Humboldt,023,135768,9519,9399,644,10043,115
2021-11-24,Imperial,025,180216,35116,34611,3439,38050,769
2021-11-24,Inyo,027,18085,2538,2506,38,2544,45
2021-11-24,Kern,029,883053,132052,130245,23496,153741,1773
2021-11-24,Kings,031,150075,33298,32891,2000,34891,358
2021-11-24,Lake,033,64148,6912,6836,152,6988,110
2021-11-24,Lassen,035,31185,7038,6959,405,7364,47
2021-11-24,Los Angeles,037,10098052,1466525,1454495,54497,1508992,26817
2021-11-24,Madera,039,155013,24191,23880,2244,26124,296
2021-11-24,Marin,041,260295,18041,17857,486,18343,248
2021-11-24,Mariposa,043,17540,1420,1374,59,1433,6
2021-11-24,Mendocino,045,87422,8015,7871,650,8521,89
2021-11-24,Merced,047,269075,43131,42921,2049,44970,664
2021-11-24,Modoc,049,8938,586,551,200,751,5
2021-11-24,Mono,051,14174,1859,1810,23,1833,4
2021-11-24,Monterey,053,433212,49586,48400,3088,51488,625
2021-11-24,Napa,055,140530,13295,13256,114,13370,104
2021-11-24,Nevada,057,99092,9725,9584,339,9923,103
2021-11-24,Orange,059,3164182,313651,310809,15754,326563,5665
2021-11-24,Placer,061,380077,38522,38001,3803,41804,468
2021-11-24,Plumas,063,18699,1933,1860,43,1903,7
2021-11-24,Riverside,065,2383286,373231,367601,16522,384123,5306
2021-11-24,Sacramento,067,1510023,163720,162328,4853,167181,2335
2021-11-24,San Benito,069,59416,7611,7575,178,7753,77
2021-11-24,San Bernardino,071,2135413,364181,360033,11514,371547,5932
2021-11-24,San Diego,073,3302833,384963,382634,22523,405157,4319
2021-11-24,San Francisco,075,870044,54555,53830,2376,56206,669
2021-11-24,San Joaquin,077,732212,102310,101368,5527,106895,1833
2021-11-24,San Luis Obispo,079,281455,30457,29983,1303,31286,358
2021-11-24,San Mateo,081,765935,55479,54360,927,55287,577
2021-11-24,Santa Barbara,083,443738,45722,45318,1575,46893,548
2021-11-24,Santa Clara,085,1922200,151374,149700,1490,151190,1922
2021-11-24,Santa Cruz,087,273765,21233,20929,1016,21945,222
2021-11-24,Shasta,089,179085,22398,22151,3671,25822,396
2021-11-24,Sierra,091,2930,196,194,21,215,0
2021-11-24,Siskiyou,093,43540,3436,3336,1324,4660,54
2021-11-24,Solano,095,438530,47013,46163,1318,47481,356
2021-11-24,Sonoma,097,501317,42730,42368,547,42915,405
2021-11-24,Stanislaus,099,539301,80768,80782,9066,89848,1220
2021-11-24,Sutter,101,95872,14161,14127,375,14502,181
2021-11-24,Tehama,103,63373,8778,8675,1514,10189,129
2021-11-24,Trinity,105,12862,895,789,219,1008,17
2021-11-24,Tulare,107,460477,70669,69377,15710,85087,1082
2021-11-24,Tuolumne,109,53932,7643,7574,113,7687,90
2021-11-24,Ventura,111,848112,100051,99163,4344,103507,1188
2021-11-24,Yolo,113,214977,20487,20237,1033,21270,257
2021-11-24,Yuba,115,75493,10406,10335,363,10698,88
2021-11-23,Alameda,001,1643700,122110,121618,2825,124443,1477
2021-11-23,Alpine,002,1148,105,106,0,106,0
2021-11-23,Amador,005,37829,5706,5670,67,5737,66
2021-11-23,Butte,007,227075,21648,21384,4035,25419,309
2021-11-23,Calaveras,009,45235,4350,4294,60,4354,85
2021-11-23,Colusa,011,21464,2605,2568,657,3225,19
2021-11-23,Contra Costa,013,1133247,101651,100961,2261,103222,1045
2021-11-23,Del Norte,015,27424,3749,3661,55,3716,42
2021-11-23,El Dorado,017,186661,16662,16399,1769,18168,161
2021-11-23,Fresno,019,978130,145177,143386,13058,156444,2246
2021-11-23,Glenn,021,27897,3571,3532,1034,4566,36
2021-11-23,Humboldt,023,135768,9497,9399,641,10040,115
2021-11-23,Imperial,025,180216,35047,34611,3420,38031,769
2021-11-23,Inyo,027,18085,2534,2506,38,2544,45
2021-11-23,Kern,029,883053,131943,130245,23447,153692,1773
2021-11-23,Kings,031,150075,33256,32891,1999,34890,358
2021-11-23,Lake,033,64148,6907,6836,152,6988,110
2021-11-23,Lassen,035,31185,7035,6959,402,7361,47
2021-11-23,Los Angeles,037,10098052,1465517,1454495,54430,1508925,26817
2021-11-23,Madera,039,155013,24165,23880,2242,26122,296
2021-11-23,Marin,041,260295,18012,17857,483,18340,248
2021-11-23,Mariposa,043,17540,1417,1374,59,1433,6
2021-11-23,Mendocino,045,87422,7994,7871,647,8518,89
2021-11-23,Merced,047,269075,43092,42921,2048,44969,664
2021-11-23,Modoc,049,8938,584,551,200,751,5
2021-11-23,Mono,051,14174,1845,1810,23,1833,4
2021-11-23,Monterey,053,433212,49550,48400,3082,51482,625
2021-11-23,Napa,055,140530,13287,13256,114,13370,104
2021-11-23,Nevada,057,99092,9696,9584,338,9922,103
2021-11-23,Orange,059,3164182,313401,310809,15718,326527,5665
2021-11-23,Placer,061,380077,38463,38001,3786,41787,468
2021-11-23,Plumas,063,18699,1929,1860,43,1903,7
2021-11-23,Riverside,065,2383286,372851,367601,16509,384110,5306
2021-11-23,Sacramento,067,1510023,163534,162328,4842,167170,2335
2021-11-23,San Benito,069,59416,7602,7575,176,7751,77
2021-11-23,San Bernardino,071,2135413,363764,360033,11499,371532,5932
2021-11-23,San Diego,073,3302833,384478,382634,22500,405134,4319
2021-11-23,San Francisco,075,870044,54495,53830,2374,56204,669
2021-11-23,San Joaquin,077,732212,102201,101368,5516,106884,1833
2021-11-23,San Luis Obispo,079,281455,30422,29983,1300,31283,358
2021-11-23,San Mateo,081,765935,55428,54360,926,55286,577
2021-11-23,Santa Barbara,083,443738,45670,45318,1575,46893,548
2021-11-23,Santa Clara,085,1922200,151162,149700,1478,151178,1922
2021-11-23,Santa Cruz,087,273765,21195,20929,1016,21945,222
2021-11-23,Shasta,089,179085,22362,22151,3669,25820,396
2021-11-23,Sierra,091,2930,196,194,21,215,0
2021-11-23,Siskiyou,093,43540,3431,3336,1323,4659,54
2021-11-23,Solano,095,438530,46959,46163,1314,47477,356
2021-11-23,Sonoma,097,501317,42679,42368,544,42912,405
2021-11-23,Stanislaus,099,539301,80698,80782,9054,89836,1220
2021-11-23,Sutter,101,95872,14145,14127,374,14501,181
2021-11-23,Tehama,103,63373,8765,8675,1513,10188,129
2021-11-23,Trinity,105,12862,894,789,219,1008,17
2021-11-23,Tulare,107,460477,70622,69377,15680,85057,1082
2021-11-23,Tuolumne,109,53932,7631,7574,112,7686,90
2021-11-23,Ventura,111,848112,99968,99163,4338,103501,1188
2021-11-23,Yolo,113,214977,20464,20237,1027,21264,257
2021-11-23,Yuba,115,75493,10394,10335,363,10698,88
2021-11-22,Alameda,001,1643700,121995,121566,2824,124390,1475
2021-11-22,Alpine,002,1148,105,106,0,106,0
2021-11-22,Amador,005,37829,5693,5670,67,5737,66
2021-11-22,Butte,007,227075,21609,21363,4030,25393,305
2021-11-22,Calaveras,009,45235,4338,4294,60,4354,84
2021-11-22,Colusa,011,21464,2602,2565,657,3222,19
2021-11-22,Contra Costa,013,1133247,101563,100877,2256,103133,1045
2021-11-22,Del Norte,015,27424,3746,3659,55,3714,42
2021-11-22,El Dorado,017,186661,16639,16378,1766,18144,161
2021-11-22,Fresno,019,978130,145044,143290,13050,156340,2243
2021-11-22,Glenn,021,27897,3566,3530,1033,4563,36
2021-11-22,Humboldt,023,135768,9471,9389,636,10025,115
2021-11-22,Imperial,025,180216,34986,34562,3406,37968,766
2021-11-22,Inyo,027,18085,2528,2501,38,2539,44
2021-11-22,Kern,029,883053,131782,130091,23398,153489,1762
2021-11-22,Kings,031,150075,33219,32867,1994,34861,358
2021-11-22,Lake,033,64148,6902,6837,152,6989,110
2021-11-22,Lassen,035,31185,7033,6954,401,7355,47
2021-11-22,Los Angeles,037,10098052,1464451,1453945,54348,1508293,26800
2021-11-22,Madera,039,155013,24131,23872,2234,26106,296
2021-11-22,Marin,041,260295,17980,17842,481,18323,248
2021-11-22,Mariposa,043,17540,1413,1372,59,1431,6
2021-11-22,Mendocino,045,87422,7978,7859,646,8505,89
2021-11-22,Merced,047,269075,43041,42898,2037,44935,660
2021-11-22,Modoc,049,8938,583,551,200,751,5
2021-11-22,Mono,051,14174,1838,1809,23,1832,4
2021-11-22,Monterey,053,433212,49522,48374,3078,51452,611
2021-11-22,Napa,055,140530,13278,13255,113,13368,104
2021-11-22,Nevada,057,99092,9678,9575,336,9911,96
2021-11-22,Orange,059,3164182,313159,310654,15692,326346,5663
2021-11-22,Placer,061,380077,38415,37956,3778,41734,465
2021-11-22,Plumas,063,18699,1926,1858,43,1901,7
2021-11-22,Riverside,065,2383286,372412,367301,16500,383801,5283
2021-11-22,Sacramento,067,1510023,163342,162222,4833,167055,2328
2021-11-22,San Benito,069,59416,7582,7567,176,7743,77
2021-11-22,San Bernardino,071,2135413,363346,359851,11488,371339,5916
2021-11-22,San Diego,073,3302833,383984,382132,22476,404608,4317
2021-11-22,San Francisco,075,870044,54403,53778,2368,56146,669
2021-11-22,San Joaquin,077,732212,102076,101299,5511,106810,1833
2021-11-22,San Luis Obispo,079,281455,30396,29963,1297,31260,358
2021-11-22,San Mateo,081,765935,55371,54330,924,55254,577
2021-11-22,Santa Barbara,083,443738,45594,45279,1575,46854,546
2021-11-22,Santa Clara,085,1922200,150978,149541,1468,151009,1919
2021-11-22,Santa Cruz,087,273765,21154,20891,1016,21907,222
2021-11-22,Shasta,089,179085,22348,22116,3664,25780,393
2021-11-22,Sierra,091,2930,196,193,21,214,0
2021-11-22,Siskiyou,093,43540,3426,3336,1321,4657,54
2021-11-22,Solano,095,438530,46910,46153,1312,47465,356
2021-11-22,Sonoma,097,501317,42618,42344,543,42887,404
2021-11-22,Stanislaus,099,539301,80611,80718,9044,89762,1209
2021-11-22,Sutter,101,95872,14129,14125,372,14497,181
2021-11-22,Tehama,103,63373,8758,8669,1508,10177,127
2021-11-22,Trinity,105,12862,893,785,219,1004,17
2021-11-22,Tulare,107,460477,70562,69314,15644,84958,1075
2021-11-22,Tuolumne,109,53932,7616,7567,112,7679,90
2021-11-22,Ventura,111,848112,99902,99114,4335,103449,1186
2021-11-22,Yolo,113,214977,20441,20227,1025,21252,257
2021-11-22,Yuba,115,75493,10385,10332,362,10694,88
2021-11-21,Alameda,001,1643700,121862,121443,2820,124263,1475
2021-11-21,Alpine,002,1148,103,106,0,106,0
2021-11-21,Amador,005,37829,5688,5662,66,5728,66
2021-11-21,Butte,007,227075,21567,21342,4025,25367,306
2021-11-21,Calaveras,009,45235,4329,4287,60,4347,84
2021-11-21,Colusa,011,21464,2598,2562,656,3218,19
2021-11-21,Contra Costa,013,1133247,101461,100807,2249,103056,1045
2021-11-21,Del Norte,015,27424,3742,3659,55,3714,42
2021-11-21,El Dorado,017,186661,16612,16370,1760,18130,161
2021-11-21,Fresno,019,978130,144872,143203,13028,156231,2242
2021-11-21,Glenn,021,27897,3561,3529,1033,4562,36
2021-11-21,Humboldt,023,135768,9449,9378,635,10013,115
2021-11-21,Imperial,025,180216,34899,34527,3396,37923,766
2021-11-21,Inyo,027,18085,2521,2501,38,2539,44
2021-11-21,Kern,029,883053,131618,130020,23352,153372,1762
2021-11-21,Kings,031,150075,33181,32843,1990,34833,356
2021-11-21,Lake,033,64148,6895,6834,152,6986,110
2021-11-21,Lassen,035,31185,7024,6953,401,7354,47
2021-11-21,Los Angeles,037,10098052,1463391,1453181,54293,1507474,26793
2021-11-21,Madera,039,155013,24106,23856,2229,26085,296
2021-11-21,Marin,041,260295,17951,17829,478,18307,248
2021-11-21,Mariposa,043,17540,1412,1371,58,1429,6
2021-11-21,Mendocino,045,87422,7972,7846,643,8489,89
2021-11-21,Merced,047,269075,42986,42881,2034,44915,660
2021-11-21,Modoc,049,8938,579,551,200,751,5
2021-11-21,Mono,051,14174,1828,1799,22,1821,4
2021-11-21,Monterey,053,433212,49476,48358,3069,51427,611
2021-11-21,Napa,055,140530,13266,13250,113,13363,104
2021-11-21,Nevada,057,99092,9653,9556,335,9891,96
2021-11-21,Orange,059,3164182,312903,310477,15661,326138,5663
2021-11-21,Placer,061,380077,38337,37929,3777,41706,465
2021-11-21,Plumas,063,18699,1921,1858,43,1901,7
2021-11-21,Riverside,065,2383286,371921,367093,16492,383585,5283
2021-11-21,Sacramento,067,1510023,163124,162087,4823,166910,2327
2021-11-21,San Benito,069,59416,7568,7563,175,7738,77
2021-11-21,San Bernardino,071,2135413,362850,359621,11453,371074,5912
2021-11-21,San Diego,073,3302833,383454,380747,22451,403198,4317
2021-11-21,San Francisco,075,870044,54334,53741,2363,56104,669
2021-11-21,San Joaquin,077,732212,101969,101264,5498,106762,1833
2021-11-21,San Luis Obispo,079,281455,30358,29948,1297,31245,358
2021-11-21,San Mateo,081,765935,55319,54290,922,55212,577
2021-11-21,Santa Barbara,083,443738,45533,45237,1572,46809,546
2021-11-21,Santa Clara,085,1922200,150772,149387,1449,150836,1918
2021-11-21,Santa Cruz,087,273765,21110,20866,1014,21880,222
2021-11-21,Shasta,089,179085,22316,22112,3662,25774,393
2021-11-21,Sierra,091,2930,196,193,21,214,0
2021-11-21,Siskiyou,093,43540,3421,3333,1320,4653,54
2021-11-21,Solano,095,438530,46854,46122,1305,47427,356
2021-11-21,Sonoma,097,501317,42558,42298,542,42840,404
2021-11-21,Stanislaus,099,539301,80516,80687,9029,89716,1209
2021-11-21,Sutter,101,95872,14115,14111,372,14483,181
2021-11-21,Tehama,103,63373,8752,8669,1507,10176,127
2021-11-21,Trinity,105,12862,891,784,217,1001,17
2021-11-21,Tulare,107,460477,70479,69285,15606,84891,1075
2021-11-21,Tuolumne,109,53932,7608,7560,111,7671,90
2021-11-21,Ventura,111,848112,99811,99081,4332,103413,1186
2021-11-21,Yolo,113,214977,20413,20209,1022,21231,257
2021-11-21,Yuba,115,75493,10376,10326,362,10688,88
2021-11-20,Alameda,001,1643700,121768,121059,2814,123873,1473
2021-11-20,Alpine,002,1148,103,105,0,105,0
2021-11-20,Amador,005,37829,5682,5652,65,5717,66
2021-11-20,Butte,007,227075,21552,21265,4021,25286,300
2021-11-20,Calaveras,009,45235,4319,4268,60,4328,84
2021-11-20,Colusa,011,21464,2597,2549,655,3204,19
2021-11-20,Contra Costa,013,1133247,101385,100491,2245,102736,1043
2021-11-20,Del Norte,015,27424,3739,3637,55,3692,42
2021-11-20,El Dorado,017,186661,16591,16308,1758,18066,161
2021-11-20,Fresno,019,978130,144803,142579,13019,155598,2233
2021-11-20,Glenn,021,27897,3560,3526,1032,4558,35
2021-11-20,Humboldt,023,135768,9436,9302,633,9935,115
2021-11-20,Imperial,025,180216,34847,34312,3390,37702,766
2021-11-20,Inyo,027,18085,2520,2467,38,2505,44
2021-11-20,Kern,029,883053,131517,129488,23315,152803,1750
2021-11-20,Kings,031,150075,33171,32720,1990,34710,354
2021-11-20,Lake,033,64148,6892,6808,152,6960,110
2021-11-20,Lassen,035,31185,7023,6931,401,7332,47
2021-11-20,Los Angeles,037,10098052,1462771,1448963,54245,1503208,26741
2021-11-20,Madera,039,155013,24092,23720,2225,25945,296
2021-11-20,Marin,041,260295,17936,17774,478,18252,248
2021-11-20,Mariposa,043,17540,1411,1354,58,1412,6
2021-11-20,Mendocino,045,87422,7964,7773,643,8416,89
2021-11-20,Merced,047,269075,42960,42692,2034,44726,656
2021-11-20,Modoc,049,8938,578,550,200,750,5
2021-11-20,Mono,051,14174,1822,1767,22,1789,4
2021-11-20,Monterey,053,433212,49463,48260,3064,51324,609
2021-11-20,Napa,055,140530,13263,13184,113,13297,103
2021-11-20,Nevada,057,99092,9637,9480,335,9815,92
2021-11-20,Orange,059,3164182,312703,309672,15644,325316,5658
2021-11-20,Placer,061,380077,38295,37800,3772,41572,462
2021-11-20,Plumas,063,18699,1917,1841,43,1884,7
2021-11-20,Riverside,065,2383286,371647,365809,16480,382289,5265
2021-11-20,Sacramento,067,1510023,163020,161533,4819,166352,2316
2021-11-20,San Benito,069,59416,7564,7533,175,7708,77
2021-11-20,San Bernardino,071,2135413,362570,358322,11442,369764,5897
2021-11-20,San Diego,073,3302833,383128,380147,22425,402572,4311
2021-11-20,San Francisco,075,870044,54293,53525,2362,55887,669
2021-11-20,San Joaquin,077,732212,101919,100922,5493,106415,1832
2021-11-20,San Luis Obispo,079,281455,30344,29815,1296,31111,355
2021-11-20,San Mateo,081,765935,55285,54132,921,55053,577
2021-11-20,Santa Barbara,083,443738,45501,45074,1572,46646,544
2021-11-20,Santa Clara,085,1922200,150665,148829,1448,150277,1917
2021-11-20,Santa Cruz,087,273765,21092,20756,1014,21770,222
2021-11-20,Shasta,089,179085,22292,21968,3661,25629,383
2021-11-20,Sierra,091,2930,196,191,21,212,0
2021-11-20,Siskiyou,093,43540,3418,3313,1320,4633,54
2021-11-20,Solano,095,438530,46833,46006,1305,47311,356
2021-11-20,Sonoma,097,501317,42527,42151,542,42693,403
2021-11-20,Stanislaus,099,539301,80470,80412,9025,89437,1205
2021-11-20,Sutter,101,95872,14108,14074,372,14446,181
2021-11-20,Tehama,103,63373,8747,8648,1507,10155,125
2021-11-20,Trinity,105,12862,887,771,217,988,17
2021-11-20,Tulare,107,460477,70440,69074,15585,84659,1054
2021-11-20,Tuolumne,109,53932,7600,7511,111,7622,90
2021-11-20,Ventura,111,848112,99762,98893,4325,103218,1186
2021-11-20,Yolo,113,214977,20404,20139,1019,21158,257
2021-11-20,Yuba,115,75493,10370,10290,361,10651,88
2021-11-19,Alameda,001,1643700,121693,121059,2811,123870,1473
2021-11-19,Alpine,002,1148,103,105,0,105,0
2021-11-19,Amador,005,37829,5672,5652,65,5717,66
2021-11-19,Butte,007,227075,21529,21265,4014,25279,300
2021-11-19,Calaveras,009,45235,4312,4268,60,4328,84
2021-11-19,Colusa,011,21464,2595,2549,654,3203,19
2021-11-19,Contra Costa,013,1133247,101327,100491,2240,102731,1043
2021-11-19,Del Norte,015,27424,3734,3637,55,3692,42
2021-11-19,El Dorado,017,186661,16569,16308,1756,18064,161
2021-11-19,Fresno,019,978130,144685,142579,13010,155589,2233
2021-11-19,Glenn,021,27897,3559,3526,1031,4557,35
2021-11-19,Humboldt,023,135768,9424,9302,630,9932,115
2021-11-19,Imperial,025,180216,34809,34312,3383,37695,766
2021-11-19,Inyo,027,18085,2516,2467,38,2505,44
2021-11-19,Kern,029,883053,131414,129488,23272,152760,1750
2021-11-19,Kings,031,150075,33146,32720,1988,34708,354
2021-11-19,Lake,033,64148,6889,6808,152,6960,110
2021-11-19,Lassen,035,31185,7018,6931,400,7331,47
2021-11-19,Los Angeles,037,10098052,1462083,1448963,54192,1503155,26741
2021-11-19,Madera,039,155013,24071,23720,2220,25940,296
2021-11-19,Marin,041,260295,17918,17774,476,18250,248
2021-11-19,Mariposa,043,17540,1409,1354,58,1412,6
2021-11-19,Mendocino,045,87422,7944,7773,643,8416,89
2021-11-19,Merced,047,269075,42934,42692,2033,44725,656
2021-11-19,Modoc,049,8938,577,550,200,750,5
2021-11-19,Mono,051,14174,1811,1767,22,1789,4
2021-11-19,Monterey,053,433212,49441,48260,3064,51324,609
2021-11-19,Napa,055,140530,13252,13184,112,13296,103
2021-11-19,Nevada,057,99092,9624,9480,335,9815,92
2021-11-19,Orange,059,3164182,312549,309672,15619,325291,5658
2021-11-19,Placer,061,380077,38258,37800,3768,41568,462
2021-11-19,Plumas,063,18699,1913,1841,43,1884,7
2021-11-19,Riverside,065,2383286,371373,365809,16476,382285,5265
2021-11-19,Sacramento,067,1510023,162895,161533,4815,166348,2316
2021-11-19,San Benito,069,59416,7558,7533,173,7706,77
2021-11-19,San Bernardino,071,2135413,362247,358322,11433,369755,5897
2021-11-19,San Diego,073,3302833,382737,380147,22399,402546,4311
2021-11-19,San Francisco,075,870044,54255,53525,2362,55887,669
2021-11-19,San Joaquin,077,732212,101862,100922,5489,106411,1832
2021-11-19,San Luis Obispo,079,281455,30326,29815,1294,31109,355
2021-11-19,San Mateo,081,765935,55237,54132,917,55049,577
2021-11-19,Santa Barbara,083,443738,45464,45074,1572,46646,544
2021-11-19,Santa Clara,085,1922200,150517,148829,1445,150274,1917
2021-11-19,Santa Cruz,087,273765,21065,20756,1011,21767,222
2021-11-19,Shasta,089,179085,22280,21968,3660,25628,383
2021-11-19,Sierra,091,2930,196,191,21,212,0
2021-11-19,Siskiyou,093,43540,3415,3313,1320,4633,54
2021-11-19,Solano,095,438530,46802,46006,1301,47307,356
2021-11-19,Sonoma,097,501317,42494,42151,539,42690,403
2021-11-19,Stanislaus,099,539301,80412,80412,9016,89428,1205
2021-11-19,Sutter,101,95872,14106,14074,372,14446,181
2021-11-19,Tehama,103,63373,8744,8648,1507,10155,125
2021-11-19,Trinity,105,12862,885,771,217,988,17
2021-11-19,Tulare,107,460477,70399,69074,15559,84633,1054
2021-11-19,Tuolumne,109,53932,7589,7511,111,7622,90
2021-11-19,Ventura,111,848112,99698,98893,4322,103215,1186
2021-11-19,Yolo,113,214977,20392,20139,1018,21157,257
2021-11-19,Yuba,115,75493,10367,10290,361,10651,88
2021-11-18,Alameda,001,1643700,121568,121059,2804,123863,1473
2021-11-18,Alpine,002,1148,103,105,0,105,0
2021-11-18,Amador,005,37829,5670,5652,65,5717,66
2021-11-18,Butte,007,227075,21512,21265,4007,25272,300
2021-11-18,Calaveras,009,45235,4305,4268,59,4327,84
2021-11-18,Colusa,011,21464,2587,2549,654,3203,19
2021-11-18,Contra Costa,013,1133247,101225,100491,2232,102723,1043
2021-11-18,Del Norte,015,27424,3731,3637,55,3692,42
2021-11-18,El Dorado,017,186661,16548,16308,1753,18061,161
2021-11-18,Fresno,019,978130,144544,142579,13000,155579,2233
2021-11-18,Glenn,021,27897,3558,3526,1030,4556,35
2021-11-18,Humboldt,023,135768,9407,9302,625,9927,115
2021-11-18,Imperial,025,180216,34754,34312,3367,37679,766
2021-11-18,Inyo,027,18085,2508,2467,38,2505,44
2021-11-18,Kern,029,883053,131266,129488,23225,152713,1750
2021-11-18,Kings,031,150075,33109,32720,1985,34705,354
2021-11-18,Lake,033,64148,6884,6808,152,6960,110
2021-11-18,Lassen,035,31185,7015,6931,395,7326,47
2021-11-18,Los Angeles,037,10098052,1461095,1448963,54132,1503095,26741
2021-11-18,Madera,039,155013,24046,23720,2216,25936,296
2021-11-18,Marin,041,260295,17901,17774,472,18246,248
2021-11-18,Mariposa,043,17540,1406,1354,58,1412,6
2021-11-18,Mendocino,045,87422,7922,7773,634,8407,89
2021-11-18,Merced,047,269075,42877,42692,2031,44723,656
2021-11-18,Modoc,049,8938,565,550,200,750,5
2021-11-18,Mono,051,14174,1803,1767,22,1789,4
2021-11-18,Monterey,053,433212,49416,48260,3059,51319,609
2021-11-18,Napa,055,140530,13240,13184,111,13295,103
2021-11-18,Nevada,057,99092,9600,9480,335,9815,92
2021-11-18,Orange,059,3164182,312312,309672,15599,325271,5658
2021-11-18,Placer,061,380077,38216,37800,3757,41557,462
2021-11-18,Plumas,063,18699,1912,1841,43,1884,7
2021-11-18,Riverside,065,2383286,370996,365809,16463,382272,5265
2021-11-18,Sacramento,067,1510023,162667,161533,4800,166333,2316
2021-11-18,San Benito,069,59416,7548,7533,173,7706,77
2021-11-18,San Bernardino,071,2135413,361814,358322,11414,369736,5897
2021-11-18,San Diego,073,3302833,382240,380147,22382,402529,4311
2021-11-18,San Francisco,075,870044,54203,53525,2358,55883,669
2021-11-18,San Joaquin,077,732212,101767,100922,5481,106403,1832
2021-11-18,San Luis Obispo,079,281455,30296,29815,1293,31108,355
2021-11-18,San Mateo,081,765935,55178,54132,914,55046,577
2021-11-18,Santa Barbara,083,443738,45418,45074,1565,46639,544
2021-11-18,Santa Clara,085,1922200,150326,148829,1437,150266,1917
2021-11-18,Santa Cruz,087,273765,21014,20756,1010,21766,222
2021-11-18,Shasta,089,179085,22244,21968,3655,25623,383
2021-11-18,Sierra,091,2930,195,191,21,212,0
2021-11-18,Siskiyou,093,43540,3415,3313,1316,4629,54
2021-11-18,Solano,095,438530,46759,46006,1299,47305,356
2021-11-18,Sonoma,097,501317,42445,42151,537,42688,403
2021-11-18,Stanislaus,099,539301,80345,80412,9008,89420,1205
2021-11-18,Sutter,101,95872,14095,14074,371,14445,181
2021-11-18,Tehama,103,63373,8739,8648,1507,10155,125
2021-11-18,Trinity,105,12862,884,771,217,988,17
2021-11-18,Tulare,107,460477,70325,69074,15515,84589,1054
2021-11-18,Tuolumne,109,53932,7579,7511,111,7622,90
2021-11-18,Ventura,111,848112,99620,98893,4318,103211,1186
2021-11-18,Yolo,113,214977,20375,20139,1014,21153,257
2021-11-18,Yuba,115,75493,10361,10290,361,10651,88
2021-11-17,Alameda,001,1643700,121446,120913,2803,123716,1472
2021-11-17,Alpine,002,1148,103,105,0,105,0
2021-11-17,Amador,005,37829,5664,5646,65,5711,66
2021-11-17,Butte,007,227075,21486,21230,4004,25234,300
2021-11-17,Calaveras,009,45235,4298,4259,59,4318,84
2021-11-17,Colusa,011,21464,2584,2546,653,3199,19
2021-11-17,Contra Costa,013,1133247,101133,100387,2228,102615,1039
2021-11-17,Del Norte,015,27424,3728,3630,55,3685,42
2021-11-17,El Dorado,017,186661,16528,16269,1752,18021,161
2021-11-17,Fresno,019,978130,144358,142366,12986,155352,2230
2021-11-17,Glenn,021,27897,3556,3527,1028,4555,34
2021-11-17,Humboldt,023,135768,9396,9270,622,9892,115
2021-11-17,Imperial,025,180216,34698,34256,3346,37602,766
2021-11-17,Inyo,027,18085,2502,2457,38,2495,44
2021-11-17,Kern,029,883053,131093,129307,23183,152490,1743
2021-11-17,Kings,031,150075,33082,32669,1981,34650,352
2021-11-17,Lake,033,64148,6880,6795,151,6946,110
2021-11-17,Lassen,035,31185,7013,6918,395,7313,47
2021-11-17,Los Angeles,037,10098052,1459998,1447947,54065,1502012,26721
2021-11-17,Madera,039,155013,24013,23673,2214,25887,287
2021-11-17,Marin,041,260295,17881,17757,470,18227,248
2021-11-17,Mariposa,043,17540,1402,1353,58,1411,6
2021-11-17,Mendocino,045,87422,7914,7735,633,8368,89
2021-11-17,Merced,047,269075,42818,42612,2026,44638,654
2021-11-17,Modoc,049,8938,561,540,200,740,5
2021-11-17,Mono,051,14174,1799,1765,22,1787,5
2021-11-17,Monterey,053,433212,49368,48221,3048,51269,609
2021-11-17,Napa,055,140530,13218,13167,111,13278,103
2021-11-17,Nevada,057,99092,9587,9447,335,9782,92
2021-11-17,Orange,059,3164182,312065,309396,15565,324961,5651
2021-11-17,Placer,061,380077,38167,37725,3749,41474,460
2021-11-17,Plumas,063,18699,1907,1833,43,1876,7
2021-11-17,Riverside,065,2383286,370584,365406,16450,381856,5229
2021-11-17,Sacramento,067,1510023,162498,161269,4793,166062,2302
2021-11-17,San Benito,069,59416,7541,7524,173,7697,77
2021-11-17,San Bernardino,071,2135413,361448,357947,11397,369344,5893
2021-11-17,San Diego,073,3302833,381749,379769,22356,402125,4301
2021-11-17,San Francisco,075,870044,54148,53469,2355,55824,667
2021-11-17,San Joaquin,077,732212,101665,100764,5476,106240,1828
2021-11-17,San Luis Obispo,079,281455,30270,29731,1290,31021,354
2021-11-17,San Mateo,081,765935,55110,54092,911,55003,577
2021-11-17,Santa Barbara,083,443738,45379,45000,1565,46565,542
2021-11-17,Santa Clara,085,1922200,150162,148626,1429,150055,1915
2021-11-17,Santa Cruz,087,273765,20979,20700,1010,21710,222
2021-11-17,Shasta,089,179085,22211,21883,3653,25536,382
2021-11-17,Sierra,091,2930,194,189,21,210,0
2021-11-17,Siskiyou,093,43540,3411,3307,1313,4620,54
2021-11-17,Solano,095,438530,46726,45948,1298,47246,353
2021-11-17,Sonoma,097,501317,42399,42093,534,42627,403
2021-11-17,Stanislaus,099,539301,80256,80276,8998,89274,1199
2021-11-17,Sutter,101,95872,14081,14064,369,14433,181
2021-11-17,Tehama,103,63373,8729,8633,1504,10137,125
2021-11-17,Trinity,105,12862,883,765,217,982,17
2021-11-17,Tulare,107,460477,70254,68977,15488,84465,1047
2021-11-17,Tuolumne,109,53932,7562,7485,111,7596,90
2021-11-17,Ventura,111,848112,99558,98812,4312,103124,1183
2021-11-17,Yolo,113,214977,20356,20100,1012,21112,257
2021-11-17,Yuba,115,75493,10349,10275,357,10632,88
2021-11-16,Alameda,001,1643700,121338,120809,2799,123608,1467
2021-11-16,Alpine,002,1148,103,105,0,105,0
2021-11-16,Amador,005,37829,5658,5644,65,5709,66
2021-11-16,Butte,007,227075,21460,21208,3999,25207,297
2021-11-16,Calaveras,009,45235,4289,4249,59,4308,83
2021-11-16,Colusa,011,21464,2578,2538,653,3191,19
2021-11-16,Contra Costa,013,1133247,101013,100320,2225,102545,1038
2021-11-16,Del Norte,015,27424,3722,3630,55,3685,42
2021-11-16,El Dorado,017,186661,16502,16248,1750,17998,159
2021-11-16,Fresno,019,978130,144171,142200,12964,155164,2218
2021-11-16,Glenn,021,27897,3555,3527,1025,4552,34
2021-11-16,Humboldt,023,135768,9376,9252,618,9870,115
2021-11-16,Imperial,025,180216,34615,34177,3332,37509,766
2021-11-16,Inyo,027,18085,2495,2449,38,2487,42
2021-11-16,Kern,029,883053,130933,129136,23122,152258,1735
2021-11-16,Kings,031,150075,33029,32614,1974,34588,350
2021-11-16,Lake,033,64148,6875,6789,151,6940,110
2021-11-16,Lassen,035,31185,7003,6915,395,7310,47
2021-11-16,Los Angeles,037,10098052,1458829,1446815,53994,1500809,26703
2021-11-16,Madera,039,155013,23975,23642,2208,25850,287
2021-11-16,Marin,041,260295,17862,17736,469,18205,248
2021-11-16,Mariposa,043,17540,1394,1349,57,1406,6
2021-11-16,Mendocino,045,87422,7873,7723,629,8352,89
2021-11-16,Merced,047,269075,42781,42578,2019,44597,653
2021-11-16,Modoc,049,8938,560,539,199,738,5
2021-11-16,Mono,051,14174,1790,1767,22,1789,4
2021-11-16,Monterey,053,433212,49338,48195,3034,51229,609
2021-11-16,Napa,055,140530,13207,13151,111,13262,103
2021-11-16,Nevada,057,99092,9570,9435,334,9769,92
2021-11-16,Orange,059,3164182,311798,309170,15531,324701,5651
2021-11-16,Placer,061,380077,38125,37676,3743,41419,459
2021-11-16,Plumas,063,18699,1898,1832,43,1875,7
2021-11-16,Riverside,065,2383286,370163,365078,16428,381506,5208
2021-11-16,Sacramento,067,1510023,162318,161102,4781,165883,2299
2021-11-16,San Benito,069,59416,7527,7513,173,7686,77
2021-11-16,San Bernardino,071,2135413,361022,357528,11344,368872,5901
2021-11-16,San Diego,073,3302833,381194,379435,22329,401764,4287
2021-11-16,San Francisco,075,870044,54075,53415,2347,55762,667
2021-11-16,San Joaquin,077,732212,101525,100637,5461,106098,1807
2021-11-16,San Luis Obispo,079,281455,30238,29703,1287,30990,356
2021-11-16,San Mateo,081,765935,55047,54034,909,54943,577
2021-11-16,Santa Barbara,083,443738,45311,44932,1562,46494,539
2021-11-16,Santa Clara,085,1922200,149979,148452,1417,149869,1916
2021-11-16,Santa Cruz,087,273765,20934,20684,1008,21692,222
2021-11-16,Shasta,089,179085,22172,21853,3649,25502,379
2021-11-16,Sierra,091,2930,194,189,21,210,0
2021-11-16,Siskiyou,093,43540,3408,3304,1311,4615,54
2021-11-16,Solano,095,438530,46686,45908,1297,47205,351
2021-11-16,Sonoma,097,501317,42350,42056,533,42589,401
2021-11-16,Stanislaus,099,539301,80159,80214,8975,89189,1196
2021-11-16,Sutter,101,95872,14069,14058,368,14426,181
2021-11-16,Tehama,103,63373,8722,8621,1497,10118,125
2021-11-16,Trinity,105,12862,883,762,216,978,17
2021-11-16,Tulare,107,460477,70174,68881,15453,84334,1039
2021-11-16,Tuolumne,109,53932,7552,7478,111,7589,90
2021-11-16,Ventura,111,848112,99484,98731,4309,103040,1183
2021-11-16,Yolo,113,214977,20318,20077,1009,21086,257
2021-11-16,Yuba,115,75493,10341,10262,355,10617,85
2021-11-15,Alameda,001,1643700,121180,120731,2795,123526,1464
2021-11-15,Alpine,002,1148,103,105,0,105,0
2021-11-15,Amador,005,37829,5653,5637,65,5702,66
2021-11-15,Butte,007,227075,21436,21182,3994,25176,296
2021-11-15,Calaveras,009,45235,4274,4237,59,4296,83
2021-11-15,Colusa,011,21464,2571,2535,650,3185,19
2021-11-15,Contra Costa,013,1133247,100906,100251,2222,102473,1038
2021-11-15,Del Norte,015,27424,3717,3630,54,3684,42
2021-11-15,El Dorado,017,186661,16478,16236,1746,17982,159
2021-11-15,Fresno,019,978130,143948,142015,12942,154957,2210
2021-11-15,Glenn,021,27897,3553,3526,1025,4551,34
2021-11-15,Humboldt,023,135768,9354,9230,610,9840,115
2021-11-15,Imperial,025,180216,34542,34130,3316,37446,766
2021-11-15,Inyo,027,18085,2490,2442,38,2480,42
2021-11-15,Kern,029,883053,130724,128928,23053,151981,1730
2021-11-15,Kings,031,150075,32995,32584,1969,34553,348
2021-11-15,Lake,033,64148,6871,6784,151,6935,109
2021-11-15,Lassen,035,31185,6992,6915,393,7308,47
2021-11-15,Los Angeles,037,10098052,1457641,1446114,53932,1500046,26677
2021-11-15,Madera,039,155013,23937,23605,2197,25802,287
2021-11-15,Marin,041,260295,17845,17723,468,18191,248
2021-11-15,Mariposa,043,17540,1393,1347,55,1402,6
2021-11-15,Mendocino,045,87422,7852,7694,623,8317,89
2021-11-15,Merced,047,269075,42724,42552,2008,44560,648
2021-11-15,Modoc,049,8938,559,538,198,736,5
2021-11-15,Mono,051,14174,1785,1763,22,1785,4
2021-11-15,Monterey,053,433212,49306,48154,3028,51182,609
2021-11-15,Napa,055,140530,13199,13143,111,13254,103
2021-11-15,Nevada,057,99092,9541,9420,333,9753,92
2021-11-15,Orange,059,3164182,311519,308859,15507,324366,5646
2021-11-15,Placer,061,380077,38062,37610,3739,41349,452
2021-11-15,Plumas,063,18699,1891,1829,43,1872,7
2021-11-15,Riverside,065,2383286,369716,364750,16409,381159,5199
2021-11-15,Sacramento,067,1510023,162097,160937,4769,165706,2293
2021-11-15,San Benito,069,59416,7522,7511,172,7683,77
2021-11-15,San Bernardino,071,2135413,360594,357306,11325,368631,5898
2021-11-15,San Diego,073,3302833,380657,378845,22304,401149,4284
2021-11-15,San Francisco,075,870044,54008,53374,2344,55718,667
2021-11-15,San Joaquin,077,732212,101371,100587,5450,106037,1799
2021-11-15,San Luis Obispo,079,281455,30195,29669,1275,30944,351
2021-11-15,San Mateo,081,765935,54994,54010,907,54917,576
2021-11-15,Santa Barbara,083,443738,45256,44879,1556,46435,539
2021-11-15,Santa Clara,085,1922200,149762,148313,1410,149723,1914
2021-11-15,Santa Cruz,087,273765,20892,20630,1007,21637,223
2021-11-15,Shasta,089,179085,22126,21779,3644,25423,374
2021-11-15,Sierra,091,2930,194,189,21,210,0
2021-11-15,Siskiyou,093,43540,3401,3302,1309,4611,54
2021-11-15,Solano,095,438530,46648,45885,1292,47177,351
2021-11-15,Sonoma,097,501317,42299,42021,532,42553,401
2021-11-15,Stanislaus,099,539301,80074,80129,8961,89090,1174
2021-11-15,Sutter,101,95872,14056,14043,367,14410,181
2021-11-15,Tehama,103,63373,8716,8615,1496,10111,125
2021-11-15,Trinity,105,12862,881,757,214,971,17
2021-11-15,Tulare,107,460477,70087,68826,15409,84235,1039
2021-11-15,Tuolumne,109,53932,7541,7461,111,7572,90
2021-11-15,Ventura,111,848112,99400,98605,4304,102909,1183
2021-11-15,Yolo,113,214977,20287,20065,1005,21070,255
2021-11-15,Yuba,115,75493,10322,10254,351,10605,85
2021-11-14,Alameda,001,1643700,121006,120629,2791,123420,1461
2021-11-14,Alpine,002,1148,102,105,0,105,0
2021-11-14,Amador,005,37829,5646,5632,64,5696,66
2021-11-14,Butte,007,227075,21404,21146,3985,25131,296
2021-11-14,Calaveras,009,45235,4263,4222,59,4281,83
2021-11-14,Colusa,011,21464,2569,2532,647,3179,19
2021-11-14,Contra Costa,013,1133247,100797,100188,2220,102408,1038
2021-11-14,Del Norte,015,27424,3714,3629,54,3683,42
2021-11-14,El Dorado,017,186661,16436,16212,1741,17953,159
2021-11-14,Fresno,019,978130,143666,141869,12907,154776,2209
2021-11-14,Glenn,021,27897,3551,3521,1025,4546,34
2021-11-14,Humboldt,023,135768,9323,9215,600,9815,115
2021-11-14,Imperial,025,180216,34439,34078,3301,37379,766
2021-11-14,Inyo,027,18085,2478,2441,38,2479,42
2021-11-14,Kern,029,883053,130484,128842,22983,151825,1730
2021-11-14,Kings,031,150075,32938,32545,1962,34507,349
2021-11-14,Lake,033,64148,6863,6777,151,6928,109
2021-11-14,Lassen,035,31185,6982,6911,392,7303,47
2021-11-14,Los Angeles,037,10098052,1456277,1445284,53857,1499141,26667
2021-11-14,Madera,039,155013,23887,23566,2188,25754,287
2021-11-14,Marin,041,260295,17830,17712,468,18180,247
2021-11-14,Mariposa,043,17540,1383,1337,51,1388,6
2021-11-14,Mendocino,045,87422,7819,7684,618,8302,89
2021-11-14,Merced,047,269075,42634,42513,2002,44515,648
2021-11-14,Modoc,049,8938,557,538,198,736,5
2021-11-14,Mono,051,14174,1773,1760,22,1782,4
2021-11-14,Monterey,053,433212,49251,48135,3010,51145,609
2021-11-14,Napa,055,140530,13181,13132,111,13243,103
2021-11-14,Nevada,057,99092,9513,9408,333,9741,92
2021-11-14,Orange,059,3164182,311201,308699,15486,324185,5646
2021-11-14,Placer,061,380077,37982,37569,3730,41299,452
2021-11-14,Plumas,063,18699,1888,1829,42,1871,7
2021-11-14,Riverside,065,2383286,369218,364490,16392,380882,5199
2021-11-14,Sacramento,067,1510023,161862,160761,4752,165513,2295
2021-11-14,San Benito,069,59416,7511,7507,171,7678,77
2021-11-14,San Bernardino,071,2135413,360012,357014,11308,368322,5897
2021-11-14,San Diego,073,3302833,380058,377633,22273,399906,4280
2021-11-14,San Francisco,075,870044,53932,53338,2339,55677,667
2021-11-14,San Joaquin,077,732212,101243,100518,5445,105963,1799
2021-11-14,San Luis Obispo,079,281455,30113,29645,1272,30917,352
2021-11-14,San Mateo,081,765935,54941,53978,905,54883,576
2021-11-14,Santa Barbara,083,443738,45176,44842,1553,46395,539
2021-11-14,Santa Clara,085,1922200,149562,148152,1403,149555,1913
2021-11-14,Santa Cruz,087,273765,20838,20609,1005,21614,223
2021-11-14,Shasta,089,179085,22074,21771,3631,25402,373
2021-11-14,Sierra,091,2930,194,189,21,210,0
2021-11-14,Siskiyou,093,43540,3392,3302,1308,4610,54
2021-11-14,Solano,095,438530,46593,45860,1285,47145,351
2021-11-14,Sonoma,097,501317,42233,41974,530,42504,401
2021-11-14,Stanislaus,099,539301,79939,80076,8943,89019,1174
2021-11-14,Sutter,101,95872,14039,14031,363,14394,181
2021-11-14,Tehama,103,63373,8706,8607,1494,10101,125
2021-11-14,Trinity,105,12862,878,754,212,966,17
2021-11-14,Tulare,107,460477,69969,68772,15350,84122,1037
2021-11-14,Tuolumne,109,53932,7523,7439,110,7549,90
2021-11-14,Ventura,111,848112,99286,98550,4303,102853,1183
2021-11-14,Yolo,113,214977,20259,20040,1000,21040,255
2021-11-14,Yuba,115,75493,10315,10238,350,10588,85
2021-11-13,Alameda,001,1643700,120937,120407,2790,123197,1454
2021-11-13,Alpine,002,1148,102,105,0,105,0
2021-11-13,Amador,005,37829,5645,5614,64,5678,66
2021-11-13,Butte,007,227075,21383,21104,3982,25086,296
2021-11-13,Calaveras,009,45235,4252,4203,59,4262,83
2021-11-13,Colusa,011,21464,2567,2522,647,3169,19
2021-11-13,Contra Costa,013,1133247,100725,100004,2214,102218,1028
2021-11-13,Del Norte,015,27424,3714,3629,54,3683,42
2021-11-13,El Dorado,017,186661,16423,16163,1738,17901,159
2021-11-13,Fresno,019,978130,143559,141452,12893,154345,2205
2021-11-13,Glenn,021,27897,3551,3514,1024,4538,34
2021-11-13,Humboldt,023,135768,9308,9177,595,9772,115
2021-11-13,Imperial,025,180216,34389,33990,3284,37274,766
2021-11-13,Inyo,027,18085,2472,2436,38,2474,42
2021-11-13,Kern,029,883053,130382,128472,22939,151411,1719
2021-11-13,Kings,031,150075,32921,32452,1961,34413,347
2021-11-13,Lake,033,64148,6858,6769,151,6920,109
2021-11-13,Lassen,035,31185,6977,6897,392,7289,47
2021-11-13,Los Angeles,037,10098052,1455623,1443088,53819,1496907,26649
2021-11-13,Madera,039,155013,23856,23462,2183,25645,287
2021-11-13,Marin,041,260295,17817,17684,466,18150,247
2021-11-13,Mariposa,043,17540,1380,1323,51,1374,6
2021-11-13,Mendocino,045,87422,7800,7652,617,8269,89
2021-11-13,Merced,047,269075,42596,42411,1999,44410,644
2021-11-13,Modoc,049,8938,556,536,198,734,5
2021-11-13,Mono,051,14174,1769,1750,22,1772,4
2021-11-13,Monterey,053,433212,49225,48087,3008,51095,609
2021-11-13,Napa,055,140530,13173,13110,111,13221,103
2021-11-13,Nevada,057,99092,9493,9369,331,9700,92
2021-11-13,Orange,059,3164182,311035,308211,15457,323668,5641
2021-11-13,Placer,061,380077,37933,37453,3727,41180,445
2021-11-13,Plumas,063,18699,1885,1828,42,1870,8
2021-11-13,Riverside,065,2383286,368913,363801,16385,380186,5187
2021-11-13,Sacramento,067,1510023,161726,160397,4740,165137,2291
2021-11-13,San Benito,069,59416,7498,7491,170,7661,77
2021-11-13,San Bernardino,071,2135413,359759,356325,11301,367626,5873
2021-11-13,San Diego,073,3302833,379728,377633,22245,399878,4280
2021-11-13,San Francisco,075,870044,53900,53195,2338,55533,667
2021-11-13,San Joaquin,077,732212,101186,100263,5436,105699,1799
2021-11-13,San Luis Obispo,079,281455,30082,29589,1271,30860,351
2021-11-13,San Mateo,081,765935,54903,53853,904,54757,574
2021-11-13,Santa Barbara,083,443738,45143,44734,1553,46287,537
2021-11-13,Santa Clara,085,1922200,149443,147821,1398,149219,1905
2021-11-13,Santa Cruz,087,273765,20823,20565,1004,21569,223
2021-11-13,Shasta,089,179085,22043,21713,3627,25340,366
2021-11-13,Sierra,091,2930,193,188,21,209,0
2021-11-13,Siskiyou,093,43540,3383,3299,1307,4606,54
2021-11-13,Solano,095,438530,46564,45774,1281,47055,350
2021-11-13,Sonoma,097,501317,42200,41882,529,42411,399
2021-11-13,Stanislaus,099,539301,79864,79872,8929,88801,1174
2021-11-13,Sutter,101,95872,14029,14017,362,14379,181
2021-11-13,Tehama,103,63373,8700,8592,1490,10082,125
2021-11-13,Trinity,105,12862,877,749,212,961,17
2021-11-13,Tulare,107,460477,69903,68619,15327,83946,1033
2021-11-13,Tuolumne,109,53932,7505,7392,110,7502,90
2021-11-13,Ventura,111,848112,99227,98452,4300,102752,1183
2021-11-13,Yolo,113,214977,20242,20009,998,21007,255
2021-11-13,Yuba,115,75493,10305,10218,348,10566,85
2021-11-12,Alameda,001,1643700,120850,120407,2787,123194,1454
2021-11-12,Alpine,002,1148,102,105,0,105,0
2021-11-12,Amador,005,37829,5641,5614,63,5677,66
2021-11-12,Butte,007,227075,21365,21104,3978,25082,296
2021-11-12,Calaveras,009,45235,4241,4203,59,4262,83
2021-11-12,Colusa,011,21464,2563,2522,646,3168,19
2021-11-12,Contra Costa,013,1133247,100671,100004,2213,102217,1028
2021-11-12,Del Norte,015,27424,3713,3629,54,3683,42
2021-11-12,El Dorado,017,186661,16404,16163,1737,17900,159
2021-11-12,Fresno,019,978130,143415,141452,12880,154332,2205
2021-11-12,Glenn,021,27897,3548,3514,1023,4537,34
2021-11-12,Humboldt,023,135768,9301,9177,593,9770,115
2021-11-12,Imperial,025,180216,34362,33990,3275,37265,766
2021-11-12,Inyo,027,18085,2468,2436,38,2474,42
2021-11-12,Kern,029,883053,130245,128472,22906,151378,1719
2021-11-12,Kings,031,150075,32895,32452,1959,34411,347
2021-11-12,Lake,033,64148,6854,6769,151,6920,109
2021-11-12,Lassen,035,31185,6973,6897,391,7288,47
2021-11-12,Los Angeles,037,10098052,1454895,1443088,53775,1496863,26649
2021-11-12,Madera,039,155013,23827,23462,2178,25640,287
2021-11-12,Marin,041,260295,17801,17684,465,18149,247
2021-11-12,Mariposa,043,17540,1373,1323,51,1374,6
2021-11-12,Mendocino,045,87422,7788,7652,614,8266,89
2021-11-12,Merced,047,269075,42567,42411,1997,44408,644
2021-11-12,Modoc,049,8938,555,536,198,734,5
2021-11-12,Mono,051,14174,1767,1750,22,1772,4
2021-11-12,Monterey,053,433212,49193,48087,3002,51089,609
2021-11-12,Napa,055,140530,13164,13110,111,13221,103
2021-11-12,Nevada,057,99092,9479,9369,330,9699,92
2021-11-12,Orange,059,3164182,310847,308211,15439,323650,5641
2021-11-12,Placer,061,380077,37894,37453,3724,41177,445
2021-11-12,Plumas,063,18699,1879,1828,42,1870,8
2021-11-12,Riverside,065,2383286,368645,363801,16381,380182,5187
2021-11-12,Sacramento,067,1510023,161567,160397,4734,165131,2291
2021-11-12,San Benito,069,59416,7498,7491,170,7661,77
2021-11-12,San Bernardino,071,2135413,359450,356325,11291,367616,5873
2021-11-12,San Diego,073,3302833,379361,377633,22223,399856,4280
2021-11-12,San Francisco,075,870044,53866,53195,2334,55529,667
2021-11-12,San Joaquin,077,732212,101141,100263,5429,105692,1799
2021-11-12,San Luis Obispo,079,281455,30053,29589,1270,30859,351
2021-11-12,San Mateo,081,765935,54853,53853,901,54754,574
2021-11-12,Santa Barbara,083,443738,45088,44734,1552,46286,537
2021-11-12,Santa Clara,085,1922200,149300,147821,1394,149215,1905
2021-11-12,Santa Cruz,087,273765,20795,20565,1002,21567,223
2021-11-12,Shasta,089,179085,22010,21713,3624,25337,366
2021-11-12,Sierra,091,2930,192,188,21,209,0
2021-11-12,Siskiyou,093,43540,3382,3299,1305,4604,54
2021-11-12,Solano,095,438530,46536,45774,1277,47051,350
2021-11-12,Sonoma,097,501317,42160,41882,529,42411,399
2021-11-12,Stanislaus,099,539301,79812,79872,8921,88793,1174
2021-11-12,Sutter,101,95872,14022,14017,362,14379,181
2021-11-12,Tehama,103,63373,8696,8592,1489,10081,125
2021-11-12,Trinity,105,12862,870,749,212,961,17
2021-11-12,Tulare,107,460477,69861,68619,15292,83911,1033
2021-11-12,Tuolumne,109,53932,7492,7392,109,7501,90
2021-11-12,Ventura,111,848112,99162,98452,4299,102751,1183
2021-11-12,Yolo,113,214977,20227,20009,993,21002,255
2021-11-12,Yuba,115,75493,10296,10218,347,10565,85
2021-11-11,Alameda,001,1643700,120736,120147,2779,122926,1453
2021-11-11,Alpine,002,1148,102,105,0,105,0
2021-11-11,Amador,005,37829,5638,5603,62,5665,66
2021-11-11,Butte,007,227075,21322,21047,3970,25017,293
2021-11-11,Calaveras,009,45235,4223,4179,59,4238,83
2021-11-11,Colusa,011,21464,2555,2518,644,3162,19
2021-11-11,Contra Costa,013,1133247,100567,99808,2209,102017,1028
2021-11-11,Del Norte,015,27424,3711,3622,54,3676,42
2021-11-11,El Dorado,017,186661,16372,16085,1734,17819,159
2021-11-11,Fresno,019,978130,143210,140833,12845,153678,2202
2021-11-11,Glenn,021,27897,3546,3503,1022,4525,34
2021-11-11,Humboldt,023,135768,9278,9125,590,9715,115
2021-11-11,Imperial,025,180216,34293,33844,3253,37097,766
2021-11-11,Inyo,027,18085,2463,2428,38,2466,42
2021-11-11,Kern,029,883053,130060,128023,22843,150866,1709
2021-11-11,Kings,031,150075,32845,32318,1957,34275,345
2021-11-11,Lake,033,64148,6847,6745,151,6896,107
2021-11-11,Lassen,035,31185,6967,6875,391,7266,47
2021-11-11,Los Angeles,037,10098052,1453799,1440436,53717,1494153,26614
2021-11-11,Madera,039,155013,23780,23316,2170,25486,287
2021-11-11,Marin,041,260295,17791,17639,465,18104,247
2021-11-11,Mariposa,043,17540,1363,1317,51,1368,6
2021-11-11,Mendocino,045,87422,7773,7612,605,8217,89
2021-11-11,Merced,047,269075,42511,42292,1994,44286,643
2021-11-11,Modoc,049,8938,553,536,198,734,5
2021-11-11,Mono,051,14174,1763,1743,22,1765,4
2021-11-11,Monterey,053,433212,49158,48008,2990,50998,609
2021-11-11,Napa,055,140530,13156,13075,111,13186,103
2021-11-11,Nevada,057,99092,9457,9308,330,9638,92
2021-11-11,Orange,059,3164182,310573,307674,15402,323076,5633
2021-11-11,Placer,061,380077,37843,37333,3715,41048,440
2021-11-11,Plumas,063,18699,1875,1814,42,1856,7
2021-11-11,Riverside,065,2383286,368209,362930,16363,379293,5175
2021-11-11,Sacramento,067,1510023,161354,159962,4715,164677,2289
2021-11-11,San Benito,069,59416,7490,7473,170,7643,76
2021-11-11,San Bernardino,071,2135413,359020,355413,11278,366691,5849
2021-11-11,San Diego,073,3302833,378852,376428,22200,398628,4272
2021-11-11,San Francisco,075,870044,53807,53063,2333,55396,666
2021-11-11,San Joaquin,077,732212,101046,99937,5413,105350,1799
2021-11-11,San Luis Obispo,079,281455,30002,29532,1268,30800,351
2021-11-11,San Mateo,081,765935,54805,53722,896,54618,574
2021-11-11,Santa Barbara,083,443738,45030,44603,1549,46152,534
2021-11-11,Santa Clara,085,1922200,149118,147458,1388,148846,1901
2021-11-11,Santa Cruz,087,273765,20750,20479,1002,21481,222
2021-11-11,Shasta,089,179085,21965,21600,3622,25222,364
2021-11-11,Sierra,091,2930,191,186,21,207,0
2021-11-11,Siskiyou,093,43540,3376,3297,1304,4601,53
2021-11-11,Solano,095,438530,46500,45679,1276,46955,350
2021-11-11,Sonoma,097,501317,42123,41774,529,42303,395
2021-11-11,Stanislaus,099,539301,79730,79570,8905,88475,1166
2021-11-11,Sutter,101,95872,14007,13993,361,14354,181
2021-11-11,Tehama,103,63373,8684,8565,1487,10052,125
2021-11-11,Trinity,105,12862,869,748,212,960,17
2021-11-11,Tulare,107,460477,69768,68367,15256,83623,1028
2021-11-11,Tuolumne,109,53932,7479,7354,109,7463,90
2021-11-11,Ventura,111,848112,99084,98297,4292,102589,1182
2021-11-11,Yolo,113,214977,20199,19946,992,20938,255
2021-11-11,Yuba,115,75493,10280,10191,347,10538,85
2021-11-10,Alameda,001,1643700,120626,120147,2770,122917,1453
2021-11-10,Alpine,002,1148,102,105,0,105,0
2021-11-10,Amador,005,37829,5632,5603,62,5665,66
2021-11-10,Butte,007,227075,21295,21047,3966,25013,293
2021-11-10,Calaveras,009,45235,4213,4179,59,4238,83
2021-11-10,Colusa,011,21464,2549,2518,644,3162,19
2021-11-10,Contra Costa,013,1133247,100484,99808,2205,102013,1028
2021-11-10,Del Norte,015,27424,3710,3622,54,3676,42
2021-11-10,El Dorado,017,186661,16356,16085,1733,17818,159
2021-11-10,Fresno,019,978130,143032,140833,12830,153663,2202
2021-11-10,Glenn,021,27897,3546,3503,1021,4524,34
2021-11-10,Humboldt,023,135768,9260,9125,590,9715,115
2021-11-10,Imperial,025,180216,34245,33844,3234,37078,766
2021-11-10,Inyo,027,18085,2456,2428,38,2466,42
2021-11-10,Kern,029,883053,129910,128023,22788,150811,1709
2021-11-10,Kings,031,150075,32812,32318,1955,34273,345
2021-11-10,Lake,033,64148,6837,6745,151,6896,107
2021-11-10,Lassen,035,31185,6962,6875,391,7266,47
2021-11-10,Los Angeles,037,10098052,1452849,1440436,53657,1494093,26614
2021-11-10,Madera,039,155013,23730,23316,2164,25480,287
2021-11-10,Marin,041,260295,17778,17639,463,18102,247
2021-11-10,Mariposa,043,17540,1357,1317,51,1368,6
2021-11-10,Mendocino,045,87422,7761,7612,604,8216,89
2021-11-10,Merced,047,269075,42476,42292,1992,44284,643
2021-11-10,Modoc,049,8938,552,536,197,733,5
2021-11-10,Mono,051,14174,1761,1743,22,1765,4
2021-11-10,Monterey,053,433212,49124,48008,2979,50987,609
2021-11-10,Napa,055,140530,13143,13075,110,13185,103
2021-11-10,Nevada,057,99092,9450,9308,328,9636,92
2021-11-10,Orange,059,3164182,310309,307674,15370,323044,5633
2021-11-10,Placer,061,380077,37797,37333,3708,41041,440
2021-11-10,Plumas,063,18699,1869,1814,41,1855,7
2021-11-10,Riverside,065,2383286,367828,362930,16357,379287,5175
2021-11-10,Sacramento,067,1510023,161199,159962,4705,164667,2289
2021-11-10,San Benito,069,59416,7482,7473,170,7643,76
2021-11-10,San Bernardino,071,2135413,358678,355413,11271,366684,5849
2021-11-10,San Diego,073,3302833,378447,376428,22178,398606,4272
2021-11-10,San Francisco,075,870044,53746,53063,2330,55393,666
2021-11-10,San Joaquin,077,732212,100941,99937,5408,105345,1799
2021-11-10,San Luis Obispo,079,281455,29971,29532,1267,30799,351
2021-11-10,San Mateo,081,765935,54752,53722,895,54617,574
2021-11-10,Santa Barbara,083,443738,44992,44603,1548,46151,534
2021-11-10,Santa Clara,085,1922200,148971,147458,1382,148840,1901
2021-11-10,Santa Cruz,087,273765,20723,20479,1001,21480,222
2021-11-10,Shasta,089,179085,21929,21600,3620,25220,364
2021-11-10,Sierra,091,2930,190,186,21,207,0
2021-11-10,Siskiyou,093,43540,3374,3297,1304,4601,53
2021-11-10,Solano,095,438530,46470,45679,1274,46953,350
2021-11-10,Sonoma,097,501317,42071,41774,529,42303,395
2021-11-10,Stanislaus,099,539301,79628,79570,8889,88459,1166
2021-11-10,Sutter,101,95872,13999,13993,361,14354,181
2021-11-10,Tehama,103,63373,8672,8565,1481,10046,125
2021-11-10,Trinity,105,12862,865,748,211,959,17
2021-11-10,Tulare,107,460477,69707,68367,15218,83585,1028
2021-11-10,Tuolumne,109,53932,7455,7354,109,7463,90
2021-11-10,Ventura,111,848112,99013,98297,4292,102589,1182
2021-11-10,Yolo,113,214977,20180,19946,991,20937,255
2021-11-10,Yuba,115,75493,10271,10191,347,10538,85
2021-11-09,Alameda,001,1643700,120490,120051,2761,122812,1450
2021-11-09,Alpine,002,1148,102,105,0,105,0
2021-11-09,Amador,005,37829,5626,5596,62,5658,66
2021-11-09,Butte,007,227075,21270,21022,3962,24984,291
2021-11-09,Calaveras,009,45235,4209,4174,59,4233,84
2021-11-09,Colusa,011,21464,2544,2517,643,3160,19
2021-11-09,Contra Costa,013,1133247,100388,99732,2198,101930,1028
2021-11-09,Del Norte,015,27424,3709,3620,54,3674,42
2021-11-09,El Dorado,017,186661,16318,16073,1728,17801,160
2021-11-09,Fresno,019,978130,142786,140666,12814,153480,2188
2021-11-09,Glenn,021,27897,3541,3499,1020,4519,34
2021-11-09,Humboldt,023,135768,9239,9112,585,9697,115
2021-11-09,Imperial,025,180216,34192,33751,3220,36971,766
2021-11-09,Inyo,027,18085,2452,2404,38,2442,42
2021-11-09,Kern,029,883053,129664,127901,22726,150627,1694
2021-11-09,Kings,031,150075,32746,32279,1951,34230,344
2021-11-09,Lake,033,64148,6828,6743,151,6894,106
2021-11-09,Lassen,035,31185,6950,6846,391,7237,47
2021-11-09,Los Angeles,037,10098052,1451596,1439125,53596,1492721,26581
2021-11-09,Madera,039,155013,23680,23285,2155,25440,287
2021-11-09,Marin,041,260295,17759,17630,461,18091,247
2021-11-09,Mariposa,043,17540,1349,1317,51,1368,5
2021-11-09,Mendocino,045,87422,7738,7598,598,8196,85
2021-11-09,Merced,047,269075,42435,42251,1986,44237,613
2021-11-09,Modoc,049,8938,551,536,195,731,5
2021-11-09,Mono,051,14174,1756,1738,22,1760,4
2021-11-09,Monterey,053,433212,49088,47975,2955,50930,609
2021-11-09,Napa,055,140530,13125,13051,110,13161,103
2021-11-09,Nevada,057,99092,9431,9288,328,9616,92
2021-11-09,Orange,059,3164182,310025,307412,15343,322755,5621
2021-11-09,Placer,061,380077,37740,37291,3691,40982,440
2021-11-09,Plumas,063,18699,1867,1802,41,1843,7
2021-11-09,Riverside,065,2383286,367366,362557,16343,378900,5160
2021-11-09,Sacramento,067,1510023,160958,159856,4696,164552,2286
2021-11-09,San Benito,069,59416,7472,7471,169,7640,76
2021-11-09,San Bernardino,071,2135413,358227,354972,11254,366226,5839
2021-11-09,San Diego,073,3302833,377952,375997,22152,398149,4272
2021-11-09,San Francisco,075,870044,53672,52996,2325,55321,666
2021-11-09,San Joaquin,077,732212,100767,99848,5395,105243,1794
2021-11-09,San Luis Obispo,079,281455,29931,29488,1266,30754,350
2021-11-09,San Mateo,081,765935,54704,53697,886,54583,574
2021-11-09,Santa Barbara,083,443738,44925,44579,1541,46120,533
2021-11-09,Santa Clara,085,1922200,148765,147281,1375,148656,1901
2021-11-09,Santa Cruz,087,273765,20689,20463,1000,21463,222
2021-11-09,Shasta,089,179085,21874,21558,3615,25173,364
2021-11-09,Sierra,091,2930,190,186,21,207,0
2021-11-09,Siskiyou,093,43540,3372,3295,1302,4597,52
2021-11-09,Solano,095,438530,46414,45639,1273,46912,350
2021-11-09,Sonoma,097,501317,42014,41727,527,42254,395
2021-11-09,Stanislaus,099,539301,79522,79505,8872,88377,1165
2021-11-09,Sutter,101,95872,13984,13988,359,14347,180
2021-11-09,Tehama,103,63373,8654,8555,1479,10034,125
2021-11-09,Trinity,105,12862,864,746,211,957,17
2021-11-09,Tulare,107,460477,69600,68298,15179,83477,1024
2021-11-09,Tuolumne,109,53932,7435,7347,109,7456,90
2021-11-09,Ventura,111,848112,98935,98202,4287,102489,1182
2021-11-09,Yolo,113,214977,20156,19931,987,20918,255
2021-11-09,Yuba,115,75493,10254,10175,341,10516,85
2021-11-08,Alameda,001,1643700,120346,119983,2755,122738,1447
2021-11-08,Alpine,002,1148,102,105,0,105,0
2021-11-08,Amador,005,37829,5620,5590,62,5652,66
2021-11-08,Butte,007,227075,21242,21000,3953,24953,288
2021-11-08,Calaveras,009,45235,4201,4166,59,4225,82
2021-11-08,Colusa,011,21464,2543,2514,642,3156,19
2021-11-08,Contra Costa,013,1133247,100285,99669,2194,101863,1028
2021-11-08,Del Norte,015,27424,3705,3619,54,3673,42
2021-11-08,El Dorado,017,186661,16299,16055,1723,17778,156
2021-11-08,Fresno,019,978130,142486,140466,12791,153257,2179
2021-11-08,Glenn,021,27897,3539,3496,1016,4512,34
2021-11-08,Humboldt,023,135768,9213,9095,575,9670,109
2021-11-08,Imperial,025,180216,34112,33690,3202,36892,766
2021-11-08,Inyo,027,18085,2445,2398,38,2436,41
2021-11-08,Kern,029,883053,129428,127722,22643,150365,1692
2021-11-08,Kings,031,150075,32700,32248,1950,34198,344
2021-11-08,Lake,033,64148,6822,6737,151,6888,106
2021-11-08,Lassen,035,31185,6943,6830,389,7219,46
2021-11-08,Los Angeles,037,10098052,1450258,1438322,53539,1491861,26575
2021-11-08,Madera,039,155013,23631,23253,2144,25397,287
2021-11-08,Marin,041,260295,17742,17617,458,18075,247
2021-11-08,Mariposa,043,17540,1341,1316,50,1366,5
2021-11-08,Mendocino,045,87422,7725,7581,592,8173,85
2021-11-08,Merced,047,269075,42366,42224,1976,44200,607
2021-11-08,Modoc,049,8938,550,529,195,724,5
2021-11-08,Mono,051,14174,1752,1739,22,1761,4
2021-11-08,Monterey,053,433212,49048,47942,2935,50877,602
2021-11-08,Napa,055,140530,13111,13045,110,13155,103
2021-11-08,Nevada,057,99092,9412,9278,326,9604,92
2021-11-08,Orange,059,3164182,309751,307156,15313,322469,5616
2021-11-08,Placer,061,380077,37687,37250,3688,40938,439
2021-11-08,Plumas,063,18699,1866,1788,40,1828,7
2021-11-08,Riverside,065,2383286,366911,362201,16329,378530,5152
2021-11-08,Sacramento,067,1510023,160742,159735,4675,164410,2275
2021-11-08,San Benito,069,59416,7470,7461,169,7630,75
2021-11-08,San Bernardino,071,2135413,357714,354741,11236,365977,5836
2021-11-08,San Diego,073,3302833,377390,375557,22105,397662,4259
2021-11-08,San Francisco,075,870044,53619,52942,2319,55261,666
2021-11-08,San Joaquin,077,732212,100650,99736,5393,105129,1794
2021-11-08,San Luis Obispo,079,281455,29880,29464,1261,30725,350
2021-11-08,San Mateo,081,765935,54631,53658,881,54539,574
2021-11-08,Santa Barbara,083,443738,44871,44548,1540,46088,532
2021-11-08,Santa Clara,085,1922200,148538,147183,1369,148552,1899
2021-11-08,Santa Cruz,087,273765,20660,20435,1000,21435,222
2021-11-08,Shasta,089,179085,21827,21504,3609,25113,354
2021-11-08,Sierra,091,2930,190,183,21,204,0
2021-11-08,Siskiyou,093,43540,3368,3290,1291,4581,50
2021-11-08,Solano,095,438530,46373,45613,1269,46882,350
2021-11-08,Sonoma,097,501317,41945,41669,526,42195,395
2021-11-08,Stanislaus,099,539301,79370,79417,8858,88275,1150
2021-11-08,Sutter,101,95872,13976,13976,355,14331,180
2021-11-08,Tehama,103,63373,8645,8534,1479,10013,123
2021-11-08,Trinity,105,12862,864,743,210,953,13
2021-11-08,Tulare,107,460477,69483,68199,15141,83340,1020
2021-11-08,Tuolumne,109,53932,7416,7328,108,7436,90
2021-11-08,Ventura,111,848112,98842,98144,4285,102429,1182
2021-11-08,Yolo,113,214977,20117,19916,983,20899,255
2021-11-08,Yuba,115,75493,10243,10172,338,10510,83
2021-11-07,Alameda,001,1643700,120187,119902,2749,122651,1444
2021-11-07,Alpine,002,1148,102,105,0,105,0
2021-11-07,Amador,005,37829,5612,5580,60,5640,66
2021-11-07,Butte,007,227075,21201,20969,3944,24913,288
2021-11-07,Calaveras,009,45235,4174,4158,58,4216,82
2021-11-07,Colusa,011,21464,2537,2511,640,3151,19
2021-11-07,Contra Costa,013,1133247,100174,99596,2185,101781,1028
2021-11-07,Del Norte,015,27424,3703,3617,54,3671,42
2021-11-07,El Dorado,017,186661,16262,16040,1720,17760,156
2021-11-07,Fresno,019,978130,142147,140263,12763,153026,2179
2021-11-07,Glenn,021,27897,3532,3493,1015,4508,34
2021-11-07,Humboldt,023,135768,9189,9074,571,9645,109
2021-11-07,Imperial,025,180216,34039,33674,3183,36857,766
2021-11-07,Inyo,027,18085,2432,2394,38,2432,41
2021-11-07,Kern,029,883053,129157,127583,22552,150135,1692
2021-11-07,Kings,031,150075,32608,32221,1947,34168,343
2021-11-07,Lake,033,64148,6806,6734,150,6884,106
2021-11-07,Lassen,035,31185,6935,6819,385,7204,46
2021-11-07,Los Angeles,037,10098052,1448770,1437314,53464,1490778,26573
2021-11-07,Madera,039,155013,23586,23225,2136,25361,287
2021-11-07,Marin,041,260295,17723,17594,457,18051,247
2021-11-07,Mariposa,043,17540,1339,1306,50,1356,5
2021-11-07,Mendocino,045,87422,7697,7567,588,8155,85
2021-11-07,Merced,047,269075,42288,42186,1945,44131,607
2021-11-07,Modoc,049,8938,547,528,194,722,5
2021-11-07,Mono,051,14174,1746,1739,22,1761,4
2021-11-07,Monterey,053,433212,48996,47924,2931,50855,602
2021-11-07,Napa,055,140530,13090,13041,110,13151,103
2021-11-07,Nevada,057,99092,9364,9254,326,9580,92
2021-11-07,Orange,059,3164182,309427,306954,15275,322229,5616
2021-11-07,Placer,061,380077,37611,37202,3673,40875,439
2021-11-07,Plumas,063,18699,1859,1787,39,1826,7
2021-11-07,Riverside,065,2383286,366374,361960,16309,378269,5152
2021-11-07,Sacramento,067,1510023,160508,159549,4658,164207,2277
2021-11-07,San Benito,069,59416,7457,7460,169,7629,75
2021-11-07,San Bernardino,071,2135413,357197,354488,11213,365701,5832
2021-11-07,San Diego,073,3302833,376813,375165,22072,397237,4250
2021-11-07,San Francisco,075,870044,53535,52868,2313,55181,666
2021-11-07,San Joaquin,077,732212,100465,99696,5387,105083,1794
2021-11-07,San Luis Obispo,079,281455,29832,29454,1257,30711,350
2021-11-07,San Mateo,081,765935,54572,53600,879,54479,574
2021-11-07,Santa Barbara,083,443738,44808,44501,1539,46040,532
2021-11-07,Santa Clara,085,1922200,148332,147054,1357,148411,1898
2021-11-07,Santa Cruz,087,273765,20602,20397,999,21396,222
2021-11-07,Shasta,089,179085,21779,21479,3603,25082,354
2021-11-07,Sierra,091,2930,188,183,21,204,0
2021-11-07,Siskiyou,093,43540,3362,3289,1289,4578,51
2021-11-07,Solano,095,438530,46317,45582,1262,46844,350
2021-11-07,Sonoma,097,501317,41895,41630,525,42155,395
2021-11-07,Stanislaus,099,539301,79215,79351,8836,88187,1150
2021-11-07,Sutter,101,95872,13963,13964,352,14316,180
2021-11-07,Tehama,103,63373,8620,8528,1477,10005,121
2021-11-07,Trinity,105,12862,863,742,209,951,13
2021-11-07,Tulare,107,460477,69330,68145,15097,83242,1020
2021-11-07,Tuolumne,109,53932,7398,7300,106,7406,90
2021-11-07,Ventura,111,848112,98751,98085,4283,102368,1182
2021-11-07,Yolo,113,214977,20096,19899,980,20879,255
2021-11-07,Yuba,115,75493,10226,10162,333,10495,83
2021-11-06,Alameda,001,1643700,120123,119499,2746,122245,1436
2021-11-06,Alpine,002,1148,102,105,0,105,0
2021-11-06,Amador,005,37829,5606,5557,60,5617,66
2021-11-06,Butte,007,227075,21181,20796,3940,24736,288
2021-11-06,Calaveras,009,45235,4166,4105,58,4163,82
2021-11-06,Colusa,011,21464,2536,2501,639,3140,19
2021-11-06,Contra Costa,013,1133247,100119,99282,2183,101465,1025
2021-11-06,Del Norte,015,27424,3700,3607,54,3661,42
2021-11-06,El Dorado,017,186661,16245,15958,1720,17678,156
2021-11-06,Fresno,019,978130,142028,139249,12758,152007,2170
2021-11-06,Glenn,021,27897,3529,3479,1015,4494,33
2021-11-06,Humboldt,023,135768,9177,8972,567,9539,109
2021-11-06,Imperial,025,180216,33995,33471,3177,36648,766
2021-11-06,Inyo,027,18085,2426,2353,38,2391,41
2021-11-06,Kern,029,883053,129023,126848,22500,149348,1684
2021-11-06,Kings,031,150075,32575,32018,1942,33960,342
2021-11-06,Lake,033,64148,6804,6695,150,6845,106
2021-11-06,Lassen,035,31185,6930,6796,384,7180,46
2021-11-06,Los Angeles,037,10098052,1448000,1433081,53421,1486502,26533
2021-11-06,Madera,039,155013,23550,22994,2126,25120,287
2021-11-06,Marin,041,260295,17704,17520,454,17974,247
2021-11-06,Mariposa,043,17540,1337,1282,50,1332,5
2021-11-06,Mendocino,045,87422,7675,7486,588,8074,85
2021-11-06,Merced,047,269075,42264,41958,1937,43895,604
2021-11-06,Modoc,049,8938,546,523,194,717,5
2021-11-06,Mono,051,14174,1744,1725,22,1747,4
2021-11-06,Monterey,053,433212,48963,47830,2921,50751,602
2021-11-06,Napa,055,140530,13080,12950,110,13060,103
2021-11-06,Nevada,057,99092,9342,9169,325,9494,91
2021-11-06,Orange,059,3164182,309221,306049,15249,321298,5611
2021-11-06,Placer,061,380077,37570,36967,3670,40637,438
2021-11-06,Plumas,063,18699,1855,1755,38,1793,7
2021-11-06,Riverside,065,2383286,366052,360584,16301,376885,5138
2021-11-06,Sacramento,067,1510023,160415,158766,4653,163419,2263
2021-11-06,San Benito,069,59416,7450,7429,169,7598,75
2021-11-06,San Bernardino,071,2135413,356926,353142,11209,364351,5813
2021-11-06,San Diego,073,3302833,376477,373423,22054,395477,4246
2021-11-06,San Francisco,075,870044,53481,52556,2310,54866,666
2021-11-06,San Joaquin,077,732212,100407,99372,5386,104758,1782
2021-11-06,San Luis Obispo,079,281455,29804,29335,1253,30588,350
2021-11-06,San Mateo,081,765935,54537,53442,878,54320,574
2021-11-06,Santa Barbara,083,443738,44772,44301,1538,45839,532
2021-11-06,Santa Clara,085,1922200,148186,146519,1353,147872,1894
2021-11-06,Santa Cruz,087,273765,20583,20311,997,21308,222
2021-11-06,Shasta,089,179085,21760,21281,3598,24879,349
2021-11-06,Sierra,091,2930,188,181,21,202,0
2021-11-06,Siskiyou,093,43540,3362,3279,1287,4566,48
2021-11-06,Solano,095,438530,46287,45465,1261,46726,350
2021-11-06,Sonoma,097,501317,41845,41398,524,41922,395
2021-11-06,Stanislaus,099,539301,79147,78902,8828,87730,1193
2021-11-06,Sutter,101,95872,13959,13908,351,14259,180
2021-11-06,Tehama,103,63373,8608,8474,1475,9949,120
2021-11-06,Trinity,105,12862,860,732,209,941,11
2021-11-06,Tulare,107,460477,69280,67767,15068,82835,1010
2021-11-06,Tuolumne,109,53932,7385,7245,106,7351,90
2021-11-06,Ventura,111,848112,98684,97770,4278,102048,1180
2021-11-06,Yolo,113,214977,20079,19827,976,20803,255
2021-11-06,Yuba,115,75493,10212,10107,333,10440,83
2021-11-05,Alameda,001,1643700,120039,119499,2744,122243,1436
2021-11-05,Alpine,002,1148,102,105,0,105,0
2021-11-05,Amador,005,37829,5601,5557,60,5617,66
2021-11-05,Butte,007,227075,21168,20796,3939,24735,288
2021-11-05,Calaveras,009,45235,4161,4105,58,4163,82
2021-11-05,Colusa,011,21464,2536,2501,638,3139,19
2021-11-05,Contra Costa,013,1133247,100053,99282,2181,101463,1025
2021-11-05,Del Norte,015,27424,3698,3607,54,3661,42
2021-11-05,El Dorado,017,186661,16228,15958,1714,17672,156
2021-11-05,Fresno,019,978130,141846,139249,12747,151996,2170
2021-11-05,Glenn,021,27897,3528,3479,1014,4493,33
2021-11-05,Humboldt,023,135768,9163,8972,567,9539,109
2021-11-05,Imperial,025,180216,33959,33471,3174,36645,766
2021-11-05,Inyo,027,18085,2418,2353,38,2391,41
2021-11-05,Kern,029,883053,128896,126848,22445,149293,1684
2021-11-05,Kings,031,150075,32551,32018,1941,33959,342
2021-11-05,Lake,033,64148,6798,6695,150,6845,106
2021-11-05,Lassen,035,31185,6926,6796,383,7179,46
2021-11-05,Los Angeles,037,10098052,1447177,1433081,53383,1486464,26533
2021-11-05,Madera,039,155013,23511,22994,2125,25119,287
2021-11-05,Marin,041,260295,17682,17520,453,17973,247
2021-11-05,Mariposa,043,17540,1334,1282,49,1331,5
2021-11-05,Mendocino,045,87422,7664,7486,587,8073,85
2021-11-05,Merced,047,269075,42238,41958,1928,43886,604
2021-11-05,Modoc,049,8938,546,523,194,717,5
2021-11-05,Mono,051,14174,1743,1725,22,1747,4
2021-11-05,Monterey,053,433212,48933,47830,2919,50749,602
2021-11-05,Napa,055,140530,13058,12950,110,13060,103
2021-11-05,Nevada,057,99092,9329,9169,325,9494,91
2021-11-05,Orange,059,3164182,309024,306049,15227,321276,5611
2021-11-05,Placer,061,380077,37542,36967,3661,40628,438
2021-11-05,Plumas,063,18699,1847,1755,38,1793,7
2021-11-05,Riverside,065,2383286,365714,360584,16291,376875,5138
2021-11-05,Sacramento,067,1510023,160293,158766,4646,163412,2263
2021-11-05,San Benito,069,59416,7448,7429,168,7597,75
2021-11-05,San Bernardino,071,2135413,356592,353142,11199,364341,5813
2021-11-05,San Diego,073,3302833,376124,373423,22042,395465,4246
2021-11-05,San Francisco,075,870044,53430,52556,2307,54863,666
2021-11-05,San Joaquin,077,732212,100354,99372,5377,104749,1782
2021-11-05,San Luis Obispo,079,281455,29781,29335,1253,30588,350
2021-11-05,San Mateo,081,765935,54495,53442,876,54318,574
2021-11-05,Santa Barbara,083,443738,44727,44301,1537,45838,532
2021-11-05,Santa Clara,085,1922200,148049,146519,1352,147871,1894
2021-11-05,Santa Cruz,087,273765,20559,20311,996,21307,222
2021-11-05,Shasta,089,179085,21728,21281,3593,24874,349
2021-11-05,Sierra,091,2930,188,181,21,202,0
2021-11-05,Siskiyou,093,43540,3357,3279,1286,4565,48
2021-11-05,Solano,095,438530,46242,45465,1259,46724,350
2021-11-05,Sonoma,097,501317,41805,41398,524,41922,395
2021-11-05,Stanislaus,099,539301,79089,78902,8816,87718,1193
2021-11-05,Sutter,101,95872,13951,13908,350,14258,180
2021-11-05,Tehama,103,63373,8601,8474,1474,9948,120
2021-11-05,Trinity,105,12862,860,732,209,941,11
2021-11-05,Tulare,107,460477,69208,67767,15031,82798,1010
2021-11-05,Tuolumne,109,53932,7368,7245,105,7350,90
2021-11-05,Ventura,111,848112,98644,97770,4276,102046,1180
2021-11-05,Yolo,113,214977,20068,19827,975,20802,255
2021-11-05,Yuba,115,75493,10199,10107,331,10438,83
2021-11-04,Alameda,001,1643700,119923,119499,2738,122237,1436
2021-11-04,Alpine,002,1148,102,105,0,105,0
2021-11-04,Amador,005,37829,5593,5557,60,5617,66
2021-11-04,Butte,007,227075,21127,20796,3928,24724,288
2021-11-04,Calaveras,009,45235,4147,4105,56,4161,82
2021-11-04,Colusa,011,21464,2530,2501,637,3138,19
2021-11-04,Contra Costa,013,1133247,99962,99282,2176,101458,1025
2021-11-04,Del Norte,015,27424,3695,3607,54,3661,42
2021-11-04,El Dorado,017,186661,16202,15958,1710,17668,156
2021-11-04,Fresno,019,978130,141563,139249,12737,151986,2170
2021-11-04,Glenn,021,27897,3523,3479,1013,4492,33
2021-11-04,Humboldt,023,135768,9138,8972,564,9536,109
2021-11-04,Imperial,025,180216,33902,33471,3165,36636,766
2021-11-04,Inyo,027,18085,2410,2353,38,2391,41
2021-11-04,Kern,029,883053,128664,126848,22376,149224,1684
2021-11-04,Kings,031,150075,32472,32018,1932,33950,342
2021-11-04,Lake,033,64148,6788,6695,148,6843,106
2021-11-04,Lassen,035,31185,6916,6796,378,7174,46
2021-11-04,Los Angeles,037,10098052,1445870,1433081,53302,1486383,26533
2021-11-04,Madera,039,155013,23456,22994,2114,25108,287
2021-11-04,Marin,041,260295,17670,17520,451,17971,247
2021-11-04,Mariposa,043,17540,1327,1282,49,1331,5
2021-11-04,Mendocino,045,87422,7651,7486,581,8067,85
2021-11-04,Merced,047,269075,42184,41958,1924,43882,604
2021-11-04,Modoc,049,8938,545,523,194,717,5
2021-11-04,Mono,051,14174,1738,1725,22,1747,4
2021-11-04,Monterey,053,433212,48889,47830,2903,50733,602
2021-11-04,Napa,055,140530,13036,12950,110,13060,103
2021-11-04,Nevada,057,99092,9298,9169,324,9493,91
2021-11-04,Orange,059,3164182,308775,306049,15209,321258,5611
2021-11-04,Placer,061,380077,37471,36967,3652,40619,438
2021-11-04,Plumas,063,18699,1839,1755,34,1789,7
2021-11-04,Riverside,065,2383286,365316,360584,16282,376866,5138
2021-11-04,Sacramento,067,1510023,160058,158766,4627,163393,2263
2021-11-04,San Benito,069,59416,7442,7429,168,7597,75
2021-11-04,San Bernardino,071,2135413,356152,353142,11191,364333,5813
2021-11-04,San Diego,073,3302833,375655,373423,22021,395444,4246
2021-11-04,San Francisco,075,870044,53349,52556,2303,54859,666
2021-11-04,San Joaquin,077,732212,100247,99372,5365,104737,1782
2021-11-04,San Luis Obispo,079,281455,29757,29335,1247,30582,350
2021-11-04,San Mateo,081,765935,54436,53442,870,54312,574
2021-11-04,Santa Barbara,083,443738,44671,44301,1537,45838,532
2021-11-04,Santa Clara,085,1922200,147889,146519,1348,147867,1894
2021-11-04,Santa Cruz,087,273765,20524,20311,996,21307,222
2021-11-04,Shasta,089,179085,21670,21281,3587,24868,349
2021-11-04,Sierra,091,2930,186,181,21,202,0
2021-11-04,Siskiyou,093,43540,3353,3279,1279,4558,48
2021-11-04,Solano,095,438530,46200,45465,1258,46723,350
2021-11-04,Sonoma,097,501317,41747,41398,524,41922,395
2021-11-04,Stanislaus,099,539301,78952,78902,8808,87710,1193
2021-11-04,Sutter,101,95872,13940,13908,348,14256,180
2021-11-04,Tehama,103,63373,8592,8474,1470,9944,120
2021-11-04,Trinity,105,12862,859,732,209,941,11
2021-11-04,Tulare,107,460477,69093,67767,14985,82752,1010
2021-11-04,Tuolumne,109,53932,7346,7245,103,7348,90
2021-11-04,Ventura,111,848112,98557,97770,4274,102044,1180
2021-11-04,Yolo,113,214977,20042,19827,971,20798,255
2021-11-04,Yuba,115,75493,10185,10107,329,10436,83
2021-11-03,Alameda,001,1643700,119782,119356,2734,122090,1428
2021-11-03,Alpine,002,1148,102,105,0,105,0
2021-11-03,Amador,005,37829,5587,5545,59,5604,66
2021-11-03,Butte,007,227075,21082,20769,3919,24688,284
2021-11-03,Calaveras,009,45235,4129,4087,55,4142,82
2021-11-03,Colusa,011,21464,2524,2499,637,3136,20
2021-11-03,Contra Costa,013,1133247,99862,99168,2171,101339,1025
2021-11-03,Del Norte,015,27424,3693,3600,53,3653,42
2021-11-03,El Dorado,017,186661,16175,15915,1706,17621,156
2021-11-03,Fresno,019,978130,141202,138873,12715,151588,2166
2021-11-03,Glenn,021,27897,3520,3470,1013,4483,33
2021-11-03,Humboldt,023,135768,9121,8949,559,9508,109
2021-11-03,Imperial,025,180216,33830,33402,3155,36557,766
2021-11-03,Inyo,027,18085,2389,2344,38,2382,41
2021-11-03,Kern,029,883053,128404,126523,22277,148800,1681
2021-11-03,Kings,031,150075,32417,31923,1925,33848,341
2021-11-03,Lake,033,64148,6772,6685,148,6833,106
2021-11-03,Lassen,035,31185,6900,6782,373,7155,46
2021-11-03,Los Angeles,037,10098052,1444518,1431209,53223,1484432,26517
2021-11-03,Madera,039,155013,23387,22893,2105,24998,287
2021-11-03,Marin,041,260295,17649,17491,447,17938,247
2021-11-03,Mariposa,043,17540,1317,1276,49,1325,5
2021-11-03,Mendocino,045,87422,7635,7457,573,8030,84
2021-11-03,Merced,047,269075,42123,41849,1914,43763,597
2021-11-03,Modoc,049,8938,545,521,192,713,5
2021-11-03,Mono,051,14174,1734,1719,22,1741,4
2021-11-03,Monterey,053,433212,48839,47794,2890,50684,601
2021-11-03,Napa,055,140530,13024,12937,109,13046,103
2021-11-03,Nevada,057,99092,9271,9131,323,9454,91
2021-11-03,Orange,059,3164182,308464,305661,15176,320837,5607
2021-11-03,Placer,061,380077,37403,36868,3647,40515,438
2021-11-03,Plumas,063,18699,1828,1739,33,1772,7
2021-11-03,Riverside,065,2383286,364860,360060,16278,376338,5131
2021-11-03,Sacramento,067,1510023,159834,158311,4617,162928,2259
2021-11-03,San Benito,069,59416,7434,7419,168,7587,75
2021-11-03,San Bernardino,071,2135413,355676,352225,11170,363395,5813
2021-11-03,San Diego,073,3302833,375155,372951,21998,394949,4241
2021-11-03,San Francisco,075,870044,53257,52493,2298,54791,663
2021-11-03,San Joaquin,077,732212,100134,99188,5355,104543,1776
2021-11-03,San Luis Obispo,079,281455,29715,29276,1241,30517,348
2021-11-03,San Mateo,081,765935,54372,53396,864,54260,571
2021-11-03,Santa Barbara,083,443738,44614,44220,1534,45754,531
2021-11-03,Santa Clara,085,1922200,147707,146259,1341,147600,1897
2021-11-03,Santa Cruz,087,273765,20489,20275,996,21271,222
2021-11-03,Shasta,089,179085,21612,21215,3580,24795,346
2021-11-03,Sierra,091,2930,184,180,21,201,0
2021-11-03,Siskiyou,093,43540,3349,3276,1277,4553,46
2021-11-03,Solano,095,438530,46173,45411,1256,46667,351
2021-11-03,Sonoma,097,501317,41670,41326,522,41848,395
2021-11-03,Stanislaus,099,539301,78820,78736,8792,87528,1193
2021-11-03,Sutter,101,95872,13927,13876,346,14222,179
2021-11-03,Tehama,103,63373,8579,8438,1470,9908,118
2021-11-03,Trinity,105,12862,858,730,209,939,11
2021-11-03,Tulare,107,460477,68966,67588,14944,82532,1007
2021-11-03,Tuolumne,109,53932,7328,7218,101,7319,90
2021-11-03,Ventura,111,848112,98452,97682,4269,101951,1178
2021-11-03,Yolo,113,214977,20022,19758,965,20723,250
2021-11-03,Yuba,115,75493,10173,10092,329,10421,83
2021-11-02,Alameda,001,1643700,119637,119241,2728,121969,1425
2021-11-02,Alpine,002,1148,101,105,0,105,0
2021-11-02,Amador,005,37829,5582,5535,59,5594,66
2021-11-02,Butte,007,227075,21038,20744,3907,24651,282
2021-11-02,Calaveras,009,45235,4106,4075,55,4130,82
2021-11-02,Colusa,011,21464,2519,2497,636,3133,19
2021-11-02,Contra Costa,013,1133247,99759,99080,2159,101239,1025
2021-11-02,Del Norte,015,27424,3691,3596,53,3649,42
2021-11-02,El Dorado,017,186661,16146,15883,1706,17589,154
2021-11-02,Fresno,019,978130,140878,138644,12685,151329,2158
2021-11-02,Glenn,021,27897,3512,3469,1010,4479,33
2021-11-02,Humboldt,023,135768,9079,8937,558,9495,109
2021-11-02,Imperial,025,180216,33758,33371,3143,36514,766
2021-11-02,Inyo,027,18085,2382,2324,38,2362,41
2021-11-02,Kern,029,883053,128149,126311,22157,148468,1665
2021-11-02,Kings,031,150075,32358,31896,1920,33816,339
2021-11-02,Lake,033,64148,6767,6681,147,6828,106
2021-11-02,Lassen,035,31185,6888,6777,370,7147,45
2021-11-02,Los Angeles,037,10098052,1443076,1429601,53148,1482749,26496
2021-11-02,Madera,039,155013,23306,22837,2094,24931,287
2021-11-02,Marin,041,260295,17621,17482,447,17929,247
2021-11-02,Mariposa,043,17540,1306,1270,48,1318,5
2021-11-02,Mendocino,045,87422,7611,7447,561,8008,84
2021-11-02,Merced,047,269075,42056,41785,1906,43691,596
2021-11-02,Modoc,049,8938,542,520,191,711,5
2021-11-02,Mono,051,14174,1730,1718,22,1740,4
2021-11-02,Monterey,053,433212,48788,47775,2872,50647,599
2021-11-02,Napa,055,140530,13006,12930,109,13039,104
2021-11-02,Nevada,057,99092,9241,9122,322,9444,91
2021-11-02,Orange,059,3164182,308148,305369,15132,320501,5600
2021-11-02,Placer,061,380077,37332,36817,3632,40449,438
2021-11-02,Plumas,063,18699,1817,1721,33,1754,7
2021-11-02,Riverside,065,2383286,364407,359586,16259,375845,5116
2021-11-02,Sacramento,067,1510023,159577,158112,4595,162707,2250
2021-11-02,San Benito,069,59416,7418,7407,168,7575,75
2021-11-02,San Bernardino,071,2135413,355199,351832,11117,362949,5813
2021-11-02,San Diego,073,3302833,374570,372440,21968,394408,4232
2021-11-02,San Francisco,075,870044,53137,52450,2294,54744,663
2021-11-02,San Joaquin,077,732212,100001,99076,5344,104420,1772
2021-11-02,San Luis Obispo,079,281455,29682,29224,1237,30461,348
2021-11-02,San Mateo,081,765935,54300,53351,861,54212,571
2021-11-02,Santa Barbara,083,443738,44558,44177,1531,45708,531
2021-11-02,Santa Clara,085,1922200,147513,146115,1334,147449,1896
2021-11-02,Santa Cruz,087,273765,20456,20266,995,21261,222
2021-11-02,Shasta,089,179085,21538,21127,3570,24697,344
2021-11-02,Sierra,091,2930,184,180,20,200,0
2021-11-02,Siskiyou,093,43540,3347,3272,1274,4546,46
2021-11-02,Solano,095,438530,46133,45378,1250,46628,350
2021-11-02,Sonoma,097,501317,41590,41288,521,41809,395
2021-11-02,Stanislaus,099,539301,78665,78629,8772,87401,1193
2021-11-02,Sutter,101,95872,13907,13868,346,14214,179
2021-11-02,Tehama,103,63373,8563,8422,1467,9889,116
2021-11-02,Trinity,105,12862,858,729,209,938,11
2021-11-02,Tulare,107,460477,68840,67502,14896,82398,1002
2021-11-02,Tuolumne,109,53932,7306,7204,99,7303,90
2021-11-02,Ventura,111,848112,98345,97574,4265,101839,1178
2021-11-02,Yolo,113,214977,19992,19736,963,20699,250
2021-11-02,Yuba,115,75493,10150,10080,327,10407,83
2021-11-01,Alameda,001,1643700,119499,119159,2726,121885,1421
2021-11-01,Alpine,002,1148,101,105,0,105,0
2021-11-01,Amador,005,37829,5580,5532,59,5591,64
2021-11-01,Butte,007,227075,20988,20710,3901,24611,281
2021-11-01,Calaveras,009,45235,4096,4059,54,4113,82
2021-11-01,Colusa,011,21464,2517,2494,633,3127,19
2021-11-01,Contra Costa,013,1133247,99633,99011,2151,101162,1025
2021-11-01,Del Norte,015,27424,3689,3594,53,3647,42
2021-11-01,El Dorado,017,186661,16122,15858,1701,17559,154
2021-11-01,Fresno,019,978130,140500,138421,12649,151070,2149
2021-11-01,Glenn,021,27897,3505,3461,1008,4469,33
2021-11-01,Humboldt,023,135768,9051,8929,555,9484,108
2021-11-01,Imperial,025,180216,33708,33342,3134,36476,766
2021-11-01,Inyo,027,18085,2370,2307,38,2345,41
2021-11-01,Kern,029,883053,127848,126092,22042,148134,1660
2021-11-01,Kings,031,150075,32305,31866,1916,33782,337
2021-11-01,Lake,033,64148,6756,6676,146,6822,106
2021-11-01,Lassen,035,31185,6873,6775,367,7142,42
2021-11-01,Los Angeles,037,10098052,1441691,1428891,53059,1481950,26483
2021-11-01,Madera,039,155013,23226,22801,2089,24890,283
2021-11-01,Marin,041,260295,17601,17460,446,17906,247
2021-11-01,Mariposa,043,17540,1298,1266,47,1313,5
2021-11-01,Mendocino,045,87422,7578,7422,543,7965,84
2021-11-01,Merced,047,269075,41964,41740,1904,43644,594
2021-11-01,Modoc,049,8938,537,520,189,709,5
2021-11-01,Mono,051,14174,1726,1714,22,1736,3
2021-11-01,Monterey,053,433212,48745,47756,2860,50616,597
2021-11-01,Napa,055,140530,12979,12916,108,13024,101
2021-11-01,Nevada,057,99092,9218,9108,321,9429,91
2021-11-01,Orange,059,3164182,307805,305192,15092,320284,5596
2021-11-01,Placer,061,380077,37245,36747,3620,40367,435
2021-11-01,Plumas,063,18699,1798,1719,33,1752,7
2021-11-01,Riverside,065,2383286,363902,359263,16237,375500,5115
2021-11-01,Sacramento,067,1510023,159302,157893,4572,162465,2239
2021-11-01,San Benito,069,59416,7408,7406,167,7573,73
2021-11-01,San Bernardino,071,2135413,354709,351620,11097,362717,5815
2021-11-01,San Diego,073,3302833,374005,372043,21950,393993,4232
2021-11-01,San Francisco,075,870044,53051,52418,2287,54705,661
2021-11-01,San Joaquin,077,732212,99839,98969,5337,104306,1772
2021-11-01,San Luis Obispo,079,281455,29638,29199,1232,30431,343
2021-11-01,San Mateo,081,765935,54233,53314,857,54171,571
2021-11-01,Santa Barbara,083,443738,44491,44146,1527,45673,529
2021-11-01,Santa Clara,085,1922200,147314,145978,1329,147307,1907
2021-11-01,Santa Cruz,087,273765,20421,20238,995,21233,221
2021-11-01,Shasta,089,179085,21485,21104,3563,24667,338
2021-11-01,Sierra,091,2930,184,180,20,200,0
2021-11-01,Siskiyou,093,43540,3340,3272,1269,4541,46
2021-11-01,Solano,095,438530,46079,45358,1250,46608,350
2021-11-01,Sonoma,097,501317,41516,41234,520,41754,395
2021-11-01,Stanislaus,099,539301,78535,78534,8757,87291,1193
2021-11-01,Sutter,101,95872,13883,13852,344,14196,179
2021-11-01,Tehama,103,63373,8535,8412,1464,9876,116
2021-11-01,Trinity,105,12862,856,727,209,936,11
2021-11-01,Tulare,107,460477,68697,67388,14844,82232,1002
2021-11-01,Tuolumne,109,53932,7290,7175,98,7273,90
2021-11-01,Ventura,111,848112,98253,97507,4263,101770,1178
2021-11-01,Yolo,113,214977,19971,19708,957,20665,250
2021-11-01,Yuba,115,75493,10132,10066,325,10391,83
2021-10-31,Alameda,001,1643700,119357,119071,2722,121793,1419
2021-10-31,Alpine,002,1148,101,105,0,105,0
2021-10-31,Amador,005,37829,5569,5518,59,5577,64
2021-10-31,Butte,007,227075,20926,20689,3890,24579,281
2021-10-31,Calaveras,009,45235,4078,4052,53,4105,82
2021-10-31,Colusa,011,21464,2515,2493,630,3123,18
2021-10-31,Contra Costa,013,1133247,99505,98936,2149,101085,1025
2021-10-31,Del Norte,015,27424,3683,3591,53,3644,42
2021-10-31,El Dorado,017,186661,16076,15841,1698,17539,154
2021-10-31,Fresno,019,978130,140098,138165,12615,150780,2147
2021-10-31,Glenn,021,27897,3498,3459,1008,4467,33
2021-10-31,Humboldt,023,135768,9003,8919,549,9468,108
2021-10-31,Imperial,025,180216,33633,33334,3122,36456,766
2021-10-31,Inyo,027,18085,2351,2309,38,2347,41
2021-10-31,Kern,029,883053,127476,125917,21918,147835,1666
2021-10-31,Kings,031,150075,32219,31814,1904,33718,338
2021-10-31,Lake,033,64148,6745,6665,144,6809,106
2021-10-31,Lassen,035,31185,6858,6768,362,7130,42
2021-10-31,Los Angeles,037,10098052,1440139,1427933,52977,1480910,26474
2021-10-31,Madera,039,155013,23130,22744,2076,24820,283
2021-10-31,Marin,041,260295,17573,17443,445,17888,247
2021-10-31,Mariposa,043,17540,1292,1257,46,1303,5
2021-10-31,Mendocino,045,87422,7537,7403,526,7929,84
2021-10-31,Merced,047,269075,41871,41699,1884,43583,589
2021-10-31,Modoc,049,8938,531,517,186,703,5
2021-10-31,Mono,051,14174,1722,1711,22,1733,3
2021-10-31,Monterey,053,433212,48704,47744,2842,50586,596
2021-10-31,Napa,055,140530,12962,12906,106,13012,101
2021-10-31,Nevada,057,99092,9181,9084,316,9400,91
2021-10-31,Orange,059,3164182,307457,305032,15008,320040,5596
2021-10-31,Placer,061,380077,37148,36698,3607,40305,435
2021-10-31,Plumas,063,18699,1780,1716,33,1749,7
2021-10-31,Riverside,065,2383286,363326,359005,16223,375228,5104
2021-10-31,Sacramento,067,1510023,158951,157667,4559,162226,2243
2021-10-31,San Benito,069,59416,7399,7397,165,7562,73
2021-10-31,San Bernardino,071,2135413,354176,351411,11083,362494,5810
2021-10-31,San Diego,073,3302833,373452,371603,21919,393522,4218
2021-10-31,San Francisco,075,870044,52942,52370,2281,54651,661
2021-10-31,San Joaquin,077,732212,99675,98893,5322,104215,1772
2021-10-31,San Luis Obispo,079,281455,29585,29176,1231,30407,343
2021-10-31,San Mateo,081,765935,54174,53284,855,54139,571
2021-10-31,Santa Barbara,083,443738,44421,44113,1522,45635,529
2021-10-31,Santa Clara,085,1922200,147098,145829,1314,147143,1908
2021-10-31,Santa Cruz,087,273765,20386,20218,994,21212,221
2021-10-31,Shasta,089,179085,21402,21086,3551,24637,338
2021-10-31,Sierra,091,2930,184,180,20,200,0
2021-10-31,Siskiyou,093,43540,3334,3271,1268,4539,46
2021-10-31,Solano,095,438530,46030,45310,1244,46554,350
2021-10-31,Sonoma,097,501317,41446,41183,517,41700,395
2021-10-31,Stanislaus,099,539301,78346,78426,8740,87166,1193
2021-10-31,Sutter,101,95872,13864,13838,341,14179,179
2021-10-31,Tehama,103,63373,8504,8391,1460,9851,116
2021-10-31,Trinity,105,12862,856,724,209,933,11
2021-10-31,Tulare,107,460477,68501,67310,14756,82066,1002
2021-10-31,Tuolumne,109,53932,7261,7141,97,7238,90
2021-10-31,Ventura,111,848112,98131,97460,4258,101718,1178
2021-10-31,Yolo,113,214977,19925,19662,953,20615,250
2021-10-31,Yuba,115,75493,10114,10051,315,10366,83
2021-10-30,Alameda,001,1643700,119296,118632,2719,121351,1419
2021-10-30,Alpine,002,1148,101,105,0,105,0
2021-10-30,Amador,005,37829,5560,5480,58,5538,64
2021-10-30,Butte,007,227075,20911,20516,3883,24399,277
2021-10-30,Calaveras,009,45235,4071,3992,53,4045,82
2021-10-30,Colusa,011,21464,2515,2484,629,3113,19
2021-10-30,Contra Costa,013,1133247,99442,98562,2148,100710,1024
2021-10-30,Del Norte,015,27424,3680,3574,53,3627,42
2021-10-30,El Dorado,017,186661,16060,15752,1694,17446,154
2021-10-30,Fresno,019,978130,139953,136901,12603,149504,2131
2021-10-30,Glenn,021,27897,3494,3442,1008,4450,33
2021-10-30,Humboldt,023,135768,8988,8871,547,9418,105
2021-10-30,Imperial,025,180216,33587,33156,3118,36274,766
2021-10-30,Inyo,027,18085,2348,2249,38,2287,41
2021-10-30,Kern,029,883053,127323,124892,21849,146741,1653
2021-10-30,Kings,031,150075,32185,31578,1900,33478,337
2021-10-30,Lake,033,64148,6740,6610,144,6754,106
2021-10-30,Lassen,035,31185,6852,6719,360,7079,42
2021-10-30,Los Angeles,037,10098052,1439417,1424257,52924,1477181,26625
2021-10-30,Madera,039,155013,23086,22524,2071,24595,283
2021-10-30,Marin,041,260295,17558,17380,443,17823,247
2021-10-30,Mariposa,043,17540,1289,1228,46,1274,5
2021-10-30,Mendocino,045,87422,7515,7338,524,7862,84
2021-10-30,Merced,047,269075,41831,41428,1882,43310,586
2021-10-30,Modoc,049,8938,529,513,185,698,5
2021-10-30,Mono,051,14174,1722,1684,22,1706,3
2021-10-30,Monterey,053,433212,48687,47649,2836,50485,588
2021-10-30,Napa,055,140530,12947,12863,105,12968,101
2021-10-30,Nevada,057,99092,9162,9015,316,9331,91
2021-10-30,Orange,059,3164182,307277,304120,14986,319106,5588
2021-10-30,Placer,061,380077,37103,36400,3601,40001,434
2021-10-30,Plumas,063,18699,1775,1695,33,1728,7
2021-10-30,Riverside,065,2383286,363024,357645,16215,373860,5088
2021-10-30,Sacramento,067,1510023,158794,157125,4550,161675,2233
2021-10-30,San Benito,069,59416,7392,7362,165,7527,71
2021-10-30,San Bernardino,071,2135413,353898,350076,11068,361144,5777
2021-10-30,San Diego,073,3302833,373089,370006,21897,391903,4213
2021-10-30,San Francisco,075,870044,52913,52161,2279,54440,661
2021-10-30,San Joaquin,077,732212,99619,98314,5321,103635,1768
2021-10-30,San Luis Obispo,079,281455,29553,29053,1228,30281,341
2021-10-30,San Mateo,081,765935,54135,53083,855,53938,571
2021-10-30,Santa Barbara,083,443738,44385,43972,1521,45493,528
2021-10-30,Santa Clara,085,1922200,146991,145262,1310,146572,1903
2021-10-30,Santa Cruz,087,273765,20368,20134,992,21126,221
2021-10-30,Shasta,089,179085,21358,20878,3545,24423,332
2021-10-30,Sierra,091,2930,184,175,20,195,0
2021-10-30,Siskiyou,093,43540,3333,3257,1265,4522,46
2021-10-30,Solano,095,438530,46009,45146,1242,46388,346
2021-10-30,Sonoma,097,501317,41407,40924,517,41441,393
2021-10-30,Stanislaus,099,539301,78276,77871,8733,86604,1191
2021-10-30,Sutter,101,95872,13850,13773,341,14114,178
2021-10-30,Tehama,103,63373,8492,8307,1456,9763,114
2021-10-30,Trinity,105,12862,854,708,208,916,11
2021-10-30,Tulare,107,460477,68430,66745,14712,81457,995
2021-10-30,Tuolumne,109,53932,7238,7050,96,7146,90
2021-10-30,Ventura,111,848112,98082,97182,4255,101437,1174
2021-10-30,Yolo,113,214977,19906,19568,951,20519,250
2021-10-30,Yuba,115,75493,10103,9969,315,10284,82
2021-10-29,Alameda,001,1643700,119216,118632,2714,121346,1419
2021-10-29,Alpine,002,1148,101,105,0,105,0
2021-10-29,Amador,005,37829,5549,5480,58,5538,64
2021-10-29,Butte,007,227075,20886,20516,3871,24387,277
2021-10-29,Calaveras,009,45235,4064,3992,53,4045,82
2021-10-29,Colusa,011,21464,2515,2484,627,3111,19
2021-10-29,Contra Costa,013,1133247,99374,98562,2146,100708,1024
2021-10-29,Del Norte,015,27424,3673,3574,53,3627,42
2021-10-29,El Dorado,017,186661,16046,15752,1694,17446,154
2021-10-29,Fresno,019,978130,139736,136901,12590,149491,2131
2021-10-29,Glenn,021,27897,3493,3442,1007,4449,33
2021-10-29,Humboldt,023,135768,8983,8871,546,9417,105
2021-10-29,Imperial,025,180216,33560,33156,3115,36271,766
2021-10-29,Inyo,027,18085,2345,2249,38,2287,41
2021-10-29,Kern,029,883053,127146,124892,21759,146651,1653
2021-10-29,Kings,031,150075,32151,31578,1898,33476,337
2021-10-29,Lake,033,64148,6731,6610,141,6751,106
2021-10-29,Lassen,035,31185,6843,6719,358,7077,42
2021-10-29,Los Angeles,037,10098052,1438576,1424257,52882,1477139,26625
2021-10-29,Madera,039,155013,23034,22524,2066,24590,283
2021-10-29,Marin,041,260295,17542,17380,442,17822,247
2021-10-29,Mariposa,043,17540,1285,1228,46,1274,5
2021-10-29,Mendocino,045,87422,7506,7338,524,7862,84
2021-10-29,Merced,047,269075,41781,41428,1876,43304,586
2021-10-29,Modoc,049,8938,526,513,185,698,5
2021-10-29,Mono,051,14174,1720,1684,22,1706,3
2021-10-29,Monterey,053,433212,48664,47649,2836,50485,588
2021-10-29,Napa,055,140530,12926,12863,105,12968,101
2021-10-29,Nevada,057,99092,9150,9015,316,9331,91
2021-10-29,Orange,059,3164182,307052,304120,14966,319086,5588
2021-10-29,Placer,061,380077,37066,36400,3591,39991,434
2021-10-29,Plumas,063,18699,1769,1695,33,1728,7
2021-10-29,Riverside,065,2383286,362689,357645,16210,373855,5088
2021-10-29,Sacramento,067,1510023,158605,157125,4540,161665,2233
2021-10-29,San Benito,069,59416,7389,7362,165,7527,71
2021-10-29,San Bernardino,071,2135413,353595,350076,11057,361133,5777
2021-10-29,San Diego,073,3302833,372717,370006,21869,391875,4213
2021-10-29,San Francisco,075,870044,52853,52161,2272,54433,661
2021-10-29,San Joaquin,077,732212,99559,98314,5316,103630,1768
2021-10-29,San Luis Obispo,079,281455,29527,29053,1226,30279,341
2021-10-29,San Mateo,081,765935,54092,53083,853,53936,571
2021-10-29,Santa Barbara,083,443738,44345,43972,1518,45490,528
2021-10-29,Santa Clara,085,1922200,146875,145262,1303,146565,1903
2021-10-29,Santa Cruz,087,273765,20361,20134,991,21125,221
2021-10-29,Shasta,089,179085,21320,20878,3539,24417,332
2021-10-29,Sierra,091,2930,182,175,20,195,0
2021-10-29,Siskiyou,093,43540,3333,3257,1264,4521,46
2021-10-29,Solano,095,438530,45972,45146,1241,46387,346
2021-10-29,Sonoma,097,501317,41386,40924,517,41441,393
2021-10-29,Stanislaus,099,539301,78191,77871,8721,86592,1191
2021-10-29,Sutter,101,95872,13831,13773,341,14114,178
2021-10-29,Tehama,103,63373,8479,8307,1455,9762,114
2021-10-29,Trinity,105,12862,853,708,208,916,11
2021-10-29,Tulare,107,460477,68325,66745,14669,81414,995
2021-10-29,Tuolumne,109,53932,7225,7050,96,7146,90
2021-10-29,Ventura,111,848112,98027,97182,4251,101433,1174
2021-10-29,Yolo,113,214977,19885,19568,949,20517,250
2021-10-29,Yuba,115,75493,10095,9969,311,10280,82
2021-10-28,Alameda,001,1643700,119093,118632,2707,121339,1419
2021-10-28,Alpine,002,1148,101,105,0,105,0
2021-10-28,Amador,005,37829,5536,5480,58,5538,64
2021-10-28,Butte,007,227075,20844,20516,3860,24376,277
2021-10-28,Calaveras,009,45235,4051,3992,53,4045,82
2021-10-28,Colusa,011,21464,2512,2484,626,3110,19
2021-10-28,Contra Costa,013,1133247,99244,98562,2142,100704,1024
2021-10-28,Del Norte,015,27424,3672,3574,53,3627,42
2021-10-28,El Dorado,017,186661,16017,15752,1691,17443,154
2021-10-28,Fresno,019,978130,139402,136901,12558,149459,2131
2021-10-28,Glenn,021,27897,3490,3442,1005,4447,33
2021-10-28,Humboldt,023,135768,8967,8871,541,9412,105
2021-10-28,Imperial,025,180216,33494,33156,3108,36264,766
2021-10-28,Inyo,027,18085,2328,2249,38,2287,41
2021-10-28,Kern,029,883053,126898,124892,21647,146539,1653
2021-10-28,Kings,031,150075,32082,31578,1893,33471,337
2021-10-28,Lake,033,64148,6721,6610,141,6751,106
2021-10-28,Lassen,035,31185,6834,6719,355,7074,42
2021-10-28,Los Angeles,037,10098052,1437439,1424257,52808,1477065,26625
2021-10-28,Madera,039,155013,22980,22524,2055,24579,283
2021-10-28,Marin,041,260295,17524,17380,441,17821,247
2021-10-28,Mariposa,043,17540,1281,1228,46,1274,5
2021-10-28,Mendocino,045,87422,7493,7338,513,7851,84
2021-10-28,Merced,047,269075,41696,41428,1866,43294,586
2021-10-28,Modoc,049,8938,525,513,185,698,5
2021-10-28,Mono,051,14174,1714,1684,22,1706,3
2021-10-28,Monterey,053,433212,48633,47649,2819,50468,588
2021-10-28,Napa,055,140530,12917,12863,104,12967,101
2021-10-28,Nevada,057,99092,9132,9015,316,9331,91
2021-10-28,Orange,059,3164182,306765,304120,14902,319022,5588
2021-10-28,Placer,061,380077,36993,36400,3582,39982,434
2021-10-28,Plumas,063,18699,1761,1695,33,1728,7
2021-10-28,Riverside,065,2383286,362246,357645,16187,373832,5088
2021-10-28,Sacramento,067,1510023,158339,157125,4527,161652,2233
2021-10-28,San Benito,069,59416,7381,7362,165,7527,71
2021-10-28,San Bernardino,071,2135413,353178,350076,11034,361110,5777
2021-10-28,San Diego,073,3302833,372261,370006,21846,391852,4213
2021-10-28,San Francisco,075,870044,52807,52161,2265,54426,661
2021-10-28,San Joaquin,077,732212,99431,98314,5315,103629,1768
2021-10-28,San Luis Obispo,079,281455,29498,29053,1223,30276,341
2021-10-28,San Mateo,081,765935,54047,53083,851,53934,571
2021-10-28,Santa Barbara,083,443738,44307,43972,1516,45488,528
2021-10-28,Santa Clara,085,1922200,146716,145262,1298,146560,1903
2021-10-28,Santa Cruz,087,273765,20337,20134,991,21125,221
2021-10-28,Shasta,089,179085,21245,20878,3532,24410,332
2021-10-28,Sierra,091,2930,181,175,20,195,0
2021-10-28,Siskiyou,093,43540,3332,3257,1264,4521,46
2021-10-28,Solano,095,438530,45932,45146,1240,46386,346
2021-10-28,Sonoma,097,501317,41318,40924,516,41440,393
2021-10-28,Stanislaus,099,539301,78038,77871,8705,86576,1191
2021-10-28,Sutter,101,95872,13818,13773,337,14110,178
2021-10-28,Tehama,103,63373,8442,8307,1452,9759,114
2021-10-28,Trinity,105,12862,850,708,208,916,11
2021-10-28,Tulare,107,460477,68187,66745,14613,81358,995
2021-10-28,Tuolumne,109,53932,7194,7050,96,7146,90
2021-10-28,Ventura,111,848112,97942,97182,4248,101430,1174
2021-10-28,Yolo,113,214977,19846,19568,946,20514,250
2021-10-28,Yuba,115,75493,10066,9969,308,10277,82
2021-10-27,Alameda,001,1643700,118971,118487,2705,121192,1414
2021-10-27,Alpine,002,1148,101,105,0,105,0
2021-10-27,Amador,005,37829,5524,5470,57,5527,64
2021-10-27,Butte,007,227075,20799,20446,3845,24291,274
2021-10-27,Calaveras,009,45235,4033,3970,52,4022,82
2021-10-27,Colusa,011,21464,2512,2480,625,3105,18
2021-10-27,Contra Costa,013,1133247,99136,98442,2130,100572,1018
2021-10-27,Del Norte,015,27424,3665,3571,52,3623,42
2021-10-27,El Dorado,017,186661,15986,15723,1686,17409,154
2021-10-27,Fresno,019,978130,139020,136447,12523,148970,2128
2021-10-27,Glenn,021,27897,3488,3435,1004,4439,33
2021-10-27,Humboldt,023,135768,8947,8851,539,9390,105
2021-10-27,Imperial,025,180216,33454,33068,3103,36171,766
2021-10-27,Inyo,027,18085,2308,2236,38,2274,41
2021-10-27,Kern,029,883053,126629,124557,21547,146104,1647
2021-10-27,Kings,031,150075,32017,31437,1887,33324,335
2021-10-27,Lake,033,64148,6695,6589,141,6730,105
2021-10-27,Lassen,035,31185,6821,6706,353,7059,42
2021-10-27,Los Angeles,037,10098052,1436210,1422615,52750,1475365,26604
2021-10-27,Madera,039,155013,22894,22413,2031,24444,283
2021-10-27,Marin,041,260295,17509,17362,441,17803,247
2021-10-27,Mariposa,043,17540,1268,1228,46,1274,5
2021-10-27,Mendocino,045,87422,7479,7321,506,7827,84
2021-10-27,Merced,047,269075,41598,41310,1852,43162,583
2021-10-27,Modoc,049,8938,521,513,185,698,5
2021-10-27,Mono,051,14174,1711,1682,22,1704,3
2021-10-27,Monterey,053,433212,48596,47610,2798,50408,588
2021-10-27,Napa,055,140530,12902,12856,104,12960,101
2021-10-27,Nevada,057,99092,9115,8987,315,9302,90
2021-10-27,Orange,059,3164182,306445,303825,14852,318677,5584
2021-10-27,Placer,061,380077,36926,36296,3575,39871,434
2021-10-27,Plumas,063,18699,1753,1686,33,1719,7
2021-10-27,Riverside,065,2383286,361817,357152,16179,373331,5081
2021-10-27,Sacramento,067,1510023,158071,156830,4506,161336,2230
2021-10-27,San Benito,069,59416,7374,7337,165,7502,71
2021-10-27,San Bernardino,071,2135413,352753,349624,11012,360636,5770
2021-10-27,San Diego,073,3302833,371705,369579,21822,391401,4207
2021-10-27,San Francisco,075,870044,52755,52108,2261,54369,655
2021-10-27,San Joaquin,077,732212,99274,98168,5300,103468,1753
2021-10-27,San Luis Obispo,079,281455,29459,29002,1221,30223,341
2021-10-27,San Mateo,081,765935,53992,53032,843,53875,571
2021-10-27,Santa Barbara,083,443738,44254,43901,1513,45414,527
2021-10-27,Santa Clara,085,1922200,146537,145081,1290,146371,1902
2021-10-27,Santa Cruz,087,273765,20310,20091,989,21080,221
2021-10-27,Shasta,089,179085,21170,20813,3524,24337,331
2021-10-27,Sierra,091,2930,180,176,20,196,0
2021-10-27,Siskiyou,093,43540,3329,3256,1260,4516,46
2021-10-27,Solano,095,438530,45887,45089,1233,46322,346
2021-10-27,Sonoma,097,501317,41242,40829,514,41343,393
2021-10-27,Stanislaus,099,539301,77878,77687,8690,86377,1191
2021-10-27,Sutter,101,95872,13804,13754,337,14091,177
2021-10-27,Tehama,103,63373,8420,8265,1450,9715,113
2021-10-27,Trinity,105,12862,850,706,207,913,11
2021-10-27,Tulare,107,460477,68034,66568,14557,81125,991
2021-10-27,Tuolumne,109,53932,7167,7009,95,7104,90
2021-10-27,Ventura,111,848112,97850,97108,4243,101351,1172
2021-10-27,Yolo,113,214977,19817,19517,939,20456,250
2021-10-27,Yuba,115,75493,10045,9945,306,10251,82
2021-10-26,Alameda,001,1643700,118831,118360,2703,121063,1407
2021-10-26,Alpine,002,1148,101,105,0,105,0
2021-10-26,Amador,005,37829,5516,5465,56,5521,64
2021-10-26,Butte,007,227075,20739,20387,3828,24215,274
2021-10-26,Calaveras,009,45235,4022,3966,52,4018,81
2021-10-26,Colusa,011,21464,2509,2478,624,3102,18
2021-10-26,Contra Costa,013,1133247,99012,98352,2120,100472,1017
2021-10-26,Del Norte,015,27424,3660,3563,52,3615,42
2021-10-26,El Dorado,017,186661,15958,15690,1677,17367,153
2021-10-26,Fresno,019,978130,138573,136211,12472,148683,2122
2021-10-26,Glenn,021,27897,3474,3431,1001,4432,33
2021-10-26,Humboldt,023,135768,8929,8830,533,9363,105
2021-10-26,Imperial,025,180216,33389,33012,3098,36110,766
2021-10-26,Inyo,027,18085,2293,2200,38,2238,41
2021-10-26,Kern,029,883053,126286,124351,21429,145780,1645
2021-10-26,Kings,031,150075,31950,31382,1880,33262,336
2021-10-26,Lake,033,64148,6685,6584,139,6723,105
2021-10-26,Lassen,035,31185,6800,6689,351,7040,42
2021-10-26,Los Angeles,037,10098052,1434871,1421795,52679,1474474,26599
2021-10-26,Madera,039,155013,22804,22363,2020,24383,283
2021-10-26,Marin,041,260295,17492,17354,440,17794,244
2021-10-26,Mariposa,043,17540,1263,1225,45,1270,5
2021-10-26,Mendocino,045,87422,7450,7308,490,7798,83
2021-10-26,Merced,047,269075,41520,41267,1845,43112,583
2021-10-26,Modoc,049,8938,521,513,185,698,5
2021-10-26,Mono,051,14174,1706,1680,22,1702,3
2021-10-26,Monterey,053,433212,48557,47572,2788,50360,588
2021-10-26,Napa,055,140530,12890,12849,104,12953,101
2021-10-26,Nevada,057,99092,9084,8971,314,9285,90
2021-10-26,Orange,059,3164182,306176,303533,14813,318346,5580
2021-10-26,Placer,061,380077,36828,36245,3569,39814,434
2021-10-26,Plumas,063,18699,1744,1645,33,1678,7
2021-10-26,Riverside,065,2383286,361329,356775,16169,372944,5068
2021-10-26,Sacramento,067,1510023,157769,156643,4489,161132,2228
2021-10-26,San Benito,069,59416,7351,7325,165,7490,71
2021-10-26,San Bernardino,071,2135413,352324,349346,10997,360343,5764
2021-10-26,San Diego,073,3302833,371188,369043,21792,390835,4198
2021-10-26,San Francisco,075,870044,52681,52063,2258,54321,655
2021-10-26,San Joaquin,077,732212,99096,98036,5286,103322,1748
2021-10-26,San Luis Obispo,079,281455,29420,28928,1215,30143,337
2021-10-26,San Mateo,081,765935,53920,52974,840,53814,571
2021-10-26,Santa Barbara,083,443738,44208,43835,1512,45347,525
2021-10-26,Santa Clara,085,1922200,146335,144932,1284,146216,1903
2021-10-26,Santa Cruz,087,273765,20279,20067,989,21056,221
2021-10-26,Shasta,089,179085,21109,20725,3506,24231,330
2021-10-26,Sierra,091,2930,180,169,20,189,0
2021-10-26,Siskiyou,093,43540,3323,3254,1258,4512,46
2021-10-26,Solano,095,438530,45831,45044,1232,46276,344
2021-10-26,Sonoma,097,501317,41161,40794,512,41306,393
2021-10-26,Stanislaus,099,539301,77704,77552,8665,86217,1157
2021-10-26,Sutter,101,95872,13775,13739,336,14075,176
2021-10-26,Tehama,103,63373,8392,8247,1445,9692,112
2021-10-26,Trinity,105,12862,846,705,207,912,11
2021-10-26,Tulare,107,460477,67873,66476,14500,80976,991
2021-10-26,Tuolumne,109,53932,7141,6995,93,7088,90
2021-10-26,Ventura,111,848112,97741,97014,4240,101254,1170
2021-10-26,Yolo,113,214977,19786,19490,938,20428,248
2021-10-26,Yuba,115,75493,10027,9927,301,10228,82
2021-10-25,Alameda,001,1643700,118688,118319,2702,121021,1404
2021-10-25,Alpine,002,1148,101,105,0,105,0
2021-10-25,Amador,005,37829,5502,5455,56,5511,64
2021-10-25,Butte,007,227075,20666,20331,3820,24151,273
2021-10-25,Calaveras,009,45235,3992,3942,51,3993,82
2021-10-25,Colusa,011,21464,2507,2471,622,3093,18
2021-10-25,Contra Costa,013,1133247,98895,98267,2116,100383,1017
2021-10-25,Del Norte,015,27424,3653,3562,52,3614,42
2021-10-25,El Dorado,017,186661,15923,15663,1675,17338,149
2021-10-25,Fresno,019,978130,138138,135974,12436,148410,2112
2021-10-25,Glenn,021,27897,3471,3421,1000,4421,33
2021-10-25,Humboldt,023,135768,8906,8825,528,9353,105
2021-10-25,Imperial,025,180216,33328,32968,3087,36055,766
2021-10-25,Inyo,027,18085,2275,2183,38,2221,41
2021-10-25,Kern,029,883053,125935,124078,21290,145368,1649
2021-10-25,Kings,031,150075,31860,31329,1871,33200,335
2021-10-25,Lake,033,64148,6671,6571,139,6710,105
2021-10-25,Lassen,035,31185,6789,6688,349,7037,42
2021-10-25,Los Angeles,037,10098052,1433516,1421061,52614,1473675,26579
2021-10-25,Madera,039,155013,22750,22325,2013,24338,281
2021-10-25,Marin,041,260295,17470,17334,438,17772,244
2021-10-25,Mariposa,043,17540,1249,1220,45,1265,5
2021-10-25,Mendocino,045,87422,7421,7296,486,7782,82
2021-10-25,Merced,047,269075,41452,41207,1818,43025,583
2021-10-25,Modoc,049,8938,519,512,183,695,5
2021-10-25,Mono,051,14174,1698,1677,22,1699,3
2021-10-25,Monterey,053,433212,48524,47547,2786,50333,587
2021-10-25,Napa,055,140530,12877,12841,104,12945,100
2021-10-25,Nevada,057,99092,9058,8958,314,9272,90
2021-10-25,Orange,059,3164182,305878,303279,14776,318055,5574
2021-10-25,Placer,061,380077,36718,36153,3559,39712,431
2021-10-25,Plumas,063,18699,1732,1641,33,1674,7
2021-10-25,Riverside,065,2383286,360899,356381,16154,372535,5056
2021-10-25,Sacramento,067,1510023,157463,156516,4466,160982,2235
2021-10-25,San Benito,069,59416,7338,7314,164,7478,71
2021-10-25,San Bernardino,071,2135413,351815,349075,10985,360060,5748
2021-10-25,San Diego,073,3302833,370619,368386,21764,390150,4196
2021-10-25,San Francisco,075,870044,52608,52041,2252,54293,649
2021-10-25,San Joaquin,077,732212,98895,97980,5277,103257,1740
2021-10-25,San Luis Obispo,079,281455,29372,28907,1210,30117,336
2021-10-25,San Mateo,081,765935,53859,52927,836,53763,571
2021-10-25,Santa Barbara,083,443738,44149,43775,1512,45287,525
2021-10-25,Santa Clara,085,1922200,146143,144895,1279,146174,1901
2021-10-25,Santa Cruz,087,273765,20250,20053,988,21041,221
2021-10-25,Shasta,089,179085,21037,20666,3500,24166,326
2021-10-25,Sierra,091,2930,180,168,20,188,0
2021-10-25,Siskiyou,093,43540,3319,3248,1253,4501,46
2021-10-25,Solano,095,438530,45770,45022,1230,46252,344
2021-10-25,Sonoma,097,501317,41090,40746,510,41256,393
2021-10-25,Stanislaus,099,539301,77512,77452,8637,86089,1145
2021-10-25,Sutter,101,95872,13761,13721,333,14054,176
2021-10-25,Tehama,103,63373,8365,8224,1441,9665,111
2021-10-25,Trinity,105,12862,841,699,206,905,11
2021-10-25,Tulare,107,460477,67677,66357,14438,80795,986
2021-10-25,Tuolumne,109,53932,7107,6952,92,7044,90
2021-10-25,Ventura,111,848112,97650,96932,4238,101170,1167
2021-10-25,Yolo,113,214977,19736,19457,935,20392,248
2021-10-25,Yuba,115,75493,10011,9924,297,10221,82
2021-10-24,Alameda,001,1643700,118556,117816,2697,120513,1397
2021-10-24,Alpine,002,1148,101,105,0,105,0
2021-10-24,Amador,005,37829,5497,5412,56,5468,64
2021-10-24,Butte,007,227075,20595,20101,3807,23908,273
2021-10-24,Calaveras,009,45235,3973,3865,50,3915,81
2021-10-24,Colusa,011,21464,2504,2458,619,3077,18
2021-10-24,Contra Costa,013,1133247,98777,97855,2107,99962,1008
2021-10-24,Del Norte,015,27424,3649,3540,52,3592,42
2021-10-24,El Dorado,017,186661,15886,15540,1671,17211,149
2021-10-24,Fresno,019,978130,137705,134466,12385,146851,2094
2021-10-24,Glenn,021,27897,3463,3399,998,4397,33
2021-10-24,Humboldt,023,135768,8893,8753,522,9275,105
2021-10-24,Imperial,025,180216,33251,32777,3081,35858,766
2021-10-24,Inyo,027,18085,2243,2108,38,2146,41
2021-10-24,Kern,029,883053,125601,122939,21174,144113,1636
2021-10-24,Kings,031,150075,31731,30942,1856,32798,325
2021-10-24,Lake,033,64148,6648,6501,138,6639,105
2021-10-24,Lassen,035,31185,6772,6632,348,6980,27
2021-10-24,Los Angeles,037,10098052,1432082,1415919,52546,1468465,26527
2021-10-24,Madera,039,155013,22673,22062,2001,24063,281
2021-10-24,Marin,041,260295,17452,17264,437,17701,244
2021-10-24,Mariposa,043,17540,1246,1184,45,1229,5
2021-10-24,Mendocino,045,87422,7398,7220,476,7696,82
2021-10-24,Merced,047,269075,41329,40808,1812,42620,581
2021-10-24,Modoc,049,8938,518,507,183,690,5
2021-10-24,Mono,051,14174,1693,1655,22,1677,3
2021-10-24,Monterey,053,433212,48476,47456,2776,50232,586
2021-10-24,Napa,055,140530,12866,12789,104,12893,100
2021-10-24,Nevada,057,99092,9035,8861,311,9172,90
2021-10-24,Orange,059,3164182,305527,302237,14739,316976,5546
2021-10-24,Placer,061,380077,36616,35822,3545,39367,426
2021-10-24,Plumas,063,18699,1722,1623,32,1655,7
2021-10-24,Riverside,065,2383286,360426,354688,16134,370822,5041
2021-10-24,Sacramento,067,1510023,157121,155125,4443,159568,2232
2021-10-24,San Benito,069,59416,7318,7280,164,7444,71
2021-10-24,San Bernardino,071,2135413,351257,347681,10973,358654,5688
2021-10-24,San Diego,073,3302833,370035,366085,21733,387818,4183
2021-10-24,San Francisco,075,870044,52545,51820,2246,54066,649
2021-10-24,San Joaquin,077,732212,98722,97440,5271,102711,1721
2021-10-24,San Luis Obispo,079,281455,29311,28755,1203,29958,333
2021-10-24,San Mateo,081,765935,53787,52719,836,53555,571
2021-10-24,Santa Barbara,083,443738,44082,43552,1510,45062,523
2021-10-24,Santa Clara,085,1922200,145952,144276,1269,145545,1897
2021-10-24,Santa Cruz,087,273765,20212,19967,987,20954,221
2021-10-24,Shasta,089,179085,20939,20386,3494,23880,321
2021-10-24,Sierra,091,2930,180,168,20,188,0
2021-10-24,Siskiyou,093,43540,3312,3231,1249,4480,46
2021-10-24,Solano,095,438530,45721,44861,1225,46086,341
2021-10-24,Sonoma,097,501317,41007,40476,510,40986,393
2021-10-24,Stanislaus,099,539301,77321,76812,8626,85438,1145
2021-10-24,Sutter,101,95872,13735,13616,325,13941,175
2021-10-24,Tehama,103,63373,8317,8105,1430,9535,110
2021-10-24,Trinity,105,12862,837,696,204,900,11
2021-10-24,Tulare,107,460477,67504,65585,14367,79952,978
2021-10-24,Tuolumne,109,53932,7067,6840,90,6930,90
2021-10-24,Ventura,111,848112,97543,96664,4236,100900,1167
2021-10-24,Yolo,113,214977,19685,19280,935,20215,248
2021-10-24,Yuba,115,75493,9987,9838,296,10134,82
2021-10-23,Alameda,001,1643700,118468,117816,2692,120508,1397
2021-10-23,Alpine,002,1148,101,105,0,105,0
2021-10-23,Amador,005,37829,5490,5412,56,5468,64
2021-10-23,Butte,007,227075,20558,20101,3799,23900,273
2021-10-23,Calaveras,009,45235,3966,3865,49,3914,81
2021-10-23,Colusa,011,21464,2502,2458,618,3076,18
2021-10-23,Contra Costa,013,1133247,98725,97855,2103,99958,1008
2021-10-23,Del Norte,015,27424,3647,3540,52,3592,42
2021-10-23,El Dorado,017,186661,15860,15540,1669,17209,149
2021-10-23,Fresno,019,978130,137525,134466,12372,146838,2094
2021-10-23,Glenn,021,27897,3461,3399,997,4396,33
2021-10-23,Humboldt,023,135768,8879,8753,517,9270,105
2021-10-23,Imperial,025,180216,33203,32777,3077,35854,766
2021-10-23,Inyo,027,18085,2232,2108,38,2146,41
2021-10-23,Kern,029,883053,125441,122939,21087,144026,1636
2021-10-23,Kings,031,150075,31685,30942,1854,32796,325
2021-10-23,Lake,033,64148,6643,6501,138,6639,105
2021-10-23,Lassen,035,31185,6769,6632,346,6978,27
2021-10-23,Los Angeles,037,10098052,1431406,1415919,52492,1468411,26527
2021-10-23,Madera,039,155013,22624,22062,1993,24055,281
2021-10-23,Marin,041,260295,17435,17264,437,17701,244
2021-10-23,Mariposa,043,17540,1243,1184,44,1228,5
2021-10-23,Mendocino,045,87422,7391,7220,475,7695,82
2021-10-23,Merced,047,269075,41288,40808,1807,42615,581
2021-10-23,Modoc,049,8938,516,507,183,690,5
2021-10-23,Mono,051,14174,1687,1655,22,1677,3
2021-10-23,Monterey,053,433212,48459,47456,2772,50228,586
2021-10-23,Napa,055,140530,12861,12789,104,12893,100
2021-10-23,Nevada,057,99092,9024,8861,309,9170,90
2021-10-23,Orange,059,3164182,305340,302237,14724,316961,5546
2021-10-23,Placer,061,380077,36556,35822,3539,39361,426
2021-10-23,Plumas,063,18699,1721,1623,32,1655,7
2021-10-23,Riverside,065,2383286,360103,354688,16127,370815,5041
2021-10-23,Sacramento,067,1510023,156992,155125,4435,159560,2232
2021-10-23,San Benito,069,59416,7308,7280,164,7444,71
2021-10-23,San Bernardino,071,2135413,350986,347681,10965,358646,5688
2021-10-23,San Diego,073,3302833,369693,366085,21702,387787,4183
2021-10-23,San Francisco,075,870044,52509,51820,2245,54065,649
2021-10-23,San Joaquin,077,732212,98653,97440,5262,102702,1721
2021-10-23,San Luis Obispo,079,281455,29273,28755,1201,29956,333
2021-10-23,San Mateo,081,765935,53749,52719,835,53554,571
2021-10-23,Santa Barbara,083,443738,44051,43552,1508,45060,523
2021-10-23,Santa Clara,085,1922200,145841,144276,1265,145541,1897
2021-10-23,Santa Cruz,087,273765,20200,19967,987,20954,221
2021-10-23,Shasta,089,179085,20903,20386,3482,23868,321
2021-10-23,Sierra,091,2930,179,168,20,188,0
2021-10-23,Siskiyou,093,43540,3310,3231,1249,4480,46
2021-10-23,Solano,095,438530,45696,44861,1222,46083,341
2021-10-23,Sonoma,097,501317,40967,40476,510,40986,393
2021-10-23,Stanislaus,099,539301,77232,76812,8606,85418,1145
2021-10-23,Sutter,101,95872,13728,13616,324,13940,175
2021-10-23,Tehama,103,63373,8305,8105,1429,9534,110
2021-10-23,Trinity,105,12862,836,696,204,900,11
2021-10-23,Tulare,107,460477,67416,65585,14308,79893,978
2021-10-23,Tuolumne,109,53932,7046,6840,90,6930,90
2021-10-23,Ventura,111,848112,97482,96664,4236,100900,1167
2021-10-23,Yolo,113,214977,19667,19280,933,20213,248
2021-10-23,Yuba,115,75493,9978,9838,296,10134,82
2021-10-22,Alameda,001,1643700,118386,117816,2689,120505,1397
2021-10-22,Alpine,002,1148,101,105,0,105,0
2021-10-22,Amador,005,37829,5479,5412,56,5468,64
2021-10-22,Butte,007,227075,20526,20101,3795,23896,273
2021-10-22,Calaveras,009,45235,3958,3865,49,3914,81
2021-10-22,Colusa,011,21464,2499,2458,618,3076,18
2021-10-22,Contra Costa,013,1133247,98634,97855,2101,99956,1008
2021-10-22,Del Norte,015,27424,3643,3540,52,3592,42
2021-10-22,El Dorado,017,186661,15847,15540,1667,17207,149
2021-10-22,Fresno,019,978130,137310,134466,12351,146817,2094
2021-10-22,Glenn,021,27897,3451,3399,997,4396,33
2021-10-22,Humboldt,023,135768,8865,8753,516,9269,105
2021-10-22,Imperial,025,180216,33159,32777,3077,35854,766
2021-10-22,Inyo,027,18085,2219,2108,38,2146,41
2021-10-22,Kern,029,883053,125254,122939,21014,143953,1636
2021-10-22,Kings,031,150075,31650,30942,1853,32795,325
2021-10-22,Lake,033,64148,6633,6501,138,6639,105
2021-10-22,Lassen,035,31185,6762,6632,343,6975,27
2021-10-22,Los Angeles,037,10098052,1430641,1415919,52434,1468353,26527
2021-10-22,Madera,039,155013,22574,22062,1981,24043,281
2021-10-22,Marin,041,260295,17424,17264,437,17701,244
2021-10-22,Mariposa,043,17540,1240,1184,44,1228,5
2021-10-22,Mendocino,045,87422,7377,7220,474,7694,82
2021-10-22,Merced,047,269075,41251,40808,1800,42608,581
2021-10-22,Modoc,049,8938,516,507,183,690,5
2021-10-22,Mono,051,14174,1685,1655,22,1677,3
2021-10-22,Monterey,053,433212,48425,47456,2770,50226,586
2021-10-22,Napa,055,140530,12855,12789,104,12893,100
2021-10-22,Nevada,057,99092,9007,8861,308,9169,90
2021-10-22,Orange,059,3164182,305124,302237,14694,316931,5546
2021-10-22,Placer,061,380077,36526,35822,3530,39352,426
2021-10-22,Plumas,063,18699,1715,1623,32,1655,7
2021-10-22,Riverside,065,2383286,359791,354688,16122,370810,5041
2021-10-22,Sacramento,067,1510023,156805,155125,4426,159551,2232
2021-10-22,San Benito,069,59416,7303,7280,164,7444,71
2021-10-22,San Bernardino,071,2135413,350656,347681,10950,358631,5688
2021-10-22,San Diego,073,3302833,369295,366085,21684,387769,4183
2021-10-22,San Francisco,075,870044,52471,51820,2238,54058,649
2021-10-22,San Joaquin,077,732212,98592,97440,5259,102699,1721
2021-10-22,San Luis Obispo,079,281455,29243,28755,1201,29956,333
2021-10-22,San Mateo,081,765935,53698,52719,829,53548,571
2021-10-22,Santa Barbara,083,443738,44010,43552,1508,45060,523
2021-10-22,Santa Clara,085,1922200,145683,144276,1258,145534,1897
2021-10-22,Santa Cruz,087,273765,20178,19967,987,20954,221
2021-10-22,Shasta,089,179085,20870,20386,3479,23865,321
2021-10-22,Sierra,091,2930,178,168,19,187,0
2021-10-22,Siskiyou,093,43540,3308,3231,1246,4477,46
2021-10-22,Solano,095,438530,45661,44861,1218,46079,341
2021-10-22,Sonoma,097,501317,40910,40476,510,40986,393
2021-10-22,Stanislaus,099,539301,77129,76812,8589,85401,1145
2021-10-22,Sutter,101,95872,13713,13616,324,13940,175
2021-10-22,Tehama,103,63373,8284,8105,1424,9529,110
2021-10-22,Trinity,105,12862,835,696,204,900,11
2021-10-22,Tulare,107,460477,67328,65585,14256,79841,978
2021-10-22,Tuolumne,109,53932,7011,6840,90,6930,90
2021-10-22,Ventura,111,848112,97429,96664,4230,100894,1167
2021-10-22,Yolo,113,214977,19640,19280,932,20212,248
2021-10-22,Yuba,115,75493,9964,9838,294,10132,82
2021-10-21,Alameda,001,1643700,118271,117816,2683,120499,1397
2021-10-21,Alpine,002,1148,101,105,0,105,0
2021-10-21,Amador,005,37829,5471,5412,56,5468,64
2021-10-21,Butte,007,227075,20442,20101,3779,23880,273
2021-10-21,Calaveras,009,45235,3939,3865,49,3914,81
2021-10-21,Colusa,011,21464,2495,2458,614,3072,18
2021-10-21,Contra Costa,013,1133247,98517,97855,2096,99951,1008
2021-10-21,Del Norte,015,27424,3637,3540,51,3591,42
2021-10-21,El Dorado,017,186661,15818,15540,1660,17200,149
2021-10-21,Fresno,019,978130,136959,134466,12306,146772,2094
2021-10-21,Glenn,021,27897,3447,3399,994,4393,33
2021-10-21,Humboldt,023,135768,8851,8753,512,9265,105
2021-10-21,Imperial,025,180216,33104,32777,3073,35850,766
2021-10-21,Inyo,027,18085,2197,2108,38,2146,41
2021-10-21,Kern,029,883053,125007,122939,20905,143844,1636
2021-10-21,Kings,031,150075,31552,30942,1847,32789,325
2021-10-21,Lake,033,64148,6619,6501,137,6638,105
2021-10-21,Lassen,035,31185,6749,6632,339,6971,27
2021-10-21,Los Angeles,037,10098052,1429520,1415919,52387,1468306,26527
2021-10-21,Madera,039,155013,22516,22062,1971,24033,281
2021-10-21,Marin,041,260295,17406,17264,437,17701,244
2021-10-21,Mariposa,043,17540,1234,1184,43,1227,5
2021-10-21,Mendocino,045,87422,7359,7220,467,7687,82
2021-10-21,Merced,047,269075,41154,40808,1789,42597,581
2021-10-21,Modoc,049,8938,516,507,183,690,5
2021-10-21,Mono,051,14174,1676,1655,22,1677,3
2021-10-21,Monterey,053,433212,48391,47456,2759,50215,586
2021-10-21,Napa,055,140530,12843,12789,104,12893,100
2021-10-21,Nevada,057,99092,8982,8861,308,9169,90
2021-10-21,Orange,059,3164182,304852,302237,14658,316895,5546
2021-10-21,Placer,061,380077,36434,35822,3517,39339,426
2021-10-21,Plumas,063,18699,1701,1623,32,1655,7
2021-10-21,Riverside,065,2383286,359346,354688,16112,370800,5041
2021-10-21,Sacramento,067,1510023,156485,155125,4400,159525,2232
2021-10-21,San Benito,069,59416,7296,7280,162,7442,71
2021-10-21,San Bernardino,071,2135413,350276,347681,10916,358597,5688
2021-10-21,San Diego,073,3302833,368783,366085,21654,387739,4183
2021-10-21,San Francisco,075,870044,52416,51820,2237,54057,649
2021-10-21,San Joaquin,077,732212,98454,97440,5252,102692,1721
2021-10-21,San Luis Obispo,079,281455,29201,28755,1199,29954,333
2021-10-21,San Mateo,081,765935,53651,52719,828,53547,571
2021-10-21,Santa Barbara,083,443738,43944,43552,1506,45058,523
2021-10-21,Santa Clara,085,1922200,145509,144276,1254,145530,1897
2021-10-21,Santa Cruz,087,273765,20154,19967,985,20952,221
2021-10-21,Shasta,089,179085,20809,20386,3464,23850,321
2021-10-21,Sierra,091,2930,177,168,18,186,0
2021-10-21,Siskiyou,093,43540,3303,3231,1244,4475,46
2021-10-21,Solano,095,438530,45609,44861,1216,46077,341
2021-10-21,Sonoma,097,501317,40841,40476,508,40984,393
2021-10-21,Stanislaus,099,539301,76960,76812,8578,85390,1145
2021-10-21,Sutter,101,95872,13685,13616,320,13936,175
2021-10-21,Tehama,103,63373,8256,8105,1417,9522,110
2021-10-21,Trinity,105,12862,833,696,204,900,11
2021-10-21,Tulare,107,460477,67139,65585,14188,79773,978
2021-10-21,Tuolumne,109,53932,6973,6840,89,6929,90
2021-10-21,Ventura,111,848112,97340,96664,4228,100892,1167
2021-10-21,Yolo,113,214977,19594,19280,931,20211,248
2021-10-21,Yuba,115,75493,9940,9838,293,10131,82
2021-10-20,Alameda,001,1643700,118150,117654,2683,120337,1390
2021-10-20,Alpine,002,1148,101,103,0,103,0
2021-10-20,Amador,005,37829,5463,5379,56,5435,64
2021-10-20,Butte,007,227075,20387,20021,3763,23784,270
2021-10-20,Calaveras,009,45235,3919,3844,48,3892,81
2021-10-20,Colusa,011,21464,2491,2454,612,3066,18
2021-10-20,Contra Costa,013,1133247,98402,97721,2092,99813,1008
2021-10-20,Del Norte,015,27424,3633,3536,51,3587,42
2021-10-20,El Dorado,017,186661,15789,15502,1657,17159,149
2021-10-20,Fresno,019,978130,136556,134025,12265,146290,2084
2021-10-20,Glenn,021,27897,3439,3382,993,4375,33
2021-10-20,Humboldt,023,135768,8829,8727,510,9237,105
2021-10-20,Imperial,025,180216,33030,32705,3065,35770,766
2021-10-20,Inyo,027,18085,2178,2077,37,2114,40
2021-10-20,Kern,029,883053,124713,122630,20787,143417,1623
2021-10-20,Kings,031,150075,31476,30805,1837,32642,322
2021-10-20,Lake,033,64148,6597,6475,136,6611,104
2021-10-20,Lassen,035,31185,6734,6622,339,6961,27
2021-10-20,Los Angeles,037,10098052,1428402,1414931,52316,1467247,26506
2021-10-20,Madera,039,155013,22447,21983,1962,23945,281
2021-10-20,Marin,041,260295,17385,17250,436,17686,244
2021-10-20,Mariposa,043,17540,1227,1174,43,1217,5
2021-10-20,Mendocino,045,87422,7331,7189,464,7653,82
2021-10-20,Merced,047,269075,41073,40685,1773,42458,581
2021-10-20,Modoc,049,8938,516,504,183,687,5
2021-10-20,Mono,051,14174,1676,1653,22,1675,3
2021-10-20,Monterey,053,433212,48359,47430,2750,50180,587
2021-10-20,Napa,055,140530,12829,12773,103,12876,100
2021-10-20,Nevada,057,99092,8954,8836,308,9144,90
2021-10-20,Orange,059,3164182,304564,301957,14636,316593,5534
2021-10-20,Placer,061,380077,36344,35729,3508,39237,425
2021-10-20,Plumas,063,18699,1694,1604,32,1636,7
2021-10-20,Riverside,065,2383286,358902,354311,16095,370406,5030
2021-10-20,Sacramento,067,1510023,156185,154822,4376,159198,2222
2021-10-20,San Benito,069,59416,7293,7275,160,7435,71
2021-10-20,San Bernardino,071,2135413,349874,347217,10885,358102,5663
2021-10-20,San Diego,073,3302833,368276,365698,21635,387333,4178
2021-10-20,San Francisco,075,870044,52367,51755,2236,53991,646
2021-10-20,San Joaquin,077,732212,98309,97246,5244,102490,1721
2021-10-20,San Luis Obispo,079,281455,29155,28727,1195,29922,332
2021-10-20,San Mateo,081,765935,53580,52663,820,53483,571
2021-10-20,Santa Barbara,083,443738,43881,43489,1505,44994,523
2021-10-20,Santa Clara,085,1922200,145368,144124,1249,145373,1896
2021-10-20,Santa Cruz,087,273765,20141,19951,985,20936,219
2021-10-20,Shasta,089,179085,20747,20313,3437,23750,320
2021-10-20,Sierra,091,2930,177,168,18,186,0
2021-10-20,Siskiyou,093,43540,3303,3224,1238,4462,46
2021-10-20,Solano,095,438530,45577,44819,1214,46033,341
2021-10-20,Sonoma,097,501317,40794,40404,508,40912,393
2021-10-20,Stanislaus,099,539301,76810,76631,8559,85190,1145
2021-10-20,Sutter,101,95872,13661,13592,314,13906,175
2021-10-20,Tehama,103,63373,8225,8081,1406,9487,110
2021-10-20,Trinity,105,12862,833,693,203,896,11
2021-10-20,Tulare,107,460477,66964,65413,14144,79557,967
2021-10-20,Tuolumne,109,53932,6950,6803,89,6892,89
2021-10-20,Ventura,111,848112,97258,96610,4223,100833,1166
2021-10-20,Yolo,113,214977,19549,19236,929,20165,248
2021-10-20,Yuba,115,75493,9923,9808,290,10098,82
2021-10-19,Alameda,001,1643700,118027,117542,2677,120219,1383
2021-10-19,Alpine,002,1148,101,103,0,103,0
2021-10-19,Amador,005,37829,5447,5367,56,5423,64
2021-10-19,Butte,007,227075,20334,19974,3755,23729,268
2021-10-19,Calaveras,009,45235,3902,3826,47,3873,80
2021-10-19,Colusa,011,21464,2488,2447,610,3057,18
2021-10-19,Contra Costa,013,1133247,98311,97613,2087,99700,1004
2021-10-19,Del Norte,015,27424,3626,3531,51,3582,42
2021-10-19,El Dorado,017,186661,15764,15478,1652,17130,149
2021-10-19,Fresno,019,978130,136190,133813,12216,146029,2073
2021-10-19,Glenn,021,27897,3435,3380,991,4371,33
2021-10-19,Humboldt,023,135768,8805,8714,504,9218,105
2021-10-19,Imperial,025,180216,32965,32632,3061,35693,764
2021-10-19,Inyo,027,18085,2147,2045,37,2082,40
2021-10-19,Kern,029,883053,124396,122391,20663,143054,1613
2021-10-19,Kings,031,150075,31382,30757,1830,32587,322
2021-10-19,Lake,033,64148,6593,6465,136,6601,104
2021-10-19,Lassen,035,31185,6728,6612,335,6947,27
2021-10-19,Los Angeles,037,10098052,1427155,1413882,52244,1466126,26473
2021-10-19,Madera,039,155013,22384,21950,1954,23904,281
2021-10-19,Marin,041,260295,17371,17241,433,17674,244
2021-10-19,Mariposa,043,17540,1221,1171,41,1212,5
2021-10-19,Mendocino,045,87422,7315,7172,461,7633,82
2021-10-19,Merced,047,269075,40958,40628,1752,42380,580
2021-10-19,Modoc,049,8938,514,502,183,685,5
2021-10-19,Mono,051,14174,1672,1651,22,1673,3
2021-10-19,Monterey,053,433212,48322,47412,2739,50151,583
2021-10-19,Napa,055,140530,12822,12769,103,12872,100
2021-10-19,Nevada,057,99092,8933,8829,307,9136,90
2021-10-19,Orange,059,3164182,304307,301700,14603,316303,5527
2021-10-19,Placer,061,380077,36224,35663,3493,39156,422
2021-10-19,Plumas,063,18699,1676,1586,32,1618,8
2021-10-19,Riverside,065,2383286,358483,353891,16088,369979,5020
2021-10-19,Sacramento,067,1510023,155880,154570,4349,158919,2227
2021-10-19,San Benito,069,59416,7278,7264,160,7424,71
2021-10-19,San Bernardino,071,2135413,349471,346814,10856,357670,5627
2021-10-19,San Diego,073,3302833,367694,365285,21604,386889,4170
2021-10-19,San Francisco,075,870044,52304,51704,2234,53938,645
2021-10-19,San Joaquin,077,732212,98141,97105,5233,102338,1721
2021-10-19,San Luis Obispo,079,281455,29107,28670,1192,29862,332
2021-10-19,San Mateo,081,765935,53522,52617,818,53435,571
2021-10-19,Santa Barbara,083,443738,43814,43413,1504,44917,522
2021-10-19,Santa Clara,085,1922200,145192,143989,1242,145231,1898
2021-10-19,Santa Cruz,087,273765,20117,19895,983,20878,218
2021-10-19,Shasta,089,179085,20670,20209,3429,23638,319
2021-10-19,Sierra,091,2930,174,168,18,186,0
2021-10-19,Siskiyou,093,43540,3299,3216,1233,4449,46
2021-10-19,Solano,095,438530,45536,44782,1208,45990,341
2021-10-19,Sonoma,097,501317,40720,40379,507,40886,392
2021-10-19,Stanislaus,099,539301,76668,76526,8547,85073,1145
2021-10-19,Sutter,101,95872,13637,13569,313,13882,174
2021-10-19,Tehama,103,63373,8194,8057,1391,9448,108
2021-10-19,Trinity,105,12862,826,691,203,894,11
2021-10-19,Tulare,107,460477,66778,65253,14076,79329,958
2021-10-19,Tuolumne,109,53932,6922,6782,88,6870,89
2021-10-19,Ventura,111,848112,97181,96539,4218,100757,1166
2021-10-19,Yolo,113,214977,19500,19206,928,20134,248
2021-10-19,Yuba,115,75493,9905,9796,289,10085,82
2021-10-18,Alameda,001,1643700,117890,117506,2667,120173,1381
2021-10-18,Alpine,002,1148,101,103,0,103,0
2021-10-18,Amador,005,37829,5436,5345,56,5401,64
2021-10-18,Butte,007,227075,20284,19921,3742,23663,265
2021-10-18,Calaveras,009,45235,3877,3819,46,3865,80
2021-10-18,Colusa,011,21464,2487,2444,608,3052,18
2021-10-18,Contra Costa,013,1133247,98199,97585,2083,99668,995
2021-10-18,Del Norte,015,27424,3619,3529,51,3580,41
2021-10-18,El Dorado,017,186661,15734,15452,1650,17102,149
2021-10-18,Fresno,019,978130,135786,133688,12173,145861,2063
2021-10-18,Glenn,021,27897,3431,3370,987,4357,32
2021-10-18,Humboldt,023,135768,8785,8699,496,9195,104
2021-10-18,Imperial,025,180216,32873,32558,3061,35619,764
2021-10-18,Inyo,027,18085,2129,2020,37,2057,40
2021-10-18,Kern,029,883053,124097,122231,20569,142800,1605
2021-10-18,Kings,031,150075,31269,30698,1817,32515,320
2021-10-18,Lake,033,64148,6574,6455,132,6587,104
2021-10-18,Lassen,035,31185,6708,6607,332,6939,26
2021-10-18,Los Angeles,037,10098052,1425912,1413291,52167,1465458,26446
2021-10-18,Madera,039,155013,22330,21909,1941,23850,277
2021-10-18,Marin,041,260295,17352,17232,430,17662,244
2021-10-18,Mariposa,043,17540,1213,1160,41,1201,5
2021-10-18,Mendocino,045,87422,7296,7156,453,7609,82
2021-10-18,Merced,047,269075,40835,40573,1741,42314,579
2021-10-18,Modoc,049,8938,514,498,183,681,5
2021-10-18,Mono,051,14174,1666,1648,21,1669,3
2021-10-18,Monterey,053,433212,48300,47389,2734,50123,583
2021-10-18,Napa,055,140530,12807,12762,103,12865,100
2021-10-18,Nevada,057,99092,8914,8816,307,9123,90
2021-10-18,Orange,059,3164182,303968,301573,14568,316141,5524
2021-10-18,Placer,061,380077,36148,35598,3489,39087,420
2021-10-18,Plumas,063,18699,1668,1579,32,1611,6
2021-10-18,Riverside,065,2383286,358065,353699,16074,369773,5008
2021-10-18,Sacramento,067,1510023,155575,154428,4319,158747,2203
2021-10-18,San Benito,069,59416,7266,7253,160,7413,71
2021-10-18,San Bernardino,071,2135413,349050,346742,10842,357584,5606
2021-10-18,San Diego,073,3302833,367138,364948,21566,386514,4169
2021-10-18,San Francisco,075,870044,52241,51671,2228,53899,644
2021-10-18,San Joaquin,077,732212,97975,97041,5223,102264,1721
2021-10-18,San Luis Obispo,079,281455,29068,28644,1189,29833,331
2021-10-18,San Mateo,081,765935,53457,52594,817,53411,571
2021-10-18,Santa Barbara,083,443738,43755,43386,1502,44888,522
2021-10-18,Santa Clara,085,1922200,145036,143891,1234,145125,1895
2021-10-18,Santa Cruz,087,273765,20103,19876,981,20857,218
2021-10-18,Shasta,089,179085,20591,20146,3418,23564,313
2021-10-18,Sierra,091,2930,174,166,18,184,0
2021-10-18,Siskiyou,093,43540,3296,3210,1225,4435,42
2021-10-18,Solano,095,438530,45492,44758,1205,45963,339
2021-10-18,Sonoma,097,501317,40656,40349,504,40853,392
2021-10-18,Stanislaus,099,539301,76503,76466,8533,84999,1145
2021-10-18,Sutter,101,95872,13603,13557,311,13868,172
2021-10-18,Tehama,103,63373,8158,8042,1380,9422,107
2021-10-18,Trinity,105,12862,825,688,203,891,11
2021-10-18,Tulare,107,460477,66603,65171,14012,79183,958
2021-10-18,Tuolumne,109,53932,6893,6755,88,6843,89
2021-10-18,Ventura,111,848112,97089,96506,4215,100721,1165
2021-10-18,Yolo,113,214977,19461,19197,927,20124,248
2021-10-18,Yuba,115,75493,9878,9782,287,10069,82
2021-10-17,Alameda,001,1643700,117738,117423,2662,120085,1376
2021-10-17,Alpine,002,1148,101,103,0,103,0
2021-10-17,Amador,005,37829,5413,5341,56,5397,64
2021-10-17,Butte,007,227075,20199,19897,3731,23628,265
2021-10-17,Calaveras,009,45235,3860,3805,46,3851,80
2021-10-17,Colusa,011,21464,2482,2442,601,3043,18
2021-10-17,Contra Costa,013,1133247,98078,97485,2072,99557,995
2021-10-17,Del Norte,015,27424,3614,3526,51,3577,41
2021-10-17,El Dorado,017,186661,15676,15438,1643,17081,149
2021-10-17,Fresno,019,978130,135317,133429,12128,145557,2063
2021-10-17,Glenn,021,27897,3421,3364,982,4346,32
2021-10-17,Humboldt,023,135768,8765,8690,493,9183,104
2021-10-17,Imperial,025,180216,32791,32520,3054,35574,764
2021-10-17,Inyo,027,18085,2101,2000,37,2037,40
2021-10-17,Kern,029,883053,123747,122085,20471,142556,1603
2021-10-17,Kings,031,150075,31156,30636,1809,32445,315
2021-10-17,Lake,033,64148,6558,6437,132,6569,104
2021-10-17,Lassen,035,31185,6696,6605,328,6933,26
2021-10-17,Los Angeles,037,10098052,1424576,1412371,52095,1464466,26443
2021-10-17,Madera,039,155013,22268,21869,1930,23799,277
2021-10-17,Marin,041,260295,17330,17211,430,17641,243
2021-10-17,Mariposa,043,17540,1206,1150,41,1191,5
2021-10-17,Mendocino,045,87422,7267,7148,447,7595,82
2021-10-17,Merced,047,269075,40709,40531,1725,42256,579
2021-10-17,Modoc,049,8938,511,498,181,679,5
2021-10-17,Mono,051,14174,1664,1640,20,1660,3
2021-10-17,Monterey,053,433212,48259,47369,2724,50093,583
2021-10-17,Napa,055,140530,12791,12753,100,12853,100
2021-10-17,Nevada,057,99092,8897,8794,306,9100,90
2021-10-17,Orange,059,3164182,303653,301414,14535,315949,5524
2021-10-17,Placer,061,380077,36048,35559,3474,39033,420
2021-10-17,Plumas,063,18699,1644,1571,31,1602,6
2021-10-17,Riverside,065,2383286,357581,353500,16060,369560,5008
2021-10-17,Sacramento,067,1510023,155176,154080,4302,158382,2213
2021-10-17,San Benito,069,59416,7257,7250,159,7409,71
2021-10-17,San Bernardino,071,2135413,348614,346524,10822,357346,5597
2021-10-17,San Diego,073,3302833,366547,364675,21538,386213,4163
2021-10-17,San Francisco,075,870044,52169,51625,2219,53844,644
2021-10-17,San Joaquin,077,732212,97802,96950,5214,102164,1721
2021-10-17,San Luis Obispo,079,281455,29016,28604,1181,29785,331
2021-10-17,San Mateo,081,765935,53405,52541,813,53354,571
2021-10-17,Santa Barbara,083,443738,43692,43344,1501,44845,522
2021-10-17,Santa Clara,085,1922200,144858,143768,1225,144993,1895
2021-10-17,Santa Cruz,087,273765,20076,19861,979,20840,218
2021-10-17,Shasta,089,179085,20501,20116,3408,23524,312
2021-10-17,Sierra,091,2930,172,165,18,183,0
2021-10-17,Siskiyou,093,43540,3288,3204,1222,4426,42
2021-10-17,Solano,095,438530,45435,44722,1204,45926,340
2021-10-17,Sonoma,097,501317,40581,40306,503,40809,392
2021-10-17,Stanislaus,099,539301,76305,76354,8519,84873,1145
2021-10-17,Sutter,101,95872,13586,13543,309,13852,172
2021-10-17,Tehama,103,63373,8126,8015,1364,9379,107
2021-10-17,Trinity,105,12862,822,686,202,888,11
2021-10-17,Tulare,107,460477,66419,65057,13940,78997,958
2021-10-17,Tuolumne,109,53932,6859,6735,87,6822,89
2021-10-17,Ventura,111,848112,96988,96458,4212,100670,1165
2021-10-17,Yolo,113,214977,19417,19171,920,20091,248
2021-10-17,Yuba,115,75493,9852,9771,285,10056,82
2021-10-16,Alameda,001,1643700,117649,117027,2660,119687,1365
2021-10-16,Alpine,002,1148,100,102,0,102,0
2021-10-16,Amador,005,37829,5406,5310,56,5366,64
2021-10-16,Butte,007,227075,20168,19612,3721,23333,260
2021-10-16,Calaveras,009,45235,3853,3771,46,3817,80
2021-10-16,Colusa,011,21464,2478,2431,598,3029,18
2021-10-16,Contra Costa,013,1133247,97987,97107,2065,99172,982
2021-10-16,Del Norte,015,27424,3611,3516,51,3567,41
2021-10-16,El Dorado,017,186661,15654,15315,1641,16956,149
2021-10-16,Fresno,019,978130,135163,132433,12111,144544,2051
2021-10-16,Glenn,021,27897,3415,3331,982,4313,26
2021-10-16,Humboldt,023,135768,8754,8621,488,9109,104
2021-10-16,Imperial,025,180216,32776,32368,3052,35420,764
2021-10-16,Inyo,027,18085,2087,1932,37,1969,39
2021-10-16,Kern,029,883053,123591,121354,20390,141744,1590
2021-10-16,Kings,031,150075,31110,30418,1806,32224,314
2021-10-16,Lake,033,64148,6547,6378,132,6510,104
2021-10-16,Lassen,035,31185,6687,6559,324,6883,26
2021-10-16,Los Angeles,037,10098052,1423923,1409418,52042,1461460,26398
2021-10-16,Madera,039,155013,22224,21707,1926,23633,277
2021-10-16,Marin,041,260295,17319,17148,430,17578,243
2021-10-16,Mariposa,043,17540,1203,1096,41,1137,5
2021-10-16,Mendocino,045,87422,7256,7099,447,7546,82
2021-10-16,Merced,047,269075,40677,40265,1723,41988,577
2021-10-16,Modoc,049,8938,508,492,181,673,5
2021-10-16,Mono,051,14174,1660,1628,20,1648,3
2021-10-16,Monterey,053,433212,48242,47293,2716,50009,582
2021-10-16,Napa,055,140530,12780,12706,100,12806,100
2021-10-16,Nevada,057,99092,8877,8739,306,9045,90
2021-10-16,Orange,059,3164182,303477,300722,14510,315232,5509
2021-10-16,Placer,061,380077,35963,35343,3468,38811,412
2021-10-16,Plumas,063,18699,1639,1542,30,1572,6
2021-10-16,Riverside,065,2383286,357308,352435,16048,368483,4990
2021-10-16,Sacramento,067,1510023,154978,153264,4298,157562,2192
2021-10-16,San Benito,069,59416,7244,7210,158,7368,71
2021-10-16,San Bernardino,071,2135413,348406,345418,10814,356232,5566
2021-10-16,San Diego,073,3302833,366231,363109,21522,384631,4151
2021-10-16,San Francisco,075,870044,52122,51436,2215,53651,645
2021-10-16,San Joaquin,077,732212,97731,96507,5211,101718,1708
2021-10-16,San Luis Obispo,079,281455,28990,28460,1180,29640,329
2021-10-16,San Mateo,081,765935,53356,52399,812,53211,569
2021-10-16,Santa Barbara,083,443738,43656,43175,1500,44675,521
2021-10-16,Santa Clara,085,1922200,144758,143282,1217,144499,1890
2021-10-16,Santa Cruz,087,273765,20060,19794,978,20772,218
2021-10-16,Shasta,089,179085,20451,19932,3397,23329,309
2021-10-16,Sierra,091,2930,170,160,18,178,0
2021-10-16,Siskiyou,093,43540,3286,3173,1215,4388,42
2021-10-16,Solano,095,438530,45409,44585,1200,45785,334
2021-10-16,Sonoma,097,501317,40541,40195,503,40698,390
2021-10-16,Stanislaus,099,539301,76219,75868,8509,84377,1142
2021-10-16,Sutter,101,95872,13567,13471,308,13779,169
2021-10-16,Tehama,103,63373,8113,7907,1359,9266,104
2021-10-16,Trinity,105,12862,822,679,202,881,11
2021-10-16,Tulare,107,460477,66281,64489,13909,78398,951
2021-10-16,Tuolumne,109,53932,6827,6666,87,6753,89
2021-10-16,Ventura,111,848112,96955,96181,4207,100388,1164
2021-10-16,Yolo,113,214977,19389,19078,916,19994,247
2021-10-16,Yuba,115,75493,9828,9705,282,9987,82
2021-10-15,Alameda,001,1643700,117577,117027,2656,119683,1365
2021-10-15,Alpine,002,1148,100,102,0,102,0
2021-10-15,Amador,005,37829,5382,5310,56,5366,64
2021-10-15,Butte,007,227075,20132,19612,3713,23325,260
2021-10-15,Calaveras,009,45235,3847,3771,46,3817,80
2021-10-15,Colusa,011,21464,2476,2431,595,3026,18
2021-10-15,Contra Costa,013,1133247,97905,97107,2062,99169,982
2021-10-15,Del Norte,015,27424,3609,3516,51,3567,41
2021-10-15,El Dorado,017,186661,15634,15315,1636,16951,149
2021-10-15,Fresno,019,978130,134909,132433,12101,144534,2051
2021-10-15,Glenn,021,27897,3409,3331,981,4312,26
2021-10-15,Humboldt,023,135768,8745,8621,486,9107,104
2021-10-15,Imperial,025,180216,32729,32368,3048,35416,764
2021-10-15,Inyo,027,18085,2069,1932,37,1969,39
2021-10-15,Kern,029,883053,123455,121354,20316,141670,1590
2021-10-15,Kings,031,150075,31054,30418,1802,32220,314
2021-10-15,Lake,033,64148,6538,6378,132,6510,104
2021-10-15,Lassen,035,31185,6675,6559,323,6882,26
2021-10-15,Los Angeles,037,10098052,1423237,1409418,51994,1461412,26398
2021-10-15,Madera,039,155013,22180,21707,1918,23625,277
2021-10-15,Marin,041,260295,17308,17148,430,17578,243
2021-10-15,Mariposa,043,17540,1195,1096,41,1137,5
2021-10-15,Mendocino,045,87422,7241,7099,447,7546,82
2021-10-15,Merced,047,269075,40647,40265,1720,41985,577
2021-10-15,Modoc,049,8938,507,492,181,673,5
2021-10-15,Mono,051,14174,1657,1628,20,1648,3
2021-10-15,Monterey,053,433212,48220,47293,2714,50007,582
2021-10-15,Napa,055,140530,12776,12706,100,12806,100
2021-10-15,Nevada,057,99092,8862,8739,306,9045,90
2021-10-15,Orange,059,3164182,303309,300722,14492,315214,5509
2021-10-15,Placer,061,380077,35909,35343,3462,38805,412
2021-10-15,Plumas,063,18699,1631,1542,30,1572,6
2021-10-15,Riverside,065,2383286,357063,352435,16043,368478,4990
2021-10-15,Sacramento,067,1510023,154789,153264,4288,157552,2192
2021-10-15,San Benito,069,59416,7241,7210,158,7368,71
2021-10-15,San Bernardino,071,2135413,348174,345418,10811,356229,5566
2021-10-15,San Diego,073,3302833,365872,363109,21497,384606,4151
2021-10-15,San Francisco,075,870044,52082,51436,2208,53644,645
2021-10-15,San Joaquin,077,732212,97652,96507,5204,101711,1708
2021-10-15,San Luis Obispo,079,281455,28969,28460,1178,29638,329
2021-10-15,San Mateo,081,765935,53312,52399,811,53210,569
2021-10-15,Santa Barbara,083,443738,43618,43175,1500,44675,521
2021-10-15,Santa Clara,085,1922200,144637,143282,1209,144491,1890
2021-10-15,Santa Cruz,087,273765,20049,19794,978,20772,218
2021-10-15,Shasta,089,179085,20395,19932,3389,23321,309
2021-10-15,Sierra,091,2930,170,160,18,178,0
2021-10-15,Siskiyou,093,43540,3285,3173,1212,4385,42
2021-10-15,Solano,095,438530,45383,44585,1200,45785,334
2021-10-15,Sonoma,097,501317,40507,40195,502,40697,390
2021-10-15,Stanislaus,099,539301,76139,75868,8493,84361,1142
2021-10-15,Sutter,101,95872,13550,13471,306,13777,169
2021-10-15,Tehama,103,63373,8091,7907,1354,9261,104
2021-10-15,Trinity,105,12862,822,679,202,881,11
2021-10-15,Tulare,107,460477,66203,64489,13872,78361,951
2021-10-15,Tuolumne,109,53932,6804,6666,85,6751,89
2021-10-15,Ventura,111,848112,96912,96181,4204,100385,1164
2021-10-15,Yolo,113,214977,19372,19078,914,19992,247
2021-10-15,Yuba,115,75493,9818,9705,281,9986,82
2021-10-14,Alameda,001,1643700,117469,117027,2651,119678,1365
2021-10-14,Alpine,002,1148,100,102,0,102,0
2021-10-14,Amador,005,37829,5371,5310,56,5366,64
2021-10-14,Butte,007,227075,20080,19612,3707,23319,260
2021-10-14,Calaveras,009,45235,3833,3771,45,3816,80
2021-10-14,Colusa,011,21464,2474,2431,593,3024,18
2021-10-14,Contra Costa,013,1133247,97770,97107,2055,99162,982
2021-10-14,Del Norte,015,27424,3603,3516,51,3567,41
2021-10-14,El Dorado,017,186661,15596,15315,1633,16948,149
2021-10-14,Fresno,019,978130,134613,132433,12071,144504,2051
2021-10-14,Glenn,021,27897,3404,3331,980,4311,26
2021-10-14,Humboldt,023,135768,8728,8621,483,9104,104
2021-10-14,Imperial,025,180216,32666,32368,3041,35409,764
2021-10-14,Inyo,027,18085,2050,1932,37,1969,39
2021-10-14,Kern,029,883053,123183,121354,20217,141571,1590
2021-10-14,Kings,031,150075,30988,30418,1794,32212,314
2021-10-14,Lake,033,64148,6517,6378,131,6509,104
2021-10-14,Lassen,035,31185,6669,6559,322,6881,26
2021-10-14,Los Angeles,037,10098052,1422251,1409418,51945,1461363,26398
2021-10-14,Madera,039,155013,22115,21707,1912,23619,277
2021-10-14,Marin,041,260295,17303,17148,427,17575,243
2021-10-14,Mariposa,043,17540,1182,1096,40,1136,5
2021-10-14,Mendocino,045,87422,7227,7099,445,7544,82
2021-10-14,Merced,047,269075,40558,40265,1706,41971,577
2021-10-14,Modoc,049,8938,507,492,181,673,5
2021-10-14,Mono,051,14174,1650,1628,20,1648,3
2021-10-14,Monterey,053,433212,48195,47293,2709,50002,582
2021-10-14,Napa,055,140530,12761,12706,100,12806,100
2021-10-14,Nevada,057,99092,8835,8739,304,9043,90
2021-10-14,Orange,059,3164182,303101,300722,14474,315196,5509
2021-10-14,Placer,061,380077,35841,35343,3448,38791,412
2021-10-14,Plumas,063,18699,1616,1542,30,1572,6
2021-10-14,Riverside,065,2383286,356667,352435,16032,368467,4990
2021-10-14,Sacramento,067,1510023,154539,153264,4268,157532,2192
2021-10-14,San Benito,069,59416,7230,7210,158,7368,71
2021-10-14,San Bernardino,071,2135413,347817,345418,10804,356222,5566
2021-10-14,San Diego,073,3302833,365432,363109,21470,384579,4151
2021-10-14,San Francisco,075,870044,52026,51436,2204,53640,645
2021-10-14,San Joaquin,077,732212,97523,96507,5195,101702,1708
2021-10-14,San Luis Obispo,079,281455,28925,28460,1174,29634,329
2021-10-14,San Mateo,081,765935,53264,52399,810,53209,569
2021-10-14,Santa Barbara,083,443738,43562,43175,1495,44670,521
2021-10-14,Santa Clara,085,1922200,144496,143282,1203,144485,1890
2021-10-14,Santa Cruz,087,273765,20027,19794,978,20772,218
2021-10-14,Shasta,089,179085,20338,19932,3377,23309,309
2021-10-14,Sierra,091,2930,169,160,18,178,0
2021-10-14,Siskiyou,093,43540,3282,3173,1204,4377,42
2021-10-14,Solano,095,438530,45333,44585,1192,45777,334
2021-10-14,Sonoma,097,501317,40456,40195,499,40694,390
2021-10-14,Stanislaus,099,539301,75993,75868,8480,84348,1142
2021-10-14,Sutter,101,95872,13530,13471,305,13776,169
2021-10-14,Tehama,103,63373,8060,7907,1347,9254,104
2021-10-14,Trinity,105,12862,821,679,201,880,11
2021-10-14,Tulare,107,460477,66020,64489,13825,78314,951
2021-10-14,Tuolumne,109,53932,6772,6666,84,6750,89
2021-10-14,Ventura,111,848112,96843,96181,4198,100379,1164
2021-10-14,Yolo,113,214977,19336,19078,910,19988,247
2021-10-14,Yuba,115,75493,9804,9705,272,9977,82
2021-10-13,Alameda,001,1643700,117363,116914,2645,119559,1360
2021-10-13,Alpine,002,1148,100,102,0,102,0
2021-10-13,Amador,005,37829,5357,5305,56,5361,63
2021-10-13,Butte,007,227075,20004,19546,3701,23247,257
2021-10-13,Calaveras,009,45235,3812,3756,43,3799,79
2021-10-13,Colusa,011,21464,2467,2430,589,3019,18
2021-10-13,Contra Costa,013,1133247,97653,96975,2054,99029,969
2021-10-13,Del Norte,015,27424,3598,3512,51,3563,39
2021-10-13,El Dorado,017,186661,15573,15302,1628,16930,149
2021-10-13,Fresno,019,978130,134277,132055,12039,144094,2048
2021-10-13,Glenn,021,27897,3399,3327,976,4303,26
2021-10-13,Humboldt,023,135768,8717,8604,479,9083,102
2021-10-13,Imperial,025,180216,32606,32317,3039,35356,762
2021-10-13,Inyo,027,18085,2013,1907,37,1944,39
2021-10-13,Kern,029,883053,122938,120956,20125,141081,1586
2021-10-13,Kings,031,150075,30907,30246,1787,32033,312
2021-10-13,Lake,033,64148,6497,6371,131,6502,103
2021-10-13,Lassen,035,31185,6658,6535,316,6851,25
2021-10-13,Los Angeles,037,10098052,1421195,1408384,51891,1460275,26379
2021-10-13,Madera,039,155013,22062,21609,1898,23507,277
2021-10-13,Marin,041,260295,17279,17137,426,17563,243
2021-10-13,Mariposa,043,17540,1168,1090,40,1130,5
2021-10-13,Mendocino,045,87422,7211,7088,437,7525,82
2021-10-13,Merced,047,269075,40473,40164,1694,41858,577
2021-10-13,Modoc,049,8938,505,490,179,669,5
2021-10-13,Mono,051,14174,1650,1612,20,1632,3
2021-10-13,Monterey,053,433212,48175,47273,2702,49975,582
2021-10-13,Napa,055,140530,12750,12695,98,12793,100
2021-10-13,Nevada,057,99092,8813,8725,304,9029,90
2021-10-13,Orange,059,3164182,302894,300468,14458,314926,5503
2021-10-13,Placer,061,380077,35773,35254,3439,38693,412
2021-10-13,Plumas,063,18699,1602,1514,30,1544,6
2021-10-13,Riverside,065,2383286,356337,352044,16019,368063,4978
2021-10-13,Sacramento,067,1510023,154290,153141,4247,157388,2182
2021-10-13,San Benito,069,59416,7224,7196,157,7353,71
2021-10-13,San Bernardino,071,2135413,347492,344951,10787,355738,5562
2021-10-13,San Diego,073,3302833,365001,362564,21448,384012,4141
2021-10-13,San Francisco,075,870044,51982,51379,2200,53579,644
2021-10-13,San Joaquin,077,732212,97379,96343,5191,101534,1696
2021-10-13,San Luis Obispo,079,281455,28887,28397,1171,29568,330
2021-10-13,San Mateo,081,765935,53212,52352,806,53158,569
2021-10-13,Santa Barbara,083,443738,43510,43109,1495,44604,518
2021-10-13,Santa Clara,085,1922200,144356,143064,1202,144266,1886
2021-10-13,Santa Cruz,087,273765,20001,19763,977,20740,217
2021-10-13,Shasta,089,179085,20268,19802,3357,23159,307
2021-10-13,Sierra,091,2930,169,155,18,173,0
2021-10-13,Siskiyou,093,43540,3274,3173,1203,4376,42
2021-10-13,Solano,095,438530,45294,44558,1189,45747,334
2021-10-13,Sonoma,097,501317,40400,40122,499,40621,390
2021-10-13,Stanislaus,099,539301,75851,75698,8470,84168,1136
2021-10-13,Sutter,101,95872,13500,13458,303,13761,169
2021-10-13,Tehama,103,63373,8024,7849,1342,9191,103
2021-10-13,Trinity,105,12862,818,677,201,878,11
2021-10-13,Tulare,107,460477,65837,64297,13774,78071,945
2021-10-13,Tuolumne,109,53932,6757,6644,83,6727,89
2021-10-13,Ventura,111,848112,96770,96099,4192,100291,1162
2021-10-13,Yolo,113,214977,19307,19023,909,19932,247
2021-10-13,Yuba,115,75493,9779,9690,259,9949,80
2021-10-12,Alameda,001,1643700,117260,116813,2641,119454,1357
2021-10-12,Alpine,002,1148,100,102,0,102,0
2021-10-12,Amador,005,37829,5346,5301,56,5357,63
2021-10-12,Butte,007,227075,19932,19506,3689,23195,256
2021-10-12,Calaveras,009,45235,3797,3750,43,3793,75
2021-10-12,Colusa,011,21464,2464,2428,587,3015,18
2021-10-12,Contra Costa,013,1133247,97540,96894,2045,98939,960
2021-10-12,Del Norte,015,27424,3592,3511,51,3562,39
2021-10-12,El Dorado,017,186661,15539,15287,1626,16913,148
2021-10-12,Fresno,019,978130,133916,131848,12008,143856,2042
2021-10-12,Glenn,021,27897,3385,3321,975,4296,26
2021-10-12,Humboldt,023,135768,8689,8587,473,9060,102
2021-10-12,Imperial,025,180216,32554,32267,3037,35304,762
2021-10-12,Inyo,027,18085,1981,1889,37,1926,39
2021-10-12,Kern,029,883053,122651,120826,20016,140842,1580
2021-10-12,Kings,031,150075,30833,30200,1776,31976,312
2021-10-12,Lake,033,64148,6482,6372,129,6501,97
2021-10-12,Lassen,035,31185,6648,6526,315,6841,25
2021-10-12,Los Angeles,037,10098052,1420135,1407462,51845,1459307,26362
2021-10-12,Madera,039,155013,21991,21574,1885,23459,277
2021-10-12,Marin,041,260295,17256,17126,426,17552,242
2021-10-12,Mariposa,043,17540,1154,1088,40,1128,5
2021-10-12,Mendocino,045,87422,7182,7077,434,7511,82
2021-10-12,Merced,047,269075,40394,40113,1688,41801,567
2021-10-12,Modoc,049,8938,500,485,178,663,5
2021-10-12,Mono,051,14174,1648,1608,20,1628,3
2021-10-12,Monterey,053,433212,48144,47254,2694,49948,582
2021-10-12,Napa,055,140530,12736,12671,98,12769,97
2021-10-12,Nevada,057,99092,8801,8720,302,9022,89
2021-10-12,Orange,059,3164182,302639,300256,14433,314689,5499
2021-10-12,Placer,061,380077,35708,35214,3431,38645,404
2021-10-12,Plumas,063,18699,1588,1488,29,1517,6
2021-10-12,Riverside,065,2383286,356010,351771,16005,367776,4973
2021-10-12,Sacramento,067,1510023,153985,152935,4222,157157,2170
2021-10-12,San Benito,069,59416,7210,7193,157,7350,71
2021-10-12,San Bernardino,071,2135413,347178,344788,10777,355565,5563
2021-10-12,San Diego,073,3302833,364488,362256,21419,383675,4137
2021-10-12,San Francisco,075,870044,51918,51301,2199,53500,643
2021-10-12,San Joaquin,077,732212,97243,96237,5186,101423,1690
2021-10-12,San Luis Obispo,079,281455,28840,28379,1170,29549,327
2021-10-12,San Mateo,081,765935,53161,52328,805,53133,569
2021-10-12,Santa Barbara,083,443738,43449,43076,1495,44571,515
2021-10-12,Santa Clara,085,1922200,144203,142954,1200,144154,1882
2021-10-12,Santa Cruz,087,273765,19976,19757,977,20734,218
2021-10-12,Shasta,089,179085,20194,19731,3336,23067,304
2021-10-12,Sierra,091,2930,169,153,18,171,0
2021-10-12,Siskiyou,093,43540,3263,3166,1197,4363,42
2021-10-12,Solano,095,438530,45252,44516,1183,45699,329
2021-10-12,Sonoma,097,501317,40359,40105,498,40603,390
2021-10-12,Stanislaus,099,539301,75699,75589,8458,84047,1126
2021-10-12,Sutter,101,95872,13477,13436,299,13735,168
2021-10-12,Tehama,103,63373,7992,7820,1338,9158,103
2021-10-12,Trinity,105,12862,815,676,201,877,11
2021-10-12,Tulare,107,460477,65652,64216,13718,77934,944
2021-10-12,Tuolumne,109,53932,6740,6637,82,6719,89
2021-10-12,Ventura,111,848112,96670,96022,4187,100209,1160
2021-10-12,Yolo,113,214977,19276,18987,906,19893,247
2021-10-12,Yuba,115,75493,9764,9676,255,9931,70
2021-10-11,Alameda,001,1643700,117117,116759,2640,119399,1358
2021-10-11,Alpine,002,1148,100,102,0,102,0
2021-10-11,Amador,005,37829,5334,5286,56,5342,62
2021-10-11,Butte,007,227075,19872,19452,3684,23136,253
2021-10-11,Calaveras,009,45235,3776,3750,43,3793,75
2021-10-11,Colusa,011,21464,2459,2427,579,3006,18
2021-10-11,Contra Costa,013,1133247,97404,96832,2040,98872,960
2021-10-11,Del Norte,015,27424,3589,3510,47,3557,39
2021-10-11,El Dorado,017,186661,15510,15273,1622,16895,146
2021-10-11,Fresno,019,978130,133585,131703,11974,143677,2036
2021-10-11,Glenn,021,27897,3368,3308,973,4281,26
2021-10-11,Humboldt,023,135768,8664,8571,466,9037,101
2021-10-11,Imperial,025,180216,32504,32207,3031,35238,762
2021-10-11,Inyo,027,18085,1958,1862,36,1898,39
2021-10-11,Kern,029,883053,122414,120684,19921,140605,1575
2021-10-11,Kings,031,150075,30744,30180,1766,31946,309
2021-10-11,Lake,033,64148,6466,6361,125,6486,97
2021-10-11,Lassen,035,31185,6628,6499,312,6811,25
2021-10-11,Los Angeles,037,10098052,1419089,1406826,51794,1458620,26346
2021-10-11,Madera,039,155013,21933,21555,1868,23423,272
2021-10-11,Marin,041,260295,17238,17121,422,17543,242
2021-10-11,Mariposa,043,17540,1124,1083,39,1122,5
2021-10-11,Mendocino,045,87422,7166,7064,430,7494,82
2021-10-11,Merced,047,269075,40278,40064,1663,41727,566
2021-10-11,Modoc,049,8938,497,482,175,657,5
2021-10-11,Mono,051,14174,1638,1604,20,1624,3
2021-10-11,Monterey,053,433212,48115,47241,2687,49928,580
2021-10-11,Napa,055,140530,12714,12654,96,12750,96
2021-10-11,Nevada,057,99092,8781,8716,301,9017,90
2021-10-11,Orange,059,3164182,302406,299941,14402,314343,5499
2021-10-11,Placer,061,380077,35641,35173,3413,38586,404
2021-10-11,Plumas,063,18699,1570,1469,27,1496,6
2021-10-11,Riverside,065,2383286,355664,351444,16000,367444,4973
2021-10-11,Sacramento,067,1510023,153694,152681,4191,156872,2169
2021-10-11,San Benito,069,59416,7189,7184,155,7339,71
2021-10-11,San Bernardino,071,2135413,346792,344594,10769,355363,5549
2021-10-11,San Diego,073,3302833,363976,361712,21387,383099,4124
2021-10-11,San Francisco,075,870044,51847,51275,2196,53471,643
2021-10-11,San Joaquin,077,732212,97088,96152,5175,101327,1681
2021-10-11,San Luis Obispo,079,281455,28792,28355,1165,29520,327
2021-10-11,San Mateo,081,765935,53113,52298,805,53103,569
2021-10-11,Santa Barbara,083,443738,43402,43018,1494,44512,515
2021-10-11,Santa Clara,085,1922200,144040,142836,1196,144032,1882
2021-10-11,Santa Cruz,087,273765,19952,19745,976,20721,217
2021-10-11,Shasta,089,179085,20115,19662,3320,22982,295
2021-10-11,Sierra,091,2930,166,147,17,164,0
2021-10-11,Siskiyou,093,43540,3256,3159,1193,4352,42
2021-10-11,Solano,095,438530,45202,44474,1180,45654,329
2021-10-11,Sonoma,097,501317,40314,40067,498,40565,390
2021-10-11,Stanislaus,099,539301,75528,75478,8437,83915,1118
2021-10-11,Sutter,101,95872,13458,13427,297,13724,165
2021-10-11,Tehama,103,63373,7951,7795,1329,9124,102
2021-10-11,Trinity,105,12862,809,675,200,875,11
2021-10-11,Tulare,107,460477,65473,64094,13651,77745,942
2021-10-11,Tuolumne,109,53932,6701,6602,82,6684,89
2021-10-11,Ventura,111,848112,96573,95876,4180,100056,1160
2021-10-11,Yolo,113,214977,19228,18977,904,19881,247
2021-10-11,Yuba,115,75493,9747,9657,243,9900,69
2021-10-10,Alameda,001,1643700,116998,116679,2636,119315,1358
2021-10-10,Alpine,002,1148,100,102,0,102,0
2021-10-10,Amador,005,37829,5320,5278,56,5334,62
2021-10-10,Butte,007,227075,19807,19430,3669,23099,253
2021-10-10,Calaveras,009,45235,3764,3747,43,3790,75
2021-10-10,Colusa,011,21464,2458,2425,578,3003,18
2021-10-10,Contra Costa,013,1133247,97305,96760,2034,98794,960
2021-10-10,Del Norte,015,27424,3585,3507,47,3554,39
2021-10-10,El Dorado,017,186661,15480,15250,1616,16866,146
2021-10-10,Fresno,019,978130,133254,131434,11941,143375,2035
2021-10-10,Glenn,021,27897,3363,3297,971,4268,26
2021-10-10,Humboldt,023,135768,8643,8554,462,9016,101
2021-10-10,Imperial,025,180216,32429,32167,3030,35197,762
2021-10-10,Inyo,027,18085,1937,1857,36,1893,39
2021-10-10,Kern,029,883053,122088,120552,19818,140370,1573
2021-10-10,Kings,031,150075,30655,30122,1756,31878,308
2021-10-10,Lake,033,64148,6450,6349,124,6473,97
2021-10-10,Lassen,035,31185,6609,6495,311,6806,26
2021-10-10,Los Angeles,037,10098052,1417901,1406034,51720,1457754,26338
2021-10-10,Madera,039,155013,21887,21486,1859,23345,272
2021-10-10,Marin,041,260295,17221,17112,422,17534,242
2021-10-10,Mariposa,043,17540,1121,1074,39,1113,5
2021-10-10,Mendocino,045,87422,7151,7060,422,7482,81
2021-10-10,Merced,047,269075,40195,40036,1644,41680,566
2021-10-10,Modoc,049,8938,497,482,175,657,5
2021-10-10,Mono,051,14174,1637,1596,20,1616,3
2021-10-10,Monterey,053,433212,48085,47228,2686,49914,580
2021-10-10,Napa,055,140530,12691,12641,96,12737,96
2021-10-10,Nevada,057,99092,8769,8689,301,8990,90
2021-10-10,Orange,059,3164182,302143,299787,14373,314160,5499
2021-10-10,Placer,061,380077,35548,35128,3402,38530,404
2021-10-10,Plumas,063,18699,1554,1468,25,1493,6
2021-10-10,Riverside,065,2383286,355287,351248,15982,367230,4973
2021-10-10,Sacramento,067,1510023,153430,152405,4174,156579,2178
2021-10-10,San Benito,069,59416,7184,7180,154,7334,71
2021-10-10,San Bernardino,071,2135413,346479,344423,10761,355184,5551
2021-10-10,San Diego,073,3302833,363460,361038,21340,382378,4113
2021-10-10,San Francisco,075,870044,51799,51216,2194,53410,643
2021-10-10,San Joaquin,077,732212,96917,96084,5161,101245,1681
2021-10-10,San Luis Obispo,079,281455,28748,28343,1165,29508,326
2021-10-10,San Mateo,081,765935,53071,52273,804,53077,569
2021-10-10,Santa Barbara,083,443738,43355,42987,1493,44480,515
2021-10-10,Santa Clara,085,1922200,143874,142768,1189,143957,1881
2021-10-10,Santa Cruz,087,273765,19932,19727,976,20703,217
2021-10-10,Shasta,089,179085,20026,19635,3311,22946,296
2021-10-10,Sierra,091,2930,164,147,17,164,0
2021-10-10,Siskiyou,093,43540,3242,3155,1186,4341,42
2021-10-10,Solano,095,438530,45146,44431,1180,45611,329
2021-10-10,Sonoma,097,501317,40262,40027,498,40525,390
2021-10-10,Stanislaus,099,539301,75350,75403,8423,83826,1118
2021-10-10,Sutter,101,95872,13434,13412,292,13704,165
2021-10-10,Tehama,103,63373,7914,7764,1320,9084,102
2021-10-10,Trinity,105,12862,808,669,199,868,11
2021-10-10,Tulare,107,460477,65303,63930,13601,77531,940
2021-10-10,Tuolumne,109,53932,6677,6580,81,6661,89
2021-10-10,Ventura,111,848112,96484,95829,4180,100009,1160
2021-10-10,Yolo,113,214977,19194,18952,900,19852,247
2021-10-10,Yuba,115,75493,9731,9641,238,9879,69
2021-10-09,Alameda,001,1643700,116900,116253,2634,118887,1356
2021-10-09,Alpine,002,1148,99,102,0,102,0
2021-10-09,Amador,005,37829,5318,5237,55,5292,62
2021-10-09,Butte,007,227075,19777,19277,3665,22942,250
2021-10-09,Calaveras,009,45235,3760,3716,43,3759,75
2021-10-09,Colusa,011,21464,2454,2419,577,2996,18
2021-10-09,Contra Costa,013,1133247,97236,96378,2028,98406,958
2021-10-09,Del Norte,015,27424,3584,3495,47,3542,39
2021-10-09,El Dorado,017,186661,15462,15153,1613,16766,144
2021-10-09,Fresno,019,978130,133122,130508,11924,142432,2018
2021-10-09,Glenn,021,27897,3359,3277,969,4246,26
2021-10-09,Humboldt,023,135768,8629,8448,460,8908,97
2021-10-09,Imperial,025,180216,32395,31989,3028,35017,760
2021-10-09,Inyo,027,18085,1928,1808,36,1844,39
2021-10-09,Kern,029,883053,121947,119795,19791,139586,1559
2021-10-09,Kings,031,150075,30606,29894,1754,31648,308
2021-10-09,Lake,033,64148,6431,6283,123,6406,97
2021-10-09,Lassen,035,31185,6604,6442,310,6752,25
2021-10-09,Los Angeles,037,10098052,1417315,1402810,51683,1454493,26280
2021-10-09,Madera,039,155013,21854,21313,1845,23158,271
2021-10-09,Marin,041,260295,17216,17049,420,17469,242
2021-10-09,Mariposa,043,17540,1114,1042,38,1080,5
2021-10-09,Mendocino,045,87422,7144,7011,421,7432,82
2021-10-09,Merced,047,269075,40152,39784,1644,41428,565
2021-10-09,Modoc,049,8938,495,477,174,651,5
2021-10-09,Mono,051,14174,1634,1577,20,1597,3
2021-10-09,Monterey,053,433212,48073,47168,2683,49851,577
2021-10-09,Napa,055,140530,12687,12586,96,12682,96
2021-10-09,Nevada,057,99092,8758,8613,300,8913,90
2021-10-09,Orange,059,3164182,301962,299089,14354,313443,5457
2021-10-09,Placer,061,380077,35510,34877,3395,38272,393
2021-10-09,Plumas,063,18699,1543,1418,25,1443,6
2021-10-09,Riverside,065,2383286,355036,350082,15966,366048,4965
2021-10-09,Sacramento,067,1510023,153220,151566,4161,155727,2160
2021-10-09,San Benito,069,59416,7176,7123,154,7277,71
2021-10-09,San Bernardino,071,2135413,346291,343452,10757,354209,5556
2021-10-09,San Diego,073,3302833,363155,359909,21335,381244,4111
2021-10-09,San Francisco,075,870044,51751,50960,2187,53147,643
2021-10-09,San Joaquin,077,732212,96851,95606,5156,100762,1669
2021-10-09,San Luis Obispo,079,281455,28731,28197,1163,29360,324
2021-10-09,San Mateo,081,765935,53040,52121,803,52924,569
2021-10-09,Santa Barbara,083,443738,43328,42735,1493,44228,514
2021-10-09,Santa Clara,085,1922200,143750,142298,1183,143481,1873
2021-10-09,Santa Cruz,087,273765,19922,19635,975,20610,217
2021-10-09,Shasta,089,179085,19975,19437,3306,22743,290
2021-10-09,Sierra,091,2930,161,141,17,158,0
2021-10-09,Siskiyou,093,43540,3241,3124,1185,4309,42
2021-10-09,Solano,095,438530,45129,44265,1179,45444,329
2021-10-09,Sonoma,097,501317,40218,39848,498,40346,387
2021-10-09,Stanislaus,099,539301,75260,74899,8412,83311,1114
2021-10-09,Sutter,101,95872,13425,13314,290,13604,165
2021-10-09,Tehama,103,63373,7903,7670,1315,8985,99
2021-10-09,Trinity,105,12862,807,660,199,859,11
2021-10-09,Tulare,107,460477,65195,63398,13580,76978,932
2021-10-09,Tuolumne,109,53932,6657,6521,81,6602,89
2021-10-09,Ventura,111,848112,96429,95542,4177,99719,1158
2021-10-09,Yolo,113,214977,19171,18850,899,19749,247
2021-10-09,Yuba,115,75493,9719,9551,237,9788,69
2021-10-08,Alameda,001,1643700,116818,116253,2630,118883,1356
2021-10-08,Alpine,002,1148,99,102,0,102,0
2021-10-08,Amador,005,37829,5305,5237,55,5292,62
2021-10-08,Butte,007,227075,19748,19277,3661,22938,250
2021-10-08,Calaveras,009,45235,3755,3716,43,3759,75
2021-10-08,Colusa,011,21464,2452,2419,577,2996,18
2021-10-08,Contra Costa,013,1133247,97192,96378,2023,98401,958
2021-10-08,Del Norte,015,27424,3583,3495,47,3542,39
2021-10-08,El Dorado,017,186661,15442,15153,1609,16762,144
2021-10-08,Fresno,019,978130,132927,130508,11900,142408,2018
2021-10-08,Glenn,021,27897,3351,3277,966,4243,26
2021-10-08,Humboldt,023,135768,8618,8448,457,8905,97
2021-10-08,Imperial,025,180216,32365,31989,3024,35013,760
2021-10-08,Inyo,027,18085,1910,1808,36,1844,39
2021-10-08,Kern,029,883053,121810,119795,19749,139544,1559
2021-10-08,Kings,031,150075,30512,29894,1753,31647,308
2021-10-08,Lake,033,64148,6423,6283,123,6406,97
2021-10-08,Lassen,035,31185,6590,6442,307,6749,25
2021-10-08,Los Angeles,037,10098052,1416654,1402810,51651,1454461,26280
2021-10-08,Madera,039,155013,21795,21313,1838,23151,271
2021-10-08,Marin,041,260295,17205,17049,419,17468,242
2021-10-08,Mariposa,043,17540,1107,1042,36,1078,5
2021-10-08,Mendocino,045,87422,7131,7011,421,7432,82
2021-10-08,Merced,047,269075,40120,39784,1641,41425,565
2021-10-08,Modoc,049,8938,493,477,174,651,5
2021-10-08,Mono,051,14174,1631,1577,20,1597,3
2021-10-08,Monterey,053,433212,48046,47168,2681,49849,577
2021-10-08,Napa,055,140530,12671,12586,96,12682,96
2021-10-08,Nevada,057,99092,8746,8613,300,8913,90
2021-10-08,Orange,059,3164182,301815,299089,14334,313423,5457
2021-10-08,Placer,061,380077,35471,34877,3388,38265,393
2021-10-08,Plumas,063,18699,1531,1418,25,1443,6
2021-10-08,Riverside,065,2383286,354767,350082,15955,366037,4965
2021-10-08,Sacramento,067,1510023,153055,151566,4146,155712,2160
2021-10-08,San Benito,069,59416,7172,7123,152,7275,71
2021-10-08,San Bernardino,071,2135413,346082,343452,10749,354201,5556
2021-10-08,San Diego,073,3302833,362829,359909,21316,381225,4111
2021-10-08,San Francisco,075,870044,51704,50960,2180,53140,643
2021-10-08,San Joaquin,077,732212,96783,95606,5150,100756,1669
2021-10-08,San Luis Obispo,079,281455,28704,28197,1162,29359,324
2021-10-08,San Mateo,081,765935,53012,52121,803,52924,569
2021-10-08,Santa Barbara,083,443738,43293,42735,1492,44227,514
2021-10-08,Santa Clara,085,1922200,143637,142298,1178,143476,1873
2021-10-08,Santa Cruz,087,273765,19907,19635,975,20610,217
2021-10-08,Shasta,089,179085,19933,19437,3300,22737,290
2021-10-08,Sierra,091,2930,159,141,15,156,0
2021-10-08,Siskiyou,093,43540,3233,3124,1184,4308,42
2021-10-08,Solano,095,438530,45090,44265,1179,45444,329
2021-10-08,Sonoma,097,501317,40183,39848,498,40346,387
2021-10-08,Stanislaus,099,539301,75191,74899,8403,83302,1114
2021-10-08,Sutter,101,95872,13411,13314,288,13602,165
2021-10-08,Tehama,103,63373,7886,7670,1312,8982,99
2021-10-08,Trinity,105,12862,806,660,199,859,11
2021-10-08,Tulare,107,460477,65077,63398,13548,76946,932
2021-10-08,Tuolumne,109,53932,6634,6521,81,6602,89
2021-10-08,Ventura,111,848112,96378,95542,4171,99713,1158
2021-10-08,Yolo,113,214977,19156,18850,897,19747,247
2021-10-08,Yuba,115,75493,9699,9551,236,9787,69
2021-10-07,Alameda,001,1643700,116698,116253,2629,118882,1356
2021-10-07,Alpine,002,1148,99,102,0,102,0
2021-10-07,Amador,005,37829,5298,5237,55,5292,62
2021-10-07,Butte,007,227075,19700,19277,3650,22927,250
2021-10-07,Calaveras,009,45235,3743,3716,43,3759,75
2021-10-07,Colusa,011,21464,2449,2419,571,2990,18
2021-10-07,Contra Costa,013,1133247,97069,96378,2020,98398,958
2021-10-07,Del Norte,015,27424,3580,3495,47,3542,39
2021-10-07,El Dorado,017,186661,15406,15153,1605,16758,144
2021-10-07,Fresno,019,978130,132652,130508,11874,142382,2018
2021-10-07,Glenn,021,27897,3344,3277,963,4240,26
2021-10-07,Humboldt,023,135768,8592,8448,454,8902,97
2021-10-07,Imperial,025,180216,32293,31989,3011,35000,760
2021-10-07,Inyo,027,18085,1891,1808,36,1844,39
2021-10-07,Kern,029,883053,121578,119795,19685,139480,1559
2021-10-07,Kings,031,150075,30446,29894,1747,31641,308
2021-10-07,Lake,033,64148,6412,6283,123,6406,97
2021-10-07,Lassen,035,31185,6572,6442,305,6747,25
2021-10-07,Los Angeles,037,10098052,1415698,1402810,51606,1454416,26280
2021-10-07,Madera,039,155013,21722,21313,1824,23137,271
2021-10-07,Marin,041,260295,17187,17049,419,17468,242
2021-10-07,Mariposa,043,17540,1099,1042,36,1078,5
2021-10-07,Mendocino,045,87422,7121,7011,417,7428,82
2021-10-07,Merced,047,269075,40054,39784,1624,41408,565
2021-10-07,Modoc,049,8938,490,477,173,650,5
2021-10-07,Mono,051,14174,1623,1577,20,1597,3
2021-10-07,Monterey,053,433212,48021,47168,2672,49840,577
2021-10-07,Napa,055,140530,12656,12586,96,12682,96
2021-10-07,Nevada,057,99092,8718,8613,300,8913,90
2021-10-07,Orange,059,3164182,301589,299089,14320,313409,5457
2021-10-07,Placer,061,380077,35409,34877,3381,38258,393
2021-10-07,Plumas,063,18699,1514,1418,25,1443,6
2021-10-07,Riverside,065,2383286,354435,350082,15943,366025,4965
2021-10-07,Sacramento,067,1510023,152772,151566,4117,155683,2160
2021-10-07,San Benito,069,59416,7156,7123,150,7273,71
2021-10-07,San Bernardino,071,2135413,345808,343452,10741,354193,5556
2021-10-07,San Diego,073,3302833,362434,359909,21295,381204,4111
2021-10-07,San Francisco,075,870044,51633,50960,2177,53137,643
2021-10-07,San Joaquin,077,732212,96629,95606,5142,100748,1669
2021-10-07,San Luis Obispo,079,281455,28653,28197,1160,29357,324
2021-10-07,San Mateo,081,765935,52972,52121,802,52923,569
2021-10-07,Santa Barbara,083,443738,43224,42735,1486,44221,514
2021-10-07,Santa Clara,085,1922200,143487,142298,1172,143470,1873
2021-10-07,Santa Cruz,087,273765,19887,19635,974,20609,217
2021-10-07,Shasta,089,179085,19845,19437,3285,22722,290
2021-10-07,Sierra,091,2930,158,141,15,156,0
2021-10-07,Siskiyou,093,43540,3229,3124,1179,4303,42
2021-10-07,Solano,095,438530,45045,44265,1175,45440,329
2021-10-07,Sonoma,097,501317,40146,39848,496,40344,387
2021-10-07,Stanislaus,099,539301,75029,74899,8378,83277,1114
2021-10-07,Sutter,101,95872,13389,13314,285,13599,165
2021-10-07,Tehama,103,63373,7853,7670,1306,8976,99
2021-10-07,Trinity,105,12862,804,660,199,859,11
2021-10-07,Tulare,107,460477,64912,63398,13512,76910,932
2021-10-07,Tuolumne,109,53932,6613,6521,81,6602,89
2021-10-07,Ventura,111,848112,96305,95542,4168,99710,1158
2021-10-07,Yolo,113,214977,19123,18850,893,19743,247
2021-10-07,Yuba,115,75493,9673,9551,229,9780,69
2021-10-06,Alameda,001,1643700,116561,116058,2623,118681,1353
2021-10-06,Alpine,002,1148,99,102,0,102,0
2021-10-06,Amador,005,37829,5295,5205,55,5260,62
2021-10-06,Butte,007,227075,19638,19208,3643,22851,247
2021-10-06,Calaveras,009,45235,3734,3669,43,3712,75
2021-10-06,Colusa,011,21464,2446,2414,564,2978,18
2021-10-06,Contra Costa,013,1133247,96944,96184,2016,98200,953
2021-10-06,Del Norte,015,27424,3577,3490,44,3534,39
2021-10-06,El Dorado,017,186661,15380,15078,1602,16680,140
2021-10-06,Fresno,019,978130,132361,130074,11849,141923,2008
2021-10-06,Glenn,021,27897,3335,3270,961,4231,26
2021-10-06,Humboldt,023,135768,8577,8416,448,8864,94
2021-10-06,Imperial,025,180216,32240,31930,3001,34931,760
2021-10-06,Inyo,027,18085,1876,1806,36,1842,39
2021-10-06,Kern,029,883053,121321,119491,19594,139085,1552
2021-10-06,Kings,031,150075,30380,29785,1739,31524,308
2021-10-06,Lake,033,64148,6398,6271,123,6394,97
2021-10-06,Lassen,035,31185,6556,6429,304,6733,25
2021-10-06,Los Angeles,037,10098052,1414742,1401675,51557,1453232,26252
2021-10-06,Madera,039,155013,21667,21230,1814,23044,269
2021-10-06,Marin,041,260295,17178,17042,416,17458,242
2021-10-06,Mariposa,043,17540,1092,1036,36,1072,5
2021-10-06,Mendocino,045,87422,7112,6986,415,7401,81
2021-10-06,Merced,047,269075,39979,39666,1612,41278,563
2021-10-06,Modoc,049,8938,490,477,171,648,5
2021-10-06,Mono,051,14174,1611,1568,20,1588,3
2021-10-06,Monterey,053,433212,47988,47136,2667,49803,577
2021-10-06,Napa,055,140530,12632,12552,95,12647,96
2021-10-06,Nevada,057,99092,8702,8582,299,8881,90
2021-10-06,Orange,059,3164182,301350,298785,14307,313092,5448
2021-10-06,Placer,061,380077,35358,34764,3375,38139,390
2021-10-06,Plumas,063,18699,1491,1383,25,1408,6
2021-10-06,Riverside,065,2383286,354080,349645,15922,365567,4953
2021-10-06,Sacramento,067,1510023,152519,151164,4085,155249,2141
2021-10-06,San Benito,069,59416,7141,7108,150,7258,69
2021-10-06,San Bernardino,071,2135413,345516,343022,10734,353756,5551
2021-10-06,San Diego,073,3302833,361942,359564,21269,380833,4104
2021-10-06,San Francisco,075,870044,51569,50894,2174,53068,641
2021-10-06,San Joaquin,077,732212,96495,95418,5130,100548,1658
2021-10-06,San Luis Obispo,079,281455,28604,28170,1154,29324,323
2021-10-06,San Mateo,081,765935,52922,52056,797,52853,569
2021-10-06,Santa Barbara,083,443738,43141,42687,1484,44171,513
2021-10-06,Santa Clara,085,1922200,143335,142124,1167,143291,1872
2021-10-06,Santa Cruz,087,273765,19858,19604,972,20576,217
2021-10-06,Shasta,089,179085,19770,19325,3272,22597,287
2021-10-06,Sierra,091,2930,156,138,15,153,0
2021-10-06,Siskiyou,093,43540,3219,3116,1172,4288,42
2021-10-06,Solano,095,438530,45011,44185,1174,45359,328
2021-10-06,Sonoma,097,501317,40097,39787,495,40282,383
2021-10-06,Stanislaus,099,539301,74887,74699,8365,83064,1114
2021-10-06,Sutter,101,95872,13368,13284,283,13567,164
2021-10-06,Tehama,103,63373,7817,7629,1298,8927,99
2021-10-06,Trinity,105,12862,801,656,199,855,11
2021-10-06,Tulare,107,460477,64732,63198,13456,76654,926
2021-10-06,Tuolumne,109,53932,6586,6486,81,6567,89
2021-10-06,Ventura,111,848112,96214,95449,4160,99609,1158
2021-10-06,Yolo,113,214977,19090,18815,890,19705,247
2021-10-06,Yuba,115,75493,9649,9520,228,9748,69
2021-10-05,Alameda,001,1643700,116417,115968,2618,118586,1350
2021-10-05,Alpine,002,1148,99,102,0,102,0
2021-10-05,Amador,005,37829,5274,5194,54,5248,61
2021-10-05,Butte,007,227075,19589,19137,3627,22764,246
2021-10-05,Calaveras,009,45235,3718,3657,43,3700,73
2021-10-05,Colusa,011,21464,2439,2414,563,2977,18
2021-10-05,Contra Costa,013,1133247,96827,96108,2011,98119,941
2021-10-05,Del Norte,015,27424,3575,3485,43,3528,39
2021-10-05,El Dorado,017,186661,15341,15052,1599,16651,140
2021-10-05,Fresno,019,978130,132020,129957,11813,141770,1987
2021-10-05,Glenn,021,27897,3324,3270,956,4226,26
2021-10-05,Humboldt,023,135768,8546,8398,444,8842,94
2021-10-05,Imperial,025,180216,32193,31909,2996,34905,759
2021-10-05,Inyo,027,18085,1859,1800,36,1836,39
2021-10-05,Kern,029,883053,121057,119260,19493,138753,1540
2021-10-05,Kings,031,150075,30305,29749,1734,31483,301
2021-10-05,Lake,033,64148,6377,6264,122,6386,97
2021-10-05,Lassen,035,31185,6537,6417,302,6719,25
2021-10-05,Los Angeles,037,10098052,1413599,1400300,51504,1451804,26223
2021-10-05,Madera,039,155013,21609,21183,1802,22985,269
2021-10-05,Marin,041,260295,17166,17024,416,17440,242
2021-10-05,Mariposa,043,17540,1073,1033,33,1066,5
2021-10-05,Mendocino,045,87422,7096,6972,408,7380,79
2021-10-05,Merced,047,269075,39913,39608,1604,41212,562
2021-10-05,Modoc,049,8938,486,475,170,645,5
2021-10-05,Mono,051,14174,1603,1565,20,1585,3
2021-10-05,Monterey,053,433212,47971,47087,2657,49744,573
2021-10-05,Napa,055,140530,12608,12533,95,12628,96
2021-10-05,Nevada,057,99092,8672,8576,299,8875,90
2021-10-05,Orange,059,3164182,301073,298589,14275,312864,5441
2021-10-05,Placer,061,380077,35281,34728,3369,38097,382
2021-10-05,Plumas,063,18699,1466,1357,25,1382,6
2021-10-05,Riverside,065,2383286,353722,349365,15907,365272,4942
2021-10-05,Sacramento,067,1510023,152245,151111,4057,155168,2126
2021-10-05,San Benito,069,59416,7123,7103,148,7251,69
2021-10-05,San Bernardino,071,2135413,345190,342711,10727,353438,5557
2021-10-05,San Diego,073,3302833,361367,359194,21242,380436,4092
2021-10-05,San Francisco,075,870044,51470,50826,2171,52997,641
2021-10-05,San Joaquin,077,732212,96342,95276,5104,100380,1651
2021-10-05,San Luis Obispo,079,281455,28560,28113,1152,29265,324
2021-10-05,San Mateo,081,765935,52875,52008,797,52805,569
2021-10-05,Santa Barbara,083,443738,43063,42595,1480,44075,511
2021-10-05,Santa Clara,085,1922200,143173,141971,1160,143131,1873
2021-10-05,Santa Cruz,087,273765,19816,19582,972,20554,216
2021-10-05,Shasta,089,179085,19696,19285,3259,22544,286
2021-10-05,Sierra,091,2930,152,136,15,151,0
2021-10-05,Siskiyou,093,43540,3205,3107,1172,4279,42
2021-10-05,Solano,095,438530,44939,44149,1173,45322,325
2021-10-05,Sonoma,097,501317,40042,39756,490,40246,383
2021-10-05,Stanislaus,099,539301,74725,74599,8348,82947,1114
2021-10-05,Sutter,101,95872,13340,13270,282,13552,164
2021-10-05,Tehama,103,63373,7789,7607,1289,8896,98
2021-10-05,Trinity,105,12862,798,655,199,854,11
2021-10-05,Tulare,107,460477,64524,63093,13403,76496,920
2021-10-05,Tuolumne,109,53932,6570,6473,80,6553,89
2021-10-05,Ventura,111,848112,96108,95351,4159,99510,1155
2021-10-05,Yolo,113,214977,19054,18782,884,19666,245
2021-10-05,Yuba,115,75493,9617,9504,225,9729,69
2021-10-04,Alameda,001,1643700,116256,115845,2615,118460,1347
2021-10-04,Alpine,002,1148,99,102,0,102,0
2021-10-04,Amador,005,37829,5264,5163,53,5216,61
2021-10-04,Butte,007,227075,19512,19081,3616,22697,245
2021-10-04,Calaveras,009,45235,3709,3641,43,3684,73
2021-10-04,Colusa,011,21464,2438,2414,561,2975,18
2021-10-04,Contra Costa,013,1133247,96685,95958,2006,97964,937
2021-10-04,Del Norte,015,27424,3573,3485,39,3524,39
2021-10-04,El Dorado,017,186661,15295,15031,1592,16623,138
2021-10-04,Fresno,019,978130,131711,129665,11784,141449,1978
2021-10-04,Glenn,021,27897,3317,3270,953,4223,26
2021-10-04,Humboldt,023,135768,8514,8355,437,8792,94
2021-10-04,Imperial,025,180216,32144,31866,2989,34855,757
2021-10-04,Inyo,027,18085,1847,1792,34,1826,39
2021-10-04,Kern,029,883053,120766,118984,19373,138357,1531
2021-10-04,Kings,031,150075,30211,29702,1731,31433,303
2021-10-04,Lake,033,64148,6364,6248,122,6370,97
2021-10-04,Lassen,035,31185,6520,6405,302,6707,25
2021-10-04,Los Angeles,037,10098052,1412478,1399604,51449,1451053,26186
2021-10-04,Madera,039,155013,21545,21126,1790,22916,266
2021-10-04,Marin,041,260295,17150,17008,415,17423,242
2021-10-04,Mariposa,043,17540,1061,1024,33,1057,5
2021-10-04,Mendocino,045,87422,7078,6947,405,7352,79
2021-10-04,Merced,047,269075,39796,39565,1588,41153,558
2021-10-04,Modoc,049,8938,483,473,170,643,5
2021-10-04,Mono,051,14174,1595,1561,20,1581,3
2021-10-04,Monterey,053,433212,47950,47058,2650,49708,571
2021-10-04,Napa,055,140530,12585,12506,95,12601,96
2021-10-04,Nevada,057,99092,8652,8563,299,8862,90
2021-10-04,Orange,059,3164182,300778,298165,14243,312408,5438
2021-10-04,Placer,061,380077,35199,34630,3341,37971,379
2021-10-04,Plumas,063,18699,1444,1329,25,1354,6
2021-10-04,Riverside,065,2383286,353342,348828,15897,364725,4923
2021-10-04,Sacramento,067,1510023,151921,150887,4030,154917,2115
2021-10-04,San Benito,069,59416,7110,7099,148,7247,69
2021-10-04,San Bernardino,071,2135413,344829,342418,10716,353134,5551
2021-10-04,San Diego,073,3302833,360801,358525,21211,379736,4090
2021-10-04,San Francisco,075,870044,51375,50798,2167,52965,638
2021-10-04,San Joaquin,077,732212,96145,95198,5084,100282,1649
2021-10-04,San Luis Obispo,079,281455,28515,28090,1146,29236,323
2021-10-04,San Mateo,081,765935,52815,51958,796,52754,569
2021-10-04,Santa Barbara,083,443738,42978,42585,1479,44064,511
2021-10-04,Santa Clara,085,1922200,143026,141840,1154,142994,1869
2021-10-04,Santa Cruz,087,273765,19787,19559,971,20530,216
2021-10-04,Shasta,089,179085,19589,19170,3245,22415,279
2021-10-04,Sierra,091,2930,145,136,14,150,0
2021-10-04,Siskiyou,093,43540,3196,3103,1157,4260,42
2021-10-04,Solano,095,438530,44880,44092,1169,45261,322
2021-10-04,Sonoma,097,501317,39976,39720,490,40210,381
2021-10-04,Stanislaus,099,539301,74574,74444,8329,82773,1106
2021-10-04,Sutter,101,95872,13311,13261,281,13542,164
2021-10-04,Tehama,103,63373,7748,7585,1283,8868,95
2021-10-04,Trinity,105,12862,797,649,198,847,11
2021-10-04,Tulare,107,460477,64339,62957,13335,76292,920
2021-10-04,Tuolumne,109,53932,6544,6442,80,6522,89
2021-10-04,Ventura,111,848112,96017,95170,4153,99323,1153
2021-10-04,Yolo,113,214977,19010,18761,880,19641,242
2021-10-04,Yuba,115,75493,9578,9481,223,9704,68
2021-10-03,Alameda,001,1643700,116113,115751,2605,118356,1349
2021-10-03,Alpine,002,1148,99,102,0,102,0
2021-10-03,Amador,005,37829,5246,5160,51,5211,61
2021-10-03,Butte,007,227075,19439,19066,3597,22663,245
2021-10-03,Calaveras,009,45235,3692,3632,43,3675,73
2021-10-03,Colusa,011,21464,2436,2413,558,2971,18
2021-10-03,Contra Costa,013,1133247,96552,95890,1999,97889,937
2021-10-03,Del Norte,015,27424,3567,3483,38,3521,39
2021-10-03,El Dorado,017,186661,15236,15014,1585,16599,139
2021-10-03,Fresno,019,978130,131330,129365,11744,141109,1978
2021-10-03,Glenn,021,27897,3310,3266,945,4211,26
2021-10-03,Humboldt,023,135768,8468,8352,433,8785,94
2021-10-03,Imperial,025,180216,32077,31844,2981,34825,757
2021-10-03,Inyo,027,18085,1826,1788,34,1822,39
2021-10-03,Kern,029,883053,120461,118851,19251,138102,1535
2021-10-03,Kings,031,150075,30113,29623,1724,31347,300
2021-10-03,Lake,033,64148,6338,6239,122,6361,97
2021-10-03,Lassen,035,31185,6498,6400,300,6700,25
2021-10-03,Los Angeles,037,10098052,1411217,1398790,51396,1450186,26179
2021-10-03,Madera,039,155013,21473,21066,1780,22846,266
2021-10-03,Marin,041,260295,17127,16995,410,17405,242
2021-10-03,Mariposa,043,17540,1054,1011,33,1044,5
2021-10-03,Mendocino,045,87422,7058,6939,397,7336,79
2021-10-03,Merced,047,269075,39689,39516,1568,41084,558
2021-10-03,Modoc,049,8938,482,472,169,641,5
2021-10-03,Mono,051,14174,1591,1554,20,1574,3
2021-10-03,Monterey,053,433212,47925,47049,2639,49688,571
2021-10-03,Napa,055,140530,12556,12489,93,12582,96
2021-10-03,Nevada,057,99092,8618,8545,299,8844,90
2021-10-03,Orange,059,3164182,300496,298027,14223,312250,5447
2021-10-03,Placer,061,380077,35059,34596,3325,37921,379
2021-10-03,Plumas,063,18699,1416,1328,25,1353,6
2021-10-03,Riverside,065,2383286,352912,348593,15877,364470,4924
2021-10-03,Sacramento,067,1510023,151632,150664,4001,154665,2120
2021-10-03,San Benito,069,59416,7101,7095,148,7243,69
2021-10-03,San Bernardino,071,2135413,344411,342302,10709,353011,5555
2021-10-03,San Diego,073,3302833,360221,358153,21179,379332,4081
2021-10-03,San Francisco,075,870044,51290,50733,2164,52897,638
2021-10-03,San Joaquin,077,732212,95957,95133,5076,100209,1649
2021-10-03,San Luis Obispo,079,281455,28449,28065,1141,29206,325
2021-10-03,San Mateo,081,765935,52748,51923,795,52718,569
2021-10-03,Santa Barbara,083,443738,42882,42550,1471,44021,511
2021-10-03,Santa Clara,085,1922200,142855,141737,1147,142884,1869
2021-10-03,Santa Cruz,087,273765,19747,19548,969,20517,216
2021-10-03,Shasta,089,179085,19484,19132,3217,22349,279
2021-10-03,Sierra,091,2930,142,136,14,150,0
2021-10-03,Siskiyou,093,43540,3183,3096,1147,4243,42
2021-10-03,Solano,095,438530,44818,44051,1166,45217,322
2021-10-03,Sonoma,097,501317,39910,39679,490,40169,381
2021-10-03,Stanislaus,099,539301,74386,74366,8311,82677,1106
2021-10-03,Sutter,101,95872,13296,13248,277,13525,164
2021-10-03,Tehama,103,63373,7706,7564,1278,8842,94
2021-10-03,Trinity,105,12862,793,647,196,843,11
2021-10-03,Tulare,107,460477,64134,62860,13263,76123,924
2021-10-03,Tuolumne,109,53932,6515,6430,78,6508,89
2021-10-03,Ventura,111,848112,95911,95108,4150,99258,1153
2021-10-03,Yolo,113,214977,18980,18720,874,19594,242
2021-10-03,Yuba,115,75493,9561,9462,222,9684,68
2021-10-02,Alameda,001,1643700,116005,115185,2600,117785,1343
2021-10-02,Alpine,002,1148,99,102,0,102,0
2021-10-02,Amador,005,37829,5237,5105,51,5156,61
2021-10-02,Butte,007,227075,19409,18911,3589,22500,243
2021-10-02,Calaveras,009,45235,3685,3585,43,3628,72
2021-10-02,Colusa,011,21464,2435,2403,556,2959,18
2021-10-02,Contra Costa,013,1133247,96481,95369,1995,97364,933
2021-10-02,Del Norte,015,27424,3562,3468,38,3506,39
2021-10-02,El Dorado,017,186661,15210,14887,1584,16471,136
2021-10-02,Fresno,019,978130,131159,128450,11731,140181,1964
2021-10-02,Glenn,021,27897,3305,3234,945,4179,26
2021-10-02,Humboldt,023,135768,8450,8244,433,8677,94
2021-10-02,Imperial,025,180216,32042,31674,2978,34652,757
2021-10-02,Inyo,027,18085,1817,1746,34,1780,39
2021-10-02,Kern,029,883053,120328,117962,19170,137132,1524
2021-10-02,Kings,031,150075,30064,29339,1720,31059,301
2021-10-02,Lake,033,64148,6329,6191,122,6313,97
2021-10-02,Lassen,035,31185,6493,6360,300,6660,25
2021-10-02,Los Angeles,037,10098052,1410605,1395070,51360,1446430,26126
2021-10-02,Madera,039,155013,21448,20931,1771,22702,266
2021-10-02,Marin,041,260295,17122,16936,407,17343,242
2021-10-02,Mariposa,043,17540,1052,967,33,1000,5
2021-10-02,Mendocino,045,87422,7048,6869,397,7266,78
2021-10-02,Merced,047,269075,39662,39196,1564,40760,552
2021-10-02,Modoc,049,8938,480,468,169,637,5
2021-10-02,Mono,051,14174,1589,1540,20,1560,3
2021-10-02,Monterey,053,433212,47870,46964,2638,49602,571
2021-10-02,Napa,055,140530,12545,12433,93,12526,96
2021-10-02,Nevada,057,99092,8607,8474,298,8772,87
2021-10-02,Orange,059,3164182,300330,297307,14203,311510,5435
2021-10-02,Placer,061,380077,34992,34377,3316,37693,381
2021-10-02,Plumas,063,18699,1405,1298,25,1323,6
2021-10-02,Riverside,065,2383286,352671,347227,15866,363093,4895
2021-10-02,Sacramento,067,1510023,151459,149897,3993,153890,2099
2021-10-02,San Benito,069,59416,7094,7055,148,7203,69
2021-10-02,San Bernardino,071,2135413,344224,341212,10657,351869,5540
2021-10-02,San Diego,073,3302833,359904,356454,21157,377611,4078
2021-10-02,San Francisco,075,870044,51241,50393,2159,52552,634
2021-10-02,San Joaquin,077,732212,95893,94599,5070,99669,1646
2021-10-02,San Luis Obispo,079,281455,28425,27915,1141,29056,323
2021-10-02,San Mateo,081,765935,52707,51767,791,52558,573
2021-10-02,Santa Barbara,083,443738,42842,42423,1471,43894,508
2021-10-02,Santa Clara,085,1922200,142741,141231,1143,142374,1862
2021-10-02,Santa Cruz,087,273765,19730,19461,968,20429,214
2021-10-02,Shasta,089,179085,19438,18912,3211,22123,270
2021-10-02,Sierra,091,2930,141,131,14,145,0
2021-10-02,Siskiyou,093,43540,3182,3053,1144,4197,42
2021-10-02,Solano,095,438530,44773,43800,1165,44965,321
2021-10-02,Sonoma,097,501317,39876,39497,489,39986,382
2021-10-02,Stanislaus,099,539301,74300,73859,8298,82157,1099
2021-10-02,Sutter,101,95872,13287,13160,276,13436,160
2021-10-02,Tehama,103,63373,7691,7453,1278,8731,93
2021-10-02,Trinity,105,12862,790,625,196,821,10
2021-10-02,Tulare,107,460477,64057,62247,13237,75484,908
2021-10-02,Tuolumne,109,53932,6501,6369,78,6447,89
2021-10-02,Ventura,111,848112,95839,94854,4145,98999,1148
2021-10-02,Yolo,113,214977,18953,18640,872,19512,242
2021-10-02,Yuba,115,75493,9542,9370,221,9591,66
2021-10-01,Alameda,001,1643700,115928,115185,2594,117779,1343
2021-10-01,Alpine,002,1148,99,102,0,102,0
2021-10-01,Amador,005,37829,5217,5105,51,5156,61
2021-10-01,Butte,007,227075,19369,18911,3582,22493,243
2021-10-01,Calaveras,009,45235,3675,3585,43,3628,72
2021-10-01,Colusa,011,21464,2433,2403,556,2959,18
2021-10-01,Contra Costa,013,1133247,96385,95369,1991,97360,933
2021-10-01,Del Norte,015,27424,3559,3468,37,3505,39
2021-10-01,El Dorado,017,186661,15193,14887,1580,16467,136
2021-10-01,Fresno,019,978130,130970,128450,11721,140171,1964
2021-10-01,Glenn,021,27897,3303,3234,944,4178,26
2021-10-01,Humboldt,023,135768,8433,8244,433,8677,94
2021-10-01,Imperial,025,180216,32023,31674,2969,34643,757
2021-10-01,Inyo,027,18085,1808,1746,34,1780,39
2021-10-01,Kern,029,883053,120175,117962,19114,137076,1524
2021-10-01,Kings,031,150075,30030,29339,1715,31054,301
2021-10-01,Lake,033,64148,6319,6191,122,6313,97
2021-10-01,Lassen,035,31185,6482,6360,299,6659,25
2021-10-01,Los Angeles,037,10098052,1409840,1395070,51317,1446387,26126
2021-10-01,Madera,039,155013,21398,20931,1762,22693,266
2021-10-01,Marin,041,260295,17107,16936,406,17342,242
2021-10-01,Mariposa,043,17540,1045,967,33,1000,5
2021-10-01,Mendocino,045,87422,7036,6869,397,7266,78
2021-10-01,Merced,047,269075,39618,39196,1556,40752,552
2021-10-01,Modoc,049,8938,479,468,169,637,5
2021-10-01,Mono,051,14174,1586,1540,20,1560,3
2021-10-01,Monterey,053,433212,47849,46964,2635,49599,571
2021-10-01,Napa,055,140530,12535,12433,92,12525,96
2021-10-01,Nevada,057,99092,8593,8474,297,8771,87
2021-10-01,Orange,059,3164182,300145,297307,14182,311489,5435
2021-10-01,Placer,061,380077,34958,34377,3312,37689,381
2021-10-01,Plumas,063,18699,1396,1298,25,1323,6
2021-10-01,Riverside,065,2383286,352381,347227,15859,363086,4895
2021-10-01,Sacramento,067,1510023,151306,149897,3983,153880,2099
2021-10-01,San Benito,069,59416,7092,7055,146,7201,69
2021-10-01,San Bernardino,071,2135413,344024,341212,10654,351866,5540
2021-10-01,San Diego,073,3302833,359544,356454,21136,377590,4078
2021-10-01,San Francisco,075,870044,51200,50393,2158,52551,634
2021-10-01,San Joaquin,077,732212,95822,94599,5066,99665,1646
2021-10-01,San Luis Obispo,079,281455,28401,27915,1138,29053,323
2021-10-01,San Mateo,081,765935,52667,51767,788,52555,573
2021-10-01,Santa Barbara,083,443738,42806,42423,1471,43894,508
2021-10-01,Santa Clara,085,1922200,142648,141231,1138,142369,1862
2021-10-01,Santa Cruz,087,273765,19710,19461,967,20428,214
2021-10-01,Shasta,089,179085,19384,18912,3204,22116,270
2021-10-01,Sierra,091,2930,141,131,14,145,0
2021-10-01,Siskiyou,093,43540,3181,3053,1141,4194,42
2021-10-01,Solano,095,438530,44720,43800,1159,44959,321
2021-10-01,Sonoma,097,501317,39844,39497,488,39985,382
2021-10-01,Stanislaus,099,539301,74216,73859,8287,82146,1099
2021-10-01,Sutter,101,95872,13271,13160,274,13434,160
2021-10-01,Tehama,103,63373,7679,7453,1276,8729,93
2021-10-01,Trinity,105,12862,788,625,196,821,10
2021-10-01,Tulare,107,460477,63953,62247,13202,75449,908
2021-10-01,Tuolumne,109,53932,6484,6369,78,6447,89
2021-10-01,Ventura,111,848112,95773,94854,4140,98994,1148
2021-10-01,Yolo,113,214977,18930,18640,870,19510,242
2021-10-01,Yuba,115,75493,9520,9370,221,9591,66
2021-09-30,Alameda,001,1643700,115783,115185,2590,117775,1343
2021-09-30,Alpine,002,1148,99,102,0,102,0
2021-09-30,Amador,005,37829,5205,5105,51,5156,61
2021-09-30,Butte,007,227075,19320,18911,3573,22484,243
2021-09-30,Calaveras,009,45235,3661,3585,43,3628,72
2021-09-30,Colusa,011,21464,2430,2403,555,2958,18
2021-09-30,Contra Costa,013,1133247,96280,95369,1986,97355,933
2021-09-30,Del Norte,015,27424,3555,3468,34,3502,39
2021-09-30,El Dorado,017,186661,15167,14887,1572,16459,136
2021-09-30,Fresno,019,978130,130692,128450,11687,140137,1964
2021-09-30,Glenn,021,27897,3293,3234,941,4175,26
2021-09-30,Humboldt,023,135768,8401,8244,427,8671,94
2021-09-30,Imperial,025,180216,31971,31674,2967,34641,757
2021-09-30,Inyo,027,18085,1798,1746,34,1780,39
2021-09-30,Kern,029,883053,119931,117962,19032,136994,1524
2021-09-30,Kings,031,150075,29940,29339,1711,31050,301
2021-09-30,Lake,033,64148,6301,6191,122,6313,97
2021-09-30,Lassen,035,31185,6468,6360,299,6659,25
2021-09-30,Los Angeles,037,10098052,1408631,1395070,51258,1446328,26126
2021-09-30,Madera,039,155013,21315,20931,1747,22678,266
2021-09-30,Marin,041,260295,17087,16936,405,17341,242
2021-09-30,Mariposa,043,17540,1023,967,33,1000,5
2021-09-30,Mendocino,045,87422,7027,6869,388,7257,78
2021-09-30,Merced,047,269075,39522,39196,1551,40747,552
2021-09-30,Modoc,049,8938,479,468,168,636,5
2021-09-30,Mono,051,14174,1578,1540,20,1560,3
2021-09-30,Monterey,053,433212,47819,46964,2624,49588,571
2021-09-30,Napa,055,140530,12515,12433,92,12525,96
2021-09-30,Nevada,057,99092,8576,8474,296,8770,87
2021-09-30,Orange,059,3164182,299873,297307,14144,311451,5435
2021-09-30,Placer,061,380077,34903,34377,3292,37669,381
2021-09-30,Plumas,063,18699,1378,1298,25,1323,6
2021-09-30,Riverside,065,2383286,351948,347227,15838,363065,4895
2021-09-30,Sacramento,067,1510023,151045,149897,3957,153854,2099
2021-09-30,San Benito,069,59416,7086,7055,146,7201,69
2021-09-30,San Bernardino,071,2135413,343711,341212,10640,351852,5540
2021-09-30,San Diego,073,3302833,359063,356454,21110,377564,4078
2021-09-30,San Francisco,075,870044,51123,50393,2154,52547,634
2021-09-30,San Joaquin,077,732212,95690,94599,5058,99657,1646
2021-09-30,San Luis Obispo,079,281455,28353,27915,1134,29049,323
2021-09-30,San Mateo,081,765935,52618,51767,785,52552,573
2021-09-30,Santa Barbara,083,443738,42749,42423,1470,43893,508
2021-09-30,Santa Clara,085,1922200,142499,141231,1135,142366,1862
2021-09-30,Santa Cruz,087,273765,19670,19461,966,20427,214
2021-09-30,Shasta,089,179085,19322,18912,3189,22101,270
2021-09-30,Sierra,091,2930,140,131,14,145,0
2021-09-30,Siskiyou,093,43540,3173,3053,1136,4189,42
2021-09-30,Solano,095,438530,44666,43800,1156,44956,321
2021-09-30,Sonoma,097,501317,39794,39497,488,39985,382
2021-09-30,Stanislaus,099,539301,74056,73859,8268,82127,1099
2021-09-30,Sutter,101,95872,13250,13160,274,13434,160
2021-09-30,Tehama,103,63373,7641,7453,1264,8717,93
2021-09-30,Trinity,105,12862,784,625,196,821,10
2021-09-30,Tulare,107,460477,63778,62247,13145,75392,908
2021-09-30,Tuolumne,109,53932,6461,6369,78,6447,89
2021-09-30,Ventura,111,848112,95668,94854,4133,98987,1148
2021-09-30,Yolo,113,214977,18890,18640,867,19507,242
2021-09-30,Yuba,115,75493,9497,9370,220,9590,66
2021-09-29,Alameda,001,1643700,115637,114998,2587,117585,1339
2021-09-29,Alpine,002,1148,99,101,0,101,0
2021-09-29,Amador,005,37829,5183,5058,51,5109,61
2021-09-29,Butte,007,227075,19266,18835,3566,22401,242
2021-09-29,Calaveras,009,45235,3644,3553,42,3595,72
2021-09-29,Colusa,011,21464,2428,2401,555,2956,18
2021-09-29,Contra Costa,013,1133247,96165,95213,1978,97191,929
2021-09-29,Del Norte,015,27424,3549,3467,34,3501,39
2021-09-29,El Dorado,017,186661,15133,14834,1565,16399,136
2021-09-29,Fresno,019,978130,130392,128068,11666,139734,1957
2021-09-29,Glenn,021,27897,3288,3213,939,4152,26
2021-09-29,Humboldt,023,135768,8378,8203,426,8629,94
2021-09-29,Imperial,025,180216,31906,31600,2962,34562,757
2021-09-29,Inyo,027,18085,1788,1740,33,1773,39
2021-09-29,Kern,029,883053,119696,117605,18956,136561,1513
2021-09-29,Kings,031,150075,29858,29195,1696,30891,299
2021-09-29,Lake,033,64148,6281,6164,122,6286,97
2021-09-29,Lassen,035,31185,6454,6347,299,6646,25
2021-09-29,Los Angeles,037,10098052,1407409,1393617,51189,1444806,26098
2021-09-29,Madera,039,155013,21270,20818,1731,22549,266
2021-09-29,Marin,041,260295,17069,16921,403,17324,242
2021-09-29,Mariposa,043,17540,1008,963,33,996,5
2021-09-29,Mendocino,045,87422,7015,6821,380,7201,78
2021-09-29,Merced,047,269075,39429,39026,1540,40566,552
2021-09-29,Modoc,049,8938,477,468,168,636,5
2021-09-29,Mono,051,14174,1576,1527,20,1547,3
2021-09-29,Monterey,053,433212,47781,46917,2610,49527,571
2021-09-29,Napa,055,140530,12495,12416,89,12505,96
2021-09-29,Nevada,057,99092,8563,8434,296,8730,87
2021-09-29,Orange,059,3164182,299603,296936,14106,311042,5429
2021-09-29,Placer,061,380077,34839,34271,3270,37541,379
2021-09-29,Plumas,063,18699,1359,1289,25,1314,6
2021-09-29,Riverside,065,2383286,351510,346558,15825,362383,4886
2021-09-29,Sacramento,067,1510023,150794,149686,3947,153633,2099
2021-09-29,San Benito,069,59416,7075,7039,146,7185,69
2021-09-29,San Bernardino,071,2135413,343391,340672,10625,351297,5539
2021-09-29,San Diego,073,3302833,358576,355899,21080,376979,4066
2021-09-29,San Francisco,075,870044,51038,50286,2150,52436,629
2021-09-29,San Joaquin,077,732212,95532,94356,5036,99392,1645
2021-09-29,San Luis Obispo,079,281455,28307,27800,1128,28928,323
2021-09-29,San Mateo,081,765935,52558,51673,783,52456,573
2021-09-29,Santa Barbara,083,443738,42677,42328,1467,43795,507
2021-09-29,Santa Clara,085,1922200,142363,141036,1130,142166,1861
2021-09-29,Santa Cruz,087,273765,19652,19425,965,20390,214
2021-09-29,Shasta,089,179085,19256,18805,3178,21983,271
2021-09-29,Sierra,091,2930,136,130,14,144,0
2021-09-29,Siskiyou,093,43540,3160,3043,1129,4172,42
2021-09-29,Solano,095,438530,44610,43724,1149,44873,321
2021-09-29,Sonoma,097,501317,39733,39426,486,39912,370
2021-09-29,Stanislaus,099,539301,73925,73634,8257,81891,1096
2021-09-29,Sutter,101,95872,13223,13135,271,13406,155
2021-09-29,Tehama,103,63373,7611,7409,1250,8659,88
2021-09-29,Trinity,105,12862,780,616,196,812,10
2021-09-29,Tulare,107,460477,63601,62046,13086,75132,908
2021-09-29,Tuolumne,109,53932,6444,6336,78,6414,89
2021-09-29,Ventura,111,848112,95578,94753,4129,98882,1144
2021-09-29,Yolo,113,214977,18856,18587,863,19450,239
2021-09-29,Yuba,115,75493,9466,9351,216,9567,66
2021-09-28,Alameda,001,1643700,115479,114869,2581,117450,1333
2021-09-28,Alpine,002,1148,99,101,0,101,0
2021-09-28,Amador,005,37829,5161,5049,51,5100,61
2021-09-28,Butte,007,227075,19217,18764,3550,22314,241
2021-09-28,Calaveras,009,45235,3624,3530,42,3572,72
2021-09-28,Colusa,011,21464,2425,2399,553,2952,18
2021-09-28,Contra Costa,013,1133247,96024,95115,1973,97088,929
2021-09-28,Del Norte,015,27424,3546,3462,34,3496,39
2021-09-28,El Dorado,017,186661,15087,14793,1561,16354,133
2021-09-28,Fresno,019,978130,130046,127877,11632,139509,1948
2021-09-28,Glenn,021,27897,3283,3205,938,4143,26
2021-09-28,Humboldt,023,135768,8338,8159,423,8582,91
2021-09-28,Imperial,025,180216,31861,31543,2958,34501,757
2021-09-28,Inyo,027,18085,1774,1708,32,1740,39
2021-09-28,Kern,029,883053,119427,117420,18861,136281,1506
2021-09-28,Kings,031,150075,29756,29141,1688,30829,295
2021-09-28,Lake,033,64148,6266,6155,122,6277,95
2021-09-28,Lassen,035,31185,6448,6340,295,6635,25
2021-09-28,Los Angeles,037,10098052,1406120,1392445,51123,1443568,26068
2021-09-28,Madera,039,155013,21216,20764,1716,22480,266
2021-09-28,Marin,041,260295,17050,16887,401,17288,242
2021-09-28,Mariposa,043,17540,1003,952,33,985,5
2021-09-28,Mendocino,045,87422,6993,6804,378,7182,78
2021-09-28,Merced,047,269075,39343,38953,1527,40480,551
2021-09-28,Modoc,049,8938,476,467,168,635,5
2021-09-28,Mono,051,14174,1566,1527,20,1547,3
2021-09-28,Monterey,053,433212,47744,46859,2601,49460,571
2021-09-28,Napa,055,140530,12478,12388,88,12476,96
2021-09-28,Nevada,057,99092,8540,8409,295,8704,84
2021-09-28,Orange,059,3164182,299348,296596,14076,310672,5421
2021-09-28,Placer,061,380077,34774,34187,3252,37439,370
2021-09-28,Plumas,063,18699,1350,1276,25,1301,6
2021-09-28,Riverside,065,2383286,351051,346096,15804,361900,4874
2021-09-28,Sacramento,067,1510023,150503,149310,3925,153235,2086
2021-09-28,San Benito,069,59416,7058,7028,145,7173,69
2021-09-28,San Bernardino,071,2135413,343044,340342,10607,350949,5540
2021-09-28,San Diego,073,3302833,358028,355373,21048,376421,4054
2021-09-28,San Francisco,075,870044,50936,50234,2149,52383,627
2021-09-28,San Joaquin,077,732212,95380,94194,5023,99217,1639
2021-09-28,San Luis Obispo,079,281455,28273,27755,1123,28878,321
2021-09-28,San Mateo,081,765935,52513,51620,783,52403,571
2021-09-28,Santa Barbara,083,443738,42604,42226,1466,43692,506
2021-09-28,Santa Clara,085,1922200,142202,140886,1121,142007,1858
2021-09-28,Santa Cruz,087,273765,19611,19324,964,20288,214
2021-09-28,Shasta,089,179085,19195,18701,3164,21865,267
2021-09-28,Sierra,091,2930,135,130,13,143,0
2021-09-28,Siskiyou,093,43540,3148,3032,1126,4158,42
2021-09-28,Solano,095,438530,44537,43652,1146,44798,316
2021-09-28,Sonoma,097,501317,39686,39395,485,39880,370
2021-09-28,Stanislaus,099,539301,73754,73528,8245,81773,1094
2021-09-28,Sutter,101,95872,13204,13102,267,13369,155
2021-09-28,Tehama,103,63373,7593,7382,1235,8617,88
2021-09-28,Trinity,105,12862,777,613,196,809,10
2021-09-28,Tulare,107,460477,63439,61916,13028,74944,905
2021-09-28,Tuolumne,109,53932,6417,6308,78,6386,89
2021-09-28,Ventura,111,848112,95451,94632,4126,98758,1143
2021-09-28,Yolo,113,214977,18830,18564,859,19423,239
2021-09-28,Yuba,115,75493,9447,9323,215,9538,66
2021-09-27,Alameda,001,1643700,115285,114731,2572,117303,1327
2021-09-27,Alpine,002,1148,99,101,0,101,0
2021-09-27,Amador,005,37829,5147,5017,51,5068,59
2021-09-27,Butte,007,227075,19157,18687,3532,22219,239
2021-09-27,Calaveras,009,45235,3604,3514,41,3555,70
2021-09-27,Colusa,011,21464,2424,2393,552,2945,18
2021-09-27,Contra Costa,013,1133247,95892,94979,1964,96943,924
2021-09-27,Del Norte,015,27424,3544,3468,32,3500,37
2021-09-27,El Dorado,017,186661,15048,14764,1554,16318,132
2021-09-27,Fresno,019,978130,129725,127475,11599,139074,1942
2021-09-27,Glenn,021,27897,3270,3189,934,4123,26
2021-09-27,Humboldt,023,135768,8298,8118,423,8541,91
2021-09-27,Imperial,025,180216,31798,31491,2951,34442,756
2021-09-27,Inyo,027,18085,1762,1698,32,1730,39
2021-09-27,Kern,029,883053,119152,117064,18766,135830,1503
2021-09-27,Kings,031,150075,29657,28998,1676,30674,297
2021-09-27,Lake,033,64148,6246,6126,121,6247,95
2021-09-27,Lassen,035,31185,6433,6327,291,6618,25
2021-09-27,Los Angeles,037,10098052,1404783,1391538,51055,1442593,26040
2021-09-27,Madera,039,155013,21151,20691,1708,22399,262
2021-09-27,Marin,041,260295,17029,16861,400,17261,242
2021-09-27,Mariposa,043,17540,993,931,33,964,5
2021-09-27,Mendocino,045,87422,6967,6761,371,7132,74
2021-09-27,Merced,047,269075,39243,38840,1521,40361,548
2021-09-27,Modoc,049,8938,475,465,166,631,5
2021-09-27,Mono,051,14174,1554,1525,20,1545,3
2021-09-27,Monterey,053,433212,47701,46811,2590,49401,571
2021-09-27,Napa,055,140530,12454,12354,87,12441,95
2021-09-27,Nevada,057,99092,8517,8379,292,8671,84
2021-09-27,Orange,059,3164182,299041,296334,14038,310372,5409
2021-09-27,Placer,061,380077,34687,34087,3247,37334,370
2021-09-27,Plumas,063,18699,1340,1269,25,1294,6
2021-09-27,Riverside,065,2383286,350608,345529,15794,361323,4864
2021-09-27,Sacramento,067,1510023,150187,149096,3902,152998,2076
2021-09-27,San Benito,069,59416,7041,7017,145,7162,67
2021-09-27,San Bernardino,071,2135413,342629,339952,10583,350535,5544
2021-09-27,San Diego,073,3302833,357376,354755,21023,375778,4054
2021-09-27,San Francisco,075,870044,50852,50157,2146,52303,622
2021-09-27,San Joaquin,077,732212,95195,94085,5020,99105,1633
2021-09-27,San Luis Obispo,079,281455,28218,27674,1120,28794,320
2021-09-27,San Mateo,081,765935,52437,51552,783,52335,571
2021-09-27,Santa Barbara,083,443738,42537,42012,1462,43474,505
2021-09-27,Santa Clara,085,1922200,142021,140802,1111,141913,1853
2021-09-27,Santa Cruz,087,273765,19587,19292,963,20255,214
2021-09-27,Shasta,089,179085,19114,18599,3137,21736,267
2021-09-27,Sierra,091,2930,135,128,13,141,0
2021-09-27,Siskiyou,093,43540,3136,3015,1121,4136,42
2021-09-27,Solano,095,438530,44461,43582,1141,44723,314
2021-09-27,Sonoma,097,501317,39632,39347,485,39832,370
2021-09-27,Stanislaus,099,539301,73600,73370,8225,81595,1091
2021-09-27,Sutter,101,95872,13173,13082,264,13346,155
2021-09-27,Tehama,103,63373,7553,7345,1226,8571,88
2021-09-27,Trinity,105,12862,766,605,195,800,9
2021-09-27,Tulare,107,460477,63238,61708,12957,74665,904
2021-09-27,Tuolumne,109,53932,6395,6264,78,6342,89
2021-09-27,Ventura,111,848112,95327,94477,4122,98599,1138
2021-09-27,Yolo,113,214977,18795,18524,859,19383,239
2021-09-27,Yuba,115,75493,9410,9292,211,9503,64
2021-09-26,Alameda,001,1643700,115091,114601,2565,117166,1326
2021-09-26,Alpine,002,1148,99,101,0,101,0
2021-09-26,Amador,005,37829,5115,5001,50,5051,59
2021-09-26,Butte,007,227075,19082,18634,3512,22146,238
2021-09-26,Calaveras,009,45235,3582,3505,41,3546,70
2021-09-26,Colusa,011,21464,2419,2392,550,2942,18
2021-09-26,Contra Costa,013,1133247,95717,94877,1951,96828,924
2021-09-26,Del Norte,015,27424,3539,3466,31,3497,37
2021-09-26,El Dorado,017,186661,15006,14738,1546,16284,132
2021-09-26,Fresno,019,978130,129366,127235,11553,138788,1939
2021-09-26,Glenn,021,27897,3262,3182,930,4112,26
2021-09-26,Humboldt,023,135768,8261,8098,422,8520,91
2021-09-26,Imperial,025,180216,31737,31462,2950,34412,756
2021-09-26,Inyo,027,18085,1747,1685,32,1717,39
2021-09-26,Kern,029,883053,118813,116927,18656,135583,1502
2021-09-26,Kings,031,150075,29556,28930,1665,30595,293
2021-09-26,Lake,033,64148,6229,6113,121,6234,95
2021-09-26,Lassen,035,31185,6423,6319,286,6605,25
2021-09-26,Los Angeles,037,10098052,1403293,1390577,50988,1441565,26035
2021-09-26,Madera,039,155013,21076,20629,1689,22318,262
2021-09-26,Marin,041,260295,17005,16860,400,17260,242
2021-09-26,Mariposa,043,17540,987,929,33,962,5
2021-09-26,Mendocino,045,87422,6933,6744,356,7100,74
2021-09-26,Merced,047,269075,39082,38717,1513,40230,548
2021-09-26,Modoc,049,8938,475,465,165,630,5
2021-09-26,Mono,051,14174,1550,1516,20,1536,3
2021-09-26,Monterey,053,433212,47654,46792,2577,49369,571
2021-09-26,Napa,055,140530,12430,12340,86,12426,95
2021-09-26,Nevada,057,99092,8486,8356,287,8643,84
2021-09-26,Orange,059,3164182,298698,296085,14003,310088,5409
2021-09-26,Placer,061,380077,34593,34043,3238,37281,370
2021-09-26,Plumas,063,18699,1322,1268,25,1293,6
2021-09-26,Riverside,065,2383286,350073,345257,15780,361037,4864
2021-09-26,Sacramento,067,1510023,149781,148745,3883,152628,2071
2021-09-26,San Benito,069,59416,7024,7012,144,7156,67
2021-09-26,San Bernardino,071,2135413,342170,339771,10569,350340,5545
2021-09-26,San Diego,073,3302833,356754,354414,20982,375396,4051
2021-09-26,San Francisco,075,870044,50726,50092,2137,52229,622
2021-09-26,San Joaquin,077,732212,94989,93935,5006,98941,1633
2021-09-26,San Luis Obispo,079,281455,28145,27624,1115,28739,319
2021-09-26,San Mateo,081,765935,52368,51496,781,52277,571
2021-09-26,Santa Barbara,083,443738,42451,41946,1459,43405,505
2021-09-26,Santa Clara,085,1922200,141820,140667,1108,141775,1852
2021-09-26,Santa Cruz,087,273765,19562,19279,963,20242,214
2021-09-26,Shasta,089,179085,19005,18566,3114,21680,266
2021-09-26,Sierra,091,2930,135,128,13,141,0
2021-09-26,Siskiyou,093,43540,3122,2998,1111,4109,42
2021-09-26,Solano,095,438530,44394,43537,1140,44677,314
2021-09-26,Sonoma,097,501317,39573,39302,485,39787,370
2021-09-26,Stanislaus,099,539301,73400,73243,8197,81440,1091
2021-09-26,Sutter,101,95872,13136,13045,263,13308,155
2021-09-26,Tehama,103,63373,7496,7323,1215,8538,88
2021-09-26,Trinity,105,12862,763,591,195,786,9
2021-09-26,Tulare,107,460477,63018,61560,12880,74440,904
2021-09-26,Tuolumne,109,53932,6367,6236,76,6312,89
2021-09-26,Ventura,111,848112,95212,94391,4115,98506,1138
2021-09-26,Yolo,113,214977,18758,18496,852,19348,239
2021-09-26,Yuba,115,75493,9383,9275,211,9486,64
2021-09-25,Alameda,001,1643700,115012,114014,2562,116576,1324
2021-09-25,Alpine,002,1148,99,101,0,101,0
2021-09-25,Amador,005,37829,5101,4934,50,4984,59
2021-09-25,Butte,007,227075,19053,18396,3504,21900,236
2021-09-25,Calaveras,009,45235,3579,3461,41,3502,70
2021-09-25,Colusa,011,21464,2416,2387,548,2935,16
2021-09-25,Contra Costa,013,1133247,95646,94337,1947,96284,924
2021-09-25,Del Norte,015,27424,3538,3404,31,3435,35
2021-09-25,El Dorado,017,186661,14983,14641,1542,16183,130
2021-09-25,Fresno,019,978130,129222,126299,11537,137836,1927
2021-09-25,Glenn,021,27897,3257,3144,929,4073,25
2021-09-25,Humboldt,023,135768,8242,8014,420,8434,88
2021-09-25,Imperial,025,180216,31710,31280,2950,34230,755
2021-09-25,Inyo,027,18085,1739,1657,32,1689,39
2021-09-25,Kern,029,883053,118658,116021,18589,134610,1485
2021-09-25,Kings,031,150075,29505,28636,1662,30298,293
2021-09-25,Lake,033,64148,6223,6046,120,6166,92
2021-09-25,Lassen,035,31185,6411,6248,285,6533,25
2021-09-25,Los Angeles,037,10098052,1402584,1386417,50946,1437363,25964
2021-09-25,Madera,039,155013,21051,20432,1683,22115,262
2021-09-25,Marin,041,260295,16996,16802,398,17200,242
2021-09-25,Mariposa,043,17540,982,906,33,939,5
2021-09-25,Mendocino,045,87422,6914,6657,355,7012,74
2021-09-25,Merced,047,269075,39036,38393,1511,39904,546
2021-09-25,Modoc,049,8938,475,460,165,625,5
2021-09-25,Mono,051,14174,1547,1501,20,1521,3
2021-09-25,Monterey,053,433212,47624,46653,2575,49228,567
2021-09-25,Napa,055,140530,12410,12266,86,12352,95
2021-09-25,Nevada,057,99092,8469,8285,287,8572,84
2021-09-25,Orange,059,3164182,298525,294514,13984,308498,5374
2021-09-25,Placer,061,380077,34528,33764,3236,37000,367
2021-09-25,Plumas,063,18699,1318,1238,25,1263,6
2021-09-25,Riverside,065,2383286,349750,343463,15772,359235,4843
2021-09-25,Sacramento,067,1510023,149606,147728,3875,151603,2049
2021-09-25,San Benito,069,59416,7019,6965,144,7109,67
2021-09-25,San Bernardino,071,2135413,341932,338413,10556,348969,5540
2021-09-25,San Diego,073,3302833,356409,352017,20956,372973,4039
2021-09-25,San Francisco,075,870044,50682,49840,2136,51976,615
2021-09-25,San Joaquin,077,732212,94903,93273,5004,98277,1628
2021-09-25,San Luis Obispo,079,281455,28107,27447,1111,28558,318
2021-09-25,San Mateo,081,765935,52304,51266,779,52045,568
2021-09-25,Santa Barbara,083,443738,42393,41728,1459,43187,505
2021-09-25,Santa Clara,085,1922200,141713,140023,1106,141129,1844
2021-09-25,Santa Cruz,087,273765,19546,19200,961,20161,214
2021-09-25,Shasta,089,179085,18954,18256,3105,21361,262
2021-09-25,Sierra,091,2930,134,127,13,140,0
2021-09-25,Siskiyou,093,43540,3115,2956,1101,4057,41
2021-09-25,Solano,095,438530,44353,43331,1137,44468,312
2021-09-25,Sonoma,097,501317,39533,39112,485,39597,369
2021-09-25,Stanislaus,099,539301,73290,72628,8183,80811,1091
2021-09-25,Sutter,101,95872,13118,12976,260,13236,154
2021-09-25,Tehama,103,63373,7480,7200,1213,8413,86
2021-09-25,Trinity,105,12862,763,576,195,771,9
2021-09-25,Tulare,107,460477,62935,60909,12837,73746,898
2021-09-25,Tuolumne,109,53932,6355,6168,76,6244,89
2021-09-25,Ventura,111,848112,95145,94059,4111,98170,1129
2021-09-25,Yolo,113,214977,18736,18393,851,19244,239
2021-09-25,Yuba,115,75493,9363,9191,211,9402,61
2021-09-24,Alameda,001,1643700,114907,114014,2558,116572,1324
2021-09-24,Alpine,002,1148,99,101,0,101,0
2021-09-24,Amador,005,37829,5071,4934,50,4984,59
2021-09-24,Butte,007,227075,19001,18396,3493,21889,236
2021-09-24,Calaveras,009,45235,3572,3461,40,3501,70
2021-09-24,Colusa,011,21464,2413,2387,547,2934,16
2021-09-24,Contra Costa,013,1133247,95535,94337,1943,96280,924
2021-09-24,Del Norte,015,27424,3535,3404,31,3435,35
2021-09-24,El Dorado,017,186661,14965,14641,1540,16181,130
2021-09-24,Fresno,019,978130,129024,126299,11525,137824,1927
2021-09-24,Glenn,021,27897,3249,3144,929,4073,25
2021-09-24,Humboldt,023,135768,8223,8014,417,8431,88
2021-09-24,Imperial,025,180216,31672,31280,2948,34228,755
2021-09-24,Inyo,027,18085,1730,1657,32,1689,39
2021-09-24,Kern,029,883053,118522,116021,18523,134544,1485
2021-09-24,Kings,031,150075,29464,28636,1658,30294,293
2021-09-24,Lake,033,64148,6215,6046,120,6166,92
2021-09-24,Lassen,035,31185,6403,6248,284,6532,25
2021-09-24,Los Angeles,037,10098052,1401697,1386417,50905,1437322,25964
2021-09-24,Madera,039,155013,21020,20432,1674,22106,262
2021-09-24,Marin,041,260295,16982,16802,397,17199,242
2021-09-24,Mariposa,043,17540,970,906,33,939,5
2021-09-24,Mendocino,045,87422,6901,6657,355,7012,74
2021-09-24,Merced,047,269075,38992,38393,1511,39904,546
2021-09-24,Modoc,049,8938,475,460,164,624,5
2021-09-24,Mono,051,14174,1542,1501,20,1521,3
2021-09-24,Monterey,053,433212,47603,46653,2567,49220,567
2021-09-24,Napa,055,140530,12390,12266,86,12352,95
2021-09-24,Nevada,057,99092,8455,8285,284,8569,84
2021-09-24,Orange,059,3164182,298318,294514,13963,308477,5374
2021-09-24,Placer,061,380077,34473,33764,3224,36988,367
2021-09-24,Plumas,063,18699,1314,1238,25,1263,6
2021-09-24,Riverside,065,2383286,349416,343463,15765,359228,4843
2021-09-24,Sacramento,067,1510023,149420,147728,3871,151599,2049
2021-09-24,San Benito,069,59416,7013,6965,144,7109,67
2021-09-24,San Bernardino,071,2135413,341663,338413,10546,348959,5540
2021-09-24,San Diego,073,3302833,356058,352017,20941,372958,4039
2021-09-24,San Francisco,075,870044,50618,49840,2129,51969,615
2021-09-24,San Joaquin,077,732212,94790,93273,5002,98275,1628
2021-09-24,San Luis Obispo,079,281455,28075,27447,1107,28554,318
2021-09-24,San Mateo,081,765935,52244,51266,778,52044,568
2021-09-24,Santa Barbara,083,443738,42353,41728,1458,43186,505
2021-09-24,Santa Clara,085,1922200,141600,140023,1105,141128,1844
2021-09-24,Santa Cruz,087,273765,19523,19200,960,20160,214
2021-09-24,Shasta,089,179085,18900,18256,3091,21347,262
2021-09-24,Sierra,091,2930,133,127,13,140,0
2021-09-24,Siskiyou,093,43540,3106,2956,1095,4051,41
2021-09-24,Solano,095,438530,44315,43331,1135,44466,312
2021-09-24,Sonoma,097,501317,39500,39112,485,39597,369
2021-09-24,Stanislaus,099,539301,73175,72628,8168,80796,1091
2021-09-24,Sutter,101,95872,13099,12976,259,13235,154
2021-09-24,Tehama,103,63373,7467,7200,1208,8408,86
2021-09-24,Trinity,105,12862,760,576,195,771,9
2021-09-24,Tulare,107,460477,62846,60909,12795,73704,898
2021-09-24,Tuolumne,109,53932,6326,6168,76,6244,89
2021-09-24,Ventura,111,848112,95067,94059,4104,98163,1129
2021-09-24,Yolo,113,214977,18705,18393,847,19240,239
2021-09-24,Yuba,115,75493,9344,9191,211,9402,61
2021-09-23,Alameda,001,1643700,114750,114014,2552,116566,1324
2021-09-23,Alpine,002,1148,99,101,0,101,0
2021-09-23,Amador,005,37829,5058,4934,50,4984,59
2021-09-23,Butte,007,227075,18939,18396,3462,21858,236
2021-09-23,Calaveras,009,45235,3551,3461,40,3501,70
2021-09-23,Colusa,011,21464,2411,2387,544,2931,16
2021-09-23,Contra Costa,013,1133247,95394,94337,1936,96273,924
2021-09-23,Del Norte,015,27424,3526,3404,30,3434,35
2021-09-23,El Dorado,017,186661,14939,14641,1534,16175,130
2021-09-23,Fresno,019,978130,128727,126299,11506,137805,1927
2021-09-23,Glenn,021,27897,3235,3144,926,4070,25
2021-09-23,Humboldt,023,135768,8200,8014,415,8429,88
2021-09-23,Imperial,025,180216,31636,31280,2948,34228,755
2021-09-23,Inyo,027,18085,1716,1657,32,1689,39
2021-09-23,Kern,029,883053,118264,116021,18443,134464,1485
2021-09-23,Kings,031,150075,29360,28636,1649,30285,293
2021-09-23,Lake,033,64148,6205,6046,120,6166,92
2021-09-23,Lassen,035,31185,6394,6248,279,6527,25
2021-09-23,Los Angeles,037,10098052,1400500,1386417,50841,1437258,25964
2021-09-23,Madera,039,155013,20936,20432,1670,22102,262
2021-09-23,Marin,041,260295,16967,16802,394,17196,242
2021-09-23,Mariposa,043,17540,957,906,33,939,5
2021-09-23,Mendocino,045,87422,6878,6657,350,7007,74
2021-09-23,Merced,047,269075,38887,38393,1504,39897,546
2021-09-23,Modoc,049,8938,474,460,164,624,5
2021-09-23,Mono,051,14174,1539,1501,20,1521,3
2021-09-23,Monterey,053,433212,47554,46653,2556,49209,567
2021-09-23,Napa,055,140530,12373,12266,86,12352,95
2021-09-23,Nevada,057,99092,8428,8285,284,8569,84
2021-09-23,Orange,059,3164182,298021,294514,13935,308449,5374
2021-09-23,Placer,061,380077,34396,33764,3218,36982,367
2021-09-23,Plumas,063,18699,1297,1238,24,1262,6
2021-09-23,Riverside,065,2383286,348963,343463,15758,359221,4843
2021-09-23,Sacramento,067,1510023,149097,147728,3852,151580,2049
2021-09-23,San Benito,069,59416,7002,6965,144,7109,67
2021-09-23,San Bernardino,071,2135413,341297,338413,10529,348942,5540
2021-09-23,San Diego,073,3302833,355602,352017,20902,372919,4039
2021-09-23,San Francisco,075,870044,50545,49840,2127,51967,615
2021-09-23,San Joaquin,077,732212,94616,93273,4987,98260,1628
2021-09-23,San Luis Obispo,079,281455,28032,27447,1105,28552,318
2021-09-23,San Mateo,081,765935,52169,51266,777,52043,568
2021-09-23,Santa Barbara,083,443738,42275,41728,1455,43183,505
2021-09-23,Santa Clara,085,1922200,141448,140023,1098,141121,1844
2021-09-23,Santa Cruz,087,273765,19492,19200,960,20160,214
2021-09-23,Shasta,089,179085,18819,18256,3074,21330,262
2021-09-23,Sierra,091,2930,133,127,13,140,0
2021-09-23,Siskiyou,093,43540,3102,2956,1084,4040,41
2021-09-23,Solano,095,438530,44247,43331,1132,44463,312
2021-09-23,Sonoma,097,501317,39441,39112,482,39594,369
2021-09-23,Stanislaus,099,539301,73019,72628,8136,80764,1091
2021-09-23,Sutter,101,95872,13070,12976,259,13235,154
2021-09-23,Tehama,103,63373,7426,7200,1203,8403,86
2021-09-23,Trinity,105,12862,746,576,194,770,9
2021-09-23,Tulare,107,460477,62669,60909,12741,73650,898
2021-09-23,Tuolumne,109,53932,6301,6168,75,6243,89
2021-09-23,Ventura,111,848112,94963,94059,4097,98156,1129
2021-09-23,Yolo,113,214977,18674,18393,843,19236,239
2021-09-23,Yuba,115,75493,9315,9191,210,9401,61
2021-09-22,Alameda,001,1643700,114594,113862,2548,116410,1322
2021-09-22,Alpine,002,1148,99,100,0,100,0
2021-09-22,Amador,005,37829,5042,4915,50,4965,59
2021-09-22,Butte,007,227075,18879,18337,3444,21781,235
2021-09-22,Calaveras,009,45235,3535,3448,40,3488,70
2021-09-22,Colusa,011,21464,2406,2384,543,2927,16
2021-09-22,Contra Costa,013,1133247,95207,94209,1927,96136,924
2021-09-22,Del Norte,015,27424,3515,3386,29,3415,35
2021-09-22,El Dorado,017,186661,14903,14605,1528,16133,127
2021-09-22,Fresno,019,978130,128471,126006,11491,137497,1908
2021-09-22,Glenn,021,27897,3228,3138,925,4063,25
2021-09-22,Humboldt,023,135768,8178,7998,407,8405,80
2021-09-22,Imperial,025,180216,31584,31243,2941,34184,755
2021-09-22,Inyo,027,18085,1706,1651,32,1683,39
2021-09-22,Kern,029,883053,118022,115757,18321,134078,1477
2021-09-22,Kings,031,150075,29275,28589,1643,30232,292
2021-09-22,Lake,033,64148,6193,6035,120,6155,93
2021-09-22,Lassen,035,31185,6374,6209,275,6484,25
2021-09-22,Los Angeles,037,10098052,1399177,1384719,50786,1435505,25930
2021-09-22,Madera,039,155013,20879,20382,1660,22042,262
2021-09-22,Marin,041,260295,16956,16782,391,17173,242
2021-09-22,Mariposa,043,17540,951,901,33,934,5
2021-09-22,Mendocino,045,87422,6852,6624,344,6968,70
2021-09-22,Merced,047,269075,38756,38305,1502,39807,541
2021-09-22,Modoc,049,8938,471,458,164,622,5
2021-09-22,Mono,051,14174,1530,1496,19,1515,3
2021-09-22,Monterey,053,433212,47503,46615,2549,49164,566
2021-09-22,Napa,055,140530,12351,12248,85,12333,95
2021-09-22,Nevada,057,99092,8405,8273,281,8554,84
2021-09-22,Orange,059,3164182,297745,294214,13916,308130,5366
2021-09-22,Placer,061,380077,34308,33661,3205,36866,367
2021-09-22,Plumas,063,18699,1284,1230,24,1254,6
2021-09-22,Riverside,065,2383286,348428,342946,15733,358679,4830
2021-09-22,Sacramento,067,1510023,148792,147533,3823,151356,2043
2021-09-22,San Benito,069,59416,6991,6961,142,7103,67
2021-09-22,San Bernardino,071,2135413,340903,337938,10520,348458,5528
2021-09-22,San Diego,073,3302833,355151,351132,20878,372010,4027
2021-09-22,San Francisco,075,870044,50460,49734,2122,51856,610
2021-09-22,San Joaquin,077,732212,94384,93010,4963,97973,1626
2021-09-22,San Luis Obispo,079,281455,27982,27398,1101,28499,315
2021-09-22,San Mateo,081,765935,52096,51197,773,51970,568
2021-09-22,Santa Barbara,083,443738,42212,41678,1454,43132,504
2021-09-22,Santa Clara,085,1922200,141283,139803,1091,140894,1844
2021-09-22,Santa Cruz,087,273765,19454,19177,959,20136,214
2021-09-22,Shasta,089,179085,18729,18153,3063,21216,260
2021-09-22,Sierra,091,2930,133,127,13,140,0
2021-09-22,Siskiyou,093,43540,3085,2947,1074,4021,41
2021-09-22,Solano,095,438530,44181,43269,1132,44401,312
2021-09-22,Sonoma,097,501317,39388,39063,481,39544,369
2021-09-22,Stanislaus,099,539301,72854,72355,8117,80472,1091
2021-09-22,Sutter,101,95872,13050,12960,256,13216,153
2021-09-22,Tehama,103,63373,7399,7173,1200,8373,86
2021-09-22,Trinity,105,12862,745,572,194,766,9
2021-09-22,Tulare,107,460477,62458,60776,12672,73448,896
2021-09-22,Tuolumne,109,53932,6280,6155,74,6229,89
2021-09-22,Ventura,111,848112,94857,93978,4092,98070,1122
2021-09-22,Yolo,113,214977,18635,18342,836,19178,239
2021-09-22,Yuba,115,75493,9286,9169,205,9374,61
2021-09-21,Alameda,001,1643700,114441,113765,2548,116313,1321
2021-09-21,Alpine,002,1148,99,100,0,100,0
2021-09-21,Amador,005,37829,5020,4897,50,4947,59
2021-09-21,Butte,007,227075,18783,18229,3400,21629,232
2021-09-21,Calaveras,009,45235,3518,3437,40,3477,70
2021-09-21,Colusa,011,21464,2403,2378,542,2920,16
2021-09-21,Contra Costa,013,1133247,95013,94101,1913,96014,924
2021-09-21,Del Norte,015,27424,3503,3378,29,3407,34
2021-09-21,El Dorado,017,186661,14873,14578,1521,16099,127
2021-09-21,Fresno,019,978130,128119,125789,11464,137253,1892
2021-09-21,Glenn,021,27897,3221,3134,921,4055,25
2021-09-21,Humboldt,023,135768,8146,7955,402,8357,80
2021-09-21,Imperial,025,180216,31527,31185,2939,34124,755
2021-09-21,Inyo,027,18085,1696,1646,32,1678,39
2021-09-21,Kern,029,883053,117729,115534,18208,133742,1467
2021-09-21,Kings,031,150075,29187,28545,1635,30180,291
2021-09-21,Lake,033,64148,6170,6013,120,6133,90
2021-09-21,Lassen,035,31185,6356,6159,271,6430,25
2021-09-21,Los Angeles,037,10098052,1397721,1383277,50732,1434009,25893
2021-09-21,Madera,039,155013,20819,20317,1650,21967,262
2021-09-21,Marin,041,260295,16941,16748,390,17138,242
2021-09-21,Mariposa,043,17540,946,894,32,926,5
2021-09-21,Mendocino,045,87422,6814,6580,333,6913,68
2021-09-21,Merced,047,269075,38630,38225,1498,39723,539
2021-09-21,Modoc,049,8938,468,458,164,622,5
2021-09-21,Mono,051,14174,1528,1495,18,1513,3
2021-09-21,Monterey,053,433212,47435,46583,2537,49120,565
2021-09-21,Napa,055,140530,12330,12238,85,12323,95
2021-09-21,Nevada,057,99092,8378,8259,273,8532,84
2021-09-21,Orange,059,3164182,297413,293898,13886,307784,5357
2021-09-21,Placer,061,380077,34207,33609,3194,36803,365
2021-09-21,Plumas,063,18699,1277,1225,24,1249,5
2021-09-21,Riverside,065,2383286,347869,342460,15709,358169,4817
2021-09-21,Sacramento,067,1510023,148411,147378,3795,151173,2027
2021-09-21,San Benito,069,59416,6980,6950,141,7091,67
2021-09-21,San Bernardino,071,2135413,340463,337387,10503,347890,5520
2021-09-21,San Diego,073,3302833,354545,350265,20852,371117,4021
2021-09-21,San Francisco,075,870044,50362,49653,2118,51771,609
2021-09-21,San Joaquin,077,732212,94150,92762,4952,97714,1621
2021-09-21,San Luis Obispo,079,281455,27922,27318,1098,28416,314
2021-09-21,San Mateo,081,765935,52026,51136,773,51909,568
2021-09-21,Santa Barbara,083,443738,42143,41644,1450,43094,503
2021-09-21,Santa Clara,085,1922200,141066,139657,1087,140744,1843
2021-09-21,Santa Cruz,087,273765,19424,19140,958,20098,212
2021-09-21,Shasta,089,179085,18601,18027,3039,21066,258
2021-09-21,Sierra,091,2930,133,127,13,140,0
2021-09-21,Siskiyou,093,43540,3071,2927,1060,3987,36
2021-09-21,Solano,095,438530,44105,43220,1132,44352,311
2021-09-21,Sonoma,097,501317,39336,39042,481,39523,369
2021-09-21,Stanislaus,099,539301,72670,72211,8097,80308,1091
2021-09-21,Sutter,101,95872,13027,12930,253,13183,153
2021-09-21,Tehama,103,63373,7353,7151,1196,8347,85
2021-09-21,Trinity,105,12862,734,572,192,764,9
2021-09-21,Tulare,107,460477,62243,60607,12611,73218,896
2021-09-21,Tuolumne,109,53932,6247,6139,74,6213,89
2021-09-21,Ventura,111,848112,94752,93818,4084,97902,1120
2021-09-21,Yolo,113,214977,18599,18313,833,19146,239
2021-09-21,Yuba,115,75493,9258,9135,205,9340,61
2021-09-20,Alameda,001,1643700,114260,113637,2544,116181,1320
2021-09-20,Alpine,002,1148,99,100,0,100,0
2021-09-20,Amador,005,37829,5002,4883,49,4932,59
2021-09-20,Butte,007,227075,18702,18135,3384,21519,231
2021-09-20,Calaveras,009,45235,3496,3395,39,3434,66
2021-09-20,Colusa,011,21464,2401,2376,539,2915,16
2021-09-20,Contra Costa,013,1133247,94864,93919,1907,95826,924
2021-09-20,Del Norte,015,27424,3495,3374,28,3402,34
2021-09-20,El Dorado,017,186661,14840,14545,1509,16054,127
2021-09-20,Fresno,019,978130,127705,125287,11438,136725,1889
2021-09-20,Glenn,021,27897,3210,3112,918,4030,25
2021-09-20,Humboldt,023,135768,8111,7938,397,8335,80
2021-09-20,Imperial,025,180216,31444,31146,2938,34084,755
2021-09-20,Inyo,027,18085,1688,1641,31,1672,39
2021-09-20,Kern,029,883053,117390,115271,18077,133348,1459
2021-09-20,Kings,031,150075,29101,28471,1629,30100,285
2021-09-20,Lake,033,64148,6155,5984,119,6103,87
2021-09-20,Lassen,035,31185,6326,6132,271,6403,25
2021-09-20,Los Angeles,037,10098052,1396198,1382206,50652,1432858,25858
2021-09-20,Madera,039,155013,20766,20203,1643,21846,257
2021-09-20,Marin,041,260295,16916,16732,388,17120,242
2021-09-20,Mariposa,043,17540,935,887,32,919,5
2021-09-20,Mendocino,045,87422,6780,6568,328,6896,67
2021-09-20,Merced,047,269075,38519,38144,1487,39631,536
2021-09-20,Modoc,049,8938,467,457,162,619,5
2021-09-20,Mono,051,14174,1522,1480,18,1498,3
2021-09-20,Monterey,053,433212,47393,46506,2519,49025,565
2021-09-20,Napa,055,140530,12305,12209,84,12293,95
2021-09-20,Nevada,057,99092,8358,8228,271,8499,84
2021-09-20,Orange,059,3164182,297069,293642,13859,307501,5354
2021-09-20,Placer,061,380077,34116,33531,3179,36710,364
2021-09-20,Plumas,063,18699,1272,1211,24,1235,5
2021-09-20,Riverside,065,2383286,347367,341961,15696,357657,4802
2021-09-20,Sacramento,067,1510023,148037,147016,3761,150777,2016
2021-09-20,San Benito,069,59416,6971,6947,140,7087,67
2021-09-20,San Bernardino,071,2135413,340060,337059,10487,347546,5507
2021-09-20,San Diego,073,3302833,353872,349579,20815,370394,4009
2021-09-20,San Francisco,075,870044,50256,49559,2117,51676,605
2021-09-20,San Joaquin,077,732212,93907,92614,4939,97553,1615
2021-09-20,San Luis Obispo,079,281455,27846,27259,1090,28349,313
2021-09-20,San Mateo,081,765935,51939,51100,770,51870,567
2021-09-20,Santa Barbara,083,443738,42044,41589,1446,43035,500
2021-09-20,Santa Clara,085,1922200,140866,139578,1085,140663,1841
2021-09-20,Santa Cruz,087,273765,19392,19121,958,20079,211
2021-09-20,Shasta,089,179085,18503,17893,3009,20902,258
2021-09-20,Sierra,091,2930,131,126,13,139,0
2021-09-20,Siskiyou,093,43540,3049,2902,1047,3949,35
2021-09-20,Solano,095,438530,44037,43152,1124,44276,312
2021-09-20,Sonoma,097,501317,39290,38991,481,39472,369
2021-09-20,Stanislaus,099,539301,72471,72031,8078,80109,1091
2021-09-20,Sutter,101,95872,12991,12896,248,13144,153
2021-09-20,Tehama,103,63373,7321,7121,1184,8305,84
2021-09-20,Trinity,105,12862,728,568,191,759,7
2021-09-20,Tulare,107,460477,62040,60302,12558,72860,896
2021-09-20,Tuolumne,109,53932,6221,6113,74,6187,89
2021-09-20,Ventura,111,848112,94639,93700,4078,97778,1120
2021-09-20,Yolo,113,214977,18553,18287,831,19118,239
2021-09-20,Yuba,115,75493,9223,9107,203,9310,61
2021-09-19,Alameda,001,1643700,114047,113446,2539,115985,1320
2021-09-19,Alpine,002,1148,99,100,0,100,0
2021-09-19,Amador,005,37829,4962,4875,48,4923,59
2021-09-19,Butte,007,227075,18610,18063,3356,21419,230
2021-09-19,Calaveras,009,45235,3472,3390,36,3426,66
2021-09-19,Colusa,011,21464,2399,2375,537,2912,16
2021-09-19,Contra Costa,013,1133247,94678,93788,1897,95685,924
2021-09-19,Del Norte,015,27424,3469,3344,27,3371,34
2021-09-19,El Dorado,017,186661,14787,14512,1503,16015,127
2021-09-19,Fresno,019,978130,127300,124985,11394,136379,1888
2021-09-19,Glenn,021,27897,3201,3102,915,4017,25
2021-09-19,Humboldt,023,135768,8065,7914,395,8309,80
2021-09-19,Imperial,025,180216,31375,31122,2935,34057,755
2021-09-19,Inyo,027,18085,1679,1639,31,1670,39
2021-09-19,Kern,029,883053,117078,115074,17971,133045,1459
2021-09-19,Kings,031,150075,28974,28416,1620,30036,284
2021-09-19,Lake,033,64148,6124,5962,119,6081,87
2021-09-19,Lassen,035,31185,6306,6129,265,6394,25
2021-09-19,Los Angeles,037,10098052,1394217,1381200,50558,1431758,25852
2021-09-19,Madera,039,155013,20687,20161,1633,21794,257
2021-09-19,Marin,041,260295,16887,16711,386,17097,242
2021-09-19,Mariposa,043,17540,927,881,32,913,5
2021-09-19,Mendocino,045,87422,6735,6538,322,6860,67
2021-09-19,Merced,047,269075,38362,38068,1478,39546,535
2021-09-19,Modoc,049,8938,464,457,160,617,5
2021-09-19,Mono,051,14174,1517,1480,18,1498,3
2021-09-19,Monterey,053,433212,47338,46486,2516,49002,565
2021-09-19,Napa,055,140530,12284,12190,82,12272,95
2021-09-19,Nevada,057,99092,8330,8203,269,8472,84
2021-09-19,Orange,059,3164182,296701,293258,13837,307095,5354
2021-09-19,Placer,061,380077,34003,33406,3161,36567,364
2021-09-19,Plumas,063,18699,1264,1211,24,1235,5
2021-09-19,Riverside,065,2383286,346773,341566,15687,357253,4804
2021-09-19,Sacramento,067,1510023,147675,146603,3715,150318,2012
2021-09-19,San Benito,069,59416,6952,6942,140,7082,67
2021-09-19,San Bernardino,071,2135413,339564,336688,10475,347163,5506
2021-09-19,San Diego,073,3302833,353168,349225,20778,370003,4006
2021-09-19,San Francisco,075,870044,50148,49458,2108,51566,605
2021-09-19,San Joaquin,077,732212,93611,92467,4928,97395,1615
2021-09-19,San Luis Obispo,079,281455,27745,27208,1081,28289,313
2021-09-19,San Mateo,081,765935,51841,51028,769,51797,567
2021-09-19,Santa Barbara,083,443738,41938,41512,1446,42958,500
2021-09-19,Santa Clara,085,1922200,140678,139410,1080,140490,1841
2021-09-19,Santa Cruz,087,273765,19353,19096,958,20054,211
2021-09-19,Shasta,089,179085,18389,17813,2974,20787,258
2021-09-19,Sierra,091,2930,130,126,13,139,0
2021-09-19,Siskiyou,093,43540,3023,2882,1038,3920,35
2021-09-19,Solano,095,438530,43948,43056,1119,44175,312
2021-09-19,Sonoma,097,501317,39219,38956,477,39433,369
2021-09-19,Stanislaus,099,539301,72226,71830,8053,79883,1091
2021-09-19,Sutter,101,95872,12964,12868,241,13109,153
2021-09-19,Tehama,103,63373,7267,7081,1175,8256,84
2021-09-19,Trinity,105,12862,717,562,189,751,7
2021-09-19,Tulare,107,460477,61779,60160,12465,72625,896
2021-09-19,Tuolumne,109,53932,6180,6097,74,6171,89
2021-09-19,Ventura,111,848112,94477,93491,4069,97560,1120
2021-09-19,Yolo,113,214977,18504,18238,826,19064,239
2021-09-19,Yuba,115,75493,9197,9087,202,9289,61
2021-09-18,Alameda,001,1643700,113947,113300,2538,115838,1320
2021-09-18,Alpine,002,1148,99,100,0,100,0
2021-09-18,Amador,005,37829,4952,4850,48,4898,59
2021-09-18,Butte,007,227075,18571,17961,3340,21301,230
2021-09-18,Calaveras,009,45235,3467,3361,35,3396,66
2021-09-18,Colusa,011,21464,2399,2373,536,2909,16
2021-09-18,Contra Costa,013,1133247,94588,93656,1893,95549,924
2021-09-18,Del Norte,015,27424,3461,3326,25,3351,34
2021-09-18,El Dorado,017,186661,14764,14472,1500,15972,127
2021-09-18,Fresno,019,978130,127158,124771,11376,136147,1889
2021-09-18,Glenn,021,27897,3192,3086,912,3998,25
2021-09-18,Humboldt,023,135768,8051,7881,394,8275,80
2021-09-18,Imperial,025,180216,31351,31096,2934,34030,755
2021-09-18,Inyo,027,18085,1673,1636,31,1667,39
2021-09-18,Kern,029,883053,116923,114781,17907,132688,1459
2021-09-18,Kings,031,150075,28926,28330,1615,29945,285
2021-09-18,Lake,033,64148,6107,5936,119,6055,87
2021-09-18,Lassen,035,31185,6296,6121,263,6384,25
2021-09-18,Los Angeles,037,10098052,1393454,1379880,50508,1430388,25849
2021-09-18,Madera,039,155013,20643,20126,1623,21749,257
2021-09-18,Marin,041,260295,16870,16685,385,17070,242
2021-09-18,Mariposa,043,17540,924,871,32,903,5
2021-09-18,Mendocino,045,87422,6714,6523,322,6845,67
2021-09-18,Merced,047,269075,38326,37977,1472,39449,535
2021-09-18,Modoc,049,8938,464,457,159,616,5
2021-09-18,Mono,051,14174,1514,1480,18,1498,3
2021-09-18,Monterey,053,433212,47300,46466,2513,48979,565
2021-09-18,Napa,055,140530,12272,12168,82,12250,95
2021-09-18,Nevada,057,99092,8313,8183,269,8452,84
2021-09-18,Orange,059,3164182,296507,293005,13823,306828,5354
2021-09-18,Placer,061,380077,33929,33309,3158,36467,364
2021-09-18,Plumas,063,18699,1263,1204,24,1228,5
2021-09-18,Riverside,065,2383286,346388,341136,15673,356809,4802
2021-09-18,Sacramento,067,1510023,147492,146162,3706,149868,2016
2021-09-18,San Benito,069,59416,6948,6937,140,7077,67
2021-09-18,San Bernardino,071,2135413,339290,336380,10462,346842,5501
2021-09-18,San Diego,073,3302833,352777,348848,20765,369613,4006
2021-09-18,San Francisco,075,870044,50084,49359,2103,51462,605
2021-09-18,San Joaquin,077,732212,93501,92242,4916,97158,1615
2021-09-18,San Luis Obispo,079,281455,27708,27181,1078,28259,313
2021-09-18,San Mateo,081,765935,51791,50961,767,51728,567
2021-09-18,Santa Barbara,083,443738,41873,41465,1446,42911,500
2021-09-18,Santa Clara,085,1922200,140558,139233,1077,140310,1841
2021-09-18,Santa Cruz,087,273765,19333,19079,958,20037,211
2021-09-18,Shasta,089,179085,18326,17777,2958,20735,258
2021-09-18,Sierra,091,2930,129,125,13,138,0
2021-09-18,Siskiyou,093,43540,3020,2875,1032,3907,35
2021-09-18,Solano,095,438530,43908,42966,1116,44082,312
2021-09-18,Sonoma,097,501317,39184,38891,475,39366,369
2021-09-18,Stanislaus,099,539301,72081,71587,8031,79618,1091
2021-09-18,Sutter,101,95872,12950,12829,241,13070,153
2021-09-18,Tehama,103,63373,7253,7055,1168,8223,84
2021-09-18,Trinity,105,12862,715,561,189,750,7
2021-09-18,Tulare,107,460477,61702,60003,12415,72418,896
2021-09-18,Tuolumne,109,53932,6165,6069,74,6143,89
2021-09-18,Ventura,111,848112,94409,93424,4064,97488,1120
2021-09-18,Yolo,113,214977,18476,18213,822,19035,239
2021-09-18,Yuba,115,75493,9183,9061,201,9262,61
2021-09-17,Alameda,001,1643700,113821,113070,2536,115606,1320
2021-09-17,Alpine,002,1148,99,99,0,99,0
2021-09-17,Amador,005,37829,4936,4835,47,4882,58
2021-09-17,Butte,007,227075,18519,17870,3328,21198,230
2021-09-17,Calaveras,009,45235,3455,3338,34,3372,66
2021-09-17,Colusa,011,21464,2398,2369,531,2900,16
2021-09-17,Contra Costa,013,1133247,94485,93485,1890,95375,924
2021-09-17,Del Norte,015,27424,3456,3311,23,3334,34
2021-09-17,El Dorado,017,186661,14745,14421,1498,15919,127
2021-09-17,Fresno,019,978130,126939,124296,11360,135656,1882
2021-09-17,Glenn,021,27897,3175,3072,908,3980,25
2021-09-17,Humboldt,023,135768,8030,7850,394,8244,80
2021-09-17,Imperial,025,180216,31325,31031,2933,33964,755
2021-09-17,Inyo,027,18085,1665,1634,31,1665,39
2021-09-17,Kern,029,883053,116732,114303,17810,132113,1456
2021-09-17,Kings,031,150075,28861,28240,1613,29853,281
2021-09-17,Lake,033,64148,6094,5915,119,6034,87
2021-09-17,Lassen,035,31185,6281,6080,261,6341,25
2021-09-17,Los Angeles,037,10098052,1392474,1377905,50442,1428347,25820
2021-09-17,Madera,039,155013,20593,20040,1611,21651,257
2021-09-17,Marin,041,260295,16857,16658,383,17041,242
2021-09-17,Mariposa,043,17540,922,869,32,901,5
2021-09-17,Mendocino,045,87422,6695,6498,322,6820,67
2021-09-17,Merced,047,269075,38280,37803,1470,39273,533
2021-09-17,Modoc,049,8938,464,456,159,615,5
2021-09-17,Mono,051,14174,1510,1457,18,1475,3
2021-09-17,Monterey,053,433212,47277,46421,2512,48933,564
2021-09-17,Napa,055,140530,12251,12153,82,12235,95
2021-09-17,Nevada,057,99092,8298,8157,269,8426,84
2021-09-17,Orange,059,3164182,296287,292685,13805,306490,5346
2021-09-17,Placer,061,380077,33869,33188,3148,36336,362
2021-09-17,Plumas,063,18699,1254,1192,23,1215,5
2021-09-17,Riverside,065,2383286,345988,340445,15662,356107,4792
2021-09-17,Sacramento,067,1510023,147292,145985,3695,149680,1999
2021-09-17,San Benito,069,59416,6945,6929,140,7069,67
2021-09-17,San Bernardino,071,2135413,338930,335810,10455,346265,5488
2021-09-17,San Diego,073,3302833,352354,348098,20748,368846,4002
2021-09-17,San Francisco,075,870044,50033,49249,2098,51347,605
2021-09-17,San Joaquin,077,732212,93363,91977,4905,96882,1610
2021-09-17,San Luis Obispo,079,281455,27674,27102,1067,28169,311
2021-09-17,San Mateo,081,765935,51738,50854,766,51620,564
2021-09-17,Santa Barbara,083,443738,41810,41354,1445,42799,498
2021-09-17,Santa Clara,085,1922200,140409,138939,1076,140015,1838
2021-09-17,Santa Cruz,087,273765,19309,19039,958,19997,211
2021-09-17,Shasta,089,179085,18256,17617,2945,20562,254
2021-09-17,Sierra,091,2930,129,124,13,137,0
2021-09-17,Siskiyou,093,43540,3005,2852,1032,3884,35
2021-09-17,Solano,095,438530,43845,42898,1112,44010,312
2021-09-17,Sonoma,097,501317,39147,38808,474,39282,369
2021-09-17,Stanislaus,099,539301,71974,71408,8013,79421,1091
2021-09-17,Sutter,101,95872,12934,12799,238,13037,153
2021-09-17,Tehama,103,63373,7230,7020,1156,8176,84
2021-09-17,Trinity,105,12862,710,556,188,744,7
2021-09-17,Tulare,107,460477,61587,59689,12380,72069,895
2021-09-17,Tuolumne,109,53932,6146,6047,74,6121,89
2021-09-17,Ventura,111,848112,94297,93273,4062,97335,1116
2021-09-17,Yolo,113,214977,18445,18177,818,18995,239
2021-09-17,Yuba,115,75493,9156,9019,200,9219,61
2021-09-16,Alameda,001,1643700,113644,112770,2533,115303,1318
2021-09-16,Alpine,002,1148,99,99,0,99,0
2021-09-16,Amador,005,37829,4916,4819,47,4866,58
2021-09-16,Butte,007,227075,18444,17750,3312,21062,230
2021-09-16,Calaveras,009,45235,3424,3313,34,3347,66
2021-09-16,Colusa,011,21464,2396,2363,529,2892,16
2021-09-16,Contra Costa,013,1133247,94313,93213,1882,95095,917
2021-09-16,Del Norte,015,27424,3438,3285,23,3308,34
2021-09-16,El Dorado,017,186661,14704,14372,1490,15862,127
2021-09-16,Fresno,019,978130,126582,123853,11319,135172,1868
2021-09-16,Glenn,021,27897,3165,3068,906,3974,24
2021-09-16,Humboldt,023,135768,7997,7809,386,8195,80
2021-09-16,Imperial,025,180216,31282,30966,2925,33891,753
2021-09-16,Inyo,027,18085,1663,1623,31,1654,39
2021-09-16,Kern,029,883053,116459,113828,17743,131571,1448
2021-09-16,Kings,031,150075,28775,28114,1605,29719,280
2021-09-16,Lake,033,64148,6070,5890,116,6006,87
2021-09-16,Lassen,035,31185,6246,6028,256,6284,25
2021-09-16,Los Angeles,037,10098052,1391083,1376277,50377,1426654,25796
2021-09-16,Madera,039,155013,20515,19974,1606,21580,257
2021-09-16,Marin,041,260295,16830,16625,382,17007,242
2021-09-16,Mariposa,043,17540,916,849,32,881,6
2021-09-16,Mendocino,045,87422,6657,6445,311,6756,67
2021-09-16,Merced,047,269075,38173,37675,1468,39143,532
2021-09-16,Modoc,049,8938,462,455,159,614,5
2021-09-16,Mono,051,14174,1504,1449,18,1467,3
2021-09-16,Monterey,053,433212,47223,46342,2506,48848,562
2021-09-16,Napa,055,140530,12226,12115,78,12193,95
2021-09-16,Nevada,057,99092,8271,8121,268,8389,84
2021-09-16,Orange,059,3164182,295941,292183,13785,305968,5340
2021-09-16,Placer,061,380077,33773,33037,3128,36165,354
2021-09-16,Plumas,063,18699,1245,1178,23,1201,5
2021-09-16,Riverside,065,2383286,345459,339770,15648,355418,4786
2021-09-16,Sacramento,067,1510023,146936,145754,3663,149417,1996
2021-09-16,San Benito,069,59416,6933,6913,139,7052,67
2021-09-16,San Bernardino,071,2135413,338507,335129,10448,345577,5474
2021-09-16,San Diego,073,3302833,351740,347472,20709,368181,3994
2021-09-16,San Francisco,075,870044,49947,49133,2090,51223,605
2021-09-16,San Joaquin,077,732212,93125,91650,4862,96512,1608
2021-09-16,San Luis Obispo,079,281455,27601,27044,1063,28107,310
2021-09-16,San Mateo,081,765935,51660,50773,764,51537,564
2021-09-16,Santa Barbara,083,443738,41744,41272,1442,42714,497
2021-09-16,Santa Clara,085,1922200,140255,138685,1072,139757,1835
2021-09-16,Santa Cruz,087,273765,19282,19011,958,19969,211
2021-09-16,Shasta,089,179085,18132,17438,2912,20350,251
2021-09-16,Sierra,091,2930,129,123,13,136,0
2021-09-16,Siskiyou,093,43540,2985,2819,1025,3844,35
2021-09-16,Solano,095,438530,43773,42792,1103,43895,312
2021-09-16,Sonoma,097,501317,39084,38707,473,39180,369
2021-09-16,Stanislaus,099,539301,71741,71105,7997,79102,1091
2021-09-16,Sutter,101,95872,12890,12729,233,12962,152
2021-09-16,Tehama,103,63373,7189,6953,1145,8098,83
2021-09-16,Trinity,105,12862,707,547,187,734,7
2021-09-16,Tulare,107,460477,61365,59459,12308,71767,894
2021-09-16,Tuolumne,109,53932,6124,5999,73,6072,89
2021-09-16,Ventura,111,848112,94157,93087,4058,97145,1110
2021-09-16,Yolo,113,214977,18413,18135,816,18951,239
2021-09-16,Yuba,115,75493,9122,8981,197,9178,61
2021-09-15,Alameda,001,1643700,113478,112498,2526,115024,1317
2021-09-15,Alpine,002,1148,99,99,0,99,0
2021-09-15,Amador,005,37829,4908,4792,47,4839,58
2021-09-15,Butte,007,227075,18345,17664,3292,20956,228
2021-09-15,Calaveras,009,45235,3395,3293,32,3325,66
2021-09-15,Colusa,011,21464,2394,2352,526,2878,16
2021-09-15,Contra Costa,013,1133247,94131,92989,1871,94860,913
2021-09-15,Del Norte,015,27424,3425,3271,21,3292,34
2021-09-15,El Dorado,017,186661,14677,14309,1481,15790,127
2021-09-15,Fresno,019,978130,126202,123370,11263,134633,1867
2021-09-15,Glenn,021,27897,3153,3051,901,3952,20
2021-09-15,Humboldt,023,135768,7961,7754,381,8135,52
2021-09-15,Imperial,025,180216,31227,30891,2920,33811,753
2021-09-15,Inyo,027,18085,1659,1614,31,1645,39
2021-09-15,Kern,029,883053,116113,113546,17644,131190,1434
2021-09-15,Kings,031,150075,28696,27991,1597,29588,279
2021-09-15,Lake,033,64148,6037,5852,115,5967,85
2021-09-15,Lassen,035,31185,6186,6018,251,6269,25
2021-09-15,Los Angeles,037,10098052,1389578,1374307,50308,1424615,25767
2021-09-15,Madera,039,155013,20440,19880,1599,21479,257
2021-09-15,Marin,041,260295,16795,16592,377,16969,242
2021-09-15,Mariposa,043,17540,904,843,32,875,5
2021-09-15,Mendocino,045,87422,6627,6399,306,6705,66
2021-09-15,Merced,047,269075,38065,37508,1466,38974,529
2021-09-15,Modoc,049,8938,462,454,159,613,5
2021-09-15,Mono,051,14174,1498,1445,18,1463,3
2021-09-15,Monterey,053,433212,47153,46317,2495,48812,562
2021-09-15,Napa,055,140530,12205,12082,78,12160,95
2021-09-15,Nevada,057,99092,8249,8081,265,8346,84
2021-09-15,Orange,059,3164182,295617,291834,13766,305600,5328
2021-09-15,Placer,061,380077,33662,32860,3107,35967,352
2021-09-15,Plumas,063,18699,1240,1164,22,1186,5
2021-09-15,Riverside,065,2383286,344876,339077,15624,354701,4769
2021-09-15,Sacramento,067,1510023,146510,145202,3631,148833,1981
2021-09-15,San Benito,069,59416,6930,6902,139,7041,67
2021-09-15,San Bernardino,071,2135413,338045,334556,10434,344990,5470
2021-09-15,San Diego,073,3302833,351121,346933,20681,367614,3983
2021-09-15,San Francisco,075,870044,49836,48999,2085,51084,605
2021-09-15,San Joaquin,077,732212,92849,91322,4822,96144,1607
2021-09-15,San Luis Obispo,079,281455,27518,26943,1057,28000,306
2021-09-15,San Mateo,081,765935,51578,50691,761,51452,564
2021-09-15,Santa Barbara,083,443738,41641,41077,1438,42515,497
2021-09-15,Santa Clara,085,1922200,140081,138410,1067,139477,1833
2021-09-15,Santa Cruz,087,273765,19244,18984,956,19940,210
2021-09-15,Shasta,089,179085,18021,17317,2891,20208,250
2021-09-15,Sierra,091,2930,129,123,13,136,0
2021-09-15,Siskiyou,093,43540,2965,2804,995,3799,35
2021-09-15,Solano,095,438530,43701,42682,1098,43780,312
2021-09-15,Sonoma,097,501317,39027,38629,473,39102,369
2021-09-15,Stanislaus,099,539301,71517,70852,7975,78827,1091
2021-09-15,Sutter,101,95872,12857,12699,228,12927,151
2021-09-15,Tehama,103,63373,7148,6894,1136,8030,79
2021-09-15,Trinity,105,12862,705,541,185,726,7
2021-09-15,Tulare,107,460477,61105,59149,12248,71397,890
2021-09-15,Tuolumne,109,53932,6098,5969,73,6042,89
2021-09-15,Ventura,111,848112,94014,92960,4051,97011,1109
2021-09-15,Yolo,113,214977,18379,18064,810,18874,239
2021-09-15,Yuba,115,75493,9088,8953,197,9150,61
2021-09-14,Alameda,001,1643700,113271,112329,2523,114852,1316
2021-09-14,Alpine,002,1148,99,98,0,98,0
2021-09-14,Amador,005,37829,4888,4790,47,4837,57
2021-09-14,Butte,007,227075,18213,17516,3268,20784,226
2021-09-14,Calaveras,009,45235,3375,3280,29,3309,66
2021-09-14,Colusa,011,21464,2390,2344,523,2867,16
2021-09-14,Contra Costa,013,1133247,93933,92822,1863,94685,908
2021-09-14,Del Norte,015,27424,3409,3252,21,3273,32
2021-09-14,El Dorado,017,186661,14624,14247,1473,15720,123
2021-09-14,Fresno,019,978130,125727,123151,11211,134362,1856
2021-09-14,Glenn,021,27897,3136,3045,897,3942,20
2021-09-14,Humboldt,023,135768,7927,7717,376,8093,52
2021-09-14,Imperial,025,180216,31178,30845,2917,33762,752
2021-09-14,Inyo,027,18085,1650,1605,30,1635,39
2021-09-14,Kern,029,883053,115730,113250,17521,130771,1428
2021-09-14,Kings,031,150075,28620,27955,1589,29544,278
2021-09-14,Lake,033,64148,6005,5845,115,5960,83
2021-09-14,Lassen,035,31185,6172,5977,246,6223,25
2021-09-14,Los Angeles,037,10098052,1387742,1372831,50228,1423059,25729
2021-09-14,Madera,039,155013,20358,19800,1588,21388,254
2021-09-14,Marin,041,260295,16767,16584,375,16959,242
2021-09-14,Mariposa,043,17540,893,834,31,865,5
2021-09-14,Mendocino,045,87422,6591,6372,295,6667,65
2021-09-14,Merced,047,269075,37914,37430,1462,38892,526
2021-09-14,Modoc,049,8938,461,453,159,612,5
2021-09-14,Mono,051,14174,1494,1440,18,1458,4
2021-09-14,Monterey,053,433212,47113,46224,2484,48708,558
2021-09-14,Napa,055,140530,12172,12070,77,12147,91
2021-09-14,Nevada,057,99092,8215,8056,265,8321,83
2021-09-14,Orange,059,3164182,295224,291423,13742,305165,5319
2021-09-14,Placer,061,380077,33531,32735,3087,35822,350
2021-09-14,Plumas,063,18699,1225,1148,22,1170,5
2021-09-14,Riverside,065,2383286,344235,338534,15593,354127,4748
2021-09-14,Sacramento,067,1510023,146125,145051,3582,148633,1977
2021-09-14,San Benito,069,59416,6920,6887,139,7026,64
2021-09-14,San Bernardino,071,2135413,337548,333968,10409,344377,5465
2021-09-14,San Diego,073,3302833,350461,346204,20630,366834,3966
2021-09-14,San Francisco,075,870044,49702,48998,2083,51081,603
2021-09-14,San Joaquin,077,732212,92610,91128,4813,95941,1596
2021-09-14,San Luis Obispo,079,281455,27445,26845,1052,27897,304
2021-09-14,San Mateo,081,765935,51480,50602,758,51360,564
2021-09-14,Santa Barbara,083,443738,41545,40783,1429,42212,495
2021-09-14,Santa Clara,085,1922200,139846,138321,1063,139384,1828
2021-09-14,Santa Cruz,087,273765,19204,18965,954,19919,210
2021-09-14,Shasta,089,179085,17890,17152,2870,20022,246
2021-09-14,Sierra,091,2930,129,123,13,136,0
2021-09-14,Siskiyou,093,43540,2941,2756,978,3734,35
2021-09-14,Solano,095,438530,43618,42599,1095,43694,307
2021-09-14,Sonoma,097,501317,38958,38595,469,39064,369
2021-09-14,Stanislaus,099,539301,71257,70697,7947,78644,1091
2021-09-14,Sutter,101,95872,12815,12670,221,12891,149
2021-09-14,Tehama,103,63373,7094,6859,1128,7987,80
2021-09-14,Trinity,105,12862,699,538,184,722,7
2021-09-14,Tulare,107,460477,60852,58961,12177,71138,888
2021-09-14,Tuolumne,109,53932,6077,5951,71,6022,89
2021-09-14,Ventura,111,848112,93829,92841,4034,96875,1107
2021-09-14,Yolo,113,214977,18335,18039,805,18844,239
2021-09-14,Yuba,115,75493,9052,8928,197,9125,61
2021-09-13,Alameda,001,1643700,113057,112159,2518,114677,1309
2021-09-13,Alpine,002,1148,98,98,0,98,0
2021-09-13,Amador,005,37829,4870,4761,47,4808,56
2021-09-13,Butte,007,227075,18089,17393,3239,20632,225
2021-09-13,Calaveras,009,45235,3349,3253,27,3280,65
2021-09-13,Colusa,011,21464,2381,2346,519,2865,16
2021-09-13,Contra Costa,013,1133247,93687,92658,1858,94516,908
2021-09-13,Del Norte,015,27424,3373,3232,21,3253,28
2021-09-13,El Dorado,017,186661,14563,14194,1465,15659,119
2021-09-13,Fresno,019,978130,125260,122650,11145,133795,1853
2021-09-13,Glenn,021,27897,3122,3026,891,3917,20
2021-09-13,Humboldt,023,135768,7894,7659,373,8032,52
2021-09-13,Imperial,025,180216,31125,30802,2914,33716,751
2021-09-13,Inyo,027,18085,1643,1602,30,1632,39
2021-09-13,Kern,029,883053,115346,112930,17399,130329,1424
2021-09-13,Kings,031,150075,28510,27858,1577,29435,275
2021-09-13,Lake,033,64148,5983,5809,115,5924,82
2021-09-13,Lassen,035,31185,6137,5953,245,6198,25
2021-09-13,Los Angeles,037,10098052,1385877,1371423,50162,1421585,25703
2021-09-13,Madera,039,155013,20287,19735,1573,21308,252
2021-09-13,Marin,041,260295,16731,16557,374,16931,242
2021-09-13,Mariposa,043,17540,879,825,31,856,5
2021-09-13,Mendocino,045,87422,6556,6323,286,6609,61
2021-09-13,Merced,047,269075,37764,37291,1457,38748,521
2021-09-13,Modoc,049,8938,460,451,159,610,5
2021-09-13,Mono,051,14174,1488,1435,18,1453,3
2021-09-13,Monterey,053,433212,47024,46188,2471,48659,558
2021-09-13,Napa,055,140530,12154,12039,77,12116,91
2021-09-13,Nevada,057,99092,8189,8021,263,8284,83
2021-09-13,Orange,059,3164182,294791,291128,13720,304848,5312
2021-09-13,Placer,061,380077,33366,32617,3070,35687,343
2021-09-13,Plumas,063,18699,1216,1142,22,1164,5
2021-09-13,Riverside,065,2383286,343589,337876,15575,353451,4731
2021-09-13,Sacramento,067,1510023,145637,144537,3548,148085,1956
2021-09-13,San Benito,069,59416,6904,6867,138,7005,64
2021-09-13,San Bernardino,071,2135413,337057,333613,10384,343997,5441
2021-09-13,San Diego,073,3302833,349674,345647,20578,366225,3961
2021-09-13,San Francisco,075,870044,49572,48914,2077,50991,603
2021-09-13,San Joaquin,077,732212,92325,90966,4795,95761,1581
2021-09-13,San Luis Obispo,079,281455,27348,26805,1049,27854,300
2021-09-13,San Mateo,081,765935,51388,50525,753,51278,564
2021-09-13,Santa Barbara,083,443738,41426,40661,1422,42083,494
2021-09-13,Santa Clara,085,1922200,139600,138152,1058,139210,1820
2021-09-13,Santa Cruz,087,273765,19164,18917,953,19870,210
2021-09-13,Shasta,089,179085,17760,17033,2830,19863,243
2021-09-13,Sierra,091,2930,129,123,13,136,0
2021-09-13,Siskiyou,093,43540,2926,2745,966,3711,35
2021-09-13,Solano,095,438530,43514,42501,1092,43593,306
2021-09-13,Sonoma,097,501317,38891,38513,466,38979,368
2021-09-13,Stanislaus,099,539301,71002,70477,7911,78388,1091
2021-09-13,Sutter,101,95872,12757,12624,217,12841,145
2021-09-13,Tehama,103,63373,7031,6803,1116,7919,79
2021-09-13,Trinity,105,12862,697,533,182,715,7
2021-09-13,Tulare,107,460477,60568,58768,12117,70885,887
2021-09-13,Tuolumne,109,53932,6047,5909,71,5980,89
2021-09-13,Ventura,111,848112,93667,92679,4027,96706,1107
2021-09-13,Yolo,113,214977,18291,17974,799,18773,239
2021-09-13,Yuba,115,75493,9007,8884,196,9080,61
2021-09-12,Alameda,001,1643700,112796,111961,2515,114476,1309
2021-09-12,Alpine,002,1148,98,98,0,98,0
2021-09-12,Amador,005,37829,4849,4752,47,4799,56
2021-09-12,Butte,007,227075,17944,17257,3192,20449,221
2021-09-12,Calaveras,009,45235,3318,3236,23,3259,65
2021-09-12,Colusa,011,21464,2378,2344,518,2862,16
2021-09-12,Contra Costa,013,1133247,93419,92498,1846,94344,908
2021-09-12,Del Norte,015,27424,3338,3200,21,3221,28
2021-09-12,El Dorado,017,186661,14490,14167,1449,15616,119
2021-09-12,Fresno,019,978130,124740,122407,11088,133495,1853
2021-09-12,Glenn,021,27897,3105,3016,885,3901,20
2021-09-12,Humboldt,023,135768,7824,7636,362,7998,52
2021-09-12,Imperial,025,180216,31062,30790,2909,33699,751
2021-09-12,Inyo,027,18085,1633,1596,30,1626,39
2021-09-12,Kern,029,883053,114934,112602,17240,129842,1424
2021-09-12,Kings,031,150075,28399,27764,1560,29324,274
2021-09-12,Lake,033,64148,5943,5781,113,5894,82
2021-09-12,Lassen,035,31185,6100,5943,236,6179,25
2021-09-12,Los Angeles,037,10098052,1383818,1365968,50089,1416057,25630
2021-09-12,Madera,039,155013,20200,19691,1561,21252,252
2021-09-12,Marin,041,260295,16708,16526,374,16900,242
2021-09-12,Mariposa,043,17540,868,811,29,840,5
2021-09-12,Mendocino,045,87422,6516,6283,277,6560,61
2021-09-12,Merced,047,269075,37592,37172,1446,38618,521
2021-09-12,Modoc,049,8938,460,451,158,609,5
2021-09-12,Mono,051,14174,1481,1431,18,1449,3
2021-09-12,Monterey,053,433212,46927,46167,2461,48628,558
2021-09-12,Napa,055,140530,12124,12011,77,12088,91
2021-09-12,Nevada,057,99092,8149,7987,262,8249,83
2021-09-12,Orange,059,3164182,294329,290718,13699,304417,5312
2021-09-12,Placer,061,380077,33216,32520,3048,35568,343
2021-09-12,Plumas,063,18699,1197,1138,22,1160,5
2021-09-12,Riverside,065,2383286,342905,337332,15541,352873,4731
2021-09-12,Sacramento,067,1510023,145128,144030,3509,147539,1959
2021-09-12,San Benito,069,59416,6885,6852,137,6989,64
2021-09-12,San Bernardino,071,2135413,336446,333049,10371,343420,5439
2021-09-12,San Diego,073,3302833,348864,345058,20502,365560,3942
2021-09-12,San Francisco,075,870044,49460,48819,2070,50889,603
2021-09-12,San Joaquin,077,732212,91996,90730,4787,95517,1581
2021-09-12,San Luis Obispo,079,281455,27229,26729,1036,27765,299
2021-09-12,San Mateo,081,765935,51277,50432,749,51181,564
2021-09-12,Santa Barbara,083,443738,41315,40600,1415,42015,494
2021-09-12,Santa Clara,085,1922200,139343,137899,1055,138954,1820
2021-09-12,Santa Cruz,087,273765,19131,18892,952,19844,210
2021-09-12,Shasta,089,179085,17595,16957,2772,19729,243
2021-09-12,Sierra,091,2930,129,123,13,136,0
2021-09-12,Siskiyou,093,43540,2898,2730,951,3681,35
2021-09-12,Solano,095,438530,43408,42409,1089,43498,306
2021-09-12,Sonoma,097,501317,38811,38456,464,38920,368
2021-09-12,Stanislaus,099,539301,70703,70184,7872,78056,1091
2021-09-12,Sutter,101,95872,12715,12589,211,12800,145
2021-09-12,Tehama,103,63373,6968,6732,1104,7836,79
2021-09-12,Trinity,105,12862,693,529,180,709,7
2021-09-12,Tulare,107,460477,60214,58582,12057,70639,887
2021-09-12,Tuolumne,109,53932,6014,5888,71,5959,89
2021-09-12,Ventura,111,848112,93540,92496,4021,96517,1107
2021-09-12,Yolo,113,214977,18225,17943,791,18734,239
2021-09-12,Yuba,115,75493,8972,8842,196,9038,61
2021-09-11,Alameda,001,1643700,112672,111715,2513,114228,1309
2021-09-11,Alpine,002,1148,98,98,0,98,0
2021-09-11,Amador,005,37829,4836,4728,46,4774,56
2021-09-11,Butte,007,227075,17861,17218,3165,20383,221
2021-09-11,Calaveras,009,45235,3310,3208,22,3230,65
2021-09-11,Colusa,011,21464,2377,2338,515,2853,16
2021-09-11,Contra Costa,013,1133247,93300,92269,1842,94111,908
2021-09-11,Del Norte,015,27424,3322,3184,21,3205,28
2021-09-11,El Dorado,017,186661,14471,14117,1442,15559,119
2021-09-11,Fresno,019,978130,124561,122224,11063,133287,1853
2021-09-11,Glenn,021,27897,3095,3007,882,3889,20
2021-09-11,Humboldt,023,135768,7802,7615,359,7974,52
2021-09-11,Imperial,025,180216,31037,30760,2906,33666,751
2021-09-11,Inyo,027,18085,1630,1590,30,1620,39
2021-09-11,Kern,029,883053,114684,112205,17126,129331,1424
2021-09-11,Kings,031,150075,28350,27631,1554,29185,275
2021-09-11,Lake,033,64148,5922,5761,113,5874,82
2021-09-11,Lassen,035,31185,6085,5930,232,6162,25
2021-09-11,Los Angeles,037,10098052,1382845,1365831,50024,1415855,25630
2021-09-11,Madera,039,155013,20148,19648,1556,21204,252
2021-09-11,Marin,041,260295,16679,16496,373,16869,242
2021-09-11,Mariposa,043,17540,863,799,29,828,5
2021-09-11,Mendocino,045,87422,6491,6257,277,6534,61
2021-09-11,Merced,047,269075,37538,37042,1443,38485,521
2021-09-11,Modoc,049,8938,460,449,158,607,5
2021-09-11,Mono,051,14174,1475,1431,18,1449,3
2021-09-11,Monterey,053,433212,46889,46140,2458,48598,558
2021-09-11,Napa,055,140530,12101,11991,77,12068,91
2021-09-11,Nevada,057,99092,8134,7967,262,8229,83
2021-09-11,Orange,059,3164182,294027,290429,13683,304112,5306
2021-09-11,Placer,061,380077,33132,32414,3037,35451,344
2021-09-11,Plumas,063,18699,1190,1112,22,1134,5
2021-09-11,Riverside,065,2383286,342467,336585,15528,352113,4731
2021-09-11,Sacramento,067,1510023,144828,143557,3497,147054,1955
2021-09-11,San Benito,069,59416,6872,6844,137,6981,64
2021-09-11,San Bernardino,071,2135413,336103,332512,10357,342869,5430
2021-09-11,San Diego,073,3302833,348380,344355,20478,364833,3942
2021-09-11,San Francisco,075,870044,49404,48660,2066,50726,603
2021-09-11,San Joaquin,077,732212,91853,90482,4780,95262,1581
2021-09-11,San Luis Obispo,079,281455,27183,26651,1035,27686,299
2021-09-11,San Mateo,081,765935,51205,50341,748,51089,564
2021-09-11,Santa Barbara,083,443738,41242,40451,1415,41866,494
2021-09-11,Santa Clara,085,1922200,139190,137659,1052,138711,1820
2021-09-11,Santa Cruz,087,273765,19102,18865,952,19817,210
2021-09-11,Shasta,089,179085,17501,16877,2752,19629,243
2021-09-11,Sierra,091,2930,129,123,13,136,0
2021-09-11,Siskiyou,093,43540,2881,2717,948,3665,35
2021-09-11,Solano,095,438530,43357,42344,1086,43430,306
2021-09-11,Sonoma,097,501317,38764,38399,462,38861,368
2021-09-11,Stanislaus,099,539301,70578,69974,7859,77833,1091
2021-09-11,Sutter,101,95872,12689,12538,208,12746,145
2021-09-11,Tehama,103,63373,6947,6703,1096,7799,79
2021-09-11,Trinity,105,12862,686,526,180,706,7
2021-09-11,Tulare,107,460477,60102,58321,12011,70332,889
2021-09-11,Tuolumne,109,53932,5995,5879,68,5947,89
2021-09-11,Ventura,111,848112,93458,92328,4016,96344,1107
2021-09-11,Yolo,113,214977,18200,17906,788,18694,239
2021-09-11,Yuba,115,75493,8947,8813,196,9009,61
2021-09-10,Alameda,001,1643700,112481,111386,2512,113898,1306
2021-09-10,Alpine,002,1148,97,97,0,97,0
2021-09-10,Amador,005,37829,4824,4706,46,4752,56
2021-09-10,Butte,007,227075,17787,17051,3147,20198,222
2021-09-10,Calaveras,009,45235,3302,3183,22,3205,65
2021-09-10,Colusa,011,21464,2373,2327,512,2839,16
2021-09-10,Contra Costa,013,1133247,93177,92024,1840,93864,908
2021-09-10,Del Norte,015,27424,3307,3128,20,3148,28
2021-09-10,El Dorado,017,186661,14441,14051,1438,15489,119
2021-09-10,Fresno,019,978130,124237,121659,11036,132695,1846
2021-09-10,Glenn,021,27897,3088,2977,881,3858,20
2021-09-10,Humboldt,023,135768,7770,7543,355,7898,52
2021-09-10,Imperial,025,180216,31014,30716,2904,33620,751
2021-09-10,Inyo,027,18085,1626,1590,30,1620,39
2021-09-10,Kern,029,883053,114430,111832,17010,128842,1419
2021-09-10,Kings,031,150075,28276,27473,1547,29020,274
2021-09-10,Lake,033,64148,5906,5713,111,5824,79
2021-09-10,Lassen,035,31185,6077,5914,229,6143,25
2021-09-10,Los Angeles,037,10098052,1381639,1365709,49960,1415669,25630
2021-09-10,Madera,039,155013,20102,19520,1549,21069,252
2021-09-10,Marin,041,260295,16659,16458,370,16828,242
2021-09-10,Mariposa,043,17540,858,795,29,824,5
2021-09-10,Mendocino,045,87422,6459,6184,276,6460,61
2021-09-10,Merced,047,269075,37486,36884,1442,38326,521
2021-09-10,Modoc,049,8938,460,448,158,606,5
2021-09-10,Mono,051,14174,1470,1422,18,1440,3
2021-09-10,Monterey,053,433212,46843,46084,2456,48540,557
2021-09-10,Napa,055,140530,12076,11948,77,12025,90
2021-09-10,Nevada,057,99092,8116,7932,261,8193,83
2021-09-10,Orange,059,3164182,293720,290022,13673,303695,5302
2021-09-10,Placer,061,380077,33030,32264,3024,35288,343
2021-09-10,Plumas,063,18699,1182,1111,22,1133,5
2021-09-10,Riverside,065,2383286,341994,335988,15521,351509,4720
2021-09-10,Sacramento,067,1510023,144485,143244,3489,146733,1950
2021-09-10,San Benito,069,59416,6868,6824,137,6961,64
2021-09-10,San Bernardino,071,2135413,335685,331894,10348,342242,5422
2021-09-10,San Diego,073,3302833,347833,343173,20441,363614,3941
2021-09-10,San Francisco,075,870044,49325,48518,2059,50577,602
2021-09-10,San Joaquin,077,732212,91673,90208,4774,94982,1573
2021-09-10,San Luis Obispo,079,281455,27150,26526,1033,27559,299
2021-09-10,San Mateo,081,765935,51137,50251,747,50998,564
2021-09-10,Santa Barbara,083,443738,41189,40321,1412,41733,492
2021-09-10,Santa Clara,085,1922200,139007,137337,1051,138388,1817
2021-09-10,Santa Cruz,087,273765,19083,18785,951,19736,210
2021-09-10,Shasta,089,179085,17407,16667,2724,19391,242
2021-09-10,Sierra,091,2930,129,117,13,130,0
2021-09-10,Siskiyou,093,43540,2869,2702,944,3646,35
2021-09-10,Solano,095,438530,43283,42230,1079,43309,305
2021-09-10,Sonoma,097,501317,38706,38271,461,38732,368
2021-09-10,Stanislaus,099,539301,70422,69617,7835,77452,1091
2021-09-10,Sutter,101,95872,12655,12468,208,12676,145
2021-09-10,Tehama,103,63373,6913,6652,1090,7742,77
2021-09-10,Trinity,105,12862,682,524,180,704,7
2021-09-10,Tulare,107,460477,59954,57930,11962,69892,883
2021-09-10,Tuolumne,109,53932,5975,5842,68,5910,89
2021-09-10,Ventura,111,848112,93360,92145,4012,96157,1104
2021-09-10,Yolo,113,214977,18174,17825,784,18609,239
2021-09-10,Yuba,115,75493,8928,8760,195,8955,62
2021-09-09,Alameda,001,1643700,112262,111014,2508,113522,1306
2021-09-09,Alpine,002,1148,97,94,0,94,0
2021-09-09,Amador,005,37829,4803,4698,45,4743,56
2021-09-09,Butte,007,227075,17640,16874,3120,19994,221
2021-09-09,Calaveras,009,45235,3268,3165,22,3187,65
2021-09-09,Colusa,011,21464,2366,2321,511,2832,16
2021-09-09,Contra Costa,013,1133247,92967,91687,1835,93522,904
2021-09-09,Del Norte,015,27424,3284,3102,20,3122,28
2021-09-09,El Dorado,017,186661,14384,13970,1428,15398,119
2021-09-09,Fresno,019,978130,123762,121040,10990,132030,1838
2021-09-09,Glenn,021,27897,3076,2947,877,3824,20
2021-09-09,Humboldt,023,135768,7720,7471,349,7820,52
2021-09-09,Imperial,025,180216,30976,30661,2901,33562,751
2021-09-09,Inyo,027,18085,1619,1586,30,1616,39
2021-09-09,Kern,029,883053,114083,111390,16854,128244,1414
2021-09-09,Kings,031,150075,28174,27282,1536,28818,273
2021-09-09,Lake,033,64148,5882,5638,109,5747,79
2021-09-09,Lassen,035,31185,6027,5860,223,6083,25
2021-09-09,Los Angeles,037,10098052,1379772,1363735,49887,1413622,25583
2021-09-09,Madera,039,155013,20029,19401,1536,20937,252
2021-09-09,Marin,041,260295,16636,16416,367,16783,242
2021-09-09,Mariposa,043,17540,845,779,28,807,5
2021-09-09,Mendocino,045,87422,6425,6089,267,6356,61
2021-09-09,Merced,047,269075,37332,36634,1429,38063,516
2021-09-09,Modoc,049,8938,460,448,158,606,5
2021-09-09,Mono,051,14174,1460,1420,18,1438,3
2021-09-09,Monterey,053,433212,46789,45991,2445,48436,556
2021-09-09,Napa,055,140530,12044,11878,77,11955,90
2021-09-09,Nevada,057,99092,8078,7855,261,8116,82
2021-09-09,Orange,059,3164182,293311,289109,13642,302751,5299
2021-09-09,Placer,061,380077,32912,32048,3009,35057,342
2021-09-09,Plumas,063,18699,1171,1098,22,1120,5
2021-09-09,Riverside,065,2383286,341355,334774,15503,350277,4701
2021-09-09,Sacramento,067,1510023,144004,142728,3444,146172,1929
2021-09-09,San Benito,069,59416,6858,6820,136,6956,64
2021-09-09,San Bernardino,071,2135413,335111,331040,10335,341375,5417
2021-09-09,San Diego,073,3302833,347119,342149,20384,362533,3929
2021-09-09,San Francisco,075,870044,49211,48404,2050,50454,597
2021-09-09,San Joaquin,077,732212,91400,89874,4756,94630,1570
2021-09-09,San Luis Obispo,079,281455,27068,26472,1030,27502,296
2021-09-09,San Mateo,081,765935,51016,50143,744,50887,561
2021-09-09,Santa Barbara,083,443738,41082,40180,1408,41588,490
2021-09-09,Santa Clara,085,1922200,138784,137017,1046,138063,1816
2021-09-09,Santa Cruz,087,273765,19037,18728,951,19679,210
2021-09-09,Shasta,089,179085,17261,16401,2683,19084,238
2021-09-09,Sierra,091,2930,129,115,13,128,0
2021-09-09,Siskiyou,093,43540,2846,2683,930,3613,35
2021-09-09,Solano,095,438530,43167,42081,1075,43156,303
2021-09-09,Sonoma,097,501317,38638,38171,460,38631,360
2021-09-09,Stanislaus,099,539301,70143,69178,7803,76981,1074
2021-09-09,Sutter,101,95872,12600,12396,206,12602,144
2021-09-09,Tehama,103,63373,6859,6554,1085,7639,75
2021-09-09,Trinity,105,12862,676,523,178,701,6
2021-09-09,Tulare,107,460477,59713,57564,11903,69467,879
2021-09-09,Tuolumne,109,53932,5947,5802,67,5869,89
2021-09-09,Ventura,111,848112,93215,91610,4003,95613,1098
2021-09-09,Yolo,113,214977,18117,17724,782,18506,239
2021-09-09,Yuba,115,75493,8883,8707,192,8899,55
2021-09-08,Alameda,001,1643700,112018,110781,2506,113287,1305
2021-09-08,Alpine,002,1148,97,94,0,94,0
2021-09-08,Amador,005,37829,4791,4693,45,4738,56
2021-09-08,Butte,007,227075,17506,16775,3101,19876,220
2021-09-08,Calaveras,009,45235,3250,3157,22,3179,63
2021-09-08,Colusa,011,21464,2364,2308,511,2819,16
2021-09-08,Contra Costa,013,1133247,92687,91471,1830,93301,900
2021-09-08,Del Norte,015,27424,3261,3085,20,3105,25
2021-09-08,El Dorado,017,186661,14304,13928,1408,15336,119
2021-09-08,Fresno,019,978130,123261,120644,10927,131571,1831
2021-09-08,Glenn,021,27897,3061,2942,868,3810,20
2021-09-08,Humboldt,023,135768,7675,7438,341,7779,52
2021-09-08,Imperial,025,180216,30943,30609,2888,33497,751
2021-09-08,Inyo,027,18085,1608,1580,30,1610,39
2021-09-08,Kern,029,883053,113686,110933,16716,127649,1409
2021-09-08,Kings,031,150075,28045,27235,1522,28757,267
2021-09-08,Lake,033,64148,5851,5618,107,5725,79
2021-09-08,Lassen,035,31185,6009,5848,216,6064,25
2021-09-08,Los Angeles,037,10098052,1377699,1362029,49801,1411830,25533
2021-09-08,Madera,039,155013,19968,19352,1523,20875,252
2021-09-08,Marin,041,260295,16608,16386,366,16752,242
2021-09-08,Mariposa,043,17540,833,777,27,804,5
2021-09-08,Mendocino,045,87422,6381,6069,258,6327,61
2021-09-08,Merced,047,269075,37171,36500,1417,37917,516
2021-09-08,Modoc,049,8938,460,448,158,606,5
2021-09-08,Mono,051,14174,1454,1418,18,1436,3
2021-09-08,Monterey,053,433212,46740,45959,2439,48398,554
2021-09-08,Napa,055,140530,12009,11842,75,11917,90
2021-09-08,Nevada,057,99092,8043,7843,260,8103,82
2021-09-08,Orange,059,3164182,292901,288511,13619,302130,5290
2021-09-08,Placer,061,380077,32775,31852,2992,34844,337
2021-09-08,Plumas,063,18699,1164,1072,22,1094,5
2021-09-08,Riverside,065,2383286,340597,334037,15478,349515,4683
2021-09-08,Sacramento,067,1510023,143525,142448,3396,145844,1921
2021-09-08,San Benito,069,59416,6840,6800,136,6936,64
2021-09-08,San Bernardino,071,2135413,334504,330279,10318,340597,5411
2021-09-08,San Diego,073,3302833,346202,341437,20333,361770,3926
2021-09-08,San Francisco,075,870044,49072,48263,2046,50309,589
2021-09-08,San Joaquin,077,732212,91120,89631,4732,94363,1561
2021-09-08,San Luis Obispo,079,281455,26974,26303,1025,27328,294
2021-09-08,San Mateo,081,765935,50911,50051,744,50795,561
2021-09-08,Santa Barbara,083,443738,40970,40000,1404,41404,490
2021-09-08,Santa Clara,085,1922200,138551,136836,1042,137878,1810
2021-09-08,Santa Cruz,087,273765,19000,18699,951,19650,210
2021-09-08,Shasta,089,179085,17106,16227,2636,18863,234
2021-09-08,Sierra,091,2930,129,113,13,126,0
2021-09-08,Siskiyou,093,43540,2813,2643,919,3562,35
2021-09-08,Solano,095,438530,43073,41971,1073,43044,302
2021-09-08,Sonoma,097,501317,38554,38075,459,38534,360
2021-09-08,Stanislaus,099,539301,69911,68945,7764,76709,1074
2021-09-08,Sutter,101,95872,12535,12349,203,12552,144
2021-09-08,Tehama,103,63373,6792,6520,1067,7587,75
2021-09-08,Trinity,105,12862,673,520,174,694,6
2021-09-08,Tulare,107,460477,59390,57425,11846,69271,876
2021-09-08,Tuolumne,109,53932,5915,5783,65,5848,89
2021-09-08,Ventura,111,848112,93063,91345,3985,95330,1096
2021-09-08,Yolo,113,214977,18035,17680,778,18458,239
2021-09-08,Yuba,115,75493,8841,8675,190,8865,55
2021-09-07,Alameda,001,1643700,111718,110550,2499,113049,1301
2021-09-07,Alpine,002,1148,96,94,0,94,0
2021-09-07,Amador,005,37829,4764,4679,45,4724,53
2021-09-07,Butte,007,227075,17350,16723,3065,19788,220
2021-09-07,Calaveras,009,45235,3209,3140,20,3160,63
2021-09-07,Colusa,011,21464,2354,2306,509,2815,16
2021-09-07,Contra Costa,013,1133247,92421,91167,1824,92991,891
2021-09-07,Del Norte,015,27424,3247,3081,20,3101,24
2021-09-07,El Dorado,017,186661,14232,13892,1393,15285,119
2021-09-07,Fresno,019,978130,122702,120268,10834,131102,1828
2021-09-07,Glenn,021,27897,3049,2937,862,3799,20
2021-09-07,Humboldt,023,135768,7615,7397,324,7721,52
2021-09-07,Imperial,025,180216,30903,30584,2880,33464,751
2021-09-07,Inyo,027,18085,1602,1579,29,1608,39
2021-09-07,Kern,029,883053,113254,110674,16558,127232,1408
2021-09-07,Kings,031,150075,27921,27169,1504,28673,267
2021-09-07,Lake,033,64148,5808,5597,99,5696,78
2021-09-07,Lassen,035,31185,5991,5842,210,6052,21
2021-09-07,Los Angeles,037,10098052,1375468,1360407,49710,1410117,25486
2021-09-07,Madera,039,155013,19881,19316,1515,20831,249
2021-09-07,Marin,041,260295,16569,16363,366,16729,242
2021-09-07,Mariposa,043,17540,817,771,27,798,5
2021-09-07,Mendocino,045,87422,6321,6036,248,6284,61
2021-09-07,Merced,047,269075,36996,36400,1411,37811,513
2021-09-07,Modoc,049,8938,458,449,158,607,5
2021-09-07,Mono,051,14174,1445,1416,18,1434,3
2021-09-07,Monterey,053,433212,46657,45911,2427,48338,543
2021-09-07,Napa,055,140530,11968,11814,75,11889,90
2021-09-07,Nevada,057,99092,8016,7829,260,8089,82
2021-09-07,Orange,059,3164182,292472,288225,13589,301814,5274
2021-09-07,Placer,061,380077,32623,31710,2964,34674,337
2021-09-07,Plumas,063,18699,1149,1071,22,1093,5
2021-09-07,Riverside,065,2383286,339809,333390,15459,348849,4666
2021-09-07,Sacramento,067,1510023,142986,142364,3349,145713,1905
2021-09-07,San Benito,069,59416,6822,6786,136,6922,64
2021-09-07,San Bernardino,071,2135413,333752,329962,10293,340255,5407
2021-09-07,San Diego,073,3302833,345204,340709,20267,360976,3922
2021-09-07,San Francisco,075,870044,48932,48175,2041,50216,589
2021-09-07,San Joaquin,077,732212,90784,89468,4718,94186,1548
2021-09-07,San Luis Obispo,079,281455,26857,26253,1016,27269,287
2021-09-07,San Mateo,081,765935,50815,49913,743,50656,561
2021-09-07,Santa Barbara,083,443738,40844,39957,1399,41356,489
2021-09-07,Santa Clara,085,1922200,138262,136631,1037,137668,1807
2021-09-07,Santa Cruz,087,273765,18951,18669,949,19618,210
2021-09-07,Shasta,089,179085,16950,16096,2584,18680,226
2021-09-07,Sierra,091,2930,129,111,13,124,0
2021-09-07,Siskiyou,093,43540,2787,2607,902,3509,34
2021-09-07,Solano,095,438530,42943,41862,1069,42931,300
2021-09-07,Sonoma,097,501317,38470,38013,457,38470,358
2021-09-07,Stanislaus,099,539301,69640,68831,7737,76568,1074
2021-09-07,Sutter,101,95872,12461,12310,197,12507,138
2021-09-07,Tehama,103,63373,6740,6482,1047,7529,74
2021-09-07,Trinity,105,12862,667,517,174,691,6
2021-09-07,Tulare,107,460477,59040,57228,11767,68995,874
2021-09-07,Tuolumne,109,53932,5878,5759,65,5824,88
2021-09-07,Ventura,111,848112,92852,91246,3975,95221,1093
2021-09-07,Yolo,113,214977,17965,17653,776,18429,235
2021-09-07,Yuba,115,75493,8798,8642,185,8827,55
2021-09-06,Alameda,001,1643700,111405,110357,2491,112848,1301
2021-09-06,Alpine,002,1148,94,94,0,94,0
2021-09-06,Amador,005,37829,4748,4648,44,4692,53
2021-09-06,Butte,007,227075,17159,16588,3021,19609,218
2021-09-06,Calaveras,009,45235,3187,3122,20,3142,63
2021-09-06,Colusa,011,21464,2347,2306,505,2811,16
2021-09-06,Contra Costa,013,1133247,92125,90971,1814,92785,891
2021-09-06,Del Norte,015,27424,3206,3037,19,3056,24
2021-09-06,El Dorado,017,186661,14163,13848,1377,15225,119
2021-09-06,Fresno,019,978130,122125,119738,10758,130496,1828
2021-09-06,Glenn,021,27897,3020,2912,854,3766,20
2021-09-06,Humboldt,023,135768,7539,7320,306,7626,52
2021-09-06,Imperial,025,180216,30841,30576,2874,33450,751
2021-09-06,Inyo,027,18085,1593,1578,17,1595,39
2021-09-06,Kern,029,883053,112741,110347,16370,126717,1408
2021-09-06,Kings,031,150075,27778,27094,1489,28583,264
2021-09-06,Lake,033,64148,5744,5548,92,5640,78
2021-09-06,Lassen,035,31185,5965,5822,200,6022,21
2021-09-06,Los Angeles,037,10098052,1373090,1359348,49597,1408945,25477
2021-09-06,Madera,039,155013,19778,19191,1492,20683,249
2021-09-06,Marin,041,260295,16529,16356,366,16722,242
2021-09-06,Mariposa,043,17540,805,764,27,791,5
2021-09-06,Mendocino,045,87422,6251,5984,235,6219,61
2021-09-06,Merced,047,269075,36781,36300,1397,37697,513
2021-09-06,Modoc,049,8938,455,449,158,607,5
2021-09-06,Mono,051,14174,1441,1416,18,1434,3
2021-09-06,Monterey,053,433212,46563,45833,2411,48244,541
2021-09-06,Napa,055,140530,11925,11792,74,11866,90
2021-09-06,Nevada,057,99092,7968,7748,258,8006,82
2021-09-06,Orange,059,3164182,291978,287948,13538,301486,5274
2021-09-06,Placer,061,380077,32447,31595,2926,34521,337
2021-09-06,Plumas,063,18699,1128,1068,19,1087,5
2021-09-06,Riverside,065,2383286,338993,333052,15439,348491,4666
2021-09-06,Sacramento,067,1510023,142349,141730,3281,145011,1905
2021-09-06,San Benito,069,59416,6799,6777,133,6910,64
2021-09-06,San Bernardino,071,2135413,332862,329693,10262,339955,5398
2021-09-06,San Diego,073,3302833,344206,340222,20170,360392,3922
2021-09-06,San Francisco,075,870044,48798,48120,2036,50156,589
2021-09-06,San Joaquin,077,732212,90440,89293,4692,93985,1548
2021-09-06,San Luis Obispo,079,281455,26728,26183,1012,27195,286
2021-09-06,San Mateo,081,765935,50685,49859,741,50600,561
2021-09-06,Santa Barbara,083,443738,40713,39876,1390,41266,489
2021-09-06,Santa Clara,085,1922200,137970,136458,1035,137493,1807
2021-09-06,Santa Cruz,087,273765,18903,18615,946,19561,210
2021-09-06,Shasta,089,179085,16769,15985,2530,18515,226
2021-09-06,Sierra,091,2930,129,109,13,122,0
2021-09-06,Siskiyou,093,43540,2743,2595,868,3463,34
2021-09-06,Solano,095,438530,42795,41774,1063,42837,300
2021-09-06,Sonoma,097,501317,38349,37929,456,38385,358
2021-09-06,Stanislaus,099,539301,69298,68596,7693,76289,1074
2021-09-06,Sutter,101,95872,12399,12238,188,12426,138
2021-09-06,Tehama,103,63373,6678,6413,1020,7433,74
2021-09-06,Trinity,105,12862,664,515,172,687,6
2021-09-06,Tulare,107,460477,58679,57068,11687,68755,874
2021-09-06,Tuolumne,109,53932,5842,5697,65,5762,88
2021-09-06,Ventura,111,848112,92675,91132,3963,95095,1093
2021-09-06,Yolo,113,214977,17879,17576,771,18347,235
2021-09-06,Yuba,115,75493,8748,8584,181,8765,55
2021-09-05,Alameda,001,1643700,111212,110173,2488,112661,1301
2021-09-05,Alpine,002,1148,94,94,0,94,0
2021-09-05,Amador,005,37829,4736,4642,44,4686,53
2021-09-05,Butte,007,227075,17069,16504,2992,19496,218
2021-09-05,Calaveras,009,45235,3181,3106,20,3126,63
2021-09-05,Colusa,011,21464,2339,2305,503,2808,16
2021-09-05,Contra Costa,013,1133247,91940,90862,1809,92671,891
2021-09-05,Del Norte,015,27424,3186,3023,19,3042,24
2021-09-05,El Dorado,017,186661,14134,13827,1364,15191,119
2021-09-05,Fresno,019,978130,121827,119384,10717,130101,1828
2021-09-05,Glenn,021,27897,3006,2899,852,3751,20
2021-09-05,Humboldt,023,135768,7506,7312,303,7615,52
2021-09-05,Imperial,025,180216,30812,30548,2872,33420,751
2021-09-05,Inyo,027,18085,1590,1572,17,1589,39
2021-09-05,Kern,029,883053,112442,110073,16211,126284,1408
2021-09-05,Kings,031,150075,27701,26989,1485,28474,264
2021-09-05,Lake,033,64148,5724,5525,92,5617,78
2021-09-05,Lassen,035,31185,5943,5820,196,6016,21
2021-09-05,Los Angeles,037,10098052,1371793,1357748,49530,1407278,25465
2021-09-05,Madera,039,155013,19737,19155,1481,20636,249
2021-09-05,Marin,041,260295,16510,16342,365,16707,242
2021-09-05,Mariposa,043,17540,801,761,27,788,5
2021-09-05,Mendocino,045,87422,6217,5965,235,6200,61
2021-09-05,Merced,047,269075,36706,36243,1395,37638,513
2021-09-05,Modoc,049,8938,455,447,158,605,5
2021-09-05,Mono,051,14174,1441,1416,18,1434,3
2021-09-05,Monterey,053,433212,46534,45795,2402,48197,540
2021-09-05,Napa,055,140530,11900,11770,74,11844,90
2021-09-05,Nevada,057,99092,7946,7722,257,7979,82
2021-09-05,Orange,059,3164182,291690,287614,13521,301135,5274
2021-09-05,Placer,061,380077,32320,31487,2912,34399,337
2021-09-05,Plumas,063,18699,1121,1067,19,1086,5
2021-09-05,Riverside,065,2383286,338539,332604,15427,348031,4654
2021-09-05,Sacramento,067,1510023,141911,141276,3263,144539,1905
2021-09-05,San Benito,069,59416,6798,6764,133,6897,64
2021-09-05,San Bernardino,071,2135413,332478,329062,10246,339308,5392
2021-09-05,San Diego,073,3302833,343654,339427,20129,359556,3914
2021-09-05,San Francisco,075,870044,48719,48035,2032,50067,589
2021-09-05,San Joaquin,077,732212,90274,89121,4675,93796,1548
2021-09-05,San Luis Obispo,079,281455,26678,26098,1011,27109,285
2021-09-05,San Mateo,081,765935,50617,49809,737,50546,561
2021-09-05,Santa Barbara,083,443738,40646,39762,1388,41150,489
2021-09-05,Santa Clara,085,1922200,137760,136146,1033,137179,1807
2021-09-05,Santa Cruz,087,273765,18883,18588,944,19532,210
2021-09-05,Shasta,089,179085,16687,15960,2504,18464,226
2021-09-05,Sierra,091,2930,128,109,13,122,0
2021-09-05,Siskiyou,093,43540,2726,2585,854,3439,34
2021-09-05,Solano,095,438530,42700,41687,1058,42745,300
2021-09-05,Sonoma,097,501317,38264,37881,455,38336,358
2021-09-05,Stanislaus,099,539301,69158,68434,7669,76103,1074
2021-09-05,Sutter,101,95872,12369,12179,182,12361,138
2021-09-05,Tehama,103,63373,6651,6400,1014,7414,74
2021-09-05,Trinity,105,12862,658,505,171,676,6
2021-09-05,Tulare,107,460477,58510,56915,11643,68558,874
2021-09-05,Tuolumne,109,53932,5830,5688,65,5753,88
2021-09-05,Ventura,111,848112,92539,91004,3959,94963,1093
2021-09-05,Yolo,113,214977,17842,17557,765,18322,235
2021-09-05,Yuba,115,75493,8722,8521,179,8700,55
2021-09-04,Alameda,001,1643700,111089,109944,2481,112425,1301
2021-09-04,Alpine,002,1148,94,94,0,94,0
2021-09-04,Amador,005,37829,4718,4637,43,4680,53
2021-09-04,Butte,007,227075,17011,16403,2977,19380,218
2021-09-04,Calaveras,009,45235,3169,3087,19,3106,63
2021-09-04,Colusa,011,21464,2337,2301,503,2804,16
2021-09-04,Contra Costa,013,1133247,91823,90623,1806,92429,891
2021-09-04,Del Norte,015,27424,3175,2984,19,3003,24
2021-09-04,El Dorado,017,186661,14108,13782,1356,15138,119
2021-09-04,Fresno,019,978130,121632,119033,10697,129730,1828
2021-09-04,Glenn,021,27897,2996,2878,846,3724,20
2021-09-04,Humboldt,023,135768,7475,7298,297,7595,52
2021-09-04,Imperial,025,180216,30789,30526,2870,33396,751
2021-09-04,Inyo,027,18085,1588,1571,17,1588,39
2021-09-04,Kern,029,883053,112199,109751,16081,125832,1408
2021-09-04,Kings,031,150075,27614,26896,1479,28375,263
2021-09-04,Lake,033,64148,5706,5507,92,5599,78
2021-09-04,Lassen,035,31185,5928,5814,188,6002,21
2021-09-04,Los Angeles,037,10098052,1370834,1355634,49475,1405109,25454
2021-09-04,Madera,039,155013,19704,19112,1474,20586,249
2021-09-04,Marin,041,260295,16494,16319,364,16683,242
2021-09-04,Mariposa,043,17540,796,759,27,786,5
2021-09-04,Mendocino,045,87422,6181,5933,235,6168,61
2021-09-04,Merced,047,269075,36662,36083,1390,37473,513
2021-09-04,Modoc,049,8938,455,447,158,605,5
2021-09-04,Mono,051,14174,1438,1417,18,1435,3
2021-09-04,Monterey,053,433212,46503,45756,2398,48154,540
2021-09-04,Napa,055,140530,11875,11760,72,11832,90
2021-09-04,Nevada,057,99092,7931,7691,256,7947,82
2021-09-04,Orange,059,3164182,291427,287244,13500,300744,5274
2021-09-04,Placer,061,380077,32217,31374,2895,34269,337
2021-09-04,Plumas,063,18699,1113,1067,19,1086,5
2021-09-04,Riverside,065,2383286,338069,331958,15415,347373,4654
2021-09-04,Sacramento,067,1510023,141617,140735,3255,143990,1896
2021-09-04,San Benito,069,59416,6789,6758,133,6891,64
2021-09-04,San Bernardino,071,2135413,332146,328425,10232,338657,5393
2021-09-04,San Diego,073,3302833,343219,338748,20107,358855,3914
2021-09-04,San Francisco,075,870044,48644,47937,2024,49961,589
2021-09-04,San Joaquin,077,732212,90159,88846,4667,93513,1548
2021-09-04,San Luis Obispo,079,281455,26646,26020,1011,27031,285
2021-09-04,San Mateo,081,765935,50563,49721,737,50458,560
2021-09-04,Santa Barbara,083,443738,40580,39667,1386,41053,489
2021-09-04,Santa Clara,085,1922200,137575,135845,1030,136875,1806
2021-09-04,Santa Cruz,087,273765,18865,18579,940,19519,210
2021-09-04,Shasta,089,179085,16610,15924,2478,18402,226
2021-09-04,Sierra,091,2930,126,108,13,121,0
2021-09-04,Siskiyou,093,43540,2700,2563,843,3406,34
2021-09-04,Solano,095,438530,42627,41614,1056,42670,300
2021-09-04,Sonoma,097,501317,38231,37809,455,38264,358
2021-09-04,Stanislaus,099,539301,69011,68210,7644,75854,1074
2021-09-04,Sutter,101,95872,12328,12137,181,12318,138
2021-09-04,Tehama,103,63373,6626,6367,996,7363,74
2021-09-04,Trinity,105,12862,656,497,171,668,6
2021-09-04,Tulare,107,460477,58402,56719,11600,68319,874
2021-09-04,Tuolumne,109,53932,5811,5667,63,5730,88
2021-09-04,Ventura,111,848112,92404,90904,3956,94860,1090
2021-09-04,Yolo,113,214977,17806,17522,761,18283,235
2021-09-04,Yuba,115,75493,8693,8475,178,8653,55
2021-09-03,Alameda,001,1643700,110929,109636,2479,112115,1301
2021-09-03,Alpine,002,1148,94,94,0,94,0
2021-09-03,Amador,005,37829,4696,4614,43,4657,53
2021-09-03,Butte,007,227075,16920,16259,2951,19210,215
2021-09-03,Calaveras,009,45235,3159,3069,19,3088,63
2021-09-03,Colusa,011,21464,2332,2295,502,2797,16
2021-09-03,Contra Costa,013,1133247,91671,90299,1803,92102,886
2021-09-03,Del Norte,015,27424,3147,2943,18,2961,24
2021-09-03,El Dorado,017,186661,14075,13710,1352,15062,119
2021-09-03,Fresno,019,978130,121296,118508,10675,129183,1822
2021-09-03,Glenn,021,27897,2987,2867,838,3705,20
2021-09-03,Humboldt,023,135768,7450,7194,292,7486,52
2021-09-03,Imperial,025,180216,30765,30475,2865,33340,751
2021-09-03,Inyo,027,18085,1583,1567,17,1584,39
2021-09-03,Kern,029,883053,111983,109296,15970,125266,1407
2021-09-03,Kings,031,150075,27530,26753,1476,28229,263
2021-09-03,Lake,033,64148,5686,5479,90,5569,78
2021-09-03,Lassen,035,31185,5911,5789,184,5973,21
2021-09-03,Los Angeles,037,10098052,1369503,1351185,49410,1400595,25384
2021-09-03,Madera,039,155013,19619,19021,1468,20489,247
2021-09-03,Marin,041,260295,16472,16293,363,16656,242
2021-09-03,Mariposa,043,17540,789,753,25,778,5
2021-09-03,Mendocino,045,87422,6146,5891,235,6126,61
2021-09-03,Merced,047,269075,36608,35941,1381,37322,512
2021-09-03,Modoc,049,8938,455,445,158,603,5
2021-09-03,Mono,051,14174,1437,1410,18,1428,3
2021-09-03,Monterey,053,433212,46465,45707,2394,48101,540
2021-09-03,Napa,055,140530,11854,11733,72,11805,89
2021-09-03,Nevada,057,99092,7897,7632,256,7888,82
2021-09-03,Orange,059,3164182,291109,286818,13473,300291,5253
2021-09-03,Placer,061,380077,32110,31238,2871,34109,335
2021-09-03,Plumas,063,18699,1102,1057,19,1076,5
2021-09-03,Riverside,065,2383286,337537,331011,15399,346410,4653
2021-09-03,Sacramento,067,1510023,141253,139982,3237,143219,1886
2021-09-03,San Benito,069,59416,6783,6746,133,6879,64
2021-09-03,San Bernardino,071,2135413,331729,327599,10222,337821,5381
2021-09-03,San Diego,073,3302833,342599,337627,20074,357701,3911
2021-09-03,San Francisco,075,870044,48568,47822,2018,49840,589
2021-09-03,San Joaquin,077,732212,90006,88366,4659,93025,1540
2021-09-03,San Luis Obispo,079,281455,26571,25917,1009,26926,283
2021-09-03,San Mateo,081,765935,50468,49617,735,50352,560
2021-09-03,Santa Barbara,083,443738,40512,39507,1383,40890,489
2021-09-03,Santa Clara,085,1922200,137371,135522,1026,136548,1801
2021-09-03,Santa Cruz,087,273765,18840,18532,940,19472,210
2021-09-03,Shasta,089,179085,16535,15778,2454,18232,226
2021-09-03,Sierra,091,2930,124,105,13,118,0
2021-09-03,Siskiyou,093,43540,2688,2529,830,3359,34
2021-09-03,Solano,095,438530,42531,41457,1053,42510,300
2021-09-03,Sonoma,097,501317,38168,37699,455,38154,358
2021-09-03,Stanislaus,099,539301,68835,67887,7618,75505,1074
2021-09-03,Sutter,101,95872,12289,12073,180,12253,139
2021-09-03,Tehama,103,63373,6587,6334,989,7323,72
2021-09-03,Trinity,105,12862,654,490,167,657,6
2021-09-03,Tulare,107,460477,58276,56401,11548,67949,872
2021-09-03,Tuolumne,109,53932,5769,5630,63,5693,88
2021-09-03,Ventura,111,848112,92270,90742,3952,94694,1088
2021-09-03,Yolo,113,214977,17782,17446,757,18203,235
2021-09-03,Yuba,115,75493,8662,8412,178,8590,55
2021-09-02,Alameda,001,1643700,110671,109377,2476,111853,1301
2021-09-02,Alpine,002,1148,93,92,0,92,0
2021-09-02,Amador,005,37829,4680,4606,43,4649,53
2021-09-02,Butte,007,227075,16793,16154,2932,19086,215
2021-09-02,Calaveras,009,45235,3146,3042,19,3061,62
2021-09-02,Colusa,011,21464,2328,2290,502,2792,16
2021-09-02,Contra Costa,013,1133247,91488,90038,1792,91830,886
2021-09-02,Del Norte,015,27424,3116,2891,18,2909,24
2021-09-02,El Dorado,017,186661,14017,13641,1327,14968,119
2021-09-02,Fresno,019,978130,120809,117974,10621,128595,1804
2021-09-02,Glenn,021,27897,2971,2855,832,3687,20
2021-09-02,Humboldt,023,135768,7403,7141,281,7422,52
2021-09-02,Imperial,025,180216,30721,30449,2860,33309,751
2021-09-02,Inyo,027,18085,1578,1564,16,1580,39
2021-09-02,Kern,029,883053,111570,108930,15826,124756,1404
2021-09-02,Kings,031,150075,27437,26638,1466,28104,263
2021-09-02,Lake,033,64148,5656,5432,86,5518,78
2021-09-02,Lassen,035,31185,5897,5747,177,5924,21
2021-09-02,Los Angeles,037,10098052,1367646,1351105,49318,1400423,25382
2021-09-02,Madera,039,155013,19528,18937,1450,20387,247
2021-09-02,Marin,041,260295,16459,16244,361,16605,242
2021-09-02,Mariposa,043,17540,782,745,22,767,5
2021-09-02,Mendocino,045,87422,6104,5848,232,6080,61
2021-09-02,Merced,047,269075,36445,35820,1374,37194,508
2021-09-02,Modoc,049,8938,455,437,158,595,5
2021-09-02,Mono,051,14174,1437,1409,18,1427,3
2021-09-02,Monterey,053,433212,46399,45648,2379,48027,539
2021-09-02,Napa,055,140530,11825,11684,72,11756,88
2021-09-02,Nevada,057,99092,7845,7575,255,7830,82
2021-09-02,Orange,059,3164182,290649,286326,13439,299765,5240
2021-09-02,Placer,061,380077,31972,31067,2842,33909,330
2021-09-02,Plumas,063,18699,1091,1045,18,1063,5
2021-09-02,Riverside,065,2383286,336821,330190,15375,345565,4644
2021-09-02,Sacramento,067,1510023,140670,139274,3197,142471,1882
2021-09-02,San Benito,069,59416,6778,6734,132,6866,64
2021-09-02,San Bernardino,071,2135413,331119,326940,10149,337089,5369
2021-09-02,San Diego,073,3302833,341641,336382,20021,356403,3909
2021-09-02,San Francisco,075,870044,48458,47674,2014,49688,587
2021-09-02,San Joaquin,077,732212,89722,88056,4635,92691,1540
2021-09-02,San Luis Obispo,079,281455,26486,25851,1004,26855,283
2021-09-02,San Mateo,081,765935,50367,49490,733,50223,558
2021-09-02,Santa Barbara,083,443738,40422,39386,1370,40756,486
2021-09-02,Santa Clara,085,1922200,137070,135216,1020,136236,1799
2021-09-02,Santa Cruz,087,273765,18806,18473,937,19410,210
2021-09-02,Shasta,089,179085,16397,15670,2425,18095,224
2021-09-02,Sierra,091,2930,124,105,13,118,0
2021-09-02,Siskiyou,093,43540,2667,2513,802,3315,34
2021-09-02,Solano,095,438530,42425,41293,1050,42343,294
2021-09-02,Sonoma,097,501317,38087,37558,455,38013,352
2021-09-02,Stanislaus,099,539301,68595,67576,7598,75174,1074
2021-09-02,Sutter,101,95872,12220,11995,176,12171,138
2021-09-02,Tehama,103,63373,6529,6265,970,7235,72
2021-09-02,Trinity,105,12862,650,484,165,649,6
2021-09-02,Tulare,107,460477,58045,56105,11494,67599,872
2021-09-02,Tuolumne,109,53932,5712,5578,63,5641,88
2021-09-02,Ventura,111,848112,92087,90610,3947,94557,1084
2021-09-02,Yolo,113,214977,17707,17357,751,18108,235
2021-09-02,Yuba,115,75493,8602,8363,178,8541,55
2021-09-01,Alameda,001,1643700,110403,109075,2471,111546,1299
2021-09-01,Alpine,002,1148,93,92,0,92,0
2021-09-01,Amador,005,37829,4664,4599,42,4641,53
2021-09-01,Butte,007,227075,16677,16046,2903,18949,215
2021-09-01,Calaveras,009,45235,3134,3023,19,3042,59
2021-09-01,Colusa,011,21464,2323,2281,501,2782,16
2021-09-01,Contra Costa,013,1133247,91252,89834,1785,91619,877
2021-09-01,Del Norte,015,27424,3083,2860,18,2878,24
2021-09-01,El Dorado,017,186661,13961,13577,1298,14875,119
2021-09-01,Fresno,019,978130,120319,117492,10551,128043,1800
2021-09-01,Glenn,021,27897,2946,2846,824,3670,20
2021-09-01,Humboldt,023,135768,7356,7090,274,7364,52
2021-09-01,Imperial,025,180216,30683,30393,2855,33248,750
2021-09-01,Inyo,027,18085,1574,1561,15,1576,39
2021-09-01,Kern,029,883053,111140,108449,15688,124137,1400
2021-09-01,Kings,031,150075,27324,26443,1455,27898,263
2021-09-01,Lake,033,64148,5615,5396,81,5477,77
2021-09-01,Lassen,035,31185,5875,5731,173,5904,21
2021-09-01,Los Angeles,037,10098052,1365380,1348589,49218,1397807,25341
2021-09-01,Madera,039,155013,19450,18852,1435,20287,247
2021-09-01,Marin,041,260295,16437,16224,356,16580,240
2021-09-01,Mariposa,043,17540,774,735,22,757,5
2021-09-01,Mendocino,045,87422,6061,5821,227,6048,59
2021-09-01,Merced,047,269075,36267,35686,1364,37050,500
2021-09-01,Modoc,049,8938,449,436,156,592,5
2021-09-01,Mono,051,14174,1437,1400,18,1418,3
2021-09-01,Monterey,053,433212,46319,45590,2364,47954,539
2021-09-01,Napa,055,140530,11792,11653,72,11725,88
2021-09-01,Nevada,057,99092,7792,7508,254,7762,82
2021-09-01,Orange,059,3164182,290175,285840,13402,299242,5233
2021-09-01,Placer,061,380077,31816,30902,2828,33730,330
2021-09-01,Plumas,063,18699,1083,1033,18,1051,5
2021-09-01,Riverside,065,2383286,336009,329388,15345,344733,4634
2021-09-01,Sacramento,067,1510023,140062,138499,3152,141651,1875
2021-09-01,San Benito,069,59416,6761,6716,132,6848,64
2021-09-01,San Bernardino,071,2135413,330473,326250,10120,336370,5364
2021-09-01,San Diego,073,3302833,340619,335302,19965,355267,3908
2021-09-01,San Francisco,075,870044,48350,47538,2007,49545,584
2021-09-01,San Joaquin,077,732212,89400,87640,4612,92252,1540
2021-09-01,San Luis Obispo,079,281455,26390,25691,999,26690,283
2021-09-01,San Mateo,081,765935,50248,49394,727,50121,558
2021-09-01,Santa Barbara,083,443738,40304,39263,1354,40617,483
2021-09-01,Santa Clara,085,1922200,136802,134855,1014,135869,1796
2021-09-01,Santa Cruz,087,273765,18759,18453,935,19388,210
2021-09-01,Shasta,089,179085,16265,15552,2385,17937,221
2021-09-01,Sierra,091,2930,123,98,13,111,0
2021-09-01,Siskiyou,093,43540,2637,2482,782,3264,34
2021-09-01,Solano,095,438530,42274,41194,1044,42238,293
2021-09-01,Sonoma,097,501317,37993,37454,454,37908,352
2021-09-01,Stanislaus,099,539301,68310,67287,7567,74854,1075
2021-09-01,Sutter,101,95872,12156,11945,169,12114,136
2021-09-01,Tehama,103,63373,6495,6228,953,7181,72
2021-09-01,Trinity,105,12862,649,482,162,644,5
2021-09-01,Tulare,107,460477,57762,55768,11457,67225,870
2021-09-01,Tuolumne,109,53932,5673,5553,63,5616,88
2021-09-01,Ventura,111,848112,91872,90471,3931,94402,1089
2021-09-01,Yolo,113,214977,17647,17264,749,18013,235
2021-09-01,Yuba,115,75493,8540,8308,178,8486,55
2021-08-31,Alameda,001,1643700,110109,108837,2465,111302,1297
2021-08-31,Alpine,002,1148,91,92,0,92,0
2021-08-31,Amador,005,37829,4643,4555,42,4597,53
2021-08-31,Butte,007,227075,16535,15896,2860,18756,216
2021-08-31,Calaveras,009,45235,3094,3008,19,3027,59
2021-08-31,Colusa,011,21464,2321,2275,499,2774,16
2021-08-31,Contra Costa,013,1133247,90957,89546,1773,91319,871
2021-08-31,Del Norte,015,27424,3047,2830,18,2848,19
2021-08-31,El Dorado,017,186661,13890,13539,1280,14819,119
2021-08-31,Fresno,019,978130,119740,117155,10472,127627,1801
2021-08-31,Glenn,021,27897,2930,2829,814,3643,20
2021-08-31,Humboldt,023,135768,7281,7030,261,7291,52
2021-08-31,Imperial,025,180216,30646,30348,2847,33195,750
2021-08-31,Inyo,027,18085,1570,1550,15,1565,39
2021-08-31,Kern,029,883053,110638,108151,15509,123660,1393
2021-08-31,Kings,031,150075,27183,26405,1441,27846,260
2021-08-31,Lake,033,64148,5571,5359,80,5439,74
2021-08-31,Lassen,035,31185,5849,5702,170,5872,21
2021-08-31,Los Angeles,037,10098052,1362786,1346686,49141,1395827,25303
2021-08-31,Madera,039,155013,19360,18811,1418,20229,247
2021-08-31,Marin,041,260295,16408,16215,353,16568,240
2021-08-31,Mariposa,043,17540,766,732,22,754,5
2021-08-31,Mendocino,045,87422,6019,5777,226,6003,59
2021-08-31,Merced,047,269075,36097,35512,1359,36871,498
2021-08-31,Modoc,049,8938,448,436,156,592,5
2021-08-31,Mono,051,14174,1425,1398,18,1416,3
2021-08-31,Monterey,053,433212,46235,45550,2351,47901,539
2021-08-31,Napa,055,140530,11744,11618,72,11690,88
2021-08-31,Nevada,057,99092,7726,7460,254,7714,82
2021-08-31,Orange,059,3164182,289576,285310,13370,298680,5229
2021-08-31,Placer,061,380077,31627,30745,2791,33536,325
2021-08-31,Plumas,063,18699,1079,1018,17,1035,5
2021-08-31,Riverside,065,2383286,335037,328556,15312,343868,4627
2021-08-31,Sacramento,067,1510023,139377,137879,3120,140999,1863
2021-08-31,San Benito,069,59416,6749,6694,130,6824,64
2021-08-31,San Bernardino,071,2135413,329724,325446,10100,335546,5350
2021-08-31,San Diego,073,3302833,339367,334377,19907,354284,3888
2021-08-31,San Francisco,075,870044,48200,47440,1996,49436,581
2021-08-31,San Joaquin,077,732212,88956,87365,4597,91962,1540
2021-08-31,San Luis Obispo,079,281455,26267,25518,995,26513,282
2021-08-31,San Mateo,081,765935,50136,49299,727,50026,556
2021-08-31,Santa Barbara,083,443738,40154,39091,1348,40439,481
2021-08-31,Santa Clara,085,1922200,136449,134637,1007,135644,1793
2021-08-31,Santa Cruz,087,273765,18721,18419,932,19351,210
2021-08-31,Shasta,089,179085,16113,15368,2358,17726,220
2021-08-31,Sierra,091,2930,120,95,13,108,0
2021-08-31,Siskiyou,093,43540,2617,2435,766,3201,33
2021-08-31,Solano,095,438530,42134,41067,1038,42105,289
2021-08-31,Sonoma,097,501317,37897,37379,453,37832,352
2021-08-31,Stanislaus,099,539301,67955,67004,7532,74536,1075
2021-08-31,Sutter,101,95872,12091,11901,165,12066,136
2021-08-31,Tehama,103,63373,6434,6169,922,7091,72
2021-08-31,Trinity,105,12862,643,480,162,642,3
2021-08-31,Tulare,107,460477,57428,55567,11387,66954,870
2021-08-31,Tuolumne,109,53932,5637,5516,63,5579,88
2021-08-31,Ventura,111,848112,91653,90292,3919,94211,1081
2021-08-31,Yolo,113,214977,17561,17205,747,17952,234
2021-08-31,Yuba,115,75493,8486,8253,178,8431,54
2021-08-30,Alameda,001,1643700,109792,107734,2454,110188,1296
2021-08-30,Alpine,002,1148,91,92,0,92,0
2021-08-30,Amador,005,37829,4632,4507,42,4549,53
2021-08-30,Butte,007,227075,16383,15719,2826,18545,214
2021-08-30,Calaveras,009,45235,3079,2975,19,2994,59
2021-08-30,Colusa,011,21464,2312,2271,496,2767,16
2021-08-30,Contra Costa,013,1133247,90697,87679,1763,89442,872
2021-08-30,Del Norte,015,27424,3005,2796,17,2813,11
2021-08-30,El Dorado,017,186661,13821,13217,1263,14480,119
2021-08-30,Fresno,019,978130,119169,115867,10400,126267,1790
2021-08-30,Glenn,021,27897,2919,2804,808,3612,20
2021-08-30,Humboldt,023,135768,7227,6930,255,7185,52
2021-08-30,Imperial,025,180216,30608,30311,2842,33153,750
2021-08-30,Inyo,027,18085,1565,1544,15,1559,39
2021-08-30,Kern,029,883053,110160,107615,15347,122962,1389
2021-08-30,Kings,031,150075,27067,26236,1426,27662,259
2021-08-30,Lake,033,64148,5536,5323,77,5400,74
2021-08-30,Lassen,035,31185,5827,5667,164,5831,21
2021-08-30,Los Angeles,037,10098052,1360327,1344949,49056,1394005,25269
2021-08-30,Madera,039,155013,19278,18622,1398,20020,247
2021-08-30,Marin,041,260295,16377,16160,353,16513,240
2021-08-30,Mariposa,043,17540,760,715,21,736,5
2021-08-30,Mendocino,045,87422,5985,5721,222,5943,55
2021-08-30,Merced,047,269075,35969,35335,1355,36690,497
2021-08-30,Modoc,049,8938,446,436,155,591,5
2021-08-30,Mono,051,14174,1424,1390,18,1408,3
2021-08-30,Monterey,053,433212,46173,45463,2334,47797,539
2021-08-30,Napa,055,140530,11695,11579,70,11649,87
2021-08-30,Nevada,057,99092,7667,7356,251,7607,82
2021-08-30,Orange,059,3164182,288994,284750,13321,298071,5223
2021-08-30,Placer,061,380077,31463,29825,2768,32593,319
2021-08-30,Plumas,063,18699,1062,998,17,1015,5
2021-08-30,Riverside,065,2383286,334147,327593,15281,342874,4623
2021-08-30,Sacramento,067,1510023,138719,134571,3074,137645,1847
2021-08-30,San Benito,069,59416,6740,6663,130,6793,64
2021-08-30,San Bernardino,071,2135413,329046,324870,10070,334940,5348
2021-08-30,San Diego,073,3302833,338097,333011,19827,352838,3885
2021-08-30,San Francisco,075,870044,48059,46966,1983,48949,581
2021-08-30,San Joaquin,077,732212,88625,86203,4576,90779,1528
2021-08-30,San Luis Obispo,079,281455,26142,25422,988,26410,280
2021-08-30,San Mateo,081,765935,50010,48839,721,49560,554
2021-08-30,Santa Barbara,083,443738,40002,38998,1343,40341,481
2021-08-30,Santa Clara,085,1922200,136128,133281,1000,134281,1789
2021-08-30,Santa Cruz,087,273765,18667,18326,928,19254,210
2021-08-30,Shasta,089,179085,15984,15238,2319,17557,217
2021-08-30,Sierra,091,2930,118,91,13,104,0
2021-08-30,Siskiyou,093,43540,2604,2411,755,3166,33
2021-08-30,Solano,095,438530,41973,39986,1034,41020,290
2021-08-30,Sonoma,097,501317,37792,36764,453,37217,352
2021-08-30,Stanislaus,099,539301,67616,66173,7501,73674,1074
2021-08-30,Sutter,101,95872,12021,11791,158,11949,136
2021-08-30,Tehama,103,63373,6355,6085,898,6983,71
2021-08-30,Trinity,105,12862,632,468,159,627,3
2021-08-30,Tulare,107,460477,57116,55140,11312,66452,870
2021-08-30,Tuolumne,109,53932,5591,5492,63,5555,74
2021-08-30,Ventura,111,848112,91437,90149,3907,94056,1082
2021-08-30,Yolo,113,214977,17499,17071,743,17814,231
2021-08-30,Yuba,115,75493,8412,8129,177,8306,54
2021-08-29,Alameda,001,1643700,109460,107494,2443,109937,1296
2021-08-29,Alpine,002,1148,91,92,0,92,0
2021-08-29,Amador,005,37829,4618,4501,42,4543,53
2021-08-29,Butte,007,227075,16213,15602,2789,18391,214
2021-08-29,Calaveras,009,45235,3047,2970,19,2989,59
2021-08-29,Colusa,011,21464,2305,2260,490,2750,16
2021-08-29,Contra Costa,013,1133247,90400,87439,1758,89197,872
2021-08-29,Del Norte,015,27424,2962,2752,17,2769,11
2021-08-29,El Dorado,017,186661,13765,13166,1252,14418,119
2021-08-29,Fresno,019,978130,118572,115502,10330,125832,1790
2021-08-29,Glenn,021,27897,2901,2778,801,3579,20
2021-08-29,Humboldt,023,135768,7183,6922,240,7162,52
2021-08-29,Imperial,025,180216,30547,30293,2831,33124,750
2021-08-29,Inyo,027,18085,1555,1543,14,1557,39
2021-08-29,Kern,029,883053,109709,107324,15177,122501,1389
2021-08-29,Kings,031,150075,26913,26143,1412,27555,259
2021-08-29,Lake,033,64148,5496,5293,67,5360,74
2021-08-29,Lassen,035,31185,5804,5666,160,5826,21
2021-08-29,Los Angeles,037,10098052,1357579,1342541,48945,1391486,25263
2021-08-29,Madera,039,155013,19191,18594,1382,19976,247
2021-08-29,Marin,041,260295,16346,16134,351,16485,240
2021-08-29,Mariposa,043,17540,754,709,19,728,5
2021-08-29,Mendocino,045,87422,5927,5689,209,5898,55
2021-08-29,Merced,047,269075,35730,35250,1343,36593,497
2021-08-29,Modoc,049,8938,443,436,155,591,5
2021-08-29,Mono,051,14174,1417,1387,18,1405,3
2021-08-29,Monterey,053,433212,46068,45424,2311,47735,539
2021-08-29,Napa,055,140530,11664,11552,70,11622,87
2021-08-29,Nevada,057,99092,7610,7294,250,7544,82
2021-08-29,Orange,059,3164182,288366,284432,13279,297711,5223
2021-08-29,Placer,061,380077,31292,29674,2728,32402,319
2021-08-29,Plumas,063,18699,1051,996,17,1013,5
2021-08-29,Riverside,065,2383286,333288,326987,15260,342247,4623
2021-08-29,Sacramento,067,1510023,137966,133981,3024,137005,1843
2021-08-29,San Benito,069,59416,6715,6646,130,6776,64
2021-08-29,San Bernardino,071,2135413,328261,324266,10037,334303,5347
2021-08-29,San Diego,073,3302833,336991,332014,19732,351746,3880
2021-08-29,San Francisco,075,870044,47924,46885,1971,48856,581
2021-08-29,San Joaquin,077,732212,88177,85922,4556,90478,1528
2021-08-29,San Luis Obispo,079,281455,25944,25288,980,26268,280
2021-08-29,San Mateo,081,765935,49898,48737,716,49453,554
2021-08-29,Santa Barbara,083,443738,39836,38900,1339,40239,481
2021-08-29,Santa Clara,085,1922200,135775,132979,994,133973,1789
2021-08-29,Santa Cruz,087,273765,18620,18285,926,19211,210
2021-08-29,Shasta,089,179085,15830,15198,2292,17490,217
2021-08-29,Sierra,091,2930,116,91,13,104,0
2021-08-29,Siskiyou,093,43540,2557,2407,735,3142,33
2021-08-29,Solano,095,438530,41820,39887,1027,40914,290
2021-08-29,Sonoma,097,501317,37657,36650,449,37099,352
2021-08-29,Stanislaus,099,539301,67271,65956,7465,73421,1074
2021-08-29,Sutter,101,95872,11962,11719,151,11870,136
2021-08-29,Tehama,103,63373,6284,6040,875,6915,71
2021-08-29,Trinity,105,12862,629,468,156,624,3
2021-08-29,Tulare,107,460477,56782,54974,11228,66202,870
2021-08-29,Tuolumne,109,53932,5565,5478,62,5540,74
2021-08-29,Ventura,111,848112,91179,90114,3898,94012,1082
2021-08-29,Yolo,113,214977,17399,17015,730,17745,231
2021-08-29,Yuba,115,75493,8348,8042,177,8219,54
2021-08-28,Alameda,001,1643700,109297,107007,2434,109441,1296
2021-08-28,Alpine,002,1148,91,92,0,92,0
2021-08-28,Amador,005,37829,4599,4484,41,4525,53
2021-08-28,Butte,007,227075,16153,15487,2761,18248,214
2021-08-28,Calaveras,009,45235,3037,2926,19,2945,59
2021-08-28,Colusa,011,21464,2301,2252,488,2740,16
2021-08-28,Contra Costa,013,1133247,90189,86938,1755,88693,872
2021-08-28,Del Norte,015,27424,2935,2734,16,2750,11
2021-08-28,El Dorado,017,186661,13726,13089,1246,14335,119
2021-08-28,Fresno,019,978130,118331,115079,10299,125378,1792
2021-08-28,Glenn,021,27897,2892,2773,794,3567,20
2021-08-28,Humboldt,023,135768,7148,6887,235,7122,52
2021-08-28,Imperial,025,180216,30520,30260,2828,33088,750
2021-08-28,Inyo,027,18085,1553,1539,14,1553,39
2021-08-28,Kern,029,883053,109471,107012,15037,122049,1389
2021-08-28,Kings,031,150075,26846,26059,1409,27468,257
2021-08-28,Lake,033,64148,5473,5267,63,5330,74
2021-08-28,Lassen,035,31185,5789,5665,159,5824,21
2021-08-28,Los Angeles,037,10098052,1356364,1337097,48874,1385971,25234
2021-08-28,Madera,039,155013,19140,18553,1368,19921,247
2021-08-28,Marin,041,260295,16331,16106,351,16457,240
2021-08-28,Mariposa,043,17540,752,704,19,723,5
2021-08-28,Mendocino,045,87422,5902,5658,209,5867,55
2021-08-28,Merced,047,269075,35678,35108,1340,36448,497
2021-08-28,Modoc,049,8938,443,436,154,590,5
2021-08-28,Mono,051,14174,1414,1385,18,1403,3
2021-08-28,Monterey,053,433212,46026,45394,2306,47700,539
2021-08-28,Napa,055,140530,11641,11512,69,11581,88
2021-08-28,Nevada,057,99092,7586,7238,248,7486,82
2021-08-28,Orange,059,3164182,288009,283953,13231,297184,5222
2021-08-28,Placer,061,380077,31184,29428,2715,32143,319
2021-08-28,Plumas,063,18699,1044,991,17,1008,5
2021-08-28,Riverside,065,2383286,332700,326222,15250,341472,4623
2021-08-28,Sacramento,067,1510023,137575,132985,3006,135991,1844
2021-08-28,San Benito,069,59416,6708,6636,130,6766,64
2021-08-28,San Bernardino,071,2135413,327813,323672,10029,333701,5348
2021-08-28,San Diego,073,3302833,336407,331330,19696,351026,3880
2021-08-28,San Francisco,075,870044,47852,46654,1964,48618,581
2021-08-28,San Joaquin,077,732212,88007,85481,4547,90028,1527
2021-08-28,San Luis Obispo,079,281455,25877,25138,975,26113,280
2021-08-28,San Mateo,081,765935,49824,48575,712,49287,554
2021-08-28,Santa Barbara,083,443738,39765,38780,1339,40119,481
2021-08-28,Santa Clara,085,1922200,135569,132488,992,133480,1789
2021-08-28,Santa Cruz,087,273765,18602,18240,923,19163,210
2021-08-28,Shasta,089,179085,15727,15147,2274,17421,217
2021-08-28,Sierra,091,2930,112,91,13,104,0
2021-08-28,Siskiyou,093,43540,2549,2402,724,3126,33
2021-08-28,Solano,095,438530,41770,39610,1026,40636,290
2021-08-28,Sonoma,097,501317,37584,36466,447,36913,352
2021-08-28,Stanislaus,099,539301,67113,65670,7448,73118,1074
2021-08-28,Sutter,101,95872,11941,11669,150,11819,136
2021-08-28,Tehama,103,63373,6258,6004,864,6868,71
2021-08-28,Trinity,105,12862,625,463,155,618,3
2021-08-28,Tulare,107,460477,56652,54746,11186,65932,870
2021-08-28,Tuolumne,109,53932,5549,5469,62,5531,74
2021-08-28,Ventura,111,848112,91061,89934,3896,93830,1081
2021-08-28,Yolo,113,214977,17364,16907,723,17630,231
2021-08-28,Yuba,115,75493,8317,7985,176,8161,55
2021-08-27,Alameda,001,1643700,109087,106622,2432,109054,1296
2021-08-27,Alpine,002,1148,91,92,0,92,0
2021-08-27,Amador,005,37829,4583,4458,40,4498,53
2021-08-27,Butte,007,227075,16072,15277,2740,18017,214
2021-08-27,Calaveras,009,45235,3022,2903,19,2922,59
2021-08-27,Colusa,011,21464,2295,2240,486,2726,16
2021-08-27,Contra Costa,013,1133247,89991,86386,1752,88138,872
2021-08-27,Del Norte,015,27424,2903,2695,16,2711,11
2021-08-27,El Dorado,017,186661,13687,12968,1242,14210,119
2021-08-27,Fresno,019,978130,117895,114481,10278,124759,1774
2021-08-27,Glenn,021,27897,2874,2754,785,3539,20
2021-08-27,Humboldt,023,135768,7115,6782,232,7014,52
2021-08-27,Imperial,025,180216,30500,30201,2826,33027,750
2021-08-27,Inyo,027,18085,1552,1529,14,1543,39
2021-08-27,Kern,029,883053,109177,106570,14927,121497,1385
2021-08-27,Kings,031,150075,26767,25957,1407,27364,257
2021-08-27,Lake,033,64148,5448,5228,62,5290,74
2021-08-27,Lassen,035,31185,5773,5646,154,5800,21
2021-08-27,Los Angeles,037,10098052,1354835,1337006,48813,1385819,25230
2021-08-27,Madera,039,155013,19084,18476,1355,19831,247
2021-08-27,Marin,041,260295,16315,16055,349,16404,240
2021-08-27,Mariposa,043,17540,746,690,19,709,5
2021-08-27,Mendocino,045,87422,5871,5602,208,5810,55
2021-08-27,Merced,047,269075,35624,34906,1332,36238,495
2021-08-27,Modoc,049,8938,443,434,154,588,5
2021-08-27,Mono,051,14174,1409,1385,18,1403,3
2021-08-27,Monterey,053,433212,45977,45337,2298,47635,539
2021-08-27,Napa,055,140530,11607,11460,69,11529,87
2021-08-27,Nevada,057,99092,7546,7169,246,7415,82
2021-08-27,Orange,059,3164182,287649,283407,13192,296599,5206
2021-08-27,Placer,061,380077,31053,29157,2696,31853,320
2021-08-27,Plumas,063,18699,1038,984,17,1001,5
2021-08-27,Riverside,065,2383286,332182,325379,15235,340614,4622
2021-08-27,Sacramento,067,1510023,137140,131921,2993,134914,1838
2021-08-27,San Benito,069,59416,6702,6622,130,6752,64
2021-08-27,San Bernardino,071,2135413,327287,322893,10011,332904,5342
2021-08-27,San Diego,073,3302833,335626,330162,19642,349804,3877
2021-08-27,San Francisco,075,870044,47776,46456,1946,48402,581
2021-08-27,San Joaquin,077,732212,87824,84949,4528,89477,1524
2021-08-27,San Luis Obispo,079,281455,25828,24952,972,25924,280
2021-08-27,San Mateo,081,765935,49749,48424,708,49132,553
2021-08-27,Santa Barbara,083,443738,39673,38675,1337,40012,480
2021-08-27,Santa Clara,085,1922200,135340,132011,989,133000,1783
2021-08-27,Santa Cruz,087,273765,18562,18163,919,19082,210
2021-08-27,Shasta,089,179085,15648,14996,2258,17254,217
2021-08-27,Sierra,091,2930,111,91,13,104,0
2021-08-27,Siskiyou,093,43540,2534,2358,710,3068,33
2021-08-27,Solano,095,438530,41656,39347,1022,40369,287
2021-08-27,Sonoma,097,501317,37513,36326,446,36772,342
2021-08-27,Stanislaus,099,539301,66904,65167,7411,72578,1061
2021-08-27,Sutter,101,95872,11895,11590,148,11738,135
2021-08-27,Tehama,103,63373,6226,5964,849,6813,71
2021-08-27,Trinity,105,12862,625,458,154,612,3
2021-08-27,Tulare,107,460477,56516,54443,11141,65584,870
2021-08-27,Tuolumne,109,53932,5517,5438,62,5500,74
2021-08-27,Ventura,111,848112,90932,89774,3892,93666,1076
2021-08-27,Yolo,113,214977,17322,16805,718,17523,231
2021-08-27,Yuba,115,75493,8260,7926,176,8102,54
2021-08-26,Alameda,001,1643700,108819,106146,2423,108569,1296
2021-08-26,Alpine,002,1148,91,92,0,92,0
2021-08-26,Amador,005,37829,4568,4442,39,4481,53
2021-08-26,Butte,007,227075,15938,15159,2701,17860,214
2021-08-26,Calaveras,009,45235,3011,2873,19,2892,59
2021-08-26,Colusa,011,21464,2288,2234,482,2716,16
2021-08-26,Contra Costa,013,1133247,89631,85808,1746,87554,866
2021-08-26,Del Norte,015,27424,2867,2625,16,2641,8
2021-08-26,El Dorado,017,186661,13618,12863,1228,14091,118
2021-08-26,Fresno,019,978130,117393,113854,10223,124077,1770
2021-08-26,Glenn,021,27897,2856,2740,776,3516,20
2021-08-26,Humboldt,023,135768,7057,6695,222,6917,53
2021-08-26,Imperial,025,180216,30451,30121,2819,32940,748
2021-08-26,Inyo,027,18085,1542,1521,13,1534,39
2021-08-26,Kern,029,883053,108749,106051,14785,120836,1380
2021-08-26,Kings,031,150075,26644,25838,1398,27236,260
2021-08-26,Lake,033,64148,5402,5196,59,5255,74
2021-08-26,Lassen,035,31185,5761,5626,152,5778,21
2021-08-26,Los Angeles,037,10098052,1352560,1334372,48720,1383092,25199
2021-08-26,Madera,039,155013,19014,18393,1342,19735,247
2021-08-26,Marin,041,260295,16286,15983,346,16329,240
2021-08-26,Mariposa,043,17540,736,677,19,696,5
2021-08-26,Mendocino,045,87422,5833,5533,203,5736,55
2021-08-26,Merced,047,269075,35456,34755,1311,36066,495
2021-08-26,Modoc,049,8938,443,433,154,587,5
2021-08-26,Mono,051,14174,1405,1385,18,1403,3
2021-08-26,Monterey,053,433212,45904,45265,2287,47552,539
2021-08-26,Napa,055,140530,11584,11394,68,11462,87
2021-08-26,Nevada,057,99092,7489,7086,243,7329,80
2021-08-26,Orange,059,3164182,287157,282814,13168,295982,5200
2021-08-26,Placer,061,380077,30884,28898,2671,31569,319
2021-08-26,Plumas,063,18699,1031,971,16,987,5
2021-08-26,Riverside,065,2383286,331390,324486,15215,339701,4615
2021-08-26,Sacramento,067,1510023,136606,130977,2952,133929,1827
2021-08-26,San Benito,069,59416,6692,6604,130,6734,64
2021-08-26,San Bernardino,071,2135413,326629,322100,9986,332086,5339
2021-08-26,San Diego,073,3302833,334599,328276,19576,347852,3869
2021-08-26,San Francisco,075,870044,47650,46288,1940,48228,581
2021-08-26,San Joaquin,077,732212,87446,84429,4507,88936,1513
2021-08-26,San Luis Obispo,079,281455,25678,24831,965,25796,278
2021-08-26,San Mateo,081,765935,49620,48263,706,48969,553
2021-08-26,Santa Barbara,083,443738,39588,38566,1336,39902,479
2021-08-26,Santa Clara,085,1922200,135015,131443,985,132428,1782
2021-08-26,Santa Cruz,087,273765,18502,18072,917,18989,210
2021-08-26,Shasta,089,179085,15526,14891,2230,17121,217
2021-08-26,Sierra,091,2930,109,90,13,103,0
2021-08-26,Siskiyou,093,43540,2512,2342,697,3039,33
2021-08-26,Solano,095,438530,41507,39027,1013,40040,286
2021-08-26,Sonoma,097,501317,37424,36102,446,36548,337
2021-08-26,Stanislaus,099,539301,66604,64785,7370,72155,1061
2021-08-26,Sutter,101,95872,11835,11499,145,11644,135
2021-08-26,Tehama,103,63373,6168,5913,836,6749,68
2021-08-26,Trinity,105,12862,620,450,152,602,3
2021-08-26,Tulare,107,460477,56259,54157,11094,65251,870
2021-08-26,Tuolumne,109,53932,5497,5387,62,5449,74
2021-08-26,Ventura,111,848112,90746,89595,3883,93478,1080
2021-08-26,Yolo,113,214977,17257,16727,708,17435,231
2021-08-26,Yuba,115,75493,8187,7834,174,8008,54
2021-08-25,Alameda,001,1643700,108503,105636,2416,108052,1296
2021-08-25,Alpine,002,1148,91,92,0,92,0
2021-08-25,Amador,005,37829,4553,4415,39,4454,53
2021-08-25,Butte,007,227075,15830,15039,2658,17697,214
2021-08-25,Calaveras,009,45235,2992,2851,19,2870,59
2021-08-25,Colusa,011,21464,2281,2227,473,2700,16
2021-08-25,Contra Costa,013,1133247,89243,85322,1740,87062,863
2021-08-25,Del Norte,015,27424,2822,2573,16,2589,8
2021-08-25,El Dorado,017,186661,13558,12787,1213,14000,118
2021-08-25,Fresno,019,978130,116864,113384,10181,123565,1761
2021-08-25,Glenn,021,27897,2838,2728,761,3489,20
2021-08-25,Humboldt,023,135768,6988,6653,213,6866,52
2021-08-25,Imperial,025,180216,30414,30085,2813,32898,748
2021-08-25,Inyo,027,18085,1538,1518,13,1531,39
2021-08-25,Kern,029,883053,108318,105687,14630,120317,1379
2021-08-25,Kings,031,150075,26537,25676,1392,27068,258
2021-08-25,Lake,033,64148,5372,5163,56,5219,74
2021-08-25,Lassen,035,31185,5744,5583,151,5734,21
2021-08-25,Los Angeles,037,10098052,1349959,1331400,48623,1380023,25170
2021-08-25,Madera,039,155013,18950,18311,1320,19631,247
2021-08-25,Marin,041,260295,16264,15938,340,16278,240
2021-08-25,Mariposa,043,17540,730,676,19,695,5
2021-08-25,Mendocino,045,87422,5799,5486,197,5683,53
2021-08-25,Merced,047,269075,35324,34600,1298,35898,492
2021-08-25,Modoc,049,8938,443,433,154,587,5
2021-08-25,Mono,051,14174,1401,1382,18,1400,3
2021-08-25,Monterey,053,433212,45830,45196,2272,47468,539
2021-08-25,Napa,055,140530,11551,11348,67,11415,87
2021-08-25,Nevada,057,99092,7423,7000,242,7242,77
2021-08-25,Orange,059,3164182,286631,282061,13134,295195,5193
2021-08-25,Placer,061,380077,30711,28740,2638,31378,319
2021-08-25,Plumas,063,18699,1016,962,16,978,5
2021-08-25,Riverside,065,2383286,330546,323548,15193,338741,4610
2021-08-25,Sacramento,067,1510023,135923,130046,2913,132959,1827
2021-08-25,San Benito,069,59416,6671,6587,129,6716,64
2021-08-25,San Bernardino,071,2135413,325937,321228,9965,331193,5337
2021-08-25,San Diego,073,3302833,333331,327166,19492,346658,3859
2021-08-25,San Francisco,075,870044,47500,46107,1935,48042,578
2021-08-25,San Joaquin,077,732212,87061,84002,4490,88492,1510
2021-08-25,San Luis Obispo,079,281455,25486,24607,961,25568,276
2021-08-25,San Mateo,081,765935,49498,48153,703,48856,553
2021-08-25,Santa Barbara,083,443738,39459,38450,1336,39786,479
2021-08-25,Santa Clara,085,1922200,134647,130995,983,131978,1783
2021-08-25,Santa Cruz,087,273765,18442,17987,914,18901,210
2021-08-25,Shasta,089,179085,15400,14752,2198,16950,217
2021-08-25,Sierra,091,2930,106,90,13,103,0
2021-08-25,Siskiyou,093,43540,2467,2322,679,3001,33
2021-08-25,Solano,095,438530,41336,38848,1001,39849,286
2021-08-25,Sonoma,097,501317,37300,35986,443,36429,336
2021-08-25,Stanislaus,099,539301,66322,64441,7338,71779,1061
2021-08-25,Sutter,101,95872,11767,11451,141,11592,134
2021-08-25,Tehama,103,63373,6109,5861,819,6680,68
2021-08-25,Trinity,105,12862,614,450,151,601,3
2021-08-25,Tulare,107,460477,55975,53877,11024,64901,866
2021-08-25,Tuolumne,109,53932,5471,5354,62,5416,74
2021-08-25,Ventura,111,848112,90562,89379,3869,93248,1068
2021-08-25,Yolo,113,214977,17192,16667,698,17365,231
2021-08-25,Yuba,115,75493,8121,7771,173,7944,54
2021-08-24,Alameda,001,1643700,108194,105319,2404,107723,1296
2021-08-24,Alpine,002,1148,91,92,0,92,0
2021-08-24,Amador,005,37829,4534,4380,39,4419,50
2021-08-24,Butte,007,227075,15676,14964,2624,17588,214
2021-08-24,Calaveras,009,45235,2953,2811,19,2830,59
2021-08-24,Colusa,011,21464,2273,2221,468,2689,16
2021-08-24,Contra Costa,013,1133247,88880,84963,1735,86698,857
2021-08-24,Del Norte,015,27424,2795,2543,16,2559,8
2021-08-24,El Dorado,017,186661,13481,12732,1198,13930,118
2021-08-24,Fresno,019,978130,116256,113024,10118,123142,1761
2021-08-24,Glenn,021,27897,2823,2717,754,3471,20
2021-08-24,Humboldt,023,135768,6925,6585,200,6785,52
2021-08-24,Imperial,025,180216,30352,30045,2808,32853,748
2021-08-24,Inyo,027,18085,1533,1512,13,1525,39
2021-08-24,Kern,029,883053,107854,105399,14466,119865,1375
2021-08-24,Kings,031,150075,26416,25629,1377,27006,258
2021-08-24,Lake,033,64148,5337,5135,56,5191,72
2021-08-24,Lassen,035,31185,5728,5576,149,5725,21
2021-08-24,Los Angeles,037,10098052,1347094,1328777,48516,1377293,25135
2021-08-24,Madera,039,155013,18874,18251,1303,19554,247
2021-08-24,Marin,041,260295,16228,15900,336,16236,240
2021-08-24,Mariposa,043,17540,723,670,19,689,5
2021-08-24,Mendocino,045,87422,5756,5416,190,5606,52
2021-08-24,Merced,047,269075,35156,34490,1287,35777,491
2021-08-24,Modoc,049,8938,443,432,154,586,5
2021-08-24,Mono,051,14174,1399,1382,18,1400,3
2021-08-24,Monterey,053,433212,45764,45126,2255,47381,539
2021-08-24,Napa,055,140530,11519,11299,66,11365,85
2021-08-24,Nevada,057,99092,7353,6981,240,7221,77
2021-08-24,Orange,059,3164182,286031,281461,13110,294571,5187
2021-08-24,Placer,061,380077,30510,28618,2600,31218,318
2021-08-24,Plumas,063,18699,1006,953,16,969,5
2021-08-24,Riverside,065,2383286,329673,322620,15164,337784,4605
2021-08-24,Sacramento,067,1510023,135240,129542,2867,132409,1812
2021-08-24,San Benito,069,59416,6658,6576,129,6705,64
2021-08-24,San Bernardino,071,2135413,325182,320300,9936,330236,5328
2021-08-24,San Diego,073,3302833,331887,325823,19383,345206,3851
2021-08-24,San Francisco,075,870044,47325,46010,1925,47935,574
2021-08-24,San Joaquin,077,732212,86621,83684,4453,88137,1508
2021-08-24,San Luis Obispo,079,281455,25309,24443,950,25393,274
2021-08-24,San Mateo,081,765935,49349,48050,701,48751,553
2021-08-24,Santa Barbara,083,443738,39328,38307,1335,39642,478
2021-08-24,Santa Clara,085,1922200,134223,130763,978,131741,1779
2021-08-24,Santa Cruz,087,273765,18367,17928,908,18836,209
2021-08-24,Shasta,089,179085,15292,14664,2167,16831,217
2021-08-24,Sierra,091,2930,103,90,13,103,0
2021-08-24,Siskiyou,093,43540,2445,2294,664,2958,33
2021-08-24,Solano,095,438530,41127,38724,989,39713,283
2021-08-24,Sonoma,097,501317,37172,35849,441,36290,336
2021-08-24,Stanislaus,099,539301,65994,64195,7284,71479,1058
2021-08-24,Sutter,101,95872,11700,11384,138,11522,134
2021-08-24,Tehama,103,63373,6063,5826,805,6631,67
2021-08-24,Trinity,105,12862,603,446,143,589,3
2021-08-24,Tulare,107,460477,55623,53702,10934,64636,856
2021-08-24,Tuolumne,109,53932,5440,5287,62,5349,74
2021-08-24,Ventura,111,848112,90378,89167,3858,93025,1068
2021-08-24,Yolo,113,214977,17114,16492,685,17177,231
2021-08-24,Yuba,115,75493,8038,7723,171,7894,54
2021-08-23,Alameda,001,1643700,107786,104922,2391,107313,1294
2021-08-23,Alpine,002,1148,91,91,0,91,0
2021-08-23,Amador,005,37829,4520,4369,39,4408,50
2021-08-23,Butte,007,227075,15531,14847,2586,17433,211
2021-08-23,Calaveras,009,45235,2926,2803,19,2822,59
2021-08-23,Colusa,011,21464,2269,2206,465,2671,16
2021-08-23,Contra Costa,013,1133247,88502,84651,1728,86379,857
2021-08-23,Del Norte,015,27424,2749,2499,16,2515,8
2021-08-23,El Dorado,017,186661,13378,12684,1176,13860,118
2021-08-23,Fresno,019,978130,115690,112445,10068,122513,1759
2021-08-23,Glenn,021,27897,2807,2696,744,3440,20
2021-08-23,Humboldt,023,135768,6852,6498,186,6684,52
2021-08-23,Imperial,025,180216,30301,30011,2805,32816,748
2021-08-23,Inyo,027,18085,1526,1509,13,1522,39
2021-08-23,Kern,029,883053,107399,104995,14312,119307,1375
2021-08-23,Kings,031,150075,26285,25465,1371,26836,257
2021-08-23,Lake,033,64148,5297,5099,54,5153,69
2021-08-23,Lassen,035,31185,5716,5562,149,5711,21
2021-08-23,Los Angeles,037,10098052,1344122,1326412,48387,1374799,25096
2021-08-23,Madera,039,155013,18788,18155,1288,19443,246
2021-08-23,Marin,041,260295,16180,15856,332,16188,240
2021-08-23,Mariposa,043,17540,712,645,19,664,5
2021-08-23,Mendocino,045,87422,5689,5374,183,5557,51
2021-08-23,Merced,047,269075,34974,34322,1282,35604,488
2021-08-23,Modoc,049,8938,440,431,153,584,6
2021-08-23,Mono,051,14174,1395,1384,18,1402,3
2021-08-23,Monterey,053,433212,45664,45047,2245,47292,538
2021-08-23,Napa,055,140530,11481,11257,66,11323,85
2021-08-23,Nevada,057,99092,7272,6930,238,7168,77
2021-08-23,Orange,059,3164182,285397,280891,13076,293967,5181
2021-08-23,Placer,061,380077,30307,28540,2563,31103,314
2021-08-23,Plumas,063,18699,998,934,16,950,5
2021-08-23,Riverside,065,2383286,328755,321650,15138,336788,4598
2021-08-23,Sacramento,067,1510023,134452,128969,2800,131769,1807
2021-08-23,San Benito,069,59416,6640,6562,127,6689,64
2021-08-23,San Bernardino,071,2135413,324377,319577,9897,329474,5324
2021-08-23,San Diego,073,3302833,330454,324536,19260,343796,3848
2021-08-23,San Francisco,075,870044,47169,45945,1916,47861,573
2021-08-23,San Joaquin,077,732212,86189,83466,4420,87886,1499
2021-08-23,San Luis Obispo,079,281455,25126,24317,948,25265,274
2021-08-23,San Mateo,081,765935,49211,47935,698,48633,553
2021-08-23,Santa Barbara,083,443738,39149,38181,1333,39514,478
2021-08-23,Santa Clara,085,1922200,133823,130489,974,131463,1778
2021-08-23,Santa Cruz,087,273765,18310,17871,907,18778,209
2021-08-23,Shasta,089,179085,15165,14537,2129,16666,216
2021-08-23,Sierra,091,2930,103,90,13,103,0
2021-08-23,Siskiyou,093,43540,2424,2274,643,2917,33
2021-08-23,Solano,095,438530,40973,38612,980,39592,283
2021-08-23,Sonoma,097,501317,37051,35769,440,36209,336
2021-08-23,Stanislaus,099,539301,65659,63922,7245,71167,1058
2021-08-23,Sutter,101,95872,11612,11314,130,11444,133
2021-08-23,Tehama,103,63373,6009,5805,789,6594,67
2021-08-23,Trinity,105,12862,600,435,140,575,3
2021-08-23,Tulare,107,460477,55316,53370,10862,64232,856
2021-08-23,Tuolumne,109,53932,5398,5240,62,5302,73
2021-08-23,Ventura,111,848112,90160,88960,3846,92806,1063
2021-08-23,Yolo,113,214977,17025,16445,671,17116,226
2021-08-23,Yuba,115,75493,7967,7653,169,7822,54
2021-08-22,Alameda,001,1643700,107343,104539,2364,106903,1294
2021-08-22,Alpine,002,1148,91,91,0,91,0
2021-08-22,Amador,005,37829,4490,4349,39,4388,50
2021-08-22,Butte,007,227075,15392,14791,2551,17342,211
2021-08-22,Calaveras,009,45235,2889,2771,19,2790,59
2021-08-22,Colusa,011,21464,2262,2201,459,2660,16
2021-08-22,Contra Costa,013,1133247,87960,84371,1715,86086,857
2021-08-22,Del Norte,015,27424,2689,2455,16,2471,8
2021-08-22,El Dorado,017,186661,13274,12629,1156,13785,118
2021-08-22,Fresno,019,978130,115089,112057,10000,122057,1759
2021-08-22,Glenn,021,27897,2780,2678,731,3409,20
2021-08-22,Humboldt,023,135768,6774,6483,168,6651,52
2021-08-22,Imperial,025,180216,30243,29993,2800,32793,748
2021-08-22,Inyo,027,18085,1520,1505,13,1518,39
2021-08-22,Kern,029,883053,106873,104691,14160,118851,1375
2021-08-22,Kings,031,150075,26127,25391,1354,26745,257
2021-08-22,Lake,033,64148,5252,5069,51,5120,69
2021-08-22,Lassen,035,31185,5684,5556,145,5701,21
2021-08-22,Los Angeles,037,10098052,1340800,1324151,48257,1372408,25089
2021-08-22,Madera,039,155013,18669,18120,1274,19394,246
2021-08-22,Marin,041,260295,16128,15822,324,16146,240
2021-08-22,Mariposa,043,17540,702,638,17,655,5
2021-08-22,Mendocino,045,87422,5630,5336,183,5519,51
2021-08-22,Merced,047,269075,34771,34234,1268,35502,488
2021-08-22,Modoc,049,8938,438,431,153,584,6
2021-08-22,Mono,051,14174,1393,1378,18,1396,3
2021-08-22,Monterey,053,433212,45564,45017,2231,47248,538
2021-08-22,Napa,055,140530,11436,11231,66,11297,85
2021-08-22,Nevada,057,99092,7198,6864,236,7100,77
2021-08-22,Orange,059,3164182,284704,280390,13032,293422,5181
2021-08-22,Placer,061,380077,30103,28395,2525,30920,314
2021-08-22,Plumas,063,18699,980,923,15,938,5
2021-08-22,Riverside,065,2383286,327734,320836,15091,335927,4594
2021-08-22,Sacramento,067,1510023,133676,128231,2760,130991,1802
2021-08-22,San Benito,069,59416,6624,6550,127,6677,64
2021-08-22,San Bernardino,071,2135413,323410,318839,9862,328701,5324
2021-08-22,San Diego,073,3302833,329131,323591,19154,342745,3848
2021-08-22,San Francisco,075,870044,47003,45831,1907,47738,573
2021-08-22,San Joaquin,077,732212,85733,83121,4385,87506,1498
2021-08-22,San Luis Obispo,079,281455,24920,24250,941,25191,274
2021-08-22,San Mateo,081,765935,49035,47821,693,48514,553
2021-08-22,Santa Barbara,083,443738,38968,38099,1325,39424,478
2021-08-22,Santa Clara,085,1922200,133406,130189,967,131156,1778
2021-08-22,Santa Cruz,087,273765,18252,17823,902,18725,209
2021-08-22,Shasta,089,179085,15028,14478,2093,16571,216
2021-08-22,Sierra,091,2930,103,87,13,100,0
2021-08-22,Siskiyou,093,43540,2395,2261,625,2886,33
2021-08-22,Solano,095,438530,40775,38489,967,39456,283
2021-08-22,Sonoma,097,501317,36894,35676,438,36114,336
2021-08-22,Stanislaus,099,539301,65306,63683,7155,70838,1058
2021-08-22,Sutter,101,95872,11530,11251,126,11377,133
2021-08-22,Tehama,103,63373,5963,5791,770,6561,67
2021-08-22,Trinity,105,12862,593,433,138,571,3
2021-08-22,Tulare,107,460477,54997,53220,10779,63999,856
2021-08-22,Tuolumne,109,53932,5355,5214,62,5276,73
2021-08-22,Ventura,111,848112,89951,88791,3829,92620,1063
2021-08-22,Yolo,113,214977,16921,16374,664,17038,226
2021-08-22,Yuba,115,75493,7894,7626,168,7794,54
2021-08-21,Alameda,001,1643700,107142,104281,2358,106639,1294
2021-08-21,Alpine,002,1148,91,91,0,91,0
2021-08-21,Amador,005,37829,4480,4338,38,4376,50
2021-08-21,Butte,007,227075,15324,14714,2532,17246,211
2021-08-21,Calaveras,009,45235,2873,2744,19,2763,59
2021-08-21,Colusa,011,21464,2256,2192,455,2647,16
2021-08-21,Contra Costa,013,1133247,87701,84136,1707,85843,857
2021-08-21,Del Norte,015,27424,2666,2409,16,2425,8
2021-08-21,El Dorado,017,186661,13230,12590,1152,13742,118
2021-08-21,Fresno,019,978130,114887,111765,9988,121753,1759
2021-08-21,Glenn,021,27897,2767,2654,723,3377,20
2021-08-21,Humboldt,023,135768,6736,6446,163,6609,52
2021-08-21,Imperial,025,180216,30201,29976,2797,32773,748
2021-08-21,Inyo,027,18085,1517,1500,13,1513,39
2021-08-21,Kern,029,883053,106618,104443,14037,118480,1375
2021-08-21,Kings,031,150075,26056,25313,1349,26662,257
2021-08-21,Lake,033,64148,5231,5055,49,5104,69
2021-08-21,Lassen,035,31185,5670,5553,145,5698,21
2021-08-21,Los Angeles,037,10098052,1339502,1321308,48165,1369473,25080
2021-08-21,Madera,039,155013,18631,18067,1268,19335,246
2021-08-21,Marin,041,260295,16094,15775,322,16097,240
2021-08-21,Mariposa,043,17540,692,634,17,651,5
2021-08-21,Mendocino,045,87422,5584,5307,182,5489,51
2021-08-21,Merced,047,269075,34666,34148,1263,35411,488
2021-08-21,Modoc,049,8938,438,430,153,583,6
2021-08-21,Mono,051,14174,1393,1378,18,1396,3
2021-08-21,Monterey,053,433212,45517,44969,2224,47193,538
2021-08-21,Napa,055,140530,11401,11211,66,11277,85
2021-08-21,Nevada,057,99092,7154,6810,235,7045,77
2021-08-21,Orange,059,3164182,284252,279855,12998,292853,5181
2021-08-21,Placer,061,380077,29959,28289,2502,30791,314
2021-08-21,Plumas,063,18699,976,916,14,930,5
2021-08-21,Riverside,065,2383286,327154,320086,15078,335164,4594
2021-08-21,Sacramento,067,1510023,133180,127751,2748,130499,1809
2021-08-21,San Benito,069,59416,6614,6542,126,6668,64
2021-08-21,San Bernardino,071,2135413,322961,318293,9841,328134,5324
2021-08-21,San Diego,073,3302833,328475,322620,19105,341725,3848
2021-08-21,San Francisco,075,870044,46901,45637,1900,47537,573
2021-08-21,San Joaquin,077,732212,85515,82825,4369,87194,1498
2021-08-21,San Luis Obispo,079,281455,24862,24169,941,25110,273
2021-08-21,San Mateo,081,765935,48940,47685,693,48378,553
2021-08-21,Santa Barbara,083,443738,38886,37951,1321,39272,478
2021-08-21,Santa Clara,085,1922200,133141,129911,963,130874,1778
2021-08-21,Santa Cruz,087,273765,18215,17763,897,18660,209
2021-08-21,Shasta,089,179085,14954,14417,2079,16496,217
2021-08-21,Sierra,091,2930,98,85,13,98,0
2021-08-21,Siskiyou,093,43540,2381,2246,614,2860,33
2021-08-21,Solano,095,438530,40664,38423,957,39380,281
2021-08-21,Sonoma,097,501317,36807,35582,437,36019,336
2021-08-21,Stanislaus,099,539301,65124,63512,7138,70650,1058
2021-08-21,Sutter,101,95872,11485,11204,124,11328,133
2021-08-21,Tehama,103,63373,5938,5757,763,6520,67
2021-08-21,Trinity,105,12862,588,431,136,567,3
2021-08-21,Tulare,107,460477,54852,53045,10736,63781,857
2021-08-21,Tuolumne,109,53932,5324,5193,62,5255,73
2021-08-21,Ventura,111,848112,89806,88558,3814,92372,1063
2021-08-21,Yolo,113,214977,16874,16322,658,16980,226
2021-08-21,Yuba,115,75493,7848,7580,167,7747,54
2021-08-20,Alameda,001,1643700,106906,103812,2350,106162,1294
2021-08-20,Alpine,002,1148,91,91,0,91,0
2021-08-20,Amador,005,37829,4454,4323,38,4361,50
2021-08-20,Butte,007,227075,15251,14617,2508,17125,211
2021-08-20,Calaveras,009,45235,2853,2717,19,2736,59
2021-08-20,Colusa,011,21464,2251,2178,453,2631,16
2021-08-20,Contra Costa,013,1133247,87426,83721,1700,85421,857
2021-08-20,Del Norte,015,27424,2634,2316,16,2332,8
2021-08-20,El Dorado,017,186661,13192,12495,1144,13639,118
2021-08-20,Fresno,019,978130,114527,111315,9954,121269,1759
2021-08-20,Glenn,021,27897,2760,2642,713,3355,20
2021-08-20,Humboldt,023,135768,6684,6349,158,6507,52
2021-08-20,Imperial,025,180216,30178,29934,2797,32731,747
2021-08-20,Inyo,027,18085,1511,1495,13,1508,39
2021-08-20,Kern,029,883053,106335,104048,13909,117957,1373
2021-08-20,Kings,031,150075,25991,25241,1347,26588,256
2021-08-20,Lake,033,64148,5216,5024,46,5070,69
2021-08-20,Lassen,035,31185,5650,5539,145,5684,21
2021-08-20,Los Angeles,037,10098052,1337623,1317541,48065,1365606,25049
2021-08-20,Madera,039,155013,18582,18018,1253,19271,246
2021-08-20,Marin,041,260295,16076,15727,318,16045,240
2021-08-20,Mariposa,043,17540,687,630,17,647,5
2021-08-20,Mendocino,045,87422,5538,5241,181,5422,51
2021-08-20,Merced,047,269075,34602,34035,1253,35288,486
2021-08-20,Modoc,049,8938,438,429,153,582,6
2021-08-20,Mono,051,14174,1392,1368,18,1386,3
2021-08-20,Monterey,053,433212,45479,44890,2218,47108,538
2021-08-20,Napa,055,140530,11369,11152,66,11218,83
2021-08-20,Nevada,057,99092,7112,6753,229,6982,77
2021-08-20,Orange,059,3164182,283807,279193,12977,292170,5179
2021-08-20,Placer,061,380077,29864,28156,2474,30630,313
2021-08-20,Plumas,063,18699,966,908,14,922,5
2021-08-20,Riverside,065,2383286,326458,319072,15047,334119,4594
2021-08-20,Sacramento,067,1510023,132704,127226,2730,129956,1797
2021-08-20,San Benito,069,59416,6600,6508,126,6634,64
2021-08-20,San Bernardino,071,2135413,322350,317372,9812,327184,5322
2021-08-20,San Diego,073,3302833,327566,321102,19035,340137,3846
2021-08-20,San Francisco,075,870044,46805,45432,1885,47317,573
2021-08-20,San Joaquin,077,732212,85284,82419,4350,86769,1496
2021-08-20,San Luis Obispo,079,281455,24784,23986,937,24923,273
2021-08-20,San Mateo,081,765935,48827,47561,690,48251,551
2021-08-20,Santa Barbara,083,443738,38800,37794,1316,39110,477
2021-08-20,Santa Clara,085,1922200,132859,129510,958,130468,1774
2021-08-20,Santa Cruz,087,273765,18175,17701,894,18595,209
2021-08-20,Shasta,089,179085,14873,14277,2061,16338,215
2021-08-20,Sierra,091,2930,97,83,13,96,0
2021-08-20,Siskiyou,093,43540,2365,2226,609,2835,33
2021-08-20,Solano,095,438530,40523,38214,946,39160,277
2021-08-20,Sonoma,097,501317,36739,35416,436,35852,336
2021-08-20,Stanislaus,099,539301,64935,63219,7114,70333,1047
2021-08-20,Sutter,101,95872,11429,11136,123,11259,133
2021-08-20,Tehama,103,63373,5922,5730,751,6481,66
2021-08-20,Trinity,105,12862,588,422,135,557,3
2021-08-20,Tulare,107,460477,54721,52855,10693,63548,856
2021-08-20,Tuolumne,109,53932,5300,5153,61,5214,73
2021-08-20,Ventura,111,848112,89638,88285,3811,92096,1061
2021-08-20,Yolo,113,214977,16819,16236,652,16888,225
2021-08-20,Yuba,115,75493,7807,7523,167,7690,54
2021-08-19,Alameda,001,1643700,106461,103276,2328,105604,1294
2021-08-19,Alpine,002,1148,91,91,0,91,0
2021-08-19,Amador,005,37829,4447,4317,38,4355,50
2021-08-19,Butte,007,227075,15117,14518,2480,16998,211
2021-08-19,Calaveras,009,45235,2831,2673,19,2692,59
2021-08-19,Colusa,011,21464,2242,2167,448,2615,16
2021-08-19,Contra Costa,013,1133247,86987,83296,1687,84983,852
2021-08-19,Del Norte,015,27424,2584,2257,16,2273,8
2021-08-19,El Dorado,017,186661,13106,12410,1125,13535,118
2021-08-19,Fresno,019,978130,114080,110947,9900,120847,1759
2021-08-19,Glenn,021,27897,2742,2629,706,3335,20
2021-08-19,Humboldt,023,135768,6623,6246,152,6398,52
2021-08-19,Imperial,025,180216,30132,29865,2792,32657,747
2021-08-19,Inyo,027,18085,1504,1494,13,1507,39
2021-08-19,Kern,029,883053,105939,103731,13768,117499,1371
2021-08-19,Kings,031,150075,25860,25128,1335,26463,256
2021-08-19,Lake,033,64148,5184,4991,42,5033,69
2021-08-19,Lassen,035,31185,5632,5520,144,5664,21
2021-08-19,Los Angeles,037,10098052,1334639,1314453,47926,1362379,25020
2021-08-19,Madera,039,155013,18520,17947,1238,19185,246
2021-08-19,Marin,041,260295,16043,15672,315,15987,240
2021-08-19,Mariposa,043,17540,672,618,17,635,5
2021-08-19,Mendocino,045,87422,5505,5167,178,5345,51
2021-08-19,Merced,047,269075,34467,33851,1239,35090,486
2021-08-19,Modoc,049,8938,438,427,153,580,6
2021-08-19,Mono,051,14174,1388,1349,18,1367,3
2021-08-19,Monterey,053,433212,45406,44821,2208,47029,538
2021-08-19,Napa,055,140530,11317,11104,66,11170,83
2021-08-19,Nevada,057,99092,7049,6695,226,6921,77
2021-08-19,Orange,059,3164182,283170,278562,12926,291488,5172
2021-08-19,Placer,061,380077,29682,27953,2454,30407,313
2021-08-19,Plumas,063,18699,953,896,14,910,5
2021-08-19,Riverside,065,2383286,325426,318056,15018,333074,4589
2021-08-19,Sacramento,067,1510023,132000,126720,2694,129414,1801
2021-08-19,San Benito,069,59416,6583,6493,125,6618,64
2021-08-19,San Bernardino,071,2135413,321526,316398,9789,326187,5318
2021-08-19,San Diego,073,3302833,326315,319582,18937,338519,3839
2021-08-19,San Francisco,075,870044,46642,45220,1872,47092,571
2021-08-19,San Joaquin,077,732212,84834,82047,4301,86348,1491
2021-08-19,San Luis Obispo,079,281455,24646,23878,930,24808,271
2021-08-19,San Mateo,081,765935,48695,47431,689,48120,551
2021-08-19,Santa Barbara,083,443738,38655,37693,1313,39006,477
2021-08-19,Santa Clara,085,1922200,132469,129133,951,130084,1774
2021-08-19,Santa Cruz,087,273765,18112,17644,887,18531,209
2021-08-19,Shasta,089,179085,14749,14200,2038,16238,214
2021-08-19,Sierra,091,2930,93,83,13,96,0
2021-08-19,Siskiyou,093,43540,2350,2218,597,2815,33
2021-08-19,Solano,095,438530,40365,38025,935,38960,273
2021-08-19,Sonoma,097,501317,36651,35233,435,35668,336
2021-08-19,Stanislaus,099,539301,64591,62928,7070,69998,1047
2021-08-19,Sutter,101,95872,11344,11057,122,11179,133
2021-08-19,Tehama,103,63373,5886,5683,725,6408,66
2021-08-19,Trinity,105,12862,584,414,133,547,3
2021-08-19,Tulare,107,460477,54489,52685,10630,63315,856
2021-08-19,Tuolumne,109,53932,5264,5112,60,5172,64
2021-08-19,Ventura,111,848112,89435,88073,3797,91870,1060
2021-08-19,Yolo,113,214977,16734,16153,644,16797,225
2021-08-19,Yuba,115,75493,7755,7458,166,7624,51
2021-08-18,Alameda,001,1643700,106055,102696,2307,105003,1294
2021-08-18,Alpine,002,1148,90,91,0,91,0
2021-08-18,Amador,005,37829,4431,4279,37,4316,50
2021-08-18,Butte,007,227075,15008,14426,2449,16875,208
2021-08-18,Calaveras,009,45235,2792,2643,18,2661,59
2021-08-18,Colusa,011,21464,2234,2160,444,2604,16
2021-08-18,Contra Costa,013,1133247,86487,82767,1681,84448,851
2021-08-18,Del Norte,015,27424,2527,2219,16,2235,8
2021-08-18,El Dorado,017,186661,13016,12306,1111,13417,118
2021-08-18,Fresno,019,978130,113624,110523,9839,120362,1759
2021-08-18,Glenn,021,27897,2709,2623,698,3321,20
2021-08-18,Humboldt,023,135768,6552,6195,147,6342,52
2021-08-18,Imperial,025,180216,30099,29821,2790,32611,746
2021-08-18,Inyo,027,18085,1501,1494,13,1507,39
2021-08-18,Kern,029,883053,105592,103440,13674,117114,1370
2021-08-18,Kings,031,150075,25751,24984,1327,26311,256
2021-08-18,Lake,033,64148,5143,4957,41,4998,69
2021-08-18,Lassen,035,31185,5613,5506,143,5649,21
2021-08-18,Los Angeles,037,10098052,1331485,1311477,47796,1359273,24984
2021-08-18,Madera,039,155013,18461,17871,1225,19096,246
2021-08-18,Marin,041,260295,16005,15610,312,15922,240
2021-08-18,Mariposa,043,17540,659,615,16,631,5
2021-08-18,Mendocino,045,87422,5454,5129,176,5305,51
2021-08-18,Merced,047,269075,34303,33708,1228,34936,484
2021-08-18,Modoc,049,8938,438,427,152,579,6
2021-08-18,Mono,051,14174,1385,1344,18,1362,3
2021-08-18,Monterey,053,433212,45322,44735,2191,46926,532
2021-08-18,Napa,055,140530,11278,11060,65,11125,83
2021-08-18,Nevada,057,99092,6983,6633,226,6859,76
2021-08-18,Orange,059,3164182,282532,277795,12874,290669,5168
2021-08-18,Placer,061,380077,29455,27741,2426,30167,312
2021-08-18,Plumas,063,18699,944,874,14,888,5
2021-08-18,Riverside,065,2383286,324426,317107,14985,332092,4585
2021-08-18,Sacramento,067,1510023,131239,125599,2661,128260,1781
2021-08-18,San Benito,069,59416,6572,6481,124,6605,64
2021-08-18,San Bernardino,071,2135413,320727,315477,9770,325247,5304
2021-08-18,San Diego,073,3302833,324975,318152,18871,337023,3834
2021-08-18,San Francisco,075,870044,46440,44957,1863,46820,568
2021-08-18,San Joaquin,077,732212,84381,81601,4270,85871,1491
2021-08-18,San Luis Obispo,079,281455,24496,23726,917,24643,270
2021-08-18,San Mateo,081,765935,48531,47255,688,47943,551
2021-08-18,Santa Barbara,083,443738,38525,37599,1307,38906,475
2021-08-18,Santa Clara,085,1922200,132105,128563,948,129511,1773
2021-08-18,Santa Cruz,087,273765,18057,17566,883,18449,209
2021-08-18,Shasta,089,179085,14650,14087,2019,16106,213
2021-08-18,Sierra,091,2930,92,83,13,96,0
2021-08-18,Siskiyou,093,43540,2321,2204,585,2789,33
2021-08-18,Solano,095,438530,40159,37812,920,38732,271
2021-08-18,Sonoma,097,501317,36507,35063,434,35497,333
2021-08-18,Stanislaus,099,539301,64260,62613,7027,69640,1047
2021-08-18,Sutter,101,95872,11272,11004,117,11121,130
2021-08-18,Tehama,103,63373,5851,5653,715,6368,66
2021-08-18,Trinity,105,12862,577,409,130,539,3
2021-08-18,Tulare,107,460477,54251,52486,10561,63047,856
2021-08-18,Tuolumne,109,53932,5228,5081,58,5139,64
2021-08-18,Ventura,111,848112,89203,87835,3787,91622,1055
2021-08-18,Yolo,113,214977,16651,16047,626,16673,225
2021-08-18,Yuba,115,75493,7690,7391,166,7557,51
2021-08-17,Alameda,001,1643700,105657,102379,2292,104671,1290
2021-08-17,Alpine,002,1148,90,91,0,91,0
2021-08-17,Amador,005,37829,4402,4266,37,4303,50
2021-08-17,Butte,007,227075,14901,14357,2416,16773,206
2021-08-17,Calaveras,009,45235,2758,2624,18,2642,59
2021-08-17,Colusa,011,21464,2225,2156,440,2596,16
2021-08-17,Contra Costa,013,1133247,86039,82482,1671,84153,848
2021-08-17,Del Norte,015,27424,2473,2188,16,2204,8
2021-08-17,El Dorado,017,186661,12929,12242,1097,13339,118
2021-08-17,Fresno,019,978130,113140,110263,9776,120039,1755
2021-08-17,Glenn,021,27897,2695,2608,689,3297,20
2021-08-17,Humboldt,023,135768,6472,6155,145,6300,52
2021-08-17,Imperial,025,180216,30048,29768,2786,32554,746
2021-08-17,Inyo,027,18085,1498,1492,13,1505,39
2021-08-17,Kern,029,883053,105198,103048,13553,116601,1367
2021-08-17,Kings,031,150075,25646,24930,1316,26246,254
2021-08-17,Lake,033,64148,5100,4930,35,4965,68
2021-08-17,Lassen,035,31185,5596,5499,141,5640,21
2021-08-17,Los Angeles,037,10098052,1327916,1307999,47669,1355668,24952
2021-08-17,Madera,039,155013,18387,17838,1207,19045,246
2021-08-17,Marin,041,260295,15949,15570,312,15882,240
2021-08-17,Mariposa,043,17540,651,609,15,624,5
2021-08-17,Mendocino,045,87422,5399,5097,176,5273,51
2021-08-17,Merced,047,269075,34153,33508,1217,34725,482
2021-08-17,Modoc,049,8938,435,424,150,574,6
2021-08-17,Mono,051,14174,1380,1341,18,1359,3
2021-08-17,Monterey,053,433212,45238,44672,2181,46853,528
2021-08-17,Napa,055,140530,11237,11007,64,11071,83
2021-08-17,Nevada,057,99092,6908,6605,224,6829,75
2021-08-17,Orange,059,3164182,281887,277121,12838,289959,5164
2021-08-17,Placer,061,380077,29243,27634,2397,30031,312
2021-08-17,Plumas,063,18699,932,860,14,874,5
2021-08-17,Riverside,065,2383286,323413,316051,14942,330993,4582
2021-08-17,Sacramento,067,1510023,130445,125151,2619,127770,1774
2021-08-17,San Benito,069,59416,6553,6470,124,6594,64
2021-08-17,San Bernardino,071,2135413,319788,314402,9730,324132,5302
2021-08-17,San Diego,073,3302833,323365,317058,18773,335831,3824
2021-08-17,San Francisco,075,870044,46241,44820,1857,46677,567
2021-08-17,San Joaquin,077,732212,83913,81300,4236,85536,1489
2021-08-17,San Luis Obispo,079,281455,24340,23556,914,24470,268
2021-08-17,San Mateo,081,765935,48376,47127,683,47810,551
2021-08-17,Santa Barbara,083,443738,38366,37478,1300,38778,475
2021-08-17,Santa Clara,085,1922200,131702,128354,942,129296,1773
2021-08-17,Santa Cruz,087,273765,17972,17528,882,18410,209
2021-08-17,Shasta,089,179085,14519,14012,2000,16012,214
2021-08-17,Sierra,091,2930,91,82,13,95,0
2021-08-17,Siskiyou,093,43540,2305,2183,572,2755,33
2021-08-17,Solano,095,438530,39930,37662,907,38569,269
2021-08-17,Sonoma,097,501317,36359,34943,430,35373,333
2021-08-17,Stanislaus,099,539301,63919,62385,6968,69353,1047
2021-08-17,Sutter,101,95872,11200,10973,117,11090,130
2021-08-17,Tehama,103,63373,5817,5612,694,6306,66
2021-08-17,Trinity,105,12862,572,406,128,534,3
2021-08-17,Tulare,107,460477,53983,52362,10496,62858,856
2021-08-17,Tuolumne,109,53932,5185,5042,57,5099,64
2021-08-17,Ventura,111,848112,88964,87601,3766,91367,1053
2021-08-17,Yolo,113,214977,16562,15975,612,16587,225
2021-08-17,Yuba,115,75493,7618,7355,166,7521,51
2021-08-16,Alameda,001,1643700,105160,102052,2284,104336,1287
2021-08-16,Alpine,002,1148,90,91,0,91,0
2021-08-16,Amador,005,37829,4392,4235,37,4272,50
2021-08-16,Butte,007,227075,14784,14283,2379,16662,206
2021-08-16,Calaveras,009,45235,2699,2609,17,2626,57
2021-08-16,Colusa,011,21464,2214,2147,436,2583,16
2021-08-16,Contra Costa,013,1133247,85496,82070,1661,83731,848
2021-08-16,Del Norte,015,27424,2396,2125,16,2141,8
2021-08-16,El Dorado,017,186661,12828,12139,1084,13223,118
2021-08-16,Fresno,019,978130,112641,109623,9724,119347,1753
2021-08-16,Glenn,021,27897,2676,2593,683,3276,20
2021-08-16,Humboldt,023,135768,6401,6064,124,6188,52
2021-08-16,Imperial,025,180216,30007,29737,2772,32509,746
2021-08-16,Inyo,027,18085,1495,1490,13,1503,39
2021-08-16,Kern,029,883053,104823,102690,13437,116127,1367
2021-08-16,Kings,031,150075,25543,24817,1307,26124,254
2021-08-16,Lake,033,64148,5073,4898,34,4932,68
2021-08-16,Lassen,035,31185,5580,5481,133,5614,21
2021-08-16,Los Angeles,037,10098052,1324533,1305330,47529,1352859,24923
2021-08-16,Madera,039,155013,18312,17756,1186,18942,246
2021-08-16,Marin,041,260295,15890,15497,311,15808,239
2021-08-16,Mariposa,043,17540,634,597,15,612,5
2021-08-16,Mendocino,045,87422,5343,5037,174,5211,49
2021-08-16,Merced,047,269075,33952,33364,1204,34568,481
2021-08-16,Modoc,049,8938,433,421,149,570,5
2021-08-16,Mono,051,14174,1375,1339,18,1357,3
2021-08-16,Monterey,053,433212,45159,44595,2169,46764,527
2021-08-16,Napa,055,140530,11208,10946,64,11010,83
2021-08-16,Nevada,057,99092,6852,6535,223,6758,74
2021-08-16,Orange,059,3164182,281093,275985,12792,288777,5161
2021-08-16,Placer,061,380077,29059,27384,2365,29749,306
2021-08-16,Plumas,063,18699,921,851,14,865,5
2021-08-16,Riverside,065,2383286,322319,314774,14905,329679,4582
2021-08-16,Sacramento,067,1510023,129635,124554,2576,127130,1762
2021-08-16,San Benito,069,59416,6529,6452,124,6576,64
2021-08-16,San Bernardino,071,2135413,318821,313617,9703,323320,5301
2021-08-16,San Diego,073,3302833,321767,315348,18633,333981,3824
2021-08-16,San Francisco,075,870044,46038,44681,1850,46531,567
2021-08-16,San Joaquin,077,732212,83409,81087,4208,85295,1488
2021-08-16,San Luis Obispo,079,281455,24190,23452,906,24358,265
2021-08-16,San Mateo,081,765935,48193,47024,677,47701,548
2021-08-16,Santa Barbara,083,443738,38196,37358,1295,38653,475
2021-08-16,Santa Clara,085,1922200,131238,127978,938,128916,1773
2021-08-16,Santa Cruz,087,273765,17908,17491,876,18367,209
2021-08-16,Shasta,089,179085,14430,13862,1984,15846,211
2021-08-16,Sierra,091,2930,88,82,13,95,0
2021-08-16,Siskiyou,093,43540,2288,2169,552,2721,33
2021-08-16,Solano,095,438530,39649,37436,895,38331,263
2021-08-16,Sonoma,097,501317,36191,34844,427,35271,333
2021-08-16,Stanislaus,099,539301,63580,62033,6916,68949,1039
2021-08-16,Sutter,101,95872,11131,10902,116,11018,130
2021-08-16,Tehama,103,63373,5754,5565,689,6254,66
2021-08-16,Trinity,105,12862,566,400,127,527,3
2021-08-16,Tulare,107,460477,53739,52162,10428,62590,856
2021-08-16,Tuolumne,109,53932,5146,4984,56,5040,64
2021-08-16,Ventura,111,848112,88719,86954,3748,90702,1052
2021-08-16,Yolo,113,214977,16461,15922,604,16526,225
2021-08-16,Yuba,115,75493,7534,7314,165,7479,51
2021-08-15,Alameda,001,1643700,104677,101660,2267,103927,1287
2021-08-15,Alpine,002,1148,90,91,0,91,0
2021-08-15,Amador,005,37829,4364,4231,37,4268,49
2021-08-15,Butte,007,227075,14661,14263,2355,16618,206
2021-08-15,Calaveras,009,45235,2658,2599,17,2616,57
2021-08-15,Colusa,011,21464,2202,2140,426,2566,16
2021-08-15,Contra Costa,013,1133247,85012,81781,1646,83427,848
2021-08-15,Del Norte,015,27424,2329,2060,16,2076,8
2021-08-15,El Dorado,017,186661,12693,12057,1067,13124,118
2021-08-15,Fresno,019,978130,112161,109382,9658,119040,1753
2021-08-15,Glenn,021,27897,2653,2592,671,3263,20
2021-08-15,Humboldt,023,135768,6327,6024,118,6142,52
2021-08-15,Imperial,025,180216,29941,29711,2768,32479,746
2021-08-15,Inyo,027,18085,1494,1489,13,1502,39
2021-08-15,Kern,029,883053,104379,102524,13325,115849,1367
2021-08-15,Kings,031,150075,25397,24736,1297,26033,254
2021-08-15,Lake,033,64148,5014,4886,33,4919,68
2021-08-15,Lassen,035,31185,5563,5482,132,5614,21
2021-08-15,Los Angeles,037,10098052,1320998,1302882,47360,1350242,24918
2021-08-15,Madera,039,155013,18224,17714,1170,18884,246
2021-08-15,Marin,041,260295,15831,15461,309,15770,239
2021-08-15,Mariposa,043,17540,627,591,14,605,5
2021-08-15,Mendocino,045,87422,5286,5022,168,5190,49
2021-08-15,Merced,047,269075,33708,33305,1193,34498,481
2021-08-15,Modoc,049,8938,431,421,149,570,5
2021-08-15,Mono,051,14174,1371,1334,18,1352,3
2021-08-15,Monterey,053,433212,45037,44567,2148,46715,527
2021-08-15,Napa,055,140530,11153,10919,64,10983,83
2021-08-15,Nevada,057,99092,6767,6486,223,6709,74
2021-08-15,Orange,059,3164182,280323,275447,12752,288199,5161
2021-08-15,Placer,061,380077,28833,27220,2317,29537,306
2021-08-15,Plumas,063,18699,909,850,14,864,5
2021-08-15,Riverside,065,2383286,321181,314133,14878,329011,4582
2021-08-15,Sacramento,067,1510023,128816,123924,2544,126468,1761
2021-08-15,San Benito,069,59416,6511,6446,123,6569,64
2021-08-15,San Bernardino,071,2135413,317749,313120,9672,322792,5301
2021-08-15,San Diego,073,3302833,320295,314247,18506,332753,3824
2021-08-15,San Francisco,075,870044,45813,44531,1835,46366,567
2021-08-15,San Joaquin,077,732212,82921,80832,4169,85001,1488
2021-08-15,San Luis Obispo,079,281455,23994,23404,896,24300,265
2021-08-15,San Mateo,081,765935,48006,46897,671,47568,548
2021-08-15,Santa Barbara,083,443738,38024,37276,1288,38564,475
2021-08-15,Santa Clara,085,1922200,130804,127715,932,128647,1773
2021-08-15,Santa Cruz,087,273765,17838,17440,869,18309,209
2021-08-15,Shasta,089,179085,14327,13835,1959,15794,211
2021-08-15,Sierra,091,2930,87,82,12,94,0
2021-08-15,Siskiyou,093,43540,2267,2169,538,2707,33
2021-08-15,Solano,095,438530,39392,37320,884,38204,263
2021-08-15,Sonoma,097,501317,35995,34706,419,35125,333
2021-08-15,Stanislaus,099,539301,63211,61795,6839,68634,1039
2021-08-15,Sutter,101,95872,11040,10863,116,10979,130
2021-08-15,Tehama,103,63373,5705,5550,683,6233,66
2021-08-15,Trinity,105,12862,562,400,126,526,3
2021-08-15,Tulare,107,460477,53484,52046,10369,62415,856
2021-08-15,Tuolumne,109,53932,5108,4934,54,4988,64
2021-08-15,Ventura,111,848112,88414,86797,3733,90530,1052
2021-08-15,Yolo,113,214977,16366,15873,594,16467,225
2021-08-15,Yuba,115,75493,7457,7265,164,7429,51
2021-08-14,Alameda,001,1643700,104461,101305,2263,103568,1287
2021-08-14,Alpine,002,1148,90,91,0,91,0
2021-08-14,Amador,005,37829,4346,4206,37,4243,49
2021-08-14,Butte,007,227075,14625,14192,2339,16531,206
2021-08-14,Calaveras,009,45235,2651,2579,17,2596,57
2021-08-14,Colusa,011,21464,2191,2134,422,2556,16
2021-08-14,Contra Costa,013,1133247,84764,81458,1638,83096,848
2021-08-14,Del Norte,015,27424,2302,2015,16,2031,8
2021-08-14,El Dorado,017,186661,12657,12019,1059,13078,118
2021-08-14,Fresno,019,978130,111998,109056,9628,118684,1753
2021-08-14,Glenn,021,27897,2642,2583,668,3251,20
2021-08-14,Humboldt,023,135768,6274,5998,115,6113,52
2021-08-14,Imperial,025,180216,29914,29671,2768,32439,746
2021-08-14,Inyo,027,18085,1492,1487,13,1500,39
2021-08-14,Kern,029,883053,104184,102306,13229,115535,1367
2021-08-14,Kings,031,150075,25299,24647,1289,25936,254
2021-08-14,Lake,033,64148,4997,4850,32,4882,68
2021-08-14,Lassen,035,31185,5556,5475,131,5606,21
2021-08-14,Los Angeles,037,10098052,1319225,1299346,47223,1346569,24911
2021-08-14,Madera,039,155013,18177,17691,1165,18856,246
2021-08-14,Marin,041,260295,15797,15441,309,15750,239
2021-08-14,Mariposa,043,17540,623,584,14,598,5
2021-08-14,Mendocino,045,87422,5250,4977,165,5142,49
2021-08-14,Merced,047,269075,33644,33234,1187,34421,481
2021-08-14,Modoc,049,8938,431,421,149,570,5
2021-08-14,Mono,051,14174,1366,1332,18,1350,3
2021-08-14,Monterey,053,433212,44992,44514,2145,46659,527
2021-08-14,Napa,055,140530,11123,10878,63,10941,83
2021-08-14,Nevada,057,99092,6732,6419,222,6641,74
2021-08-14,Orange,059,3164182,279889,274732,12725,287457,5161
2021-08-14,Placer,061,380077,28686,27115,2293,29408,306
2021-08-14,Plumas,063,18699,899,849,14,863,5
2021-08-14,Riverside,065,2383286,320465,313264,14857,328121,4582
2021-08-14,Sacramento,067,1510023,128323,123438,2525,125963,1758
2021-08-14,San Benito,069,59416,6498,6428,123,6551,64
2021-08-14,San Bernardino,071,2135413,317199,312142,9651,321793,5301
2021-08-14,San Diego,073,3302833,319623,313589,18438,332027,3824
2021-08-14,San Francisco,075,870044,45684,44353,1816,46169,567
2021-08-14,San Joaquin,077,732212,82704,80585,4154,84739,1488
2021-08-14,San Luis Obispo,079,281455,23933,23328,893,24221,265
2021-08-14,San Mateo,081,765935,47887,46792,667,47459,548
2021-08-14,Santa Barbara,083,443738,37930,37118,1286,38404,475
2021-08-14,Santa Clara,085,1922200,130525,127432,929,128361,1772
2021-08-14,Santa Cruz,087,273765,17799,17384,868,18252,209
2021-08-14,Shasta,089,179085,14252,13813,1938,15751,211
2021-08-14,Sierra,091,2930,86,81,12,93,0
2021-08-14,Siskiyou,093,43540,2257,2160,528,2688,33
2021-08-14,Solano,095,438530,39303,37237,872,38109,263
2021-08-14,Sonoma,097,501317,35872,34606,417,35023,333
2021-08-14,Stanislaus,099,539301,63035,61564,6795,68359,1039
2021-08-14,Sutter,101,95872,10995,10808,115,10923,130
2021-08-14,Tehama,103,63373,5681,5530,678,6208,66
2021-08-14,Trinity,105,12862,556,399,126,525,3
2021-08-14,Tulare,107,460477,53348,51951,10324,62275,856
2021-08-14,Tuolumne,109,53932,5073,4924,54,4978,64
2021-08-14,Ventura,111,848112,88258,86569,3713,90282,1052
2021-08-14,Yolo,113,214977,16321,15815,585,16400,225
2021-08-14,Yuba,115,75493,7408,7223,164,7387,51
2021-08-13,Alameda,001,1643700,104166,100930,2255,103185,1284
2021-08-13,Alpine,002,1148,90,91,0,91,0
2021-08-13,Amador,005,37829,4318,4169,37,4206,49
2021-08-13,Butte,007,227075,14555,14100,2323,16423,206
2021-08-13,Calaveras,009,45235,2645,2564,17,2581,57
2021-08-13,Colusa,011,21464,2184,2123,417,2540,16
2021-08-13,Contra Costa,013,1133247,84452,81046,1631,82677,848
2021-08-13,Del Norte,015,27424,2262,1973,16,1989,8
2021-08-13,El Dorado,017,186661,12617,11951,1047,12998,118
2021-08-13,Fresno,019,978130,111707,108638,9603,118241,1753
2021-08-13,Glenn,021,27897,2631,2574,665,3239,20
2021-08-13,Humboldt,023,135768,6227,5882,112,5994,52
2021-08-13,Imperial,025,180216,29887,29654,2767,32421,745
2021-08-13,Inyo,027,18085,1491,1484,13,1497,39
2021-08-13,Kern,029,883053,103976,102029,13120,115149,1364
2021-08-13,Kings,031,150075,25214,24531,1282,25813,253
2021-08-13,Lake,033,64148,4974,4811,31,4842,68
2021-08-13,Lassen,035,31185,5548,5455,130,5585,21
2021-08-13,Los Angeles,037,10098052,1316899,1295406,47086,1342492,24891
2021-08-13,Madera,039,155013,18128,17614,1156,18770,246
2021-08-13,Marin,041,260295,15766,15380,309,15689,239
2021-08-13,Mariposa,043,17540,617,577,14,591,5
2021-08-13,Mendocino,045,87422,5197,4924,163,5087,49
2021-08-13,Merced,047,269075,33597,33111,1181,34292,480
2021-08-13,Modoc,049,8938,430,421,148,569,5
2021-08-13,Mono,051,14174,1363,1331,18,1349,3
2021-08-13,Monterey,053,433212,44932,44450,2143,46593,527
2021-08-13,Napa,055,140530,11087,10830,63,10893,83
2021-08-13,Nevada,057,99092,6691,6356,221,6577,74
2021-08-13,Orange,059,3164182,279396,274004,12676,286680,5159
2021-08-13,Placer,061,380077,28582,26987,2266,29253,306
2021-08-13,Plumas,063,18699,885,842,14,856,5
2021-08-13,Riverside,065,2383286,319726,312408,14832,327240,4581
2021-08-13,Sacramento,067,1510023,127853,122868,2498,125366,1758
2021-08-13,San Benito,069,59416,6492,6422,121,6543,64
2021-08-13,San Bernardino,071,2135413,316530,311378,9632,321010,5301
2021-08-13,San Diego,073,3302833,318577,312293,18359,330652,3821
2021-08-13,San Francisco,075,870044,45548,44196,1793,45989,567
2021-08-13,San Joaquin,077,732212,82487,80232,4138,84370,1481
2021-08-13,San Luis Obispo,079,281455,23870,23226,890,24116,265
2021-08-13,San Mateo,081,765935,47768,46660,666,47326,548
2021-08-13,Santa Barbara,083,443738,37845,37023,1282,38305,474
2021-08-13,Santa Clara,085,1922200,130238,126958,923,127881,1769
2021-08-13,Santa Cruz,087,273765,17759,17332,861,18193,209
2021-08-13,Shasta,089,179085,14189,13698,1924,15622,211
2021-08-13,Sierra,091,2930,85,81,12,93,0
2021-08-13,Siskiyou,093,43540,2248,2147,524,2671,33
2021-08-13,Solano,095,438530,39169,37104,864,37968,264
2021-08-13,Sonoma,097,501317,35767,34464,417,34881,333
2021-08-13,Stanislaus,099,539301,62863,61294,6754,68048,1039
2021-08-13,Sutter,101,95872,10951,10751,114,10865,130
2021-08-13,Tehama,103,63373,5657,5496,676,6172,66
2021-08-13,Trinity,105,12862,552,392,126,518,3
2021-08-13,Tulare,107,460477,53243,51770,10251,62021,856
2021-08-13,Tuolumne,109,53932,5040,4899,53,4952,64
2021-08-13,Ventura,111,848112,88100,86368,3700,90068,1052
2021-08-13,Yolo,113,214977,16267,15761,575,16336,225
2021-08-13,Yuba,115,75493,7370,7184,164,7348,51
2021-08-12,Alameda,001,1643700,103679,100472,2242,102714,1284
2021-08-12,Alpine,002,1148,90,91,0,91,0
2021-08-12,Amador,005,37829,4288,4161,36,4197,49
2021-08-12,Butte,007,227075,14485,14006,2305,16311,206
2021-08-12,Calaveras,009,45235,2629,2531,17,2548,57
2021-08-12,Colusa,011,21464,2179,2111,416,2527,17
2021-08-12,Contra Costa,013,1133247,83967,80738,1616,82354,846
2021-08-12,Del Norte,015,27424,2190,1923,16,1939,8
2021-08-12,El Dorado,017,186661,12502,11880,1038,12918,118
2021-08-12,Fresno,019,978130,111283,108193,9535,117728,1753
2021-08-12,Glenn,021,27897,2623,2559,653,3212,20
2021-08-12,Humboldt,023,135768,6158,5845,108,5953,52
2021-08-12,Imperial,025,180216,29831,29585,2761,32346,745
2021-08-12,Inyo,027,18085,1489,1483,13,1496,39
2021-08-12,Kern,029,883053,103686,101698,13041,114739,1364
2021-08-12,Kings,031,150075,25114,24423,1273,25696,252
2021-08-12,Lake,033,64148,4948,4774,31,4805,68
2021-08-12,Lassen,035,31185,5526,5428,129,5557,21
2021-08-12,Los Angeles,037,10098052,1313707,1291875,46952,1338827,24874
2021-08-12,Madera,039,155013,18064,17564,1144,18708,246
2021-08-12,Marin,041,260295,15717,15277,306,15583,239
2021-08-12,Mariposa,043,17540,608,568,13,581,5
2021-08-12,Mendocino,045,87422,5167,4873,157,5030,49
2021-08-12,Merced,047,269075,33473,32960,1174,34134,480
2021-08-12,Modoc,049,8938,429,423,148,571,5
2021-08-12,Mono,051,14174,1358,1325,18,1343,3
2021-08-12,Monterey,053,433212,44856,44383,2128,46511,527
2021-08-12,Napa,055,140530,11038,10780,62,10842,83
2021-08-12,Nevada,057,99092,6630,6283,221,6504,74
2021-08-12,Orange,059,3164182,278717,273167,12618,285785,5158
2021-08-12,Placer,061,380077,28382,26856,2243,29099,306
2021-08-12,Plumas,063,18699,877,829,14,843,5
2021-08-12,Riverside,065,2383286,318717,311304,14800,326104,4575
2021-08-12,Sacramento,067,1510023,127080,122222,2468,124690,1758
2021-08-12,San Benito,069,59416,6475,6398,119,6517,64
2021-08-12,San Bernardino,071,2135413,315656,310420,9602,320022,5297
2021-08-12,San Diego,073,3302833,317206,310596,18270,328866,3821
2021-08-12,San Francisco,075,870044,45341,43774,1780,45554,564
2021-08-12,San Joaquin,077,732212,82092,79945,4114,84059,1479
2021-08-12,San Luis Obispo,079,281455,23770,23101,877,23978,264
2021-08-12,San Mateo,081,765935,47624,46435,663,47098,548
2021-08-12,Santa Barbara,083,443738,37708,36881,1274,38155,473
2021-08-12,Santa Clara,085,1922200,129789,126614,917,127531,1769
2021-08-12,Santa Cruz,087,273765,17695,17261,860,18121,209
2021-08-12,Shasta,089,179085,14104,13621,1897,15518,211
2021-08-12,Sierra,091,2930,85,81,12,93,0
2021-08-12,Siskiyou,093,43540,2241,2134,515,2649,33
2021-08-12,Solano,095,438530,38941,36980,855,37835,262
2021-08-12,Sonoma,097,501317,35619,34299,414,34713,333
2021-08-12,Stanislaus,099,539301,62598,61026,6695,67721,1039
2021-08-12,Sutter,101,95872,10890,10695,112,10807,130
2021-08-12,Tehama,103,63373,5627,5462,667,6129,66
2021-08-12,Trinity,105,12862,548,386,125,511,3
2021-08-12,Tulare,107,460477,53098,51632,10202,61834,856
2021-08-12,Tuolumne,109,53932,4993,4845,51,4896,64
2021-08-12,Ventura,111,848112,87863,86106,3676,89782,1052
2021-08-12,Yolo,113,214977,16195,15686,561,16247,224
2021-08-12,Yuba,115,75493,7322,7128,163,7291,51
2021-08-11,Alameda,001,1643700,103173,100040,2239,102279,1281
2021-08-11,Alpine,002,1148,90,91,0,91,0
2021-08-11,Amador,005,37829,4264,4127,36,4163,49
2021-08-11,Butte,007,227075,14384,13905,2279,16184,206
2021-08-11,Calaveras,009,45235,2607,2505,17,2522,57
2021-08-11,Colusa,011,21464,2169,2101,414,2515,16
2021-08-11,Contra Costa,013,1133247,83466,80275,1598,81873,843
2021-08-11,Del Norte,015,27424,2131,1893,16,1909,8
2021-08-11,El Dorado,017,186661,12391,11799,1026,12825,119
2021-08-11,Fresno,019,978130,110826,107773,9489,117262,1751
2021-08-11,Glenn,021,27897,2614,2547,643,3190,20
2021-08-11,Humboldt,023,135768,6111,5765,107,5872,52
2021-08-11,Imperial,025,180216,29788,29565,2757,32322,745
2021-08-11,Inyo,027,18085,1489,1483,13,1496,39
2021-08-11,Kern,029,883053,103372,101448,12934,114382,1363
2021-08-11,Kings,031,150075,25001,24304,1264,25568,250
2021-08-11,Lake,033,64148,4911,4713,30,4743,68
2021-08-11,Lassen,035,31185,5517,5408,127,5535,21
2021-08-11,Los Angeles,037,10098052,1310377,1288238,46767,1335005,24851
2021-08-11,Madera,039,155013,18014,17511,1133,18644,245
2021-08-11,Marin,041,260295,15668,15235,306,15541,239
2021-08-11,Mariposa,043,17540,598,554,12,566,5
2021-08-11,Mendocino,045,87422,5098,4796,148,4944,49
2021-08-11,Merced,047,269075,33340,32802,1170,33972,479
2021-08-11,Modoc,049,8938,429,421,148,569,5
2021-08-11,Mono,051,14174,1353,1320,18,1338,3
2021-08-11,Monterey,053,433212,44757,44314,2110,46424,527
2021-08-11,Napa,055,140530,10997,10732,62,10794,83
2021-08-11,Nevada,057,99092,6577,6172,218,6390,74
2021-08-11,Orange,059,3164182,277859,272212,12572,284784,5155
2021-08-11,Placer,061,380077,28170,26687,2217,28904,305
2021-08-11,Plumas,063,18699,868,824,14,838,5
2021-08-11,Riverside,065,2383286,317724,310265,14765,325030,4570
2021-08-11,Sacramento,067,1510023,126289,121603,2428,124031,1757
2021-08-11,San Benito,069,59416,6462,6381,119,6500,64
2021-08-11,San Bernardino,071,2135413,314763,309498,9583,319081,5296
2021-08-11,San Diego,073,3302833,315734,309406,18166,327572,3818
2021-08-11,San Francisco,075,870044,45116,43555,1772,45327,564
2021-08-11,San Joaquin,077,732212,81685,79641,4087,83728,1478
2021-08-11,San Luis Obispo,079,281455,23666,22920,870,23790,264
2021-08-11,San Mateo,081,765935,47456,46300,660,46960,548
2021-08-11,Santa Barbara,083,443738,37545,36699,1266,37965,472
2021-08-11,Santa Clara,085,1922200,129307,126301,909,127210,1769
2021-08-11,Santa Cruz,087,273765,17630,17191,857,18048,209
2021-08-11,Shasta,089,179085,14030,13546,1882,15428,211
2021-08-11,Sierra,091,2930,84,81,12,93,0
2021-08-11,Siskiyou,093,43540,2227,2124,508,2632,33
2021-08-11,Solano,095,438530,38707,36862,841,37703,262
2021-08-11,Sonoma,097,501317,35440,34188,409,34597,333
2021-08-11,Stanislaus,099,539301,62267,60767,6665,67432,1037
2021-08-11,Sutter,101,95872,10817,10628,112,10740,130
2021-08-11,Tehama,103,63373,5598,5410,651,6061,66
2021-08-11,Trinity,105,12862,546,385,125,510,3
2021-08-11,Tulare,107,460477,52930,51464,10158,61622,854
2021-08-11,Tuolumne,109,53932,4961,4794,51,4845,64
2021-08-11,Ventura,111,848112,87611,85863,3655,89518,1051
2021-08-11,Yolo,113,214977,16120,15593,545,16138,218
2021-08-11,Yuba,115,75493,7263,7063,162,7225,53
2021-08-10,Alameda,001,1643700,102705,99771,2232,102003,1281
2021-08-10,Alpine,002,1148,90,91,0,91,0
2021-08-10,Amador,005,37829,4248,4093,36,4129,49
2021-08-10,Butte,007,227075,14300,13853,2259,16112,205
2021-08-10,Calaveras,009,45235,2583,2491,15,2506,57
2021-08-10,Colusa,011,21464,2156,2088,405,2493,16
2021-08-10,Contra Costa,013,1133247,82922,80018,1588,81606,840
2021-08-10,Del Norte,015,27424,2087,1870,16,1886,8
2021-08-10,El Dorado,017,186661,12290,11734,1014,12748,117
2021-08-10,Fresno,019,978130,110367,107616,9433,117049,1747
2021-08-10,Glenn,021,27897,2601,2538,633,3171,20
2021-08-10,Humboldt,023,135768,6057,5718,104,5822,52
2021-08-10,Imperial,025,180216,29753,29522,2750,32272,745
2021-08-10,Inyo,027,18085,1489,1482,13,1495,39
2021-08-10,Kern,029,883053,103044,101254,12838,114092,1359
2021-08-10,Kings,031,150075,24875,24252,1248,25500,251
2021-08-10,Lake,033,64148,4870,4700,30,4730,67
2021-08-10,Lassen,035,31185,5499,5401,127,5528,21
2021-08-10,Los Angeles,037,10098052,1306619,1285140,46605,1331745,24821
2021-08-10,Madera,039,155013,17941,17481,1123,18604,245
2021-08-10,Marin,041,260295,15621,15194,306,15500,239
2021-08-10,Mariposa,043,17540,585,550,12,562,5
2021-08-10,Mendocino,045,87422,5053,4775,144,4919,49
2021-08-10,Merced,047,269075,33192,32721,1161,33882,477
2021-08-10,Modoc,049,8938,428,421,148,569,5
2021-08-10,Mono,051,14174,1348,1320,18,1338,3
2021-08-10,Monterey,053,433212,44695,44259,2095,46354,527
2021-08-10,Napa,055,140530,10942,10703,61,10764,83
2021-08-10,Nevada,057,99092,6512,6151,217,6368,73
2021-08-10,Orange,059,3164182,276979,271688,12525,284213,5155
2021-08-10,Placer,061,380077,27951,26561,2175,28736,305
2021-08-10,Plumas,063,18699,859,816,14,830,5
2021-08-10,Riverside,065,2383286,316608,309529,14739,324268,4564
2021-08-10,Sacramento,067,1510023,125436,121159,2397,123556,1755
2021-08-10,San Benito,069,59416,6448,6371,119,6490,64
2021-08-10,San Bernardino,071,2135413,313839,308672,9565,318237,5295
2021-08-10,San Diego,073,3302833,314087,308288,18074,326362,3815
2021-08-10,San Francisco,075,870044,44863,43389,1757,45146,564
2021-08-10,San Joaquin,077,732212,81287,79391,4069,83460,1478
2021-08-10,San Luis Obispo,079,281455,23540,22776,868,23644,264
2021-08-10,San Mateo,081,765935,47284,46184,658,46842,548
2021-08-10,Santa Barbara,083,443738,37380,36574,1259,37833,472
2021-08-10,Santa Clara,085,1922200,128844,126019,902,126921,1770
2021-08-10,Santa Cruz,087,273765,17547,17142,855,17997,209
2021-08-10,Shasta,089,179085,13952,13461,1859,15320,211
2021-08-10,Sierra,091,2930,84,76,12,88,0
2021-08-10,Siskiyou,093,43540,2218,2088,501,2589,33
2021-08-10,Solano,095,438530,38462,36767,830,37597,262
2021-08-10,Sonoma,097,501317,35295,34054,406,34460,333
2021-08-10,Stanislaus,099,539301,61921,60605,6628,67233,1037
2021-08-10,Sutter,101,95872,10752,10569,112,10681,130
2021-08-10,Tehama,103,63373,5569,5392,646,6038,66
2021-08-10,Trinity,105,12862,546,384,125,509,3
2021-08-10,Tulare,107,460477,52766,51390,10106,61496,854
2021-08-10,Tuolumne,109,53932,4932,4780,49,4829,64
2021-08-10,Ventura,111,848112,87322,85714,3634,89348,1051
2021-08-10,Yolo,113,214977,16033,15568,535,16103,218
2021-08-10,Yuba,115,75493,7214,7028,162,7190,50
2021-08-09,Alameda,001,1643700,102154,99496,2228,101724,1276
2021-08-09,Alpine,002,1148,90,91,0,91,0
2021-08-09,Amador,005,37829,4222,4078,36,4114,48
2021-08-09,Butte,007,227075,14201,13813,2231,16044,205
2021-08-09,Calaveras,009,45235,2558,2472,15,2487,57
2021-08-09,Colusa,011,21464,2146,2075,398,2473,16
2021-08-09,Contra Costa,013,1133247,82380,79740,1576,81316,840
2021-08-09,Del Norte,015,27424,2019,1848,16,1864,8
2021-08-09,El Dorado,017,186661,12183,11672,1001,12673,117
2021-08-09,Fresno,019,978130,109873,107310,9394,116704,1747
2021-08-09,Glenn,021,27897,2590,2532,621,3153,20
2021-08-09,Humboldt,023,135768,5966,5632,102,5734,52
2021-08-09,Imperial,025,180216,29708,29512,2746,32258,745
2021-08-09,Inyo,027,18085,1489,1481,13,1494,39
2021-08-09,Kern,029,883053,102732,101069,12752,113821,1359
2021-08-09,Kings,031,150075,24768,24155,1234,25389,250
2021-08-09,Lake,033,64148,4835,4670,28,4698,66
2021-08-09,Lassen,035,31185,5477,5393,126,5519,21
2021-08-09,Los Angeles,037,10098052,1302601,1282891,46406,1329297,24798
2021-08-09,Madera,039,155013,17882,17429,1103,18532,245
2021-08-09,Marin,041,260295,15568,15154,305,15459,239
2021-08-09,Mariposa,043,17540,572,545,12,557,5
2021-08-09,Mendocino,045,87422,5002,4732,136,4868,49
2021-08-09,Merced,047,269075,33046,32666,1154,33820,477
2021-08-09,Modoc,049,8938,428,419,148,567,5
2021-08-09,Mono,051,14174,1345,1337,18,1355,3
2021-08-09,Monterey,053,433212,44623,44190,2080,46270,527
2021-08-09,Napa,055,140530,10895,10679,61,10740,83
2021-08-09,Nevada,057,99092,6440,6088,216,6304,73
2021-08-09,Orange,059,3164182,275940,271036,12470,283506,5153
2021-08-09,Placer,061,380077,27727,26457,2144,28601,305
2021-08-09,Plumas,063,18699,842,803,14,817,5
2021-08-09,Riverside,065,2383286,315531,308678,14721,323399,4562
2021-08-09,Sacramento,067,1510023,124602,120812,2372,123184,1748
2021-08-09,San Benito,069,59416,6428,6359,117,6476,63
2021-08-09,San Bernardino,071,2135413,312854,308038,9542,317580,5295
2021-08-09,San Diego,073,3302833,312427,306855,17975,324830,3811
2021-08-09,San Francisco,075,870044,44617,43261,1741,45002,564
2021-08-09,San Joaquin,077,732212,80904,79198,4051,83249,1469
2021-08-09,San Luis Obispo,079,281455,23401,22695,859,23554,264
2021-08-09,San Mateo,081,765935,47112,46040,655,46695,548
2021-08-09,Santa Barbara,083,443738,37196,36474,1251,37725,470
2021-08-09,Santa Clara,085,1922200,128341,125791,893,126684,2187
2021-08-09,Santa Cruz,087,273765,17485,17082,855,17937,209
2021-08-09,Shasta,089,179085,13835,13397,1848,15245,210
2021-08-09,Sierra,091,2930,83,75,12,87,0
2021-08-09,Siskiyou,093,43540,2206,2047,486,2533,32
2021-08-09,Solano,095,438530,38185,36653,828,37481,262
2021-08-09,Sonoma,097,501317,35114,33933,404,34337,333
2021-08-09,Stanislaus,099,539301,61642,60410,6579,66989,1037
2021-08-09,Sutter,101,95872,10703,10525,109,10634,129
2021-08-09,Tehama,103,63373,5527,5373,645,6018,66
2021-08-09,Trinity,105,12862,544,378,123,501,3
2021-08-09,Tulare,107,460477,52606,51274,10043,61317,854
2021-08-09,Tuolumne,109,53932,4890,4745,49,4794,64
2021-08-09,Ventura,111,848112,87050,85514,3623,89137,1047
2021-08-09,Yolo,113,214977,15955,15521,514,16035,218
2021-08-09,Yuba,115,75493,7155,6994,162,7156,50
2021-08-08,Alameda,001,1643700,101605,99135,2222,101357,1276
2021-08-08,Alpine,002,1148,90,91,0,91,0
2021-08-08,Amador,005,37829,4188,4057,35,4092,48
2021-08-08,Butte,007,227075,14119,13791,2211,16002,205
2021-08-08,Calaveras,009,45235,2525,2462,15,2477,57
2021-08-08,Colusa,011,21464,2129,2070,391,2461,16
2021-08-08,Contra Costa,013,1133247,81855,79454,1568,81022,840
2021-08-08,Del Norte,015,27424,1973,1810,16,1826,8
2021-08-08,El Dorado,017,186661,12062,11631,991,12622,117
2021-08-08,Fresno,019,978130,109429,107078,9357,116435,1747
2021-08-08,Glenn,021,27897,2582,2527,614,3141,20
2021-08-08,Humboldt,023,135768,5877,5571,102,5673,52
2021-08-08,Imperial,025,180216,29684,29485,2736,32221,745
2021-08-08,Inyo,027,18085,1489,1481,13,1494,39
2021-08-08,Kern,029,883053,102412,100909,12640,113549,1359
2021-08-08,Kings,031,150075,24654,24095,1225,25320,250
2021-08-08,Lake,033,64148,4785,4636,27,4663,66
2021-08-08,Lassen,035,31185,5462,5391,125,5516,21
2021-08-08,Los Angeles,037,10098052,1298352,1279982,46223,1326205,24793
2021-08-08,Madera,039,155013,17803,17398,1086,18484,245
2021-08-08,Marin,041,260295,15515,15124,303,15427,239
2021-08-08,Mariposa,043,17540,568,538,12,550,5
2021-08-08,Mendocino,045,87422,4940,4702,123,4825,49
2021-08-08,Merced,047,269075,32899,32634,1145,33779,477
2021-08-08,Modoc,049,8938,427,419,147,566,5
2021-08-08,Mono,051,14174,1341,1336,18,1354,3
2021-08-08,Monterey,053,433212,44553,44171,2069,46240,527
2021-08-08,Napa,055,140530,10859,10668,61,10729,83
2021-08-08,Nevada,057,99092,6356,6009,214,6223,73
2021-08-08,Orange,059,3164182,275026,270532,12428,282960,5153
2021-08-08,Placer,061,380077,27518,26332,2103,28435,305
2021-08-08,Plumas,063,18699,833,803,14,817,5
2021-08-08,Riverside,065,2383286,314408,308042,14698,322740,4562
2021-08-08,Sacramento,067,1510023,123773,120109,2360,122469,1744
2021-08-08,San Benito,069,59416,6411,6350,116,6466,63
2021-08-08,San Bernardino,071,2135413,311712,307378,9513,316891,5295
2021-08-08,San Diego,073,3302833,311085,305983,17877,323860,3811
2021-08-08,San Francisco,075,870044,44355,43098,1719,44817,564
2021-08-08,San Joaquin,077,732212,80456,79002,4035,83037,1469
2021-08-08,San Luis Obispo,079,281455,23227,22668,851,23519,263
2021-08-08,San Mateo,081,765935,46922,45927,652,46579,548
2021-08-08,Santa Barbara,083,443738,37019,36417,1244,37661,470
2021-08-08,Santa Clara,085,1922200,127889,125553,888,126441,2187
2021-08-08,Santa Cruz,087,273765,17413,17035,850,17885,209
2021-08-08,Shasta,089,179085,13750,13381,1837,15218,210
2021-08-08,Sierra,091,2930,83,74,12,86,0
2021-08-08,Siskiyou,093,43540,2190,2041,481,2522,32
2021-08-08,Solano,095,438530,37933,36551,824,37375,262
2021-08-08,Sonoma,097,501317,34870,33805,403,34208,333
2021-08-08,Stanislaus,099,539301,61316,60269,6534,66803,1037
2021-08-08,Sutter,101,95872,10643,10481,108,10589,129
2021-08-08,Tehama,103,63373,5491,5359,642,6001,66
2021-08-08,Trinity,105,12862,539,378,123,501,3
2021-08-08,Tulare,107,460477,52427,51220,9984,61204,854
2021-08-08,Tuolumne,109,53932,4850,4731,49,4780,64
2021-08-08,Ventura,111,848112,86759,85382,3613,88995,1047
2021-08-08,Yolo,113,214977,15862,15477,507,15984,218
2021-08-08,Yuba,115,75493,7116,6967,162,7129,50
2021-08-07,Alameda,001,1643700,101358,98812,2216,101028,1276
2021-08-07,Alpine,002,1148,90,91,0,91,0
2021-08-07,Amador,005,37829,4171,4041,34,4075,48
2021-08-07,Butte,007,227075,14067,13714,2199,15913,205
2021-08-07,Calaveras,009,45235,2515,2446,15,2461,57
2021-08-07,Colusa,011,21464,2124,2067,382,2449,16
2021-08-07,Contra Costa,013,1133247,81559,79168,1565,80733,840
2021-08-07,Del Norte,015,27424,1941,1791,16,1807,8
2021-08-07,El Dorado,017,186661,12014,11575,984,12559,117
2021-08-07,Fresno,019,978130,109225,106861,9331,116192,1747
2021-08-07,Glenn,021,27897,2574,2515,613,3128,20
2021-08-07,Humboldt,023,135768,5827,5510,99,5609,52
2021-08-07,Imperial,025,180216,29665,29470,2736,32206,745
2021-08-07,Inyo,027,18085,1487,1476,13,1489,39
2021-08-07,Kern,029,883053,102254,100693,12584,113277,1359
2021-08-07,Kings,031,150075,24593,24048,1219,25267,250
2021-08-07,Lake,033,64148,4764,4613,27,4640,66
2021-08-07,Lassen,035,31185,5458,5386,125,5511,21
2021-08-07,Los Angeles,037,10098052,1296314,1276853,46078,1322931,24786
2021-08-07,Madera,039,155013,17768,17366,1082,18448,245
2021-08-07,Marin,041,260295,15481,15085,302,15387,239
2021-08-07,Mariposa,043,17540,565,530,12,542,5
2021-08-07,Mendocino,045,87422,4904,4690,121,4811,49
2021-08-07,Merced,047,269075,32835,32569,1142,33711,477
2021-08-07,Modoc,049,8938,427,419,147,566,5
2021-08-07,Mono,051,14174,1338,1329,18,1347,3
2021-08-07,Monterey,053,433212,44501,44124,2064,46188,527
2021-08-07,Napa,055,140530,10838,10658,60,10718,83
2021-08-07,Nevada,057,99092,6306,5967,212,6179,73
2021-08-07,Orange,059,3164182,274434,269900,12398,282298,5153
2021-08-07,Placer,061,380077,27329,26244,2094,28338,305
2021-08-07,Plumas,063,18699,828,801,14,815,5
2021-08-07,Riverside,065,2383286,313736,307326,14691,322017,4562
2021-08-07,Sacramento,067,1510023,123271,119636,2356,121992,1744
2021-08-07,San Benito,069,59416,6401,6332,116,6448,63
2021-08-07,San Bernardino,071,2135413,311124,306663,9496,316159,5295
2021-08-07,San Diego,073,3302833,310329,304974,17842,322816,3811
2021-08-07,San Francisco,075,870044,44183,42926,1701,44627,564
2021-08-07,San Joaquin,077,732212,80292,78769,4020,82789,1469
2021-08-07,San Luis Obispo,079,281455,23158,22579,850,23429,263
2021-08-07,San Mateo,081,765935,46794,45804,650,46454,548
2021-08-07,Santa Barbara,083,443738,36923,36303,1238,37541,470
2021-08-07,Santa Clara,085,1922200,127618,125196,883,126079,2188
2021-08-07,Santa Cruz,087,273765,17371,16994,848,17842,209
2021-08-07,Shasta,089,179085,13694,13361,1830,15191,210
2021-08-07,Sierra,091,2930,83,74,12,86,0
2021-08-07,Siskiyou,093,43540,2178,2039,479,2518,32
2021-08-07,Solano,095,438530,37817,36458,816,37274,262
2021-08-07,Sonoma,097,501317,34747,33716,403,34119,333
2021-08-07,Stanislaus,099,539301,61145,60093,6504,66597,1037
2021-08-07,Sutter,101,95872,10606,10447,108,10555,129
2021-08-07,Tehama,103,63373,5480,5343,637,5980,66
2021-08-07,Trinity,105,12862,535,377,122,499,3
2021-08-07,Tulare,107,460477,52341,51133,9946,61079,854
2021-08-07,Tuolumne,109,53932,4820,4721,49,4770,64
2021-08-07,Ventura,111,848112,86580,85232,3599,88831,1047
2021-08-07,Yolo,113,214977,15819,15423,502,15925,218
2021-08-07,Yuba,115,75493,7091,6937,160,7097,50
2021-08-06,Alameda,001,1643700,101029,98487,2210,100697,1275
2021-08-06,Alpine,002,1148,90,91,0,91,0
2021-08-06,Amador,005,37829,4150,4002,34,4036,48
2021-08-06,Butte,007,227075,14017,13626,2184,15810,205
2021-08-06,Calaveras,009,45235,2504,2419,15,2434,57
2021-08-06,Colusa,011,21464,2117,2045,377,2422,16
2021-08-06,Contra Costa,013,1133247,81264,78796,1560,80356,840
2021-08-06,Del Norte,015,27424,1914,1755,15,1770,8
2021-08-06,El Dorado,017,186661,11964,11498,972,12470,117
2021-08-06,Fresno,019,978130,108961,106542,9304,115846,1747
2021-08-06,Glenn,021,27897,2559,2504,610,3114,20
2021-08-06,Humboldt,023,135768,5776,5421,96,5517,52
2021-08-06,Imperial,025,180216,29654,29404,2732,32136,745
2021-08-06,Inyo,027,18085,1484,1471,13,1484,39
2021-08-06,Kern,029,883053,102077,100427,12499,112926,1359
2021-08-06,Kings,031,150075,24538,23974,1215,25189,250
2021-08-06,Lake,033,64148,4741,4557,27,4584,66
2021-08-06,Lassen,035,31185,5436,5368,125,5493,21
2021-08-06,Los Angeles,037,10098052,1293821,1273081,45929,1319010,24772
2021-08-06,Madera,039,155013,17729,17324,1073,18397,245
2021-08-06,Marin,041,260295,15448,15051,302,15353,239
2021-08-06,Mariposa,043,17540,556,511,12,523,5
2021-08-06,Mendocino,045,87422,4862,4649,120,4769,49
2021-08-06,Merced,047,269075,32775,32456,1139,33595,477
2021-08-06,Modoc,049,8938,427,419,147,566,5
2021-08-06,Mono,051,14174,1337,1328,18,1346,3
2021-08-06,Monterey,053,433212,44433,44058,2051,46109,527
2021-08-06,Napa,055,140530,10811,10620,60,10680,83
2021-08-06,Nevada,057,99092,6250,5874,212,6086,73
2021-08-06,Orange,059,3164182,273868,269077,12381,281458,5151
2021-08-06,Placer,061,380077,27206,26086,2073,28159,305
2021-08-06,Plumas,063,18699,819,795,14,809,5
2021-08-06,Riverside,065,2383286,313026,306304,14680,320984,4562
2021-08-06,Sacramento,067,1510023,122779,119169,2336,121505,1740
2021-08-06,San Benito,069,59416,6384,6315,116,6431,63
2021-08-06,San Bernardino,071,2135413,310423,305806,9486,315292,5286
2021-08-06,San Diego,073,3302833,309289,303691,17793,321484,3810
2021-08-06,San Francisco,075,870044,44027,42659,1683,44342,565
2021-08-06,San Joaquin,077,732212,80142,78405,4008,82413,1469
2021-08-06,San Luis Obispo,079,281455,23090,22472,845,23317,263
2021-08-06,San Mateo,081,765935,46642,45665,645,46310,548
2021-08-06,Santa Barbara,083,443738,36833,36208,1234,37442,470
2021-08-06,Santa Clara,085,1922200,127328,124767,878,125645,2185
2021-08-06,Santa Cruz,087,273765,17327,16924,844,17768,207
2021-08-06,Shasta,089,179085,13628,13284,1824,15108,210
2021-08-06,Sierra,091,2930,83,73,12,85,0
2021-08-06,Siskiyou,093,43540,2168,2030,475,2505,32
2021-08-06,Solano,095,438530,37707,36351,807,37158,262
2021-08-06,Sonoma,097,501317,34661,33594,402,33996,333
2021-08-06,Stanislaus,099,539301,61006,59854,6484,66338,1037
2021-08-06,Sutter,101,95872,10563,10391,108,10499,128
2021-08-06,Tehama,103,63373,5456,5325,635,5960,66
2021-08-06,Trinity,105,12862,534,371,121,492,3
2021-08-06,Tulare,107,460477,52240,51018,9899,60917,854
2021-08-06,Tuolumne,109,53932,4793,4674,49,4723,64
2021-08-06,Ventura,111,848112,86409,85046,3587,88633,1047
2021-08-06,Yolo,113,214977,15766,15299,497,15796,218
2021-08-06,Yuba,115,75493,7068,6904,160,7064,50
2021-08-05,Alameda,001,1643700,100545,98052,2206,100258,1275
2021-08-05,Alpine,002,1148,90,91,0,91,0
2021-08-05,Amador,005,37829,4130,3992,34,4026,48
2021-08-05,Butte,007,227075,13956,13564,2161,15725,206
2021-08-05,Calaveras,009,45235,2485,2397,15,2412,57
2021-08-05,Colusa,011,21464,2105,2036,372,2408,16
2021-08-05,Contra Costa,013,1133247,80837,78514,1553,80067,840
2021-08-05,Del Norte,015,27424,1887,1731,15,1746,8
2021-08-05,El Dorado,017,186661,11879,11408,961,12369,117
2021-08-05,Fresno,019,978130,108590,106219,9267,115486,1747
2021-08-05,Glenn,021,27897,2553,2494,607,3101,20
2021-08-05,Humboldt,023,135768,5702,5328,95,5423,52
2021-08-05,Imperial,025,180216,29623,29383,2728,32111,745
2021-08-05,Inyo,027,18085,1480,1468,13,1481,38
2021-08-05,Kern,029,883053,101855,100091,12414,112505,1358
2021-08-05,Kings,031,150075,24454,23906,1210,25116,249
2021-08-05,Lake,033,64148,4702,4490,25,4515,66
2021-08-05,Lassen,035,31185,5428,5344,125,5469,21
2021-08-05,Los Angeles,037,10098052,1290601,1269445,45797,1315242,24756
2021-08-05,Madera,039,155013,17688,17301,1065,18366,245
2021-08-05,Marin,041,260295,15404,15005,298,15303,239
2021-08-05,Mariposa,043,17540,545,504,11,515,5
2021-08-05,Mendocino,045,87422,4819,4597,111,4708,49
2021-08-05,Merced,047,269075,32708,32381,1128,33509,477
2021-08-05,Modoc,049,8938,426,418,147,565,5
2021-08-05,Mono,051,14174,1329,1309,18,1327,3
2021-08-05,Monterey,053,433212,44376,43992,2033,46025,527
2021-08-05,Napa,055,140530,10775,10591,58,10649,83
2021-08-05,Nevada,057,99092,6167,5778,209,5987,73
2021-08-05,Orange,059,3164182,273086,268329,12354,280683,5149
2021-08-05,Placer,061,380077,27007,25965,2046,28011,305
2021-08-05,Plumas,063,18699,810,787,14,801,5
2021-08-05,Riverside,065,2383286,312109,305415,14654,320069,4562
2021-08-05,Sacramento,067,1510023,122071,118590,2322,120912,1739
2021-08-05,San Benito,069,59416,6366,6305,116,6421,63
2021-08-05,San Bernardino,071,2135413,309588,304956,9465,314421,5284
2021-08-05,San Diego,073,3302833,308016,302220,17711,319931,3806
2021-08-05,San Francisco,075,870044,43815,42301,1674,43975,564
2021-08-05,San Joaquin,077,732212,79780,78151,3990,82141,1468
2021-08-05,San Luis Obispo,079,281455,22975,22362,839,23201,263
2021-08-05,San Mateo,081,765935,46469,45554,643,46197,548
2021-08-05,Santa Barbara,083,443738,36726,36112,1231,37343,470
2021-08-05,Santa Clara,085,1922200,126995,124490,878,125368,2185
2021-08-05,Santa Cruz,087,273765,17283,16867,841,17708,207
2021-08-05,Shasta,089,179085,13570,13217,1816,15033,210
2021-08-05,Sierra,091,2930,78,73,12,85,0
2021-08-05,Siskiyou,093,43540,2147,2024,466,2490,32
2021-08-05,Solano,095,438530,37526,36250,800,37050,262
2021-08-05,Sonoma,097,501317,34526,33455,401,33856,330
2021-08-05,Stanislaus,099,539301,60784,59692,6445,66137,1037
2021-08-05,Sutter,101,95872,10508,10349,108,10457,127
2021-08-05,Tehama,103,63373,5438,5305,632,5937,66
2021-08-05,Trinity,105,12862,528,367,121,488,3
2021-08-05,Tulare,107,460477,52123,50889,9845,60734,854
2021-08-05,Tuolumne,109,53932,4763,4619,49,4668,64
2021-08-05,Ventura,111,848112,86158,84837,3573,88410,1047
2021-08-05,Yolo,113,214977,15699,15250,487,15737,218
2021-08-05,Yuba,115,75493,7025,6872,158,7030,50
2021-08-04,Alameda,001,1643700,100041,97477,2195,99672,1274
2021-08-04,Alpine,002,1148,90,91,0,91,0
2021-08-04,Amador,005,37829,4100,3962,33,3995,48
2021-08-04,Butte,007,227075,13888,13509,2144,15653,205
2021-08-04,Calaveras,009,45235,2460,2374,15,2389,57
2021-08-04,Colusa,011,21464,2093,2025,366,2391,16
2021-08-04,Contra Costa,013,1133247,80320,77966,1548,79514,840
2021-08-04,Del Norte,015,27424,1864,1701,15,1716,8
2021-08-04,El Dorado,017,186661,11799,11319,950,12269,117
2021-08-04,Fresno,019,978130,108219,105899,9228,115127,1747
2021-08-04,Glenn,021,27897,2545,2487,605,3092,20
2021-08-04,Humboldt,023,135768,5626,5271,94,5365,52
2021-08-04,Imperial,025,180216,29575,29375,2726,32101,745
2021-08-04,Inyo,027,18085,1479,1465,13,1478,38
2021-08-04,Kern,029,883053,101605,99868,12331,112199,1358
2021-08-04,Kings,031,150075,24382,23840,1202,25042,250
2021-08-04,Lake,033,64148,4672,4423,20,4443,65
2021-08-04,Lassen,035,31185,5420,5340,125,5465,21
2021-08-04,Los Angeles,037,10098052,1287109,1265788,45638,1311426,24737
2021-08-04,Madera,039,155013,17653,17251,1058,18309,245
2021-08-04,Marin,041,260295,15357,14950,296,15246,239
2021-08-04,Mariposa,043,17540,530,497,11,508,5
2021-08-04,Mendocino,045,87422,4795,4560,107,4667,49
2021-08-04,Merced,047,269075,32570,32274,1123,33397,476
2021-08-04,Modoc,049,8938,426,416,147,563,5
2021-08-04,Mono,051,14174,1325,1307,18,1325,3
2021-08-04,Monterey,053,433212,44311,43926,2022,45948,526
2021-08-04,Napa,055,140530,10738,10544,58,10602,82
2021-08-04,Nevada,057,99092,6102,5702,208,5910,73
2021-08-04,Orange,059,3164182,272211,267199,12317,279516,5146
2021-08-04,Placer,061,380077,26789,25688,2026,27714,305
2021-08-04,Plumas,063,18699,804,784,14,798,5
2021-08-04,Riverside,065,2383286,311184,304272,14629,318901,4562
2021-08-04,Sacramento,067,1510023,121314,117882,2296,120178,1736
2021-08-04,San Benito,069,59416,6351,6300,116,6416,63
2021-08-04,San Bernardino,071,2135413,308731,304164,9446,313610,5285
2021-08-04,San Diego,073,3302833,306501,301100,17644,318744,3805
2021-08-04,San Francisco,075,870044,43559,41913,1662,43575,562
2021-08-04,San Joaquin,077,732212,79423,77846,3978,81824,1466
2021-08-04,San Luis Obispo,079,281455,22865,22245,833,23078,262
2021-08-04,San Mateo,081,765935,46297,45392,642,46034,548
2021-08-04,Santa Barbara,083,443738,36597,36013,1223,37236,470
2021-08-04,Santa Clara,085,1922200,126604,124127,871,124998,2183
2021-08-04,Santa Cruz,087,273765,17221,16820,834,17654,208
2021-08-04,Shasta,089,179085,13519,13134,1805,14939,211
2021-08-04,Sierra,091,2930,78,73,12,85,0
2021-08-04,Siskiyou,093,43540,2127,2010,462,2472,32
2021-08-04,Solano,095,438530,37325,36025,791,36816,262
2021-08-04,Sonoma,097,501317,34354,33311,399,33710,330
2021-08-04,Stanislaus,099,539301,60558,59396,6407,65803,1037
2021-08-04,Sutter,101,95872,10471,10294,108,10402,127
2021-08-04,Tehama,103,63373,5412,5281,626,5907,66
2021-08-04,Trinity,105,12862,526,362,118,480,3
2021-08-04,Tulare,107,460477,52013,50797,9801,60598,855
2021-08-04,Tuolumne,109,53932,4738,4584,49,4633,64
2021-08-04,Ventura,111,848112,85900,84406,3551,87957,1047
2021-08-04,Yolo,113,214977,15619,15189,474,15663,215
2021-08-04,Yuba,115,75493,6985,6827,157,6984,50
2021-08-03,Alameda,001,1643700,99593,97275,2190,99465,1270
2021-08-03,Alpine,002,1148,90,91,0,91,0
2021-08-03,Amador,005,37829,4064,3953,33,3986,48
2021-08-03,Butte,007,227075,13821,13468,2129,15597,205
2021-08-03,Calaveras,009,45235,2438,2356,15,2371,57
2021-08-03,Colusa,011,21464,2080,2023,360,2383,16
2021-08-03,Contra Costa,013,1133247,79838,77739,1541,79280,836
2021-08-03,Del Norte,015,27424,1832,1691,14,1705,8
2021-08-03,El Dorado,017,186661,11706,11255,939,12194,117
2021-08-03,Fresno,019,978130,107857,105732,9197,114929,1746
2021-08-03,Glenn,021,27897,2538,2481,599,3080,20
2021-08-03,Humboldt,023,135768,5561,5199,89,5288,52
2021-08-03,Imperial,025,180216,29553,29333,2719,32052,745
2021-08-03,Inyo,027,18085,1476,1459,13,1472,38
2021-08-03,Kern,029,883053,101343,99708,12252,111960,1358
2021-08-03,Kings,031,150075,24294,23780,1195,24975,249
2021-08-03,Lake,033,64148,4616,4408,16,4424,66
2021-08-03,Lassen,035,31185,5410,5341,125,5466,21
2021-08-03,Los Angeles,037,10098052,1283361,1262678,45465,1308143,24721
2021-08-03,Madera,039,155013,17612,17220,1043,18263,245
2021-08-03,Marin,041,260295,15308,14906,293,15199,243
2021-08-03,Mariposa,043,17540,519,495,11,506,5
2021-08-03,Mendocino,045,87422,4746,4546,106,4652,49
2021-08-03,Merced,047,269075,32487,32197,1121,33318,476
2021-08-03,Modoc,049,8938,426,416,147,563,5
2021-08-03,Mono,051,14174,1320,1303,18,1321,3
2021-08-03,Monterey,053,433212,44248,43872,2009,45881,525
2021-08-03,Napa,055,140530,10695,10527,57,10584,82
2021-08-03,Nevada,057,99092,6020,5685,207,5892,73
2021-08-03,Orange,059,3164182,271472,266649,12287,278936,5146
2021-08-03,Placer,061,380077,26588,25624,2002,27626,305
2021-08-03,Plumas,063,18699,797,779,14,793,5
2021-08-03,Riverside,065,2383286,310258,303499,14603,318102,4562
2021-08-03,Sacramento,067,1510023,120569,117591,2276,119867,1732
2021-08-03,San Benito,069,59416,6336,6284,115,6399,63
2021-08-03,San Bernardino,071,2135413,307809,303386,9428,312814,5265
2021-08-03,San Diego,073,3302833,305059,300189,17534,317723,3803
2021-08-03,San Francisco,075,870044,43276,41758,1642,43400,562
2021-08-03,San Joaquin,077,732212,79072,77615,3957,81572,1461
2021-08-03,San Luis Obispo,079,281455,22725,22166,826,22992,264
2021-08-03,San Mateo,081,765935,46105,45255,637,45892,548
2021-08-03,Santa Barbara,083,443738,36478,35912,1217,37129,469
2021-08-03,Santa Clara,085,1922200,126183,123914,865,124779,2183
2021-08-03,Santa Cruz,087,273765,17155,16778,831,17609,207
2021-08-03,Shasta,089,179085,13444,13091,1794,14885,211
2021-08-03,Sierra,091,2930,78,72,12,84,0
2021-08-03,Siskiyou,093,43540,2116,1998,457,2455,32
2021-08-03,Solano,095,438530,37106,35953,779,36732,261
2021-08-03,Sonoma,097,501317,34173,33243,398,33641,330
2021-08-03,Stanislaus,099,539301,60336,59282,6388,65670,1037
2021-08-03,Sutter,101,95872,10431,10263,107,10370,127
2021-08-03,Tehama,103,63373,5385,5269,621,5890,66
2021-08-03,Trinity,105,12862,523,361,115,476,3
2021-08-03,Tulare,107,460477,51918,50729,9755,60484,854
2021-08-03,Tuolumne,109,53932,4703,4563,49,4612,64
2021-08-03,Ventura,111,848112,85656,84270,3530,87800,1046
2021-08-03,Yolo,113,214977,15527,15149,459,15608,215
2021-08-03,Yuba,115,75493,6948,6781,155,6936,50
2021-08-02,Alameda,001,1643700,99036,96954,2186,99140,1270
2021-08-02,Alpine,002,1148,90,91,0,91,0
2021-08-02,Amador,005,37829,4044,3927,33,3960,48
2021-08-02,Butte,007,227075,13741,13442,2110,15552,205
2021-08-02,Calaveras,009,45235,2413,2347,15,2362,57
2021-08-02,Colusa,011,21464,2068,2019,357,2376,16
2021-08-02,Contra Costa,013,1133247,79328,77516,1527,79043,836
2021-08-02,Del Norte,015,27424,1802,1653,14,1667,8
2021-08-02,El Dorado,017,186661,11603,11226,925,12151,116
2021-08-02,Fresno,019,978130,107512,105471,9160,114631,1744
2021-08-02,Glenn,021,27897,2530,2477,596,3073,20
2021-08-02,Humboldt,023,135768,5478,5161,87,5248,52
2021-08-02,Imperial,025,180216,29520,29302,2716,32018,743
2021-08-02,Inyo,027,18085,1470,1455,13,1468,38
2021-08-02,Kern,029,883053,101088,99556,12161,111717,1357
2021-08-02,Kings,031,150075,24224,23722,1189,24911,249
2021-08-02,Lake,033,64148,4573,4375,16,4391,66
2021-08-02,Lassen,035,31185,5387,5338,123,5461,21
2021-08-02,Los Angeles,037,10098052,1279637,1260807,45261,1306068,24705
2021-08-02,Madera,039,155013,17568,17158,1030,18188,245
2021-08-02,Marin,041,260295,15265,14859,292,15151,239
2021-08-02,Mariposa,043,17540,510,490,11,501,5
2021-08-02,Mendocino,045,87422,4706,4512,103,4615,49
2021-08-02,Merced,047,269075,32389,32163,1114,33277,474
2021-08-02,Modoc,049,8938,426,415,147,562,5
2021-08-02,Mono,051,14174,1313,1296,18,1314,3
2021-08-02,Monterey,053,433212,44188,43842,2001,45843,525
2021-08-02,Napa,055,140530,10652,10490,54,10544,82
2021-08-02,Nevada,057,99092,5949,5611,206,5817,73
2021-08-02,Orange,059,3164182,270557,266050,12242,278292,5146
2021-08-02,Placer,061,380077,26441,25516,1968,27484,306
2021-08-02,Plumas,063,18699,790,762,14,776,5
2021-08-02,Riverside,065,2383286,309320,302756,14588,317344,4562
2021-08-02,Sacramento,067,1510023,119871,117183,2257,119440,1728
2021-08-02,San Benito,069,59416,6317,6276,114,6390,63
2021-08-02,San Bernardino,071,2135413,306934,303000,9395,312395,5253
2021-08-02,San Diego,073,3302833,303575,299021,17454,316475,3798
2021-08-02,San Francisco,075,870044,42990,41553,1619,43172,562
2021-08-02,San Joaquin,077,732212,78729,77447,3932,81379,1461
2021-08-02,San Luis Obispo,079,281455,22631,22093,819,22912,261
2021-08-02,San Mateo,081,765935,45928,45154,625,45779,548
2021-08-02,Santa Barbara,083,443738,36341,35851,1211,37062,469
2021-08-02,Santa Clara,085,1922200,125711,123655,857,124512,2183
2021-08-02,Santa Cruz,087,273765,17097,16746,827,17573,207
2021-08-02,Shasta,089,179085,13382,13049,1780,14829,212
2021-08-02,Sierra,091,2930,78,71,12,83,0
2021-08-02,Siskiyou,093,43540,2105,1992,443,2435,31
2021-08-02,Solano,095,438530,36859,35852,766,36618,260
2021-08-02,Sonoma,097,501317,33947,33132,393,33525,330
2021-08-02,Stanislaus,099,539301,60117,59160,6361,65521,1037
2021-08-02,Sutter,101,95872,10385,10220,107,10327,127
2021-08-02,Tehama,103,63373,5362,5260,617,5877,66
2021-08-02,Trinity,105,12862,518,359,114,473,3
2021-08-02,Tulare,107,460477,51817,50640,9683,60323,854
2021-08-02,Tuolumne,109,53932,4636,4524,49,4573,64
2021-08-02,Ventura,111,848112,85471,84143,3507,87650,1044
2021-08-02,Yolo,113,214977,15429,15072,442,15514,215
2021-08-02,Yuba,115,75493,6906,6743,152,6895,50
2021-08-01,Alameda,001,1643700,98505,96775,2180,98955,1270
2021-08-01,Alpine,002,1148,90,91,0,91,0
2021-08-01,Amador,005,37829,4006,3923,33,3956,48
2021-08-01,Butte,007,227075,13662,13406,2092,15498,205
2021-08-01,Calaveras,009,45235,2389,2341,15,2356,57
2021-08-01,Colusa,011,21464,2057,2014,355,2369,16
2021-08-01,Contra Costa,013,1133247,78892,77360,1520,78880,836
2021-08-01,Del Norte,015,27424,1770,1642,14,1656,8
2021-08-01,El Dorado,017,186661,11502,11189,914,12103,116
2021-08-01,Fresno,019,978130,107185,105339,9115,114454,1744
2021-08-01,Glenn,021,27897,2524,2476,593,3069,20
2021-08-01,Humboldt,023,135768,5401,5118,83,5201,52
2021-08-01,Imperial,025,180216,29485,29297,2712,32009,743
2021-08-01,Inyo,027,18085,1468,1454,13,1467,38
2021-08-01,Kern,029,883053,100810,99396,12086,111482,1357
2021-08-01,Kings,031,150075,24137,23700,1184,24884,249
2021-08-01,Lake,033,64148,4494,4356,16,4372,66
2021-08-01,Lassen,035,31185,5374,5336,121,5457,21
2021-08-01,Los Angeles,037,10098052,1275945,1258461,45039,1303500,24700
2021-08-01,Madera,039,155013,17512,17146,1025,18171,245
2021-08-01,Marin,041,260295,15188,14844,291,15135,239
2021-08-01,Mariposa,043,17540,503,482,11,493,5
2021-08-01,Mendocino,045,87422,4660,4476,99,4575,49
2021-08-01,Merced,047,269075,32298,32144,1108,33252,474
2021-08-01,Modoc,049,8938,424,413,147,560,5
2021-08-01,Mono,051,14174,1310,1294,18,1312,3
2021-08-01,Monterey,053,433212,44141,43808,1988,45796,525
2021-08-01,Napa,055,140530,10603,10473,52,10525,82
2021-08-01,Nevada,057,99092,5862,5561,205,5766,73
2021-08-01,Orange,059,3164182,269743,265467,12199,277666,5146
2021-08-01,Placer,061,380077,26224,25464,1938,27402,306
2021-08-01,Plumas,063,18699,784,761,14,775,5
2021-08-01,Riverside,065,2383286,308387,302256,14570,316826,4562
2021-08-01,Sacramento,067,1510023,119134,116923,2243,119166,1727
2021-08-01,San Benito,069,59416,6300,6271,114,6385,63
2021-08-01,San Bernardino,071,2135413,306000,302542,9384,311926,5248
2021-08-01,San Diego,073,3302833,302389,298002,17389,315391,3798
2021-08-01,San Francisco,075,870044,42653,41432,1606,43038,562
2021-08-01,San Joaquin,077,732212,78362,77338,3907,81245,1461
2021-08-01,San Luis Obispo,079,281455,22529,22083,814,22897,261
2021-08-01,San Mateo,081,765935,45745,45036,618,45654,548
2021-08-01,Santa Barbara,083,443738,36217,35809,1207,37016,469
2021-08-01,Santa Clara,085,1922200,125299,123511,849,124360,2183
2021-08-01,Santa Cruz,087,273765,17019,16709,820,17529,207
2021-08-01,Shasta,089,179085,13311,13036,1771,14807,212
2021-08-01,Sierra,091,2930,76,71,12,83,0
2021-08-01,Siskiyou,093,43540,2099,1989,437,2426,31
2021-08-01,Solano,095,438530,36624,35800,757,36557,260
2021-08-01,Sonoma,097,501317,33755,33076,390,33466,330
2021-08-01,Stanislaus,099,539301,59880,59078,6329,65407,1037
2021-08-01,Sutter,101,95872,10330,10198,104,10302,127
2021-08-01,Tehama,103,63373,5345,5252,613,5865,66
2021-08-01,Trinity,105,12862,515,359,113,472,3
2021-08-01,Tulare,107,460477,51660,50600,9622,60222,854
2021-08-01,Tuolumne,109,53932,4598,4489,49,4538,64
2021-08-01,Ventura,111,848112,85241,84040,3492,87532,1044
2021-08-01,Yolo,113,214977,15359,15042,432,15474,215
2021-08-01,Yuba,115,75493,6869,6721,151,6872,50
2021-07-31,Alameda,001,1643700,98173,95279,2175,97454,1265
2021-07-31,Alpine,002,1148,90,89,0,89,0
2021-07-31,Amador,005,37829,3986,3877,33,3910,48
2021-07-31,Butte,007,227075,13628,13235,2071,15306,205
2021-07-31,Calaveras,009,45235,2380,2294,15,2309,57
2021-07-31,Colusa,011,21464,2051,2006,353,2359,16
2021-07-31,Contra Costa,013,1133247,78613,75866,1518,77384,832
2021-07-31,Del Norte,015,27424,1744,1576,14,1590,8
2021-07-31,El Dorado,017,186661,11449,11017,908,11925,116
2021-07-31,Fresno,019,978130,107026,104639,9102,113741,1744
2021-07-31,Glenn,021,27897,2519,2465,588,3053,20
2021-07-31,Humboldt,023,135768,5346,4978,82,5060,52
2021-07-31,Imperial,025,180216,29468,29164,2709,31873,743
2021-07-31,Inyo,027,18085,1465,1442,13,1455,38
2021-07-31,Kern,029,883053,100645,98903,12027,110930,1357
2021-07-31,Kings,031,150075,24084,23548,1179,24727,248
2021-07-31,Lake,033,64148,4469,4238,16,4254,66
2021-07-31,Lassen,035,31185,5367,5320,121,5441,21
2021-07-31,Los Angeles,037,10098052,1273738,1248545,44899,1293444,24691
2021-07-31,Madera,039,155013,17479,17058,1019,18077,245
2021-07-31,Marin,041,260295,15144,14701,290,14991,239
2021-07-31,Mariposa,043,17540,494,470,11,481,5
2021-07-31,Mendocino,045,87422,4635,4400,96,4496,49
2021-07-31,Merced,047,269075,32250,31959,1103,33062,474
2021-07-31,Modoc,049,8938,424,413,147,560,5
2021-07-31,Mono,051,14174,1308,1287,18,1305,3
2021-07-31,Monterey,053,433212,44101,43720,1978,45698,525
2021-07-31,Napa,055,140530,10584,10401,51,10452,82
2021-07-31,Nevada,057,99092,5824,5373,204,5577,72
2021-07-31,Orange,059,3164182,269169,263446,12181,275627,5144
2021-07-31,Placer,061,380077,26092,25104,1931,27035,306
2021-07-31,Plumas,063,18699,781,743,14,757,5
2021-07-31,Riverside,065,2383286,307770,300315,14561,314876,4554
2021-07-31,Sacramento,067,1510023,118722,115259,2235,117494,1720
2021-07-31,San Benito,069,59416,6289,6251,114,6365,63
2021-07-31,San Bernardino,071,2135413,305426,300726,9381,310107,5240
2021-07-31,San Diego,073,3302833,301716,295054,17343,312397,3798
2021-07-31,San Francisco,075,870044,42425,40412,1586,41998,562
2021-07-31,San Joaquin,077,732212,78197,76575,3894,80469,1443
2021-07-31,San Luis Obispo,079,281455,22476,21922,812,22734,260
2021-07-31,San Mateo,081,765935,45588,44622,613,45235,548
2021-07-31,Santa Barbara,083,443738,36136,35531,1206,36737,467
2021-07-31,Santa Clara,085,1922200,125044,122614,847,123461,2099
2021-07-31,Santa Cruz,087,273765,16980,16576,819,17395,207
2021-07-31,Shasta,089,179085,13274,12918,1763,14681,212
2021-07-31,Sierra,091,2930,76,68,12,80,0
2021-07-31,Siskiyou,093,43540,2090,1976,431,2407,31
2021-07-31,Solano,095,438530,36521,35340,750,36090,263
2021-07-31,Sonoma,097,501317,33629,32601,390,32991,329
2021-07-31,Stanislaus,099,539301,59721,58586,6307,64893,1035
2021-07-31,Sutter,101,95872,10296,10068,103,10171,127
2021-07-31,Tehama,103,63373,5330,5216,610,5826,66
2021-07-31,Trinity,105,12862,514,354,112,466,3
2021-07-31,Tulare,107,460477,51570,50409,9569,59978,854
2021-07-31,Tuolumne,109,53932,4559,4362,49,4411,64
2021-07-31,Ventura,111,848112,85080,83509,3476,86985,1044
2021-07-31,Yolo,113,214977,15311,14863,421,15284,215
2021-07-31,Yuba,115,75493,6846,6615,147,6762,50
2021-07-30,Alameda,001,1643700,97847,95279,2171,97450,1265
2021-07-30,Alpine,002,1148,90,89,0,89,0
2021-07-30,Amador,005,37829,3963,3877,33,3910,48
2021-07-30,Butte,007,227075,13573,13235,2058,15293,205
2021-07-30,Calaveras,009,45235,2370,2294,15,2309,57
2021-07-30,Colusa,011,21464,2047,2006,351,2357,16
2021-07-30,Contra Costa,013,1133247,78367,75866,1514,77380,832
2021-07-30,Del Norte,015,27424,1726,1576,14,1590,8
2021-07-30,El Dorado,017,186661,11416,11017,902,11919,116
2021-07-30,Fresno,019,978130,106832,104639,9090,113729,1744
2021-07-30,Glenn,021,27897,2514,2465,587,3052,20
2021-07-30,Humboldt,023,135768,5283,4978,79,5057,52
2021-07-30,Imperial,025,180216,29454,29164,2706,31870,743
2021-07-30,Inyo,027,18085,1464,1442,13,1455,38
2021-07-30,Kern,029,883053,100521,98903,11980,110883,1357
2021-07-30,Kings,031,150075,24044,23548,1175,24723,248
2021-07-30,Lake,033,64148,4441,4238,16,4254,66
2021-07-30,Lassen,035,31185,5363,5320,121,5441,21
2021-07-30,Los Angeles,037,10098052,1271404,1248545,44753,1293298,24691
2021-07-30,Madera,039,155013,17437,17058,1016,18074,245
2021-07-30,Marin,041,260295,15110,14701,290,14991,239
2021-07-30,Mariposa,043,17540,490,470,11,481,5
2021-07-30,Mendocino,045,87422,4605,4400,95,4495,49
2021-07-30,Merced,047,269075,32209,31959,1099,33058,474
2021-07-30,Modoc,049,8938,422,413,147,560,5
2021-07-30,Mono,051,14174,1303,1287,18,1305,3
2021-07-30,Monterey,053,433212,44067,43720,1969,45689,525
2021-07-30,Napa,055,140530,10562,10401,50,10451,82
2021-07-30,Nevada,057,99092,5768,5373,204,5577,72
2021-07-30,Orange,059,3164182,268544,263446,12155,275601,5144
2021-07-30,Placer,061,380077,26002,25104,1913,27017,306
2021-07-30,Plumas,063,18699,776,743,14,757,5
2021-07-30,Riverside,065,2383286,307133,300315,14550,314865,4554
2021-07-30,Sacramento,067,1510023,118270,115259,2229,117488,1720
2021-07-30,San Benito,069,59416,6282,6251,114,6365,63
2021-07-30,San Bernardino,071,2135413,304912,300726,9374,310100,5240
2021-07-30,San Diego,073,3302833,300939,295054,17286,312340,3798
2021-07-30,San Francisco,075,870044,42212,40412,1572,41984,562
2021-07-30,San Joaquin,077,732212,78043,76575,3889,80464,1443
2021-07-30,San Luis Obispo,079,281455,22438,21922,808,22730,260
2021-07-30,San Mateo,081,765935,45463,44622,600,45222,548
2021-07-30,Santa Barbara,083,443738,36067,35531,1200,36731,467
2021-07-30,Santa Clara,085,1922200,124821,122614,845,123459,2099
2021-07-30,Santa Cruz,087,273765,16954,16576,817,17393,207
2021-07-30,Shasta,089,179085,13229,12918,1763,14681,212
2021-07-30,Sierra,091,2930,75,68,12,80,0
2021-07-30,Siskiyou,093,43540,2081,1976,430,2406,31
2021-07-30,Solano,095,438530,36429,35340,734,36074,263
2021-07-30,Sonoma,097,501317,33534,32601,390,32991,329
2021-07-30,Stanislaus,099,539301,59578,58586,6287,64873,1035
2021-07-30,Sutter,101,95872,10261,10068,103,10171,127
2021-07-30,Tehama,103,63373,5320,5216,610,5826,66
2021-07-30,Trinity,105,12862,514,354,112,466,3
2021-07-30,Tulare,107,460477,51527,50409,9534,59943,854
2021-07-30,Tuolumne,109,53932,4541,4362,49,4411,64
2021-07-30,Ventura,111,848112,84916,83509,3461,86970,1044
2021-07-30,Yolo,113,214977,15251,14863,417,15280,215
2021-07-30,Yuba,115,75493,6810,6615,146,6761,50
2021-07-29,Alameda,001,1643700,97435,95279,2165,97444,1265
2021-07-29,Alpine,002,1148,90,89,0,89,0
2021-07-29,Amador,005,37829,3944,3877,33,3910,48
2021-07-29,Butte,007,227075,13524,13235,2050,15285,205
2021-07-29,Calaveras,009,45235,2355,2294,15,2309,57
2021-07-29,Colusa,011,21464,2040,2006,351,2357,16
2021-07-29,Contra Costa,013,1133247,77927,75866,1512,77378,832
2021-07-29,Del Norte,015,27424,1702,1576,14,1590,8
2021-07-29,El Dorado,017,186661,11352,11017,890,11907,116
2021-07-29,Fresno,019,978130,106568,104639,9064,113703,1744
2021-07-29,Glenn,021,27897,2504,2465,586,3051,20
2021-07-29,Humboldt,023,135768,5223,4978,77,5055,52
2021-07-29,Imperial,025,180216,29409,29164,2704,31868,743
2021-07-29,Inyo,027,18085,1460,1442,13,1455,38
2021-07-29,Kern,029,883053,100314,98903,11903,110806,1357
2021-07-29,Kings,031,150075,23998,23548,1171,24719,248
2021-07-29,Lake,033,64148,4406,4238,16,4254,66
2021-07-29,Lassen,035,31185,5355,5320,118,5438,21
2021-07-29,Los Angeles,037,10098052,1268299,1248545,44577,1293122,24691
2021-07-29,Madera,039,155013,17390,17058,1012,18070,245
2021-07-29,Marin,041,260295,15066,14701,290,14991,239
2021-07-29,Mariposa,043,17540,486,470,11,481,5
2021-07-29,Mendocino,045,87422,4582,4400,93,4493,49
2021-07-29,Merced,047,269075,32154,31959,1099,33058,474
2021-07-29,Modoc,049,8938,422,413,147,560,5
2021-07-29,Mono,051,14174,1301,1287,18,1305,3
2021-07-29,Monterey,053,433212,44018,43720,1959,45679,525
2021-07-29,Napa,055,140530,10530,10401,48,10449,82
2021-07-29,Nevada,057,99092,5716,5373,203,5576,72
2021-07-29,Orange,059,3164182,267832,263446,12123,275569,5144
2021-07-29,Placer,061,380077,25879,25104,1898,27002,306
2021-07-29,Plumas,063,18699,768,743,14,757,5
2021-07-29,Riverside,065,2383286,306428,300315,14526,314841,4554
2021-07-29,Sacramento,067,1510023,117715,115259,2216,117475,1720
2021-07-29,San Benito,069,59416,6271,6251,114,6365,63
2021-07-29,San Bernardino,071,2135413,304275,300726,9365,310091,5240
2021-07-29,San Diego,073,3302833,299878,295054,17218,312272,3798
2021-07-29,San Francisco,075,870044,41961,40412,1551,41963,562
2021-07-29,San Joaquin,077,732212,77788,76575,3881,80456,1443
2021-07-29,San Luis Obispo,079,281455,22383,21922,806,22728,260
2021-07-29,San Mateo,081,765935,45336,44622,590,45212,548
2021-07-29,Santa Barbara,083,443738,35981,35531,1199,36730,467
2021-07-29,Santa Clara,085,1922200,124525,122614,842,123456,2099
2021-07-29,Santa Cruz,087,273765,16901,16576,815,17391,207
2021-07-29,Shasta,089,179085,13175,12918,1754,14672,212
2021-07-29,Sierra,091,2930,75,68,12,80,0
2021-07-29,Siskiyou,093,43540,2076,1976,428,2404,31
2021-07-29,Solano,095,438530,36269,35340,724,36064,263
2021-07-29,Sonoma,097,501317,33360,32601,388,32989,329
2021-07-29,Stanislaus,099,539301,59406,58586,6272,64858,1035
2021-07-29,Sutter,101,95872,10215,10068,102,10170,127
2021-07-29,Tehama,103,63373,5307,5216,604,5820,66
2021-07-29,Trinity,105,12862,512,354,111,465,3
2021-07-29,Tulare,107,460477,51437,50409,9494,59903,854
2021-07-29,Tuolumne,109,53932,4501,4362,48,4410,64
2021-07-29,Ventura,111,848112,84750,83509,3454,86963,1044
2021-07-29,Yolo,113,214977,15184,14863,403,15266,215
2021-07-29,Yuba,115,75493,6761,6615,143,6758,50
2021-07-28,Alameda,001,1643700,96975,94965,2158,97123,1262
2021-07-28,Alpine,002,1148,90,89,0,89,0
2021-07-28,Amador,005,37829,3930,3870,33,3903,48
2021-07-28,Butte,007,227075,13467,13184,2037,15221,205
2021-07-28,Calaveras,009,45235,2334,2289,15,2304,57
2021-07-28,Colusa,011,21464,2037,2001,350,2351,16
2021-07-28,Contra Costa,013,1133247,77438,75487,1504,76991,832
2021-07-28,Del Norte,015,27424,1669,1545,14,1559,8
2021-07-28,El Dorado,017,186661,11302,10967,881,11848,116
2021-07-28,Fresno,019,978130,106315,104458,9044,113502,1744
2021-07-28,Glenn,021,27897,2501,2464,583,3047,20
2021-07-28,Humboldt,023,135768,5172,4946,76,5022,52
2021-07-28,Imperial,025,180216,29362,29096,2704,31800,743
2021-07-28,Inyo,027,18085,1454,1439,12,1451,38
2021-07-28,Kern,029,883053,100158,98781,11857,110638,1352
2021-07-28,Kings,031,150075,23934,23503,1161,24664,248
2021-07-28,Lake,033,64148,4360,4191,15,4206,65
2021-07-28,Lassen,035,31185,5347,5318,118,5436,21
2021-07-28,Los Angeles,037,10098052,1265122,1245485,44394,1289879,24673
2021-07-28,Madera,039,155013,17349,17024,1006,18030,245
2021-07-28,Marin,041,260295,15012,14652,290,14942,239
2021-07-28,Mariposa,043,17540,479,469,11,480,5
2021-07-28,Mendocino,045,87422,4554,4377,93,4470,49
2021-07-28,Merced,047,269075,32098,31886,1095,32981,474
2021-07-28,Modoc,049,8938,420,413,147,560,5
2021-07-28,Mono,051,14174,1300,1286,18,1304,3
2021-07-28,Monterey,053,433212,43971,43668,1950,45618,524
2021-07-28,Napa,055,140530,10490,10376,46,10422,82
2021-07-28,Nevada,057,99092,5663,5320,203,5523,72
2021-07-28,Orange,059,3164182,267040,262735,12094,274829,5143
2021-07-28,Placer,061,380077,25732,24978,1883,26861,306
2021-07-28,Plumas,063,18699,763,754,14,768,5
2021-07-28,Riverside,065,2383286,305661,299611,14507,314118,4554
2021-07-28,Sacramento,067,1510023,117061,114665,2197,116862,1714
2021-07-28,San Benito,069,59416,6260,6236,114,6350,63
2021-07-28,San Bernardino,071,2135413,303653,300121,9353,309474,5236
2021-07-28,San Diego,073,3302833,298602,294176,17145,311321,3798
2021-07-28,San Francisco,075,870044,41657,40144,1525,41669,561
2021-07-28,San Joaquin,077,732212,77537,76312,3851,80163,1443
2021-07-28,San Luis Obispo,079,281455,22324,21865,805,22670,260
2021-07-28,San Mateo,081,765935,45185,44477,581,45058,547
2021-07-28,Santa Barbara,083,443738,35906,35431,1194,36625,467
2021-07-28,Santa Clara,085,1922200,124263,122345,840,123185,2099
2021-07-28,Santa Cruz,087,273765,16863,16551,814,17365,207
2021-07-28,Shasta,089,179085,13130,12882,1744,14626,212
2021-07-28,Sierra,091,2930,71,67,12,79,0
2021-07-28,Siskiyou,093,43540,2067,1971,425,2396,31
2021-07-28,Solano,095,438530,36095,35204,717,35921,262
2021-07-28,Sonoma,097,501317,33216,32434,385,32819,328
2021-07-28,Stanislaus,099,539301,59209,58427,6256,64683,1035
2021-07-28,Sutter,101,95872,10183,10033,101,10134,126
2021-07-28,Tehama,103,63373,5295,5209,601,5810,66
2021-07-28,Trinity,105,12862,511,352,111,463,3
2021-07-28,Tulare,107,460477,51349,50363,9447,59810,854
2021-07-28,Tuolumne,109,53932,4462,4313,48,4361,64
2021-07-28,Ventura,111,848112,84554,83360,3438,86798,1043
2021-07-28,Yolo,113,214977,15112,14801,394,15195,215
2021-07-28,Yuba,115,75493,6728,6591,142,6733,51
2021-07-27,Alameda,001,1643700,96574,94682,2150,96832,1256
2021-07-27,Alpine,002,1148,90,89,0,89,0
2021-07-27,Amador,005,37829,3914,3861,33,3894,48
2021-07-27,Butte,007,227075,13420,13127,2025,15152,205
2021-07-27,Calaveras,009,45235,2323,2280,15,2295,57
2021-07-27,Colusa,011,21464,2028,1999,349,2348,16
2021-07-27,Contra Costa,013,1133247,76953,75227,1500,76727,830
2021-07-27,Del Norte,015,27424,1649,1538,14,1552,8
2021-07-27,El Dorado,017,186661,11242,10941,871,11812,116
2021-07-27,Fresno,019,978130,106023,104288,9021,113309,1746
2021-07-27,Glenn,021,27897,2493,2460,581,3041,20
2021-07-27,Humboldt,023,135768,5118,4925,75,5000,52
2021-07-27,Imperial,025,180216,29317,29048,2703,31751,743
2021-07-27,Inyo,027,18085,1452,1430,12,1442,38
2021-07-27,Kern,029,883053,99988,98724,11801,110525,1352
2021-07-27,Kings,031,150075,23877,23463,1151,24614,248
2021-07-27,Lake,033,64148,4321,4157,15,4172,65
2021-07-27,Lassen,035,31185,5341,5315,118,5433,21
2021-07-27,Los Angeles,037,10098052,1261652,1243336,44191,1287527,24658
2021-07-27,Madera,039,155013,17296,16998,1000,17998,245
2021-07-27,Marin,041,260295,14964,14631,287,14918,239
2021-07-27,Mariposa,043,17540,476,468,11,479,5
2021-07-27,Mendocino,045,87422,4531,4371,93,4464,49
2021-07-27,Merced,047,269075,32031,31825,1092,32917,473
2021-07-27,Modoc,049,8938,419,413,147,560,5
2021-07-27,Mono,051,14174,1296,1288,18,1306,3
2021-07-27,Monterey,053,433212,43931,43646,1939,45585,523
2021-07-27,Napa,055,140530,10460,10354,46,10400,82
2021-07-27,Nevada,057,99092,5586,5305,201,5506,72
2021-07-27,Orange,059,3164182,266300,262193,12068,274261,5143
2021-07-27,Placer,061,380077,25573,24916,1857,26773,306
2021-07-27,Plumas,063,18699,760,752,14,766,5
2021-07-27,Riverside,065,2383286,304932,299160,14488,313648,4554
2021-07-27,Sacramento,067,1510023,116458,114413,2188,116601,1710
2021-07-27,San Benito,069,59416,6251,6229,114,6343,63
2021-07-27,San Bernardino,071,2135413,302970,299593,9331,308924,5236
2021-07-27,San Diego,073,3302833,297512,293408,17066,310474,3798
2021-07-27,San Francisco,075,870044,41301,39939,1507,41446,561
2021-07-27,San Joaquin,077,732212,77275,76166,3832,79998,1442
2021-07-27,San Luis Obispo,079,281455,22269,21803,796,22599,260
2021-07-27,San Mateo,081,765935,45034,44378,578,44956,547
2021-07-27,Santa Barbara,083,443738,35811,35355,1192,36547,467
2021-07-27,Santa Clara,085,1922200,123969,122154,838,122992,2099
2021-07-27,Santa Cruz,087,273765,16817,16523,813,17336,207
2021-07-27,Shasta,089,179085,13080,12846,1731,14577,212
2021-07-27,Sierra,091,2930,71,65,12,77,0
2021-07-27,Siskiyou,093,43540,2062,1964,422,2386,31
2021-07-27,Solano,095,438530,35962,35093,707,35800,261
2021-07-27,Sonoma,097,501317,33072,32367,383,32750,328
2021-07-27,Stanislaus,099,539301,59041,58333,6228,64561,1033
2021-07-27,Sutter,101,95872,10142,9998,101,10099,115
2021-07-27,Tehama,103,63373,5273,5192,599,5791,66
2021-07-27,Trinity,105,12862,510,351,111,462,3
2021-07-27,Tulare,107,460477,51283,50324,9416,59740,854
2021-07-27,Tuolumne,109,53932,4410,4282,48,4330,64
2021-07-27,Ventura,111,848112,84346,83189,3426,86615,1043
2021-07-27,Yolo,113,214977,15039,14759,388,15147,215
2021-07-27,Yuba,115,75493,6706,6564,140,6704,51
2021-07-26,Alameda,001,1643700,96129,94436,2146,96582,1259
2021-07-26,Alpine,002,1148,90,89,0,89,0
2021-07-26,Amador,005,37829,3904,3854,33,3887,48
2021-07-26,Butte,007,227075,13365,13082,2009,15091,203
2021-07-26,Calaveras,009,45235,2317,2276,15,2291,57
2021-07-26,Colusa,011,21464,2021,1996,347,2343,16
2021-07-26,Contra Costa,013,1133247,76457,74854,1493,76347,830
2021-07-26,Del Norte,015,27424,1628,1530,14,1544,8
2021-07-26,El Dorado,017,186661,11178,10899,868,11767,116
2021-07-26,Fresno,019,978130,105818,104143,8998,113141,1742
2021-07-26,Glenn,021,27897,2491,2461,580,3041,20
2021-07-26,Humboldt,023,135768,5079,4906,73,4979,52
2021-07-26,Imperial,025,180216,29277,29034,2703,31737,743
2021-07-26,Inyo,027,18085,1447,1429,12,1441,38
2021-07-26,Kern,029,883053,99822,98633,11736,110369,1351
2021-07-26,Kings,031,150075,23828,23426,1147,24573,247
2021-07-26,Lake,033,64148,4300,4133,15,4148,65
2021-07-26,Lassen,035,31185,5337,5314,118,5432,21
2021-07-26,Los Angeles,037,10098052,1258304,1241527,44021,1285548,24647
2021-07-26,Madera,039,155013,17268,16971,993,17964,245
2021-07-26,Marin,041,260295,14907,14579,286,14865,239
2021-07-26,Mariposa,043,17540,475,467,11,478,5
2021-07-26,Mendocino,045,87422,4510,4354,93,4447,49
2021-07-26,Merced,047,269075,31940,31774,1088,32862,473
2021-07-26,Modoc,049,8938,419,413,147,560,5
2021-07-26,Mono,051,14174,1295,1286,18,1304,3
2021-07-26,Monterey,053,433212,43888,43595,1927,45522,521
2021-07-26,Napa,055,140530,10437,10332,46,10378,82
2021-07-26,Nevada,057,99092,5500,5280,201,5481,72
2021-07-26,Orange,059,3164182,265661,261803,12048,273851,5142
2021-07-26,Placer,061,380077,25436,24842,1836,26678,304
2021-07-26,Plumas,063,18699,756,750,14,764,5
2021-07-26,Riverside,065,2383286,304239,298626,14474,313100,4553
2021-07-26,Sacramento,067,1510023,115859,113986,2172,116158,1705
2021-07-26,San Benito,069,59416,6245,6222,114,6336,63
2021-07-26,San Bernardino,071,2135413,302355,299238,9318,308556,5237
2021-07-26,San Diego,073,3302833,296401,292688,16984,309672,3793
2021-07-26,San Francisco,075,870044,40939,39800,1481,41281,561
2021-07-26,San Joaquin,077,732212,77040,76033,3828,79861,1440
2021-07-26,San Luis Obispo,079,281455,22220,21752,793,22545,260
2021-07-26,San Mateo,081,765935,44886,44297,570,44867,547
2021-07-26,Santa Barbara,083,443738,35738,35311,1180,36491,467
2021-07-26,Santa Clara,085,1922200,123660,121978,829,122807,2099
2021-07-26,Santa Cruz,087,273765,16777,16493,810,17303,207
2021-07-26,Shasta,089,179085,13031,12819,1720,14539,211
2021-07-26,Sierra,091,2930,70,65,12,77,0
2021-07-26,Siskiyou,093,43540,2059,1962,420,2382,31
2021-07-26,Solano,095,438530,35807,34990,700,35690,259
2021-07-26,Sonoma,097,501317,32936,32283,381,32664,328
2021-07-26,Stanislaus,099,539301,58896,58219,6209,64428,1033
2021-07-26,Sutter,101,95872,10102,9963,98,10061,115
2021-07-26,Tehama,103,63373,5263,5183,595,5778,66
2021-07-26,Trinity,105,12862,510,351,110,461,3
2021-07-26,Tulare,107,460477,51217,50265,9387,59652,854
2021-07-26,Tuolumne,109,53932,4380,4271,47,4318,64
2021-07-26,Ventura,111,848112,84173,83072,3411,86483,1041
2021-07-26,Yolo,113,214977,14978,14727,376,15103,215
2021-07-26,Yuba,115,75493,6672,6538,138,6676,51
2021-07-25,Alameda,001,1643700,95641,94146,2141,96287,1259
2021-07-25,Alpine,002,1148,88,89,0,89,0
2021-07-25,Amador,005,37829,3889,3848,33,3881,48
2021-07-25,Butte,007,227075,13326,13074,1997,15071,203
2021-07-25,Calaveras,009,45235,2306,2275,15,2290,57
2021-07-25,Colusa,011,21464,2012,1996,343,2339,16
2021-07-25,Contra Costa,013,1133247,75973,74634,1479,76113,830
2021-07-25,Del Norte,015,27424,1607,1526,14,1540,8
2021-07-25,El Dorado,017,186661,11121,10878,864,11742,116
2021-07-25,Fresno,019,978130,105576,104019,8982,113001,1742
2021-07-25,Glenn,021,27897,2482,2461,578,3039,20
2021-07-25,Humboldt,023,135768,5020,4892,72,4964,52
2021-07-25,Imperial,025,180216,29241,29037,2703,31740,743
2021-07-25,Inyo,027,18085,1442,1427,12,1439,38
2021-07-25,Kern,029,883053,99650,98503,11665,110168,1351
2021-07-25,Kings,031,150075,23774,23396,1143,24539,247
2021-07-25,Lake,033,64148,4247,4109,14,4123,65
2021-07-25,Lassen,035,31185,5332,5314,118,5432,21
2021-07-25,Los Angeles,037,10098052,1254883,1239596,43829,1283425,24643
2021-07-25,Madera,039,155013,17231,16947,986,17933,245
2021-07-25,Marin,041,260295,14858,14558,283,14841,239
2021-07-25,Mariposa,043,17540,472,465,11,476,5
2021-07-25,Mendocino,045,87422,4481,4335,91,4426,49
2021-07-25,Merced,047,269075,31867,31760,1086,32846,473
2021-07-25,Modoc,049,8938,419,413,147,560,5
2021-07-25,Mono,051,14174,1292,1286,18,1304,3
2021-07-25,Monterey,053,433212,43850,43590,1919,45509,521
2021-07-25,Napa,055,140530,10401,10316,45,10361,82
2021-07-25,Nevada,057,99092,5435,5256,198,5454,72
2021-07-25,Orange,059,3164182,264953,261351,12025,273376,5142
2021-07-25,Placer,061,380077,25314,24755,1815,26570,304
2021-07-25,Plumas,063,18699,754,750,14,764,5
2021-07-25,Riverside,065,2383286,303475,298181,14457,312638,4553
2021-07-25,Sacramento,067,1510023,115309,113611,2157,115768,1704
2021-07-25,San Benito,069,59416,6238,6217,114,6331,63
2021-07-25,San Bernardino,071,2135413,301696,298982,9311,308293,5237
2021-07-25,San Diego,073,3302833,295339,290626,16910,307536,3793
2021-07-25,San Francisco,075,870044,40589,39663,1456,41119,561
2021-07-25,San Joaquin,077,732212,76783,75926,3809,79735,1440
2021-07-25,San Luis Obispo,079,281455,22147,21741,790,22531,260
2021-07-25,San Mateo,081,765935,44724,44189,564,44753,547
2021-07-25,Santa Barbara,083,443738,35658,35261,1177,36438,467
2021-07-25,Santa Clara,085,1922200,123330,121800,824,122624,2099
2021-07-25,Santa Cruz,087,273765,16730,16474,809,17283,207
2021-07-25,Shasta,089,179085,12984,12815,1715,14530,211
2021-07-25,Sierra,091,2930,70,65,12,77,0
2021-07-25,Siskiyou,093,43540,2051,1963,417,2380,31
2021-07-25,Solano,095,438530,35614,34863,697,35560,259
2021-07-25,Sonoma,097,501317,32811,32202,378,32580,328
2021-07-25,Stanislaus,099,539301,58730,58154,6204,64358,1033
2021-07-25,Sutter,101,95872,10049,9937,96,10033,115
2021-07-25,Tehama,103,63373,5247,5181,594,5775,66
2021-07-25,Trinity,105,12862,508,351,108,459,3
2021-07-25,Tulare,107,460477,51143,50221,9349,59570,854
2021-07-25,Tuolumne,109,53932,4329,4267,47,4314,64
2021-07-25,Ventura,111,848112,83959,82986,3388,86374,1041
2021-07-25,Yolo,113,214977,14917,14693,362,15055,215
2021-07-25,Yuba,115,75493,6640,6519,138,6657,51
2021-07-24,Alameda,001,1643700,95360,93170,2137,95307,1259
2021-07-24,Alpine,002,1148,88,89,0,89,0
2021-07-24,Amador,005,37829,3880,3816,33,3849,48
2021-07-24,Butte,007,227075,13297,12982,1993,14975,203
2021-07-24,Calaveras,009,45235,2301,2267,15,2282,57
2021-07-24,Colusa,011,21464,2011,1992,341,2333,16
2021-07-24,Contra Costa,013,1133247,75745,73682,1476,75158,830
2021-07-24,Del Norte,015,27424,1596,1497,14,1511,8
2021-07-24,El Dorado,017,186661,11087,10773,861,11634,116
2021-07-24,Fresno,019,978130,105458,103637,8972,112609,1736
2021-07-24,Glenn,021,27897,2480,2457,578,3035,20
2021-07-24,Humboldt,023,135768,4985,4780,71,4851,52
2021-07-24,Imperial,025,180216,29221,28996,2703,31699,742
2021-07-24,Inyo,027,18085,1439,1424,12,1436,38
2021-07-24,Kern,029,883053,99572,98261,11643,109904,1350
2021-07-24,Kings,031,150075,23743,23304,1140,24444,246
2021-07-24,Lake,033,64148,4224,3963,14,3977,64
2021-07-24,Lassen,035,31185,5331,5311,118,5429,21
2021-07-24,Los Angeles,037,10098052,1253106,1232164,43702,1275866,24623
2021-07-24,Madera,039,155013,17207,16885,984,17869,245
2021-07-24,Marin,041,260295,14819,14454,283,14737,238
2021-07-24,Mariposa,043,17540,472,453,11,464,5
2021-07-24,Mendocino,045,87422,4456,4293,91,4384,49
2021-07-24,Merced,047,269075,31845,31661,1085,32746,473
2021-07-24,Modoc,049,8938,419,413,147,560,5
2021-07-24,Mono,051,14174,1290,1284,18,1302,3
2021-07-24,Monterey,053,433212,43825,43525,1912,45437,521
2021-07-24,Napa,055,140530,10385,10230,45,10275,81
2021-07-24,Nevada,057,99092,5403,5183,198,5381,72
2021-07-24,Orange,059,3164182,264487,259973,12013,271986,5141
2021-07-24,Placer,061,380077,25232,24530,1810,26340,303
2021-07-24,Plumas,063,18699,753,737,14,751,4
2021-07-24,Riverside,065,2383286,303007,296912,14447,311359,4552
2021-07-24,Sacramento,067,1510023,114994,112438,2153,114591,1698
2021-07-24,San Benito,069,59416,6234,6200,113,6313,63
2021-07-24,San Bernardino,071,2135413,301305,297899,9302,307201,5236
2021-07-24,San Diego,073,3302833,294873,289368,16882,306250,3788
2021-07-24,San Francisco,075,870044,40416,38954,1440,40394,561
2021-07-24,San Joaquin,077,732212,76655,75461,3798,79259,1436
2021-07-24,San Luis Obispo,079,281455,22116,21616,788,22404,260
2021-07-24,San Mateo,081,765935,44607,43880,558,44438,542
2021-07-24,Santa Barbara,083,443738,35599,35071,1173,36244,465
2021-07-24,Santa Clara,085,1922200,123118,121092,823,121915,2099
2021-07-24,Santa Cruz,087,273765,16707,16416,809,17225,207
2021-07-24,Shasta,089,179085,12956,12759,1712,14471,211
2021-07-24,Sierra,091,2930,69,64,12,76,0
2021-07-24,Siskiyou,093,43540,2051,1951,417,2368,31
2021-07-24,Solano,095,438530,35523,34499,688,35187,259
2021-07-24,Sonoma,097,501317,32686,31928,376,32304,327
2021-07-24,Stanislaus,099,539301,58638,57879,6194,64073,1030
2021-07-24,Sutter,101,95872,10022,9890,96,9986,115
2021-07-24,Tehama,103,63373,5240,5166,592,5758,65
2021-07-24,Trinity,105,12862,508,345,108,453,3
2021-07-24,Tulare,107,460477,51100,50104,9332,59436,854
2021-07-24,Tuolumne,109,53932,4303,4216,47,4263,64
2021-07-24,Ventura,111,848112,83832,82687,3372,86059,1041
2021-07-24,Yolo,113,214977,14879,14557,358,14915,214
2021-07-24,Yuba,115,75493,6621,6449,138,6587,51
2021-07-23,Alameda,001,1643700,95105,93170,2133,95303,1259
2021-07-23,Alpine,002,1148,88,89,0,89,0
2021-07-23,Amador,005,37829,3873,3816,33,3849,48
2021-07-23,Butte,007,227075,13268,12982,1984,14966,203
2021-07-23,Calaveras,009,45235,2291,2267,15,2282,57
2021-07-23,Colusa,011,21464,2010,1992,341,2333,16
2021-07-23,Contra Costa,013,1133247,75485,73682,1467,75149,830
2021-07-23,Del Norte,015,27424,1588,1497,14,1511,8
2021-07-23,El Dorado,017,186661,11058,10773,857,11630,116
2021-07-23,Fresno,019,978130,105326,103637,8960,112597,1736
2021-07-23,Glenn,021,27897,2478,2457,575,3032,20
2021-07-23,Humboldt,023,135768,4963,4780,68,4848,52
2021-07-23,Imperial,025,180216,29209,28996,2703,31699,742
2021-07-23,Inyo,027,18085,1436,1424,12,1436,38
2021-07-23,Kern,029,883053,99490,98261,11618,109879,1350
2021-07-23,Kings,031,150075,23712,23304,1137,24441,246
2021-07-23,Lake,033,64148,4195,3963,14,3977,64
2021-07-23,Lassen,035,31185,5329,5311,118,5429,21
2021-07-23,Los Angeles,037,10098052,1251163,1232164,43595,1275759,24623
2021-07-23,Madera,039,155013,17177,16885,979,17864,245
2021-07-23,Marin,041,260295,14782,14454,281,14735,238
2021-07-23,Mariposa,043,17540,469,453,11,464,5
2021-07-23,Mendocino,045,87422,4443,4293,91,4384,49
2021-07-23,Merced,047,269075,31820,31661,1085,32746,473
2021-07-23,Modoc,049,8938,419,413,147,560,5
2021-07-23,Mono,051,14174,1289,1284,18,1302,3
2021-07-23,Monterey,053,433212,43799,43525,1912,45437,521
2021-07-23,Napa,055,140530,10364,10230,45,10275,81
2021-07-23,Nevada,057,99092,5359,5183,198,5381,72
2021-07-23,Orange,059,3164182,264038,259973,11990,271963,5141
2021-07-23,Placer,061,380077,25152,24530,1794,26324,303
2021-07-23,Plumas,063,18699,751,737,14,751,4
2021-07-23,Riverside,065,2383286,302541,296912,14435,311347,4552
2021-07-23,Sacramento,067,1510023,114639,112438,2151,114589,1698
2021-07-23,San Benito,069,59416,6228,6200,113,6313,63
2021-07-23,San Bernardino,071,2135413,300923,297899,9293,307192,5236
2021-07-23,San Diego,073,3302833,294262,289368,16834,306202,3788
2021-07-23,San Francisco,075,870044,40232,38954,1428,40382,561
2021-07-23,San Joaquin,077,732212,76551,75461,3783,79244,1436
2021-07-23,San Luis Obispo,079,281455,22077,21616,788,22404,260
2021-07-23,San Mateo,081,765935,44503,43880,554,44434,542
2021-07-23,Santa Barbara,083,443738,35534,35071,1172,36243,465
2021-07-23,Santa Clara,085,1922200,122899,121092,820,121912,2099
2021-07-23,Santa Cruz,087,273765,16682,16416,809,17225,207
2021-07-23,Shasta,089,179085,12929,12759,1709,14468,211
2021-07-23,Sierra,091,2930,69,64,12,76,0
2021-07-23,Siskiyou,093,43540,2049,1951,417,2368,31
2021-07-23,Solano,095,438530,35432,34499,684,35183,259
2021-07-23,Sonoma,097,501317,32591,31928,375,32303,327
2021-07-23,Stanislaus,099,539301,58562,57879,6185,64064,1030
2021-07-23,Sutter,101,95872,9993,9890,96,9986,115
2021-07-23,Tehama,103,63373,5231,5166,592,5758,65
2021-07-23,Trinity,105,12862,507,345,107,452,3
2021-07-23,Tulare,107,460477,51054,50104,9311,59415,854
2021-07-23,Tuolumne,109,53932,4281,4216,47,4263,64
2021-07-23,Ventura,111,848112,83670,82687,3354,86041,1041
2021-07-23,Yolo,113,214977,14843,14557,351,14908,214
2021-07-23,Yuba,115,75493,6595,6449,137,6586,51
2021-07-22,Alameda,001,1643700,94753,93170,2128,95298,1259
2021-07-22,Alpine,002,1148,88,89,0,89,0
2021-07-22,Amador,005,37829,3864,3816,33,3849,48
2021-07-22,Butte,007,227075,13234,12982,1975,14957,203
2021-07-22,Calaveras,009,45235,2281,2267,15,2282,57
2021-07-22,Colusa,011,21464,2008,1992,338,2330,16
2021-07-22,Contra Costa,013,1133247,75146,73682,1462,75144,830
2021-07-22,Del Norte,015,27424,1571,1497,14,1511,8
2021-07-22,El Dorado,017,186661,11022,10773,849,11622,116
2021-07-22,Fresno,019,978130,105197,103637,8950,112587,1736
2021-07-22,Glenn,021,27897,2474,2457,575,3032,20
2021-07-22,Humboldt,023,135768,4932,4780,66,4846,52
2021-07-22,Imperial,025,180216,29179,28996,2703,31699,742
2021-07-22,Inyo,027,18085,1434,1424,12,1436,38
2021-07-22,Kern,029,883053,99375,98261,11577,109838,1350
2021-07-22,Kings,031,150075,23673,23304,1135,24439,246
2021-07-22,Lake,033,64148,4144,3963,14,3977,64
2021-07-22,Lassen,035,31185,5326,5311,118,5429,21
2021-07-22,Los Angeles,037,10098052,1248723,1232164,43420,1275584,24623
2021-07-22,Madera,039,155013,17142,16885,977,17862,245
2021-07-22,Marin,041,260295,14741,14454,280,14734,238
2021-07-22,Mariposa,043,17540,462,453,11,464,5
2021-07-22,Mendocino,045,87422,4430,4293,90,4383,49
2021-07-22,Merced,047,269075,31778,31661,1084,32745,473
2021-07-22,Modoc,049,8938,419,413,147,560,5
2021-07-22,Mono,051,14174,1288,1284,18,1302,3
2021-07-22,Monterey,053,433212,43771,43525,1906,45431,521
2021-07-22,Napa,055,140530,10346,10230,45,10275,81
2021-07-22,Nevada,057,99092,5333,5183,197,5380,72
2021-07-22,Orange,059,3164182,263485,259973,11981,271954,5141
2021-07-22,Placer,061,380077,25058,24530,1783,26313,303
2021-07-22,Plumas,063,18699,750,737,14,751,4
2021-07-22,Riverside,065,2383286,302032,296912,14414,311326,4552
2021-07-22,Sacramento,067,1510023,114202,112438,2142,114580,1698
2021-07-22,San Benito,069,59416,6221,6200,113,6313,63
2021-07-22,San Bernardino,071,2135413,300520,297899,9278,307177,5236
2021-07-22,San Diego,073,3302833,293531,289368,16774,306142,3788
2021-07-22,San Francisco,075,870044,40019,38954,1415,40369,561
2021-07-22,San Joaquin,077,732212,76408,75461,3771,79232,1436
2021-07-22,San Luis Obispo,079,281455,22039,21616,784,22400,260
2021-07-22,San Mateo,081,765935,44391,43880,549,44429,542
2021-07-22,Santa Barbara,083,443738,35468,35071,1170,36241,465
2021-07-22,Santa Clara,085,1922200,122658,121092,817,121909,2099
2021-07-22,Santa Cruz,087,273765,16645,16416,808,17224,207
2021-07-22,Shasta,089,179085,12905,12759,1705,14464,211
2021-07-22,Sierra,091,2930,67,64,12,76,0
2021-07-22,Siskiyou,093,43540,2046,1951,417,2368,31
2021-07-22,Solano,095,438530,35288,34499,677,35176,259
2021-07-22,Sonoma,097,501317,32481,31928,373,32301,327
2021-07-22,Stanislaus,099,539301,58434,57879,6173,64052,1030
2021-07-22,Sutter,101,95872,9972,9890,96,9986,115
2021-07-22,Tehama,103,63373,5225,5166,592,5758,65
2021-07-22,Trinity,105,12862,507,345,107,452,3
2021-07-22,Tulare,107,460477,51011,50104,9283,59387,854
2021-07-22,Tuolumne,109,53932,4269,4216,47,4263,64
2021-07-22,Ventura,111,848112,83536,82687,3341,86028,1041
2021-07-22,Yolo,113,214977,14805,14557,351,14908,214
2021-07-22,Yuba,115,75493,6564,6449,134,6583,51
2021-07-21,Alameda,001,1643700,94433,92840,2125,94965,1256
2021-07-21,Alpine,002,1148,88,89,0,89,0
2021-07-21,Amador,005,37829,3851,3813,33,3846,48
2021-07-21,Butte,007,227075,13193,12939,1970,14909,203
2021-07-21,Calaveras,009,45235,2277,2257,15,2272,57
2021-07-21,Colusa,011,21464,2004,1988,337,2325,16
2021-07-21,Contra Costa,013,1133247,74882,73320,1453,74773,827
2021-07-21,Del Norte,015,27424,1561,1492,14,1506,8
2021-07-21,El Dorado,017,186661,10985,10742,845,11587,116
2021-07-21,Fresno,019,978130,105048,103504,8941,112445,1736
2021-07-21,Glenn,021,27897,2472,2455,574,3029,20
2021-07-21,Humboldt,023,135768,4900,4763,64,4827,52
2021-07-21,Imperial,025,180216,29167,28964,2700,31664,742
2021-07-21,Inyo,027,18085,1434,1423,12,1435,38
2021-07-21,Kern,029,883053,99257,98152,11536,109688,1350
2021-07-21,Kings,031,150075,23645,23270,1131,24401,246
2021-07-21,Lake,033,64148,4078,3896,14,3910,64
2021-07-21,Lassen,035,31185,5323,5310,118,5428,21
2021-07-21,Los Angeles,037,10098052,1246210,1229598,43283,1272881,24609
2021-07-21,Madera,039,155013,17118,16858,975,17833,245
2021-07-21,Marin,041,260295,14691,14427,280,14707,238
2021-07-21,Mariposa,043,17540,458,449,11,460,5
2021-07-21,Mendocino,045,87422,4412,4274,90,4364,49
2021-07-21,Merced,047,269075,31739,31607,1080,32687,473
2021-07-21,Modoc,049,8938,419,413,147,560,5
2021-07-21,Mono,051,14174,1285,1282,18,1300,3
2021-07-21,Monterey,053,433212,43741,43502,1903,45405,515
2021-07-21,Napa,055,140530,10320,10209,45,10254,81
2021-07-21,Nevada,057,99092,5298,5152,197,5349,72
2021-07-21,Orange,059,3164182,262930,259615,11951,271566,5139
2021-07-21,Placer,061,380077,24949,24441,1772,26213,303
2021-07-21,Plumas,063,18699,750,736,14,750,4
2021-07-21,Riverside,065,2383286,301519,296419,14397,310816,4552
2021-07-21,Sacramento,067,1510023,113779,112043,2131,114174,1696
2021-07-21,San Benito,069,59416,6211,6196,113,6309,63
2021-07-21,San Bernardino,071,2135413,300064,297519,9270,306789,5230
2021-07-21,San Diego,073,3302833,292681,288682,16711,305393,3787
2021-07-21,San Francisco,075,870044,39794,38699,1410,40109,559
2021-07-21,San Joaquin,077,732212,76219,75288,3759,79047,1434
2021-07-21,San Luis Obispo,079,281455,22002,21579,781,22360,260
2021-07-21,San Mateo,081,765935,44299,43755,545,44300,542
2021-07-21,Santa Barbara,083,443738,35409,34998,1154,36152,465
2021-07-21,Santa Clara,085,1922200,122449,120838,815,121653,2099
2021-07-21,Santa Cruz,087,273765,16611,16407,808,17215,207
2021-07-21,Shasta,089,179085,12872,12751,1702,14453,211
2021-07-21,Sierra,091,2930,67,64,12,76,0
2021-07-21,Siskiyou,093,43540,2044,1943,415,2358,31
2021-07-21,Solano,095,438530,35129,34374,672,35046,258
2021-07-21,Sonoma,097,501317,32365,31789,373,32162,327
2021-07-21,Stanislaus,099,539301,58332,57774,6163,63937,1028
2021-07-21,Sutter,101,95872,9948,9862,96,9958,113
2021-07-21,Tehama,103,63373,5221,5161,592,5753,65
2021-07-21,Trinity,105,12862,505,345,106,451,3
2021-07-21,Tulare,107,460477,50952,50066,9258,59324,854
2021-07-21,Tuolumne,109,53932,4232,4156,47,4203,64
2021-07-21,Ventura,111,848112,83414,82573,3329,85902,1041
2021-07-21,Yolo,113,214977,14764,14525,350,14875,213
2021-07-21,Yuba,115,75493,6536,6425,134,6559,52
2021-07-20,Alameda,001,1643700,94062,92625,2111,94736,1256
2021-07-20,Alpine,002,1148,88,89,0,89,0
2021-07-20,Amador,005,37829,3840,3807,33,3840,48
2021-07-20,Butte,007,227075,13156,12916,1964,14880,203
2021-07-20,Calaveras,009,45235,2274,2249,15,2264,57
2021-07-20,Colusa,011,21464,2004,1985,337,2322,16
2021-07-20,Contra Costa,013,1133247,74597,73143,1435,74578,825
2021-07-20,Del Norte,015,27424,1551,1490,14,1504,8
2021-07-20,El Dorado,017,186661,10945,10727,841,11568,116
2021-07-20,Fresno,019,978130,104912,103438,8922,112360,1736
2021-07-20,Glenn,021,27897,2472,2453,574,3027,20
2021-07-20,Humboldt,023,135768,4855,4735,62,4797,52
2021-07-20,Imperial,025,180216,29147,28933,2700,31633,742
2021-07-20,Inyo,027,18085,1430,1420,12,1432,36
2021-07-20,Kern,029,883053,99143,98082,11508,109590,1350
2021-07-20,Kings,031,150075,23604,23254,1126,24380,246
2021-07-20,Lake,033,64148,4053,3871,14,3885,64
2021-07-20,Lassen,035,31185,5323,5306,118,5424,21
2021-07-20,Los Angeles,037,10098052,1243414,1227404,43118,1270522,24603
2021-07-20,Madera,039,155013,17097,16856,971,17827,245
2021-07-20,Marin,041,260295,14655,14396,277,14673,234
2021-07-20,Mariposa,043,17540,456,448,11,459,5
2021-07-20,Mendocino,045,87422,4395,4259,90,4349,49
2021-07-20,Merced,047,269075,31700,31578,1073,32651,473
2021-07-20,Modoc,049,8938,419,413,147,560,5
2021-07-20,Mono,051,14174,1281,1281,18,1299,3
2021-07-20,Monterey,053,433212,43710,43481,1900,45381,515
2021-07-20,Napa,055,140530,10297,10191,45,10236,81
2021-07-20,Nevada,057,99092,5279,5148,196,5344,72
2021-07-20,Orange,059,3164182,262373,259303,11921,271224,5139
2021-07-20,Placer,061,380077,24858,24408,1750,26158,303
2021-07-20,Plumas,063,18699,748,736,14,750,4
2021-07-20,Riverside,065,2383286,300984,296118,14383,310501,4543
2021-07-20,Sacramento,067,1510023,113338,111796,2101,113897,1695
2021-07-20,San Benito,069,59416,6204,6196,113,6309,63
2021-07-20,San Bernardino,071,2135413,299655,297222,9245,306467,5231
2021-07-20,San Diego,073,3302833,291753,288209,16615,304824,3786
2021-07-20,San Francisco,075,870044,39536,38536,1400,39936,558
2021-07-20,San Joaquin,077,732212,76047,75198,3746,78944,1433
2021-07-20,San Luis Obispo,079,281455,21956,21556,780,22336,259
2021-07-20,San Mateo,081,765935,44180,43670,543,44213,542
2021-07-20,Santa Barbara,083,443738,35339,34935,1148,36083,462
2021-07-20,Santa Clara,085,1922200,122192,120704,813,121517,2098
2021-07-20,Santa Cruz,087,273765,16582,16399,808,17207,207
2021-07-20,Shasta,089,179085,12846,12734,1698,14432,211
2021-07-20,Sierra,091,2930,67,64,12,76,0
2021-07-20,Siskiyou,093,43540,2040,1931,414,2345,31
2021-07-20,Solano,095,438530,34993,34337,665,35002,258
2021-07-20,Sonoma,097,501317,32246,31763,372,32135,326
2021-07-20,Stanislaus,099,539301,58217,57706,6158,63864,1028
2021-07-20,Sutter,101,95872,9921,9854,93,9947,114
2021-07-20,Tehama,103,63373,5219,5153,592,5745,65
2021-07-20,Trinity,105,12862,503,344,105,449,3
2021-07-20,Tulare,107,460477,50910,50047,9241,59288,854
2021-07-20,Tuolumne,109,53932,4213,4156,47,4203,64
2021-07-20,Ventura,111,848112,83261,82504,3314,85818,1041
2021-07-20,Yolo,113,214977,14699,14495,347,14842,213
2021-07-20,Yuba,115,75493,6511,6393,131,6524,52
2021-07-19,Alameda,001,1643700,93684,92357,2096,94453,1256
2021-07-19,Alpine,002,1148,88,89,0,89,0
2021-07-19,Amador,005,37829,3836,3802,33,3835,48
2021-07-19,Butte,007,227075,13112,12901,1959,14860,202
2021-07-19,Calaveras,009,45235,2270,2245,15,2260,57
2021-07-19,Colusa,011,21464,2002,1981,337,2318,16
2021-07-19,Contra Costa,013,1133247,74285,72935,1415,74350,825
2021-07-19,Del Norte,015,27424,1538,1484,14,1498,8
2021-07-19,El Dorado,017,186661,10915,10703,833,11536,114
2021-07-19,Fresno,019,978130,104783,103350,8909,112259,1731
2021-07-19,Glenn,021,27897,2472,2452,573,3025,20
2021-07-19,Humboldt,023,135768,4825,4719,60,4779,52
2021-07-19,Imperial,025,180216,29120,28888,2699,31587,742
2021-07-19,Inyo,027,18085,1429,1417,12,1429,36
2021-07-19,Kern,029,883053,99029,97999,11475,109474,1349
2021-07-19,Kings,031,150075,23574,23221,1120,24341,246
2021-07-19,Lake,033,64148,4017,3848,14,3862,64
2021-07-19,Lassen,035,31185,5322,5305,118,5423,21
2021-07-19,Los Angeles,037,10098052,1240809,1225946,42932,1268878,24600
2021-07-19,Madera,039,155013,17074,16846,968,17814,244
2021-07-19,Marin,041,260295,14620,14369,274,14643,234
2021-07-19,Mariposa,043,17540,450,447,11,458,5
2021-07-19,Mendocino,045,87422,4377,4251,90,4341,49
2021-07-19,Merced,047,269075,31636,31565,1066,32631,472
2021-07-19,Modoc,049,8938,418,413,147,560,5
2021-07-19,Mono,051,14174,1279,1280,18,1298,3
2021-07-19,Monterey,053,433212,43686,43436,1899,45335,515
2021-07-19,Napa,055,140530,10272,10180,43,10223,81
2021-07-19,Nevada,057,99092,5251,5133,195,5328,72
2021-07-19,Orange,059,3164182,261850,258927,11889,270816,5138
2021-07-19,Placer,061,380077,24759,24359,1728,26087,303
2021-07-19,Plumas,063,18699,748,730,14,744,4
2021-07-19,Riverside,065,2383286,300494,295736,14345,310081,4543
2021-07-19,Sacramento,067,1510023,112974,111470,2075,113545,1696
2021-07-19,San Benito,069,59416,6201,6193,113,6306,63
2021-07-19,San Bernardino,071,2135413,299282,296929,9226,306155,5235
2021-07-19,San Diego,073,3302833,290853,287695,16510,304205,3786
2021-07-19,San Francisco,075,870044,39263,38463,1387,39850,560
2021-07-19,San Joaquin,077,732212,75882,75086,3741,78827,1431
2021-07-19,San Luis Obispo,079,281455,21911,21531,776,22307,259
2021-07-19,San Mateo,081,765935,44038,43563,534,44097,542
2021-07-19,Santa Barbara,083,443738,35267,34904,1146,36050,461
2021-07-19,Santa Clara,085,1922200,121934,120554,812,121366,2098
2021-07-19,Santa Cruz,087,273765,16566,16387,808,17195,207
2021-07-19,Shasta,089,179085,12828,12723,1696,14419,209
2021-07-19,Sierra,091,2930,66,64,12,76,0
2021-07-19,Siskiyou,093,43540,2035,1927,412,2339,31
2021-07-19,Solano,095,438530,34817,34262,654,34916,261
2021-07-19,Sonoma,097,501317,32125,31713,371,32084,325
2021-07-19,Stanislaus,099,539301,58116,57644,6148,63792,1027
2021-07-19,Sutter,101,95872,9905,9834,93,9927,114
2021-07-19,Tehama,103,63373,5213,5152,590,5742,65
2021-07-19,Trinity,105,12862,503,344,104,448,3
2021-07-19,Tulare,107,460477,50863,49994,9225,59219,855
2021-07-19,Tuolumne,109,53932,4203,4151,47,4198,64
2021-07-19,Ventura,111,848112,83165,82409,3292,85701,1041
2021-07-19,Yolo,113,214977,14667,14439,345,14784,213
2021-07-19,Yuba,115,75493,6487,6370,131,6501,52
2021-07-18,Alameda,001,1643700,93323,92162,2084,94246,1256
2021-07-18,Alpine,002,1148,88,89,0,89,0
2021-07-18,Amador,005,37829,3825,3799,33,3832,48
2021-07-18,Butte,007,227075,13070,12888,1952,14840,202
2021-07-18,Calaveras,009,45235,2267,2243,15,2258,57
2021-07-18,Colusa,011,21464,2002,1981,336,2317,16
2021-07-18,Contra Costa,013,1133247,73969,72849,1397,74246,825
2021-07-18,Del Norte,015,27424,1529,1482,14,1496,8
2021-07-18,El Dorado,017,186661,10878,10687,825,11512,114
2021-07-18,Fresno,019,978130,104629,103298,8891,112189,1731
2021-07-18,Glenn,021,27897,2471,2452,572,3024,20
2021-07-18,Humboldt,023,135768,4789,4714,60,4774,52
2021-07-18,Imperial,025,180216,29083,28877,2698,31575,742
2021-07-18,Inyo,027,18085,1425,1417,12,1429,36
2021-07-18,Kern,029,883053,98903,97963,11433,109396,1349
2021-07-18,Kings,031,150075,23553,23203,1116,24319,246
2021-07-18,Lake,033,64148,3981,3825,14,3839,64
2021-07-18,Lassen,035,31185,5322,5305,118,5423,21
2021-07-18,Los Angeles,037,10098052,1238121,1224691,42743,1267434,24598
2021-07-18,Madera,039,155013,17049,16838,964,17802,244
2021-07-18,Marin,041,260295,14584,14358,272,14630,234
2021-07-18,Mariposa,043,17540,449,447,11,458,5
2021-07-18,Mendocino,045,87422,4356,4246,90,4336,49
2021-07-18,Merced,047,269075,31605,31537,1064,32601,471
2021-07-18,Modoc,049,8938,418,413,147,560,5
2021-07-18,Mono,051,14174,1278,1280,18,1298,3
2021-07-18,Monterey,053,433212,43668,43422,1889,45311,515
2021-07-18,Napa,055,140530,10255,10174,40,10214,81
2021-07-18,Nevada,057,99092,5225,5124,195,5319,72
2021-07-18,Orange,059,3164182,261366,258724,11861,270585,5138
2021-07-18,Placer,061,380077,24691,24313,1701,26014,303
2021-07-18,Plumas,063,18699,748,730,14,744,4
2021-07-18,Riverside,065,2383286,300002,295522,14303,309825,4543
2021-07-18,Sacramento,067,1510023,112544,111255,2042,113297,1696
2021-07-18,San Benito,069,59416,6193,6191,113,6304,63
2021-07-18,San Bernardino,071,2135413,298807,296739,9211,305950,5233
2021-07-18,San Diego,073,3302833,290037,286287,16426,302713,3786
2021-07-18,San Francisco,075,870044,39027,38367,1376,39743,560
2021-07-18,San Joaquin,077,732212,75705,74997,3728,78725,1431
2021-07-18,San Luis Obispo,079,281455,21876,21527,773,22300,259
2021-07-18,San Mateo,081,765935,43925,43506,528,44034,542
2021-07-18,Santa Barbara,083,443738,35202,34880,1144,36024,461
2021-07-18,Santa Clara,085,1922200,121720,120438,805,121243,2098
2021-07-18,Santa Cruz,087,273765,16534,16372,807,17179,207
2021-07-18,Shasta,089,179085,12803,12714,1692,14406,209
2021-07-18,Sierra,091,2930,66,64,12,76,0
2021-07-18,Siskiyou,093,43540,2029,1927,407,2334,31
2021-07-18,Solano,095,438530,34689,34215,650,34865,261
2021-07-18,Sonoma,097,501317,32020,31675,370,32045,325
2021-07-18,Stanislaus,099,539301,58005,57600,6123,63723,1028
2021-07-18,Sutter,101,95872,9873,9826,93,9919,114
2021-07-18,Tehama,103,63373,5210,5150,589,5739,65
2021-07-18,Trinity,105,12862,503,344,104,448,3
2021-07-18,Tulare,107,460477,50810,49985,9202,59187,855
2021-07-18,Tuolumne,109,53932,4185,4149,47,4196,64
2021-07-18,Ventura,111,848112,83051,82361,3268,85629,1041
2021-07-18,Yolo,113,214977,14608,14425,339,14764,213
2021-07-18,Yuba,115,75493,6446,6357,131,6488,52
2021-07-17,Alameda,001,1643700,93105,91346,2073,93419,1255
2021-07-17,Alpine,002,1148,88,89,0,89,0
2021-07-17,Amador,005,37829,3816,3785,33,3818,48
2021-07-17,Butte,007,227075,13055,12824,1948,14772,202
2021-07-17,Calaveras,009,45235,2262,2237,15,2252,57
2021-07-17,Colusa,011,21464,1999,1976,336,2312,16
2021-07-17,Contra Costa,013,1133247,73787,72254,1384,73638,824
2021-07-17,Del Norte,015,27424,1521,1475,14,1489,8
2021-07-17,El Dorado,017,186661,10851,10622,821,11443,114
2021-07-17,Fresno,019,978130,104556,103055,8877,111932,1730
2021-07-17,Glenn,021,27897,2470,2451,572,3023,20
2021-07-17,Humboldt,023,135768,4776,4654,59,4713,52
2021-07-17,Imperial,025,180216,29067,28840,2698,31538,742
2021-07-17,Inyo,027,18085,1425,1416,12,1428,36
2021-07-17,Kern,029,883053,98846,97796,11397,109193,1348
2021-07-17,Kings,031,150075,23533,23163,1115,24278,246
2021-07-17,Lake,033,64148,3956,3760,14,3774,64
2021-07-17,Lassen,035,31185,5322,5302,118,5420,21
2021-07-17,Los Angeles,037,10098052,1236584,1219733,42602,1262335,24582
2021-07-17,Madera,039,155013,17041,16804,964,17768,240
2021-07-17,Marin,041,260295,14566,14297,270,14567,234
2021-07-17,Mariposa,043,17540,449,445,11,456,5
2021-07-17,Mendocino,045,87422,4344,4209,90,4299,49
2021-07-17,Merced,047,269075,31584,31451,1060,32511,471
2021-07-17,Modoc,049,8938,418,412,147,559,5
2021-07-17,Mono,051,14174,1276,1277,18,1295,3
2021-07-17,Monterey,053,433212,43645,43367,1884,45251,515
2021-07-17,Napa,055,140530,10239,10129,40,10169,81
2021-07-17,Nevada,057,99092,5210,5066,195,5261,72
2021-07-17,Orange,059,3164182,261059,257805,11822,269627,5136
2021-07-17,Placer,061,380077,24624,24169,1687,25856,303
2021-07-17,Plumas,063,18699,743,721,14,735,4
2021-07-17,Riverside,065,2383286,299696,294751,14271,309022,4542
2021-07-17,Sacramento,067,1510023,112308,110432,2022,112454,1694
2021-07-17,San Benito,069,59416,6187,6181,113,6294,63
2021-07-17,San Bernardino,071,2135413,298570,296048,9192,305240,5218
2021-07-17,San Diego,073,3302833,289630,285698,16358,302056,3786
2021-07-17,San Francisco,075,870044,38906,37978,1373,39351,560
2021-07-17,San Joaquin,077,732212,75618,74695,3722,78417,1430
2021-07-17,San Luis Obispo,079,281455,21849,21462,773,22235,258
2021-07-17,San Mateo,081,765935,43854,43324,527,43851,542
2021-07-17,Santa Barbara,083,443738,35161,34769,1141,35910,461
2021-07-17,Santa Clara,085,1922200,121548,119980,802,120782,2097
2021-07-17,Santa Cruz,087,273765,16527,16337,807,17144,207
2021-07-17,Shasta,089,179085,12788,12683,1687,14370,210
2021-07-17,Sierra,091,2930,66,62,12,74,0
2021-07-17,Siskiyou,093,43540,2024,1922,404,2326,29
2021-07-17,Solano,095,438530,34624,34015,642,34657,263
2021-07-17,Sonoma,097,501317,31952,31536,369,31905,322
2021-07-17,Stanislaus,099,539301,57928,57400,6109,63509,1028
2021-07-17,Sutter,101,95872,9863,9778,93,9871,114
2021-07-17,Tehama,103,63373,5207,5145,589,5734,64
2021-07-17,Trinity,105,12862,502,341,104,445,3
2021-07-17,Tulare,107,460477,50788,49937,9190,59127,854
2021-07-17,Tuolumne,109,53932,4175,4131,47,4178,64
2021-07-17,Ventura,111,848112,82982,82125,3257,85382,1041
2021-07-17,Yolo,113,214977,14576,14356,332,14688,213
2021-07-17,Yuba,115,75493,6435,6309,131,6440,52
2021-07-16,Alameda,001,1643700,92866,91346,2062,93408,1255
2021-07-16,Alpine,002,1148,88,89,0,89,0
2021-07-16,Amador,005,37829,3813,3785,33,3818,48
2021-07-16,Butte,007,227075,13030,12824,1944,14768,202
2021-07-16,Calaveras,009,45235,2261,2237,15,2252,57
2021-07-16,Colusa,011,21464,1997,1976,335,2311,16
2021-07-16,Contra Costa,013,1133247,73598,72254,1380,73634,824
2021-07-16,Del Norte,015,27424,1519,1475,14,1489,8
2021-07-16,El Dorado,017,186661,10832,10622,820,11442,114
2021-07-16,Fresno,019,978130,104504,103055,8857,111912,1730
2021-07-16,Glenn,021,27897,2470,2451,572,3023,20
2021-07-16,Humboldt,023,135768,4754,4654,59,4713,52
2021-07-16,Imperial,025,180216,29055,28840,2698,31538,742
2021-07-16,Inyo,027,18085,1423,1416,12,1428,36
2021-07-16,Kern,029,883053,98784,97796,11357,109153,1348
2021-07-16,Kings,031,150075,23508,23163,1114,24277,246
2021-07-16,Lake,033,64148,3929,3760,14,3774,64
2021-07-16,Lassen,035,31185,5321,5302,118,5420,21
2021-07-16,Los Angeles,037,10098052,1235082,1219733,42457,1262190,24582
2021-07-16,Madera,039,155013,17023,16804,964,17768,240
2021-07-16,Marin,041,260295,14542,14297,267,14564,234
2021-07-16,Mariposa,043,17540,449,445,11,456,5
2021-07-16,Mendocino,045,87422,4335,4209,89,4298,49
2021-07-16,Merced,047,269075,31563,31451,1058,32509,471
2021-07-16,Modoc,049,8938,418,412,147,559,5
2021-07-16,Mono,051,14174,1275,1277,18,1295,3
2021-07-16,Monterey,053,433212,43623,43367,1883,45250,515
2021-07-16,Napa,055,140530,10215,10129,39,10168,81
2021-07-16,Nevada,057,99092,5200,5066,195,5261,72
2021-07-16,Orange,059,3164182,260786,257805,11781,269586,5136
2021-07-16,Placer,061,380077,24571,24169,1682,25851,303
2021-07-16,Plumas,063,18699,742,721,14,735,4
2021-07-16,Riverside,065,2383286,299420,294751,14245,308996,4542
2021-07-16,Sacramento,067,1510023,112091,110432,2009,112441,1694
2021-07-16,San Benito,069,59416,6185,6181,113,6294,63
2021-07-16,San Bernardino,071,2135413,298294,296048,9175,305223,5218
2021-07-16,San Diego,073,3302833,289187,285698,16311,302009,3786
2021-07-16,San Francisco,075,870044,38788,37978,1368,39346,560
2021-07-16,San Joaquin,077,732212,75524,74695,3719,78414,1430
2021-07-16,San Luis Obispo,079,281455,21832,21462,773,22235,258
2021-07-16,San Mateo,081,765935,43801,43324,526,43850,542
2021-07-16,Santa Barbara,083,443738,35123,34769,1141,35910,461
2021-07-16,Santa Clara,085,1922200,121401,119980,795,120775,2097
2021-07-16,Santa Cruz,087,273765,16514,16337,807,17144,207
2021-07-16,Shasta,089,179085,12778,12683,1686,14369,210
2021-07-16,Sierra,091,2930,66,62,12,74,0
2021-07-16,Siskiyou,093,43540,2022,1922,402,2324,29
2021-07-16,Solano,095,438530,34557,34015,634,34649,263
2021-07-16,Sonoma,097,501317,31900,31536,366,31902,322
2021-07-16,Stanislaus,099,539301,57878,57400,6099,63499,1028
2021-07-16,Sutter,101,95872,9851,9778,93,9871,114
2021-07-16,Tehama,103,63373,5205,5145,589,5734,64
2021-07-16,Trinity,105,12862,502,341,103,444,3
2021-07-16,Tulare,107,460477,50763,49937,9180,59117,854
2021-07-16,Tuolumne,109,53932,4169,4131,47,4178,64
2021-07-16,Ventura,111,848112,82917,82125,3250,85375,1041
2021-07-16,Yolo,113,214977,14550,14356,329,14685,213
2021-07-16,Yuba,115,75493,6413,6309,130,6439,52
2021-07-15,Alameda,001,1643700,92570,91346,2052,93398,1255
2021-07-15,Alpine,002,1148,88,89,0,89,0
2021-07-15,Amador,005,37829,3810,3785,33,3818,48
2021-07-15,Butte,007,227075,13004,12824,1942,14766,202
2021-07-15,Calaveras,009,45235,2258,2237,15,2252,57
2021-07-15,Colusa,011,21464,1996,1976,334,2310,16
2021-07-15,Contra Costa,013,1133247,73384,72254,1373,73627,824
2021-07-15,Del Norte,015,27424,1516,1475,14,1489,8
2021-07-15,El Dorado,017,186661,10805,10622,818,11440,114
2021-07-15,Fresno,019,978130,104407,103055,8837,111892,1730
2021-07-15,Glenn,021,27897,2470,2451,572,3023,20
2021-07-15,Humboldt,023,135768,4736,4654,58,4712,52
2021-07-15,Imperial,025,180216,29032,28840,2698,31538,742
2021-07-15,Inyo,027,18085,1423,1416,12,1428,36
2021-07-15,Kern,029,883053,98714,97796,11329,109125,1348
2021-07-15,Kings,031,150075,23470,23163,1111,24274,246
2021-07-15,Lake,033,64148,3890,3760,14,3774,64
2021-07-15,Lassen,035,31185,5320,5302,118,5420,21
2021-07-15,Los Angeles,037,10098052,1233094,1219733,42300,1262033,24582
2021-07-15,Madera,039,155013,17001,16804,960,17764,240
2021-07-15,Marin,041,260295,14517,14297,267,14564,234
2021-07-15,Mariposa,043,17540,449,445,11,456,5
2021-07-15,Mendocino,045,87422,4327,4209,88,4297,49
2021-07-15,Merced,047,269075,31533,31451,1058,32509,471
2021-07-15,Modoc,049,8938,418,412,147,559,5
2021-07-15,Mono,051,14174,1275,1277,18,1295,3
2021-07-15,Monterey,053,433212,43594,43367,1880,45247,515
2021-07-15,Napa,055,140530,10190,10129,38,10167,81
2021-07-15,Nevada,057,99092,5183,5066,194,5260,72
2021-07-15,Orange,059,3164182,260435,257805,11750,269555,5136
2021-07-15,Placer,061,380077,24511,24169,1665,25834,303
2021-07-15,Plumas,063,18699,741,721,14,735,4
2021-07-15,Riverside,065,2383286,299099,294751,14230,308981,4542
2021-07-15,Sacramento,067,1510023,111786,110432,1992,112424,1694
2021-07-15,San Benito,069,59416,6183,6181,113,6294,63
2021-07-15,San Bernardino,071,2135413,297987,296048,9161,305209,5218
2021-07-15,San Diego,073,3302833,288549,285698,16233,301931,3786
2021-07-15,San Francisco,075,870044,38637,37978,1360,39338,560
2021-07-15,San Joaquin,077,732212,75407,74695,3714,78409,1430
2021-07-15,San Luis Obispo,079,281455,21800,21462,773,22235,258
2021-07-15,San Mateo,081,765935,43696,43324,521,43845,542
2021-07-15,Santa Barbara,083,443738,35067,34769,1140,35909,461
2021-07-15,Santa Clara,085,1922200,121279,119980,792,120772,2097
2021-07-15,Santa Cruz,087,273765,16501,16337,807,17144,207
2021-07-15,Shasta,089,179085,12770,12683,1682,14365,210
2021-07-15,Sierra,091,2930,66,62,12,74,0
2021-07-15,Siskiyou,093,43540,2021,1922,402,2324,29
2021-07-15,Solano,095,438530,34481,34015,628,34643,263
2021-07-15,Sonoma,097,501317,31839,31536,366,31902,322
2021-07-15,Stanislaus,099,539301,57809,57400,6086,63486,1028
2021-07-15,Sutter,101,95872,9831,9778,92,9870,114
2021-07-15,Tehama,103,63373,5199,5145,588,5733,64
2021-07-15,Trinity,105,12862,502,341,103,444,3
2021-07-15,Tulare,107,460477,50743,49937,9163,59100,854
2021-07-15,Tuolumne,109,53932,4157,4131,47,4178,64
2021-07-15,Ventura,111,848112,82841,82125,3245,85370,1041
2021-07-15,Yolo,113,214977,14522,14356,328,14684,213
2021-07-15,Yuba,115,75493,6398,6309,129,6438,52
2021-07-14,Alameda,001,1643700,92310,91092,2036,93128,1255
2021-07-14,Alpine,002,1148,88,89,0,89,0
2021-07-14,Amador,005,37829,3802,3784,33,3817,48
2021-07-14,Butte,007,227075,12977,12813,1935,14748,202
2021-07-14,Calaveras,009,45235,2251,2234,15,2249,57
2021-07-14,Colusa,011,21464,1993,1974,334,2308,16
2021-07-14,Contra Costa,013,1133247,73155,72091,1361,73452,823
2021-07-14,Del Norte,015,27424,1515,1472,14,1486,8
2021-07-14,El Dorado,017,186661,10779,10598,815,11413,114
2021-07-14,Fresno,019,978130,104327,102966,8826,111792,1728
2021-07-14,Glenn,021,27897,2470,2449,572,3021,20
2021-07-14,Humboldt,023,135768,4712,4644,56,4700,52
2021-07-14,Imperial,025,180216,29003,28822,2698,31520,742
2021-07-14,Inyo,027,18085,1422,1415,12,1427,36
2021-07-14,Kern,029,883053,98650,97736,11304,109040,1346
2021-07-14,Kings,031,150075,23457,23142,1111,24253,246
2021-07-14,Lake,033,64148,3857,3739,14,3753,63
2021-07-14,Lassen,035,31185,5319,5298,118,5416,21
2021-07-14,Los Angeles,037,10098052,1231077,1218265,42160,1260425,24578
2021-07-14,Madera,039,155013,16989,16786,958,17744,240
2021-07-14,Marin,041,260295,14483,14269,265,14534,233
2021-07-14,Mariposa,043,17540,447,445,11,456,5
2021-07-14,Mendocino,045,87422,4313,4193,88,4281,49
2021-07-14,Merced,047,269075,31496,31412,1055,32467,471
2021-07-14,Modoc,049,8938,418,412,147,559,4
2021-07-14,Mono,051,14174,1275,1278,18,1296,3
2021-07-14,Monterey,053,433212,43570,43347,1878,45225,504
2021-07-14,Napa,055,140530,10168,10121,38,10159,81
2021-07-14,Nevada,057,99092,5163,5058,194,5252,72
2021-07-14,Orange,059,3164182,260118,257558,11719,269277,5137
2021-07-14,Placer,061,380077,24458,24125,1653,25778,303
2021-07-14,Plumas,063,18699,734,719,14,733,4
2021-07-14,Riverside,065,2383286,298775,294511,14214,308725,4542
2021-07-14,Sacramento,067,1510023,111458,110193,1968,112161,1688
2021-07-14,San Benito,069,59416,6180,6177,113,6290,63
2021-07-14,San Bernardino,071,2135413,297687,295820,9146,304966,5193
2021-07-14,San Diego,073,3302833,287977,285269,16153,301422,3786
2021-07-14,San Francisco,075,870044,38498,37836,1355,39191,559
2021-07-14,San Joaquin,077,732212,75315,74599,3705,78304,1416
2021-07-14,San Luis Obispo,079,281455,21778,21444,771,22215,258
2021-07-14,San Mateo,081,765935,43597,43249,517,43766,542
2021-07-14,Santa Barbara,083,443738,35025,34719,1138,35857,461
2021-07-14,Santa Clara,085,1922200,121129,119844,789,120633,2098
2021-07-14,Santa Cruz,087,273765,16489,16326,807,17133,207
2021-07-14,Shasta,089,179085,12750,12669,1679,14348,209
2021-07-14,Sierra,091,2930,66,62,12,74,0
2021-07-14,Siskiyou,093,43540,2014,1922,399,2321,29
2021-07-14,Solano,095,438530,34408,33948,628,34576,268
2021-07-14,Sonoma,097,501317,31787,31470,366,31836,322
2021-07-14,Stanislaus,099,539301,57734,57340,6074,63414,1028
2021-07-14,Sutter,101,95872,9809,9766,92,9858,114
2021-07-14,Tehama,103,63373,5197,5142,588,5730,64
2021-07-14,Trinity,105,12862,502,341,103,444,3
2021-07-14,Tulare,107,460477,50726,49908,9148,59056,853
2021-07-14,Tuolumne,109,53932,4154,4128,46,4174,64
2021-07-14,Ventura,111,848112,82747,82041,3234,85275,1040
2021-07-14,Yolo,113,214977,14489,14332,325,14657,213
2021-07-14,Yuba,115,75493,6380,6294,129,6423,52
2021-07-13,Alameda,001,1643700,92046,90874,2026,92900,1255
2021-07-13,Alpine,002,1148,88,89,0,89,0
2021-07-13,Amador,005,37829,3795,3783,33,3816,48
2021-07-13,Butte,007,227075,12963,12802,1934,14736,202
2021-07-13,Calaveras,009,45235,2247,2230,15,2245,57
2021-07-13,Colusa,011,21464,1991,1972,331,2303,16
2021-07-13,Contra Costa,013,1133247,72930,71963,1352,73315,823
2021-07-13,Del Norte,015,27424,1511,1471,14,1485,8
2021-07-13,El Dorado,017,186661,10762,10581,813,11394,114
2021-07-13,Fresno,019,978130,104252,102909,8816,111725,1727
2021-07-13,Glenn,021,27897,2468,2448,572,3020,20
2021-07-13,Humboldt,023,135768,4697,4634,56,4690,51
2021-07-13,Imperial,025,180216,28992,28792,2698,31490,741
2021-07-13,Inyo,027,18085,1421,1415,12,1427,36
2021-07-13,Kern,029,883053,98561,97698,11265,108963,1346
2021-07-13,Kings,031,150075,23439,23132,1111,24243,246
2021-07-13,Lake,033,64148,3830,3719,13,3732,63
2021-07-13,Lassen,035,31185,5317,5292,118,5410,21
2021-07-13,Los Angeles,037,10098052,1229226,1217184,41990,1259174,24569
2021-07-13,Madera,039,155013,16979,16773,954,17727,240
2021-07-13,Marin,041,260295,14454,14254,264,14518,233
2021-07-13,Mariposa,043,17540,446,443,11,454,5
2021-07-13,Mendocino,045,87422,4306,4185,88,4273,49
2021-07-13,Merced,047,269075,31475,31379,1052,32431,471
2021-07-13,Modoc,049,8938,418,411,147,558,4
2021-07-13,Mono,051,14174,1274,1277,18,1295,3
2021-07-13,Monterey,053,433212,43552,43333,1874,45207,504
2021-07-13,Napa,055,140530,10147,10118,38,10156,81
2021-07-13,Nevada,057,99092,5138,5053,194,5247,72
2021-07-13,Orange,059,3164182,259788,257339,11691,269030,5136
2021-07-13,Placer,061,380077,24412,24091,1640,25731,303
2021-07-13,Plumas,063,18699,733,716,14,730,4
2021-07-13,Riverside,065,2383286,298453,294302,14187,308489,4541
2021-07-13,Sacramento,067,1510023,111148,109990,1945,111935,1687
2021-07-13,San Benito,069,59416,6178,6173,113,6286,63
2021-07-13,San Bernardino,071,2135413,297410,295596,9124,304720,5183
2021-07-13,San Diego,073,3302833,287429,284997,16074,301071,3785
2021-07-13,San Francisco,075,870044,38354,37725,1349,39074,559
2021-07-13,San Joaquin,077,732212,75199,74500,3702,78202,1417
2021-07-13,San Luis Obispo,079,281455,21752,21423,768,22191,258
2021-07-13,San Mateo,081,765935,43528,43180,516,43696,542
2021-07-13,Santa Barbara,083,443738,34976,34679,1135,35814,461
2021-07-13,Santa Clara,085,1922200,120976,119727,785,120512,2098
2021-07-13,Santa Cruz,087,273765,16480,16315,805,17120,207
2021-07-13,Shasta,089,179085,12737,12659,1672,14331,209
2021-07-13,Sierra,091,2930,66,62,12,74,0
2021-07-13,Siskiyou,093,43540,2013,1916,397,2313,29
2021-07-13,Solano,095,438530,34343,33918,622,34540,268
2021-07-13,Sonoma,097,501317,31728,31431,366,31797,322
2021-07-13,Stanislaus,099,539301,57663,57282,6059,63341,1028
2021-07-13,Sutter,101,95872,9791,9752,91,9843,114
2021-07-13,Tehama,103,63373,5190,5144,588,5732,64
2021-07-13,Trinity,105,12862,502,341,102,443,3
2021-07-13,Tulare,107,460477,50701,49891,9132,59023,853
2021-07-13,Tuolumne,109,53932,4146,4122,45,4167,64
2021-07-13,Ventura,111,848112,82662,81982,3209,85191,1040
2021-07-13,Yolo,113,214977,14461,14320,319,14639,213
2021-07-13,Yuba,115,75493,6363,6279,129,6408,52
2021-07-12,Alameda,001,1643700,91788,90720,2019,92739,1254
2021-07-12,Alpine,002,1148,88,89,0,89,0
2021-07-12,Amador,005,37829,3788,3781,33,3814,47
2021-07-12,Butte,007,227075,12943,12796,1932,14728,202
2021-07-12,Calaveras,009,45235,2245,2228,15,2243,57
2021-07-12,Colusa,011,21464,1987,1971,330,2301,16
2021-07-12,Contra Costa,013,1133247,72726,71833,1347,73180,823
2021-07-12,Del Norte,015,27424,1508,1469,14,1483,8
2021-07-12,El Dorado,017,186661,10733,10569,811,11380,114
2021-07-12,Fresno,019,978130,104158,102853,8804,111657,1728
2021-07-12,Glenn,021,27897,2468,2446,572,3018,20
2021-07-12,Humboldt,023,135768,4681,4621,56,4677,51
2021-07-12,Imperial,025,180216,28962,28789,2698,31487,741
2021-07-12,Inyo,027,18085,1421,1415,12,1427,36
2021-07-12,Kern,029,883053,98492,97660,11240,108900,1346
2021-07-12,Kings,031,150075,23419,23124,1109,24233,246
2021-07-12,Lake,033,64148,3809,3706,13,3719,63
2021-07-12,Lassen,035,31185,5316,5292,118,5410,21
2021-07-12,Los Angeles,037,10098052,1227429,1216230,41858,1258088,24559
2021-07-12,Madera,039,155013,16968,16772,954,17726,240
2021-07-12,Marin,041,260295,14429,14238,263,14501,233
2021-07-12,Mariposa,043,17540,446,442,11,453,5
2021-07-12,Mendocino,045,87422,4295,4175,88,4263,49
2021-07-12,Merced,047,269075,31444,31374,1051,32425,471
2021-07-12,Modoc,049,8938,417,411,147,558,4
2021-07-12,Mono,051,14174,1272,1275,18,1293,3
2021-07-12,Monterey,053,433212,43531,43315,1870,45185,504
2021-07-12,Napa,055,140530,10129,10104,37,10141,81
2021-07-12,Nevada,057,99092,5115,5046,194,5240,72
2021-07-12,Orange,059,3164182,259434,257171,11667,268838,5136
2021-07-12,Placer,061,380077,24361,24052,1634,25686,302
2021-07-12,Plumas,063,18699,733,716,14,730,4
2021-07-12,Riverside,065,2383286,298145,294108,14158,308266,4541
2021-07-12,Sacramento,067,1510023,110932,109849,1919,111768,1685
2021-07-12,San Benito,069,59416,6175,6166,113,6279,63
2021-07-12,San Bernardino,071,2135413,297138,295447,9109,304556,5171
2021-07-12,San Diego,073,3302833,286960,284648,15998,300646,3785
2021-07-12,San Francisco,075,870044,38208,37656,1346,39002,559
2021-07-12,San Joaquin,077,732212,75105,74424,3692,78116,1415
2021-07-12,San Luis Obispo,079,281455,21733,21408,767,22175,258
2021-07-12,San Mateo,081,765935,43434,43138,509,43647,542
2021-07-12,Santa Barbara,083,443738,34933,34664,1133,35797,461
2021-07-12,Santa Clara,085,1922200,120811,119634,782,120416,2098
2021-07-12,Santa Cruz,087,273765,16455,16310,804,17114,207
2021-07-12,Shasta,089,179085,12730,12648,1669,14317,208
2021-07-12,Sierra,091,2930,66,62,12,74,0
2021-07-12,Siskiyou,093,43540,2008,1916,392,2308,29
2021-07-12,Solano,095,438530,34253,33859,613,34472,268
2021-07-12,Sonoma,097,501317,31680,31377,365,31742,322
2021-07-12,Stanislaus,099,539301,57593,57243,6052,63295,1028
2021-07-12,Sutter,101,95872,9774,9736,90,9826,114
2021-07-12,Tehama,103,63373,5185,5138,587,5725,63
2021-07-12,Trinity,105,12862,498,340,100,440,3
2021-07-12,Tulare,107,460477,50673,49882,9119,59001,853
2021-07-12,Tuolumne,109,53932,4142,4116,45,4161,64
2021-07-12,Ventura,111,848112,82561,81919,3188,85107,1040
2021-07-12,Yolo,113,214977,14433,14303,315,14618,213
2021-07-12,Yuba,115,75493,6348,6266,129,6395,52
2021-07-11,Alameda,001,1643700,91459,90597,2007,92604,1254
2021-07-11,Alpine,002,1148,88,89,0,89,0
2021-07-11,Amador,005,37829,3786,3779,33,3812,47
2021-07-11,Butte,007,227075,12921,12794,1926,14720,202
2021-07-11,Calaveras,009,45235,2243,2226,14,2240,57
2021-07-11,Colusa,011,21464,1986,1971,329,2300,16
2021-07-11,Contra Costa,013,1133247,72516,71744,1340,73084,823
2021-07-11,Del Norte,015,27424,1504,1467,13,1480,8
2021-07-11,El Dorado,017,186661,10704,10554,809,11363,114
2021-07-11,Fresno,019,978130,104062,102813,8784,111597,1728
2021-07-11,Glenn,021,27897,2467,2446,572,3018,20
2021-07-11,Humboldt,023,135768,4668,4611,55,4666,51
2021-07-11,Imperial,025,180216,28944,28787,2697,31484,741
2021-07-11,Inyo,027,18085,1419,1415,12,1427,36
2021-07-11,Kern,029,883053,98419,97637,11224,108861,1346
2021-07-11,Kings,031,150075,23388,23116,1106,24222,246
2021-07-11,Lake,033,64148,3778,3699,13,3712,63
2021-07-11,Lassen,035,31185,5313,5291,118,5409,21
2021-07-11,Los Angeles,037,10098052,1225671,1215182,41703,1256885,24558
2021-07-11,Madera,039,155013,16949,16766,953,17719,240
2021-07-11,Marin,041,260295,14403,14231,263,14494,233
2021-07-11,Mariposa,043,17540,445,442,11,453,5
2021-07-11,Mendocino,045,87422,4275,4167,88,4255,49
2021-07-11,Merced,047,269075,31420,31366,1046,32412,471
2021-07-11,Modoc,049,8938,416,411,147,558,4
2021-07-11,Mono,051,14174,1272,1275,18,1293,3
2021-07-11,Monterey,053,433212,43512,43307,1866,45173,504
2021-07-11,Napa,055,140530,10125,10100,37,10137,81
2021-07-11,Nevada,057,99092,5104,5035,193,5228,72
2021-07-11,Orange,059,3164182,259122,257009,11639,268648,5136
2021-07-11,Placer,061,380077,24304,24017,1622,25639,302
2021-07-11,Plumas,063,18699,733,716,14,730,4
2021-07-11,Riverside,065,2383286,297881,293969,14140,308109,4541
2021-07-11,Sacramento,067,1510023,110654,109696,1907,111603,1685
2021-07-11,San Benito,069,59416,6170,6163,113,6276,63
2021-07-11,San Bernardino,071,2135413,296832,295342,9084,304426,5167
2021-07-11,San Diego,073,3302833,286546,283819,15912,299731,3784
2021-07-11,San Francisco,075,870044,38079,37596,1340,38936,559
2021-07-11,San Joaquin,077,732212,74988,74376,3675,78051,1415
2021-07-11,San Luis Obispo,079,281455,21700,21403,766,22169,258
2021-07-11,San Mateo,081,765935,43355,43107,503,43610,542
2021-07-11,Santa Barbara,083,443738,34886,34646,1133,35779,461
2021-07-11,Santa Clara,085,1922200,120657,119549,781,120330,2098
2021-07-11,Santa Cruz,087,273765,16439,16303,804,17107,207
2021-07-11,Shasta,089,179085,12713,12647,1667,14314,208
2021-07-11,Sierra,091,2930,66,62,12,74,0
2021-07-11,Siskiyou,093,43540,2004,1915,390,2305,29
2021-07-11,Solano,095,438530,34171,33837,609,34446,268
2021-07-11,Sonoma,097,501317,31598,31352,365,31717,322
2021-07-11,Stanislaus,099,539301,57527,57230,6041,63271,1028
2021-07-11,Sutter,101,95872,9760,9728,90,9818,114
2021-07-11,Tehama,103,63373,5182,5138,587,5725,63
2021-07-11,Trinity,105,12862,497,340,100,440,3
2021-07-11,Tulare,107,460477,50648,49877,9101,58978,853
2021-07-11,Tuolumne,109,53932,4136,4116,45,4161,64
2021-07-11,Ventura,111,848112,82488,81875,3168,85043,1040
2021-07-11,Yolo,113,214977,14408,14285,309,14594,213
2021-07-11,Yuba,115,75493,6337,6260,129,6389,52
2021-07-10,Alameda,001,1643700,91309,90090,2003,92093,1252
2021-07-10,Alpine,002,1148,88,89,0,89,0
2021-07-10,Amador,005,37829,3780,3773,33,3806,47
2021-07-10,Butte,007,227075,12911,12764,1923,14687,202
2021-07-10,Calaveras,009,45235,2242,2214,14,2228,57
2021-07-10,Colusa,011,21464,1984,1969,329,2298,16
2021-07-10,Contra Costa,013,1133247,72416,71376,1339,72715,821
2021-07-10,Del Norte,015,27424,1502,1451,13,1464,8
2021-07-10,El Dorado,017,186661,10687,10508,806,11314,114
2021-07-10,Fresno,019,978130,104029,102675,8777,111452,1730
2021-07-10,Glenn,021,27897,2464,2440,571,3011,20
2021-07-10,Humboldt,023,135768,4659,4574,55,4629,51
2021-07-10,Imperial,025,180216,28931,28729,2697,31426,741
2021-07-10,Inyo,027,18085,1418,1415,12,1427,36
2021-07-10,Kern,029,883053,98379,97538,11207,108745,1346
2021-07-10,Kings,031,150075,23381,23090,1105,24195,246
2021-07-10,Lake,033,64148,3761,3667,13,3680,63
2021-07-10,Lassen,035,31185,5313,5290,118,5408,21
2021-07-10,Los Angeles,037,10098052,1224643,1212043,41600,1253643,24542
2021-07-10,Madera,039,155013,16943,16744,950,17694,241
2021-07-10,Marin,041,260295,14389,14194,263,14457,233
2021-07-10,Mariposa,043,17540,445,442,11,453,5
2021-07-10,Mendocino,045,87422,4268,4153,87,4240,49
2021-07-10,Merced,047,269075,31407,31328,1046,32374,470
2021-07-10,Modoc,049,8938,416,410,147,557,4
2021-07-10,Mono,051,14174,1272,1275,18,1293,3
2021-07-10,Monterey,053,433212,43498,43251,1864,45115,499
2021-07-10,Napa,055,140530,10113,10077,37,10114,81
2021-07-10,Nevada,057,99092,5095,5000,193,5193,72
2021-07-10,Orange,059,3164182,258944,256438,11623,268061,5135
2021-07-10,Placer,061,380077,24275,23916,1612,25528,302
2021-07-10,Plumas,063,18699,732,717,14,731,4
2021-07-10,Riverside,065,2383286,297691,293474,14127,307601,4541
2021-07-10,Sacramento,067,1510023,110505,109091,1901,110992,1682
2021-07-10,San Benito,069,59416,6165,6141,113,6254,63
2021-07-10,San Bernardino,071,2135413,296644,294932,9071,304003,5117
2021-07-10,San Diego,073,3302833,286256,283577,15859,299436,3783
2021-07-10,San Francisco,075,870044,37996,37338,1337,38675,559
2021-07-10,San Joaquin,077,732212,74931,74150,3669,77819,1412
2021-07-10,San Luis Obispo,079,281455,21689,21375,765,22140,258
2021-07-10,San Mateo,081,765935,43303,42948,501,43449,542
2021-07-10,Santa Barbara,083,443738,34859,34595,1133,35728,460
2021-07-10,Santa Clara,085,1922200,120554,119330,778,120108,2094
2021-07-10,Santa Cruz,087,273765,16432,16286,804,17090,207
2021-07-10,Shasta,089,179085,12700,12623,1662,14285,206
2021-07-10,Sierra,091,2930,66,61,12,73,0
2021-07-10,Siskiyou,093,43540,2002,1909,387,2296,29
2021-07-10,Solano,095,438530,34129,33678,603,34281,268
2021-07-10,Sonoma,097,501317,31547,31231,365,31596,317
2021-07-10,Stanislaus,099,539301,57491,57104,6031,63135,1026
2021-07-10,Sutter,101,95872,9748,9692,90,9782,114
2021-07-10,Tehama,103,63373,5179,5131,587,5718,63
2021-07-10,Trinity,105,12862,497,341,100,441,3
2021-07-10,Tulare,107,460477,50638,49850,9095,58945,853
2021-07-10,Tuolumne,109,53932,4134,4114,45,4159,64
2021-07-10,Ventura,111,848112,82443,81713,3150,84863,1039
2021-07-10,Yolo,113,214977,14387,14250,306,14556,213
2021-07-10,Yuba,115,75493,6327,6238,129,6367,52
2021-07-09,Alameda,001,1643700,91150,90090,1998,92088,1252
2021-07-09,Alpine,002,1148,88,89,0,89,0
2021-07-09,Amador,005,37829,3779,3773,33,3806,47
2021-07-09,Butte,007,227075,12899,12764,1921,14685,202
2021-07-09,Calaveras,009,45235,2240,2214,14,2228,57
2021-07-09,Colusa,011,21464,1983,1969,329,2298,16
2021-07-09,Contra Costa,013,1133247,72290,71376,1337,72713,821
2021-07-09,Del Norte,015,27424,1497,1451,13,1464,8
2021-07-09,El Dorado,017,186661,10672,10508,805,11313,114
2021-07-09,Fresno,019,978130,103974,102675,8770,111445,1730
2021-07-09,Glenn,021,27897,2463,2440,569,3009,20
2021-07-09,Humboldt,023,135768,4640,4574,55,4629,51
2021-07-09,Imperial,025,180216,28923,28729,2696,31425,741
2021-07-09,Inyo,027,18085,1417,1415,12,1427,36
2021-07-09,Kern,029,883053,98341,97538,11195,108733,1346
2021-07-09,Kings,031,150075,23370,23090,1104,24194,246
2021-07-09,Lake,033,64148,3747,3667,13,3680,63
2021-07-09,Lassen,035,31185,5311,5290,117,5407,21
2021-07-09,Los Angeles,037,10098052,1223639,1212043,41530,1253573,24542
2021-07-09,Madera,039,155013,16933,16744,949,17693,241
2021-07-09,Marin,041,260295,14368,14194,262,14456,233
2021-07-09,Mariposa,043,17540,445,442,11,453,5
2021-07-09,Mendocino,045,87422,4261,4153,87,4240,49
2021-07-09,Merced,047,269075,31392,31328,1046,32374,470
2021-07-09,Modoc,049,8938,416,410,147,557,4
2021-07-09,Mono,051,14174,1272,1275,18,1293,3
2021-07-09,Monterey,053,433212,43489,43251,1864,45115,499
2021-07-09,Napa,055,140530,10106,10077,37,10114,81
2021-07-09,Nevada,057,99092,5086,5000,193,5193,72
2021-07-09,Orange,059,3164182,258738,256438,11609,268047,5135
2021-07-09,Placer,061,380077,24253,23916,1606,25522,302
2021-07-09,Plumas,063,18699,730,717,14,731,4
2021-07-09,Riverside,065,2383286,297505,293474,14114,307588,4541
2021-07-09,Sacramento,067,1510023,110351,109091,1892,110983,1682
2021-07-09,San Benito,069,59416,6163,6141,113,6254,63
2021-07-09,San Bernardino,071,2135413,296492,294932,9064,303996,5117
2021-07-09,San Diego,073,3302833,285967,283577,15811,299388,3783
2021-07-09,San Francisco,075,870044,37916,37338,1330,38668,559
2021-07-09,San Joaquin,077,732212,74857,74150,3662,77812,1412
2021-07-09,San Luis Obispo,079,281455,21677,21375,765,22140,258
2021-07-09,San Mateo,081,765935,43259,42948,497,43445,542
2021-07-09,Santa Barbara,083,443738,34838,34595,1132,35727,460
2021-07-09,Santa Clara,085,1922200,120443,119330,778,120108,2094
2021-07-09,Santa Cruz,087,273765,16429,16286,804,17090,207
2021-07-09,Shasta,089,179085,12694,12623,1657,14280,206
2021-07-09,Sierra,091,2930,66,61,12,73,0
2021-07-09,Siskiyou,093,43540,2000,1909,386,2295,29
2021-07-09,Solano,095,438530,34093,33678,599,34277,268
2021-07-09,Sonoma,097,501317,31511,31231,365,31596,317
2021-07-09,Stanislaus,099,539301,57462,57104,6029,63133,1026
2021-07-09,Sutter,101,95872,9739,9692,90,9782,114
2021-07-09,Tehama,103,63373,5177,5131,587,5718,63
2021-07-09,Trinity,105,12862,496,341,97,438,3
2021-07-09,Tulare,107,460477,50625,49850,9089,58939,853
2021-07-09,Tuolumne,109,53932,4130,4114,45,4159,64
2021-07-09,Ventura,111,848112,82388,81713,3141,84854,1039
2021-07-09,Yolo,113,214977,14372,14250,302,14552,213
2021-07-09,Yuba,115,75493,6314,6238,129,6367,52
2021-07-08,Alameda,001,1643700,90944,90090,1995,92085,1252
2021-07-08,Alpine,002,1148,88,89,0,89,0
2021-07-08,Amador,005,37829,3777,3773,33,3806,47
2021-07-08,Butte,007,227075,12886,12764,1918,14682,202
2021-07-08,Calaveras,009,45235,2237,2214,13,2227,57
2021-07-08,Colusa,011,21464,1983,1969,329,2298,16
2021-07-08,Contra Costa,013,1133247,72162,71376,1332,72708,821
2021-07-08,Del Norte,015,27424,1495,1451,13,1464,8
2021-07-08,El Dorado,017,186661,10655,10508,798,11306,114
2021-07-08,Fresno,019,978130,103911,102675,8759,111434,1730
2021-07-08,Glenn,021,27897,2463,2440,569,3009,20
2021-07-08,Humboldt,023,135768,4624,4574,54,4628,51
2021-07-08,Imperial,025,180216,28911,28729,2695,31424,741
2021-07-08,Inyo,027,18085,1417,1415,12,1427,36
2021-07-08,Kern,029,883053,98293,97538,11180,108718,1346
2021-07-08,Kings,031,150075,23361,23090,1104,24194,246
2021-07-08,Lake,033,64148,3733,3667,13,3680,63
2021-07-08,Lassen,035,31185,5308,5290,117,5407,21
2021-07-08,Los Angeles,037,10098052,1222426,1212043,41436,1253479,24542
2021-07-08,Madera,039,155013,16917,16744,949,17693,241
2021-07-08,Marin,041,260295,14354,14194,262,14456,233
2021-07-08,Mariposa,043,17540,444,442,11,453,5
2021-07-08,Mendocino,045,87422,4258,4153,87,4240,49
2021-07-08,Merced,047,269075,31378,31328,1044,32372,470
2021-07-08,Modoc,049,8938,416,410,147,557,4
2021-07-08,Mono,051,14174,1272,1275,18,1293,3
2021-07-08,Monterey,053,433212,43469,43251,1858,45109,499
2021-07-08,Napa,055,140530,10102,10077,37,10114,81
2021-07-08,Nevada,057,99092,5080,5000,193,5193,72
2021-07-08,Orange,059,3164182,258543,256438,11587,268025,5135
2021-07-08,Placer,061,380077,24214,23916,1598,25514,302
2021-07-08,Plumas,063,18699,729,717,14,731,4
2021-07-08,Riverside,065,2383286,297304,293474,14098,307572,4541
2021-07-08,Sacramento,067,1510023,110129,109091,1887,110978,1682
2021-07-08,San Benito,069,59416,6160,6141,113,6254,63
2021-07-08,San Bernardino,071,2135413,296317,294932,9055,303987,5117
2021-07-08,San Diego,073,3302833,285640,283577,15763,299340,3783
2021-07-08,San Francisco,075,870044,37836,37338,1326,38664,559
2021-07-08,San Joaquin,077,732212,74769,74150,3649,77799,1412
2021-07-08,San Luis Obispo,079,281455,21665,21375,762,22137,258
2021-07-08,San Mateo,081,765935,43208,42948,496,43444,542
2021-07-08,Santa Barbara,083,443738,34811,34595,1130,35725,460
2021-07-08,Santa Clara,085,1922200,120350,119330,777,120107,2094
2021-07-08,Santa Cruz,087,273765,16423,16286,804,17090,207
2021-07-08,Shasta,089,179085,12688,12623,1653,14276,206
2021-07-08,Sierra,091,2930,66,61,12,73,0
2021-07-08,Siskiyou,093,43540,1995,1909,383,2292,29
2021-07-08,Solano,095,438530,34038,33678,593,34271,268
2021-07-08,Sonoma,097,501317,31480,31231,364,31595,317
2021-07-08,Stanislaus,099,539301,57435,57104,6025,63129,1026
2021-07-08,Sutter,101,95872,9725,9692,88,9780,114
2021-07-08,Tehama,103,63373,5174,5131,586,5717,63
2021-07-08,Trinity,105,12862,496,341,97,438,3
2021-07-08,Tulare,107,460477,50607,49850,9082,58932,853
2021-07-08,Tuolumne,109,53932,4128,4114,45,4159,64
2021-07-08,Ventura,111,848112,82324,81713,3125,84838,1039
2021-07-08,Yolo,113,214977,14352,14250,300,14550,213
2021-07-08,Yuba,115,75493,6306,6238,129,6367,52
2021-07-07,Alameda,001,1643700,90761,89995,1989,91984,1253
2021-07-07,Alpine,002,1148,88,89,0,89,0
2021-07-07,Amador,005,37829,3772,3770,33,3803,47
2021-07-07,Butte,007,227075,12873,12750,1913,14663,202
2021-07-07,Calaveras,009,45235,2230,2212,13,2225,57
2021-07-07,Colusa,011,21464,1979,1969,329,2298,16
2021-07-07,Contra Costa,013,1133247,72015,71308,1330,72638,821
2021-07-07,Del Norte,015,27424,1490,1446,13,1459,8
2021-07-07,El Dorado,017,186661,10635,10494,796,11290,114
2021-07-07,Fresno,019,978130,103861,102639,8752,111391,1729
2021-07-07,Glenn,021,27897,2463,2441,569,3010,20
2021-07-07,Humboldt,023,135768,4610,4566,54,4620,51
2021-07-07,Imperial,025,180216,28904,28701,2695,31396,740
2021-07-07,Inyo,027,18085,1416,1415,12,1427,36
2021-07-07,Kern,029,883053,98249,97507,11165,108672,1348
2021-07-07,Kings,031,150075,23348,23085,1101,24186,245
2021-07-07,Lake,033,64148,3714,3660,13,3673,63
2021-07-07,Lassen,035,31185,5308,5286,117,5403,21
2021-07-07,Los Angeles,037,10098052,1221245,1211316,41334,1252650,24531
2021-07-07,Madera,039,155013,16906,16733,947,17680,241
2021-07-07,Marin,041,260295,14335,14183,261,14444,233
2021-07-07,Mariposa,043,17540,442,442,11,453,5
2021-07-07,Mendocino,045,87422,4249,4145,87,4232,49
2021-07-07,Merced,047,269075,31363,31317,1044,32361,470
2021-07-07,Modoc,049,8938,416,410,147,557,4
2021-07-07,Mono,051,14174,1271,1274,18,1292,3
2021-07-07,Monterey,053,433212,43445,43233,1856,45089,494
2021-07-07,Napa,055,140530,10091,10078,37,10115,81
2021-07-07,Nevada,057,99092,5073,4996,193,5189,72
2021-07-07,Orange,059,3164182,258317,256301,11566,267867,5132
2021-07-07,Placer,061,380077,24178,23901,1588,25489,302
2021-07-07,Plumas,063,18699,729,710,14,724,4
2021-07-07,Riverside,065,2383286,297090,293331,14088,307419,4538
2021-07-07,Sacramento,067,1510023,109939,108954,1879,110833,1682
2021-07-07,San Benito,069,59416,6155,6137,113,6250,63
2021-07-07,San Bernardino,071,2135413,296148,294787,9048,303835,5087
2021-07-07,San Diego,073,3302833,285320,283377,15723,299100,3782
2021-07-07,San Francisco,075,870044,37744,37284,1323,38607,558
2021-07-07,San Joaquin,077,732212,74693,74095,3634,77729,1410
2021-07-07,San Luis Obispo,079,281455,21656,21360,760,22120,258
2021-07-07,San Mateo,081,765935,43154,42908,493,43401,542
2021-07-07,Santa Barbara,083,443738,34785,34582,1130,35712,460
2021-07-07,Santa Clara,085,1922200,120252,119250,776,120026,2094
2021-07-07,Santa Cruz,087,273765,16414,16279,803,17082,207
2021-07-07,Shasta,089,179085,12680,12613,1650,14263,206
2021-07-07,Sierra,091,2930,66,60,12,72,0
2021-07-07,Siskiyou,093,43540,1989,1908,379,2287,29
2021-07-07,Solano,095,438530,33989,33659,586,34245,268
2021-07-07,Sonoma,097,501317,31434,31172,364,31536,316
2021-07-07,Stanislaus,099,539301,57403,57102,6020,63122,1028
2021-07-07,Sutter,101,95872,9715,9683,88,9771,114
2021-07-07,Tehama,103,63373,5173,5129,586,5715,63
2021-07-07,Trinity,105,12862,496,341,97,438,3
2021-07-07,Tulare,107,460477,50603,49835,9073,58908,853
2021-07-07,Tuolumne,109,53932,4124,4115,44,4159,64
2021-07-07,Ventura,111,848112,82280,81608,3111,84719,1036
2021-07-07,Yolo,113,214977,14341,14236,297,14533,213
2021-07-07,Yuba,115,75493,6290,6233,129,6362,51
2021-07-06,Alameda,001,1643700,90566,89918,1981,91899,1253
2021-07-06,Alpine,002,1148,88,89,0,89,0
2021-07-06,Amador,005,37829,3771,3768,32,3800,47
2021-07-06,Butte,007,227075,12860,12744,1910,14654,201
2021-07-06,Calaveras,009,45235,2230,2211,13,2224,55
2021-07-06,Colusa,011,21464,1978,1967,326,2293,16
2021-07-06,Contra Costa,013,1133247,71886,71262,1327,72589,820
2021-07-06,Del Norte,015,27424,1486,1445,13,1458,8
2021-07-06,El Dorado,017,186661,10617,10484,794,11278,113
2021-07-06,Fresno,019,978130,103809,102616,8740,111356,1727
2021-07-06,Glenn,021,27897,2462,2438,569,3007,20
2021-07-06,Humboldt,023,135768,4596,4565,53,4618,49
2021-07-06,Imperial,025,180216,28889,28693,2693,31386,739
2021-07-06,Inyo,027,18085,1416,1412,12,1424,36
2021-07-06,Kern,029,883053,98207,97491,11154,108645,1346
2021-07-06,Kings,031,150075,23340,23077,1100,24177,245
2021-07-06,Lake,033,64148,3704,3659,13,3672,63
2021-07-06,Lassen,035,31185,5307,5288,116,5404,21
2021-07-06,Los Angeles,037,10098052,1220026,1210965,41238,1252203,24525
2021-07-06,Madera,039,155013,16894,16730,947,17677,241
2021-07-06,Marin,041,260295,14321,14181,261,14442,233
2021-07-06,Mariposa,043,17540,442,442,11,453,5
2021-07-06,Mendocino,045,87422,4242,4143,87,4230,49
2021-07-06,Merced,047,269075,31346,31317,1043,32360,470
2021-07-06,Modoc,049,8938,416,411,147,558,4
2021-07-06,Mono,051,14174,1270,1274,18,1292,3
2021-07-06,Monterey,053,433212,43423,43224,1854,45078,494
2021-07-06,Napa,055,140530,10080,10081,37,10118,81
2021-07-06,Nevada,057,99092,5064,4988,193,5181,72
2021-07-06,Orange,059,3164182,258073,256227,11549,267776,5129
2021-07-06,Placer,061,380077,24137,23876,1582,25458,302
2021-07-06,Plumas,063,18699,728,708,14,722,4
2021-07-06,Riverside,065,2383286,296887,293227,14070,307297,4539
2021-07-06,Sacramento,067,1510023,109728,108850,1871,110721,1679
2021-07-06,San Benito,069,59416,6151,6137,113,6250,63
2021-07-06,San Bernardino,071,2135413,295969,294712,9035,303747,5056
2021-07-06,San Diego,073,3302833,284962,283278,15664,298942,3782
2021-07-06,San Francisco,075,870044,37627,37251,1322,38573,558
2021-07-06,San Joaquin,077,732212,74623,74019,3622,77641,1410
2021-07-06,San Luis Obispo,079,281455,21639,21354,758,22112,257
2021-07-06,San Mateo,081,765935,43079,42895,493,43388,541
2021-07-06,Santa Barbara,083,443738,34766,34572,1129,35701,460
2021-07-06,Santa Clara,085,1922200,120134,119194,773,119967,2095
2021-07-06,Santa Cruz,087,273765,16409,16274,802,17076,207
2021-07-06,Shasta,089,179085,12670,12606,1648,14254,205
2021-07-06,Sierra,091,2930,65,60,12,72,0
2021-07-06,Siskiyou,093,43540,1986,1905,375,2280,29
2021-07-06,Solano,095,438530,33938,33619,583,34202,268
2021-07-06,Sonoma,097,501317,31371,31130,363,31493,316
2021-07-06,Stanislaus,099,539301,57354,57120,6009,63129,1029
2021-07-06,Sutter,101,95872,9706,9674,87,9761,114
2021-07-06,Tehama,103,63373,5170,5126,585,5711,63
2021-07-06,Trinity,105,12862,496,341,97,438,3
2021-07-06,Tulare,107,460477,50588,49826,9063,58889,853
2021-07-06,Tuolumne,109,53932,4122,4113,44,4157,64
2021-07-06,Ventura,111,848112,82240,81534,3086,84620,1033
2021-07-06,Yolo,113,214977,14319,14227,294,14521,213
2021-07-06,Yuba,115,75493,6279,6231,129,6360,51
2021-07-05,Alameda,001,1643700,90390,89892,1976,91868,1253
2021-07-05,Alpine,002,1148,88,89,0,89,0
2021-07-05,Amador,005,37829,3769,3768,32,3800,47
2021-07-05,Butte,007,227075,12852,12740,1901,14641,201
2021-07-05,Calaveras,009,45235,2228,2211,13,2224,55
2021-07-05,Colusa,011,21464,1976,1966,325,2291,16
2021-07-05,Contra Costa,013,1133247,71758,71235,1327,72562,820
2021-07-05,Del Norte,015,27424,1482,1446,13,1459,8
2021-07-05,El Dorado,017,186661,10592,10481,794,11275,113
2021-07-05,Fresno,019,978130,103750,102592,8725,111317,1727
2021-07-05,Glenn,021,27897,2459,2438,568,3006,20
2021-07-05,Humboldt,023,135768,4582,4563,53,4616,49
2021-07-05,Imperial,025,180216,28870,28689,2693,31382,739
2021-07-05,Inyo,027,18085,1416,1412,12,1424,36
2021-07-05,Kern,029,883053,98159,97479,11134,108613,1346
2021-07-05,Kings,031,150075,23332,23065,1097,24162,245
2021-07-05,Lake,033,64148,3686,3645,13,3658,63
2021-07-05,Lassen,035,31185,5304,5288,115,5403,21
2021-07-05,Los Angeles,037,10098052,1218832,1210653,41136,1251789,24522
2021-07-05,Madera,039,155013,16883,16722,946,17668,241
2021-07-05,Marin,041,260295,14300,14178,261,14439,233
2021-07-05,Mariposa,043,17540,442,441,11,452,5
2021-07-05,Mendocino,045,87422,4237,4139,87,4226,49
2021-07-05,Merced,047,269075,31326,31312,1043,32355,470
2021-07-05,Modoc,049,8938,416,410,147,557,4
2021-07-05,Mono,051,14174,1270,1273,18,1291,3
2021-07-05,Monterey,053,433212,43403,43218,1849,45067,494
2021-07-05,Napa,055,140530,10074,10074,37,10111,81
2021-07-05,Nevada,057,99092,5046,4980,192,5172,72
2021-07-05,Orange,059,3164182,257872,256173,11531,267704,5129
2021-07-05,Placer,061,380077,24090,23867,1574,25441,302
2021-07-05,Plumas,063,18699,727,708,14,722,4
2021-07-05,Riverside,065,2383286,296696,293193,14058,307251,4539
2021-07-05,Sacramento,067,1510023,109546,108758,1861,110619,1679
2021-07-05,San Benito,069,59416,6144,6137,113,6250,63
2021-07-05,San Bernardino,071,2135413,295807,294647,9028,303675,5037
2021-07-05,San Diego,073,3302833,284599,282834,15620,298454,3782
2021-07-05,San Francisco,075,870044,37538,37237,1317,38554,558
2021-07-05,San Joaquin,077,732212,74553,73999,3617,77616,1410
2021-07-05,San Luis Obispo,079,281455,21625,21351,757,22108,257
2021-07-05,San Mateo,081,765935,43027,42876,490,43366,541
2021-07-05,Santa Barbara,083,443738,34746,34569,1129,35698,460
2021-07-05,Santa Clara,085,1922200,120028,119184,771,119955,2095
2021-07-05,Santa Cruz,087,273765,16400,16273,801,17074,208
2021-07-05,Shasta,089,179085,12661,12603,1646,14249,205
2021-07-05,Sierra,091,2930,65,60,12,72,0
2021-07-05,Siskiyou,093,43540,1984,1904,374,2278,29
2021-07-05,Solano,095,438530,33868,33612,577,34189,268
2021-07-05,Sonoma,097,501317,31318,31116,363,31479,316
2021-07-05,Stanislaus,099,539301,57324,57109,5998,63107,1029
2021-07-05,Sutter,101,95872,9694,9667,87,9754,114
2021-07-05,Tehama,103,63373,5169,5125,585,5710,63
2021-07-05,Trinity,105,12862,495,341,96,437,3
2021-07-05,Tulare,107,460477,50569,49818,9060,58878,853
2021-07-05,Tuolumne,109,53932,4118,4112,44,4156,64
2021-07-05,Ventura,111,848112,82189,81519,3067,84586,1033
2021-07-05,Yolo,113,214977,14299,14225,286,14511,213
2021-07-05,Yuba,115,75493,6271,6223,129,6352,51
2021-07-04,Alameda,001,1643700,90226,89683,1973,91656,1253
2021-07-04,Alpine,002,1148,88,89,0,89,0
2021-07-04,Amador,005,37829,3768,3758,32,3790,46
2021-07-04,Butte,007,227075,12842,12684,1901,14585,201
2021-07-04,Calaveras,009,45235,2224,2200,13,2213,55
2021-07-04,Colusa,011,21464,1976,1969,325,2294,15
2021-07-04,Contra Costa,013,1133247,71652,70941,1322,72263,818
2021-07-04,Del Norte,015,27424,1479,1439,13,1452,8
2021-07-04,El Dorado,017,186661,10583,10433,793,11226,113
2021-07-04,Fresno,019,978130,103704,102512,8710,111222,1727
2021-07-04,Glenn,021,27897,2457,2442,567,3009,20
2021-07-04,Humboldt,023,135768,4574,4530,53,4583,49
2021-07-04,Imperial,025,180216,28864,28661,2693,31354,739
2021-07-04,Inyo,027,18085,1416,1412,12,1424,35
2021-07-04,Kern,029,883053,98140,97421,11125,108546,1347
2021-07-04,Kings,031,150075,23324,23051,1097,24148,245
2021-07-04,Lake,033,64148,3676,3623,13,3636,62
2021-07-04,Lassen,035,31185,5303,5277,115,5392,20
2021-07-04,Los Angeles,037,10098052,1217968,1208705,41053,1249758,24506
2021-07-04,Madera,039,155013,16871,16696,945,17641,240
2021-07-04,Marin,041,260295,14285,14143,261,14404,233
2021-07-04,Mariposa,043,17540,442,441,11,452,5
2021-07-04,Mendocino,045,87422,4227,4122,87,4209,49
2021-07-04,Merced,047,269075,31315,31297,1043,32340,469
2021-07-04,Modoc,049,8938,416,410,147,557,4
2021-07-04,Mono,051,14174,1270,1275,18,1293,3
2021-07-04,Monterey,053,433212,43387,43212,1848,45060,492
2021-07-04,Napa,055,140530,10066,10045,36,10081,81
2021-07-04,Nevada,057,99092,5036,4966,192,5158,72
2021-07-04,Orange,059,3164182,257697,255823,11511,267334,5126
2021-07-04,Placer,061,380077,24053,23764,1568,25332,299
2021-07-04,Plumas,063,18699,727,707,14,721,4
2021-07-04,Riverside,065,2383286,296536,293260,14052,307312,4536
2021-07-04,Sacramento,067,1510023,109376,108257,1855,110112,1676
2021-07-04,San Benito,069,59416,6137,6108,113,6221,63
2021-07-04,San Bernardino,071,2135413,295639,294294,9021,303315,5003
2021-07-04,San Diego,073,3302833,284374,282692,15583,298275,3780
2021-07-04,San Francisco,075,870044,37479,37107,1311,38418,558
2021-07-04,San Joaquin,077,732212,74487,73841,3609,77450,1409
2021-07-04,San Luis Obispo,079,281455,21619,21330,756,22086,256
2021-07-04,San Mateo,081,765935,42993,42691,490,43181,541
2021-07-04,Santa Barbara,083,443738,34723,34526,1128,35654,456
2021-07-04,Santa Clara,085,1922200,119938,118966,770,119736,2090
2021-07-04,Santa Cruz,087,273765,16389,16254,801,17055,208
2021-07-04,Shasta,089,179085,12657,12582,1645,14227,204
2021-07-04,Sierra,091,2930,64,60,12,72,0
2021-07-04,Siskiyou,093,43540,1980,1899,373,2272,29
2021-07-04,Solano,095,438530,33827,33486,575,34061,268
2021-07-04,Sonoma,097,501317,31288,31000,363,31363,316
2021-07-04,Stanislaus,099,539301,57308,57018,5992,63010,1018
2021-07-04,Sutter,101,95872,9683,9644,87,9731,114
2021-07-04,Tehama,103,63373,5165,5124,585,5709,63
2021-07-04,Trinity,105,12862,494,341,96,437,3
2021-07-04,Tulare,107,460477,50559,49789,9057,58846,853
2021-07-04,Tuolumne,109,53932,4110,4113,44,4157,64
2021-07-04,Ventura,111,848112,82131,81425,3056,84481,1033
2021-07-04,Yolo,113,214977,14278,14188,283,14471,213
2021-07-04,Yuba,115,75493,6263,6197,129,6326,51
2021-07-03,Alameda,001,1643700,90139,89683,1965,91648,1253
2021-07-03,Alpine,002,1148,88,89,0,89,0
2021-07-03,Amador,005,37829,3768,3758,32,3790,46
2021-07-03,Butte,007,227075,12838,12684,1900,14584,201
2021-07-03,Calaveras,009,45235,2222,2200,13,2213,55
2021-07-03,Colusa,011,21464,1975,1969,325,2294,15
2021-07-03,Contra Costa,013,1133247,71592,70941,1319,72260,818
2021-07-03,Del Norte,015,27424,1476,1439,13,1452,8
2021-07-03,El Dorado,017,186661,10577,10433,791,11224,113
2021-07-03,Fresno,019,978130,103680,102512,8701,111213,1727
2021-07-03,Glenn,021,27897,2457,2442,567,3009,20
2021-07-03,Humboldt,023,135768,4569,4530,53,4583,49
2021-07-03,Imperial,025,180216,28854,28661,2693,31354,739
2021-07-03,Inyo,027,18085,1416,1412,12,1424,35
2021-07-03,Kern,029,883053,98120,97421,11117,108538,1347
2021-07-03,Kings,031,150075,23324,23051,1096,24147,245
2021-07-03,Lake,033,64148,3666,3623,13,3636,62
2021-07-03,Lassen,035,31185,5302,5277,115,5392,20
2021-07-03,Los Angeles,037,10098052,1217539,1208705,41022,1249727,24506
2021-07-03,Madera,039,155013,16862,16696,942,17638,240
2021-07-03,Marin,041,260295,14281,14143,261,14404,233
2021-07-03,Mariposa,043,17540,442,441,11,452,5
2021-07-03,Mendocino,045,87422,4226,4122,87,4209,49
2021-07-03,Merced,047,269075,31302,31297,1042,32339,469
2021-07-03,Modoc,049,8938,415,410,147,557,4
2021-07-03,Mono,051,14174,1269,1275,18,1293,3
2021-07-03,Monterey,053,433212,43375,43212,1846,45058,492
2021-07-03,Napa,055,140530,10061,10045,36,10081,81
2021-07-03,Nevada,057,99092,5022,4966,192,5158,72
2021-07-03,Orange,059,3164182,257613,255823,11504,267327,5126
2021-07-03,Placer,061,380077,24034,23764,1565,25329,299
2021-07-03,Plumas,063,18699,727,707,14,721,4
2021-07-03,Riverside,065,2383286,296444,293260,14048,307308,4536
2021-07-03,Sacramento,067,1510023,109302,108257,1852,110109,1676
2021-07-03,San Benito,069,59416,6130,6108,113,6221,63
2021-07-03,San Bernardino,071,2135413,295549,294294,9018,303312,5003
2021-07-03,San Diego,073,3302833,284243,282692,15564,298256,3780
2021-07-03,San Francisco,075,870044,37438,37107,1308,38415,558
2021-07-03,San Joaquin,077,732212,74451,73841,3604,77445,1409
2021-07-03,San Luis Obispo,079,281455,21607,21330,756,22086,256
2021-07-03,San Mateo,081,765935,42968,42691,489,43180,541
2021-07-03,Santa Barbara,083,443738,34714,34526,1127,35653,456
2021-07-03,Santa Clara,085,1922200,119891,118966,770,119736,2090
2021-07-03,Santa Cruz,087,273765,16382,16254,801,17055,208
2021-07-03,Shasta,089,179085,12653,12582,1643,14225,204
2021-07-03,Sierra,091,2930,64,60,12,72,0
2021-07-03,Siskiyou,093,43540,1979,1899,372,2271,29
2021-07-03,Solano,095,438530,33783,33486,575,34061,268
2021-07-03,Sonoma,097,501317,31254,31000,363,31363,316
2021-07-03,Stanislaus,099,539301,57297,57018,5985,63003,1018
2021-07-03,Sutter,101,95872,9673,9644,87,9731,114
2021-07-03,Tehama,103,63373,5163,5124,585,5709,63
2021-07-03,Trinity,105,12862,494,341,96,437,3
2021-07-03,Tulare,107,460477,50553,49789,9051,58840,853
2021-07-03,Tuolumne,109,53932,4109,4113,44,4157,64
2021-07-03,Ventura,111,848112,82101,81425,3048,84473,1033
2021-07-03,Yolo,113,214977,14268,14188,280,14468,213
2021-07-03,Yuba,115,75493,6257,6197,129,6326,51
2021-07-02,Alameda,001,1643700,90055,89683,1963,91646,1253
2021-07-02,Alpine,002,1148,88,89,0,89,0
2021-07-02,Amador,005,37829,3766,3758,32,3790,46
2021-07-02,Butte,007,227075,12831,12684,1900,14584,201
2021-07-02,Calaveras,009,45235,2220,2200,13,2213,55
2021-07-02,Colusa,011,21464,1974,1969,324,2293,15
2021-07-02,Contra Costa,013,1133247,71522,70941,1315,72256,818
2021-07-02,Del Norte,015,27424,1476,1439,13,1452,8
2021-07-02,El Dorado,017,186661,10569,10433,791,11224,113
2021-07-02,Fresno,019,978130,103652,102512,8695,111207,1727
2021-07-02,Glenn,021,27897,2456,2442,566,3008,20
2021-07-02,Humboldt,023,135768,4566,4530,52,4582,49
2021-07-02,Imperial,025,180216,28848,28661,2692,31353,739
2021-07-02,Inyo,027,18085,1416,1412,12,1424,35
2021-07-02,Kern,029,883053,98102,97421,11109,108530,1347
2021-07-02,Kings,031,150075,23314,23051,1096,24147,245
2021-07-02,Lake,033,64148,3660,3623,13,3636,62
2021-07-02,Lassen,035,31185,5302,5277,115,5392,20
2021-07-02,Los Angeles,037,10098052,1217065,1208705,40984,1249689,24506
2021-07-02,Madera,039,155013,16853,16696,941,17637,240
2021-07-02,Marin,041,260295,14277,14143,261,14404,233
2021-07-02,Mariposa,043,17540,442,441,11,452,5
2021-07-02,Mendocino,045,87422,4222,4122,86,4208,49
2021-07-02,Merced,047,269075,31293,31297,1042,32339,469
2021-07-02,Modoc,049,8938,415,410,147,557,4
2021-07-02,Mono,051,14174,1268,1275,18,1293,3
2021-07-02,Monterey,053,433212,43367,43212,1845,45057,492
2021-07-02,Napa,055,140530,10056,10045,36,10081,81
2021-07-02,Nevada,057,99092,5013,4966,192,5158,72
2021-07-02,Orange,059,3164182,257501,255823,11497,267320,5126
2021-07-02,Placer,061,380077,24017,23764,1558,25322,299
2021-07-02,Plumas,063,18699,727,707,14,721,4
2021-07-02,Riverside,065,2383286,296346,293260,14043,307303,4536
2021-07-02,Sacramento,067,1510023,109224,108257,1851,110108,1676
2021-07-02,San Benito,069,59416,6127,6108,113,6221,63
2021-07-02,San Bernardino,071,2135413,295462,294294,9016,303310,5003
2021-07-02,San Diego,073,3302833,284098,282692,15538,298230,3780
2021-07-02,San Francisco,075,870044,37390,37107,1306,38413,558
2021-07-02,San Joaquin,077,732212,74419,73841,3598,77439,1409
2021-07-02,San Luis Obispo,079,281455,21601,21330,755,22085,256
2021-07-02,San Mateo,081,765935,42933,42691,489,43180,541
2021-07-02,Santa Barbara,083,443738,34704,34526,1127,35653,456
2021-07-02,Santa Clara,085,1922200,119813,118966,770,119736,2090
2021-07-02,Santa Cruz,087,273765,16378,16254,801,17055,208
2021-07-02,Shasta,089,179085,12649,12582,1643,14225,204
2021-07-02,Sierra,091,2930,63,60,12,72,0
2021-07-02,Siskiyou,093,43540,1976,1899,371,2270,29
2021-07-02,Solano,095,438530,33758,33486,575,34061,268
2021-07-02,Sonoma,097,501317,31231,31000,363,31363,316
2021-07-02,Stanislaus,099,539301,57280,57018,5984,63002,1018
2021-07-02,Sutter,101,95872,9669,9644,87,9731,114
2021-07-02,Tehama,103,63373,5161,5124,583,5707,63
2021-07-02,Trinity,105,12862,494,341,96,437,3
2021-07-02,Tulare,107,460477,50543,49789,9043,58832,853
2021-07-02,Tuolumne,109,53932,4106,4113,44,4157,64
2021-07-02,Ventura,111,848112,82058,81425,3040,84465,1033
2021-07-02,Yolo,113,214977,14252,14188,278,14466,213
2021-07-02,Yuba,115,75493,6249,6197,129,6326,51
2021-07-01,Alameda,001,1643700,89954,89683,1961,91644,1253
2021-07-01,Alpine,002,1148,88,89,0,89,0
2021-07-01,Amador,005,37829,3765,3758,32,3790,46
2021-07-01,Butte,007,227075,12820,12684,1898,14582,201
2021-07-01,Calaveras,009,45235,2218,2200,13,2213,55
2021-07-01,Colusa,011,21464,1974,1969,322,2291,15
2021-07-01,Contra Costa,013,1133247,71450,70941,1315,72256,818
2021-07-01,Del Norte,015,27424,1475,1439,13,1452,8
2021-07-01,El Dorado,017,186661,10557,10433,791,11224,113
2021-07-01,Fresno,019,978130,103613,102512,8690,111202,1727
2021-07-01,Glenn,021,27897,2456,2442,566,3008,20
2021-07-01,Humboldt,023,135768,4564,4530,52,4582,49
2021-07-01,Imperial,025,180216,28831,28661,2692,31353,739
2021-07-01,Inyo,027,18085,1416,1412,12,1424,35
2021-07-01,Kern,029,883053,98076,97421,11099,108520,1347
2021-07-01,Kings,031,150075,23300,23051,1096,24147,245
2021-07-01,Lake,033,64148,3657,3623,13,3636,62
2021-07-01,Lassen,035,31185,5300,5277,115,5392,20
2021-07-01,Los Angeles,037,10098052,1216461,1208705,40929,1249634,24506
2021-07-01,Madera,039,155013,16844,16696,940,17636,240
2021-07-01,Marin,041,260295,14273,14143,261,14404,233
2021-07-01,Mariposa,043,17540,442,441,11,452,5
2021-07-01,Mendocino,045,87422,4218,4122,85,4207,49
2021-07-01,Merced,047,269075,31287,31297,1042,32339,469
2021-07-01,Modoc,049,8938,415,410,147,557,4
2021-07-01,Mono,051,14174,1267,1275,18,1293,3
2021-07-01,Monterey,053,433212,43359,43212,1842,45054,492
2021-07-01,Napa,055,140530,10049,10045,36,10081,81
2021-07-01,Nevada,057,99092,5008,4966,192,5158,72
2021-07-01,Orange,059,3164182,257381,255823,11478,267301,5126
2021-07-01,Placer,061,380077,23999,23764,1555,25319,299
2021-07-01,Plumas,063,18699,724,707,12,719,4
2021-07-01,Riverside,065,2383286,296237,293260,14035,307295,4536
2021-07-01,Sacramento,067,1510023,109099,108257,1844,110101,1676
2021-07-01,San Benito,069,59416,6123,6108,113,6221,63
2021-07-01,San Bernardino,071,2135413,295341,294294,9011,303305,5003
2021-07-01,San Diego,073,3302833,283919,282692,15501,298193,3780
2021-07-01,San Francisco,075,870044,37353,37107,1304,38411,558
2021-07-01,San Joaquin,077,732212,74368,73841,3594,77435,1409
2021-07-01,San Luis Obispo,079,281455,21586,21330,754,22084,256
2021-07-01,San Mateo,081,765935,42905,42691,488,43179,541
2021-07-01,Santa Barbara,083,443738,34691,34526,1127,35653,456
2021-07-01,Santa Clara,085,1922200,119764,118966,770,119736,2090
2021-07-01,Santa Cruz,087,273765,16373,16254,801,17055,208
2021-07-01,Shasta,089,179085,12641,12582,1642,14224,204
2021-07-01,Sierra,091,2930,63,60,12,72,0
2021-07-01,Siskiyou,093,43540,1976,1899,371,2270,29
2021-07-01,Solano,095,438530,33717,33486,574,34060,268
2021-07-01,Sonoma,097,501317,31187,31000,363,31363,316
2021-07-01,Stanislaus,099,539301,57263,57018,5980,62998,1018
2021-07-01,Sutter,101,95872,9660,9644,87,9731,114
2021-07-01,Tehama,103,63373,5161,5124,582,5706,63
2021-07-01,Trinity,105,12862,494,341,96,437,3
2021-07-01,Tulare,107,460477,50534,49789,9036,58825,853
2021-07-01,Tuolumne,109,53932,4099,4113,44,4157,64
2021-07-01,Ventura,111,848112,82027,81425,3030,84455,1033
2021-07-01,Yolo,113,214977,14236,14188,276,14464,213
2021-07-01,Yuba,115,75493,6242,6197,129,6326,51
2021-06-30,Alameda,001,1643700,89872,89597,1957,91554,1256
2021-06-30,Alpine,002,1148,88,89,0,89,0
2021-06-30,Amador,005,37829,3763,3756,32,3788,46
2021-06-30,Butte,007,227075,12813,12676,1889,14565,201
2021-06-30,Calaveras,009,45235,2212,2198,13,2211,55
2021-06-30,Colusa,011,21464,1972,1967,319,2286,15
2021-06-30,Contra Costa,013,1133247,71385,70869,1312,72181,818
2021-06-30,Del Norte,015,27424,1470,1435,13,1448,8
2021-06-30,El Dorado,017,186661,10537,10420,791,11211,113
2021-06-30,Fresno,019,978130,103575,102490,8687,111177,1727
2021-06-30,Glenn,021,27897,2454,2440,566,3006,20
2021-06-30,Humboldt,023,135768,4548,4522,50,4572,49
2021-06-30,Imperial,025,180216,28823,28651,2692,31343,739
2021-06-30,Inyo,027,18085,1416,1409,12,1421,35
2021-06-30,Kern,029,883053,98035,97267,11087,108354,1348
2021-06-30,Kings,031,150075,23295,23038,1095,24133,245
2021-06-30,Lake,033,64148,3644,3601,13,3614,56
2021-06-30,Lassen,035,31185,5295,5269,115,5384,20
2021-06-30,Los Angeles,037,10098052,1215787,1208246,40884,1249130,24499
2021-06-30,Madera,039,155013,16836,16688,938,17626,240
2021-06-30,Marin,041,260295,14264,14133,260,14393,232
2021-06-30,Mariposa,043,17540,441,441,11,452,5
2021-06-30,Mendocino,045,87422,4208,4115,85,4200,49
2021-06-30,Merced,047,269075,31277,31286,1042,32328,469
2021-06-30,Modoc,049,8938,415,410,147,557,4
2021-06-30,Mono,051,14174,1267,1275,18,1293,3
2021-06-30,Monterey,053,433212,43354,43209,1840,45049,492
2021-06-30,Napa,055,140530,10041,10039,36,10075,81
2021-06-30,Nevada,057,99092,4997,4958,192,5150,72
2021-06-30,Orange,059,3164182,257256,255764,11468,267232,5125
2021-06-30,Placer,061,380077,23975,23721,1552,25273,299
2021-06-30,Plumas,063,18699,724,705,12,717,4
2021-06-30,Riverside,065,2383286,296123,293280,14027,307307,4535
2021-06-30,Sacramento,067,1510023,108960,108137,1840,109977,1676
2021-06-30,San Benito,069,59416,6119,6105,113,6218,63
2021-06-30,San Bernardino,071,2135413,295181,294211,9006,303217,4975
2021-06-30,San Diego,073,3302833,283783,282583,15473,298056,3780
2021-06-30,San Francisco,075,870044,37305,37065,1299,38364,558
2021-06-30,San Joaquin,077,732212,74306,73777,3593,77370,1409
2021-06-30,San Luis Obispo,079,281455,21573,21326,753,22079,256
2021-06-30,San Mateo,081,765935,42868,42599,487,43086,537
2021-06-30,Santa Barbara,083,443738,34675,34521,1127,35648,456
2021-06-30,Santa Clara,085,1922200,119717,118930,767,119697,2090
2021-06-30,Santa Cruz,087,273765,16367,16250,801,17051,208
2021-06-30,Shasta,089,179085,12635,12564,1642,14206,204
2021-06-30,Sierra,091,2930,63,60,12,72,0
2021-06-30,Siskiyou,093,43540,1974,1900,368,2268,29
2021-06-30,Solano,095,438530,33678,33453,572,34025,268
2021-06-30,Sonoma,097,501317,31157,30947,363,31310,316
2021-06-30,Stanislaus,099,539301,57246,56997,5979,62976,1018
2021-06-30,Sutter,101,95872,9650,9638,87,9725,114
2021-06-30,Tehama,103,63373,5159,5124,582,5706,63
2021-06-30,Trinity,105,12862,494,341,96,437,3
2021-06-30,Tulare,107,460477,50523,49764,9025,58789,853
2021-06-30,Tuolumne,109,53932,4096,4112,44,4156,64
2021-06-30,Ventura,111,848112,81984,81392,3025,84417,1032
2021-06-30,Yolo,113,214977,14230,14178,273,14451,213
2021-06-30,Yuba,115,75493,6235,6191,129,6320,51
2021-06-29,Alameda,001,1643700,89766,89519,1955,91474,1257
2021-06-29,Alpine,002,1148,88,89,0,89,0
2021-06-29,Amador,005,37829,3759,3754,32,3786,46
2021-06-29,Butte,007,227075,12805,12669,1889,14558,201
2021-06-29,Calaveras,009,45235,2206,2198,13,2211,55
2021-06-29,Colusa,011,21464,1970,1967,319,2286,15
2021-06-29,Contra Costa,013,1133247,71311,70775,1311,72086,817
2021-06-29,Del Norte,015,27424,1469,1435,13,1448,8
2021-06-29,El Dorado,017,186661,10524,10403,787,11190,113
2021-06-29,Fresno,019,978130,103542,102464,8684,111148,1725
2021-06-29,Glenn,021,27897,2453,2439,566,3005,20
2021-06-29,Humboldt,023,135768,4544,4514,49,4563,49
2021-06-29,Imperial,025,180216,28814,28645,2691,31336,737
2021-06-29,Inyo,027,18085,1416,1408,12,1420,35
2021-06-29,Kern,029,883053,98014,97173,11081,108254,1347
2021-06-29,Kings,031,150075,23286,23035,1094,24129,245
2021-06-29,Lake,033,64148,3638,3594,13,3607,56
2021-06-29,Lassen,035,31185,5288,5268,115,5383,20
2021-06-29,Los Angeles,037,10098052,1215173,1207895,40856,1248751,24498
2021-06-29,Madera,039,155013,16832,16680,937,17617,240
2021-06-29,Marin,041,260295,14252,14127,260,14387,232
2021-06-29,Mariposa,043,17540,441,441,11,452,5
2021-06-29,Mendocino,045,87422,4204,4107,84,4191,49
2021-06-29,Merced,047,269075,31265,31277,1042,32319,469
2021-06-29,Modoc,049,8938,414,408,147,555,3
2021-06-29,Mono,051,14174,1267,1275,18,1293,3
2021-06-29,Monterey,053,433212,43344,43196,1838,45034,471
2021-06-29,Napa,055,140530,10035,10033,36,10069,81
2021-06-29,Nevada,057,99092,4990,4952,192,5144,72
2021-06-29,Orange,059,3164182,257155,255686,11453,267139,5124
2021-06-29,Placer,061,380077,23951,23693,1550,25243,299
2021-06-29,Plumas,063,18699,724,704,12,716,4
2021-06-29,Riverside,065,2383286,296023,292962,14020,306982,4524
2021-06-29,Sacramento,067,1510023,108807,108067,1836,109903,1677
2021-06-29,San Benito,069,59416,6108,6099,113,6212,63
2021-06-29,San Bernardino,071,2135413,295069,294118,9005,303123,4940
2021-06-29,San Diego,073,3302833,283627,282499,15446,297945,3780
2021-06-29,San Francisco,075,870044,37266,37041,1296,38337,558
2021-06-29,San Joaquin,077,732212,74258,73724,3590,77314,1409
2021-06-29,San Luis Obispo,079,281455,21563,21324,752,22076,256
2021-06-29,San Mateo,081,765935,42834,42540,487,43027,540
2021-06-29,Santa Barbara,083,443738,34665,34507,1126,35633,455
2021-06-29,Santa Clara,085,1922200,119663,118893,766,119659,2090
2021-06-29,Santa Cruz,087,273765,16361,16249,801,17050,208
2021-06-29,Shasta,089,179085,12623,12564,1641,14205,204
2021-06-29,Sierra,091,2930,63,59,12,71,0
2021-06-29,Siskiyou,093,43540,1971,1897,364,2261,29
2021-06-29,Solano,095,438530,33645,33440,570,34010,268
2021-06-29,Sonoma,097,501317,31115,30950,361,31311,316
2021-06-29,Stanislaus,099,539301,57225,56980,5972,62952,1018
2021-06-29,Sutter,101,95872,9639,9634,87,9721,114
2021-06-29,Tehama,103,63373,5159,5124,582,5706,63
2021-06-29,Trinity,105,12862,494,341,96,437,3
2021-06-29,Tulare,107,460477,50510,49751,9020,58771,852
2021-06-29,Tuolumne,109,53932,4094,4111,44,4155,64
2021-06-29,Ventura,111,848112,81946,81363,3019,84382,1032
2021-06-29,Yolo,113,214977,14218,14171,272,14443,213
2021-06-29,Yuba,115,75493,6225,6188,129,6317,51
2021-06-28,Alameda,001,1643700,89671,89638,1952,91590,1259
2021-06-28,Alpine,002,1148,88,89,0,89,0
2021-06-28,Amador,005,37829,3758,3753,32,3785,46
2021-06-28,Butte,007,227075,12796,12697,1887,14584,198
2021-06-28,Calaveras,009,45235,2203,2203,13,2216,55
2021-06-28,Colusa,011,21464,1968,1974,319,2293,15
2021-06-28,Contra Costa,013,1133247,71236,70807,1309,72116,816
2021-06-28,Del Norte,015,27424,1469,1436,13,1449,8
2021-06-28,El Dorado,017,186661,10514,10422,783,11205,115
2021-06-28,Fresno,019,978130,103511,103121,8682,111803,1727
2021-06-28,Glenn,021,27897,2453,2439,566,3005,20
2021-06-28,Humboldt,023,135768,4537,4520,48,4568,49
2021-06-28,Imperial,025,180216,28806,28981,2690,31671,741
2021-06-28,Inyo,027,18085,1413,1407,12,1419,35
2021-06-28,Kern,029,883053,97995,97252,11076,108328,1348
2021-06-28,Kings,031,150075,23280,23134,1094,24228,246
2021-06-28,Lake,033,64148,3631,3591,13,3604,56
2021-06-28,Lassen,035,31185,5286,5268,115,5383,20
2021-06-28,Los Angeles,037,10098052,1214653,1207714,40822,1248536,24496
2021-06-28,Madera,039,155013,16821,16683,936,17619,240
2021-06-28,Marin,041,260295,14237,14186,260,14446,232
2021-06-28,Mariposa,043,17540,441,440,11,451,5
2021-06-28,Mendocino,045,87422,4195,4102,83,4185,49
2021-06-28,Merced,047,269075,31253,31277,1042,32319,469
2021-06-28,Modoc,049,8938,414,411,146,557,3
2021-06-28,Mono,051,14174,1267,1276,18,1294,3
2021-06-28,Monterey,053,433212,43340,43202,1837,45039,462
2021-06-28,Napa,055,140530,10026,10050,35,10085,81
2021-06-28,Nevada,057,99092,4986,4951,192,5143,72
2021-06-28,Orange,059,3164182,257066,255755,11439,267194,5123
2021-06-28,Placer,061,380077,23935,23756,1546,25302,299
2021-06-28,Plumas,063,18699,722,704,12,716,4
2021-06-28,Riverside,065,2383286,295897,292647,14008,306655,4507
2021-06-28,Sacramento,067,1510023,108675,108342,1831,110173,1675
2021-06-28,San Benito,069,59416,6106,6101,113,6214,63
2021-06-28,San Bernardino,071,2135413,294969,294151,9000,303151,4928
2021-06-28,San Diego,073,3302833,283463,282417,15417,297834,3780
2021-06-28,San Francisco,075,870044,37231,37372,1294,38666,559
2021-06-28,San Joaquin,077,732212,74211,73973,3587,77560,1411
2021-06-28,San Luis Obispo,079,281455,21559,21340,751,22091,256
2021-06-28,San Mateo,081,765935,42800,42927,486,43413,540
2021-06-28,Santa Barbara,083,443738,34658,34534,1124,35658,455
2021-06-28,Santa Clara,085,1922200,119599,120377,765,121142,2103
2021-06-28,Santa Cruz,087,273765,16356,16245,801,17046,208
2021-06-28,Shasta,089,179085,12619,12642,1639,14281,203
2021-06-28,Sierra,091,2930,63,58,12,70,0
2021-06-28,Siskiyou,093,43540,1970,1896,364,2260,29
2021-06-28,Solano,095,438530,33609,33524,568,34092,267
2021-06-28,Sonoma,097,501317,31078,31137,360,31497,315
2021-06-28,Stanislaus,099,539301,57207,57047,5968,63015,1018
2021-06-28,Sutter,101,95872,9635,9682,87,9769,114
2021-06-28,Tehama,103,63373,5157,5122,582,5704,63
2021-06-28,Trinity,105,12862,494,341,96,437,3
2021-06-28,Tulare,107,460477,50500,49751,9016,58767,850
2021-06-28,Tuolumne,109,53932,4086,4121,44,4165,64
2021-06-28,Ventura,111,848112,81889,81393,3014,84407,1032
2021-06-28,Yolo,113,214977,14209,14199,269,14468,213
2021-06-28,Yuba,115,75493,6220,6207,129,6336,51
2021-06-27,Alameda,001,1643700,89584,89611,1948,91559,1259
2021-06-27,Alpine,002,1148,88,89,0,89,0
2021-06-27,Amador,005,37829,3757,3752,32,3784,46
2021-06-27,Butte,007,227075,12786,12696,1886,14582,198
2021-06-27,Calaveras,009,45235,2202,2203,13,2216,55
2021-06-27,Colusa,011,21464,1968,1974,319,2293,15
2021-06-27,Contra Costa,013,1133247,71150,70762,1305,72067,816
2021-06-27,Del Norte,015,27424,1466,1436,13,1449,8
2021-06-27,El Dorado,017,186661,10502,10418,780,11198,115
2021-06-27,Fresno,019,978130,103482,103110,8679,111789,1727
2021-06-27,Glenn,021,27897,2452,2439,565,3004,20
2021-06-27,Humboldt,023,135768,4525,4513,45,4558,49
2021-06-27,Imperial,025,180216,28792,28987,2690,31677,741
2021-06-27,Inyo,027,18085,1413,1407,12,1419,35
2021-06-27,Kern,029,883053,97969,97249,11069,108318,1348
2021-06-27,Kings,031,150075,23270,23132,1094,24226,246
2021-06-27,Lake,033,64148,3624,3581,13,3594,56
2021-06-27,Lassen,035,31185,5285,5265,115,5380,20
2021-06-27,Los Angeles,037,10098052,1214101,1207461,40782,1248243,24493
2021-06-27,Madera,039,155013,16813,16680,936,17616,240
2021-06-27,Marin,041,260295,14228,14182,260,14442,232
2021-06-27,Mariposa,043,17540,441,440,11,451,5
2021-06-27,Mendocino,045,87422,4188,4100,83,4183,49
2021-06-27,Merced,047,269075,31241,31266,1042,32308,469
2021-06-27,Modoc,049,8938,414,411,146,557,3
2021-06-27,Mono,051,14174,1267,1279,18,1297,3
2021-06-27,Monterey,053,433212,43327,43199,1837,45036,462
2021-06-27,Napa,055,140530,10020,10046,35,10081,81
2021-06-27,Nevada,057,99092,4980,4946,192,5138,72
2021-06-27,Orange,059,3164182,256952,255710,11428,267138,5123
2021-06-27,Placer,061,380077,23902,23731,1543,25274,299
2021-06-27,Plumas,063,18699,722,704,12,716,4
2021-06-27,Riverside,065,2383286,295795,292641,14002,306643,4507
2021-06-27,Sacramento,067,1510023,108540,108279,1827,110106,1675
2021-06-27,San Benito,069,59416,6100,6101,113,6214,63
2021-06-27,San Bernardino,071,2135413,294856,294115,8998,303113,4927
2021-06-27,San Diego,073,3302833,283323,282359,15391,297750,3780
2021-06-27,San Francisco,075,870044,37194,37360,1293,38653,559
2021-06-27,San Joaquin,077,732212,74175,73960,3585,77545,1411
2021-06-27,San Luis Obispo,079,281455,21552,21340,750,22090,256
2021-06-27,San Mateo,081,765935,42771,42925,483,43408,539
2021-06-27,Santa Barbara,083,443738,34644,34533,1122,35655,455
2021-06-27,Santa Clara,085,1922200,119548,120352,764,121116,2103
2021-06-27,Santa Cruz,087,273765,16347,16241,801,17042,208
2021-06-27,Shasta,089,179085,12613,12640,1638,14278,203
2021-06-27,Sierra,091,2930,63,58,12,70,0
2021-06-27,Siskiyou,093,43540,1968,1896,363,2259,29
2021-06-27,Solano,095,438530,33581,33516,568,34084,267
2021-06-27,Sonoma,097,501317,31040,31129,360,31489,315
2021-06-27,Stanislaus,099,539301,57167,57021,5965,62986,1018
2021-06-27,Sutter,101,95872,9629,9678,87,9765,114
2021-06-27,Tehama,103,63373,5153,5122,582,5704,63
2021-06-27,Trinity,105,12862,494,341,95,436,3
2021-06-27,Tulare,107,460477,50487,49749,9009,58758,850
2021-06-27,Tuolumne,109,53932,4084,4121,44,4165,64
2021-06-27,Ventura,111,848112,81855,81361,3005,84366,1032
2021-06-27,Yolo,113,214977,14194,14194,265,14459,213
2021-06-27,Yuba,115,75493,6214,6205,129,6334,51
2021-06-26,Alameda,001,1643700,89527,89560,1946,91506,1259
2021-06-26,Alpine,002,1148,88,89,0,89,0
2021-06-26,Amador,005,37829,3757,3748,32,3780,46
2021-06-26,Butte,007,227075,12782,12693,1883,14576,198
2021-06-26,Calaveras,009,45235,2200,2202,13,2215,55
2021-06-26,Colusa,011,21464,1968,1973,319,2292,15
2021-06-26,Contra Costa,013,1133247,71107,70712,1304,72016,816
2021-06-26,Del Norte,015,27424,1465,1432,13,1445,8
2021-06-26,El Dorado,017,186661,10494,10414,778,11192,115
2021-06-26,Fresno,019,978130,103462,103091,8677,111768,1727
2021-06-26,Glenn,021,27897,2450,2441,565,3006,20
2021-06-26,Humboldt,023,135768,4522,4509,45,4554,49
2021-06-26,Imperial,025,180216,28788,28970,2690,31660,741
2021-06-26,Inyo,027,18085,1413,1407,12,1419,35
2021-06-26,Kern,029,883053,97943,97239,11060,108299,1348
2021-06-26,Kings,031,150075,23266,23128,1093,24221,246
2021-06-26,Lake,033,64148,3613,3576,13,3589,56
2021-06-26,Lassen,035,31185,5282,5263,115,5378,20
2021-06-26,Los Angeles,037,10098052,1213797,1207198,40751,1247949,24490
2021-06-26,Madera,039,155013,16806,16679,935,17614,240
2021-06-26,Marin,041,260295,14219,14180,260,14440,232
2021-06-26,Mariposa,043,17540,441,440,11,451,5
2021-06-26,Mendocino,045,87422,4186,4096,83,4179,49
2021-06-26,Merced,047,269075,31235,31259,1041,32300,469
2021-06-26,Modoc,049,8938,414,411,146,557,3
2021-06-26,Mono,051,14174,1267,1279,18,1297,3
2021-06-26,Monterey,053,433212,43324,43192,1837,45029,462
2021-06-26,Napa,055,140530,10013,10043,35,10078,81
2021-06-26,Nevada,057,99092,4975,4939,192,5131,72
2021-06-26,Orange,059,3164182,256872,255640,11421,267061,5123
2021-06-26,Placer,061,380077,23888,23702,1541,25243,299
2021-06-26,Plumas,063,18699,722,704,12,716,4
2021-06-26,Riverside,065,2383286,295737,292480,13996,306476,4505
2021-06-26,Sacramento,067,1510023,108469,108179,1824,110003,1675
2021-06-26,San Benito,069,59416,6096,6100,113,6213,63
2021-06-26,San Bernardino,071,2135413,294762,294034,8994,303028,4928
2021-06-26,San Diego,073,3302833,283238,282263,15373,297636,3780
2021-06-26,San Francisco,075,870044,37162,37348,1292,38640,559
2021-06-26,San Joaquin,077,732212,74146,73928,3584,77512,1411
2021-06-26,San Luis Obispo,079,281455,21551,21330,749,22079,256
2021-06-26,San Mateo,081,765935,42751,42898,483,43381,539
2021-06-26,Santa Barbara,083,443738,34635,34525,1122,35647,455
2021-06-26,Santa Clara,085,1922200,119515,120321,764,121085,2103
2021-06-26,Santa Cruz,087,273765,16344,16239,801,17040,208
2021-06-26,Shasta,089,179085,12609,12635,1634,14269,203
2021-06-26,Sierra,091,2930,63,58,12,70,0
2021-06-26,Siskiyou,093,43540,1967,1896,362,2258,29
2021-06-26,Solano,095,438530,33563,33489,566,34055,267
2021-06-26,Sonoma,097,501317,31014,31088,360,31448,315
2021-06-26,Stanislaus,099,539301,57151,57006,5962,62968,1018
2021-06-26,Sutter,101,95872,9628,9669,87,9756,114
2021-06-26,Tehama,103,63373,5153,5119,582,5701,63
2021-06-26,Trinity,105,12862,494,341,95,436,3
2021-06-26,Tulare,107,460477,50481,49745,9009,58754,850
2021-06-26,Tuolumne,109,53932,4084,4121,44,4165,64
2021-06-26,Ventura,111,848112,81831,81352,3004,84356,1032
2021-06-26,Yolo,113,214977,14186,14184,265,14449,213
2021-06-26,Yuba,115,75493,6211,6200,129,6329,51
2021-06-25,Alameda,001,1643700,89459,89453,1944,91397,1271
2021-06-25,Alpine,002,1148,88,89,0,89,0
2021-06-25,Amador,005,37829,3756,3746,32,3778,46
2021-06-25,Butte,007,227075,12777,12682,1880,14562,198
2021-06-25,Calaveras,009,45235,2199,2201,13,2214,55
2021-06-25,Colusa,011,21464,1968,1972,319,2291,15
2021-06-25,Contra Costa,013,1133247,71071,70659,1304,71963,815
2021-06-25,Del Norte,015,27424,1465,1426,13,1439,8
2021-06-25,El Dorado,017,186661,10486,10406,775,11181,115
2021-06-25,Fresno,019,978130,103444,103073,8673,111746,1727
2021-06-25,Glenn,021,27897,2450,2441,565,3006,20
2021-06-25,Humboldt,023,135768,4516,4503,43,4546,49
2021-06-25,Imperial,025,180216,28785,28968,2690,31658,740
2021-06-25,Inyo,027,18085,1412,1406,12,1418,35
2021-06-25,Kern,029,883053,97924,97182,11056,108238,1347
2021-06-25,Kings,031,150075,23260,23118,1093,24211,246
2021-06-25,Lake,033,64148,3607,3571,13,3584,56
2021-06-25,Lassen,035,31185,5281,5259,115,5374,20
2021-06-25,Los Angeles,037,10098052,1213513,1206909,40735,1247644,24483
2021-06-25,Madera,039,155013,16803,16670,935,17605,240
2021-06-25,Marin,041,260295,14216,14179,260,14439,232
2021-06-25,Mariposa,043,17540,441,440,11,451,5
2021-06-25,Mendocino,045,87422,4183,4089,83,4172,49
2021-06-25,Merced,047,269075,31227,31256,1041,32297,467
2021-06-25,Modoc,049,8938,414,411,146,557,3
2021-06-25,Mono,051,14174,1267,1279,18,1297,3
2021-06-25,Monterey,053,433212,43319,43184,1836,45020,462
2021-06-25,Napa,055,140530,10008,10037,35,10072,81
2021-06-25,Nevada,057,99092,4972,4932,192,5124,72
2021-06-25,Orange,059,3164182,256801,255574,11419,266993,5119
2021-06-25,Placer,061,380077,23869,23672,1540,25212,299
2021-06-25,Plumas,063,18699,722,702,11,713,4
2021-06-25,Riverside,065,2383286,295669,291663,13989,305652,4490
2021-06-25,Sacramento,067,1510023,108397,108034,1821,109855,1673
2021-06-25,San Benito,069,59416,6092,6098,113,6211,63
2021-06-25,San Bernardino,071,2135413,294707,293941,8992,302933,4911
2021-06-25,San Diego,073,3302833,283178,282157,15360,297517,3779
2021-06-25,San Francisco,075,870044,37139,37338,1291,38629,559
2021-06-25,San Joaquin,077,732212,74113,73860,3582,77442,1410
2021-06-25,San Luis Obispo,079,281455,21548,21325,748,22073,256
2021-06-25,San Mateo,081,765935,42733,42849,483,43332,537
2021-06-25,Santa Barbara,083,443738,34626,34518,1121,35639,454
2021-06-25,Santa Clara,085,1922200,119495,120272,764,121036,2103
2021-06-25,Santa Cruz,087,273765,16341,16230,799,17029,208
2021-06-25,Shasta,089,179085,12599,12633,1633,14266,202
2021-06-25,Sierra,091,2930,63,58,12,70,0
2021-06-25,Siskiyou,093,43540,1966,1894,362,2256,29
2021-06-25,Solano,095,438530,33543,33449,566,34015,267
2021-06-25,Sonoma,097,501317,30991,31043,360,31403,314
2021-06-25,Stanislaus,099,539301,57135,56973,5955,62928,1018
2021-06-25,Sutter,101,95872,9621,9664,87,9751,114
2021-06-25,Tehama,103,63373,5152,5119,582,5701,63
2021-06-25,Trinity,105,12862,494,338,95,433,3
2021-06-25,Tulare,107,460477,50474,49731,9006,58737,850
2021-06-25,Tuolumne,109,53932,4083,4121,44,4165,64
2021-06-25,Ventura,111,848112,81802,81342,2998,84340,1032
2021-06-25,Yolo,113,214977,14180,14172,265,14437,213
2021-06-25,Yuba,115,75493,6207,6195,129,6324,51
2021-06-24,Alameda,001,1643700,89387,89358,1941,91299,1268
2021-06-24,Alpine,002,1148,88,89,0,89,0
2021-06-24,Amador,005,37829,3752,3745,32,3777,46
2021-06-24,Butte,007,227075,12771,12673,1878,14551,198
2021-06-24,Calaveras,009,45235,2196,2202,13,2215,55
2021-06-24,Colusa,011,21464,1967,1972,319,2291,15
2021-06-24,Contra Costa,013,1133247,71012,70590,1304,71894,813
2021-06-24,Del Norte,015,27424,1464,1421,13,1434,8
2021-06-24,El Dorado,017,186661,10479,10402,775,11177,115
2021-06-24,Fresno,019,978130,103424,103061,8671,111732,1727
2021-06-24,Glenn,021,27897,2449,2439,565,3004,20
2021-06-24,Humboldt,023,135768,4511,4493,43,4536,49
2021-06-24,Imperial,025,180216,28782,28981,2690,31671,740
2021-06-24,Inyo,027,18085,1411,1406,12,1418,35
2021-06-24,Kern,029,883053,97905,97129,11043,108172,1346
2021-06-24,Kings,031,150075,23256,23114,1092,24206,246
2021-06-24,Lake,033,64148,3601,3571,13,3584,56
2021-06-24,Lassen,035,31185,5280,5258,115,5373,20
2021-06-24,Los Angeles,037,10098052,1213188,1206590,40712,1247302,24480
2021-06-24,Madera,039,155013,16792,16662,934,17596,240
2021-06-24,Marin,041,260295,14212,14180,260,14440,232
2021-06-24,Mariposa,043,17540,441,440,11,451,5
2021-06-24,Mendocino,045,87422,4175,4085,83,4168,49
2021-06-24,Merced,047,269075,31217,31248,1040,32288,466
2021-06-24,Modoc,049,8938,414,411,146,557,3
2021-06-24,Mono,051,14174,1267,1276,18,1294,3
2021-06-24,Monterey,053,433212,43312,43180,1836,45016,451
2021-06-24,Napa,055,140530,10006,10036,35,10071,80
2021-06-24,Nevada,057,99092,4970,4927,192,5119,72
2021-06-24,Orange,059,3164182,256737,255520,11411,266931,5117
2021-06-24,Placer,061,380077,23844,23659,1538,25197,299
2021-06-24,Plumas,063,18699,721,702,11,713,4
2021-06-24,Riverside,065,2383286,295588,291067,13978,305045,4473
2021-06-24,Sacramento,067,1510023,108309,107965,1819,109784,1672
2021-06-24,San Benito,069,59416,6089,6098,113,6211,63
2021-06-24,San Bernardino,071,2135413,294636,293895,8986,302881,4898
2021-06-24,San Diego,073,3302833,283074,282053,15347,297400,3778
2021-06-24,San Francisco,075,870044,37117,37320,1289,38609,559
2021-06-24,San Joaquin,077,732212,74065,73814,3582,77396,1408
2021-06-24,San Luis Obispo,079,281455,21542,21326,748,22074,256
2021-06-24,San Mateo,081,765935,42707,42814,482,43296,542
2021-06-24,Santa Barbara,083,443738,34620,34512,1120,35632,454
2021-06-24,Santa Clara,085,1922200,119464,120274,763,121037,2103
2021-06-24,Santa Cruz,087,273765,16340,16227,799,17026,208
2021-06-24,Shasta,089,179085,12594,12629,1629,14258,202
2021-06-24,Sierra,091,2930,63,58,12,70,0
2021-06-24,Siskiyou,093,43540,1966,1892,362,2254,28
2021-06-24,Solano,095,438530,33520,33432,564,33996,267
2021-06-24,Sonoma,097,501317,30962,31020,360,31380,314
2021-06-24,Stanislaus,099,539301,57109,56946,5955,62901,1018
2021-06-24,Sutter,101,95872,9614,9660,87,9747,113
2021-06-24,Tehama,103,63373,5149,5115,582,5697,63
2021-06-24,Trinity,105,12862,493,338,95,433,3
2021-06-24,Tulare,107,460477,50463,49730,9004,58734,850
2021-06-24,Tuolumne,109,53932,4081,4120,44,4164,64
2021-06-24,Ventura,111,848112,81774,81332,2997,84329,1032
2021-06-24,Yolo,113,214977,14171,14169,262,14431,213
2021-06-24,Yuba,115,75493,6202,6195,129,6324,51
2021-06-23,Alameda,001,1643700,89315,89338,1940,91278,1266
2021-06-23,Alpine,002,1148,88,88,0,88,0
2021-06-23,Amador,005,37829,3750,3743,32,3775,46
2021-06-23,Butte,007,227075,12764,12666,1878,14544,198
2021-06-23,Calaveras,009,45235,2195,2199,13,2212,55
2021-06-23,Colusa,011,21464,1966,1972,319,2291,15
2021-06-23,Contra Costa,013,1133247,70947,70526,1303,71829,813
2021-06-23,Del Norte,015,27424,1460,1418,13,1431,8
2021-06-23,El Dorado,017,186661,10469,10395,772,11167,115
2021-06-23,Fresno,019,978130,103395,103020,8669,111689,1724
2021-06-23,Glenn,021,27897,2449,2437,564,3001,20
2021-06-23,Humboldt,023,135768,4502,4490,43,4533,48
2021-06-23,Imperial,025,180216,28775,28908,2690,31598,740
2021-06-23,Inyo,027,18085,1411,1406,12,1418,35
2021-06-23,Kern,029,883053,97877,97078,11030,108108,1345
2021-06-23,Kings,031,150075,23249,23105,1090,24195,245
2021-06-23,Lake,033,64148,3592,3566,13,3579,53
2021-06-23,Lassen,035,31185,5277,5257,115,5372,20
2021-06-23,Los Angeles,037,10098052,1212851,1206358,40702,1247060,24472
2021-06-23,Madera,039,155013,16785,16660,934,17594,240
2021-06-23,Marin,041,260295,14206,14177,260,14437,230
2021-06-23,Mariposa,043,17540,441,439,11,450,5
2021-06-23,Mendocino,045,87422,4171,4078,83,4161,49
2021-06-23,Merced,047,269075,31208,31260,1040,32300,465
2021-06-23,Modoc,049,8938,412,407,146,553,3
2021-06-23,Mono,051,14174,1267,1279,18,1297,3
2021-06-23,Monterey,053,433212,43303,43166,1836,45002,439
2021-06-23,Napa,055,140530,9997,10032,35,10067,80
2021-06-23,Nevada,057,99092,4967,4924,192,5116,72
2021-06-23,Orange,059,3164182,256671,255479,11403,266882,5116
2021-06-23,Placer,061,380077,23815,23630,1533,25163,299
2021-06-23,Plumas,063,18699,720,701,11,712,4
2021-06-23,Riverside,065,2383286,295505,290343,13976,304319,4462
2021-06-23,Sacramento,067,1510023,108216,107868,1814,109682,1671
2021-06-23,San Benito,069,59416,6085,6097,113,6210,63
2021-06-23,San Bernardino,071,2135413,294557,293816,8981,302797,4886
2021-06-23,San Diego,073,3302833,282974,281937,15326,297263,3777
2021-06-23,San Francisco,075,870044,37092,37304,1287,38591,559
2021-06-23,San Joaquin,077,732212,74026,73764,3580,77344,1405
2021-06-23,San Luis Obispo,079,281455,21538,21323,747,22070,257
2021-06-23,San Mateo,081,765935,42691,42756,482,43238,542
2021-06-23,Santa Barbara,083,443738,34610,34505,1120,35625,454
2021-06-23,Santa Clara,085,1922200,119435,120233,763,120996,2098
2021-06-23,Santa Cruz,087,273765,16336,16215,799,17014,209
2021-06-23,Shasta,089,179085,12587,12604,1627,14231,202
2021-06-23,Sierra,091,2930,63,57,12,69,0
2021-06-23,Siskiyou,093,43540,1964,1892,362,2254,28
2021-06-23,Solano,095,438530,33476,33408,564,33972,267
2021-06-23,Sonoma,097,501317,30922,30959,358,31317,314
2021-06-23,Stanislaus,099,539301,57079,56926,5954,62880,1017
2021-06-23,Sutter,101,95872,9608,9653,87,9740,113
2021-06-23,Tehama,103,63373,5149,5119,581,5700,63
2021-06-23,Trinity,105,12862,493,338,95,433,3
2021-06-23,Tulare,107,460477,50456,49711,9001,58712,850
2021-06-23,Tuolumne,109,53932,4078,4120,44,4164,64
2021-06-23,Ventura,111,848112,81751,81312,2994,84306,1032
2021-06-23,Yolo,113,214977,14161,14161,262,14423,212
2021-06-23,Yuba,115,75493,6199,6190,129,6319,51
2021-06-22,Alameda,001,1643700,89248,89308,1940,91248,1263
2021-06-22,Alpine,002,1148,88,88,0,88,0
2021-06-22,Amador,005,37829,3747,3743,32,3775,46
2021-06-22,Butte,007,227075,12760,12662,1875,14537,198
2021-06-22,Calaveras,009,45235,2194,2198,13,2211,55
2021-06-22,Colusa,011,21464,1965,1971,319,2290,15
2021-06-22,Contra Costa,013,1133247,70891,70480,1302,71782,813
2021-06-22,Del Norte,015,27424,1457,1417,13,1430,8
2021-06-22,El Dorado,017,186661,10464,10380,771,11151,113
2021-06-22,Fresno,019,978130,103375,102996,8665,111661,1724
2021-06-22,Glenn,021,27897,2448,2435,562,2997,19
2021-06-22,Humboldt,023,135768,4492,4483,43,4526,42
2021-06-22,Imperial,025,180216,28770,28880,2690,31570,740
2021-06-22,Inyo,027,18085,1411,1405,12,1417,35
2021-06-22,Kern,029,883053,97864,97013,11026,108039,1342
2021-06-22,Kings,031,150075,23241,23098,1089,24187,245
2021-06-22,Lake,033,64148,3590,3564,13,3577,45
2021-06-22,Lassen,035,31185,5272,5254,115,5369,20
2021-06-22,Los Angeles,037,10098052,1212535,1206146,40690,1246836,24461
2021-06-22,Madera,039,155013,16780,16652,934,17586,240
2021-06-22,Marin,041,260295,14204,14174,260,14434,230
2021-06-22,Mariposa,043,17540,441,439,11,450,5
2021-06-22,Mendocino,045,87422,4165,4072,83,4155,49
2021-06-22,Merced,047,269075,31197,31267,1040,32307,464
2021-06-22,Modoc,049,8938,410,405,145,550,3
2021-06-22,Mono,051,14174,1267,1277,18,1295,3
2021-06-22,Monterey,053,433212,43300,43162,1835,44997,427
2021-06-22,Napa,055,140530,9993,10029,35,10064,80
2021-06-22,Nevada,057,99092,4961,4923,192,5115,72
2021-06-22,Orange,059,3164182,256602,255452,11392,266844,5114
2021-06-22,Placer,061,380077,23793,23603,1533,25136,299
2021-06-22,Plumas,063,18699,720,697,11,708,4
2021-06-22,Riverside,065,2383286,295444,289839,13972,303811,4456
2021-06-22,Sacramento,067,1510023,108115,107801,1809,109610,1670
2021-06-22,San Benito,069,59416,6084,6098,113,6211,63
2021-06-22,San Bernardino,071,2135413,294481,293770,8975,302745,4873
2021-06-22,San Diego,073,3302833,282870,281867,15303,297170,3771
2021-06-22,San Francisco,075,870044,37078,37287,1287,38574,556
2021-06-22,San Joaquin,077,732212,73996,73723,3578,77301,1405
2021-06-22,San Luis Obispo,079,281455,21535,21321,746,22067,257
2021-06-22,San Mateo,081,765935,42677,42725,477,43202,542
2021-06-22,Santa Barbara,083,443738,34599,34500,1119,35619,454
2021-06-22,Santa Clara,085,1922200,119403,120194,763,120957,2095
2021-06-22,Santa Cruz,087,273765,16331,16218,799,17017,209
2021-06-22,Shasta,089,179085,12576,12616,1624,14240,202
2021-06-22,Sierra,091,2930,62,57,12,69,0
2021-06-22,Siskiyou,093,43540,1964,1892,362,2254,28
2021-06-22,Solano,095,438530,33458,33397,563,33960,267
2021-06-22,Sonoma,097,501317,30882,30933,358,31291,314
2021-06-22,Stanislaus,099,539301,57063,56915,5952,62867,1017
2021-06-22,Sutter,101,95872,9601,9649,87,9736,113
2021-06-22,Tehama,103,63373,5147,5118,580,5698,63
2021-06-22,Trinity,105,12862,491,337,95,432,3
2021-06-22,Tulare,107,460477,50448,49706,8996,58702,850
2021-06-22,Tuolumne,109,53932,4076,4119,44,4163,64
2021-06-22,Ventura,111,848112,81737,81300,2993,84293,1032
2021-06-22,Yolo,113,214977,14156,14157,260,14417,212
2021-06-22,Yuba,115,75493,6195,6181,129,6310,51
2021-06-21,Alameda,001,1643700,89192,89281,1939,91220,1262
2021-06-21,Alpine,002,1148,88,88,0,88,0
2021-06-21,Amador,005,37829,3741,3742,32,3774,46
2021-06-21,Butte,007,227075,12754,12668,1873,14541,195
2021-06-21,Calaveras,009,45235,2192,2194,13,2207,55
2021-06-21,Colusa,011,21464,1964,1970,318,2288,15
2021-06-21,Contra Costa,013,1133247,70821,70439,1301,71740,813
2021-06-21,Del Norte,015,27424,1453,1416,13,1429,8
2021-06-21,El Dorado,017,186661,10458,10375,770,11145,113
2021-06-21,Fresno,019,978130,103355,102971,8662,111633,1724
2021-06-21,Glenn,021,27897,2447,2433,562,2995,19
2021-06-21,Humboldt,023,135768,4483,4478,42,4520,42
2021-06-21,Imperial,025,180216,28766,28855,2690,31545,740
2021-06-21,Inyo,027,18085,1410,1405,12,1417,35
2021-06-21,Kern,029,883053,97835,96995,11018,108013,1342
2021-06-21,Kings,031,150075,23234,23091,1086,24177,245
2021-06-21,Lake,033,64148,3584,3563,13,3576,45
2021-06-21,Lassen,035,31185,5270,5233,115,5348,19
2021-06-21,Los Angeles,037,10098052,1212241,1205994,40668,1246662,24459
2021-06-21,Madera,039,155013,16771,16647,934,17581,240
2021-06-21,Marin,041,260295,14200,14173,260,14433,230
2021-06-21,Mariposa,043,17540,441,439,11,450,5
2021-06-21,Mendocino,045,87422,4162,4085,83,4168,49
2021-06-21,Merced,047,269075,31187,31264,1039,32303,465
2021-06-21,Modoc,049,8938,410,405,145,550,3
2021-06-21,Mono,051,14174,1267,1277,18,1295,3
2021-06-21,Monterey,053,433212,43297,43157,1835,44992,427
2021-06-21,Napa,055,140530,9988,10028,35,10063,80
2021-06-21,Nevada,057,99092,4957,4921,192,5113,72
2021-06-21,Orange,059,3164182,256529,255400,11385,266785,5113
2021-06-21,Placer,061,380077,23769,23577,1533,25110,298
2021-06-21,Plumas,063,18699,718,697,11,708,4
2021-06-21,Riverside,065,2383286,295368,289797,13967,303764,4456
2021-06-21,Sacramento,067,1510023,108004,107757,1808,109565,1669
2021-06-21,San Benito,069,59416,6080,6098,113,6211,63
2021-06-21,San Bernardino,071,2135413,294394,293736,8971,302707,4850
2021-06-21,San Diego,073,3302833,282765,281811,15283,297094,3771
2021-06-21,San Francisco,075,870044,37062,37275,1286,38561,556
2021-06-21,San Joaquin,077,732212,73955,73687,3577,77264,1405
2021-06-21,San Luis Obispo,079,281455,21526,21316,746,22062,257
2021-06-21,San Mateo,081,765935,42661,42685,476,43161,542
2021-06-21,Santa Barbara,083,443738,34594,34492,1119,35611,455
2021-06-21,Santa Clara,085,1922200,119370,120192,762,120954,2093
2021-06-21,Santa Cruz,087,273765,16329,16212,799,17011,208
2021-06-21,Shasta,089,179085,12563,12617,1621,14238,201
2021-06-21,Sierra,091,2930,62,57,12,69,0
2021-06-21,Siskiyou,093,43540,1964,1892,362,2254,27
2021-06-21,Solano,095,438530,33435,33383,562,33945,266
2021-06-21,Sonoma,097,501317,30859,30912,358,31270,314
2021-06-21,Stanislaus,099,539301,57033,56891,5947,62838,1017
2021-06-21,Sutter,101,95872,9598,9649,87,9736,113
2021-06-21,Tehama,103,63373,5147,5115,579,5694,63
2021-06-21,Trinity,105,12862,491,337,95,432,3
2021-06-21,Tulare,107,460477,50437,49689,8992,58681,849
2021-06-21,Tuolumne,109,53932,4072,4119,44,4163,63
2021-06-21,Ventura,111,848112,81709,81291,2989,84280,1031
2021-06-21,Yolo,113,214977,14150,14165,260,14425,212
2021-06-21,Yuba,115,75493,6194,6172,129,6301,51
2021-06-20,Alameda,001,1643700,89127,89255,1938,91193,1263
2021-06-20,Alpine,002,1148,88,88,0,88,0
2021-06-20,Amador,005,37829,3738,3740,32,3772,46
2021-06-20,Butte,007,227075,12747,12668,1872,14540,194
2021-06-20,Calaveras,009,45235,2191,2193,13,2206,55
2021-06-20,Colusa,011,21464,1964,1970,318,2288,15
2021-06-20,Contra Costa,013,1133247,70764,70401,1299,71700,813
2021-06-20,Del Norte,015,27424,1449,1416,13,1429,8
2021-06-20,El Dorado,017,186661,10444,10372,767,11139,113
2021-06-20,Fresno,019,978130,103314,102947,8659,111606,1724
2021-06-20,Glenn,021,27897,2447,2434,562,2996,19
2021-06-20,Humboldt,023,135768,4477,4472,42,4514,42
2021-06-20,Imperial,025,180216,28757,28855,2690,31545,740
2021-06-20,Inyo,027,18085,1409,1405,12,1417,35
2021-06-20,Kern,029,883053,97814,96985,11007,107992,1342
2021-06-20,Kings,031,150075,23229,23088,1084,24172,245
2021-06-20,Lake,033,64148,3582,3563,13,3576,45
2021-06-20,Lassen,035,31185,5267,5230,115,5345,19
2021-06-20,Los Angeles,037,10098052,1211936,1205874,40660,1246534,24456
2021-06-20,Madera,039,155013,16763,16638,932,17570,240
2021-06-20,Marin,041,260295,14197,14166,260,14426,230
2021-06-20,Mariposa,043,17540,439,439,11,450,5
2021-06-20,Mendocino,045,87422,4155,4080,83,4163,49
2021-06-20,Merced,047,269075,31175,31265,1039,32304,465
2021-06-20,Modoc,049,8938,410,405,145,550,3
2021-06-20,Mono,051,14174,1267,1275,18,1293,3
2021-06-20,Monterey,053,433212,43288,43156,1834,44990,427
2021-06-20,Napa,055,140530,9981,10026,34,10060,80
2021-06-20,Nevada,057,99092,4950,4919,192,5111,72
2021-06-20,Orange,059,3164182,256465,255377,11374,266751,5113
2021-06-20,Placer,061,380077,23735,23562,1529,25091,298
2021-06-20,Plumas,063,18699,717,697,11,708,4
2021-06-20,Riverside,065,2383286,295289,289770,13956,303726,4456
2021-06-20,Sacramento,067,1510023,107892,107700,1805,109505,1669
2021-06-20,San Benito,069,59416,6080,6098,113,6211,63
2021-06-20,San Bernardino,071,2135413,294293,293713,8967,302680,4845
2021-06-20,San Diego,073,3302833,282659,281750,15261,297011,3771
2021-06-20,San Francisco,075,870044,37039,37269,1286,38555,556
2021-06-20,San Joaquin,077,732212,73910,73676,3568,77244,1405
2021-06-20,San Luis Obispo,079,281455,21524,21313,746,22059,257
2021-06-20,San Mateo,081,765935,42632,42681,476,43157,542
2021-06-20,Santa Barbara,083,443738,34585,34487,1119,35606,455
2021-06-20,Santa Clara,085,1922200,119335,120163,762,120925,2093
2021-06-20,Santa Cruz,087,273765,16324,16210,799,17009,208
2021-06-20,Shasta,089,179085,12558,12617,1619,14236,201
2021-06-20,Sierra,091,2930,62,57,12,69,0
2021-06-20,Siskiyou,093,43540,1963,1891,362,2253,27
2021-06-20,Solano,095,438530,33413,33361,560,33921,266
2021-06-20,Sonoma,097,501317,30812,30884,355,31239,314
2021-06-20,Stanislaus,099,539301,57000,56868,5946,62814,1017
2021-06-20,Sutter,101,95872,9595,9645,87,9732,113
2021-06-20,Tehama,103,63373,5143,5115,579,5694,63
2021-06-20,Trinity,105,12862,491,337,95,432,3
2021-06-20,Tulare,107,460477,50428,49685,8990,58675,849
2021-06-20,Tuolumne,109,53932,4069,4117,44,4161,63
2021-06-20,Ventura,111,848112,81693,81282,2987,84269,1031
2021-06-20,Yolo,113,214977,14143,14160,260,14420,212
2021-06-20,Yuba,115,75493,6187,6167,129,6296,51
2021-06-19,Alameda,001,1643700,89092,89202,1938,91140,1263
2021-06-19,Alpine,002,1148,88,88,0,88,0
2021-06-19,Amador,005,37829,3736,3739,32,3771,46
2021-06-19,Butte,007,227075,12743,12659,1872,14531,194
2021-06-19,Calaveras,009,45235,2191,2192,13,2205,55
2021-06-19,Colusa,011,21464,1964,1969,318,2287,15
2021-06-19,Contra Costa,013,1133247,70733,70334,1298,71632,813
2021-06-19,Del Norte,015,27424,1448,1416,13,1429,8
2021-06-19,El Dorado,017,186661,10443,10363,766,11129,113
2021-06-19,Fresno,019,978130,103301,102922,8658,111580,1724
2021-06-19,Glenn,021,27897,2446,2434,561,2995,19
2021-06-19,Humboldt,023,135768,4466,4463,42,4505,42
2021-06-19,Imperial,025,180216,28756,28813,2690,31503,740
2021-06-19,Inyo,027,18085,1409,1405,12,1417,35
2021-06-19,Kern,029,883053,97798,96966,11003,107969,1342
2021-06-19,Kings,031,150075,23226,23086,1084,24170,245
2021-06-19,Lake,033,64148,3578,3563,13,3576,45
2021-06-19,Lassen,035,31185,5266,5225,115,5340,19
2021-06-19,Los Angeles,037,10098052,1211732,1205602,40645,1246247,24454
2021-06-19,Madera,039,155013,16761,16632,932,17564,240
2021-06-19,Marin,041,260295,14189,14152,260,14412,230
2021-06-19,Mariposa,043,17540,439,439,11,450,5
2021-06-19,Mendocino,045,87422,4150,4077,83,4160,49
2021-06-19,Merced,047,269075,31173,31256,1039,32295,465
2021-06-19,Modoc,049,8938,409,402,145,547,3
2021-06-19,Mono,051,14174,1267,1275,18,1293,3
2021-06-19,Monterey,053,433212,43282,43153,1834,44987,427
2021-06-19,Napa,055,140530,9977,10025,34,10059,80
2021-06-19,Nevada,057,99092,4945,4910,192,5102,72
2021-06-19,Orange,059,3164182,256419,255329,11371,266700,5112
2021-06-19,Placer,061,380077,23719,23537,1526,25063,298
2021-06-19,Plumas,063,18699,716,697,11,708,4
2021-06-19,Riverside,065,2383286,295243,289720,13956,303676,4456
2021-06-19,Sacramento,067,1510023,107845,107631,1802,109433,1669
2021-06-19,San Benito,069,59416,6079,6098,113,6211,63
2021-06-19,San Bernardino,071,2135413,294250,293673,8965,302638,4844
2021-06-19,San Diego,073,3302833,282599,281682,15247,296929,3771
2021-06-19,San Francisco,075,870044,37026,37256,1286,38542,556
2021-06-19,San Joaquin,077,732212,73894,73652,3564,77216,1405
2021-06-19,San Luis Obispo,079,281455,21522,21308,744,22052,257
2021-06-19,San Mateo,081,765935,42614,42646,474,43120,542
2021-06-19,Santa Barbara,083,443738,34583,34472,1119,35591,455
2021-06-19,Santa Clara,085,1922200,119312,120110,761,120871,2093
2021-06-19,Santa Cruz,087,273765,16319,16206,799,17005,208
2021-06-19,Shasta,089,179085,12556,12615,1618,14233,201
2021-06-19,Sierra,091,2930,62,57,12,69,0
2021-06-19,Siskiyou,093,43540,1963,1891,362,2253,27
2021-06-19,Solano,095,438530,33403,33341,559,33900,266
2021-06-19,Sonoma,097,501317,30771,30841,355,31196,314
2021-06-19,Stanislaus,099,539301,56981,56847,5943,62790,1017
2021-06-19,Sutter,101,95872,9592,9645,87,9732,113
2021-06-19,Tehama,103,63373,5142,5115,579,5694,63
2021-06-19,Trinity,105,12862,491,337,95,432,3
2021-06-19,Tulare,107,460477,50421,49681,8985,58666,849
2021-06-19,Tuolumne,109,53932,4069,4117,44,4161,63
2021-06-19,Ventura,111,848112,81680,81270,2986,84256,1031
2021-06-19,Yolo,113,214977,14139,14156,259,14415,212
2021-06-19,Yuba,115,75493,6186,6157,129,6286,51
2021-06-18,Alameda,001,1643700,89055,89123,1938,91061,1263
2021-06-18,Alpine,002,1148,88,88,0,88,0
2021-06-18,Amador,005,37829,3736,3739,32,3771,46
2021-06-18,Butte,007,227075,12740,12653,1869,14522,194
2021-06-18,Calaveras,009,45235,2191,2191,13,2204,55
2021-06-18,Colusa,011,21464,1963,1969,318,2287,15
2021-06-18,Contra Costa,013,1133247,70691,70271,1296,71567,813
2021-06-18,Del Norte,015,27424,1448,1415,13,1428,8
2021-06-18,El Dorado,017,186661,10440,10348,764,11112,113
2021-06-18,Fresno,019,978130,103285,102894,8656,111550,1722
2021-06-18,Glenn,021,27897,2445,2430,561,2991,19
2021-06-18,Humboldt,023,135768,4458,4450,42,4492,42
2021-06-18,Imperial,025,180216,28754,28809,2690,31499,740
2021-06-18,Inyo,027,18085,1409,1405,12,1417,35
2021-06-18,Kern,029,883053,97787,96948,10997,107945,1341
2021-06-18,Kings,031,150075,23221,23082,1084,24166,245
2021-06-18,Lake,033,64148,3574,3563,13,3576,45
2021-06-18,Lassen,035,31185,5265,5224,115,5339,19
2021-06-18,Los Angeles,037,10098052,1211565,1205472,40629,1246101,24451
2021-06-18,Madera,039,155013,16755,16625,932,17557,241
2021-06-18,Marin,041,260295,14186,14147,260,14407,230
2021-06-18,Mariposa,043,17540,439,439,11,450,5
2021-06-18,Mendocino,045,87422,4145,4068,83,4151,49
2021-06-18,Merced,047,269075,31171,31262,1039,32301,464
2021-06-18,Modoc,049,8938,409,402,145,547,3
2021-06-18,Mono,051,14174,1266,1275,17,1292,3
2021-06-18,Monterey,053,433212,43279,43148,1834,44982,427
2021-06-18,Napa,055,140530,9973,10021,34,10055,80
2021-06-18,Nevada,057,99092,4937,4903,192,5095,72
2021-06-18,Orange,059,3164182,256382,255274,11368,266642,5108
2021-06-18,Placer,061,380077,23711,23500,1523,25023,298
2021-06-18,Plumas,063,18699,716,697,11,708,4
2021-06-18,Riverside,065,2383286,295194,289676,13955,303631,4457
2021-06-18,Sacramento,067,1510023,107797,107570,1802,109372,1669
2021-06-18,San Benito,069,59416,6078,6097,113,6210,63
2021-06-18,San Bernardino,071,2135413,294206,293629,8961,302590,4826
2021-06-18,San Diego,073,3302833,282523,281608,15236,296844,3771
2021-06-18,San Francisco,075,870044,37017,37246,1286,38532,556
2021-06-18,San Joaquin,077,732212,73876,73623,3562,77185,1403
2021-06-18,San Luis Obispo,079,281455,21518,21301,742,22043,257
2021-06-18,San Mateo,081,765935,42603,42630,473,43103,542
2021-06-18,Santa Barbara,083,443738,34573,34469,1119,35588,455
2021-06-18,Santa Clara,085,1922200,119291,120081,759,120840,2093
2021-06-18,Santa Cruz,087,273765,16315,16202,799,17001,208
2021-06-18,Shasta,089,179085,12552,12607,1616,14223,201
2021-06-18,Sierra,091,2930,61,57,12,69,0
2021-06-18,Siskiyou,093,43540,1963,1890,362,2252,27
2021-06-18,Solano,095,438530,33389,33323,559,33882,266
2021-06-18,Sonoma,097,501317,30753,30816,354,31170,313
2021-06-18,Stanislaus,099,539301,56966,56803,5941,62744,1012
2021-06-18,Sutter,101,95872,9589,9643,87,9730,113
2021-06-18,Tehama,103,63373,5140,5114,579,5693,63
2021-06-18,Trinity,105,12862,491,337,94,431,3
2021-06-18,Tulare,107,460477,50419,49664,8978,58642,849
2021-06-18,Tuolumne,109,53932,4066,4116,44,4160,63
2021-06-18,Ventura,111,848112,81670,81256,2981,84237,1031
2021-06-18,Yolo,113,214977,14136,14148,257,14405,212
2021-06-18,Yuba,115,75493,6180,6150,129,6279,51
2021-06-17,Alameda,001,1643700,89009,89087,1938,91025,1262
2021-06-17,Alpine,002,1148,88,88,0,88,0
2021-06-17,Amador,005,37829,3734,3731,32,3763,46
2021-06-17,Butte,007,227075,12730,12644,1868,14512,194
2021-06-17,Calaveras,009,45235,2190,2189,13,2202,55
2021-06-17,Colusa,011,21464,1962,1969,318,2287,15
2021-06-17,Contra Costa,013,1133247,70652,70190,1292,71482,810
2021-06-17,Del Norte,015,27424,1446,1413,13,1426,8
2021-06-17,El Dorado,017,186661,10430,10341,764,11105,113
2021-06-17,Fresno,019,978130,103259,102867,8652,111519,1722
2021-06-17,Glenn,021,27897,2445,2430,561,2991,19
2021-06-17,Humboldt,023,135768,4449,4438,42,4480,42
2021-06-17,Imperial,025,180216,28746,28801,2690,31491,741
2021-06-17,Inyo,027,18085,1409,1405,12,1417,35
2021-06-17,Kern,029,883053,97772,96840,10991,107831,1340
2021-06-17,Kings,031,150075,23217,23078,1083,24161,245
2021-06-17,Lake,033,64148,3571,3563,9,3572,45
2021-06-17,Lassen,035,31185,5261,5223,115,5338,19
2021-06-17,Los Angeles,037,10098052,1211350,1205301,40602,1245903,24444
2021-06-17,Madera,039,155013,16750,16618,932,17550,241
2021-06-17,Marin,041,260295,14186,14141,260,14401,229
2021-06-17,Mariposa,043,17540,439,439,11,450,5
2021-06-17,Mendocino,045,87422,4138,4054,83,4137,49
2021-06-17,Merced,047,269075,31166,31262,1039,32301,464
2021-06-17,Modoc,049,8938,408,401,145,546,3
2021-06-17,Mono,051,14174,1265,1275,17,1292,3
2021-06-17,Monterey,053,433212,43271,43140,1834,44974,416
2021-06-17,Napa,055,140530,9973,10014,34,10048,80
2021-06-17,Nevada,057,99092,4933,4898,192,5090,72
2021-06-17,Orange,059,3164182,256337,255240,11358,266598,5109
2021-06-17,Placer,061,380077,23695,23461,1521,24982,298
2021-06-17,Plumas,063,18699,715,697,11,708,4
2021-06-17,Riverside,065,2383286,295139,289627,13953,303580,4458
2021-06-17,Sacramento,067,1510023,107733,107492,1800,109292,1666
2021-06-17,San Benito,069,59416,6078,6097,113,6210,63
2021-06-17,San Bernardino,071,2135413,294165,293560,8961,302521,4811
2021-06-17,San Diego,073,3302833,282447,281531,15222,296753,3771
2021-06-17,San Francisco,075,870044,37005,37243,1285,38528,556
2021-06-17,San Joaquin,077,732212,73853,73560,3557,77117,1403
2021-06-17,San Luis Obispo,079,281455,21516,21297,742,22039,257
2021-06-17,San Mateo,081,765935,42597,42615,473,43088,542
2021-06-17,Santa Barbara,083,443738,34567,34466,1119,35585,453
2021-06-17,Santa Clara,085,1922200,119266,120032,758,120790,2093
2021-06-17,Santa Cruz,087,273765,16311,16197,799,16996,208
2021-06-17,Shasta,089,179085,12544,12597,1616,14213,201
2021-06-17,Sierra,091,2930,61,56,12,68,0
2021-06-17,Siskiyou,093,43540,1962,1889,362,2251,27
2021-06-17,Solano,095,438530,33368,33296,558,33854,266
2021-06-17,Sonoma,097,501317,30723,30793,354,31147,323
2021-06-17,Stanislaus,099,539301,56935,56752,5936,62688,1012
2021-06-17,Sutter,101,95872,9586,9629,87,9716,113
2021-06-17,Tehama,103,63373,5139,5112,577,5689,63
2021-06-17,Trinity,105,12862,490,337,94,431,3
2021-06-17,Tulare,107,460477,50414,49649,8970,58619,849
2021-06-17,Tuolumne,109,53932,4065,4116,44,4160,63
2021-06-17,Ventura,111,848112,81661,81248,2978,84226,1030
2021-06-17,Yolo,113,214977,14128,14141,257,14398,212
2021-06-17,Yuba,115,75493,6171,6140,129,6269,51
2021-06-16,Alameda,001,1643700,88960,89045,1937,90982,1265
2021-06-16,Alpine,002,1148,88,88,0,88,0
2021-06-16,Amador,005,37829,3733,3730,32,3762,46
2021-06-16,Butte,007,227075,12728,12635,1866,14501,194
2021-06-16,Calaveras,009,45235,2188,2188,13,2201,55
2021-06-16,Colusa,011,21464,1962,1967,318,2285,15
2021-06-16,Contra Costa,013,1133247,70600,70136,1291,71427,810
2021-06-16,Del Norte,015,27424,1443,1413,13,1426,8
2021-06-16,El Dorado,017,186661,10424,10334,763,11097,113
2021-06-16,Fresno,019,978130,103228,102842,8648,111490,1722
2021-06-16,Glenn,021,27897,2445,2430,561,2991,19
2021-06-16,Humboldt,023,135768,4440,4427,41,4468,42
2021-06-16,Imperial,025,180216,28743,28796,2690,31486,741
2021-06-16,Inyo,027,18085,1408,1405,12,1417,35
2021-06-16,Kern,029,883053,97750,96789,10984,107773,1339
2021-06-16,Kings,031,150075,23216,23072,1082,24154,245
2021-06-16,Lake,033,64148,3571,3562,9,3571,45
2021-06-16,Lassen,035,31185,5258,5216,115,5331,19
2021-06-16,Los Angeles,037,10098052,1211126,1205102,40592,1245694,24439
2021-06-16,Madera,039,155013,16746,16603,932,17535,240
2021-06-16,Marin,041,260295,14184,14137,260,14397,229
2021-06-16,Mariposa,043,17540,439,437,11,448,5
2021-06-16,Mendocino,045,87422,4130,4041,83,4124,49
2021-06-16,Merced,047,269075,31158,31250,1039,32289,463
2021-06-16,Modoc,049,8938,407,383,144,527,3
2021-06-16,Mono,051,14174,1265,1275,17,1292,3
2021-06-16,Monterey,053,433212,43268,43122,1834,44956,416
2021-06-16,Napa,055,140530,9969,10011,34,10045,80
2021-06-16,Nevada,057,99092,4928,4894,192,5086,72
2021-06-16,Orange,059,3164182,256283,255188,11350,266538,5109
2021-06-16,Placer,061,380077,23685,23425,1517,24942,298
2021-06-16,Plumas,063,18699,715,697,11,708,4
2021-06-16,Riverside,065,2383286,295078,289539,13951,303490,4457
2021-06-16,Sacramento,067,1510023,107663,107422,1796,109218,1665
2021-06-16,San Benito,069,59416,6078,6090,113,6203,63
2021-06-16,San Bernardino,071,2135413,294116,293499,8959,302458,4797
2021-06-16,San Diego,073,3302833,282368,281423,15209,296632,3770
2021-06-16,San Francisco,075,870044,36992,37222,1283,38505,555
2021-06-16,San Joaquin,077,732212,73815,73530,3553,77083,1399
2021-06-16,San Luis Obispo,079,281455,21511,21294,742,22036,257
2021-06-16,San Mateo,081,765935,42581,42601,473,43074,542
2021-06-16,Santa Barbara,083,443738,34561,34459,1119,35578,460
2021-06-16,Santa Clara,085,1922200,119234,119982,758,120740,2087
2021-06-16,Santa Cruz,087,273765,16308,16187,799,16986,208
2021-06-16,Shasta,089,179085,12539,12592,1615,14207,200
2021-06-16,Sierra,091,2930,61,56,12,68,0
2021-06-16,Siskiyou,093,43540,1961,1886,362,2248,26
2021-06-16,Solano,095,438530,33340,33276,558,33834,266
2021-06-16,Sonoma,097,501317,30687,30741,354,31095,323
2021-06-16,Stanislaus,099,539301,56904,56738,5934,62672,984
2021-06-16,Sutter,101,95872,9582,9620,87,9707,113
2021-06-16,Tehama,103,63373,5137,5106,577,5683,63
2021-06-16,Trinity,105,12862,489,332,94,426,3
2021-06-16,Tulare,107,460477,50409,49578,8966,58544,849
2021-06-16,Tuolumne,109,53932,4065,4110,44,4154,63
2021-06-16,Ventura,111,848112,81647,81229,2976,84205,1029
2021-06-16,Yolo,113,214977,14119,14135,256,14391,212
2021-06-16,Yuba,115,75493,6161,6134,129,6263,51
2021-06-15,Alameda,001,1643700,88919,89008,1937,90945,1262
2021-06-15,Alpine,002,1148,88,88,0,88,0
2021-06-15,Amador,005,37829,3730,3723,32,3755,46
2021-06-15,Butte,007,227075,12720,12620,1865,14485,194
2021-06-15,Calaveras,009,45235,2187,2188,13,2201,55
2021-06-15,Colusa,011,21464,1962,1967,316,2283,15
2021-06-15,Contra Costa,013,1133247,70538,70101,1291,71392,810
2021-06-15,Del Norte,015,27424,1442,1411,13,1424,8
2021-06-15,El Dorado,017,186661,10415,10330,763,11093,113
2021-06-15,Fresno,019,978130,103196,102828,8647,111475,1722
2021-06-15,Glenn,021,27897,2444,2426,561,2987,19
2021-06-15,Humboldt,023,135768,4431,4414,40,4454,42
2021-06-15,Imperial,025,180216,28737,28789,2690,31479,741
2021-06-15,Inyo,027,18085,1408,1405,12,1417,35
2021-06-15,Kern,029,883053,97722,96782,10976,107758,1338
2021-06-15,Kings,031,150075,23210,23070,1080,24150,245
2021-06-15,Lake,033,64148,3570,3559,9,3568,45
2021-06-15,Lassen,035,31185,5257,5211,115,5326,19
2021-06-15,Los Angeles,037,10098052,1210901,1204926,40584,1245510,24435
2021-06-15,Madera,039,155013,16739,16600,931,17531,240
2021-06-15,Marin,041,260295,14176,14135,260,14395,229
2021-06-15,Mariposa,043,17540,439,437,11,448,5
2021-06-15,Mendocino,045,87422,4123,4034,83,4117,49
2021-06-15,Merced,047,269075,31152,31244,1039,32283,461
2021-06-15,Modoc,049,8938,406,383,144,527,3
2021-06-15,Mono,051,14174,1265,1275,17,1292,3
2021-06-15,Monterey,053,433212,43262,43118,1834,44952,416
2021-06-15,Napa,055,140530,9967,10010,34,10044,80
2021-06-15,Nevada,057,99092,4925,4888,192,5080,72
2021-06-15,Orange,059,3164182,256242,255127,11341,266468,5105
2021-06-15,Placer,061,380077,23663,23396,1516,24912,298
2021-06-15,Plumas,063,18699,714,697,11,708,4
2021-06-15,Riverside,065,2383286,295018,289508,13947,303455,4455
2021-06-15,Sacramento,067,1510023,107588,107370,1790,109160,1662
2021-06-15,San Benito,069,59416,6077,6089,113,6202,63
2021-06-15,San Bernardino,071,2135413,294066,293463,8953,302416,4790
2021-06-15,San Diego,073,3302833,282284,281375,15194,296569,3770
2021-06-15,San Francisco,075,870044,36983,37210,1282,38492,555
2021-06-15,San Joaquin,077,732212,73775,73494,3548,77042,1399
2021-06-15,San Luis Obispo,079,281455,21506,21293,741,22034,257
2021-06-15,San Mateo,081,765935,42568,42593,473,43066,543
2021-06-15,Santa Barbara,083,443738,34556,34451,1119,35570,460
2021-06-15,Santa Clara,085,1922200,119196,119963,758,120721,2086
2021-06-15,Santa Cruz,087,273765,16302,16180,798,16978,208
2021-06-15,Shasta,089,179085,12533,12583,1615,14198,201
2021-06-15,Sierra,091,2930,60,55,12,67,0
2021-06-15,Siskiyou,093,43540,1960,1887,362,2249,26
2021-06-15,Solano,095,438530,33321,33264,558,33822,266
2021-06-15,Sonoma,097,501317,30648,30707,353,31060,323
2021-06-15,Stanislaus,099,539301,56876,56724,5931,62655,979
2021-06-15,Sutter,101,95872,9573,9616,87,9703,113
2021-06-15,Tehama,103,63373,5135,5102,577,5679,63
2021-06-15,Trinity,105,12862,488,332,93,425,3
2021-06-15,Tulare,107,460477,50403,49561,8963,58524,848
2021-06-15,Tuolumne,109,53932,4065,4111,44,4155,63
2021-06-15,Ventura,111,848112,81636,81215,2973,84188,1029
2021-06-15,Yolo,113,214977,14115,14127,254,14381,212
2021-06-15,Yuba,115,75493,6150,6130,129,6259,51
2021-06-14,Alameda,001,1643700,88871,88966,1937,90903,1264
2021-06-14,Alpine,002,1148,88,88,0,88,0
2021-06-14,Amador,005,37829,3729,3722,32,3754,46
2021-06-14,Butte,007,227075,12709,12613,1861,14474,194
2021-06-14,Calaveras,009,45235,2186,2190,13,2203,55
2021-06-14,Colusa,011,21464,1961,1966,316,2282,15
2021-06-14,Contra Costa,013,1133247,70485,70069,1289,71358,810
2021-06-14,Del Norte,015,27424,1442,1411,13,1424,8
2021-06-14,El Dorado,017,186661,10406,10327,761,11088,113
2021-06-14,Fresno,019,978130,103174,102812,8645,111457,1719
2021-06-14,Glenn,021,27897,2444,2426,561,2987,19
2021-06-14,Humboldt,023,135768,4423,4407,39,4446,42
2021-06-14,Imperial,025,180216,28725,28836,2690,31526,741
2021-06-14,Inyo,027,18085,1407,1405,12,1417,35
2021-06-14,Kern,029,883053,97702,96760,10966,107726,1337
2021-06-14,Kings,031,150075,23207,23071,1079,24150,245
2021-06-14,Lake,033,64148,3569,3557,9,3566,45
2021-06-14,Lassen,035,31185,5254,5209,114,5323,19
2021-06-14,Los Angeles,037,10098052,1210659,1204748,40574,1245322,24434
2021-06-14,Madera,039,155013,16733,16597,930,17527,240
2021-06-14,Marin,041,260295,14174,14133,260,14393,229
2021-06-14,Mariposa,043,17540,438,437,11,448,5
2021-06-14,Mendocino,045,87422,4117,4028,83,4111,49
2021-06-14,Merced,047,269075,31143,31241,1038,32279,461
2021-06-14,Modoc,049,8938,397,382,142,524,3
2021-06-14,Mono,051,14174,1265,1275,17,1292,3
2021-06-14,Monterey,053,433212,43259,43110,1834,44944,415
2021-06-14,Napa,055,140530,9963,10000,34,10034,80
2021-06-14,Nevada,057,99092,4918,4885,192,5077,72
2021-06-14,Orange,059,3164182,256204,255069,11337,266406,5103
2021-06-14,Placer,061,380077,23638,23379,1515,24894,298
2021-06-14,Plumas,063,18699,714,696,11,707,4
2021-06-14,Riverside,065,2383286,294963,289476,13947,303423,4453
2021-06-14,Sacramento,067,1510023,107533,107334,1784,109118,1661
2021-06-14,San Benito,069,59416,6077,6087,113,6200,63
2021-06-14,San Bernardino,071,2135413,294010,293446,8949,302395,4790
2021-06-14,San Diego,073,3302833,282178,281314,15174,296488,3770
2021-06-14,San Francisco,075,870044,36969,37206,1282,38488,555
2021-06-14,San Joaquin,077,732212,73746,73453,3548,77001,1398
2021-06-14,San Luis Obispo,079,281455,21504,21302,741,22043,256
2021-06-14,San Mateo,081,765935,42555,42619,472,43091,543
2021-06-14,Santa Barbara,083,443738,34553,34449,1119,35568,460
2021-06-14,Santa Clara,085,1922200,119165,119957,757,120714,2085
2021-06-14,Santa Cruz,087,273765,16299,16175,798,16973,208
2021-06-14,Shasta,089,179085,12522,12561,1612,14173,201
2021-06-14,Sierra,091,2930,59,55,12,67,0
2021-06-14,Siskiyou,093,43540,1960,1886,362,2248,26
2021-06-14,Solano,095,438530,33304,33243,557,33800,266
2021-06-14,Sonoma,097,501317,30616,30679,352,31031,323
2021-06-14,Stanislaus,099,539301,56839,56689,5928,62617,975
2021-06-14,Sutter,101,95872,9570,9607,87,9694,112
2021-06-14,Tehama,103,63373,5133,5102,577,5679,63
2021-06-14,Trinity,105,12862,488,332,93,425,3
2021-06-14,Tulare,107,460477,50398,49538,8960,58498,848
2021-06-14,Tuolumne,109,53932,4062,4108,44,4152,63
2021-06-14,Ventura,111,848112,81626,81209,2973,84182,1028
2021-06-14,Yolo,113,214977,14107,14123,254,14377,212
2021-06-14,Yuba,115,75493,6143,6127,129,6256,50
2021-06-13,Alameda,001,1643700,88813,88947,1936,90883,1264
2021-06-13,Alpine,002,1148,87,88,0,88,0
2021-06-13,Amador,005,37829,3725,3721,32,3753,46
2021-06-13,Butte,007,227075,12698,12586,1858,14444,194
2021-06-13,Calaveras,009,45235,2186,2189,13,2202,55
2021-06-13,Colusa,011,21464,1961,1965,315,2280,15
2021-06-13,Contra Costa,013,1133247,70432,70040,1287,71327,810
2021-06-13,Del Norte,015,27424,1440,1412,13,1425,8
2021-06-13,El Dorado,017,186661,10397,10324,761,11085,113
2021-06-13,Fresno,019,978130,103144,102795,8640,111435,1719
2021-06-13,Glenn,021,27897,2443,2425,559,2984,19
2021-06-13,Humboldt,023,135768,4410,4401,39,4440,42
2021-06-13,Imperial,025,180216,28716,28800,2690,31490,741
2021-06-13,Inyo,027,18085,1407,1405,12,1417,35
2021-06-13,Kern,029,883053,97678,96743,10954,107697,1337
2021-06-13,Kings,031,150075,23202,23069,1078,24147,245
2021-06-13,Lake,033,64148,3569,3556,9,3565,45
2021-06-13,Lassen,035,31185,5249,5209,114,5323,19
2021-06-13,Los Angeles,037,10098052,1210391,1204614,40563,1245177,24433
2021-06-13,Madera,039,155013,16719,16590,930,17520,240
2021-06-13,Marin,041,260295,14168,14126,260,14386,229
2021-06-13,Mariposa,043,17540,438,434,11,445,5
2021-06-13,Mendocino,045,87422,4110,4026,83,4109,49
2021-06-13,Merced,047,269075,31137,31240,1037,32277,461
2021-06-13,Modoc,049,8938,395,382,140,522,3
2021-06-13,Mono,051,14174,1265,1275,17,1292,3
2021-06-13,Monterey,053,433212,43251,43108,1834,44942,415
2021-06-13,Napa,055,140530,9957,9995,34,10029,80
2021-06-13,Nevada,057,99092,4913,4883,192,5075,72
2021-06-13,Orange,059,3164182,256149,255043,11334,266377,5103
2021-06-13,Placer,061,380077,23612,23365,1513,24878,295
2021-06-13,Plumas,063,18699,713,696,11,707,4
2021-06-13,Riverside,065,2383286,294896,289447,13944,303391,4453
2021-06-13,Sacramento,067,1510023,107457,107289,1781,109070,1658
2021-06-13,San Benito,069,59416,6077,6086,113,6199,63
2021-06-13,San Bernardino,071,2135413,293958,293416,8944,302360,4788
2021-06-13,San Diego,073,3302833,282099,281268,15158,296426,3770
2021-06-13,San Francisco,075,870044,36957,37197,1282,38479,555
2021-06-13,San Joaquin,077,732212,73711,73438,3546,76984,1398
2021-06-13,San Luis Obispo,079,281455,21498,21298,740,22038,256
2021-06-13,San Mateo,081,765935,42542,42611,472,43083,542
2021-06-13,Santa Barbara,083,443738,34542,34449,1118,35567,460
2021-06-13,Santa Clara,085,1922200,119141,119946,757,120703,2085
2021-06-13,Santa Cruz,087,273765,16292,16172,798,16970,208
2021-06-13,Shasta,089,179085,12513,12560,1611,14171,201
2021-06-13,Sierra,091,2930,59,55,12,67,0
2021-06-13,Siskiyou,093,43540,1959,1885,362,2247,26
2021-06-13,Solano,095,438530,33283,33234,557,33791,266
2021-06-13,Sonoma,097,501317,30581,30663,350,31013,323
2021-06-13,Stanislaus,099,539301,56813,56671,5925,62596,975
2021-06-13,Sutter,101,95872,9563,9603,87,9690,112
2021-06-13,Tehama,103,63373,5131,5100,577,5677,63
2021-06-13,Trinity,105,12862,487,332,93,425,3
2021-06-13,Tulare,107,460477,50389,49537,8955,58492,848
2021-06-13,Tuolumne,109,53932,4060,4107,43,4150,63
2021-06-13,Ventura,111,848112,81612,81201,2973,84174,1028
2021-06-13,Yolo,113,214977,14098,14120,252,14372,212
2021-06-13,Yuba,115,75493,6136,6125,129,6254,50
2021-06-12,Alameda,001,1643700,88786,88901,1936,90837,1271
2021-06-12,Alpine,002,1148,87,88,0,88,0
2021-06-12,Amador,005,37829,3724,3721,32,3753,46
2021-06-12,Butte,007,227075,12694,12576,1857,14433,194
2021-06-12,Calaveras,009,45235,2186,2189,13,2202,55
2021-06-12,Colusa,011,21464,1961,1965,315,2280,15
2021-06-12,Contra Costa,013,1133247,70401,69989,1285,71274,810
2021-06-12,Del Norte,015,27424,1440,1412,13,1425,8
2021-06-12,El Dorado,017,186661,10392,10320,760,11080,113
2021-06-12,Fresno,019,978130,103134,102783,8639,111422,1720
2021-06-12,Glenn,021,27897,2441,2425,559,2984,19
2021-06-12,Humboldt,023,135768,4402,4396,39,4435,42
2021-06-12,Imperial,025,180216,28713,28799,2690,31489,741
2021-06-12,Inyo,027,18085,1407,1405,12,1417,35
2021-06-12,Kern,029,883053,97663,96731,10950,107681,1337
2021-06-12,Kings,031,150075,23200,23067,1078,24145,245
2021-06-12,Lake,033,64148,3568,3552,9,3561,45
2021-06-12,Lassen,035,31185,5249,5208,114,5322,19
2021-06-12,Los Angeles,037,10098052,1210254,1204439,40557,1244996,24434
2021-06-12,Madera,039,155013,16715,16586,930,17516,240
2021-06-12,Marin,041,260295,14165,14121,260,14381,229
2021-06-12,Mariposa,043,17540,438,434,11,445,5
2021-06-12,Mendocino,045,87422,4107,4024,83,4107,49
2021-06-12,Merced,047,269075,31134,31236,1037,32273,461
2021-06-12,Modoc,049,8938,394,382,140,522,3
2021-06-12,Mono,051,14174,1265,1275,17,1292,3
2021-06-12,Monterey,053,433212,43246,43103,1834,44937,415
2021-06-12,Napa,055,140530,9953,9986,34,10020,80
2021-06-12,Nevada,057,99092,4907,4878,192,5070,72
2021-06-12,Orange,059,3164182,256117,255004,11332,266336,5103
2021-06-12,Placer,061,380077,23593,23345,1513,24858,295
2021-06-12,Plumas,063,18699,713,696,11,707,4
2021-06-12,Riverside,065,2383286,294854,289413,13941,303354,4453
2021-06-12,Sacramento,067,1510023,107398,107199,1778,108977,1658
2021-06-12,San Benito,069,59416,6075,6083,113,6196,63
2021-06-12,San Bernardino,071,2135413,293923,293375,8942,302317,4788
2021-06-12,San Diego,073,3302833,282042,281203,15149,296352,3770
2021-06-12,San Francisco,075,870044,36947,37189,1282,38471,555
2021-06-12,San Joaquin,077,732212,73692,73413,3545,76958,1398
2021-06-12,San Luis Obispo,079,281455,21495,21293,740,22033,256
2021-06-12,San Mateo,081,765935,42536,42604,472,43076,542
2021-06-12,Santa Barbara,083,443738,34537,34450,1118,35568,460
2021-06-12,Santa Clara,085,1922200,119101,119894,757,120651,2085
2021-06-12,Santa Cruz,087,273765,16284,16170,798,16968,208
2021-06-12,Shasta,089,179085,12510,12556,1610,14166,201
2021-06-12,Sierra,091,2930,59,55,12,67,0
2021-06-12,Siskiyou,093,43540,1958,1884,362,2246,25
2021-06-12,Solano,095,438530,33274,33219,557,33776,266
2021-06-12,Sonoma,097,501317,30552,30647,350,30997,323
2021-06-12,Stanislaus,099,539301,56796,56649,5924,62573,974
2021-06-12,Sutter,101,95872,9559,9603,87,9690,112
2021-06-12,Tehama,103,63373,5131,5099,576,5675,63
2021-06-12,Trinity,105,12862,487,332,93,425,3
2021-06-12,Tulare,107,460477,50384,49533,8948,58481,848
2021-06-12,Tuolumne,109,53932,4059,4105,43,4148,63
2021-06-12,Ventura,111,848112,81600,81197,2973,84170,1028
2021-06-12,Yolo,113,214977,14095,14118,251,14369,212
2021-06-12,Yuba,115,75493,6131,6120,129,6249,50
2021-06-11,Alameda,001,1643700,88758,88844,1936,90780,1278
2021-06-11,Alpine,002,1148,87,88,0,88,0
2021-06-11,Amador,005,37829,3723,3710,32,3742,46
2021-06-11,Butte,007,227075,12690,12576,1855,14431,194
2021-06-11,Calaveras,009,45235,2186,2188,13,2201,55
2021-06-11,Colusa,011,21464,1960,1964,315,2279,15
2021-06-11,Contra Costa,013,1133247,70368,69940,1283,71223,808
2021-06-11,Del Norte,015,27424,1440,1409,13,1422,8
2021-06-11,El Dorado,017,186661,10389,10316,760,11076,113
2021-06-11,Fresno,019,978130,103115,102770,8638,111408,1720
2021-06-11,Glenn,021,27897,2441,2425,559,2984,19
2021-06-11,Humboldt,023,135768,4398,4389,39,4428,42
2021-06-11,Imperial,025,180216,28708,28793,2690,31483,741
2021-06-11,Inyo,027,18085,1407,1405,12,1417,35
2021-06-11,Kern,029,883053,97651,96718,10947,107665,1340
2021-06-11,Kings,031,150075,23196,23069,1077,24146,245
2021-06-11,Lake,033,64148,3567,3550,9,3559,45
2021-06-11,Lassen,035,31185,5248,5204,114,5318,18
2021-06-11,Los Angeles,037,10098052,1210104,1204259,40542,1244801,24434
2021-06-11,Madera,039,155013,16712,16582,930,17512,240
2021-06-11,Marin,041,260295,14162,14116,260,14376,229
2021-06-11,Mariposa,043,17540,438,434,11,445,5
2021-06-11,Mendocino,045,87422,4104,4022,83,4105,49
2021-06-11,Merced,047,269075,31129,31231,1037,32268,461
2021-06-11,Modoc,049,8938,394,382,139,521,3
2021-06-11,Mono,051,14174,1265,1274,17,1291,3
2021-06-11,Monterey,053,433212,43242,43097,1834,44931,415
2021-06-11,Napa,055,140530,9950,9977,34,10011,80
2021-06-11,Nevada,057,99092,4905,4873,192,5065,72
2021-06-11,Orange,059,3164182,256083,254975,11329,266304,5101
2021-06-11,Placer,061,380077,23588,23330,1513,24843,294
2021-06-11,Plumas,063,18699,713,696,11,707,4
2021-06-11,Riverside,065,2383286,294816,289376,13936,303312,4451
2021-06-11,Sacramento,067,1510023,107339,107119,1777,108896,1659
2021-06-11,San Benito,069,59416,6074,6082,113,6195,63
2021-06-11,San Bernardino,071,2135413,293887,293335,8938,302273,4788
2021-06-11,San Diego,073,3302833,282002,281144,15142,296286,3768
2021-06-11,San Francisco,075,870044,36942,37177,1282,38459,555
2021-06-11,San Joaquin,077,732212,73675,73347,3542,76889,1397
2021-06-11,San Luis Obispo,079,281455,21494,21288,740,22028,256
2021-06-11,San Mateo,081,765935,42522,42585,472,43057,542
2021-06-11,Santa Barbara,083,443738,34534,34438,1118,35556,460
2021-06-11,Santa Clara,085,1922200,119081,119860,757,120617,2083
2021-06-11,Santa Cruz,087,273765,16276,16164,798,16962,208
2021-06-11,Shasta,089,179085,12502,12550,1608,14158,201
2021-06-11,Sierra,091,2930,59,55,12,67,0
2021-06-11,Siskiyou,093,43540,1957,1882,362,2244,25
2021-06-11,Solano,095,438530,33254,33179,556,33735,266
2021-06-11,Sonoma,097,501317,30534,30624,350,30974,323
2021-06-11,Stanislaus,099,539301,56770,56617,5920,62537,974
2021-06-11,Sutter,101,95872,9556,9600,86,9686,112
2021-06-11,Tehama,103,63373,5130,5099,576,5675,63
2021-06-11,Trinity,105,12862,487,331,93,424,3
2021-06-11,Tulare,107,460477,50378,49516,8947,58463,848
2021-06-11,Tuolumne,109,53932,4056,4104,43,4147,63
2021-06-11,Ventura,111,848112,81590,81189,2973,84162,1026
2021-06-11,Yolo,113,214977,14088,14111,247,14358,212
2021-06-11,Yuba,115,75493,6127,6113,129,6242,50
2021-06-10,Alameda,001,1643700,88714,88806,1935,90741,1275
2021-06-10,Alpine,002,1148,87,88,0,88,0
2021-06-10,Amador,005,37829,3719,3709,32,3741,46
2021-06-10,Butte,007,227075,12673,12565,1855,14420,194
2021-06-10,Calaveras,009,45235,2185,2188,13,2201,55
2021-06-10,Colusa,011,21464,1958,1964,315,2279,15
2021-06-10,Contra Costa,013,1133247,70314,69876,1283,71159,807
2021-06-10,Del Norte,015,27424,1440,1405,13,1418,8
2021-06-10,El Dorado,017,186661,10382,10314,756,11070,113
2021-06-10,Fresno,019,978130,103089,102724,8637,111361,1717
2021-06-10,Glenn,021,27897,2441,2425,559,2984,19
2021-06-10,Humboldt,023,135768,4390,4384,39,4423,42
2021-06-10,Imperial,025,180216,28702,28779,2690,31469,739
2021-06-10,Inyo,027,18085,1407,1405,12,1417,35
2021-06-10,Kern,029,883053,97637,96706,10942,107648,1336
2021-06-10,Kings,031,150075,23195,23067,1077,24144,245
2021-06-10,Lake,033,64148,3562,3550,9,3559,45
2021-06-10,Lassen,035,31185,5246,5201,114,5315,18
2021-06-10,Los Angeles,037,10098052,1209938,1204110,40527,1244637,24440
2021-06-10,Madera,039,155013,16705,16581,929,17510,240
2021-06-10,Marin,041,260295,14159,14118,260,14378,229
2021-06-10,Mariposa,043,17540,436,434,11,445,5
2021-06-10,Mendocino,045,87422,4099,4016,83,4099,48
2021-06-10,Merced,047,269075,31121,31231,1034,32265,461
2021-06-10,Modoc,049,8938,393,381,139,520,3
2021-06-10,Mono,051,14174,1264,1274,17,1291,3
2021-06-10,Monterey,053,433212,43236,43090,1834,44924,415
2021-06-10,Napa,055,140530,9949,9974,34,10008,80
2021-06-10,Nevada,057,99092,4900,4866,192,5058,72
2021-06-10,Orange,059,3164182,256054,254950,11322,266272,5097
2021-06-10,Placer,061,380077,23575,23296,1513,24809,293
2021-06-10,Plumas,063,18699,713,696,11,707,4
2021-06-10,Riverside,065,2383286,294774,289335,13931,303266,4450
2021-06-10,Sacramento,067,1510023,107277,107049,1777,108826,1658
2021-06-10,San Benito,069,59416,6074,6079,113,6192,63
2021-06-10,San Bernardino,071,2135413,293846,293281,8935,302216,4782
2021-06-10,San Diego,073,3302833,281944,281052,15125,296177,3766
2021-06-10,San Francisco,075,870044,36932,37159,1280,38439,552
2021-06-10,San Joaquin,077,732212,73641,73276,3541,76817,1393
2021-06-10,San Luis Obispo,079,281455,21491,21280,740,22020,256
2021-06-10,San Mateo,081,765935,42515,42562,472,43034,666
2021-06-10,Santa Barbara,083,443738,34530,34434,1118,35552,460
2021-06-10,Santa Clara,085,1922200,119046,119832,756,120588,2075
2021-06-10,Santa Cruz,087,273765,16275,16159,798,16957,208
2021-06-10,Shasta,089,179085,12492,12536,1608,14144,201
2021-06-10,Sierra,091,2930,58,55,12,67,0
2021-06-10,Siskiyou,093,43540,1957,1881,362,2243,25
2021-06-10,Solano,095,438530,33237,33150,555,33705,265
2021-06-10,Sonoma,097,501317,30498,30571,348,30919,323
2021-06-10,Stanislaus,099,539301,56749,56588,5916,62504,974
2021-06-10,Sutter,101,95872,9549,9594,86,9680,112
2021-06-10,Tehama,103,63373,5130,5096,576,5672,63
2021-06-10,Trinity,105,12862,487,331,93,424,3
2021-06-10,Tulare,107,460477,50370,49503,8947,58450,848
2021-06-10,Tuolumne,109,53932,4056,4100,43,4143,63
2021-06-10,Ventura,111,848112,81579,81172,2972,84144,1026
2021-06-10,Yolo,113,214977,14085,14107,247,14354,212
2021-06-10,Yuba,115,75493,6123,6112,129,6241,50
2021-06-09,Alameda,001,1643700,88670,88762,1934,90696,1271
2021-06-09,Alpine,002,1148,87,88,0,88,0
2021-06-09,Amador,005,37829,3715,3706,32,3738,46
2021-06-09,Butte,007,227075,12667,12555,1853,14408,194
2021-06-09,Calaveras,009,45235,2183,2184,13,2197,55
2021-06-09,Colusa,011,21464,1958,1962,314,2276,15
2021-06-09,Contra Costa,013,1133247,70277,69829,1282,71111,803
2021-06-09,Del Norte,015,27424,1436,1403,13,1416,8
2021-06-09,El Dorado,017,186661,10379,10312,755,11067,113
2021-06-09,Fresno,019,978130,103069,102690,8633,111323,1717
2021-06-09,Glenn,021,27897,2440,2424,559,2983,19
2021-06-09,Humboldt,023,135768,4385,4379,38,4417,42
2021-06-09,Imperial,025,180216,28699,28754,2690,31444,739
2021-06-09,Inyo,027,18085,1407,1405,12,1417,35
2021-06-09,Kern,029,883053,97623,96697,10933,107630,1328
2021-06-09,Kings,031,150075,23193,23061,1077,24138,245
2021-06-09,Lake,033,64148,3559,3541,9,3550,45
2021-06-09,Lassen,035,31185,5245,5200,114,5314,18
2021-06-09,Los Angeles,037,10098052,1209750,1203955,40514,1244469,24432
2021-06-09,Madera,039,155013,16700,16580,929,17509,240
2021-06-09,Marin,041,260295,14154,14114,260,14374,229
2021-06-09,Mariposa,043,17540,436,434,11,445,5
2021-06-09,Mendocino,045,87422,4093,4008,83,4091,47
2021-06-09,Merced,047,269075,31117,31225,1034,32259,461
2021-06-09,Modoc,049,8938,391,377,138,515,3
2021-06-09,Mono,051,14174,1264,1274,17,1291,3
2021-06-09,Monterey,053,433212,43229,43082,1834,44916,415
2021-06-09,Napa,055,140530,9943,9971,34,10005,80
2021-06-09,Nevada,057,99092,4890,4863,191,5054,72
2021-06-09,Orange,059,3164182,256010,254893,11317,266210,5080
2021-06-09,Placer,061,380077,23556,23237,1513,24750,293
2021-06-09,Plumas,063,18699,712,697,11,708,4
2021-06-09,Riverside,065,2383286,294728,289299,13929,303228,4450
2021-06-09,Sacramento,067,1510023,107214,106971,1774,108745,1657
2021-06-09,San Benito,069,59416,6071,6078,113,6191,63
2021-06-09,San Bernardino,071,2135413,293804,293222,8935,302157,4782
2021-06-09,San Diego,073,3302833,281880,280941,15113,296054,3765
2021-06-09,San Francisco,075,870044,36918,37143,1279,38422,552
2021-06-09,San Joaquin,077,732212,73615,73232,3541,76773,1392
2021-06-09,San Luis Obispo,079,281455,21490,21259,740,21999,256
2021-06-09,San Mateo,081,765935,42499,42502,471,42973,666
2021-06-09,Santa Barbara,083,443738,34519,34422,1118,35540,460
2021-06-09,Santa Clara,085,1922200,119009,119793,755,120548,2068
2021-06-09,Santa Cruz,087,273765,16272,16155,798,16953,208
2021-06-09,Shasta,089,179085,12482,12521,1606,14127,201
2021-06-09,Sierra,091,2930,57,55,12,67,0
2021-06-09,Siskiyou,093,43540,1956,1871,362,2233,25
2021-06-09,Solano,095,438530,33221,33137,554,33691,264
2021-06-09,Sonoma,097,501317,30476,30540,348,30888,323
2021-06-09,Stanislaus,099,539301,56729,56560,5913,62473,974
2021-06-09,Sutter,101,95872,9540,9586,85,9671,111
2021-06-09,Tehama,103,63373,5129,5093,576,5669,63
2021-06-09,Trinity,105,12862,486,331,93,424,3
2021-06-09,Tulare,107,460477,50366,49496,8945,58441,847
2021-06-09,Tuolumne,109,53932,4053,4100,43,4143,63
2021-06-09,Ventura,111,848112,81569,81154,2971,84125,1026
2021-06-09,Yolo,113,214977,14083,14102,246,14348,212
2021-06-09,Yuba,115,75493,6119,6109,129,6238,50
2021-06-08,Alameda,001,1643700,88622,88731,1934,90665,1267
2021-06-08,Alpine,002,1148,87,88,0,88,0
2021-06-08,Amador,005,37829,3714,3704,32,3736,46
2021-06-08,Butte,007,227075,12661,12540,1851,14391,194
2021-06-08,Calaveras,009,45235,2182,2181,13,2194,55
2021-06-08,Colusa,011,21464,1958,1961,314,2275,15
2021-06-08,Contra Costa,013,1133247,70229,69762,1281,71043,803
2021-06-08,Del Norte,015,27424,1434,1402,13,1415,8
2021-06-08,El Dorado,017,186661,10374,10306,753,11059,113
2021-06-08,Fresno,019,978130,103044,102680,8631,111311,1717
2021-06-08,Glenn,021,27897,2439,2423,559,2982,19
2021-06-08,Humboldt,023,135768,4380,4363,38,4401,42
2021-06-08,Imperial,025,180216,28690,28752,2690,31442,738
2021-06-08,Inyo,027,18085,1407,1405,12,1417,35
2021-06-08,Kern,029,883053,97604,96671,10926,107597,1325
2021-06-08,Kings,031,150075,23192,23036,1077,24113,245
2021-06-08,Lake,033,64148,3558,3540,9,3549,45
2021-06-08,Lassen,035,31185,5245,5200,114,5314,18
2021-06-08,Los Angeles,037,10098052,1209552,1203794,40502,1244296,24426
2021-06-08,Madera,039,155013,16694,16579,928,17507,240
2021-06-08,Marin,041,260295,14152,14111,259,14370,229
2021-06-08,Mariposa,043,17540,436,434,11,445,5
2021-06-08,Mendocino,045,87422,4086,4002,83,4085,47
2021-06-08,Merced,047,269075,31109,31225,1034,32259,461
2021-06-08,Modoc,049,8938,385,377,137,514,3
2021-06-08,Mono,051,14174,1264,1274,17,1291,3
2021-06-08,Monterey,053,433212,43223,43078,1833,44911,415
2021-06-08,Napa,055,140530,9939,9962,34,9996,80
2021-06-08,Nevada,057,99092,4885,4861,191,5052,72
2021-06-08,Orange,059,3164182,255968,254852,11310,266162,5078
2021-06-08,Placer,061,380077,23538,23209,1509,24718,293
2021-06-08,Plumas,063,18699,712,692,11,703,4
2021-06-08,Riverside,065,2383286,294692,289268,13921,303189,4452
2021-06-08,Sacramento,067,1510023,107152,106901,1771,108672,1654
2021-06-08,San Benito,069,59416,6069,6076,113,6189,63
2021-06-08,San Bernardino,071,2135413,293755,293186,8931,302117,4778
2021-06-08,San Diego,073,3302833,281817,280879,15104,295983,3764
2021-06-08,San Francisco,075,870044,36903,37134,1278,38412,552
2021-06-08,San Joaquin,077,732212,73571,73186,3536,76722,1390
2021-06-08,San Luis Obispo,079,281455,21484,21251,739,21990,255
2021-06-08,San Mateo,081,765935,42486,42488,471,42959,663
2021-06-08,Santa Barbara,083,443738,34515,34418,1118,35536,459
2021-06-08,Santa Clara,085,1922200,118988,119770,754,120524,2068
2021-06-08,Santa Cruz,087,273765,16269,16160,798,16958,208
2021-06-08,Shasta,089,179085,12467,12498,1606,14104,201
2021-06-08,Sierra,091,2930,57,55,12,67,0
2021-06-08,Siskiyou,093,43540,1954,1870,360,2230,21
2021-06-08,Solano,095,438530,33200,33130,554,33684,259
2021-06-08,Sonoma,097,501317,30450,30523,346,30869,323
2021-06-08,Stanislaus,099,539301,56702,56548,5911,62459,973
2021-06-08,Sutter,101,95872,9537,9581,85,9666,111
2021-06-08,Tehama,103,63373,5126,5093,576,5669,63
2021-06-08,Trinity,105,12862,486,330,92,422,3
2021-06-08,Tulare,107,460477,50355,49485,8941,58426,847
2021-06-08,Tuolumne,109,53932,4049,4099,43,4142,63
2021-06-08,Ventura,111,848112,81553,81142,2970,84112,1026
2021-06-08,Yolo,113,214977,14078,14099,245,14344,212
2021-06-08,Yuba,115,75493,6117,6103,129,6232,50
2021-06-07,Alameda,001,1643700,88565,88688,1934,90622,1267
2021-06-07,Alpine,002,1148,87,88,0,88,0
2021-06-07,Amador,005,37829,3704,3697,32,3729,46
2021-06-07,Butte,007,227075,12654,12533,1850,14383,194
2021-06-07,Calaveras,009,45235,2181,2181,13,2194,55
2021-06-07,Colusa,011,21464,1957,1960,314,2274,15
2021-06-07,Contra Costa,013,1133247,70172,69718,1280,70998,817
2021-06-07,Del Norte,015,27424,1434,1401,13,1414,8
2021-06-07,El Dorado,017,186661,10369,10305,753,11058,113
2021-06-07,Fresno,019,978130,103013,102659,8623,111282,1717
2021-06-07,Glenn,021,27897,2439,2423,559,2982,19
2021-06-07,Humboldt,023,135768,4372,4354,38,4392,42
2021-06-07,Imperial,025,180216,28688,28754,2690,31444,738
2021-06-07,Inyo,027,18085,1407,1404,12,1416,35
2021-06-07,Kern,029,883053,97588,96645,10919,107564,1324
2021-06-07,Kings,031,150075,23188,23023,1077,24100,244
2021-06-07,Lake,033,64148,3556,3540,9,3549,45
2021-06-07,Lassen,035,31185,5240,5198,114,5312,18
2021-06-07,Los Angeles,037,10098052,1209328,1203664,40488,1244152,24413
2021-06-07,Madera,039,155013,16687,16572,928,17500,240
2021-06-07,Marin,041,260295,14148,14108,258,14366,229
2021-06-07,Mariposa,043,17540,436,434,11,445,5
2021-06-07,Mendocino,045,87422,4080,3998,83,4081,47
2021-06-07,Merced,047,269075,31097,31212,1033,32245,459
2021-06-07,Modoc,049,8938,384,375,134,509,3
2021-06-07,Mono,051,14174,1264,1275,17,1292,3
2021-06-07,Monterey,053,433212,43216,43077,1833,44910,415
2021-06-07,Napa,055,140530,9931,9962,34,9996,80
2021-06-07,Nevada,057,99092,4883,4860,191,5051,72
2021-06-07,Orange,059,3164182,255928,254808,11302,266110,5073
2021-06-07,Placer,061,380077,23519,23176,1507,24683,293
2021-06-07,Plumas,063,18699,712,692,11,703,4
2021-06-07,Riverside,065,2383286,294649,289232,13917,303149,4451
2021-06-07,Sacramento,067,1510023,107076,106841,1768,108609,1655
2021-06-07,San Benito,069,59416,6068,6074,113,6187,63
2021-06-07,San Bernardino,071,2135413,293717,293129,8930,302059,4775
2021-06-07,San Diego,073,3302833,281735,280808,15091,295899,3764
2021-06-07,San Francisco,075,870044,36885,37122,1278,38400,552
2021-06-07,San Joaquin,077,732212,73526,73130,3529,76659,1388
2021-06-07,San Luis Obispo,079,281455,21471,21252,739,21991,255
2021-06-07,San Mateo,081,765935,42470,42479,471,42950,664
2021-06-07,Santa Barbara,083,443738,34509,34407,1118,35525,459
2021-06-07,Santa Clara,085,1922200,118956,119743,754,120497,2066
2021-06-07,Santa Cruz,087,273765,16268,16159,798,16957,208
2021-06-07,Shasta,089,179085,12453,12483,1601,14084,200
2021-06-07,Sierra,091,2930,57,55,12,67,0
2021-06-07,Siskiyou,093,43540,1954,1869,360,2229,21
2021-06-07,Solano,095,438530,33178,33124,553,33677,258
2021-06-07,Sonoma,097,501317,30414,30504,345,30849,323
2021-06-07,Stanislaus,099,539301,56669,56521,5909,62430,972
2021-06-07,Sutter,101,95872,9533,9571,85,9656,111
2021-06-07,Tehama,103,63373,5122,5092,574,5666,63
2021-06-07,Trinity,105,12862,486,329,92,421,3
2021-06-07,Tulare,107,460477,50348,49471,8941,58412,847
2021-06-07,Tuolumne,109,53932,4048,4098,43,4141,63
2021-06-07,Ventura,111,848112,81536,81137,2968,84105,1025
2021-06-07,Yolo,113,214977,14073,14097,244,14341,211
2021-06-07,Yuba,115,75493,6115,6099,126,6225,49
2021-06-06,Alameda,001,1643700,88527,88636,1933,90569,1267
2021-06-06,Alpine,002,1148,87,88,0,88,0
2021-06-06,Amador,005,37829,3701,3696,32,3728,46
2021-06-06,Butte,007,227075,12643,12527,1849,14376,194
2021-06-06,Calaveras,009,45235,2180,2181,13,2194,55
2021-06-06,Colusa,011,21464,1955,1959,314,2273,15
2021-06-06,Contra Costa,013,1133247,70107,69659,1278,70937,817
2021-06-06,Del Norte,015,27424,1429,1401,13,1414,8
2021-06-06,El Dorado,017,186661,10362,10294,753,11047,113
2021-06-06,Fresno,019,978130,102980,102642,8620,111262,1717
2021-06-06,Glenn,021,27897,2438,2423,559,2982,19
2021-06-06,Humboldt,023,135768,4361,4353,38,4391,42
2021-06-06,Imperial,025,180216,28682,28762,2690,31452,738
2021-06-06,Inyo,027,18085,1406,1404,12,1416,35
2021-06-06,Kern,029,883053,97570,96623,10912,107535,1324
2021-06-06,Kings,031,150075,23182,23021,1077,24098,244
2021-06-06,Lake,033,64148,3556,3535,9,3544,45
2021-06-06,Lassen,035,31185,5238,5191,114,5305,18
2021-06-06,Los Angeles,037,10098052,1209129,1203539,40474,1244013,24410
2021-06-06,Madera,039,155013,16680,16567,928,17495,240
2021-06-06,Marin,041,260295,14142,14106,257,14363,229
2021-06-06,Mariposa,043,17540,435,435,11,446,5
2021-06-06,Mendocino,045,87422,4076,3993,83,4076,47
2021-06-06,Merced,047,269075,31091,31215,1032,32247,459
2021-06-06,Modoc,049,8938,384,375,133,508,3
2021-06-06,Mono,051,14174,1264,1275,17,1292,3
2021-06-06,Monterey,053,433212,43211,43078,1833,44911,415
2021-06-06,Napa,055,140530,9925,9963,34,9997,80
2021-06-06,Nevada,057,99092,4876,4854,190,5044,72
2021-06-06,Orange,059,3164182,255892,254782,11297,266079,5073
2021-06-06,Placer,061,380077,23494,23156,1504,24660,293
2021-06-06,Plumas,063,18699,712,692,11,703,4
2021-06-06,Riverside,065,2383286,294610,289201,13911,303112,4451
2021-06-06,Sacramento,067,1510023,106990,106749,1767,108516,1655
2021-06-06,San Benito,069,59416,6062,6074,113,6187,63
2021-06-06,San Bernardino,071,2135413,293660,293117,8921,302038,4773
2021-06-06,San Diego,073,3302833,281655,280743,15074,295817,3764
2021-06-06,San Francisco,075,870044,36870,37118,1276,38394,552
2021-06-06,San Joaquin,077,732212,73494,73105,3525,76630,1388
2021-06-06,San Luis Obispo,079,281455,21468,21246,739,21985,255
2021-06-06,San Mateo,081,765935,42453,42457,471,42928,664
2021-06-06,Santa Barbara,083,443738,34505,34403,1117,35520,459
2021-06-06,Santa Clara,085,1922200,118934,119711,754,120465,2066
2021-06-06,Santa Cruz,087,273765,16267,16158,798,16956,208
2021-06-06,Shasta,089,179085,12438,12478,1598,14076,200
2021-06-06,Sierra,091,2930,57,55,12,67,0
2021-06-06,Siskiyou,093,43540,1951,1869,360,2229,21
2021-06-06,Solano,095,438530,33151,33093,553,33646,258
2021-06-06,Sonoma,097,501317,30382,30478,344,30822,323
2021-06-06,Stanislaus,099,539301,56633,56486,5906,62392,972
2021-06-06,Sutter,101,95872,9526,9567,85,9652,111
2021-06-06,Tehama,103,63373,5112,5092,572,5664,63
2021-06-06,Trinity,105,12862,486,328,92,420,3
2021-06-06,Tulare,107,460477,50339,49466,8936,58402,847
2021-06-06,Tuolumne,109,53932,4045,4097,43,4140,63
2021-06-06,Ventura,111,848112,81525,81130,2965,84095,1025
2021-06-06,Yolo,113,214977,14065,14089,243,14332,210
2021-06-06,Yuba,115,75493,6107,6096,126,6222,49
2021-06-05,Alameda,001,1643700,88494,88612,1933,90545,1268
2021-06-05,Alpine,002,1148,87,88,0,88,0
2021-06-05,Amador,005,37829,3701,3694,32,3726,46
2021-06-05,Butte,007,227075,12637,12514,1848,14362,194
2021-06-05,Calaveras,009,45235,2180,2181,13,2194,55
2021-06-05,Colusa,011,21464,1955,1959,314,2273,15
2021-06-05,Contra Costa,013,1133247,70078,69601,1278,70879,817
2021-06-05,Del Norte,015,27424,1429,1400,13,1413,8
2021-06-05,El Dorado,017,186661,10360,10288,752,11040,113
2021-06-05,Fresno,019,978130,102971,102626,8620,111246,1717
2021-06-05,Glenn,021,27897,2437,2423,559,2982,19
2021-06-05,Humboldt,023,135768,4356,4346,38,4384,42
2021-06-05,Imperial,025,180216,28679,28764,2690,31454,738
2021-06-05,Inyo,027,18085,1406,1405,12,1417,35
2021-06-05,Kern,029,883053,97557,96597,10908,107505,1324
2021-06-05,Kings,031,150075,23179,23017,1077,24094,244
2021-06-05,Lake,033,64148,3553,3534,9,3543,45
2021-06-05,Lassen,035,31185,5237,5191,114,5305,18
2021-06-05,Los Angeles,037,10098052,1209000,1203338,40463,1243801,24411
2021-06-05,Madera,039,155013,16676,16563,928,17491,240
2021-06-05,Marin,041,260295,14140,14101,257,14358,229
2021-06-05,Mariposa,043,17540,435,435,11,446,5
2021-06-05,Mendocino,045,87422,4073,3989,83,4072,47
2021-06-05,Merced,047,269075,31089,31212,1031,32243,459
2021-06-05,Modoc,049,8938,384,375,132,507,3
2021-06-05,Mono,051,14174,1264,1274,17,1291,3
2021-06-05,Monterey,053,433212,43207,43071,1832,44903,415
2021-06-05,Napa,055,140530,9920,9960,34,9994,80
2021-06-05,Nevada,057,99092,4874,4849,190,5039,72
2021-06-05,Orange,059,3164182,255868,254752,11294,266046,5069
2021-06-05,Placer,061,380077,23478,23133,1504,24637,293
2021-06-05,Plumas,063,18699,712,692,11,703,4
2021-06-05,Riverside,065,2383286,294575,289157,13907,303064,4451
2021-06-05,Sacramento,067,1510023,106938,106688,1765,108453,1655
2021-06-05,San Benito,069,59416,6060,6074,113,6187,63
2021-06-05,San Bernardino,071,2135413,293627,293081,8920,302001,4772
2021-06-05,San Diego,073,3302833,281614,280676,15061,295737,3764
2021-06-05,San Francisco,075,870044,36861,37111,1276,38387,552
2021-06-05,San Joaquin,077,732212,73478,73078,3519,76597,1388
2021-06-05,San Luis Obispo,079,281455,21465,21236,739,21975,255
2021-06-05,San Mateo,081,765935,42443,42433,471,42904,664
2021-06-05,Santa Barbara,083,443738,34502,34399,1116,35515,459
2021-06-05,Santa Clara,085,1922200,118912,119676,752,120428,2066
2021-06-05,Santa Cruz,087,273765,16267,16154,798,16952,208
2021-06-05,Shasta,089,179085,12428,12472,1597,14069,200
2021-06-05,Sierra,091,2930,57,55,12,67,0
2021-06-05,Siskiyou,093,43540,1951,1867,360,2227,21
2021-06-05,Solano,095,438530,33136,33074,553,33627,257
2021-06-05,Sonoma,097,501317,30355,30450,342,30792,323
2021-06-05,Stanislaus,099,539301,56624,56463,5904,62367,973
2021-06-05,Sutter,101,95872,9523,9559,85,9644,111
2021-06-05,Tehama,103,63373,5111,5092,571,5663,63
2021-06-05,Trinity,105,12862,486,328,92,420,3
2021-06-05,Tulare,107,460477,50333,49463,8936,58399,847
2021-06-05,Tuolumne,109,53932,4043,4098,43,4141,63
2021-06-05,Ventura,111,848112,81516,81119,2963,84082,1025
2021-06-05,Yolo,113,214977,14063,14088,243,14331,210
2021-06-05,Yuba,115,75493,6106,6087,126,6213,49
2021-06-04,Alameda,001,1643700,88467,88585,1930,90515,1263
2021-06-04,Alpine,002,1148,87,88,0,88,0
2021-06-04,Amador,005,37829,3701,3690,32,3722,46
2021-06-04,Butte,007,227075,12626,12494,1845,14339,193
2021-06-04,Calaveras,009,45235,2180,2179,13,2192,55
2021-06-04,Colusa,011,21464,1955,1959,314,2273,15
2021-06-04,Contra Costa,013,1133247,70043,69540,1275,70815,816
2021-06-04,Del Norte,015,27424,1429,1398,13,1411,8
2021-06-04,El Dorado,017,186661,10356,10284,750,11034,112
2021-06-04,Fresno,019,978130,102955,102601,8620,111221,1712
2021-06-04,Glenn,021,27897,2437,2423,558,2981,19
2021-06-04,Humboldt,023,135768,4351,4327,38,4365,42
2021-06-04,Imperial,025,180216,28675,28753,2690,31443,738
2021-06-04,Inyo,027,18085,1406,1404,12,1416,35
2021-06-04,Kern,029,883053,97539,96573,10906,107479,1327
2021-06-04,Kings,031,150075,23178,23002,1077,24079,244
2021-06-04,Lake,033,64148,3551,3528,9,3537,45
2021-06-04,Lassen,035,31185,5237,5180,114,5294,18
2021-06-04,Los Angeles,037,10098052,1208879,1203106,40454,1243560,24400
2021-06-04,Madera,039,155013,16674,16557,928,17485,240
2021-06-04,Marin,041,260295,14139,14099,256,14355,229
2021-06-04,Mariposa,043,17540,435,435,11,446,5
2021-06-04,Mendocino,045,87422,4064,3983,83,4066,47
2021-06-04,Merced,047,269075,31084,31204,1030,32234,459
2021-06-04,Modoc,049,8938,382,375,132,507,3
2021-06-04,Mono,051,14174,1264,1275,17,1292,3
2021-06-04,Monterey,053,433212,43203,43068,1832,44900,415
2021-06-04,Napa,055,140530,9916,9958,34,9992,80
2021-06-04,Nevada,057,99092,4870,4844,190,5034,72
2021-06-04,Orange,059,3164182,255831,254730,11290,266020,5059
2021-06-04,Placer,061,380077,23462,23110,1503,24613,293
2021-06-04,Plumas,063,18699,712,691,11,702,4
2021-06-04,Riverside,065,2383286,294549,289098,13903,303001,4452
2021-06-04,Sacramento,067,1510023,106884,106616,1764,108380,1654
2021-06-04,San Benito,069,59416,6058,6073,113,6186,63
2021-06-04,San Bernardino,071,2135413,293603,293056,8918,301974,4768
2021-06-04,San Diego,073,3302833,281571,280556,15054,295610,3763
2021-06-04,San Francisco,075,870044,36854,37079,1275,38354,551
2021-06-04,San Joaquin,077,732212,73459,73039,3517,76556,1388
2021-06-04,San Luis Obispo,079,281455,21462,21234,738,21972,255
2021-06-04,San Mateo,081,765935,42431,42413,471,42884,478
2021-06-04,Santa Barbara,083,443738,34496,34402,1115,35517,459
2021-06-04,Santa Clara,085,1922200,118882,119619,752,120371,2065
2021-06-04,Santa Cruz,087,273765,16264,16150,798,16948,207
2021-06-04,Shasta,089,179085,12422,12458,1592,14050,200
2021-06-04,Sierra,091,2930,57,55,12,67,0
2021-06-04,Siskiyou,093,43540,1950,1865,360,2225,21
2021-06-04,Solano,095,438530,33125,33058,553,33611,256
2021-06-04,Sonoma,097,501317,30334,30411,342,30753,323
2021-06-04,Stanislaus,099,539301,56609,56442,5902,62344,973
2021-06-04,Sutter,101,95872,9518,9554,85,9639,111
2021-06-04,Tehama,103,63373,5106,5090,571,5661,63
2021-06-04,Trinity,105,12862,486,328,92,420,3
2021-06-04,Tulare,107,460477,50324,49452,8934,58386,847
2021-06-04,Tuolumne,109,53932,4042,4095,43,4138,63
2021-06-04,Ventura,111,848112,81509,81104,2961,84065,1023
2021-06-04,Yolo,113,214977,14061,14083,243,14326,210
2021-06-04,Yuba,115,75493,6103,6084,126,6210,49
2021-06-03,Alameda,001,1643700,88429,88555,1927,90482,1257
2021-06-03,Alpine,002,1148,87,88,0,88,0
2021-06-03,Amador,005,37829,3693,3688,32,3720,46
2021-06-03,Butte,007,227075,12622,12478,1844,14322,193
2021-06-03,Calaveras,009,45235,2180,2179,13,2192,55
2021-06-03,Colusa,011,21464,1955,1957,314,2271,15
2021-06-03,Contra Costa,013,1133247,69989,69500,1270,70770,816
2021-06-03,Del Norte,015,27424,1427,1397,13,1410,8
2021-06-03,El Dorado,017,186661,10350,10284,747,11031,112
2021-06-03,Fresno,019,978130,102938,102566,8620,111186,1709
2021-06-03,Glenn,021,27897,2437,2421,558,2979,19
2021-06-03,Humboldt,023,135768,4343,4314,38,4352,42
2021-06-03,Imperial,025,180216,28664,28737,2690,31427,738
2021-06-03,Inyo,027,18085,1406,1404,12,1416,35
2021-06-03,Kern,029,883053,97512,96507,10892,107399,1326
2021-06-03,Kings,031,150075,23174,22982,1077,24059,244
2021-06-03,Lake,033,64148,3549,3526,9,3535,45
2021-06-03,Lassen,035,31185,5228,5177,114,5291,12
2021-06-03,Los Angeles,037,10098052,1208708,1202923,40446,1243369,24386
2021-06-03,Madera,039,155013,16667,16554,928,17482,240
2021-06-03,Marin,041,260295,14134,14095,256,14351,230
2021-06-03,Mariposa,043,17540,435,435,11,446,5
2021-06-03,Mendocino,045,87422,4057,3978,83,4061,47
2021-06-03,Merced,047,269075,31081,31199,1030,32229,459
2021-06-03,Modoc,049,8938,381,376,131,507,3
2021-06-03,Mono,051,14174,1264,1275,17,1292,3
2021-06-03,Monterey,053,433212,43200,43063,1832,44895,415
2021-06-03,Napa,055,140530,9909,9957,34,9991,81
2021-06-03,Nevada,057,99092,4866,4837,190,5027,72
2021-06-03,Orange,059,3164182,255803,254676,11280,265956,5056
2021-06-03,Placer,061,380077,23453,23100,1502,24602,293
2021-06-03,Plumas,063,18699,712,691,11,702,4
2021-06-03,Riverside,065,2383286,294494,289035,13899,302934,4447
2021-06-03,Sacramento,067,1510023,106805,106526,1762,108288,1654
2021-06-03,San Benito,069,59416,6058,6073,113,6186,63
2021-06-03,San Bernardino,071,2135413,293572,293021,8918,301939,4762
2021-06-03,San Diego,073,3302833,281507,280430,15044,295474,3761
2021-06-03,San Francisco,075,870044,36847,37072,1275,38347,551
2021-06-03,San Joaquin,077,732212,73431,72989,3513,76502,1388
2021-06-03,San Luis Obispo,079,281455,21457,21224,738,21962,255
2021-06-03,San Mateo,081,765935,42418,42396,471,42867,467
2021-06-03,Santa Barbara,083,443738,34493,34391,1115,35506,459
2021-06-03,Santa Clara,085,1922200,118860,119592,750,120342,2058
2021-06-03,Santa Cruz,087,273765,16262,16144,798,16942,207
2021-06-03,Shasta,089,179085,12407,12441,1589,14030,199
2021-06-03,Sierra,091,2930,57,55,12,67,0
2021-06-03,Siskiyou,093,43540,1950,1862,359,2221,21
2021-06-03,Solano,095,438530,33111,33019,553,33572,256
2021-06-03,Sonoma,097,501317,30312,30383,341,30724,322
2021-06-03,Stanislaus,099,539301,56590,56401,5896,62297,973
2021-06-03,Sutter,101,95872,9509,9539,85,9624,111
2021-06-03,Tehama,103,63373,5106,5087,571,5658,63
2021-06-03,Trinity,105,12862,486,328,92,420,3
2021-06-03,Tulare,107,460477,50321,49442,8930,58372,848
2021-06-03,Tuolumne,109,53932,4040,4095,43,4138,63
2021-06-03,Ventura,111,848112,81497,81078,2959,84037,1023
2021-06-03,Yolo,113,214977,14057,14078,241,14319,210
2021-06-03,Yuba,115,75493,6096,6077,126,6203,49
2021-06-02,Alameda,001,1643700,88384,88525,1925,90450,1254
2021-06-02,Alpine,002,1148,87,88,0,88,0
2021-06-02,Amador,005,37829,3691,3687,32,3719,46
2021-06-02,Butte,007,227075,12602,12432,1842,14274,193
2021-06-02,Calaveras,009,45235,2177,2174,13,2187,55
2021-06-02,Colusa,011,21464,1954,1957,314,2271,15
2021-06-02,Contra Costa,013,1133247,69938,69455,1268,70723,814
2021-06-02,Del Norte,015,27424,1425,1395,13,1408,8
2021-06-02,El Dorado,017,186661,10346,10275,747,11022,110
2021-06-02,Fresno,019,978130,102914,102547,8617,111164,1707
2021-06-02,Glenn,021,27897,2437,2421,558,2979,19
2021-06-02,Humboldt,023,135768,4328,4302,38,4340,42
2021-06-02,Imperial,025,180216,28658,28737,2689,31426,738
2021-06-02,Inyo,027,18085,1405,1403,12,1415,35
2021-06-02,Kern,029,883053,97485,96481,10885,107366,1326
2021-06-02,Kings,031,150075,23172,22981,1076,24057,244
2021-06-02,Lake,033,64148,3544,3522,9,3531,45
2021-06-02,Lassen,035,31185,5227,5177,114,5291,6
2021-06-02,Los Angeles,037,10098052,1208504,1202760,40437,1243197,24375
2021-06-02,Madera,039,155013,16659,16550,928,17478,240
2021-06-02,Marin,041,260295,14132,14091,255,14346,229
2021-06-02,Mariposa,043,17540,435,434,11,445,5
2021-06-02,Mendocino,045,87422,4051,3970,83,4053,47
2021-06-02,Merced,047,269075,31068,31195,1029,32224,458
2021-06-02,Modoc,049,8938,380,375,130,505,3
2021-06-02,Mono,051,14174,1264,1275,17,1292,3
2021-06-02,Monterey,053,433212,43198,43056,1832,44888,380
2021-06-02,Napa,055,140530,9908,9953,34,9987,82
2021-06-02,Nevada,057,99092,4863,4833,190,5023,72
2021-06-02,Orange,059,3164182,255754,254637,11273,265910,5055
2021-06-02,Placer,061,380077,23432,23058,1500,24558,293
2021-06-02,Plumas,063,18699,712,690,11,701,4
2021-06-02,Riverside,065,2383286,294436,289012,13889,302901,4445
2021-06-02,Sacramento,067,1510023,106740,106435,1756,108191,1649
2021-06-02,San Benito,069,59416,6057,6073,113,6186,63
2021-06-02,San Bernardino,071,2135413,293524,293004,8913,301917,4760
2021-06-02,San Diego,073,3302833,281427,280347,15023,295370,3760
2021-06-02,San Francisco,075,870044,36827,37050,1274,38324,550
2021-06-02,San Joaquin,077,732212,73400,72893,3510,76403,1387
2021-06-02,San Luis Obispo,079,281455,21450,21214,737,21951,255
2021-06-02,San Mateo,081,765935,42408,42383,470,42853,464
2021-06-02,Santa Barbara,083,443738,34486,34381,1115,35496,456
2021-06-02,Santa Clara,085,1922200,118832,119553,749,120302,2058
2021-06-02,Santa Cruz,087,273765,16259,16144,798,16942,207
2021-06-02,Shasta,089,179085,12389,12426,1584,14010,199
2021-06-02,Sierra,091,2930,57,55,12,67,0
2021-06-02,Siskiyou,093,43540,1950,1861,357,2218,21
2021-06-02,Solano,095,438530,33099,33007,552,33559,256
2021-06-02,Sonoma,097,501317,30293,30359,336,30695,322
2021-06-02,Stanislaus,099,539301,56571,56377,5891,62268,973
2021-06-02,Sutter,101,95872,9506,9533,85,9618,111
2021-06-02,Tehama,103,63373,5103,5081,571,5652,63
2021-06-02,Trinity,105,12862,484,328,92,420,3
2021-06-02,Tulare,107,460477,50313,49434,8926,58360,846
2021-06-02,Tuolumne,109,53932,4039,4095,43,4138,63
2021-06-02,Ventura,111,848112,81472,81033,2959,83992,1020
2021-06-02,Yolo,113,214977,14054,14074,240,14314,210
2021-06-02,Yuba,115,75493,6090,6072,126,6198,48
2021-06-01,Alameda,001,1643700,88349,88472,1923,90395,1253
2021-06-01,Alpine,002,1148,87,88,0,88,0
2021-06-01,Amador,005,37829,3689,3687,32,3719,46
2021-06-01,Butte,007,227075,12588,12427,1841,14268,193
2021-06-01,Calaveras,009,45235,2175,2173,13,2186,55
2021-06-01,Colusa,011,21464,1953,1955,313,2268,15
2021-06-01,Contra Costa,013,1133247,69880,69404,1268,70672,813
2021-06-01,Del Norte,015,27424,1424,1394,13,1407,8
2021-06-01,El Dorado,017,186661,10340,10271,747,11018,110
2021-06-01,Fresno,019,978130,102890,102534,8614,111148,1706
2021-06-01,Glenn,021,27897,2437,2422,558,2980,18
2021-06-01,Humboldt,023,135768,4318,4299,38,4337,42
2021-06-01,Imperial,025,180216,28654,28722,2687,31409,736
2021-06-01,Inyo,027,18085,1405,1403,12,1415,35
2021-06-01,Kern,029,883053,97458,96477,10877,107354,1319
2021-06-01,Kings,031,150075,23168,22977,1076,24053,244
2021-06-01,Lake,033,64148,3543,3523,9,3532,45
2021-06-01,Lassen,035,31185,5220,5172,114,5286,6
2021-06-01,Los Angeles,037,10098052,1208268,1202673,40423,1243096,24367
2021-06-01,Madera,039,155013,16650,16549,927,17476,240
2021-06-01,Marin,041,260295,14130,14081,255,14336,229
2021-06-01,Mariposa,043,17540,435,431,11,442,5
2021-06-01,Mendocino,045,87422,4044,3966,83,4049,47
2021-06-01,Merced,047,269075,31058,31195,1029,32224,456
2021-06-01,Modoc,049,8938,378,375,130,505,3
2021-06-01,Mono,051,14174,1264,1275,17,1292,3
2021-06-01,Monterey,053,433212,43192,43051,1832,44883,379
2021-06-01,Napa,055,140530,9906,9949,34,9983,82
2021-06-01,Nevada,057,99092,4858,4825,190,5015,72
2021-06-01,Orange,059,3164182,255718,254603,11264,265867,5051
2021-06-01,Placer,061,380077,23402,23021,1498,24519,293
2021-06-01,Plumas,063,18699,711,690,11,701,4
2021-06-01,Riverside,065,2383286,294383,288996,13883,302879,4442
2021-06-01,Sacramento,067,1510023,106668,106330,1754,108084,1644
2021-06-01,San Benito,069,59416,6056,6073,112,6185,63
2021-06-01,San Bernardino,071,2135413,293499,292990,8912,301902,4758
2021-06-01,San Diego,073,3302833,281323,280305,15006,295311,3756
2021-06-01,San Francisco,075,870044,36811,37031,1274,38305,550
2021-06-01,San Joaquin,077,732212,73368,72858,3509,76367,1383
2021-06-01,San Luis Obispo,079,281455,21445,21217,737,21954,256
2021-06-01,San Mateo,081,765935,42392,42383,469,42852,462
2021-06-01,Santa Barbara,083,443738,34482,34374,1115,35489,456
2021-06-01,Santa Clara,085,1922200,118804,119528,749,120277,2057
2021-06-01,Santa Cruz,087,273765,16255,16143,797,16940,207
2021-06-01,Shasta,089,179085,12380,12409,1579,13988,199
2021-06-01,Sierra,091,2930,57,55,12,67,0
2021-06-01,Siskiyou,093,43540,1943,1860,356,2216,21
2021-06-01,Solano,095,438530,33074,32974,551,33525,256
2021-06-01,Sonoma,097,501317,30254,30324,335,30659,322
2021-06-01,Stanislaus,099,539301,56554,56348,5889,62237,973
2021-06-01,Sutter,101,95872,9499,9528,85,9613,111
2021-06-01,Tehama,103,63373,5101,5079,571,5650,63
2021-06-01,Trinity,105,12862,483,328,91,419,3
2021-06-01,Tulare,107,460477,50305,49419,8922,58341,845
2021-06-01,Tuolumne,109,53932,4039,4094,43,4137,63
2021-06-01,Ventura,111,848112,81456,81018,2958,83976,1021
2021-06-01,Yolo,113,214977,14048,14067,240,14307,210
2021-06-01,Yuba,115,75493,6086,6067,126,6193,48
2021-05-31,Alameda,001,1643700,88313,88458,1919,90377,1253
2021-05-31,Alpine,002,1148,87,88,0,88,0
2021-05-31,Amador,005,37829,3683,3687,32,3719,46
2021-05-31,Butte,007,227075,12575,12429,1841,14270,193
2021-05-31,Calaveras,009,45235,2174,2171,13,2184,55
2021-05-31,Colusa,011,21464,1953,1956,312,2268,15
2021-05-31,Contra Costa,013,1133247,69843,69390,1267,70657,813
2021-05-31,Del Norte,015,27424,1421,1394,13,1407,8
2021-05-31,El Dorado,017,186661,10334,10271,745,11016,110
2021-05-31,Fresno,019,978130,102853,102507,8614,111121,1706
2021-05-31,Glenn,021,27897,2436,2422,557,2979,18
2021-05-31,Humboldt,023,135768,4306,4295,38,4333,42
2021-05-31,Imperial,025,180216,28648,28732,2684,31416,736
2021-05-31,Inyo,027,18085,1404,1403,12,1415,35
2021-05-31,Kern,029,883053,97422,96457,10868,107325,1319
2021-05-31,Kings,031,150075,23164,22977,1076,24053,244
2021-05-31,Lake,033,64148,3538,3523,9,3532,45
2021-05-31,Lassen,035,31185,5218,5172,113,5285,6
2021-05-31,Los Angeles,037,10098052,1208025,1202567,40414,1242981,24364
2021-05-31,Madera,039,155013,16649,16543,926,17469,240
2021-05-31,Marin,041,260295,14128,14080,255,14335,229
2021-05-31,Mariposa,043,17540,435,430,11,441,5
2021-05-31,Mendocino,045,87422,4034,3961,83,4044,47
2021-05-31,Merced,047,269075,31053,31194,1029,32223,456
2021-05-31,Modoc,049,8938,377,374,130,504,3
2021-05-31,Mono,051,14174,1264,1275,17,1292,3
2021-05-31,Monterey,053,433212,43188,43051,1832,44883,379
2021-05-31,Napa,055,140530,9899,9948,34,9982,82
2021-05-31,Nevada,057,99092,4848,4823,189,5012,72
2021-05-31,Orange,059,3164182,255690,254572,11256,265828,5051
2021-05-31,Placer,061,380077,23375,23019,1494,24513,293
2021-05-31,Plumas,063,18699,710,690,11,701,4
2021-05-31,Riverside,065,2383286,294325,288970,13871,302841,4442
2021-05-31,Sacramento,067,1510023,106571,106278,1749,108027,1644
2021-05-31,San Benito,069,59416,6056,6072,112,6184,63
2021-05-31,San Bernardino,071,2135413,293451,292973,8911,301884,4758
2021-05-31,San Diego,073,3302833,281219,280254,14994,295248,3756
2021-05-31,San Francisco,075,870044,36796,37022,1273,38295,550
2021-05-31,San Joaquin,077,732212,73319,72856,3503,76359,1383
2021-05-31,San Luis Obispo,079,281455,21437,21215,737,21952,256
2021-05-31,San Mateo,081,765935,42376,42389,469,42858,442
2021-05-31,Santa Barbara,083,443738,34469,34369,1113,35482,456
2021-05-31,Santa Clara,085,1922200,118760,119515,749,120264,2057
2021-05-31,Santa Cruz,087,273765,16252,16139,797,16936,207
2021-05-31,Shasta,089,179085,12364,12408,1576,13984,199
2021-05-31,Sierra,091,2930,57,55,12,67,0
2021-05-31,Siskiyou,093,43540,1942,1856,355,2211,21
2021-05-31,Solano,095,438530,33024,32973,551,33524,256
2021-05-31,Sonoma,097,501317,30211,30314,335,30649,322
2021-05-31,Stanislaus,099,539301,56513,56335,5886,62221,973
2021-05-31,Sutter,101,95872,9480,9523,85,9608,111
2021-05-31,Tehama,103,63373,5098,5076,570,5646,63
2021-05-31,Trinity,105,12862,483,328,91,419,3
2021-05-31,Tulare,107,460477,50294,49404,8917,58321,845
2021-05-31,Tuolumne,109,53932,4037,4095,43,4138,63
2021-05-31,Ventura,111,848112,81441,81017,2955,83972,1021
2021-05-31,Yolo,113,214977,14044,14064,240,14304,210
2021-05-31,Yuba,115,75493,6080,6063,123,6186,48
2021-05-30,Alameda,001,1643700,88290,88429,1919,90348,1253
2021-05-30,Alpine,002,1148,87,88,0,88,0
2021-05-30,Amador,005,37829,3679,3685,32,3717,46
2021-05-30,Butte,007,227075,12567,12427,1839,14266,190
2021-05-30,Calaveras,009,45235,2170,2166,13,2179,55
2021-05-30,Colusa,011,21464,1953,1954,312,2266,15
2021-05-30,Contra Costa,013,1133247,69809,69381,1265,70646,813
2021-05-30,Del Norte,015,27424,1420,1393,13,1406,8
2021-05-30,El Dorado,017,186661,10331,10271,745,11016,110
2021-05-30,Fresno,019,978130,102836,102499,8610,111109,1706
2021-05-30,Glenn,021,27897,2436,2422,556,2978,18
2021-05-30,Humboldt,023,135768,4298,4291,38,4329,42
2021-05-30,Imperial,025,180216,28644,28732,2683,31415,736
2021-05-30,Inyo,027,18085,1404,1403,12,1415,35
2021-05-30,Kern,029,883053,97406,96443,10865,107308,1319
2021-05-30,Kings,031,150075,23163,22974,1076,24050,244
2021-05-30,Lake,033,64148,3538,3517,9,3526,45
2021-05-30,Lassen,035,31185,5216,5171,113,5284,6
2021-05-30,Los Angeles,037,10098052,1207910,1202425,40407,1242832,24360
2021-05-30,Madera,039,155013,16645,16538,926,17464,240
2021-05-30,Marin,041,260295,14124,14083,254,14337,229
2021-05-30,Mariposa,043,17540,435,430,11,441,5
2021-05-30,Mendocino,045,87422,4027,3955,83,4038,47
2021-05-30,Merced,047,269075,31049,31189,1028,32217,456
2021-05-30,Modoc,049,8938,377,374,130,504,3
2021-05-30,Mono,051,14174,1264,1275,17,1292,3
2021-05-30,Monterey,053,433212,43185,43049,1832,44881,379
2021-05-30,Napa,055,140530,9898,9948,34,9982,82
2021-05-30,Nevada,057,99092,4842,4818,189,5007,72
2021-05-30,Orange,059,3164182,255667,254559,11255,265814,5051
2021-05-30,Placer,061,380077,23369,23016,1494,24510,293
2021-05-30,Plumas,063,18699,708,690,11,701,4
2021-05-30,Riverside,065,2383286,294304,288961,13869,302830,4442
2021-05-30,Sacramento,067,1510023,106526,106252,1747,107999,1644
2021-05-30,San Benito,069,59416,6056,6072,112,6184,63
2021-05-30,San Bernardino,071,2135413,293425,292981,8910,301891,4758
2021-05-30,San Diego,073,3302833,281163,280209,14989,295198,3756
2021-05-30,San Francisco,075,870044,36777,37016,1273,38289,550
2021-05-30,San Joaquin,077,732212,73302,72853,3502,76355,1383
2021-05-30,San Luis Obispo,079,281455,21428,21211,736,21947,256
2021-05-30,San Mateo,081,765935,42368,42386,469,42855,439
2021-05-30,Santa Barbara,083,443738,34465,34369,1113,35482,456
2021-05-30,Santa Clara,085,1922200,118738,119510,745,120255,2057
2021-05-30,Santa Cruz,087,273765,16250,16140,797,16937,207
2021-05-30,Shasta,089,179085,12362,12408,1573,13981,199
2021-05-30,Sierra,091,2930,57,55,12,67,0
2021-05-30,Siskiyou,093,43540,1942,1856,355,2211,21
2021-05-30,Solano,095,438530,33013,32952,550,33502,256
2021-05-30,Sonoma,097,501317,30194,30310,334,30644,322
2021-05-30,Stanislaus,099,539301,56502,56323,5885,62208,973
2021-05-30,Sutter,101,95872,9479,9519,84,9603,111
2021-05-30,Tehama,103,63373,5098,5073,570,5643,63
2021-05-30,Trinity,105,12862,483,328,91,419,3
2021-05-30,Tulare,107,460477,50287,49397,8909,58306,845
2021-05-30,Tuolumne,109,53932,4037,4094,43,4137,63
2021-05-30,Ventura,111,848112,81437,81012,2954,83966,1021
2021-05-30,Yolo,113,214977,14039,14059,239,14298,210
2021-05-30,Yuba,115,75493,6073,6063,122,6185,48
2021-05-29,Alameda,001,1643700,88267,88433,1917,90350,1253
2021-05-29,Alpine,002,1148,87,88,0,88,0
2021-05-29,Amador,005,37829,3678,3683,32,3715,46
2021-05-29,Butte,007,227075,12561,12425,1839,14264,190
2021-05-29,Calaveras,009,45235,2169,2166,13,2179,55
2021-05-29,Colusa,011,21464,1950,1954,312,2266,15
2021-05-29,Contra Costa,013,1133247,69776,69351,1265,70616,813
2021-05-29,Del Norte,015,27424,1420,1391,13,1404,8
2021-05-29,El Dorado,017,186661,10330,10269,743,11012,110
2021-05-29,Fresno,019,978130,102824,102470,8607,111077,1706
2021-05-29,Glenn,021,27897,2436,2422,555,2977,18
2021-05-29,Humboldt,023,135768,4292,4283,38,4321,42
2021-05-29,Imperial,025,180216,28641,28729,2682,31411,736
2021-05-29,Inyo,027,18085,1404,1404,12,1416,35
2021-05-29,Kern,029,883053,97395,96424,10852,107276,1319
2021-05-29,Kings,031,150075,23162,22970,1075,24045,244
2021-05-29,Lake,033,64148,3538,3515,9,3524,45
2021-05-29,Lassen,035,31185,5216,5171,113,5284,6
2021-05-29,Los Angeles,037,10098052,1207788,1202264,40404,1242668,24359
2021-05-29,Madera,039,155013,16643,16535,926,17461,240
2021-05-29,Marin,041,260295,14120,14071,253,14324,229
2021-05-29,Mariposa,043,17540,434,428,11,439,5
2021-05-29,Mendocino,045,87422,4021,3952,83,4035,47
2021-05-29,Merced,047,269075,31037,31187,1028,32215,456
2021-05-29,Modoc,049,8938,377,374,130,504,3
2021-05-29,Mono,051,14174,1264,1275,17,1292,3
2021-05-29,Monterey,053,433212,43183,43042,1832,44874,379
2021-05-29,Napa,055,140530,9895,9948,34,9982,82
2021-05-29,Nevada,057,99092,4841,4816,189,5005,72
2021-05-29,Orange,059,3164182,255645,254537,11245,265782,5049
2021-05-29,Placer,061,380077,23354,23009,1493,24502,293
2021-05-29,Plumas,063,18699,708,689,11,700,4
2021-05-29,Riverside,065,2383286,294284,288908,13868,302776,4442
2021-05-29,Sacramento,067,1510023,106496,106218,1746,107964,1643
2021-05-29,San Benito,069,59416,6055,6072,112,6184,63
2021-05-29,San Bernardino,071,2135413,293392,292961,8909,301870,4757
2021-05-29,San Diego,073,3302833,281104,280151,14984,295135,3756
2021-05-29,San Francisco,075,870044,36768,37008,1273,38281,550
2021-05-29,San Joaquin,077,732212,73286,72827,3500,76327,1383
2021-05-29,San Luis Obispo,079,281455,21426,21201,736,21937,256
2021-05-29,San Mateo,081,765935,42360,42375,468,42843,439
2021-05-29,Santa Barbara,083,443738,34461,34367,1113,35480,456
2021-05-29,Santa Clara,085,1922200,118714,119498,744,120242,2056
2021-05-29,Santa Cruz,087,273765,16249,16137,797,16934,207
2021-05-29,Shasta,089,179085,12354,12401,1572,13973,199
2021-05-29,Sierra,091,2930,57,55,12,67,0
2021-05-29,Siskiyou,093,43540,1937,1856,355,2211,21
2021-05-29,Solano,095,438530,33004,32917,550,33467,256
2021-05-29,Sonoma,097,501317,30171,30298,333,30631,322
2021-05-29,Stanislaus,099,539301,56484,56305,5883,62188,974
2021-05-29,Sutter,101,95872,9475,9516,84,9600,111
2021-05-29,Tehama,103,63373,5097,5070,570,5640,63
2021-05-29,Trinity,105,12862,483,328,91,419,3
2021-05-29,Tulare,107,460477,50277,49392,8905,58297,845
2021-05-29,Tuolumne,109,53932,4037,4093,43,4136,63
2021-05-29,Ventura,111,848112,81429,81008,2954,83962,1021
2021-05-29,Yolo,113,214977,14038,14055,239,14294,210
2021-05-29,Yuba,115,75493,6073,6059,122,6181,48
2021-05-28,Alameda,001,1643700,88243,88391,1913,90304,1261
2021-05-28,Alpine,002,1148,87,88,0,88,0
2021-05-28,Amador,005,37829,3678,3680,32,3712,46
2021-05-28,Butte,007,227075,12558,12407,1838,14245,190
2021-05-28,Calaveras,009,45235,2168,2165,13,2178,55
2021-05-28,Colusa,011,21464,1950,1954,310,2264,15
2021-05-28,Contra Costa,013,1133247,69740,69290,1264,70554,813
2021-05-28,Del Norte,015,27424,1419,1390,13,1403,8
2021-05-28,El Dorado,017,186661,10327,10265,743,11008,110
2021-05-28,Fresno,019,978130,102809,102437,8607,111044,1705
2021-05-28,Glenn,021,27897,2436,2419,555,2974,18
2021-05-28,Humboldt,023,135768,4285,4265,38,4303,42
2021-05-28,Imperial,025,180216,28638,28722,2682,31404,736
2021-05-28,Inyo,027,18085,1404,1404,12,1416,35
2021-05-28,Kern,029,883053,97378,96396,10844,107240,1320
2021-05-28,Kings,031,150075,23160,22962,1075,24037,244
2021-05-28,Lake,033,64148,3536,3515,9,3524,45
2021-05-28,Lassen,035,31185,5216,5169,113,5282,6
2021-05-28,Los Angeles,037,10098052,1207677,1202103,40394,1242497,24357
2021-05-28,Madera,039,155013,16641,16530,926,17456,240
2021-05-28,Marin,041,260295,14119,14063,252,14315,229
2021-05-28,Mariposa,043,17540,434,428,11,439,5
2021-05-28,Mendocino,045,87422,4016,3947,83,4030,47
2021-05-28,Merced,047,269075,31034,31176,1028,32204,455
2021-05-28,Modoc,049,8938,377,374,130,504,3
2021-05-28,Mono,051,14174,1264,1274,17,1291,3
2021-05-28,Monterey,053,433212,43182,43036,1832,44868,379
2021-05-28,Napa,055,140530,9895,9941,34,9975,82
2021-05-28,Nevada,057,99092,4839,4813,189,5002,71
2021-05-28,Orange,059,3164182,255625,254494,11243,265737,5047
2021-05-28,Placer,061,380077,23344,22987,1491,24478,293
2021-05-28,Plumas,063,18699,706,688,11,699,4
2021-05-28,Riverside,065,2383286,294262,288872,13866,302738,4442
2021-05-28,Sacramento,067,1510023,106440,106131,1744,107875,1642
2021-05-28,San Benito,069,59416,6055,6074,112,6186,63
2021-05-28,San Bernardino,071,2135413,293369,292905,8909,301814,4757
2021-05-28,San Diego,073,3302833,281041,280043,14973,295016,3756
2021-05-28,San Francisco,075,870044,36762,36987,1273,38260,546
2021-05-28,San Joaquin,077,732212,73256,72793,3498,76291,1383
2021-05-28,San Luis Obispo,079,281455,21421,21190,734,21924,256
2021-05-28,San Mateo,081,765935,42354,42364,468,42832,439
2021-05-28,Santa Barbara,083,443738,34460,34371,1113,35484,455
2021-05-28,Santa Clara,085,1922200,118690,119462,744,120206,2056
2021-05-28,Santa Cruz,087,273765,16248,16129,797,16926,207
2021-05-28,Shasta,089,179085,12345,12383,1570,13953,198
2021-05-28,Sierra,091,2930,57,54,12,66,0
2021-05-28,Siskiyou,093,43540,1935,1850,355,2205,19
2021-05-28,Solano,095,438530,32989,32892,550,33442,256
2021-05-28,Sonoma,097,501317,30152,30270,333,30603,321
2021-05-28,Stanislaus,099,539301,56465,56278,5880,62158,974
2021-05-28,Sutter,101,95872,9471,9511,84,9595,111
2021-05-28,Tehama,103,63373,5091,5064,570,5634,63
2021-05-28,Trinity,105,12862,483,328,91,419,3
2021-05-28,Tulare,107,460477,50272,49375,8896,58271,846
2021-05-28,Tuolumne,109,53932,4037,4090,43,4133,63
2021-05-28,Ventura,111,848112,81418,80985,2953,83938,1021
2021-05-28,Yolo,113,214977,14035,14050,238,14288,210
2021-05-28,Yuba,115,75493,6071,6050,121,6171,48
2021-05-27,Alameda,001,1643700,88208,88342,1913,90255,1274
2021-05-27,Alpine,002,1148,87,88,0,88,0
2021-05-27,Amador,005,37829,3675,3680,32,3712,46
2021-05-27,Butte,007,227075,12553,12401,1837,14238,190
2021-05-27,Calaveras,009,45235,2167,2163,13,2176,55
2021-05-27,Colusa,011,21464,1947,1952,310,2262,15
2021-05-27,Contra Costa,013,1133247,69698,69245,1262,70507,813
2021-05-27,Del Norte,015,27424,1419,1388,13,1401,8
2021-05-27,El Dorado,017,186661,10326,10248,743,10991,112
2021-05-27,Fresno,019,978130,102793,102413,8604,111017,1704
2021-05-27,Glenn,021,27897,2436,2415,555,2970,18
2021-05-27,Humboldt,023,135768,4277,4260,38,4298,42
2021-05-27,Imperial,025,180216,28627,28728,2682,31410,736
2021-05-27,Inyo,027,18085,1404,1404,12,1416,35
2021-05-27,Kern,029,883053,97362,96364,10836,107200,1322
2021-05-27,Kings,031,150075,23157,22953,1075,24028,245
2021-05-27,Lake,033,64148,3531,3509,9,3518,45
2021-05-27,Lassen,035,31185,5215,5170,112,5282,6
2021-05-27,Los Angeles,037,10098052,1207507,1201927,40381,1242308,24348
2021-05-27,Madera,039,155013,16632,16527,926,17453,240
2021-05-27,Marin,041,260295,14115,14061,252,14313,229
2021-05-27,Mariposa,043,17540,432,427,11,438,5
2021-05-27,Mendocino,045,87422,4010,3945,83,4028,47
2021-05-27,Merced,047,269075,31022,31161,1028,32189,455
2021-05-27,Modoc,049,8938,376,374,130,504,3
2021-05-27,Mono,051,14174,1264,1276,17,1293,3
2021-05-27,Monterey,053,433212,43176,43032,1832,44864,379
2021-05-27,Napa,055,140530,9894,9934,34,9968,82
2021-05-27,Nevada,057,99092,4835,4807,187,4994,71
2021-05-27,Orange,059,3164182,255588,254438,11239,265677,5059
2021-05-27,Placer,061,380077,23335,22966,1491,24457,293
2021-05-27,Plumas,063,18699,706,687,11,698,4
2021-05-27,Riverside,065,2383286,294226,288835,13861,302696,4443
2021-05-27,Sacramento,067,1510023,106365,106015,1742,107757,1642
2021-05-27,San Benito,069,59416,6054,6074,112,6186,63
2021-05-27,San Bernardino,071,2135413,293333,292755,8907,301662,4756
2021-05-27,San Diego,073,3302833,280967,279960,14959,294919,3756
2021-05-27,San Francisco,075,870044,36756,36980,1270,38250,546
2021-05-27,San Joaquin,077,732212,73224,72714,3495,76209,1388
2021-05-27,San Luis Obispo,079,281455,21416,21171,734,21905,256
2021-05-27,San Mateo,081,765935,42345,42345,468,42813,436
2021-05-27,Santa Barbara,083,443738,34455,34355,1113,35468,456
2021-05-27,Santa Clara,085,1922200,118669,119452,744,120196,2053
2021-05-27,Santa Cruz,087,273765,16246,16134,797,16931,207
2021-05-27,Shasta,089,179085,12335,12380,1570,13950,202
2021-05-27,Sierra,091,2930,57,54,12,66,0
2021-05-27,Siskiyou,093,43540,1932,1846,355,2201,18
2021-05-27,Solano,095,438530,32948,32855,549,33404,257
2021-05-27,Sonoma,097,501317,30125,30253,329,30582,321
2021-05-27,Stanislaus,099,539301,56440,56207,5879,62086,974
2021-05-27,Sutter,101,95872,9467,9501,84,9585,111
2021-05-27,Tehama,103,63373,5088,5064,569,5633,63
2021-05-27,Trinity,105,12862,483,328,91,419,3
2021-05-27,Tulare,107,460477,50258,49366,8887,58253,840
2021-05-27,Tuolumne,109,53932,4036,4090,43,4133,66
2021-05-27,Ventura,111,848112,81405,80965,2950,83915,1023
2021-05-27,Yolo,113,214977,14032,14036,238,14274,213
2021-05-27,Yuba,115,75493,6066,6040,120,6160,48
2021-05-26,Alameda,001,1643700,88179,88297,1913,90210,1266
2021-05-26,Alpine,002,1148,87,88,0,88,0
2021-05-26,Amador,005,37829,3675,3679,32,3711,46
2021-05-26,Butte,007,227075,12544,12332,1836,14168,190
2021-05-26,Calaveras,009,45235,2166,2154,13,2167,55
2021-05-26,Colusa,011,21464,1946,1952,310,2262,15
2021-05-26,Contra Costa,013,1133247,69661,69210,1262,70472,812
2021-05-26,Del Norte,015,27424,1419,1386,12,1398,8
2021-05-26,El Dorado,017,186661,10322,10242,742,10984,112
2021-05-26,Fresno,019,978130,102760,102374,8599,110973,1702
2021-05-26,Glenn,021,27897,2435,2415,555,2970,18
2021-05-26,Humboldt,023,135768,4272,4246,38,4284,42
2021-05-26,Imperial,025,180216,28622,28712,2680,31392,734
2021-05-26,Inyo,027,18085,1404,1403,12,1415,36
2021-05-26,Kern,029,883053,97337,96343,10829,107172,1320
2021-05-26,Kings,031,150075,23153,22950,1074,24024,245
2021-05-26,Lake,033,64148,3530,3508,9,3517,45
2021-05-26,Lassen,035,31185,5214,5164,112,5276,6
2021-05-26,Los Angeles,037,10098052,1207339,1198100,40365,1238465,24221
2021-05-26,Madera,039,155013,16629,16520,926,17446,240
2021-05-26,Marin,041,260295,14112,14061,251,14312,227
2021-05-26,Mariposa,043,17540,432,427,11,438,5
2021-05-26,Mendocino,045,87422,4004,3938,83,4021,47
2021-05-26,Merced,047,269075,31013,31139,1028,32167,455
2021-05-26,Modoc,049,8938,376,371,129,500,3
2021-05-26,Mono,051,14174,1264,1274,17,1291,3
2021-05-26,Monterey,053,433212,43170,43018,1831,44849,379
2021-05-26,Napa,055,140530,9887,9932,32,9964,82
2021-05-26,Nevada,057,99092,4830,4803,187,4990,70
2021-05-26,Orange,059,3164182,255552,254368,11236,265604,5058
2021-05-26,Placer,061,380077,23311,22940,1491,24431,293
2021-05-26,Plumas,063,18699,705,685,11,696,4
2021-05-26,Riverside,065,2383286,294180,288782,13854,302636,4443
2021-05-26,Sacramento,067,1510023,106279,105919,1738,107657,1637
2021-05-26,San Benito,069,59416,6054,6074,112,6186,63
2021-05-26,San Bernardino,071,2135413,293298,292662,8906,301568,4755
2021-05-26,San Diego,073,3302833,280892,279859,14949,294808,3755
2021-05-26,San Francisco,075,870044,36744,36954,1270,38224,546
2021-05-26,San Joaquin,077,732212,73182,72681,3492,76173,1388
2021-05-26,San Luis Obispo,079,281455,21410,21163,734,21897,256
2021-05-26,San Mateo,081,765935,42336,42331,468,42799,436
2021-05-26,Santa Barbara,083,443738,34446,34348,1113,35461,459
2021-05-26,Santa Clara,085,1922200,118642,119421,743,120164,2031
2021-05-26,Santa Cruz,087,273765,16245,16139,797,16936,207
2021-05-26,Shasta,089,179085,12320,12357,1567,13924,202
2021-05-26,Sierra,091,2930,57,54,12,66,0
2021-05-26,Siskiyou,093,43540,1930,1847,353,2200,18
2021-05-26,Solano,095,438530,32912,32831,549,33380,257
2021-05-26,Sonoma,097,501317,30098,30230,329,30559,321
2021-05-26,Stanislaus,099,539301,56418,56193,5877,62070,974
2021-05-26,Sutter,101,95872,9462,9495,84,9579,112
2021-05-26,Tehama,103,63373,5087,5054,566,5620,63
2021-05-26,Trinity,105,12862,483,328,91,419,3
2021-05-26,Tulare,107,460477,50251,49352,8883,58235,839
2021-05-26,Tuolumne,109,53932,4032,4088,42,4130,66
2021-05-26,Ventura,111,848112,81382,80944,2948,83892,1023
2021-05-26,Yolo,113,214977,14029,14025,238,14263,213
2021-05-26,Yuba,115,75493,6061,6036,120,6156,49
2021-05-25,Alameda,001,1643700,88148,88237,1913,90150,1263
2021-05-25,Alpine,002,1148,87,88,0,88,0
2021-05-25,Amador,005,37829,3670,3676,32,3708,46
2021-05-25,Butte,007,227075,12533,12295,1835,14130,189
2021-05-25,Calaveras,009,45235,2164,2148,13,2161,55
2021-05-25,Colusa,011,21464,1945,1949,310,2259,15
2021-05-25,Contra Costa,013,1133247,69609,69167,1257,70424,809
2021-05-25,Del Norte,015,27424,1419,1385,12,1397,8
2021-05-25,El Dorado,017,186661,10315,10240,741,10981,112
2021-05-25,Fresno,019,978130,102739,102329,8598,110927,1701
2021-05-25,Glenn,021,27897,2434,2414,554,2968,17
2021-05-25,Humboldt,023,135768,4265,4231,36,4267,42
2021-05-25,Imperial,025,180216,28615,28586,2680,31266,735
2021-05-25,Inyo,027,18085,1404,1402,12,1414,36
2021-05-25,Kern,029,883053,97306,96319,10815,107134,1319
2021-05-25,Kings,031,150075,23146,22944,1074,24018,245
2021-05-25,Lake,033,64148,3529,3508,9,3517,44
2021-05-25,Lassen,035,31185,5210,5164,112,5276,6
2021-05-25,Los Angeles,037,10098052,1207152,1197940,40347,1238287,24212
2021-05-25,Madera,039,155013,16624,16519,925,17444,240
2021-05-25,Marin,041,260295,14106,14053,251,14304,227
2021-05-25,Mariposa,043,17540,431,427,11,438,5
2021-05-25,Mendocino,045,87422,3999,3928,83,4011,47
2021-05-25,Merced,047,269075,30992,31132,1028,32160,455
2021-05-25,Modoc,049,8938,375,367,129,496,3
2021-05-25,Mono,051,14174,1264,1274,17,1291,3
2021-05-25,Monterey,053,433212,43166,43012,1830,44842,379
2021-05-25,Napa,055,140530,9885,9926,32,9958,82
2021-05-25,Nevada,057,99092,4824,4795,187,4982,70
2021-05-25,Orange,059,3164182,255523,254321,11235,265556,5057
2021-05-25,Placer,061,380077,23300,22920,1489,24409,292
2021-05-25,Plumas,063,18699,705,684,11,695,4
2021-05-25,Riverside,065,2383286,294141,288725,13851,302576,4443
2021-05-25,Sacramento,067,1510023,106198,105828,1735,107563,1633
2021-05-25,San Benito,069,59416,6054,6073,112,6185,63
2021-05-25,San Bernardino,071,2135413,293238,292485,8904,301389,4755
2021-05-25,San Diego,073,3302833,280810,279786,14944,294730,3753
2021-05-25,San Francisco,075,870044,36721,36939,1270,38209,546
2021-05-25,San Joaquin,077,732212,73140,72628,3489,76117,1387
2021-05-25,San Luis Obispo,079,281455,21407,21153,734,21887,256
2021-05-25,San Mateo,081,765935,42326,42268,468,42736,435
2021-05-25,Santa Barbara,083,443738,34443,34337,1113,35450,459
2021-05-25,Santa Clara,085,1922200,118618,119393,742,120135,2032
2021-05-25,Santa Cruz,087,273765,16240,16141,797,16938,207
2021-05-25,Shasta,089,179085,12311,12328,1565,13893,202
2021-05-25,Sierra,091,2930,56,54,12,66,0
2021-05-25,Siskiyou,093,43540,1929,1845,352,2197,18
2021-05-25,Solano,095,438530,32892,32817,548,33365,256
2021-05-25,Sonoma,097,501317,30069,30207,328,30535,321
2021-05-25,Stanislaus,099,539301,56382,56168,5874,62042,974
2021-05-25,Sutter,101,95872,9458,9495,84,9579,112
2021-05-25,Tehama,103,63373,5085,5048,565,5613,63
2021-05-25,Trinity,105,12862,483,328,90,418,3
2021-05-25,Tulare,107,460477,50241,49326,8875,58201,838
2021-05-25,Tuolumne,109,53932,4032,4084,42,4126,66
2021-05-25,Ventura,111,848112,81364,80905,2948,83853,1022
2021-05-25,Yolo,113,214977,14021,14018,236,14254,213
2021-05-25,Yuba,115,75493,6054,6028,120,6148,49
2021-05-24,Alameda,001,1643700,88108,88182,1911,90093,1263
2021-05-24,Alpine,002,1148,87,88,0,88,0
2021-05-24,Amador,005,37829,3668,3675,32,3707,46
2021-05-24,Butte,007,227075,12520,12279,1832,14111,189
2021-05-24,Calaveras,009,45235,2162,2146,13,2159,54
2021-05-24,Colusa,011,21464,1945,1949,310,2259,15
2021-05-24,Contra Costa,013,1133247,69568,69107,1253,70360,809
2021-05-24,Del Norte,015,27424,1418,1384,12,1396,8
2021-05-24,El Dorado,017,186661,10305,10227,740,10967,112
2021-05-24,Fresno,019,978130,102697,102289,8597,110886,1698
2021-05-24,Glenn,021,27897,2434,2413,554,2967,17
2021-05-24,Humboldt,023,135768,4258,4225,36,4261,42
2021-05-24,Imperial,025,180216,28613,28575,2680,31255,735
2021-05-24,Inyo,027,18085,1404,1402,12,1414,36
2021-05-24,Kern,029,883053,97279,96296,10810,107106,1319
2021-05-24,Kings,031,150075,23142,22940,1074,24014,246
2021-05-24,Lake,033,64148,3527,3506,9,3515,43
2021-05-24,Lassen,035,31185,5206,5163,112,5275,6
2021-05-24,Los Angeles,037,10098052,1206980,1197782,40333,1238115,24201
2021-05-24,Madera,039,155013,16620,16513,924,17437,239
2021-05-24,Marin,041,260295,14104,14051,251,14302,227
2021-05-24,Mariposa,043,17540,430,427,11,438,5
2021-05-24,Mendocino,045,87422,3997,3919,83,4002,47
2021-05-24,Merced,047,269075,30982,31128,1027,32155,455
2021-05-24,Modoc,049,8938,375,366,128,494,3
2021-05-24,Mono,051,14174,1264,1270,17,1287,3
2021-05-24,Monterey,053,433212,43161,43005,1829,44834,379
2021-05-24,Napa,055,140530,9885,9924,32,9956,82
2021-05-24,Nevada,057,99092,4821,4790,187,4977,70
2021-05-24,Orange,059,3164182,255489,254287,11225,265512,5056
2021-05-24,Placer,061,380077,23281,22895,1488,24383,292
2021-05-24,Plumas,063,18699,704,683,11,694,4
2021-05-24,Riverside,065,2383286,294084,288669,13841,302510,4442
2021-05-24,Sacramento,067,1510023,106083,105716,1734,107450,1632
2021-05-24,San Benito,069,59416,6054,6072,112,6184,63
2021-05-24,San Bernardino,071,2135413,293198,292343,8903,301246,4747
2021-05-24,San Diego,073,3302833,280702,279715,14934,294649,3749
2021-05-24,San Francisco,075,870044,36701,36934,1267,38201,547
2021-05-24,San Joaquin,077,732212,73108,72586,3489,76075,1371
2021-05-24,San Luis Obispo,079,281455,21389,21146,733,21879,256
2021-05-24,San Mateo,081,765935,42316,42249,468,42717,433
2021-05-24,Santa Barbara,083,443738,34438,34322,1113,35435,459
2021-05-24,Santa Clara,085,1922200,118586,119358,742,120100,2030
2021-05-24,Santa Cruz,087,273765,16234,16135,797,16932,207
2021-05-24,Shasta,089,179085,12294,12315,1562,13877,201
2021-05-24,Sierra,091,2930,56,54,12,66,0
2021-05-24,Siskiyou,093,43540,1926,1840,352,2192,17
2021-05-24,Solano,095,438530,32868,32792,547,33339,254
2021-05-24,Sonoma,097,501317,30054,30187,328,30515,321
2021-05-24,Stanislaus,099,539301,56348,56128,5870,61998,974
2021-05-24,Sutter,101,95872,9452,9486,84,9570,113
2021-05-24,Tehama,103,63373,5082,5043,563,5606,63
2021-05-24,Trinity,105,12862,483,328,90,418,3
2021-05-24,Tulare,107,460477,50234,49318,8871,58189,838
2021-05-24,Tuolumne,109,53932,4032,4083,42,4125,65
2021-05-24,Ventura,111,848112,81351,80876,2946,83822,1022
2021-05-24,Yolo,113,214977,14004,14012,234,14246,213
2021-05-24,Yuba,115,75493,6045,6022,120,6142,49
2021-05-23,Alameda,001,1643700,88045,88157,1909,90066,1263
2021-05-23,Alpine,002,1148,87,88,0,88,0
2021-05-23,Amador,005,37829,3667,3673,32,3705,46
2021-05-23,Butte,007,227075,12506,12271,1831,14102,189
2021-05-23,Calaveras,009,45235,2154,2144,13,2157,54
2021-05-23,Colusa,011,21464,1945,1949,308,2257,15
2021-05-23,Contra Costa,013,1133247,69524,69075,1251,70326,809
2021-05-23,Del Norte,015,27424,1414,1383,12,1395,8
2021-05-23,El Dorado,017,186661,10299,10222,740,10962,112
2021-05-23,Fresno,019,978130,102652,102270,8592,110862,1698
2021-05-23,Glenn,021,27897,2432,2413,554,2967,17
2021-05-23,Humboldt,023,135768,4240,4216,36,4252,42
2021-05-23,Imperial,025,180216,28607,28569,2679,31248,735
2021-05-23,Inyo,027,18085,1404,1402,12,1414,36
2021-05-23,Kern,029,883053,97255,96282,10802,107084,1319
2021-05-23,Kings,031,150075,23130,22939,1072,24011,246
2021-05-23,Lake,033,64148,3524,3504,9,3513,43
2021-05-23,Lassen,035,31185,5202,5163,111,5274,6
2021-05-23,Los Angeles,037,10098052,1206791,1197633,40322,1237955,24197
2021-05-23,Madera,039,155013,16614,16504,924,17428,239
2021-05-23,Marin,041,260295,14095,14048,250,14298,227
2021-05-23,Mariposa,043,17540,430,427,11,438,5
2021-05-23,Mendocino,045,87422,3991,3913,82,3995,47
2021-05-23,Merced,047,269075,30973,31118,1027,32145,455
2021-05-23,Modoc,049,8938,371,366,128,494,3
2021-05-23,Mono,051,14174,1263,1270,17,1287,3
2021-05-23,Monterey,053,433212,43151,43003,1829,44832,379
2021-05-23,Napa,055,140530,9881,9923,32,9955,82
2021-05-23,Nevada,057,99092,4811,4790,187,4977,70
2021-05-23,Orange,059,3164182,255451,254277,11219,265496,5050
2021-05-23,Placer,061,380077,23261,22888,1488,24376,292
2021-05-23,Plumas,063,18699,703,683,11,694,4
2021-05-23,Riverside,065,2383286,294016,288641,13837,302478,4442
2021-05-23,Sacramento,067,1510023,105967,105663,1731,107394,1632
2021-05-23,San Benito,069,59416,6053,6072,112,6184,63
2021-05-23,San Bernardino,071,2135413,293147,292327,8902,301229,4747
2021-05-23,San Diego,073,3302833,280612,279690,14923,294613,3751
2021-05-23,San Francisco,075,870044,36690,36927,1266,38193,547
2021-05-23,San Joaquin,077,732212,73059,72571,3487,76058,1371
2021-05-23,San Luis Obispo,079,281455,21379,21141,732,21873,256
2021-05-23,San Mateo,081,765935,42299,42248,468,42716,433
2021-05-23,Santa Barbara,083,443738,34431,34319,1113,35432,459
2021-05-23,Santa Clara,085,1922200,118562,119333,742,120075,2030
2021-05-23,Santa Cruz,087,273765,16231,16130,797,16927,207
2021-05-23,Shasta,089,179085,12277,12313,1558,13871,201
2021-05-23,Sierra,091,2930,56,54,12,66,0
2021-05-23,Siskiyou,093,43540,1921,1826,345,2171,17
2021-05-23,Solano,095,438530,32850,32780,546,33326,254
2021-05-23,Sonoma,097,501317,30025,30168,327,30495,321
2021-05-23,Stanislaus,099,539301,56300,56104,5867,61971,974
2021-05-23,Sutter,101,95872,9443,9479,84,9563,113
2021-05-23,Tehama,103,63373,5075,5041,561,5602,63
2021-05-23,Trinity,105,12862,483,328,90,418,3
2021-05-23,Tulare,107,460477,50219,49310,8867,58177,838
2021-05-23,Tuolumne,109,53932,4029,4081,42,4123,65
2021-05-23,Ventura,111,848112,81321,80872,2945,83817,1022
2021-05-23,Yolo,113,214977,13992,14004,231,14235,213
2021-05-23,Yuba,115,75493,6040,6017,120,6137,49
2021-05-22,Alameda,001,1643700,88018,88101,1909,90010,1263
2021-05-22,Alpine,002,1148,87,88,0,88,0
2021-05-22,Amador,005,37829,3666,3672,32,3704,46
2021-05-22,Butte,007,227075,12494,12265,1830,14095,189
2021-05-22,Calaveras,009,45235,2150,2141,13,2154,54
2021-05-22,Colusa,011,21464,1941,1949,307,2256,15
2021-05-22,Contra Costa,013,1133247,69491,69004,1250,70254,809
2021-05-22,Del Norte,015,27424,1413,1381,12,1393,8
2021-05-22,El Dorado,017,186661,10294,10215,739,10954,112
2021-05-22,Fresno,019,978130,102638,102238,8590,110828,1698
2021-05-22,Glenn,021,27897,2432,2412,554,2966,17
2021-05-22,Humboldt,023,135768,4231,4194,35,4229,42
2021-05-22,Imperial,025,180216,28598,28574,2679,31253,735
2021-05-22,Inyo,027,18085,1404,1402,12,1414,36
2021-05-22,Kern,029,883053,97243,96260,10795,107055,1319
2021-05-22,Kings,031,150075,23130,22936,1072,24008,246
2021-05-22,Lake,033,64148,3521,3502,9,3511,43
2021-05-22,Lassen,035,31185,5202,5163,111,5274,6
2021-05-22,Los Angeles,037,10098052,1206682,1197454,40314,1237768,24192
2021-05-22,Madera,039,155013,16611,16503,924,17427,239
2021-05-22,Marin,041,260295,14092,14043,250,14293,227
2021-05-22,Mariposa,043,17540,430,427,11,438,5
2021-05-22,Mendocino,045,87422,3985,3908,82,3990,47
2021-05-22,Merced,047,269075,30963,31099,1027,32126,455
2021-05-22,Modoc,049,8938,371,366,128,494,3
2021-05-22,Mono,051,14174,1261,1270,17,1287,3
2021-05-22,Monterey,053,433212,43145,42998,1829,44827,379
2021-05-22,Napa,055,140530,9880,9918,32,9950,82
2021-05-22,Nevada,057,99092,4804,4787,186,4973,70
2021-05-22,Orange,059,3164182,255430,254238,11214,265452,5048
2021-05-22,Placer,061,380077,23247,22865,1487,24352,292
2021-05-22,Plumas,063,18699,702,683,11,694,4
2021-05-22,Riverside,065,2383286,293984,288580,13836,302416,4442
2021-05-22,Sacramento,067,1510023,105892,105551,1728,107279,1632
2021-05-22,San Benito,069,59416,6053,6071,112,6183,63
2021-05-22,San Bernardino,071,2135413,293122,292292,8902,301194,4747
2021-05-22,San Diego,073,3302833,280553,279614,14915,294529,3751
2021-05-22,San Francisco,075,870044,36680,36906,1264,38170,547
2021-05-22,San Joaquin,077,732212,73037,72528,3484,76012,1371
2021-05-22,San Luis Obispo,079,281455,21371,21134,731,21865,256
2021-05-22,San Mateo,081,765935,42289,42218,468,42686,433
2021-05-22,Santa Barbara,083,443738,34427,34313,1112,35425,459
2021-05-22,Santa Clara,085,1922200,118539,119292,742,120034,2030
2021-05-22,Santa Cruz,087,273765,16231,16125,797,16922,207
2021-05-22,Shasta,089,179085,12270,12307,1555,13862,201
2021-05-22,Sierra,091,2930,56,54,12,66,0
2021-05-22,Siskiyou,093,43540,1920,1824,344,2168,17
2021-05-22,Solano,095,438530,32837,32753,546,33299,254
2021-05-22,Sonoma,097,501317,30013,30154,327,30481,321
2021-05-22,Stanislaus,099,539301,56276,56069,5866,61935,974
2021-05-22,Sutter,101,95872,9438,9476,84,9560,113
2021-05-22,Tehama,103,63373,5074,5036,561,5597,63
2021-05-22,Trinity,105,12862,483,328,90,418,3
2021-05-22,Tulare,107,460477,50214,49299,8862,58161,838
2021-05-22,Tuolumne,109,53932,4029,4078,42,4120,65
2021-05-22,Ventura,111,848112,81317,80859,2945,83804,1022
2021-05-22,Yolo,113,214977,13990,13997,231,14228,213
2021-05-22,Yuba,115,75493,6037,6010,120,6130,49
2021-05-21,Alameda,001,1643700,87992,88041,1908,89949,1263
2021-05-21,Alpine,002,1148,87,88,0,88,0
2021-05-21,Amador,005,37829,3663,3672,32,3704,46
2021-05-21,Butte,007,227075,12488,12236,1828,14064,188
2021-05-21,Calaveras,009,45235,2148,2138,13,2151,54
2021-05-21,Colusa,011,21464,1941,1947,307,2254,15
2021-05-21,Contra Costa,013,1133247,69448,68965,1249,70214,810
2021-05-21,Del Norte,015,27424,1412,1376,12,1388,8
2021-05-21,El Dorado,017,186661,10290,10204,739,10943,112
2021-05-21,Fresno,019,978130,102610,102189,8588,110777,1698
2021-05-21,Glenn,021,27897,2431,2408,554,2962,17
2021-05-21,Humboldt,023,135768,4224,4175,35,4210,42
2021-05-21,Imperial,025,180216,28591,28572,2678,31250,732
2021-05-21,Inyo,027,18085,1404,1402,12,1414,36
2021-05-21,Kern,029,883053,97229,96233,10788,107021,1318
2021-05-21,Kings,031,150075,23130,22927,1072,23999,246
2021-05-21,Lake,033,64148,3519,3500,9,3509,43
2021-05-21,Lassen,035,31185,5201,5161,111,5272,6
2021-05-21,Los Angeles,037,10098052,1206564,1197263,40306,1237569,24180
2021-05-21,Madera,039,155013,16610,16500,923,17423,238
2021-05-21,Marin,041,260295,14087,14042,250,14292,227
2021-05-21,Mariposa,043,17540,429,427,11,438,5
2021-05-21,Mendocino,045,87422,3980,3897,82,3979,47
2021-05-21,Merced,047,269075,30955,31076,1027,32103,455
2021-05-21,Modoc,049,8938,371,365,128,493,3
2021-05-21,Mono,051,14174,1261,1269,17,1286,3
2021-05-21,Monterey,053,433212,43143,42995,1829,44824,379
2021-05-21,Napa,055,140530,9876,9913,32,9945,82
2021-05-21,Nevada,057,99092,4803,4779,186,4965,70
2021-05-21,Orange,059,3164182,255410,254171,11212,265383,5042
2021-05-21,Placer,061,380077,23238,22853,1487,24340,292
2021-05-21,Plumas,063,18699,702,683,10,693,4
2021-05-21,Riverside,065,2383286,293957,288499,13829,302328,4442
2021-05-21,Sacramento,067,1510023,105824,105476,1725,107201,1632
2021-05-21,San Benito,069,59416,6053,6068,112,6180,63
2021-05-21,San Bernardino,071,2135413,293090,292205,8900,301105,4744
2021-05-21,San Diego,073,3302833,280480,279554,14905,294459,3748
2021-05-21,San Francisco,075,870044,36675,36879,1264,38143,546
2021-05-21,San Joaquin,077,732212,73017,72467,3482,75949,1371
2021-05-21,San Luis Obispo,079,281455,21365,21128,728,21856,256
2021-05-21,San Mateo,081,765935,42276,42163,467,42630,432
2021-05-21,Santa Barbara,083,443738,34422,34302,1112,35414,459
2021-05-21,Santa Clara,085,1922200,118512,119247,742,119989,2029
2021-05-21,Santa Cruz,087,273765,16227,16120,797,16917,207
2021-05-21,Shasta,089,179085,12253,12289,1553,13842,201
2021-05-21,Sierra,091,2930,56,54,12,66,0
2021-05-21,Siskiyou,093,43540,1919,1815,344,2159,16
2021-05-21,Solano,095,438530,32822,32742,546,33288,254
2021-05-21,Sonoma,097,501317,30000,30126,327,30453,321
2021-05-21,Stanislaus,099,539301,56246,56036,5864,61900,975
2021-05-21,Sutter,101,95872,9436,9470,84,9554,113
2021-05-21,Tehama,103,63373,5068,5030,561,5591,63
2021-05-21,Trinity,105,12862,483,329,89,418,3
2021-05-21,Tulare,107,460477,50209,49271,8860,58131,838
2021-05-21,Tuolumne,109,53932,4027,4079,42,4121,65
2021-05-21,Ventura,111,848112,81309,80821,2942,83763,1021
2021-05-21,Yolo,113,214977,13984,13983,231,14214,213
2021-05-21,Yuba,115,75493,6031,6006,120,6126,49
2021-05-20,Alameda,001,1643700,87949,87975,1906,89881,1264
2021-05-20,Alpine,002,1148,87,88,0,88,0
2021-05-20,Amador,005,37829,3662,3671,32,3703,46
2021-05-20,Butte,007,227075,12481,12220,1825,14045,188
2021-05-20,Calaveras,009,45235,2144,2138,13,2151,54
2021-05-20,Colusa,011,21464,1940,1946,305,2251,15
2021-05-20,Contra Costa,013,1133247,69403,68913,1247,70160,809
2021-05-20,Del Norte,015,27424,1412,1373,12,1385,8
2021-05-20,El Dorado,017,186661,10280,10188,739,10927,112
2021-05-20,Fresno,019,978130,102588,102135,8586,110721,1696
2021-05-20,Glenn,021,27897,2428,2406,554,2960,17
2021-05-20,Humboldt,023,135768,4207,4162,34,4196,42
2021-05-20,Imperial,025,180216,28586,28551,2678,31229,732
2021-05-20,Inyo,027,18085,1404,1402,12,1414,36
2021-05-20,Kern,029,883053,97208,96204,10781,106985,1317
2021-05-20,Kings,031,150075,23128,22922,1072,23994,246
2021-05-20,Lake,033,64148,3516,3500,9,3509,43
2021-05-20,Lassen,035,31185,5199,5160,110,5270,6
2021-05-20,Los Angeles,037,10098052,1206407,1197073,40296,1237369,24168
2021-05-20,Madera,039,155013,16604,16499,921,17420,238
2021-05-20,Marin,041,260295,14083,14036,249,14285,227
2021-05-20,Mariposa,043,17540,429,426,11,437,5
2021-05-20,Mendocino,045,87422,3973,3897,82,3979,47
2021-05-20,Merced,047,269075,30942,31046,1026,32072,454
2021-05-20,Modoc,049,8938,371,365,128,493,3
2021-05-20,Mono,051,14174,1260,1269,17,1286,3
2021-05-20,Monterey,053,433212,43137,42984,1828,44812,379
2021-05-20,Napa,055,140530,9873,9913,32,9945,82
2021-05-20,Nevada,057,99092,4802,4775,186,4961,70
2021-05-20,Orange,059,3164182,255367,254127,11209,265336,5038
2021-05-20,Placer,061,380077,23225,22823,1486,24309,292
2021-05-20,Plumas,063,18699,700,682,10,692,4
2021-05-20,Riverside,065,2383286,293909,288453,13824,302277,4442
2021-05-20,Sacramento,067,1510023,105728,105414,1722,107136,1629
2021-05-20,San Benito,069,59416,6052,6067,112,6179,63
2021-05-20,San Bernardino,071,2135413,293044,292153,8899,301052,4728
2021-05-20,San Diego,073,3302833,280392,279490,14893,294383,3749
2021-05-20,San Francisco,075,870044,36666,36860,1264,38124,546
2021-05-20,San Joaquin,077,732212,72979,72388,3480,75868,1371
2021-05-20,San Luis Obispo,079,281455,21353,21095,726,21821,256
2021-05-20,San Mateo,081,765935,42262,42152,465,42617,432
2021-05-20,Santa Barbara,083,443738,34418,34293,1112,35405,459
2021-05-20,Santa Clara,085,1922200,118491,119222,742,119964,2029
2021-05-20,Santa Cruz,087,273765,16222,16119,797,16916,207
2021-05-20,Shasta,089,179085,12240,12266,1550,13816,200
2021-05-20,Sierra,091,2930,56,54,12,66,0
2021-05-20,Siskiyou,093,43540,1912,1811,343,2154,16
2021-05-20,Solano,095,438530,32807,32725,546,33271,253
2021-05-20,Sonoma,097,501317,29983,30107,326,30433,321
2021-05-20,Stanislaus,099,539301,56217,55979,5862,61841,970
2021-05-20,Sutter,101,95872,9432,9467,84,9551,113
2021-05-20,Tehama,103,63373,5066,5029,561,5590,63
2021-05-20,Trinity,105,12862,483,329,88,417,3
2021-05-20,Tulare,107,460477,50198,49217,8857,58074,837
2021-05-20,Tuolumne,109,53932,4026,4077,42,4119,65
2021-05-20,Ventura,111,848112,81298,80800,2942,83742,1019
2021-05-20,Yolo,113,214977,13979,13973,231,14204,211
2021-05-20,Yuba,115,75493,6022,6002,120,6122,49
2021-05-19,Alameda,001,1643700,87910,87889,1905,89794,1260
2021-05-19,Alpine,002,1148,87,88,0,88,0
2021-05-19,Amador,005,37829,3662,3669,32,3701,46
2021-05-19,Butte,007,227075,12470,12198,1825,14023,188
2021-05-19,Calaveras,009,45235,2140,2132,13,2145,54
2021-05-19,Colusa,011,21464,1940,1945,303,2248,15
2021-05-19,Contra Costa,013,1133247,69356,68836,1247,70083,808
2021-05-19,Del Norte,015,27424,1410,1371,12,1383,8
2021-05-19,El Dorado,017,186661,10275,10179,738,10917,112
2021-05-19,Fresno,019,978130,102557,102085,8583,110668,1693
2021-05-19,Glenn,021,27897,2428,2404,554,2958,17
2021-05-19,Humboldt,023,135768,4197,4143,34,4177,42
2021-05-19,Imperial,025,180216,28577,28550,2678,31228,732
2021-05-19,Inyo,027,18085,1404,1402,12,1414,36
2021-05-19,Kern,029,883053,97179,96173,10774,106947,1316
2021-05-19,Kings,031,150075,23122,22919,1072,23991,246
2021-05-19,Lake,033,64148,3516,3497,9,3506,43
2021-05-19,Lassen,035,31185,5198,5157,110,5267,6
2021-05-19,Los Angeles,037,10098052,1206210,1196856,40282,1237138,24143
2021-05-19,Madera,039,155013,16601,16496,921,17417,238
2021-05-19,Marin,041,260295,14079,14033,247,14280,227
2021-05-19,Mariposa,043,17540,429,425,11,436,5
2021-05-19,Mendocino,045,87422,3969,3886,82,3968,47
2021-05-19,Merced,047,269075,30926,31044,1026,32070,452
2021-05-19,Modoc,049,8938,371,364,125,489,3
2021-05-19,Mono,051,14174,1260,1266,17,1283,3
2021-05-19,Monterey,053,433212,43132,42973,1827,44800,379
2021-05-19,Napa,055,140530,9870,9906,32,9938,82
2021-05-19,Nevada,057,99092,4800,4769,186,4955,70
2021-05-19,Orange,059,3164182,255330,254087,11199,265286,5035
2021-05-19,Placer,061,380077,23206,22784,1481,24265,291
2021-05-19,Plumas,063,18699,700,682,10,692,4
2021-05-19,Riverside,065,2383286,293863,288398,13822,302220,4442
2021-05-19,Sacramento,067,1510023,105649,105225,1721,106946,1629
2021-05-19,San Benito,069,59416,6051,6064,112,6176,63
2021-05-19,San Bernardino,071,2135413,293000,292078,8896,300974,4725
2021-05-19,San Diego,073,3302833,280307,279345,14872,294217,3746
2021-05-19,San Francisco,075,870044,36653,36835,1263,38098,546
2021-05-19,San Joaquin,077,732212,72936,72338,3475,75813,1369
2021-05-19,San Luis Obispo,079,281455,21345,21085,725,21810,256
2021-05-19,San Mateo,081,765935,42255,42126,465,42591,429
2021-05-19,Santa Barbara,083,443738,34410,34292,1112,35404,459
2021-05-19,Santa Clara,085,1922200,118451,119176,741,119917,2015
2021-05-19,Santa Cruz,087,273765,16218,16121,796,16917,207
2021-05-19,Shasta,089,179085,12222,12233,1547,13780,200
2021-05-19,Sierra,091,2930,56,54,12,66,0
2021-05-19,Siskiyou,093,43540,1909,1803,342,2145,16
2021-05-19,Solano,095,438530,32780,32678,544,33222,253
2021-05-19,Sonoma,097,501317,29968,30080,326,30406,321
2021-05-19,Stanislaus,099,539301,56197,55912,5857,61769,967
2021-05-19,Sutter,101,95872,9425,9459,83,9542,113
2021-05-19,Tehama,103,63373,5057,5026,557,5583,63
2021-05-19,Trinity,105,12862,483,329,88,417,3
2021-05-19,Tulare,107,460477,50185,49163,8852,58015,837
2021-05-19,Tuolumne,109,53932,4026,4074,42,4116,64
2021-05-19,Ventura,111,848112,81283,80747,2941,83688,1019
2021-05-19,Yolo,113,214977,13973,13961,230,14191,211
2021-05-19,Yuba,115,75493,6018,5993,120,6113,49
2021-05-18,Alameda,001,1643700,87836,87816,1905,89721,1254
2021-05-18,Alpine,002,1148,87,88,0,88,0
2021-05-18,Amador,005,37829,3662,3669,32,3701,46
2021-05-18,Butte,007,227075,12456,12164,1823,13987,191
2021-05-18,Calaveras,009,45235,2136,2131,13,2144,54
2021-05-18,Colusa,011,21464,1940,1943,303,2246,14
2021-05-18,Contra Costa,013,1133247,69299,68750,1246,69996,808
2021-05-18,Del Norte,015,27424,1407,1371,12,1383,8
2021-05-18,El Dorado,017,186661,10264,10169,737,10906,112
2021-05-18,Fresno,019,978130,102521,102056,8580,110636,1690
2021-05-18,Glenn,021,27897,2422,2403,553,2956,17
2021-05-18,Humboldt,023,135768,4179,4132,34,4166,42
2021-05-18,Imperial,025,180216,28572,28538,2676,31214,730
2021-05-18,Inyo,027,18085,1404,1401,12,1413,36
2021-05-18,Kern,029,883053,97146,96128,10760,106888,1315
2021-05-18,Kings,031,150075,23116,22916,1072,23988,247
2021-05-18,Lake,033,64148,3514,3495,9,3504,43
2021-05-18,Lassen,035,31185,5197,5157,109,5266,6
2021-05-18,Los Angeles,037,10098052,1206030,1196668,40271,1236939,24133
2021-05-18,Madera,039,155013,16591,16491,920,17411,238
2021-05-18,Marin,041,260295,14076,14026,247,14273,227
2021-05-18,Mariposa,043,17540,429,424,11,435,5
2021-05-18,Mendocino,045,87422,3957,3877,81,3958,47
2021-05-18,Merced,047,269075,30907,31036,1026,32062,452
2021-05-18,Modoc,049,8938,370,364,124,488,3
2021-05-18,Mono,051,14174,1259,1265,17,1282,3
2021-05-18,Monterey,053,433212,43126,43001,1827,44828,379
2021-05-18,Napa,055,140530,9870,9905,32,9937,82
2021-05-18,Nevada,057,99092,4793,4762,186,4948,70
2021-05-18,Orange,059,3164182,255290,254041,11189,265230,5031
2021-05-18,Placer,061,380077,23173,22726,1477,24203,291
2021-05-18,Plumas,063,18699,700,682,10,692,4
2021-05-18,Riverside,065,2383286,293808,288354,13815,302169,4438
2021-05-18,Sacramento,067,1510023,105547,105083,1719,106802,1629
2021-05-18,San Benito,069,59416,6050,6065,112,6177,63
2021-05-18,San Bernardino,071,2135413,292942,292014,8891,300905,4722
2021-05-18,San Diego,073,3302833,280199,279254,14863,294117,3742
2021-05-18,San Francisco,075,870044,36633,36818,1263,38081,546
2021-05-18,San Joaquin,077,732212,72889,72282,3471,75753,1368
2021-05-18,San Luis Obispo,079,281455,21335,21080,723,21803,256
2021-05-18,San Mateo,081,765935,42243,42099,464,42563,428
2021-05-18,Santa Barbara,083,443738,34401,34278,1112,35390,459
2021-05-18,Santa Clara,085,1922200,118424,119171,741,119912,2014
2021-05-18,Santa Cruz,087,273765,16210,16137,796,16933,207
2021-05-18,Shasta,089,179085,12204,12197,1541,13738,200
2021-05-18,Sierra,091,2930,56,54,12,66,0
2021-05-18,Siskiyou,093,43540,1908,1799,342,2141,16
2021-05-18,Solano,095,438530,32755,32644,544,33188,253
2021-05-18,Sonoma,097,501317,29948,30054,325,30379,321
2021-05-18,Stanislaus,099,539301,56161,55860,5857,61717,959
2021-05-18,Sutter,101,95872,9417,9453,83,9536,113
2021-05-18,Tehama,103,63373,5051,5020,555,5575,63
2021-05-18,Trinity,105,12862,483,329,87,416,3
2021-05-18,Tulare,107,460477,50177,49142,8847,57989,836
2021-05-18,Tuolumne,109,53932,4024,4073,42,4115,64
2021-05-18,Ventura,111,848112,81267,80726,2939,83665,1017
2021-05-18,Yolo,113,214977,13965,13951,230,14181,211
2021-05-18,Yuba,115,75493,6014,5989,120,6109,49
2021-05-17,Alameda,001,1643700,87783,87766,1902,89668,1253
2021-05-17,Alpine,002,1148,87,88,0,88,0
2021-05-17,Amador,005,37829,3659,3668,32,3700,46
2021-05-17,Butte,007,227075,12448,12144,1823,13967,192
2021-05-17,Calaveras,009,45235,2136,2131,13,2144,53
2021-05-17,Colusa,011,21464,1940,1943,303,2246,14
2021-05-17,Contra Costa,013,1133247,69244,68720,1245,69965,805
2021-05-17,Del Norte,015,27424,1402,1369,12,1381,8
2021-05-17,El Dorado,017,186661,10247,10163,737,10900,112
2021-05-17,Fresno,019,978130,102477,102013,8572,110585,1690
2021-05-17,Glenn,021,27897,2422,2401,553,2954,17
2021-05-17,Humboldt,023,135768,4168,4112,34,4146,42
2021-05-17,Imperial,025,180216,28566,28533,2674,31207,729
2021-05-17,Inyo,027,18085,1404,1401,12,1413,36
2021-05-17,Kern,029,883053,97117,96095,10742,106837,1315
2021-05-17,Kings,031,150075,23113,22918,1072,23990,246
2021-05-17,Lake,033,64148,3509,3489,9,3498,43
2021-05-17,Lassen,035,31185,5194,5156,108,5264,6
2021-05-17,Los Angeles,037,10098052,1205849,1196556,40265,1236821,24123
2021-05-17,Madera,039,155013,16584,16486,920,17406,238
2021-05-17,Marin,041,260295,14070,14021,247,14268,227
2021-05-17,Mariposa,043,17540,428,423,11,434,5
2021-05-17,Mendocino,045,87422,3948,3868,81,3949,46
2021-05-17,Merced,047,269075,30892,31031,1026,32057,450
2021-05-17,Modoc,049,8938,369,362,124,486,3
2021-05-17,Mono,051,14174,1255,1265,17,1282,3
2021-05-17,Monterey,053,433212,43119,42995,1827,44822,379
2021-05-17,Napa,055,140530,9869,9894,32,9926,82
2021-05-17,Nevada,057,99092,4789,4761,185,4946,70
2021-05-17,Orange,059,3164182,255243,253993,11182,265175,5031
2021-05-17,Placer,061,380077,23150,22706,1470,24176,289
2021-05-17,Plumas,063,18699,700,682,10,692,4
2021-05-17,Riverside,065,2383286,293739,288304,13811,302115,4433
2021-05-17,Sacramento,067,1510023,105440,105035,1717,106752,1629
2021-05-17,San Benito,069,59416,6047,6067,112,6179,63
2021-05-17,San Bernardino,071,2135413,292892,291989,8883,300872,4724
2021-05-17,San Diego,073,3302833,280067,279146,14841,293987,3742
2021-05-17,San Francisco,075,870044,36621,36816,1261,38077,546
2021-05-17,San Joaquin,077,732212,72851,72234,3468,75702,1359
2021-05-17,San Luis Obispo,079,281455,21326,21079,721,21800,256
2021-05-17,San Mateo,081,765935,42215,42083,464,42547,428
2021-05-17,Santa Barbara,083,443738,34394,34275,1112,35387,459
2021-05-17,Santa Clara,085,1922200,118387,119116,739,119855,2015
2021-05-17,Santa Cruz,087,273765,16207,16151,796,16947,206
2021-05-17,Shasta,089,179085,12182,12163,1540,13703,200
2021-05-17,Sierra,091,2930,56,54,12,66,0
2021-05-17,Siskiyou,093,43540,1899,1795,339,2134,15
2021-05-17,Solano,095,438530,32737,32627,543,33170,253
2021-05-17,Sonoma,097,501317,29925,30043,324,30367,321
2021-05-17,Stanislaus,099,539301,56113,55839,5850,61689,951
2021-05-17,Sutter,101,95872,9410,9447,83,9530,113
2021-05-17,Tehama,103,63373,5047,5016,554,5570,63
2021-05-17,Trinity,105,12862,483,328,87,415,3
2021-05-17,Tulare,107,460477,50155,49107,8842,57949,836
2021-05-17,Tuolumne,109,53932,4024,4071,42,4113,64
2021-05-17,Ventura,111,848112,81247,80699,2939,83638,1017
2021-05-17,Yolo,113,214977,13958,13941,230,14171,211
2021-05-17,Yuba,115,75493,6006,5987,120,6107,49
2021-05-16,Alameda,001,1643700,87719,87743,1902,89645,1253
2021-05-16,Alpine,002,1148,87,88,0,88,0
2021-05-16,Amador,005,37829,3658,3667,32,3699,46
2021-05-16,Butte,007,227075,12434,12140,1822,13962,192
2021-05-16,Calaveras,009,45235,2134,2129,13,2142,53
2021-05-16,Colusa,011,21464,1938,1943,303,2246,14
2021-05-16,Contra Costa,013,1133247,69176,68694,1243,69937,805
2021-05-16,Del Norte,015,27424,1399,1365,12,1377,8
2021-05-16,El Dorado,017,186661,10230,10159,736,10895,112
2021-05-16,Fresno,019,978130,102433,101987,8566,110553,1690
2021-05-16,Glenn,021,27897,2422,2401,552,2953,17
2021-05-16,Humboldt,023,135768,4154,4104,34,4138,42
2021-05-16,Imperial,025,180216,28555,28516,2673,31189,729
2021-05-16,Inyo,027,18085,1404,1401,12,1413,36
2021-05-16,Kern,029,883053,97084,96083,10722,106805,1315
2021-05-16,Kings,031,150075,23109,22918,1069,23987,246
2021-05-16,Lake,033,64148,3506,3489,9,3498,43
2021-05-16,Lassen,035,31185,5193,5156,108,5264,6
2021-05-16,Los Angeles,037,10098052,1205623,1196397,40249,1236646,24120
2021-05-16,Madera,039,155013,16579,16483,917,17400,238
2021-05-16,Marin,041,260295,14067,14015,247,14262,227
2021-05-16,Mariposa,043,17540,428,423,11,434,5
2021-05-16,Mendocino,045,87422,3938,3863,81,3944,46
2021-05-16,Merced,047,269075,30871,31023,1024,32047,450
2021-05-16,Modoc,049,8938,369,362,124,486,3
2021-05-16,Mono,051,14174,1255,1265,17,1282,3
2021-05-16,Monterey,053,433212,43114,42991,1827,44818,379
2021-05-16,Napa,055,140530,9866,9891,32,9923,82
2021-05-16,Nevada,057,99092,4785,4755,185,4940,70
2021-05-16,Orange,059,3164182,255211,253962,11179,265141,5031
2021-05-16,Placer,061,380077,23118,22696,1464,24160,289
2021-05-16,Plumas,063,18699,699,682,10,692,4
2021-05-16,Riverside,065,2383286,293663,288259,13802,302061,4433
2021-05-16,Sacramento,067,1510023,105326,105013,1715,106728,1628
2021-05-16,San Benito,069,59416,6046,6067,111,6178,63
2021-05-16,San Bernardino,071,2135413,292820,291940,8881,300821,4724
2021-05-16,San Diego,073,3302833,279949,279099,14828,293927,3742
2021-05-16,San Francisco,075,870044,36597,36808,1260,38068,546
2021-05-16,San Joaquin,077,732212,72802,72218,3463,75681,1359
2021-05-16,San Luis Obispo,079,281455,21318,21072,720,21792,256
2021-05-16,San Mateo,081,765935,42204,42063,463,42526,428
2021-05-16,Santa Barbara,083,443738,34387,34270,1112,35382,459
2021-05-16,Santa Clara,085,1922200,118357,119098,738,119836,2015
2021-05-16,Santa Cruz,087,273765,16205,16143,796,16939,206
2021-05-16,Shasta,089,179085,12166,12156,1536,13692,200
2021-05-16,Sierra,091,2930,56,54,12,66,0
2021-05-16,Siskiyou,093,43540,1895,1790,338,2128,15
2021-05-16,Solano,095,438530,32704,32619,541,33160,253
2021-05-16,Sonoma,097,501317,29906,30033,324,30357,321
2021-05-16,Stanislaus,099,539301,56060,55814,5839,61653,951
2021-05-16,Sutter,101,95872,9403,9445,83,9528,113
2021-05-16,Tehama,103,63373,5043,5013,553,5566,63
2021-05-16,Trinity,105,12862,483,328,87,415,3
2021-05-16,Tulare,107,460477,50138,49091,8839,57930,837
2021-05-16,Tuolumne,109,53932,4020,4070,42,4112,64
2021-05-16,Ventura,111,848112,81216,80689,2939,83628,1017
2021-05-16,Yolo,113,214977,13943,13938,230,14168,211
2021-05-16,Yuba,115,75493,6003,5987,120,6107,49
2021-05-15,Alameda,001,1643700,87693,87677,1901,89578,1252
2021-05-15,Alpine,002,1148,87,88,0,88,0
2021-05-15,Amador,005,37829,3658,3666,32,3698,46
2021-05-15,Butte,007,227075,12427,12095,1821,13916,192
2021-05-15,Calaveras,009,45235,2133,2126,13,2139,53
2021-05-15,Colusa,011,21464,1938,1941,301,2242,14
2021-05-15,Contra Costa,013,1133247,69130,68658,1243,69901,805
2021-05-15,Del Norte,015,27424,1394,1359,12,1371,8
2021-05-15,El Dorado,017,186661,10218,10156,735,10891,112
2021-05-15,Fresno,019,978130,102396,101957,8564,110521,1690
2021-05-15,Glenn,021,27897,2422,2400,552,2952,17
2021-05-15,Humboldt,023,135768,4144,4080,34,4114,42
2021-05-15,Imperial,025,180216,28552,28504,2672,31176,729
2021-05-15,Inyo,027,18085,1404,1402,12,1414,36
2021-05-15,Kern,029,883053,97070,96061,10708,106769,1315
2021-05-15,Kings,031,150075,23108,22913,1069,23982,246
2021-05-15,Lake,033,64148,3505,3485,9,3494,43
2021-05-15,Lassen,035,31185,5190,5156,107,5263,6
2021-05-15,Los Angeles,037,10098052,1205500,1196255,40236,1236491,24115
2021-05-15,Madera,039,155013,16576,16482,917,17399,238
2021-05-15,Marin,041,260295,14063,14012,247,14259,227
2021-05-15,Mariposa,043,17540,428,423,11,434,5
2021-05-15,Mendocino,045,87422,3935,3861,81,3942,46
2021-05-15,Merced,047,269075,30850,31012,1024,32036,450
2021-05-15,Modoc,049,8938,369,362,124,486,3
2021-05-15,Mono,051,14174,1255,1265,17,1282,3
2021-05-15,Monterey,053,433212,43110,42982,1827,44809,379
2021-05-15,Napa,055,140530,9863,9887,32,9919,82
2021-05-15,Nevada,057,99092,4784,4755,185,4940,70
2021-05-15,Orange,059,3164182,255184,253919,11172,265091,5030
2021-05-15,Placer,061,380077,23097,22688,1464,24152,289
2021-05-15,Plumas,063,18699,699,681,10,691,4
2021-05-15,Riverside,065,2383286,293621,288203,13797,302000,4433
2021-05-15,Sacramento,067,1510023,105254,104929,1712,106641,1628
2021-05-15,San Benito,069,59416,6046,6066,111,6177,63
2021-05-15,San Bernardino,071,2135413,292778,291892,8879,300771,4724
2021-05-15,San Diego,073,3302833,279878,278991,14813,293804,3737
2021-05-15,San Francisco,075,870044,36581,36795,1258,38053,546
2021-05-15,San Joaquin,077,732212,72776,72197,3461,75658,1359
2021-05-15,San Luis Obispo,079,281455,21315,21061,719,21780,256
2021-05-15,San Mateo,081,765935,42188,42059,463,42522,428
2021-05-15,Santa Barbara,083,443738,34379,34259,1112,35371,459
2021-05-15,Santa Clara,085,1922200,118336,119060,738,119798,2016
2021-05-15,Santa Cruz,087,273765,16201,16137,796,16933,206
2021-05-15,Shasta,089,179085,12154,12152,1533,13685,200
2021-05-15,Sierra,091,2930,56,54,12,66,0
2021-05-15,Siskiyou,093,43540,1889,1788,336,2124,15
2021-05-15,Solano,095,438530,32695,32604,540,33144,253
2021-05-15,Sonoma,097,501317,29887,30020,324,30344,321
2021-05-15,Stanislaus,099,539301,56029,55795,5832,61627,952
2021-05-15,Sutter,101,95872,9401,9436,83,9519,113
2021-05-15,Tehama,103,63373,5039,5012,552,5564,63
2021-05-15,Trinity,105,12862,483,328,87,415,3
2021-05-15,Tulare,107,460477,50128,49080,8835,57915,837
2021-05-15,Tuolumne,109,53932,4018,4064,42,4106,63
2021-05-15,Ventura,111,848112,81205,80662,2939,83601,1017
2021-05-15,Yolo,113,214977,13936,13932,229,14161,211
2021-05-15,Yuba,115,75493,6000,5979,119,6098,49
2021-05-14,Alameda,001,1643700,87659,87621,1899,89520,1249
2021-05-14,Alpine,002,1148,87,88,0,88,0
2021-05-14,Amador,005,37829,3658,3665,32,3697,46
2021-05-14,Butte,007,227075,12418,12076,1818,13894,192
2021-05-14,Calaveras,009,45235,2129,2121,13,2134,53
2021-05-14,Colusa,011,21464,1937,1940,300,2240,14
2021-05-14,Contra Costa,013,1133247,69088,68589,1241,69830,806
2021-05-14,Del Norte,015,27424,1394,1355,12,1367,8
2021-05-14,El Dorado,017,186661,10211,10143,734,10877,113
2021-05-14,Fresno,019,978130,102367,101917,8558,110475,1688
2021-05-14,Glenn,021,27897,2421,2398,552,2950,17
2021-05-14,Humboldt,023,135768,4137,4050,34,4084,37
2021-05-14,Imperial,025,180216,28544,28485,2671,31156,728
2021-05-14,Inyo,027,18085,1404,1400,12,1412,36
2021-05-14,Kern,029,883053,97040,96033,10699,106732,1311
2021-05-14,Kings,031,150075,23107,22910,1069,23979,246
2021-05-14,Lake,033,64148,3501,3483,9,3492,43
2021-05-14,Lassen,035,31185,5190,5154,107,5261,6
2021-05-14,Los Angeles,037,10098052,1205365,1196038,40231,1236269,24101
2021-05-14,Madera,039,155013,16573,16474,917,17391,238
2021-05-14,Marin,041,260295,14059,14010,247,14257,227
2021-05-14,Mariposa,043,17540,428,422,11,433,5
2021-05-14,Mendocino,045,87422,3933,3855,81,3936,46
2021-05-14,Merced,047,269075,30840,31010,1024,32034,450
2021-05-14,Modoc,049,8938,369,362,124,486,3
2021-05-14,Mono,051,14174,1254,1265,17,1282,3
2021-05-14,Monterey,053,433212,43105,42973,1827,44800,380
2021-05-14,Napa,055,140530,9860,9883,32,9915,82
2021-05-14,Nevada,057,99092,4779,4745,185,4930,70
2021-05-14,Orange,059,3164182,255150,253855,11165,265020,5028
2021-05-14,Placer,061,380077,23078,22660,1458,24118,287
2021-05-14,Plumas,063,18699,698,680,10,690,4
2021-05-14,Riverside,065,2383286,293571,288140,13794,301934,4433
2021-05-14,Sacramento,067,1510023,105165,104828,1711,106539,1627
2021-05-14,San Benito,069,59416,6046,6064,111,6175,63
2021-05-14,San Bernardino,071,2135413,292730,291834,8879,300713,4721
2021-05-14,San Diego,073,3302833,279805,278853,14802,293655,3732
2021-05-14,San Francisco,075,870044,36572,36771,1254,38025,545
2021-05-14,San Joaquin,077,732212,72744,72160,3454,75614,1359
2021-05-14,San Luis Obispo,079,281455,21311,21051,719,21770,256
2021-05-14,San Mateo,081,765935,42178,42041,463,42504,428
2021-05-14,Santa Barbara,083,443738,34369,34243,1112,35355,456
2021-05-14,Santa Clara,085,1922200,118307,119006,738,119744,2014
2021-05-14,Santa Cruz,087,273765,16196,16130,796,16926,207
2021-05-14,Shasta,089,179085,12148,12130,1528,13658,200
2021-05-14,Sierra,091,2930,56,54,12,66,0
2021-05-14,Siskiyou,093,43540,1882,1779,335,2114,14
2021-05-14,Solano,095,438530,32675,32585,539,33124,252
2021-05-14,Sonoma,097,501317,29868,30007,324,30331,321
2021-05-14,Stanislaus,099,539301,55994,55752,5826,61578,950
2021-05-14,Sutter,101,95872,9392,9433,81,9514,113
2021-05-14,Tehama,103,63373,5032,5005,552,5557,63
2021-05-14,Trinity,105,12862,483,328,87,415,3
2021-05-14,Tulare,107,460477,50111,49060,8830,57890,836
2021-05-14,Tuolumne,109,53932,4018,4060,42,4102,63
2021-05-14,Ventura,111,848112,81191,80628,2939,83567,1014
2021-05-14,Yolo,113,214977,13931,13922,225,14147,210
2021-05-14,Yuba,115,75493,5996,5970,119,6089,47
2021-05-13,Alameda,001,1643700,87616,87557,1898,89455,1250
2021-05-13,Alpine,002,1148,87,88,0,88,0
2021-05-13,Amador,005,37829,3658,3662,32,3694,46
2021-05-13,Butte,007,227075,12404,12051,1817,13868,196
2021-05-13,Calaveras,009,45235,2127,2120,13,2133,53
2021-05-13,Colusa,011,21464,1936,1939,296,2235,14
2021-05-13,Contra Costa,013,1133247,69040,68522,1240,69762,806
2021-05-13,Del Norte,015,27424,1392,1354,12,1366,8
2021-05-13,El Dorado,017,186661,10208,10133,734,10867,112
2021-05-13,Fresno,019,978130,102338,101862,8557,110419,1687
2021-05-13,Glenn,021,27897,2420,2395,552,2947,17
2021-05-13,Humboldt,023,135768,4119,4027,34,4061,37
2021-05-13,Imperial,025,180216,28529,28468,2669,31137,729
2021-05-13,Inyo,027,18085,1404,1400,12,1412,36
2021-05-13,Kern,029,883053,97016,95996,10680,106676,1311
2021-05-13,Kings,031,150075,23106,22904,1069,23973,246
2021-05-13,Lake,033,64148,3501,3479,9,3488,43
2021-05-13,Lassen,035,31185,5190,5152,106,5258,6
2021-05-13,Los Angeles,037,10098052,1205176,1195504,40217,1235721,24083
2021-05-13,Madera,039,155013,16565,16467,917,17384,238
2021-05-13,Marin,041,260295,14054,14004,245,14249,227
2021-05-13,Mariposa,043,17540,428,422,11,433,5
2021-05-13,Mendocino,045,87422,3929,3846,81,3927,46
2021-05-13,Merced,047,269075,30833,30989,1023,32012,450
2021-05-13,Modoc,049,8938,369,362,124,486,3
2021-05-13,Mono,051,14174,1254,1265,17,1282,3
2021-05-13,Monterey,053,433212,43090,42966,1827,44793,380
2021-05-13,Napa,055,140530,9853,9877,32,9909,82
2021-05-13,Nevada,057,99092,4775,4743,184,4927,70
2021-05-13,Orange,059,3164182,255104,253778,11163,264941,5026
2021-05-13,Placer,061,380077,23051,22668,1451,24119,288
2021-05-13,Plumas,063,18699,698,680,10,690,4
2021-05-13,Riverside,065,2383286,293505,288067,13789,301856,4433
2021-05-13,Sacramento,067,1510023,105079,104711,1709,106420,1626
2021-05-13,San Benito,069,59416,6044,6062,111,6173,63
2021-05-13,San Bernardino,071,2135413,292664,291765,8879,300644,4722
2021-05-13,San Diego,073,3302833,279691,278592,14785,293377,3729
2021-05-13,San Francisco,075,870044,36548,36741,1252,37993,544
2021-05-13,San Joaquin,077,732212,72702,72096,3450,75546,1357
2021-05-13,San Luis Obispo,079,281455,21296,21043,718,21761,255
2021-05-13,San Mateo,081,765935,42161,42059,463,42522,426
2021-05-13,Santa Barbara,083,443738,34357,34242,1112,35354,456
2021-05-13,Santa Clara,085,1922200,118280,118952,738,119690,2013
2021-05-13,Santa Cruz,087,273765,16190,16129,796,16925,208
2021-05-13,Shasta,089,179085,12128,12111,1524,13635,200
2021-05-13,Sierra,091,2930,56,54,12,66,0
2021-05-13,Siskiyou,093,43540,1875,1769,332,2101,14
2021-05-13,Solano,095,438530,32662,32548,537,33085,252
2021-05-13,Sonoma,097,501317,29843,29991,324,30315,321
2021-05-13,Stanislaus,099,539301,55956,55678,5820,61498,949
2021-05-13,Sutter,101,95872,9387,9431,80,9511,112
2021-05-13,Tehama,103,63373,5027,4997,552,5549,63
2021-05-13,Trinity,105,12862,482,327,86,413,3
2021-05-13,Tulare,107,460477,50085,49032,8822,57854,837
2021-05-13,Tuolumne,109,53932,4017,4059,42,4101,63
2021-05-13,Ventura,111,848112,81161,80615,2938,83553,1012
2021-05-13,Yolo,113,214977,13922,13914,223,14137,210
2021-05-13,Yuba,115,75493,5987,5962,119,6081,47
2021-05-12,Alameda,001,1643700,87584,87482,1896,89378,1261
2021-05-12,Alpine,002,1148,87,88,0,88,0
2021-05-12,Amador,005,37829,3658,3658,32,3690,46
2021-05-12,Butte,007,227075,12394,12026,1817,13843,199
2021-05-12,Calaveras,009,45235,2124,2119,13,2132,53
2021-05-12,Colusa,011,21464,1934,1939,295,2234,14
2021-05-12,Contra Costa,013,1133247,68981,68462,1234,69696,805
2021-05-12,Del Norte,015,27424,1390,1352,12,1364,8
2021-05-12,El Dorado,017,186661,10198,10123,734,10857,112
2021-05-12,Fresno,019,978130,102289,101838,8546,110384,1688
2021-05-12,Glenn,021,27897,2417,2391,552,2943,17
2021-05-12,Humboldt,023,135768,4091,3982,34,4016,37
2021-05-12,Imperial,025,180216,28511,28443,2666,31109,726
2021-05-12,Inyo,027,18085,1404,1400,12,1412,36
2021-05-12,Kern,029,883053,96980,95955,10673,106628,1310
2021-05-12,Kings,031,150075,23104,22896,1069,23965,246
2021-05-12,Lake,033,64148,3499,3476,9,3485,43
2021-05-12,Lassen,035,31185,5188,5151,106,5257,6
2021-05-12,Los Angeles,037,10098052,1204991,1195318,40202,1235520,24067
2021-05-12,Madera,039,155013,16558,16462,916,17378,238
2021-05-12,Marin,041,260295,14049,13997,245,14242,227
2021-05-12,Mariposa,043,17540,428,422,11,433,5
2021-05-12,Mendocino,045,87422,3919,3836,81,3917,46
2021-05-12,Merced,047,269075,30817,30941,1023,31964,450
2021-05-12,Modoc,049,8938,368,362,124,486,3
2021-05-12,Mono,051,14174,1254,1265,17,1282,3
2021-05-12,Monterey,053,433212,43078,42950,1826,44776,380
2021-05-12,Napa,055,140530,9847,9870,32,9902,82
2021-05-12,Nevada,057,99092,4771,4738,184,4922,70
2021-05-12,Orange,059,3164182,255053,253587,11159,264746,5024
2021-05-12,Placer,061,380077,23033,22652,1444,24096,288
2021-05-12,Plumas,063,18699,698,681,10,691,4
2021-05-12,Riverside,065,2383286,293435,287830,13785,301615,4431
2021-05-12,Sacramento,067,1510023,104984,104592,1707,106299,1621
2021-05-12,San Benito,069,59416,6044,6062,111,6173,63
2021-05-12,San Bernardino,071,2135413,292615,291505,8874,300379,4715
2021-05-12,San Diego,073,3302833,279587,278402,14764,293166,3729
2021-05-12,San Francisco,075,870044,36528,36720,1251,37971,544
2021-05-12,San Joaquin,077,732212,72648,72043,3446,75489,1356
2021-05-12,San Luis Obispo,079,281455,21286,21021,718,21739,255
2021-05-12,San Mateo,081,765935,42152,42038,462,42500,426
2021-05-12,Santa Barbara,083,443738,34349,34218,1112,35330,456
2021-05-12,Santa Clara,085,1922200,118236,118897,738,119635,2005
2021-05-12,Santa Cruz,087,273765,16184,16123,796,16919,207
2021-05-12,Shasta,089,179085,12108,12092,1522,13614,200
2021-05-12,Sierra,091,2930,56,54,12,66,0
2021-05-12,Siskiyou,093,43540,1871,1760,331,2091,13
2021-05-12,Solano,095,438530,32638,32519,537,33056,252
2021-05-12,Sonoma,097,501317,29831,29976,324,30300,320
2021-05-12,Stanislaus,099,539301,55915,55632,5813,61445,919
2021-05-12,Sutter,101,95872,9384,9427,80,9507,112
2021-05-12,Tehama,103,63373,5022,4989,552,5541,62
2021-05-12,Trinity,105,12862,482,327,86,413,3
2021-05-12,Tulare,107,460477,50069,49001,8814,57815,838
2021-05-12,Tuolumne,109,53932,4016,4056,42,4098,63
2021-05-12,Ventura,111,848112,81142,80577,2938,83515,1010
2021-05-12,Yolo,113,214977,13914,13910,222,14132,210
2021-05-12,Yuba,115,75493,5984,5956,119,6075,47
2021-05-11,Alameda,001,1643700,87519,87413,1892,89305,1290
2021-05-11,Alpine,002,1148,87,88,0,88,0
2021-05-11,Amador,005,37829,3656,3657,32,3689,46
2021-05-11,Butte,007,227075,12379,12008,1814,13822,199
2021-05-11,Calaveras,009,45235,2124,2118,13,2131,52
2021-05-11,Colusa,011,21464,1933,1939,295,2234,14
2021-05-11,Contra Costa,013,1133247,68921,68406,1233,69639,806
2021-05-11,Del Norte,015,27424,1388,1347,12,1359,8
2021-05-11,El Dorado,017,186661,10192,10108,733,10841,112
2021-05-11,Fresno,019,978130,102243,101792,8540,110332,1686
2021-05-11,Glenn,021,27897,2416,2387,551,2938,17
2021-05-11,Humboldt,023,135768,4070,3964,33,3997,37
2021-05-11,Imperial,025,180216,28503,28413,2662,31075,722
2021-05-11,Inyo,027,18085,1403,1402,12,1414,36
2021-05-11,Kern,029,883053,96952,95938,10660,106598,1310
2021-05-11,Kings,031,150075,23096,22887,1069,23956,246
2021-05-11,Lake,033,64148,3498,3473,9,3482,43
2021-05-11,Lassen,035,31185,5186,5148,106,5254,6
2021-05-11,Los Angeles,037,10098052,1204754,1195100,40185,1235285,24048
2021-05-11,Madera,039,155013,16554,16459,915,17374,238
2021-05-11,Marin,041,260295,14042,13987,245,14232,227
2021-05-11,Mariposa,043,17540,428,421,11,432,5
2021-05-11,Mendocino,045,87422,3911,3821,81,3902,46
2021-05-11,Merced,047,269075,30808,30893,1023,31916,449
2021-05-11,Modoc,049,8938,368,362,123,485,3
2021-05-11,Mono,051,14174,1254,1265,17,1282,3
2021-05-11,Monterey,053,433212,43070,42934,1825,44759,380
2021-05-11,Napa,055,140530,9840,9870,32,9902,81
2021-05-11,Nevada,057,99092,4767,4737,184,4921,70
2021-05-11,Orange,059,3164182,254989,253545,11152,264697,5017
2021-05-11,Placer,061,380077,23011,22615,1440,24055,287
2021-05-11,Plumas,063,18699,696,679,10,689,4
2021-05-11,Riverside,065,2383286,293373,287757,13780,301537,4429
2021-05-11,Sacramento,067,1510023,104885,104496,1704,106200,1616
2021-05-11,San Benito,069,59416,6041,6058,111,6169,63
2021-05-11,San Bernardino,071,2135413,292555,291421,8872,300293,4707
2021-05-11,San Diego,073,3302833,279452,278308,14745,293053,3725
2021-05-11,San Francisco,075,870044,36508,36707,1251,37958,543
2021-05-11,San Joaquin,077,732212,72600,71999,3443,75442,1356
2021-05-11,San Luis Obispo,079,281455,21279,21008,716,21724,255
2021-05-11,San Mateo,081,765935,42133,41985,461,42446,425
2021-05-11,Santa Barbara,083,443738,34339,34207,1112,35319,456
2021-05-11,Santa Clara,085,1922200,118189,118857,737,119594,2005
2021-05-11,Santa Cruz,087,273765,16180,16113,796,16909,206
2021-05-11,Shasta,089,179085,12085,12050,1516,13566,200
2021-05-11,Sierra,091,2930,56,54,12,66,0
2021-05-11,Siskiyou,093,43540,1861,1756,329,2085,13
2021-05-11,Solano,095,438530,32620,32499,535,33034,250
2021-05-11,Sonoma,097,501317,29816,29966,324,30290,318
2021-05-11,Stanislaus,099,539301,55867,55589,5809,61398,909
2021-05-11,Sutter,101,95872,9377,9417,80,9497,112
2021-05-11,Tehama,103,63373,5018,4985,551,5536,62
2021-05-11,Trinity,105,12862,482,327,85,412,3
2021-05-11,Tulare,107,460477,50042,48974,8800,57774,837
2021-05-11,Tuolumne,109,53932,4015,4056,42,4098,63
2021-05-11,Ventura,111,848112,81118,80544,2935,83479,1008
2021-05-11,Yolo,113,214977,13901,13902,219,14121,210
2021-05-11,Yuba,115,75493,5975,5950,119,6069,46
2021-05-10,Alameda,001,1643700,87451,87366,1891,89257,1284
2021-05-10,Alpine,002,1148,87,88,0,88,0
2021-05-10,Amador,005,37829,3655,3657,32,3689,46
2021-05-10,Butte,007,227075,12363,11993,1809,13802,199
2021-05-10,Calaveras,009,45235,2117,2118,13,2131,52
2021-05-10,Colusa,011,21464,1933,1939,295,2234,14
2021-05-10,Contra Costa,013,1133247,68857,68357,1233,69590,806
2021-05-10,Del Norte,015,27424,1385,1339,12,1351,8
2021-05-10,El Dorado,017,186661,10178,10093,733,10826,113
2021-05-10,Fresno,019,978130,102211,101755,8534,110289,1682
2021-05-10,Glenn,021,27897,2415,2384,550,2934,17
2021-05-10,Humboldt,023,135768,4040,3961,33,3994,36
2021-05-10,Imperial,025,180216,28489,28397,2658,31055,722
2021-05-10,Inyo,027,18085,1403,1401,12,1413,36
2021-05-10,Kern,029,883053,96909,95920,10646,106566,1310
2021-05-10,Kings,031,150075,23085,22884,1068,23952,246
2021-05-10,Lake,033,64148,3490,3471,9,3480,43
2021-05-10,Lassen,035,31185,5182,5148,106,5254,5
2021-05-10,Los Angeles,037,10098052,1204487,1194976,40170,1235146,24030
2021-05-10,Madera,039,155013,16544,16450,915,17365,238
2021-05-10,Marin,041,260295,14039,13981,245,14226,228
2021-05-10,Mariposa,043,17540,427,420,11,431,5
2021-05-10,Mendocino,045,87422,3905,3818,81,3899,46
2021-05-10,Merced,047,269075,30797,30880,1023,31903,448
2021-05-10,Modoc,049,8938,368,361,123,484,3
2021-05-10,Mono,051,14174,1254,1265,17,1282,3
2021-05-10,Monterey,053,433212,43064,42927,1820,44747,380
2021-05-10,Napa,055,140530,9838,9860,32,9892,81
2021-05-10,Nevada,057,99092,4760,4735,184,4919,70
2021-05-10,Orange,059,3164182,254936,253484,11146,264630,5008
2021-05-10,Placer,061,380077,22989,22590,1437,24027,286
2021-05-10,Plumas,063,18699,695,679,10,689,4
2021-05-10,Riverside,065,2383286,293304,287689,13774,301463,4427
2021-05-10,Sacramento,067,1510023,104774,104378,1699,106077,1613
2021-05-10,San Benito,069,59416,6040,6058,111,6169,63
2021-05-10,San Bernardino,071,2135413,292504,291360,8871,300231,4707
2021-05-10,San Diego,073,3302833,279288,278183,14718,292901,3725
2021-05-10,San Francisco,075,870044,36489,36683,1251,37934,543
2021-05-10,San Joaquin,077,732212,72563,71954,3429,75383,1356
2021-05-10,San Luis Obispo,079,281455,21261,20993,715,21708,256
2021-05-10,San Mateo,081,765935,42116,41926,461,42387,424
2021-05-10,Santa Barbara,083,443738,34331,34201,1112,35313,456
2021-05-10,Santa Clara,085,1922200,118130,118822,737,119559,2003
2021-05-10,Santa Cruz,087,273765,16175,16114,796,16910,206
2021-05-10,Shasta,089,179085,12071,12036,1512,13548,200
2021-05-10,Sierra,091,2930,56,54,12,66,0
2021-05-10,Siskiyou,093,43540,1851,1752,327,2079,13
2021-05-10,Solano,095,438530,32600,32466,533,32999,250
2021-05-10,Sonoma,097,501317,29800,29955,323,30278,318
2021-05-10,Stanislaus,099,539301,55793,55541,5803,61344,898
2021-05-10,Sutter,101,95872,9371,9412,80,9492,111
2021-05-10,Tehama,103,63373,5014,4980,551,5531,62
2021-05-10,Trinity,105,12862,482,327,83,410,3
2021-05-10,Tulare,107,460477,50019,48956,8794,57750,837
2021-05-10,Tuolumne,109,53932,4011,4054,41,4095,63
2021-05-10,Ventura,111,848112,81102,80501,2934,83435,1008
2021-05-10,Yolo,113,214977,13889,13898,217,14115,209
2021-05-10,Yuba,115,75493,5973,5942,119,6061,46
2021-05-09,Alameda,001,1643700,87381,87292,1888,89180,1284
2021-05-09,Alpine,002,1148,87,88,0,88,0
2021-05-09,Amador,005,37829,3653,3655,32,3687,46
2021-05-09,Butte,007,227075,12345,11985,1805,13790,199
2021-05-09,Calaveras,009,45235,2116,2116,13,2129,52
2021-05-09,Colusa,011,21464,1932,1940,295,2235,14
2021-05-09,Contra Costa,013,1133247,68794,68302,1231,69533,806
2021-05-09,Del Norte,015,27424,1378,1338,12,1350,8
2021-05-09,El Dorado,017,186661,10164,10089,729,10818,113
2021-05-09,Fresno,019,978130,102173,101729,8525,110254,1682
2021-05-09,Glenn,021,27897,2408,2382,547,2929,17
2021-05-09,Humboldt,023,135768,4020,3950,33,3983,36
2021-05-09,Imperial,025,180216,28466,28388,2650,31038,722
2021-05-09,Inyo,027,18085,1403,1401,11,1412,36
2021-05-09,Kern,029,883053,96881,95903,10636,106539,1310
2021-05-09,Kings,031,150075,23076,22878,1068,23946,246
2021-05-09,Lake,033,64148,3486,3471,9,3480,43
2021-05-09,Lassen,035,31185,5180,5147,106,5253,5
2021-05-09,Los Angeles,037,10098052,1204229,1194820,40155,1234975,24026
2021-05-09,Madera,039,155013,16535,16444,909,17353,238
2021-05-09,Marin,041,260295,14028,13979,244,14223,228
2021-05-09,Mariposa,043,17540,424,420,11,431,5
2021-05-09,Mendocino,045,87422,3895,3814,81,3895,46
2021-05-09,Merced,047,269075,30774,30883,1023,31906,448
2021-05-09,Modoc,049,8938,368,360,123,483,3
2021-05-09,Mono,051,14174,1254,1264,17,1281,3
2021-05-09,Monterey,053,433212,43046,42918,1820,44738,380
2021-05-09,Napa,055,140530,9827,9857,32,9889,81
2021-05-09,Nevada,057,99092,4753,4727,184,4911,70
2021-05-09,Orange,059,3164182,254882,253451,11138,264589,5008
2021-05-09,Placer,061,380077,22963,22566,1434,24000,286
2021-05-09,Plumas,063,18699,694,679,10,689,4
2021-05-09,Riverside,065,2383286,293224,287644,13768,301412,4427
2021-05-09,Sacramento,067,1510023,104625,104309,1693,106002,1612
2021-05-09,San Benito,069,59416,6038,6056,111,6167,63
2021-05-09,San Bernardino,071,2135413,292421,291337,8865,300202,4707
2021-05-09,San Diego,073,3302833,279121,277950,14696,292646,3725
2021-05-09,San Francisco,075,870044,36463,36669,1249,37918,543
2021-05-09,San Joaquin,077,732212,72517,71927,3428,75355,1356
2021-05-09,San Luis Obispo,079,281455,21250,20999,715,21714,256
2021-05-09,San Mateo,081,765935,42086,41903,461,42364,424
2021-05-09,Santa Barbara,083,443738,34318,34196,1111,35307,456
2021-05-09,Santa Clara,085,1922200,118076,118798,736,119534,2003
2021-05-09,Santa Cruz,087,273765,16169,16094,796,16890,206
2021-05-09,Shasta,089,179085,12041,12034,1507,13541,200
2021-05-09,Sierra,091,2930,56,54,12,66,0
2021-05-09,Siskiyou,093,43540,1844,1741,324,2065,13
2021-05-09,Solano,095,438530,32561,32434,531,32965,250
2021-05-09,Sonoma,097,501317,29786,29953,322,30275,318
2021-05-09,Stanislaus,099,539301,55727,55511,5799,61310,898
2021-05-09,Sutter,101,95872,9365,9413,80,9493,111
2021-05-09,Tehama,103,63373,5009,4979,551,5530,62
2021-05-09,Trinity,105,12862,482,327,83,410,3
2021-05-09,Tulare,107,460477,49992,48948,8789,57737,837
2021-05-09,Tuolumne,109,53932,4009,4053,41,4094,63
2021-05-09,Ventura,111,848112,81087,80487,2933,83420,1008
2021-05-09,Yolo,113,214977,13878,13897,217,14114,209
2021-05-09,Yuba,115,75493,5967,5934,119,6053,46
2021-05-08,Alameda,001,1643700,87339,87213,1884,89097,1284
2021-05-08,Alpine,002,1148,87,88,0,88,0
2021-05-08,Amador,005,37829,3651,3652,32,3684,46
2021-05-08,Butte,007,227075,12333,11962,1804,13766,199
2021-05-08,Calaveras,009,45235,2115,2114,13,2127,52
2021-05-08,Colusa,011,21464,1932,1939,295,2234,14
2021-05-08,Contra Costa,013,1133247,68761,68223,1229,69452,803
2021-05-08,Del Norte,015,27424,1375,1335,12,1347,8
2021-05-08,El Dorado,017,186661,10150,10079,729,10808,113
2021-05-08,Fresno,019,978130,102137,101676,8520,110196,1682
2021-05-08,Glenn,021,27897,2406,2382,545,2927,17
2021-05-08,Humboldt,023,135768,4004,3939,33,3972,36
2021-05-08,Imperial,025,180216,28457,28373,2650,31023,721
2021-05-08,Inyo,027,18085,1403,1402,11,1413,36
2021-05-08,Kern,029,883053,96856,95880,10623,106503,1310
2021-05-08,Kings,031,150075,23073,22872,1067,23939,246
2021-05-08,Lake,033,64148,3485,3470,9,3479,43
2021-05-08,Lassen,035,31185,5179,5145,106,5251,5
2021-05-08,Los Angeles,037,10098052,1204075,1194584,40139,1234723,24022
2021-05-08,Madera,039,155013,16531,16442,909,17351,238
2021-05-08,Marin,041,260295,14025,13974,243,14217,228
2021-05-08,Mariposa,043,17540,424,420,11,431,5
2021-05-08,Mendocino,045,87422,3890,3810,80,3890,46
2021-05-08,Merced,047,269075,30764,30876,1023,31899,448
2021-05-08,Modoc,049,8938,368,360,122,482,3
2021-05-08,Mono,051,14174,1254,1262,17,1279,3
2021-05-08,Monterey,053,433212,43041,42914,1819,44733,380
2021-05-08,Napa,055,140530,9820,9853,32,9885,81
2021-05-08,Nevada,057,99092,4750,4716,184,4900,70
2021-05-08,Orange,059,3164182,254848,253412,11134,264546,5006
2021-05-08,Placer,061,380077,22945,22547,1432,23979,286
2021-05-08,Plumas,063,18699,693,679,10,689,4
2021-05-08,Riverside,065,2383286,293181,287574,13766,301340,4427
2021-05-08,Sacramento,067,1510023,104540,104208,1690,105898,1610
2021-05-08,San Benito,069,59416,6037,6048,111,6159,63
2021-05-08,San Bernardino,071,2135413,292378,291296,8865,300161,4707
2021-05-08,San Diego,073,3302833,279038,277760,14678,292438,3725
2021-05-08,San Francisco,075,870044,36440,36642,1249,37891,543
2021-05-08,San Joaquin,077,732212,72488,71869,3419,75288,1356
2021-05-08,San Luis Obispo,079,281455,21239,20992,715,21707,256
2021-05-08,San Mateo,081,765935,42075,41871,461,42332,424
2021-05-08,Santa Barbara,083,443738,34305,34185,1111,35296,456
2021-05-08,Santa Clara,085,1922200,118045,118751,736,119487,2003
2021-05-08,Santa Cruz,087,273765,16166,16089,796,16885,206
2021-05-08,Shasta,089,179085,12031,12030,1503,13533,200
2021-05-08,Sierra,091,2930,56,54,12,66,0
2021-05-08,Siskiyou,093,43540,1843,1741,320,2061,13
2021-05-08,Solano,095,438530,32537,32395,529,32924,249
2021-05-08,Sonoma,097,501317,29773,29942,322,30264,318
2021-05-08,Stanislaus,099,539301,55696,55467,5795,61262,898
2021-05-08,Sutter,101,95872,9362,9413,80,9493,111
2021-05-08,Tehama,103,63373,5007,4977,551,5528,62
2021-05-08,Trinity,105,12862,482,327,83,410,3
2021-05-08,Tulare,107,460477,49979,48929,8779,57708,837
2021-05-08,Tuolumne,109,53932,4008,4050,41,4091,63
2021-05-08,Ventura,111,848112,81076,80481,2930,83411,1008
2021-05-08,Yolo,113,214977,13875,13894,216,14110,209
2021-05-08,Yuba,115,75493,5959,5928,119,6047,46
2021-05-07,Alameda,001,1643700,87286,87128,1884,89012,1280
2021-05-07,Alpine,002,1148,87,88,0,88,0
2021-05-07,Amador,005,37829,3648,3651,32,3683,46
2021-05-07,Butte,007,227075,12312,11943,1801,13744,199
2021-05-07,Calaveras,009,45235,2113,2114,13,2127,52
2021-05-07,Colusa,011,21464,1932,1937,295,2232,14
2021-05-07,Contra Costa,013,1133247,68714,68156,1227,69383,804
2021-05-07,Del Norte,015,27424,1370,1329,12,1341,8
2021-05-07,El Dorado,017,186661,10137,10065,728,10793,112
2021-05-07,Fresno,019,978130,102104,101625,8519,110144,1684
2021-05-07,Glenn,021,27897,2403,2381,544,2925,17
2021-05-07,Humboldt,023,135768,3989,3919,33,3952,36
2021-05-07,Imperial,025,180216,28449,28352,2650,31002,721
2021-05-07,Inyo,027,18085,1403,1402,11,1413,36
2021-05-07,Kern,029,883053,96843,95839,10611,106450,1308
2021-05-07,Kings,031,150075,23072,22857,1066,23923,246
2021-05-07,Lake,033,64148,3483,3467,9,3476,43
2021-05-07,Lassen,035,31185,5178,5144,105,5249,5
2021-05-07,Los Angeles,037,10098052,1203895,1194294,40132,1234426,24008
2021-05-07,Madera,039,155013,16526,16439,909,17348,238
2021-05-07,Marin,041,260295,14021,13968,243,14211,228
2021-05-07,Mariposa,043,17540,423,419,11,430,5
2021-05-07,Mendocino,045,87422,3884,3805,80,3885,46
2021-05-07,Merced,047,269075,30761,30862,1023,31885,446
2021-05-07,Modoc,049,8938,368,360,122,482,3
2021-05-07,Mono,051,14174,1253,1261,17,1278,3
2021-05-07,Monterey,053,433212,43035,42909,1817,44726,380
2021-05-07,Napa,055,140530,9819,9849,32,9881,81
2021-05-07,Nevada,057,99092,4746,4704,184,4888,70
2021-05-07,Orange,059,3164182,254808,253338,11126,264464,5000
2021-05-07,Placer,061,380077,22925,22524,1430,23954,286
2021-05-07,Plumas,063,18699,693,678,10,688,4
2021-05-07,Riverside,065,2383286,293123,287479,13765,301244,4426
2021-05-07,Sacramento,067,1510023,104468,104068,1685,105753,1609
2021-05-07,San Benito,069,59416,6036,6048,111,6159,63
2021-05-07,San Bernardino,071,2135413,292336,291185,8860,300045,4697
2021-05-07,San Diego,073,3302833,278952,277534,14662,292196,3718
2021-05-07,San Francisco,075,870044,36427,36616,1248,37864,543
2021-05-07,San Joaquin,077,732212,72447,71804,3417,75221,1351
2021-05-07,San Luis Obispo,079,281455,21232,20979,715,21694,256
2021-05-07,San Mateo,081,765935,42060,41844,461,42305,424
2021-05-07,Santa Barbara,083,443738,34295,34166,1111,35277,453
2021-05-07,Santa Clara,085,1922200,118012,118691,735,119426,2002
2021-05-07,Santa Cruz,087,273765,16163,16074,796,16870,206
2021-05-07,Shasta,089,179085,12009,12005,1501,13506,200
2021-05-07,Sierra,091,2930,56,54,12,66,0
2021-05-07,Siskiyou,093,43540,1840,1723,320,2043,13
2021-05-07,Solano,095,438530,32509,32352,527,32879,249
2021-05-07,Sonoma,097,501317,29755,29925,320,30245,318
2021-05-07,Stanislaus,099,539301,55656,55407,5790,61197,896
2021-05-07,Sutter,101,95872,9362,9407,80,9487,111
2021-05-07,Tehama,103,63373,5000,4974,551,5525,57
2021-05-07,Trinity,105,12862,482,327,83,410,3
2021-05-07,Tulare,107,460477,49962,48913,8774,57687,837
2021-05-07,Tuolumne,109,53932,4006,4048,41,4089,63
2021-05-07,Ventura,111,848112,81052,80444,2930,83374,1008
2021-05-07,Yolo,113,214977,13869,13875,215,14090,209
2021-05-07,Yuba,115,75493,5949,5910,119,6029,46
2021-05-06,Alameda,001,1643700,87210,87028,1881,88909,1278
2021-05-06,Alpine,002,1148,87,88,0,88,0
2021-05-06,Amador,005,37829,3646,3650,32,3682,46
2021-05-06,Butte,007,227075,12292,11929,1796,13725,198
2021-05-06,Calaveras,009,45235,2113,2111,13,2124,52
2021-05-06,Colusa,011,21464,1932,1935,295,2230,14
2021-05-06,Contra Costa,013,1133247,68659,68076,1224,69300,802
2021-05-06,Del Norte,015,27424,1362,1324,12,1336,6
2021-05-06,El Dorado,017,186661,10130,10048,728,10776,112
2021-05-06,Fresno,019,978130,102060,101536,8515,110051,1680
2021-05-06,Glenn,021,27897,2402,2380,543,2923,17
2021-05-06,Humboldt,023,135768,3964,3898,33,3931,36
2021-05-06,Imperial,025,180216,28438,28311,2649,30960,720
2021-05-06,Inyo,027,18085,1403,1401,11,1412,36
2021-05-06,Kern,029,883053,96818,95801,10594,106395,1307
2021-05-06,Kings,031,150075,23065,22848,1065,23913,246
2021-05-06,Lake,033,64148,3482,3465,9,3474,43
2021-05-06,Lassen,035,31185,5177,5143,105,5248,1
2021-05-06,Los Angeles,037,10098052,1203653,1193954,40116,1234070,23991
2021-05-06,Madera,039,155013,16518,16430,909,17339,238
2021-05-06,Marin,041,260295,14017,13956,243,14199,228
2021-05-06,Mariposa,043,17540,422,419,11,430,5
2021-05-06,Mendocino,045,87422,3873,3802,80,3882,46
2021-05-06,Merced,047,269075,30746,30863,1022,31885,444
2021-05-06,Modoc,049,8938,368,360,122,482,3
2021-05-06,Mono,051,14174,1251,1261,17,1278,3
2021-05-06,Monterey,053,433212,43020,42899,1817,44716,379
2021-05-06,Napa,055,140530,9813,9843,32,9875,81
2021-05-06,Nevada,057,99092,4745,4687,184,4871,70
2021-05-06,Orange,059,3164182,254740,253286,11120,264406,4991
2021-05-06,Placer,061,380077,22903,22493,1430,23923,286
2021-05-06,Plumas,063,18699,693,678,10,688,4
2021-05-06,Riverside,065,2383286,293050,287399,13760,301159,4422
2021-05-06,Sacramento,067,1510023,104352,103956,1682,105638,1609
2021-05-06,San Benito,069,59416,6035,6045,111,6156,63
2021-05-06,San Bernardino,071,2135413,292266,291085,8859,299944,4683
2021-05-06,San Diego,073,3302833,278825,277324,14639,291963,3716
2021-05-06,San Francisco,075,870044,36412,36599,1248,37847,543
2021-05-06,San Joaquin,077,732212,72392,71729,3414,75143,1350
2021-05-06,San Luis Obispo,079,281455,21220,20965,713,21678,256
2021-05-06,San Mateo,081,765935,42041,41802,460,42262,424
2021-05-06,Santa Barbara,083,443738,34282,34152,1111,35263,453
2021-05-06,Santa Clara,085,1922200,117971,118591,735,119326,2001
2021-05-06,Santa Cruz,087,273765,16156,16050,796,16846,206
2021-05-06,Shasta,089,179085,11987,11983,1495,13478,199
2021-05-06,Sierra,091,2930,56,54,12,66,0
2021-05-06,Siskiyou,093,43540,1830,1711,319,2030,12
2021-05-06,Solano,095,438530,32483,32320,519,32839,249
2021-05-06,Sonoma,097,501317,29747,29911,320,30231,318
2021-05-06,Stanislaus,099,539301,55600,55323,5785,61108,834
2021-05-06,Sutter,101,95872,9356,9396,80,9476,111
2021-05-06,Tehama,103,63373,4995,4970,551,5521,53
2021-05-06,Trinity,105,12862,482,327,83,410,3
2021-05-06,Tulare,107,460477,49937,48890,8759,57649,836
2021-05-06,Tuolumne,109,53932,4002,4047,41,4088,63
2021-05-06,Ventura,111,848112,81021,80411,2927,83338,1005
2021-05-06,Yolo,113,214977,13861,13871,212,14083,209
2021-05-06,Yuba,115,75493,5937,5901,119,6020,46
2021-05-05,Alameda,001,1643700,87149,86950,1879,88829,1278
2021-05-05,Alpine,002,1148,87,88,0,88,0
2021-05-05,Amador,005,37829,3643,3650,32,3682,46
2021-05-05,Butte,007,227075,12274,11907,1793,13700,198
2021-05-05,Calaveras,009,45235,2109,2103,13,2116,52
2021-05-05,Colusa,011,21464,1931,1933,295,2228,14
2021-05-05,Contra Costa,013,1133247,68594,67997,1220,69217,803
2021-05-05,Del Norte,015,27424,1359,1317,12,1329,6
2021-05-05,El Dorado,017,186661,10119,10020,727,10747,111
2021-05-05,Fresno,019,978130,102011,101491,8506,109997,1680
2021-05-05,Glenn,021,27897,2399,2380,542,2922,17
2021-05-05,Humboldt,023,135768,3945,3886,32,3918,36
2021-05-05,Imperial,025,180216,28397,28295,2642,30937,720
2021-05-05,Inyo,027,18085,1402,1401,11,1412,36
2021-05-05,Kern,029,883053,96774,95753,10590,106343,1304
2021-05-05,Kings,031,150075,23059,22840,1064,23904,246
2021-05-05,Lake,033,64148,3479,3458,9,3467,43
2021-05-05,Lassen,035,31185,5177,5143,104,5247,1
2021-05-05,Los Angeles,037,10098052,1203386,1193608,40102,1233710,23977
2021-05-05,Madera,039,155013,16516,16423,909,17332,235
2021-05-05,Marin,041,260295,14009,13950,242,14192,228
2021-05-05,Mariposa,043,17540,422,418,11,429,5
2021-05-05,Mendocino,045,87422,3869,3799,80,3879,46
2021-05-05,Merced,047,269075,30725,30844,1022,31866,444
2021-05-05,Modoc,049,8938,367,361,121,482,3
2021-05-05,Mono,051,14174,1251,1260,17,1277,3
2021-05-05,Monterey,053,433212,43007,42870,1814,44684,379
2021-05-05,Napa,055,140530,9807,9833,32,9865,81
2021-05-05,Nevada,057,99092,4742,4666,184,4850,70
2021-05-05,Orange,059,3164182,254682,253237,11115,264352,4978
2021-05-05,Placer,061,380077,22871,22362,1426,23788,287
2021-05-05,Plumas,063,18699,693,677,10,687,4
2021-05-05,Riverside,065,2383286,292954,287353,13751,301104,4414
2021-05-05,Sacramento,067,1510023,104264,103476,1677,105153,1607
2021-05-05,San Benito,069,59416,6026,6046,111,6157,63
2021-05-05,San Bernardino,071,2135413,292191,291008,8854,299862,4677
2021-05-05,San Diego,073,3302833,278688,277098,14620,291718,3716
2021-05-05,San Francisco,075,870044,36397,36577,1247,37824,543
2021-05-05,San Joaquin,077,732212,72340,71638,3411,75049,1345
2021-05-05,San Luis Obispo,079,281455,21212,20958,713,21671,256
2021-05-05,San Mateo,081,765935,42012,41755,459,42214,415
2021-05-05,Santa Barbara,083,443738,34267,34139,1110,35249,453
2021-05-05,Santa Clara,085,1922200,117941,118482,732,119214,1992
2021-05-05,Santa Cruz,087,273765,16150,16013,796,16809,207
2021-05-05,Shasta,089,179085,11971,11939,1491,13430,200
2021-05-05,Sierra,091,2930,56,54,12,66,0
2021-05-05,Siskiyou,093,43540,1813,1706,311,2017,11
2021-05-05,Solano,095,438530,32448,32250,517,32767,249
2021-05-05,Sonoma,097,501317,29734,29879,320,30199,318
2021-05-05,Stanislaus,099,539301,55543,55231,5783,61014,807
2021-05-05,Sutter,101,95872,9350,9387,80,9467,111
2021-05-05,Tehama,103,63373,4991,4968,551,5519,53
2021-05-05,Trinity,105,12862,482,326,83,409,3
2021-05-05,Tulare,107,460477,49913,48875,8752,57627,835
2021-05-05,Tuolumne,109,53932,3999,4040,41,4081,63
2021-05-05,Ventura,111,848112,80993,80372,2923,83295,1005
2021-05-05,Yolo,113,214977,13857,13846,210,14056,209
2021-05-05,Yuba,115,75493,5927,5895,118,6013,44
2021-05-04,Alameda,001,1643700,87057,86894,1879,88773,1277
2021-05-04,Alpine,002,1148,87,88,0,88,0
2021-05-04,Amador,005,37829,3643,3650,32,3682,46
2021-05-04,Butte,007,227075,12250,11883,1792,13675,198
2021-05-04,Calaveras,009,45235,2105,2100,13,2113,52
2021-05-04,Colusa,011,21464,1930,1933,295,2228,14
2021-05-04,Contra Costa,013,1133247,68514,67931,1218,69149,799
2021-05-04,Del Norte,015,27424,1359,1314,12,1326,6
2021-05-04,El Dorado,017,186661,10108,10009,723,10732,110
2021-05-04,Fresno,019,978130,101956,101451,8499,109950,1677
2021-05-04,Glenn,021,27897,2396,2379,539,2918,17
2021-05-04,Humboldt,023,135768,3919,3877,32,3909,36
2021-05-04,Imperial,025,180216,28378,28276,2639,30915,720
2021-05-04,Inyo,027,18085,1402,1399,11,1410,36
2021-05-04,Kern,029,883053,96738,95720,10572,106292,1301
2021-05-04,Kings,031,150075,23045,22822,1061,23883,246
2021-05-04,Lake,033,64148,3478,3454,9,3463,43
2021-05-04,Lassen,035,31185,5176,5142,104,5246,1
2021-05-04,Los Angeles,037,10098052,1203096,1193453,40089,1233542,23957
2021-05-04,Madera,039,155013,16515,16418,909,17327,235
2021-05-04,Marin,041,260295,14001,13935,242,14177,228
2021-05-04,Mariposa,043,17540,422,418,11,429,5
2021-05-04,Mendocino,045,87422,3864,3794,80,3874,46
2021-05-04,Merced,047,269075,30708,30829,1022,31851,444
2021-05-04,Modoc,049,8938,366,360,120,480,3
2021-05-04,Mono,051,14174,1251,1260,17,1277,3
2021-05-04,Monterey,053,433212,42995,42845,1813,44658,380
2021-05-04,Napa,055,140530,9798,9824,32,9856,81
2021-05-04,Nevada,057,99092,4735,4656,184,4840,70
2021-05-04,Orange,059,3164182,254614,253177,11107,264284,4977
2021-05-04,Placer,061,380077,22843,22326,1423,23749,287
2021-05-04,Plumas,063,18699,692,675,10,685,4
2021-05-04,Riverside,065,2383286,292870,287285,13744,301029,4411
2021-05-04,Sacramento,067,1510023,104135,103383,1672,105055,1604
2021-05-04,San Benito,069,59416,6025,6039,111,6150,63
2021-05-04,San Bernardino,071,2135413,292114,290934,8847,299781,4668
2021-05-04,San Diego,073,3302833,278521,276879,14603,291482,3713
2021-05-04,San Francisco,075,870044,36379,36550,1247,37797,541
2021-05-04,San Joaquin,077,732212,72279,71582,3406,74988,1342
2021-05-04,San Luis Obispo,079,281455,21206,20923,711,21634,255
2021-05-04,San Mateo,081,765935,41986,41708,459,42167,415
2021-05-04,Santa Barbara,083,443738,34252,34131,1109,35240,453
2021-05-04,Santa Clara,085,1922200,117878,118431,731,119162,1988
2021-05-04,Santa Cruz,087,273765,16144,16005,796,16801,207
2021-05-04,Shasta,089,179085,11951,11923,1485,13408,198
2021-05-04,Sierra,091,2930,56,54,12,66,0
2021-05-04,Siskiyou,093,43540,1806,1694,309,2003,11
2021-05-04,Solano,095,438530,32407,32220,515,32735,249
2021-05-04,Sonoma,097,501317,29714,29867,319,30186,318
2021-05-04,Stanislaus,099,539301,55487,55165,5780,60945,807
2021-05-04,Sutter,101,95872,9345,9375,80,9455,111
2021-05-04,Tehama,103,63373,4988,4959,550,5509,53
2021-05-04,Trinity,105,12862,482,326,83,409,3
2021-05-04,Tulare,107,460477,49886,48857,8744,57601,835
2021-05-04,Tuolumne,109,53932,3997,4041,41,4082,61
2021-05-04,Ventura,111,848112,80964,80351,2921,83272,1005
2021-05-04,Yolo,113,214977,13844,13820,208,14028,208
2021-05-04,Yuba,115,75493,5921,5891,118,6009,44
2021-05-03,Alameda,001,1643700,86981,86845,1874,88719,1272
2021-05-03,Alpine,002,1148,87,88,0,88,0
2021-05-03,Amador,005,37829,3643,3651,32,3683,46
2021-05-03,Butte,007,227075,12240,11864,1789,13653,198
2021-05-03,Calaveras,009,45235,2103,2099,13,2112,50
2021-05-03,Colusa,011,21464,1929,1931,293,2224,14
2021-05-03,Contra Costa,013,1133247,68455,67895,1214,69109,799
2021-05-03,Del Norte,015,27424,1354,1306,11,1317,6
2021-05-03,El Dorado,017,186661,10090,9984,718,10702,110
2021-05-03,Fresno,019,978130,101900,101405,8489,109894,1678
2021-05-03,Glenn,021,27897,2396,2375,538,2913,17
2021-05-03,Humboldt,023,135768,3904,3865,32,3897,36
2021-05-03,Imperial,025,180216,28356,28280,2636,30916,720
2021-05-03,Inyo,027,18085,1401,1398,11,1409,36
2021-05-03,Kern,029,883053,96701,95693,10561,106254,1299
2021-05-03,Kings,031,150075,23036,22821,1061,23882,246
2021-05-03,Lake,033,64148,3476,3446,9,3455,43
2021-05-03,Lassen,035,31185,5175,5142,104,5246,1
2021-05-03,Los Angeles,037,10098052,1202828,1193261,40063,1233324,23942
2021-05-03,Madera,039,155013,16510,16414,908,17322,235
2021-05-03,Marin,041,260295,13995,13927,242,14169,228
2021-05-03,Mariposa,043,17540,422,418,11,429,5
2021-05-03,Mendocino,045,87422,3857,3792,80,3872,46
2021-05-03,Merced,047,269075,30697,30814,1020,31834,444
2021-05-03,Modoc,049,8938,366,360,120,480,3
2021-05-03,Mono,051,14174,1251,1259,17,1276,3
2021-05-03,Monterey,053,433212,42983,42837,1811,44648,380
2021-05-03,Napa,055,140530,9793,9815,32,9847,81
2021-05-03,Nevada,057,99092,4727,4650,184,4834,70
2021-05-03,Orange,059,3164182,254556,253107,11098,264205,4968
2021-05-03,Placer,061,380077,22812,22289,1417,23706,287
2021-05-03,Plumas,063,18699,691,675,10,685,4
2021-05-03,Riverside,065,2383286,292796,287233,13743,300976,4412
2021-05-03,Sacramento,067,1510023,103982,103303,1662,104965,1602
2021-05-03,San Benito,069,59416,6024,6038,111,6149,63
2021-05-03,San Bernardino,071,2135413,292046,290886,8844,299730,4659
2021-05-03,San Diego,073,3302833,278358,276693,14578,291271,3712
2021-05-03,San Francisco,075,870044,36353,36538,1247,37785,541
2021-05-03,San Joaquin,077,732212,72229,71504,3403,74907,1325
2021-05-03,San Luis Obispo,079,281455,21190,20915,708,21623,254
2021-05-03,San Mateo,081,765935,41963,41689,458,42147,413
2021-05-03,Santa Barbara,083,443738,34240,34119,1109,35228,453
2021-05-03,Santa Clara,085,1922200,117824,118373,730,119103,1988
2021-05-03,Santa Cruz,087,273765,16141,16000,796,16796,207
2021-05-03,Shasta,089,179085,11928,11890,1480,13370,197
2021-05-03,Sierra,091,2930,56,54,12,66,0
2021-05-03,Siskiyou,093,43540,1800,1683,303,1986,11
2021-05-03,Solano,095,438530,32366,32201,514,32715,249
2021-05-03,Sonoma,097,501317,29702,29855,316,30171,318
2021-05-03,Stanislaus,099,539301,55421,55116,5771,60887,774
2021-05-03,Sutter,101,95872,9333,9370,80,9450,111
2021-05-03,Tehama,103,63373,4980,4952,550,5502,53
2021-05-03,Trinity,105,12862,482,326,83,409,3
2021-05-03,Tulare,107,460477,49868,48844,8734,57578,835
2021-05-03,Tuolumne,109,53932,3996,4038,41,4079,61
2021-05-03,Ventura,111,848112,80942,80291,2921,83212,1005
2021-05-03,Yolo,113,214977,13830,13809,207,14016,208
2021-05-03,Yuba,115,75493,5916,5880,118,5998,44
2021-05-02,Alameda,001,1643700,86896,86784,1872,88656,1272
2021-05-02,Alpine,002,1148,87,88,0,88,0
2021-05-02,Amador,005,37829,3643,3650,32,3682,46
2021-05-02,Butte,007,227075,12216,11859,1787,13646,198
2021-05-02,Calaveras,009,45235,2099,2098,13,2111,50
2021-05-02,Colusa,011,21464,1928,1931,292,2223,14
2021-05-02,Contra Costa,013,1133247,68370,67843,1212,69055,800
2021-05-02,Del Norte,015,27424,1347,1305,11,1316,6
2021-05-02,El Dorado,017,186661,10075,9962,717,10679,110
2021-05-02,Fresno,019,978130,101827,101372,8478,109850,1678
2021-05-02,Glenn,021,27897,2395,2374,536,2910,17
2021-05-02,Humboldt,023,135768,3892,3858,31,3889,36
2021-05-02,Imperial,025,180216,28322,28275,2627,30902,721
2021-05-02,Inyo,027,18085,1399,1398,11,1409,36
2021-05-02,Kern,029,883053,96643,95668,10554,106222,1299
2021-05-02,Kings,031,150075,23018,22816,1060,23876,246
2021-05-02,Lake,033,64148,3474,3443,9,3452,43
2021-05-02,Lassen,035,31185,5174,5142,103,5245,1
2021-05-02,Los Angeles,037,10098052,1202476,1193056,40042,1233098,23943
2021-05-02,Madera,039,155013,16504,16410,908,17318,235
2021-05-02,Marin,041,260295,13985,13917,242,14159,228
2021-05-02,Mariposa,043,17540,422,419,11,430,5
2021-05-02,Mendocino,045,87422,3852,3787,80,3867,46
2021-05-02,Merced,047,269075,30677,30793,1016,31809,444
2021-05-02,Modoc,049,8938,365,360,120,480,3
2021-05-02,Mono,051,14174,1250,1259,17,1276,3
2021-05-02,Monterey,053,433212,42969,42837,1810,44647,380
2021-05-02,Napa,055,140530,9789,9805,32,9837,81
2021-05-02,Nevada,057,99092,4711,4635,184,4819,70
2021-05-02,Orange,059,3164182,254482,253025,11084,264109,4968
2021-05-02,Placer,061,380077,22783,22264,1414,23678,287
2021-05-02,Plumas,063,18699,691,675,10,685,4
2021-05-02,Riverside,065,2383286,292696,287197,13733,300930,4412
2021-05-02,Sacramento,067,1510023,103843,103153,1654,104807,1602
2021-05-02,San Benito,069,59416,6019,6037,111,6148,63
2021-05-02,San Bernardino,071,2135413,291947,290859,8842,299701,4655
2021-05-02,San Diego,073,3302833,278162,276521,14551,291072,3712
2021-05-02,San Francisco,075,870044,36327,36522,1247,37769,541
2021-05-02,San Joaquin,077,732212,72165,71447,3397,74844,1325
2021-05-02,San Luis Obispo,079,281455,21169,20910,707,21617,254
2021-05-02,San Mateo,081,765935,41947,41656,457,42113,412
2021-05-02,Santa Barbara,083,443738,34226,34106,1109,35215,453
2021-05-02,Santa Clara,085,1922200,117750,118321,730,119051,1988
2021-05-02,Santa Cruz,087,273765,16136,15995,795,16790,207
2021-05-02,Shasta,089,179085,11912,11885,1472,13357,197
2021-05-02,Sierra,091,2930,56,54,12,66,0
2021-05-02,Siskiyou,093,43540,1789,1661,302,1963,11
2021-05-02,Solano,095,438530,32327,32151,510,32661,249
2021-05-02,Sonoma,097,501317,29680,29842,316,30158,318
2021-05-02,Stanislaus,099,539301,55347,55057,5764,60821,774
2021-05-02,Sutter,101,95872,9327,9363,80,9443,111
2021-05-02,Tehama,103,63373,4975,4950,548,5498,53
2021-05-02,Trinity,105,12862,482,326,83,409,3
2021-05-02,Tulare,107,460477,49850,48834,8726,57560,835
2021-05-02,Tuolumne,109,53932,3993,4038,41,4079,61
2021-05-02,Ventura,111,848112,80904,80284,2920,83204,1005
2021-05-02,Yolo,113,214977,13818,13799,206,14005,208
2021-05-02,Yuba,115,75493,5906,5879,118,5997,44
2021-05-01,Alameda,001,1643700,86853,86704,1869,88573,1270
2021-05-01,Alpine,002,1148,87,88,0,88,0
2021-05-01,Amador,005,37829,3643,3650,32,3682,46
2021-05-01,Butte,007,227075,12202,11845,1782,13627,198
2021-05-01,Calaveras,009,45235,2097,2096,13,2109,50
2021-05-01,Colusa,011,21464,1927,1931,292,2223,14
2021-05-01,Contra Costa,013,1133247,68318,67779,1209,68988,800
2021-05-01,Del Norte,015,27424,1346,1292,11,1303,6
2021-05-01,El Dorado,017,186661,10061,9944,715,10659,110
2021-05-01,Fresno,019,978130,101782,101326,8472,109798,1678
2021-05-01,Glenn,021,27897,2392,2369,535,2904,17
2021-05-01,Humboldt,023,135768,3878,3845,31,3876,36
2021-05-01,Imperial,025,180216,28315,28262,2627,30889,721
2021-05-01,Inyo,027,18085,1399,1397,11,1408,36
2021-05-01,Kern,029,883053,96616,95645,10543,106188,1299
2021-05-01,Kings,031,150075,23015,22797,1059,23856,246
2021-05-01,Lake,033,64148,3472,3441,9,3450,43
2021-05-01,Lassen,035,31185,5172,5142,103,5245,1
2021-05-01,Los Angeles,037,10098052,1202306,1192781,40028,1232809,23946
2021-05-01,Madera,039,155013,16500,16408,908,17316,235
2021-05-01,Marin,041,260295,13977,13902,242,14144,228
2021-05-01,Mariposa,043,17540,422,418,11,429,5
2021-05-01,Mendocino,045,87422,3850,3782,80,3862,46
2021-05-01,Merced,047,269075,30660,30771,1015,31786,444
2021-05-01,Modoc,049,8938,365,361,120,481,3
2021-05-01,Mono,051,14174,1250,1258,17,1275,3
2021-05-01,Monterey,053,433212,42963,42828,1810,44638,379
2021-05-01,Napa,055,140530,9786,9800,32,9832,81
2021-05-01,Nevada,057,99092,4706,4625,184,4809,70
2021-05-01,Orange,059,3164182,254439,252969,11074,264043,4964
2021-05-01,Placer,061,380077,22757,22240,1412,23652,287
2021-05-01,Plumas,063,18699,690,675,10,685,4
2021-05-01,Riverside,065,2383286,292657,287129,13731,300860,4412
2021-05-01,Sacramento,067,1510023,103762,103043,1653,104696,1602
2021-05-01,San Benito,069,59416,6016,6030,111,6141,63
2021-05-01,San Bernardino,071,2135413,291904,290802,8841,299643,4652
2021-05-01,San Diego,073,3302833,278038,276367,14530,290897,3706
2021-05-01,San Francisco,075,870044,36312,36496,1247,37743,541
2021-05-01,San Joaquin,077,732212,72116,71389,3395,74784,1325
2021-05-01,San Luis Obispo,079,281455,21164,20896,707,21603,254
2021-05-01,San Mateo,081,765935,41918,41617,456,42073,411
2021-05-01,Santa Barbara,083,443738,34221,34085,1108,35193,453
2021-05-01,Santa Clara,085,1922200,117698,118265,728,118993,1988
2021-05-01,Santa Cruz,087,273765,16133,15984,795,16779,207
2021-05-01,Shasta,089,179085,11892,11878,1465,13343,197
2021-05-01,Sierra,091,2930,56,53,12,65,0
2021-05-01,Siskiyou,093,43540,1781,1653,301,1954,11
2021-05-01,Solano,095,438530,32297,32124,502,32626,249
2021-05-01,Sonoma,097,501317,29677,29835,316,30151,318
2021-05-01,Stanislaus,099,539301,55312,55005,5758,60763,774
2021-05-01,Sutter,101,95872,9324,9358,80,9438,110
2021-05-01,Tehama,103,63373,4974,4950,547,5497,53
2021-05-01,Trinity,105,12862,482,326,82,408,3
2021-05-01,Tulare,107,460477,49843,48818,8720,57538,835
2021-05-01,Tuolumne,109,53932,3987,4035,41,4076,61
2021-05-01,Ventura,111,848112,80886,80268,2920,83188,1005
2021-05-01,Yolo,113,214977,13811,13784,204,13988,208
2021-05-01,Yuba,115,75493,5904,5875,118,5993,44
2021-04-30,Alameda,001,1643700,86792,86602,1866,88468,1268
2021-04-30,Alpine,002,1148,87,88,0,88,0
2021-04-30,Amador,005,37829,3641,3650,32,3682,46
2021-04-30,Butte,007,227075,12183,11812,1778,13590,197
2021-04-30,Calaveras,009,45235,2096,2087,13,2100,50
2021-04-30,Colusa,011,21464,1927,1931,291,2222,14
2021-04-30,Contra Costa,013,1133247,68270,67684,1206,68890,800
2021-04-30,Del Norte,015,27424,1334,1276,11,1287,6
2021-04-30,El Dorado,017,186661,10047,9906,715,10621,110
2021-04-30,Fresno,019,978130,101736,101263,8468,109731,1670
2021-04-30,Glenn,021,27897,2391,2369,535,2904,17
2021-04-30,Humboldt,023,135768,3865,3834,31,3865,36
2021-04-30,Imperial,025,180216,28306,28244,2624,30868,721
2021-04-30,Inyo,027,18085,1399,1397,11,1408,36
2021-04-30,Kern,029,883053,96599,95605,10539,106144,1298
2021-04-30,Kings,031,150075,23012,22793,1058,23851,246
2021-04-30,Lake,033,64148,3468,3440,9,3449,43
2021-04-30,Lassen,035,31185,5171,5140,103,5243,1
2021-04-30,Los Angeles,037,10098052,1202096,1192393,40015,1232408,23919
2021-04-30,Madera,039,155013,16494,16395,908,17303,235
2021-04-30,Marin,041,260295,13969,13895,240,14135,228
2021-04-30,Mariposa,043,17540,422,417,11,428,5
2021-04-30,Mendocino,045,87422,3846,3777,80,3857,46
2021-04-30,Merced,047,269075,30647,30740,1014,31754,444
2021-04-30,Modoc,049,8938,364,360,120,480,3
2021-04-30,Mono,051,14174,1250,1258,17,1275,3
2021-04-30,Monterey,053,433212,42949,42810,1809,44619,379
2021-04-30,Napa,055,140530,9782,9792,32,9824,81
2021-04-30,Nevada,057,99092,4698,4608,184,4792,70
2021-04-30,Orange,059,3164182,254381,252883,11068,263951,4956
2021-04-30,Placer,061,380077,22738,22190,1408,23598,287
2021-04-30,Plumas,063,18699,690,677,10,687,4
2021-04-30,Riverside,065,2383286,292599,287030,13724,300754,4412
2021-04-30,Sacramento,067,1510023,103661,102864,1649,104513,1596
2021-04-30,San Benito,069,59416,6012,6024,110,6134,63
2021-04-30,San Bernardino,071,2135413,291844,290704,8840,299544,4640
2021-04-30,San Diego,073,3302833,277942,276157,14519,290676,3702
2021-04-30,San Francisco,075,870044,36301,36453,1246,37699,538
2021-04-30,San Joaquin,077,732212,72064,71311,3392,74703,1306
2021-04-30,San Luis Obispo,079,281455,21158,20884,707,21591,255
2021-04-30,San Mateo,081,765935,41904,41583,455,42038,380
2021-04-30,Santa Barbara,083,443738,34208,34061,1108,35169,451
2021-04-30,Santa Clara,085,1922200,117640,118170,724,118894,1988
2021-04-30,Santa Cruz,087,273765,16128,15975,795,16770,207
2021-04-30,Shasta,089,179085,11871,11848,1462,13310,197
2021-04-30,Sierra,091,2930,56,53,12,65,0
2021-04-30,Siskiyou,093,43540,1770,1628,298,1926,11
2021-04-30,Solano,095,438530,32265,32050,499,32549,249
2021-04-30,Sonoma,097,501317,29667,29816,314,30130,318
2021-04-30,Stanislaus,099,539301,55261,54938,5755,60693,774
2021-04-30,Sutter,101,95872,9322,9353,80,9433,110
2021-04-30,Tehama,103,63373,4971,4944,547,5491,53
2021-04-30,Trinity,105,12862,482,326,82,408,3
2021-04-30,Tulare,107,460477,49833,48797,8704,57501,836
2021-04-30,Tuolumne,109,53932,3986,4033,41,4074,61
2021-04-30,Ventura,111,848112,80846,80232,2915,83147,1004
2021-04-30,Yolo,113,214977,13799,13756,204,13960,208
2021-04-30,Yuba,115,75493,5896,5870,118,5988,44
2021-04-29,Alameda,001,1643700,86725,86490,1865,88355,1263
2021-04-29,Alpine,002,1148,87,88,0,88,0
2021-04-29,Amador,005,37829,3641,3649,32,3681,46
2021-04-29,Butte,007,227075,12168,11787,1776,13563,196
2021-04-29,Calaveras,009,45235,2093,2082,13,2095,50
2021-04-29,Colusa,011,21464,1927,1929,291,2220,14
2021-04-29,Contra Costa,013,1133247,68215,67606,1203,68809,795
2021-04-29,Del Norte,015,27424,1330,1271,11,1282,6
2021-04-29,El Dorado,017,186661,10027,9884,712,10596,107
2021-04-29,Fresno,019,978130,101682,101189,8457,109646,1667
2021-04-29,Glenn,021,27897,2388,2369,535,2904,17
2021-04-29,Humboldt,023,135768,3851,3815,31,3846,36
2021-04-29,Imperial,025,180216,28294,28235,2623,30858,720
2021-04-29,Inyo,027,18085,1399,1396,11,1407,36
2021-04-29,Kern,029,883053,96566,95547,10535,106082,1295
2021-04-29,Kings,031,150075,23002,22777,1053,23830,245
2021-04-29,Lake,033,64148,3460,3438,9,3447,43
2021-04-29,Lassen,035,31185,5171,5140,103,5243,1
2021-04-29,Los Angeles,037,10098052,1201818,1192068,39994,1232062,23899
2021-04-29,Madera,039,155013,16489,16383,907,17290,235
2021-04-29,Marin,041,260295,13965,13884,232,14116,228
2021-04-29,Mariposa,043,17540,421,416,11,427,5
2021-04-29,Mendocino,045,87422,3840,3774,80,3854,46
2021-04-29,Merced,047,269075,30628,30706,1013,31719,444
2021-04-29,Modoc,049,8938,364,360,120,480,3
2021-04-29,Mono,051,14174,1247,1259,17,1276,3
2021-04-29,Monterey,053,433212,42932,42797,1808,44605,379
2021-04-29,Napa,055,140530,9768,9789,32,9821,81
2021-04-29,Nevada,057,99092,4687,4590,184,4774,70
2021-04-29,Orange,059,3164182,254311,252823,11053,263876,4934
2021-04-29,Placer,061,380077,22713,22161,1406,23567,286
2021-04-29,Plumas,063,18699,689,676,10,686,4
2021-04-29,Riverside,065,2383286,292531,286947,13722,300669,4409
2021-04-29,Sacramento,067,1510023,103528,102686,1639,104325,1593
2021-04-29,San Benito,069,59416,6011,6023,110,6133,63
2021-04-29,San Bernardino,071,2135413,291772,290606,8835,299441,4609
2021-04-29,San Diego,073,3302833,277791,275961,14502,290463,3700
2021-04-29,San Francisco,075,870044,36276,36412,1246,37658,537
2021-04-29,San Joaquin,077,732212,71998,71225,3387,74612,1301
2021-04-29,San Luis Obispo,079,281455,21147,20876,707,21583,255
2021-04-29,San Mateo,081,765935,41876,41538,454,41992,358
2021-04-29,Santa Barbara,083,443738,34192,34039,1106,35145,448
2021-04-29,Santa Clara,085,1922200,117585,118082,721,118803,1984
2021-04-29,Santa Cruz,087,273765,16122,15961,795,16756,205
2021-04-29,Shasta,089,179085,11840,11836,1454,13290,193
2021-04-29,Sierra,091,2930,56,53,12,65,0
2021-04-29,Siskiyou,093,43540,1761,1615,295,1910,11
2021-04-29,Solano,095,438530,32224,32002,495,32497,248
2021-04-29,Sonoma,097,501317,29652,29785,311,30096,318
2021-04-29,Stanislaus,099,539301,55194,54836,5750,60586,774
2021-04-29,Sutter,101,95872,9315,9346,80,9426,110
2021-04-29,Tehama,103,63373,4963,4939,547,5486,53
2021-04-29,Trinity,105,12862,482,326,82,408,3
2021-04-29,Tulare,107,460477,49815,48785,8693,57478,832
2021-04-29,Tuolumne,109,53932,3985,4030,41,4071,58
2021-04-29,Ventura,111,848112,80812,80188,2913,83101,1002
2021-04-29,Yolo,113,214977,13779,13745,203,13948,205
2021-04-29,Yuba,115,75493,5886,5865,118,5983,44
2021-04-28,Alameda,001,1643700,86653,86390,1861,88251,1260
2021-04-28,Alpine,002,1148,87,88,0,88,0
2021-04-28,Amador,005,37829,3641,3646,32,3678,46
2021-04-28,Butte,007,227075,12148,11762,1771,13533,196
2021-04-28,Calaveras,009,45235,2089,2078,12,2090,50
2021-04-28,Colusa,011,21464,1924,1927,290,2217,14
2021-04-28,Contra Costa,013,1133247,68155,67539,1201,68740,795
2021-04-28,Del Norte,015,27424,1322,1267,11,1278,6
2021-04-28,El Dorado,017,186661,10002,9873,712,10585,107
2021-04-28,Fresno,019,978130,101636,101161,8447,109608,1666
2021-04-28,Glenn,021,27897,2385,2368,535,2903,17
2021-04-28,Humboldt,023,135768,3835,3796,31,3827,36
2021-04-28,Imperial,025,180216,28280,28177,2622,30799,720
2021-04-28,Inyo,027,18085,1399,1396,10,1406,36
2021-04-28,Kern,029,883053,96537,95494,10526,106020,1295
2021-04-28,Kings,031,150075,22990,22767,1051,23818,245
2021-04-28,Lake,033,64148,3457,3433,9,3442,43
2021-04-28,Lassen,035,31185,5171,5138,103,5241,1
2021-04-28,Los Angeles,037,10098052,1201516,1191729,39967,1231696,23858
2021-04-28,Madera,039,155013,16485,16372,907,17279,235
2021-04-28,Marin,041,260295,13954,13866,232,14098,227
2021-04-28,Mariposa,043,17540,418,415,11,426,5
2021-04-28,Mendocino,045,87422,3834,3770,78,3848,46
2021-04-28,Merced,047,269075,30610,30649,1013,31662,443
2021-04-28,Modoc,049,8938,364,360,120,480,3
2021-04-28,Mono,051,14174,1247,1258,17,1275,3
2021-04-28,Monterey,053,433212,42927,42776,1808,44584,379
2021-04-28,Napa,055,140530,9757,9777,32,9809,81
2021-04-28,Nevada,057,99092,4667,4570,184,4754,70
2021-04-28,Orange,059,3164182,254231,252747,11041,263788,4931
2021-04-28,Placer,061,380077,22686,22115,1405,23520,285
2021-04-28,Plumas,063,18699,689,676,10,686,4
2021-04-28,Riverside,065,2383286,292475,286868,13716,300584,4407
2021-04-28,Sacramento,067,1510023,103407,102613,1635,104248,1591
2021-04-28,San Benito,069,59416,6009,6021,110,6131,63
2021-04-28,San Bernardino,071,2135413,291693,290548,8825,299373,4582
2021-04-28,San Diego,073,3302833,277637,275821,14488,290309,3698
2021-04-28,San Francisco,075,870044,36246,36382,1245,37627,534
2021-04-28,San Joaquin,077,732212,71918,71171,3379,74550,1301
2021-04-28,San Luis Obispo,079,281455,21139,20851,707,21558,255
2021-04-28,San Mateo,081,765935,41851,41498,452,41950,358
2021-04-28,Santa Barbara,083,443738,34178,34003,1106,35109,448
2021-04-28,Santa Clara,085,1922200,117516,117997,719,118716,1969
2021-04-28,Santa Cruz,087,273765,16118,15943,794,16737,205
2021-04-28,Shasta,089,179085,11824,11815,1447,13262,192
2021-04-28,Sierra,091,2930,56,51,12,63,0
2021-04-28,Siskiyou,093,43540,1748,1603,292,1895,11
2021-04-28,Solano,095,438530,32192,31982,490,32472,248
2021-04-28,Sonoma,097,501317,29638,29773,307,30080,318
2021-04-28,Stanislaus,099,539301,55139,54745,5747,60492,774
2021-04-28,Sutter,101,95872,9310,9343,80,9423,110
2021-04-28,Tehama,103,63373,4958,4930,546,5476,53
2021-04-28,Trinity,105,12862,482,326,82,408,3
2021-04-28,Tulare,107,460477,49797,48754,8678,57432,832
2021-04-28,Tuolumne,109,53932,3982,4029,41,4070,58
2021-04-28,Ventura,111,848112,80777,80172,2911,83083,1000
2021-04-28,Yolo,113,214977,13765,13721,202,13923,205
2021-04-28,Yuba,115,75493,5880,5857,118,5975,44
2021-04-27,Alameda,001,1643700,86563,86301,1855,88156,1260
2021-04-27,Alpine,002,1148,87,88,0,88,0
2021-04-27,Amador,005,37829,3641,3645,32,3677,46
2021-04-27,Butte,007,227075,12123,11738,1765,13503,196
2021-04-27,Calaveras,009,45235,2087,2076,12,2088,50
2021-04-27,Colusa,011,21464,1923,1926,290,2216,14
2021-04-27,Contra Costa,013,1133247,68086,67470,1197,68667,791
2021-04-27,Del Norte,015,27424,1310,1266,11,1277,6
2021-04-27,El Dorado,017,186661,9973,9866,709,10575,106
2021-04-27,Fresno,019,978130,101571,101138,8437,109575,1663
2021-04-27,Glenn,021,27897,2385,2368,535,2903,17
2021-04-27,Humboldt,023,135768,3823,3780,31,3811,35
2021-04-27,Imperial,025,180216,28264,28149,2616,30765,720
2021-04-27,Inyo,027,18085,1399,1396,10,1406,36
2021-04-27,Kern,029,883053,96480,95466,10516,105982,1295
2021-04-27,Kings,031,150075,22975,22759,1049,23808,244
2021-04-27,Lake,033,64148,3456,3431,9,3440,43
2021-04-27,Lassen,035,31185,5171,5137,103,5240,1
2021-04-27,Los Angeles,037,10098052,1201193,1191504,39937,1231441,23825
2021-04-27,Madera,039,155013,16478,16365,907,17272,235
2021-04-27,Marin,041,260295,13933,13855,232,14087,227
2021-04-27,Mariposa,043,17540,417,413,11,424,5
2021-04-27,Mendocino,045,87422,3830,3765,78,3843,46
2021-04-27,Merced,047,269075,30569,30620,1013,31633,443
2021-04-27,Modoc,049,8938,363,360,120,480,3
2021-04-27,Mono,051,14174,1247,1257,17,1274,3
2021-04-27,Monterey,053,433212,42909,42752,1805,44557,379
2021-04-27,Napa,055,140530,9750,9774,30,9804,81
2021-04-27,Nevada,057,99092,4652,4557,184,4741,70
2021-04-27,Orange,059,3164182,254161,252667,11036,263703,4925
2021-04-27,Placer,061,380077,22656,22050,1401,23451,285
2021-04-27,Plumas,063,18699,688,675,10,685,4
2021-04-27,Riverside,065,2383286,292399,286820,13712,300532,4405
2021-04-27,Sacramento,067,1510023,103278,102595,1625,104220,1589
2021-04-27,San Benito,069,59416,6004,6016,110,6126,63
2021-04-27,San Bernardino,071,2135413,291626,290461,8820,299281,4575
2021-04-27,San Diego,073,3302833,277480,275685,14468,290153,3692
2021-04-27,San Francisco,075,870044,36218,36358,1244,37602,533
2021-04-27,San Joaquin,077,732212,71864,71104,3373,74477,1301
2021-04-27,San Luis Obispo,079,281455,21132,20841,707,21548,255
2021-04-27,San Mateo,081,765935,41816,41474,451,41925,358
2021-04-27,Santa Barbara,083,443738,34154,33973,1105,35078,448
2021-04-27,Santa Clara,085,1922200,117466,117945,718,118663,1969
2021-04-27,Santa Cruz,087,273765,16111,15905,793,16698,205
2021-04-27,Shasta,089,179085,11796,11802,1440,13242,192
2021-04-27,Sierra,091,2930,56,51,12,63,0
2021-04-27,Siskiyou,093,43540,1733,1597,291,1888,11
2021-04-27,Solano,095,438530,32144,31964,489,32453,248
2021-04-27,Sonoma,097,501317,29620,29761,306,30067,318
2021-04-27,Stanislaus,099,539301,55069,54695,5739,60434,752
2021-04-27,Sutter,101,95872,9305,9342,80,9422,110
2021-04-27,Tehama,103,63373,4955,4922,542,5464,53
2021-04-27,Trinity,105,12862,482,326,82,408,3
2021-04-27,Tulare,107,460477,49780,48744,8669,57413,832
2021-04-27,Tuolumne,109,53932,3979,4028,41,4069,58
2021-04-27,Ventura,111,848112,80748,80152,2909,83061,1000
2021-04-27,Yolo,113,214977,13751,13697,201,13898,205
2021-04-27,Yuba,115,75493,5880,5853,118,5971,44
2021-04-26,Alameda,001,1643700,86469,86230,1852,88082,1256
2021-04-26,Alpine,002,1148,87,88,0,88,0
2021-04-26,Amador,005,37829,3640,3645,32,3677,46
2021-04-26,Butte,007,227075,12099,11720,1760,13480,196
2021-04-26,Calaveras,009,45235,2081,2074,12,2086,50
2021-04-26,Colusa,011,21464,1923,1925,289,2214,14
2021-04-26,Contra Costa,013,1133247,68019,67392,1193,68585,789
2021-04-26,Del Norte,015,27424,1301,1263,11,1274,6
2021-04-26,El Dorado,017,186661,9952,9849,708,10557,106
2021-04-26,Fresno,019,978130,101516,101099,8424,109523,1662
2021-04-26,Glenn,021,27897,2383,2367,535,2902,17
2021-04-26,Humboldt,023,135768,3813,3764,30,3794,35
2021-04-26,Imperial,025,180216,28251,28148,2613,30761,720
2021-04-26,Inyo,027,18085,1398,1396,10,1406,36
2021-04-26,Kern,029,883053,96453,95429,10510,105939,1295
2021-04-26,Kings,031,150075,22972,22756,1046,23802,244
2021-04-26,Lake,033,64148,3451,3428,9,3437,43
2021-04-26,Lassen,035,31185,5171,5138,103,5241,1
2021-04-26,Los Angeles,037,10098052,1200864,1191253,39918,1231171,23802
2021-04-26,Madera,039,155013,16466,16353,906,17259,231
2021-04-26,Marin,041,260295,13918,13849,232,14081,227
2021-04-26,Mariposa,043,17540,416,410,11,421,5
2021-04-26,Mendocino,045,87422,3828,3757,77,3834,46
2021-04-26,Merced,047,269075,30552,30611,1010,31621,443
2021-04-26,Modoc,049,8938,363,360,120,480,3
2021-04-26,Mono,051,14174,1247,1258,17,1275,3
2021-04-26,Monterey,053,433212,42893,42740,1804,44544,379
2021-04-26,Napa,055,140530,9738,9769,30,9799,79
2021-04-26,Nevada,057,99092,4631,4548,184,4732,70
2021-04-26,Orange,059,3164182,254078,252592,11026,263618,4919
2021-04-26,Placer,061,380077,22628,22032,1396,23428,285
2021-04-26,Plumas,063,18699,688,670,10,680,4
2021-04-26,Riverside,065,2383286,292337,286724,13704,300428,4401
2021-04-26,Sacramento,067,1510023,103106,102459,1613,104072,1587
2021-04-26,San Benito,069,59416,6002,6013,110,6123,63
2021-04-26,San Bernardino,071,2135413,291574,290394,8819,299213,4572
2021-04-26,San Diego,073,3302833,277305,275541,14440,289981,3692
2021-04-26,San Francisco,075,870044,36190,36330,1243,37573,532
2021-04-26,San Joaquin,077,732212,71798,71050,3365,74415,1301
2021-04-26,San Luis Obispo,079,281455,21124,20830,706,21536,255
2021-04-26,San Mateo,081,765935,41786,41457,451,41908,357
2021-04-26,Santa Barbara,083,443738,34123,33948,1105,35053,448
2021-04-26,Santa Clara,085,1922200,117366,117874,715,118589,1968
2021-04-26,Santa Cruz,087,273765,16102,15877,793,16670,205
2021-04-26,Shasta,089,179085,11779,11787,1434,13221,192
2021-04-26,Sierra,091,2930,55,51,12,63,0
2021-04-26,Siskiyou,093,43540,1723,1592,288,1880,11
2021-04-26,Solano,095,438530,32099,31913,487,32400,247
2021-04-26,Sonoma,097,501317,29597,29755,304,30059,318
2021-04-26,Stanislaus,099,539301,54979,54638,5733,60371,744
2021-04-26,Sutter,101,95872,9300,9328,80,9408,110
2021-04-26,Tehama,103,63373,4950,4920,539,5459,53
2021-04-26,Trinity,105,12862,482,326,82,408,3
2021-04-26,Tulare,107,460477,49759,48735,8660,57395,831
2021-04-26,Tuolumne,109,53932,3978,4024,41,4065,58
2021-04-26,Ventura,111,848112,80723,80137,2906,83043,999
2021-04-26,Yolo,113,214977,13731,13684,198,13882,205
2021-04-26,Yuba,115,75493,5878,5851,118,5969,44
2021-04-25,Alameda,001,1643700,86368,86162,1846,88008,1256
2021-04-25,Alpine,002,1148,87,87,0,87,0
2021-04-25,Amador,005,37829,3639,3643,32,3675,46
2021-04-25,Butte,007,227075,12070,11709,1753,13462,196
2021-04-25,Calaveras,009,45235,2076,2072,11,2083,50
2021-04-25,Colusa,011,21464,1922,1924,289,2213,14
2021-04-25,Contra Costa,013,1133247,67927,67316,1192,68508,789
2021-04-25,Del Norte,015,27424,1295,1259,11,1270,6
2021-04-25,El Dorado,017,186661,9935,9837,706,10543,106
2021-04-25,Fresno,019,978130,101457,101061,8412,109473,1662
2021-04-25,Glenn,021,27897,2383,2366,535,2901,17
2021-04-25,Humboldt,023,135768,3800,3751,30,3781,35
2021-04-25,Imperial,025,180216,28225,28136,2611,30747,720
2021-04-25,Inyo,027,18085,1398,1396,10,1406,36
2021-04-25,Kern,029,883053,96387,95398,10498,105896,1295
2021-04-25,Kings,031,150075,22958,22755,1044,23799,244
2021-04-25,Lake,033,64148,3449,3427,9,3436,43
2021-04-25,Lassen,035,31185,5169,5138,103,5241,1
2021-04-25,Los Angeles,037,10098052,1200528,1190970,39898,1230868,23799
2021-04-25,Madera,039,155013,16454,16346,906,17252,231
2021-04-25,Marin,041,260295,13909,13852,232,14084,227
2021-04-25,Mariposa,043,17540,416,410,11,421,5
2021-04-25,Mendocino,045,87422,3821,3757,77,3834,46
2021-04-25,Merced,047,269075,30518,30586,1009,31595,443
2021-04-25,Modoc,049,8938,363,360,120,480,3
2021-04-25,Mono,051,14174,1247,1257,17,1274,3
2021-04-25,Monterey,053,433212,42880,42737,1802,44539,379
2021-04-25,Napa,055,140530,9733,9762,30,9792,79
2021-04-25,Nevada,057,99092,4619,4536,184,4720,70
2021-04-25,Orange,059,3164182,254002,252531,11020,263551,4919
2021-04-25,Placer,061,380077,22582,22011,1388,23399,285
2021-04-25,Plumas,063,18699,687,670,10,680,4
2021-04-25,Riverside,065,2383286,292244,286651,13698,300349,4401
2021-04-25,Sacramento,067,1510023,102938,102319,1603,103922,1587
2021-04-25,San Benito,069,59416,6000,6014,109,6123,63
2021-04-25,San Bernardino,071,2135413,291499,290357,8811,299168,4571
2021-04-25,San Diego,073,3302833,277092,275412,14407,289819,3692
2021-04-25,San Francisco,075,870044,36159,36310,1243,37553,532
2021-04-25,San Joaquin,077,732212,71703,70987,3355,74342,1301
2021-04-25,San Luis Obispo,079,281455,21105,20820,704,21524,255
2021-04-25,San Mateo,081,765935,41751,41465,450,41915,356
2021-04-25,Santa Barbara,083,443738,34097,33931,1105,35036,448
2021-04-25,Santa Clara,085,1922200,117287,117778,713,118491,1968
2021-04-25,Santa Cruz,087,273765,16096,15868,791,16659,205
2021-04-25,Shasta,089,179085,11756,11784,1429,13213,192
2021-04-25,Sierra,091,2930,55,51,12,63,0
2021-04-25,Siskiyou,093,43540,1712,1580,286,1866,11
2021-04-25,Solano,095,438530,32052,31864,479,32343,247
2021-04-25,Sonoma,097,501317,29579,29756,304,30060,318
2021-04-25,Stanislaus,099,539301,54883,54543,5725,60268,744
2021-04-25,Sutter,101,95872,9294,9326,80,9406,110
2021-04-25,Tehama,103,63373,4946,4916,537,5453,53
2021-04-25,Trinity,105,12862,482,326,82,408,3
2021-04-25,Tulare,107,460477,49743,48728,8647,57375,831
2021-04-25,Tuolumne,109,53932,3976,4022,41,4063,58
2021-04-25,Ventura,111,848112,80699,80110,2906,83016,999
2021-04-25,Yolo,113,214977,13705,13667,197,13864,205
2021-04-25,Yuba,115,75493,5875,5849,117,5966,44
2021-04-24,Alameda,001,1643700,86313,86016,1844,87860,1257
2021-04-24,Alpine,002,1148,87,86,0,86,0
2021-04-24,Amador,005,37829,3638,3640,32,3672,46
2021-04-24,Butte,007,227075,12054,11678,1751,13429,196
2021-04-24,Calaveras,009,45235,2072,2067,11,2078,50
2021-04-24,Colusa,011,21464,1921,1921,289,2210,14
2021-04-24,Contra Costa,013,1133247,67856,67222,1190,68412,789
2021-04-24,Del Norte,015,27424,1290,1255,11,1266,6
2021-04-24,El Dorado,017,186661,9924,9814,705,10519,106
2021-04-24,Fresno,019,978130,101426,100991,8406,109397,1662
2021-04-24,Glenn,021,27897,2383,2363,535,2898,17
2021-04-24,Humboldt,023,135768,3786,3722,30,3752,35
2021-04-24,Imperial,025,180216,28218,28124,2610,30734,720
2021-04-24,Inyo,027,18085,1397,1396,10,1406,36
2021-04-24,Kern,029,883053,96368,95365,10488,105853,1295
2021-04-24,Kings,031,150075,22955,22749,1044,23793,244
2021-04-24,Lake,033,64148,3448,3426,9,3435,43
2021-04-24,Lassen,035,31185,5168,5137,103,5240,1
2021-04-24,Los Angeles,037,10098052,1200296,1190603,39882,1230485,23802
2021-04-24,Madera,039,155013,16451,16338,906,17244,231
2021-04-24,Marin,041,260295,13901,13847,232,14079,227
2021-04-24,Mariposa,043,17540,416,409,11,420,5
2021-04-24,Mendocino,045,87422,3819,3754,75,3829,46
2021-04-24,Merced,047,269075,30498,30559,1009,31568,443
2021-04-24,Modoc,049,8938,363,360,120,480,3
2021-04-24,Mono,051,14174,1247,1256,17,1273,3
2021-04-24,Monterey,053,433212,42868,42727,1801,44528,379
2021-04-24,Napa,055,140530,9727,9756,30,9786,79
2021-04-24,Nevada,057,99092,4612,4522,184,4706,70
2021-04-24,Orange,059,3164182,253958,252441,11014,263455,4910
2021-04-24,Placer,061,380077,22569,21983,1387,23370,285
2021-04-24,Plumas,063,18699,686,670,10,680,4
2021-04-24,Riverside,065,2383286,292176,286552,13694,300246,4400
2021-04-24,Sacramento,067,1510023,102855,102179,1596,103775,1587
2021-04-24,San Benito,069,59416,5998,6007,109,6116,63
2021-04-24,San Bernardino,071,2135413,291451,290264,8810,299074,4568
2021-04-24,San Diego,073,3302833,276989,275252,14387,289639,3688
2021-04-24,San Francisco,075,870044,36130,36285,1238,37523,532
2021-04-24,San Joaquin,077,732212,71660,70911,3352,74263,1301
2021-04-24,San Luis Obispo,079,281455,21095,20797,703,21500,255
2021-04-24,San Mateo,081,765935,41738,41424,448,41872,355
2021-04-24,Santa Barbara,083,443738,34082,33911,1104,35015,448
2021-04-24,Santa Clara,085,1922200,117232,117674,711,118385,1968
2021-04-24,Santa Cruz,087,273765,16088,15840,791,16631,205
2021-04-24,Shasta,089,179085,11738,11770,1426,13196,192
2021-04-24,Sierra,091,2930,55,51,12,63,0
2021-04-24,Siskiyou,093,43540,1702,1574,285,1859,11
2021-04-24,Solano,095,438530,32029,31821,476,32297,247
2021-04-24,Sonoma,097,501317,29577,29739,304,30043,318
2021-04-24,Stanislaus,099,539301,54834,54455,5722,60177,744
2021-04-24,Sutter,101,95872,9291,9316,80,9396,110
2021-04-24,Tehama,103,63373,4941,4907,537,5444,53
2021-04-24,Trinity,105,12862,482,326,82,408,3
2021-04-24,Tulare,107,460477,49733,48705,8637,57342,830
2021-04-24,Tuolumne,109,53932,3972,4020,41,4061,58
2021-04-24,Ventura,111,848112,80686,80097,2904,83001,999
2021-04-24,Yolo,113,214977,13694,13653,197,13850,205
2021-04-24,Yuba,115,75493,5873,5837,117,5954,44
2021-04-23,Alameda,001,1643700,86239,85935,1841,87776,1256
2021-04-23,Alpine,002,1148,86,86,0,86,0
2021-04-23,Amador,005,37829,3637,3637,32,3669,46
2021-04-23,Butte,007,227075,12033,11672,1746,13418,196
2021-04-23,Calaveras,009,45235,2069,2064,11,2075,50
2021-04-23,Colusa,011,21464,1920,1921,289,2210,14
2021-04-23,Contra Costa,013,1133247,67802,67164,1188,68352,785
2021-04-23,Del Norte,015,27424,1289,1254,11,1265,6
2021-04-23,El Dorado,017,186661,9907,9788,702,10490,106
2021-04-23,Fresno,019,978130,101385,100928,8400,109328,1662
2021-04-23,Glenn,021,27897,2383,2361,534,2895,17
2021-04-23,Humboldt,023,135768,3776,3698,30,3728,35
2021-04-23,Imperial,025,180216,28203,28108,2609,30717,720
2021-04-23,Inyo,027,18085,1397,1395,10,1405,36
2021-04-23,Kern,029,883053,96343,95330,10482,105812,1295
2021-04-23,Kings,031,150075,22952,22735,1044,23779,244
2021-04-23,Lake,033,64148,3446,3425,9,3434,43
2021-04-23,Lassen,035,31185,5168,5141,103,5244,1
2021-04-23,Los Angeles,037,10098052,1200026,1190264,39858,1230122,23785
2021-04-23,Madera,039,155013,16442,16328,906,17234,231
2021-04-23,Marin,041,260295,13896,13838,232,14070,227
2021-04-23,Mariposa,043,17540,415,405,11,416,5
2021-04-23,Mendocino,045,87422,3817,3745,74,3819,46
2021-04-23,Merced,047,269075,30481,30530,1008,31538,443
2021-04-23,Modoc,049,8938,363,360,120,480,3
2021-04-23,Mono,051,14174,1245,1256,17,1273,3
2021-04-23,Monterey,053,433212,42862,42722,1801,44523,377
2021-04-23,Napa,055,140530,9722,9752,30,9782,79
2021-04-23,Nevada,057,99092,4603,4510,184,4694,70
2021-04-23,Orange,059,3164182,253914,252399,11007,263406,4904
2021-04-23,Placer,061,380077,22546,21959,1386,23345,282
2021-04-23,Plumas,063,18699,685,670,10,680,4
2021-04-23,Riverside,065,2383286,292117,286456,13689,300145,4399
2021-04-23,Sacramento,067,1510023,102768,102041,1593,103634,1586
2021-04-23,San Benito,069,59416,5996,6005,109,6114,63
2021-04-23,San Bernardino,071,2135413,291400,290189,8809,298998,4568
2021-04-23,San Diego,073,3302833,276850,275097,14364,289461,3684
2021-04-23,San Francisco,075,870044,36114,36252,1237,37489,532
2021-04-23,San Joaquin,077,732212,71604,70840,3349,74189,1295
2021-04-23,San Luis Obispo,079,281455,21086,20781,702,21483,255
2021-04-23,San Mateo,081,765935,41712,41386,448,41834,355
2021-04-23,Santa Barbara,083,443738,34072,33895,1102,34997,447
2021-04-23,Santa Clara,085,1922200,117170,117593,710,118303,1965
2021-04-23,Santa Cruz,087,273765,16081,15802,791,16593,205
2021-04-23,Shasta,089,179085,11731,11759,1425,13184,192
2021-04-23,Sierra,091,2930,55,51,12,63,0
2021-04-23,Siskiyou,093,43540,1690,1567,284,1851,11
2021-04-23,Solano,095,438530,31997,31784,472,32256,247
2021-04-23,Sonoma,097,501317,29563,29727,304,30031,318
2021-04-23,Stanislaus,099,539301,54772,54391,5714,60105,744
2021-04-23,Sutter,101,95872,9289,9312,80,9392,110
2021-04-23,Tehama,103,63373,4938,4906,537,5443,53
2021-04-23,Trinity,105,12862,482,326,82,408,3
2021-04-23,Tulare,107,460477,49716,48694,8630,57324,829
2021-04-23,Tuolumne,109,53932,3971,4020,41,4061,58
2021-04-23,Ventura,111,848112,80667,80095,2904,82999,996
2021-04-23,Yolo,113,214977,13682,13647,197,13844,205
2021-04-23,Yuba,115,75493,5870,5828,117,5945,44
2021-04-22,Alameda,001,1643700,86149,85829,1840,87669,1253
2021-04-22,Alpine,002,1148,86,86,0,86,0
2021-04-22,Amador,005,37829,3636,3633,32,3665,46
2021-04-22,Butte,007,227075,12019,11656,1743,13399,196
2021-04-22,Calaveras,009,45235,2067,2059,11,2070,50
2021-04-22,Colusa,011,21464,1918,1920,287,2207,14
2021-04-22,Contra Costa,013,1133247,67730,67029,1184,68213,782
2021-04-22,Del Norte,015,27424,1284,1252,11,1263,6
2021-04-22,El Dorado,017,186661,9895,9773,699,10472,106
2021-04-22,Fresno,019,978130,101340,100864,8389,109253,1657
2021-04-22,Glenn,021,27897,2382,2361,534,2895,17
2021-04-22,Humboldt,023,135768,3767,3680,30,3710,35
2021-04-22,Imperial,025,180216,28182,28096,2606,30702,720
2021-04-22,Inyo,027,18085,1396,1394,10,1404,36
2021-04-22,Kern,029,883053,96300,95292,10467,105759,1299
2021-04-22,Kings,031,150075,22942,22725,1044,23769,243
2021-04-22,Lake,033,64148,3444,3423,9,3432,43
2021-04-22,Lassen,035,31185,5168,5155,103,5258,1
2021-04-22,Los Angeles,037,10098052,1199704,1189878,39837,1229715,23762
2021-04-22,Madera,039,155013,16423,16316,906,17222,231
2021-04-22,Marin,041,260295,13888,13832,232,14064,227
2021-04-22,Mariposa,043,17540,414,403,11,414,5
2021-04-22,Mendocino,045,87422,3811,3729,74,3803,46
2021-04-22,Merced,047,269075,30446,30490,1007,31497,443
2021-04-22,Modoc,049,8938,363,360,120,480,3
2021-04-22,Mono,051,14174,1245,1254,17,1271,3
2021-04-22,Monterey,053,433212,42855,42708,1799,44507,377
2021-04-22,Napa,055,140530,9712,9734,30,9764,79
2021-04-22,Nevada,057,99092,4593,4504,182,4686,70
2021-04-22,Orange,059,3164182,253841,252307,10994,263301,4898
2021-04-22,Placer,061,380077,22516,21916,1382,23298,282
2021-04-22,Plumas,063,18699,684,670,10,680,4
2021-04-22,Riverside,065,2383286,292018,286362,13680,300042,4398
2021-04-22,Sacramento,067,1510023,102619,101870,1584,103454,1585
2021-04-22,San Benito,069,59416,5992,5998,109,6107,63
2021-04-22,San Bernardino,071,2135413,291331,290125,8800,298925,4571
2021-04-22,San Diego,073,3302833,276684,275913,14342,290255,3684
2021-04-22,San Francisco,075,870044,36091,36218,1234,37452,532
2021-04-22,San Joaquin,077,732212,71545,70751,3342,74093,1295
2021-04-22,San Luis Obispo,079,281455,21072,20761,702,21463,255
2021-04-22,San Mateo,081,765935,41686,41345,446,41791,355
2021-04-22,Santa Barbara,083,443738,34049,33870,1101,34971,446
2021-04-22,Santa Clara,085,1922200,117082,117457,706,118163,1954
2021-04-22,Santa Cruz,087,273765,16078,15737,790,16527,205
2021-04-22,Shasta,089,179085,11716,11738,1423,13161,192
2021-04-22,Sierra,091,2930,55,51,12,63,0
2021-04-22,Siskiyou,093,43540,1686,1564,283,1847,11
2021-04-22,Solano,095,438530,31952,31731,469,32200,247
2021-04-22,Sonoma,097,501317,29548,29705,300,30005,318
2021-04-22,Stanislaus,099,539301,54698,54313,5708,60021,744
2021-04-22,Sutter,101,95872,9285,9302,80,9382,110
2021-04-22,Tehama,103,63373,4932,4896,533,5429,53
2021-04-22,Trinity,105,12862,482,326,82,408,3
2021-04-22,Tulare,107,460477,49696,48669,8621,57290,828
2021-04-22,Tuolumne,109,53932,3967,4020,41,4061,58
2021-04-22,Ventura,111,848112,80641,80073,2902,82975,996
2021-04-22,Yolo,113,214977,13661,13616,197,13813,205
2021-04-22,Yuba,115,75493,5860,5825,117,5942,44
2021-04-21,Alameda,001,1643700,86070,85762,1838,87600,1249
2021-04-21,Alpine,002,1148,86,86,0,86,0
2021-04-21,Amador,005,37829,3633,3632,32,3664,46
2021-04-21,Butte,007,227075,11999,11643,1741,13384,196
2021-04-21,Calaveras,009,45235,2059,2057,11,2068,50
2021-04-21,Colusa,011,21464,1916,1920,286,2206,14
2021-04-21,Contra Costa,013,1133247,67664,66981,1183,68164,782
2021-04-21,Del Norte,015,27424,1280,1252,11,1263,6
2021-04-21,El Dorado,017,186661,9878,9760,696,10456,106
2021-04-21,Fresno,019,978130,101284,100838,8383,109221,1654
2021-04-21,Glenn,021,27897,2381,2361,534,2895,17
2021-04-21,Humboldt,023,135768,3748,3642,30,3672,35
2021-04-21,Imperial,025,180216,28170,28052,2605,30657,719
2021-04-21,Inyo,027,18085,1396,1392,10,1402,36
2021-04-21,Kern,029,883053,96254,95257,10457,105714,1297
2021-04-21,Kings,031,150075,22935,22713,1043,23756,243
2021-04-21,Lake,033,64148,3441,3421,9,3430,43
2021-04-21,Lassen,035,31185,5167,5156,103,5259,1
2021-04-21,Los Angeles,037,10098052,1199362,1189530,39818,1229348,23729
2021-04-21,Madera,039,155013,16418,16309,906,17215,231
2021-04-21,Marin,041,260295,13873,13822,232,14054,227
2021-04-21,Mariposa,043,17540,413,402,11,413,5
2021-04-21,Mendocino,045,87422,3809,3729,74,3803,46
2021-04-21,Merced,047,269075,30426,30471,1005,31476,442
2021-04-21,Modoc,049,8938,363,360,120,480,3
2021-04-21,Mono,051,14174,1245,1254,17,1271,3
2021-04-21,Monterey,053,433212,42840,42699,1797,44496,377
2021-04-21,Napa,055,140530,9706,9727,30,9757,79
2021-04-21,Nevada,057,99092,4579,4499,182,4681,70
2021-04-21,Orange,059,3164182,253764,252243,10981,263224,4889
2021-04-21,Placer,061,380077,22485,21896,1377,23273,282
2021-04-21,Plumas,063,18699,684,670,10,680,4
2021-04-21,Riverside,065,2383286,291924,286299,13673,299972,4388
2021-04-21,Sacramento,067,1510023,102490,101803,1578,103381,1579
2021-04-21,San Benito,069,59416,5989,5998,109,6107,63
2021-04-21,San Bernardino,071,2135413,291255,290049,8798,298847,4572
2021-04-21,San Diego,073,3302833,276474,275632,14304,289936,3681
2021-04-21,San Francisco,075,870044,36071,36194,1233,37427,529
2021-04-21,San Joaquin,077,732212,71490,70687,3332,74019,1295
2021-04-21,San Luis Obispo,079,281455,21057,20724,701,21425,255
2021-04-21,San Mateo,081,765935,41655,41318,445,41763,355
2021-04-21,Santa Barbara,083,443738,34030,33830,1100,34930,445
2021-04-21,Santa Clara,085,1922200,117004,117318,700,118018,1946
2021-04-21,Santa Cruz,087,273765,16069,15698,790,16488,204
2021-04-21,Shasta,089,179085,11697,11722,1421,13143,192
2021-04-21,Sierra,091,2930,55,51,12,63,0
2021-04-21,Siskiyou,093,43540,1679,1557,283,1840,11
2021-04-21,Solano,095,438530,31913,31712,468,32180,244
2021-04-21,Sonoma,097,501317,29536,29697,299,29996,318
2021-04-21,Stanislaus,099,539301,54637,54290,5702,59992,742
2021-04-21,Sutter,101,95872,9277,9297,80,9377,110
2021-04-21,Tehama,103,63373,4925,4893,532,5425,53
2021-04-21,Trinity,105,12862,482,326,82,408,3
2021-04-21,Tulare,107,460477,49681,48653,8608,57261,828
2021-04-21,Tuolumne,109,53932,3964,4019,41,4060,58
2021-04-21,Ventura,111,848112,80609,80039,2899,82938,996
2021-04-21,Yolo,113,214977,13641,13606,196,13802,200
2021-04-21,Yuba,115,75493,5853,5822,116,5938,44
2021-04-20,Alameda,001,1643700,85975,85652,1836,87488,1248
2021-04-20,Alpine,002,1148,85,85,0,85,0
2021-04-20,Amador,005,37829,3632,3631,32,3663,46
2021-04-20,Butte,007,227075,11981,11619,1739,13358,196
2021-04-20,Calaveras,009,45235,2058,2053,11,2064,50
2021-04-20,Colusa,011,21464,1916,1915,285,2200,14
2021-04-20,Contra Costa,013,1133247,67580,66889,1180,68069,782
2021-04-20,Del Norte,015,27424,1279,1250,11,1261,6
2021-04-20,El Dorado,017,186661,9850,9743,694,10437,106
2021-04-20,Fresno,019,978130,101226,100768,8373,109141,1650
2021-04-20,Glenn,021,27897,2379,2359,533,2892,17
2021-04-20,Humboldt,023,135768,3730,3612,30,3642,35
2021-04-20,Imperial,025,180216,28151,28024,2601,30625,719
2021-04-20,Inyo,027,18085,1396,1393,10,1403,36
2021-04-20,Kern,029,883053,96218,95223,10441,105664,1295
2021-04-20,Kings,031,150075,22929,22693,1040,23733,243
2021-04-20,Lake,033,64148,3439,3418,9,3427,43
2021-04-20,Lassen,035,31185,5167,5155,103,5258,1
2021-04-20,Los Angeles,037,10098052,1199015,1189256,39788,1229044,23694
2021-04-20,Madera,039,155013,16412,16301,906,17207,231
2021-04-20,Marin,041,260295,13859,13807,232,14039,227
2021-04-20,Mariposa,043,17540,412,402,11,413,5
2021-04-20,Mendocino,045,87422,3808,3726,74,3800,46
2021-04-20,Merced,047,269075,30399,30439,1004,31443,441
2021-04-20,Modoc,049,8938,363,359,120,479,3
2021-04-20,Mono,051,14174,1244,1254,17,1271,3
2021-04-20,Monterey,053,433212,42829,42663,1795,44458,363
2021-04-20,Napa,055,140530,9702,9711,30,9741,79
2021-04-20,Nevada,057,99092,4561,4485,182,4667,70
2021-04-20,Orange,059,3164182,253674,252134,10969,263103,4887
2021-04-20,Placer,061,380077,22451,21846,1373,23219,282
2021-04-20,Plumas,063,18699,683,670,10,680,4
2021-04-20,Riverside,065,2383286,291827,286194,13668,299862,4388
2021-04-20,Sacramento,067,1510023,102352,101629,1570,103199,1574
2021-04-20,San Benito,069,59416,5986,5988,109,6097,63
2021-04-20,San Bernardino,071,2135413,291174,289905,8796,298701,4569
2021-04-20,San Diego,073,3302833,276243,275369,14271,289640,3674
2021-04-20,San Francisco,075,870044,36051,36117,1232,37349,529
2021-04-20,San Joaquin,077,732212,71417,70590,3323,73913,1289
2021-04-20,San Luis Obispo,079,281455,21034,20691,693,21384,254
2021-04-20,San Mateo,081,765935,41624,41251,445,41696,355
2021-04-20,Santa Barbara,083,443738,34011,33803,1100,34903,445
2021-04-20,Santa Clara,085,1922200,116906,117228,696,117924,1944
2021-04-20,Santa Cruz,087,273765,16057,15647,790,16437,204
2021-04-20,Shasta,089,179085,11681,11677,1418,13095,189
2021-04-20,Sierra,091,2930,55,51,12,63,0
2021-04-20,Siskiyou,093,43540,1671,1551,282,1833,10
2021-04-20,Solano,095,438530,31856,31673,464,32137,243
2021-04-20,Sonoma,097,501317,29527,29676,297,29973,311
2021-04-20,Stanislaus,099,539301,54572,54236,5689,59925,735
2021-04-20,Sutter,101,95872,9273,9279,80,9359,109
2021-04-20,Tehama,103,63373,4920,4887,531,5418,52
2021-04-20,Trinity,105,12862,482,326,82,408,3
2021-04-20,Tulare,107,460477,49659,48650,8600,57250,831
2021-04-20,Tuolumne,109,53932,3964,4014,41,4055,58
2021-04-20,Ventura,111,848112,80581,80018,2897,82915,995
2021-04-20,Yolo,113,214977,13621,13581,195,13776,200
2021-04-20,Yuba,115,75493,5843,5814,116,5930,44
2021-04-19,Alameda,001,1643700,85857,85583,1832,87415,1247
2021-04-19,Alpine,002,1148,85,85,0,85,0
2021-04-19,Amador,005,37829,3631,3629,32,3661,46
2021-04-19,Butte,007,227075,11963,11601,1734,13335,196
2021-04-19,Calaveras,009,45235,2056,2050,11,2061,50
2021-04-19,Colusa,011,21464,1916,1913,284,2197,14
2021-04-19,Contra Costa,013,1133247,67502,66833,1178,68011,782
2021-04-19,Del Norte,015,27424,1277,1247,11,1258,6
2021-04-19,El Dorado,017,186661,9834,9726,689,10415,106
2021-04-19,Fresno,019,978130,101158,100702,8361,109063,1646
2021-04-19,Glenn,021,27897,2379,2358,532,2890,17
2021-04-19,Humboldt,023,135768,3710,3602,28,3630,35
2021-04-19,Imperial,025,180216,28130,27995,2601,30596,719
2021-04-19,Inyo,027,18085,1396,1392,10,1402,36
2021-04-19,Kern,029,883053,96188,95162,10426,105588,1290
2021-04-19,Kings,031,150075,22914,22688,1040,23728,243
2021-04-19,Lake,033,64148,3438,3416,9,3425,43
2021-04-19,Lassen,035,31185,5166,5156,103,5259,1
2021-04-19,Los Angeles,037,10098052,1198636,1188945,39763,1228708,23666
2021-04-19,Madera,039,155013,16401,16289,905,17194,231
2021-04-19,Marin,041,260295,13848,13804,231,14035,226
2021-04-19,Mariposa,043,17540,411,401,11,412,5
2021-04-19,Mendocino,045,87422,3806,3722,74,3796,46
2021-04-19,Merced,047,269075,30370,30422,1003,31425,441
2021-04-19,Modoc,049,8938,363,359,120,479,3
2021-04-19,Mono,051,14174,1243,1254,17,1271,3
2021-04-19,Monterey,053,433212,42816,42642,1790,44432,356
2021-04-19,Napa,055,140530,9694,9680,30,9710,79
2021-04-19,Nevada,057,99092,4545,4477,182,4659,70
2021-04-19,Orange,059,3164182,253556,252013,10954,262967,4883
2021-04-19,Placer,061,380077,22428,21814,1369,23183,282
2021-04-19,Plumas,063,18699,683,665,10,675,4
2021-04-19,Riverside,065,2383286,291732,286087,13658,299745,4371
2021-04-19,Sacramento,067,1510023,102217,101482,1560,103042,1572
2021-04-19,San Benito,069,59416,5978,5989,109,6098,63
2021-04-19,San Bernardino,071,2135413,291089,289738,8790,298528,4561
2021-04-19,San Diego,073,3302833,275995,275113,14238,289351,3674
2021-04-19,San Francisco,075,870044,36014,36094,1230,37324,529
2021-04-19,San Joaquin,077,732212,71337,70514,3317,73831,1289
2021-04-19,San Luis Obispo,079,281455,21008,20669,687,21356,254
2021-04-19,San Mateo,081,765935,41591,41226,444,41670,355
2021-04-19,Santa Barbara,083,443738,33997,33786,1100,34886,446
2021-04-19,Santa Clara,085,1922200,116795,117099,692,117791,1944
2021-04-19,Santa Cruz,087,273765,16045,15600,790,16390,204
2021-04-19,Shasta,089,179085,11666,11662,1410,13072,189
2021-04-19,Sierra,091,2930,55,51,12,63,0
2021-04-19,Siskiyou,093,43540,1661,1544,282,1826,10
2021-04-19,Solano,095,438530,31817,31643,459,32102,239
2021-04-19,Sonoma,097,501317,29508,29667,297,29964,311
2021-04-19,Stanislaus,099,539301,54496,54179,5685,59864,728
2021-04-19,Sutter,101,95872,9262,9269,80,9349,109
2021-04-19,Tehama,103,63373,4914,4878,531,5409,52
2021-04-19,Trinity,105,12862,482,326,81,407,3
2021-04-19,Tulare,107,460477,49643,48630,8587,57217,831
2021-04-19,Tuolumne,109,53932,3963,4010,41,4051,58
2021-04-19,Ventura,111,848112,80555,80000,2895,82895,996
2021-04-19,Yolo,113,214977,13608,13572,193,13765,200
2021-04-19,Yuba,115,75493,5836,5804,115,5919,44
2021-04-18,Alameda,001,1643700,85742,85481,1824,87305,1247
2021-04-18,Alpine,002,1148,85,85,0,85,0
2021-04-18,Amador,005,37829,3628,3627,32,3659,46
2021-04-18,Butte,007,227075,11945,11591,1729,13320,196
2021-04-18,Calaveras,009,45235,2050,2047,11,2058,50
2021-04-18,Colusa,011,21464,1912,1912,283,2195,14
2021-04-18,Contra Costa,013,1133247,67399,66750,1174,67924,782
2021-04-18,Del Norte,015,27424,1277,1240,11,1251,6
2021-04-18,El Dorado,017,186661,9811,9710,687,10397,106
2021-04-18,Fresno,019,978130,101100,100621,8355,108976,1646
2021-04-18,Glenn,021,27897,2374,2358,532,2890,17
2021-04-18,Humboldt,023,135768,3682,3590,28,3618,35
2021-04-18,Imperial,025,180216,28115,27991,2596,30587,719
2021-04-18,Inyo,027,18085,1395,1392,10,1402,36
2021-04-18,Kern,029,883053,96152,95129,10411,105540,1290
2021-04-18,Kings,031,150075,22905,22685,1040,23725,243
2021-04-18,Lake,033,64148,3437,3413,9,3422,43
2021-04-18,Lassen,035,31185,5163,5156,103,5259,1
2021-04-18,Los Angeles,037,10098052,1198176,1188620,39740,1228360,23648
2021-04-18,Madera,039,155013,16390,16277,904,17181,231
2021-04-18,Marin,041,260295,13841,13801,230,14031,226
2021-04-18,Mariposa,043,17540,410,400,10,410,5
2021-04-18,Mendocino,045,87422,3803,3722,74,3796,46
2021-04-18,Merced,047,269075,30333,30405,1002,31407,441
2021-04-18,Modoc,049,8938,363,359,120,479,3
2021-04-18,Mono,051,14174,1243,1254,17,1271,3
2021-04-18,Monterey,053,433212,42804,42638,1789,44427,356
2021-04-18,Napa,055,140530,9678,9674,30,9704,79
2021-04-18,Nevada,057,99092,4530,4464,182,4646,70
2021-04-18,Orange,059,3164182,253442,251940,10947,262887,4883
2021-04-18,Placer,061,380077,22385,21783,1364,23147,282
2021-04-18,Plumas,063,18699,682,665,10,675,4
2021-04-18,Riverside,065,2383286,291642,286043,13654,299697,4371
2021-04-18,Sacramento,067,1510023,102042,101354,1554,102908,1572
2021-04-18,San Benito,069,59416,5976,5989,109,6098,63
2021-04-18,San Bernardino,071,2135413,290995,289691,8781,298472,4556
2021-04-18,San Diego,073,3302833,275716,274961,14203,289164,3674
2021-04-18,San Francisco,075,870044,35977,36073,1226,37299,525
2021-04-18,San Joaquin,077,732212,71256,70466,3308,73774,1289
2021-04-18,San Luis Obispo,079,281455,20986,20656,681,21337,254
2021-04-18,San Mateo,081,765935,41562,41201,443,41644,352
2021-04-18,Santa Barbara,083,443738,33962,33769,1099,34868,446
2021-04-18,Santa Clara,085,1922200,116627,116996,687,117683,1944
2021-04-18,Santa Cruz,087,273765,16035,15580,789,16369,204
2021-04-18,Shasta,089,179085,11645,11658,1407,13065,189
2021-04-18,Sierra,091,2930,55,51,12,63,0
2021-04-18,Siskiyou,093,43540,1650,1538,281,1819,10
2021-04-18,Solano,095,438530,31767,31606,458,32064,239
2021-04-18,Sonoma,097,501317,29492,29660,295,29955,311
2021-04-18,Stanislaus,099,539301,54414,54132,5679,59811,728
2021-04-18,Sutter,101,95872,9248,9261,80,9341,109
2021-04-18,Tehama,103,63373,4905,4877,530,5407,52
2021-04-18,Trinity,105,12862,482,326,81,407,3
2021-04-18,Tulare,107,460477,49630,48618,8582,57200,829
2021-04-18,Tuolumne,109,53932,3962,4008,40,4048,58
2021-04-18,Ventura,111,848112,80524,79984,2892,82876,996
2021-04-18,Yolo,113,214977,13596,13562,191,13753,200
2021-04-18,Yuba,115,75493,5829,5804,115,5919,44
2021-04-17,Alameda,001,1643700,85669,85367,1822,87189,1247
2021-04-17,Alpine,002,1148,85,85,0,85,0
2021-04-17,Amador,005,37829,3626,3625,32,3657,46
2021-04-17,Butte,007,227075,11925,11573,1725,13298,196
2021-04-17,Calaveras,009,45235,2048,2045,11,2056,50
2021-04-17,Colusa,011,21464,1912,1912,283,2195,14
2021-04-17,Contra Costa,013,1133247,67351,66657,1166,67823,782
2021-04-17,Del Norte,015,27424,1277,1238,11,1249,6
2021-04-17,El Dorado,017,186661,9796,9692,684,10376,106
2021-04-17,Fresno,019,978130,101067,100562,8350,108912,1646
2021-04-17,Glenn,021,27897,2374,2357,532,2889,17
2021-04-17,Humboldt,023,135768,3658,3579,28,3607,35
2021-04-17,Imperial,025,180216,28104,27987,2596,30583,719
2021-04-17,Inyo,027,18085,1392,1392,10,1402,36
2021-04-17,Kern,029,883053,96134,95102,10407,105509,1290
2021-04-17,Kings,031,150075,22900,22678,1039,23717,243
2021-04-17,Lake,033,64148,3436,3409,9,3418,43
2021-04-17,Lassen,035,31185,5163,5154,103,5257,1
2021-04-17,Los Angeles,037,10098052,1197916,1188262,39710,1227972,23653
2021-04-17,Madera,039,155013,16386,16260,903,17163,231
2021-04-17,Marin,041,260295,13837,13797,230,14027,226
2021-04-17,Mariposa,043,17540,409,398,10,408,5
2021-04-17,Mendocino,045,87422,3800,3721,74,3795,46
2021-04-17,Merced,047,269075,30317,30392,1001,31393,441
2021-04-17,Modoc,049,8938,363,357,120,477,3
2021-04-17,Mono,051,14174,1243,1253,17,1270,3
2021-04-17,Monterey,053,433212,42795,42630,1787,44417,356
2021-04-17,Napa,055,140530,9674,9666,30,9696,79
2021-04-17,Nevada,057,99092,4522,4457,182,4639,70
2021-04-17,Orange,059,3164182,253373,251873,10935,262808,4878
2021-04-17,Placer,061,380077,22362,21736,1359,23095,282
2021-04-17,Plumas,063,18699,681,666,10,676,4
2021-04-17,Riverside,065,2383286,291573,285963,13646,299609,4371
2021-04-17,Sacramento,067,1510023,101932,101172,1543,102715,1572
2021-04-17,San Benito,069,59416,5970,5986,109,6095,63
2021-04-17,San Bernardino,071,2135413,290940,289624,8778,298402,4555
2021-04-17,San Diego,073,3302833,275569,274812,14169,288981,3674
2021-04-17,San Francisco,075,870044,35955,36032,1223,37255,523
2021-04-17,San Joaquin,077,732212,71216,70372,3298,73670,1288
2021-04-17,San Luis Obispo,079,281455,20973,20642,678,21320,254
2021-04-17,San Mateo,081,765935,41539,41157,443,41600,352
2021-04-17,Santa Barbara,083,443738,33931,33738,1097,34835,446
2021-04-17,Santa Clara,085,1922200,116535,116887,685,117572,1944
2021-04-17,Santa Cruz,087,273765,16029,15571,789,16360,204
2021-04-17,Shasta,089,179085,11630,11647,1406,13053,189
2021-04-17,Sierra,091,2930,55,51,12,63,0
2021-04-17,Siskiyou,093,43540,1645,1539,278,1817,10
2021-04-17,Solano,095,438530,31736,31541,455,31996,239
2021-04-17,Sonoma,097,501317,29485,29637,295,29932,311
2021-04-17,Stanislaus,099,539301,54377,54058,5674,59732,728
2021-04-17,Sutter,101,95872,9242,9252,80,9332,109
2021-04-17,Tehama,103,63373,4899,4875,529,5404,52
2021-04-17,Trinity,105,12862,482,326,81,407,3
2021-04-17,Tulare,107,460477,49618,48603,8578,57181,829
2021-04-17,Tuolumne,109,53932,3960,4005,40,4045,58
2021-04-17,Ventura,111,848112,80503,79964,2892,82856,996
2021-04-17,Yolo,113,214977,13586,13580,191,13771,200
2021-04-17,Yuba,115,75493,5824,5802,114,5916,44
2021-04-16,Alameda,001,1643700,85589,85243,1820,87063,1245
2021-04-16,Alpine,002,1148,85,85,0,85,0
2021-04-16,Amador,005,37829,3621,3621,32,3653,46
2021-04-16,Butte,007,227075,11913,11549,1723,13272,196
2021-04-16,Calaveras,009,45235,2046,2042,11,2053,50
2021-04-16,Colusa,011,21464,1910,1911,283,2194,14
2021-04-16,Contra Costa,013,1133247,67297,66569,1163,67732,782
2021-04-16,Del Norte,015,27424,1276,1237,11,1248,6
2021-04-16,El Dorado,017,186661,9776,9665,680,10345,106
2021-04-16,Fresno,019,978130,101017,100500,8344,108844,1643
2021-04-16,Glenn,021,27897,2374,2355,532,2887,17
2021-04-16,Humboldt,023,135768,3637,3570,27,3597,35
2021-04-16,Imperial,025,180216,28094,27962,2596,30558,719
2021-04-16,Inyo,027,18085,1392,1392,10,1402,36
2021-04-16,Kern,029,883053,96105,95066,10404,105470,1288
2021-04-16,Kings,031,150075,22896,22667,1038,23705,243
2021-04-16,Lake,033,64148,3430,3406,9,3415,43
2021-04-16,Lassen,035,31185,5162,5155,103,5258,1
2021-04-16,Los Angeles,037,10098052,1197616,1187818,39674,1227492,23627
2021-04-16,Madera,039,155013,16380,16250,902,17152,231
2021-04-16,Marin,041,260295,13834,13788,230,14018,226
2021-04-16,Mariposa,043,17540,408,396,9,405,5
2021-04-16,Mendocino,045,87422,3798,3719,74,3793,46
2021-04-16,Merced,047,269075,30302,30355,1001,31356,438
2021-04-16,Modoc,049,8938,363,355,120,475,3
2021-04-16,Mono,051,14174,1243,1253,17,1270,3
2021-04-16,Monterey,053,433212,42784,42620,1784,44404,351
2021-04-16,Napa,055,140530,9666,9653,30,9683,79
2021-04-16,Nevada,057,99092,4513,4443,182,4625,70
2021-04-16,Orange,059,3164182,253309,251770,10926,262696,4873
2021-04-16,Placer,061,380077,22335,21680,1355,23035,282
2021-04-16,Plumas,063,18699,680,665,10,675,4
2021-04-16,Riverside,065,2383286,291496,285818,13644,299462,4369
2021-04-16,Sacramento,067,1510023,101834,100993,1538,102531,1572
2021-04-16,San Benito,069,59416,5968,5982,109,6091,63
2021-04-16,San Bernardino,071,2135413,290893,289424,8777,298201,4550
2021-04-16,San Diego,073,3302833,275414,274567,14151,288718,3662
2021-04-16,San Francisco,075,870044,35929,35993,1220,37213,517
2021-04-16,San Joaquin,077,732212,71149,70280,3290,73570,1288
2021-04-16,San Luis Obispo,079,281455,20961,20623,677,21300,253
2021-04-16,San Mateo,081,765935,41510,41107,442,41549,352
2021-04-16,Santa Barbara,083,443738,33913,33703,1097,34800,446
2021-04-16,Santa Clara,085,1922200,116435,116693,682,117375,1941
2021-04-16,Santa Cruz,087,273765,16027,15539,789,16328,204
2021-04-16,Shasta,089,179085,11618,11623,1405,13028,189
2021-04-16,Sierra,091,2930,55,51,12,63,0
2021-04-16,Siskiyou,093,43540,1641,1530,276,1806,10
2021-04-16,Solano,095,438530,31697,31470,452,31922,239
2021-04-16,Sonoma,097,501317,29474,29617,295,29912,311
2021-04-16,Stanislaus,099,539301,54329,53983,5672,59655,728
2021-04-16,Sutter,101,95872,9236,9247,80,9327,109
2021-04-16,Tehama,103,63373,4898,4866,529,5395,52
2021-04-16,Trinity,105,12862,482,326,81,407,3
2021-04-16,Tulare,107,460477,49606,48583,8574,57157,830
2021-04-16,Tuolumne,109,53932,3957,4005,40,4045,58
2021-04-16,Ventura,111,848112,80478,79942,2887,82829,994
2021-04-16,Yolo,113,214977,13573,13559,189,13748,198
2021-04-16,Yuba,115,75493,5821,5795,113,5908,44
2021-04-15,Alameda,001,1643700,85482,85089,1818,86907,1246
2021-04-15,Alpine,002,1148,85,85,0,85,0
2021-04-15,Amador,005,37829,3620,3616,32,3648,46
2021-04-15,Butte,007,227075,11898,11529,1720,13249,196
2021-04-15,Calaveras,009,45235,2045,2039,11,2050,50
2021-04-15,Colusa,011,21464,1908,1909,282,2191,14
2021-04-15,Contra Costa,013,1133247,67224,66480,1159,67639,781
2021-04-15,Del Norte,015,27424,1269,1235,11,1246,6
2021-04-15,El Dorado,017,186661,9761,9639,678,10317,106
2021-04-15,Fresno,019,978130,100955,100431,8338,108769,1642
2021-04-15,Glenn,021,27897,2374,2354,532,2886,17
2021-04-15,Humboldt,023,135768,3616,3561,27,3588,35
2021-04-15,Imperial,025,180216,28066,27920,2593,30513,718
2021-04-15,Inyo,027,18085,1392,1393,10,1403,36
2021-04-15,Kern,029,883053,96072,94989,10391,105380,1289
2021-04-15,Kings,031,150075,22882,22648,1038,23686,242
2021-04-15,Lake,033,64148,3429,3399,9,3408,43
2021-04-15,Lassen,035,31185,5161,5152,103,5255,1
2021-04-15,Los Angeles,037,10098052,1197211,1187274,39638,1226912,23598
2021-04-15,Madera,039,155013,16365,16234,902,17136,231
2021-04-15,Marin,041,260295,13830,13783,229,14012,226
2021-04-15,Mariposa,043,17540,406,395,9,404,5
2021-04-15,Mendocino,045,87422,3797,3714,74,3788,46
2021-04-15,Merced,047,269075,30276,30325,1000,31325,437
2021-04-15,Modoc,049,8938,363,355,120,475,3
2021-04-15,Mono,051,14174,1242,1253,17,1270,3
2021-04-15,Monterey,053,433212,42774,42604,1782,44386,347
2021-04-15,Napa,055,140530,9658,9645,30,9675,79
2021-04-15,Nevada,057,99092,4501,4434,181,4615,70
2021-04-15,Orange,059,3164182,253214,251679,10914,262593,4857
2021-04-15,Placer,061,380077,22304,21614,1348,22962,281
2021-04-15,Plumas,063,18699,678,665,10,675,4
2021-04-15,Riverside,065,2383286,291392,285698,13637,299335,4363
2021-04-15,Sacramento,067,1510023,101704,100782,1524,102306,1570
2021-04-15,San Benito,069,59416,5965,5969,108,6077,63
2021-04-15,San Bernardino,071,2135413,290803,289288,8770,298058,4544
2021-04-15,San Diego,073,3302833,275167,274250,14092,288342,3653
2021-04-15,San Francisco,075,870044,35910,35947,1218,37165,510
2021-04-15,San Joaquin,077,732212,71068,70189,3282,73471,1288
2021-04-15,San Luis Obispo,079,281455,20945,20591,674,21265,253
2021-04-15,San Mateo,081,765935,41471,41050,441,41491,352
2021-04-15,Santa Barbara,083,443738,33895,33672,1093,34765,446
2021-04-15,Santa Clara,085,1922200,116329,116602,678,117280,1927
2021-04-15,Santa Cruz,087,273765,16017,15509,789,16298,203
2021-04-15,Shasta,089,179085,11604,11597,1401,12998,191
2021-04-15,Sierra,091,2930,55,51,12,63,0
2021-04-15,Siskiyou,093,43540,1635,1524,275,1799,10
2021-04-15,Solano,095,438530,31659,31394,451,31845,239
2021-04-15,Sonoma,097,501317,29460,29587,295,29882,311
2021-04-15,Stanislaus,099,539301,54275,53918,5663,59581,728
2021-04-15,Sutter,101,95872,9229,9237,80,9317,109
2021-04-15,Tehama,103,63373,4897,4854,528,5382,52
2021-04-15,Trinity,105,12862,482,326,81,407,3
2021-04-15,Tulare,107,460477,49585,48556,8574,57130,829
2021-04-15,Tuolumne,109,53932,3957,4003,40,4043,57
2021-04-15,Ventura,111,848112,80459,79917,2885,82802,989
2021-04-15,Yolo,113,214977,13554,13547,187,13734,198
2021-04-15,Yuba,115,75493,5818,5788,113,5901,44
2021-04-14,Alameda,001,1643700,85385,85009,1817,86826,1247
2021-04-14,Alpine,002,1148,85,85,0,85,0
2021-04-14,Amador,005,37829,3619,3613,32,3645,46
2021-04-14,Butte,007,227075,11885,11513,1719,13232,196
2021-04-14,Calaveras,009,45235,2044,2037,11,2048,50
2021-04-14,Colusa,011,21464,1908,1905,282,2187,14
2021-04-14,Contra Costa,013,1133247,67138,66400,1153,67553,781
2021-04-14,Del Norte,015,27424,1269,1228,11,1239,6
2021-04-14,El Dorado,017,186661,9746,9625,673,10298,106
2021-04-14,Fresno,019,978130,100898,100376,8326,108702,1640
2021-04-14,Glenn,021,27897,2374,2353,532,2885,17
2021-04-14,Humboldt,023,135768,3594,3551,26,3577,35
2021-04-14,Imperial,025,180216,28044,27907,2591,30498,718
2021-04-14,Inyo,027,18085,1392,1392,10,1402,36
2021-04-14,Kern,029,883053,96047,94947,10384,105331,1287
2021-04-14,Kings,031,150075,22873,22641,1036,23677,243
2021-04-14,Lake,033,64148,3424,3396,9,3405,43
2021-04-14,Lassen,035,31185,5160,5151,103,5254,1
2021-04-14,Los Angeles,037,10098052,1196812,1186821,39593,1226414,23579
2021-04-14,Madera,039,155013,16356,16218,902,17120,231
2021-04-14,Marin,041,260295,13828,13768,228,13996,226
2021-04-14,Mariposa,043,17540,405,394,9,403,5
2021-04-14,Mendocino,045,87422,3792,3711,74,3785,46
2021-04-14,Merced,047,269075,30260,30296,998,31294,436
2021-04-14,Modoc,049,8938,363,355,120,475,3
2021-04-14,Mono,051,14174,1241,1252,17,1269,3
2021-04-14,Monterey,053,433212,42758,42595,1778,44373,347
2021-04-14,Napa,055,140530,9647,9643,30,9673,79
2021-04-14,Nevada,057,99092,4494,4421,181,4602,70
2021-04-14,Orange,059,3164182,253109,251568,10895,262463,4849
2021-04-14,Placer,061,380077,22271,21575,1347,22922,280
2021-04-14,Plumas,063,18699,678,665,10,675,4
2021-04-14,Riverside,065,2383286,291282,285583,13631,299214,4358
2021-04-14,Sacramento,067,1510023,101529,100645,1510,102155,1570
2021-04-14,San Benito,069,59416,5963,5960,108,6068,62
2021-04-14,San Bernardino,071,2135413,290735,289078,8768,297846,4523
2021-04-14,San Diego,073,3302833,274956,273969,14063,288032,3648
2021-04-14,San Francisco,075,870044,35872,35898,1217,37115,510
2021-04-14,San Joaquin,077,732212,70998,70095,3276,73371,1288
2021-04-14,San Luis Obispo,079,281455,20922,20561,664,21225,253
2021-04-14,San Mateo,081,765935,41431,40982,438,41420,352
2021-04-14,Santa Barbara,083,443738,33866,33650,1093,34743,445
2021-04-14,Santa Clara,085,1922200,116212,116488,675,117163,1922
2021-04-14,Santa Cruz,087,273765,16007,15481,789,16270,203
2021-04-14,Shasta,089,179085,11578,11581,1399,12980,190
2021-04-14,Sierra,091,2930,55,51,12,63,0
2021-04-14,Siskiyou,093,43540,1627,1518,274,1792,10
2021-04-14,Solano,095,438530,31606,31357,444,31801,239
2021-04-14,Sonoma,097,501317,29452,29572,293,29865,311
2021-04-14,Stanislaus,099,539301,54204,53836,5654,59490,727
2021-04-14,Sutter,101,95872,9221,9230,80,9310,106
2021-04-14,Tehama,103,63373,4891,4853,527,5380,52
2021-04-14,Trinity,105,12862,482,326,81,407,3
2021-04-14,Tulare,107,460477,49559,48527,8571,57098,827
2021-04-14,Tuolumne,109,53932,3956,3997,40,4037,57
2021-04-14,Ventura,111,848112,80423,79891,2883,82774,986
2021-04-14,Yolo,113,214977,13538,13530,185,13715,198
2021-04-14,Yuba,115,75493,5816,5778,113,5891,44
2021-04-13,Alameda,001,1643700,85279,84921,1814,86735,1239
2021-04-13,Alpine,002,1148,85,85,0,85,0
2021-04-13,Amador,005,37829,3616,3609,32,3641,46
2021-04-13,Butte,007,227075,11867,11497,1716,13213,196
2021-04-13,Calaveras,009,45235,2042,2035,11,2046,50
2021-04-13,Colusa,011,21464,1906,1905,280,2185,14
2021-04-13,Contra Costa,013,1133247,67050,66304,1153,67457,778
2021-04-13,Del Norte,015,27424,1264,1221,11,1232,6
2021-04-13,El Dorado,017,186661,9720,9609,670,10279,106
2021-04-13,Fresno,019,978130,100817,100357,8320,108677,1636
2021-04-13,Glenn,021,27897,2373,2351,532,2883,17
2021-04-13,Humboldt,023,135768,3577,3540,26,3566,35
2021-04-13,Imperial,025,180216,28024,27887,2583,30470,718
2021-04-13,Inyo,027,18085,1392,1391,10,1401,36
2021-04-13,Kern,029,883053,96003,94908,10372,105280,1285
2021-04-13,Kings,031,150075,22857,22636,1035,23671,243
2021-04-13,Lake,033,64148,3421,3390,9,3399,43
2021-04-13,Lassen,035,31185,5159,5147,103,5250,1
2021-04-13,Los Angeles,037,10098052,1196358,1186482,39552,1226034,23526
2021-04-13,Madera,039,155013,16346,16207,900,17107,231
2021-04-13,Marin,041,260295,13820,13760,227,13987,224
2021-04-13,Mariposa,043,17540,404,394,6,400,5
2021-04-13,Mendocino,045,87422,3786,3702,74,3776,46
2021-04-13,Merced,047,269075,30230,30276,995,31271,435
2021-04-13,Modoc,049,8938,363,355,120,475,3
2021-04-13,Mono,051,14174,1241,1251,17,1268,3
2021-04-13,Monterey,053,433212,42747,42577,1778,44355,347
2021-04-13,Napa,055,140530,9637,9627,30,9657,79
2021-04-13,Nevada,057,99092,4482,4415,181,4596,69
2021-04-13,Orange,059,3164182,253014,251491,10878,262369,4836
2021-04-13,Placer,061,380077,22234,21534,1344,22878,280
2021-04-13,Plumas,063,18699,677,665,10,675,4
2021-04-13,Riverside,065,2383286,291162,285505,13625,299130,4348
2021-04-13,Sacramento,067,1510023,101354,100551,1505,102056,1569
2021-04-13,San Benito,069,59416,5960,5946,108,6054,62
2021-04-13,San Bernardino,071,2135413,290619,288929,8762,297691,4521
2021-04-13,San Diego,073,3302833,274702,273709,14028,287737,3623
2021-04-13,San Francisco,075,870044,35836,35869,1213,37082,506
2021-04-13,San Joaquin,077,732212,70890,70034,3268,73302,1288
2021-04-13,San Luis Obispo,079,281455,20895,20536,654,21190,253
2021-04-13,San Mateo,081,765935,41386,40955,438,41393,353
2021-04-13,Santa Barbara,083,443738,33843,33613,1090,34703,444
2021-04-13,Santa Clara,085,1922200,116083,116363,674,117037,1923
2021-04-13,Santa Cruz,087,273765,16000,15449,789,16238,203
2021-04-13,Shasta,089,179085,11558,11536,1396,12932,189
2021-04-13,Sierra,091,2930,55,51,12,63,0
2021-04-13,Siskiyou,093,43540,1619,1511,271,1782,10
2021-04-13,Solano,095,438530,31557,31335,440,31775,239
2021-04-13,Sonoma,097,501317,29444,29544,292,29836,311
2021-04-13,Stanislaus,099,539301,54132,53797,5645,59442,722
2021-04-13,Sutter,101,95872,9217,9226,80,9306,106
2021-04-13,Tehama,103,63373,4884,4850,524,5374,52
2021-04-13,Trinity,105,12862,482,326,81,407,3
2021-04-13,Tulare,107,460477,49546,48511,8568,57079,825
2021-04-13,Tuolumne,109,53932,3954,3995,40,4035,57
2021-04-13,Ventura,111,848112,80391,79854,2881,82735,986
2021-04-13,Yolo,113,214977,13526,13516,184,13700,198
2021-04-13,Yuba,115,75493,5807,5776,113,5889,44
2021-04-12,Alameda,001,1643700,85177,84817,1812,86629,1238
2021-04-12,Alpine,002,1148,85,85,0,85,0
2021-04-12,Amador,005,37829,3615,3607,32,3639,46
2021-04-12,Butte,007,227075,11852,11488,1712,13200,193
2021-04-12,Calaveras,009,45235,2038,2033,11,2044,50
2021-04-12,Colusa,011,21464,1904,1904,278,2182,14
2021-04-12,Contra Costa,013,1133247,66970,66176,1153,67329,777
2021-04-12,Del Norte,015,27424,1261,1216,11,1227,6
2021-04-12,El Dorado,017,186661,9703,9588,668,10256,106
2021-04-12,Fresno,019,978130,100756,100277,8297,108574,1633
2021-04-12,Glenn,021,27897,2372,2349,532,2881,17
2021-04-12,Humboldt,023,135768,3563,3533,25,3558,35
2021-04-12,Imperial,025,180216,27994,27851,2579,30430,717
2021-04-12,Inyo,027,18085,1392,1390,10,1400,36
2021-04-12,Kern,029,883053,95966,94861,10362,105223,1283
2021-04-12,Kings,031,150075,22849,22621,1034,23655,241
2021-04-12,Lake,033,64148,3417,3380,9,3389,43
2021-04-12,Lassen,035,31185,5158,5147,103,5250,1
2021-04-12,Los Angeles,037,10098052,1195855,1186145,39515,1225660,23505
2021-04-12,Madera,039,155013,16334,16174,898,17072,231
2021-04-12,Marin,041,260295,13807,13751,225,13976,224
2021-04-12,Mariposa,043,17540,403,394,6,400,5
2021-04-12,Mendocino,045,87422,3785,3699,74,3773,46
2021-04-12,Merced,047,269075,30199,30261,992,31253,435
2021-04-12,Modoc,049,8938,361,352,120,472,3
2021-04-12,Mono,051,14174,1241,1251,17,1268,3
2021-04-12,Monterey,053,433212,42733,42555,1776,44331,346
2021-04-12,Napa,055,140530,9623,9603,30,9633,80
2021-04-12,Nevada,057,99092,4471,4408,181,4589,69
2021-04-12,Orange,059,3164182,252927,251350,10857,262207,4826
2021-04-12,Placer,061,380077,22183,21475,1341,22816,278
2021-04-12,Plumas,063,18699,675,666,10,676,4
2021-04-12,Riverside,065,2383286,291051,285361,13619,298980,4336
2021-04-12,Sacramento,067,1510023,101180,100394,1500,101894,1566
2021-04-12,San Benito,069,59416,5952,5942,107,6049,62
2021-04-12,San Bernardino,071,2135413,290512,288736,8750,297486,4493
2021-04-12,San Diego,073,3302833,274441,273431,13999,287430,3621
2021-04-12,San Francisco,075,870044,35802,35841,1212,37053,506
2021-04-12,San Joaquin,077,732212,70818,69968,3261,73229,1288
2021-04-12,San Luis Obispo,079,281455,20850,20515,641,21156,253
2021-04-12,San Mateo,081,765935,41344,40920,434,41354,353
2021-04-12,Santa Barbara,083,443738,33811,33606,1090,34696,444
2021-04-12,Santa Clara,085,1922200,115955,116252,672,116924,1923
2021-04-12,Santa Cruz,087,273765,15980,15406,789,16195,203
2021-04-12,Shasta,089,179085,11541,11509,1392,12901,189
2021-04-12,Sierra,091,2930,55,51,12,63,0
2021-04-12,Siskiyou,093,43540,1608,1511,268,1779,7
2021-04-12,Solano,095,438530,31515,31305,437,31742,238
2021-04-12,Sonoma,097,501317,29416,29500,292,29792,310
2021-04-12,Stanislaus,099,539301,54066,53722,5638,59360,707
2021-04-12,Sutter,101,95872,9206,9221,80,9301,106
2021-04-12,Tehama,103,63373,4875,4834,520,5354,52
2021-04-12,Trinity,105,12862,482,324,81,405,3
2021-04-12,Tulare,107,460477,49526,48495,8558,57053,824
2021-04-12,Tuolumne,109,53932,3950,3993,40,4033,57
2021-04-12,Ventura,111,848112,80358,79818,2879,82697,985
2021-04-12,Yolo,113,214977,13512,13510,183,13693,198
2021-04-12,Yuba,115,75493,5801,5773,113,5886,43
2021-04-11,Alameda,001,1643700,85040,84756,1807,86563,1238
2021-04-11,Alpine,002,1148,85,85,0,85,0
2021-04-11,Amador,005,37829,3613,3605,32,3637,46
2021-04-11,Butte,007,227075,11817,11487,1708,13195,193
2021-04-11,Calaveras,009,45235,2034,2036,11,2047,50
2021-04-11,Colusa,011,21464,1903,1904,277,2181,14
2021-04-11,Contra Costa,013,1133247,66861,66107,1151,67258,777
2021-04-11,Del Norte,015,27424,1255,1214,11,1225,6
2021-04-11,El Dorado,017,186661,9689,9575,665,10240,106
2021-04-11,Fresno,019,978130,100688,100230,8287,108517,1633
2021-04-11,Glenn,021,27897,2368,2348,532,2880,17
2021-04-11,Humboldt,023,135768,3553,3523,25,3548,35
2021-04-11,Imperial,025,180216,27970,27841,2577,30418,717
2021-04-11,Inyo,027,18085,1392,1390,10,1400,36
2021-04-11,Kern,029,883053,95905,94830,10354,105184,1283
2021-04-11,Kings,031,150075,22840,22618,1031,23649,241
2021-04-11,Lake,033,64148,3413,3377,9,3386,43
2021-04-11,Lassen,035,31185,5154,5147,103,5250,1
2021-04-11,Los Angeles,037,10098052,1195343,1185757,39473,1225230,23503
2021-04-11,Madera,039,155013,16315,16166,897,17063,231
2021-04-11,Marin,041,260295,13800,13741,224,13965,226
2021-04-11,Mariposa,043,17540,403,394,6,400,5
2021-04-11,Mendocino,045,87422,3783,3696,74,3770,46
2021-04-11,Merced,047,269075,30161,30249,991,31240,435
2021-04-11,Modoc,049,8938,360,352,118,470,3
2021-04-11,Mono,051,14174,1240,1250,17,1267,3
2021-04-11,Monterey,053,433212,42727,42547,1769,44316,346
2021-04-11,Napa,055,140530,9612,9592,30,9622,80
2021-04-11,Nevada,057,99092,4457,4394,181,4575,69
2021-04-11,Orange,059,3164182,252800,251233,10846,262079,4826
2021-04-11,Placer,061,380077,22126,21458,1336,22794,278
2021-04-11,Plumas,063,18699,675,666,10,676,4
2021-04-11,Riverside,065,2383286,290917,285269,13609,298878,4336
2021-04-11,Sacramento,067,1510023,101009,100296,1488,101784,1566
2021-04-11,San Benito,069,59416,5944,5941,106,6047,62
2021-04-11,San Bernardino,071,2135413,290405,288686,8744,297430,4492
2021-04-11,San Diego,073,3302833,274143,273287,13940,287227,3621
2021-04-11,San Francisco,075,870044,35766,35815,1209,37024,498
2021-04-11,San Joaquin,077,732212,70732,69939,3250,73189,1288
2021-04-11,San Luis Obispo,079,281455,20824,20501,638,21139,253
2021-04-11,San Mateo,081,765935,41286,40901,433,41334,353
2021-04-11,Santa Barbara,083,443738,33776,33591,1089,34680,444
2021-04-11,Santa Clara,085,1922200,115819,116161,669,116830,1923
2021-04-11,Santa Cruz,087,273765,15968,15382,789,16171,203
2021-04-11,Shasta,089,179085,11497,11504,1391,12895,189
2021-04-11,Sierra,091,2930,55,51,12,63,0
2021-04-11,Siskiyou,093,43540,1601,1509,265,1774,7
2021-04-11,Solano,095,438530,31461,31268,433,31701,238
2021-04-11,Sonoma,097,501317,29390,29496,288,29784,310
2021-04-11,Stanislaus,099,539301,53983,53683,5629,59312,707
2021-04-11,Sutter,101,95872,9197,9222,80,9302,106
2021-04-11,Tehama,103,63373,4872,4832,519,5351,52
2021-04-11,Trinity,105,12862,482,324,81,405,3
2021-04-11,Tulare,107,460477,49512,48479,8551,57030,824
2021-04-11,Tuolumne,109,53932,3948,3993,40,4033,57
2021-04-11,Ventura,111,848112,80310,79800,2874,82674,985
2021-04-11,Yolo,113,214977,13492,13496,181,13677,198
2021-04-11,Yuba,115,75493,5791,5768,113,5881,43
2021-04-10,Alameda,001,1643700,84976,84626,1807,86433,1238
2021-04-10,Alpine,002,1148,85,85,0,85,0
2021-04-10,Amador,005,37829,3611,3603,32,3635,46
2021-04-10,Butte,007,227075,11806,11482,1707,13189,193
2021-04-10,Calaveras,009,45235,2032,2032,11,2043,50
2021-04-10,Colusa,011,21464,1903,1902,277,2179,14
2021-04-10,Contra Costa,013,1133247,66800,66001,1148,67149,778
2021-04-10,Del Norte,015,27424,1252,1212,11,1223,6
2021-04-10,El Dorado,017,186661,9677,9549,662,10211,106
2021-04-10,Fresno,019,978130,100655,100135,8280,108415,1633
2021-04-10,Glenn,021,27897,2368,2343,532,2875,17
2021-04-10,Humboldt,023,135768,3543,3508,25,3533,35
2021-04-10,Imperial,025,180216,27956,27816,2577,30393,717
2021-04-10,Inyo,027,18085,1392,1387,10,1397,36
2021-04-10,Kern,029,883053,95891,94802,10348,105150,1284
2021-04-10,Kings,031,150075,22836,22614,1029,23643,241
2021-04-10,Lake,033,64148,3408,3368,9,3377,43
2021-04-10,Lassen,035,31185,5154,5146,102,5248,1
2021-04-10,Los Angeles,037,10098052,1195068,1185246,39456,1224702,23493
2021-04-10,Madera,039,155013,16307,16143,896,17039,231
2021-04-10,Marin,041,260295,13795,13731,224,13955,226
2021-04-10,Mariposa,043,17540,400,393,6,399,5
2021-04-10,Mendocino,045,87422,3781,3696,74,3770,46
2021-04-10,Merced,047,269075,30142,30225,990,31215,435
2021-04-10,Modoc,049,8938,360,352,118,470,3
2021-04-10,Mono,051,14174,1240,1249,17,1266,3
2021-04-10,Monterey,053,433212,42716,42527,1768,44295,346
2021-04-10,Napa,055,140530,9605,9569,30,9599,79
2021-04-10,Nevada,057,99092,4450,4379,181,4560,69
2021-04-10,Orange,059,3164182,252707,251139,10840,261979,4818
2021-04-10,Placer,061,380077,22095,21402,1330,22732,278
2021-04-10,Plumas,063,18699,675,666,10,676,4
2021-04-10,Riverside,065,2383286,290837,285082,13601,298683,4336
2021-04-10,Sacramento,067,1510023,100906,100048,1486,101534,1566
2021-04-10,San Benito,069,59416,5933,5932,105,6037,62
2021-04-10,San Bernardino,071,2135413,290341,288590,8737,297327,4489
2021-04-10,San Diego,073,3302833,273927,273058,13920,286978,3613
2021-04-10,San Francisco,075,870044,35736,35774,1206,36980,498
2021-04-10,San Joaquin,077,732212,70697,69852,3240,73092,1288
2021-04-10,San Luis Obispo,079,281455,20808,20461,637,21098,253
2021-04-10,San Mateo,081,765935,41253,40878,433,41311,350
2021-04-10,Santa Barbara,083,443738,33748,33541,1087,34628,444
2021-04-10,Santa Clara,085,1922200,115723,116015,668,116683,1923
2021-04-10,Santa Cruz,087,273765,15962,15360,789,16149,203
2021-04-10,Shasta,089,179085,11488,11492,1388,12880,189
2021-04-10,Sierra,091,2930,55,51,12,63,0
2021-04-10,Siskiyou,093,43540,1598,1512,265,1777,7
2021-04-10,Solano,095,438530,31427,31218,429,31647,238
2021-04-10,Sonoma,097,501317,29375,29469,288,29757,310
2021-04-10,Stanislaus,099,539301,53948,53596,5623,59219,707
2021-04-10,Sutter,101,95872,9195,9214,80,9294,106
2021-04-10,Tehama,103,63373,4870,4820,517,5337,52
2021-04-10,Trinity,105,12862,482,324,81,405,3
2021-04-10,Tulare,107,460477,49503,48470,8545,57015,824
2021-04-10,Tuolumne,109,53932,3945,3991,40,4031,57
2021-04-10,Ventura,111,848112,80282,79758,2872,82630,985
2021-04-10,Yolo,113,214977,13484,13494,180,13674,198
2021-04-10,Yuba,115,75493,5788,5757,112,5869,43
2021-04-09,Alameda,001,1643700,84909,84404,1799,86203,1237
2021-04-09,Alpine,002,1148,85,85,0,85,0
2021-04-09,Amador,005,37829,3610,3600,32,3632,46
2021-04-09,Butte,007,227075,11796,11454,1706,13160,193
2021-04-09,Calaveras,009,45235,2031,2028,11,2039,50
2021-04-09,Colusa,011,21464,1903,1898,277,2175,14
2021-04-09,Contra Costa,013,1133247,66707,65857,1142,66999,777
2021-04-09,Del Norte,015,27424,1251,1207,11,1218,6
2021-04-09,El Dorado,017,186661,9655,9528,658,10186,106
2021-04-09,Fresno,019,978130,100621,100027,8275,108302,1630
2021-04-09,Glenn,021,27897,2368,2337,532,2869,17
2021-04-09,Humboldt,023,135768,3534,3496,25,3521,35
2021-04-09,Imperial,025,180216,27941,27764,2575,30339,717
2021-04-09,Inyo,027,18085,1391,1386,10,1396,36
2021-04-09,Kern,029,883053,95853,94675,10346,105021,1282
2021-04-09,Kings,031,150075,22827,22595,1026,23621,242
2021-04-09,Lake,033,64148,3404,3362,9,3371,43
2021-04-09,Lassen,035,31185,5154,5140,102,5242,1
2021-04-09,Los Angeles,037,10098052,1194699,1184501,39428,1223929,23458
2021-04-09,Madera,039,155013,16304,16118,896,17014,231
2021-04-09,Marin,041,260295,13788,13721,224,13945,226
2021-04-09,Mariposa,043,17540,400,393,6,399,5
2021-04-09,Mendocino,045,87422,3779,3693,74,3767,46
2021-04-09,Merced,047,269075,30113,30179,989,31168,435
2021-04-09,Modoc,049,8938,359,352,118,470,3
2021-04-09,Mono,051,14174,1240,1247,17,1264,3
2021-04-09,Monterey,053,433212,42707,42481,1764,44245,344
2021-04-09,Napa,055,140530,9586,9574,30,9604,80
2021-04-09,Nevada,057,99092,4442,4373,181,4554,69
2021-04-09,Orange,059,3164182,252633,250852,10835,261687,4813
2021-04-09,Placer,061,380077,22064,21327,1322,22649,278
2021-04-09,Plumas,063,18699,674,666,10,676,4
2021-04-09,Riverside,065,2383286,290754,284562,13595,298157,4325
2021-04-09,Sacramento,067,1510023,100750,99722,1480,101202,1564
2021-04-09,San Benito,069,59416,5928,5925,104,6029,62
2021-04-09,San Bernardino,071,2135413,290272,288000,8734,296734,4467
2021-04-09,San Diego,073,3302833,273729,272697,13878,286575,3600
2021-04-09,San Francisco,075,870044,35695,35716,1201,36917,497
2021-04-09,San Joaquin,077,732212,70633,69675,3228,72903,1281
2021-04-09,San Luis Obispo,079,281455,20793,20427,637,21064,252
2021-04-09,San Mateo,081,765935,41217,40800,432,41232,350
2021-04-09,Santa Barbara,083,443738,33725,33424,1084,34508,444
2021-04-09,Santa Clara,085,1922200,115639,115749,666,116415,1923
2021-04-09,Santa Cruz,087,273765,15957,15331,789,16120,203
2021-04-09,Shasta,089,179085,11478,11478,1385,12863,188
2021-04-09,Sierra,091,2930,55,51,12,63,0
2021-04-09,Siskiyou,093,43540,1595,1510,264,1774,7
2021-04-09,Solano,095,438530,31394,31166,424,31590,238
2021-04-09,Sonoma,097,501317,29362,29433,288,29721,310
2021-04-09,Stanislaus,099,539301,53893,53504,5614,59118,705
2021-04-09,Sutter,101,95872,9188,9201,80,9281,106
2021-04-09,Tehama,103,63373,4864,4806,517,5323,52
2021-04-09,Trinity,105,12862,481,324,81,405,3
2021-04-09,Tulare,107,460477,49499,48430,8539,56969,824
2021-04-09,Tuolumne,109,53932,3944,3986,40,4026,57
2021-04-09,Ventura,111,848112,80254,79698,2872,82570,987
2021-04-09,Yolo,113,214977,13472,13478,178,13656,198
2021-04-09,Yuba,115,75493,5781,5754,112,5866,43
2021-04-08,Alameda,001,1643700,84801,84213,1796,86009,1232
2021-04-08,Alpine,002,1148,85,85,0,85,0
2021-04-08,Amador,005,37829,3606,3595,32,3627,46
2021-04-08,Butte,007,227075,11785,11414,1705,13119,193
2021-04-08,Calaveras,009,45235,2029,2027,11,2038,50
2021-04-08,Colusa,011,21464,1902,1897,277,2174,14
2021-04-08,Contra Costa,013,1133247,66599,65706,1139,66845,775
2021-04-08,Del Norte,015,27424,1245,1201,11,1212,6
2021-04-08,El Dorado,017,186661,9639,9513,653,10166,106
2021-04-08,Fresno,019,978130,100558,99935,8268,108203,1627
2021-04-08,Glenn,021,27897,2367,2337,532,2869,17
2021-04-08,Humboldt,023,135768,3524,3486,25,3511,35
2021-04-08,Imperial,025,180216,27913,27744,2572,30316,713
2021-04-08,Inyo,027,18085,1390,1386,10,1396,36
2021-04-08,Kern,029,883053,95807,94493,10333,104826,1281
2021-04-08,Kings,031,150075,22820,22589,1024,23613,243
2021-04-08,Lake,033,64148,3397,3360,9,3369,43
2021-04-08,Lassen,035,31185,5153,5136,102,5238,1
2021-04-08,Los Angeles,037,10098052,1194200,1184443,39390,1223833,23416
2021-04-08,Madera,039,155013,16292,16103,896,16999,231
2021-04-08,Marin,041,260295,13781,13704,224,13928,226
2021-04-08,Mariposa,043,17540,399,393,6,399,5
2021-04-08,Mendocino,045,87422,3777,3690,74,3764,45
2021-04-08,Merced,047,269075,30091,30163,989,31152,430
2021-04-08,Modoc,049,8938,359,352,118,470,3
2021-04-08,Mono,051,14174,1238,1247,17,1264,3
2021-04-08,Monterey,053,433212,42685,42437,1759,44196,342
2021-04-08,Napa,055,140530,9570,9569,30,9599,80
2021-04-08,Nevada,057,99092,4431,4367,181,4548,69
2021-04-08,Orange,059,3164182,252523,250529,10820,261349,4797
2021-04-08,Placer,061,380077,22022,21258,1313,22571,277
2021-04-08,Plumas,063,18699,674,665,10,675,4
2021-04-08,Riverside,065,2383286,290640,283853,13590,297443,4296
2021-04-08,Sacramento,067,1510023,100611,99319,1469,100788,1561
2021-04-08,San Benito,069,59416,5925,5914,102,6016,62
2021-04-08,San Bernardino,071,2135413,290175,287190,8731,295921,4445
2021-04-08,San Diego,073,3302833,273499,272495,13842,286337,3592
2021-04-08,San Francisco,075,870044,35671,35657,1200,36857,494
2021-04-08,San Joaquin,077,732212,70561,69479,3222,72701,1279
2021-04-08,San Luis Obispo,079,281455,20774,20402,635,21037,252
2021-04-08,San Mateo,081,765935,41177,40749,432,41181,350
2021-04-08,Santa Barbara,083,443738,33701,33309,1083,34392,444
2021-04-08,Santa Clara,085,1922200,115533,115487,665,116152,1905
2021-04-08,Santa Cruz,087,273765,15950,15296,789,16085,203
2021-04-08,Shasta,089,179085,11468,11466,1381,12847,186
2021-04-08,Sierra,091,2930,55,51,12,63,0
2021-04-08,Siskiyou,093,43540,1592,1511,264,1775,7
2021-04-08,Solano,095,438530,31344,31120,424,31544,238
2021-04-08,Sonoma,097,501317,29342,29410,287,29697,310
2021-04-08,Stanislaus,099,539301,53815,53401,5604,59005,706
2021-04-08,Sutter,101,95872,9184,9195,80,9275,106
2021-04-08,Tehama,103,63373,4860,4802,517,5319,52
2021-04-08,Trinity,105,12862,481,324,81,405,3
2021-04-08,Tulare,107,460477,49486,48409,8529,56938,821
2021-04-08,Tuolumne,109,53932,3944,3986,40,4026,57
2021-04-08,Ventura,111,848112,80217,79626,2868,82494,986
2021-04-08,Yolo,113,214977,13463,13468,177,13645,198
2021-04-08,Yuba,115,75493,5777,5743,112,5855,43
2021-04-07,Alameda,001,1643700,84717,84130,1794,85924,1224
2021-04-07,Alpine,002,1148,85,85,0,85,0
2021-04-07,Amador,005,37829,3603,3590,32,3622,46
2021-04-07,Butte,007,227075,11781,11405,1702,13107,193
2021-04-07,Calaveras,009,45235,2028,2022,11,2033,50
2021-04-07,Colusa,011,21464,1898,1894,276,2170,14
2021-04-07,Contra Costa,013,1133247,66513,65619,1138,66757,775
2021-04-07,Del Norte,015,27424,1243,1198,11,1209,6
2021-04-07,El Dorado,017,186661,9618,9500,647,10147,106
2021-04-07,Fresno,019,978130,100493,99865,8257,108122,1627
2021-04-07,Glenn,021,27897,2365,2337,531,2868,17
2021-04-07,Humboldt,023,135768,3511,3484,25,3509,35
2021-04-07,Imperial,025,180216,27889,27704,2566,30270,713
2021-04-07,Inyo,027,18085,1389,1386,10,1396,36
2021-04-07,Kern,029,883053,95771,94456,10318,104774,1275
2021-04-07,Kings,031,150075,22818,22589,1024,23613,243
2021-04-07,Lake,033,64148,3395,3358,9,3367,43
2021-04-07,Lassen,035,31185,5153,5137,102,5239,1
2021-04-07,Los Angeles,037,10098052,1193758,1183862,39370,1223232,23372
2021-04-07,Madera,039,155013,16273,16090,895,16985,231
2021-04-07,Marin,041,260295,13770,13688,223,13911,225
2021-04-07,Mariposa,043,17540,398,391,6,397,5
2021-04-07,Mendocino,045,87422,3776,3691,74,3765,45
2021-04-07,Merced,047,269075,30068,30132,985,31117,430
2021-04-07,Modoc,049,8938,359,351,118,469,3
2021-04-07,Mono,051,14174,1238,1246,17,1263,3
2021-04-07,Monterey,053,433212,42667,42427,1758,44185,341
2021-04-07,Napa,055,140530,9556,9556,30,9586,80
2021-04-07,Nevada,057,99092,4425,4364,181,4545,69
2021-04-07,Orange,059,3164182,252398,250378,10798,261176,4778
2021-04-07,Placer,061,380077,21978,21227,1305,22532,276
2021-04-07,Plumas,063,18699,674,665,10,675,4
2021-04-07,Riverside,065,2383286,290520,283749,13580,297329,4285
2021-04-07,Sacramento,067,1510023,100443,99202,1463,100665,1544
2021-04-07,San Benito,069,59416,5920,5912,101,6013,62
2021-04-07,San Bernardino,071,2135413,290056,286978,8726,295704,4433
2021-04-07,San Diego,073,3302833,273273,272195,13813,286008,3588
2021-04-07,San Francisco,075,870044,35631,35618,1196,36814,493
2021-04-07,San Joaquin,077,732212,70490,69375,3217,72592,1278
2021-04-07,San Luis Obispo,079,281455,20748,20373,632,21005,252
2021-04-07,San Mateo,081,765935,41133,40693,432,41125,350
2021-04-07,Santa Barbara,083,443738,33675,33289,1080,34369,444
2021-04-07,Santa Clara,085,1922200,115401,115311,663,115974,1900
2021-04-07,Santa Cruz,087,273765,15939,15275,789,16064,203
2021-04-07,Shasta,089,179085,11456,11456,1377,12833,184
2021-04-07,Sierra,091,2930,55,51,12,63,0
2021-04-07,Siskiyou,093,43540,1586,1512,263,1775,7
2021-04-07,Solano,095,438530,31293,31097,423,31520,238
2021-04-07,Sonoma,097,501317,29324,29394,286,29680,310
2021-04-07,Stanislaus,099,539301,53747,53344,5594,58938,686
2021-04-07,Sutter,101,95872,9181,9188,80,9268,106
2021-04-07,Tehama,103,63373,4852,4802,515,5317,52
2021-04-07,Trinity,105,12862,481,322,81,403,3
2021-04-07,Tulare,107,460477,49471,48386,8519,56905,820
2021-04-07,Tuolumne,109,53932,3942,3982,40,4022,57
2021-04-07,Ventura,111,848112,80183,79595,2866,82461,986
2021-04-07,Yolo,113,214977,13448,13450,175,13625,198
2021-04-07,Yuba,115,75493,5773,5737,112,5849,43
2021-04-06,Alameda,001,1643700,84604,84091,1791,85882,1223
2021-04-06,Alpine,002,1148,85,85,0,85,0
2021-04-06,Amador,005,37829,3602,3587,32,3619,45
2021-04-06,Butte,007,227075,11766,11396,1700,13096,193
2021-04-06,Calaveras,009,45235,2024,2021,11,2032,50
2021-04-06,Colusa,011,21464,1896,1894,274,2168,14
2021-04-06,Contra Costa,013,1133247,66435,65575,1137,66712,774
2021-04-06,Del Norte,015,27424,1238,1197,11,1208,6
2021-04-06,El Dorado,017,186661,9588,9489,645,10134,106
2021-04-06,Fresno,019,978130,100429,99814,8251,108065,1626
2021-04-06,Glenn,021,27897,2364,2335,530,2865,17
2021-04-06,Humboldt,023,135768,3502,3477,25,3502,35
2021-04-06,Imperial,025,180216,27856,27661,2557,30218,713
2021-04-06,Inyo,027,18085,1389,1379,10,1389,36
2021-04-06,Kern,029,883053,95727,94422,10312,104734,1259
2021-04-06,Kings,031,150075,22812,22587,1024,23611,240
2021-04-06,Lake,033,64148,3392,3358,9,3367,43
2021-04-06,Lassen,035,31185,5151,5137,102,5239,1
2021-04-06,Los Angeles,037,10098052,1193246,1183499,39331,1222830,23323
2021-04-06,Madera,039,155013,16253,16085,890,16975,230
2021-04-06,Marin,041,260295,13761,13675,219,13894,224
2021-04-06,Mariposa,043,17540,398,390,6,396,5
2021-04-06,Mendocino,045,87422,3774,3686,74,3760,45
2021-04-06,Merced,047,269075,30038,30100,980,31080,430
2021-04-06,Modoc,049,8938,358,351,118,469,3
2021-04-06,Mono,051,14174,1238,1246,17,1263,3
2021-04-06,Monterey,053,433212,42658,42412,1757,44169,341
2021-04-06,Napa,055,140530,9537,9509,30,9539,78
2021-04-06,Nevada,057,99092,4415,4356,179,4535,69
2021-04-06,Orange,059,3164182,252289,250304,10785,261089,4771
2021-04-06,Placer,061,380077,21930,21184,1303,22487,276
2021-04-06,Plumas,063,18699,674,665,10,675,4
2021-04-06,Riverside,065,2383286,290339,283622,13569,297191,4264
2021-04-06,Sacramento,067,1510023,100235,99110,1457,100567,1537
2021-04-06,San Benito,069,59416,5911,5907,101,6008,62
2021-04-06,San Bernardino,071,2135413,289943,286792,8716,295508,4428
2021-04-06,San Diego,073,3302833,273011,271867,13785,285652,3585
2021-04-06,San Francisco,075,870044,35588,35572,1196,36768,488
2021-04-06,San Joaquin,077,732212,70407,69316,3205,72521,1278
2021-04-06,San Luis Obispo,079,281455,20726,20350,629,20979,252
2021-04-06,San Mateo,081,765935,41085,40649,431,41080,350
2021-04-06,Santa Barbara,083,443738,33657,33257,1079,34336,443
2021-04-06,Santa Clara,085,1922200,115230,115184,662,115846,1900
2021-04-06,Santa Cruz,087,273765,15929,15252,789,16041,203
2021-04-06,Shasta,089,179085,11435,11443,1375,12818,184
2021-04-06,Sierra,091,2930,55,51,12,63,0
2021-04-06,Siskiyou,093,43540,1582,1510,262,1772,7
2021-04-06,Solano,095,438530,31246,31078,422,31500,237
2021-04-06,Sonoma,097,501317,29298,29386,284,29670,311
2021-04-06,Stanislaus,099,539301,53691,53304,5588,58892,686
2021-04-06,Sutter,101,95872,9171,9179,80,9259,106
2021-04-06,Tehama,103,63373,4843,4798,515,5313,52
2021-04-06,Trinity,105,12862,481,321,81,402,3
2021-04-06,Tulare,107,460477,49428,48372,8515,56887,819
2021-04-06,Tuolumne,109,53932,3942,3981,40,4021,57
2021-04-06,Ventura,111,848112,80146,79556,2864,82420,983
2021-04-06,Yolo,113,214977,13435,13443,174,13617,198
2021-04-06,Yuba,115,75493,5769,5733,111,5844,43
2021-04-05,Alameda,001,1643700,84488,84007,1787,85794,1219
2021-04-05,Alpine,002,1148,85,85,0,85,0
2021-04-05,Amador,005,37829,3599,3584,32,3616,45
2021-04-05,Butte,007,227075,11751,11384,1700,13084,193
2021-04-05,Calaveras,009,45235,2022,2019,11,2030,50
2021-04-05,Colusa,011,21464,1896,1894,273,2167,14
2021-04-05,Contra Costa,013,1133247,66368,65457,1135,66592,774
2021-04-05,Del Norte,015,27424,1236,1189,11,1200,6
2021-04-05,El Dorado,017,186661,9573,9463,645,10108,106
2021-04-05,Fresno,019,978130,100341,99755,8243,107998,1622
2021-04-05,Glenn,021,27897,2363,2335,530,2865,17
2021-04-05,Humboldt,023,135768,3493,3475,25,3500,35
2021-04-05,Imperial,025,180216,27824,27604,2552,30156,710
2021-04-05,Inyo,027,18085,1386,1377,10,1387,36
2021-04-05,Kern,029,883053,95672,94401,10287,104688,1249
2021-04-05,Kings,031,150075,22808,22580,1024,23604,239
2021-04-05,Lake,033,64148,3384,3359,9,3368,43
2021-04-05,Lassen,035,31185,5151,5138,101,5239,1
2021-04-05,Los Angeles,037,10098052,1192710,1183200,39283,1222483,23302
2021-04-05,Madera,039,155013,16238,16065,889,16954,230
2021-04-05,Marin,041,260295,13747,13666,215,13881,221
2021-04-05,Mariposa,043,17540,398,390,6,396,5
2021-04-05,Mendocino,045,87422,3772,3687,74,3761,45
2021-04-05,Merced,047,269075,30013,30068,978,31046,427
2021-04-05,Modoc,049,8938,356,346,118,464,3
2021-04-05,Mono,051,14174,1238,1246,17,1263,3
2021-04-05,Monterey,053,433212,42645,42396,1753,44149,341
2021-04-05,Napa,055,140530,9514,9492,30,9522,78
2021-04-05,Nevada,057,99092,4404,4346,179,4525,69
2021-04-05,Orange,059,3164182,252174,250177,10761,260938,4759
2021-04-05,Placer,061,380077,21884,21133,1296,22429,276
2021-04-05,Plumas,063,18699,674,666,10,676,4
2021-04-05,Riverside,065,2383286,290202,283549,13557,297106,4237
2021-04-05,Sacramento,067,1510023,100073,98908,1449,100357,1533
2021-04-05,San Benito,069,59416,5905,5904,101,6005,61
2021-04-05,San Bernardino,071,2135413,289833,286597,8713,295310,4425
2021-04-05,San Diego,073,3302833,272762,271655,13744,285399,3583
2021-04-05,San Francisco,075,870044,35557,35538,1196,36734,488
2021-04-05,San Joaquin,077,732212,70318,69214,3196,72410,1268
2021-04-05,San Luis Obispo,079,281455,20689,20333,629,20962,252
2021-04-05,San Mateo,081,765935,41041,40609,430,41039,350
2021-04-05,Santa Barbara,083,443738,33622,33235,1079,34314,443
2021-04-05,Santa Clara,085,1922200,115063,115091,659,115750,1893
2021-04-05,Santa Cruz,087,273765,15922,15228,789,16017,201
2021-04-05,Shasta,089,179085,11414,11435,1372,12807,184
2021-04-05,Sierra,091,2930,55,50,12,62,0
2021-04-05,Siskiyou,093,43540,1579,1509,260,1769,7
2021-04-05,Solano,095,438530,31206,31026,420,31446,237
2021-04-05,Sonoma,097,501317,29266,29361,282,29643,311
2021-04-05,Stanislaus,099,539301,53611,53238,5585,58823,686
2021-04-05,Sutter,101,95872,9164,9169,80,9249,106
2021-04-05,Tehama,103,63373,4837,4794,515,5309,52
2021-04-05,Trinity,105,12862,480,321,81,402,3
2021-04-05,Tulare,107,460477,49416,48356,8508,56864,818
2021-04-05,Tuolumne,109,53932,3941,3980,40,4020,57
2021-04-05,Ventura,111,848112,80115,79549,2861,82410,983
2021-04-05,Yolo,113,214977,13421,13427,173,13600,198
2021-04-05,Yuba,115,75493,5764,5728,110,5838,43
2021-04-04,Alameda,001,1643700,84369,83951,1783,85734,1219
2021-04-04,Alpine,002,1148,85,85,0,85,0
2021-04-04,Amador,005,37829,3593,3582,32,3614,45
2021-04-04,Butte,007,227075,11736,11375,1699,13074,193
2021-04-04,Calaveras,009,45235,2018,2020,11,2031,50
2021-04-04,Colusa,011,21464,1895,1893,273,2166,14
2021-04-04,Contra Costa,013,1133247,66262,65408,1130,66538,774
2021-04-04,Del Norte,015,27424,1228,1186,11,1197,6
2021-04-04,El Dorado,017,186661,9554,9455,642,10097,106
2021-04-04,Fresno,019,978130,100267,99702,8231,107933,1622
2021-04-04,Glenn,021,27897,2360,2335,529,2864,17
2021-04-04,Humboldt,023,135768,3482,3472,25,3497,35
2021-04-04,Imperial,025,180216,27768,27588,2550,30138,710
2021-04-04,Inyo,027,18085,1382,1377,10,1387,36
2021-04-04,Kern,029,883053,95628,94388,10266,104654,1247
2021-04-04,Kings,031,150075,22806,22580,1023,23603,239
2021-04-04,Lake,033,64148,3378,3355,8,3363,43
2021-04-04,Lassen,035,31185,5149,5138,101,5239,1
2021-04-04,Los Angeles,037,10098052,1192165,1182872,39239,1222111,23301
2021-04-04,Madera,039,155013,16212,16052,885,16937,230
2021-04-04,Marin,041,260295,13734,13663,214,13877,221
2021-04-04,Mariposa,043,17540,398,390,6,396,5
2021-04-04,Mendocino,045,87422,3769,3684,74,3758,45
2021-04-04,Merced,047,269075,29970,30048,975,31023,427
2021-04-04,Modoc,049,8938,356,346,118,464,3
2021-04-04,Mono,051,14174,1237,1245,17,1262,3
2021-04-04,Monterey,053,433212,42628,42391,1752,44143,341
2021-04-04,Napa,055,140530,9502,9486,30,9516,78
2021-04-04,Nevada,057,99092,4392,4337,179,4516,69
2021-04-04,Orange,059,3164182,252039,250117,10745,260862,4759
2021-04-04,Placer,061,380077,21837,21104,1278,22382,276
2021-04-04,Plumas,063,18699,674,666,10,676,4
2021-04-04,Riverside,065,2383286,290076,283537,13553,297090,4237
2021-04-04,Sacramento,067,1510023,99874,98821,1440,100261,1531
2021-04-04,San Benito,069,59416,5895,5901,97,5998,61
2021-04-04,San Bernardino,071,2135413,289692,286561,8705,295266,4423
2021-04-04,San Diego,073,3302833,272450,271528,13703,285231,3583
2021-04-04,San Francisco,075,870044,35503,35525,1193,36718,488
2021-04-04,San Joaquin,077,732212,70217,69147,3184,72331,1268
2021-04-04,San Luis Obispo,079,281455,20657,20328,621,20949,252
2021-04-04,San Mateo,081,765935,40998,40587,428,41015,350
2021-04-04,Santa Barbara,083,443738,33586,33213,1079,34292,443
2021-04-04,Santa Clara,085,1922200,114897,114976,652,115628,1893
2021-04-04,Santa Cruz,087,273765,15913,15219,789,16008,201
2021-04-04,Shasta,089,179085,11388,11433,1371,12804,184
2021-04-04,Sierra,091,2930,55,50,12,62,0
2021-04-04,Siskiyou,093,43540,1576,1509,256,1765,7
2021-04-04,Solano,095,438530,31159,31002,418,31420,237
2021-04-04,Sonoma,097,501317,29234,29340,280,29620,311
2021-04-04,Stanislaus,099,539301,53518,53181,5577,58758,686
2021-04-04,Sutter,101,95872,9157,9164,80,9244,106
2021-04-04,Tehama,103,63373,4824,4792,514,5306,52
2021-04-04,Trinity,105,12862,478,321,81,402,3
2021-04-04,Tulare,107,460477,49402,48343,8500,56843,818
2021-04-04,Tuolumne,109,53932,3933,3980,40,4020,57
2021-04-04,Ventura,111,848112,80072,79526,2859,82385,983
2021-04-04,Yolo,113,214977,13400,13425,172,13597,198
2021-04-04,Yuba,115,75493,5757,5722,110,5832,43
2021-04-03,Alameda,001,1643700,84302,83861,1781,85642,1218
2021-04-03,Alpine,002,1148,85,85,0,85,0
2021-04-03,Amador,005,37829,3590,3577,32,3609,45
2021-04-03,Butte,007,227075,11732,11359,1695,13054,193
2021-04-03,Calaveras,009,45235,2016,2019,11,2030,50
2021-04-03,Colusa,011,21464,1895,1891,273,2164,14
2021-04-03,Contra Costa,013,1133247,66190,65338,1130,66468,774
2021-04-03,Del Norte,015,27424,1223,1183,11,1194,6
2021-04-03,El Dorado,017,186661,9545,9448,641,10089,106
2021-04-03,Fresno,019,978130,100209,99602,8226,107828,1622
2021-04-03,Glenn,021,27897,2359,2334,528,2862,17
2021-04-03,Humboldt,023,135768,3480,3467,25,3492,35
2021-04-03,Imperial,025,180216,27752,27572,2547,30119,710
2021-04-03,Inyo,027,18085,1381,1376,10,1386,36
2021-04-03,Kern,029,883053,95602,94369,10250,104619,1243
2021-04-03,Kings,031,150075,22804,22580,1023,23603,239
2021-04-03,Lake,033,64148,3377,3350,8,3358,43
2021-04-03,Lassen,035,31185,5148,5136,101,5237,1
2021-04-03,Los Angeles,037,10098052,1191859,1182402,39222,1221624,23301
2021-04-03,Madera,039,155013,16203,16051,883,16934,230
2021-04-03,Marin,041,260295,13726,13658,213,13871,221
2021-04-03,Mariposa,043,17540,398,390,5,395,5
2021-04-03,Mendocino,045,87422,3768,3684,74,3758,45
2021-04-03,Merced,047,269075,29955,30031,975,31006,427
2021-04-03,Modoc,049,8938,356,346,118,464,3
2021-04-03,Mono,051,14174,1237,1245,17,1262,3
2021-04-03,Monterey,053,433212,42615,42376,1750,44126,341
2021-04-03,Napa,055,140530,9493,9473,30,9503,78
2021-04-03,Nevada,057,99092,4388,4323,179,4502,69
2021-04-03,Orange,059,3164182,251958,249982,10727,260709,4755
2021-04-03,Placer,061,380077,21806,21060,1274,22334,276
2021-04-03,Plumas,063,18699,674,666,10,676,4
2021-04-03,Riverside,065,2383286,289998,283423,13550,296973,4237
2021-04-03,Sacramento,067,1510023,99766,98660,1434,100094,1531
2021-04-03,San Benito,069,59416,5892,5893,96,5989,61
2021-04-03,San Bernardino,071,2135413,289628,286473,8699,295172,4422
2021-04-03,San Diego,073,3302833,272281,271335,13686,285021,3571
2021-04-03,San Francisco,075,870044,35484,35488,1191,36679,489
2021-04-03,San Joaquin,077,732212,70176,69100,3168,72268,1268
2021-04-03,San Luis Obispo,079,281455,20638,20301,621,20922,252
2021-04-03,San Mateo,081,765935,40973,40560,428,40988,350
2021-04-03,Santa Barbara,083,443738,33560,33172,1078,34250,443
2021-04-03,Santa Clara,085,1922200,114789,114865,650,115515,1893
2021-04-03,Santa Cruz,087,273765,15906,15205,789,15994,201
2021-04-03,Shasta,089,179085,11380,11418,1371,12789,184
2021-04-03,Sierra,091,2930,55,50,12,62,0
2021-04-03,Siskiyou,093,43540,1575,1509,256,1765,7
2021-04-03,Solano,095,438530,31138,30970,415,31385,237
2021-04-03,Sonoma,097,501317,29218,29315,279,29594,311
2021-04-03,Stanislaus,099,539301,53483,53137,5571,58708,686
2021-04-03,Sutter,101,95872,9151,9158,80,9238,106
2021-04-03,Tehama,103,63373,4816,4788,514,5302,52
2021-04-03,Trinity,105,12862,478,321,81,402,3
2021-04-03,Tulare,107,460477,49392,48327,8496,56823,818
2021-04-03,Tuolumne,109,53932,3933,3980,40,4020,57
2021-04-03,Ventura,111,848112,80051,79489,2857,82346,983
2021-04-03,Yolo,113,214977,13394,13414,172,13586,198
2021-04-03,Yuba,115,75493,5751,5716,110,5826,43
2021-04-02,Alameda,001,1643700,84229,83776,1778,85554,1217
2021-04-02,Alpine,002,1148,85,85,0,85,0
2021-04-02,Amador,005,37829,3586,3573,31,3604,45
2021-04-02,Butte,007,227075,11723,11350,1695,13045,193
2021-04-02,Calaveras,009,45235,2014,2010,11,2021,50
2021-04-02,Colusa,011,21464,1895,1891,273,2164,14
2021-04-02,Contra Costa,013,1133247,66126,65299,1129,66428,774
2021-04-02,Del Norte,015,27424,1220,1174,11,1185,6
2021-04-02,El Dorado,017,186661,9532,9437,638,10075,106
2021-04-02,Fresno,019,978130,100155,99551,8215,107766,1620
2021-04-02,Glenn,021,27897,2359,2331,528,2859,17
2021-04-02,Humboldt,023,135768,3476,3465,25,3490,35
2021-04-02,Imperial,025,180216,27740,27553,2541,30094,710
2021-04-02,Inyo,027,18085,1381,1377,10,1387,36
2021-04-02,Kern,029,883053,95584,94348,10247,104595,1233
2021-04-02,Kings,031,150075,22804,22571,1020,23591,239
2021-04-02,Lake,033,64148,3375,3348,8,3356,43
2021-04-02,Lassen,035,31185,5148,5134,101,5235,1
2021-04-02,Los Angeles,037,10098052,1191549,1181682,39201,1220883,23264
2021-04-02,Madera,039,155013,16194,16036,882,16918,230
2021-04-02,Marin,041,260295,13718,13649,213,13862,221
2021-04-02,Mariposa,043,17540,396,390,5,395,5
2021-04-02,Mendocino,045,87422,3765,3682,74,3756,45
2021-04-02,Merced,047,269075,29930,29998,975,30973,426
2021-04-02,Modoc,049,8938,353,346,118,464,3
2021-04-02,Mono,051,14174,1237,1246,17,1263,3
2021-04-02,Monterey,053,433212,42605,42359,1747,44106,341
2021-04-02,Napa,055,140530,9478,9453,30,9483,78
2021-04-02,Nevada,057,99092,4384,4323,179,4502,69
2021-04-02,Orange,059,3164182,251863,249891,10715,260606,4748
2021-04-02,Placer,061,380077,21770,21035,1268,22303,275
2021-04-02,Plumas,063,18699,674,666,10,676,4
2021-04-02,Riverside,065,2383286,289912,283328,13541,296869,4213
2021-04-02,Sacramento,067,1510023,99659,98648,1427,100075,1527
2021-04-02,San Benito,069,59416,5890,5888,94,5982,61
2021-04-02,San Bernardino,071,2135413,289556,286308,8695,295003,4417
2021-04-02,San Diego,073,3302833,272095,271036,13660,284696,3568
2021-04-02,San Francisco,075,870044,35449,35451,1189,36640,488
2021-04-02,San Joaquin,077,732212,70111,68996,3153,72149,1268
2021-04-02,San Luis Obispo,079,281455,20621,20271,620,20891,252
2021-04-02,San Mateo,081,765935,40931,40514,428,40942,350
2021-04-02,Santa Barbara,083,443738,33532,33145,1078,34223,443
2021-04-02,Santa Clara,085,1922200,114678,114777,648,115425,1882
2021-04-02,Santa Cruz,087,273765,15898,15216,789,16005,202
2021-04-02,Shasta,089,179085,11375,11377,1364,12741,181
2021-04-02,Sierra,091,2930,55,50,12,62,0
2021-04-02,Siskiyou,093,43540,1575,1508,255,1763,7
2021-04-02,Solano,095,438530,31109,30951,412,31363,237
2021-04-02,Sonoma,097,501317,29197,29288,278,29566,311
2021-04-02,Stanislaus,099,539301,53438,53073,5565,58638,687
2021-04-02,Sutter,101,95872,9143,9131,80,9211,106
2021-04-02,Tehama,103,63373,4809,4775,513,5288,52
2021-04-02,Trinity,105,12862,478,320,81,401,3
2021-04-02,Tulare,107,460477,49386,48306,8490,56796,818
2021-04-02,Tuolumne,109,53932,3930,3980,40,4020,57
2021-04-02,Ventura,111,848112,80024,79434,2855,82289,982
2021-04-02,Yolo,113,214977,13384,13381,172,13553,197
2021-04-02,Yuba,115,75493,5747,5709,110,5819,44
2021-04-01,Alameda,001,1643700,84150,83574,1773,85347,1216
2021-04-01,Alpine,002,1148,85,85,0,85,0
2021-04-01,Amador,005,37829,3582,3558,31,3589,45
2021-04-01,Butte,007,227075,11705,11328,1693,13021,193
2021-04-01,Calaveras,009,45235,2011,2006,11,2017,50
2021-04-01,Colusa,011,21464,1892,1890,273,2163,14
2021-04-01,Contra Costa,013,1133247,66067,65176,1127,66303,771
2021-04-01,Del Norte,015,27424,1215,1138,11,1149,6
2021-04-01,El Dorado,017,186661,9523,9393,634,10027,106
2021-04-01,Fresno,019,978130,100102,99317,8207,107524,1616
2021-04-01,Glenn,021,27897,2359,2322,527,2849,17
2021-04-01,Humboldt,023,135768,3472,3464,25,3489,35
2021-04-01,Imperial,025,180216,27710,27520,2536,30056,710
2021-04-01,Inyo,027,18085,1380,1374,10,1384,36
2021-04-01,Kern,029,883053,95548,94244,10235,104479,1233
2021-04-01,Kings,031,150075,22797,22560,1019,23579,239
2021-04-01,Lake,033,64148,3370,3337,8,3345,43
2021-04-01,Lassen,035,31185,5147,5132,101,5233,1
2021-04-01,Los Angeles,037,10098052,1191056,1181101,39172,1220273,23220
2021-04-01,Madera,039,155013,16178,16023,882,16905,230
2021-04-01,Marin,041,260295,13708,13635,213,13848,221
2021-04-01,Mariposa,043,17540,394,389,5,394,5
2021-04-01,Mendocino,045,87422,3765,3680,74,3754,45
2021-04-01,Merced,047,269075,29897,29820,975,30795,425
2021-04-01,Modoc,049,8938,352,346,118,464,3
2021-04-01,Mono,051,14174,1237,1245,17,1262,3
2021-04-01,Monterey,053,433212,42597,42324,1745,44069,339
2021-04-01,Napa,055,140530,9466,9410,30,9440,78
2021-04-01,Nevada,057,99092,4374,4288,178,4466,68
2021-04-01,Orange,059,3164182,251743,249617,10698,260315,4742
2021-04-01,Placer,061,380077,21731,20909,1256,22165,274
2021-04-01,Plumas,063,18699,674,664,10,674,4
2021-04-01,Riverside,065,2383286,289807,283128,13538,296666,4193
2021-04-01,Sacramento,067,1510023,99515,97952,1414,99366,1521
2021-04-01,San Benito,069,59416,5882,5878,93,5971,61
2021-04-01,San Bernardino,071,2135413,289440,286086,8686,294772,4404
2021-04-01,San Diego,073,3302833,271872,270540,13630,284170,3555
2021-04-01,San Francisco,075,870044,35428,35386,1186,36572,488
2021-04-01,San Joaquin,077,732212,70029,68802,3145,71947,1262
2021-04-01,San Luis Obispo,079,281455,20592,20235,619,20854,252
2021-04-01,San Mateo,081,765935,40890,40454,428,40882,350
2021-04-01,Santa Barbara,083,443738,33485,33096,1073,34169,443
2021-04-01,Santa Clara,085,1922200,114565,114606,647,115253,1874
2021-04-01,Santa Cruz,087,273765,15883,15271,789,16060,202
2021-04-01,Shasta,089,179085,11360,11355,1359,12714,181
2021-04-01,Sierra,091,2930,55,50,12,62,0
2021-04-01,Siskiyou,093,43540,1573,1507,254,1761,7
2021-04-01,Solano,095,438530,31076,30850,409,31259,237
2021-04-01,Sonoma,097,501317,29166,29241,271,29512,311
2021-04-01,Stanislaus,099,539301,53376,52825,5559,58384,687
2021-04-01,Sutter,101,95872,9131,9105,80,9185,106
2021-04-01,Tehama,103,63373,4803,4764,510,5274,52
2021-04-01,Trinity,105,12862,478,319,81,400,3
2021-04-01,Tulare,107,460477,49363,48279,8480,56759,817
2021-04-01,Tuolumne,109,53932,3928,3978,40,4018,57
2021-04-01,Ventura,111,848112,80000,79369,2854,82223,977
2021-04-01,Yolo,113,214977,13371,13342,172,13514,197
2021-04-01,Yuba,115,75493,5742,5694,110,5804,44
2021-03-31,Alameda,001,1643700,84068,83475,1768,85243,1215
2021-03-31,Alpine,002,1148,85,85,0,85,0
2021-03-31,Amador,005,37829,3579,3556,31,3587,45
2021-03-31,Butte,007,227075,11695,11321,1689,13010,193
2021-03-31,Calaveras,009,45235,2009,2005,11,2016,50
2021-03-31,Colusa,011,21464,1892,1890,273,2163,14
2021-03-31,Contra Costa,013,1133247,65982,65109,1126,66235,769
2021-03-31,Del Norte,015,27424,1206,1129,11,1140,6
2021-03-31,El Dorado,017,186661,9506,9390,634,10024,106
2021-03-31,Fresno,019,978130,100009,99240,8191,107431,1616
2021-03-31,Glenn,021,27897,2355,2318,525,2843,17
2021-03-31,Humboldt,023,135768,3466,3460,25,3485,35
2021-03-31,Imperial,025,180216,27690,27506,2535,30041,710
2021-03-31,Inyo,027,18085,1377,1373,9,1382,35
2021-03-31,Kern,029,883053,95505,94205,10226,104431,1229
2021-03-31,Kings,031,150075,22794,22540,1019,23559,239
2021-03-31,Lake,033,64148,3366,3332,8,3340,43
2021-03-31,Lassen,035,31185,5143,5132,101,5233,1
2021-03-31,Los Angeles,037,10098052,1190588,1180538,39134,1219672,23171
2021-03-31,Madera,039,155013,16164,16015,881,16896,229
2021-03-31,Marin,041,260295,13697,13624,213,13837,221
2021-03-31,Mariposa,043,17540,394,389,5,394,5
2021-03-31,Mendocino,045,87422,3759,3675,74,3749,45
2021-03-31,Merced,047,269075,29868,29780,975,30755,423
2021-03-31,Modoc,049,8938,352,346,118,464,3
2021-03-31,Mono,051,14174,1237,1245,17,1262,3
2021-03-31,Monterey,053,433212,42580,42309,1743,44052,338
2021-03-31,Napa,055,140530,9448,9401,30,9431,78
2021-03-31,Nevada,057,99092,4368,4283,178,4461,68
2021-03-31,Orange,059,3164182,251632,249518,10683,260201,4731
2021-03-31,Placer,061,380077,21681,20885,1249,22134,271
2021-03-31,Plumas,063,18699,673,663,10,673,4
2021-03-31,Riverside,065,2383286,289705,283006,13527,296533,4171
2021-03-31,Sacramento,067,1510023,99340,97760,1407,99167,1519
2021-03-31,San Benito,069,59416,5872,5875,93,5968,61
2021-03-31,San Bernardino,071,2135413,289346,285916,8683,294599,4356
2021-03-31,San Diego,073,3302833,271640,270288,13595,283883,3555
2021-03-31,San Francisco,075,870044,35383,35347,1185,36532,474
2021-03-31,San Joaquin,077,732212,69940,68685,3129,71814,1259
2021-03-31,San Luis Obispo,079,281455,20570,20215,618,20833,251
2021-03-31,San Mateo,081,765935,40860,40423,428,40851,350
2021-03-31,Santa Barbara,083,443738,33453,33052,1071,34123,443
2021-03-31,Santa Clara,085,1922200,114438,114499,647,115146,1874
2021-03-31,Santa Cruz,087,273765,15870,15295,788,16083,201
2021-03-31,Shasta,089,179085,11348,11327,1351,12678,179
2021-03-31,Sierra,091,2930,55,50,12,62,0
2021-03-31,Siskiyou,093,43540,1572,1505,254,1759,7
2021-03-31,Solano,095,438530,31030,30824,408,31232,235
2021-03-31,Sonoma,097,501317,29139,29216,271,29487,311
2021-03-31,Stanislaus,099,539301,53308,52782,5547,58329,687
2021-03-31,Sutter,101,95872,9120,9111,80,9191,106
2021-03-31,Tehama,103,63373,4798,4762,508,5270,52
2021-03-31,Trinity,105,12862,478,319,81,400,3
2021-03-31,Tulare,107,460477,49343,48261,8464,56725,816
2021-03-31,Tuolumne,109,53932,3927,3976,40,4016,57
2021-03-31,Ventura,111,848112,79968,79326,2850,82176,969
2021-03-31,Yolo,113,214977,13354,13359,171,13530,197
2021-03-31,Yuba,115,75493,5735,5686,110,5796,44
2021-03-30,Alameda,001,1643700,83968,83395,1765,85160,1211
2021-03-30,Alpine,002,1148,85,85,0,85,0
2021-03-30,Amador,005,37829,3576,3551,31,3582,45
2021-03-30,Butte,007,227075,11683,11296,1686,12982,193
2021-03-30,Calaveras,009,45235,2005,1997,11,2008,50
2021-03-30,Colusa,011,21464,1891,1890,272,2162,14
2021-03-30,Contra Costa,013,1133247,65893,65041,1124,66165,767
2021-03-30,Del Norte,015,27424,1198,1118,10,1128,6
2021-03-30,El Dorado,017,186661,9487,9381,631,10012,105
2021-03-30,Fresno,019,978130,99944,99156,8178,107334,1609
2021-03-30,Glenn,021,27897,2355,2310,524,2834,17
2021-03-30,Humboldt,023,135768,3464,3461,25,3486,35
2021-03-30,Imperial,025,180216,27662,27471,2533,30004,706
2021-03-30,Inyo,027,18085,1377,1374,9,1383,35
2021-03-30,Kern,029,883053,95463,94151,10217,104368,1221
2021-03-30,Kings,031,150075,22790,22530,1017,23547,238
2021-03-30,Lake,033,64148,3360,3330,8,3338,43
2021-03-30,Lassen,035,31185,5143,5132,101,5233,1
2021-03-30,Los Angeles,037,10098052,1190092,1180044,39112,1219156,23136
2021-03-30,Madera,039,155013,16154,16003,877,16880,229
2021-03-30,Marin,041,260295,13688,13611,205,13816,221
2021-03-30,Mariposa,043,17540,394,388,5,393,5
2021-03-30,Mendocino,045,87422,3757,3670,74,3744,45
2021-03-30,Merced,047,269075,29831,29731,975,30706,423
2021-03-30,Modoc,049,8938,351,346,118,464,3
2021-03-30,Mono,051,14174,1236,1245,17,1262,3
2021-03-30,Monterey,053,433212,42554,42308,1741,44049,338
2021-03-30,Napa,055,140530,9433,9391,30,9421,78
2021-03-30,Nevada,057,99092,4356,4266,177,4443,68
2021-03-30,Orange,059,3164182,251504,249412,10656,260068,4727
2021-03-30,Placer,061,380077,21641,20866,1243,22109,271
2021-03-30,Plumas,063,18699,673,661,10,671,4
2021-03-30,Riverside,065,2383286,289580,282930,13518,296448,4154
2021-03-30,Sacramento,067,1510023,99203,97718,1404,99122,1516
2021-03-30,San Benito,069,59416,5866,5870,93,5963,61
2021-03-30,San Bernardino,071,2135413,289237,285758,8674,294432,4343
2021-03-30,San Diego,073,3302833,271401,269998,13557,283555,3555
2021-03-30,San Francisco,075,870044,35333,35325,1184,36509,474
2021-03-30,San Joaquin,077,732212,69852,68613,3119,71732,1232
2021-03-30,San Luis Obispo,079,281455,20550,20194,618,20812,251
2021-03-30,San Mateo,081,765935,40816,40377,428,40805,349
2021-03-30,Santa Barbara,083,443738,33428,33016,1071,34087,441
2021-03-30,Santa Clara,085,1922200,114316,114413,646,115059,1873
2021-03-30,Santa Cruz,087,273765,15864,15278,788,16066,201
2021-03-30,Shasta,089,179085,11340,11316,1350,12666,184
2021-03-30,Sierra,091,2930,55,50,12,62,0
2021-03-30,Siskiyou,093,43540,1571,1501,254,1755,7
2021-03-30,Solano,095,438530,31000,30802,407,31209,232
2021-03-30,Sonoma,097,501317,29107,29198,271,29469,311
2021-03-30,Stanislaus,099,539301,53230,52690,5539,58229,677
2021-03-30,Sutter,101,95872,9116,9107,79,9186,106
2021-03-30,Tehama,103,63373,4789,4748,507,5255,52
2021-03-30,Trinity,105,12862,478,316,81,397,3
2021-03-30,Tulare,107,460477,49328,48249,8455,56704,815
2021-03-30,Tuolumne,109,53932,3922,3972,40,4012,57
2021-03-30,Ventura,111,848112,79924,79282,2847,82129,958
2021-03-30,Yolo,113,214977,13341,13353,171,13524,195
2021-03-30,Yuba,115,75493,5724,5679,104,5783,42
2021-03-29,Alameda,001,1643700,83868,83338,1763,85101,1211
2021-03-29,Alpine,002,1148,85,85,0,85,0
2021-03-29,Amador,005,37829,3570,3549,31,3580,45
2021-03-29,Butte,007,227075,11675,11291,1683,12974,191
2021-03-29,Calaveras,009,45235,2003,1998,11,2009,50
2021-03-29,Colusa,011,21464,1891,1889,271,2160,14
2021-03-29,Contra Costa,013,1133247,65824,64971,1123,66094,767
2021-03-29,Del Norte,015,27424,1193,1116,9,1125,6
2021-03-29,El Dorado,017,186661,9467,9374,626,10000,105
2021-03-29,Fresno,019,978130,99861,99085,8163,107248,1606
2021-03-29,Glenn,021,27897,2348,2310,524,2834,17
2021-03-29,Humboldt,023,135768,3459,3459,25,3484,34
2021-03-29,Imperial,025,180216,27641,27442,2531,29973,704
2021-03-29,Inyo,027,18085,1377,1372,9,1381,35
2021-03-29,Kern,029,883053,95416,94098,10198,104296,1220
2021-03-29,Kings,031,150075,22778,22522,1016,23538,238
2021-03-29,Lake,033,64148,3357,3325,8,3333,43
2021-03-29,Lassen,035,31185,5143,5131,101,5232,1
2021-03-29,Los Angeles,037,10098052,1189595,1179736,39072,1218808,23108
2021-03-29,Madera,039,155013,16134,15987,875,16862,210
2021-03-29,Marin,041,260295,13676,13600,202,13802,220
2021-03-29,Mariposa,043,17540,393,388,5,393,5
2021-03-29,Mendocino,045,87422,3754,3667,74,3741,45
2021-03-29,Merced,047,269075,29807,29699,975,30674,422
2021-03-29,Modoc,049,8938,350,344,118,462,3
2021-03-29,Mono,051,14174,1235,1243,17,1260,3
2021-03-29,Monterey,053,433212,42538,42305,1736,44041,337
2021-03-29,Napa,055,140530,9417,9379,30,9409,78
2021-03-29,Nevada,057,99092,4349,4258,177,4435,68
2021-03-29,Orange,059,3164182,251394,249295,10644,259939,4713
2021-03-29,Placer,061,380077,21606,20827,1236,22063,267
2021-03-29,Plumas,063,18699,672,660,10,670,4
2021-03-29,Riverside,065,2383286,289477,282867,13517,296384,4133
2021-03-29,Sacramento,067,1510023,99010,97577,1396,98973,1514
2021-03-29,San Benito,069,59416,5859,5865,93,5958,61
2021-03-29,San Bernardino,071,2135413,289140,285615,8670,294285,4335
2021-03-29,San Diego,073,3302833,271135,269771,13531,283302,3547
2021-03-29,San Francisco,075,870044,35298,35291,1181,36472,474
2021-03-29,San Joaquin,077,732212,69766,68537,3106,71643,1211
2021-03-29,San Luis Obispo,079,281455,20515,20176,617,20793,250
2021-03-29,San Mateo,081,765935,40774,40357,427,40784,348
2021-03-29,Santa Barbara,083,443738,33394,32983,1070,34053,439
2021-03-29,Santa Clara,085,1922200,114207,114335,641,114976,1871
2021-03-29,Santa Cruz,087,273765,15853,15249,787,16036,201
2021-03-29,Shasta,089,179085,11322,11313,1348,12661,183
2021-03-29,Sierra,091,2930,55,50,12,62,0
2021-03-29,Siskiyou,093,43540,1569,1497,254,1751,6
2021-03-29,Solano,095,438530,30961,30762,405,31167,232
2021-03-29,Sonoma,097,501317,29084,29184,268,29452,310
2021-03-29,Stanislaus,099,539301,53146,52614,5532,58146,677
2021-03-29,Sutter,101,95872,9109,9105,79,9184,106
2021-03-29,Tehama,103,63373,4781,4742,506,5248,52
2021-03-29,Trinity,105,12862,478,314,81,395,3
2021-03-29,Tulare,107,460477,49300,48226,8444,56670,815
2021-03-29,Tuolumne,109,53932,3920,3969,40,4009,57
2021-03-29,Ventura,111,848112,79882,79252,2847,82099,956
2021-03-29,Yolo,113,214977,13322,13346,171,13517,195
2021-03-29,Yuba,115,75493,5717,5671,103,5774,42
2021-03-28,Alameda,001,1643700,83747,83239,1761,85000,1212
2021-03-28,Alpine,002,1148,85,85,0,85,0
2021-03-28,Amador,005,37829,3566,3541,31,3572,45
2021-03-28,Butte,007,227075,11662,11285,1681,12966,191
2021-03-28,Calaveras,009,45235,2001,1995,11,2006,50
2021-03-28,Colusa,011,21464,1890,1889,271,2160,14
2021-03-28,Contra Costa,013,1133247,65750,64878,1119,65997,767
2021-03-28,Del Norte,015,27424,1186,1107,7,1114,6
2021-03-28,El Dorado,017,186661,9452,9371,624,9995,105
2021-03-28,Fresno,019,978130,99779,99004,8151,107155,1606
2021-03-28,Glenn,021,27897,2344,2309,522,2831,17
2021-03-28,Humboldt,023,135768,3456,3452,24,3476,34
2021-03-28,Imperial,025,180216,27613,27426,2528,29954,704
2021-03-28,Inyo,027,18085,1376,1372,9,1381,35
2021-03-28,Kern,029,883053,95371,94084,10187,104271,1219
2021-03-28,Kings,031,150075,22773,22514,1013,23527,238
2021-03-28,Lake,033,64148,3352,3320,8,3328,43
2021-03-28,Lassen,035,31185,5143,5131,100,5231,1
2021-03-28,Los Angeles,037,10098052,1189043,1179316,39014,1218330,23101
2021-03-28,Madera,039,155013,16119,15973,874,16847,210
2021-03-28,Marin,041,260295,13663,13594,200,13794,221
2021-03-28,Mariposa,043,17540,393,388,5,393,5
2021-03-28,Mendocino,045,87422,3752,3666,74,3740,45
2021-03-28,Merced,047,269075,29750,29679,975,30654,422
2021-03-28,Modoc,049,8938,350,344,118,462,3
2021-03-28,Mono,051,14174,1234,1242,17,1259,3
2021-03-28,Monterey,053,433212,42515,42294,1732,44026,337
2021-03-28,Napa,055,140530,9403,9368,30,9398,78
2021-03-28,Nevada,057,99092,4335,4239,177,4416,68
2021-03-28,Orange,059,3164182,251239,249238,10634,259872,4713
2021-03-28,Placer,061,380077,21562,20796,1230,22026,267
2021-03-28,Plumas,063,18699,670,657,10,667,4
2021-03-28,Riverside,065,2383286,289363,282811,13509,296320,4132
2021-03-28,Sacramento,067,1510023,98836,97425,1390,98815,1514
2021-03-28,San Benito,069,59416,5854,5862,93,5955,61
2021-03-28,San Bernardino,071,2135413,289020,285570,8662,294232,4332
2021-03-28,San Diego,073,3302833,270859,269476,13502,282978,3547
2021-03-28,San Francisco,075,870044,35252,35286,1177,36463,474
2021-03-28,San Joaquin,077,732212,69642,68459,3087,71546,1211
2021-03-28,San Luis Obispo,079,281455,20480,20172,614,20786,250
2021-03-28,San Mateo,081,765935,40729,40305,427,40732,348
2021-03-28,Santa Barbara,083,443738,33352,32953,1069,34022,439
2021-03-28,Santa Clara,085,1922200,114107,114232,637,114869,1871
2021-03-28,Santa Cruz,087,273765,15838,15238,786,16024,201
2021-03-28,Shasta,089,179085,11296,11308,1337,12645,183
2021-03-28,Sierra,091,2930,55,50,12,62,0
2021-03-28,Siskiyou,093,43540,1569,1497,253,1750,6
2021-03-28,Solano,095,438530,30924,30719,403,31122,232
2021-03-28,Sonoma,097,501317,29048,29161,266,29427,310
2021-03-28,Stanislaus,099,539301,53058,52567,5519,58086,678
2021-03-28,Sutter,101,95872,9100,9094,79,9173,106
2021-03-28,Tehama,103,63373,4771,4740,504,5244,52
2021-03-28,Trinity,105,12862,476,314,80,394,3
2021-03-28,Tulare,107,460477,49271,48218,8438,56656,815
2021-03-28,Tuolumne,109,53932,3917,3969,39,4008,57
2021-03-28,Ventura,111,848112,79831,79222,2842,82064,956
2021-03-28,Yolo,113,214977,13305,13325,170,13495,194
2021-03-28,Yuba,115,75493,5713,5662,103,5765,42
2021-03-27,Alameda,001,1643700,83676,83169,1757,84926,1211
2021-03-27,Alpine,002,1148,85,85,0,85,0
2021-03-27,Amador,005,37829,3561,3538,31,3569,45
2021-03-27,Butte,007,227075,11655,11278,1680,12958,191
2021-03-27,Calaveras,009,45235,1998,1992,11,2003,50
2021-03-27,Colusa,011,21464,1890,1889,271,2160,14
2021-03-27,Contra Costa,013,1133247,65680,64804,1116,65920,767
2021-03-27,Del Norte,015,27424,1176,1104,7,1111,6
2021-03-27,El Dorado,017,186661,9438,9367,624,9991,105
2021-03-27,Fresno,019,978130,99726,98901,8145,107046,1606
2021-03-27,Glenn,021,27897,2343,2308,522,2830,17
2021-03-27,Humboldt,023,135768,3451,3442,24,3466,34
2021-03-27,Imperial,025,180216,27601,27406,2525,29931,704
2021-03-27,Inyo,027,18085,1374,1372,9,1381,35
2021-03-27,Kern,029,883053,95351,94041,10176,104217,1217
2021-03-27,Kings,031,150075,22770,22502,1013,23515,238
2021-03-27,Lake,033,64148,3350,3317,8,3325,43
2021-03-27,Lassen,035,31185,5143,5129,100,5229,1
2021-03-27,Los Angeles,037,10098052,1188729,1178831,38988,1217819,23103
2021-03-27,Madera,039,155013,16112,15968,872,16840,210
2021-03-27,Marin,041,260295,13658,13579,200,13779,222
2021-03-27,Mariposa,043,17540,393,386,5,391,5
2021-03-27,Mendocino,045,87422,3750,3666,74,3740,45
2021-03-27,Merced,047,269075,29717,29647,973,30620,422
2021-03-27,Modoc,049,8938,350,344,118,462,3
2021-03-27,Mono,051,14174,1232,1241,17,1258,3
2021-03-27,Monterey,053,433212,42505,42271,1732,44003,337
2021-03-27,Napa,055,140530,9391,9360,30,9390,78
2021-03-27,Nevada,057,99092,4325,4231,177,4408,68
2021-03-27,Orange,059,3164182,251144,249160,10618,259778,4698
2021-03-27,Placer,061,380077,21542,20717,1223,21940,267
2021-03-27,Plumas,063,18699,669,655,10,665,4
2021-03-27,Riverside,065,2383286,289301,282707,13501,296208,4132
2021-03-27,Sacramento,067,1510023,98746,97247,1388,98635,1513
2021-03-27,San Benito,069,59416,5852,5862,91,5953,61
2021-03-27,San Bernardino,071,2135413,288958,285480,8661,294141,4325
2021-03-27,San Diego,073,3302833,270688,269271,13480,282751,3540
2021-03-27,San Francisco,075,870044,35229,35244,1175,36419,474
2021-03-27,San Joaquin,077,732212,69582,68365,3079,71444,1211
2021-03-27,San Luis Obispo,079,281455,20469,20153,611,20764,250
2021-03-27,San Mateo,081,765935,40706,40264,427,40691,348
2021-03-27,Santa Barbara,083,443738,33329,32921,1069,33990,439
2021-03-27,Santa Clara,085,1922200,114011,114124,635,114759,1871
2021-03-27,Santa Cruz,087,273765,15832,15215,786,16001,201
2021-03-27,Shasta,089,179085,11285,11288,1335,12623,183
2021-03-27,Sierra,091,2930,55,50,12,62,0
2021-03-27,Siskiyou,093,43540,1569,1497,253,1750,6
2021-03-27,Solano,095,438530,30896,30669,402,31071,232
2021-03-27,Sonoma,097,501317,29033,29133,264,29397,310
2021-03-27,Stanislaus,099,539301,52993,52497,5511,58008,678
2021-03-27,Sutter,101,95872,9093,9093,79,9172,106
2021-03-27,Tehama,103,63373,4765,4738,502,5240,52
2021-03-27,Trinity,105,12862,476,313,80,393,3
2021-03-27,Tulare,107,460477,49255,48203,8431,56634,813
2021-03-27,Tuolumne,109,53932,3914,3968,39,4007,57
2021-03-27,Ventura,111,848112,79804,79184,2840,82024,956
2021-03-27,Yolo,113,214977,13300,13317,169,13486,194
2021-03-27,Yuba,115,75493,5711,5657,103,5760,42
2021-03-26,Alameda,001,1643700,83614,83043,1755,84798,1208
2021-03-26,Alpine,002,1148,85,85,0,85,0
2021-03-26,Amador,005,37829,3556,3532,31,3563,45
2021-03-26,Butte,007,227075,11644,11278,1680,12958,191
2021-03-26,Calaveras,009,45235,1995,1989,11,2000,50
2021-03-26,Colusa,011,21464,1890,1889,271,2160,14
2021-03-26,Contra Costa,013,1133247,65620,64699,1113,65812,761
2021-03-26,Del Norte,015,27424,1173,1101,7,1108,6
2021-03-26,El Dorado,017,186661,9433,9353,624,9977,105
2021-03-26,Fresno,019,978130,99664,98731,8135,106866,1601
2021-03-26,Glenn,021,27897,2343,2307,521,2828,17
2021-03-26,Humboldt,023,135768,3449,3431,24,3455,34
2021-03-26,Imperial,025,180216,27577,27374,2525,29899,701
2021-03-26,Inyo,027,18085,1373,1369,9,1378,35
2021-03-26,Kern,029,883053,95325,93949,10170,104119,1211
2021-03-26,Kings,031,150075,22762,22493,1011,23504,239
2021-03-26,Lake,033,64148,3349,3314,8,3322,43
2021-03-26,Lassen,035,31185,5142,5131,100,5231,1
2021-03-26,Los Angeles,037,10098052,1188393,1178213,38975,1217188,23080
2021-03-26,Madera,039,155013,16102,15952,872,16824,210
2021-03-26,Marin,041,260295,13652,13553,195,13748,221
2021-03-26,Mariposa,043,17540,393,386,5,391,5
2021-03-26,Mendocino,045,87422,3749,3664,74,3738,45
2021-03-26,Merced,047,269075,29694,29613,972,30585,419
2021-03-26,Modoc,049,8938,350,344,118,462,3
2021-03-26,Mono,051,14174,1231,1236,17,1253,3
2021-03-26,Monterey,053,433212,42492,42241,1728,43969,338
2021-03-26,Napa,055,140530,9381,9349,30,9379,78
2021-03-26,Nevada,057,99092,4305,4222,177,4399,83
2021-03-26,Orange,059,3164182,251081,248995,10604,259599,4671
2021-03-26,Placer,061,380077,21516,20679,1222,21901,259
2021-03-26,Plumas,063,18699,668,654,10,664,4
2021-03-26,Riverside,065,2383286,289223,282602,13495,296097,4109
2021-03-26,Sacramento,067,1510023,98645,97040,1383,98423,1509
2021-03-26,San Benito,069,59416,5849,5855,91,5946,61
2021-03-26,San Bernardino,071,2135413,288902,285313,8659,293972,4288
2021-03-26,San Diego,073,3302833,270510,269045,13454,282499,3525
2021-03-26,San Francisco,075,870044,35203,35186,1175,36361,472
2021-03-26,San Joaquin,077,732212,69519,68249,3075,71324,1202
2021-03-26,San Luis Obispo,079,281455,20456,20118,611,20729,250
2021-03-26,San Mateo,081,765935,40671,40199,427,40626,348
2021-03-26,Santa Barbara,083,443738,33299,32895,1068,33963,439
2021-03-26,Santa Clara,085,1922200,113913,113959,634,114593,1868
2021-03-26,Santa Cruz,087,273765,15817,15199,785,15984,201
2021-03-26,Shasta,089,179085,11276,11276,1329,12605,182
2021-03-26,Sierra,091,2930,55,50,12,62,0
2021-03-26,Siskiyou,093,43540,1569,1493,252,1745,6
2021-03-26,Solano,095,438530,30871,30640,402,31042,205
2021-03-26,Sonoma,097,501317,29017,29101,261,29362,310
2021-03-26,Stanislaus,099,539301,52925,52420,5507,57927,678
2021-03-26,Sutter,101,95872,9090,9082,79,9161,104
2021-03-26,Tehama,103,63373,4764,4722,501,5223,51
2021-03-26,Trinity,105,12862,476,311,80,391,3
2021-03-26,Tulare,107,460477,49240,48179,8424,56603,813
2021-03-26,Tuolumne,109,53932,3913,3965,39,4004,57
2021-03-26,Ventura,111,848112,79770,79122,2838,81960,953
2021-03-26,Yolo,113,214977,13293,13299,167,13466,194
2021-03-26,Yuba,115,75493,5701,5653,103,5756,42
2021-03-25,Alameda,001,1643700,83520,82945,1753,84698,1206
2021-03-25,Alpine,002,1148,85,84,0,84,0
2021-03-25,Amador,005,37829,3554,3530,31,3561,45
2021-03-25,Butte,007,227075,11634,11270,1680,12950,188
2021-03-25,Calaveras,009,45235,1994,1982,11,1993,50
2021-03-25,Colusa,011,21464,1890,1888,271,2159,14
2021-03-25,Contra Costa,013,1133247,65553,64606,1110,65716,757
2021-03-25,Del Norte,015,27424,1167,1095,7,1102,6
2021-03-25,El Dorado,017,186661,9423,9331,624,9955,105
2021-03-25,Fresno,019,978130,99546,98602,8122,106724,1593
2021-03-25,Glenn,021,27897,2342,2302,520,2822,17
2021-03-25,Humboldt,023,135768,3444,3423,24,3447,34
2021-03-25,Imperial,025,180216,27561,27352,2524,29876,699
2021-03-25,Inyo,027,18085,1373,1369,9,1378,35
2021-03-25,Kern,029,883053,95293,93857,10165,104022,1206
2021-03-25,Kings,031,150075,22752,22472,1011,23483,237
2021-03-25,Lake,033,64148,3344,3312,8,3320,43
2021-03-25,Lassen,035,31185,5142,5129,100,5229,1
2021-03-25,Los Angeles,037,10098052,1187955,1177490,38942,1216432,23051
2021-03-25,Madera,039,155013,16083,15937,870,16807,210
2021-03-25,Marin,041,260295,13642,13538,192,13730,219
2021-03-25,Mariposa,043,17540,393,386,5,391,5
2021-03-25,Mendocino,045,87422,3748,3664,74,3738,45
2021-03-25,Merced,047,269075,29660,29576,965,30541,416
2021-03-25,Modoc,049,8938,350,343,118,461,3
2021-03-25,Mono,051,14174,1231,1235,17,1252,3
2021-03-25,Monterey,053,433212,42471,42220,1723,43943,336
2021-03-25,Napa,055,140530,9362,9321,30,9351,78
2021-03-25,Nevada,057,99092,4287,4202,175,4377,84
2021-03-25,Orange,059,3164182,250966,248871,10584,259455,4655
2021-03-25,Placer,061,380077,21475,20639,1215,21854,252
2021-03-25,Plumas,063,18699,668,654,10,664,4
2021-03-25,Riverside,065,2383286,289126,282492,13484,295976,4078
2021-03-25,Sacramento,067,1510023,98499,96823,1381,98204,1505
2021-03-25,San Benito,069,59416,5846,5850,91,5941,61
2021-03-25,San Bernardino,071,2135413,288821,285134,8654,293788,4222
2021-03-25,San Diego,073,3302833,270282,268623,13423,282046,3520
2021-03-25,San Francisco,075,870044,35163,35154,1173,36327,468
2021-03-25,San Joaquin,077,732212,69422,68089,3037,71126,1196
2021-03-25,San Luis Obispo,079,281455,20438,20076,611,20687,250
2021-03-25,San Mateo,081,765935,40631,40147,427,40574,348
2021-03-25,Santa Barbara,083,443738,33272,32857,1068,33925,439
2021-03-25,Santa Clara,085,1922200,113809,113877,632,114509,1868
2021-03-25,Santa Cruz,087,273765,15796,15170,785,15955,201
2021-03-25,Shasta,089,179085,11259,11262,1326,12588,181
2021-03-25,Sierra,091,2930,55,50,12,62,0
2021-03-25,Siskiyou,093,43540,1567,1491,251,1742,6
2021-03-25,Solano,095,438530,30810,30583,400,30983,193
2021-03-25,Sonoma,097,501317,28983,29060,257,29317,310
2021-03-25,Stanislaus,099,539301,52858,52321,5500,57821,678
2021-03-25,Sutter,101,95872,9081,9069,79,9148,104
2021-03-25,Tehama,103,63373,4762,4719,500,5219,52
2021-03-25,Trinity,105,12862,476,310,80,390,3
2021-03-25,Tulare,107,460477,49213,48148,8412,56560,811
2021-03-25,Tuolumne,109,53932,3912,3962,39,4001,57
2021-03-25,Ventura,111,848112,79729,79045,2834,81879,952
2021-03-25,Yolo,113,214977,13287,13287,167,13454,194
2021-03-25,Yuba,115,75493,5695,5647,97,5744,42
2021-03-24,Alameda,001,1643700,83427,82871,1750,84621,1199
2021-03-24,Alpine,002,1148,85,84,0,84,0
2021-03-24,Amador,005,37829,3548,3529,31,3560,45
2021-03-24,Butte,007,227075,11624,11252,1676,12928,187
2021-03-24,Calaveras,009,45235,1991,1975,11,1986,50
2021-03-24,Colusa,011,21464,1890,1886,271,2157,14
2021-03-24,Contra Costa,013,1133247,65473,64539,1109,65648,755
2021-03-24,Del Norte,015,27424,1162,1087,7,1094,6
2021-03-24,El Dorado,017,186661,9417,9319,623,9942,105
2021-03-24,Fresno,019,978130,99455,98437,8107,106544,1585
2021-03-24,Glenn,021,27897,2341,2297,519,2816,17
2021-03-24,Humboldt,023,135768,3441,3414,24,3438,34
2021-03-24,Imperial,025,180216,27552,27325,2524,29849,699
2021-03-24,Inyo,027,18085,1373,1368,9,1377,35
2021-03-24,Kern,029,883053,95245,93800,10156,103956,1198
2021-03-24,Kings,031,150075,22737,22456,1009,23465,237
2021-03-24,Lake,033,64148,3340,3307,8,3315,43
2021-03-24,Lassen,035,31185,5140,5130,99,5229,1
2021-03-24,Los Angeles,037,10098052,1187468,1177015,38909,1215924,22993
2021-03-24,Madera,039,155013,16074,15918,869,16787,210
2021-03-24,Marin,041,260295,13628,13526,190,13716,219
2021-03-24,Mariposa,043,17540,393,384,5,389,5
2021-03-24,Mendocino,045,87422,3745,3660,74,3734,45
2021-03-24,Merced,047,269075,29619,29525,965,30490,415
2021-03-24,Modoc,049,8938,349,341,118,459,3
2021-03-24,Mono,051,14174,1230,1243,17,1260,3
2021-03-24,Monterey,053,433212,42449,42201,1720,43921,335
2021-03-24,Napa,055,140530,9342,9310,30,9340,78
2021-03-24,Nevada,057,99092,4272,4191,174,4365,85
2021-03-24,Orange,059,3164182,250853,248775,10566,259341,4638
2021-03-24,Placer,061,380077,21445,20606,1207,21813,250
2021-03-24,Plumas,063,18699,666,652,10,662,4
2021-03-24,Riverside,065,2383286,289042,282410,13481,295891,4058
2021-03-24,Sacramento,067,1510023,98324,96628,1370,97998,1500
2021-03-24,San Benito,069,59416,5845,5847,91,5938,61
2021-03-24,San Bernardino,071,2135413,288734,284983,8652,293635,4170
2021-03-24,San Diego,073,3302833,270068,268413,13395,281808,3509
2021-03-24,San Francisco,075,870044,35136,35103,1170,36273,462
2021-03-24,San Joaquin,077,732212,69351,67978,3025,71003,1196
2021-03-24,San Luis Obispo,079,281455,20408,20021,610,20631,250
2021-03-24,San Mateo,081,765935,40581,40083,427,40510,348
2021-03-24,Santa Barbara,083,443738,33244,32810,1068,33878,438
2021-03-24,Santa Clara,085,1922200,113693,113757,629,114386,1851
2021-03-24,Santa Cruz,087,273765,15782,15138,784,15922,202
2021-03-24,Shasta,089,179085,11240,11243,1324,12567,181
2021-03-24,Sierra,091,2930,55,50,12,62,0
2021-03-24,Siskiyou,093,43540,1565,1490,251,1741,6
2021-03-24,Solano,095,438530,30773,30552,399,30951,178
2021-03-24,Sonoma,097,501317,28963,29034,253,29287,310
2021-03-24,Stanislaus,099,539301,52782,52259,5491,57750,677
2021-03-24,Sutter,101,95872,9065,9049,79,9128,104
2021-03-24,Tehama,103,63373,4756,4719,499,5218,49
2021-03-24,Trinity,105,12862,475,310,80,390,3
2021-03-24,Tulare,107,460477,49202,48109,8399,56508,808
2021-03-24,Tuolumne,109,53932,3910,3961,39,4000,57
2021-03-24,Ventura,111,848112,79677,78993,2827,81820,944
2021-03-24,Yolo,113,214977,13275,13269,167,13436,194
2021-03-24,Yuba,115,75493,5689,5634,94,5728,42
2021-03-23,Alameda,001,1643700,83325,82799,1746,84545,1190
2021-03-23,Alpine,002,1148,85,84,0,84,0
2021-03-23,Amador,005,37829,3542,3524,31,3555,45
2021-03-23,Butte,007,227075,11612,11227,1675,12902,187
2021-03-23,Calaveras,009,45235,1989,1971,11,1982,50
2021-03-23,Colusa,011,21464,1888,1885,270,2155,14
2021-03-23,Contra Costa,013,1133247,65373,64491,1108,65599,750
2021-03-23,Del Norte,015,27424,1157,1082,7,1089,6
2021-03-23,El Dorado,017,186661,9407,9318,620,9938,105
2021-03-23,Fresno,019,978130,99340,98362,8083,106445,1575
2021-03-23,Glenn,021,27897,2336,2293,517,2810,17
2021-03-23,Humboldt,023,135768,3432,3405,24,3429,34
2021-03-23,Imperial,025,180216,27544,27320,2524,29844,699
2021-03-23,Inyo,027,18085,1371,1364,9,1373,35
2021-03-23,Kern,029,883053,95138,93728,10149,103877,1191
2021-03-23,Kings,031,150075,22726,22439,1007,23446,237
2021-03-23,Lake,033,64148,3338,3294,8,3302,43
2021-03-23,Lassen,035,31185,5140,5130,99,5229,1
2021-03-23,Los Angeles,037,10098052,1186947,1176572,38872,1215444,22904
2021-03-23,Madera,039,155013,16058,15908,868,16776,210
2021-03-23,Marin,041,260295,13605,13514,188,13702,221
2021-03-23,Mariposa,043,17540,392,384,5,389,5
2021-03-23,Mendocino,045,87422,3743,3652,74,3726,45
2021-03-23,Merced,047,269075,29586,29485,965,30450,415
2021-03-23,Modoc,049,8938,348,342,118,460,3
2021-03-23,Mono,051,14174,1229,1263,17,1280,3
2021-03-23,Monterey,053,433212,42438,42180,1718,43898,335
2021-03-23,Napa,055,140530,9317,9299,30,9329,78
2021-03-23,Nevada,057,99092,4253,4179,173,4352,89
2021-03-23,Orange,059,3164182,250727,248661,10548,259209,4626
2021-03-23,Placer,061,380077,21410,20567,1203,21770,248
2021-03-23,Plumas,063,18699,666,652,10,662,4
2021-03-23,Riverside,065,2383286,288942,282317,13475,295792,4035
2021-03-23,Sacramento,067,1510023,98132,96521,1366,97887,1496
2021-03-23,San Benito,069,59416,5840,5845,90,5935,61
2021-03-23,San Bernardino,071,2135413,288649,284875,8644,293519,4134
2021-03-23,San Diego,073,3302833,269823,268156,13363,281519,3498
2021-03-23,San Francisco,075,870044,35078,35071,1165,36236,462
2021-03-23,San Joaquin,077,732212,69255,67903,3007,70910,1182
2021-03-23,San Luis Obispo,079,281455,20368,20009,609,20618,250
2021-03-23,San Mateo,081,765935,40525,40032,426,40458,348
2021-03-23,Santa Barbara,083,443738,33206,32771,1067,33838,438
2021-03-23,Santa Clara,085,1922200,113577,113645,626,114271,1848
2021-03-23,Santa Cruz,087,273765,15767,15106,784,15890,201
2021-03-23,Shasta,089,179085,11227,11234,1323,12557,175
2021-03-23,Sierra,091,2930,55,50,12,62,0
2021-03-23,Siskiyou,093,43540,1560,1485,249,1734,6
2021-03-23,Solano,095,438530,30731,30524,398,30922,178
2021-03-23,Sonoma,097,501317,28926,29020,252,29272,310
2021-03-23,Stanislaus,099,539301,52683,52148,5484,57632,677
2021-03-23,Sutter,101,95872,9057,9039,79,9118,104
2021-03-23,Tehama,103,63373,4747,4707,498,5205,46
2021-03-23,Trinity,105,12862,475,310,80,390,3
2021-03-23,Tulare,107,460477,49175,48095,8383,56478,808
2021-03-23,Tuolumne,109,53932,3907,3957,39,3996,57
2021-03-23,Ventura,111,848112,79616,78930,2824,81754,932
2021-03-23,Yolo,113,214977,13264,13255,167,13422,194
2021-03-23,Yuba,115,75493,5684,5628,94,5722,42
2021-03-22,Alameda,001,1643700,83234,82748,1741,84489,1189
2021-03-22,Alpine,002,1148,84,83,0,83,0
2021-03-22,Amador,005,37829,3534,3522,31,3553,44
2021-03-22,Butte,007,227075,11603,11211,1673,12884,185
2021-03-22,Calaveras,009,45235,1985,1963,11,1974,49
2021-03-22,Colusa,011,21464,1886,1885,270,2155,13
2021-03-22,Contra Costa,013,1133247,65278,64432,1106,65538,740
2021-03-22,Del Norte,015,27424,1151,1082,7,1089,6
2021-03-22,El Dorado,017,186661,9391,9310,616,9926,105
2021-03-22,Fresno,019,978130,99243,98276,8071,106347,1556
2021-03-22,Glenn,021,27897,2328,2291,517,2808,17
2021-03-22,Humboldt,023,135768,3427,3403,24,3427,34
2021-03-22,Imperial,025,180216,27529,27302,2521,29823,699
2021-03-22,Inyo,027,18085,1368,1363,9,1372,35
2021-03-22,Kern,029,883053,95067,93675,10133,103808,1178
2021-03-22,Kings,031,150075,22713,22433,1002,23435,236
2021-03-22,Lake,033,64148,3337,3290,8,3298,43
2021-03-22,Lassen,035,31185,5138,5129,99,5228,1
2021-03-22,Los Angeles,037,10098052,1186430,1176205,38842,1215047,22843
2021-03-22,Madera,039,155013,16043,15904,868,16772,210
2021-03-22,Marin,041,260295,13596,13501,187,13688,221
2021-03-22,Mariposa,043,17540,391,381,5,386,5
2021-03-22,Mendocino,045,87422,3741,3653,74,3727,45
2021-03-22,Merced,047,269075,29543,29468,962,30430,413
2021-03-22,Modoc,049,8938,346,342,118,460,3
2021-03-22,Mono,051,14174,1224,1263,17,1280,3
2021-03-22,Monterey,053,433212,42422,42161,1716,43877,335
2021-03-22,Napa,055,140530,9306,9288,30,9318,77
2021-03-22,Nevada,057,99092,4243,4174,169,4343,89
2021-03-22,Orange,059,3164182,250578,248517,10514,259031,4599
2021-03-22,Placer,061,380077,21375,20543,1198,21741,242
2021-03-22,Plumas,063,18699,666,652,10,662,4
2021-03-22,Riverside,065,2383286,288842,282242,13464,295706,4009
2021-03-22,Sacramento,067,1510023,97954,96385,1356,97741,1493
2021-03-22,San Benito,069,59416,5837,5844,89,5933,61
2021-03-22,San Bernardino,071,2135413,288561,284771,8632,293403,4107
2021-03-22,San Diego,073,3302833,269611,267913,13343,281256,3494
2021-03-22,San Francisco,075,870044,35036,35040,1161,36201,462
2021-03-22,San Joaquin,077,732212,69163,67815,2990,70805,1182
2021-03-22,San Luis Obispo,079,281455,20344,20000,608,20608,250
2021-03-22,San Mateo,081,765935,40474,40024,425,40449,348
2021-03-22,Santa Barbara,083,443738,33161,32756,1065,33821,437
2021-03-22,Santa Clara,085,1922200,113457,113575,626,114201,1845
2021-03-22,Santa Cruz,087,273765,15755,15077,783,15860,201
2021-03-22,Shasta,089,179085,11213,11218,1322,12540,150
2021-03-22,Sierra,091,2930,55,50,12,62,0
2021-03-22,Siskiyou,093,43540,1559,1487,248,1735,5
2021-03-22,Solano,095,438530,30691,30490,394,30884,171
2021-03-22,Sonoma,097,501317,28897,29010,248,29258,310
2021-03-22,Stanislaus,099,539301,52599,52083,5479,57562,677
2021-03-22,Sutter,101,95872,9044,9024,79,9103,104
2021-03-22,Tehama,103,63373,4739,4704,498,5202,45
2021-03-22,Trinity,105,12862,475,310,80,390,3
2021-03-22,Tulare,107,460477,49160,48074,8363,56437,807
2021-03-22,Tuolumne,109,53932,3904,3954,39,3993,57
2021-03-22,Ventura,111,848112,79570,78890,2821,81711,927
2021-03-22,Yolo,113,214977,13252,13243,166,13409,190
2021-03-22,Yuba,115,75493,5673,5627,92,5719,42
2021-03-21,Alameda,001,1643700,83147,82684,1738,84422,1187
2021-03-21,Alpine,002,1148,84,83,0,83,0
2021-03-21,Amador,005,37829,3530,3519,31,3550,44
2021-03-21,Butte,007,227075,11587,11208,1668,12876,185
2021-03-21,Calaveras,009,45235,1979,1962,11,1973,49
2021-03-21,Colusa,011,21464,1886,1885,270,2155,13
2021-03-21,Contra Costa,013,1133247,65196,64382,1102,65484,740
2021-03-21,Del Norte,015,27424,1136,1076,7,1083,6
2021-03-21,El Dorado,017,186661,9381,9302,611,9913,105
2021-03-21,Fresno,019,978130,99129,98211,8048,106259,1556
2021-03-21,Glenn,021,27897,2325,2288,516,2804,17
2021-03-21,Humboldt,023,135768,3422,3402,24,3426,34
2021-03-21,Imperial,025,180216,27512,27267,2516,29783,699
2021-03-21,Inyo,027,18085,1368,1363,9,1372,35
2021-03-21,Kern,029,883053,95001,93649,10124,103773,1170
2021-03-21,Kings,031,150075,22696,22422,1002,23424,236
2021-03-21,Lake,033,64148,3333,3286,8,3294,43
2021-03-21,Lassen,035,31185,5138,5129,99,5228,1
2021-03-21,Los Angeles,037,10098052,1185894,1175684,38795,1214479,22834
2021-03-21,Madera,039,155013,16023,15895,866,16761,210
2021-03-21,Marin,041,260295,13580,13495,186,13681,220
2021-03-21,Mariposa,043,17540,391,381,5,386,5
2021-03-21,Mendocino,045,87422,3738,3651,74,3725,45
2021-03-21,Merced,047,269075,29483,29446,956,30402,413
2021-03-21,Modoc,049,8938,346,341,118,459,3
2021-03-21,Mono,051,14174,1219,1263,17,1280,3
2021-03-21,Monterey,053,433212,42397,42153,1713,43866,335
2021-03-21,Napa,055,140530,9285,9282,30,9312,77
2021-03-21,Nevada,057,99092,4230,4169,169,4338,89
2021-03-21,Orange,059,3164182,250445,248442,10487,258929,4598
2021-03-21,Placer,061,380077,21339,20520,1190,21710,242
2021-03-21,Plumas,063,18699,666,653,10,663,4
2021-03-21,Riverside,065,2383286,288734,282187,13453,295640,4009
2021-03-21,Sacramento,067,1510023,97760,96269,1349,97618,1489
2021-03-21,San Benito,069,59416,5831,5842,89,5931,61
2021-03-21,San Bernardino,071,2135413,288471,284732,8626,293358,4094
2021-03-21,San Diego,073,3302833,269351,267724,13317,281041,3494
2021-03-21,San Francisco,075,870044,34989,35012,1155,36167,460
2021-03-21,San Joaquin,077,732212,69041,67729,2972,70701,1182
2021-03-21,San Luis Obispo,079,281455,20312,19979,606,20585,250
2021-03-21,San Mateo,081,765935,40429,39988,424,40412,344
2021-03-21,Santa Barbara,083,443738,33122,32743,1064,33807,437
2021-03-21,Santa Clara,085,1922200,113328,113487,623,114110,1840
2021-03-21,Santa Cruz,087,273765,15748,15064,783,15847,199
2021-03-21,Shasta,089,179085,11193,11215,1321,12536,150
2021-03-21,Sierra,091,2930,55,50,12,62,0
2021-03-21,Siskiyou,093,43540,1559,1486,247,1733,5
2021-03-21,Solano,095,438530,30652,30474,391,30865,171
2021-03-21,Sonoma,097,501317,28868,28986,247,29233,310
2021-03-21,Stanislaus,099,539301,52509,52014,5477,57491,677
2021-03-21,Sutter,101,95872,9031,9021,79,9100,104
2021-03-21,Tehama,103,63373,4735,4701,498,5199,45
2021-03-21,Trinity,105,12862,473,310,80,390,3
2021-03-21,Tulare,107,460477,49144,48060,8351,56411,807
2021-03-21,Tuolumne,109,53932,3902,3953,39,3992,57
2021-03-21,Ventura,111,848112,79507,78863,2816,81679,927
2021-03-21,Yolo,113,214977,13230,13235,166,13401,190
2021-03-21,Yuba,115,75493,5663,5624,92,5716,42
2021-03-20,Alameda,001,1643700,83079,82614,1736,84350,1178
2021-03-20,Alpine,002,1148,84,83,0,83,0
2021-03-20,Amador,005,37829,3528,3518,31,3549,44
2021-03-20,Butte,007,227075,11581,11199,1666,12865,185
2021-03-20,Calaveras,009,45235,1975,1961,11,1972,49
2021-03-20,Colusa,011,21464,1886,1883,270,2153,12
2021-03-20,Contra Costa,013,1133247,65136,64313,1102,65415,713
2021-03-20,Del Norte,015,27424,1135,1075,7,1082,6
2021-03-20,El Dorado,017,186661,9375,9290,611,9901,105
2021-03-20,Fresno,019,978130,99069,98112,8041,106153,1532
2021-03-20,Glenn,021,27897,2324,2288,514,2802,17
2021-03-20,Humboldt,023,135768,3415,3399,24,3423,33
2021-03-20,Imperial,025,180216,27506,27239,2514,29753,695
2021-03-20,Inyo,027,18085,1368,1362,9,1371,35
2021-03-20,Kern,029,883053,94972,93606,10120,103726,1155
2021-03-20,Kings,031,150075,22691,22415,1001,23416,236
2021-03-20,Lake,033,64148,3329,3280,8,3288,43
2021-03-20,Lassen,035,31185,5138,5128,99,5227,1
2021-03-20,Los Angeles,037,10098052,1185596,1175290,38771,1214061,22810
2021-03-20,Madera,039,155013,16015,15891,865,16756,210
2021-03-20,Marin,041,260295,13568,13470,182,13652,220
2021-03-20,Mariposa,043,17540,390,381,5,386,5
2021-03-20,Mendocino,045,87422,3737,3639,74,3713,43
2021-03-20,Merced,047,269075,29452,29411,953,30364,412
2021-03-20,Modoc,049,8938,345,341,118,459,3
2021-03-20,Mono,051,14174,1219,1256,17,1273,3
2021-03-20,Monterey,053,433212,42388,42146,1712,43858,334
2021-03-20,Napa,055,140530,9277,9274,30,9304,77
2021-03-20,Nevada,057,99092,4219,4164,168,4332,89
2021-03-20,Orange,059,3164182,250364,248348,10477,258825,4522
2021-03-20,Placer,061,380077,21316,20505,1188,21693,242
2021-03-20,Plumas,063,18699,663,652,10,662,4
2021-03-20,Riverside,065,2383286,288659,282081,13449,295530,4000
2021-03-20,Sacramento,067,1510023,97649,96126,1346,97472,1488
2021-03-20,San Benito,069,59416,5827,5840,89,5929,61
2021-03-20,San Bernardino,071,2135413,288405,284690,8622,293312,3965
2021-03-20,San Diego,073,3302833,269180,267532,13310,280842,3493
2021-03-20,San Francisco,075,870044,34966,34968,1148,36116,453
2021-03-20,San Joaquin,077,732212,69000,67662,2965,70627,1161
2021-03-20,San Luis Obispo,079,281455,20296,19951,600,20551,250
2021-03-20,San Mateo,081,765935,40395,39958,423,40381,344
2021-03-20,Santa Barbara,083,443738,33097,32723,1063,33786,434
2021-03-20,Santa Clara,085,1922200,113236,113384,622,114006,1799
2021-03-20,Santa Cruz,087,273765,15732,15053,783,15836,199
2021-03-20,Shasta,089,179085,11187,11211,1321,12532,147
2021-03-20,Sierra,091,2930,55,50,12,62,0
2021-03-20,Siskiyou,093,43540,1559,1483,247,1730,5
2021-03-20,Solano,095,438530,30622,30439,391,30830,170
2021-03-20,Sonoma,097,501317,28853,28962,247,29209,309
2021-03-20,Stanislaus,099,539301,52453,51925,5470,57395,673
2021-03-20,Sutter,101,95872,9023,9014,79,9093,103
2021-03-20,Tehama,103,63373,4730,4696,496,5192,33
2021-03-20,Trinity,105,12862,472,310,80,390,3
2021-03-20,Tulare,107,460477,49129,48030,8334,56364,804
2021-03-20,Tuolumne,109,53932,3899,3950,39,3989,57
2021-03-20,Ventura,111,848112,79472,78818,2814,81632,922
2021-03-20,Yolo,113,214977,13227,13226,166,13392,190
2021-03-20,Yuba,115,75493,5660,5621,91,5712,42
2021-03-19,Alameda,001,1643700,83007,82499,1735,84234,1187
2021-03-19,Alpine,002,1148,83,82,0,82,0
2021-03-19,Amador,005,37829,3525,3515,31,3546,44
2021-03-19,Butte,007,227075,11573,11191,1663,12854,185
2021-03-19,Calaveras,009,45235,1974,1957,11,1968,49
2021-03-19,Colusa,011,21464,1885,1883,270,2153,12
2021-03-19,Contra Costa,013,1133247,65077,64195,1099,65294,737
2021-03-19,Del Norte,015,27424,1129,1071,5,1076,6
2021-03-19,El Dorado,017,186661,9366,9274,611,9885,105
2021-03-19,Fresno,019,978130,98986,97969,8028,105997,1527
2021-03-19,Glenn,021,27897,2324,2282,514,2796,17
2021-03-19,Humboldt,023,135768,3406,3388,24,3412,33
2021-03-19,Imperial,025,180216,27494,27218,2511,29729,695
2021-03-19,Inyo,027,18085,1366,1356,9,1365,35
2021-03-19,Kern,029,883053,94939,93534,10107,103641,1152
2021-03-19,Kings,031,150075,22682,22369,998,23367,235
2021-03-19,Lake,033,64148,3323,3262,8,3270,43
2021-03-19,Lassen,035,31185,5138,5126,99,5225,1
2021-03-19,Los Angeles,037,10098052,1185256,1174818,38754,1213572,22752
2021-03-19,Madera,039,155013,16008,15877,864,16741,210
2021-03-19,Marin,041,260295,13556,13441,182,13623,220
2021-03-19,Mariposa,043,17540,389,380,5,385,5
2021-03-19,Mendocino,045,87422,3736,3639,74,3713,45
2021-03-19,Merced,047,269075,29425,29376,951,30327,412
2021-03-19,Modoc,049,8938,345,341,118,459,3
2021-03-19,Mono,051,14174,1217,1244,17,1261,3
2021-03-19,Monterey,053,433212,42379,42125,1710,43835,335
2021-03-19,Napa,055,140530,9265,9256,30,9286,77
2021-03-19,Nevada,057,99092,4208,4156,168,4324,88
2021-03-19,Orange,059,3164182,250264,248146,10468,258614,4501
2021-03-19,Placer,061,380077,21298,20451,1186,21637,242
2021-03-19,Plumas,063,18699,663,650,10,660,4
2021-03-19,Riverside,065,2383286,288576,281937,13444,295381,3989
2021-03-19,Sacramento,067,1510023,97546,95934,1343,97277,1486
2021-03-19,San Benito,069,59416,5827,5845,89,5934,61
2021-03-19,San Bernardino,071,2135413,288334,284501,8620,293121,4017
2021-03-19,San Diego,073,3302833,269045,267173,13300,280473,3491
2021-03-19,San Francisco,075,870044,34921,34936,1145,36081,461
2021-03-19,San Joaquin,077,732212,68930,67515,2951,70466,1180
2021-03-19,San Luis Obispo,079,281455,20276,19913,598,20511,249
2021-03-19,San Mateo,081,765935,40371,39893,423,40316,344
2021-03-19,Santa Barbara,083,443738,33067,32685,1062,33747,435
2021-03-19,Santa Clara,085,1922200,113161,113232,621,113853,1797
2021-03-19,Santa Cruz,087,273765,15725,15026,783,15809,199
2021-03-19,Shasta,089,179085,11180,11104,1319,12423,103
2021-03-19,Sierra,091,2930,54,49,12,61,0
2021-03-19,Siskiyou,093,43540,1559,1480,246,1726,5
2021-03-19,Solano,095,438530,30592,30395,389,30784,172
2021-03-19,Sonoma,097,501317,28832,28932,245,29177,292
2021-03-19,Stanislaus,099,539301,52395,51755,5467,57222,679
2021-03-19,Sutter,101,95872,9021,9005,79,9084,103
2021-03-19,Tehama,103,63373,4723,4685,496,5181,33
2021-03-19,Trinity,105,12862,472,310,80,390,3
2021-03-19,Tulare,107,460477,49106,47989,8311,56300,805
2021-03-19,Tuolumne,109,53932,3896,3946,39,3985,57
2021-03-19,Ventura,111,848112,79439,78753,2810,81563,920
2021-03-19,Yolo,113,214977,13219,13197,166,13363,189
2021-03-19,Yuba,115,75493,5657,5615,90,5705,42
2021-03-18,Alameda,001,1643700,82926,82419,1732,84151,1189
2021-03-18,Alpine,002,1148,83,82,0,82,0
2021-03-18,Amador,005,37829,3521,3513,31,3544,44
2021-03-18,Butte,007,227075,11562,11179,1661,12840,185
2021-03-18,Calaveras,009,45235,1972,1954,11,1965,49
2021-03-18,Colusa,011,21464,1885,1882,270,2152,12
2021-03-18,Contra Costa,013,1133247,65004,64103,1096,65199,739
2021-03-18,Del Norte,015,27424,1120,1059,5,1064,6
2021-03-18,El Dorado,017,186661,9353,9261,610,9871,105
2021-03-18,Fresno,019,978130,98889,97856,8013,105869,1527
2021-03-18,Glenn,021,27897,2320,2275,513,2788,17
2021-03-18,Humboldt,023,135768,3398,3381,24,3405,34
2021-03-18,Imperial,025,180216,27479,27190,2506,29696,695
2021-03-18,Inyo,027,18085,1363,1354,9,1363,35
2021-03-18,Kern,029,883053,94882,93458,10093,103551,1158
2021-03-18,Kings,031,150075,22675,22354,997,23351,235
2021-03-18,Lake,033,64148,3320,3260,8,3268,43
2021-03-18,Lassen,035,31185,5137,5126,99,5225,1
2021-03-18,Los Angeles,037,10098052,1184823,1174205,38726,1212931,22689
2021-03-18,Madera,039,155013,15996,15860,861,16721,211
2021-03-18,Marin,041,260295,13538,13435,181,13616,219
2021-03-18,Mariposa,043,17540,387,380,5,385,5
2021-03-18,Mendocino,045,87422,3726,3630,74,3704,45
2021-03-18,Merced,047,269075,29390,29317,951,30268,410
2021-03-18,Modoc,049,8938,345,341,118,459,3
2021-03-18,Mono,051,14174,1213,1215,16,1231,3
2021-03-18,Monterey,053,433212,42367,42105,1710,43815,335
2021-03-18,Napa,055,140530,9256,9243,30,9273,77
2021-03-18,Nevada,057,99092,4201,4154,168,4322,74
2021-03-18,Orange,059,3164182,250161,248050,10456,258506,4514
2021-03-18,Placer,061,380077,21266,20421,1183,21604,243
2021-03-18,Plumas,063,18699,661,648,10,658,4
2021-03-18,Riverside,065,2383286,288495,281789,13437,295226,3957
2021-03-18,Sacramento,067,1510023,97398,95819,1339,97158,1481
2021-03-18,San Benito,069,59416,5825,5842,89,5931,61
2021-03-18,San Bernardino,071,2135413,288251,284294,8590,292884,4076
2021-03-18,San Diego,073,3302833,268891,266752,13290,280042,3478
2021-03-18,San Francisco,075,870044,34882,34904,1144,36048,461
2021-03-18,San Joaquin,077,732212,68830,67301,2939,70240,1169
2021-03-18,San Luis Obispo,079,281455,20247,19894,597,20491,249
2021-03-18,San Mateo,081,765935,40330,39874,423,40297,344
2021-03-18,Santa Barbara,083,443738,33026,32640,1062,33702,434
2021-03-18,Santa Clara,085,1922200,113044,113119,617,113736,1808
2021-03-18,Santa Cruz,087,273765,15715,14998,783,15781,198
2021-03-18,Shasta,089,179085,11166,11059,1317,12376,100
2021-03-18,Sierra,091,2930,54,49,12,61,0
2021-03-18,Siskiyou,093,43540,1556,1480,245,1725,5
2021-03-18,Solano,095,438530,30550,30352,386,30738,172
2021-03-18,Sonoma,097,501317,28811,28915,243,29158,292
2021-03-18,Stanislaus,099,539301,52323,51615,5463,57078,682
2021-03-18,Sutter,101,95872,9009,8999,79,9078,103
2021-03-18,Tehama,103,63373,4717,4683,495,5178,35
2021-03-18,Trinity,105,12862,472,310,80,390,3
2021-03-18,Tulare,107,460477,49087,47964,8296,56260,805
2021-03-18,Tuolumne,109,53932,3895,3942,39,3981,57
2021-03-18,Ventura,111,848112,79379,78697,2810,81507,918
2021-03-18,Yolo,113,214977,13205,13183,166,13349,191
2021-03-18,Yuba,115,75493,5653,5612,90,5702,42
2021-03-17,Alameda,001,1643700,82850,82353,1727,84080,1185
2021-03-17,Alpine,002,1148,83,82,0,82,0
2021-03-17,Amador,005,37829,3519,3511,31,3542,44
2021-03-17,Butte,007,227075,11553,11170,1659,12829,185
2021-03-17,Calaveras,009,45235,1969,1946,11,1957,49
2021-03-17,Colusa,011,21464,1884,1882,270,2152,12
2021-03-17,Contra Costa,013,1133247,64935,64026,1095,65121,737
2021-03-17,Del Norte,015,27424,1116,1053,5,1058,6
2021-03-17,El Dorado,017,186661,9343,9252,610,9862,105
2021-03-17,Fresno,019,978130,98778,97727,7995,105722,1507
2021-03-17,Glenn,021,27897,2313,2269,512,2781,17
2021-03-17,Humboldt,023,135768,3390,3365,24,3389,33
2021-03-17,Imperial,025,180216,27462,27168,2503,29671,691
2021-03-17,Inyo,027,18085,1361,1351,9,1360,35
2021-03-17,Kern,029,883053,94826,93392,10080,103472,1149
2021-03-17,Kings,031,150075,22659,22336,996,23332,233
2021-03-17,Lake,033,64148,3313,3251,8,3259,43
2021-03-17,Lassen,035,31185,5136,5125,99,5224,1
2021-03-17,Los Angeles,037,10098052,1184369,1173416,38693,1212109,22602
2021-03-17,Madera,039,155013,15989,15835,861,16696,214
2021-03-17,Marin,041,260295,13521,13428,180,13608,218
2021-03-17,Mariposa,043,17540,387,379,5,384,5
2021-03-17,Mendocino,045,87422,3722,3625,74,3699,44
2021-03-17,Merced,047,269075,29362,29250,947,30197,408
2021-03-17,Modoc,049,8938,345,341,118,459,3
2021-03-17,Mono,051,14174,1211,1212,16,1228,3
2021-03-17,Monterey,053,433212,42349,42061,1707,43768,334
2021-03-17,Napa,055,140530,9241,9219,30,9249,76
2021-03-17,Nevada,057,99092,4191,4145,168,4313,74
2021-03-17,Orange,059,3164182,250043,247943,10428,258371,4502
2021-03-17,Placer,061,380077,21238,20369,1182,21551,243
2021-03-17,Plumas,063,18699,660,645,10,655,4
2021-03-17,Riverside,065,2383286,288380,281649,13429,295078,3925
2021-03-17,Sacramento,067,1510023,97270,95650,1334,96984,1477
2021-03-17,San Benito,069,59416,5822,5841,89,5930,61
2021-03-17,San Bernardino,071,2135413,288134,284170,8585,292755,4049
2021-03-17,San Diego,073,3302833,268680,266313,13272,279585,3470
2021-03-17,San Francisco,075,870044,34847,34873,1143,36016,457
2021-03-17,San Joaquin,077,732212,68745,67093,2923,70016,1164
2021-03-17,San Luis Obispo,079,281455,20224,19858,593,20451,249
2021-03-17,San Mateo,081,765935,40300,39838,422,40260,344
2021-03-17,Santa Barbara,083,443738,33004,32585,1061,33646,433
2021-03-17,Santa Clara,085,1922200,112951,112983,616,113599,1805
2021-03-17,Santa Cruz,087,273765,15707,14967,783,15750,199
2021-03-17,Shasta,089,179085,11161,11045,1314,12359,100
2021-03-17,Sierra,091,2930,54,49,12,61,0
2021-03-17,Siskiyou,093,43540,1555,1479,244,1723,5
2021-03-17,Solano,095,438530,30524,30320,384,30704,171
2021-03-17,Sonoma,097,501317,28787,28877,242,29119,292
2021-03-17,Stanislaus,099,539301,52248,51524,5456,56980,682
2021-03-17,Sutter,101,95872,8999,8982,79,9061,103
2021-03-17,Tehama,103,63373,4712,4670,495,5165,34
2021-03-17,Trinity,105,12862,472,308,80,388,3
2021-03-17,Tulare,107,460477,49067,47929,8286,56215,805
2021-03-17,Tuolumne,109,53932,3892,3938,39,3977,57
2021-03-17,Ventura,111,848112,79323,78648,2807,81455,916
2021-03-17,Yolo,113,214977,13188,13169,166,13335,190
2021-03-17,Yuba,115,75493,5650,5603,90,5693,42
2021-03-16,Alameda,001,1643700,82739,82259,1725,83984,1177
2021-03-16,Alpine,002,1148,83,82,0,82,0
2021-03-16,Amador,005,37829,3517,3510,31,3541,44
2021-03-16,Butte,007,227075,11541,11154,1658,12812,184
2021-03-16,Calaveras,009,45235,1964,1945,11,1956,49
2021-03-16,Colusa,011,21464,1883,1882,270,2152,12
2021-03-16,Contra Costa,013,1133247,64852,63951,1092,65043,736
2021-03-16,Del Norte,015,27424,1108,1048,5,1053,6
2021-03-16,El Dorado,017,186661,9328,9249,610,9859,105
2021-03-16,Fresno,019,978130,98640,97638,7975,105613,1498
2021-03-16,Glenn,021,27897,2305,2267,508,2775,17
2021-03-16,Humboldt,023,135768,3386,3351,24,3375,33
2021-03-16,Imperial,025,180216,27451,27143,2500,29643,689
2021-03-16,Inyo,027,18085,1360,1346,9,1355,35
2021-03-16,Kern,029,883053,94760,93340,10065,103405,1144
2021-03-16,Kings,031,150075,22623,22320,995,23315,233
2021-03-16,Lake,033,64148,3305,3246,8,3254,43
2021-03-16,Lassen,035,31185,5135,5126,99,5225,1
2021-03-16,Los Angeles,037,10098052,1183837,1172676,38654,1211330,22527
2021-03-16,Madera,039,155013,15973,15822,859,16681,214
2021-03-16,Marin,041,260295,13503,13419,180,13599,218
2021-03-16,Mariposa,043,17540,384,379,5,384,5
2021-03-16,Mendocino,045,87422,3717,3623,74,3697,44
2021-03-16,Merced,047,269075,29309,29198,946,30144,407
2021-03-16,Modoc,049,8938,345,341,118,459,3
2021-03-16,Mono,051,14174,1210,1207,16,1223,3
2021-03-16,Monterey,053,433212,42330,42023,1707,43730,334
2021-03-16,Napa,055,140530,9231,9209,30,9239,75
2021-03-16,Nevada,057,99092,4182,4132,167,4299,67
2021-03-16,Orange,059,3164182,249904,247843,10409,258252,4479
2021-03-16,Placer,061,380077,21206,20339,1178,21517,240
2021-03-16,Plumas,063,18699,659,643,10,653,4
2021-03-16,Riverside,065,2383286,288266,281540,13417,294957,3893
2021-03-16,Sacramento,067,1510023,97127,95522,1330,96852,1466
2021-03-16,San Benito,069,59416,5817,5831,89,5920,61
2021-03-16,San Bernardino,071,2135413,288004,283980,8578,292558,4032
2021-03-16,San Diego,073,3302833,268448,265903,13259,279162,3462
2021-03-16,San Francisco,075,870044,34818,34833,1138,35971,456
2021-03-16,San Joaquin,077,732212,68643,66856,2911,69767,1163
2021-03-16,San Luis Obispo,079,281455,20194,19832,591,20423,248
2021-03-16,San Mateo,081,765935,40266,39806,420,40226,344
2021-03-16,Santa Barbara,083,443738,32972,32556,1060,33616,433
2021-03-16,Santa Clara,085,1922200,112833,112845,613,113458,1797
2021-03-16,Santa Cruz,087,273765,15701,14926,783,15709,199
2021-03-16,Shasta,089,179085,11145,11035,1312,12347,100
2021-03-16,Sierra,091,2930,53,49,12,61,0
2021-03-16,Siskiyou,093,43540,1552,1477,244,1721,5
2021-03-16,Solano,095,438530,30490,30298,382,30680,171
2021-03-16,Sonoma,097,501317,28754,28850,240,29090,291
2021-03-16,Stanislaus,099,539301,52168,51410,5449,56859,683
2021-03-16,Sutter,101,95872,8991,8970,79,9049,102
2021-03-16,Tehama,103,63373,4709,4660,494,5154,34
2021-03-16,Trinity,105,12862,472,308,79,387,3
2021-03-16,Tulare,107,460477,49019,47895,8278,56173,803
2021-03-16,Tuolumne,109,53932,3889,3938,39,3977,57
2021-03-16,Ventura,111,848112,79257,78671,2800,81471,916
2021-03-16,Yolo,113,214977,13173,13162,166,13328,190
2021-03-16,Yuba,115,75493,5647,5596,89,5685,42
2021-03-15,Alameda,001,1643700,82650,82159,1724,83883,1167
2021-03-15,Alpine,002,1148,83,82,0,82,0
2021-03-15,Amador,005,37829,3516,3506,31,3537,44
2021-03-15,Butte,007,227075,11528,11141,1654,12795,185
2021-03-15,Calaveras,009,45235,1963,1941,11,1952,49
2021-03-15,Colusa,011,21464,1883,1883,270,2153,12
2021-03-15,Contra Costa,013,1133247,64790,63847,1091,64938,732
2021-03-15,Del Norte,015,27424,1105,1048,5,1053,6
2021-03-15,El Dorado,017,186661,9322,9235,610,9845,103
2021-03-15,Fresno,019,978130,98513,97520,7960,105480,1496
2021-03-15,Glenn,021,27897,2300,2261,505,2766,15
2021-03-15,Humboldt,023,135768,3380,3337,24,3361,32
2021-03-15,Imperial,025,180216,27431,27122,2497,29619,684
2021-03-15,Inyo,027,18085,1360,1346,9,1355,35
2021-03-15,Kern,029,883053,94700,93266,10058,103324,1141
2021-03-15,Kings,031,150075,22606,22294,989,23283,233
2021-03-15,Lake,033,64148,3293,3237,8,3245,43
2021-03-15,Lassen,035,31185,5135,5125,99,5224,1
2021-03-15,Los Angeles,037,10098052,1183264,1172445,38623,1211068,22477
2021-03-15,Madera,039,155013,15962,15806,857,16663,214
2021-03-15,Marin,041,260295,13497,13408,179,13587,218
2021-03-15,Mariposa,043,17540,384,376,5,381,5
2021-03-15,Mendocino,045,87422,3713,3615,74,3689,44
2021-03-15,Merced,047,269075,29271,29169,944,30113,407
2021-03-15,Modoc,049,8938,345,340,118,458,3
2021-03-15,Mono,051,14174,1209,1206,16,1222,3
2021-03-15,Monterey,053,433212,42301,42011,1704,43715,333
2021-03-15,Napa,055,140530,9220,9196,30,9226,75
2021-03-15,Nevada,057,99092,4177,4123,166,4289,66
2021-03-15,Orange,059,3164182,249791,247697,10390,258087,4481
2021-03-15,Placer,061,380077,21183,20308,1178,21486,238
2021-03-15,Plumas,063,18699,659,642,10,652,4
2021-03-15,Riverside,065,2383286,288114,281367,13407,294774,3856
2021-03-15,Sacramento,067,1510023,96974,95414,1324,96738,1463
2021-03-15,San Benito,069,59416,5814,5831,89,5920,61
2021-03-15,San Bernardino,071,2135413,287913,283815,8570,292385,4004
2021-03-15,San Diego,073,3302833,268199,265646,13243,278889,3452
2021-03-15,San Francisco,075,870044,34783,34820,1134,35954,456
2021-03-15,San Joaquin,077,732212,68540,66622,2899,69521,1140
2021-03-15,San Luis Obispo,079,281455,20163,19813,587,20400,247
2021-03-15,San Mateo,081,765935,40212,39765,420,40185,344
2021-03-15,Santa Barbara,083,443738,32949,32529,1057,33586,431
2021-03-15,Santa Clara,085,1922200,112732,112729,611,113340,1798
2021-03-15,Santa Cruz,087,273765,15695,14899,782,15681,200
2021-03-15,Shasta,089,179085,11129,11019,1307,12326,92
2021-03-15,Sierra,091,2930,53,49,12,61,0
2021-03-15,Siskiyou,093,43540,1552,1475,244,1719,5
2021-03-15,Solano,095,438530,30461,30258,381,30639,171
2021-03-15,Sonoma,097,501317,28736,28814,237,29051,285
2021-03-15,Stanislaus,099,539301,52089,51357,5442,56799,683
2021-03-15,Sutter,101,95872,8985,8962,79,9041,102
2021-03-15,Tehama,103,63373,4694,4650,493,5143,34
2021-03-15,Trinity,105,12862,472,308,79,387,3
2021-03-15,Tulare,107,460477,48989,47857,8263,56120,800
2021-03-15,Tuolumne,109,53932,3887,3937,38,3975,57
2021-03-15,Ventura,111,848112,79201,78626,2799,81425,910
2021-03-15,Yolo,113,214977,13154,13131,166,13297,190
2021-03-15,Yuba,115,75493,5642,5585,88,5673,42
2021-03-14,Alameda,001,1643700,82565,82116,1721,83837,1168
2021-03-14,Alpine,002,1148,83,82,0,82,0
2021-03-14,Amador,005,37829,3511,3504,31,3535,44
2021-03-14,Butte,007,227075,11515,11140,1650,12790,185
2021-03-14,Calaveras,009,45235,1959,1939,11,1950,49
2021-03-14,Colusa,011,21464,1883,1883,270,2153,12
2021-03-14,Contra Costa,013,1133247,64686,63808,1090,64898,731
2021-03-14,Del Norte,015,27424,1091,1048,5,1053,6
2021-03-14,El Dorado,017,186661,9312,9231,610,9841,103
2021-03-14,Fresno,019,978130,98405,97461,7942,105403,1496
2021-03-14,Glenn,021,27897,2295,2260,502,2762,15
2021-03-14,Humboldt,023,135768,3366,3335,24,3359,32
2021-03-14,Imperial,025,180216,27416,27122,2492,29614,685
2021-03-14,Inyo,027,18085,1356,1346,9,1355,35
2021-03-14,Kern,029,883053,94617,93252,10040,103292,1141
2021-03-14,Kings,031,150075,22587,22292,987,23279,232
2021-03-14,Lake,033,64148,3288,3237,8,3245,43
2021-03-14,Lassen,035,31185,5133,5125,99,5224,1
2021-03-14,Los Angeles,037,10098052,1182687,1172100,38593,1210693,22476
2021-03-14,Madera,039,155013,15937,15804,857,16661,214
2021-03-14,Marin,041,260295,13481,13405,177,13582,218
2021-03-14,Mariposa,043,17540,382,376,5,381,5
2021-03-14,Mendocino,045,87422,3708,3613,74,3687,44
2021-03-14,Merced,047,269075,29203,29149,940,30089,407
2021-03-14,Modoc,049,8938,345,340,118,458,3
2021-03-14,Mono,051,14174,1203,1206,16,1222,3
2021-03-14,Monterey,053,433212,42277,42007,1701,43708,333
2021-03-14,Napa,055,140530,9202,9194,30,9224,75
2021-03-14,Nevada,057,99092,4171,4122,164,4286,66
2021-03-14,Orange,059,3164182,249659,247656,10371,258027,4460
2021-03-14,Placer,061,380077,21148,20288,1170,21458,238
2021-03-14,Plumas,063,18699,657,642,10,652,4
2021-03-14,Riverside,065,2383286,287956,281332,13399,294731,3845
2021-03-14,Sacramento,067,1510023,96796,95343,1319,96662,1462
2021-03-14,San Benito,069,59416,5805,5829,89,5918,61
2021-03-14,San Bernardino,071,2135413,287790,283791,8559,292350,3996
2021-03-14,San Diego,073,3302833,267964,265468,13230,278698,3452
2021-03-14,San Francisco,075,870044,34744,34810,1131,35941,455
2021-03-14,San Joaquin,077,732212,68412,66563,2882,69445,1140
2021-03-14,San Luis Obispo,079,281455,20135,19806,585,20391,247
2021-03-14,San Mateo,081,765935,40173,39744,420,40164,342
2021-03-14,Santa Barbara,083,443738,32905,32514,1055,33569,431
2021-03-14,Santa Clara,085,1922200,112604,112648,610,113258,1796
2021-03-14,Santa Cruz,087,273765,15679,14887,780,15667,200
2021-03-14,Shasta,089,179085,11113,11019,1300,12319,92
2021-03-14,Sierra,091,2930,53,49,12,61,0
2021-03-14,Siskiyou,093,43540,1549,1473,244,1717,5
2021-03-14,Solano,095,438530,30429,30230,376,30606,171
2021-03-14,Sonoma,097,501317,28701,28798,233,29031,284
2021-03-14,Stanislaus,099,539301,51969,51306,5434,56740,690
2021-03-14,Sutter,101,95872,8969,8958,79,9037,102
2021-03-14,Tehama,103,63373,4687,4650,492,5142,34
2021-03-14,Trinity,105,12862,471,308,78,386,3
2021-03-14,Tulare,107,460477,48956,47845,8242,56087,800
2021-03-14,Tuolumne,109,53932,3885,3937,38,3975,57
2021-03-14,Ventura,111,848112,79153,78611,2793,81404,910
2021-03-14,Yolo,113,214977,13131,13128,163,13291,189
2021-03-14,Yuba,115,75493,5632,5583,88,5671,42
2021-03-13,Alameda,001,1643700,82505,82010,1721,83731,1168
2021-03-13,Alpine,002,1148,83,82,0,82,0
2021-03-13,Amador,005,37829,3508,3504,31,3535,44
2021-03-13,Butte,007,227075,11506,11131,1649,12780,185
2021-03-13,Calaveras,009,45235,1958,1939,11,1950,49
2021-03-13,Colusa,011,21464,1883,1882,270,2152,12
2021-03-13,Contra Costa,013,1133247,64625,63689,1090,64779,731
2021-03-13,Del Norte,015,27424,1087,1041,5,1046,6
2021-03-13,El Dorado,017,186661,9304,9221,610,9831,103
2021-03-13,Fresno,019,978130,98346,97324,7922,105246,1495
2021-03-13,Glenn,021,27897,2294,2260,501,2761,15
2021-03-13,Humboldt,023,135768,3359,3325,24,3349,32
2021-03-13,Imperial,025,180216,27410,27099,2488,29587,677
2021-03-13,Inyo,027,18085,1355,1344,9,1353,35
2021-03-13,Kern,029,883053,94578,93197,10034,103231,1140
2021-03-13,Kings,031,150075,22571,22265,986,23251,232
2021-03-13,Lake,033,64148,3281,3234,7,3241,43
2021-03-13,Lassen,035,31185,5133,5125,99,5224,1
2021-03-13,Los Angeles,037,10098052,1182369,1171505,38551,1210056,22451
2021-03-13,Madera,039,155013,15925,15780,857,16637,214
2021-03-13,Marin,041,260295,13475,13391,175,13566,218
2021-03-13,Mariposa,043,17540,381,376,5,381,5
2021-03-13,Mendocino,045,87422,3704,3611,74,3685,44
2021-03-13,Merced,047,269075,29172,29106,940,30046,406
2021-03-13,Modoc,049,8938,345,340,117,457,3
2021-03-13,Mono,051,14174,1203,1207,16,1223,3
2021-03-13,Monterey,053,433212,42267,41989,1699,43688,332
2021-03-13,Napa,055,140530,9196,9190,30,9220,75
2021-03-13,Nevada,057,99092,4164,4111,163,4274,66
2021-03-13,Orange,059,3164182,249578,247514,10355,257869,4423
2021-03-13,Placer,061,380077,21127,20238,1167,21405,239
2021-03-13,Plumas,063,18699,655,642,10,652,4
2021-03-13,Riverside,065,2383286,287864,281191,13391,294582,3848
2021-03-13,Sacramento,067,1510023,96709,95192,1317,96509,1461
2021-03-13,San Benito,069,59416,5802,5823,89,5912,61
2021-03-13,San Bernardino,071,2135413,287736,283727,8553,292280,3972
2021-03-13,San Diego,073,3302833,267809,265270,13216,278486,3444
2021-03-13,San Francisco,075,870044,34727,34784,1122,35906,455
2021-03-13,San Joaquin,077,732212,68356,66480,2860,69340,1141
2021-03-13,San Luis Obispo,079,281455,20117,19789,584,20373,247
2021-03-13,San Mateo,081,765935,40146,39689,419,40108,341
2021-03-13,Santa Barbara,083,443738,32880,32486,1054,33540,431
2021-03-13,Santa Clara,085,1922200,112519,112531,609,113140,1790
2021-03-13,Santa Cruz,087,273765,15672,14875,780,15655,199
2021-03-13,Shasta,089,179085,11105,11021,1297,12318,108
2021-03-13,Sierra,091,2930,52,49,12,61,0
2021-03-13,Siskiyou,093,43540,1547,1470,244,1714,5
2021-03-13,Solano,095,438530,30412,30198,376,30574,171
2021-03-13,Sonoma,097,501317,28681,28762,229,28991,285
2021-03-13,Stanislaus,099,539301,51918,51257,5430,56687,695
2021-03-13,Sutter,101,95872,8962,8948,79,9027,102
2021-03-13,Tehama,103,63373,4685,4647,492,5139,33
2021-03-13,Trinity,105,12862,471,306,78,384,3
2021-03-13,Tulare,107,460477,48930,47818,8234,56052,798
2021-03-13,Tuolumne,109,53932,3882,3937,38,3975,57
2021-03-13,Ventura,111,848112,79101,78693,2793,81486,906
2021-03-13,Yolo,113,214977,13122,13087,163,13250,189
2021-03-13,Yuba,115,75493,5631,5577,88,5665,42
2021-03-12,Alameda,001,1643700,82427,81898,1720,83618,1164
2021-03-12,Alpine,002,1148,83,82,0,82,0
2021-03-12,Amador,005,37829,3505,3503,31,3534,44
2021-03-12,Butte,007,227075,11496,11126,1647,12773,184
2021-03-12,Calaveras,009,45235,1958,1916,11,1927,49
2021-03-12,Colusa,011,21464,1883,1883,270,2153,12
2021-03-12,Contra Costa,013,1133247,64549,63583,1090,64673,728
2021-03-12,Del Norte,015,27424,1081,1033,5,1038,6
2021-03-12,El Dorado,017,186661,9295,9219,610,9829,103
2021-03-12,Fresno,019,978130,98249,97185,7911,105096,1489
2021-03-12,Glenn,021,27897,2293,2258,500,2758,15
2021-03-12,Humboldt,023,135768,3354,3315,24,3339,32
2021-03-12,Imperial,025,180216,27399,27071,2486,29557,677
2021-03-12,Inyo,027,18085,1353,1339,9,1348,35
2021-03-12,Kern,029,883053,94544,93142,10018,103160,1132
2021-03-12,Kings,031,150075,22552,22233,986,23219,232
2021-03-12,Lake,033,64148,3275,3226,6,3232,43
2021-03-12,Lassen,035,31185,5133,5125,98,5223,1
2021-03-12,Los Angeles,037,10098052,1181974,1170860,38534,1209394,22409
2021-03-12,Madera,039,155013,15913,15761,854,16615,214
2021-03-12,Marin,041,260295,13468,13375,175,13550,218
2021-03-12,Mariposa,043,17540,379,376,5,381,5
2021-03-12,Mendocino,045,87422,3701,3605,74,3679,43
2021-03-12,Merced,047,269075,29141,29064,940,30004,403
2021-03-12,Modoc,049,8938,345,340,117,457,3
2021-03-12,Mono,051,14174,1202,1206,16,1222,3
2021-03-12,Monterey,053,433212,42253,41964,1694,43658,329
2021-03-12,Napa,055,140530,9187,9180,30,9210,75
2021-03-12,Nevada,057,99092,4154,4101,163,4264,66
2021-03-12,Orange,059,3164182,249486,247388,10344,257732,4401
2021-03-12,Placer,061,380077,21094,20210,1162,21372,239
2021-03-12,Plumas,063,18699,654,641,10,651,4
2021-03-12,Riverside,065,2383286,287765,281037,13384,294421,3854
2021-03-12,Sacramento,067,1510023,96585,95061,1311,96372,1460
2021-03-12,San Benito,069,59416,5799,5817,89,5906,61
2021-03-12,San Bernardino,071,2135413,287680,283558,8548,292106,3917
2021-03-12,San Diego,073,3302833,267646,264886,13208,278094,3434
2021-03-12,San Francisco,075,870044,34707,34758,1119,35877,452
2021-03-12,San Joaquin,077,732212,68285,66482,2851,69333,1144
2021-03-12,San Luis Obispo,079,281455,20104,19769,582,20351,247
2021-03-12,San Mateo,081,765935,40110,39638,417,40055,341
2021-03-12,Santa Barbara,083,443738,32857,32457,1051,33508,429
2021-03-12,Santa Clara,085,1922200,112424,112396,608,113004,1766
2021-03-12,Santa Cruz,087,273765,15660,14846,778,15624,195
2021-03-12,Shasta,089,179085,11096,11143,1295,12438,153
2021-03-12,Sierra,091,2930,52,49,12,61,0
2021-03-12,Siskiyou,093,43540,1547,1468,243,1711,5
2021-03-12,Solano,095,438530,30393,30180,375,30555,171
2021-03-12,Sonoma,097,501317,28654,28714,229,28943,285
2021-03-12,Stanislaus,099,539301,51859,51146,5424,56570,701
2021-03-12,Sutter,101,95872,8956,8940,79,9019,101
2021-03-12,Tehama,103,63373,4681,4638,491,5129,33
2021-03-12,Trinity,105,12862,470,306,78,384,3
2021-03-12,Tulare,107,460477,48905,47772,8228,56000,798
2021-03-12,Tuolumne,109,53932,3881,3936,38,3974,57
2021-03-12,Ventura,111,848112,79055,78698,2789,81487,899
2021-03-12,Yolo,113,214977,13112,13061,156,13217,189
2021-03-12,Yuba,115,75493,5624,5563,87,5650,42
2021-03-11,Alameda,001,1643700,82336,81809,1715,83524,1164
2021-03-11,Alpine,002,1148,83,78,0,78,0
2021-03-11,Amador,005,37829,3504,3498,31,3529,42
2021-03-11,Butte,007,227075,11485,11110,1645,12755,185
2021-03-11,Calaveras,009,45235,1955,1915,11,1926,49
2021-03-11,Colusa,011,21464,1883,1883,270,2153,12
2021-03-11,Contra Costa,013,1133247,64476,63469,1088,64557,728
2021-03-11,Del Norte,015,27424,1076,1027,5,1032,6
2021-03-11,El Dorado,017,186661,9281,9211,610,9821,101
2021-03-11,Fresno,019,978130,98133,97026,7882,104908,1481
2021-03-11,Glenn,021,27897,2290,2255,500,2755,15
2021-03-11,Humboldt,023,135768,3337,3302,24,3326,32
2021-03-11,Imperial,025,180216,27391,27045,2483,29528,675
2021-03-11,Inyo,027,18085,1348,1335,9,1344,35
2021-03-11,Kern,029,883053,94488,93052,9979,103031,1121
2021-03-11,Kings,031,150075,22537,22183,983,23166,230
2021-03-11,Lake,033,64148,3271,3214,6,3220,42
2021-03-11,Lassen,035,31185,5132,5124,98,5222,1
2021-03-11,Los Angeles,037,10098052,1181441,1170111,38503,1208614,22316
2021-03-11,Madera,039,155013,15902,15725,852,16577,214
2021-03-11,Marin,041,260295,13456,13356,174,13530,217
2021-03-11,Mariposa,043,17540,379,376,5,381,5
2021-03-11,Mendocino,045,87422,3694,3604,74,3678,42
2021-03-11,Merced,047,269075,29093,29001,939,29940,401
2021-03-11,Modoc,049,8938,345,340,117,457,3
2021-03-11,Mono,051,14174,1201,1206,16,1222,3
2021-03-11,Monterey,053,433212,42230,41936,1688,43624,329
2021-03-11,Napa,055,140530,9174,9173,30,9203,75
2021-03-11,Nevada,057,99092,4142,4085,161,4246,66
2021-03-11,Orange,059,3164182,249348,247217,10327,257544,4373
2021-03-11,Placer,061,380077,21052,20178,1158,21336,239
2021-03-11,Plumas,063,18699,653,640,10,650,4
2021-03-11,Riverside,065,2383286,287594,280881,13371,294252,3842
2021-03-11,Sacramento,067,1510023,96444,94912,1308,96220,1455
2021-03-11,San Benito,069,59416,5796,5816,89,5905,61
2021-03-11,San Bernardino,071,2135413,287584,283312,8542,291854,3869
2021-03-11,San Diego,073,3302833,267481,264524,13192,277716,3422
2021-03-11,San Francisco,075,870044,34671,34722,1113,35835,452
2021-03-11,San Joaquin,077,732212,68173,66522,2843,69365,1157
2021-03-11,San Luis Obispo,079,281455,20079,19748,581,20329,247
2021-03-11,San Mateo,081,765935,40073,39590,416,40006,341
2021-03-11,Santa Barbara,083,443738,32829,32408,1046,33454,430
2021-03-11,Santa Clara,085,1922200,112295,112246,605,112851,1765
2021-03-11,Santa Cruz,087,273765,15648,14812,777,15589,193
2021-03-11,Shasta,089,179085,11086,11139,1290,12429,158
2021-03-11,Sierra,091,2930,52,48,12,60,0
2021-03-11,Siskiyou,093,43540,1544,1466,242,1708,5
2021-03-11,Solano,095,438530,30365,30138,374,30512,171
2021-03-11,Sonoma,097,501317,28625,28677,229,28906,285
2021-03-11,Stanislaus,099,539301,51774,51038,5416,56454,707
2021-03-11,Sutter,101,95872,8950,8933,79,9012,101
2021-03-11,Tehama,103,63373,4673,4632,491,5123,33
2021-03-11,Trinity,105,12862,469,304,77,381,3
2021-03-11,Tulare,107,460477,48868,47709,8217,55926,797
2021-03-11,Tuolumne,109,53932,3879,3934,38,3972,57
2021-03-11,Ventura,111,848112,79005,78697,2785,81482,889
2021-03-11,Yolo,113,214977,13094,13041,155,13196,190
2021-03-11,Yuba,115,75493,5620,5553,87,5640,42
2021-03-10,Alameda,001,1643700,82230,81701,1710,83411,1160
2021-03-10,Alpine,002,1148,82,78,0,78,0
2021-03-10,Amador,005,37829,3502,3496,31,3527,42
2021-03-10,Butte,007,227075,11475,11096,1645,12741,185
2021-03-10,Calaveras,009,45235,1949,1913,11,1924,48
2021-03-10,Colusa,011,21464,1883,1882,270,2152,12
2021-03-10,Contra Costa,013,1133247,64376,63372,1084,64456,725
2021-03-10,Del Norte,015,27424,1074,1020,5,1025,5
2021-03-10,El Dorado,017,186661,9268,9203,610,9813,100
2021-03-10,Fresno,019,978130,98026,96866,7866,104732,1471
2021-03-10,Glenn,021,27897,2287,2253,498,2751,15
2021-03-10,Humboldt,023,135768,3327,3296,23,3319,32
2021-03-10,Imperial,025,180216,27376,27051,2483,29534,675
2021-03-10,Inyo,027,18085,1348,1328,9,1337,35
2021-03-10,Kern,029,883053,94422,92965,9958,102923,1102
2021-03-10,Kings,031,150075,22518,22166,982,23148,226
2021-03-10,Lake,033,64148,3261,3207,6,3213,42
2021-03-10,Lassen,035,31185,5132,5120,98,5218,1
2021-03-10,Los Angeles,037,10098052,1180894,1169079,38478,1207557,22199
2021-03-10,Madera,039,155013,15881,15705,849,16554,212
2021-03-10,Marin,041,260295,13446,13348,173,13521,216
2021-03-10,Mariposa,043,17540,379,376,5,381,5
2021-03-10,Mendocino,045,87422,3689,3602,74,3676,42
2021-03-10,Merced,047,269075,29055,28927,936,29863,401
2021-03-10,Modoc,049,8938,344,338,117,455,3
2021-03-10,Mono,051,14174,1197,1204,16,1220,3
2021-03-10,Monterey,053,433212,42208,41920,1684,43604,329
2021-03-10,Napa,055,140530,9165,9165,30,9195,75
2021-03-10,Nevada,057,99092,4138,4074,161,4235,66
2021-03-10,Orange,059,3164182,249199,247075,10312,257387,4342
2021-03-10,Placer,061,380077,21018,20144,1152,21296,239
2021-03-10,Plumas,063,18699,652,639,10,649,4
2021-03-10,Riverside,065,2383286,287453,280708,13357,294065,3822
2021-03-10,Sacramento,067,1510023,96314,94796,1302,96098,1452
2021-03-10,San Benito,069,59416,5787,5811,89,5900,61
2021-03-10,San Bernardino,071,2135413,287491,283140,8536,291676,3841
2021-03-10,San Diego,073,3302833,267259,264094,13180,277274,3413
2021-03-10,San Francisco,075,870044,34636,34688,1105,35793,450
2021-03-10,San Joaquin,077,732212,68071,66483,2826,69309,1156
2021-03-10,San Luis Obispo,079,281455,20055,19710,577,20287,247
2021-03-10,San Mateo,081,765935,40049,39571,416,39987,338
2021-03-10,Santa Barbara,083,443738,32802,32356,1043,33399,429
2021-03-10,Santa Clara,085,1922200,112186,112103,601,112704,1759
2021-03-10,Santa Cruz,087,273765,15633,14790,776,15566,192
2021-03-10,Shasta,089,179085,11076,11125,1287,12412,155
2021-03-10,Sierra,091,2930,52,48,12,60,0
2021-03-10,Siskiyou,093,43540,1542,1458,242,1700,5
2021-03-10,Solano,095,438530,30335,30111,373,30484,170
2021-03-10,Sonoma,097,501317,28590,28638,228,28866,286
2021-03-10,Stanislaus,099,539301,51687,50968,5397,56365,706
2021-03-10,Sutter,101,95872,8939,8918,79,8997,101
2021-03-10,Tehama,103,63373,4662,4623,490,5113,33
2021-03-10,Trinity,105,12862,469,304,77,381,3
2021-03-10,Tulare,107,460477,48820,47659,8199,55858,793
2021-03-10,Tuolumne,109,53932,3878,3931,38,3969,57
2021-03-10,Ventura,111,848112,78928,78609,2783,81392,878
2021-03-10,Yolo,113,214977,13070,13021,155,13176,189
2021-03-10,Yuba,115,75493,5607,5545,86,5631,42
2021-03-09,Alameda,001,1643700,82143,81618,1710,83328,1151
2021-03-09,Alpine,002,1148,82,78,0,78,0
2021-03-09,Amador,005,37829,3500,3494,31,3525,42
2021-03-09,Butte,007,227075,11462,11092,1644,12736,185
2021-03-09,Calaveras,009,45235,1947,1913,11,1924,48
2021-03-09,Colusa,011,21464,1883,1880,270,2150,11
2021-03-09,Contra Costa,013,1133247,64286,63314,1082,64396,723
2021-03-09,Del Norte,015,27424,1066,1017,5,1022,5
2021-03-09,El Dorado,017,186661,9260,9198,610,9808,98
2021-03-09,Fresno,019,978130,97907,96744,7840,104584,1463
2021-03-09,Glenn,021,27897,2283,2251,496,2747,15
2021-03-09,Humboldt,023,135768,3315,3288,22,3310,32
2021-03-09,Imperial,025,180216,27366,27045,2479,29524,675
2021-03-09,Inyo,027,18085,1346,1324,9,1333,35
2021-03-09,Kern,029,883053,94343,92924,9940,102864,1088
2021-03-09,Kings,031,150075,22493,22143,980,23123,226
2021-03-09,Lake,033,64148,3255,3202,6,3208,42
2021-03-09,Lassen,035,31185,5132,5120,98,5218,1
2021-03-09,Los Angeles,037,10098052,1180297,1167967,38445,1206412,22080
2021-03-09,Madera,039,155013,15870,15701,847,16548,211
2021-03-09,Marin,041,260295,13428,13335,171,13506,214
2021-03-09,Mariposa,043,17540,379,376,5,381,5
2021-03-09,Mendocino,045,87422,3685,3595,74,3669,42
2021-03-09,Merced,047,269075,28995,28876,933,29809,399
2021-03-09,Modoc,049,8938,344,338,116,454,3
2021-03-09,Mono,051,14174,1196,1203,16,1219,3
2021-03-09,Monterey,053,433212,42189,41894,1676,43570,329
2021-03-09,Napa,055,140530,9151,9155,30,9185,75
2021-03-09,Nevada,057,99092,4130,4062,161,4223,66
2021-03-09,Orange,059,3164182,249057,246989,10293,257282,4310
2021-03-09,Placer,061,380077,20976,20122,1147,21269,239
2021-03-09,Plumas,063,18699,649,639,10,649,4
2021-03-09,Riverside,065,2383286,287320,280562,13353,293915,3821
2021-03-09,Sacramento,067,1510023,96147,94720,1296,96016,1442
2021-03-09,San Benito,069,59416,5783,5800,89,5889,61
2021-03-09,San Bernardino,071,2135413,287376,282971,8530,291501,3823
2021-03-09,San Diego,073,3302833,267027,263745,13159,276904,3405
2021-03-09,San Francisco,075,870044,34605,34654,1101,35755,450
2021-03-09,San Joaquin,077,732212,67944,66383,2816,69199,1150
2021-03-09,San Luis Obispo,079,281455,20038,19672,570,20242,245
2021-03-09,San Mateo,081,765935,40001,39535,414,39949,336
2021-03-09,Santa Barbara,083,443738,32761,32314,1041,33355,428
2021-03-09,Santa Clara,085,1922200,112075,111963,596,112559,1756
2021-03-09,Santa Cruz,087,273765,15611,14764,775,15539,188
2021-03-09,Shasta,089,179085,11069,11113,1282,12395,155
2021-03-09,Sierra,091,2930,52,48,12,60,0
2021-03-09,Siskiyou,093,43540,1538,1447,240,1687,5
2021-03-09,Solano,095,438530,30298,30090,371,30461,169
2021-03-09,Sonoma,097,501317,28540,28601,225,28826,284
2021-03-09,Stanislaus,099,539301,51588,50884,5388,56272,703
2021-03-09,Sutter,101,95872,8926,8914,79,8993,101
2021-03-09,Tehama,103,63373,4657,4620,490,5110,33
2021-03-09,Trinity,105,12862,469,304,77,381,3
2021-03-09,Tulare,107,460477,48793,47637,8180,55817,792
2021-03-09,Tuolumne,109,53932,3876,3929,38,3967,56
2021-03-09,Ventura,111,848112,78865,78526,2781,81307,863
2021-03-09,Yolo,113,214977,13058,13015,153,13168,189
2021-03-09,Yuba,115,75493,5600,5539,86,5625,42
2021-03-08,Alameda,001,1643700,82032,81543,1709,83252,1142
2021-03-08,Alpine,002,1148,82,78,0,78,0
2021-03-08,Amador,005,37829,3497,3490,31,3521,42
2021-03-08,Butte,007,227075,11449,11082,1643,12725,185
2021-03-08,Calaveras,009,45235,1943,1909,11,1920,48
2021-03-08,Colusa,011,21464,1883,1877,270,2147,11
2021-03-08,Contra Costa,013,1133247,64190,63240,1082,64322,719
2021-03-08,Del Norte,015,27424,1061,1012,5,1017,5
2021-03-08,El Dorado,017,186661,9257,9188,609,9797,97
2021-03-08,Fresno,019,978130,97808,96665,7819,104484,1442
2021-03-08,Glenn,021,27897,2282,2249,496,2745,15
2021-03-08,Humboldt,023,135768,3301,3278,22,3300,31
2021-03-08,Imperial,025,180216,27358,27033,2476,29509,663
2021-03-08,Inyo,027,18085,1344,1320,9,1329,35
2021-03-08,Kern,029,883053,94277,92857,9920,102777,1087
2021-03-08,Kings,031,150075,22472,22130,978,23108,226
2021-03-08,Lake,033,64148,3243,3195,6,3201,42
2021-03-08,Lassen,035,31185,5132,5119,98,5217,1
2021-03-08,Los Angeles,037,10098052,1179676,1163409,38414,1201823,21868
2021-03-08,Madera,039,155013,15860,15691,845,16536,211
2021-03-08,Marin,041,260295,13408,13328,169,13497,214
2021-03-08,Mariposa,043,17540,379,376,5,381,5
2021-03-08,Mendocino,045,87422,3683,3590,73,3663,42
2021-03-08,Merced,047,269075,28935,28841,932,29773,398
2021-03-08,Modoc,049,8938,344,338,116,454,3
2021-03-08,Mono,051,14174,1195,1200,16,1216,3
2021-03-08,Monterey,053,433212,42168,41863,1675,43538,328
2021-03-08,Napa,055,140530,9148,9146,30,9176,75
2021-03-08,Nevada,057,99092,4122,4059,161,4220,66
2021-03-08,Orange,059,3164182,248884,246900,10262,257162,4243
2021-03-08,Placer,061,380077,20941,20102,1136,21238,239
2021-03-08,Plumas,063,18699,648,635,10,645,4
2021-03-08,Riverside,065,2383286,287168,280463,13343,293806,3783
2021-03-08,Sacramento,067,1510023,95978,94654,1291,95945,1438
2021-03-08,San Benito,069,59416,5780,5797,89,5886,61
2021-03-08,San Bernardino,071,2135413,287265,282894,8523,291417,3811
2021-03-08,San Diego,073,3302833,266786,263272,13144,276416,3390
2021-03-08,San Francisco,075,870044,34579,34634,1097,35731,446
2021-03-08,San Joaquin,077,732212,67828,66307,2807,69114,1139
2021-03-08,San Luis Obispo,079,281455,19995,19656,567,20223,245
2021-03-08,San Mateo,081,765935,39952,39492,412,39904,335
2021-03-08,Santa Barbara,083,443738,32729,32293,1041,33334,427
2021-03-08,Santa Clara,085,1922200,111947,111882,594,112476,1756
2021-03-08,Santa Cruz,087,273765,15591,14729,775,15504,188
2021-03-08,Shasta,089,179085,11061,11088,1277,12365,155
2021-03-08,Sierra,091,2930,52,48,12,60,0
2021-03-08,Siskiyou,093,43540,1537,1440,240,1680,5
2021-03-08,Solano,095,438530,30258,30068,369,30437,169
2021-03-08,Sonoma,097,501317,28496,28571,224,28795,284
2021-03-08,Stanislaus,099,539301,51509,50825,5383,56208,690
2021-03-08,Sutter,101,95872,8923,8905,79,8984,100
2021-03-08,Tehama,103,63373,4653,4615,490,5105,33
2021-03-08,Trinity,105,12862,468,302,77,379,3
2021-03-08,Tulare,107,460477,48752,47587,8155,55742,791
2021-03-08,Tuolumne,109,53932,3875,3921,38,3959,56
2021-03-08,Ventura,111,848112,78792,78526,2773,81299,852
2021-03-08,Yolo,113,214977,13035,13000,153,13153,189
2021-03-08,Yuba,115,75493,5590,5530,86,5616,42
2021-03-07,Alameda,001,1643700,81912,81413,1708,83121,1145
2021-03-07,Alpine,002,1148,82,78,0,78,0
2021-03-07,Amador,005,37829,3494,3489,31,3520,42
2021-03-07,Butte,007,227075,11433,11075,1642,12717,185
2021-03-07,Calaveras,009,45235,1939,1906,11,1917,48
2021-03-07,Colusa,011,21464,1883,1876,270,2146,11
2021-03-07,Contra Costa,013,1133247,64091,63148,1080,64228,719
2021-03-07,Del Norte,015,27424,1056,1010,5,1015,5
2021-03-07,El Dorado,017,186661,9254,9184,608,9792,97
2021-03-07,Fresno,019,978130,97630,96549,7797,104346,1442
2021-03-07,Glenn,021,27897,2280,2244,496,2740,15
2021-03-07,Humboldt,023,135768,3291,3274,22,3296,31
2021-03-07,Imperial,025,180216,27349,27019,2474,29493,658
2021-03-07,Inyo,027,18085,1341,1320,9,1329,35
2021-03-07,Kern,029,883053,94190,92746,9890,102636,1086
2021-03-07,Kings,031,150075,22450,22103,978,23081,224
2021-03-07,Lake,033,64148,3237,3192,6,3198,42
2021-03-07,Lassen,035,31185,5131,5119,98,5217,1
2021-03-07,Los Angeles,037,10098052,1178949,1162749,38381,1201130,21857
2021-03-07,Madera,039,155013,15841,15675,845,16520,211
2021-03-07,Marin,041,260295,13400,13313,167,13480,214
2021-03-07,Mariposa,043,17540,378,376,5,381,5
2021-03-07,Mendocino,045,87422,3679,3581,73,3654,42
2021-03-07,Merced,047,269075,28861,28829,928,29757,399
2021-03-07,Modoc,049,8938,344,338,116,454,3
2021-03-07,Mono,051,14174,1193,1199,16,1215,3
2021-03-07,Monterey,053,433212,42147,41858,1672,43530,328
2021-03-07,Napa,055,140530,9138,9137,30,9167,75
2021-03-07,Nevada,057,99092,4108,4052,160,4212,66
2021-03-07,Orange,059,3164182,248692,246771,10235,257006,4218
2021-03-07,Placer,061,380077,20900,20070,1132,21202,239
2021-03-07,Plumas,063,18699,647,635,10,645,4
2021-03-07,Riverside,065,2383286,287020,280379,13334,293713,3779
2021-03-07,Sacramento,067,1510023,95801,94513,1285,95798,1437
2021-03-07,San Benito,069,59416,5773,5795,89,5884,61
2021-03-07,San Bernardino,071,2135413,287114,282860,8518,291378,3810
2021-03-07,San Diego,073,3302833,266504,262965,13120,276085,3390
2021-03-07,San Francisco,075,870044,34545,34594,1092,35686,445
2021-03-07,San Joaquin,077,732212,67692,66252,2794,69046,1139
2021-03-07,San Luis Obispo,079,281455,19958,19614,565,20179,245
2021-03-07,San Mateo,081,765935,39912,39436,409,39845,329
2021-03-07,Santa Barbara,083,443738,32683,32218,1040,33258,425
2021-03-07,Santa Clara,085,1922200,111802,111745,590,112335,1752
2021-03-07,Santa Cruz,087,273765,15569,14715,774,15489,189
2021-03-07,Shasta,089,179085,11048,11083,1269,12352,156
2021-03-07,Sierra,091,2930,51,48,12,60,0
2021-03-07,Siskiyou,093,43540,1536,1435,236,1671,5
2021-03-07,Solano,095,438530,30221,30027,369,30396,169
2021-03-07,Sonoma,097,501317,28447,28533,222,28755,284
2021-03-07,Stanislaus,099,539301,51377,50783,5367,56150,699
2021-03-07,Sutter,101,95872,8913,8900,79,8979,100
2021-03-07,Tehama,103,63373,4646,4614,489,5103,33
2021-03-07,Trinity,105,12862,468,302,77,379,3
2021-03-07,Tulare,107,460477,48693,47569,8124,55693,790
2021-03-07,Tuolumne,109,53932,3874,3922,37,3959,56
2021-03-07,Ventura,111,848112,78700,78487,2771,81258,851
2021-03-07,Yolo,113,214977,13016,12988,153,13141,189
2021-03-07,Yuba,115,75493,5585,5516,86,5602,42
2021-03-06,Alameda,001,1643700,81855,81310,1707,83017,1143
2021-03-06,Alpine,002,1148,82,78,0,78,0
2021-03-06,Amador,005,37829,3490,3487,31,3518,42
2021-03-06,Butte,007,227075,11428,11065,1641,12706,185
2021-03-06,Calaveras,009,45235,1935,1904,11,1915,48
2021-03-06,Colusa,011,21464,1881,1874,270,2144,11
2021-03-06,Contra Costa,013,1133247,64029,63040,1076,64116,719
2021-03-06,Del Norte,015,27424,1051,1000,5,1005,5
2021-03-06,El Dorado,017,186661,9250,9166,608,9774,97
2021-03-06,Fresno,019,978130,97534,96366,7786,104152,1440
2021-03-06,Glenn,021,27897,2280,2241,496,2737,15
2021-03-06,Humboldt,023,135768,3281,3260,22,3282,31
2021-03-06,Imperial,025,180216,27344,27009,2469,29478,658
2021-03-06,Inyo,027,18085,1338,1312,9,1321,35
2021-03-06,Kern,029,883053,94144,92684,9870,102554,1082
2021-03-06,Kings,031,150075,22435,22094,978,23072,224
2021-03-06,Lake,033,64148,3235,3189,6,3195,42
2021-03-06,Lassen,035,31185,5131,5119,98,5217,1
2021-03-06,Los Angeles,037,10098052,1178509,1161745,38353,1200098,21843
2021-03-06,Madera,039,155013,15832,15646,844,16490,211
2021-03-06,Marin,041,260295,13391,13289,167,13456,213
2021-03-06,Mariposa,043,17540,378,376,5,381,5
2021-03-06,Mendocino,045,87422,3677,3579,73,3652,42
2021-03-06,Merced,047,269075,28818,28771,928,29699,399
2021-03-06,Modoc,049,8938,343,338,116,454,3
2021-03-06,Mono,051,14174,1192,1198,16,1214,3
2021-03-06,Monterey,053,433212,42142,41838,1669,43507,327
2021-03-06,Napa,055,140530,9130,9129,30,9159,75
2021-03-06,Nevada,057,99092,4102,4044,160,4204,66
2021-03-06,Orange,059,3164182,248601,246634,10221,256855,4165
2021-03-06,Placer,061,380077,20877,20030,1130,21160,239
2021-03-06,Plumas,063,18699,647,634,10,644,4
2021-03-06,Riverside,065,2383286,286926,280225,13326,293551,3781
2021-03-06,Sacramento,067,1510023,95713,94332,1276,95608,1436
2021-03-06,San Benito,069,59416,5768,5793,89,5882,61
2021-03-06,San Bernardino,071,2135413,287030,282737,8516,291253,3791
2021-03-06,San Diego,073,3302833,266317,262778,13103,275881,3385
2021-03-06,San Francisco,075,870044,34513,34560,1088,35648,435
2021-03-06,San Joaquin,077,732212,67618,66162,2784,68946,1138
2021-03-06,San Luis Obispo,079,281455,19938,19592,563,20155,245
2021-03-06,San Mateo,081,765935,39887,39384,409,39793,329
2021-03-06,Santa Barbara,083,443738,32653,32176,1040,33216,424
2021-03-06,Santa Clara,085,1922200,111707,111570,587,112157,1749
2021-03-06,Santa Cruz,087,273765,15558,14701,774,15475,188
2021-03-06,Shasta,089,179085,11039,11076,1267,12343,158
2021-03-06,Sierra,091,2930,51,48,12,60,0
2021-03-06,Siskiyou,093,43540,1534,1432,236,1668,5
2021-03-06,Solano,095,438530,30192,30000,368,30368,169
2021-03-06,Sonoma,097,501317,28424,28484,220,28704,284
2021-03-06,Stanislaus,099,539301,51307,50691,5361,56052,711
2021-03-06,Sutter,101,95872,8907,8887,79,8966,100
2021-03-06,Tehama,103,63373,4644,4610,486,5096,33
2021-03-06,Trinity,105,12862,468,302,77,379,3
2021-03-06,Tulare,107,460477,48661,47515,8096,55611,789
2021-03-06,Tuolumne,109,53932,3872,3920,37,3957,56
2021-03-06,Ventura,111,848112,78644,78439,2770,81209,848
2021-03-06,Yolo,113,214977,13010,12951,152,13103,189
2021-03-06,Yuba,115,75493,5576,5504,86,5590,42
2021-03-05,Alameda,001,1643700,81769,81215,1706,82921,1141
2021-03-05,Alpine,002,1148,82,78,0,78,0
2021-03-05,Amador,005,37829,3489,3484,31,3515,42
2021-03-05,Butte,007,227075,11417,11050,1640,12690,185
2021-03-05,Calaveras,009,45235,1932,1902,11,1913,48
2021-03-05,Colusa,011,21464,1881,1874,270,2144,11
2021-03-05,Contra Costa,013,1133247,63949,62886,1073,63959,711
2021-03-05,Del Norte,015,27424,1047,995,5,1000,5
2021-03-05,El Dorado,017,186661,9245,9150,607,9757,97
2021-03-05,Fresno,019,978130,97425,96184,7767,103951,1432
2021-03-05,Glenn,021,27897,2277,2241,495,2736,15
2021-03-05,Humboldt,023,135768,3273,3234,22,3256,31
2021-03-05,Imperial,025,180216,27334,26970,2460,29430,651
2021-03-05,Inyo,027,18085,1334,1309,9,1318,35
2021-03-05,Kern,029,883053,94103,92601,9857,102458,1076
2021-03-05,Kings,031,150075,22417,22063,977,23040,224
2021-03-05,Lake,033,64148,3233,3185,6,3191,42
2021-03-05,Lassen,035,31185,5131,5117,96,5213,1
2021-03-05,Los Angeles,037,10098052,1178018,1160688,38324,1199012,21745
2021-03-05,Madera,039,155013,15822,15624,842,16466,211
2021-03-05,Marin,041,260295,13379,13275,166,13441,215
2021-03-05,Mariposa,043,17540,378,375,5,380,4
2021-03-05,Mendocino,045,87422,3674,3577,73,3650,42
2021-03-05,Merced,047,269075,28785,28734,927,29661,399
2021-03-05,Modoc,049,8938,343,337,116,453,3
2021-03-05,Mono,051,14174,1191,1197,16,1213,3
2021-03-05,Monterey,053,433212,42129,41802,1669,43471,325
2021-03-05,Napa,055,140530,9122,9109,30,9139,75
2021-03-05,Nevada,057,99092,4099,4033,160,4193,66
2021-03-05,Orange,059,3164182,248488,246489,10208,256697,4108
2021-03-05,Placer,061,380077,20851,19973,1126,21099,239
2021-03-05,Plumas,063,18699,647,635,10,645,4
2021-03-05,Riverside,065,2383286,286815,280075,13321,293396,3781
2021-03-05,Sacramento,067,1510023,95617,94182,1269,95451,1430
2021-03-05,San Benito,069,59416,5765,5790,89,5879,61
2021-03-05,San Bernardino,071,2135413,286937,282640,8512,291152,3774
2021-03-05,San Diego,073,3302833,266083,262357,13086,275443,3371
2021-03-05,San Francisco,075,870044,34473,34526,1084,35610,430
2021-03-05,San Joaquin,077,732212,67539,66041,2775,68816,1133
2021-03-05,San Luis Obispo,079,281455,19917,19557,561,20118,244
2021-03-05,San Mateo,081,765935,39855,39305,409,39714,326
2021-03-05,Santa Barbara,083,443738,32616,32139,1035,33174,424
2021-03-05,Santa Clara,085,1922200,111612,111384,587,111971,1745
2021-03-05,Santa Cruz,087,273765,15547,14694,774,15468,188
2021-03-05,Shasta,089,179085,11027,11062,1261,12323,148
2021-03-05,Sierra,091,2930,51,48,12,60,0
2021-03-05,Siskiyou,093,43540,1529,1429,235,1664,5
2021-03-05,Solano,095,438530,30175,29951,366,30317,168
2021-03-05,Sonoma,097,501317,28398,28417,220,28637,279
2021-03-05,Stanislaus,099,539301,51256,50606,5351,55957,721
2021-03-05,Sutter,101,95872,8900,8876,79,8955,100
2021-03-05,Tehama,103,63373,4635,4606,486,5092,33
2021-03-05,Trinity,105,12862,468,302,77,379,3
2021-03-05,Tulare,107,460477,48632,47469,8077,55546,789
2021-03-05,Tuolumne,109,53932,3870,3917,37,3954,56
2021-03-05,Ventura,111,848112,78577,78368,2769,81137,839
2021-03-05,Yolo,113,214977,12998,12920,151,13071,188
2021-03-05,Yuba,115,75493,5564,5496,86,5582,42
2021-03-04,Alameda,001,1643700,81660,81115,1705,82820,1136
2021-03-04,Alpine,002,1148,82,78,0,78,0
2021-03-04,Amador,005,37829,3488,3480,31,3511,42
2021-03-04,Butte,007,227075,11410,11033,1639,12672,185
2021-03-04,Calaveras,009,45235,1931,1896,11,1907,48
2021-03-04,Colusa,011,21464,1879,1873,265,2138,11
2021-03-04,Contra Costa,013,1133247,63849,62789,1071,63860,708
2021-03-04,Del Norte,015,27424,1039,989,5,994,5
2021-03-04,El Dorado,017,186661,9230,9133,607,9740,97
2021-03-04,Fresno,019,978130,97261,96023,7748,103771,1422
2021-03-04,Glenn,021,27897,2270,2236,494,2730,15
2021-03-04,Humboldt,023,135768,3259,3212,22,3234,31
2021-03-04,Imperial,025,180216,27321,26946,2457,29403,646
2021-03-04,Inyo,027,18085,1331,1300,9,1309,35
2021-03-04,Kern,029,883053,94014,92525,9838,102363,1070
2021-03-04,Kings,031,150075,22391,22025,974,22999,224
2021-03-04,Lake,033,64148,3225,3181,6,3187,42
2021-03-04,Lassen,035,31185,5131,5116,96,5212,1
2021-03-04,Los Angeles,037,10098052,1177407,1159405,38275,1197680,21610
2021-03-04,Madera,039,155013,15787,15596,839,16435,208
2021-03-04,Marin,041,260295,13363,13240,163,13403,215
2021-03-04,Mariposa,043,17540,378,376,5,381,4
2021-03-04,Mendocino,045,87422,3671,3569,73,3642,42
2021-03-04,Merced,047,269075,28734,28671,925,29596,396
2021-03-04,Modoc,049,8938,342,336,116,452,3
2021-03-04,Mono,051,14174,1191,1197,16,1213,3
2021-03-04,Monterey,053,433212,42109,41771,1667,43438,325
2021-03-04,Napa,055,140530,9114,9094,30,9124,74
2021-03-04,Nevada,057,99092,4089,4020,160,4180,66
2021-03-04,Orange,059,3164182,248331,246354,10191,256545,4096
2021-03-04,Placer,061,380077,20819,19900,1120,21020,239
2021-03-04,Plumas,063,18699,647,634,10,644,4
2021-03-04,Riverside,065,2383286,286685,279871,13308,293179,3766
2021-03-04,Sacramento,067,1510023,95482,93982,1266,95248,1426
2021-03-04,San Benito,069,59416,5765,5781,89,5870,61
2021-03-04,San Bernardino,071,2135413,286806,282407,8508,290915,3757
2021-03-04,San Diego,073,3302833,265822,261858,13042,274900,3359
2021-03-04,San Francisco,075,870044,34438,34480,1081,35561,426
2021-03-04,San Joaquin,077,732212,67445,65931,2766,68697,1129
2021-03-04,San Luis Obispo,079,281455,19880,19520,559,20079,243
2021-03-04,San Mateo,081,765935,39811,39225,408,39633,322
2021-03-04,Santa Barbara,083,443738,32579,32090,1034,33124,423
2021-03-04,Santa Clara,085,1922200,111478,111194,585,111779,1723
2021-03-04,Santa Cruz,087,273765,15528,14669,774,15443,186
2021-03-04,Shasta,089,179085,11024,11050,1252,12302,150
2021-03-04,Sierra,091,2930,51,48,12,60,0
2021-03-04,Siskiyou,093,43540,1522,1427,235,1662,5
2021-03-04,Solano,095,438530,30148,29905,365,30270,168
2021-03-04,Sonoma,097,501317,28343,28379,219,28598,279
2021-03-04,Stanislaus,099,539301,51169,50521,5343,55864,731
2021-03-04,Sutter,101,95872,8888,8849,79,8928,100
2021-03-04,Tehama,103,63373,4627,4604,486,5090,33
2021-03-04,Trinity,105,12862,468,302,77,379,3
2021-03-04,Tulare,107,460477,48587,47398,8052,55450,784
2021-03-04,Tuolumne,109,53932,3864,3916,37,3953,56
2021-03-04,Ventura,111,848112,78487,78184,2766,80950,831
2021-03-04,Yolo,113,214977,12978,12895,151,13046,189
2021-03-04,Yuba,115,75493,5552,5483,86,5569,41
2021-03-03,Alameda,001,1643700,81540,80972,1704,82676,1127
2021-03-03,Alpine,002,1148,82,77,0,77,0
2021-03-03,Amador,005,37829,3486,3478,30,3508,42
2021-03-03,Butte,007,227075,11402,11014,1638,12652,184
2021-03-03,Calaveras,009,45235,1930,1893,11,1904,48
2021-03-03,Colusa,011,21464,1878,1873,265,2138,11
2021-03-03,Contra Costa,013,1133247,63751,62668,1068,63736,708
2021-03-03,Del Norte,015,27424,1036,988,5,993,5
2021-03-03,El Dorado,017,186661,9220,9121,607,9728,97
2021-03-03,Fresno,019,978130,97117,95893,7731,103624,1415
2021-03-03,Glenn,021,27897,2270,2233,494,2727,15
2021-03-03,Humboldt,023,135768,3248,3196,22,3218,30
2021-03-03,Imperial,025,180216,27305,26939,2453,29392,640
2021-03-03,Inyo,027,18085,1323,1294,9,1303,35
2021-03-03,Kern,029,883053,93938,92434,9821,102255,1063
2021-03-03,Kings,031,150075,22375,22009,973,22982,223
2021-03-03,Lake,033,64148,3218,3175,6,3181,40
2021-03-03,Lassen,035,31185,5131,5115,96,5211,1
2021-03-03,Los Angeles,037,10098052,1176768,1157911,38236,1196147,21500
2021-03-03,Madera,039,155013,15768,15553,833,16386,203
2021-03-03,Marin,041,260295,13349,13216,163,13379,214
2021-03-03,Mariposa,043,17540,377,376,5,381,4
2021-03-03,Mendocino,045,87422,3663,3564,73,3637,42
2021-03-03,Merced,047,269075,28682,28625,925,29550,393
2021-03-03,Modoc,049,8938,342,333,115,448,3
2021-03-03,Mono,051,14174,1191,1191,16,1207,3
2021-03-03,Monterey,053,433212,42077,41731,1664,43395,325
2021-03-03,Napa,055,140530,9106,9090,30,9120,72
2021-03-03,Nevada,057,99092,4079,4009,160,4169,66
2021-03-03,Orange,059,3164182,248186,246120,10177,256297,4072
2021-03-03,Placer,061,380077,20793,19851,1117,20968,239
2021-03-03,Plumas,063,18699,646,631,10,641,4
2021-03-03,Riverside,065,2383286,286552,279626,13302,292928,3735
2021-03-03,Sacramento,067,1510023,95321,93819,1258,95077,1419
2021-03-03,San Benito,069,59416,5764,5774,89,5863,61
2021-03-03,San Bernardino,071,2135413,286665,282138,8502,290640,3664
2021-03-03,San Diego,073,3302833,265558,261350,13011,274361,3342
2021-03-03,San Francisco,075,870044,34406,34443,1078,35521,426
2021-03-03,San Joaquin,077,732212,67332,65855,2759,68614,1115
2021-03-03,San Luis Obispo,079,281455,19854,19479,556,20035,241
2021-03-03,San Mateo,081,765935,39765,39189,407,39596,319
2021-03-03,Santa Barbara,083,443738,32541,32027,1034,33061,421
2021-03-03,Santa Clara,085,1922200,111324,110991,583,111574,1720
2021-03-03,Santa Cruz,087,273765,15517,14645,774,15419,185
2021-03-03,Shasta,089,179085,11014,11023,1245,12268,150
2021-03-03,Sierra,091,2930,51,48,12,60,0
2021-03-03,Siskiyou,093,43540,1520,1424,235,1659,5
2021-03-03,Solano,095,438530,30112,29866,364,30230,167
2021-03-03,Sonoma,097,501317,28304,28307,218,28525,279
2021-03-03,Stanislaus,099,539301,51091,50438,5336,55774,730
2021-03-03,Sutter,101,95872,8880,8840,79,8919,99
2021-03-03,Tehama,103,63373,4625,4601,486,5087,32
2021-03-03,Trinity,105,12862,468,302,77,379,3
2021-03-03,Tulare,107,460477,48536,47348,8023,55371,778
2021-03-03,Tuolumne,109,53932,3862,3914,36,3950,56
2021-03-03,Ventura,111,848112,78403,78057,2761,80818,822
2021-03-03,Yolo,113,214977,12965,12890,151,13041,189
2021-03-03,Yuba,115,75493,5539,5479,86,5565,41
2021-03-02,Alameda,001,1643700,81418,80904,1702,82606,1116
2021-03-02,Alpine,002,1148,82,77,0,77,0
2021-03-02,Amador,005,37829,3484,3474,30,3504,42
2021-03-02,Butte,007,227075,11392,11007,1635,12642,182
2021-03-02,Calaveras,009,45235,1922,1890,11,1901,48
2021-03-02,Colusa,011,21464,1878,1872,264,2136,11
2021-03-02,Contra Costa,013,1133247,63640,62557,1064,63621,694
2021-03-02,Del Norte,015,27424,1029,983,5,988,5
2021-03-02,El Dorado,017,186661,9212,9116,607,9723,98
2021-03-02,Fresno,019,978130,96971,95785,7705,103490,1410
2021-03-02,Glenn,021,27897,2264,2232,493,2725,15
2021-03-02,Humboldt,023,135768,3229,3184,22,3206,30
2021-03-02,Imperial,025,180216,27295,26926,2451,29377,637
2021-03-02,Inyo,027,18085,1319,1292,9,1301,35
2021-03-02,Kern,029,883053,93832,92313,9794,102107,1046
2021-03-02,Kings,031,150075,22323,21999,970,22969,217
2021-03-02,Lake,033,64148,3212,3169,6,3175,40
2021-03-02,Lassen,035,31185,5126,5115,95,5210,1
2021-03-02,Los Angeles,037,10098052,1176131,1156826,38191,1195017,21395
2021-03-02,Madera,039,155013,15748,15523,830,16353,194
2021-03-02,Marin,041,260295,13326,13186,162,13348,214
2021-03-02,Mariposa,043,17540,377,376,5,381,4
2021-03-02,Mendocino,045,87422,3660,3562,72,3634,41
2021-03-02,Merced,047,269075,28625,28598,925,29523,389
2021-03-02,Modoc,049,8938,342,332,115,447,3
2021-03-02,Mono,051,14174,1190,1191,16,1207,3
2021-03-02,Monterey,053,433212,42050,41716,1664,43380,325
2021-03-02,Napa,055,140530,9096,9080,30,9110,71
2021-03-02,Nevada,057,99092,4070,3983,159,4142,66
2021-03-02,Orange,059,3164182,248041,246004,10159,256163,4037
2021-03-02,Placer,061,380077,20740,19828,1114,20942,239
2021-03-02,Plumas,063,18699,643,628,10,638,4
2021-03-02,Riverside,065,2383286,286380,279486,13294,292780,3721
2021-03-02,Sacramento,067,1510023,95154,93690,1257,94947,1411
2021-03-02,San Benito,069,59416,5757,5770,89,5859,60
2021-03-02,San Bernardino,071,2135413,286531,281919,8496,290415,3604
2021-03-02,San Diego,073,3302833,265314,260998,12989,273987,3317
2021-03-02,San Francisco,075,870044,34366,34387,1074,35461,424
2021-03-02,San Joaquin,077,732212,67224,65769,2742,68511,1111
2021-03-02,San Luis Obispo,079,281455,19822,19452,556,20008,241
2021-03-02,San Mateo,081,765935,39713,39148,406,39554,317
2021-03-02,Santa Barbara,083,443738,32492,31964,1030,32994,416
2021-03-02,Santa Clara,085,1922200,111145,110832,582,111414,1706
2021-03-02,Santa Cruz,087,273765,15503,14611,772,15383,185
2021-03-02,Shasta,089,179085,11000,11012,1234,12246,149
2021-03-02,Sierra,091,2930,51,48,12,60,0
2021-03-02,Siskiyou,093,43540,1516,1412,233,1645,5
2021-03-02,Solano,095,438530,30079,29827,362,30189,167
2021-03-02,Sonoma,097,501317,28249,28261,218,28479,279
2021-03-02,Stanislaus,099,539301,51004,50359,5324,55683,724
2021-03-02,Sutter,101,95872,8871,8832,79,8911,99
2021-03-02,Tehama,103,63373,4621,4597,485,5082,32
2021-03-02,Trinity,105,12862,468,301,77,378,3
2021-03-02,Tulare,107,460477,48473,47326,8003,55329,783
2021-03-02,Tuolumne,109,53932,3858,3908,36,3944,53
2021-03-02,Ventura,111,848112,78310,77952,2757,80709,780
2021-03-02,Yolo,113,214977,12949,12867,151,13018,189
2021-03-02,Yuba,115,75493,5531,5475,86,5561,41
2021-03-01,Alameda,001,1643700,81291,80805,1700,82505,1105
2021-03-01,Alpine,002,1148,80,77,0,77,0
2021-03-01,Amador,005,37829,3481,3469,30,3499,42
2021-03-01,Butte,007,227075,11377,10981,1631,12612,180
2021-03-01,Calaveras,009,45235,1917,1885,11,1896,46
2021-03-01,Colusa,011,21464,1877,1871,264,2135,11
2021-03-01,Contra Costa,013,1133247,63532,62458,1063,63521,694
2021-03-01,Del Norte,015,27424,1024,982,5,987,5
2021-03-01,El Dorado,017,186661,9188,9085,607,9692,98
2021-03-01,Fresno,019,978130,96833,95677,7682,103359,1405
2021-03-01,Glenn,021,27897,2259,2232,492,2724,15
2021-03-01,Humboldt,023,135768,3210,3179,22,3201,30
2021-03-01,Imperial,025,180216,27285,26913,2443,29356,636
2021-03-01,Inyo,027,18085,1316,1285,9,1294,35
2021-03-01,Kern,029,883053,93743,92219,9768,101987,1041
2021-03-01,Kings,031,150075,22306,21988,964,22952,217
2021-03-01,Lake,033,64148,3207,3164,6,3170,40
2021-03-01,Lassen,035,31185,5124,5111,95,5206,1
2021-03-01,Los Angeles,037,10098052,1175472,1155984,38151,1194135,21293
2021-03-01,Madera,039,155013,15719,15505,820,16325,194
2021-03-01,Marin,041,260295,13298,13161,161,13322,214
2021-03-01,Mariposa,043,17540,377,375,5,380,4
2021-03-01,Mendocino,045,87422,3653,3561,72,3633,41
2021-03-01,Merced,047,269075,28580,28575,921,29496,385
2021-03-01,Modoc,049,8938,339,331,114,445,3
2021-03-01,Mono,051,14174,1189,1192,16,1208,3
2021-03-01,Monterey,053,433212,42025,41697,1662,43359,324
2021-03-01,Napa,055,140530,9088,9056,30,9086,70
2021-03-01,Nevada,057,99092,4051,3979,159,4138,66
2021-03-01,Orange,059,3164182,247848,245852,10145,255997,3976
2021-03-01,Placer,061,380077,20701,19803,1111,20914,239
2021-03-01,Plumas,063,18699,643,628,10,638,4
2021-03-01,Riverside,065,2383286,286161,279323,13287,292610,3680
2021-03-01,Sacramento,067,1510023,95009,93546,1255,94801,1401
2021-03-01,San Benito,069,59416,5752,5772,89,5861,57
2021-03-01,San Bernardino,071,2135413,286387,281685,8492,290177,3603
2021-03-01,San Diego,073,3302833,264997,260622,12956,273578,3303
2021-03-01,San Francisco,075,870044,34322,34318,1066,35384,424
2021-03-01,San Joaquin,077,732212,67115,65699,2732,68431,1097
2021-03-01,San Luis Obispo,079,281455,19800,19429,554,19983,239
2021-03-01,San Mateo,081,765935,39661,39096,406,39502,314
2021-03-01,Santa Barbara,083,443738,32449,31909,1029,32938,413
2021-03-01,Santa Clara,085,1922200,110986,110684,579,111263,1704
2021-03-01,Santa Cruz,087,273765,15484,14575,771,15346,185
2021-03-01,Shasta,089,179085,10988,10990,1231,12221,149
2021-03-01,Sierra,091,2930,51,48,12,60,0
2021-03-01,Siskiyou,093,43540,1512,1408,231,1639,5
2021-03-01,Solano,095,438530,30036,29779,361,30140,166
2021-03-01,Sonoma,097,501317,28201,28222,216,28438,278
2021-03-01,Stanislaus,099,539301,50930,50293,5318,55611,722
2021-03-01,Sutter,101,95872,8860,8825,79,8904,99
2021-03-01,Tehama,103,63373,4615,4595,485,5080,32
2021-03-01,Trinity,105,12862,468,298,76,374,3
2021-03-01,Tulare,107,460477,48435,47275,7969,55244,781
2021-03-01,Tuolumne,109,53932,3855,3907,36,3943,53
2021-03-01,Ventura,111,848112,78229,77849,2756,80605,775
2021-03-01,Yolo,113,214977,12932,12854,149,13003,188
2021-03-01,Yuba,115,75493,5519,5466,86,5552,41
2021-02-28,Alameda,001,1643700,81170,80727,1698,82425,1105
2021-02-28,Alpine,002,1148,80,77,0,77,0
2021-02-28,Amador,005,37829,3476,3466,29,3495,42
2021-02-28,Butte,007,227075,11362,10970,1630,12600,180
2021-02-28,Calaveras,009,45235,1913,1881,11,1892,46
2021-02-28,Colusa,011,21464,1877,1871,263,2134,11
2021-02-28,Contra Costa,013,1133247,63405,62386,1058,63444,694
2021-02-28,Del Norte,015,27424,1022,981,5,986,5
2021-02-28,El Dorado,017,186661,9177,9082,607,9689,98
2021-02-28,Fresno,019,978130,96651,95548,7648,103196,1405
2021-02-28,Glenn,021,27897,2257,2230,490,2720,15
2021-02-28,Humboldt,023,135768,3187,3179,22,3201,30
2021-02-28,Imperial,025,180216,27260,26909,2439,29348,636
2021-02-28,Inyo,027,18085,1311,1282,9,1291,35
2021-02-28,Kern,029,883053,93628,92169,9748,101917,1012
2021-02-28,Kings,031,150075,22285,21967,963,22930,217
2021-02-28,Lake,033,64148,3202,3164,6,3170,40
2021-02-28,Lassen,035,31185,5123,5106,95,5201,1
2021-02-28,Los Angeles,037,10098052,1174684,1155141,38089,1193230,21261
2021-02-28,Madera,039,155013,15677,15496,817,16313,199
2021-02-28,Marin,041,260295,13275,13152,159,13311,214
2021-02-28,Mariposa,043,17540,377,374,5,379,4
2021-02-28,Mendocino,045,87422,3647,3558,72,3630,41
2021-02-28,Merced,047,269075,28517,28546,920,29466,384
2021-02-28,Modoc,049,8938,339,331,114,445,3
2021-02-28,Mono,051,14174,1186,1192,16,1208,3
2021-02-28,Monterey,053,433212,41993,41683,1660,43343,323
2021-02-28,Napa,055,140530,9069,9053,30,9083,70
2021-02-28,Nevada,057,99092,4038,3972,159,4131,66
2021-02-28,Orange,059,3164182,247651,245706,10138,255844,3970
2021-02-28,Placer,061,380077,20655,19775,1109,20884,239
2021-02-28,Plumas,063,18699,643,628,10,638,4
2021-02-28,Riverside,065,2383286,285928,279214,13276,292490,3661
2021-02-28,Sacramento,067,1510023,94825,93463,1250,94713,1398
2021-02-28,San Benito,069,59416,5741,5772,89,5861,57
2021-02-28,San Bernardino,071,2135413,286245,281620,8480,290100,3595
2021-02-28,San Diego,073,3302833,264700,260353,12922,273275,3303
2021-02-28,San Francisco,075,870044,34280,34291,1060,35351,417
2021-02-28,San Joaquin,077,732212,67007,65662,2723,68385,1097
2021-02-28,San Luis Obispo,079,281455,19764,19422,552,19974,237
2021-02-28,San Mateo,081,765935,39608,39059,405,39464,314
2021-02-28,Santa Barbara,083,443738,32397,31877,1029,32906,413
2021-02-28,Santa Clara,085,1922200,110787,110556,576,111132,1704
2021-02-28,Santa Cruz,087,273765,15455,14571,768,15339,185
2021-02-28,Shasta,089,179085,10967,10990,1227,12217,149
2021-02-28,Sierra,091,2930,51,48,12,60,0
2021-02-28,Siskiyou,093,43540,1504,1408,231,1639,5
2021-02-28,Solano,095,438530,29981,29758,355,30113,166
2021-02-28,Sonoma,097,501317,28138,28193,215,28408,279
2021-02-28,Stanislaus,099,539301,50839,50228,5306,55534,728
2021-02-28,Sutter,101,95872,8845,8825,79,8904,99
2021-02-28,Tehama,103,63373,4610,4590,485,5075,32
2021-02-28,Trinity,105,12862,468,298,76,374,3
2021-02-28,Tulare,107,460477,48373,47258,7938,55196,780
2021-02-28,Tuolumne,109,53932,3850,3905,36,3941,53
2021-02-28,Ventura,111,848112,78117,77749,2753,80502,775
2021-02-28,Yolo,113,214977,12909,12851,149,13000,188
2021-02-28,Yuba,115,75493,5509,5461,86,5547,41
2021-02-27,Alameda,001,1643700,81096,80565,1696,82261,1108
2021-02-27,Alpine,002,1148,80,77,0,77,0
2021-02-27,Amador,005,37829,3474,3463,29,3492,42
2021-02-27,Butte,007,227075,11350,10962,1630,12592,180
2021-02-27,Calaveras,009,45235,1908,1875,11,1886,46
2021-02-27,Colusa,011,21464,1876,1869,263,2132,11
2021-02-27,Contra Costa,013,1133247,63335,62248,1055,63303,693
2021-02-27,Del Norte,015,27424,1020,978,5,983,5
2021-02-27,El Dorado,017,186661,9173,9072,607,9679,98
2021-02-27,Fresno,019,978130,96574,95393,7637,103030,1400
2021-02-27,Glenn,021,27897,2256,2225,489,2714,15
2021-02-27,Humboldt,023,135768,3181,3167,22,3189,30
2021-02-27,Imperial,025,180216,27252,26903,2437,29340,633
2021-02-27,Inyo,027,18085,1308,1275,9,1284,35
2021-02-27,Kern,029,883053,93567,92053,9733,101786,996
2021-02-27,Kings,031,150075,22275,21955,960,22915,216
2021-02-27,Lake,033,64148,3199,3156,6,3162,40
2021-02-27,Lassen,035,31185,5123,5106,95,5201,1
2021-02-27,Los Angeles,037,10098052,1174183,1154275,38062,1192337,21158
2021-02-27,Madera,039,155013,15660,15467,816,16283,199
2021-02-27,Marin,041,260295,13251,13134,159,13293,214
2021-02-27,Mariposa,043,17540,377,374,5,379,4
2021-02-27,Mendocino,045,87422,3644,3555,72,3627,41
2021-02-27,Merced,047,269075,28475,28501,912,29413,384
2021-02-27,Modoc,049,8938,339,331,113,444,3
2021-02-27,Mono,051,14174,1184,1191,16,1207,3
2021-02-27,Monterey,053,433212,41984,41665,1659,43324,322
2021-02-27,Napa,055,140530,9058,9038,30,9068,71
2021-02-27,Nevada,057,99092,4032,3960,159,4119,66
2021-02-27,Orange,059,3164182,247524,245542,10127,255669,3960
2021-02-27,Placer,061,380077,20619,19726,1106,20832,239
2021-02-27,Plumas,063,18699,643,628,10,638,4
2021-02-27,Riverside,065,2383286,285818,279048,13266,292314,3663
2021-02-27,Sacramento,067,1510023,94742,93281,1240,94521,1396
2021-02-27,San Benito,069,59416,5740,5767,88,5855,57
2021-02-27,San Bernardino,071,2135413,286166,281471,8475,289946,3527
2021-02-27,San Diego,073,3302833,264510,260091,12884,272975,3284
2021-02-27,San Francisco,075,870044,34247,34260,1057,35317,413
2021-02-27,San Joaquin,077,732212,66961,65578,2721,68299,1100
2021-02-27,San Luis Obispo,079,281455,19743,19411,551,19962,237
2021-02-27,San Mateo,081,765935,39567,38998,404,39402,313
2021-02-27,Santa Barbara,083,443738,32363,31805,1028,32833,411
2021-02-27,Santa Clara,085,1922200,110639,110361,574,110935,1703
2021-02-27,Santa Cruz,087,273765,15446,14552,767,15319,185
2021-02-27,Shasta,089,179085,10961,10985,1223,12208,149
2021-02-27,Sierra,091,2930,51,48,12,60,0
2021-02-27,Siskiyou,093,43540,1502,1407,230,1637,5
2021-02-27,Solano,095,438530,29953,29718,354,30072,165
2021-02-27,Sonoma,097,501317,28094,28141,210,28351,281
2021-02-27,Stanislaus,099,539301,50784,50147,5296,55443,733
2021-02-27,Sutter,101,95872,8840,8820,79,8899,99
2021-02-27,Tehama,103,63373,4605,4584,484,5068,32
2021-02-27,Trinity,105,12862,468,298,76,374,3
2021-02-27,Tulare,107,460477,48336,47209,7912,55121,770
2021-02-27,Tuolumne,109,53932,3847,3899,36,3935,53
2021-02-27,Ventura,111,848112,78044,77623,2750,80373,771
2021-02-27,Yolo,113,214977,12897,12834,149,12983,188
2021-02-27,Yuba,115,75493,5506,5450,86,5536,39
2021-02-26,Alameda,001,1643700,81001,80387,1691,82078,1106
2021-02-26,Alpine,002,1148,80,77,0,77,0
2021-02-26,Amador,005,37829,3468,3457,29,3486,42
2021-02-26,Butte,007,227075,11340,10941,1630,12571,180
2021-02-26,Calaveras,009,45235,1906,1873,11,1884,46
2021-02-26,Colusa,011,21464,1876,1865,263,2128,11
2021-02-26,Contra Costa,013,1133247,63253,62114,1055,63169,685
2021-02-26,Del Norte,015,27424,1016,968,5,973,5
2021-02-26,El Dorado,017,186661,9168,9038,605,9643,98
2021-02-26,Fresno,019,978130,96472,95202,7629,102831,1391
2021-02-26,Glenn,021,27897,2253,2220,489,2709,15
2021-02-26,Humboldt,023,135768,3175,3152,22,3174,30
2021-02-26,Imperial,025,180216,27245,26888,2435,29323,631
2021-02-26,Inyo,027,18085,1306,1271,9,1280,34
2021-02-26,Kern,029,883053,93488,91884,9717,101601,997
2021-02-26,Kings,031,150075,22259,21917,957,22874,216
2021-02-26,Lake,033,64148,3194,3153,6,3159,40
2021-02-26,Lassen,035,31185,5123,5102,95,5197,1
2021-02-26,Los Angeles,037,10098052,1173606,1153131,38002,1191133,21070
2021-02-26,Madera,039,155013,15644,15436,814,16250,199
2021-02-26,Marin,041,260295,13238,13091,159,13250,214
2021-02-26,Mariposa,043,17540,377,375,5,380,4
2021-02-26,Mendocino,045,87422,3639,3549,72,3621,41
2021-02-26,Merced,047,269075,28441,28455,911,29366,382
2021-02-26,Modoc,049,8938,338,330,113,443,3
2021-02-26,Mono,051,14174,1182,1191,16,1207,3
2021-02-26,Monterey,053,433212,41958,41607,1658,43265,322
2021-02-26,Napa,055,140530,9052,9014,30,9044,70
2021-02-26,Nevada,057,99092,4021,3952,159,4111,66
2021-02-26,Orange,059,3164182,247385,245278,10117,255395,3918
2021-02-26,Placer,061,380077,20593,19712,1100,20812,239
2021-02-26,Plumas,063,18699,643,628,10,638,4
2021-02-26,Riverside,065,2383286,285674,278772,13260,292032,3653
2021-02-26,Sacramento,067,1510023,94619,93180,1237,94417,1390
2021-02-26,San Benito,069,59416,5739,5759,88,5847,57
2021-02-26,San Bernardino,071,2135413,286066,281132,8473,289605,3461
2021-02-26,San Diego,073,3302833,264282,259641,12863,272504,3271
2021-02-26,San Francisco,075,870044,34217,34213,1054,35267,413
2021-02-26,San Joaquin,077,732212,66880,65492,2715,68207,1070
2021-02-26,San Luis Obispo,079,281455,19727,19359,549,19908,234
2021-02-26,San Mateo,081,765935,39522,38922,404,39326,313
2021-02-26,Santa Barbara,083,443738,32319,31724,1027,32751,410
2021-02-26,Santa Clara,085,1922200,110507,110168,572,110740,1700
2021-02-26,Santa Cruz,087,273765,15434,14528,766,15294,185
2021-02-26,Shasta,089,179085,10954,10972,1214,12186,149
2021-02-26,Sierra,091,2930,51,47,12,59,0
2021-02-26,Siskiyou,093,43540,1502,1401,229,1630,5
2021-02-26,Solano,095,438530,29919,29651,353,30004,165
2021-02-26,Sonoma,097,501317,28065,28063,209,28272,280
2021-02-26,Stanislaus,099,539301,50728,50054,5288,55342,737
2021-02-26,Sutter,101,95872,8831,8806,79,8885,99
2021-02-26,Tehama,103,63373,4603,4581,484,5065,32
2021-02-26,Trinity,105,12862,467,298,76,374,3
2021-02-26,Tulare,107,460477,48300,47135,7883,55018,770
2021-02-26,Tuolumne,109,53932,3846,3896,36,3932,53
2021-02-26,Ventura,111,848112,77944,77534,2746,80280,765
2021-02-26,Yolo,113,214977,12890,12816,149,12965,188
2021-02-26,Yuba,115,75493,5501,5438,86,5524,39
2021-02-25,Alameda,001,1643700,80880,80181,1690,81871,1093
2021-02-25,Alpine,002,1148,80,77,0,77,0
2021-02-25,Amador,005,37829,3465,3448,29,3477,41
2021-02-25,Butte,007,227075,11319,10922,1625,12547,178
2021-02-25,Calaveras,009,45235,1897,1868,11,1879,46
2021-02-25,Colusa,011,21464,1873,1863,262,2125,11
2021-02-25,Contra Costa,013,1133247,63151,61910,1055,62965,686
2021-02-25,Del Norte,015,27424,1006,966,5,971,5
2021-02-25,El Dorado,017,186661,9152,9012,605,9617,98
2021-02-25,Fresno,019,978130,96328,95015,7609,102624,1377
2021-02-25,Glenn,021,27897,2250,2219,488,2707,15
2021-02-25,Humboldt,023,135768,3168,3129,22,3151,30
2021-02-25,Imperial,025,180216,27238,26855,2431,29286,628
2021-02-25,Inyo,027,18085,1300,1264,9,1273,33
2021-02-25,Kern,029,883053,93372,91735,9692,101427,992
2021-02-25,Kings,031,150075,22250,21900,954,22854,216
2021-02-25,Lake,033,64148,3185,3141,6,3147,40
2021-02-25,Lassen,035,31185,5122,5097,94,5191,1
2021-02-25,Los Angeles,037,10098052,1172858,1151846,37945,1189791,20931
2021-02-25,Madera,039,155013,15609,15414,810,16224,194
2021-02-25,Marin,041,260295,13215,13067,159,13226,214
2021-02-25,Mariposa,043,17540,377,375,5,380,4
2021-02-25,Mendocino,045,87422,3634,3542,72,3614,41
2021-02-25,Merced,047,269075,28392,28383,909,29292,382
2021-02-25,Modoc,049,8938,338,329,113,442,3
2021-02-25,Mono,051,14174,1181,1190,16,1206,3
2021-02-25,Monterey,053,433212,41933,41564,1653,43217,321
2021-02-25,Napa,055,140530,9026,8998,30,9028,70
2021-02-25,Nevada,057,99092,4004,3940,158,4098,66
2021-02-25,Orange,059,3164182,247212,245000,10107,255107,3882
2021-02-25,Placer,061,380077,20554,19661,1098,20759,239
2021-02-25,Plumas,063,18699,643,626,10,636,4
2021-02-25,Riverside,065,2383286,285486,278544,13240,291784,3646
2021-02-25,Sacramento,067,1510023,94461,92961,1225,94186,1386
2021-02-25,San Benito,069,59416,5734,5752,88,5840,58
2021-02-25,San Bernardino,071,2135413,285931,280946,8465,289411,3409
2021-02-25,San Diego,073,3302833,263988,258979,12833,271812,3260
2021-02-25,San Francisco,075,870044,34174,34138,1052,35190,408
2021-02-25,San Joaquin,077,732212,66796,65389,2703,68092,1047
2021-02-25,San Luis Obispo,079,281455,19706,19335,547,19882,234
2021-02-25,San Mateo,081,765935,39475,38872,404,39276,300
2021-02-25,Santa Barbara,083,443738,32242,31631,1026,32657,408
2021-02-25,Santa Clara,085,1922200,110342,109923,571,110494,1677
2021-02-25,Santa Cruz,087,273765,15415,14492,765,15257,185
2021-02-25,Shasta,089,179085,10942,10947,1209,12156,148
2021-02-25,Sierra,091,2930,51,47,12,59,0
2021-02-25,Siskiyou,093,43540,1497,1390,226,1616,4
2021-02-25,Solano,095,438530,29887,29616,353,29969,161
2021-02-25,Sonoma,097,501317,28011,28004,206,28210,278
2021-02-25,Stanislaus,099,539301,50637,49964,5278,55242,738
2021-02-25,Sutter,101,95872,8817,8789,78,8867,99
2021-02-25,Tehama,103,63373,4600,4578,482,5060,32
2021-02-25,Trinity,105,12862,467,297,76,373,3
2021-02-25,Tulare,107,460477,48250,47052,7857,54909,765
2021-02-25,Tuolumne,109,53932,3843,3894,36,3930,53
2021-02-25,Ventura,111,848112,77836,77395,2740,80135,751
2021-02-25,Yolo,113,214977,12873,12787,149,12936,188
2021-02-25,Yuba,115,75493,5494,5429,86,5515,39
2021-02-24,Alameda,001,1643700,80760,80070,1686,81756,1082
2021-02-24,Alpine,002,1148,79,77,0,77,0
2021-02-24,Amador,005,37829,3460,3444,29,3473,41
2021-02-24,Butte,007,227075,11306,10915,1621,12536,178
2021-02-24,Calaveras,009,45235,1893,1864,11,1875,31
2021-02-24,Colusa,011,21464,1871,1863,262,2125,11
2021-02-24,Contra Costa,013,1133247,63043,61776,1055,62831,663
2021-02-24,Del Norte,015,27424,1005,960,4,964,5
2021-02-24,El Dorado,017,186661,9139,8993,605,9598,98
2021-02-24,Fresno,019,978130,96179,94794,7593,102387,1369
2021-02-24,Glenn,021,27897,2249,2210,488,2698,14
2021-02-24,Humboldt,023,135768,3156,3123,22,3145,29
2021-02-24,Imperial,025,180216,27225,26843,2426,29269,596
2021-02-24,Inyo,027,18085,1295,1253,9,1262,32
2021-02-24,Kern,029,883053,93239,91525,9676,101201,992
2021-02-24,Kings,031,150075,22225,21871,952,22823,216
2021-02-24,Lake,033,64148,3178,3134,6,3140,40
2021-02-24,Lassen,035,31185,5118,5095,93,5188,1
2021-02-24,Los Angeles,037,10098052,1172099,1150322,37906,1188228,20817
2021-02-24,Madera,039,155013,15582,15390,810,16200,194
2021-02-24,Marin,041,260295,13192,13044,158,13202,214
2021-02-24,Mariposa,043,17540,377,374,5,379,4
2021-02-24,Mendocino,045,87422,3627,3540,72,3612,41
2021-02-24,Merced,047,269075,28354,28295,905,29200,383
2021-02-24,Modoc,049,8938,337,329,113,442,3
2021-02-24,Mono,051,14174,1179,1189,16,1205,3
2021-02-24,Monterey,053,433212,41908,41495,1651,43146,320
2021-02-24,Napa,055,140530,9009,8976,30,9006,70
2021-02-24,Nevada,057,99092,3994,3927,158,4085,66
2021-02-24,Orange,059,3164182,246993,244743,10094,254837,3835
2021-02-24,Placer,061,380077,20515,19648,1092,20740,239
2021-02-24,Plumas,063,18699,641,626,10,636,4
2021-02-24,Riverside,065,2383286,285258,278293,13231,291524,3603
2021-02-24,Sacramento,067,1510023,94307,92742,1220,93962,1375
2021-02-24,San Benito,069,59416,5733,5743,88,5831,57
2021-02-24,San Bernardino,071,2135413,285779,280583,8461,289044,3360
2021-02-24,San Diego,073,3302833,263692,258460,12817,271277,3230
2021-02-24,San Francisco,075,870044,34128,34061,1049,35110,406
2021-02-24,San Joaquin,077,732212,66686,65274,2701,67975,1019
2021-02-24,San Luis Obispo,079,281455,19683,19309,545,19854,233
2021-02-24,San Mateo,081,765935,39438,38763,404,39167,300
2021-02-24,Santa Barbara,083,443738,32190,31563,1023,32586,405
2021-02-24,Santa Clara,085,1922200,110193,109671,570,110241,1674
2021-02-24,Santa Cruz,087,273765,15394,14458,765,15223,185
2021-02-24,Shasta,089,179085,10929,10922,1206,12128,148
2021-02-24,Sierra,091,2930,51,47,12,59,0
2021-02-24,Siskiyou,093,43540,1490,1385,222,1607,4
2021-02-24,Solano,095,438530,29848,29577,351,29928,158
2021-02-24,Sonoma,097,501317,27947,27954,202,28156,278
2021-02-24,Stanislaus,099,539301,50566,49851,5271,55122,732
2021-02-24,Sutter,101,95872,8807,8778,78,8856,99
2021-02-24,Tehama,103,63373,4597,4566,482,5048,31
2021-02-24,Trinity,105,12862,467,294,75,369,3
2021-02-24,Tulare,107,460477,48194,46976,7829,54805,759
2021-02-24,Tuolumne,109,53932,3840,3887,36,3923,53
2021-02-24,Ventura,111,848112,77728,77238,2739,79977,718
2021-02-24,Yolo,113,214977,12860,12760,149,12909,188
2021-02-24,Yuba,115,75493,5483,5425,84,5509,39
2021-02-23,Alameda,001,1643700,80621,79948,1684,81632,1070
2021-02-23,Alpine,002,1148,78,77,0,77,0
2021-02-23,Amador,005,37829,3458,3440,29,3469,41
2021-02-23,Butte,007,227075,11290,10887,1618,12505,176
2021-02-23,Calaveras,009,45235,1892,1863,11,1874,21
2021-02-23,Colusa,011,21464,1868,1862,262,2124,11
2021-02-23,Contra Costa,013,1133247,62909,61613,1052,62665,661
2021-02-23,Del Norte,015,27424,1003,953,4,957,3
2021-02-23,El Dorado,017,186661,9126,8969,605,9574,96
2021-02-23,Fresno,019,978130,96018,94741,7579,102320,1356
2021-02-23,Glenn,021,27897,2247,2209,488,2697,14
2021-02-23,Humboldt,023,135768,3139,3108,22,3130,29
2021-02-23,Imperial,025,180216,27205,26816,2421,29237,591
2021-02-23,Inyo,027,18085,1291,1250,9,1259,32
2021-02-23,Kern,029,883053,93100,91390,9648,101038,982
2021-02-23,Kings,031,150075,22210,21839,948,22787,216
2021-02-23,Lake,033,64148,3170,3121,6,3127,40
2021-02-23,Lassen,035,31185,5115,5092,93,5185,1
2021-02-23,Los Angeles,037,10098052,1171225,1148965,37854,1186819,19887
2021-02-23,Madera,039,155013,15568,15352,804,16156,193
2021-02-23,Marin,041,260295,13172,13015,157,13172,214
2021-02-23,Mariposa,043,17540,377,374,5,379,4
2021-02-23,Mendocino,045,87422,3625,3540,71,3611,41
2021-02-23,Merced,047,269075,28274,28209,898,29107,381
2021-02-23,Modoc,049,8938,336,328,112,440,3
2021-02-23,Mono,051,14174,1179,1189,16,1205,3
2021-02-23,Monterey,053,433212,41869,41439,1646,43085,317
2021-02-23,Napa,055,140530,8997,8967,30,8997,70
2021-02-23,Nevada,057,99092,3986,3912,158,4070,66
2021-02-23,Orange,059,3164182,246795,244566,10076,254642,3843
2021-02-23,Placer,061,380077,20490,19608,1088,20696,238
2021-02-23,Plumas,063,18699,640,626,10,636,4
2021-02-23,Riverside,065,2383286,285021,278075,13217,291292,3599
2021-02-23,Sacramento,067,1510023,94150,92632,1214,93846,1370
2021-02-23,San Benito,069,59416,5727,5731,87,5818,57
2021-02-23,San Bernardino,071,2135413,285591,280279,8456,288735,3283
2021-02-23,San Diego,073,3302833,263315,257802,12787,270589,3218
2021-02-23,San Francisco,075,870044,34079,33994,1048,35042,405
2021-02-23,San Joaquin,077,732212,66586,65141,2694,67835,1004
2021-02-23,San Luis Obispo,079,281455,19654,19233,544,19777,230
2021-02-23,San Mateo,081,765935,39377,38662,404,39066,299
2021-02-23,Santa Barbara,083,443738,32135,31483,1022,32505,402
2021-02-23,Santa Clara,085,1922200,109996,109449,567,110016,1661
2021-02-23,Santa Cruz,087,273765,15365,14435,763,15198,178
2021-02-23,Shasta,089,179085,10917,10903,1202,12105,146
2021-02-23,Sierra,091,2930,51,47,12,59,0
2021-02-23,Siskiyou,093,43540,1485,1380,220,1600,4
2021-02-23,Solano,095,438530,29808,29545,348,29893,154
2021-02-23,Sonoma,097,501317,27904,27882,199,28081,278
2021-02-23,Stanislaus,099,539301,50488,49749,5255,55004,722
2021-02-23,Sutter,101,95872,8794,8766,78,8844,98
2021-02-23,Tehama,103,63373,4591,4556,481,5037,30
2021-02-23,Trinity,105,12862,467,292,74,366,3
2021-02-23,Tulare,107,460477,48116,46937,7796,54733,757
2021-02-23,Tuolumne,109,53932,3836,3864,36,3900,53
2021-02-23,Ventura,111,848112,77612,77093,2730,79823,689
2021-02-23,Yolo,113,214977,12831,12729,149,12878,188
2021-02-23,Yuba,115,75493,5470,5417,83,5500,38
2021-02-22,Alameda,001,1643700,80470,79796,1680,81476,1062
2021-02-22,Alpine,002,1148,78,77,0,77,0
2021-02-22,Amador,005,37829,3453,3438,29,3467,39
2021-02-22,Butte,007,227075,11277,10855,1613,12468,176
2021-02-22,Calaveras,009,45235,1890,1862,11,1873,21
2021-02-22,Colusa,011,21464,1868,1860,262,2122,11
2021-02-22,Contra Costa,013,1133247,62781,61478,1051,62529,661
2021-02-22,Del Norte,015,27424,1002,948,4,952,3
2021-02-22,El Dorado,017,186661,9109,8940,605,9545,96
2021-02-22,Fresno,019,978130,95856,94584,7562,102146,1351
2021-02-22,Glenn,021,27897,2242,2207,486,2693,14
2021-02-22,Humboldt,023,135768,3127,3095,22,3117,29
2021-02-22,Imperial,025,180216,27183,26778,2414,29192,590
2021-02-22,Inyo,027,18085,1286,1248,9,1257,32
2021-02-22,Kern,029,883053,92983,91201,9626,100827,982
2021-02-22,Kings,031,150075,22187,21801,945,22746,214
2021-02-22,Lake,033,64148,3164,3107,6,3113,40
2021-02-22,Lassen,035,31185,5115,5088,92,5180,1
2021-02-22,Los Angeles,037,10098052,1170365,1147541,37798,1185339,19730
2021-02-22,Madera,039,155013,15543,15325,800,16125,193
2021-02-22,Marin,041,260295,13147,12991,154,13145,213
2021-02-22,Mariposa,043,17540,376,374,5,379,4
2021-02-22,Mendocino,045,87422,3619,3535,71,3606,41
2021-02-22,Merced,047,269075,28211,28166,895,29061,379
2021-02-22,Modoc,049,8938,336,329,112,441,3
2021-02-22,Mono,051,14174,1175,1189,16,1205,3
2021-02-22,Monterey,053,433212,41824,41397,1640,43037,311
2021-02-22,Napa,055,140530,8970,8950,30,8980,69
2021-02-22,Nevada,057,99092,3977,3900,156,4056,66
2021-02-22,Orange,059,3164182,246559,244118,10058,254176,3843
2021-02-22,Placer,061,380077,20453,19587,1080,20667,238
2021-02-22,Plumas,063,18699,640,625,10,635,4
2021-02-22,Riverside,065,2383286,284759,277730,13209,290939,3567
2021-02-22,Sacramento,067,1510023,93983,92476,1204,93680,1359
2021-02-22,San Benito,069,59416,5725,5723,87,5810,57
2021-02-22,San Bernardino,071,2135413,285415,279984,8443,288427,3259
2021-02-22,San Diego,073,3302833,262905,257348,12754,270102,3189
2021-02-22,San Francisco,075,870044,34019,33947,1043,34990,405
2021-02-22,San Joaquin,077,732212,66490,65060,2681,67741,1001
2021-02-22,San Luis Obispo,079,281455,19617,19198,542,19740,229
2021-02-22,San Mateo,081,765935,39320,38542,401,38943,282
2021-02-22,Santa Barbara,083,443738,32069,31421,1019,32440,399
2021-02-22,Santa Clara,085,1922200,109787,109213,556,109769,1655
2021-02-22,Santa Cruz,087,273765,15339,14417,763,15180,176
2021-02-22,Shasta,089,179085,10902,10872,1197,12069,145
2021-02-22,Sierra,091,2930,51,47,12,59,0
2021-02-22,Siskiyou,093,43540,1479,1373,219,1592,4
2021-02-22,Solano,095,438530,29769,29508,347,29855,150
2021-02-22,Sonoma,097,501317,27859,27845,198,28043,278
2021-02-22,Stanislaus,099,539301,50386,49630,5237,54867,722
2021-02-22,Sutter,101,95872,8786,8698,78,8776,98
2021-02-22,Tehama,103,63373,4588,4550,480,5030,30
2021-02-22,Trinity,105,12862,467,287,73,360,3
2021-02-22,Tulare,107,460477,48054,46879,7764,54643,751
2021-02-22,Tuolumne,109,53932,3832,3856,36,3892,53
2021-02-22,Ventura,111,848112,77484,76947,2725,79672,677
2021-02-22,Yolo,113,214977,12804,12689,149,12838,183
2021-02-22,Yuba,115,75493,5467,5404,82,5486,38
2021-02-21,Alameda,001,1643700,80276,79649,1676,81325,1061
2021-02-21,Alpine,002,1148,78,77,0,77,0
2021-02-21,Amador,005,37829,3445,3435,29,3464,39
2021-02-21,Butte,007,227075,11259,10855,1611,12466,176
2021-02-21,Calaveras,009,45235,1889,1860,11,1871,21
2021-02-21,Colusa,011,21464,1867,1860,258,2118,11
2021-02-21,Contra Costa,013,1133247,62626,61364,1048,62412,661
2021-02-21,Del Norte,015,27424,996,942,4,946,3
2021-02-21,El Dorado,017,186661,9091,8927,604,9531,96
2021-02-21,Fresno,019,978130,95713,94374,7546,101920,1349
2021-02-21,Glenn,021,27897,2240,2201,484,2685,14
2021-02-21,Humboldt,023,135768,3115,3096,22,3118,29
2021-02-21,Imperial,025,180216,27169,26779,2412,29191,590
2021-02-21,Inyo,027,18085,1280,1232,9,1241,32
2021-02-21,Kern,029,883053,92858,91141,9588,100729,980
2021-02-21,Kings,031,150075,22151,21784,943,22727,213
2021-02-21,Lake,033,64148,3156,3100,6,3106,40
2021-02-21,Lassen,035,31185,5107,5077,92,5169,1
2021-02-21,Los Angeles,037,10098052,1169323,1146756,37754,1184510,19711
2021-02-21,Madera,039,155013,15510,15298,797,16095,192
2021-02-21,Marin,041,260295,13118,12968,154,13122,212
2021-02-21,Mariposa,043,17540,376,373,5,378,4
2021-02-21,Mendocino,045,87422,3614,3535,71,3606,41
2021-02-21,Merced,047,269075,28137,28106,880,28986,379
2021-02-21,Modoc,049,8938,333,329,112,441,3
2021-02-21,Mono,051,14174,1175,1189,16,1205,3
2021-02-21,Monterey,053,433212,41768,41373,1633,43006,309
2021-02-21,Napa,055,140530,8956,8929,30,8959,69
2021-02-21,Nevada,057,99092,3964,3895,156,4051,66
2021-02-21,Orange,059,3164182,246262,243985,10041,254026,3801
2021-02-21,Placer,061,380077,20417,19553,1076,20629,238
2021-02-21,Plumas,063,18699,640,625,10,635,4
2021-02-21,Riverside,065,2383286,284526,277555,13196,290751,3564
2021-02-21,Sacramento,067,1510023,93773,92288,1194,93482,1354
2021-02-21,San Benito,069,59416,5715,5716,84,5800,57
2021-02-21,San Bernardino,071,2135413,285191,279870,8429,288299,3247
2021-02-21,San Diego,073,3302833,262471,257027,12708,269735,3190
2021-02-21,San Francisco,075,870044,33955,33891,1039,34930,405
2021-02-21,San Joaquin,077,732212,66351,64997,2669,67666,1001
2021-02-21,San Luis Obispo,079,281455,19584,19178,540,19718,229
2021-02-21,San Mateo,081,765935,39258,38448,397,38845,282
2021-02-21,Santa Barbara,083,443738,32007,31374,1016,32390,399
2021-02-21,Santa Clara,085,1922200,109563,108992,548,109540,1654
2021-02-21,Santa Cruz,087,273765,15316,14401,762,15163,176
2021-02-21,Shasta,089,179085,10888,10867,1192,12059,145
2021-02-21,Sierra,091,2930,51,47,12,59,0
2021-02-21,Siskiyou,093,43540,1473,1371,219,1590,4
2021-02-21,Solano,095,438530,29714,29471,346,29817,150
2021-02-21,Sonoma,097,501317,27795,27793,191,27984,278
2021-02-21,Stanislaus,099,539301,50273,49527,5223,54750,726
2021-02-21,Sutter,101,95872,8769,8687,77,8764,97
2021-02-21,Tehama,103,63373,4579,4547,480,5027,30
2021-02-21,Trinity,105,12862,465,286,73,359,3
2021-02-21,Tulare,107,460477,47986,46830,7729,54559,749
2021-02-21,Tuolumne,109,53932,3818,3828,36,3864,53
2021-02-21,Ventura,111,848112,77335,76862,2712,79574,677
2021-02-21,Yolo,113,214977,12773,12670,148,12818,183
2021-02-21,Yuba,115,75493,5460,5396,81,5477,38
2021-02-20,Alameda,001,1643700,80185,79496,1671,81167,1055
2021-02-20,Alpine,002,1148,78,77,0,77,0
2021-02-20,Amador,005,37829,3443,3432,29,3461,39
2021-02-20,Butte,007,227075,11251,10838,1610,12448,176
2021-02-20,Calaveras,009,45235,1888,1858,11,1869,21
2021-02-20,Colusa,011,21464,1866,1858,258,2116,11
2021-02-20,Contra Costa,013,1133247,62542,61205,1046,62251,663
2021-02-20,Del Norte,015,27424,992,937,4,941,3
2021-02-20,El Dorado,017,186661,9081,8911,603,9514,96
2021-02-20,Fresno,019,978130,95630,94234,7526,101760,1341
2021-02-20,Glenn,021,27897,2236,2199,483,2682,14
2021-02-20,Humboldt,023,135768,3107,3073,22,3095,29
2021-02-20,Imperial,025,180216,27159,26771,2412,29183,590
2021-02-20,Inyo,027,18085,1276,1226,9,1235,32
2021-02-20,Kern,029,883053,92787,91025,9556,100581,968
2021-02-20,Kings,031,150075,22133,21773,942,22715,212
2021-02-20,Lake,033,64148,3149,3089,6,3095,40
2021-02-20,Lassen,035,31185,5105,5067,92,5159,1
2021-02-20,Los Angeles,037,10098052,1168753,1145594,37714,1183308,19630
2021-02-20,Madera,039,155013,15490,15274,796,16070,191
2021-02-20,Marin,041,260295,13097,12945,152,13097,211
2021-02-20,Mariposa,043,17540,376,372,5,377,4
2021-02-20,Mendocino,045,87422,3612,3533,71,3604,40
2021-02-20,Merced,047,269075,28094,28066,877,28943,379
2021-02-20,Modoc,049,8938,333,328,112,440,3
2021-02-20,Mono,051,14174,1174,1187,16,1203,3
2021-02-20,Monterey,053,433212,41746,41313,1631,42944,309
2021-02-20,Napa,055,140530,8947,8910,30,8940,69
2021-02-20,Nevada,057,99092,3954,3887,155,4042,66
2021-02-20,Orange,059,3164182,246093,243761,10027,253788,3755
2021-02-20,Placer,061,380077,20376,19509,1072,20581,236
2021-02-20,Plumas,063,18699,640,626,10,636,4
2021-02-20,Riverside,065,2383286,284372,277267,13187,290454,3559
2021-02-20,Sacramento,067,1510023,93650,92057,1192,93249,1352
2021-02-20,San Benito,069,59416,5704,5709,84,5793,57
2021-02-20,San Bernardino,071,2135413,285089,279608,8424,288032,3203
2021-02-20,San Diego,073,3302833,262229,256510,12679,269189,3188
2021-02-20,San Francisco,075,870044,33913,33820,1031,34851,399
2021-02-20,San Joaquin,077,732212,66281,64916,2664,67580,1001
2021-02-20,San Luis Obispo,079,281455,19560,19138,539,19677,229
2021-02-20,San Mateo,081,765935,39214,38371,396,38767,282
2021-02-20,Santa Barbara,083,443738,31973,31289,1015,32304,396
2021-02-20,Santa Clara,085,1922200,109385,108728,545,109273,1649
2021-02-20,Santa Cruz,087,273765,15305,14378,760,15138,176
2021-02-20,Shasta,089,179085,10874,10850,1187,12037,146
2021-02-20,Sierra,091,2930,51,47,12,59,0
2021-02-20,Siskiyou,093,43540,1470,1366,219,1585,4
2021-02-20,Solano,095,438530,29700,29440,344,29784,150
2021-02-20,Sonoma,097,501317,27766,27703,189,27892,278
2021-02-20,Stanislaus,099,539301,50222,49445,5209,54654,733
2021-02-20,Sutter,101,95872,8763,8681,77,8758,97
2021-02-20,Tehama,103,63373,4574,4545,480,5025,30
2021-02-20,Trinity,105,12862,464,285,72,357,3
2021-02-20,Tulare,107,460477,47950,46769,7707,54476,739
2021-02-20,Tuolumne,109,53932,3813,3823,36,3859,53
2021-02-20,Ventura,111,848112,77240,76757,2709,79466,671
2021-02-20,Yolo,113,214977,12759,12639,148,12787,183
2021-02-20,Yuba,115,75493,5457,5386,81,5467,38
2021-02-19,Alameda,001,1643700,80085,79318,1667,80985,1047
2021-02-19,Alpine,002,1148,78,77,0,77,0
2021-02-19,Amador,005,37829,3439,3427,29,3456,39
2021-02-19,Butte,007,227075,11237,10823,1603,12426,176
2021-02-19,Calaveras,009,45235,1888,1856,11,1867,21
2021-02-19,Colusa,011,21464,1866,1858,258,2116,11
2021-02-19,Contra Costa,013,1133247,62430,61017,1043,62060,651
2021-02-19,Del Norte,015,27424,987,932,4,936,2
2021-02-19,El Dorado,017,186661,9072,8882,602,9484,96
2021-02-19,Fresno,019,978130,95500,93973,7510,101483,1330
2021-02-19,Glenn,021,27897,2231,2199,482,2681,14
2021-02-19,Humboldt,023,135768,3095,3037,22,3059,29
2021-02-19,Imperial,025,180216,27153,26751,2409,29160,589
2021-02-19,Inyo,027,18085,1271,1212,9,1221,32
2021-02-19,Kern,029,883053,92718,90807,9516,100323,963
2021-02-19,Kings,031,150075,22119,21724,940,22664,211
2021-02-19,Lake,033,64148,3143,3078,6,3084,40
2021-02-19,Lassen,035,31185,5104,5057,92,5149,1
2021-02-19,Los Angeles,037,10098052,1168002,1143828,37674,1181502,19498
2021-02-19,Madera,039,155013,15473,15222,794,16016,188
2021-02-19,Marin,041,260295,13079,12919,151,13070,210
2021-02-19,Mariposa,043,17540,376,371,5,376,4
2021-02-19,Mendocino,045,87422,3610,3526,71,3597,39
2021-02-19,Merced,047,269075,28064,27985,874,28859,376
2021-02-19,Modoc,049,8938,333,328,112,440,3
2021-02-19,Mono,051,14174,1174,1186,16,1202,3
2021-02-19,Monterey,053,433212,41719,41209,1627,42836,309
2021-02-19,Napa,055,140530,8934,8899,30,8929,69
2021-02-19,Nevada,057,99092,3948,3863,155,4018,66
2021-02-19,Orange,059,3164182,245917,243397,10015,253412,3715
2021-02-19,Placer,061,380077,20354,19457,1072,20529,236
2021-02-19,Plumas,063,18699,638,624,10,634,4
2021-02-19,Riverside,065,2383286,284203,276941,13170,290111,3541
2021-02-19,Sacramento,067,1510023,93530,91815,1188,93003,1351
2021-02-19,San Benito,069,59416,5699,5699,84,5783,57
2021-02-19,San Bernardino,071,2135413,284953,279209,8419,287628,3117
2021-02-19,San Diego,073,3302833,261938,255799,12656,268455,3169
2021-02-19,San Francisco,075,870044,33865,33746,1025,34771,387
2021-02-19,San Joaquin,077,732212,66205,64774,2656,67430,988
2021-02-19,San Luis Obispo,079,281455,19529,19061,537,19598,230
2021-02-19,San Mateo,081,765935,39156,38256,394,38650,282
2021-02-19,Santa Barbara,083,443738,31909,31204,1014,32218,392
2021-02-19,Santa Clara,085,1922200,109173,108400,543,108943,1634
2021-02-19,Santa Cruz,087,273765,15290,14354,760,15114,176
2021-02-19,Shasta,089,179085,10863,10833,1184,12017,140
2021-02-19,Sierra,091,2930,51,47,12,59,0
2021-02-19,Siskiyou,093,43540,1466,1363,217,1580,4
2021-02-19,Solano,095,438530,29675,29383,343,29726,150
2021-02-19,Sonoma,097,501317,27719,27595,187,27782,280
2021-02-19,Stanislaus,099,539301,50160,49282,5193,54475,739
2021-02-19,Sutter,101,95872,8753,8665,77,8742,96
2021-02-19,Tehama,103,63373,4572,4535,480,5015,30
2021-02-19,Trinity,105,12862,462,282,70,352,3
2021-02-19,Tulare,107,460477,47905,46662,7682,54344,736
2021-02-19,Tuolumne,109,53932,3806,3817,36,3853,52
2021-02-19,Ventura,111,848112,77161,76582,2706,79288,667
2021-02-19,Yolo,113,214977,12743,12606,148,12754,183
2021-02-19,Yuba,115,75493,5447,5376,81,5457,38
2021-02-18,Alameda,001,1643700,79951,79111,1660,80771,1012
2021-02-18,Alpine,002,1148,78,77,0,77,0
2021-02-18,Amador,005,37829,3435,3417,28,3445,38
2021-02-18,Butte,007,227075,11220,10791,1601,12392,175
2021-02-18,Calaveras,009,45235,1883,1873,11,1884,21
2021-02-18,Colusa,011,21464,1864,1856,256,2112,11
2021-02-18,Contra Costa,013,1133247,62316,60868,1041,61909,640
2021-02-18,Del Norte,015,27424,982,929,4,933,2
2021-02-18,El Dorado,017,186661,9057,8850,601,9451,94
2021-02-18,Fresno,019,978130,95330,93734,7485,101219,1323
2021-02-18,Glenn,021,27897,2225,2195,482,2677,14
2021-02-18,Humboldt,023,135768,3083,3023,22,3045,29
2021-02-18,Imperial,025,180216,27127,26731,2402,29133,591
2021-02-18,Inyo,027,18085,1267,1213,8,1221,32
2021-02-18,Kern,029,883053,92565,90655,9486,100141,961
2021-02-18,Kings,031,150075,22095,21648,939,22587,211
2021-02-18,Lake,033,64148,3138,3066,6,3072,40
2021-02-18,Lassen,035,31185,5095,5052,92,5144,1
2021-02-18,Los Angeles,037,10098052,1167051,1141930,37611,1179541,19358
2021-02-18,Madera,039,155013,15451,15175,789,15964,188
2021-02-18,Marin,041,260295,13066,12895,150,13045,209
2021-02-18,Mariposa,043,17540,375,369,5,374,4
2021-02-18,Mendocino,045,87422,3607,3519,70,3589,39
2021-02-18,Merced,047,269075,28015,27870,868,28738,372
2021-02-18,Modoc,049,8938,331,327,111,438,3
2021-02-18,Mono,051,14174,1174,1182,16,1198,3
2021-02-18,Monterey,053,433212,41661,41091,1618,42709,307
2021-02-18,Napa,055,140530,8917,8877,30,8907,68
2021-02-18,Nevada,057,99092,3939,3836,154,3990,66
2021-02-18,Orange,059,3164182,245694,243098,9998,253096,3673
2021-02-18,Placer,061,380077,20327,19429,1071,20500,232
2021-02-18,Plumas,063,18699,638,624,10,634,4
2021-02-18,Riverside,065,2383286,283915,276595,13149,289744,3510
2021-02-18,Sacramento,067,1510023,93368,91476,1182,92658,1334
2021-02-18,San Benito,069,59416,5696,5697,83,5780,58
2021-02-18,San Bernardino,071,2135413,284744,278887,8405,287292,3066
2021-02-18,San Diego,073,3302833,261583,254987,12633,267620,3135
2021-02-18,San Francisco,075,870044,33807,33650,1022,34672,386
2021-02-18,San Joaquin,077,732212,66122,64634,2646,67280,982
2021-02-18,San Luis Obispo,079,281455,19487,18987,534,19521,230
2021-02-18,San Mateo,081,765935,39094,38185,390,38575,282
2021-02-18,Santa Barbara,083,443738,31831,31054,1007,32061,387
2021-02-18,Santa Clara,085,1922200,108948,108210,540,108750,1605
2021-02-18,Santa Cruz,087,273765,15264,14314,760,15074,176
2021-02-18,Shasta,089,179085,10845,10811,1181,11992,139
2021-02-18,Sierra,091,2930,50,47,12,59,0
2021-02-18,Siskiyou,093,43540,1461,1359,216,1575,4
2021-02-18,Solano,095,438530,29649,29349,342,29691,150
2021-02-18,Sonoma,097,501317,27652,27512,186,27698,281
2021-02-18,Stanislaus,099,539301,50060,49150,5176,54326,738
2021-02-18,Sutter,101,95872,8745,8654,77,8731,96
2021-02-18,Tehama,103,63373,4569,4528,480,5008,30
2021-02-18,Trinity,105,12862,461,282,70,352,3
2021-02-18,Tulare,107,460477,47842,46591,7643,54234,728
2021-02-18,Tuolumne,109,53932,3769,3811,36,3847,52
2021-02-18,Ventura,111,848112,77029,76442,2698,79140,659
2021-02-18,Yolo,113,214977,12717,12549,148,12697,183
2021-02-18,Yuba,115,75493,5430,5358,81,5439,38
2021-02-17,Alameda,001,1643700,79789,78895,1658,80553,1002
2021-02-17,Alpine,002,1148,78,77,0,77,0
2021-02-17,Amador,005,37829,3431,3415,28,3443,38
2021-02-17,Butte,007,227075,11202,10770,1597,12367,174
2021-02-17,Calaveras,009,45235,1883,1876,11,1887,21
2021-02-17,Colusa,011,21464,1861,1854,256,2110,10
2021-02-17,Contra Costa,013,1133247,62178,60723,1038,61761,635
2021-02-17,Del Norte,015,27424,975,920,4,924,2
2021-02-17,El Dorado,017,186661,9046,8847,601,9448,94
2021-02-17,Fresno,019,978130,95191,93555,7458,101013,1307
2021-02-17,Glenn,021,27897,2224,2189,481,2670,14
2021-02-17,Humboldt,023,135768,3068,3006,22,3028,29
2021-02-17,Imperial,025,180216,27113,26726,2398,29124,580
2021-02-17,Inyo,027,18085,1259,1197,8,1205,32
2021-02-17,Kern,029,883053,92447,90454,9442,99896,962
2021-02-17,Kings,031,150075,22057,21617,935,22552,211
2021-02-17,Lake,033,64148,3128,3057,2,3059,38
2021-02-17,Lassen,035,31185,5090,5052,91,5143,1
2021-02-17,Los Angeles,037,10098052,1165996,1139786,37550,1177336,19213
2021-02-17,Madera,039,155013,15426,15135,780,15915,177
2021-02-17,Marin,041,260295,13041,12881,150,13031,207
2021-02-17,Mariposa,043,17540,375,368,4,372,4
2021-02-17,Mendocino,045,87422,3605,3494,69,3563,39
2021-02-17,Merced,047,269075,27960,27824,859,28683,372
2021-02-17,Modoc,049,8938,331,327,111,438,3
2021-02-17,Mono,051,14174,1174,1180,16,1196,3
2021-02-17,Monterey,053,433212,41606,41014,1607,42621,304
2021-02-17,Napa,055,140530,8903,8865,30,8895,68
2021-02-17,Nevada,057,99092,3920,3822,151,3973,52
2021-02-17,Orange,059,3164182,245433,242716,9965,252681,3626
2021-02-17,Placer,061,380077,20293,19405,1067,20472,230
2021-02-17,Plumas,063,18699,637,623,10,633,4
2021-02-17,Riverside,065,2383286,283627,276289,13128,289417,3491
2021-02-17,Sacramento,067,1510023,93209,91309,1175,92484,1326
2021-02-17,San Benito,069,59416,5690,5661,83,5744,57
2021-02-17,San Bernardino,071,2135413,284541,278461,8385,286846,3020
2021-02-17,San Diego,073,3302833,261205,254177,12612,266789,3099
2021-02-17,San Francisco,075,870044,33731,33558,1017,34575,379
2021-02-17,San Joaquin,077,732212,66016,64556,2640,67196,979
2021-02-17,San Luis Obispo,079,281455,19442,18964,534,19498,230
2021-02-17,San Mateo,081,765935,39030,38124,390,38514,282
2021-02-17,Santa Barbara,083,443738,31763,30927,1006,31933,384
2021-02-17,Santa Clara,085,1922200,108716,107949,538,108487,1592
2021-02-17,Santa Cruz,087,273765,15231,14268,757,15025,174
2021-02-17,Shasta,089,179085,10825,10770,1180,11950,139
2021-02-17,Sierra,091,2930,50,47,12,59,0
2021-02-17,Siskiyou,093,43540,1455,1352,213,1565,4
2021-02-17,Solano,095,438530,29592,29288,342,29630,149
2021-02-17,Sonoma,097,501317,27580,27408,181,27589,281
2021-02-17,Stanislaus,099,539301,49947,49050,5160,54210,730
2021-02-17,Sutter,101,95872,8735,8681,77,8758,95
2021-02-17,Tehama,103,63373,4566,4511,480,4991,30
2021-02-17,Trinity,105,12862,461,277,68,345,3
2021-02-17,Tulare,107,460477,47776,46495,7618,54113,726
2021-02-17,Tuolumne,109,53932,3760,3806,36,3842,49
2021-02-17,Ventura,111,848112,76907,76234,2692,78926,646
2021-02-17,Yolo,113,214977,12698,12506,146,12652,182
2021-02-17,Yuba,115,75493,5421,5345,81,5426,38
2021-02-16,Alameda,001,1643700,79620,78756,1655,80411,997
2021-02-16,Alpine,002,1148,78,76,0,76,0
2021-02-16,Amador,005,37829,3424,3413,28,3441,39
2021-02-16,Butte,007,227075,11178,10748,1594,12342,164
2021-02-16,Calaveras,009,45235,1881,1872,11,1883,21
2021-02-16,Colusa,011,21464,1858,1852,254,2106,10
2021-02-16,Contra Costa,013,1133247,62027,60564,1033,61597,631
2021-02-16,Del Norte,015,27424,967,913,4,917,2
2021-02-16,El Dorado,017,186661,9036,8836,599,9435,94
2021-02-16,Fresno,019,978130,95025,93363,7428,100791,1293
2021-02-16,Glenn,021,27897,2220,2189,477,2666,14
2021-02-16,Humboldt,023,135768,3045,2994,21,3015,29
2021-02-16,Imperial,025,180216,27100,26711,2394,29105,580
2021-02-16,Inyo,027,18085,1251,1191,8,1199,32
2021-02-16,Kern,029,883053,92315,90267,9412,99679,959
2021-02-16,Kings,031,150075,22011,21583,931,22514,206
2021-02-16,Lake,033,64148,3121,3041,2,3043,38
2021-02-16,Lassen,035,31185,5078,5047,91,5138,1
2021-02-16,Los Angeles,037,10098052,1164742,1138262,37490,1175752,19044
2021-02-16,Madera,039,155013,15388,15120,775,15895,172
2021-02-16,Marin,041,260295,13013,12832,150,12982,205
2021-02-16,Mariposa,043,17540,375,367,4,371,4
2021-02-16,Mendocino,045,87422,3601,3489,69,3558,39
2021-02-16,Merced,047,269075,27879,27724,853,28577,368
2021-02-16,Modoc,049,8938,331,326,111,437,3
2021-02-16,Mono,051,14174,1174,1180,16,1196,3
2021-02-16,Monterey,053,433212,41530,40962,1598,42560,303
2021-02-16,Napa,055,140530,8890,8854,30,8884,66
2021-02-16,Nevada,057,99092,3907,3774,150,3924,47
2021-02-16,Orange,059,3164182,245112,242382,9949,252331,3612
2021-02-16,Placer,061,380077,20260,19367,1064,20431,230
2021-02-16,Plumas,063,18699,637,619,10,629,4
2021-02-16,Riverside,065,2383286,283320,275954,13106,289060,3471
2021-02-16,Sacramento,067,1510023,92955,91246,1169,92415,1305
2021-02-16,San Benito,069,59416,5682,5659,82,5741,56
2021-02-16,San Bernardino,071,2135413,284318,277947,8376,286323,2978
2021-02-16,San Diego,073,3302833,260740,253638,12573,266211,3042
2021-02-16,San Francisco,075,870044,33659,33491,1012,34503,373
2021-02-16,San Joaquin,077,732212,65886,64448,2637,67085,979
2021-02-16,San Luis Obispo,079,281455,19397,18925,531,19456,229
2021-02-16,San Mateo,081,765935,38971,38041,388,38429,277
2021-02-16,Santa Barbara,083,443738,31689,30865,1003,31868,378
2021-02-16,Santa Clara,085,1922200,108464,107754,535,108289,1591
2021-02-16,Santa Cruz,087,273765,15211,14256,756,15012,174
2021-02-16,Shasta,089,179085,10810,10736,1178,11914,139
2021-02-16,Sierra,091,2930,50,47,12,59,0
2021-02-16,Siskiyou,093,43540,1451,1351,213,1564,4
2021-02-16,Solano,095,438530,29554,29246,341,29587,148
2021-02-16,Sonoma,097,501317,27521,27380,175,27555,279
2021-02-16,Stanislaus,099,539301,49823,48927,5146,54073,716
2021-02-16,Sutter,101,95872,8712,8671,77,8748,95
2021-02-16,Tehama,103,63373,4557,4501,478,4979,30
2021-02-16,Trinity,105,12862,457,275,68,343,3
2021-02-16,Tulare,107,460477,47712,46444,7575,54019,716
2021-02-16,Tuolumne,109,53932,3758,3796,36,3832,49
2021-02-16,Ventura,111,848112,76765,76043,2689,78732,631
2021-02-16,Yolo,113,214977,12669,12457,146,12603,175
2021-02-16,Yuba,115,75493,5414,5332,80,5412,38
2021-02-15,Alameda,001,1643700,79423,78647,1644,80291,996
2021-02-15,Alpine,002,1148,78,76,0,76,0
2021-02-15,Amador,005,37829,3420,3409,28,3437,39
2021-02-15,Butte,007,227075,11160,10723,1590,12313,155
2021-02-15,Calaveras,009,45235,1877,1871,11,1882,21
2021-02-15,Colusa,011,21464,1858,1849,250,2099,10
2021-02-15,Contra Costa,013,1133247,61856,60444,1028,61472,631
2021-02-15,Del Norte,015,27424,963,913,4,917,2
2021-02-15,El Dorado,017,186661,9019,8816,599,9415,94
2021-02-15,Fresno,019,978130,94827,93231,7389,100620,1288
2021-02-15,Glenn,021,27897,2218,2185,476,2661,14
2021-02-15,Humboldt,023,135768,3038,2997,21,3018,29
2021-02-15,Imperial,025,180216,27080,26700,2391,29091,580
2021-02-15,Inyo,027,18085,1232,1184,8,1192,32
2021-02-15,Kern,029,883053,92170,90181,9381,99562,959
2021-02-15,Kings,031,150075,21966,21574,926,22500,205
2021-02-15,Lake,033,64148,3107,3030,1,3031,38
2021-02-15,Lassen,035,31185,5076,5047,90,5137,1
2021-02-15,Los Angeles,037,10098052,1163355,1137164,37430,1174594,18925
2021-02-15,Madera,039,155013,15357,15108,773,15881,106
2021-02-15,Marin,041,260295,12992,12810,147,12957,203
2021-02-15,Mariposa,043,17540,373,367,4,371,4
2021-02-15,Mendocino,045,87422,3589,3481,69,3550,39
2021-02-15,Merced,047,269075,27805,27656,846,28502,368
2021-02-15,Modoc,049,8938,331,326,111,437,3
2021-02-15,Mono,051,14174,1171,1178,16,1194,3
2021-02-15,Monterey,053,433212,41466,40911,1586,42497,302
2021-02-15,Napa,055,140530,8876,8837,30,8867,57
2021-02-15,Nevada,057,99092,3890,3767,149,3916,47
2021-02-15,Orange,059,3164182,244793,242176,9921,252097,3586
2021-02-15,Placer,061,380077,20234,19361,1063,20424,230
2021-02-15,Plumas,063,18699,637,620,10,630,4
2021-02-15,Riverside,065,2383286,282967,275771,13087,288858,3468
2021-02-15,Sacramento,067,1510023,92628,91091,1164,92255,1304
2021-02-15,San Benito,069,59416,5676,5649,82,5731,56
2021-02-15,San Bernardino,071,2135413,284067,277869,8368,286237,2945
2021-02-15,San Diego,073,3302833,260227,252940,12542,265482,3037
2021-02-15,San Francisco,075,870044,33586,33454,1006,34460,373
2021-02-15,San Joaquin,077,732212,65721,64382,2630,67012,979
2021-02-15,San Luis Obispo,079,281455,19344,18891,529,19420,227
2021-02-15,San Mateo,081,765935,38892,37969,385,38354,277
2021-02-15,Santa Barbara,083,443738,31586,30810,1000,31810,378
2021-02-15,Santa Clara,085,1922200,108234,107630,533,108163,1588
2021-02-15,Santa Cruz,087,273765,15179,14239,753,14992,175
2021-02-15,Shasta,089,179085,10790,10730,1173,11903,139
2021-02-15,Sierra,091,2930,50,47,12,59,0
2021-02-15,Siskiyou,093,43540,1443,1345,212,1557,4
2021-02-15,Solano,095,438530,29499,29225,341,29566,148
2021-02-15,Sonoma,097,501317,27437,27359,171,27530,276
2021-02-15,Stanislaus,099,539301,49696,48808,5133,53941,716
2021-02-15,Sutter,101,95872,8697,8652,77,8729,95
2021-02-15,Tehama,103,63373,4548,4492,477,4969,30
2021-02-15,Trinity,105,12862,456,274,68,342,3
2021-02-15,Tulare,107,460477,47641,46344,7536,53880,715
2021-02-15,Tuolumne,109,53932,3748,3794,36,3830,49
2021-02-15,Ventura,111,848112,76610,75889,2686,78575,629
2021-02-15,Yolo,113,214977,12633,12412,145,12557,175
2021-02-15,Yuba,115,75493,5397,5320,79,5399,38
2021-02-14,Alameda,001,1643700,79271,78442,1643,80085,995
2021-02-14,Alpine,002,1148,78,76,0,76,0
2021-02-14,Amador,005,37829,3415,3398,28,3426,39
2021-02-14,Butte,007,227075,11136,10717,1587,12304,155
2021-02-14,Calaveras,009,45235,1873,1866,11,1877,21
2021-02-14,Colusa,011,21464,1854,1845,247,2092,10
2021-02-14,Contra Costa,013,1133247,61706,60272,1025,61297,631
2021-02-14,Del Norte,015,27424,959,911,4,915,2
2021-02-14,El Dorado,017,186661,8987,8790,598,9388,94
2021-02-14,Fresno,019,978130,94656,93065,7366,100431,1287
2021-02-14,Glenn,021,27897,2215,2184,476,2660,14
2021-02-14,Humboldt,023,135768,3025,2992,21,3013,29
2021-02-14,Imperial,025,180216,27073,26696,2390,29086,580
2021-02-14,Inyo,027,18085,1226,1177,8,1185,32
2021-02-14,Kern,029,883053,92010,90038,9328,99366,959
2021-02-14,Kings,031,150075,21940,21538,924,22462,205
2021-02-14,Lake,033,64148,3096,3030,1,3031,38
2021-02-14,Lassen,035,31185,5072,5037,90,5127,1
2021-02-14,Los Angeles,037,10098052,1162009,1135450,37350,1172800,18898
2021-02-14,Madera,039,155013,15325,15089,769,15858,106
2021-02-14,Marin,041,260295,12968,12784,147,12931,201
2021-02-14,Mariposa,043,17540,373,365,4,369,4
2021-02-14,Mendocino,045,87422,3583,3475,69,3544,39
2021-02-14,Merced,047,269075,27723,27601,841,28442,368
2021-02-14,Modoc,049,8938,331,326,111,437,3
2021-02-14,Mono,051,14174,1170,1180,16,1196,3
2021-02-14,Monterey,053,433212,41415,40842,1581,42423,302
2021-02-14,Napa,055,140530,8856,8826,30,8856,57
2021-02-14,Nevada,057,99092,3874,3761,149,3910,47
2021-02-14,Orange,059,3164182,244484,241859,9903,251762,3564
2021-02-14,Placer,061,380077,20195,19313,1058,20371,230
2021-02-14,Plumas,063,18699,636,620,10,630,4
2021-02-14,Riverside,065,2383286,282636,275518,13068,288586,3471
2021-02-14,Sacramento,067,1510023,92421,90856,1160,92016,1304
2021-02-14,San Benito,069,59416,5667,5641,81,5722,56
2021-02-14,San Bernardino,071,2135413,283761,277664,8348,286012,2929
2021-02-14,San Diego,073,3302833,259735,252247,12495,264742,3037
2021-02-14,San Francisco,075,870044,33512,33374,998,34372,372
2021-02-14,San Joaquin,077,732212,65623,64243,2616,66859,979
2021-02-14,San Luis Obispo,079,281455,19306,18868,526,19394,225
2021-02-14,San Mateo,081,765935,38807,37859,385,38244,277
2021-02-14,Santa Barbara,083,443738,31494,30744,996,31740,377
2021-02-14,Santa Clara,085,1922200,108035,107412,529,107941,1582
2021-02-14,Santa Cruz,087,273765,15151,14225,748,14973,175
2021-02-14,Shasta,089,179085,10758,10720,1169,11889,139
2021-02-14,Sierra,091,2930,50,47,12,59,0
2021-02-14,Siskiyou,093,43540,1439,1340,212,1552,4
2021-02-14,Solano,095,438530,29457,29150,338,29488,148
2021-02-14,Sonoma,097,501317,27362,27266,169,27435,276
2021-02-14,Stanislaus,099,539301,49586,48672,5118,53790,716
2021-02-14,Sutter,101,95872,8674,8642,77,8719,95
2021-02-14,Tehama,103,63373,4542,4490,474,4964,30
2021-02-14,Trinity,105,12862,456,272,68,340,3
2021-02-14,Tulare,107,460477,47556,46263,7486,53749,715
2021-02-14,Tuolumne,109,53932,3747,3764,36,3800,49
2021-02-14,Ventura,111,848112,76441,75742,2675,78417,629
2021-02-14,Yolo,113,214977,12604,12399,144,12543,175
2021-02-14,Yuba,115,75493,5387,5314,79,5393,38
2021-02-13,Alameda,001,1643700,79149,78246,1640,79886,995
2021-02-13,Alpine,002,1148,78,76,0,76,0
2021-02-13,Amador,005,37829,3412,3387,28,3415,38
2021-02-13,Butte,007,227075,11120,10699,1585,12284,155
2021-02-13,Calaveras,009,45235,1870,1863,11,1874,21
2021-02-13,Colusa,011,21464,1854,1837,247,2084,10
2021-02-13,Contra Costa,013,1133247,61585,60100,1025,61125,629
2021-02-13,Del Norte,015,27424,957,908,4,912,2
2021-02-13,El Dorado,017,186661,8975,8758,597,9355,93
2021-02-13,Fresno,019,978130,94542,92807,7344,100151,1287
2021-02-13,Glenn,021,27897,2214,2182,474,2656,14
2021-02-13,Humboldt,023,135768,3012,2974,20,2994,29
2021-02-13,Imperial,025,180216,27066,26680,2388,29068,580
2021-02-13,Inyo,027,18085,1222,1168,8,1176,32
2021-02-13,Kern,029,883053,91921,89915,9302,99217,957
2021-02-13,Kings,031,150075,21925,21513,922,22435,205
2021-02-13,Lake,033,64148,3087,3025,1,3026,37
2021-02-13,Lassen,035,31185,5069,5028,90,5118,1
2021-02-13,Los Angeles,037,10098052,1161150,1133752,37305,1171057,18822
2021-02-13,Madera,039,155013,15316,15053,765,15818,106
2021-02-13,Marin,041,260295,12944,12757,147,12904,201
2021-02-13,Mariposa,043,17540,373,365,4,369,4
2021-02-13,Mendocino,045,87422,3573,3466,69,3535,38
2021-02-13,Merced,047,269075,27679,27541,838,28379,368
2021-02-13,Modoc,049,8938,331,325,111,436,3
2021-02-13,Mono,051,14174,1170,1176,16,1192,3
2021-02-13,Monterey,053,433212,41383,40731,1580,42311,301
2021-02-13,Napa,055,140530,8847,8809,30,8839,57
2021-02-13,Nevada,057,99092,3865,3742,148,3890,47
2021-02-13,Orange,059,3164182,244278,241545,9884,251429,3520
2021-02-13,Placer,061,380077,20175,19214,1058,20272,230
2021-02-13,Plumas,063,18699,636,616,10,626,4
2021-02-13,Riverside,065,2383286,282407,275276,13059,288335,3462
2021-02-13,Sacramento,067,1510023,92254,90401,1157,91558,1302
2021-02-13,San Benito,069,59416,5650,5633,81,5714,56
2021-02-13,San Bernardino,071,2135413,283609,277405,8335,285740,2899
2021-02-13,San Diego,073,3302833,259403,251679,12483,264162,3009
2021-02-13,San Francisco,075,870044,33462,33291,988,34279,364
2021-02-13,San Joaquin,077,732212,65554,64105,2606,66711,977
2021-02-13,San Luis Obispo,079,281455,19278,18803,520,19323,225
2021-02-13,San Mateo,081,765935,38754,37745,385,38130,277
2021-02-13,Santa Barbara,083,443738,31442,30594,995,31589,374
2021-02-13,Santa Clara,085,1922200,107846,107125,526,107651,1570
2021-02-13,Santa Cruz,087,273765,15124,14198,747,14945,173
2021-02-13,Shasta,089,179085,10745,10713,1164,11877,139
2021-02-13,Sierra,091,2930,50,47,12,59,0
2021-02-13,Siskiyou,093,43540,1436,1336,212,1548,4
2021-02-13,Solano,095,438530,29422,29084,338,29422,148
2021-02-13,Sonoma,097,501317,27314,27157,167,27324,276
2021-02-13,Stanislaus,099,539301,49515,48568,5112,53680,697
2021-02-13,Sutter,101,95872,8662,8626,77,8703,94
2021-02-13,Tehama,103,63373,4532,4484,473,4957,30
2021-02-13,Trinity,105,12862,455,272,67,339,3
2021-02-13,Tulare,107,460477,47505,46162,7455,53617,709
2021-02-13,Tuolumne,109,53932,3746,3752,36,3788,49
2021-02-13,Ventura,111,848112,76301,75481,2669,78150,618
2021-02-13,Yolo,113,214977,12591,12374,143,12517,175
2021-02-13,Yuba,115,75493,5379,5289,79,5368,38
2021-02-12,Alameda,001,1643700,79000,77958,1634,79592,974
2021-02-12,Alpine,002,1148,78,76,0,76,0
2021-02-12,Amador,005,37829,3408,3381,28,3409,38
2021-02-12,Butte,007,227075,11107,10655,1578,12233,155
2021-02-12,Calaveras,009,45235,1867,1860,11,1871,21
2021-02-12,Colusa,011,21464,1854,1836,247,2083,10
2021-02-12,Contra Costa,013,1133247,61435,59878,1021,60899,620
2021-02-12,Del Norte,015,27424,947,901,4,905,2
2021-02-12,El Dorado,017,186661,8960,8725,594,9319,92
2021-02-12,Fresno,019,978130,94388,92520,7324,99844,1273
2021-02-12,Glenn,021,27897,2211,2175,474,2649,14
2021-02-12,Humboldt,023,135768,3004,2961,20,2981,29
2021-02-12,Imperial,025,180216,27059,26646,2385,29031,585
2021-02-12,Inyo,027,18085,1216,1156,8,1164,32
2021-02-12,Kern,029,883053,91807,89532,9270,98802,949
2021-02-12,Kings,031,150075,21893,21462,917,22379,202
2021-02-12,Lake,033,64148,3082,3012,1,3013,36
2021-02-12,Lassen,035,31185,5067,5015,90,5105,1
2021-02-12,Los Angeles,037,10098052,1159937,1131185,37239,1168424,18637
2021-02-12,Madera,039,155013,15289,15022,762,15784,106
2021-02-12,Marin,041,260295,12918,12720,147,12867,200
2021-02-12,Mariposa,043,17540,372,365,4,369,4
2021-02-12,Mendocino,045,87422,3571,3447,69,3516,38
2021-02-12,Merced,047,269075,27628,27453,835,28288,367
2021-02-12,Modoc,049,8938,331,324,111,435,3
2021-02-12,Mono,051,14174,1169,1172,16,1188,3
2021-02-12,Monterey,053,433212,41335,40633,1571,42204,297
2021-02-12,Napa,055,140530,8835,8785,30,8815,55
2021-02-12,Nevada,057,99092,3860,3728,148,3876,47
2021-02-12,Orange,059,3164182,244039,241075,9869,250944,3505
2021-02-12,Placer,061,380077,20133,19174,1053,20227,230
2021-02-12,Plumas,063,18699,635,614,10,624,4
2021-02-12,Riverside,065,2383286,282129,274792,13044,287836,3438
2021-02-12,Sacramento,067,1510023,92052,90252,1156,91408,1295
2021-02-12,San Benito,069,59416,5634,5622,80,5702,56
2021-02-12,San Bernardino,071,2135413,283419,276890,8324,285214,2827
2021-02-12,San Diego,073,3302833,259014,250788,12457,263245,2979
2021-02-12,San Francisco,075,870044,33402,33179,984,34163,359
2021-02-12,San Joaquin,077,732212,65458,63966,2598,66564,975
2021-02-12,San Luis Obispo,079,281455,19237,18687,519,19206,224
2021-02-12,San Mateo,081,765935,38682,37560,385,37945,254
2021-02-12,Santa Barbara,083,443738,31371,30454,990,31444,372
2021-02-12,Santa Clara,085,1922200,107674,106759,523,107282,1543
2021-02-12,Santa Cruz,087,273765,15104,14147,747,14894,170
2021-02-12,Shasta,089,179085,10727,10693,1154,11847,142
2021-02-12,Sierra,091,2930,49,45,12,57,0
2021-02-12,Siskiyou,093,43540,1432,1324,209,1533,4
2021-02-12,Solano,095,438530,29390,28996,335,29331,147
2021-02-12,Sonoma,097,501317,27259,27064,163,27227,275
2021-02-12,Stanislaus,099,539301,49427,48418,5090,53508,697
2021-02-12,Sutter,101,95872,8649,8609,77,8686,93
2021-02-12,Tehama,103,63373,4525,4470,472,4942,27
2021-02-12,Trinity,105,12862,455,269,67,336,3
2021-02-12,Tulare,107,460477,47427,46016,7429,53445,710
2021-02-12,Tuolumne,109,53932,3743,3736,35,3771,49
2021-02-12,Ventura,111,848112,76131,75210,2663,77873,605
2021-02-12,Yolo,113,214977,12570,12340,143,12483,175
2021-02-12,Yuba,115,75493,5371,5274,79,5353,38
2021-02-11,Alameda,001,1643700,78774,77564,1629,79193,960
2021-02-11,Alpine,002,1148,77,76,0,76,0
2021-02-11,Amador,005,37829,3404,3368,28,3396,35
2021-02-11,Butte,007,227075,11084,10624,1577,12201,155
2021-02-11,Calaveras,009,45235,1864,1856,11,1867,21
2021-02-11,Colusa,011,21464,1849,1823,245,2068,10
2021-02-11,Contra Costa,013,1133247,61267,59633,1017,60650,605
2021-02-11,Del Norte,015,27424,942,894,4,898,2
2021-02-11,El Dorado,017,186661,8939,8698,594,9292,92
2021-02-11,Fresno,019,978130,94235,92168,7301,99469,1255
2021-02-11,Glenn,021,27897,2206,2166,473,2639,14
2021-02-11,Humboldt,023,135768,2991,2954,19,2973,29
2021-02-11,Imperial,025,180216,27035,26545,2383,28928,578
2021-02-11,Inyo,027,18085,1207,1144,8,1152,32
2021-02-11,Kern,029,883053,91616,89224,9227,98451,941
2021-02-11,Kings,031,150075,21863,21373,914,22287,202
2021-02-11,Lake,033,64148,3072,3002,1,3003,36
2021-02-11,Lassen,035,31185,5056,5004,87,5091,1
2021-02-11,Los Angeles,037,10098052,1158309,1128437,37169,1165606,18500
2021-02-11,Madera,039,155013,15268,14984,760,15744,106
2021-02-11,Marin,041,260295,12881,12682,147,12829,200
2021-02-11,Mariposa,043,17540,372,361,4,365,4
2021-02-11,Mendocino,045,87422,3564,3420,69,3489,38
2021-02-11,Merced,047,269075,27562,27325,831,28156,363
2021-02-11,Modoc,049,8938,330,317,111,428,3
2021-02-11,Mono,051,14174,1165,1173,16,1189,3
2021-02-11,Monterey,053,433212,41229,40469,1565,42034,295
2021-02-11,Napa,055,140530,8814,8777,30,8807,55
2021-02-11,Nevada,057,99092,3844,3720,148,3868,47
2021-02-11,Orange,059,3164182,243672,240590,9845,250435,3476
2021-02-11,Placer,061,380077,20093,19118,1052,20170,224
2021-02-11,Plumas,063,18699,634,592,10,602,4
2021-02-11,Riverside,065,2383286,281762,274313,13029,287342,3394
2021-02-11,Sacramento,067,1510023,91809,89988,1150,91138,1286
2021-02-11,San Benito,069,59416,5625,5609,80,5689,56
2021-02-11,San Bernardino,071,2135413,283121,276349,8310,284659,2774
2021-02-11,San Diego,073,3302833,258461,249971,12423,262394,2955
2021-02-11,San Francisco,075,870044,33319,33076,975,34051,356
2021-02-11,San Joaquin,077,732212,65290,63719,2588,66307,971
2021-02-11,San Luis Obispo,079,281455,19172,18615,515,19130,219
2021-02-11,San Mateo,081,765935,38590,37439,383,37822,253
2021-02-11,Santa Barbara,083,443738,31273,30375,985,31360,370
2021-02-11,Santa Clara,085,1922200,107414,106392,518,106910,1507
2021-02-11,Santa Cruz,087,273765,15081,14088,742,14830,165
2021-02-11,Shasta,089,179085,10703,10672,1150,11822,140
2021-02-11,Sierra,091,2930,49,45,12,57,0
2021-02-11,Siskiyou,093,43540,1417,1320,209,1529,4
2021-02-11,Solano,095,438530,29337,28885,335,29220,138
2021-02-11,Sonoma,097,501317,27174,26971,160,27131,272
2021-02-11,Stanislaus,099,539301,49282,48205,5078,53283,697
2021-02-11,Sutter,101,95872,8635,8590,76,8666,93
2021-02-11,Tehama,103,63373,4519,4463,472,4935,26
2021-02-11,Trinity,105,12862,455,269,67,336,3
2021-02-11,Tulare,107,460477,47332,45897,7390,53287,706
2021-02-11,Tuolumne,109,53932,3706,3716,35,3751,48
2021-02-11,Ventura,111,848112,75929,74959,2654,77613,590
2021-02-11,Yolo,113,214977,12546,12303,143,12446,173
2021-02-11,Yuba,115,75493,5357,5261,78,5339,38
2021-02-10,Alameda,001,1643700,78573,77344,1628,78972,944
2021-02-10,Alpine,002,1148,77,76,0,76,0
2021-02-10,Amador,005,37829,3392,3348,28,3376,35
2021-02-10,Butte,007,227075,11056,10594,1576,12170,155
2021-02-10,Calaveras,009,45235,1862,1850,11,1861,21
2021-02-10,Colusa,011,21464,1842,1815,243,2058,10
2021-02-10,Contra Costa,013,1133247,61092,59488,1015,60503,590
2021-02-10,Del Norte,015,27424,936,888,4,892,2
2021-02-10,El Dorado,017,186661,8908,8682,590,9272,87
2021-02-10,Fresno,019,978130,94060,91876,7276,99152,1247
2021-02-10,Glenn,021,27897,2202,2160,471,2631,14
2021-02-10,Humboldt,023,135768,2983,2924,19,2943,29
2021-02-10,Imperial,025,180216,26997,26522,2380,28902,578
2021-02-10,Inyo,027,18085,1195,1138,8,1146,30
2021-02-10,Kern,029,883053,91409,88933,9173,98106,926
2021-02-10,Kings,031,150075,21820,21294,912,22206,197
2021-02-10,Lake,033,64148,3059,2975,1,2976,36
2021-02-10,Lassen,035,31185,5052,4993,87,5080,1
2021-02-10,Los Angeles,037,10098052,1156561,1125437,37042,1162479,18338
2021-02-10,Madera,039,155013,15229,14925,758,15683,105
2021-02-10,Marin,041,260295,12844,12651,147,12798,199
2021-02-10,Mariposa,043,17540,370,360,4,364,4
2021-02-10,Mendocino,045,87422,3549,3395,69,3464,38
2021-02-10,Merced,047,269075,27479,27246,820,28066,359
2021-02-10,Modoc,049,8938,329,315,109,424,3
2021-02-10,Mono,051,14174,1160,1170,16,1186,3
2021-02-10,Monterey,053,433212,41152,40366,1551,41917,288
2021-02-10,Napa,055,140530,8795,8769,30,8799,55
2021-02-10,Nevada,057,99092,3829,3693,146,3839,47
2021-02-10,Orange,059,3164182,243254,239974,9814,249788,3439
2021-02-10,Placer,061,380077,20053,19062,1047,20109,220
2021-02-10,Plumas,063,18699,631,589,10,599,2
2021-02-10,Riverside,065,2383286,281334,273721,13019,286740,3374
2021-02-10,Sacramento,067,1510023,91558,89653,1146,90799,1275
2021-02-10,San Benito,069,59416,5611,5591,80,5671,55
2021-02-10,San Bernardino,071,2135413,282767,275616,8294,283910,2696
2021-02-10,San Diego,073,3302833,257879,248858,12385,261243,2904
2021-02-10,San Francisco,075,870044,33236,32955,972,33927,351
2021-02-10,San Joaquin,077,732212,65148,63484,2574,66058,954
2021-02-10,San Luis Obispo,079,281455,19093,18549,513,19062,216
2021-02-10,San Mateo,081,765935,38499,37323,383,37706,245
2021-02-10,Santa Barbara,083,443738,31182,30216,980,31196,359
2021-02-10,Santa Clara,085,1922200,107174,106048,515,106563,1489
2021-02-10,Santa Cruz,087,273765,15045,14007,740,14747,165
2021-02-10,Shasta,089,179085,10680,10645,1147,11792,142
2021-02-10,Sierra,091,2930,49,45,12,57,0
2021-02-10,Siskiyou,093,43540,1412,1314,208,1522,4
2021-02-10,Solano,095,438530,29261,28835,333,29168,137
2021-02-10,Sonoma,097,501317,27078,26881,158,27039,271
2021-02-10,Stanislaus,099,539301,49165,48016,5062,53078,696
2021-02-10,Sutter,101,95872,8618,8571,76,8647,93
2021-02-10,Tehama,103,63373,4511,4445,472,4917,23
2021-02-10,Trinity,105,12862,452,268,67,335,3
2021-02-10,Tulare,107,460477,47214,45782,7352,53134,696
2021-02-10,Tuolumne,109,53932,3698,3691,35,3726,48
2021-02-10,Ventura,111,848112,75701,74651,2637,77288,580
2021-02-10,Yolo,113,214977,12522,12276,143,12419,174
2021-02-10,Yuba,115,75493,5339,5241,78,5319,38
2021-02-09,Alameda,001,1643700,78311,77018,1624,78642,936
2021-02-09,Alpine,002,1148,77,76,0,76,0
2021-02-09,Amador,005,37829,3384,3347,28,3375,35
2021-02-09,Butte,007,227075,11030,10563,1573,12136,153
2021-02-09,Calaveras,009,45235,1858,1847,11,1858,21
2021-02-09,Colusa,011,21464,1833,1812,238,2050,10
2021-02-09,Contra Costa,013,1133247,60902,59307,1009,60316,583
2021-02-09,Del Norte,015,27424,930,886,4,890,2
2021-02-09,El Dorado,017,186661,8880,8663,588,9251,87
2021-02-09,Fresno,019,978130,93818,91730,7248,98978,1211
2021-02-09,Glenn,021,27897,2198,2156,471,2627,14
2021-02-09,Humboldt,023,135768,2975,2904,19,2923,29
2021-02-09,Imperial,025,180216,26967,26509,2377,28886,568
2021-02-09,Inyo,027,18085,1187,1137,8,1145,30
2021-02-09,Kern,029,883053,91157,88684,9126,97810,920
2021-02-09,Kings,031,150075,21778,21275,910,22185,196
2021-02-09,Lake,033,64148,3048,2955,1,2956,36
2021-02-09,Lassen,035,31185,5045,4983,87,5070,1
2021-02-09,Los Angeles,037,10098052,1154583,1122745,36961,1159706,18198
2021-02-09,Madera,039,155013,15209,14912,755,15667,105
2021-02-09,Marin,041,260295,12812,12623,146,12769,197
2021-02-09,Mariposa,043,17540,368,355,4,359,4
2021-02-09,Mendocino,045,87422,3531,3369,69,3438,38
2021-02-09,Merced,047,269075,27381,27166,815,27981,354
2021-02-09,Modoc,049,8938,328,316,109,425,3
2021-02-09,Mono,051,14174,1159,1167,16,1183,3
2021-02-09,Monterey,053,433212,41044,40279,1538,41817,285
2021-02-09,Napa,055,140530,8782,8749,30,8779,55
2021-02-09,Nevada,057,99092,3812,3687,146,3833,44
2021-02-09,Orange,059,3164182,242843,239169,9783,248952,3406
2021-02-09,Placer,061,380077,19988,19008,1040,20048,220
2021-02-09,Plumas,063,18699,631,584,10,594,2
2021-02-09,Riverside,065,2383286,280840,273465,13002,286467,3334
2021-02-09,Sacramento,067,1510023,91248,89378,1145,90523,1265
2021-02-09,San Benito,069,59416,5599,5566,79,5645,54
2021-02-09,San Bernardino,071,2135413,282396,274998,8281,283279,2613
2021-02-09,San Diego,073,3302833,257221,248048,12342,260390,2853
2021-02-09,San Francisco,075,870044,33156,32782,962,33744,349
2021-02-09,San Joaquin,077,732212,64973,63341,2569,65910,937
2021-02-09,San Luis Obispo,079,281455,19034,18489,512,19001,216
2021-02-09,San Mateo,081,765935,38368,37227,382,37609,235
2021-02-09,Santa Barbara,083,443738,31070,30118,974,31092,351
2021-02-09,Santa Clara,085,1922200,106868,105762,512,106274,1463
2021-02-09,Santa Cruz,087,273765,14994,13958,735,14693,162
2021-02-09,Shasta,089,179085,10652,10595,1145,11740,139
2021-02-09,Sierra,091,2930,49,44,12,56,0
2021-02-09,Siskiyou,093,43540,1404,1306,206,1512,4
2021-02-09,Solano,095,438530,29182,28769,330,29099,131
2021-02-09,Sonoma,097,501317,26988,26826,156,26982,267
2021-02-09,Stanislaus,099,539301,49005,47906,5047,52953,679
2021-02-09,Sutter,101,95872,8602,8541,76,8617,92
2021-02-09,Tehama,103,63373,4504,4416,471,4887,22
2021-02-09,Trinity,105,12862,452,266,67,333,3
2021-02-09,Tulare,107,460477,47080,45704,7300,53004,686
2021-02-09,Tuolumne,109,53932,3679,3673,35,3708,48
2021-02-09,Ventura,111,848112,75450,74333,2629,76962,567
2021-02-09,Yolo,113,214977,12480,12220,143,12363,174
2021-02-09,Yuba,115,75493,5330,5235,78,5313,35
2021-02-08,Alameda,001,1643700,78050,76735,1619,78354,924
2021-02-08,Alpine,002,1148,77,73,0,73,0
2021-02-08,Amador,005,37829,3377,3344,27,3371,33
2021-02-08,Butte,007,227075,11008,10524,1569,12093,152
2021-02-08,Calaveras,009,45235,1857,1840,11,1851,21
2021-02-08,Colusa,011,21464,1825,1802,234,2036,10
2021-02-08,Contra Costa,013,1133247,60691,59039,1007,60046,567
2021-02-08,Del Norte,015,27424,927,885,4,889,2
2021-02-08,El Dorado,017,186661,8848,8627,585,9212,86
2021-02-08,Fresno,019,978130,93606,91430,7223,98653,1207
2021-02-08,Glenn,021,27897,2194,2148,469,2617,14
2021-02-08,Humboldt,023,135768,2967,2902,19,2921,29
2021-02-08,Imperial,025,180216,26945,26526,2375,28901,567
2021-02-08,Inyo,027,18085,1174,1126,8,1134,30
2021-02-08,Kern,029,883053,90940,88380,9065,97445,920
2021-02-08,Kings,031,150075,21716,21232,907,22139,195
2021-02-08,Lake,033,64148,3029,2949,1,2950,36
2021-02-08,Lassen,035,31185,5032,4976,87,5063,1
2021-02-08,Los Angeles,037,10098052,1152486,1120179,36840,1157019,17977
2021-02-08,Madera,039,155013,15173,14887,748,15635,93
2021-02-08,Marin,041,260295,12782,12591,146,12737,194
2021-02-08,Mariposa,043,17540,368,355,4,359,4
2021-02-08,Mendocino,045,87422,3517,3355,69,3424,38
2021-02-08,Merced,047,269075,27298,27082,810,27892,346
2021-02-08,Modoc,049,8938,326,318,109,427,3
2021-02-08,Mono,051,14174,1159,1165,16,1181,3
2021-02-08,Monterey,053,433212,40924,40186,1519,41705,283
2021-02-08,Napa,055,140530,8767,8719,30,8749,55
2021-02-08,Nevada,057,99092,3800,3671,146,3817,44
2021-02-08,Orange,059,3164182,242375,238715,9760,248475,3361
2021-02-08,Placer,061,380077,19947,18944,1034,19978,211
2021-02-08,Plumas,063,18699,630,584,10,594,2
2021-02-08,Riverside,065,2383286,280272,272904,12976,285880,3301
2021-02-08,Sacramento,067,1510023,90962,89267,1142,90409,1247
2021-02-08,San Benito,069,59416,5594,5553,78,5631,52
2021-02-08,San Bernardino,071,2135413,281993,274661,8275,282936,2587
2021-02-08,San Diego,073,3302833,256477,247259,12301,259560,2821
2021-02-08,San Francisco,075,870044,33062,32679,954,33633,348
2021-02-08,San Joaquin,077,732212,64812,63148,2559,65707,929
2021-02-08,San Luis Obispo,079,281455,18977,18421,507,18928,214
2021-02-08,San Mateo,081,765935,38259,37084,382,37466,232
2021-02-08,Santa Barbara,083,443738,30955,29978,967,30945,340
2021-02-08,Santa Clara,085,1922200,106545,105413,504,105917,1456
2021-02-08,Santa Cruz,087,273765,14955,13921,729,14650,161
2021-02-08,Shasta,089,179085,10625,10574,1139,11713,137
2021-02-08,Sierra,091,2930,49,44,12,56,0
2021-02-08,Siskiyou,093,43540,1401,1303,206,1509,4
2021-02-08,Solano,095,438530,29116,28644,328,28972,130
2021-02-08,Sonoma,097,501317,26897,26760,155,26915,259
2021-02-08,Stanislaus,099,539301,48850,47704,5019,52723,679
2021-02-08,Sutter,101,95872,8583,8526,76,8602,92
2021-02-08,Tehama,103,63373,4494,4403,468,4871,22
2021-02-08,Trinity,105,12862,450,266,67,333,3
2021-02-08,Tulare,107,460477,46972,45617,7260,52877,673
2021-02-08,Tuolumne,109,53932,3671,3647,35,3682,48
2021-02-08,Ventura,111,848112,75193,74068,2624,76692,565
2021-02-08,Yolo,113,214977,12448,12169,142,12311,162
2021-02-08,Yuba,115,75493,5314,5215,78,5293,35
2021-02-07,Alameda,001,1643700,77749,76500,1611,78111,924
2021-02-07,Alpine,002,1148,74,72,0,72,0
2021-02-07,Amador,005,37829,3356,3343,27,3370,33
2021-02-07,Butte,007,227075,10976,10513,1561,12074,152
2021-02-07,Calaveras,009,45235,1853,1837,11,1848,21
2021-02-07,Colusa,011,21464,1814,1795,232,2027,10
2021-02-07,Contra Costa,013,1133247,60447,58836,1002,59838,566
2021-02-07,Del Norte,015,27424,923,881,4,885,2
2021-02-07,El Dorado,017,186661,8819,8596,583,9179,86
2021-02-07,Fresno,019,978130,93376,91184,7185,98369,1207
2021-02-07,Glenn,021,27897,2190,2141,464,2605,14
2021-02-07,Humboldt,023,135768,2946,2895,19,2914,28
2021-02-07,Imperial,025,180216,26916,26518,2370,28888,567
2021-02-07,Inyo,027,18085,1163,1124,8,1132,27
2021-02-07,Kern,029,883053,90692,88146,9007,97153,920
2021-02-07,Kings,031,150075,21655,21180,904,22084,192
2021-02-07,Lake,033,64148,3014,2940,1,2941,36
2021-02-07,Lassen,035,31185,5021,4973,87,5060,1
2021-02-07,Los Angeles,037,10098052,1149725,1117551,36717,1154268,17889
2021-02-07,Madera,039,155013,15139,14850,744,15594,93
2021-02-07,Marin,041,260295,12749,12571,144,12715,194
2021-02-07,Mariposa,043,17540,367,355,4,359,4
2021-02-07,Mendocino,045,87422,3500,3348,69,3417,38
2021-02-07,Merced,047,269075,27186,26977,798,27775,346
2021-02-07,Modoc,049,8938,326,317,105,422,3
2021-02-07,Mono,051,14174,1156,1165,16,1181,3
2021-02-07,Monterey,053,433212,40788,40113,1500,41613,283
2021-02-07,Napa,055,140530,8744,8701,30,8731,55
2021-02-07,Nevada,057,99092,3789,3643,146,3789,44
2021-02-07,Orange,059,3164182,241777,238155,9727,247882,3336
2021-02-07,Placer,061,380077,19900,18903,1021,19924,211
2021-02-07,Plumas,063,18699,630,584,10,594,2
2021-02-07,Riverside,065,2383286,279743,272301,12955,285256,3267
2021-02-07,Sacramento,067,1510023,90629,88919,1135,90054,1246
2021-02-07,San Benito,069,59416,5575,5548,77,5625,52
2021-02-07,San Bernardino,071,2135413,281400,274316,8250,282566,2587
2021-02-07,San Diego,073,3302833,255691,246561,12237,258798,2821
2021-02-07,San Francisco,075,870044,32942,32609,942,33551,348
2021-02-07,San Joaquin,077,732212,64538,63051,2545,65596,929
2021-02-07,San Luis Obispo,079,281455,18905,18349,500,18849,214
2021-02-07,San Mateo,081,765935,38125,36984,380,37364,232
2021-02-07,Santa Barbara,083,443738,30815,29815,955,30770,340
2021-02-07,Santa Clara,085,1922200,106206,105118,494,105612,1450
2021-02-07,Santa Cruz,087,273765,14901,13887,724,14611,161
2021-02-07,Shasta,089,179085,10605,10570,1131,11701,137
2021-02-07,Sierra,091,2930,49,43,12,55,0
2021-02-07,Siskiyou,093,43540,1394,1295,204,1499,4
2021-02-07,Solano,095,438530,29005,28567,327,28894,130
2021-02-07,Sonoma,097,501317,26790,26684,151,26835,257
2021-02-07,Stanislaus,099,539301,48660,47551,4987,52538,679
2021-02-07,Sutter,101,95872,8555,8515,76,8591,92
2021-02-07,Tehama,103,63373,4478,4396,467,4863,22
2021-02-07,Trinity,105,12862,447,264,65,329,3
2021-02-07,Tulare,107,460477,46849,45520,7182,52702,671
2021-02-07,Tuolumne,109,53932,3647,3619,34,3653,48
2021-02-07,Ventura,111,848112,74882,73759,2612,76371,561
2021-02-07,Yolo,113,214977,12403,12135,142,12277,162
2021-02-07,Yuba,115,75493,5299,5198,76,5274,35
2021-02-06,Alameda,001,1643700,77596,76170,1600,77770,922
2021-02-06,Alpine,002,1148,74,72,0,72,0
2021-02-06,Amador,005,37829,3350,3306,27,3333,33
2021-02-06,Butte,007,227075,10959,10480,1557,12037,150
2021-02-06,Calaveras,009,45235,1851,1832,11,1843,21
2021-02-06,Colusa,011,21464,1812,1791,231,2022,10
2021-02-06,Contra Costa,013,1133247,60300,58567,996,59563,566
2021-02-06,Del Norte,015,27424,919,879,4,883,2
2021-02-06,El Dorado,017,186661,8812,8575,579,9154,86
2021-02-06,Fresno,019,978130,93263,90944,7164,98108,1207
2021-02-06,Glenn,021,27897,2188,2136,463,2599,14
2021-02-06,Humboldt,023,135768,2935,2880,19,2899,28
2021-02-06,Imperial,025,180216,26904,26514,2369,28883,567
2021-02-06,Inyo,027,18085,1160,1113,8,1121,27
2021-02-06,Kern,029,883053,90538,87919,8961,96880,912
2021-02-06,Kings,031,150075,21624,21156,904,22060,190
2021-02-06,Lake,033,64148,3009,2920,1,2921,34
2021-02-06,Lassen,035,31185,5017,4964,86,5050,1
2021-02-06,Los Angeles,037,10098052,1148369,1114718,36620,1151338,17793
2021-02-06,Madera,039,155013,15118,14807,742,15549,93
2021-02-06,Marin,041,260295,12729,12531,144,12675,194
2021-02-06,Mariposa,043,17540,366,355,3,358,4
2021-02-06,Mendocino,045,87422,3482,3316,68,3384,38
2021-02-06,Merced,047,269075,27100,26881,790,27671,346
2021-02-06,Modoc,049,8938,326,313,105,418,3
2021-02-06,Mono,051,14174,1155,1159,16,1175,3
2021-02-06,Monterey,053,433212,40730,39995,1492,41487,282
2021-02-06,Napa,055,140530,8731,8639,30,8669,55
2021-02-06,Nevada,057,99092,3777,3624,146,3770,43
2021-02-06,Orange,059,3164182,241413,237391,9693,247084,3293
2021-02-06,Placer,061,380077,19863,18836,1018,19854,211
2021-02-06,Plumas,063,18699,630,584,10,594,2
2021-02-06,Riverside,065,2383286,279375,271741,12936,284677,3243
2021-02-06,Sacramento,067,1510023,90412,88532,1125,89657,1237
2021-02-06,San Benito,069,59416,5557,5516,77,5593,52
2021-02-06,San Bernardino,071,2135413,281091,273718,8228,281946,2564
2021-02-06,San Diego,073,3302833,255195,245331,12202,257533,2812
2021-02-06,San Francisco,075,870044,32868,32437,932,33369,346
2021-02-06,San Joaquin,077,732212,64459,62840,2534,65374,906
2021-02-06,San Luis Obispo,079,281455,18863,18284,496,18780,214
2021-02-06,San Mateo,081,765935,38057,36824,377,37201,232
2021-02-06,Santa Barbara,083,443738,30739,29645,953,30598,337
2021-02-06,Santa Clara,085,1922200,105984,104639,489,105128,1439
2021-02-06,Santa Cruz,087,273765,14870,13845,720,14565,161
2021-02-06,Shasta,089,179085,10594,10561,1129,11690,137
2021-02-06,Sierra,091,2930,49,43,12,55,0
2021-02-06,Siskiyou,093,43540,1391,1289,203,1492,4
2021-02-06,Solano,095,438530,28969,28446,326,28772,129
2021-02-06,Sonoma,097,501317,26753,26564,149,26713,257
2021-02-06,Stanislaus,099,539301,48564,47325,4972,52297,679
2021-02-06,Sutter,101,95872,8547,8485,76,8561,92
2021-02-06,Tehama,103,63373,4468,4380,466,4846,22
2021-02-06,Trinity,105,12862,447,263,65,328,3
2021-02-06,Tulare,107,460477,46781,45349,7137,52486,664
2021-02-06,Tuolumne,109,53932,3640,3612,34,3646,48
2021-02-06,Ventura,111,848112,74702,73431,2606,76037,552
2021-02-06,Yolo,113,214977,12380,12061,142,12203,161
2021-02-06,Yuba,115,75493,5289,5177,75,5252,35
2021-02-05,Alameda,001,1643700,77367,75716,1598,77314,916
2021-02-05,Alpine,002,1148,74,72,0,72,0
2021-02-05,Amador,005,37829,3345,3299,26,3325,33
2021-02-05,Butte,007,227075,10940,10421,1550,11971,150
2021-02-05,Calaveras,009,45235,1847,1818,11,1829,21
2021-02-05,Colusa,011,21464,1808,1785,231,2016,10
2021-02-05,Contra Costa,013,1133247,60139,58195,994,59189,560
2021-02-05,Del Norte,015,27424,918,874,4,878,2
2021-02-05,El Dorado,017,186661,8793,8527,577,9104,86
2021-02-05,Fresno,019,978130,93061,90513,7143,97656,1194
2021-02-05,Glenn,021,27897,2185,2122,458,2580,14
2021-02-05,Humboldt,023,135768,2925,2857,19,2876,28
2021-02-05,Imperial,025,180216,26885,26474,2368,28842,557
2021-02-05,Inyo,027,18085,1156,1104,8,1112,27
2021-02-05,Kern,029,883053,90369,87470,8895,96365,906
2021-02-05,Kings,031,150075,21586,21021,901,21922,190
2021-02-05,Lake,033,64148,2997,2906,1,2907,33
2021-02-05,Lassen,035,31185,5013,4936,86,5022,1
2021-02-05,Los Angeles,037,10098052,1146269,1110384,36489,1146873,17608
2021-02-05,Madera,039,155013,15084,14752,737,15489,95
2021-02-05,Marin,041,260295,12694,12479,144,12623,193
2021-02-05,Mariposa,043,17540,366,352,3,355,4
2021-02-05,Mendocino,045,87422,3468,3272,68,3340,38
2021-02-05,Merced,047,269075,27040,26760,789,27549,345
2021-02-05,Modoc,049,8938,326,312,105,417,3
2021-02-05,Mono,051,14174,1154,1157,16,1173,3
2021-02-05,Monterey,053,433212,40663,39840,1481,41321,281
2021-02-05,Napa,055,140530,8717,8598,30,8628,55
2021-02-05,Nevada,057,99092,3774,3607,146,3753,43
2021-02-05,Orange,059,3164182,240986,236335,9666,246001,3260
2021-02-05,Placer,061,380077,19827,18756,1016,19772,211
2021-02-05,Plumas,063,18699,628,578,10,588,2
2021-02-05,Riverside,065,2383286,278959,270666,12917,283583,3235
2021-02-05,Sacramento,067,1510023,90231,87992,1118,89110,1231
2021-02-05,San Benito,069,59416,5546,5502,77,5579,51
2021-02-05,San Bernardino,071,2135413,280746,272938,8212,281150,2495
2021-02-05,San Diego,073,3302833,254619,244066,12167,256233,2777
2021-02-05,San Francisco,075,870044,32778,32229,921,33150,337
2021-02-05,San Joaquin,077,732212,64310,62565,2526,65091,902
2021-02-05,San Luis Obispo,079,281455,18802,18152,492,18644,213
2021-02-05,San Mateo,081,765935,37974,36582,376,36958,227
2021-02-05,Santa Barbara,083,443738,30642,29455,940,30395,334
2021-02-05,Santa Clara,085,1922200,105736,104112,487,104599,1421
2021-02-05,Santa Cruz,087,273765,14849,13776,718,14494,161
2021-02-05,Shasta,089,179085,10578,10507,1122,11629,136
2021-02-05,Sierra,091,2930,49,42,12,54,0
2021-02-05,Siskiyou,093,43540,1384,1276,201,1477,4
2021-02-05,Solano,095,438530,28918,28283,326,28609,127
2021-02-05,Sonoma,097,501317,26684,26423,146,26569,252
2021-02-05,Stanislaus,099,539301,48419,47024,4954,51978,678
2021-02-05,Sutter,101,95872,8527,8443,76,8519,92
2021-02-05,Tehama,103,63373,4459,4355,465,4820,22
2021-02-05,Trinity,105,12862,446,260,65,325,3
2021-02-05,Tulare,107,460477,46704,45138,7089,52227,663
2021-02-05,Tuolumne,109,53932,3614,3595,34,3629,45
2021-02-05,Ventura,111,848112,74457,72953,2594,75547,546
2021-02-05,Yolo,113,214977,12362,12025,139,12164,162
2021-02-05,Yuba,115,75493,5272,5145,75,5220,35
2021-02-04,Alameda,001,1643700,77081,75422,1592,77014,899
2021-02-04,Alpine,002,1148,73,72,0,72,0
2021-02-04,Amador,005,37829,3342,3288,26,3314,33
2021-02-04,Butte,007,227075,10907,10386,1542,11928,147
2021-02-04,Calaveras,009,45235,1845,1808,11,1819,21
2021-02-04,Colusa,011,21464,1804,1777,229,2006,10
2021-02-04,Contra Costa,013,1133247,59951,57991,990,58981,550
2021-02-04,Del Norte,015,27424,912,870,4,874,2
2021-02-04,El Dorado,017,186661,8767,8490,574,9064,86
2021-02-04,Fresno,019,978130,92846,90126,7116,97242,1114
2021-02-04,Glenn,021,27897,2180,2102,457,2559,14
2021-02-04,Humboldt,023,135768,2915,2827,19,2846,28
2021-02-04,Imperial,025,180216,26839,26411,2366,28777,556
2021-02-04,Inyo,027,18085,1144,1084,8,1092,27
2021-02-04,Kern,029,883053,90095,87156,8819,95975,898
2021-02-04,Kings,031,150075,21536,20918,895,21813,187
2021-02-04,Lake,033,64148,2985,2882,1,2883,34
2021-02-04,Lassen,035,31185,5010,4927,86,5013,1
2021-02-04,Los Angeles,037,10098052,1143470,1106323,36363,1142686,17396
2021-02-04,Madera,039,155013,15053,14706,734,15440,95
2021-02-04,Marin,041,260295,12659,12431,144,12575,192
2021-02-04,Mariposa,043,17540,366,348,3,351,4
2021-02-04,Mendocino,045,87422,3450,3240,66,3306,38
2021-02-04,Merced,047,269075,26945,26629,786,27415,345
2021-02-04,Modoc,049,8938,326,309,105,414,3
2021-02-04,Mono,051,14174,1152,1153,16,1169,3
2021-02-04,Monterey,053,433212,40552,39619,1464,41083,279
2021-02-04,Napa,055,140530,8688,8573,30,8603,55
2021-02-04,Nevada,057,99092,3754,3590,145,3735,37
2021-02-04,Orange,059,3164182,240344,235677,9624,245301,3238
2021-02-04,Placer,061,380077,19767,18711,1007,19718,210
2021-02-04,Plumas,063,18699,625,562,10,572,2
2021-02-04,Riverside,065,2383286,278196,269851,12878,282729,3230
2021-02-04,Sacramento,067,1510023,89930,87658,1108,88766,1222
2021-02-04,San Benito,069,59416,5532,5488,76,5564,51
2021-02-04,San Bernardino,071,2135413,280197,272223,8192,280415,2409
2021-02-04,San Diego,073,3302833,253831,242613,12101,254714,2738
2021-02-04,San Francisco,075,870044,32665,32116,912,33028,326
2021-02-04,San Joaquin,077,732212,64085,62374,2518,64892,883
2021-02-04,San Luis Obispo,079,281455,18735,18058,490,18548,211
2021-02-04,San Mateo,081,765935,37853,36437,373,36810,226
2021-02-04,Santa Barbara,083,443738,30507,29344,923,30267,322
2021-02-04,Santa Clara,085,1922200,105393,103781,484,104265,1404
2021-02-04,Santa Cruz,087,273765,14816,13713,710,14423,156
2021-02-04,Shasta,089,179085,10552,10466,1117,11583,131
2021-02-04,Sierra,091,2930,49,42,12,54,0
2021-02-04,Siskiyou,093,43540,1375,1273,201,1474,4
2021-02-04,Solano,095,438530,28815,28192,325,28517,120
2021-02-04,Sonoma,097,501317,26602,26276,143,26419,249
2021-02-04,Stanislaus,099,539301,48258,46822,4935,51757,678
2021-02-04,Sutter,101,95872,8507,8401,76,8477,92
2021-02-04,Tehama,103,63373,4442,4327,464,4791,21
2021-02-04,Trinity,105,12862,445,260,64,324,3
2021-02-04,Tulare,107,460477,46577,44983,7031,52014,656
2021-02-04,Tuolumne,109,53932,3574,3585,34,3619,45
2021-02-04,Ventura,111,848112,74125,72595,2581,75176,537
2021-02-04,Yolo,113,214977,12328,11982,138,12120,161
2021-02-04,Yuba,115,75493,5246,5135,75,5210,34
2021-02-03,Alameda,001,1643700,76757,74968,1589,76557,880
2021-02-03,Alpine,002,1148,73,72,0,72,0
2021-02-03,Amador,005,37829,3338,3281,26,3307,33
2021-02-03,Butte,007,227075,10875,10355,1535,11890,144
2021-02-03,Calaveras,009,45235,1830,1799,11,1810,21
2021-02-03,Colusa,011,21464,1799,1773,228,2001,10
2021-02-03,Contra Costa,013,1133247,59710,57762,978,58740,537
2021-02-03,Del Norte,015,27424,907,869,4,873,2
2021-02-03,El Dorado,017,186661,8746,8428,573,9001,86
2021-02-03,Fresno,019,978130,92624,89748,7077,96825,1015
2021-02-03,Glenn,021,27897,2170,2098,456,2554,14
2021-02-03,Humboldt,023,135768,2905,2800,19,2819,27
2021-02-03,Imperial,025,180216,26803,26363,2360,28723,547
2021-02-03,Inyo,027,18085,1134,1071,8,1079,27
2021-02-03,Kern,029,883053,89852,86771,8778,95549,877
2021-02-03,Kings,031,150075,21475,20831,893,21724,172
2021-02-03,Lake,033,64148,2967,2869,1,2870,33
2021-02-03,Lassen,035,31185,4998,4910,86,4996,1
2021-02-03,Los Angeles,037,10098052,1140385,1101890,36243,1138133,17163
2021-02-03,Madera,039,155013,15013,14605,732,15337,94
2021-02-03,Marin,041,260295,12624,12406,144,12550,190
2021-02-03,Mariposa,043,17540,365,347,3,350,4
2021-02-03,Mendocino,045,87422,3424,3236,65,3301,38
2021-02-03,Merced,047,269075,26830,26520,782,27302,343
2021-02-03,Modoc,049,8938,325,308,105,413,3
2021-02-03,Mono,051,14174,1145,1146,16,1162,3
2021-02-03,Monterey,053,433212,40425,39500,1447,40947,279
2021-02-03,Napa,055,140530,8653,8534,30,8564,54
2021-02-03,Nevada,057,99092,3740,3572,145,3717,35
2021-02-03,Orange,059,3164182,239600,234738,9592,244330,3189
2021-02-03,Placer,061,380077,19712,18646,1005,19651,210
2021-02-03,Plumas,063,18699,625,559,10,569,2
2021-02-03,Riverside,065,2383286,277453,269019,12848,281867,3195
2021-02-03,Sacramento,067,1510023,89607,87415,1104,88519,1212
2021-02-03,San Benito,069,59416,5514,5463,73,5536,51
2021-02-03,San Bernardino,071,2135413,279711,271477,8169,279646,2308
2021-02-03,San Diego,073,3302833,252929,241015,12055,253070,2683
2021-02-03,San Francisco,075,870044,32535,31983,907,32890,325
2021-02-03,San Joaquin,077,732212,63857,61976,2508,64484,880
2021-02-03,San Luis Obispo,079,281455,18657,17922,487,18409,206
2021-02-03,San Mateo,081,765935,37715,36227,369,36596,225
2021-02-03,Santa Barbara,083,443738,30358,29121,914,30035,315
2021-02-03,Santa Clara,085,1922200,105077,103278,482,103760,1364
2021-02-03,Santa Cruz,087,273765,14761,13611,704,14315,154
2021-02-03,Shasta,089,179085,10509,10422,1112,11534,130
2021-02-03,Sierra,091,2930,49,42,12,54,0
2021-02-03,Siskiyou,093,43540,1364,1268,200,1468,4
2021-02-03,Solano,095,438530,28693,28057,325,28382,119
2021-02-03,Sonoma,097,501317,26518,26155,142,26297,248
2021-02-03,Stanislaus,099,539301,48082,46598,4916,51514,662
2021-02-03,Sutter,101,95872,8482,8379,76,8455,90
2021-02-03,Tehama,103,63373,4424,4309,461,4770,21
2021-02-03,Trinity,105,12862,445,260,63,323,3
2021-02-03,Tulare,107,460477,46406,44838,6975,51813,640
2021-02-03,Tuolumne,109,53932,3563,3568,34,3602,45
2021-02-03,Ventura,111,848112,73788,72124,2571,74695,526
2021-02-03,Yolo,113,214977,12303,11933,138,12071,161
2021-02-03,Yuba,115,75493,5228,5124,75,5199,34
2021-02-02,Alameda,001,1643700,76414,74642,1577,76219,869
2021-02-02,Alpine,002,1148,73,72,0,72,0
2021-02-02,Amador,005,37829,3307,3275,26,3301,33
2021-02-02,Butte,007,227075,10849,10307,1526,11833,141
2021-02-02,Calaveras,009,45235,1820,1786,11,1797,21
2021-02-02,Colusa,011,21464,1791,1769,223,1992,9
2021-02-02,Contra Costa,013,1133247,59430,57551,975,58526,536
2021-02-02,Del Norte,015,27424,901,868,4,872,2
2021-02-02,El Dorado,017,186661,8706,8405,573,8978,84
2021-02-02,Fresno,019,978130,92323,89542,7042,96584,1009
2021-02-02,Glenn,021,27897,2158,2090,453,2543,14
2021-02-02,Humboldt,023,135768,2893,2784,19,2803,25
2021-02-02,Imperial,025,180216,26750,26317,2354,28671,535
2021-02-02,Inyo,027,18085,1131,1074,8,1082,27
2021-02-02,Kern,029,883053,89549,86485,8702,95187,867
2021-02-02,Kings,031,150075,21397,20785,885,21670,172
2021-02-02,Lake,033,64148,2947,2857,1,2858,33
2021-02-02,Lassen,035,31185,4991,4908,86,4994,1
2021-02-02,Los Angeles,037,10098052,1137003,1097573,36083,1133656,16913
2021-02-02,Madera,039,155013,14962,14595,727,15322,94
2021-02-02,Marin,041,260295,12594,12367,144,12511,189
2021-02-02,Mariposa,043,17540,362,345,3,348,4
2021-02-02,Mendocino,045,87422,3391,3210,65,3275,38
2021-02-02,Merced,047,269075,26733,26427,776,27203,340
2021-02-02,Modoc,049,8938,320,306,105,411,3
2021-02-02,Mono,051,14174,1143,1147,16,1163,3
2021-02-02,Monterey,053,433212,40290,39371,1433,40804,278
2021-02-02,Napa,055,140530,8624,8505,30,8535,53
2021-02-02,Nevada,057,99092,3725,3548,145,3693,20
2021-02-02,Orange,059,3164182,238797,233783,9557,243340,3152
2021-02-02,Placer,061,380077,19653,18615,1001,19616,205
2021-02-02,Plumas,063,18699,625,560,10,570,2
2021-02-02,Riverside,065,2383286,276596,267901,12814,280715,3169
2021-02-02,Sacramento,067,1510023,89317,87107,1093,88200,1202
2021-02-02,San Benito,069,59416,5500,5444,72,5516,50
2021-02-02,San Bernardino,071,2135413,279034,270486,8140,278626,2244
2021-02-02,San Diego,073,3302833,251890,240047,11968,252015,2629
2021-02-02,San Francisco,075,870044,32381,31788,897,32685,324
2021-02-02,San Joaquin,077,732212,63636,61708,2495,64203,878
2021-02-02,San Luis Obispo,079,281455,18563,17811,485,18296,201
2021-02-02,San Mateo,081,765935,37551,36004,363,36367,225
2021-02-02,Santa Barbara,083,443738,30187,28951,907,29858,304
2021-02-02,Santa Clara,085,1922200,104612,102872,477,103349,1349
2021-02-02,Santa Cruz,087,273765,14702,13572,700,14272,150
2021-02-02,Shasta,089,179085,10483,10371,1102,11473,128
2021-02-02,Sierra,091,2930,49,42,12,54,0
2021-02-02,Siskiyou,093,43540,1357,1252,197,1449,4
2021-02-02,Solano,095,438530,28597,27963,321,28284,118
2021-02-02,Sonoma,097,501317,26402,26054,142,26196,247
2021-02-02,Stanislaus,099,539301,47863,46306,4884,51190,641
2021-02-02,Sutter,101,95872,8459,8340,76,8416,89
2021-02-02,Tehama,103,63373,4410,4289,460,4749,21
2021-02-02,Trinity,105,12862,445,260,63,323,3
2021-02-02,Tulare,107,460477,46249,44720,6910,51630,625
2021-02-02,Tuolumne,109,53932,3551,3548,34,3582,39
2021-02-02,Ventura,111,848112,73372,71557,2561,74118,514
2021-02-02,Yolo,113,214977,12258,11886,136,12022,158
2021-02-02,Yuba,115,75493,5210,5111,74,5185,34
2021-02-01,Alameda,001,1643700,76058,74374,1572,75946,858
2021-02-01,Alpine,002,1148,73,72,0,72,0
2021-02-01,Amador,005,37829,3296,3234,26,3260,32
2021-02-01,Butte,007,227075,10805,10263,1522,11785,141
2021-02-01,Calaveras,009,45235,1813,1785,11,1796,21
2021-02-01,Colusa,011,21464,1786,1763,214,1977,9
2021-02-01,Contra Costa,013,1133247,59188,57324,974,58298,531
2021-02-01,Del Norte,015,27424,897,865,4,869,2
2021-02-01,El Dorado,017,186661,8667,8337,573,8910,83
2021-02-01,Fresno,019,978130,91991,89272,7007,96279,994
2021-02-01,Glenn,021,27897,2142,2086,445,2531,14
2021-02-01,Humboldt,023,135768,2872,2773,18,2791,25
2021-02-01,Imperial,025,180216,26707,26224,2352,28576,530
2021-02-01,Inyo,027,18085,1121,1072,8,1080,27
2021-02-01,Kern,029,883053,89152,86170,8634,94804,862
2021-02-01,Kings,031,150075,21306,20746,877,21623,172
2021-02-01,Lake,033,64148,2931,2843,1,2844,33
2021-02-01,Lassen,035,31185,4971,4907,86,4993,1
2021-02-01,Los Angeles,037,10098052,1133174,1094341,35919,1130260,16695
2021-02-01,Madera,039,155013,14927,14572,724,15296,94
2021-02-01,Marin,041,260295,12555,12341,143,12484,188
2021-02-01,Mariposa,043,17540,360,344,3,347,4
2021-02-01,Mendocino,045,87422,3358,3192,65,3257,37
2021-02-01,Merced,047,269075,26609,26282,767,27049,337
2021-02-01,Modoc,049,8938,314,303,101,404,1
2021-02-01,Mono,051,14174,1140,1145,16,1161,3
2021-02-01,Monterey,053,433212,40106,39196,1412,40608,278
2021-02-01,Napa,055,140530,8591,8449,30,8479,52
2021-02-01,Nevada,057,99092,3708,3535,144,3679,20
2021-02-01,Orange,059,3164182,237883,233155,9512,242667,3100
2021-02-01,Placer,061,380077,19586,18574,994,19568,204
2021-02-01,Plumas,063,18699,623,554,10,564,2
2021-02-01,Riverside,065,2383286,275656,267025,12779,279804,3092
2021-02-01,Sacramento,067,1510023,88914,86856,1082,87938,1193
2021-02-01,San Benito,069,59416,5482,5432,72,5504,48
2021-02-01,San Bernardino,071,2135413,278339,270012,8101,278113,2172
2021-02-01,San Diego,073,3302833,250665,239121,11892,251013,2619
2021-02-01,San Francisco,075,870044,32246,31703,885,32588,324
2021-02-01,San Joaquin,077,732212,63430,61542,2484,64026,877
2021-02-01,San Luis Obispo,079,281455,18443,17690,478,18168,199
2021-02-01,San Mateo,081,765935,37402,35843,363,36206,220
2021-02-01,Santa Barbara,083,443738,30018,28837,899,29736,297
2021-02-01,Santa Clara,085,1922200,104195,102462,476,102938,1343
2021-02-01,Santa Cruz,087,273765,14649,13524,698,14222,149
2021-02-01,Shasta,089,179085,10458,10329,1096,11425,112
2021-02-01,Sierra,091,2930,49,42,12,54,0
2021-02-01,Siskiyou,093,43540,1350,1238,194,1432,4
2021-02-01,Solano,095,438530,28492,27844,320,28164,117
2021-02-01,Sonoma,097,501317,26314,26011,141,26152,243
2021-02-01,Stanislaus,099,539301,47606,46112,4856,50968,642
2021-02-01,Sutter,101,95872,8420,8313,76,8389,89
2021-02-01,Tehama,103,63373,4384,4263,460,4723,21
2021-02-01,Trinity,105,12862,443,260,63,323,3
2021-02-01,Tulare,107,460477,46104,44569,6830,51399,618
2021-02-01,Tuolumne,109,53932,3543,3534,34,3568,39
2021-02-01,Ventura,111,848112,72967,71104,2544,73648,502
2021-02-01,Yolo,113,214977,12211,11824,135,11959,151
2021-02-01,Yuba,115,75493,5196,5084,73,5157,33
2021-01-31,Alameda,001,1643700,75633,73979,1564,75543,857
2021-01-31,Alpine,002,1148,73,72,0,72,0
2021-01-31,Amador,005,37829,3286,3212,25,3237,32
2021-01-31,Butte,007,227075,10760,10215,1512,11727,140
2021-01-31,Calaveras,009,45235,1793,1778,11,1789,21
2021-01-31,Colusa,011,21464,1780,1754,209,1963,9
2021-01-31,Contra Costa,013,1133247,58857,57079,974,58053,531
2021-01-31,Del Norte,015,27424,895,865,4,869,2
2021-01-31,El Dorado,017,186661,8629,8317,571,8888,83
2021-01-31,Fresno,019,978130,91679,88852,6953,95805,994
2021-01-31,Glenn,021,27897,2132,2083,444,2527,14
2021-01-31,Humboldt,023,135768,2856,2767,18,2785,25
2021-01-31,Imperial,025,180216,26634,26206,2343,28549,530
2021-01-31,Inyo,027,18085,1108,1072,8,1080,27
2021-01-31,Kern,029,883053,88655,85872,8550,94422,861
2021-01-31,Kings,031,150075,21222,20709,865,21574,172
2021-01-31,Lake,033,64148,2910,2826,1,2827,33
2021-01-31,Lassen,035,31185,4955,4900,86,4986,1
2021-01-31,Los Angeles,037,10098052,1128541,1090304,35720,1126024,16609
2021-01-31,Madera,039,155013,14873,14496,716,15212,94
2021-01-31,Marin,041,260295,12508,12297,139,12436,185
2021-01-31,Mariposa,043,17540,358,344,3,347,4
2021-01-31,Mendocino,045,87422,3335,3181,64,3245,37
2021-01-31,Merced,047,269075,26467,26222,762,26984,337
2021-01-31,Modoc,049,8938,311,304,99,403,1
2021-01-31,Mono,051,14174,1137,1146,16,1162,3
2021-01-31,Monterey,053,433212,39927,39035,1385,40420,278
2021-01-31,Napa,055,140530,8550,8404,30,8434,52
2021-01-31,Nevada,057,99092,3686,3518,142,3660,20
2021-01-31,Orange,059,3164182,236866,232347,9472,241819,3053
2021-01-31,Placer,061,380077,19509,18506,983,19489,204
2021-01-31,Plumas,063,18699,622,554,10,564,2
2021-01-31,Riverside,065,2383286,274639,266145,12732,278877,3074
2021-01-31,Sacramento,067,1510023,88473,86560,1068,87628,1186
2021-01-31,San Benito,069,59416,5460,5425,70,5495,48
2021-01-31,San Bernardino,071,2135413,277337,269533,8072,277605,2156
2021-01-31,San Diego,073,3302833,249352,238039,11778,249817,2619
2021-01-31,San Francisco,075,870044,32056,31563,874,32437,323
2021-01-31,San Joaquin,077,732212,63029,61379,2475,63854,877
2021-01-31,San Luis Obispo,079,281455,18310,17615,473,18088,199
2021-01-31,San Mateo,081,765935,37212,35659,360,36019,219
2021-01-31,Santa Barbara,083,443738,29774,28570,890,29460,297
2021-01-31,Santa Clara,085,1922200,103660,101986,467,102453,1330
2021-01-31,Santa Cruz,087,273765,14554,13469,684,14153,149
2021-01-31,Shasta,089,179085,10413,10313,1088,11401,112
2021-01-31,Sierra,091,2930,48,43,12,55,0
2021-01-31,Siskiyou,093,43540,1340,1238,194,1432,4
2021-01-31,Solano,095,438530,28362,27678,320,27998,118
2021-01-31,Sonoma,097,501317,26211,25925,140,26065,243
2021-01-31,Stanislaus,099,539301,47322,45971,4826,50797,642
2021-01-31,Sutter,101,95872,8375,8289,76,8365,89
2021-01-31,Tehama,103,63373,4362,4256,459,4715,21
2021-01-31,Trinity,105,12862,441,260,63,323,3
2021-01-31,Tulare,107,460477,45936,44440,6751,51191,618
2021-01-31,Tuolumne,109,53932,3505,3519,34,3553,39
2021-01-31,Ventura,111,848112,72372,70635,2531,73166,502
2021-01-31,Yolo,113,214977,12151,11771,135,11906,151
2021-01-31,Yuba,115,75493,5176,5071,73,5144,33
2021-01-30,Alameda,001,1643700,75430,73622,1559,75181,850
2021-01-30,Alpine,002,1148,73,72,0,72,0
2021-01-30,Amador,005,37829,3282,3181,25,3206,32
2021-01-30,Butte,007,227075,10726,10177,1503,11680,139
2021-01-30,Calaveras,009,45235,1780,1763,11,1774,21
2021-01-30,Colusa,011,21464,1778,1748,209,1957,9
2021-01-30,Contra Costa,013,1133247,58678,56763,970,57733,531
2021-01-30,Del Norte,015,27424,894,865,4,869,2
2021-01-30,El Dorado,017,186661,8609,8299,570,8869,83
2021-01-30,Fresno,019,978130,91499,88476,6933,95409,964
2021-01-30,Glenn,021,27897,2129,2074,442,2516,14
2021-01-30,Humboldt,023,135768,2845,2742,18,2760,24
2021-01-30,Imperial,025,180216,26610,26160,2341,28501,530
2021-01-30,Inyo,027,18085,1104,1068,8,1076,27
2021-01-30,Kern,029,883053,88454,85572,8485,94057,848
2021-01-30,Kings,031,150075,21151,20605,860,21465,169
2021-01-30,Lake,033,64148,2904,2809,1,2810,33
2021-01-30,Lassen,035,31185,4951,4890,86,4976,1
2021-01-30,Los Angeles,037,10098052,1126144,1084763,35577,1120340,16484
2021-01-30,Madera,039,155013,14831,14443,711,15154,94
2021-01-30,Marin,041,260295,12481,12225,138,12363,185
2021-01-30,Mariposa,043,17540,356,344,3,347,4
2021-01-30,Mendocino,045,87422,3321,3153,63,3216,36
2021-01-30,Merced,047,269075,26393,26078,760,26838,335
2021-01-30,Modoc,049,8938,311,303,99,402,1
2021-01-30,Mono,051,14174,1137,1143,16,1159,3
2021-01-30,Monterey,053,433212,39867,38847,1383,40230,277
2021-01-30,Napa,055,140530,8534,8342,30,8372,52
2021-01-30,Nevada,057,99092,3667,3499,142,3641,20
2021-01-30,Orange,059,3164182,236321,231358,9436,240794,3013
2021-01-30,Placer,061,380077,19456,18430,977,19407,205
2021-01-30,Plumas,063,18699,620,554,10,564,2
2021-01-30,Riverside,065,2383286,274043,265137,12701,277838,3061
2021-01-30,Sacramento,067,1510023,88282,86388,1063,87451,1184
2021-01-30,San Benito,069,59416,5442,5401,69,5470,48
2021-01-30,San Bernardino,071,2135413,276909,268660,8052,276712,2122
2021-01-30,San Diego,073,3302833,248587,236765,11733,248498,2603
2021-01-30,San Francisco,075,870044,31955,31427,871,32298,316
2021-01-30,San Joaquin,077,732212,62897,61120,2466,63586,864
2021-01-30,San Luis Obispo,079,281455,18230,17522,472,17994,198
2021-01-30,San Mateo,081,765935,37073,35451,359,35810,219
2021-01-30,Santa Barbara,083,443738,29632,28342,888,29230,296
2021-01-30,Santa Clara,085,1922200,103331,101471,465,101936,1307
2021-01-30,Santa Cruz,087,273765,14514,13383,683,14066,149
2021-01-30,Shasta,089,179085,10394,10283,1085,11368,112
2021-01-30,Sierra,091,2930,48,43,12,55,0
2021-01-30,Siskiyou,093,43540,1337,1236,193,1429,4
2021-01-30,Solano,095,438530,28279,27511,319,27830,118
2021-01-30,Sonoma,097,501317,26163,25810,137,25947,243
2021-01-30,Stanislaus,099,539301,47192,45697,4799,50496,642
2021-01-30,Sutter,101,95872,8359,8226,76,8302,87
2021-01-30,Tehama,103,63373,4349,4229,458,4687,21
2021-01-30,Trinity,105,12862,441,259,63,322,3
2021-01-30,Tulare,107,460477,45800,44203,6715,50918,615
2021-01-30,Tuolumne,109,53932,3501,3508,34,3542,36
2021-01-30,Ventura,111,848112,72060,69931,2517,72448,493
2021-01-30,Yolo,113,214977,12137,11698,134,11832,151
2021-01-30,Yuba,115,75493,5166,5042,72,5114,33
2021-01-29,Alameda,001,1643700,75163,73210,1552,74762,841
2021-01-29,Alpine,002,1148,73,72,0,72,0
2021-01-29,Amador,005,37829,3270,3134,24,3158,32
2021-01-29,Butte,007,227075,10694,10122,1494,11616,138
2021-01-29,Calaveras,009,45235,1769,1757,11,1768,21
2021-01-29,Colusa,011,21464,1774,1734,208,1942,8
2021-01-29,Contra Costa,013,1133247,58511,56318,968,57286,529
2021-01-29,Del Norte,015,27424,893,865,4,869,2
2021-01-29,El Dorado,017,186661,8592,8231,569,8800,83
2021-01-29,Fresno,019,978130,91285,87936,6896,94832,962
2021-01-29,Glenn,021,27897,2124,2061,441,2502,14
2021-01-29,Humboldt,023,135768,2832,2707,18,2725,24
2021-01-29,Imperial,025,180216,26595,26045,2338,28383,521
2021-01-29,Inyo,027,18085,1092,1048,8,1056,27
2021-01-29,Kern,029,883053,88227,85044,8434,93478,836
2021-01-29,Kings,031,150075,21112,20466,855,21321,169
2021-01-29,Lake,033,64148,2894,2792,1,2793,32
2021-01-29,Lassen,035,31185,4948,4874,86,4960,1
2021-01-29,Los Angeles,037,10098052,1122647,1078329,35428,1113757,16190
2021-01-29,Madera,039,155013,14784,14377,711,15088,94
2021-01-29,Marin,041,260295,12436,12145,137,12282,185
2021-01-29,Mariposa,043,17540,355,342,3,345,4
2021-01-29,Mendocino,045,87422,3312,3131,62,3193,36
2021-01-29,Merced,047,269075,26319,25865,755,26620,334
2021-01-29,Modoc,049,8938,310,297,99,396,1
2021-01-29,Mono,051,14174,1135,1139,16,1155,3
2021-01-29,Monterey,053,433212,39754,38539,1375,39914,277
2021-01-29,Napa,055,140530,8503,8276,30,8306,52
2021-01-29,Nevada,057,99092,3658,3487,141,3628,20
2021-01-29,Orange,059,3164182,235645,229917,9399,239316,2967
2021-01-29,Placer,061,380077,19403,18367,973,19340,203
2021-01-29,Plumas,063,18699,619,548,10,558,2
2021-01-29,Riverside,065,2383286,273242,263504,12669,276173,3008
2021-01-29,Sacramento,067,1510023,88028,86320,1058,87378,1169
2021-01-29,San Benito,069,59416,5434,5386,69,5455,48
2021-01-29,San Bernardino,071,2135413,276391,267490,8014,275504,2095
2021-01-29,San Diego,073,3302833,247645,234637,11655,246292,2571
2021-01-29,San Francisco,075,870044,31816,31294,863,32157,307
2021-01-29,San Joaquin,077,732212,62753,60899,2452,63351,858
2021-01-29,San Luis Obispo,079,281455,18170,17440,467,17907,193
2021-01-29,San Mateo,081,765935,36940,35223,356,35579,218
2021-01-29,Santa Barbara,083,443738,29499,28105,882,28987,291
2021-01-29,Santa Clara,085,1922200,102976,101010,463,101473,1273
2021-01-29,Santa Cruz,087,273765,14461,13311,680,13991,148
2021-01-29,Shasta,089,179085,10378,10220,1081,11301,112
2021-01-29,Sierra,091,2930,48,43,12,55,0
2021-01-29,Siskiyou,093,43540,1336,1227,193,1420,4
2021-01-29,Solano,095,438530,28196,27352,317,27669,116
2021-01-29,Sonoma,097,501317,26107,25710,136,25846,243
2021-01-29,Stanislaus,099,539301,47049,45466,4777,50243,642
2021-01-29,Sutter,101,95872,8340,8181,76,8257,87
2021-01-29,Tehama,103,63373,4337,4191,456,4647,20
2021-01-29,Trinity,105,12862,441,260,63,323,3
2021-01-29,Tulare,107,460477,45693,43925,6676,50601,606
2021-01-29,Tuolumne,109,53932,3491,3483,34,3517,36
2021-01-29,Ventura,111,848112,71638,69511,2504,72015,484
2021-01-29,Yolo,113,214977,12099,11612,134,11746,151
2021-01-29,Yuba,115,75493,5151,5018,72,5090,32
2021-01-28,Alameda,001,1643700,74740,72758,1544,74302,833
2021-01-28,Alpine,002,1148,73,72,0,72,0
2021-01-28,Amador,005,37829,3233,3124,24,3148,31
2021-01-28,Butte,007,227075,10653,10037,1485,11522,138
2021-01-28,Calaveras,009,45235,1756,1747,10,1757,21
2021-01-28,Colusa,011,21464,1767,1731,204,1935,8
2021-01-28,Contra Costa,013,1133247,58268,55999,958,56957,525
2021-01-28,Del Norte,015,27424,892,862,4,866,2
2021-01-28,El Dorado,017,186661,8577,8198,564,8762,79
2021-01-28,Fresno,019,978130,90998,87401,6849,94250,949
2021-01-28,Glenn,021,27897,2119,2043,434,2477,14
2021-01-28,Humboldt,023,135768,2815,2686,18,2704,24
2021-01-28,Imperial,025,180216,26552,25984,2331,28315,517
2021-01-28,Inyo,027,18085,1087,1039,8,1047,27
2021-01-28,Kern,029,883053,87898,84708,8351,93059,817
2021-01-28,Kings,031,150075,21052,20328,852,21180,167
2021-01-28,Lake,033,64148,2879,2772,1,2773,32
2021-01-28,Lassen,035,31185,4942,4865,86,4951,1
2021-01-28,Los Angeles,037,10098052,1118734,1072412,35240,1107652,15967
2021-01-28,Madera,039,155013,14729,14301,707,15008,94
2021-01-28,Marin,041,260295,12387,12079,136,12215,183
2021-01-28,Mariposa,043,17540,355,334,3,337,4
2021-01-28,Mendocino,045,87422,3295,3110,62,3172,36
2021-01-28,Merced,047,269075,26197,25620,743,26363,328
2021-01-28,Modoc,049,8938,309,297,99,396,0
2021-01-28,Mono,051,14174,1133,1131,16,1147,3
2021-01-28,Monterey,053,433212,39560,38312,1356,39668,274
2021-01-28,Napa,055,140530,8456,8233,30,8263,50
2021-01-28,Nevada,057,99092,3643,3452,140,3592,19
2021-01-28,Orange,059,3164182,234670,228636,9369,238005,2860
2021-01-28,Placer,061,380077,19343,18246,970,19216,198
2021-01-28,Plumas,063,18699,618,547,10,557,2
2021-01-28,Riverside,065,2383286,272463,262342,12621,274963,2981
2021-01-28,Sacramento,067,1510023,87663,85698,1047,86745,1149
2021-01-28,San Benito,069,59416,5416,5344,68,5412,47
2021-01-28,San Bernardino,071,2135413,275689,266456,7993,274449,2057
2021-01-28,San Diego,073,3302833,246492,232967,11566,244533,2534
2021-01-28,San Francisco,075,870044,31679,31193,847,32040,290
2021-01-28,San Joaquin,077,732212,62491,60627,2438,63065,854
2021-01-28,San Luis Obispo,079,281455,18070,17279,465,17744,189
2021-01-28,San Mateo,081,765935,36771,34931,340,35271,218
2021-01-28,Santa Barbara,083,443738,29276,27674,869,28543,284
2021-01-28,Santa Clara,085,1922200,102520,100470,461,100931,1219
2021-01-28,Santa Cruz,087,273765,14372,13188,674,13862,145
2021-01-28,Shasta,089,179085,10344,10176,1073,11249,110
2021-01-28,Sierra,091,2930,48,43,12,55,0
2021-01-28,Siskiyou,093,43540,1329,1218,191,1409,4
2021-01-28,Solano,095,438530,28036,27163,316,27479,114
2021-01-28,Sonoma,097,501317,26016,25564,136,25700,236
2021-01-28,Stanislaus,099,539301,46841,45162,4758,49920,640
2021-01-28,Sutter,101,95872,8293,8136,76,8212,85
2021-01-28,Tehama,103,63373,4314,4163,453,4616,20
2021-01-28,Trinity,105,12862,439,260,63,323,3
2021-01-28,Tulare,107,460477,45538,43742,6601,50343,595
2021-01-28,Tuolumne,109,53932,3477,3472,34,3506,32
2021-01-28,Ventura,111,848112,71126,68896,2488,71384,475
2021-01-28,Yolo,113,214977,12057,11500,130,11630,151
2021-01-28,Yuba,115,75493,5135,4994,71,5065,32
2021-01-27,Alameda,001,1643700,74322,72188,1537,73725,815
2021-01-27,Alpine,002,1148,73,72,0,72,0
2021-01-27,Amador,005,37829,3217,3116,24,3140,31
2021-01-27,Butte,007,227075,10614,9988,1474,11462,138
2021-01-27,Calaveras,009,45235,1747,1737,10,1747,21
2021-01-27,Colusa,011,21464,1761,1724,202,1926,8
2021-01-27,Contra Costa,013,1133247,57973,55578,955,56533,507
2021-01-27,Del Norte,015,27424,891,859,4,863,2
2021-01-27,El Dorado,017,186661,8551,8141,563,8704,76
2021-01-27,Fresno,019,978130,90706,86886,6807,93693,938
2021-01-27,Glenn,021,27897,2115,2042,433,2475,14
2021-01-27,Humboldt,023,135768,2793,2630,18,2648,24
2021-01-27,Imperial,025,180216,26498,25861,2319,28180,504
2021-01-27,Inyo,027,18085,1083,1023,8,1031,27
2021-01-27,Kern,029,883053,87588,84244,8280,92524,809
2021-01-27,Kings,031,150075,20946,20211,844,21055,167
2021-01-27,Lake,033,64148,2859,2750,1,2751,32
2021-01-27,Lassen,035,31185,4936,4851,86,4937,1
2021-01-27,Los Angeles,037,10098052,1113921,1066569,35039,1101608,15757
2021-01-27,Madera,039,155013,14687,14194,702,14896,86
2021-01-27,Marin,041,260295,12349,12028,135,12163,180
2021-01-27,Mariposa,043,17540,355,333,3,336,4
2021-01-27,Mendocino,045,87422,3275,3095,62,3157,36
2021-01-27,Merced,047,269075,26038,25439,731,26170,315
2021-01-27,Modoc,049,8938,309,297,96,393,0
2021-01-27,Mono,051,14174,1131,1131,16,1147,3
2021-01-27,Monterey,053,433212,39353,38139,1337,39476,268
2021-01-27,Napa,055,140530,8383,8187,30,8217,46
2021-01-27,Nevada,057,99092,3621,3431,140,3571,18
2021-01-27,Orange,059,3164182,233553,227110,9317,236427,2832
2021-01-27,Placer,061,380077,19273,18106,959,19065,198
2021-01-27,Plumas,063,18699,618,544,10,554,2
2021-01-27,Riverside,065,2383286,271268,260796,12570,273366,2931
2021-01-27,Sacramento,067,1510023,87303,85428,1035,86463,1142
2021-01-27,San Benito,069,59416,5401,5284,68,5352,47
2021-01-27,San Bernardino,071,2135413,274835,265153,7960,273113,2019
2021-01-27,San Diego,073,3302833,245163,231478,11461,242939,2465
2021-01-27,San Francisco,075,870044,31534,31082,840,31922,287
2021-01-27,San Joaquin,077,732212,62221,60131,2418,62549,853
2021-01-27,San Luis Obispo,079,281455,17962,17119,461,17580,188
2021-01-27,San Mateo,081,765935,36616,34619,337,34956,216
2021-01-27,Santa Barbara,083,443738,29099,27435,863,28298,282
2021-01-27,Santa Clara,085,1922200,102105,99732,457,100189,1184
2021-01-27,Santa Cruz,087,273765,14302,13111,671,13782,143
2021-01-27,Shasta,089,179085,10310,10106,1067,11173,105
2021-01-27,Sierra,091,2930,48,44,12,56,0
2021-01-27,Siskiyou,093,43540,1324,1214,188,1402,4
2021-01-27,Solano,095,438530,27860,26982,309,27291,112
2021-01-27,Sonoma,097,501317,25918,25361,132,25493,237
2021-01-27,Stanislaus,099,539301,46657,44874,4733,49607,624
2021-01-27,Sutter,101,95872,8250,8093,76,8169,83
2021-01-27,Tehama,103,63373,4294,4133,449,4582,20
2021-01-27,Trinity,105,12862,439,260,63,323,3
2021-01-27,Tulare,107,460477,45351,43462,6531,49993,583
2021-01-27,Tuolumne,109,53932,3467,3464,34,3498,32
2021-01-27,Ventura,111,848112,70652,68291,2463,70754,468
2021-01-27,Yolo,113,214977,12010,11427,128,11555,151
2021-01-27,Yuba,115,75493,5119,4968,71,5039,32
2021-01-26,Alameda,001,1643700,73946,71851,1520,73371,789
2021-01-26,Alpine,002,1148,73,72,0,72,0
2021-01-26,Amador,005,37829,3206,3113,24,3137,31
2021-01-26,Butte,007,227075,10572,9943,1468,11411,136
2021-01-26,Calaveras,009,45235,1737,1723,10,1733,21
2021-01-26,Colusa,011,21464,1754,1719,199,1918,8
2021-01-26,Contra Costa,013,1133247,57699,55337,947,56284,491
2021-01-26,Del Norte,015,27424,890,856,4,860,2
2021-01-26,El Dorado,017,186661,8527,8115,561,8676,71
2021-01-26,Fresno,019,978130,90348,86673,6764,93437,923
2021-01-26,Glenn,021,27897,2105,2034,428,2462,13
2021-01-26,Humboldt,023,135768,2772,2612,17,2629,24
2021-01-26,Imperial,025,180216,26426,25812,2307,28119,498
2021-01-26,Inyo,027,18085,1077,1018,8,1026,27
2021-01-26,Kern,029,883053,87165,83868,8205,92073,790
2021-01-26,Kings,031,150075,20888,20156,839,20995,159
2021-01-26,Lake,033,64148,2851,2748,1,2749,32
2021-01-26,Lassen,035,31185,4930,4844,86,4930,1
2021-01-26,Los Angeles,037,10098052,1108630,1060492,34841,1095333,15458
2021-01-26,Madera,039,155013,14630,14130,696,14826,86
2021-01-26,Marin,041,260295,12305,11993,133,12126,179
2021-01-26,Mariposa,043,17540,353,332,3,335,3
2021-01-26,Mendocino,045,87422,3249,3076,61,3137,36
2021-01-26,Merced,047,269075,25898,25359,723,26082,309
2021-01-26,Modoc,049,8938,302,291,95,386,0
2021-01-26,Mono,051,14174,1129,1120,16,1136,3
2021-01-26,Monterey,053,433212,39159,37963,1317,39280,255
2021-01-26,Napa,055,140530,8326,8145,30,8175,43
2021-01-26,Nevada,057,99092,3614,3410,139,3549,18
2021-01-26,Orange,059,3164182,232430,225987,9271,235258,2760
2021-01-26,Placer,061,380077,19197,18016,957,18973,193
2021-01-26,Plumas,063,18699,616,536,10,546,2
2021-01-26,Riverside,065,2383286,269899,259399,12507,271906,2898
2021-01-26,Sacramento,067,1510023,86943,85062,1028,86090,1127
2021-01-26,San Benito,069,59416,5387,5251,67,5318,45
2021-01-26,San Bernardino,071,2135413,273840,263736,7918,271654,1970
2021-01-26,San Diego,073,3302833,243667,230063,11359,241422,2421
2021-01-26,San Francisco,075,870044,31402,30874,821,31695,286
2021-01-26,San Joaquin,077,732212,61969,59889,2402,62291,847
2021-01-26,San Luis Obispo,079,281455,17881,17016,458,17474,186
2021-01-26,San Mateo,081,765935,36422,34441,326,34767,213
2021-01-26,Santa Barbara,083,443738,28923,27321,851,28172,273
2021-01-26,Santa Clara,085,1922200,101626,99215,454,99669,1171
2021-01-26,Santa Cruz,087,273765,14236,13045,665,13710,134
2021-01-26,Shasta,089,179085,10275,10036,1059,11095,103
2021-01-26,Sierra,091,2930,48,43,12,55,0
2021-01-26,Siskiyou,093,43540,1309,1208,186,1394,4
2021-01-26,Solano,095,438530,27704,26858,302,27160,110
2021-01-26,Sonoma,097,501317,25799,25273,130,25403,236
2021-01-26,Stanislaus,099,539301,46475,44703,4693,49396,599
2021-01-26,Sutter,101,95872,8207,8067,76,8143,83
2021-01-26,Tehama,103,63373,4261,4115,449,4564,20
2021-01-26,Trinity,105,12862,439,260,63,323,3
2021-01-26,Tulare,107,460477,45148,43394,6463,49857,579
2021-01-26,Tuolumne,109,53932,3457,3451,34,3485,30
2021-01-26,Ventura,111,848112,70120,67526,2437,69963,448
2021-01-26,Yolo,113,214977,11966,11361,125,11486,148
2021-01-26,Yuba,115,75493,5094,4944,69,5013,31
2021-01-25,Alameda,001,1643700,73521,71255,1510,72765,780
2021-01-25,Alpine,002,1148,73,72,0,72,0
2021-01-25,Amador,005,37829,3166,3074,24,3098,30
2021-01-25,Butte,007,227075,10507,9865,1460,11325,133
2021-01-25,Calaveras,009,45235,1722,1713,10,1723,21
2021-01-25,Colusa,011,21464,1742,1709,195,1904,8
2021-01-25,Contra Costa,013,1133247,57347,54989,940,55929,488
2021-01-25,Del Norte,015,27424,890,855,4,859,2
2021-01-25,El Dorado,017,186661,8502,8060,560,8620,66
2021-01-25,Fresno,019,978130,89978,86336,6732,93068,913
2021-01-25,Glenn,021,27897,2096,2028,428,2456,13
2021-01-25,Humboldt,023,135768,2738,2587,17,2604,24
2021-01-25,Imperial,025,180216,26377,25745,2300,28045,491
2021-01-25,Inyo,027,18085,1071,1015,8,1023,27
2021-01-25,Kern,029,883053,86780,83401,8120,91521,787
2021-01-25,Kings,031,150075,20768,20067,835,20902,159
2021-01-25,Lake,033,64148,2833,2729,1,2730,32
2021-01-25,Lassen,035,31185,4903,4835,86,4921,1
2021-01-25,Los Angeles,037,10098052,1102666,1055181,34621,1089802,15163
2021-01-25,Madera,039,155013,14575,14068,691,14759,86
2021-01-25,Marin,041,260295,12256,11923,129,12052,177
2021-01-25,Mariposa,043,17540,350,331,3,334,3
2021-01-25,Mendocino,045,87422,3238,3054,61,3115,35
2021-01-25,Merced,047,269075,25759,25181,714,25895,305
2021-01-25,Modoc,049,8938,301,288,91,379,0
2021-01-25,Mono,051,14174,1126,1114,15,1129,3
2021-01-25,Monterey,053,433212,38907,37726,1298,39024,255
2021-01-25,Napa,055,140530,8292,8057,29,8086,43
2021-01-25,Nevada,057,99092,3600,3365,139,3504,18
2021-01-25,Orange,059,3164182,231221,225105,9226,234331,2696
2021-01-25,Placer,061,380077,19107,17936,942,18878,193
2021-01-25,Plumas,063,18699,613,533,10,543,2
2021-01-25,Riverside,065,2383286,268162,258082,12454,270536,2789
2021-01-25,Sacramento,067,1510023,86501,84653,1020,85673,1118
2021-01-25,San Benito,069,59416,5352,5238,66,5304,43
2021-01-25,San Bernardino,071,2135413,272914,263174,7882,271056,1947
2021-01-25,San Diego,073,3302833,242053,228630,11287,239917,2375
2021-01-25,San Francisco,075,870044,31256,30734,798,31532,288
2021-01-25,San Joaquin,077,732212,61678,59291,2377,61668,838
2021-01-25,San Luis Obispo,079,281455,17747,16868,453,17321,179
2021-01-25,San Mateo,081,765935,36189,34187,320,34507,213
2021-01-25,Santa Barbara,083,443738,28689,27065,841,27906,269
2021-01-25,Santa Clara,085,1922200,101102,98647,446,99093,1143
2021-01-25,Santa Cruz,087,273765,14149,12973,661,13634,133
2021-01-25,Shasta,089,179085,10234,9991,1048,11039,103
2021-01-25,Sierra,091,2930,48,42,12,54,0
2021-01-25,Siskiyou,093,43540,1301,1205,183,1388,4
2021-01-25,Solano,095,438530,27536,26648,301,26949,109
2021-01-25,Sonoma,097,501317,25692,25160,128,25288,233
2021-01-25,Stanislaus,099,539301,46229,44293,4651,48944,599
2021-01-25,Sutter,101,95872,8164,8023,76,8099,83
2021-01-25,Tehama,103,63373,4234,4082,445,4527,20
2021-01-25,Trinity,105,12862,439,262,63,325,3
2021-01-25,Tulare,107,460477,44931,43124,6361,49485,578
2021-01-25,Tuolumne,109,53932,3448,3422,34,3456,29
2021-01-25,Ventura,111,848112,69499,66910,2421,69331,439
2021-01-25,Yolo,113,214977,11882,11276,124,11400,140
2021-01-25,Yuba,115,75493,5073,4900,67,4967,31
2021-01-24,Alameda,001,1643700,73019,70823,1499,72322,780
2021-01-24,Alpine,002,1148,73,72,0,72,0
2021-01-24,Amador,005,37829,3133,3054,24,3078,30
2021-01-24,Butte,007,227075,10423,9820,1444,11264,133
2021-01-24,Calaveras,009,45235,1709,1704,10,1714,21
2021-01-24,Colusa,011,21464,1731,1689,189,1878,8
2021-01-24,Contra Costa,013,1133247,56961,54694,928,55622,488
2021-01-24,Del Norte,015,27424,886,855,4,859,2
2021-01-24,El Dorado,017,186661,8467,8003,556,8559,66
2021-01-24,Fresno,019,978130,89539,85808,6693,92501,911
2021-01-24,Glenn,021,27897,2088,2026,427,2453,13
2021-01-24,Humboldt,023,135768,2699,2562,17,2579,24
2021-01-24,Imperial,025,180216,26282,25707,2279,27986,488
2021-01-24,Inyo,027,18085,1055,1007,8,1015,27
2021-01-24,Kern,029,883053,86345,83125,8013,91138,785
2021-01-24,Kings,031,150075,20640,19988,819,20807,159
2021-01-24,Lake,033,64148,2816,2724,0,2724,32
2021-01-24,Lassen,035,31185,4892,4828,83,4911,1
2021-01-24,Los Angeles,037,10098052,1096246,1048757,34319,1083076,15119
2021-01-24,Madera,039,155013,14492,14000,685,14685,86
2021-01-24,Marin,041,260295,12192,11872,128,12000,177
2021-01-24,Mariposa,043,17540,346,322,3,325,3
2021-01-24,Mendocino,045,87422,3217,3037,60,3097,33
2021-01-24,Merced,047,269075,25548,25047,705,25752,305
2021-01-24,Modoc,049,8938,301,285,91,376,0
2021-01-24,Mono,051,14174,1119,1113,15,1128,3
2021-01-24,Monterey,053,433212,38635,37527,1264,38791,254
2021-01-24,Napa,055,140530,8250,8005,29,8034,43
2021-01-24,Nevada,057,99092,3558,3349,137,3486,18
2021-01-24,Orange,059,3164182,229788,223853,9157,233010,2632
2021-01-24,Placer,061,380077,18994,17839,922,18761,193
2021-01-24,Plumas,063,18699,610,532,10,542,2
2021-01-24,Riverside,065,2383286,266522,256767,12378,269145,2761
2021-01-24,Sacramento,067,1510023,85948,84110,1012,85122,1112
2021-01-24,San Benito,069,59416,5310,5223,63,5286,43
2021-01-24,San Bernardino,071,2135413,271601,262370,7830,270200,1935
2021-01-24,San Diego,073,3302833,240359,227193,11156,238349,2375
2021-01-24,San Francisco,075,870044,31066,30559,777,31336,275
2021-01-24,San Joaquin,077,732212,61253,59021,2363,61384,838
2021-01-24,San Luis Obispo,079,281455,17622,16758,451,17209,179
2021-01-24,San Mateo,081,765935,35944,33956,314,34270,213
2021-01-24,Santa Barbara,083,443738,28374,26735,831,27566,269
2021-01-24,Santa Clara,085,1922200,100467,98103,441,98544,1109
2021-01-24,Santa Cruz,087,273765,14063,12905,653,13558,133
2021-01-24,Shasta,089,179085,10163,9978,1039,11017,103
2021-01-24,Sierra,091,2930,47,42,12,54,0
2021-01-24,Siskiyou,093,43540,1294,1195,183,1378,4
2021-01-24,Solano,095,438530,27351,26515,297,26812,109
2021-01-24,Sonoma,097,501317,25530,25045,127,25172,233
2021-01-24,Stanislaus,099,539301,45920,44031,4592,48623,599
2021-01-24,Sutter,101,95872,8100,7980,76,8056,83
2021-01-24,Tehama,103,63373,4194,4062,442,4504,20
2021-01-24,Trinity,105,12862,439,262,63,325,3
2021-01-24,Tulare,107,460477,44711,43006,6272,49278,577
2021-01-24,Tuolumne,109,53932,3437,3416,34,3450,29
2021-01-24,Ventura,111,848112,68809,66347,2399,68746,439
2021-01-24,Yolo,113,214977,11799,11210,120,11330,140
2021-01-24,Yuba,115,75493,5033,4875,66,4941,31
2021-01-23,Alameda,001,1643700,72771,70080,1493,71573,780
2021-01-23,Alpine,002,1148,73,72,0,72,0
2021-01-23,Amador,005,37829,3130,3049,24,3073,30
2021-01-23,Butte,007,227075,10394,9757,1441,11198,133
2021-01-23,Calaveras,009,45235,1706,1695,10,1705,21
2021-01-23,Colusa,011,21464,1727,1672,188,1860,8
2021-01-23,Contra Costa,013,1133247,56748,54162,922,55084,487
2021-01-23,Del Norte,015,27424,884,855,4,859,2
2021-01-23,El Dorado,017,186661,8451,7984,554,8538,66
2021-01-23,Fresno,019,978130,89352,85274,6664,91938,910
2021-01-23,Glenn,021,27897,2085,2015,423,2438,13
2021-01-23,Humboldt,023,135768,2680,2493,16,2509,23
2021-01-23,Imperial,025,180216,26248,25581,2267,27848,487
2021-01-23,Inyo,027,18085,1046,987,8,995,27
2021-01-23,Kern,029,883053,86102,82602,7945,90547,783
2021-01-23,Kings,031,150075,20596,19904,817,20721,159
2021-01-23,Lake,033,64148,2807,2673,0,2673,32
2021-01-23,Lassen,035,31185,4891,4816,80,4896,1
2021-01-23,Los Angeles,037,10098052,1093007,1040961,34161,1075122,15034
2021-01-23,Madera,039,155013,14455,13858,683,14541,86
2021-01-23,Marin,041,260295,12136,11796,126,11922,177
2021-01-23,Mariposa,043,17540,346,323,3,326,3
2021-01-23,Mendocino,045,87422,3203,2991,60,3051,32
2021-01-23,Merced,047,269075,25456,24787,691,25478,303
2021-01-23,Modoc,049,8938,301,285,91,376,0
2021-01-23,Mono,051,14174,1117,1111,15,1126,3
2021-01-23,Monterey,053,433212,38552,37165,1259,38424,253
2021-01-23,Napa,055,140530,8225,7893,29,7922,43
2021-01-23,Nevada,057,99092,3547,3332,136,3468,18
2021-01-23,Orange,059,3164182,229019,221722,9117,230839,2618
2021-01-23,Placer,061,380077,18944,17617,917,18534,193
2021-01-23,Plumas,063,18699,609,528,10,538,2
2021-01-23,Riverside,065,2383286,265623,253636,12328,265964,2733
2021-01-23,Sacramento,067,1510023,85720,83408,1009,84417,1108
2021-01-23,San Benito,069,59416,5286,5166,62,5228,43
2021-01-23,San Bernardino,071,2135413,271044,260381,7800,268181,1922
2021-01-23,San Diego,073,3302833,239298,225556,11084,236640,2344
2021-01-23,San Francisco,075,870044,30961,30308,747,31055,268
2021-01-23,San Joaquin,077,732212,61125,58164,2353,60517,836
2021-01-23,San Luis Obispo,079,281455,17558,16652,448,17100,176
2021-01-23,San Mateo,081,765935,35768,33696,303,33999,213
2021-01-23,Santa Barbara,083,443738,28189,26234,822,27056,264
2021-01-23,Santa Clara,085,1922200,100108,97189,440,97629,1086
2021-01-23,Santa Cruz,087,273765,14005,12771,650,13421,127
2021-01-23,Shasta,089,179085,10134,9951,1038,10989,103
2021-01-23,Sierra,091,2930,47,41,12,53,0
2021-01-23,Siskiyou,093,43540,1285,1190,182,1372,4
2021-01-23,Solano,095,438530,27258,26261,295,26556,107
2021-01-23,Sonoma,097,501317,25450,24790,127,24917,232
2021-01-23,Stanislaus,099,539301,45753,43723,4561,48284,599
2021-01-23,Sutter,101,95872,8082,7943,75,8018,80
2021-01-23,Tehama,103,63373,4175,4006,441,4447,20
2021-01-23,Trinity,105,12862,439,262,63,325,3
2021-01-23,Tulare,107,460477,44558,42661,6212,48873,575
2021-01-23,Tuolumne,109,53932,3430,3407,34,3441,29
2021-01-23,Ventura,111,848112,68353,65581,2376,67957,438
2021-01-23,Yolo,113,214977,11758,11087,118,11205,141
2021-01-23,Yuba,115,75493,5021,4831,65,4896,30
2021-01-22,Alameda,001,1643700,72453,69693,1486,71179,751
2021-01-22,Alpine,002,1148,73,71,0,71,0
2021-01-22,Amador,005,37829,3125,3042,24,3066,30
2021-01-22,Butte,007,227075,10350,9711,1428,11139,133
2021-01-22,Calaveras,009,45235,1697,1672,10,1682,21
2021-01-22,Colusa,011,21464,1725,1668,188,1856,7
2021-01-22,Contra Costa,013,1133247,56510,53887,916,54803,485
2021-01-22,Del Norte,015,27424,883,852,4,856,2
2021-01-22,El Dorado,017,186661,8418,7877,551,8428,64
2021-01-22,Fresno,019,978130,89012,84744,6636,91380,892
2021-01-22,Glenn,021,27897,2080,1985,417,2402,13
2021-01-22,Humboldt,023,135768,2656,2452,16,2468,23
2021-01-22,Imperial,025,180216,26214,25562,2252,27814,474
2021-01-22,Inyo,027,18085,1035,961,8,969,26
2021-01-22,Kern,029,883053,85805,82101,7869,89970,771
2021-01-22,Kings,031,150075,20520,19760,813,20573,159
2021-01-22,Lake,033,64148,2795,2681,0,2681,32
2021-01-22,Lassen,035,31185,4882,4765,79,4844,1
2021-01-22,Los Angeles,037,10098052,1088537,1031177,33974,1065151,14777
2021-01-22,Madera,039,155013,14395,13781,682,14463,86
2021-01-22,Marin,041,260295,12099,11769,124,11893,177
2021-01-22,Mariposa,043,17540,346,323,3,326,3
2021-01-22,Mendocino,045,87422,3178,2994,59,3053,32
2021-01-22,Merced,047,269075,25333,24616,684,25300,290
2021-01-22,Modoc,049,8938,301,285,91,376,0
2021-01-22,Mono,051,14174,1117,1108,15,1123,3
2021-01-22,Monterey,053,433212,38399,36909,1254,38163,253
2021-01-22,Napa,055,140530,8181,7828,29,7857,40
2021-01-22,Nevada,057,99092,3522,3296,135,3431,18
2021-01-22,Orange,059,3164182,228066,220384,9070,229454,2542
2021-01-22,Placer,061,380077,18887,17636,902,18538,193
2021-01-22,Plumas,063,18699,607,522,10,532,2
2021-01-22,Riverside,065,2383286,264479,252440,12262,264702,2710
2021-01-22,Sacramento,067,1510023,85389,82861,1001,83862,1094
2021-01-22,San Benito,069,59416,5260,5143,62,5205,43
2021-01-22,San Bernardino,071,2135413,270241,259121,7770,266891,1849
2021-01-22,San Diego,073,3302833,238058,222576,11019,233595,2301
2021-01-22,San Francisco,075,870044,30847,30027,730,30757,266
2021-01-22,San Joaquin,077,732212,60941,58485,2341,60826,812
2021-01-22,San Luis Obispo,079,281455,17468,16336,445,16781,172
2021-01-22,San Mateo,081,765935,35546,33401,300,33701,211
2021-01-22,Santa Barbara,083,443738,27989,25989,811,26800,256
2021-01-22,Santa Clara,085,1922200,99662,96435,437,96872,1062
2021-01-22,Santa Cruz,087,273765,13947,12687,646,13333,123
2021-01-22,Shasta,089,179085,10114,9866,1036,10902,103
2021-01-22,Sierra,091,2930,47,40,12,52,0
2021-01-22,Siskiyou,093,43540,1281,1182,180,1362,4
2021-01-22,Solano,095,438530,27167,26048,293,26341,107
2021-01-22,Sonoma,097,501317,25365,24659,127,24786,232
2021-01-22,Stanislaus,099,539301,45587,43489,4535,48024,599
2021-01-22,Sutter,101,95872,8057,7878,75,7953,80
2021-01-22,Tehama,103,63373,4161,3993,439,4432,19
2021-01-22,Trinity,105,12862,438,263,63,326,3
2021-01-22,Tulare,107,460477,44379,42307,6145,48452,573
2021-01-22,Tuolumne,109,53932,3402,3379,34,3413,29
2021-01-22,Ventura,111,848112,67840,64404,2357,66761,426
2021-01-22,Yolo,113,214977,11725,11014,116,11130,141
2021-01-22,Yuba,115,75493,4997,4789,63,4852,29
2021-01-21,Alameda,001,1643700,72019,69314,1469,70783,739
2021-01-21,Alpine,002,1148,73,71,0,71,0
2021-01-21,Amador,005,37829,3103,3038,24,3062,29
2021-01-21,Butte,007,227075,10286,9643,1421,11064,130
2021-01-21,Calaveras,009,45235,1689,1647,10,1657,21
2021-01-21,Colusa,011,21464,1718,1662,186,1848,7
2021-01-21,Contra Costa,013,1133247,56120,53595,904,54499,478
2021-01-21,Del Norte,015,27424,881,850,3,853,2
2021-01-21,El Dorado,017,186661,8369,7823,548,8371,58
2021-01-21,Fresno,019,978130,88608,84137,6596,90733,889
2021-01-21,Glenn,021,27897,2072,1964,412,2376,13
2021-01-21,Humboldt,023,135768,2633,2423,16,2439,23
2021-01-21,Imperial,025,180216,26129,25509,2240,27749,463
2021-01-21,Inyo,027,18085,1026,946,8,954,26
2021-01-21,Kern,029,883053,85392,81328,7754,89082,769
2021-01-21,Kings,031,150075,20449,19633,796,20429,158
2021-01-21,Lake,033,64148,2781,2669,0,2669,32
2021-01-21,Lassen,035,31185,4875,4763,79,4842,1
2021-01-21,Los Angeles,037,10098052,1081871,1023055,33662,1056717,14537
2021-01-21,Madera,039,155013,14331,13664,674,14338,86
2021-01-21,Marin,041,260295,12045,11732,122,11854,173
2021-01-21,Mariposa,043,17540,342,322,3,325,3
2021-01-21,Mendocino,045,87422,3155,2967,57,3024,32
2021-01-21,Merced,047,269075,25179,24426,677,25103,245
2021-01-21,Modoc,049,8938,298,284,90,374,0
2021-01-21,Mono,051,14174,1112,1104,15,1119,3
2021-01-21,Monterey,053,433212,38118,36149,1245,37394,253
2021-01-21,Napa,055,140530,8117,7774,29,7803,40
2021-01-21,Nevada,057,99092,3493,3274,134,3408,18
2021-01-21,Orange,059,3164182,226690,218867,9016,227883,2540
2021-01-21,Placer,061,380077,18809,17553,898,18451,190
2021-01-21,Plumas,063,18699,603,518,10,528,2
2021-01-21,Riverside,065,2383286,262763,251007,12184,263191,2676
2021-01-21,Sacramento,067,1510023,84910,82303,981,83284,1084
2021-01-21,San Benito,069,59416,5230,5100,57,5157,43
2021-01-21,San Bernardino,071,2135413,268923,257754,7705,265459,1832
2021-01-21,San Diego,073,3302833,236283,219729,10912,230641,2222
2021-01-21,San Francisco,075,870044,30674,29801,696,30497,266
2021-01-21,San Joaquin,077,732212,60635,58270,2323,60593,806
2021-01-21,San Luis Obispo,079,281455,17382,16153,437,16590,169
2021-01-21,San Mateo,081,765935,35300,33156,287,33443,210
2021-01-21,Santa Barbara,083,443738,27701,25654,798,26452,253
2021-01-21,Santa Clara,085,1922200,99075,96028,432,96460,1062
2021-01-21,Santa Cruz,087,273765,13863,12548,636,13184,119
2021-01-21,Shasta,089,179085,10071,9795,1021,10816,98
2021-01-21,Sierra,091,2930,47,40,12,52,0
2021-01-21,Siskiyou,093,43540,1278,1178,178,1356,4
2021-01-21,Solano,095,438530,26989,25885,289,26174,106
2021-01-21,Sonoma,097,501317,25225,24440,125,24565,230
2021-01-21,Stanislaus,099,539301,45289,43223,4491,47714,599
2021-01-21,Sutter,101,95872,8023,7822,75,7897,80
2021-01-21,Tehama,103,63373,4122,3938,438,4376,19
2021-01-21,Trinity,105,12862,438,261,63,324,3
2021-01-21,Tulare,107,460477,44168,42082,6071,48153,569
2021-01-21,Tuolumne,109,53932,3392,3365,33,3398,29
2021-01-21,Ventura,111,848112,67141,63995,2337,66332,420
2021-01-21,Yolo,113,214977,11634,10940,108,11048,141
2021-01-21,Yuba,115,75493,4965,4757,62,4819,29
2021-01-20,Alameda,001,1643700,71546,68785,1453,70238,702
2021-01-20,Alpine,002,1148,73,71,0,71,0
2021-01-20,Amador,005,37829,3072,3036,24,3060,29
2021-01-20,Butte,007,227075,10230,9582,1411,10993,130
2021-01-20,Calaveras,009,45235,1667,1637,9,1646,21
2021-01-20,Colusa,011,21464,1701,1630,181,1811,7
2021-01-20,Contra Costa,013,1133247,55693,53108,895,54003,461
2021-01-20,Del Norte,015,27424,880,848,3,851,2
2021-01-20,El Dorado,017,186661,8319,7785,545,8330,53
2021-01-20,Fresno,019,978130,88188,83591,6542,90133,872
2021-01-20,Glenn,021,27897,2053,1955,410,2365,13
2021-01-20,Humboldt,023,135768,2590,2390,16,2406,22
2021-01-20,Imperial,025,180216,26057,25380,2206,27586,461
2021-01-20,Inyo,027,18085,1016,901,8,909,26
2021-01-20,Kern,029,883053,84942,80701,7649,88350,754
2021-01-20,Kings,031,150075,20359,19522,788,20310,146
2021-01-20,Lake,033,64148,2761,2646,0,2646,31
2021-01-20,Lassen,035,31185,4867,4758,77,4835,1
2021-01-20,Los Angeles,037,10098052,1074369,1015608,33384,1048992,14299
2021-01-20,Madera,039,155013,14266,13585,670,14255,86
2021-01-20,Marin,041,260295,11989,11684,120,11804,171
2021-01-20,Mariposa,043,17540,340,322,3,325,3
2021-01-20,Mendocino,045,87422,3140,2957,57,3014,32
2021-01-20,Merced,047,269075,25006,24220,655,24875,243
2021-01-20,Modoc,049,8938,297,282,90,372,0
2021-01-20,Mono,051,14174,1105,1105,14,1119,3
2021-01-20,Monterey,053,433212,37806,35960,1225,37185,249
2021-01-20,Napa,055,140530,8048,7731,29,7760,40
2021-01-20,Nevada,057,99092,3461,3238,134,3372,18
2021-01-20,Orange,059,3164182,225153,216893,8955,225848,2500
2021-01-20,Placer,061,380077,18715,17455,880,18335,186
2021-01-20,Plumas,063,18699,601,512,10,522,2
2021-01-20,Riverside,065,2383286,260719,248686,12101,260787,2615
2021-01-20,Sacramento,067,1510023,84350,81687,971,82658,1072
2021-01-20,San Benito,069,59416,5199,5036,56,5092,35
2021-01-20,San Bernardino,071,2135413,267601,255921,7658,263579,1801
2021-01-20,San Diego,073,3302833,234428,218553,10808,229361,2174
2021-01-20,San Francisco,075,870044,30487,29665,675,30340,262
2021-01-20,San Joaquin,077,732212,60232,58025,2314,60339,783
2021-01-20,San Luis Obispo,079,281455,17200,15936,428,16364,164
2021-01-20,San Mateo,081,765935,35073,32929,286,33215,210
2021-01-20,Santa Barbara,083,443738,27383,25312,786,26098,248
2021-01-20,Santa Clara,085,1922200,98430,94995,430,95425,1040
2021-01-20,Santa Cruz,087,273765,13756,12460,623,13083,107
2021-01-20,Shasta,089,179085,10019,9697,1011,10708,98
2021-01-20,Sierra,091,2930,47,40,12,52,0
2021-01-20,Siskiyou,093,43540,1271,1163,177,1340,4
2021-01-20,Solano,095,438530,26796,25659,285,25944,106
2021-01-20,Sonoma,097,501317,25088,24262,123,24385,223
2021-01-20,Stanislaus,099,539301,45009,42955,4453,47408,585
2021-01-20,Sutter,101,95872,7972,7772,73,7845,80
2021-01-20,Tehama,103,63373,4096,3892,435,4327,19
2021-01-20,Trinity,105,12862,438,260,63,323,3
2021-01-20,Tulare,107,460477,43911,41799,5981,47780,559
2021-01-20,Tuolumne,109,53932,3378,3355,32,3387,29
2021-01-20,Ventura,111,848112,66180,63413,2308,65721,395
2021-01-20,Yolo,113,214977,11569,10852,105,10957,141
2021-01-20,Yuba,115,75493,4938,4729,62,4791,29
2021-01-19,Alameda,001,1643700,70905,68434,1444,69878,680
2021-01-19,Alpine,002,1148,73,71,0,71,0
2021-01-19,Amador,005,37829,3063,3024,24,3048,28
2021-01-19,Butte,007,227075,10167,9528,1397,10925,129
2021-01-19,Calaveras,009,45235,1652,1621,8,1629,21
2021-01-19,Colusa,011,21464,1679,1617,178,1795,7
2021-01-19,Contra Costa,013,1133247,55231,52730,885,53615,448
2021-01-19,Del Norte,015,27424,878,843,3,846,2
2021-01-19,El Dorado,017,186661,8258,7743,537,8280,47
2021-01-19,Fresno,019,978130,87667,83200,6492,89692,857
2021-01-19,Glenn,021,27897,2041,1948,405,2353,13
2021-01-19,Humboldt,023,135768,2566,2359,13,2372,22
2021-01-19,Imperial,025,180216,25977,25333,2189,27522,452
2021-01-19,Inyo,027,18085,1008,891,8,899,26
2021-01-19,Kern,029,883053,84354,80272,7544,87816,742
2021-01-19,Kings,031,150075,20220,19375,778,20153,143
2021-01-19,Lake,033,64148,2748,2625,0,2625,31
2021-01-19,Lassen,035,31185,4860,4753,77,4830,1
2021-01-19,Los Angeles,037,10098052,1065696,1010375,33120,1043495,14014
2021-01-19,Madera,039,155013,14155,13528,665,14193,86
2021-01-19,Marin,041,260295,11934,11654,116,11770,169
2021-01-19,Mariposa,043,17540,340,322,3,325,3
2021-01-19,Mendocino,045,87422,3123,2930,57,2987,32
2021-01-19,Merced,047,269075,24794,24108,646,24754,242
2021-01-19,Modoc,049,8938,296,281,90,371,0
2021-01-19,Mono,051,14174,1104,1106,14,1120,3
2021-01-19,Monterey,053,433212,37505,35840,1204,37044,248
2021-01-19,Napa,055,140530,7990,7672,29,7701,38
2021-01-19,Nevada,057,99092,3443,3216,132,3348,18
2021-01-19,Orange,059,3164182,223420,215244,8888,224132,2468
2021-01-19,Placer,061,380077,18618,17348,870,18218,182
2021-01-19,Plumas,063,18699,594,509,10,519,2
2021-01-19,Riverside,065,2383286,258632,246248,12023,258271,2585
2021-01-19,Sacramento,067,1510023,83813,81183,951,82134,1053
2021-01-19,San Benito,069,59416,5153,4988,55,5043,35
2021-01-19,San Bernardino,071,2135413,265899,253651,7604,261255,1777
2021-01-19,San Diego,073,3302833,232005,216833,10710,227543,2109
2021-01-19,San Francisco,075,870044,30268,29502,644,30146,261
2021-01-19,San Joaquin,077,732212,59852,57655,2303,59958,782
2021-01-19,San Luis Obispo,079,281455,16937,15855,425,16280,161
2021-01-19,San Mateo,081,765935,34788,32730,275,33005,208
2021-01-19,Santa Barbara,083,443738,26999,24991,770,25761,236
2021-01-19,Santa Clara,085,1922200,97695,94483,429,94912,1010
2021-01-19,Santa Cruz,087,273765,13639,12410,615,13025,106
2021-01-19,Shasta,089,179085,9983,9614,1001,10615,93
2021-01-19,Sierra,091,2930,47,40,10,50,0
2021-01-19,Siskiyou,093,43540,1263,1149,175,1324,4
2021-01-19,Solano,095,438530,26549,25520,284,25804,106
2021-01-19,Sonoma,097,501317,24908,24133,121,24254,223
2021-01-19,Stanislaus,099,539301,44661,42723,4408,47131,561
2021-01-19,Sutter,101,95872,7922,7709,67,7776,80
2021-01-19,Tehama,103,63373,4066,3876,433,4309,19
2021-01-19,Trinity,105,12862,437,260,63,323,3
2021-01-19,Tulare,107,460477,43632,41559,5886,47445,549
2021-01-19,Tuolumne,109,53932,3351,3328,32,3360,29
2021-01-19,Ventura,111,848112,65496,62656,2281,64937,383
2021-01-19,Yolo,113,214977,11484,10789,105,10894,134
2021-01-19,Yuba,115,75493,4905,4695,61,4756,29
2021-01-18,Alameda,001,1643700,70273,67938,1427,69365,680
2021-01-18,Alpine,002,1148,73,71,0,71,0
2021-01-18,Amador,005,37829,3049,3016,24,3040,28
2021-01-18,Butte,007,227075,10081,9474,1385,10859,129
2021-01-18,Calaveras,009,45235,1631,1617,7,1624,21
2021-01-18,Colusa,011,21464,1663,1608,176,1784,7
2021-01-18,Contra Costa,013,1133247,54722,52323,877,53200,448
2021-01-18,Del Norte,015,27424,877,840,3,843,2
2021-01-18,El Dorado,017,186661,8192,7707,535,8242,47
2021-01-18,Fresno,019,978130,87055,82485,6426,88911,857
2021-01-18,Glenn,021,27897,2024,1935,401,2336,13
2021-01-18,Humboldt,023,135768,2528,2343,13,2356,22
2021-01-18,Imperial,025,180216,25909,25317,2165,27482,452
2021-01-18,Inyo,027,18085,996,872,8,880,26
2021-01-18,Kern,029,883053,83717,79930,7453,87383,740
2021-01-18,Kings,031,150075,20050,19267,766,20033,141
2021-01-18,Lake,033,64148,2731,2591,0,2591,30
2021-01-18,Lassen,035,31185,4824,4749,76,4825,1
2021-01-18,Los Angeles,037,10098052,1056184,1002614,32837,1035451,13828
2021-01-18,Madera,039,155013,14053,13443,656,14099,85
2021-01-18,Marin,041,260295,11888,11607,114,11721,165
2021-01-18,Mariposa,043,17540,337,320,2,322,3
2021-01-18,Mendocino,045,87422,3100,2919,57,2976,31
2021-01-18,Merced,047,269075,24549,23927,630,24557,242
2021-01-18,Modoc,049,8938,293,281,87,368,0
2021-01-18,Mono,051,14174,1101,1101,14,1115,3
2021-01-18,Monterey,053,433212,37063,35549,1190,36739,247
2021-01-18,Napa,055,140530,7917,7601,29,7630,38
2021-01-18,Nevada,057,99092,3405,3199,132,3331,17
2021-01-18,Orange,059,3164182,221533,213866,8834,222700,2405
2021-01-18,Placer,061,380077,18502,17263,861,18124,182
2021-01-18,Plumas,063,18699,591,506,10,516,2
2021-01-18,Riverside,065,2383286,256321,244151,11930,256081,2568
2021-01-18,Sacramento,067,1510023,83143,80546,935,81481,1046
2021-01-18,San Benito,069,59416,5105,4963,53,5016,35
2021-01-18,San Bernardino,071,2135413,264181,252808,7549,260357,1775
2021-01-18,San Diego,073,3302833,229356,214335,10581,224916,2103
2021-01-18,San Francisco,075,870044,30061,29321,620,29941,259
2021-01-18,San Joaquin,077,732212,59340,57405,2282,59687,782
2021-01-18,San Luis Obispo,079,281455,16750,15742,415,16157,158
2021-01-18,San Mateo,081,765935,34476,32515,256,32771,208
2021-01-18,Santa Barbara,083,443738,26620,24638,757,25395,235
2021-01-18,Santa Clara,085,1922200,96908,93688,425,94113,992
2021-01-18,Santa Cruz,087,273765,13506,12298,602,12900,106
2021-01-18,Shasta,089,179085,9944,9600,991,10591,92
2021-01-18,Sierra,091,2930,46,40,10,50,0
2021-01-18,Siskiyou,093,43540,1250,1144,174,1318,4
2021-01-18,Solano,095,438530,26272,25344,280,25624,105
2021-01-18,Sonoma,097,501317,24640,24068,120,24188,223
2021-01-18,Stanislaus,099,539301,44304,42413,4352,46765,562
2021-01-18,Sutter,101,95872,7865,7680,65,7745,78
2021-01-18,Tehama,103,63373,4021,3854,426,4280,19
2021-01-18,Trinity,105,12862,437,260,63,323,3
2021-01-18,Tulare,107,460477,43342,41196,5780,46976,549
2021-01-18,Tuolumne,109,53932,3327,3318,31,3349,28
2021-01-18,Ventura,111,848112,65063,61859,2259,64118,379
2021-01-18,Yolo,113,214977,11362,10620,102,10722,134
2021-01-18,Yuba,115,75493,4878,4671,59,4730,29
2021-01-17,Alameda,001,1643700,69708,67375,1409,68784,676
2021-01-17,Alpine,002,1148,73,71,0,71,0
2021-01-17,Amador,005,37829,3042,3001,24,3025,28
2021-01-17,Butte,007,227075,10006,9411,1361,10772,129
2021-01-17,Calaveras,009,45235,1618,1608,7,1615,21
2021-01-17,Colusa,011,21464,1650,1588,172,1760,7
2021-01-17,Contra Costa,013,1133247,54215,51932,866,52798,447
2021-01-17,Del Norte,015,27424,877,838,3,841,2
2021-01-17,El Dorado,017,186661,8137,7659,524,8183,47
2021-01-17,Fresno,019,978130,86502,82039,6351,88390,857
2021-01-17,Glenn,021,27897,2013,1924,396,2320,9
2021-01-17,Humboldt,023,135768,2492,2322,11,2333,22
2021-01-17,Imperial,025,180216,25838,25253,2124,27377,451
2021-01-17,Inyo,027,18085,990,864,8,872,26
2021-01-17,Kern,029,883053,83168,79489,7367,86856,738
2021-01-17,Kings,031,150075,19914,19201,752,19953,131
2021-01-17,Lake,033,64148,2717,2572,0,2572,30
2021-01-17,Lassen,035,31185,4816,4740,75,4815,1
2021-01-17,Los Angeles,037,10098052,1049521,993028,32452,1025480,13741
2021-01-17,Madera,039,155013,13963,13328,652,13980,85
2021-01-17,Marin,041,260295,11839,11552,112,11664,164
2021-01-17,Mariposa,043,17540,337,319,2,321,3
2021-01-17,Mendocino,045,87422,3072,2912,56,2968,31
2021-01-17,Merced,047,269075,24336,23800,612,24412,242
2021-01-17,Modoc,049,8938,292,279,87,366,0
2021-01-17,Mono,051,14174,1094,1091,13,1104,3
2021-01-17,Monterey,053,433212,36819,35340,1164,36504,244
2021-01-17,Napa,055,140530,7862,7521,29,7550,38
2021-01-17,Nevada,057,99092,3380,3176,130,3306,17
2021-01-17,Orange,059,3164182,219539,212389,8761,221150,2359
2021-01-17,Placer,061,380077,18396,17194,846,18040,181
2021-01-17,Plumas,063,18699,589,505,9,514,2
2021-01-17,Riverside,065,2383286,254211,242206,11814,254020,2534
2021-01-17,Sacramento,067,1510023,82543,80154,923,81077,1045
2021-01-17,San Benito,069,59416,5067,4941,53,4994,35
2021-01-17,San Bernardino,071,2135413,262083,251487,7462,258949,1775
2021-01-17,San Diego,073,3302833,227162,211785,10475,222260,2103
2021-01-17,San Francisco,075,870044,29873,29139,583,29722,255
2021-01-17,San Joaquin,077,732212,58983,57094,2268,59362,780
2021-01-17,San Luis Obispo,079,281455,16628,15658,406,16064,157
2021-01-17,San Mateo,081,765935,34224,32186,233,32419,208
2021-01-17,Santa Barbara,083,443738,26159,24401,745,25146,235
2021-01-17,Santa Clara,085,1922200,96148,92752,422,93174,976
2021-01-17,Santa Cruz,087,273765,13394,12196,599,12795,106
2021-01-17,Shasta,089,179085,9886,9588,983,10571,92
2021-01-17,Sierra,091,2930,46,38,9,47,0
2021-01-17,Siskiyou,093,43540,1243,1136,171,1307,4
2021-01-17,Solano,095,438530,26049,25216,278,25494,105
2021-01-17,Sonoma,097,501317,24466,23871,120,23991,223
2021-01-17,Stanislaus,099,539301,43984,42221,4289,46510,562
2021-01-17,Sutter,101,95872,7802,7604,64,7668,77
2021-01-17,Tehama,103,63373,3990,3837,422,4259,18
2021-01-17,Trinity,105,12862,437,261,63,324,3
2021-01-17,Tulare,107,460477,43055,41016,5664,46680,549
2021-01-17,Tuolumne,109,53932,3310,3287,31,3318,27
2021-01-17,Ventura,111,848112,64212,61257,2212,63469,376
2021-01-17,Yolo,113,214977,11263,10519,100,10619,134
2021-01-17,Yuba,115,75493,4831,4640,56,4696,28
2021-01-16,Alameda,001,1643700,69386,66583,1397,67980,673
2021-01-16,Alpine,002,1148,73,71,0,71,0
2021-01-16,Amador,005,37829,3039,2986,24,3010,28
2021-01-16,Butte,007,227075,9975,9359,1341,10700,129
2021-01-16,Calaveras,009,45235,1605,1596,7,1603,21
2021-01-16,Colusa,011,21464,1639,1578,172,1750,7
2021-01-16,Contra Costa,013,1133247,53936,51363,859,52222,443
2021-01-16,Del Norte,015,27424,872,833,3,836,2
2021-01-16,El Dorado,017,186661,8115,7575,523,8098,47
2021-01-16,Fresno,019,978130,86226,81294,6297,87591,846
2021-01-16,Glenn,021,27897,2009,1894,393,2287,9
2021-01-16,Humboldt,023,135768,2472,2294,9,2303,22
2021-01-16,Imperial,025,180216,25800,25140,2117,27257,451
2021-01-16,Inyo,027,18085,986,845,8,853,25
2021-01-16,Kern,029,883053,82801,78865,7313,86178,733
2021-01-16,Kings,031,150075,19858,19072,749,19821,131
2021-01-16,Lake,033,64148,2705,2504,0,2504,30
2021-01-16,Lassen,035,31185,4804,4719,75,4794,1
2021-01-16,Los Angeles,037,10098052,1045435,982684,32218,1014902,13654
2021-01-16,Madera,039,155013,13897,13193,647,13840,85
2021-01-16,Marin,041,260295,11797,11482,112,11594,164
2021-01-16,Mariposa,043,17540,336,317,2,319,3
2021-01-16,Mendocino,045,87422,3058,2890,53,2943,31
2021-01-16,Merced,047,269075,24249,23478,598,24076,242
2021-01-16,Modoc,049,8938,292,278,87,365,0
2021-01-16,Mono,051,14174,1092,1079,13,1092,3
2021-01-16,Monterey,053,433212,36708,34972,1148,36120,243
2021-01-16,Napa,055,140530,7823,7356,29,7385,39
2021-01-16,Nevada,057,99092,3347,3144,130,3274,17
2021-01-16,Orange,059,3164182,218506,210111,8705,218816,2312
2021-01-16,Placer,061,380077,18332,16995,844,17839,177
2021-01-16,Plumas,063,18699,587,502,9,511,2
2021-01-16,Riverside,065,2383286,252853,239412,11699,251111,2506
2021-01-16,Sacramento,067,1510023,82169,79122,906,80028,1033
2021-01-16,San Benito,069,59416,5034,4875,53,4928,35
2021-01-16,San Bernardino,071,2135413,261255,249401,7395,256796,1755
2021-01-16,San Diego,073,3302833,225864,209895,10378,220273,2065
2021-01-16,San Francisco,075,870044,29744,28853,552,29405,244
2021-01-16,San Joaquin,077,732212,58740,56642,2235,58877,776
2021-01-16,San Luis Obispo,079,281455,16527,15466,404,15870,152
2021-01-16,San Mateo,081,765935,34059,31805,227,32032,208
2021-01-16,Santa Barbara,083,443738,25958,24088,741,24829,229
2021-01-16,Santa Clara,085,1922200,95653,91584,415,91999,954
2021-01-16,Santa Cruz,087,273765,13335,12026,597,12623,106
2021-01-16,Shasta,089,179085,9853,9547,979,10526,92
2021-01-16,Sierra,091,2930,45,38,9,47,0
2021-01-16,Siskiyou,093,43540,1238,1124,171,1295,4
2021-01-16,Solano,095,438530,25938,24732,274,25006,103
2021-01-16,Sonoma,097,501317,24375,23607,119,23726,223
2021-01-16,Stanislaus,099,539301,43796,41809,4239,46048,562
2021-01-16,Sutter,101,95872,7770,7560,64,7624,76
2021-01-16,Tehama,103,63373,3976,3783,422,4205,18
2021-01-16,Trinity,105,12862,437,261,63,324,3
2021-01-16,Tulare,107,460477,42876,40655,5591,46246,542
2021-01-16,Tuolumne,109,53932,3302,3269,31,3300,27
2021-01-16,Ventura,111,848112,63659,60368,2182,62550,369
2021-01-16,Yolo,113,214977,11212,10406,99,10505,134
2021-01-16,Yuba,115,75493,4803,4602,56,4658,27
2021-01-15,Alameda,001,1643700,68958,65416,1386,66802,672
2021-01-15,Alpine,002,1148,73,71,0,71,0
2021-01-15,Amador,005,37829,3032,2953,24,2977,28
2021-01-15,Butte,007,227075,9933,9233,1327,10560,129
2021-01-15,Calaveras,009,45235,1598,1538,7,1545,21
2021-01-15,Colusa,011,21464,1628,1541,167,1708,7
2021-01-15,Contra Costa,013,1133247,53600,50408,852,51260,428
2021-01-15,Del Norte,015,27424,868,828,2,830,2
2021-01-15,El Dorado,017,186661,8065,7439,515,7954,47
2021-01-15,Fresno,019,978130,85688,79950,6261,86211,832
2021-01-15,Glenn,021,27897,2005,1824,390,2214,9
2021-01-15,Humboldt,023,135768,2445,2218,8,2226,22
2021-01-15,Imperial,025,180216,25764,24944,2111,27055,446
2021-01-15,Inyo,027,18085,969,814,8,822,25
2021-01-15,Kern,029,883053,82385,77873,7248,85121,719
2021-01-15,Kings,031,150075,19749,18661,743,19404,131
2021-01-15,Lake,033,64148,2679,2434,0,2434,28
2021-01-15,Lassen,035,31185,4793,4693,73,4766,1
2021-01-15,Los Angeles,037,10098052,1038381,968979,31937,1000916,13404
2021-01-15,Madera,039,155013,13807,12883,643,13526,85
2021-01-15,Marin,041,260295,11741,11310,112,11422,160
2021-01-15,Mariposa,043,17540,334,307,2,309,3
2021-01-15,Mendocino,045,87422,3047,2835,53,2888,31
2021-01-15,Merced,047,269075,24137,23060,594,23654,239
2021-01-15,Modoc,049,8938,292,278,85,363,0
2021-01-15,Mono,051,14174,1089,1057,13,1070,3
2021-01-15,Monterey,053,433212,36491,34460,1091,35551,243
2021-01-15,Napa,055,140530,7761,7231,29,7260,38
2021-01-15,Nevada,057,99092,3334,3099,127,3226,17
2021-01-15,Orange,059,3164182,217151,207129,8653,215782,2254
2021-01-15,Placer,061,380077,18227,16712,835,17547,173
2021-01-15,Plumas,063,18699,584,499,9,508,2
2021-01-15,Riverside,065,2383286,250991,235235,11620,246855,2458
2021-01-15,Sacramento,067,1510023,81746,80279,898,81177,1023
2021-01-15,San Benito,069,59416,4995,4766,51,4817,35
2021-01-15,San Bernardino,071,2135413,260072,246182,7334,253516,1726
2021-01-15,San Diego,073,3302833,224115,206868,10313,217181,2037
2021-01-15,San Francisco,075,870044,29571,28574,532,29106,242
2021-01-15,San Joaquin,077,732212,58512,55885,2221,58106,748
2021-01-15,San Luis Obispo,079,281455,16393,15129,399,15528,148
2021-01-15,San Mateo,081,765935,33814,31291,223,31514,208
2021-01-15,Santa Barbara,083,443738,25675,23487,737,24224,226
2021-01-15,Santa Clara,085,1922200,94992,90103,410,90513,942
2021-01-15,Santa Cruz,087,273765,13226,11776,584,12360,105
2021-01-15,Shasta,089,179085,9814,9459,972,10431,91
2021-01-15,Sierra,091,2930,44,36,7,43,0
2021-01-15,Siskiyou,093,43540,1234,1119,171,1290,4
2021-01-15,Solano,095,438530,25789,24222,272,24494,103
2021-01-15,Sonoma,097,501317,24244,23204,118,23322,222
2021-01-15,Stanislaus,099,539301,43546,41178,4197,45375,562
2021-01-15,Sutter,101,95872,7723,7484,63,7547,75
2021-01-15,Tehama,103,63373,3954,3714,421,4135,17
2021-01-15,Trinity,105,12862,437,262,63,325,3
2021-01-15,Tulare,107,460477,42634,39951,5508,45459,535
2021-01-15,Tuolumne,109,53932,3286,3231,31,3262,27
2021-01-15,Ventura,111,848112,62916,59061,2149,61210,353
2021-01-15,Yolo,113,214977,11154,10240,98,10338,134
2021-01-15,Yuba,115,75493,4783,4549,56,4605,27
2021-01-14,Alameda,001,1643700,68331,64364,1371,65735,686
2021-01-14,Alpine,002,1148,73,71,0,71,0
2021-01-14,Amador,005,37829,3026,2940,24,2964,28
2021-01-14,Butte,007,227075,9845,9127,1306,10433,129
2021-01-14,Calaveras,009,45235,1581,1513,7,1520,21
2021-01-14,Colusa,011,21464,1613,1535,161,1696,7
2021-01-14,Contra Costa,013,1133247,53057,49545,840,50385,415
2021-01-14,Del Norte,015,27424,862,821,2,823,2
2021-01-14,El Dorado,017,186661,7991,7321,508,7829,45
2021-01-14,Fresno,019,978130,85055,79033,6181,85214,814
2021-01-14,Glenn,021,27897,1993,1798,385,2183,9
2021-01-14,Humboldt,023,135768,2402,2169,8,2177,22
2021-01-14,Imperial,025,180216,25658,24882,2081,26963,447
2021-01-14,Inyo,027,18085,962,790,8,798,25
2021-01-14,Kern,029,883053,81713,77070,7147,84217,705
2021-01-14,Kings,031,150075,19619,18405,739,19144,108
2021-01-14,Lake,033,64148,2640,2378,0,2378,27
2021-01-14,Lassen,035,31185,4783,4673,71,4744,1
2021-01-14,Los Angeles,037,10098052,1028354,954652,31572,986224,13147
2021-01-14,Madera,039,155013,13692,12742,634,13376,85
2021-01-14,Marin,041,260295,11665,11155,111,11266,159
2021-01-14,Mariposa,043,17540,331,302,2,304,3
2021-01-14,Mendocino,045,87422,3033,2801,51,2852,31
2021-01-14,Merced,047,269075,23910,22780,584,23364,239
2021-01-14,Modoc,049,8938,292,273,85,358,0
2021-01-14,Mono,051,14174,1081,1020,13,1033,3
2021-01-14,Monterey,053,433212,36070,34105,1069,35174,242
2021-01-14,Napa,055,140530,7675,7117,29,7146,38
2021-01-14,Nevada,057,99092,3307,3075,125,3200,17
2021-01-14,Orange,059,3164182,215246,204442,8570,213012,2162
2021-01-14,Placer,061,380077,18066,16488,828,17316,169
2021-01-14,Plumas,063,18699,576,496,9,505,2
2021-01-14,Riverside,065,2383286,248344,231684,11519,243203,2357
2021-01-14,Sacramento,067,1510023,81107,79137,875,80012,1007
2021-01-14,San Benito,069,59416,4959,4678,50,4728,35
2021-01-14,San Bernardino,071,2135413,258087,243379,7264,250643,1750
2021-01-14,San Diego,073,3302833,221717,204173,10193,214366,2005
2021-01-14,San Francisco,075,870044,29324,28200,486,28686,238
2021-01-14,San Joaquin,077,732212,57994,55058,2208,57266,739
2021-01-14,San Luis Obispo,079,281455,16231,14851,390,15241,146
2021-01-14,San Mateo,081,765935,33445,30694,214,30908,208
2021-01-14,Santa Barbara,083,443738,25254,23126,720,23846,219
2021-01-14,Santa Clara,085,1922200,94081,88505,404,88909,910
2021-01-14,Santa Cruz,087,273765,13079,11583,569,12152,109
2021-01-14,Shasta,089,179085,9765,9334,956,10290,90
2021-01-14,Sierra,091,2930,44,35,6,41,0
2021-01-14,Siskiyou,093,43540,1222,1108,168,1276,3
2021-01-14,Solano,095,438530,25529,23782,268,24050,103
2021-01-14,Sonoma,097,501317,24004,22910,118,23028,202
2021-01-14,Stanislaus,099,539301,43219,40597,4156,44753,574
2021-01-14,Sutter,101,95872,7664,7416,60,7476,74
2021-01-14,Tehama,103,63373,3925,3664,417,4081,17
2021-01-14,Trinity,105,12862,437,261,62,323,3
2021-01-14,Tulare,107,460477,42250,39565,5399,44964,533
2021-01-14,Tuolumne,109,53932,3265,3215,31,3246,28
2021-01-14,Ventura,111,848112,62042,57941,2112,60053,347
2021-01-14,Yolo,113,214977,11051,10097,92,10189,135
2021-01-14,Yuba,115,75493,4751,4496,56,4552,27
2021-01-13,Alameda,001,1643700,67581,63568,1353,64921,690
2021-01-13,Alpine,002,1148,73,71,0,71,0
2021-01-13,Amador,005,37829,3012,2914,24,2938,26
2021-01-13,Butte,007,227075,9764,9013,1291,10304,126
2021-01-13,Calaveras,009,45235,1559,1493,7,1500,21
2021-01-13,Colusa,011,21464,1603,1524,153,1677,7
2021-01-13,Contra Costa,013,1133247,52484,48877,829,49706,403
2021-01-13,Del Norte,015,27424,858,820,2,822,2
2021-01-13,El Dorado,017,186661,7897,7247,500,7747,43
2021-01-13,Fresno,019,978130,84336,78278,6140,84418,804
2021-01-13,Glenn,021,27897,1977,1792,376,2168,9
2021-01-13,Humboldt,023,135768,2369,2114,8,2122,22
2021-01-13,Imperial,025,180216,25534,24717,2049,26766,463
2021-01-13,Inyo,027,18085,950,785,8,793,25
2021-01-13,Kern,029,883053,81056,76049,7057,83106,704
2021-01-13,Kings,031,150075,19452,18121,718,18839,108
2021-01-13,Lake,033,64148,2599,2305,0,2305,27
2021-01-13,Lassen,035,31185,4776,4663,70,4733,1
2021-01-13,Los Angeles,037,10098052,1017560,937985,31175,969160,12873
2021-01-13,Madera,039,155013,13576,12570,629,13199,85
2021-01-13,Marin,041,260295,11613,11039,111,11150,161
2021-01-13,Mariposa,043,17540,329,304,2,306,3
2021-01-13,Mendocino,045,87422,3013,2790,51,2841,31
2021-01-13,Merced,047,269075,23671,22497,570,23067,241
2021-01-13,Modoc,049,8938,291,274,82,356,0
2021-01-13,Mono,051,14174,1077,1017,13,1030,3
2021-01-13,Monterey,053,433212,35645,33748,1045,34793,241
2021-01-13,Napa,055,140530,7561,7028,29,7057,36
2021-01-13,Nevada,057,99092,3283,3037,122,3159,17
2021-01-13,Orange,059,3164182,213173,201158,8499,209657,2172
2021-01-13,Placer,061,380077,17941,16272,814,17086,172
2021-01-13,Plumas,063,18699,574,490,9,499,2
2021-01-13,Riverside,065,2383286,245197,228192,11406,239598,2278
2021-01-13,Sacramento,067,1510023,80446,78268,868,79136,996
2021-01-13,San Benito,069,59416,4903,4583,49,4632,35
2021-01-13,San Bernardino,071,2135413,255699,240191,7189,247380,1759
2021-01-13,San Diego,073,3302833,219102,201578,10091,211669,1952
2021-01-13,San Francisco,075,870044,29085,27863,466,28329,238
2021-01-13,San Joaquin,077,732212,57372,54373,2180,56553,738
2021-01-13,San Luis Obispo,079,281455,16076,14625,379,15004,140
2021-01-13,San Mateo,081,765935,33106,30195,212,30407,207
2021-01-13,Santa Barbara,083,443738,24812,22714,704,23418,216
2021-01-13,Santa Clara,085,1922200,93108,87187,400,87587,911
2021-01-13,Santa Cruz,087,273765,12906,11423,555,11978,110
2021-01-13,Shasta,089,179085,9701,9180,942,10122,93
2021-01-13,Sierra,091,2930,44,33,6,39,0
2021-01-13,Siskiyou,093,43540,1216,1102,164,1266,3
2021-01-13,Solano,095,438530,25255,23503,265,23768,105
2021-01-13,Sonoma,097,501317,23753,22610,117,22727,206
2021-01-13,Stanislaus,099,539301,42827,40167,4103,44270,574
2021-01-13,Sutter,101,95872,7618,7350,59,7409,73
2021-01-13,Tehama,103,63373,3874,3589,412,4001,17
2021-01-13,Trinity,105,12862,437,260,62,322,3
2021-01-13,Tulare,107,460477,41847,39129,5299,44428,522
2021-01-13,Tuolumne,109,53932,3251,3196,31,3227,28
2021-01-13,Ventura,111,848112,61030,56453,2072,58525,338
2021-01-13,Yolo,113,214977,10952,9933,89,10022,135
2021-01-13,Yuba,115,75493,4706,4448,53,4501,27
2021-01-12,Alameda,001,1643700,66757,62642,1335,63977,677
2021-01-12,Alpine,002,1148,73,71,0,71,0
2021-01-12,Amador,005,37829,2995,2897,24,2921,26
2021-01-12,Butte,007,227075,9676,8883,1278,10161,124
2021-01-12,Calaveras,009,45235,1523,1475,7,1482,21
2021-01-12,Colusa,011,21464,1591,1510,149,1659,7
2021-01-12,Contra Costa,013,1133247,51842,48242,815,49057,399
2021-01-12,Del Norte,015,27424,853,816,2,818,2
2021-01-12,El Dorado,017,186661,7813,7156,489,7645,41
2021-01-12,Fresno,019,978130,83464,77651,6072,83723,796
2021-01-12,Glenn,021,27897,1952,1781,372,2153,9
2021-01-12,Humboldt,023,135768,2315,2077,7,2084,22
2021-01-12,Imperial,025,180216,25442,24566,2008,26574,457
2021-01-12,Inyo,027,18085,932,773,8,781,25
2021-01-12,Kern,029,883053,80348,75320,6962,82282,689
2021-01-12,Kings,031,150075,19241,18072,708,18780,108
2021-01-12,Lake,033,64148,2551,2260,0,2260,27
2021-01-12,Lassen,035,31185,4754,4659,68,4727,1
2021-01-12,Los Angeles,037,10098052,1005897,926295,30779,957074,12610
2021-01-12,Madera,039,155013,13428,12485,620,13105,85
2021-01-12,Marin,041,260295,11506,10960,111,11071,157
2021-01-12,Mariposa,043,17540,326,302,2,304,3
2021-01-12,Mendocino,045,87422,2993,2762,47,2809,31
2021-01-12,Merced,047,269075,23420,22172,548,22720,239
2021-01-12,Modoc,049,8938,289,274,82,356,0
2021-01-12,Mono,051,14174,1067,1008,13,1021,3
2021-01-12,Monterey,053,433212,35154,33381,1028,34409,240
2021-01-12,Napa,055,140530,7477,6936,29,6965,36
2021-01-12,Nevada,057,99092,3255,3014,120,3134,17
2021-01-12,Orange,059,3164182,210901,198260,8413,206673,2142
2021-01-12,Placer,061,380077,17771,16087,808,16895,163
2021-01-12,Plumas,063,18699,568,483,9,492,2
2021-01-12,Riverside,065,2383286,242066,225580,11267,236847,2266
2021-01-12,Sacramento,067,1510023,79718,77201,860,78061,985
2021-01-12,San Benito,069,59416,4834,4515,49,4564,35
2021-01-12,San Bernardino,071,2135413,253113,237008,7120,244128,1739
2021-01-12,San Diego,073,3302833,216187,198317,9974,208291,1898
2021-01-12,San Francisco,075,870044,28808,27531,433,27964,238
2021-01-12,San Joaquin,077,732212,56731,53630,2152,55782,725
2021-01-12,San Luis Obispo,079,281455,15832,14367,371,14738,132
2021-01-12,San Mateo,081,765935,32715,29747,200,29947,206
2021-01-12,Santa Barbara,083,443738,24390,22182,684,22866,209
2021-01-12,Santa Clara,085,1922200,91993,86075,392,86467,904
2021-01-12,Santa Cruz,087,273765,12691,11267,540,11807,110
2021-01-12,Shasta,089,179085,9628,9086,929,10015,84
2021-01-12,Sierra,091,2930,43,33,6,39,0
2021-01-12,Siskiyou,093,43540,1206,1091,157,1248,3
2021-01-12,Solano,095,438530,24956,23160,261,23421,102
2021-01-12,Sonoma,097,501317,23448,22403,117,22520,205
2021-01-12,Stanislaus,099,539301,42388,39615,4068,43683,571
2021-01-12,Sutter,101,95872,7555,7276,58,7334,73
2021-01-12,Tehama,103,63373,3836,3567,407,3974,17
2021-01-12,Trinity,105,12862,437,258,62,320,3
2021-01-12,Tulare,107,460477,41387,38797,5183,43980,509
2021-01-12,Tuolumne,109,53932,3218,3178,31,3209,28
2021-01-12,Ventura,111,848112,60056,55342,2040,57382,324
2021-01-12,Yolo,113,214977,10816,9857,85,9942,133
2021-01-12,Yuba,115,75493,4661,4389,53,4442,27
2021-01-11,Alameda,001,1643700,65905,61949,1317,63266,652
2021-01-11,Alpine,002,1148,73,70,0,70,0
2021-01-11,Amador,005,37829,2981,2867,24,2891,24
2021-01-11,Butte,007,227075,9563,8757,1262,10019,119
2021-01-11,Calaveras,009,45235,1504,1460,7,1467,21
2021-01-11,Colusa,011,21464,1572,1494,144,1638,7
2021-01-11,Contra Costa,013,1133247,51161,47728,804,48532,398
2021-01-11,Del Norte,015,27424,849,810,2,812,2
2021-01-11,El Dorado,017,186661,7719,6987,482,7469,36
2021-01-11,Fresno,019,978130,82585,76581,5996,82577,775
2021-01-11,Glenn,021,27897,1925,1763,366,2129,9
2021-01-11,Humboldt,023,135768,2276,2069,7,2076,22
2021-01-11,Imperial,025,180216,25331,24418,1971,26389,453
2021-01-11,Inyo,027,18085,913,763,8,771,25
2021-01-11,Kern,029,883053,79488,74489,6863,81352,682
2021-01-11,Kings,031,150075,18978,17909,699,18608,108
2021-01-11,Lake,033,64148,2500,2205,0,2205,26
2021-01-11,Lassen,035,31185,4731,4647,68,4715,1
2021-01-11,Los Angeles,037,10098052,992669,914434,30322,944756,12304
2021-01-11,Madera,039,155013,13291,12366,609,12975,85
2021-01-11,Marin,041,260295,11407,10814,110,10924,156
2021-01-11,Mariposa,043,17540,319,296,2,298,3
2021-01-11,Mendocino,045,87422,2965,2728,47,2775,31
2021-01-11,Merced,047,269075,23097,21884,534,22418,238
2021-01-11,Modoc,049,8938,288,271,81,352,0
2021-01-11,Mono,051,14174,1061,1006,13,1019,3
2021-01-11,Monterey,053,433212,34615,32858,966,33824,239
2021-01-11,Napa,055,140530,7375,6822,29,6851,36
2021-01-11,Nevada,057,99092,3227,2980,120,3100,17
2021-01-11,Orange,059,3164182,208315,196340,8313,204653,2113
2021-01-11,Placer,061,380077,17592,15919,799,16718,163
2021-01-11,Plumas,063,18699,564,477,9,486,2
2021-01-11,Riverside,065,2383286,238562,222907,11123,234030,2222
2021-01-11,Sacramento,067,1510023,78785,76009,844,76853,974
2021-01-11,San Benito,069,59416,4761,4482,42,4524,34
2021-01-11,San Bernardino,071,2135413,250315,235543,7023,242566,1739
2021-01-11,San Diego,073,3302833,212918,194793,9814,204607,1857
2021-01-11,San Francisco,075,870044,28529,27264,413,27677,238
2021-01-11,San Joaquin,077,732212,56122,53002,2123,55125,725
2021-01-11,San Luis Obispo,079,281455,15461,14213,364,14577,126
2021-01-11,San Mateo,081,765935,32271,29355,188,29543,206
2021-01-11,Santa Barbara,083,443738,23938,21740,672,22412,200
2021-01-11,Santa Clara,085,1922200,90749,84851,384,85235,877
2021-01-11,Santa Cruz,087,273765,12511,11093,517,11610,106
2021-01-11,Shasta,089,179085,9530,8977,916,9893,81
2021-01-11,Sierra,091,2930,41,33,6,39,0
2021-01-11,Siskiyou,093,43540,1197,1087,155,1242,3
2021-01-11,Solano,095,438530,24632,22893,255,23148,101
2021-01-11,Sonoma,097,501317,23200,22191,117,22308,205
2021-01-11,Stanislaus,099,539301,41897,39149,4019,43168,571
2021-01-11,Sutter,101,95872,7496,7204,57,7261,71
2021-01-11,Tehama,103,63373,3774,3524,386,3910,17
2021-01-11,Trinity,105,12862,437,256,62,318,2
2021-01-11,Tulare,107,460477,40972,38380,5103,43483,497
2021-01-11,Tuolumne,109,53932,3207,3165,31,3196,27
2021-01-11,Ventura,111,848112,58919,54202,2016,56218,320
2021-01-11,Yolo,113,214977,10610,9699,84,9783,129
2021-01-11,Yuba,115,75493,4623,4349,46,4395,27
2021-01-10,Alameda,001,1643700,64926,61111,1289,62400,650
2021-01-10,Alpine,002,1148,73,70,0,70,0
2021-01-10,Amador,005,37829,2957,2861,24,2885,24
2021-01-10,Butte,007,227075,9443,8665,1237,9902,119
2021-01-10,Calaveras,009,45235,1481,1449,7,1456,21
2021-01-10,Colusa,011,21464,1550,1478,142,1620,7
2021-01-10,Contra Costa,013,1133247,50364,47109,785,47894,398
2021-01-10,Del Norte,015,27424,847,809,2,811,2
2021-01-10,El Dorado,017,186661,7630,6904,465,7369,36
2021-01-10,Fresno,019,978130,81776,75621,5874,81495,775
2021-01-10,Glenn,021,27897,1906,1746,358,2104,9
2021-01-10,Humboldt,023,135768,2215,2049,7,2056,22
2021-01-10,Imperial,025,180216,25172,24233,1921,26154,453
2021-01-10,Inyo,027,18085,886,748,8,756,25
2021-01-10,Kern,029,883053,78656,73712,6733,80445,679
2021-01-10,Kings,031,150075,18759,17812,692,18504,108
2021-01-10,Lake,033,64148,2445,2174,0,2174,26
2021-01-10,Lassen,035,31185,4709,4642,68,4710,1
2021-01-10,Los Angeles,037,10098052,978050,901783,29712,931495,12170
2021-01-10,Madera,039,155013,13100,12179,592,12771,85
2021-01-10,Marin,041,260295,11283,10737,109,10846,155
2021-01-10,Mariposa,043,17540,319,291,2,293,3
2021-01-10,Mendocino,045,87422,2934,2706,43,2749,31
2021-01-10,Merced,047,269075,22826,21691,523,22214,238
2021-01-10,Modoc,049,8938,288,271,79,350,0
2021-01-10,Mono,051,14174,1043,965,13,978,3
2021-01-10,Monterey,053,433212,34175,32571,934,33505,237
2021-01-10,Napa,055,140530,7273,6687,27,6714,36
2021-01-10,Nevada,057,99092,3208,2959,116,3075,17
2021-01-10,Orange,059,3164182,205529,193766,8191,201957,2104
2021-01-10,Placer,061,380077,17403,15779,779,16558,163
2021-01-10,Plumas,063,18699,554,477,9,486,2
2021-01-10,Riverside,065,2383286,235202,219486,10934,230420,2216
2021-01-10,Sacramento,067,1510023,77823,75394,817,76211,965
2021-01-10,San Benito,069,59416,4659,4434,41,4475,34
2021-01-10,San Bernardino,071,2135413,246907,232171,6920,239091,1736
2021-01-10,San Diego,073,3302833,209251,191886,9647,201533,1857
2021-01-10,San Francisco,075,870044,28148,27054,382,27436,238
2021-01-10,San Joaquin,077,732212,55312,52535,2090,54625,725
2021-01-10,San Luis Obispo,079,281455,15132,13968,352,14320,122
2021-01-10,San Mateo,081,765935,31781,28972,174,29146,206
2021-01-10,Santa Barbara,083,443738,23379,21290,657,21947,200
2021-01-10,Santa Clara,085,1922200,89565,83779,375,84154,858
2021-01-10,Santa Cruz,087,273765,12298,10951,499,11450,106
2021-01-10,Shasta,089,179085,9418,8936,901,9837,81
2021-01-10,Sierra,091,2930,40,32,6,38,0
2021-01-10,Siskiyou,093,43540,1191,1075,152,1227,3
2021-01-10,Solano,095,438530,24232,22621,252,22873,101
2021-01-10,Sonoma,097,501317,22924,21925,116,22041,204
2021-01-10,Stanislaus,099,539301,41323,38809,3942,42751,571
2021-01-10,Sutter,101,95872,7435,7133,54,7187,71
2021-01-10,Tehama,103,63373,3701,3504,374,3878,17
2021-01-10,Trinity,105,12862,437,253,60,313,2
2021-01-10,Tulare,107,460477,40557,38012,4985,42997,497
2021-01-10,Tuolumne,109,53932,3173,3143,30,3173,27
2021-01-10,Ventura,111,848112,57650,53095,1973,55068,319
2021-01-10,Yolo,113,214977,10458,9610,84,9694,129
2021-01-10,Yuba,115,75493,4570,4300,43,4343,27
2021-01-09,Alameda,001,1643700,64382,60125,1274,61399,649
2021-01-09,Alpine,002,1148,73,70,0,70,0
2021-01-09,Amador,005,37829,2950,2809,24,2833,24
2021-01-09,Butte,007,227075,9364,8552,1213,9765,118
2021-01-09,Calaveras,009,45235,1471,1425,7,1432,21
2021-01-09,Colusa,011,21464,1543,1468,141,1609,7
2021-01-09,Contra Costa,013,1133247,50010,46406,770,47176,393
2021-01-09,Del Norte,015,27424,845,802,2,804,2
2021-01-09,El Dorado,017,186661,7596,6800,462,7262,36
2021-01-09,Fresno,019,978130,81366,74816,5834,80650,773
2021-01-09,Glenn,021,27897,1891,1707,355,2062,9
2021-01-09,Humboldt,023,135768,2197,2026,7,2033,22
2021-01-09,Imperial,025,180216,25103,24028,1908,25936,448
2021-01-09,Inyo,027,18085,877,734,8,742,25
2021-01-09,Kern,029,883053,78187,73015,6656,79671,677
2021-01-09,Kings,031,150075,18664,17679,688,18367,108
2021-01-09,Lake,033,64148,2409,2144,0,2144,26
2021-01-09,Lassen,035,31185,4697,4613,68,4681,1
2021-01-09,Los Angeles,037,10098052,972469,887949,29288,917237,12011
2021-01-09,Madera,039,155013,13005,12063,586,12649,85
2021-01-09,Marin,041,260295,11222,10634,108,10742,154
2021-01-09,Mariposa,043,17540,316,287,2,289,3
2021-01-09,Mendocino,045,87422,2916,2664,43,2707,31
2021-01-09,Merced,047,269075,22684,21357,514,21871,237
2021-01-09,Modoc,049,8938,288,271,78,349,0
2021-01-09,Mono,051,14174,1038,964,13,977,3
2021-01-09,Monterey,053,433212,34025,31948,924,32872,235
2021-01-09,Napa,055,140530,7203,6594,24,6618,36
2021-01-09,Nevada,057,99092,3186,2932,113,3045,17
2021-01-09,Orange,059,3164182,204010,191004,8099,199103,2034
2021-01-09,Placer,061,380077,17296,15609,777,16386,162
2021-01-09,Plumas,063,18699,552,477,9,486,2
2021-01-09,Riverside,065,2383286,233447,216076,10798,226874,2201
2021-01-09,Sacramento,067,1510023,77290,74482,812,75294,953
2021-01-09,San Benito,069,59416,4607,4335,41,4376,34
2021-01-09,San Bernardino,071,2135413,245683,228857,6853,235710,1714
2021-01-09,San Diego,073,3302833,207557,188598,9527,198125,1824
2021-01-09,San Francisco,075,870044,27978,26708,341,27049,235
2021-01-09,San Joaquin,077,732212,54984,51927,2071,53998,724
2021-01-09,San Luis Obispo,079,281455,15008,13647,341,13988,121
2021-01-09,San Mateo,081,765935,31482,28512,167,28679,205
2021-01-09,Santa Barbara,083,443738,23167,20971,652,21623,197
2021-01-09,Santa Clara,085,1922200,88725,82269,363,82632,808
2021-01-09,Santa Cruz,087,273765,12203,10717,493,11210,107
2021-01-09,Shasta,089,179085,9385,8893,897,9790,81
2021-01-09,Sierra,091,2930,38,32,6,38,0
2021-01-09,Siskiyou,093,43540,1187,1062,147,1209,3
2021-01-09,Solano,095,438530,24069,22226,250,22476,101
2021-01-09,Sonoma,097,501317,22802,21393,116,21509,202
2021-01-09,Stanislaus,099,539301,41032,38403,3908,42311,567
2021-01-09,Sutter,101,95872,7399,7072,53,7125,69
2021-01-09,Tehama,103,63373,3669,3451,363,3814,15
2021-01-09,Trinity,105,12862,437,252,60,312,2
2021-01-09,Tulare,107,460477,40306,37684,4921,42605,496
2021-01-09,Tuolumne,109,53932,3165,3117,29,3146,26
2021-01-09,Ventura,111,848112,56822,51988,1947,53935,306
2021-01-09,Yolo,113,214977,10387,9524,83,9607,129
2021-01-09,Yuba,115,75493,4539,4265,43,4308,27
2021-01-08,Alameda,001,1643700,63819,59172,1265,60437,646
2021-01-08,Alpine,002,1148,73,70,0,70,0
2021-01-08,Amador,005,37829,2943,2792,24,2816,24
2021-01-08,Butte,007,227075,9304,8430,1198,9628,115
2021-01-08,Calaveras,009,45235,1457,1385,7,1392,21
2021-01-08,Colusa,011,21464,1531,1448,140,1588,7
2021-01-08,Contra Costa,013,1133247,49474,45667,766,46433,381
2021-01-08,Del Norte,015,27424,843,795,2,797,2
2021-01-08,El Dorado,017,186661,7526,6690,450,7140,36
2021-01-08,Fresno,019,978130,80554,73689,5776,79465,771
2021-01-08,Glenn,021,27897,1876,1680,350,2030,9
2021-01-08,Humboldt,023,135768,2173,1988,7,1995,22
2021-01-08,Imperial,025,180216,25038,23751,1893,25644,446
2021-01-08,Inyo,027,18085,862,682,8,690,24
2021-01-08,Kern,029,883053,77623,71978,6583,78561,674
2021-01-08,Kings,031,150075,18536,17441,683,18124,108
2021-01-08,Lake,033,64148,2381,2098,0,2098,26
2021-01-08,Lassen,035,31185,4689,4598,66,4664,1
2021-01-08,Los Angeles,037,10098052,961655,871188,28872,900060,11796
2021-01-08,Madera,039,155013,12855,11846,577,12423,85
2021-01-08,Marin,041,260295,11130,10531,108,10639,153
2021-01-08,Mariposa,043,17540,315,273,2,275,3
2021-01-08,Mendocino,045,87422,2897,2634,40,2674,31
2021-01-08,Merced,047,269075,22490,20862,508,21370,236
2021-01-08,Modoc,049,8938,288,266,78,344,0
2021-01-08,Mono,051,14174,1028,951,13,964,3
2021-01-08,Monterey,053,433212,33773,31543,914,32457,224
2021-01-08,Napa,055,140530,7132,6544,24,6568,32
2021-01-08,Nevada,057,99092,3164,2888,113,3001,17
2021-01-08,Orange,059,3164182,202011,186608,8013,194621,1991
2021-01-08,Placer,061,380077,17163,15401,770,16171,161
2021-01-08,Plumas,063,18699,546,465,9,474,2
2021-01-08,Riverside,065,2383286,231039,212122,10675,222797,2184
2021-01-08,Sacramento,067,1510023,76717,73245,806,74051,939
2021-01-08,San Benito,069,59416,4570,4225,40,4265,33
2021-01-08,San Bernardino,071,2135413,243803,224267,6782,231049,1703
2021-01-08,San Diego,073,3302833,205019,185060,9434,194494,1771
2021-01-08,San Francisco,075,870044,27728,26378,319,26697,207
2021-01-08,San Joaquin,077,732212,54659,50990,2043,53033,710
2021-01-08,San Luis Obispo,079,281455,14875,13286,329,13615,119
2021-01-08,San Mateo,081,765935,31133,28072,165,28237,204
2021-01-08,Santa Barbara,083,443738,22881,20461,647,21108,189
2021-01-08,Santa Clara,085,1922200,87781,80561,360,80921,789
2021-01-08,Santa Cruz,087,273765,12061,10486,485,10971,106
2021-01-08,Shasta,089,179085,9335,8772,882,9654,81
2021-01-08,Sierra,091,2930,38,31,6,37,0
2021-01-08,Siskiyou,093,43540,1184,1027,146,1173,3
2021-01-08,Solano,095,438530,23897,21832,247,22079,100
2021-01-08,Sonoma,097,501317,22660,21178,116,21294,201
2021-01-08,Stanislaus,099,539301,40733,37858,3874,41732,566
2021-01-08,Sutter,101,95872,7349,6982,53,7035,68
2021-01-08,Tehama,103,63373,3645,3406,360,3766,15
2021-01-08,Trinity,105,12862,437,247,60,307,2
2021-01-08,Tulare,107,460477,40038,36946,4826,41772,491
2021-01-08,Tuolumne,109,53932,3157,3099,29,3128,19
2021-01-08,Ventura,111,848112,55956,50553,1923,52476,294
2021-01-08,Yolo,113,214977,10298,9391,83,9474,129
2021-01-08,Yuba,115,75493,4497,4195,42,4237,26
2021-01-07,Alameda,001,1643700,62958,57921,1238,59159,632
2021-01-07,Alpine,002,1148,71,70,0,70,0
2021-01-07,Amador,005,37829,2930,2740,23,2763,24
2021-01-07,Butte,007,227075,9207,8278,1177,9455,112
2021-01-07,Calaveras,009,45235,1440,1342,6,1348,21
2021-01-07,Colusa,011,21464,1519,1420,133,1553,7
2021-01-07,Contra Costa,013,1133247,48697,44756,752,45508,376
2021-01-07,Del Norte,015,27424,841,791,2,793,2
2021-01-07,El Dorado,017,186661,7425,6545,440,6985,36
2021-01-07,Fresno,019,978130,79598,72557,5676,78233,765
2021-01-07,Glenn,021,27897,1858,1639,340,1979,9
2021-01-07,Humboldt,023,135768,2146,1954,7,1961,22
2021-01-07,Imperial,025,180216,24858,23608,1842,25450,431
2021-01-07,Inyo,027,18085,850,656,8,664,20
2021-01-07,Kern,029,883053,76761,70953,6435,77388,660
2021-01-07,Kings,031,150075,18410,17238,673,17911,108
2021-01-07,Lake,033,64148,2328,2054,0,2054,26
2021-01-07,Lassen,035,31185,4684,4581,64,4645,1
2021-01-07,Los Angeles,037,10098052,946732,853187,28349,881536,11480
2021-01-07,Madera,039,155013,12700,11644,567,12211,76
2021-01-07,Marin,041,260295,11041,10364,106,10470,153
2021-01-07,Mariposa,043,17540,313,264,2,266,3
2021-01-07,Mendocino,045,87422,2843,2585,35,2620,30
2021-01-07,Merced,047,269075,22169,20510,492,21002,234
2021-01-07,Modoc,049,8938,288,265,78,343,0
2021-01-07,Mono,051,14174,1017,905,13,918,3
2021-01-07,Monterey,053,433212,33268,30903,891,31794,222
2021-01-07,Napa,055,140530,7023,6408,24,6432,32
2021-01-07,Nevada,057,99092,3130,2847,108,2955,17
2021-01-07,Orange,059,3164182,199184,181922,7913,189835,1974
2021-01-07,Placer,061,380077,16984,15155,742,15897,144
2021-01-07,Plumas,063,18699,544,454,9,463,2
2021-01-07,Riverside,065,2383286,227581,208177,10525,218702,2156
2021-01-07,Sacramento,067,1510023,75812,72342,785,73127,919
2021-01-07,San Benito,069,59416,4509,4112,38,4150,33
2021-01-07,San Bernardino,071,2135413,240365,219691,6698,226389,1666
2021-01-07,San Diego,073,3302833,201713,180510,9256,189766,1738
2021-01-07,San Francisco,075,870044,27403,25885,306,26191,202
2021-01-07,San Joaquin,077,732212,53989,50156,2014,52170,689
2021-01-07,San Luis Obispo,079,281455,14636,12810,316,13126,118
2021-01-07,San Mateo,081,765935,30623,27494,162,27656,201
2021-01-07,Santa Barbara,083,443738,22454,19931,636,20567,187
2021-01-07,Santa Clara,085,1922200,86662,78808,356,79164,775
2021-01-07,Santa Cruz,087,273765,11852,10228,477,10705,104
2021-01-07,Shasta,089,179085,9247,8612,874,9486,81
2021-01-07,Sierra,091,2930,38,31,6,37,0
2021-01-07,Siskiyou,093,43540,1179,1010,145,1155,3
2021-01-07,Solano,095,438530,23505,21384,243,21627,100
2021-01-07,Sonoma,097,501317,22399,20857,115,20972,200
2021-01-07,Stanislaus,099,539301,40317,37296,3822,41118,553
2021-01-07,Sutter,101,95872,7290,6890,52,6942,65
2021-01-07,Tehama,103,63373,3621,3330,352,3682,15
2021-01-07,Trinity,105,12862,437,247,60,307,2
2021-01-07,Tulare,107,460477,39651,36397,4696,41093,482
2021-01-07,Tuolumne,109,53932,3137,3068,28,3096,14
2021-01-07,Ventura,111,848112,54795,49083,1895,50978,288
2021-01-07,Yolo,113,214977,10156,9207,81,9288,128
2021-01-07,Yuba,115,75493,4457,4128,42,4170,25
2021-01-06,Alameda,001,1643700,62104,57081,1211,58292,616
2021-01-06,Alpine,002,1148,71,70,0,70,0
2021-01-06,Amador,005,37829,2909,2717,22,2739,24
2021-01-06,Butte,007,227075,9095,8147,1158,9305,110
2021-01-06,Calaveras,009,45235,1417,1321,6,1327,21
2021-01-06,Colusa,011,21464,1499,1385,128,1513,7
2021-01-06,Contra Costa,013,1133247,47900,44054,736,44790,358
2021-01-06,Del Norte,015,27424,835,780,2,782,2
2021-01-06,El Dorado,017,186661,7313,6397,426,6823,35
2021-01-06,Fresno,019,978130,78752,71404,5574,76978,752
2021-01-06,Glenn,021,27897,1832,1622,336,1958,9
2021-01-06,Humboldt,023,135768,2120,1912,7,1919,22
2021-01-06,Imperial,025,180216,24611,23400,1799,25199,431
2021-01-06,Inyo,027,18085,834,630,8,638,20
2021-01-06,Kern,029,883053,75818,69893,6309,76202,646
2021-01-06,Kings,031,150075,18212,17019,654,17673,108
2021-01-06,Lake,033,64148,2294,2033,0,2033,26
2021-01-06,Lassen,035,31185,4672,4560,60,4620,1
2021-01-06,Los Angeles,037,10098052,930769,835052,27668,862720,11285
2021-01-06,Madera,039,155013,12566,11407,560,11967,67
2021-01-06,Marin,041,260295,10918,10282,105,10387,153
2021-01-06,Mariposa,043,17540,310,259,2,261,3
2021-01-06,Mendocino,045,87422,2813,2561,35,2596,30
2021-01-06,Merced,047,269075,21834,20258,477,20735,232
2021-01-06,Modoc,049,8938,288,263,78,341,0
2021-01-06,Mono,051,14174,986,905,13,918,3
2021-01-06,Monterey,053,433212,32667,30387,860,31247,222
2021-01-06,Napa,055,140530,6893,6342,24,6366,32
2021-01-06,Nevada,057,99092,3110,2805,107,2912,15
2021-01-06,Orange,059,3164182,195746,177686,7772,185458,1935
2021-01-06,Placer,061,380077,16797,14940,724,15664,134
2021-01-06,Plumas,063,18699,536,445,9,454,2
2021-01-06,Riverside,065,2383286,223568,203714,10339,214053,2121
2021-01-06,Sacramento,067,1510023,74788,71572,768,72340,909
2021-01-06,San Benito,069,59416,4434,4031,37,4068,32
2021-01-06,San Bernardino,071,2135413,236680,215286,6595,221881,1634
2021-01-06,San Diego,073,3302833,198212,176660,9085,185745,1691
2021-01-06,San Francisco,075,870044,27037,25424,298,25722,199
2021-01-06,San Joaquin,077,732212,53256,49286,1972,51258,673
2021-01-06,San Luis Obispo,079,281455,14242,12305,309,12614,115
2021-01-06,San Mateo,081,765935,30198,27050,159,27209,200
2021-01-06,Santa Barbara,083,443738,21966,19453,627,20080,177
2021-01-06,Santa Clara,085,1922200,85341,77485,349,77834,746
2021-01-06,Santa Cruz,087,273765,11633,9954,459,10413,97
2021-01-06,Shasta,089,179085,9177,8482,867,9349,78
2021-01-06,Sierra,091,2930,37,31,6,37,0
2021-01-06,Siskiyou,093,43540,1167,998,141,1139,3
2021-01-06,Solano,095,438530,23127,21102,240,21342,99
2021-01-06,Sonoma,097,501317,22091,20558,115,20673,196
2021-01-06,Stanislaus,099,539301,39750,36751,3762,40513,553
2021-01-06,Sutter,101,95872,7209,6839,51,6890,59
2021-01-06,Tehama,103,63373,3592,3306,346,3652,15
2021-01-06,Trinity,105,12862,437,246,60,306,2
2021-01-06,Tulare,107,460477,39158,35882,4601,40483,465
2021-01-06,Tuolumne,109,53932,3116,3008,28,3036,14
2021-01-06,Ventura,111,848112,53551,47428,1871,49299,280
2021-01-06,Yolo,113,214977,9991,9083,78,9161,127
2021-01-06,Yuba,115,75493,4407,4097,42,4139,25
2021-01-05,Alameda,001,1643700,60986,56432,1181,57613,602
2021-01-05,Alpine,002,1148,71,70,0,70,0
2021-01-05,Amador,005,37829,2869,2695,22,2717,24
2021-01-05,Butte,007,227075,8956,8008,1131,9139,107
2021-01-05,Calaveras,009,45235,1370,1292,6,1298,21
2021-01-05,Colusa,011,21464,1477,1376,122,1498,7
2021-01-05,Contra Costa,013,1133247,47040,43442,724,44166,353
2021-01-05,Del Norte,015,27424,829,770,2,772,2
2021-01-05,El Dorado,017,186661,7195,6270,405,6675,32
2021-01-05,Fresno,019,978130,77532,70971,5484,76455,741
2021-01-05,Glenn,021,27897,1809,1608,320,1928,9
2021-01-05,Humboldt,023,135768,2084,1884,7,1891,22
2021-01-05,Imperial,025,180216,24440,23165,1758,24923,421
2021-01-05,Inyo,027,18085,820,627,8,635,20
2021-01-05,Kern,029,883053,74740,68257,6174,74431,624
2021-01-05,Kings,031,150075,18014,16860,632,17492,108
2021-01-05,Lake,033,64148,2248,2015,0,2015,25
2021-01-05,Lassen,035,31185,4657,4554,56,4610,1
2021-01-05,Los Angeles,037,10098052,912031,823783,27014,850797,11028
2021-01-05,Madera,039,155013,12396,11359,548,11907,67
2021-01-05,Marin,041,260295,10770,10214,104,10318,151
2021-01-05,Mariposa,043,17540,304,257,2,259,3
2021-01-05,Mendocino,045,87422,2777,2501,35,2536,30
2021-01-05,Merced,047,269075,21482,20051,465,20516,230
2021-01-05,Modoc,049,8938,288,254,78,332,0
2021-01-05,Mono,051,14174,980,896,13,909,3
2021-01-05,Monterey,053,433212,32120,30045,827,30872,213
2021-01-05,Napa,055,140530,6807,6264,24,6288,29
2021-01-05,Nevada,057,99092,3082,2781,106,2887,15
2021-01-05,Orange,059,3164182,192118,174869,7582,182451,1918
2021-01-05,Placer,061,380077,16574,14723,701,15424,133
2021-01-05,Plumas,063,18699,529,428,9,437,2
2021-01-05,Riverside,065,2383286,219443,200439,10170,210609,2069
2021-01-05,Sacramento,067,1510023,73859,70677,742,71419,888
2021-01-05,San Benito,069,59416,4332,3961,35,3996,28
2021-01-05,San Bernardino,071,2135413,232716,212522,6479,219001,1615
2021-01-05,San Diego,073,3302833,194072,172845,8872,181717,1654
2021-01-05,San Francisco,075,870044,26667,24989,282,25271,196
2021-01-05,San Joaquin,077,732212,52398,48969,1928,50897,663
2021-01-05,San Luis Obispo,079,281455,13844,12027,299,12326,106
2021-01-05,San Mateo,081,765935,29717,26486,157,26643,198
2021-01-05,Santa Barbara,083,443738,21519,19063,619,19682,172
2021-01-05,Santa Clara,085,1922200,83794,76355,337,76692,729
2021-01-05,Santa Cruz,087,273765,11360,9753,435,10188,93
2021-01-05,Shasta,089,179085,9070,8345,849,9194,73
2021-01-05,Sierra,091,2930,37,31,6,37,0
2021-01-05,Siskiyou,093,43540,1155,985,139,1124,3
2021-01-05,Solano,095,438530,22719,20860,235,21095,97
2021-01-05,Sonoma,097,501317,21733,20247,114,20361,194
2021-01-05,Stanislaus,099,539301,39207,36363,3711,40074,553
2021-01-05,Sutter,101,95872,7112,6769,50,6819,59
2021-01-05,Tehama,103,63373,3540,3255,342,3597,9
2021-01-05,Trinity,105,12862,437,246,60,306,2
2021-01-05,Tulare,107,460477,38583,35585,4460,40045,455
2021-01-05,Tuolumne,109,53932,3093,2996,23,3019,13
2021-01-05,Ventura,111,848112,52307,46456,1849,48305,264
2021-01-05,Yolo,113,214977,9813,8980,76,9056,127
2021-01-05,Yuba,115,75493,4348,4053,41,4094,21
2021-01-04,Alameda,001,1643700,59765,55899,1147,57046,583
2021-01-04,Alpine,002,1148,71,68,0,68,0
2021-01-04,Amador,005,37829,2829,2596,22,2618,24
2021-01-04,Butte,007,227075,8797,7893,1110,9003,105
2021-01-04,Calaveras,009,45235,1329,1276,5,1281,21
2021-01-04,Colusa,011,21464,1452,1368,108,1476,7
2021-01-04,Contra Costa,013,1133247,46181,43019,700,43719,353
2021-01-04,Del Norte,015,27424,818,770,2,772,2
2021-01-04,El Dorado,017,186661,7061,6152,391,6543,27
2021-01-04,Fresno,019,978130,76265,69871,5386,75257,726
2021-01-04,Glenn,021,27897,1776,1590,315,1905,9
2021-01-04,Humboldt,023,135768,2047,1845,7,1852,22
2021-01-04,Imperial,025,180216,24293,23035,1707,24742,420
2021-01-04,Inyo,027,18085,794,623,8,631,20
2021-01-04,Kern,029,883053,73657,67418,5980,73398,623
2021-01-04,Kings,031,150075,17738,16801,608,17409,108
2021-01-04,Lake,033,64148,2212,1984,0,1984,25
2021-01-04,Lassen,035,31185,4635,4550,55,4605,1
2021-01-04,Los Angeles,037,10098052,891881,813022,26178,839200,10790
2021-01-04,Madera,039,155013,12180,11204,527,11731,67
2021-01-04,Marin,041,260295,10630,10115,102,10217,151
2021-01-04,Mariposa,043,17540,298,253,2,255,3
2021-01-04,Mendocino,045,87422,2737,2460,31,2491,28
2021-01-04,Merced,047,269075,21069,19804,446,20250,230
2021-01-04,Modoc,049,8938,272,250,76,326,0
2021-01-04,Mono,051,14174,969,895,13,908,3
2021-01-04,Monterey,053,433212,31506,29659,806,30465,212
2021-01-04,Napa,055,140530,6666,6187,24,6211,29
2021-01-04,Nevada,057,99092,3044,2765,103,2868,15
2021-01-04,Orange,059,3164182,188234,172458,7460,179918,1918
2021-01-04,Placer,061,380077,16315,14622,688,15310,133
2021-01-04,Plumas,063,18699,519,419,9,428,1
2021-01-04,Riverside,065,2383286,214896,196809,9984,206793,2066
2021-01-04,Sacramento,067,1510023,72805,70164,733,70897,870
2021-01-04,San Benito,069,59416,4219,3914,35,3949,28
2021-01-04,San Bernardino,071,2135413,228448,210868,6331,217199,1615
2021-01-04,San Diego,073,3302833,189498,171031,8676,179707,1598
2021-01-04,San Francisco,075,870044,26281,24753,276,25029,191
2021-01-04,San Joaquin,077,732212,51507,48644,1887,50531,661
2021-01-04,San Luis Obispo,079,281455,13357,11945,292,12237,96
2021-01-04,San Mateo,081,765935,29153,26150,152,26302,198
2021-01-04,Santa Barbara,083,443738,20996,18735,590,19325,165
2021-01-04,Santa Clara,085,1922200,82037,75297,330,75627,727
2021-01-04,Santa Cruz,087,273765,11072,9680,418,10098,85
2021-01-04,Shasta,089,179085,8965,8224,832,9056,72
2021-01-04,Sierra,091,2930,36,30,6,36,0
2021-01-04,Siskiyou,093,43540,1139,980,136,1116,3
2021-01-04,Solano,095,438530,22212,20588,227,20815,97
2021-01-04,Sonoma,097,501317,21395,20210,113,20323,194
2021-01-04,Stanislaus,099,539301,38643,36141,3656,39797,553
2021-01-04,Sutter,101,95872,7016,6712,49,6761,56
2021-01-04,Tehama,103,63373,3471,3190,337,3527,9
2021-01-04,Trinity,105,12862,434,245,60,305,2
2021-01-04,Tulare,107,460477,38043,35060,4361,39421,455
2021-01-04,Tuolumne,109,53932,3068,2987,23,3010,13
2021-01-04,Ventura,111,848112,50804,45014,1829,46843,255
2021-01-04,Yolo,113,214977,9618,8834,75,8909,121
2021-01-04,Yuba,115,75493,4293,4023,41,4064,21
2021-01-03,Alameda,001,1643700,58517,55082,1120,56202,580
2021-01-03,Alpine,002,1148,69,68,0,68,0
2021-01-03,Amador,005,37829,2772,2565,22,2587,24
2021-01-03,Butte,007,227075,8603,7837,1064,8901,105
2021-01-03,Calaveras,009,45235,1292,1249,3,1252,21
2021-01-03,Colusa,011,21464,1424,1337,102,1439,7
2021-01-03,Contra Costa,013,1133247,45295,42432,679,43111,352
2021-01-03,Del Norte,015,27424,807,768,2,770,2
2021-01-03,El Dorado,017,186661,6933,6034,374,6408,27
2021-01-03,Fresno,019,978130,75114,69326,5270,74596,719
2021-01-03,Glenn,021,27897,1751,1581,309,1890,9
2021-01-03,Humboldt,023,135768,2010,1833,7,1840,21
2021-01-03,Imperial,025,180216,24052,22951,1629,24580,419
2021-01-03,Inyo,027,18085,775,615,8,623,20
2021-01-03,Kern,029,883053,72396,66895,5805,72700,609
2021-01-03,Kings,031,150075,17462,16593,579,17172,108
2021-01-03,Lake,033,64148,2166,1976,0,1976,24
2021-01-03,Lassen,035,31185,4602,4531,54,4585,1
2021-01-03,Los Angeles,037,10098052,869815,792168,25147,817315,10633
2021-01-03,Madera,039,155013,11952,11152,504,11656,67
2021-01-03,Marin,041,260295,10480,10034,98,10132,150
2021-01-03,Mariposa,043,17540,291,248,2,250,3
2021-01-03,Mendocino,045,87422,2697,2445,29,2474,24
2021-01-03,Merced,047,269075,20602,19600,420,20020,230
2021-01-03,Modoc,049,8938,268,245,75,320,0
2021-01-03,Mono,051,14174,944,893,13,906,3
2021-01-03,Monterey,053,433212,30916,29357,771,30128,191
2021-01-03,Napa,055,140530,6565,6094,24,6118,29
2021-01-03,Nevada,057,99092,2983,2742,100,2842,15
2021-01-03,Orange,059,3164182,184044,169881,7271,177152,1919
2021-01-03,Placer,061,380077,16064,14319,665,14984,133
2021-01-03,Plumas,063,18699,506,416,9,425,1
2021-01-03,Riverside,065,2383286,210021,195048,9737,204785,2005
2021-01-03,Sacramento,067,1510023,71599,68558,712,69270,859
2021-01-03,San Benito,069,59416,4123,3882,34,3916,28
2021-01-03,San Bernardino,071,2135413,223172,208294,6160,214454,1592
2021-01-03,San Diego,073,3302833,184238,168018,8448,176466,1592
2021-01-03,San Francisco,075,870044,25790,24588,257,24845,193
2021-01-03,San Joaquin,077,732212,50398,47899,1832,49731,661
2021-01-03,San Luis Obispo,079,281455,12889,11636,284,11920,95
2021-01-03,San Mateo,081,765935,28559,25770,145,25915,196
2021-01-03,Santa Barbara,083,443738,20263,18267,576,18843,164
2021-01-03,Santa Clara,085,1922200,80447,74534,324,74858,720
2021-01-03,Santa Cruz,087,273765,10767,9528,403,9931,84
2021-01-03,Shasta,089,179085,8838,8192,792,8984,72
2021-01-03,Sierra,091,2930,36,30,6,36,0
2021-01-03,Siskiyou,093,43540,1106,976,127,1103,3
2021-01-03,Solano,095,438530,21678,20105,221,20326,97
2021-01-03,Sonoma,097,501317,21009,19982,111,20093,193
2021-01-03,Stanislaus,099,539301,37936,35762,3573,39335,553
2021-01-03,Sutter,101,95872,6919,6664,48,6712,53
2021-01-03,Tehama,103,63373,3417,3176,329,3505,9
2021-01-03,Trinity,105,12862,429,243,58,301,2
2021-01-03,Tulare,107,460477,37466,34747,4214,38961,455
2021-01-03,Tuolumne,109,53932,3007,2978,20,2998,13
2021-01-03,Ventura,111,848112,48978,43748,1812,45560,254
2021-01-03,Yolo,113,214977,9457,8674,74,8748,121
2021-01-03,Yuba,115,75493,4242,3966,40,4006,20
2021-01-02,Alameda,001,1643700,57895,54518,1089,55607,581
2021-01-02,Alpine,002,1148,69,68,0,68,0
2021-01-02,Amador,005,37829,2753,2540,22,2562,24
2021-01-02,Butte,007,227075,8497,7750,1043,8793,105
2021-01-02,Calaveras,009,45235,1272,1230,3,1233,21
2021-01-02,Colusa,011,21464,1413,1332,101,1433,7
2021-01-02,Contra Costa,013,1133247,44749,41993,671,42664,352
2021-01-02,Del Norte,015,27424,805,764,2,766,2
2021-01-02,El Dorado,017,186661,6878,5959,370,6329,27
2021-01-02,Fresno,019,978130,74571,68740,5159,73899,717
2021-01-02,Glenn,021,27897,1734,1546,308,1854,9
2021-01-02,Humboldt,023,135768,1983,1815,7,1822,21
2021-01-02,Imperial,025,180216,23964,22867,1597,24464,420
2021-01-02,Inyo,027,18085,764,609,8,617,20
2021-01-02,Kern,029,883053,71676,66457,5693,72150,610
2021-01-02,Kings,031,150075,17368,16515,575,17090,108
2021-01-02,Lake,033,64148,2129,1925,0,1925,24
2021-01-02,Lassen,035,31185,4591,4457,53,4510,1
2021-01-02,Los Angeles,037,10098052,861439,791892,24473,816365,10633
2021-01-02,Madera,039,155013,11837,11039,492,11531,67
2021-01-02,Marin,041,260295,10432,9924,95,10019,151
2021-01-02,Mariposa,043,17540,284,243,2,245,3
2021-01-02,Mendocino,045,87422,2654,2428,28,2456,24
2021-01-02,Merced,047,269075,20460,19395,403,19798,230
2021-01-02,Modoc,049,8938,267,245,75,320,0
2021-01-02,Mono,051,14174,933,884,13,897,3
2021-01-02,Monterey,053,433212,30700,28991,759,29750,191
2021-01-02,Napa,055,140530,6506,5994,24,6018,29
2021-01-02,Nevada,057,99092,2954,2706,96,2802,15
2021-01-02,Orange,059,3164182,181821,168457,7123,175580,1918
2021-01-02,Placer,061,380077,15891,14182,656,14838,133
2021-01-02,Plumas,063,18699,503,413,9,422,1
2021-01-02,Riverside,065,2383286,207375,192069,9511,201580,2008
2021-01-02,Sacramento,067,1510023,70963,67810,694,68504,858
2021-01-02,San Benito,069,59416,4041,3829,34,3863,28
2021-01-02,San Bernardino,071,2135413,221510,206939,6038,212977,1597
2021-01-02,San Diego,073,3302833,181639,164498,8251,172749,1592
2021-01-02,San Francisco,075,870044,25537,24414,249,24663,194
2021-01-02,San Joaquin,077,732212,49995,47310,1804,49114,662
2021-01-02,San Luis Obispo,079,281455,12755,11467,278,11745,95
2021-01-02,San Mateo,081,765935,28222,25483,137,25620,196
2021-01-02,Santa Barbara,083,443738,19974,18135,573,18708,164
2021-01-02,Santa Clara,085,1922200,79271,73662,318,73980,720
2021-01-02,Santa Cruz,087,273765,10612,9340,395,9735,85
2021-01-02,Shasta,089,179085,8772,8154,781,8935,72
2021-01-02,Sierra,091,2930,36,28,6,34,0
2021-01-02,Siskiyou,093,43540,1095,949,125,1074,3
2021-01-02,Solano,095,438530,21474,19805,212,20017,97
2021-01-02,Sonoma,097,501317,20840,19761,111,19872,194
2021-01-02,Stanislaus,099,539301,37603,35431,3509,38940,553
2021-01-02,Sutter,101,95872,6867,6621,48,6669,53
2021-01-02,Tehama,103,63373,3389,3146,325,3471,9
2021-01-02,Trinity,105,12862,426,243,58,301,2
2021-01-02,Tulare,107,460477,37138,34479,4139,38618,455
2021-01-02,Tuolumne,109,53932,2993,2942,18,2960,13
2021-01-02,Ventura,111,848112,47823,43397,1779,45176,254
2021-01-02,Yolo,113,214977,9360,8571,72,8643,122
2021-01-02,Yuba,115,75493,4204,3930,40,3970,21
2021-01-01,Alameda,001,1643700,57247,53518,1075,54593,579
2021-01-01,Alpine,002,1148,69,68,0,68,0
2021-01-01,Amador,005,37829,2727,2513,20,2533,24
2021-01-01,Butte,007,227075,8395,7589,1021,8610,105
2021-01-01,Calaveras,009,45235,1257,1186,3,1189,21
2021-01-01,Colusa,011,21464,1403,1314,99,1413,7
2021-01-01,Contra Costa,013,1133247,44274,41412,651,42063,351
2021-01-01,Del Norte,015,27424,800,758,2,760,2
2021-01-01,El Dorado,017,186661,6785,5832,362,6194,27
2021-01-01,Fresno,019,978130,73497,67484,5075,72559,717
2021-01-01,Glenn,021,27897,1717,1520,299,1819,9
2021-01-01,Humboldt,023,135768,1944,1783,7,1790,21
2021-01-01,Imperial,025,180216,23868,22715,1546,24261,418
2021-01-01,Inyo,027,18085,739,606,8,614,20
2021-01-01,Kern,029,883053,70850,65571,5586,71157,609
2021-01-01,Kings,031,150075,17185,16358,568,16926,108
2021-01-01,Lake,033,64148,2091,1888,0,1888,24
2021-01-01,Lassen,035,31185,4585,4377,53,4430,1
2021-01-01,Los Angeles,037,10098052,847217,775578,23805,799383,10515
2021-01-01,Madera,039,155013,11682,10752,483,11235,66
2021-01-01,Marin,041,260295,10334,9821,94,9915,148
2021-01-01,Mariposa,043,17540,276,236,2,238,3
2021-01-01,Mendocino,045,87422,2600,2400,28,2428,24
2021-01-01,Merced,047,269075,20276,19118,387,19505,229
2021-01-01,Modoc,049,8938,267,241,75,316,0
2021-01-01,Mono,051,14174,915,884,12,896,3
2021-01-01,Monterey,053,433212,30462,28465,750,29215,191
2021-01-01,Napa,055,140530,6421,5899,24,5923,28
2021-01-01,Nevada,057,99092,2930,2663,96,2759,15
2021-01-01,Orange,059,3164182,179027,165440,6980,172420,1893
2021-01-01,Placer,061,380077,15701,13987,641,14628,133
2021-01-01,Plumas,063,18699,498,412,9,421,1
2021-01-01,Riverside,065,2383286,204185,188674,9258,197932,1990
2021-01-01,Sacramento,067,1510023,70365,66956,677,67633,848
2021-01-01,San Benito,069,59416,4004,3773,34,3807,28
2021-01-01,San Bernardino,071,2135413,218746,203651,5908,209559,1590
2021-01-01,San Diego,073,3302833,178566,160071,8072,168143,1592
2021-01-01,San Francisco,075,870044,25259,24145,238,24383,187
2021-01-01,San Joaquin,077,732212,49671,46640,1760,48400,657
2021-01-01,San Luis Obispo,079,281455,12526,11160,270,11430,94
2021-01-01,San Mateo,081,765935,27773,25041,133,25174,194
2021-01-01,Santa Barbara,083,443738,19654,17759,563,18322,164
2021-01-01,Santa Clara,085,1922200,78050,71904,314,72218,680
2021-01-01,Santa Cruz,087,273765,10432,9146,385,9531,84
2021-01-01,Shasta,089,179085,8691,8102,764,8866,72
2021-01-01,Sierra,091,2930,36,26,6,32,0
2021-01-01,Siskiyou,093,43540,1081,944,120,1064,3
2021-01-01,Solano,095,438530,21259,19393,210,19603,97
2021-01-01,Sonoma,097,501317,20644,19513,111,19624,189
2021-01-01,Stanislaus,099,539301,37315,34978,3447,38425,553
2021-01-01,Sutter,101,95872,6810,6553,47,6600,52
2021-01-01,Tehama,103,63373,3331,3079,318,3397,9
2021-01-01,Trinity,105,12862,426,243,58,301,2
2021-01-01,Tulare,107,460477,36729,33994,4051,38045,454
2021-01-01,Tuolumne,109,53932,2976,2909,18,2927,13
2021-01-01,Ventura,111,848112,46330,42026,1753,43779,253
2021-01-01,Yolo,113,214977,9250,8461,69,8530,120
2021-01-01,Yuba,115,75493,4150,3845,39,3884,19
2020-12-31,Alameda,001,1643700,56699,52475,1043,53518,579
2020-12-31,Alpine,002,1148,69,66,0,66,0
2020-12-31,Amador,005,37829,2713,2493,20,2513,24
2020-12-31,Butte,007,227075,8320,7405,1000,8405,105
2020-12-31,Calaveras,009,45235,1246,1161,3,1164,21
2020-12-31,Colusa,011,21464,1391,1301,96,1397,7
2020-12-31,Contra Costa,013,1133247,43870,40512,635,41147,336
2020-12-31,Del Norte,015,27424,799,748,2,750,2
2020-12-31,El Dorado,017,186661,6733,5662,353,6015,26
2020-12-31,Fresno,019,978130,73066,66442,5013,71455,711
2020-12-31,Glenn,021,27897,1689,1484,291,1775,9
2020-12-31,Humboldt,023,135768,1927,1713,7,1720,21
2020-12-31,Imperial,025,180216,23798,22494,1529,24023,417
2020-12-31,Inyo,027,18085,731,591,8,599,20
2020-12-31,Kern,029,883053,70376,64904,5497,70401,609
2020-12-31,Kings,031,150075,17110,16077,559,16636,108
2020-12-31,Lake,033,64148,2070,1848,0,1848,23
2020-12-31,Lassen,035,31185,4579,4340,52,4392,1
2020-12-31,Los Angeles,037,10098052,841871,755844,23354,779198,10320
2020-12-31,Madera,039,155013,11597,10609,475,11084,64
2020-12-31,Marin,041,260295,10282,9731,92,9823,148
2020-12-31,Mariposa,043,17540,274,217,2,219,3
2020-12-31,Mendocino,045,87422,2585,2367,24,2391,24
2020-12-31,Merced,047,269075,20186,18808,377,19185,226
2020-12-31,Modoc,049,8938,267,238,75,313,0
2020-12-31,Mono,051,14174,907,868,12,880,3
2020-12-31,Monterey,053,433212,30232,27720,738,28458,188
2020-12-31,Napa,055,140530,6358,5801,24,5825,28
2020-12-31,Nevada,057,99092,2907,2619,95,2714,15
2020-12-31,Orange,059,3164182,177126,161586,6851,168437,1866
2020-12-31,Placer,061,380077,15545,13708,638,14346,126
2020-12-31,Plumas,063,18699,494,401,8,409,1
2020-12-31,Riverside,065,2383286,202503,184193,9129,193322,1958
2020-12-31,Sacramento,067,1510023,69835,65817,667,66484,830
2020-12-31,San Benito,069,59416,3980,3673,34,3707,28
2020-12-31,San Bernardino,071,2135413,217052,199115,5835,204950,1586
2020-12-31,San Diego,073,3302833,176803,155593,7973,163566,1534
2020-12-31,San Francisco,075,870044,25024,23740,231,23971,183
2020-12-31,San Joaquin,077,732212,49319,45764,1722,47486,646
2020-12-31,San Luis Obispo,079,281455,12411,10846,270,11116,89
2020-12-31,San Mateo,081,765935,27443,24570,127,24697,192
2020-12-31,Santa Barbara,083,443738,19410,17434,556,17990,161
2020-12-31,Santa Clara,085,1922200,77173,70032,309,70341,665
2020-12-31,Santa Cruz,087,273765,10314,8909,373,9282,84
2020-12-31,Shasta,089,179085,8625,7996,754,8750,69
2020-12-31,Sierra,091,2930,36,26,6,32,0
2020-12-31,Siskiyou,093,43540,1065,940,117,1057,3
2020-12-31,Solano,095,438530,21027,18942,209,19151,97
2020-12-31,Sonoma,097,501317,20523,19129,110,19239,188
2020-12-31,Stanislaus,099,539301,37007,34398,3400,37798,552
2020-12-31,Sutter,101,95872,6779,6432,47,6479,51
2020-12-31,Tehama,103,63373,3293,3036,317,3353,9
2020-12-31,Trinity,105,12862,425,241,58,299,2
2020-12-31,Tulare,107,460477,36525,33412,3990,37402,446
2020-12-31,Tuolumne,109,53932,2967,2902,18,2920,12
2020-12-31,Ventura,111,848112,45820,40854,1736,42590,251
2020-12-31,Yolo,113,214977,9161,8295,68,8363,117
2020-12-31,Yuba,115,75493,4113,3799,38,3837,18
2020-12-30,Alameda,001,1643700,55918,50158,990,51148,573
2020-12-30,Alpine,002,1148,69,66,0,66,0
2020-12-30,Amador,005,37829,2693,2418,19,2437,24
2020-12-30,Butte,007,227075,8159,7140,981,8121,103
2020-12-30,Calaveras,009,45235,1221,1135,3,1138,21
2020-12-30,Colusa,011,21464,1373,1289,90,1379,7
2020-12-30,Contra Costa,013,1133247,43321,39601,622,40223,337
2020-12-30,Del Norte,015,27424,794,726,2,728,2
2020-12-30,El Dorado,017,186661,6632,5595,343,5938,27
2020-12-30,Fresno,019,978130,72221,65566,4863,70429,711
2020-12-30,Glenn,021,27897,1658,1471,279,1750,9
2020-12-30,Humboldt,023,135768,1893,1654,7,1661,22
2020-12-30,Imperial,025,180216,23632,22098,1453,23551,412
2020-12-30,Inyo,027,18085,725,572,8,580,20
2020-12-30,Kern,029,883053,69648,63292,5352,68644,604
2020-12-30,Kings,031,150075,16991,15862,550,16412,108
2020-12-30,Lake,033,64148,2051,1731,0,1731,23
2020-12-30,Lassen,035,31185,4570,4300,52,4352,1
2020-12-30,Los Angeles,037,10098052,830950,741907,22686,764593,10046
2020-12-30,Madera,039,155013,11487,10249,464,10713,65
2020-12-30,Marin,041,260295,10188,9569,85,9654,148
2020-12-30,Mariposa,043,17540,270,214,2,216,3
2020-12-30,Mendocino,045,87422,2567,2291,21,2312,24
2020-12-30,Merced,047,269075,19896,18519,367,18886,225
2020-12-30,Modoc,049,8938,264,234,75,309,0
2020-12-30,Mono,051,14174,904,868,12,880,3
2020-12-30,Monterey,053,433212,29602,26977,716,27693,186
2020-12-30,Napa,055,140530,6253,5754,24,5778,28
2020-12-30,Nevada,057,99092,2872,2595,93,2688,15
2020-12-30,Orange,059,3164182,174469,153951,6664,160615,1863
2020-12-30,Placer,061,380077,15314,13540,626,14166,127
2020-12-30,Plumas,063,18699,489,397,8,405,1
2020-12-30,Riverside,065,2383286,199555,176402,8946,185348,1919
2020-12-30,Sacramento,067,1510023,68962,64119,650,64769,847
2020-12-30,San Benito,069,59416,3898,3464,30,3494,29
2020-12-30,San Bernardino,071,2135413,214484,192648,5750,198398,1591
2020-12-30,San Diego,073,3302833,173170,152510,7798,160308,1472
2020-12-30,San Francisco,075,870044,24748,23099,226,23325,182
2020-12-30,San Joaquin,077,732212,48598,44465,1681,46146,634
2020-12-30,San Luis Obispo,079,281455,12142,10542,262,10804,89
2020-12-30,San Mateo,081,765935,27014,24150,123,24273,190
2020-12-30,Santa Barbara,083,443738,19008,16895,535,17430,161
2020-12-30,Santa Clara,085,1922200,75965,67218,305,67523,661
2020-12-30,Santa Cruz,087,273765,10140,8787,364,9151,86
2020-12-30,Shasta,089,179085,8511,7818,740,8558,69
2020-12-30,Sierra,091,2930,36,25,6,31,0
2020-12-30,Siskiyou,093,43540,1058,913,109,1022,3
2020-12-30,Solano,095,438530,20637,18300,206,18506,96
2020-12-30,Sonoma,097,501317,20267,18947,110,19057,191
2020-12-30,Stanislaus,099,539301,36544,33730,3325,37055,526
2020-12-30,Sutter,101,95872,6720,6328,45,6373,51
2020-12-30,Tehama,103,63373,3249,2969,313,3282,9
2020-12-30,Trinity,105,12862,424,231,57,288,2
2020-12-30,Tulare,107,460477,35994,32413,3930,36343,430
2020-12-30,Tuolumne,109,53932,2957,2772,16,2788,12
2020-12-30,Ventura,111,848112,44533,39039,1712,40751,251
2020-12-30,Yolo,113,214977,9053,8067,66,8133,117
2020-12-30,Yuba,115,75493,4045,3612,38,3650,18
2020-12-29,Alameda,001,1643700,54848,50946,955,51901,552
2020-12-29,Alpine,002,1148,69,65,0,65,0
2020-12-29,Amador,005,37829,2641,2388,18,2406,23
2020-12-29,Butte,007,227075,7988,7178,957,8135,98
2020-12-29,Calaveras,009,45235,1177,1111,2,1113,21
2020-12-29,Colusa,011,21464,1352,1272,85,1357,7
2020-12-29,Contra Costa,013,1133247,42551,39225,596,39821,325
2020-12-29,Del Norte,015,27424,787,724,2,726,2
2020-12-29,El Dorado,017,186661,6502,5551,330,5881,22
2020-12-29,Fresno,019,978130,70850,65149,4714,69863,688
2020-12-29,Glenn,021,27897,1624,1454,272,1726,9
2020-12-29,Humboldt,023,135768,1845,1616,7,1623,19
2020-12-29,Imperial,025,180216,23417,22105,1371,23476,407
2020-12-29,Inyo,027,18085,707,571,8,579,19
2020-12-29,Kern,029,883053,68483,63096,5184,68280,589
2020-12-29,Kings,031,150075,16822,15777,538,16315,108
2020-12-29,Lake,033,64148,2020,1805,0,1805,22
2020-12-29,Lassen,035,31185,4555,4288,52,4340,1
2020-12-29,Los Angeles,037,10098052,810737,731907,21864,753771,9786
2020-12-29,Madera,039,155013,11185,10251,451,10702,64
2020-12-29,Marin,041,260295,10046,9595,81,9676,146
2020-12-29,Mariposa,043,17540,262,212,2,214,3
2020-12-29,Mendocino,045,87422,2524,2249,20,2269,24
2020-12-29,Merced,047,269075,19545,18464,351,18815,221
2020-12-29,Modoc,049,8938,261,232,75,307,0
2020-12-29,Mono,051,14174,895,868,12,880,3
2020-12-29,Monterey,053,433212,28951,26894,691,27585,185
2020-12-29,Napa,055,140530,6135,5663,24,5687,28
2020-12-29,Nevada,057,99092,2824,2550,92,2642,15
2020-12-29,Orange,059,3164182,170696,154411,6501,160912,1839
2020-12-29,Placer,061,380077,15101,13392,605,13997,126
2020-12-29,Plumas,063,18699,480,395,8,403,1
2020-12-29,Riverside,065,2383286,194957,177624,8697,186321,1904
2020-12-29,Sacramento,067,1510023,67911,65078,638,65716,820
2020-12-29,San Benito,069,59416,3779,3474,29,3503,25
2020-12-29,San Bernardino,071,2135413,209648,190476,5614,196090,1557
2020-12-29,San Diego,073,3302833,168947,150062,7567,157629,1435
2020-12-29,San Francisco,075,870044,24408,22996,219,23215,178
2020-12-29,San Joaquin,077,732212,47657,44699,1628,46327,622
2020-12-29,San Luis Obispo,079,281455,11846,10387,254,10641,80
2020-12-29,San Mateo,081,765935,26472,23773,111,23884,189
2020-12-29,Santa Barbara,083,443738,18539,16797,509,17306,155
2020-12-29,Santa Clara,085,1922200,74464,67581,301,67882,621
2020-12-29,Santa Cruz,087,273765,9874,8492,355,8847,84
2020-12-29,Shasta,089,179085,8407,7782,725,8507,65
2020-12-29,Sierra,091,2930,34,24,5,29,0
2020-12-29,Siskiyou,093,43540,1043,926,107,1033,3
2020-12-29,Solano,095,438530,20261,18412,201,18613,96
2020-12-29,Sonoma,097,501317,19936,18790,108,18898,187
2020-12-29,Stanislaus,099,539301,36067,33775,3255,37030,508
2020-12-29,Sutter,101,95872,6653,6302,45,6347,50
2020-12-29,Tehama,103,63373,3179,2962,301,3263,9
2020-12-29,Trinity,105,12862,423,241,57,298,2
2020-12-29,Tulare,107,460477,35365,32545,3807,36352,419
2020-12-29,Tuolumne,109,53932,2915,2797,16,2813,12
2020-12-29,Ventura,111,848112,43278,38669,1686,40355,235
2020-12-29,Yolo,113,214977,8923,8124,64,8188,111
2020-12-29,Yuba,115,75493,3966,3723,38,3761,18
2020-12-28,Alameda,001,1643700,53806,50405,935,51340,551
2020-12-28,Alpine,002,1148,68,65,0,65,0
2020-12-28,Amador,005,37829,2571,2255,18,2273,23
2020-12-28,Butte,007,227075,7822,7053,927,7980,86
2020-12-28,Calaveras,009,45235,1154,1102,2,1104,21
2020-12-28,Colusa,011,21464,1326,1255,74,1329,7
2020-12-28,Contra Costa,013,1133247,41609,38872,567,39439,324
2020-12-28,Del Norte,015,27424,778,718,2,720,2
2020-12-28,El Dorado,017,186661,6346,5441,318,5759,18
2020-12-28,Fresno,019,978130,69582,64274,4563,68837,679
2020-12-28,Glenn,021,27897,1590,1435,260,1695,9
2020-12-28,Humboldt,023,135768,1810,1579,7,1586,19
2020-12-28,Imperial,025,180216,23161,22003,1297,23300,405
2020-12-28,Inyo,027,18085,701,569,8,577,19
2020-12-28,Kern,029,883053,67417,62392,4984,67376,579
2020-12-28,Kings,031,150075,16605,15733,520,16253,108
2020-12-28,Lake,033,64148,1980,1785,0,1785,22
2020-12-28,Lassen,035,31185,4448,4284,51,4335,1
2020-12-28,Los Angeles,037,10098052,788373,720699,21082,741781,9544
2020-12-28,Madera,039,155013,11012,10123,431,10554,64
2020-12-28,Marin,041,260295,9939,9546,75,9621,145
2020-12-28,Mariposa,043,17540,238,211,2,213,3
2020-12-28,Mendocino,045,87422,2489,2214,20,2234,23
2020-12-28,Merced,047,269075,19225,18245,333,18578,213
2020-12-28,Modoc,049,8938,256,220,73,293,0
2020-12-28,Mono,051,14174,891,848,12,860,3
2020-12-28,Monterey,053,433212,28102,26529,682,27211,182
2020-12-28,Napa,055,140530,6025,5576,24,5600,26
2020-12-28,Nevada,057,99092,2776,2532,88,2620,15
2020-12-28,Orange,059,3164182,166595,152089,6326,158415,1839
2020-12-28,Placer,061,380077,14761,13234,578,13812,126
2020-12-28,Plumas,063,18699,476,391,8,399,0
2020-12-28,Riverside,065,2383286,190061,174029,8410,182439,1855
2020-12-28,Sacramento,067,1510023,66677,64322,614,64936,813
2020-12-28,San Benito,069,59416,3710,3429,29,3458,24
2020-12-28,San Bernardino,071,2135413,204556,188919,5501,194420,1552
2020-12-28,San Diego,073,3302833,164202,147528,7385,154913,1404
2020-12-28,San Francisco,075,870044,24048,22726,214,22940,178
2020-12-28,San Joaquin,077,732212,46718,44172,1596,45768,618
2020-12-28,San Luis Obispo,079,281455,11496,10260,250,10510,76
2020-12-28,San Mateo,081,765935,25998,23467,107,23574,189
2020-12-28,Santa Barbara,083,443738,18071,16579,497,17076,155
2020-12-28,Santa Clara,085,1922200,72983,66418,294,66712,619
2020-12-28,Santa Cruz,087,273765,9616,8310,345,8655,81
2020-12-28,Shasta,089,179085,8290,7688,712,8400,65
2020-12-28,Sierra,091,2930,32,24,4,28,0
2020-12-28,Siskiyou,093,43540,1027,915,102,1017,3
2020-12-28,Solano,095,438530,19701,18171,194,18365,96
2020-12-28,Sonoma,097,501317,19589,18667,106,18773,185
2020-12-28,Stanislaus,099,539301,35521,33473,3196,36669,507
2020-12-28,Sutter,101,95872,6573,6253,45,6298,49
2020-12-28,Tehama,103,63373,3126,2934,294,3228,9
2020-12-28,Trinity,105,12862,421,240,57,297,2
2020-12-28,Tulare,107,460477,34716,32010,3706,35716,404
2020-12-28,Tuolumne,109,53932,2898,2777,16,2793,12
2020-12-28,Ventura,111,848112,41608,37151,1641,38792,230
2020-12-28,Yolo,113,214977,8770,8031,63,8094,111
2020-12-28,Yuba,115,75493,3911,3679,37,3716,18
2020-12-27,Alameda,001,1643700,52565,49764,909,50673,551
2020-12-27,Alpine,002,1148,66,65,0,65,0
2020-12-27,Amador,005,37829,2451,2218,18,2236,23
2020-12-27,Butte,007,227075,7667,7016,889,7905,86
2020-12-27,Calaveras,009,45235,1108,1097,2,1099,21
2020-12-27,Colusa,011,21464,1301,1253,71,1324,7
2020-12-27,Contra Costa,013,1133247,40664,38428,543,38971,324
2020-12-27,Del Norte,015,27424,754,712,2,714,2
2020-12-27,El Dorado,017,186661,6132,5388,295,5683,18
2020-12-27,Fresno,019,978130,68334,63811,4358,68169,679
2020-12-27,Glenn,021,27897,1562,1434,246,1680,9
2020-12-27,Humboldt,023,135768,1766,1575,7,1582,17
2020-12-27,Imperial,025,180216,22882,21934,1190,23124,405
2020-12-27,Inyo,027,18085,682,565,7,572,18
2020-12-27,Kern,029,883053,66136,61914,4819,66733,568
2020-12-27,Kings,031,150075,16369,15593,486,16079,108
2020-12-27,Lake,033,64148,1931,1769,0,1769,22
2020-12-27,Lassen,035,31185,4371,4230,44,4274,1
2020-12-27,Los Angeles,037,10098052,766839,707260,20219,727479,9476
2020-12-27,Madera,039,155013,10755,10005,421,10426,64
2020-12-27,Marin,041,260295,9819,9477,73,9550,144
2020-12-27,Mariposa,043,17540,231,208,2,210,3
2020-12-27,Mendocino,045,87422,2442,2209,20,2229,23
2020-12-27,Merced,047,269075,18858,18075,318,18393,213
2020-12-27,Modoc,049,8938,247,221,69,290,0
2020-12-27,Mono,051,14174,879,849,12,861,3
2020-12-27,Monterey,053,433212,27539,26322,665,26987,181
2020-12-27,Napa,055,140530,5891,5496,24,5520,26
2020-12-27,Nevada,057,99092,2740,2519,88,2607,15
2020-12-27,Orange,059,3164182,162192,149276,6138,155414,1839
2020-12-27,Placer,061,380077,14466,13017,546,13563,126
2020-12-27,Plumas,063,18699,470,390,8,398,0
2020-12-27,Riverside,065,2383286,185146,171995,8110,180105,1836
2020-12-27,Sacramento,067,1510023,65465,63416,592,64008,811
2020-12-27,San Benito,069,59416,3625,3394,29,3423,24
2020-12-27,San Bernardino,071,2135413,199465,186776,5364,192140,1551
2020-12-27,San Diego,073,3302833,159795,145777,7199,152976,1402
2020-12-27,San Francisco,075,870044,23694,22514,206,22720,178
2020-12-27,San Joaquin,077,732212,45668,43529,1547,45076,618
2020-12-27,San Luis Obispo,079,281455,11088,10154,245,10399,76
2020-12-27,San Mateo,081,765935,25434,23136,104,23240,187
2020-12-27,Santa Barbara,083,443738,17542,16364,470,16834,155
2020-12-27,Santa Clara,085,1922200,71288,65288,288,65576,619
2020-12-27,Santa Cruz,087,273765,9358,8234,337,8571,81
2020-12-27,Shasta,089,179085,8163,7671,690,8361,65
2020-12-27,Sierra,091,2930,32,24,3,27,0
2020-12-27,Siskiyou,093,43540,1017,914,97,1011,3
2020-12-27,Solano,095,438530,19218,17840,189,18029,96
2020-12-27,Sonoma,097,501317,19298,18487,105,18592,185
2020-12-27,Stanislaus,099,539301,34909,33076,3113,36189,506
2020-12-27,Sutter,101,95872,6492,6218,43,6261,48
2020-12-27,Tehama,103,63373,3054,2922,278,3200,9
2020-12-27,Trinity,105,12862,414,240,55,295,2
2020-12-27,Tulare,107,460477,34114,31864,3588,35452,400
2020-12-27,Tuolumne,109,53932,2793,2750,14,2764,12
2020-12-27,Ventura,111,848112,40546,36661,1590,38251,230
2020-12-27,Yolo,113,214977,8580,7919,59,7978,111
2020-12-27,Yuba,115,75493,3848,3665,35,3700,18
2020-12-26,Alameda,001,1643700,51941,49084,896,49980,551
2020-12-26,Alpine,002,1148,66,65,0,65,0
2020-12-26,Amador,005,37829,2437,2189,18,2207,23
2020-12-26,Butte,007,227075,7573,6968,865,7833,86
2020-12-26,Calaveras,009,45235,1102,1084,2,1086,21
2020-12-26,Colusa,011,21464,1291,1240,71,1311,7
2020-12-26,Contra Costa,013,1133247,40186,38008,526,38534,324
2020-12-26,Del Norte,015,27424,749,709,2,711,2
2020-12-26,El Dorado,017,186661,6077,5279,291,5570,18
2020-12-26,Fresno,019,978130,67865,63080,4295,67375,679
2020-12-26,Glenn,021,27897,1541,1413,241,1654,9
2020-12-26,Humboldt,023,135768,1728,1545,7,1552,17
2020-12-26,Imperial,025,180216,22787,21734,1138,22872,405
2020-12-26,Inyo,027,18085,667,554,7,561,18
2020-12-26,Kern,029,883053,65465,61174,4672,65846,564
2020-12-26,Kings,031,150075,16251,15517,482,15999,108
2020-12-26,Lake,033,64148,1891,1710,0,1710,22
2020-12-26,Lassen,035,31185,4350,3981,44,4025,1
2020-12-26,Los Angeles,037,10098052,758260,694149,19733,713882,9424
2020-12-26,Madera,039,155013,10679,9908,409,10317,64
2020-12-26,Marin,041,260295,9780,9413,70,9483,143
2020-12-26,Mariposa,043,17540,230,206,2,208,3
2020-12-26,Mendocino,045,87422,2396,2194,20,2214,23
2020-12-26,Merced,047,269075,18700,17890,313,18203,213
2020-12-26,Modoc,049,8938,244,222,69,291,0
2020-12-26,Mono,051,14174,873,850,12,862,3
2020-12-26,Monterey,053,433212,27401,26010,656,26666,182
2020-12-26,Napa,055,140530,5833,5427,24,5451,26
2020-12-26,Nevada,057,99092,2712,2480,88,2568,15
2020-12-26,Orange,059,3164182,159969,147304,6047,153351,1838
2020-12-26,Placer,061,380077,14294,12816,531,13347,122
2020-12-26,Plumas,063,18699,467,381,8,389,0
2020-12-26,Riverside,065,2383286,182660,169360,7952,177312,1834
2020-12-26,Sacramento,067,1510023,64840,62435,582,63017,807
2020-12-26,San Benito,069,59416,3552,3330,29,3359,24
2020-12-26,San Bernardino,071,2135413,197784,185111,5282,190393,1551
2020-12-26,San Diego,073,3302833,157270,142644,7052,149696,1402
2020-12-26,San Francisco,075,870044,23453,22319,206,22525,177
2020-12-26,San Joaquin,077,732212,45280,42887,1501,44388,618
2020-12-26,San Luis Obispo,079,281455,11001,9945,240,10185,76
2020-12-26,San Mateo,081,765935,25096,22908,99,23007,187
2020-12-26,Santa Barbara,083,443738,17303,16159,464,16623,155
2020-12-26,Santa Clara,085,1922200,70173,64185,286,64471,618
2020-12-26,Santa Cruz,087,273765,9227,8113,328,8441,81
2020-12-26,Shasta,089,179085,8103,7641,678,8319,65
2020-12-26,Sierra,091,2930,32,24,3,27,0
2020-12-26,Siskiyou,093,43540,1010,909,94,1003,2
2020-12-26,Solano,095,438530,18978,17528,189,17717,96
2020-12-26,Sonoma,097,501317,19095,18261,103,18364,184
2020-12-26,Stanislaus,099,539301,34610,32678,3060,35738,505
2020-12-26,Sutter,101,95872,6434,6121,43,6164,48
2020-12-26,Tehama,103,63373,3025,2884,272,3156,9
2020-12-26,Trinity,105,12862,412,237,54,291,2
2020-12-26,Tulare,107,460477,33804,31665,3525,35190,398
2020-12-26,Tuolumne,109,53932,2782,2703,14,2717,12
2020-12-26,Ventura,111,848112,39581,36064,1560,37624,230
2020-12-26,Yolo,113,214977,8478,7785,57,7842,111
2020-12-26,Yuba,115,75493,3816,3599,35,3634,18
2020-12-25,Alameda,001,1643700,51371,48365,881,49246,542
2020-12-25,Alpine,002,1148,66,64,0,64,0
2020-12-25,Amador,005,37829,2394,2172,18,2190,23
2020-12-25,Butte,007,227075,7474,6873,846,7719,85
2020-12-25,Calaveras,009,45235,1099,1062,2,1064,21
2020-12-25,Colusa,011,21464,1278,1219,70,1289,7
2020-12-25,Contra Costa,013,1133247,39699,37480,502,37982,324
2020-12-25,Del Norte,015,27424,747,692,2,694,2
2020-12-25,El Dorado,017,186661,6012,5170,278,5448,16
2020-12-25,Fresno,019,978130,67004,62251,4213,66464,679
2020-12-25,Glenn,021,27897,1525,1390,234,1624,9
2020-12-25,Humboldt,023,135768,1688,1532,7,1539,16
2020-12-25,Imperial,025,180216,22684,21646,1126,22772,405
2020-12-25,Inyo,027,18085,657,546,7,553,18
2020-12-25,Kern,029,883053,64735,60417,4526,64943,562
2020-12-25,Kings,031,150075,16140,15460,478,15938,108
2020-12-25,Lake,033,64148,1872,1669,0,1669,20
2020-12-25,Lassen,035,31185,4335,3926,44,3970,1
2020-12-25,Los Angeles,037,10098052,744588,665600,19079,684679,9292
2020-12-25,Madera,039,155013,10515,9770,403,10173,64
2020-12-25,Marin,041,260295,9728,9375,68,9443,143
2020-12-25,Mariposa,043,17540,224,203,2,205,3
2020-12-25,Mendocino,045,87422,2353,2176,20,2196,23
2020-12-25,Merced,047,269075,18539,17726,305,18031,213
2020-12-25,Modoc,049,8938,243,221,69,290,0
2020-12-25,Mono,051,14174,871,843,12,855,3
2020-12-25,Monterey,053,433212,27125,25788,647,26435,182
2020-12-25,Napa,055,140530,5756,5351,24,5375,26
2020-12-25,Nevada,057,99092,2686,2458,86,2544,15
2020-12-25,Orange,059,3164182,157275,144542,5856,150398,1814
2020-12-25,Placer,061,380077,14109,12660,509,13169,122
2020-12-25,Plumas,063,18699,460,381,8,389,0
2020-12-25,Riverside,065,2383286,179379,166690,7641,174331,1825
2020-12-25,Sacramento,067,1510023,64149,61630,557,62187,796
2020-12-25,San Benito,069,59416,3511,3281,27,3308,24
2020-12-25,San Bernardino,071,2135413,195186,181812,5167,186979,1546
2020-12-25,San Diego,073,3302833,154790,139958,6874,146832,1402
2020-12-25,San Francisco,075,870044,23171,22130,201,22331,175
2020-12-25,San Joaquin,077,732212,44979,42089,1448,43537,614
2020-12-25,San Luis Obispo,079,281455,10818,9749,233,9982,76
2020-12-25,San Mateo,081,765935,24774,22568,97,22665,187
2020-12-25,Santa Barbara,083,443738,17079,15936,457,16393,155
2020-12-25,Santa Clara,085,1922200,69036,63173,277,63450,612
2020-12-25,Santa Cruz,087,273765,9077,8018,307,8325,81
2020-12-25,Shasta,089,179085,8029,7612,655,8267,65
2020-12-25,Sierra,091,2930,32,24,3,27,0
2020-12-25,Siskiyou,093,43540,1004,905,92,997,2
2020-12-25,Solano,095,438530,18799,17280,187,17467,96
2020-12-25,Sonoma,097,501317,18920,18035,101,18136,184
2020-12-25,Stanislaus,099,539301,34328,32290,3005,35295,498
2020-12-25,Sutter,101,95872,6374,6051,42,6093,47
2020-12-25,Tehama,103,63373,2977,2839,259,3098,9
2020-12-25,Trinity,105,12862,408,236,54,290,2
2020-12-25,Tulare,107,460477,33393,31323,3457,34780,398
2020-12-25,Tuolumne,109,53932,2763,2674,14,2688,12
2020-12-25,Ventura,111,848112,38425,35514,1512,37026,230
2020-12-25,Yolo,113,214977,8386,7700,55,7755,111
2020-12-25,Yuba,115,75493,3776,3549,34,3583,17
2020-12-24,Alameda,001,1643700,51015,47527,863,48390,541
2020-12-24,Alpine,002,1148,66,64,0,64,0
2020-12-24,Amador,005,37829,2381,2145,18,2163,23
2020-12-24,Butte,007,227075,7436,6716,830,7546,84
2020-12-24,Calaveras,009,45235,1096,1032,2,1034,21
2020-12-24,Colusa,011,21464,1273,1188,68,1256,7
2020-12-24,Contra Costa,013,1133247,39447,36623,489,37112,311
2020-12-24,Del Norte,015,27424,746,678,2,680,2
2020-12-24,El Dorado,017,186661,5986,5042,270,5312,16
2020-12-24,Fresno,019,978130,66782,61435,4199,65634,663
2020-12-24,Glenn,021,27897,1514,1363,226,1589,9
2020-12-24,Humboldt,023,135768,1665,1516,7,1523,16
2020-12-24,Imperial,025,180216,22621,21545,1116,22661,402
2020-12-24,Inyo,027,18085,655,532,7,539,17
2020-12-24,Kern,029,883053,64447,59601,4513,64114,556
2020-12-24,Kings,031,150075,16100,15211,477,15688,108
2020-12-24,Lake,033,64148,1850,1629,0,1629,20
2020-12-24,Lassen,035,31185,4322,3894,44,3938,1
2020-12-24,Los Angeles,037,10098052,740393,664840,18838,683678,9288
2020-12-24,Madera,039,155013,10466,9547,395,9942,63
2020-12-24,Marin,041,260295,9689,9287,68,9355,143
2020-12-24,Mariposa,043,17540,220,197,2,199,3
2020-12-24,Mendocino,045,87422,2342,2150,20,2170,23
2020-12-24,Merced,047,269075,18469,17485,301,17786,212
2020-12-24,Modoc,049,8938,243,220,68,288,0
2020-12-24,Mono,051,14174,869,817,12,829,3
2020-12-24,Monterey,053,433212,27012,25131,640,25771,180
2020-12-24,Napa,055,140530,5701,5265,24,5289,26
2020-12-24,Nevada,057,99092,2662,2429,86,2515,15
2020-12-24,Orange,059,3164182,155781,141205,5805,147010,1775
2020-12-24,Placer,061,380077,14019,12457,502,12959,121
2020-12-24,Plumas,063,18699,457,376,8,384,0
2020-12-24,Riverside,065,2383286,178443,162435,7601,170036,1816
2020-12-24,Sacramento,067,1510023,63874,60596,555,61151,788
2020-12-24,San Benito,069,59416,3480,3183,27,3210,24
2020-12-24,San Bernardino,071,2135413,194096,176866,5134,182000,1533
2020-12-24,San Diego,073,3302833,153706,136952,6842,143794,1382
2020-12-24,San Francisco,075,870044,22998,21830,198,22028,175
2020-12-24,San Joaquin,077,732212,44812,41324,1430,42754,611
2020-12-24,San Luis Obispo,079,281455,10749,9504,231,9735,77
2020-12-24,San Mateo,081,765935,24579,22093,97,22190,186
2020-12-24,Santa Barbara,083,443738,16974,15644,449,16093,153
2020-12-24,Santa Clara,085,1922200,68347,61742,270,62012,591
2020-12-24,Santa Cruz,087,273765,8998,7856,295,8151,82
2020-12-24,Shasta,089,179085,7988,7540,638,8178,65
2020-12-24,Sierra,091,2930,29,23,1,24,0
2020-12-24,Siskiyou,093,43540,999,900,86,986,2
2020-12-24,Solano,095,438530,18658,16872,182,17054,96
2020-12-24,Sonoma,097,501317,18819,17710,101,17811,183
2020-12-24,Stanislaus,099,539301,34126,31848,2978,34826,498
2020-12-24,Sutter,101,95872,6333,5960,41,6001,47
2020-12-24,Tehama,103,63373,2959,2779,257,3036,9
2020-12-24,Trinity,105,12862,407,235,54,289,2
2020-12-24,Tulare,107,460477,33245,30827,3431,34258,390
2020-12-24,Tuolumne,109,53932,2755,2653,14,2667,12
2020-12-24,Ventura,111,848112,38145,34400,1505,35905,224
2020-12-24,Yolo,113,214977,8344,7566,54,7620,113
2020-12-24,Yuba,115,75493,3745,3483,34,3517,16
2020-12-23,Alameda,001,1643700,50438,46753,835,47588,537
2020-12-23,Alpine,002,1148,66,64,0,64,0
2020-12-23,Amador,005,37829,2312,2108,17,2125,23
2020-12-23,Butte,007,227075,7347,6588,803,7391,84
2020-12-23,Calaveras,009,45235,1087,1002,1,1003,21
2020-12-23,Colusa,011,21464,1262,1167,67,1234,7
2020-12-23,Contra Costa,013,1133247,39051,36190,475,36665,311
2020-12-23,Del Norte,015,27424,738,670,2,672,2
2020-12-23,El Dorado,017,186661,5911,4967,262,5229,14
2020-12-23,Fresno,019,978130,66170,60488,4133,64621,654
2020-12-23,Glenn,021,27897,1500,1349,222,1571,9
2020-12-23,Humboldt,023,135768,1640,1458,7,1465,16
2020-12-23,Imperial,025,180216,22526,21323,1087,22410,399
2020-12-23,Inyo,027,18085,642,517,7,524,17
2020-12-23,Kern,029,883053,63928,58656,4422,63078,549
2020-12-23,Kings,031,150075,16023,14923,474,15397,105
2020-12-23,Lake,033,64148,1833,1595,0,1595,20
2020-12-23,Lassen,035,31185,4312,3865,41,3906,1
2020-12-23,Los Angeles,037,10098052,731318,651958,18322,670280,9146
2020-12-23,Madera,039,155013,10309,9371,380,9751,63
2020-12-23,Marin,041,260295,9629,9199,65,9264,142
2020-12-23,Mariposa,043,17540,218,194,2,196,3
2020-12-23,Mendocino,045,87422,2330,2121,20,2141,23
2020-12-23,Merced,047,269075,18313,17250,293,17543,203
2020-12-23,Modoc,049,8938,239,197,67,264,0
2020-12-23,Mono,051,14174,866,814,12,826,3
2020-12-23,Monterey,053,433212,26711,24856,635,25491,176
2020-12-23,Napa,055,140530,5634,5172,24,5196,25
2020-12-23,Nevada,057,99092,2617,2406,85,2491,15
2020-12-23,Orange,059,3164182,153326,138050,5644,143694,1771
2020-12-23,Placer,061,380077,13809,12213,494,12707,111
2020-12-23,Plumas,063,18699,450,369,8,377,0
2020-12-23,Riverside,065,2383286,176173,158110,7447,165557,1790
2020-12-23,Sacramento,067,1510023,63225,59661,542,60203,779
2020-12-23,San Benito,069,59416,3426,3073,25,3098,24
2020-12-23,San Bernardino,071,2135413,192030,172888,5066,177954,1509
2020-12-23,San Diego,073,3302833,151280,134695,6705,141400,1350
2020-12-23,San Francisco,075,870044,22777,21498,195,21693,174
2020-12-23,San Joaquin,077,732212,44286,35664,1388,37052,602
2020-12-23,San Luis Obispo,079,281455,10607,9267,226,9493,74
2020-12-23,San Mateo,081,765935,24277,21780,95,21875,186
2020-12-23,Santa Barbara,083,443738,16766,15399,424,15823,152
2020-12-23,Santa Clara,085,1922200,67400,60455,265,60720,579
2020-12-23,Santa Cruz,087,273765,8839,7637,277,7914,75
2020-12-23,Shasta,089,179085,7916,7487,632,8119,66
2020-12-23,Sierra,091,2930,27,23,1,24,0
2020-12-23,Siskiyou,093,43540,978,891,85,976,2
2020-12-23,Solano,095,438530,18444,16626,177,16803,95
2020-12-23,Sonoma,097,501317,18614,17397,101,17498,182
2020-12-23,Stanislaus,099,539301,33774,31492,2926,34418,499
2020-12-23,Sutter,101,95872,6266,5871,41,5912,46
2020-12-23,Tehama,103,63373,2941,2737,250,2987,9
2020-12-23,Trinity,105,12862,407,234,53,287,2
2020-12-23,Tulare,107,460477,32933,30315,3391,33706,385
2020-12-23,Tuolumne,109,53932,2716,2540,14,2554,12
2020-12-23,Ventura,111,848112,37747,33377,1476,34853,216
2020-12-23,Yolo,113,214977,8265,7508,54,7562,112
2020-12-23,Yuba,115,75493,3685,3438,34,3472,14
2020-12-22,Alameda,001,1643700,49552,45751,805,46556,534
2020-12-22,Alpine,002,1148,66,64,0,64,0
2020-12-22,Amador,005,37829,2301,1839,17,1856,23
2020-12-22,Butte,007,227075,7218,6467,788,7255,85
2020-12-22,Calaveras,009,45235,1060,988,0,988,21
2020-12-22,Colusa,011,21464,1239,1150,64,1214,7
2020-12-22,Contra Costa,013,1133247,38426,35681,461,36142,301
2020-12-22,Del Norte,015,27424,728,666,2,668,2
2020-12-22,El Dorado,017,186661,5788,4885,250,5135,12
2020-12-22,Fresno,019,978130,65137,59640,4031,63671,640
2020-12-22,Glenn,021,27897,1477,1337,211,1548,9
2020-12-22,Humboldt,023,135768,1607,1440,7,1447,16
2020-12-22,Imperial,025,180216,22337,21128,1045,22173,398
2020-12-22,Inyo,027,18085,621,506,7,513,17
2020-12-22,Kern,029,883053,62975,57816,4287,62103,547
2020-12-22,Kings,031,150075,15881,14855,468,15323,102
2020-12-22,Lake,033,64148,1809,1569,0,1569,20
2020-12-22,Lassen,035,31185,4170,3848,39,3887,1
2020-12-22,Los Angeles,037,10098052,714044,635931,17665,653596,9013
2020-12-22,Madera,039,155013,10195,9187,365,9552,63
2020-12-22,Marin,041,260295,9566,9115,64,9179,142
2020-12-22,Mariposa,043,17540,215,194,2,196,3
2020-12-22,Mendocino,045,87422,2297,2092,19,2111,23
2020-12-22,Merced,047,269075,18067,17012,288,17300,201
2020-12-22,Modoc,049,8938,231,182,66,248,0
2020-12-22,Mono,051,14174,860,786,12,798,3
2020-12-22,Monterey,053,433212,26041,24152,614,24766,176
2020-12-22,Napa,055,140530,5545,5059,24,5083,23
2020-12-22,Nevada,057,99092,2589,2367,84,2451,14
2020-12-22,Orange,059,3164182,149990,134850,5476,140326,1774
2020-12-22,Placer,061,380077,13565,11943,474,12417,105
2020-12-22,Plumas,063,18699,444,360,8,368,0
2020-12-22,Riverside,065,2383286,172365,155059,7181,162240,1777
2020-12-22,Sacramento,067,1510023,62297,57966,523,58489,772
2020-12-22,San Benito,069,59416,3348,2998,25,3023,24
2020-12-22,San Bernardino,071,2135413,187420,169266,4922,174188,1500
2020-12-22,San Diego,073,3302833,147921,132097,6543,138640,1311
2020-12-22,San Francisco,075,870044,22506,21232,191,21423,174
2020-12-22,San Joaquin,077,732212,43524,39423,1340,40763,592
2020-12-22,San Luis Obispo,079,281455,10261,9174,221,9395,69
2020-12-22,San Mateo,081,765935,23950,21382,79,21461,186
2020-12-22,Santa Barbara,083,443738,16500,15189,414,15603,150
2020-12-22,Santa Clara,085,1922200,66222,59192,258,59450,569
2020-12-22,Santa Cruz,087,273765,8656,7471,251,7722,72
2020-12-22,Shasta,089,179085,7837,7371,615,7986,64
2020-12-22,Sierra,091,2930,27,23,0,23,0
2020-12-22,Siskiyou,093,43540,972,880,84,964,2
2020-12-22,Solano,095,438530,18042,16229,174,16403,95
2020-12-22,Sonoma,097,501317,18295,17216,101,17317,180
2020-12-22,Stanislaus,099,539301,33390,30914,2852,33766,499
2020-12-22,Sutter,101,95872,6207,5791,40,5831,46
2020-12-22,Tehama,103,63373,2892,2688,244,2932,9
2020-12-22,Trinity,105,12862,406,231,53,284,2
2020-12-22,Tulare,107,460477,32468,30025,3327,33352,377
2020-12-22,Tuolumne,109,53932,2665,2526,14,2540,12
2020-12-22,Ventura,111,848112,36981,32488,1433,33921,213
2020-12-22,Yolo,113,214977,8153,7388,53,7441,113
2020-12-22,Yuba,115,75493,3637,3379,34,3413,14
2020-12-21,Alameda,001,1643700,48649,44756,779,45535,518
2020-12-21,Alpine,002,1148,65,64,0,64,0
2020-12-21,Amador,005,37829,2224,1815,17,1832,23
2020-12-21,Butte,007,227075,7063,6335,765,7100,81
2020-12-21,Calaveras,009,45235,1030,963,0,963,21
2020-12-21,Colusa,011,21464,1213,1135,59,1194,7
2020-12-21,Contra Costa,013,1133247,37676,35207,425,35632,300
2020-12-21,Del Norte,015,27424,713,660,2,662,2
2020-12-21,El Dorado,017,186661,5643,4805,238,5043,10
2020-12-21,Fresno,019,978130,63987,58568,3889,62457,634
2020-12-21,Glenn,021,27897,1445,1323,203,1526,9
2020-12-21,Humboldt,023,135768,1584,1419,7,1426,16
2020-12-21,Imperial,025,180216,22071,20994,1004,21998,395
2020-12-21,Inyo,027,18085,600,482,7,489,17
2020-12-21,Kern,029,883053,62086,56836,4153,60989,541
2020-12-21,Kings,031,150075,15631,14760,453,15213,100
2020-12-21,Lake,033,64148,1761,1538,0,1538,20
2020-12-21,Lassen,035,31185,4010,3798,37,3835,1
2020-12-21,Los Angeles,037,10098052,694944,624129,17004,641133,8918
2020-12-21,Madera,039,155013,10005,9069,344,9413,63
2020-12-21,Marin,041,260295,9496,9035,64,9099,142
2020-12-21,Mariposa,043,17540,210,186,2,188,3
2020-12-21,Mendocino,045,87422,2266,2066,19,2085,23
2020-12-21,Merced,047,269075,17818,16710,273,16983,198
2020-12-21,Modoc,049,8938,217,181,65,246,0
2020-12-21,Mono,051,14174,848,781,12,793,3
2020-12-21,Monterey,053,433212,25509,23673,600,24273,174
2020-12-21,Napa,055,140530,5459,4952,24,4976,23
2020-12-21,Nevada,057,99092,2556,2337,84,2421,13
2020-12-21,Orange,059,3164182,146587,130444,5324,135768,1772
2020-12-21,Placer,061,380077,13333,11715,455,12170,105
2020-12-21,Plumas,063,18699,440,353,8,361,0
2020-12-21,Riverside,065,2383286,168145,151713,6862,158575,1743
2020-12-21,Sacramento,067,1510023,61278,57064,506,57570,759
2020-12-21,San Benito,069,59416,3279,2921,25,2946,22
2020-12-21,San Bernardino,071,2135413,182607,165086,4756,169842,1476
2020-12-21,San Diego,073,3302833,144470,129716,6380,136096,1284
2020-12-21,San Francisco,075,870044,22215,21086,189,21275,174
2020-12-21,San Joaquin,077,732212,42725,38811,1290,40101,586
2020-12-21,San Luis Obispo,079,281455,10072,9006,216,9222,64
2020-12-21,San Mateo,081,765935,23546,21035,76,21111,185
2020-12-21,Santa Barbara,083,443738,16226,14988,409,15397,149
2020-12-21,Santa Clara,085,1922200,65029,57699,246,57945,570
2020-12-21,Santa Cruz,087,273765,8449,7315,238,7553,69
2020-12-21,Shasta,089,179085,7772,7299,605,7904,64
2020-12-21,Sierra,091,2930,24,23,0,23,0
2020-12-21,Siskiyou,093,43540,965,878,83,961,2
2020-12-21,Solano,095,438530,17583,15878,169,16047,95
2020-12-21,Sonoma,097,501317,18022,17075,98,17173,176
2020-12-21,Stanislaus,099,539301,32933,30437,2776,33213,499
2020-12-21,Sutter,101,95872,6112,5708,40,5748,46
2020-12-21,Tehama,103,63373,2827,2656,235,2891,9
2020-12-21,Trinity,105,12862,404,226,51,277,2
2020-12-21,Tulare,107,460477,31982,29482,3236,32718,373
2020-12-21,Tuolumne,109,53932,2640,2423,12,2435,12
2020-12-21,Ventura,111,848112,35901,31759,1396,33155,212
2020-12-21,Yolo,113,214977,8016,7266,49,7315,109
2020-12-21,Yuba,115,75493,3579,3329,34,3363,14
2020-12-20,Alameda,001,1643700,47765,44004,758,44762,516
2020-12-20,Alpine,002,1148,65,64,0,64,0
2020-12-20,Amador,005,37829,2166,1771,17,1788,23
2020-12-20,Butte,007,227075,6916,6228,727,6955,81
2020-12-20,Calaveras,009,45235,1007,926,0,926,21
2020-12-20,Colusa,011,21464,1184,1121,53,1174,7
2020-12-20,Contra Costa,013,1133247,37074,34798,407,35205,301
2020-12-20,Del Norte,015,27424,691,652,2,654,2
2020-12-20,El Dorado,017,186661,5518,4697,229,4926,10
2020-12-20,Fresno,019,978130,63000,57616,3754,61370,634
2020-12-20,Glenn,021,27897,1436,1295,196,1491,9
2020-12-20,Humboldt,023,135768,1547,1386,6,1392,15
2020-12-20,Imperial,025,180216,21831,20882,902,21784,395
2020-12-20,Inyo,027,18085,584,476,7,483,17
2020-12-20,Kern,029,883053,60988,55983,3999,59982,540
2020-12-20,Kings,031,150075,15411,14629,437,15066,100
2020-12-20,Lake,033,64148,1718,1463,0,1463,20
2020-12-20,Lassen,035,31185,3956,3669,35,3704,1
2020-12-20,Los Angeles,037,10098052,676835,612975,16290,629265,8862
2020-12-20,Madera,039,155013,9795,8871,337,9208,63
2020-12-20,Marin,041,260295,9395,8948,61,9009,142
2020-12-20,Mariposa,043,17540,209,179,2,181,3
2020-12-20,Mendocino,045,87422,2241,2033,19,2052,23
2020-12-20,Merced,047,269075,17501,16435,266,16701,198
2020-12-20,Modoc,049,8938,217,181,63,244,0
2020-12-20,Mono,051,14174,830,774,12,786,3
2020-12-20,Monterey,053,433212,25026,23250,562,23812,173
2020-12-20,Napa,055,140530,5338,4865,23,4888,23
2020-12-20,Nevada,057,99092,2510,2289,78,2367,13
2020-12-20,Orange,059,3164182,143097,128780,5176,133956,1763
2020-12-20,Placer,061,380077,13108,11496,437,11933,105
2020-12-20,Plumas,063,18699,432,347,8,355,0
2020-12-20,Riverside,065,2383286,163940,148714,6575,155289,1742
2020-12-20,Sacramento,067,1510023,60279,56017,486,56503,755
2020-12-20,San Benito,069,59416,3208,2885,24,2909,21
2020-12-20,San Bernardino,071,2135413,177599,162810,4599,167409,1458
2020-12-20,San Diego,073,3302833,140752,126465,6210,132675,1280
2020-12-20,San Francisco,075,870044,21898,20937,186,21123,174
2020-12-20,San Joaquin,077,732212,41877,38268,1230,39498,587
2020-12-20,San Luis Obispo,079,281455,9781,8881,210,9091,63
2020-12-20,San Mateo,081,765935,23112,20764,72,20836,185
2020-12-20,Santa Barbara,083,443738,15904,14817,391,15208,148
2020-12-20,Santa Clara,085,1922200,63633,56860,240,57100,566
2020-12-20,Santa Cruz,087,273765,8239,7178,225,7403,69
2020-12-20,Shasta,089,179085,7658,7256,591,7847,64
2020-12-20,Sierra,091,2930,24,22,0,22,0
2020-12-20,Siskiyou,093,43540,956,870,82,952,2
2020-12-20,Solano,095,438530,17200,15533,158,15691,95
2020-12-20,Sonoma,097,501317,17746,16802,97,16899,175
2020-12-20,Stanislaus,099,539301,32402,29995,2677,32672,498
2020-12-20,Sutter,101,95872,6025,5601,40,5641,43
2020-12-20,Tehama,103,63373,2779,2602,216,2818,9
2020-12-20,Trinity,105,12862,396,221,50,271,2
2020-12-20,Tulare,107,460477,31465,29078,3143,32221,373
2020-12-20,Tuolumne,109,53932,2532,2152,11,2163,12
2020-12-20,Ventura,111,848112,35200,31335,1364,32699,210
2020-12-20,Yolo,113,214977,7864,7121,46,7167,109
2020-12-20,Yuba,115,75493,3529,3254,32,3286,12
2020-12-19,Alameda,001,1643700,47316,43109,751,43860,516
2020-12-19,Alpine,002,1148,65,64,0,64,0
2020-12-19,Amador,005,37829,2142,1754,17,1771,23
2020-12-19,Butte,007,227075,6816,6118,705,6823,81
2020-12-19,Calaveras,009,45235,990,900,0,900,21
2020-12-19,Colusa,011,21464,1176,1096,50,1146,7
2020-12-19,Contra Costa,013,1133247,36746,34321,393,34714,301
2020-12-19,Del Norte,015,27424,689,641,1,642,2
2020-12-19,El Dorado,017,186661,5451,4588,221,4809,10
2020-12-19,Fresno,019,978130,62675,55428,3688,59116,634
2020-12-19,Glenn,021,27897,1401,1286,195,1481,9
2020-12-19,Humboldt,023,135768,1530,1357,6,1363,15
2020-12-19,Imperial,025,180216,21738,20711,856,21567,395
2020-12-19,Inyo,027,18085,577,475,7,482,17
2020-12-19,Kern,029,883053,60504,55118,3893,59011,540
2020-12-19,Kings,031,150075,15332,14474,435,14909,100
2020-12-19,Lake,033,64148,1678,1438,0,1438,20
2020-12-19,Lassen,035,31185,3928,3595,35,3630,1
2020-12-19,Los Angeles,037,10098052,669708,599888,15769,615657,8804
2020-12-19,Madera,039,155013,9694,8717,325,9042,63
2020-12-19,Marin,041,260295,9353,8864,61,8925,142
2020-12-19,Mariposa,043,17540,207,177,2,179,3
2020-12-19,Mendocino,045,87422,2216,2008,19,2027,23
2020-12-19,Merced,047,269075,17362,16230,258,16488,198
2020-12-19,Modoc,049,8938,214,181,63,244,0
2020-12-19,Mono,051,14174,823,766,12,778,3
2020-12-19,Monterey,053,433212,24912,22799,557,23356,172
2020-12-19,Napa,055,140530,5276,4772,23,4795,23
2020-12-19,Nevada,057,99092,2488,2260,78,2338,13
2020-12-19,Orange,059,3164182,141169,125574,5028,130602,1733
2020-12-19,Placer,061,380077,12953,11246,431,11677,105
2020-12-19,Plumas,063,18699,429,343,8,351,0
2020-12-19,Riverside,065,2383286,161952,146703,6344,153047,1737
2020-12-19,Sacramento,067,1510023,59744,55169,472,55641,746
2020-12-19,San Benito,069,59416,3160,2820,23,2843,21
2020-12-19,San Bernardino,071,2135413,176015,159883,4491,164374,1433
2020-12-19,San Diego,073,3302833,138985,122972,6071,129043,1280
2020-12-19,San Francisco,075,870044,21744,20643,186,20829,174
2020-12-19,San Joaquin,077,732212,41473,37340,1182,38522,586
2020-12-19,San Luis Obispo,079,281455,9710,8788,207,8995,63
2020-12-19,San Mateo,081,765935,22903,20393,65,20458,182
2020-12-19,Santa Barbara,083,443738,15748,14667,385,15052,148
2020-12-19,Santa Clara,085,1922200,62783,55540,236,55776,558
2020-12-19,Santa Cruz,087,273765,8133,7054,221,7275,68
2020-12-19,Shasta,089,179085,7606,7221,579,7800,63
2020-12-19,Sierra,091,2930,24,23,0,23,0
2020-12-19,Siskiyou,093,43540,952,853,81,934,2
2020-12-19,Solano,095,438530,17022,15204,155,15359,95
2020-12-19,Sonoma,097,501317,17637,16553,97,16650,175
2020-12-19,Stanislaus,099,539301,32075,29555,2605,32160,498
2020-12-19,Sutter,101,95872,5969,5506,40,5546,41
2020-12-19,Tehama,103,63373,2730,2574,214,2788,9
2020-12-19,Trinity,105,12862,395,219,50,269,2
2020-12-19,Tulare,107,460477,31226,28734,3077,31811,375
2020-12-19,Tuolumne,109,53932,2518,2107,11,2118,12
2020-12-19,Ventura,111,848112,34919,30843,1334,32177,209
2020-12-19,Yolo,113,214977,7789,7025,45,7070,109
2020-12-19,Yuba,115,75493,3499,3168,32,3200,11
2020-12-18,Alameda,001,1643700,46781,42196,735,42931,515
2020-12-18,Alpine,002,1148,65,64,0,64,0
2020-12-18,Amador,005,37829,2125,1727,15,1742,20
2020-12-18,Butte,007,227075,6731,5891,680,6571,81
2020-12-18,Calaveras,009,45235,980,870,0,870,21
2020-12-18,Colusa,011,21464,1167,1068,50,1118,7
2020-12-18,Contra Costa,013,1133247,36454,33610,382,33992,300
2020-12-18,Del Norte,015,27424,684,627,0,627,2
2020-12-18,El Dorado,017,186661,5389,4494,212,4706,10
2020-12-18,Fresno,019,978130,61849,52643,3627,56270,613
2020-12-18,Glenn,021,27897,1384,1264,190,1454,9
2020-12-18,Humboldt,023,135768,1515,1331,6,1337,15
2020-12-18,Imperial,025,180216,21655,20430,810,21240,393
2020-12-18,Inyo,027,18085,558,454,7,461,17
2020-12-18,Kern,029,883053,59844,54220,3808,58028,533
2020-12-18,Kings,031,150075,15206,14284,429,14713,98
2020-12-18,Lake,033,64148,1662,1397,0,1397,20
2020-12-18,Lassen,035,31185,3920,3486,35,3521,1
2020-12-18,Los Angeles,037,10098052,657558,586413,15291,601704,8744
2020-12-18,Madera,039,155013,9591,8609,319,8928,63
2020-12-18,Marin,041,260295,9269,8799,61,8860,142
2020-12-18,Mariposa,043,17540,204,176,2,178,3
2020-12-18,Mendocino,045,87422,2198,1977,19,1996,24
2020-12-18,Merced,047,269075,17281,15956,256,16212,195
2020-12-18,Modoc,049,8938,214,179,63,242,0
2020-12-18,Mono,051,14174,815,731,12,743,3
2020-12-18,Monterey,053,433212,24619,22336,552,22888,165
2020-12-18,Napa,055,140530,5227,4688,23,4711,23
2020-12-18,Nevada,057,99092,2471,2220,77,2297,13
2020-12-18,Orange,059,3164182,138738,121681,4879,126560,1725
2020-12-18,Placer,061,380077,12782,10995,423,11418,104
2020-12-18,Plumas,063,18699,423,336,8,344,0
2020-12-18,Riverside,065,2383286,159110,142375,6082,148457,1733
2020-12-18,Sacramento,067,1510023,59118,53980,456,54436,736
2020-12-18,San Benito,069,59416,3111,2744,23,2767,21
2020-12-18,San Bernardino,071,2135413,173717,154272,4356,158628,1430
2020-12-18,San Diego,073,3302833,136807,120463,5932,126395,1253
2020-12-18,San Francisco,075,870044,21577,20315,180,20495,173
2020-12-18,San Joaquin,077,732212,41116,36484,1153,37637,559
2020-12-18,San Luis Obispo,079,281455,9612,8598,202,8800,62
2020-12-18,San Mateo,081,765935,22590,19971,61,20032,182
2020-12-18,Santa Barbara,083,443738,15607,14361,372,14733,148
2020-12-18,Santa Clara,085,1922200,61886,53992,227,54219,539
2020-12-18,Santa Cruz,087,273765,8014,6838,213,7051,68
2020-12-18,Shasta,089,179085,7568,7114,568,7682,62
2020-12-18,Sierra,091,2930,24,23,0,23,0
2020-12-18,Siskiyou,093,43540,950,840,81,921,2
2020-12-18,Solano,095,438530,16865,14667,151,14818,95
2020-12-18,Sonoma,097,501317,17517,16261,97,16358,173
2020-12-18,Stanislaus,099,539301,31800,28967,2568,31535,490
2020-12-18,Sutter,101,95872,5885,5399,40,5439,39
2020-12-18,Tehama,103,63373,2715,2523,204,2727,9
2020-12-18,Trinity,105,12862,394,215,50,265,2
2020-12-18,Tulare,107,460477,30934,28322,2999,31321,370
2020-12-18,Tuolumne,109,53932,2507,2067,11,2078,12
2020-12-18,Ventura,111,848112,34415,29907,1291,31198,209
2020-12-18,Yolo,113,214977,7720,6901,44,6945,109
2020-12-18,Yuba,115,75493,3439,3097,32,3129,11
2020-12-17,Alameda,001,1643700,45976,41548,710,42258,508
2020-12-17,Alpine,002,1148,65,64,0,64,0
2020-12-17,Amador,005,37829,2077,1703,13,1716,19
2020-12-17,Butte,007,227075,6606,5746,660,6406,78
2020-12-17,Calaveras,009,45235,957,848,0,848,21
2020-12-17,Colusa,011,21464,1156,1053,48,1101,7
2020-12-17,Contra Costa,013,1133247,35921,33006,352,33358,293
2020-12-17,Del Norte,015,27424,678,583,0,583,1
2020-12-17,El Dorado,017,186661,5243,4327,199,4526,9
2020-12-17,Fresno,019,978130,60987,49918,3500,53418,597
2020-12-17,Glenn,021,27897,1360,1244,183,1427,9
2020-12-17,Humboldt,023,135768,1482,1322,6,1328,14
2020-12-17,Imperial,025,180216,21493,20208,745,20953,391
2020-12-17,Inyo,027,18085,540,450,6,456,16
2020-12-17,Kern,029,883053,58887,53683,3673,57356,526
2020-12-17,Kings,031,150075,15103,14057,414,14471,98
2020-12-17,Lake,033,64148,1633,1374,0,1374,20
2020-12-17,Lassen,035,31185,3884,3417,35,3452,1
2020-12-17,Los Angeles,037,10098052,641875,571093,14757,585850,8657
2020-12-17,Madera,039,155013,9470,8465,315,8780,62
2020-12-17,Marin,041,260295,9207,8721,59,8780,142
2020-12-17,Mariposa,043,17540,200,172,2,174,3
2020-12-17,Mendocino,045,87422,2164,1942,19,1961,23
2020-12-17,Merced,047,269075,17019,15648,248,15896,192
2020-12-17,Modoc,049,8938,211,179,63,242,0
2020-12-17,Mono,051,14174,801,718,12,730,3
2020-12-17,Monterey,053,433212,24100,21951,537,22488,163
2020-12-17,Napa,055,140530,5115,4612,23,4635,23
2020-12-17,Nevada,057,99092,2430,2173,74,2247,13
2020-12-17,Orange,059,3164182,135371,118367,4747,123114,1725
2020-12-17,Placer,061,380077,12508,10756,409,11165,99
2020-12-17,Plumas,063,18699,414,324,8,332,0
2020-12-17,Riverside,065,2383286,155237,139325,5868,145193,1696
2020-12-17,Sacramento,067,1510023,58211,53189,434,53623,721
2020-12-17,San Benito,069,59416,3042,2645,22,2667,20
2020-12-17,San Bernardino,071,2135413,169774,149838,4240,154078,1425
2020-12-17,San Diego,073,3302833,134007,116852,5776,122628,1239
2020-12-17,San Francisco,075,870044,21287,19939,175,20114,170
2020-12-17,San Joaquin,077,732212,40388,35894,1119,37013,554
2020-12-17,San Luis Obispo,079,281455,9493,8365,201,8566,59
2020-12-17,San Mateo,081,765935,22220,19647,61,19708,181
2020-12-17,Santa Barbara,083,443738,15374,14207,365,14572,147
2020-12-17,Santa Clara,085,1922200,60696,52559,221,52780,527
2020-12-17,Santa Cruz,087,273765,7858,6687,200,6887,64
2020-12-17,Shasta,089,179085,7492,7000,549,7549,62
2020-12-17,Sierra,091,2930,23,23,0,23,0
2020-12-17,Siskiyou,093,43540,942,827,80,907,2
2020-12-17,Solano,095,438530,16551,14361,148,14509,96
2020-12-17,Sonoma,097,501317,17245,15993,96,16089,171
2020-12-17,Stanislaus,099,539301,31381,28582,2508,31090,489
2020-12-17,Sutter,101,95872,5787,5309,38,5347,39
2020-12-17,Tehama,103,63373,2666,2480,198,2678,9
2020-12-17,Trinity,105,12862,389,213,50,263,2
2020-12-17,Tulare,107,460477,30533,27852,2920,30772,358
2020-12-17,Tuolumne,109,53932,2214,1992,11,2003,11
2020-12-17,Ventura,111,848112,33805,29404,1255,30659,208
2020-12-17,Yolo,113,214977,7599,6800,43,6843,105
2020-12-17,Yuba,115,75493,3379,3035,31,3066,12
2020-12-16,Alameda,001,1643700,45120,40751,686,41437,497
2020-12-16,Alpine,002,1148,65,64,0,64,0
2020-12-16,Amador,005,37829,2030,1693,12,1705,19
2020-12-16,Butte,007,227075,6417,5659,633,6292,76
2020-12-16,Calaveras,009,45235,922,821,0,821,21
2020-12-16,Colusa,011,21464,1143,1038,45,1083,7
2020-12-16,Contra Costa,013,1133247,35363,32429,333,32762,293
2020-12-16,Del Norte,015,27424,676,575,0,575,1
2020-12-16,El Dorado,017,186661,5122,4237,190,4427,9
2020-12-16,Fresno,019,978130,60033,49173,3404,52577,584
2020-12-16,Glenn,021,27897,1342,1236,172,1408,9
2020-12-16,Humboldt,023,135768,1450,1308,5,1313,12
2020-12-16,Imperial,025,180216,21311,19980,681,20661,388
2020-12-16,Inyo,027,18085,527,444,6,450,16
2020-12-16,Kern,029,883053,58010,52896,3544,56440,522
2020-12-16,Kings,031,150075,14923,13734,398,14132,99
2020-12-16,Lake,033,64148,1594,1363,0,1363,20
2020-12-16,Lassen,035,31185,3851,3396,34,3430,1
2020-12-16,Los Angeles,037,10098052,625333,557907,14095,572002,8561
2020-12-16,Madera,039,155013,9344,8278,307,8585,62
2020-12-16,Marin,041,260295,9136,8641,59,8700,142
2020-12-16,Mariposa,043,17540,197,175,2,177,3
2020-12-16,Mendocino,045,87422,2129,1929,19,1948,23
2020-12-16,Merced,047,269075,16735,15443,245,15688,190
2020-12-16,Modoc,049,8938,208,178,63,241,0
2020-12-16,Mono,051,14174,782,702,12,714,3
2020-12-16,Monterey,053,433212,23540,21107,526,21633,163
2020-12-16,Napa,055,140530,5017,4544,23,4567,23
2020-12-16,Nevada,057,99092,2394,2149,72,2221,13
2020-12-16,Orange,059,3164182,131892,115260,4581,119841,1712
2020-12-16,Placer,061,380077,12271,10554,388,10942,96
2020-12-16,Plumas,063,18699,405,319,8,327,0
2020-12-16,Riverside,065,2383286,151121,135751,5623,141374,1664
2020-12-16,Sacramento,067,1510023,57239,52166,409,52575,715
2020-12-16,San Benito,069,59416,2952,2582,22,2604,20
2020-12-16,San Bernardino,071,2135413,165167,143565,4106,147671,1403
2020-12-16,San Diego,073,3302833,130903,114248,5622,119870,1217
2020-12-16,San Francisco,075,870044,21028,19624,175,19799,170
2020-12-16,San Joaquin,077,732212,39565,35010,1079,36089,547
2020-12-16,San Luis Obispo,079,281455,9298,8252,192,8444,58
2020-12-16,San Mateo,081,765935,21895,19292,57,19349,179
2020-12-16,Santa Barbara,083,443738,15122,13966,353,14319,144
2020-12-16,Santa Clara,085,1922200,59444,51502,218,51720,523
2020-12-16,Santa Cruz,087,273765,7670,6536,189,6725,63
2020-12-16,Shasta,089,179085,7419,6914,526,7440,62
2020-12-16,Sierra,091,2930,23,23,0,23,0
2020-12-16,Siskiyou,093,43540,934,818,80,898,2
2020-12-16,Solano,095,438530,16080,14157,144,14301,96
2020-12-16,Sonoma,097,501317,16990,15768,96,15864,170
2020-12-16,Stanislaus,099,539301,30888,28279,2437,30716,489
2020-12-16,Sutter,101,95872,5708,5223,38,5261,39
2020-12-16,Tehama,103,63373,2631,2441,174,2615,9
2020-12-16,Trinity,105,12862,383,212,50,262,2
2020-12-16,Tulare,107,460477,30106,27500,2830,30330,352
2020-12-16,Tuolumne,109,53932,2171,1941,11,1952,11
2020-12-16,Ventura,111,848112,33032,28566,1213,29779,203
2020-12-16,Yolo,113,214977,7472,6649,42,6691,103
2020-12-16,Yuba,115,75493,3293,2980,30,3010,11
2020-12-15,Alameda,001,1643700,44262,40026,665,40691,492
2020-12-15,Alpine,002,1148,65,64,0,64,0
2020-12-15,Amador,005,37829,1917,1669,10,1679,19
2020-12-15,Butte,007,227075,6278,5565,606,6171,75
2020-12-15,Calaveras,009,45235,890,799,0,799,21
2020-12-15,Colusa,011,21464,1130,1026,44,1070,7
2020-12-15,Contra Costa,013,1133247,34709,31423,319,31742,281
2020-12-15,Del Norte,015,27424,669,564,0,564,1
2020-12-15,El Dorado,017,186661,5014,4113,176,4289,9
2020-12-15,Fresno,019,978130,58661,47316,3270,50586,574
2020-12-15,Glenn,021,27897,1329,1207,156,1363,9
2020-12-15,Humboldt,023,135768,1430,1276,5,1281,12
2020-12-15,Imperial,025,180216,21086,19756,603,20359,380
2020-12-15,Inyo,027,18085,515,394,6,400,16
2020-12-15,Kern,029,883053,56999,52002,3438,55440,511
2020-12-15,Kings,031,150075,14759,13652,379,14031,97
2020-12-15,Lake,033,64148,1568,1341,0,1341,21
2020-12-15,Lassen,035,31185,3679,3378,33,3411,1
2020-12-15,Los Angeles,037,10098052,608929,536258,13469,549727,8429
2020-12-15,Madera,039,155013,9187,8118,300,8418,60
2020-12-15,Marin,041,260295,9032,8528,58,8586,141
2020-12-15,Mariposa,043,17540,193,171,2,173,3
2020-12-15,Mendocino,045,87422,2102,1883,19,1902,24
2020-12-15,Merced,047,269075,16439,15120,241,15361,190
2020-12-15,Modoc,049,8938,206,179,63,242,0
2020-12-15,Mono,051,14174,766,702,12,714,3
2020-12-15,Monterey,053,433212,22942,19905,465,20370,161
2020-12-15,Napa,055,140530,4914,4440,23,4463,23
2020-12-15,Nevada,057,99092,2361,2117,70,2187,11
2020-12-15,Orange,059,3164182,128260,112893,4432,117325,1689
2020-12-15,Placer,061,380077,12037,10301,366,10667,95
2020-12-15,Plumas,063,18699,400,313,8,321,0
2020-12-15,Riverside,065,2383286,147069,131822,5348,137170,1624
2020-12-15,Sacramento,067,1510023,56221,51076,396,51472,703
2020-12-15,San Benito,069,59416,2873,2520,21,2541,19
2020-12-15,San Bernardino,071,2135413,160702,137548,3957,141505,1351
2020-12-15,San Diego,073,3302833,127336,111441,5459,116900,1194
2020-12-15,San Francisco,075,870044,20722,19283,172,19455,171
2020-12-15,San Joaquin,077,732212,38643,33849,1045,34894,537
2020-12-15,San Luis Obispo,079,281455,9189,8074,189,8263,55
2020-12-15,San Mateo,081,765935,21486,18907,55,18962,178
2020-12-15,Santa Barbara,083,443738,14895,13782,345,14127,144
2020-12-15,Santa Clara,085,1922200,58016,50311,215,50526,505
2020-12-15,Santa Cruz,087,273765,7483,6361,176,6537,59
2020-12-15,Shasta,089,179085,7360,6794,501,7295,54
2020-12-15,Sierra,091,2930,23,23,0,23,0
2020-12-15,Siskiyou,093,43540,926,812,79,891,2
2020-12-15,Solano,095,438530,15726,13796,144,13940,95
2020-12-15,Sonoma,097,501317,16769,15406,96,15502,167
2020-12-15,Stanislaus,099,539301,30391,27823,2358,30181,485
2020-12-15,Sutter,101,95872,5609,5080,37,5117,36
2020-12-15,Tehama,103,63373,2593,2392,168,2560,9
2020-12-15,Trinity,105,12862,375,213,48,261,1
2020-12-15,Tulare,107,460477,29606,27026,2743,29769,342
2020-12-15,Tuolumne,109,53932,2141,1874,11,1885,8
2020-12-15,Ventura,111,848112,32410,27936,1166,29102,201
2020-12-15,Yolo,113,214977,7347,6531,40,6571,104
2020-12-15,Yuba,115,75493,3198,2891,29,2920,11
2020-12-14,Alameda,001,1643700,43363,39252,646,39898,487
2020-12-14,Alpine,002,1148,65,63,0,63,0
2020-12-14,Amador,005,37829,1845,1609,10,1619,19
2020-12-14,Butte,007,227075,6110,5202,590,5792,75
2020-12-14,Calaveras,009,45235,852,718,0,718,21
2020-12-14,Colusa,011,21464,1106,949,43,992,7
2020-12-14,Contra Costa,013,1133247,34018,30594,305,30899,281
2020-12-14,Del Norte,015,27424,663,560,0,560,1
2020-12-14,El Dorado,017,186661,4858,4018,160,4178,9
2020-12-14,Fresno,019,978130,57635,44726,3096,47822,560
2020-12-14,Glenn,021,27897,1303,1186,148,1334,9
2020-12-14,Humboldt,023,135768,1417,1256,5,1261,9
2020-12-14,Imperial,025,180216,20847,19608,529,20137,379
2020-12-14,Inyo,027,18085,502,382,6,388,16
2020-12-14,Kern,029,883053,55962,50538,3317,53855,510
2020-12-14,Kings,031,150075,14574,13491,352,13843,97
2020-12-14,Lake,033,64148,1517,1301,0,1301,21
2020-12-14,Lassen,035,31185,3581,2905,30,2935,1
2020-12-14,Los Angeles,037,10098052,591283,524668,12846,537514,8340
2020-12-14,Madera,039,155013,8923,8011,291,8302,60
2020-12-14,Marin,041,260295,8947,8475,57,8532,141
2020-12-14,Mariposa,043,17540,192,171,2,173,3
2020-12-14,Mendocino,045,87422,2081,1845,19,1864,24
2020-12-14,Merced,047,269075,16034,14572,227,14799,189
2020-12-14,Modoc,049,8938,200,180,61,241,0
2020-12-14,Mono,051,14174,758,685,12,697,3
2020-12-14,Monterey,053,433212,22420,19154,459,19613,155
2020-12-14,Napa,055,140530,4821,4289,23,4312,22
2020-12-14,Nevada,057,99092,2324,2070,67,2137,11
2020-12-14,Orange,059,3164182,124378,108602,4296,112898,1688
2020-12-14,Placer,061,380077,11756,9551,355,9906,95
2020-12-14,Plumas,063,18699,388,309,8,317,0
2020-12-14,Riverside,065,2383286,142947,123715,5086,128801,1588
2020-12-14,Sacramento,067,1510023,55114,50304,371,50675,691
2020-12-14,San Benito,069,59416,2807,2467,20,2487,19
2020-12-14,San Bernardino,071,2135413,156253,129151,3831,132982,1347
2020-12-14,San Diego,073,3302833,123601,109578,5274,114852,1162
2020-12-14,San Francisco,075,870044,20352,18904,170,19074,171
2020-12-14,San Joaquin,077,732212,37808,32522,999,33521,534
2020-12-14,San Luis Obispo,079,281455,8944,7791,185,7976,52
2020-12-14,San Mateo,081,765935,20989,18361,52,18413,178
2020-12-14,Santa Barbara,083,443738,14623,13587,337,13924,144
2020-12-14,Santa Clara,085,1922200,56503,49180,204,49384,502
2020-12-14,Santa Cruz,087,273765,7301,6049,161,6210,54
2020-12-14,Shasta,089,179085,7271,6665,483,7148,54
2020-12-14,Sierra,091,2930,23,21,0,21,0
2020-12-14,Siskiyou,093,43540,903,764,73,837,2
2020-12-14,Solano,095,438530,15371,13352,143,13495,93
2020-12-14,Sonoma,097,501317,16462,14807,95,14902,167
2020-12-14,Stanislaus,099,539301,29863,27311,2312,29623,485
2020-12-14,Sutter,101,95872,5506,5001,30,5031,35
2020-12-14,Tehama,103,63373,2551,2344,165,2509,9
2020-12-14,Trinity,105,12862,371,205,46,251,1
2020-12-14,Tulare,107,460477,29127,25735,2654,28389,341
2020-12-14,Tuolumne,109,53932,2088,1647,11,1658,8
2020-12-14,Ventura,111,848112,31487,27436,1108,28544,202
2020-12-14,Yolo,113,214977,7189,6389,39,6428,95
2020-12-14,Yuba,115,75493,3135,2851,29,2880,11
2020-12-13,Alameda,001,1643700,42161,38064,622,38686,486
2020-12-13,Alpine,002,1148,65,63,0,63,0
2020-12-13,Amador,005,37829,1789,1457,9,1466,19
2020-12-13,Butte,007,227075,5961,5103,551,5654,75
2020-12-13,Calaveras,009,45235,818,710,0,710,21
2020-12-13,Colusa,011,21464,1090,945,40,985,7
2020-12-13,Contra Costa,013,1133247,33291,29667,299,29966,281
2020-12-13,Del Norte,015,27424,611,542,0,542,1
2020-12-13,El Dorado,017,186661,4757,3770,151,3921,9
2020-12-13,Fresno,019,978130,56529,44114,2942,47056,559
2020-12-13,Glenn,021,27897,1290,1171,137,1308,9
2020-12-13,Humboldt,023,135768,1394,1238,4,1242,9
2020-12-13,Imperial,025,180216,20565,19472,409,19881,379
2020-12-13,Inyo,027,18085,481,380,6,386,16
2020-12-13,Kern,029,883053,54933,49051,3161,52212,510
2020-12-13,Kings,031,150075,14294,13357,334,13691,97
2020-12-13,Lake,033,64148,1476,1271,0,1271,21
2020-12-13,Lassen,035,31185,3474,2867,25,2892,1
2020-12-13,Los Angeles,037,10098052,573643,517472,12164,529636,8294
2020-12-13,Madera,039,155013,8738,7909,278,8187,60
2020-12-13,Marin,041,260295,8826,8409,57,8466,141
2020-12-13,Mariposa,043,17540,188,167,2,169,3
2020-12-13,Mendocino,045,87422,2047,1793,19,1812,24
2020-12-13,Merced,047,269075,15681,14384,224,14608,189
2020-12-13,Modoc,049,8938,190,179,56,235,0
2020-12-13,Mono,051,14174,742,675,12,687,3
2020-12-13,Monterey,053,433212,21999,18913,445,19358,153
2020-12-13,Napa,055,140530,4714,4194,23,4217,22
2020-12-13,Nevada,057,99092,2277,2030,65,2095,11
2020-12-13,Orange,059,3164182,120437,104768,4123,108891,1688
2020-12-13,Placer,061,380077,11442,9405,337,9742,95
2020-12-13,Plumas,063,18699,382,291,8,299,0
2020-12-13,Riverside,065,2383286,138822,119691,4826,124517,1581
2020-12-13,Sacramento,067,1510023,53846,49480,342,49822,682
2020-12-13,San Benito,069,59416,2738,2408,19,2427,19
2020-12-13,San Bernardino,071,2135413,151356,126718,3676,130394,1333
2020-12-13,San Diego,073,3302833,120001,107372,5105,112477,1162
2020-12-13,San Francisco,075,870044,20016,18686,161,18847,167
2020-12-13,San Joaquin,077,732212,37006,32170,959,33129,534
2020-12-13,San Luis Obispo,079,281455,8753,7625,177,7802,52
2020-12-13,San Mateo,081,765935,20498,18090,46,18136,177
2020-12-13,Santa Barbara,083,443738,14354,13249,323,13572,144
2020-12-13,Santa Clara,085,1922200,55097,47920,196,48116,499
2020-12-13,Santa Cruz,087,273765,7054,5986,151,6137,54
2020-12-13,Shasta,089,179085,7196,6647,457,7104,54
2020-12-13,Sierra,091,2930,23,21,0,21,0
2020-12-13,Siskiyou,093,43540,890,762,68,830,2
2020-12-13,Solano,095,438530,14936,13276,140,13416,93
2020-12-13,Sonoma,097,501317,16149,14495,94,14589,167
2020-12-13,Stanislaus,099,539301,29306,26569,2261,28830,485
2020-12-13,Sutter,101,95872,5379,4798,26,4824,34
2020-12-13,Tehama,103,63373,2507,2325,150,2475,9
2020-12-13,Trinity,105,12862,365,204,46,250,1
2020-12-13,Tulare,107,460477,28644,25496,2576,28072,340
2020-12-13,Tuolumne,109,53932,2026,1611,11,1622,8
2020-12-13,Ventura,111,848112,30488,26588,1048,27636,202
2020-12-13,Yolo,113,214977,7003,6265,33,6298,95
2020-12-13,Yuba,115,75493,3072,2754,26,2780,11
2020-12-12,Alameda,001,1643700,41718,37027,603,37630,486
2020-12-12,Alpine,002,1148,65,63,0,63,0
2020-12-12,Amador,005,37829,1761,1236,8,1244,19
2020-12-12,Butte,007,227075,5888,4972,536,5508,73
2020-12-12,Calaveras,009,45235,808,708,0,708,21
2020-12-12,Colusa,011,21464,1070,945,39,984,7
2020-12-12,Contra Costa,013,1133247,32944,29506,290,29796,281
2020-12-12,Del Norte,015,27424,603,529,0,529,1
2020-12-12,El Dorado,017,186661,4682,3706,135,3841,9
2020-12-12,Fresno,019,978130,56177,43756,2883,46639,559
2020-12-12,Glenn,021,27897,1282,1143,133,1276,8
2020-12-12,Humboldt,023,135768,1375,1208,4,1212,9
2020-12-12,Imperial,025,180216,20476,18947,354,19301,379
2020-12-12,Inyo,027,18085,475,380,6,386,16
2020-12-12,Kern,029,883053,54414,48194,3074,51268,507
2020-12-12,Kings,031,150075,14205,13205,330,13535,96
2020-12-12,Lake,033,64148,1460,1232,0,1232,21
2020-12-12,Lassen,035,31185,3451,2866,22,2888,1
2020-12-12,Los Angeles,037,10098052,566826,504317,11677,515994,8269
2020-12-12,Madera,039,155013,8611,7765,275,8040,59
2020-12-12,Marin,041,260295,8771,8363,56,8419,141
2020-12-12,Mariposa,043,17540,187,164,2,166,3
2020-12-12,Mendocino,045,87422,2011,1771,19,1790,24
2020-12-12,Merced,047,269075,15589,14181,220,14401,188
2020-12-12,Modoc,049,8938,189,169,53,222,0
2020-12-12,Mono,051,14174,735,640,12,652,3
2020-12-12,Monterey,053,433212,21886,18596,416,19012,151
2020-12-12,Napa,055,140530,4669,4113,23,4136,22
2020-12-12,Nevada,057,99092,2259,1981,63,2044,10
2020-12-12,Orange,059,3164182,118539,100468,3979,104447,1674
2020-12-12,Placer,061,380077,11277,9390,332,9722,95
2020-12-12,Plumas,063,18699,376,291,8,299,0
2020-12-12,Riverside,065,2383286,136761,118335,4625,122960,1579
2020-12-12,Sacramento,067,1510023,53264,48319,329,48648,673
2020-12-12,San Benito,069,59416,2683,2355,19,2374,19
2020-12-12,San Bernardino,071,2135413,149723,125741,3574,129315,1321
2020-12-12,San Diego,073,3302833,118380,104958,5008,109966,1151
2020-12-12,San Francisco,075,870044,19819,18413,157,18570,167
2020-12-12,San Joaquin,077,732212,36678,32200,929,33129,534
2020-12-12,San Luis Obispo,079,281455,8654,7462,171,7633,50
2020-12-12,San Mateo,081,765935,20277,17574,45,17619,177
2020-12-12,Santa Barbara,083,443738,14202,13174,315,13489,144
2020-12-12,Santa Clara,085,1922200,54162,45892,193,46085,498
2020-12-12,Santa Cruz,087,273765,6956,5905,142,6047,54
2020-12-12,Shasta,089,179085,7163,6551,439,6990,54
2020-12-12,Sierra,091,2930,23,21,0,21,0
2020-12-12,Siskiyou,093,43540,888,762,65,827,2
2020-12-12,Solano,095,438530,14742,12748,133,12881,93
2020-12-12,Sonoma,097,501317,16028,14466,94,14560,166
2020-12-12,Stanislaus,099,539301,29001,26246,2211,28457,483
2020-12-12,Sutter,101,95872,5317,4717,26,4743,32
2020-12-12,Tehama,103,63373,2489,2252,145,2397,9
2020-12-12,Trinity,105,12862,363,204,44,248,1
2020-12-12,Tulare,107,460477,28379,25333,2517,27850,341
2020-12-12,Tuolumne,109,53932,1982,1536,11,1547,8
2020-12-12,Ventura,111,848112,30043,25955,1015,26970,202
2020-12-12,Yolo,113,214977,6920,6116,31,6147,95
2020-12-12,Yuba,115,75493,3045,2692,25,2717,10
2020-12-11,Alameda,001,1643700,41151,36281,591,36872,482
2020-12-11,Alpine,002,1148,65,63,0,63,0
2020-12-11,Amador,005,37829,1745,1213,8,1221,19
2020-12-11,Butte,007,227075,5815,4941,518,5459,73
2020-12-11,Calaveras,009,45235,792,697,0,697,21
2020-12-11,Colusa,011,21464,1060,923,37,960,7
2020-12-11,Contra Costa,013,1133247,32513,29036,287,29323,282
2020-12-11,Del Norte,015,27424,595,505,0,505,1
2020-12-11,El Dorado,017,186661,4601,3669,120,3789,9
2020-12-11,Fresno,019,978130,55165,43071,2817,45888,550
2020-12-11,Glenn,021,27897,1266,1135,129,1264,8
2020-12-11,Humboldt,023,135768,1357,1190,4,1194,9
2020-12-11,Imperial,025,180216,20386,18599,310,18909,377
2020-12-11,Inyo,027,18085,465,372,6,378,16
2020-12-11,Kern,029,883053,53736,47664,3011,50675,502
2020-12-11,Kings,031,150075,14061,13118,326,13444,94
2020-12-11,Lake,033,64148,1443,1205,0,1205,21
2020-12-11,Lassen,035,31185,3439,2790,21,2811,1
2020-12-11,Los Angeles,037,10098052,555018,493592,11272,504864,8198
2020-12-11,Madera,039,155013,8519,7648,265,7913,59
2020-12-11,Marin,041,260295,8685,8317,55,8372,141
2020-12-11,Mariposa,043,17540,186,164,2,166,3
2020-12-11,Mendocino,045,87422,1987,1769,19,1788,24
2020-12-11,Merced,047,269075,15469,14038,212,14250,186
2020-12-11,Modoc,049,8938,189,168,52,220,0
2020-12-11,Mono,051,14174,725,631,12,643,3
2020-12-11,Monterey,053,433212,21585,18421,411,18832,150
2020-12-11,Napa,055,140530,4614,4054,23,4077,22
2020-12-11,Nevada,057,99092,2242,1959,60,2019,10
2020-12-11,Orange,059,3164182,116217,98357,3878,102235,1656
2020-12-11,Placer,061,380077,11115,8904,316,9220,93
2020-12-11,Plumas,063,18699,368,286,8,294,0
2020-12-11,Riverside,065,2383286,133687,115329,4407,119736,1573
2020-12-11,Sacramento,067,1510023,52601,47468,321,47789,669
2020-12-11,San Benito,069,59416,2632,2319,19,2338,19
2020-12-11,San Bernardino,071,2135413,147025,123092,3460,126552,1313
2020-12-11,San Diego,073,3302833,116421,102468,4925,107393,1137
2020-12-11,San Francisco,075,870044,19589,18246,156,18402,165
2020-12-11,San Joaquin,077,732212,36329,32044,902,32946,534
2020-12-11,San Luis Obispo,079,281455,8493,7415,169,7584,49
2020-12-11,San Mateo,081,765935,20007,17240,34,17274,177
2020-12-11,Santa Barbara,083,443738,14059,12997,307,13304,144
2020-12-11,Santa Clara,085,1922200,53155,45101,184,45285,494
2020-12-11,Santa Cruz,087,273765,6837,5764,133,5897,50
2020-12-11,Shasta,089,179085,7118,6459,432,6891,54
2020-12-11,Sierra,091,2930,23,19,0,19,0
2020-12-11,Siskiyou,093,43540,881,753,62,815,2
2020-12-11,Solano,095,438530,14555,12554,129,12683,92
2020-12-11,Sonoma,097,501317,15861,14298,92,14390,166
2020-12-11,Stanislaus,099,539301,28729,25928,2164,28092,464
2020-12-11,Sutter,101,95872,5254,4600,25,4625,30
2020-12-11,Tehama,103,63373,2458,2232,141,2373,9
2020-12-11,Trinity,105,12862,360,204,44,248,1
2020-12-11,Tulare,107,460477,28024,24953,2464,27417,338
2020-12-11,Tuolumne,109,53932,1967,1510,11,1521,8
2020-12-11,Ventura,111,848112,29436,24999,993,25992,202
2020-12-11,Yolo,113,214977,6816,6006,30,6036,95
2020-12-11,Yuba,115,75493,2984,2649,23,2672,10
2020-12-10,Alameda,001,1643700,40380,35686,571,36257,477
2020-12-10,Alpine,002,1148,65,63,0,63,0
2020-12-10,Amador,005,37829,1688,1191,8,1199,18
2020-12-10,Butte,007,227075,5700,4863,495,5358,72
2020-12-10,Calaveras,009,45235,774,684,0,684,21
2020-12-10,Colusa,011,21464,1037,909,34,943,7
2020-12-10,Contra Costa,013,1133247,31835,28413,281,28694,276
2020-12-10,Del Norte,015,27424,584,501,0,501,1
2020-12-10,El Dorado,017,186661,4483,3557,115,3672,9
2020-12-10,Fresno,019,978130,54187,42461,2677,45138,540
2020-12-10,Glenn,021,27897,1246,1126,120,1246,8
2020-12-10,Humboldt,023,135768,1337,1140,4,1144,9
2020-12-10,Imperial,025,180216,20174,18333,235,18568,370
2020-12-10,Inyo,027,18085,445,365,6,371,15
2020-12-10,Kern,029,883053,52755,47176,2848,50024,499
2020-12-10,Kings,031,150075,13903,12993,320,13313,92
2020-12-10,Lake,033,64148,1403,1167,0,1167,21
2020-12-10,Lassen,035,31185,3417,2764,17,2781,0
2020-12-10,Los Angeles,037,10098052,541037,480354,10749,491103,8149
2020-12-10,Madera,039,155013,8411,7445,250,7695,59
2020-12-10,Marin,041,260295,8635,8245,54,8299,140
2020-12-10,Mariposa,043,17540,185,160,2,162,3
2020-12-10,Mendocino,045,87422,1961,1748,16,1764,24
2020-12-10,Merced,047,269075,15223,13756,209,13965,186
2020-12-10,Modoc,049,8938,184,165,50,215,0
2020-12-10,Mono,051,14174,720,601,12,613,3
2020-12-10,Monterey,053,433212,21103,18266,401,18667,145
2020-12-10,Napa,055,140530,4528,3974,22,3996,22
2020-12-10,Nevada,057,99092,2206,1919,60,1979,10
2020-12-10,Orange,059,3164182,113113,95297,3719,99016,1651
2020-12-10,Placer,061,380077,10862,8906,299,9205,90
2020-12-10,Plumas,063,18699,357,281,8,289,0
2020-12-10,Riverside,065,2383286,130003,112794,4140,116934,1552
2020-12-10,Sacramento,067,1510023,51700,46471,300,46771,664
2020-12-10,San Benito,069,59416,2571,2268,18,2286,19
2020-12-10,San Bernardino,071,2135413,142783,120186,3286,123472,1306
2020-12-10,San Diego,073,3302833,113896,99601,4776,104377,1114
2020-12-10,San Francisco,075,870044,19281,17945,149,18094,164
2020-12-10,San Joaquin,077,732212,35695,31228,873,32101,534
2020-12-10,San Luis Obispo,079,281455,8330,7245,158,7403,49
2020-12-10,San Mateo,081,765935,19565,16701,24,16725,177
2020-12-10,Santa Barbara,083,443738,13880,12788,299,13087,143
2020-12-10,Santa Clara,085,1922200,52001,43939,170,44109,491
2020-12-10,Santa Cruz,087,273765,6671,5645,121,5766,48
2020-12-10,Shasta,089,179085,7051,6312,407,6719,53
2020-12-10,Sierra,091,2930,23,18,0,18,0
2020-12-10,Siskiyou,093,43540,871,712,61,773,2
2020-12-10,Solano,095,438530,14191,12017,124,12141,90
2020-12-10,Sonoma,097,501317,15606,14282,90,14372,167
2020-12-10,Stanislaus,099,539301,28270,25582,2090,27672,464
2020-12-10,Sutter,101,95872,5124,4528,23,4551,27
2020-12-10,Tehama,103,63373,2414,2190,133,2323,9
2020-12-10,Trinity,105,12862,356,202,42,244,1
2020-12-10,Tulare,107,460477,27567,24506,2401,26907,337
2020-12-10,Tuolumne,109,53932,1724,1451,11,1462,8
2020-12-10,Ventura,111,848112,28586,24075,949,25024,202
2020-12-10,Yolo,113,214977,6695,5896,29,5925,95
2020-12-10,Yuba,115,75493,2920,2604,22,2626,10
2020-12-09,Alameda,001,1643700,39543,35047,550,35597,470
2020-12-09,Alpine,002,1148,65,58,0,58,0
2020-12-09,Amador,005,37829,1645,1121,8,1129,19
2020-12-09,Butte,007,227075,5557,4733,476,5209,70
2020-12-09,Calaveras,009,45235,745,670,0,670,21
2020-12-09,Colusa,011,21464,1022,896,33,929,7
2020-12-09,Contra Costa,013,1133247,31127,28308,269,28577,273
2020-12-09,Del Norte,015,27424,576,481,0,481,2
2020-12-09,El Dorado,017,186661,4348,3449,107,3556,8
2020-12-09,Fresno,019,978130,53185,41954,2524,44478,533
2020-12-09,Glenn,021,27897,1232,1107,114,1221,8
2020-12-09,Humboldt,023,135768,1305,1086,4,1090,10
2020-12-09,Imperial,025,180216,19916,17757,199,17956,368
2020-12-09,Inyo,027,18085,432,356,6,362,15
2020-12-09,Kern,029,883053,51598,46379,2706,49085,494
2020-12-09,Kings,031,150075,13758,12716,312,13028,92
2020-12-09,Lake,033,64148,1374,1158,0,1158,20
2020-12-09,Lassen,035,31185,3348,2331,15,2346,0
2020-12-09,Los Angeles,037,10098052,527531,467971,10219,478190,8075
2020-12-09,Madera,039,155013,8295,7216,247,7463,59
2020-12-09,Marin,041,260295,8570,8182,53,8235,138
2020-12-09,Mariposa,043,17540,183,154,2,156,3
2020-12-09,Mendocino,045,87422,1936,1703,15,1718,24
2020-12-09,Merced,047,269075,14982,13588,203,13791,183
2020-12-09,Modoc,049,8938,179,146,41,187,0
2020-12-09,Mono,051,14174,708,601,12,613,3
2020-12-09,Monterey,053,433212,20703,17891,393,18284,143
2020-12-09,Napa,055,140530,4443,3858,21,3879,21
2020-12-09,Nevada,057,99092,2153,1864,60,1924,10
2020-12-09,Orange,059,3164182,110008,93763,3551,97314,1629
2020-12-09,Placer,061,380077,10601,8588,285,8873,85
2020-12-09,Plumas,063,18699,349,271,8,279,0
2020-12-09,Riverside,065,2383286,126301,110376,3939,114315,1543
2020-12-09,Sacramento,067,1510023,50637,45284,275,45559,659
2020-12-09,San Benito,069,59416,2499,2217,16,2233,19
2020-12-09,San Bernardino,071,2135413,138503,114516,3090,117606,1305
2020-12-09,San Diego,073,3302833,110916,97551,4637,102188,1103
2020-12-09,San Francisco,075,870044,18983,17628,148,17776,163
2020-12-09,San Joaquin,077,732212,34881,30539,849,31388,531
2020-12-09,San Luis Obispo,079,281455,8112,7105,150,7255,47
2020-12-09,San Mateo,081,765935,19115,16422,23,16445,175
2020-12-09,Santa Barbara,083,443738,13680,12630,289,12919,142
2020-12-09,Santa Clara,085,1922200,50824,42912,155,43067,489
2020-12-09,Santa Cruz,087,273765,6510,5527,106,5633,47
2020-12-09,Shasta,089,179085,6986,6105,393,6498,52
2020-12-09,Sierra,091,2930,23,18,0,18,0
2020-12-09,Siskiyou,093,43540,860,713,60,773,2
2020-12-09,Solano,095,438530,13848,11862,116,11978,90
2020-12-09,Sonoma,097,501317,15349,13994,87,14081,164
2020-12-09,Stanislaus,099,539301,27781,25157,2027,27184,463
2020-12-09,Sutter,101,95872,5005,4418,19,4437,24
2020-12-09,Tehama,103,63373,2378,2102,129,2231,9
2020-12-09,Trinity,105,12862,348,199,39,238,0
2020-12-09,Tulare,107,460477,26965,24124,2325,26449,334
2020-12-09,Tuolumne,109,53932,1691,1319,11,1330,8
2020-12-09,Ventura,111,848112,27722,23830,907,24737,201
2020-12-09,Yolo,113,214977,6569,5760,27,5787,95
2020-12-09,Yuba,115,75493,2852,2513,21,2534,10
2020-12-08,Alameda,001,1643700,38643,34373,534,34907,469
2020-12-08,Alpine,002,1148,64,53,0,53,0
2020-12-08,Amador,005,37829,1359,1043,8,1051,17
2020-12-08,Butte,007,227075,5399,4651,434,5085,70
2020-12-08,Calaveras,009,45235,721,657,0,657,21
2020-12-08,Colusa,011,21464,1006,875,32,907,6
2020-12-08,Contra Costa,013,1133247,30432,27926,254,28180,270
2020-12-08,Del Norte,015,27424,562,465,0,465,2
2020-12-08,El Dorado,017,186661,4224,3296,94,3390,8
2020-12-08,Fresno,019,978130,51921,41574,2369,43943,529
2020-12-08,Glenn,021,27897,1212,1094,106,1200,8
2020-12-08,Humboldt,023,135768,1279,1059,4,1063,10
2020-12-08,Imperial,025,180216,19407,17568,192,17760,363
2020-12-08,Inyo,027,18085,408,333,6,339,15
2020-12-08,Kern,029,883053,50307,45116,2553,47669,487
2020-12-08,Kings,031,150075,13604,12623,303,12926,90
2020-12-08,Lake,033,64148,1334,1127,0,1127,20
2020-12-08,Lassen,035,31185,3192,2165,15,2180,0
2020-12-08,Los Angeles,037,10098052,514818,459738,9749,469487,8004
2020-12-08,Madera,039,155013,8166,7082,235,7317,59
2020-12-08,Marin,041,260295,8494,8099,52,8151,137
2020-12-08,Mariposa,043,17540,179,150,2,152,2
2020-12-08,Mendocino,045,87422,1894,1666,15,1681,23
2020-12-08,Merced,047,269075,14670,13380,202,13582,181
2020-12-08,Modoc,049,8938,171,138,38,176,0
2020-12-08,Mono,051,14174,694,597,12,609,3
2020-12-08,Monterey,053,433212,20132,17752,386,18138,134
2020-12-08,Napa,055,140530,4357,3778,19,3797,22
2020-12-08,Nevada,057,99092,2099,1809,57,1866,11
2020-12-08,Orange,059,3164182,106784,91406,3388,94794,1629
2020-12-08,Placer,061,380077,10333,8224,280,8504,82
2020-12-08,Plumas,063,18699,339,258,8,266,0
2020-12-08,Riverside,065,2383286,122931,107620,3762,111382,1514
2020-12-08,Sacramento,067,1510023,49574,44635,261,44896,649
2020-12-08,San Benito,069,59416,2445,2180,16,2196,18
2020-12-08,San Bernardino,071,2135413,134157,110676,2969,113645,1301
2020-12-08,San Diego,073,3302833,107545,95447,4480,99927,1088
2020-12-08,San Francisco,075,870044,18676,17384,146,17530,162
2020-12-08,San Joaquin,077,732212,33987,30225,816,31041,530
2020-12-08,San Luis Obispo,079,281455,7983,6903,139,7042,45
2020-12-08,San Mateo,081,765935,18716,16305,23,16328,175
2020-12-08,Santa Barbara,083,443738,13497,12516,280,12796,141
2020-12-08,Santa Clara,085,1922200,49513,41309,147,41456,484
2020-12-08,Santa Cruz,087,273765,6329,5374,104,5478,45
2020-12-08,Shasta,089,179085,6876,5946,385,6331,50
2020-12-08,Sierra,091,2930,22,18,0,18,0
2020-12-08,Siskiyou,093,43540,846,704,58,762,2
2020-12-08,Solano,095,438530,13442,11669,114,11783,89
2020-12-08,Sonoma,097,501317,15090,13601,86,13687,164
2020-12-08,Stanislaus,099,539301,27289,24793,1962,26755,461
2020-12-08,Sutter,101,95872,4909,4342,18,4360,24
2020-12-08,Tehama,103,63373,2304,2057,121,2178,9
2020-12-08,Trinity,105,12862,339,198,38,236,0
2020-12-08,Tulare,107,460477,26359,23607,2262,25869,330
2020-12-08,Tuolumne,109,53932,1667,1264,11,1275,7
2020-12-08,Ventura,111,848112,27061,23665,865,24530,195
2020-12-08,Yolo,113,214977,6437,5560,27,5587,90
2020-12-08,Yuba,115,75493,2774,2477,21,2498,10
2020-12-07,Alameda,001,1643700,37778,33887,500,34387,466
2020-12-07,Alpine,002,1148,63,53,0,53,0
2020-12-07,Amador,005,37829,1284,993,7,1000,17
2020-12-07,Butte,007,227075,5263,4604,413,5017,67
2020-12-07,Calaveras,009,45235,692,606,0,606,21
2020-12-07,Colusa,011,21464,981,825,27,852,6
2020-12-07,Contra Costa,013,1133247,29824,27307,241,27548,270
2020-12-07,Del Norte,015,27424,547,424,0,424,2
2020-12-07,El Dorado,017,186661,4045,3275,87,3362,8
2020-12-07,Fresno,019,978130,50447,41098,2249,43347,526
2020-12-07,Glenn,021,27897,1193,1085,100,1185,8
2020-12-07,Humboldt,023,135768,1244,1023,4,1027,9
2020-12-07,Imperial,025,180216,18992,17234,182,17416,364
2020-12-07,Inyo,027,18085,392,333,6,339,15
2020-12-07,Kern,029,883053,49281,44409,2419,46828,486
2020-12-07,Kings,031,150075,13461,12412,295,12707,90
2020-12-07,Lake,033,64148,1307,1090,0,1090,20
2020-12-07,Lassen,035,31185,3095,2167,15,2182,0
2020-12-07,Los Angeles,037,10098052,501145,451052,9330,460382,7937
2020-12-07,Madera,039,155013,7902,6935,230,7165,59
2020-12-07,Marin,041,260295,8435,8049,51,8100,136
2020-12-07,Mariposa,043,17540,176,146,2,148,2
2020-12-07,Mendocino,045,87422,1858,1638,14,1652,23
2020-12-07,Merced,047,269075,14312,13250,193,13443,179
2020-12-07,Modoc,049,8938,164,128,35,163,0
2020-12-07,Mono,051,14174,681,590,12,602,3
2020-12-07,Monterey,053,433212,19652,17746,375,18121,132
2020-12-07,Napa,055,140530,4266,3684,19,3703,21
2020-12-07,Nevada,057,99092,2050,1777,56,1833,11
2020-12-07,Orange,059,3164182,103512,89793,3269,93062,1628
2020-12-07,Placer,061,380077,10008,7911,266,8177,82
2020-12-07,Plumas,063,18699,327,256,5,261,0
2020-12-07,Riverside,065,2383286,119731,102363,3581,105944,1491
2020-12-07,Sacramento,067,1510023,48479,43419,244,43663,638
2020-12-07,San Benito,069,59416,2395,2165,15,2180,18
2020-12-07,San Bernardino,071,2135413,130205,108161,2854,111015,1295
2020-12-07,San Diego,073,3302833,104756,94171,4299,98470,1062
2020-12-07,San Francisco,075,870044,18380,17220,139,17359,161
2020-12-07,San Joaquin,077,732212,33112,28188,790,28978,530
2020-12-07,San Luis Obispo,079,281455,7801,6782,132,6914,45
2020-12-07,San Mateo,081,765935,18278,16029,22,16051,175
2020-12-07,Santa Barbara,083,443738,13255,12362,270,12632,141
2020-12-07,Santa Clara,085,1922200,48117,40621,138,40759,484
2020-12-07,Santa Cruz,087,273765,6165,5152,96,5248,41
2020-12-07,Shasta,089,179085,6753,5742,370,6112,50
2020-12-07,Sierra,091,2930,20,18,0,18,0
2020-12-07,Siskiyou,093,43540,820,652,58,710,2
2020-12-07,Solano,095,438530,13104,11354,110,11464,89
2020-12-07,Sonoma,097,501317,14805,13376,86,13462,164
2020-12-07,Stanislaus,099,539301,26715,24479,1909,26388,454
2020-12-07,Sutter,101,95872,4768,4106,18,4124,24
2020-12-07,Tehama,103,63373,2253,2030,116,2146,9
2020-12-07,Trinity,105,12862,335,194,38,232,0
2020-12-07,Tulare,107,460477,25811,22760,2203,24963,328
2020-12-07,Tuolumne,109,53932,1582,1256,10,1266,7
2020-12-07,Ventura,111,848112,26473,23354,829,24183,191
2020-12-07,Yolo,113,214977,6277,5537,26,5563,90
2020-12-07,Yuba,115,75493,2707,2428,19,2447,10
2020-12-06,Alameda,001,1643700,36784,33477,480,33957,465
2020-12-06,Alpine,002,1148,59,53,0,53,0
2020-12-06,Amador,005,37829,1221,952,6,958,17
2020-12-06,Butte,007,227075,5110,4527,379,4906,67
2020-12-06,Calaveras,009,45235,672,606,0,606,21
2020-12-06,Colusa,011,21464,964,824,23,847,6
2020-12-06,Contra Costa,013,1133247,29218,26566,234,26800,270
2020-12-06,Del Norte,015,27424,491,414,0,414,2
2020-12-06,El Dorado,017,186661,3908,3086,81,3167,8
2020-12-06,Fresno,019,978130,49494,40869,2133,43002,526
2020-12-06,Glenn,021,27897,1183,1067,96,1163,8
2020-12-06,Humboldt,023,135768,1219,1004,4,1008,9
2020-12-06,Imperial,025,180216,18684,16922,174,17096,364
2020-12-06,Inyo,027,18085,380,333,6,339,15
2020-12-06,Kern,029,883053,48290,43899,2252,46151,486
2020-12-06,Kings,031,150075,13189,12056,278,12334,90
2020-12-06,Lake,033,64148,1271,1075,0,1075,20
2020-12-06,Lassen,035,31185,2991,2168,13,2181,0
2020-12-06,Los Angeles,037,10098052,487548,443230,8904,452134,7910
2020-12-06,Madera,039,155013,7729,6826,221,7047,59
2020-12-06,Marin,041,260295,8356,8013,48,8061,136
2020-12-06,Mariposa,043,17540,175,144,2,146,2
2020-12-06,Mendocino,045,87422,1818,1614,14,1628,23
2020-12-06,Merced,047,269075,13975,12928,184,13112,179
2020-12-06,Modoc,049,8938,151,125,28,153,0
2020-12-06,Mono,051,14174,659,586,11,597,3
2020-12-06,Monterey,053,433212,19034,17426,365,17791,130
2020-12-06,Napa,055,140530,4154,3644,19,3663,21
2020-12-06,Nevada,057,99092,1991,1710,53,1763,10
2020-12-06,Orange,059,3164182,100441,87737,3141,90878,1627
2020-12-06,Placer,061,380077,9725,7837,247,8084,82
2020-12-06,Plumas,063,18699,314,254,4,258,0
2020-12-06,Riverside,065,2383286,116638,100088,3360,103448,1482
2020-12-06,Sacramento,067,1510023,47238,42808,230,43038,638
2020-12-06,San Benito,069,59416,2358,2135,15,2150,18
2020-12-06,San Bernardino,071,2135413,126056,106927,2700,109627,1286
2020-12-06,San Diego,073,3302833,101723,92173,4146,96319,1062
2020-12-06,San Francisco,075,870044,18057,17107,132,17239,161
2020-12-06,San Joaquin,077,732212,32267,28188,762,28950,530
2020-12-06,San Luis Obispo,079,281455,7636,6723,127,6850,45
2020-12-06,San Mateo,081,765935,17774,15855,20,15875,175
2020-12-06,Santa Barbara,083,443738,13023,12252,261,12513,141
2020-12-06,Santa Clara,085,1922200,46721,39112,133,39245,482
2020-12-06,Santa Cruz,087,273765,5988,5069,90,5159,40
2020-12-06,Shasta,089,179085,6613,5743,349,6092,49
2020-12-06,Sierra,091,2930,20,17,0,17,0
2020-12-06,Siskiyou,093,43540,801,652,56,708,2
2020-12-06,Solano,095,438530,12815,11354,100,11454,88
2020-12-06,Sonoma,097,501317,14516,13238,85,13323,164
2020-12-06,Stanislaus,099,539301,26155,24036,1845,25881,454
2020-12-06,Sutter,101,95872,4652,4009,17,4026,21
2020-12-06,Tehama,103,63373,2195,1982,107,2089,9
2020-12-06,Trinity,105,12862,328,181,36,217,0
2020-12-06,Tulare,107,460477,25278,22756,2136,24892,327
2020-12-06,Tuolumne,109,53932,1486,1210,10,1220,7
2020-12-06,Ventura,111,848112,25931,23035,803,23838,191
2020-12-06,Yolo,113,214977,6116,5465,22,5487,90
2020-12-06,Yuba,115,75493,2663,2340,18,2358,10
2020-12-05,Alameda,001,1643700,36426,32781,469,33250,465
2020-12-05,Alpine,002,1148,58,53,0,53,0
2020-12-05,Amador,005,37829,1197,847,6,853,17
2020-12-05,Butte,007,227075,5042,4455,360,4815,66
2020-12-05,Calaveras,009,45235,660,606,0,606,21
2020-12-05,Colusa,011,21464,946,825,20,845,6
2020-12-05,Contra Costa,013,1133247,28920,26217,226,26443,270
2020-12-05,Del Norte,015,27424,486,408,0,408,2
2020-12-05,El Dorado,017,186661,3843,3061,76,3137,8
2020-12-05,Fresno,019,978130,49175,40568,2079,42647,525
2020-12-05,Glenn,021,27897,1170,1056,90,1146,8
2020-12-05,Humboldt,023,135768,1186,979,4,983,9
2020-12-05,Imperial,025,180216,18510,16544,173,16717,362
2020-12-05,Inyo,027,18085,375,332,6,338,15
2020-12-05,Kern,029,883053,47827,43332,2167,45499,484
2020-12-05,Kings,031,150075,13108,11898,275,12173,90
2020-12-05,Lake,033,64148,1242,1069,0,1069,20
2020-12-05,Lassen,035,31185,2800,2168,11,2179,0
2020-12-05,Los Angeles,037,10098052,481749,433120,8593,441713,7888
2020-12-05,Madera,039,155013,7635,6619,214,6833,59
2020-12-05,Marin,041,260295,8328,7961,48,8009,136
2020-12-05,Mariposa,043,17540,170,143,2,145,2
2020-12-05,Mendocino,045,87422,1779,1585,14,1599,23
2020-12-05,Merced,047,269075,13868,12747,173,12920,180
2020-12-05,Modoc,049,8938,151,118,27,145,0
2020-12-05,Mono,051,14174,654,554,11,565,3
2020-12-05,Monterey,053,433212,18888,17077,361,17438,127
2020-12-05,Napa,055,140530,4084,3565,19,3584,21
2020-12-05,Nevada,057,99092,1976,1642,51,1693,10
2020-12-05,Orange,059,3164182,98969,85735,3044,88779,1612
2020-12-05,Placer,061,380077,9606,7811,238,8049,78
2020-12-05,Plumas,063,18699,307,246,1,247,0
2020-12-05,Riverside,065,2383286,115024,98612,3186,101798,1477
2020-12-05,Sacramento,067,1510023,46573,41878,216,42094,625
2020-12-05,San Benito,069,59416,2314,2073,15,2088,18
2020-12-05,San Bernardino,071,2135413,124527,105382,2572,107954,1283
2020-12-05,San Diego,073,3302833,100371,90470,4065,94535,1055
2020-12-05,San Francisco,075,870044,17871,16786,128,16914,161
2020-12-05,San Joaquin,077,732212,32000,28105,730,28835,523
2020-12-05,San Luis Obispo,079,281455,7569,6623,124,6747,44
2020-12-05,San Mateo,081,765935,17517,15512,20,15532,175
2020-12-05,Santa Barbara,083,443738,12923,12107,255,12362,141
2020-12-05,Santa Clara,085,1922200,45961,38339,128,38467,474
2020-12-05,Santa Cruz,087,273765,5915,4997,89,5086,40
2020-12-05,Shasta,089,179085,6552,5653,338,5991,49
2020-12-05,Sierra,091,2930,20,17,0,17,0
2020-12-05,Siskiyou,093,43540,793,649,55,704,2
2020-12-05,Solano,095,438530,12644,11351,98,11449,87
2020-12-05,Sonoma,097,501317,14420,13137,85,13222,164
2020-12-05,Stanislaus,099,539301,25836,23662,1810,25472,454
2020-12-05,Sutter,101,95872,4587,3937,17,3954,20
2020-12-05,Tehama,103,63373,2180,1926,105,2031,9
2020-12-05,Trinity,105,12862,327,177,36,213,0
2020-12-05,Tulare,107,460477,25059,22660,2078,24738,324
2020-12-05,Tuolumne,109,53932,1429,1180,10,1190,7
2020-12-05,Ventura,111,848112,25559,22710,789,23499,191
2020-12-05,Yolo,113,214977,6037,5351,21,5372,90
2020-12-05,Yuba,115,75493,2626,2275,18,2293,10
2020-12-04,Alameda,001,1643700,35876,31871,456,32327,465
2020-12-04,Alpine,002,1148,58,53,0,53,0
2020-12-04,Amador,005,37829,1183,766,3,769,16
2020-12-04,Butte,007,227075,4970,4336,340,4676,65
2020-12-04,Calaveras,009,45235,655,585,0,585,21
2020-12-04,Colusa,011,21464,932,790,18,808,6
2020-12-04,Contra Costa,013,1133247,28574,25705,214,25919,264
2020-12-04,Del Norte,015,27424,477,401,0,401,2
2020-12-04,El Dorado,017,186661,3755,2933,73,3006,7
2020-12-04,Fresno,019,978130,48465,40108,2011,42119,522
2020-12-04,Glenn,021,27897,1164,1017,82,1099,8
2020-12-04,Humboldt,023,135768,1168,960,4,964,9
2020-12-04,Imperial,025,180216,18263,16484,173,16657,362
2020-12-04,Inyo,027,18085,366,324,6,330,15
2020-12-04,Kern,029,883053,47276,42497,2064,44561,485
2020-12-04,Kings,031,150075,13015,11767,269,12036,88
2020-12-04,Lake,033,64148,1212,1018,0,1018,20
2020-12-04,Lassen,035,31185,2793,2167,10,2177,0
2020-12-04,Los Angeles,037,10098052,473128,424164,8305,432469,7845
2020-12-04,Madera,039,155013,7540,6479,211,6690,58
2020-12-04,Marin,041,260295,8274,7896,45,7941,136
2020-12-04,Mariposa,043,17540,170,136,2,138,2
2020-12-04,Mendocino,045,87422,1760,1563,13,1576,23
2020-12-04,Merced,047,269075,13753,12474,165,12639,177
2020-12-04,Modoc,049,8938,151,115,27,142,0
2020-12-04,Mono,051,14174,649,549,11,560,3
2020-12-04,Monterey,053,433212,18676,16737,352,17089,127
2020-12-04,Napa,055,140530,4030,3432,19,3451,19
2020-12-04,Nevada,057,99092,1951,1560,48,1608,10
2020-12-04,Orange,059,3164182,97040,83738,2980,86718,1597
2020-12-04,Placer,061,380077,9482,7461,225,7686,76
2020-12-04,Plumas,063,18699,300,232,0,232,0
2020-12-04,Riverside,065,2383286,112824,95255,3029,98284,1475
2020-12-04,Sacramento,067,1510023,45808,41061,199,41260,618
2020-12-04,San Benito,069,59416,2281,2006,15,2021,17
2020-12-04,San Bernardino,071,2135413,122254,102418,2464,104882,1290
2020-12-04,San Diego,073,3302833,98887,88183,3978,92161,1047
2020-12-04,San Francisco,075,870044,17681,16499,128,16627,161
2020-12-04,San Joaquin,077,732212,31560,27806,693,28499,522
2020-12-04,San Luis Obispo,079,281455,7485,6473,121,6594,42
2020-12-04,San Mateo,081,765935,17229,15112,19,15131,173
2020-12-04,Santa Barbara,083,443738,12816,11947,249,12196,141
2020-12-04,Santa Clara,085,1922200,45024,37465,122,37587,468
2020-12-04,Santa Cruz,087,273765,5826,4985,87,5072,32
2020-12-04,Shasta,089,179085,6463,5439,329,5768,49
2020-12-04,Sierra,091,2930,19,17,0,17,0
2020-12-04,Siskiyou,093,43540,786,639,52,691,2
2020-12-04,Solano,095,438530,12494,11037,95,11132,87
2020-12-04,Sonoma,097,501317,14272,12962,84,13046,164
2020-12-04,Stanislaus,099,539301,25558,23206,1766,24972,448
2020-12-04,Sutter,101,95872,4515,3791,12,3803,20
2020-12-04,Tehama,103,63373,2140,1876,100,1976,9
2020-12-04,Trinity,105,12862,325,172,36,208,0
2020-12-04,Tulare,107,460477,24766,22273,2006,24279,322
2020-12-04,Tuolumne,109,53932,1398,1134,10,1144,7
2020-12-04,Ventura,111,848112,25182,22024,773,22797,189
2020-12-04,Yolo,113,214977,5964,5294,20,5314,87
2020-12-04,Yuba,115,75493,2582,2225,17,2242,10
2020-12-03,Alameda,001,1643700,35108,31184,439,31623,465
2020-12-03,Alpine,002,1148,57,53,0,53,0
2020-12-03,Amador,005,37829,1132,653,3,656,16
2020-12-03,Butte,007,227075,4875,4305,321,4626,65
2020-12-03,Calaveras,009,45235,634,572,0,572,21
2020-12-03,Colusa,011,21464,919,774,17,791,6
2020-12-03,Contra Costa,013,1133247,28066,25464,207,25671,265
2020-12-03,Del Norte,015,27424,471,388,0,388,2
2020-12-03,El Dorado,017,186661,3629,2740,71,2811,6
2020-12-03,Fresno,019,978130,47711,39680,1938,41618,516
2020-12-03,Glenn,021,27897,1146,997,74,1071,8
2020-12-03,Humboldt,023,135768,1138,923,4,927,9
2020-12-03,Imperial,025,180216,18055,16436,161,16597,359
2020-12-03,Inyo,027,18085,364,321,6,327,15
2020-12-03,Kern,029,883053,46430,42062,1963,44025,483
2020-12-03,Kings,031,150075,12916,11658,258,11916,87
2020-12-03,Lake,033,64148,1197,991,0,991,20
2020-12-03,Lassen,035,31185,2753,2128,9,2137,0
2020-12-03,Los Angeles,037,10098052,463026,415805,7949,423754,7787
2020-12-03,Madera,039,155013,7417,6398,205,6603,58
2020-12-03,Marin,041,260295,8207,7861,41,7902,136
2020-12-03,Mariposa,043,17540,166,132,2,134,2
2020-12-03,Mendocino,045,87422,1743,1547,10,1557,23
2020-12-03,Merced,047,269075,13508,12310,158,12468,177
2020-12-03,Modoc,049,8938,149,114,27,141,0
2020-12-03,Mono,051,14174,627,527,11,538,3
2020-12-03,Monterey,053,433212,18215,16218,343,16561,125
2020-12-03,Napa,055,140530,3916,3360,19,3379,19
2020-12-03,Nevada,057,99092,1873,1472,47,1519,10
2020-12-03,Orange,059,3164182,94506,82187,2912,85099,1591
2020-12-03,Placer,061,380077,9280,7270,209,7479,73
2020-12-03,Plumas,063,18699,285,223,0,223,0
2020-12-03,Riverside,065,2383286,110061,92489,2870,95359,1461
2020-12-03,Sacramento,067,1510023,44750,40280,186,40466,614
2020-12-03,San Benito,069,59416,2235,1967,15,1982,16
2020-12-03,San Bernardino,071,2135413,118926,100787,2381,103168,1283
2020-12-03,San Diego,073,3302833,97073,86144,3860,90004,1040
2020-12-03,San Francisco,075,870044,17457,16236,127,16363,161
2020-12-03,San Joaquin,077,732212,30840,27239,650,27889,522
2020-12-03,San Luis Obispo,079,281455,7317,6388,120,6508,42
2020-12-03,San Mateo,081,765935,16876,14909,19,14928,173
2020-12-03,Santa Barbara,083,443738,12687,11829,243,12072,141
2020-12-03,Santa Clara,085,1922200,43813,36621,116,36737,465
2020-12-03,Santa Cruz,087,273765,5682,4850,83,4933,28
2020-12-03,Shasta,089,179085,6354,5330,322,5652,48
2020-12-03,Sierra,091,2930,19,17,0,17,0
2020-12-03,Siskiyou,093,43540,771,629,49,678,2
2020-12-03,Solano,095,438530,12279,10857,91,10948,87
2020-12-03,Sonoma,097,501317,14030,12772,83,12855,164
2020-12-03,Stanislaus,099,539301,25138,22821,1719,24540,447
2020-12-03,Sutter,101,95872,4431,3727,12,3739,20
2020-12-03,Tehama,103,63373,2088,1832,93,1925,9
2020-12-03,Trinity,105,12862,322,166,36,202,0
2020-12-03,Tulare,107,460477,24363,21993,1914,23907,321
2020-12-03,Tuolumne,109,53932,1356,1105,10,1115,7
2020-12-03,Ventura,111,848112,24479,21555,760,22315,187
2020-12-03,Yolo,113,214977,5826,5069,20,5089,87
2020-12-03,Yuba,115,75493,2511,2182,16,2198,10
2020-12-02,Alameda,001,1643700,34479,30697,429,31126,463
2020-12-02,Alpine,002,1148,56,52,0,52,0
2020-12-02,Amador,005,37829,1060,585,3,588,16
2020-12-02,Butte,007,227075,4753,4243,311,4554,65
2020-12-02,Calaveras,009,45235,618,553,0,553,21
2020-12-02,Colusa,011,21464,903,756,15,771,6
2020-12-02,Contra Costa,013,1133247,27601,25147,195,25342,264
2020-12-02,Del Norte,015,27424,455,384,0,384,2
2020-12-02,El Dorado,017,186661,3528,2638,66,2704,5
2020-12-02,Fresno,019,978130,46953,39324,1840,41164,507
2020-12-02,Glenn,021,27897,1129,995,66,1061,7
2020-12-02,Humboldt,023,135768,1112,899,4,903,9
2020-12-02,Imperial,025,180216,17633,16360,154,16514,356
2020-12-02,Inyo,027,18085,357,314,6,320,15
2020-12-02,Kern,029,883053,45532,41660,1868,43528,479
2020-12-02,Kings,031,150075,12563,11531,244,11775,86
2020-12-02,Lake,033,64148,1167,971,0,971,20
2020-12-02,Lassen,035,31185,2694,2115,9,2124,0
2020-12-02,Los Angeles,037,10098052,452972,408289,7630,415919,7739
2020-12-02,Madera,039,155013,7292,6370,199,6569,57
2020-12-02,Marin,041,260295,8158,7819,39,7858,136
2020-12-02,Mariposa,043,17540,163,131,2,133,2
2020-12-02,Mendocino,045,87422,1710,1524,10,1534,23
2020-12-02,Merced,047,269075,13265,12168,150,12318,173
2020-12-02,Modoc,049,8938,146,113,27,140,0
2020-12-02,Mono,051,14174,618,520,11,531,3
2020-12-02,Monterey,053,433212,17735,16064,304,16368,121
2020-12-02,Napa,055,140530,3813,3298,18,3316,19
2020-12-02,Nevada,057,99092,1811,1430,46,1476,9
2020-12-02,Orange,059,3164182,92308,81046,2833,83879,1569
2020-12-02,Placer,061,380077,9046,6941,196,7137,73
2020-12-02,Plumas,063,18699,272,218,0,218,0
2020-12-02,Riverside,065,2383286,107344,90089,2691,92780,1451
2020-12-02,Sacramento,067,1510023,43710,39334,175,39509,597
2020-12-02,San Benito,069,59416,2170,1921,15,1936,16
2020-12-02,San Bernardino,071,2135413,115355,98567,2276,100843,1240
2020-12-02,San Diego,073,3302833,95157,84640,3745,88385,1035
2020-12-02,San Francisco,075,870044,17220,16058,125,16183,157
2020-12-02,San Joaquin,077,732212,30223,26740,627,27367,519
2020-12-02,San Luis Obispo,079,281455,7218,6324,118,6442,42
2020-12-02,San Mateo,081,765935,16513,14757,18,14775,170
2020-12-02,Santa Barbara,083,443738,12536,11705,231,11936,140
2020-12-02,Santa Clara,085,1922200,42690,35878,116,35994,458
2020-12-02,Santa Cruz,087,273765,5550,4766,80,4846,27
2020-12-02,Shasta,089,179085,6230,5188,305,5493,47
2020-12-02,Sierra,091,2930,19,17,0,17,0
2020-12-02,Siskiyou,093,43540,755,624,47,671,1
2020-12-02,Solano,095,438530,12032,10701,87,10788,87
2020-12-02,Sonoma,097,501317,13790,12635,82,12717,163
2020-12-02,Stanislaus,099,539301,24635,22615,1663,24278,448
2020-12-02,Sutter,101,95872,4272,3604,12,3616,18
2020-12-02,Tehama,103,63373,2044,1800,78,1878,9
2020-12-02,Trinity,105,12862,313,165,35,200,0
2020-12-02,Tulare,107,460477,23980,21789,1836,23625,321
2020-12-02,Tuolumne,109,53932,1315,1076,10,1086,7
2020-12-02,Ventura,111,848112,24066,21208,742,21950,186
2020-12-02,Yolo,113,214977,5718,5053,19,5072,87
2020-12-02,Yuba,115,75493,2433,2119,15,2134,10
2020-12-01,Alameda,001,1643700,33786,30252,419,30671,460
2020-12-01,Alpine,002,1148,56,41,0,41,0
2020-12-01,Amador,005,37829,913,575,2,577,16
2020-12-01,Butte,007,227075,4647,4177,295,4472,65
2020-12-01,Calaveras,009,45235,600,544,0,544,21
2020-12-01,Colusa,011,21464,886,747,15,762,6
2020-12-01,Contra Costa,013,1133247,27029,24788,187,24975,264
2020-12-01,Del Norte,015,27424,427,357,0,357,2
2020-12-01,El Dorado,017,186661,3384,2542,61,2603,4
2020-12-01,Fresno,019,978130,46050,39004,1764,40768,505
2020-12-01,Glenn,021,27897,1108,989,62,1051,7
2020-12-01,Humboldt,023,135768,1082,886,4,890,9
2020-12-01,Imperial,025,180216,17318,16278,151,16429,356
2020-12-01,Inyo,027,18085,351,304,6,310,15
2020-12-01,Kern,029,883053,44730,41345,1741,43086,478
2020-12-01,Kings,031,150075,12248,11415,230,11645,86
2020-12-01,Lake,033,64148,1145,969,0,969,19
2020-12-01,Lassen,035,31185,2528,2047,8,2055,0
2020-12-01,Los Angeles,037,10098052,442593,403266,7320,410586,7704
2020-12-01,Madera,039,155013,7172,6270,189,6459,57
2020-12-01,Marin,041,260295,8086,7787,38,7825,136
2020-12-01,Mariposa,043,17540,158,128,2,130,2
2020-12-01,Mendocino,045,87422,1676,1497,10,1507,23
2020-12-01,Merced,047,269075,13025,12032,141,12173,172
2020-12-01,Modoc,049,8938,141,113,23,136,0
2020-12-01,Mono,051,14174,605,520,11,531,3
2020-12-01,Monterey,053,433212,17227,15835,293,16128,121
2020-12-01,Napa,055,140530,3729,3124,17,3141,19
2020-12-01,Nevada,057,99092,1749,1411,45,1456,9
2020-12-01,Orange,059,3164182,90204,79468,2744,82212,1567
2020-12-01,Placer,061,380077,8721,6794,189,6983,72
2020-12-01,Plumas,063,18699,260,201,0,201,0
2020-12-01,Riverside,065,2383286,104533,88530,2531,91061,1448
2020-12-01,Sacramento,067,1510023,42663,38966,172,39138,589
2020-12-01,San Benito,069,59416,2115,1888,15,1903,15
2020-12-01,San Bernardino,071,2135413,111888,95854,2154,98008,1220
2020-12-01,San Diego,073,3302833,92900,83423,3635,87058,1019
2020-12-01,San Francisco,075,870044,16938,15797,122,15919,157
2020-12-01,San Joaquin,077,732212,29422,26432,605,27037,514
2020-12-01,San Luis Obispo,079,281455,7076,6264,113,6377,40
2020-12-01,San Mateo,081,765935,16188,14495,18,14513,170
2020-12-01,Santa Barbara,083,443738,12397,11611,221,11832,140
2020-12-01,Santa Clara,085,1922200,41434,35397,110,35507,452
2020-12-01,Santa Cruz,087,273765,5392,4638,72,4710,27
2020-12-01,Shasta,089,179085,6105,5077,286,5363,47
2020-12-01,Sierra,091,2930,19,17,0,17,0
2020-12-01,Siskiyou,093,43540,741,608,43,651,1
2020-12-01,Solano,095,438530,11771,10604,82,10686,87
2020-12-01,Sonoma,097,501317,13586,12491,79,12570,163
2020-12-01,Stanislaus,099,539301,24174,22351,1605,23956,447
2020-12-01,Sutter,101,95872,4130,3538,12,3550,17
2020-12-01,Tehama,103,63373,1978,1773,68,1841,9
2020-12-01,Trinity,105,12862,299,165,29,194,0
2020-12-01,Tulare,107,460477,23524,21645,1768,23413,319
2020-12-01,Tuolumne,109,53932,1279,1052,8,1060,7
2020-12-01,Ventura,111,848112,23452,20604,720,21324,186
2020-12-01,Yolo,113,214977,5579,4928,19,4947,86
2020-12-01,Yuba,115,75493,2369,2088,14,2102,10
2020-11-30,Alameda,001,1643700,32966,29972,402,30374,457
2020-11-30,Alpine,002,1148,54,41,0,41,0
2020-11-30,Amador,005,37829,872,559,2,561,16
2020-11-30,Butte,007,227075,4529,4148,279,4427,65
2020-11-30,Calaveras,009,45235,579,478,0,478,21
2020-11-30,Colusa,011,21464,859,737,12,749,6
2020-11-30,Contra Costa,013,1133247,26445,24365,183,24548,264
2020-11-30,Del Norte,015,27424,401,339,0,339,2
2020-11-30,El Dorado,017,186661,3210,2488,55,2543,4
2020-11-30,Fresno,019,978130,44937,38712,1655,40367,500
2020-11-30,Glenn,021,27897,1085,954,57,1011,5
2020-11-30,Humboldt,023,135768,1035,870,4,874,9
2020-11-30,Imperial,025,180216,17061,16212,130,16342,356
2020-11-30,Inyo,027,18085,345,304,5,309,15
2020-11-30,Kern,029,883053,43972,40941,1609,42550,473
2020-11-30,Kings,031,150075,12100,11346,215,11561,85
2020-11-30,Lake,033,64148,1111,939,0,939,18
2020-11-30,Lassen,035,31185,2436,1793,8,1801,0
2020-11-30,Los Angeles,037,10098052,431911,396202,6997,403199,7658
2020-11-30,Madera,039,155013,7007,6210,175,6385,57
2020-11-30,Marin,041,260295,8040,7764,37,7801,136
2020-11-30,Mariposa,043,17540,151,123,2,125,2
2020-11-30,Mendocino,045,87422,1648,1482,10,1492,23
2020-11-30,Merced,047,269075,12750,11913,130,12043,172
2020-11-30,Modoc,049,8938,131,113,23,136,0
2020-11-30,Mono,051,14174,583,519,11,530,3
2020-11-30,Monterey,053,433212,16797,15837,285,16122,119
2020-11-30,Napa,055,140530,3630,3091,17,3108,18
2020-11-30,Nevada,057,99092,1663,1347,42,1389,9
2020-11-30,Orange,059,3164182,88089,78711,2648,81359,1568
2020-11-30,Placer,061,380077,8424,6575,176,6751,72
2020-11-30,Plumas,063,18699,249,192,0,192,0
2020-11-30,Riverside,065,2383286,101542,87722,2386,90108,1446
2020-11-30,Sacramento,067,1510023,41581,37834,163,37997,586
2020-11-30,San Benito,069,59416,2068,1875,14,1889,15
2020-11-30,San Bernardino,071,2135413,108157,92704,2042,94746,1220
2020-11-30,San Diego,073,3302833,90537,82045,3508,85553,997
2020-11-30,San Francisco,075,870044,16640,15638,118,15756,157
2020-11-30,San Joaquin,077,732212,28717,25742,579,26321,509
2020-11-30,San Luis Obispo,079,281455,6942,6224,111,6335,36
2020-11-30,San Mateo,081,765935,15829,14276,18,14294,170
2020-11-30,Santa Barbara,083,443738,12218,11572,213,11785,140
2020-11-30,Santa Clara,085,1922200,40220,35019,109,35128,451
2020-11-30,Santa Cruz,087,273765,5253,4558,69,4627,26
2020-11-30,Shasta,089,179085,5960,4933,258,5191,44
2020-11-30,Sierra,091,2930,19,16,0,16,0
2020-11-30,Siskiyou,093,43540,732,605,39,644,1
2020-11-30,Solano,095,438530,11508,10392,77,10469,87
2020-11-30,Sonoma,097,501317,13339,12232,75,12307,163
2020-11-30,Stanislaus,099,539301,23711,22110,1563,23673,446
2020-11-30,Sutter,101,95872,3974,3430,12,3442,16
2020-11-30,Tehama,103,63373,1929,1724,61,1785,9
2020-11-30,Trinity,105,12862,292,162,29,191,0
2020-11-30,Tulare,107,460477,23134,20833,1675,22508,319
2020-11-30,Tuolumne,109,53932,1235,1027,8,1035,7
2020-11-30,Ventura,111,848112,22698,20308,704,21012,180
2020-11-30,Yolo,113,214977,5462,4894,19,4913,81
2020-11-30,Yuba,115,75493,2310,2028,12,2040,10
2020-11-29,Alameda,001,1643700,32176,29918,380,30298,457
2020-11-29,Alpine,002,1148,51,41,0,41,0
2020-11-29,Amador,005,37829,721,548,2,550,16
2020-11-29,Butte,007,227075,4429,4008,263,4271,65
2020-11-29,Calaveras,009,45235,548,478,0,478,21
2020-11-29,Colusa,011,21464,830,723,8,731,6
2020-11-29,Contra Costa,013,1133247,25938,24165,177,24342,264
2020-11-29,Del Norte,015,27424,395,339,0,339,2
2020-11-29,El Dorado,017,186661,3079,2447,53,2500,4
2020-11-29,Fresno,019,978130,43982,38568,1583,40151,500
2020-11-29,Glenn,021,27897,1062,951,55,1006,4
2020-11-29,Humboldt,023,135768,1007,856,4,860,9
2020-11-29,Imperial,025,180216,16828,16138,105,16243,356
2020-11-29,Inyo,027,18085,328,289,5,294,15
2020-11-29,Kern,029,883053,43209,40596,1460,42056,473
2020-11-29,Kings,031,150075,11949,11247,197,11444,85
2020-11-29,Lake,033,64148,1087,927,0,927,18
2020-11-29,Lassen,035,31185,2333,1793,8,1801,0
2020-11-29,Los Angeles,037,10098052,421501,391162,6707,397869,7642
2020-11-29,Madera,039,155013,6864,6184,169,6353,57
2020-11-29,Marin,041,260295,7973,7739,34,7773,135
2020-11-29,Mariposa,043,17540,147,123,2,125,2
2020-11-29,Mendocino,045,87422,1614,1473,10,1483,23
2020-11-29,Merced,047,269075,12510,11773,122,11895,172
2020-11-29,Modoc,049,8938,127,105,21,126,0
2020-11-29,Mono,051,14174,560,515,10,525,3
2020-11-29,Monterey,053,433212,16484,15621,278,15899,119
2020-11-29,Napa,055,140530,3525,3090,16,3106,18
2020-11-29,Nevada,057,99092,1583,1311,40,1351,9
2020-11-29,Orange,059,3164182,86066,78057,2602,80659,1567
2020-11-29,Placer,061,380077,8126,6535,164,6699,72
2020-11-29,Plumas,063,18699,244,191,0,191,0
2020-11-29,Riverside,065,2383286,99150,87383,2234,89617,1442
2020-11-29,Sacramento,067,1510023,40503,37415,154,37569,585
2020-11-29,San Benito,069,59416,2024,1860,14,1874,15
2020-11-29,San Bernardino,071,2135413,104806,92052,1939,93991,1223
2020-11-29,San Diego,073,3302833,88127,81086,3355,84441,997
2020-11-29,San Francisco,075,870044,16358,15571,113,15684,153
2020-11-29,San Joaquin,077,732212,27968,25740,573,26313,509
2020-11-29,San Luis Obispo,079,281455,6819,6145,111,6256,36
2020-11-29,San Mateo,081,765935,15497,14177,18,14195,169
2020-11-29,Santa Barbara,083,443738,12064,11520,209,11729,140
2020-11-29,Santa Clara,085,1922200,39008,34234,103,34337,451
2020-11-29,Santa Cruz,087,273765,5093,4490,67,4557,26
2020-11-29,Shasta,089,179085,5788,4935,230,5165,43
2020-11-29,Sierra,091,2930,19,16,0,16,0
2020-11-29,Siskiyou,093,43540,709,590,37,627,1
2020-11-29,Solano,095,438530,11275,10393,73,10466,87
2020-11-29,Sonoma,097,501317,13086,12052,71,12123,163
2020-11-29,Stanislaus,099,539301,23215,21701,1529,23230,446
2020-11-29,Sutter,101,95872,3858,3297,12,3309,16
2020-11-29,Tehama,103,63373,1878,1710,47,1757,9
2020-11-29,Trinity,105,12862,289,159,27,186,0
2020-11-29,Tulare,107,460477,22765,20793,1600,22393,319
2020-11-29,Tuolumne,109,53932,1198,988,8,996,7
2020-11-29,Ventura,111,848112,22014,19952,692,20644,179
2020-11-29,Yolo,113,214977,5325,4830,18,4848,80
2020-11-29,Yuba,115,75493,2254,1959,12,1971,10
2020-11-28,Alameda,001,1643700,31866,29368,375,29743,456
2020-11-28,Alpine,002,1148,51,41,0,41,0
2020-11-28,Amador,005,37829,644,536,2,538,16
2020-11-28,Butte,007,227075,4371,3894,259,4153,65
2020-11-28,Calaveras,009,45235,542,478,0,478,21
2020-11-28,Colusa,011,21464,821,711,6,717,6
2020-11-28,Contra Costa,013,1133247,25605,23798,173,23971,264
2020-11-28,Del Norte,015,27424,385,328,0,328,2
2020-11-28,El Dorado,017,186661,3011,2415,47,2462,4
2020-11-28,Fresno,019,978130,43635,38288,1545,39833,500
2020-11-28,Glenn,021,27897,1051,925,51,976,4
2020-11-28,Humboldt,023,135768,972,844,4,848,9
2020-11-28,Imperial,025,180216,16759,16019,103,16122,356
2020-11-28,Inyo,027,18085,320,289,5,294,15
2020-11-28,Kern,029,883053,42846,40255,1372,41627,473
2020-11-28,Kings,031,150075,11884,11070,190,11260,85
2020-11-28,Lake,033,64148,1071,920,0,920,18
2020-11-28,Lassen,035,31185,2266,1714,8,1722,0
2020-11-28,Los Angeles,037,10098052,416582,386194,6550,392744,7625
2020-11-28,Madera,039,155013,6761,6119,162,6281,57
2020-11-28,Marin,041,260295,7943,7696,30,7726,135
2020-11-28,Mariposa,043,17540,144,120,2,122,2
2020-11-28,Mendocino,045,87422,1583,1458,10,1468,22
2020-11-28,Merced,047,269075,12410,11688,116,11804,172
2020-11-28,Modoc,049,8938,124,103,21,124,0
2020-11-28,Mono,051,14174,554,505,10,515,3
2020-11-28,Monterey,053,433212,16318,15328,274,15602,118
2020-11-28,Napa,055,140530,3474,3033,16,3049,18
2020-11-28,Nevada,057,99092,1554,1272,38,1310,9
2020-11-28,Orange,059,3164182,84966,76882,2555,79437,1568
2020-11-28,Placer,061,380077,7966,6497,161,6658,70
2020-11-28,Plumas,063,18699,237,188,0,188,0
2020-11-28,Riverside,065,2383286,97742,86854,2133,88987,1440
2020-11-28,Sacramento,067,1510023,39926,36905,150,37055,580
2020-11-28,San Benito,069,59416,1979,1835,14,1849,15
2020-11-28,San Bernardino,071,2135413,103405,91183,1837,93020,1224
2020-11-28,San Diego,073,3302833,86873,80020,3271,83291,997
2020-11-28,San Francisco,075,870044,16183,15450,106,15556,153
2020-11-28,San Joaquin,077,732212,27767,25742,558,26300,509
2020-11-28,San Luis Obispo,079,281455,6749,6106,107,6213,36
2020-11-28,San Mateo,081,765935,15307,14040,18,14058,169
2020-11-28,Santa Barbara,083,443738,11962,11481,204,11685,140
2020-11-28,Santa Clara,085,1922200,38257,33701,101,33802,449
2020-11-28,Santa Cruz,087,273765,5017,4426,67,4493,26
2020-11-28,Shasta,089,179085,5711,4882,223,5105,43
2020-11-28,Sierra,091,2930,19,16,0,16,0
2020-11-28,Siskiyou,093,43540,699,558,34,592,1
2020-11-28,Solano,095,438530,11153,10252,71,10323,87
2020-11-28,Sonoma,097,501317,12983,12008,62,12070,162
2020-11-28,Stanislaus,099,539301,22976,21574,1495,23069,446
2020-11-28,Sutter,101,95872,3774,3244,12,3256,15
2020-11-28,Tehama,103,63373,1859,1678,43,1721,9
2020-11-28,Trinity,105,12862,286,157,25,182,0
2020-11-28,Tulare,107,460477,22568,20701,1558,22259,319
2020-11-28,Tuolumne,109,53932,1176,976,8,984,7
2020-11-28,Ventura,111,848112,21716,19510,682,20192,179
2020-11-28,Yolo,113,214977,5248,4739,16,4755,80
2020-11-28,Yuba,115,75493,2199,1912,12,1924,10
2020-11-27,Alameda,001,1643700,31422,29064,365,29429,450
2020-11-27,Alpine,002,1148,51,41,0,41,0
2020-11-27,Amador,005,37829,597,498,1,499,16
2020-11-27,Butte,007,227075,4330,3894,252,4146,65
2020-11-27,Calaveras,009,45235,533,478,0,478,21
2020-11-27,Colusa,011,21464,804,694,4,698,6
2020-11-27,Contra Costa,013,1133247,25344,23463,167,23630,264
2020-11-27,Del Norte,015,27424,379,307,0,307,2
2020-11-27,El Dorado,017,186661,2940,2238,44,2282,4
2020-11-27,Fresno,019,978130,43230,37994,1489,39483,500
2020-11-27,Glenn,021,27897,1038,891,46,937,4
2020-11-27,Humboldt,023,135768,953,795,3,798,9
2020-11-27,Imperial,025,180216,16691,15960,95,16055,356
2020-11-27,Inyo,027,18085,314,289,5,294,15
2020-11-27,Kern,029,883053,42423,39707,1302,41009,473
2020-11-27,Kings,031,150075,11799,10667,172,10839,85
2020-11-27,Lake,033,64148,1035,909,0,909,18
2020-11-27,Lassen,035,31185,2254,1714,8,1722,0
2020-11-27,Los Angeles,037,10098052,410058,382740,6404,389144,7606
2020-11-27,Madera,039,155013,6689,6050,157,6207,57
2020-11-27,Marin,041,260295,7902,7660,30,7690,135
2020-11-27,Mariposa,043,17540,142,118,2,120,2
2020-11-27,Mendocino,045,87422,1569,1387,9,1396,22
2020-11-27,Merced,047,269075,12304,11550,109,11659,172
2020-11-27,Modoc,049,8938,123,100,21,121,0
2020-11-27,Mono,051,14174,550,498,10,508,3
2020-11-27,Monterey,053,433212,16150,14753,274,15027,113
2020-11-27,Napa,055,140530,3434,2988,16,3004,18
2020-11-27,Nevada,057,99092,1524,1184,36,1220,9
2020-11-27,Orange,059,3164182,83678,75151,2516,77667,1568
2020-11-27,Placer,061,380077,7807,6283,151,6434,68
2020-11-27,Plumas,063,18699,234,188,0,188,0
2020-11-27,Riverside,065,2383286,96132,85769,1981,87750,1440
2020-11-27,Sacramento,067,1510023,39305,36579,146,36725,579
2020-11-27,San Benito,069,59416,1945,1805,13,1818,15
2020-11-27,San Bernardino,071,2135413,101886,90254,1756,92010,1224
2020-11-27,San Diego,073,3302833,85679,78161,3182,81343,996
2020-11-27,San Francisco,075,870044,16028,15377,104,15481,153
2020-11-27,San Joaquin,077,732212,27543,25741,538,26279,509
2020-11-27,San Luis Obispo,079,281455,6666,6039,104,6143,36
2020-11-27,San Mateo,081,765935,15105,13872,17,13889,169
2020-11-27,Santa Barbara,083,443738,11869,11340,201,11541,140
2020-11-27,Santa Clara,085,1922200,37582,32935,94,33029,449
2020-11-27,Santa Cruz,087,273765,4946,4358,65,4423,26
2020-11-27,Shasta,089,179085,5634,4710,210,4920,43
2020-11-27,Sierra,091,2930,18,16,0,16,0
2020-11-27,Siskiyou,093,43540,684,554,31,585,1
2020-11-27,Solano,095,438530,11034,10044,68,10112,87
2020-11-27,Sonoma,097,501317,12850,11924,60,11984,162
2020-11-27,Stanislaus,099,539301,22747,21185,1466,22651,446
2020-11-27,Sutter,101,95872,3706,3101,12,3113,15
2020-11-27,Tehama,103,63373,1833,1649,39,1688,9
2020-11-27,Trinity,105,12862,282,151,25,176,0
2020-11-27,Tulare,107,460477,22378,20634,1501,22135,319
2020-11-27,Tuolumne,109,53932,1144,881,8,889,7
2020-11-27,Ventura,111,848112,21392,19379,660,20039,179
2020-11-27,Yolo,113,214977,5197,4737,16,4753,79
2020-11-27,Yuba,115,75493,2170,1864,11,1875,10
2020-11-26,Alameda,001,1643700,31007,28797,347,29144,447
2020-11-26,Alpine,002,1148,51,41,0,41,0
2020-11-26,Amador,005,37829,589,488,1,489,16
2020-11-26,Butte,007,227075,4267,3894,246,4140,65
2020-11-26,Calaveras,009,45235,506,478,0,478,21
2020-11-26,Colusa,011,21464,790,694,4,698,6
2020-11-26,Contra Costa,013,1133247,25011,23468,161,23629,264
2020-11-26,Del Norte,015,27424,368,307,0,307,2
2020-11-26,El Dorado,017,186661,2859,2217,42,2259,4
2020-11-26,Fresno,019,978130,42825,37724,1444,39168,500
2020-11-26,Glenn,021,27897,1022,892,44,936,4
2020-11-26,Humboldt,023,135768,930,795,2,797,9
2020-11-26,Imperial,025,180216,16576,15722,92,15814,355
2020-11-26,Inyo,027,18085,312,289,5,294,15
2020-11-26,Kern,029,883053,41973,39123,1242,40365,471
2020-11-26,Kings,031,150075,11744,10475,160,10635,85
2020-11-26,Lake,033,64148,1022,890,0,890,18
2020-11-26,Lassen,035,31185,2239,1714,8,1722,0
2020-11-26,Los Angeles,037,10098052,404892,378340,6172,384512,7581
2020-11-26,Madera,039,155013,6610,6003,152,6155,57
2020-11-26,Marin,041,260295,7864,7610,30,7640,135
2020-11-26,Mariposa,043,17540,137,116,2,118,2
2020-11-26,Mendocino,045,87422,1555,1387,7,1394,22
2020-11-26,Merced,047,269075,12156,11440,107,11547,172
2020-11-26,Modoc,049,8938,121,100,21,121,0
2020-11-26,Mono,051,14174,542,485,10,495,2
2020-11-26,Monterey,053,433212,15914,14750,266,15016,113
2020-11-26,Napa,055,140530,3370,2988,16,3004,18
2020-11-26,Nevada,057,99092,1479,1184,36,1220,9
2020-11-26,Orange,059,3164182,82287,74264,2456,76720,1563
2020-11-26,Placer,061,380077,7643,6278,142,6420,68
2020-11-26,Plumas,063,18699,226,188,0,188,0
2020-11-26,Riverside,065,2383286,94530,85774,1857,87631,1440
2020-11-26,Sacramento,067,1510023,38662,35854,138,35992,580
2020-11-26,San Benito,069,59416,1918,1769,13,1782,15
2020-11-26,San Bernardino,071,2135413,100233,89727,1663,91390,1223
2020-11-26,San Diego,073,3302833,84069,76359,3078,79437,996
2020-11-26,San Francisco,075,870044,15893,15156,100,15256,153
2020-11-26,San Joaquin,077,732212,27287,25738,526,26264,509
2020-11-26,San Luis Obispo,079,281455,6573,5964,101,6065,36
2020-11-26,San Mateo,081,765935,14916,13715,16,13731,169
2020-11-26,Santa Barbara,083,443738,11788,11277,200,11477,139
2020-11-26,Santa Clara,085,1922200,36936,32411,87,32498,446
2020-11-26,Santa Cruz,087,273765,4813,4269,59,4328,26
2020-11-26,Shasta,089,179085,5551,4712,198,4910,43
2020-11-26,Sierra,091,2930,18,15,0,15,0
2020-11-26,Siskiyou,093,43540,674,526,31,557,1
2020-11-26,Solano,095,438530,10889,9941,66,10007,87
2020-11-26,Sonoma,097,501317,12702,11922,58,11980,162
2020-11-26,Stanislaus,099,539301,22515,21186,1426,22612,445
2020-11-26,Sutter,101,95872,3612,3101,11,3112,15
2020-11-26,Tehama,103,63373,1793,1612,36,1648,9
2020-11-26,Trinity,105,12862,278,139,25,164,0
2020-11-26,Tulare,107,460477,22138,20649,1440,22089,319
2020-11-26,Tuolumne,109,53932,1116,871,8,879,7
2020-11-26,Ventura,111,848112,20895,19058,646,19704,179
2020-11-26,Yolo,113,214977,5110,4566,16,4582,76
2020-11-26,Yuba,115,75493,2110,1865,9,1874,10
2020-11-25,Alameda,001,1643700,30792,28378,339,28717,447
2020-11-25,Alpine,002,1148,51,41,0,41,0
2020-11-25,Amador,005,37829,579,484,1,485,16
2020-11-25,Butte,007,227075,4236,3848,243,4091,64
2020-11-25,Calaveras,009,45235,503,475,0,475,21
2020-11-25,Colusa,011,21464,773,693,4,697,6
2020-11-25,Contra Costa,013,1133247,24855,23307,160,23467,263
2020-11-25,Del Norte,015,27424,367,304,0,304,2
2020-11-25,El Dorado,017,186661,2823,2154,42,2196,4
2020-11-25,Fresno,019,978130,42592,37349,1422,38771,494
2020-11-25,Glenn,021,27897,1005,891,42,933,4
2020-11-25,Humboldt,023,135768,922,777,2,779,9
2020-11-25,Imperial,025,180216,16504,15640,91,15731,355
2020-11-25,Inyo,027,18085,310,289,5,294,15
2020-11-25,Kern,029,883053,41817,38878,1225,40103,467
2020-11-25,Kings,031,150075,11709,10417,156,10573,85
2020-11-25,Lake,033,64148,1005,878,0,878,18
2020-11-25,Lassen,035,31185,2196,1701,8,1709,0
2020-11-25,Los Angeles,037,10098052,401864,373919,6072,379991,7545
2020-11-25,Madera,039,155013,6587,5989,149,6138,57
2020-11-25,Marin,041,260295,7835,7601,29,7630,135
2020-11-25,Mariposa,043,17540,136,114,2,116,2
2020-11-25,Mendocino,045,87422,1536,1373,7,1380,22
2020-11-25,Merced,047,269075,12100,11346,107,11453,172
2020-11-25,Modoc,049,8938,121,96,21,117,0
2020-11-25,Mono,051,14174,537,487,10,497,2
2020-11-25,Monterey,053,433212,15799,14695,264,14959,113
2020-11-25,Napa,055,140530,3337,2945,16,2961,17
2020-11-25,Nevada,057,99092,1461,1170,34,1204,9
2020-11-25,Orange,059,3164182,81531,73014,2436,75450,1551
2020-11-25,Placer,061,380077,7567,6221,141,6362,68
2020-11-25,Plumas,063,18699,221,183,0,183,0
2020-11-25,Riverside,065,2383286,93985,85077,1839,86916,1438
2020-11-25,Sacramento,067,1510023,38325,35687,135,35822,574
2020-11-25,San Benito,069,59416,1895,1764,13,1777,15
2020-11-25,San Bernardino,071,2135413,99391,88469,1634,90103,1225
2020-11-25,San Diego,073,3302833,83412,75307,3042,78349,988
2020-11-25,San Francisco,075,870044,15786,15053,98,15151,153
2020-11-25,San Joaquin,077,732212,27159,25556,514,26070,515
2020-11-25,San Luis Obispo,079,281455,6530,5913,101,6014,34
2020-11-25,San Mateo,081,765935,14801,13614,16,13630,170
2020-11-25,Santa Barbara,083,443738,11738,11183,200,11383,138
2020-11-25,Santa Clara,085,1922200,36487,32032,86,32118,442
2020-11-25,Santa Cruz,087,273765,4760,4202,58,4260,25
2020-11-25,Shasta,089,179085,5505,4588,191,4779,43
2020-11-25,Sierra,091,2930,18,15,0,15,0
2020-11-25,Siskiyou,093,43540,667,499,31,530,1
2020-11-25,Solano,095,438530,10784,9832,65,9897,87
2020-11-25,Sonoma,097,501317,12640,11775,57,11832,162
2020-11-25,Stanislaus,099,539301,22383,21022,1399,22421,445
2020-11-25,Sutter,101,95872,3568,3064,11,3075,14
2020-11-25,Tehama,103,63373,1780,1587,30,1617,9
2020-11-25,Trinity,105,12862,276,135,25,160,0
2020-11-25,Tulare,107,460477,22047,20528,1410,21938,318
2020-11-25,Tuolumne,109,53932,1099,842,8,850,7
2020-11-25,Ventura,111,848112,20800,18914,640,19554,179
2020-11-25,Yolo,113,214977,5073,4527,16,4543,76
2020-11-25,Yuba,115,75493,2084,1840,9,1849,10
2020-11-24,Alameda,001,1643700,30316,28030,328,28358,444
2020-11-24,Alpine,002,1148,51,41,0,41,0
2020-11-24,Amador,005,37829,554,470,1,471,16
2020-11-24,Butte,007,227075,4150,3798,235,4033,63
2020-11-24,Calaveras,009,45235,497,466,0,466,21
2020-11-24,Colusa,011,21464,755,682,4,686,6
2020-11-24,Contra Costa,013,1133247,24502,23072,154,23226,259
2020-11-24,Del Norte,015,27424,358,298,0,298,2
2020-11-24,El Dorado,017,186661,2718,2005,41,2046,4
2020-11-24,Fresno,019,978130,42189,37021,1347,38368,493
2020-11-24,Glenn,021,27897,987,883,38,921,4
2020-11-24,Humboldt,023,135768,903,774,2,776,9
2020-11-24,Imperial,025,180216,16400,15600,86,15686,355
2020-11-24,Inyo,027,18085,309,282,5,287,15
2020-11-24,Kern,029,883053,41343,38551,1149,39700,465
2020-11-24,Kings,031,150075,11442,10338,143,10481,85
2020-11-24,Lake,033,64148,988,872,0,872,18
2020-11-24,Lassen,035,31185,2173,1657,8,1665,0
2020-11-24,Los Angeles,037,10098052,395555,370008,5841,375849,7501
2020-11-24,Madera,039,155013,6504,5881,142,6023,57
2020-11-24,Marin,041,260295,7789,7591,29,7620,135
2020-11-24,Mariposa,043,17540,126,114,1,115,2
2020-11-24,Mendocino,045,87422,1514,1346,6,1352,22
2020-11-24,Merced,047,269075,11912,11268,101,11369,171
2020-11-24,Modoc,049,8938,117,91,21,112,0
2020-11-24,Mono,051,14174,533,483,10,493,2
2020-11-24,Monterey,053,433212,15537,14354,255,14609,113
2020-11-24,Napa,055,140530,3270,2904,16,2920,17
2020-11-24,Nevada,057,99092,1397,1156,32,1188,9
2020-11-24,Orange,059,3164182,80090,71975,2359,74334,1547
2020-11-24,Placer,061,380077,7387,6147,134,6281,67
2020-11-24,Plumas,063,18699,218,180,0,180,0
2020-11-24,Riverside,065,2383286,92226,83685,1713,85398,1420
2020-11-24,Sacramento,067,1510023,37645,35097,128,35225,568
2020-11-24,San Benito,069,59416,1864,1740,12,1752,15
2020-11-24,San Bernardino,071,2135413,97052,86645,1533,88178,1226
2020-11-24,San Diego,073,3302833,82002,74363,2971,77334,984
2020-11-24,San Francisco,075,870044,15591,14874,94,14968,153
2020-11-24,San Joaquin,077,732212,26846,25318,487,25805,517
2020-11-24,San Luis Obispo,079,281455,6467,5805,100,5905,34
2020-11-24,San Mateo,081,765935,14592,13558,15,13573,170
2020-11-24,Santa Barbara,083,443738,11632,11154,199,11353,138
2020-11-24,Santa Clara,085,1922200,35699,31564,82,31646,438
2020-11-24,Santa Cruz,087,273765,4647,4132,57,4189,25
2020-11-24,Shasta,089,179085,5405,4410,172,4582,43
2020-11-24,Sierra,091,2930,18,15,0,15,0
2020-11-24,Siskiyou,093,43540,649,473,28,501,1
2020-11-24,Solano,095,438530,10612,9716,64,9780,86
2020-11-24,Sonoma,097,501317,12461,11644,54,11698,162
2020-11-24,Stanislaus,099,539301,22141,20830,1356,22186,438
2020-11-24,Sutter,101,95872,3462,2974,11,2985,14
2020-11-24,Tehama,103,63373,1736,1565,25,1590,9
2020-11-24,Trinity,105,12862,269,129,24,153,0
2020-11-24,Tulare,107,460477,21797,20319,1349,21668,315
2020-11-24,Tuolumne,109,53932,1070,832,8,840,7
2020-11-24,Ventura,111,848112,20419,18637,630,19267,179
2020-11-24,Yolo,113,214977,4987,4420,16,4436,76
2020-11-24,Yuba,115,75493,2033,1804,7,1811,10
2020-11-23,Alameda,001,1643700,29899,27718,316,28034,444
2020-11-23,Alpine,002,1148,49,41,0,41,0
2020-11-23,Amador,005,37829,513,457,1,458,16
2020-11-23,Butte,007,227075,4084,3765,229,3994,61
2020-11-23,Calaveras,009,45235,481,434,0,434,21
2020-11-23,Colusa,011,21464,741,662,4,666,6
2020-11-23,Contra Costa,013,1133247,24234,22674,149,22823,260
2020-11-23,Del Norte,015,27424,336,296,0,296,2
2020-11-23,El Dorado,017,186661,2598,2005,40,2045,4
2020-11-23,Fresno,019,978130,41739,36688,1286,37974,488
2020-11-23,Glenn,021,27897,961,853,38,891,4
2020-11-23,Humboldt,023,135768,890,746,2,748,9
2020-11-23,Imperial,025,180216,16237,15104,81,15185,355
2020-11-23,Inyo,027,18085,302,279,5,284,15
2020-11-23,Kern,029,883053,40830,38245,1086,39331,463
2020-11-23,Kings,031,150075,11022,10204,137,10341,85
2020-11-23,Lake,033,64148,965,840,0,840,18
2020-11-23,Lassen,035,31185,2093,1271,7,1278,0
2020-11-23,Los Angeles,037,10098052,389449,366374,5597,371971,7447
2020-11-23,Madera,039,155013,6379,5787,138,5925,56
2020-11-23,Marin,041,260295,7745,7543,29,7572,135
2020-11-23,Mariposa,043,17540,125,97,1,98,2
2020-11-23,Mendocino,045,87422,1484,1330,6,1336,22
2020-11-23,Merced,047,269075,11723,11148,98,11246,169
2020-11-23,Modoc,049,8938,104,91,20,111,0
2020-11-23,Mono,051,14174,520,480,10,490,2
2020-11-23,Monterey,053,433212,15258,14265,249,14514,112
2020-11-23,Napa,055,140530,3203,2811,16,2827,17
2020-11-23,Nevada,057,99092,1308,1087,32,1119,9
2020-11-23,Orange,059,3164182,78684,71074,2315,73389,1546
2020-11-23,Placer,061,380077,7185,5999,133,6132,66
2020-11-23,Plumas,063,18699,214,172,0,172,0
2020-11-23,Riverside,065,2383286,90449,82175,1649,83824,1415
2020-11-23,Sacramento,067,1510023,37074,34141,122,34263,556
2020-11-23,San Benito,069,59416,1836,1729,11,1740,15
2020-11-23,San Bernardino,071,2135413,94944,84387,1469,85856,1224
2020-11-23,San Diego,073,3302833,80539,72817,2883,75700,968
2020-11-23,San Francisco,075,870044,15433,14646,92,14738,153
2020-11-23,San Joaquin,077,732212,26496,24622,483,25105,517
2020-11-23,San Luis Obispo,079,281455,6385,5772,98,5870,34
2020-11-23,San Mateo,081,765935,14402,13364,15,13379,170
2020-11-23,Santa Barbara,083,443738,11525,10944,195,11139,137
2020-11-23,Santa Clara,085,1922200,35045,31064,79,31143,435
2020-11-23,Santa Cruz,087,273765,4537,4003,53,4056,25
2020-11-23,Shasta,089,179085,5287,4100,160,4260,43
2020-11-23,Sierra,091,2930,17,15,0,15,0
2020-11-23,Siskiyou,093,43540,622,460,28,488,0
2020-11-23,Solano,095,438530,10455,9394,61,9455,86
2020-11-23,Sonoma,097,501317,12288,11507,50,11557,160
2020-11-23,Stanislaus,099,539301,21847,20487,1324,21811,436
2020-11-23,Sutter,101,95872,3325,2840,10,2850,14
2020-11-23,Tehama,103,63373,1687,1526,21,1547,9
2020-11-23,Trinity,105,12862,260,120,22,142,0
2020-11-23,Tulare,107,460477,21505,19818,1284,21102,315
2020-11-23,Tuolumne,109,53932,1030,774,8,782,7
2020-11-23,Ventura,111,848112,20044,18480,617,19097,179
2020-11-23,Yolo,113,214977,4906,4265,15,4280,75
2020-11-23,Yuba,115,75493,1966,1702,7,1709,10
2020-11-22,Alameda,001,1643700,29461,27472,305,27777,444
2020-11-22,Alpine,002,1148,46,41,0,41,0
2020-11-22,Amador,005,37829,501,450,1,451,16
2020-11-22,Butte,007,227075,4034,3712,221,3933,61
2020-11-22,Calaveras,009,45235,473,434,0,434,21
2020-11-22,Colusa,011,21464,723,642,3,645,6
2020-11-22,Contra Costa,013,1133247,23929,22407,144,22551,260
2020-11-22,Del Norte,015,27424,312,271,0,271,2
2020-11-22,El Dorado,017,186661,2488,1917,36,1953,4
2020-11-22,Fresno,019,978130,41254,36315,1231,37546,488
2020-11-22,Glenn,021,27897,939,832,34,866,4
2020-11-22,Humboldt,023,135768,874,729,2,731,9
2020-11-22,Imperial,025,180216,16033,15109,36,15145,355
2020-11-22,Inyo,027,18085,295,279,5,284,15
2020-11-22,Kern,029,883053,40251,37904,1053,38957,463
2020-11-22,Kings,031,150075,10923,10035,128,10163,85
2020-11-22,Lake,033,64148,943,834,0,834,18
2020-11-22,Lassen,035,31185,1928,1211,6,1217,0
2020-11-22,Los Angeles,037,10098052,383162,360341,5356,365697,7438
2020-11-22,Madera,039,155013,6297,5745,127,5872,56
2020-11-22,Marin,041,260295,7711,7506,28,7534,135
2020-11-22,Mariposa,043,17540,124,95,1,96,2
2020-11-22,Mendocino,045,87422,1460,1285,5,1290,22
2020-11-22,Merced,047,269075,11574,10939,98,11037,169
2020-11-22,Modoc,049,8938,103,87,19,106,0
2020-11-22,Mono,051,14174,505,481,10,491,2
2020-11-22,Monterey,053,433212,15017,13887,244,14131,111
2020-11-22,Napa,055,140530,3124,2778,16,2794,17
2020-11-22,Nevada,057,99092,1250,1052,32,1084,9
2020-11-22,Orange,059,3164182,77267,69913,2277,72190,1546
2020-11-22,Placer,061,380077,6958,5880,123,6003,66
2020-11-22,Plumas,063,18699,201,172,0,172,0
2020-11-22,Riverside,065,2383286,88850,81565,1590,83155,1409
2020-11-22,Sacramento,067,1510023,36340,33421,109,33530,555
2020-11-22,San Benito,069,59416,1807,1704,11,1715,15
2020-11-22,San Bernardino,071,2135413,92605,83505,1399,84904,1224
2020-11-22,San Diego,073,3302833,78802,71649,2808,74457,968
2020-11-22,San Francisco,075,870044,15263,14515,91,14606,153
2020-11-22,San Joaquin,077,732212,26196,24619,471,25090,517
2020-11-22,San Luis Obispo,079,281455,6278,5664,97,5761,34
2020-11-22,San Mateo,081,765935,14197,13228,15,13243,170
2020-11-22,Santa Barbara,083,443738,11390,10946,190,11136,137
2020-11-22,Santa Clara,085,1922200,34367,30633,77,30710,434
2020-11-22,Santa Cruz,087,273765,4454,3896,46,3942,25
2020-11-22,Shasta,089,179085,5131,4100,142,4242,43
2020-11-22,Sierra,091,2930,17,13,0,13,0
2020-11-22,Siskiyou,093,43540,591,411,28,439,0
2020-11-22,Solano,095,438530,10281,9363,57,9420,86
2020-11-22,Sonoma,097,501317,12130,11415,48,11463,159
2020-11-22,Stanislaus,099,539301,21523,20223,1294,21517,436
2020-11-22,Sutter,101,95872,3208,2677,10,2687,13
2020-11-22,Tehama,103,63373,1650,1457,17,1474,9
2020-11-22,Trinity,105,12862,254,114,22,136,0
2020-11-22,Tulare,107,460477,21251,19818,1218,21036,314
2020-11-22,Tuolumne,109,53932,1003,689,8,697,7
2020-11-22,Ventura,111,848112,19683,18105,604,18709,179
2020-11-22,Yolo,113,214977,4806,4206,15,4221,75
2020-11-22,Yuba,115,75493,1914,1672,7,1679,10
2020-11-21,Alameda,001,1643700,29274,27424,303,27727,444
2020-11-21,Alpine,002,1148,46,41,0,41,0
2020-11-21,Amador,005,37829,487,450,1,451,16
2020-11-21,Butte,007,227075,3986,3664,218,3882,61
2020-11-21,Calaveras,009,45235,465,434,0,434,21
2020-11-21,Colusa,011,21464,714,642,3,645,6
2020-11-21,Contra Costa,013,1133247,23775,22338,142,22480,260
2020-11-21,Del Norte,015,27424,307,271,0,271,2
2020-11-21,El Dorado,017,186661,2439,1900,35,1935,4
2020-11-21,Fresno,019,978130,41000,35973,1196,37169,482
2020-11-21,Glenn,021,27897,934,829,32,861,4
2020-11-21,Humboldt,023,135768,864,728,2,730,9
2020-11-21,Imperial,025,180216,15953,15053,36,15089,355
2020-11-21,Inyo,027,18085,293,283,5,288,15
2020-11-21,Kern,029,883053,39995,37403,1018,38421,463
2020-11-21,Kings,031,150075,10875,10019,124,10143,85
2020-11-21,Lake,033,64148,930,832,0,832,18
2020-11-21,Lassen,035,31185,1861,1211,6,1217,0
2020-11-21,Los Angeles,037,10098052,379976,357754,5217,362971,7428
2020-11-21,Madera,039,155013,6259,5706,127,5833,56
2020-11-21,Marin,041,260295,7687,7488,27,7515,134
2020-11-21,Mariposa,043,17540,124,92,1,93,2
2020-11-21,Mendocino,045,87422,1429,1282,5,1287,22
2020-11-21,Merced,047,269075,11513,10849,97,10946,169
2020-11-21,Modoc,049,8938,99,87,18,105,0
2020-11-21,Mono,051,14174,500,469,10,479,2
2020-11-21,Monterey,053,433212,14919,13886,239,14125,110
2020-11-21,Napa,055,140530,3090,2757,16,2773,17
2020-11-21,Nevada,057,99092,1238,1018,31,1049,9
2020-11-21,Orange,059,3164182,76463,69021,2247,71268,1543
2020-11-21,Placer,061,380077,6843,5778,120,5898,65
2020-11-21,Plumas,063,18699,196,172,0,172,0
2020-11-21,Riverside,065,2383286,88073,80676,1544,82220,1407
2020-11-21,Sacramento,067,1510023,35944,33133,101,33234,548
2020-11-21,San Benito,069,59416,1788,1691,11,1702,15
2020-11-21,San Bernardino,071,2135413,91728,83206,1323,84529,1222
2020-11-21,San Diego,073,3302833,78023,70711,2753,73464,966
2020-11-21,San Francisco,075,870044,15159,14445,90,14535,153
2020-11-21,San Joaquin,077,732212,26063,24620,456,25076,517
2020-11-21,San Luis Obispo,079,281455,6225,5618,94,5712,34
2020-11-21,San Mateo,081,765935,14096,13138,15,13153,170
2020-11-21,Santa Barbara,083,443738,11338,10922,187,11109,137
2020-11-21,Santa Clara,085,1922200,33983,30377,74,30451,433
2020-11-21,Santa Cruz,087,273765,4397,3898,46,3944,25
2020-11-21,Shasta,089,179085,5058,4095,139,4234,42
2020-11-21,Sierra,091,2930,17,13,0,13,0
2020-11-21,Siskiyou,093,43540,575,403,28,431,0
2020-11-21,Solano,095,438530,10191,9290,54,9344,86
2020-11-21,Sonoma,097,501317,12055,11394,47,11441,158
2020-11-21,Stanislaus,099,539301,21380,20111,1270,21381,435
2020-11-21,Sutter,101,95872,3148,2615,9,2624,13
2020-11-21,Tehama,103,63373,1630,1435,16,1451,9
2020-11-21,Trinity,105,12862,251,110,22,132,0
2020-11-21,Tulare,107,460477,21123,19752,1184,20936,313
2020-11-21,Tuolumne,109,53932,984,690,8,698,7
2020-11-21,Ventura,111,848112,19520,18040,594,18634,177
2020-11-21,Yolo,113,214977,4732,4147,14,4161,75
2020-11-21,Yuba,115,75493,1882,1643,7,1650,10
2020-11-20,Alameda,001,1643700,29060,27221,296,27517,444
2020-11-20,Alpine,002,1148,46,20,0,20,0
2020-11-20,Amador,005,37829,483,446,1,447,16
2020-11-20,Butte,007,227075,3953,3618,214,3832,60
2020-11-20,Calaveras,009,45235,455,424,0,424,21
2020-11-20,Colusa,011,21464,706,631,2,633,6
2020-11-20,Contra Costa,013,1133247,23590,22116,138,22254,260
2020-11-20,Del Norte,015,27424,304,264,0,264,2
2020-11-20,El Dorado,017,186661,2342,1868,33,1901,4
2020-11-20,Fresno,019,978130,40706,35635,1167,36802,480
2020-11-20,Glenn,021,27897,922,826,30,856,4
2020-11-20,Humboldt,023,135768,855,714,1,715,9
2020-11-20,Imperial,025,180216,15889,14864,32,14896,353
2020-11-20,Inyo,027,18085,291,262,5,267,15
2020-11-20,Kern,029,883053,39701,37143,993,38136,462
2020-11-20,Kings,031,150075,10827,9903,123,10026,85
2020-11-20,Lake,033,64148,921,820,0,820,18
2020-11-20,Lassen,035,31185,1776,1212,5,1217,0
2020-11-20,Los Angeles,037,10098052,376080,353554,5056,358610,7398
2020-11-20,Madera,039,155013,6165,5635,126,5761,54
2020-11-20,Marin,041,260295,7663,7467,26,7493,134
2020-11-20,Mariposa,043,17540,116,89,1,90,2
2020-11-20,Mendocino,045,87422,1409,1269,5,1274,22
2020-11-20,Merced,047,269075,11428,10729,97,10826,167
2020-11-20,Modoc,049,8938,99,83,18,101,0
2020-11-20,Mono,051,14174,498,469,10,479,2
2020-11-20,Monterey,053,433212,14794,13738,230,13968,110
2020-11-20,Napa,055,140530,3060,2718,16,2734,17
2020-11-20,Nevada,057,99092,1220,990,30,1020,9
2020-11-20,Orange,059,3164182,75627,68212,2210,70422,1532
2020-11-20,Placer,061,380077,6708,5687,105,5792,66
2020-11-20,Plumas,063,18699,194,163,0,163,0
2020-11-20,Riverside,065,2383286,87061,79613,1484,81097,1405
2020-11-20,Sacramento,067,1510023,35568,32832,94,32926,549
2020-11-20,San Benito,069,59416,1776,1668,11,1679,15
2020-11-20,San Bernardino,071,2135413,90358,81203,1241,82444,1220
2020-11-20,San Diego,073,3302833,77025,69233,2672,71905,960
2020-11-20,San Francisco,075,870044,15056,14327,89,14416,153
2020-11-20,San Joaquin,077,732212,25910,24460,443,24903,515
2020-11-20,San Luis Obispo,079,281455,6170,5524,91,5615,34
2020-11-20,San Mateo,081,765935,13963,12980,14,12994,169
2020-11-20,Santa Barbara,083,443738,11282,10825,181,11006,136
2020-11-20,Santa Clara,085,1922200,33562,30002,69,30071,431
2020-11-20,Santa Cruz,087,273765,4332,3815,46,3861,25
2020-11-20,Shasta,089,179085,4985,3861,134,3995,42
2020-11-20,Sierra,091,2930,17,12,0,12,0
2020-11-20,Siskiyou,093,43540,561,387,27,414,0
2020-11-20,Solano,095,438530,10098,9216,52,9268,85
2020-11-20,Sonoma,097,501317,11971,11316,46,11362,158
2020-11-20,Stanislaus,099,539301,21223,19889,1244,21133,433
2020-11-20,Sutter,101,95872,3098,2580,9,2589,13
2020-11-20,Tehama,103,63373,1613,1410,13,1423,9
2020-11-20,Trinity,105,12862,250,102,22,124,0
2020-11-20,Tulare,107,460477,20989,19568,1146,20714,311
2020-11-20,Tuolumne,109,53932,945,662,8,670,7
2020-11-20,Ventura,111,848112,19352,17741,567,18308,175
2020-11-20,Yolo,113,214977,4653,4081,13,4094,74
2020-11-20,Yuba,115,75493,1854,1611,7,1618,10
2020-11-19,Alameda,001,1643700,28714,26971,288,27259,441
2020-11-19,Alpine,002,1148,43,20,0,20,0
2020-11-19,Amador,005,37829,479,436,1,437,16
2020-11-19,Butte,007,227075,3904,3576,207,3783,60
2020-11-19,Calaveras,009,45235,444,417,0,417,21
2020-11-19,Colusa,011,21464,688,621,2,623,6
2020-11-19,Contra Costa,013,1133247,23319,21886,135,22021,259
2020-11-19,Del Norte,015,27424,296,251,0,251,2
2020-11-19,El Dorado,017,186661,2268,1825,29,1854,4
2020-11-19,Fresno,019,978130,40256,35278,1110,36388,478
2020-11-19,Glenn,021,27897,900,806,29,835,4
2020-11-19,Humboldt,023,135768,835,693,1,694,9
2020-11-19,Imperial,025,180216,15679,14507,32,14539,349
2020-11-19,Inyo,027,18085,289,262,5,267,15
2020-11-19,Kern,029,883053,39281,36779,951,37730,459
2020-11-19,Kings,031,150075,10679,9763,116,9879,85
2020-11-19,Lake,033,64148,907,809,0,809,18
2020-11-19,Lassen,035,31185,1659,1201,3,1204,0
2020-11-19,Los Angeles,037,10098052,371052,349493,4893,354386,7365
2020-11-19,Madera,039,155013,6093,5540,118,5658,54
2020-11-19,Marin,041,260295,7632,7451,26,7477,134
2020-11-19,Mariposa,043,17540,109,88,0,88,2
2020-11-19,Mendocino,045,87422,1388,1237,5,1242,23
2020-11-19,Merced,047,269075,11288,10634,91,10725,167
2020-11-19,Modoc,049,8938,96,82,18,100,0
2020-11-19,Mono,051,14174,490,468,10,478,2
2020-11-19,Monterey,053,433212,14580,13369,219,13588,108
2020-11-19,Napa,055,140530,3006,2641,16,2657,17
2020-11-19,Nevada,057,99092,1179,945,29,974,9
2020-11-19,Orange,059,3164182,74362,66998,2168,69166,1530
2020-11-19,Placer,061,380077,6517,5612,104,5716,65
2020-11-19,Plumas,063,18699,189,158,0,158,0
2020-11-19,Riverside,065,2383286,85578,78535,1413,79948,1402
2020-11-19,Sacramento,067,1510023,35054,32367,92,32459,546
2020-11-19,San Benito,069,59416,1753,1643,11,1654,15
2020-11-19,San Bernardino,071,2135413,88460,79244,1163,80407,1215
2020-11-19,San Diego,073,3302833,75776,68142,2568,70710,952
2020-11-19,San Francisco,075,870044,14900,14178,83,14261,153
2020-11-19,San Joaquin,077,732212,25591,24270,433,24703,516
2020-11-19,San Luis Obispo,079,281455,6093,5410,87,5497,34
2020-11-19,San Mateo,081,765935,13825,12714,14,12728,169
2020-11-19,Santa Barbara,083,443738,11202,10741,178,10919,136
2020-11-19,Santa Clara,085,1922200,33008,29630,68,29698,424
2020-11-19,Santa Cruz,087,273765,4240,3679,44,3723,25
2020-11-19,Shasta,089,179085,4847,3685,124,3809,42
2020-11-19,Sierra,091,2930,17,11,0,11,0
2020-11-19,Siskiyou,093,43540,536,360,26,386,0
2020-11-19,Solano,095,438530,9961,9093,48,9141,84
2020-11-19,Sonoma,097,501317,11801,11205,44,11249,156
2020-11-19,Stanislaus,099,539301,20982,19736,1201,20937,433
2020-11-19,Sutter,101,95872,2999,2509,9,2518,13
2020-11-19,Tehama,103,63373,1578,1373,10,1383,9
2020-11-19,Trinity,105,12862,244,97,22,119,0
2020-11-19,Tulare,107,460477,20768,19384,1083,20467,304
2020-11-19,Tuolumne,109,53932,914,602,8,610,7
2020-11-19,Ventura,111,848112,18999,17300,554,17854,174
2020-11-19,Yolo,113,214977,4559,3973,13,3986,72
2020-11-19,Yuba,115,75493,1814,1568,7,1575,10
2020-11-18,Alameda,001,1643700,28450,26610,283,26893,440
2020-11-18,Alpine,002,1148,42,16,0,16,0
2020-11-18,Amador,005,37829,474,430,1,431,16
2020-11-18,Butte,007,227075,3851,3537,194,3731,59
2020-11-18,Calaveras,009,45235,438,409,0,409,21
2020-11-18,Colusa,011,21464,675,611,2,613,6
2020-11-18,Contra Costa,013,1133247,23055,21685,132,21817,258
2020-11-18,Del Norte,015,27424,284,240,0,240,2
2020-11-18,El Dorado,017,186661,2180,1799,28,1827,4
2020-11-18,Fresno,019,978130,39818,34997,1061,36058,474
2020-11-18,Glenn,021,27897,883,803,27,830,4
2020-11-18,Humboldt,023,135768,820,690,1,691,9
2020-11-18,Imperial,025,180216,15453,14428,32,14460,348
2020-11-18,Inyo,027,18085,287,262,5,267,15
2020-11-18,Kern,029,883053,38891,36537,902,37439,456
2020-11-18,Kings,031,150075,10531,9696,113,9809,85
2020-11-18,Lake,033,64148,895,802,0,802,18
2020-11-18,Lassen,035,31185,1559,1124,3,1127,0
2020-11-18,Los Angeles,037,10098052,366172,344675,4718,349393,7338
2020-11-18,Madera,039,155013,6006,5519,106,5625,54
2020-11-18,Marin,041,260295,7608,7435,26,7461,134
2020-11-18,Mariposa,043,17540,106,88,0,88,2
2020-11-18,Mendocino,045,87422,1368,1237,5,1242,23
2020-11-18,Merced,047,269075,11172,10536,90,10626,166
2020-11-18,Modoc,049,8938,93,77,18,95,0
2020-11-18,Mono,051,14174,485,468,10,478,2
2020-11-18,Monterey,053,433212,14385,13340,205,13545,108
2020-11-18,Napa,055,140530,2961,2607,16,2623,17
2020-11-18,Nevada,057,99092,1139,933,27,960,9
2020-11-18,Orange,059,3164182,73267,66381,2143,68524,1521
2020-11-18,Placer,061,380077,6339,5543,99,5642,64
2020-11-18,Plumas,063,18699,184,143,0,143,0
2020-11-18,Riverside,065,2383286,84115,77739,1312,79051,1387
2020-11-18,Sacramento,067,1510023,34429,31816,84,31900,541
2020-11-18,San Benito,069,59416,1728,1632,10,1642,15
2020-11-18,San Bernardino,071,2135413,86701,77400,1084,78484,1206
2020-11-18,San Diego,073,3302833,74482,67243,2508,69751,945
2020-11-18,San Francisco,075,870044,14756,14057,81,14138,153
2020-11-18,San Joaquin,077,732212,25329,24146,419,24565,517
2020-11-18,San Luis Obispo,079,281455,6017,5322,86,5408,34
2020-11-18,San Mateo,081,765935,13672,12631,13,12644,169
2020-11-18,Santa Barbara,083,443738,11123,10684,171,10855,136
2020-11-18,Santa Clara,085,1922200,32542,29285,64,29349,421
2020-11-18,Santa Cruz,087,273765,4151,3618,42,3660,25
2020-11-18,Shasta,089,179085,4714,3547,120,3667,42
2020-11-18,Sierra,091,2930,17,11,0,11,0
2020-11-18,Siskiyou,093,43540,504,351,25,376,0
2020-11-18,Solano,095,438530,9829,8994,46,9040,84
2020-11-18,Sonoma,097,501317,11695,11129,41,11170,155
2020-11-18,Stanislaus,099,539301,20740,19609,1177,20786,431
2020-11-18,Sutter,101,95872,2881,2442,9,2451,13
2020-11-18,Tehama,103,63373,1540,1338,10,1348,8
2020-11-18,Trinity,105,12862,230,95,21,116,0
2020-11-18,Tulare,107,460477,20557,19286,1032,20318,306
2020-11-18,Tuolumne,109,53932,879,590,8,598,7
2020-11-18,Ventura,111,848112,18674,17169,539,17708,173
2020-11-18,Yolo,113,214977,4486,3929,13,3942,71
2020-11-18,Yuba,115,75493,1760,1540,7,1547,10
2020-11-17,Alameda,001,1643700,28122,26425,272,26697,439
2020-11-17,Alpine,002,1148,40,12,0,12,0
2020-11-17,Amador,005,37829,463,423,1,424,16
2020-11-17,Butte,007,227075,3809,3500,183,3683,59
2020-11-17,Calaveras,009,45235,421,405,0,405,21
2020-11-17,Colusa,011,21464,664,606,1,607,6
2020-11-17,Contra Costa,013,1133247,22784,21557,127,21684,256
2020-11-17,Del Norte,015,27424,278,233,0,233,2
2020-11-17,El Dorado,017,186661,2121,1758,28,1786,4
2020-11-17,Fresno,019,978130,39219,34765,1002,35767,472
2020-11-17,Glenn,021,27897,872,795,26,821,4
2020-11-17,Humboldt,023,135768,798,685,1,686,9
2020-11-17,Imperial,025,180216,15215,14204,30,14234,346
2020-11-17,Inyo,027,18085,286,263,5,268,15
2020-11-17,Kern,029,883053,38442,36164,849,37013,455
2020-11-17,Kings,031,150075,10458,9653,105,9758,85
2020-11-17,Lake,033,64148,875,792,0,792,18
2020-11-17,Lassen,035,31185,1480,1124,3,1127,0
2020-11-17,Los Angeles,037,10098052,361219,340933,4562,345495,7302
2020-11-17,Madera,039,155013,5918,5485,99,5584,54
2020-11-17,Marin,041,260295,7577,7404,25,7429,134
2020-11-17,Mariposa,043,17540,103,87,0,87,2
2020-11-17,Mendocino,045,87422,1347,1216,5,1221,23
2020-11-17,Merced,047,269075,11028,10457,85,10542,162
2020-11-17,Modoc,049,8938,87,71,17,88,0
2020-11-17,Mono,051,14174,480,459,10,469,2
2020-11-17,Monterey,053,433212,14156,13220,195,13415,108
2020-11-17,Napa,055,140530,2907,2568,16,2584,17
2020-11-17,Nevada,057,99092,1098,918,26,944,9
2020-11-17,Orange,059,3164182,72116,65757,2117,67874,1519
2020-11-17,Placer,061,380077,6177,5435,93,5528,63
2020-11-17,Plumas,063,18699,176,142,0,142,0
2020-11-17,Riverside,065,2383286,82729,77079,1221,78300,1379
2020-11-17,Sacramento,067,1510023,33831,31341,80,31421,538
2020-11-17,San Benito,069,59416,1712,1611,4,1615,15
2020-11-17,San Bernardino,071,2135413,84892,76134,995,77129,1188
2020-11-17,San Diego,073,3302833,73229,66321,2452,68773,933
2020-11-17,San Francisco,075,870044,14591,13952,80,14032,153
2020-11-17,San Joaquin,077,732212,25053,23997,399,24396,516
2020-11-17,San Luis Obispo,079,281455,5921,5235,86,5321,34
2020-11-17,San Mateo,081,765935,13512,12491,12,12503,169
2020-11-17,Santa Barbara,083,443738,11038,10597,166,10763,136
2020-11-17,Santa Clara,085,1922200,31994,29013,63,29076,419
2020-11-17,Santa Cruz,087,273765,4065,3548,39,3587,25
2020-11-17,Shasta,089,179085,4556,3457,108,3565,40
2020-11-17,Sierra,091,2930,15,11,0,11,0
2020-11-17,Siskiyou,093,43540,456,333,24,357,0
2020-11-17,Solano,095,438530,9684,8905,45,8950,84
2020-11-17,Sonoma,097,501317,11561,11084,40,11124,155
2020-11-17,Stanislaus,099,539301,20517,19466,1150,20616,425
2020-11-17,Sutter,101,95872,2798,2370,8,2378,12
2020-11-17,Tehama,103,63373,1487,1290,10,1300,7
2020-11-17,Trinity,105,12862,213,83,21,104,0
2020-11-17,Tulare,107,460477,20329,19176,971,20147,305
2020-11-17,Tuolumne,109,53932,840,568,8,576,7
2020-11-17,Ventura,111,848112,18402,16797,521,17318,173
2020-11-17,Yolo,113,214977,4310,3887,12,3899,70
2020-11-17,Yuba,115,75493,1712,1519,7,1526,10
2020-11-16,Alameda,001,1643700,27775,26063,267,26330,436
2020-11-16,Alpine,002,1148,37,12,0,12,0
2020-11-16,Amador,005,37829,455,414,1,415,16
2020-11-16,Butte,007,227075,3770,3490,175,3665,58
2020-11-16,Calaveras,009,45235,413,402,0,402,21
2020-11-16,Colusa,011,21464,655,601,1,602,6
2020-11-16,Contra Costa,013,1133247,22518,21386,122,21508,256
2020-11-16,Del Norte,015,27424,271,225,0,225,2
2020-11-16,El Dorado,017,186661,2061,1694,26,1720,4
2020-11-16,Fresno,019,978130,38729,34593,950,35543,471
2020-11-16,Glenn,021,27897,860,786,25,811,4
2020-11-16,Humboldt,023,135768,782,660,1,661,9
2020-11-16,Imperial,025,180216,14967,14111,30,14141,346
2020-11-16,Inyo,027,18085,283,263,5,268,15
2020-11-16,Kern,029,883053,38047,36049,807,36856,455
2020-11-16,Kings,031,150075,10191,9569,101,9670,85
2020-11-16,Lake,033,64148,864,784,0,784,18
2020-11-16,Lassen,035,31185,1299,1124,3,1127,0
2020-11-16,Los Angeles,037,10098052,356463,338778,4394,343172,7277
2020-11-16,Madera,039,155013,5833,5433,93,5526,54
2020-11-16,Marin,041,260295,7546,7359,24,7383,134
2020-11-16,Mariposa,043,17540,100,86,0,86,2
2020-11-16,Mendocino,045,87422,1322,1209,5,1214,23
2020-11-16,Merced,047,269075,10889,10399,82,10481,162
2020-11-16,Modoc,049,8938,85,71,17,88,0
2020-11-16,Mono,051,14174,478,453,10,463,2
2020-11-16,Monterey,053,433212,13910,13089,185,13274,107
2020-11-16,Napa,055,140530,2833,2536,16,2552,17
2020-11-16,Nevada,057,99092,1055,889,24,913,9
2020-11-16,Orange,059,3164182,71021,65396,2103,67499,1519
2020-11-16,Placer,061,380077,6058,5387,85,5472,63
2020-11-16,Plumas,063,18699,169,127,0,127,0
2020-11-16,Riverside,065,2383286,81354,76449,1157,77606,1379
2020-11-16,Sacramento,067,1510023,33193,30954,73,31027,534
2020-11-16,San Benito,069,59416,1694,1603,3,1606,15
2020-11-16,San Bernardino,071,2135413,83066,74401,929,75330,1186
2020-11-16,San Diego,073,3302833,71918,65603,2380,67983,926
2020-11-16,San Francisco,075,870044,14433,13847,78,13925,153
2020-11-16,San Joaquin,077,732212,24765,23515,389,23904,513
2020-11-16,San Luis Obispo,079,281455,5818,5161,82,5243,34
2020-11-16,San Mateo,081,765935,13352,12398,12,12410,169
2020-11-16,Santa Barbara,083,443738,10973,10565,162,10727,135
2020-11-16,Santa Clara,085,1922200,31432,28673,62,28735,419
2020-11-16,Santa Cruz,087,273765,3992,3520,39,3559,25
2020-11-16,Shasta,089,179085,4408,3284,103,3387,37
2020-11-16,Sierra,091,2930,15,11,0,11,0
2020-11-16,Siskiyou,093,43540,429,294,24,318,0
2020-11-16,Solano,095,438530,9485,8827,45,8872,84
2020-11-16,Sonoma,097,501317,11470,10961,39,11000,155
2020-11-16,Stanislaus,099,539301,20280,19333,1123,20456,425
2020-11-16,Sutter,101,95872,2692,2322,8,2330,12
2020-11-16,Tehama,103,63373,1442,1261,7,1268,7
2020-11-16,Trinity,105,12862,201,67,21,88,0
2020-11-16,Tulare,107,460477,20151,18891,918,19809,305
2020-11-16,Tuolumne,109,53932,803,543,8,551,7
2020-11-16,Ventura,111,848112,18064,16691,513,17204,172
2020-11-16,Yolo,113,214977,4215,3858,12,3870,70
2020-11-16,Yuba,115,75493,1676,1500,6,1506,10
2020-11-15,Alameda,001,1643700,27458,25879,262,26141,436
2020-11-15,Alpine,002,1148,35,12,0,12,0
2020-11-15,Amador,005,37829,443,409,1,410,16
2020-11-15,Butte,007,227075,3716,3452,166,3618,58
2020-11-15,Calaveras,009,45235,398,386,0,386,21
2020-11-15,Colusa,011,21464,646,601,1,602,6
2020-11-15,Contra Costa,013,1133247,22220,21179,121,21300,256
2020-11-15,Del Norte,015,27424,257,224,0,224,2
2020-11-15,El Dorado,017,186661,1999,1683,25,1708,4
2020-11-15,Fresno,019,978130,38217,34297,912,35209,471
2020-11-15,Glenn,021,27897,848,783,24,807,4
2020-11-15,Humboldt,023,135768,754,653,1,654,9
2020-11-15,Imperial,025,180216,14732,13940,30,13970,346
2020-11-15,Inyo,027,18085,273,263,5,268,15
2020-11-15,Kern,029,883053,37641,35911,772,36683,455
2020-11-15,Kings,031,150075,9998,9533,98,9631,85
2020-11-15,Lake,033,64148,854,777,0,777,17
2020-11-15,Lassen,035,31185,1252,1124,3,1127,0
2020-11-15,Los Angeles,037,10098052,351414,336035,4227,340262,7271
2020-11-15,Madera,039,155013,5735,5391,87,5478,54
2020-11-15,Marin,041,260295,7519,7347,24,7371,133
2020-11-15,Mariposa,043,17540,97,86,0,86,2
2020-11-15,Mendocino,045,87422,1303,1197,5,1202,22
2020-11-15,Merced,047,269075,10756,10350,82,10432,162
2020-11-15,Modoc,049,8938,84,68,17,85,0
2020-11-15,Mono,051,14174,476,453,10,463,2
2020-11-15,Monterey,053,433212,13714,12999,172,13171,107
2020-11-15,Napa,055,140530,2774,2509,14,2523,17
2020-11-15,Nevada,057,99092,999,859,24,883,9
2020-11-15,Orange,059,3164182,69977,65008,2087,67095,1519
2020-11-15,Placer,061,380077,5903,5330,77,5407,63
2020-11-15,Plumas,063,18699,163,127,0,127,0
2020-11-15,Riverside,065,2383286,80032,75531,1099,76630,1374
2020-11-15,Sacramento,067,1510023,32567,30601,68,30669,534
2020-11-15,San Benito,069,59416,1669,1589,2,1591,15
2020-11-15,San Bernardino,071,2135413,80917,73769,854,74623,1185
2020-11-15,San Diego,073,3302833,70417,64770,2323,67093,926
2020-11-15,San Francisco,075,870044,14257,13757,77,13834,153
2020-11-15,San Joaquin,077,732212,24555,23516,374,23890,513
2020-11-15,San Luis Obispo,079,281455,5697,5120,80,5200,34
2020-11-15,San Mateo,081,765935,13175,12348,12,12360,169
2020-11-15,Santa Barbara,083,443738,10878,10516,160,10676,135
2020-11-15,Santa Clara,085,1922200,30974,28289,61,28350,418
2020-11-15,Santa Cruz,087,273765,3851,3439,38,3477,25
2020-11-15,Shasta,089,179085,4235,3290,94,3384,37
2020-11-15,Sierra,091,2930,15,11,0,11,0
2020-11-15,Siskiyou,093,43540,410,294,24,318,0
2020-11-15,Solano,095,438530,9324,8713,42,8755,84
2020-11-15,Sonoma,097,501317,11351,10833,38,10871,154
2020-11-15,Stanislaus,099,539301,20006,19228,1098,20326,425
2020-11-15,Sutter,101,95872,2602,2230,8,2238,12
2020-11-15,Tehama,103,63373,1391,1222,6,1228,7
2020-11-15,Trinity,105,12862,191,67,19,86,0
2020-11-15,Tulare,107,460477,19934,18891,866,19757,305
2020-11-15,Tuolumne,109,53932,761,486,8,494,7
2020-11-15,Ventura,111,848112,17790,16564,505,17069,172
2020-11-15,Yolo,113,214977,4112,3819,12,3831,67
2020-11-15,Yuba,115,75493,1635,1470,5,1475,10
2020-11-14,Alameda,001,1643700,27191,25714,260,25974,435
2020-11-14,Alpine,002,1148,35,12,0,12,0
2020-11-14,Amador,005,37829,434,404,0,404,16
2020-11-14,Butte,007,227075,3680,3434,153,3587,58
2020-11-14,Calaveras,009,45235,397,386,0,386,21
2020-11-14,Colusa,011,21464,634,601,1,602,6
2020-11-14,Contra Costa,013,1133247,22078,20975,114,21089,256
2020-11-14,Del Norte,015,27424,250,219,0,219,2
2020-11-14,El Dorado,017,186661,1955,1648,25,1673,4
2020-11-14,Fresno,019,978130,37967,33969,876,34845,471
2020-11-14,Glenn,021,27897,839,772,21,793,3
2020-11-14,Humboldt,023,135768,739,643,1,644,9
2020-11-14,Imperial,025,180216,14639,13932,29,13961,346
2020-11-14,Inyo,027,18085,272,263,5,268,15
2020-11-14,Kern,029,883053,37431,35626,753,36379,454
2020-11-14,Kings,031,150075,9963,9490,95,9585,85
2020-11-14,Lake,033,64148,845,773,0,773,17
2020-11-14,Lassen,035,31185,1238,833,3,836,0
2020-11-14,Los Angeles,037,10098052,348704,333021,4121,337142,7269
2020-11-14,Madera,039,155013,5704,5371,85,5456,54
2020-11-14,Marin,041,260295,7501,7325,24,7349,133
2020-11-14,Mariposa,043,17540,96,86,0,86,2
2020-11-14,Mendocino,045,87422,1287,1181,5,1186,22
2020-11-14,Merced,047,269075,10700,10286,80,10366,161
2020-11-14,Modoc,049,8938,83,64,16,80,0
2020-11-14,Mono,051,14174,476,453,10,463,2
2020-11-14,Monterey,053,433212,13618,12854,162,13016,105
2020-11-14,Napa,055,140530,2740,2473,14,2487,17
2020-11-14,Nevada,057,99092,983,835,24,859,9
2020-11-14,Orange,059,3164182,69354,64340,2076,66416,1517
2020-11-14,Placer,061,380077,5827,5215,71,5286,63
2020-11-14,Plumas,063,18699,158,128,0,128,0
2020-11-14,Riverside,065,2383286,79292,74910,1060,75970,1373
2020-11-14,Sacramento,067,1510023,32241,30298,68,30366,532
2020-11-14,San Benito,069,59416,1654,1573,2,1575,15
2020-11-14,San Bernardino,071,2135413,79982,72868,823,73691,1184
2020-11-14,San Diego,073,3302833,69652,63715,2271,65986,926
2020-11-14,San Francisco,075,870044,14170,13661,76,13737,153
2020-11-14,San Joaquin,077,732212,24462,23516,367,23883,511
2020-11-14,San Luis Obispo,079,281455,5634,5073,75,5148,34
2020-11-14,San Mateo,081,765935,13067,12293,12,12305,169
2020-11-14,Santa Barbara,083,443738,10824,10482,158,10640,135
2020-11-14,Santa Clara,085,1922200,30689,27962,59,28021,416
2020-11-14,Santa Cruz,087,273765,3796,3402,38,3440,25
2020-11-14,Shasta,089,179085,4154,3195,92,3287,37
2020-11-14,Sierra,091,2930,15,11,0,11,0
2020-11-14,Siskiyou,093,43540,397,292,24,316,0
2020-11-14,Solano,095,438530,9245,8655,42,8697,84
2020-11-14,Sonoma,097,501317,11298,10769,38,10807,154
2020-11-14,Stanislaus,099,539301,19863,19068,1076,20144,424
2020-11-14,Sutter,101,95872,2557,2182,8,2190,12
2020-11-14,Tehama,103,63373,1369,1206,5,1211,7
2020-11-14,Trinity,105,12862,186,67,19,86,0
2020-11-14,Tulare,107,460477,19841,18853,838,19691,305
2020-11-14,Tuolumne,109,53932,733,448,8,456,7
2020-11-14,Ventura,111,848112,17644,16297,494,16791,172
2020-11-14,Yolo,113,214977,4068,3765,10,3775,65
2020-11-14,Yuba,115,75493,1606,1453,5,1458,10
2020-11-13,Alameda,001,1643700,26975,25515,255,25770,434
2020-11-13,Alpine,002,1148,35,12,0,12,0
2020-11-13,Amador,005,37829,431,397,0,397,16
2020-11-13,Butte,007,227075,3656,3402,144,3546,58
2020-11-13,Calaveras,009,45235,393,378,0,378,21
2020-11-13,Colusa,011,21464,626,598,1,599,6
2020-11-13,Contra Costa,013,1133247,21904,20799,114,20913,256
2020-11-13,Del Norte,015,27424,247,208,0,208,2
2020-11-13,El Dorado,017,186661,1910,1611,24,1635,4
2020-11-13,Fresno,019,978130,37721,33693,862,34555,470
2020-11-13,Glenn,021,27897,825,755,17,772,3
2020-11-13,Humboldt,023,135768,724,638,1,639,9
2020-11-13,Imperial,025,180216,14568,13790,28,13818,341
2020-11-13,Inyo,027,18085,271,262,5,267,15
2020-11-13,Kern,029,883053,37229,35431,736,36167,453
2020-11-13,Kings,031,150075,9904,9428,94,9522,85
2020-11-13,Lake,033,64148,839,770,0,770,17
2020-11-13,Lassen,035,31185,1229,832,3,835,0
2020-11-13,Los Angeles,037,10098052,345574,329364,4019,333383,7248
2020-11-13,Madera,039,155013,5664,5340,84,5424,54
2020-11-13,Marin,041,260295,7487,7307,23,7330,133
2020-11-13,Mariposa,043,17540,94,86,0,86,2
2020-11-13,Mendocino,045,87422,1275,1173,5,1178,22
2020-11-13,Merced,047,269075,10644,10185,77,10262,159
2020-11-13,Modoc,049,8938,83,63,14,77,0
2020-11-13,Mono,051,14174,476,448,9,457,2
2020-11-13,Monterey,053,433212,13423,12681,150,12831,104
2020-11-13,Napa,055,140530,2701,2440,14,2454,17
2020-11-13,Nevada,057,99092,964,798,24,822,9
2020-11-13,Orange,059,3164182,68754,63804,2056,65860,1514
2020-11-13,Placer,061,380077,5722,5122,65,5187,63
2020-11-13,Plumas,063,18699,152,125,0,125,0
2020-11-13,Riverside,065,2383286,78554,74138,1031,75169,1372
2020-11-13,Sacramento,067,1510023,31922,29787,64,29851,524
2020-11-13,San Benito,069,59416,1642,1553,1,1554,15
2020-11-13,San Bernardino,071,2135413,78934,71895,802,72697,1184
2020-11-13,San Diego,073,3302833,68805,62978,2233,65211,921
2020-11-13,San Francisco,075,870044,14077,13516,74,13590,146
2020-11-13,San Joaquin,077,732212,24367,23314,361,23675,510
2020-11-13,San Luis Obispo,079,281455,5567,4960,72,5032,34
2020-11-13,San Mateo,081,765935,12974,12182,12,12194,169
2020-11-13,Santa Barbara,083,443738,10772,10405,156,10561,134
2020-11-13,Santa Clara,085,1922200,30361,27609,57,27666,415
2020-11-13,Santa Cruz,087,273765,3722,3343,38,3381,25
2020-11-13,Shasta,089,179085,4070,2983,88,3071,37
2020-11-13,Sierra,091,2930,15,11,0,11,0
2020-11-13,Siskiyou,093,43540,392,280,23,303,0
2020-11-13,Solano,095,438530,9155,8525,42,8567,84
2020-11-13,Sonoma,097,501317,11237,10685,36,10721,151
2020-11-13,Stanislaus,099,539301,19737,18936,1049,19985,422
2020-11-13,Sutter,101,95872,2511,2121,7,2128,12
2020-11-13,Tehama,103,63373,1342,1167,5,1172,7
2020-11-13,Trinity,105,12862,184,64,19,83,0
2020-11-13,Tulare,107,460477,19715,18714,798,19512,305
2020-11-13,Tuolumne,109,53932,700,427,8,435,7
2020-11-13,Ventura,111,848112,17498,16172,480,16652,171
2020-11-13,Yolo,113,214977,4017,3716,10,3726,65
2020-11-13,Yuba,115,75493,1579,1435,5,1440,10
2020-11-12,Alameda,001,1643700,26708,25345,255,25600,432
2020-11-12,Alpine,002,1148,34,12,0,12,0
2020-11-12,Amador,005,37829,430,392,0,392,16
2020-11-12,Butte,007,227075,3607,3347,141,3488,58
2020-11-12,Calaveras,009,45235,388,373,0,373,21
2020-11-12,Colusa,011,21464,621,591,1,592,6
2020-11-12,Contra Costa,013,1133247,21695,20619,113,20732,255
2020-11-12,Del Norte,015,27424,239,203,0,203,2
2020-11-12,El Dorado,017,186661,1864,1573,20,1593,4
2020-11-12,Fresno,019,978130,37372,33459,821,34280,468
2020-11-12,Glenn,021,27897,806,727,17,744,3
2020-11-12,Humboldt,023,135768,711,625,1,626,9
2020-11-12,Imperial,025,180216,14403,13619,28,13647,341
2020-11-12,Inyo,027,18085,270,255,5,260,15
2020-11-12,Kern,029,883053,36965,35207,722,35929,451
2020-11-12,Kings,031,150075,9837,9335,93,9428,85
2020-11-12,Lake,033,64148,830,764,0,764,17
2020-11-12,Lassen,035,31185,1160,832,2,834,0
2020-11-12,Los Angeles,037,10098052,341828,327001,3922,330923,7223
2020-11-12,Madera,039,155013,5629,5273,80,5353,54
2020-11-12,Marin,041,260295,7458,7268,23,7291,133
2020-11-12,Mariposa,043,17540,92,84,0,84,2
2020-11-12,Mendocino,045,87422,1256,1142,5,1147,22
2020-11-12,Merced,047,269075,10530,10107,74,10181,158
2020-11-12,Modoc,049,8938,83,63,14,77,0
2020-11-12,Mono,051,14174,475,442,9,451,2
2020-11-12,Monterey,053,433212,13302,12489,136,12625,100
2020-11-12,Napa,055,140530,2639,2398,14,2412,16
2020-11-12,Nevada,057,99092,942,780,23,803,9
2020-11-12,Orange,059,3164182,68010,63232,2037,65269,1514
2020-11-12,Placer,061,380077,5613,5044,56,5100,62
2020-11-12,Plumas,063,18699,148,121,0,121,0
2020-11-12,Riverside,065,2383286,77623,73381,988,74369,1362
2020-11-12,Sacramento,067,1510023,31431,29459,56,29515,520
2020-11-12,San Benito,069,59416,1622,1525,1,1526,15
2020-11-12,San Bernardino,071,2135413,77568,70758,763,71521,1183
2020-11-12,San Diego,073,3302833,67825,62336,2183,64519,918
2020-11-12,San Francisco,075,870044,13978,13289,73,13362,146
2020-11-12,San Joaquin,077,732212,24173,23002,340,23342,509
2020-11-12,San Luis Obispo,079,281455,5503,4898,71,4969,33
2020-11-12,San Mateo,081,765935,12849,12086,11,12097,169
2020-11-12,Santa Barbara,083,443738,10710,10325,151,10476,134
2020-11-12,Santa Clara,085,1922200,29984,27261,56,27317,414
2020-11-12,Santa Cruz,087,273765,3639,3317,36,3353,25
2020-11-12,Shasta,089,179085,3933,2825,77,2902,37
2020-11-12,Sierra,091,2930,15,11,0,11,0
2020-11-12,Siskiyou,093,43540,375,275,19,294,0
2020-11-12,Solano,095,438530,9055,8417,41,8458,85
2020-11-12,Sonoma,097,501317,11135,10602,35,10637,151
2020-11-12,Stanislaus,099,539301,19567,18787,1020,19807,422
2020-11-12,Sutter,101,95872,2428,2075,6,2081,12
2020-11-12,Tehama,103,63373,1314,1117,5,1122,7
2020-11-12,Trinity,105,12862,176,62,18,80,0
2020-11-12,Tulare,107,460477,19602,18545,760,19305,305
2020-11-12,Tuolumne,109,53932,661,353,8,361,7
2020-11-12,Ventura,111,848112,17248,16013,474,16487,158
2020-11-12,Yolo,113,214977,3974,3646,10,3656,63
2020-11-12,Yuba,115,75493,1544,1410,5,1415,10
2020-11-11,Alameda,001,1643700,26464,25140,253,25393,429
2020-11-11,Alpine,002,1148,29,12,0,12,0
2020-11-11,Amador,005,37829,423,389,0,389,16
2020-11-11,Butte,007,227075,3581,3348,126,3474,58
2020-11-11,Calaveras,009,45235,378,373,0,373,21
2020-11-11,Colusa,011,21464,615,591,1,592,6
2020-11-11,Contra Costa,013,1133247,21478,20452,111,20563,255
2020-11-11,Del Norte,015,27424,231,203,0,203,2
2020-11-11,El Dorado,017,186661,1818,1564,19,1583,4
2020-11-11,Fresno,019,978130,37054,33287,786,34073,468
2020-11-11,Glenn,021,27897,790,722,16,738,3
2020-11-11,Humboldt,023,135768,697,623,1,624,9
2020-11-11,Imperial,025,180216,14235,13623,26,13649,340
2020-11-11,Inyo,027,18085,268,255,5,260,15
2020-11-11,Kern,029,883053,36690,35014,705,35719,449
2020-11-11,Kings,031,150075,9731,9263,90,9353,85
2020-11-11,Lake,033,64148,819,763,0,763,17
2020-11-11,Lassen,035,31185,1135,831,2,833,0
2020-11-11,Los Angeles,037,10098052,338457,324567,3840,328407,7220
2020-11-11,Madera,039,155013,5595,5248,79,5327,54
2020-11-11,Marin,041,260295,7436,7268,23,7291,133
2020-11-11,Mariposa,043,17540,92,84,0,84,2
2020-11-11,Mendocino,045,87422,1244,1142,5,1147,22
2020-11-11,Merced,047,269075,10459,10074,72,10146,157
2020-11-11,Modoc,049,8938,79,62,13,75,0
2020-11-11,Mono,051,14174,473,443,9,452,2
2020-11-11,Monterey,053,433212,13159,12417,132,12549,100
2020-11-11,Napa,055,140530,2590,2365,12,2377,15
2020-11-11,Nevada,057,99092,900,741,23,764,9
2020-11-11,Orange,059,3164182,67372,62929,2013,64942,1506
2020-11-11,Placer,061,380077,5529,4981,48,5029,60
2020-11-11,Plumas,063,18699,146,111,0,111,0
2020-11-11,Riverside,065,2383286,76721,72953,942,73895,1361
2020-11-11,Sacramento,067,1510023,30974,28968,54,29022,520
2020-11-11,San Benito,069,59416,1608,1512,1,1513,15
2020-11-11,San Bernardino,071,2135413,76282,70374,737,71111,1182
2020-11-11,San Diego,073,3302833,66890,61746,2122,63868,918
2020-11-11,San Francisco,075,870044,13871,13287,72,13359,146
2020-11-11,San Joaquin,077,732212,24013,23001,335,23336,509
2020-11-11,San Luis Obispo,079,281455,5428,4832,68,4900,33
2020-11-11,San Mateo,081,765935,12735,12008,11,12019,169
2020-11-11,Santa Barbara,083,443738,10644,10278,151,10429,134
2020-11-11,Santa Clara,085,1922200,29633,27075,55,27130,413
2020-11-11,Santa Cruz,087,273765,3571,3247,36,3283,25
2020-11-11,Shasta,089,179085,3810,2766,67,2833,36
2020-11-11,Sierra,091,2930,13,11,0,11,0
2020-11-11,Siskiyou,093,43540,344,261,16,277,0
2020-11-11,Solano,095,438530,8936,8353,39,8392,85
2020-11-11,Sonoma,097,501317,11061,10498,35,10533,150
2020-11-11,Stanislaus,099,539301,19430,18671,990,19661,422
2020-11-11,Sutter,101,95872,2380,2049,5,2054,12
2020-11-11,Tehama,103,63373,1270,1105,4,1109,7
2020-11-11,Trinity,105,12862,165,62,18,80,0
2020-11-11,Tulare,107,460477,19472,18500,730,19230,305
2020-11-11,Tuolumne,109,53932,608,354,7,361,7
2020-11-11,Ventura,111,848112,17033,15801,461,16262,158
2020-11-11,Yolo,113,214977,3923,3606,10,3616,63
2020-11-11,Yuba,115,75493,1529,1400,5,1405,10
2020-11-10,Alameda,001,1643700,26234,25008,250,25258,424
2020-11-10,Alpine,002,1148,29,9,0,9,0
2020-11-10,Amador,005,37829,417,384,0,384,16
2020-11-10,Butte,007,227075,3545,3327,122,3449,58
2020-11-10,Calaveras,009,45235,374,367,0,367,21
2020-11-10,Colusa,011,21464,607,590,1,591,6
2020-11-10,Contra Costa,013,1133247,21272,20326,109,20435,255
2020-11-10,Del Norte,015,27424,225,196,0,196,2
2020-11-10,El Dorado,017,186661,1758,1551,19,1570,4
2020-11-10,Fresno,019,978130,36783,33024,750,33774,465
2020-11-10,Glenn,021,27897,782,719,12,731,3
2020-11-10,Humboldt,023,135768,680,610,1,611,9
2020-11-10,Imperial,025,180216,14105,13570,26,13596,338
2020-11-10,Inyo,027,18085,267,252,5,257,14
2020-11-10,Kern,029,883053,36414,34858,686,35544,448
2020-11-10,Kings,031,150075,9684,9236,83,9319,85
2020-11-10,Lake,033,64148,809,762,0,762,16
2020-11-10,Lassen,035,31185,1120,830,2,832,0
2020-11-10,Los Angeles,037,10098052,335204,322569,3725,326294,7205
2020-11-10,Madera,039,155013,5553,5229,73,5302,54
2020-11-10,Marin,041,260295,7417,7259,23,7282,133
2020-11-10,Mariposa,043,17540,90,84,0,84,2
2020-11-10,Mendocino,045,87422,1236,1137,5,1142,22
2020-11-10,Merced,047,269075,10397,9992,66,10058,157
2020-11-10,Modoc,049,8938,77,61,13,74,0
2020-11-10,Mono,051,14174,471,443,9,452,2
2020-11-10,Monterey,053,433212,13024,12335,124,12459,100
2020-11-10,Napa,055,140530,2552,2341,10,2351,15
2020-11-10,Nevada,057,99092,884,734,23,757,9
2020-11-10,Orange,059,3164182,66818,62597,2003,64600,1504
2020-11-10,Placer,061,380077,5449,4902,47,4949,60
2020-11-10,Plumas,063,18699,142,108,0,108,0
2020-11-10,Riverside,065,2383286,76079,72316,917,73233,1359
2020-11-10,Sacramento,067,1510023,30568,28677,51,28728,519
2020-11-10,San Benito,069,59416,1593,1508,1,1509,15
2020-11-10,San Bernardino,071,2135413,75113,69666,704,70370,1182
2020-11-10,San Diego,073,3302833,65999,61085,2085,63170,915
2020-11-10,San Francisco,075,870044,13755,13210,72,13282,146
2020-11-10,San Joaquin,077,732212,23848,22865,328,23193,508
2020-11-10,San Luis Obispo,079,281455,5365,4780,65,4845,33
2020-11-10,San Mateo,081,765935,12635,11939,11,11950,169
2020-11-10,Santa Barbara,083,443738,10577,10252,147,10399,134
2020-11-10,Santa Clara,085,1922200,29285,26917,54,26971,409
2020-11-10,Santa Cruz,087,273765,3509,3221,36,3257,25
2020-11-10,Shasta,089,179085,3667,2686,59,2745,36
2020-11-10,Sierra,091,2930,12,10,0,10,0
2020-11-10,Siskiyou,093,43540,327,263,15,278,0
2020-11-10,Solano,095,438530,8839,8299,39,8338,85
2020-11-10,Sonoma,097,501317,10974,10414,35,10449,150
2020-11-10,Stanislaus,099,539301,19297,18592,966,19558,420
2020-11-10,Sutter,101,95872,2285,2035,4,2039,12
2020-11-10,Tehama,103,63373,1245,1099,3,1102,7
2020-11-10,Trinity,105,12862,156,62,16,78,0
2020-11-10,Tulare,107,460477,19357,18430,706,19136,305
2020-11-10,Tuolumne,109,53932,558,353,7,360,7
2020-11-10,Ventura,111,848112,16850,15625,459,16084,158
2020-11-10,Yolo,113,214977,3862,3573,10,3583,63
2020-11-10,Yuba,115,75493,1506,1392,5,1397,10
2020-11-09,Alameda,001,1643700,25988,24899,246,25145,424
2020-11-09,Alpine,002,1148,27,6,0,6,0
2020-11-09,Amador,005,37829,408,380,0,380,16
2020-11-09,Butte,007,227075,3501,3301,114,3415,57
2020-11-09,Calaveras,009,45235,370,360,0,360,21
2020-11-09,Colusa,011,21464,601,583,1,584,6
2020-11-09,Contra Costa,013,1133247,21098,20193,107,20300,255
2020-11-09,Del Norte,015,27424,219,195,0,195,2
2020-11-09,El Dorado,017,186661,1717,1515,19,1534,4
2020-11-09,Fresno,019,978130,36473,32755,710,33465,465
2020-11-09,Glenn,021,27897,776,714,9,723,3
2020-11-09,Humboldt,023,135768,667,607,1,608,9
2020-11-09,Imperial,025,180216,13984,13508,25,13533,338
2020-11-09,Inyo,027,18085,267,252,5,257,14
2020-11-09,Kern,029,883053,36184,34764,650,35414,448
2020-11-09,Kings,031,150075,9614,9141,81,9222,84
2020-11-09,Lake,033,64148,800,755,0,755,16
2020-11-09,Lassen,035,31185,1024,799,2,801,0
2020-11-09,Los Angeles,037,10098052,332108,320370,3649,324019,7180
2020-11-09,Madera,039,155013,5507,5209,70,5279,54
2020-11-09,Marin,041,260295,7391,7237,22,7259,131
2020-11-09,Mariposa,043,17540,90,84,0,84,2
2020-11-09,Mendocino,045,87422,1224,1132,5,1137,22
2020-11-09,Merced,047,269075,10294,9922,63,9985,157
2020-11-09,Modoc,049,8938,73,54,12,66,0
2020-11-09,Mono,051,14174,468,352,9,361,2
2020-11-09,Monterey,053,433212,12877,12148,116,12264,98
2020-11-09,Napa,055,140530,2509,2309,10,2319,15
2020-11-09,Nevada,057,99092,847,729,22,751,9
2020-11-09,Orange,059,3164182,66176,62335,1990,64325,1501
2020-11-09,Placer,061,380077,5364,4843,36,4879,60
2020-11-09,Plumas,063,18699,135,102,0,102,0
2020-11-09,Riverside,065,2383286,75297,72059,883,72942,1346
2020-11-09,Sacramento,067,1510023,30096,28200,50,28250,516
2020-11-09,San Benito,069,59416,1584,1506,1,1507,15
2020-11-09,San Bernardino,071,2135413,74059,69015,661,69676,1182
2020-11-09,San Diego,073,3302833,65144,60572,2045,62617,908
2020-11-09,San Francisco,075,870044,13635,12984,69,13053,146
2020-11-09,San Joaquin,077,732212,23683,22512,323,22835,505
2020-11-09,San Luis Obispo,079,281455,5278,4746,63,4809,32
2020-11-09,San Mateo,081,765935,12528,11857,11,11868,169
2020-11-09,Santa Barbara,083,443738,10520,10214,142,10356,134
2020-11-09,Santa Clara,085,1922200,28889,26693,54,26747,409
2020-11-09,Santa Cruz,087,273765,3451,3194,36,3230,25
2020-11-09,Shasta,089,179085,3513,2581,50,2631,36
2020-11-09,Sierra,091,2930,10,10,0,10,0
2020-11-09,Siskiyou,093,43540,316,257,13,270,0
2020-11-09,Solano,095,438530,8726,8254,38,8292,85
2020-11-09,Sonoma,097,501317,10866,10310,35,10345,150
2020-11-09,Stanislaus,099,539301,19148,18482,951,19433,418
2020-11-09,Sutter,101,95872,2218,2010,3,2013,12
2020-11-09,Tehama,103,63373,1208,1071,2,1073,7
2020-11-09,Trinity,105,12862,149,46,16,62,0
2020-11-09,Tulare,107,460477,19235,18272,675,18947,304
2020-11-09,Tuolumne,109,53932,504,346,6,352,7
2020-11-09,Ventura,111,848112,16648,15568,456,16024,156
2020-11-09,Yolo,113,214977,3801,3522,10,3532,62
2020-11-09,Yuba,115,75493,1473,1380,5,1385,10
2020-11-08,Alameda,001,1643700,25758,24731,246,24977,424
2020-11-08,Alpine,002,1148,24,6,0,6,0
2020-11-08,Amador,005,37829,401,376,0,376,16
2020-11-08,Butte,007,227075,3463,3285,106,3391,57
2020-11-08,Calaveras,009,45235,368,360,0,360,21
2020-11-08,Colusa,011,21464,598,583,1,584,6
2020-11-08,Contra Costa,013,1133247,20927,20031,105,20136,254
2020-11-08,Del Norte,015,27424,212,195,0,195,2
2020-11-08,El Dorado,017,186661,1680,1502,19,1521,4
2020-11-08,Fresno,019,978130,36134,32619,672,33291,465
2020-11-08,Glenn,021,27897,770,707,8,715,3
2020-11-08,Humboldt,023,135768,651,605,1,606,9
2020-11-08,Imperial,025,180216,13868,13428,25,13453,338
2020-11-08,Inyo,027,18085,264,252,5,257,14
2020-11-08,Kern,029,883053,35965,34644,632,35276,448
2020-11-08,Kings,031,150075,9481,9026,78,9104,84
2020-11-08,Lake,033,64148,792,754,0,754,16
2020-11-08,Lassen,035,31185,876,799,2,801,0
2020-11-08,Los Angeles,037,10098052,328980,318960,3584,322544,7176
2020-11-08,Madera,039,155013,5437,5196,67,5263,54
2020-11-08,Marin,041,260295,7371,7227,22,7249,131
2020-11-08,Mariposa,043,17540,90,83,0,83,2
2020-11-08,Mendocino,045,87422,1215,1129,5,1134,22
2020-11-08,Merced,047,269075,10219,9885,61,9946,157
2020-11-08,Modoc,049,8938,69,54,12,66,0
2020-11-08,Mono,051,14174,462,352,9,361,2
2020-11-08,Monterey,053,433212,12732,12122,106,12228,98
2020-11-08,Napa,055,140530,2470,2274,10,2284,15
2020-11-08,Nevada,057,99092,831,715,22,737,9
2020-11-08,Orange,059,3164182,65588,62034,1976,64010,1501
2020-11-08,Placer,061,380077,5261,4800,31,4831,60
2020-11-08,Plumas,063,18699,130,102,0,102,0
2020-11-08,Riverside,065,2383286,74642,71442,842,72284,1345
2020-11-08,Sacramento,067,1510023,29537,28059,47,28106,515
2020-11-08,San Benito,069,59416,1569,1496,1,1497,15
2020-11-08,San Bernardino,071,2135413,72807,68412,622,69034,1182
2020-11-08,San Diego,073,3302833,64299,60199,2001,62200,908
2020-11-08,San Francisco,075,870044,13505,12985,65,13050,146
2020-11-08,San Joaquin,077,732212,23489,22514,319,22833,505
2020-11-08,San Luis Obispo,079,281455,5212,4698,58,4756,32
2020-11-08,San Mateo,081,765935,12410,11783,11,11794,169
2020-11-08,Santa Barbara,083,443738,10450,10180,140,10320,134
2020-11-08,Santa Clara,085,1922200,28515,26442,53,26495,410
2020-11-08,Santa Cruz,087,273765,3394,3134,36,3170,25
2020-11-08,Shasta,089,179085,3377,2582,44,2626,36
2020-11-08,Sierra,091,2930,10,7,0,7,0
2020-11-08,Siskiyou,093,43540,304,246,12,258,0
2020-11-08,Solano,095,438530,8605,8132,37,8169,85
2020-11-08,Sonoma,097,501317,10759,10229,35,10264,149
2020-11-08,Stanislaus,099,539301,18974,18413,930,19343,418
2020-11-08,Sutter,101,95872,2160,1980,3,1983,12
2020-11-08,Tehama,103,63373,1182,1054,2,1056,7
2020-11-08,Trinity,105,12862,146,46,15,61,0
2020-11-08,Tulare,107,460477,19093,18272,646,18918,304
2020-11-08,Tuolumne,109,53932,478,341,6,347,7
2020-11-08,Ventura,111,848112,16453,15504,448,15952,156
2020-11-08,Yolo,113,214977,3739,3492,10,3502,61
2020-11-08,Yuba,115,75493,1452,1369,5,1374,10
2020-11-07,Alameda,001,1643700,25648,24578,244,24822,424
2020-11-07,Alpine,002,1148,24,6,0,6,0
2020-11-07,Amador,005,37829,398,375,0,375,16
2020-11-07,Butte,007,227075,3451,3277,100,3377,57
2020-11-07,Calaveras,009,45235,366,360,0,360,21
2020-11-07,Colusa,011,21464,598,583,1,584,6
2020-11-07,Contra Costa,013,1133247,20826,19943,104,20047,254
2020-11-07,Del Norte,015,27424,207,194,0,194,2
2020-11-07,El Dorado,017,186661,1655,1495,18,1513,4
2020-11-07,Fresno,019,978130,35979,32497,650,33147,465
2020-11-07,Glenn,021,27897,762,707,8,715,3
2020-11-07,Humboldt,023,135768,640,590,1,591,9
2020-11-07,Imperial,025,180216,13810,13388,24,13412,338
2020-11-07,Inyo,027,18085,262,252,5,257,14
2020-11-07,Kern,029,883053,35809,34513,622,35135,448
2020-11-07,Kings,031,150075,9448,9005,72,9077,84
2020-11-07,Lake,033,64148,788,751,0,751,16
2020-11-07,Lassen,035,31185,860,799,2,801,0
2020-11-07,Los Angeles,037,10098052,327467,316756,3517,320273,7174
2020-11-07,Madera,039,155013,5414,5177,65,5242,54
2020-11-07,Marin,041,260295,7360,7215,22,7237,131
2020-11-07,Mariposa,043,17540,90,81,0,81,2
2020-11-07,Mendocino,045,87422,1204,1118,5,1123,22
2020-11-07,Merced,047,269075,10187,9855,57,9912,157
2020-11-07,Modoc,049,8938,69,51,12,63,0
2020-11-07,Mono,051,14174,459,352,9,361,2
2020-11-07,Monterey,053,433212,12662,12030,102,12132,98
2020-11-07,Napa,055,140530,2440,2260,9,2269,15
2020-11-07,Nevada,057,99092,814,710,22,732,9
2020-11-07,Orange,059,3164182,65299,62038,1970,64008,1505
2020-11-07,Placer,061,380077,5198,4745,31,4776,60
2020-11-07,Plumas,063,18699,127,94,0,94,0
2020-11-07,Riverside,065,2383286,74247,71153,815,71968,1345
2020-11-07,Sacramento,067,1510023,29287,27773,47,27820,515
2020-11-07,San Benito,069,59416,1557,1489,1,1490,15
2020-11-07,San Bernardino,071,2135413,72291,67935,611,68546,1182
2020-11-07,San Diego,073,3302833,63787,59682,1969,61651,909
2020-11-07,San Francisco,075,870044,13444,12980,64,13044,146
2020-11-07,San Joaquin,077,732212,23381,22517,313,22830,505
2020-11-07,San Luis Obispo,079,281455,5163,4668,55,4723,32
2020-11-07,San Mateo,081,765935,12347,11711,11,11722,169
2020-11-07,Santa Barbara,083,443738,10408,10157,138,10295,134
2020-11-07,Santa Clara,085,1922200,28311,26244,52,26296,410
2020-11-07,Santa Cruz,087,273765,3356,3130,36,3166,25
2020-11-07,Shasta,089,179085,3310,2547,42,2589,36
2020-11-07,Sierra,091,2930,10,7,0,7,0
2020-11-07,Siskiyou,093,43540,300,241,12,253,0
2020-11-07,Solano,095,438530,8553,8066,37,8103,85
2020-11-07,Sonoma,097,501317,10713,10200,35,10235,149
2020-11-07,Stanislaus,099,539301,18863,18386,914,19300,418
2020-11-07,Sutter,101,95872,2120,1973,3,1976,12
2020-11-07,Tehama,103,63373,1157,1043,2,1045,7
2020-11-07,Trinity,105,12862,146,42,14,56,0
2020-11-07,Tulare,107,460477,19037,18229,628,18857,304
2020-11-07,Tuolumne,109,53932,466,327,6,333,7
2020-11-07,Ventura,111,848112,16393,15364,443,15807,156
2020-11-07,Yolo,113,214977,3708,3486,10,3496,61
2020-11-07,Yuba,115,75493,1437,1349,5,1354,10
2020-11-06,Alameda,001,1643700,25516,24389,242,24631,420
2020-11-06,Alpine,002,1148,24,6,0,6,0
2020-11-06,Amador,005,37829,396,369,0,369,16
2020-11-06,Butte,007,227075,3426,3254,92,3346,57
2020-11-06,Calaveras,009,45235,365,359,0,359,21
2020-11-06,Colusa,011,21464,596,580,1,581,6
2020-11-06,Contra Costa,013,1133247,20679,19744,104,19848,252
2020-11-06,Del Norte,015,27424,204,194,0,194,2
2020-11-06,El Dorado,017,186661,1629,1475,18,1493,4
2020-11-06,Fresno,019,978130,35791,32278,634,32912,460
2020-11-06,Glenn,021,27897,756,707,7,714,3
2020-11-06,Humboldt,023,135768,637,587,1,588,9
2020-11-06,Imperial,025,180216,13756,13230,24,13254,338
2020-11-06,Inyo,027,18085,260,246,5,251,14
2020-11-06,Kern,029,883053,35645,34360,605,34965,443
2020-11-06,Kings,031,150075,9424,8883,70,8953,83
2020-11-06,Lake,033,64148,787,741,0,741,16
2020-11-06,Lassen,035,31185,852,794,2,796,0
2020-11-06,Los Angeles,037,10098052,325497,314356,3465,317821,7160
2020-11-06,Madera,039,155013,5398,5136,64,5200,54
2020-11-06,Marin,041,260295,7339,7184,22,7206,131
2020-11-06,Mariposa,043,17540,89,79,0,79,2
2020-11-06,Mendocino,045,87422,1199,1113,5,1118,22
2020-11-06,Merced,047,269075,10147,9778,54,9832,157
2020-11-06,Modoc,049,8938,69,48,12,60,0
2020-11-06,Mono,051,14174,453,308,9,317,1
2020-11-06,Monterey,053,433212,12545,11914,101,12015,96
2020-11-06,Napa,055,140530,2415,2189,9,2198,15
2020-11-06,Nevada,057,99092,801,692,21,713,9
2020-11-06,Orange,059,3164182,64996,61049,1960,63009,1494
2020-11-06,Placer,061,380077,5125,4680,31,4711,60
2020-11-06,Plumas,063,18699,122,90,0,90,0
2020-11-06,Riverside,065,2383286,73797,70409,774,71183,1341
2020-11-06,Sacramento,067,1510023,28996,27489,45,27534,514
2020-11-06,San Benito,069,59416,1548,1479,1,1480,15
2020-11-06,San Bernardino,071,2135413,71694,66740,591,67331,1179
2020-11-06,San Diego,073,3302833,63263,59143,1937,61080,907
2020-11-06,San Francisco,075,870044,13374,12825,63,12888,146
2020-11-06,San Joaquin,077,732212,23296,22424,303,22727,502
2020-11-06,San Luis Obispo,079,281455,5098,4531,49,4580,32
2020-11-06,San Mateo,081,765935,12272,11587,11,11598,168
2020-11-06,Santa Barbara,083,443738,10372,10118,134,10252,133
2020-11-06,Santa Clara,085,1922200,28069,25831,52,25883,402
2020-11-06,Santa Cruz,087,273765,3318,3063,36,3099,25
2020-11-06,Shasta,089,179085,3237,2475,41,2516,35
2020-11-06,Sierra,091,2930,9,7,0,7,0
2020-11-06,Siskiyou,093,43540,287,237,11,248,0
2020-11-06,Solano,095,438530,8487,7959,37,7996,85
2020-11-06,Sonoma,097,501317,10663,10142,35,10177,149
2020-11-06,Stanislaus,099,539301,18776,18250,906,19156,417
2020-11-06,Sutter,101,95872,2093,1937,2,1939,12
2020-11-06,Tehama,103,63373,1136,1024,2,1026,6
2020-11-06,Trinity,105,12862,143,41,14,55,0
2020-11-06,Tulare,107,460477,18973,18136,603,18739,300
2020-11-06,Tuolumne,109,53932,442,316,6,322,5
2020-11-06,Ventura,111,848112,16307,15222,440,15662,154
2020-11-06,Yolo,113,214977,3679,3420,10,3430,62
2020-11-06,Yuba,115,75493,1424,1335,5,1340,10
2020-11-05,Alameda,001,1643700,25340,24270,242,24512,420
2020-11-05,Alpine,002,1148,24,6,0,6,0
2020-11-05,Amador,005,37829,393,363,0,363,16
2020-11-05,Butte,007,227075,3403,3239,86,3325,57
2020-11-05,Calaveras,009,45235,357,333,0,333,19
2020-11-05,Colusa,011,21464,592,574,1,575,6
2020-11-05,Contra Costa,013,1133247,20497,19656,101,19757,252
2020-11-05,Del Norte,015,27424,202,192,0,192,2
2020-11-05,El Dorado,017,186661,1605,1466,18,1484,4
2020-11-05,Fresno,019,978130,35550,32056,610,32666,460
2020-11-05,Glenn,021,27897,736,702,7,709,3
2020-11-05,Humboldt,023,135768,627,581,1,582,9
2020-11-05,Imperial,025,180216,13664,13178,23,13201,337
2020-11-05,Inyo,027,18085,259,247,5,252,14
2020-11-05,Kern,029,883053,35444,34232,592,34824,443
2020-11-05,Kings,031,150075,9269,8846,67,8913,83
2020-11-05,Lake,033,64148,783,739,0,739,16
2020-11-05,Lassen,035,31185,821,782,2,784,0
2020-11-05,Los Angeles,037,10098052,323142,312381,3412,315793,7146
2020-11-05,Madera,039,155013,5360,5129,61,5190,54
2020-11-05,Marin,041,260295,7316,7171,22,7193,131
2020-11-05,Mariposa,043,17540,88,79,0,79,2
2020-11-05,Mendocino,045,87422,1187,1112,5,1117,22
2020-11-05,Merced,047,269075,10088,9753,49,9802,155
2020-11-05,Modoc,049,8938,68,47,11,58,0
2020-11-05,Mono,051,14174,451,307,9,316,1
2020-11-05,Monterey,053,433212,12435,11784,97,11881,96
2020-11-05,Napa,055,140530,2388,2158,9,2167,15
2020-11-05,Nevada,057,99092,779,687,20,707,9
2020-11-05,Orange,059,3164182,64549,60740,1949,62689,1484
2020-11-05,Placer,061,380077,5056,4627,26,4653,60
2020-11-05,Plumas,063,18699,114,90,0,90,0
2020-11-05,Riverside,065,2383286,73086,70094,718,70812,1338
2020-11-05,Sacramento,067,1510023,28616,27232,44,27276,512
2020-11-05,San Benito,069,59416,1533,1477,1,1478,15
2020-11-05,San Bernardino,071,2135413,70867,66407,579,66986,1174
2020-11-05,San Diego,073,3302833,62637,58659,1911,60570,904
2020-11-05,San Francisco,075,870044,13262,12726,62,12788,146
2020-11-05,San Joaquin,077,732212,23132,22318,299,22617,502
2020-11-05,San Luis Obispo,079,281455,5030,4459,47,4506,32
2020-11-05,San Mateo,081,765935,12178,11535,11,11546,168
2020-11-05,Santa Barbara,083,443738,10328,10080,131,10211,133
2020-11-05,Santa Clara,085,1922200,27804,25651,52,25703,402
2020-11-05,Santa Cruz,087,273765,3280,3023,36,3059,25
2020-11-05,Shasta,089,179085,3147,2401,40,2441,34
2020-11-05,Sierra,091,2930,9,6,0,6,0
2020-11-05,Siskiyou,093,43540,276,228,11,239,0
2020-11-05,Solano,095,438530,8404,7842,37,7879,85
2020-11-05,Sonoma,097,501317,10551,10064,34,10098,145
2020-11-05,Stanislaus,099,539301,18662,18194,893,19087,417
2020-11-05,Sutter,101,95872,2061,1925,2,1927,12
2020-11-05,Tehama,103,63373,1115,1015,2,1017,6
2020-11-05,Trinity,105,12862,127,41,14,55,0
2020-11-05,Tulare,107,460477,18884,18049,577,18626,301
2020-11-05,Tuolumne,109,53932,412,312,6,318,5
2020-11-05,Ventura,111,848112,16141,15113,429,15542,155
2020-11-05,Yolo,113,214977,3629,3391,10,3401,61
2020-11-05,Yuba,115,75493,1406,1322,5,1327,10
2020-11-04,Alameda,001,1643700,25164,24172,240,24412,418
2020-11-04,Alpine,002,1148,20,5,0,5,0
2020-11-04,Amador,005,37829,390,362,0,362,16
2020-11-04,Butte,007,227075,3378,3218,84,3302,57
2020-11-04,Calaveras,009,45235,354,290,0,290,19
2020-11-04,Colusa,011,21464,590,571,1,572,6
2020-11-04,Contra Costa,013,1133247,20332,19472,98,19570,251
2020-11-04,Del Norte,015,27424,198,188,0,188,2
2020-11-04,El Dorado,017,186661,1590,1448,15,1463,4
2020-11-04,Fresno,019,978130,35318,31952,582,32534,457
2020-11-04,Glenn,021,27897,732,701,6,707,3
2020-11-04,Humboldt,023,135768,618,571,1,572,9
2020-11-04,Imperial,025,180216,13566,13087,23,13110,335
2020-11-04,Inyo,027,18085,258,247,5,252,14
2020-11-04,Kern,029,883053,35289,34027,581,34608,439
2020-11-04,Kings,031,150075,9235,8817,65,8882,83
2020-11-04,Lake,033,64148,776,735,0,735,16
2020-11-04,Lassen,035,31185,816,781,2,783,0
2020-11-04,Los Angeles,037,10098052,320830,310456,3334,313790,7124
2020-11-04,Madera,039,155013,5340,5083,57,5140,54
2020-11-04,Marin,041,260295,7304,7157,22,7179,131
2020-11-04,Mariposa,043,17540,88,79,0,79,2
2020-11-04,Mendocino,045,87422,1169,1089,5,1094,22
2020-11-04,Merced,047,269075,10039,9717,47,9764,153
2020-11-04,Modoc,049,8938,59,47,11,58,0
2020-11-04,Mono,051,14174,448,237,8,245,1
2020-11-04,Monterey,053,433212,12231,11743,91,11834,96
2020-11-04,Napa,055,140530,2334,2133,9,2142,15
2020-11-04,Nevada,057,99092,760,675,20,695,9
2020-11-04,Orange,059,3164182,64114,60463,1928,62391,1483
2020-11-04,Placer,061,380077,4980,4526,23,4549,60
2020-11-04,Plumas,063,18699,112,88,0,88,0
2020-11-04,Riverside,065,2383286,72469,69562,659,70221,1335
2020-11-04,Sacramento,067,1510023,28266,27005,43,27048,510
2020-11-04,San Benito,069,59416,1518,1464,1,1465,15
2020-11-04,San Bernardino,071,2135413,70071,65891,556,66447,1169
2020-11-04,San Diego,073,3302833,61991,58126,1885,60011,904
2020-11-04,San Francisco,075,870044,13179,12649,59,12708,146
2020-11-04,San Joaquin,077,732212,22995,22197,286,22483,500
2020-11-04,San Luis Obispo,079,281455,4963,4389,45,4434,32
2020-11-04,San Mateo,081,765935,12084,11456,11,11467,168
2020-11-04,Santa Barbara,083,443738,10290,10026,130,10156,132
2020-11-04,Santa Clara,085,1922200,27543,25487,52,25539,393
2020-11-04,Santa Cruz,087,273765,3243,2997,36,3033,25
2020-11-04,Shasta,089,179085,3016,2321,35,2356,34
2020-11-04,Sierra,091,2930,9,6,0,6,0
2020-11-04,Siskiyou,093,43540,267,222,11,233,0
2020-11-04,Solano,095,438530,8305,7733,37,7770,85
2020-11-04,Sonoma,097,501317,10457,9965,34,9999,142
2020-11-04,Stanislaus,099,539301,18544,18114,878,18992,416
2020-11-04,Sutter,101,95872,2027,1916,2,1918,12
2020-11-04,Tehama,103,63373,1088,997,2,999,6
2020-11-04,Trinity,105,12862,123,37,14,51,0
2020-11-04,Tulare,107,460477,18774,17952,549,18501,298
2020-11-04,Tuolumne,109,53932,388,310,6,316,5
2020-11-04,Ventura,111,848112,16001,14936,426,15362,155
2020-11-04,Yolo,113,214977,3589,3361,10,3371,62
2020-11-04,Yuba,115,75493,1385,1312,5,1317,10
2020-11-03,Alameda,001,1643700,24980,24055,238,24293,418
2020-11-03,Alpine,002,1148,19,4,0,4,0
2020-11-03,Amador,005,37829,385,361,0,361,16
2020-11-03,Butte,007,227075,3355,3211,78,3289,57
2020-11-03,Calaveras,009,45235,350,287,0,287,19
2020-11-03,Colusa,011,21464,585,572,1,573,6
2020-11-03,Contra Costa,013,1133247,20177,19416,98,19514,250
2020-11-03,Del Norte,015,27424,197,187,0,187,2
2020-11-03,El Dorado,017,186661,1568,1445,14,1459,4
2020-11-03,Fresno,019,978130,35055,31856,560,32416,457
2020-11-03,Glenn,021,27897,726,698,6,704,3
2020-11-03,Humboldt,023,135768,612,570,1,571,8
2020-11-03,Imperial,025,180216,13476,13044,22,13066,335
2020-11-03,Inyo,027,18085,257,244,5,249,14
2020-11-03,Kern,029,883053,35098,33957,570,34527,439
2020-11-03,Kings,031,150075,9072,8783,60,8843,83
2020-11-03,Lake,033,64148,766,732,0,732,16
2020-11-03,Lassen,035,31185,807,782,2,784,0
2020-11-03,Los Angeles,037,10098052,318373,308812,3267,312079,7104
2020-11-03,Madera,039,155013,5304,5058,56,5114,54
2020-11-03,Marin,041,260295,7284,7147,21,7168,131
2020-11-03,Mariposa,043,17540,87,79,0,79,2
2020-11-03,Mendocino,045,87422,1154,1084,5,1089,22
2020-11-03,Merced,047,269075,9986,9713,46,9759,153
2020-11-03,Modoc,049,8938,57,47,9,56,0
2020-11-03,Mono,051,14174,444,210,8,218,1
2020-11-03,Monterey,053,433212,12162,11703,86,11789,94
2020-11-03,Napa,055,140530,2298,2130,9,2139,15
2020-11-03,Nevada,057,99092,740,670,19,689,9
2020-11-03,Orange,059,3164182,63684,60283,1916,62199,1477
2020-11-03,Placer,061,380077,4907,4514,23,4537,60
2020-11-03,Plumas,063,18699,109,86,0,86,0
2020-11-03,Riverside,065,2383286,71850,69300,634,69934,1325
2020-11-03,Sacramento,067,1510023,27885,26841,41,26882,510
2020-11-03,San Benito,069,59416,1508,1463,1,1464,15
2020-11-03,San Bernardino,071,2135413,69260,65320,549,65869,1159
2020-11-03,San Diego,073,3302833,61315,57722,1841,59563,901
2020-11-03,San Francisco,075,870044,13057,12585,59,12644,146
2020-11-03,San Joaquin,077,732212,22860,22109,280,22389,500
2020-11-03,San Luis Obispo,079,281455,4877,4371,43,4414,32
2020-11-03,San Mateo,081,765935,11989,11406,11,11417,162
2020-11-03,Santa Barbara,083,443738,10236,10008,126,10134,132
2020-11-03,Santa Clara,085,1922200,27269,25386,51,25437,393
2020-11-03,Santa Cruz,087,273765,3193,2980,35,3015,25
2020-11-03,Shasta,089,179085,2922,2288,28,2316,33
2020-11-03,Sierra,091,2930,7,6,0,6,0
2020-11-03,Siskiyou,093,43540,263,219,11,230,0
2020-11-03,Solano,095,438530,8221,7691,37,7728,85
2020-11-03,Sonoma,097,501317,10355,9906,34,9940,142
2020-11-03,Stanislaus,099,539301,18423,18080,867,18947,416
2020-11-03,Sutter,101,95872,1994,1914,2,1916,12
2020-11-03,Tehama,103,63373,1067,988,2,990,6
2020-11-03,Trinity,105,12862,116,36,13,49,0
2020-11-03,Tulare,107,460477,18668,17890,524,18414,297
2020-11-03,Tuolumne,109,53932,365,302,6,308,5
2020-11-03,Ventura,111,848112,15874,14816,419,15235,155
2020-11-03,Yolo,113,214977,3537,3343,10,3353,61
2020-11-03,Yuba,115,75493,1372,1295,5,1300,10
2020-11-02,Alameda,001,1643700,24784,23991,236,24227,419
2020-11-02,Alpine,002,1148,16,4,0,4,0
2020-11-02,Amador,005,37829,377,357,0,357,16
2020-11-02,Butte,007,227075,3335,3198,74,3272,57
2020-11-02,Calaveras,009,45235,350,282,0,282,18
2020-11-02,Colusa,011,21464,580,571,1,572,6
2020-11-02,Contra Costa,013,1133247,20019,19339,97,19436,250
2020-11-02,Del Norte,015,27424,194,175,0,175,2
2020-11-02,El Dorado,017,186661,1544,1405,14,1419,4
2020-11-02,Fresno,019,978130,34786,31738,543,32281,451
2020-11-02,Glenn,021,27897,720,692,5,697,3
2020-11-02,Humboldt,023,135768,603,569,1,570,8
2020-11-02,Imperial,025,180216,13396,13004,21,13025,334
2020-11-02,Inyo,027,18085,254,243,5,248,14
2020-11-02,Kern,029,883053,34940,33834,560,34394,437
2020-11-02,Kings,031,150075,9042,8654,57,8711,82
2020-11-02,Lake,033,64148,760,728,0,728,17
2020-11-02,Lassen,035,31185,799,782,2,784,0
2020-11-02,Los Angeles,037,10098052,316025,307620,3193,310813,7079
2020-11-02,Madera,039,155013,5273,5033,55,5088,54
2020-11-02,Marin,041,260295,7266,7132,20,7152,125
2020-11-02,Mariposa,043,17540,87,79,0,79,2
2020-11-02,Mendocino,045,87422,1140,1076,5,1081,21
2020-11-02,Merced,047,269075,9924,9664,40,9704,152
2020-11-02,Modoc,049,8938,54,45,5,50,0
2020-11-02,Mono,051,14174,442,211,8,219,1
2020-11-02,Monterey,053,433212,12055,11602,83,11685,93
2020-11-02,Napa,055,140530,2256,2081,9,2090,15
2020-11-02,Nevada,057,99092,724,656,19,675,9
2020-11-02,Orange,059,3164182,63278,59996,1901,61897,1474
2020-11-02,Placer,061,380077,4837,4461,21,4482,60
2020-11-02,Plumas,063,18699,101,86,0,86,0
2020-11-02,Riverside,065,2383286,71219,68833,593,69426,1321
2020-11-02,Sacramento,067,1510023,27543,26676,39,26715,508
2020-11-02,San Benito,069,59416,1496,1459,1,1460,15
2020-11-02,San Bernardino,071,2135413,68404,64629,538,65167,1157
2020-11-02,San Diego,073,3302833,60593,57429,1796,59225,891
2020-11-02,San Francisco,075,870044,12960,12436,58,12494,145
2020-11-02,San Joaquin,077,732212,22720,21919,272,22191,500
2020-11-02,San Luis Obispo,079,281455,4777,4303,40,4343,31
2020-11-02,San Mateo,081,765935,11880,11328,11,11339,161
2020-11-02,Santa Barbara,083,443738,10195,9985,121,10106,130
2020-11-02,Santa Clara,085,1922200,26982,25222,51,25273,387
2020-11-02,Santa Cruz,087,273765,3151,2943,35,2978,25
2020-11-02,Shasta,089,179085,2819,2174,24,2198,33
2020-11-02,Sierra,091,2930,7,6,0,6,0
2020-11-02,Siskiyou,093,43540,253,216,11,227,0
2020-11-02,Solano,095,438530,8103,7665,37,7702,84
2020-11-02,Sonoma,097,501317,10273,9796,33,9829,140
2020-11-02,Stanislaus,099,539301,18327,18005,858,18863,412
2020-11-02,Sutter,101,95872,1970,1895,2,1897,12
2020-11-02,Tehama,103,63373,1044,971,2,973,6
2020-11-02,Trinity,105,12862,110,30,13,43,0
2020-11-02,Tulare,107,460477,18574,17774,504,18278,299
2020-11-02,Tuolumne,109,53932,349,302,6,308,5
2020-11-02,Ventura,111,848112,15733,14767,405,15172,156
2020-11-02,Yolo,113,214977,3489,3318,10,3328,61
2020-11-02,Yuba,115,75493,1359,1280,5,1285,10
2020-11-01,Alameda,001,1643700,24621,23892,234,24126,419
2020-11-01,Alpine,002,1148,10,4,0,4,0
2020-11-01,Amador,005,37829,374,352,0,352,16
2020-11-01,Butte,007,227075,3312,3185,73,3258,57
2020-11-01,Calaveras,009,45235,349,282,0,282,18
2020-11-01,Colusa,011,21464,578,567,1,568,6
2020-11-01,Contra Costa,013,1133247,19846,19246,96,19342,250
2020-11-01,Del Norte,015,27424,190,175,0,175,2
2020-11-01,El Dorado,017,186661,1528,1394,14,1408,4
2020-11-01,Fresno,019,978130,34531,31613,523,32136,451
2020-11-01,Glenn,021,27897,711,688,3,691,3
2020-11-01,Humboldt,023,135768,595,568,1,569,8
2020-11-01,Imperial,025,180216,13305,12969,19,12988,334
2020-11-01,Inyo,027,18085,252,241,5,246,14
2020-11-01,Kern,029,883053,34759,33760,480,34240,437
2020-11-01,Kings,031,150075,9004,8641,56,8697,82
2020-11-01,Lake,033,64148,754,727,0,727,17
2020-11-01,Lassen,035,31185,799,782,2,784,0
2020-11-01,Los Angeles,037,10098052,313454,306217,3102,309319,7077
2020-11-01,Madera,039,155013,5226,5019,53,5072,54
2020-11-01,Marin,041,260295,7249,7124,20,7144,125
2020-11-01,Mariposa,043,17540,83,79,0,79,2
2020-11-01,Mendocino,045,87422,1126,1074,5,1079,21
2020-11-01,Merced,047,269075,9863,9626,40,9666,152
2020-11-01,Modoc,049,8938,53,45,5,50,0
2020-11-01,Mono,051,14174,413,211,7,218,1
2020-11-01,Monterey,053,433212,11948,11587,80,11667,93
2020-11-01,Napa,055,140530,2222,2067,9,2076,15
2020-11-01,Nevada,057,99092,708,646,18,664,9
2020-11-01,Orange,059,3164182,62876,59733,1875,61608,1475
2020-11-01,Placer,061,380077,4769,4422,20,4442,58
2020-11-01,Plumas,063,18699,96,86,0,86,0
2020-11-01,Riverside,065,2383286,70589,68493,558,69051,1319
2020-11-01,Sacramento,067,1510023,27221,26442,39,26481,508
2020-11-01,San Benito,069,59416,1481,1451,1,1452,15
2020-11-01,San Bernardino,071,2135413,67563,64339,517,64856,1157
2020-11-01,San Diego,073,3302833,59905,57122,1756,58878,891
2020-11-01,San Francisco,075,870044,12837,12436,53,12489,145
2020-11-01,San Joaquin,077,732212,22592,21919,266,22185,500
2020-11-01,San Luis Obispo,079,281455,4697,4303,39,4342,31
2020-11-01,San Mateo,081,765935,11799,11280,11,11291,160
2020-11-01,Santa Barbara,083,443738,10144,9969,105,10074,130
2020-11-01,Santa Clara,085,1922200,26699,25090,51,25141,386
2020-11-01,Santa Cruz,087,273765,3098,2921,35,2956,25
2020-11-01,Shasta,089,179085,2684,2172,23,2195,33
2020-11-01,Sierra,091,2930,7,6,0,6,0
2020-11-01,Siskiyou,093,43540,248,205,11,216,0
2020-11-01,Solano,095,438530,8013,7591,37,7628,84
2020-11-01,Sonoma,097,501317,10181,9688,33,9721,140
2020-11-01,Stanislaus,099,539301,18226,17961,839,18800,412
2020-11-01,Sutter,101,95872,1944,1888,1,1889,12
2020-11-01,Tehama,103,63373,1027,965,2,967,5
2020-11-01,Trinity,105,12862,108,30,12,42,0
2020-11-01,Tulare,107,460477,18462,17774,473,18247,299
2020-11-01,Tuolumne,109,53932,328,295,6,301,5
2020-11-01,Ventura,111,848112,15585,14686,377,15063,156
2020-11-01,Yolo,113,214977,3441,3303,10,3313,60
2020-11-01,Yuba,115,75493,1342,1273,5,1278,10
2020-10-31,Alameda,001,1643700,24505,23780,230,24010,416
2020-10-31,Alpine,002,1148,10,4,0,4,0
2020-10-31,Amador,005,37829,370,347,0,347,16
2020-10-31,Butte,007,227075,3299,3172,71,3243,57
2020-10-31,Calaveras,009,45235,349,280,0,280,18
2020-10-31,Colusa,011,21464,576,555,1,556,6
2020-10-31,Contra Costa,013,1133247,19741,19161,96,19257,249
2020-10-31,Del Norte,015,27424,189,175,0,175,2
2020-10-31,El Dorado,017,186661,1519,1390,14,1404,4
2020-10-31,Fresno,019,978130,34394,31558,520,32078,451
2020-10-31,Glenn,021,27897,709,678,3,681,3
2020-10-31,Humboldt,023,135768,592,561,1,562,8
2020-10-31,Imperial,025,180216,13263,12912,19,12931,334
2020-10-31,Inyo,027,18085,251,241,5,246,14
2020-10-31,Kern,029,883053,34656,33666,471,34137,437
2020-10-31,Kings,031,150075,8983,8612,55,8667,82
2020-10-31,Lake,033,64148,750,724,0,724,16
2020-10-31,Lassen,035,31185,794,782,2,784,0
2020-10-31,Los Angeles,037,10098052,312075,304704,3064,307768,7073
2020-10-31,Madera,039,155013,5207,5013,50,5063,54
2020-10-31,Marin,041,260295,7233,7112,20,7132,125
2020-10-31,Mariposa,043,17540,83,79,0,79,2
2020-10-31,Mendocino,045,87422,1118,1066,5,1071,21
2020-10-31,Merced,047,269075,9830,9597,39,9636,151
2020-10-31,Modoc,049,8938,52,34,4,38,0
2020-10-31,Mono,051,14174,264,194,6,200,1
2020-10-31,Monterey,053,433212,11880,11539,76,11615,93
2020-10-31,Napa,055,140530,2203,2040,9,2049,15
2020-10-31,Nevada,057,99092,690,644,18,662,9
2020-10-31,Orange,059,3164182,62617,59488,1857,61345,1473
2020-10-31,Placer,061,380077,4719,4374,19,4393,58
2020-10-31,Plumas,063,18699,95,85,0,85,0
2020-10-31,Riverside,065,2383286,70232,68178,535,68713,1319
2020-10-31,Sacramento,067,1510023,27022,26316,37,26353,507
2020-10-31,San Benito,069,59416,1474,1448,1,1449,15
2020-10-31,San Bernardino,071,2135413,67137,64016,507,64523,1157
2020-10-31,San Diego,073,3302833,59452,56769,1728,58497,891
2020-10-31,San Francisco,075,870044,12763,12438,52,12490,145
2020-10-31,San Joaquin,077,732212,22517,21918,257,22175,500
2020-10-31,San Luis Obispo,079,281455,4628,4285,36,4321,31
2020-10-31,San Mateo,081,765935,11748,11253,11,11264,160
2020-10-31,Santa Barbara,083,443738,10115,9957,97,10054,130
2020-10-31,Santa Clara,085,1922200,26531,24957,51,25008,379
2020-10-31,Santa Cruz,087,273765,3063,2895,34,2929,25
2020-10-31,Shasta,089,179085,2630,2122,22,2144,33
2020-10-31,Sierra,091,2930,7,6,0,6,0
2020-10-31,Siskiyou,093,43540,246,200,11,211,0
2020-10-31,Solano,095,438530,7948,7545,37,7582,84
2020-10-31,Sonoma,097,501317,10128,9648,33,9681,140
2020-10-31,Stanislaus,099,539301,18163,17920,823,18743,412
2020-10-31,Sutter,101,95872,1935,1876,1,1877,12
2020-10-31,Tehama,103,63373,1017,953,2,955,5
2020-10-31,Trinity,105,12862,105,30,12,42,0
2020-10-31,Tulare,107,460477,18413,17758,466,18224,299
2020-10-31,Tuolumne,109,53932,321,290,6,296,5
2020-10-31,Ventura,111,848112,15501,14635,359,14994,155
2020-10-31,Yolo,113,214977,3406,3290,10,3300,60
2020-10-31,Yuba,115,75493,1326,1260,4,1264,10
2020-10-30,Alameda,001,1643700,24426,23676,228,23904,401
2020-10-30,Alpine,002,1148,10,4,0,4,0
2020-10-30,Amador,005,37829,370,344,0,344,16
2020-10-30,Butte,007,227075,3294,3160,71,3231,57
2020-10-30,Calaveras,009,45235,348,279,0,279,18
2020-10-30,Colusa,011,21464,574,554,1,555,6
2020-10-30,Contra Costa,013,1133247,19668,19074,96,19170,249
2020-10-30,Del Norte,015,27424,188,175,0,175,2
2020-10-30,El Dorado,017,186661,1506,1386,14,1400,4
2020-10-30,Fresno,019,978130,34271,31409,512,31921,446
2020-10-30,Glenn,021,27897,703,674,2,676,3
2020-10-30,Humboldt,023,135768,591,561,1,562,7
2020-10-30,Imperial,025,180216,13222,12853,19,12872,334
2020-10-30,Inyo,027,18085,250,241,5,246,14
2020-10-30,Kern,029,883053,34563,33583,470,34053,437
2020-10-30,Kings,031,150075,8973,8564,53,8617,82
2020-10-30,Lake,033,64148,750,720,0,720,16
2020-10-30,Lassen,035,31185,788,777,2,779,0
2020-10-30,Los Angeles,037,10098052,310639,303425,3029,306454,7060
2020-10-30,Madera,039,155013,5194,4991,48,5039,54
2020-10-30,Marin,041,260295,7213,7097,20,7117,125
2020-10-30,Mariposa,043,17540,83,78,0,78,2
2020-10-30,Mendocino,045,87422,1116,1062,5,1067,21
2020-10-30,Merced,047,269075,9798,9539,39,9578,150
2020-10-30,Modoc,049,8938,51,34,3,37,0
2020-10-30,Mono,051,14174,263,193,6,199,1
2020-10-30,Monterey,053,433212,11817,11491,71,11562,92
2020-10-30,Napa,055,140530,2185,2028,9,2037,15
2020-10-30,Nevada,057,99092,684,634,18,652,9
2020-10-30,Orange,059,3164182,62376,59334,1845,61179,1469
2020-10-30,Placer,061,380077,4672,4335,19,4354,58
2020-10-30,Plumas,063,18699,92,80,0,80,0
2020-10-30,Riverside,065,2383286,69893,67752,515,68267,1317
2020-10-30,Sacramento,067,1510023,26874,26147,37,26184,505
2020-10-30,San Benito,069,59416,1468,1440,1,1441,15
2020-10-30,San Bernardino,071,2135413,66721,63512,504,64016,1156
2020-10-30,San Diego,073,3302833,59047,56387,1706,58093,888
2020-10-30,San Francisco,075,870044,12708,12384,52,12436,145
2020-10-30,San Joaquin,077,732212,22450,21849,251,22100,500
2020-10-30,San Luis Obispo,079,281455,4586,4256,36,4292,31
2020-10-30,San Mateo,081,765935,11689,11207,11,11218,159
2020-10-30,Santa Barbara,083,443738,10092,9937,97,10034,128
2020-10-30,Santa Clara,085,1922200,26383,24811,51,24862,378
2020-10-30,Santa Cruz,087,273765,3045,2874,34,2908,25
2020-10-30,Shasta,089,179085,2586,2048,21,2069,32
2020-10-30,Sierra,091,2930,7,6,0,6,0
2020-10-30,Siskiyou,093,43540,246,192,11,203,0
2020-10-30,Solano,095,438530,7887,7497,37,7534,84
2020-10-30,Sonoma,097,501317,10053,9602,33,9635,140
2020-10-30,Stanislaus,099,539301,18115,17861,808,18669,410
2020-10-30,Sutter,101,95872,1922,1860,1,1861,12
2020-10-30,Tehama,103,63373,1013,932,2,934,5
2020-10-30,Trinity,105,12862,105,29,12,41,0
2020-10-30,Tulare,107,460477,18368,17682,452,18134,299
2020-10-30,Tuolumne,109,53932,313,286,6,292,4
2020-10-30,Ventura,111,848112,15428,14578,348,14926,154
2020-10-30,Yolo,113,214977,3389,3263,10,3273,60
2020-10-30,Yuba,115,75493,1318,1256,4,1260,10
2020-10-29,Alameda,001,1643700,24263,23530,227,23757,401
2020-10-29,Alpine,002,1148,7,4,0,4,0
2020-10-29,Amador,005,37829,366,338,0,338,16
2020-10-29,Butte,007,227075,3276,3143,69,3212,57
2020-10-29,Calaveras,009,45235,346,278,0,278,13
2020-10-29,Colusa,011,21464,570,552,1,553,6
2020-10-29,Contra Costa,013,1133247,19570,18933,95,19028,249
2020-10-29,Del Norte,015,27424,186,174,0,174,2
2020-10-29,El Dorado,017,186661,1484,1370,14,1384,4
2020-10-29,Fresno,019,978130,34113,31321,505,31826,445
2020-10-29,Glenn,021,27897,701,673,2,675,3
2020-10-29,Humboldt,023,135768,586,559,1,560,7
2020-10-29,Imperial,025,180216,13179,12769,19,12788,334
2020-10-29,Inyo,027,18085,248,238,5,243,14
2020-10-29,Kern,029,883053,34462,33460,465,33925,437
2020-10-29,Kings,031,150075,8819,8502,52,8554,82
2020-10-29,Lake,033,64148,747,702,0,702,16
2020-10-29,Lassen,035,31185,787,772,2,774,0
2020-10-29,Los Angeles,037,10098052,309011,302246,2983,305229,7046
2020-10-29,Madera,039,155013,5163,4970,46,5016,53
2020-10-29,Marin,041,260295,7199,7083,20,7103,125
2020-10-29,Mariposa,043,17540,81,78,0,78,2
2020-10-29,Mendocino,045,87422,1110,1058,5,1063,21
2020-10-29,Merced,047,269075,9746,9496,39,9535,150
2020-10-29,Modoc,049,8938,49,31,3,34,0
2020-10-29,Mono,051,14174,256,176,6,182,1
2020-10-29,Monterey,053,433212,11736,11425,69,11494,92
2020-10-29,Napa,055,140530,2161,2009,9,2018,15
2020-10-29,Nevada,057,99092,677,632,18,650,9
2020-10-29,Orange,059,3164182,62108,59046,1825,60871,1464
2020-10-29,Placer,061,380077,4627,4270,18,4288,58
2020-10-29,Plumas,063,18699,90,69,0,69,0
2020-10-29,Riverside,065,2383286,69517,67268,485,67753,1304
2020-10-29,Sacramento,067,1510023,26661,25978,36,26014,507
2020-10-29,San Benito,069,59416,1463,1431,1,1432,15
2020-10-29,San Bernardino,071,2135413,66153,62968,494,63462,1150
2020-10-29,San Diego,073,3302833,58581,55916,1677,57593,885
2020-10-29,San Francisco,075,870044,12630,12312,52,12364,145
2020-10-29,San Joaquin,077,732212,22366,21736,239,21975,498
2020-10-29,San Luis Obispo,079,281455,4555,4223,35,4258,31
2020-10-29,San Mateo,081,765935,11644,11145,11,11156,157
2020-10-29,Santa Barbara,083,443738,10059,9902,95,9997,128
2020-10-29,Santa Clara,085,1922200,26232,24614,51,24665,377
2020-10-29,Santa Cruz,087,273765,3020,2850,34,2884,24
2020-10-29,Shasta,089,179085,2523,2008,21,2029,32
2020-10-29,Sierra,091,2930,6,6,0,6,0
2020-10-29,Siskiyou,093,43540,230,185,11,196,0
2020-10-29,Solano,095,438530,7825,7453,37,7490,78
2020-10-29,Sonoma,097,501317,9988,9533,33,9566,140
2020-10-29,Stanislaus,099,539301,18062,17790,787,18577,410
2020-10-29,Sutter,101,95872,1915,1852,1,1853,12
2020-10-29,Tehama,103,63373,995,925,2,927,5
2020-10-29,Trinity,105,12862,100,28,11,39,0
2020-10-29,Tulare,107,460477,18290,17627,434,18061,299
2020-10-29,Tuolumne,109,53932,308,279,6,285,4
2020-10-29,Ventura,111,848112,15337,14486,344,14830,154
2020-10-29,Yolo,113,214977,3360,3246,10,3256,60
2020-10-29,Yuba,115,75493,1307,1248,4,1252,10
2020-10-28,Alameda,001,1643700,24163,23468,226,23694,400
2020-10-28,Alpine,002,1148,6,4,0,4,0
2020-10-28,Amador,005,37829,363,337,0,337,16
2020-10-28,Butte,007,227075,3260,3134,66,3200,56
2020-10-28,Calaveras,009,45235,345,278,0,278,13
2020-10-28,Colusa,011,21464,567,551,1,552,6
2020-10-28,Contra Costa,013,1133247,19483,18828,94,18922,246
2020-10-28,Del Norte,015,27424,183,173,0,173,2
2020-10-28,El Dorado,017,186661,1472,1363,14,1377,4
2020-10-28,Fresno,019,978130,33993,31195,499,31694,444
2020-10-28,Glenn,021,27897,697,673,2,675,3
2020-10-28,Humboldt,023,135768,582,559,1,560,7
2020-10-28,Imperial,025,180216,13129,12730,19,12749,333
2020-10-28,Inyo,027,18085,248,238,5,243,14
2020-10-28,Kern,029,883053,34360,33424,447,33871,436
2020-10-28,Kings,031,150075,8797,8486,52,8538,82
2020-10-28,Lake,033,64148,744,700,0,700,15
2020-10-28,Lassen,035,31185,783,771,2,773,0
2020-10-28,Los Angeles,037,10098052,307556,300726,2940,303666,7031
2020-10-28,Madera,039,155013,5146,4954,45,4999,53
2020-10-28,Marin,041,260295,7188,7079,20,7099,126
2020-10-28,Mariposa,043,17540,81,78,0,78,2
2020-10-28,Mendocino,045,87422,1109,1037,5,1042,20
2020-10-28,Merced,047,269075,9720,9480,38,9518,150
2020-10-28,Modoc,049,8938,48,31,2,33,0
2020-10-28,Mono,051,14174,238,176,6,182,1
2020-10-28,Monterey,053,433212,11678,11330,67,11397,89
2020-10-28,Napa,055,140530,2135,1998,8,2006,15
2020-10-28,Nevada,057,99092,669,629,18,647,9
2020-10-28,Orange,059,3164182,61844,58801,1809,60610,1459
2020-10-28,Placer,061,380077,4571,4236,18,4254,57
2020-10-28,Plumas,063,18699,89,67,0,67,0
2020-10-28,Riverside,065,2383286,69120,67003,461,67464,1302
2020-10-28,Sacramento,067,1510023,26464,25838,35,25873,506
2020-10-28,San Benito,069,59416,1455,1429,1,1430,15
2020-10-28,San Bernardino,071,2135413,65694,62778,485,63263,1154
2020-10-28,San Diego,073,3302833,58198,55556,1648,57204,881
2020-10-28,San Francisco,075,870044,12572,12261,51,12312,145
2020-10-28,San Joaquin,077,732212,22282,21707,228,21935,498
2020-10-28,San Luis Obispo,079,281455,4511,4197,32,4229,31
2020-10-28,San Mateo,081,765935,11577,11101,11,11112,157
2020-10-28,Santa Barbara,083,443738,10036,9872,93,9965,127
2020-10-28,Santa Clara,085,1922200,26088,24503,51,24554,375
2020-10-28,Santa Cruz,087,273765,2989,2836,34,2870,24
2020-10-28,Shasta,089,179085,2443,1996,20,2016,31
2020-10-28,Sierra,091,2930,6,6,0,6,0
2020-10-28,Siskiyou,093,43540,227,182,10,192,0
2020-10-28,Solano,095,438530,7766,7362,37,7399,77
2020-10-28,Sonoma,097,501317,9898,9457,28,9485,140
2020-10-28,Stanislaus,099,539301,17997,17765,778,18543,409
2020-10-28,Sutter,101,95872,1906,1840,1,1841,12
2020-10-28,Tehama,103,63373,984,921,2,923,5
2020-10-28,Trinity,105,12862,93,28,10,38,0
2020-10-28,Tulare,107,460477,18233,17569,419,17988,297
2020-10-28,Tuolumne,109,53932,304,277,6,283,4
2020-10-28,Ventura,111,848112,15264,14409,335,14744,153
2020-10-28,Yolo,113,214977,3335,3230,10,3240,60
2020-10-28,Yuba,115,75493,1295,1245,4,1249,10
2020-10-27,Alameda,001,1643700,24048,23365,224,23589,400
2020-10-27,Alpine,002,1148,6,3,0,3,0
2020-10-27,Amador,005,37829,360,335,0,335,16
2020-10-27,Butte,007,227075,3244,3107,63,3170,56
2020-10-27,Calaveras,009,45235,343,277,0,277,13
2020-10-27,Colusa,011,21464,562,549,1,550,6
2020-10-27,Contra Costa,013,1133247,19377,18766,94,18860,246
2020-10-27,Del Norte,015,27424,180,173,0,173,2
2020-10-27,El Dorado,017,186661,1459,1351,14,1365,4
2020-10-27,Fresno,019,978130,33875,31096,493,31589,442
2020-10-27,Glenn,021,27897,695,667,1,668,3
2020-10-27,Humboldt,023,135768,579,559,1,560,7
2020-10-27,Imperial,025,180216,13080,12680,19,12699,333
2020-10-27,Inyo,027,18085,248,231,5,236,14
2020-10-27,Kern,029,883053,34243,33328,443,33771,436
2020-10-27,Kings,031,150075,8766,8411,52,8463,83
2020-10-27,Lake,033,64148,741,700,0,700,15
2020-10-27,Lassen,035,31185,781,764,2,766,0
2020-10-27,Los Angeles,037,10098052,306168,299438,2911,302349,7008
2020-10-27,Madera,039,155013,5116,4942,44,4986,53
2020-10-27,Marin,041,260295,7172,7070,20,7090,126
2020-10-27,Mariposa,043,17540,80,78,0,78,2
2020-10-27,Mendocino,045,87422,1103,1033,4,1037,20
2020-10-27,Merced,047,269075,9679,9449,38,9487,150
2020-10-27,Modoc,049,8938,46,31,2,33,0
2020-10-27,Mono,051,14174,224,169,6,175,1
2020-10-27,Monterey,053,433212,11622,11261,65,11326,88
2020-10-27,Napa,055,140530,2119,1979,8,1987,15
2020-10-27,Nevada,057,99092,663,622,18,640,8
2020-10-27,Orange,059,3164182,61574,58550,1793,60343,1448
2020-10-27,Placer,061,380077,4522,4197,16,4213,57
2020-10-27,Plumas,063,18699,86,63,0,63,0
2020-10-27,Riverside,065,2383286,68767,66699,416,67115,1299
2020-10-27,Sacramento,067,1510023,26277,25701,34,25735,501
2020-10-27,San Benito,069,59416,1450,1428,1,1429,15
2020-10-27,San Bernardino,071,2135413,65232,62357,472,62829,1154
2020-10-27,San Diego,073,3302833,57725,55226,1625,56851,877
2020-10-27,San Francisco,075,870044,12497,12218,50,12268,140
2020-10-27,San Joaquin,077,732212,22191,21637,219,21856,496
2020-10-27,San Luis Obispo,079,281455,4484,4148,28,4176,31
2020-10-27,San Mateo,081,765935,11530,11074,11,11085,156
2020-10-27,Santa Barbara,083,443738,10006,9874,92,9966,125
2020-10-27,Santa Clara,085,1922200,25946,24368,51,24419,367
2020-10-27,Santa Cruz,087,273765,2959,2815,33,2848,24
2020-10-27,Shasta,089,179085,2357,1962,20,1982,29
2020-10-27,Sierra,091,2930,6,6,0,6,0
2020-10-27,Siskiyou,093,43540,218,181,10,191,0
2020-10-27,Solano,095,438530,7697,7298,37,7335,77
2020-10-27,Sonoma,097,501317,9831,9389,28,9417,140
2020-10-27,Stanislaus,099,539301,17929,17720,771,18491,408
2020-10-27,Sutter,101,95872,1893,1832,1,1833,12
2020-10-27,Tehama,103,63373,970,913,2,915,5
2020-10-27,Trinity,105,12862,90,28,10,38,0
2020-10-27,Tulare,107,460477,18170,17520,396,17916,296
2020-10-27,Tuolumne,109,53932,300,275,6,281,4
2020-10-27,Ventura,111,848112,15181,14347,328,14675,153
2020-10-27,Yolo,113,214977,3322,3216,10,3226,58
2020-10-27,Yuba,115,75493,1282,1235,4,1239,10
2020-10-26,Alameda,001,1643700,23935,23284,223,23507,398
2020-10-26,Alpine,002,1148,4,3,0,3,0
2020-10-26,Amador,005,37829,356,331,0,331,16
2020-10-26,Butte,007,227075,3233,3095,61,3156,56
2020-10-26,Calaveras,009,45235,340,274,0,274,13
2020-10-26,Colusa,011,21464,560,548,1,549,6
2020-10-26,Contra Costa,013,1133247,19281,18718,93,18811,245
2020-10-26,Del Norte,015,27424,180,171,0,171,2
2020-10-26,El Dorado,017,186661,1445,1336,14,1350,4
2020-10-26,Fresno,019,978130,33762,30969,486,31455,441
2020-10-26,Glenn,021,27897,688,660,1,661,3
2020-10-26,Humboldt,023,135768,571,554,1,555,7
2020-10-26,Imperial,025,180216,13026,12654,16,12670,333
2020-10-26,Inyo,027,18085,248,226,5,231,14
2020-10-26,Kern,029,883053,34159,33233,438,33671,432
2020-10-26,Kings,031,150075,8745,8264,50,8314,82
2020-10-26,Lake,033,64148,739,697,0,697,15
2020-10-26,Lassen,035,31185,778,764,2,766,0
2020-10-26,Los Angeles,037,10098052,304741,297961,2871,300832,6979
2020-10-26,Madera,039,155013,5095,4922,43,4965,53
2020-10-26,Marin,041,260295,7166,7064,19,7083,104
2020-10-26,Mariposa,043,17540,80,77,0,77,2
2020-10-26,Mendocino,045,87422,1095,1026,4,1030,20
2020-10-26,Merced,047,269075,9632,9375,37,9412,150
2020-10-26,Modoc,049,8938,44,28,0,28,0
2020-10-26,Mono,051,14174,218,167,6,173,1
2020-10-26,Monterey,053,433212,11571,11207,61,11268,87
2020-10-26,Napa,055,140530,2087,1966,8,1974,14
2020-10-26,Nevada,057,99092,656,618,18,636,8
2020-10-26,Orange,059,3164182,61370,58377,1774,60151,1442
2020-10-26,Placer,061,380077,4480,4161,15,4176,57
2020-10-26,Plumas,063,18699,84,63,0,63,0
2020-10-26,Riverside,065,2383286,68316,66475,390,66865,1294
2020-10-26,Sacramento,067,1510023,26097,25555,32,25587,496
2020-10-26,San Benito,069,59416,1442,1424,1,1425,15
2020-10-26,San Bernardino,071,2135413,64761,61871,469,62340,1153
2020-10-26,San Diego,073,3302833,57332,54957,1587,56544,870
2020-10-26,San Francisco,075,870044,12437,12072,50,12122,138
2020-10-26,San Joaquin,077,732212,22108,21459,213,21672,495
2020-10-26,San Luis Obispo,079,281455,4458,4133,28,4161,31
2020-10-26,San Mateo,081,765935,11486,11037,11,11048,156
2020-10-26,Santa Barbara,083,443738,9983,9827,92,9919,122
2020-10-26,Santa Clara,085,1922200,25756,24258,50,24308,365
2020-10-26,Santa Cruz,087,273765,2933,2808,33,2841,24
2020-10-26,Shasta,089,179085,2303,1889,20,1909,29
2020-10-26,Sierra,091,2930,6,6,0,6,0
2020-10-26,Siskiyou,093,43540,210,179,10,189,0
2020-10-26,Solano,095,438530,7617,7271,37,7308,62
2020-10-26,Sonoma,097,501317,9754,9315,28,9343,140
2020-10-26,Stanislaus,099,539301,17879,17666,761,18427,400
2020-10-26,Sutter,101,95872,1885,1817,1,1818,12
2020-10-26,Tehama,103,63373,950,892,2,894,5
2020-10-26,Trinity,105,12862,89,26,10,36,0
2020-10-26,Tulare,107,460477,18093,17432,373,17805,296
2020-10-26,Tuolumne,109,53932,291,271,6,277,4
2020-10-26,Ventura,111,848112,15112,14330,325,14655,154
2020-10-26,Yolo,113,214977,3303,3206,10,3216,58
2020-10-26,Yuba,115,75493,1266,1226,4,1230,10
2020-10-25,Alameda,001,1643700,23828,23192,223,23415,398
2020-10-25,Alpine,002,1148,3,3,0,3,0
2020-10-25,Amador,005,37829,345,330,0,330,16
2020-10-25,Butte,007,227075,3213,3087,61,3148,56
2020-10-25,Calaveras,009,45235,339,274,0,274,13
2020-10-25,Colusa,011,21464,556,548,1,549,6
2020-10-25,Contra Costa,013,1133247,19178,18640,93,18733,245
2020-10-25,Del Norte,015,27424,176,171,0,171,2
2020-10-25,El Dorado,017,186661,1430,1328,14,1342,4
2020-10-25,Fresno,019,978130,33627,30858,473,31331,441
2020-10-25,Glenn,021,27897,685,652,1,653,3
2020-10-25,Humboldt,023,135768,568,554,1,555,7
2020-10-25,Imperial,025,180216,12977,12572,16,12588,333
2020-10-25,Inyo,027,18085,245,226,5,231,14
2020-10-25,Kern,029,883053,34053,33185,434,33619,432
2020-10-25,Kings,031,150075,8712,8246,48,8294,82
2020-10-25,Lake,033,64148,722,695,0,695,15
2020-10-25,Lassen,035,31185,776,764,2,766,0
2020-10-25,Los Angeles,037,10098052,303177,297110,2835,299945,6973
2020-10-25,Madera,039,155013,5065,4909,38,4947,53
2020-10-25,Marin,041,260295,7156,7052,19,7071,102
2020-10-25,Mariposa,043,17540,80,77,0,77,2
2020-10-25,Mendocino,045,87422,1088,1024,4,1028,20
2020-10-25,Merced,047,269075,9567,9352,35,9387,150
2020-10-25,Modoc,049,8938,39,28,0,28,0
2020-10-25,Mono,051,14174,210,167,6,173,1
2020-10-25,Monterey,053,433212,11488,11182,56,11238,87
2020-10-25,Napa,055,140530,2057,1962,8,1970,14
2020-10-25,Nevada,057,99092,648,616,18,634,8
2020-10-25,Orange,059,3164182,61081,58185,1765,59950,1443
2020-10-25,Placer,061,380077,4428,4140,15,4155,57
2020-10-25,Plumas,063,18699,84,63,0,63,0
2020-10-25,Riverside,065,2383286,67866,66192,374,66566,1289
2020-10-25,Sacramento,067,1510023,25882,25445,30,25475,496
2020-10-25,San Benito,069,59416,1435,1423,1,1424,15
2020-10-25,San Bernardino,071,2135413,64221,61551,457,62008,1153
2020-10-25,San Diego,073,3302833,56869,54599,1555,56154,870
2020-10-25,San Francisco,075,870044,12364,12072,50,12122,137
2020-10-25,San Joaquin,077,732212,22000,21459,204,21663,495
2020-10-25,San Luis Obispo,079,281455,4416,4126,26,4152,31
2020-10-25,San Mateo,081,765935,11441,10987,11,10998,156
2020-10-25,Santa Barbara,083,443738,9964,9814,92,9906,122
2020-10-25,Santa Clara,085,1922200,25568,24087,50,24137,365
2020-10-25,Santa Cruz,087,273765,2906,2789,33,2822,24
2020-10-25,Shasta,089,179085,2239,1889,20,1909,29
2020-10-25,Sierra,091,2930,6,6,0,6,0
2020-10-25,Siskiyou,093,43540,207,176,10,186,0
2020-10-25,Solano,095,438530,7539,7197,37,7234,60
2020-10-25,Sonoma,097,501317,9661,9235,27,9262,140
2020-10-25,Stanislaus,099,539301,17822,17641,752,18393,400
2020-10-25,Sutter,101,95872,1867,1811,1,1812,12
2020-10-25,Tehama,103,63373,933,880,2,882,5
2020-10-25,Trinity,105,12862,85,26,10,36,0
2020-10-25,Tulare,107,460477,18018,17431,363,17794,296
2020-10-25,Tuolumne,109,53932,286,271,6,277,4
2020-10-25,Ventura,111,848112,15019,14300,319,14619,154
2020-10-25,Yolo,113,214977,3282,3190,10,3200,58
2020-10-25,Yuba,115,75493,1258,1219,4,1223,10
2020-10-24,Alameda,001,1643700,23757,23099,220,23319,398
2020-10-24,Alpine,002,1148,3,3,0,3,0
2020-10-24,Amador,005,37829,344,328,0,328,16
2020-10-24,Butte,007,227075,3204,3078,61,3139,56
2020-10-24,Calaveras,009,45235,337,274,0,274,13
2020-10-24,Colusa,011,21464,551,548,1,549,6
2020-10-24,Contra Costa,013,1133247,19112,18567,93,18660,244
2020-10-24,Del Norte,015,27424,175,171,0,171,2
2020-10-24,El Dorado,017,186661,1414,1317,14,1331,4
2020-10-24,Fresno,019,978130,33566,30752,468,31220,441
2020-10-24,Glenn,021,27897,682,650,1,651,3
2020-10-24,Humboldt,023,135768,566,553,1,554,7
2020-10-24,Imperial,025,180216,12950,12469,16,12485,333
2020-10-24,Inyo,027,18085,245,226,5,231,14
2020-10-24,Kern,029,883053,33995,33105,429,33534,432
2020-10-24,Kings,031,150075,8702,8228,47,8275,82
2020-10-24,Lake,033,64148,717,696,0,696,15
2020-10-24,Lassen,035,31185,775,764,2,766,0
2020-10-24,Los Angeles,037,10098052,302357,296323,2813,299136,6969
2020-10-24,Madera,039,155013,5052,4898,37,4935,53
2020-10-24,Marin,041,260295,7147,7042,19,7061,102
2020-10-24,Mariposa,043,17540,80,77,0,77,2
2020-10-24,Mendocino,045,87422,1076,1022,4,1026,20
2020-10-24,Merced,047,269075,9543,9351,35,9386,150
2020-10-24,Modoc,049,8938,38,28,0,28,0
2020-10-24,Mono,051,14174,196,167,6,173,1
2020-10-24,Monterey,053,433212,11419,11153,55,11208,87
2020-10-24,Napa,055,140530,2040,1957,8,1965,14
2020-10-24,Nevada,057,99092,644,608,18,626,8
2020-10-24,Orange,059,3164182,60926,57928,1755,59683,1441
2020-10-24,Placer,061,380077,4397,4093,15,4108,57
2020-10-24,Plumas,063,18699,78,63,0,63,0
2020-10-24,Riverside,065,2383286,67658,65902,360,66262,1288
2020-10-24,Sacramento,067,1510023,25801,25372,30,25402,496
2020-10-24,San Benito,069,59416,1430,1417,1,1418,15
2020-10-24,San Bernardino,071,2135413,63982,61351,449,61800,1153
2020-10-24,San Diego,073,3302833,56592,54330,1542,55872,868
2020-10-24,San Francisco,075,870044,12305,12073,49,12122,137
2020-10-24,San Joaquin,077,732212,21947,21458,199,21657,495
2020-10-24,San Luis Obispo,079,281455,4393,4119,25,4144,31
2020-10-24,San Mateo,081,765935,11402,10942,11,10953,155
2020-10-24,Santa Barbara,083,443738,9947,9781,92,9873,122
2020-10-24,Santa Clara,085,1922200,25481,23978,50,24028,365
2020-10-24,Santa Cruz,087,273765,2887,2775,33,2808,24
2020-10-24,Shasta,089,179085,2194,1878,20,1898,29
2020-10-24,Sierra,091,2930,6,6,0,6,0
2020-10-24,Siskiyou,093,43540,206,174,10,184,0
2020-10-24,Solano,095,438530,7486,7189,37,7226,60
2020-10-24,Sonoma,097,501317,9627,9179,27,9206,140
2020-10-24,Stanislaus,099,539301,17779,17574,737,18311,400
2020-10-24,Sutter,101,95872,1858,1804,1,1805,12
2020-10-24,Tehama,103,63373,925,872,2,874,5
2020-10-24,Trinity,105,12862,85,25,10,35,0
2020-10-24,Tulare,107,460477,17996,17406,351,17757,295
2020-10-24,Tuolumne,109,53932,283,269,6,275,4
2020-10-24,Ventura,111,848112,14966,14240,318,14558,154
2020-10-24,Yolo,113,214977,3270,3164,10,3174,57
2020-10-24,Yuba,115,75493,1255,1210,4,1214,10
2020-10-23,Alameda,001,1643700,23684,23047,218,23265,393
2020-10-23,Alpine,002,1148,3,3,0,3,0
2020-10-23,Amador,005,37829,343,324,0,324,16
2020-10-23,Butte,007,227075,3195,3059,61,3120,55
2020-10-23,Calaveras,009,45235,336,273,0,273,13
2020-10-23,Colusa,011,21464,551,547,1,548,6
2020-10-23,Contra Costa,013,1133247,19042,18483,92,18575,244
2020-10-23,Del Norte,015,27424,175,171,0,171,2
2020-10-23,El Dorado,017,186661,1405,1310,14,1324,4
2020-10-23,Fresno,019,978130,33498,30590,465,31055,441
2020-10-23,Glenn,021,27897,679,644,1,645,3
2020-10-23,Humboldt,023,135768,564,553,1,554,7
2020-10-23,Imperial,025,180216,12919,12398,15,12413,333
2020-10-23,Inyo,027,18085,244,226,5,231,14
2020-10-23,Kern,029,883053,33927,33077,424,33501,431
2020-10-23,Kings,031,150075,8693,8218,47,8265,82
2020-10-23,Lake,033,64148,715,689,0,689,15
2020-10-23,Lassen,035,31185,774,764,2,766,0
2020-10-23,Los Angeles,037,10098052,301271,294287,2786,297073,6956
2020-10-23,Madera,039,155013,5047,4888,37,4925,53
2020-10-23,Marin,041,260295,7134,7029,19,7048,102
2020-10-23,Mariposa,043,17540,80,77,0,77,2
2020-10-23,Mendocino,045,87422,1073,1019,4,1023,20
2020-10-23,Merced,047,269075,9529,9327,35,9362,149
2020-10-23,Modoc,049,8938,38,28,0,28,0
2020-10-23,Mono,051,14174,194,159,6,165,1
2020-10-23,Monterey,053,433212,11372,11099,51,11150,86
2020-10-23,Napa,055,140530,2032,1942,8,1950,14
2020-10-23,Nevada,057,99092,641,604,18,622,8
2020-10-23,Orange,059,3164182,60756,57595,1740,59335,1430
2020-10-23,Placer,061,380077,4350,4073,15,4088,57
2020-10-23,Plumas,063,18699,75,63,0,63,0
2020-10-23,Riverside,065,2383286,67419,65512,352,65864,1279
2020-10-23,Sacramento,067,1510023,25696,25224,30,25254,496
2020-10-23,San Benito,069,59416,1428,1412,1,1413,15
2020-10-23,San Bernardino,071,2135413,63696,60854,435,61289,1150
2020-10-23,San Diego,073,3302833,56286,53944,1515,55459,867
2020-10-23,San Francisco,075,870044,12274,12015,49,12064,137
2020-10-23,San Joaquin,077,732212,21891,21361,193,21554,495
2020-10-23,San Luis Obispo,079,281455,4368,4102,25,4127,31
2020-10-23,San Mateo,081,765935,11353,10872,11,10883,155
2020-10-23,Santa Barbara,083,443738,9931,9751,92,9843,121
2020-10-23,Santa Clara,085,1922200,25379,23822,50,23872,364
2020-10-23,Santa Cruz,087,273765,2873,2757,33,2790,24
2020-10-23,Shasta,089,179085,2157,1846,19,1865,29
2020-10-23,Sierra,091,2930,6,6,0,6,0
2020-10-23,Siskiyou,093,43540,202,172,10,182,0
2020-10-23,Solano,095,438530,7455,7174,37,7211,59
2020-10-23,Sonoma,097,501317,9570,9112,27,9139,139
2020-10-23,Stanislaus,099,539301,17742,17496,730,18226,395
2020-10-23,Sutter,101,95872,1851,1797,1,1798,12
2020-10-23,Tehama,103,63373,916,862,2,864,5
2020-10-23,Trinity,105,12862,85,26,10,36,0
2020-10-23,Tulare,107,460477,17951,17334,340,17674,295
2020-10-23,Tuolumne,109,53932,280,254,6,260,4
2020-10-23,Ventura,111,848112,14937,14192,318,14510,155
2020-10-23,Yolo,113,214977,3258,3140,10,3150,57
2020-10-23,Yuba,115,75493,1251,1206,4,1210,10
2020-10-22,Alameda,001,1643700,23583,22915,218,23133,393
2020-10-22,Alpine,002,1148,3,3,0,3,0
2020-10-22,Amador,005,37829,339,317,0,317,16
2020-10-22,Butte,007,227075,3185,3046,59,3105,55
2020-10-22,Calaveras,009,45235,332,273,0,273,13
2020-10-22,Colusa,011,21464,551,547,1,548,6
2020-10-22,Contra Costa,013,1133247,18971,18393,92,18485,243
2020-10-22,Del Norte,015,27424,174,168,0,168,2
2020-10-22,El Dorado,017,186661,1395,1308,14,1322,4
2020-10-22,Fresno,019,978130,33387,30471,457,30928,438
2020-10-22,Glenn,021,27897,672,643,1,644,3
2020-10-22,Humboldt,023,135768,562,548,1,549,7
2020-10-22,Imperial,025,180216,12866,12311,15,12326,333
2020-10-22,Inyo,027,18085,241,220,5,225,14
2020-10-22,Kern,029,883053,33846,32991,421,33412,431
2020-10-22,Kings,031,150075,8442,8201,47,8248,82
2020-10-22,Lake,033,64148,711,678,0,678,15
2020-10-22,Lassen,035,31185,771,764,2,766,0
2020-10-22,Los Angeles,037,10098052,299892,291599,2732,294331,6935
2020-10-22,Madera,039,155013,5026,4847,37,4884,52
2020-10-22,Marin,041,260295,7127,7014,19,7033,102
2020-10-22,Mariposa,043,17540,80,77,0,77,2
2020-10-22,Mendocino,045,87422,1068,1016,4,1020,20
2020-10-22,Merced,047,269075,9501,9323,35,9358,149
2020-10-22,Modoc,049,8938,34,26,0,26,0
2020-10-22,Mono,051,14174,189,156,6,162,1
2020-10-22,Monterey,053,433212,11313,11059,48,11107,84
2020-10-22,Napa,055,140530,2017,1928,8,1936,14
2020-10-22,Nevada,057,99092,635,600,18,618,8
2020-10-22,Orange,059,3164182,60542,57418,1723,59141,1422
2020-10-22,Placer,061,380077,4301,4036,15,4051,57
2020-10-22,Plumas,063,18699,72,62,0,62,0
2020-10-22,Riverside,065,2383286,67084,65104,334,65438,1279
2020-10-22,Sacramento,067,1510023,25556,25054,30,25084,492
2020-10-22,San Benito,069,59416,1424,1403,1,1404,15
2020-10-22,San Bernardino,071,2135413,63294,60402,420,60822,1149
2020-10-22,San Diego,073,3302833,55899,53514,1496,55010,866
2020-10-22,San Francisco,075,870044,12216,11991,47,12038,137
2020-10-22,San Joaquin,077,732212,21818,21282,187,21469,495
2020-10-22,San Luis Obispo,079,281455,4352,4081,25,4106,31
2020-10-22,San Mateo,081,765935,11297,10796,11,10807,155
2020-10-22,Santa Barbara,083,443738,9898,9710,90,9800,120
2020-10-22,Santa Clara,085,1922200,25225,23621,50,23671,363
2020-10-22,Santa Cruz,087,273765,2855,2738,32,2770,24
2020-10-22,Shasta,089,179085,2111,1799,19,1818,29
2020-10-22,Sierra,091,2930,6,6,0,6,0
2020-10-22,Siskiyou,093,43540,201,169,10,179,0
2020-10-22,Solano,095,438530,7409,7116,37,7153,59
2020-10-22,Sonoma,097,501317,9504,9052,26,9078,139
2020-10-22,Stanislaus,099,539301,17689,17440,718,18158,395
2020-10-22,Sutter,101,95872,1837,1794,1,1795,12
2020-10-22,Tehama,103,63373,905,852,2,854,5
2020-10-22,Trinity,105,12862,84,26,10,36,0
2020-10-22,Tulare,107,460477,17885,17265,327,17592,293
2020-10-22,Tuolumne,109,53932,277,252,6,258,4
2020-10-22,Ventura,111,848112,14890,14124,316,14440,154
2020-10-22,Yolo,113,214977,3246,3116,10,3126,58
2020-10-22,Yuba,115,75493,1244,1199,3,1202,10
2020-10-21,Alameda,001,1643700,23495,22853,216,23069,392
2020-10-21,Alpine,002,1148,3,3,0,3,0
2020-10-21,Amador,005,37829,334,313,0,313,16
2020-10-21,Butte,007,227075,3173,3041,59,3100,55
2020-10-21,Calaveras,009,45235,331,272,0,272,13
2020-10-21,Colusa,011,21464,551,546,1,547,6
2020-10-21,Contra Costa,013,1133247,18897,18299,92,18391,243
2020-10-21,Del Norte,015,27424,174,169,0,169,2
2020-10-21,El Dorado,017,186661,1383,1305,13,1318,4
2020-10-21,Fresno,019,978130,33288,30328,452,30780,433
2020-10-21,Glenn,021,27897,667,640,1,641,3
2020-10-21,Humboldt,023,135768,561,548,1,549,7
2020-10-21,Imperial,025,180216,12809,12210,15,12225,331
2020-10-21,Inyo,027,18085,237,220,5,225,14
2020-10-21,Kern,029,883053,33771,32956,419,33375,430
2020-10-21,Kings,031,150075,8415,8186,47,8233,80
2020-10-21,Lake,033,64148,710,676,0,676,15
2020-10-21,Lassen,035,31185,770,764,2,766,0
2020-10-21,Los Angeles,037,10098052,298551,288096,2690,290786,6923
2020-10-21,Madera,039,155013,5001,4831,37,4868,52
2020-10-21,Marin,041,260295,7118,7002,19,7021,102
2020-10-21,Mariposa,043,17540,80,77,0,77,2
2020-10-21,Mendocino,045,87422,1066,1011,4,1015,21
2020-10-21,Merced,047,269075,9477,9319,33,9352,149
2020-10-21,Modoc,049,8938,33,26,0,26,0
2020-10-21,Mono,051,14174,187,156,6,162,1
2020-10-21,Monterey,053,433212,11275,11005,47,11052,83
2020-10-21,Napa,055,140530,2002,1918,8,1926,13
2020-10-21,Nevada,057,99092,629,597,18,615,8
2020-10-21,Orange,059,3164182,60330,57189,1714,58903,1409
2020-10-21,Placer,061,380077,4264,4007,15,4022,56
2020-10-21,Plumas,063,18699,69,58,0,58,0
2020-10-21,Riverside,065,2383286,66788,64778,310,65088,1278
2020-10-21,Sacramento,067,1510023,25362,24908,30,24938,490
2020-10-21,San Benito,069,59416,1423,1401,1,1402,14
2020-10-21,San Bernardino,071,2135413,62884,59948,413,60361,1141
2020-10-21,San Diego,073,3302833,55547,53279,1468,54747,863
2020-10-21,San Francisco,075,870044,12167,11976,46,12022,137
2020-10-21,San Joaquin,077,732212,21742,21201,181,21382,495
2020-10-21,San Luis Obispo,079,281455,4325,4055,23,4078,31
2020-10-21,San Mateo,081,765935,11248,10730,11,10741,155
2020-10-21,Santa Barbara,083,443738,9881,9681,89,9770,121
2020-10-21,Santa Clara,085,1922200,25098,23537,50,23587,361
2020-10-21,Santa Cruz,087,273765,2832,2729,32,2761,24
2020-10-21,Shasta,089,179085,2075,1777,19,1796,27
2020-10-21,Sierra,091,2930,6,6,0,6,0
2020-10-21,Siskiyou,093,43540,197,169,10,179,0
2020-10-21,Solano,095,438530,7363,7088,37,7125,59
2020-10-21,Sonoma,097,501317,9424,8987,26,9013,138
2020-10-21,Stanislaus,099,539301,17640,17419,710,18129,392
2020-10-21,Sutter,101,95872,1823,1786,1,1787,12
2020-10-21,Tehama,103,63373,889,824,2,826,5
2020-10-21,Trinity,105,12862,78,25,9,34,0
2020-10-21,Tulare,107,460477,17847,17204,313,17517,292
2020-10-21,Tuolumne,109,53932,276,251,6,257,4
2020-10-21,Ventura,111,848112,14827,14050,313,14363,153
2020-10-21,Yolo,113,214977,3227,3095,10,3105,58
2020-10-21,Yuba,115,75493,1236,1194,3,1197,10
2020-10-20,Alameda,001,1643700,23393,22750,212,22962,391
2020-10-20,Alpine,002,1148,3,3,0,3,0
2020-10-20,Amador,005,37829,333,313,0,313,16
2020-10-20,Butte,007,227075,3161,3027,59,3086,56
2020-10-20,Calaveras,009,45235,329,273,0,273,13
2020-10-20,Colusa,011,21464,548,546,1,547,6
2020-10-20,Contra Costa,013,1133247,18804,18246,92,18338,241
2020-10-20,Del Norte,015,27424,173,169,0,169,2
2020-10-20,El Dorado,017,186661,1377,1295,13,1308,4
2020-10-20,Fresno,019,978130,33185,30220,446,30666,431
2020-10-20,Glenn,021,27897,662,638,1,639,3
2020-10-20,Humboldt,023,135768,557,545,1,546,7
2020-10-20,Imperial,025,180216,12741,12114,15,12129,330
2020-10-20,Inyo,027,18085,237,218,5,223,14
2020-10-20,Kern,029,883053,33696,32889,406,33295,429
2020-10-20,Kings,031,150075,8397,8178,46,8224,80
2020-10-20,Lake,033,64148,708,675,0,675,15
2020-10-20,Lassen,035,31185,769,757,2,759,0
2020-10-20,Los Angeles,037,10098052,297056,287727,2642,290369,6891
2020-10-20,Madera,039,155013,4984,4823,37,4860,52
2020-10-20,Marin,041,260295,7103,6994,19,7013,101
2020-10-20,Mariposa,043,17540,79,77,0,77,2
2020-10-20,Mendocino,045,87422,1064,1004,4,1008,21
2020-10-20,Merced,047,269075,9455,9323,33,9356,149
2020-10-20,Modoc,049,8938,32,26,0,26,0
2020-10-20,Mono,051,14174,187,156,6,162,1
2020-10-20,Monterey,053,433212,11232,10942,44,10986,81
2020-10-20,Napa,055,140530,1983,1912,8,1920,13
2020-10-20,Nevada,057,99092,619,596,18,614,8
2020-10-20,Orange,059,3164182,60066,56914,1704,58618,1397
2020-10-20,Placer,061,380077,4226,3997,15,4012,56
2020-10-20,Plumas,063,18699,66,53,0,53,0
2020-10-20,Riverside,065,2383286,66409,64452,298,64750,1275
2020-10-20,Sacramento,067,1510023,25234,24767,29,24796,485
2020-10-20,San Benito,069,59416,1420,1398,1,1399,14
2020-10-20,San Bernardino,071,2135413,62500,59571,411,59982,1109
2020-10-20,San Diego,073,3302833,55211,53004,1449,54453,857
2020-10-20,San Francisco,075,870044,12120,12013,45,12058,126
2020-10-20,San Joaquin,077,732212,21663,21173,172,21345,490
2020-10-20,San Luis Obispo,079,281455,4307,4043,22,4065,31
2020-10-20,San Mateo,081,765935,11201,10659,11,10670,155
2020-10-20,Santa Barbara,083,443738,9852,9664,87,9751,121
2020-10-20,Santa Clara,085,1922200,24960,23406,50,23456,358
2020-10-20,Santa Cruz,087,273765,2809,2710,32,2742,23
2020-10-20,Shasta,089,179085,2052,1747,19,1766,20
2020-10-20,Sierra,091,2930,6,6,0,6,0
2020-10-20,Siskiyou,093,43540,189,168,10,178,0
2020-10-20,Solano,095,438530,7314,7044,37,7081,57
2020-10-20,Sonoma,097,501317,9361,8904,24,8928,135
2020-10-20,Stanislaus,099,539301,17587,17367,706,18073,393
2020-10-20,Sutter,101,95872,1814,1783,1,1784,12
2020-10-20,Tehama,103,63373,874,813,2,815,5
2020-10-20,Trinity,105,12862,77,25,9,34,0
2020-10-20,Tulare,107,460477,17780,17156,308,17464,289
2020-10-20,Tuolumne,109,53932,274,250,6,256,4
2020-10-20,Ventura,111,848112,14763,13980,311,14291,152
2020-10-20,Yolo,113,214977,3204,3083,10,3093,56
2020-10-20,Yuba,115,75493,1226,1191,3,1194,10
2020-10-19,Alameda,001,1643700,23283,22647,211,22858,392
2020-10-19,Alpine,002,1148,3,3,0,3,0
2020-10-19,Amador,005,37829,327,313,0,313,16
2020-10-19,Butte,007,227075,3150,3026,59,3085,55
2020-10-19,Calaveras,009,45235,329,268,0,268,13
2020-10-19,Colusa,011,21464,548,544,1,545,6
2020-10-19,Contra Costa,013,1133247,18706,18173,92,18265,239
2020-10-19,Del Norte,015,27424,170,167,0,167,2
2020-10-19,El Dorado,017,186661,1356,1287,13,1300,4
2020-10-19,Fresno,019,978130,33074,30152,440,30592,431
2020-10-19,Glenn,021,27897,657,635,0,635,3
2020-10-19,Humboldt,023,135768,557,543,1,544,7
2020-10-19,Imperial,025,180216,12687,12036,14,12050,330
2020-10-19,Inyo,027,18085,236,218,5,223,14
2020-10-19,Kern,029,883053,33620,32840,403,33243,428
2020-10-19,Kings,031,150075,8379,8173,46,8219,80
2020-10-19,Lake,033,64148,705,673,0,673,15
2020-10-19,Lassen,035,31185,768,757,2,759,0
2020-10-19,Los Angeles,037,10098052,295571,287119,2605,289724,6858
2020-10-19,Madera,039,155013,4969,4787,37,4824,52
2020-10-19,Marin,041,260295,7085,6981,19,7000,100
2020-10-19,Mariposa,043,17540,79,77,0,77,2
2020-10-19,Mendocino,045,87422,1059,1001,4,1005,21
2020-10-19,Merced,047,269075,9430,9305,30,9335,148
2020-10-19,Modoc,049,8938,31,26,0,26,0
2020-10-19,Mono,051,14174,182,156,6,162,1
2020-10-19,Monterey,053,433212,11171,10907,44,10951,80
2020-10-19,Napa,055,140530,1971,1892,8,1900,12
2020-10-19,Nevada,057,99092,616,590,18,608,8
2020-10-19,Orange,059,3164182,59782,56652,1689,58341,1396
2020-10-19,Placer,061,380077,4178,3962,15,3977,49
2020-10-19,Plumas,063,18699,64,52,0,52,0
2020-10-19,Riverside,065,2383286,65978,64016,282,64298,1272
2020-10-19,Sacramento,067,1510023,25095,24542,29,24571,483
2020-10-19,San Benito,069,59416,1413,1395,1,1396,14
2020-10-19,San Bernardino,071,2135413,62048,59265,399,59664,1100
2020-10-19,San Diego,073,3302833,54825,52739,1424,54163,853
2020-10-19,San Francisco,075,870044,12076,11879,45,11924,126
2020-10-19,San Joaquin,077,732212,21588,20930,164,21094,489
2020-10-19,San Luis Obispo,079,281455,4291,4016,22,4038,31
2020-10-19,San Mateo,081,765935,11155,10568,11,10579,154
2020-10-19,Santa Barbara,083,443738,9816,9632,87,9719,121
2020-10-19,Santa Clara,085,1922200,24810,23301,50,23351,352
2020-10-19,Santa Cruz,087,273765,2792,2705,32,2737,19
2020-10-19,Shasta,089,179085,2008,1709,18,1727,20
2020-10-19,Sierra,091,2930,6,6,0,6,0
2020-10-19,Siskiyou,093,43540,182,167,10,177,0
2020-10-19,Solano,095,438530,7273,7003,37,7040,57
2020-10-19,Sonoma,097,501317,9274,8830,24,8854,135
2020-10-19,Stanislaus,099,539301,17536,17342,696,18038,390
2020-10-19,Sutter,101,95872,1809,1773,1,1774,12
2020-10-19,Tehama,103,63373,871,793,2,795,5
2020-10-19,Trinity,105,12862,75,23,9,32,0
2020-10-19,Tulare,107,460477,17730,17047,301,17348,291
2020-10-19,Tuolumne,109,53932,272,247,6,253,4
2020-10-19,Ventura,111,848112,14698,13930,308,14238,152
2020-10-19,Yolo,113,214977,3191,3069,10,3079,56
2020-10-19,Yuba,115,75493,1219,1183,3,1186,10
2020-10-18,Alameda,001,1643700,23179,22546,210,22756,392
2020-10-18,Alpine,002,1148,3,3,0,3,0
2020-10-18,Amador,005,37829,316,313,0,313,16
2020-10-18,Butte,007,227075,3137,3019,59,3078,55
2020-10-18,Calaveras,009,45235,328,267,0,267,13
2020-10-18,Colusa,011,21464,546,544,1,545,6
2020-10-18,Contra Costa,013,1133247,18608,18120,92,18212,237
2020-10-18,Del Norte,015,27424,170,167,0,167,2
2020-10-18,El Dorado,017,186661,1347,1283,13,1296,4
2020-10-18,Fresno,019,978130,32944,30051,432,30483,430
2020-10-18,Glenn,021,27897,655,634,0,634,3
2020-10-18,Humboldt,023,135768,554,540,1,541,7
2020-10-18,Imperial,025,180216,12624,11987,13,12000,330
2020-10-18,Inyo,027,18085,233,215,5,220,14
2020-10-18,Kern,029,883053,33547,32799,396,33195,428
2020-10-18,Kings,031,150075,8364,8159,46,8205,80
2020-10-18,Lake,033,64148,698,670,0,670,15
2020-10-18,Lassen,035,31185,768,757,2,759,0
2020-10-18,Los Angeles,037,10098052,293860,286187,2564,288751,6857
2020-10-18,Madera,039,155013,4944,4770,37,4807,52
2020-10-18,Marin,041,260295,7064,6969,19,6988,99
2020-10-18,Mariposa,043,17540,79,77,0,77,2
2020-10-18,Mendocino,045,87422,1057,988,4,992,21
2020-10-18,Merced,047,269075,9395,9292,30,9322,148
2020-10-18,Modoc,049,8938,30,26,0,26,0
2020-10-18,Mono,051,14174,177,155,6,161,1
2020-10-18,Monterey,053,433212,11118,10872,44,10916,80
2020-10-18,Napa,055,140530,1958,1882,8,1890,12
2020-10-18,Nevada,057,99092,610,582,18,600,8
2020-10-18,Orange,059,3164182,59485,56394,1672,58066,1396
2020-10-18,Placer,061,380077,4130,3938,15,3953,49
2020-10-18,Plumas,063,18699,62,52,0,52,0
2020-10-18,Riverside,065,2383286,65665,63765,261,64026,1270
2020-10-18,Sacramento,067,1510023,24940,24425,29,24454,482
2020-10-18,San Benito,069,59416,1406,1395,1,1396,14
2020-10-18,San Bernardino,071,2135413,61549,58893,391,59284,1098
2020-10-18,San Diego,073,3302833,54436,52359,1403,53762,853
2020-10-18,San Francisco,075,870044,12037,11878,45,11923,126
2020-10-18,San Joaquin,077,732212,21505,20931,151,21082,489
2020-10-18,San Luis Obispo,079,281455,4260,4009,20,4029,31
2020-10-18,San Mateo,081,765935,11096,10503,11,10514,154
2020-10-18,Santa Barbara,083,443738,9776,9608,86,9694,121
2020-10-18,Santa Clara,085,1922200,24637,23169,50,23219,352
2020-10-18,Santa Cruz,087,273765,2778,2692,32,2724,19
2020-10-18,Shasta,089,179085,1983,1708,18,1726,20
2020-10-18,Sierra,091,2930,6,6,0,6,0
2020-10-18,Siskiyou,093,43540,182,167,10,177,0
2020-10-18,Solano,095,438530,7226,6962,37,6999,57
2020-10-18,Sonoma,097,501317,9197,8781,23,8804,134
2020-10-18,Stanislaus,099,539301,17479,17290,687,17977,390
2020-10-18,Sutter,101,95872,1800,1764,1,1765,12
2020-10-18,Tehama,103,63373,839,774,2,776,5
2020-10-18,Trinity,105,12862,75,20,9,29,0
2020-10-18,Tulare,107,460477,17636,17048,292,17340,290
2020-10-18,Tuolumne,109,53932,266,245,6,251,4
2020-10-18,Ventura,111,848112,14618,13901,307,14208,151
2020-10-18,Yolo,113,214977,3152,3059,10,3069,55
2020-10-18,Yuba,115,75493,1208,1176,3,1179,10
2020-10-17,Alameda,001,1643700,23134,22394,208,22602,398
2020-10-17,Alpine,002,1148,3,3,0,3,0
2020-10-17,Amador,005,37829,314,309,0,309,16
2020-10-17,Butte,007,227075,3130,3012,57,3069,55
2020-10-17,Calaveras,009,45235,328,267,0,267,13
2020-10-17,Colusa,011,21464,545,544,1,545,6
2020-10-17,Contra Costa,013,1133247,18555,18005,92,18097,237
2020-10-17,Del Norte,015,27424,170,167,0,167,2
2020-10-17,El Dorado,017,186661,1343,1277,13,1290,4
2020-10-17,Fresno,019,978130,32889,29911,430,30341,430
2020-10-17,Glenn,021,27897,652,633,0,633,3
2020-10-17,Humboldt,023,135768,551,535,1,536,7
2020-10-17,Imperial,025,180216,12596,11962,13,11975,330
2020-10-17,Inyo,027,18085,228,212,5,217,14
2020-10-17,Kern,029,883053,33496,32710,393,33103,428
2020-10-17,Kings,031,150075,8358,8151,45,8196,80
2020-10-17,Lake,033,64148,695,663,0,663,15
2020-10-17,Lassen,035,31185,768,757,2,759,0
2020-10-17,Los Angeles,037,10098052,293106,285858,2537,288395,6844
2020-10-17,Madera,039,155013,4938,4759,37,4796,53
2020-10-17,Marin,041,260295,7061,6958,19,6977,99
2020-10-17,Mariposa,043,17540,78,77,0,77,2
2020-10-17,Mendocino,045,87422,1050,977,4,981,21
2020-10-17,Merced,047,269075,9382,9275,30,9305,148
2020-10-17,Modoc,049,8938,30,26,0,26,0
2020-10-17,Mono,051,14174,176,155,6,161,1
2020-10-17,Monterey,053,433212,11079,10807,43,10850,80
2020-10-17,Napa,055,140530,1949,1866,8,1874,12
2020-10-17,Nevada,057,99092,609,580,18,598,8
2020-10-17,Orange,059,3164182,59343,56197,1666,57863,1396
2020-10-17,Placer,061,380077,4103,3898,15,3913,49
2020-10-17,Plumas,063,18699,62,52,0,52,0
2020-10-17,Riverside,065,2383286,65468,63171,252,63423,1270
2020-10-17,Sacramento,067,1510023,24857,24304,29,24333,482
2020-10-17,San Benito,069,59416,1402,1389,1,1390,14
2020-10-17,San Bernardino,071,2135413,61276,58415,384,58799,1097
2020-10-17,San Diego,073,3302833,54211,51986,1392,53378,853
2020-10-17,San Francisco,075,870044,12010,11877,44,11921,126
2020-10-17,San Joaquin,077,732212,21451,20932,145,21077,489
2020-10-17,San Luis Obispo,079,281455,4245,3979,20,3999,31
2020-10-17,San Mateo,081,765935,11068,10423,11,10434,153
2020-10-17,Santa Barbara,083,443738,9757,9588,84,9672,121
2020-10-17,Santa Clara,085,1922200,24547,22997,50,23047,349
2020-10-17,Santa Cruz,087,273765,2764,2680,32,2712,19
2020-10-17,Shasta,089,179085,1957,1679,18,1697,20
2020-10-17,Sierra,091,2930,6,6,0,6,0
2020-10-17,Siskiyou,093,43540,181,167,10,177,0
2020-10-17,Solano,095,438530,7199,6929,37,6966,57
2020-10-17,Sonoma,097,501317,9154,8725,23,8748,134
2020-10-17,Stanislaus,099,539301,17438,17232,678,17910,390
2020-10-17,Sutter,101,95872,1798,1762,1,1763,12
2020-10-17,Tehama,103,63373,823,764,2,766,5
2020-10-17,Trinity,105,12862,75,20,9,29,0
2020-10-17,Tulare,107,460477,17606,16995,283,17278,290
2020-10-17,Tuolumne,109,53932,266,241,6,247,4
2020-10-17,Ventura,111,848112,14573,13845,304,14149,151
2020-10-17,Yolo,113,214977,3137,3045,9,3054,55
2020-10-17,Yuba,115,75493,1203,1164,3,1167,10
2020-10-16,Alameda,001,1643700,23080,22315,208,22523,397
2020-10-16,Alpine,002,1148,3,3,0,3,0
2020-10-16,Amador,005,37829,314,309,0,309,16
2020-10-16,Butte,007,227075,3118,3004,57,3061,54
2020-10-16,Calaveras,009,45235,328,267,0,267,13
2020-10-16,Colusa,011,21464,544,544,1,545,6
2020-10-16,Contra Costa,013,1133247,18503,17956,92,18048,237
2020-10-16,Del Norte,015,27424,169,166,0,166,2
2020-10-16,El Dorado,017,186661,1337,1273,13,1286,4
2020-10-16,Fresno,019,978130,32814,29796,429,30225,427
2020-10-16,Glenn,021,27897,647,632,0,632,3
2020-10-16,Humboldt,023,135768,551,533,1,534,7
2020-10-16,Imperial,025,180216,12556,11885,13,11898,330
2020-10-16,Inyo,027,18085,224,212,5,217,14
2020-10-16,Kern,029,883053,33453,32660,391,33051,428
2020-10-16,Kings,031,150075,8349,8146,44,8190,80
2020-10-16,Lake,033,64148,693,644,0,644,14
2020-10-16,Lassen,035,31185,768,757,2,759,0
2020-10-16,Los Angeles,037,10098052,292042,284988,2516,287504,6835
2020-10-16,Madera,039,155013,4926,4736,36,4772,53
2020-10-16,Marin,041,260295,7051,6933,19,6952,99
2020-10-16,Mariposa,043,17540,78,76,0,76,2
2020-10-16,Mendocino,045,87422,1043,974,4,978,21
2020-10-16,Merced,047,269075,9365,9246,30,9276,148
2020-10-16,Modoc,049,8938,30,26,0,26,0
2020-10-16,Mono,051,14174,174,155,6,161,1
2020-10-16,Monterey,053,433212,11044,10727,43,10770,79
2020-10-16,Napa,055,140530,1940,1855,8,1863,12
2020-10-16,Nevada,057,99092,607,579,18,597,8
2020-10-16,Orange,059,3164182,59165,56091,1660,57751,1388
2020-10-16,Placer,061,380077,4082,3864,15,3879,49
2020-10-16,Plumas,063,18699,61,52,0,52,0
2020-10-16,Riverside,065,2383286,65242,62986,251,63237,1267
2020-10-16,Sacramento,067,1510023,24762,24144,29,24173,479
2020-10-16,San Benito,069,59416,1399,1388,1,1389,14
2020-10-16,San Bernardino,071,2135413,61006,58233,384,58617,1069
2020-10-16,San Diego,073,3302833,53969,51785,1378,53163,850
2020-10-16,San Francisco,075,870044,11987,11840,43,11883,126
2020-10-16,San Joaquin,077,732212,21406,20910,144,21054,489
2020-10-16,San Luis Obispo,079,281455,4229,3952,20,3972,32
2020-10-16,San Mateo,081,765935,11042,10405,11,10416,153
2020-10-16,Santa Barbara,083,443738,9738,9549,84,9633,119
2020-10-16,Santa Clara,085,1922200,24459,22920,50,22970,345
2020-10-16,Santa Cruz,087,273765,2751,2666,32,2698,20
2020-10-16,Shasta,089,179085,1935,1660,18,1678,20
2020-10-16,Sierra,091,2930,6,6,0,6,0
2020-10-16,Siskiyou,093,43540,179,167,10,177,0
2020-10-16,Solano,095,438530,7176,6879,37,6916,55
2020-10-16,Sonoma,097,501317,9098,8652,23,8675,133
2020-10-16,Stanislaus,099,539301,17404,17201,670,17871,366
2020-10-16,Sutter,101,95872,1790,1756,1,1757,12
2020-10-16,Tehama,103,63373,822,737,2,739,3
2020-10-16,Trinity,105,12862,75,20,9,29,0
2020-10-16,Tulare,107,460477,17574,16965,275,17240,290
2020-10-16,Tuolumne,109,53932,264,237,6,243,4
2020-10-16,Ventura,111,848112,14530,13805,299,14104,152
2020-10-16,Yolo,113,214977,3128,3030,9,3039,55
2020-10-16,Yuba,115,75493,1203,1155,3,1158,10
2020-10-15,Alameda,001,1643700,23012,22267,207,22474,390
2020-10-15,Alpine,002,1148,3,3,0,3,0
2020-10-15,Amador,005,37829,314,309,0,309,16
2020-10-15,Butte,007,227075,3106,3000,56,3056,54
2020-10-15,Calaveras,009,45235,327,267,0,267,13
2020-10-15,Colusa,011,21464,543,543,1,544,6
2020-10-15,Contra Costa,013,1133247,18435,17893,91,17984,237
2020-10-15,Del Norte,015,27424,169,164,0,164,2
2020-10-15,El Dorado,017,186661,1332,1265,13,1278,4
2020-10-15,Fresno,019,978130,32714,29727,426,30153,425
2020-10-15,Glenn,021,27897,642,632,0,632,3
2020-10-15,Humboldt,023,135768,547,531,1,532,7
2020-10-15,Imperial,025,180216,12515,11820,12,11832,330
2020-10-15,Inyo,027,18085,224,210,5,215,14
2020-10-15,Kern,029,883053,33372,32593,388,32981,427
2020-10-15,Kings,031,150075,8334,8134,44,8178,80
2020-10-15,Lake,033,64148,691,642,0,642,14
2020-10-15,Lassen,035,31185,767,752,2,754,0
2020-10-15,Los Angeles,037,10098052,290757,284019,2483,286502,6807
2020-10-15,Madera,039,155013,4913,4723,35,4758,50
2020-10-15,Marin,041,260295,7043,6912,19,6931,99
2020-10-15,Mariposa,043,17540,78,76,0,76,2
2020-10-15,Mendocino,045,87422,1037,963,4,967,21
2020-10-15,Merced,047,269075,9338,9213,29,9242,147
2020-10-15,Modoc,049,8938,30,26,0,26,0
2020-10-15,Mono,051,14174,174,155,6,161,1
2020-10-15,Monterey,053,433212,10977,10677,42,10719,79
2020-10-15,Napa,055,140530,1927,1842,8,1850,12
2020-10-15,Nevada,057,99092,603,575,18,593,8
2020-10-15,Orange,059,3164182,58949,55952,1648,57600,1379
2020-10-15,Placer,061,380077,4053,3848,15,3863,48
2020-10-15,Plumas,063,18699,58,52,0,52,0
2020-10-15,Riverside,065,2383286,64910,62819,248,63067,1266
2020-10-15,Sacramento,067,1510023,24646,24068,29,24097,474
2020-10-15,San Benito,069,59416,1396,1384,1,1385,14
2020-10-15,San Bernardino,071,2135413,60667,58068,381,58449,1067
2020-10-15,San Diego,073,3302833,53685,51472,1362,52834,847
2020-10-15,San Francisco,075,870044,11959,11808,40,11848,126
2020-10-15,San Joaquin,077,732212,21335,20880,138,21018,487
2020-10-15,San Luis Obispo,079,281455,4213,3934,20,3954,32
2020-10-15,San Mateo,081,765935,11002,10340,11,10351,152
2020-10-15,Santa Barbara,083,443738,9714,9526,83,9609,117
2020-10-15,Santa Clara,085,1922200,24343,22808,50,22858,343
2020-10-15,Santa Cruz,087,273765,2737,2656,32,2688,13
2020-10-15,Shasta,089,179085,1924,1635,18,1653,20
2020-10-15,Sierra,091,2930,6,6,0,6,0
2020-10-15,Siskiyou,093,43540,175,166,10,176,0
2020-10-15,Solano,095,438530,7137,6830,37,6867,55
2020-10-15,Sonoma,097,501317,9006,8571,23,8594,133
2020-10-15,Stanislaus,099,539301,17366,17151,656,17807,366
2020-10-15,Sutter,101,95872,1787,1752,1,1753,12
2020-10-15,Tehama,103,63373,795,726,2,728,3
2020-10-15,Trinity,105,12862,75,20,9,29,0
2020-10-15,Tulare,107,460477,17514,16918,260,17178,289
2020-10-15,Tuolumne,109,53932,262,236,6,242,4
2020-10-15,Ventura,111,848112,14474,13750,294,14044,152
2020-10-15,Yolo,113,214977,3108,3014,9,3023,55
2020-10-15,Yuba,115,75493,1196,1151,3,1154,10
2020-10-14,Alameda,001,1643700,22913,22227,206,22433,398
2020-10-14,Alpine,002,1148,3,3,0,3,0
2020-10-14,Amador,005,37829,312,308,0,308,16
2020-10-14,Butte,007,227075,3098,2995,56,3051,54
2020-10-14,Calaveras,009,45235,327,266,0,266,12
2020-10-14,Colusa,011,21464,543,543,1,544,6
2020-10-14,Contra Costa,013,1133247,18377,17820,89,17909,236
2020-10-14,Del Norte,015,27424,168,163,0,163,2
2020-10-14,El Dorado,017,186661,1326,1264,12,1276,4
2020-10-14,Fresno,019,978130,32601,29650,420,30070,424
2020-10-14,Glenn,021,27897,641,629,0,629,3
2020-10-14,Humboldt,023,135768,544,531,1,532,7
2020-10-14,Imperial,025,180216,12478,11765,10,11775,330
2020-10-14,Inyo,027,18085,223,209,4,213,14
2020-10-14,Kern,029,883053,33297,32528,386,32914,425
2020-10-14,Kings,031,150075,8316,8118,44,8162,80
2020-10-14,Lake,033,64148,690,642,0,642,14
2020-10-14,Lassen,035,31185,765,752,2,754,0
2020-10-14,Los Angeles,037,10098052,289442,282918,2440,285358,6786
2020-10-14,Madera,039,155013,4898,4713,33,4746,50
2020-10-14,Marin,041,260295,7037,6907,19,6926,99
2020-10-14,Mariposa,043,17540,77,76,0,76,2
2020-10-14,Mendocino,045,87422,1031,955,4,959,21
2020-10-14,Merced,047,269075,9313,9201,28,9229,147
2020-10-14,Modoc,049,8938,30,27,0,27,0
2020-10-14,Mono,051,14174,174,155,6,161,1
2020-10-14,Monterey,053,433212,10927,10616,42,10658,78
2020-10-14,Napa,055,140530,1910,1837,8,1845,12
2020-10-14,Nevada,057,99092,601,573,18,591,7
2020-10-14,Orange,059,3164182,58736,55756,1639,57395,1348
2020-10-14,Placer,061,380077,4030,3829,15,3844,48
2020-10-14,Plumas,063,18699,54,52,0,52,0
2020-10-14,Riverside,065,2383286,64627,62607,247,62854,1261
2020-10-14,Sacramento,067,1510023,24502,24013,29,24042,472
2020-10-14,San Benito,069,59416,1394,1381,0,1381,14
2020-10-14,San Bernardino,071,2135413,60341,57774,377,58151,1063
2020-10-14,San Diego,073,3302833,53366,51329,1338,52667,844
2020-10-14,San Francisco,075,870044,11927,11783,39,11822,123
2020-10-14,San Joaquin,077,732212,21256,20845,124,20969,487
2020-10-14,San Luis Obispo,079,281455,4190,3901,19,3920,32
2020-10-14,San Mateo,081,765935,10951,10309,11,10320,132
2020-10-14,Santa Barbara,083,443738,9680,9509,83,9592,117
2020-10-14,Santa Clara,085,1922200,24194,22735,50,22785,343
2020-10-14,Santa Cruz,087,273765,2727,2618,32,2650,13
2020-10-14,Shasta,089,179085,1886,1553,18,1571,20
2020-10-14,Sierra,091,2930,6,6,0,6,0
2020-10-14,Siskiyou,093,43540,175,166,10,176,0
2020-10-14,Solano,095,438530,7081,6786,37,6823,55
2020-10-14,Sonoma,097,501317,8953,8514,23,8537,133
2020-10-14,Stanislaus,099,539301,17321,17105,653,17758,365
2020-10-14,Sutter,101,95872,1778,1747,1,1748,12
2020-10-14,Tehama,103,63373,784,721,2,723,3
2020-10-14,Trinity,105,12862,74,20,9,29,0
2020-10-14,Tulare,107,460477,17451,16863,247,17110,287
2020-10-14,Tuolumne,109,53932,261,236,6,242,4
2020-10-14,Ventura,111,848112,14420,13697,290,13987,152
2020-10-14,Yolo,113,214977,3090,3007,8,3015,55
2020-10-14,Yuba,115,75493,1188,1147,3,1150,10
2020-10-13,Alameda,001,1643700,22809,22185,204,22389,389
2020-10-13,Alpine,002,1148,3,3,0,3,0
2020-10-13,Amador,005,37829,310,306,0,306,16
2020-10-13,Butte,007,227075,3090,2992,56,3048,54
2020-10-13,Calaveras,009,45235,323,262,0,262,12
2020-10-13,Colusa,011,21464,543,541,1,542,6
2020-10-13,Contra Costa,013,1133247,18320,17783,89,17872,234
2020-10-13,Del Norte,015,27424,168,163,0,163,2
2020-10-13,El Dorado,017,186661,1317,1262,12,1274,4
2020-10-13,Fresno,019,978130,32478,29579,416,29995,424
2020-10-13,Glenn,021,27897,640,629,0,629,3
2020-10-13,Humboldt,023,135768,542,523,1,524,7
2020-10-13,Imperial,025,180216,12442,11727,10,11737,327
2020-10-13,Inyo,027,18085,220,207,4,211,14
2020-10-13,Kern,029,883053,33223,32497,384,32881,419
2020-10-13,Kings,031,150075,8307,8111,44,8155,80
2020-10-13,Lake,033,64148,687,639,0,639,12
2020-10-13,Lassen,035,31185,763,752,2,754,0
2020-10-13,Los Angeles,037,10098052,288161,281716,2400,284116,6767
2020-10-13,Madera,039,155013,4879,4700,33,4733,50
2020-10-13,Marin,041,260295,7015,6900,18,6918,97
2020-10-13,Mariposa,043,17540,77,76,0,76,2
2020-10-13,Mendocino,045,87422,1022,950,4,954,21
2020-10-13,Merced,047,269075,9298,9181,28,9209,146
2020-10-13,Modoc,049,8938,29,28,0,28,0
2020-10-13,Mono,051,14174,174,155,5,160,1
2020-10-13,Monterey,053,433212,10866,10574,41,10615,78
2020-10-13,Napa,055,140530,1901,1825,8,1833,12
2020-10-13,Nevada,057,99092,594,572,18,590,7
2020-10-13,Orange,059,3164182,58523,55515,1626,57141,1326
2020-10-13,Placer,061,380077,3992,3825,15,3840,48
2020-10-13,Plumas,063,18699,52,51,0,51,0
2020-10-13,Riverside,065,2383286,64308,62279,245,62524,1254
2020-10-13,Sacramento,067,1510023,24425,23930,29,23959,466
2020-10-13,San Benito,069,59416,1386,1380,0,1380,14
2020-10-13,San Bernardino,071,2135413,60003,57411,375,57786,1061
2020-10-13,San Diego,073,3302833,53073,51026,1321,52347,840
2020-10-13,San Francisco,075,870044,11890,11659,39,11698,122
2020-10-13,San Joaquin,077,732212,21194,20822,120,20942,481
2020-10-13,San Luis Obispo,079,281455,4173,3892,18,3910,32
2020-10-13,San Mateo,081,765935,10908,10286,11,10297,130
2020-10-13,Santa Barbara,083,443738,9648,9489,83,9572,117
2020-10-13,Santa Clara,085,1922200,24066,22678,50,22728,343
2020-10-13,Santa Cruz,087,273765,2709,2603,32,2635,13
2020-10-13,Shasta,089,179085,1862,1606,18,1624,20
2020-10-13,Sierra,091,2930,6,6,0,6,0
2020-10-13,Siskiyou,093,43540,174,163,10,173,0
2020-10-13,Solano,095,438530,7046,6761,37,6798,55
2020-10-13,Sonoma,097,501317,8870,8456,23,8479,133
2020-10-13,Stanislaus,099,539301,17276,17082,648,17730,362
2020-10-13,Sutter,101,95872,1769,1748,1,1749,12
2020-10-13,Tehama,103,63373,777,717,2,719,3
2020-10-13,Trinity,105,12862,70,19,8,27,0
2020-10-13,Tulare,107,460477,17394,16822,239,17061,286
2020-10-13,Tuolumne,109,53932,259,235,6,241,4
2020-10-13,Ventura,111,848112,14366,13645,286,13931,151
2020-10-13,Yolo,113,214977,3082,2983,7,2990,55
2020-10-13,Yuba,115,75493,1183,1143,3,1146,10
2020-10-12,Alameda,001,1643700,22730,22126,203,22329,389
2020-10-12,Alpine,002,1148,3,3,0,3,0
2020-10-12,Amador,005,37829,309,305,0,305,16
2020-10-12,Butte,007,227075,3083,2975,56,3031,54
2020-10-12,Calaveras,009,45235,323,262,0,262,12
2020-10-12,Colusa,011,21464,543,541,1,542,6
2020-10-12,Contra Costa,013,1133247,18246,17728,89,17817,233
2020-10-12,Del Norte,015,27424,168,161,0,161,2
2020-10-12,El Dorado,017,186661,1314,1254,12,1266,4
2020-10-12,Fresno,019,978130,32346,29523,412,29935,421
2020-10-12,Glenn,021,27897,639,626,0,626,3
2020-10-12,Humboldt,023,135768,539,522,1,523,7
2020-10-12,Imperial,025,180216,12404,11689,10,11699,328
2020-10-12,Inyo,027,18085,217,201,4,205,14
2020-10-12,Kern,029,883053,33130,32425,380,32805,419
2020-10-12,Kings,031,150075,8301,8106,44,8150,80
2020-10-12,Lake,033,64148,681,633,0,633,12
2020-10-12,Lassen,035,31185,763,752,2,754,0
2020-10-12,Los Angeles,037,10098052,286941,280961,2373,283334,6747
2020-10-12,Madera,039,155013,4859,4689,33,4722,50
2020-10-12,Marin,041,260295,6998,6886,18,6904,97
2020-10-12,Mariposa,043,17540,77,76,0,76,2
2020-10-12,Mendocino,045,87422,1016,947,4,951,21
2020-10-12,Merced,047,269075,9277,9141,28,9169,146
2020-10-12,Modoc,049,8938,29,27,0,27,0
2020-10-12,Mono,051,14174,174,154,5,159,1
2020-10-12,Monterey,053,433212,10800,10473,41,10514,77
2020-10-12,Napa,055,140530,1893,1819,8,1827,11
2020-10-12,Nevada,057,99092,590,570,18,588,7
2020-10-12,Orange,059,3164182,58294,55373,1616,56989,1326
2020-10-12,Placer,061,380077,3960,3808,14,3822,48
2020-10-12,Plumas,063,18699,52,51,0,51,0
2020-10-12,Riverside,065,2383286,63997,62279,241,62520,1254
2020-10-12,Sacramento,067,1510023,24320,23807,29,23836,466
2020-10-12,San Benito,069,59416,1383,1376,0,1376,13
2020-10-12,San Bernardino,071,2135413,59627,57235,374,57609,1061
2020-10-12,San Diego,073,3302833,52783,50748,1294,52042,826
2020-10-12,San Francisco,075,870044,11858,11659,39,11698,122
2020-10-12,San Joaquin,077,732212,21131,20701,114,20815,480
2020-10-12,San Luis Obispo,079,281455,4146,3874,18,3892,32
2020-10-12,San Mateo,081,765935,10860,10262,11,10273,130
2020-10-12,Santa Barbara,083,443738,9609,9462,83,9545,117
2020-10-12,Santa Clara,085,1922200,23950,22578,50,22628,343
2020-10-12,Santa Cruz,087,273765,2692,2590,32,2622,13
2020-10-12,Shasta,089,179085,1837,1515,18,1533,20
2020-10-12,Sierra,091,2930,6,6,0,6,0
2020-10-12,Siskiyou,093,43540,173,162,10,172,0
2020-10-12,Solano,095,438530,7007,6742,37,6779,55
2020-10-12,Sonoma,097,501317,8798,8377,23,8400,133
2020-10-12,Stanislaus,099,539301,17227,17051,639,17690,361
2020-10-12,Sutter,101,95872,1761,1741,1,1742,12
2020-10-12,Tehama,103,63373,761,708,2,710,3
2020-10-12,Trinity,105,12862,69,19,8,27,0
2020-10-12,Tulare,107,460477,17343,16742,232,16974,286
2020-10-12,Tuolumne,109,53932,254,234,6,240,4
2020-10-12,Ventura,111,848112,14304,13617,282,13899,151
2020-10-12,Yolo,113,214977,3067,2964,7,2971,55
2020-10-12,Yuba,115,75493,1173,1141,3,1144,10
2020-10-11,Alameda,001,1643700,22640,22057,199,22256,392
2020-10-11,Alpine,002,1148,3,3,0,3,0
2020-10-11,Amador,005,37829,307,305,0,305,16
2020-10-11,Butte,007,227075,3075,2967,55,3022,54
2020-10-11,Calaveras,009,45235,321,262,0,262,12
2020-10-11,Colusa,011,21464,541,541,1,542,6
2020-10-11,Contra Costa,013,1133247,18162,17678,89,17767,233
2020-10-11,Del Norte,015,27424,166,161,0,161,2
2020-10-11,El Dorado,017,186661,1305,1242,12,1254,4
2020-10-11,Fresno,019,978130,32208,29419,404,29823,421
2020-10-11,Glenn,021,27897,637,625,0,625,3
2020-10-11,Humboldt,023,135768,538,521,1,522,7
2020-10-11,Imperial,025,180216,12345,11614,10,11624,328
2020-10-11,Inyo,027,18085,213,201,4,205,14
2020-10-11,Kern,029,883053,33043,32399,372,32771,418
2020-10-11,Kings,031,150075,8284,8094,43,8137,80
2020-10-11,Lake,033,64148,668,631,0,631,12
2020-10-11,Lassen,035,31185,762,752,2,754,0
2020-10-11,Los Angeles,037,10098052,285505,280190,2331,282521,6745
2020-10-11,Madera,039,155013,4831,4680,32,4712,50
2020-10-11,Marin,041,260295,6989,6870,18,6888,97
2020-10-11,Mariposa,043,17540,77,76,0,76,2
2020-10-11,Mendocino,045,87422,1009,944,4,948,21
2020-10-11,Merced,047,269075,9259,9124,28,9152,146
2020-10-11,Modoc,049,8938,29,27,0,27,0
2020-10-11,Mono,051,14174,174,154,5,159,1
2020-10-11,Monterey,053,433212,10749,10445,39,10484,77
2020-10-11,Napa,055,140530,1877,1811,8,1819,11
2020-10-11,Nevada,057,99092,588,569,18,587,7
2020-10-11,Orange,059,3164182,58064,55202,1611,56813,1326
2020-10-11,Placer,061,380077,3939,3787,14,3801,48
2020-10-11,Plumas,063,18699,52,51,0,51,0
2020-10-11,Riverside,065,2383286,63709,62112,237,62349,1254
2020-10-11,Sacramento,067,1510023,24177,23778,29,23807,466
2020-10-11,San Benito,069,59416,1382,1374,0,1374,13
2020-10-11,San Bernardino,071,2135413,59175,56997,372,57369,1061
2020-10-11,San Diego,073,3302833,52433,50553,1272,51825,826
2020-10-11,San Francisco,075,870044,11815,11659,38,11697,122
2020-10-11,San Joaquin,077,732212,21056,20700,104,20804,480
2020-10-11,San Luis Obispo,079,281455,4129,3874,17,3891,32
2020-10-11,San Mateo,081,765935,10828,10240,11,10251,130
2020-10-11,Santa Barbara,083,443738,9578,9440,82,9522,117
2020-10-11,Santa Clara,085,1922200,23810,22487,49,22536,336
2020-10-11,Santa Cruz,087,273765,2678,2578,32,2610,13
2020-10-11,Shasta,089,179085,1807,1515,17,1532,20
2020-10-11,Sierra,091,2930,6,6,0,6,0
2020-10-11,Siskiyou,093,43540,172,162,10,172,0
2020-10-11,Solano,095,438530,6953,6685,37,6722,53
2020-10-11,Sonoma,097,501317,8741,8319,23,8342,133
2020-10-11,Stanislaus,099,539301,17163,17007,623,17630,360
2020-10-11,Sutter,101,95872,1758,1742,1,1743,12
2020-10-11,Tehama,103,63373,737,702,2,704,3
2020-10-11,Trinity,105,12862,69,19,8,27,0
2020-10-11,Tulare,107,460477,17279,16741,224,16965,286
2020-10-11,Tuolumne,109,53932,249,234,6,240,4
2020-10-11,Ventura,111,848112,14243,13604,277,13881,151
2020-10-11,Yolo,113,214977,3037,2952,7,2959,55
2020-10-11,Yuba,115,75493,1162,1137,3,1140,10
2020-10-10,Alameda,001,1643700,22590,21979,198,22177,398
2020-10-10,Alpine,002,1148,3,3,0,3,0
2020-10-10,Amador,005,37829,306,304,0,304,16
2020-10-10,Butte,007,227075,3070,2962,54,3016,54
2020-10-10,Calaveras,009,45235,320,262,0,262,12
2020-10-10,Colusa,011,21464,541,541,1,542,6
2020-10-10,Contra Costa,013,1133247,18126,17566,88,17654,233
2020-10-10,Del Norte,015,27424,166,161,0,161,2
2020-10-10,El Dorado,017,186661,1303,1240,12,1252,4
2020-10-10,Fresno,019,978130,32144,29286,402,29688,421
2020-10-10,Glenn,021,27897,637,623,0,623,3
2020-10-10,Humboldt,023,135768,535,518,1,519,7
2020-10-10,Imperial,025,180216,12330,11591,10,11601,327
2020-10-10,Inyo,027,18085,210,201,4,205,14
2020-10-10,Kern,029,883053,33006,32338,372,32710,418
2020-10-10,Kings,031,150075,8280,8078,43,8121,80
2020-10-10,Lake,033,64148,667,630,0,630,11
2020-10-10,Lassen,035,31185,762,752,2,754,0
2020-10-10,Los Angeles,037,10098052,284788,279213,2297,281510,6743
2020-10-10,Madera,039,155013,4819,4662,32,4694,50
2020-10-10,Marin,041,260295,6980,6852,18,6870,97
2020-10-10,Mariposa,043,17540,77,76,0,76,2
2020-10-10,Mendocino,045,87422,1002,935,4,939,21
2020-10-10,Merced,047,269075,9253,9105,27,9132,146
2020-10-10,Modoc,049,8938,29,27,0,27,0
2020-10-10,Mono,051,14174,174,154,5,159,1
2020-10-10,Monterey,053,433212,10716,10410,39,10449,75
2020-10-10,Napa,055,140530,1870,1804,8,1812,11
2020-10-10,Nevada,057,99092,585,564,18,582,6
2020-10-10,Orange,059,3164182,57943,54965,1606,56571,1324
2020-10-10,Placer,061,380077,3922,3757,14,3771,48
2020-10-10,Plumas,063,18699,52,51,0,51,0
2020-10-10,Riverside,065,2383286,63506,61845,235,62080,1254
2020-10-10,Sacramento,067,1510023,24109,23689,29,23718,466
2020-10-10,San Benito,069,59416,1380,1370,0,1370,13
2020-10-10,San Bernardino,071,2135413,59013,56683,370,57053,1061
2020-10-10,San Diego,073,3302833,52203,50145,1254,51399,825
2020-10-10,San Francisco,075,870044,11794,11663,38,11701,122
2020-10-10,San Joaquin,077,732212,21028,20700,100,20800,481
2020-10-10,San Luis Obispo,079,281455,4109,3832,17,3849,32
2020-10-10,San Mateo,081,765935,10791,10218,11,10229,130
2020-10-10,Santa Barbara,083,443738,9567,9417,82,9499,116
2020-10-10,Santa Clara,085,1922200,23719,22354,49,22403,330
2020-10-10,Santa Cruz,087,273765,2664,2572,32,2604,13
2020-10-10,Shasta,089,179085,1790,1473,17,1490,20
2020-10-10,Sierra,091,2930,6,6,0,6,0
2020-10-10,Siskiyou,093,43540,172,161,10,171,0
2020-10-10,Solano,095,438530,6927,6655,37,6692,53
2020-10-10,Sonoma,097,501317,8721,8235,23,8258,133
2020-10-10,Stanislaus,099,539301,17128,16960,615,17575,360
2020-10-10,Sutter,101,95872,1755,1735,1,1736,12
2020-10-10,Tehama,103,63373,730,693,2,695,3
2020-10-10,Trinity,105,12862,69,19,8,27,0
2020-10-10,Tulare,107,460477,17243,16709,219,16928,286
2020-10-10,Tuolumne,109,53932,249,233,6,239,4
2020-10-10,Ventura,111,848112,14218,13520,277,13797,151
2020-10-10,Yolo,113,214977,3028,2939,7,2946,55
2020-10-10,Yuba,115,75493,1160,1134,3,1137,10
2020-10-09,Alameda,001,1643700,22542,21924,198,22122,399
2020-10-09,Alpine,002,1148,3,3,0,3,0
2020-10-09,Amador,005,37829,306,303,0,303,16
2020-10-09,Butte,007,227075,3067,2956,54,3010,51
2020-10-09,Calaveras,009,45235,318,262,0,262,11
2020-10-09,Colusa,011,21464,541,541,1,542,6
2020-10-09,Contra Costa,013,1133247,18075,17487,88,17575,229
2020-10-09,Del Norte,015,27424,165,161,0,161,2
2020-10-09,El Dorado,017,186661,1299,1234,12,1246,4
2020-10-09,Fresno,019,978130,32070,29208,400,29608,417
2020-10-09,Glenn,021,27897,632,617,0,617,3
2020-10-09,Humboldt,023,135768,533,516,1,517,7
2020-10-09,Imperial,025,180216,12304,11516,10,11526,330
2020-10-09,Inyo,027,18085,207,200,4,204,14
2020-10-09,Kern,029,883053,32962,32237,370,32607,417
2020-10-09,Kings,031,150075,8273,7993,41,8034,80
2020-10-09,Lake,033,64148,657,610,0,610,11
2020-10-09,Lassen,035,31185,762,751,2,753,0
2020-10-09,Los Angeles,037,10098052,283653,278039,2273,280312,6715
2020-10-09,Madera,039,155013,4809,4646,32,4678,50
2020-10-09,Marin,041,260295,6966,6838,18,6856,96
2020-10-09,Mariposa,043,17540,77,76,0,76,2
2020-10-09,Mendocino,045,87422,992,933,4,937,20
2020-10-09,Merced,047,269075,9239,9095,27,9122,145
2020-10-09,Modoc,049,8938,29,27,0,27,0
2020-10-09,Mono,051,14174,174,154,5,159,1
2020-10-09,Monterey,053,433212,10682,10369,39,10408,75
2020-10-09,Napa,055,140530,1860,1795,8,1803,11
2020-10-09,Nevada,057,99092,580,561,18,579,6
2020-10-09,Orange,059,3164182,57772,54746,1601,56347,1305
2020-10-09,Placer,061,380077,3908,3737,13,3750,48
2020-10-09,Plumas,063,18699,52,50,0,50,0
2020-10-09,Riverside,065,2383286,63270,61529,234,61763,1252
2020-10-09,Sacramento,067,1510023,24040,23606,29,23635,457
2020-10-09,San Benito,069,59416,1375,1367,0,1367,13
2020-10-09,San Bernardino,071,2135413,58773,56434,368,56802,1057
2020-10-09,San Diego,073,3302833,51927,49825,1243,51068,821
2020-10-09,San Francisco,075,870044,11764,11620,38,11658,120
2020-10-09,San Joaquin,077,732212,20998,20648,92,20740,481
2020-10-09,San Luis Obispo,079,281455,4090,3810,17,3827,32
2020-10-09,San Mateo,081,765935,10763,10140,11,10151,130
2020-10-09,Santa Barbara,083,443738,9539,9396,82,9478,116
2020-10-09,Santa Clara,085,1922200,23617,22251,48,22299,328
2020-10-09,Santa Cruz,087,273765,2655,2555,32,2587,13
2020-10-09,Shasta,089,179085,1764,1353,16,1369,20
2020-10-09,Sierra,091,2930,6,6,0,6,0
2020-10-09,Siskiyou,093,43540,170,156,10,166,0
2020-10-09,Solano,095,438530,6888,6614,37,6651,53
2020-10-09,Sonoma,097,501317,8667,8133,23,8156,133
2020-10-09,Stanislaus,099,539301,17103,16904,608,17512,362
2020-10-09,Sutter,101,95872,1751,1732,1,1733,12
2020-10-09,Tehama,103,63373,724,682,2,684,3
2020-10-09,Trinity,105,12862,69,25,8,33,0
2020-10-09,Tulare,107,460477,17203,16644,210,16854,286
2020-10-09,Tuolumne,109,53932,246,230,6,236,4
2020-10-09,Ventura,111,848112,14182,13469,274,13743,151
2020-10-09,Yolo,113,214977,3021,2928,7,2935,55
2020-10-09,Yuba,115,75493,1159,1129,3,1132,10
2020-10-08,Alameda,001,1643700,22461,21826,197,22023,395
2020-10-08,Alpine,002,1148,3,3,0,3,0
2020-10-08,Amador,005,37829,305,302,0,302,16
2020-10-08,Butte,007,227075,3057,2935,54,2989,51
2020-10-08,Calaveras,009,45235,317,262,0,262,11
2020-10-08,Colusa,011,21464,541,539,1,540,6
2020-10-08,Contra Costa,013,1133247,18015,17418,87,17505,228
2020-10-08,Del Norte,015,27424,165,151,0,151,2
2020-10-08,El Dorado,017,186661,1298,1230,12,1242,4
2020-10-08,Fresno,019,978130,31966,29111,400,29511,416
2020-10-08,Glenn,021,27897,629,616,0,616,3
2020-10-08,Humboldt,023,135768,529,515,1,516,7
2020-10-08,Imperial,025,180216,12264,11405,10,11415,330
2020-10-08,Inyo,027,18085,204,199,4,203,14
2020-10-08,Kern,029,883053,32904,32169,365,32534,411
2020-10-08,Kings,031,150075,8267,7968,41,8009,80
2020-10-08,Lake,033,64148,652,604,0,604,11
2020-10-08,Lassen,035,31185,757,751,2,753,0
2020-10-08,Los Angeles,037,10098052,282451,276763,2233,278996,6699
2020-10-08,Madera,039,155013,4791,4637,32,4669,50
2020-10-08,Marin,041,260295,6952,6810,18,6828,96
2020-10-08,Mariposa,043,17540,77,76,0,76,2
2020-10-08,Mendocino,045,87422,987,930,4,934,20
2020-10-08,Merced,047,269075,9219,9069,27,9096,144
2020-10-08,Modoc,049,8938,29,27,0,27,0
2020-10-08,Mono,051,14174,174,153,5,158,1
2020-10-08,Monterey,053,433212,10615,10343,39,10382,75
2020-10-08,Napa,055,140530,1845,1779,8,1787,11
2020-10-08,Nevada,057,99092,577,556,18,574,6
2020-10-08,Orange,059,3164182,57580,54523,1590,56113,1293
2020-10-08,Placer,061,380077,3890,3715,13,3728,48
2020-10-08,Plumas,063,18699,52,50,0,50,0
2020-10-08,Riverside,065,2383286,63002,61105,233,61338,1244
2020-10-08,Sacramento,067,1510023,23933,23482,29,23511,454
2020-10-08,San Benito,069,59416,1370,1367,0,1367,13
2020-10-08,San Bernardino,071,2135413,58408,56152,367,56519,1048
2020-10-08,San Diego,073,3302833,51647,49468,1211,50679,819
2020-10-08,San Francisco,075,870044,11726,11608,38,11646,115
2020-10-08,San Joaquin,077,732212,20946,20576,87,20663,478
2020-10-08,San Luis Obispo,079,281455,4074,3785,17,3802,32
2020-10-08,San Mateo,081,765935,10731,10044,11,10055,130
2020-10-08,Santa Barbara,083,443738,9511,9374,82,9456,116
2020-10-08,Santa Clara,085,1922200,23515,22095,48,22143,323
2020-10-08,Santa Cruz,087,273765,2643,2535,32,2567,13
2020-10-08,Shasta,089,179085,1730,1305,16,1321,20
2020-10-08,Sierra,091,2930,6,6,0,6,0
2020-10-08,Siskiyou,093,43540,170,156,10,166,0
2020-10-08,Solano,095,438530,6864,6556,37,6593,53
2020-10-08,Sonoma,097,501317,8603,8063,23,8086,132
2020-10-08,Stanislaus,099,539301,17057,16821,600,17421,360
2020-10-08,Sutter,101,95872,1751,1725,1,1726,12
2020-10-08,Tehama,103,63373,715,676,2,678,3
2020-10-08,Trinity,105,12862,68,25,8,33,0
2020-10-08,Tulare,107,460477,17142,16573,202,16775,283
2020-10-08,Tuolumne,109,53932,245,230,6,236,4
2020-10-08,Ventura,111,848112,14134,13399,272,13671,151
2020-10-08,Yolo,113,214977,3004,2914,7,2921,55
2020-10-08,Yuba,115,75493,1154,1126,3,1129,10
2020-10-07,Alameda,001,1643700,22384,21736,197,21933,395
2020-10-07,Alpine,002,1148,3,3,0,3,0
2020-10-07,Amador,005,37829,305,302,0,302,16
2020-10-07,Butte,007,227075,3046,2927,54,2981,47
2020-10-07,Calaveras,009,45235,315,262,0,262,11
2020-10-07,Colusa,011,21464,540,539,0,539,6
2020-10-07,Contra Costa,013,1133247,17945,17346,86,17432,225
2020-10-07,Del Norte,015,27424,164,149,0,149,2
2020-10-07,El Dorado,017,186661,1290,1219,12,1231,4
2020-10-07,Fresno,019,978130,31845,29069,395,29464,413
2020-10-07,Glenn,021,27897,629,615,0,615,3
2020-10-07,Humboldt,023,135768,526,512,1,513,7
2020-10-07,Imperial,025,180216,12227,11289,9,11298,330
2020-10-07,Inyo,027,18085,204,199,4,203,14
2020-10-07,Kern,029,883053,32831,32068,364,32432,410
2020-10-07,Kings,031,150075,8252,7948,41,7989,80
2020-10-07,Lake,033,64148,651,599,0,599,11
2020-10-07,Lassen,035,31185,757,751,2,753,0
2020-10-07,Los Angeles,037,10098052,281268,275559,2201,277760,6681
2020-10-07,Madera,039,155013,4771,4618,32,4650,50
2020-10-07,Marin,041,260295,6925,6790,18,6808,95
2020-10-07,Mariposa,043,17540,77,75,0,75,2
2020-10-07,Mendocino,045,87422,981,927,4,931,19
2020-10-07,Merced,047,269075,9183,9045,26,9071,144
2020-10-07,Modoc,049,8938,29,27,0,27,0
2020-10-07,Mono,051,14174,173,153,4,157,1
2020-10-07,Monterey,053,433212,10556,10272,39,10311,75
2020-10-07,Napa,055,140530,1832,1774,8,1782,11
2020-10-07,Nevada,057,99092,573,552,18,570,6
2020-10-07,Orange,059,3164182,57363,54332,1579,55911,1277
2020-10-07,Placer,061,380077,3874,3693,13,3706,48
2020-10-07,Plumas,063,18699,52,50,0,50,0
2020-10-07,Riverside,065,2383286,62655,60857,229,61086,1241
2020-10-07,Sacramento,067,1510023,23836,23380,29,23409,452
2020-10-07,San Benito,069,59416,1367,1363,0,1363,13
2020-10-07,San Bernardino,071,2135413,58059,55738,366,56104,1043
2020-10-07,San Diego,073,3302833,51331,49177,1187,50364,813
2020-10-07,San Francisco,075,870044,11690,11551,38,11589,115
2020-10-07,San Joaquin,077,732212,20894,20527,80,20607,478
2020-10-07,San Luis Obispo,079,281455,4044,3749,17,3766,32
2020-10-07,San Mateo,081,765935,10688,9980,11,9991,130
2020-10-07,Santa Barbara,083,443738,9485,9350,81,9431,116
2020-10-07,Santa Clara,085,1922200,23387,21993,48,22041,320
2020-10-07,Santa Cruz,087,273765,2631,2518,32,2550,14
2020-10-07,Shasta,089,179085,1687,1268,16,1284,20
2020-10-07,Sierra,091,2930,6,6,0,6,0
2020-10-07,Siskiyou,093,43540,168,154,10,164,0
2020-10-07,Solano,095,438530,6829,6526,37,6563,53
2020-10-07,Sonoma,097,501317,8528,7993,22,8015,130
2020-10-07,Stanislaus,099,539301,17022,16786,594,17380,357
2020-10-07,Sutter,101,95872,1748,1723,1,1724,12
2020-10-07,Tehama,103,63373,706,666,2,668,3
2020-10-07,Trinity,105,12862,64,25,8,33,0
2020-10-07,Tulare,107,460477,17099,16483,194,16677,282
2020-10-07,Tuolumne,109,53932,245,227,6,233,3
2020-10-07,Ventura,111,848112,14084,13333,266,13599,150
2020-10-07,Yolo,113,214977,2979,2904,7,2911,55
2020-10-07,Yuba,115,75493,1148,1120,3,1123,10
2020-10-06,Alameda,001,1643700,22293,21698,195,21893,385
2020-10-06,Alpine,002,1148,3,3,0,3,0
2020-10-06,Amador,005,37829,303,301,0,301,16
2020-10-06,Butte,007,227075,3039,2925,54,2979,47
2020-10-06,Calaveras,009,45235,315,261,0,261,11
2020-10-06,Colusa,011,21464,539,538,0,538,6
2020-10-06,Contra Costa,013,1133247,17866,17295,86,17381,219
2020-10-06,Del Norte,015,27424,164,144,0,144,2
2020-10-06,El Dorado,017,186661,1286,1211,12,1223,4
2020-10-06,Fresno,019,978130,31702,29022,392,29414,412
2020-10-06,Glenn,021,27897,626,604,0,604,3
2020-10-06,Humboldt,023,135768,523,508,1,509,7
2020-10-06,Imperial,025,180216,12189,11196,9,11205,327
2020-10-06,Inyo,027,18085,202,198,4,202,14
2020-10-06,Kern,029,883053,32755,32006,362,32368,407
2020-10-06,Kings,031,150075,8236,7943,41,7984,81
2020-10-06,Lake,033,64148,645,596,0,596,11
2020-10-06,Lassen,035,31185,757,743,2,745,0
2020-10-06,Los Angeles,037,10098052,280030,274115,2152,276267,6657
2020-10-06,Madera,039,155013,4759,4608,32,4640,50
2020-10-06,Marin,041,260295,6910,6766,18,6784,91
2020-10-06,Mariposa,043,17540,77,75,0,75,2
2020-10-06,Mendocino,045,87422,974,920,4,924,19
2020-10-06,Merced,047,269075,9147,9034,25,9059,143
2020-10-06,Modoc,049,8938,29,26,0,26,0
2020-10-06,Mono,051,14174,173,153,4,157,1
2020-10-06,Monterey,053,433212,10501,10235,37,10272,72
2020-10-06,Napa,055,140530,1826,1770,8,1778,11
2020-10-06,Nevada,057,99092,570,551,18,569,6
2020-10-06,Orange,059,3164182,57147,54203,1570,55773,1273
2020-10-06,Placer,061,380077,3852,3680,13,3693,48
2020-10-06,Plumas,063,18699,52,49,0,49,0
2020-10-06,Riverside,065,2383286,62390,60593,227,60820,1238
2020-10-06,Sacramento,067,1510023,23750,23322,29,23351,442
2020-10-06,San Benito,069,59416,1366,1358,0,1358,12
2020-10-06,San Bernardino,071,2135413,57745,55416,361,55777,1040
2020-10-06,San Diego,073,3302833,50994,48823,1170,49993,806
2020-10-06,San Francisco,075,870044,11664,11513,37,11550,115
2020-10-06,San Joaquin,077,732212,20854,20481,77,20558,477
2020-10-06,San Luis Obispo,079,281455,4010,3723,17,3740,32
2020-10-06,San Mateo,081,765935,10656,9934,11,9945,129
2020-10-06,Santa Barbara,083,443738,9456,9331,80,9411,116
2020-10-06,Santa Clara,085,1922200,23292,21914,48,21962,320
2020-10-06,Santa Cruz,087,273765,2609,2510,32,2542,12
2020-10-06,Shasta,089,179085,1647,1242,16,1258,18
2020-10-06,Sierra,091,2930,6,6,0,6,0
2020-10-06,Siskiyou,093,43540,168,154,10,164,0
2020-10-06,Solano,095,438530,6783,6506,37,6543,52
2020-10-06,Sonoma,097,501317,8435,7895,22,7917,130
2020-10-06,Stanislaus,099,539301,16977,16759,588,17347,354
2020-10-06,Sutter,101,95872,1746,1722,1,1723,12
2020-10-06,Tehama,103,63373,696,660,2,662,3
2020-10-06,Trinity,105,12862,64,25,8,33,0
2020-10-06,Tulare,107,460477,17057,16456,186,16642,280
2020-10-06,Tuolumne,109,53932,244,227,6,233,2
2020-10-06,Ventura,111,848112,14017,13242,261,13503,150
2020-10-06,Yolo,113,214977,2965,2899,7,2906,56
2020-10-06,Yuba,115,75493,1147,1114,3,1117,10
2020-10-05,Alameda,001,1643700,22205,21637,192,21829,383
2020-10-05,Alpine,002,1148,3,2,0,2,0
2020-10-05,Amador,005,37829,303,299,0,299,16
2020-10-05,Butte,007,227075,3029,2910,54,2964,46
2020-10-05,Calaveras,009,45235,315,259,0,259,11
2020-10-05,Colusa,011,21464,539,537,0,537,6
2020-10-05,Contra Costa,013,1133247,17789,17250,86,17336,216
2020-10-05,Del Norte,015,27424,161,142,0,142,2
2020-10-05,El Dorado,017,186661,1282,1202,11,1213,4
2020-10-05,Fresno,019,978130,31585,29136,392,29528,408
2020-10-05,Glenn,021,27897,624,603,0,603,3
2020-10-05,Humboldt,023,135768,522,506,1,507,6
2020-10-05,Imperial,025,180216,12148,11169,9,11178,327
2020-10-05,Inyo,027,18085,202,197,4,201,14
2020-10-05,Kern,029,883053,32676,31933,358,32291,404
2020-10-05,Kings,031,150075,8139,7932,41,7973,80
2020-10-05,Lake,033,64148,641,592,0,592,10
2020-10-05,Lassen,035,31185,756,743,2,745,0
2020-10-05,Los Angeles,037,10098052,278933,273200,2115,275315,6632
2020-10-05,Madera,039,155013,4751,4598,30,4628,50
2020-10-05,Marin,041,260295,6893,6751,18,6769,91
2020-10-05,Mariposa,043,17540,77,75,0,75,2
2020-10-05,Mendocino,045,87422,966,913,4,917,19
2020-10-05,Merced,047,269075,9128,9021,24,9045,143
2020-10-05,Modoc,049,8938,29,26,0,26,0
2020-10-05,Mono,051,14174,173,152,4,156,1
2020-10-05,Monterey,053,433212,10454,10187,37,10224,72
2020-10-05,Napa,055,140530,1815,1760,8,1768,11
2020-10-05,Nevada,057,99092,567,550,17,567,6
2020-10-05,Orange,059,3164182,56931,54103,1557,55660,1271
2020-10-05,Placer,061,380077,3826,3670,13,3683,46
2020-10-05,Plumas,063,18699,51,49,0,49,0
2020-10-05,Riverside,065,2383286,62070,60454,223,60677,1232
2020-10-05,Sacramento,067,1510023,23646,23207,29,23236,438
2020-10-05,San Benito,069,59416,1363,1356,0,1356,12
2020-10-05,San Bernardino,071,2135413,57438,55100,360,55460,1031
2020-10-05,San Diego,073,3302833,50658,48662,1146,49808,803
2020-10-05,San Francisco,075,870044,11625,11476,35,11511,110
2020-10-05,San Joaquin,077,732212,20784,20319,74,20393,476
2020-10-05,San Luis Obispo,079,281455,3983,3710,17,3727,32
2020-10-05,San Mateo,081,765935,10629,9896,11,9907,128
2020-10-05,Santa Barbara,083,443738,9434,9309,80,9389,116
2020-10-05,Santa Clara,085,1922200,23175,21861,48,21909,319
2020-10-05,Santa Cruz,087,273765,2597,2492,32,2524,9
2020-10-05,Shasta,089,179085,1615,1158,16,1174,18
2020-10-05,Sierra,091,2930,6,6,0,6,0
2020-10-05,Siskiyou,093,43540,168,153,10,163,0
2020-10-05,Solano,095,438530,6745,6475,37,6512,52
2020-10-05,Sonoma,097,501317,8343,7817,22,7839,130
2020-10-05,Stanislaus,099,539301,16941,16730,581,17311,351
2020-10-05,Sutter,101,95872,1738,1719,1,1720,12
2020-10-05,Tehama,103,63373,688,642,2,644,3
2020-10-05,Trinity,105,12862,62,22,8,30,0
2020-10-05,Tulare,107,460477,16998,16343,181,16524,278
2020-10-05,Tuolumne,109,53932,241,226,6,232,2
2020-10-05,Ventura,111,848112,13948,13224,242,13466,149
2020-10-05,Yolo,113,214977,2946,2889,7,2896,56
2020-10-05,Yuba,115,75493,1134,1108,3,1111,9
2020-10-04,Alameda,001,1643700,22109,21597,192,21789,383
2020-10-04,Alpine,002,1148,3,2,0,2,0
2020-10-04,Amador,005,37829,302,297,0,297,16
2020-10-04,Butte,007,227075,3015,2903,54,2957,46
2020-10-04,Calaveras,009,45235,315,259,0,259,11
2020-10-04,Colusa,011,21464,538,537,0,537,6
2020-10-04,Contra Costa,013,1133247,17725,17192,86,17278,214
2020-10-04,Del Norte,015,27424,157,142,0,142,2
2020-10-04,El Dorado,017,186661,1278,1196,11,1207,4
2020-10-04,Fresno,019,978130,31461,29065,392,29457,408
2020-10-04,Glenn,021,27897,622,601,0,601,3
2020-10-04,Humboldt,023,135768,521,506,1,507,6
2020-10-04,Imperial,025,180216,12109,11127,9,11136,327
2020-10-04,Inyo,027,18085,199,195,4,199,14
2020-10-04,Kern,029,883053,32601,31906,355,32261,404
2020-10-04,Kings,031,150075,8124,7919,41,7960,80
2020-10-04,Lake,033,64148,627,589,0,589,10
2020-10-04,Lassen,035,31185,756,743,2,745,0
2020-10-04,Los Angeles,037,10098052,277545,272822,2069,274891,6625
2020-10-04,Madera,039,155013,4735,4587,30,4617,50
2020-10-04,Marin,041,260295,6873,6741,18,6759,91
2020-10-04,Mariposa,043,17540,77,75,0,75,2
2020-10-04,Mendocino,045,87422,953,905,4,909,18
2020-10-04,Merced,047,269075,9103,9006,24,9030,140
2020-10-04,Modoc,049,8938,29,26,0,26,0
2020-10-04,Mono,051,14174,172,152,3,155,1
2020-10-04,Monterey,053,433212,10413,10141,36,10177,72
2020-10-04,Napa,055,140530,1803,1759,8,1767,11
2020-10-04,Nevada,057,99092,563,547,16,563,6
2020-10-04,Orange,059,3164182,56695,53966,1548,55514,1270
2020-10-04,Placer,061,380077,3805,3664,13,3677,46
2020-10-04,Plumas,063,18699,51,49,0,49,0
2020-10-04,Riverside,065,2383286,61784,60251,219,60470,1226
2020-10-04,Sacramento,067,1510023,23530,23162,29,23191,438
2020-10-04,San Benito,069,59416,1363,1355,0,1355,12
2020-10-04,San Bernardino,071,2135413,56989,55100,358,55458,1031
2020-10-04,San Diego,073,3302833,50291,48438,1121,49559,803
2020-10-04,San Francisco,075,870044,11593,11474,33,11507,110
2020-10-04,San Joaquin,077,732212,20707,20320,68,20388,476
2020-10-04,San Luis Obispo,079,281455,3958,3688,17,3705,31
2020-10-04,San Mateo,081,765935,10569,9858,11,9869,128
2020-10-04,Santa Barbara,083,443738,9408,9276,78,9354,116
2020-10-04,Santa Clara,085,1922200,23038,21780,48,21828,316
2020-10-04,Santa Cruz,087,273765,2581,2483,32,2515,9
2020-10-04,Shasta,089,179085,1517,1158,15,1173,18
2020-10-04,Sierra,091,2930,6,6,0,6,0
2020-10-04,Siskiyou,093,43540,168,153,10,163,0
2020-10-04,Solano,095,438530,6694,6445,37,6482,52
2020-10-04,Sonoma,097,501317,8255,7794,22,7816,129
2020-10-04,Stanislaus,099,539301,16891,16711,572,17283,351
2020-10-04,Sutter,101,95872,1735,1711,1,1712,11
2020-10-04,Tehama,103,63373,673,637,2,639,3
2020-10-04,Trinity,105,12862,61,21,8,29,0
2020-10-04,Tulare,107,460477,16921,16343,170,16513,278
2020-10-04,Tuolumne,109,53932,239,226,6,232,2
2020-10-04,Ventura,111,848112,13866,13197,225,13422,149
2020-10-04,Yolo,113,214977,2935,2875,7,2882,56
2020-10-04,Yuba,115,75493,1130,1103,3,1106,9
2020-10-03,Alameda,001,1643700,22063,21510,191,21701,386
2020-10-03,Alpine,002,1148,3,2,0,2,0
2020-10-03,Amador,005,37829,301,296,0,296,16
2020-10-03,Butte,007,227075,3009,2894,54,2948,46
2020-10-03,Calaveras,009,45235,315,259,0,259,11
2020-10-03,Colusa,011,21464,537,537,0,537,6
2020-10-03,Contra Costa,013,1133247,17675,17087,84,17171,213
2020-10-03,Del Norte,015,27424,153,142,0,142,2
2020-10-03,El Dorado,017,186661,1271,1188,11,1199,4
2020-10-03,Fresno,019,978130,31401,28975,391,29366,408
2020-10-03,Glenn,021,27897,620,601,0,601,3
2020-10-03,Humboldt,023,135768,520,504,1,505,6
2020-10-03,Imperial,025,180216,12086,11090,9,11099,327
2020-10-03,Inyo,027,18085,199,194,4,198,14
2020-10-03,Kern,029,883053,32551,31864,351,32215,403
2020-10-03,Kings,031,150075,8120,7887,41,7928,80
2020-10-03,Lake,033,64148,617,588,0,588,10
2020-10-03,Lassen,035,31185,756,743,2,745,0
2020-10-03,Los Angeles,037,10098052,276838,271869,2040,273909,6620
2020-10-03,Madera,039,155013,4718,4565,30,4595,50
2020-10-03,Marin,041,260295,6867,6728,18,6746,91
2020-10-03,Mariposa,043,17540,77,75,0,75,2
2020-10-03,Mendocino,045,87422,951,898,4,902,18
2020-10-03,Merced,047,269075,9090,8986,24,9010,139
2020-10-03,Modoc,049,8938,29,26,0,26,0
2020-10-03,Mono,051,14174,171,152,3,155,1
2020-10-03,Monterey,053,433212,10379,10092,33,10125,72
2020-10-03,Napa,055,140530,1799,1752,8,1760,11
2020-10-03,Nevada,057,99092,562,544,16,560,6
2020-10-03,Orange,059,3164182,56578,53573,1543,55116,1268
2020-10-03,Placer,061,380077,3794,3648,13,3661,47
2020-10-03,Plumas,063,18699,51,48,0,48,0
2020-10-03,Riverside,065,2383286,61632,59991,217,60208,1226
2020-10-03,Sacramento,067,1510023,23479,23076,29,23105,437
2020-10-03,San Benito,069,59416,1363,1351,0,1351,12
2020-10-03,San Bernardino,071,2135413,56816,55004,355,55359,1031
2020-10-03,San Diego,073,3302833,50060,48202,1104,49306,798
2020-10-03,San Francisco,075,870044,11568,11475,31,11506,110
2020-10-03,San Joaquin,077,732212,20681,20322,68,20390,476
2020-10-03,San Luis Obispo,079,281455,3934,3670,17,3687,31
2020-10-03,San Mateo,081,765935,10542,9822,10,9832,128
2020-10-03,Santa Barbara,083,443738,9395,9256,78,9334,116
2020-10-03,Santa Clara,085,1922200,22958,21672,48,21720,309
2020-10-03,Santa Cruz,087,273765,2573,2476,32,2508,9
2020-10-03,Shasta,089,179085,1489,1117,14,1131,18
2020-10-03,Sierra,091,2930,6,6,0,6,0
2020-10-03,Siskiyou,093,43540,168,152,10,162,0
2020-10-03,Solano,095,438530,6668,6419,37,6456,52
2020-10-03,Sonoma,097,501317,8213,7747,22,7769,129
2020-10-03,Stanislaus,099,539301,16858,16645,568,17213,351
2020-10-03,Sutter,101,95872,1731,1705,1,1706,11
2020-10-03,Tehama,103,63373,667,630,2,632,3
2020-10-03,Trinity,105,12862,61,15,8,23,0
2020-10-03,Tulare,107,460477,16877,16322,166,16488,278
2020-10-03,Tuolumne,109,53932,238,224,6,230,2
2020-10-03,Ventura,111,848112,13828,13150,221,13371,148
2020-10-03,Yolo,113,214977,2928,2863,7,2870,56
2020-10-03,Yuba,115,75493,1122,1097,3,1100,8
2020-10-02,Alameda,001,1643700,22009,21404,190,21594,382
2020-10-02,Alpine,002,1148,3,2,0,2,0
2020-10-02,Amador,005,37829,300,296,0,296,16
2020-10-02,Butte,007,227075,2999,2879,54,2933,46
2020-10-02,Calaveras,009,45235,314,259,0,259,11
2020-10-02,Colusa,011,21464,536,537,0,537,6
2020-10-02,Contra Costa,013,1133247,17632,17002,83,17085,213
2020-10-02,Del Norte,015,27424,152,141,0,141,2
2020-10-02,El Dorado,017,186661,1264,1168,11,1179,4
2020-10-02,Fresno,019,978130,31319,28855,391,29246,403
2020-10-02,Glenn,021,27897,615,594,0,594,3
2020-10-02,Humboldt,023,135768,519,503,1,504,6
2020-10-02,Imperial,025,180216,12064,11024,9,11033,327
2020-10-02,Inyo,027,18085,197,191,4,195,14
2020-10-02,Kern,029,883053,32499,31790,344,32134,399
2020-10-02,Kings,031,150075,8111,7716,41,7757,79
2020-10-02,Lake,033,64148,611,579,0,579,10
2020-10-02,Lassen,035,31185,756,742,2,744,0
2020-10-02,Los Angeles,037,10098052,275937,270935,2014,272949,6602
2020-10-02,Madera,039,155013,4710,4537,30,4567,49
2020-10-02,Marin,041,260295,6850,6717,18,6735,91
2020-10-02,Mariposa,043,17540,77,75,0,75,2
2020-10-02,Mendocino,045,87422,946,883,4,887,18
2020-10-02,Merced,047,269075,9080,8961,24,8985,139
2020-10-02,Modoc,049,8938,29,26,0,26,0
2020-10-02,Mono,051,14174,171,150,3,153,1
2020-10-02,Monterey,053,433212,10345,9997,33,10030,71
2020-10-02,Napa,055,140530,1793,1737,8,1745,11
2020-10-02,Nevada,057,99092,559,543,16,559,6
2020-10-02,Orange,059,3164182,56447,53299,1536,54835,1262
2020-10-02,Placer,061,380077,3774,3612,13,3625,46
2020-10-02,Plumas,063,18699,51,48,0,48,0
2020-10-02,Riverside,065,2383286,61411,59673,214,59887,1223
2020-10-02,Sacramento,067,1510023,23414,22818,29,22847,436
2020-10-02,San Benito,069,59416,1359,1347,0,1347,12
2020-10-02,San Bernardino,071,2135413,56630,54613,355,54968,1028
2020-10-02,San Diego,073,3302833,49808,47793,1088,48881,794
2020-10-02,San Francisco,075,870044,11545,11398,31,11429,110
2020-10-02,San Joaquin,077,732212,20647,20235,67,20302,474
2020-10-02,San Luis Obispo,079,281455,3911,3654,17,3671,31
2020-10-02,San Mateo,081,765935,10501,9745,10,9755,128
2020-10-02,Santa Barbara,083,443738,9372,9234,78,9312,116
2020-10-02,Santa Clara,085,1922200,22872,21545,47,21592,305
2020-10-02,Santa Cruz,087,273765,2556,2463,32,2495,9
2020-10-02,Shasta,089,179085,1454,1046,14,1060,18
2020-10-02,Sierra,091,2930,6,6,0,6,0
2020-10-02,Siskiyou,093,43540,168,151,10,161,0
2020-10-02,Solano,095,438530,6638,6385,37,6422,52
2020-10-02,Sonoma,097,501317,8156,7662,22,7684,125
2020-10-02,Stanislaus,099,539301,16817,16609,559,17168,349
2020-10-02,Sutter,101,95872,1730,1693,1,1694,11
2020-10-02,Tehama,103,63373,662,619,2,621,3
2020-10-02,Trinity,105,12862,61,15,8,23,0
2020-10-02,Tulare,107,460477,16836,16245,159,16404,278
2020-10-02,Tuolumne,109,53932,236,225,6,231,2
2020-10-02,Ventura,111,848112,13789,13120,216,13336,146
2020-10-02,Yolo,113,214977,2923,2845,7,2852,55
2020-10-02,Yuba,115,75493,1120,1090,3,1093,8
2020-10-01,Alameda,001,1643700,21948,21349,186,21535,383
2020-10-01,Alpine,002,1148,3,2,0,2,0
2020-10-01,Amador,005,37829,300,294,0,294,16
2020-10-01,Butte,007,227075,2991,2865,54,2919,45
2020-10-01,Calaveras,009,45235,314,257,0,257,11
2020-10-01,Colusa,011,21464,536,536,0,536,6
2020-10-01,Contra Costa,013,1133247,17568,16898,83,16981,211
2020-10-01,Del Norte,015,27424,147,140,0,140,2
2020-10-01,El Dorado,017,186661,1260,1162,10,1172,4
2020-10-01,Fresno,019,978130,31239,28796,389,29185,397
2020-10-01,Glenn,021,27897,611,593,0,593,3
2020-10-01,Humboldt,023,135768,519,499,1,500,6
2020-10-01,Imperial,025,180216,12022,10928,9,10937,325
2020-10-01,Inyo,027,18085,197,191,4,195,14
2020-10-01,Kern,029,883053,32436,31678,339,32017,399
2020-10-01,Kings,031,150075,8100,7688,38,7726,79
2020-10-01,Lake,033,64148,605,572,0,572,11
2020-10-01,Lassen,035,31185,753,742,2,744,0
2020-10-01,Los Angeles,037,10098052,274891,271513,1982,273495,6621
2020-10-01,Madera,039,155013,4687,4508,30,4538,48
2020-10-01,Marin,041,260295,6836,6710,18,6728,92
2020-10-01,Mariposa,043,17540,77,76,0,76,2
2020-10-01,Mendocino,045,87422,941,874,4,878,19
2020-10-01,Merced,047,269075,9053,8942,24,8966,138
2020-10-01,Modoc,049,8938,29,26,0,26,0
2020-10-01,Mono,051,14174,169,150,3,153,1
2020-10-01,Monterey,053,433212,10270,9958,33,9991,71
2020-10-01,Napa,055,140530,1785,1729,8,1737,11
2020-10-01,Nevada,057,99092,558,543,16,559,6
2020-10-01,Orange,059,3164182,56281,53088,1523,54611,1257
2020-10-01,Placer,061,380077,3747,3599,13,3612,45
2020-10-01,Plumas,063,18699,51,48,0,48,0
2020-10-01,Riverside,065,2383286,61158,59293,208,59501,1223
2020-10-01,Sacramento,067,1510023,23302,22714,28,22742,433
2020-10-01,San Benito,069,59416,1357,1346,0,1346,12
2020-10-01,San Bernardino,071,2135413,56337,54350,352,54702,1021
2020-10-01,San Diego,073,3302833,49526,47487,1068,48555,792
2020-10-01,San Francisco,075,870044,11514,11284,29,11313,110
2020-10-01,San Joaquin,077,732212,20601,20204,64,20268,471
2020-10-01,San Luis Obispo,079,281455,3884,3625,17,3642,31
2020-10-01,San Mateo,081,765935,10456,9681,10,9691,128
2020-10-01,Santa Barbara,083,443738,9332,9215,78,9293,118
2020-10-01,Santa Clara,085,1922200,22771,21398,47,21445,305
2020-10-01,Santa Cruz,087,273765,2541,2418,32,2450,10
2020-10-01,Shasta,089,179085,1403,991,14,1005,18
2020-10-01,Sierra,091,2930,6,6,0,6,0
2020-10-01,Siskiyou,093,43540,165,150,10,160,0
2020-10-01,Solano,095,438530,6600,6352,37,6389,52
2020-10-01,Sonoma,097,501317,8089,7569,22,7591,125
2020-10-01,Stanislaus,099,539301,16784,16555,553,17108,346
2020-10-01,Sutter,101,95872,1725,1684,1,1685,11
2020-10-01,Tehama,103,63373,652,606,2,608,3
2020-10-01,Trinity,105,12862,61,15,8,23,0
2020-10-01,Tulare,107,460477,16761,16182,156,16338,275
2020-10-01,Tuolumne,109,53932,236,223,6,229,2
2020-10-01,Ventura,111,848112,13737,13057,203,13260,146
2020-10-01,Yolo,113,214977,2905,2833,7,2840,55
2020-10-01,Yuba,115,75493,1116,1082,3,1085,8
2020-09-30,Alameda,001,1643700,21870,21271,183,21454,380
2020-09-30,Alpine,002,1148,3,2,0,2,0
2020-09-30,Amador,005,37829,300,294,0,294,16
2020-09-30,Butte,007,227075,2983,2858,54,2912,44
2020-09-30,Calaveras,009,45235,313,258,0,258,11
2020-09-30,Colusa,011,21464,535,534,0,534,6
2020-09-30,Contra Costa,013,1133247,17500,16819,83,16902,211
2020-09-30,Del Norte,015,27424,146,140,0,140,2
2020-09-30,El Dorado,017,186661,1248,1157,10,1167,4
2020-09-30,Fresno,019,978130,31148,28706,386,29092,395
2020-09-30,Glenn,021,27897,606,592,0,592,3
2020-09-30,Humboldt,023,135768,517,497,1,498,6
2020-09-30,Imperial,025,180216,11997,10868,9,10877,287
2020-09-30,Inyo,027,18085,196,189,4,193,14
2020-09-30,Kern,029,883053,32360,31601,338,31939,398
2020-09-30,Kings,031,150075,8072,7685,38,7723,79
2020-09-30,Lake,033,64148,599,567,0,567,10
2020-09-30,Lassen,035,31185,750,742,2,744,0
2020-09-30,Los Angeles,037,10098052,273669,270260,1950,272210,6568
2020-09-30,Madera,039,155013,4678,4477,30,4507,47
2020-09-30,Marin,041,260295,6812,6700,17,6717,91
2020-09-30,Mariposa,043,17540,77,76,0,76,2
2020-09-30,Mendocino,045,87422,935,867,4,871,17
2020-09-30,Merced,047,269075,9033,8926,24,8950,136
2020-09-30,Modoc,049,8938,29,26,0,26,0
2020-09-30,Mono,051,14174,169,150,3,153,1
2020-09-30,Monterey,053,433212,10219,9898,32,9930,70
2020-09-30,Napa,055,140530,1771,1728,8,1736,11
2020-09-30,Nevada,057,99092,556,540,16,556,6
2020-09-30,Orange,059,3164182,56090,52916,1508,54424,1251
2020-09-30,Placer,061,380077,3726,3585,13,3598,43
2020-09-30,Plumas,063,18699,51,48,0,48,0
2020-09-30,Riverside,065,2383286,60802,59074,204,59278,1220
2020-09-30,Sacramento,067,1510023,23199,22613,28,22641,429
2020-09-30,San Benito,069,59416,1354,1342,0,1342,12
2020-09-30,San Bernardino,071,2135413,56060,53988,351,54339,1018
2020-09-30,San Diego,073,3302833,49222,47182,1047,48229,783
2020-09-30,San Francisco,075,870044,11484,11247,29,11276,106
2020-09-30,San Joaquin,077,732212,20518,20150,62,20212,461
2020-09-30,San Luis Obispo,079,281455,3859,3597,17,3614,31
2020-09-30,San Mateo,081,765935,10414,9634,10,9644,128
2020-09-30,Santa Barbara,083,443738,9306,9186,78,9264,115
2020-09-30,Santa Clara,085,1922200,22666,21318,47,21365,302
2020-09-30,Santa Cruz,087,273765,2528,2405,32,2437,10
2020-09-30,Shasta,089,179085,1347,976,13,989,17
2020-09-30,Sierra,091,2930,6,6,0,6,0
2020-09-30,Siskiyou,093,43540,163,150,10,160,0
2020-09-30,Solano,095,438530,6558,6315,37,6352,51
2020-09-30,Sonoma,097,501317,8000,7494,22,7516,125
2020-09-30,Stanislaus,099,539301,16737,16531,547,17078,343
2020-09-30,Sutter,101,95872,1709,1680,1,1681,10
2020-09-30,Tehama,103,63373,646,594,2,596,3
2020-09-30,Trinity,105,12862,58,15,8,23,0
2020-09-30,Tulare,107,460477,16694,16117,149,16266,274
2020-09-30,Tuolumne,109,53932,234,224,6,230,2
2020-09-30,Ventura,111,848112,13702,12968,187,13155,145
2020-09-30,Yolo,113,214977,2892,2822,7,2829,55
2020-09-30,Yuba,115,75493,1113,1075,3,1078,8
2020-09-29,Alameda,001,1643700,21795,21241,180,21421,374
2020-09-29,Alpine,002,1148,3,2,0,2,0
2020-09-29,Amador,005,37829,298,294,0,294,16
2020-09-29,Butte,007,227075,2969,2848,54,2902,44
2020-09-29,Calaveras,009,45235,311,261,0,261,11
2020-09-29,Colusa,011,21464,535,534,0,534,6
2020-09-29,Contra Costa,013,1133247,17444,16716,81,16797,209
2020-09-29,Del Norte,015,27424,142,142,0,142,2
2020-09-29,El Dorado,017,186661,1239,1151,10,1161,4
2020-09-29,Fresno,019,978130,31051,28621,385,29006,394
2020-09-29,Glenn,021,27897,602,589,0,589,3
2020-09-29,Humboldt,023,135768,515,497,1,498,6
2020-09-29,Imperial,025,180216,11962,10811,9,10820,283
2020-09-29,Inyo,027,18085,195,188,4,192,14
2020-09-29,Kern,029,883053,32305,31534,337,31871,397
2020-09-29,Kings,031,150075,8016,7681,38,7719,78
2020-09-29,Lake,033,64148,597,566,0,566,11
2020-09-29,Lassen,035,31185,750,741,2,743,0
2020-09-29,Los Angeles,037,10098052,272454,269246,1922,271168,6545
2020-09-29,Madera,039,155013,4655,4453,30,4483,47
2020-09-29,Marin,041,260295,6791,6692,17,6709,91
2020-09-29,Mariposa,043,17540,77,74,0,74,2
2020-09-29,Mendocino,045,87422,925,854,4,858,17
2020-09-29,Merced,047,269075,9020,8892,22,8914,136
2020-09-29,Modoc,049,8938,29,26,0,26,0
2020-09-29,Mono,051,14174,169,149,3,152,1
2020-09-29,Monterey,053,433212,10164,9826,30,9856,70
2020-09-29,Napa,055,140530,1768,1727,8,1735,11
2020-09-29,Nevada,057,99092,551,539,16,555,6
2020-09-29,Orange,059,3164182,55903,52755,1497,54252,1231
2020-09-29,Placer,061,380077,3704,3570,13,3583,42
2020-09-29,Plumas,063,18699,51,48,0,48,0
2020-09-29,Riverside,065,2383286,60472,58863,197,59060,1208
2020-09-29,Sacramento,067,1510023,23078,22547,27,22574,425
2020-09-29,San Benito,069,59416,1349,1341,0,1341,12
2020-09-29,San Bernardino,071,2135413,55750,53753,350,54103,1012
2020-09-29,San Diego,073,3302833,48945,46987,1024,48011,781
2020-09-29,San Francisco,075,870044,11448,11142,29,11171,104
2020-09-29,San Joaquin,077,732212,20450,20094,60,20154,454
2020-09-29,San Luis Obispo,079,281455,3837,3581,17,3598,31
2020-09-29,San Mateo,081,765935,10367,9619,10,9629,127
2020-09-29,Santa Barbara,083,443738,9286,9149,77,9226,114
2020-09-29,Santa Clara,085,1922200,22530,21233,46,21279,302
2020-09-29,Santa Cruz,087,273765,2513,2383,31,2414,10
2020-09-29,Shasta,089,179085,1286,943,13,956,17
2020-09-29,Sierra,091,2930,6,6,0,6,0
2020-09-29,Siskiyou,093,43540,157,150,10,160,0
2020-09-29,Solano,095,438530,6524,6303,37,6340,51
2020-09-29,Sonoma,097,501317,7928,7426,22,7448,125
2020-09-29,Stanislaus,099,539301,16707,16505,541,17046,341
2020-09-29,Sutter,101,95872,1703,1677,1,1678,10
2020-09-29,Tehama,103,63373,628,585,2,587,2
2020-09-29,Trinity,105,12862,56,16,8,24,0
2020-09-29,Tulare,107,460477,16628,16055,142,16197,270
2020-09-29,Tuolumne,109,53932,234,224,6,230,2
2020-09-29,Ventura,111,848112,13645,12875,184,13059,145
2020-09-29,Yolo,113,214977,2879,2818,7,2825,55
2020-09-29,Yuba,115,75493,1111,1071,3,1074,8
2020-09-28,Alameda,001,1643700,21708,21133,180,21313,370
2020-09-28,Alpine,002,1148,3,2,0,2,0
2020-09-28,Amador,005,37829,296,294,0,294,16
2020-09-28,Butte,007,227075,2954,2837,54,2891,44
2020-09-28,Calaveras,009,45235,311,257,0,257,11
2020-09-28,Colusa,011,21464,534,531,0,531,6
2020-09-28,Contra Costa,013,1133247,17381,16653,81,16734,195
2020-09-28,Del Norte,015,27424,142,138,0,138,2
2020-09-28,El Dorado,017,186661,1232,1144,10,1154,4
2020-09-28,Fresno,019,978130,30971,28517,379,28896,389
2020-09-28,Glenn,021,27897,600,585,0,585,3
2020-09-28,Humboldt,023,135768,509,495,1,496,6
2020-09-28,Imperial,025,180216,11927,10777,9,10786,283
2020-09-28,Inyo,027,18085,194,188,4,192,14
2020-09-28,Kern,029,883053,32240,31481,333,31814,395
2020-09-28,Kings,031,150075,7875,7661,36,7697,78
2020-09-28,Lake,033,64148,593,559,0,559,10
2020-09-28,Lassen,035,31185,749,737,2,739,0
2020-09-28,Los Angeles,037,10098052,271347,268404,1892,270296,6508
2020-09-28,Madera,039,155013,4634,4438,30,4468,47
2020-09-28,Marin,041,260295,6775,6676,17,6693,91
2020-09-28,Mariposa,043,17540,77,74,0,74,2
2020-09-28,Mendocino,045,87422,910,850,4,854,17
2020-09-28,Merced,047,269075,9001,8869,22,8891,136
2020-09-28,Modoc,049,8938,29,26,0,26,0
2020-09-28,Mono,051,14174,169,148,3,151,1
2020-09-28,Monterey,053,433212,10099,9780,28,9808,69
2020-09-28,Napa,055,140530,1756,1705,8,1713,11
2020-09-28,Nevada,057,99092,543,538,16,554,6
2020-09-28,Orange,059,3164182,55698,52633,1488,54121,1196
2020-09-28,Placer,061,380077,3683,3572,13,3585,42
2020-09-28,Plumas,063,18699,50,48,0,48,0
2020-09-28,Riverside,065,2383286,60174,58570,188,58758,1198
2020-09-28,Sacramento,067,1510023,22931,22392,27,22419,423
2020-09-28,San Benito,069,59416,1346,1336,0,1336,11
2020-09-28,San Bernardino,071,2135413,55402,53501,350,53851,988
2020-09-28,San Diego,073,3302833,48627,46736,1004,47740,776
2020-09-28,San Francisco,075,870044,11414,11114,29,11143,100
2020-09-28,San Joaquin,077,732212,20403,19982,59,20041,448
2020-09-28,San Luis Obispo,079,281455,3816,3567,17,3584,31
2020-09-28,San Mateo,081,765935,10317,9582,10,9592,127
2020-09-28,Santa Barbara,083,443738,9268,9121,77,9198,114
2020-09-28,Santa Clara,085,1922200,22413,21180,46,21226,271
2020-09-28,Santa Cruz,087,273765,2503,2359,31,2390,9
2020-09-28,Shasta,089,179085,1232,883,10,893,17
2020-09-28,Sierra,091,2930,6,6,0,6,0
2020-09-28,Siskiyou,093,43540,157,149,10,159,0
2020-09-28,Solano,095,438530,6487,6254,37,6291,51
2020-09-28,Sonoma,097,501317,7852,7369,22,7391,125
2020-09-28,Stanislaus,099,539301,16668,16467,534,17001,336
2020-09-28,Sutter,101,95872,1696,1676,1,1677,10
2020-09-28,Tehama,103,63373,620,579,2,581,2
2020-09-28,Trinity,105,12862,56,16,8,24,0
2020-09-28,Tulare,107,460477,16575,15918,137,16055,270
2020-09-28,Tuolumne,109,53932,234,225,6,231,2
2020-09-28,Ventura,111,848112,13567,12812,178,12990,139
2020-09-28,Yolo,113,214977,2862,2809,7,2816,55
2020-09-28,Yuba,115,75493,1108,1062,3,1065,7
2020-09-27,Alameda,001,1643700,21626,21077,176,21253,370
2020-09-27,Alpine,002,1148,3,2,0,2,0
2020-09-27,Amador,005,37829,296,291,0,291,16
2020-09-27,Butte,007,227075,2943,2833,53,2886,44
2020-09-27,Calaveras,009,45235,310,257,0,257,11
2020-09-27,Colusa,011,21464,533,531,0,531,6
2020-09-27,Contra Costa,013,1133247,17280,16596,80,16676,195
2020-09-27,Del Norte,015,27424,142,138,0,138,2
2020-09-27,El Dorado,017,186661,1217,1130,10,1140,4
2020-09-27,Fresno,019,978130,30866,28441,379,28820,389
2020-09-27,Glenn,021,27897,596,576,0,576,3
2020-09-27,Humboldt,023,135768,507,492,1,493,6
2020-09-27,Imperial,025,180216,11893,10743,9,10752,283
2020-09-27,Inyo,027,18085,192,188,4,192,14
2020-09-27,Kern,029,883053,32121,31462,330,31792,395
2020-09-27,Kings,031,150075,7855,7641,36,7677,78
2020-09-27,Lake,033,64148,589,555,0,555,10
2020-09-27,Lassen,035,31185,749,737,2,739,0
2020-09-27,Los Angeles,037,10098052,270167,267754,1873,269627,6507
2020-09-27,Madera,039,155013,4605,4416,30,4446,47
2020-09-27,Marin,041,260295,6765,6663,17,6680,91
2020-09-27,Mariposa,043,17540,77,74,0,74,2
2020-09-27,Mendocino,045,87422,904,846,4,850,17
2020-09-27,Merced,047,269075,8972,8853,22,8875,136
2020-09-27,Modoc,049,8938,29,26,0,26,0
2020-09-27,Mono,051,14174,169,148,3,151,1
2020-09-27,Monterey,053,433212,10039,9724,27,9751,69
2020-09-27,Napa,055,140530,1751,1690,8,1698,11
2020-09-27,Nevada,057,99092,542,537,16,553,6
2020-09-27,Orange,059,3164182,55423,52458,1479,53937,1195
2020-09-27,Placer,061,380077,3670,3562,13,3575,42
2020-09-27,Plumas,063,18699,50,48,0,48,0
2020-09-27,Riverside,065,2383286,59878,58509,180,58689,1191
2020-09-27,Sacramento,067,1510023,22833,22356,27,22383,422
2020-09-27,San Benito,069,59416,1346,1331,0,1331,11
2020-09-27,San Bernardino,071,2135413,54966,53127,350,53477,988
2020-09-27,San Diego,073,3302833,48283,46612,987,47599,776
2020-09-27,San Francisco,075,870044,11362,11114,29,11143,100
2020-09-27,San Joaquin,077,732212,20344,19981,59,20040,448
2020-09-27,San Luis Obispo,079,281455,3796,3562,17,3579,31
2020-09-27,San Mateo,081,765935,10249,9566,10,9576,127
2020-09-27,Santa Barbara,083,443738,9247,9090,76,9166,114
2020-09-27,Santa Clara,085,1922200,22304,21091,46,21137,271
2020-09-27,Santa Cruz,087,273765,2481,2359,31,2390,9
2020-09-27,Shasta,089,179085,1189,883,9,892,17
2020-09-27,Sierra,091,2930,6,6,0,6,0
2020-09-27,Siskiyou,093,43540,156,149,10,159,0
2020-09-27,Solano,095,438530,6452,6211,37,6248,51
2020-09-27,Sonoma,097,501317,7771,7336,22,7358,124
2020-09-27,Stanislaus,099,539301,16617,16448,528,16976,336
2020-09-27,Sutter,101,95872,1689,1672,1,1673,10
2020-09-27,Tehama,103,63373,603,573,2,575,2
2020-09-27,Trinity,105,12862,56,16,8,24,0
2020-09-27,Tulare,107,460477,16496,15918,128,16046,270
2020-09-27,Tuolumne,109,53932,233,224,6,230,2
2020-09-27,Ventura,111,848112,13478,12775,169,12944,139
2020-09-27,Yolo,113,214977,2848,2796,7,2803,55
2020-09-27,Yuba,115,75493,1098,1059,3,1062,7
2020-09-26,Alameda,001,1643700,21568,21019,175,21194,370
2020-09-26,Alpine,002,1148,3,2,0,2,0
2020-09-26,Amador,005,37829,295,291,0,291,16
2020-09-26,Butte,007,227075,2935,2827,53,2880,44
2020-09-26,Calaveras,009,45235,310,257,0,257,11
2020-09-26,Colusa,011,21464,533,529,0,529,6
2020-09-26,Contra Costa,013,1133247,17236,16508,80,16588,194
2020-09-26,Del Norte,015,27424,142,138,0,138,2
2020-09-26,El Dorado,017,186661,1212,1127,10,1137,4
2020-09-26,Fresno,019,978130,30799,28336,379,28715,389
2020-09-26,Glenn,021,27897,596,576,0,576,3
2020-09-26,Humboldt,023,135768,507,491,1,492,6
2020-09-26,Imperial,025,180216,11876,10721,9,10730,283
2020-09-26,Inyo,027,18085,191,187,4,191,14
2020-09-26,Kern,029,883053,32070,31410,330,31740,394
2020-09-26,Kings,031,150075,7843,7537,36,7573,78
2020-09-26,Lake,033,64148,586,549,0,549,10
2020-09-26,Lassen,035,31185,749,737,2,739,0
2020-09-26,Los Angeles,037,10098052,269535,266931,1859,268790,6497
2020-09-26,Madera,039,155013,4589,4410,30,4440,47
2020-09-26,Marin,041,260295,6752,6641,17,6658,91
2020-09-26,Mariposa,043,17540,76,74,0,74,2
2020-09-26,Mendocino,045,87422,899,836,4,840,17
2020-09-26,Merced,047,269075,8960,8841,21,8862,136
2020-09-26,Modoc,049,8938,29,26,0,26,0
2020-09-26,Mono,051,14174,169,148,3,151,1
2020-09-26,Monterey,053,433212,10012,9651,27,9678,68
2020-09-26,Napa,055,140530,1749,1681,8,1689,11
2020-09-26,Nevada,057,99092,542,534,16,550,6
2020-09-26,Orange,059,3164182,55284,52203,1473,53676,1194
2020-09-26,Placer,061,380077,3657,3551,13,3564,42
2020-09-26,Plumas,063,18699,49,48,0,48,0
2020-09-26,Riverside,065,2383286,59743,58076,178,58254,1190
2020-09-26,Sacramento,067,1510023,22775,22269,27,22296,421
2020-09-26,San Benito,069,59416,1344,1325,0,1325,11
2020-09-26,San Bernardino,071,2135413,54833,53122,350,53472,988
2020-09-26,San Diego,073,3302833,48078,46333,973,47306,775
2020-09-26,San Francisco,075,870044,11333,11113,29,11142,100
2020-09-26,San Joaquin,077,732212,20308,19982,57,20039,449
2020-09-26,San Luis Obispo,079,281455,3780,3546,17,3563,31
2020-09-26,San Mateo,081,765935,10215,9509,10,9519,127
2020-09-26,Santa Barbara,083,443738,9236,9061,76,9137,114
2020-09-26,Santa Clara,085,1922200,22233,20967,45,21012,270
2020-09-26,Santa Cruz,087,273765,2473,2336,31,2367,9
2020-09-26,Shasta,089,179085,1139,856,8,864,17
2020-09-26,Sierra,091,2930,6,6,0,6,0
2020-09-26,Siskiyou,093,43540,155,149,10,159,0
2020-09-26,Solano,095,438530,6433,6209,37,6246,51
2020-09-26,Sonoma,097,501317,7746,7285,21,7306,124
2020-09-26,Stanislaus,099,539301,16592,16421,520,16941,336
2020-09-26,Sutter,101,95872,1684,1662,1,1663,10
2020-09-26,Tehama,103,63373,591,560,2,562,2
2020-09-26,Trinity,105,12862,54,16,8,24,0
2020-09-26,Tulare,107,460477,16471,15881,126,16007,270
2020-09-26,Tuolumne,109,53932,233,223,6,229,2
2020-09-26,Ventura,111,848112,13443,12729,168,12897,137
2020-09-26,Yolo,113,214977,2846,2789,7,2796,55
2020-09-26,Yuba,115,75493,1094,1056,3,1059,7
2020-09-25,Alameda,001,1643700,21514,20911,175,21086,367
2020-09-25,Alpine,002,1148,3,2,0,2,0
2020-09-25,Amador,005,37829,295,289,0,289,16
2020-09-25,Butte,007,227075,2930,2819,53,2872,43
2020-09-25,Calaveras,009,45235,310,257,0,257,11
2020-09-25,Colusa,011,21464,533,528,0,528,6
2020-09-25,Contra Costa,013,1133247,17178,16401,80,16481,194
2020-09-25,Del Norte,015,27424,142,138,0,138,2
2020-09-25,El Dorado,017,186661,1208,1104,10,1114,4
2020-09-25,Fresno,019,978130,30739,28199,378,28577,385
2020-09-25,Glenn,021,27897,594,570,0,570,3
2020-09-25,Humboldt,023,135768,506,489,1,490,5
2020-09-25,Imperial,025,180216,11858,10681,9,10690,283
2020-09-25,Inyo,027,18085,189,187,4,191,14
2020-09-25,Kern,029,883053,32017,31333,328,31661,393
2020-09-25,Kings,031,150075,7838,7450,36,7486,77
2020-09-25,Lake,033,64148,585,539,0,539,9
2020-09-25,Lassen,035,31185,749,737,2,739,0
2020-09-25,Los Angeles,037,10098052,268741,265713,1846,267559,6483
2020-09-25,Madera,039,155013,4570,4369,30,4399,48
2020-09-25,Marin,041,260295,6749,6622,17,6639,90
2020-09-25,Mariposa,043,17540,76,74,0,74,2
2020-09-25,Mendocino,045,87422,884,819,3,822,17
2020-09-25,Merced,047,269075,8944,8830,21,8851,135
2020-09-25,Modoc,049,8938,29,26,0,26,0
2020-09-25,Mono,051,14174,169,149,3,152,1
2020-09-25,Monterey,053,433212,9960,9581,27,9608,68
2020-09-25,Napa,055,140530,1747,1669,8,1677,11
2020-09-25,Nevada,057,99092,540,529,16,545,6
2020-09-25,Orange,059,3164182,55157,52031,1465,53496,1184
2020-09-25,Placer,061,380077,3646,3527,13,3540,41
2020-09-25,Plumas,063,18699,49,48,0,48,0
2020-09-25,Riverside,065,2383286,59567,57783,173,57956,1183
2020-09-25,Sacramento,067,1510023,22698,22132,27,22159,418
2020-09-25,San Benito,069,59416,1343,1318,0,1318,11
2020-09-25,San Bernardino,071,2135413,54679,52814,350,53164,987
2020-09-25,San Diego,073,3302833,47876,46003,957,46960,775
2020-09-25,San Francisco,075,870044,11299,11066,28,11094,100
2020-09-25,San Joaquin,077,732212,20256,19909,57,19966,449
2020-09-25,San Luis Obispo,079,281455,3768,3512,17,3529,31
2020-09-25,San Mateo,081,765935,10179,9447,10,9457,127
2020-09-25,Santa Barbara,083,443738,9212,9026,76,9102,114
2020-09-25,Santa Clara,085,1922200,22168,20812,44,20856,265
2020-09-25,Santa Cruz,087,273765,2461,2309,30,2339,9
2020-09-25,Shasta,089,179085,1105,806,8,814,16
2020-09-25,Sierra,091,2930,6,6,0,6,0
2020-09-25,Siskiyou,093,43540,155,149,10,159,0
2020-09-25,Solano,095,438530,6417,6179,37,6216,50
2020-09-25,Sonoma,097,501317,7706,7202,21,7223,124
2020-09-25,Stanislaus,099,539301,16574,16381,518,16899,326
2020-09-25,Sutter,101,95872,1681,1655,1,1656,10
2020-09-25,Tehama,103,63373,583,546,2,548,2
2020-09-25,Trinity,105,12862,54,15,8,23,0
2020-09-25,Tulare,107,460477,16431,15815,125,15940,267
2020-09-25,Tuolumne,109,53932,233,223,6,229,2
2020-09-25,Ventura,111,848112,13400,12664,165,12829,137
2020-09-25,Yolo,113,214977,2838,2784,7,2791,55
2020-09-25,Yuba,115,75493,1089,1049,3,1052,5
2020-09-24,Alameda,001,1643700,21439,20838,172,21010,364
2020-09-24,Alpine,002,1148,3,2,0,2,0
2020-09-24,Amador,005,37829,295,288,0,288,16
2020-09-24,Butte,007,227075,2919,2803,53,2856,43
2020-09-24,Calaveras,009,45235,310,258,0,258,11
2020-09-24,Colusa,011,21464,533,523,0,523,6
2020-09-24,Contra Costa,013,1133247,17095,16252,80,16332,192
2020-09-24,Del Norte,015,27424,138,137,0,137,2
2020-09-24,El Dorado,017,186661,1199,1093,10,1103,4
2020-09-24,Fresno,019,978130,30633,28106,373,28479,375
2020-09-24,Glenn,021,27897,590,567,0,567,3
2020-09-24,Humboldt,023,135768,503,482,1,483,5
2020-09-24,Imperial,025,180216,11834,10622,9,10631,283
2020-09-24,Inyo,027,18085,189,187,4,191,13
2020-09-24,Kern,029,883053,31954,31273,326,31599,388
2020-09-24,Kings,031,150075,7822,7428,36,7464,76
2020-09-24,Lake,033,64148,576,531,0,531,9
2020-09-24,Lassen,035,31185,748,737,2,739,0
2020-09-24,Los Angeles,037,10098052,267699,264374,1829,266203,6452
2020-09-24,Madera,039,155013,4551,4344,30,4374,48
2020-09-24,Marin,041,260295,6721,6588,17,6605,85
2020-09-24,Mariposa,043,17540,76,74,0,74,2
2020-09-24,Mendocino,045,87422,880,810,3,813,17
2020-09-24,Merced,047,269075,8914,8813,20,8833,135
2020-09-24,Modoc,049,8938,29,24,0,24,0
2020-09-24,Mono,051,14174,169,149,3,152,1
2020-09-24,Monterey,053,433212,9894,9544,25,9569,67
2020-09-24,Napa,055,140530,1735,1661,8,1669,11
2020-09-24,Nevada,057,99092,539,527,16,543,6
2020-09-24,Orange,059,3164182,54951,51749,1447,53196,1164
2020-09-24,Placer,061,380077,3632,3514,13,3527,41
2020-09-24,Plumas,063,18699,49,48,0,48,0
2020-09-24,Riverside,065,2383286,59302,57491,167,57658,1172
2020-09-24,Sacramento,067,1510023,22570,21985,26,22011,417
2020-09-24,San Benito,069,59416,1341,1308,0,1308,11
2020-09-24,San Bernardino,071,2135413,54342,52455,349,52804,988
2020-09-24,San Diego,073,3302833,47607,45598,942,46540,773
2020-09-24,San Francisco,075,870044,11252,10992,28,11020,99
2020-09-24,San Joaquin,077,732212,20218,19851,55,19906,444
2020-09-24,San Luis Obispo,079,281455,3752,3480,17,3497,31
2020-09-24,San Mateo,081,765935,10131,9376,10,9386,127
2020-09-24,Santa Barbara,083,443738,9159,8988,75,9063,114
2020-09-24,Santa Clara,085,1922200,22080,20689,44,20733,262
2020-09-24,Santa Cruz,087,273765,2441,2300,28,2328,9
2020-09-24,Shasta,089,179085,1068,773,5,778,14
2020-09-24,Sierra,091,2930,6,6,0,6,0
2020-09-24,Siskiyou,093,43540,155,149,10,159,0
2020-09-24,Solano,095,438530,6384,6137,37,6174,49
2020-09-24,Sonoma,097,501317,7625,7163,21,7184,122
2020-09-24,Stanislaus,099,539301,16538,16326,513,16839,326
2020-09-24,Sutter,101,95872,1678,1646,1,1647,10
2020-09-24,Tehama,103,63373,580,540,2,542,2
2020-09-24,Trinity,105,12862,54,15,8,23,0
2020-09-24,Tulare,107,460477,16366,15754,124,15878,267
2020-09-24,Tuolumne,109,53932,233,224,6,230,2
2020-09-24,Ventura,111,848112,13318,12617,164,12781,138
2020-09-24,Yolo,113,214977,2831,2776,7,2783,55
2020-09-24,Yuba,115,75493,1084,1042,3,1045,5
2020-09-23,Alameda,001,1643700,21370,20718,170,20888,361
2020-09-23,Alpine,002,1148,3,2,0,2,0
2020-09-23,Amador,005,37829,294,288,0,288,16
2020-09-23,Butte,007,227075,2911,2790,53,2843,43
2020-09-23,Calaveras,009,45235,309,258,0,258,11
2020-09-23,Colusa,011,21464,532,521,0,521,6
2020-09-23,Contra Costa,013,1133247,17035,16167,80,16247,192
2020-09-23,Del Norte,015,27424,136,137,0,137,2
2020-09-23,El Dorado,017,186661,1185,1088,10,1098,4
2020-09-23,Fresno,019,978130,30540,28019,371,28390,371
2020-09-23,Glenn,021,27897,583,561,0,561,3
2020-09-23,Humboldt,023,135768,499,477,1,478,5
2020-09-23,Imperial,025,180216,11809,10587,9,10596,284
2020-09-23,Inyo,027,18085,188,177,4,181,13
2020-09-23,Kern,029,883053,31910,31172,324,31496,387
2020-09-23,Kings,031,150075,7800,7406,36,7442,76
2020-09-23,Lake,033,64148,571,519,0,519,9
2020-09-23,Lassen,035,31185,748,736,2,738,0
2020-09-23,Los Angeles,037,10098052,266680,263318,1802,265120,6421
2020-09-23,Madera,039,155013,4536,4311,30,4341,48
2020-09-23,Marin,041,260295,6703,6567,17,6584,85
2020-09-23,Mariposa,043,17540,76,74,0,74,2
2020-09-23,Mendocino,045,87422,879,801,2,803,17
2020-09-23,Merced,047,269075,8894,8785,19,8804,134
2020-09-23,Modoc,049,8938,29,24,0,24,0
2020-09-23,Mono,051,14174,169,149,3,152,1
2020-09-23,Monterey,053,433212,9825,9452,24,9476,67
2020-09-23,Napa,055,140530,1726,1653,8,1661,11
2020-09-23,Nevada,057,99092,538,523,16,539,6
2020-09-23,Orange,059,3164182,54723,51658,1439,53097,1155
2020-09-23,Placer,061,380077,3620,3506,13,3519,41
2020-09-23,Plumas,063,18699,49,48,0,48,0
2020-09-23,Riverside,065,2383286,58996,57257,164,57421,1165
2020-09-23,Sacramento,067,1510023,22494,21821,26,21847,415
2020-09-23,San Benito,069,59416,1335,1305,0,1305,10
2020-09-23,San Bernardino,071,2135413,54049,52132,347,52479,973
2020-09-23,San Diego,073,3302833,47331,45427,923,46350,767
2020-09-23,San Francisco,075,870044,11203,10926,28,10954,95
2020-09-23,San Joaquin,077,732212,20164,19785,55,19840,439
2020-09-23,San Luis Obispo,079,281455,3734,3447,17,3464,31
2020-09-23,San Mateo,081,765935,10091,9351,10,9361,127
2020-09-23,Santa Barbara,083,443738,9130,8952,75,9027,112
2020-09-23,Santa Clara,085,1922200,21970,20575,41,20616,260
2020-09-23,Santa Cruz,087,273765,2422,2283,28,2311,9
2020-09-23,Shasta,089,179085,1029,756,4,760,14
2020-09-23,Sierra,091,2930,6,6,0,6,0
2020-09-23,Siskiyou,093,43540,155,149,10,159,0
2020-09-23,Solano,095,438530,6358,6123,37,6160,50
2020-09-23,Sonoma,097,501317,7549,7091,21,7112,122
2020-09-23,Stanislaus,099,539301,16508,16271,510,16781,317
2020-09-23,Sutter,101,95872,1674,1646,1,1647,10
2020-09-23,Tehama,103,63373,574,533,2,535,2
2020-09-23,Trinity,105,12862,53,15,8,23,0
2020-09-23,Tulare,107,460477,16301,15664,123,15787,266
2020-09-23,Tuolumne,109,53932,233,223,6,229,2
2020-09-23,Ventura,111,848112,13262,12591,162,12753,137
2020-09-23,Yolo,113,214977,2813,2766,7,2773,55
2020-09-23,Yuba,115,75493,1082,1038,3,1041,5
2020-09-22,Alameda,001,1643700,21291,20607,168,20775,355
2020-09-22,Alpine,002,1148,2,2,0,2,0
2020-09-22,Amador,005,37829,293,287,0,287,16
2020-09-22,Butte,007,227075,2905,2776,53,2829,43
2020-09-22,Calaveras,009,45235,309,258,0,258,11
2020-09-22,Colusa,011,21464,530,518,0,518,6
2020-09-22,Contra Costa,013,1133247,16945,16090,80,16170,190
2020-09-22,Del Norte,015,27424,136,137,0,137,2
2020-09-22,El Dorado,017,186661,1166,1076,10,1086,4
2020-09-22,Fresno,019,978130,30445,27944,368,28312,369
2020-09-22,Glenn,021,27897,580,560,0,560,3
2020-09-22,Humboldt,023,135768,498,476,1,477,5
2020-09-22,Imperial,025,180216,11780,10529,9,10538,284
2020-09-22,Inyo,027,18085,188,177,4,181,13
2020-09-22,Kern,029,883053,31843,31110,317,31427,383
2020-09-22,Kings,031,150075,7743,7395,35,7430,76
2020-09-22,Lake,033,64148,565,516,0,516,9
2020-09-22,Lassen,035,31185,747,736,2,738,0
2020-09-22,Los Angeles,037,10098052,265614,262117,1776,263893,6394
2020-09-22,Madera,039,155013,4520,4303,30,4333,47
2020-09-22,Marin,041,260295,6690,6561,17,6578,84
2020-09-22,Mariposa,043,17540,76,74,0,74,2
2020-09-22,Mendocino,045,87422,859,794,1,795,18
2020-09-22,Merced,047,269075,8861,8769,19,8788,132
2020-09-22,Modoc,049,8938,29,24,0,24,0
2020-09-22,Mono,051,14174,168,149,3,152,1
2020-09-22,Monterey,053,433212,9767,9393,23,9416,67
2020-09-22,Napa,055,140530,1709,1652,8,1660,11
2020-09-22,Nevada,057,99092,538,523,16,539,6
2020-09-22,Orange,059,3164182,54472,51528,1430,52958,1132
2020-09-22,Placer,061,380077,3608,3492,13,3505,40
2020-09-22,Plumas,063,18699,49,48,0,48,0
2020-09-22,Riverside,065,2383286,58512,57066,160,57226,1162
2020-09-22,Sacramento,067,1510023,22375,21745,26,21771,410
2020-09-22,San Benito,069,59416,1330,1305,0,1305,10
2020-09-22,San Bernardino,071,2135413,53775,51899,347,52246,971
2020-09-22,San Diego,073,3302833,47024,45149,904,46053,765
2020-09-22,San Francisco,075,870044,11159,10893,27,10920,95
2020-09-22,San Joaquin,077,732212,20117,19755,54,19809,426
2020-09-22,San Luis Obispo,079,281455,3712,3420,17,3437,31
2020-09-22,San Mateo,081,765935,10053,9291,10,9301,127
2020-09-22,Santa Barbara,083,443738,9100,8927,74,9001,111
2020-09-22,Santa Clara,085,1922200,21851,20514,41,20555,253
2020-09-22,Santa Cruz,087,273765,2398,2264,28,2292,8
2020-09-22,Shasta,089,179085,994,723,4,727,14
2020-09-22,Sierra,091,2930,6,6,0,6,0
2020-09-22,Siskiyou,093,43540,155,149,10,159,0
2020-09-22,Solano,095,438530,6327,6107,37,6144,48
2020-09-22,Sonoma,097,501317,7470,7068,20,7088,117
2020-09-22,Stanislaus,099,539301,16485,16231,503,16734,316
2020-09-22,Sutter,101,95872,1668,1638,1,1639,10
2020-09-22,Tehama,103,63373,566,529,2,531,2
2020-09-22,Trinity,105,12862,53,15,8,23,0
2020-09-22,Tulare,107,460477,16234,15616,120,15736,263
2020-09-22,Tuolumne,109,53932,232,224,6,230,1
2020-09-22,Ventura,111,848112,13210,12507,158,12665,136
2020-09-22,Yolo,113,214977,2806,2763,7,2770,54
2020-09-22,Yuba,115,75493,1073,1035,3,1038,5
2020-09-21,Alameda,001,1643700,21212,20501,167,20668,343
2020-09-21,Alpine,002,1148,2,2,0,2,0
2020-09-21,Amador,005,37829,291,286,0,286,16
2020-09-21,Butte,007,227075,2891,2769,53,2822,41
2020-09-21,Calaveras,009,45235,307,256,0,256,10
2020-09-21,Colusa,011,21464,529,517,0,517,6
2020-09-21,Contra Costa,013,1133247,16864,16008,80,16088,189
2020-09-21,Del Norte,015,27424,136,132,0,132,2
2020-09-21,El Dorado,017,186661,1157,1074,10,1084,4
2020-09-21,Fresno,019,978130,30343,27843,361,28204,362
2020-09-21,Glenn,021,27897,576,556,0,556,3
2020-09-21,Humboldt,023,135768,494,473,1,474,5
2020-09-21,Imperial,025,180216,11749,10521,9,10530,284
2020-09-21,Inyo,027,18085,187,177,4,181,12
2020-09-21,Kern,029,883053,31772,31031,315,31346,379
2020-09-21,Kings,031,150075,7630,7297,34,7331,76
2020-09-21,Lake,033,64148,560,508,0,508,8
2020-09-21,Lassen,035,31185,745,735,2,737,0
2020-09-21,Los Angeles,037,10098052,264528,261418,1731,263149,6360
2020-09-21,Madera,039,155013,4509,4275,29,4304,47
2020-09-21,Marin,041,260295,6678,6538,16,6554,84
2020-09-21,Mariposa,043,17540,75,74,0,74,2
2020-09-21,Mendocino,045,87422,844,778,0,778,18
2020-09-21,Merced,047,269075,8839,8749,17,8766,128
2020-09-21,Modoc,049,8938,29,22,0,22,0
2020-09-21,Mono,051,14174,168,147,3,150,1
2020-09-21,Monterey,053,433212,9703,9331,20,9351,66
2020-09-21,Napa,055,140530,1698,1641,8,1649,11
2020-09-21,Nevada,057,99092,536,515,16,531,6
2020-09-21,Orange,059,3164182,54250,51363,1423,52786,1110
2020-09-21,Placer,061,380077,3598,3473,13,3486,40
2020-09-21,Plumas,063,18699,49,47,0,47,0
2020-09-21,Riverside,065,2383286,58240,57001,153,57154,1153
2020-09-21,Sacramento,067,1510023,22193,21568,26,21594,404
2020-09-21,San Benito,069,59416,1328,1298,0,1298,10
2020-09-21,San Bernardino,071,2135413,53488,51654,347,52001,970
2020-09-21,San Diego,073,3302833,46740,44927,883,45810,760
2020-09-21,San Francisco,075,870044,11111,10743,27,10770,95
2020-09-21,San Joaquin,077,732212,20060,19579,54,19633,423
2020-09-21,San Luis Obispo,079,281455,3686,3406,17,3423,27
2020-09-21,San Mateo,081,765935,10001,9239,10,9249,127
2020-09-21,Santa Barbara,083,443738,9072,8911,74,8985,110
2020-09-21,Santa Clara,085,1922200,21751,20432,41,20473,252
2020-09-21,Santa Cruz,087,273765,2382,2257,26,2283,8
2020-09-21,Shasta,089,179085,944,696,4,700,14
2020-09-21,Sierra,091,2930,6,6,0,6,0
2020-09-21,Siskiyou,093,43540,155,146,10,156,0
2020-09-21,Solano,095,438530,6303,6019,37,6056,46
2020-09-21,Sonoma,097,501317,7394,7017,20,7037,117
2020-09-21,Stanislaus,099,539301,16455,16186,503,16689,310
2020-09-21,Sutter,101,95872,1661,1634,1,1635,10
2020-09-21,Tehama,103,63373,547,513,2,515,2
2020-09-21,Trinity,105,12862,53,15,8,23,0
2020-09-21,Tulare,107,460477,16161,15528,111,15639,260
2020-09-21,Tuolumne,109,53932,232,221,6,227,1
2020-09-21,Ventura,111,848112,13126,12477,152,12629,133
2020-09-21,Yolo,113,214977,2800,2752,7,2759,54
2020-09-21,Yuba,115,75493,1069,1033,3,1036,1
2020-09-20,Alameda,001,1643700,21111,20425,164,20589,343
2020-09-20,Alpine,002,1148,2,2,0,2,0
2020-09-20,Amador,005,37829,290,286,0,286,16
2020-09-20,Butte,007,227075,2879,2764,53,2817,39
2020-09-20,Calaveras,009,45235,303,256,0,256,10
2020-09-20,Colusa,011,21464,527,510,0,510,6
2020-09-20,Contra Costa,013,1133247,16747,15917,79,15996,189
2020-09-20,Del Norte,015,27424,134,132,0,132,2
2020-09-20,El Dorado,017,186661,1142,1073,10,1083,4
2020-09-20,Fresno,019,978130,30230,27769,356,28125,362
2020-09-20,Glenn,021,27897,572,550,0,550,3
2020-09-20,Humboldt,023,135768,494,472,1,473,5
2020-09-20,Imperial,025,180216,11722,10496,8,10504,284
2020-09-20,Inyo,027,18085,187,177,4,181,12
2020-09-20,Kern,029,883053,31688,30992,311,31303,379
2020-09-20,Kings,031,150075,7583,7159,33,7192,76
2020-09-20,Lake,033,64148,548,492,0,492,8
2020-09-20,Lassen,035,31185,745,735,2,737,0
2020-09-20,Los Angeles,037,10098052,263300,260770,1707,262477,6347
2020-09-20,Madera,039,155013,4489,4257,29,4286,47
2020-09-20,Marin,041,260295,6654,6533,16,6549,83
2020-09-20,Mariposa,043,17540,75,74,0,74,2
2020-09-20,Mendocino,045,87422,832,765,0,765,18
2020-09-20,Merced,047,269075,8812,8745,17,8762,128
2020-09-20,Modoc,049,8938,27,22,0,22,0
2020-09-20,Mono,051,14174,167,147,3,150,1
2020-09-20,Monterey,053,433212,9624,9312,20,9332,65
2020-09-20,Napa,055,140530,1689,1626,8,1634,11
2020-09-20,Nevada,057,99092,533,511,16,527,6
2020-09-20,Orange,059,3164182,54009,51233,1413,52646,1110
2020-09-20,Placer,061,380077,3584,3452,13,3465,40
2020-09-20,Plumas,063,18699,49,47,0,47,0
2020-09-20,Riverside,065,2383286,58039,56783,147,56930,1147
2020-09-20,Sacramento,067,1510023,22006,21394,25,21419,401
2020-09-20,San Benito,069,59416,1317,1291,0,1291,9
2020-09-20,San Bernardino,071,2135413,53171,51559,345,51904,970
2020-09-20,San Diego,073,3302833,46367,44579,854,45433,760
2020-09-20,San Francisco,075,870044,11057,10743,27,10770,95
2020-09-20,San Joaquin,077,732212,19996,19578,47,19625,423
2020-09-20,San Luis Obispo,079,281455,3659,3393,17,3410,27
2020-09-20,San Mateo,081,765935,9935,9198,10,9208,127
2020-09-20,Santa Barbara,083,443738,9036,8880,73,8953,110
2020-09-20,Santa Clara,085,1922200,21632,20330,40,20370,252
2020-09-20,Santa Cruz,087,273765,2362,2199,26,2225,8
2020-09-20,Shasta,089,179085,903,696,3,699,14
2020-09-20,Sierra,091,2930,6,6,0,6,0
2020-09-20,Siskiyou,093,43540,155,146,10,156,0
2020-09-20,Solano,095,438530,6259,6020,37,6057,46
2020-09-20,Sonoma,097,501317,7290,6954,20,6974,117
2020-09-20,Stanislaus,099,539301,16423,16159,496,16655,310
2020-09-20,Sutter,101,95872,1655,1624,1,1625,10
2020-09-20,Tehama,103,63373,534,509,2,511,2
2020-09-20,Trinity,105,12862,53,15,8,23,0
2020-09-20,Tulare,107,460477,16075,15528,104,15632,260
2020-09-20,Tuolumne,109,53932,232,221,6,227,1
2020-09-20,Ventura,111,848112,13060,12406,148,12554,133
2020-09-20,Yolo,113,214977,2792,2745,7,2752,54
2020-09-20,Yuba,115,75493,1062,1029,3,1032,1
2020-09-19,Alameda,001,1643700,21061,20349,161,20510,343
2020-09-19,Alpine,002,1148,2,2,0,2,0
2020-09-19,Amador,005,37829,290,285,0,285,16
2020-09-19,Butte,007,227075,2873,2748,53,2801,38
2020-09-19,Calaveras,009,45235,303,256,0,256,10
2020-09-19,Colusa,011,21464,527,507,0,507,6
2020-09-19,Contra Costa,013,1133247,16685,15783,79,15862,186
2020-09-19,Del Norte,015,27424,133,132,0,132,2
2020-09-19,El Dorado,017,186661,1136,1068,9,1077,4
2020-09-19,Fresno,019,978130,30157,27668,356,28024,362
2020-09-19,Glenn,021,27897,569,547,0,547,3
2020-09-19,Humboldt,023,135768,493,471,1,472,5
2020-09-19,Imperial,025,180216,11707,10496,8,10504,284
2020-09-19,Inyo,027,18085,187,177,4,181,12
2020-09-19,Kern,029,883053,31636,30886,308,31194,379
2020-09-19,Kings,031,150075,7577,7130,33,7163,76
2020-09-19,Lake,033,64148,548,465,0,465,8
2020-09-19,Lassen,035,31185,745,731,2,733,0
2020-09-19,Los Angeles,037,10098052,262676,259801,1693,261494,6325
2020-09-19,Madera,039,155013,4466,4237,29,4266,47
2020-09-19,Marin,041,260295,6647,6513,15,6528,81
2020-09-19,Mariposa,043,17540,75,74,0,74,2
2020-09-19,Mendocino,045,87422,829,750,0,750,18
2020-09-19,Merced,047,269075,8801,8717,16,8733,128
2020-09-19,Modoc,049,8938,27,22,0,22,0
2020-09-19,Mono,051,14174,167,147,3,150,1
2020-09-19,Monterey,053,433212,9582,9237,20,9257,65
2020-09-19,Napa,055,140530,1681,1614,8,1622,11
2020-09-19,Nevada,057,99092,531,505,16,521,6
2020-09-19,Orange,059,3164182,53881,50999,1406,52405,1105
2020-09-19,Placer,061,380077,3575,3412,13,3425,40
2020-09-19,Plumas,063,18699,49,47,0,47,0
2020-09-19,Riverside,065,2383286,57912,56562,146,56708,1147
2020-09-19,Sacramento,067,1510023,21952,21297,25,21322,396
2020-09-19,San Benito,069,59416,1313,1276,0,1276,9
2020-09-19,San Bernardino,071,2135413,53013,51353,342,51695,971
2020-09-19,San Diego,073,3302833,46139,44295,831,45126,773
2020-09-19,San Francisco,075,870044,11024,10741,27,10768,95
2020-09-19,San Joaquin,077,732212,19960,19580,47,19627,424
2020-09-19,San Luis Obispo,079,281455,3638,3369,17,3386,27
2020-09-19,San Mateo,081,765935,9904,9158,10,9168,127
2020-09-19,Santa Barbara,083,443738,9016,8862,73,8935,106
2020-09-19,Santa Clara,085,1922200,21543,20170,40,20210,251
2020-09-19,Santa Cruz,087,273765,2348,2198,25,2223,8
2020-09-19,Shasta,089,179085,876,687,3,690,14
2020-09-19,Sierra,091,2930,6,6,0,6,0
2020-09-19,Siskiyou,093,43540,155,146,10,156,0
2020-09-19,Solano,095,438530,6243,5998,37,6035,46
2020-09-19,Sonoma,097,501317,7257,6905,20,6925,117
2020-09-19,Stanislaus,099,539301,16382,16109,489,16598,313
2020-09-19,Sutter,101,95872,1654,1602,1,1603,10
2020-09-19,Tehama,103,63373,529,498,2,500,2
2020-09-19,Trinity,105,12862,53,15,8,23,0
2020-09-19,Tulare,107,460477,16027,15485,101,15586,260
2020-09-19,Tuolumne,109,53932,232,217,6,223,1
2020-09-19,Ventura,111,848112,13028,12328,148,12476,133
2020-09-19,Yolo,113,214977,2784,2739,7,2746,54
2020-09-19,Yuba,115,75493,1055,1023,3,1026,1
2020-09-18,Alameda,001,1643700,20995,20222,155,20377,341
2020-09-18,Alpine,002,1148,2,2,0,2,0
2020-09-18,Amador,005,37829,290,285,0,285,16
2020-09-18,Butte,007,227075,2871,2738,53,2791,37
2020-09-18,Calaveras,009,45235,303,255,0,255,9
2020-09-18,Colusa,011,21464,527,504,0,504,6
2020-09-18,Contra Costa,013,1133247,16596,15667,79,15746,185
2020-09-18,Del Norte,015,27424,133,131,0,131,2
2020-09-18,El Dorado,017,186661,1123,1063,9,1072,4
2020-09-18,Fresno,019,978130,30093,27560,356,27916,359
2020-09-18,Glenn,021,27897,566,541,0,541,3
2020-09-18,Humboldt,023,135768,490,470,1,471,5
2020-09-18,Imperial,025,180216,11692,10460,8,10468,283
2020-09-18,Inyo,027,18085,187,177,4,181,12
2020-09-18,Kern,029,883053,31576,30742,305,31047,373
2020-09-18,Kings,031,150075,7567,7062,33,7095,74
2020-09-18,Lake,033,64148,542,458,0,458,8
2020-09-18,Lassen,035,31185,744,731,2,733,0
2020-09-18,Los Angeles,037,10098052,261914,258488,1675,260163,6324
2020-09-18,Madera,039,155013,4455,4211,29,4240,45
2020-09-18,Marin,041,260295,6631,6475,15,6490,81
2020-09-18,Mariposa,043,17540,75,74,0,74,2
2020-09-18,Mendocino,045,87422,821,739,0,739,18
2020-09-18,Merced,047,269075,8792,8691,15,8706,127
2020-09-18,Modoc,049,8938,27,22,0,22,0
2020-09-18,Mono,051,14174,165,147,3,150,1
2020-09-18,Monterey,053,433212,9541,9183,20,9203,64
2020-09-18,Napa,055,140530,1675,1604,8,1612,11
2020-09-18,Nevada,057,99092,528,504,16,520,6
2020-09-18,Orange,059,3164182,53735,50733,1394,52127,1107
2020-09-18,Placer,061,380077,3564,3389,13,3402,40
2020-09-18,Plumas,063,18699,49,45,0,45,0
2020-09-18,Riverside,065,2383286,57789,56248,141,56389,1143
2020-09-18,Sacramento,067,1510023,21868,21105,25,21130,391
2020-09-18,San Benito,069,59416,1305,1257,0,1257,8
2020-09-18,San Bernardino,071,2135413,52868,51106,339,51445,970
2020-09-18,San Diego,073,3302833,45889,44009,826,44835,757
2020-09-18,San Francisco,075,870044,10986,10644,26,10670,95
2020-09-18,San Joaquin,077,732212,19917,19531,46,19577,423
2020-09-18,San Luis Obispo,079,281455,3614,3328,17,3345,27
2020-09-18,San Mateo,081,765935,9864,9062,10,9072,127
2020-09-18,Santa Barbara,083,443738,8995,8824,73,8897,107
2020-09-18,Santa Clara,085,1922200,21446,20058,40,20098,252
2020-09-18,Santa Cruz,087,273765,2328,2180,24,2204,8
2020-09-18,Shasta,089,179085,841,668,3,671,14
2020-09-18,Sierra,091,2930,6,6,0,6,0
2020-09-18,Siskiyou,093,43540,154,146,10,156,0
2020-09-18,Solano,095,438530,6227,5961,37,5998,46
2020-09-18,Sonoma,097,501317,7210,6856,20,6876,114
2020-09-18,Stanislaus,099,539301,16352,16042,483,16525,277
2020-09-18,Sutter,101,95872,1647,1586,1,1587,10
2020-09-18,Tehama,103,63373,529,490,2,492,2
2020-09-18,Trinity,105,12862,53,15,7,22,0
2020-09-18,Tulare,107,460477,15994,15435,97,15532,259
2020-09-18,Tuolumne,109,53932,231,216,6,222,1
2020-09-18,Ventura,111,848112,12967,12236,144,12380,133
2020-09-18,Yolo,113,214977,2778,2732,7,2739,54
2020-09-18,Yuba,115,75493,1051,1020,3,1023,1
2020-09-17,Alameda,001,1643700,20896,20146,155,20301,339
2020-09-17,Alpine,002,1148,2,2,0,2,0
2020-09-17,Amador,005,37829,288,284,0,284,16
2020-09-17,Butte,007,227075,2854,2720,53,2773,38
2020-09-17,Calaveras,009,45235,303,254,0,254,9
2020-09-17,Colusa,011,21464,525,499,0,499,6
2020-09-17,Contra Costa,013,1133247,16510,15576,79,15655,184
2020-09-17,Del Norte,015,27424,133,131,0,131,2
2020-09-17,El Dorado,017,186661,1114,1057,9,1066,4
2020-09-17,Fresno,019,978130,29982,27487,351,27838,355
2020-09-17,Glenn,021,27897,565,541,0,541,3
2020-09-17,Humboldt,023,135768,484,466,1,467,5
2020-09-17,Imperial,025,180216,11675,10436,8,10444,281
2020-09-17,Inyo,027,18085,187,176,4,180,12
2020-09-17,Kern,029,883053,31516,30627,298,30925,372
2020-09-17,Kings,031,150075,7496,7015,33,7048,72
2020-09-17,Lake,033,64148,532,433,0,433,8
2020-09-17,Lassen,035,31185,742,731,2,733,0
2020-09-17,Los Angeles,037,10098052,260971,257246,1661,258907,6318
2020-09-17,Madera,039,155013,4421,4152,29,4181,45
2020-09-17,Marin,041,260295,6611,6457,15,6472,81
2020-09-17,Mariposa,043,17540,75,74,0,74,2
2020-09-17,Mendocino,045,87422,810,737,0,737,18
2020-09-17,Merced,047,269075,8772,8671,15,8686,119
2020-09-17,Modoc,049,8938,27,22,0,22,0
2020-09-17,Mono,051,14174,165,147,3,150,1
2020-09-17,Monterey,053,433212,9479,9113,20,9133,62
2020-09-17,Napa,055,140530,1664,1592,8,1600,11
2020-09-17,Nevada,057,99092,526,494,16,510,6
2020-09-17,Orange,059,3164182,53555,50537,1382,51919,1098
2020-09-17,Placer,061,380077,3544,3368,13,3381,40
2020-09-17,Plumas,063,18699,49,45,0,45,0
2020-09-17,Riverside,065,2383286,57564,56007,140,56147,1134
2020-09-17,Sacramento,067,1510023,21633,20895,25,20920,385
2020-09-17,San Benito,069,59416,1303,1252,0,1252,8
2020-09-17,San Bernardino,071,2135413,52664,50770,339,51109,904
2020-09-17,San Diego,073,3302833,45609,43621,814,44435,754
2020-09-17,San Francisco,075,870044,10892,10564,26,10590,95
2020-09-17,San Joaquin,077,732212,19858,19439,46,19485,416
2020-09-17,San Luis Obispo,079,281455,3584,3299,17,3316,27
2020-09-17,San Mateo,081,765935,9822,8984,10,8994,127
2020-09-17,Santa Barbara,083,443738,8971,8779,73,8852,107
2020-09-17,Santa Clara,085,1922200,21329,19825,40,19865,254
2020-09-17,Santa Cruz,087,273765,2312,2155,24,2179,7
2020-09-17,Shasta,089,179085,802,660,3,663,12
2020-09-17,Sierra,091,2930,6,6,0,6,0
2020-09-17,Siskiyou,093,43540,154,146,10,156,0
2020-09-17,Solano,095,438530,6204,5915,37,5952,44
2020-09-17,Sonoma,097,501317,7146,6754,20,6774,114
2020-09-17,Stanislaus,099,539301,16319,15984,479,16463,277
2020-09-17,Sutter,101,95872,1642,1572,1,1573,10
2020-09-17,Tehama,103,63373,516,487,2,489,2
2020-09-17,Trinity,105,12862,53,15,7,22,0
2020-09-17,Tulare,107,460477,15942,15344,95,15439,258
2020-09-17,Tuolumne,109,53932,230,214,6,220,1
2020-09-17,Ventura,111,848112,12880,12167,141,12308,130
2020-09-17,Yolo,113,214977,2769,2724,7,2731,53
2020-09-17,Yuba,115,75493,1047,1015,3,1018,1
2020-09-16,Alameda,001,1643700,20798,20009,153,20162,333
2020-09-16,Alpine,002,1148,2,2,0,2,0
2020-09-16,Amador,005,37829,288,284,0,284,16
2020-09-16,Butte,007,227075,2844,2704,52,2756,38
2020-09-16,Calaveras,009,45235,303,254,0,254,9
2020-09-16,Colusa,011,21464,523,497,0,497,6
2020-09-16,Contra Costa,013,1133247,16423,15473,79,15552,183
2020-09-16,Del Norte,015,27424,133,131,0,131,2
2020-09-16,El Dorado,017,186661,1106,1049,8,1057,4
2020-09-16,Fresno,019,978130,29875,27381,349,27730,343
2020-09-16,Glenn,021,27897,563,539,0,539,3
2020-09-16,Humboldt,023,135768,483,455,1,456,4
2020-09-16,Imperial,025,180216,11652,10401,8,10409,277
2020-09-16,Inyo,027,18085,186,176,4,180,12
2020-09-16,Kern,029,883053,31457,30570,297,30867,371
2020-09-16,Kings,031,150075,7471,7002,31,7033,71
2020-09-16,Lake,033,64148,521,417,0,417,6
2020-09-16,Lassen,035,31185,741,730,2,732,0
2020-09-16,Los Angeles,037,10098052,259990,256101,1644,257745,6299
2020-09-16,Madera,039,155013,4398,4138,29,4167,45
2020-09-16,Marin,041,260295,6584,6430,15,6445,77
2020-09-16,Mariposa,043,17540,75,74,0,74,2
2020-09-16,Mendocino,045,87422,801,727,0,727,18
2020-09-16,Merced,047,269075,8747,8646,15,8661,118
2020-09-16,Modoc,049,8938,27,22,0,22,0
2020-09-16,Mono,051,14174,165,147,3,150,1
2020-09-16,Monterey,053,433212,9425,8997,20,9017,62
2020-09-16,Napa,055,140530,1650,1587,8,1595,11
2020-09-16,Nevada,057,99092,521,495,15,510,6
2020-09-16,Orange,059,3164182,53354,50414,1373,51787,1096
2020-09-16,Placer,061,380077,3526,3351,13,3364,39
2020-09-16,Plumas,063,18699,49,45,0,45,0
2020-09-16,Riverside,065,2383286,57370,55811,132,55943,1127
2020-09-16,Sacramento,067,1510023,21540,20610,25,20635,377
2020-09-16,San Benito,069,59416,1295,1244,0,1244,8
2020-09-16,San Bernardino,071,2135413,52439,50509,338,50847,907
2020-09-16,San Diego,073,3302833,45317,43447,793,44240,748
2020-09-16,San Francisco,075,870044,10845,10502,26,10528,90
2020-09-16,San Joaquin,077,732212,19803,19377,45,19422,409
2020-09-16,San Luis Obispo,079,281455,3553,3285,17,3302,28
2020-09-16,San Mateo,081,765935,9757,8944,10,8954,127
2020-09-16,Santa Barbara,083,443738,8938,8764,73,8837,107
2020-09-16,Santa Clara,085,1922200,21210,19684,40,19724,253
2020-09-16,Santa Cruz,087,273765,2271,2089,23,2112,7
2020-09-16,Shasta,089,179085,776,635,3,638,11
2020-09-16,Sierra,091,2930,6,6,0,6,0
2020-09-16,Siskiyou,093,43540,153,145,10,155,0
2020-09-16,Solano,095,438530,6175,5899,37,5936,44
2020-09-16,Sonoma,097,501317,7084,6731,20,6751,104
2020-09-16,Stanislaus,099,539301,16271,15897,471,16368,263
2020-09-16,Sutter,101,95872,1629,1567,1,1568,10
2020-09-16,Tehama,103,63373,508,485,2,487,2
2020-09-16,Trinity,105,12862,53,15,7,22,0
2020-09-16,Tulare,107,460477,15898,15314,88,15402,258
2020-09-16,Tuolumne,109,53932,229,210,6,216,1
2020-09-16,Ventura,111,848112,12809,12073,139,12212,130
2020-09-16,Yolo,113,214977,2762,2709,7,2716,53
2020-09-16,Yuba,115,75493,1045,1000,3,1003,1
2020-09-15,Alameda,001,1643700,20692,19931,150,20081,327
2020-09-15,Alpine,002,1148,2,2,0,2,0
2020-09-15,Amador,005,37829,287,282,0,282,16
2020-09-15,Butte,007,227075,2831,2695,50,2745,38
2020-09-15,Calaveras,009,45235,303,248,0,248,5
2020-09-15,Colusa,011,21464,517,497,0,497,6
2020-09-15,Contra Costa,013,1133247,16317,15423,77,15500,180
2020-09-15,Del Norte,015,27424,133,129,0,129,2
2020-09-15,El Dorado,017,186661,1101,1046,8,1054,4
2020-09-15,Fresno,019,978130,29767,27312,344,27656,343
2020-09-15,Glenn,021,27897,562,531,0,531,3
2020-09-15,Humboldt,023,135768,481,456,1,457,4
2020-09-15,Imperial,025,180216,11627,10376,8,10384,277
2020-09-15,Inyo,027,18085,186,176,4,180,12
2020-09-15,Kern,029,883053,31344,30429,294,30723,368
2020-09-15,Kings,031,150075,7313,6977,31,7008,70
2020-09-15,Lake,033,64148,508,416,0,416,4
2020-09-15,Lassen,035,31185,737,719,2,721,0
2020-09-15,Los Angeles,037,10098052,258881,255048,1622,256670,6269
2020-09-15,Madera,039,155013,4379,4122,29,4151,45
2020-09-15,Marin,041,260295,6553,6423,15,6438,77
2020-09-15,Mariposa,043,17540,75,74,0,74,2
2020-09-15,Mendocino,045,87422,783,724,0,724,18
2020-09-15,Merced,047,269075,8718,8633,15,8648,114
2020-09-15,Modoc,049,8938,26,21,0,21,0
2020-09-15,Mono,051,14174,165,147,3,150,1
2020-09-15,Monterey,053,433212,9376,8943,20,8963,62
2020-09-15,Napa,055,140530,1636,1580,8,1588,11
2020-09-15,Nevada,057,99092,516,494,15,509,6
2020-09-15,Orange,059,3164182,53172,50294,1359,51653,1088
2020-09-15,Placer,061,380077,3502,3331,13,3344,38
2020-09-15,Plumas,063,18699,49,44,0,44,0
2020-09-15,Riverside,065,2383286,57076,55569,122,55691,1118
2020-09-15,Sacramento,067,1510023,21396,20487,25,20512,372
2020-09-15,San Benito,069,59416,1288,1237,0,1237,7
2020-09-15,San Bernardino,071,2135413,52224,50333,337,50670,904
2020-09-15,San Diego,073,3302833,44998,43183,773,43956,742
2020-09-15,San Francisco,075,870044,10787,10414,26,10440,90
2020-09-15,San Joaquin,077,732212,19751,19313,45,19358,401
2020-09-15,San Luis Obispo,079,281455,3533,3262,17,3279,28
2020-09-15,San Mateo,081,765935,9688,8895,10,8905,127
2020-09-15,Santa Barbara,083,443738,8913,8724,72,8796,104
2020-09-15,Santa Clara,085,1922200,21077,19610,40,19650,252
2020-09-15,Santa Cruz,087,273765,2245,2079,22,2101,7
2020-09-15,Shasta,089,179085,764,627,3,630,11
2020-09-15,Sierra,091,2930,6,6,0,6,0
2020-09-15,Siskiyou,093,43540,153,143,10,153,0
2020-09-15,Solano,095,438530,6141,5878,37,5915,45
2020-09-15,Sonoma,097,501317,7045,6701,20,6721,104
2020-09-15,Stanislaus,099,539301,16223,15880,469,16349,260
2020-09-15,Sutter,101,95872,1618,1556,1,1557,10
2020-09-15,Tehama,103,63373,496,484,2,486,2
2020-09-15,Trinity,105,12862,53,15,7,22,0
2020-09-15,Tulare,107,460477,15821,15203,86,15289,254
2020-09-15,Tuolumne,109,53932,229,209,6,215,1
2020-09-15,Ventura,111,848112,12756,11932,138,12070,128
2020-09-15,Yolo,113,214977,2758,2708,7,2715,53
2020-09-15,Yuba,115,75493,1039,991,3,994,1
2020-09-14,Alameda,001,1643700,20565,19851,149,20000,306
2020-09-14,Alpine,002,1148,2,2,0,2,0
2020-09-14,Amador,005,37829,285,281,0,281,16
2020-09-14,Butte,007,227075,2813,2642,50,2692,37
2020-09-14,Calaveras,009,45235,303,244,0,244,3
2020-09-14,Colusa,011,21464,516,486,0,486,6
2020-09-14,Contra Costa,013,1133247,16193,15354,76,15430,174
2020-09-14,Del Norte,015,27424,130,116,0,116,2
2020-09-14,El Dorado,017,186661,1097,1039,8,1047,3
2020-09-14,Fresno,019,978130,29684,27232,341,27573,344
2020-09-14,Glenn,021,27897,554,521,0,521,3
2020-09-14,Humboldt,023,135768,478,437,1,438,4
2020-09-14,Imperial,025,180216,11607,10340,8,10348,273
2020-09-14,Inyo,027,18085,186,176,4,180,12
2020-09-14,Kern,029,883053,31256,30344,293,30637,368
2020-09-14,Kings,031,150075,7232,6950,31,6981,70
2020-09-14,Lake,033,64148,487,407,0,407,4
2020-09-14,Lassen,035,31185,737,719,2,721,0
2020-09-14,Los Angeles,037,10098052,257852,254622,1597,256219,6226
2020-09-14,Madera,039,155013,4364,4104,29,4133,45
2020-09-14,Marin,041,260295,6533,6409,15,6424,70
2020-09-14,Mariposa,043,17540,75,74,0,74,2
2020-09-14,Mendocino,045,87422,766,710,0,710,17
2020-09-14,Merced,047,269075,8700,8593,15,8608,112
2020-09-14,Modoc,049,8938,26,21,0,21,0
2020-09-14,Mono,051,14174,165,147,3,150,1
2020-09-14,Monterey,053,433212,9305,8845,19,8864,61
2020-09-14,Napa,055,140530,1619,1576,8,1584,11
2020-09-14,Nevada,057,99092,511,489,15,504,6
2020-09-14,Orange,059,3164182,53011,50149,1343,51492,1079
2020-09-14,Placer,061,380077,3480,3302,13,3315,38
2020-09-14,Plumas,063,18699,48,42,0,42,0
2020-09-14,Riverside,065,2383286,56857,55488,118,55606,1113
2020-09-14,Sacramento,067,1510023,21201,20377,24,20401,367
2020-09-14,San Benito,069,59416,1273,1233,0,1233,7
2020-09-14,San Bernardino,071,2135413,52000,50163,336,50499,895
2020-09-14,San Diego,073,3302833,44687,42889,753,43642,734
2020-09-14,San Francisco,075,870044,10720,10255,24,10279,90
2020-09-14,San Joaquin,077,732212,19677,19111,44,19155,397
2020-09-14,San Luis Obispo,079,281455,3508,3248,17,3265,25
2020-09-14,San Mateo,081,765935,9627,8847,10,8857,127
2020-09-14,Santa Barbara,083,443738,8887,8692,72,8764,104
2020-09-14,Santa Clara,085,1922200,20889,19545,40,19585,247
2020-09-14,Santa Cruz,087,273765,2223,2016,21,2037,7
2020-09-14,Shasta,089,179085,741,584,3,587,10
2020-09-14,Sierra,091,2930,6,6,0,6,0
2020-09-14,Siskiyou,093,43540,152,143,10,153,0
2020-09-14,Solano,095,438530,6106,5834,37,5871,44
2020-09-14,Sonoma,097,501317,6981,6630,20,6650,102
2020-09-14,Stanislaus,099,539301,16178,15812,466,16278,253
2020-09-14,Sutter,101,95872,1607,1549,1,1550,10
2020-09-14,Tehama,103,63373,494,475,2,477,1
2020-09-14,Trinity,105,12862,52,14,7,21,0
2020-09-14,Tulare,107,460477,15752,15096,81,15177,254
2020-09-14,Tuolumne,109,53932,228,208,6,214,1
2020-09-14,Ventura,111,848112,12654,11903,135,12038,125
2020-09-14,Yolo,113,214977,2747,2687,7,2694,53
2020-09-14,Yuba,115,75493,1031,977,3,980,1
2020-09-13,Alameda,001,1643700,20459,19815,146,19961,306
2020-09-13,Alpine,002,1148,2,2,0,2,0
2020-09-13,Amador,005,37829,282,279,0,279,16
2020-09-13,Butte,007,227075,2792,2640,50,2690,37
2020-09-13,Calaveras,009,45235,302,246,0,246,3
2020-09-13,Colusa,011,21464,512,486,0,486,6
2020-09-13,Contra Costa,013,1133247,16086,15284,76,15360,172
2020-09-13,Del Norte,015,27424,127,116,0,116,1
2020-09-13,El Dorado,017,186661,1092,1035,8,1043,2
2020-09-13,Fresno,019,978130,29573,27196,332,27528,345
2020-09-13,Glenn,021,27897,550,517,0,517,3
2020-09-13,Humboldt,023,135768,478,434,1,435,4
2020-09-13,Imperial,025,180216,11570,10304,7,10311,273
2020-09-13,Inyo,027,18085,186,176,4,180,12
2020-09-13,Kern,029,883053,31160,30277,287,30564,368
2020-09-13,Kings,031,150075,7213,6937,31,6968,70
2020-09-13,Lake,033,64148,469,397,0,397,4
2020-09-13,Lassen,035,31185,734,719,2,721,0
2020-09-13,Los Angeles,037,10098052,256699,253950,1582,255532,6203
2020-09-13,Madera,039,155013,4307,4090,29,4119,45
2020-09-13,Marin,041,260295,6514,6395,15,6410,70
2020-09-13,Mariposa,043,17540,75,74,0,74,2
2020-09-13,Mendocino,045,87422,759,707,0,707,17
2020-09-13,Merced,047,269075,8671,8575,15,8590,112
2020-09-13,Modoc,049,8938,26,21,0,21,0
2020-09-13,Mono,051,14174,165,147,3,150,1
2020-09-13,Monterey,053,433212,9223,8826,18,8844,61
2020-09-13,Napa,055,140530,1612,1563,8,1571,11
2020-09-13,Nevada,057,99092,503,486,15,501,6
2020-09-13,Orange,059,3164182,52796,50061,1336,51397,1075
2020-09-13,Placer,061,380077,3451,3291,13,3304,38
2020-09-13,Plumas,063,18699,48,42,0,42,0
2020-09-13,Riverside,065,2383286,56650,55235,107,55342,1108
2020-09-13,Sacramento,067,1510023,20856,20279,24,20303,367
2020-09-13,San Benito,069,59416,1265,1217,0,1217,7
2020-09-13,San Bernardino,071,2135413,51713,49968,334,50302,895
2020-09-13,San Diego,073,3302833,44361,42681,719,43400,734
2020-09-13,San Francisco,075,870044,10642,10254,24,10278,90
2020-09-13,San Joaquin,077,732212,19606,19110,43,19153,396
2020-09-13,San Luis Obispo,079,281455,3471,3240,17,3257,24
2020-09-13,San Mateo,081,765935,9566,8811,10,8821,127
2020-09-13,Santa Barbara,083,443738,8850,8690,72,8762,104
2020-09-13,Santa Clara,085,1922200,20750,19456,39,19495,245
2020-09-13,Santa Cruz,087,273765,2189,2016,19,2035,7
2020-09-13,Shasta,089,179085,729,583,3,586,10
2020-09-13,Sierra,091,2930,6,6,0,6,0
2020-09-13,Siskiyou,093,43540,152,143,9,152,0
2020-09-13,Solano,095,438530,6060,5810,37,5847,43
2020-09-13,Sonoma,097,501317,6916,6592,20,6612,95
2020-09-13,Stanislaus,099,539301,16115,15759,454,16213,253
2020-09-13,Sutter,101,95872,1595,1539,1,1540,10
2020-09-13,Tehama,103,63373,490,476,2,478,1
2020-09-13,Trinity,105,12862,52,14,7,21,0
2020-09-13,Tulare,107,460477,15681,15098,80,15178,254
2020-09-13,Tuolumne,109,53932,224,208,6,214,1
2020-09-13,Ventura,111,848112,12546,11855,134,11989,123
2020-09-13,Yolo,113,214977,2735,2675,7,2682,53
2020-09-13,Yuba,115,75493,1026,967,3,970,1
2020-09-12,Alameda,001,1643700,20400,19758,146,19904,307
2020-09-12,Alpine,002,1148,2,2,0,2,0
2020-09-12,Amador,005,37829,281,278,0,278,16
2020-09-12,Butte,007,227075,2785,2629,49,2678,37
2020-09-12,Calaveras,009,45235,300,246,0,246,3
2020-09-12,Colusa,011,21464,508,486,0,486,6
2020-09-12,Contra Costa,013,1133247,16009,15135,75,15210,174
2020-09-12,Del Norte,015,27424,126,116,0,116,1
2020-09-12,El Dorado,017,186661,1085,1034,8,1042,2
2020-09-12,Fresno,019,978130,29503,27076,332,27408,345
2020-09-12,Glenn,021,27897,549,517,0,517,3
2020-09-12,Humboldt,023,135768,477,430,1,431,4
2020-09-12,Imperial,025,180216,11558,10305,7,10312,273
2020-09-12,Inyo,027,18085,186,177,4,181,12
2020-09-12,Kern,029,883053,31094,30202,287,30489,368
2020-09-12,Kings,031,150075,7203,6895,31,6926,70
2020-09-12,Lake,033,64148,461,393,0,393,4
2020-09-12,Lassen,035,31185,734,719,2,721,0
2020-09-12,Los Angeles,037,10098052,256141,253156,1562,254718,6193
2020-09-12,Madera,039,155013,4296,4058,29,4087,43
2020-09-12,Marin,041,260295,6504,6393,15,6408,69
2020-09-12,Mariposa,043,17540,75,72,0,72,2
2020-09-12,Mendocino,045,87422,756,700,0,700,17
2020-09-12,Merced,047,269075,8662,8533,15,8548,112
2020-09-12,Modoc,049,8938,25,21,0,21,0
2020-09-12,Mono,051,14174,165,147,3,150,1
2020-09-12,Monterey,053,433212,9187,8743,18,8761,61
2020-09-12,Napa,055,140530,1609,1556,8,1564,11
2020-09-12,Nevada,057,99092,502,482,15,497,6
2020-09-12,Orange,059,3164182,52680,49895,1333,51228,1078
2020-09-12,Placer,061,380077,3434,3280,13,3293,38
2020-09-12,Plumas,063,18699,48,42,0,42,0
2020-09-12,Riverside,065,2383286,56522,55058,103,55161,1108
2020-09-12,Sacramento,067,1510023,20788,20184,24,20208,367
2020-09-12,San Benito,069,59416,1262,1208,0,1208,7
2020-09-12,San Bernardino,071,2135413,51622,49945,332,50277,896
2020-09-12,San Diego,073,3302833,44166,42416,710,43126,747
2020-09-12,San Francisco,075,870044,10598,10257,24,10281,90
2020-09-12,San Joaquin,077,732212,19578,19108,43,19151,396
2020-09-12,San Luis Obispo,079,281455,3444,3220,17,3237,24
2020-09-12,San Mateo,081,765935,9521,8759,10,8769,127
2020-09-12,Santa Barbara,083,443738,8836,8642,72,8714,104
2020-09-12,Santa Clara,085,1922200,20663,19330,39,19369,237
2020-09-12,Santa Cruz,087,273765,2177,2016,19,2035,7
2020-09-12,Shasta,089,179085,717,569,3,572,10
2020-09-12,Sierra,091,2930,6,6,0,6,0
2020-09-12,Siskiyou,093,43540,152,141,9,150,0
2020-09-12,Solano,095,438530,6036,5772,37,5809,43
2020-09-12,Sonoma,097,501317,6891,6531,20,6551,95
2020-09-12,Stanislaus,099,539301,16083,15675,451,16126,253
2020-09-12,Sutter,101,95872,1589,1529,1,1530,10
2020-09-12,Tehama,103,63373,487,471,2,473,1
2020-09-12,Trinity,105,12862,52,15,7,22,0
2020-09-12,Tulare,107,460477,15636,15018,79,15097,254
2020-09-12,Tuolumne,109,53932,224,208,6,214,1
2020-09-12,Ventura,111,848112,12495,11759,132,11891,123
2020-09-12,Yolo,113,214977,2728,2646,7,2653,53
2020-09-12,Yuba,115,75493,1022,963,3,966,1
2020-09-11,Alameda,001,1643700,20345,19625,145,19770,298
2020-09-11,Alpine,002,1148,2,2,0,2,0
2020-09-11,Amador,005,37829,281,277,0,277,16
2020-09-11,Butte,007,227075,2773,2605,49,2654,37
2020-09-11,Calaveras,009,45235,299,242,0,242,1
2020-09-11,Colusa,011,21464,507,484,0,484,6
2020-09-11,Contra Costa,013,1133247,15951,15001,72,15073,173
2020-09-11,Del Norte,015,27424,126,115,0,115,1
2020-09-11,El Dorado,017,186661,1082,1024,8,1032,2
2020-09-11,Fresno,019,978130,29423,26917,331,27248,344
2020-09-11,Glenn,021,27897,544,515,0,515,3
2020-09-11,Humboldt,023,135768,475,426,1,427,4
2020-09-11,Imperial,025,180216,11540,10286,7,10293,273
2020-09-11,Inyo,027,18085,186,176,4,180,12
2020-09-11,Kern,029,883053,31026,30059,286,30345,365
2020-09-11,Kings,031,150075,7186,6770,31,6801,70
2020-09-11,Lake,033,64148,453,382,0,382,4
2020-09-11,Lassen,035,31185,734,719,2,721,0
2020-09-11,Los Angeles,037,10098052,255462,252057,1551,253608,6172
2020-09-11,Madera,039,155013,4277,4018,29,4047,43
2020-09-11,Marin,041,260295,6497,6364,15,6379,69
2020-09-11,Mariposa,043,17540,75,72,0,72,2
2020-09-11,Mendocino,045,87422,745,700,0,700,17
2020-09-11,Merced,047,269075,8643,8489,14,8503,109
2020-09-11,Modoc,049,8938,25,21,0,21,0
2020-09-11,Mono,051,14174,165,145,3,148,1
2020-09-11,Monterey,053,433212,9139,8595,18,8613,61
2020-09-11,Napa,055,140530,1598,1543,8,1551,11
2020-09-11,Nevada,057,99092,495,483,15,498,6
2020-09-11,Orange,059,3164182,52550,49755,1321,51076,1068
2020-09-11,Placer,061,380077,3419,3254,13,3267,37
2020-09-11,Plumas,063,18699,48,42,0,42,0
2020-09-11,Riverside,065,2383286,56387,54717,100,54817,1099
2020-09-11,Sacramento,067,1510023,20704,20012,24,20036,358
2020-09-11,San Benito,069,59416,1252,1202,0,1202,7
2020-09-11,San Bernardino,071,2135413,51523,49682,332,50014,871
2020-09-11,San Diego,073,3302833,43946,41971,704,42675,730
2020-09-11,San Francisco,075,870044,10550,10133,23,10156,89
2020-09-11,San Joaquin,077,732212,19530,19019,43,19062,391
2020-09-11,San Luis Obispo,079,281455,3426,3190,17,3207,24
2020-09-11,San Mateo,081,765935,9479,8611,10,8621,127
2020-09-11,Santa Barbara,083,443738,8803,8592,71,8663,103
2020-09-11,Santa Clara,085,1922200,20575,19065,39,19104,234
2020-09-11,Santa Cruz,087,273765,2160,1997,19,2016,7
2020-09-11,Shasta,089,179085,707,568,3,571,10
2020-09-11,Sierra,091,2930,6,6,0,6,0
2020-09-11,Siskiyou,093,43540,151,139,9,148,0
2020-09-11,Solano,095,438530,6018,5742,37,5779,42
2020-09-11,Sonoma,097,501317,6852,6469,20,6489,91
2020-09-11,Stanislaus,099,539301,16045,15613,448,16061,253
2020-09-11,Sutter,101,95872,1579,1505,1,1506,11
2020-09-11,Tehama,103,63373,484,466,2,468,1
2020-09-11,Trinity,105,12862,52,16,7,23,0
2020-09-11,Tulare,107,460477,15603,14932,76,15008,251
2020-09-11,Tuolumne,109,53932,224,208,6,214,1
2020-09-11,Ventura,111,848112,12441,11700,130,11830,123
2020-09-11,Yolo,113,214977,2718,2632,7,2639,53
2020-09-11,Yuba,115,75493,1014,946,3,949,1
2020-09-10,Alameda,001,1643700,20271,19509,145,19654,292
2020-09-10,Alpine,002,1148,2,2,0,2,0
2020-09-10,Amador,005,37829,280,277,0,277,16
2020-09-10,Butte,007,227075,2756,2590,49,2639,37
2020-09-10,Calaveras,009,45235,299,244,0,244,1
2020-09-10,Colusa,011,21464,505,482,0,482,6
2020-09-10,Contra Costa,013,1133247,15878,14909,72,14981,172
2020-09-10,Del Norte,015,27424,125,112,0,112,1
2020-09-10,El Dorado,017,186661,1079,1020,8,1028,2
2020-09-10,Fresno,019,978130,29302,26783,331,27114,338
2020-09-10,Glenn,021,27897,534,511,0,511,3
2020-09-10,Humboldt,023,135768,464,422,1,423,4
2020-09-10,Imperial,025,180216,11524,10251,7,10258,270
2020-09-10,Inyo,027,18085,185,176,4,180,11
2020-09-10,Kern,029,883053,30944,29988,282,30270,363
2020-09-10,Kings,031,150075,7156,6739,31,6770,70
2020-09-10,Lake,033,64148,447,377,0,377,4
2020-09-10,Lassen,035,31185,733,716,2,718,0
2020-09-10,Los Angeles,037,10098052,254484,251003,1530,252533,6132
2020-09-10,Madera,039,155013,4259,3979,29,4008,43
2020-09-10,Marin,041,260295,6485,6344,15,6359,68
2020-09-10,Mariposa,043,17540,75,72,0,72,2
2020-09-10,Mendocino,045,87422,735,697,0,697,16
2020-09-10,Merced,047,269075,8596,8461,14,8475,109
2020-09-10,Modoc,049,8938,25,21,0,21,0
2020-09-10,Mono,051,14174,165,145,3,148,1
2020-09-10,Monterey,053,433212,9069,8570,18,8588,59
2020-09-10,Napa,055,140530,1592,1536,8,1544,11
2020-09-10,Nevada,057,99092,491,478,15,493,6
2020-09-10,Orange,059,3164182,52387,49617,1314,50931,1057
2020-09-10,Placer,061,380077,3399,3233,13,3246,37
2020-09-10,Plumas,063,18699,48,42,0,42,0
2020-09-10,Riverside,065,2383286,56068,54417,97,54514,1091
2020-09-10,Sacramento,067,1510023,20584,19618,23,19641,354
2020-09-10,San Benito,069,59416,1246,1201,0,1201,5
2020-09-10,San Bernardino,071,2135413,51334,49467,330,49797,867
2020-09-10,San Diego,073,3302833,43680,41610,677,42287,725
2020-09-10,San Francisco,075,870044,10473,10082,23,10105,89
2020-09-10,San Joaquin,077,732212,19477,18854,43,18897,389
2020-09-10,San Luis Obispo,079,281455,3412,3161,16,3177,24
2020-09-10,San Mateo,081,765935,9433,8529,10,8539,125
2020-09-10,Santa Barbara,083,443738,8758,8552,71,8623,100
2020-09-10,Santa Clara,085,1922200,20460,18870,39,18909,231
2020-09-10,Santa Cruz,087,273765,2145,1986,17,2003,7
2020-09-10,Shasta,089,179085,696,566,3,569,10
2020-09-10,Sierra,091,2930,6,6,0,6,0
2020-09-10,Siskiyou,093,43540,151,137,9,146,0
2020-09-10,Solano,095,438530,5978,5696,37,5733,42
2020-09-10,Sonoma,097,501317,6803,6424,20,6444,91
2020-09-10,Stanislaus,099,539301,15992,15509,443,15952,243
2020-09-10,Sutter,101,95872,1569,1494,1,1495,11
2020-09-10,Tehama,103,63373,477,466,2,468,1
2020-09-10,Trinity,105,12862,52,15,7,22,0
2020-09-10,Tulare,107,460477,15550,14860,73,14933,250
2020-09-10,Tuolumne,109,53932,223,205,6,211,1
2020-09-10,Ventura,111,848112,12347,11600,123,11723,122
2020-09-10,Yolo,113,214977,2713,2612,7,2619,53
2020-09-10,Yuba,115,75493,1008,941,3,944,1
2020-09-09,Alameda,001,1643700,20192,19399,144,19543,289
2020-09-09,Alpine,002,1148,2,2,0,2,0
2020-09-09,Amador,005,37829,279,276,0,276,16
2020-09-09,Butte,007,227075,2739,2561,49,2610,37
2020-09-09,Calaveras,009,45235,299,242,0,242,1
2020-09-09,Colusa,011,21464,500,479,0,479,6
2020-09-09,Contra Costa,013,1133247,15791,14816,72,14888,171
2020-09-09,Del Norte,015,27424,121,109,0,109,1
2020-09-09,El Dorado,017,186661,1076,1020,8,1028,2
2020-09-09,Fresno,019,978130,29200,26724,326,27050,329
2020-09-09,Glenn,021,27897,531,508,0,508,3
2020-09-09,Humboldt,023,135768,462,420,1,421,4
2020-09-09,Imperial,025,180216,11504,10233,7,10240,268
2020-09-09,Inyo,027,18085,184,173,4,177,2
2020-09-09,Kern,029,883053,30846,29925,279,30204,355
2020-09-09,Kings,031,150075,7138,6721,31,6752,72
2020-09-09,Lake,033,64148,438,371,0,371,4
2020-09-09,Lassen,035,31185,732,714,2,716,0
2020-09-09,Los Angeles,037,10098052,253611,249876,1512,251388,6091
2020-09-09,Madera,039,155013,4233,3926,29,3955,43
2020-09-09,Marin,041,260295,6466,6321,15,6336,68
2020-09-09,Mariposa,043,17540,74,72,0,72,2
2020-09-09,Mendocino,045,87422,727,695,0,695,16
2020-09-09,Merced,047,269075,8566,8441,14,8455,107
2020-09-09,Modoc,049,8938,24,20,0,20,0
2020-09-09,Mono,051,14174,165,145,3,148,1
2020-09-09,Monterey,053,433212,8997,8527,18,8545,59
2020-09-09,Napa,055,140530,1582,1531,8,1539,11
2020-09-09,Nevada,057,99092,487,476,15,491,6
2020-09-09,Orange,059,3164182,52209,49394,1307,50701,1054
2020-09-09,Placer,061,380077,3379,3222,13,3235,36
2020-09-09,Plumas,063,18699,46,42,0,42,0
2020-09-09,Riverside,065,2383286,55838,54320,94,54414,1081
2020-09-09,Sacramento,067,1510023,20479,19474,22,19496,347
2020-09-09,San Benito,069,59416,1242,1199,0,1199,5
2020-09-09,San Bernardino,071,2135413,51135,49264,329,49593,866
2020-09-09,San Diego,073,3302833,43391,41326,665,41991,721
2020-09-09,San Francisco,075,870044,10423,9996,22,10018,86
2020-09-09,San Joaquin,077,732212,19414,18799,42,18841,388
2020-09-09,San Luis Obispo,079,281455,3394,3131,16,3147,24
2020-09-09,San Mateo,081,765935,9373,8478,10,8488,125
2020-09-09,Santa Barbara,083,443738,8715,8528,71,8599,97
2020-09-09,Santa Clara,085,1922200,20329,18759,39,18798,228
2020-09-09,Santa Cruz,087,273765,2122,1967,17,1984,7
2020-09-09,Shasta,089,179085,684,562,3,565,10
2020-09-09,Sierra,091,2930,6,6,0,6,0
2020-09-09,Siskiyou,093,43540,149,137,9,146,0
2020-09-09,Solano,095,438530,5946,5680,37,5717,36
2020-09-09,Sonoma,097,501317,6736,6397,20,6417,92
2020-09-09,Stanislaus,099,539301,15952,15469,432,15901,243
2020-09-09,Sutter,101,95872,1561,1487,1,1488,11
2020-09-09,Tehama,103,63373,474,462,2,464,1
2020-09-09,Trinity,105,12862,52,14,7,21,0
2020-09-09,Tulare,107,460477,15500,14787,68,14855,249
2020-09-09,Tuolumne,109,53932,222,204,5,209,1
2020-09-09,Ventura,111,848112,12256,11497,120,11617,121
2020-09-09,Yolo,113,214977,2702,2604,7,2611,53
2020-09-09,Yuba,115,75493,1003,936,3,939,1
2020-09-08,Alameda,001,1643700,20083,19293,144,19437,288
2020-09-08,Alpine,002,1148,2,2,0,2,0
2020-09-08,Amador,005,37829,279,276,0,276,16
2020-09-08,Butte,007,227075,2721,2453,49,2502,36
2020-09-08,Calaveras,009,45235,297,233,0,233,1
2020-09-08,Colusa,011,21464,498,475,0,475,6
2020-09-08,Contra Costa,013,1133247,15661,14740,69,14809,171
2020-09-08,Del Norte,015,27424,121,109,0,109,2
2020-09-08,El Dorado,017,186661,1073,1011,8,1019,2
2020-09-08,Fresno,019,978130,29082,26640,322,26962,329
2020-09-08,Glenn,021,27897,527,492,0,492,3
2020-09-08,Humboldt,023,135768,460,420,1,421,4
2020-09-08,Imperial,025,180216,11488,10198,7,10205,267
2020-09-08,Inyo,027,18085,184,169,4,173,2
2020-09-08,Kern,029,883053,30761,29850,276,30126,351
2020-09-08,Kings,031,150075,7100,6658,31,6689,72
2020-09-08,Lake,033,64148,428,370,0,370,4
2020-09-08,Lassen,035,31185,732,710,2,712,0
2020-09-08,Los Angeles,037,10098052,252678,249217,1484,250701,6034
2020-09-08,Madera,039,155013,4209,3904,29,3933,43
2020-09-08,Marin,041,260295,6435,6313,15,6328,68
2020-09-08,Mariposa,043,17540,74,72,0,72,2
2020-09-08,Mendocino,045,87422,720,690,0,690,16
2020-09-08,Merced,047,269075,8542,8381,14,8395,104
2020-09-08,Modoc,049,8938,24,20,0,20,0
2020-09-08,Mono,051,14174,165,145,3,148,1
2020-09-08,Monterey,053,433212,8912,8491,18,8509,59
2020-09-08,Napa,055,140530,1578,1518,8,1526,11
2020-09-08,Nevada,057,99092,487,470,15,485,6
2020-09-08,Orange,059,3164182,52067,49214,1303,50517,1044
2020-09-08,Placer,061,380077,3365,3205,13,3218,36
2020-09-08,Plumas,063,18699,46,42,0,42,0
2020-09-08,Riverside,065,2383286,55624,54168,91,54259,1069
2020-09-08,Sacramento,067,1510023,20244,19411,21,19432,347
2020-09-08,San Benito,069,59416,1235,1188,0,1188,5
2020-09-08,San Bernardino,071,2135413,50946,49034,327,49361,856
2020-09-08,San Diego,073,3302833,43075,41079,653,41732,709
2020-09-08,San Francisco,075,870044,10349,9821,22,9843,86
2020-09-08,San Joaquin,077,732212,19336,18550,42,18592,388
2020-09-08,San Luis Obispo,079,281455,3379,3120,16,3136,23
2020-09-08,San Mateo,081,765935,9297,8460,10,8470,125
2020-09-08,Santa Barbara,083,443738,8681,8488,70,8558,96
2020-09-08,Santa Clara,085,1922200,20152,18645,39,18684,228
2020-09-08,Santa Cruz,087,273765,2094,1903,17,1920,7
2020-09-08,Shasta,089,179085,676,556,3,559,10
2020-09-08,Sierra,091,2930,6,6,0,6,0
2020-09-08,Siskiyou,093,43540,147,136,9,145,0
2020-09-08,Solano,095,438530,5909,5654,37,5691,36
2020-09-08,Sonoma,097,501317,6667,6356,20,6376,92
2020-09-08,Stanislaus,099,539301,15888,15415,420,15835,238
2020-09-08,Sutter,101,95872,1545,1473,1,1474,11
2020-09-08,Tehama,103,63373,470,458,2,460,1
2020-09-08,Trinity,105,12862,51,13,7,20,0
2020-09-08,Tulare,107,460477,15420,14635,67,14702,249
2020-09-08,Tuolumne,109,53932,221,197,5,202,1
2020-09-08,Ventura,111,848112,12187,11475,117,11592,118
2020-09-08,Yolo,113,214977,2692,2580,7,2587,53
2020-09-08,Yuba,115,75493,991,923,3,926,1
2020-09-07,Alameda,001,1643700,19962,19188,138,19326,281
2020-09-07,Alpine,002,1148,2,2,0,2,0
2020-09-07,Amador,005,37829,279,276,0,276,16
2020-09-07,Butte,007,227075,2688,2450,48,2498,30
2020-09-07,Calaveras,009,45235,287,234,0,234,1
2020-09-07,Colusa,011,21464,497,475,0,475,6
2020-09-07,Contra Costa,013,1133247,15546,14637,66,14703,172
2020-09-07,Del Norte,015,27424,121,109,0,109,2
2020-09-07,El Dorado,017,186661,1062,1011,8,1019,2
2020-09-07,Fresno,019,978130,28987,26565,319,26884,329
2020-09-07,Glenn,021,27897,522,488,0,488,3
2020-09-07,Humboldt,023,135768,451,416,1,417,4
2020-09-07,Imperial,025,180216,11457,10199,7,10206,267
2020-09-07,Inyo,027,18085,184,169,4,173,2
2020-09-07,Kern,029,883053,30640,29790,271,30061,348
2020-09-07,Kings,031,150075,6976,6630,31,6661,72
2020-09-07,Lake,033,64148,405,367,0,367,2
2020-09-07,Lassen,035,31185,732,709,2,711,0
2020-09-07,Los Angeles,037,10098052,251630,248804,1463,250267,6030
2020-09-07,Madera,039,155013,4178,3889,28,3917,43
2020-09-07,Marin,041,260295,6405,6296,15,6311,67
2020-09-07,Mariposa,043,17540,74,72,0,72,2
2020-09-07,Mendocino,045,87422,712,687,0,687,16
2020-09-07,Merced,047,269075,8495,8381,14,8395,104
2020-09-07,Modoc,049,8938,23,20,0,20,0
2020-09-07,Mono,051,14174,165,145,3,148,1
2020-09-07,Monterey,053,433212,8833,8463,18,8481,57
2020-09-07,Napa,055,140530,1566,1514,8,1522,11
2020-09-07,Nevada,057,99092,485,469,15,484,6
2020-09-07,Orange,059,3164182,51893,49132,1299,50431,1042
2020-09-07,Placer,061,380077,3335,3188,12,3200,36
2020-09-07,Plumas,063,18699,45,42,0,42,0
2020-09-07,Riverside,065,2383286,55349,54178,85,54263,1069
2020-09-07,Sacramento,067,1510023,20002,19292,20,19312,345
2020-09-07,San Benito,069,59416,1229,1180,0,1180,4
2020-09-07,San Bernardino,071,2135413,50718,49043,325,49368,821
2020-09-07,San Diego,073,3302833,42675,40868,626,41494,708
2020-09-07,San Francisco,075,870044,10298,9813,21,9834,85
2020-09-07,San Joaquin,077,732212,19254,18552,40,18592,386
2020-09-07,San Luis Obispo,079,281455,3342,3116,16,3132,23
2020-09-07,San Mateo,081,765935,9215,8409,10,8419,125
2020-09-07,Santa Barbara,083,443738,8637,8479,70,8549,95
2020-09-07,Santa Clara,085,1922200,19996,18596,38,18634,226
2020-09-07,Santa Cruz,087,273765,2066,1902,17,1919,7
2020-09-07,Shasta,089,179085,666,556,3,559,10
2020-09-07,Sierra,091,2930,6,6,0,6,0
2020-09-07,Siskiyou,093,43540,146,133,9,142,0
2020-09-07,Solano,095,438530,5844,5640,37,5677,36
2020-09-07,Sonoma,097,501317,6601,6268,20,6288,85
2020-09-07,Stanislaus,099,539301,15823,15343,408,15751,236
2020-09-07,Sutter,101,95872,1528,1468,1,1469,11
2020-09-07,Tehama,103,63373,466,453,2,455,1
2020-09-07,Trinity,105,12862,51,13,7,20,0
2020-09-07,Tulare,107,460477,15313,14637,65,14702,249
2020-09-07,Tuolumne,109,53932,220,196,5,201,1
2020-09-07,Ventura,111,848112,12092,11463,114,11577,118
2020-09-07,Yolo,113,214977,2675,2565,6,2571,53
2020-09-07,Yuba,115,75493,975,923,3,926,1
2020-09-06,Alameda,001,1643700,19904,19029,136,19165,281
2020-09-06,Alpine,002,1148,2,2,0,2,0
2020-09-06,Amador,005,37829,277,275,0,275,16
2020-09-06,Butte,007,227075,2679,2446,48,2494,30
2020-09-06,Calaveras,009,45235,287,235,0,235,1
2020-09-06,Colusa,011,21464,493,475,0,475,6
2020-09-06,Contra Costa,013,1133247,15465,14565,65,14630,171
2020-09-06,Del Norte,015,27424,121,109,0,109,2
2020-09-06,El Dorado,017,186661,1060,1008,8,1016,2
2020-09-06,Fresno,019,978130,28924,26471,317,26788,329
2020-09-06,Glenn,021,27897,516,474,0,474,3
2020-09-06,Humboldt,023,135768,448,404,1,405,4
2020-09-06,Imperial,025,180216,11440,10152,7,10159,267
2020-09-06,Inyo,027,18085,184,169,4,173,2
2020-09-06,Kern,029,883053,30585,29699,267,29966,348
2020-09-06,Kings,031,150075,6956,6561,30,6591,72
2020-09-06,Lake,033,64148,402,362,0,362,2
2020-09-06,Lassen,035,31185,732,709,2,711,0
2020-09-06,Los Angeles,037,10098052,250998,248316,1449,249765,6004
2020-09-06,Madera,039,155013,4134,3867,28,3895,42
2020-09-06,Marin,041,260295,6393,6276,15,6291,67
2020-09-06,Mariposa,043,17540,74,72,0,72,2
2020-09-06,Mendocino,045,87422,711,672,0,672,16
2020-09-06,Merced,047,269075,8475,8327,14,8341,104
2020-09-06,Modoc,049,8938,23,20,0,20,0
2020-09-06,Mono,051,14174,164,145,3,148,1
2020-09-06,Monterey,053,433212,8793,8403,17,8420,56
2020-09-06,Napa,055,140530,1562,1501,6,1507,11
2020-09-06,Nevada,057,99092,485,467,14,481,6
2020-09-06,Orange,059,3164182,51780,48931,1295,50226,1042
2020-09-06,Placer,061,380077,3318,3169,12,3181,36
2020-09-06,Plumas,063,18699,44,42,0,42,0
2020-09-06,Riverside,065,2383286,55232,53970,83,54053,1069
2020-09-06,Sacramento,067,1510023,19906,19128,20,19148,340
2020-09-06,San Benito,069,59416,1227,1178,0,1178,4
2020-09-06,San Bernardino,071,2135413,50611,48923,325,49248,823
2020-09-06,San Diego,073,3302833,42427,40652,620,41272,707
2020-09-06,San Francisco,075,870044,10224,9813,21,9834,85
2020-09-06,San Joaquin,077,732212,19205,18558,40,18598,386
2020-09-06,San Luis Obispo,079,281455,3331,3101,16,3117,23
2020-09-06,San Mateo,081,765935,9162,8387,10,8397,125
2020-09-06,Santa Barbara,083,443738,8608,8434,70,8504,95
2020-09-06,Santa Clara,085,1922200,19894,18495,38,18533,207
2020-09-06,Santa Cruz,087,273765,2059,1902,17,1919,7
2020-09-06,Shasta,089,179085,660,550,3,553,10
2020-09-06,Sierra,091,2930,6,6,0,6,0
2020-09-06,Siskiyou,093,43540,146,132,9,141,0
2020-09-06,Solano,095,438530,5818,5619,37,5656,37
2020-09-06,Sonoma,097,501317,6572,6212,20,6232,85
2020-09-06,Stanislaus,099,539301,15779,15288,404,15692,236
2020-09-06,Sutter,101,95872,1515,1451,1,1452,11
2020-09-06,Tehama,103,63373,465,455,2,457,1
2020-09-06,Trinity,105,12862,50,13,7,20,0
2020-09-06,Tulare,107,460477,15270,14636,64,14700,249
2020-09-06,Tuolumne,109,53932,217,194,5,199,1
2020-09-06,Ventura,111,848112,12047,11315,114,11429,118
2020-09-06,Yolo,113,214977,2661,2556,6,2562,53
2020-09-06,Yuba,115,75493,966,913,3,916,1
2020-09-05,Alameda,001,1643700,19858,18973,134,19107,279
2020-09-05,Alpine,002,1148,2,2,0,2,0
2020-09-05,Amador,005,37829,277,274,0,274,16
2020-09-05,Butte,007,227075,2663,2406,47,2453,30
2020-09-05,Calaveras,009,45235,287,237,0,237,1
2020-09-05,Colusa,011,21464,489,472,0,472,6
2020-09-05,Contra Costa,013,1133247,15388,14456,63,14519,173
2020-09-05,Del Norte,015,27424,121,109,0,109,2
2020-09-05,El Dorado,017,186661,1060,1007,8,1015,2
2020-09-05,Fresno,019,978130,28857,26325,317,26642,331
2020-09-05,Glenn,021,27897,515,474,0,474,3
2020-09-05,Humboldt,023,135768,446,402,1,403,4
2020-09-05,Imperial,025,180216,11423,10151,7,10158,268
2020-09-05,Inyo,027,18085,184,169,4,173,2
2020-09-05,Kern,029,883053,30525,29645,263,29908,347
2020-09-05,Kings,031,150075,6947,6518,30,6548,66
2020-09-05,Lake,033,64148,399,359,0,359,2
2020-09-05,Lassen,035,31185,732,709,2,711,0
2020-09-05,Los Angeles,037,10098052,250463,247572,1437,249009,6001
2020-09-05,Madera,039,155013,4094,3851,28,3879,42
2020-09-05,Marin,041,260295,6385,6259,15,6274,66
2020-09-05,Mariposa,043,17540,74,72,0,72,2
2020-09-05,Mendocino,045,87422,710,658,0,658,16
2020-09-05,Merced,047,269075,8451,8297,12,8309,104
2020-09-05,Modoc,049,8938,23,19,0,19,0
2020-09-05,Mono,051,14174,164,145,3,148,1
2020-09-05,Monterey,053,433212,8763,8301,17,8318,56
2020-09-05,Napa,055,140530,1556,1484,6,1490,11
2020-09-05,Nevada,057,99092,482,461,14,475,6
2020-09-05,Orange,059,3164182,51679,48726,1290,50016,1039
2020-09-05,Placer,061,380077,3308,3141,12,3153,35
2020-09-05,Plumas,063,18699,44,42,0,42,0
2020-09-05,Riverside,065,2383286,55126,53780,83,53863,1066
2020-09-05,Sacramento,067,1510023,19816,18955,20,18975,339
2020-09-05,San Benito,069,59416,1225,1153,0,1153,4
2020-09-05,San Bernardino,071,2135413,50535,48800,324,49124,825
2020-09-05,San Diego,073,3302833,42234,40344,608,40952,717
2020-09-05,San Francisco,075,870044,10191,9812,20,9832,85
2020-09-05,San Joaquin,077,732212,19176,18557,40,18597,386
2020-09-05,San Luis Obispo,079,281455,3320,3083,16,3099,23
2020-09-05,San Mateo,081,765935,9117,8352,10,8362,124
2020-09-05,Santa Barbara,083,443738,8592,8404,70,8474,96
2020-09-05,Santa Clara,085,1922200,19813,18311,38,18349,207
2020-09-05,Santa Cruz,087,273765,2051,1904,17,1921,7
2020-09-05,Shasta,089,179085,659,544,3,547,10
2020-09-05,Sierra,091,2930,6,6,0,6,0
2020-09-05,Siskiyou,093,43540,145,131,9,140,0
2020-09-05,Solano,095,438530,5806,5579,37,5616,37
2020-09-05,Sonoma,097,501317,6539,6149,20,6169,85
2020-09-05,Stanislaus,099,539301,15731,15198,400,15598,236
2020-09-05,Sutter,101,95872,1508,1445,1,1446,11
2020-09-05,Tehama,103,63373,464,447,2,449,1
2020-09-05,Trinity,105,12862,50,13,7,20,0
2020-09-05,Tulare,107,460477,15212,14576,62,14638,249
2020-09-05,Tuolumne,109,53932,217,194,5,199,1
2020-09-05,Ventura,111,848112,12004,11254,114,11368,118
2020-09-05,Yolo,113,214977,2651,2534,6,2540,53
2020-09-05,Yuba,115,75493,960,902,3,905,1
2020-09-04,Alameda,001,1643700,19789,18843,133,18976,276
2020-09-04,Alpine,002,1148,2,2,0,2,0
2020-09-04,Amador,005,37829,276,274,0,274,16
2020-09-04,Butte,007,227075,2640,2325,47,2372,28
2020-09-04,Calaveras,009,45235,285,237,0,237,1
2020-09-04,Colusa,011,21464,487,467,0,467,6
2020-09-04,Contra Costa,013,1133247,15305,14355,62,14417,164
2020-09-04,Del Norte,015,27424,121,109,0,109,2
2020-09-04,El Dorado,017,186661,1056,992,8,1000,2
2020-09-04,Fresno,019,978130,28751,26147,316,26463,321
2020-09-04,Glenn,021,27897,507,463,0,463,3
2020-09-04,Humboldt,023,135768,441,390,1,391,4
2020-09-04,Imperial,025,180216,11414,10136,7,10143,267
2020-09-04,Inyo,027,18085,184,169,4,173,2
2020-09-04,Kern,029,883053,30457,29526,260,29786,345
2020-09-04,Kings,031,150075,6934,6259,30,6289,66
2020-09-04,Lake,033,64148,399,347,0,347,2
2020-09-04,Lassen,035,31185,732,708,2,710,0
2020-09-04,Los Angeles,037,10098052,249894,246396,1418,247814,5977
2020-09-04,Madera,039,155013,4081,3838,28,3866,42
2020-09-04,Marin,041,260295,6373,6251,15,6266,66
2020-09-04,Mariposa,043,17540,74,72,0,72,2
2020-09-04,Mendocino,045,87422,708,646,0,646,16
2020-09-04,Merced,047,269075,8432,8214,12,8226,104
2020-09-04,Modoc,049,8938,23,15,0,15,0
2020-09-04,Mono,051,14174,164,145,3,148,1
2020-09-04,Monterey,053,433212,8718,8208,17,8225,56
2020-09-04,Napa,055,140530,1547,1475,6,1481,11
2020-09-04,Nevada,057,99092,479,455,14,469,6
2020-09-04,Orange,059,3164182,51555,48488,1283,49771,1031
2020-09-04,Placer,061,380077,3296,3101,12,3113,35
2020-09-04,Plumas,063,18699,44,42,0,42,0
2020-09-04,Riverside,065,2383286,55013,53606,78,53684,1066
2020-09-04,Sacramento,067,1510023,19728,18765,20,18785,337
2020-09-04,San Benito,069,59416,1216,1137,0,1137,4
2020-09-04,San Bernardino,071,2135413,50442,48497,322,48819,800
2020-09-04,San Diego,073,3302833,42004,39901,599,40500,701
2020-09-04,San Francisco,075,870044,10151,9694,19,9713,85
2020-09-04,San Joaquin,077,732212,19122,18438,40,18478,376
2020-09-04,San Luis Obispo,079,281455,3305,3049,15,3064,21
2020-09-04,San Mateo,081,765935,9073,8275,10,8285,122
2020-09-04,Santa Barbara,083,443738,8562,8340,70,8410,96
2020-09-04,Santa Clara,085,1922200,19703,18074,38,18112,209
2020-09-04,Santa Cruz,087,273765,2034,1896,16,1912,7
2020-09-04,Shasta,089,179085,656,536,3,539,10
2020-09-04,Sierra,091,2930,6,6,0,6,0
2020-09-04,Siskiyou,093,43540,145,129,9,138,0
2020-09-04,Solano,095,438530,5793,5552,37,5589,37
2020-09-04,Sonoma,097,501317,6484,6050,20,6070,85
2020-09-04,Stanislaus,099,539301,15698,15074,391,15465,233
2020-09-04,Sutter,101,95872,1492,1425,1,1426,11
2020-09-04,Tehama,103,63373,460,442,2,444,1
2020-09-04,Trinity,105,12862,50,13,7,20,0
2020-09-04,Tulare,107,460477,15184,14501,59,14560,247
2020-09-04,Tuolumne,109,53932,217,193,5,198,1
2020-09-04,Ventura,111,848112,11962,11171,114,11285,114
2020-09-04,Yolo,113,214977,2637,2495,6,2501,53
2020-09-04,Yuba,115,75493,955,884,3,887,1
2020-09-03,Alameda,001,1643700,19686,18687,133,18820,275
2020-09-03,Alpine,002,1148,2,2,0,2,0
2020-09-03,Amador,005,37829,276,274,0,274,16
2020-09-03,Butte,007,227075,2596,2274,47,2321,27
2020-09-03,Calaveras,009,45235,284,238,0,238,1
2020-09-03,Colusa,011,21464,485,464,0,464,6
2020-09-03,Contra Costa,013,1133247,15197,14206,59,14265,159
2020-09-03,Del Norte,015,27424,118,109,0,109,2
2020-09-03,El Dorado,017,186661,1052,983,8,991,2
2020-09-03,Fresno,019,978130,28632,25978,311,26289,313
2020-09-03,Glenn,021,27897,503,460,0,460,3
2020-09-03,Humboldt,023,135768,436,390,1,391,4
2020-09-03,Imperial,025,180216,11393,10083,7,10090,255
2020-09-03,Inyo,027,18085,182,171,4,175,3
2020-09-03,Kern,029,883053,30365,29426,246,29672,340
2020-09-03,Kings,031,150075,6854,6200,30,6230,64
2020-09-03,Lake,033,64148,390,347,0,347,2
2020-09-03,Lassen,035,31185,732,707,2,709,0
2020-09-03,Los Angeles,037,10098052,249031,245026,1398,246424,5931
2020-09-03,Madera,039,155013,4062,3780,28,3808,43
2020-09-03,Marin,041,260295,6354,6175,15,6190,66
2020-09-03,Mariposa,043,17540,74,71,0,71,2
2020-09-03,Mendocino,045,87422,699,638,0,638,16
2020-09-03,Merced,047,269075,8390,8136,12,8148,105
2020-09-03,Modoc,049,8938,23,14,0,14,0
2020-09-03,Mono,051,14174,163,144,3,147,1
2020-09-03,Monterey,053,433212,8664,8128,17,8145,56
2020-09-03,Napa,055,140530,1540,1466,6,1472,10
2020-09-03,Nevada,057,99092,476,453,14,467,6
2020-09-03,Orange,059,3164182,51368,48226,1269,49495,1009
2020-09-03,Placer,061,380077,3278,3069,12,3081,34
2020-09-03,Plumas,063,18699,44,39,0,39,0
2020-09-03,Riverside,065,2383286,54833,53341,74,53415,1052
2020-09-03,Sacramento,067,1510023,19600,18553,19,18572,328
2020-09-03,San Benito,069,59416,1205,1121,0,1121,4
2020-09-03,San Bernardino,071,2135413,50276,48165,321,48486,800
2020-09-03,San Diego,073,3302833,41690,39448,583,40031,700
2020-09-03,San Francisco,075,870044,10086,9636,17,9653,84
2020-09-03,San Joaquin,077,732212,19044,18331,40,18371,371
2020-09-03,San Luis Obispo,079,281455,3288,3023,15,3038,21
2020-09-03,San Mateo,081,765935,8999,8211,10,8221,122
2020-09-03,Santa Barbara,083,443738,8515,8277,70,8347,96
2020-09-03,Santa Clara,085,1922200,19522,17879,38,17917,208
2020-09-03,Santa Cruz,087,273765,2019,1870,16,1886,7
2020-09-03,Shasta,089,179085,651,535,3,538,10
2020-09-03,Sierra,091,2930,6,6,0,6,0
2020-09-03,Siskiyou,093,43540,145,128,9,137,0
2020-09-03,Solano,095,438530,5773,5499,36,5535,36
2020-09-03,Sonoma,097,501317,6417,5997,20,6017,62
2020-09-03,Stanislaus,099,539301,15646,14985,387,15372,217
2020-09-03,Sutter,101,95872,1482,1412,1,1413,11
2020-09-03,Tehama,103,63373,456,436,2,438,1
2020-09-03,Trinity,105,12862,48,13,7,20,0
2020-09-03,Tulare,107,460477,15118,14408,58,14466,244
2020-09-03,Tuolumne,109,53932,217,193,5,198,1
2020-09-03,Ventura,111,848112,11844,11109,111,11220,112
2020-09-03,Yolo,113,214977,2621,2475,6,2481,53
2020-09-03,Yuba,115,75493,948,867,3,870,1
2020-09-02,Alameda,001,1643700,19568,18522,130,18652,260
2020-09-02,Alpine,002,1148,2,2,0,2,0
2020-09-02,Amador,005,37829,276,245,0,245,14
2020-09-02,Butte,007,227075,2550,2241,47,2288,27
2020-09-02,Calaveras,009,45235,283,235,0,235,1
2020-09-02,Colusa,011,21464,481,460,0,460,6
2020-09-02,Contra Costa,013,1133247,15108,14097,57,14154,159
2020-09-02,Del Norte,015,27424,117,109,0,109,2
2020-09-02,El Dorado,017,186661,1048,975,7,982,2
2020-09-02,Fresno,019,978130,28485,25785,308,26093,292
2020-09-02,Glenn,021,27897,498,457,0,457,3
2020-09-02,Humboldt,023,135768,433,381,1,382,4
2020-09-02,Imperial,025,180216,11377,9832,7,9839,255
2020-09-02,Inyo,027,18085,182,171,4,175,3
2020-09-02,Kern,029,883053,30273,29288,240,29528,335
2020-09-02,Kings,031,150075,6769,6142,30,6172,64
2020-09-02,Lake,033,64148,386,342,0,342,2
2020-09-02,Lassen,035,31185,730,706,2,708,0
2020-09-02,Los Angeles,037,10098052,248100,243999,1370,245369,5887
2020-09-02,Madera,039,155013,4042,3735,28,3763,41
2020-09-02,Marin,041,260295,6339,6131,15,6146,66
2020-09-02,Mariposa,043,17540,74,71,0,71,2
2020-09-02,Mendocino,045,87422,689,636,0,636,15
2020-09-02,Merced,047,269075,8363,8097,11,8108,103
2020-09-02,Modoc,049,8938,22,11,0,11,0
2020-09-02,Mono,051,14174,163,145,3,148,1
2020-09-02,Monterey,053,433212,8600,8070,17,8087,56
2020-09-02,Napa,055,140530,1528,1454,6,1460,10
2020-09-02,Nevada,057,99092,470,452,13,465,6
2020-09-02,Orange,059,3164182,51187,47871,1259,49130,994
2020-09-02,Placer,061,380077,3253,3047,11,3058,33
2020-09-02,Plumas,063,18699,44,39,0,39,0
2020-09-02,Riverside,065,2383286,54631,52923,71,52994,1032
2020-09-02,Sacramento,067,1510023,19365,18355,18,18373,316
2020-09-02,San Benito,069,59416,1192,1107,0,1107,4
2020-09-02,San Bernardino,071,2135413,50113,47766,318,48084,794
2020-09-02,San Diego,073,3302833,41370,39123,569,39692,695
2020-09-02,San Francisco,075,870044,10017,9587,17,9604,84
2020-09-02,San Joaquin,077,732212,18963,18194,39,18233,352
2020-09-02,San Luis Obispo,079,281455,3262,3002,14,3016,21
2020-09-02,San Mateo,081,765935,8942,8148,10,8158,122
2020-09-02,Santa Barbara,083,443738,8460,8206,69,8275,94
2020-09-02,Santa Clara,085,1922200,19366,17673,38,17711,206
2020-09-02,Santa Cruz,087,273765,1996,1850,16,1866,7
2020-09-02,Shasta,089,179085,650,531,3,534,10
2020-09-02,Sierra,091,2930,6,6,0,6,0
2020-09-02,Siskiyou,093,43540,144,127,9,136,0
2020-09-02,Solano,095,438530,5745,5463,36,5499,36
2020-09-02,Sonoma,097,501317,6356,5846,20,5866,62
2020-09-02,Stanislaus,099,539301,15576,14854,380,15234,220
2020-09-02,Sutter,101,95872,1467,1401,1,1402,10
2020-09-02,Tehama,103,63373,453,429,2,431,1
2020-09-02,Trinity,105,12862,48,13,7,20,0
2020-09-02,Tulare,107,460477,15052,14298,58,14356,244
2020-09-02,Tuolumne,109,53932,217,190,5,195,1
2020-09-02,Ventura,111,848112,11757,11031,110,11141,111
2020-09-02,Yolo,113,214977,2599,2449,6,2455,54
2020-09-02,Yuba,115,75493,941,856,3,859,1
2020-09-01,Alameda,001,1643700,19430,18382,127,18509,248
2020-09-01,Alpine,002,1148,2,2,0,2,0
2020-09-01,Amador,005,37829,275,244,0,244,13
2020-09-01,Butte,007,227075,2493,2146,47,2193,26
2020-09-01,Calaveras,009,45235,275,228,0,228,1
2020-09-01,Colusa,011,21464,476,454,0,454,6
2020-09-01,Contra Costa,013,1133247,15015,13998,55,14053,158
2020-09-01,Del Norte,015,27424,116,108,0,108,2
2020-09-01,El Dorado,017,186661,1040,972,7,979,2
2020-09-01,Fresno,019,978130,28341,25542,306,25848,290
2020-09-01,Glenn,021,27897,491,449,0,449,3
2020-09-01,Humboldt,023,135768,427,378,1,379,4
2020-09-01,Imperial,025,180216,11351,9782,7,9789,250
2020-09-01,Inyo,027,18085,182,171,4,175,3
2020-09-01,Kern,029,883053,30182,29162,235,29397,332
2020-09-01,Kings,031,150075,6738,6088,30,6118,62
2020-09-01,Lake,033,64148,383,341,0,341,2
2020-09-01,Lassen,035,31185,727,706,2,708,0
2020-09-01,Los Angeles,037,10098052,247010,242633,1347,243980,5832
2020-09-01,Madera,039,155013,4013,3703,27,3730,41
2020-09-01,Marin,041,260295,6324,6102,15,6117,67
2020-09-01,Mariposa,043,17540,73,72,0,72,2
2020-09-01,Mendocino,045,87422,674,626,0,626,15
2020-09-01,Merced,047,269075,8310,8046,10,8056,103
2020-09-01,Modoc,049,8938,20,10,0,10,0
2020-09-01,Mono,051,14174,163,145,3,148,1
2020-09-01,Monterey,053,433212,8494,7926,17,7943,56
2020-09-01,Napa,055,140530,1513,1446,6,1452,10
2020-09-01,Nevada,057,99092,464,450,13,463,6
2020-09-01,Orange,059,3164182,51023,47671,1240,48911,976
2020-09-01,Placer,061,380077,3231,3013,11,3024,33
2020-09-01,Plumas,063,18699,44,39,0,39,0
2020-09-01,Riverside,065,2383286,54414,52785,70,52855,1027
2020-09-01,Sacramento,067,1510023,19181,18217,17,18234,305
2020-09-01,San Benito,069,59416,1180,1089,0,1089,4
2020-09-01,San Bernardino,071,2135413,49906,47371,317,47688,786
2020-09-01,San Diego,073,3302833,41012,38873,531,39404,688
2020-09-01,San Francisco,075,870044,9948,9492,17,9509,83
2020-09-01,San Joaquin,077,732212,18882,17915,38,17953,341
2020-09-01,San Luis Obispo,079,281455,3236,2970,14,2984,21
2020-09-01,San Mateo,081,765935,8862,8132,10,8142,122
2020-09-01,Santa Barbara,083,443738,8410,8142,68,8210,93
2020-09-01,Santa Clara,085,1922200,19187,17319,38,17357,204
2020-09-01,Santa Cruz,087,273765,1972,1752,16,1768,7
2020-09-01,Shasta,089,179085,642,527,3,530,9
2020-09-01,Sierra,091,2930,6,6,0,6,0
2020-09-01,Siskiyou,093,43540,141,128,8,136,0
2020-09-01,Solano,095,438530,5719,5438,36,5474,34
2020-09-01,Sonoma,097,501317,6267,5733,20,5753,60
2020-09-01,Stanislaus,099,539301,15500,14784,370,15154,212
2020-09-01,Sutter,101,95872,1456,1389,1,1390,10
2020-09-01,Tehama,103,63373,450,422,2,424,1
2020-09-01,Trinity,105,12862,47,13,6,19,0
2020-09-01,Tulare,107,460477,14968,14156,58,14214,241
2020-09-01,Tuolumne,109,53932,211,183,5,188,1
2020-09-01,Ventura,111,848112,11679,10899,105,11004,108
2020-09-01,Yolo,113,214977,2583,2440,6,2446,51
2020-09-01,Yuba,115,75493,932,841,3,844,1
2020-08-31,Alameda,001,1643700,19283,18148,127,18275,248
2020-08-31,Alpine,002,1148,2,2,0,2,0
2020-08-31,Amador,005,37829,275,243,0,243,13
2020-08-31,Butte,007,227075,2429,2069,47,2116,26
2020-08-31,Calaveras,009,45235,270,212,0,212,1
2020-08-31,Colusa,011,21464,475,443,0,443,6
2020-08-31,Contra Costa,013,1133247,14889,13902,52,13954,153
2020-08-31,Del Norte,015,27424,116,108,0,108,2
2020-08-31,El Dorado,017,186661,1033,965,7,972,2
2020-08-31,Fresno,019,978130,28121,25185,300,25485,290
2020-08-31,Glenn,021,27897,479,437,0,437,3
2020-08-31,Humboldt,023,135768,425,374,1,375,4
2020-08-31,Imperial,025,180216,11320,9759,7,9766,250
2020-08-31,Inyo,027,18085,181,160,4,164,3
2020-08-31,Kern,029,883053,30084,29067,234,29301,318
2020-08-31,Kings,031,150075,6471,6037,30,6067,62
2020-08-31,Lake,033,64148,367,341,0,341,2
2020-08-31,Lassen,035,31185,724,706,2,708,0
2020-08-31,Los Angeles,037,10098052,245903,241793,1319,243112,5787
2020-08-31,Madera,039,155013,3990,3662,26,3688,35
2020-08-31,Marin,041,260295,6288,6074,15,6089,67
2020-08-31,Mariposa,043,17540,73,69,0,69,2
2020-08-31,Mendocino,045,87422,662,618,0,618,15
2020-08-31,Merced,047,269075,8262,7991,10,8001,79
2020-08-31,Modoc,049,8938,18,10,0,10,0
2020-08-31,Mono,051,14174,163,145,3,148,1
2020-08-31,Monterey,053,433212,8387,7839,17,7856,56
2020-08-31,Napa,055,140530,1505,1434,6,1440,10
2020-08-31,Nevada,057,99092,462,447,13,460,6
2020-08-31,Orange,059,3164182,50824,47392,1212,48604,965
2020-08-31,Placer,061,380077,3182,2989,11,3000,33
2020-08-31,Plumas,063,18699,43,39,0,39,0
2020-08-31,Riverside,065,2383286,54192,52508,68,52576,1020
2020-08-31,Sacramento,067,1510023,18940,17999,17,18016,303
2020-08-31,San Benito,069,59416,1164,1080,0,1080,4
2020-08-31,San Bernardino,071,2135413,49694,47370,316,47686,755
2020-08-31,San Diego,073,3302833,40645,38606,498,39104,682
2020-08-31,San Francisco,075,870044,9869,9293,14,9307,83
2020-08-31,San Joaquin,077,732212,18795,17807,37,17844,338
2020-08-31,San Luis Obispo,079,281455,3213,2951,13,2964,21
2020-08-31,San Mateo,081,765935,8792,8065,10,8075,122
2020-08-31,Santa Barbara,083,443738,8365,8124,68,8192,94
2020-08-31,Santa Clara,085,1922200,18999,17211,38,17249,202
2020-08-31,Santa Cruz,087,273765,1947,1742,16,1758,7
2020-08-31,Shasta,089,179085,637,528,3,531,9
2020-08-31,Sierra,091,2930,6,6,0,6,0
2020-08-31,Siskiyou,093,43540,140,127,8,135,0
2020-08-31,Solano,095,438530,5687,5302,35,5337,34
2020-08-31,Sonoma,097,501317,6180,5650,20,5670,60
2020-08-31,Stanislaus,099,539301,15426,14685,361,15046,213
2020-08-31,Sutter,101,95872,1441,1365,1,1366,10
2020-08-31,Tehama,103,63373,447,421,2,423,1
2020-08-31,Trinity,105,12862,47,13,6,19,0
2020-08-31,Tulare,107,460477,14881,13985,56,14041,237
2020-08-31,Tuolumne,109,53932,211,178,5,183,1
2020-08-31,Ventura,111,848112,11591,10866,104,10970,108
2020-08-31,Yolo,113,214977,2565,2423,5,2428,51
2020-08-31,Yuba,115,75493,918,830,3,833,1
2020-08-30,Alameda,001,1643700,19158,18099,125,18224,248
2020-08-30,Alpine,002,1148,2,2,0,2,0
2020-08-30,Amador,005,37829,274,240,0,240,13
2020-08-30,Butte,007,227075,2349,1988,47,2035,26
2020-08-30,Calaveras,009,45235,261,211,0,211,1
2020-08-30,Colusa,011,21464,474,440,0,440,6
2020-08-30,Contra Costa,013,1133247,14751,13780,52,13832,150
2020-08-30,Del Norte,015,27424,115,108,0,108,2
2020-08-30,El Dorado,017,186661,1023,962,7,969,2
2020-08-30,Fresno,019,978130,27995,24963,299,25262,291
2020-08-30,Glenn,021,27897,472,437,0,437,3
2020-08-30,Humboldt,023,135768,414,362,1,363,4
2020-08-30,Imperial,025,180216,11301,9703,7,9710,250
2020-08-30,Inyo,027,18085,181,160,4,164,3
2020-08-30,Kern,029,883053,29991,28987,234,29221,317
2020-08-30,Kings,031,150075,6425,6000,30,6030,62
2020-08-30,Lake,033,64148,362,334,0,334,2
2020-08-30,Lassen,035,31185,722,706,2,708,0
2020-08-30,Los Angeles,037,10098052,244765,240775,1287,242062,5772
2020-08-30,Madera,039,155013,3962,3626,26,3652,33
2020-08-30,Marin,041,260295,6258,6060,15,6075,66
2020-08-30,Mariposa,043,17540,73,69,0,69,2
2020-08-30,Mendocino,045,87422,656,611,0,611,13
2020-08-30,Merced,047,269075,8192,7960,10,7970,79
2020-08-30,Modoc,049,8938,13,10,0,10,0
2020-08-30,Mono,051,14174,163,145,3,148,1
2020-08-30,Monterey,053,433212,8303,7816,17,7833,54
2020-08-30,Napa,055,140530,1493,1423,6,1429,10
2020-08-30,Nevada,057,99092,459,445,13,458,6
2020-08-30,Orange,059,3164182,50627,47283,1198,48481,965
2020-08-30,Placer,061,380077,3149,2961,11,2972,32
2020-08-30,Plumas,063,18699,42,39,0,39,0
2020-08-30,Riverside,065,2383286,54013,52227,67,52294,1017
2020-08-30,Sacramento,067,1510023,18763,17751,17,17768,300
2020-08-30,San Benito,069,59416,1154,1071,0,1071,4
2020-08-30,San Bernardino,071,2135413,49437,47201,316,47517,755
2020-08-30,San Diego,073,3302833,40247,38302,477,38779,682
2020-08-30,San Francisco,075,870044,9772,9294,11,9305,83
2020-08-30,San Joaquin,077,732212,18678,17637,36,17673,338
2020-08-30,San Luis Obispo,079,281455,3188,2934,13,2947,21
2020-08-30,San Mateo,081,765935,8715,8013,10,8023,122
2020-08-30,Santa Barbara,083,443738,8306,8088,68,8156,93
2020-08-30,Santa Clara,085,1922200,18825,17045,38,17083,202
2020-08-30,Santa Cruz,087,273765,1921,1743,16,1759,7
2020-08-30,Shasta,089,179085,634,525,3,528,9
2020-08-30,Sierra,091,2930,6,6,0,6,0
2020-08-30,Siskiyou,093,43540,138,125,8,133,0
2020-08-30,Solano,095,438530,5644,5303,35,5338,34
2020-08-30,Sonoma,097,501317,6120,5590,20,5610,60
2020-08-30,Stanislaus,099,539301,15354,14580,352,14932,209
2020-08-30,Sutter,101,95872,1420,1351,1,1352,10
2020-08-30,Tehama,103,63373,437,419,2,421,1
2020-08-30,Trinity,105,12862,47,13,6,19,0
2020-08-30,Tulare,107,460477,14786,13985,55,14040,236
2020-08-30,Tuolumne,109,53932,207,178,5,183,1
2020-08-30,Ventura,111,848112,11478,10775,99,10874,108
2020-08-30,Yolo,113,214977,2537,2391,4,2395,51
2020-08-30,Yuba,115,75493,904,832,3,835,1
2020-08-29,Alameda,001,1643700,19091,17888,125,18013,250
2020-08-29,Alpine,002,1148,2,2,0,2,0
2020-08-29,Amador,005,37829,274,239,0,239,13
2020-08-29,Butte,007,227075,2318,1948,47,1995,26
2020-08-29,Calaveras,009,45235,257,211,0,211,1
2020-08-29,Colusa,011,21464,471,440,0,440,6
2020-08-29,Contra Costa,013,1133247,14678,13663,51,13714,159
2020-08-29,Del Norte,015,27424,115,108,0,108,1
2020-08-29,El Dorado,017,186661,1020,958,7,965,2
2020-08-29,Fresno,019,978130,27940,24821,299,25120,291
2020-08-29,Glenn,021,27897,466,437,0,437,3
2020-08-29,Humboldt,023,135768,411,363,1,364,4
2020-08-29,Imperial,025,180216,11286,9698,7,9705,250
2020-08-29,Inyo,027,18085,181,160,4,164,3
2020-08-29,Kern,029,883053,29951,28947,233,29180,317
2020-08-29,Kings,031,150075,6410,5906,30,5936,62
2020-08-29,Lake,033,64148,361,329,0,329,2
2020-08-29,Lassen,035,31185,722,706,2,708,0
2020-08-29,Los Angeles,037,10098052,244136,239815,1274,241089,5762
2020-08-29,Madera,039,155013,3953,3605,25,3630,33
2020-08-29,Marin,041,260295,6246,6007,15,6022,64
2020-08-29,Mariposa,043,17540,73,69,0,69,2
2020-08-29,Mendocino,045,87422,652,596,0,596,13
2020-08-29,Merced,047,269075,8163,7867,10,7877,79
2020-08-29,Modoc,049,8938,13,9,0,9,0
2020-08-29,Mono,051,14174,163,145,3,148,1
2020-08-29,Monterey,053,433212,8258,7680,17,7697,53
2020-08-29,Napa,055,140530,1490,1413,6,1419,10
2020-08-29,Nevada,057,99092,459,442,13,455,5
2020-08-29,Orange,059,3164182,50516,47007,1188,48195,960
2020-08-29,Placer,061,380077,3132,2935,11,2946,32
2020-08-29,Plumas,063,18699,41,39,0,39,0
2020-08-29,Riverside,065,2383286,53901,51918,65,51983,1016
2020-08-29,Sacramento,067,1510023,18692,17588,17,17605,291
2020-08-29,San Benito,069,59416,1145,1045,0,1045,4
2020-08-29,San Bernardino,071,2135413,49322,46849,316,47165,755
2020-08-29,San Diego,073,3302833,39981,38049,459,38508,694
2020-08-29,San Francisco,075,870044,9744,9291,10,9301,83
2020-08-29,San Joaquin,077,732212,18634,17493,36,17529,335
2020-08-29,San Luis Obispo,079,281455,3163,2917,13,2930,21
2020-08-29,San Mateo,081,765935,8673,7928,10,7938,122
2020-08-29,Santa Barbara,083,443738,8279,8052,67,8119,93
2020-08-29,Santa Clara,085,1922200,18725,16898,37,16935,202
2020-08-29,Santa Cruz,087,273765,1909,1746,16,1762,7
2020-08-29,Shasta,089,179085,626,522,3,525,9
2020-08-29,Sierra,091,2930,6,6,0,6,0
2020-08-29,Siskiyou,093,43540,138,121,8,129,0
2020-08-29,Solano,095,438530,5623,5303,35,5338,34
2020-08-29,Sonoma,097,501317,6085,5537,20,5557,60
2020-08-29,Stanislaus,099,539301,15305,14479,342,14821,208
2020-08-29,Sutter,101,95872,1415,1333,1,1334,9
2020-08-29,Tehama,103,63373,436,417,2,419,1
2020-08-29,Trinity,105,12862,46,11,6,17,0
2020-08-29,Tulare,107,460477,14748,13890,54,13944,236
2020-08-29,Tuolumne,109,53932,207,178,5,183,1
2020-08-29,Ventura,111,848112,11436,10705,99,10804,108
2020-08-29,Yolo,113,214977,2519,2357,4,2361,51
2020-08-29,Yuba,115,75493,895,822,3,825,1
2020-08-28,Alameda,001,1643700,19008,17729,124,17853,237
2020-08-28,Alpine,002,1148,2,2,0,2,0
2020-08-28,Amador,005,37829,274,234,0,234,13
2020-08-28,Butte,007,227075,2288,1886,47,1933,25
2020-08-28,Calaveras,009,45235,255,207,0,207,1
2020-08-28,Colusa,011,21464,470,441,0,441,6
2020-08-28,Contra Costa,013,1133247,14607,13522,50,13572,158
2020-08-28,Del Norte,015,27424,115,107,0,107,1
2020-08-28,El Dorado,017,186661,1014,949,7,956,2
2020-08-28,Fresno,019,978130,27805,24612,299,24911,282
2020-08-28,Glenn,021,27897,459,429,0,429,3
2020-08-28,Humboldt,023,135768,407,362,1,363,4
2020-08-28,Imperial,025,180216,11272,9656,7,9663,241
2020-08-28,Inyo,027,18085,180,160,4,164,2
2020-08-28,Kern,029,883053,29903,28744,233,28977,306
2020-08-28,Kings,031,150075,6403,5829,29,5858,62
2020-08-28,Lake,033,64148,356,320,0,320,2
2020-08-28,Lassen,035,31185,722,704,2,706,0
2020-08-28,Los Angeles,037,10098052,243323,238544,1249,239793,5740
2020-08-28,Madera,039,155013,3934,3552,25,3577,33
2020-08-28,Marin,041,260295,6224,5991,15,6006,63
2020-08-28,Mariposa,043,17540,73,67,0,67,2
2020-08-28,Mendocino,045,87422,647,588,0,588,11
2020-08-28,Merced,047,269075,8132,7803,10,7813,77
2020-08-28,Modoc,049,8938,13,6,0,6,0
2020-08-28,Mono,051,14174,163,145,3,148,1
2020-08-28,Monterey,053,433212,8201,7591,17,7608,53
2020-08-28,Napa,055,140530,1482,1403,5,1408,10
2020-08-28,Nevada,057,99092,458,438,13,451,5
2020-08-28,Orange,059,3164182,50416,46696,1173,47869,942
2020-08-28,Placer,061,380077,3122,2891,11,2902,32
2020-08-28,Plumas,063,18699,41,39,0,39,0
2020-08-28,Riverside,065,2383286,53770,51510,61,51571,1008
2020-08-28,Sacramento,067,1510023,18594,17119,17,17136,283
2020-08-28,San Benito,069,59416,1129,1016,0,1016,3
2020-08-28,San Bernardino,071,2135413,49203,46553,312,46865,754
2020-08-28,San Diego,073,3302833,39751,37786,444,38230,676
2020-08-28,San Francisco,075,870044,9692,9135,10,9145,83
2020-08-28,San Joaquin,077,732212,18581,17114,35,17149,314
2020-08-28,San Luis Obispo,079,281455,3146,2849,13,2862,20
2020-08-28,San Mateo,081,765935,8627,7783,9,7792,121
2020-08-28,Santa Barbara,083,443738,8247,8001,67,8068,92
2020-08-28,Santa Clara,085,1922200,18598,16696,37,16733,201
2020-08-28,Santa Cruz,087,273765,1897,1747,16,1763,7
2020-08-28,Shasta,089,179085,622,516,3,519,9
2020-08-28,Sierra,091,2930,6,6,0,6,0
2020-08-28,Siskiyou,093,43540,136,119,8,127,0
2020-08-28,Solano,095,438530,5604,5219,35,5254,34
2020-08-28,Sonoma,097,501317,6053,5425,19,5444,58
2020-08-28,Stanislaus,099,539301,15262,14176,338,14514,190
2020-08-28,Sutter,101,95872,1405,1308,1,1309,9
2020-08-28,Tehama,103,63373,431,410,2,412,1
2020-08-28,Trinity,105,12862,46,11,6,17,0
2020-08-28,Tulare,107,460477,14703,13776,54,13830,236
2020-08-28,Tuolumne,109,53932,207,176,5,181,1
2020-08-28,Ventura,111,848112,11400,10606,97,10703,103
2020-08-28,Yolo,113,214977,2510,2323,4,2327,51
2020-08-28,Yuba,115,75493,886,810,3,813,1
2020-08-27,Alameda,001,1643700,18863,17584,121,17705,234
2020-08-27,Alpine,002,1148,2,2,0,2,0
2020-08-27,Amador,005,37829,273,233,0,233,13
2020-08-27,Butte,007,227075,2222,1803,46,1849,25
2020-08-27,Calaveras,009,45235,250,204,0,204,1
2020-08-27,Colusa,011,21464,468,438,0,438,6
2020-08-27,Contra Costa,013,1133247,14507,13379,49,13428,158
2020-08-27,Del Norte,015,27424,115,107,0,107,1
2020-08-27,El Dorado,017,186661,1010,942,7,949,2
2020-08-27,Fresno,019,978130,27625,24367,294,24661,272
2020-08-27,Glenn,021,27897,451,429,0,429,3
2020-08-27,Humboldt,023,135768,399,358,1,359,4
2020-08-27,Imperial,025,180216,11245,9608,7,9615,235
2020-08-27,Inyo,027,18085,180,157,3,160,2
2020-08-27,Kern,029,883053,29832,28635,224,28859,294
2020-08-27,Kings,031,150075,6381,5759,29,5788,62
2020-08-27,Lake,033,64148,354,314,0,314,2
2020-08-27,Lassen,035,31185,722,703,2,705,0
2020-08-27,Los Angeles,037,10098052,242322,237103,1234,238337,5704
2020-08-27,Madera,039,155013,3908,3465,25,3490,33
2020-08-27,Marin,041,260295,6200,5929,15,5944,62
2020-08-27,Mariposa,043,17540,73,67,0,67,2
2020-08-27,Mendocino,045,87422,638,581,0,581,10
2020-08-27,Merced,047,269075,8083,7765,10,7775,75
2020-08-27,Modoc,049,8938,11,5,0,5,0
2020-08-27,Mono,051,14174,163,145,3,148,1
2020-08-27,Monterey,053,433212,8107,7501,17,7518,52
2020-08-27,Napa,055,140530,1476,1397,5,1402,10
2020-08-27,Nevada,057,99092,455,435,13,448,5
2020-08-27,Orange,059,3164182,50259,46449,1162,47611,935
2020-08-27,Placer,061,380077,3091,2869,11,2880,32
2020-08-27,Plumas,063,18699,40,39,0,39,0
2020-08-27,Riverside,065,2383286,53560,51306,58,51364,999
2020-08-27,Sacramento,067,1510023,18396,16875,17,16892,281
2020-08-27,San Benito,069,59416,1113,987,0,987,3
2020-08-27,San Bernardino,071,2135413,48980,46345,306,46651,751
2020-08-27,San Diego,073,3302833,39480,37501,424,37925,673
2020-08-27,San Francisco,075,870044,9626,9014,10,9024,83
2020-08-27,San Joaquin,077,732212,18501,16989,35,17024,314
2020-08-27,San Luis Obispo,079,281455,3121,2808,13,2821,20
2020-08-27,San Mateo,081,765935,8518,7728,9,7737,121
2020-08-27,Santa Barbara,083,443738,8209,7934,67,8001,92
2020-08-27,Santa Clara,085,1922200,18412,16495,37,16532,199
2020-08-27,Santa Cruz,087,273765,1880,1734,16,1750,7
2020-08-27,Shasta,089,179085,616,512,3,515,9
2020-08-27,Sierra,091,2930,6,6,0,6,0
2020-08-27,Siskiyou,093,43540,136,118,8,126,0
2020-08-27,Solano,095,438530,5566,5167,35,5202,34
2020-08-27,Sonoma,097,501317,5955,5357,19,5376,58
2020-08-27,Stanislaus,099,539301,15181,14080,335,14415,186
2020-08-27,Sutter,101,95872,1385,1296,1,1297,9
2020-08-27,Tehama,103,63373,427,398,2,400,1
2020-08-27,Trinity,105,12862,46,11,6,17,0
2020-08-27,Tulare,107,460477,14612,13666,54,13720,231
2020-08-27,Tuolumne,109,53932,202,174,5,179,1
2020-08-27,Ventura,111,848112,11337,10483,93,10576,102
2020-08-27,Yolo,113,214977,2486,2293,4,2297,51
2020-08-27,Yuba,115,75493,875,807,3,810,1
2020-08-26,Alameda,001,1643700,18700,17373,121,17494,233
2020-08-26,Alpine,002,1148,2,2,0,2,0
2020-08-26,Amador,005,37829,273,229,0,229,13
2020-08-26,Butte,007,227075,2153,1765,44,1809,25
2020-08-26,Calaveras,009,45235,242,201,0,201,1
2020-08-26,Colusa,011,21464,462,433,0,433,5
2020-08-26,Contra Costa,013,1133247,14370,13248,49,13297,157
2020-08-26,Del Norte,015,27424,114,86,0,86,1
2020-08-26,El Dorado,017,186661,1008,938,7,945,2
2020-08-26,Fresno,019,978130,27478,24071,292,24363,255
2020-08-26,Glenn,021,27897,449,429,0,429,3
2020-08-26,Humboldt,023,135768,387,357,1,358,4
2020-08-26,Imperial,025,180216,11223,9453,7,9460,227
2020-08-26,Inyo,027,18085,177,157,3,160,2
2020-08-26,Kern,029,883053,29693,28507,221,28728,286
2020-08-26,Kings,031,150075,6360,5720,29,5749,62
2020-08-26,Lake,033,64148,349,308,0,308,2
2020-08-26,Lassen,035,31185,722,702,2,704,0
2020-08-26,Los Angeles,037,10098052,241312,235499,1204,236703,5665
2020-08-26,Madera,039,155013,3879,3458,25,3483,32
2020-08-26,Marin,041,260295,6183,5887,15,5902,56
2020-08-26,Mariposa,043,17540,73,68,0,68,2
2020-08-26,Mendocino,045,87422,627,581,0,581,10
2020-08-26,Merced,047,269075,8046,7720,10,7730,74
2020-08-26,Modoc,049,8938,8,5,0,5,0
2020-08-26,Mono,051,14174,163,141,3,144,1
2020-08-26,Monterey,053,433212,8014,7439,17,7456,51
2020-08-26,Napa,055,140530,1463,1382,5,1387,10
2020-08-26,Nevada,057,99092,452,432,13,445,2
2020-08-26,Orange,059,3164182,50075,46157,1146,47303,905
2020-08-26,Placer,061,380077,3068,2846,9,2855,32
2020-08-26,Plumas,063,18699,39,39,0,39,0
2020-08-26,Riverside,065,2383286,53319,51138,58,51196,987
2020-08-26,Sacramento,067,1510023,18233,16708,17,16725,271
2020-08-26,San Benito,069,59416,1098,978,0,978,3
2020-08-26,San Bernardino,071,2135413,48773,45840,302,46142,743
2020-08-26,San Diego,073,3302833,39143,37224,397,37621,668
2020-08-26,San Francisco,075,870044,9552,8938,10,8948,81
2020-08-26,San Joaquin,077,732212,18412,16845,34,16879,309
2020-08-26,San Luis Obispo,079,281455,3093,2761,13,2774,20
2020-08-26,San Mateo,081,765935,8451,7655,9,7664,121
2020-08-26,Santa Barbara,083,443738,8175,7904,67,7971,90
2020-08-26,Santa Clara,085,1922200,18235,16283,37,16320,198
2020-08-26,Santa Cruz,087,273765,1869,1726,16,1742,7
2020-08-26,Shasta,089,179085,611,511,3,514,9
2020-08-26,Sierra,091,2930,6,6,0,6,0
2020-08-26,Siskiyou,093,43540,133,109,8,117,0
2020-08-26,Solano,095,438530,5542,5131,34,5165,34
2020-08-26,Sonoma,097,501317,5883,5283,19,5302,58
2020-08-26,Stanislaus,099,539301,15104,13964,329,14293,186
2020-08-26,Sutter,101,95872,1367,1275,1,1276,9
2020-08-26,Tehama,103,63373,424,396,2,398,1
2020-08-26,Trinity,105,12862,45,10,6,16,0
2020-08-26,Tulare,107,460477,14545,13568,54,13622,232
2020-08-26,Tuolumne,109,53932,201,172,5,177,1
2020-08-26,Ventura,111,848112,11265,10412,86,10498,100
2020-08-26,Yolo,113,214977,2465,2279,4,2283,49
2020-08-26,Yuba,115,75493,860,779,3,782,1
2020-08-25,Alameda,001,1643700,18543,17278,121,17399,232
2020-08-25,Alpine,002,1148,2,2,0,2,0
2020-08-25,Amador,005,37829,273,227,0,227,13
2020-08-25,Butte,007,227075,2086,1718,43,1761,24
2020-08-25,Calaveras,009,45235,240,196,0,196,1
2020-08-25,Colusa,011,21464,455,430,0,430,5
2020-08-25,Contra Costa,013,1133247,14232,13181,48,13229,156
2020-08-25,Del Norte,015,27424,113,83,0,83,1
2020-08-25,El Dorado,017,186661,1005,928,7,935,2
2020-08-25,Fresno,019,978130,27291,23932,291,24223,250
2020-08-25,Glenn,021,27897,446,429,0,429,3
2020-08-25,Humboldt,023,135768,382,342,1,343,4
2020-08-25,Imperial,025,180216,11195,9381,7,9388,217
2020-08-25,Inyo,027,18085,175,144,3,147,1
2020-08-25,Kern,029,883053,29556,28416,221,28637,285
2020-08-25,Kings,031,150075,6203,5702,29,5731,59
2020-08-25,Lake,033,64148,344,304,0,304,2
2020-08-25,Lassen,035,31185,721,692,2,694,0
2020-08-25,Los Angeles,037,10098052,240015,233961,1156,235117,5612
2020-08-25,Madera,039,155013,3864,3446,24,3470,32
2020-08-25,Marin,041,260295,6145,5860,15,5875,56
2020-08-25,Mariposa,043,17540,73,67,0,67,2
2020-08-25,Mendocino,045,87422,619,571,0,571,10
2020-08-25,Merced,047,269075,7978,7693,9,7702,69
2020-08-25,Modoc,049,8938,8,5,0,5,0
2020-08-25,Mono,051,14174,163,129,3,132,1
2020-08-25,Monterey,053,433212,7933,7333,17,7350,51
2020-08-25,Napa,055,140530,1456,1374,5,1379,10
2020-08-25,Nevada,057,99092,448,430,13,443,2
2020-08-25,Orange,059,3164182,49881,45737,1130,46867,902
2020-08-25,Placer,061,380077,3049,2829,6,2835,31
2020-08-25,Plumas,063,18699,39,39,0,39,0
2020-08-25,Riverside,065,2383286,53088,50889,58,50947,981
2020-08-25,Sacramento,067,1510023,18079,16601,17,16618,265
2020-08-25,San Benito,069,59416,1082,973,0,973,3
2020-08-25,San Bernardino,071,2135413,48538,45544,299,45843,727
2020-08-25,San Diego,073,3302833,38864,36996,375,37371,665
2020-08-25,San Francisco,075,870044,9475,8848,10,8858,81
2020-08-25,San Joaquin,077,732212,18284,16795,34,16829,306
2020-08-25,San Luis Obispo,079,281455,3034,2731,12,2743,20
2020-08-25,San Mateo,081,765935,8391,7636,8,7644,120
2020-08-25,Santa Barbara,083,443738,8123,7854,67,7921,90
2020-08-25,Santa Clara,085,1922200,18066,16199,37,16236,194
2020-08-25,Santa Cruz,087,273765,1850,1708,16,1724,7
2020-08-25,Shasta,089,179085,607,511,3,514,9
2020-08-25,Sierra,091,2930,6,6,0,6,0
2020-08-25,Siskiyou,093,43540,132,109,8,117,0
2020-08-25,Solano,095,438530,5481,5114,34,5148,34
2020-08-25,Sonoma,097,501317,5802,5148,19,5167,56
2020-08-25,Stanislaus,099,539301,14996,13886,318,14204,182
2020-08-25,Sutter,101,95872,1350,1259,1,1260,9
2020-08-25,Tehama,103,63373,421,394,2,396,1
2020-08-25,Trinity,105,12862,44,10,6,16,0
2020-08-25,Tulare,107,460477,14441,13514,53,13567,224
2020-08-25,Tuolumne,109,53932,199,172,5,177,1
2020-08-25,Ventura,111,848112,11180,10313,81,10394,99
2020-08-25,Yolo,113,214977,2452,2254,4,2258,50
2020-08-25,Yuba,115,75493,850,775,3,778,1
2020-08-24,Alameda,001,1643700,18348,16913,120,17033,231
2020-08-24,Alpine,002,1148,2,2,0,2,0
2020-08-24,Amador,005,37829,271,227,0,227,13
2020-08-24,Butte,007,227075,2003,1649,43,1692,23
2020-08-24,Calaveras,009,45235,231,187,0,187,1
2020-08-24,Colusa,011,21464,451,425,0,425,5
2020-08-24,Contra Costa,013,1133247,14115,12906,46,12952,153
2020-08-24,Del Norte,015,27424,113,80,0,80,1
2020-08-24,El Dorado,017,186661,997,908,7,915,2
2020-08-24,Fresno,019,978130,27102,23618,284,23902,235
2020-08-24,Glenn,021,27897,444,421,0,421,2
2020-08-24,Humboldt,023,135768,378,340,1,341,4
2020-08-24,Imperial,025,180216,11162,9323,7,9330,210
2020-08-24,Inyo,027,18085,171,144,3,147,2
2020-08-24,Kern,029,883053,29458,28157,215,28372,277
2020-08-24,Kings,031,150075,6115,5652,29,5681,60
2020-08-24,Lake,033,64148,329,302,0,302,2
2020-08-24,Lassen,035,31185,721,693,2,695,0
2020-08-24,Los Angeles,037,10098052,238650,233036,1140,234176,5562
2020-08-24,Madera,039,155013,3836,3418,24,3442,32
2020-08-24,Marin,041,260295,6080,5834,15,5849,56
2020-08-24,Mariposa,043,17540,71,66,0,66,2
2020-08-24,Mendocino,045,87422,604,550,0,550,10
2020-08-24,Merced,047,269075,7899,7605,9,7614,69
2020-08-24,Modoc,049,8938,8,5,0,5,0
2020-08-24,Mono,051,14174,163,129,3,132,1
2020-08-24,Monterey,053,433212,7824,7212,16,7228,50
2020-08-24,Napa,055,140530,1443,1358,5,1363,10
2020-08-24,Nevada,057,99092,443,423,13,436,2
2020-08-24,Orange,059,3164182,49688,45536,1121,46657,887
2020-08-24,Placer,061,380077,3002,2793,6,2799,31
2020-08-24,Plumas,063,18699,39,37,0,37,0
2020-08-24,Riverside,065,2383286,52810,50496,58,50554,975
2020-08-24,Sacramento,067,1510023,17883,16318,16,16334,249
2020-08-24,San Benito,069,59416,1061,961,0,961,3
2020-08-24,San Bernardino,071,2135413,48275,45199,297,45496,720
2020-08-24,San Diego,073,3302833,38576,36729,347,37076,660
2020-08-24,San Francisco,075,870044,9392,8621,10,8631,81
2020-08-24,San Joaquin,077,732212,18143,16565,33,16598,305
2020-08-24,San Luis Obispo,079,281455,3006,2705,12,2717,20
2020-08-24,San Mateo,081,765935,8324,7502,8,7510,120
2020-08-24,Santa Barbara,083,443738,8082,7784,67,7851,90
2020-08-24,Santa Clara,085,1922200,17862,16049,37,16086,192
2020-08-24,Santa Cruz,087,273765,1830,1627,15,1642,6
2020-08-24,Shasta,089,179085,605,505,3,508,9
2020-08-24,Sierra,091,2930,6,6,0,6,0
2020-08-24,Siskiyou,093,43540,128,107,8,115,0
2020-08-24,Solano,095,438530,5432,4979,32,5011,32
2020-08-24,Sonoma,097,501317,5694,5071,19,5090,56
2020-08-24,Stanislaus,099,539301,14898,13521,304,13825,171
2020-08-24,Sutter,101,95872,1331,1219,1,1220,9
2020-08-24,Tehama,103,63373,416,388,2,390,1
2020-08-24,Trinity,105,12862,44,10,6,16,0
2020-08-24,Tulare,107,460477,14333,13360,52,13412,223
2020-08-24,Tuolumne,109,53932,198,170,5,175,1
2020-08-24,Ventura,111,848112,11100,10261,77,10338,99
2020-08-24,Yolo,113,214977,2418,2239,4,2243,47
2020-08-24,Yuba,115,75493,833,750,3,753,1
2020-08-23,Alameda,001,1643700,18125,16786,119,16905,231
2020-08-23,Alpine,002,1148,2,2,0,2,0
2020-08-23,Amador,005,37829,268,227,0,227,13
2020-08-23,Butte,007,227075,1887,1637,43,1680,23
2020-08-23,Calaveras,009,45235,222,187,0,187,1
2020-08-23,Colusa,011,21464,444,424,0,424,5
2020-08-23,Contra Costa,013,1133247,13953,12642,46,12688,153
2020-08-23,Del Norte,015,27424,113,80,0,80,1
2020-08-23,El Dorado,017,186661,984,901,7,908,2
2020-08-23,Fresno,019,978130,26898,23414,281,23695,235
2020-08-23,Glenn,021,27897,437,421,0,421,2
2020-08-23,Humboldt,023,135768,376,341,1,342,4
2020-08-23,Imperial,025,180216,11133,9243,7,9250,210
2020-08-23,Inyo,027,18085,168,144,3,147,2
2020-08-23,Kern,029,883053,29309,28028,210,28238,277
2020-08-23,Kings,031,150075,6072,5628,29,5657,60
2020-08-23,Lake,033,64148,325,299,0,299,2
2020-08-23,Lassen,035,31185,720,693,2,695,0
2020-08-23,Los Angeles,037,10098052,237048,231833,1073,232906,5549
2020-08-23,Madera,039,155013,3805,3401,23,3424,32
2020-08-23,Marin,041,260295,6043,5807,14,5821,50
2020-08-23,Mariposa,043,17540,71,66,0,66,2
2020-08-23,Mendocino,045,87422,600,550,0,550,10
2020-08-23,Merced,047,269075,7827,7574,8,7582,69
2020-08-23,Modoc,049,8938,7,5,0,5,0
2020-08-23,Mono,051,14174,163,129,3,132,1
2020-08-23,Monterey,053,433212,7734,7173,16,7189,50
2020-08-23,Napa,055,140530,1431,1348,5,1353,10
2020-08-23,Nevada,057,99092,438,421,13,434,2
2020-08-23,Orange,059,3164182,49450,45267,1109,46376,887
2020-08-23,Placer,061,380077,2963,2772,6,2778,31
2020-08-23,Plumas,063,18699,39,37,0,37,0
2020-08-23,Riverside,065,2383286,52540,50293,56,50349,955
2020-08-23,Sacramento,067,1510023,17660,16084,15,16099,243
2020-08-23,San Benito,069,59416,1048,938,0,938,3
2020-08-23,San Bernardino,071,2135413,48007,45010,287,45297,719
2020-08-23,San Diego,073,3302833,38255,36542,320,36862,660
2020-08-23,San Francisco,075,870044,9298,8564,9,8573,80
2020-08-23,San Joaquin,077,732212,18010,16069,32,16101,305
2020-08-23,San Luis Obispo,079,281455,2964,2679,12,2691,20
2020-08-23,San Mateo,081,765935,8229,7450,8,7458,120
2020-08-23,Santa Barbara,083,443738,8014,7725,67,7792,90
2020-08-23,Santa Clara,085,1922200,17666,15912,35,15947,191
2020-08-23,Santa Cruz,087,273765,1804,1627,15,1642,6
2020-08-23,Shasta,089,179085,600,501,3,504,9
2020-08-23,Sierra,091,2930,6,6,0,6,0
2020-08-23,Siskiyou,093,43540,123,107,8,115,0
2020-08-23,Solano,095,438530,5374,4977,30,5007,32
2020-08-23,Sonoma,097,501317,5606,5018,19,5037,56
2020-08-23,Stanislaus,099,539301,14763,13483,281,13764,171
2020-08-23,Sutter,101,95872,1309,1203,1,1204,9
2020-08-23,Tehama,103,63373,406,381,2,383,1
2020-08-23,Trinity,105,12862,44,10,6,16,0
2020-08-23,Tulare,107,460477,14201,13303,49,13352,223
2020-08-23,Tuolumne,109,53932,195,164,5,169,1
2020-08-23,Ventura,111,848112,10999,10126,73,10199,99
2020-08-23,Yolo,113,214977,2390,2210,4,2214,47
2020-08-23,Yuba,115,75493,812,750,3,753,1
2020-08-22,Alameda,001,1643700,18031,16648,118,16766,231
2020-08-22,Alpine,002,1148,2,2,0,2,0
2020-08-22,Amador,005,37829,267,224,0,224,13
2020-08-22,Butte,007,227075,1836,1618,43,1661,22
2020-08-22,Calaveras,009,45235,218,187,0,187,1
2020-08-22,Colusa,011,21464,440,419,0,419,5
2020-08-22,Contra Costa,013,1133247,13866,12522,46,12568,153
2020-08-22,Del Norte,015,27424,112,80,0,80,1
2020-08-22,El Dorado,017,186661,982,900,7,907,2
2020-08-22,Fresno,019,978130,26800,23197,280,23477,235
2020-08-22,Glenn,021,27897,436,421,0,421,2
2020-08-22,Humboldt,023,135768,366,334,1,335,4
2020-08-22,Imperial,025,180216,11125,9244,7,9251,210
2020-08-22,Inyo,027,18085,168,144,3,147,1
2020-08-22,Kern,029,883053,29255,27807,210,28017,277
2020-08-22,Kings,031,150075,6063,5447,29,5476,60
2020-08-22,Lake,033,64148,323,291,0,291,2
2020-08-22,Lassen,035,31185,720,693,2,695,0
2020-08-22,Los Angeles,037,10098052,236387,230858,1057,231915,5540
2020-08-22,Madera,039,155013,3786,3330,23,3353,32
2020-08-22,Marin,041,260295,6031,5789,14,5803,49
2020-08-22,Mariposa,043,17540,71,66,0,66,2
2020-08-22,Mendocino,045,87422,597,529,0,529,10
2020-08-22,Merced,047,269075,7798,7493,8,7501,69
2020-08-22,Modoc,049,8938,7,5,0,5,0
2020-08-22,Mono,051,14174,163,129,3,132,1
2020-08-22,Monterey,053,433212,7686,7081,16,7097,50
2020-08-22,Napa,055,140530,1426,1328,5,1333,11
2020-08-22,Nevada,057,99092,438,411,13,424,2
2020-08-22,Orange,059,3164182,49309,45131,1103,46234,885
2020-08-22,Placer,061,380077,2949,2734,6,2740,30
2020-08-22,Plumas,063,18699,39,37,0,37,0
2020-08-22,Riverside,065,2383286,52392,49944,55,49999,953
2020-08-22,Sacramento,067,1510023,17548,15516,15,15531,239
2020-08-22,San Benito,069,59416,1032,912,0,912,3
2020-08-22,San Bernardino,071,2135413,47878,44803,283,45086,719
2020-08-22,San Diego,073,3302833,38072,36205,309,36514,673
2020-08-22,San Francisco,075,870044,9238,8568,9,8577,80
2020-08-22,San Joaquin,077,732212,17954,16068,32,16100,305
2020-08-22,San Luis Obispo,079,281455,2938,2660,12,2672,20
2020-08-22,San Mateo,081,765935,8182,7361,8,7369,120
2020-08-22,Santa Barbara,083,443738,7988,7685,67,7752,90
2020-08-22,Santa Clara,085,1922200,17558,15590,35,15625,190
2020-08-22,Santa Cruz,087,273765,1788,1628,14,1642,6
2020-08-22,Shasta,089,179085,598,493,3,496,9
2020-08-22,Sierra,091,2930,6,6,0,6,0
2020-08-22,Siskiyou,093,43540,123,106,8,114,0
2020-08-22,Solano,095,438530,5344,4944,29,4973,32
2020-08-22,Sonoma,097,501317,5560,4891,19,4910,57
2020-08-22,Stanislaus,099,539301,14713,13380,264,13644,170
2020-08-22,Sutter,101,95872,1302,1189,1,1190,8
2020-08-22,Tehama,103,63373,405,368,2,370,1
2020-08-22,Trinity,105,12862,44,8,6,14,0
2020-08-22,Tulare,107,460477,14134,13196,49,13245,222
2020-08-22,Tuolumne,109,53932,193,162,5,167,1
2020-08-22,Ventura,111,848112,10944,9959,71,10030,99
2020-08-22,Yolo,113,214977,2374,2188,4,2192,47
2020-08-22,Yuba,115,75493,800,738,3,741,1
2020-08-21,Alameda,001,1643700,17939,16413,118,16531,232
2020-08-21,Alpine,002,1148,2,2,0,2,0
2020-08-21,Amador,005,37829,266,223,0,223,11
2020-08-21,Butte,007,227075,1797,1582,43,1625,19
2020-08-21,Calaveras,009,45235,218,182,0,182,1
2020-08-21,Colusa,011,21464,438,418,0,418,5
2020-08-21,Contra Costa,013,1133247,13776,12333,45,12378,149
2020-08-21,Del Norte,015,27424,112,78,0,78,1
2020-08-21,El Dorado,017,186661,978,885,7,892,2
2020-08-21,Fresno,019,978130,26630,22840,279,23119,232
2020-08-21,Glenn,021,27897,432,418,0,418,2
2020-08-21,Humboldt,023,135768,363,331,1,332,4
2020-08-21,Imperial,025,180216,11109,9166,7,9173,204
2020-08-21,Inyo,027,18085,168,144,3,147,1
2020-08-21,Kern,029,883053,29196,27567,208,27775,269
2020-08-21,Kings,031,150075,6041,5391,29,5420,60
2020-08-21,Lake,033,64148,321,281,0,281,2
2020-08-21,Lassen,035,31185,720,693,2,695,0
2020-08-21,Los Angeles,037,10098052,235511,229235,1038,230273,5494
2020-08-21,Madera,039,155013,3756,3271,23,3294,31
2020-08-21,Marin,041,260295,6011,5762,14,5776,49
2020-08-21,Mariposa,043,17540,71,66,0,66,2
2020-08-21,Mendocino,045,87422,587,505,0,505,10
2020-08-21,Merced,047,269075,7768,7357,8,7365,69
2020-08-21,Modoc,049,8938,7,5,0,5,0
2020-08-21,Mono,051,14174,163,128,3,131,1
2020-08-21,Monterey,053,433212,7614,6974,16,6990,49
2020-08-21,Napa,055,140530,1417,1317,5,1322,10
2020-08-21,Nevada,057,99092,437,406,13,419,2
2020-08-21,Orange,059,3164182,49168,44625,1094,45719,875
2020-08-21,Placer,061,380077,2933,2698,6,2704,30
2020-08-21,Plumas,063,18699,39,36,0,36,0
2020-08-21,Riverside,065,2383286,52197,49409,55,49464,932
2020-08-21,Sacramento,067,1510023,17425,15247,15,15262,237
2020-08-21,San Benito,069,59416,1022,891,0,891,3
2020-08-21,San Bernardino,071,2135413,47759,44249,279,44528,668
2020-08-21,San Diego,073,3302833,37868,35914,292,36206,652
2020-08-21,San Francisco,075,870044,9188,8375,9,8384,80
2020-08-21,San Joaquin,077,732212,17872,15888,30,15918,301
2020-08-21,San Luis Obispo,079,281455,2915,2640,12,2652,19
2020-08-21,San Mateo,081,765935,8125,7253,8,7261,120
2020-08-21,Santa Barbara,083,443738,7947,7645,67,7712,86
2020-08-21,Santa Clara,085,1922200,17407,15399,35,15434,190
2020-08-21,Santa Cruz,087,273765,1776,1617,14,1631,6
2020-08-21,Shasta,089,179085,598,486,3,489,9
2020-08-21,Sierra,091,2930,6,6,0,6,0
2020-08-21,Siskiyou,093,43540,123,103,6,109,0
2020-08-21,Solano,095,438530,5321,4891,28,4919,32
2020-08-21,Sonoma,097,501317,5490,4816,19,4835,57
2020-08-21,Stanislaus,099,539301,14644,13282,250,13532,161
2020-08-21,Sutter,101,95872,1289,1173,1,1174,8
2020-08-21,Tehama,103,63373,403,357,2,359,1
2020-08-21,Trinity,105,12862,44,8,6,14,0
2020-08-21,Tulare,107,460477,14063,13002,47,13049,217
2020-08-21,Tuolumne,109,53932,185,161,5,166,1
2020-08-21,Ventura,111,848112,10879,9865,69,9934,98
2020-08-21,Yolo,113,214977,2359,2164,4,2168,46
2020-08-21,Yuba,115,75493,796,717,3,720,1
2020-08-20,Alameda,001,1643700,17779,16174,118,16292,229
2020-08-20,Alpine,002,1148,2,2,0,2,0
2020-08-20,Amador,005,37829,264,222,0,222,11
2020-08-20,Butte,007,227075,1748,1549,43,1592,18
2020-08-20,Calaveras,009,45235,215,179,0,179,1
2020-08-20,Colusa,011,21464,436,415,0,415,5
2020-08-20,Contra Costa,013,1133247,13649,12108,44,12152,144
2020-08-20,Del Norte,015,27424,112,78,0,78,1
2020-08-20,El Dorado,017,186661,974,881,7,888,2
2020-08-20,Fresno,019,978130,26448,22535,274,22809,228
2020-08-20,Glenn,021,27897,427,414,0,414,2
2020-08-20,Humboldt,023,135768,358,318,1,319,4
2020-08-20,Imperial,025,180216,11090,9086,7,9093,196
2020-08-20,Inyo,027,18085,167,144,3,147,1
2020-08-20,Kern,029,883053,29028,27337,197,27534,267
2020-08-20,Kings,031,150075,6001,5347,28,5375,59
2020-08-20,Lake,033,64148,316,280,0,280,2
2020-08-20,Lassen,035,31185,719,693,2,695,0
2020-08-20,Los Angeles,037,10098052,234276,227492,1019,228511,5445
2020-08-20,Madera,039,155013,3730,3197,23,3220,31
2020-08-20,Marin,041,260295,5993,5745,14,5759,47
2020-08-20,Mariposa,043,17540,71,67,0,67,2
2020-08-20,Mendocino,045,87422,577,497,0,497,10
2020-08-20,Merced,047,269075,7699,7173,8,7181,68
2020-08-20,Modoc,049,8938,7,5,0,5,0
2020-08-20,Mono,051,14174,163,128,3,131,1
2020-08-20,Monterey,053,433212,7543,6892,16,6908,47
2020-08-20,Napa,055,140530,1411,1306,5,1311,10
2020-08-20,Nevada,057,99092,436,401,13,414,2
2020-08-20,Orange,059,3164182,48941,44299,1084,45383,849
2020-08-20,Placer,061,380077,2917,2681,6,2687,30
2020-08-20,Plumas,063,18699,39,36,0,36,0
2020-08-20,Riverside,065,2383286,51978,48953,54,49007,927
2020-08-20,Sacramento,067,1510023,17182,14992,15,15007,231
2020-08-20,San Benito,069,59416,1009,866,0,866,3
2020-08-20,San Bernardino,071,2135413,47503,43627,275,43902,665
2020-08-20,San Diego,073,3302833,37648,35610,274,35884,644
2020-08-20,San Francisco,075,870044,9102,8262,9,8271,72
2020-08-20,San Joaquin,077,732212,17781,15778,30,15808,297
2020-08-20,San Luis Obispo,079,281455,2895,2590,12,2602,19
2020-08-20,San Mateo,081,765935,8060,7188,8,7196,120
2020-08-20,Santa Barbara,083,443738,7909,7571,67,7638,81
2020-08-20,Santa Clara,085,1922200,17235,15162,35,15197,190
2020-08-20,Santa Cruz,087,273765,1763,1581,14,1595,6
2020-08-20,Shasta,089,179085,597,478,3,481,9
2020-08-20,Sierra,091,2930,6,6,0,6,0
2020-08-20,Siskiyou,093,43540,122,102,1,103,0
2020-08-20,Solano,095,438530,5276,4843,28,4871,31
2020-08-20,Sonoma,097,501317,5413,4737,19,4756,54
2020-08-20,Stanislaus,099,539301,14548,13120,241,13361,161
2020-08-20,Sutter,101,95872,1265,1158,1,1159,8
2020-08-20,Tehama,103,63373,398,350,2,352,1
2020-08-20,Trinity,105,12862,44,8,6,14,0
2020-08-20,Tulare,107,460477,13955,12907,46,12953,217
2020-08-20,Tuolumne,109,53932,181,159,5,164,1
2020-08-20,Ventura,111,848112,10766,9744,68,9812,93
2020-08-20,Yolo,113,214977,2337,2150,4,2154,47
2020-08-20,Yuba,115,75493,779,709,3,712,1
2020-08-19,Alameda,001,1643700,17621,15874,117,15991,226
2020-08-19,Alpine,002,1148,2,2,0,2,0
2020-08-19,Amador,005,37829,263,219,0,219,9
2020-08-19,Butte,007,227075,1705,1517,43,1560,16
2020-08-19,Calaveras,009,45235,213,177,0,177,1
2020-08-19,Colusa,011,21464,435,415,0,415,5
2020-08-19,Contra Costa,013,1133247,13536,11895,43,11938,142
2020-08-19,Del Norte,015,27424,112,78,0,78,1
2020-08-19,El Dorado,017,186661,968,870,7,877,2
2020-08-19,Fresno,019,978130,26259,22167,265,22432,221
2020-08-19,Glenn,021,27897,425,414,0,414,2
2020-08-19,Humboldt,023,135768,355,316,1,317,4
2020-08-19,Imperial,025,180216,11062,9041,7,9048,192
2020-08-19,Inyo,027,18085,165,140,3,143,1
2020-08-19,Kern,029,883053,28911,27142,193,27335,263
2020-08-19,Kings,031,150075,5828,5301,26,5327,59
2020-08-19,Lake,033,64148,313,277,0,277,2
2020-08-19,Lassen,035,31185,711,693,2,695,0
2020-08-19,Los Angeles,037,10098052,232999,226006,979,226985,5399
2020-08-19,Madera,039,155013,3696,3158,21,3179,30
2020-08-19,Marin,041,260295,5970,5723,13,5736,46
2020-08-19,Mariposa,043,17540,71,64,0,64,2
2020-08-19,Mendocino,045,87422,560,495,0,495,8
2020-08-19,Merced,047,269075,7602,7082,5,7087,66
2020-08-19,Modoc,049,8938,7,5,0,5,0
2020-08-19,Mono,051,14174,163,128,3,131,1
2020-08-19,Monterey,053,433212,7443,6693,16,6709,45
2020-08-19,Napa,055,140530,1405,1293,5,1298,10
2020-08-19,Nevada,057,99092,429,398,13,411,2
2020-08-19,Orange,059,3164182,48736,43938,1081,45019,829
2020-08-19,Placer,061,380077,2895,2659,6,2665,28
2020-08-19,Plumas,063,18699,39,36,0,36,0
2020-08-19,Riverside,065,2383286,51728,48741,54,48795,922
2020-08-19,Sacramento,067,1510023,17002,14764,15,14779,229
2020-08-19,San Benito,069,59416,992,853,0,853,3
2020-08-19,San Bernardino,071,2135413,47207,43224,269,43493,661
2020-08-19,San Diego,073,3302833,37398,35378,259,35637,638
2020-08-19,San Francisco,075,870044,9038,8236,9,8245,72
2020-08-19,San Joaquin,077,732212,17659,15677,29,15706,296
2020-08-19,San Luis Obispo,079,281455,2855,2553,12,2565,19
2020-08-19,San Mateo,081,765935,7991,7146,8,7154,119
2020-08-19,Santa Barbara,083,443738,7860,7499,67,7566,80
2020-08-19,Santa Clara,085,1922200,17090,14994,35,15029,189
2020-08-19,Santa Cruz,087,273765,1737,1554,14,1568,6
2020-08-19,Shasta,089,179085,593,475,3,478,9
2020-08-19,Sierra,091,2930,6,6,0,6,0
2020-08-19,Siskiyou,093,43540,121,103,1,104,0
2020-08-19,Solano,095,438530,5235,4807,28,4835,31
2020-08-19,Sonoma,097,501317,5330,4614,19,4633,54
2020-08-19,Stanislaus,099,539301,14445,13084,219,13303,160
2020-08-19,Sutter,101,95872,1231,1146,1,1147,8
2020-08-19,Tehama,103,63373,392,342,2,344,1
2020-08-19,Trinity,105,12862,43,8,6,14,0
2020-08-19,Tulare,107,460477,13857,12756,46,12802,217
2020-08-19,Tuolumne,109,53932,178,159,5,164,1
2020-08-19,Ventura,111,848112,10674,9587,66,9653,91
2020-08-19,Yolo,113,214977,2315,2126,4,2130,47
2020-08-19,Yuba,115,75493,767,701,3,704,1
2020-08-18,Alameda,001,1643700,17443,15627,115,15742,223
2020-08-18,Alpine,002,1148,2,2,0,2,0
2020-08-18,Amador,005,37829,262,215,0,215,9
2020-08-18,Butte,007,227075,1672,1491,43,1534,16
2020-08-18,Calaveras,009,45235,210,174,0,174,1
2020-08-18,Colusa,011,21464,434,415,0,415,5
2020-08-18,Contra Costa,013,1133247,13415,11689,41,11730,141
2020-08-18,Del Norte,015,27424,111,78,0,78,0
2020-08-18,El Dorado,017,186661,963,866,7,873,2
2020-08-18,Fresno,019,978130,26038,21798,259,22057,212
2020-08-18,Glenn,021,27897,425,407,0,407,2
2020-08-18,Humboldt,023,135768,353,315,1,316,4
2020-08-18,Imperial,025,180216,11028,8968,7,8975,189
2020-08-18,Inyo,027,18085,164,140,3,143,1
2020-08-18,Kern,029,883053,28758,26978,189,27167,263
2020-08-18,Kings,031,150075,5793,5269,25,5294,58
2020-08-18,Lake,033,64148,310,274,0,274,2
2020-08-18,Lassen,035,31185,711,693,2,695,0
2020-08-18,Los Angeles,037,10098052,231732,224218,943,225161,5339
2020-08-18,Madera,039,155013,3668,3125,21,3146,28
2020-08-18,Marin,041,260295,5940,5708,13,5721,47
2020-08-18,Mariposa,043,17540,71,61,0,61,2
2020-08-18,Mendocino,045,87422,551,468,0,468,8
2020-08-18,Merced,047,269075,7557,6940,5,6945,66
2020-08-18,Modoc,049,8938,7,5,0,5,0
2020-08-18,Mono,051,14174,162,129,3,132,1
2020-08-18,Monterey,053,433212,7351,6691,15,6706,44
2020-08-18,Napa,055,140530,1401,1274,5,1279,10
2020-08-18,Nevada,057,99092,422,389,13,402,2
2020-08-18,Orange,059,3164182,48511,43659,1067,44726,809
2020-08-18,Placer,061,380077,2869,2644,5,2649,28
2020-08-18,Plumas,063,18699,39,34,0,34,0
2020-08-18,Riverside,065,2383286,51396,48447,54,48501,917
2020-08-18,Sacramento,067,1510023,16772,14610,14,14624,222
2020-08-18,San Benito,069,59416,972,836,0,836,3
2020-08-18,San Bernardino,071,2135413,46926,42827,263,43090,648
2020-08-18,San Diego,073,3302833,37105,35164,227,35391,633
2020-08-18,San Francisco,075,870044,8953,8016,9,8025,72
2020-08-18,San Joaquin,077,732212,17545,15509,28,15537,290
2020-08-18,San Luis Obispo,079,281455,2830,2535,11,2546,18
2020-08-18,San Mateo,081,765935,7930,7074,8,7082,119
2020-08-18,Santa Barbara,083,443738,7818,7472,67,7539,81
2020-08-18,Santa Clara,085,1922200,16921,14786,34,14820,184
2020-08-18,Santa Cruz,087,273765,1724,1509,14,1523,6
2020-08-18,Shasta,089,179085,589,468,3,471,9
2020-08-18,Sierra,091,2930,6,6,0,6,0
2020-08-18,Siskiyou,093,43540,120,103,1,104,0
2020-08-18,Solano,095,438530,5208,4700,28,4728,31
2020-08-18,Sonoma,097,501317,5261,4506,19,4525,48
2020-08-18,Stanislaus,099,539301,14347,12935,203,13138,149
2020-08-18,Sutter,101,95872,1212,1126,1,1127,8
2020-08-18,Tehama,103,63373,382,333,2,335,1
2020-08-18,Trinity,105,12862,41,8,6,14,0
2020-08-18,Tulare,107,460477,13726,12637,43,12680,212
2020-08-18,Tuolumne,109,53932,175,159,5,164,1
2020-08-18,Ventura,111,848112,10584,9536,61,9597,89
2020-08-18,Yolo,113,214977,2293,2102,4,2106,47
2020-08-18,Yuba,115,75493,759,679,3,682,1
2020-08-17,Alameda,001,1643700,17250,15454,114,15568,221
2020-08-17,Alpine,002,1148,2,2,0,2,0
2020-08-17,Amador,005,37829,262,215,0,215,9
2020-08-17,Butte,007,227075,1627,1463,43,1506,15
2020-08-17,Calaveras,009,45235,206,167,0,167,1
2020-08-17,Colusa,011,21464,431,408,0,408,5
2020-08-17,Contra Costa,013,1133247,13278,11442,41,11483,141
2020-08-17,Del Norte,015,27424,107,77,0,77,0
2020-08-17,El Dorado,017,186661,960,846,7,853,2
2020-08-17,Fresno,019,978130,25831,21316,252,21568,211
2020-08-17,Glenn,021,27897,424,402,0,402,2
2020-08-17,Humboldt,023,135768,349,302,1,303,4
2020-08-17,Imperial,025,180216,10987,8897,7,8904,188
2020-08-17,Inyo,027,18085,156,124,3,127,1
2020-08-17,Kern,029,883053,28611,26773,179,26952,249
2020-08-17,Kings,031,150075,5755,5249,25,5274,58
2020-08-17,Lake,033,64148,305,270,0,270,2
2020-08-17,Lassen,035,31185,711,666,2,668,0
2020-08-17,Los Angeles,037,10098052,230213,223418,899,224317,5282
2020-08-17,Madera,039,155013,3625,3050,20,3070,26
2020-08-17,Marin,041,260295,5917,5683,12,5695,46
2020-08-17,Mariposa,043,17540,71,61,0,61,2
2020-08-17,Mendocino,045,87422,533,454,0,454,8
2020-08-17,Merced,047,269075,7463,6814,5,6819,66
2020-08-17,Modoc,049,8938,7,5,0,5,0
2020-08-17,Mono,051,14174,162,126,3,129,1
2020-08-17,Monterey,053,433212,7251,6553,15,6568,44
2020-08-17,Napa,055,140530,1380,1255,5,1260,10
2020-08-17,Nevada,057,99092,417,383,13,396,2
2020-08-17,Orange,059,3164182,48301,43621,1054,44675,804
2020-08-17,Placer,061,380077,2844,2609,5,2614,28
2020-08-17,Plumas,063,18699,39,33,0,33,0
2020-08-17,Riverside,065,2383286,51062,48062,52,48114,916
2020-08-17,Sacramento,067,1510023,16552,14333,14,14347,219
2020-08-17,San Benito,069,59416,957,822,0,822,2
2020-08-17,San Bernardino,071,2135413,46582,42005,254,42259,604
2020-08-17,San Diego,073,3302833,36839,34962,213,35175,626
2020-08-17,San Francisco,075,870044,8882,7600,9,7609,72
2020-08-17,San Joaquin,077,732212,17383,15323,27,15350,280
2020-08-17,San Luis Obispo,079,281455,2797,2527,11,2538,18
2020-08-17,San Mateo,081,765935,7873,6987,7,6994,118
2020-08-17,Santa Barbara,083,443738,7776,7438,67,7505,80
2020-08-17,Santa Clara,085,1922200,16696,14546,34,14580,183
2020-08-17,Santa Cruz,087,273765,1708,1453,13,1466,6
2020-08-17,Shasta,089,179085,583,467,3,470,9
2020-08-17,Sierra,091,2930,6,6,0,6,0
2020-08-17,Siskiyou,093,43540,119,103,0,103,0
2020-08-17,Solano,095,438530,5151,4479,28,4507,31
2020-08-17,Sonoma,097,501317,5171,4402,17,4419,48
2020-08-17,Stanislaus,099,539301,14222,12745,196,12941,148
2020-08-17,Sutter,101,95872,1196,1071,1,1072,8
2020-08-17,Tehama,103,63373,372,324,2,326,1
2020-08-17,Trinity,105,12862,41,8,6,14,0
2020-08-17,Tulare,107,460477,13614,12487,42,12529,210
2020-08-17,Tuolumne,109,53932,172,157,5,162,1
2020-08-17,Ventura,111,848112,10461,9490,56,9546,89
2020-08-17,Yolo,113,214977,2266,2083,4,2087,47
2020-08-17,Yuba,115,75493,744,647,3,650,1
2020-08-16,Alameda,001,1643700,16959,15338,114,15452,221
2020-08-16,Alpine,002,1148,2,2,0,2,0
2020-08-16,Amador,005,37829,259,215,0,215,9
2020-08-16,Butte,007,227075,1589,1432,43,1475,15
2020-08-16,Calaveras,009,45235,199,167,0,167,1
2020-08-16,Colusa,011,21464,429,407,0,407,5
2020-08-16,Contra Costa,013,1133247,13092,11255,41,11296,140
2020-08-16,Del Norte,015,27424,103,77,0,77,0
2020-08-16,El Dorado,017,186661,948,843,7,850,2
2020-08-16,Fresno,019,978130,25608,21010,247,21257,211
2020-08-16,Glenn,021,27897,422,400,0,400,2
2020-08-16,Humboldt,023,135768,347,301,1,302,4
2020-08-16,Imperial,025,180216,10943,8883,7,8890,188
2020-08-16,Inyo,027,18085,149,125,2,127,1
2020-08-16,Kern,029,883053,28412,26520,171,26691,249
2020-08-16,Kings,031,150075,5724,5146,25,5171,58
2020-08-16,Lake,033,64148,301,269,0,269,2
2020-08-16,Lassen,035,31185,711,666,2,668,0
2020-08-16,Los Angeles,037,10098052,228643,222236,870,223106,5263
2020-08-16,Madera,039,155013,3580,3013,20,3033,26
2020-08-16,Marin,041,260295,5891,5664,12,5676,46
2020-08-16,Mariposa,043,17540,71,61,0,61,2
2020-08-16,Mendocino,045,87422,525,451,0,451,8
2020-08-16,Merced,047,269075,7387,6744,5,6749,66
2020-08-16,Modoc,049,8938,7,5,0,5,0
2020-08-16,Mono,051,14174,162,126,3,129,1
2020-08-16,Monterey,053,433212,7153,6516,14,6530,44
2020-08-16,Napa,055,140530,1362,1241,3,1244,10
2020-08-16,Nevada,057,99092,408,379,13,392,2
2020-08-16,Orange,059,3164182,48051,43303,1043,44346,803
2020-08-16,Placer,061,380077,2815,2583,4,2587,28
2020-08-16,Plumas,063,18699,39,33,0,33,0
2020-08-16,Riverside,065,2383286,50731,47669,51,47720,910
2020-08-16,Sacramento,067,1510023,16312,14210,14,14224,219
2020-08-16,San Benito,069,59416,928,815,0,815,2
2020-08-16,San Bernardino,071,2135413,46159,41724,246,41970,603
2020-08-16,San Diego,073,3302833,36575,34680,198,34878,626
2020-08-16,San Francisco,075,870044,8795,7602,9,7611,72
2020-08-16,San Joaquin,077,732212,17182,15288,27,15315,280
2020-08-16,San Luis Obispo,079,281455,2768,2494,11,2505,17
2020-08-16,San Mateo,081,765935,7799,6942,7,6949,118
2020-08-16,Santa Barbara,083,443738,7727,7368,67,7435,79
2020-08-16,Santa Clara,085,1922200,16496,14329,34,14363,183
2020-08-16,Santa Cruz,087,273765,1681,1449,12,1461,6
2020-08-16,Shasta,089,179085,576,465,3,468,9
2020-08-16,Sierra,091,2930,6,6,0,6,0
2020-08-16,Siskiyou,093,43540,118,102,0,102,0
2020-08-16,Solano,095,438530,5091,4479,28,4507,31
2020-08-16,Sonoma,097,501317,5067,4329,17,4346,46
2020-08-16,Stanislaus,099,539301,14064,12668,186,12854,148
2020-08-16,Sutter,101,95872,1178,1071,1,1072,8
2020-08-16,Tehama,103,63373,363,318,2,320,1
2020-08-16,Trinity,105,12862,38,8,6,14,0
2020-08-16,Tulare,107,460477,13482,12334,39,12373,211
2020-08-16,Tuolumne,109,53932,172,156,5,161,1
2020-08-16,Ventura,111,848112,10352,9408,51,9459,89
2020-08-16,Yolo,113,214977,2247,2057,4,2061,47
2020-08-16,Yuba,115,75493,735,647,2,649,1
2020-08-15,Alameda,001,1643700,16882,15165,114,15279,221
2020-08-15,Alpine,002,1148,2,2,0,2,0
2020-08-15,Amador,005,37829,259,210,0,210,9
2020-08-15,Butte,007,227075,1568,1409,43,1452,15
2020-08-15,Calaveras,009,45235,197,167,0,167,1
2020-08-15,Colusa,011,21464,428,401,0,401,5
2020-08-15,Contra Costa,013,1133247,12996,11106,41,11147,138
2020-08-15,Del Norte,015,27424,103,77,0,77,0
2020-08-15,El Dorado,017,186661,943,838,7,845,2
2020-08-15,Fresno,019,978130,25493,20603,245,20848,211
2020-08-15,Glenn,021,27897,422,398,0,398,2
2020-08-15,Humboldt,023,135768,346,301,1,302,4
2020-08-15,Imperial,025,180216,10923,8794,7,8801,188
2020-08-15,Inyo,027,18085,149,123,2,125,1
2020-08-15,Kern,029,883053,28324,26338,171,26509,249
2020-08-15,Kings,031,150075,5706,5039,25,5064,56
2020-08-15,Lake,033,64148,299,268,0,268,2
2020-08-15,Lassen,035,31185,711,666,2,668,0
2020-08-15,Los Angeles,037,10098052,227892,221043,860,221903,5252
2020-08-15,Madera,039,155013,3530,2950,20,2970,26
2020-08-15,Marin,041,260295,5884,5628,12,5640,46
2020-08-15,Mariposa,043,17540,71,61,0,61,2
2020-08-15,Mendocino,045,87422,521,444,0,444,8
2020-08-15,Merced,047,269075,7351,6656,5,6661,66
2020-08-15,Modoc,049,8938,7,5,0,5,0
2020-08-15,Mono,051,14174,162,126,3,129,1
2020-08-15,Monterey,053,433212,7108,6162,14,6176,44
2020-08-15,Napa,055,140530,1352,1232,3,1235,10
2020-08-15,Nevada,057,99092,408,376,13,389,2
2020-08-15,Orange,059,3164182,47938,42811,1032,43843,801
2020-08-15,Placer,061,380077,2794,2551,4,2555,27
2020-08-15,Plumas,063,18699,39,33,0,33,0
2020-08-15,Riverside,065,2383286,50580,46720,51,46771,910
2020-08-15,Sacramento,067,1510023,16202,14018,14,14032,219
2020-08-15,San Benito,069,59416,915,805,0,805,2
2020-08-15,San Bernardino,071,2135413,46007,41231,244,41475,602
2020-08-15,San Diego,073,3302833,36409,34346,184,34530,639
2020-08-15,San Francisco,075,870044,8733,7601,9,7610,69
2020-08-15,San Joaquin,077,732212,17108,15113,27,15140,280
2020-08-15,San Luis Obispo,079,281455,2751,2461,11,2472,17
2020-08-15,San Mateo,081,765935,7762,6860,7,6867,118
2020-08-15,Santa Barbara,083,443738,7699,7338,67,7405,79
2020-08-15,Santa Clara,085,1922200,16400,14105,34,14139,183
2020-08-15,Santa Cruz,087,273765,1660,1449,12,1461,6
2020-08-15,Shasta,089,179085,573,458,3,461,9
2020-08-15,Sierra,091,2930,6,6,0,6,0
2020-08-15,Siskiyou,093,43540,117,100,0,100,0
2020-08-15,Solano,095,438530,5069,4477,28,4505,31
2020-08-15,Sonoma,097,501317,5012,4134,17,4151,45
2020-08-15,Stanislaus,099,539301,14000,12541,185,12726,149
2020-08-15,Sutter,101,95872,1167,1046,1,1047,8
2020-08-15,Tehama,103,63373,362,312,2,314,1
2020-08-15,Trinity,105,12862,36,6,6,12,0
2020-08-15,Tulare,107,460477,13443,12262,39,12301,211
2020-08-15,Tuolumne,109,53932,172,155,5,160,1
2020-08-15,Ventura,111,848112,10293,9379,49,9428,89
2020-08-15,Yolo,113,214977,2235,2031,4,2035,46
2020-08-15,Yuba,115,75493,731,623,2,625,1
2020-08-14,Alameda,001,1643700,16742,14909,114,15023,221
2020-08-14,Alpine,002,1148,2,2,0,2,0
2020-08-14,Amador,005,37829,259,209,0,209,9
2020-08-14,Butte,007,227075,1560,1384,43,1427,15
2020-08-14,Calaveras,009,45235,193,165,0,165,1
2020-08-14,Colusa,011,21464,426,399,0,399,5
2020-08-14,Contra Costa,013,1133247,12884,10893,41,10934,137
2020-08-14,Del Norte,015,27424,103,76,0,76,0
2020-08-14,El Dorado,017,186661,935,827,7,834,2
2020-08-14,Fresno,019,978130,25357,19900,245,20145,208
2020-08-14,Glenn,021,27897,420,395,0,395,2
2020-08-14,Humboldt,023,135768,340,294,1,295,4
2020-08-14,Imperial,025,180216,10899,8756,7,8763,185
2020-08-14,Inyo,027,18085,148,115,2,117,1
2020-08-14,Kern,029,883053,28220,25893,170,26063,249
2020-08-14,Kings,031,150075,5692,4953,25,4978,56
2020-08-14,Lake,033,64148,290,267,0,267,2
2020-08-14,Lassen,035,31185,711,665,2,667,0
2020-08-14,Los Angeles,037,10098052,226718,219083,844,219927,5222
2020-08-14,Madera,039,155013,3500,2876,20,2896,26
2020-08-14,Marin,041,260295,5873,5601,12,5613,46
2020-08-14,Mariposa,043,17540,70,61,0,61,2
2020-08-14,Mendocino,045,87422,512,432,0,432,8
2020-08-14,Merced,047,269075,7321,6466,5,6471,67
2020-08-14,Modoc,049,8938,7,5,0,5,0
2020-08-14,Mono,051,14174,162,126,3,129,1
2020-08-14,Monterey,053,433212,7057,6121,14,6135,41
2020-08-14,Napa,055,140530,1342,1230,3,1233,10
2020-08-14,Nevada,057,99092,404,377,13,390,2
2020-08-14,Orange,059,3164182,47788,42399,1020,43419,798
2020-08-14,Placer,061,380077,2775,2546,4,2550,26
2020-08-14,Plumas,063,18699,38,33,0,33,0
2020-08-14,Riverside,065,2383286,50350,46456,51,46507,891
2020-08-14,Sacramento,067,1510023,16053,13645,14,13659,212
2020-08-14,San Benito,069,59416,898,783,0,783,2
2020-08-14,San Bernardino,071,2135413,45820,40442,241,40683,594
2020-08-14,San Diego,073,3302833,36215,34067,177,34244,622
2020-08-14,San Francisco,075,870044,8675,7467,9,7476,69
2020-08-14,San Joaquin,077,732212,17008,14925,27,14952,276
2020-08-14,San Luis Obispo,079,281455,2736,2422,11,2433,17
2020-08-14,San Mateo,081,765935,7703,6655,7,6662,118
2020-08-14,Santa Barbara,083,443738,7649,7302,67,7369,77
2020-08-14,Santa Clara,085,1922200,16230,13785,33,13818,183
2020-08-14,Santa Cruz,087,273765,1638,1418,11,1429,6
2020-08-14,Shasta,089,179085,568,446,3,449,9
2020-08-14,Sierra,091,2930,6,5,0,5,0
2020-08-14,Siskiyou,093,43540,117,98,0,98,0
2020-08-14,Solano,095,438530,5048,4421,28,4449,31
2020-08-14,Sonoma,097,501317,4953,4087,14,4101,45
2020-08-14,Stanislaus,099,539301,13922,12379,181,12560,140
2020-08-14,Sutter,101,95872,1159,1039,1,1040,8
2020-08-14,Tehama,103,63373,357,305,2,307,1
2020-08-14,Trinity,105,12862,36,6,6,12,0
2020-08-14,Tulare,107,460477,13366,12009,39,12048,211
2020-08-14,Tuolumne,109,53932,171,155,5,160,1
2020-08-14,Ventura,111,848112,10218,9313,49,9362,89
2020-08-14,Yolo,113,214977,2221,1991,4,1995,45
2020-08-14,Yuba,115,75493,715,606,2,608,1
2020-08-13,Alameda,001,1643700,16461,14385,114,14499,218
2020-08-13,Alpine,002,1148,2,2,0,2,0
2020-08-13,Amador,005,37829,259,198,0,198,8
2020-08-13,Butte,007,227075,1536,1345,43,1388,15
2020-08-13,Calaveras,009,45235,191,162,0,162,1
2020-08-13,Colusa,011,21464,426,395,0,395,5
2020-08-13,Contra Costa,013,1133247,12730,10545,40,10585,136
2020-08-13,Del Norte,015,27424,102,74,0,74,0
2020-08-13,El Dorado,017,186661,930,803,7,810,2
2020-08-13,Fresno,019,978130,25132,19157,239,19396,201
2020-08-13,Glenn,021,27897,416,392,0,392,1
2020-08-13,Humboldt,023,135768,332,281,1,282,4
2020-08-13,Imperial,025,180216,10868,8640,7,8647,170
2020-08-13,Inyo,027,18085,144,97,2,99,1
2020-08-13,Kern,029,883053,28053,25472,167,25639,242
2020-08-13,Kings,031,150075,5657,4824,25,4849,52
2020-08-13,Lake,033,64148,285,263,0,263,2
2020-08-13,Lassen,035,31185,711,652,2,654,0
2020-08-13,Los Angeles,037,10098052,225338,216497,822,217319,5179
2020-08-13,Madera,039,155013,3456,2675,19,2694,25
2020-08-13,Marin,041,260295,5857,5503,12,5515,44
2020-08-13,Mariposa,043,17540,69,61,0,61,2
2020-08-13,Mendocino,045,87422,507,401,0,401,8
2020-08-13,Merced,047,269075,7216,5945,5,5950,63
2020-08-13,Modoc,049,8938,7,5,0,5,0
2020-08-13,Mono,051,14174,162,124,3,127,1
2020-08-13,Monterey,053,433212,6974,5925,14,5939,38
2020-08-13,Napa,055,140530,1333,1179,3,1182,10
2020-08-13,Nevada,057,99092,400,362,13,375,1
2020-08-13,Orange,059,3164182,47549,42019,1008,43027,773
2020-08-13,Placer,061,380077,2752,2460,4,2464,26
2020-08-13,Plumas,063,18699,38,32,0,32,0
2020-08-13,Riverside,065,2383286,50054,45327,51,45378,885
2020-08-13,Sacramento,067,1510023,15849,13237,14,13251,197
2020-08-13,San Benito,069,59416,869,757,0,757,2
2020-08-13,San Bernardino,071,2135413,45423,39395,234,39629,591
2020-08-13,San Diego,073,3302833,35979,33661,159,33820,627
2020-08-13,San Francisco,075,870044,8581,7277,9,7286,69
2020-08-13,San Joaquin,077,732212,16852,14537,26,14563,261
2020-08-13,San Luis Obispo,079,281455,2714,2283,11,2294,16
2020-08-13,San Mateo,081,765935,7641,6503,7,6510,117
2020-08-13,Santa Barbara,083,443738,7604,7129,66,7195,74
2020-08-13,Santa Clara,085,1922200,16008,13257,33,13290,182
2020-08-13,Santa Cruz,087,273765,1613,1383,11,1394,6
2020-08-13,Shasta,089,179085,563,428,3,431,9
2020-08-13,Sierra,091,2930,6,5,0,5,0
2020-08-13,Siskiyou,093,43540,117,95,0,95,0
2020-08-13,Solano,095,438530,5011,4305,28,4333,31
2020-08-13,Sonoma,097,501317,4879,3902,14,3916,45
2020-08-13,Stanislaus,099,539301,13793,11953,165,12118,136
2020-08-13,Sutter,101,95872,1138,992,1,993,8
2020-08-13,Tehama,103,63373,348,302,2,304,1
2020-08-13,Trinity,105,12862,35,6,6,12,0
2020-08-13,Tulare,107,460477,13222,11692,36,11728,210
2020-08-13,Tuolumne,109,53932,170,152,5,157,1
2020-08-13,Ventura,111,848112,10129,9114,49,9163,90
2020-08-13,Yolo,113,214977,2194,1938,4,1942,44
2020-08-13,Yuba,115,75493,699,568,2,570,1
2020-08-12,Alameda,001,1643700,16248,14214,114,14328,215
2020-08-12,Alpine,002,1148,2,2,0,2,0
2020-08-12,Amador,005,37829,256,197,0,197,8
2020-08-12,Butte,007,227075,1506,1317,43,1360,15
2020-08-12,Calaveras,009,45235,188,157,0,157,1
2020-08-12,Colusa,011,21464,421,394,0,394,5
2020-08-12,Contra Costa,013,1133247,12585,10304,39,10343,134
2020-08-12,Del Norte,015,27424,101,74,0,74,0
2020-08-12,El Dorado,017,186661,912,794,7,801,2
2020-08-12,Fresno,019,978130,24901,18690,233,18923,194
2020-08-12,Glenn,021,27897,413,388,0,388,1
2020-08-12,Humboldt,023,135768,325,281,1,282,4
2020-08-12,Imperial,025,180216,10845,8566,7,8573,167
2020-08-12,Inyo,027,18085,127,97,2,99,1
2020-08-12,Kern,029,883053,27861,25191,165,25356,232
2020-08-12,Kings,031,150075,5618,4736,25,4761,50
2020-08-12,Lake,033,64148,283,253,0,253,2
2020-08-12,Lassen,035,31185,710,651,2,653,0
2020-08-12,Los Angeles,037,10098052,223940,214542,806,215348,5119
2020-08-12,Madera,039,155013,3422,2681,17,2698,23
2020-08-12,Marin,041,260295,5835,5423,12,5435,44
2020-08-12,Mariposa,043,17540,69,61,0,61,2
2020-08-12,Mendocino,045,87422,488,386,0,386,9
2020-08-12,Merced,047,269075,7158,5777,5,5782,66
2020-08-12,Modoc,049,8938,7,5,0,5,0
2020-08-12,Mono,051,14174,161,124,3,127,1
2020-08-12,Monterey,053,433212,6870,5919,14,5933,38
2020-08-12,Napa,055,140530,1323,1161,3,1164,10
2020-08-12,Nevada,057,99092,395,357,13,370,1
2020-08-12,Orange,059,3164182,47298,41576,984,42560,754
2020-08-12,Placer,061,380077,2720,2417,4,2421,25
2020-08-12,Plumas,063,18699,38,31,0,31,0
2020-08-12,Riverside,065,2383286,49706,44747,51,44798,867
2020-08-12,Sacramento,067,1510023,15637,12528,14,12542,189
2020-08-12,San Benito,069,59416,856,751,0,751,2
2020-08-12,San Bernardino,071,2135413,45080,38811,225,39036,589
2020-08-12,San Diego,073,3302833,35770,33395,139,33534,608
2020-08-12,San Francisco,075,870044,8498,7194,9,7203,66
2020-08-12,San Joaquin,077,732212,16704,14154,26,14180,253
2020-08-12,San Luis Obispo,079,281455,2689,2263,11,2274,15
2020-08-12,San Mateo,081,765935,7562,6427,7,6434,117
2020-08-12,Santa Barbara,083,443738,7544,7049,64,7113,74
2020-08-12,Santa Clara,085,1922200,15833,13002,33,13035,182
2020-08-12,Santa Cruz,087,273765,1584,1382,10,1392,6
2020-08-12,Shasta,089,179085,559,417,3,420,9
2020-08-12,Sierra,091,2930,5,4,0,4,0
2020-08-12,Siskiyou,093,43540,116,90,0,90,0
2020-08-12,Solano,095,438530,4966,4258,28,4286,31
2020-08-12,Sonoma,097,501317,4805,3847,14,3861,47
2020-08-12,Stanislaus,099,539301,13653,11682,158,11840,136
2020-08-12,Sutter,101,95872,1114,987,1,988,7
2020-08-12,Tehama,103,63373,338,289,2,291,1
2020-08-12,Trinity,105,12862,34,6,6,12,0
2020-08-12,Tulare,107,460477,13094,11460,36,11496,211
2020-08-12,Tuolumne,109,53932,169,150,5,155,1
2020-08-12,Ventura,111,848112,10042,9005,49,9054,87
2020-08-12,Yolo,113,214977,2170,1921,4,1925,44
2020-08-12,Yuba,115,75493,677,549,1,550,1
2020-08-11,Alameda,001,1643700,15987,13960,111,14071,204
2020-08-11,Alpine,002,1148,2,2,0,2,0
2020-08-11,Amador,005,37829,250,187,0,187,3
2020-08-11,Butte,007,227075,1478,1296,43,1339,15
2020-08-11,Calaveras,009,45235,186,161,0,161,1
2020-08-11,Colusa,011,21464,416,390,0,390,5
2020-08-11,Contra Costa,013,1133247,12397,10012,37,10049,131
2020-08-11,Del Norte,015,27424,100,73,0,73,0
2020-08-11,El Dorado,017,186661,905,786,6,792,2
2020-08-11,Fresno,019,978130,24580,18344,230,18574,187
2020-08-11,Glenn,021,27897,411,380,0,380,1
2020-08-11,Humboldt,023,135768,320,283,1,284,4
2020-08-11,Imperial,025,180216,10790,8518,7,8525,165
2020-08-11,Inyo,027,18085,122,97,2,99,1
2020-08-11,Kern,029,883053,27526,25042,163,25205,230
2020-08-11,Kings,031,150075,5427,4696,25,4721,50
2020-08-11,Lake,033,64148,280,243,0,243,2
2020-08-11,Lassen,035,31185,704,605,2,607,0
2020-08-11,Los Angeles,037,10098052,222440,212421,783,213204,5065
2020-08-11,Madera,039,155013,3368,2673,17,2690,22
2020-08-11,Marin,041,260295,5808,5287,11,5298,44
2020-08-11,Mariposa,043,17540,68,60,0,60,2
2020-08-11,Mendocino,045,87422,478,385,0,385,9
2020-08-11,Merced,047,269075,7064,5322,3,5325,65
2020-08-11,Modoc,049,8938,7,5,0,5,0
2020-08-11,Mono,051,14174,161,124,3,127,1
2020-08-11,Monterey,053,433212,6761,5624,14,5638,36
2020-08-11,Napa,055,140530,1312,1143,2,1145,11
2020-08-11,Nevada,057,99092,392,358,13,371,1
2020-08-11,Orange,059,3164182,47078,41205,963,42168,742
2020-08-11,Placer,061,380077,2688,2393,4,2397,24
2020-08-11,Plumas,063,18699,38,31,0,31,0
2020-08-11,Riverside,065,2383286,49349,44237,51,44288,836
2020-08-11,Sacramento,067,1510023,15346,12298,14,12312,182
2020-08-11,San Benito,069,59416,844,750,0,750,2
2020-08-11,San Bernardino,071,2135413,44740,38467,218,38685,584
2020-08-11,San Diego,073,3302833,35503,33159,120,33279,602
2020-08-11,San Francisco,075,870044,8402,6988,9,6997,66
2020-08-11,San Joaquin,077,732212,16526,13997,21,14018,251
2020-08-11,San Luis Obispo,079,281455,2632,2234,11,2245,15
2020-08-11,San Mateo,081,765935,7488,6339,7,6346,117
2020-08-11,Santa Barbara,083,443738,7495,6942,64,7006,70
2020-08-11,Santa Clara,085,1922200,15612,12920,33,12953,183
2020-08-11,Santa Cruz,087,273765,1561,1352,10,1362,4
2020-08-11,Shasta,089,179085,555,416,3,419,9
2020-08-11,Sierra,091,2930,5,4,0,4,0
2020-08-11,Siskiyou,093,43540,116,90,0,90,0
2020-08-11,Solano,095,438530,4918,4206,27,4233,31
2020-08-11,Sonoma,097,501317,4710,3752,14,3766,45
2020-08-11,Stanislaus,099,539301,13549,11592,146,11738,128
2020-08-11,Sutter,101,95872,1092,964,1,965,7
2020-08-11,Tehama,103,63373,334,289,2,291,1
2020-08-11,Trinity,105,12862,34,5,6,11,0
2020-08-11,Tulare,107,460477,12969,11392,35,11427,201
2020-08-11,Tuolumne,109,53932,165,146,5,151,1
2020-08-11,Ventura,111,848112,9974,8953,48,9001,88
2020-08-11,Yolo,113,214977,2148,1912,4,1916,44
2020-08-11,Yuba,115,75493,666,540,1,541,1
2020-08-10,Alameda,001,1643700,15747,13420,109,13529,203
2020-08-10,Alpine,002,1148,2,2,0,2,0
2020-08-10,Amador,005,37829,249,172,0,172,2
2020-08-10,Butte,007,227075,1454,1174,41,1215,15
2020-08-10,Calaveras,009,45235,175,121,0,121,1
2020-08-10,Colusa,011,21464,414,387,0,387,4
2020-08-10,Contra Costa,013,1133247,12243,9454,35,9489,130
2020-08-10,Del Norte,015,27424,98,69,0,69,0
2020-08-10,El Dorado,017,186661,893,771,6,777,2
2020-08-10,Fresno,019,978130,24299,17978,230,18208,183
2020-08-10,Glenn,021,27897,408,381,0,381,1
2020-08-10,Humboldt,023,135768,314,277,1,278,4
2020-08-10,Imperial,025,180216,10746,8465,7,8472,165
2020-08-10,Inyo,027,18085,122,97,2,99,1
2020-08-10,Kern,029,883053,27300,24499,162,24661,215
2020-08-10,Kings,031,150075,5321,4588,25,4613,50
2020-08-10,Lake,033,64148,273,239,0,239,2
2020-08-10,Lassen,035,31185,704,588,2,590,0
2020-08-10,Los Angeles,037,10098052,220862,211035,765,211800,5003
2020-08-10,Madera,039,155013,3335,2365,17,2382,22
2020-08-10,Marin,041,260295,5763,5242,10,5252,44
2020-08-10,Mariposa,043,17540,68,57,0,57,2
2020-08-10,Mendocino,045,87422,454,364,0,364,1
2020-08-10,Merced,047,269075,6978,4913,3,4916,51
2020-08-10,Modoc,049,8938,7,5,0,5,0
2020-08-10,Mono,051,14174,161,123,3,126,1
2020-08-10,Monterey,053,433212,6651,5358,14,5372,34
2020-08-10,Napa,055,140530,1294,1084,2,1086,8
2020-08-10,Nevada,057,99092,384,356,13,369,1
2020-08-10,Orange,059,3164182,46808,40445,945,41390,721
2020-08-10,Placer,061,380077,2649,2298,4,2302,21
2020-08-10,Plumas,063,18699,38,27,0,27,0
2020-08-10,Riverside,065,2383286,48964,43296,50,43346,830
2020-08-10,Sacramento,067,1510023,15035,12059,14,12073,168
2020-08-10,San Benito,069,59416,831,743,0,743,2
2020-08-10,San Bernardino,071,2135413,44364,37367,209,37576,579
2020-08-10,San Diego,073,3302833,35237,32977,104,33081,594
2020-08-10,San Francisco,075,870044,8312,6816,8,6824,66
2020-08-10,San Joaquin,077,732212,16342,13308,21,13329,240
2020-08-10,San Luis Obispo,079,281455,2533,2208,11,2219,15
2020-08-10,San Mateo,081,765935,7411,6222,7,6229,117
2020-08-10,Santa Barbara,083,443738,7440,6869,64,6933,66
2020-08-10,Santa Clara,085,1922200,15352,12615,32,12647,182
2020-08-10,Santa Cruz,087,273765,1541,1239,9,1248,4
2020-08-10,Shasta,089,179085,551,384,3,387,9
2020-08-10,Sierra,091,2930,5,3,0,3,0
2020-08-10,Siskiyou,093,43540,113,88,0,88,0
2020-08-10,Solano,095,438530,4858,4101,27,4128,31
2020-08-10,Sonoma,097,501317,4539,3640,10,3650,42
2020-08-10,Stanislaus,099,539301,13366,10855,130,10985,106
2020-08-10,Sutter,101,95872,1067,865,1,866,7
2020-08-10,Tehama,103,63373,327,282,2,284,1
2020-08-10,Trinity,105,12862,31,5,6,11,0
2020-08-10,Tulare,107,460477,12796,10750,33,10783,194
2020-08-10,Tuolumne,109,53932,165,143,4,147,1
2020-08-10,Ventura,111,848112,9890,8851,47,8898,85
2020-08-10,Yolo,113,214977,2125,1840,4,1844,45
2020-08-10,Yuba,115,75493,649,527,1,528,1
2020-08-09,Alameda,001,1643700,15466,13241,107,13348,203
2020-08-09,Alpine,002,1148,2,2,0,2,0
2020-08-09,Amador,005,37829,244,153,0,153,2
2020-08-09,Butte,007,227075,1411,1155,41,1196,15
2020-08-09,Calaveras,009,45235,170,122,0,122,1
2020-08-09,Colusa,011,21464,410,371,0,371,4
2020-08-09,Contra Costa,013,1133247,12015,9214,34,9248,130
2020-08-09,Del Norte,015,27424,98,69,0,69,0
2020-08-09,El Dorado,017,186661,885,748,6,754,2
2020-08-09,Fresno,019,978130,23989,17846,226,18072,183
2020-08-09,Glenn,021,27897,406,354,0,354,1
2020-08-09,Humboldt,023,135768,308,279,1,280,4
2020-08-09,Imperial,025,180216,10703,8310,6,8316,165
2020-08-09,Inyo,027,18085,117,86,1,87,1
2020-08-09,Kern,029,883053,27044,23680,162,23842,215
2020-08-09,Kings,031,150075,5278,4446,24,4470,50
2020-08-09,Lake,033,64148,266,225,0,225,2
2020-08-09,Lassen,035,31185,698,589,2,591,0
2020-08-09,Los Angeles,037,10098052,218801,208810,743,209553,4984
2020-08-09,Madera,039,155013,3277,2322,13,2335,22
2020-08-09,Marin,041,260295,5720,5204,10,5214,44
2020-08-09,Mariposa,043,17540,66,56,0,56,2
2020-08-09,Mendocino,045,87422,444,283,0,283,1
2020-08-09,Merced,047,269075,6873,4735,2,4737,51
2020-08-09,Modoc,049,8938,7,4,0,4,0
2020-08-09,Mono,051,14174,160,113,3,116,1
2020-08-09,Monterey,053,433212,6527,5199,14,5213,34
2020-08-09,Napa,055,140530,1275,1062,2,1064,8
2020-08-09,Nevada,057,99092,376,332,13,345,1
2020-08-09,Orange,059,3164182,46509,39244,930,40174,722
2020-08-09,Placer,061,380077,2620,2211,4,2215,20
2020-08-09,Plumas,063,18699,38,27,0,27,0
2020-08-09,Riverside,065,2383286,48617,41894,50,41944,828
2020-08-09,Sacramento,067,1510023,14756,11301,14,11315,167
2020-08-09,San Benito,069,59416,812,687,0,687,2
2020-08-09,San Bernardino,071,2135413,43887,36092,209,36301,579
2020-08-09,San Diego,073,3302833,34946,32749,93,32842,594
2020-08-09,San Francisco,075,870044,8197,6820,8,6828,66
2020-08-09,San Joaquin,077,732212,16137,12933,20,12953,240
2020-08-09,San Luis Obispo,079,281455,2497,2124,11,2135,15
2020-08-09,San Mateo,081,765935,7316,6094,7,6101,117
2020-08-09,Santa Barbara,083,443738,7352,6669,64,6733,66
2020-08-09,Santa Clara,085,1922200,15082,11878,32,11910,181
2020-08-09,Santa Cruz,087,273765,1517,1246,9,1255,4
2020-08-09,Shasta,089,179085,547,361,3,364,9
2020-08-09,Sierra,091,2930,5,3,0,3,0
2020-08-09,Siskiyou,093,43540,112,74,0,74,0
2020-08-09,Solano,095,438530,4805,3954,26,3980,31
2020-08-09,Sonoma,097,501317,4403,3531,8,3539,41
2020-08-09,Stanislaus,099,539301,13158,10264,117,10381,106
2020-08-09,Sutter,101,95872,1033,857,1,858,7
2020-08-09,Tehama,103,63373,319,265,2,267,1
2020-08-09,Trinity,105,12862,31,5,6,11,0
2020-08-09,Tulare,107,460477,12606,10630,30,10660,194
2020-08-09,Tuolumne,109,53932,161,143,4,147,1
2020-08-09,Ventura,111,848112,9742,8633,46,8679,85
2020-08-09,Yolo,113,214977,2094,1765,4,1769,44
2020-08-09,Yuba,115,75493,629,442,1,443,1
2020-08-08,Alameda,001,1643700,15356,13087,107,13194,204
2020-08-08,Alpine,002,1148,2,2,0,2,0
2020-08-08,Amador,005,37829,244,139,0,139,2
2020-08-08,Butte,007,227075,1393,1140,41,1181,15
2020-08-08,Calaveras,009,45235,169,122,0,122,1
2020-08-08,Colusa,011,21464,409,368,0,368,4
2020-08-08,Contra Costa,013,1133247,11906,9104,34,9138,129
2020-08-08,Del Norte,015,27424,97,69,0,69,0
2020-08-08,El Dorado,017,186661,878,734,6,740,2
2020-08-08,Fresno,019,978130,23851,17538,224,17762,183
2020-08-08,Glenn,021,27897,406,344,0,344,1
2020-08-08,Humboldt,023,135768,305,277,1,278,4
2020-08-08,Imperial,025,180216,10688,8213,6,8219,165
2020-08-08,Inyo,027,18085,113,86,1,87,1
2020-08-08,Kern,029,883053,26930,22803,162,22965,215
2020-08-08,Kings,031,150075,5264,4367,24,4391,49
2020-08-08,Lake,033,64148,264,221,0,221,2
2020-08-08,Lassen,035,31185,698,589,2,591,0
2020-08-08,Los Angeles,037,10098052,217918,206971,732,207703,4974
2020-08-08,Madera,039,155013,3246,2275,13,2288,22
2020-08-08,Marin,041,260295,5700,5118,10,5128,44
2020-08-08,Mariposa,043,17540,65,55,0,55,2
2020-08-08,Mendocino,045,87422,442,264,0,264,1
2020-08-08,Merced,047,269075,6831,4570,2,4572,51
2020-08-08,Modoc,049,8938,7,4,0,4,0
2020-08-08,Mono,051,14174,160,113,3,116,1
2020-08-08,Monterey,053,433212,6469,5101,14,5115,33
2020-08-08,Napa,055,140530,1267,1062,2,1064,8
2020-08-08,Nevada,057,99092,374,325,13,338,1
2020-08-08,Orange,059,3164182,46380,38688,921,39609,718
2020-08-08,Placer,061,380077,2604,2153,4,2157,20
2020-08-08,Plumas,063,18699,38,27,0,27,0
2020-08-08,Riverside,065,2383286,48412,41412,50,41462,823
2020-08-08,Sacramento,067,1510023,14626,11144,14,11158,166
2020-08-08,San Benito,069,59416,804,684,0,684,2
2020-08-08,San Bernardino,071,2135413,43693,35691,208,35899,531
2020-08-08,San Diego,073,3302833,34757,32332,84,32416,593
2020-08-08,San Francisco,075,870044,8131,6820,8,6828,66
2020-08-08,San Joaquin,077,732212,16057,12559,19,12578,240
2020-08-08,San Luis Obispo,079,281455,2474,2081,11,2092,15
2020-08-08,San Mateo,081,765935,7258,6021,7,6028,117
2020-08-08,Santa Barbara,083,443738,7314,6598,64,6662,66
2020-08-08,Santa Clara,085,1922200,14930,11615,32,11647,181
2020-08-08,Santa Cruz,087,273765,1503,1247,9,1256,4
2020-08-08,Shasta,089,179085,545,343,3,346,9
2020-08-08,Sierra,091,2930,5,3,0,3,0
2020-08-08,Siskiyou,093,43540,112,73,0,73,0
2020-08-08,Solano,095,438530,4784,3889,25,3914,31
2020-08-08,Sonoma,097,501317,4372,3399,8,3407,41
2020-08-08,Stanislaus,099,539301,13083,9963,112,10075,105
2020-08-08,Sutter,101,95872,1023,830,1,831,7
2020-08-08,Tehama,103,63373,318,251,2,253,1
2020-08-08,Trinity,105,12862,31,5,6,11,0
2020-08-08,Tulare,107,460477,12531,10505,30,10535,192
2020-08-08,Tuolumne,109,53932,161,143,4,147,1
2020-08-08,Ventura,111,848112,9687,8462,45,8507,85
2020-08-08,Yolo,113,214977,2081,1725,4,1729,44
2020-08-08,Yuba,115,75493,620,430,1,431,1
2020-08-07,Alameda,001,1643700,15246,12805,107,12912,204
2020-08-07,Alpine,002,1148,2,2,0,2,0
2020-08-07,Amador,005,37829,242,125,0,125,2
2020-08-07,Butte,007,227075,1375,1092,41,1133,13
2020-08-07,Calaveras,009,45235,169,119,0,119,1
2020-08-07,Colusa,011,21464,408,358,0,358,4
2020-08-07,Contra Costa,013,1133247,11758,8810,34,8844,126
2020-08-07,Del Norte,015,27424,97,69,0,69,0
2020-08-07,El Dorado,017,186661,873,724,6,730,2
2020-08-07,Fresno,019,978130,23691,17290,224,17514,171
2020-08-07,Glenn,021,27897,405,339,0,339,1
2020-08-07,Humboldt,023,135768,301,274,1,275,4
2020-08-07,Imperial,025,180216,10663,8085,6,8091,164
2020-08-07,Inyo,027,18085,112,81,1,82,1
2020-08-07,Kern,029,883053,26804,22143,160,22303,206
2020-08-07,Kings,031,150075,5247,4315,24,4339,48
2020-08-07,Lake,033,64148,262,215,0,215,1
2020-08-07,Lassen,035,31185,697,588,2,590,0
2020-08-07,Los Angeles,037,10098052,216451,204406,721,205127,4924
2020-08-07,Madera,039,155013,3214,2245,13,2258,20
2020-08-07,Marin,041,260295,5671,5094,10,5104,43
2020-08-07,Mariposa,043,17540,65,53,0,53,2
2020-08-07,Mendocino,045,87422,428,262,0,262,1
2020-08-07,Merced,047,269075,6788,4358,2,4360,30
2020-08-07,Modoc,049,8938,7,4,0,4,0
2020-08-07,Mono,051,14174,160,112,3,115,1
2020-08-07,Monterey,053,433212,6394,5041,14,5055,33
2020-08-07,Napa,055,140530,1262,1055,2,1057,8
2020-08-07,Nevada,057,99092,371,324,13,337,1
2020-08-07,Orange,059,3164182,46168,38459,904,39363,701
2020-08-07,Placer,061,380077,2586,2078,4,2082,20
2020-08-07,Plumas,063,18699,38,25,0,25,0
2020-08-07,Riverside,065,2383286,48148,40902,49,40951,810
2020-08-07,Sacramento,067,1510023,14481,10798,14,10812,160
2020-08-07,San Benito,069,59416,798,647,0,647,2
2020-08-07,San Bernardino,071,2135413,43446,35200,207,35407,524
2020-08-07,San Diego,073,3302833,34572,31781,81,31862,586
2020-08-07,San Francisco,075,870044,8053,6765,8,6773,66
2020-08-07,San Joaquin,077,732212,15970,12392,19,12411,223
2020-08-07,San Luis Obispo,079,281455,2443,2050,11,2061,14
2020-08-07,San Mateo,081,765935,7198,5948,7,5955,117
2020-08-07,Santa Barbara,083,443738,7263,6509,64,6573,66
2020-08-07,Santa Clara,085,1922200,14731,11409,32,11441,180
2020-08-07,Santa Cruz,087,273765,1485,1234,9,1243,5
2020-08-07,Shasta,089,179085,540,342,3,345,9
2020-08-07,Sierra,091,2930,5,3,0,3,0
2020-08-07,Siskiyou,093,43540,109,73,0,73,0
2020-08-07,Solano,095,438530,4752,3844,24,3868,31
2020-08-07,Sonoma,097,501317,4306,3329,8,3337,34
2020-08-07,Stanislaus,099,539301,12961,9665,102,9767,98
2020-08-07,Sutter,101,95872,1019,807,1,808,6
2020-08-07,Tehama,103,63373,314,246,2,248,1
2020-08-07,Trinity,105,12862,30,5,6,11,0
2020-08-07,Tulare,107,460477,12454,10292,30,10322,195
2020-08-07,Tuolumne,109,53932,160,136,4,140,1
2020-08-07,Ventura,111,848112,9627,8356,43,8399,84
2020-08-07,Yolo,113,214977,2054,1689,4,1693,37
2020-08-07,Yuba,115,75493,615,413,1,414,1
2020-08-06,Alameda,001,1643700,15024,12474,106,12580,200
2020-08-06,Alpine,002,1148,2,2,0,2,0
2020-08-06,Amador,005,37829,228,125,0,125,0
2020-08-06,Butte,007,227075,1356,1060,41,1101,13
2020-08-06,Calaveras,009,45235,167,117,0,117,1
2020-08-06,Colusa,011,21464,405,358,0,358,3
2020-08-06,Contra Costa,013,1133247,11564,8583,33,8616,124
2020-08-06,Del Norte,015,27424,97,69,0,69,0
2020-08-06,El Dorado,017,186661,862,703,6,709,1
2020-08-06,Fresno,019,978130,23396,17031,217,17248,161
2020-08-06,Glenn,021,27897,400,332,0,332,1
2020-08-06,Humboldt,023,135768,296,266,1,267,4
2020-08-06,Imperial,025,180216,10620,8064,6,8070,163
2020-08-06,Inyo,027,18085,104,83,1,84,1
2020-08-06,Kern,029,883053,26568,21843,159,22002,197
2020-08-06,Kings,031,150075,5185,4264,23,4287,47
2020-08-06,Lake,033,64148,259,209,0,209,1
2020-08-06,Lassen,035,31185,695,588,2,590,0
2020-08-06,Los Angeles,037,10098052,214378,201372,705,202077,4874
2020-08-06,Madera,039,155013,3166,2240,12,2252,19
2020-08-06,Marin,041,260295,5639,5058,10,5068,43
2020-08-06,Mariposa,043,17540,64,52,0,52,2
2020-08-06,Mendocino,045,87422,414,260,0,260,1
2020-08-06,Merced,047,269075,6693,4235,2,4237,30
2020-08-06,Modoc,049,8938,7,4,0,4,0
2020-08-06,Mono,051,14174,159,111,3,114,1
2020-08-06,Monterey,053,433212,6285,5001,13,5014,33
2020-08-06,Napa,055,140530,1248,1032,2,1034,8
2020-08-06,Nevada,057,99092,366,321,13,334,1
2020-08-06,Orange,059,3164182,45876,38399,899,39298,694
2020-08-06,Placer,061,380077,2560,2045,4,2049,20
2020-08-06,Plumas,063,18699,37,25,0,25,0
2020-08-06,Riverside,065,2383286,47754,40269,49,40318,781
2020-08-06,Sacramento,067,1510023,14253,10548,14,10562,153
2020-08-06,San Benito,069,59416,790,626,0,626,2
2020-08-06,San Bernardino,071,2135413,43041,34819,205,35024,516
2020-08-06,San Diego,073,3302833,34305,31129,74,31203,583
2020-08-06,San Francisco,075,870044,7960,6737,7,6744,60
2020-08-06,San Joaquin,077,732212,15811,12269,19,12288,203
2020-08-06,San Luis Obispo,079,281455,2419,2000,10,2010,13
2020-08-06,San Mateo,081,765935,7098,5885,7,5892,117
2020-08-06,Santa Barbara,083,443738,7203,6620,64,6684,65
2020-08-06,Santa Clara,085,1922200,14502,11280,32,11312,178
2020-08-06,Santa Cruz,087,273765,1464,1215,9,1224,4
2020-08-06,Shasta,089,179085,531,343,3,346,9
2020-08-06,Sierra,091,2930,5,3,0,3,0
2020-08-06,Siskiyou,093,43540,109,73,0,73,0
2020-08-06,Solano,095,438530,4708,3784,24,3808,29
2020-08-06,Sonoma,097,501317,4242,3259,8,3267,33
2020-08-06,Stanislaus,099,539301,12811,9566,86,9652,98
2020-08-06,Sutter,101,95872,988,797,1,798,6
2020-08-06,Tehama,103,63373,311,242,2,244,1
2020-08-06,Trinity,105,12862,27,5,6,11,0
2020-08-06,Tulare,107,460477,12294,10169,30,10199,195
2020-08-06,Tuolumne,109,53932,159,136,4,140,1
2020-08-06,Ventura,111,848112,9512,8245,40,8285,80
2020-08-06,Yolo,113,214977,2030,1662,4,1666,36
2020-08-06,Yuba,115,75493,606,407,0,407,1
2020-08-05,Alameda,001,1643700,14808,12140,106,12246,193
2020-08-05,Alpine,002,1148,2,2,0,2,0
2020-08-05,Amador,005,37829,218,123,0,123,0
2020-08-05,Butte,007,227075,1323,1038,39,1077,13
2020-08-05,Calaveras,009,45235,164,116,0,116,1
2020-08-05,Colusa,011,21464,401,354,0,354,3
2020-08-05,Contra Costa,013,1133247,11395,8362,33,8395,122
2020-08-05,Del Norte,015,27424,96,69,0,69,0
2020-08-05,El Dorado,017,186661,854,692,6,698,1
2020-08-05,Fresno,019,978130,23152,16625,212,16837,159
2020-08-05,Glenn,021,27897,397,330,0,330,1
2020-08-05,Humboldt,023,135768,294,249,1,250,4
2020-08-05,Imperial,025,180216,10585,8036,6,8042,163
2020-08-05,Inyo,027,18085,102,62,1,63,1
2020-08-05,Kern,029,883053,26380,21540,154,21694,194
2020-08-05,Kings,031,150075,5140,4192,22,4214,47
2020-08-05,Lake,033,64148,252,209,0,209,1
2020-08-05,Lassen,035,31185,648,557,2,559,0
2020-08-05,Los Angeles,037,10098052,212457,198355,685,199040,4832
2020-08-05,Madera,039,155013,3124,2172,12,2184,19
2020-08-05,Marin,041,260295,5607,5036,10,5046,43
2020-08-05,Mariposa,043,17540,64,52,0,52,2
2020-08-05,Mendocino,045,87422,402,248,0,248,1
2020-08-05,Merced,047,269075,6562,4119,2,4121,30
2020-08-05,Modoc,049,8938,7,3,0,3,0
2020-08-05,Mono,051,14174,159,104,3,107,1
2020-08-05,Monterey,053,433212,6170,4936,13,4949,32
2020-08-05,Napa,055,140530,1236,1020,2,1022,8
2020-08-05,Nevada,057,99092,357,327,13,340,2
2020-08-05,Orange,059,3164182,45567,37907,891,38798,663
2020-08-05,Placer,061,380077,2519,1989,4,1993,18
2020-08-05,Plumas,063,18699,36,25,0,25,0
2020-08-05,Riverside,065,2383286,47360,39454,47,39501,761
2020-08-05,Sacramento,067,1510023,14035,10261,13,10274,151
2020-08-05,San Benito,069,59416,781,613,0,613,2
2020-08-05,San Bernardino,071,2135413,42579,34442,200,34642,504
2020-08-05,San Diego,073,3302833,34081,30866,58,30924,578
2020-08-05,San Francisco,075,870044,7867,6701,7,6708,60
2020-08-05,San Joaquin,077,732212,15650,12148,19,12167,199
2020-08-05,San Luis Obispo,079,281455,2395,1928,10,1938,13
2020-08-05,San Mateo,081,765935,7003,5695,7,5702,116
2020-08-05,Santa Barbara,083,443738,7143,6597,64,6661,63
2020-08-05,Santa Clara,085,1922200,14268,11074,32,11106,176
2020-08-05,Santa Cruz,087,273765,1444,1192,7,1199,4
2020-08-05,Shasta,089,179085,525,338,3,341,9
2020-08-05,Sierra,091,2930,5,3,0,3,0
2020-08-05,Siskiyou,093,43540,105,72,0,72,0
2020-08-05,Solano,095,438530,4657,3750,23,3773,29
2020-08-05,Sonoma,097,501317,4159,3173,8,3181,33
2020-08-05,Stanislaus,099,539301,12652,9408,81,9489,97
2020-08-05,Sutter,101,95872,977,780,1,781,6
2020-08-05,Tehama,103,63373,308,231,2,233,1
2020-08-05,Trinity,105,12862,27,5,6,11,0
2020-08-05,Tulare,107,460477,12153,9924,30,9954,192
2020-08-05,Tuolumne,109,53932,159,137,4,141,0
2020-08-05,Ventura,111,848112,9396,8162,36,8198,75
2020-08-05,Yolo,113,214977,2002,1634,4,1638,36
2020-08-05,Yuba,115,75493,589,400,0,400,1
2020-08-04,Alameda,001,1643700,14591,11983,105,12088,192
2020-08-04,Alpine,002,1148,2,2,0,2,0
2020-08-04,Amador,005,37829,203,123,0,123,0
2020-08-04,Butte,007,227075,1299,1011,38,1049,10
2020-08-04,Calaveras,009,45235,160,116,0,116,1
2020-08-04,Colusa,011,21464,396,354,0,354,3
2020-08-04,Contra Costa,013,1133247,11228,8210,33,8243,122
2020-08-04,Del Norte,015,27424,94,69,0,69,0
2020-08-04,El Dorado,017,186661,844,668,6,674,1
2020-08-04,Fresno,019,978130,22866,16272,205,16477,154
2020-08-04,Glenn,021,27897,396,325,0,325,1
2020-08-04,Humboldt,023,135768,284,241,1,242,4
2020-08-04,Imperial,025,180216,10548,7974,6,7980,163
2020-08-04,Inyo,027,18085,88,59,1,60,1
2020-08-04,Kern,029,883053,26097,21403,154,21557,190
2020-08-04,Kings,031,150075,5075,4163,22,4185,47
2020-08-04,Lake,033,64148,252,206,0,206,1
2020-08-04,Lassen,035,31185,645,556,2,558,0
2020-08-04,Los Angeles,037,10098052,210516,196014,659,196673,4764
2020-08-04,Madera,039,155013,3081,2161,8,2169,19
2020-08-04,Marin,041,260295,5576,5020,9,5029,43
2020-08-04,Mariposa,043,17540,64,51,0,51,2
2020-08-04,Mendocino,045,87422,377,248,0,248,1
2020-08-04,Merced,047,269075,6452,4085,2,4087,30
2020-08-04,Modoc,049,8938,7,3,0,3,0
2020-08-04,Mono,051,14174,158,104,2,106,1
2020-08-04,Monterey,053,433212,6056,4892,13,4905,32
2020-08-04,Napa,055,140530,1223,994,0,994,8
2020-08-04,Nevada,057,99092,356,322,13,335,2
2020-08-04,Orange,059,3164182,45191,37844,885,38729,659
2020-08-04,Placer,061,380077,2482,1964,4,1968,17
2020-08-04,Plumas,063,18699,36,25,0,25,0
2020-08-04,Riverside,065,2383286,46973,38991,46,39037,743
2020-08-04,Sacramento,067,1510023,13816,10205,13,10218,146
2020-08-04,San Benito,069,59416,765,608,0,608,2
2020-08-04,San Bernardino,071,2135413,42029,34215,195,34410,495
2020-08-04,San Diego,073,3302833,33788,30518,46,30564,568
2020-08-04,San Francisco,075,870044,7779,6568,7,6575,60
2020-08-04,San Joaquin,077,732212,15522,12087,16,12103,189
2020-08-04,San Luis Obispo,079,281455,2365,1886,10,1896,13
2020-08-04,San Mateo,081,765935,6897,5690,7,5697,116
2020-08-04,Santa Barbara,083,443738,7083,6591,64,6655,61
2020-08-04,Santa Clara,085,1922200,13966,10986,31,11017,175
2020-08-04,Santa Cruz,087,273765,1425,1202,7,1209,4
2020-08-04,Shasta,089,179085,519,335,3,338,9
2020-08-04,Sierra,091,2930,5,1,0,1,0
2020-08-04,Siskiyou,093,43540,103,71,0,71,0
2020-08-04,Solano,095,438530,4586,3690,23,3713,29
2020-08-04,Sonoma,097,501317,4092,3108,8,3116,33
2020-08-04,Stanislaus,099,539301,12483,9359,74,9433,97
2020-08-04,Sutter,101,95872,963,761,1,762,6
2020-08-04,Tehama,103,63373,301,226,2,228,1
2020-08-04,Trinity,105,12862,27,5,6,11,0
2020-08-04,Tulare,107,460477,11973,9866,30,9896,192
2020-08-04,Tuolumne,109,53932,158,127,4,131,0
2020-08-04,Ventura,111,848112,9282,8134,34,8168,75
2020-08-04,Yolo,113,214977,1976,1626,4,1630,37
2020-08-04,Yuba,115,75493,574,398,0,398,1
2020-08-03,Alameda,001,1643700,14411,11817,102,11919,189
2020-08-03,Alpine,002,1148,2,2,0,2,0
2020-08-03,Amador,005,37829,199,119,0,119,0
2020-08-03,Butte,007,227075,1253,989,35,1024,9
2020-08-03,Calaveras,009,45235,157,117,0,117,1
2020-08-03,Colusa,011,21464,392,336,0,336,2
2020-08-03,Contra Costa,013,1133247,11031,8069,30,8099,120
2020-08-03,Del Norte,015,27424,90,68,0,68,0
2020-08-03,El Dorado,017,186661,833,645,6,651,1
2020-08-03,Fresno,019,978130,22572,15945,199,16144,151
2020-08-03,Glenn,021,27897,389,316,0,316,1
2020-08-03,Humboldt,023,135768,277,234,1,235,4
2020-08-03,Imperial,025,180216,10492,7953,6,7959,161
2020-08-03,Inyo,027,18085,85,57,1,58,1
2020-08-03,Kern,029,883053,25731,21285,147,21432,176
2020-08-03,Kings,031,150075,4963,4107,21,4128,47
2020-08-03,Lake,033,64148,245,201,0,201,1
2020-08-03,Lassen,035,31185,645,555,2,557,0
2020-08-03,Los Angeles,037,10098052,208479,194103,631,194734,4706
2020-08-03,Madera,039,155013,3032,2143,7,2150,18
2020-08-03,Marin,041,260295,5529,5001,9,5010,43
2020-08-03,Mariposa,043,17540,63,52,0,52,2
2020-08-03,Mendocino,045,87422,354,248,0,248,1
2020-08-03,Merced,047,269075,6334,4028,2,4030,29
2020-08-03,Modoc,049,8938,7,2,0,2,0
2020-08-03,Mono,051,14174,158,104,2,106,1
2020-08-03,Monterey,053,433212,5905,4806,10,4816,28
2020-08-03,Napa,055,140530,1209,973,0,973,8
2020-08-03,Nevada,057,99092,352,315,13,328,2
2020-08-03,Orange,059,3164182,44797,37705,875,38580,651
2020-08-03,Placer,061,380077,2426,1947,3,1950,16
2020-08-03,Plumas,063,18699,36,25,0,25,0
2020-08-03,Riverside,065,2383286,46505,38642,46,38688,740
2020-08-03,Sacramento,067,1510023,13621,10143,13,10156,142
2020-08-03,San Benito,069,59416,753,603,0,603,2
2020-08-03,San Bernardino,071,2135413,41504,33979,189,34168,444
2020-08-03,San Diego,073,3302833,33474,30228,36,30264,565
2020-08-03,San Francisco,075,870044,7685,6319,7,6326,60
2020-08-03,San Joaquin,077,732212,15325,12007,15,12022,189
2020-08-03,San Luis Obispo,079,281455,2323,1863,8,1871,14
2020-08-03,San Mateo,081,765935,6816,5661,7,5668,115
2020-08-03,Santa Barbara,083,443738,7039,6580,64,6644,59
2020-08-03,Santa Clara,085,1922200,13689,10747,31,10778,172
2020-08-03,Santa Cruz,087,273765,1405,1154,7,1161,4
2020-08-03,Shasta,089,179085,512,322,3,325,9
2020-08-03,Sierra,091,2930,5,1,0,1,0
2020-08-03,Siskiyou,093,43540,99,67,0,67,0
2020-08-03,Solano,095,438530,4517,3610,22,3632,29
2020-08-03,Sonoma,097,501317,3990,3079,7,3086,33
2020-08-03,Stanislaus,099,539301,12274,9308,66,9374,96
2020-08-03,Sutter,101,95872,939,713,1,714,6
2020-08-03,Tehama,103,63373,293,225,2,227,1
2020-08-03,Trinity,105,12862,27,5,6,11,0
2020-08-03,Tulare,107,460477,11789,9703,30,9733,188
2020-08-03,Tuolumne,109,53932,158,123,4,127,0
2020-08-03,Ventura,111,848112,9191,8084,31,8115,74
2020-08-03,Yolo,113,214977,1941,1598,3,1601,37
2020-08-03,Yuba,115,75493,550,393,0,393,1
2020-08-02,Alameda,001,1643700,14164,11696,90,11786,188
2020-08-02,Alpine,002,1148,2,2,0,2,0
2020-08-02,Amador,005,37829,194,117,0,117,0
2020-08-02,Butte,007,227075,1218,987,34,1021,9
2020-08-02,Calaveras,009,45235,154,116,0,116,1
2020-08-02,Colusa,011,21464,387,335,0,335,2
2020-08-02,Contra Costa,013,1133247,10792,7995,30,8025,118
2020-08-02,Del Norte,015,27424,89,68,0,68,0
2020-08-02,El Dorado,017,186661,823,643,6,649,1
2020-08-02,Fresno,019,978130,22297,15759,193,15952,151
2020-08-02,Glenn,021,27897,388,315,0,315,1
2020-08-02,Humboldt,023,135768,272,232,1,233,4
2020-08-02,Imperial,025,180216,10429,7919,6,7925,157
2020-08-02,Inyo,027,18085,84,45,1,46,1
2020-08-02,Kern,029,883053,25433,21162,145,21307,176
2020-08-02,Kings,031,150075,4901,3964,20,3984,47
2020-08-02,Lake,033,64148,240,201,0,201,1
2020-08-02,Lassen,035,31185,645,555,2,557,0
2020-08-02,Los Angeles,037,10098052,206387,192480,613,193093,4698
2020-08-02,Madera,039,155013,2966,2123,5,2128,18
2020-08-02,Marin,041,260295,5494,4985,9,4994,43
2020-08-02,Mariposa,043,17540,61,52,0,52,2
2020-08-02,Mendocino,045,87422,344,247,0,247,1
2020-08-02,Merced,047,269075,6191,4011,2,4013,29
2020-08-02,Modoc,049,8938,7,2,0,2,0
2020-08-02,Mono,051,14174,151,104,2,106,1
2020-08-02,Monterey,053,433212,5779,4698,10,4708,28
2020-08-02,Napa,055,140530,1195,956,0,956,8
2020-08-02,Nevada,057,99092,349,314,13,327,2
2020-08-02,Orange,059,3164182,44418,37266,864,38130,651
2020-08-02,Placer,061,380077,2387,1920,3,1923,15
2020-08-02,Plumas,063,18699,36,25,0,25,0
2020-08-02,Riverside,065,2383286,46072,38507,45,38552,735
2020-08-02,Sacramento,067,1510023,13342,10099,13,10112,142
2020-08-02,San Benito,069,59416,739,599,0,599,2
2020-08-02,San Bernardino,071,2135413,40902,33643,185,33828,443
2020-08-02,San Diego,073,3302833,33134,29885,27,29912,565
2020-08-02,San Francisco,075,870044,7567,6297,7,6304,60
2020-08-02,San Joaquin,077,732212,15044,11937,13,11950,189
2020-08-02,San Luis Obispo,079,281455,2260,1821,8,1829,14
2020-08-02,San Mateo,081,765935,6701,5618,7,5625,115
2020-08-02,Santa Barbara,083,443738,6949,6532,64,6596,59
2020-08-02,Santa Clara,085,1922200,13469,10577,31,10608,172
2020-08-02,Santa Cruz,087,273765,1385,1162,7,1169,4
2020-08-02,Shasta,089,179085,508,318,3,321,9
2020-08-02,Sierra,091,2930,4,1,0,1,0
2020-08-02,Siskiyou,093,43540,99,65,0,65,0
2020-08-02,Solano,095,438530,4458,3609,22,3631,29
2020-08-02,Sonoma,097,501317,3905,3005,7,3012,33
2020-08-02,Stanislaus,099,539301,12059,9277,61,9338,96
2020-08-02,Sutter,101,95872,904,714,1,715,6
2020-08-02,Tehama,103,63373,287,222,2,224,1
2020-08-02,Trinity,105,12862,27,5,6,11,0
2020-08-02,Tulare,107,460477,11580,9593,30,9623,188
2020-08-02,Tuolumne,109,53932,155,123,4,127,0
2020-08-02,Ventura,111,848112,9044,8014,31,8045,73
2020-08-02,Yolo,113,214977,1916,1588,3,1591,37
2020-08-02,Yuba,115,75493,530,393,0,393,1
2020-08-01,Alameda,001,1643700,14052,11590,90,11680,188
2020-08-01,Alpine,002,1148,2,2,0,2,0
2020-08-01,Amador,005,37829,190,109,0,109,0
2020-08-01,Butte,007,227075,1204,976,34,1010,9
2020-08-01,Calaveras,009,45235,150,116,0,116,1
2020-08-01,Colusa,011,21464,386,327,0,327,2
2020-08-01,Contra Costa,013,1133247,10660,7867,29,7896,116
2020-08-01,Del Norte,015,27424,89,68,0,68,0
2020-08-01,El Dorado,017,186661,820,637,6,643,1
2020-08-01,Fresno,019,978130,22160,15448,193,15641,149
2020-08-01,Glenn,021,27897,387,311,0,311,1
2020-08-01,Humboldt,023,135768,271,232,1,233,4
2020-08-01,Imperial,025,180216,10393,7919,6,7925,156
2020-08-01,Inyo,027,18085,82,45,1,46,1
2020-08-01,Kern,029,883053,25275,20796,141,20937,176
2020-08-01,Kings,031,150075,4875,3948,20,3968,47
2020-08-01,Lake,033,64148,238,194,0,194,1
2020-08-01,Lassen,035,31185,644,555,2,557,0
2020-08-01,Los Angeles,037,10098052,205495,191023,586,191609,4674
2020-08-01,Madera,039,155013,2927,2103,5,2108,18
2020-08-01,Marin,041,260295,5479,4945,9,4954,43
2020-08-01,Mariposa,043,17540,61,50,0,50,2
2020-08-01,Mendocino,045,87422,337,243,0,243,1
2020-08-01,Merced,047,269075,6143,3972,2,3974,29
2020-08-01,Modoc,049,8938,7,2,0,2,0
2020-08-01,Mono,051,14174,150,104,2,106,1
2020-08-01,Monterey,053,433212,5712,4611,9,4620,28
2020-08-01,Napa,055,140530,1186,923,0,923,8
2020-08-01,Nevada,057,99092,345,305,13,318,2
2020-08-01,Orange,059,3164182,44192,36703,858,37561,648
2020-08-01,Placer,061,380077,2353,1891,3,1894,14
2020-08-01,Plumas,063,18699,35,25,0,25,0
2020-08-01,Riverside,065,2383286,45860,38216,43,38259,704
2020-08-01,Sacramento,067,1510023,13191,10044,13,10057,141
2020-08-01,San Benito,069,59416,728,579,0,579,2
2020-08-01,San Bernardino,071,2135413,40666,32947,184,33131,440
2020-08-01,San Diego,073,3302833,32917,29579,19,29598,565
2020-08-01,San Francisco,075,870044,7506,6296,7,6303,60
2020-08-01,San Joaquin,077,732212,14969,11807,12,11819,189
2020-08-01,San Luis Obispo,079,281455,2231,1798,8,1806,13
2020-08-01,San Mateo,081,765935,6647,5520,7,5527,115
2020-08-01,Santa Barbara,083,443738,6909,6465,64,6529,59
2020-08-01,Santa Clara,085,1922200,13318,10281,30,10311,171
2020-08-01,Santa Cruz,087,273765,1369,1164,7,1171,4
2020-08-01,Shasta,089,179085,503,312,3,315,9
2020-08-01,Sierra,091,2930,3,1,0,1,0
2020-08-01,Siskiyou,093,43540,99,64,0,64,0
2020-08-01,Solano,095,438530,4424,3591,21,3612,29
2020-08-01,Sonoma,097,501317,3859,2890,7,2897,29
2020-08-01,Stanislaus,099,539301,11941,9221,54,9275,96
2020-08-01,Sutter,101,95872,900,714,1,715,6
2020-08-01,Tehama,103,63373,284,220,2,222,1
2020-08-01,Trinity,105,12862,27,5,6,11,0
2020-08-01,Tulare,107,460477,11511,9520,30,9550,188
2020-08-01,Tuolumne,109,53932,155,123,4,127,0
2020-08-01,Ventura,111,848112,8998,7819,31,7850,73
2020-08-01,Yolo,113,214977,1906,1557,3,1560,37
2020-08-01,Yuba,115,75493,525,387,0,387,1
2020-07-31,Alameda,001,1643700,13923,11441,90,11531,187
2020-07-31,Alpine,002,1148,2,2,0,2,0
2020-07-31,Amador,005,37829,189,98,0,98,0
2020-07-31,Butte,007,227075,1181,925,34,959,7
2020-07-31,Calaveras,009,45235,150,112,0,112,1
2020-07-31,Colusa,011,21464,376,319,0,319,2
2020-07-31,Contra Costa,013,1133247,10513,7697,28,7725,113
2020-07-31,Del Norte,015,27424,88,68,0,68,0
2020-07-31,El Dorado,017,186661,809,616,6,622,1
2020-07-31,Fresno,019,978130,21940,15083,193,15276,133
2020-07-31,Glenn,021,27897,380,304,0,304,1
2020-07-31,Humboldt,023,135768,264,229,1,230,4
2020-07-31,Imperial,025,180216,10361,7886,5,7891,155
2020-07-31,Inyo,027,18085,72,45,1,46,1
2020-07-31,Kern,029,883053,25034,20061,137,20198,173
2020-07-31,Kings,031,150075,4847,3807,20,3827,45
2020-07-31,Lake,033,64148,237,191,0,191,1
2020-07-31,Lassen,035,31185,639,544,2,546,0
2020-07-31,Los Angeles,037,10098052,203896,188688,573,189261,4628
2020-07-31,Madera,039,155013,2880,2036,5,2041,19
2020-07-31,Marin,041,260295,5435,4885,6,4891,43
2020-07-31,Mariposa,043,17540,61,49,0,49,2
2020-07-31,Mendocino,045,87422,322,232,0,232,1
2020-07-31,Merced,047,269075,6060,3789,2,3791,30
2020-07-31,Modoc,049,8938,6,0,0,0,0
2020-07-31,Mono,051,14174,149,104,2,106,1
2020-07-31,Monterey,053,433212,5620,4493,9,4502,24
2020-07-31,Napa,055,140530,1174,897,0,897,7
2020-07-31,Nevada,057,99092,343,302,13,315,2
2020-07-31,Orange,059,3164182,43892,36196,841,37037,620
2020-07-31,Placer,061,380077,2328,1853,3,1856,14
2020-07-31,Plumas,063,18699,34,25,0,25,0
2020-07-31,Riverside,065,2383286,45470,37612,42,37654,694
2020-07-31,Sacramento,067,1510023,13013,9872,13,9885,132
2020-07-31,San Benito,069,59416,720,567,0,567,2
2020-07-31,San Bernardino,071,2135413,40336,32332,182,32514,434
2020-07-31,San Diego,073,3302833,32683,29050,11,29061,561
2020-07-31,San Francisco,075,870044,7406,6126,7,6133,60
2020-07-31,San Joaquin,077,732212,14829,11561,12,11573,177
2020-07-31,San Luis Obispo,079,281455,2162,1746,8,1754,12
2020-07-31,San Mateo,081,765935,6575,5416,7,5423,115
2020-07-31,Santa Barbara,083,443738,6842,6375,64,6439,58
2020-07-31,Santa Clara,085,1922200,13097,9863,30,9893,171
2020-07-31,Santa Cruz,087,273765,1346,1118,7,1125,4
2020-07-31,Shasta,089,179085,493,305,3,308,9
2020-07-31,Sierra,091,2930,3,1,0,1,0
2020-07-31,Siskiyou,093,43540,97,61,0,61,0
2020-07-31,Solano,095,438530,4376,3510,20,3530,29
2020-07-31,Sonoma,097,501317,3801,2745,7,2752,27
2020-07-31,Stanislaus,099,539301,11835,9061,49,9110,94
2020-07-31,Sutter,101,95872,895,714,1,715,6
2020-07-31,Tehama,103,63373,281,213,2,215,1
2020-07-31,Trinity,105,12862,27,5,6,11,0
2020-07-31,Tulare,107,460477,11390,9365,30,9395,184
2020-07-31,Tuolumne,109,53932,155,120,4,124,0
2020-07-31,Ventura,111,848112,8923,7521,31,7552,71
2020-07-31,Yolo,113,214977,1880,1522,3,1525,38
2020-07-31,Yuba,115,75493,516,369,0,369,1
2020-07-30,Alameda,001,1643700,13718,11303,52,11355,185
2020-07-30,Alpine,002,1148,2,2,0,2,0
2020-07-30,Amador,005,37829,171,97,0,97,0
2020-07-30,Butte,007,227075,1165,915,34,949,7
2020-07-30,Calaveras,009,45235,146,111,0,111,1
2020-07-30,Colusa,011,21464,373,315,0,315,2
2020-07-30,Contra Costa,013,1133247,10329,7615,27,7642,112
2020-07-30,Del Norte,015,27424,88,68,0,68,0
2020-07-30,El Dorado,017,186661,802,608,6,614,1
2020-07-30,Fresno,019,978130,21607,14793,187,14980,133
2020-07-30,Glenn,021,27897,373,297,0,297,1
2020-07-30,Humboldt,023,135768,262,228,1,229,4
2020-07-30,Imperial,025,180216,10302,7849,5,7854,151
2020-07-30,Inyo,027,18085,68,44,1,45,1
2020-07-30,Kern,029,883053,24741,19552,133,19685,171
2020-07-30,Kings,031,150075,4743,3785,20,3805,43
2020-07-30,Lake,033,64148,231,181,0,181,1
2020-07-30,Lassen,035,31185,636,544,2,546,0
2020-07-30,Los Angeles,037,10098052,201868,186177,543,186720,4564
2020-07-30,Madera,039,155013,2810,2007,5,2012,18
2020-07-30,Marin,041,260295,5393,4835,5,4840,39
2020-07-30,Mariposa,043,17540,61,49,0,49,1
2020-07-30,Mendocino,045,87422,315,232,0,232,1
2020-07-30,Merced,047,269075,5897,3695,2,3697,30
2020-07-30,Modoc,049,8938,6,0,0,0,0
2020-07-30,Mono,051,14174,148,104,2,106,1
2020-07-30,Monterey,053,433212,5508,4352,9,4361,24
2020-07-30,Napa,055,140530,1157,874,0,874,7
2020-07-30,Nevada,057,99092,338,292,13,305,2
2020-07-30,Orange,059,3164182,43477,36105,817,36922,607
2020-07-30,Placer,061,380077,2277,1821,3,1824,14
2020-07-30,Plumas,063,18699,33,25,0,25,0
2020-07-30,Riverside,065,2383286,44929,37308,42,37350,685
2020-07-30,Sacramento,067,1510023,12794,9704,13,9717,126
2020-07-30,San Benito,069,59416,707,558,0,558,2
2020-07-30,San Bernardino,071,2135413,39812,32010,182,32192,427
2020-07-30,San Diego,073,3302833,32336,28670,9,28679,558
2020-07-30,San Francisco,075,870044,7305,6107,7,6114,59
2020-07-30,San Joaquin,077,732212,14633,11435,12,11447,161
2020-07-30,San Luis Obispo,079,281455,2126,1703,8,1711,12
2020-07-30,San Mateo,081,765935,6480,5369,7,5376,115
2020-07-30,Santa Barbara,083,443738,6762,6273,64,6337,52
2020-07-30,Santa Clara,085,1922200,12864,9708,29,9737,170
2020-07-30,Santa Cruz,087,273765,1318,1087,7,1094,4
2020-07-30,Shasta,089,179085,489,306,3,309,8
2020-07-30,Sierra,091,2930,3,1,0,1,0
2020-07-30,Siskiyou,093,43540,96,60,0,60,0
2020-07-30,Solano,095,438530,4325,3463,20,3483,29
2020-07-30,Sonoma,097,501317,3730,2684,7,2691,25
2020-07-30,Stanislaus,099,539301,11622,8890,41,8931,94
2020-07-30,Sutter,101,95872,876,698,1,699,6
2020-07-30,Tehama,103,63373,278,208,2,210,1
2020-07-30,Trinity,105,12862,26,4,6,10,0
2020-07-30,Tulare,107,460477,11261,9167,30,9197,177
2020-07-30,Tuolumne,109,53932,154,119,4,123,0
2020-07-30,Ventura,111,848112,8811,7304,29,7333,69
2020-07-30,Yolo,113,214977,1860,1511,3,1514,37
2020-07-30,Yuba,115,75493,503,362,0,362,1
2020-07-29,Alameda,001,1643700,13497,11177,47,11224,180
2020-07-29,Alpine,002,1148,2,2,0,2,0
2020-07-29,Amador,005,37829,163,80,0,80,0
2020-07-29,Butte,007,227075,1139,889,32,921,7
2020-07-29,Calaveras,009,45235,139,107,0,107,1
2020-07-29,Colusa,011,21464,369,302,0,302,2
2020-07-29,Contra Costa,013,1133247,10125,7520,27,7547,108
2020-07-29,Del Norte,015,27424,88,68,0,68,0
2020-07-29,El Dorado,017,186661,792,588,6,594,1
2020-07-29,Fresno,019,978130,21315,14312,187,14499,125
2020-07-29,Glenn,021,27897,366,294,0,294,1
2020-07-29,Humboldt,023,135768,259,221,1,222,4
2020-07-29,Imperial,025,180216,10254,7825,5,7830,147
2020-07-29,Inyo,027,18085,63,44,1,45,1
2020-07-29,Kern,029,883053,24402,19073,130,19203,162
2020-07-29,Kings,031,150075,4695,3755,20,3775,43
2020-07-29,Lake,033,64148,229,179,0,179,1
2020-07-29,Lassen,035,31185,621,513,2,515,0
2020-07-29,Los Angeles,037,10098052,199843,183600,526,184126,4523
2020-07-29,Madera,039,155013,2756,1941,5,1946,18
2020-07-29,Marin,041,260295,5355,4747,5,4752,34
2020-07-29,Mariposa,043,17540,60,47,0,47,1
2020-07-29,Mendocino,045,87422,307,228,0,228,0
2020-07-29,Merced,047,269075,5757,3605,2,3607,25
2020-07-29,Modoc,049,8938,5,0,0,0,0
2020-07-29,Mono,051,14174,145,102,2,104,1
2020-07-29,Monterey,053,433212,5408,4252,9,4261,24
2020-07-29,Napa,055,140530,1129,866,0,866,7
2020-07-29,Nevada,057,99092,334,288,13,301,1
2020-07-29,Orange,059,3164182,43042,35339,806,36145,589
2020-07-29,Placer,061,380077,2245,1798,3,1801,14
2020-07-29,Plumas,063,18699,33,25,0,25,0
2020-07-29,Riverside,065,2383286,44338,36968,42,37010,678
2020-07-29,Sacramento,067,1510023,12548,9538,13,9551,122
2020-07-29,San Benito,069,59416,692,537,0,537,2
2020-07-29,San Bernardino,071,2135413,39323,31168,171,31339,417
2020-07-29,San Diego,073,3302833,32011,28289,8,28297,552
2020-07-29,San Francisco,075,870044,7211,6041,7,6048,56
2020-07-29,San Joaquin,077,732212,14384,11249,9,11258,154
2020-07-29,San Luis Obispo,079,281455,2105,1673,8,1681,11
2020-07-29,San Mateo,081,765935,6392,5305,7,5312,114
2020-07-29,Santa Barbara,083,443738,6695,6215,64,6279,31
2020-07-29,Santa Clara,085,1922200,12658,9567,29,9596,165
2020-07-29,Santa Cruz,087,273765,1294,1051,7,1058,4
2020-07-29,Shasta,089,179085,477,297,3,300,8
2020-07-29,Sierra,091,2930,2,1,0,1,0
2020-07-29,Siskiyou,093,43540,94,58,0,58,0
2020-07-29,Solano,095,438530,4271,3380,20,3400,29
2020-07-29,Sonoma,097,501317,3652,2598,7,2605,26
2020-07-29,Stanislaus,099,539301,11401,8745,35,8780,94
2020-07-29,Sutter,101,95872,848,678,1,679,6
2020-07-29,Tehama,103,63373,274,206,2,208,1
2020-07-29,Trinity,105,12862,26,4,6,10,0
2020-07-29,Tulare,107,460477,11090,9028,30,9058,156
2020-07-29,Tuolumne,109,53932,154,118,4,122,0
2020-07-29,Ventura,111,848112,8706,7161,29,7190,68
2020-07-29,Yolo,113,214977,1834,1488,3,1491,36
2020-07-29,Yuba,115,75493,487,350,0,350,1
2020-07-28,Alameda,001,1643700,13267,10875,46,10921,180
2020-07-28,Alpine,002,1148,2,2,0,2,0
2020-07-28,Amador,005,37829,153,77,0,77,0
2020-07-28,Butte,007,227075,1104,857,32,889,7
2020-07-28,Calaveras,009,45235,138,105,0,105,1
2020-07-28,Colusa,011,21464,363,290,0,290,2
2020-07-28,Contra Costa,013,1133247,9903,7426,27,7453,107
2020-07-28,Del Norte,015,27424,87,68,0,68,0
2020-07-28,El Dorado,017,186661,777,558,6,564,1
2020-07-28,Fresno,019,978130,20980,13933,181,14114,125
2020-07-28,Glenn,021,27897,364,289,0,289,1
2020-07-28,Humboldt,023,135768,258,218,1,219,4
2020-07-28,Imperial,025,180216,10218,7804,5,7809,145
2020-07-28,Inyo,027,18085,61,43,1,44,1
2020-07-28,Kern,029,883053,24039,18834,124,18958,155
2020-07-28,Kings,031,150075,4649,3721,20,3741,41
2020-07-28,Lake,033,64148,225,179,0,179,1
2020-07-28,Lassen,035,31185,615,508,2,510,0
2020-07-28,Los Angeles,037,10098052,197611,179107,505,179612,4435
2020-07-28,Madera,039,155013,2690,1889,5,1894,18
2020-07-28,Marin,041,260295,5286,4698,5,4703,23
2020-07-28,Mariposa,043,17540,58,45,0,45,1
2020-07-28,Mendocino,045,87422,296,222,0,222,0
2020-07-28,Merced,047,269075,5611,3446,2,3448,23
2020-07-28,Modoc,049,8938,4,0,0,0,0
2020-07-28,Mono,051,14174,144,102,2,104,1
2020-07-28,Monterey,053,433212,5288,4047,9,4056,22
2020-07-28,Napa,055,140530,1107,824,0,824,6
2020-07-28,Nevada,057,99092,329,278,13,291,1
2020-07-28,Orange,059,3164182,42584,34832,792,35624,582
2020-07-28,Placer,061,380077,2209,1759,3,1762,14
2020-07-28,Plumas,063,18699,33,22,0,22,0
2020-07-28,Riverside,065,2383286,43737,36458,41,36499,668
2020-07-28,Sacramento,067,1510023,12289,9429,12,9441,117
2020-07-28,San Benito,069,59416,682,503,0,503,2
2020-07-28,San Bernardino,071,2135413,38800,30493,167,30660,412
2020-07-28,San Diego,073,3302833,31661,28007,6,28013,547
2020-07-28,San Francisco,075,870044,7098,5888,7,5895,56
2020-07-28,San Joaquin,077,732212,14102,10958,6,10964,141
2020-07-28,San Luis Obispo,079,281455,2072,1636,8,1644,9
2020-07-28,San Mateo,081,765935,6319,5171,7,5178,114
2020-07-28,Santa Barbara,083,443738,6631,6110,62,6172,31
2020-07-28,Santa Clara,085,1922200,12424,9307,29,9336,165
2020-07-28,Santa Cruz,087,273765,1267,1018,7,1025,4
2020-07-28,Shasta,089,179085,465,275,3,278,8
2020-07-28,Sierra,091,2930,2,1,0,1,0
2020-07-28,Siskiyou,093,43540,90,57,0,57,0
2020-07-28,Solano,095,438530,4224,3292,19,3311,29
2020-07-28,Sonoma,097,501317,3577,2553,7,2560,20
2020-07-28,Stanislaus,099,539301,11179,8492,27,8519,92
2020-07-28,Sutter,101,95872,811,653,0,653,2
2020-07-28,Tehama,103,63373,269,199,2,201,1
2020-07-28,Trinity,105,12862,26,3,6,9,0
2020-07-28,Tulare,107,460477,10903,8787,30,8817,96
2020-07-28,Tuolumne,109,53932,153,116,4,120,0
2020-07-28,Ventura,111,848112,8580,7045,28,7073,68
2020-07-28,Yolo,113,214977,1806,1459,3,1462,36
2020-07-28,Yuba,115,75493,470,333,0,333,1
2020-07-27,Alameda,001,1643700,13039,10645,43,10688,176
2020-07-27,Alpine,002,1148,2,2,0,2,0
2020-07-27,Amador,005,37829,148,72,0,72,0
2020-07-27,Butte,007,227075,1077,843,32,875,7
2020-07-27,Calaveras,009,45235,134,103,0,103,1
2020-07-27,Colusa,011,21464,356,271,0,271,2
2020-07-27,Contra Costa,013,1133247,9680,7256,27,7283,104
2020-07-27,Del Norte,015,27424,86,67,0,67,0
2020-07-27,El Dorado,017,186661,765,548,6,554,1
2020-07-27,Fresno,019,978130,20631,13485,175,13660,117
2020-07-27,Glenn,021,27897,362,277,0,277,1
2020-07-27,Humboldt,023,135768,253,218,1,219,4
2020-07-27,Imperial,025,180216,10168,7789,5,7794,144
2020-07-27,Inyo,027,18085,61,43,1,44,1
2020-07-27,Kern,029,883053,23537,17994,118,18112,148
2020-07-27,Kings,031,150075,4400,3685,20,3705,39
2020-07-27,Lake,033,64148,221,176,0,176,1
2020-07-27,Lassen,035,31185,615,503,2,505,0
2020-07-27,Los Angeles,037,10098052,195185,176351,487,176838,4379
2020-07-27,Madera,039,155013,2625,1793,5,1798,17
2020-07-27,Marin,041,260295,5198,4669,5,4674,22
2020-07-27,Mariposa,043,17540,58,43,0,43,1
2020-07-27,Mendocino,045,87422,282,209,0,209,0
2020-07-27,Merced,047,269075,5471,3292,2,3294,23
2020-07-27,Modoc,049,8938,3,0,0,0,0
2020-07-27,Mono,051,14174,140,99,2,101,1
2020-07-27,Monterey,053,433212,5099,3960,9,3969,21
2020-07-27,Napa,055,140530,1092,769,0,769,6
2020-07-27,Nevada,057,99092,325,268,13,281,1
2020-07-27,Orange,059,3164182,42144,34649,776,35425,566
2020-07-27,Placer,061,380077,2159,1679,3,1682,12
2020-07-27,Plumas,063,18699,33,22,0,22,0
2020-07-27,Riverside,065,2383286,43058,35822,41,35863,667
2020-07-27,Sacramento,067,1510023,11996,9091,12,9103,114
2020-07-27,San Benito,069,59416,667,498,0,498,2
2020-07-27,San Bernardino,071,2135413,38208,29928,157,30085,401
2020-07-27,San Diego,073,3302833,31287,27509,5,27514,533
2020-07-27,San Francisco,075,870044,7011,5825,7,5832,55
2020-07-27,San Joaquin,077,732212,13814,10728,6,10734,129
2020-07-27,San Luis Obispo,079,281455,2026,1612,8,1620,9
2020-07-27,San Mateo,081,765935,6210,5108,7,5115,113
2020-07-27,Santa Barbara,083,443738,6552,6026,60,6086,30
2020-07-27,Santa Clara,085,1922200,12155,9157,28,9185,166
2020-07-27,Santa Cruz,087,273765,1243,984,7,991,4
2020-07-27,Shasta,089,179085,458,275,3,278,8
2020-07-27,Sierra,091,2930,2,1,0,1,0
2020-07-27,Siskiyou,093,43540,88,54,0,54,0
2020-07-27,Solano,095,438530,4157,3198,18,3216,29
2020-07-27,Sonoma,097,501317,3486,2504,7,2511,20
2020-07-27,Stanislaus,099,539301,10954,8288,19,8307,84
2020-07-27,Sutter,101,95872,785,620,0,620,2
2020-07-27,Tehama,103,63373,261,192,2,194,1
2020-07-27,Trinity,105,12862,26,3,6,9,0
2020-07-27,Tulare,107,460477,10685,8462,30,8492,172
2020-07-27,Tuolumne,109,53932,150,115,4,119,0
2020-07-27,Ventura,111,848112,8452,6998,27,7025,68
2020-07-27,Yolo,113,214977,1761,1439,3,1442,33
2020-07-27,Yuba,115,75493,450,328,0,328,1
2020-07-26,Alameda,001,1643700,12800,10489,42,10531,176
2020-07-26,Alpine,002,1148,2,2,0,2,0
2020-07-26,Amador,005,37829,142,67,0,67,0
2020-07-26,Butte,007,227075,1040,822,31,853,5
2020-07-26,Calaveras,009,45235,131,103,0,103,1
2020-07-26,Colusa,011,21464,347,270,0,270,2
2020-07-26,Contra Costa,013,1133247,9442,7095,27,7122,104
2020-07-26,Del Norte,015,27424,84,67,0,67,0
2020-07-26,El Dorado,017,186661,747,539,6,545,1
2020-07-26,Fresno,019,978130,20241,13209,167,13376,117
2020-07-26,Glenn,021,27897,354,265,0,265,1
2020-07-26,Humboldt,023,135768,247,214,1,215,4
2020-07-26,Imperial,025,180216,10096,7781,5,7786,144
2020-07-26,Inyo,027,18085,56,43,1,44,1
2020-07-26,Kern,029,883053,23012,17394,115,17509,148
2020-07-26,Kings,031,150075,4341,3591,20,3611,39
2020-07-26,Lake,033,64148,213,174,0,174,1
2020-07-26,Lassen,035,31185,574,503,2,505,0
2020-07-26,Los Angeles,037,10098052,192618,174322,469,174791,4364
2020-07-26,Madera,039,155013,2538,1744,5,1749,17
2020-07-26,Marin,041,260295,5152,4595,5,4600,22
2020-07-26,Mariposa,043,17540,56,43,0,43,1
2020-07-26,Mendocino,045,87422,273,206,0,206,0
2020-07-26,Merced,047,269075,5291,3251,2,3253,23
2020-07-26,Modoc,049,8938,3,0,0,0,0
2020-07-26,Mono,051,14174,136,82,2,84,1
2020-07-26,Monterey,053,433212,4933,3901,9,3910,21
2020-07-26,Napa,055,140530,1073,769,0,769,6
2020-07-26,Nevada,057,99092,322,261,13,274,1
2020-07-26,Orange,059,3164182,41619,34352,745,35097,564
2020-07-26,Placer,061,380077,2095,1628,3,1631,12
2020-07-26,Plumas,063,18699,33,22,0,22,0
2020-07-26,Riverside,065,2383286,42498,35636,41,35677,665
2020-07-26,Sacramento,067,1510023,11690,8972,12,8984,114
2020-07-26,San Benito,069,59416,655,495,0,495,2
2020-07-26,San Bernardino,071,2135413,37567,29545,149,29694,400
2020-07-26,San Diego,073,3302833,30891,26986,4,26990,533
2020-07-26,San Francisco,075,870044,6905,5823,7,5830,55
2020-07-26,San Joaquin,077,732212,13522,10637,6,10643,129
2020-07-26,San Luis Obispo,079,281455,1984,1565,8,1573,8
2020-07-26,San Mateo,081,765935,6105,5078,7,5085,113
2020-07-26,Santa Barbara,083,443738,6451,5939,60,5999,30
2020-07-26,Santa Clara,085,1922200,11926,8986,28,9014,166
2020-07-26,Santa Cruz,087,273765,1216,970,7,977,4
2020-07-26,Shasta,089,179085,451,265,3,268,8
2020-07-26,Sierra,091,2930,2,1,0,1,0
2020-07-26,Siskiyou,093,43540,86,54,0,54,0
2020-07-26,Solano,095,438530,4078,3197,16,3213,29
2020-07-26,Sonoma,097,501317,3397,2503,6,2509,20
2020-07-26,Stanislaus,099,539301,10691,8228,18,8246,84
2020-07-26,Sutter,101,95872,771,612,0,612,2
2020-07-26,Tehama,103,63373,254,175,2,177,1
2020-07-26,Trinity,105,12862,26,3,6,9,0
2020-07-26,Tulare,107,460477,10479,8392,30,8422,172
2020-07-26,Tuolumne,109,53932,145,113,4,117,0
2020-07-26,Ventura,111,848112,8245,6844,27,6871,67
2020-07-26,Yolo,113,214977,1730,1408,3,1411,33
2020-07-26,Yuba,115,75493,431,313,0,313,1
2020-07-25,Alameda,001,1643700,12703,10361,40,10401,176
2020-07-25,Alpine,002,1148,2,2,0,2,0
2020-07-25,Amador,005,37829,139,67,0,67,0
2020-07-25,Butte,007,227075,1031,810,31,841,5
2020-07-25,Calaveras,009,45235,128,103,0,103,1
2020-07-25,Colusa,011,21464,340,265,0,265,2
2020-07-25,Contra Costa,013,1133247,9299,6920,27,6947,104
2020-07-25,Del Norte,015,27424,84,67,0,67,0
2020-07-25,El Dorado,017,186661,736,528,6,534,1
2020-07-25,Fresno,019,978130,20054,12866,167,13033,117
2020-07-25,Glenn,021,27897,352,260,0,260,1
2020-07-25,Humboldt,023,135768,244,212,1,213,4
2020-07-25,Imperial,025,180216,10070,7727,5,7732,144
2020-07-25,Inyo,027,18085,55,43,1,44,1
2020-07-25,Kern,029,883053,22794,16910,114,17024,148
2020-07-25,Kings,031,150075,4324,3516,20,3536,39
2020-07-25,Lake,033,64148,211,173,0,173,1
2020-07-25,Lassen,035,31185,574,503,2,505,0
2020-07-25,Los Angeles,037,10098052,191483,172611,463,173074,4357
2020-07-25,Madera,039,155013,2506,1724,5,1729,17
2020-07-25,Marin,041,260295,5136,4562,5,4567,22
2020-07-25,Mariposa,043,17540,55,43,0,43,1
2020-07-25,Mendocino,045,87422,267,190,0,190,0
2020-07-25,Merced,047,269075,5212,3176,2,3178,23
2020-07-25,Modoc,049,8938,3,0,0,0,0
2020-07-25,Mono,051,14174,136,82,2,84,1
2020-07-25,Monterey,053,433212,4856,3805,9,3814,21
2020-07-25,Napa,055,140530,1060,746,0,746,6
2020-07-25,Nevada,057,99092,320,257,13,270,1
2020-07-25,Orange,059,3164182,41400,33978,724,34702,561
2020-07-25,Placer,061,380077,2079,1596,3,1599,12
2020-07-25,Plumas,063,18699,33,22,0,22,0
2020-07-25,Riverside,065,2383286,42229,34921,41,34962,655
2020-07-25,Sacramento,067,1510023,11544,8674,11,8685,113
2020-07-25,San Benito,069,59416,639,492,0,492,2
2020-07-25,San Bernardino,071,2135413,37289,29265,146,29411,394
2020-07-25,San Diego,073,3302833,30630,26703,3,26706,533
2020-07-25,San Francisco,075,870044,6847,5644,7,5651,55
2020-07-25,San Joaquin,077,732212,13396,10347,5,10352,129
2020-07-25,San Luis Obispo,079,281455,1964,1530,7,1537,8
2020-07-25,San Mateo,081,765935,6042,5023,7,5030,113
2020-07-25,Santa Barbara,083,443738,6416,5880,60,5940,30
2020-07-25,Santa Clara,085,1922200,11792,8767,28,8795,166
2020-07-25,Santa Cruz,087,273765,1199,939,7,946,4
2020-07-25,Shasta,089,179085,446,263,1,264,8
2020-07-25,Sierra,091,2930,2,1,0,1,0
2020-07-25,Siskiyou,093,43540,84,54,0,54,0
2020-07-25,Solano,095,438530,4038,3107,14,3121,29
2020-07-25,Sonoma,097,501317,3358,2412,6,2418,20
2020-07-25,Stanislaus,099,539301,10588,7994,14,8008,84
2020-07-25,Sutter,101,95872,752,603,0,603,2
2020-07-25,Tehama,103,63373,253,169,2,171,1
2020-07-25,Trinity,105,12862,26,3,6,9,0
2020-07-25,Tulare,107,460477,10379,8310,30,8340,172
2020-07-25,Tuolumne,109,53932,144,99,4,103,0
2020-07-25,Ventura,111,848112,8172,6662,27,6689,62
2020-07-25,Yolo,113,214977,1714,1357,3,1360,35
2020-07-25,Yuba,115,75493,425,312,0,312,1
2020-07-24,Alameda,001,1643700,12562,10216,37,10253,176
2020-07-24,Alpine,002,1148,2,2,0,2,0
2020-07-24,Amador,005,37829,137,66,0,66,0
2020-07-24,Butte,007,227075,1019,751,31,782,5
2020-07-24,Calaveras,009,45235,124,102,0,102,0
2020-07-24,Colusa,011,21464,337,255,0,255,2
2020-07-24,Contra Costa,013,1133247,9154,6814,27,6841,100
2020-07-24,Del Norte,015,27424,84,66,0,66,0
2020-07-24,El Dorado,017,186661,714,516,6,522,1
2020-07-24,Fresno,019,978130,19829,12564,167,12731,115
2020-07-24,Glenn,021,27897,349,251,0,251,1
2020-07-24,Humboldt,023,135768,241,210,1,211,4
2020-07-24,Imperial,025,180216,10048,7686,5,7691,141
2020-07-24,Inyo,027,18085,55,41,1,42,1
2020-07-24,Kern,029,883053,22553,16124,114,16238,143
2020-07-24,Kings,031,150075,4294,3471,20,3491,39
2020-07-24,Lake,033,64148,209,167,0,167,1
2020-07-24,Lassen,035,31185,574,503,2,505,0
2020-07-24,Los Angeles,037,10098052,189458,169078,452,169530,4302
2020-07-24,Madera,039,155013,2473,1679,5,1684,16
2020-07-24,Marin,041,260295,5109,4517,5,4522,22
2020-07-24,Mariposa,043,17540,55,41,0,41,1
2020-07-24,Mendocino,045,87422,260,188,0,188,0
2020-07-24,Merced,047,269075,5127,3100,2,3102,23
2020-07-24,Modoc,049,8938,3,0,0,0,0
2020-07-24,Mono,051,14174,135,82,2,84,1
2020-07-24,Monterey,053,433212,4784,3748,9,3757,21
2020-07-24,Napa,055,140530,1047,741,0,741,6
2020-07-24,Nevada,057,99092,317,255,13,268,1
2020-07-24,Orange,059,3164182,41113,33530,708,34238,557
2020-07-24,Placer,061,380077,2048,1551,3,1554,12
2020-07-24,Plumas,063,18699,33,22,0,22,0
2020-07-24,Riverside,065,2383286,41805,34513,40,34553,631
2020-07-24,Sacramento,067,1510023,11356,8570,11,8581,110
2020-07-24,San Benito,069,59416,632,485,0,485,2
2020-07-24,San Bernardino,071,2135413,36918,28990,141,29131,386
2020-07-24,San Diego,073,3302833,30330,26100,3,26103,524
2020-07-24,San Francisco,075,870044,6753,5611,7,5618,55
2020-07-24,San Joaquin,077,732212,13247,10190,5,10195,118
2020-07-24,San Luis Obispo,079,281455,1940,1476,7,1483,8
2020-07-24,San Mateo,081,765935,5979,4954,7,4961,112
2020-07-24,Santa Barbara,083,443738,6363,5776,58,5834,30
2020-07-24,Santa Clara,085,1922200,11627,8658,28,8686,165
2020-07-24,Santa Cruz,087,273765,1179,930,7,937,4
2020-07-24,Shasta,089,179085,438,262,1,263,8
2020-07-24,Sierra,091,2930,2,1,0,1,0
2020-07-24,Siskiyou,093,43540,84,53,0,53,0
2020-07-24,Solano,095,438530,4002,3062,11,3073,29
2020-07-24,Sonoma,097,501317,3306,2345,6,2351,20
2020-07-24,Stanislaus,099,539301,10416,7861,12,7873,82
2020-07-24,Sutter,101,95872,741,593,0,593,2
2020-07-24,Tehama,103,63373,245,170,2,172,1
2020-07-24,Trinity,105,12862,25,3,6,9,0
2020-07-24,Tulare,107,460477,10285,8167,28,8195,167
2020-07-24,Tuolumne,109,53932,140,99,4,103,0
2020-07-24,Ventura,111,848112,8087,6553,27,6580,60
2020-07-24,Yolo,113,214977,1700,1329,3,1332,35
2020-07-24,Yuba,115,75493,410,307,0,307,1
2020-07-23,Alameda,001,1643700,12319,9924,37,9961,171
2020-07-23,Alpine,002,1148,2,2,0,2,0
2020-07-23,Amador,005,37829,120,61,0,61,0
2020-07-23,Butte,007,227075,1004,726,30,756,5
2020-07-23,Calaveras,009,45235,117,102,0,102,0
2020-07-23,Colusa,011,21464,329,242,0,242,2
2020-07-23,Contra Costa,013,1133247,8955,6619,25,6644,98
2020-07-23,Del Norte,015,27424,84,66,0,66,0
2020-07-23,El Dorado,017,186661,703,491,6,497,1
2020-07-23,Fresno,019,978130,19471,12164,164,12328,112
2020-07-23,Glenn,021,27897,344,246,0,246,1
2020-07-23,Humboldt,023,135768,240,208,1,209,4
2020-07-23,Imperial,025,180216,9997,7604,5,7609,138
2020-07-23,Inyo,027,18085,53,38,1,39,1
2020-07-23,Kern,029,883053,22146,14491,110,14601,128
2020-07-23,Kings,031,150075,4182,3371,20,3391,39
2020-07-23,Lake,033,64148,200,160,0,160,1
2020-07-23,Lassen,035,31185,571,503,2,505,0
2020-07-23,Los Angeles,037,10098052,186907,167198,427,167625,4265
2020-07-23,Madera,039,155013,2407,1659,4,1663,13
2020-07-23,Marin,041,260295,5057,4423,5,4428,22
2020-07-23,Mariposa,043,17540,55,40,0,40,1
2020-07-23,Mendocino,045,87422,250,178,0,178,0
2020-07-23,Merced,047,269075,4970,2972,2,2974,22
2020-07-23,Modoc,049,8938,3,0,0,0,0
2020-07-23,Mono,051,14174,131,82,2,84,1
2020-07-23,Monterey,053,433212,4667,3655,9,3664,21
2020-07-23,Napa,055,140530,1023,713,0,713,5
2020-07-23,Nevada,057,99092,314,247,13,260,1
2020-07-23,Orange,059,3164182,40617,32863,678,33541,544
2020-07-23,Placer,061,380077,2004,1519,3,1522,12
2020-07-23,Plumas,063,18699,32,21,0,21,0
2020-07-23,Riverside,065,2383286,41200,33833,40,33873,630
2020-07-23,Sacramento,067,1510023,11123,8222,11,8233,108
2020-07-23,San Benito,069,59416,618,478,0,478,2
2020-07-23,San Bernardino,071,2135413,36399,28121,135,28256,369
2020-07-23,San Diego,073,3302833,29956,25109,3,25112,505
2020-07-23,San Francisco,075,870044,6652,5543,7,5550,55
2020-07-23,San Joaquin,077,732212,13028,9861,5,9866,111
2020-07-23,San Luis Obispo,079,281455,1911,1438,7,1445,7
2020-07-23,San Mateo,081,765935,5874,4895,7,4902,113
2020-07-23,Santa Barbara,083,443738,6290,5628,58,5686,30
2020-07-23,Santa Clara,085,1922200,11408,8458,28,8486,165
2020-07-23,Santa Cruz,087,273765,1143,887,7,894,3
2020-07-23,Shasta,089,179085,427,254,1,255,9
2020-07-23,Sierra,091,2930,2,1,0,1,0
2020-07-23,Siskiyou,093,43540,82,53,0,53,0
2020-07-23,Solano,095,438530,3938,2962,9,2971,29
2020-07-23,Sonoma,097,501317,3230,2289,6,2295,18
2020-07-23,Stanislaus,099,539301,10174,7603,12,7615,71
2020-07-23,Sutter,101,95872,708,570,0,570,2
2020-07-23,Tehama,103,63373,239,158,2,160,1
2020-07-23,Trinity,105,12862,24,3,6,9,0
2020-07-23,Tulare,107,460477,10096,7898,28,7926,168
2020-07-23,Tuolumne,109,53932,140,93,4,97,0
2020-07-23,Ventura,111,848112,7963,6303,27,6330,56
2020-07-23,Yolo,113,214977,1682,1279,3,1282,35
2020-07-23,Yuba,115,75493,390,297,0,297,1
2020-07-22,Alameda,001,1643700,12102,9678,36,9714,169
2020-07-22,Alpine,002,1148,2,2,0,2,0
2020-07-22,Amador,005,37829,118,58,0,58,0
2020-07-22,Butte,007,227075,968,694,30,724,5
2020-07-22,Calaveras,009,45235,117,98,0,98,0
2020-07-22,Colusa,011,21464,322,236,0,236,0
2020-07-22,Contra Costa,013,1133247,8729,6401,25,6426,98
2020-07-22,Del Norte,015,27424,84,66,0,66,0
2020-07-22,El Dorado,017,186661,690,466,6,472,1
2020-07-22,Fresno,019,978130,19107,11756,158,11914,110
2020-07-22,Glenn,021,27897,338,236,0,236,1
2020-07-22,Humboldt,023,135768,238,201,1,202,4
2020-07-22,Imperial,025,180216,9938,7533,5,7538,134
2020-07-22,Inyo,027,18085,49,38,1,39,1
2020-07-22,Kern,029,883053,21714,13513,102,13615,127
2020-07-22,Kings,031,150075,4126,3271,20,3291,38
2020-07-22,Lake,033,64148,197,160,0,160,1
2020-07-22,Lassen,035,31185,568,500,2,502,0
2020-07-22,Los Angeles,037,10098052,184257,165242,406,165648,4218
2020-07-22,Madera,039,155013,2332,1578,4,1582,10
2020-07-22,Marin,041,260295,5001,4373,5,4378,23
2020-07-22,Mariposa,043,17540,55,38,0,38,1
2020-07-22,Mendocino,045,87422,243,166,0,166,0
2020-07-22,Merced,047,269075,4834,2828,2,2830,15
2020-07-22,Modoc,049,8938,3,0,0,0,0
2020-07-22,Mono,051,14174,128,82,2,84,1
2020-07-22,Monterey,053,433212,4566,3533,9,3542,20
2020-07-22,Napa,055,140530,1001,687,0,687,5
2020-07-22,Nevada,057,99092,308,239,12,251,1
2020-07-22,Orange,059,3164182,40118,32047,669,32716,522
2020-07-22,Placer,061,380077,1948,1469,3,1472,12
2020-07-22,Plumas,063,18699,31,20,0,20,0
2020-07-22,Riverside,065,2383286,40564,33093,40,33133,612
2020-07-22,Sacramento,067,1510023,10861,8028,11,8039,106
2020-07-22,San Benito,069,59416,604,465,0,465,2
2020-07-22,San Bernardino,071,2135413,35877,26820,124,26944,348
2020-07-22,San Diego,073,3302833,29568,25109,2,25111,505
2020-07-22,San Francisco,075,870044,6548,5473,6,5479,53
2020-07-22,San Joaquin,077,732212,12750,9628,5,9633,102
2020-07-22,San Luis Obispo,079,281455,1865,1373,7,1380,7
2020-07-22,San Mateo,081,765935,5785,4796,7,4803,112
2020-07-22,Santa Barbara,083,443738,6206,5508,56,5564,29
2020-07-22,Santa Clara,085,1922200,11165,8266,28,8294,166
2020-07-22,Santa Cruz,087,273765,1119,866,7,873,3
2020-07-22,Shasta,089,179085,417,246,1,247,9
2020-07-22,Sierra,091,2930,1,1,0,1,0
2020-07-22,Siskiyou,093,43540,81,52,0,52,0
2020-07-22,Solano,095,438530,3877,2839,8,2847,29
2020-07-22,Sonoma,097,501317,3153,2255,6,2261,17
2020-07-22,Stanislaus,099,539301,10003,7401,12,7413,71
2020-07-22,Sutter,101,95872,684,551,0,551,2
2020-07-22,Tehama,103,63373,231,155,2,157,1
2020-07-22,Trinity,105,12862,23,3,6,9,0
2020-07-22,Tulare,107,460477,9863,7640,28,7668,167
2020-07-22,Tuolumne,109,53932,136,91,4,95,0
2020-07-22,Ventura,111,848112,7835,6223,25,6248,56
2020-07-22,Yolo,113,214977,1640,1233,3,1236,34
2020-07-22,Yuba,115,75493,375,288,0,288,1
2020-07-21,Alameda,001,1643700,11888,9390,36,9426,166
2020-07-21,Alpine,002,1148,2,2,0,2,0
2020-07-21,Amador,005,37829,113,55,0,55,0
2020-07-21,Butte,007,227075,923,659,29,688,5
2020-07-21,Calaveras,009,45235,111,96,0,96,0
2020-07-21,Colusa,011,21464,298,227,0,227,0
2020-07-21,Contra Costa,013,1133247,8487,6210,25,6235,98
2020-07-21,Del Norte,015,27424,84,66,0,66,0
2020-07-21,El Dorado,017,186661,682,440,6,446,1
2020-07-21,Fresno,019,978130,18707,11412,152,11564,107
2020-07-21,Glenn,021,27897,331,229,0,229,1
2020-07-21,Humboldt,023,135768,236,198,1,199,4
2020-07-21,Imperial,025,180216,9887,7458,5,7463,128
2020-07-21,Inyo,027,18085,48,38,1,39,1
2020-07-21,Kern,029,883053,21292,11998,96,12094,119
2020-07-21,Kings,031,150075,4061,3187,19,3206,38
2020-07-21,Lake,033,64148,197,157,0,157,1
2020-07-21,Lassen,035,31185,566,474,2,476,0
2020-07-21,Los Angeles,037,10098052,181269,162205,382,162587,4159
2020-07-21,Madera,039,155013,2267,1508,3,1511,10
2020-07-21,Marin,041,260295,4929,4318,5,4323,21
2020-07-21,Mariposa,043,17540,54,37,0,37,1
2020-07-21,Mendocino,045,87422,232,160,0,160,0
2020-07-21,Merced,047,269075,4647,2725,2,2727,15
2020-07-21,Modoc,049,8938,3,0,0,0,0
2020-07-21,Mono,051,14174,124,79,2,81,1
2020-07-21,Monterey,053,433212,4434,3404,8,3412,20
2020-07-21,Napa,055,140530,974,660,0,660,5
2020-07-21,Nevada,057,99092,306,228,10,238,1
2020-07-21,Orange,059,3164182,39622,31356,637,31993,515
2020-07-21,Placer,061,380077,1907,1413,3,1416,11
2020-07-21,Plumas,063,18699,31,19,0,19,0
2020-07-21,Riverside,065,2383286,39862,32231,40,32271,583
2020-07-21,Sacramento,067,1510023,10589,7789,10,7799,102
2020-07-21,San Benito,069,59416,593,444,0,444,2
2020-07-21,San Bernardino,071,2135413,35230,25323,117,25440,343
2020-07-21,San Diego,073,3302833,29119,24522,2,24524,487
2020-07-21,San Francisco,075,870044,6439,5377,6,5383,53
2020-07-21,San Joaquin,077,732212,12422,9150,5,9155,99
2020-07-21,San Luis Obispo,079,281455,1816,1338,7,1345,7
2020-07-21,San Mateo,081,765935,5693,4733,7,4740,111
2020-07-21,Santa Barbara,083,443738,6126,5422,55,5477,29
2020-07-21,Santa Clara,085,1922200,10902,7989,28,8017,164
2020-07-21,Santa Cruz,087,273765,1086,835,7,842,3
2020-07-21,Shasta,089,179085,409,241,1,242,9
2020-07-21,Sierra,091,2930,1,1,0,1,0
2020-07-21,Siskiyou,093,43540,81,48,0,48,0
2020-07-21,Solano,095,438530,3805,2727,8,2735,27
2020-07-21,Sonoma,097,501317,3096,2200,6,2206,17
2020-07-21,Stanislaus,099,539301,9740,6984,12,6996,69
2020-07-21,Sutter,101,95872,668,533,0,533,2
2020-07-21,Tehama,103,63373,221,150,2,152,1
2020-07-21,Trinity,105,12862,23,2,6,8,0
2020-07-21,Tulare,107,460477,9661,7447,28,7475,167
2020-07-21,Tuolumne,109,53932,134,75,4,79,0
2020-07-21,Ventura,111,848112,7703,6131,25,6156,55
2020-07-21,Yolo,113,214977,1586,1204,3,1207,34
2020-07-21,Yuba,115,75493,369,269,0,269,1
2020-07-20,Alameda,001,1643700,11633,9244,35,9279,162
2020-07-20,Alpine,002,1148,2,2,0,2,0
2020-07-20,Amador,005,37829,110,53,0,53,0
2020-07-20,Butte,007,227075,886,586,29,615,4
2020-07-20,Calaveras,009,45235,108,90,0,90,0
2020-07-20,Colusa,011,21464,287,217,0,217,0
2020-07-20,Contra Costa,013,1133247,8279,5823,25,5848,97
2020-07-20,Del Norte,015,27424,84,61,0,61,0
2020-07-20,El Dorado,017,186661,659,407,6,413,0
2020-07-20,Fresno,019,978130,18261,10891,151,11042,106
2020-07-20,Glenn,021,27897,323,225,0,225,1
2020-07-20,Humboldt,023,135768,229,194,1,195,4
2020-07-20,Imperial,025,180216,9846,7337,5,7342,124
2020-07-20,Inyo,027,18085,46,38,1,39,1
2020-07-20,Kern,029,883053,20782,10908,92,11000,118
2020-07-20,Kings,031,150075,4011,3093,19,3112,37
2020-07-20,Lake,033,64148,194,147,0,147,1
2020-07-20,Lassen,035,31185,564,474,2,476,0
2020-07-20,Los Angeles,037,10098052,178306,159202,355,159557,4108
2020-07-20,Madera,039,155013,2192,1433,3,1436,10
2020-07-20,Marin,041,260295,4846,4255,5,4260,21
2020-07-20,Mariposa,043,17540,53,36,0,36,1
2020-07-20,Mendocino,045,87422,219,153,0,153,0
2020-07-20,Merced,047,269075,4472,2584,2,2586,15
2020-07-20,Modoc,049,8938,3,0,0,0,0
2020-07-20,Mono,051,14174,118,78,2,80,1
2020-07-20,Monterey,053,433212,4328,3205,8,3213,19
2020-07-20,Napa,055,140530,939,632,0,632,5
2020-07-20,Nevada,057,99092,298,218,10,228,1
2020-07-20,Orange,059,3164182,39012,30337,607,30944,507
2020-07-20,Placer,061,380077,1856,1364,3,1367,11
2020-07-20,Plumas,063,18699,30,17,0,17,0
2020-07-20,Riverside,065,2383286,39030,31163,40,31203,581
2020-07-20,Sacramento,067,1510023,10261,7369,10,7379,99
2020-07-20,San Benito,069,59416,575,433,0,433,2
2020-07-20,San Bernardino,071,2135413,34422,24226,113,24339,338
2020-07-20,San Diego,073,3302833,28677,24137,2,24139,478
2020-07-20,San Francisco,075,870044,6318,5090,6,5096,53
2020-07-20,San Joaquin,077,732212,12066,8583,5,8588,97
2020-07-20,San Luis Obispo,079,281455,1774,1282,7,1289,6
2020-07-20,San Mateo,081,765935,5593,4609,7,4616,111
2020-07-20,Santa Barbara,083,443738,6016,5266,53,5319,29
2020-07-20,Santa Clara,085,1922200,10674,7711,27,7738,164
2020-07-20,Santa Cruz,087,273765,1054,758,7,765,3
2020-07-20,Shasta,089,179085,394,233,1,234,9
2020-07-20,Sierra,091,2930,1,1,0,1,0
2020-07-20,Siskiyou,093,43540,77,42,0,42,0
2020-07-20,Solano,095,438530,3722,2537,8,2545,26
2020-07-20,Sonoma,097,501317,2990,2148,6,2154,17
2020-07-20,Stanislaus,099,539301,9456,6835,12,6847,58
2020-07-20,Sutter,101,95872,635,507,0,507,2
2020-07-20,Tehama,103,63373,211,146,2,148,1
2020-07-20,Trinity,105,12862,23,2,6,8,0
2020-07-20,Tulare,107,460477,9427,6974,28,7002,166
2020-07-20,Tuolumne,109,53932,133,75,4,79,0
2020-07-20,Ventura,111,848112,7569,5912,25,5937,52
2020-07-20,Yolo,113,214977,1545,1155,3,1158,30
2020-07-20,Yuba,115,75493,349,258,0,258,1
2020-07-19,Alameda,001,1643700,11392,9227,29,9256,162
2020-07-19,Alpine,002,1148,2,2,0,2,0
2020-07-19,Amador,005,37829,103,51,0,51,0
2020-07-19,Butte,007,227075,861,555,25,580,4
2020-07-19,Calaveras,009,45235,106,89,0,89,0
2020-07-19,Colusa,011,21464,279,187,0,187,0
2020-07-19,Contra Costa,013,1133247,7988,5691,23,5714,95
2020-07-19,Del Norte,015,27424,83,61,0,61,0
2020-07-19,El Dorado,017,186661,641,385,6,391,0
2020-07-19,Fresno,019,978130,17737,10639,139,10778,106
2020-07-19,Glenn,021,27897,309,215,0,215,0
2020-07-19,Humboldt,023,135768,221,195,1,196,4
2020-07-19,Imperial,025,180216,9755,7280,5,7285,124
2020-07-19,Inyo,027,18085,42,38,1,39,1
2020-07-19,Kern,029,883053,20165,10094,84,10178,115
2020-07-19,Kings,031,150075,3925,3035,19,3054,37
2020-07-19,Lake,033,64148,189,144,0,144,1
2020-07-19,Lassen,035,31185,545,474,2,476,0
2020-07-19,Los Angeles,037,10098052,174860,156039,332,156371,4100
2020-07-19,Madera,039,155013,2115,1301,3,1304,10
2020-07-19,Marin,041,260295,4791,4172,5,4177,21
2020-07-19,Mariposa,043,17540,49,35,0,35,1
2020-07-19,Mendocino,045,87422,214,137,0,137,0
2020-07-19,Merced,047,269075,4259,2460,2,2462,15
2020-07-19,Modoc,049,8938,3,0,0,0,0
2020-07-19,Mono,051,14174,107,63,2,65,1
2020-07-19,Monterey,053,433212,4209,3079,8,3087,18
2020-07-19,Napa,055,140530,911,612,0,612,5
2020-07-19,Nevada,057,99092,292,210,10,220,1
2020-07-19,Orange,059,3164182,38448,29941,594,30535,505
2020-07-19,Placer,061,380077,1809,1246,3,1249,11
2020-07-19,Plumas,063,18699,30,17,0,17,0
2020-07-19,Riverside,065,2383286,38325,30340,40,30380,581
2020-07-19,Sacramento,067,1510023,9868,6985,10,6995,97
2020-07-19,San Benito,069,59416,559,412,0,412,2
2020-07-19,San Bernardino,071,2135413,33649,23928,101,24029,337
2020-07-19,San Diego,073,3302833,28176,23684,2,23686,478
2020-07-19,San Francisco,075,870044,6172,5094,6,5100,52
2020-07-19,San Joaquin,077,732212,11659,8308,5,8313,93
2020-07-19,San Luis Obispo,079,281455,1730,1262,7,1269,6
2020-07-19,San Mateo,081,765935,5489,4522,7,4529,110
2020-07-19,Santa Barbara,083,443738,5914,5145,50,5195,29
2020-07-19,Santa Clara,085,1922200,10430,7403,27,7430,164
2020-07-19,Santa Cruz,087,273765,1010,753,7,760,3
2020-07-19,Shasta,089,179085,381,218,1,219,9
2020-07-19,Sierra,091,2930,1,1,0,1,0
2020-07-19,Siskiyou,093,43540,75,42,0,42,0
2020-07-19,Solano,095,438530,3617,2551,8,2559,26
2020-07-19,Sonoma,097,501317,2890,2074,6,2080,17
2020-07-19,Stanislaus,099,539301,9160,6508,12,6520,58
2020-07-19,Sutter,101,95872,604,480,0,480,2
2020-07-19,Tehama,103,63373,207,138,2,140,1
2020-07-19,Trinity,105,12862,23,2,6,8,0
2020-07-19,Tulare,107,460477,9179,6856,28,6884,166
2020-07-19,Tuolumne,109,53932,128,75,4,79,0
2020-07-19,Ventura,111,848112,7379,5706,25,5731,52
2020-07-19,Yolo,113,214977,1505,1127,3,1130,30
2020-07-19,Yuba,115,75493,329,240,0,240,1
2020-07-18,Alameda,001,1643700,11255,9089,28,9117,162
2020-07-18,Alpine,002,1148,2,2,0,2,0
2020-07-18,Amador,005,37829,99,49,0,49,0
2020-07-18,Butte,007,227075,852,551,24,575,4
2020-07-18,Calaveras,009,45235,102,89,0,89,0
2020-07-18,Colusa,011,21464,274,182,0,182,0
2020-07-18,Contra Costa,013,1133247,7854,5617,23,5640,95
2020-07-18,Del Norte,015,27424,83,61,0,61,0
2020-07-18,El Dorado,017,186661,638,385,6,391,0
2020-07-18,Fresno,019,978130,17488,10381,137,10518,106
2020-07-18,Glenn,021,27897,303,212,0,212,0
2020-07-18,Humboldt,023,135768,218,189,1,190,4
2020-07-18,Imperial,025,180216,9725,7268,5,7273,124
2020-07-18,Inyo,027,18085,42,38,1,39,1
2020-07-18,Kern,029,883053,19862,9250,81,9331,114
2020-07-18,Kings,031,150075,3885,2996,18,3014,37
2020-07-18,Lake,033,64148,186,142,0,142,1
2020-07-18,Lassen,035,31185,544,474,2,476,0
2020-07-18,Los Angeles,037,10098052,173414,153265,322,153587,4088
2020-07-18,Madera,039,155013,2069,1260,3,1263,9
2020-07-18,Marin,041,260295,4762,4089,5,4094,21
2020-07-18,Mariposa,043,17540,49,35,0,35,1
2020-07-18,Mendocino,045,87422,208,137,0,137,0
2020-07-18,Merced,047,269075,4143,2424,2,2426,15
2020-07-18,Modoc,049,8938,3,0,0,0,0
2020-07-18,Mono,051,14174,105,54,2,56,1
2020-07-18,Monterey,053,433212,4141,3020,8,3028,17
2020-07-18,Napa,055,140530,900,609,0,609,5
2020-07-18,Nevada,057,99092,288,204,9,213,1
2020-07-18,Orange,059,3164182,38129,29603,574,30177,493
2020-07-18,Placer,061,380077,1786,1233,3,1236,11
2020-07-18,Plumas,063,18699,30,17,0,17,0
2020-07-18,Riverside,065,2383286,37971,30245,39,30284,581
2020-07-18,Sacramento,067,1510023,9623,6739,10,6749,95
2020-07-18,San Benito,069,59416,544,407,0,407,2
2020-07-18,San Bernardino,071,2135413,33189,23680,94,23774,336
2020-07-18,San Diego,073,3302833,27873,23116,2,23118,478
2020-07-18,San Francisco,075,870044,6070,5051,6,5057,52
2020-07-18,San Joaquin,077,732212,11446,8118,5,8123,93
2020-07-18,San Luis Obispo,079,281455,1695,1234,7,1241,6
2020-07-18,San Mateo,081,765935,5429,4488,7,4495,110
2020-07-18,Santa Barbara,083,443738,5854,5110,48,5158,29
2020-07-18,Santa Clara,085,1922200,10281,7255,26,7281,164
2020-07-18,Santa Cruz,087,273765,993,751,7,758,3
2020-07-18,Shasta,089,179085,372,216,1,217,9
2020-07-18,Sierra,091,2930,1,1,0,1,0
2020-07-18,Siskiyou,093,43540,71,42,0,42,0
2020-07-18,Solano,095,438530,3576,2503,8,2511,26
2020-07-18,Sonoma,097,501317,2839,2019,6,2025,15
2020-07-18,Stanislaus,099,539301,9025,6344,12,6356,58
2020-07-18,Sutter,101,95872,598,473,0,473,2
2020-07-18,Tehama,103,63373,202,136,2,138,1
2020-07-18,Trinity,105,12862,23,2,6,8,0
2020-07-18,Tulare,107,460477,9088,6810,27,6837,167
2020-07-18,Tuolumne,109,53932,125,75,4,79,0
2020-07-18,Ventura,111,848112,7297,5630,25,5655,52
2020-07-18,Yolo,113,214977,1477,1077,3,1080,30
2020-07-18,Yuba,115,75493,318,237,0,237,1
2020-07-17,Alameda,001,1643700,11113,8893,27,8920,160
2020-07-17,Alpine,002,1148,2,1,0,1,0
2020-07-17,Amador,005,37829,97,48,0,48,0
2020-07-17,Butte,007,227075,838,497,24,521,4
2020-07-17,Calaveras,009,45235,99,86,0,86,0
2020-07-17,Colusa,011,21464,272,146,0,146,0
2020-07-17,Contra Costa,013,1133247,7706,5483,23,5506,93
2020-07-17,Del Norte,015,27424,82,60,0,60,0
2020-07-17,El Dorado,017,186661,622,368,6,374,0
2020-07-17,Fresno,019,978130,17192,9954,137,10091,104
2020-07-17,Glenn,021,27897,296,203,0,203,0
2020-07-17,Humboldt,023,135768,217,185,1,186,4
2020-07-17,Imperial,025,180216,9703,7193,5,7198,120
2020-07-17,Inyo,027,18085,42,38,1,39,1
2020-07-17,Kern,029,883053,19542,8291,80,8371,113
2020-07-17,Kings,031,150075,3846,2978,18,2996,37
2020-07-17,Lake,033,64148,184,139,0,139,1
2020-07-17,Lassen,035,31185,525,391,2,393,0
2020-07-17,Los Angeles,037,10098052,171041,150481,309,150790,4052
2020-07-17,Madera,039,155013,2025,1214,3,1217,9
2020-07-17,Marin,041,260295,4725,3839,5,3844,21
2020-07-17,Mariposa,043,17540,47,35,0,35,1
2020-07-17,Mendocino,045,87422,200,126,0,126,0
2020-07-17,Merced,047,269075,4068,2328,2,2330,12
2020-07-17,Modoc,049,8938,2,0,0,0,0
2020-07-17,Mono,051,14174,100,54,2,56,1
2020-07-17,Monterey,053,433212,4012,2922,8,2930,18
2020-07-17,Napa,055,140530,886,598,0,598,5
2020-07-17,Nevada,057,99092,281,200,9,209,1
2020-07-17,Orange,059,3164182,37666,28962,541,29503,485
2020-07-17,Placer,061,380077,1757,1207,3,1210,11
2020-07-17,Plumas,063,18699,27,16,0,16,0
2020-07-17,Riverside,065,2383286,37371,29639,39,29678,580
2020-07-17,Sacramento,067,1510023,9379,6563,10,6573,95
2020-07-17,San Benito,069,59416,529,399,0,399,2
2020-07-17,San Bernardino,071,2135413,32670,23057,91,23148,322
2020-07-17,San Diego,073,3302833,27485,22491,2,22493,472
2020-07-17,San Francisco,075,870044,5976,4967,6,4973,52
2020-07-17,San Joaquin,077,732212,11202,7925,5,7930,86
2020-07-17,San Luis Obispo,079,281455,1658,1190,7,1197,6
2020-07-17,San Mateo,081,765935,5332,4407,7,4414,110
2020-07-17,Santa Barbara,083,443738,5782,5001,47,5048,29
2020-07-17,Santa Clara,085,1922200,10063,7080,26,7106,164
2020-07-17,Santa Cruz,087,273765,971,716,7,723,3
2020-07-17,Shasta,089,179085,360,213,1,214,8
2020-07-17,Sierra,091,2930,1,1,0,1,0
2020-07-17,Siskiyou,093,43540,70,40,0,40,0
2020-07-17,Solano,095,438530,3527,2452,8,2460,26
2020-07-17,Sonoma,097,501317,2790,1982,6,1988,15
2020-07-17,Stanislaus,099,539301,8851,6220,12,6232,56
2020-07-17,Sutter,101,95872,585,458,0,458,2
2020-07-17,Tehama,103,63373,198,128,2,130,1
2020-07-17,Trinity,105,12862,23,2,6,8,0
2020-07-17,Tulare,107,460477,8952,6671,27,6698,166
2020-07-17,Tuolumne,109,53932,124,73,4,77,0
2020-07-17,Ventura,111,848112,7214,5451,25,5476,51
2020-07-17,Yolo,113,214977,1453,1055,3,1058,30
2020-07-17,Yuba,115,75493,308,231,0,231,1
2020-07-16,Alameda,001,1643700,10880,8719,22,8741,153
2020-07-16,Alpine,002,1148,2,1,0,1,0
2020-07-16,Amador,005,37829,94,46,0,46,0
2020-07-16,Butte,007,227075,802,465,23,488,4
2020-07-16,Calaveras,009,45235,97,82,0,82,0
2020-07-16,Colusa,011,21464,263,140,0,140,0
2020-07-16,Contra Costa,013,1133247,7494,5338,17,5355,91
2020-07-16,Del Norte,015,27424,82,60,0,60,0
2020-07-16,El Dorado,017,186661,605,357,6,363,0
2020-07-16,Fresno,019,978130,16680,9481,128,9609,101
2020-07-16,Glenn,021,27897,287,190,0,190,0
2020-07-16,Humboldt,023,135768,215,184,1,185,4
2020-07-16,Imperial,025,180216,9609,7148,5,7153,113
2020-07-16,Inyo,027,18085,42,38,1,39,1
2020-07-16,Kern,029,883053,19020,7435,78,7513,112
2020-07-16,Kings,031,150075,3680,2937,18,2955,37
2020-07-16,Lake,033,64148,179,128,0,128,1
2020-07-16,Lassen,035,31185,524,355,2,357,0
2020-07-16,Los Angeles,037,10098052,167818,147759,284,148043,3994
2020-07-16,Madera,039,155013,1961,1192,3,1195,8
2020-07-16,Marin,041,260295,4652,3546,5,3551,21
2020-07-16,Mariposa,043,17540,45,34,0,34,1
2020-07-16,Mendocino,045,87422,195,121,0,121,0
2020-07-16,Merced,047,269075,3904,2228,2,2230,12
2020-07-16,Modoc,049,8938,1,0,0,0,0
2020-07-16,Mono,051,14174,97,53,2,55,1
2020-07-16,Monterey,053,433212,3907,2857,7,2864,18
2020-07-16,Napa,055,140530,857,581,0,581,5
2020-07-16,Nevada,057,99092,278,191,9,200,1
2020-07-16,Orange,059,3164182,36963,28525,505,29030,471
2020-07-16,Placer,061,380077,1709,1168,3,1171,11
2020-07-16,Plumas,063,18699,25,16,0,16,0
2020-07-16,Riverside,065,2383286,36624,28904,37,28941,577
2020-07-16,Sacramento,067,1510023,9066,6440,9,6449,91
2020-07-16,San Benito,069,59416,512,389,0,389,2
2020-07-16,San Bernardino,071,2135413,31809,22355,73,22428,321
2020-07-16,San Diego,073,3302833,26998,21857,2,21859,465
2020-07-16,San Francisco,075,870044,5835,4838,6,4844,52
2020-07-16,San Joaquin,077,732212,10839,7713,5,7718,82
2020-07-16,San Luis Obispo,079,281455,1614,1146,7,1153,6
2020-07-16,San Mateo,081,765935,5228,4336,7,4343,110
2020-07-16,Santa Barbara,083,443738,5687,4872,46,4918,28
2020-07-16,Santa Clara,085,1922200,9783,6990,24,7014,164
2020-07-16,Santa Cruz,087,273765,930,698,7,705,3
2020-07-16,Shasta,089,179085,345,208,1,209,7
2020-07-16,Sierra,091,2930,1,1,0,1,0
2020-07-16,Siskiyou,093,43540,67,39,0,39,0
2020-07-16,Solano,095,438530,3433,2372,8,2380,25
2020-07-16,Sonoma,097,501317,2700,1954,6,1960,14
2020-07-16,Stanislaus,099,539301,8568,6077,11,6088,56
2020-07-16,Sutter,101,95872,569,444,0,444,2
2020-07-16,Tehama,103,63373,188,126,2,128,1
2020-07-16,Trinity,105,12862,23,2,5,7,0
2020-07-16,Tulare,107,460477,8738,6467,26,6493,163
2020-07-16,Tuolumne,109,53932,117,71,4,75,0
2020-07-16,Ventura,111,848112,7052,5231,25,5256,50
2020-07-16,Yolo,113,214977,1411,1034,3,1037,29
2020-07-16,Yuba,115,75493,290,221,0,221,1
2020-07-15,Alameda,001,1643700,10675,8615,17,8632,153
2020-07-15,Alpine,002,1148,2,1,0,1,0
2020-07-15,Amador,005,37829,73,44,0,44,0
2020-07-15,Butte,007,227075,760,420,23,443,4
2020-07-15,Calaveras,009,45235,97,75,0,75,0
2020-07-15,Colusa,011,21464,258,135,0,135,0
2020-07-15,Contra Costa,013,1133247,7263,5246,17,5263,90
2020-07-15,Del Norte,015,27424,81,60,0,60,0
2020-07-15,El Dorado,017,186661,581,339,6,345,0
2020-07-15,Fresno,019,978130,16208,9124,122,9246,101
2020-07-15,Glenn,021,27897,278,184,0,184,0
2020-07-15,Humboldt,023,135768,213,181,1,182,4
2020-07-15,Imperial,025,180216,9542,7110,5,7115,110
2020-07-15,Inyo,027,18085,42,36,1,37,1
2020-07-15,Kern,029,883053,18400,7155,74,7229,108
2020-07-15,Kings,031,150075,3618,2906,18,2924,37
2020-07-15,Lake,033,64148,177,122,0,122,1
2020-07-15,Lassen,035,31185,520,319,2,321,0
2020-07-15,Los Angeles,037,10098052,164351,143343,269,143612,3946
2020-07-15,Madera,039,155013,1892,1147,3,1150,4
2020-07-15,Marin,041,260295,4597,3458,5,3463,21
2020-07-15,Mariposa,043,17540,45,34,0,34,1
2020-07-15,Mendocino,045,87422,192,119,0,119,0
2020-07-15,Merced,047,269075,3761,2156,2,2158,12
2020-07-15,Modoc,049,8938,1,0,0,0,0
2020-07-15,Mono,051,14174,95,52,2,54,1
2020-07-15,Monterey,053,433212,3795,2780,7,2787,18
2020-07-15,Napa,055,140530,831,573,0,573,5
2020-07-15,Nevada,057,99092,274,185,7,192,1
2020-07-15,Orange,059,3164182,36164,27718,471,28189,454
2020-07-15,Placer,061,380077,1651,1145,3,1148,11
2020-07-15,Plumas,063,18699,25,16,0,16,0
2020-07-15,Riverside,065,2383286,35842,28492,35,28527,568
2020-07-15,Sacramento,067,1510023,8686,6217,9,6226,91
2020-07-15,San Benito,069,59416,503,388,0,388,2
2020-07-15,San Bernardino,071,2135413,31019,21508,57,21565,317
2020-07-15,San Diego,073,3302833,26531,21448,2,21450,448
2020-07-15,San Francisco,075,870044,5721,4757,6,4763,50
2020-07-15,San Joaquin,077,732212,10408,7381,4,7385,75
2020-07-15,San Luis Obispo,079,281455,1571,1097,7,1104,6
2020-07-15,San Mateo,081,765935,5115,4258,7,4265,109
2020-07-15,Santa Barbara,083,443738,5573,4733,46,4779,28
2020-07-15,Santa Clara,085,1922200,9480,6900,24,6924,164
2020-07-15,Santa Cruz,087,273765,894,660,6,666,3
2020-07-15,Shasta,089,179085,336,193,1,194,7
2020-07-15,Sierra,091,2930,1,1,0,1,0
2020-07-15,Siskiyou,093,43540,66,38,0,38,0
2020-07-15,Solano,095,438530,3338,2343,8,2351,25
2020-07-15,Sonoma,097,501317,2601,1920,6,1926,14
2020-07-15,Stanislaus,099,539301,8271,5777,11,5788,56
2020-07-15,Sutter,101,95872,543,433,0,433,2
2020-07-15,Tehama,103,63373,180,126,2,128,1
2020-07-15,Trinity,105,12862,22,2,5,7,0
2020-07-15,Tulare,107,460477,8526,6320,26,6346,156
2020-07-15,Tuolumne,109,53932,110,68,4,72,0
2020-07-15,Ventura,111,848112,6875,5087,25,5112,50
2020-07-15,Yolo,113,214977,1377,1002,3,1005,27
2020-07-15,Yuba,115,75493,278,221,0,221,1
2020-07-14,Alameda,001,1643700,10334,8388,11,8399,151
2020-07-14,Alpine,002,1148,2,1,0,1,0
2020-07-14,Amador,005,37829,69,44,0,44,0
2020-07-14,Butte,007,227075,714,382,23,405,4
2020-07-14,Calaveras,009,45235,95,74,0,74,0
2020-07-14,Colusa,011,21464,248,128,0,128,0
2020-07-14,Contra Costa,013,1133247,7026,5110,15,5125,90
2020-07-14,Del Norte,015,27424,80,60,0,60,0
2020-07-14,El Dorado,017,186661,566,324,6,330,0
2020-07-14,Fresno,019,978130,15784,8941,117,9058,98
2020-07-14,Glenn,021,27897,268,177,0,177,0
2020-07-14,Humboldt,023,135768,210,175,1,176,4
2020-07-14,Imperial,025,180216,9416,7095,5,7100,109
2020-07-14,Inyo,027,18085,42,35,1,36,1
2020-07-14,Kern,029,883053,17641,6979,61,7040,107
2020-07-14,Kings,031,150075,3551,2867,17,2884,37
2020-07-14,Lake,033,64148,171,120,0,120,1
2020-07-14,Lassen,035,31185,503,263,2,265,0
2020-07-14,Los Angeles,037,10098052,161219,140632,240,140872,3900
2020-07-14,Madera,039,155013,1818,1118,3,1121,4
2020-07-14,Marin,041,260295,4483,3451,5,3456,21
2020-07-14,Mariposa,043,17540,41,32,0,32,1
2020-07-14,Mendocino,045,87422,184,110,0,110,0
2020-07-14,Merced,047,269075,3576,2084,2,2086,12
2020-07-14,Modoc,049,8938,1,0,0,0,0
2020-07-14,Mono,051,14174,85,48,2,50,1
2020-07-14,Monterey,053,433212,3682,2724,7,2731,18
2020-07-14,Napa,055,140530,775,557,0,557,4
2020-07-14,Nevada,057,99092,257,180,6,186,1
2020-07-14,Orange,059,3164182,35282,26915,423,27338,432
2020-07-14,Placer,061,380077,1593,1122,3,1125,11
2020-07-14,Plumas,063,18699,24,14,0,14,0
2020-07-14,Riverside,065,2383286,35085,27850,34,27884,547
2020-07-14,Sacramento,067,1510023,8332,5978,9,5987,87
2020-07-14,San Benito,069,59416,484,360,0,360,2
2020-07-14,San Bernardino,071,2135413,30167,20489,47,20536,316
2020-07-14,San Diego,073,3302833,25911,20887,2,20889,436
2020-07-14,San Francisco,075,870044,5570,4659,5,4664,50
2020-07-14,San Joaquin,077,732212,9981,7143,4,7147,75
2020-07-14,San Luis Obispo,079,281455,1533,1060,7,1067,5
2020-07-14,San Mateo,081,765935,5022,4173,7,4180,108
2020-07-14,Santa Barbara,083,443738,5449,4641,44,4685,28
2020-07-14,Santa Clara,085,1922200,9152,6686,21,6707,164
2020-07-14,Santa Cruz,087,273765,855,639,6,645,3
2020-07-14,Shasta,089,179085,327,190,1,191,7
2020-07-14,Sierra,091,2930,1,1,0,1,0
2020-07-14,Siskiyou,093,43540,65,38,0,38,0
2020-07-14,Solano,095,438530,3239,2266,7,2273,25
2020-07-14,Sonoma,097,501317,2508,1866,6,1872,14
2020-07-14,Stanislaus,099,539301,7896,5631,10,5641,53
2020-07-14,Sutter,101,95872,524,405,0,405,2
2020-07-14,Tehama,103,63373,168,123,2,125,1
2020-07-14,Trinity,105,12862,21,2,5,7,0
2020-07-14,Tulare,107,460477,8280,6199,26,6225,156
2020-07-14,Tuolumne,109,53932,105,68,4,72,0
2020-07-14,Ventura,111,848112,6714,4950,25,4975,50
2020-07-14,Yolo,113,214977,1330,966,3,969,27
2020-07-14,Yuba,115,75493,261,210,0,210,1
2020-07-13,Alameda,001,1643700,10025,8115,11,8126,148
2020-07-13,Alpine,002,1148,2,1,0,1,0
2020-07-13,Amador,005,37829,65,42,0,42,0
2020-07-13,Butte,007,227075,678,354,23,377,4
2020-07-13,Calaveras,009,45235,87,63,0,63,0
2020-07-13,Colusa,011,21464,242,116,0,116,0
2020-07-13,Contra Costa,013,1133247,6756,4882,13,4895,88
2020-07-13,Del Norte,015,27424,74,59,0,59,0
2020-07-13,El Dorado,017,186661,535,298,6,304,0
2020-07-13,Fresno,019,978130,15354,8666,112,8778,95
2020-07-13,Glenn,021,27897,261,168,0,168,0
2020-07-13,Humboldt,023,135768,205,174,1,175,4
2020-07-13,Imperial,025,180216,9329,7052,5,7057,109
2020-07-13,Inyo,027,18085,41,35,1,36,1
2020-07-13,Kern,029,883053,16956,6808,55,6863,107
2020-07-13,Kings,031,150075,3500,2824,17,2841,37
2020-07-13,Lake,033,64148,166,118,0,118,1
2020-07-13,Lassen,035,31185,498,237,2,239,0
2020-07-13,Los Angeles,037,10098052,157985,136368,226,136594,3829
2020-07-13,Madera,039,155013,1749,1059,3,1062,4
2020-07-13,Marin,041,260295,4379,3402,5,3407,21
2020-07-13,Mariposa,043,17540,40,31,0,31,1
2020-07-13,Mendocino,045,87422,180,87,0,87,0
2020-07-13,Merced,047,269075,3424,2007,2,2009,12
2020-07-13,Modoc,049,8938,1,0,0,0,0
2020-07-13,Mono,051,14174,81,47,1,48,1
2020-07-13,Monterey,053,433212,3559,2613,5,2618,18
2020-07-13,Napa,055,140530,739,534,0,534,4
2020-07-13,Nevada,057,99092,243,172,6,178,1
2020-07-13,Orange,059,3164182,34416,25978,391,26369,423
2020-07-13,Placer,061,380077,1548,1096,3,1099,11
2020-07-13,Plumas,063,18699,22,14,0,14,0
2020-07-13,Riverside,065,2383286,34158,27136,32,27168,545
2020-07-13,Sacramento,067,1510023,8035,5747,9,5756,85
2020-07-13,San Benito,069,59416,471,343,0,343,2
2020-07-13,San Bernardino,071,2135413,29293,19610,40,19650,313
2020-07-13,San Diego,073,3302833,25344,20348,2,20350,422
2020-07-13,San Francisco,075,870044,5443,4534,4,4538,50
2020-07-13,San Joaquin,077,732212,9566,6927,4,6931,71
2020-07-13,San Luis Obispo,079,281455,1502,989,7,996,5
2020-07-13,San Mateo,081,765935,4891,4057,7,4064,108
2020-07-13,Santa Barbara,083,443738,5335,4441,43,4484,28
2020-07-13,Santa Clara,085,1922200,8829,6488,20,6508,164
2020-07-13,Santa Cruz,087,273765,817,574,6,580,3
2020-07-13,Shasta,089,179085,316,185,1,186,6
2020-07-13,Sierra,091,2930,1,1,0,1,0
2020-07-13,Siskiyou,093,43540,61,37,0,37,0
2020-07-13,Solano,095,438530,3127,2046,7,2053,23
2020-07-13,Sonoma,097,501317,2397,1818,6,1824,14
2020-07-13,Stanislaus,099,539301,7593,5324,9,5333,53
2020-07-13,Sutter,101,95872,486,379,0,379,2
2020-07-13,Tehama,103,63373,155,112,2,114,1
2020-07-13,Trinity,105,12862,21,2,5,7,0
2020-07-13,Tulare,107,460477,8019,5930,24,5954,147
2020-07-13,Tuolumne,109,53932,97,56,4,60,0
2020-07-13,Ventura,111,848112,6524,4800,22,4822,50
2020-07-13,Yolo,113,214977,1285,941,3,944,27
2020-07-13,Yuba,115,75493,246,194,0,194,1
2020-07-12,Alameda,001,1643700,9755,8056,11,8067,148
2020-07-12,Alpine,002,1148,2,1,0,1,0
2020-07-12,Amador,005,37829,55,40,0,40,0
2020-07-12,Butte,007,227075,627,341,22,363,4
2020-07-12,Calaveras,009,45235,87,62,0,62,0
2020-07-12,Colusa,011,21464,208,116,0,116,0
2020-07-12,Contra Costa,013,1133247,6488,4708,11,4719,88
2020-07-12,Del Norte,015,27424,63,59,0,59,0
2020-07-12,El Dorado,017,186661,513,290,6,296,0
2020-07-12,Fresno,019,978130,14931,8407,107,8514,95
2020-07-12,Glenn,021,27897,248,166,0,166,0
2020-07-12,Humboldt,023,135768,201,174,1,175,4
2020-07-12,Imperial,025,180216,9214,6999,5,7004,109
2020-07-12,Inyo,027,18085,39,35,1,36,1
2020-07-12,Kern,029,883053,16213,6662,51,6713,105
2020-07-12,Kings,031,150075,3438,2779,17,2796,34
2020-07-12,Lake,033,64148,157,114,0,114,1
2020-07-12,Lassen,035,31185,491,237,2,239,0
2020-07-12,Los Angeles,037,10098052,154562,133830,197,134027,3816
2020-07-12,Madera,039,155013,1693,1025,3,1028,4
2020-07-12,Marin,041,260295,4303,3358,5,3363,21
2020-07-12,Mariposa,043,17540,39,31,0,31,1
2020-07-12,Mendocino,045,87422,161,88,0,88,0
2020-07-12,Merced,047,269075,3286,1908,2,1910,12
2020-07-12,Modoc,049,8938,1,0,0,0,0
2020-07-12,Mono,051,14174,71,45,1,46,1
2020-07-12,Monterey,053,433212,3444,2521,5,2526,18
2020-07-12,Napa,055,140530,708,519,0,519,4
2020-07-12,Nevada,057,99092,233,166,6,172,1
2020-07-12,Orange,059,3164182,33537,25399,382,25781,422
2020-07-12,Placer,061,380077,1491,1058,3,1061,11
2020-07-12,Plumas,063,18699,21,14,0,14,0
2020-07-12,Riverside,065,2383286,33400,26404,31,26435,542
2020-07-12,Sacramento,067,1510023,7723,5515,7,5522,85
2020-07-12,San Benito,069,59416,456,324,0,324,2
2020-07-12,San Bernardino,071,2135413,28381,19042,36,19078,312
2020-07-12,San Diego,073,3302833,24714,19929,2,19931,422
2020-07-12,San Francisco,075,870044,5294,4535,4,4539,50
2020-07-12,San Joaquin,077,732212,9203,6703,4,6707,71
2020-07-12,San Luis Obispo,079,281455,1455,972,7,979,5
2020-07-12,San Mateo,081,765935,4773,3988,7,3995,108
2020-07-12,Santa Barbara,083,443738,5205,4353,42,4395,28
2020-07-12,Santa Clara,085,1922200,8590,6252,19,6271,164
2020-07-12,Santa Cruz,087,273765,775,573,5,578,3
2020-07-12,Shasta,089,179085,310,173,1,174,6
2020-07-12,Sierra,091,2930,1,1,0,1,0
2020-07-12,Siskiyou,093,43540,59,36,0,36,0
2020-07-12,Solano,095,438530,3002,2037,7,2044,23
2020-07-12,Sonoma,097,501317,2303,1743,6,1749,13
2020-07-12,Stanislaus,099,539301,7289,5177,9,5186,53
2020-07-12,Sutter,101,95872,468,362,0,362,2
2020-07-12,Tehama,103,63373,148,111,2,113,1
2020-07-12,Trinity,105,12862,21,2,5,7,0
2020-07-12,Tulare,107,460477,7763,5864,23,5887,146
2020-07-12,Tuolumne,109,53932,90,52,4,56,0
2020-07-12,Ventura,111,848112,6308,4724,21,4745,50
2020-07-12,Yolo,113,214977,1244,889,3,892,27
2020-07-12,Yuba,115,75493,235,188,0,188,1
2020-07-11,Alameda,001,1643700,9652,7845,11,7856,148
2020-07-11,Alpine,002,1148,2,1,0,1,0
2020-07-11,Amador,005,37829,51,37,0,37,0
2020-07-11,Butte,007,227075,611,325,22,347,4
2020-07-11,Calaveras,009,45235,84,62,0,62,0
2020-07-11,Colusa,011,21464,203,110,0,110,0
2020-07-11,Contra Costa,013,1133247,6373,4650,11,4661,87
2020-07-11,Del Norte,015,27424,63,59,0,59,0
2020-07-11,El Dorado,017,186661,502,283,6,289,0
2020-07-11,Fresno,019,978130,14670,8086,104,8190,95
2020-07-11,Glenn,021,27897,240,161,0,161,0
2020-07-11,Humboldt,023,135768,200,174,1,175,4
2020-07-11,Imperial,025,180216,9175,6884,5,6889,109
2020-07-11,Inyo,027,18085,39,35,1,36,1
2020-07-11,Kern,029,883053,15856,6509,50,6559,103
2020-07-11,Kings,031,150075,3411,2753,17,2770,33
2020-07-11,Lake,033,64148,156,110,0,110,1
2020-07-11,Lassen,035,31185,490,237,2,239,0
2020-07-11,Los Angeles,037,10098052,152844,130479,187,130666,3802
2020-07-11,Madera,039,155013,1652,988,3,991,4
2020-07-11,Marin,041,260295,4275,3191,5,3196,21
2020-07-11,Mariposa,043,17540,39,31,0,31,1
2020-07-11,Mendocino,045,87422,157,88,0,88,0
2020-07-11,Merced,047,269075,3204,1851,2,1853,12
2020-07-11,Modoc,049,8938,1,0,0,0,0
2020-07-11,Mono,051,14174,68,45,1,46,1
2020-07-11,Monterey,053,433212,3355,2376,5,2381,18
2020-07-11,Napa,055,140530,696,509,0,509,4
2020-07-11,Nevada,057,99092,224,163,5,168,1
2020-07-11,Orange,059,3164182,33160,24430,368,24798,422
2020-07-11,Placer,061,380077,1457,1029,3,1032,11
2020-07-11,Plumas,063,18699,21,12,0,12,0
2020-07-11,Riverside,065,2383286,33009,25994,31,26025,538
2020-07-11,Sacramento,067,1510023,7549,5367,7,5374,84
2020-07-11,San Benito,069,59416,441,314,0,314,2
2020-07-11,San Bernardino,071,2135413,27944,18907,34,18941,310
2020-07-11,San Diego,073,3302833,24322,19371,2,19373,422
2020-07-11,San Francisco,075,870044,5198,4430,3,4433,50
2020-07-11,San Joaquin,077,732212,9025,6518,4,6522,72
2020-07-11,San Luis Obispo,079,281455,1407,930,7,937,4
2020-07-11,San Mateo,081,765935,4705,3956,7,3963,108
2020-07-11,Santa Barbara,083,443738,5136,4283,41,4324,28
2020-07-11,Santa Clara,085,1922200,8430,5959,19,5978,164
2020-07-11,Santa Cruz,087,273765,744,571,5,576,3
2020-07-11,Shasta,089,179085,303,168,1,169,6
2020-07-11,Sierra,091,2930,1,1,0,1,0
2020-07-11,Siskiyou,093,43540,59,36,0,36,0
2020-07-11,Solano,095,438530,2961,2034,7,2041,23
2020-07-11,Sonoma,097,501317,2265,1690,6,1696,13
2020-07-11,Stanislaus,099,539301,7149,4911,9,4920,51
2020-07-11,Sutter,101,95872,452,352,0,352,2
2020-07-11,Tehama,103,63373,146,111,2,113,1
2020-07-11,Trinity,105,12862,21,2,5,7,0
2020-07-11,Tulare,107,460477,7657,5780,23,5803,149
2020-07-11,Tuolumne,109,53932,87,50,4,54,0
2020-07-11,Ventura,111,848112,6212,4545,20,4565,49
2020-07-11,Yolo,113,214977,1215,833,3,836,27
2020-07-11,Yuba,115,75493,225,175,0,175,1
2020-07-10,Alameda,001,1643700,9495,7551,11,7562,147
2020-07-10,Alpine,002,1148,2,1,0,1,0
2020-07-10,Amador,005,37829,47,37,0,37,0
2020-07-10,Butte,007,227075,600,318,22,340,4
2020-07-10,Calaveras,009,45235,84,61,0,61,0
2020-07-10,Colusa,011,21464,197,103,0,103,0
2020-07-10,Contra Costa,013,1133247,6234,4482,11,4493,86
2020-07-10,Del Norte,015,27424,63,57,0,57,0
2020-07-10,El Dorado,017,186661,484,266,6,272,0
2020-07-10,Fresno,019,978130,14338,7760,101,7861,93
2020-07-10,Glenn,021,27897,235,157,0,157,0
2020-07-10,Humboldt,023,135768,199,168,1,169,4
2020-07-10,Imperial,025,180216,9129,6878,4,6882,98
2020-07-10,Inyo,027,18085,39,35,1,36,1
2020-07-10,Kern,029,883053,15424,6344,49,6393,102
2020-07-10,Kings,031,150075,3375,2707,17,2724,33
2020-07-10,Lake,033,64148,149,104,0,104,1
2020-07-10,Lassen,035,31185,489,235,2,237,0
2020-07-10,Los Angeles,037,10098052,150421,127503,181,127684,3750
2020-07-10,Madera,039,155013,1606,914,3,917,4
2020-07-10,Marin,041,260295,4212,3101,5,3106,21
2020-07-10,Mariposa,043,17540,38,31,0,31,1
2020-07-10,Mendocino,045,87422,149,88,0,88,0
2020-07-10,Merced,047,269075,3118,1802,2,1804,12
2020-07-10,Modoc,049,8938,1,0,0,0,0
2020-07-10,Mono,051,14174,67,45,1,46,1
2020-07-10,Monterey,053,433212,3277,2285,5,2290,18
2020-07-10,Napa,055,140530,685,496,0,496,4
2020-07-10,Nevada,057,99092,219,161,5,166,1
2020-07-10,Orange,059,3164182,32574,23692,365,24057,416
2020-07-10,Placer,061,380077,1415,1002,3,1005,11
2020-07-10,Plumas,063,18699,19,12,0,12,0
2020-07-10,Riverside,065,2383286,32491,25481,31,25512,533
2020-07-10,Sacramento,067,1510023,7294,5181,7,5188,81
2020-07-10,San Benito,069,59416,432,302,0,302,2
2020-07-10,San Bernardino,071,2135413,27420,18242,31,18273,308
2020-07-10,San Diego,073,3302833,23938,18862,2,18864,420
2020-07-10,San Francisco,075,870044,5107,4305,3,4308,50
2020-07-10,San Joaquin,077,732212,8792,6225,4,6229,67
2020-07-10,San Luis Obispo,079,281455,1369,891,7,898,4
2020-07-10,San Mateo,081,765935,4640,3844,7,3851,107
2020-07-10,Santa Barbara,083,443738,5039,4177,40,4217,28
2020-07-10,Santa Clara,085,1922200,8206,5819,19,5838,164
2020-07-10,Santa Cruz,087,273765,716,540,5,545,3
2020-07-10,Shasta,089,179085,299,158,1,159,6
2020-07-10,Sierra,091,2930,1,1,0,1,0
2020-07-10,Siskiyou,093,43540,59,31,0,31,0
2020-07-10,Solano,095,438530,2914,1950,7,1957,23
2020-07-10,Sonoma,097,501317,2218,1606,5,1611,13
2020-07-10,Stanislaus,099,539301,6979,4781,9,4790,46
2020-07-10,Sutter,101,95872,445,338,0,338,2
2020-07-10,Tehama,103,63373,145,107,2,109,1
2020-07-10,Trinity,105,12862,21,2,5,7,0
2020-07-10,Tulare,107,460477,7520,5677,23,5700,150
2020-07-10,Tuolumne,109,53932,86,49,4,53,0
2020-07-10,Ventura,111,848112,6098,4416,20,4436,48
2020-07-10,Yolo,113,214977,1191,794,3,797,27
2020-07-10,Yuba,115,75493,211,164,0,164,1
2020-07-09,Alameda,001,1643700,9265,7433,11,7444,146
2020-07-09,Alpine,002,1148,2,1,0,1,0
2020-07-09,Amador,005,37829,44,36,0,36,0
2020-07-09,Butte,007,227075,568,295,21,316,4
2020-07-09,Calaveras,009,45235,83,59,0,59,0
2020-07-09,Colusa,011,21464,189,97,0,97,0
2020-07-09,Contra Costa,013,1133247,5993,4388,11,4399,86
2020-07-09,Del Norte,015,27424,63,57,0,57,0
2020-07-09,El Dorado,017,186661,459,255,5,260,0
2020-07-09,Fresno,019,978130,13885,7385,98,7483,90
2020-07-09,Glenn,021,27897,225,150,0,150,0
2020-07-09,Humboldt,023,135768,196,166,1,167,4
2020-07-09,Imperial,025,180216,9030,6778,4,6782,87
2020-07-09,Inyo,027,18085,37,35,1,36,1
2020-07-09,Kern,029,883053,14778,6100,47,6147,95
2020-07-09,Kings,031,150075,3312,2686,17,2703,33
2020-07-09,Lake,033,64148,146,99,0,99,1
2020-07-09,Lassen,035,31185,433,221,2,223,0
2020-07-09,Los Angeles,037,10098052,147162,125062,159,125221,3698
2020-07-09,Madera,039,155013,1529,850,3,853,4
2020-07-09,Marin,041,260295,4062,2975,4,2979,20
2020-07-09,Mariposa,043,17540,38,32,0,32,1
2020-07-09,Mendocino,045,87422,145,88,0,88,0
2020-07-09,Merced,047,269075,2973,1728,2,1730,11
2020-07-09,Modoc,049,8938,1,0,0,0,0
2020-07-09,Mono,051,14174,63,45,1,46,1
2020-07-09,Monterey,053,433212,3152,2223,5,2228,17
2020-07-09,Napa,055,140530,668,468,0,468,4
2020-07-09,Nevada,057,99092,213,156,5,161,1
2020-07-09,Orange,059,3164182,31600,22960,347,23307,407
2020-07-09,Placer,061,380077,1373,982,3,985,11
2020-07-09,Plumas,063,18699,19,12,0,12,0
2020-07-09,Riverside,065,2383286,31598,24980,30,25010,529
2020-07-09,Sacramento,067,1510023,6967,4950,7,4957,81
2020-07-09,San Benito,069,59416,416,295,0,295,2
2020-07-09,San Bernardino,071,2135413,26550,17339,25,17364,307
2020-07-09,San Diego,073,3302833,23346,18404,2,18406,415
2020-07-09,San Francisco,075,870044,4975,4143,3,4146,50
2020-07-09,San Joaquin,077,732212,8433,6004,4,6008,66
2020-07-09,San Luis Obispo,079,281455,1328,869,7,876,3
2020-07-09,San Mateo,081,765935,4514,3792,7,3799,106
2020-07-09,Santa Barbara,083,443738,4907,4068,40,4108,28
2020-07-09,Santa Clara,085,1922200,7945,5638,19,5657,164
2020-07-09,Santa Cruz,087,273765,689,526,5,531,3
2020-07-09,Shasta,089,179085,293,155,1,156,5
2020-07-09,Sierra,091,2930,1,1,0,1,0
2020-07-09,Siskiyou,093,43540,55,31,0,31,0
2020-07-09,Solano,095,438530,2816,1892,7,1899,23
2020-07-09,Sonoma,097,501317,2132,1584,5,1589,13
2020-07-09,Stanislaus,099,539301,6664,4633,8,4641,46
2020-07-09,Sutter,101,95872,428,321,0,321,2
2020-07-09,Tehama,103,63373,140,102,2,104,1
2020-07-09,Trinity,105,12862,21,2,5,7,0
2020-07-09,Tulare,107,460477,7301,5501,22,5523,146
2020-07-09,Tuolumne,109,53932,85,47,4,51,0
2020-07-09,Ventura,111,848112,5930,4278,20,4298,47
2020-07-09,Yolo,113,214977,1143,764,3,767,27
2020-07-09,Yuba,115,75493,194,152,0,152,1
2020-07-08,Alameda,001,1643700,8974,7335,11,7346,142
2020-07-08,Alpine,002,1148,2,1,0,1,0
2020-07-08,Amador,005,37829,41,35,0,35,0
2020-07-08,Butte,007,227075,531,281,21,302,3
2020-07-08,Calaveras,009,45235,78,58,0,58,0
2020-07-08,Colusa,011,21464,176,90,0,90,0
2020-07-08,Contra Costa,013,1133247,5747,4268,9,4277,84
2020-07-08,Del Norte,015,27424,61,57,0,57,0
2020-07-08,El Dorado,017,186661,437,248,5,253,0
2020-07-08,Fresno,019,978130,13469,7102,92,7194,86
2020-07-08,Glenn,021,27897,214,146,0,146,0
2020-07-08,Humboldt,023,135768,193,162,1,163,4
2020-07-08,Imperial,025,180216,8943,6727,4,6731,76
2020-07-08,Inyo,027,18085,37,35,1,36,1
2020-07-08,Kern,029,883053,14200,5873,45,5918,91
2020-07-08,Kings,031,150075,3253,2629,14,2643,33
2020-07-08,Lake,033,64148,139,97,0,97,1
2020-07-08,Lassen,035,31185,337,221,2,223,0
2020-07-08,Los Angeles,037,10098052,143956,123462,131,123593,3650
2020-07-08,Madera,039,155013,1459,828,3,831,4
2020-07-08,Marin,041,260295,3963,2756,4,2760,17
2020-07-08,Mariposa,043,17540,38,31,0,31,1
2020-07-08,Mendocino,045,87422,132,84,0,84,0
2020-07-08,Merced,047,269075,2845,1578,2,1580,11
2020-07-08,Modoc,049,8938,1,0,0,0,0
2020-07-08,Mono,051,14174,60,45,0,45,1
2020-07-08,Monterey,053,433212,3034,2182,4,2186,17
2020-07-08,Napa,055,140530,646,468,0,468,4
2020-07-08,Nevada,057,99092,204,156,5,161,1
2020-07-08,Orange,059,3164182,30645,22088,342,22430,378
2020-07-08,Placer,061,380077,1326,948,3,951,11
2020-07-08,Plumas,063,18699,19,12,0,12,0
2020-07-08,Riverside,065,2383286,30634,24042,29,24071,508
2020-07-08,Sacramento,067,1510023,6678,4799,7,4806,80
2020-07-08,San Benito,069,59416,399,282,0,282,2
2020-07-08,San Bernardino,071,2135413,25696,16510,21,16531,296
2020-07-08,San Diego,073,3302833,22776,17844,2,17846,406
2020-07-08,San Francisco,075,870044,4886,4093,3,4096,50
2020-07-08,San Joaquin,077,732212,8090,5759,4,5763,61
2020-07-08,San Luis Obispo,079,281455,1276,825,7,832,2
2020-07-08,San Mateo,081,765935,4394,3733,7,3740,106
2020-07-08,Santa Barbara,083,443738,4788,3985,40,4025,28
2020-07-08,Santa Clara,085,1922200,7712,5510,19,5529,164
2020-07-08,Santa Cruz,087,273765,656,509,4,513,3
2020-07-08,Shasta,089,179085,284,148,1,149,6
2020-07-08,Sierra,091,2930,1,1,0,1,0
2020-07-08,Siskiyou,093,43540,55,31,0,31,0
2020-07-08,Solano,095,438530,2700,1821,7,1828,23
2020-07-08,Sonoma,097,501317,2056,1495,5,1500,9
2020-07-08,Stanislaus,099,539301,6364,4344,8,4352,46
2020-07-08,Sutter,101,95872,403,298,0,298,2
2020-07-08,Tehama,103,63373,134,100,2,102,1
2020-07-08,Trinity,105,12862,20,2,5,7,0
2020-07-08,Tulare,107,460477,7109,5307,17,5324,138
2020-07-08,Tuolumne,109,53932,81,42,4,46,0
2020-07-08,Ventura,111,848112,5765,4139,20,4159,47
2020-07-08,Yolo,113,214977,1099,727,3,730,26
2020-07-08,Yuba,115,75493,181,145,0,145,1
2020-07-07,Alameda,001,1643700,8654,7097,10,7107,141
2020-07-07,Alpine,002,1148,2,1,0,1,0
2020-07-07,Amador,005,37829,41,33,0,33,0
2020-07-07,Butte,007,227075,488,269,21,290,3
2020-07-07,Calaveras,009,45235,76,58,0,58,0
2020-07-07,Colusa,011,21464,143,84,0,84,0
2020-07-07,Contra Costa,013,1133247,5509,4131,8,4139,84
2020-07-07,Del Norte,015,27424,61,57,0,57,0
2020-07-07,El Dorado,017,186661,417,244,5,249,0
2020-07-07,Fresno,019,978130,13015,6738,92,6830,84
2020-07-07,Glenn,021,27897,205,145,0,145,0
2020-07-07,Humboldt,023,135768,190,150,1,151,4
2020-07-07,Imperial,025,180216,8845,6678,4,6682,51
2020-07-07,Inyo,027,18085,36,32,1,33,1
2020-07-07,Kern,029,883053,13501,5645,41,5686,88
2020-07-07,Kings,031,150075,3190,2623,13,2636,33
2020-07-07,Lake,033,64148,129,94,0,94,1
2020-07-07,Lassen,035,31185,266,219,2,221,0
2020-07-07,Los Angeles,037,10098052,140377,121026,124,121150,3588
2020-07-07,Madera,039,155013,1415,794,3,797,4
2020-07-07,Marin,041,260295,3871,2627,4,2631,17
2020-07-07,Mariposa,043,17540,38,31,0,31,1
2020-07-07,Mendocino,045,87422,124,82,0,82,0
2020-07-07,Merced,047,269075,2671,1531,2,1533,10
2020-07-07,Modoc,049,8938,1,0,0,0,0
2020-07-07,Mono,051,14174,59,42,0,42,1
2020-07-07,Monterey,053,433212,2891,2166,4,2170,17
2020-07-07,Napa,055,140530,627,459,0,459,4
2020-07-07,Nevada,057,99092,198,150,5,155,1
2020-07-07,Orange,059,3164182,29625,21741,329,22070,373
2020-07-07,Placer,061,380077,1285,930,3,933,11
2020-07-07,Plumas,063,18699,17,12,0,12,0
2020-07-07,Riverside,065,2383286,29619,23279,29,23308,499
2020-07-07,Sacramento,067,1510023,6336,4592,7,4599,76
2020-07-07,San Benito,069,59416,381,274,0,274,2
2020-07-07,San Bernardino,071,2135413,24826,16004,19,16023,277
2020-07-07,San Diego,073,3302833,22057,17580,2,17582,399
2020-07-07,San Francisco,075,870044,4794,4045,2,4047,50
2020-07-07,San Joaquin,077,732212,7748,5547,4,5551,59
2020-07-07,San Luis Obispo,079,281455,1215,795,7,802,2
2020-07-07,San Mateo,081,765935,4279,3691,7,3698,106
2020-07-07,Santa Barbara,083,443738,4660,3866,39,3905,27
2020-07-07,Santa Clara,085,1922200,7443,5438,19,5457,164
2020-07-07,Santa Cruz,087,273765,622,502,3,505,2
2020-07-07,Shasta,089,179085,271,144,1,145,6
2020-07-07,Sierra,091,2930,1,1,0,1,0
2020-07-07,Siskiyou,093,43540,54,30,0,30,0
2020-07-07,Solano,095,438530,2587,1776,7,1783,22
2020-07-07,Sonoma,097,501317,1986,1473,5,1478,8
2020-07-07,Stanislaus,099,539301,6026,4101,8,4109,46
2020-07-07,Sutter,101,95872,377,273,0,273,2
2020-07-07,Tehama,103,63373,125,95,2,97,1
2020-07-07,Trinity,105,12862,20,2,5,7,0
2020-07-07,Tulare,107,460477,6929,5189,16,5205,137
2020-07-07,Tuolumne,109,53932,75,40,4,44,0
2020-07-07,Ventura,111,848112,5596,3992,18,4010,46
2020-07-07,Yolo,113,214977,1031,706,3,709,26
2020-07-07,Yuba,115,75493,161,138,0,138,1
2020-07-06,Alameda,001,1643700,8419,6970,10,6980,141
2020-07-06,Alpine,002,1148,1,1,0,1,0
2020-07-06,Amador,005,37829,39,33,0,33,0
2020-07-06,Butte,007,227075,432,257,18,275,2
2020-07-06,Calaveras,009,45235,73,45,0,45,0
2020-07-06,Colusa,011,21464,134,80,0,80,0
2020-07-06,Contra Costa,013,1133247,5281,3901,7,3908,83
2020-07-06,Del Norte,015,27424,60,57,0,57,0
2020-07-06,El Dorado,017,186661,402,232,4,236,0
2020-07-06,Fresno,019,978130,12544,6364,86,6450,82
2020-07-06,Glenn,021,27897,197,129,0,129,0
2020-07-06,Humboldt,023,135768,188,148,1,149,3
2020-07-06,Imperial,025,180216,8728,6443,4,6447,47
2020-07-06,Inyo,027,18085,36,32,1,33,1
2020-07-06,Kern,029,883053,12695,5491,40,5531,82
2020-07-06,Kings,031,150075,3139,2583,9,2592,33
2020-07-06,Lake,033,64148,122,93,0,93,1
2020-07-06,Lassen,035,31185,264,219,2,221,0
2020-07-06,Los Angeles,037,10098052,136777,116707,111,116818,3541
2020-07-06,Madera,039,155013,1345,734,3,737,4
2020-07-06,Marin,041,260295,3631,2136,4,2140,17
2020-07-06,Mariposa,043,17540,36,31,0,31,1
2020-07-06,Mendocino,045,87422,107,72,0,72,0
2020-07-06,Merced,047,269075,2513,1396,2,1398,10
2020-07-06,Modoc,049,8938,1,0,0,0,0
2020-07-06,Mono,051,14174,58,40,0,40,1
2020-07-06,Monterey,053,433212,2802,2078,4,2082,15
2020-07-06,Napa,055,140530,609,454,0,454,4
2020-07-06,Nevada,057,99092,192,146,5,151,1
2020-07-06,Orange,059,3164182,28560,20167,292,20459,372
2020-07-06,Placer,061,380077,1222,904,3,907,11
2020-07-06,Plumas,063,18699,17,11,0,11,0
2020-07-06,Riverside,065,2383286,28564,22485,28,22513,477
2020-07-06,Sacramento,067,1510023,5985,4420,7,4427,71
2020-07-06,San Benito,069,59416,366,264,0,264,2
2020-07-06,San Bernardino,071,2135413,23973,15346,16,15362,272
2020-07-06,San Diego,073,3302833,21325,17002,2,17004,387
2020-07-06,San Francisco,075,870044,4673,3861,2,3863,50
2020-07-06,San Joaquin,077,732212,7377,5104,4,5108,57
2020-07-06,San Luis Obispo,079,281455,1157,751,7,758,2
2020-07-06,San Mateo,081,765935,4187,3650,6,3656,106
2020-07-06,Santa Barbara,083,443738,4523,3763,38,3801,27
2020-07-06,Santa Clara,085,1922200,7171,5369,19,5388,165
2020-07-06,Santa Cruz,087,273765,600,466,2,468,2
2020-07-06,Shasta,089,179085,261,143,1,144,6
2020-07-06,Sierra,091,2930,1,1,0,1,0
2020-07-06,Siskiyou,093,43540,50,30,0,30,0
2020-07-06,Solano,095,438530,2451,1668,7,1675,22
2020-07-06,Sonoma,097,501317,1922,1369,5,1374,8
2020-07-06,Stanislaus,099,539301,5624,3983,8,3991,46
2020-07-06,Sutter,101,95872,350,250,0,250,2
2020-07-06,Tehama,103,63373,122,95,2,97,1
2020-07-06,Trinity,105,12862,19,2,5,7,0
2020-07-06,Tulare,107,460477,6724,5039,14,5053,136
2020-07-06,Tuolumne,109,53932,72,30,4,34,0
2020-07-06,Ventura,111,848112,5403,3912,18,3930,44
2020-07-06,Yolo,113,214977,975,685,3,688,26
2020-07-06,Yuba,115,75493,147,124,0,124,1
2020-07-05,Alameda,001,1643700,8170,6861,10,6871,141
2020-07-05,Alpine,002,1148,1,1,0,1,0
2020-07-05,Amador,005,37829,37,31,0,31,0
2020-07-05,Butte,007,227075,397,248,18,266,2
2020-07-05,Calaveras,009,45235,69,45,0,45,0
2020-07-05,Colusa,011,21464,124,79,0,79,0
2020-07-05,Contra Costa,013,1133247,5033,3665,6,3671,80
2020-07-05,Del Norte,015,27424,60,57,0,57,0
2020-07-05,El Dorado,017,186661,384,227,4,231,0
2020-07-05,Fresno,019,978130,11978,6186,85,6271,82
2020-07-05,Glenn,021,27897,194,129,0,129,0
2020-07-05,Humboldt,023,135768,184,147,1,148,3
2020-07-05,Imperial,025,180216,8591,6441,4,6445,47
2020-07-05,Inyo,027,18085,35,32,1,33,1
2020-07-05,Kern,029,883053,11987,5351,40,5391,82
2020-07-05,Kings,031,150075,3056,2546,8,2554,31
2020-07-05,Lake,033,64148,122,92,0,92,1
2020-07-05,Lassen,035,31185,258,219,2,221,0
2020-07-05,Los Angeles,037,10098052,133546,115133,105,115238,3495
2020-07-05,Madera,039,155013,1268,564,3,567,4
2020-07-05,Marin,041,260295,3449,2080,4,2084,17
2020-07-05,Mariposa,043,17540,36,31,0,31,1
2020-07-05,Mendocino,045,87422,104,72,0,72,0
2020-07-05,Merced,047,269075,2366,1340,2,1342,10
2020-07-05,Modoc,049,8938,1,0,0,0,0
2020-07-05,Mono,051,14174,54,39,0,39,1
2020-07-05,Monterey,053,433212,2699,1994,4,1998,15
2020-07-05,Napa,055,140530,579,450,0,450,4
2020-07-05,Nevada,057,99092,186,141,5,146,1
2020-07-05,Orange,059,3164182,27612,19430,279,19709,372
2020-07-05,Placer,061,380077,1165,855,3,858,11
2020-07-05,Plumas,063,18699,16,11,0,11,0
2020-07-05,Riverside,065,2383286,27706,21511,28,21539,474
2020-07-05,Sacramento,067,1510023,5670,4265,6,4271,71
2020-07-05,San Benito,069,59416,348,258,0,258,2
2020-07-05,San Bernardino,071,2135413,23094,15026,16,15042,270
2020-07-05,San Diego,073,3302833,20634,16728,2,16730,387
2020-07-05,San Francisco,075,870044,4556,3861,2,3863,50
2020-07-05,San Joaquin,077,732212,7058,5015,4,5019,57
2020-07-05,San Luis Obispo,079,281455,1078,730,7,737,2
2020-07-05,San Mateo,081,765935,4077,3575,6,3581,106
2020-07-05,Santa Barbara,083,443738,4376,3671,35,3706,27
2020-07-05,Santa Clara,085,1922200,6875,5237,19,5256,162
2020-07-05,Santa Cruz,087,273765,582,467,0,467,2
2020-07-05,Shasta,089,179085,255,138,1,139,6
2020-07-05,Sierra,091,2930,1,1,0,1,0
2020-07-05,Siskiyou,093,43540,46,30,0,30,0
2020-07-05,Solano,095,438530,2330,1547,7,1554,22
2020-07-05,Sonoma,097,501317,1841,1369,5,1374,8
2020-07-05,Stanislaus,099,539301,5294,3777,7,3784,45
2020-07-05,Sutter,101,95872,322,241,0,241,2
2020-07-05,Tehama,103,63373,120,95,2,97,1
2020-07-05,Trinity,105,12862,19,2,5,7,0
2020-07-05,Tulare,107,460477,6465,4981,12,4993,135
2020-07-05,Tuolumne,109,53932,67,30,3,33,0
2020-07-05,Ventura,111,848112,5200,3866,18,3884,44
2020-07-05,Yolo,113,214977,935,644,3,647,26
2020-07-05,Yuba,115,75493,137,115,0,115,1
2020-07-04,Alameda,001,1643700,8058,6737,10,6747,141
2020-07-04,Alpine,002,1148,1,1,0,1,0
2020-07-04,Amador,005,37829,36,31,0,31,0
2020-07-04,Butte,007,227075,379,224,18,242,2
2020-07-04,Calaveras,009,45235,69,45,0,45,0
2020-07-04,Colusa,011,21464,123,76,0,76,0
2020-07-04,Contra Costa,013,1133247,4887,3583,6,3589,80
2020-07-04,Del Norte,015,27424,60,50,0,50,0
2020-07-04,El Dorado,017,186661,365,211,4,215,0
2020-07-04,Fresno,019,978130,11661,5999,83,6082,82
2020-07-04,Glenn,021,27897,187,128,0,128,0
2020-07-04,Humboldt,023,135768,177,144,1,145,3
2020-07-04,Imperial,025,180216,8541,6441,4,6445,47
2020-07-04,Inyo,027,18085,35,32,1,33,1
2020-07-04,Kern,029,883053,11683,5231,40,5271,81
2020-07-04,Kings,031,150075,3013,2509,8,2517,31
2020-07-04,Lake,033,64148,115,86,0,86,1
2020-07-04,Lassen,035,31185,258,219,2,221,0
2020-07-04,Los Angeles,037,10098052,131730,107256,94,107350,3462
2020-07-04,Madera,039,155013,1222,568,3,571,4
2020-07-04,Marin,041,260295,3420,1962,4,1966,17
2020-07-04,Mariposa,043,17540,36,28,0,28,1
2020-07-04,Mendocino,045,87422,104,72,0,72,0
2020-07-04,Merced,047,269075,2267,1252,2,1254,10
2020-07-04,Modoc,049,8938,1,0,0,0,0
2020-07-04,Mono,051,14174,54,37,0,37,1
2020-07-04,Monterey,053,433212,2619,1878,4,1882,15
2020-07-04,Napa,055,140530,570,426,0,426,4
2020-07-04,Nevada,057,99092,183,125,5,130,1
2020-07-04,Orange,059,3164182,27175,19247,266,19513,372
2020-07-04,Placer,061,380077,1130,796,3,799,11
2020-07-04,Plumas,063,18699,16,11,0,11,0
2020-07-04,Riverside,065,2383286,27340,21508,28,21536,474
2020-07-04,Sacramento,067,1510023,5499,4039,6,4045,71
2020-07-04,San Benito,069,59416,335,255,0,255,2
2020-07-04,San Bernardino,071,2135413,22668,14636,14,14650,270
2020-07-04,San Diego,073,3302833,20174,16166,2,16168,387
2020-07-04,San Francisco,075,870044,4464,3861,2,3863,50
2020-07-04,San Joaquin,077,732212,6846,4807,4,4811,57
2020-07-04,San Luis Obispo,079,281455,1038,699,7,706,2
2020-07-04,San Mateo,081,765935,4014,3532,6,3538,106
2020-07-04,Santa Barbara,083,443738,4301,3520,33,3553,27
2020-07-04,Santa Clara,085,1922200,6684,5045,18,5063,161
2020-07-04,Santa Cruz,087,273765,572,466,0,466,2
2020-07-04,Shasta,089,179085,252,135,1,136,6
2020-07-04,Sierra,091,2930,1,1,0,1,0
2020-07-04,Siskiyou,093,43540,39,30,0,30,0
2020-07-04,Solano,095,438530,2293,1548,7,1555,22
2020-07-04,Sonoma,097,501317,1815,1370,5,1375,8
2020-07-04,Stanislaus,099,539301,5136,3572,7,3579,44
2020-07-04,Sutter,101,95872,303,225,0,225,2
2020-07-04,Tehama,103,63373,117,92,2,94,1
2020-07-04,Trinity,105,12862,19,2,5,7,0
2020-07-04,Tulare,107,460477,6353,4802,12,4814,135
2020-07-04,Tuolumne,109,53932,63,30,3,33,0
2020-07-04,Ventura,111,848112,5076,3687,18,3705,44
2020-07-04,Yolo,113,214977,910,615,3,618,26
2020-07-04,Yuba,115,75493,130,102,0,102,1
2020-07-03,Alameda,001,1643700,7937,6486,10,6496,141
2020-07-03,Alpine,002,1148,1,1,0,1,0
2020-07-03,Amador,005,37829,36,25,0,25,0
2020-07-03,Butte,007,227075,367,212,18,230,2
2020-07-03,Calaveras,009,45235,69,44,0,44,0
2020-07-03,Colusa,011,21464,117,70,0,70,0
2020-07-03,Contra Costa,013,1133247,4751,3447,6,3453,78
2020-07-03,Del Norte,015,27424,60,50,0,50,0
2020-07-03,El Dorado,017,186661,353,201,4,205,0
2020-07-03,Fresno,019,978130,11356,5783,81,5864,81
2020-07-03,Glenn,021,27897,182,122,0,122,0
2020-07-03,Humboldt,023,135768,173,143,1,144,3
2020-07-03,Imperial,025,180216,8493,6345,4,6349,47
2020-07-03,Inyo,027,18085,35,32,1,33,1
2020-07-03,Kern,029,883053,11421,5213,40,5253,81
2020-07-03,Kings,031,150075,2977,2492,8,2500,31
2020-07-03,Lake,033,64148,108,83,0,83,0
2020-07-03,Lassen,035,31185,258,219,2,221,0
2020-07-03,Los Angeles,037,10098052,130217,107236,90,107326,3461
2020-07-03,Madera,039,155013,1178,565,3,568,4
2020-07-03,Marin,041,260295,3392,1776,4,1780,17
2020-07-03,Mariposa,043,17540,36,28,0,28,1
2020-07-03,Mendocino,045,87422,103,72,0,72,0
2020-07-03,Merced,047,269075,2199,1188,2,1190,10
2020-07-03,Modoc,049,8938,1,0,0,0,0
2020-07-03,Mono,051,14174,54,37,0,37,1
2020-07-03,Monterey,053,433212,2549,1804,4,1808,15
2020-07-03,Napa,055,140530,552,388,0,388,4
2020-07-03,Nevada,057,99092,182,125,5,130,1
2020-07-03,Orange,059,3164182,26784,18819,258,19077,366
2020-07-03,Placer,061,380077,1103,745,3,748,11
2020-07-03,Plumas,063,18699,16,11,0,11,0
2020-07-03,Riverside,065,2383286,27034,21171,28,21199,472
2020-07-03,Sacramento,067,1510023,5365,3711,6,3717,71
2020-07-03,San Benito,069,59416,328,243,0,243,2
2020-07-03,San Bernardino,071,2135413,22280,14040,14,14054,269
2020-07-03,San Diego,073,3302833,19719,15698,2,15700,387
2020-07-03,San Francisco,075,870044,4418,3781,2,3783,50
2020-07-03,San Joaquin,077,732212,6708,4416,3,4419,56
2020-07-03,San Luis Obispo,079,281455,1003,676,7,683,2
2020-07-03,San Mateo,081,765935,3957,3439,6,3445,106
2020-07-03,Santa Barbara,083,443738,4214,3406,32,3438,27
2020-07-03,Santa Clara,085,1922200,6572,4820,18,4838,161
2020-07-03,Santa Cruz,087,273765,558,436,0,436,2
2020-07-03,Shasta,089,179085,244,113,1,114,6
2020-07-03,Sierra,091,2930,1,1,0,1,0
2020-07-03,Siskiyou,093,43540,36,30,0,30,0
2020-07-03,Solano,095,438530,2249,1496,6,1502,22
2020-07-03,Sonoma,097,501317,1767,1282,5,1287,8
2020-07-03,Stanislaus,099,539301,5012,3021,7,3028,43
2020-07-03,Sutter,101,95872,293,205,0,205,2
2020-07-03,Tehama,103,63373,115,89,2,91,1
2020-07-03,Trinity,105,12862,19,2,5,7,0
2020-07-03,Tulare,107,460477,6238,4656,12,4668,134
2020-07-03,Tuolumne,109,53932,61,27,3,30,0
2020-07-03,Ventura,111,848112,4980,3536,18,3554,44
2020-07-03,Yolo,113,214977,876,586,3,589,25
2020-07-03,Yuba,115,75493,125,96,0,96,1
2020-07-02,Alameda,001,1643700,7811,6386,10,6396,139
2020-07-02,Alpine,002,1148,1,1,0,1,0
2020-07-02,Amador,005,37829,35,23,0,23,0
2020-07-02,Butte,007,227075,350,199,18,217,2
2020-07-02,Calaveras,009,45235,65,42,0,42,0
2020-07-02,Colusa,011,21464,109,60,0,60,0
2020-07-02,Contra Costa,013,1133247,4569,3347,6,3353,77
2020-07-02,Del Norte,015,27424,59,50,0,50,0
2020-07-02,El Dorado,017,186661,342,193,4,197,0
2020-07-02,Fresno,019,978130,10895,5402,81,5483,78
2020-07-02,Glenn,021,27897,176,114,0,114,0
2020-07-02,Humboldt,023,135768,169,138,1,139,3
2020-07-02,Imperial,025,180216,8392,6236,4,6240,47
2020-07-02,Inyo,027,18085,35,29,1,30,1
2020-07-02,Kern,029,883053,10886,5036,38,5074,78
2020-07-02,Kings,031,150075,2926,2419,8,2427,31
2020-07-02,Lake,033,64148,104,81,0,81,0
2020-07-02,Lassen,035,31185,256,218,2,220,0
2020-07-02,Los Angeles,037,10098052,128200,107144,67,107211,3458
2020-07-02,Madera,039,155013,1110,548,3,551,4
2020-07-02,Marin,041,260295,3306,1706,4,1710,17
2020-07-02,Mariposa,043,17540,35,28,0,28,1
2020-07-02,Mendocino,045,87422,99,71,0,71,0
2020-07-02,Merced,047,269075,2096,1122,2,1124,10
2020-07-02,Modoc,049,8938,1,0,0,0,0
2020-07-02,Mono,051,14174,54,37,0,37,1
2020-07-02,Monterey,053,433212,2489,1796,4,1800,15
2020-07-02,Napa,055,140530,535,352,0,352,4
2020-07-02,Nevada,057,99092,176,118,4,122,1
2020-07-02,Orange,059,3164182,26016,17056,245,17301,360
2020-07-02,Placer,061,380077,1079,740,3,743,11
2020-07-02,Plumas,063,18699,15,8,0,8,0
2020-07-02,Riverside,065,2383286,26460,20253,28,20281,458
2020-07-02,Sacramento,067,1510023,5138,3587,6,3593,70
2020-07-02,San Benito,069,59416,320,236,0,236,2
2020-07-02,San Bernardino,071,2135413,21744,13185,14,13199,260
2020-07-02,San Diego,073,3302833,19254,15208,2,15210,377
2020-07-02,San Francisco,075,870044,4323,3676,2,3678,50
2020-07-02,San Joaquin,077,732212,6361,4243,3,4246,56
2020-07-02,San Luis Obispo,079,281455,958,659,7,666,2
2020-07-02,San Mateo,081,765935,3877,3390,6,3396,107
2020-07-02,Santa Barbara,083,443738,4114,3385,30,3415,27
2020-07-02,Santa Clara,085,1922200,6445,4722,18,4740,160
2020-07-02,Santa Cruz,087,273765,535,414,0,414,2
2020-07-02,Shasta,089,179085,241,110,1,111,5
2020-07-02,Sierra,091,2930,1,1,0,1,0
2020-07-02,Siskiyou,093,43540,36,30,0,30,0
2020-07-02,Solano,095,438530,2166,1429,6,1435,21
2020-07-02,Sonoma,097,501317,1709,1244,5,1249,6
2020-07-02,Stanislaus,099,539301,4840,2850,7,2857,41
2020-07-02,Sutter,101,95872,282,195,0,195,2
2020-07-02,Tehama,103,63373,113,86,2,88,1
2020-07-02,Trinity,105,12862,19,2,5,7,0
2020-07-02,Tulare,107,460477,6071,4559,11,4570,132
2020-07-02,Tuolumne,109,53932,58,23,2,25,0
2020-07-02,Ventura,111,848112,4824,3394,18,3412,42
2020-07-02,Yolo,113,214977,844,554,3,557,24
2020-07-02,Yuba,115,75493,115,93,0,93,1
2020-07-01,Alameda,001,1643700,7593,6125,10,6135,137
2020-07-01,Alpine,002,1148,1,1,0,1,0
2020-07-01,Amador,005,37829,34,22,0,22,0
2020-07-01,Butte,007,227075,325,185,18,203,2
2020-07-01,Calaveras,009,45235,63,37,0,37,0
2020-07-01,Colusa,011,21464,103,53,0,53,0
2020-07-01,Contra Costa,013,1133247,4356,3259,6,3265,76
2020-07-01,Del Norte,015,27424,59,50,0,50,0
2020-07-01,El Dorado,017,186661,315,183,4,187,0
2020-07-01,Fresno,019,978130,10461,5111,78,5189,76
2020-07-01,Glenn,021,27897,170,110,0,110,0
2020-07-01,Humboldt,023,135768,164,134,0,134,3
2020-07-01,Imperial,025,180216,8295,6150,4,6154,46
2020-07-01,Inyo,027,18085,34,30,1,31,1
2020-07-01,Kern,029,883053,10252,4853,37,4890,78
2020-07-01,Kings,031,150075,2858,2360,8,2368,30
2020-07-01,Lake,033,64148,103,75,0,75,0
2020-07-01,Lassen,035,31185,255,217,2,219,0
2020-07-01,Los Angeles,037,10098052,125002,105325,58,105383,3408
2020-07-01,Madera,039,155013,1069,519,3,522,4
2020-07-01,Marin,041,260295,3149,1636,4,1640,17
2020-07-01,Mariposa,043,17540,35,29,0,29,1
2020-07-01,Mendocino,045,87422,95,70,0,70,0
2020-07-01,Merced,047,269075,1998,1052,2,1054,10
2020-07-01,Modoc,049,8938,1,0,0,0,0
2020-07-01,Mono,051,14174,51,37,0,37,1
2020-07-01,Monterey,053,433212,2381,1703,3,1706,15
2020-07-01,Napa,055,140530,512,347,0,347,4
2020-07-01,Nevada,057,99092,166,115,4,119,1
2020-07-01,Orange,059,3164182,25123,15662,224,15886,343
2020-07-01,Placer,061,380077,1032,713,3,716,11
2020-07-01,Plumas,063,18699,13,8,0,8,0
2020-07-01,Riverside,065,2383286,25617,19537,27,19564,457
2020-07-01,Sacramento,067,1510023,4883,3425,6,3431,64
2020-07-01,San Benito,069,59416,311,219,0,219,2
2020-07-01,San Bernardino,071,2135413,20850,12712,11,12723,253
2020-07-01,San Diego,073,3302833,18686,14624,2,14626,372
2020-07-01,San Francisco,075,870044,4230,3626,2,3628,50
2020-07-01,San Joaquin,077,732212,6003,3990,3,3993,54
2020-07-01,San Luis Obispo,079,281455,931,613,7,620,1
2020-07-01,San Mateo,081,765935,3815,3326,6,3332,84
2020-07-01,Santa Barbara,083,443738,3994,3268,29,3297,27
2020-07-01,Santa Clara,085,1922200,6259,4547,17,4564,159
2020-07-01,Santa Cruz,087,273765,511,398,0,398,2
2020-07-01,Shasta,089,179085,236,104,1,105,5
2020-07-01,Sierra,091,2930,1,1,0,1,0
2020-07-01,Siskiyou,093,43540,36,28,0,28,0
2020-07-01,Solano,095,438530,2074,1350,6,1356,21
2020-07-01,Sonoma,097,501317,1614,1178,5,1183,6
2020-07-01,Stanislaus,099,539301,4562,2619,7,2626,41
2020-07-01,Sutter,101,95872,269,188,0,188,2
2020-07-01,Tehama,103,63373,106,80,2,82,1
2020-07-01,Trinity,105,12862,19,2,4,6,0
2020-07-01,Tulare,107,460477,5895,4359,11,4370,128
2020-07-01,Tuolumne,109,53932,55,17,2,19,0
2020-07-01,Ventura,111,848112,4682,3224,16,3240,41
2020-07-01,Yolo,113,214977,793,526,3,529,24
2020-07-01,Yuba,115,75493,110,57,0,57,1
2020-06-30,Alameda,001,1643700,7346,5959,8,5967,137
2020-06-30,Alpine,002,1148,1,1,0,1,0
2020-06-30,Amador,005,37829,34,21,0,21,0
2020-06-30,Butte,007,227075,308,163,17,180,2
2020-06-30,Calaveras,009,45235,59,31,0,31,0
2020-06-30,Colusa,011,21464,94,33,0,33,0
2020-06-30,Contra Costa,013,1133247,4145,3140,6,3146,75
2020-06-30,Del Norte,015,27424,59,48,0,48,0
2020-06-30,El Dorado,017,186661,302,175,4,179,0
2020-06-30,Fresno,019,978130,10016,4826,73,4899,75
2020-06-30,Glenn,021,27897,165,96,0,96,0
2020-06-30,Humboldt,023,135768,160,132,0,132,3
2020-06-30,Imperial,025,180216,8196,5968,4,5972,45
2020-06-30,Inyo,027,18085,34,30,1,31,1
2020-06-30,Kern,029,883053,9605,4721,34,4755,75
2020-06-30,Kings,031,150075,2809,2315,5,2320,30
2020-06-30,Lake,033,64148,95,56,0,56,0
2020-06-30,Lassen,035,31185,248,215,2,217,0
2020-06-30,Los Angeles,037,10098052,121419,103640,55,103695,3378
2020-06-30,Madera,039,155013,1012,475,3,478,4
2020-06-30,Marin,041,260295,3078,1614,4,1618,17
2020-06-30,Mariposa,043,17540,34,27,0,27,1
2020-06-30,Mendocino,045,87422,90,65,0,65,0
2020-06-30,Merced,047,269075,1861,970,2,972,10
2020-06-30,Modoc,049,8938,1,0,0,0,0
2020-06-30,Mono,051,14174,49,36,0,36,1
2020-06-30,Monterey,053,433212,2284,1657,3,1660,15
2020-06-30,Napa,055,140530,487,342,0,342,4
2020-06-30,Nevada,057,99092,158,113,4,117,1
2020-06-30,Orange,059,3164182,24185,14354,214,14568,335
2020-06-30,Placer,061,380077,1005,667,3,670,11
2020-06-30,Plumas,063,18699,12,8,0,8,0
2020-06-30,Riverside,065,2383286,24899,18656,26,18682,449
2020-06-30,Sacramento,067,1510023,4594,3246,6,3252,64
2020-06-30,San Benito,069,59416,300,200,0,200,2
2020-06-30,San Bernardino,071,2135413,19868,12375,10,12385,249
2020-06-30,San Diego,073,3302833,17981,14150,2,14152,365
2020-06-30,San Francisco,075,870044,4125,3555,2,3557,50
2020-06-30,San Joaquin,077,732212,5629,3744,3,3747,52
2020-06-30,San Luis Obispo,079,281455,891,583,7,590,1
2020-06-30,San Mateo,081,765935,3737,3268,6,3274,84
2020-06-30,Santa Barbara,083,443738,3878,3102,29,3131,25
2020-06-30,Santa Clara,085,1922200,6056,4346,17,4363,157
2020-06-30,Santa Cruz,087,273765,485,379,0,379,2
2020-06-30,Shasta,089,179085,220,100,1,101,5
2020-06-30,Sierra,091,2930,1,1,0,1,0
2020-06-30,Siskiyou,093,43540,35,26,0,26,0
2020-06-30,Solano,095,438530,1982,1256,6,1262,21
2020-06-30,Sonoma,097,501317,1551,1122,5,1127,6
2020-06-30,Stanislaus,099,539301,4265,2578,7,2585,41
2020-06-30,Sutter,101,95872,246,168,0,168,2
2020-06-30,Tehama,103,63373,104,75,2,77,1
2020-06-30,Trinity,105,12862,19,2,4,6,0
2020-06-30,Tulare,107,460477,5686,4207,11,4218,117
2020-06-30,Tuolumne,109,53932,51,16,2,18,0
2020-06-30,Ventura,111,848112,4548,3030,16,3046,40
2020-06-30,Yolo,113,214977,755,515,3,518,24
2020-06-30,Yuba,115,75493,106,55,0,55,1
2020-06-29,Alameda,001,1643700,7138,5766,8,5774,135
2020-06-29,Alpine,002,1148,1,1,0,1,0
2020-06-29,Amador,005,37829,31,20,0,20,0
2020-06-29,Butte,007,227075,287,157,17,174,2
2020-06-29,Calaveras,009,45235,56,30,0,30,0
2020-06-29,Colusa,011,21464,89,17,0,17,0
2020-06-29,Contra Costa,013,1133247,3981,2976,5,2981,75
2020-06-29,Del Norte,015,27424,59,47,0,47,0
2020-06-29,El Dorado,017,186661,288,163,2,165,0
2020-06-29,Fresno,019,978130,9668,4531,71,4602,74
2020-06-29,Glenn,021,27897,156,77,0,77,0
2020-06-29,Humboldt,023,135768,159,128,0,128,3
2020-06-29,Imperial,025,180216,8066,5512,4,5516,45
2020-06-29,Inyo,027,18085,33,29,0,29,1
2020-06-29,Kern,029,883053,8942,4613,32,4645,73
2020-06-29,Kings,031,150075,2744,2280,5,2285,20
2020-06-29,Lake,033,64148,88,53,0,53,0
2020-06-29,Lassen,035,31185,240,77,2,79,0
2020-06-29,Los Angeles,037,10098052,118383,100846,49,100895,3337
2020-06-29,Madera,039,155013,955,422,3,425,4
2020-06-29,Marin,041,260295,3002,1517,4,1521,17
2020-06-29,Mariposa,043,17540,32,25,0,25,1
2020-06-29,Mendocino,045,87422,87,63,0,63,0
2020-06-29,Merced,047,269075,1752,848,1,849,10
2020-06-29,Modoc,049,8938,1,0,0,0,0
2020-06-29,Mono,051,14174,47,35,0,35,1
2020-06-29,Monterey,053,433212,2212,1614,3,1617,14
2020-06-29,Napa,055,140530,465,317,0,317,4
2020-06-29,Nevada,057,99092,155,107,3,110,1
2020-06-29,Orange,059,3164182,23186,13682,199,13881,324
2020-06-29,Placer,061,380077,969,628,3,631,11
2020-06-29,Plumas,063,18699,12,6,0,6,0
2020-06-29,Riverside,065,2383286,23865,17683,26,17709,432
2020-06-29,Sacramento,067,1510023,4307,2985,6,2991,62
2020-06-29,San Benito,069,59416,285,193,0,193,2
2020-06-29,San Bernardino,071,2135413,18905,11643,10,11653,245
2020-06-29,San Diego,073,3302833,17403,13834,2,13836,361
2020-06-29,San Francisco,075,870044,4048,3389,2,3391,50
2020-06-29,San Joaquin,077,732212,5271,3202,3,3205,52
2020-06-29,San Luis Obispo,079,281455,857,544,7,551,1
2020-06-29,San Mateo,081,765935,3683,3170,6,3176,84
2020-06-29,Santa Barbara,083,443738,3769,2933,28,2961,25
2020-06-29,Santa Clara,085,1922200,5886,4231,17,4248,157
2020-06-29,Santa Cruz,087,273765,467,348,0,348,2
2020-06-29,Shasta,089,179085,212,94,1,95,5
2020-06-29,Sierra,091,2930,1,1,0,1,0
2020-06-29,Siskiyou,093,43540,35,25,0,25,0
2020-06-29,Solano,095,438530,1879,1077,6,1083,21
2020-06-29,Sonoma,097,501317,1479,1103,5,1108,5
2020-06-29,Stanislaus,099,539301,4060,2400,6,2406,36
2020-06-29,Sutter,101,95872,224,152,0,152,2
2020-06-29,Tehama,103,63373,100,63,2,65,1
2020-06-29,Trinity,105,12862,18,2,4,6,0
2020-06-29,Tulare,107,460477,5532,3906,10,3916,117
2020-06-29,Tuolumne,109,53932,47,16,2,18,0
2020-06-29,Ventura,111,848112,4401,2794,16,2810,40
2020-06-29,Yolo,113,214977,722,483,3,486,24
2020-06-29,Yuba,115,75493,93,55,0,55,1
2020-06-28,Alameda,001,1643700,6877,5698,8,5706,135
2020-06-28,Alpine,002,1148,1,1,0,1,0
2020-06-28,Amador,005,37829,29,20,0,20,0
2020-06-28,Butte,007,227075,268,150,16,166,2
2020-06-28,Calaveras,009,45235,51,30,0,30,0
2020-06-28,Colusa,011,21464,74,17,0,17,0
2020-06-28,Contra Costa,013,1133247,3791,2803,4,2807,73
2020-06-28,Del Norte,015,27424,58,47,0,47,0
2020-06-28,El Dorado,017,186661,276,162,2,164,0
2020-06-28,Fresno,019,978130,9305,4365,71,4436,74
2020-06-28,Glenn,021,27897,148,77,0,77,0
2020-06-28,Humboldt,023,135768,156,127,0,127,3
2020-06-28,Imperial,025,180216,7876,5513,4,5517,45
2020-06-28,Inyo,027,18085,33,29,0,29,1
2020-06-28,Kern,029,883053,8391,4541,29,4570,72
2020-06-28,Kings,031,150075,2684,2234,5,2239,18
2020-06-28,Lake,033,64148,84,53,0,53,0
2020-06-28,Lassen,035,31185,240,77,2,79,0
2020-06-28,Los Angeles,037,10098052,115179,98003,45,98048,3316
2020-06-28,Madera,039,155013,907,424,3,427,4
2020-06-28,Marin,041,260295,2656,1473,4,1477,17
2020-06-28,Mariposa,043,17540,32,24,0,24,1
2020-06-28,Mendocino,045,87422,85,63,0,63,0
2020-06-28,Merced,047,269075,1638,814,1,815,10
2020-06-28,Modoc,049,8938,1,0,0,0,0
2020-06-28,Mono,051,14174,47,35,0,35,1
2020-06-28,Monterey,053,433212,2130,1560,3,1563,13
2020-06-28,Napa,055,140530,431,307,0,307,4
2020-06-28,Nevada,057,99092,144,102,3,105,1
2020-06-28,Orange,059,3164182,22204,13213,181,13394,324
2020-06-28,Placer,061,380077,930,618,3,621,11
2020-06-28,Plumas,063,18699,11,6,0,6,0
2020-06-28,Riverside,065,2383286,23036,16848,25,16873,432
2020-06-28,Sacramento,067,1510023,4079,2803,6,2809,63
2020-06-28,San Benito,069,59416,274,190,0,190,2
2020-06-28,San Bernardino,071,2135413,18153,11344,9,11353,245
2020-06-28,San Diego,073,3302833,16857,13333,2,13335,361
2020-06-28,San Francisco,075,870044,3970,3388,2,3390,50
2020-06-28,San Joaquin,077,732212,4934,3201,3,3204,52
2020-06-28,San Luis Obispo,079,281455,818,531,6,537,1
2020-06-28,San Mateo,081,765935,3606,3124,5,3129,84
2020-06-28,Santa Barbara,083,443738,3624,2872,28,2900,25
2020-06-28,Santa Clara,085,1922200,5724,4131,17,4148,156
2020-06-28,Santa Cruz,087,273765,444,349,0,349,2
2020-06-28,Shasta,089,179085,199,89,0,89,5
2020-06-28,Sierra,091,2930,1,1,0,1,0
2020-06-28,Siskiyou,093,43540,35,25,0,25,0
2020-06-28,Solano,095,438530,1804,1077,6,1083,21
2020-06-28,Sonoma,097,501317,1425,1084,5,1089,5
2020-06-28,Stanislaus,099,539301,3854,2376,6,2382,36
2020-06-28,Sutter,101,95872,198,145,0,145,2
2020-06-28,Tehama,103,63373,93,63,2,65,1
2020-06-28,Trinity,105,12862,17,2,4,6,0
2020-06-28,Tulare,107,460477,5364,3812,10,3822,117
2020-06-28,Tuolumne,109,53932,42,14,2,16,0
2020-06-28,Ventura,111,848112,4243,2650,16,2666,40
2020-06-28,Yolo,113,214977,687,468,3,471,24
2020-06-28,Yuba,115,75493,89,39,0,39,1
2020-06-27,Alameda,001,1643700,6781,5581,8,5589,135
2020-06-27,Alpine,002,1148,1,1,0,1,0
2020-06-27,Amador,005,37829,27,20,0,20,0
2020-06-27,Butte,007,227075,260,137,15,152,2
2020-06-27,Calaveras,009,45235,49,30,0,30,0
2020-06-27,Colusa,011,21464,68,17,0,17,0
2020-06-27,Contra Costa,013,1133247,3697,2717,3,2720,72
2020-06-27,Del Norte,015,27424,58,47,0,47,0
2020-06-27,El Dorado,017,186661,270,159,2,161,0
2020-06-27,Fresno,019,978130,9058,4238,71,4309,74
2020-06-27,Glenn,021,27897,144,77,0,77,0
2020-06-27,Humboldt,023,135768,154,127,0,127,3
2020-06-27,Imperial,025,180216,7815,5513,4,5517,45
2020-06-27,Inyo,027,18085,33,29,0,29,1
2020-06-27,Kern,029,883053,8128,4411,28,4439,70
2020-06-27,Kings,031,150075,2658,2187,5,2192,18
2020-06-27,Lake,033,64148,81,42,0,42,0
2020-06-27,Lassen,035,31185,240,33,2,35,0
2020-06-27,Los Angeles,037,10098052,113437,95341,42,95383,3291
2020-06-27,Madera,039,155013,864,427,2,429,4
2020-06-27,Marin,041,260295,2610,1423,4,1427,17
2020-06-27,Mariposa,043,17540,31,22,0,22,1
2020-06-27,Mendocino,045,87422,85,63,0,63,0
2020-06-27,Merced,047,269075,1578,807,0,807,10
2020-06-27,Modoc,049,8938,1,0,0,0,0
2020-06-27,Mono,051,14174,46,35,0,35,1
2020-06-27,Monterey,053,433212,2066,1455,3,1458,12
2020-06-27,Napa,055,140530,421,282,0,282,3
2020-06-27,Nevada,057,99092,140,102,2,104,1
2020-06-27,Orange,059,3164182,21693,12951,176,13127,320
2020-06-27,Placer,061,380077,909,584,3,587,10
2020-06-27,Plumas,063,18699,11,6,0,6,0
2020-06-27,Riverside,065,2383286,22646,16209,25,16234,432
2020-06-27,Sacramento,067,1510023,3962,2685,6,2691,63
2020-06-27,San Benito,069,59416,267,182,0,182,2
2020-06-27,San Bernardino,071,2135413,17778,11238,9,11247,243
2020-06-27,San Diego,073,3302833,16492,12836,2,12838,360
2020-06-27,San Francisco,075,870044,3915,3332,2,3334,49
2020-06-27,San Joaquin,077,732212,4768,2995,3,2998,52
2020-06-27,San Luis Obispo,079,281455,795,505,6,511,1
2020-06-27,San Mateo,081,765935,3549,3083,5,3088,83
2020-06-27,Santa Barbara,083,443738,3552,2799,28,2827,25
2020-06-27,Santa Clara,085,1922200,5618,4006,17,4023,157
2020-06-27,Santa Cruz,087,273765,437,347,0,347,2
2020-06-27,Shasta,089,179085,193,87,0,87,5
2020-06-27,Sierra,091,2930,1,1,0,1,0
2020-06-27,Siskiyou,093,43540,35,25,0,25,0
2020-06-27,Solano,095,438530,1771,1076,6,1082,21
2020-06-27,Sonoma,097,501317,1392,1004,5,1009,5
2020-06-27,Stanislaus,099,539301,3754,2164,6,2170,36
2020-06-27,Sutter,101,95872,191,141,0,141,2
2020-06-27,Tehama,103,63373,90,63,2,65,1
2020-06-27,Trinity,105,12862,17,2,4,6,0
2020-06-27,Tulare,107,460477,5267,3810,10,3820,117
2020-06-27,Tuolumne,109,53932,41,13,2,15,0
2020-06-27,Ventura,111,848112,4144,2471,16,2487,40
2020-06-27,Yolo,113,214977,663,432,3,435,24
2020-06-27,Yuba,115,75493,81,39,0,39,1
2020-06-26,Alameda,001,1643700,6695,5502,7,5509,132
2020-06-26,Alpine,002,1148,1,1,0,1,0
2020-06-26,Amador,005,37829,26,20,0,20,0
2020-06-26,Butte,007,227075,245,135,15,150,2
2020-06-26,Calaveras,009,45235,47,30,0,30,0
2020-06-26,Colusa,011,21464,63,17,0,17,0
2020-06-26,Contra Costa,013,1133247,3584,2676,3,2679,72
2020-06-26,Del Norte,015,27424,57,47,0,47,0
2020-06-26,El Dorado,017,186661,262,159,2,161,0
2020-06-26,Fresno,019,978130,8833,4166,71,4237,74
2020-06-26,Glenn,021,27897,137,71,0,71,0
2020-06-26,Humboldt,023,135768,152,126,0,126,3
2020-06-26,Imperial,025,180216,7752,5400,4,5404,44
2020-06-26,Inyo,027,18085,32,29,0,29,1
2020-06-26,Kern,029,883053,7798,4366,28,4394,70
2020-06-26,Kings,031,150075,2626,2176,4,2180,18
2020-06-26,Lake,033,64148,80,42,0,42,0
2020-06-26,Lassen,035,31185,239,30,2,32,0
2020-06-26,Los Angeles,037,10098052,111274,93328,42,93370,3275
2020-06-26,Madera,039,155013,832,409,2,411,4
2020-06-26,Marin,041,260295,2573,1406,4,1410,17
2020-06-26,Mariposa,043,17540,30,21,0,21,1
2020-06-26,Mendocino,045,87422,82,63,0,63,0
2020-06-26,Merced,047,269075,1531,797,0,797,10
2020-06-26,Modoc,049,8938,1,0,0,0,0
2020-06-26,Mono,051,14174,45,35,0,35,1
2020-06-26,Monterey,053,433212,2014,1449,3,1452,12
2020-06-26,Napa,055,140530,411,277,0,277,3
2020-06-26,Nevada,057,99092,136,101,1,102,1
2020-06-26,Orange,059,3164182,21014,12659,173,12832,320
2020-06-26,Placer,061,380077,880,584,3,587,10
2020-06-26,Plumas,063,18699,11,6,0,6,0
2020-06-26,Riverside,065,2383286,22183,15858,25,15883,430
2020-06-26,Sacramento,067,1510023,3797,2687,6,2693,63
2020-06-26,San Benito,069,59416,263,176,0,176,2
2020-06-26,San Bernardino,071,2135413,17400,11111,9,11120,243
2020-06-26,San Diego,073,3302833,16127,12402,2,12404,358
2020-06-26,San Francisco,075,870044,3860,3330,2,3332,49
2020-06-26,San Joaquin,077,732212,4554,2943,3,2946,52
2020-06-26,San Luis Obispo,079,281455,780,498,6,504,1
2020-06-26,San Mateo,081,765935,3497,3055,5,3060,83
2020-06-26,Santa Barbara,083,443738,3462,2784,26,2810,25
2020-06-26,Santa Clara,085,1922200,5518,3968,17,3985,156
2020-06-26,Santa Cruz,087,273765,430,344,0,344,2
2020-06-26,Shasta,089,179085,186,86,0,86,5
2020-06-26,Sierra,091,2930,1,1,0,1,0
2020-06-26,Siskiyou,093,43540,34,24,0,24,0
2020-06-26,Solano,095,438530,1729,1068,6,1074,21
2020-06-26,Sonoma,097,501317,1361,977,5,982,5
2020-06-26,Stanislaus,099,539301,3641,2157,6,2163,36
2020-06-26,Sutter,101,95872,184,138,0,138,2
2020-06-26,Tehama,103,63373,87,63,2,65,1
2020-06-26,Trinity,105,12862,17,2,4,6,0
2020-06-26,Tulare,107,460477,5178,3720,10,3730,117
2020-06-26,Tuolumne,109,53932,39,10,2,12,0
2020-06-26,Ventura,111,848112,4058,2444,16,2460,40
2020-06-26,Yolo,113,214977,640,418,3,421,24
2020-06-26,Yuba,115,75493,75,38,0,38,1
2020-06-25,Alameda,001,1643700,6506,5398,7,5405,130
2020-06-25,Alpine,002,1148,1,1,0,1,0
2020-06-25,Amador,005,37829,25,18,0,18,0
2020-06-25,Butte,007,227075,240,127,15,142,1
2020-06-25,Calaveras,009,45235,42,26,0,26,0
2020-06-25,Colusa,011,21464,53,14,0,14,0
2020-06-25,Contra Costa,013,1133247,3399,2591,3,2594,71
2020-06-25,Del Norte,015,27424,55,47,0,47,0
2020-06-25,El Dorado,017,186661,254,150,2,152,0
2020-06-25,Fresno,019,978130,8520,3938,70,4008,71
2020-06-25,Glenn,021,27897,132,59,0,59,0
2020-06-25,Humboldt,023,135768,151,121,0,121,3
2020-06-25,Imperial,025,180216,7623,5192,4,5196,44
2020-06-25,Inyo,027,18085,29,27,0,27,1
2020-06-25,Kern,029,883053,7374,4236,25,4261,69
2020-06-25,Kings,031,150075,2574,2110,4,2114,17
2020-06-25,Lake,033,64148,79,42,0,42,0
2020-06-25,Lassen,035,31185,233,13,2,15,0
2020-06-25,Los Angeles,037,10098052,108506,91524,42,91566,3239
2020-06-25,Madera,039,155013,788,380,2,382,4
2020-06-25,Marin,041,260295,2471,1321,4,1325,17
2020-06-25,Mariposa,043,17540,29,20,0,20,1
2020-06-25,Mendocino,045,87422,79,61,0,61,0
2020-06-25,Merced,047,269075,1443,747,0,747,10
2020-06-25,Modoc,049,8938,1,0,0,0,0
2020-06-25,Mono,051,14174,44,35,0,35,1
2020-06-25,Monterey,053,433212,1926,1426,3,1429,12
2020-06-25,Napa,055,140530,393,260,0,260,3
2020-06-25,Nevada,057,99092,128,92,1,93,1
2020-06-25,Orange,059,3164182,20087,12221,171,12392,311
2020-06-25,Placer,061,380077,826,574,3,577,10
2020-06-25,Plumas,063,18699,10,6,0,6,0
2020-06-25,Riverside,065,2383286,21428,15224,25,15249,427
2020-06-25,Sacramento,067,1510023,3574,2519,6,2525,62
2020-06-25,San Benito,069,59416,255,174,0,174,2
2020-06-25,San Bernardino,071,2135413,16649,10590,9,10599,242
2020-06-25,San Diego,073,3302833,15588,11963,2,11965,352
2020-06-25,San Francisco,075,870044,3794,3252,2,3254,48
2020-06-25,San Joaquin,077,732212,4282,2803,3,2806,50
2020-06-25,San Luis Obispo,079,281455,748,473,6,479,1
2020-06-25,San Mateo,081,765935,3429,2996,4,3000,82
2020-06-25,Santa Barbara,083,443738,3357,2622,25,2647,25
2020-06-25,Santa Clara,085,1922200,5368,3871,17,3888,156
2020-06-25,Santa Cruz,087,273765,418,335,0,335,2
2020-06-25,Shasta,089,179085,176,84,0,84,5
2020-06-25,Sierra,091,2930,1,1,0,1,0
2020-06-25,Siskiyou,093,43540,33,24,0,24,0
2020-06-25,Solano,095,438530,1675,1034,6,1040,21
2020-06-25,Sonoma,097,501317,1312,953,4,957,5
2020-06-25,Stanislaus,099,539301,3429,2130,6,2136,36
2020-06-25,Sutter,101,95872,172,126,0,126,2
2020-06-25,Tehama,103,63373,83,59,2,61,1
2020-06-25,Trinity,105,12862,17,2,4,6,0
2020-06-25,Tulare,107,460477,5047,3656,10,3666,117
2020-06-25,Tuolumne,109,53932,38,10,1,11,0
2020-06-25,Ventura,111,848112,3876,2346,15,2361,40
2020-06-25,Yolo,113,214977,611,397,3,400,24
2020-06-25,Yuba,115,75493,64,38,0,38,1
2020-06-24,Alameda,001,1643700,6344,5242,7,5249,123
2020-06-24,Alpine,002,1148,1,1,0,1,0
2020-06-24,Amador,005,37829,23,16,0,16,0
2020-06-24,Butte,007,227075,224,119,14,133,1
2020-06-24,Calaveras,009,45235,40,26,0,26,0
2020-06-24,Colusa,011,21464,44,11,0,11,0
2020-06-24,Contra Costa,013,1133247,3244,2520,3,2523,66
2020-06-24,Del Norte,015,27424,49,47,0,47,0
2020-06-24,El Dorado,017,186661,238,149,2,151,0
2020-06-24,Fresno,019,978130,8189,3765,70,3835,71
2020-06-24,Glenn,021,27897,124,54,0,54,0
2020-06-24,Humboldt,023,135768,151,117,0,117,3
2020-06-24,Imperial,025,180216,7505,5138,4,5142,38
2020-06-24,Inyo,027,18085,29,28,0,28,1
2020-06-24,Kern,029,883053,6981,4155,23,4178,67
2020-06-24,Kings,031,150075,2510,2063,4,2067,16
2020-06-24,Lake,033,64148,66,40,0,40,0
2020-06-24,Lassen,035,31185,232,9,2,11,0
2020-06-24,Los Angeles,037,10098052,105746,89566,42,89608,3186
2020-06-24,Madera,039,155013,766,373,2,375,4
2020-06-24,Marin,041,260295,2244,1261,4,1265,17
2020-06-24,Mariposa,043,17540,28,19,0,19,1
2020-06-24,Mendocino,045,87422,79,60,0,60,0
2020-06-24,Merced,047,269075,1356,696,0,696,8
2020-06-24,Modoc,049,8938,1,0,0,0,0
2020-06-24,Mono,051,14174,42,35,0,35,1
2020-06-24,Monterey,053,433212,1850,1407,3,1410,12
2020-06-24,Napa,055,140530,376,258,0,258,3
2020-06-24,Nevada,057,99092,122,92,1,93,1
2020-06-24,Orange,059,3164182,19089,11804,153,11957,303
2020-06-24,Placer,061,380077,787,548,3,551,10
2020-06-24,Plumas,063,18699,10,6,0,6,0
2020-06-24,Riverside,065,2383286,20580,14946,25,14971,410
2020-06-24,Sacramento,067,1510023,3370,2446,5,2451,62
2020-06-24,San Benito,069,59416,251,171,0,171,2
2020-06-24,San Bernardino,071,2135413,15835,10211,9,10220,239
2020-06-24,San Diego,073,3302833,15085,11628,2,11630,347
2020-06-24,San Francisco,075,870044,3731,3216,2,3218,48
2020-06-24,San Joaquin,077,732212,4061,2680,3,2683,49
2020-06-24,San Luis Obispo,079,281455,717,461,5,466,1
2020-06-24,San Mateo,081,765935,3372,2964,4,2968,82
2020-06-24,Santa Barbara,083,443738,3238,2569,23,2592,22
2020-06-24,Santa Clara,085,1922200,5237,3812,17,3829,155
2020-06-24,Santa Cruz,087,273765,406,329,0,329,2
2020-06-24,Shasta,089,179085,168,83,0,83,5
2020-06-24,Sierra,091,2930,1,1,0,1,0
2020-06-24,Siskiyou,093,43540,32,24,0,24,0
2020-06-24,Solano,095,438530,1586,979,5,984,21
2020-06-24,Sonoma,097,501317,1263,933,4,937,4
2020-06-24,Stanislaus,099,539301,3250,2039,6,2045,36
2020-06-24,Sutter,101,95872,159,118,0,118,2
2020-06-24,Tehama,103,63373,81,55,2,57,1
2020-06-24,Trinity,105,12862,16,2,3,5,0
2020-06-24,Tulare,107,460477,4892,3541,10,3551,116
2020-06-24,Tuolumne,109,53932,33,9,1,10,0
2020-06-24,Ventura,111,848112,3535,2314,15,2329,42
2020-06-24,Yolo,113,214977,576,376,3,379,24
2020-06-24,Yuba,115,75493,58,37,0,37,1
2020-06-23,Alameda,001,1643700,6164,5159,7,5166,121
2020-06-23,Alpine,002,1148,1,1,0,1,0
2020-06-23,Amador,005,37829,22,13,0,13,0
2020-06-23,Butte,007,227075,206,111,14,125,1
2020-06-23,Calaveras,009,45235,40,26,0,26,0
2020-06-23,Colusa,011,21464,40,7,0,7,0
2020-06-23,Contra Costa,013,1133247,3117,2453,3,2456,60
2020-06-23,Del Norte,015,27424,48,46,0,46,0
2020-06-23,El Dorado,017,186661,229,142,2,144,0
2020-06-23,Fresno,019,978130,7540,3569,68,3637,67
2020-06-23,Glenn,021,27897,120,47,0,47,0
2020-06-23,Humboldt,023,135768,151,110,0,110,3
2020-06-23,Imperial,025,180216,7341,5025,4,5029,38
2020-06-23,Inyo,027,18085,29,26,0,26,1
2020-06-23,Kern,029,883053,6614,4087,20,4107,64
2020-06-23,Kings,031,150075,2445,1727,4,1731,16
2020-06-23,Lake,033,64148,60,40,0,40,0
2020-06-23,Lassen,035,31185,228,9,2,11,0
2020-06-23,Los Angeles,037,10098052,102802,88433,41,88474,3152
2020-06-23,Madera,039,155013,727,369,2,371,4
2020-06-23,Marin,041,260295,1975,1139,4,1143,17
2020-06-23,Mariposa,043,17540,26,18,0,18,1
2020-06-23,Mendocino,045,87422,78,61,0,61,0
2020-06-23,Merced,047,269075,1260,656,0,656,8
2020-06-23,Modoc,049,8938,1,0,0,0,0
2020-06-23,Mono,051,14174,42,35,0,35,1
2020-06-23,Monterey,053,433212,1780,1346,3,1349,12
2020-06-23,Napa,055,140530,361,230,0,230,3
2020-06-23,Nevada,057,99092,116,81,1,82,1
2020-06-23,Orange,059,3164182,18112,11071,150,11221,278
2020-06-23,Placer,061,380077,761,525,3,528,10
2020-06-23,Plumas,063,18699,9,6,0,6,0
2020-06-23,Riverside,065,2383286,19561,14469,25,14494,406
2020-06-23,Sacramento,067,1510023,3191,2374,5,2379,62
2020-06-23,San Benito,069,59416,237,167,0,167,2
2020-06-23,San Bernardino,071,2135413,15053,9771,9,9780,229
2020-06-23,San Diego,073,3302833,14565,11296,2,11298,341
2020-06-23,San Francisco,075,870044,3658,3177,2,3179,48
2020-06-23,San Joaquin,077,732212,3802,2502,3,2505,48
2020-06-23,San Luis Obispo,079,281455,686,445,5,450,1
2020-06-23,San Mateo,081,765935,3307,2907,4,2911,81
2020-06-23,Santa Barbara,083,443738,3143,2498,23,2521,22
2020-06-23,Santa Clara,085,1922200,5092,3700,17,3717,155
2020-06-23,Santa Cruz,087,273765,396,313,0,313,2
2020-06-23,Shasta,089,179085,159,81,0,81,5
2020-06-23,Sierra,091,2930,1,1,0,1,0
2020-06-23,Siskiyou,093,43540,30,24,0,24,0
2020-06-23,Solano,095,438530,1528,941,4,945,21
2020-06-23,Sonoma,097,501317,1210,912,4,916,4
2020-06-23,Stanislaus,099,539301,3073,1850,6,1856,35
2020-06-23,Sutter,101,95872,149,112,0,112,2
2020-06-23,Tehama,103,63373,79,50,2,52,1
2020-06-23,Trinity,105,12862,16,2,3,5,0
2020-06-23,Tulare,107,460477,4770,3456,10,3466,111
2020-06-23,Tuolumne,109,53932,28,9,0,9,0
2020-06-23,Ventura,111,848112,3375,2209,14,2223,40
2020-06-23,Yolo,113,214977,549,350,0,350,24
2020-06-23,Yuba,115,75493,55,35,0,35,1
2020-06-22,Alameda,001,1643700,6013,4944,7,4951,121
2020-06-22,Alpine,002,1148,1,1,0,1,0
2020-06-22,Amador,005,37829,19,12,0,12,0
2020-06-22,Butte,007,227075,187,104,14,118,1
2020-06-22,Calaveras,009,45235,38,20,0,20,0
2020-06-22,Colusa,011,21464,37,7,0,7,0
2020-06-22,Contra Costa,013,1133247,2976,2363,3,2366,60
2020-06-22,Del Norte,015,27424,48,46,0,46,0
2020-06-22,El Dorado,017,186661,220,137,2,139,0
2020-06-22,Fresno,019,978130,7009,3425,68,3493,67
2020-06-22,Glenn,021,27897,111,40,0,40,0
2020-06-22,Humboldt,023,135768,148,110,0,110,3
2020-06-22,Imperial,025,180216,7184,4700,4,4704,38
2020-06-22,Inyo,027,18085,29,26,0,26,1
2020-06-22,Kern,029,883053,6262,3982,18,4000,60
2020-06-22,Kings,031,150075,2396,1513,4,1517,13
2020-06-22,Lake,033,64148,54,37,0,37,0
2020-06-22,Lassen,035,31185,118,7,2,9,0
2020-06-22,Los Angeles,037,10098052,99903,85925,40,85965,3117
2020-06-22,Madera,039,155013,702,333,2,335,4
2020-06-22,Marin,041,260295,1718,1029,4,1033,17
2020-06-22,Mariposa,043,17540,25,18,0,18,1
2020-06-22,Mendocino,045,87422,73,48,0,48,0
2020-06-22,Merced,047,269075,1171,619,0,619,8
2020-06-22,Modoc,049,8938,1,0,0,0,0
2020-06-22,Mono,051,14174,42,34,0,34,1
2020-06-22,Monterey,053,433212,1719,1293,3,1296,12
2020-06-22,Napa,055,140530,337,222,0,222,3
2020-06-22,Nevada,057,99092,111,79,1,80,1
2020-06-22,Orange,059,3164182,17176,10711,147,10858,275
2020-06-22,Placer,061,380077,735,512,3,515,9
2020-06-22,Plumas,063,18699,7,6,0,6,0
2020-06-22,Riverside,065,2383286,18589,13948,25,13973,403
2020-06-22,Sacramento,067,1510023,2975,2243,4,2247,62
2020-06-22,San Benito,069,59416,228,164,0,164,2
2020-06-22,San Bernardino,071,2135413,14280,9133,9,9142,229
2020-06-22,San Diego,073,3302833,14073,11098,2,11100,338
2020-06-22,San Francisco,075,870044,3565,3000,2,3002,47
2020-06-22,San Joaquin,077,732212,3554,2332,3,2335,48
2020-06-22,San Luis Obispo,079,281455,653,422,5,427,1
2020-06-22,San Mateo,081,765935,3233,2813,3,2816,81
2020-06-22,Santa Barbara,083,443738,3051,2447,23,2470,21
2020-06-22,Santa Clara,085,1922200,4930,3580,17,3597,155
2020-06-22,Santa Cruz,087,273765,383,290,0,290,3
2020-06-22,Shasta,089,179085,156,77,0,77,5
2020-06-22,Sierra,091,2930,1,1,0,1,0
2020-06-22,Siskiyou,093,43540,30,23,0,23,0
2020-06-22,Solano,095,438530,1450,784,3,787,21
2020-06-22,Sonoma,097,501317,1166,860,2,862,4
2020-06-22,Stanislaus,099,539301,2888,1784,6,1790,35
2020-06-22,Sutter,101,95872,140,100,0,100,2
2020-06-22,Tehama,103,63373,75,38,2,40,1
2020-06-22,Trinity,105,12862,16,2,3,5,0
2020-06-22,Tulare,107,460477,4633,3185,10,3195,111
2020-06-22,Tuolumne,109,53932,19,8,0,8,0
2020-06-22,Ventura,111,848112,3227,2065,14,2079,39
2020-06-22,Yolo,113,214977,523,333,0,333,24
2020-06-22,Yuba,115,75493,50,36,0,36,1
2020-06-21,Alameda,001,1643700,5819,4835,7,4842,121
2020-06-21,Alpine,002,1148,1,1,0,1,0
2020-06-21,Amador,005,37829,14,12,0,12,0
2020-06-21,Butte,007,227075,173,97,14,111,1
2020-06-21,Calaveras,009,45235,38,20,0,20,0
2020-06-21,Colusa,011,21464,29,7,0,7,0
2020-06-21,Contra Costa,013,1133247,2849,2282,3,2285,60
2020-06-21,Del Norte,015,27424,47,46,0,46,0
2020-06-21,El Dorado,017,186661,211,132,2,134,0
2020-06-21,Fresno,019,978130,6438,3296,67,3363,67
2020-06-21,Glenn,021,27897,102,40,0,40,0
2020-06-21,Humboldt,023,135768,143,108,0,108,3
2020-06-21,Imperial,025,180216,7001,4701,4,4705,38
2020-06-21,Inyo,027,18085,27,26,0,26,1
2020-06-21,Kern,029,883053,5970,3918,16,3934,60
2020-06-21,Kings,031,150075,2332,1334,4,1338,11
2020-06-21,Lake,033,64148,49,36,0,36,0
2020-06-21,Lassen,035,31185,25,7,2,9,0
2020-06-21,Los Angeles,037,10098052,97012,83383,39,83422,3101
2020-06-21,Madera,039,155013,668,319,2,321,4
2020-06-21,Marin,041,260295,1560,907,4,911,17
2020-06-21,Mariposa,043,17540,22,18,0,18,1
2020-06-21,Mendocino,045,87422,70,48,0,48,0
2020-06-21,Merced,047,269075,1075,577,0,577,8
2020-06-21,Modoc,049,8938,1,0,0,0,0
2020-06-21,Mono,051,14174,42,34,0,34,1
2020-06-21,Monterey,053,433212,1646,1227,3,1230,12
2020-06-21,Napa,055,140530,322,218,0,218,3
2020-06-21,Nevada,057,99092,108,79,1,80,1
2020-06-21,Orange,059,3164182,16338,10563,144,10707,275
2020-06-21,Placer,061,380077,695,498,3,501,9
2020-06-21,Plumas,063,18699,7,6,0,6,0
2020-06-21,Riverside,065,2383286,17882,13528,24,13552,402
2020-06-21,Sacramento,067,1510023,2774,2156,3,2159,62
2020-06-21,San Benito,069,59416,214,151,0,151,2
2020-06-21,San Bernardino,071,2135413,13505,8925,8,8933,229
2020-06-21,San Diego,073,3302833,13527,10796,2,10798,338
2020-06-21,San Francisco,075,870044,3459,3000,2,3002,47
2020-06-21,San Joaquin,077,732212,3318,2188,3,2191,48
2020-06-21,San Luis Obispo,079,281455,627,418,5,423,1
2020-06-21,San Mateo,081,765935,3175,2781,3,2784,81
2020-06-21,Santa Barbara,083,443738,2944,2430,22,2452,21
2020-06-21,Santa Clara,085,1922200,4793,3514,17,3531,154
2020-06-21,Santa Cruz,087,273765,373,290,0,290,3
2020-06-21,Shasta,089,179085,146,75,0,75,5
2020-06-21,Sierra,091,2930,1,1,0,1,0
2020-06-21,Siskiyou,093,43540,30,23,0,23,0
2020-06-21,Solano,095,438530,1348,783,3,786,21
2020-06-21,Sonoma,097,501317,1116,836,2,838,4
2020-06-21,Stanislaus,099,539301,2702,1688,6,1694,35
2020-06-21,Sutter,101,95872,132,96,0,96,2
2020-06-21,Tehama,103,63373,64,35,2,37,1
2020-06-21,Trinity,105,12862,15,2,3,5,0
2020-06-21,Tulare,107,460477,4464,3173,10,3183,111
2020-06-21,Tuolumne,109,53932,17,8,0,8,0
2020-06-21,Ventura,111,848112,3049,2021,14,2035,39
2020-06-21,Yolo,113,214977,491,323,0,323,24
2020-06-21,Yuba,115,75493,46,35,0,35,1
2020-06-20,Alameda,001,1643700,5757,4758,7,4765,119
2020-06-20,Alpine,002,1148,1,1,0,1,0
2020-06-20,Amador,005,37829,14,12,0,12,0
2020-06-20,Butte,007,227075,166,94,14,108,1
2020-06-20,Calaveras,009,45235,38,20,0,20,0
2020-06-20,Colusa,011,21464,26,7,0,7,0
2020-06-20,Contra Costa,013,1133247,2790,2231,3,2234,54
2020-06-20,Del Norte,015,27424,47,46,0,46,0
2020-06-20,El Dorado,017,186661,206,130,2,132,0
2020-06-20,Fresno,019,978130,6313,3222,64,3286,67
2020-06-20,Glenn,021,27897,97,40,0,40,0
2020-06-20,Humboldt,023,135768,143,108,0,108,3
2020-06-20,Imperial,025,180216,6921,4616,4,4620,37
2020-06-20,Inyo,027,18085,27,26,0,26,1
2020-06-20,Kern,029,883053,5805,3836,16,3852,59
2020-06-20,Kings,031,150075,2308,1331,4,1335,9
2020-06-20,Lake,033,64148,49,37,0,37,0
2020-06-20,Lassen,035,31185,24,7,2,9,0
2020-06-20,Los Angeles,037,10098052,95438,81604,38,81642,3093
2020-06-20,Madera,039,155013,635,321,2,323,4
2020-06-20,Marin,041,260295,1540,879,4,883,17
2020-06-20,Mariposa,043,17540,22,18,0,18,1
2020-06-20,Mendocino,045,87422,69,48,0,48,0
2020-06-20,Merced,047,269075,1037,566,0,566,8
2020-06-20,Modoc,049,8938,1,0,0,0,0
2020-06-20,Mono,051,14174,42,34,0,34,1
2020-06-20,Monterey,053,433212,1610,1181,3,1184,12
2020-06-20,Napa,055,140530,313,212,0,212,3
2020-06-20,Nevada,057,99092,105,73,1,74,1
2020-06-20,Orange,059,3164182,15987,10284,140,10424,273
2020-06-20,Placer,061,380077,670,483,3,486,9
2020-06-20,Plumas,063,18699,6,6,0,6,0
2020-06-20,Riverside,065,2383286,17582,13021,24,13045,402
2020-06-20,Sacramento,067,1510023,2703,2069,3,2072,63
2020-06-20,San Benito,069,59416,210,139,0,139,2
2020-06-20,San Bernardino,071,2135413,13141,8718,8,8726,229
2020-06-20,San Diego,073,3302833,13204,10486,2,10488,338
2020-06-20,San Francisco,075,870044,3415,2999,2,3001,47
2020-06-20,San Joaquin,077,732212,3236,2046,3,2049,48
2020-06-20,San Luis Obispo,079,281455,613,405,5,410,1
2020-06-20,San Mateo,081,765935,3127,2755,3,2758,81
2020-06-20,Santa Barbara,083,443738,2887,2358,21,2379,21
2020-06-20,Santa Clara,085,1922200,4719,3435,17,3452,154
2020-06-20,Santa Cruz,087,273765,371,287,0,287,3
2020-06-20,Shasta,089,179085,140,66,0,66,5
2020-06-20,Sierra,091,2930,1,1,0,1,0
2020-06-20,Siskiyou,093,43540,29,22,0,22,0
2020-06-20,Solano,095,438530,1324,784,3,787,21
2020-06-20,Sonoma,097,501317,1080,806,2,808,4
2020-06-20,Stanislaus,099,539301,2594,1598,6,1604,35
2020-06-20,Sutter,101,95872,130,89,0,89,2
2020-06-20,Tehama,103,63373,62,35,2,37,1
2020-06-20,Trinity,105,12862,15,2,3,5,0
2020-06-20,Tulare,107,460477,4391,3172,10,3182,111
2020-06-20,Tuolumne,109,53932,14,8,0,8,0
2020-06-20,Ventura,111,848112,2983,1946,14,1960,37
2020-06-20,Yolo,113,214977,475,309,0,309,24
2020-06-20,Yuba,115,75493,44,34,0,34,1
2020-06-19,Alameda,001,1643700,5684,4646,7,4653,119
2020-06-19,Alpine,002,1148,1,1,0,1,0
2020-06-19,Amador,005,37829,14,12,0,12,0
2020-06-19,Butte,007,227075,161,91,14,105,1
2020-06-19,Calaveras,009,45235,37,20,0,20,0
2020-06-19,Colusa,011,21464,24,7,0,7,0
2020-06-19,Contra Costa,013,1133247,2710,2106,3,2109,54
2020-06-19,Del Norte,015,27424,47,46,0,46,0
2020-06-19,El Dorado,017,186661,198,124,2,126,0
2020-06-19,Fresno,019,978130,6150,3109,63,3172,61
2020-06-19,Glenn,021,27897,91,40,0,40,0
2020-06-19,Humboldt,023,135768,141,106,0,106,3
2020-06-19,Imperial,025,180216,6829,4504,4,4508,36
2020-06-19,Inyo,027,18085,27,26,0,26,1
2020-06-19,Kern,029,883053,5582,3742,15,3757,57
2020-06-19,Kings,031,150075,2287,1285,4,1289,9
2020-06-19,Lake,033,64148,46,36,0,36,0
2020-06-19,Lassen,035,31185,23,7,2,9,0
2020-06-19,Los Angeles,037,10098052,93449,79572,37,79609,3047
2020-06-19,Madera,039,155013,616,300,2,302,4
2020-06-19,Marin,041,260295,1511,829,4,833,17
2020-06-19,Mariposa,043,17540,21,18,0,18,1
2020-06-19,Mendocino,045,87422,68,48,0,48,0
2020-06-19,Merced,047,269075,992,529,0,529,8
2020-06-19,Modoc,049,8938,1,0,0,0,0
2020-06-19,Mono,051,14174,42,34,0,34,1
2020-06-19,Monterey,053,433212,1581,1159,3,1162,12
2020-06-19,Napa,055,140530,303,209,0,209,3
2020-06-19,Nevada,057,99092,102,71,1,72,1
2020-06-19,Orange,059,3164182,15453,9972,133,10105,260
2020-06-19,Placer,061,380077,652,464,3,467,9
2020-06-19,Plumas,063,18699,6,5,0,5,0
2020-06-19,Riverside,065,2383286,17177,12710,24,12734,398
2020-06-19,Sacramento,067,1510023,2620,1976,3,1979,64
2020-06-19,San Benito,069,59416,209,136,0,136,2
2020-06-19,San Bernardino,071,2135413,12736,8454,7,8461,226
2020-06-19,San Diego,073,3302833,12841,10352,2,10354,332
2020-06-19,San Francisco,075,870044,3360,2968,2,2970,47
2020-06-19,San Joaquin,077,732212,3113,1969,3,1972,48
2020-06-19,San Luis Obispo,079,281455,597,392,5,397,1
2020-06-19,San Mateo,081,765935,3088,2713,3,2716,81
2020-06-19,Santa Barbara,083,443738,2814,2284,19,2303,21
2020-06-19,Santa Clara,085,1922200,4646,3376,17,3393,154
2020-06-19,Santa Cruz,087,273765,361,283,0,283,3
2020-06-19,Shasta,089,179085,137,58,0,58,5
2020-06-19,Sierra,091,2930,1,1,0,1,0
2020-06-19,Siskiyou,093,43540,29,21,0,21,0
2020-06-19,Solano,095,438530,1286,755,3,758,21
2020-06-19,Sonoma,097,501317,1053,803,2,805,4
2020-06-19,Stanislaus,099,539301,2484,1549,6,1555,35
2020-06-19,Sutter,101,95872,129,89,0,89,2
2020-06-19,Tehama,103,63373,61,35,2,37,1
2020-06-19,Trinity,105,12862,15,2,3,5,0
2020-06-19,Tulare,107,460477,4321,3053,10,3063,107
2020-06-19,Tuolumne,109,53932,13,8,0,8,0
2020-06-19,Ventura,111,848112,2899,1865,14,1879,37
2020-06-19,Yolo,113,214977,456,303,0,303,24
2020-06-19,Yuba,115,75493,43,33,0,33,1
2020-06-18,Alameda,001,1643700,5555,4589,7,4596,118
2020-06-18,Alpine,002,1148,1,1,0,1,0
2020-06-18,Amador,005,37829,13,12,0,12,0
2020-06-18,Butte,007,227075,156,88,14,102,1
2020-06-18,Calaveras,009,45235,37,20,0,20,0
2020-06-18,Colusa,011,21464,20,7,0,7,0
2020-06-18,Contra Costa,013,1133247,2603,2072,3,2075,53
2020-06-18,Del Norte,015,27424,47,46,0,46,0
2020-06-18,El Dorado,017,186661,194,121,2,123,0
2020-06-18,Fresno,019,978130,5884,2947,62,3009,57
2020-06-18,Glenn,021,27897,82,35,0,35,0
2020-06-18,Humboldt,023,135768,140,106,0,106,3
2020-06-18,Imperial,025,180216,6679,4366,4,4370,36
2020-06-18,Inyo,027,18085,26,25,0,25,1
2020-06-18,Kern,029,883053,5364,3634,14,3648,57
2020-06-18,Kings,031,150075,2228,1141,4,1145,8
2020-06-18,Lake,033,64148,45,36,0,36,0
2020-06-18,Lassen,035,31185,22,5,2,7,0
2020-06-18,Los Angeles,037,10098052,91179,78244,37,78281,3009
2020-06-18,Madera,039,155013,581,288,2,290,4
2020-06-18,Marin,041,260295,1448,819,4,823,17
2020-06-18,Mariposa,043,17540,19,18,0,18,1
2020-06-18,Mendocino,045,87422,64,45,0,45,0
2020-06-18,Merced,047,269075,941,486,0,486,7
2020-06-18,Modoc,049,8938,1,0,0,0,0
2020-06-18,Mono,051,14174,42,34,0,34,1
2020-06-18,Monterey,053,433212,1513,1127,3,1130,12
2020-06-18,Napa,055,140530,288,205,0,205,3
2020-06-18,Nevada,057,99092,98,68,1,69,1
2020-06-18,Orange,059,3164182,14796,9597,114,9711,255
2020-06-18,Placer,061,380077,629,457,3,460,9
2020-06-18,Plumas,063,18699,6,5,0,5,0
2020-06-18,Riverside,065,2383286,16560,12410,24,12434,392
2020-06-18,Sacramento,067,1510023,2504,1938,3,1941,63
2020-06-18,San Benito,069,59416,203,134,0,134,2
2020-06-18,San Bernardino,071,2135413,12096,8141,7,8148,226
2020-06-18,San Diego,073,3302833,12419,10094,2,10096,331
2020-06-18,San Francisco,075,870044,3311,2951,2,2953,47
2020-06-18,San Joaquin,077,732212,2961,1908,3,1911,47
2020-06-18,San Luis Obispo,079,281455,576,378,5,383,1
2020-06-18,San Mateo,081,765935,3049,2674,3,2677,78
2020-06-18,Santa Barbara,083,443738,2740,2201,19,2220,19
2020-06-18,Santa Clara,085,1922200,4543,3338,17,3355,152
2020-06-18,Santa Cruz,087,273765,344,275,0,275,3
2020-06-18,Shasta,089,179085,126,51,0,51,4
2020-06-18,Sierra,091,2930,1,1,0,1,0
2020-06-18,Siskiyou,093,43540,29,18,0,18,0
2020-06-18,Solano,095,438530,1248,735,3,738,21
2020-06-18,Sonoma,097,501317,1011,789,2,791,4
2020-06-18,Stanislaus,099,539301,2351,1495,6,1501,35
2020-06-18,Sutter,101,95872,125,85,0,85,2
2020-06-18,Tehama,103,63373,56,31,2,33,1
2020-06-18,Trinity,105,12862,15,2,3,5,0
2020-06-18,Tulare,107,460477,4198,3005,10,3015,107
2020-06-18,Tuolumne,109,53932,12,8,0,8,0
2020-06-18,Ventura,111,848112,2773,1781,14,1795,37
2020-06-18,Yolo,113,214977,423,294,0,294,24
2020-06-18,Yuba,115,75493,42,32,0,32,1
2020-06-17,Alameda,001,1643700,5432,4485,7,4492,117
2020-06-17,Alpine,002,1148,1,1,0,1,0
2020-06-17,Amador,005,37829,12,10,0,10,0
2020-06-17,Butte,007,227075,147,81,14,95,1
2020-06-17,Calaveras,009,45235,37,20,0,20,0
2020-06-17,Colusa,011,21464,19,7,0,7,0
2020-06-17,Contra Costa,013,1133247,2506,2020,3,2023,45
2020-06-17,Del Norte,015,27424,47,45,0,45,0
2020-06-17,El Dorado,017,186661,187,116,2,118,0
2020-06-17,Fresno,019,978130,5658,2801,61,2862,56
2020-06-17,Glenn,021,27897,75,31,0,31,0
2020-06-17,Humboldt,023,135768,138,105,0,105,3
2020-06-17,Imperial,025,180216,6505,4108,4,4112,36
2020-06-17,Inyo,027,18085,25,25,0,25,1
2020-06-17,Kern,029,883053,5163,3547,14,3561,56
2020-06-17,Kings,031,150075,2198,1097,4,1101,7
2020-06-17,Lake,033,64148,44,32,0,32,0
2020-06-17,Lassen,035,31185,18,5,2,7,0
2020-06-17,Los Angeles,037,10098052,88872,77166,36,77202,2973
2020-06-17,Madera,039,155013,559,258,2,260,4
2020-06-17,Marin,041,260295,1256,771,3,774,17
2020-06-17,Mariposa,043,17540,18,18,0,18,1
2020-06-17,Mendocino,045,87422,62,42,0,42,0
2020-06-17,Merced,047,269075,868,460,0,460,7
2020-06-17,Modoc,049,8938,1,0,0,0,0
2020-06-17,Mono,051,14174,42,34,0,34,1
2020-06-17,Monterey,053,433212,1461,1077,3,1080,12
2020-06-17,Napa,055,140530,273,202,0,202,3
2020-06-17,Nevada,057,99092,94,57,1,58,1
2020-06-17,Orange,059,3164182,14185,9278,108,9386,230
2020-06-17,Placer,061,380077,609,427,3,430,9
2020-06-17,Plumas,063,18699,6,5,0,5,0
2020-06-17,Riverside,065,2383286,15924,11859,24,11883,370
2020-06-17,Sacramento,067,1510023,2397,1889,3,1892,63
2020-06-17,San Benito,069,59416,198,116,0,116,2
2020-06-17,San Bernardino,071,2135413,11547,7670,7,7677,225
2020-06-17,San Diego,073,3302833,12040,9856,2,9858,327
2020-06-17,San Francisco,075,870044,3272,2906,2,2908,46
2020-06-17,San Joaquin,077,732212,2788,1825,3,1828,46
2020-06-17,San Luis Obispo,079,281455,557,362,5,367,1
2020-06-17,San Mateo,081,765935,3002,2649,3,2652,78
2020-06-17,Santa Barbara,083,443738,2668,2147,17,2164,19
2020-06-17,Santa Clara,085,1922200,4450,3264,16,3280,148
2020-06-17,Santa Cruz,087,273765,338,265,0,265,2
2020-06-17,Shasta,089,179085,124,51,0,51,4
2020-06-17,Sierra,091,2930,1,1,0,1,0
2020-06-17,Siskiyou,093,43540,28,16,0,16,0
2020-06-17,Solano,095,438530,1198,722,3,725,21
2020-06-17,Sonoma,097,501317,986,748,2,750,4
2020-06-17,Stanislaus,099,539301,2227,1387,6,1393,35
2020-06-17,Sutter,101,95872,119,79,0,79,2
2020-06-17,Tehama,103,63373,41,24,2,26,1
2020-06-17,Trinity,105,12862,14,2,3,5,0
2020-06-17,Tulare,107,460477,4088,2882,10,2892,106
2020-06-17,Tuolumne,109,53932,12,7,0,7,0
2020-06-17,Ventura,111,848112,2673,1729,14,1743,37
2020-06-17,Yolo,113,214977,403,277,0,277,24
2020-06-17,Yuba,115,75493,41,30,0,30,1
2020-06-16,Alameda,001,1643700,5314,4428,7,4435,113
2020-06-16,Alpine,002,1148,1,1,0,1,0
2020-06-16,Amador,005,37829,12,10,0,10,0
2020-06-16,Butte,007,227075,143,79,14,93,1
2020-06-16,Calaveras,009,45235,34,19,0,19,0
2020-06-16,Colusa,011,21464,16,7,0,7,0
2020-06-16,Contra Costa,013,1133247,2414,1971,2,1973,45
2020-06-16,Del Norte,015,27424,47,45,0,45,0
2020-06-16,El Dorado,017,186661,181,115,2,117,0
2020-06-16,Fresno,019,978130,5419,2731,59,2790,50
2020-06-16,Glenn,021,27897,71,30,0,30,0
2020-06-16,Humboldt,023,135768,135,105,0,105,3
2020-06-16,Imperial,025,180216,6346,3939,4,3943,36
2020-06-16,Inyo,027,18085,25,24,0,24,1
2020-06-16,Kern,029,883053,4939,3496,14,3510,55
2020-06-16,Kings,031,150075,2152,1044,4,1048,6
2020-06-16,Lake,033,64148,44,31,0,31,0
2020-06-16,Lassen,035,31185,15,5,2,7,0
2020-06-16,Los Angeles,037,10098052,86550,75051,36,75087,2942
2020-06-16,Madera,039,155013,533,239,2,241,3
2020-06-16,Marin,041,260295,1203,725,3,728,17
2020-06-16,Mariposa,043,17540,18,17,0,17,1
2020-06-16,Mendocino,045,87422,61,35,0,35,0
2020-06-16,Merced,047,269075,822,436,0,436,7
2020-06-16,Modoc,049,8938,1,0,0,0,0
2020-06-16,Mono,051,14174,42,34,0,34,1
2020-06-16,Monterey,053,433212,1413,1019,3,1022,12
2020-06-16,Napa,055,140530,258,196,0,196,3
2020-06-16,Nevada,057,99092,91,53,1,54,1
2020-06-16,Orange,059,3164182,13600,9163,102,9265,223
2020-06-16,Placer,061,380077,577,392,3,395,9
2020-06-16,Plumas,063,18699,6,5,0,5,0
2020-06-16,Riverside,065,2383286,15249,11638,24,11662,364
2020-06-16,Sacramento,067,1510023,2287,1825,3,1828,60
2020-06-16,San Benito,069,59416,190,110,0,110,2
2020-06-16,San Bernardino,071,2135413,11003,7463,7,7470,225
2020-06-16,San Diego,073,3302833,11678,9732,1,9733,323
2020-06-16,San Francisco,075,870044,3221,2893,2,2895,46
2020-06-16,San Joaquin,077,732212,2635,1718,3,1721,47
2020-06-16,San Luis Obispo,079,281455,533,343,5,348,1
2020-06-16,San Mateo,081,765935,2948,2618,3,2621,77
2020-06-16,Santa Barbara,083,443738,2601,2090,17,2107,16
2020-06-16,Santa Clara,085,1922200,4339,3228,15,3243,148
2020-06-16,Santa Cruz,087,273765,322,257,0,257,2
2020-06-16,Shasta,089,179085,115,51,0,51,4
2020-06-16,Sierra,091,2930,1,1,0,1,0
2020-06-16,Siskiyou,093,43540,27,15,0,15,0
2020-06-16,Solano,095,438530,1108,694,3,697,19
2020-06-16,Sonoma,097,501317,954,739,2,741,4
2020-06-16,Stanislaus,099,539301,2073,1278,6,1284,36
2020-06-16,Sutter,101,95872,112,73,0,73,2
2020-06-16,Tehama,103,63373,37,24,2,26,1
2020-06-16,Trinity,105,12862,14,2,3,5,0
2020-06-16,Tulare,107,460477,3970,2802,10,2812,96
2020-06-16,Tuolumne,109,53932,12,7,0,7,0
2020-06-16,Ventura,111,848112,2573,1676,14,1690,37
2020-06-16,Yolo,113,214977,380,262,0,262,24
2020-06-16,Yuba,115,75493,39,29,0,29,1
2020-06-15,Alameda,001,1643700,5187,4323,7,4330,112
2020-06-15,Alpine,002,1148,1,1,0,1,0
2020-06-15,Amador,005,37829,12,10,0,10,0
2020-06-15,Butte,007,227075,135,78,13,91,1
2020-06-15,Calaveras,009,45235,34,18,0,18,0
2020-06-15,Colusa,011,21464,14,7,0,7,0
2020-06-15,Contra Costa,013,1133247,2338,1918,2,1920,43
2020-06-15,Del Norte,015,27424,47,45,0,45,0
2020-06-15,El Dorado,017,186661,171,114,2,116,0
2020-06-15,Fresno,019,978130,5204,2616,58,2674,48
2020-06-15,Glenn,021,27897,66,21,0,21,0
2020-06-15,Humboldt,023,135768,133,105,0,105,3
2020-06-15,Imperial,025,180216,6171,3726,4,3730,36
2020-06-15,Inyo,027,18085,25,23,0,23,1
2020-06-15,Kern,029,883053,4716,3417,14,3431,55
2020-06-15,Kings,031,150075,2076,1022,4,1026,6
2020-06-15,Lake,033,64148,44,31,0,31,0
2020-06-15,Lassen,035,31185,15,5,2,7,0
2020-06-15,Los Angeles,037,10098052,84363,73705,36,73741,2908
2020-06-15,Madera,039,155013,511,203,2,205,3
2020-06-15,Marin,041,260295,1036,708,3,711,17
2020-06-15,Mariposa,043,17540,18,17,0,17,1
2020-06-15,Mendocino,045,87422,52,33,0,33,0
2020-06-15,Merced,047,269075,775,414,0,414,7
2020-06-15,Modoc,049,8938,1,0,0,0,0
2020-06-15,Mono,051,14174,42,34,0,34,1
2020-06-15,Monterey,053,433212,1347,998,3,1001,12
2020-06-15,Napa,055,140530,250,187,0,187,3
2020-06-15,Nevada,057,99092,85,52,1,53,1
2020-06-15,Orange,059,3164182,13032,8944,94,9038,212
2020-06-15,Placer,061,380077,555,386,3,389,9
2020-06-15,Plumas,063,18699,6,4,0,4,0
2020-06-15,Riverside,065,2383286,14630,11376,23,11399,364
2020-06-15,Sacramento,067,1510023,2171,1791,3,1794,60
2020-06-15,San Benito,069,59416,184,108,0,108,2
2020-06-15,San Bernardino,071,2135413,10500,7189,7,7196,224
2020-06-15,San Diego,073,3302833,11338,9612,1,9613,320
2020-06-15,San Francisco,075,870044,3177,2833,2,2835,45
2020-06-15,San Joaquin,077,732212,2499,1667,3,1670,43
2020-06-15,San Luis Obispo,079,281455,518,332,5,337,1
2020-06-15,San Mateo,081,765935,2901,2591,3,2594,75
2020-06-15,Santa Barbara,083,443738,2533,2054,17,2071,16
2020-06-15,Santa Clara,085,1922200,4239,3204,15,3219,148
2020-06-15,Santa Cruz,087,273765,311,254,0,254,2
2020-06-15,Shasta,089,179085,109,50,0,50,4
2020-06-15,Sierra,091,2930,1,1,0,1,0
2020-06-15,Siskiyou,093,43540,26,14,0,14,0
2020-06-15,Solano,095,438530,1048,638,3,641,19
2020-06-15,Sonoma,097,501317,925,726,2,728,4
2020-06-15,Stanislaus,099,539301,1956,1253,6,1259,35
2020-06-15,Sutter,101,95872,102,71,0,71,2
2020-06-15,Tehama,103,63373,37,17,2,19,1
2020-06-15,Trinity,105,12862,13,2,3,5,0
2020-06-15,Tulare,107,460477,3856,2662,10,2672,96
2020-06-15,Tuolumne,109,53932,11,7,0,7,0
2020-06-15,Ventura,111,848112,2492,1656,14,1670,37
2020-06-15,Yolo,113,214977,360,255,0,255,24
2020-06-15,Yuba,115,75493,39,28,0,28,1
2020-06-14,Alameda,001,1643700,5040,4271,7,4278,112
2020-06-14,Alpine,002,1148,1,1,0,1,0
2020-06-14,Amador,005,37829,12,10,0,10,0
2020-06-14,Butte,007,227075,127,78,13,91,1
2020-06-14,Calaveras,009,45235,33,18,0,18,0
2020-06-14,Colusa,011,21464,13,7,0,7,0
2020-06-14,Contra Costa,013,1133247,2270,1893,2,1895,43
2020-06-14,Del Norte,015,27424,47,45,0,45,0
2020-06-14,El Dorado,017,186661,167,110,2,112,0
2020-06-14,Fresno,019,978130,5019,2585,57,2642,48
2020-06-14,Glenn,021,27897,51,21,0,21,0
2020-06-14,Humboldt,023,135768,129,105,0,105,3
2020-06-14,Imperial,025,180216,5940,3730,4,3734,36
2020-06-14,Inyo,027,18085,24,23,0,23,1
2020-06-14,Kern,029,883053,4505,3328,14,3342,55
2020-06-14,Kings,031,150075,2025,1022,3,1025,6
2020-06-14,Lake,033,64148,41,31,0,31,0
2020-06-14,Lassen,035,31185,15,5,2,7,0
2020-06-14,Los Angeles,037,10098052,82044,72932,33,72965,2887
2020-06-14,Madera,039,155013,492,203,2,205,3
2020-06-14,Marin,041,260295,871,689,2,691,17
2020-06-14,Mariposa,043,17540,18,16,0,16,1
2020-06-14,Mendocino,045,87422,49,33,0,33,0
2020-06-14,Merced,047,269075,723,403,0,403,7
2020-06-14,Modoc,049,8938,1,0,0,0,0
2020-06-14,Mono,051,14174,42,34,0,34,1
2020-06-14,Monterey,053,433212,1286,949,3,952,12
2020-06-14,Napa,055,140530,228,181,0,181,3
2020-06-14,Nevada,057,99092,81,52,1,53,1
2020-06-14,Orange,059,3164182,12601,8744,90,8834,211
2020-06-14,Placer,061,380077,529,369,3,372,9
2020-06-14,Plumas,063,18699,5,4,0,4,0
2020-06-14,Riverside,065,2383286,14187,11218,23,11241,364
2020-06-14,Sacramento,067,1510023,2084,1750,3,1753,60
2020-06-14,San Benito,069,59416,173,104,0,104,2
2020-06-14,San Bernardino,071,2135413,9961,7015,7,7022,224
2020-06-14,San Diego,073,3302833,10963,9442,1,9443,319
2020-06-14,San Francisco,075,870044,3137,2834,2,2836,45
2020-06-14,San Joaquin,077,732212,2348,1603,3,1606,43
2020-06-14,San Luis Obispo,079,281455,503,330,5,335,1
2020-06-14,San Mateo,081,765935,2843,2571,3,2574,75
2020-06-14,Santa Barbara,083,443738,2456,2049,17,2066,17
2020-06-14,Santa Clara,085,1922200,4144,3178,15,3193,148
2020-06-14,Santa Cruz,087,273765,297,254,0,254,2
2020-06-14,Shasta,089,179085,103,48,0,48,4
2020-06-14,Sierra,091,2930,1,1,0,1,0
2020-06-14,Siskiyou,093,43540,25,13,0,13,0
2020-06-14,Solano,095,438530,999,638,3,641,19
2020-06-14,Sonoma,097,501317,897,724,2,726,4
2020-06-14,Stanislaus,099,539301,1807,1159,6,1165,35
2020-06-14,Sutter,101,95872,97,63,0,63,2
2020-06-14,Tehama,103,63373,34,17,2,19,1
2020-06-14,Trinity,105,12862,13,2,3,5,0
2020-06-14,Tulare,107,460477,3722,2646,10,2656,96
2020-06-14,Tuolumne,109,53932,11,7,0,7,0
2020-06-14,Ventura,111,848112,2393,1610,13,1623,37
2020-06-14,Yolo,113,214977,344,254,0,254,24
2020-06-14,Yuba,115,75493,38,28,0,28,1
2020-06-13,Alameda,001,1643700,4976,4196,7,4203,112
2020-06-13,Alpine,002,1148,1,1,0,1,0
2020-06-13,Amador,005,37829,11,10,0,10,0
2020-06-13,Butte,007,227075,118,72,13,85,1
2020-06-13,Calaveras,009,45235,31,18,0,18,0
2020-06-13,Colusa,011,21464,12,7,0,7,0
2020-06-13,Contra Costa,013,1133247,2234,1868,2,1870,43
2020-06-13,Del Norte,015,27424,47,45,0,45,0
2020-06-13,El Dorado,017,186661,163,110,2,112,0
2020-06-13,Fresno,019,978130,4921,2499,57,2556,48
2020-06-13,Glenn,021,27897,49,21,0,21,0
2020-06-13,Humboldt,023,135768,128,104,0,104,3
2020-06-13,Imperial,025,180216,5867,3646,4,3650,36
2020-06-13,Inyo,027,18085,24,23,0,23,1
2020-06-13,Kern,029,883053,4396,3239,14,3253,55
2020-06-13,Kings,031,150075,2005,1023,3,1026,6
2020-06-13,Lake,033,64148,40,29,0,29,0
2020-06-13,Lassen,035,31185,15,5,2,7,0
2020-06-13,Los Angeles,037,10098052,81003,71938,33,71971,2874
2020-06-13,Madera,039,155013,488,203,2,205,3
2020-06-13,Marin,041,260295,840,677,2,679,17
2020-06-13,Mariposa,043,17540,18,16,0,16,1
2020-06-13,Mendocino,045,87422,49,33,0,33,0
2020-06-13,Merced,047,269075,704,376,0,376,7
2020-06-13,Modoc,049,8938,1,0,0,0,0
2020-06-13,Mono,051,14174,42,35,0,35,1
2020-06-13,Monterey,053,433212,1248,900,3,903,11
2020-06-13,Napa,055,140530,225,171,0,171,3
2020-06-13,Nevada,057,99092,79,52,1,53,1
2020-06-13,Orange,059,3164182,12356,8581,87,8668,211
2020-06-13,Placer,061,380077,512,346,3,349,9
2020-06-13,Plumas,063,18699,5,4,0,4,0
2020-06-13,Riverside,065,2383286,13908,10931,23,10954,364
2020-06-13,Sacramento,067,1510023,2029,1713,3,1716,60
2020-06-13,San Benito,069,59416,166,99,0,99,2
2020-06-13,San Bernardino,071,2135413,9738,6885,7,6892,224
2020-06-13,San Diego,073,3302833,10791,9316,1,9317,319
2020-06-13,San Francisco,075,870044,3117,2834,2,2836,44
2020-06-13,San Joaquin,077,732212,2267,1461,3,1464,43
2020-06-13,San Luis Obispo,079,281455,492,326,5,331,1
2020-06-13,San Mateo,081,765935,2820,2551,3,2554,75
2020-06-13,Santa Barbara,083,443738,2398,1999,17,2016,15
2020-06-13,Santa Clara,085,1922200,4101,3141,15,3156,148
2020-06-13,Santa Cruz,087,273765,291,254,0,254,2
2020-06-13,Shasta,089,179085,101,48,0,48,4
2020-06-13,Sierra,091,2930,1,1,0,1,0
2020-06-13,Siskiyou,093,43540,25,13,0,13,0
2020-06-13,Solano,095,438530,971,637,3,640,19
2020-06-13,Sonoma,097,501317,882,711,2,713,4
2020-06-13,Stanislaus,099,539301,1750,1122,6,1128,33
2020-06-13,Sutter,101,95872,96,62,0,62,2
2020-06-13,Tehama,103,63373,33,17,2,19,1
2020-06-13,Trinity,105,12862,13,2,3,5,0
2020-06-13,Tulare,107,460477,3690,2626,10,2636,96
2020-06-13,Tuolumne,109,53932,10,7,0,7,0
2020-06-13,Ventura,111,848112,2347,1567,13,1580,37
2020-06-13,Yolo,113,214977,324,251,0,251,24
2020-06-13,Yuba,115,75493,38,28,0,28,1
2020-06-12,Alameda,001,1643700,4903,4167,7,4174,109
2020-06-12,Alpine,002,1148,1,1,0,1,0
2020-06-12,Amador,005,37829,11,10,0,10,0
2020-06-12,Butte,007,227075,114,71,12,83,1
2020-06-12,Calaveras,009,45235,28,18,0,18,0
2020-06-12,Colusa,011,21464,12,7,0,7,0
2020-06-12,Contra Costa,013,1133247,2197,1827,2,1829,43
2020-06-12,Del Norte,015,27424,47,45,0,45,0
2020-06-12,El Dorado,017,186661,163,110,2,112,0
2020-06-12,Fresno,019,978130,4785,2428,57,2485,47
2020-06-12,Glenn,021,27897,46,21,0,21,0
2020-06-12,Humboldt,023,135768,126,105,0,105,3
2020-06-12,Imperial,025,180216,5783,3543,4,3547,36
2020-06-12,Inyo,027,18085,24,23,0,23,1
2020-06-12,Kern,029,883053,4279,3152,14,3166,54
2020-06-12,Kings,031,150075,1992,987,3,990,6
2020-06-12,Lake,033,64148,39,29,0,29,0
2020-06-12,Lassen,035,31185,15,5,2,7,0
2020-06-12,Los Angeles,037,10098052,79597,70385,33,70418,2814
2020-06-12,Madera,039,155013,463,187,2,189,3
2020-06-12,Marin,041,260295,837,649,2,651,17
2020-06-12,Mariposa,043,17540,18,16,0,16,1
2020-06-12,Mendocino,045,87422,49,33,0,33,0
2020-06-12,Merced,047,269075,671,372,0,372,7
2020-06-12,Modoc,049,8938,1,0,0,0,0
2020-06-12,Mono,051,14174,39,35,0,35,1
2020-06-12,Monterey,053,433212,1207,864,2,866,11
2020-06-12,Napa,055,140530,222,162,0,162,3
2020-06-12,Nevada,057,99092,73,52,1,53,1
2020-06-12,Orange,059,3164182,12050,8440,86,8526,203
2020-06-12,Placer,061,380077,495,333,3,336,9
2020-06-12,Plumas,063,18699,5,4,0,4,0
2020-06-12,Riverside,065,2383286,13571,10616,23,10639,364
2020-06-12,Sacramento,067,1510023,1974,1702,3,1705,60
2020-06-12,San Benito,069,59416,159,96,0,96,2
2020-06-12,San Bernardino,071,2135413,9469,6707,7,6714,223
2020-06-12,San Diego,073,3302833,10621,9132,1,9133,313
2020-06-12,San Francisco,075,870044,3083,2823,2,2825,44
2020-06-12,San Joaquin,077,732212,2187,1406,3,1409,43
2020-06-12,San Luis Obispo,079,281455,476,321,5,326,1
2020-06-12,San Mateo,081,765935,2785,2533,3,2536,75
2020-06-12,Santa Barbara,083,443738,2344,1969,17,1986,14
2020-06-12,Santa Clara,085,1922200,4057,3099,15,3114,149
2020-06-12,Santa Cruz,087,273765,283,251,0,251,2
2020-06-12,Shasta,089,179085,94,48,0,48,5
2020-06-12,Sierra,091,2930,1,1,0,1,0
2020-06-12,Siskiyou,093,43540,25,13,0,13,0
2020-06-12,Solano,095,438530,957,620,3,623,19
2020-06-12,Sonoma,097,501317,863,696,2,698,4
2020-06-12,Stanislaus,099,539301,1691,1092,6,1098,33
2020-06-12,Sutter,101,95872,95,56,0,56,2
2020-06-12,Tehama,103,63373,32,13,2,15,1
2020-06-12,Trinity,105,12862,13,2,3,5,0
2020-06-12,Tulare,107,460477,3636,2552,10,2562,95
2020-06-12,Tuolumne,109,53932,10,7,0,7,0
2020-06-12,Ventura,111,848112,2295,1534,13,1547,35
2020-06-12,Yolo,113,214977,312,243,0,243,24
2020-06-12,Yuba,115,75493,36,27,0,27,1
2020-06-11,Alameda,001,1643700,4774,4073,6,4079,108
2020-06-11,Alpine,002,1148,1,1,0,1,0
2020-06-11,Amador,005,37829,10,10,0,10,0
2020-06-11,Butte,007,227075,108,72,12,84,1
2020-06-11,Calaveras,009,45235,27,16,0,16,0
2020-06-11,Colusa,011,21464,12,7,0,7,0
2020-06-11,Contra Costa,013,1133247,2144,1797,2,1799,43
2020-06-11,Del Norte,015,27424,47,45,0,45,0
2020-06-11,El Dorado,017,186661,155,109,2,111,0
2020-06-11,Fresno,019,978130,4633,2338,57,2395,45
2020-06-11,Glenn,021,27897,42,21,0,21,0
2020-06-11,Humboldt,023,135768,122,113,0,113,3
2020-06-11,Imperial,025,180216,5625,3463,4,3467,36
2020-06-11,Inyo,027,18085,22,23,0,23,1
2020-06-11,Kern,029,883053,4127,3047,12,3059,54
2020-06-11,Kings,031,150075,1959,963,3,966,6
2020-06-11,Lake,033,64148,39,28,0,28,0
2020-06-11,Lassen,035,31185,15,5,2,7,0
2020-06-11,Los Angeles,037,10098052,77931,68807,32,68839,2800
2020-06-11,Madera,039,155013,445,178,2,180,3
2020-06-11,Marin,041,260295,789,637,2,639,17
2020-06-11,Mariposa,043,17540,18,16,0,16,1
2020-06-11,Mendocino,045,87422,40,35,0,35,0
2020-06-11,Merced,047,269075,631,370,0,370,7
2020-06-11,Modoc,049,8938,1,0,0,0,0
2020-06-11,Mono,051,14174,39,35,0,35,1
2020-06-11,Monterey,053,433212,1160,813,2,815,11
2020-06-11,Napa,055,140530,213,162,0,162,3
2020-06-11,Nevada,057,99092,67,50,1,51,1
2020-06-11,Orange,059,3164182,11741,8304,85,8389,188
2020-06-11,Placer,061,380077,476,321,3,324,9
2020-06-11,Plumas,063,18699,5,4,0,4,0
2020-06-11,Riverside,065,2383286,13218,10014,23,10037,361
2020-06-11,Sacramento,067,1510023,1926,1669,3,1672,60
2020-06-11,San Benito,069,59416,153,94,0,94,2
2020-06-11,San Bernardino,071,2135413,9172,6509,7,6516,221
2020-06-11,San Diego,073,3302833,10391,9000,0,9000,308
2020-06-11,San Francisco,075,870044,3054,2766,2,2768,44
2020-06-11,San Joaquin,077,732212,2075,1351,3,1354,43
2020-06-11,San Luis Obispo,079,281455,462,307,5,312,1
2020-06-11,San Mateo,081,765935,2747,2499,3,2502,74
2020-06-11,Santa Barbara,083,443738,2283,1895,17,1912,14
2020-06-11,Santa Clara,085,1922200,3990,3049,15,3064,149
2020-06-11,Santa Cruz,087,273765,279,247,0,247,2
2020-06-11,Shasta,089,179085,87,47,0,47,5
2020-06-11,Sierra,091,2930,1,1,0,1,0
2020-06-11,Siskiyou,093,43540,25,14,0,14,0
2020-06-11,Solano,095,438530,931,616,3,619,19
2020-06-11,Sonoma,097,501317,841,682,2,684,4
2020-06-11,Stanislaus,099,539301,1600,1062,6,1068,30
2020-06-11,Sutter,101,95872,92,56,0,56,2
2020-06-11,Tehama,103,63373,27,10,2,12,1
2020-06-11,Trinity,105,12862,11,2,3,5,0
2020-06-11,Tulare,107,460477,3537,2473,10,2483,95
2020-06-11,Tuolumne,109,53932,10,7,0,7,0
2020-06-11,Ventura,111,848112,2218,1491,12,1503,34
2020-06-11,Yolo,113,214977,304,230,0,230,24
2020-06-11,Yuba,115,75493,36,27,0,27,1
2020-06-10,Alameda,001,1643700,4674,4027,6,4033,107
2020-06-10,Alpine,002,1148,1,1,0,1,0
2020-06-10,Amador,005,37829,10,10,0,10,0
2020-06-10,Butte,007,227075,104,71,12,83,1
2020-06-10,Calaveras,009,45235,27,16,0,16,0
2020-06-10,Colusa,011,21464,11,7,0,7,0
2020-06-10,Contra Costa,013,1133247,2100,1778,2,1780,43
2020-06-10,Del Norte,015,27424,47,45,0,45,0
2020-06-10,El Dorado,017,186661,152,109,2,111,0
2020-06-10,Fresno,019,978130,4458,2324,57,2381,45
2020-06-10,Glenn,021,27897,39,21,0,21,0
2020-06-10,Humboldt,023,135768,118,112,0,112,3
2020-06-10,Imperial,025,180216,5478,3454,4,3458,36
2020-06-10,Inyo,027,18085,22,23,0,23,1
2020-06-10,Kern,029,883053,4002,3000,11,3011,54
2020-06-10,Kings,031,150075,1913,952,2,954,6
2020-06-10,Lake,033,64148,39,28,0,28,0
2020-06-10,Lassen,035,31185,15,5,2,7,0
2020-06-10,Los Angeles,037,10098052,76416,67018,32,67050,2752
2020-06-10,Madera,039,155013,431,176,1,177,3
2020-06-10,Marin,041,260295,757,633,2,635,17
2020-06-10,Mariposa,043,17540,17,16,0,16,1
2020-06-10,Mendocino,045,87422,39,35,0,35,0
2020-06-10,Merced,047,269075,606,370,0,370,7
2020-06-10,Modoc,049,8938,1,0,0,0,0
2020-06-10,Mono,051,14174,39,35,0,35,1
2020-06-10,Monterey,053,433212,1106,791,2,793,11
2020-06-10,Napa,055,140530,210,159,0,159,3
2020-06-10,Nevada,057,99092,65,50,1,51,1
2020-06-10,Orange,059,3164182,11464,8222,81,8303,184
2020-06-10,Placer,061,380077,451,309,3,312,9
2020-06-10,Plumas,063,18699,5,4,0,4,0
2020-06-10,Riverside,065,2383286,12895,9857,23,9880,361
2020-06-10,Sacramento,067,1510023,1887,1643,2,1645,59
2020-06-10,San Benito,069,59416,144,94,0,94,2
2020-06-10,San Bernardino,071,2135413,8879,6438,7,6445,219
2020-06-10,San Diego,073,3302833,10227,8839,0,8839,305
2020-06-10,San Francisco,075,870044,3029,2774,2,2776,44
2020-06-10,San Joaquin,077,732212,1946,1282,3,1285,41
2020-06-10,San Luis Obispo,079,281455,442,306,5,311,1
2020-06-10,San Mateo,081,765935,2707,2492,3,2495,74
2020-06-10,Santa Barbara,083,443738,2227,1878,17,1895,13
2020-06-10,Santa Clara,085,1922200,3939,3032,15,3047,149
2020-06-10,Santa Cruz,087,273765,275,242,0,242,2
2020-06-10,Shasta,089,179085,82,45,0,45,5
2020-06-10,Sierra,091,2930,1,1,0,1,0
2020-06-10,Siskiyou,093,43540,25,14,0,14,0
2020-06-10,Solano,095,438530,894,608,3,611,19
2020-06-10,Sonoma,097,501317,823,673,2,675,4
2020-06-10,Stanislaus,099,539301,1510,1030,6,1036,29
2020-06-10,Sutter,101,95872,91,56,0,56,2
2020-06-10,Tehama,103,63373,25,10,2,12,1
2020-06-10,Trinity,105,12862,11,2,3,5,0
2020-06-10,Tulare,107,460477,3444,2455,10,2465,95
2020-06-10,Tuolumne,109,53932,10,7,0,7,0
2020-06-10,Ventura,111,848112,2172,1446,11,1457,34
2020-06-10,Yolo,113,214977,296,226,0,226,24
2020-06-10,Yuba,115,75493,35,27,0,27,1
2020-06-09,Alameda,001,1643700,4563,3963,6,3969,103
2020-06-09,Alpine,002,1148,1,1,0,1,0
2020-06-09,Amador,005,37829,10,10,0,10,0
2020-06-09,Butte,007,227075,103,70,11,81,1
2020-06-09,Calaveras,009,45235,27,16,0,16,0
2020-06-09,Colusa,011,21464,10,7,0,7,0
2020-06-09,Contra Costa,013,1133247,2059,1744,2,1746,42
2020-06-09,Del Norte,015,27424,47,45,0,45,0
2020-06-09,El Dorado,017,186661,142,108,2,110,0
2020-06-09,Fresno,019,978130,4307,2278,57,2335,43
2020-06-09,Glenn,021,27897,38,19,0,19,0
2020-06-09,Humboldt,023,135768,116,113,0,113,2
2020-06-09,Imperial,025,180216,5328,3067,4,3071,36
2020-06-09,Inyo,027,18085,22,22,0,22,1
2020-06-09,Kern,029,883053,3874,2920,11,2931,51
2020-06-09,Kings,031,150075,1881,934,2,936,6
2020-06-09,Lake,033,64148,39,28,0,28,0
2020-06-09,Lassen,035,31185,15,5,2,7,0
2020-06-09,Los Angeles,037,10098052,74759,65827,32,65859,2692
2020-06-09,Madera,039,155013,416,172,1,173,3
2020-06-09,Marin,041,260295,721,616,2,618,17
2020-06-09,Mariposa,043,17540,17,16,0,16,1
2020-06-09,Mendocino,045,87422,35,35,0,35,0
2020-06-09,Merced,047,269075,574,349,0,349,7
2020-06-09,Modoc,049,8938,1,0,0,0,0
2020-06-09,Mono,051,14174,39,35,0,35,1
2020-06-09,Monterey,053,433212,1065,772,2,774,11
2020-06-09,Napa,055,140530,200,156,0,156,3
2020-06-09,Nevada,057,99092,57,50,1,51,1
2020-06-09,Orange,059,3164182,11220,7991,79,8070,174
2020-06-09,Placer,061,380077,438,301,3,304,9
2020-06-09,Plumas,063,18699,5,4,0,4,0
2020-06-09,Riverside,065,2383286,12517,9511,23,9534,354
2020-06-09,Sacramento,067,1510023,1832,1625,2,1627,59
2020-06-09,San Benito,069,59416,138,95,0,95,2
2020-06-09,San Bernardino,071,2135413,8556,6268,6,6274,217
2020-06-09,San Diego,073,3302833,10042,8731,0,8731,301
2020-06-09,San Francisco,075,870044,3004,2749,2,2751,44
2020-06-09,San Joaquin,077,732212,1840,1240,3,1243,41
2020-06-09,San Luis Obispo,079,281455,429,301,4,305,1
2020-06-09,San Mateo,081,765935,2676,2463,3,2466,74
2020-06-09,Santa Barbara,083,443738,2171,1854,17,1871,13
2020-06-09,Santa Clara,085,1922200,3871,3006,14,3020,147
2020-06-09,Santa Cruz,087,273765,269,237,0,237,2
2020-06-09,Shasta,089,179085,78,44,0,44,4
2020-06-09,Sierra,091,2930,1,1,0,1,0
2020-06-09,Siskiyou,093,43540,20,10,0,10,0
2020-06-09,Solano,095,438530,859,596,3,599,18
2020-06-09,Sonoma,097,501317,800,661,2,663,4
2020-06-09,Stanislaus,099,539301,1409,993,6,999,25
2020-06-09,Sutter,101,95872,88,56,0,56,2
2020-06-09,Tehama,103,63373,25,9,2,11,1
2020-06-09,Trinity,105,12862,10,2,3,5,0
2020-06-09,Tulare,107,460477,3378,2393,10,2403,91
2020-06-09,Tuolumne,109,53932,10,8,0,8,0
2020-06-09,Ventura,111,848112,2106,1407,11,1418,34
2020-06-09,Yolo,113,214977,285,226,0,226,24
2020-06-09,Yuba,115,75493,34,27,0,27,1
2020-06-08,Alameda,001,1643700,4482,3937,6,3943,103
2020-06-08,Alpine,002,1148,1,1,0,1,0
2020-06-08,Amador,005,37829,10,10,0,10,0
2020-06-08,Butte,007,227075,99,68,11,79,1
2020-06-08,Calaveras,009,45235,27,16,0,16,0
2020-06-08,Colusa,011,21464,9,7,0,7,0
2020-06-08,Contra Costa,013,1133247,2016,1714,2,1716,41
2020-06-08,Del Norte,015,27424,47,45,0,45,0
2020-06-08,El Dorado,017,186661,138,107,1,108,0
2020-06-08,Fresno,019,978130,4184,2194,56,2250,42
2020-06-08,Glenn,021,27897,36,17,0,17,0
2020-06-08,Humboldt,023,135768,116,112,0,112,2
2020-06-08,Imperial,025,180216,5176,3051,4,3055,21
2020-06-08,Inyo,027,18085,22,22,0,22,1
2020-06-08,Kern,029,883053,3743,2853,10,2863,49
2020-06-08,Kings,031,150075,1805,892,2,894,6
2020-06-08,Lake,033,64148,39,28,0,28,0
2020-06-08,Lassen,035,31185,15,4,2,6,0
2020-06-08,Los Angeles,037,10098052,73299,64634,32,64666,2640
2020-06-08,Madera,039,155013,386,154,1,155,3
2020-06-08,Marin,041,260295,680,596,2,598,17
2020-06-08,Mariposa,043,17540,16,16,0,16,1
2020-06-08,Mendocino,045,87422,33,32,0,32,0
2020-06-08,Merced,047,269075,540,331,0,331,7
2020-06-08,Modoc,049,8938,1,0,0,0,0
2020-06-08,Mono,051,14174,39,35,0,35,1
2020-06-08,Monterey,053,433212,1014,751,2,753,10
2020-06-08,Napa,055,140530,184,151,0,151,3
2020-06-08,Nevada,057,99092,56,50,1,51,1
2020-06-08,Orange,059,3164182,10968,7786,77,7863,160
2020-06-08,Placer,061,380077,421,290,3,293,9
2020-06-08,Plumas,063,18699,5,4,0,4,0
2020-06-08,Riverside,065,2383286,12147,9246,23,9269,347
2020-06-08,Sacramento,067,1510023,1782,1591,2,1593,59
2020-06-08,San Benito,069,59416,131,93,0,93,2
2020-06-08,San Bernardino,071,2135413,8237,6122,6,6128,214
2020-06-08,San Diego,073,3302833,9885,8621,0,8621,296
2020-06-08,San Francisco,075,870044,2977,2715,2,2717,43
2020-06-08,San Joaquin,077,732212,1733,1198,3,1201,40
2020-06-08,San Luis Obispo,079,281455,423,300,4,304,1
2020-06-08,San Mateo,081,765935,2645,2431,2,2433,74
2020-06-08,Santa Barbara,083,443738,2116,1824,15,1839,13
2020-06-08,Santa Clara,085,1922200,3825,2971,14,2985,146
2020-06-08,Santa Cruz,087,273765,268,234,0,234,2
2020-06-08,Shasta,089,179085,74,43,0,43,4
2020-06-08,Sierra,091,2930,1,1,0,1,0
2020-06-08,Siskiyou,093,43540,20,8,0,8,0
2020-06-08,Solano,095,438530,832,560,3,563,19
2020-06-08,Sonoma,097,501317,784,654,2,656,4
2020-06-08,Stanislaus,099,539301,1326,956,6,962,28
2020-06-08,Sutter,101,95872,81,55,0,55,2
2020-06-08,Tehama,103,63373,19,8,2,10,1
2020-06-08,Trinity,105,12862,10,2,3,5,0
2020-06-08,Tulare,107,460477,3295,2301,10,2311,91
2020-06-08,Tuolumne,109,53932,9,8,0,8,0
2020-06-08,Ventura,111,848112,2048,1382,11,1393,30
2020-06-08,Yolo,113,214977,274,228,0,228,24
2020-06-08,Yuba,115,75493,32,27,0,27,1
2020-06-07,Alameda,001,1643700,4369,3866,6,3872,102
2020-06-07,Alpine,002,1148,1,1,0,1,0
2020-06-07,Amador,005,37829,10,10,0,10,0
2020-06-07,Butte,007,227075,97,64,9,73,1
2020-06-07,Calaveras,009,45235,25,16,0,16,0
2020-06-07,Colusa,011,21464,9,7,0,7,0
2020-06-07,Contra Costa,013,1133247,1965,1653,1,1654,38
2020-06-07,Del Norte,015,27424,45,45,0,45,0
2020-06-07,El Dorado,017,186661,138,104,1,105,0
2020-06-07,Fresno,019,978130,4055,2144,56,2200,41
2020-06-07,Glenn,021,27897,29,16,0,16,0
2020-06-07,Humboldt,023,135768,116,112,0,112,2
2020-06-07,Imperial,025,180216,5026,3048,4,3052,19
2020-06-07,Inyo,027,18085,22,21,0,21,1
2020-06-07,Kern,029,883053,3612,2771,10,2781,46
2020-06-07,Kings,031,150075,1756,882,2,884,6
2020-06-07,Lake,033,64148,36,28,0,28,0
2020-06-07,Lassen,035,31185,14,4,2,6,0
2020-06-07,Los Angeles,037,10098052,71588,63750,32,63782,2629
2020-06-07,Madera,039,155013,369,149,1,150,3
2020-06-07,Marin,041,260295,666,584,2,586,17
2020-06-07,Mariposa,043,17540,16,16,0,16,1
2020-06-07,Mendocino,045,87422,33,32,0,32,0
2020-06-07,Merced,047,269075,510,318,0,318,7
2020-06-07,Modoc,049,8938,1,0,0,0,0
2020-06-07,Mono,051,14174,39,35,0,35,1
2020-06-07,Monterey,053,433212,968,732,2,734,10
2020-06-07,Napa,055,140530,176,142,0,142,3
2020-06-07,Nevada,057,99092,55,50,1,51,1
2020-06-07,Orange,059,3164182,10709,7643,75,7718,158
2020-06-07,Placer,061,380077,400,273,2,275,9
2020-06-07,Plumas,063,18699,5,4,0,4,0
2020-06-07,Riverside,065,2383286,11851,9105,23,9128,344
2020-06-07,Sacramento,067,1510023,1734,1568,2,1570,59
2020-06-07,San Benito,069,59416,128,92,0,92,2
2020-06-07,San Bernardino,071,2135413,7951,6033,6,6039,214
2020-06-07,San Diego,073,3302833,9706,8478,0,8478,296
2020-06-07,San Francisco,075,870044,2933,2674,1,2675,43
2020-06-07,San Joaquin,077,732212,1632,1126,3,1129,37
2020-06-07,San Luis Obispo,079,281455,413,296,4,300,1
2020-06-07,San Mateo,081,765935,2618,2399,2,2401,73
2020-06-07,Santa Barbara,083,443738,2061,1818,15,1833,13
2020-06-07,Santa Clara,085,1922200,3773,2947,14,2961,146
2020-06-07,Santa Cruz,087,273765,260,230,0,230,2
2020-06-07,Shasta,089,179085,73,41,0,41,4
2020-06-07,Sierra,091,2930,1,1,0,1,0
2020-06-07,Siskiyou,093,43540,20,8,0,8,0
2020-06-07,Solano,095,438530,809,560,3,563,19
2020-06-07,Sonoma,097,501317,753,639,2,641,4
2020-06-07,Stanislaus,099,539301,1246,905,5,910,28
2020-06-07,Sutter,101,95872,73,55,0,55,2
2020-06-07,Tehama,103,63373,16,8,2,10,1
2020-06-07,Trinity,105,12862,8,2,3,5,0
2020-06-07,Tulare,107,460477,3173,2219,10,2229,90
2020-06-07,Tuolumne,109,53932,9,4,0,4,0
2020-06-07,Ventura,111,848112,1982,1337,11,1348,30
2020-06-07,Yolo,113,214977,264,224,0,224,24
2020-06-07,Yuba,115,75493,32,27,0,27,1
2020-06-06,Alameda,001,1643700,4324,3801,6,3807,102
2020-06-06,Alpine,002,1148,1,1,0,1,0
2020-06-06,Amador,005,37829,10,10,0,10,0
2020-06-06,Butte,007,227075,96,63,9,72,1
2020-06-06,Calaveras,009,45235,23,16,0,16,0
2020-06-06,Colusa,011,21464,9,7,0,7,0
2020-06-06,Contra Costa,013,1133247,1944,1619,1,1620,37
2020-06-06,Del Norte,015,27424,45,45,0,45,0
2020-06-06,El Dorado,017,186661,133,104,1,105,0
2020-06-06,Fresno,019,978130,3999,2117,56,2173,41
2020-06-06,Glenn,021,27897,27,16,0,16,0
2020-06-06,Humboldt,023,135768,116,112,0,112,2
2020-06-06,Imperial,025,180216,4951,3047,4,3051,19
2020-06-06,Inyo,027,18085,22,21,0,21,1
2020-06-06,Kern,029,883053,3541,2695,10,2705,46
2020-06-06,Kings,031,150075,1737,882,2,884,6
2020-06-06,Lake,033,64148,36,28,0,28,0
2020-06-06,Lassen,035,31185,14,4,2,6,0
2020-06-06,Los Angeles,037,10098052,70833,62269,32,62301,2607
2020-06-06,Madera,039,155013,360,149,1,150,3
2020-06-06,Marin,041,260295,661,556,2,558,17
2020-06-06,Mariposa,043,17540,16,16,0,16,1
2020-06-06,Mendocino,045,87422,33,32,0,32,0
2020-06-06,Merced,047,269075,508,315,0,315,7
2020-06-06,Modoc,049,8938,1,0,0,0,0
2020-06-06,Mono,051,14174,39,35,0,35,1
2020-06-06,Monterey,053,433212,944,679,2,681,10
2020-06-06,Napa,055,140530,170,136,0,136,3
2020-06-06,Nevada,057,99092,54,50,1,51,1
2020-06-06,Orange,059,3164182,10549,7576,74,7650,157
2020-06-06,Placer,061,380077,388,270,2,272,9
2020-06-06,Plumas,063,18699,5,4,0,4,0
2020-06-06,Riverside,065,2383286,11673,8935,23,8958,345
2020-06-06,Sacramento,067,1510023,1711,1533,2,1535,59
2020-06-06,San Benito,069,59416,118,92,0,92,2
2020-06-06,San Bernardino,071,2135413,7802,5946,6,5952,214
2020-06-06,San Diego,073,3302833,9585,8347,0,8347,296
2020-06-06,San Francisco,075,870044,2918,2674,1,2675,43
2020-06-06,San Joaquin,077,732212,1592,1076,3,1079,37
2020-06-06,San Luis Obispo,079,281455,407,295,4,299,1
2020-06-06,San Mateo,081,765935,2603,2342,2,2344,72
2020-06-06,Santa Barbara,083,443738,2022,1815,15,1830,13
2020-06-06,Santa Clara,085,1922200,3732,2934,14,2948,144
2020-06-06,Santa Cruz,087,273765,258,226,0,226,2
2020-06-06,Shasta,089,179085,73,40,0,40,4
2020-06-06,Sierra,091,2930,1,1,0,1,0
2020-06-06,Siskiyou,093,43540,18,8,0,8,0
2020-06-06,Solano,095,438530,794,560,3,563,19
2020-06-06,Sonoma,097,501317,741,622,2,624,4
2020-06-06,Stanislaus,099,539301,1212,858,5,863,27
2020-06-06,Sutter,101,95872,73,51,0,51,2
2020-06-06,Tehama,103,63373,15,8,2,10,1
2020-06-06,Trinity,105,12862,8,2,2,4,0
2020-06-06,Tulare,107,460477,3140,2213,10,2223,90
2020-06-06,Tuolumne,109,53932,9,4,0,4,0
2020-06-06,Ventura,111,848112,1958,1303,11,1314,30
2020-06-06,Yolo,113,214977,262,223,0,223,24
2020-06-06,Yuba,115,75493,32,27,0,27,1
2020-06-05,Alameda,001,1643700,4273,3734,6,3740,102
2020-06-05,Alpine,002,1148,1,1,0,1,0
2020-06-05,Amador,005,37829,10,10,0,10,0
2020-06-05,Butte,007,227075,93,61,9,70,1
2020-06-05,Calaveras,009,45235,22,16,0,16,0
2020-06-05,Colusa,011,21464,9,7,0,7,0
2020-06-05,Contra Costa,013,1133247,1929,1575,1,1576,37
2020-06-05,Del Norte,015,27424,45,45,0,45,0
2020-06-05,El Dorado,017,186661,131,101,1,102,0
2020-06-05,Fresno,019,978130,3935,2051,55,2106,38
2020-06-05,Glenn,021,27897,25,16,0,16,0
2020-06-05,Humboldt,023,135768,115,111,0,111,2
2020-06-05,Imperial,025,180216,4843,2778,4,2782,19
2020-06-05,Inyo,027,18085,22,21,0,21,1
2020-06-05,Kern,029,883053,3452,2624,10,2634,46
2020-06-05,Kings,031,150075,1722,865,2,867,6
2020-06-05,Lake,033,64148,35,28,0,28,0
2020-06-05,Lassen,035,31185,13,4,2,6,0
2020-06-05,Los Angeles,037,10098052,69682,60955,30,60985,2553
2020-06-05,Madera,039,155013,338,144,1,145,3
2020-06-05,Marin,041,260295,652,546,2,548,17
2020-06-05,Mariposa,043,17540,16,16,0,16,1
2020-06-05,Mendocino,045,87422,33,32,0,32,0
2020-06-05,Merced,047,269075,505,309,0,309,7
2020-06-05,Modoc,049,8938,1,0,0,0,0
2020-06-05,Mono,051,14174,39,35,0,35,1
2020-06-05,Monterey,053,433212,912,649,2,651,10
2020-06-05,Napa,055,140530,167,123,0,123,3
2020-06-05,Nevada,057,99092,54,50,1,51,1
2020-06-05,Orange,059,3164182,10353,7391,73,7464,153
2020-06-05,Placer,061,380077,378,265,2,267,9
2020-06-05,Plumas,063,18699,5,4,0,4,0
2020-06-05,Riverside,065,2383286,11414,8700,23,8723,345
2020-06-05,Sacramento,067,1510023,1689,1514,2,1516,59
2020-06-05,San Benito,069,59416,116,92,0,92,2
2020-06-05,San Bernardino,071,2135413,7620,5869,5,5874,212
2020-06-05,San Diego,073,3302833,9470,8182,0,8182,294
2020-06-05,San Francisco,075,870044,2900,2675,1,2676,43
2020-06-05,San Joaquin,077,732212,1513,1046,3,1049,36
2020-06-05,San Luis Obispo,079,281455,400,293,4,297,1
2020-06-05,San Mateo,081,765935,2578,2331,2,2333,72
2020-06-05,Santa Barbara,083,443738,1991,1795,15,1810,13
2020-06-05,Santa Clara,085,1922200,3697,2902,14,2916,144
2020-06-05,Santa Cruz,087,273765,255,222,0,222,2
2020-06-05,Shasta,089,179085,72,40,0,40,4
2020-06-05,Sierra,091,2930,1,1,0,1,0
2020-06-05,Siskiyou,093,43540,16,8,0,8,0
2020-06-05,Solano,095,438530,787,558,3,561,19
2020-06-05,Sonoma,097,501317,720,618,2,620,4
2020-06-05,Stanislaus,099,539301,1179,842,5,847,27
2020-06-05,Sutter,101,95872,73,49,0,49,2
2020-06-05,Tehama,103,63373,15,7,2,9,1
2020-06-05,Trinity,105,12862,8,1,2,3,0
2020-06-05,Tulare,107,460477,3091,2180,10,2190,90
2020-06-05,Tuolumne,109,53932,9,4,0,4,0
2020-06-05,Ventura,111,848112,1925,1274,11,1285,30
2020-06-05,Yolo,113,214977,261,216,0,216,24
2020-06-05,Yuba,115,75493,32,27,0,27,1
2020-06-04,Alameda,001,1643700,4174,3643,6,3649,99
2020-06-04,Alpine,002,1148,1,1,0,1,0
2020-06-04,Amador,005,37829,10,10,0,10,0
2020-06-04,Butte,007,227075,89,57,8,65,1
2020-06-04,Calaveras,009,45235,22,15,0,15,0
2020-06-04,Colusa,011,21464,9,7,0,7,0
2020-06-04,Contra Costa,013,1133247,1872,1551,1,1552,37
2020-06-04,Del Norte,015,27424,45,45,0,45,0
2020-06-04,El Dorado,017,186661,129,101,1,102,0
2020-06-04,Fresno,019,978130,3831,2007,54,2061,35
2020-06-04,Glenn,021,27897,22,16,0,16,0
2020-06-04,Humboldt,023,135768,115,109,0,109,2
2020-06-04,Imperial,025,180216,4661,2631,4,2635,19
2020-06-04,Inyo,027,18085,22,20,0,20,1
2020-06-04,Kern,029,883053,3336,2530,10,2540,46
2020-06-04,Kings,031,150075,1653,842,2,844,6
2020-06-04,Lake,033,64148,34,27,0,27,0
2020-06-04,Lassen,035,31185,11,4,2,6,0
2020-06-04,Los Angeles,037,10098052,68217,59596,30,59626,2515
2020-06-04,Madera,039,155013,330,127,1,128,3
2020-06-04,Marin,041,260295,630,533,2,535,14
2020-06-04,Mariposa,043,17540,16,16,0,16,1
2020-06-04,Mendocino,045,87422,33,29,0,29,0
2020-06-04,Merced,047,269075,495,304,0,304,7
2020-06-04,Modoc,049,8938,1,0,0,0,0
2020-06-04,Mono,051,14174,39,35,0,35,1
2020-06-04,Monterey,053,433212,877,621,1,622,10
2020-06-04,Napa,055,140530,163,117,0,117,3
2020-06-04,Nevada,057,99092,53,49,1,50,1
2020-06-04,Orange,059,3164182,10099,7192,72,7264,148
2020-06-04,Placer,061,380077,362,256,2,258,9
2020-06-04,Plumas,063,18699,4,4,0,4,0
2020-06-04,Riverside,065,2383286,11137,8473,23,8496,341
2020-06-04,Sacramento,067,1510023,1660,1492,2,1494,58
2020-06-04,San Benito,069,59416,114,88,0,88,2
2020-06-04,San Bernardino,071,2135413,7351,5726,5,5731,207
2020-06-04,San Diego,073,3302833,9307,7942,0,7942,288
2020-06-04,San Francisco,075,870044,2867,2636,1,2637,43
2020-06-04,San Joaquin,077,732212,1451,1016,3,1019,36
2020-06-04,San Luis Obispo,079,281455,389,288,4,292,1
2020-06-04,San Mateo,081,765935,2551,2284,2,2286,72
2020-06-04,Santa Barbara,083,443738,1960,1750,14,1764,13
2020-06-04,Santa Clara,085,1922200,3662,2871,14,2885,144
2020-06-04,Santa Cruz,087,273765,249,218,0,218,2
2020-06-04,Shasta,089,179085,66,40,0,40,4
2020-06-04,Sierra,091,2930,1,1,0,1,0
2020-06-04,Siskiyou,093,43540,15,8,0,8,0
2020-06-04,Solano,095,438530,770,551,3,554,19
2020-06-04,Sonoma,097,501317,701,591,1,592,4
2020-06-04,Stanislaus,099,539301,1103,806,5,811,28
2020-06-04,Sutter,101,95872,68,46,0,46,2
2020-06-04,Tehama,103,63373,14,6,1,7,1
2020-06-04,Trinity,105,12862,8,1,2,3,0
2020-06-04,Tulare,107,460477,2974,2086,10,2096,90
2020-06-04,Tuolumne,109,53932,8,4,0,4,0
2020-06-04,Ventura,111,848112,1881,1236,10,1246,30
2020-06-04,Yolo,113,214977,256,216,0,216,24
2020-06-04,Yuba,115,75493,31,27,0,27,1
2020-06-03,Alameda,001,1643700,4115,3589,5,3594,99
2020-06-03,Alpine,002,1148,1,1,0,1,0
2020-06-03,Amador,005,37829,10,10,0,10,0
2020-06-03,Butte,007,227075,87,53,8,61,1
2020-06-03,Calaveras,009,45235,21,15,0,15,0
2020-06-03,Colusa,011,21464,9,7,0,7,0
2020-06-03,Contra Costa,013,1133247,1824,1511,1,1512,37
2020-06-03,Del Norte,015,27424,45,39,0,39,0
2020-06-03,El Dorado,017,186661,126,90,1,91,0
2020-06-03,Fresno,019,978130,3732,1943,53,1996,35
2020-06-03,Glenn,021,27897,22,16,0,16,0
2020-06-03,Humboldt,023,135768,115,103,0,103,2
2020-06-03,Imperial,025,180216,4488,2540,4,2544,19
2020-06-03,Inyo,027,18085,22,20,0,20,1
2020-06-03,Kern,029,883053,3240,2452,9,2461,44
2020-06-03,Kings,031,150075,1592,744,2,746,6
2020-06-03,Lake,033,64148,32,26,0,26,0
2020-06-03,Lassen,035,31185,11,4,2,6,0
2020-06-03,Los Angeles,037,10098052,66618,58166,30,58196,2472
2020-06-03,Madera,039,155013,322,117,1,118,3
2020-06-03,Marin,041,260295,612,527,2,529,14
2020-06-03,Mariposa,043,17540,16,16,0,16,1
2020-06-03,Mendocino,045,87422,32,29,0,29,0
2020-06-03,Merced,047,269075,483,299,0,299,7
2020-06-03,Modoc,049,8938,1,0,0,0,0
2020-06-03,Mono,051,14174,39,35,0,35,1
2020-06-03,Monterey,053,433212,849,592,1,593,10
2020-06-03,Napa,055,140530,162,116,0,116,3
2020-06-03,Nevada,057,99092,52,43,1,44,1
2020-06-03,Orange,059,3164182,9874,6939,71,7010,145
2020-06-03,Placer,061,380077,342,243,2,245,9
2020-06-03,Plumas,063,18699,4,4,0,4,0
2020-06-03,Riverside,065,2383286,10863,8208,23,8231,335
2020-06-03,Sacramento,067,1510023,1631,1457,2,1459,58
2020-06-03,San Benito,069,59416,108,88,0,88,2
2020-06-03,San Bernardino,071,2135413,7128,5565,5,5570,203
2020-06-03,San Diego,073,3302833,9159,7800,0,7800,283
2020-06-03,San Francisco,075,870044,2836,2608,1,2609,43
2020-06-03,San Joaquin,077,732212,1386,1004,3,1007,35
2020-06-03,San Luis Obispo,079,281455,384,279,4,283,1
2020-06-03,San Mateo,081,765935,2523,2243,2,2245,71
2020-06-03,Santa Barbara,083,443738,1926,1722,13,1735,12
2020-06-03,Santa Clara,085,1922200,3620,2836,14,2850,144
2020-06-03,Santa Cruz,087,273765,243,217,0,217,2
2020-06-03,Shasta,089,179085,63,40,0,40,4
2020-06-03,Sierra,091,2930,1,1,0,1,0
2020-06-03,Siskiyou,093,43540,14,8,0,8,0
2020-06-03,Solano,095,438530,741,543,2,545,18
2020-06-03,Sonoma,097,501317,689,578,1,579,4
2020-06-03,Stanislaus,099,539301,1063,780,5,785,27
2020-06-03,Sutter,101,95872,60,45,0,45,2
2020-06-03,Tehama,103,63373,14,6,1,7,1
2020-06-03,Trinity,105,12862,8,1,2,3,0
2020-06-03,Tulare,107,460477,2905,2041,10,2051,88
2020-06-03,Tuolumne,109,53932,6,4,0,4,0
2020-06-03,Ventura,111,848112,1814,1202,10,1212,30
2020-06-03,Yolo,113,214977,252,213,0,213,24
2020-06-03,Yuba,115,75493,31,27,0,27,1
2020-06-02,Alameda,001,1643700,4039,3517,5,3522,99
2020-06-02,Alpine,002,1148,1,1,0,1,0
2020-06-02,Amador,005,37829,10,10,0,10,0
2020-06-02,Butte,007,227075,83,51,7,58,1
2020-06-02,Calaveras,009,45235,21,15,0,15,0
2020-06-02,Colusa,011,21464,9,7,0,7,0
2020-06-02,Contra Costa,013,1133247,1792,1505,1,1506,37
2020-06-02,Del Norte,015,27424,45,39,0,39,0
2020-06-02,El Dorado,017,186661,125,88,1,89,0
2020-06-02,Fresno,019,978130,3618,1917,53,1970,34
2020-06-02,Glenn,021,27897,21,16,0,16,0
2020-06-02,Humboldt,023,135768,115,101,0,101,2
2020-06-02,Imperial,025,180216,4295,2459,4,2463,19
2020-06-02,Inyo,027,18085,20,20,0,20,1
2020-06-02,Kern,029,883053,3141,2406,7,2413,41
2020-06-02,Kings,031,150075,1564,720,2,722,5
2020-06-02,Lake,033,64148,32,25,0,25,0
2020-06-02,Lassen,035,31185,10,4,2,6,0
2020-06-02,Los Angeles,037,10098052,65216,57144,30,57174,2430
2020-06-02,Madera,039,155013,301,110,1,111,2
2020-06-02,Marin,041,260295,585,509,2,511,14
2020-06-02,Mariposa,043,17540,16,16,0,16,1
2020-06-02,Mendocino,045,87422,32,29,0,29,0
2020-06-02,Merced,047,269075,467,297,0,297,6
2020-06-02,Modoc,049,8938,1,0,0,0,0
2020-06-02,Mono,051,14174,39,35,0,35,1
2020-06-02,Monterey,053,433212,819,582,1,583,10
2020-06-02,Napa,055,140530,153,116,0,116,3
2020-06-02,Nevada,057,99092,51,41,1,42,1
2020-06-02,Orange,059,3164182,9671,6790,70,6860,142
2020-06-02,Placer,061,380077,328,226,2,228,9
2020-06-02,Plumas,063,18699,4,4,0,4,0
2020-06-02,Riverside,065,2383286,10567,8091,22,8113,330
2020-06-02,Sacramento,067,1510023,1602,1428,2,1430,58
2020-06-02,San Benito,069,59416,107,86,0,86,2
2020-06-02,San Bernardino,071,2135413,6921,5438,5,5443,202
2020-06-02,San Diego,073,3302833,9013,7676,0,7676,276
2020-06-02,San Francisco,075,870044,2801,2554,1,2555,43
2020-06-02,San Joaquin,077,732212,1320,985,3,988,35
2020-06-02,San Luis Obispo,079,281455,379,275,4,279,1
2020-06-02,San Mateo,081,765935,2488,2203,2,2205,71
2020-06-02,Santa Barbara,083,443738,1886,1703,13,1716,12
2020-06-02,Santa Clara,085,1922200,3570,2819,14,2833,144
2020-06-02,Santa Cruz,087,273765,238,215,0,215,2
2020-06-02,Shasta,089,179085,62,38,0,38,4
2020-06-02,Sierra,091,2930,1,1,0,1,0
2020-06-02,Siskiyou,093,43540,13,8,0,8,0
2020-06-02,Solano,095,438530,726,537,1,538,18
2020-06-02,Sonoma,097,501317,678,571,1,572,4
2020-06-02,Stanislaus,099,539301,1004,772,5,777,27
2020-06-02,Sutter,101,95872,57,43,0,43,2
2020-06-02,Tehama,103,63373,14,6,1,7,1
2020-06-02,Trinity,105,12862,8,1,2,3,0
2020-06-02,Tulare,107,460477,2825,2012,10,2022,86
2020-06-02,Tuolumne,109,53932,6,4,0,4,0
2020-06-02,Ventura,111,848112,1761,1178,10,1188,30
2020-06-02,Yolo,113,214977,250,213,0,213,24
2020-06-02,Yuba,115,75493,31,27,0,27,1
2020-06-01,Alameda,001,1643700,3973,3460,5,3465,98
2020-06-01,Alpine,002,1148,1,1,0,1,0
2020-06-01,Amador,005,37829,10,10,0,10,0
2020-06-01,Butte,007,227075,82,50,6,56,1
2020-06-01,Calaveras,009,45235,21,15,0,15,0
2020-06-01,Colusa,011,21464,9,7,0,7,0
2020-06-01,Contra Costa,013,1133247,1756,1486,1,1487,37
2020-06-01,Del Norte,015,27424,45,38,0,38,0
2020-06-01,El Dorado,017,186661,123,88,1,89,0
2020-06-01,Fresno,019,978130,3523,1854,51,1905,33
2020-06-01,Glenn,021,27897,21,16,0,16,0
2020-06-01,Humboldt,023,135768,115,98,0,98,2
2020-06-01,Imperial,025,180216,4073,2366,4,2370,14
2020-06-01,Inyo,027,18085,20,20,0,20,1
2020-06-01,Kern,029,883053,3058,2366,7,2373,38
2020-06-01,Kings,031,150075,1296,703,2,705,4
2020-06-01,Lake,033,64148,32,22,0,22,0
2020-06-01,Lassen,035,31185,10,4,2,6,0
2020-06-01,Los Angeles,037,10098052,63742,55899,29,55928,2367
2020-06-01,Madera,039,155013,289,103,1,104,2
2020-06-01,Marin,041,260295,544,495,2,497,14
2020-06-01,Mariposa,043,17540,16,16,0,16,1
2020-06-01,Mendocino,045,87422,32,28,0,28,0
2020-06-01,Merced,047,269075,450,289,0,289,6
2020-06-01,Modoc,049,8938,1,0,0,0,0
2020-06-01,Mono,051,14174,39,35,0,35,1
2020-06-01,Monterey,053,433212,795,554,1,555,10
2020-06-01,Napa,055,140530,150,114,0,114,3
2020-06-01,Nevada,057,99092,51,41,1,42,1
2020-06-01,Orange,059,3164182,9474,6640,69,6709,135
2020-06-01,Placer,061,380077,316,218,2,220,9
2020-06-01,Plumas,063,18699,4,4,0,4,0
2020-06-01,Riverside,065,2383286,10115,7921,21,7942,322
2020-06-01,Sacramento,067,1510023,1563,1415,2,1417,58
2020-06-01,San Benito,069,59416,104,86,0,86,2
2020-06-01,San Bernardino,071,2135413,6715,5310,5,5315,202
2020-06-01,San Diego,073,3302833,8833,7556,0,7556,269
2020-06-01,San Francisco,075,870044,2764,2546,1,2547,43
2020-06-01,San Joaquin,077,732212,1255,957,3,960,35
2020-06-01,San Luis Obispo,079,281455,375,275,4,279,1
2020-06-01,San Mateo,081,765935,2458,2190,2,2192,71
2020-06-01,Santa Barbara,083,443738,1852,1671,12,1683,10
2020-06-01,Santa Clara,085,1922200,3532,2797,13,2810,142
2020-06-01,Santa Cruz,087,273765,234,215,0,215,2
2020-06-01,Shasta,089,179085,62,38,0,38,4
2020-06-01,Sierra,091,2930,1,1,0,1,0
2020-06-01,Siskiyou,093,43540,13,7,0,7,0
2020-06-01,Solano,095,438530,702,529,1,530,17
2020-06-01,Sonoma,097,501317,662,565,1,566,4
2020-06-01,Stanislaus,099,539301,967,758,5,763,27
2020-06-01,Sutter,101,95872,52,43,0,43,2
2020-06-01,Tehama,103,63373,11,5,1,6,1
2020-06-01,Trinity,105,12862,7,1,2,3,0
2020-06-01,Tulare,107,460477,2710,1976,10,1986,84
2020-06-01,Tuolumne,109,53932,5,4,0,4,0
2020-06-01,Ventura,111,848112,1708,1163,10,1173,29
2020-06-01,Yolo,113,214977,247,212,0,212,24
2020-06-01,Yuba,115,75493,30,26,0,26,1
2020-05-31,Alameda,001,1643700,3868,3362,5,3367,98
2020-05-31,Alpine,002,1148,1,1,0,1,0
2020-05-31,Amador,005,37829,10,10,0,10,0
2020-05-31,Butte,007,227075,80,51,6,57,0
2020-05-31,Calaveras,009,45235,18,15,0,15,0
2020-05-31,Colusa,011,21464,9,5,0,5,0
2020-05-31,Contra Costa,013,1133247,1722,1458,1,1459,37
2020-05-31,Del Norte,015,27424,45,37,0,37,0
2020-05-31,El Dorado,017,186661,119,88,1,89,0
2020-05-31,Fresno,019,978130,3359,1780,46,1826,31
2020-05-31,Glenn,021,27897,20,16,0,16,0
2020-05-31,Humboldt,023,135768,113,98,0,98,2
2020-05-31,Imperial,025,180216,3806,2197,4,2201,14
2020-05-31,Inyo,027,18085,20,20,0,20,1
2020-05-31,Kern,029,883053,2923,2300,7,2307,38
2020-05-31,Kings,031,150075,1260,703,2,705,3
2020-05-31,Lake,033,64148,32,19,0,19,0
2020-05-31,Lassen,035,31185,10,4,2,6,0
2020-05-31,Los Angeles,037,10098052,62447,54925,29,54954,2344
2020-05-31,Madera,039,155013,271,101,1,102,2
2020-05-31,Marin,041,260295,534,486,2,488,14
2020-05-31,Mariposa,043,17540,16,16,0,16,1
2020-05-31,Mendocino,045,87422,32,24,0,24,0
2020-05-31,Merced,047,269075,417,288,0,288,6
2020-05-31,Modoc,049,8938,0,0,0,0,0
2020-05-31,Mono,051,14174,39,34,0,34,1
2020-05-31,Monterey,053,433212,721,545,1,546,10
2020-05-31,Napa,055,140530,148,114,0,114,3
2020-05-31,Nevada,057,99092,50,41,1,42,1
2020-05-31,Orange,059,3164182,9262,6532,68,6600,135
2020-05-31,Placer,061,380077,294,215,2,217,9
2020-05-31,Plumas,063,18699,4,4,0,4,0
2020-05-31,Riverside,065,2383286,9859,7704,21,7725,321
2020-05-31,Sacramento,067,1510023,1532,1398,2,1400,57
2020-05-31,San Benito,069,59416,98,85,0,85,2
2020-05-31,San Bernardino,071,2135413,6447,5185,5,5190,198
2020-05-31,San Diego,073,3302833,8639,7483,0,7483,269
2020-05-31,San Francisco,075,870044,2728,2501,1,2502,43
2020-05-31,San Joaquin,077,732212,1190,888,3,891,34
2020-05-31,San Luis Obispo,079,281455,365,271,4,275,1
2020-05-31,San Mateo,081,765935,2412,2169,2,2171,71
2020-05-31,Santa Barbara,083,443738,1801,1662,11,1673,9
2020-05-31,Santa Clara,085,1922200,3488,2785,13,2798,142
2020-05-31,Santa Cruz,087,273765,231,210,0,210,2
2020-05-31,Shasta,089,179085,60,38,0,38,4
2020-05-31,Sierra,091,2930,1,1,0,1,0
2020-05-31,Siskiyou,093,43540,12,7,0,7,0
2020-05-31,Solano,095,438530,676,512,1,513,6
2020-05-31,Sonoma,097,501317,642,555,1,556,4
2020-05-31,Stanislaus,099,539301,913,738,5,743,27
2020-05-31,Sutter,101,95872,50,42,0,42,2
2020-05-31,Tehama,103,63373,10,4,1,5,1
2020-05-31,Trinity,105,12862,7,1,2,3,0
2020-05-31,Tulare,107,460477,2637,1884,10,1894,82
2020-05-31,Tuolumne,109,53932,5,4,0,4,0
2020-05-31,Ventura,111,848112,1647,1151,10,1161,30
2020-05-31,Yolo,113,214977,241,211,0,211,24
2020-05-31,Yuba,115,75493,30,26,0,26,1
2020-05-30,Alameda,001,1643700,3842,3304,5,3309,96
2020-05-30,Alpine,002,1148,1,1,0,1,0
2020-05-30,Amador,005,37829,10,10,0,10,0
2020-05-30,Butte,007,227075,79,44,6,50,0
2020-05-30,Calaveras,009,45235,17,15,0,15,0
2020-05-30,Colusa,011,21464,8,5,0,5,0
2020-05-30,Contra Costa,013,1133247,1706,1429,1,1430,37
2020-05-30,Del Norte,015,27424,45,37,0,37,0
2020-05-30,El Dorado,017,186661,118,86,1,87,0
2020-05-30,Fresno,019,978130,3298,1744,45,1789,31
2020-05-30,Glenn,021,27897,19,16,0,16,0
2020-05-30,Humboldt,023,135768,112,98,0,98,2
2020-05-30,Imperial,025,180216,3716,2091,4,2095,14
2020-05-30,Inyo,027,18085,20,20,0,20,1
2020-05-30,Kern,029,883053,2854,2217,7,2224,38
2020-05-30,Kings,031,150075,1246,703,2,705,3
2020-05-30,Lake,033,64148,31,18,0,18,0
2020-05-30,Lassen,035,31185,10,4,2,6,0
2020-05-30,Los Angeles,037,10098052,61912,53627,29,53656,2319
2020-05-30,Madera,039,155013,266,101,1,102,2
2020-05-30,Marin,041,260295,534,462,2,464,14
2020-05-30,Mariposa,043,17540,16,16,0,16,1
2020-05-30,Mendocino,045,87422,32,24,0,24,0
2020-05-30,Merced,047,269075,413,285,0,285,6
2020-05-30,Modoc,049,8938,0,0,0,0,0
2020-05-30,Mono,051,14174,39,34,0,34,1
2020-05-30,Monterey,053,433212,705,520,1,521,10
2020-05-30,Napa,055,140530,146,113,0,113,3
2020-05-30,Nevada,057,99092,50,41,1,42,1
2020-05-30,Orange,059,3164182,9105,6354,67,6421,134
2020-05-30,Placer,061,380077,286,199,1,200,9
2020-05-30,Plumas,063,18699,4,4,0,4,0
2020-05-30,Riverside,065,2383286,9715,7492,21,7513,316
2020-05-30,Sacramento,067,1510023,1521,1384,2,1386,57
2020-05-30,San Benito,069,59416,97,85,0,85,2
2020-05-30,San Bernardino,071,2135413,6338,5122,5,5127,198
2020-05-30,San Diego,073,3302833,8546,7387,0,7387,269
2020-05-30,San Francisco,075,870044,2703,2496,1,2497,41
2020-05-30,San Joaquin,077,732212,1152,888,3,891,34
2020-05-30,San Luis Obispo,079,281455,360,270,4,274,1
2020-05-30,San Mateo,081,765935,2388,2129,2,2131,71
2020-05-30,Santa Barbara,083,443738,1782,1660,11,1671,9
2020-05-30,Santa Clara,085,1922200,3472,2741,13,2754,141
2020-05-30,Santa Cruz,087,273765,231,206,0,206,2
2020-05-30,Shasta,089,179085,60,36,0,36,4
2020-05-30,Sierra,091,2930,1,1,0,1,0
2020-05-30,Siskiyou,093,43540,11,7,0,7,0
2020-05-30,Solano,095,438530,669,512,1,513,6
2020-05-30,Sonoma,097,501317,632,551,1,552,4
2020-05-30,Stanislaus,099,539301,896,712,5,717,27
2020-05-30,Sutter,101,95872,49,40,0,40,2
2020-05-30,Tehama,103,63373,10,4,1,5,1
2020-05-30,Trinity,105,12862,7,1,2,3,0
2020-05-30,Tulare,107,460477,2600,1879,10,1889,81
2020-05-30,Tuolumne,109,53932,5,4,0,4,0
2020-05-30,Ventura,111,848112,1630,1116,10,1126,30
2020-05-30,Yolo,113,214977,237,210,0,210,24
2020-05-30,Yuba,115,75493,30,25,0,25,1
2020-05-29,Alameda,001,1643700,3807,3209,5,3214,96
2020-05-29,Alpine,002,1148,1,1,0,1,0
2020-05-29,Amador,005,37829,10,10,0,10,0
2020-05-29,Butte,007,227075,74,41,6,47,0
2020-05-29,Calaveras,009,45235,17,15,0,15,0
2020-05-29,Colusa,011,21464,8,5,0,5,0
2020-05-29,Contra Costa,013,1133247,1690,1411,1,1412,37
2020-05-29,Del Norte,015,27424,45,37,0,37,0
2020-05-29,El Dorado,017,186661,117,85,1,86,0
2020-05-29,Fresno,019,978130,3248,1687,45,1732,31
2020-05-29,Glenn,021,27897,19,14,0,14,0
2020-05-29,Humboldt,023,135768,111,98,0,98,2
2020-05-29,Imperial,025,180216,3598,1607,4,1611,14
2020-05-29,Inyo,027,18085,20,20,0,20,1
2020-05-29,Kern,029,883053,2796,2128,7,2135,36
2020-05-29,Kings,031,150075,1235,693,2,695,3
2020-05-29,Lake,033,64148,30,17,0,17,0
2020-05-29,Lassen,035,31185,10,0,2,2,0
2020-05-29,Los Angeles,037,10098052,60956,51578,29,51607,2273
2020-05-29,Madera,039,155013,251,98,1,99,2
2020-05-29,Marin,041,260295,526,448,2,450,14
2020-05-29,Mariposa,043,17540,16,16,0,16,1
2020-05-29,Mendocino,045,87422,30,25,0,25,0
2020-05-29,Merced,047,269075,403,285,0,285,7
2020-05-29,Modoc,049,8938,0,0,0,0,0
2020-05-29,Mono,051,14174,38,34,0,34,1
2020-05-29,Monterey,053,433212,675,479,1,480,10
2020-05-29,Napa,055,140530,143,113,0,113,3
2020-05-29,Nevada,057,99092,50,41,1,42,1
2020-05-29,Orange,059,3164182,8918,6176,64,6240,133
2020-05-29,Placer,061,380077,264,199,1,200,9
2020-05-29,Plumas,063,18699,4,4,0,4,0
2020-05-29,Riverside,065,2383286,9529,7376,21,7397,313
2020-05-29,Sacramento,067,1510023,1498,1360,2,1362,57
2020-05-29,San Benito,069,59416,97,84,0,84,2
2020-05-29,San Bernardino,071,2135413,6230,4983,5,4988,196
2020-05-29,San Diego,073,3302833,8423,7242,0,7242,266
2020-05-29,San Francisco,075,870044,2679,2453,1,2454,41
2020-05-29,San Joaquin,077,732212,1115,855,3,858,34
2020-05-29,San Luis Obispo,079,281455,356,270,4,274,1
2020-05-29,San Mateo,081,765935,2372,2103,2,2105,71
2020-05-29,Santa Barbara,083,443738,1754,1656,11,1667,9
2020-05-29,Santa Clara,085,1922200,3444,2707,13,2720,141
2020-05-29,Santa Cruz,087,273765,228,203,0,203,2
2020-05-29,Shasta,089,179085,60,36,0,36,4
2020-05-29,Sierra,091,2930,1,1,0,1,0
2020-05-29,Siskiyou,093,43540,11,7,0,7,0
2020-05-29,Solano,095,438530,660,498,1,499,6
2020-05-29,Sonoma,097,501317,621,537,1,538,4
2020-05-29,Stanislaus,099,539301,866,698,5,703,27
2020-05-29,Sutter,101,95872,47,40,0,40,2
2020-05-29,Tehama,103,63373,9,4,1,5,1
2020-05-29,Trinity,105,12862,7,1,2,3,0
2020-05-29,Tulare,107,460477,2562,1852,10,1862,80
2020-05-29,Tuolumne,109,53932,5,4,0,4,0
2020-05-29,Ventura,111,848112,1606,1093,10,1103,29
2020-05-29,Yolo,113,214977,233,211,0,211,24
2020-05-29,Yuba,115,75493,29,25,0,25,1
2020-05-28,Alameda,001,1643700,3708,3083,5,3088,94
2020-05-28,Alpine,002,1148,1,1,0,1,0
2020-05-28,Amador,005,37829,10,10,0,10,0
2020-05-28,Butte,007,227075,73,40,6,46,0
2020-05-28,Calaveras,009,45235,16,15,0,15,0
2020-05-28,Colusa,011,21464,8,5,0,5,0
2020-05-28,Contra Costa,013,1133247,1651,1392,1,1393,37
2020-05-28,Del Norte,015,27424,45,37,0,37,0
2020-05-28,El Dorado,017,186661,114,82,1,83,0
2020-05-28,Fresno,019,978130,3168,1653,44,1697,31
2020-05-28,Glenn,021,27897,18,14,0,14,0
2020-05-28,Humboldt,023,135768,110,97,0,97,2
2020-05-28,Imperial,025,180216,3403,1430,4,1434,14
2020-05-28,Inyo,027,18085,20,20,0,20,1
2020-05-28,Kern,029,883053,2718,2069,7,2076,36
2020-05-28,Kings,031,150075,898,626,2,628,3
2020-05-28,Lake,033,64148,29,17,0,17,0
2020-05-28,Lassen,035,31185,10,0,2,2,0
2020-05-28,Los Angeles,037,10098052,59380,49861,29,49890,2222
2020-05-28,Madera,039,155013,233,93,1,94,2
2020-05-28,Marin,041,260295,501,443,2,445,14
2020-05-28,Mariposa,043,17540,16,16,0,16,1
2020-05-28,Mendocino,045,87422,28,24,0,24,0
2020-05-28,Merced,047,269075,394,283,0,283,7
2020-05-28,Modoc,049,8938,0,0,0,0,0
2020-05-28,Mono,051,14174,38,34,0,34,1
2020-05-28,Monterey,053,433212,643,471,1,472,10
2020-05-28,Napa,055,140530,140,113,0,113,3
2020-05-28,Nevada,057,99092,45,41,1,42,1
2020-05-28,Orange,059,3164182,8723,6045,64,6109,130
2020-05-28,Placer,061,380077,257,196,1,197,9
2020-05-28,Plumas,063,18699,4,4,0,4,0
2020-05-28,Riverside,065,2383286,9125,7240,20,7260,304
2020-05-28,Sacramento,067,1510023,1478,1339,2,1341,57
2020-05-28,San Benito,069,59416,96,82,0,82,2
2020-05-28,San Bernardino,071,2135413,6065,4831,5,4836,191
2020-05-28,San Diego,073,3302833,8266,7102,0,7102,260
2020-05-28,San Francisco,075,870044,2645,2417,1,2418,40
2020-05-28,San Joaquin,077,732212,1080,840,3,843,34
2020-05-28,San Luis Obispo,079,281455,353,267,4,271,1
2020-05-28,San Mateo,081,765935,2345,2070,2,2072,71
2020-05-28,Santa Barbara,083,443738,1726,1642,10,1652,9
2020-05-28,Santa Clara,085,1922200,3404,2698,13,2711,140
2020-05-28,Santa Cruz,087,273765,227,201,0,201,2
2020-05-28,Shasta,089,179085,58,36,0,36,4
2020-05-28,Sierra,091,2930,1,1,0,1,0
2020-05-28,Siskiyou,093,43540,9,6,0,6,0
2020-05-28,Solano,095,438530,643,489,1,490,6
2020-05-28,Sonoma,097,501317,599,529,1,530,4
2020-05-28,Stanislaus,099,539301,825,684,5,689,27
2020-05-28,Sutter,101,95872,47,40,0,40,2
2020-05-28,Tehama,103,63373,9,4,1,5,1
2020-05-28,Trinity,105,12862,6,1,2,3,0
2020-05-28,Tulare,107,460477,2526,1832,10,1842,79
2020-05-28,Tuolumne,109,53932,5,4,0,4,0
2020-05-28,Ventura,111,848112,1573,1083,10,1093,29
2020-05-28,Yolo,113,214977,230,206,0,206,22
2020-05-28,Yuba,115,75493,28,24,0,24,1
2020-05-27,Alameda,001,1643700,3625,3037,5,3042,94
2020-05-27,Alpine,002,1148,1,1,0,1,0
2020-05-27,Amador,005,37829,10,10,0,10,0
2020-05-27,Butte,007,227075,70,40,5,45,0
2020-05-27,Calaveras,009,45235,15,15,0,15,0
2020-05-27,Colusa,011,21464,8,5,0,5,0
2020-05-27,Contra Costa,013,1133247,1611,1373,1,1374,37
2020-05-27,Del Norte,015,27424,45,34,0,34,0
2020-05-27,El Dorado,017,186661,113,82,1,83,0
2020-05-27,Fresno,019,978130,3078,1620,44,1664,27
2020-05-27,Glenn,021,27897,18,14,0,14,0
2020-05-27,Humboldt,023,135768,110,86,0,86,2
2020-05-27,Imperial,025,180216,3223,1369,4,1373,14
2020-05-27,Inyo,027,18085,20,20,0,20,1
2020-05-27,Kern,029,883053,2653,1999,7,2006,37
2020-05-27,Kings,031,150075,871,586,2,588,3
2020-05-27,Lake,033,64148,29,13,0,13,0
2020-05-27,Lassen,035,31185,10,0,2,2,0
2020-05-27,Los Angeles,037,10098052,58009,48711,29,48740,2177
2020-05-27,Madera,039,155013,224,91,1,92,2
2020-05-27,Marin,041,260295,472,439,2,441,14
2020-05-27,Mariposa,043,17540,16,16,0,16,1
2020-05-27,Mendocino,045,87422,27,21,0,21,0
2020-05-27,Merced,047,269075,388,278,0,278,7
2020-05-27,Modoc,049,8938,0,0,0,0,0
2020-05-27,Mono,051,14174,38,34,0,34,1
2020-05-27,Monterey,053,433212,603,443,1,444,8
2020-05-27,Napa,055,140530,135,112,0,112,3
2020-05-27,Nevada,057,99092,44,41,1,42,1
2020-05-27,Orange,059,3164182,8568,5849,64,5913,121
2020-05-27,Placer,061,380077,238,196,0,196,9
2020-05-27,Plumas,063,18699,4,4,0,4,0
2020-05-27,Riverside,065,2383286,8746,7156,20,7176,299
2020-05-27,Sacramento,067,1510023,1450,1318,2,1320,50
2020-05-27,San Benito,069,59416,93,74,0,74,2
2020-05-27,San Bernardino,071,2135413,5881,4708,5,4713,183
2020-05-27,San Diego,073,3302833,8115,6985,0,6985,255
2020-05-27,San Francisco,075,870044,2616,2394,1,2395,40
2020-05-27,San Joaquin,077,732212,1039,825,3,828,34
2020-05-27,San Luis Obispo,079,281455,348,266,4,270,1
2020-05-27,San Mateo,081,765935,2305,2045,2,2047,71
2020-05-27,Santa Barbara,083,443738,1711,1629,10,1639,9
2020-05-27,Santa Clara,085,1922200,3371,2680,13,2693,140
2020-05-27,Santa Cruz,087,273765,223,202,0,202,2
2020-05-27,Shasta,089,179085,55,36,0,36,4
2020-05-27,Sierra,091,2930,1,1,0,1,0
2020-05-27,Siskiyou,093,43540,9,6,0,6,0
2020-05-27,Solano,095,438530,623,477,1,478,5
2020-05-27,Sonoma,097,501317,585,521,1,522,4
2020-05-27,Stanislaus,099,539301,800,675,5,680,27
2020-05-27,Sutter,101,95872,46,40,0,40,2
2020-05-27,Tehama,103,63373,9,3,1,4,1
2020-05-27,Trinity,105,12862,6,1,2,3,0
2020-05-27,Tulare,107,460477,2474,1817,10,1827,77
2020-05-27,Tuolumne,109,53932,5,4,0,4,0
2020-05-27,Ventura,111,848112,1548,1065,10,1075,28
2020-05-27,Yolo,113,214977,229,204,0,204,22
2020-05-27,Yuba,115,75493,28,24,0,24,1
2020-05-26,Alameda,001,1643700,3530,2956,5,2961,92
2020-05-26,Alpine,002,1148,1,1,0,1,0
2020-05-26,Amador,005,37829,10,10,0,10,0
2020-05-26,Butte,007,227075,68,37,4,41,0
2020-05-26,Calaveras,009,45235,15,13,0,13,0
2020-05-26,Colusa,011,21464,8,4,0,4,0
2020-05-26,Contra Costa,013,1133247,1575,1352,1,1353,37
2020-05-26,Del Norte,015,27424,44,30,0,30,0
2020-05-26,El Dorado,017,186661,109,79,1,80,0
2020-05-26,Fresno,019,978130,2991,1496,44,1540,22
2020-05-26,Glenn,021,27897,16,12,0,12,0
2020-05-26,Humboldt,023,135768,108,81,0,81,2
2020-05-26,Imperial,025,180216,3010,1369,4,1373,14
2020-05-26,Inyo,027,18085,20,20,0,20,1
2020-05-26,Kern,029,883053,2575,1890,7,1897,31
2020-05-26,Kings,031,150075,803,449,1,450,2
2020-05-26,Lake,033,64148,27,12,0,12,0
2020-05-26,Lassen,035,31185,9,0,2,2,0
2020-05-26,Los Angeles,037,10098052,56543,47760,29,47789,2121
2020-05-26,Madera,039,155013,209,83,1,84,2
2020-05-26,Marin,041,260295,460,424,2,426,14
2020-05-26,Mariposa,043,17540,16,16,0,16,1
2020-05-26,Mendocino,045,87422,25,20,0,20,0
2020-05-26,Merced,047,269075,377,266,0,266,7
2020-05-26,Modoc,049,8938,0,1,0,1,0
2020-05-26,Mono,051,14174,37,34,0,34,1
2020-05-26,Monterey,053,433212,575,424,1,425,8
2020-05-26,Napa,055,140530,130,109,0,109,3
2020-05-26,Nevada,057,99092,43,41,1,42,1
2020-05-26,Orange,059,3164182,8299,5651,63,5714,115
2020-05-26,Placer,061,380077,233,188,0,188,9
2020-05-26,Plumas,063,18699,4,4,0,4,0
2020-05-26,Riverside,065,2383286,8299,6917,20,6937,284
2020-05-26,Sacramento,067,1510023,1424,1298,2,1300,50
2020-05-26,San Benito,069,59416,88,69,0,69,2
2020-05-26,San Bernardino,071,2135413,5713,4430,5,4435,175
2020-05-26,San Diego,073,3302833,7972,6884,0,6884,249
2020-05-26,San Francisco,075,870044,2583,2363,1,2364,40
2020-05-26,San Joaquin,077,732212,992,760,3,763,33
2020-05-26,San Luis Obispo,079,281455,346,260,4,264,1
2020-05-26,San Mateo,081,765935,2267,1967,2,1969,71
2020-05-26,Santa Barbara,083,443738,1694,1590,9,1599,9
2020-05-26,Santa Clara,085,1922200,3339,2659,13,2672,139
2020-05-26,Santa Cruz,087,273765,221,197,0,197,2
2020-05-26,Shasta,089,179085,55,36,0,36,4
2020-05-26,Sierra,091,2930,1,1,0,1,0
2020-05-26,Siskiyou,093,43540,8,6,0,6,0
2020-05-26,Solano,095,438530,604,470,1,471,5
2020-05-26,Sonoma,097,501317,577,509,0,509,4
2020-05-26,Stanislaus,099,539301,780,663,5,668,27
2020-05-26,Sutter,101,95872,45,39,0,39,2
2020-05-26,Tehama,103,63373,8,2,1,3,1
2020-05-26,Trinity,105,12862,6,1,2,3,0
2020-05-26,Tulare,107,460477,2418,1768,10,1778,76
2020-05-26,Tuolumne,109,53932,5,2,0,2,0
2020-05-26,Ventura,111,848112,1511,1033,8,1041,27
2020-05-26,Yolo,113,214977,223,198,0,198,22
2020-05-26,Yuba,115,75493,27,24,0,24,1
2020-05-25,Alameda,001,1643700,3436,2900,5,2905,92
2020-05-25,Alpine,002,1148,1,1,0,1,0
2020-05-25,Amador,005,37829,10,10,0,10,0
2020-05-25,Butte,007,227075,65,37,4,41,0
2020-05-25,Calaveras,009,45235,15,13,0,13,0
2020-05-25,Colusa,011,21464,7,4,0,4,0
2020-05-25,Contra Costa,013,1133247,1543,1348,1,1349,37
2020-05-25,Del Norte,015,27424,44,20,0,20,0
2020-05-25,El Dorado,017,186661,101,78,1,79,0
2020-05-25,Fresno,019,978130,2888,1496,42,1538,22
2020-05-25,Glenn,021,27897,16,12,0,12,0
2020-05-25,Humboldt,023,135768,107,81,0,81,2
2020-05-25,Imperial,025,180216,2803,1369,4,1373,14
2020-05-25,Inyo,027,18085,19,20,0,20,1
2020-05-25,Kern,029,883053,2504,1890,7,1897,31
2020-05-25,Kings,031,150075,773,447,1,448,2
2020-05-25,Lake,033,64148,25,13,0,13,0
2020-05-25,Lassen,035,31185,9,0,2,2,0
2020-05-25,Los Angeles,037,10098052,54730,45952,28,45980,2094
2020-05-25,Madera,039,155013,196,83,1,84,2
2020-05-25,Marin,041,260295,442,415,2,417,14
2020-05-25,Mariposa,043,17540,16,15,0,15,1
2020-05-25,Mendocino,045,87422,22,19,0,19,0
2020-05-25,Merced,047,269075,371,262,0,262,6
2020-05-25,Modoc,049,8938,0,1,0,1,0
2020-05-25,Mono,051,14174,37,34,0,34,1
2020-05-25,Monterey,053,433212,545,418,1,419,8
2020-05-25,Napa,055,140530,130,107,0,107,3
2020-05-25,Nevada,057,99092,43,41,1,42,1
2020-05-25,Orange,059,3164182,8076,5601,62,5663,115
2020-05-25,Placer,061,380077,229,186,0,186,9
2020-05-25,Plumas,063,18699,4,4,0,4,0
2020-05-25,Riverside,065,2383286,8068,6900,20,6920,284
2020-05-25,Sacramento,067,1510023,1404,1290,1,1291,50
2020-05-25,San Benito,069,59416,87,70,0,70,2
2020-05-25,San Bernardino,071,2135413,5523,4393,4,4397,175
2020-05-25,San Diego,073,3302833,7796,6799,0,6799,249
2020-05-25,San Francisco,075,870044,2546,2358,1,2359,40
2020-05-25,San Joaquin,077,732212,966,760,3,763,33
2020-05-25,San Luis Obispo,079,281455,343,260,4,264,1
2020-05-25,San Mateo,081,765935,2230,1938,2,1940,71
2020-05-25,Santa Barbara,083,443738,1684,1590,9,1599,9
2020-05-25,Santa Clara,085,1922200,3306,2647,13,2660,139
2020-05-25,Santa Cruz,087,273765,219,191,0,191,2
2020-05-25,Shasta,089,179085,54,36,0,36,4
2020-05-25,Sierra,091,2930,1,1,0,1,0
2020-05-25,Siskiyou,093,43540,8,6,0,6,0
2020-05-25,Solano,095,438530,589,437,1,438,5
2020-05-25,Sonoma,097,501317,565,496,0,496,4
2020-05-25,Stanislaus,099,539301,750,651,5,656,27
2020-05-25,Sutter,101,95872,45,38,0,38,2
2020-05-25,Tehama,103,63373,7,2,1,3,1
2020-05-25,Trinity,105,12862,6,1,2,3,0
2020-05-25,Tulare,107,460477,2354,1747,10,1757,76
2020-05-25,Tuolumne,109,53932,5,2,0,2,0
2020-05-25,Ventura,111,848112,1470,1020,8,1028,27
2020-05-25,Yolo,113,214977,221,197,0,197,22
2020-05-25,Yuba,115,75493,26,24,0,24,1
2020-05-24,Alameda,001,1643700,3363,2830,5,2835,92
2020-05-24,Alpine,002,1148,1,1,0,1,0
2020-05-24,Amador,005,37829,10,9,0,9,0
2020-05-24,Butte,007,227075,63,35,4,39,0
2020-05-24,Calaveras,009,45235,15,13,0,13,0
2020-05-24,Colusa,011,21464,7,4,0,4,0
2020-05-24,Contra Costa,013,1133247,1515,1325,1,1326,37
2020-05-24,Del Norte,015,27424,43,16,0,16,0
2020-05-24,El Dorado,017,186661,100,76,1,77,0
2020-05-24,Fresno,019,978130,2821,1455,41,1496,22
2020-05-24,Glenn,021,27897,15,12,0,12,0
2020-05-24,Humboldt,023,135768,107,81,0,81,2
2020-05-24,Imperial,025,180216,2677,1369,4,1373,14
2020-05-24,Inyo,027,18085,19,20,0,20,1
2020-05-24,Kern,029,883053,2431,1861,6,1867,31
2020-05-24,Kings,031,150075,762,446,1,447,2
2020-05-24,Lake,033,64148,24,12,0,12,0
2020-05-24,Lassen,035,31185,8,0,2,2,0
2020-05-24,Los Angeles,037,10098052,53714,44954,28,44982,2085
2020-05-24,Madera,039,155013,190,83,1,84,2
2020-05-24,Marin,041,260295,440,401,2,403,14
2020-05-24,Mariposa,043,17540,16,15,0,15,1
2020-05-24,Mendocino,045,87422,21,19,0,19,0
2020-05-24,Merced,047,269075,370,258,0,258,6
2020-05-24,Modoc,049,8938,0,0,0,0,0
2020-05-24,Mono,051,14174,37,34,0,34,1
2020-05-24,Monterey,053,433212,517,405,1,406,8
2020-05-24,Napa,055,140530,128,104,0,104,3
2020-05-24,Nevada,057,99092,43,41,1,42,1
2020-05-24,Orange,059,3164182,7922,5439,61,5500,113
2020-05-24,Placer,061,380077,221,184,0,184,9
2020-05-24,Plumas,063,18699,4,4,0,4,0
2020-05-24,Riverside,065,2383286,7927,6571,20,6591,284
2020-05-24,Sacramento,067,1510023,1388,1283,1,1284,50
2020-05-24,San Benito,069,59416,86,67,0,67,2
2020-05-24,San Bernardino,071,2135413,5415,4262,4,4266,175
2020-05-24,San Diego,073,3302833,7653,6703,0,6703,249
2020-05-24,San Francisco,075,870044,2523,2318,1,2319,40
2020-05-24,San Joaquin,077,732212,947,760,3,763,33
2020-05-24,San Luis Obispo,079,281455,341,257,4,261,1
2020-05-24,San Mateo,081,765935,2195,1925,2,1927,71
2020-05-24,Santa Barbara,083,443738,1672,1573,9,1582,9
2020-05-24,Santa Clara,085,1922200,3286,2623,13,2636,139
2020-05-24,Santa Cruz,087,273765,216,185,0,185,2
2020-05-24,Shasta,089,179085,53,36,0,36,4
2020-05-24,Sierra,091,2930,1,1,0,1,0
2020-05-24,Siskiyou,093,43540,7,6,0,6,0
2020-05-24,Solano,095,438530,581,436,0,436,5
2020-05-24,Sonoma,097,501317,554,485,0,485,4
2020-05-24,Stanislaus,099,539301,730,634,5,639,27
2020-05-24,Sutter,101,95872,45,38,0,38,2
2020-05-24,Tehama,103,63373,5,2,1,3,1
2020-05-24,Trinity,105,12862,6,1,2,3,0
2020-05-24,Tulare,107,460477,2308,1684,10,1694,74
2020-05-24,Tuolumne,109,53932,5,2,0,2,0
2020-05-24,Ventura,111,848112,1458,982,8,990,27
2020-05-24,Yolo,113,214977,219,192,0,192,22
2020-05-24,Yuba,115,75493,26,24,0,24,1
2020-05-23,Alameda,001,1643700,3322,2783,5,2788,91
2020-05-23,Alpine,002,1148,1,1,0,1,0
2020-05-23,Amador,005,37829,10,9,0,9,0
2020-05-23,Butte,007,227075,62,34,4,38,0
2020-05-23,Calaveras,009,45235,15,13,0,13,0
2020-05-23,Colusa,011,21464,7,4,0,4,0
2020-05-23,Contra Costa,013,1133247,1504,1302,1,1303,36
2020-05-23,Del Norte,015,27424,43,10,0,10,0
2020-05-23,El Dorado,017,186661,100,74,1,75,0
2020-05-23,Fresno,019,978130,2801,1447,41,1488,21
2020-05-23,Glenn,021,27897,15,12,0,12,0
2020-05-23,Humboldt,023,135768,105,80,0,80,2
2020-05-23,Imperial,025,180216,2589,1283,4,1287,14
2020-05-23,Inyo,027,18085,19,20,0,20,1
2020-05-23,Kern,029,883053,2388,1806,6,1812,31
2020-05-23,Kings,031,150075,758,444,1,445,2
2020-05-23,Lake,033,64148,23,10,0,10,0
2020-05-23,Lassen,035,31185,8,0,2,2,0
2020-05-23,Los Angeles,037,10098052,53169,44029,28,44057,2069
2020-05-23,Madera,039,155013,186,83,1,84,2
2020-05-23,Marin,041,260295,440,393,1,394,14
2020-05-23,Mariposa,043,17540,16,15,0,15,1
2020-05-23,Mendocino,045,87422,21,13,0,13,0
2020-05-23,Merced,047,269075,365,247,0,247,6
2020-05-23,Modoc,049,8938,0,0,0,0,0
2020-05-23,Mono,051,14174,36,34,0,34,1
2020-05-23,Monterey,053,433212,503,397,1,398,8
2020-05-23,Napa,055,140530,124,101,0,101,3
2020-05-23,Nevada,057,99092,43,41,1,42,1
2020-05-23,Orange,059,3164182,7763,5313,60,5373,113
2020-05-23,Placer,061,380077,215,184,0,184,9
2020-05-23,Plumas,063,18699,4,4,0,4,0
2020-05-23,Riverside,065,2383286,7836,6460,20,6480,284
2020-05-23,Sacramento,067,1510023,1372,1275,1,1276,50
2020-05-23,San Benito,069,59416,81,67,0,67,2
2020-05-23,San Bernardino,071,2135413,5321,4172,4,4176,175
2020-05-23,San Diego,073,3302833,7562,6561,0,6561,249
2020-05-23,San Francisco,075,870044,2504,2312,1,2313,40
2020-05-23,San Joaquin,077,732212,932,759,3,762,33
2020-05-23,San Luis Obispo,079,281455,337,256,4,260,1
2020-05-23,San Mateo,081,765935,2167,1862,2,1864,71
2020-05-23,Santa Barbara,083,443738,1664,1566,9,1575,9
2020-05-23,Santa Clara,085,1922200,3272,2593,12,2605,139
2020-05-23,Santa Cruz,087,273765,214,177,0,177,2
2020-05-23,Shasta,089,179085,53,35,0,35,4
2020-05-23,Sierra,091,2930,1,1,0,1,0
2020-05-23,Siskiyou,093,43540,7,6,0,6,0
2020-05-23,Solano,095,438530,575,435,0,435,5
2020-05-23,Sonoma,097,501317,540,462,0,462,4
2020-05-23,Stanislaus,099,539301,722,625,5,630,27
2020-05-23,Sutter,101,95872,44,38,0,38,2
2020-05-23,Tehama,103,63373,5,2,1,3,1
2020-05-23,Trinity,105,12862,6,1,2,3,0
2020-05-23,Tulare,107,460477,2287,1682,10,1692,73
2020-05-23,Tuolumne,109,53932,5,2,0,2,0
2020-05-23,Ventura,111,848112,1438,961,8,969,27
2020-05-23,Yolo,113,214977,218,188,0,188,22
2020-05-23,Yuba,115,75493,26,24,0,24,1
2020-05-22,Alameda,001,1643700,3268,2722,5,2727,91
2020-05-22,Alpine,002,1148,1,1,0,1,0
2020-05-22,Amador,005,37829,10,9,0,9,0
2020-05-22,Butte,007,227075,60,34,4,38,0
2020-05-22,Calaveras,009,45235,15,13,0,13,0
2020-05-22,Colusa,011,21464,7,4,0,4,0
2020-05-22,Contra Costa,013,1133247,1492,1272,1,1273,36
2020-05-22,Del Norte,015,27424,41,9,0,9,0
2020-05-22,El Dorado,017,186661,97,74,1,75,0
2020-05-22,Fresno,019,978130,2742,1399,40,1439,20
2020-05-22,Glenn,021,27897,15,12,0,12,0
2020-05-22,Humboldt,023,135768,105,80,0,80,2
2020-05-22,Imperial,025,180216,2487,1214,4,1218,14
2020-05-22,Inyo,027,18085,19,20,0,20,1
2020-05-22,Kern,029,883053,2339,1749,6,1755,28
2020-05-22,Kings,031,150075,755,428,1,429,2
2020-05-22,Lake,033,64148,22,10,0,10,0
2020-05-22,Lassen,035,31185,6,0,2,2,0
2020-05-22,Los Angeles,037,10098052,52372,43025,28,43053,2027
2020-05-22,Madera,039,155013,182,82,1,83,2
2020-05-22,Marin,041,260295,436,372,1,373,14
2020-05-22,Mariposa,043,17540,16,15,0,15,1
2020-05-22,Mendocino,045,87422,20,13,0,13,0
2020-05-22,Merced,047,269075,359,233,0,233,6
2020-05-22,Modoc,049,8938,0,0,0,0,0
2020-05-22,Mono,051,14174,36,34,0,34,1
2020-05-22,Monterey,053,433212,492,372,1,373,8
2020-05-22,Napa,055,140530,122,97,0,97,3
2020-05-22,Nevada,057,99092,42,41,1,42,1
2020-05-22,Orange,059,3164182,7566,5144,58,5202,113
2020-05-22,Placer,061,380077,215,181,0,181,9
2020-05-22,Plumas,063,18699,4,4,0,4,0
2020-05-22,Riverside,065,2383286,7721,6351,20,6371,283
2020-05-22,Sacramento,067,1510023,1356,1262,1,1263,50
2020-05-22,San Benito,069,59416,80,64,0,64,2
2020-05-22,San Bernardino,071,2135413,5246,4107,4,4111,173
2020-05-22,San Diego,073,3302833,7476,6436,0,6436,242
2020-05-22,San Francisco,075,870044,2486,2251,1,2252,40
2020-05-22,San Joaquin,077,732212,919,747,3,750,33
2020-05-22,San Luis Obispo,079,281455,336,254,4,258,1
2020-05-22,San Mateo,081,765935,2148,1847,2,1849,71
2020-05-22,Santa Barbara,083,443738,1654,1554,9,1563,9
2020-05-22,Santa Clara,085,1922200,3252,2537,12,2549,139
2020-05-22,Santa Cruz,087,273765,211,171,0,171,2
2020-05-22,Shasta,089,179085,53,34,0,34,4
2020-05-22,Sierra,091,2930,1,0,0,0,0
2020-05-22,Siskiyou,093,43540,7,6,0,6,0
2020-05-22,Solano,095,438530,572,431,0,431,4
2020-05-22,Sonoma,097,501317,536,444,0,444,4
2020-05-22,Stanislaus,099,539301,712,616,5,621,27
2020-05-22,Sutter,101,95872,44,38,0,38,2
2020-05-22,Tehama,103,63373,5,2,0,2,1
2020-05-22,Trinity,105,12862,6,1,2,3,0
2020-05-22,Tulare,107,460477,2257,1662,10,1672,73
2020-05-22,Tuolumne,109,53932,5,2,0,2,0
2020-05-22,Ventura,111,848112,1420,937,8,945,27
2020-05-22,Yolo,113,214977,216,187,0,187,22
2020-05-22,Yuba,115,75493,26,24,0,24,1
2020-05-21,Alameda,001,1643700,3202,2606,5,2611,89
2020-05-21,Alpine,002,1148,1,1,0,1,0
2020-05-21,Amador,005,37829,10,9,0,9,0
2020-05-21,Butte,007,227075,59,31,4,35,0
2020-05-21,Calaveras,009,45235,15,13,0,13,0
2020-05-21,Colusa,011,21464,7,4,0,4,0
2020-05-21,Contra Costa,013,1133247,1456,1243,1,1244,36
2020-05-21,Del Norte,015,27424,38,9,0,9,0
2020-05-21,El Dorado,017,186661,95,67,1,68,0
2020-05-21,Fresno,019,978130,2651,1362,39,1401,20
2020-05-21,Glenn,021,27897,14,12,0,12,0
2020-05-21,Humboldt,023,135768,104,79,0,79,0
2020-05-21,Imperial,025,180216,2326,1096,4,1100,14
2020-05-21,Inyo,027,18085,19,20,0,20,1
2020-05-21,Kern,029,883053,2263,1684,5,1689,27
2020-05-21,Kings,031,150075,734,417,1,418,2
2020-05-21,Lake,033,64148,17,10,0,10,0
2020-05-21,Lassen,035,31185,6,0,2,2,0
2020-05-21,Los Angeles,037,10098052,51332,42063,28,42091,1996
2020-05-21,Madera,039,155013,179,82,1,83,2
2020-05-21,Marin,041,260295,425,359,1,360,14
2020-05-21,Mariposa,043,17540,16,15,0,15,1
2020-05-21,Mendocino,045,87422,20,12,0,12,0
2020-05-21,Merced,047,269075,351,226,0,226,6
2020-05-21,Modoc,049,8938,0,0,0,0,0
2020-05-21,Mono,051,14174,36,33,0,33,1
2020-05-21,Monterey,053,433212,481,363,1,364,8
2020-05-21,Napa,055,140530,120,96,0,96,3
2020-05-21,Nevada,057,99092,42,41,1,42,1
2020-05-21,Orange,059,3164182,7363,4975,58,5033,106
2020-05-21,Placer,061,380077,208,176,0,176,8
2020-05-21,Plumas,063,18699,4,4,0,4,0
2020-05-21,Riverside,065,2383286,7534,6245,20,6265,279
2020-05-21,Sacramento,067,1510023,1343,1258,1,1259,56
2020-05-21,San Benito,069,59416,77,61,0,61,2
2020-05-21,San Bernardino,071,2135413,5099,3950,4,3954,167
2020-05-21,San Diego,073,3302833,7340,6317,0,6317,241
2020-05-21,San Francisco,075,870044,2462,2248,1,2249,37
2020-05-21,San Joaquin,077,732212,883,730,3,733,33
2020-05-21,San Luis Obispo,079,281455,336,251,3,254,1
2020-05-21,San Mateo,081,765935,2112,1791,2,1793,74
2020-05-21,Santa Barbara,083,443738,1639,1541,9,1550,10
2020-05-21,Santa Clara,085,1922200,3230,2520,12,2532,138
2020-05-21,Santa Cruz,087,273765,203,164,0,164,3
2020-05-21,Shasta,089,179085,51,34,0,34,4
2020-05-21,Sierra,091,2930,1,0,0,0,0
2020-05-21,Siskiyou,093,43540,7,6,0,6,0
2020-05-21,Solano,095,438530,563,424,0,424,4
2020-05-21,Sonoma,097,501317,518,427,0,427,4
2020-05-21,Stanislaus,099,539301,700,602,5,607,27
2020-05-21,Sutter,101,95872,43,38,0,38,2
2020-05-21,Tehama,103,63373,4,2,0,2,1
2020-05-21,Trinity,105,12862,5,1,2,3,0
2020-05-21,Tulare,107,460477,2207,1606,8,1614,73
2020-05-21,Tuolumne,109,53932,3,2,0,2,0
2020-05-21,Ventura,111,848112,1371,907,8,915,30
2020-05-21,Yolo,113,214977,213,185,0,185,22
2020-05-21,Yuba,115,75493,26,24,0,24,1
2020-05-20,Alameda,001,1643700,3129,2554,5,2559,89
2020-05-20,Alpine,002,1148,1,1,0,1,0
2020-05-20,Amador,005,37829,10,9,0,9,0
2020-05-20,Butte,007,227075,56,30,4,34,0
2020-05-20,Calaveras,009,45235,15,13,0,13,0
2020-05-20,Colusa,011,21464,7,3,0,3,0
2020-05-20,Contra Costa,013,1133247,1426,1223,1,1224,33
2020-05-20,Del Norte,015,27424,31,9,0,9,0
2020-05-20,El Dorado,017,186661,94,67,1,68,0
2020-05-20,Fresno,019,978130,2578,1329,38,1367,17
2020-05-20,Glenn,021,27897,13,12,0,12,0
2020-05-20,Humboldt,023,135768,101,73,0,73,0
2020-05-20,Imperial,025,180216,2212,1047,4,1051,14
2020-05-20,Inyo,027,18085,19,20,0,20,1
2020-05-20,Kern,029,883053,2200,1639,4,1643,27
2020-05-20,Kings,031,150075,590,403,1,404,2
2020-05-20,Lake,033,64148,17,9,0,9,0
2020-05-20,Lassen,035,31185,5,0,2,2,0
2020-05-20,Los Angeles,037,10098052,50342,40932,28,40960,1955
2020-05-20,Madera,039,155013,177,82,1,83,2
2020-05-20,Marin,041,260295,398,348,1,349,14
2020-05-20,Mariposa,043,17540,16,15,0,15,1
2020-05-20,Mendocino,045,87422,20,12,0,12,0
2020-05-20,Merced,047,269075,346,225,0,225,6
2020-05-20,Modoc,049,8938,0,0,0,0,0
2020-05-20,Mono,051,14174,36,33,0,33,1
2020-05-20,Monterey,053,433212,467,356,1,357,8
2020-05-20,Napa,055,140530,113,93,0,93,3
2020-05-20,Nevada,057,99092,42,41,1,42,1
2020-05-20,Orange,059,3164182,7155,4866,56,4922,96
2020-05-20,Placer,061,380077,206,176,0,176,8
2020-05-20,Plumas,063,18699,4,4,0,4,0
2020-05-20,Riverside,065,2383286,7391,6090,20,6110,265
2020-05-20,Sacramento,067,1510023,1333,1244,1,1245,56
2020-05-20,San Benito,069,59416,76,61,0,61,2
2020-05-20,San Bernardino,071,2135413,4971,3771,4,3775,161
2020-05-20,San Diego,073,3302833,7223,6142,0,6142,230
2020-05-20,San Francisco,075,870044,2439,2199,1,2200,37
2020-05-20,San Joaquin,077,732212,847,713,3,716,33
2020-05-20,San Luis Obispo,079,281455,329,249,3,252,1
2020-05-20,San Mateo,081,765935,2059,1739,2,1741,74
2020-05-20,Santa Barbara,083,443738,1620,1524,9,1533,10
2020-05-20,Santa Clara,085,1922200,3209,2508,11,2519,138
2020-05-20,Santa Cruz,087,273765,200,163,0,163,3
2020-05-20,Shasta,089,179085,51,34,0,34,4
2020-05-20,Sierra,091,2930,1,0,0,0,0
2020-05-20,Siskiyou,093,43540,7,6,0,6,0
2020-05-20,Solano,095,438530,558,418,0,418,4
2020-05-20,Sonoma,097,501317,509,411,0,411,4
2020-05-20,Stanislaus,099,539301,684,584,4,588,25
2020-05-20,Sutter,101,95872,43,38,0,38,2
2020-05-20,Tehama,103,63373,4,2,0,2,1
2020-05-20,Trinity,105,12862,4,1,1,2,0
2020-05-20,Tulare,107,460477,2166,1585,8,1593,71
2020-05-20,Tuolumne,109,53932,3,2,0,2,0
2020-05-20,Ventura,111,848112,1335,879,8,887,29
2020-05-20,Yolo,113,214977,210,184,0,184,22
2020-05-20,Yuba,115,75493,26,23,0,23,1
2020-05-19,Alameda,001,1643700,3053,2493,3,2496,88
2020-05-19,Alpine,002,1148,1,1,0,1,0
2020-05-19,Amador,005,37829,10,9,0,9,0
2020-05-19,Butte,007,227075,54,25,4,29,0
2020-05-19,Calaveras,009,45235,15,13,0,13,0
2020-05-19,Colusa,011,21464,5,3,0,3,0
2020-05-19,Contra Costa,013,1133247,1402,1205,1,1206,33
2020-05-19,Del Norte,015,27424,28,8,0,8,0
2020-05-19,El Dorado,017,186661,91,67,0,67,0
2020-05-19,Fresno,019,978130,2466,1288,37,1325,15
2020-05-19,Glenn,021,27897,13,12,0,12,0
2020-05-19,Humboldt,023,135768,101,72,0,72,0
2020-05-19,Imperial,025,180216,2051,1012,4,1016,14
2020-05-19,Inyo,027,18085,19,20,0,20,1
2020-05-19,Kern,029,883053,2102,1601,4,1605,26
2020-05-19,Kings,031,150075,579,393,1,394,2
2020-05-19,Lake,033,64148,14,11,0,11,0
2020-05-19,Lassen,035,31185,5,0,2,2,0
2020-05-19,Los Angeles,037,10098052,49138,39670,28,39698,1906
2020-05-19,Madera,039,155013,173,80,1,81,2
2020-05-19,Marin,041,260295,374,340,1,341,14
2020-05-19,Mariposa,043,17540,16,15,0,15,1
2020-05-19,Mendocino,045,87422,20,12,0,12,0
2020-05-19,Merced,047,269075,338,222,0,222,5
2020-05-19,Modoc,049,8938,0,0,0,0,0
2020-05-19,Mono,051,14174,36,33,0,33,1
2020-05-19,Monterey,053,433212,455,350,1,351,8
2020-05-19,Napa,055,140530,112,93,0,93,3
2020-05-19,Nevada,057,99092,42,41,1,42,1
2020-05-19,Orange,059,3164182,6961,4746,54,4800,90
2020-05-19,Placer,061,380077,204,177,0,177,8
2020-05-19,Plumas,063,18699,4,5,0,5,0
2020-05-19,Riverside,065,2383286,7231,5963,19,5982,265
2020-05-19,Sacramento,067,1510023,1319,1239,1,1240,57
2020-05-19,San Benito,069,59416,74,59,0,59,2
2020-05-19,San Bernardino,071,2135413,4821,3656,4,3660,158
2020-05-19,San Diego,073,3302833,7079,6028,0,6028,222
2020-05-19,San Francisco,075,870044,2405,2186,1,2187,37
2020-05-19,San Joaquin,077,732212,825,705,3,708,33
2020-05-19,San Luis Obispo,079,281455,329,245,3,248,1
2020-05-19,San Mateo,081,765935,2018,1704,2,1706,71
2020-05-19,Santa Barbara,083,443738,1606,1521,9,1530,10
2020-05-19,Santa Clara,085,1922200,3159,2480,11,2491,138
2020-05-19,Santa Cruz,087,273765,189,161,0,161,3
2020-05-19,Shasta,089,179085,51,34,0,34,4
2020-05-19,Sierra,091,2930,0,0,0,0,0
2020-05-19,Siskiyou,093,43540,7,6,0,6,0
2020-05-19,Solano,095,438530,544,415,0,415,4
2020-05-19,Sonoma,097,501317,498,389,0,389,4
2020-05-19,Stanislaus,099,539301,670,582,4,586,25
2020-05-19,Sutter,101,95872,43,38,0,38,2
2020-05-19,Tehama,103,63373,4,2,0,2,1
2020-05-19,Trinity,105,12862,3,1,0,1,0
2020-05-19,Tulare,107,460477,2118,1551,8,1559,68
2020-05-19,Tuolumne,109,53932,3,2,0,2,0
2020-05-19,Ventura,111,848112,1294,861,7,868,28
2020-05-19,Yolo,113,214977,208,183,0,183,22
2020-05-19,Yuba,115,75493,26,23,0,23,1
2020-05-18,Alameda,001,1643700,2980,2442,3,2445,84
2020-05-18,Alpine,002,1148,1,1,0,1,0
2020-05-18,Amador,005,37829,10,8,0,8,0
2020-05-18,Butte,007,227075,52,24,4,28,0
2020-05-18,Calaveras,009,45235,15,13,0,13,0
2020-05-18,Colusa,011,21464,5,3,0,3,0
2020-05-18,Contra Costa,013,1133247,1371,1173,1,1174,33
2020-05-18,Del Norte,015,27424,23,8,0,8,0
2020-05-18,El Dorado,017,186661,89,67,0,67,0
2020-05-18,Fresno,019,978130,2391,1244,36,1280,14
2020-05-18,Glenn,021,27897,13,11,0,11,0
2020-05-18,Humboldt,023,135768,101,70,0,70,0
2020-05-18,Imperial,025,180216,1899,767,4,771,14
2020-05-18,Inyo,027,18085,19,20,0,20,1
2020-05-18,Kern,029,883053,2053,1566,4,1570,26
2020-05-18,Kings,031,150075,548,381,1,382,2
2020-05-18,Lake,033,64148,13,9,0,9,0
2020-05-18,Lassen,035,31185,5,0,2,2,0
2020-05-18,Los Angeles,037,10098052,48112,38477,28,38505,1825
2020-05-18,Madera,039,155013,167,74,1,75,2
2020-05-18,Marin,041,260295,361,329,1,330,14
2020-05-18,Mariposa,043,17540,16,15,0,15,1
2020-05-18,Mendocino,045,87422,15,12,0,12,0
2020-05-18,Merced,047,269075,329,217,0,217,5
2020-05-18,Modoc,049,8938,0,0,0,0,0
2020-05-18,Mono,051,14174,36,33,0,33,1
2020-05-18,Monterey,053,433212,444,345,1,346,8
2020-05-18,Napa,055,140530,108,92,0,92,3
2020-05-18,Nevada,057,99092,42,41,1,42,1
2020-05-18,Orange,059,3164182,6771,4558,52,4610,88
2020-05-18,Placer,061,380077,202,176,0,176,8
2020-05-18,Plumas,063,18699,4,5,0,5,0
2020-05-18,Riverside,065,2383286,7031,5873,18,5891,253
2020-05-18,Sacramento,067,1510023,1313,1233,0,1233,57
2020-05-18,San Benito,069,59416,72,59,0,59,2
2020-05-18,San Bernardino,071,2135413,4674,3558,4,3562,156
2020-05-18,San Diego,073,3302833,6946,5948,0,5948,211
2020-05-18,San Francisco,075,870044,2382,2183,1,2184,36
2020-05-18,San Joaquin,077,732212,813,697,3,700,33
2020-05-18,San Luis Obispo,079,281455,325,243,3,246,1
2020-05-18,San Mateo,081,765935,1980,1701,2,1703,68
2020-05-18,Santa Barbara,083,443738,1595,1501,9,1510,10
2020-05-18,Santa Clara,085,1922200,3126,2468,11,2479,137
2020-05-18,Santa Cruz,087,273765,187,160,0,160,3
2020-05-18,Shasta,089,179085,50,34,0,34,4
2020-05-18,Sierra,091,2930,0,0,0,0,0
2020-05-18,Siskiyou,093,43540,7,6,0,6,0
2020-05-18,Solano,095,438530,533,398,0,398,4
2020-05-18,Sonoma,097,501317,480,387,0,387,4
2020-05-18,Stanislaus,099,539301,658,572,4,576,25
2020-05-18,Sutter,101,95872,43,38,0,38,2
2020-05-18,Tehama,103,63373,4,2,0,2,1
2020-05-18,Trinity,105,12862,3,1,0,1,0
2020-05-18,Tulare,107,460477,2074,1491,8,1499,63
2020-05-18,Tuolumne,109,53932,3,2,0,2,0
2020-05-18,Ventura,111,848112,1271,850,6,856,27
2020-05-18,Yolo,113,214977,203,183,0,183,22
2020-05-18,Yuba,115,75493,26,23,0,23,1
2020-05-17,Alameda,001,1643700,2885,2389,3,2392,83
2020-05-17,Alpine,002,1148,1,1,0,1,0
2020-05-17,Amador,005,37829,10,8,0,8,0
2020-05-17,Butte,007,227075,51,23,4,27,0
2020-05-17,Calaveras,009,45235,15,13,0,13,0
2020-05-17,Colusa,011,21464,3,3,0,3,0
2020-05-17,Contra Costa,013,1133247,1332,1155,1,1156,33
2020-05-17,Del Norte,015,27424,23,7,0,7,0
2020-05-17,El Dorado,017,186661,89,65,0,65,0
2020-05-17,Fresno,019,978130,2286,1213,33,1246,14
2020-05-17,Glenn,021,27897,13,9,0,9,0
2020-05-17,Humboldt,023,135768,94,70,0,70,0
2020-05-17,Imperial,025,180216,1751,715,4,719,14
2020-05-17,Inyo,027,18085,19,20,0,20,1
2020-05-17,Kern,029,883053,1975,1546,3,1549,26
2020-05-17,Kings,031,150075,501,356,1,357,2
2020-05-17,Lake,033,64148,13,7,0,7,0
2020-05-17,Lassen,035,31185,5,0,2,2,0
2020-05-17,Los Angeles,037,10098052,46871,37996,28,38024,1807
2020-05-17,Madera,039,155013,165,69,1,70,2
2020-05-17,Marin,041,260295,350,315,1,316,14
2020-05-17,Mariposa,043,17540,15,15,0,15,1
2020-05-17,Mendocino,045,87422,14,10,0,10,0
2020-05-17,Merced,047,269075,319,214,0,214,5
2020-05-17,Modoc,049,8938,0,0,0,0,0
2020-05-17,Mono,051,14174,36,32,0,32,1
2020-05-17,Monterey,053,433212,424,342,1,343,8
2020-05-17,Napa,055,140530,105,89,0,89,3
2020-05-17,Nevada,057,99092,42,41,1,42,1
2020-05-17,Orange,059,3164182,6591,4466,51,4517,88
2020-05-17,Placer,061,380077,197,175,0,175,8
2020-05-17,Plumas,063,18699,4,4,0,4,0
2020-05-17,Riverside,065,2383286,6858,5776,18,5794,245
2020-05-17,Sacramento,067,1510023,1302,1224,0,1224,56
2020-05-17,San Benito,069,59416,71,59,0,59,2
2020-05-17,San Bernardino,071,2135413,4524,3467,4,3471,155
2020-05-17,San Diego,073,3302833,6814,5838,0,5838,209
2020-05-17,San Francisco,075,870044,2355,2132,1,2133,36
2020-05-17,San Joaquin,077,732212,783,688,3,691,32
2020-05-17,San Luis Obispo,079,281455,323,242,3,245,1
2020-05-17,San Mateo,081,765935,1943,1680,2,1682,68
2020-05-17,Santa Barbara,083,443738,1576,1457,9,1466,10
2020-05-17,Santa Clara,085,1922200,3088,2453,11,2464,135
2020-05-17,Santa Cruz,087,273765,176,155,0,155,3
2020-05-17,Shasta,089,179085,49,34,0,34,4
2020-05-17,Sierra,091,2930,0,0,0,0,0
2020-05-17,Siskiyou,093,43540,7,6,0,6,0
2020-05-17,Solano,095,438530,521,392,0,392,4
2020-05-17,Sonoma,097,501317,459,376,0,376,4
2020-05-17,Stanislaus,099,539301,647,566,4,570,25
2020-05-17,Sutter,101,95872,42,38,0,38,2
2020-05-17,Tehama,103,63373,3,2,0,2,1
2020-05-17,Trinity,105,12862,2,1,0,1,0
2020-05-17,Tulare,107,460477,1998,1430,7,1437,63
2020-05-17,Tuolumne,109,53932,3,2,0,2,0
2020-05-17,Ventura,111,848112,1226,838,6,844,27
2020-05-17,Yolo,113,214977,201,182,0,182,22
2020-05-17,Yuba,115,75493,26,21,0,21,1
2020-05-16,Alameda,001,1643700,2835,2327,3,2330,83
2020-05-16,Alpine,002,1148,1,1,0,1,0
2020-05-16,Amador,005,37829,10,8,0,8,0
2020-05-16,Butte,007,227075,46,22,4,26,0
2020-05-16,Calaveras,009,45235,15,13,0,13,0
2020-05-16,Colusa,011,21464,3,3,0,3,0
2020-05-16,Contra Costa,013,1133247,1314,1136,1,1137,33
2020-05-16,Del Norte,015,27424,19,4,0,4,0
2020-05-16,El Dorado,017,186661,89,65,0,65,0
2020-05-16,Fresno,019,978130,2230,1177,33,1210,14
2020-05-16,Glenn,021,27897,13,9,0,9,0
2020-05-16,Humboldt,023,135768,92,69,0,69,0
2020-05-16,Imperial,025,180216,1686,712,4,716,14
2020-05-16,Inyo,027,18085,19,20,0,20,1
2020-05-16,Kern,029,883053,1939,1509,3,1512,26
2020-05-16,Kings,031,150075,491,356,1,357,2
2020-05-16,Lake,033,64148,13,7,0,7,0
2020-05-16,Lassen,035,31185,4,0,2,2,0
2020-05-16,Los Angeles,037,10098052,46297,37352,28,37380,1778
2020-05-16,Madera,039,155013,163,70,1,71,2
2020-05-16,Marin,041,260295,346,297,1,298,14
2020-05-16,Mariposa,043,17540,15,15,0,15,1
2020-05-16,Mendocino,045,87422,14,10,0,10,0
2020-05-16,Merced,047,269075,317,201,0,201,5
2020-05-16,Modoc,049,8938,0,0,0,0,0
2020-05-16,Mono,051,14174,36,32,0,32,1
2020-05-16,Monterey,053,433212,409,329,1,330,8
2020-05-16,Napa,055,140530,105,86,0,86,3
2020-05-16,Nevada,057,99092,42,41,1,42,1
2020-05-16,Orange,059,3164182,6515,4396,50,4446,87
2020-05-16,Placer,061,380077,195,174,0,174,8
2020-05-16,Plumas,063,18699,4,4,0,4,0
2020-05-16,Riverside,065,2383286,6773,5633,18,5651,243
2020-05-16,Sacramento,067,1510023,1295,1209,0,1209,55
2020-05-16,San Benito,069,59416,66,58,0,58,2
2020-05-16,San Bernardino,071,2135413,4452,3362,4,3366,155
2020-05-16,San Diego,073,3302833,6728,5664,0,5664,209
2020-05-16,San Francisco,075,870044,2332,2094,1,2095,36
2020-05-16,San Joaquin,077,732212,775,668,3,671,32
2020-05-16,San Luis Obispo,079,281455,322,240,3,243,1
2020-05-16,San Mateo,081,765935,1928,1652,2,1654,68
2020-05-16,Santa Barbara,083,443738,1565,1422,9,1431,10
2020-05-16,Santa Clara,085,1922200,3070,2420,11,2431,135
2020-05-16,Santa Cruz,087,273765,173,154,0,154,3
2020-05-16,Shasta,089,179085,49,33,0,33,4
2020-05-16,Sierra,091,2930,0,0,0,0,0
2020-05-16,Siskiyou,093,43540,7,6,0,6,0
2020-05-16,Solano,095,438530,516,392,0,392,4
2020-05-16,Sonoma,097,501317,446,356,0,356,4
2020-05-16,Stanislaus,099,539301,638,546,4,550,24
2020-05-16,Sutter,101,95872,42,35,0,35,2
2020-05-16,Tehama,103,63373,3,2,0,2,1
2020-05-16,Trinity,105,12862,2,1,0,1,0
2020-05-16,Tulare,107,460477,1980,1426,7,1433,63
2020-05-16,Tuolumne,109,53932,3,2,0,2,0
2020-05-16,Ventura,111,848112,1200,813,6,819,25
2020-05-16,Yolo,113,214977,200,181,0,181,22
2020-05-16,Yuba,115,75493,26,21,0,21,1
2020-05-15,Alameda,001,1643700,2801,2289,3,2292,83
2020-05-15,Alpine,002,1148,1,1,0,1,0
2020-05-15,Amador,005,37829,10,8,0,8,0
2020-05-15,Butte,007,227075,44,22,4,26,0
2020-05-15,Calaveras,009,45235,14,13,0,13,0
2020-05-15,Colusa,011,21464,3,3,0,3,0
2020-05-15,Contra Costa,013,1133247,1296,1106,1,1107,33
2020-05-15,Del Norte,015,27424,14,4,0,4,0
2020-05-15,El Dorado,017,186661,89,64,0,64,0
2020-05-15,Fresno,019,978130,2164,1126,33,1159,14
2020-05-15,Glenn,021,27897,13,9,0,9,0
2020-05-15,Humboldt,023,135768,91,60,0,60,0
2020-05-15,Imperial,025,180216,1602,680,0,680,14
2020-05-15,Inyo,027,18085,19,20,0,20,1
2020-05-15,Kern,029,883053,1883,1472,3,1475,25
2020-05-15,Kings,031,150075,488,347,1,348,2
2020-05-15,Lake,033,64148,13,7,0,7,0
2020-05-15,Lassen,035,31185,4,0,2,2,0
2020-05-15,Los Angeles,037,10098052,45509,36317,28,36345,1734
2020-05-15,Madera,039,155013,162,71,1,72,2
2020-05-15,Marin,041,260295,338,295,1,296,14
2020-05-15,Mariposa,043,17540,15,15,0,15,1
2020-05-15,Mendocino,045,87422,14,10,0,10,0
2020-05-15,Merced,047,269075,313,191,0,191,5
2020-05-15,Modoc,049,8938,0,0,0,0,0
2020-05-15,Mono,051,14174,36,31,0,31,1
2020-05-15,Monterey,053,433212,403,321,1,322,8
2020-05-15,Napa,055,140530,105,83,0,83,3
2020-05-15,Nevada,057,99092,42,41,1,42,1
2020-05-15,Orange,059,3164182,6343,4281,50,4331,87
2020-05-15,Placer,061,380077,193,174,0,174,8
2020-05-15,Plumas,063,18699,4,4,0,4,0
2020-05-15,Riverside,065,2383286,6659,5496,18,5514,233
2020-05-15,Sacramento,067,1510023,1285,1203,0,1203,55
2020-05-15,San Benito,069,59416,63,57,0,57,2
2020-05-15,San Bernardino,071,2135413,4374,3225,4,3229,153
2020-05-15,San Diego,073,3302833,6621,5525,0,5525,208
2020-05-15,San Francisco,075,870044,2316,2062,1,2063,36
2020-05-15,San Joaquin,077,732212,769,656,3,659,32
2020-05-15,San Luis Obispo,079,281455,320,237,3,240,1
2020-05-15,San Mateo,081,765935,1906,1612,2,1614,68
2020-05-15,Santa Barbara,083,443738,1556,1409,8,1417,10
2020-05-15,Santa Clara,085,1922200,3027,2395,10,2405,135
2020-05-15,Santa Cruz,087,273765,172,146,0,146,3
2020-05-15,Shasta,089,179085,48,33,0,33,4
2020-05-15,Sierra,091,2930,0,0,0,0,0
2020-05-15,Siskiyou,093,43540,6,5,0,5,0
2020-05-15,Solano,095,438530,512,388,0,388,4
2020-05-15,Sonoma,097,501317,438,349,0,349,4
2020-05-15,Stanislaus,099,539301,631,540,4,544,23
2020-05-15,Sutter,101,95872,41,35,0,35,2
2020-05-15,Tehama,103,63373,3,1,0,1,1
2020-05-15,Trinity,105,12862,2,1,0,1,0
2020-05-15,Tulare,107,460477,1952,1356,7,1363,61
2020-05-15,Tuolumne,109,53932,3,2,0,2,0
2020-05-15,Ventura,111,848112,1182,789,5,794,25
2020-05-15,Yolo,113,214977,199,182,0,182,22
2020-05-15,Yuba,115,75493,26,21,0,21,1
2020-05-14,Alameda,001,1643700,2709,2255,3,2258,80
2020-05-14,Alpine,002,1148,1,1,0,1,0
2020-05-14,Amador,005,37829,10,8,0,8,0
2020-05-14,Butte,007,227075,42,22,4,26,0
2020-05-14,Calaveras,009,45235,14,13,0,13,0
2020-05-14,Colusa,011,21464,3,3,0,3,0
2020-05-14,Contra Costa,013,1133247,1269,1090,1,1091,32
2020-05-14,Del Norte,015,27424,14,4,0,4,0
2020-05-14,El Dorado,017,186661,80,59,0,59,0
2020-05-14,Fresno,019,978130,2104,1038,29,1067,12
2020-05-14,Glenn,021,27897,12,8,0,8,0
2020-05-14,Humboldt,023,135768,89,59,0,59,0
2020-05-14,Imperial,025,180216,1486,652,0,652,13
2020-05-14,Inyo,027,18085,19,20,0,20,1
2020-05-14,Kern,029,883053,1841,1430,3,1433,21
2020-05-14,Kings,031,150075,472,342,1,343,1
2020-05-14,Lake,033,64148,13,7,0,7,0
2020-05-14,Lassen,035,31185,4,0,2,2,0
2020-05-14,Los Angeles,037,10098052,44337,35427,28,35455,1693
2020-05-14,Madera,039,155013,153,69,1,70,2
2020-05-14,Marin,041,260295,320,283,1,284,14
2020-05-14,Mariposa,043,17540,15,15,0,15,0
2020-05-14,Mendocino,045,87422,13,10,0,10,0
2020-05-14,Merced,047,269075,303,182,0,182,3
2020-05-14,Modoc,049,8938,0,0,0,0,0
2020-05-14,Mono,051,14174,36,31,0,31,1
2020-05-14,Monterey,053,433212,393,317,1,318,7
2020-05-14,Napa,055,140530,103,83,0,83,3
2020-05-14,Nevada,057,99092,41,41,1,42,1
2020-05-14,Orange,059,3164182,6168,4163,48,4211,83
2020-05-14,Placer,061,380077,193,172,0,172,8
2020-05-14,Plumas,063,18699,4,4,0,4,0
2020-05-14,Riverside,065,2383286,6475,5339,18,5357,224
2020-05-14,Sacramento,067,1510023,1273,1181,0,1181,55
2020-05-14,San Benito,069,59416,61,56,0,56,2
2020-05-14,San Bernardino,071,2135413,4195,3149,4,3153,149
2020-05-14,San Diego,073,3302833,6486,5393,0,5393,200
2020-05-14,San Francisco,075,870044,2283,2029,1,2030,36
2020-05-14,San Joaquin,077,732212,754,643,3,646,31
2020-05-14,San Luis Obispo,079,281455,317,236,3,239,1
2020-05-14,San Mateo,081,765935,1874,1588,2,1590,67
2020-05-14,Santa Barbara,083,443738,1544,1395,8,1403,11
2020-05-14,Santa Clara,085,1922200,3004,2380,10,2390,134
2020-05-14,Santa Cruz,087,273765,170,145,0,145,3
2020-05-14,Shasta,089,179085,48,33,0,33,4
2020-05-14,Sierra,091,2930,0,0,0,0,0
2020-05-14,Siskiyou,093,43540,6,5,0,5,0
2020-05-14,Solano,095,438530,503,372,0,372,4
2020-05-14,Sonoma,097,501317,421,333,0,333,4
2020-05-14,Stanislaus,099,539301,612,533,4,537,23
2020-05-14,Sutter,101,95872,41,34,0,34,2
2020-05-14,Tehama,103,63373,3,1,0,1,1
2020-05-14,Trinity,105,12862,2,1,0,1,0
2020-05-14,Tulare,107,460477,1913,1317,7,1324,55
2020-05-14,Tuolumne,109,53932,3,2,0,2,0
2020-05-14,Ventura,111,848112,1151,760,5,765,25
2020-05-14,Yolo,113,214977,199,180,0,180,22
2020-05-14,Yuba,115,75493,26,21,0,21,1
2020-05-13,Alameda,001,1643700,2651,2181,3,2184,78
2020-05-13,Alpine,002,1148,1,1,0,1,0
2020-05-13,Amador,005,37829,10,8,0,8,0
2020-05-13,Butte,007,227075,42,21,4,25,0
2020-05-13,Calaveras,009,45235,14,13,0,13,0
2020-05-13,Colusa,011,21464,3,3,0,3,0
2020-05-13,Contra Costa,013,1133247,1247,1082,1,1083,32
2020-05-13,Del Norte,015,27424,13,4,0,4,0
2020-05-13,El Dorado,017,186661,79,58,0,58,0
2020-05-13,Fresno,019,978130,2005,993,29,1022,10
2020-05-13,Glenn,021,27897,11,6,0,6,0
2020-05-13,Humboldt,023,135768,83,58,0,58,0
2020-05-13,Imperial,025,180216,1415,610,0,610,11
2020-05-13,Inyo,027,18085,19,20,0,20,1
2020-05-13,Kern,029,883053,1795,1390,3,1393,19
2020-05-13,Kings,031,150075,458,314,1,315,1
2020-05-13,Lake,033,64148,13,7,0,7,0
2020-05-13,Lassen,035,31185,4,0,2,2,0
2020-05-13,Los Angeles,037,10098052,43025,34574,28,34602,1643
2020-05-13,Madera,039,155013,144,69,1,70,2
2020-05-13,Marin,041,260295,307,278,1,279,14
2020-05-13,Mariposa,043,17540,15,15,0,15,0
2020-05-13,Mendocino,045,87422,13,10,0,10,0
2020-05-13,Merced,047,269075,299,176,0,176,3
2020-05-13,Modoc,049,8938,0,0,0,0,0
2020-05-13,Mono,051,14174,35,31,0,31,1
2020-05-13,Monterey,053,433212,383,309,1,310,6
2020-05-13,Napa,055,140530,103,81,0,81,3
2020-05-13,Nevada,057,99092,41,41,1,42,1
2020-05-13,Orange,059,3164182,5922,4025,46,4071,79
2020-05-13,Placer,061,380077,192,170,0,170,8
2020-05-13,Plumas,063,18699,4,4,0,4,0
2020-05-13,Riverside,065,2383286,6352,5204,18,5222,216
2020-05-13,Sacramento,067,1510023,1258,1173,0,1173,53
2020-05-13,San Benito,069,59416,61,55,0,55,2
2020-05-13,San Bernardino,071,2135413,3939,3064,3,3067,140
2020-05-13,San Diego,073,3302833,6350,5280,0,5280,194
2020-05-13,San Francisco,075,870044,2255,2004,1,2005,35
2020-05-13,San Joaquin,077,732212,733,639,3,642,31
2020-05-13,San Luis Obispo,079,281455,315,231,3,234,1
2020-05-13,San Mateo,081,765935,1842,1550,2,1552,66
2020-05-13,Santa Barbara,083,443738,1533,1382,8,1390,10
2020-05-13,Santa Clara,085,1922200,2984,2370,10,2380,132
2020-05-13,Santa Cruz,087,273765,166,142,0,142,2
2020-05-13,Shasta,089,179085,48,32,0,32,4
2020-05-13,Sierra,091,2930,0,0,0,0,0
2020-05-13,Siskiyou,093,43540,6,5,0,5,0
2020-05-13,Solano,095,438530,490,368,0,368,4
2020-05-13,Sonoma,097,501317,411,330,0,330,4
2020-05-13,Stanislaus,099,539301,603,521,4,525,15
2020-05-13,Sutter,101,95872,41,33,0,33,2
2020-05-13,Tehama,103,63373,3,1,0,1,1
2020-05-13,Trinity,105,12862,2,2,0,2,0
2020-05-13,Tulare,107,460477,1880,1283,7,1290,54
2020-05-13,Tuolumne,109,53932,3,2,0,2,0
2020-05-13,Ventura,111,848112,1120,742,5,747,25
2020-05-13,Yolo,113,214977,197,178,0,178,22
2020-05-13,Yuba,115,75493,24,19,0,19,1
2020-05-12,Alameda,001,1643700,2587,2146,3,2149,74
2020-05-12,Alpine,002,1148,1,1,0,1,0
2020-05-12,Amador,005,37829,10,8,0,8,0
2020-05-12,Butte,007,227075,40,20,4,24,0
2020-05-12,Calaveras,009,45235,13,13,0,13,0
2020-05-12,Colusa,011,21464,3,3,0,3,0
2020-05-12,Contra Costa,013,1133247,1216,1067,1,1068,32
2020-05-12,Del Norte,015,27424,10,3,0,3,0
2020-05-12,El Dorado,017,186661,76,56,0,56,0
2020-05-12,Fresno,019,978130,1921,978,27,1005,9
2020-05-12,Glenn,021,27897,10,6,0,6,0
2020-05-12,Humboldt,023,135768,80,58,0,58,0
2020-05-12,Imperial,025,180216,1286,602,0,602,9
2020-05-12,Inyo,027,18085,19,20,0,20,1
2020-05-12,Kern,029,883053,1754,1363,3,1366,18
2020-05-12,Kings,031,150075,437,302,1,303,1
2020-05-12,Lake,033,64148,13,7,0,7,0
2020-05-12,Lassen,035,31185,4,0,2,2,0
2020-05-12,Los Angeles,037,10098052,42032,33281,27,33308,1601
2020-05-12,Madera,039,155013,138,69,1,70,2
2020-05-12,Marin,041,260295,302,274,1,275,14
2020-05-12,Mariposa,043,17540,15,15,0,15,0
2020-05-12,Mendocino,045,87422,13,10,0,10,0
2020-05-12,Merced,047,269075,286,175,0,175,3
2020-05-12,Modoc,049,8938,0,0,0,0,0
2020-05-12,Mono,051,14174,35,31,0,31,1
2020-05-12,Monterey,053,433212,376,298,1,299,6
2020-05-12,Napa,055,140530,100,80,0,80,3
2020-05-12,Nevada,057,99092,41,41,1,42,1
2020-05-12,Orange,059,3164182,5739,3843,44,3887,78
2020-05-12,Placer,061,380077,191,170,0,170,8
2020-05-12,Plumas,063,18699,4,4,0,4,0
2020-05-12,Riverside,065,2383286,6229,5134,18,5152,210
2020-05-12,Sacramento,067,1510023,1238,1166,0,1166,52
2020-05-12,San Benito,069,59416,61,55,0,55,2
2020-05-12,San Bernardino,071,2135413,3787,2997,3,3000,131
2020-05-12,San Diego,073,3302833,6206,3,0,3,0
2020-05-12,San Francisco,075,870044,2220,1981,1,1982,35
2020-05-12,San Joaquin,077,732212,718,625,3,628,30
2020-05-12,San Luis Obispo,079,281455,312,226,3,229,1
2020-05-12,San Mateo,081,765935,1816,1533,2,1535,66
2020-05-12,Santa Barbara,083,443738,1502,1377,8,1385,10
2020-05-12,Santa Clara,085,1922200,2953,2362,10,2372,131
2020-05-12,Santa Cruz,087,273765,164,141,0,141,2
2020-05-12,Shasta,089,179085,47,33,0,33,4
2020-05-12,Sierra,091,2930,0,0,0,0,0
2020-05-12,Siskiyou,093,43540,6,5,0,5,0
2020-05-12,Solano,095,438530,481,361,0,361,4
2020-05-12,Sonoma,097,501317,388,308,0,308,4
2020-05-12,Stanislaus,099,539301,596,515,4,519,15
2020-05-12,Sutter,101,95872,41,33,0,33,2
2020-05-12,Tehama,103,63373,3,1,0,1,1
2020-05-12,Trinity,105,12862,2,1,0,1,0
2020-05-12,Tulare,107,460477,1848,1261,7,1268,52
2020-05-12,Tuolumne,109,53932,3,2,0,2,0
2020-05-12,Ventura,111,848112,1064,718,5,723,20
2020-05-12,Yolo,113,214977,196,176,0,176,22
2020-05-12,Yuba,115,75493,24,19,0,19,1
2020-05-11,Alameda,001,1643700,2537,2103,3,2106,71
2020-05-11,Alpine,002,1148,1,1,0,1,0
2020-05-11,Amador,005,37829,10,8,0,8,0
2020-05-11,Butte,007,227075,39,19,4,23,0
2020-05-11,Calaveras,009,45235,13,13,0,13,0
2020-05-11,Colusa,011,21464,3,3,0,3,0
2020-05-11,Contra Costa,013,1133247,1202,1052,1,1053,32
2020-05-11,Del Norte,015,27424,8,3,0,3,0
2020-05-11,El Dorado,017,186661,76,55,0,55,0
2020-05-11,Fresno,019,978130,1830,937,26,963,8
2020-05-11,Glenn,021,27897,10,6,0,6,0
2020-05-11,Humboldt,023,135768,77,56,0,56,0
2020-05-11,Imperial,025,180216,1180,562,0,562,9
2020-05-11,Inyo,027,18085,19,20,0,20,1
2020-05-11,Kern,029,883053,1702,1331,3,1334,17
2020-05-11,Kings,031,150075,414,289,0,289,1
2020-05-11,Lake,033,64148,12,7,0,7,0
2020-05-11,Lassen,035,31185,4,0,2,2,0
2020-05-11,Los Angeles,037,10098052,40849,32279,27,32306,1553
2020-05-11,Madera,039,155013,129,68,1,69,2
2020-05-11,Marin,041,260295,293,271,1,272,14
2020-05-11,Mariposa,043,17540,15,15,0,15,0
2020-05-11,Mendocino,045,87422,13,10,0,10,0
2020-05-11,Merced,047,269075,269,158,0,158,3
2020-05-11,Modoc,049,8938,0,0,0,0,0
2020-05-11,Mono,051,14174,35,30,0,30,1
2020-05-11,Monterey,053,433212,373,286,1,287,6
2020-05-11,Napa,055,140530,94,79,0,79,2
2020-05-11,Nevada,057,99092,41,41,1,42,1
2020-05-11,Orange,059,3164182,5524,3699,38,3737,77
2020-05-11,Placer,061,380077,191,170,0,170,8
2020-05-11,Plumas,063,18699,4,4,0,4,0
2020-05-11,Riverside,065,2383286,6071,5082,17,5099,203
2020-05-11,Sacramento,067,1510023,1223,1160,0,1160,52
2020-05-11,San Benito,069,59416,59,52,0,52,2
2020-05-11,San Bernardino,071,2135413,3676,2945,3,2948,124
2020-05-11,San Diego,073,3302833,6053,5067,0,5067,175
2020-05-11,San Francisco,075,870044,2174,1974,1,1975,35
2020-05-11,San Joaquin,077,732212,708,620,3,623,30
2020-05-11,San Luis Obispo,079,281455,310,224,3,227,1
2020-05-11,San Mateo,081,765935,1790,1499,2,1501,66
2020-05-11,Santa Barbara,083,443738,1491,1372,7,1379,10
2020-05-11,Santa Clara,085,1922200,2936,2340,10,2350,129
2020-05-11,Santa Cruz,087,273765,161,140,0,140,2
2020-05-11,Shasta,089,179085,47,31,0,31,4
2020-05-11,Sierra,091,2930,0,0,0,0,0
2020-05-11,Siskiyou,093,43540,6,5,0,5,0
2020-05-11,Solano,095,438530,474,354,0,354,4
2020-05-11,Sonoma,097,501317,378,303,0,303,3
2020-05-11,Stanislaus,099,539301,586,507,4,511,14
2020-05-11,Sutter,101,95872,40,32,0,32,2
2020-05-11,Tehama,103,63373,3,1,0,1,1
2020-05-11,Trinity,105,12862,2,1,0,1,0
2020-05-11,Tulare,107,460477,1799,1203,7,1210,49
2020-05-11,Tuolumne,109,53932,3,2,0,2,0
2020-05-11,Ventura,111,848112,1003,698,4,702,19
2020-05-11,Yolo,113,214977,196,174,0,174,20
2020-05-11,Yuba,115,75493,24,18,0,18,1
2020-05-10,Alameda,001,1643700,2460,2047,3,2050,71
2020-05-10,Alpine,002,1148,1,1,0,1,0
2020-05-10,Amador,005,37829,10,8,0,8,0
2020-05-10,Butte,007,227075,34,18,4,22,0
2020-05-10,Calaveras,009,45235,13,13,0,13,0
2020-05-10,Colusa,011,21464,3,3,0,3,0
2020-05-10,Contra Costa,013,1133247,1188,1046,0,1046,31
2020-05-10,Del Norte,015,27424,7,3,0,3,0
2020-05-10,El Dorado,017,186661,76,55,0,55,0
2020-05-10,Fresno,019,978130,1745,894,26,920,8
2020-05-10,Glenn,021,27897,10,6,0,6,0
2020-05-10,Humboldt,023,135768,73,56,0,56,0
2020-05-10,Imperial,025,180216,1086,509,0,509,7
2020-05-10,Inyo,027,18085,19,20,0,20,1
2020-05-10,Kern,029,883053,1651,1300,2,1302,16
2020-05-10,Kings,031,150075,401,266,0,266,1
2020-05-10,Lake,033,64148,12,7,0,7,0
2020-05-10,Lassen,035,31185,4,0,2,2,0
2020-05-10,Los Angeles,037,10098052,39590,31711,27,31738,1514
2020-05-10,Madera,039,155013,127,65,1,66,2
2020-05-10,Marin,041,260295,285,267,1,268,14
2020-05-10,Mariposa,043,17540,15,15,0,15,0
2020-05-10,Mendocino,045,87422,12,10,0,10,0
2020-05-10,Merced,047,269075,253,154,0,154,3
2020-05-10,Modoc,049,8938,0,0,0,0,0
2020-05-10,Mono,051,14174,35,27,0,27,1
2020-05-10,Monterey,053,433212,359,282,1,283,6
2020-05-10,Napa,055,140530,88,79,0,79,2
2020-05-10,Nevada,057,99092,41,41,1,42,1
2020-05-10,Orange,059,3164182,5381,3627,38,3665,76
2020-05-10,Placer,061,380077,190,168,0,168,8
2020-05-10,Plumas,063,18699,4,4,0,4,0
2020-05-10,Riverside,065,2383286,5949,4951,17,4968,193
2020-05-10,Sacramento,067,1510023,1207,1152,0,1152,52
2020-05-10,San Benito,069,59416,59,52,0,52,2
2020-05-10,San Bernardino,071,2135413,3578,2910,3,2913,121
2020-05-10,San Diego,073,3302833,5901,4928,0,4928,175
2020-05-10,San Francisco,075,870044,2156,1953,1,1954,35
2020-05-10,San Joaquin,077,732212,693,611,3,614,29
2020-05-10,San Luis Obispo,079,281455,307,218,3,221,1
2020-05-10,San Mateo,081,765935,1768,1463,2,1465,65
2020-05-10,Santa Barbara,083,443738,1480,1323,7,1330,10
2020-05-10,Santa Clara,085,1922200,2909,2331,10,2341,129
2020-05-10,Santa Cruz,087,273765,160,139,0,139,2
2020-05-10,Shasta,089,179085,47,31,0,31,4
2020-05-10,Sierra,091,2930,0,0,0,0,0
2020-05-10,Siskiyou,093,43540,5,5,0,5,0
2020-05-10,Solano,095,438530,462,322,0,322,4
2020-05-10,Sonoma,097,501317,368,290,0,290,3
2020-05-10,Stanislaus,099,539301,579,498,4,502,14
2020-05-10,Sutter,101,95872,37,31,0,31,2
2020-05-10,Tehama,103,63373,3,1,0,1,1
2020-05-10,Trinity,105,12862,2,1,0,1,0
2020-05-10,Tulare,107,460477,1728,1143,7,1150,47
2020-05-10,Tuolumne,109,53932,3,2,0,2,0
2020-05-10,Ventura,111,848112,945,690,2,692,19
2020-05-10,Yolo,113,214977,196,173,0,173,20
2020-05-10,Yuba,115,75493,23,17,0,17,1
2020-05-09,Alameda,001,1643700,2417,2011,3,2014,71
2020-05-09,Alpine,002,1148,1,1,0,1,0
2020-05-09,Amador,005,37829,9,8,0,8,0
2020-05-09,Butte,007,227075,33,18,4,22,0
2020-05-09,Calaveras,009,45235,13,13,0,13,0
2020-05-09,Colusa,011,21464,3,3,0,3,0
2020-05-09,Contra Costa,013,1133247,1174,1039,0,1039,31
2020-05-09,Del Norte,015,27424,7,3,0,3,0
2020-05-09,El Dorado,017,186661,73,54,0,54,0
2020-05-09,Fresno,019,978130,1707,861,25,886,8
2020-05-09,Glenn,021,27897,9,6,0,6,0
2020-05-09,Humboldt,023,135768,71,55,0,55,0
2020-05-09,Imperial,025,180216,1029,474,0,474,7
2020-05-09,Inyo,027,18085,19,20,0,20,1
2020-05-09,Kern,029,883053,1615,1262,1,1263,15
2020-05-09,Kings,031,150075,396,264,0,264,1
2020-05-09,Lake,033,64148,12,7,0,7,0
2020-05-09,Lassen,035,31185,4,0,2,2,0
2020-05-09,Los Angeles,037,10098052,38969,31268,27,31295,1499
2020-05-09,Madera,039,155013,126,61,1,62,2
2020-05-09,Marin,041,260295,284,261,1,262,14
2020-05-09,Mariposa,043,17540,15,15,0,15,0
2020-05-09,Mendocino,045,87422,12,10,0,10,0
2020-05-09,Merced,047,269075,249,153,0,153,3
2020-05-09,Modoc,049,8938,0,0,0,0,0
2020-05-09,Mono,051,14174,35,27,0,27,1
2020-05-09,Monterey,053,433212,352,273,0,273,6
2020-05-09,Napa,055,140530,87,78,0,78,2
2020-05-09,Nevada,057,99092,41,41,1,42,1
2020-05-09,Orange,059,3164182,5298,3506,38,3544,75
2020-05-09,Placer,061,380077,189,168,0,168,8
2020-05-09,Plumas,063,18699,4,4,0,4,0
2020-05-09,Riverside,065,2383286,5854,4871,17,4888,183
2020-05-09,Sacramento,067,1510023,1203,1150,0,1150,52
2020-05-09,San Benito,069,59416,58,52,0,52,2
2020-05-09,San Bernardino,071,2135413,3522,2825,3,2828,121
2020-05-09,San Diego,073,3302833,5789,4778,0,4778,175
2020-05-09,San Francisco,075,870044,2141,1944,1,1945,34
2020-05-09,San Joaquin,077,732212,684,605,3,608,28
2020-05-09,San Luis Obispo,079,281455,303,213,3,216,1
2020-05-09,San Mateo,081,765935,1749,1453,2,1455,65
2020-05-09,Santa Barbara,083,443738,1472,1245,7,1252,10
2020-05-09,Santa Clara,085,1922200,2895,2317,10,2327,128
2020-05-09,Santa Cruz,087,273765,159,138,0,138,2
2020-05-09,Shasta,089,179085,47,31,0,31,4
2020-05-09,Sierra,091,2930,0,0,0,0,0
2020-05-09,Siskiyou,093,43540,5,5,0,5,0
2020-05-09,Solano,095,438530,456,321,0,321,4
2020-05-09,Sonoma,097,501317,364,288,0,288,3
2020-05-09,Stanislaus,099,539301,571,491,4,495,12
2020-05-09,Sutter,101,95872,37,31,0,31,2
2020-05-09,Tehama,103,63373,2,1,0,1,1
2020-05-09,Trinity,105,12862,2,1,0,1,0
2020-05-09,Tulare,107,460477,1700,1083,7,1090,47
2020-05-09,Tuolumne,109,53932,3,2,0,2,0
2020-05-09,Ventura,111,848112,924,679,2,681,19
2020-05-09,Yolo,113,214977,196,172,0,172,18
2020-05-09,Yuba,115,75493,23,17,0,17,1
2020-05-08,Alameda,001,1643700,2374,1955,3,1958,70
2020-05-08,Alpine,002,1148,1,1,0,1,0
2020-05-08,Amador,005,37829,9,8,0,8,0
2020-05-08,Butte,007,227075,33,18,4,22,0
2020-05-08,Calaveras,009,45235,13,13,0,13,0
2020-05-08,Colusa,011,21464,3,3,0,3,0
2020-05-08,Contra Costa,013,1133247,1162,1024,0,1024,29
2020-05-08,Del Norte,015,27424,7,3,0,3,0
2020-05-08,El Dorado,017,186661,72,54,0,54,0
2020-05-08,Fresno,019,978130,1666,838,23,861,8
2020-05-08,Glenn,021,27897,8,6,0,6,0
2020-05-08,Humboldt,023,135768,68,54,0,54,0
2020-05-08,Imperial,025,180216,983,467,0,467,7
2020-05-08,Inyo,027,18085,19,20,0,20,1
2020-05-08,Kern,029,883053,1584,1214,1,1215,13
2020-05-08,Kings,031,150075,387,236,0,236,1
2020-05-08,Lake,033,64148,12,7,0,7,0
2020-05-08,Lassen,035,31185,4,0,2,2,0
2020-05-08,Los Angeles,037,10098052,38235,30357,27,30384,1447
2020-05-08,Madera,039,155013,123,57,1,58,2
2020-05-08,Marin,041,260295,284,257,1,258,14
2020-05-08,Mariposa,043,17540,15,15,0,15,0
2020-05-08,Mendocino,045,87422,12,10,0,10,0
2020-05-08,Merced,047,269075,248,151,0,151,3
2020-05-08,Modoc,049,8938,0,0,0,0,0
2020-05-08,Mono,051,14174,32,27,0,27,1
2020-05-08,Monterey,053,433212,344,265,0,265,6
2020-05-08,Napa,055,140530,86,78,0,78,2
2020-05-08,Nevada,057,99092,41,41,1,42,1
2020-05-08,Orange,059,3164182,5151,3395,38,3433,72
2020-05-08,Placer,061,380077,187,166,0,166,8
2020-05-08,Plumas,063,18699,4,4,0,4,0
2020-05-08,Riverside,065,2383286,5754,4672,16,4688,181
2020-05-08,Sacramento,067,1510023,1198,1145,0,1145,51
2020-05-08,San Benito,069,59416,58,51,0,51,2
2020-05-08,San Bernardino,071,2135413,3474,2631,3,2634,119
2020-05-08,San Diego,073,3302833,5682,4664,0,4664,169
2020-05-08,San Francisco,075,870044,2123,1890,1,1891,33
2020-05-08,San Joaquin,077,732212,677,595,3,598,28
2020-05-08,San Luis Obispo,079,281455,300,210,3,213,1
2020-05-08,San Mateo,081,765935,1664,1423,2,1425,62
2020-05-08,Santa Barbara,083,443738,1463,1054,5,1059,8
2020-05-08,Santa Clara,085,1922200,2872,2285,10,2295,128
2020-05-08,Santa Cruz,087,273765,155,137,0,137,2
2020-05-08,Shasta,089,179085,47,31,0,31,4
2020-05-08,Sierra,091,2930,0,0,0,0,0
2020-05-08,Siskiyou,093,43540,5,5,0,5,0
2020-05-08,Solano,095,438530,451,314,0,314,4
2020-05-08,Sonoma,097,501317,359,285,0,285,3
2020-05-08,Stanislaus,099,539301,557,487,4,491,12
2020-05-08,Sutter,101,95872,37,30,0,30,2
2020-05-08,Tehama,103,63373,2,1,0,1,1
2020-05-08,Trinity,105,12862,2,0,0,0,0
2020-05-08,Tulare,107,460477,1655,1050,6,1056,43
2020-05-08,Tuolumne,109,53932,3,2,0,2,0
2020-05-08,Ventura,111,848112,906,665,2,667,19
2020-05-08,Yolo,113,214977,195,172,0,172,18
2020-05-08,Yuba,115,75493,22,16,0,16,1
2020-05-07,Alameda,001,1643700,2314,1914,3,1917,68
2020-05-07,Alpine,002,1148,1,1,0,1,0
2020-05-07,Amador,005,37829,9,8,0,8,0
2020-05-07,Butte,007,227075,33,19,3,22,0
2020-05-07,Calaveras,009,45235,13,13,0,13,0
2020-05-07,Colusa,011,21464,3,3,0,3,0
2020-05-07,Contra Costa,013,1133247,1148,1005,0,1005,29
2020-05-07,Del Norte,015,27424,6,3,0,3,0
2020-05-07,El Dorado,017,186661,71,54,0,54,0
2020-05-07,Fresno,019,978130,1581,812,22,834,8
2020-05-07,Glenn,021,27897,8,5,0,5,0
2020-05-07,Humboldt,023,135768,67,54,0,54,0
2020-05-07,Imperial,025,180216,919,442,0,442,6
2020-05-07,Inyo,027,18085,19,20,0,20,1
2020-05-07,Kern,029,883053,1540,1176,1,1177,13
2020-05-07,Kings,031,150075,364,219,0,219,1
2020-05-07,Lake,033,64148,11,7,0,7,0
2020-05-07,Lassen,035,31185,4,0,2,2,0
2020-05-07,Los Angeles,037,10098052,37114,29544,26,29570,1399
2020-05-07,Madera,039,155013,119,54,1,55,2
2020-05-07,Marin,041,260295,277,252,1,253,14
2020-05-07,Mariposa,043,17540,15,15,0,15,0
2020-05-07,Mendocino,045,87422,12,10,0,10,0
2020-05-07,Merced,047,269075,236,146,0,146,3
2020-05-07,Modoc,049,8938,0,0,0,0,0
2020-05-07,Mono,051,14174,32,26,0,26,1
2020-05-07,Monterey,053,433212,336,249,0,249,6
2020-05-07,Napa,055,140530,86,78,0,78,2
2020-05-07,Nevada,057,99092,41,41,1,42,1
2020-05-07,Orange,059,3164182,4966,3283,37,3320,69
2020-05-07,Placer,061,380077,187,165,0,165,8
2020-05-07,Plumas,063,18699,4,4,0,4,0
2020-05-07,Riverside,065,2383286,5638,4608,16,4624,170
2020-05-07,Sacramento,067,1510023,1192,1139,0,1139,50
2020-05-07,San Benito,069,59416,58,50,0,50,2
2020-05-07,San Bernardino,071,2135413,3382,2522,3,2525,115
2020-05-07,San Diego,073,3302833,5525,4431,0,4431,165
2020-05-07,San Francisco,075,870044,2092,1852,0,1852,33
2020-05-07,San Joaquin,077,732212,664,583,3,586,28
2020-05-07,San Luis Obispo,079,281455,289,209,3,212,1
2020-05-07,San Mateo,081,765935,1642,1398,2,1400,58
2020-05-07,Santa Barbara,083,443738,1436,720,4,724,8
2020-05-07,Santa Clara,085,1922200,2834,2281,10,2291,127
2020-05-07,Santa Cruz,087,273765,152,136,0,136,2
2020-05-07,Shasta,089,179085,46,31,0,31,4
2020-05-07,Sierra,091,2930,0,0,0,0,0
2020-05-07,Siskiyou,093,43540,5,5,0,5,0
2020-05-07,Solano,095,438530,443,307,0,307,4
2020-05-07,Sonoma,097,501317,347,282,0,282,3
2020-05-07,Stanislaus,099,539301,548,466,4,470,10
2020-05-07,Sutter,101,95872,37,29,0,29,2
2020-05-07,Tehama,103,63373,2,1,0,1,1
2020-05-07,Trinity,105,12862,2,0,0,0,0
2020-05-07,Tulare,107,460477,1587,1001,6,1007,41
2020-05-07,Tuolumne,109,53932,3,2,0,2,0
2020-05-07,Ventura,111,848112,882,647,1,648,19
2020-05-07,Yolo,113,214977,194,172,0,172,18
2020-05-07,Yuba,115,75493,22,16,0,16,1
2020-05-06,Alameda,001,1643700,2276,1864,3,1867,67
2020-05-06,Alpine,002,1148,1,1,0,1,0
2020-05-06,Amador,005,37829,9,8,0,8,0
2020-05-06,Butte,007,227075,32,19,3,22,0
2020-05-06,Calaveras,009,45235,13,13,0,13,0
2020-05-06,Colusa,011,21464,3,3,0,3,0
2020-05-06,Contra Costa,013,1133247,1127,990,0,990,29
2020-05-06,Del Norte,015,27424,6,3,0,3,0
2020-05-06,El Dorado,017,186661,69,53,0,53,0
2020-05-06,Fresno,019,978130,1518,773,20,793,8
2020-05-06,Glenn,021,27897,8,3,0,3,0
2020-05-06,Humboldt,023,135768,66,54,0,54,0
2020-05-06,Imperial,025,180216,851,399,0,399,6
2020-05-06,Inyo,027,18085,19,20,0,20,1
2020-05-06,Kern,029,883053,1484,1112,1,1113,12
2020-05-06,Kings,031,150075,346,208,0,208,1
2020-05-06,Lake,033,64148,11,7,0,7,0
2020-05-06,Lassen,035,31185,4,0,2,2,0
2020-05-06,Los Angeles,037,10098052,36112,28687,26,28713,1347
2020-05-06,Madera,039,155013,117,55,1,56,2
2020-05-06,Marin,041,260295,270,244,1,245,14
2020-05-06,Mariposa,043,17540,15,14,0,14,0
2020-05-06,Mendocino,045,87422,12,10,0,10,0
2020-05-06,Merced,047,269075,229,140,0,140,3
2020-05-06,Modoc,049,8938,0,0,0,0,0
2020-05-06,Mono,051,14174,32,26,0,26,1
2020-05-06,Monterey,053,433212,328,246,0,246,6
2020-05-06,Napa,055,140530,85,78,0,78,2
2020-05-06,Nevada,057,99092,41,41,1,42,1
2020-05-06,Orange,059,3164182,4782,3156,36,3192,66
2020-05-06,Placer,061,380077,184,164,0,164,8
2020-05-06,Plumas,063,18699,4,4,0,4,0
2020-05-06,Riverside,065,2383286,5494,4535,16,4551,163
2020-05-06,Sacramento,067,1510023,1186,1135,0,1135,49
2020-05-06,San Benito,069,59416,57,50,0,50,2
2020-05-06,San Bernardino,071,2135413,3260,2426,2,2428,110
2020-05-06,San Diego,073,3302833,5392,4321,0,4321,158
2020-05-06,San Francisco,075,870044,2067,1804,0,1804,32
2020-05-06,San Joaquin,077,732212,651,581,3,584,28
2020-05-06,San Luis Obispo,079,281455,285,207,3,210,1
2020-05-06,San Mateo,081,765935,1611,1348,2,1350,57
2020-05-06,Santa Barbara,083,443738,1395,565,3,568,8
2020-05-06,Santa Clara,085,1922200,2817,2270,9,2279,127
2020-05-06,Santa Cruz,087,273765,149,135,0,135,2
2020-05-06,Shasta,089,179085,45,31,0,31,4
2020-05-06,Sierra,091,2930,0,0,0,0,0
2020-05-06,Siskiyou,093,43540,5,5,0,5,0
2020-05-06,Solano,095,438530,431,300,0,300,4
2020-05-06,Sonoma,097,501317,331,269,0,269,3
2020-05-06,Stanislaus,099,539301,532,434,4,438,9
2020-05-06,Sutter,101,95872,37,29,0,29,2
2020-05-06,Tehama,103,63373,2,1,0,1,1
2020-05-06,Trinity,105,12862,2,0,0,0,0
2020-05-06,Tulare,107,460477,1539,963,6,969,40
2020-05-06,Tuolumne,109,53932,3,2,0,2,0
2020-05-06,Ventura,111,848112,855,619,1,620,19
2020-05-06,Yolo,113,214977,193,172,0,172,18
2020-05-06,Yuba,115,75493,22,15,0,15,1
2020-05-05,Alameda,001,1643700,2233,1819,3,1822,67
2020-05-05,Alpine,002,1148,1,1,0,1,0
2020-05-05,Amador,005,37829,9,8,0,8,0
2020-05-05,Butte,007,227075,31,19,3,22,0
2020-05-05,Calaveras,009,45235,13,13,0,13,0
2020-05-05,Colusa,011,21464,3,3,0,3,0
2020-05-05,Contra Costa,013,1133247,1109,976,0,976,29
2020-05-05,Del Norte,015,27424,6,3,0,3,0
2020-05-05,El Dorado,017,186661,67,54,0,54,0
2020-05-05,Fresno,019,978130,1445,726,18,744,8
2020-05-05,Glenn,021,27897,8,3,0,3,0
2020-05-05,Humboldt,023,135768,63,54,0,54,0
2020-05-05,Imperial,025,180216,795,389,0,389,6
2020-05-05,Inyo,027,18085,19,20,0,20,1
2020-05-05,Kern,029,883053,1432,1084,1,1085,11
2020-05-05,Kings,031,150075,328,187,0,187,1
2020-05-05,Lake,033,64148,10,7,0,7,0
2020-05-05,Lassen,035,31185,4,0,2,2,0
2020-05-05,Los Angeles,037,10098052,35044,27867,26,27893,1289
2020-05-05,Madera,039,155013,113,53,1,54,2
2020-05-05,Marin,041,260295,264,244,1,245,14
2020-05-05,Mariposa,043,17540,15,14,0,14,0
2020-05-05,Mendocino,045,87422,12,10,0,10,0
2020-05-05,Merced,047,269075,224,141,0,141,3
2020-05-05,Modoc,049,8938,0,0,0,0,0
2020-05-05,Mono,051,14174,32,25,0,25,1
2020-05-05,Monterey,053,433212,314,240,0,240,6
2020-05-05,Napa,055,140530,85,74,0,74,2
2020-05-05,Nevada,057,99092,41,41,1,42,1
2020-05-05,Orange,059,3164182,4658,3041,36,3077,63
2020-05-05,Placer,061,380077,184,162,0,162,8
2020-05-05,Plumas,063,18699,4,4,0,4,0
2020-05-05,Riverside,065,2383286,5384,4309,16,4325,161
2020-05-05,Sacramento,067,1510023,1179,1125,0,1125,48
2020-05-05,San Benito,069,59416,56,50,0,50,2
2020-05-05,San Bernardino,071,2135413,3167,2345,2,2347,104
2020-05-05,San Diego,073,3302833,5249,4162,0,4162,150
2020-05-05,San Francisco,075,870044,2032,1779,0,1779,31
2020-05-05,San Joaquin,077,732212,642,577,3,580,26
2020-05-05,San Luis Obispo,079,281455,283,203,3,206,1
2020-05-05,San Mateo,081,765935,1579,1335,2,1337,56
2020-05-05,Santa Barbara,083,443738,1174,541,3,544,7
2020-05-05,Santa Clara,085,1922200,2771,2249,8,2257,124
2020-05-05,Santa Cruz,087,273765,146,134,0,134,2
2020-05-05,Shasta,089,179085,44,31,0,31,4
2020-05-05,Sierra,091,2930,0,0,0,0,0
2020-05-05,Siskiyou,093,43540,5,5,0,5,0
2020-05-05,Solano,095,438530,416,299,0,299,4
2020-05-05,Sonoma,097,501317,328,263,0,263,3
2020-05-05,Stanislaus,099,539301,520,430,4,434,9
2020-05-05,Sutter,101,95872,36,29,0,29,2
2020-05-05,Tehama,103,63373,2,1,0,1,1
2020-05-05,Trinity,105,12862,2,0,0,0,0
2020-05-05,Tulare,107,460477,1441,869,6,875,40
2020-05-05,Tuolumne,109,53932,3,2,0,2,0
2020-05-05,Ventura,111,848112,831,607,1,608,19
2020-05-05,Yolo,113,214977,191,171,0,171,18
2020-05-05,Yuba,115,75493,22,15,0,15,1
2020-05-04,Alameda,001,1643700,2175,1762,2,1764,65
2020-05-04,Alpine,002,1148,1,1,0,1,0
2020-05-04,Amador,005,37829,8,8,0,8,0
2020-05-04,Butte,007,227075,30,16,2,18,0
2020-05-04,Calaveras,009,45235,13,13,0,13,0
2020-05-04,Colusa,011,21464,3,3,0,3,0
2020-05-04,Contra Costa,013,1133247,1091,949,0,949,28
2020-05-04,Del Norte,015,27424,5,3,0,3,0
2020-05-04,El Dorado,017,186661,66,51,0,51,0
2020-05-04,Fresno,019,978130,1375,680,17,697,8
2020-05-04,Glenn,021,27897,8,4,0,4,0
2020-05-04,Humboldt,023,135768,61,54,0,54,0
2020-05-04,Imperial,025,180216,744,351,0,351,6
2020-05-04,Inyo,027,18085,19,20,0,20,1
2020-05-04,Kern,029,883053,1390,1047,1,1048,8
2020-05-04,Kings,031,150075,311,153,0,153,1
2020-05-04,Lake,033,64148,9,7,0,7,0
2020-05-04,Lassen,035,31185,3,0,2,2,0
2020-05-04,Los Angeles,037,10098052,33761,26243,24,26267,1235
2020-05-04,Madera,039,155013,110,52,1,53,2
2020-05-04,Marin,041,260295,259,244,1,245,13
2020-05-04,Mariposa,043,17540,15,13,0,13,0
2020-05-04,Mendocino,045,87422,12,10,0,10,0
2020-05-04,Merced,047,269075,224,138,0,138,3
2020-05-04,Modoc,049,8938,0,0,0,0,0
2020-05-04,Mono,051,14174,32,25,0,25,1
2020-05-04,Monterey,053,433212,303,237,0,237,6
2020-05-04,Napa,055,140530,85,72,0,72,2
2020-05-04,Nevada,057,99092,41,41,1,42,1
2020-05-04,Orange,059,3164182,4520,2931,33,2964,57
2020-05-04,Placer,061,380077,182,162,0,162,8
2020-05-04,Plumas,063,18699,4,4,0,4,0
2020-05-04,Riverside,065,2383286,5290,4221,16,4237,147
2020-05-04,Sacramento,067,1510023,1169,1119,0,1119,44
2020-05-04,San Benito,069,59416,54,49,0,49,2
2020-05-04,San Bernardino,071,2135413,3027,2184,2,2186,99
2020-05-04,San Diego,073,3302833,5108,4022,0,4022,144
2020-05-04,San Francisco,075,870044,1994,1760,0,1760,31
2020-05-04,San Joaquin,077,732212,628,574,3,577,26
2020-05-04,San Luis Obispo,079,281455,280,202,3,205,1
2020-05-04,San Mateo,081,765935,1554,1313,2,1315,53
2020-05-04,Santa Barbara,083,443738,927,524,3,527,7
2020-05-04,Santa Clara,085,1922200,2756,2238,8,2246,119
2020-05-04,Santa Cruz,087,273765,145,133,0,133,2
2020-05-04,Shasta,089,179085,42,31,0,31,4
2020-05-04,Sierra,091,2930,0,0,0,0,0
2020-05-04,Siskiyou,093,43540,5,5,0,5,0
2020-05-04,Solano,095,438530,402,293,0,293,4
2020-05-04,Sonoma,097,501317,314,256,0,256,4
2020-05-04,Stanislaus,099,539301,514,422,4,426,8
2020-05-04,Sutter,101,95872,33,28,0,28,2
2020-05-04,Tehama,103,63373,2,1,0,1,1
2020-05-04,Trinity,105,12862,1,0,0,0,0
2020-05-04,Tulare,107,460477,1362,760,6,766,40
2020-05-04,Tuolumne,109,53932,3,3,0,3,0
2020-05-04,Ventura,111,848112,810,590,1,591,19
2020-05-04,Yolo,113,214977,190,171,0,171,18
2020-05-04,Yuba,115,75493,19,16,0,16,1
2020-05-03,Alameda,001,1643700,2117,1731,2,1733,64
2020-05-03,Alpine,002,1148,1,1,0,1,0
2020-05-03,Amador,005,37829,8,8,0,8,0
2020-05-03,Butte,007,227075,29,17,2,19,0
2020-05-03,Calaveras,009,45235,13,13,0,13,0
2020-05-03,Colusa,011,21464,3,3,0,3,0
2020-05-03,Contra Costa,013,1133247,1075,945,0,945,28
2020-05-03,Del Norte,015,27424,5,3,0,3,0
2020-05-03,El Dorado,017,186661,64,49,0,49,0
2020-05-03,Fresno,019,978130,1282,646,14,660,8
2020-05-03,Glenn,021,27897,7,5,0,5,0
2020-05-03,Humboldt,023,135768,60,54,0,54,0
2020-05-03,Imperial,025,180216,688,351,0,351,6
2020-05-03,Inyo,027,18085,19,20,0,20,1
2020-05-03,Kern,029,883053,1335,1025,1,1026,8
2020-05-03,Kings,031,150075,291,137,0,137,1
2020-05-03,Lake,033,64148,9,7,0,7,0
2020-05-03,Lassen,035,31185,3,0,2,2,0
2020-05-03,Los Angeles,037,10098052,32805,25708,23,25731,1210
2020-05-03,Madera,039,155013,103,46,1,47,2
2020-05-03,Marin,041,260295,254,243,1,244,13
2020-05-03,Mariposa,043,17540,15,13,0,13,0
2020-05-03,Mendocino,045,87422,12,10,0,10,0
2020-05-03,Merced,047,269075,217,134,0,134,3
2020-05-03,Modoc,049,8938,0,0,0,0,0
2020-05-03,Mono,051,14174,32,25,0,25,1
2020-05-03,Monterey,053,433212,294,235,0,235,6
2020-05-03,Napa,055,140530,85,72,0,72,2
2020-05-03,Nevada,057,99092,41,41,1,42,1
2020-05-03,Orange,059,3164182,4346,2859,32,2891,55
2020-05-03,Placer,061,380077,182,161,0,161,8
2020-05-03,Plumas,063,18699,4,4,0,4,0
2020-05-03,Riverside,065,2383286,5185,4034,16,4050,139
2020-05-03,Sacramento,067,1510023,1160,1109,0,1109,43
2020-05-03,San Benito,069,59416,54,49,0,49,2
2020-05-03,San Bernardino,071,2135413,2967,2123,2,2125,99
2020-05-03,San Diego,073,3302833,4971,3929,0,3929,142
2020-05-03,San Francisco,075,870044,1965,1692,0,1692,30
2020-05-03,San Joaquin,077,732212,621,570,3,573,26
2020-05-03,San Luis Obispo,079,281455,277,200,3,203,1
2020-05-03,San Mateo,081,765935,1526,1277,2,1279,53
2020-05-03,Santa Barbara,083,443738,568,512,3,515,7
2020-05-03,Santa Clara,085,1922200,2719,2235,8,2243,116
2020-05-03,Santa Cruz,087,273765,145,133,0,133,2
2020-05-03,Shasta,089,179085,40,31,0,31,4
2020-05-03,Sierra,091,2930,0,0,0,0,0
2020-05-03,Siskiyou,093,43540,5,5,0,5,0
2020-05-03,Solano,095,438530,392,266,0,266,4
2020-05-03,Sonoma,097,501317,305,254,0,254,4
2020-05-03,Stanislaus,099,539301,486,411,4,415,8
2020-05-03,Sutter,101,95872,31,28,0,28,2
2020-05-03,Tehama,103,63373,2,1,0,1,1
2020-05-03,Trinity,105,12862,1,0,0,0,0
2020-05-03,Tulare,107,460477,1283,736,6,742,40
2020-05-03,Tuolumne,109,53932,3,3,0,3,0
2020-05-03,Ventura,111,848112,776,583,1,584,19
2020-05-03,Yolo,113,214977,189,171,0,171,18
2020-05-03,Yuba,115,75493,19,16,0,16,1
2020-05-02,Alameda,001,1643700,2080,1678,2,1680,63
2020-05-02,Alpine,002,1148,1,1,0,1,0
2020-05-02,Amador,005,37829,8,8,0,8,0
2020-05-02,Butte,007,227075,29,17,2,19,0
2020-05-02,Calaveras,009,45235,13,13,0,13,0
2020-05-02,Colusa,011,21464,3,3,0,3,0
2020-05-02,Contra Costa,013,1133247,1057,929,0,929,28
2020-05-02,Del Norte,015,27424,5,3,0,3,0
2020-05-02,El Dorado,017,186661,64,47,0,47,0
2020-05-02,Fresno,019,978130,1257,629,13,642,8
2020-05-02,Glenn,021,27897,7,5,0,5,0
2020-05-02,Humboldt,023,135768,60,54,0,54,0
2020-05-02,Imperial,025,180216,661,345,0,345,6
2020-05-02,Inyo,027,18085,19,20,0,20,1
2020-05-02,Kern,029,883053,1309,1007,1,1008,8
2020-05-02,Kings,031,150075,288,120,0,120,1
2020-05-02,Lake,033,64148,9,7,0,7,0
2020-05-02,Lassen,035,31185,3,0,2,2,0
2020-05-02,Los Angeles,037,10098052,32275,24955,23,24978,1192
2020-05-02,Madera,039,155013,103,46,1,47,2
2020-05-02,Marin,041,260295,253,243,1,244,13
2020-05-02,Mariposa,043,17540,15,13,0,13,0
2020-05-02,Mendocino,045,87422,12,10,0,10,0
2020-05-02,Merced,047,269075,212,131,0,131,3
2020-05-02,Modoc,049,8938,0,0,0,0,0
2020-05-02,Mono,051,14174,32,25,0,25,1
2020-05-02,Monterey,053,433212,288,225,0,225,5
2020-05-02,Napa,055,140530,85,71,0,71,2
2020-05-02,Nevada,057,99092,41,41,1,42,1
2020-05-02,Orange,059,3164182,4232,2774,32,2806,52
2020-05-02,Placer,061,380077,180,150,0,150,8
2020-05-02,Plumas,063,18699,4,4,0,4,0
2020-05-02,Riverside,065,2383286,5119,3997,16,4013,137
2020-05-02,Sacramento,067,1510023,1157,1097,0,1097,43
2020-05-02,San Benito,069,59416,54,49,0,49,2
2020-05-02,San Bernardino,071,2135413,2928,2124,2,2126,99
2020-05-02,San Diego,073,3302833,4869,3844,0,3844,138
2020-05-02,San Francisco,075,870044,1942,1632,0,1632,29
2020-05-02,San Joaquin,077,732212,613,559,3,562,25
2020-05-02,San Luis Obispo,079,281455,271,193,3,196,1
2020-05-02,San Mateo,081,765935,1510,1272,2,1274,52
2020-05-02,Santa Barbara,083,443738,560,506,3,509,7
2020-05-02,Santa Clara,085,1922200,2709,2203,8,2211,115
2020-05-02,Santa Cruz,087,273765,144,131,0,131,2
2020-05-02,Shasta,089,179085,40,31,0,31,4
2020-05-02,Sierra,091,2930,0,0,0,0,0
2020-05-02,Siskiyou,093,43540,5,5,0,5,0
2020-05-02,Solano,095,438530,385,267,0,267,4
2020-05-02,Sonoma,097,501317,302,250,0,250,3
2020-05-02,Stanislaus,099,539301,478,388,4,392,8
2020-05-02,Sutter,101,95872,31,28,0,28,2
2020-05-02,Tehama,103,63373,2,1,0,1,1
2020-05-02,Trinity,105,12862,1,0,0,0,0
2020-05-02,Tulare,107,460477,1240,711,6,717,35
2020-05-02,Tuolumne,109,53932,3,3,0,3,0
2020-05-02,Ventura,111,848112,762,564,1,565,19
2020-05-02,Yolo,113,214977,189,169,0,169,17
2020-05-02,Yuba,115,75493,19,16,0,16,1
2020-05-01,Alameda,001,1643700,2042,1630,2,1632,63
2020-05-01,Alpine,002,1148,1,1,0,1,0
2020-05-01,Amador,005,37829,8,8,0,8,0
2020-05-01,Butte,007,227075,29,17,2,19,0
2020-05-01,Calaveras,009,45235,13,13,0,13,0
2020-05-01,Colusa,011,21464,3,3,0,3,0
2020-05-01,Contra Costa,013,1133247,1043,915,0,915,28
2020-05-01,Del Norte,015,27424,5,3,0,3,0
2020-05-01,El Dorado,017,186661,64,47,0,47,0
2020-05-01,Fresno,019,978130,1226,617,13,630,7
2020-05-01,Glenn,021,27897,7,4,0,4,0
2020-05-01,Humboldt,023,135768,60,54,0,54,0
2020-05-01,Imperial,025,180216,624,337,0,337,6
2020-05-01,Inyo,027,18085,19,20,0,20,1
2020-05-01,Kern,029,883053,1282,972,1,973,8
2020-05-01,Kings,031,150075,271,112,0,112,1
2020-05-01,Lake,033,64148,9,6,0,6,0
2020-05-01,Lassen,035,31185,3,0,2,2,0
2020-05-01,Los Angeles,037,10098052,31519,24306,23,24329,1155
2020-05-01,Madera,039,155013,99,46,1,47,2
2020-05-01,Marin,041,260295,253,242,1,243,13
2020-05-01,Mariposa,043,17540,15,10,0,10,0
2020-05-01,Mendocino,045,87422,12,11,0,11,0
2020-05-01,Merced,047,269075,209,131,0,131,3
2020-05-01,Modoc,049,8938,0,0,0,0,0
2020-05-01,Mono,051,14174,32,25,0,25,1
2020-05-01,Monterey,053,433212,284,222,0,222,5
2020-05-01,Napa,055,140530,85,69,0,69,2
2020-05-01,Nevada,057,99092,41,41,1,42,1
2020-05-01,Orange,059,3164182,4155,2660,30,2690,51
2020-05-01,Placer,061,380077,179,149,0,149,8
2020-05-01,Plumas,063,18699,4,4,0,4,0
2020-05-01,Riverside,065,2383286,5055,3893,16,3909,132
2020-05-01,Sacramento,067,1510023,1152,1081,0,1081,43
2020-05-01,San Benito,069,59416,54,49,0,49,2
2020-05-01,San Bernardino,071,2135413,2873,2084,2,2086,98
2020-05-01,San Diego,073,3302833,4778,3713,0,3713,134
2020-05-01,San Francisco,075,870044,1898,1552,0,1552,29
2020-05-01,San Joaquin,077,732212,609,554,3,557,25
2020-05-01,San Luis Obispo,079,281455,268,186,3,189,1
2020-05-01,San Mateo,081,765935,1488,1222,2,1224,52
2020-05-01,Santa Barbara,083,443738,554,499,2,501,7
2020-05-01,Santa Clara,085,1922200,2697,2176,8,2184,112
2020-05-01,Santa Cruz,087,273765,144,127,0,127,2
2020-05-01,Shasta,089,179085,40,31,0,31,4
2020-05-01,Sierra,091,2930,0,0,0,0,0
2020-05-01,Siskiyou,093,43540,5,5,0,5,0
2020-05-01,Solano,095,438530,377,266,0,266,4
2020-05-01,Sonoma,097,501317,299,242,0,242,3
2020-05-01,Stanislaus,099,539301,473,384,4,388,8
2020-05-01,Sutter,101,95872,31,28,0,28,2
2020-05-01,Tehama,103,63373,2,1,0,1,1
2020-05-01,Trinity,105,12862,1,0,0,0,0
2020-05-01,Tulare,107,460477,1196,685,6,691,32
2020-05-01,Tuolumne,109,53932,3,3,0,3,0
2020-05-01,Ventura,111,848112,749,556,1,557,18
2020-05-01,Yolo,113,214977,189,165,0,165,18
2020-05-01,Yuba,115,75493,19,16,0,16,1
2020-04-30,Alameda,001,1643700,1982,1599,2,1601,60
2020-04-30,Alpine,002,1148,1,1,0,1,0
2020-04-30,Amador,005,37829,8,8,0,8,0
2020-04-30,Butte,007,227075,29,16,2,18,0
2020-04-30,Calaveras,009,45235,13,13,0,13,0
2020-04-30,Colusa,011,21464,3,3,0,3,0
2020-04-30,Contra Costa,013,1133247,1021,900,0,900,25
2020-04-30,Del Norte,015,27424,4,3,0,3,0
2020-04-30,El Dorado,017,186661,64,44,0,44,0
2020-04-30,Fresno,019,978130,1161,562,10,572,7
2020-04-30,Glenn,021,27897,7,4,0,4,0
2020-04-30,Humboldt,023,135768,60,54,0,54,0
2020-04-30,Imperial,025,180216,578,322,0,322,6
2020-04-30,Inyo,027,18085,19,20,0,20,1
2020-04-30,Kern,029,883053,1250,941,1,942,8
2020-04-30,Kings,031,150075,259,87,0,87,1
2020-04-30,Lake,033,64148,9,6,0,6,0
2020-04-30,Lassen,035,31185,3,0,2,2,0
2020-04-30,Los Angeles,037,10098052,30510,23284,23,23307,1099
2020-04-30,Madera,039,155013,88,46,1,47,2
2020-04-30,Marin,041,260295,253,240,1,241,13
2020-04-30,Mariposa,043,17540,15,3,0,3,0
2020-04-30,Mendocino,045,87422,12,11,0,11,0
2020-04-30,Merced,047,269075,202,122,0,122,3
2020-04-30,Modoc,049,8938,0,0,0,0,0
2020-04-30,Mono,051,14174,31,25,0,25,1
2020-04-30,Monterey,053,433212,274,213,0,213,5
2020-04-30,Napa,055,140530,83,69,0,69,2
2020-04-30,Nevada,057,99092,41,41,1,42,1
2020-04-30,Orange,059,3164182,3933,2591,27,2618,46
2020-04-30,Placer,061,380077,178,148,0,148,8
2020-04-30,Plumas,063,18699,4,4,0,4,0
2020-04-30,Riverside,065,2383286,4955,3820,15,3835,124
2020-04-30,Sacramento,067,1510023,1146,1071,0,1071,43
2020-04-30,San Benito,069,59416,54,48,0,48,2
2020-04-30,San Bernardino,071,2135413,2671,2020,2,2022,96
2020-04-30,San Diego,073,3302833,4607,3566,0,3566,124
2020-04-30,San Francisco,075,870044,1864,1518,0,1518,26
2020-04-30,San Joaquin,077,732212,601,548,3,551,25
2020-04-30,San Luis Obispo,079,281455,265,182,3,185,1
2020-04-30,San Mateo,081,765935,1458,1194,2,1196,52
2020-04-30,Santa Barbara,083,443738,542,490,2,492,7
2020-04-30,Santa Clara,085,1922200,2657,2172,8,2180,111
2020-04-30,Santa Cruz,087,273765,143,126,0,126,2
2020-04-30,Shasta,089,179085,39,31,0,31,4
2020-04-30,Sierra,091,2930,0,0,0,0,0
2020-04-30,Siskiyou,093,43540,5,5,0,5,0
2020-04-30,Solano,095,438530,367,262,0,262,4
2020-04-30,Sonoma,097,501317,290,233,0,233,3
2020-04-30,Stanislaus,099,539301,466,378,4,382,7
2020-04-30,Sutter,101,95872,31,28,0,28,2
2020-04-30,Tehama,103,63373,1,1,0,1,1
2020-04-30,Trinity,105,12862,1,0,0,0,0
2020-04-30,Tulare,107,460477,1130,637,6,643,31
2020-04-30,Tuolumne,109,53932,3,3,0,3,0
2020-04-30,Ventura,111,848112,721,547,1,548,18
2020-04-30,Yolo,113,214977,188,164,0,164,16
2020-04-30,Yuba,115,75493,19,15,0,15,1
2020-04-29,Alameda,001,1643700,1924,1564,2,1566,60
2020-04-29,Alpine,002,1148,1,1,0,1,0
2020-04-29,Amador,005,37829,8,8,0,8,0
2020-04-29,Butte,007,227075,29,16,2,18,0
2020-04-29,Calaveras,009,45235,13,13,0,13,0
2020-04-29,Colusa,011,21464,3,3,0,3,0
2020-04-29,Contra Costa,013,1133247,1002,885,0,885,25
2020-04-29,Del Norte,015,27424,4,3,0,3,0
2020-04-29,El Dorado,017,186661,62,44,0,44,0
2020-04-29,Fresno,019,978130,1109,544,10,554,7
2020-04-29,Glenn,021,27897,7,4,0,4,0
2020-04-29,Humboldt,023,135768,60,53,0,53,0
2020-04-29,Imperial,025,180216,548,300,0,300,6
2020-04-29,Inyo,027,18085,19,20,0,20,1
2020-04-29,Kern,029,883053,1207,910,1,911,6
2020-04-29,Kings,031,150075,240,80,0,80,1
2020-04-29,Lake,033,64148,9,6,0,6,0
2020-04-29,Lassen,035,31185,3,0,2,2,0
2020-04-29,Los Angeles,037,10098052,29533,22560,22,22582,1043
2020-04-29,Madera,039,155013,86,45,1,46,2
2020-04-29,Marin,041,260295,250,234,1,235,13
2020-04-29,Mariposa,043,17540,15,1,0,1,0
2020-04-29,Mendocino,045,87422,12,11,0,11,0
2020-04-29,Merced,047,269075,195,116,0,116,3
2020-04-29,Modoc,049,8938,0,0,0,0,0
2020-04-29,Mono,051,14174,31,25,0,25,1
2020-04-29,Monterey,053,433212,266,204,0,204,5
2020-04-29,Napa,055,140530,81,68,0,68,2
2020-04-29,Nevada,057,99092,41,41,1,42,1
2020-04-29,Orange,059,3164182,3799,2421,26,2447,43
2020-04-29,Placer,061,380077,176,145,0,145,8
2020-04-29,Plumas,063,18699,4,4,0,4,0
2020-04-29,Riverside,065,2383286,4878,3700,15,3715,116
2020-04-29,Sacramento,067,1510023,1124,1055,0,1055,41
2020-04-29,San Benito,069,59416,54,48,0,48,2
2020-04-29,San Bernardino,071,2135413,2584,1975,1,1976,91
2020-04-29,San Diego,073,3302833,4465,3434,0,3434,120
2020-04-29,San Francisco,075,870044,1836,1489,0,1489,23
2020-04-29,San Joaquin,077,732212,593,540,3,543,25
2020-04-29,San Luis Obispo,079,281455,263,181,3,184,1
2020-04-29,San Mateo,081,765935,1432,1170,2,1172,50
2020-04-29,Santa Barbara,083,443738,529,477,2,479,7
2020-04-29,Santa Clara,085,1922200,2630,2147,8,2155,108
2020-04-29,Santa Cruz,087,273765,142,124,0,124,2
2020-04-29,Shasta,089,179085,38,31,0,31,4
2020-04-29,Sierra,091,2930,0,0,0,0,0
2020-04-29,Siskiyou,093,43540,5,5,0,5,0
2020-04-29,Solano,095,438530,330,252,0,252,3
2020-04-29,Sonoma,097,501317,282,230,0,230,2
2020-04-29,Stanislaus,099,539301,453,374,4,378,5
2020-04-29,Sutter,101,95872,31,28,0,28,2
2020-04-29,Tehama,103,63373,1,1,0,1,1
2020-04-29,Trinity,105,12862,1,0,0,0,0
2020-04-29,Tulare,107,460477,1057,615,5,620,30
2020-04-29,Tuolumne,109,53932,3,4,0,4,0
2020-04-29,Ventura,111,848112,697,530,1,531,18
2020-04-29,Yolo,113,214977,185,161,0,161,11
2020-04-29,Yuba,115,75493,19,15,0,15,1
2020-04-28,Alameda,001,1643700,1867,1525,2,1527,55
2020-04-28,Alpine,002,1148,1,1,0,1,0
2020-04-28,Amador,005,37829,8,8,0,8,0
2020-04-28,Butte,007,227075,29,16,2,18,0
2020-04-28,Calaveras,009,45235,13,13,0,13,0
2020-04-28,Colusa,011,21464,3,3,0,3,0
2020-04-28,Contra Costa,013,1133247,995,866,0,866,25
2020-04-28,Del Norte,015,27424,4,3,0,3,0
2020-04-28,El Dorado,017,186661,61,43,0,43,0
2020-04-28,Fresno,019,978130,1059,525,9,534,7
2020-04-28,Glenn,021,27897,5,4,0,4,0
2020-04-28,Humboldt,023,135768,59,53,0,53,0
2020-04-28,Imperial,025,180216,515,295,0,295,6
2020-04-28,Inyo,027,18085,19,20,0,20,1
2020-04-28,Kern,029,883053,1164,882,1,883,5
2020-04-28,Kings,031,150075,227,57,0,57,1
2020-04-28,Lake,033,64148,9,6,0,6,0
2020-04-28,Lassen,035,31185,3,0,2,2,0
2020-04-28,Los Angeles,037,10098052,28469,21029,22,21051,984
2020-04-28,Madera,039,155013,86,44,1,45,2
2020-04-28,Marin,041,260295,249,228,1,229,12
2020-04-28,Mariposa,043,17540,15,0,0,0,0
2020-04-28,Mendocino,045,87422,12,10,0,10,0
2020-04-28,Merced,047,269075,188,108,0,108,3
2020-04-28,Modoc,049,8938,0,0,0,0,0
2020-04-28,Mono,051,14174,31,25,0,25,1
2020-04-28,Monterey,053,433212,260,191,0,191,5
2020-04-28,Napa,055,140530,80,67,0,67,2
2020-04-28,Nevada,057,99092,41,41,1,42,1
2020-04-28,Orange,059,3164182,3636,2324,25,2349,42
2020-04-28,Placer,061,380077,166,143,0,143,8
2020-04-28,Plumas,063,18699,4,4,0,4,0
2020-04-28,Riverside,065,2383286,4783,3504,15,3519,113
2020-04-28,Sacramento,067,1510023,1109,1044,0,1044,41
2020-04-28,San Benito,069,59416,52,46,0,46,2
2020-04-28,San Bernardino,071,2135413,2507,1891,1,1892,89
2020-04-28,San Diego,073,3302833,4335,3316,0,3316,118
2020-04-28,San Francisco,075,870044,1801,1471,0,1471,23
2020-04-28,San Joaquin,077,732212,587,532,3,535,25
2020-04-28,San Luis Obispo,079,281455,255,172,3,175,1
2020-04-28,San Mateo,081,765935,1419,1129,2,1131,48
2020-04-28,Santa Barbara,083,443738,524,469,2,471,7
2020-04-28,Santa Clara,085,1922200,2596,2130,8,2138,106
2020-04-28,Santa Cruz,087,273765,142,123,0,123,2
2020-04-28,Shasta,089,179085,38,29,0,29,4
2020-04-28,Sierra,091,2930,0,0,0,0,0
2020-04-28,Siskiyou,093,43540,5,5,0,5,0
2020-04-28,Solano,095,438530,310,246,0,246,3
2020-04-28,Sonoma,097,501317,279,226,0,226,1
2020-04-28,Stanislaus,099,539301,437,330,4,334,5
2020-04-28,Sutter,101,95872,31,25,0,25,2
2020-04-28,Tehama,103,63373,1,1,0,1,1
2020-04-28,Trinity,105,12862,1,0,0,0,0
2020-04-28,Tulare,107,460477,960,579,5,584,30
2020-04-28,Tuolumne,109,53932,3,4,0,4,0
2020-04-28,Ventura,111,848112,677,517,1,518,17
2020-04-28,Yolo,113,214977,185,160,0,160,10
2020-04-28,Yuba,115,75493,19,15,0,15,1
2020-04-27,Alameda,001,1643700,1807,1494,2,1496,53
2020-04-27,Alpine,002,1148,1,1,0,1,0
2020-04-27,Amador,005,37829,8,8,0,8,0
2020-04-27,Butte,007,227075,28,16,2,18,0
2020-04-27,Calaveras,009,45235,13,13,0,13,0
2020-04-27,Colusa,011,21464,3,3,0,3,0
2020-04-27,Contra Costa,013,1133247,983,843,0,843,25
2020-04-27,Del Norte,015,27424,4,3,0,3,0
2020-04-27,El Dorado,017,186661,60,43,0,43,0
2020-04-27,Fresno,019,978130,957,504,8,512,7
2020-04-27,Glenn,021,27897,5,4,0,4,0
2020-04-27,Humboldt,023,135768,59,52,0,52,0
2020-04-27,Imperial,025,180216,485,290,0,290,6
2020-04-27,Inyo,027,18085,19,20,0,20,1
2020-04-27,Kern,029,883053,1125,865,1,866,4
2020-04-27,Kings,031,150075,204,48,0,48,1
2020-04-27,Lake,033,64148,8,6,0,6,0
2020-04-27,Lassen,035,31185,3,0,2,2,0
2020-04-27,Los Angeles,037,10098052,27449,20456,22,20478,931
2020-04-27,Madera,039,155013,84,42,1,43,2
2020-04-27,Marin,041,260295,244,227,1,228,12
2020-04-27,Mariposa,043,17540,14,0,0,0,0
2020-04-27,Mendocino,045,87422,12,10,0,10,0
2020-04-27,Merced,047,269075,185,108,0,108,3
2020-04-27,Modoc,049,8938,0,0,0,0,0
2020-04-27,Mono,051,14174,31,23,0,23,1
2020-04-27,Monterey,053,433212,253,185,0,185,4
2020-04-27,Napa,055,140530,77,64,0,64,2
2020-04-27,Nevada,057,99092,41,39,1,40,1
2020-04-27,Orange,059,3164182,3467,2198,25,2223,42
2020-04-27,Placer,061,380077,166,142,0,142,8
2020-04-27,Plumas,063,18699,4,4,0,4,0
2020-04-27,Riverside,065,2383286,4660,3381,15,3396,100
2020-04-27,Sacramento,067,1510023,1094,1035,0,1035,41
2020-04-27,San Benito,069,59416,50,45,0,45,2
2020-04-27,San Bernardino,071,2135413,2393,1742,1,1743,82
2020-04-27,San Diego,073,3302833,4209,3143,0,3143,113
2020-04-27,San Francisco,075,870044,1747,1453,0,1453,23
2020-04-27,San Joaquin,077,732212,581,522,3,525,25
2020-04-27,San Luis Obispo,079,281455,247,166,3,169,1
2020-04-27,San Mateo,081,765935,1397,1092,2,1094,46
2020-04-27,Santa Barbara,083,443738,516,466,2,468,7
2020-04-27,Santa Clara,085,1922200,2571,2104,7,2111,105
2020-04-27,Santa Cruz,087,273765,142,123,0,123,2
2020-04-27,Shasta,089,179085,38,29,0,29,4
2020-04-27,Sierra,091,2930,0,0,0,0,0
2020-04-27,Siskiyou,093,43540,5,5,0,5,0
2020-04-27,Solano,095,438530,310,222,0,222,3
2020-04-27,Sonoma,097,501317,270,220,0,220,1
2020-04-27,Stanislaus,099,539301,421,316,4,320,5
2020-04-27,Sutter,101,95872,29,26,0,26,2
2020-04-27,Tehama,103,63373,1,1,0,1,1
2020-04-27,Trinity,105,12862,1,0,0,0,0
2020-04-27,Tulare,107,460477,889,535,5,540,28
2020-04-27,Tuolumne,109,53932,3,3,0,3,0
2020-04-27,Ventura,111,848112,658,513,1,514,17
2020-04-27,Yolo,113,214977,182,160,0,160,9
2020-04-27,Yuba,115,75493,19,15,0,15,1
2020-04-26,Alameda,001,1643700,1746,1449,2,1451,52
2020-04-26,Alpine,002,1148,1,1,0,1,0
2020-04-26,Amador,005,37829,8,8,0,8,0
2020-04-26,Butte,007,227075,28,16,2,18,0
2020-04-26,Calaveras,009,45235,13,13,0,13,0
2020-04-26,Colusa,011,21464,3,3,0,3,0
2020-04-26,Contra Costa,013,1133247,967,830,0,830,25
2020-04-26,Del Norte,015,27424,3,3,0,3,0
2020-04-26,El Dorado,017,186661,58,41,0,41,0
2020-04-26,Fresno,019,978130,863,476,7,483,7
2020-04-26,Glenn,021,27897,5,4,0,4,0
2020-04-26,Humboldt,023,135768,59,53,0,53,0
2020-04-26,Imperial,025,180216,450,272,0,272,6
2020-04-26,Inyo,027,18085,19,20,0,20,1
2020-04-26,Kern,029,883053,1075,831,1,832,4
2020-04-26,Kings,031,150075,179,33,0,33,1
2020-04-26,Lake,033,64148,8,6,0,6,0
2020-04-26,Lassen,035,31185,3,0,2,2,0
2020-04-26,Los Angeles,037,10098052,26294,19570,22,19592,901
2020-04-26,Madera,039,155013,82,39,1,40,2
2020-04-26,Marin,041,260295,238,225,1,226,12
2020-04-26,Mariposa,043,17540,14,0,0,0,0
2020-04-26,Mendocino,045,87422,12,5,0,5,0
2020-04-26,Merced,047,269075,169,104,0,104,3
2020-04-26,Modoc,049,8938,0,0,0,0,0
2020-04-26,Mono,051,14174,31,23,0,23,1
2020-04-26,Monterey,053,433212,246,182,0,182,4
2020-04-26,Napa,055,140530,76,62,0,62,2
2020-04-26,Nevada,057,99092,41,37,1,38,1
2020-04-26,Orange,059,3164182,3302,2124,25,2149,40
2020-04-26,Placer,061,380077,165,141,0,141,8
2020-04-26,Plumas,063,18699,4,4,0,4,0
2020-04-26,Riverside,065,2383286,4517,3301,15,3316,95
2020-04-26,Sacramento,067,1510023,1085,1027,0,1027,41
2020-04-26,San Benito,069,59416,50,45,0,45,2
2020-04-26,San Bernardino,071,2135413,2297,1681,1,1682,82
2020-04-26,San Diego,073,3302833,4067,3045,0,3045,111
2020-04-26,San Francisco,075,870044,1708,1403,0,1403,23
2020-04-26,San Joaquin,077,732212,573,514,3,517,25
2020-04-26,San Luis Obispo,079,281455,244,165,3,168,1
2020-04-26,San Mateo,081,765935,1371,1070,2,1072,46
2020-04-26,Santa Barbara,083,443738,509,464,2,466,7
2020-04-26,Santa Clara,085,1922200,2548,2097,6,2103,102
2020-04-26,Santa Cruz,087,273765,142,116,0,116,2
2020-04-26,Shasta,089,179085,35,29,0,29,4
2020-04-26,Sierra,091,2930,0,0,0,0,0
2020-04-26,Siskiyou,093,43540,5,5,0,5,0
2020-04-26,Solano,095,438530,301,205,0,205,3
2020-04-26,Sonoma,097,501317,259,216,0,216,1
2020-04-26,Stanislaus,099,539301,406,294,4,298,4
2020-04-26,Sutter,101,95872,29,26,0,26,2
2020-04-26,Tehama,103,63373,1,1,0,1,1
2020-04-26,Trinity,105,12862,1,0,0,0,0
2020-04-26,Tulare,107,460477,830,497,5,502,28
2020-04-26,Tuolumne,109,53932,3,3,0,3,0
2020-04-26,Ventura,111,848112,640,509,1,510,17
2020-04-26,Yolo,113,214977,181,158,0,158,8
2020-04-26,Yuba,115,75493,18,15,0,15,1
2020-04-25,Alameda,001,1643700,1721,1396,2,1398,52
2020-04-25,Alpine,002,1148,1,1,0,1,0
2020-04-25,Amador,005,37829,8,8,0,8,0
2020-04-25,Butte,007,227075,27,16,2,18,0
2020-04-25,Calaveras,009,45235,13,12,0,12,0
2020-04-25,Colusa,011,21464,3,3,0,3,0
2020-04-25,Contra Costa,013,1133247,953,821,0,821,24
2020-04-25,Del Norte,015,27424,2,2,0,2,0
2020-04-25,El Dorado,017,186661,57,41,0,41,0
2020-04-25,Fresno,019,978130,831,459,6,465,7
2020-04-25,Glenn,021,27897,5,4,0,4,0
2020-04-25,Humboldt,023,135768,59,53,0,53,0
2020-04-25,Imperial,025,180216,433,232,0,232,6
2020-04-25,Inyo,027,18085,19,20,0,20,1
2020-04-25,Kern,029,883053,1044,802,1,803,4
2020-04-25,Kings,031,150075,167,33,0,33,1
2020-04-25,Lake,033,64148,6,6,0,6,0
2020-04-25,Lassen,035,31185,3,0,2,2,0
2020-04-25,Los Angeles,037,10098052,25661,19144,22,19166,881
2020-04-25,Madera,039,155013,79,39,1,40,2
2020-04-25,Marin,041,260295,238,215,1,216,12
2020-04-25,Mariposa,043,17540,14,0,0,0,0
2020-04-25,Mendocino,045,87422,11,5,0,5,0
2020-04-25,Merced,047,269075,167,103,0,103,3
2020-04-25,Modoc,049,8938,0,0,0,0,0
2020-04-25,Mono,051,14174,31,23,0,23,1
2020-04-25,Monterey,053,433212,244,173,0,173,4
2020-04-25,Napa,055,140530,76,60,0,60,2
2020-04-25,Nevada,057,99092,41,37,1,38,1
2020-04-25,Orange,059,3164182,3194,2047,25,2072,40
2020-04-25,Placer,061,380077,165,137,0,137,8
2020-04-25,Plumas,063,18699,4,4,0,4,0
2020-04-25,Riverside,065,2383286,4427,3037,15,3052,93
2020-04-25,Sacramento,067,1510023,1083,1015,0,1015,41
2020-04-25,San Benito,069,59416,50,45,0,45,2
2020-04-25,San Bernardino,071,2135413,2251,1675,1,1676,82
2020-04-25,San Diego,073,3302833,3966,2945,0,2945,111
2020-04-25,San Francisco,075,870044,1683,1341,0,1341,22
2020-04-25,San Joaquin,077,732212,566,497,3,500,24
2020-04-25,San Luis Obispo,079,281455,243,159,3,162,1
2020-04-25,San Mateo,081,765935,1353,1054,2,1056,46
2020-04-25,Santa Barbara,083,443738,502,457,2,459,7
2020-04-25,Santa Clara,085,1922200,2526,2045,5,2050,99
2020-04-25,Santa Cruz,087,273765,142,112,0,112,2
2020-04-25,Shasta,089,179085,35,29,0,29,4
2020-04-25,Sierra,091,2930,0,0,0,0,0
2020-04-25,Siskiyou,093,43540,5,5,0,5,0
2020-04-25,Solano,095,438530,297,203,0,203,3
2020-04-25,Sonoma,097,501317,254,199,0,199,1
2020-04-25,Stanislaus,099,539301,398,276,4,280,4
2020-04-25,Sutter,101,95872,29,24,0,24,2
2020-04-25,Tehama,103,63373,1,1,0,1,1
2020-04-25,Trinity,105,12862,0,0,0,0,0
2020-04-25,Tulare,107,460477,797,478,5,483,28
2020-04-25,Tuolumne,109,53932,3,2,0,2,0
2020-04-25,Ventura,111,848112,626,494,1,495,16
2020-04-25,Yolo,113,214977,181,157,0,157,8
2020-04-25,Yuba,115,75493,17,15,0,15,1
2020-04-24,Alameda,001,1643700,1690,1385,2,1387,50
2020-04-24,Alpine,002,1148,1,1,0,1,0
2020-04-24,Amador,005,37829,8,8,0,8,0
2020-04-24,Butte,007,227075,26,15,2,17,0
2020-04-24,Calaveras,009,45235,13,12,0,12,0
2020-04-24,Colusa,011,21464,3,3,0,3,0
2020-04-24,Contra Costa,013,1133247,944,806,0,806,23
2020-04-24,Del Norte,015,27424,2,2,0,2,0
2020-04-24,El Dorado,017,186661,56,41,0,41,0
2020-04-24,Fresno,019,978130,808,449,6,455,7
2020-04-24,Glenn,021,27897,5,4,0,4,0
2020-04-24,Humboldt,023,135768,59,53,0,53,0
2020-04-24,Imperial,025,180216,416,232,0,232,6
2020-04-24,Inyo,027,18085,19,20,0,20,0
2020-04-24,Kern,029,883053,1020,770,1,771,4
2020-04-24,Kings,031,150075,138,30,0,30,1
2020-04-24,Lake,033,64148,6,6,0,6,0
2020-04-24,Lassen,035,31185,3,0,2,2,0
2020-04-24,Los Angeles,037,10098052,24731,18553,22,18575,836
2020-04-24,Madera,039,155013,79,39,1,40,2
2020-04-24,Marin,041,260295,238,211,1,212,11
2020-04-24,Mariposa,043,17540,8,0,0,0,0
2020-04-24,Mendocino,045,87422,11,5,0,5,0
2020-04-24,Merced,047,269075,164,102,0,102,3
2020-04-24,Modoc,049,8938,0,0,0,0,0
2020-04-24,Mono,051,14174,30,23,0,23,1
2020-04-24,Monterey,053,433212,237,167,0,167,4
2020-04-24,Napa,055,140530,75,59,0,59,2
2020-04-24,Nevada,057,99092,41,36,1,37,1
2020-04-24,Orange,059,3164182,3087,1945,25,1970,39
2020-04-24,Placer,061,380077,163,137,0,137,8
2020-04-24,Plumas,063,18699,4,4,0,4,0
2020-04-24,Riverside,065,2383286,4346,3044,15,3059,87
2020-04-24,Sacramento,067,1510023,1077,1009,0,1009,41
2020-04-24,San Benito,069,59416,50,45,0,45,2
2020-04-24,San Bernardino,071,2135413,2216,1667,1,1668,80
2020-04-24,San Diego,073,3302833,3855,2828,0,2828,102
2020-04-24,San Francisco,075,870044,1625,1345,0,1345,22
2020-04-24,San Joaquin,077,732212,559,484,3,487,24
2020-04-24,San Luis Obispo,079,281455,240,151,3,154,1
2020-04-24,San Mateo,081,765935,1330,1004,2,1006,43
2020-04-24,Santa Barbara,083,443738,496,450,2,452,6
2020-04-24,Santa Clara,085,1922200,2484,2026,5,2031,98
2020-04-24,Santa Cruz,087,273765,138,111,0,111,2
2020-04-24,Shasta,089,179085,35,28,0,28,4
2020-04-24,Sierra,091,2930,0,0,0,0,0
2020-04-24,Siskiyou,093,43540,5,5,0,5,0
2020-04-24,Solano,095,438530,294,203,0,203,3
2020-04-24,Sonoma,097,501317,250,199,0,199,1
2020-04-24,Stanislaus,099,539301,395,273,4,277,4
2020-04-24,Sutter,101,95872,28,24,0,24,2
2020-04-24,Tehama,103,63373,1,1,0,1,1
2020-04-24,Trinity,105,12862,0,0,0,0,0
2020-04-24,Tulare,107,460477,769,459,5,464,27
2020-04-24,Tuolumne,109,53932,3,2,0,2,0
2020-04-24,Ventura,111,848112,616,489,1,490,16
2020-04-24,Yolo,113,214977,180,155,0,155,8
2020-04-24,Yuba,115,75493,16,15,0,15,1
2020-04-23,Alameda,001,1643700,1652,1336,2,1338,46
2020-04-23,Alpine,002,1148,1,1,0,1,0
2020-04-23,Amador,005,37829,8,8,0,8,0
2020-04-23,Butte,007,227075,26,15,2,17,0
2020-04-23,Calaveras,009,45235,13,12,0,12,0
2020-04-23,Colusa,011,21464,3,3,0,3,0
2020-04-23,Contra Costa,013,1133247,923,786,0,786,23
2020-04-23,Del Norte,015,27424,2,2,0,2,0
2020-04-23,El Dorado,017,186661,55,39,0,39,0
2020-04-23,Fresno,019,978130,771,426,6,432,7
2020-04-23,Glenn,021,27897,5,3,0,3,0
2020-04-23,Humboldt,023,135768,59,53,0,53,0
2020-04-23,Imperial,025,180216,397,181,0,181,4
2020-04-23,Inyo,027,18085,19,19,0,19,0
2020-04-23,Kern,029,883053,972,732,1,733,4
2020-04-23,Kings,031,150075,123,28,0,28,1
2020-04-23,Lake,033,64148,6,6,0,6,0
2020-04-23,Lassen,035,31185,3,0,2,2,0
2020-04-23,Los Angeles,037,10098052,23669,17548,21,17569,784
2020-04-23,Madera,039,155013,77,37,1,38,2
2020-04-23,Marin,041,260295,225,209,1,210,11
2020-04-23,Mariposa,043,17540,7,0,0,0,0
2020-04-23,Mendocino,045,87422,9,5,0,5,0
2020-04-23,Merced,047,269075,160,98,0,98,3
2020-04-23,Modoc,049,8938,0,0,0,0,0
2020-04-23,Mono,051,14174,30,23,0,23,1
2020-04-23,Monterey,053,433212,233,161,0,161,4
2020-04-23,Napa,055,140530,68,59,0,59,2
2020-04-23,Nevada,057,99092,41,36,1,37,1
2020-04-23,Orange,059,3164182,2908,1841,24,1865,37
2020-04-23,Placer,061,380077,160,136,0,136,8
2020-04-23,Plumas,063,18699,4,4,0,4,0
2020-04-23,Riverside,065,2383286,4232,2935,14,2949,78
2020-04-23,Sacramento,067,1510023,1065,978,0,978,41
2020-04-23,San Benito,069,59416,47,43,0,43,2
2020-04-23,San Bernardino,071,2135413,2151,1604,1,1605,79
2020-04-23,San Diego,073,3302833,3694,2645,0,2645,100
2020-04-23,San Francisco,075,870044,1600,1312,0,1312,21
2020-04-23,San Joaquin,077,732212,549,479,3,482,20
2020-04-23,San Luis Obispo,079,281455,236,146,3,149,1
2020-04-23,San Mateo,081,765935,1291,970,2,972,42
2020-04-23,Santa Barbara,083,443738,490,445,2,447,6
2020-04-23,Santa Clara,085,1922200,2449,1996,5,2001,95
2020-04-23,Santa Cruz,087,273765,137,110,0,110,2
2020-04-23,Shasta,089,179085,35,27,0,27,3
2020-04-23,Sierra,091,2930,0,0,0,0,0
2020-04-23,Siskiyou,093,43540,5,5,0,5,0
2020-04-23,Solano,095,438530,275,196,0,196,3
2020-04-23,Sonoma,097,501317,238,187,0,187,1
2020-04-23,Stanislaus,099,539301,391,254,4,258,4
2020-04-23,Sutter,101,95872,28,24,0,24,2
2020-04-23,Tehama,103,63373,1,1,0,1,1
2020-04-23,Trinity,105,12862,0,0,0,0,0
2020-04-23,Tulare,107,460477,740,440,5,445,25
2020-04-23,Tuolumne,109,53932,3,2,0,2,0
2020-04-23,Ventura,111,848112,602,479,1,480,16
2020-04-23,Yolo,113,214977,177,151,0,151,8
2020-04-23,Yuba,115,75493,16,15,0,15,1
2020-04-22,Alameda,001,1643700,1603,1275,2,1277,46
2020-04-22,Alpine,002,1148,1,1,0,1,0
2020-04-22,Amador,005,37829,8,7,0,7,0
2020-04-22,Butte,007,227075,25,15,2,17,0
2020-04-22,Calaveras,009,45235,13,12,0,12,0
2020-04-22,Colusa,011,21464,3,3,0,3,0
2020-04-22,Contra Costa,013,1133247,908,772,0,772,22
2020-04-22,Del Norte,015,27424,2,2,0,2,0
2020-04-22,El Dorado,017,186661,55,39,0,39,0
2020-04-22,Fresno,019,978130,731,388,6,394,7
2020-04-22,Glenn,021,27897,5,3,0,3,0
2020-04-22,Humboldt,023,135768,59,53,0,53,0
2020-04-22,Imperial,025,180216,386,170,0,170,3
2020-04-22,Inyo,027,18085,19,18,0,18,0
2020-04-22,Kern,029,883053,950,713,1,714,4
2020-04-22,Kings,031,150075,102,28,0,28,1
2020-04-22,Lake,033,64148,6,6,0,6,0
2020-04-22,Lassen,035,31185,3,0,2,2,0
2020-04-22,Los Angeles,037,10098052,22643,16400,21,16421,715
2020-04-22,Madera,039,155013,75,37,1,38,2
2020-04-22,Marin,041,260295,223,202,1,203,11
2020-04-22,Mariposa,043,17540,6,0,0,0,0
2020-04-22,Mendocino,045,87422,6,5,0,5,0
2020-04-22,Merced,047,269075,146,92,0,92,3
2020-04-22,Modoc,049,8938,0,0,0,0,0
2020-04-22,Mono,051,14174,29,23,0,23,1
2020-04-22,Monterey,053,433212,226,154,0,154,4
2020-04-22,Napa,055,140530,67,58,0,58,2
2020-04-22,Nevada,057,99092,41,36,1,37,1
2020-04-22,Orange,059,3164182,2814,1785,23,1808,36
2020-04-22,Placer,061,380077,158,133,0,133,8
2020-04-22,Plumas,063,18699,4,4,0,4,0
2020-04-22,Riverside,065,2383286,4128,2822,14,2836,76
2020-04-22,Sacramento,067,1510023,1060,959,0,959,36
2020-04-22,San Benito,069,59416,46,43,0,43,2
2020-04-22,San Bernardino,071,2135413,2088,1564,1,1565,74
2020-04-22,San Diego,073,3302833,3566,2493,0,2493,96
2020-04-22,San Francisco,075,870044,1563,1255,0,1255,21
2020-04-22,San Joaquin,077,732212,538,462,3,465,20
2020-04-22,San Luis Obispo,079,281455,227,142,3,145,1
2020-04-22,San Mateo,081,765935,1268,945,2,947,40
2020-04-22,Santa Barbara,083,443738,485,437,2,439,6
2020-04-22,Santa Clara,085,1922200,2433,1969,5,1974,95
2020-04-22,Santa Cruz,087,273765,133,106,0,106,2
2020-04-22,Shasta,089,179085,34,26,0,26,3
2020-04-22,Sierra,091,2930,0,0,0,0,0
2020-04-22,Siskiyou,093,43540,5,5,0,5,0
2020-04-22,Solano,095,438530,254,195,0,195,3
2020-04-22,Sonoma,097,501317,235,185,0,185,1
2020-04-22,Stanislaus,099,539301,334,247,4,251,4
2020-04-22,Sutter,101,95872,28,22,0,22,2
2020-04-22,Tehama,103,63373,1,1,0,1,1
2020-04-22,Trinity,105,12862,0,0,0,0,0
2020-04-22,Tulare,107,460477,706,425,5,430,23
2020-04-22,Tuolumne,109,53932,3,2,0,2,0
2020-04-22,Ventura,111,848112,591,465,1,466,15
2020-04-22,Yolo,113,214977,176,147,0,147,8
2020-04-22,Yuba,115,75493,16,15,0,15,1
2020-04-21,Alameda,001,1643700,1573,1234,2,1236,46
2020-04-21,Alpine,002,1148,1,1,0,1,0
2020-04-21,Amador,005,37829,8,7,0,7,0
2020-04-21,Butte,007,227075,24,15,2,17,0
2020-04-21,Calaveras,009,45235,12,12,0,12,0
2020-04-21,Colusa,011,21464,3,3,0,3,0
2020-04-21,Contra Costa,013,1133247,894,766,0,766,22
2020-04-21,Del Norte,015,27424,2,2,0,2,0
2020-04-21,El Dorado,017,186661,54,36,0,36,0
2020-04-21,Fresno,019,978130,697,372,6,378,7
2020-04-21,Glenn,021,27897,5,3,0,3,0
2020-04-21,Humboldt,023,135768,58,53,0,53,0
2020-04-21,Imperial,025,180216,366,165,0,165,2
2020-04-21,Inyo,027,18085,19,18,0,18,0
2020-04-21,Kern,029,883053,908,676,1,677,4
2020-04-21,Kings,031,150075,88,28,0,28,1
2020-04-21,Lake,033,64148,6,6,0,6,0
2020-04-21,Lassen,035,31185,3,0,2,2,0
2020-04-21,Los Angeles,037,10098052,21780,15096,21,15117,650
2020-04-21,Madera,039,155013,75,37,1,38,2
2020-04-21,Marin,041,260295,217,202,1,203,10
2020-04-21,Mariposa,043,17540,5,0,0,0,0
2020-04-21,Mendocino,045,87422,6,5,0,5,0
2020-04-21,Merced,047,269075,142,89,0,89,3
2020-04-21,Modoc,049,8938,0,0,0,0,0
2020-04-21,Mono,051,14174,29,23,0,23,1
2020-04-21,Monterey,053,433212,223,151,0,151,4
2020-04-21,Napa,055,140530,66,58,0,58,2
2020-04-21,Nevada,057,99092,41,36,1,37,1
2020-04-21,Orange,059,3164182,2691,1717,22,1739,36
2020-04-21,Placer,061,380077,156,133,0,133,8
2020-04-21,Plumas,063,18699,4,4,0,4,0
2020-04-21,Riverside,065,2383286,3995,2631,14,2645,68
2020-04-21,Sacramento,067,1510023,1050,941,0,941,33
2020-04-21,San Benito,069,59416,44,43,0,43,2
2020-04-21,San Bernardino,071,2135413,2028,1499,1,1500,71
2020-04-21,San Diego,073,3302833,3410,2436,0,2436,87
2020-04-21,San Francisco,075,870044,1533,1232,0,1232,20
2020-04-21,San Joaquin,077,732212,528,447,3,450,20
2020-04-21,San Luis Obispo,079,281455,219,134,3,137,1
2020-04-21,San Mateo,081,765935,1222,933,2,935,34
2020-04-21,Santa Barbara,083,443738,476,414,2,416,5
2020-04-21,Santa Clara,085,1922200,2383,1943,5,1948,91
2020-04-21,Santa Cruz,087,273765,131,104,0,104,2
2020-04-21,Shasta,089,179085,33,26,0,26,3
2020-04-21,Sierra,091,2930,0,0,0,0,0
2020-04-21,Siskiyou,093,43540,5,5,0,5,0
2020-04-21,Solano,095,438530,246,193,0,193,3
2020-04-21,Sonoma,097,501317,225,182,0,182,1
2020-04-21,Stanislaus,099,539301,315,235,4,239,4
2020-04-21,Sutter,101,95872,28,22,0,22,2
2020-04-21,Tehama,103,63373,1,1,0,1,1
2020-04-21,Trinity,105,12862,0,0,0,0,0
2020-04-21,Tulare,107,460477,669,410,5,415,23
2020-04-21,Tuolumne,109,53932,3,2,0,2,0
2020-04-21,Ventura,111,848112,579,455,1,456,14
2020-04-21,Yolo,113,214977,174,143,0,143,8
2020-04-21,Yuba,115,75493,16,15,0,15,1
2020-04-20,Alameda,001,1643700,1540,1181,2,1183,42
2020-04-20,Alpine,002,1148,1,1,0,1,0
2020-04-20,Amador,005,37829,8,7,0,7,0
2020-04-20,Butte,007,227075,23,15,2,17,0
2020-04-20,Calaveras,009,45235,12,12,0,12,0
2020-04-20,Colusa,011,21464,3,3,0,3,0
2020-04-20,Contra Costa,013,1133247,884,753,0,753,22
2020-04-20,Del Norte,015,27424,2,2,0,2,0
2020-04-20,El Dorado,017,186661,54,36,0,36,0
2020-04-20,Fresno,019,978130,679,356,6,362,7
2020-04-20,Glenn,021,27897,4,3,0,3,0
2020-04-20,Humboldt,023,135768,58,53,0,53,0
2020-04-20,Imperial,025,180216,347,149,0,149,2
2020-04-20,Inyo,027,18085,19,17,0,17,0
2020-04-20,Kern,029,883053,876,651,1,652,3
2020-04-20,Kings,031,150075,77,19,0,19,1
2020-04-20,Lake,033,64148,6,6,0,6,0
2020-04-20,Lassen,035,31185,3,0,2,2,0
2020-04-20,Los Angeles,037,10098052,20869,13787,20,13807,608
2020-04-20,Madera,039,155013,74,35,1,36,2
2020-04-20,Marin,041,260295,213,200,1,201,10
2020-04-20,Mariposa,043,17540,5,0,0,0,0
2020-04-20,Mendocino,045,87422,6,5,0,5,0
2020-04-20,Merced,047,269075,135,88,0,88,3
2020-04-20,Modoc,049,8938,0,0,0,0,0
2020-04-20,Mono,051,14174,29,23,0,23,1
2020-04-20,Monterey,053,433212,214,147,0,147,4
2020-04-20,Napa,055,140530,66,55,0,55,2
2020-04-20,Nevada,057,99092,41,34,1,35,1
2020-04-20,Orange,059,3164182,2607,1679,22,1701,33
2020-04-20,Placer,061,380077,155,132,0,132,8
2020-04-20,Plumas,063,18699,4,4,0,4,0
2020-04-20,Riverside,065,2383286,3870,2477,14,2491,61
2020-04-20,Sacramento,067,1510023,1040,924,0,924,32
2020-04-20,San Benito,069,59416,44,43,0,43,2
2020-04-20,San Bernardino,071,2135413,1941,1344,1,1345,63
2020-04-20,San Diego,073,3302833,3268,2327,0,2327,72
2020-04-20,San Francisco,075,870044,1501,1223,0,1223,19
2020-04-20,San Joaquin,077,732212,524,422,3,425,17
2020-04-20,San Luis Obispo,079,281455,205,132,3,135,1
2020-04-20,San Mateo,081,765935,1199,890,2,892,31
2020-04-20,Santa Barbara,083,443738,469,388,2,390,4
2020-04-20,Santa Clara,085,1922200,2352,1920,5,1925,84
2020-04-20,Santa Cruz,087,273765,129,102,0,102,2
2020-04-20,Shasta,089,179085,33,26,0,26,3
2020-04-20,Sierra,091,2930,0,0,0,0,0
2020-04-20,Siskiyou,093,43540,5,5,0,5,0
2020-04-20,Solano,095,438530,243,185,0,185,2
2020-04-20,Sonoma,097,501317,217,178,0,178,1
2020-04-20,Stanislaus,099,539301,301,228,4,232,3
2020-04-20,Sutter,101,95872,27,22,0,22,2
2020-04-20,Tehama,103,63373,1,1,0,1,1
2020-04-20,Trinity,105,12862,0,0,0,0,0
2020-04-20,Tulare,107,460477,659,401,5,406,20
2020-04-20,Tuolumne,109,53932,3,2,0,2,0
2020-04-20,Ventura,111,848112,565,426,1,427,13
2020-04-20,Yolo,113,214977,173,125,0,125,5
2020-04-20,Yuba,115,75493,16,15,0,15,1
2020-04-19,Alameda,001,1643700,1490,1134,2,1136,41
2020-04-19,Alpine,002,1148,1,1,0,1,0
2020-04-19,Amador,005,37829,7,7,0,7,0
2020-04-19,Butte,007,227075,22,15,2,17,0
2020-04-19,Calaveras,009,45235,12,12,0,12,0
2020-04-19,Colusa,011,21464,3,3,0,3,0
2020-04-19,Contra Costa,013,1133247,868,731,0,731,20
2020-04-19,Del Norte,015,27424,2,2,0,2,0
2020-04-19,El Dorado,017,186661,54,36,0,36,0
2020-04-19,Fresno,019,978130,643,326,6,332,7
2020-04-19,Glenn,021,27897,4,3,0,3,0
2020-04-19,Humboldt,023,135768,58,53,0,53,0
2020-04-19,Imperial,025,180216,319,144,0,144,2
2020-04-19,Inyo,027,18085,19,17,0,17,0
2020-04-19,Kern,029,883053,851,629,1,630,3
2020-04-19,Kings,031,150075,67,17,0,17,1
2020-04-19,Lake,033,64148,6,6,0,6,0
2020-04-19,Lassen,035,31185,3,0,2,2,0
2020-04-19,Los Angeles,037,10098052,19862,12299,20,12319,589
2020-04-19,Madera,039,155013,72,34,1,35,2
2020-04-19,Marin,041,260295,212,194,1,195,10
2020-04-19,Mariposa,043,17540,2,0,0,0,0
2020-04-19,Mendocino,045,87422,6,4,0,4,0
2020-04-19,Merced,047,269075,130,85,0,85,3
2020-04-19,Modoc,049,8938,0,0,0,0,0
2020-04-19,Mono,051,14174,29,23,0,23,1
2020-04-19,Monterey,053,433212,205,140,0,140,4
2020-04-19,Napa,055,140530,64,49,0,49,2
2020-04-19,Nevada,057,99092,40,34,1,35,1
2020-04-19,Orange,059,3164182,2510,1591,21,1612,32
2020-04-19,Placer,061,380077,154,131,0,131,8
2020-04-19,Plumas,063,18699,4,4,0,4,0
2020-04-19,Riverside,065,2383286,3727,2316,14,2330,56
2020-04-19,Sacramento,067,1510023,1013,912,0,912,32
2020-04-19,San Benito,069,59416,42,40,0,40,2
2020-04-19,San Bernardino,071,2135413,1878,1262,1,1263,58
2020-04-19,San Diego,073,3302833,3101,2270,0,2270,71
2020-04-19,San Francisco,075,870044,1468,1153,0,1153,19
2020-04-19,San Joaquin,077,732212,506,404,3,407,17
2020-04-19,San Luis Obispo,079,281455,200,132,3,135,1
2020-04-19,San Mateo,081,765935,1163,845,2,847,31
2020-04-19,Santa Barbara,083,443738,462,377,2,379,3
2020-04-19,Santa Clara,085,1922200,2307,1878,5,1883,81
2020-04-19,Santa Cruz,087,273765,126,98,0,98,2
2020-04-19,Shasta,089,179085,31,26,0,26,3
2020-04-19,Sierra,091,2930,0,0,0,0,0
2020-04-19,Siskiyou,093,43540,5,5,0,5,0
2020-04-19,Solano,095,438530,233,174,0,174,2
2020-04-19,Sonoma,097,501317,211,172,0,172,1
2020-04-19,Stanislaus,099,539301,293,221,4,225,3
2020-04-19,Sutter,101,95872,26,21,0,21,2
2020-04-19,Tehama,103,63373,1,1,0,1,1
2020-04-19,Trinity,105,12862,0,0,0,0,0
2020-04-19,Tulare,107,460477,613,391,5,396,17
2020-04-19,Tuolumne,109,53932,3,2,0,2,0
2020-04-19,Ventura,111,848112,557,418,1,419,13
2020-04-19,Yolo,113,214977,173,120,0,120,5
2020-04-19,Yuba,115,75493,16,15,0,15,1
2020-04-18,Alameda,001,1643700,1465,1085,2,1087,40
2020-04-18,Alpine,002,1148,1,1,0,1,0
2020-04-18,Amador,005,37829,7,7,0,7,0
2020-04-18,Butte,007,227075,21,15,2,17,0
2020-04-18,Calaveras,009,45235,12,12,0,12,0
2020-04-18,Colusa,011,21464,3,3,0,3,0
2020-04-18,Contra Costa,013,1133247,856,721,0,721,17
2020-04-18,Del Norte,015,27424,2,2,0,2,0
2020-04-18,El Dorado,017,186661,54,36,0,36,0
2020-04-18,Fresno,019,978130,622,319,6,325,7
2020-04-18,Glenn,021,27897,4,3,0,3,0
2020-04-18,Humboldt,023,135768,58,52,0,52,0
2020-04-18,Imperial,025,180216,309,137,0,137,2
2020-04-18,Inyo,027,18085,19,17,0,17,0
2020-04-18,Kern,029,883053,829,626,1,627,3
2020-04-18,Kings,031,150075,66,17,0,17,1
2020-04-18,Lake,033,64148,6,6,0,6,0
2020-04-18,Lassen,035,31185,3,0,2,2,0
2020-04-18,Los Angeles,037,10098052,19333,11984,20,12004,566
2020-04-18,Madera,039,155013,71,34,1,35,2
2020-04-18,Marin,041,260295,210,193,1,194,10
2020-04-18,Mariposa,043,17540,2,0,0,0,0
2020-04-18,Mendocino,045,87422,6,4,0,4,0
2020-04-18,Merced,047,269075,128,82,0,82,3
2020-04-18,Modoc,049,8938,0,0,0,0,0
2020-04-18,Mono,051,14174,29,22,0,22,1
2020-04-18,Monterey,053,433212,201,135,0,135,3
2020-04-18,Napa,055,140530,64,49,0,49,2
2020-04-18,Nevada,057,99092,39,34,1,35,1
2020-04-18,Orange,059,3164182,2445,1569,20,1589,32
2020-04-18,Placer,061,380077,152,130,0,130,8
2020-04-18,Plumas,063,18699,4,4,0,4,0
2020-04-18,Riverside,065,2383286,3652,2257,14,2271,56
2020-04-18,Sacramento,067,1510023,1001,901,0,901,32
2020-04-18,San Benito,069,59416,42,40,0,40,2
2020-04-18,San Bernardino,071,2135413,1833,1255,1,1256,58
2020-04-18,San Diego,073,3302833,2999,2215,0,2215,71
2020-04-18,San Francisco,075,870044,1429,1144,0,1144,19
2020-04-18,San Joaquin,077,732212,497,392,3,395,17
2020-04-18,San Luis Obispo,079,281455,196,129,3,132,1
2020-04-18,San Mateo,081,765935,1141,821,2,823,31
2020-04-18,Santa Barbara,083,443738,456,372,2,374,3
2020-04-18,Santa Clara,085,1922200,2274,1862,5,1867,79
2020-04-18,Santa Cruz,087,273765,124,96,0,96,2
2020-04-18,Shasta,089,179085,31,26,0,26,3
2020-04-18,Sierra,091,2930,0,0,0,0,0
2020-04-18,Siskiyou,093,43540,5,5,0,5,0
2020-04-18,Solano,095,438530,229,175,0,175,2
2020-04-18,Sonoma,097,501317,207,168,0,168,1
2020-04-18,Stanislaus,099,539301,285,216,4,220,3
2020-04-18,Sutter,101,95872,26,21,0,21,2
2020-04-18,Tehama,103,63373,1,1,0,1,1
2020-04-18,Trinity,105,12862,0,0,0,0,0
2020-04-18,Tulare,107,460477,602,385,5,390,17
2020-04-18,Tuolumne,109,53932,3,2,0,2,0
2020-04-18,Ventura,111,848112,549,416,1,417,13
2020-04-18,Yolo,113,214977,171,118,0,118,5
2020-04-18,Yuba,115,75493,16,14,0,14,1
2020-04-17,Alameda,001,1643700,1410,1043,1,1044,40
2020-04-17,Alpine,002,1148,1,1,0,1,0
2020-04-17,Amador,005,37829,7,7,0,7,0
2020-04-17,Butte,007,227075,21,15,2,17,0
2020-04-17,Calaveras,009,45235,12,11,0,11,0
2020-04-17,Colusa,011,21464,3,3,0,3,0
2020-04-17,Contra Costa,013,1133247,845,687,0,687,15
2020-04-17,Del Norte,015,27424,2,2,0,2,0
2020-04-17,El Dorado,017,186661,54,35,0,35,0
2020-04-17,Fresno,019,978130,600,315,6,321,7
2020-04-17,Glenn,021,27897,4,3,0,3,0
2020-04-17,Humboldt,023,135768,57,52,0,52,0
2020-04-17,Imperial,025,180216,300,135,0,135,2
2020-04-17,Inyo,027,18085,19,17,0,17,0
2020-04-17,Kern,029,883053,809,612,1,613,3
2020-04-17,Kings,031,150075,64,15,0,15,1
2020-04-17,Lake,033,64148,6,6,0,6,0
2020-04-17,Lassen,035,31185,3,0,2,2,0
2020-04-17,Los Angeles,037,10098052,18693,11354,20,11374,489
2020-04-17,Madera,039,155013,71,34,1,35,2
2020-04-17,Marin,041,260295,207,189,1,190,10
2020-04-17,Mariposa,043,17540,1,0,0,0,0
2020-04-17,Mendocino,045,87422,6,4,0,4,0
2020-04-17,Merced,047,269075,127,80,0,80,3
2020-04-17,Modoc,049,8938,0,0,0,0,0
2020-04-17,Mono,051,14174,29,22,0,22,1
2020-04-17,Monterey,053,433212,196,119,0,119,3
2020-04-17,Napa,055,140530,62,46,0,46,2
2020-04-17,Nevada,057,99092,38,34,1,35,1
2020-04-17,Orange,059,3164182,2394,1496,20,1516,31
2020-04-17,Placer,061,380077,152,130,0,130,8
2020-04-17,Plumas,063,18699,4,4,0,4,0
2020-04-17,Riverside,065,2383286,3525,2080,14,2094,50
2020-04-17,Sacramento,067,1510023,994,882,0,882,32
2020-04-17,San Benito,069,59416,42,38,0,38,2
2020-04-17,San Bernardino,071,2135413,1794,1229,1,1230,57
2020-04-17,San Diego,073,3302833,2909,2160,0,2160,70
2020-04-17,San Francisco,075,870044,1404,1090,0,1090,19
2020-04-17,San Joaquin,077,732212,486,356,3,359,17
2020-04-17,San Luis Obispo,079,281455,189,116,3,119,1
2020-04-17,San Mateo,081,765935,1125,768,2,770,31
2020-04-17,Santa Barbara,083,443738,451,349,2,351,3
2020-04-17,Santa Clara,085,1922200,2238,1834,5,1839,74
2020-04-17,Santa Cruz,087,273765,123,94,0,94,2
2020-04-17,Shasta,089,179085,31,26,0,26,3
2020-04-17,Sierra,091,2930,0,0,0,0,0
2020-04-17,Siskiyou,093,43540,5,5,0,5,0
2020-04-17,Solano,095,438530,228,173,0,173,2
2020-04-17,Sonoma,097,501317,204,167,0,167,1
2020-04-17,Stanislaus,099,539301,283,201,4,205,3
2020-04-17,Sutter,101,95872,26,20,0,20,2
2020-04-17,Tehama,103,63373,1,1,0,1,1
2020-04-17,Trinity,105,12862,0,0,0,0,0
2020-04-17,Tulare,107,460477,595,370,5,375,17
2020-04-17,Tuolumne,109,53932,3,2,0,2,0
2020-04-17,Ventura,111,848112,544,398,1,399,13
2020-04-17,Yolo,113,214977,170,117,0,117,5
2020-04-17,Yuba,115,75493,16,14,0,14,1
2020-04-16,Alameda,001,1643700,1377,981,1,982,39
2020-04-16,Alpine,002,1148,1,1,0,1,0
2020-04-16,Amador,005,37829,7,7,0,7,0
2020-04-16,Butte,007,227075,20,15,2,17,0
2020-04-16,Calaveras,009,45235,12,10,0,10,0
2020-04-16,Colusa,011,21464,3,3,0,3,0
2020-04-16,Contra Costa,013,1133247,831,675,0,675,14
2020-04-16,Del Norte,015,27424,2,2,0,2,0
2020-04-16,El Dorado,017,186661,53,34,0,34,0
2020-04-16,Fresno,019,978130,570,289,6,295,7
2020-04-16,Glenn,021,27897,4,3,0,3,0
2020-04-16,Humboldt,023,135768,57,47,0,47,0
2020-04-16,Imperial,025,180216,285,132,0,132,2
2020-04-16,Inyo,027,18085,17,17,0,17,0
2020-04-16,Kern,029,883053,782,587,1,588,3
2020-04-16,Kings,031,150075,60,12,0,12,1
2020-04-16,Lake,033,64148,6,6,0,6,0
2020-04-16,Lassen,035,31185,3,0,2,2,0
2020-04-16,Los Angeles,037,10098052,17802,10786,20,10806,447
2020-04-16,Madera,039,155013,69,34,1,35,2
2020-04-16,Marin,041,260295,203,170,1,171,10
2020-04-16,Mariposa,043,17540,1,1,0,1,0
2020-04-16,Mendocino,045,87422,6,4,0,4,0
2020-04-16,Merced,047,269075,121,76,0,76,3
2020-04-16,Modoc,049,8938,0,0,0,0,0
2020-04-16,Mono,051,14174,29,22,0,22,1
2020-04-16,Monterey,053,433212,193,116,0,116,3
2020-04-16,Napa,055,140530,59,44,0,44,2
2020-04-16,Nevada,057,99092,38,34,1,35,1
2020-04-16,Orange,059,3164182,2329,1439,19,1458,28
2020-04-16,Placer,061,380077,150,129,0,129,7
2020-04-16,Plumas,063,18699,4,4,0,4,0
2020-04-16,Riverside,065,2383286,3405,1913,14,1927,45
2020-04-16,Sacramento,067,1510023,986,865,0,865,32
2020-04-16,San Benito,069,59416,42,36,0,36,2
2020-04-16,San Bernardino,071,2135413,1713,1143,0,1143,54
2020-04-16,San Diego,073,3302833,2801,2089,0,2089,63
2020-04-16,San Francisco,075,870044,1360,1039,0,1039,16
2020-04-16,San Joaquin,077,732212,471,345,3,348,17
2020-04-16,San Luis Obispo,079,281455,185,113,3,116,1
2020-04-16,San Mateo,081,765935,1096,745,2,747,29
2020-04-16,Santa Barbara,083,443738,440,331,2,333,3
2020-04-16,Santa Clara,085,1922200,2201,1789,5,1794,70
2020-04-16,Santa Cruz,087,273765,121,90,0,90,2
2020-04-16,Shasta,089,179085,31,25,0,25,3
2020-04-16,Sierra,091,2930,0,0,0,0,0
2020-04-16,Siskiyou,093,43540,5,5,0,5,0
2020-04-16,Solano,095,438530,225,162,0,162,2
2020-04-16,Sonoma,097,501317,199,145,0,145,1
2020-04-16,Stanislaus,099,539301,280,185,4,189,3
2020-04-16,Sutter,101,95872,25,21,0,21,2
2020-04-16,Tehama,103,63373,1,1,0,1,1
2020-04-16,Trinity,105,12862,0,0,0,0,0
2020-04-16,Tulare,107,460477,578,305,5,310,16
2020-04-16,Tuolumne,109,53932,3,1,0,1,0
2020-04-16,Ventura,111,848112,532,384,1,385,13
2020-04-16,Yolo,113,214977,168,98,0,98,4
2020-04-16,Yuba,115,75493,15,14,0,14,1
2020-04-15,Alameda,001,1643700,1327,915,1,916,38
2020-04-15,Alpine,002,1148,1,1,0,1,0
2020-04-15,Amador,005,37829,7,7,0,7,0
2020-04-15,Butte,007,227075,20,14,2,16,0
2020-04-15,Calaveras,009,45235,11,9,0,9,0
2020-04-15,Colusa,011,21464,3,3,0,3,0
2020-04-15,Contra Costa,013,1133247,809,645,0,645,14
2020-04-15,Del Norte,015,27424,2,2,0,2,0
2020-04-15,El Dorado,017,186661,51,33,0,33,0
2020-04-15,Fresno,019,978130,544,264,6,270,7
2020-04-15,Glenn,021,27897,4,3,0,3,0
2020-04-15,Humboldt,023,135768,57,47,0,47,0
2020-04-15,Imperial,025,180216,259,115,0,115,2
2020-04-15,Inyo,027,18085,17,12,0,12,0
2020-04-15,Kern,029,883053,760,500,1,501,3
2020-04-15,Kings,031,150075,56,12,0,12,1
2020-04-15,Lake,033,64148,6,4,0,4,0
2020-04-15,Lassen,035,31185,3,0,2,2,0
2020-04-15,Los Angeles,037,10098052,16979,10416,18,10434,394
2020-04-15,Madera,039,155013,69,30,1,31,2
2020-04-15,Marin,041,260295,200,162,1,163,10
2020-04-15,Mariposa,043,17540,0,0,0,0,0
2020-04-15,Mendocino,045,87422,5,4,0,4,0
2020-04-15,Merced,047,269075,119,74,0,74,3
2020-04-15,Modoc,049,8938,0,0,0,0,0
2020-04-15,Mono,051,14174,29,22,0,22,1
2020-04-15,Monterey,053,433212,185,106,0,106,3
2020-04-15,Napa,055,140530,56,34,0,34,2
2020-04-15,Nevada,057,99092,37,34,1,35,1
2020-04-15,Orange,059,3164182,2226,1377,19,1396,24
2020-04-15,Placer,061,380077,149,123,0,123,6
2020-04-15,Plumas,063,18699,4,4,0,4,0
2020-04-15,Riverside,065,2383286,3210,1723,14,1737,42
2020-04-15,Sacramento,067,1510023,977,839,0,839,32
2020-04-15,San Benito,069,59416,42,34,0,34,2
2020-04-15,San Bernardino,071,2135413,1643,1063,0,1063,45
2020-04-15,San Diego,073,3302833,2713,2014,0,2014,60
2020-04-15,San Francisco,075,870044,1324,1006,0,1006,16
2020-04-15,San Joaquin,077,732212,463,329,3,332,17
2020-04-15,San Luis Obispo,079,281455,177,112,3,115,1
2020-04-15,San Mateo,081,765935,1047,707,2,709,28
2020-04-15,Santa Barbara,083,443738,424,317,2,319,2
2020-04-15,Santa Clara,085,1922200,2162,1692,5,1697,69
2020-04-15,Santa Cruz,087,273765,117,92,0,92,2
2020-04-15,Shasta,089,179085,31,25,0,25,3
2020-04-15,Sierra,091,2930,0,0,0,0,0
2020-04-15,Siskiyou,093,43540,5,5,0,5,0
2020-04-15,Solano,095,438530,220,153,0,153,2
2020-04-15,Sonoma,097,501317,197,140,0,140,1
2020-04-15,Stanislaus,099,539301,273,174,4,178,3
2020-04-15,Sutter,101,95872,25,19,0,19,2
2020-04-15,Tehama,103,63373,1,1,0,1,1
2020-04-15,Trinity,105,12862,0,0,0,0,0
2020-04-15,Tulare,107,460477,560,289,5,294,14
2020-04-15,Tuolumne,109,53932,3,1,0,1,0
2020-04-15,Ventura,111,848112,517,365,1,366,13
2020-04-15,Yolo,113,214977,161,93,0,93,3
2020-04-15,Yuba,115,75493,15,15,0,15,1
2020-04-14,Alameda,001,1643700,1282,843,1,844,30
2020-04-14,Alpine,002,1148,1,1,0,1,0
2020-04-14,Amador,005,37829,7,6,0,6,0
2020-04-14,Butte,007,227075,20,13,2,15,0
2020-04-14,Calaveras,009,45235,11,5,0,5,0
2020-04-14,Colusa,011,21464,3,3,0,3,0
2020-04-14,Contra Costa,013,1133247,797,617,0,617,12
2020-04-14,Del Norte,015,27424,2,2,0,2,0
2020-04-14,El Dorado,017,186661,51,30,0,30,0
2020-04-14,Fresno,019,978130,521,244,6,250,6
2020-04-14,Glenn,021,27897,4,3,0,3,0
2020-04-14,Humboldt,023,135768,57,44,0,44,0
2020-04-14,Imperial,025,180216,239,86,0,86,2
2020-04-14,Inyo,027,18085,17,12,0,12,0
2020-04-14,Kern,029,883053,736,453,1,454,3
2020-04-14,Kings,031,150075,55,12,0,12,1
2020-04-14,Lake,033,64148,6,3,0,3,0
2020-04-14,Lassen,035,31185,3,0,2,2,0
2020-04-14,Los Angeles,037,10098052,16086,9948,17,9965,357
2020-04-14,Madera,039,155013,68,29,1,30,2
2020-04-14,Marin,041,260295,196,147,1,148,9
2020-04-14,Mariposa,043,17540,0,0,0,0,0
2020-04-14,Mendocino,045,87422,5,4,0,4,0
2020-04-14,Merced,047,269075,112,61,0,61,3
2020-04-14,Modoc,049,8938,0,0,0,0,0
2020-04-14,Mono,051,14174,29,22,0,22,1
2020-04-14,Monterey,053,433212,180,98,0,98,3
2020-04-14,Napa,055,140530,56,33,0,33,2
2020-04-14,Nevada,057,99092,37,34,1,35,1
2020-04-14,Orange,059,3164182,2126,1362,19,1381,24
2020-04-14,Placer,061,380077,148,117,0,117,5
2020-04-14,Plumas,063,18699,4,3,0,3,0
2020-04-14,Riverside,065,2383286,3075,1467,14,1481,40
2020-04-14,Sacramento,067,1510023,968,737,0,737,29
2020-04-14,San Benito,069,59416,39,34,0,34,2
2020-04-14,San Bernardino,071,2135413,1588,933,0,933,37
2020-04-14,San Diego,073,3302833,2618,1932,0,1932,53
2020-04-14,San Francisco,075,870044,1270,968,0,968,14
2020-04-14,San Joaquin,077,732212,453,280,3,283,17
2020-04-14,San Luis Obispo,079,281455,174,109,3,112,1
2020-04-14,San Mateo,081,765935,1013,681,2,683,28
2020-04-14,Santa Barbara,083,443738,400,292,2,294,2
2020-04-14,Santa Clara,085,1922200,2129,1561,5,1566,63
2020-04-14,Santa Cruz,087,273765,109,84,0,84,2
2020-04-14,Shasta,089,179085,31,24,0,24,3
2020-04-14,Sierra,091,2930,0,0,0,0,0
2020-04-14,Siskiyou,093,43540,5,5,0,5,0
2020-04-14,Solano,095,438530,217,140,0,140,2
2020-04-14,Sonoma,097,501317,193,133,0,133,1
2020-04-14,Stanislaus,099,539301,260,136,4,140,3
2020-04-14,Sutter,101,95872,24,19,0,19,2
2020-04-14,Tehama,103,63373,1,1,0,1,1
2020-04-14,Trinity,105,12862,0,0,0,0,0
2020-04-14,Tulare,107,460477,536,228,5,233,12
2020-04-14,Tuolumne,109,53932,3,0,0,0,0
2020-04-14,Ventura,111,848112,504,328,1,329,11
2020-04-14,Yolo,113,214977,158,81,0,81,3
2020-04-14,Yuba,115,75493,14,14,0,14,1
2020-04-13,Alameda,001,1643700,1244,821,1,822,23
2020-04-13,Alpine,002,1148,1,1,0,1,0
2020-04-13,Amador,005,37829,7,6,0,6,0
2020-04-13,Butte,007,227075,19,13,2,15,0
2020-04-13,Calaveras,009,45235,10,5,0,5,0
2020-04-13,Colusa,011,21464,3,3,0,3,0
2020-04-13,Contra Costa,013,1133247,781,569,0,569,12
2020-04-13,Del Norte,015,27424,2,2,0,2,0
2020-04-13,El Dorado,017,186661,49,29,0,29,0
2020-04-13,Fresno,019,978130,499,205,5,210,4
2020-04-13,Glenn,021,27897,4,3,0,3,0
2020-04-13,Humboldt,023,135768,57,44,0,44,0
2020-04-13,Imperial,025,180216,221,82,0,82,2
2020-04-13,Inyo,027,18085,17,12,0,12,0
2020-04-13,Kern,029,883053,711,346,1,347,3
2020-04-13,Kings,031,150075,51,9,0,9,0
2020-04-13,Lake,033,64148,6,3,0,3,0
2020-04-13,Lassen,035,31185,3,0,2,2,0
2020-04-13,Los Angeles,037,10098052,15365,9367,17,9384,317
2020-04-13,Madera,039,155013,66,29,1,30,2
2020-04-13,Marin,041,260295,192,144,1,145,6
2020-04-13,Mariposa,043,17540,0,0,0,0,0
2020-04-13,Mendocino,045,87422,5,4,0,4,0
2020-04-13,Merced,047,269075,111,60,0,60,3
2020-04-13,Modoc,049,8938,0,0,0,0,0
2020-04-13,Mono,051,14174,29,21,0,21,1
2020-04-13,Monterey,053,433212,173,86,0,86,3
2020-04-13,Napa,055,140530,55,30,0,30,2
2020-04-13,Nevada,057,99092,37,24,1,25,1
2020-04-13,Orange,059,3164182,2054,1313,19,1332,21
2020-04-13,Placer,061,380077,147,116,0,116,5
2020-04-13,Plumas,063,18699,4,3,0,3,0
2020-04-13,Riverside,065,2383286,2934,1460,13,1473,35
2020-04-13,Sacramento,067,1510023,956,723,0,723,25
2020-04-13,San Benito,069,59416,38,33,0,33,2
2020-04-13,San Bernardino,071,2135413,1513,920,0,920,30
2020-04-13,San Diego,073,3302833,2535,1849,0,1849,47
2020-04-13,San Francisco,075,870044,1232,948,0,948,12
2020-04-13,San Joaquin,077,732212,438,255,3,258,16
2020-04-13,San Luis Obispo,079,281455,169,106,3,109,1
2020-04-13,San Mateo,081,765935,973,679,2,681,25
2020-04-13,Santa Barbara,083,443738,381,271,1,272,2
2020-04-13,Santa Clara,085,1922200,2083,1540,5,1545,58
2020-04-13,Santa Cruz,087,273765,103,82,0,82,1
2020-04-13,Shasta,089,179085,30,24,0,24,3
2020-04-13,Sierra,091,2930,0,0,0,0,0
2020-04-13,Siskiyou,093,43540,5,5,0,5,0
2020-04-13,Solano,095,438530,213,136,0,136,2
2020-04-13,Sonoma,097,501317,186,133,0,133,1
2020-04-13,Stanislaus,099,539301,254,130,4,134,1
2020-04-13,Sutter,101,95872,24,18,0,18,2
2020-04-13,Tehama,103,63373,1,1,0,1,0
2020-04-13,Trinity,105,12862,0,0,0,0,0
2020-04-13,Tulare,107,460477,500,185,5,190,11
2020-04-13,Tuolumne,109,53932,3,0,0,0,0
2020-04-13,Ventura,111,848112,483,309,0,309,9
2020-04-13,Yolo,113,214977,152,81,0,81,3
2020-04-13,Yuba,115,75493,14,13,0,13,1
2020-04-12,Alameda,001,1643700,1201,774,1,775,23
2020-04-12,Alpine,002,1148,1,1,0,1,0
2020-04-12,Amador,005,37829,7,6,0,6,0
2020-04-12,Butte,007,227075,19,13,2,15,0
2020-04-12,Calaveras,009,45235,10,5,0,5,0
2020-04-12,Colusa,011,21464,3,3,0,3,0
2020-04-12,Contra Costa,013,1133247,768,553,0,553,12
2020-04-12,Del Norte,015,27424,2,2,0,2,0
2020-04-12,El Dorado,017,186661,49,28,0,28,0
2020-04-12,Fresno,019,978130,470,205,5,210,4
2020-04-12,Glenn,021,27897,4,3,0,3,0
2020-04-12,Humboldt,023,135768,57,43,0,43,0
2020-04-12,Imperial,025,180216,198,78,0,78,2
2020-04-12,Inyo,027,18085,15,12,0,12,0
2020-04-12,Kern,029,883053,679,319,0,319,3
2020-04-12,Kings,031,150075,49,9,0,9,0
2020-04-12,Lake,033,64148,6,3,0,3,0
2020-04-12,Lassen,035,31185,3,0,2,2,0
2020-04-12,Los Angeles,037,10098052,14645,9133,17,9150,294
2020-04-12,Madera,039,155013,65,29,1,30,2
2020-04-12,Marin,041,260295,181,138,1,139,6
2020-04-12,Mariposa,043,17540,0,0,0,0,0
2020-04-12,Mendocino,045,87422,5,4,0,4,0
2020-04-12,Merced,047,269075,107,58,0,58,3
2020-04-12,Modoc,049,8938,0,0,0,0,0
2020-04-12,Mono,051,14174,29,20,0,20,1
2020-04-12,Monterey,053,433212,159,85,0,85,3
2020-04-12,Napa,055,140530,53,29,0,29,2
2020-04-12,Nevada,057,99092,37,24,1,25,1
2020-04-12,Orange,059,3164182,1994,1283,18,1301,21
2020-04-12,Placer,061,380077,146,114,0,114,4
2020-04-12,Plumas,063,18699,4,3,0,3,0
2020-04-12,Riverside,065,2383286,2752,1330,13,1343,34
2020-04-12,Sacramento,067,1510023,919,689,0,689,25
2020-04-12,San Benito,069,59416,36,33,0,33,2
2020-04-12,San Bernardino,071,2135413,1437,827,0,827,30
2020-04-12,San Diego,073,3302833,2445,1806,0,1806,45
2020-04-12,San Francisco,075,870044,1205,886,0,886,11
2020-04-12,San Joaquin,077,732212,420,246,3,249,15
2020-04-12,San Luis Obispo,079,281455,166,102,2,104,1
2020-04-12,San Mateo,081,765935,947,664,2,666,25
2020-04-12,Santa Barbara,083,443738,362,261,1,262,2
2020-04-12,Santa Clara,085,1922200,2055,1461,5,1466,53
2020-04-12,Santa Cruz,087,273765,102,80,0,80,1
2020-04-12,Shasta,089,179085,30,24,0,24,3
2020-04-12,Sierra,091,2930,0,0,0,0,0
2020-04-12,Siskiyou,093,43540,5,5,0,5,0
2020-04-12,Solano,095,438530,207,136,0,136,2
2020-04-12,Sonoma,097,501317,183,131,0,131,1
2020-04-12,Stanislaus,099,539301,246,117,4,121,1
2020-04-12,Sutter,101,95872,23,18,0,18,2
2020-04-12,Tehama,103,63373,1,1,0,1,0
2020-04-12,Trinity,105,12862,0,0,0,0,0
2020-04-12,Tulare,107,460477,488,166,5,171,11
2020-04-12,Tuolumne,109,53932,3,0,0,0,0
2020-04-12,Ventura,111,848112,473,306,0,306,9
2020-04-12,Yolo,113,214977,138,67,0,67,3
2020-04-12,Yuba,115,75493,14,13,0,13,1
2020-04-11,Alameda,001,1643700,1159,751,1,752,23
2020-04-11,Alpine,002,1148,1,1,0,1,0
2020-04-11,Amador,005,37829,7,6,0,6,0
2020-04-11,Butte,007,227075,19,13,2,15,0
2020-04-11,Calaveras,009,45235,10,5,0,5,0
2020-04-11,Colusa,011,21464,3,3,0,3,0
2020-04-11,Contra Costa,013,1133247,759,550,0,550,12
2020-04-11,Del Norte,015,27424,2,2,0,2,0
2020-04-11,El Dorado,017,186661,48,29,0,29,0
2020-04-11,Fresno,019,978130,460,201,5,206,4
2020-04-11,Glenn,021,27897,4,3,0,3,0
2020-04-11,Humboldt,023,135768,57,38,0,38,0
2020-04-11,Imperial,025,180216,188,78,0,78,2
2020-04-11,Inyo,027,18085,15,12,0,12,0
2020-04-11,Kern,029,883053,651,304,0,304,3
2020-04-11,Kings,031,150075,46,9,0,9,0
2020-04-11,Lake,033,64148,6,3,0,3,0
2020-04-11,Lassen,035,31185,3,0,2,2,0
2020-04-11,Los Angeles,037,10098052,14169,8823,17,8840,262
2020-04-11,Madera,039,155013,64,29,1,30,2
2020-04-11,Marin,041,260295,178,136,1,137,6
2020-04-11,Mariposa,043,17540,0,0,0,0,0
2020-04-11,Mendocino,045,87422,5,4,0,4,0
2020-04-11,Merced,047,269075,104,59,0,59,3
2020-04-11,Modoc,049,8938,0,0,0,0,0
2020-04-11,Mono,051,14174,29,20,0,20,1
2020-04-11,Monterey,053,433212,153,78,0,78,3
2020-04-11,Napa,055,140530,53,29,0,29,2
2020-04-11,Nevada,057,99092,37,24,1,25,1
2020-04-11,Orange,059,3164182,1932,1267,18,1285,21
2020-04-11,Placer,061,380077,146,113,0,113,4
2020-04-11,Plumas,063,18699,4,3,0,3,0
2020-04-11,Riverside,065,2383286,2673,1260,13,1273,33
2020-04-11,Sacramento,067,1510023,908,685,0,685,25
2020-04-11,San Benito,069,59416,36,33,0,33,2
2020-04-11,San Bernardino,071,2135413,1401,826,0,826,28
2020-04-11,San Diego,073,3302833,2379,1763,0,1763,45
2020-04-11,San Francisco,075,870044,1183,860,0,860,11
2020-04-11,San Joaquin,077,732212,415,244,3,247,15
2020-04-11,San Luis Obispo,079,281455,166,100,1,101,1
2020-04-11,San Mateo,081,765935,935,662,2,664,25
2020-04-11,Santa Barbara,083,443738,354,258,1,259,2
2020-04-11,Santa Clara,085,1922200,1996,1441,5,1446,51
2020-04-11,Santa Cruz,087,273765,102,79,0,79,1
2020-04-11,Shasta,089,179085,30,24,0,24,3
2020-04-11,Sierra,091,2930,0,0,0,0,0
2020-04-11,Siskiyou,093,43540,5,5,0,5,0
2020-04-11,Solano,095,438530,203,138,0,138,2
2020-04-11,Sonoma,097,501317,181,131,0,131,1
2020-04-11,Stanislaus,099,539301,238,119,3,122,1
2020-04-11,Sutter,101,95872,23,18,0,18,2
2020-04-11,Tehama,103,63373,1,1,0,1,0
2020-04-11,Trinity,105,12862,0,0,0,0,0
2020-04-11,Tulare,107,460477,466,168,5,173,10
2020-04-11,Tuolumne,109,53932,3,0,0,0,0
2020-04-11,Ventura,111,848112,463,304,0,304,9
2020-04-11,Yolo,113,214977,135,67,0,67,3
2020-04-11,Yuba,115,75493,14,13,0,13,1
2020-04-10,Alameda,001,1643700,1118,706,1,707,21
2020-04-10,Alpine,002,1148,1,1,0,1,0
2020-04-10,Amador,005,37829,7,5,0,5,0
2020-04-10,Butte,007,227075,19,13,2,15,0
2020-04-10,Calaveras,009,45235,10,5,0,5,0
2020-04-10,Colusa,011,21464,3,3,0,3,0
2020-04-10,Contra Costa,013,1133247,746,537,0,537,10
2020-04-10,Del Norte,015,27424,2,2,0,2,0
2020-04-10,El Dorado,017,186661,48,26,0,26,0
2020-04-10,Fresno,019,978130,453,186,4,190,3
2020-04-10,Glenn,021,27897,4,3,0,3,0
2020-04-10,Humboldt,023,135768,57,36,0,36,0
2020-04-10,Imperial,025,180216,181,70,0,70,2
2020-04-10,Inyo,027,18085,13,11,0,11,0
2020-04-10,Kern,029,883053,627,272,0,272,3
2020-04-10,Kings,031,150075,43,7,0,7,0
2020-04-10,Lake,033,64148,6,3,0,3,0
2020-04-10,Lassen,035,31185,3,0,2,2,0
2020-04-10,Los Angeles,037,10098052,13651,8384,14,8398,239
2020-04-10,Madera,039,155013,63,29,1,30,2
2020-04-10,Marin,041,260295,173,128,1,129,6
2020-04-10,Mariposa,043,17540,0,0,0,0,0
2020-04-10,Mendocino,045,87422,5,4,0,4,0
2020-04-10,Merced,047,269075,102,56,0,56,3
2020-04-10,Modoc,049,8938,0,0,0,0,0
2020-04-10,Mono,051,14174,29,20,0,20,1
2020-04-10,Monterey,053,433212,142,78,0,78,3
2020-04-10,Napa,055,140530,50,28,0,28,2
2020-04-10,Nevada,057,99092,37,23,1,24,1
2020-04-10,Orange,059,3164182,1885,1167,18,1185,21
2020-04-10,Placer,061,380077,145,112,0,112,4
2020-04-10,Plumas,063,18699,4,3,0,3,0
2020-04-10,Riverside,065,2383286,2607,1162,13,1175,30
2020-04-10,Sacramento,067,1510023,899,642,0,642,24
2020-04-10,San Benito,069,59416,36,32,0,32,2
2020-04-10,San Bernardino,071,2135413,1353,779,0,779,27
2020-04-10,San Diego,073,3302833,2319,1695,0,1695,44
2020-04-10,San Francisco,075,870044,1152,797,0,797,10
2020-04-10,San Joaquin,077,732212,403,234,3,237,14
2020-04-10,San Luis Obispo,079,281455,166,97,1,98,1
2020-04-10,San Mateo,081,765935,919,642,2,644,24
2020-04-10,Santa Barbara,083,443738,346,254,1,255,2
2020-04-10,Santa Clara,085,1922200,1944,1351,5,1356,50
2020-04-10,Santa Cruz,087,273765,101,75,0,75,1
2020-04-10,Shasta,089,179085,30,24,0,24,3
2020-04-10,Sierra,091,2930,0,0,0,0,0
2020-04-10,Siskiyou,093,43540,5,5,0,5,0
2020-04-10,Solano,095,438530,200,129,0,129,2
2020-04-10,Sonoma,097,501317,180,129,0,129,1
2020-04-10,Stanislaus,099,539301,231,101,3,104,0
2020-04-10,Sutter,101,95872,23,18,0,18,2
2020-04-10,Tehama,103,63373,1,1,0,1,0
2020-04-10,Trinity,105,12862,0,0,0,0,0
2020-04-10,Tulare,107,460477,424,163,5,168,10
2020-04-10,Tuolumne,109,53932,3,0,0,0,0
2020-04-10,Ventura,111,848112,454,290,0,290,9
2020-04-10,Yolo,113,214977,133,62,0,62,3
2020-04-10,Yuba,115,75493,14,13,0,13,1
2020-04-09,Alameda,001,1643700,1068,641,1,642,17
2020-04-09,Alpine,002,1148,1,1,0,1,0
2020-04-09,Amador,005,37829,7,2,0,2,0
2020-04-09,Butte,007,227075,19,12,2,14,0
2020-04-09,Calaveras,009,45235,10,5,0,5,0
2020-04-09,Colusa,011,21464,3,3,0,3,0
2020-04-09,Contra Costa,013,1133247,703,505,0,505,7
2020-04-09,Del Norte,015,27424,2,2,0,2,0
2020-04-09,El Dorado,017,186661,47,25,0,25,0
2020-04-09,Fresno,019,978130,427,165,4,169,3
2020-04-09,Glenn,021,27897,4,2,0,2,0
2020-04-09,Humboldt,023,135768,57,36,0,36,0
2020-04-09,Imperial,025,180216,160,67,0,67,2
2020-04-09,Inyo,027,18085,12,11,0,11,0
2020-04-09,Kern,029,883053,591,241,0,241,2
2020-04-09,Kings,031,150075,40,5,0,5,0
2020-04-09,Lake,033,64148,5,1,0,1,0
2020-04-09,Lassen,035,31185,3,0,2,2,0
2020-04-09,Los Angeles,037,10098052,13022,7919,14,7933,220
2020-04-09,Madera,039,155013,63,28,1,29,2
2020-04-09,Marin,041,260295,171,126,1,127,7
2020-04-09,Mariposa,043,17540,0,0,0,0,0
2020-04-09,Mendocino,045,87422,5,4,0,4,0
2020-04-09,Merced,047,269075,98,41,0,41,3
2020-04-09,Modoc,049,8938,0,0,0,0,0
2020-04-09,Mono,051,14174,29,19,0,19,1
2020-04-09,Monterey,053,433212,124,70,0,70,3
2020-04-09,Napa,055,140530,46,27,0,27,2
2020-04-09,Nevada,057,99092,36,23,1,24,1
2020-04-09,Orange,059,3164182,1811,1105,18,1123,19
2020-04-09,Placer,061,380077,144,107,0,107,4
2020-04-09,Plumas,063,18699,4,3,0,3,0
2020-04-09,Riverside,065,2383286,2464,1083,13,1096,29
2020-04-09,Sacramento,067,1510023,876,601,0,601,21
2020-04-09,San Benito,069,59416,36,32,0,32,2
2020-04-09,San Bernardino,071,2135413,1284,717,0,717,27
2020-04-09,San Diego,073,3302833,2223,1630,0,1630,40
2020-04-09,San Francisco,075,870044,1132,748,0,748,8
2020-04-09,San Joaquin,077,732212,382,223,3,226,14
2020-04-09,San Luis Obispo,079,281455,158,93,1,94,1
2020-04-09,San Mateo,081,765935,903,630,2,632,23
2020-04-09,Santa Barbara,083,443738,336,232,1,233,2
2020-04-09,Santa Clara,085,1922200,1874,1301,5,1306,49
2020-04-09,Santa Cruz,087,273765,101,73,0,73,1
2020-04-09,Shasta,089,179085,30,22,0,22,3
2020-04-09,Sierra,091,2930,0,0,0,0,0
2020-04-09,Siskiyou,093,43540,5,4,0,4,0
2020-04-09,Solano,095,438530,190,118,0,118,2
2020-04-09,Sonoma,097,501317,176,113,0,113,1
2020-04-09,Stanislaus,099,539301,219,93,3,96,0
2020-04-09,Sutter,101,95872,23,17,0,17,2
2020-04-09,Tehama,103,63373,1,1,0,1,0
2020-04-09,Trinity,105,12862,0,0,0,0,0
2020-04-09,Tulare,107,460477,395,147,5,152,9
2020-04-09,Tuolumne,109,53932,3,0,0,0,0
2020-04-09,Ventura,111,848112,435,273,0,273,9
2020-04-09,Yolo,113,214977,124,59,0,59,3
2020-04-09,Yuba,115,75493,14,13,0,13,0
2020-04-08,Alameda,001,1643700,1026,594,1,595,15
2020-04-08,Alpine,002,1148,1,1,0,1,0
2020-04-08,Amador,005,37829,7,2,0,2,0
2020-04-08,Butte,007,227075,18,11,2,13,0
2020-04-08,Calaveras,009,45235,10,5,0,5,0
2020-04-08,Colusa,011,21464,3,3,0,3,0
2020-04-08,Contra Costa,013,1133247,690,481,0,481,7
2020-04-08,Del Norte,015,27424,2,2,0,2,0
2020-04-08,El Dorado,017,186661,47,25,0,25,0
2020-04-08,Fresno,019,978130,407,151,4,155,3
2020-04-08,Glenn,021,27897,4,2,0,2,0
2020-04-08,Humboldt,023,135768,57,40,0,40,0
2020-04-08,Imperial,025,180216,149,59,0,59,2
2020-04-08,Inyo,027,18085,12,11,0,11,0
2020-04-08,Kern,029,883053,550,198,0,198,2
2020-04-08,Kings,031,150075,40,5,0,5,0
2020-04-08,Lake,033,64148,5,1,0,1,0
2020-04-08,Lassen,035,31185,3,0,2,2,0
2020-04-08,Los Angeles,037,10098052,12424,7505,14,7519,196
2020-04-08,Madera,039,155013,62,28,1,29,2
2020-04-08,Marin,041,260295,165,125,1,126,7
2020-04-08,Mariposa,043,17540,0,0,0,0,0
2020-04-08,Mendocino,045,87422,5,4,0,4,0
2020-04-08,Merced,047,269075,87,35,0,35,1
2020-04-08,Modoc,049,8938,0,0,0,0,0
2020-04-08,Mono,051,14174,29,19,0,19,1
2020-04-08,Monterey,053,433212,115,68,0,68,3
2020-04-08,Napa,055,140530,44,21,0,21,2
2020-04-08,Nevada,057,99092,36,21,1,22,1
2020-04-08,Orange,059,3164182,1748,1034,18,1052,19
2020-04-08,Placer,061,380077,144,102,0,102,4
2020-04-08,Plumas,063,18699,4,3,0,3,0
2020-04-08,Riverside,065,2383286,2307,974,13,987,28
2020-04-08,Sacramento,067,1510023,842,565,0,565,21
2020-04-08,San Benito,069,59416,36,31,0,31,2
2020-04-08,San Bernardino,071,2135413,1227,635,0,635,22
2020-04-08,San Diego,073,3302833,2149,1532,0,1532,36
2020-04-08,San Francisco,075,870044,1065,687,0,687,7
2020-04-08,San Joaquin,077,732212,365,211,3,214,12
2020-04-08,San Luis Obispo,079,281455,156,90,1,91,1
2020-04-08,San Mateo,081,765935,888,608,2,610,22
2020-04-08,Santa Barbara,083,443738,319,221,1,222,2
2020-04-08,Santa Clara,085,1922200,1829,1257,5,1262,47
2020-04-08,Santa Cruz,087,273765,100,69,0,69,1
2020-04-08,Shasta,089,179085,30,18,0,18,3
2020-04-08,Sierra,091,2930,0,0,0,0,0
2020-04-08,Siskiyou,093,43540,5,4,0,4,0
2020-04-08,Solano,095,438530,176,111,0,111,2
2020-04-08,Sonoma,097,501317,170,107,0,107,1
2020-04-08,Stanislaus,099,539301,203,86,3,89,0
2020-04-08,Sutter,101,95872,22,17,0,17,2
2020-04-08,Tehama,103,63373,1,1,0,1,0
2020-04-08,Trinity,105,12862,0,0,0,0,0
2020-04-08,Tulare,107,460477,364,145,5,150,6
2020-04-08,Tuolumne,109,53932,3,0,0,0,0
2020-04-08,Ventura,111,848112,426,263,0,263,7
2020-04-08,Yolo,113,214977,107,56,0,56,3
2020-04-08,Yuba,115,75493,14,10,0,10,0
2020-04-07,Alameda,001,1643700,991,560,1,561,14
2020-04-07,Alpine,002,1148,1,1,0,1,0
2020-04-07,Amador,005,37829,7,2,0,2,0
2020-04-07,Butte,007,227075,17,11,2,13,0
2020-04-07,Calaveras,009,45235,9,5,0,5,0
2020-04-07,Colusa,011,21464,3,2,0,2,0
2020-04-07,Contra Costa,013,1133247,670,471,0,471,7
2020-04-07,Del Norte,015,27424,2,2,0,2,0
2020-04-07,El Dorado,017,186661,46,22,0,22,0
2020-04-07,Fresno,019,978130,393,138,4,142,3
2020-04-07,Glenn,021,27897,4,2,0,2,0
2020-04-07,Humboldt,023,135768,56,40,0,40,0
2020-04-07,Imperial,025,180216,130,53,0,53,2
2020-04-07,Inyo,027,18085,12,11,0,11,0
2020-04-07,Kern,029,883053,507,134,0,134,2
2020-04-07,Kings,031,150075,37,5,0,5,0
2020-04-07,Lake,033,64148,4,1,0,1,0
2020-04-07,Lassen,035,31185,3,0,2,2,0
2020-04-07,Los Angeles,037,10098052,11773,6885,14,6899,170
2020-04-07,Madera,039,155013,60,28,0,28,2
2020-04-07,Marin,041,260295,163,122,1,123,7
2020-04-07,Mariposa,043,17540,0,0,0,0,0
2020-04-07,Mendocino,045,87422,5,4,0,4,0
2020-04-07,Merced,047,269075,79,27,0,27,1
2020-04-07,Modoc,049,8938,0,0,0,0,0
2020-04-07,Mono,051,14174,28,18,0,18,1
2020-04-07,Monterey,053,433212,106,63,0,63,2
2020-04-07,Napa,055,140530,42,18,0,18,2
2020-04-07,Nevada,057,99092,36,20,1,21,1
2020-04-07,Orange,059,3164182,1701,971,16,987,19
2020-04-07,Placer,061,380077,139,94,0,94,3
2020-04-07,Plumas,063,18699,4,3,0,3,0
2020-04-07,Riverside,065,2383286,2150,905,13,918,25
2020-04-07,Sacramento,067,1510023,812,513,0,513,18
2020-04-07,San Benito,069,59416,36,26,0,26,2
2020-04-07,San Bernardino,071,2135413,1160,554,0,554,19
2020-04-07,San Diego,073,3302833,2072,1456,0,1456,31
2020-04-07,San Francisco,075,870044,1005,636,0,636,6
2020-04-07,San Joaquin,077,732212,347,198,3,201,12
2020-04-07,San Luis Obispo,079,281455,149,87,1,88,1
2020-04-07,San Mateo,081,765935,867,573,2,575,22
2020-04-07,Santa Barbara,083,443738,305,209,1,210,2
2020-04-07,Santa Clara,085,1922200,1760,1193,4,1197,46
2020-04-07,Santa Cruz,087,273765,100,67,0,67,1
2020-04-07,Shasta,089,179085,29,16,0,16,3
2020-04-07,Sierra,091,2930,0,0,0,0,0
2020-04-07,Siskiyou,093,43540,5,4,0,4,0
2020-04-07,Solano,095,438530,171,99,0,99,1
2020-04-07,Sonoma,097,501317,167,102,0,102,1
2020-04-07,Stanislaus,099,539301,186,83,3,86,0
2020-04-07,Sutter,101,95872,22,16,0,16,2
2020-04-07,Tehama,103,63373,1,1,0,1,0
2020-04-07,Trinity,105,12862,0,0,0,0,0
2020-04-07,Tulare,107,460477,335,144,5,149,5
2020-04-07,Tuolumne,109,53932,3,1,0,1,0
2020-04-07,Ventura,111,848112,409,247,0,247,6
2020-04-07,Yolo,113,214977,100,51,0,51,2
2020-04-07,Yuba,115,75493,14,10,0,10,0
2020-04-06,Alameda,001,1643700,960,527,1,528,13
2020-04-06,Alpine,002,1148,1,1,0,1,0
2020-04-06,Amador,005,37829,6,2,0,2,0
2020-04-06,Butte,007,227075,16,11,2,13,0
2020-04-06,Calaveras,009,45235,9,4,0,4,0
2020-04-06,Colusa,011,21464,3,1,0,1,0
2020-04-06,Contra Costa,013,1133247,645,447,0,447,7
2020-04-06,Del Norte,015,27424,2,2,0,2,0
2020-04-06,El Dorado,017,186661,44,23,0,23,0
2020-04-06,Fresno,019,978130,371,122,4,126,1
2020-04-06,Glenn,021,27897,4,2,0,2,0
2020-04-06,Humboldt,023,135768,55,37,0,37,0
2020-04-06,Imperial,025,180216,123,47,0,47,1
2020-04-06,Inyo,027,18085,11,11,0,11,0
2020-04-06,Kern,029,883053,470,117,0,117,2
2020-04-06,Kings,031,150075,37,3,0,3,0
2020-04-06,Lake,033,64148,4,1,0,1,0
2020-04-06,Lassen,035,31185,3,0,2,2,0
2020-04-06,Los Angeles,037,10098052,11043,6346,14,6360,145
2020-04-06,Madera,039,155013,58,29,0,29,2
2020-04-06,Marin,041,260295,160,119,1,120,7
2020-04-06,Mariposa,043,17540,0,0,0,0,0
2020-04-06,Mendocino,045,87422,5,4,0,4,0
2020-04-06,Merced,047,269075,74,25,0,25,1
2020-04-06,Modoc,049,8938,0,0,0,0,0
2020-04-06,Mono,051,14174,28,18,0,18,1
2020-04-06,Monterey,053,433212,101,62,0,62,2
2020-04-06,Napa,055,140530,42,18,0,18,2
2020-04-06,Nevada,057,99092,36,19,1,20,1
2020-04-06,Orange,059,3164182,1657,910,15,925,17
2020-04-06,Placer,061,380077,139,90,0,90,3
2020-04-06,Plumas,063,18699,4,2,0,2,0
2020-04-06,Riverside,065,2383286,2024,854,13,867,17
2020-04-06,Sacramento,067,1510023,782,448,0,448,15
2020-04-06,San Benito,069,59416,34,25,0,25,1
2020-04-06,San Bernardino,071,2135413,1101,550,0,550,13
2020-04-06,San Diego,073,3302833,1990,1406,0,1406,19
2020-04-06,San Francisco,075,870044,965,586,0,586,6
2020-04-06,San Joaquin,077,732212,332,191,3,194,10
2020-04-06,San Luis Obispo,079,281455,147,85,1,86,1
2020-04-06,San Mateo,081,765935,849,569,2,571,20
2020-04-06,Santa Barbara,083,443738,296,189,1,190,2
2020-04-06,Santa Clara,085,1922200,1707,1128,4,1132,43
2020-04-06,Santa Cruz,087,273765,98,65,0,65,1
2020-04-06,Shasta,089,179085,29,16,0,16,3
2020-04-06,Sierra,091,2930,0,0,0,0,0
2020-04-06,Siskiyou,093,43540,4,4,0,4,0
2020-04-06,Solano,095,438530,164,95,0,95,1
2020-04-06,Sonoma,097,501317,166,102,0,102,1
2020-04-06,Stanislaus,099,539301,170,72,3,75,0
2020-04-06,Sutter,101,95872,22,14,0,14,2
2020-04-06,Tehama,103,63373,1,1,0,1,0
2020-04-06,Trinity,105,12862,0,0,0,0,0
2020-04-06,Tulare,107,460477,319,126,5,131,5
2020-04-06,Tuolumne,109,53932,3,1,0,1,0
2020-04-06,Ventura,111,848112,391,234,0,234,6
2020-04-06,Yolo,113,214977,96,43,0,43,1
2020-04-06,Yuba,115,75493,14,8,0,8,0
2020-04-05,Alameda,001,1643700,918,475,1,476,12
2020-04-05,Alpine,002,1148,1,1,0,1,0
2020-04-05,Amador,005,37829,6,2,0,2,0
2020-04-05,Butte,007,227075,16,10,2,12,0
2020-04-05,Calaveras,009,45235,9,3,0,3,0
2020-04-05,Colusa,011,21464,3,1,0,1,0
2020-04-05,Contra Costa,013,1133247,628,415,0,415,6
2020-04-05,Del Norte,015,27424,2,1,0,1,0
2020-04-05,El Dorado,017,186661,42,19,0,19,0
2020-04-05,Fresno,019,978130,337,102,4,106,1
2020-04-05,Glenn,021,27897,4,2,0,2,0
2020-04-05,Humboldt,023,135768,55,29,0,29,0
2020-04-05,Imperial,025,180216,115,42,0,42,1
2020-04-05,Inyo,027,18085,11,10,0,10,0
2020-04-05,Kern,029,883053,415,109,0,109,2
2020-04-05,Kings,031,150075,36,4,0,4,0
2020-04-05,Lake,033,64148,4,0,0,0,0
2020-04-05,Lassen,035,31185,3,0,2,2,0
2020-04-05,Los Angeles,037,10098052,10476,5892,14,5906,130
2020-04-05,Madera,039,155013,57,27,0,27,2
2020-04-05,Marin,041,260295,160,113,1,114,6
2020-04-05,Mariposa,043,17540,0,0,0,0,0
2020-04-05,Mendocino,045,87422,5,4,0,4,0
2020-04-05,Merced,047,269075,67,16,0,16,0
2020-04-05,Modoc,049,8938,0,0,0,0,0
2020-04-05,Mono,051,14174,28,18,0,18,1
2020-04-05,Monterey,053,433212,94,61,0,61,2
2020-04-05,Napa,055,140530,40,15,0,15,2
2020-04-05,Nevada,057,99092,36,19,1,20,1
2020-04-05,Orange,059,3164182,1601,820,15,835,15
2020-04-05,Placer,061,380077,136,86,0,86,3
2020-04-05,Plumas,063,18699,3,2,0,2,0
2020-04-05,Riverside,065,2383286,1894,669,13,682,17
2020-04-05,Sacramento,067,1510023,751,393,0,393,11
2020-04-05,San Benito,069,59416,34,22,0,22,1
2020-04-05,San Bernardino,071,2135413,1028,375,0,375,13
2020-04-05,San Diego,073,3302833,1908,1328,0,1328,19
2020-04-05,San Francisco,075,870044,918,559,0,559,6
2020-04-05,San Joaquin,077,732212,317,179,3,182,10
2020-04-05,San Luis Obispo,079,281455,145,83,1,84,1
2020-04-05,San Mateo,081,765935,829,528,2,530,19
2020-04-05,Santa Barbara,083,443738,280,171,1,172,1
2020-04-05,Santa Clara,085,1922200,1660,1052,4,1056,42
2020-04-05,Santa Cruz,087,273765,98,59,0,59,1
2020-04-05,Shasta,089,179085,28,11,0,11,2
2020-04-05,Sierra,091,2930,0,0,0,0,0
2020-04-05,Siskiyou,093,43540,4,3,0,3,0
2020-04-05,Solano,095,438530,160,78,0,78,1
2020-04-05,Sonoma,097,501317,164,88,0,88,1
2020-04-05,Stanislaus,099,539301,156,51,3,54,0
2020-04-05,Sutter,101,95872,22,14,0,14,1
2020-04-05,Tehama,103,63373,1,1,0,1,0
2020-04-05,Trinity,105,12862,0,0,0,0,0
2020-04-05,Tulare,107,460477,282,81,5,86,4
2020-04-05,Tuolumne,109,53932,3,1,0,1,0
2020-04-05,Ventura,111,848112,377,196,0,196,6
2020-04-05,Yolo,113,214977,77,37,0,37,2
2020-04-05,Yuba,115,75493,14,7,0,7,0
2020-04-04,Alameda,001,1643700,895,468,1,469,12
2020-04-04,Alpine,002,1148,1,1,0,1,0
2020-04-04,Amador,005,37829,5,2,0,2,0
2020-04-04,Butte,007,227075,16,10,2,12,0
2020-04-04,Calaveras,009,45235,9,3,0,3,0
2020-04-04,Colusa,011,21464,3,1,0,1,0
2020-04-04,Contra Costa,013,1133247,620,382,0,382,5
2020-04-04,Del Norte,015,27424,2,1,0,1,0
2020-04-04,El Dorado,017,186661,42,19,0,19,0
2020-04-04,Fresno,019,978130,327,102,4,106,1
2020-04-04,Glenn,021,27897,4,2,0,2,0
2020-04-04,Humboldt,023,135768,55,29,0,29,0
2020-04-04,Imperial,025,180216,114,42,0,42,1
2020-04-04,Inyo,027,18085,11,10,0,10,0
2020-04-04,Kern,029,883053,385,103,0,103,2
2020-04-04,Kings,031,150075,36,3,0,3,0
2020-04-04,Lake,033,64148,4,0,0,0,0
2020-04-04,Lassen,035,31185,3,0,2,2,0
2020-04-04,Los Angeles,037,10098052,9861,5275,14,5289,117
2020-04-04,Madera,039,155013,55,27,0,27,2
2020-04-04,Marin,041,260295,158,111,0,111,6
2020-04-04,Mariposa,043,17540,0,0,0,0,0
2020-04-04,Mendocino,045,87422,5,4,0,4,0
2020-04-04,Merced,047,269075,64,11,0,11,0
2020-04-04,Modoc,049,8938,0,0,0,0,0
2020-04-04,Mono,051,14174,28,18,0,18,1
2020-04-04,Monterey,053,433212,91,61,0,61,2
2020-04-04,Napa,055,140530,40,15,0,15,2
2020-04-04,Nevada,057,99092,36,19,1,20,1
2020-04-04,Orange,059,3164182,1559,781,14,795,15
2020-04-04,Placer,061,380077,135,87,0,87,2
2020-04-04,Plumas,063,18699,3,2,0,2,0
2020-04-04,Riverside,065,2383286,1793,652,13,665,15
2020-04-04,Sacramento,067,1510023,733,393,0,393,11
2020-04-04,San Benito,069,59416,34,22,0,22,1
2020-04-04,San Bernardino,071,2135413,980,373,0,373,13
2020-04-04,San Diego,073,3302833,1860,1211,0,1211,18
2020-04-04,San Francisco,075,870044,880,537,0,537,6
2020-04-04,San Joaquin,077,732212,294,171,3,174,10
2020-04-04,San Luis Obispo,079,281455,145,82,1,83,0
2020-04-04,San Mateo,081,765935,817,520,2,522,17
2020-04-04,Santa Barbara,083,443738,271,167,1,168,1
2020-04-04,Santa Clara,085,1922200,1608,1045,4,1049,39
2020-04-04,Santa Cruz,087,273765,98,56,0,56,1
2020-04-04,Shasta,089,179085,27,11,0,11,2
2020-04-04,Sierra,091,2930,0,0,0,0,0
2020-04-04,Siskiyou,093,43540,4,3,0,3,0
2020-04-04,Solano,095,438530,154,79,0,79,1
2020-04-04,Sonoma,097,501317,161,88,0,88,1
2020-04-04,Stanislaus,099,539301,145,51,3,54,0
2020-04-04,Sutter,101,95872,22,14,0,14,1
2020-04-04,Tehama,103,63373,1,1,0,1,0
2020-04-04,Trinity,105,12862,0,0,0,0,0
2020-04-04,Tulare,107,460477,268,79,5,84,4
2020-04-04,Tuolumne,109,53932,3,1,0,1,0
2020-04-04,Ventura,111,848112,364,194,0,194,6
2020-04-04,Yolo,113,214977,75,40,0,40,2
2020-04-04,Yuba,115,75493,13,7,0,7,0
2020-04-03,Alameda,001,1643700,859,395,1,396,11
2020-04-03,Alpine,002,1148,1,1,0,1,0
2020-04-03,Amador,005,37829,5,2,0,2,0
2020-04-03,Butte,007,227075,16,8,2,10,0
2020-04-03,Calaveras,009,45235,9,3,0,3,0
2020-04-03,Colusa,011,21464,3,1,0,1,0
2020-04-03,Contra Costa,013,1133247,597,327,0,327,5
2020-04-03,Del Norte,015,27424,2,1,0,1,0
2020-04-03,El Dorado,017,186661,40,16,0,16,0
2020-04-03,Fresno,019,978130,315,98,4,102,1
2020-04-03,Glenn,021,27897,4,2,0,2,0
2020-04-03,Humboldt,023,135768,55,34,0,34,0
2020-04-03,Imperial,025,180216,105,35,0,35,0
2020-04-03,Inyo,027,18085,11,10,0,10,0
2020-04-03,Kern,029,883053,359,87,0,87,1
2020-04-03,Kings,031,150075,34,3,0,3,0
2020-04-03,Lake,033,64148,3,0,0,0,0
2020-04-03,Lassen,035,31185,3,0,2,2,0
2020-04-03,Los Angeles,037,10098052,9247,4566,14,4580,91
2020-04-03,Madera,039,155013,54,28,0,28,2
2020-04-03,Marin,041,260295,156,106,0,106,6
2020-04-03,Mariposa,043,17540,0,0,0,0,0
2020-04-03,Mendocino,045,87422,5,4,0,4,0
2020-04-03,Merced,047,269075,60,9,0,9,0
2020-04-03,Modoc,049,8938,0,0,0,0,0
2020-04-03,Mono,051,14174,28,18,0,18,1
2020-04-03,Monterey,053,433212,88,58,0,58,2
2020-04-03,Napa,055,140530,39,13,0,13,1
2020-04-03,Nevada,057,99092,36,19,1,20,1
2020-04-03,Orange,059,3164182,1520,713,14,727,13
2020-04-03,Placer,061,380077,131,76,0,76,2
2020-04-03,Plumas,063,18699,3,2,0,2,0
2020-04-03,Riverside,065,2383286,1713,540,13,553,14
2020-04-03,Sacramento,067,1510023,712,363,0,363,11
2020-04-03,San Benito,069,59416,34,22,0,22,1
2020-04-03,San Bernardino,071,2135413,935,356,0,356,11
2020-04-03,San Diego,073,3302833,1799,1114,0,1114,17
2020-04-03,San Francisco,075,870044,856,506,0,506,6
2020-04-03,San Joaquin,077,732212,282,162,3,165,10
2020-04-03,San Luis Obispo,079,281455,144,82,1,83,0
2020-04-03,San Mateo,081,765935,800,474,2,476,13
2020-04-03,Santa Barbara,083,443738,260,154,1,155,1
2020-04-03,Santa Clara,085,1922200,1572,983,4,987,39
2020-04-03,Santa Cruz,087,273765,98,52,0,52,1
2020-04-03,Shasta,089,179085,27,10,0,10,1
2020-04-03,Sierra,091,2930,0,0,0,0,0
2020-04-03,Siskiyou,093,43540,4,3,0,3,0
2020-04-03,Solano,095,438530,146,72,0,72,1
2020-04-03,Sonoma,097,501317,161,84,0,84,1
2020-04-03,Stanislaus,099,539301,139,48,3,51,0
2020-04-03,Sutter,101,95872,22,12,0,12,1
2020-04-03,Tehama,103,63373,1,1,0,1,0
2020-04-03,Trinity,105,12862,0,0,0,0,0
2020-04-03,Tulare,107,460477,254,73,5,78,3
2020-04-03,Tuolumne,109,53932,3,1,0,1,0
2020-04-03,Ventura,111,848112,354,186,0,186,6
2020-04-03,Yolo,113,214977,74,33,0,33,1
2020-04-03,Yuba,115,75493,13,6,0,6,0
2020-04-02,Alameda,001,1643700,808,345,1,346,10
2020-04-02,Alpine,002,1148,1,1,0,1,0
2020-04-02,Amador,005,37829,5,2,0,2,0
2020-04-02,Butte,007,227075,16,7,1,8,0
2020-04-02,Calaveras,009,45235,7,3,0,3,0
2020-04-02,Colusa,011,21464,3,1,0,1,0
2020-04-02,Contra Costa,013,1133247,567,297,0,297,3
2020-04-02,Del Norte,015,27424,2,0,0,0,0
2020-04-02,El Dorado,017,186661,38,16,0,16,0
2020-04-02,Fresno,019,978130,299,92,4,96,0
2020-04-02,Glenn,021,27897,3,2,0,2,0
2020-04-02,Humboldt,023,135768,51,23,0,23,0
2020-04-02,Imperial,025,180216,101,24,0,24,0
2020-04-02,Inyo,027,18085,10,8,0,8,0
2020-04-02,Kern,029,883053,332,74,0,74,0
2020-04-02,Kings,031,150075,34,3,0,3,0
2020-04-02,Lake,033,64148,3,0,0,0,0
2020-04-02,Lassen,035,31185,3,0,2,2,0
2020-04-02,Los Angeles,037,10098052,8420,4040,14,4054,79
2020-04-02,Madera,039,155013,52,25,0,25,1
2020-04-02,Marin,041,260295,150,102,0,102,1
2020-04-02,Mariposa,043,17540,0,0,0,0,0
2020-04-02,Mendocino,045,87422,5,4,0,4,0
2020-04-02,Merced,047,269075,55,9,0,9,0
2020-04-02,Modoc,049,8938,0,0,0,0,0
2020-04-02,Mono,051,14174,28,16,0,16,1
2020-04-02,Monterey,053,433212,86,50,0,50,2
2020-04-02,Napa,055,140530,39,13,0,13,0
2020-04-02,Nevada,057,99092,35,17,1,18,0
2020-04-02,Orange,059,3164182,1468,640,13,653,12
2020-04-02,Placer,061,380077,130,72,0,72,2
2020-04-02,Plumas,063,18699,3,1,0,1,0
2020-04-02,Riverside,065,2383286,1596,438,13,451,13
2020-04-02,Sacramento,067,1510023,694,322,0,322,9
2020-04-02,San Benito,069,59416,32,18,0,18,1
2020-04-02,San Bernardino,071,2135413,880,335,0,335,8
2020-04-02,San Diego,073,3302833,1732,968,0,968,16
2020-04-02,San Francisco,075,870044,830,473,0,473,6
2020-04-02,San Joaquin,077,732212,263,148,3,151,9
2020-04-02,San Luis Obispo,079,281455,139,79,1,80,0
2020-04-02,San Mateo,081,765935,779,423,2,425,13
2020-04-02,Santa Barbara,083,443738,249,125,1,126,1
2020-04-02,Santa Clara,085,1922200,1521,908,4,912,38
2020-04-02,Santa Cruz,087,273765,96,49,0,49,1
2020-04-02,Shasta,089,179085,26,7,0,7,1
2020-04-02,Sierra,091,2930,0,0,0,0,0
2020-04-02,Siskiyou,093,43540,4,3,0,3,0
2020-04-02,Solano,095,438530,136,65,0,65,0
2020-04-02,Sonoma,097,501317,157,76,0,76,1
2020-04-02,Stanislaus,099,539301,128,40,3,43,0
2020-04-02,Sutter,101,95872,21,10,0,10,1
2020-04-02,Tehama,103,63373,1,1,0,1,0
2020-04-02,Trinity,105,12862,0,0,0,0,0
2020-04-02,Tulare,107,460477,220,64,5,69,1
2020-04-02,Tuolumne,109,53932,3,1,0,1,0
2020-04-02,Ventura,111,848112,336,178,0,178,5
2020-04-02,Yolo,113,214977,72,29,0,29,1
2020-04-02,Yuba,115,75493,10,5,0,5,0
2020-04-01,Alameda,001,1643700,781,287,1,288,8
2020-04-01,Alpine,002,1148,1,1,0,1,0
2020-04-01,Amador,005,37829,5,1,0,1,0
2020-04-01,Butte,007,227075,16,6,1,7,0
2020-04-01,Calaveras,009,45235,6,3,0,3,0
2020-04-01,Colusa,011,21464,3,1,0,1,0
2020-04-01,Contra Costa,013,1133247,524,267,0,267,3
2020-04-01,Del Norte,015,27424,2,0,0,0,0
2020-04-01,El Dorado,017,186661,37,14,0,14,0
2020-04-01,Fresno,019,978130,277,75,3,78,0
2020-04-01,Glenn,021,27897,3,2,0,2,0
2020-04-01,Humboldt,023,135768,51,19,0,19,0
2020-04-01,Imperial,025,180216,95,25,0,25,0
2020-04-01,Inyo,027,18085,10,8,0,8,0
2020-04-01,Kern,029,883053,305,53,0,53,0
2020-04-01,Kings,031,150075,32,3,0,3,0
2020-04-01,Lake,033,64148,3,0,0,0,0
2020-04-01,Lassen,035,31185,3,0,2,2,0
2020-04-01,Los Angeles,037,10098052,7772,3502,14,3516,66
2020-04-01,Madera,039,155013,50,17,0,17,1
2020-04-01,Marin,041,260295,146,87,0,87,1
2020-04-01,Mariposa,043,17540,0,0,0,0,0
2020-04-01,Mendocino,045,87422,5,4,0,4,0
2020-04-01,Merced,047,269075,53,7,0,7,0
2020-04-01,Modoc,049,8938,0,0,0,0,0
2020-04-01,Mono,051,14174,28,12,0,12,1
2020-04-01,Monterey,053,433212,85,47,0,47,2
2020-04-01,Napa,055,140530,36,11,0,11,0
2020-04-01,Nevada,057,99092,35,15,1,16,0
2020-04-01,Orange,059,3164182,1416,579,13,592,11
2020-04-01,Placer,061,380077,128,52,0,52,2
2020-04-01,Plumas,063,18699,3,1,0,1,0
2020-04-01,Riverside,065,2383286,1428,306,12,318,11
2020-04-01,Sacramento,067,1510023,661,299,0,299,8
2020-04-01,San Benito,069,59416,29,14,0,14,1
2020-04-01,San Bernardino,071,2135413,831,245,0,245,5
2020-04-01,San Diego,073,3302833,1662,851,0,851,11
2020-04-01,San Francisco,075,870044,802,432,0,432,6
2020-04-01,San Joaquin,077,732212,251,132,3,135,8
2020-04-01,San Luis Obispo,079,281455,133,69,1,70,0
2020-04-01,San Mateo,081,765935,761,354,2,356,13
2020-04-01,Santa Barbara,083,443738,236,103,1,104,0
2020-04-01,Santa Clara,085,1922200,1479,805,4,809,33
2020-04-01,Santa Cruz,087,273765,91,44,0,44,1
2020-04-01,Shasta,089,179085,25,5,0,5,1
2020-04-01,Sierra,091,2930,0,0,0,0,0
2020-04-01,Siskiyou,093,43540,4,3,0,3,0
2020-04-01,Solano,095,438530,131,57,0,57,0
2020-04-01,Sonoma,097,501317,153,60,0,60,1
2020-04-01,Stanislaus,099,539301,117,29,3,32,0
2020-04-01,Sutter,101,95872,21,9,0,9,1
2020-04-01,Tehama,103,63373,1,0,0,0,0
2020-04-01,Trinity,105,12862,0,0,0,0,0
2020-04-01,Tulare,107,460477,182,43,5,48,1
2020-04-01,Tuolumne,109,53932,3,1,0,1,0
2020-04-01,Ventura,111,848112,323,154,0,154,5
2020-04-01,Yolo,113,214977,67,22,0,22,1
2020-04-01,Yuba,115,75493,9,5,0,5,0
2020-03-31,Alameda,001,1643700,715,269,1,270,7
2020-03-31,Alpine,002,1148,1,1,0,1,0
2020-03-31,Amador,005,37829,5,1,0,1,0
2020-03-31,Butte,007,227075,16,6,1,7,0
2020-03-31,Calaveras,009,45235,6,3,0,3,0
2020-03-31,Colusa,011,21464,3,1,0,1,0
2020-03-31,Contra Costa,013,1133247,499,246,0,246,3
2020-03-31,Del Norte,015,27424,1,0,0,0,0
2020-03-31,El Dorado,017,186661,33,14,0,14,0
2020-03-31,Fresno,019,978130,252,59,3,62,0
2020-03-31,Glenn,021,27897,3,2,0,2,0
2020-03-31,Humboldt,023,135768,51,18,0,18,0
2020-03-31,Imperial,025,180216,89,17,0,17,0
2020-03-31,Inyo,027,18085,10,8,0,8,0
2020-03-31,Kern,029,883053,281,47,0,47,0
2020-03-31,Kings,031,150075,30,2,0,2,0
2020-03-31,Lake,033,64148,1,0,0,0,0
2020-03-31,Lassen,035,31185,3,0,2,2,0
2020-03-31,Los Angeles,037,10098052,7108,3001,14,3015,53
2020-03-31,Madera,039,155013,49,17,0,17,1
2020-03-31,Marin,041,260295,137,85,0,85,1
2020-03-31,Mariposa,043,17540,0,0,0,0,0
2020-03-31,Mendocino,045,87422,5,4,0,4,0
2020-03-31,Merced,047,269075,44,6,0,6,0
2020-03-31,Modoc,049,8938,0,0,0,0,0
2020-03-31,Mono,051,14174,26,12,0,12,0
2020-03-31,Monterey,053,433212,83,43,0,43,2
2020-03-31,Napa,055,140530,35,9,0,9,0
2020-03-31,Nevada,057,99092,35,15,1,16,0
2020-03-31,Orange,059,3164182,1346,506,13,519,7
2020-03-31,Placer,061,380077,121,49,0,49,2
2020-03-31,Plumas,063,18699,1,0,0,0,0
2020-03-31,Riverside,065,2383286,1284,284,12,296,8
2020-03-31,Sacramento,067,1510023,609,271,0,271,8
2020-03-31,San Benito,069,59416,29,14,0,14,1
2020-03-31,San Bernardino,071,2135413,746,193,0,193,5
2020-03-31,San Diego,073,3302833,1580,736,0,736,9
2020-03-31,San Francisco,075,870044,767,404,0,404,5
2020-03-31,San Joaquin,077,732212,235,122,3,125,7
2020-03-31,San Luis Obispo,079,281455,129,67,1,68,0
2020-03-31,San Mateo,081,765935,742,297,2,299,12
2020-03-31,Santa Barbara,083,443738,221,89,1,90,0
2020-03-31,Santa Clara,085,1922200,1429,777,4,781,30
2020-03-31,Santa Cruz,087,273765,84,40,0,40,1
2020-03-31,Shasta,089,179085,22,5,0,5,1
2020-03-31,Sierra,091,2930,0,0,0,0,0
2020-03-31,Siskiyou,093,43540,4,3,0,3,0
2020-03-31,Solano,095,438530,117,56,0,56,0
2020-03-31,Sonoma,097,501317,148,58,0,58,1
2020-03-31,Stanislaus,099,539301,102,28,3,31,0
2020-03-31,Sutter,101,95872,21,8,0,8,0
2020-03-31,Tehama,103,63373,1,0,0,0,0
2020-03-31,Trinity,105,12862,0,0,0,0,0
2020-03-31,Tulare,107,460477,159,42,4,46,1
2020-03-31,Tuolumne,109,53932,3,1,0,1,0
2020-03-31,Ventura,111,848112,312,143,0,143,4
2020-03-31,Yolo,113,214977,60,21,0,21,1
2020-03-31,Yuba,115,75493,9,5,0,5,0
2020-03-30,Alameda,001,1643700,676,250,1,251,7
2020-03-30,Alpine,002,1148,1,1,0,1,0
2020-03-30,Amador,005,37829,5,1,0,1,0
2020-03-30,Butte,007,227075,15,5,1,6,0
2020-03-30,Calaveras,009,45235,6,3,0,3,0
2020-03-30,Colusa,011,21464,3,1,0,1,0
2020-03-30,Contra Costa,013,1133247,473,212,0,212,3
2020-03-30,Del Norte,015,27424,0,0,0,0,0
2020-03-30,El Dorado,017,186661,33,11,0,11,0
2020-03-30,Fresno,019,978130,227,46,3,49,0
2020-03-30,Glenn,021,27897,3,2,0,2,0
2020-03-30,Humboldt,023,135768,49,11,0,11,0
2020-03-30,Imperial,025,180216,86,9,0,9,0
2020-03-30,Inyo,027,18085,10,5,0,5,0
2020-03-30,Kern,029,883053,248,30,0,30,0
2020-03-30,Kings,031,150075,30,1,0,1,0
2020-03-30,Lake,033,64148,1,0,0,0,0
2020-03-30,Lassen,035,31185,3,0,1,1,0
2020-03-30,Los Angeles,037,10098052,6446,2467,14,2481,44
2020-03-30,Madera,039,155013,48,14,0,14,1
2020-03-30,Marin,041,260295,130,78,0,78,0
2020-03-30,Mariposa,043,17540,0,0,0,0,0
2020-03-30,Mendocino,045,87422,5,2,0,2,0
2020-03-30,Merced,047,269075,40,6,0,6,0
2020-03-30,Modoc,049,8938,0,0,0,0,0
2020-03-30,Mono,051,14174,26,11,0,11,0
2020-03-30,Monterey,053,433212,78,41,0,41,1
2020-03-30,Napa,055,140530,34,9,0,9,0
2020-03-30,Nevada,057,99092,34,14,1,15,0
2020-03-30,Orange,059,3164182,1281,418,13,431,5
2020-03-30,Placer,061,380077,118,44,0,44,2
2020-03-30,Plumas,063,18699,1,0,0,0,0
2020-03-30,Riverside,065,2383286,1203,204,12,216,7
2020-03-30,Sacramento,067,1510023,585,238,0,238,8
2020-03-30,San Benito,069,59416,29,11,0,11,1
2020-03-30,San Bernardino,071,2135413,702,145,0,145,4
2020-03-30,San Diego,073,3302833,1510,605,0,605,7
2020-03-30,San Francisco,075,870044,727,368,0,368,5
2020-03-30,San Joaquin,077,732212,228,112,3,115,5
2020-03-30,San Luis Obispo,079,281455,126,62,1,63,0
2020-03-30,San Mateo,081,765935,717,257,2,259,11
2020-03-30,Santa Barbara,083,443738,212,79,1,80,0
2020-03-30,Santa Clara,085,1922200,1398,745,3,748,31
2020-03-30,Santa Cruz,087,273765,81,36,0,36,1
2020-03-30,Shasta,089,179085,21,4,0,4,1
2020-03-30,Sierra,091,2930,0,0,0,0,0
2020-03-30,Siskiyou,093,43540,4,2,0,2,0
2020-03-30,Solano,095,438530,111,50,0,50,0
2020-03-30,Sonoma,097,501317,145,57,0,57,1
2020-03-30,Stanislaus,099,539301,95,28,3,31,0
2020-03-30,Sutter,101,95872,20,6,0,6,0
2020-03-30,Tehama,103,63373,1,0,0,0,0
2020-03-30,Trinity,105,12862,0,0,0,0,0
2020-03-30,Tulare,107,460477,147,40,3,43,1
2020-03-30,Tuolumne,109,53932,3,1,0,1,0
2020-03-30,Ventura,111,848112,301,118,0,118,2
2020-03-30,Yolo,113,214977,57,17,0,17,1
2020-03-30,Yuba,115,75493,8,5,0,5,0
2020-03-29,Alameda,001,1643700,642,207,1,208,6
2020-03-29,Alpine,002,1148,1,0,0,0,0
2020-03-29,Amador,005,37829,5,1,0,1,0
2020-03-29,Butte,007,227075,15,4,1,5,0
2020-03-29,Calaveras,009,45235,6,2,0,2,0
2020-03-29,Colusa,011,21464,3,1,0,1,0
2020-03-29,Contra Costa,013,1133247,443,187,0,187,3
2020-03-29,Del Norte,015,27424,0,0,0,0,0
2020-03-29,El Dorado,017,186661,32,9,0,9,0
2020-03-29,Fresno,019,978130,203,31,3,34,0
2020-03-29,Glenn,021,27897,2,1,0,1,0
2020-03-29,Humboldt,023,135768,46,9,0,9,0
2020-03-29,Imperial,025,180216,79,9,0,9,0
2020-03-29,Inyo,027,18085,9,0,0,0,0
2020-03-29,Kern,029,883053,230,20,0,20,0
2020-03-29,Kings,031,150075,27,1,0,1,0
2020-03-29,Lake,033,64148,0,0,0,0,0
2020-03-29,Lassen,035,31185,3,0,1,1,0
2020-03-29,Los Angeles,037,10098052,5796,2119,13,2132,37
2020-03-29,Madera,039,155013,43,11,0,11,1
2020-03-29,Marin,041,260295,125,60,0,60,0
2020-03-29,Mariposa,043,17540,0,0,0,0,0
2020-03-29,Mendocino,045,87422,5,2,0,2,0
2020-03-29,Merced,047,269075,37,4,0,4,0
2020-03-29,Modoc,049,8938,0,0,0,0,0
2020-03-29,Mono,051,14174,26,8,0,8,0
2020-03-29,Monterey,053,433212,73,36,0,36,1
2020-03-29,Napa,055,140530,32,5,0,5,0
2020-03-29,Nevada,057,99092,32,13,1,14,0
2020-03-29,Orange,059,3164182,1208,343,13,356,2
2020-03-29,Placer,061,380077,117,35,0,35,2
2020-03-29,Plumas,063,18699,1,0,0,0,0
2020-03-29,Riverside,065,2383286,1079,122,12,134,7
2020-03-29,Sacramento,067,1510023,545,217,0,217,7
2020-03-29,San Benito,069,59416,28,10,0,10,1
2020-03-29,San Bernardino,071,2135413,650,94,0,94,2
2020-03-29,San Diego,073,3302833,1438,521,0,521,7
2020-03-29,San Francisco,075,870044,683,333,0,333,5
2020-03-29,San Joaquin,077,732212,219,86,3,89,4
2020-03-29,San Luis Obispo,079,281455,119,55,0,55,0
2020-03-29,San Mateo,081,765935,692,234,2,236,12
2020-03-29,Santa Barbara,083,443738,204,52,1,53,0
2020-03-29,Santa Clara,085,1922200,1341,591,3,594,30
2020-03-29,Santa Cruz,087,273765,81,33,0,33,1
2020-03-29,Shasta,089,179085,20,4,0,4,1
2020-03-29,Sierra,091,2930,0,0,0,0,0
2020-03-29,Siskiyou,093,43540,4,2,0,2,0
2020-03-29,Solano,095,438530,103,48,0,48,0
2020-03-29,Sonoma,097,501317,143,35,0,35,1
2020-03-29,Stanislaus,099,539301,90,19,3,22,0
2020-03-29,Sutter,101,95872,17,6,0,6,0
2020-03-29,Tehama,103,63373,1,0,0,0,0
2020-03-29,Trinity,105,12862,0,0,0,0,0
2020-03-29,Tulare,107,460477,122,24,3,27,1
2020-03-29,Tuolumne,109,53932,2,1,0,1,0
2020-03-29,Ventura,111,848112,274,92,0,92,2
2020-03-29,Yolo,113,214977,52,13,0,13,1
2020-03-29,Yuba,115,75493,8,3,0,3,0
2020-03-28,Alameda,001,1643700,615,410,1,411,12
2020-03-28,Alpine,002,1148,1,0,0,0,0
2020-03-28,Amador,005,37829,5,2,0,2,0
2020-03-28,Butte,007,227075,15,8,1,9,0
2020-03-28,Calaveras,009,45235,6,4,0,4,0
2020-03-28,Colusa,011,21464,3,2,0,2,0
2020-03-28,Contra Costa,013,1133247,420,350,0,350,4
2020-03-28,Del Norte,015,27424,0,0,0,0,0
2020-03-28,El Dorado,017,186661,31,18,0,18,0
2020-03-28,Fresno,019,978130,193,62,3,65,0
2020-03-28,Glenn,021,27897,2,2,0,2,0
2020-03-28,Humboldt,023,135768,46,18,0,18,0
2020-03-28,Imperial,025,180216,74,18,0,18,0
2020-03-28,Inyo,027,18085,9,0,0,0,0
2020-03-28,Kern,029,883053,213,40,0,40,0
2020-03-28,Kings,031,150075,26,2,0,2,0
2020-03-28,Lake,033,64148,0,0,0,0,0
2020-03-28,Lassen,035,31185,3,0,1,1,0
2020-03-28,Los Angeles,037,10098052,5411,3600,12,3612,64
2020-03-28,Madera,039,155013,43,22,0,22,2
2020-03-28,Marin,041,260295,120,116,0,116,0
2020-03-28,Mariposa,043,17540,0,0,0,0,0
2020-03-28,Mendocino,045,87422,5,4,0,4,0
2020-03-28,Merced,047,269075,36,8,0,8,0
2020-03-28,Modoc,049,8938,0,0,0,0,0
2020-03-28,Mono,051,14174,24,12,0,12,0
2020-03-28,Monterey,053,433212,72,64,0,64,2
2020-03-28,Napa,055,140530,27,10,0,10,0
2020-03-28,Nevada,057,99092,32,22,1,23,0
2020-03-28,Orange,059,3164182,1172,656,13,669,4
2020-03-28,Placer,061,380077,112,70,0,70,2
2020-03-28,Plumas,063,18699,1,0,0,0,0
2020-03-28,Riverside,065,2383286,1011,242,12,254,14
2020-03-28,Sacramento,067,1510023,527,406,0,406,14
2020-03-28,San Benito,069,59416,28,20,0,20,2
2020-03-28,San Bernardino,071,2135413,603,162,0,162,4
2020-03-28,San Diego,073,3302833,1379,980,0,980,14
2020-03-28,San Francisco,075,870044,659,600,0,600,6
2020-03-28,San Joaquin,077,732212,212,166,3,169,8
2020-03-28,San Luis Obispo,079,281455,117,104,0,104,0
2020-03-28,San Mateo,081,765935,672,462,2,464,17
2020-03-28,Santa Barbara,083,443738,194,98,1,99,0
2020-03-28,Santa Clara,085,1922200,1322,1174,3,1177,54
2020-03-28,Santa Cruz,087,273765,80,62,0,62,0
2020-03-28,Shasta,089,179085,20,8,0,8,2
2020-03-28,Sierra,091,2930,0,0,0,0,0
2020-03-28,Siskiyou,093,43540,4,4,0,4,0
2020-03-28,Solano,095,438530,99,96,0,96,0
2020-03-28,Sonoma,097,501317,141,70,0,70,2
2020-03-28,Stanislaus,099,539301,85,34,3,37,0
2020-03-28,Sutter,101,95872,17,6,0,6,0
2020-03-28,Tehama,103,63373,1,0,0,0,0
2020-03-28,Trinity,105,12862,0,0,0,0,0
2020-03-28,Tulare,107,460477,114,46,3,49,0
2020-03-28,Tuolumne,109,53932,2,2,0,2,0
2020-03-28,Ventura,111,848112,270,178,0,178,4
2020-03-28,Yolo,113,214977,51,26,0,26,2
2020-03-28,Yuba,115,75493,8,6,0,6,0
2020-03-27,Alameda,001,1643700,596,185,1,186,4
2020-03-27,Alpine,002,1148,1,0,0,0,0
2020-03-27,Amador,005,37829,4,1,0,1,0
2020-03-27,Butte,007,227075,13,4,1,5,0
2020-03-27,Calaveras,009,45235,6,2,0,2,0
2020-03-27,Colusa,011,21464,3,0,0,0,0
2020-03-27,Contra Costa,013,1133247,399,161,0,161,2
2020-03-27,Del Norte,015,27424,0,0,0,0,0
2020-03-27,El Dorado,017,186661,29,9,0,9,0
2020-03-27,Fresno,019,978130,181,29,2,31,0
2020-03-27,Glenn,021,27897,2,0,0,0,0
2020-03-27,Humboldt,023,135768,42,9,0,9,0
2020-03-27,Imperial,025,180216,69,9,0,9,0
2020-03-27,Inyo,027,18085,9,0,0,0,0
2020-03-27,Kern,029,883053,200,20,0,20,0
2020-03-27,Kings,031,150075,25,0,0,0,0
2020-03-27,Lake,033,64148,0,0,0,0,0
2020-03-27,Lassen,035,31185,3,0,1,1,0
2020-03-27,Los Angeles,037,10098052,5003,1474,12,1486,26
2020-03-27,Madera,039,155013,41,10,0,10,1
2020-03-27,Marin,041,260295,115,58,0,58,0
2020-03-27,Mariposa,043,17540,0,0,0,0,0
2020-03-27,Mendocino,045,87422,5,2,0,2,0
2020-03-27,Merced,047,269075,35,3,0,3,0
2020-03-27,Modoc,049,8938,0,0,0,0,0
2020-03-27,Mono,051,14174,24,6,0,6,0
2020-03-27,Monterey,053,433212,69,26,0,26,1
2020-03-27,Napa,055,140530,27,5,0,5,0
2020-03-27,Nevada,057,99092,32,6,1,7,0
2020-03-27,Orange,059,3164182,1122,299,13,312,2
2020-03-27,Placer,061,380077,109,33,0,33,1
2020-03-27,Plumas,063,18699,0,0,0,0,0
2020-03-27,Riverside,065,2383286,955,121,12,133,7
2020-03-27,Sacramento,067,1510023,504,163,0,163,6
2020-03-27,San Benito,069,59416,27,9,0,9,1
2020-03-27,San Bernardino,071,2135413,513,77,0,77,2
2020-03-27,San Diego,073,3302833,1322,419,0,419,5
2020-03-27,San Francisco,075,870044,634,285,0,285,2
2020-03-27,San Joaquin,077,732212,201,73,3,76,3
2020-03-27,San Luis Obispo,079,281455,115,46,0,46,0
2020-03-27,San Mateo,081,765935,646,213,2,215,7
2020-03-27,Santa Barbara,083,443738,180,37,1,38,0
2020-03-27,Santa Clara,085,1922200,1284,557,3,560,25
2020-03-27,Santa Cruz,087,273765,79,31,0,31,0
2020-03-27,Shasta,089,179085,17,3,0,3,1
2020-03-27,Sierra,091,2930,0,0,0,0,0
2020-03-27,Siskiyou,093,43540,4,2,0,2,0
2020-03-27,Solano,095,438530,93,48,0,48,0
2020-03-27,Sonoma,097,501317,133,35,0,35,1
2020-03-27,Stanislaus,099,539301,83,16,3,19,0
2020-03-27,Sutter,101,95872,16,2,0,2,0
2020-03-27,Tehama,103,63373,1,0,0,0,0
2020-03-27,Trinity,105,12862,0,0,0,0,0
2020-03-27,Tulare,107,460477,106,15,3,18,0
2020-03-27,Tuolumne,109,53932,2,1,0,1,0
2020-03-27,Ventura,111,848112,261,80,0,80,2
2020-03-27,Yolo,113,214977,50,13,0,13,1
2020-03-27,Yuba,115,75493,7,3,0,3,0
2020-03-26,Alameda,001,1643700,556,172,1,173,4
2020-03-26,Alpine,002,1148,1,0,0,0,0
2020-03-26,Amador,005,37829,4,1,0,1,0
2020-03-26,Butte,007,227075,13,4,1,5,0
2020-03-26,Calaveras,009,45235,6,2,0,2,0
2020-03-26,Colusa,011,21464,3,0,0,0,0
2020-03-26,Contra Costa,013,1133247,388,147,0,147,2
2020-03-26,Del Norte,015,27424,0,0,0,0,0
2020-03-26,El Dorado,017,186661,27,7,0,7,0
2020-03-26,Fresno,019,978130,172,25,2,27,0
2020-03-26,Glenn,021,27897,2,0,0,0,0
2020-03-26,Humboldt,023,135768,38,8,0,8,0
2020-03-26,Imperial,025,180216,65,8,0,8,0
2020-03-26,Inyo,027,18085,8,0,0,0,0
2020-03-26,Kern,029,883053,184,20,0,20,0
2020-03-26,Kings,031,150075,25,0,0,0,0
2020-03-26,Lake,033,64148,0,0,0,0,0
2020-03-26,Lassen,035,31185,3,0,1,1,0
2020-03-26,Los Angeles,037,10098052,4596,1075,12,1087,19
2020-03-26,Madera,039,155013,39,8,0,8,0
2020-03-26,Marin,041,260295,106,56,0,56,0
2020-03-26,Mariposa,043,17540,0,0,0,0,0
2020-03-26,Mendocino,045,87422,4,1,0,1,0
2020-03-26,Merced,047,269075,32,1,0,1,0
2020-03-26,Modoc,049,8938,0,0,0,0,0
2020-03-26,Mono,051,14174,23,5,0,5,0
2020-03-26,Monterey,053,433212,66,25,0,25,1
2020-03-26,Napa,055,140530,26,5,0,5,0
2020-03-26,Nevada,057,99092,32,7,1,8,0
2020-03-26,Orange,059,3164182,1060,279,11,290,1
2020-03-26,Placer,061,380077,106,34,0,34,1
2020-03-26,Plumas,063,18699,0,0,0,0,0
2020-03-26,Riverside,065,2383286,884,118,12,130,7
2020-03-26,Sacramento,067,1510023,471,147,0,147,5
2020-03-26,San Benito,069,59416,27,8,0,8,1
2020-03-26,San Bernardino,071,2135413,447,57,0,57,1
2020-03-26,San Diego,073,3302833,1255,299,0,299,2
2020-03-26,San Francisco,075,870044,607,261,0,261,1
2020-03-26,San Joaquin,077,732212,190,69,3,72,3
2020-03-26,San Luis Obispo,079,281455,110,38,0,38,0
2020-03-26,San Mateo,081,765935,612,122,2,124,5
2020-03-26,Santa Barbara,083,443738,167,33,1,34,0
2020-03-26,Santa Clara,085,1922200,1239,487,2,489,20
2020-03-26,Santa Cruz,087,273765,75,30,0,30,0
2020-03-26,Shasta,089,179085,17,3,0,3,1
2020-03-26,Sierra,091,2930,0,0,0,0,0
2020-03-26,Siskiyou,093,43540,4,2,0,2,0
2020-03-26,Solano,095,438530,85,41,0,41,0
2020-03-26,Sonoma,097,501317,128,33,0,33,1
2020-03-26,Stanislaus,099,539301,81,15,3,18,0
2020-03-26,Sutter,101,95872,12,2,0,2,0
2020-03-26,Tehama,103,63373,1,0,0,0,0
2020-03-26,Trinity,105,12862,0,0,0,0,0
2020-03-26,Tulare,107,460477,97,15,3,18,0
2020-03-26,Tuolumne,109,53932,2,0,0,0,0
2020-03-26,Ventura,111,848112,245,70,0,70,1
2020-03-26,Yolo,113,214977,46,13,0,13,1
2020-03-26,Yuba,115,75493,7,3,0,3,0
2020-03-25,Alameda,001,1643700,535,134,1,135,3
2020-03-25,Alpine,002,1148,1,0,0,0,0
2020-03-25,Amador,005,37829,4,1,0,1,0
2020-03-25,Butte,007,227075,13,4,1,5,0
2020-03-25,Calaveras,009,45235,6,2,0,2,0
2020-03-25,Colusa,011,21464,2,0,0,0,0
2020-03-25,Contra Costa,013,1133247,374,131,0,131,1
2020-03-25,Del Norte,015,27424,0,0,0,0,0
2020-03-25,El Dorado,017,186661,27,5,0,5,0
2020-03-25,Fresno,019,978130,152,21,2,23,0
2020-03-25,Glenn,021,27897,2,0,0,0,0
2020-03-25,Humboldt,023,135768,35,3,0,3,0
2020-03-25,Imperial,025,180216,57,8,0,8,0
2020-03-25,Inyo,027,18085,5,0,0,0,0
2020-03-25,Kern,029,883053,164,13,0,13,0
2020-03-25,Kings,031,150075,23,0,0,0,0
2020-03-25,Lake,033,64148,0,0,0,0,0
2020-03-25,Lassen,035,31185,3,0,1,1,0
2020-03-25,Los Angeles,037,10098052,4196,725,12,737,10
2020-03-25,Madera,039,155013,37,6,0,6,0
2020-03-25,Marin,041,260295,100,47,0,47,0
2020-03-25,Mariposa,043,17540,0,0,0,0,0
2020-03-25,Mendocino,045,87422,3,1,0,1,0
2020-03-25,Merced,047,269075,29,0,0,0,0
2020-03-25,Modoc,049,8938,0,0,0,0,0
2020-03-25,Mono,051,14174,22,4,0,4,0
2020-03-25,Monterey,053,433212,63,23,0,23,1
2020-03-25,Napa,055,140530,26,5,0,5,0
2020-03-25,Nevada,057,99092,31,5,1,6,0
2020-03-25,Orange,059,3164182,1002,214,9,223,1
2020-03-25,Placer,061,380077,100,30,0,30,1
2020-03-25,Plumas,063,18699,0,1,0,1,0
2020-03-25,Riverside,065,2383286,813,87,12,99,5
2020-03-25,Sacramento,067,1510023,445,114,0,114,5
2020-03-25,San Benito,069,59416,26,4,0,4,1
2020-03-25,San Bernardino,071,2135413,408,46,0,46,1
2020-03-25,San Diego,073,3302833,1193,238,0,238,2
2020-03-25,San Francisco,075,870044,566,212,0,212,1
2020-03-25,San Joaquin,077,732212,177,64,3,67,2
2020-03-25,San Luis Obispo,079,281455,105,35,0,35,0
2020-03-25,San Mateo,081,765935,577,111,2,113,5
2020-03-25,Santa Barbara,083,443738,157,25,1,26,0
2020-03-25,Santa Clara,085,1922200,1195,452,2,454,20
2020-03-25,Santa Cruz,087,273765,72,26,0,26,0
2020-03-25,Shasta,089,179085,16,3,0,3,1
2020-03-25,Sierra,091,2930,0,0,0,0,0
2020-03-25,Siskiyou,093,43540,4,2,0,2,0
2020-03-25,Solano,095,438530,80,39,0,39,0
2020-03-25,Sonoma,097,501317,123,31,0,31,1
2020-03-25,Stanislaus,099,539301,74,14,3,17,0
2020-03-25,Sutter,101,95872,9,1,0,1,0
2020-03-25,Tehama,103,63373,1,0,0,0,0
2020-03-25,Trinity,105,12862,0,0,0,0,0
2020-03-25,Tulare,107,460477,87,11,3,14,0
2020-03-25,Tuolumne,109,53932,2,0,0,0,0
2020-03-25,Ventura,111,848112,229,53,0,53,1
2020-03-25,Yolo,113,214977,44,9,0,9,1
2020-03-25,Yuba,115,75493,7,2,0,2,0
2020-03-24,Alameda,001,1643700,503,96,1,97,2
2020-03-24,Alpine,002,1148,1,0,0,0,0
2020-03-24,Amador,005,37829,2,1,0,1,0
2020-03-24,Butte,007,227075,12,3,1,4,0
2020-03-24,Calaveras,009,45235,5,2,0,2,0
2020-03-24,Colusa,011,21464,2,0,0,0,0
2020-03-24,Contra Costa,013,1133247,361,108,0,108,1
2020-03-24,Del Norte,015,27424,0,0,0,0,0
2020-03-24,El Dorado,017,186661,27,3,0,3,0
2020-03-24,Fresno,019,978130,133,18,2,20,0
2020-03-24,Glenn,021,27897,2,0,0,0,0
2020-03-24,Humboldt,023,135768,33,2,0,2,0
2020-03-24,Imperial,025,180216,54,3,0,3,0
2020-03-24,Inyo,027,18085,5,0,0,0,0
2020-03-24,Kern,029,883053,144,5,0,5,0
2020-03-24,Kings,031,150075,22,0,0,0,0
2020-03-24,Lake,033,64148,0,0,0,0,0
2020-03-24,Lassen,035,31185,3,0,1,1,0
2020-03-24,Los Angeles,037,10098052,3752,633,12,645,7
2020-03-24,Madera,039,155013,36,6,0,6,0
2020-03-24,Marin,041,260295,89,44,0,44,0
2020-03-24,Mariposa,043,17540,0,0,0,0,0
2020-03-24,Mendocino,045,87422,3,1,0,1,0
2020-03-24,Merced,047,269075,26,0,0,0,0
2020-03-24,Modoc,049,8938,0,0,0,0,0
2020-03-24,Mono,051,14174,21,1,0,1,0
2020-03-24,Monterey,053,433212,59,23,0,23,1
2020-03-24,Napa,055,140530,23,2,0,2,0
2020-03-24,Nevada,057,99092,30,4,1,5,0
2020-03-24,Orange,059,3164182,940,166,9,175,0
2020-03-24,Placer,061,380077,93,22,0,22,1
2020-03-24,Plumas,063,18699,0,1,0,1,0
2020-03-24,Riverside,065,2383286,746,56,12,68,5
2020-03-24,Sacramento,067,1510023,426,93,0,93,4
2020-03-24,San Benito,069,59416,25,4,0,4,1
2020-03-24,San Bernardino,071,2135413,364,27,0,27,0
2020-03-24,San Diego,073,3302833,1126,231,0,231,2
2020-03-24,San Francisco,075,870044,534,181,0,181,1
2020-03-24,San Joaquin,077,732212,166,52,3,55,2
2020-03-24,San Luis Obispo,079,281455,102,32,0,32,0
2020-03-24,San Mateo,081,765935,536,100,2,102,2
2020-03-24,Santa Barbara,083,443738,151,20,1,21,0
2020-03-24,Santa Clara,085,1922200,1126,389,2,391,17
2020-03-24,Santa Cruz,087,273765,67,22,0,22,0
2020-03-24,Shasta,089,179085,15,3,0,3,0
2020-03-24,Sierra,091,2930,0,0,0,0,0
2020-03-24,Siskiyou,093,43540,4,2,0,2,0
2020-03-24,Solano,095,438530,78,34,0,34,0
2020-03-24,Sonoma,097,501317,116,27,0,27,1
2020-03-24,Stanislaus,099,539301,65,13,3,16,0
2020-03-24,Sutter,101,95872,9,0,0,0,0
2020-03-24,Tehama,103,63373,1,0,0,0,0
2020-03-24,Trinity,105,12862,0,0,0,0,0
2020-03-24,Tulare,107,460477,77,10,3,13,0
2020-03-24,Tuolumne,109,53932,2,0,0,0,0
2020-03-24,Ventura,111,848112,213,44,0,44,1
2020-03-24,Yolo,113,214977,40,8,0,8,0
2020-03-24,Yuba,115,75493,7,2,0,2,0
2020-03-23,Alameda,001,1643700,471,88,1,89,1
2020-03-23,Alpine,002,1148,1,0,0,0,0
2020-03-23,Amador,005,37829,2,1,0,1,0
2020-03-23,Butte,007,227075,12,2,0,2,0
2020-03-23,Calaveras,009,45235,5,2,0,2,0
2020-03-23,Colusa,011,21464,1,0,0,0,0
2020-03-23,Contra Costa,013,1133247,341,91,0,91,2
2020-03-23,Del Norte,015,27424,0,0,0,0,0
2020-03-23,El Dorado,017,186661,26,3,0,3,0
2020-03-23,Fresno,019,978130,123,10,2,12,0
2020-03-23,Glenn,021,27897,2,0,0,0,0
2020-03-23,Humboldt,023,135768,31,2,0,2,0
2020-03-23,Imperial,025,180216,50,2,0,2,0
2020-03-23,Inyo,027,18085,3,0,0,0,0
2020-03-23,Kern,029,883053,130,5,0,5,0
2020-03-23,Kings,031,150075,22,0,0,0,0
2020-03-23,Lake,033,64148,0,0,0,0,0
2020-03-23,Lassen,035,31185,3,0,1,1,0
2020-03-23,Los Angeles,037,10098052,3444,389,11,400,4
2020-03-23,Madera,039,155013,36,4,0,4,0
2020-03-23,Marin,041,260295,84,30,0,30,0
2020-03-23,Mariposa,043,17540,0,0,0,0,0
2020-03-23,Mendocino,045,87422,3,1,0,1,0
2020-03-23,Merced,047,269075,19,0,0,0,0
2020-03-23,Modoc,049,8938,0,0,0,0,0
2020-03-23,Mono,051,14174,19,1,0,1,0
2020-03-23,Monterey,053,433212,54,14,0,14,1
2020-03-23,Napa,055,140530,21,1,0,1,0
2020-03-23,Nevada,057,99092,27,2,1,3,0
2020-03-23,Orange,059,3164182,885,138,7,145,0
2020-03-23,Placer,061,380077,90,19,0,19,1
2020-03-23,Plumas,063,18699,0,0,0,0,0
2020-03-23,Riverside,065,2383286,703,39,12,51,5
2020-03-23,Sacramento,067,1510023,393,87,0,87,4
2020-03-23,San Benito,069,59416,24,4,0,4,1
2020-03-23,San Bernardino,071,2135413,334,17,0,17,0
2020-03-23,San Diego,073,3302833,1067,178,0,178,1
2020-03-23,San Francisco,075,870044,505,152,0,152,0
2020-03-23,San Joaquin,077,732212,154,37,3,40,2
2020-03-23,San Luis Obispo,079,281455,96,23,0,23,0
2020-03-23,San Mateo,081,765935,497,88,2,90,1
2020-03-23,Santa Barbara,083,443738,133,18,1,19,0
2020-03-23,Santa Clara,085,1922200,1077,336,2,338,13
2020-03-23,Santa Cruz,087,273765,65,21,0,21,0
2020-03-23,Shasta,089,179085,13,2,0,2,0
2020-03-23,Sierra,091,2930,0,0,0,0,0
2020-03-23,Siskiyou,093,43540,4,2,0,2,0
2020-03-23,Solano,095,438530,74,33,0,33,0
2020-03-23,Sonoma,097,501317,104,19,0,19,1
2020-03-23,Stanislaus,099,539301,57,10,3,13,0
2020-03-23,Sutter,101,95872,9,0,0,0,0
2020-03-23,Tehama,103,63373,1,0,0,0,0
2020-03-23,Trinity,105,12862,0,0,0,0,0
2020-03-23,Tulare,107,460477,68,9,3,12,0
2020-03-23,Tuolumne,109,53932,2,0,0,0,0
2020-03-23,Ventura,111,848112,196,30,0,30,0
2020-03-23,Yolo,113,214977,39,8,0,8,0
2020-03-23,Yuba,115,75493,7,2,0,2,0
2020-03-22,Alameda,001,1643700,432,72,1,73,1
2020-03-22,Alpine,002,1148,1,0,0,0,0
2020-03-22,Amador,005,37829,2,1,0,1,0
2020-03-22,Butte,007,227075,8,1,0,1,0
2020-03-22,Calaveras,009,45235,4,2,0,2,0
2020-03-22,Colusa,011,21464,1,0,0,0,0
2020-03-22,Contra Costa,013,1133247,314,79,0,79,1
2020-03-22,Del Norte,015,27424,0,0,0,0,0
2020-03-22,El Dorado,017,186661,24,1,0,1,0
2020-03-22,Fresno,019,978130,103,8,2,10,0
2020-03-22,Glenn,021,27897,2,0,0,0,0
2020-03-22,Humboldt,023,135768,28,1,0,1,0
2020-03-22,Imperial,025,180216,48,2,0,2,0
2020-03-22,Inyo,027,18085,1,0,0,0,0
2020-03-22,Kern,029,883053,114,3,0,3,0
2020-03-22,Kings,031,150075,19,0,0,0,0
2020-03-22,Lake,033,64148,0,0,0,0,0
2020-03-22,Lassen,035,31185,3,0,1,1,0
2020-03-22,Los Angeles,037,10098052,3114,384,11,395,3
2020-03-22,Madera,039,155013,33,4,0,4,0
2020-03-22,Marin,041,260295,74,30,0,30,0
2020-03-22,Mariposa,043,17540,0,0,0,0,0
2020-03-22,Mendocino,045,87422,3,1,0,1,0
2020-03-22,Merced,047,269075,16,0,0,0,0
2020-03-22,Modoc,049,8938,0,0,0,0,0
2020-03-22,Mono,051,14174,14,1,0,1,0
2020-03-22,Monterey,053,433212,51,14,0,14,1
2020-03-22,Napa,055,140530,17,1,0,1,0
2020-03-22,Nevada,057,99092,23,2,1,3,0
2020-03-22,Orange,059,3164182,812,102,4,106,0
2020-03-22,Placer,061,380077,88,18,0,18,1
2020-03-22,Plumas,063,18699,0,0,0,0,0
2020-03-22,Riverside,065,2383286,613,26,8,34,5
2020-03-22,Sacramento,067,1510023,361,82,0,82,4
2020-03-22,San Benito,069,59416,19,4,0,4,1
2020-03-22,San Bernardino,071,2135413,290,16,0,16,0
2020-03-22,San Diego,073,3302833,979,161,0,161,0
2020-03-22,San Francisco,075,870044,468,134,0,134,0
2020-03-22,San Joaquin,077,732212,140,30,3,33,2
2020-03-22,San Luis Obispo,079,281455,89,19,0,19,0
2020-03-22,San Mateo,081,765935,464,82,2,84,1
2020-03-22,Santa Barbara,083,443738,119,16,1,17,0
2020-03-22,Santa Clara,085,1922200,1013,284,2,286,13
2020-03-22,Santa Cruz,087,273765,64,19,0,19,0
2020-03-22,Shasta,089,179085,13,1,0,1,0
2020-03-22,Sierra,091,2930,0,0,0,0,0
2020-03-22,Siskiyou,093,43540,4,2,0,2,0
2020-03-22,Solano,095,438530,65,30,0,30,0
2020-03-22,Sonoma,097,501317,99,18,0,18,1
2020-03-22,Stanislaus,099,539301,51,8,3,11,0
2020-03-22,Sutter,101,95872,8,0,0,0,0
2020-03-22,Tehama,103,63373,0,0,0,0,0
2020-03-22,Trinity,105,12862,0,0,0,0,0
2020-03-22,Tulare,107,460477,62,5,3,8,0
2020-03-22,Tuolumne,109,53932,2,0,0,0,0
2020-03-22,Ventura,111,848112,174,26,0,26,0
2020-03-22,Yolo,113,214977,33,6,0,6,0
2020-03-22,Yuba,115,75493,7,2,0,2,0
2020-03-21,Alameda,001,1643700,408,62,1,63,0
2020-03-21,Alpine,002,1148,1,0,0,0,0
2020-03-21,Amador,005,37829,2,1,0,1,0
2020-03-21,Butte,007,227075,7,1,0,1,0
2020-03-21,Calaveras,009,45235,4,2,0,2,0
2020-03-21,Colusa,011,21464,1,0,0,0,0
2020-03-21,Contra Costa,013,1133247,303,62,0,62,1
2020-03-21,Del Norte,015,27424,0,0,0,0,0
2020-03-21,El Dorado,017,186661,21,1,0,1,0
2020-03-21,Fresno,019,978130,99,8,2,10,0
2020-03-21,Glenn,021,27897,2,0,0,0,0
2020-03-21,Humboldt,023,135768,25,1,0,1,0
2020-03-21,Imperial,025,180216,44,2,0,2,0
2020-03-21,Inyo,027,18085,1,0,0,0,0
2020-03-21,Kern,029,883053,108,3,0,3,0
2020-03-21,Kings,031,150075,19,0,0,0,0
2020-03-21,Lake,033,64148,0,0,0,0,0
2020-03-21,Lassen,035,31185,3,0,1,1,0
2020-03-21,Los Angeles,037,10098052,2838,322,11,333,2
2020-03-21,Madera,039,155013,33,4,0,4,0
2020-03-21,Marin,041,260295,69,30,0,30,0
2020-03-21,Mariposa,043,17540,0,0,0,0,0
2020-03-21,Mendocino,045,87422,3,1,0,1,0
2020-03-21,Merced,047,269075,12,0,0,0,0
2020-03-21,Modoc,049,8938,0,0,0,0,0
2020-03-21,Mono,051,14174,14,1,0,1,0
2020-03-21,Monterey,053,433212,48,8,0,8,1
2020-03-21,Napa,055,140530,17,0,0,0,0
2020-03-21,Nevada,057,99092,23,2,1,3,0
2020-03-21,Orange,059,3164182,763,85,4,89,0
2020-03-21,Placer,061,380077,78,11,0,11,1
2020-03-21,Plumas,063,18699,0,0,0,0,0
2020-03-21,Riverside,065,2383286,566,20,8,28,3
2020-03-21,Sacramento,067,1510023,334,66,0,66,3
2020-03-21,San Benito,069,59416,17,4,0,4,1
2020-03-21,San Bernardino,071,2135413,270,13,0,13,0
2020-03-21,San Diego,073,3302833,901,121,0,121,0
2020-03-21,San Francisco,075,870044,432,106,0,106,0
2020-03-21,San Joaquin,077,732212,131,26,3,29,2
2020-03-21,San Luis Obispo,079,281455,84,16,0,16,0
2020-03-21,San Mateo,081,765935,426,78,2,80,1
2020-03-21,Santa Barbara,083,443738,109,8,1,9,0
2020-03-21,Santa Clara,085,1922200,951,269,2,271,10
2020-03-21,Santa Cruz,087,273765,62,17,0,17,0
2020-03-21,Shasta,089,179085,12,1,0,1,0
2020-03-21,Sierra,091,2930,0,0,0,0,0
2020-03-21,Siskiyou,093,43540,4,0,0,0,0
2020-03-21,Solano,095,438530,63,30,0,30,0
2020-03-21,Sonoma,097,501317,98,15,0,15,1
2020-03-21,Stanislaus,099,539301,45,7,3,10,0
2020-03-21,Sutter,101,95872,7,0,0,0,0
2020-03-21,Tehama,103,63373,0,0,0,0,0
2020-03-21,Trinity,105,12862,0,0,0,0,0
2020-03-21,Tulare,107,460477,54,5,3,8,0
2020-03-21,Tuolumne,109,53932,2,0,0,0,0
2020-03-21,Ventura,111,848112,166,22,0,22,0
2020-03-21,Yolo,113,214977,33,6,0,6,0
2020-03-21,Yuba,115,75493,7,1,0,1,0
2020-03-20,Alameda,001,1643700,387,42,1,43,0
2020-03-20,Alpine,002,1148,1,0,0,0,0
2020-03-20,Amador,005,37829,1,0,0,0,0
2020-03-20,Butte,007,227075,7,0,0,0,0
2020-03-20,Calaveras,009,45235,4,2,0,2,0
2020-03-20,Colusa,011,21464,1,0,0,0,0
2020-03-20,Contra Costa,013,1133247,273,52,0,52,1
2020-03-20,Del Norte,015,27424,0,0,0,0,0
2020-03-20,El Dorado,017,186661,20,1,0,1,0
2020-03-20,Fresno,019,978130,96,7,2,9,0
2020-03-20,Glenn,021,27897,1,0,0,0,0
2020-03-20,Humboldt,023,135768,25,1,0,1,0
2020-03-20,Imperial,025,180216,43,2,0,2,0
2020-03-20,Inyo,027,18085,0,0,0,0,0
2020-03-20,Kern,029,883053,93,3,0,3,0
2020-03-20,Kings,031,150075,18,0,0,0,0
2020-03-20,Lake,033,64148,0,0,0,0,0
2020-03-20,Lassen,035,31185,3,0,1,1,0
2020-03-20,Los Angeles,037,10098052,2610,267,10,277,1
2020-03-20,Madera,039,155013,32,4,0,4,0
2020-03-20,Marin,041,260295,66,30,0,30,0
2020-03-20,Mariposa,043,17540,0,0,0,0,0
2020-03-20,Mendocino,045,87422,3,1,0,1,0
2020-03-20,Merced,047,269075,10,0,0,0,0
2020-03-20,Modoc,049,8938,0,0,0,0,0
2020-03-20,Mono,051,14174,14,0,0,0,0
2020-03-20,Monterey,053,433212,47,4,0,4,0
2020-03-20,Napa,055,140530,16,0,0,0,0
2020-03-20,Nevada,057,99092,20,2,1,3,0
2020-03-20,Orange,059,3164182,716,71,4,75,2
2020-03-20,Placer,061,380077,72,9,0,9,1
2020-03-20,Plumas,063,18699,0,0,0,0,0
2020-03-20,Riverside,065,2383286,507,19,8,27,3
2020-03-20,Sacramento,067,1510023,313,56,0,56,4
2020-03-20,San Benito,069,59416,17,4,0,4,1
2020-03-20,San Bernardino,071,2135413,243,9,0,9,0
2020-03-20,San Diego,073,3302833,849,98,0,98,0
2020-03-20,San Francisco,075,870044,399,87,0,87,0
2020-03-20,San Joaquin,077,732212,116,18,3,21,2
2020-03-20,San Luis Obispo,079,281455,80,11,0,11,0
2020-03-20,San Mateo,081,765935,396,71,2,73,1
2020-03-20,Santa Barbara,083,443738,97,7,1,8,0
2020-03-20,Santa Clara,085,1922200,915,246,2,248,8
2020-03-20,Santa Cruz,087,273765,60,13,0,13,0
2020-03-20,Shasta,089,179085,11,1,0,1,0
2020-03-20,Sierra,091,2930,0,0,0,0,0
2020-03-20,Siskiyou,093,43540,4,0,0,0,0
2020-03-20,Solano,095,438530,59,29,0,29,0
2020-03-20,Sonoma,097,501317,90,7,0,7,0
2020-03-20,Stanislaus,099,539301,39,7,3,10,0
2020-03-20,Sutter,101,95872,7,0,0,0,0
2020-03-20,Tehama,103,63373,0,0,0,0,0
2020-03-20,Trinity,105,12862,0,0,0,0,0
2020-03-20,Tulare,107,460477,50,4,3,7,0
2020-03-20,Tuolumne,109,53932,2,0,0,0,0
2020-03-20,Ventura,111,848112,156,18,0,18,0
2020-03-20,Yolo,113,214977,31,5,0,5,0
2020-03-20,Yuba,115,75493,6,0,0,0,0
2020-03-19,Alameda,001,1643700,351,36,1,37,0
2020-03-19,Alpine,002,1148,1,0,0,0,0
2020-03-19,Amador,005,37829,1,0,0,0,0
2020-03-19,Butte,007,227075,5,0,0,0,0
2020-03-19,Calaveras,009,45235,4,2,0,2,0
2020-03-19,Colusa,011,21464,0,0,0,0,0
2020-03-19,Contra Costa,013,1133247,257,46,0,46,0
2020-03-19,Del Norte,015,27424,0,0,0,0,0
2020-03-19,El Dorado,017,186661,18,0,0,0,0
2020-03-19,Fresno,019,978130,87,6,2,8,0
2020-03-19,Glenn,021,27897,1,0,0,0,0
2020-03-19,Humboldt,023,135768,23,1,0,1,0
2020-03-19,Imperial,025,180216,36,2,0,2,0
2020-03-19,Inyo,027,18085,0,0,0,0,0
2020-03-19,Kern,029,883053,81,3,0,3,0
2020-03-19,Kings,031,150075,14,0,0,0,0
2020-03-19,Lake,033,64148,0,0,0,0,0
2020-03-19,Lassen,035,31185,2,0,1,1,0
2020-03-19,Los Angeles,037,10098052,2320,233,10,243,0
2020-03-19,Madera,039,155013,31,3,0,3,0
2020-03-19,Marin,041,260295,63,19,0,19,0
2020-03-19,Mariposa,043,17540,0,0,0,0,0
2020-03-19,Mendocino,045,87422,2,1,0,1,0
2020-03-19,Merced,047,269075,9,0,0,0,0
2020-03-19,Modoc,049,8938,0,0,0,0,0
2020-03-19,Mono,051,14174,12,0,0,0,0
2020-03-19,Monterey,053,433212,39,3,0,3,0
2020-03-19,Napa,055,140530,14,0,0,0,0
2020-03-19,Nevada,057,99092,18,2,1,3,0
2020-03-19,Orange,059,3164182,635,59,4,63,0
2020-03-19,Placer,061,380077,64,8,0,8,1
2020-03-19,Plumas,063,18699,0,0,0,0,0
2020-03-19,Riverside,065,2383286,396,14,6,20,3
2020-03-19,Sacramento,067,1510023,280,52,0,52,3
2020-03-19,San Benito,069,59416,14,3,0,3,0
2020-03-19,San Bernardino,071,2135413,213,7,0,7,0
2020-03-19,San Diego,073,3302833,766,68,0,68,0
2020-03-19,San Francisco,075,870044,363,80,0,80,0
2020-03-19,San Joaquin,077,732212,102,15,3,18,2
2020-03-19,San Luis Obispo,079,281455,77,6,0,6,0
2020-03-19,San Mateo,081,765935,361,58,2,60,1
2020-03-19,Santa Barbara,083,443738,85,5,0,5,0
2020-03-19,Santa Clara,085,1922200,848,183,2,185,8
2020-03-19,Santa Cruz,087,273765,57,13,0,13,0
2020-03-19,Shasta,089,179085,10,1,0,1,0
2020-03-19,Sierra,091,2930,0,0,0,0,0
2020-03-19,Siskiyou,093,43540,3,0,0,0,0
2020-03-19,Solano,095,438530,55,26,0,26,0
2020-03-19,Sonoma,097,501317,87,8,0,8,0
2020-03-19,Stanislaus,099,539301,38,7,3,10,0
2020-03-19,Sutter,101,95872,7,0,0,0,0
2020-03-19,Tehama,103,63373,0,0,0,0,0
2020-03-19,Trinity,105,12862,0,0,0,0,0
2020-03-19,Tulare,107,460477,44,3,3,6,0
2020-03-19,Tuolumne,109,53932,2,0,0,0,0
2020-03-19,Ventura,111,848112,134,15,0,15,0
2020-03-19,Yolo,113,214977,27,5,0,5,0
2020-03-19,Yuba,115,75493,5,0,0,0,0
2020-03-18,Alameda,001,1643700,322,29,1,30,0
2020-03-18,Alpine,002,1148,1,0,0,0,0
2020-03-18,Amador,005,37829,1,0,0,0,0
2020-03-18,Butte,007,227075,4,0,0,0,0
2020-03-18,Calaveras,009,45235,4,2,0,2,0
2020-03-18,Colusa,011,21464,0,0,0,0,0
2020-03-18,Contra Costa,013,1133247,235,44,0,44,0
2020-03-18,Del Norte,015,27424,0,0,0,0,0
2020-03-18,El Dorado,017,186661,17,0,0,0,0
2020-03-18,Fresno,019,978130,78,3,1,4,0
2020-03-18,Glenn,021,27897,1,0,0,0,0
2020-03-18,Humboldt,023,135768,19,1,0,1,0
2020-03-18,Imperial,025,180216,30,2,0,2,0
2020-03-18,Inyo,027,18085,0,0,0,0,0
2020-03-18,Kern,029,883053,66,1,0,1,0
2020-03-18,Kings,031,150075,12,0,0,0,0
2020-03-18,Lake,033,64148,0,0,0,0,0
2020-03-18,Lassen,035,31185,1,0,1,1,0
2020-03-18,Los Angeles,037,10098052,2075,47,10,57,0
2020-03-18,Madera,039,155013,30,2,0,2,0
2020-03-18,Marin,041,260295,58,10,0,10,0
2020-03-18,Mariposa,043,17540,0,0,0,0,0
2020-03-18,Mendocino,045,87422,2,0,0,0,0
2020-03-18,Merced,047,269075,9,0,0,0,0
2020-03-18,Modoc,049,8938,0,0,0,0,0
2020-03-18,Mono,051,14174,11,0,0,0,0
2020-03-18,Monterey,053,433212,31,1,0,1,0
2020-03-18,Napa,055,140530,11,0,0,0,0
2020-03-18,Nevada,057,99092,16,2,1,3,0
2020-03-18,Orange,059,3164182,577,38,4,42,0
2020-03-18,Placer,061,380077,57,8,0,8,1
2020-03-18,Plumas,063,18699,0,0,0,0,0
2020-03-18,Riverside,065,2383286,333,11,5,16,2
2020-03-18,Sacramento,067,1510023,257,46,0,46,3
2020-03-18,San Benito,069,59416,13,3,0,3,0
2020-03-18,San Bernardino,071,2135413,191,3,0,3,0
2020-03-18,San Diego,073,3302833,681,40,0,40,0
2020-03-18,San Francisco,075,870044,344,65,0,65,0
2020-03-18,San Joaquin,077,732212,90,14,3,17,2
2020-03-18,San Luis Obispo,079,281455,70,5,0,5,0
2020-03-18,San Mateo,081,765935,340,57,2,59,1
2020-03-18,Santa Barbara,083,443738,77,2,0,2,0
2020-03-18,Santa Clara,085,1922200,797,151,2,153,6
2020-03-18,Santa Cruz,087,273765,55,11,0,11,0
2020-03-18,Shasta,089,179085,9,1,0,1,0
2020-03-18,Sierra,091,2930,0,0,0,0,0
2020-03-18,Siskiyou,093,43540,3,0,0,0,0
2020-03-18,Solano,095,438530,51,26,0,26,0
2020-03-18,Sonoma,097,501317,78,6,0,6,0
2020-03-18,Stanislaus,099,539301,34,5,2,7,0
2020-03-18,Sutter,101,95872,5,0,0,0,0
2020-03-18,Tehama,103,63373,0,0,0,0,0
2020-03-18,Trinity,105,12862,0,0,0,0,0
2020-03-18,Tulare,107,460477,34,3,3,6,0
2020-03-18,Tuolumne,109,53932,2,0,0,0,0
2020-03-18,Ventura,111,848112,115,11,0,11,0
2020-03-18,Yolo,113,214977,24,4,0,4,0
2020-03-18,Yuba,115,75493,4,0,0,0,0
2020-03-17,Alameda,001,1643700,290,19,0,19,0
2020-03-17,Alpine,002,1148,0,0,0,0,0
2020-03-17,Amador,005,37829,1,0,0,0,0
2020-03-17,Butte,007,227075,4,0,0,0,0
2020-03-17,Calaveras,009,45235,4,2,0,2,0
2020-03-17,Colusa,011,21464,0,0,0,0,0
2020-03-17,Contra Costa,013,1133247,213,37,0,37,0
2020-03-17,Del Norte,015,27424,0,0,0,0,0
2020-03-17,El Dorado,017,186661,16,0,0,0,0
2020-03-17,Fresno,019,978130,68,2,1,3,0
2020-03-17,Glenn,021,27897,1,0,0,0,0
2020-03-17,Humboldt,023,135768,17,1,0,1,0
2020-03-17,Imperial,025,180216,24,2,0,2,0
2020-03-17,Inyo,027,18085,0,0,0,0,0
2020-03-17,Kern,029,883053,52,0,0,0,0
2020-03-17,Kings,031,150075,9,0,0,0,0
2020-03-17,Lake,033,64148,0,0,0,0,0
2020-03-17,Lassen,035,31185,1,0,1,1,0
2020-03-17,Los Angeles,037,10098052,1866,41,10,51,0
2020-03-17,Madera,039,155013,22,2,0,2,0
2020-03-17,Marin,041,260295,51,4,0,4,0
2020-03-17,Mariposa,043,17540,0,0,0,0,0
2020-03-17,Mendocino,045,87422,2,0,0,0,0
2020-03-17,Merced,047,269075,9,0,0,0,0
2020-03-17,Modoc,049,8938,0,0,0,0,0
2020-03-17,Mono,051,14174,9,0,0,0,0
2020-03-17,Monterey,053,433212,29,0,0,0,0
2020-03-17,Napa,055,140530,8,0,0,0,0
2020-03-17,Nevada,057,99092,15,1,1,2,0
2020-03-17,Orange,059,3164182,499,24,3,27,0
2020-03-17,Placer,061,380077,47,7,0,7,1
2020-03-17,Plumas,063,18699,0,0,0,0,0
2020-03-17,Riverside,065,2383286,271,11,5,16,0
2020-03-17,Sacramento,067,1510023,237,36,0,36,1
2020-03-17,San Benito,069,59416,12,2,0,2,0
2020-03-17,San Bernardino,071,2135413,163,2,0,2,0
2020-03-17,San Diego,073,3302833,614,17,0,17,0
2020-03-17,San Francisco,075,870044,317,46,0,46,0
2020-03-17,San Joaquin,077,732212,84,11,3,14,0
2020-03-17,San Luis Obispo,079,281455,62,1,0,1,0
2020-03-17,San Mateo,081,765935,308,46,2,48,1
2020-03-17,Santa Barbara,083,443738,65,0,0,0,0
2020-03-17,Santa Clara,085,1922200,739,121,2,123,4
2020-03-17,Santa Cruz,087,273765,52,10,0,10,0
2020-03-17,Shasta,089,179085,5,1,0,1,0
2020-03-17,Sierra,091,2930,0,0,0,0,0
2020-03-17,Siskiyou,093,43540,3,0,0,0,0
2020-03-17,Solano,095,438530,48,27,0,27,0
2020-03-17,Sonoma,097,501317,70,4,0,4,0
2020-03-17,Stanislaus,099,539301,31,4,2,6,0
2020-03-17,Sutter,101,95872,5,0,0,0,0
2020-03-17,Tehama,103,63373,0,0,0,0,0
2020-03-17,Trinity,105,12862,0,0,0,0,0
2020-03-17,Tulare,107,460477,29,2,3,5,0
2020-03-17,Tuolumne,109,53932,2,0,0,0,0
2020-03-17,Ventura,111,848112,98,7,0,7,0
2020-03-17,Yolo,113,214977,20,2,0,2,0
2020-03-17,Yuba,115,75493,4,0,0,0,0
2020-03-16,Alameda,001,1643700,261,17,0,17,0
2020-03-16,Alpine,002,1148,0,0,0,0,0
2020-03-16,Amador,005,37829,1,0,0,0,0
2020-03-16,Butte,007,227075,3,0,0,0,0
2020-03-16,Calaveras,009,45235,4,2,0,2,0
2020-03-16,Colusa,011,21464,0,0,0,0,0
2020-03-16,Contra Costa,013,1133247,189,36,0,36,0
2020-03-16,Del Norte,015,27424,0,0,0,0,0
2020-03-16,El Dorado,017,186661,15,0,0,0,0
2020-03-16,Fresno,019,978130,53,2,1,3,0
2020-03-16,Glenn,021,27897,0,0,0,0,0
2020-03-16,Humboldt,023,135768,13,1,0,1,0
2020-03-16,Imperial,025,180216,19,2,0,2,0
2020-03-16,Inyo,027,18085,0,0,0,0,0
2020-03-16,Kern,029,883053,43,0,0,0,0
2020-03-16,Kings,031,150075,8,0,0,0,0
2020-03-16,Lake,033,64148,0,0,0,0,0
2020-03-16,Lassen,035,31185,1,0,0,0,0
2020-03-16,Los Angeles,037,10098052,1628,43,10,53,0
2020-03-16,Madera,039,155013,21,2,0,2,0
2020-03-16,Marin,041,260295,48,4,0,4,0
2020-03-16,Mariposa,043,17540,0,0,0,0,0
2020-03-16,Mendocino,045,87422,2,0,0,0,0
2020-03-16,Merced,047,269075,7,0,0,0,0
2020-03-16,Modoc,049,8938,0,0,0,0,0
2020-03-16,Mono,051,14174,7,0,0,0,0
2020-03-16,Monterey,053,433212,28,0,0,0,0
2020-03-16,Napa,055,140530,7,0,0,0,0
2020-03-16,Nevada,057,99092,11,1,1,2,0
2020-03-16,Orange,059,3164182,416,18,3,21,0
2020-03-16,Placer,061,380077,39,7,0,7,1
2020-03-16,Plumas,063,18699,0,0,0,0,0
2020-03-16,Riverside,065,2383286,235,10,5,15,0
2020-03-16,Sacramento,067,1510023,210,34,0,34,1
2020-03-16,San Benito,069,59416,8,2,0,2,0
2020-03-16,San Bernardino,071,2135413,143,1,0,1,0
2020-03-16,San Diego,073,3302833,523,17,0,17,0
2020-03-16,San Francisco,075,870044,279,40,0,40,0
2020-03-16,San Joaquin,077,732212,74,9,3,12,0
2020-03-16,San Luis Obispo,079,281455,55,1,0,1,0
2020-03-16,San Mateo,081,765935,269,42,2,44,1
2020-03-16,Santa Barbara,083,443738,55,0,0,0,0
2020-03-16,Santa Clara,085,1922200,659,115,1,116,2
2020-03-16,Santa Cruz,087,273765,45,9,0,9,0
2020-03-16,Shasta,089,179085,5,1,0,1,0
2020-03-16,Sierra,091,2930,0,0,0,0,0
2020-03-16,Siskiyou,093,43540,2,0,0,0,0
2020-03-16,Solano,095,438530,43,27,0,27,0
2020-03-16,Sonoma,097,501317,62,4,0,4,0
2020-03-16,Stanislaus,099,539301,27,2,2,4,0
2020-03-16,Sutter,101,95872,3,0,0,0,0
2020-03-16,Tehama,103,63373,0,0,0,0,0
2020-03-16,Trinity,105,12862,0,0,0,0,0
2020-03-16,Tulare,107,460477,25,2,3,5,0
2020-03-16,Tuolumne,109,53932,2,0,0,0,0
2020-03-16,Ventura,111,848112,88,7,0,7,0
2020-03-16,Yolo,113,214977,18,2,0,2,0
2020-03-16,Yuba,115,75493,3,0,0,0,0
2020-03-15,Alameda,001,1643700,214,17,0,17,0
2020-03-15,Alpine,002,1148,0,0,0,0,0
2020-03-15,Amador,005,37829,1,0,0,0,0
2020-03-15,Butte,007,227075,3,0,0,0,0
2020-03-15,Calaveras,009,45235,2,2,0,2,0
2020-03-15,Colusa,011,21464,0,0,0,0,0
2020-03-15,Contra Costa,013,1133247,164,34,0,34,0
2020-03-15,Del Norte,015,27424,0,0,0,0,0
2020-03-15,El Dorado,017,186661,14,0,0,0,0
2020-03-15,Fresno,019,978130,33,1,1,2,0
2020-03-15,Glenn,021,27897,0,0,0,0,0
2020-03-15,Humboldt,023,135768,11,1,0,1,0
2020-03-15,Imperial,025,180216,14,2,0,2,0
2020-03-15,Inyo,027,18085,0,0,0,0,0
2020-03-15,Kern,029,883053,37,0,0,0,0
2020-03-15,Kings,031,150075,8,0,0,0,0
2020-03-15,Lake,033,64148,0,0,0,0,0
2020-03-15,Lassen,035,31185,1,0,0,0,0
2020-03-15,Los Angeles,037,10098052,1380,41,10,51,0
2020-03-15,Madera,039,155013,20,2,0,2,0
2020-03-15,Marin,041,260295,41,3,0,3,0
2020-03-15,Mariposa,043,17540,0,0,0,0,0
2020-03-15,Mendocino,045,87422,2,0,0,0,0
2020-03-15,Merced,047,269075,4,0,0,0,0
2020-03-15,Modoc,049,8938,0,0,0,0,0
2020-03-15,Mono,051,14174,6,0,0,0,0
2020-03-15,Monterey,053,433212,21,0,0,0,0
2020-03-15,Napa,055,140530,7,0,0,0,0
2020-03-15,Nevada,057,99092,11,0,1,1,0
2020-03-15,Orange,059,3164182,348,16,1,17,0
2020-03-15,Placer,061,380077,33,7,0,7,1
2020-03-15,Plumas,063,18699,0,0,0,0,0
2020-03-15,Riverside,065,2383286,183,10,5,15,0
2020-03-15,Sacramento,067,1510023,174,30,0,30,1
2020-03-15,San Benito,069,59416,8,2,0,2,0
2020-03-15,San Bernardino,071,2135413,121,0,0,0,0
2020-03-15,San Diego,073,3302833,436,16,0,16,0
2020-03-15,San Francisco,075,870044,221,31,0,31,0
2020-03-15,San Joaquin,077,732212,63,6,3,9,0
2020-03-15,San Luis Obispo,079,281455,45,1,0,1,0
2020-03-15,San Mateo,081,765935,235,29,1,30,1
2020-03-15,Santa Barbara,083,443738,46,0,0,0,0
2020-03-15,Santa Clara,085,1922200,587,79,1,80,2
2020-03-15,Santa Cruz,087,273765,38,8,0,8,0
2020-03-15,Shasta,089,179085,5,1,0,1,0
2020-03-15,Sierra,091,2930,0,0,0,0,0
2020-03-15,Siskiyou,093,43540,2,0,0,0,0
2020-03-15,Solano,095,438530,42,26,0,26,0
2020-03-15,Sonoma,097,501317,53,4,0,4,0
2020-03-15,Stanislaus,099,539301,26,2,2,4,0
2020-03-15,Sutter,101,95872,2,0,0,0,0
2020-03-15,Tehama,103,63373,0,0,0,0,0
2020-03-15,Trinity,105,12862,0,0,0,0,0
2020-03-15,Tulare,107,460477,19,2,3,5,0
2020-03-15,Tuolumne,109,53932,1,0,0,0,0
2020-03-15,Ventura,111,848112,77,5,0,5,0
2020-03-15,Yolo,113,214977,15,2,0,2,0
2020-03-15,Yuba,115,75493,2,0,0,0,0
2020-03-14,Alameda,001,1643700,195,11,0,11,0
2020-03-14,Alpine,002,1148,0,0,0,0,0
2020-03-14,Amador,005,37829,1,0,0,0,0
2020-03-14,Butte,007,227075,2,0,0,0,0
2020-03-14,Calaveras,009,45235,2,2,0,2,0
2020-03-14,Colusa,011,21464,0,0,0,0,0
2020-03-14,Contra Costa,013,1133247,142,30,0,30,0
2020-03-14,Del Norte,015,27424,0,0,0,0,0
2020-03-14,El Dorado,017,186661,12,0,0,0,0
2020-03-14,Fresno,019,978130,25,1,1,2,0
2020-03-14,Glenn,021,27897,0,0,0,0,0
2020-03-14,Humboldt,023,135768,7,1,0,1,0
2020-03-14,Imperial,025,180216,10,2,0,2,0
2020-03-14,Inyo,027,18085,0,0,0,0,0
2020-03-14,Kern,029,883053,32,0,0,0,0
2020-03-14,Kings,031,150075,8,0,0,0,0
2020-03-14,Lake,033,64148,0,0,0,0,0
2020-03-14,Lassen,035,31185,1,0,0,0,0
2020-03-14,Los Angeles,037,10098052,1198,35,10,45,0
2020-03-14,Madera,039,155013,19,2,0,2,0
2020-03-14,Marin,041,260295,37,3,0,3,0
2020-03-14,Mariposa,043,17540,0,0,0,0,0
2020-03-14,Mendocino,045,87422,2,0,0,0,0
2020-03-14,Merced,047,269075,4,0,0,0,0
2020-03-14,Modoc,049,8938,0,0,0,0,0
2020-03-14,Mono,051,14174,5,0,0,0,0
2020-03-14,Monterey,053,433212,15,0,0,0,0
2020-03-14,Napa,055,140530,5,0,0,0,0
2020-03-14,Nevada,057,99092,8,0,1,1,0
2020-03-14,Orange,059,3164182,309,14,0,14,0
2020-03-14,Placer,061,380077,29,6,0,6,1
2020-03-14,Plumas,063,18699,0,0,0,0,0
2020-03-14,Riverside,065,2383286,163,10,5,15,0
2020-03-14,Sacramento,067,1510023,152,31,0,31,1
2020-03-14,San Benito,069,59416,8,2,0,2,0
2020-03-14,San Bernardino,071,2135413,102,0,0,0,0
2020-03-14,San Diego,073,3302833,361,10,0,10,0
2020-03-14,San Francisco,075,870044,200,29,0,29,0
2020-03-14,San Joaquin,077,732212,54,6,3,9,0
2020-03-14,San Luis Obispo,079,281455,40,0,0,0,0
2020-03-14,San Mateo,081,765935,212,27,1,28,0
2020-03-14,Santa Barbara,083,443738,37,0,0,0,0
2020-03-14,Santa Clara,085,1922200,532,62,1,63,2
2020-03-14,Santa Cruz,087,273765,33,8,0,8,0
2020-03-14,Shasta,089,179085,5,1,0,1,0
2020-03-14,Sierra,091,2930,0,0,0,0,0
2020-03-14,Siskiyou,093,43540,1,0,0,0,0
2020-03-14,Solano,095,438530,40,26,0,26,0
2020-03-14,Sonoma,097,501317,40,2,0,2,0
2020-03-14,Stanislaus,099,539301,22,2,2,4,0
2020-03-14,Sutter,101,95872,2,0,0,0,0
2020-03-14,Tehama,103,63373,0,0,0,0,0
2020-03-14,Trinity,105,12862,0,0,0,0,0
2020-03-14,Tulare,107,460477,17,2,2,4,0
2020-03-14,Tuolumne,109,53932,1,0,0,0,0
2020-03-14,Ventura,111,848112,68,5,0,5,0
2020-03-14,Yolo,113,214977,15,2,0,2,0
2020-03-14,Yuba,115,75493,1,0,0,0,0
2020-03-13,Alameda,001,1643700,176,12,0,12,0
2020-03-13,Alpine,002,1148,0,0,0,0,0
2020-03-13,Amador,005,37829,1,0,0,0,0
2020-03-13,Butte,007,227075,0,0,0,0,0
2020-03-13,Calaveras,009,45235,2,2,0,2,0
2020-03-13,Colusa,011,21464,0,0,0,0,0
2020-03-13,Contra Costa,013,1133247,128,22,0,22,0
2020-03-13,Del Norte,015,27424,0,0,0,0,0
2020-03-13,El Dorado,017,186661,11,0,0,0,0
2020-03-13,Fresno,019,978130,20,1,1,2,0
2020-03-13,Glenn,021,27897,0,0,0,0,0
2020-03-13,Humboldt,023,135768,7,1,0,1,0
2020-03-13,Imperial,025,180216,9,2,0,2,0
2020-03-13,Inyo,027,18085,0,0,0,0,0
2020-03-13,Kern,029,883053,27,0,0,0,0
2020-03-13,Kings,031,150075,7,0,0,0,0
2020-03-13,Lake,033,64148,0,0,0,0,0
2020-03-13,Lassen,035,31185,1,0,0,0,0
2020-03-13,Los Angeles,037,10098052,1041,30,8,38,0
2020-03-13,Madera,039,155013,18,1,0,1,0
2020-03-13,Marin,041,260295,34,3,0,3,0
2020-03-13,Mariposa,043,17540,0,0,0,0,0
2020-03-13,Mendocino,045,87422,2,0,0,0,0
2020-03-13,Merced,047,269075,2,0,0,0,0
2020-03-13,Modoc,049,8938,0,0,0,0,0
2020-03-13,Mono,051,14174,3,0,0,0,0
2020-03-13,Monterey,053,433212,10,0,0,0,0
2020-03-13,Napa,055,140530,3,0,0,0,0
2020-03-13,Nevada,057,99092,7,0,1,1,0
2020-03-13,Orange,059,3164182,269,10,0,10,0
2020-03-13,Placer,061,380077,27,6,0,6,1
2020-03-13,Plumas,063,18699,0,0,0,0,0
2020-03-13,Riverside,065,2383286,133,5,4,9,0
2020-03-13,Sacramento,067,1510023,130,18,0,18,1
2020-03-13,San Benito,069,59416,6,2,0,2,0
2020-03-13,San Bernardino,071,2135413,96,0,0,0,0
2020-03-13,San Diego,073,3302833,311,8,0,8,0
2020-03-13,San Francisco,075,870044,185,28,0,28,0
2020-03-13,San Joaquin,077,732212,50,6,3,9,0
2020-03-13,San Luis Obispo,079,281455,33,0,0,0,0
2020-03-13,San Mateo,081,765935,191,24,1,25,0
2020-03-13,Santa Barbara,083,443738,33,0,0,0,0
2020-03-13,Santa Clara,085,1922200,470,59,1,60,1
2020-03-13,Santa Cruz,087,273765,32,7,0,7,0
2020-03-13,Shasta,089,179085,3,1,0,1,0
2020-03-13,Sierra,091,2930,0,0,0,0,0
2020-03-13,Siskiyou,093,43540,0,0,0,0,0
2020-03-13,Solano,095,438530,39,26,0,26,0
2020-03-13,Sonoma,097,501317,39,2,0,2,0
2020-03-13,Stanislaus,099,539301,17,2,2,4,0
2020-03-13,Sutter,101,95872,2,0,0,0,0
2020-03-13,Tehama,103,63373,0,0,0,0,0
2020-03-13,Trinity,105,12862,0,0,0,0,0
2020-03-13,Tulare,107,460477,14,2,2,4,0
2020-03-13,Tuolumne,109,53932,1,0,0,0,0
2020-03-13,Ventura,111,848112,54,5,0,5,0
2020-03-13,Yolo,113,214977,14,1,0,1,0
2020-03-13,Yuba,115,75493,1,0,0,0,0
2020-03-12,Alameda,001,1643700,151,9,0,9,0
2020-03-12,Alpine,002,1148,0,0,0,0,0
2020-03-12,Amador,005,37829,1,0,0,0,0
2020-03-12,Butte,007,227075,0,0,0,0,0
2020-03-12,Calaveras,009,45235,2,2,0,2,0
2020-03-12,Colusa,011,21464,0,0,0,0,0
2020-03-12,Contra Costa,013,1133247,110,18,0,18,0
2020-03-12,Del Norte,015,27424,0,0,0,0,0
2020-03-12,El Dorado,017,186661,9,0,0,0,0
2020-03-12,Fresno,019,978130,12,1,1,2,0
2020-03-12,Glenn,021,27897,0,0,0,0,0
2020-03-12,Humboldt,023,135768,6,1,0,1,0
2020-03-12,Imperial,025,180216,8,2,0,2,0
2020-03-12,Inyo,027,18085,0,0,0,0,0
2020-03-12,Kern,029,883053,18,0,0,0,0
2020-03-12,Kings,031,150075,4,0,0,0,0
2020-03-12,Lake,033,64148,0,0,0,0,0
2020-03-12,Lassen,035,31185,1,0,0,0,0
2020-03-12,Los Angeles,037,10098052,877,30,8,38,0
2020-03-12,Madera,039,155013,15,1,0,1,0
2020-03-12,Marin,041,260295,24,1,0,1,0
2020-03-12,Mariposa,043,17540,0,0,0,0,0
2020-03-12,Mendocino,045,87422,2,0,0,0,0
2020-03-12,Merced,047,269075,2,0,0,0,0
2020-03-12,Modoc,049,8938,0,0,0,0,0
2020-03-12,Mono,051,14174,3,0,0,0,0
2020-03-12,Monterey,053,433212,8,0,0,0,0
2020-03-12,Napa,055,140530,3,0,0,0,0
2020-03-12,Nevada,057,99092,4,0,1,1,0
2020-03-12,Orange,059,3164182,232,7,0,7,0
2020-03-12,Placer,061,380077,23,6,0,6,1
2020-03-12,Plumas,063,18699,0,0,0,0,0
2020-03-12,Riverside,065,2383286,107,5,2,7,0
2020-03-12,Sacramento,067,1510023,106,17,0,17,1
2020-03-12,San Benito,069,59416,5,2,0,2,0
2020-03-12,San Bernardino,071,2135413,80,0,0,0,0
2020-03-12,San Diego,073,3302833,256,9,0,9,0
2020-03-12,San Francisco,075,870044,159,20,0,20,0
2020-03-12,San Joaquin,077,732212,44,3,3,6,1
2020-03-12,San Luis Obispo,079,281455,26,0,0,0,0
2020-03-12,San Mateo,081,765935,157,21,1,22,0
2020-03-12,Santa Barbara,083,443738,22,0,0,0,0
2020-03-12,Santa Clara,085,1922200,412,51,1,52,1
2020-03-12,Santa Cruz,087,273765,29,5,0,5,0
2020-03-12,Shasta,089,179085,2,1,0,1,0
2020-03-12,Sierra,091,2930,0,0,0,0,0
2020-03-12,Siskiyou,093,43540,0,0,0,0,0
2020-03-12,Solano,095,438530,34,26,0,26,0
2020-03-12,Sonoma,097,501317,34,2,0,2,0
2020-03-12,Stanislaus,099,539301,15,2,2,4,0
2020-03-12,Sutter,101,95872,0,0,0,0,0
2020-03-12,Tehama,103,63373,0,0,0,0,0
2020-03-12,Trinity,105,12862,0,0,0,0,0
2020-03-12,Tulare,107,460477,12,1,1,2,0
2020-03-12,Tuolumne,109,53932,1,0,0,0,0
2020-03-12,Ventura,111,848112,45,3,0,3,0
2020-03-12,Yolo,113,214977,13,1,0,1,0
2020-03-12,Yuba,115,75493,1,0,0,0,0
2020-03-11,Alameda,001,1643700,121,5,0,5,0
2020-03-11,Alpine,002,1148,0,0,0,0,0
2020-03-11,Amador,005,37829,1,0,0,0,0
2020-03-11,Butte,007,227075,0,0,0,0,0
2020-03-11,Calaveras,009,45235,2,2,0,2,0
2020-03-11,Colusa,011,21464,0,0,0,0,0
2020-03-11,Contra Costa,013,1133247,94,16,0,16,0
2020-03-11,Del Norte,015,27424,0,0,0,0,0
2020-03-11,El Dorado,017,186661,8,0,0,0,0
2020-03-11,Fresno,019,978130,9,1,1,2,0
2020-03-11,Glenn,021,27897,0,0,0,0,0
2020-03-11,Humboldt,023,135768,6,1,0,1,0
2020-03-11,Imperial,025,180216,6,0,0,0,0
2020-03-11,Inyo,027,18085,0,0,0,0,0
2020-03-11,Kern,029,883053,16,0,0,0,0
2020-03-11,Kings,031,150075,2,0,0,0,0
2020-03-11,Lake,033,64148,0,0,0,0,0
2020-03-11,Lassen,035,31185,1,0,0,0,0
2020-03-11,Los Angeles,037,10098052,704,21,8,29,0
2020-03-11,Madera,039,155013,12,1,0,1,0
2020-03-11,Marin,041,260295,17,1,0,1,0
2020-03-11,Mariposa,043,17540,0,0,0,0,0
2020-03-11,Mendocino,045,87422,1,0,0,0,0
2020-03-11,Merced,047,269075,2,0,0,0,0
2020-03-11,Modoc,049,8938,0,0,0,0,0
2020-03-11,Mono,051,14174,3,0,0,0,0
2020-03-11,Monterey,053,433212,7,0,0,0,0
2020-03-11,Napa,055,140530,2,0,0,0,0
2020-03-11,Nevada,057,99092,4,0,1,1,0
2020-03-11,Orange,059,3164182,203,6,0,6,0
2020-03-11,Placer,061,380077,18,6,0,6,1
2020-03-11,Plumas,063,18699,0,0,0,0,0
2020-03-11,Riverside,065,2383286,81,4,1,5,0
2020-03-11,Sacramento,067,1510023,88,9,0,9,1
2020-03-11,San Benito,069,59416,5,2,0,2,0
2020-03-11,San Bernardino,071,2135413,73,0,0,0,0
2020-03-11,San Diego,073,3302833,206,4,0,4,0
2020-03-11,San Francisco,075,870044,127,17,0,17,0
2020-03-11,San Joaquin,077,732212,33,1,3,4,0
2020-03-11,San Luis Obispo,079,281455,23,0,0,0,0
2020-03-11,San Mateo,081,765935,139,16,0,16,0
2020-03-11,Santa Barbara,083,443738,13,0,0,0,0
2020-03-11,Santa Clara,085,1922200,371,48,1,49,1
2020-03-11,Santa Cruz,087,273765,26,2,0,2,0
2020-03-11,Shasta,089,179085,2,1,0,1,0
2020-03-11,Sierra,091,2930,0,0,0,0,0
2020-03-11,Siskiyou,093,43540,0,0,0,0,0
2020-03-11,Solano,095,438530,29,26,0,26,0
2020-03-11,Sonoma,097,501317,30,2,0,2,0
2020-03-11,Stanislaus,099,539301,15,2,2,4,0
2020-03-11,Sutter,101,95872,0,0,0,0,0
2020-03-11,Tehama,103,63373,0,0,0,0,0
2020-03-11,Trinity,105,12862,0,0,0,0,0
2020-03-11,Tulare,107,460477,10,0,1,1,0
2020-03-11,Tuolumne,109,53932,1,0,0,0,0
2020-03-11,Ventura,111,848112,37,3,0,3,0
2020-03-11,Yolo,113,214977,9,1,0,1,0
2020-03-11,Yuba,115,75493,1,0,0,0,0
2020-03-10,Alameda,001,1643700,101,4,0,4,0
2020-03-10,Alpine,002,1148,0,0,0,0,0
2020-03-10,Amador,005,37829,1,0,0,0,0
2020-03-10,Butte,007,227075,0,0,0,0,0
2020-03-10,Calaveras,009,45235,2,2,0,2,0
2020-03-10,Colusa,011,21464,0,0,0,0,0
2020-03-10,Contra Costa,013,1133247,84,11,0,11,0
2020-03-10,Del Norte,015,27424,0,0,0,0,0
2020-03-10,El Dorado,017,186661,7,0,0,0,0
2020-03-10,Fresno,019,978130,7,1,1,2,0
2020-03-10,Glenn,021,27897,0,0,0,0,0
2020-03-10,Humboldt,023,135768,6,1,0,1,0
2020-03-10,Imperial,025,180216,5,0,0,0,0
2020-03-10,Inyo,027,18085,0,0,0,0,0
2020-03-10,Kern,029,883053,11,0,0,0,0
2020-03-10,Kings,031,150075,2,0,0,0,0
2020-03-10,Lake,033,64148,0,0,0,0,0
2020-03-10,Lassen,035,31185,1,0,0,0,0
2020-03-10,Los Angeles,037,10098052,568,20,8,28,0
2020-03-10,Madera,039,155013,7,1,0,1,0
2020-03-10,Marin,041,260295,16,1,0,1,0
2020-03-10,Mariposa,043,17540,0,0,0,0,0
2020-03-10,Mendocino,045,87422,0,0,0,0,0
2020-03-10,Merced,047,269075,2,0,0,0,0
2020-03-10,Modoc,049,8938,0,0,0,0,0
2020-03-10,Mono,051,14174,3,0,0,0,0
2020-03-10,Monterey,053,433212,5,0,0,0,0
2020-03-10,Napa,055,140530,2,0,0,0,0
2020-03-10,Nevada,057,99092,3,0,1,1,0
2020-03-10,Orange,059,3164182,183,5,0,5,1
2020-03-10,Placer,061,380077,14,7,0,7,1
2020-03-10,Plumas,063,18699,0,0,0,0,0
2020-03-10,Riverside,065,2383286,59,4,1,5,0
2020-03-10,Sacramento,067,1510023,79,8,0,8,0
2020-03-10,San Benito,069,59416,5,2,0,2,0
2020-03-10,San Bernardino,071,2135413,65,0,0,0,0
2020-03-10,San Diego,073,3302833,163,3,0,3,0
2020-03-10,San Francisco,075,870044,94,16,0,16,0
2020-03-10,San Joaquin,077,732212,30,1,3,4,0
2020-03-10,San Luis Obispo,079,281455,15,0,0,0,0
2020-03-10,San Mateo,081,765935,123,11,0,11,0
2020-03-10,Santa Barbara,083,443738,10,0,0,0,0
2020-03-10,Santa Clara,085,1922200,322,45,1,46,1
2020-03-10,Santa Cruz,087,273765,22,2,0,2,0
2020-03-10,Shasta,089,179085,2,1,0,1,0
2020-03-10,Sierra,091,2930,0,0,0,0,0
2020-03-10,Siskiyou,093,43540,0,0,0,0,0
2020-03-10,Solano,095,438530,27,26,0,26,0
2020-03-10,Sonoma,097,501317,27,2,0,2,0
2020-03-10,Stanislaus,099,539301,11,0,2,2,0
2020-03-10,Sutter,101,95872,0,0,0,0,0
2020-03-10,Tehama,103,63373,0,0,0,0,0
2020-03-10,Trinity,105,12862,0,0,0,0,0
2020-03-10,Tulare,107,460477,9,0,1,1,0
2020-03-10,Tuolumne,109,53932,1,0,0,0,0
2020-03-10,Ventura,111,848112,29,1,0,1,0
2020-03-10,Yolo,113,214977,6,2,0,2,0
2020-03-10,Yuba,115,75493,1,0,0,0,0
2020-03-09,Alameda,001,1643700,73,4,0,4,0
2020-03-09,Alpine,002,1148,0,0,0,0,0
2020-03-09,Amador,005,37829,0,0,0,0,0
2020-03-09,Butte,007,227075,0,0,0,0,0
2020-03-09,Calaveras,009,45235,2,0,0,0,0
2020-03-09,Colusa,011,21464,0,0,0,0,0
2020-03-09,Contra Costa,013,1133247,72,9,0,9,0
2020-03-09,Del Norte,015,27424,0,0,0,0,0
2020-03-09,El Dorado,017,186661,5,0,0,0,0
2020-03-09,Fresno,019,978130,7,1,1,2,0
2020-03-09,Glenn,021,27897,0,0,0,0,0
2020-03-09,Humboldt,023,135768,5,1,0,1,0
2020-03-09,Imperial,025,180216,5,0,0,0,0
2020-03-09,Inyo,027,18085,0,0,0,0,0
2020-03-09,Kern,029,883053,8,0,0,0,0
2020-03-09,Kings,031,150075,1,0,0,0,0
2020-03-09,Lake,033,64148,0,0,0,0,0
2020-03-09,Lassen,035,31185,1,0,0,0,0
2020-03-09,Los Angeles,037,10098052,464,17,7,24,0
2020-03-09,Madera,039,155013,7,1,0,1,0
2020-03-09,Marin,041,260295,15,1,0,1,0
2020-03-09,Mariposa,043,17540,0,0,0,0,0
2020-03-09,Mendocino,045,87422,0,0,0,0,0
2020-03-09,Merced,047,269075,2,0,0,0,0
2020-03-09,Modoc,049,8938,0,0,0,0,0
2020-03-09,Mono,051,14174,3,0,0,0,0
2020-03-09,Monterey,053,433212,3,0,0,0,0
2020-03-09,Napa,055,140530,2,0,0,0,0
2020-03-09,Nevada,057,99092,2,0,1,1,0
2020-03-09,Orange,059,3164182,155,4,0,4,0
2020-03-09,Placer,061,380077,12,7,0,7,1
2020-03-09,Plumas,063,18699,0,0,0,0,0
2020-03-09,Riverside,065,2383286,49,4,1,5,0
2020-03-09,Sacramento,067,1510023,75,8,0,8,0
2020-03-09,San Benito,069,59416,3,2,0,2,0
2020-03-09,San Bernardino,071,2135413,54,0,0,0,0
2020-03-09,San Diego,073,3302833,124,2,0,2,0
2020-03-09,San Francisco,075,870044,72,14,0,14,0
2020-03-09,San Joaquin,077,732212,21,0,3,3,0
2020-03-09,San Luis Obispo,079,281455,15,0,0,0,0
2020-03-09,San Mateo,081,765935,109,6,0,6,0
2020-03-09,Santa Barbara,083,443738,8,0,0,0,0
2020-03-09,Santa Clara,085,1922200,278,42,1,43,1
2020-03-09,Santa Cruz,087,273765,19,2,0,2,0
2020-03-09,Shasta,089,179085,2,1,0,1,0
2020-03-09,Sierra,091,2930,0,0,0,0,0
2020-03-09,Siskiyou,093,43540,0,0,0,0,0
2020-03-09,Solano,095,438530,25,26,0,26,0
2020-03-09,Sonoma,097,501317,22,2,0,2,0
2020-03-09,Stanislaus,099,539301,11,0,2,2,0
2020-03-09,Sutter,101,95872,0,0,0,0,0
2020-03-09,Tehama,103,63373,0,0,0,0,0
2020-03-09,Trinity,105,12862,0,0,0,0,0
2020-03-09,Tulare,107,460477,9,0,1,1,0
2020-03-09,Tuolumne,109,53932,1,0,0,0,0
2020-03-09,Ventura,111,848112,25,1,0,1,0
2020-03-09,Yolo,113,214977,5,2,0,2,0
2020-03-09,Yuba,115,75493,0,0,0,0,0
2020-03-08,Alameda,001,1643700,48,4,0,4,0
2020-03-08,Alpine,002,1148,0,0,0,0,0
2020-03-08,Amador,005,37829,0,0,0,0,0
2020-03-08,Butte,007,227075,0,0,0,0,0
2020-03-08,Calaveras,009,45235,2,0,0,0,0
2020-03-08,Colusa,011,21464,0,0,0,0,0
2020-03-08,Contra Costa,013,1133247,58,9,0,9,0
2020-03-08,Del Norte,015,27424,0,0,0,0,0
2020-03-08,El Dorado,017,186661,5,0,0,0,0
2020-03-08,Fresno,019,978130,5,1,1,2,0
2020-03-08,Glenn,021,27897,0,0,0,0,0
2020-03-08,Humboldt,023,135768,5,1,0,1,0
2020-03-08,Imperial,025,180216,5,0,0,0,0
2020-03-08,Inyo,027,18085,0,0,0,0,0
2020-03-08,Kern,029,883053,8,0,0,0,0
2020-03-08,Kings,031,150075,0,0,0,0,0
2020-03-08,Lake,033,64148,0,0,0,0,0
2020-03-08,Lassen,035,31185,0,0,0,0,0
2020-03-08,Los Angeles,037,10098052,369,14,7,21,0
2020-03-08,Madera,039,155013,7,1,0,1,0
2020-03-08,Marin,041,260295,13,1,0,1,0
2020-03-08,Mariposa,043,17540,0,0,0,0,0
2020-03-08,Mendocino,045,87422,0,0,0,0,0
2020-03-08,Merced,047,269075,2,0,0,0,0
2020-03-08,Modoc,049,8938,0,0,0,0,0
2020-03-08,Mono,051,14174,3,0,0,0,0
2020-03-08,Monterey,053,433212,3,0,0,0,0
2020-03-08,Napa,055,140530,2,0,0,0,0
2020-03-08,Nevada,057,99092,1,0,1,1,0
2020-03-08,Orange,059,3164182,130,4,0,4,0
2020-03-08,Placer,061,380077,11,7,0,7,1
2020-03-08,Plumas,063,18699,0,0,0,0,0
2020-03-08,Riverside,065,2383286,41,1,1,2,0
2020-03-08,Sacramento,067,1510023,65,5,0,5,0
2020-03-08,San Benito,069,59416,3,2,0,2,0
2020-03-08,San Bernardino,071,2135413,43,0,0,0,0
2020-03-08,San Diego,073,3302833,90,2,0,2,0
2020-03-08,San Francisco,075,870044,53,9,0,9,0
2020-03-08,San Joaquin,077,732212,18,0,3,3,0
2020-03-08,San Luis Obispo,079,281455,9,0,0,0,0
2020-03-08,San Mateo,081,765935,96,4,0,4,0
2020-03-08,Santa Barbara,083,443738,5,0,0,0,0
2020-03-08,Santa Clara,085,1922200,236,36,1,37,0
2020-03-08,Santa Cruz,087,273765,17,1,0,1,0
2020-03-08,Shasta,089,179085,2,0,0,0,0
2020-03-08,Sierra,091,2930,0,0,0,0,0
2020-03-08,Siskiyou,093,43540,0,0,0,0,0
2020-03-08,Solano,095,438530,24,26,0,26,0
2020-03-08,Sonoma,097,501317,17,2,0,2,0
2020-03-08,Stanislaus,099,539301,10,0,2,2,0
2020-03-08,Sutter,101,95872,0,0,0,0,0
2020-03-08,Tehama,103,63373,0,0,0,0,0
2020-03-08,Trinity,105,12862,0,0,0,0,0
2020-03-08,Tulare,107,460477,9,0,0,0,0
2020-03-08,Tuolumne,109,53932,1,0,0,0,0
2020-03-08,Ventura,111,848112,21,1,0,1,0
2020-03-08,Yolo,113,214977,2,2,0,2,0
2020-03-08,Yuba,115,75493,0,0,0,0,0
2020-03-07,Alameda,001,1643700,43,3,0,3,0
2020-03-07,Alpine,002,1148,0,0,0,0,0
2020-03-07,Amador,005,37829,0,0,0,0,0
2020-03-07,Butte,007,227075,0,0,0,0,0
2020-03-07,Calaveras,009,45235,2,0,0,0,0
2020-03-07,Colusa,011,21464,0,0,0,0,0
2020-03-07,Contra Costa,013,1133247,55,4,0,4,0
2020-03-07,Del Norte,015,27424,0,0,0,0,0
2020-03-07,El Dorado,017,186661,4,0,0,0,0
2020-03-07,Fresno,019,978130,4,1,1,2,0
2020-03-07,Glenn,021,27897,0,0,0,0,0
2020-03-07,Humboldt,023,135768,5,1,0,1,0
2020-03-07,Imperial,025,180216,4,0,0,0,0
2020-03-07,Inyo,027,18085,0,0,0,0,0
2020-03-07,Kern,029,883053,7,0,0,0,0
2020-03-07,Kings,031,150075,0,0,0,0,0
2020-03-07,Lake,033,64148,0,0,0,0,0
2020-03-07,Lassen,035,31185,0,0,0,0,0
2020-03-07,Los Angeles,037,10098052,318,14,7,21,0
2020-03-07,Madera,039,155013,6,1,0,1,0
2020-03-07,Marin,041,260295,11,0,0,0,0
2020-03-07,Mariposa,043,17540,0,0,0,0,0
2020-03-07,Mendocino,045,87422,0,0,0,0,0
2020-03-07,Merced,047,269075,2,0,0,0,0
2020-03-07,Modoc,049,8938,0,0,0,0,0
2020-03-07,Mono,051,14174,3,0,0,0,0
2020-03-07,Monterey,053,433212,3,0,0,0,0
2020-03-07,Napa,055,140530,1,0,0,0,0
2020-03-07,Nevada,057,99092,1,0,1,1,0
2020-03-07,Orange,059,3164182,122,4,0,4,0
2020-03-07,Placer,061,380077,11,6,0,6,1
2020-03-07,Plumas,063,18699,0,0,0,0,0
2020-03-07,Riverside,065,2383286,31,0,1,1,0
2020-03-07,Sacramento,067,1510023,52,4,0,4,0
2020-03-07,San Benito,069,59416,3,2,0,2,0
2020-03-07,San Bernardino,071,2135413,41,0,0,0,0
2020-03-07,San Diego,073,3302833,72,2,0,2,0
2020-03-07,San Francisco,075,870044,47,9,0,9,0
2020-03-07,San Joaquin,077,732212,16,0,3,3,0
2020-03-07,San Luis Obispo,079,281455,6,0,0,0,0
2020-03-07,San Mateo,081,765935,86,1,0,1,0
2020-03-07,Santa Barbara,083,443738,5,0,0,0,0
2020-03-07,Santa Clara,085,1922200,206,31,1,32,0
2020-03-07,Santa Cruz,087,273765,17,1,0,1,0
2020-03-07,Shasta,089,179085,2,0,0,0,0
2020-03-07,Sierra,091,2930,0,0,0,0,0
2020-03-07,Siskiyou,093,43540,0,0,0,0,0
2020-03-07,Solano,095,438530,23,25,0,25,0
2020-03-07,Sonoma,097,501317,13,2,0,2,0
2020-03-07,Stanislaus,099,539301,9,0,2,2,0
2020-03-07,Sutter,101,95872,0,0,0,0,0
2020-03-07,Tehama,103,63373,0,0,0,0,0
2020-03-07,Trinity,105,12862,0,0,0,0,0
2020-03-07,Tulare,107,460477,6,0,0,0,0
2020-03-07,Tuolumne,109,53932,1,0,0,0,0
2020-03-07,Ventura,111,848112,18,1,0,1,0
2020-03-07,Yolo,113,214977,2,2,0,2,0
2020-03-07,Yuba,115,75493,0,0,0,0,0
2020-03-06,Alameda,001,1643700,41,3,0,3,0
2020-03-06,Alpine,002,1148,0,0,0,0,0
2020-03-06,Amador,005,37829,0,0,0,0,0
2020-03-06,Butte,007,227075,0,0,0,0,0
2020-03-06,Calaveras,009,45235,2,0,0,0,0
2020-03-06,Colusa,011,21464,0,0,0,0,0
2020-03-06,Contra Costa,013,1133247,46,4,0,4,0
2020-03-06,Del Norte,015,27424,0,0,0,0,0
2020-03-06,El Dorado,017,186661,3,0,0,0,0
2020-03-06,Fresno,019,978130,3,0,1,1,0
2020-03-06,Glenn,021,27897,0,0,0,0,0
2020-03-06,Humboldt,023,135768,4,1,0,1,0
2020-03-06,Imperial,025,180216,3,0,0,0,0
2020-03-06,Inyo,027,18085,0,0,0,0,0
2020-03-06,Kern,029,883053,6,0,0,0,0
2020-03-06,Kings,031,150075,0,0,0,0,0
2020-03-06,Lake,033,64148,0,0,0,0,0
2020-03-06,Lassen,035,31185,0,0,0,0,0
2020-03-06,Los Angeles,037,10098052,275,13,7,20,0
2020-03-06,Madera,039,155013,5,0,0,0,0
2020-03-06,Marin,041,260295,10,0,0,0,0
2020-03-06,Mariposa,043,17540,0,0,0,0,0
2020-03-06,Mendocino,045,87422,0,0,0,0,0
2020-03-06,Merced,047,269075,2,0,0,0,0
2020-03-06,Modoc,049,8938,0,0,0,0,0
2020-03-06,Mono,051,14174,1,0,0,0,0
2020-03-06,Monterey,053,433212,3,0,0,0,0
2020-03-06,Napa,055,140530,1,0,0,0,0
2020-03-06,Nevada,057,99092,1,0,1,1,0
2020-03-06,Orange,059,3164182,96,4,0,4,0
2020-03-06,Placer,061,380077,10,5,0,5,1
2020-03-06,Plumas,063,18699,0,0,0,0,0
2020-03-06,Riverside,065,2383286,30,0,1,1,0
2020-03-06,Sacramento,067,1510023,43,2,0,2,0
2020-03-06,San Benito,069,59416,3,2,0,2,0
2020-03-06,San Bernardino,071,2135413,39,0,0,0,0
2020-03-06,San Diego,073,3302833,59,2,0,2,0
2020-03-06,San Francisco,075,870044,41,2,0,2,0
2020-03-06,San Joaquin,077,732212,13,0,3,3,0
2020-03-06,San Luis Obispo,079,281455,4,0,0,0,0
2020-03-06,San Mateo,081,765935,78,1,0,1,0
2020-03-06,Santa Barbara,083,443738,3,0,0,0,0
2020-03-06,Santa Clara,085,1922200,188,20,1,21,0
2020-03-06,Santa Cruz,087,273765,15,0,0,0,0
2020-03-06,Shasta,089,179085,2,0,0,0,0
2020-03-06,Sierra,091,2930,0,0,0,0,0
2020-03-06,Siskiyou,093,43540,0,0,0,0,0
2020-03-06,Solano,095,438530,22,25,0,25,0
2020-03-06,Sonoma,097,501317,13,2,0,2,0
2020-03-06,Stanislaus,099,539301,5,0,2,2,0
2020-03-06,Sutter,101,95872,0,0,0,0,0
2020-03-06,Tehama,103,63373,0,0,0,0,0
2020-03-06,Trinity,105,12862,0,0,0,0,0
2020-03-06,Tulare,107,460477,6,0,0,0,0
2020-03-06,Tuolumne,109,53932,1,0,0,0,0
2020-03-06,Ventura,111,848112,15,1,0,1,0
2020-03-06,Yolo,113,214977,2,1,0,1,0
2020-03-06,Yuba,115,75493,0,0,0,0,0
2020-03-05,Alameda,001,1643700,35,2,0,2,0
2020-03-05,Alpine,002,1148,0,0,0,0,0
2020-03-05,Amador,005,37829,0,0,0,0,0
2020-03-05,Butte,007,227075,0,0,0,0,0
2020-03-05,Calaveras,009,45235,2,0,0,0,0
2020-03-05,Colusa,011,21464,0,0,0,0,0
2020-03-05,Contra Costa,013,1133247,39,1,0,1,0
2020-03-05,Del Norte,015,27424,0,0,0,0,0
2020-03-05,El Dorado,017,186661,1,0,0,0,0
2020-03-05,Fresno,019,978130,3,0,1,1,0
2020-03-05,Glenn,021,27897,0,0,0,0,0
2020-03-05,Humboldt,023,135768,4,1,0,1,0
2020-03-05,Imperial,025,180216,2,0,0,0,0
2020-03-05,Inyo,027,18085,0,0,0,0,0
2020-03-05,Kern,029,883053,6,0,0,0,0
2020-03-05,Kings,031,150075,0,0,0,0,0
2020-03-05,Lake,033,64148,0,0,0,0,0
2020-03-05,Lassen,035,31185,0,0,0,0,0
2020-03-05,Los Angeles,037,10098052,228,11,7,18,0
2020-03-05,Madera,039,155013,5,0,0,0,0
2020-03-05,Marin,041,260295,10,0,0,0,0
2020-03-05,Mariposa,043,17540,0,0,0,0,0
2020-03-05,Mendocino,045,87422,0,0,0,0,0
2020-03-05,Merced,047,269075,2,0,0,0,0
2020-03-05,Modoc,049,8938,0,0,0,0,0
2020-03-05,Mono,051,14174,1,0,0,0,0
2020-03-05,Monterey,053,433212,3,0,0,0,0
2020-03-05,Napa,055,140530,1,0,0,0,0
2020-03-05,Nevada,057,99092,0,0,1,1,0
2020-03-05,Orange,059,3164182,81,3,0,3,0
2020-03-05,Placer,061,380077,10,2,0,2,1
2020-03-05,Plumas,063,18699,0,0,0,0,0
2020-03-05,Riverside,065,2383286,27,0,1,1,0
2020-03-05,Sacramento,067,1510023,37,2,0,2,0
2020-03-05,San Benito,069,59416,1,2,0,2,0
2020-03-05,San Bernardino,071,2135413,34,0,0,0,0
2020-03-05,San Diego,073,3302833,52,2,0,2,0
2020-03-05,San Francisco,075,870044,31,2,0,2,0
2020-03-05,San Joaquin,077,732212,10,0,3,3,0
2020-03-05,San Luis Obispo,079,281455,4,0,0,0,0
2020-03-05,San Mateo,081,765935,65,1,0,1,0
2020-03-05,Santa Barbara,083,443738,2,0,0,0,0
2020-03-05,Santa Clara,085,1922200,164,14,1,15,0
2020-03-05,Santa Cruz,087,273765,13,0,0,0,0
2020-03-05,Shasta,089,179085,2,0,0,0,0
2020-03-05,Sierra,091,2930,0,0,0,0,0
2020-03-05,Siskiyou,093,43540,0,0,0,0,0
2020-03-05,Solano,095,438530,22,24,0,24,0
2020-03-05,Sonoma,097,501317,12,2,0,2,0
2020-03-05,Stanislaus,099,539301,4,0,2,2,0
2020-03-05,Sutter,101,95872,0,0,0,0,0
2020-03-05,Tehama,103,63373,0,0,0,0,0
2020-03-05,Trinity,105,12862,0,0,0,0,0
2020-03-05,Tulare,107,460477,6,0,0,0,0
2020-03-05,Tuolumne,109,53932,1,0,0,0,0
2020-03-05,Ventura,111,848112,13,0,0,0,0
2020-03-05,Yolo,113,214977,2,0,0,0,0
2020-03-05,Yuba,115,75493,0,0,0,0,0
2020-03-04,Alameda,001,1643700,31,2,0,2,0
2020-03-04,Alpine,002,1148,0,0,0,0,0
2020-03-04,Amador,005,37829,0,0,0,0,0
2020-03-04,Butte,007,227075,0,0,0,0,0
2020-03-04,Calaveras,009,45235,0,0,0,0,0
2020-03-04,Colusa,011,21464,0,0,0,0,0
2020-03-04,Contra Costa,013,1133247,34,1,0,1,0
2020-03-04,Del Norte,015,27424,0,0,0,0,0
2020-03-04,El Dorado,017,186661,1,0,0,0,0
2020-03-04,Fresno,019,978130,3,0,1,1,0
2020-03-04,Glenn,021,27897,0,0,0,0,0
2020-03-04,Humboldt,023,135768,1,1,0,1,0
2020-03-04,Imperial,025,180216,2,0,0,0,0
2020-03-04,Inyo,027,18085,0,0,0,0,0
2020-03-04,Kern,029,883053,6,0,0,0,0
2020-03-04,Kings,031,150075,0,0,0,0,0
2020-03-04,Lake,033,64148,0,0,0,0,0
2020-03-04,Lassen,035,31185,0,0,0,0,0
2020-03-04,Los Angeles,037,10098052,192,7,7,14,0
2020-03-04,Madera,039,155013,5,0,0,0,0
2020-03-04,Marin,041,260295,10,0,0,0,0
2020-03-04,Mariposa,043,17540,0,0,0,0,0
2020-03-04,Mendocino,045,87422,0,0,0,0,0
2020-03-04,Merced,047,269075,2,0,0,0,0
2020-03-04,Modoc,049,8938,0,0,0,0,0
2020-03-04,Mono,051,14174,1,0,0,0,0
2020-03-04,Monterey,053,433212,3,0,0,0,0
2020-03-04,Napa,055,140530,1,0,0,0,0
2020-03-04,Nevada,057,99092,0,0,1,1,0
2020-03-04,Orange,059,3164182,78,3,0,3,0
2020-03-04,Placer,061,380077,9,2,0,2,1
2020-03-04,Plumas,063,18699,0,0,0,0,0
2020-03-04,Riverside,065,2383286,23,0,1,1,0
2020-03-04,Sacramento,067,1510023,32,1,0,1,0
2020-03-04,San Benito,069,59416,1,2,0,2,0
2020-03-04,San Bernardino,071,2135413,31,0,0,0,0
2020-03-04,San Diego,073,3302833,39,2,0,2,0
2020-03-04,San Francisco,075,870044,26,0,0,0,0
2020-03-04,San Joaquin,077,732212,9,0,3,3,0
2020-03-04,San Luis Obispo,079,281455,4,0,0,0,0
2020-03-04,San Mateo,081,765935,60,1,0,1,0
2020-03-04,Santa Barbara,083,443738,2,0,0,0,0
2020-03-04,Santa Clara,085,1922200,147,12,1,13,0
2020-03-04,Santa Cruz,087,273765,13,0,0,0,0
2020-03-04,Shasta,089,179085,2,0,0,0,0
2020-03-04,Sierra,091,2930,0,0,0,0,0
2020-03-04,Siskiyou,093,43540,0,0,0,0,0
2020-03-04,Solano,095,438530,21,24,0,24,0
2020-03-04,Sonoma,097,501317,11,2,0,2,0
2020-03-04,Stanislaus,099,539301,4,0,2,2,0
2020-03-04,Sutter,101,95872,0,0,0,0,0
2020-03-04,Tehama,103,63373,0,0,0,0,0
2020-03-04,Trinity,105,12862,0,0,0,0,0
2020-03-04,Tulare,107,460477,6,0,0,0,0
2020-03-04,Tuolumne,109,53932,0,0,0,0,0
2020-03-04,Ventura,111,848112,12,0,0,0,0
2020-03-04,Yolo,113,214977,2,0,0,0,0
2020-03-04,Yuba,115,75493,0,0,0,0,0
2020-03-03,Alameda,001,1643700,25,2,0,2,0
2020-03-03,Alpine,002,1148,0,0,0,0,0
2020-03-03,Amador,005,37829,0,0,0,0,0
2020-03-03,Butte,007,227075,0,0,0,0,0
2020-03-03,Calaveras,009,45235,0,0,0,0,0
2020-03-03,Colusa,011,21464,0,0,0,0,0
2020-03-03,Contra Costa,013,1133247,30,0,0,0,0
2020-03-03,Del Norte,015,27424,0,0,0,0,0
2020-03-03,El Dorado,017,186661,1,0,0,0,0
2020-03-03,Fresno,019,978130,2,0,1,1,0
2020-03-03,Glenn,021,27897,0,0,0,0,0
2020-03-03,Humboldt,023,135768,1,1,0,1,0
2020-03-03,Imperial,025,180216,2,0,0,0,0
2020-03-03,Inyo,027,18085,0,0,0,0,0
2020-03-03,Kern,029,883053,4,0,0,0,0
2020-03-03,Kings,031,150075,0,0,0,0,0
2020-03-03,Lake,033,64148,0,0,0,0,0
2020-03-03,Lassen,035,31185,0,0,0,0,0
2020-03-03,Los Angeles,037,10098052,173,5,7,12,0
2020-03-03,Madera,039,155013,4,0,0,0,0
2020-03-03,Marin,041,260295,6,0,0,0,0
2020-03-03,Mariposa,043,17540,0,0,0,0,0
2020-03-03,Mendocino,045,87422,0,0,0,0,0
2020-03-03,Merced,047,269075,2,0,0,0,0
2020-03-03,Modoc,049,8938,0,0,0,0,0
2020-03-03,Mono,051,14174,1,0,0,0,0
2020-03-03,Monterey,053,433212,2,0,0,0,0
2020-03-03,Napa,055,140530,1,0,0,0,0
2020-03-03,Nevada,057,99092,0,0,1,1,0
2020-03-03,Orange,059,3164182,70,1,0,1,0
2020-03-03,Placer,061,380077,8,2,0,2,0
2020-03-03,Plumas,063,18699,0,0,0,0,0
2020-03-03,Riverside,065,2383286,20,0,1,1,0
2020-03-03,Sacramento,067,1510023,31,1,0,1,0
2020-03-03,San Benito,069,59416,1,2,0,2,0
2020-03-03,San Bernardino,071,2135413,28,0,0,0,0
2020-03-03,San Diego,073,3302833,32,2,0,2,0
2020-03-03,San Francisco,075,870044,24,0,0,0,0
2020-03-03,San Joaquin,077,732212,8,0,3,3,0
2020-03-03,San Luis Obispo,079,281455,2,0,0,0,0
2020-03-03,San Mateo,081,765935,53,1,0,1,0
2020-03-03,Santa Barbara,083,443738,1,0,0,0,0
2020-03-03,Santa Clara,085,1922200,132,11,1,12,0
2020-03-03,Santa Cruz,087,273765,10,0,0,0,0
2020-03-03,Shasta,089,179085,2,0,0,0,0
2020-03-03,Sierra,091,2930,0,0,0,0,0
2020-03-03,Siskiyou,093,43540,0,0,0,0,0
2020-03-03,Solano,095,438530,20,24,0,24,0
2020-03-03,Sonoma,097,501317,11,1,0,1,0
2020-03-03,Stanislaus,099,539301,4,0,2,2,0
2020-03-03,Sutter,101,95872,0,0,0,0,0
2020-03-03,Tehama,103,63373,0,0,0,0,0
2020-03-03,Trinity,105,12862,0,0,0,0,0
2020-03-03,Tulare,107,460477,6,0,0,0,0
2020-03-03,Tuolumne,109,53932,0,0,0,0,0
2020-03-03,Ventura,111,848112,11,0,0,0,0
2020-03-03,Yolo,113,214977,1,0,0,0,0
2020-03-03,Yuba,115,75493,0,0,0,0,0
2020-03-02,Alameda,001,1643700,22,1,0,1,0
2020-03-02,Alpine,002,1148,0,0,0,0,0
2020-03-02,Amador,005,37829,0,0,0,0,0
2020-03-02,Butte,007,227075,0,0,0,0,0
2020-03-02,Calaveras,009,45235,0,0,0,0,0
2020-03-02,Colusa,011,21464,0,0,0,0,0
2020-03-02,Contra Costa,013,1133247,27,0,0,0,0
2020-03-02,Del Norte,015,27424,0,0,0,0,0
2020-03-02,El Dorado,017,186661,1,0,0,0,0
2020-03-02,Fresno,019,978130,2,0,1,1,0
2020-03-02,Glenn,021,27897,0,0,0,0,0
2020-03-02,Humboldt,023,135768,1,1,0,1,0
2020-03-02,Imperial,025,180216,2,0,0,0,0
2020-03-02,Inyo,027,18085,0,0,0,0,0
2020-03-02,Kern,029,883053,4,0,0,0,0
2020-03-02,Kings,031,150075,0,0,0,0,0
2020-03-02,Lake,033,64148,0,0,0,0,0
2020-03-02,Lassen,035,31185,0,0,0,0,0
2020-03-02,Los Angeles,037,10098052,158,1,7,8,0
2020-03-02,Madera,039,155013,4,0,0,0,0
2020-03-02,Marin,041,260295,6,0,0,0,0
2020-03-02,Mariposa,043,17540,0,0,0,0,0
2020-03-02,Mendocino,045,87422,0,0,0,0,0
2020-03-02,Merced,047,269075,1,0,0,0,0
2020-03-02,Modoc,049,8938,0,0,0,0,0
2020-03-02,Mono,051,14174,1,0,0,0,0
2020-03-02,Monterey,053,433212,2,0,0,0,0
2020-03-02,Napa,055,140530,1,0,0,0,0
2020-03-02,Nevada,057,99092,0,0,1,1,0
2020-03-02,Orange,059,3164182,65,1,0,1,0
2020-03-02,Placer,061,380077,8,1,0,1,0
2020-03-02,Plumas,063,18699,0,0,0,0,0
2020-03-02,Riverside,065,2383286,19,0,1,1,0
2020-03-02,Sacramento,067,1510023,25,1,0,1,0
2020-03-02,San Benito,069,59416,1,2,0,2,0
2020-03-02,San Bernardino,071,2135413,28,0,0,0,0
2020-03-02,San Diego,073,3302833,26,2,0,2,0
2020-03-02,San Francisco,075,870044,17,0,0,0,0
2020-03-02,San Joaquin,077,732212,7,0,3,3,0
2020-03-02,San Luis Obispo,079,281455,2,0,0,0,0
2020-03-02,San Mateo,081,765935,44,1,0,1,0
2020-03-02,Santa Barbara,083,443738,1,0,0,0,0
2020-03-02,Santa Clara,085,1922200,110,7,1,8,0
2020-03-02,Santa Cruz,087,273765,9,0,0,0,0
2020-03-02,Shasta,089,179085,2,0,0,0,0
2020-03-02,Sierra,091,2930,0,0,0,0,0
2020-03-02,Siskiyou,093,43540,0,0,0,0,0
2020-03-02,Solano,095,438530,19,24,0,24,0
2020-03-02,Sonoma,097,501317,10,1,0,1,0
2020-03-02,Stanislaus,099,539301,2,0,2,2,0
2020-03-02,Sutter,101,95872,0,0,0,0,0
2020-03-02,Tehama,103,63373,0,0,0,0,0
2020-03-02,Trinity,105,12862,0,0,0,0,0
2020-03-02,Tulare,107,460477,6,0,0,0,0
2020-03-02,Tuolumne,109,53932,0,0,0,0,0
2020-03-02,Ventura,111,848112,10,0,0,0,0
2020-03-02,Yolo,113,214977,1,0,0,0,0
2020-03-02,Yuba,115,75493,0,0,0,0,0
2020-03-01,Alameda,001,1643700,21,1,0,1,0
2020-03-01,Alpine,002,1148,0,0,0,0,0
2020-03-01,Amador,005,37829,0,0,0,0,0
2020-03-01,Butte,007,227075,0,0,0,0,0
2020-03-01,Calaveras,009,45235,0,0,0,0,0
2020-03-01,Colusa,011,21464,0,0,0,0,0
2020-03-01,Contra Costa,013,1133247,24,0,0,0,0
2020-03-01,Del Norte,015,27424,0,0,0,0,0
2020-03-01,El Dorado,017,186661,1,0,0,0,0
2020-03-01,Fresno,019,978130,1,0,1,1,0
2020-03-01,Glenn,021,27897,0,0,0,0,0
2020-03-01,Humboldt,023,135768,1,1,0,1,0
2020-03-01,Imperial,025,180216,2,0,0,0,0
2020-03-01,Inyo,027,18085,0,0,0,0,0
2020-03-01,Kern,029,883053,2,0,0,0,0
2020-03-01,Kings,031,150075,0,0,0,0,0
2020-03-01,Lake,033,64148,0,0,0,0,0
2020-03-01,Lassen,035,31185,0,0,0,0,0
2020-03-01,Los Angeles,037,10098052,139,1,7,8,0
2020-03-01,Madera,039,155013,2,0,0,0,0
2020-03-01,Marin,041,260295,5,0,0,0,0
2020-03-01,Mariposa,043,17540,0,0,0,0,0
2020-03-01,Mendocino,045,87422,0,0,0,0,0
2020-03-01,Merced,047,269075,1,0,0,0,0
2020-03-01,Modoc,049,8938,0,0,0,0,0
2020-03-01,Mono,051,14174,1,0,0,0,0
2020-03-01,Monterey,053,433212,1,0,0,0,0
2020-03-01,Napa,055,140530,1,0,0,0,0
2020-03-01,Nevada,057,99092,0,0,1,1,0
2020-03-01,Orange,059,3164182,62,1,0,1,0
2020-03-01,Placer,061,380077,8,0,0,0,0
2020-03-01,Plumas,063,18699,0,0,0,0,0
2020-03-01,Riverside,065,2383286,18,0,1,1,0
2020-03-01,Sacramento,067,1510023,21,1,0,1,0
2020-03-01,San Benito,069,59416,0,2,0,2,0
2020-03-01,San Bernardino,071,2135413,27,0,0,0,0
2020-03-01,San Diego,073,3302833,19,2,0,2,0
2020-03-01,San Francisco,075,870044,13,0,0,0,0
2020-03-01,San Joaquin,077,732212,7,0,3,3,0
2020-03-01,San Luis Obispo,079,281455,2,0,0,0,0
2020-03-01,San Mateo,081,765935,36,0,0,0,0
2020-03-01,Santa Barbara,083,443738,1,0,0,0,0
2020-03-01,Santa Clara,085,1922200,97,6,1,7,0
2020-03-01,Santa Cruz,087,273765,8,0,0,0,0
2020-03-01,Shasta,089,179085,2,0,0,0,0
2020-03-01,Sierra,091,2930,0,0,0,0,0
2020-03-01,Siskiyou,093,43540,0,0,0,0,0
2020-03-01,Solano,095,438530,19,24,0,24,0
2020-03-01,Sonoma,097,501317,9,0,0,0,0
2020-03-01,Stanislaus,099,539301,2,0,2,2,0
2020-03-01,Sutter,101,95872,0,0,0,0,0
2020-03-01,Tehama,103,63373,0,0,0,0,0
2020-03-01,Trinity,105,12862,0,0,0,0,0
2020-03-01,Tulare,107,460477,6,0,0,0,0
2020-03-01,Tuolumne,109,53932,0,0,0,0,0
2020-03-01,Ventura,111,848112,8,0,0,0,0
2020-03-01,Yolo,113,214977,1,0,0,0,0
2020-03-01,Yuba,115,75493,0,0,0,0,0
2020-02-29,Alameda,001,1643700,17,0,0,0,0
2020-02-29,Alpine,002,1148,0,0,0,0,0
2020-02-29,Amador,005,37829,0,0,0,0,0
2020-02-29,Butte,007,227075,0,0,0,0,0
2020-02-29,Calaveras,009,45235,0,0,0,0,0
2020-02-29,Colusa,011,21464,0,0,0,0,0
2020-02-29,Contra Costa,013,1133247,20,0,0,0,0
2020-02-29,Del Norte,015,27424,0,0,0,0,0
2020-02-29,El Dorado,017,186661,1,0,0,0,0
2020-02-29,Fresno,019,978130,1,0,0,0,0
2020-02-29,Glenn,021,27897,0,0,0,0,0
2020-02-29,Humboldt,023,135768,1,1,0,1,0
2020-02-29,Imperial,025,180216,1,0,0,0,0
2020-02-29,Inyo,027,18085,0,0,0,0,0
2020-02-29,Kern,029,883053,2,0,0,0,0
2020-02-29,Kings,031,150075,0,0,0,0,0
2020-02-29,Lake,033,64148,0,0,0,0,0
2020-02-29,Lassen,035,31185,0,0,0,0,0
2020-02-29,Los Angeles,037,10098052,111,1,7,8,0
2020-02-29,Madera,039,155013,2,0,0,0,0
2020-02-29,Marin,041,260295,4,0,0,0,0
2020-02-29,Mariposa,043,17540,0,0,0,0,0
2020-02-29,Mendocino,045,87422,0,0,0,0,0
2020-02-29,Merced,047,269075,1,0,0,0,0
2020-02-29,Modoc,049,8938,0,0,0,0,0
2020-02-29,Mono,051,14174,1,0,0,0,0
2020-02-29,Monterey,053,433212,1,0,0,0,0
2020-02-29,Napa,055,140530,1,0,0,0,0
2020-02-29,Nevada,057,99092,0,0,1,1,0
2020-02-29,Orange,059,3164182,57,1,0,1,0
2020-02-29,Placer,061,380077,7,0,0,0,0
2020-02-29,Plumas,063,18699,0,0,0,0,0
2020-02-29,Riverside,065,2383286,15,0,1,1,0
2020-02-29,Sacramento,067,1510023,16,1,0,1,0
2020-02-29,San Benito,069,59416,0,2,0,2,0
2020-02-29,San Bernardino,071,2135413,25,0,0,0,0
2020-02-29,San Diego,073,3302833,14,2,0,2,0
2020-02-29,San Francisco,075,870044,12,0,0,0,0
2020-02-29,San Joaquin,077,732212,6,0,3,3,0
2020-02-29,San Luis Obispo,079,281455,2,0,0,0,0
2020-02-29,San Mateo,081,765935,29,0,0,0,0
2020-02-29,Santa Barbara,083,443738,0,0,0,0,0
2020-02-29,Santa Clara,085,1922200,75,3,1,4,0
2020-02-29,Santa Cruz,087,273765,8,0,0,0,0
2020-02-29,Shasta,089,179085,2,0,0,0,0
2020-02-29,Sierra,091,2930,0,0,0,0,0
2020-02-29,Siskiyou,093,43540,0,0,0,0,0
2020-02-29,Solano,095,438530,18,23,0,23,0
2020-02-29,Sonoma,097,501317,6,0,0,0,0
2020-02-29,Stanislaus,099,539301,2,0,2,2,0
2020-02-29,Sutter,101,95872,0,0,0,0,0
2020-02-29,Tehama,103,63373,0,0,0,0,0
2020-02-29,Trinity,105,12862,0,0,0,0,0
2020-02-29,Tulare,107,460477,4,0,0,0,0
2020-02-29,Tuolumne,109,53932,0,0,0,0,0
2020-02-29,Ventura,111,848112,6,0,0,0,0
2020-02-29,Yolo,113,214977,1,0,0,0,0
2020-02-29,Yuba,115,75493,0,0,0,0,0
2020-02-28,Alameda,001,1643700,15,0,0,0,0
2020-02-28,Alpine,002,1148,0,0,0,0,0
2020-02-28,Amador,005,37829,0,0,0,0,0
2020-02-28,Butte,007,227075,0,0,0,0,0
2020-02-28,Calaveras,009,45235,0,0,0,0,0
2020-02-28,Colusa,011,21464,0,0,0,0,0
2020-02-28,Contra Costa,013,1133247,20,0,0,0,0
2020-02-28,Del Norte,015,27424,0,0,0,0,0
2020-02-28,El Dorado,017,186661,0,0,0,0,0
2020-02-28,Fresno,019,978130,1,0,0,0,0
2020-02-28,Glenn,021,27897,0,0,0,0,0
2020-02-28,Humboldt,023,135768,1,1,0,1,0
2020-02-28,Imperial,025,180216,1,0,0,0,0
2020-02-28,Inyo,027,18085,0,0,0,0,0
2020-02-28,Kern,029,883053,2,0,0,0,0
2020-02-28,Kings,031,150075,0,0,0,0,0
2020-02-28,Lake,033,64148,0,0,0,0,0
2020-02-28,Lassen,035,31185,0,0,0,0,0
2020-02-28,Los Angeles,037,10098052,103,1,7,8,0
2020-02-28,Madera,039,155013,2,0,0,0,0
2020-02-28,Marin,041,260295,2,0,0,0,0
2020-02-28,Mariposa,043,17540,0,0,0,0,0
2020-02-28,Mendocino,045,87422,0,0,0,0,0
2020-02-28,Merced,047,269075,1,0,0,0,0
2020-02-28,Modoc,049,8938,0,0,0,0,0
2020-02-28,Mono,051,14174,0,0,0,0,0
2020-02-28,Monterey,053,433212,1,0,0,0,0
2020-02-28,Napa,055,140530,1,0,0,0,0
2020-02-28,Nevada,057,99092,0,0,1,1,0
2020-02-28,Orange,059,3164182,55,1,0,1,0
2020-02-28,Placer,061,380077,7,0,0,0,0
2020-02-28,Plumas,063,18699,0,0,0,0,0
2020-02-28,Riverside,065,2383286,13,0,1,1,0
2020-02-28,Sacramento,067,1510023,10,1,0,1,0
2020-02-28,San Benito,069,59416,0,2,0,2,0
2020-02-28,San Bernardino,071,2135413,25,0,0,0,0
2020-02-28,San Diego,073,3302833,11,2,0,2,0
2020-02-28,San Francisco,075,870044,10,0,0,0,0
2020-02-28,San Joaquin,077,732212,6,0,3,3,0
2020-02-28,San Luis Obispo,079,281455,2,0,0,0,0
2020-02-28,San Mateo,081,765935,24,0,0,0,0
2020-02-28,Santa Barbara,083,443738,0,0,0,0,0
2020-02-28,Santa Clara,085,1922200,70,3,1,4,0
2020-02-28,Santa Cruz,087,273765,8,0,0,0,0
2020-02-28,Shasta,089,179085,2,0,0,0,0
2020-02-28,Sierra,091,2930,0,0,0,0,0
2020-02-28,Siskiyou,093,43540,0,0,0,0,0
2020-02-28,Solano,095,438530,17,23,0,23,0
2020-02-28,Sonoma,097,501317,6,0,0,0,0
2020-02-28,Stanislaus,099,539301,2,0,2,2,0
2020-02-28,Sutter,101,95872,0,0,0,0,0
2020-02-28,Tehama,103,63373,0,0,0,0,0
2020-02-28,Trinity,105,12862,0,0,0,0,0
2020-02-28,Tulare,107,460477,3,0,0,0,0
2020-02-28,Tuolumne,109,53932,0,0,0,0,0
2020-02-28,Ventura,111,848112,6,0,0,0,0
2020-02-28,Yolo,113,214977,1,0,0,0,0
2020-02-28,Yuba,115,75493,0,0,0,0,0
2020-02-27,Alameda,001,1643700,14,0,0,0,0
2020-02-27,Alpine,002,1148,0,0,0,0,0
2020-02-27,Amador,005,37829,0,0,0,0,0
2020-02-27,Butte,007,227075,0,0,0,0,0
2020-02-27,Calaveras,009,45235,0,0,0,0,0
2020-02-27,Colusa,011,21464,0,0,0,0,0
2020-02-27,Contra Costa,013,1133247,14,0,0,0,0
2020-02-27,Del Norte,015,27424,0,0,0,0,0
2020-02-27,El Dorado,017,186661,0,0,0,0,0
2020-02-27,Fresno,019,978130,1,0,0,0,0
2020-02-27,Glenn,021,27897,0,0,0,0,0
2020-02-27,Humboldt,023,135768,1,1,0,1,0
2020-02-27,Imperial,025,180216,1,0,0,0,0
2020-02-27,Inyo,027,18085,0,0,0,0,0
2020-02-27,Kern,029,883053,2,0,0,0,0
2020-02-27,Kings,031,150075,0,0,0,0,0
2020-02-27,Lake,033,64148,0,0,0,0,0
2020-02-27,Lassen,035,31185,0,0,0,0,0
2020-02-27,Los Angeles,037,10098052,95,1,7,8,0
2020-02-27,Madera,039,155013,2,0,0,0,0
2020-02-27,Marin,041,260295,1,0,0,0,0
2020-02-27,Mariposa,043,17540,0,0,0,0,0
2020-02-27,Mendocino,045,87422,0,0,0,0,0
2020-02-27,Merced,047,269075,1,0,0,0,0
2020-02-27,Modoc,049,8938,0,0,0,0,0
2020-02-27,Mono,051,14174,0,0,0,0,0
2020-02-27,Monterey,053,433212,1,0,0,0,0
2020-02-27,Napa,055,140530,1,0,0,0,0
2020-02-27,Nevada,057,99092,0,0,1,1,0
2020-02-27,Orange,059,3164182,49,1,0,1,0
2020-02-27,Placer,061,380077,6,0,0,0,0
2020-02-27,Plumas,063,18699,0,0,0,0,0
2020-02-27,Riverside,065,2383286,12,0,1,1,0
2020-02-27,Sacramento,067,1510023,10,1,0,1,0
2020-02-27,San Benito,069,59416,0,2,0,2,0
2020-02-27,San Bernardino,071,2135413,25,0,0,0,0
2020-02-27,San Diego,073,3302833,10,2,0,2,0
2020-02-27,San Francisco,075,870044,9,0,0,0,0
2020-02-27,San Joaquin,077,732212,5,0,3,3,0
2020-02-27,San Luis Obispo,079,281455,2,0,0,0,0
2020-02-27,San Mateo,081,765935,20,0,0,0,0
2020-02-27,Santa Barbara,083,443738,0,0,0,0,0
2020-02-27,Santa Clara,085,1922200,59,2,1,3,0
2020-02-27,Santa Cruz,087,273765,6,0,0,0,0
2020-02-27,Shasta,089,179085,0,0,0,0,0
2020-02-27,Sierra,091,2930,0,0,0,0,0
2020-02-27,Siskiyou,093,43540,0,0,0,0,0
2020-02-27,Solano,095,438530,17,23,0,23,0
2020-02-27,Sonoma,097,501317,5,0,0,0,0
2020-02-27,Stanislaus,099,539301,2,0,2,2,0
2020-02-27,Sutter,101,95872,0,0,0,0,0
2020-02-27,Tehama,103,63373,0,0,0,0,0
2020-02-27,Trinity,105,12862,0,0,0,0,0
2020-02-27,Tulare,107,460477,3,0,0,0,0
2020-02-27,Tuolumne,109,53932,0,0,0,0,0
2020-02-27,Ventura,111,848112,4,0,0,0,0
2020-02-27,Yolo,113,214977,1,0,0,0,0
2020-02-27,Yuba,115,75493,0,0,0,0,0
2020-02-26,Alameda,001,1643700,14,0,0,0,0
2020-02-26,Alpine,002,1148,0,0,0,0,0
2020-02-26,Amador,005,37829,0,0,0,0,0
2020-02-26,Butte,007,227075,0,0,0,0,0
2020-02-26,Calaveras,009,45235,0,0,0,0,0
2020-02-26,Colusa,011,21464,0,0,0,0,0
2020-02-26,Contra Costa,013,1133247,13,0,0,0,0
2020-02-26,Del Norte,015,27424,0,0,0,0,0
2020-02-26,El Dorado,017,186661,0,0,0,0,0
2020-02-26,Fresno,019,978130,1,0,0,0,0
2020-02-26,Glenn,021,27897,0,0,0,0,0
2020-02-26,Humboldt,023,135768,1,1,0,1,0
2020-02-26,Imperial,025,180216,1,0,0,0,0
2020-02-26,Inyo,027,18085,0,0,0,0,0
2020-02-26,Kern,029,883053,2,0,0,0,0
2020-02-26,Kings,031,150075,0,0,0,0,0
2020-02-26,Lake,033,64148,0,0,0,0,0
2020-02-26,Lassen,035,31185,0,0,0,0,0
2020-02-26,Los Angeles,037,10098052,89,1,7,8,0
2020-02-26,Madera,039,155013,2,0,0,0,0
2020-02-26,Marin,041,260295,1,0,0,0,0
2020-02-26,Mariposa,043,17540,0,0,0,0,0
2020-02-26,Mendocino,045,87422,0,0,0,0,0
2020-02-26,Merced,047,269075,1,0,0,0,0
2020-02-26,Modoc,049,8938,0,0,0,0,0
2020-02-26,Mono,051,14174,0,0,0,0,0
2020-02-26,Monterey,053,433212,1,0,0,0,0
2020-02-26,Napa,055,140530,0,0,0,0,0
2020-02-26,Nevada,057,99092,0,0,1,1,0
2020-02-26,Orange,059,3164182,48,1,0,1,0
2020-02-26,Placer,061,380077,5,0,0,0,0
2020-02-26,Plumas,063,18699,0,0,0,0,0
2020-02-26,Riverside,065,2383286,10,0,1,1,0
2020-02-26,Sacramento,067,1510023,10,1,0,1,0
2020-02-26,San Benito,069,59416,0,2,0,2,0
2020-02-26,San Bernardino,071,2135413,23,0,0,0,0
2020-02-26,San Diego,073,3302833,9,2,0,2,0
2020-02-26,San Francisco,075,870044,9,0,0,0,0
2020-02-26,San Joaquin,077,732212,5,0,3,3,0
2020-02-26,San Luis Obispo,079,281455,2,0,0,0,0
2020-02-26,San Mateo,081,765935,18,0,0,0,0
2020-02-26,Santa Barbara,083,443738,0,0,0,0,0
2020-02-26,Santa Clara,085,1922200,50,2,1,3,0
2020-02-26,Santa Cruz,087,273765,6,0,0,0,0
2020-02-26,Shasta,089,179085,0,0,0,0,0
2020-02-26,Sierra,091,2930,0,0,0,0,0
2020-02-26,Siskiyou,093,43540,0,0,0,0,0
2020-02-26,Solano,095,438530,17,23,0,23,0
2020-02-26,Sonoma,097,501317,5,0,0,0,0
2020-02-26,Stanislaus,099,539301,2,0,2,2,0
2020-02-26,Sutter,101,95872,0,0,0,0,0
2020-02-26,Tehama,103,63373,0,0,0,0,0
2020-02-26,Trinity,105,12862,0,0,0,0,0
2020-02-26,Tulare,107,460477,3,0,0,0,0
2020-02-26,Tuolumne,109,53932,0,0,0,0,0
2020-02-26,Ventura,111,848112,4,0,0,0,0
2020-02-26,Yolo,113,214977,1,0,0,0,0
2020-02-26,Yuba,115,75493,0,0,0,0,0
2020-02-25,Alameda,001,1643700,14,0,0,0,0
2020-02-25,Alpine,002,1148,0,0,0,0,0
2020-02-25,Amador,005,37829,0,0,0,0,0
2020-02-25,Butte,007,227075,0,0,0,0,0
2020-02-25,Calaveras,009,45235,0,0,0,0,0
2020-02-25,Colusa,011,21464,0,0,0,0,0
2020-02-25,Contra Costa,013,1133247,11,0,0,0,0
2020-02-25,Del Norte,015,27424,0,0,0,0,0
2020-02-25,El Dorado,017,186661,0,0,0,0,0
2020-02-25,Fresno,019,978130,1,0,0,0,0
2020-02-25,Glenn,021,27897,0,0,0,0,0
2020-02-25,Humboldt,023,135768,1,1,0,1,0
2020-02-25,Imperial,025,180216,1,0,0,0,0
2020-02-25,Inyo,027,18085,0,0,0,0,0
2020-02-25,Kern,029,883053,2,0,0,0,0
2020-02-25,Kings,031,150075,0,0,0,0,0
2020-02-25,Lake,033,64148,0,0,0,0,0
2020-02-25,Lassen,035,31185,0,0,0,0,0
2020-02-25,Los Angeles,037,10098052,77,1,6,7,0
2020-02-25,Madera,039,155013,2,0,0,0,0
2020-02-25,Marin,041,260295,1,0,0,0,0
2020-02-25,Mariposa,043,17540,0,0,0,0,0
2020-02-25,Mendocino,045,87422,0,0,0,0,0
2020-02-25,Merced,047,269075,0,0,0,0,0
2020-02-25,Modoc,049,8938,0,0,0,0,0
2020-02-25,Mono,051,14174,0,0,0,0,0
2020-02-25,Monterey,053,433212,1,0,0,0,0
2020-02-25,Napa,055,140530,0,0,0,0,0
2020-02-25,Nevada,057,99092,0,0,1,1,0
2020-02-25,Orange,059,3164182,47,1,0,1,0
2020-02-25,Placer,061,380077,5,0,0,0,0
2020-02-25,Plumas,063,18699,0,0,0,0,0
2020-02-25,Riverside,065,2383286,10,0,1,1,0
2020-02-25,Sacramento,067,1510023,8,1,0,1,0
2020-02-25,San Benito,069,59416,0,2,0,2,0
2020-02-25,San Bernardino,071,2135413,21,0,0,0,0
2020-02-25,San Diego,073,3302833,5,2,0,2,0
2020-02-25,San Francisco,075,870044,7,0,0,0,0
2020-02-25,San Joaquin,077,732212,5,0,2,2,0
2020-02-25,San Luis Obispo,079,281455,2,0,0,0,0
2020-02-25,San Mateo,081,765935,17,0,0,0,0
2020-02-25,Santa Barbara,083,443738,0,0,0,0,0
2020-02-25,Santa Clara,085,1922200,40,2,1,3,0
2020-02-25,Santa Cruz,087,273765,5,0,0,0,0
2020-02-25,Shasta,089,179085,0,0,0,0,0
2020-02-25,Sierra,091,2930,0,0,0,0,0
2020-02-25,Siskiyou,093,43540,0,0,0,0,0
2020-02-25,Solano,095,438530,16,21,0,21,0
2020-02-25,Sonoma,097,501317,5,0,0,0,0
2020-02-25,Stanislaus,099,539301,2,0,2,2,0
2020-02-25,Sutter,101,95872,0,0,0,0,0
2020-02-25,Tehama,103,63373,0,0,0,0,0
2020-02-25,Trinity,105,12862,0,0,0,0,0
2020-02-25,Tulare,107,460477,3,0,0,0,0
2020-02-25,Tuolumne,109,53932,0,0,0,0,0
2020-02-25,Ventura,111,848112,4,0,0,0,0
2020-02-25,Yolo,113,214977,1,0,0,0,0
2020-02-25,Yuba,115,75493,0,0,0,0,0
2020-02-24,Alameda,001,1643700,14,0,0,0,0
2020-02-24,Alpine,002,1148,0,0,0,0,0
2020-02-24,Amador,005,37829,0,0,0,0,0
2020-02-24,Butte,007,227075,0,0,0,0,0
2020-02-24,Calaveras,009,45235,0,0,0,0,0
2020-02-24,Colusa,011,21464,0,0,0,0,0
2020-02-24,Contra Costa,013,1133247,9,0,0,0,0
2020-02-24,Del Norte,015,27424,0,0,0,0,0
2020-02-24,El Dorado,017,186661,0,0,0,0,0
2020-02-24,Fresno,019,978130,1,0,0,0,0
2020-02-24,Glenn,021,27897,0,0,0,0,0
2020-02-24,Humboldt,023,135768,1,1,0,1,0
2020-02-24,Imperial,025,180216,1,0,0,0,0
2020-02-24,Inyo,027,18085,0,0,0,0,0
2020-02-24,Kern,029,883053,2,0,0,0,0
2020-02-24,Kings,031,150075,0,0,0,0,0
2020-02-24,Lake,033,64148,0,0,0,0,0
2020-02-24,Lassen,035,31185,0,0,0,0,0
2020-02-24,Los Angeles,037,10098052,71,1,6,7,0
2020-02-24,Madera,039,155013,1,0,0,0,0
2020-02-24,Marin,041,260295,1,0,0,0,0
2020-02-24,Mariposa,043,17540,0,0,0,0,0
2020-02-24,Mendocino,045,87422,0,0,0,0,0
2020-02-24,Merced,047,269075,0,0,0,0,0
2020-02-24,Modoc,049,8938,0,0,0,0,0
2020-02-24,Mono,051,14174,0,0,0,0,0
2020-02-24,Monterey,053,433212,1,0,0,0,0
2020-02-24,Napa,055,140530,0,0,0,0,0
2020-02-24,Nevada,057,99092,0,0,1,1,0
2020-02-24,Orange,059,3164182,45,1,0,1,0
2020-02-24,Placer,061,380077,3,0,0,0,0
2020-02-24,Plumas,063,18699,0,0,0,0,0
2020-02-24,Riverside,065,2383286,9,0,1,1,0
2020-02-24,Sacramento,067,1510023,7,1,0,1,0
2020-02-24,San Benito,069,59416,0,2,0,2,0
2020-02-24,San Bernardino,071,2135413,21,0,0,0,0
2020-02-24,San Diego,073,3302833,5,2,0,2,0
2020-02-24,San Francisco,075,870044,6,0,0,0,0
2020-02-24,San Joaquin,077,732212,5,0,1,1,0
2020-02-24,San Luis Obispo,079,281455,2,0,0,0,0
2020-02-24,San Mateo,081,765935,13,0,0,0,0
2020-02-24,Santa Barbara,083,443738,0,0,0,0,0
2020-02-24,Santa Clara,085,1922200,38,2,1,3,0
2020-02-24,Santa Cruz,087,273765,5,0,0,0,0
2020-02-24,Shasta,089,179085,0,0,0,0,0
2020-02-24,Sierra,091,2930,0,0,0,0,0
2020-02-24,Siskiyou,093,43540,0,0,0,0,0
2020-02-24,Solano,095,438530,13,15,0,15,0
2020-02-24,Sonoma,097,501317,5,0,0,0,0
2020-02-24,Stanislaus,099,539301,2,0,2,2,0
2020-02-24,Sutter,101,95872,0,0,0,0,0
2020-02-24,Tehama,103,63373,0,0,0,0,0
2020-02-24,Trinity,105,12862,0,0,0,0,0
2020-02-24,Tulare,107,460477,3,0,0,0,0
2020-02-24,Tuolumne,109,53932,0,0,0,0,0
2020-02-24,Ventura,111,848112,4,0,0,0,0
2020-02-24,Yolo,113,214977,1,0,0,0,0
2020-02-24,Yuba,115,75493,0,0,0,0,0
2020-02-23,Alameda,001,1643700,12,0,0,0,0
2020-02-23,Alpine,002,1148,0,0,0,0,0
2020-02-23,Amador,005,37829,0,0,0,0,0
2020-02-23,Butte,007,227075,0,0,0,0,0
2020-02-23,Calaveras,009,45235,0,0,0,0,0
2020-02-23,Colusa,011,21464,0,0,0,0,0
2020-02-23,Contra Costa,013,1133247,6,0,0,0,0
2020-02-23,Del Norte,015,27424,0,0,0,0,0
2020-02-23,El Dorado,017,186661,0,0,0,0,0
2020-02-23,Fresno,019,978130,1,0,0,0,0
2020-02-23,Glenn,021,27897,0,0,0,0,0
2020-02-23,Humboldt,023,135768,1,1,0,1,0
2020-02-23,Imperial,025,180216,1,0,0,0,0
2020-02-23,Inyo,027,18085,0,0,0,0,0
2020-02-23,Kern,029,883053,2,0,0,0,0
2020-02-23,Kings,031,150075,0,0,0,0,0
2020-02-23,Lake,033,64148,0,0,0,0,0
2020-02-23,Lassen,035,31185,0,0,0,0,0
2020-02-23,Los Angeles,037,10098052,63,1,6,7,0
2020-02-23,Madera,039,155013,1,0,0,0,0
2020-02-23,Marin,041,260295,1,0,0,0,0
2020-02-23,Mariposa,043,17540,0,0,0,0,0
2020-02-23,Mendocino,045,87422,0,0,0,0,0
2020-02-23,Merced,047,269075,0,0,0,0,0
2020-02-23,Modoc,049,8938,0,0,0,0,0
2020-02-23,Mono,051,14174,0,0,0,0,0
2020-02-23,Monterey,053,433212,1,0,0,0,0
2020-02-23,Napa,055,140530,0,0,0,0,0
2020-02-23,Nevada,057,99092,0,0,1,1,0
2020-02-23,Orange,059,3164182,45,1,0,1,0
2020-02-23,Placer,061,380077,3,0,0,0,0
2020-02-23,Plumas,063,18699,0,0,0,0,0
2020-02-23,Riverside,065,2383286,9,0,0,0,0
2020-02-23,Sacramento,067,1510023,6,1,0,1,0
2020-02-23,San Benito,069,59416,0,2,0,2,0
2020-02-23,San Bernardino,071,2135413,20,0,0,0,0
2020-02-23,San Diego,073,3302833,4,2,0,2,0
2020-02-23,San Francisco,075,870044,5,0,0,0,0
2020-02-23,San Joaquin,077,732212,4,0,1,1,0
2020-02-23,San Luis Obispo,079,281455,2,0,0,0,0
2020-02-23,San Mateo,081,765935,10,0,0,0,0
2020-02-23,Santa Barbara,083,443738,0,0,0,0,0
2020-02-23,Santa Clara,085,1922200,26,2,1,3,0
2020-02-23,Santa Cruz,087,273765,2,0,0,0,0
2020-02-23,Shasta,089,179085,0,0,0,0,0
2020-02-23,Sierra,091,2930,0,0,0,0,0
2020-02-23,Siskiyou,093,43540,0,0,0,0,0
2020-02-23,Solano,095,438530,11,15,0,15,0
2020-02-23,Sonoma,097,501317,5,0,0,0,0
2020-02-23,Stanislaus,099,539301,2,0,2,2,0
2020-02-23,Sutter,101,95872,0,0,0,0,0
2020-02-23,Tehama,103,63373,0,0,0,0,0
2020-02-23,Trinity,105,12862,0,0,0,0,0
2020-02-23,Tulare,107,460477,2,0,0,0,0
2020-02-23,Tuolumne,109,53932,0,0,0,0,0
2020-02-23,Ventura,111,848112,4,0,0,0,0
2020-02-23,Yolo,113,214977,1,0,0,0,0
2020-02-23,Yuba,115,75493,0,0,0,0,0
2020-02-22,Alameda,001,1643700,11,0,0,0,0
2020-02-22,Alpine,002,1148,0,0,0,0,0
2020-02-22,Amador,005,37829,0,0,0,0,0
2020-02-22,Butte,007,227075,0,0,0,0,0
2020-02-22,Calaveras,009,45235,0,0,0,0,0
2020-02-22,Colusa,011,21464,0,0,0,0,0
2020-02-22,Contra Costa,013,1133247,5,0,0,0,0
2020-02-22,Del Norte,015,27424,0,0,0,0,0
2020-02-22,El Dorado,017,186661,0,0,0,0,0
2020-02-22,Fresno,019,978130,1,0,0,0,0
2020-02-22,Glenn,021,27897,0,0,0,0,0
2020-02-22,Humboldt,023,135768,1,1,0,1,0
2020-02-22,Imperial,025,180216,0,0,0,0,0
2020-02-22,Inyo,027,18085,0,0,0,0,0
2020-02-22,Kern,029,883053,2,0,0,0,0
2020-02-22,Kings,031,150075,0,0,0,0,0
2020-02-22,Lake,033,64148,0,0,0,0,0
2020-02-22,Lassen,035,31185,0,0,0,0,0
2020-02-22,Los Angeles,037,10098052,61,1,6,7,0
2020-02-22,Madera,039,155013,0,0,0,0,0
2020-02-22,Marin,041,260295,1,0,0,0,0
2020-02-22,Mariposa,043,17540,0,0,0,0,0
2020-02-22,Mendocino,045,87422,0,0,0,0,0
2020-02-22,Merced,047,269075,0,0,0,0,0
2020-02-22,Modoc,049,8938,0,0,0,0,0
2020-02-22,Mono,051,14174,0,0,0,0,0
2020-02-22,Monterey,053,433212,1,0,0,0,0
2020-02-22,Napa,055,140530,0,0,0,0,0
2020-02-22,Nevada,057,99092,0,0,1,1,0
2020-02-22,Orange,059,3164182,44,1,0,1,0
2020-02-22,Placer,061,380077,3,0,0,0,0
2020-02-22,Plumas,063,18699,0,0,0,0,0
2020-02-22,Riverside,065,2383286,9,0,0,0,0
2020-02-22,Sacramento,067,1510023,6,1,0,1,0
2020-02-22,San Benito,069,59416,0,2,0,2,0
2020-02-22,San Bernardino,071,2135413,18,0,0,0,0
2020-02-22,San Diego,073,3302833,3,2,0,2,0
2020-02-22,San Francisco,075,870044,3,0,0,0,0
2020-02-22,San Joaquin,077,732212,4,0,1,1,0
2020-02-22,San Luis Obispo,079,281455,2,0,0,0,0
2020-02-22,San Mateo,081,765935,8,0,0,0,0
2020-02-22,Santa Barbara,083,443738,0,0,0,0,0
2020-02-22,Santa Clara,085,1922200,23,2,1,3,0
2020-02-22,Santa Cruz,087,273765,2,0,0,0,0
2020-02-22,Shasta,089,179085,0,0,0,0,0
2020-02-22,Sierra,091,2930,0,0,0,0,0
2020-02-22,Siskiyou,093,43540,0,0,0,0,0
2020-02-22,Solano,095,438530,11,11,0,11,0
2020-02-22,Sonoma,097,501317,4,0,0,0,0
2020-02-22,Stanislaus,099,539301,2,0,2,2,0
2020-02-22,Sutter,101,95872,0,0,0,0,0
2020-02-22,Tehama,103,63373,0,0,0,0,0
2020-02-22,Trinity,105,12862,0,0,0,0,0
2020-02-22,Tulare,107,460477,2,0,0,0,0
2020-02-22,Tuolumne,109,53932,0,0,0,0,0
2020-02-22,Ventura,111,848112,4,0,0,0,0
2020-02-22,Yolo,113,214977,0,0,0,0,0
2020-02-22,Yuba,115,75493,0,0,0,0,0
2020-02-21,Alameda,001,1643700,10,0,0,0,0
2020-02-21,Alpine,002,1148,0,0,0,0,0
2020-02-21,Amador,005,37829,0,0,0,0,0
2020-02-21,Butte,007,227075,0,0,0,0,0
2020-02-21,Calaveras,009,45235,0,0,0,0,0
2020-02-21,Colusa,011,21464,0,0,0,0,0
2020-02-21,Contra Costa,013,1133247,4,0,0,0,0
2020-02-21,Del Norte,015,27424,0,0,0,0,0
2020-02-21,El Dorado,017,186661,0,0,0,0,0
2020-02-21,Fresno,019,978130,1,0,0,0,0
2020-02-21,Glenn,021,27897,0,0,0,0,0
2020-02-21,Humboldt,023,135768,1,1,0,1,0
2020-02-21,Imperial,025,180216,0,0,0,0,0
2020-02-21,Inyo,027,18085,0,0,0,0,0
2020-02-21,Kern,029,883053,2,0,0,0,0
2020-02-21,Kings,031,150075,0,0,0,0,0
2020-02-21,Lake,033,64148,0,0,0,0,0
2020-02-21,Lassen,035,31185,0,0,0,0,0
2020-02-21,Los Angeles,037,10098052,57,1,6,7,0
2020-02-21,Madera,039,155013,0,0,0,0,0
2020-02-21,Marin,041,260295,1,0,0,0,0
2020-02-21,Mariposa,043,17540,0,0,0,0,0
2020-02-21,Mendocino,045,87422,0,0,0,0,0
2020-02-21,Merced,047,269075,0,0,0,0,0
2020-02-21,Modoc,049,8938,0,0,0,0,0
2020-02-21,Mono,051,14174,0,0,0,0,0
2020-02-21,Monterey,053,433212,1,0,0,0,0
2020-02-21,Napa,055,140530,0,0,0,0,0
2020-02-21,Nevada,057,99092,0,0,1,1,0
2020-02-21,Orange,059,3164182,42,1,0,1,0
2020-02-21,Placer,061,380077,2,0,0,0,0
2020-02-21,Plumas,063,18699,0,0,0,0,0
2020-02-21,Riverside,065,2383286,9,0,0,0,0
2020-02-21,Sacramento,067,1510023,5,1,0,1,0
2020-02-21,San Benito,069,59416,0,2,0,2,0
2020-02-21,San Bernardino,071,2135413,17,0,0,0,0
2020-02-21,San Diego,073,3302833,3,2,0,2,0
2020-02-21,San Francisco,075,870044,3,0,0,0,0
2020-02-21,San Joaquin,077,732212,2,0,1,1,0
2020-02-21,San Luis Obispo,079,281455,2,0,0,0,0
2020-02-21,San Mateo,081,765935,8,0,0,0,0
2020-02-21,Santa Barbara,083,443738,0,0,0,0,0
2020-02-21,Santa Clara,085,1922200,21,2,1,3,0
2020-02-21,Santa Cruz,087,273765,2,0,0,0,0
2020-02-21,Shasta,089,179085,0,0,0,0,0
2020-02-21,Sierra,091,2930,0,0,0,0,0
2020-02-21,Siskiyou,093,43540,0,0,0,0,0
2020-02-21,Solano,095,438530,10,11,0,11,0
2020-02-21,Sonoma,097,501317,3,0,0,0,0
2020-02-21,Stanislaus,099,539301,2,0,2,2,0
2020-02-21,Sutter,101,95872,0,0,0,0,0
2020-02-21,Tehama,103,63373,0,0,0,0,0
2020-02-21,Trinity,105,12862,0,0,0,0,0
2020-02-21,Tulare,107,460477,2,0,0,0,0
2020-02-21,Tuolumne,109,53932,0,0,0,0,0
2020-02-21,Ventura,111,848112,4,0,0,0,0
2020-02-21,Yolo,113,214977,0,0,0,0,0
2020-02-21,Yuba,115,75493,0,0,0,0,0
2020-02-20,Alameda,001,1643700,8,0,0,0,0
2020-02-20,Alpine,002,1148,0,0,0,0,0
2020-02-20,Amador,005,37829,0,0,0,0,0
2020-02-20,Butte,007,227075,0,0,0,0,0
2020-02-20,Calaveras,009,45235,0,0,0,0,0
2020-02-20,Colusa,011,21464,0,0,0,0,0
2020-02-20,Contra Costa,013,1133247,3,0,0,0,0
2020-02-20,Del Norte,015,27424,0,0,0,0,0
2020-02-20,El Dorado,017,186661,0,0,0,0,0
2020-02-20,Fresno,019,978130,1,0,0,0,0
2020-02-20,Glenn,021,27897,0,0,0,0,0
2020-02-20,Humboldt,023,135768,1,1,0,1,0
2020-02-20,Imperial,025,180216,0,0,0,0,0
2020-02-20,Inyo,027,18085,0,0,0,0,0
2020-02-20,Kern,029,883053,2,0,0,0,0
2020-02-20,Kings,031,150075,0,0,0,0,0
2020-02-20,Lake,033,64148,0,0,0,0,0
2020-02-20,Lassen,035,31185,0,0,0,0,0
2020-02-20,Los Angeles,037,10098052,56,1,5,6,0
2020-02-20,Madera,039,155013,0,0,0,0,0
2020-02-20,Marin,041,260295,0,0,0,0,0
2020-02-20,Mariposa,043,17540,0,0,0,0,0
2020-02-20,Mendocino,045,87422,0,0,0,0,0
2020-02-20,Merced,047,269075,0,0,0,0,0
2020-02-20,Modoc,049,8938,0,0,0,0,0
2020-02-20,Mono,051,14174,0,0,0,0,0
2020-02-20,Monterey,053,433212,1,0,0,0,0
2020-02-20,Napa,055,140530,0,0,0,0,0
2020-02-20,Nevada,057,99092,0,0,1,1,0
2020-02-20,Orange,059,3164182,42,1,0,1,0
2020-02-20,Placer,061,380077,2,0,0,0,0
2020-02-20,Plumas,063,18699,0,0,0,0,0
2020-02-20,Riverside,065,2383286,7,0,0,0,0
2020-02-20,Sacramento,067,1510023,2,1,0,1,0
2020-02-20,San Benito,069,59416,0,2,0,2,0
2020-02-20,San Bernardino,071,2135413,15,0,0,0,0
2020-02-20,San Diego,073,3302833,3,2,0,2,0
2020-02-20,San Francisco,075,870044,3,0,0,0,0
2020-02-20,San Joaquin,077,732212,2,0,1,1,0
2020-02-20,San Luis Obispo,079,281455,2,0,0,0,0
2020-02-20,San Mateo,081,765935,7,0,0,0,0
2020-02-20,Santa Barbara,083,443738,0,0,0,0,0
2020-02-20,Santa Clara,085,1922200,17,2,1,3,0
2020-02-20,Santa Cruz,087,273765,2,0,0,0,0
2020-02-20,Shasta,089,179085,0,0,0,0,0
2020-02-20,Sierra,091,2930,0,0,0,0,0
2020-02-20,Siskiyou,093,43540,0,0,0,0,0
2020-02-20,Solano,095,438530,8,7,0,7,0
2020-02-20,Sonoma,097,501317,2,0,0,0,0
2020-02-20,Stanislaus,099,539301,2,0,2,2,0
2020-02-20,Sutter,101,95872,0,0,0,0,0
2020-02-20,Tehama,103,63373,0,0,0,0,0
2020-02-20,Trinity,105,12862,0,0,0,0,0
2020-02-20,Tulare,107,460477,2,0,0,0,0
2020-02-20,Tuolumne,109,53932,0,0,0,0,0
2020-02-20,Ventura,111,848112,4,0,0,0,0
2020-02-20,Yolo,113,214977,0,0,0,0,0
2020-02-20,Yuba,115,75493,0,0,0,0,0
2020-02-19,Alameda,001,1643700,7,0,0,0,0
2020-02-19,Alpine,002,1148,0,0,0,0,0
2020-02-19,Amador,005,37829,0,0,0,0,0
2020-02-19,Butte,007,227075,0,0,0,0,0
2020-02-19,Calaveras,009,45235,0,0,0,0,0
2020-02-19,Colusa,011,21464,0,0,0,0,0
2020-02-19,Contra Costa,013,1133247,3,0,0,0,0
2020-02-19,Del Norte,015,27424,0,0,0,0,0
2020-02-19,El Dorado,017,186661,0,0,0,0,0
2020-02-19,Fresno,019,978130,1,0,0,0,0
2020-02-19,Glenn,021,27897,0,0,0,0,0
2020-02-19,Humboldt,023,135768,1,0,0,0,0
2020-02-19,Imperial,025,180216,0,0,0,0,0
2020-02-19,Inyo,027,18085,0,0,0,0,0
2020-02-19,Kern,029,883053,2,0,0,0,0
2020-02-19,Kings,031,150075,0,0,0,0,0
2020-02-19,Lake,033,64148,0,0,0,0,0
2020-02-19,Lassen,035,31185,0,0,0,0,0
2020-02-19,Los Angeles,037,10098052,54,1,5,6,0
2020-02-19,Madera,039,155013,0,0,0,0,0
2020-02-19,Marin,041,260295,0,0,0,0,0
2020-02-19,Mariposa,043,17540,0,0,0,0,0
2020-02-19,Mendocino,045,87422,0,0,0,0,0
2020-02-19,Merced,047,269075,0,0,0,0,0
2020-02-19,Modoc,049,8938,0,0,0,0,0
2020-02-19,Mono,051,14174,0,0,0,0,0
2020-02-19,Monterey,053,433212,1,0,0,0,0
2020-02-19,Napa,055,140530,0,0,0,0,0
2020-02-19,Nevada,057,99092,0,0,1,1,0
2020-02-19,Orange,059,3164182,41,1,0,1,0
2020-02-19,Placer,061,380077,2,0,0,0,0
2020-02-19,Plumas,063,18699,0,0,0,0,0
2020-02-19,Riverside,065,2383286,5,0,0,0,0
2020-02-19,Sacramento,067,1510023,2,0,0,0,0
2020-02-19,San Benito,069,59416,0,2,0,2,0
2020-02-19,San Bernardino,071,2135413,14,0,0,0,0
2020-02-19,San Diego,073,3302833,2,2,0,2,0
2020-02-19,San Francisco,075,870044,2,0,0,0,0
2020-02-19,San Joaquin,077,732212,2,0,1,1,0
2020-02-19,San Luis Obispo,079,281455,2,0,0,0,0
2020-02-19,San Mateo,081,765935,6,0,0,0,0
2020-02-19,Santa Barbara,083,443738,0,0,0,0,0
2020-02-19,Santa Clara,085,1922200,15,2,1,3,0
2020-02-19,Santa Cruz,087,273765,0,0,0,0,0
2020-02-19,Shasta,089,179085,0,0,0,0,0
2020-02-19,Sierra,091,2930,0,0,0,0,0
2020-02-19,Siskiyou,093,43540,0,0,0,0,0
2020-02-19,Solano,095,438530,5,7,0,7,0
2020-02-19,Sonoma,097,501317,2,0,0,0,0
2020-02-19,Stanislaus,099,539301,1,0,2,2,0
2020-02-19,Sutter,101,95872,0,0,0,0,0
2020-02-19,Tehama,103,63373,0,0,0,0,0
2020-02-19,Trinity,105,12862,0,0,0,0,0
2020-02-19,Tulare,107,460477,2,0,0,0,0
2020-02-19,Tuolumne,109,53932,0,0,0,0,0
2020-02-19,Ventura,111,848112,2,0,0,0,0
2020-02-19,Yolo,113,214977,0,0,0,0,0
2020-02-19,Yuba,115,75493,0,0,0,0,0
2020-02-18,Alameda,001,1643700,7,0,0,0,0
2020-02-18,Alpine,002,1148,0,0,0,0,0
2020-02-18,Amador,005,37829,0,0,0,0,0
2020-02-18,Butte,007,227075,0,0,0,0,0
2020-02-18,Calaveras,009,45235,0,0,0,0,0
2020-02-18,Colusa,011,21464,0,0,0,0,0
2020-02-18,Contra Costa,013,1133247,3,0,0,0,0
2020-02-18,Del Norte,015,27424,0,0,0,0,0
2020-02-18,El Dorado,017,186661,0,0,0,0,0
2020-02-18,Fresno,019,978130,0,0,0,0,0
2020-02-18,Glenn,021,27897,0,0,0,0,0
2020-02-18,Humboldt,023,135768,1,0,0,0,0
2020-02-18,Imperial,025,180216,0,0,0,0,0
2020-02-18,Inyo,027,18085,0,0,0,0,0
2020-02-18,Kern,029,883053,2,0,0,0,0
2020-02-18,Kings,031,150075,0,0,0,0,0
2020-02-18,Lake,033,64148,0,0,0,0,0
2020-02-18,Lassen,035,31185,0,0,0,0,0
2020-02-18,Los Angeles,037,10098052,51,1,4,5,0
2020-02-18,Madera,039,155013,0,0,0,0,0
2020-02-18,Marin,041,260295,0,0,0,0,0
2020-02-18,Mariposa,043,17540,0,0,0,0,0
2020-02-18,Mendocino,045,87422,0,0,0,0,0
2020-02-18,Merced,047,269075,0,0,0,0,0
2020-02-18,Modoc,049,8938,0,0,0,0,0
2020-02-18,Mono,051,14174,0,0,0,0,0
2020-02-18,Monterey,053,433212,1,0,0,0,0
2020-02-18,Napa,055,140530,0,0,0,0,0
2020-02-18,Nevada,057,99092,0,0,1,1,0
2020-02-18,Orange,059,3164182,40,1,0,1,0
2020-02-18,Placer,061,380077,0,0,0,0,0
2020-02-18,Plumas,063,18699,0,0,0,0,0
2020-02-18,Riverside,065,2383286,5,0,0,0,0
2020-02-18,Sacramento,067,1510023,2,0,0,0,0
2020-02-18,San Benito,069,59416,0,2,0,2,0
2020-02-18,San Bernardino,071,2135413,13,0,0,0,0
2020-02-18,San Diego,073,3302833,2,2,0,2,0
2020-02-18,San Francisco,075,870044,2,0,0,0,0
2020-02-18,San Joaquin,077,732212,1,0,1,1,0
2020-02-18,San Luis Obispo,079,281455,2,0,0,0,0
2020-02-18,San Mateo,081,765935,5,0,0,0,0
2020-02-18,Santa Barbara,083,443738,0,0,0,0,0
2020-02-18,Santa Clara,085,1922200,14,2,1,3,0
2020-02-18,Santa Cruz,087,273765,0,0,0,0,0
2020-02-18,Shasta,089,179085,0,0,0,0,0
2020-02-18,Sierra,091,2930,0,0,0,0,0
2020-02-18,Siskiyou,093,43540,0,0,0,0,0
2020-02-18,Solano,095,438530,5,7,0,7,0
2020-02-18,Sonoma,097,501317,1,0,0,0,0
2020-02-18,Stanislaus,099,539301,1,0,2,2,0
2020-02-18,Sutter,101,95872,0,0,0,0,0
2020-02-18,Tehama,103,63373,0,0,0,0,0
2020-02-18,Trinity,105,12862,0,0,0,0,0
2020-02-18,Tulare,107,460477,2,0,0,0,0
2020-02-18,Tuolumne,109,53932,0,0,0,0,0
2020-02-18,Ventura,111,848112,2,0,0,0,0
2020-02-18,Yolo,113,214977,0,0,0,0,0
2020-02-18,Yuba,115,75493,0,0,0,0,0
2020-02-17,Alameda,001,1643700,7,0,0,0,0
2020-02-17,Alpine,002,1148,0,0,0,0,0
2020-02-17,Amador,005,37829,0,0,0,0,0
2020-02-17,Butte,007,227075,0,0,0,0,0
2020-02-17,Calaveras,009,45235,0,0,0,0,0
2020-02-17,Colusa,011,21464,0,0,0,0,0
2020-02-17,Contra Costa,013,1133247,3,0,0,0,0
2020-02-17,Del Norte,015,27424,0,0,0,0,0
2020-02-17,El Dorado,017,186661,0,0,0,0,0
2020-02-17,Fresno,019,978130,0,0,0,0,0
2020-02-17,Glenn,021,27897,0,0,0,0,0
2020-02-17,Humboldt,023,135768,1,0,0,0,0
2020-02-17,Imperial,025,180216,0,0,0,0,0
2020-02-17,Inyo,027,18085,0,0,0,0,0
2020-02-17,Kern,029,883053,2,0,0,0,0
2020-02-17,Kings,031,150075,0,0,0,0,0
2020-02-17,Lake,033,64148,0,0,0,0,0
2020-02-17,Lassen,035,31185,0,0,0,0,0
2020-02-17,Los Angeles,037,10098052,48,1,4,5,0
2020-02-17,Madera,039,155013,0,0,0,0,0
2020-02-17,Marin,041,260295,0,0,0,0,0
2020-02-17,Mariposa,043,17540,0,0,0,0,0
2020-02-17,Mendocino,045,87422,0,0,0,0,0
2020-02-17,Merced,047,269075,0,0,0,0,0
2020-02-17,Modoc,049,8938,0,0,0,0,0
2020-02-17,Mono,051,14174,0,0,0,0,0
2020-02-17,Monterey,053,433212,1,0,0,0,0
2020-02-17,Napa,055,140530,0,0,0,0,0
2020-02-17,Nevada,057,99092,0,0,1,1,0
2020-02-17,Orange,059,3164182,40,1,0,1,0
2020-02-17,Placer,061,380077,0,0,0,0,0
2020-02-17,Plumas,063,18699,0,0,0,0,0
2020-02-17,Riverside,065,2383286,5,0,0,0,0
2020-02-17,Sacramento,067,1510023,2,0,0,0,0
2020-02-17,San Benito,069,59416,0,2,0,2,0
2020-02-17,San Bernardino,071,2135413,11,0,0,0,0
2020-02-17,San Diego,073,3302833,2,2,0,2,0
2020-02-17,San Francisco,075,870044,2,0,0,0,0
2020-02-17,San Joaquin,077,732212,1,0,1,1,0
2020-02-17,San Luis Obispo,079,281455,1,0,0,0,0
2020-02-17,San Mateo,081,765935,5,0,0,0,0
2020-02-17,Santa Barbara,083,443738,0,0,0,0,0
2020-02-17,Santa Clara,085,1922200,12,2,1,3,0
2020-02-17,Santa Cruz,087,273765,0,0,0,0,0
2020-02-17,Shasta,089,179085,0,0,0,0,0
2020-02-17,Sierra,091,2930,0,0,0,0,0
2020-02-17,Siskiyou,093,43540,0,0,0,0,0
2020-02-17,Solano,095,438530,3,5,0,5,0
2020-02-17,Sonoma,097,501317,1,0,0,0,0
2020-02-17,Stanislaus,099,539301,1,0,2,2,0
2020-02-17,Sutter,101,95872,0,0,0,0,0
2020-02-17,Tehama,103,63373,0,0,0,0,0
2020-02-17,Trinity,105,12862,0,0,0,0,0
2020-02-17,Tulare,107,460477,2,0,0,0,0
2020-02-17,Tuolumne,109,53932,0,0,0,0,0
2020-02-17,Ventura,111,848112,2,0,0,0,0
2020-02-17,Yolo,113,214977,0,0,0,0,0
2020-02-17,Yuba,115,75493,0,0,0,0,0
2020-02-16,Alameda,001,1643700,6,0,0,0,0
2020-02-16,Alpine,002,1148,0,0,0,0,0
2020-02-16,Amador,005,37829,0,0,0,0,0
2020-02-16,Butte,007,227075,0,0,0,0,0
2020-02-16,Calaveras,009,45235,0,0,0,0,0
2020-02-16,Colusa,011,21464,0,0,0,0,0
2020-02-16,Contra Costa,013,1133247,3,0,0,0,0
2020-02-16,Del Norte,015,27424,0,0,0,0,0
2020-02-16,El Dorado,017,186661,0,0,0,0,0
2020-02-16,Fresno,019,978130,0,0,0,0,0
2020-02-16,Glenn,021,27897,0,0,0,0,0
2020-02-16,Humboldt,023,135768,1,0,0,0,0
2020-02-16,Imperial,025,180216,0,0,0,0,0
2020-02-16,Inyo,027,18085,0,0,0,0,0
2020-02-16,Kern,029,883053,2,0,0,0,0
2020-02-16,Kings,031,150075,0,0,0,0,0
2020-02-16,Lake,033,64148,0,0,0,0,0
2020-02-16,Lassen,035,31185,0,0,0,0,0
2020-02-16,Los Angeles,037,10098052,43,1,4,5,0
2020-02-16,Madera,039,155013,0,0,0,0,0
2020-02-16,Marin,041,260295,0,0,0,0,0
2020-02-16,Mariposa,043,17540,0,0,0,0,0
2020-02-16,Mendocino,045,87422,0,0,0,0,0
2020-02-16,Merced,047,269075,0,0,0,0,0
2020-02-16,Modoc,049,8938,0,0,0,0,0
2020-02-16,Mono,051,14174,0,0,0,0,0
2020-02-16,Monterey,053,433212,1,0,0,0,0
2020-02-16,Napa,055,140530,0,0,0,0,0
2020-02-16,Nevada,057,99092,0,0,0,0,0
2020-02-16,Orange,059,3164182,39,1,0,1,0
2020-02-16,Placer,061,380077,0,0,0,0,0
2020-02-16,Plumas,063,18699,0,0,0,0,0
2020-02-16,Riverside,065,2383286,5,0,0,0,0
2020-02-16,Sacramento,067,1510023,2,0,0,0,0
2020-02-16,San Benito,069,59416,0,2,0,2,0
2020-02-16,San Bernardino,071,2135413,10,0,0,0,0
2020-02-16,San Diego,073,3302833,2,2,0,2,0
2020-02-16,San Francisco,075,870044,2,0,0,0,0
2020-02-16,San Joaquin,077,732212,1,0,1,1,0
2020-02-16,San Luis Obispo,079,281455,1,0,0,0,0
2020-02-16,San Mateo,081,765935,4,0,0,0,0
2020-02-16,Santa Barbara,083,443738,0,0,0,0,0
2020-02-16,Santa Clara,085,1922200,10,2,1,3,0
2020-02-16,Santa Cruz,087,273765,0,0,0,0,0
2020-02-16,Shasta,089,179085,0,0,0,0,0
2020-02-16,Sierra,091,2930,0,0,0,0,0
2020-02-16,Siskiyou,093,43540,0,0,0,0,0
2020-02-16,Solano,095,438530,1,0,0,0,0
2020-02-16,Sonoma,097,501317,1,0,0,0,0
2020-02-16,Stanislaus,099,539301,1,0,2,2,0
2020-02-16,Sutter,101,95872,0,0,0,0,0
2020-02-16,Tehama,103,63373,0,0,0,0,0
2020-02-16,Trinity,105,12862,0,0,0,0,0
2020-02-16,Tulare,107,460477,2,0,0,0,0
2020-02-16,Tuolumne,109,53932,0,0,0,0,0
2020-02-16,Ventura,111,848112,2,0,0,0,0
2020-02-16,Yolo,113,214977,0,0,0,0,0
2020-02-16,Yuba,115,75493,0,0,0,0,0
2020-02-15,Alameda,001,1643700,6,0,0,0,0
2020-02-15,Alpine,002,1148,0,0,0,0,0
2020-02-15,Amador,005,37829,0,0,0,0,0
2020-02-15,Butte,007,227075,0,0,0,0,0
2020-02-15,Calaveras,009,45235,0,0,0,0,0
2020-02-15,Colusa,011,21464,0,0,0,0,0
2020-02-15,Contra Costa,013,1133247,3,0,0,0,0
2020-02-15,Del Norte,015,27424,0,0,0,0,0
2020-02-15,El Dorado,017,186661,0,0,0,0,0
2020-02-15,Fresno,019,978130,0,0,0,0,0
2020-02-15,Glenn,021,27897,0,0,0,0,0
2020-02-15,Humboldt,023,135768,1,0,0,0,0
2020-02-15,Imperial,025,180216,0,0,0,0,0
2020-02-15,Inyo,027,18085,0,0,0,0,0
2020-02-15,Kern,029,883053,2,0,0,0,0
2020-02-15,Kings,031,150075,0,0,0,0,0
2020-02-15,Lake,033,64148,0,0,0,0,0
2020-02-15,Lassen,035,31185,0,0,0,0,0
2020-02-15,Los Angeles,037,10098052,40,1,4,5,0
2020-02-15,Madera,039,155013,0,0,0,0,0
2020-02-15,Marin,041,260295,0,0,0,0,0
2020-02-15,Mariposa,043,17540,0,0,0,0,0
2020-02-15,Mendocino,045,87422,0,0,0,0,0
2020-02-15,Merced,047,269075,0,0,0,0,0
2020-02-15,Modoc,049,8938,0,0,0,0,0
2020-02-15,Mono,051,14174,0,0,0,0,0
2020-02-15,Monterey,053,433212,1,0,0,0,0
2020-02-15,Napa,055,140530,0,0,0,0,0
2020-02-15,Nevada,057,99092,0,0,0,0,0
2020-02-15,Orange,059,3164182,38,1,0,1,0
2020-02-15,Placer,061,380077,0,0,0,0,0
2020-02-15,Plumas,063,18699,0,0,0,0,0
2020-02-15,Riverside,065,2383286,4,0,0,0,0
2020-02-15,Sacramento,067,1510023,2,0,0,0,0
2020-02-15,San Benito,069,59416,0,2,0,2,0
2020-02-15,San Bernardino,071,2135413,9,0,0,0,0
2020-02-15,San Diego,073,3302833,2,2,0,2,0
2020-02-15,San Francisco,075,870044,2,0,0,0,0
2020-02-15,San Joaquin,077,732212,1,0,1,1,0
2020-02-15,San Luis Obispo,079,281455,1,0,0,0,0
2020-02-15,San Mateo,081,765935,4,0,0,0,0
2020-02-15,Santa Barbara,083,443738,0,0,0,0,0
2020-02-15,Santa Clara,085,1922200,10,2,1,3,0
2020-02-15,Santa Cruz,087,273765,0,0,0,0,0
2020-02-15,Shasta,089,179085,0,0,0,0,0
2020-02-15,Sierra,091,2930,0,0,0,0,0
2020-02-15,Siskiyou,093,43540,0,0,0,0,0
2020-02-15,Solano,095,438530,1,0,0,0,0
2020-02-15,Sonoma,097,501317,0,0,0,0,0
2020-02-15,Stanislaus,099,539301,1,0,2,2,0
2020-02-15,Sutter,101,95872,0,0,0,0,0
2020-02-15,Tehama,103,63373,0,0,0,0,0
2020-02-15,Trinity,105,12862,0,0,0,0,0
2020-02-15,Tulare,107,460477,2,0,0,0,0
2020-02-15,Tuolumne,109,53932,0,0,0,0,0
2020-02-15,Ventura,111,848112,2,0,0,0,0
2020-02-15,Yolo,113,214977,0,0,0,0,0
2020-02-15,Yuba,115,75493,0,0,0,0,0
2020-02-14,Alameda,001,1643700,5,0,0,0,0
2020-02-14,Alpine,002,1148,0,0,0,0,0
2020-02-14,Amador,005,37829,0,0,0,0,0
2020-02-14,Butte,007,227075,0,0,0,0,0
2020-02-14,Calaveras,009,45235,0,0,0,0,0
2020-02-14,Colusa,011,21464,0,0,0,0,0
2020-02-14,Contra Costa,013,1133247,3,0,0,0,0
2020-02-14,Del Norte,015,27424,0,0,0,0,0
2020-02-14,El Dorado,017,186661,0,0,0,0,0
2020-02-14,Fresno,019,978130,0,0,0,0,0
2020-02-14,Glenn,021,27897,0,0,0,0,0
2020-02-14,Humboldt,023,135768,1,0,0,0,0
2020-02-14,Imperial,025,180216,0,0,0,0,0
2020-02-14,Inyo,027,18085,0,0,0,0,0
2020-02-14,Kern,029,883053,2,0,0,0,0
2020-02-14,Kings,031,150075,0,0,0,0,0
2020-02-14,Lake,033,64148,0,0,0,0,0
2020-02-14,Lassen,035,31185,0,0,0,0,0
2020-02-14,Los Angeles,037,10098052,35,1,4,5,0
2020-02-14,Madera,039,155013,0,0,0,0,0
2020-02-14,Marin,041,260295,0,0,0,0,0
2020-02-14,Mariposa,043,17540,0,0,0,0,0
2020-02-14,Mendocino,045,87422,0,0,0,0,0
2020-02-14,Merced,047,269075,0,0,0,0,0
2020-02-14,Modoc,049,8938,0,0,0,0,0
2020-02-14,Mono,051,14174,0,0,0,0,0
2020-02-14,Monterey,053,433212,1,0,0,0,0
2020-02-14,Napa,055,140530,0,0,0,0,0
2020-02-14,Nevada,057,99092,0,0,0,0,0
2020-02-14,Orange,059,3164182,38,1,0,1,0
2020-02-14,Placer,061,380077,0,0,0,0,0
2020-02-14,Plumas,063,18699,0,0,0,0,0
2020-02-14,Riverside,065,2383286,4,0,0,0,0
2020-02-14,Sacramento,067,1510023,1,0,0,0,0
2020-02-14,San Benito,069,59416,0,2,0,2,0
2020-02-14,San Bernardino,071,2135413,9,0,0,0,0
2020-02-14,San Diego,073,3302833,1,2,0,2,0
2020-02-14,San Francisco,075,870044,2,0,0,0,0
2020-02-14,San Joaquin,077,732212,1,0,1,1,0
2020-02-14,San Luis Obispo,079,281455,0,0,0,0,0
2020-02-14,San Mateo,081,765935,3,0,0,0,0
2020-02-14,Santa Barbara,083,443738,0,0,0,0,0
2020-02-14,Santa Clara,085,1922200,8,2,1,3,0
2020-02-14,Santa Cruz,087,273765,0,0,0,0,0
2020-02-14,Shasta,089,179085,0,0,0,0,0
2020-02-14,Sierra,091,2930,0,0,0,0,0
2020-02-14,Siskiyou,093,43540,0,0,0,0,0
2020-02-14,Solano,095,438530,1,0,0,0,0
2020-02-14,Sonoma,097,501317,0,0,0,0,0
2020-02-14,Stanislaus,099,539301,1,0,2,2,0
2020-02-14,Sutter,101,95872,0,0,0,0,0
2020-02-14,Tehama,103,63373,0,0,0,0,0
2020-02-14,Trinity,105,12862,0,0,0,0,0
2020-02-14,Tulare,107,460477,2,0,0,0,0
2020-02-14,Tuolumne,109,53932,0,0,0,0,0
2020-02-14,Ventura,111,848112,2,0,0,0,0
2020-02-14,Yolo,113,214977,0,0,0,0,0
2020-02-14,Yuba,115,75493,0,0,0,0,0
2020-02-13,Alameda,001,1643700,5,0,0,0,0
2020-02-13,Alpine,002,1148,0,0,0,0,0
2020-02-13,Amador,005,37829,0,0,0,0,0
2020-02-13,Butte,007,227075,0,0,0,0,0
2020-02-13,Calaveras,009,45235,0,0,0,0,0
2020-02-13,Colusa,011,21464,0,0,0,0,0
2020-02-13,Contra Costa,013,1133247,3,0,0,0,0
2020-02-13,Del Norte,015,27424,0,0,0,0,0
2020-02-13,El Dorado,017,186661,0,0,0,0,0
2020-02-13,Fresno,019,978130,0,0,0,0,0
2020-02-13,Glenn,021,27897,0,0,0,0,0
2020-02-13,Humboldt,023,135768,1,0,0,0,0
2020-02-13,Imperial,025,180216,0,0,0,0,0
2020-02-13,Inyo,027,18085,0,0,0,0,0
2020-02-13,Kern,029,883053,2,0,0,0,0
2020-02-13,Kings,031,150075,0,0,0,0,0
2020-02-13,Lake,033,64148,0,0,0,0,0
2020-02-13,Lassen,035,31185,0,0,0,0,0
2020-02-13,Los Angeles,037,10098052,32,1,3,4,0
2020-02-13,Madera,039,155013,0,0,0,0,0
2020-02-13,Marin,041,260295,0,0,0,0,0
2020-02-13,Mariposa,043,17540,0,0,0,0,0
2020-02-13,Mendocino,045,87422,0,0,0,0,0
2020-02-13,Merced,047,269075,0,0,0,0,0
2020-02-13,Modoc,049,8938,0,0,0,0,0
2020-02-13,Mono,051,14174,0,0,0,0,0
2020-02-13,Monterey,053,433212,1,0,0,0,0
2020-02-13,Napa,055,140530,0,0,0,0,0
2020-02-13,Nevada,057,99092,0,0,0,0,0
2020-02-13,Orange,059,3164182,37,1,0,1,0
2020-02-13,Placer,061,380077,0,0,0,0,0
2020-02-13,Plumas,063,18699,0,0,0,0,0
2020-02-13,Riverside,065,2383286,4,0,0,0,0
2020-02-13,Sacramento,067,1510023,1,0,0,0,0
2020-02-13,San Benito,069,59416,0,2,0,2,0
2020-02-13,San Bernardino,071,2135413,8,0,0,0,0
2020-02-13,San Diego,073,3302833,0,2,0,2,0
2020-02-13,San Francisco,075,870044,2,0,0,0,0
2020-02-13,San Joaquin,077,732212,1,0,1,1,0
2020-02-13,San Luis Obispo,079,281455,0,0,0,0,0
2020-02-13,San Mateo,081,765935,2,0,0,0,0
2020-02-13,Santa Barbara,083,443738,0,0,0,0,0
2020-02-13,Santa Clara,085,1922200,7,2,0,2,0
2020-02-13,Santa Cruz,087,273765,0,0,0,0,0
2020-02-13,Shasta,089,179085,0,0,0,0,0
2020-02-13,Sierra,091,2930,0,0,0,0,0
2020-02-13,Siskiyou,093,43540,0,0,0,0,0
2020-02-13,Solano,095,438530,0,0,0,0,0
2020-02-13,Sonoma,097,501317,0,0,0,0,0
2020-02-13,Stanislaus,099,539301,1,0,1,1,0
2020-02-13,Sutter,101,95872,0,0,0,0,0
2020-02-13,Tehama,103,63373,0,0,0,0,0
2020-02-13,Trinity,105,12862,0,0,0,0,0
2020-02-13,Tulare,107,460477,2,0,0,0,0
2020-02-13,Tuolumne,109,53932,0,0,0,0,0
2020-02-13,Ventura,111,848112,2,0,0,0,0
2020-02-13,Yolo,113,214977,0,0,0,0,0
2020-02-13,Yuba,115,75493,0,0,0,0,0
2020-02-12,Alameda,001,1643700,5,0,0,0,0
2020-02-12,Alpine,002,1148,0,0,0,0,0
2020-02-12,Amador,005,37829,0,0,0,0,0
2020-02-12,Butte,007,227075,0,0,0,0,0
2020-02-12,Calaveras,009,45235,0,0,0,0,0
2020-02-12,Colusa,011,21464,0,0,0,0,0
2020-02-12,Contra Costa,013,1133247,3,0,0,0,0
2020-02-12,Del Norte,015,27424,0,0,0,0,0
2020-02-12,El Dorado,017,186661,0,0,0,0,0
2020-02-12,Fresno,019,978130,0,0,0,0,0
2020-02-12,Glenn,021,27897,0,0,0,0,0
2020-02-12,Humboldt,023,135768,1,0,0,0,0
2020-02-12,Imperial,025,180216,0,0,0,0,0
2020-02-12,Inyo,027,18085,0,0,0,0,0
2020-02-12,Kern,029,883053,2,0,0,0,0
2020-02-12,Kings,031,150075,0,0,0,0,0
2020-02-12,Lake,033,64148,0,0,0,0,0
2020-02-12,Lassen,035,31185,0,0,0,0,0
2020-02-12,Los Angeles,037,10098052,31,1,3,4,0
2020-02-12,Madera,039,155013,0,0,0,0,0
2020-02-12,Marin,041,260295,0,0,0,0,0
2020-02-12,Mariposa,043,17540,0,0,0,0,0
2020-02-12,Mendocino,045,87422,0,0,0,0,0
2020-02-12,Merced,047,269075,0,0,0,0,0
2020-02-12,Modoc,049,8938,0,0,0,0,0
2020-02-12,Mono,051,14174,0,0,0,0,0
2020-02-12,Monterey,053,433212,1,0,0,0,0
2020-02-12,Napa,055,140530,0,0,0,0,0
2020-02-12,Nevada,057,99092,0,0,0,0,0
2020-02-12,Orange,059,3164182,37,1,0,1,0
2020-02-12,Placer,061,380077,0,0,0,0,0
2020-02-12,Plumas,063,18699,0,0,0,0,0
2020-02-12,Riverside,065,2383286,4,0,0,0,0
2020-02-12,Sacramento,067,1510023,1,0,0,0,0
2020-02-12,San Benito,069,59416,0,2,0,2,0
2020-02-12,San Bernardino,071,2135413,8,0,0,0,0
2020-02-12,San Diego,073,3302833,0,2,0,2,0
2020-02-12,San Francisco,075,870044,2,0,0,0,0
2020-02-12,San Joaquin,077,732212,1,0,1,1,0
2020-02-12,San Luis Obispo,079,281455,0,0,0,0,0
2020-02-12,San Mateo,081,765935,2,0,0,0,0
2020-02-12,Santa Barbara,083,443738,0,0,0,0,0
2020-02-12,Santa Clara,085,1922200,6,2,0,2,0
2020-02-12,Santa Cruz,087,273765,0,0,0,0,0
2020-02-12,Shasta,089,179085,0,0,0,0,0
2020-02-12,Sierra,091,2930,0,0,0,0,0
2020-02-12,Siskiyou,093,43540,0,0,0,0,0
2020-02-12,Solano,095,438530,0,0,0,0,0
2020-02-12,Sonoma,097,501317,0,0,0,0,0
2020-02-12,Stanislaus,099,539301,1,0,1,1,0
2020-02-12,Sutter,101,95872,0,0,0,0,0
2020-02-12,Tehama,103,63373,0,0,0,0,0
2020-02-12,Trinity,105,12862,0,0,0,0,0
2020-02-12,Tulare,107,460477,2,0,0,0,0
2020-02-12,Tuolumne,109,53932,0,0,0,0,0
2020-02-12,Ventura,111,848112,2,0,0,0,0
2020-02-12,Yolo,113,214977,0,0,0,0,0
2020-02-12,Yuba,115,75493,0,0,0,0,0
2020-02-11,Alameda,001,1643700,5,0,0,0,0
2020-02-11,Alpine,002,1148,0,0,0,0,0
2020-02-11,Amador,005,37829,0,0,0,0,0
2020-02-11,Butte,007,227075,0,0,0,0,0
2020-02-11,Calaveras,009,45235,0,0,0,0,0
2020-02-11,Colusa,011,21464,0,0,0,0,0
2020-02-11,Contra Costa,013,1133247,3,0,0,0,0
2020-02-11,Del Norte,015,27424,0,0,0,0,0
2020-02-11,El Dorado,017,186661,0,0,0,0,0
2020-02-11,Fresno,019,978130,0,0,0,0,0
2020-02-11,Glenn,021,27897,0,0,0,0,0
2020-02-11,Humboldt,023,135768,1,0,0,0,0
2020-02-11,Imperial,025,180216,0,0,0,0,0
2020-02-11,Inyo,027,18085,0,0,0,0,0
2020-02-11,Kern,029,883053,2,0,0,0,0
2020-02-11,Kings,031,150075,0,0,0,0,0
2020-02-11,Lake,033,64148,0,0,0,0,0
2020-02-11,Lassen,035,31185,0,0,0,0,0
2020-02-11,Los Angeles,037,10098052,31,1,3,4,0
2020-02-11,Madera,039,155013,0,0,0,0,0
2020-02-11,Marin,041,260295,0,0,0,0,0
2020-02-11,Mariposa,043,17540,0,0,0,0,0
2020-02-11,Mendocino,045,87422,0,0,0,0,0
2020-02-11,Merced,047,269075,0,0,0,0,0
2020-02-11,Modoc,049,8938,0,0,0,0,0
2020-02-11,Mono,051,14174,0,0,0,0,0
2020-02-11,Monterey,053,433212,1,0,0,0,0
2020-02-11,Napa,055,140530,0,0,0,0,0
2020-02-11,Nevada,057,99092,0,0,0,0,0
2020-02-11,Orange,059,3164182,36,1,0,1,0
2020-02-11,Placer,061,380077,0,0,0,0,0
2020-02-11,Plumas,063,18699,0,0,0,0,0
2020-02-11,Riverside,065,2383286,4,0,0,0,0
2020-02-11,Sacramento,067,1510023,1,0,0,0,0
2020-02-11,San Benito,069,59416,0,2,0,2,0
2020-02-11,San Bernardino,071,2135413,8,0,0,0,0
2020-02-11,San Diego,073,3302833,0,1,0,1,0
2020-02-11,San Francisco,075,870044,2,0,0,0,0
2020-02-11,San Joaquin,077,732212,0,0,1,1,0
2020-02-11,San Luis Obispo,079,281455,0,0,0,0,0
2020-02-11,San Mateo,081,765935,2,0,0,0,0
2020-02-11,Santa Barbara,083,443738,0,0,0,0,0
2020-02-11,Santa Clara,085,1922200,5,2,0,2,0
2020-02-11,Santa Cruz,087,273765,0,0,0,0,0
2020-02-11,Shasta,089,179085,0,0,0,0,0
2020-02-11,Sierra,091,2930,0,0,0,0,0
2020-02-11,Siskiyou,093,43540,0,0,0,0,0
2020-02-11,Solano,095,438530,0,0,0,0,0
2020-02-11,Sonoma,097,501317,0,0,0,0,0
2020-02-11,Stanislaus,099,539301,1,0,1,1,0
2020-02-11,Sutter,101,95872,0,0,0,0,0
2020-02-11,Tehama,103,63373,0,0,0,0,0
2020-02-11,Trinity,105,12862,0,0,0,0,0
2020-02-11,Tulare,107,460477,2,0,0,0,0
2020-02-11,Tuolumne,109,53932,0,0,0,0,0
2020-02-11,Ventura,111,848112,2,0,0,0,0
2020-02-11,Yolo,113,214977,0,0,0,0,0
2020-02-11,Yuba,115,75493,0,0,0,0,0
2020-02-10,Alameda,001,1643700,5,0,0,0,0
2020-02-10,Alpine,002,1148,0,0,0,0,0
2020-02-10,Amador,005,37829,0,0,0,0,0
2020-02-10,Butte,007,227075,0,0,0,0,0
2020-02-10,Calaveras,009,45235,0,0,0,0,0
2020-02-10,Colusa,011,21464,0,0,0,0,0
2020-02-10,Contra Costa,013,1133247,3,0,0,0,0
2020-02-10,Del Norte,015,27424,0,0,0,0,0
2020-02-10,El Dorado,017,186661,0,0,0,0,0
2020-02-10,Fresno,019,978130,0,0,0,0,0
2020-02-10,Glenn,021,27897,0,0,0,0,0
2020-02-10,Humboldt,023,135768,0,0,0,0,0
2020-02-10,Imperial,025,180216,0,0,0,0,0
2020-02-10,Inyo,027,18085,0,0,0,0,0
2020-02-10,Kern,029,883053,2,0,0,0,0
2020-02-10,Kings,031,150075,0,0,0,0,0
2020-02-10,Lake,033,64148,0,0,0,0,0
2020-02-10,Lassen,035,31185,0,0,0,0,0
2020-02-10,Los Angeles,037,10098052,29,1,3,4,0
2020-02-10,Madera,039,155013,0,0,0,0,0
2020-02-10,Marin,041,260295,0,0,0,0,0
2020-02-10,Mariposa,043,17540,0,0,0,0,0
2020-02-10,Mendocino,045,87422,0,0,0,0,0
2020-02-10,Merced,047,269075,0,0,0,0,0
2020-02-10,Modoc,049,8938,0,0,0,0,0
2020-02-10,Mono,051,14174,0,0,0,0,0
2020-02-10,Monterey,053,433212,1,0,0,0,0
2020-02-10,Napa,055,140530,0,0,0,0,0
2020-02-10,Nevada,057,99092,0,0,0,0,0
2020-02-10,Orange,059,3164182,36,1,0,1,0
2020-02-10,Placer,061,380077,0,0,0,0,0
2020-02-10,Plumas,063,18699,0,0,0,0,0
2020-02-10,Riverside,065,2383286,4,0,0,0,0
2020-02-10,Sacramento,067,1510023,1,0,0,0,0
2020-02-10,San Benito,069,59416,0,2,0,2,0
2020-02-10,San Bernardino,071,2135413,7,0,0,0,0
2020-02-10,San Diego,073,3302833,0,0,0,0,0
2020-02-10,San Francisco,075,870044,2,0,0,0,0
2020-02-10,San Joaquin,077,732212,0,0,1,1,0
2020-02-10,San Luis Obispo,079,281455,0,0,0,0,0
2020-02-10,San Mateo,081,765935,2,0,0,0,0
2020-02-10,Santa Barbara,083,443738,0,0,0,0,0
2020-02-10,Santa Clara,085,1922200,5,2,0,2,0
2020-02-10,Santa Cruz,087,273765,0,0,0,0,0
2020-02-10,Shasta,089,179085,0,0,0,0,0
2020-02-10,Sierra,091,2930,0,0,0,0,0
2020-02-10,Siskiyou,093,43540,0,0,0,0,0
2020-02-10,Solano,095,438530,0,0,0,0,0
2020-02-10,Sonoma,097,501317,0,0,0,0,0
2020-02-10,Stanislaus,099,539301,1,0,0,0,0
2020-02-10,Sutter,101,95872,0,0,0,0,0
2020-02-10,Tehama,103,63373,0,0,0,0,0
2020-02-10,Trinity,105,12862,0,0,0,0,0
2020-02-10,Tulare,107,460477,2,0,0,0,0
2020-02-10,Tuolumne,109,53932,0,0,0,0,0
2020-02-10,Ventura,111,848112,2,0,0,0,0
2020-02-10,Yolo,113,214977,0,0,0,0,0
2020-02-10,Yuba,115,75493,0,0,0,0,0
2020-02-09,Alameda,001,1643700,5,0,0,0,0
2020-02-09,Alpine,002,1148,0,0,0,0,0
2020-02-09,Amador,005,37829,0,0,0,0,0
2020-02-09,Butte,007,227075,0,0,0,0,0
2020-02-09,Calaveras,009,45235,0,0,0,0,0
2020-02-09,Colusa,011,21464,0,0,0,0,0
2020-02-09,Contra Costa,013,1133247,3,0,0,0,0
2020-02-09,Del Norte,015,27424,0,0,0,0,0
2020-02-09,El Dorado,017,186661,0,0,0,0,0
2020-02-09,Fresno,019,978130,0,0,0,0,0
2020-02-09,Glenn,021,27897,0,0,0,0,0
2020-02-09,Humboldt,023,135768,0,0,0,0,0
2020-02-09,Imperial,025,180216,0,0,0,0,0
2020-02-09,Inyo,027,18085,0,0,0,0,0
2020-02-09,Kern,029,883053,2,0,0,0,0
2020-02-09,Kings,031,150075,0,0,0,0,0
2020-02-09,Lake,033,64148,0,0,0,0,0
2020-02-09,Lassen,035,31185,0,0,0,0,0
2020-02-09,Los Angeles,037,10098052,28,1,3,4,0
2020-02-09,Madera,039,155013,0,0,0,0,0
2020-02-09,Marin,041,260295,0,0,0,0,0
2020-02-09,Mariposa,043,17540,0,0,0,0,0
2020-02-09,Mendocino,045,87422,0,0,0,0,0
2020-02-09,Merced,047,269075,0,0,0,0,0
2020-02-09,Modoc,049,8938,0,0,0,0,0
2020-02-09,Mono,051,14174,0,0,0,0,0
2020-02-09,Monterey,053,433212,1,0,0,0,0
2020-02-09,Napa,055,140530,0,0,0,0,0
2020-02-09,Nevada,057,99092,0,0,0,0,0
2020-02-09,Orange,059,3164182,36,1,0,1,0
2020-02-09,Placer,061,380077,0,0,0,0,0
2020-02-09,Plumas,063,18699,0,0,0,0,0
2020-02-09,Riverside,065,2383286,4,0,0,0,0
2020-02-09,Sacramento,067,1510023,0,0,0,0,0
2020-02-09,San Benito,069,59416,0,2,0,2,0
2020-02-09,San Bernardino,071,2135413,7,0,0,0,0
2020-02-09,San Diego,073,3302833,0,0,0,0,0
2020-02-09,San Francisco,075,870044,1,0,0,0,0
2020-02-09,San Joaquin,077,732212,0,0,1,1,0
2020-02-09,San Luis Obispo,079,281455,0,0,0,0,0
2020-02-09,San Mateo,081,765935,2,0,0,0,0
2020-02-09,Santa Barbara,083,443738,0,0,0,0,0
2020-02-09,Santa Clara,085,1922200,4,2,0,2,0
2020-02-09,Santa Cruz,087,273765,0,0,0,0,0
2020-02-09,Shasta,089,179085,0,0,0,0,0
2020-02-09,Sierra,091,2930,0,0,0,0,0
2020-02-09,Siskiyou,093,43540,0,0,0,0,0
2020-02-09,Solano,095,438530,0,0,0,0,0
2020-02-09,Sonoma,097,501317,0,0,0,0,0
2020-02-09,Stanislaus,099,539301,0,0,0,0,0
2020-02-09,Sutter,101,95872,0,0,0,0,0
2020-02-09,Tehama,103,63373,0,0,0,0,0
2020-02-09,Trinity,105,12862,0,0,0,0,0
2020-02-09,Tulare,107,460477,2,0,0,0,0
2020-02-09,Tuolumne,109,53932,0,0,0,0,0
2020-02-09,Ventura,111,848112,1,0,0,0,0
2020-02-09,Yolo,113,214977,0,0,0,0,0
2020-02-09,Yuba,115,75493,0,0,0,0,0
2020-02-08,Alameda,001,1643700,4,0,0,0,0
2020-02-08,Alpine,002,1148,0,0,0,0,0
2020-02-08,Amador,005,37829,0,0,0,0,0
2020-02-08,Butte,007,227075,0,0,0,0,0
2020-02-08,Calaveras,009,45235,0,0,0,0,0
2020-02-08,Colusa,011,21464,0,0,0,0,0
2020-02-08,Contra Costa,013,1133247,2,0,0,0,0
2020-02-08,Del Norte,015,27424,0,0,0,0,0
2020-02-08,El Dorado,017,186661,0,0,0,0,0
2020-02-08,Fresno,019,978130,0,0,0,0,0
2020-02-08,Glenn,021,27897,0,0,0,0,0
2020-02-08,Humboldt,023,135768,0,0,0,0,0
2020-02-08,Imperial,025,180216,0,0,0,0,0
2020-02-08,Inyo,027,18085,0,0,0,0,0
2020-02-08,Kern,029,883053,2,0,0,0,0
2020-02-08,Kings,031,150075,0,0,0,0,0
2020-02-08,Lake,033,64148,0,0,0,0,0
2020-02-08,Lassen,035,31185,0,0,0,0,0
2020-02-08,Los Angeles,037,10098052,25,1,1,2,0
2020-02-08,Madera,039,155013,0,0,0,0,0
2020-02-08,Marin,041,260295,0,0,0,0,0
2020-02-08,Mariposa,043,17540,0,0,0,0,0
2020-02-08,Mendocino,045,87422,0,0,0,0,0
2020-02-08,Merced,047,269075,0,0,0,0,0
2020-02-08,Modoc,049,8938,0,0,0,0,0
2020-02-08,Mono,051,14174,0,0,0,0,0
2020-02-08,Monterey,053,433212,1,0,0,0,0
2020-02-08,Napa,055,140530,0,0,0,0,0
2020-02-08,Nevada,057,99092,0,0,0,0,0
2020-02-08,Orange,059,3164182,36,1,0,1,0
2020-02-08,Placer,061,380077,0,0,0,0,0
2020-02-08,Plumas,063,18699,0,0,0,0,0
2020-02-08,Riverside,065,2383286,4,0,0,0,0
2020-02-08,Sacramento,067,1510023,0,0,0,0,0
2020-02-08,San Benito,069,59416,0,2,0,2,0
2020-02-08,San Bernardino,071,2135413,7,0,0,0,0
2020-02-08,San Diego,073,3302833,0,0,0,0,0
2020-02-08,San Francisco,075,870044,1,0,0,0,0
2020-02-08,San Joaquin,077,732212,0,0,1,1,0
2020-02-08,San Luis Obispo,079,281455,0,0,0,0,0
2020-02-08,San Mateo,081,765935,2,0,0,0,0
2020-02-08,Santa Barbara,083,443738,0,0,0,0,0
2020-02-08,Santa Clara,085,1922200,4,2,0,2,0
2020-02-08,Santa Cruz,087,273765,0,0,0,0,0
2020-02-08,Shasta,089,179085,0,0,0,0,0
2020-02-08,Sierra,091,2930,0,0,0,0,0
2020-02-08,Siskiyou,093,43540,0,0,0,0,0
2020-02-08,Solano,095,438530,0,0,0,0,0
2020-02-08,Sonoma,097,501317,0,0,0,0,0
2020-02-08,Stanislaus,099,539301,0,0,0,0,0
2020-02-08,Sutter,101,95872,0,0,0,0,0
2020-02-08,Tehama,103,63373,0,0,0,0,0
2020-02-08,Trinity,105,12862,0,0,0,0,0
2020-02-08,Tulare,107,460477,2,0,0,0,0
2020-02-08,Tuolumne,109,53932,0,0,0,0,0
2020-02-08,Ventura,111,848112,1,0,0,0,0
2020-02-08,Yolo,113,214977,0,0,0,0,0
2020-02-08,Yuba,115,75493,0,0,0,0,0
2020-02-07,Alameda,001,1643700,4,0,0,0,0
2020-02-07,Alpine,002,1148,0,0,0,0,0
2020-02-07,Amador,005,37829,0,0,0,0,0
2020-02-07,Butte,007,227075,0,0,0,0,0
2020-02-07,Calaveras,009,45235,0,0,0,0,0
2020-02-07,Colusa,011,21464,0,0,0,0,0
2020-02-07,Contra Costa,013,1133247,2,0,0,0,0
2020-02-07,Del Norte,015,27424,0,0,0,0,0
2020-02-07,El Dorado,017,186661,0,0,0,0,0
2020-02-07,Fresno,019,978130,0,0,0,0,0
2020-02-07,Glenn,021,27897,0,0,0,0,0
2020-02-07,Humboldt,023,135768,0,0,0,0,0
2020-02-07,Imperial,025,180216,0,0,0,0,0
2020-02-07,Inyo,027,18085,0,0,0,0,0
2020-02-07,Kern,029,883053,2,0,0,0,0
2020-02-07,Kings,031,150075,0,0,0,0,0
2020-02-07,Lake,033,64148,0,0,0,0,0
2020-02-07,Lassen,035,31185,0,0,0,0,0
2020-02-07,Los Angeles,037,10098052,24,1,0,1,0
2020-02-07,Madera,039,155013,0,0,0,0,0
2020-02-07,Marin,041,260295,0,0,0,0,0
2020-02-07,Mariposa,043,17540,0,0,0,0,0
2020-02-07,Mendocino,045,87422,0,0,0,0,0
2020-02-07,Merced,047,269075,0,0,0,0,0
2020-02-07,Modoc,049,8938,0,0,0,0,0
2020-02-07,Mono,051,14174,0,0,0,0,0
2020-02-07,Monterey,053,433212,1,0,0,0,0
2020-02-07,Napa,055,140530,0,0,0,0,0
2020-02-07,Nevada,057,99092,0,0,0,0,0
2020-02-07,Orange,059,3164182,34,1,0,1,0
2020-02-07,Placer,061,380077,0,0,0,0,0
2020-02-07,Plumas,063,18699,0,0,0,0,0
2020-02-07,Riverside,065,2383286,4,0,0,0,0
2020-02-07,Sacramento,067,1510023,0,0,0,0,0
2020-02-07,San Benito,069,59416,0,2,0,2,0
2020-02-07,San Bernardino,071,2135413,4,0,0,0,0
2020-02-07,San Diego,073,3302833,0,0,0,0,0
2020-02-07,San Francisco,075,870044,1,0,0,0,0
2020-02-07,San Joaquin,077,732212,0,0,1,1,0
2020-02-07,San Luis Obispo,079,281455,0,0,0,0,0
2020-02-07,San Mateo,081,765935,1,0,0,0,0
2020-02-07,Santa Barbara,083,443738,0,0,0,0,0
2020-02-07,Santa Clara,085,1922200,4,2,0,2,0
2020-02-07,Santa Cruz,087,273765,0,0,0,0,0
2020-02-07,Shasta,089,179085,0,0,0,0,0
2020-02-07,Sierra,091,2930,0,0,0,0,0
2020-02-07,Siskiyou,093,43540,0,0,0,0,0
2020-02-07,Solano,095,438530,0,0,0,0,0
2020-02-07,Sonoma,097,501317,0,0,0,0,0
2020-02-07,Stanislaus,099,539301,0,0,0,0,0
2020-02-07,Sutter,101,95872,0,0,0,0,0
2020-02-07,Tehama,103,63373,0,0,0,0,0
2020-02-07,Trinity,105,12862,0,0,0,0,0
2020-02-07,Tulare,107,460477,2,0,0,0,0
2020-02-07,Tuolumne,109,53932,0,0,0,0,0
2020-02-07,Ventura,111,848112,1,0,0,0,0
2020-02-07,Yolo,113,214977,0,0,0,0,0
2020-02-07,Yuba,115,75493,0,0,0,0,0
2020-02-06,Alameda,001,1643700,4,0,0,0,0
2020-02-06,Alpine,002,1148,0,0,0,0,0
2020-02-06,Amador,005,37829,0,0,0,0,0
2020-02-06,Butte,007,227075,0,0,0,0,0
2020-02-06,Calaveras,009,45235,0,0,0,0,0
2020-02-06,Colusa,011,21464,0,0,0,0,0
2020-02-06,Contra Costa,013,1133247,2,0,0,0,0
2020-02-06,Del Norte,015,27424,0,0,0,0,0
2020-02-06,El Dorado,017,186661,0,0,0,0,0
2020-02-06,Fresno,019,978130,0,0,0,0,0
2020-02-06,Glenn,021,27897,0,0,0,0,0
2020-02-06,Humboldt,023,135768,0,0,0,0,0
2020-02-06,Imperial,025,180216,0,0,0,0,0
2020-02-06,Inyo,027,18085,0,0,0,0,0
2020-02-06,Kern,029,883053,2,0,0,0,0
2020-02-06,Kings,031,150075,0,0,0,0,0
2020-02-06,Lake,033,64148,0,0,0,0,0
2020-02-06,Lassen,035,31185,0,0,0,0,0
2020-02-06,Los Angeles,037,10098052,23,1,0,1,0
2020-02-06,Madera,039,155013,0,0,0,0,0
2020-02-06,Marin,041,260295,0,0,0,0,0
2020-02-06,Mariposa,043,17540,0,0,0,0,0
2020-02-06,Mendocino,045,87422,0,0,0,0,0
2020-02-06,Merced,047,269075,0,0,0,0,0
2020-02-06,Modoc,049,8938,0,0,0,0,0
2020-02-06,Mono,051,14174,0,0,0,0,0
2020-02-06,Monterey,053,433212,1,0,0,0,0
2020-02-06,Napa,055,140530,0,0,0,0,0
2020-02-06,Nevada,057,99092,0,0,0,0,0
2020-02-06,Orange,059,3164182,4,1,0,1,0
2020-02-06,Placer,061,380077,0,0,0,0,0
2020-02-06,Plumas,063,18699,0,0,0,0,0
2020-02-06,Riverside,065,2383286,4,0,0,0,0
2020-02-06,Sacramento,067,1510023,0,0,0,0,0
2020-02-06,San Benito,069,59416,0,2,0,2,0
2020-02-06,San Bernardino,071,2135413,4,0,0,0,0
2020-02-06,San Diego,073,3302833,0,0,0,0,0
2020-02-06,San Francisco,075,870044,1,0,0,0,0
2020-02-06,San Joaquin,077,732212,0,0,1,1,0
2020-02-06,San Luis Obispo,079,281455,0,0,0,0,0
2020-02-06,San Mateo,081,765935,1,0,0,0,0
2020-02-06,Santa Barbara,083,443738,0,0,0,0,0
2020-02-06,Santa Clara,085,1922200,4,2,0,2,0
2020-02-06,Santa Cruz,087,273765,0,0,0,0,0
2020-02-06,Shasta,089,179085,0,0,0,0,0
2020-02-06,Sierra,091,2930,0,0,0,0,0
2020-02-06,Siskiyou,093,43540,0,0,0,0,0
2020-02-06,Solano,095,438530,0,0,0,0,0
2020-02-06,Sonoma,097,501317,0,0,0,0,0
2020-02-06,Stanislaus,099,539301,0,0,0,0,0
2020-02-06,Sutter,101,95872,0,0,0,0,0
2020-02-06,Tehama,103,63373,0,0,0,0,0
2020-02-06,Trinity,105,12862,0,0,0,0,0
2020-02-06,Tulare,107,460477,2,0,0,0,0
2020-02-06,Tuolumne,109,53932,0,0,0,0,0
2020-02-06,Ventura,111,848112,1,0,0,0,0
2020-02-06,Yolo,113,214977,0,0,0,0,0
2020-02-06,Yuba,115,75493,0,0,0,0,0
2020-02-05,Alameda,001,1643700,3,0,0,0,0
2020-02-05,Alpine,002,1148,0,0,0,0,0
2020-02-05,Amador,005,37829,0,0,0,0,0
2020-02-05,Butte,007,227075,0,0,0,0,0
2020-02-05,Calaveras,009,45235,0,0,0,0,0
2020-02-05,Colusa,011,21464,0,0,0,0,0
2020-02-05,Contra Costa,013,1133247,2,0,0,0,0
2020-02-05,Del Norte,015,27424,0,0,0,0,0
2020-02-05,El Dorado,017,186661,0,0,0,0,0
2020-02-05,Fresno,019,978130,0,0,0,0,0
2020-02-05,Glenn,021,27897,0,0,0,0,0
2020-02-05,Humboldt,023,135768,0,0,0,0,0
2020-02-05,Imperial,025,180216,0,0,0,0,0
2020-02-05,Inyo,027,18085,0,0,0,0,0
2020-02-05,Kern,029,883053,1,0,0,0,0
2020-02-05,Kings,031,150075,0,0,0,0,0
2020-02-05,Lake,033,64148,0,0,0,0,0
2020-02-05,Lassen,035,31185,0,0,0,0,0
2020-02-05,Los Angeles,037,10098052,23,1,0,1,0
2020-02-05,Madera,039,155013,0,0,0,0,0
2020-02-05,Marin,041,260295,0,0,0,0,0
2020-02-05,Mariposa,043,17540,0,0,0,0,0
2020-02-05,Mendocino,045,87422,0,0,0,0,0
2020-02-05,Merced,047,269075,0,0,0,0,0
2020-02-05,Modoc,049,8938,0,0,0,0,0
2020-02-05,Mono,051,14174,0,0,0,0,0
2020-02-05,Monterey,053,433212,1,0,0,0,0
2020-02-05,Napa,055,140530,0,0,0,0,0
2020-02-05,Nevada,057,99092,0,0,0,0,0
2020-02-05,Orange,059,3164182,3,1,0,1,0
2020-02-05,Placer,061,380077,0,0,0,0,0
2020-02-05,Plumas,063,18699,0,0,0,0,0
2020-02-05,Riverside,065,2383286,4,0,0,0,0
2020-02-05,Sacramento,067,1510023,0,0,0,0,0
2020-02-05,San Benito,069,59416,0,2,0,2,0
2020-02-05,San Bernardino,071,2135413,4,0,0,0,0
2020-02-05,San Diego,073,3302833,0,0,0,0,0
2020-02-05,San Francisco,075,870044,1,0,0,0,0
2020-02-05,San Joaquin,077,732212,0,0,1,1,0
2020-02-05,San Luis Obispo,079,281455,0,0,0,0,0
2020-02-05,San Mateo,081,765935,1,0,0,0,0
2020-02-05,Santa Barbara,083,443738,0,0,0,0,0
2020-02-05,Santa Clara,085,1922200,2,2,0,2,0
2020-02-05,Santa Cruz,087,273765,0,0,0,0,0
2020-02-05,Shasta,089,179085,0,0,0,0,0
2020-02-05,Sierra,091,2930,0,0,0,0,0
2020-02-05,Siskiyou,093,43540,0,0,0,0,0
2020-02-05,Solano,095,438530,0,0,0,0,0
2020-02-05,Sonoma,097,501317,0,0,0,0,0
2020-02-05,Stanislaus,099,539301,0,0,0,0,0
2020-02-05,Sutter,101,95872,0,0,0,0,0
2020-02-05,Tehama,103,63373,0,0,0,0,0
2020-02-05,Trinity,105,12862,0,0,0,0,0
2020-02-05,Tulare,107,460477,2,0,0,0,0
2020-02-05,Tuolumne,109,53932,0,0,0,0,0
2020-02-05,Ventura,111,848112,0,0,0,0,0
2020-02-05,Yolo,113,214977,0,0,0,0,0
2020-02-05,Yuba,115,75493,0,0,0,0,0
2020-02-04,Alameda,001,1643700,3,0,0,0,0
2020-02-04,Alpine,002,1148,0,0,0,0,0
2020-02-04,Amador,005,37829,0,0,0,0,0
2020-02-04,Butte,007,227075,0,0,0,0,0
2020-02-04,Calaveras,009,45235,0,0,0,0,0
2020-02-04,Colusa,011,21464,0,0,0,0,0
2020-02-04,Contra Costa,013,1133247,2,0,0,0,0
2020-02-04,Del Norte,015,27424,0,0,0,0,0
2020-02-04,El Dorado,017,186661,0,0,0,0,0
2020-02-04,Fresno,019,978130,0,0,0,0,0
2020-02-04,Glenn,021,27897,0,0,0,0,0
2020-02-04,Humboldt,023,135768,0,0,0,0,0
2020-02-04,Imperial,025,180216,0,0,0,0,0
2020-02-04,Inyo,027,18085,0,0,0,0,0
2020-02-04,Kern,029,883053,0,0,0,0,0
2020-02-04,Kings,031,150075,0,0,0,0,0
2020-02-04,Lake,033,64148,0,0,0,0,0
2020-02-04,Lassen,035,31185,0,0,0,0,0
2020-02-04,Los Angeles,037,10098052,23,1,0,1,0
2020-02-04,Madera,039,155013,0,0,0,0,0
2020-02-04,Marin,041,260295,0,0,0,0,0
2020-02-04,Mariposa,043,17540,0,0,0,0,0
2020-02-04,Mendocino,045,87422,0,0,0,0,0
2020-02-04,Merced,047,269075,0,0,0,0,0
2020-02-04,Modoc,049,8938,0,0,0,0,0
2020-02-04,Mono,051,14174,0,0,0,0,0
2020-02-04,Monterey,053,433212,1,0,0,0,0
2020-02-04,Napa,055,140530,0,0,0,0,0
2020-02-04,Nevada,057,99092,0,0,0,0,0
2020-02-04,Orange,059,3164182,3,1,0,1,0
2020-02-04,Placer,061,380077,0,0,0,0,0
2020-02-04,Plumas,063,18699,0,0,0,0,0
2020-02-04,Riverside,065,2383286,4,0,0,0,0
2020-02-04,Sacramento,067,1510023,0,0,0,0,0
2020-02-04,San Benito,069,59416,0,2,0,2,0
2020-02-04,San Bernardino,071,2135413,3,0,0,0,0
2020-02-04,San Diego,073,3302833,0,0,0,0,0
2020-02-04,San Francisco,075,870044,1,0,0,0,0
2020-02-04,San Joaquin,077,732212,0,0,1,1,0
2020-02-04,San Luis Obispo,079,281455,0,0,0,0,0
2020-02-04,San Mateo,081,765935,0,0,0,0,0
2020-02-04,Santa Barbara,083,443738,0,0,0,0,0
2020-02-04,Santa Clara,085,1922200,2,2,0,2,0
2020-02-04,Santa Cruz,087,273765,0,0,0,0,0
2020-02-04,Shasta,089,179085,0,0,0,0,0
2020-02-04,Sierra,091,2930,0,0,0,0,0
2020-02-04,Siskiyou,093,43540,0,0,0,0,0
2020-02-04,Solano,095,438530,0,0,0,0,0
2020-02-04,Sonoma,097,501317,0,0,0,0,0
2020-02-04,Stanislaus,099,539301,0,0,0,0,0
2020-02-04,Sutter,101,95872,0,0,0,0,0
2020-02-04,Tehama,103,63373,0,0,0,0,0
2020-02-04,Trinity,105,12862,0,0,0,0,0
2020-02-04,Tulare,107,460477,2,0,0,0,0
2020-02-04,Tuolumne,109,53932,0,0,0,0,0
2020-02-04,Ventura,111,848112,0,0,0,0,0
2020-02-04,Yolo,113,214977,0,0,0,0,0
2020-02-04,Yuba,115,75493,0,0,0,0,0
2020-02-03,Alameda,001,1643700,3,0,0,0,0
2020-02-03,Alpine,002,1148,0,0,0,0,0
2020-02-03,Amador,005,37829,0,0,0,0,0
2020-02-03,Butte,007,227075,0,0,0,0,0
2020-02-03,Calaveras,009,45235,0,0,0,0,0
2020-02-03,Colusa,011,21464,0,0,0,0,0
2020-02-03,Contra Costa,013,1133247,2,0,0,0,0
2020-02-03,Del Norte,015,27424,0,0,0,0,0
2020-02-03,El Dorado,017,186661,0,0,0,0,0
2020-02-03,Fresno,019,978130,0,0,0,0,0
2020-02-03,Glenn,021,27897,0,0,0,0,0
2020-02-03,Humboldt,023,135768,0,0,0,0,0
2020-02-03,Imperial,025,180216,0,0,0,0,0
2020-02-03,Inyo,027,18085,0,0,0,0,0
2020-02-03,Kern,029,883053,0,0,0,0,0
2020-02-03,Kings,031,150075,0,0,0,0,0
2020-02-03,Lake,033,64148,0,0,0,0,0
2020-02-03,Lassen,035,31185,0,0,0,0,0
2020-02-03,Los Angeles,037,10098052,22,1,0,1,0
2020-02-03,Madera,039,155013,0,0,0,0,0
2020-02-03,Marin,041,260295,0,0,0,0,0
2020-02-03,Mariposa,043,17540,0,0,0,0,0
2020-02-03,Mendocino,045,87422,0,0,0,0,0
2020-02-03,Merced,047,269075,0,0,0,0,0
2020-02-03,Modoc,049,8938,0,0,0,0,0
2020-02-03,Mono,051,14174,0,0,0,0,0
2020-02-03,Monterey,053,433212,1,0,0,0,0
2020-02-03,Napa,055,140530,0,0,0,0,0
2020-02-03,Nevada,057,99092,0,0,0,0,0
2020-02-03,Orange,059,3164182,1,1,0,1,0
2020-02-03,Placer,061,380077,0,0,0,0,0
2020-02-03,Plumas,063,18699,0,0,0,0,0
2020-02-03,Riverside,065,2383286,4,0,0,0,0
2020-02-03,Sacramento,067,1510023,0,0,0,0,0
2020-02-03,San Benito,069,59416,0,2,0,2,0
2020-02-03,San Bernardino,071,2135413,3,0,0,0,0
2020-02-03,San Diego,073,3302833,0,0,0,0,0
2020-02-03,San Francisco,075,870044,1,0,0,0,0
2020-02-03,San Joaquin,077,732212,0,0,1,1,0
2020-02-03,San Luis Obispo,079,281455,0,0,0,0,0
2020-02-03,San Mateo,081,765935,0,0,0,0,0
2020-02-03,Santa Barbara,083,443738,0,0,0,0,0
2020-02-03,Santa Clara,085,1922200,2,2,0,2,0
2020-02-03,Santa Cruz,087,273765,0,0,0,0,0
2020-02-03,Shasta,089,179085,0,0,0,0,0
2020-02-03,Sierra,091,2930,0,0,0,0,0
2020-02-03,Siskiyou,093,43540,0,0,0,0,0
2020-02-03,Solano,095,438530,0,0,0,0,0
2020-02-03,Sonoma,097,501317,0,0,0,0,0
2020-02-03,Stanislaus,099,539301,0,0,0,0,0
2020-02-03,Sutter,101,95872,0,0,0,0,0
2020-02-03,Tehama,103,63373,0,0,0,0,0
2020-02-03,Trinity,105,12862,0,0,0,0,0
2020-02-03,Tulare,107,460477,2,0,0,0,0
2020-02-03,Tuolumne,109,53932,0,0,0,0,0
2020-02-03,Ventura,111,848112,0,0,0,0,0
2020-02-03,Yolo,113,214977,0,0,0,0,0
2020-02-03,Yuba,115,75493,0,0,0,0,0
2020-02-02,Alameda,001,1643700,3,0,0,0,0
2020-02-02,Alpine,002,1148,0,0,0,0,0
2020-02-02,Amador,005,37829,0,0,0,0,0
2020-02-02,Butte,007,227075,0,0,0,0,0
2020-02-02,Calaveras,009,45235,0,0,0,0,0
2020-02-02,Colusa,011,21464,0,0,0,0,0
2020-02-02,Contra Costa,013,1133247,1,0,0,0,0
2020-02-02,Del Norte,015,27424,0,0,0,0,0
2020-02-02,El Dorado,017,186661,0,0,0,0,0
2020-02-02,Fresno,019,978130,0,0,0,0,0
2020-02-02,Glenn,021,27897,0,0,0,0,0
2020-02-02,Humboldt,023,135768,0,0,0,0,0
2020-02-02,Imperial,025,180216,0,0,0,0,0
2020-02-02,Inyo,027,18085,0,0,0,0,0
2020-02-02,Kern,029,883053,0,0,0,0,0
2020-02-02,Kings,031,150075,0,0,0,0,0
2020-02-02,Lake,033,64148,0,0,0,0,0
2020-02-02,Lassen,035,31185,0,0,0,0,0
2020-02-02,Los Angeles,037,10098052,18,1,0,1,0
2020-02-02,Madera,039,155013,0,0,0,0,0
2020-02-02,Marin,041,260295,0,0,0,0,0
2020-02-02,Mariposa,043,17540,0,0,0,0,0
2020-02-02,Mendocino,045,87422,0,0,0,0,0
2020-02-02,Merced,047,269075,0,0,0,0,0
2020-02-02,Modoc,049,8938,0,0,0,0,0
2020-02-02,Mono,051,14174,0,0,0,0,0
2020-02-02,Monterey,053,433212,1,0,0,0,0
2020-02-02,Napa,055,140530,0,0,0,0,0
2020-02-02,Nevada,057,99092,0,0,0,0,0
2020-02-02,Orange,059,3164182,1,1,0,1,0
2020-02-02,Placer,061,380077,0,0,0,0,0
2020-02-02,Plumas,063,18699,0,0,0,0,0
2020-02-02,Riverside,065,2383286,3,0,0,0,0
2020-02-02,Sacramento,067,1510023,0,0,0,0,0
2020-02-02,San Benito,069,59416,0,2,0,2,0
2020-02-02,San Bernardino,071,2135413,2,0,0,0,0
2020-02-02,San Diego,073,3302833,0,0,0,0,0
2020-02-02,San Francisco,075,870044,1,0,0,0,0
2020-02-02,San Joaquin,077,732212,0,0,1,1,0
2020-02-02,San Luis Obispo,079,281455,0,0,0,0,0
2020-02-02,San Mateo,081,765935,0,0,0,0,0
2020-02-02,Santa Barbara,083,443738,0,0,0,0,0
2020-02-02,Santa Clara,085,1922200,2,2,0,2,0
2020-02-02,Santa Cruz,087,273765,0,0,0,0,0
2020-02-02,Shasta,089,179085,0,0,0,0,0
2020-02-02,Sierra,091,2930,0,0,0,0,0
2020-02-02,Siskiyou,093,43540,0,0,0,0,0
2020-02-02,Solano,095,438530,0,0,0,0,0
2020-02-02,Sonoma,097,501317,0,0,0,0,0
2020-02-02,Stanislaus,099,539301,0,0,0,0,0
2020-02-02,Sutter,101,95872,0,0,0,0,0
2020-02-02,Tehama,103,63373,0,0,0,0,0
2020-02-02,Trinity,105,12862,0,0,0,0,0
2020-02-02,Tulare,107,460477,2,0,0,0,0
2020-02-02,Tuolumne,109,53932,0,0,0,0,0
2020-02-02,Ventura,111,848112,0,0,0,0,0
2020-02-02,Yolo,113,214977,0,0,0,0,0
2020-02-02,Yuba,115,75493,0,0,0,0,0
2020-02-01,Alameda,001,1643700,3,0,0,0,0
2020-02-01,Alpine,002,1148,0,0,0,0,0
2020-02-01,Amador,005,37829,0,0,0,0,0
2020-02-01,Butte,007,227075,0,0,0,0,0
2020-02-01,Calaveras,009,45235,0,0,0,0,0
2020-02-01,Colusa,011,21464,0,0,0,0,0
2020-02-01,Contra Costa,013,1133247,0,0,0,0,0
2020-02-01,Del Norte,015,27424,0,0,0,0,0
2020-02-01,El Dorado,017,186661,0,0,0,0,0
2020-02-01,Fresno,019,978130,0,0,0,0,0
2020-02-01,Glenn,021,27897,0,0,0,0,0
2020-02-01,Humboldt,023,135768,0,0,0,0,0
2020-02-01,Imperial,025,180216,0,0,0,0,0
2020-02-01,Inyo,027,18085,0,0,0,0,0
2020-02-01,Kern,029,883053,0,0,0,0,0
2020-02-01,Kings,031,150075,0,0,0,0,0
2020-02-01,Lake,033,64148,0,0,0,0,0
2020-02-01,Lassen,035,31185,0,0,0,0,0
2020-02-01,Los Angeles,037,10098052,14,1,0,1,0
2020-02-01,Madera,039,155013,0,0,0,0,0
2020-02-01,Marin,041,260295,0,0,0,0,0
2020-02-01,Mariposa,043,17540,0,0,0,0,0
2020-02-01,Mendocino,045,87422,0,0,0,0,0
2020-02-01,Merced,047,269075,0,0,0,0,0
2020-02-01,Modoc,049,8938,0,0,0,0,0
2020-02-01,Mono,051,14174,0,0,0,0,0
2020-02-01,Monterey,053,433212,0,0,0,0,0
2020-02-01,Napa,055,140530,0,0,0,0,0
2020-02-01,Nevada,057,99092,0,0,0,0,0
2020-02-01,Orange,059,3164182,1,1,0,1,0
2020-02-01,Placer,061,380077,0,0,0,0,0
2020-02-01,Plumas,063,18699,0,0,0,0,0
2020-02-01,Riverside,065,2383286,2,0,0,0,0
2020-02-01,Sacramento,067,1510023,0,0,0,0,0
2020-02-01,San Benito,069,59416,0,0,0,0,0
2020-02-01,San Bernardino,071,2135413,1,0,0,0,0
2020-02-01,San Diego,073,3302833,0,0,0,0,0
2020-02-01,San Francisco,075,870044,1,0,0,0,0
2020-02-01,San Joaquin,077,732212,0,0,1,1,0
2020-02-01,San Luis Obispo,079,281455,0,0,0,0,0
2020-02-01,San Mateo,081,765935,0,0,0,0,0
2020-02-01,Santa Barbara,083,443738,0,0,0,0,0
2020-02-01,Santa Clara,085,1922200,2,1,0,1,0
2020-02-01,Santa Cruz,087,273765,0,0,0,0,0
2020-02-01,Shasta,089,179085,0,0,0,0,0
2020-02-01,Sierra,091,2930,0,0,0,0,0
2020-02-01,Siskiyou,093,43540,0,0,0,0,0
2020-02-01,Solano,095,438530,0,0,0,0,0
2020-02-01,Sonoma,097,501317,0,0,0,0,0
2020-02-01,Stanislaus,099,539301,0,0,0,0,0
2020-02-01,Sutter,101,95872,0,0,0,0,0
2020-02-01,Tehama,103,63373,0,0,0,0,0
2020-02-01,Trinity,105,12862,0,0,0,0,0
2020-02-01,Tulare,107,460477,1,0,0,0,0
2020-02-01,Tuolumne,109,53932,0,0,0,0,0
2020-02-01,Ventura,111,848112,0,0,0,0,0
2020-02-01,Yolo,113,214977,0,0,0,0,0
2020-02-01,Yuba,115,75493,0,0,0,0,0
