date,county,fips,population,confirmed_cases,reported_cases,probable_cases,reported_and_probable_cases,reported_deaths
2022-06-30,Alameda,001,1643700,307661,307672,17365,325037,1898
2022-06-30,Alpine,003,1148,129,129,1,130,0
2022-06-30,Amador,005,37829,9242,9243,741,9984,87
2022-06-30,Butte,007,227075,35846,35846,7470,43316,436
2022-06-30,Calaveras,009,45235,7836,7836,426,8262,124
2022-06-30,Colusa,011,21464,3564,3566,1149,4715,22
2022-06-30,Contra Costa,013,1133247,221543,221545,16504,238049,1343
2022-06-30,Del Norte,015,27424,6543,6543,316,6859,53
2022-06-30,El Dorado,017,186661,29764,29764,3619,33383,217
2022-06-30,Fresno,019,978130,247950,247952,25872,273824,2783
2022-06-30,Glenn,021,27897,5211,5211,1698,6909,48
2022-06-30,Humboldt,023,135768,19513,19516,3882,23398,149
2022-06-30,Imperial,025,180216,58767,58768,11723,70491,944
2022-06-30,Inyo,027,18085,4261,4261,646,4907,56
2022-06-30,Kern,029,883053,202491,202502,50289,252791,2352
2022-06-30,Kings,031,150075,54260,54262,3786,58048,449
2022-06-30,Lake,033,64148,11595,11595,998,12593,140
2022-06-30,Lassen,035,31185,9336,9336,943,10279,64
2022-06-30,Los Angeles,037,10098052,2969141,2969395,143278,3112673,32089
2022-06-30,Madera,039,155013,39736,39738,6676,46414,372
2022-06-30,Marin,041,260295,40649,40653,4604,45257,297
2022-06-30,Mariposa,043,17540,2780,2780,257,3037,30
2022-06-30,Mendocino,045,87422,14464,14464,3683,18147,127
2022-06-30,Merced,047,269075,66090,66093,9622,75715,832
2022-06-30,Modoc,049,8938,787,787,268,1055,8
2022-06-30,Mono,051,14174,3099,3099,181,3280,7
2022-06-30,Monterey,053,433212,86211,86212,16957,103169,744
2022-06-30,Napa,055,140530,29485,29486,1260,30746,145
2022-06-30,Nevada,057,99092,17541,17546,1418,18964,131
2022-06-30,Orange,059,3164182,603510,603511,49321,652832,7114
2022-06-30,Placer,061,380077,69606,69606,8260,77866,631
2022-06-30,Plumas,063,18699,3294,3294,399,3693,13
2022-06-30,Riverside,065,2383286,631982,632038,30708,662746,6502
2022-06-30,Sacramento,067,1510023,315163,315165,31254,346419,3100
2022-06-30,San Benito,069,59416,14418,14420,684,15104,100
2022-06-30,San Bernardino,071,2135413,604044,604093,26792,630885,7860
2022-06-30,San Diego,073,3302833,834116,834116,60222,894338,5341
2022-06-30,San Francisco,075,870044,158865,158871,10357,169228,910
2022-06-30,San Joaquin,077,732212,180361,180368,11882,192250,2256
2022-06-30,San Luis Obispo,079,281455,58068,58079,5453,63532,489
2022-06-30,San Mateo,081,765935,149810,149812,9335,159147,723
2022-06-30,Santa Barbara,083,443738,95214,95214,5453,100667,699
2022-06-30,Santa Clara,085,1922200,381613,381630,16213,397843,2355
2022-06-30,Santa Cruz,087,273765,55757,55757,2732,58489,267
2022-06-30,Shasta,089,179085,32280,32280,6447,38727,570
2022-06-30,Sierra,091,2930,283,283,56,339,4
2022-06-30,Siskiyou,093,43540,4808,4808,2995,7803,82
2022-06-30,Solano,095,438530,94425,94437,6521,100958,455
2022-06-30,Sonoma,097,501317,97372,97379,4190,101569,495
2022-06-30,Stanislaus,099,539301,125768,125788,18853,144641,1681
2022-06-30,Sutter,101,95872,21930,21935,2327,24262,228
2022-06-30,Tehama,103,63373,12615,12615,2765,15380,205
2022-06-30,Trinity,105,12862,1256,1256,302,1558,20
2022-06-30,Tulare,107,460477,112117,112118,31097,143215,1500
2022-06-30,Tuolumne,109,53932,13886,13886,681,14567,189
2022-06-30,Ventura,111,848112,189491,189493,11481,200974,1517
2022-06-30,Yolo,113,214977,42760,42760,3771,46531,324
2022-06-30,Yuba,115,75493,17165,17168,1467,18635,124
2022-06-29,Alameda,001,1643700,307661,305288,17365,322653,1895
2022-06-29,Alpine,003,1148,129,129,1,130,0
2022-06-29,Amador,005,37829,9242,9205,741,9946,87
2022-06-29,Butte,007,227075,35846,35651,7470,43121,434
2022-06-29,Calaveras,009,45235,7836,7798,426,8224,124
2022-06-29,Colusa,011,21464,3564,3548,1149,4697,22
2022-06-29,Contra Costa,013,1133247,221543,219921,16504,236425,1339
2022-06-29,Del Norte,015,27424,6543,6484,316,6800,53
2022-06-29,El Dorado,017,186661,29764,29549,3619,33168,216
2022-06-29,Fresno,019,978130,247950,246740,25872,272612,2777
2022-06-29,Glenn,021,27897,5211,5192,1698,6890,48
2022-06-29,Humboldt,023,135768,19513,19411,3882,23293,149
2022-06-29,Imperial,025,180216,58767,58498,11723,70221,944
2022-06-29,Inyo,027,18085,4261,4243,646,4889,56
2022-06-29,Kern,029,883053,202491,201537,50289,251826,2343
2022-06-29,Kings,031,150075,54260,54031,3786,57817,448
2022-06-29,Lake,033,64148,11595,11548,998,12546,140
2022-06-29,Lassen,035,31185,9336,9310,943,10253,64
2022-06-29,Los Angeles,037,10098052,2969141,2955489,143278,3098767,32062
2022-06-29,Madera,039,155013,39736,39554,6676,46230,372
2022-06-29,Marin,041,260295,40649,40397,4604,45001,297
2022-06-29,Mariposa,043,17540,2780,2753,257,3010,30
2022-06-29,Mendocino,045,87422,14464,14383,3683,18066,127
2022-06-29,Merced,047,269075,66090,65733,9622,75355,830
2022-06-29,Modoc,049,8938,787,780,268,1048,8
2022-06-29,Mono,051,14174,3099,3081,181,3262,7
2022-06-29,Monterey,053,433212,86211,85711,16957,102668,743
2022-06-29,Napa,055,140530,29485,29285,1260,30545,144
2022-06-29,Nevada,057,99092,17541,17439,1418,18857,129
2022-06-29,Orange,059,3164182,603510,599951,49321,649272,7095
2022-06-29,Placer,061,380077,69606,69244,8260,77504,629
2022-06-29,Plumas,063,18699,3294,3267,399,3666,13
2022-06-29,Riverside,065,2383286,631982,629035,30708,659743,6493
2022-06-29,Sacramento,067,1510023,315163,313224,31254,344478,3082
2022-06-29,San Benito,069,59416,14418,14302,684,14986,100
2022-06-29,San Bernardino,071,2135413,604044,600960,26792,627752,7825
2022-06-29,San Diego,073,3302833,834116,828907,60222,889129,5336
2022-06-29,San Francisco,075,870044,158865,157419,10357,167776,902
2022-06-29,San Joaquin,077,732212,180361,179476,11882,191358,2252
2022-06-29,San Luis Obispo,079,281455,58068,57783,5453,63236,486
2022-06-29,San Mateo,081,765935,149810,148533,9335,157868,723
2022-06-29,Santa Barbara,083,443738,95214,94683,5453,100136,699
2022-06-29,Santa Clara,085,1922200,381613,378000,16213,394213,2348
2022-06-29,Santa Cruz,087,273765,55757,55432,2732,58164,266
2022-06-29,Shasta,089,179085,32280,32106,6447,38553,570
2022-06-29,Sierra,091,2930,283,283,56,339,4
2022-06-29,Siskiyou,093,43540,4808,4773,2995,7768,82
2022-06-29,Solano,095,438530,94425,92975,6521,99496,455
2022-06-29,Sonoma,097,501317,97372,96854,4190,101044,493
2022-06-29,Stanislaus,099,539301,125768,125189,18853,144042,1674
2022-06-29,Sutter,101,95872,21930,21836,2327,24163,227
2022-06-29,Tehama,103,63373,12615,12561,2765,15326,205
2022-06-29,Trinity,105,12862,1256,1245,302,1547,20
2022-06-29,Tulare,107,460477,112117,111707,31097,142804,1499
2022-06-29,Tuolumne,109,53932,13886,13779,681,14460,189
2022-06-29,Ventura,111,848112,189491,188519,11481,200000,1514
2022-06-29,Yolo,113,214977,42760,42410,3771,46181,323
2022-06-29,Yuba,115,75493,17165,17082,1467,18549,124
2022-06-28,Alameda,001,1643700,307512,305288,17365,322653,1895
2022-06-28,Alpine,003,1148,129,129,1,130,0
2022-06-28,Amador,005,37829,9239,9205,741,9946,87
2022-06-28,Butte,007,227075,35832,35651,7470,43121,434
2022-06-28,Calaveras,009,45235,7830,7798,426,8224,124
2022-06-28,Colusa,011,21464,3563,3548,1149,4697,22
2022-06-28,Contra Costa,013,1133247,221471,219921,16504,236425,1339
2022-06-28,Del Norte,015,27424,6534,6484,316,6800,53
2022-06-28,El Dorado,017,186661,29744,29549,3619,33168,216
2022-06-28,Fresno,019,978130,247870,246740,25872,272612,2777
2022-06-28,Glenn,021,27897,5207,5192,1698,6890,48
2022-06-28,Humboldt,023,135768,19510,19411,3882,23293,149
2022-06-28,Imperial,025,180216,58738,58498,11723,70221,944
2022-06-28,Inyo,027,18085,4260,4243,646,4889,56
2022-06-28,Kern,029,883053,202464,201537,50289,251826,2343
2022-06-28,Kings,031,150075,54234,54031,3786,57817,448
2022-06-28,Lake,033,64148,11588,11548,998,12546,140
2022-06-28,Lassen,035,31185,9334,9310,943,10253,64
2022-06-28,Los Angeles,037,10098052,2969011,2955489,143278,3098767,32062
2022-06-28,Madera,039,155013,39715,39554,6676,46230,372
2022-06-28,Marin,041,260295,40631,40397,4604,45001,297
2022-06-28,Mariposa,043,17540,2779,2753,257,3010,30
2022-06-28,Mendocino,045,87422,14448,14383,3683,18066,127
2022-06-28,Merced,047,269075,66075,65733,9622,75355,830
2022-06-28,Modoc,049,8938,786,780,268,1048,8
2022-06-28,Mono,051,14174,3098,3081,181,3262,7
2022-06-28,Monterey,053,433212,86179,85711,16957,102668,743
2022-06-28,Napa,055,140530,29459,29285,1260,30545,144
2022-06-28,Nevada,057,99092,17540,17439,1418,18857,129
2022-06-28,Orange,059,3164182,603278,599951,49321,649272,7095
2022-06-28,Placer,061,380077,69577,69244,8260,77504,629
2022-06-28,Plumas,063,18699,3291,3267,399,3666,13
2022-06-28,Riverside,065,2383286,631869,629035,30708,659743,6493
2022-06-28,Sacramento,067,1510023,315100,313224,31254,344478,3082
2022-06-28,San Benito,069,59416,14413,14302,684,14986,100
2022-06-28,San Bernardino,071,2135413,603953,600960,26792,627752,7825
2022-06-28,San Diego,073,3302833,833838,828907,60222,889129,5336
2022-06-28,San Francisco,075,870044,158789,157419,10357,167776,902
2022-06-28,San Joaquin,077,732212,180304,179476,11882,191358,2252
2022-06-28,San Luis Obispo,079,281455,58052,57783,5453,63236,486
2022-06-28,San Mateo,081,765935,149735,148533,9335,157868,723
2022-06-28,Santa Barbara,083,443738,95149,94683,5453,100136,699
2022-06-28,Santa Clara,085,1922200,381482,378000,16213,394213,2348
2022-06-28,Santa Cruz,087,273765,55751,55432,2732,58164,266
2022-06-28,Shasta,089,179085,32277,32106,6447,38553,570
2022-06-28,Sierra,091,2930,283,283,56,339,4
2022-06-28,Siskiyou,093,43540,4805,4773,2995,7768,82
2022-06-28,Solano,095,438530,94403,92975,6521,99496,455
2022-06-28,Sonoma,097,501317,97346,96854,4190,101044,493
2022-06-28,Stanislaus,099,539301,125735,125189,18853,144042,1674
2022-06-28,Sutter,101,95872,21918,21836,2327,24163,227
2022-06-28,Tehama,103,63373,12610,12561,2765,15326,205
2022-06-28,Trinity,105,12862,1255,1245,302,1547,20
2022-06-28,Tulare,107,460477,112073,111707,31097,142804,1499
2022-06-28,Tuolumne,109,53932,13873,13779,681,14460,189
2022-06-28,Ventura,111,848112,189444,188519,11481,200000,1514
2022-06-28,Yolo,113,214977,42752,42410,3771,46181,323
2022-06-28,Yuba,115,75493,17154,17082,1467,18549,124
2022-06-27,Alameda,001,1643700,306846,305288,17365,322653,1895
2022-06-27,Alpine,003,1148,129,129,1,130,0
2022-06-27,Amador,005,37829,9233,9205,741,9946,87
2022-06-27,Butte,007,227075,35789,35651,7470,43121,434
2022-06-27,Calaveras,009,45235,7818,7798,426,8224,124
2022-06-27,Colusa,011,21464,3560,3548,1149,4697,22
2022-06-27,Contra Costa,013,1133247,220988,219921,16504,236425,1339
2022-06-27,Del Norte,015,27424,6523,6484,316,6800,53
2022-06-27,El Dorado,017,186661,29703,29549,3619,33168,216
2022-06-27,Fresno,019,978130,247609,246740,25872,272612,2777
2022-06-27,Glenn,021,27897,5204,5192,1698,6890,48
2022-06-27,Humboldt,023,135768,19478,19411,3882,23293,149
2022-06-27,Imperial,025,180216,58692,58498,11723,70221,944
2022-06-27,Inyo,027,18085,4255,4243,646,4889,56
2022-06-27,Kern,029,883053,202347,201537,50289,251826,2343
2022-06-27,Kings,031,150075,54178,54031,3786,57817,448
2022-06-27,Lake,033,64148,11575,11548,998,12546,140
2022-06-27,Lassen,035,31185,9326,9310,943,10253,64
2022-06-27,Los Angeles,037,10098052,2967362,2955489,143278,3098767,32062
2022-06-27,Madera,039,155013,39672,39554,6676,46230,372
2022-06-27,Marin,041,260295,40560,40397,4604,45001,297
2022-06-27,Mariposa,043,17540,2768,2753,257,3010,30
2022-06-27,Mendocino,045,87422,14426,14383,3683,18066,127
2022-06-27,Merced,047,269075,65995,65733,9622,75355,830
2022-06-27,Modoc,049,8938,782,780,268,1048,8
2022-06-27,Mono,051,14174,3097,3081,181,3262,7
2022-06-27,Monterey,053,433212,86081,85711,16957,102668,743
2022-06-27,Napa,055,140530,29419,29285,1260,30545,144
2022-06-27,Nevada,057,99092,17526,17439,1418,18857,129
2022-06-27,Orange,059,3164182,602622,599951,49321,649272,7095
2022-06-27,Placer,061,380077,69512,69244,8260,77504,629
2022-06-27,Plumas,063,18699,3288,3267,399,3666,13
2022-06-27,Riverside,065,2383286,631283,629035,30708,659743,6493
2022-06-27,Sacramento,067,1510023,314599,313224,31254,344478,3082
2022-06-27,San Benito,069,59416,14375,14302,684,14986,100
2022-06-27,San Bernardino,071,2135413,603316,600960,26792,627752,7825
2022-06-27,San Diego,073,3302833,832571,828907,60222,889129,5336
2022-06-27,San Francisco,075,870044,158302,157419,10357,167776,902
2022-06-27,San Joaquin,077,732212,180047,179476,11882,191358,2252
2022-06-27,San Luis Obispo,079,281455,58008,57783,5453,63236,486
2022-06-27,San Mateo,081,765935,149399,148533,9335,157868,723
2022-06-27,Santa Barbara,083,443738,95034,94683,5453,100136,699
2022-06-27,Santa Clara,085,1922200,380243,378000,16213,394213,2348
2022-06-27,Santa Cruz,087,273765,55696,55432,2732,58164,266
2022-06-27,Shasta,089,179085,32251,32106,6447,38553,570
2022-06-27,Sierra,091,2930,283,283,56,339,4
2022-06-27,Siskiyou,093,43540,4795,4773,2995,7768,82
2022-06-27,Solano,095,438530,94182,92975,6521,99496,455
2022-06-27,Sonoma,097,501317,97216,96854,4190,101044,493
2022-06-27,Stanislaus,099,539301,125576,125189,18853,144042,1674
2022-06-27,Sutter,101,95872,21885,21836,2327,24163,227
2022-06-27,Tehama,103,63373,12602,12561,2765,15326,205
2022-06-27,Trinity,105,12862,1253,1245,302,1547,20
2022-06-27,Tulare,107,460477,111953,111707,31097,142804,1499
2022-06-27,Tuolumne,109,53932,13842,13779,681,14460,189
2022-06-27,Ventura,111,848112,189245,188519,11481,200000,1514
2022-06-27,Yolo,113,214977,42686,42410,3771,46181,323
2022-06-27,Yuba,115,75493,17132,17082,1467,18549,124
2022-06-26,Alameda,001,1643700,305839,302071,17365,319436,1891
2022-06-26,Alpine,003,1148,129,129,1,130,0
2022-06-26,Amador,005,37829,9218,9135,741,9876,87
2022-06-26,Butte,007,227075,35716,35406,7470,42876,433
2022-06-26,Calaveras,009,45235,7803,7754,426,8180,124
2022-06-26,Colusa,011,21464,3554,3540,1149,4689,22
2022-06-26,Contra Costa,013,1133247,220452,218053,16504,234557,1335
2022-06-26,Del Norte,015,27424,6507,6398,316,6714,52
2022-06-26,El Dorado,017,186661,29629,29313,3619,32932,216
2022-06-26,Fresno,019,978130,247137,245118,25872,270990,2777
2022-06-26,Glenn,021,27897,5197,5178,1698,6876,48
2022-06-26,Humboldt,023,135768,19444,19234,3882,23116,149
2022-06-26,Imperial,025,180216,58616,58127,11723,69850,944
2022-06-26,Inyo,027,18085,4250,4228,646,4874,56
2022-06-26,Kern,029,883053,202109,200556,50289,250845,2344
2022-06-26,Kings,031,150075,54082,53783,3786,57569,448
2022-06-26,Lake,033,64148,11556,11471,998,12469,140
2022-06-26,Lassen,035,31185,9319,9287,943,10230,64
2022-06-26,Los Angeles,037,10098052,2962608,2936815,143278,3080093,32036
2022-06-26,Madera,039,155013,39623,39319,6676,45995,372
2022-06-26,Marin,041,260295,40456,39979,4604,44583,297
2022-06-26,Mariposa,043,17540,2761,2713,257,2970,30
2022-06-26,Mendocino,045,87422,14405,14292,3683,17975,127
2022-06-26,Merced,047,269075,65839,65408,9622,75030,828
2022-06-26,Modoc,049,8938,782,777,268,1045,8
2022-06-26,Mono,051,14174,3087,3076,181,3257,7
2022-06-26,Monterey,053,433212,85928,85275,16957,102232,743
2022-06-26,Napa,055,140530,29345,29054,1260,30314,144
2022-06-26,Nevada,057,99092,17476,17339,1418,18757,129
2022-06-26,Orange,059,3164182,601283,595761,49321,645082,7090
2022-06-26,Placer,061,380077,69397,68785,8260,77045,628
2022-06-26,Plumas,063,18699,3281,3241,399,3640,13
2022-06-26,Riverside,065,2383286,630250,625794,30708,656502,6493
2022-06-26,Sacramento,067,1510023,313843,310837,31254,342091,3077
2022-06-26,San Benito,069,59416,14332,14192,684,14876,99
2022-06-26,San Bernardino,071,2135413,602331,598062,26792,624854,7803
2022-06-26,San Diego,073,3302833,830491,822848,60222,883070,5332
2022-06-26,San Francisco,075,870044,157785,155609,10357,165966,899
2022-06-26,San Joaquin,077,732212,179727,178447,11882,190329,2252
2022-06-26,San Luis Obispo,079,281455,57890,57472,5453,62925,485
2022-06-26,San Mateo,081,765935,148983,146955,9335,156290,723
2022-06-26,Santa Barbara,083,443738,94836,94017,5453,99470,699
2022-06-26,Santa Clara,085,1922200,379125,373961,16213,390174,2338
2022-06-26,Santa Cruz,087,273765,55537,54874,2732,57606,265
2022-06-26,Shasta,089,179085,32188,31921,6447,38368,570
2022-06-26,Sierra,091,2930,283,283,56,339,4
2022-06-26,Siskiyou,093,43540,4778,4744,2995,7739,81
2022-06-26,Solano,095,438530,93947,92248,6521,98769,455
2022-06-26,Sonoma,097,501317,97018,95981,4190,100171,493
2022-06-26,Stanislaus,099,539301,125369,124493,18853,143346,1672
2022-06-26,Sutter,101,95872,21848,21733,2327,24060,227
2022-06-26,Tehama,103,63373,12582,12510,2765,15275,205
2022-06-26,Trinity,105,12862,1249,1233,302,1535,20
2022-06-26,Tulare,107,460477,111809,111188,31097,142285,1496
2022-06-26,Tuolumne,109,53932,13814,13688,681,14369,189
2022-06-26,Ventura,111,848112,188903,187389,11481,198870,1514
2022-06-26,Yolo,113,214977,42600,41932,3771,45703,323
2022-06-26,Yuba,115,75493,17097,16994,1467,18461,124
2022-06-25,Alameda,001,1643700,305545,302071,17365,319436,1891
2022-06-25,Alpine,003,1148,129,129,1,130,0
2022-06-25,Amador,005,37829,9214,9135,741,9876,87
2022-06-25,Butte,007,227075,35686,35406,7470,42876,433
2022-06-25,Calaveras,009,45235,7798,7754,426,8180,124
2022-06-25,Colusa,011,21464,3553,3540,1149,4689,22
2022-06-25,Contra Costa,013,1133247,220207,218053,16504,234557,1335
2022-06-25,Del Norte,015,27424,6495,6398,316,6714,52
2022-06-25,El Dorado,017,186661,29598,29313,3619,32932,216
2022-06-25,Fresno,019,978130,246973,245118,25872,270990,2777
2022-06-25,Glenn,021,27897,5193,5178,1698,6876,48
2022-06-25,Humboldt,023,135768,19425,19234,3882,23116,149
2022-06-25,Imperial,025,180216,58556,58127,11723,69850,944
2022-06-25,Inyo,027,18085,4249,4228,646,4874,56
2022-06-25,Kern,029,883053,201974,200556,50289,250845,2344
2022-06-25,Kings,031,150075,54050,53783,3786,57569,448
2022-06-25,Lake,033,64148,11548,11471,998,12469,140
2022-06-25,Lassen,035,31185,9314,9287,943,10230,64
2022-06-25,Los Angeles,037,10098052,2960266,2936815,143278,3080093,32036
2022-06-25,Madera,039,155013,39599,39319,6676,45995,372
2022-06-25,Marin,041,260295,40424,39979,4604,44583,297
2022-06-25,Mariposa,043,17540,2760,2713,257,2970,30
2022-06-25,Mendocino,045,87422,14398,14292,3683,17975,127
2022-06-25,Merced,047,269075,65797,65408,9622,75030,828
2022-06-25,Modoc,049,8938,782,777,268,1045,8
2022-06-25,Mono,051,14174,3083,3076,181,3257,7
2022-06-25,Monterey,053,433212,85857,85275,16957,102232,743
2022-06-25,Napa,055,140530,29328,29054,1260,30314,144
2022-06-25,Nevada,057,99092,17470,17339,1418,18757,129
2022-06-25,Orange,059,3164182,600620,595761,49321,645082,7090
2022-06-25,Placer,061,380077,69334,68785,8260,77045,628
2022-06-25,Plumas,063,18699,3279,3241,399,3640,13
2022-06-25,Riverside,065,2383286,629809,625794,30708,656502,6493
2022-06-25,Sacramento,067,1510023,313590,310837,31254,342091,3077
2022-06-25,San Benito,069,59416,14309,14192,684,14876,99
2022-06-25,San Bernardino,071,2135413,601975,598062,26792,624854,7803
2022-06-25,San Diego,073,3302833,829668,822848,60222,883070,5332
2022-06-25,San Francisco,075,870044,157590,155609,10357,165966,899
2022-06-25,San Joaquin,077,732212,179616,178447,11882,190329,2252
2022-06-25,San Luis Obispo,079,281455,57828,57472,5453,62925,485
2022-06-25,San Mateo,081,765935,148786,146955,9335,156290,723
2022-06-25,Santa Barbara,083,443738,94738,94017,5453,99470,699
2022-06-25,Santa Clara,085,1922200,378494,373961,16213,390174,2338
2022-06-25,Santa Cruz,087,273765,55502,54874,2732,57606,265
2022-06-25,Shasta,089,179085,32163,31921,6447,38368,570
2022-06-25,Sierra,091,2930,283,283,56,339,4
2022-06-25,Siskiyou,093,43540,4776,4744,2995,7739,81
2022-06-25,Solano,095,438530,93869,92248,6521,98769,455
2022-06-25,Sonoma,097,501317,96942,95981,4190,100171,493
2022-06-25,Stanislaus,099,539301,125271,124493,18853,143346,1672
2022-06-25,Sutter,101,95872,21827,21733,2327,24060,227
2022-06-25,Tehama,103,63373,12574,12510,2765,15275,205
2022-06-25,Trinity,105,12862,1249,1233,302,1535,20
2022-06-25,Tulare,107,460477,111757,111188,31097,142285,1496
2022-06-25,Tuolumne,109,53932,13811,13688,681,14369,189
2022-06-25,Ventura,111,848112,188760,187389,11481,198870,1514
2022-06-25,Yolo,113,214977,42557,41932,3771,45703,323
2022-06-25,Yuba,115,75493,17083,16994,1467,18461,124
2022-06-24,Alameda,001,1643700,305083,302071,17365,319436,1891
2022-06-24,Alpine,003,1148,129,129,1,130,0
2022-06-24,Amador,005,37829,9209,9135,741,9876,87
2022-06-24,Butte,007,227075,35664,35406,7470,42876,433
2022-06-24,Calaveras,009,45235,7794,7754,426,8180,124
2022-06-24,Colusa,011,21464,3551,3540,1149,4689,22
2022-06-24,Contra Costa,013,1133247,219949,218053,16504,234557,1335
2022-06-24,Del Norte,015,27424,6487,6398,316,6714,52
2022-06-24,El Dorado,017,186661,29563,29313,3619,32932,216
2022-06-24,Fresno,019,978130,246742,245118,25872,270990,2777
2022-06-24,Glenn,021,27897,5191,5178,1698,6876,48
2022-06-24,Humboldt,023,135768,19404,19234,3882,23116,149
2022-06-24,Imperial,025,180216,58504,58127,11723,69850,944
2022-06-24,Inyo,027,18085,4248,4228,646,4874,56
2022-06-24,Kern,029,883053,201839,200556,50289,250845,2344
2022-06-24,Kings,031,150075,54007,53783,3786,57569,448
2022-06-24,Lake,033,64148,11538,11471,998,12469,140
2022-06-24,Lassen,035,31185,9311,9287,943,10230,64
2022-06-24,Los Angeles,037,10098052,2957304,2936815,143278,3080093,32036
2022-06-24,Madera,039,155013,39565,39319,6676,45995,372
2022-06-24,Marin,041,260295,40361,39979,4604,44583,297
2022-06-24,Mariposa,043,17540,2755,2713,257,2970,30
2022-06-24,Mendocino,045,87422,14390,14292,3683,17975,127
2022-06-24,Merced,047,269075,65768,65408,9622,75030,828
2022-06-24,Modoc,049,8938,782,777,268,1045,8
2022-06-24,Mono,051,14174,3081,3076,181,3257,7
2022-06-24,Monterey,053,433212,85802,85275,16957,102232,743
2022-06-24,Napa,055,140530,29309,29054,1260,30314,144
2022-06-24,Nevada,057,99092,17458,17339,1418,18757,129
2022-06-24,Orange,059,3164182,599955,595761,49321,645082,7090
2022-06-24,Placer,061,380077,69279,68785,8260,77045,628
2022-06-24,Plumas,063,18699,3275,3241,399,3640,13
2022-06-24,Riverside,065,2383286,629305,625794,30708,656502,6493
2022-06-24,Sacramento,067,1510023,313227,310837,31254,342091,3077
2022-06-24,San Benito,069,59416,14296,14192,684,14876,99
2022-06-24,San Bernardino,071,2135413,601548,598062,26792,624854,7803
2022-06-24,San Diego,073,3302833,828695,822848,60222,883070,5332
2022-06-24,San Francisco,075,870044,157337,155609,10357,165966,899
2022-06-24,San Joaquin,077,732212,179474,178447,11882,190329,2252
2022-06-24,San Luis Obispo,079,281455,57784,57472,5453,62925,485
2022-06-24,San Mateo,081,765935,148509,146955,9335,156290,723
2022-06-24,Santa Barbara,083,443738,94637,94017,5453,99470,699
2022-06-24,Santa Clara,085,1922200,377817,373961,16213,390174,2338
2022-06-24,Santa Cruz,087,273765,55427,54874,2732,57606,265
2022-06-24,Shasta,089,179085,32138,31921,6447,38368,570
2022-06-24,Sierra,091,2930,283,283,56,339,4
2022-06-24,Siskiyou,093,43540,4770,4744,2995,7739,81
2022-06-24,Solano,095,438530,93717,92248,6521,98769,455
2022-06-24,Sonoma,097,501317,96827,95981,4190,100171,493
2022-06-24,Stanislaus,099,539301,125178,124493,18853,143346,1672
2022-06-24,Sutter,101,95872,21813,21733,2327,24060,227
2022-06-24,Tehama,103,63373,12568,12510,2765,15275,205
2022-06-24,Trinity,105,12862,1245,1233,302,1535,20
2022-06-24,Tulare,107,460477,111684,111188,31097,142285,1496
2022-06-24,Tuolumne,109,53932,13798,13688,681,14369,189
2022-06-24,Ventura,111,848112,188575,187389,11481,198870,1514
2022-06-24,Yolo,113,214977,42484,41932,3771,45703,323
2022-06-24,Yuba,115,75493,17069,16994,1467,18461,124
2022-06-23,Alameda,001,1643700,304346,302071,17365,319436,1891
2022-06-23,Alpine,003,1148,129,129,1,130,0
2022-06-23,Amador,005,37829,9203,9135,741,9876,87
2022-06-23,Butte,007,227075,35611,35406,7470,42876,433
2022-06-23,Calaveras,009,45235,7783,7754,426,8180,124
2022-06-23,Colusa,011,21464,3546,3540,1149,4689,22
2022-06-23,Contra Costa,013,1133247,219522,218053,16504,234557,1335
2022-06-23,Del Norte,015,27424,6457,6398,316,6714,52
2022-06-23,El Dorado,017,186661,29510,29313,3619,32932,216
2022-06-23,Fresno,019,978130,246384,245118,25872,270990,2777
2022-06-23,Glenn,021,27897,5189,5178,1698,6876,48
2022-06-23,Humboldt,023,135768,19379,19234,3882,23116,149
2022-06-23,Imperial,025,180216,58442,58127,11723,69850,944
2022-06-23,Inyo,027,18085,4244,4228,646,4874,56
2022-06-23,Kern,029,883053,201589,200556,50289,250845,2344
2022-06-23,Kings,031,150075,53952,53783,3786,57569,448
2022-06-23,Lake,033,64148,11519,11471,998,12469,140
2022-06-23,Lassen,035,31185,9301,9287,943,10230,64
2022-06-23,Los Angeles,037,10098052,2952822,2936815,143278,3080093,32036
2022-06-23,Madera,039,155013,39513,39319,6676,45995,372
2022-06-23,Marin,041,260295,40258,39979,4604,44583,297
2022-06-23,Mariposa,043,17540,2745,2713,257,2970,30
2022-06-23,Mendocino,045,87422,14361,14292,3683,17975,127
2022-06-23,Merced,047,269075,65698,65408,9622,75030,828
2022-06-23,Modoc,049,8938,781,777,268,1045,8
2022-06-23,Mono,051,14174,3079,3076,181,3257,7
2022-06-23,Monterey,053,433212,85690,85275,16957,102232,743
2022-06-23,Napa,055,140530,29257,29054,1260,30314,144
2022-06-23,Nevada,057,99092,17430,17339,1418,18757,129
2022-06-23,Orange,059,3164182,598957,595761,49321,645082,7090
2022-06-23,Placer,061,380077,69157,68785,8260,77045,628
2022-06-23,Plumas,063,18699,3270,3241,399,3640,13
2022-06-23,Riverside,065,2383286,628495,625794,30708,656502,6493
2022-06-23,Sacramento,067,1510023,312645,310837,31254,342091,3077
2022-06-23,San Benito,069,59416,14268,14192,684,14876,99
2022-06-23,San Bernardino,071,2135413,600867,598062,26792,624854,7803
2022-06-23,San Diego,073,3302833,827267,822848,60222,883070,5332
2022-06-23,San Francisco,075,870044,156927,155609,10357,165966,899
2022-06-23,San Joaquin,077,732212,179243,178447,11882,190329,2252
2022-06-23,San Luis Obispo,079,281455,57705,57472,5453,62925,485
2022-06-23,San Mateo,081,765935,148197,146955,9335,156290,723
2022-06-23,Santa Barbara,083,443738,94488,94017,5453,99470,699
2022-06-23,Santa Clara,085,1922200,376938,373961,16213,390174,2338
2022-06-23,Santa Cruz,087,273765,55337,54874,2732,57606,265
2022-06-23,Shasta,089,179085,32109,31921,6447,38368,570
2022-06-23,Sierra,091,2930,283,283,56,339,4
2022-06-23,Siskiyou,093,43540,4764,4744,2995,7739,81
2022-06-23,Solano,095,438530,93484,92248,6521,98769,455
2022-06-23,Sonoma,097,501317,96645,95981,4190,100171,493
2022-06-23,Stanislaus,099,539301,125020,124493,18853,143346,1672
2022-06-23,Sutter,101,95872,21780,21733,2327,24060,227
2022-06-23,Tehama,103,63373,12562,12510,2765,15275,205
2022-06-23,Trinity,105,12862,1244,1233,302,1535,20
2022-06-23,Tulare,107,460477,111577,111188,31097,142285,1496
2022-06-23,Tuolumne,109,53932,13780,13688,681,14369,189
2022-06-23,Ventura,111,848112,188332,187389,11481,198870,1514
2022-06-23,Yolo,113,214977,42388,41932,3771,45703,323
2022-06-23,Yuba,115,75493,17050,16994,1467,18461,124
2022-06-22,Alameda,001,1643700,303580,299567,17365,316932,1888
2022-06-22,Alpine,003,1148,129,129,1,130,0
2022-06-22,Amador,005,37829,9198,9049,741,9790,87
2022-06-22,Butte,007,227075,35550,35203,7470,42673,433
2022-06-22,Calaveras,009,45235,7773,7716,426,8142,122
2022-06-22,Colusa,011,21464,3543,3529,1149,4678,21
2022-06-22,Contra Costa,013,1133247,219053,216355,16504,232859,1328
2022-06-22,Del Norte,015,27424,6442,6367,316,6683,52
2022-06-22,El Dorado,017,186661,29453,29139,3619,32758,215
2022-06-22,Fresno,019,978130,245985,244129,25872,270001,2772
2022-06-22,Glenn,021,27897,5186,5161,1698,6859,48
2022-06-22,Humboldt,023,135768,19337,19111,3882,22993,148
2022-06-22,Imperial,025,180216,58351,57866,11723,69589,944
2022-06-22,Inyo,027,18085,4239,4222,646,4868,56
2022-06-22,Kern,029,883053,201329,199721,50289,250010,2341
2022-06-22,Kings,031,150075,53890,53568,3786,57354,448
2022-06-22,Lake,033,64148,11503,11426,998,12424,140
2022-06-22,Lassen,035,31185,9293,9259,943,10202,64
2022-06-22,Los Angeles,037,10098052,2947915,2925667,143278,3068945,32015
2022-06-22,Madera,039,155013,39459,39139,6676,45815,372
2022-06-22,Marin,041,260295,40165,39687,4604,44291,297
2022-06-22,Mariposa,043,17540,2740,2695,257,2952,30
2022-06-22,Mendocino,045,87422,14345,14201,3683,17884,127
2022-06-22,Merced,047,269075,65613,65120,9622,74742,827
2022-06-22,Modoc,049,8938,780,773,268,1041,8
2022-06-22,Mono,051,14174,3077,3073,181,3254,7
2022-06-22,Monterey,053,433212,85572,84752,16957,101709,742
2022-06-22,Napa,055,140530,29186,28894,1260,30154,144
2022-06-22,Nevada,057,99092,17410,17280,1418,18698,129
2022-06-22,Orange,059,3164182,597780,592215,49321,641536,7084
2022-06-22,Placer,061,380077,69050,68447,8260,76707,628
2022-06-22,Plumas,063,18699,3261,3220,399,3619,13
2022-06-22,Riverside,065,2383286,627728,623584,30708,654292,6491
2022-06-22,Sacramento,067,1510023,312030,309105,31254,340359,3071
2022-06-22,San Benito,069,59416,14245,14128,684,14812,99
2022-06-22,San Bernardino,071,2135413,600152,595517,26792,622309,7774
2022-06-22,San Diego,073,3302833,825703,815124,60222,875346,5318
2022-06-22,San Francisco,075,870044,156479,154213,10357,164570,897
2022-06-22,San Joaquin,077,732212,179002,177637,11882,189519,2251
2022-06-22,San Luis Obispo,079,281455,57620,57177,5453,62630,485
2022-06-22,San Mateo,081,765935,147817,145781,9335,155116,723
2022-06-22,Santa Barbara,083,443738,94346,93576,5453,99029,700
2022-06-22,Santa Clara,085,1922200,375909,370678,16213,386891,2340
2022-06-22,Santa Cruz,087,273765,55227,54525,2732,57257,265
2022-06-22,Shasta,089,179085,32067,31786,6447,38233,570
2022-06-22,Sierra,091,2930,283,283,56,339,4
2022-06-22,Siskiyou,093,43540,4758,4711,2995,7706,81
2022-06-22,Solano,095,438530,93251,91528,6521,98049,454
2022-06-22,Sonoma,097,501317,96451,95363,4190,99553,493
2022-06-22,Stanislaus,099,539301,124834,124023,18853,142876,1670
2022-06-22,Sutter,101,95872,21750,21649,2327,23976,227
2022-06-22,Tehama,103,63373,12553,12465,2765,15230,205
2022-06-22,Trinity,105,12862,1243,1223,302,1525,20
2022-06-22,Tulare,107,460477,111454,110768,31097,141865,1496
2022-06-22,Tuolumne,109,53932,13762,13596,681,14277,189
2022-06-22,Ventura,111,848112,188061,186601,11481,198082,1514
2022-06-22,Yolo,113,214977,42272,41689,3771,45460,323
2022-06-22,Yuba,115,75493,17034,16912,1467,18379,124
2022-06-21,Alameda,001,1643700,302861,299567,17365,316932,1888
2022-06-21,Alpine,003,1148,129,129,1,130,0
2022-06-21,Amador,005,37829,9192,9049,741,9790,87
2022-06-21,Butte,007,227075,35489,35203,7470,42673,433
2022-06-21,Calaveras,009,45235,7764,7716,426,8142,122
2022-06-21,Colusa,011,21464,3540,3529,1142,4671,21
2022-06-21,Contra Costa,013,1133247,218539,216355,16504,232859,1328
2022-06-21,Del Norte,015,27424,6413,6367,314,6681,52
2022-06-21,El Dorado,017,186661,29381,29139,3619,32758,215
2022-06-21,Fresno,019,978130,245562,244129,25872,270001,2772
2022-06-21,Glenn,021,27897,5181,5161,1698,6859,48
2022-06-21,Humboldt,023,135768,19290,19111,3882,22993,148
2022-06-21,Imperial,025,180216,58274,57866,11723,69589,944
2022-06-21,Inyo,027,18085,4235,4222,644,4866,56
2022-06-21,Kern,029,883053,201026,199721,50288,250009,2341
2022-06-21,Kings,031,150075,53814,53568,3786,57354,448
2022-06-21,Lake,033,64148,11482,11426,998,12424,140
2022-06-21,Lassen,035,31185,9284,9259,943,10202,64
2022-06-21,Los Angeles,037,10098052,2943109,2925667,143253,3068920,32015
2022-06-21,Madera,039,155013,39374,39139,6676,45815,372
2022-06-21,Marin,041,260295,40080,39687,4600,44287,297
2022-06-21,Mariposa,043,17540,2735,2695,257,2952,30
2022-06-21,Mendocino,045,87422,14317,14201,3683,17884,127
2022-06-21,Merced,047,269075,65523,65120,9622,74742,827
2022-06-21,Modoc,049,8938,777,773,268,1041,8
2022-06-21,Mono,051,14174,3076,3073,181,3254,7
2022-06-21,Monterey,053,433212,85436,84752,16957,101709,742
2022-06-21,Napa,055,140530,29140,28894,1260,30154,144
2022-06-21,Nevada,057,99092,17386,17280,1417,18697,129
2022-06-21,Orange,059,3164182,596619,592215,49321,641536,7084
2022-06-21,Placer,061,380077,68928,68447,8260,76707,628
2022-06-21,Plumas,063,18699,3253,3220,399,3619,13
2022-06-21,Riverside,065,2383286,626820,623584,30708,654292,6491
2022-06-21,Sacramento,067,1510023,311348,309105,31254,340359,3071
2022-06-21,San Benito,069,59416,14212,14128,684,14812,99
2022-06-21,San Bernardino,071,2135413,599387,595517,26792,622309,7774
2022-06-21,San Diego,073,3302833,824059,815124,60029,875153,5318
2022-06-21,San Francisco,075,870044,156011,154213,10357,164570,897
2022-06-21,San Joaquin,077,732212,178707,177637,11882,189519,2251
2022-06-21,San Luis Obispo,079,281455,57513,57177,5449,62626,485
2022-06-21,San Mateo,081,765935,147348,145781,9335,155116,723
2022-06-21,Santa Barbara,083,443738,94189,93576,5452,99028,700
2022-06-21,Santa Clara,085,1922200,374804,370678,16213,386891,2340
2022-06-21,Santa Cruz,087,273765,55106,54525,2731,57256,265
2022-06-21,Shasta,089,179085,32023,31786,6447,38233,570
2022-06-21,Sierra,091,2930,283,283,56,339,4
2022-06-21,Siskiyou,093,43540,4749,4711,2995,7706,81
2022-06-21,Solano,095,438530,92996,91528,6520,98048,454
2022-06-21,Sonoma,097,501317,96226,95363,4187,99550,493
2022-06-21,Stanislaus,099,539301,124653,124023,18829,142852,1670
2022-06-21,Sutter,101,95872,21728,21649,2327,23976,227
2022-06-21,Tehama,103,63373,12540,12465,2765,15230,205
2022-06-21,Trinity,105,12862,1237,1223,302,1525,20
2022-06-21,Tulare,107,460477,111315,110768,31097,141865,1496
2022-06-21,Tuolumne,109,53932,13740,13596,681,14277,189
2022-06-21,Ventura,111,848112,187788,186601,11469,198070,1514
2022-06-21,Yolo,113,214977,42144,41689,3771,45460,323
2022-06-21,Yuba,115,75493,17005,16912,1467,18379,124
2022-06-20,Alameda,001,1643700,302000,299567,17363,316930,1888
2022-06-20,Alpine,003,1148,129,129,1,130,0
2022-06-20,Amador,005,37829,9181,9049,740,9789,87
2022-06-20,Butte,007,227075,35419,35203,7469,42672,433
2022-06-20,Calaveras,009,45235,7759,7716,426,8142,122
2022-06-20,Colusa,011,21464,3539,3529,1141,4670,21
2022-06-20,Contra Costa,013,1133247,217979,216355,16503,232858,1328
2022-06-20,Del Norte,015,27424,6400,6367,312,6679,52
2022-06-20,El Dorado,017,186661,29314,29139,3618,32757,215
2022-06-20,Fresno,019,978130,245081,244129,25872,270001,2772
2022-06-20,Glenn,021,27897,5178,5161,1696,6857,48
2022-06-20,Humboldt,023,135768,19246,19111,3880,22991,148
2022-06-20,Imperial,025,180216,58152,57866,11723,69589,944
2022-06-20,Inyo,027,18085,4231,4222,641,4863,56
2022-06-20,Kern,029,883053,200753,199721,50285,250006,2341
2022-06-20,Kings,031,150075,53732,53568,3786,57354,448
2022-06-20,Lake,033,64148,11463,11426,998,12424,140
2022-06-20,Lassen,035,31185,9279,9259,943,10202,64
2022-06-20,Los Angeles,037,10098052,2937535,2925667,142970,3068637,32015
2022-06-20,Madera,039,155013,39314,39139,6676,45815,372
2022-06-20,Marin,041,260295,39980,39687,4589,44276,297
2022-06-20,Mariposa,043,17540,2723,2695,257,2952,30
2022-06-20,Mendocino,045,87422,14290,14201,3683,17884,127
2022-06-20,Merced,047,269075,65440,65120,9620,74740,827
2022-06-20,Modoc,049,8938,776,773,268,1041,8
2022-06-20,Mono,051,14174,3075,3073,181,3254,7
2022-06-20,Monterey,053,433212,85292,84752,16953,101705,742
2022-06-20,Napa,055,140530,29071,28894,1260,30154,144
2022-06-20,Nevada,057,99092,17362,17280,1417,18697,129
2022-06-20,Orange,059,3164182,595368,592215,49321,641536,7084
2022-06-20,Placer,061,380077,68817,68447,8260,76707,628
2022-06-20,Plumas,063,18699,3248,3220,399,3619,13
2022-06-20,Riverside,065,2383286,625925,623584,30707,654291,6491
2022-06-20,Sacramento,067,1510023,310656,309105,31254,340359,3071
2022-06-20,San Benito,069,59416,14166,14128,684,14812,99
2022-06-20,San Bernardino,071,2135413,598499,595517,26792,622309,7774
2022-06-20,San Diego,073,3302833,822091,815124,59775,874899,5318
2022-06-20,San Francisco,075,870044,155427,154213,10357,164570,897
2022-06-20,San Joaquin,077,732212,178400,177637,11879,189516,2251
2022-06-20,San Luis Obispo,079,281455,57415,57177,5442,62619,485
2022-06-20,San Mateo,081,765935,146858,145781,9335,155116,723
2022-06-20,Santa Barbara,083,443738,94004,93576,5451,99027,700
2022-06-20,Santa Clara,085,1922200,373638,370678,16213,386891,2340
2022-06-20,Santa Cruz,087,273765,54935,54525,2729,57254,265
2022-06-20,Shasta,089,179085,31966,31786,6447,38233,570
2022-06-20,Sierra,091,2930,283,283,56,339,4
2022-06-20,Siskiyou,093,43540,4738,4711,2989,7700,81
2022-06-20,Solano,095,438530,92672,91528,6520,98048,454
2022-06-20,Sonoma,097,501317,95996,95363,4185,99548,493
2022-06-20,Stanislaus,099,539301,124473,124023,18798,142821,1670
2022-06-20,Sutter,101,95872,21696,21649,2327,23976,227
2022-06-20,Tehama,103,63373,12525,12465,2764,15229,205
2022-06-20,Trinity,105,12862,1232,1223,302,1525,20
2022-06-20,Tulare,107,460477,111185,110768,31076,141844,1496
2022-06-20,Tuolumne,109,53932,13703,13596,681,14277,189
2022-06-20,Ventura,111,848112,187465,186601,11462,198063,1514
2022-06-20,Yolo,113,214977,41993,41689,3770,45459,323
2022-06-20,Yuba,115,75493,16980,16912,1462,18374,124
2022-06-19,Alameda,001,1643700,301111,296062,17361,313423,1883
2022-06-19,Alpine,003,1148,129,129,1,130,0
2022-06-19,Amador,005,37829,9133,8985,740,9725,87
2022-06-19,Butte,007,227075,35361,34920,7469,42389,432
2022-06-19,Calaveras,009,45235,7743,7664,426,8090,122
2022-06-19,Colusa,011,21464,3534,3519,1139,4658,21
2022-06-19,Contra Costa,013,1133247,217332,213994,16503,230497,1323
2022-06-19,Del Norte,015,27424,6384,6307,308,6615,52
2022-06-19,El Dorado,017,186661,29238,28904,3616,32520,215
2022-06-19,Fresno,019,978130,244648,242214,25872,268086,2768
2022-06-19,Glenn,021,27897,5169,5131,1696,6827,48
2022-06-19,Humboldt,023,135768,19201,18885,3879,22764,148
2022-06-19,Imperial,025,180216,58037,57450,11711,69161,944
2022-06-19,Inyo,027,18085,4230,4209,640,4849,56
2022-06-19,Kern,029,883053,200399,198567,50275,248842,2340
2022-06-19,Kings,031,150075,53637,53242,3785,57027,448
2022-06-19,Lake,033,64148,11450,11318,998,12316,140
2022-06-19,Lassen,035,31185,9266,9225,943,10168,64
2022-06-19,Los Angeles,037,10098052,2932897,2909197,142580,3051777,31999
2022-06-19,Madera,039,155013,39224,38859,6676,45535,372
2022-06-19,Marin,041,260295,39859,39214,4583,43797,294
2022-06-19,Mariposa,043,17540,2716,2662,257,2919,30
2022-06-19,Mendocino,045,87422,14264,14090,3683,17773,127
2022-06-19,Merced,047,269075,65351,64734,9618,74352,827
2022-06-19,Modoc,049,8938,773,771,268,1039,8
2022-06-19,Mono,051,14174,3074,3066,181,3247,6
2022-06-19,Monterey,053,433212,85146,84032,16952,100984,744
2022-06-19,Napa,055,140530,29015,28619,1260,29879,144
2022-06-19,Nevada,057,99092,17336,17134,1417,18551,129
2022-06-19,Orange,059,3164182,594130,587176,49319,636495,7074
2022-06-19,Placer,061,380077,68707,67961,8259,76220,628
2022-06-19,Plumas,063,18699,3241,3201,399,3600,13
2022-06-19,Riverside,065,2383286,625083,619760,30705,650465,6488
2022-06-19,Sacramento,067,1510023,309933,306215,31254,337469,3072
2022-06-19,San Benito,069,59416,14148,13985,684,14669,99
2022-06-19,San Bernardino,071,2135413,597720,591926,26792,618718,7765
2022-06-19,San Diego,073,3302833,820581,815124,59670,874794,5318
2022-06-19,San Francisco,075,870044,154925,151898,10357,162255,897
2022-06-19,San Joaquin,077,732212,178097,176323,11871,188194,2251
2022-06-19,San Luis Obispo,079,281455,57282,56767,5431,62198,485
2022-06-19,San Mateo,081,765935,146423,143879,9335,153214,723
2022-06-19,Santa Barbara,083,443738,93848,92906,5451,98357,699
2022-06-19,Santa Clara,085,1922200,372498,365638,16211,381849,2328
2022-06-19,Santa Cruz,087,273765,54781,53866,2728,56594,264
2022-06-19,Shasta,089,179085,31907,31647,6447,38094,568
2022-06-19,Sierra,091,2930,283,281,56,337,4
2022-06-19,Siskiyou,093,43540,4726,4672,2989,7661,81
2022-06-19,Solano,095,438530,92419,90548,6520,97068,454
2022-06-19,Sonoma,097,501317,95761,94318,4183,98501,493
2022-06-19,Stanislaus,099,539301,124298,123264,18762,142026,1668
2022-06-19,Sutter,101,95872,21661,21501,2327,23828,227
2022-06-19,Tehama,103,63373,12516,12410,2763,15173,205
2022-06-19,Trinity,105,12862,1229,1220,302,1522,20
2022-06-19,Tulare,107,460477,111003,110041,31071,141112,1496
2022-06-19,Tuolumne,109,53932,13675,13487,681,14168,189
2022-06-19,Ventura,111,848112,187138,185219,11459,196678,1513
2022-06-19,Yolo,113,214977,41909,41135,3769,44904,323
2022-06-19,Yuba,115,75493,16949,16786,1459,18245,124
2022-06-18,Alameda,001,1643700,300664,296062,17355,313417,1883
2022-06-18,Alpine,003,1148,129,129,1,130,0
2022-06-18,Amador,005,37829,9127,8985,740,9725,87
2022-06-18,Butte,007,227075,35313,34920,7462,42382,432
2022-06-18,Calaveras,009,45235,7732,7664,426,8090,122
2022-06-18,Colusa,011,21464,3531,3519,1138,4657,21
2022-06-18,Contra Costa,013,1133247,217029,213994,16484,230478,1323
2022-06-18,Del Norte,015,27424,6379,6307,308,6615,52
2022-06-18,El Dorado,017,186661,29210,28904,3614,32518,215
2022-06-18,Fresno,019,978130,244464,242214,25870,268084,2768
2022-06-18,Glenn,021,27897,5166,5131,1696,6827,48
2022-06-18,Humboldt,023,135768,19172,18885,3877,22762,148
2022-06-18,Imperial,025,180216,57968,57450,11709,69159,944
2022-06-18,Inyo,027,18085,4229,4209,640,4849,56
2022-06-18,Kern,029,883053,200282,198567,50220,248787,2340
2022-06-18,Kings,031,150075,53601,53242,3785,57027,448
2022-06-18,Lake,033,64148,11440,11318,998,12316,140
2022-06-18,Lassen,035,31185,9262,9225,943,10168,64
2022-06-18,Los Angeles,037,10098052,2930867,2909197,142351,3051548,31999
2022-06-18,Madera,039,155013,39201,38859,6675,45534,372
2022-06-18,Marin,041,260295,39798,39214,4578,43792,294
2022-06-18,Mariposa,043,17540,2711,2662,257,2919,30
2022-06-18,Mendocino,045,87422,14243,14090,3678,17768,127
2022-06-18,Merced,047,269075,65294,64734,9615,74349,827
2022-06-18,Modoc,049,8938,773,771,268,1039,8
2022-06-18,Mono,051,14174,3073,3066,181,3247,6
2022-06-18,Monterey,053,433212,85063,84032,16937,100969,744
2022-06-18,Napa,055,140530,28991,28619,1260,29879,144
2022-06-18,Nevada,057,99092,17325,17134,1417,18551,129
2022-06-18,Orange,059,3164182,593518,587176,49231,636407,7074
2022-06-18,Placer,061,380077,68645,67961,8257,76218,628
2022-06-18,Plumas,063,18699,3233,3201,399,3600,13
2022-06-18,Riverside,065,2383286,624563,619760,30692,650452,6488
2022-06-18,Sacramento,067,1510023,309628,306215,31247,337462,3072
2022-06-18,San Benito,069,59416,14133,13985,676,14661,99
2022-06-18,San Bernardino,071,2135413,597306,591926,26780,618706,7765
2022-06-18,San Diego,073,3302833,819876,815124,59634,874758,5318
2022-06-18,San Francisco,075,870044,154600,151898,10352,162250,897
2022-06-18,San Joaquin,077,732212,177935,176323,11864,188187,2251
2022-06-18,San Luis Obispo,079,281455,57238,56767,5422,62189,485
2022-06-18,San Mateo,081,765935,146167,143879,9322,153201,723
2022-06-18,Santa Barbara,083,443738,93745,92906,5440,98346,699
2022-06-18,Santa Clara,085,1922200,371758,365638,16197,381835,2328
2022-06-18,Santa Cruz,087,273765,54706,53866,2717,56583,264
2022-06-18,Shasta,089,179085,31886,31647,6445,38092,568
2022-06-18,Sierra,091,2930,283,281,56,337,4
2022-06-18,Siskiyou,093,43540,4718,4672,2988,7660,81
2022-06-18,Solano,095,438530,92338,90548,6514,97062,454
2022-06-18,Sonoma,097,501317,95631,94318,4167,98485,493
2022-06-18,Stanislaus,099,539301,124195,123264,18751,142015,1668
2022-06-18,Sutter,101,95872,21640,21501,2327,23828,227
2022-06-18,Tehama,103,63373,12508,12410,2760,15170,205
2022-06-18,Trinity,105,12862,1228,1220,302,1522,20
2022-06-18,Tulare,107,460477,110925,110041,31054,141095,1496
2022-06-18,Tuolumne,109,53932,13652,13487,681,14168,189
2022-06-18,Ventura,111,848112,186973,185219,11448,196667,1513
2022-06-18,Yolo,113,214977,41842,41135,3764,44899,323
2022-06-18,Yuba,115,75493,16937,16786,1459,18245,124
2022-06-17,Alameda,001,1643700,300202,296062,17335,313397,1883
2022-06-17,Alpine,003,1148,129,129,1,130,0
2022-06-17,Amador,005,37829,9118,8985,740,9725,87
2022-06-17,Butte,007,227075,35282,34920,7451,42371,432
2022-06-17,Calaveras,009,45235,7723,7664,426,8090,122
2022-06-17,Colusa,011,21464,3530,3519,1136,4655,21
2022-06-17,Contra Costa,013,1133247,216745,213994,16468,230462,1323
2022-06-17,Del Norte,015,27424,6366,6307,307,6614,52
2022-06-17,El Dorado,017,186661,29179,28904,3614,32518,215
2022-06-17,Fresno,019,978130,244229,242214,25859,268073,2768
2022-06-17,Glenn,021,27897,5165,5131,1692,6823,48
2022-06-17,Humboldt,023,135768,19146,18885,3873,22758,148
2022-06-17,Imperial,025,180216,57918,57450,11706,69156,944
2022-06-17,Inyo,027,18085,4225,4209,636,4845,56
2022-06-17,Kern,029,883053,200137,198567,50179,248746,2340
2022-06-17,Kings,031,150075,53573,53242,3782,57024,448
2022-06-17,Lake,033,64148,11432,11318,998,12316,140
2022-06-17,Lassen,035,31185,9261,9225,942,10167,64
2022-06-17,Los Angeles,037,10098052,2928325,2909197,142141,3051338,31999
2022-06-17,Madera,039,155013,39177,38859,6671,45530,372
2022-06-17,Marin,041,260295,39707,39214,4567,43781,294
2022-06-17,Mariposa,043,17540,2707,2662,257,2919,30
2022-06-17,Mendocino,045,87422,14229,14090,3675,17765,127
2022-06-17,Merced,047,269075,65239,64734,9613,74347,827
2022-06-17,Modoc,049,8938,773,771,268,1039,8
2022-06-17,Mono,051,14174,3073,3066,181,3247,6
2022-06-17,Monterey,053,433212,84975,84032,16913,100945,744
2022-06-17,Napa,055,140530,28953,28619,1259,29878,144
2022-06-17,Nevada,057,99092,17307,17134,1417,18551,129
2022-06-17,Orange,059,3164182,592844,587176,49105,636281,7074
2022-06-17,Placer,061,380077,68593,67961,8251,76212,628
2022-06-17,Plumas,063,18699,3232,3201,398,3599,13
2022-06-17,Riverside,065,2383286,624023,619760,30661,650421,6488
2022-06-17,Sacramento,067,1510023,309237,306215,31231,337446,3072
2022-06-17,San Benito,069,59416,14121,13985,676,14661,99
2022-06-17,San Bernardino,071,2135413,596871,591926,26753,618679,7765
2022-06-17,San Diego,073,3302833,818931,815124,59519,874643,5318
2022-06-17,San Francisco,075,870044,154289,151898,10325,162223,897
2022-06-17,San Joaquin,077,732212,177791,176323,11855,188178,2251
2022-06-17,San Luis Obispo,079,281455,57201,56767,5418,62185,485
2022-06-17,San Mateo,081,765935,145873,143879,9308,153187,723
2022-06-17,Santa Barbara,083,443738,93644,92906,5432,98338,699
2022-06-17,Santa Clara,085,1922200,370950,365638,16177,381815,2328
2022-06-17,Santa Cruz,087,273765,54641,53866,2716,56582,264
2022-06-17,Shasta,089,179085,31861,31647,6443,38090,568
2022-06-17,Sierra,091,2930,283,281,56,337,4
2022-06-17,Siskiyou,093,43540,4712,4672,2988,7660,81
2022-06-17,Solano,095,438530,92191,90548,6505,97053,454
2022-06-17,Sonoma,097,501317,95469,94318,4160,98478,493
2022-06-17,Stanislaus,099,539301,124101,123264,18742,142006,1668
2022-06-17,Sutter,101,95872,21619,21501,2327,23828,227
2022-06-17,Tehama,103,63373,12494,12410,2760,15170,205
2022-06-17,Trinity,105,12862,1228,1220,302,1522,20
2022-06-17,Tulare,107,460477,110844,110041,31010,141051,1496
2022-06-17,Tuolumne,109,53932,13638,13487,681,14168,189
2022-06-17,Ventura,111,848112,186802,185219,11425,196644,1513
2022-06-17,Yolo,113,214977,41761,41135,3755,44890,323
2022-06-17,Yuba,115,75493,16929,16786,1459,18245,124
2022-06-16,Alameda,001,1643700,299433,296062,17271,313333,1883
2022-06-16,Alpine,003,1148,129,129,1,130,0
2022-06-16,Amador,005,37829,9111,8985,739,9724,87
2022-06-16,Butte,007,227075,35207,34920,7436,42356,432
2022-06-16,Calaveras,009,45235,7714,7664,424,8088,122
2022-06-16,Colusa,011,21464,3528,3519,1134,4653,21
2022-06-16,Contra Costa,013,1133247,216299,213994,16426,230420,1323
2022-06-16,Del Norte,015,27424,6354,6307,304,6611,52
2022-06-16,El Dorado,017,186661,29128,28904,3610,32514,215
2022-06-16,Fresno,019,978130,243862,242214,25818,268032,2768
2022-06-16,Glenn,021,27897,5157,5131,1688,6819,48
2022-06-16,Humboldt,023,135768,19117,18885,3858,22743,148
2022-06-16,Imperial,025,180216,57823,57450,11680,69130,944
2022-06-16,Inyo,027,18085,4224,4209,633,4842,56
2022-06-16,Kern,029,883053,199924,198567,50078,248645,2340
2022-06-16,Kings,031,150075,53507,53242,3773,57015,448
2022-06-16,Lake,033,64148,11417,11318,998,12316,140
2022-06-16,Lassen,035,31185,9254,9225,941,10166,64
2022-06-16,Los Angeles,037,10098052,2924585,2909197,141840,3051037,31999
2022-06-16,Madera,039,155013,39148,38859,6668,45527,372
2022-06-16,Marin,041,260295,39610,39214,4554,43768,294
2022-06-16,Mariposa,043,17540,2700,2662,256,2918,30
2022-06-16,Mendocino,045,87422,14201,14090,3673,17763,127
2022-06-16,Merced,047,269075,65166,64734,9597,74331,827
2022-06-16,Modoc,049,8938,773,771,268,1039,8
2022-06-16,Mono,051,14174,3072,3066,180,3246,6
2022-06-16,Monterey,053,433212,84830,84032,16870,100902,744
2022-06-16,Napa,055,140530,28907,28619,1258,29877,144
2022-06-16,Nevada,057,99092,17285,17134,1412,18546,129
2022-06-16,Orange,059,3164182,591825,587176,48969,636145,7074
2022-06-16,Placer,061,380077,68508,67961,8230,76191,628
2022-06-16,Plumas,063,18699,3226,3201,397,3598,13
2022-06-16,Riverside,065,2383286,623291,619760,30619,650379,6488
2022-06-16,Sacramento,067,1510023,308652,306215,31198,337413,3072
2022-06-16,San Benito,069,59416,14096,13985,674,14659,99
2022-06-16,San Bernardino,071,2135413,596218,591926,26723,618649,7765
2022-06-16,San Diego,073,3302833,817419,815124,59357,874481,5318
2022-06-16,San Francisco,075,870044,153842,151898,10283,162181,897
2022-06-16,San Joaquin,077,732212,177544,176323,11845,188168,2251
2022-06-16,San Luis Obispo,079,281455,57123,56767,5402,62169,485
2022-06-16,San Mateo,081,765935,145516,143879,9295,153174,723
2022-06-16,Santa Barbara,083,443738,93497,92906,5420,98326,699
2022-06-16,Santa Clara,085,1922200,370014,365638,16144,381782,2328
2022-06-16,Santa Cruz,087,273765,54510,53866,2704,56570,264
2022-06-16,Shasta,089,179085,31830,31647,6435,38082,568
2022-06-16,Sierra,091,2930,283,281,56,337,4
2022-06-16,Siskiyou,093,43540,4703,4672,2985,7657,81
2022-06-16,Solano,095,438530,92004,90548,6494,97042,454
2022-06-16,Sonoma,097,501317,95285,94318,4147,98465,493
2022-06-16,Stanislaus,099,539301,123942,123264,18725,141989,1668
2022-06-16,Sutter,101,95872,21594,21501,2327,23828,227
2022-06-16,Tehama,103,63373,12476,12410,2757,15167,205
2022-06-16,Trinity,105,12862,1226,1220,300,1520,20
2022-06-16,Tulare,107,460477,110710,110041,30958,140999,1496
2022-06-16,Tuolumne,109,53932,13614,13487,678,14165,189
2022-06-16,Ventura,111,848112,186534,185219,11384,196603,1513
2022-06-16,Yolo,113,214977,41671,41135,3744,44879,323
2022-06-16,Yuba,115,75493,16906,16786,1455,18241,124
2022-06-15,Alameda,001,1643700,298658,295002,17209,312211,1880
2022-06-15,Alpine,003,1148,129,129,1,130,0
2022-06-15,Amador,005,37829,9103,8972,738,9710,87
2022-06-15,Butte,007,227075,35141,34841,7417,42258,430
2022-06-15,Calaveras,009,45235,7711,7648,421,8069,122
2022-06-15,Colusa,011,21464,3524,3515,1133,4648,21
2022-06-15,Contra Costa,013,1133247,215858,213219,16389,229608,1321
2022-06-15,Del Norte,015,27424,6344,6298,303,6601,52
2022-06-15,El Dorado,017,186661,29077,28829,3600,32429,215
2022-06-15,Fresno,019,978130,243498,241768,25783,267551,2767
2022-06-15,Glenn,021,27897,5152,5128,1679,6807,48
2022-06-15,Humboldt,023,135768,19079,18836,3834,22670,148
2022-06-15,Imperial,025,180216,57743,57373,11652,69025,941
2022-06-15,Inyo,027,18085,4222,4205,632,4837,56
2022-06-15,Kern,029,883053,199665,198216,49975,248191,2338
2022-06-15,Kings,031,150075,53453,53170,3770,56940,448
2022-06-15,Lake,033,64148,11399,11303,993,12296,140
2022-06-15,Lassen,035,31185,9250,9209,940,10149,64
2022-06-15,Los Angeles,037,10098052,2920502,2897298,141529,3038827,31971
2022-06-15,Madera,039,155013,39103,38776,6655,45431,372
2022-06-15,Marin,041,260295,39521,39027,4548,43575,294
2022-06-15,Mariposa,043,17540,2696,2651,254,2905,30
2022-06-15,Mendocino,045,87422,14175,14052,3670,17722,127
2022-06-15,Merced,047,269075,65088,64595,9581,74176,825
2022-06-15,Modoc,049,8938,772,772,268,1040,8
2022-06-15,Mono,051,14174,3072,3060,180,3240,6
2022-06-15,Monterey,053,433212,84695,83837,16828,100665,741
2022-06-15,Napa,055,140530,28847,28518,1252,29770,144
2022-06-15,Nevada,057,99092,17259,17107,1409,18516,127
2022-06-15,Orange,059,3164182,590783,585496,48782,634278,7067
2022-06-15,Placer,061,380077,68389,67805,8219,76024,628
2022-06-15,Plumas,063,18699,3221,3185,395,3580,13
2022-06-15,Riverside,065,2383286,622574,618584,30569,649153,6482
2022-06-15,Sacramento,067,1510023,308059,305361,31140,336501,3059
2022-06-15,San Benito,069,59416,14059,13953,666,14619,99
2022-06-15,San Bernardino,071,2135413,595568,590328,26680,617008,7735
2022-06-15,San Diego,073,3302833,815876,811093,59192,870285,5316
2022-06-15,San Francisco,075,870044,153408,151170,10259,161429,890
2022-06-15,San Joaquin,077,732212,177305,175966,11811,187777,2244
2022-06-15,San Luis Obispo,079,281455,57037,56535,5362,61897,486
2022-06-15,San Mateo,081,765935,145119,143277,9279,152556,722
2022-06-15,Santa Barbara,083,443738,93365,92710,5412,98122,698
2022-06-15,Santa Clara,085,1922200,369027,364014,16114,380128,2323
2022-06-15,Santa Cruz,087,273765,54397,53718,2699,56417,265
2022-06-15,Shasta,089,179085,31790,31598,6429,38027,568
2022-06-15,Sierra,091,2930,281,280,56,336,4
2022-06-15,Siskiyou,093,43540,4692,4656,2976,7632,81
2022-06-15,Solano,095,438530,91793,90265,6484,96749,453
2022-06-15,Sonoma,097,501317,95092,94041,4139,98180,492
2022-06-15,Stanislaus,099,539301,123804,122944,18700,141644,1668
2022-06-15,Sutter,101,95872,21566,21448,2324,23772,227
2022-06-15,Tehama,103,63373,12468,12392,2753,15145,205
2022-06-15,Trinity,105,12862,1225,1217,299,1516,20
2022-06-15,Tulare,107,460477,110604,109930,30919,140849,1495
2022-06-15,Tuolumne,109,53932,13603,13459,678,14137,189
2022-06-15,Ventura,111,848112,186265,184750,11335,196085,1509
2022-06-15,Yolo,113,214977,41569,40756,3734,44490,322
2022-06-15,Yuba,115,75493,16880,16754,1449,18203,124
2022-06-14,Alameda,001,1643700,297972,295002,17155,312157,1880
2022-06-14,Alpine,003,1148,129,129,1,130,0
2022-06-14,Amador,005,37829,9089,8972,732,9704,87
2022-06-14,Butte,007,227075,35086,34841,7400,42241,430
2022-06-14,Calaveras,009,45235,7701,7648,420,8068,122
2022-06-14,Colusa,011,21464,3522,3515,1132,4647,21
2022-06-14,Contra Costa,013,1133247,215336,213219,16330,229549,1321
2022-06-14,Del Norte,015,27424,6336,6298,300,6598,52
2022-06-14,El Dorado,017,186661,29025,28829,3593,32422,215
2022-06-14,Fresno,019,978130,243113,241768,25728,267496,2767
2022-06-14,Glenn,021,27897,5144,5128,1678,6806,48
2022-06-14,Humboldt,023,135768,19030,18836,3817,22653,148
2022-06-14,Imperial,025,180216,57669,57373,11615,68988,941
2022-06-14,Inyo,027,18085,4217,4205,630,4835,56
2022-06-14,Kern,029,883053,199408,198216,49865,248081,2338
2022-06-14,Kings,031,150075,53385,53170,3768,56938,448
2022-06-14,Lake,033,64148,11374,11303,992,12295,140
2022-06-14,Lassen,035,31185,9244,9209,934,10143,64
2022-06-14,Los Angeles,037,10098052,2916202,2897298,141135,3038433,31971
2022-06-14,Madera,039,155013,39048,38776,6646,45422,372
2022-06-14,Marin,041,260295,39412,39027,4538,43565,294
2022-06-14,Mariposa,043,17540,2685,2651,252,2903,30
2022-06-14,Mendocino,045,87422,14148,14052,3656,17708,127
2022-06-14,Merced,047,269075,65009,64595,9552,74147,825
2022-06-14,Modoc,049,8938,772,772,266,1038,8
2022-06-14,Mono,051,14174,3072,3060,179,3239,6
2022-06-14,Monterey,053,433212,84556,83837,16785,100622,741
2022-06-14,Napa,055,140530,28785,28518,1249,29767,144
2022-06-14,Nevada,057,99092,17227,17107,1403,18510,127
2022-06-14,Orange,059,3164182,589654,585496,48611,634107,7067
2022-06-14,Placer,061,380077,68269,67805,8207,76012,628
2022-06-14,Plumas,063,18699,3216,3185,395,3580,13
2022-06-14,Riverside,065,2383286,621793,618584,30528,649112,6482
2022-06-14,Sacramento,067,1510023,307421,305361,31035,336396,3059
2022-06-14,San Benito,069,59416,14024,13953,663,14616,99
2022-06-14,San Bernardino,071,2135413,594865,590328,26634,616962,7735
2022-06-14,San Diego,073,3302833,814178,811093,59046,870139,5316
2022-06-14,San Francisco,075,870044,152924,151170,10235,161405,890
2022-06-14,San Joaquin,077,732212,177037,175966,11778,187744,2244
2022-06-14,San Luis Obispo,079,281455,56931,56535,5307,61842,486
2022-06-14,San Mateo,081,765935,144740,143277,9261,152538,722
2022-06-14,Santa Barbara,083,443738,93231,92710,5398,98108,698
2022-06-14,Santa Clara,085,1922200,367970,364014,16065,380079,2323
2022-06-14,Santa Cruz,087,273765,54274,53718,2688,56406,265
2022-06-14,Shasta,089,179085,31758,31598,6420,38018,568
2022-06-14,Sierra,091,2930,281,280,56,336,4
2022-06-14,Siskiyou,093,43540,4682,4656,2971,7627,81
2022-06-14,Solano,095,438530,91535,90265,6460,96725,453
2022-06-14,Sonoma,097,501317,94883,94041,4125,98166,492
2022-06-14,Stanislaus,099,539301,123627,122944,18674,141618,1668
2022-06-14,Sutter,101,95872,21529,21448,2322,23770,227
2022-06-14,Tehama,103,63373,12450,12392,2751,15143,205
2022-06-14,Trinity,105,12862,1224,1217,299,1516,20
2022-06-14,Tulare,107,460477,110461,109930,30874,140804,1495
2022-06-14,Tuolumne,109,53932,13583,13459,676,14135,189
2022-06-14,Ventura,111,848112,185976,184750,11295,196045,1509
2022-06-14,Yolo,113,214977,41465,40756,3728,44484,322
2022-06-14,Yuba,115,75493,16850,16754,1445,18199,124
2022-06-13,Alameda,001,1643700,297157,295002,17105,312107,1880
2022-06-13,Alpine,003,1148,129,129,1,130,0
2022-06-13,Amador,005,37829,9083,8972,729,9701,87
2022-06-13,Butte,007,227075,35016,34841,7374,42215,430
2022-06-13,Calaveras,009,45235,7683,7648,420,8068,122
2022-06-13,Colusa,011,21464,3522,3515,1129,4644,21
2022-06-13,Contra Costa,013,1133247,214772,213219,16255,229474,1321
2022-06-13,Del Norte,015,27424,6324,6298,296,6594,52
2022-06-13,El Dorado,017,186661,28977,28829,3585,32414,215
2022-06-13,Fresno,019,978130,242699,241768,25672,267440,2767
2022-06-13,Glenn,021,27897,5141,5128,1673,6801,48
2022-06-13,Humboldt,023,135768,18976,18836,3791,22627,148
2022-06-13,Imperial,025,180216,57575,57373,11562,68935,941
2022-06-13,Inyo,027,18085,4213,4205,625,4830,56
2022-06-13,Kern,029,883053,199147,198216,49744,247960,2338
2022-06-13,Kings,031,150075,53320,53170,3764,56934,448
2022-06-13,Lake,033,64148,11349,11303,991,12294,140
2022-06-13,Lassen,035,31185,9236,9209,931,10140,64
2022-06-13,Los Angeles,037,10098052,2911876,2897298,140747,3038045,31971
2022-06-13,Madera,039,155013,38980,38776,6626,45402,372
2022-06-13,Marin,041,260295,39307,39027,4509,43536,294
2022-06-13,Mariposa,043,17540,2673,2651,251,2902,30
2022-06-13,Mendocino,045,87422,14124,14052,3643,17695,127
2022-06-13,Merced,047,269075,64935,64595,9518,74113,825
2022-06-13,Modoc,049,8938,771,772,266,1038,8
2022-06-13,Mono,051,14174,3070,3060,179,3239,6
2022-06-13,Monterey,053,433212,84425,83837,16732,100569,741
2022-06-13,Napa,055,140530,28715,28518,1245,29763,144
2022-06-13,Nevada,057,99092,17200,17107,1399,18506,127
2022-06-13,Orange,059,3164182,588414,585496,48419,633915,7067
2022-06-13,Placer,061,380077,68177,67805,8188,75993,628
2022-06-13,Plumas,063,18699,3211,3185,395,3580,13
2022-06-13,Riverside,065,2383286,621058,618584,30487,649071,6482
2022-06-13,Sacramento,067,1510023,306771,305361,30963,336324,3059
2022-06-13,San Benito,069,59416,13998,13953,656,14609,99
2022-06-13,San Bernardino,071,2135413,594084,590328,26602,616930,7735
2022-06-13,San Diego,073,3302833,812471,811093,58945,870038,5316
2022-06-13,San Francisco,075,870044,152379,151170,10215,161385,890
2022-06-13,San Joaquin,077,732212,176775,175966,11733,187699,2244
2022-06-13,San Luis Obispo,079,281455,56833,56535,5247,61782,486
2022-06-13,San Mateo,081,765935,144311,143277,9237,152514,722
2022-06-13,Santa Barbara,083,443738,93105,92710,5383,98093,698
2022-06-13,Santa Clara,085,1922200,366957,364014,16008,380022,2323
2022-06-13,Santa Cruz,087,273765,54136,53718,2679,56397,265
2022-06-13,Shasta,089,179085,31731,31598,6413,38011,568
2022-06-13,Sierra,091,2930,281,280,56,336,4
2022-06-13,Siskiyou,093,43540,4678,4656,2963,7619,81
2022-06-13,Solano,095,438530,91299,90265,6434,96699,453
2022-06-13,Sonoma,097,501317,94654,94041,4103,98144,492
2022-06-13,Stanislaus,099,539301,123456,122944,18653,141597,1668
2022-06-13,Sutter,101,95872,21500,21448,2318,23766,227
2022-06-13,Tehama,103,63373,12432,12392,2748,15140,205
2022-06-13,Trinity,105,12862,1222,1217,299,1516,20
2022-06-13,Tulare,107,460477,110306,109930,30813,140743,1495
2022-06-13,Tuolumne,109,53932,13562,13459,675,14134,189
2022-06-13,Ventura,111,848112,185689,184750,11239,195989,1509
2022-06-13,Yolo,113,214977,41330,40756,3715,44471,322
2022-06-13,Yuba,115,75493,16833,16754,1441,18195,124
2022-06-12,Alameda,001,1643700,296356,292112,17045,309157,1877
2022-06-12,Alpine,003,1148,129,129,1,130,0
2022-06-12,Amador,005,37829,9061,8869,727,9596,87
2022-06-12,Butte,007,227075,34959,34596,7349,41945,427
2022-06-12,Calaveras,009,45235,7669,7604,415,8019,122
2022-06-12,Colusa,011,21464,3521,3505,1128,4633,21
2022-06-12,Contra Costa,013,1133247,214195,211229,16176,227405,1315
2022-06-12,Del Norte,015,27424,6310,6253,294,6547,52
2022-06-12,El Dorado,017,186661,28919,28641,3571,32212,215
2022-06-12,Fresno,019,978130,242240,240345,25622,265967,2766
2022-06-12,Glenn,021,27897,5137,5104,1671,6775,48
2022-06-12,Humboldt,023,135768,18909,18696,3751,22447,148
2022-06-12,Imperial,025,180216,57507,57129,11511,68640,941
2022-06-12,Inyo,027,18085,4212,4194,623,4817,56
2022-06-12,Kern,029,883053,198868,197353,49620,246973,2338
2022-06-12,Kings,031,150075,53241,52978,3755,56733,447
2022-06-12,Lake,033,64148,11326,11202,990,12192,139
2022-06-12,Lassen,035,31185,9218,9172,928,10100,64
2022-06-12,Los Angeles,037,10098052,2907124,2878981,140317,3019298,31947
2022-06-12,Madera,039,155013,38887,38567,6597,45164,372
2022-06-12,Marin,041,260295,39199,38593,4482,43075,294
2022-06-12,Mariposa,043,17540,2667,2625,250,2875,30
2022-06-12,Mendocino,045,87422,14101,13945,3636,17581,127
2022-06-12,Merced,047,269075,64822,64286,9480,73766,825
2022-06-12,Modoc,049,8938,771,767,266,1033,8
2022-06-12,Mono,051,14174,3066,3052,178,3230,6
2022-06-12,Monterey,053,433212,84272,83391,16648,100039,739
2022-06-12,Napa,055,140530,28654,28202,1236,29438,143
2022-06-12,Nevada,057,99092,17157,16989,1393,18382,127
2022-06-12,Orange,059,3164182,587137,581624,48228,629852,7057
2022-06-12,Placer,061,380077,68066,67306,8166,75472,628
2022-06-12,Plumas,063,18699,3205,3172,394,3566,13
2022-06-12,Riverside,065,2383286,620115,615556,30423,645979,6481
2022-06-12,Sacramento,067,1510023,306045,302721,30855,333576,3058
2022-06-12,San Benito,069,59416,13963,13832,650,14482,99
2022-06-12,San Bernardino,071,2135413,593174,587385,26551,613936,7708
2022-06-12,San Diego,073,3302833,810749,805360,58819,864179,5315
2022-06-12,San Francisco,075,870044,151822,149278,10167,159445,890
2022-06-12,San Joaquin,077,732212,176424,174822,11701,186523,2244
2022-06-12,San Luis Obispo,079,281455,56697,56160,5172,61332,485
2022-06-12,San Mateo,081,765935,143845,141719,9197,150916,715
2022-06-12,Santa Barbara,083,443738,92929,92177,5369,97546,694
2022-06-12,Santa Clara,085,1922200,365781,359925,15954,375879,2322
2022-06-12,Santa Cruz,087,273765,53976,53171,2672,55843,264
2022-06-12,Shasta,089,179085,31685,31483,6399,37882,566
2022-06-12,Sierra,091,2930,281,278,56,334,4
2022-06-12,Siskiyou,093,43540,4670,4633,2959,7592,81
2022-06-12,Solano,095,438530,91011,89424,6408,95832,453
2022-06-12,Sonoma,097,501317,94404,93218,4078,97296,492
2022-06-12,Stanislaus,099,539301,123258,122267,18611,140878,1665
2022-06-12,Sutter,101,95872,21458,21333,2299,23632,227
2022-06-12,Tehama,103,63373,12414,12343,2740,15083,205
2022-06-12,Trinity,105,12862,1219,1213,299,1512,20
2022-06-12,Tulare,107,460477,110098,109467,30735,140202,1495
2022-06-12,Tuolumne,109,53932,13534,13382,670,14052,189
2022-06-12,Ventura,111,848112,185333,183680,11191,194871,1508
2022-06-12,Yolo,113,214977,41211,40202,3707,43909,323
2022-06-12,Yuba,115,75493,16805,16653,1432,18085,123
2022-06-11,Alameda,001,1643700,295953,292112,17020,309132,1877
2022-06-11,Alpine,003,1148,129,129,1,130,0
2022-06-11,Amador,005,37829,9047,8869,727,9596,87
2022-06-11,Butte,007,227075,34924,34596,7328,41924,427
2022-06-11,Calaveras,009,45235,7662,7604,414,8018,122
2022-06-11,Colusa,011,21464,3519,3505,1128,4633,21
2022-06-11,Contra Costa,013,1133247,213888,211229,16139,227368,1315
2022-06-11,Del Norte,015,27424,6302,6253,293,6546,52
2022-06-11,El Dorado,017,186661,28900,28641,3569,32210,215
2022-06-11,Fresno,019,978130,242045,240345,25610,265955,2766
2022-06-11,Glenn,021,27897,5135,5104,1671,6775,48
2022-06-11,Humboldt,023,135768,18887,18696,3740,22436,148
2022-06-11,Imperial,025,180216,57452,57129,11495,68624,941
2022-06-11,Inyo,027,18085,4212,4194,621,4815,56
2022-06-11,Kern,029,883053,198745,197353,49544,246897,2338
2022-06-11,Kings,031,150075,53209,52978,3754,56732,447
2022-06-11,Lake,033,64148,11318,11202,988,12190,139
2022-06-11,Lassen,035,31185,9214,9172,926,10098,64
2022-06-11,Los Angeles,037,10098052,2904906,2878981,140071,3019052,31947
2022-06-11,Madera,039,155013,38866,38567,6595,45162,372
2022-06-11,Marin,041,260295,39123,38593,4448,43041,294
2022-06-11,Mariposa,043,17540,2663,2625,250,2875,30
2022-06-11,Mendocino,045,87422,14090,13945,3633,17578,127
2022-06-11,Merced,047,269075,64773,64286,9474,73760,825
2022-06-11,Modoc,049,8938,771,767,266,1033,8
2022-06-11,Mono,051,14174,3066,3052,178,3230,6
2022-06-11,Monterey,053,433212,84188,83391,16620,100011,739
2022-06-11,Napa,055,140530,28614,28202,1232,29434,143
2022-06-11,Nevada,057,99092,17145,16989,1391,18380,127
2022-06-11,Orange,059,3164182,586492,581624,48085,629709,7057
2022-06-11,Placer,061,380077,67980,67306,8159,75465,628
2022-06-11,Plumas,063,18699,3202,3172,394,3566,13
2022-06-11,Riverside,065,2383286,619586,615556,30392,645948,6481
2022-06-11,Sacramento,067,1510023,305742,302721,30820,333541,3058
2022-06-11,San Benito,069,59416,13953,13832,647,14479,99
2022-06-11,San Bernardino,071,2135413,592765,587385,26525,613910,7708
2022-06-11,San Diego,073,3302833,810055,805360,58777,864137,5315
2022-06-11,San Francisco,075,870044,151502,149278,10147,159425,890
2022-06-11,San Joaquin,077,732212,176271,174822,11683,186505,2244
2022-06-11,San Luis Obispo,079,281455,56663,56160,5164,61324,485
2022-06-11,San Mateo,081,765935,143620,141719,9171,150890,715
2022-06-11,Santa Barbara,083,443738,92862,92177,5357,97534,694
2022-06-11,Santa Clara,085,1922200,365022,359925,15917,375842,2322
2022-06-11,Santa Cruz,087,273765,53920,53171,2655,55826,264
2022-06-11,Shasta,089,179085,31669,31483,6394,37877,566
2022-06-11,Sierra,091,2930,281,278,56,334,4
2022-06-11,Siskiyou,093,43540,4664,4633,2951,7584,81
2022-06-11,Solano,095,438530,90923,89424,6395,95819,453
2022-06-11,Sonoma,097,501317,94296,93218,4055,97273,492
2022-06-11,Stanislaus,099,539301,123156,122267,18588,140855,1665
2022-06-11,Sutter,101,95872,21441,21333,2297,23630,227
2022-06-11,Tehama,103,63373,12407,12343,2739,15082,205
2022-06-11,Trinity,105,12862,1219,1213,299,1512,20
2022-06-11,Tulare,107,460477,110017,109467,30698,140165,1495
2022-06-11,Tuolumne,109,53932,13508,13382,668,14050,189
2022-06-11,Ventura,111,848112,185157,183680,11158,194838,1508
2022-06-11,Yolo,113,214977,41148,40202,3702,43904,323
2022-06-11,Yuba,115,75493,16786,16653,1428,18081,123
2022-06-10,Alameda,001,1643700,295484,292112,16991,309103,1877
2022-06-10,Alpine,003,1148,129,129,1,130,0
2022-06-10,Amador,005,37829,9034,8869,726,9595,87
2022-06-10,Butte,007,227075,34895,34596,7318,41914,427
2022-06-10,Calaveras,009,45235,7657,7604,414,8018,122
2022-06-10,Colusa,011,21464,3514,3505,1126,4631,21
2022-06-10,Contra Costa,013,1133247,213621,211229,16104,227333,1315
2022-06-10,Del Norte,015,27424,6296,6253,292,6545,52
2022-06-10,El Dorado,017,186661,28871,28641,3564,32205,215
2022-06-10,Fresno,019,978130,241816,240345,25589,265934,2766
2022-06-10,Glenn,021,27897,5133,5104,1667,6771,48
2022-06-10,Humboldt,023,135768,18865,18696,3733,22429,148
2022-06-10,Imperial,025,180216,57409,57129,11490,68619,941
2022-06-10,Inyo,027,18085,4211,4194,617,4811,56
2022-06-10,Kern,029,883053,198599,197353,49451,246804,2338
2022-06-10,Kings,031,150075,53189,52978,3753,56731,447
2022-06-10,Lake,033,64148,11302,11202,987,12189,139
2022-06-10,Lassen,035,31185,9211,9172,926,10098,64
2022-06-10,Los Angeles,037,10098052,2902235,2878981,139823,3018804,31947
2022-06-10,Madera,039,155013,38838,38567,6587,45154,372
2022-06-10,Marin,041,260295,39028,38593,4419,43012,294
2022-06-10,Mariposa,043,17540,2659,2625,249,2874,30
2022-06-10,Mendocino,045,87422,14073,13945,3623,17568,127
2022-06-10,Merced,047,269075,64730,64286,9468,73754,825
2022-06-10,Modoc,049,8938,771,767,266,1033,8
2022-06-10,Mono,051,14174,3066,3052,176,3228,6
2022-06-10,Monterey,053,433212,84097,83391,16582,99973,739
2022-06-10,Napa,055,140530,28582,28202,1231,29433,143
2022-06-10,Nevada,057,99092,17133,16989,1390,18379,127
2022-06-10,Orange,059,3164182,585831,581624,47963,629587,7057
2022-06-10,Placer,061,380077,67913,67306,8143,75449,628
2022-06-10,Plumas,063,18699,3198,3172,394,3566,13
2022-06-10,Riverside,065,2383286,619064,615556,30362,645918,6481
2022-06-10,Sacramento,067,1510023,305343,302721,30795,333516,3058
2022-06-10,San Benito,069,59416,13939,13832,646,14478,99
2022-06-10,San Bernardino,071,2135413,592370,587385,26491,613876,7708
2022-06-10,San Diego,073,3302833,809139,805360,58745,864105,5315
2022-06-10,San Francisco,075,870044,151186,149278,10110,159388,890
2022-06-10,San Joaquin,077,732212,176157,174822,11666,186488,2244
2022-06-10,San Luis Obispo,079,281455,56628,56160,5157,61317,485
2022-06-10,San Mateo,081,765935,143367,141719,9156,150875,715
2022-06-10,Santa Barbara,083,443738,92763,92177,5353,97530,694
2022-06-10,Santa Clara,085,1922200,364278,359925,15882,375807,2322
2022-06-10,Santa Cruz,087,273765,53822,53171,2644,55815,264
2022-06-10,Shasta,089,179085,31650,31483,6383,37866,566
2022-06-10,Sierra,091,2930,280,278,56,334,4
2022-06-10,Siskiyou,093,43540,4657,4633,2944,7577,81
2022-06-10,Solano,095,438530,90761,89424,6380,95804,453
2022-06-10,Sonoma,097,501317,94137,93218,4031,97249,492
2022-06-10,Stanislaus,099,539301,123037,122267,18576,140843,1665
2022-06-10,Sutter,101,95872,21426,21333,2295,23628,227
2022-06-10,Tehama,103,63373,12399,12343,2738,15081,205
2022-06-10,Trinity,105,12862,1217,1213,299,1512,20
2022-06-10,Tulare,107,460477,109950,109467,30668,140135,1495
2022-06-10,Tuolumne,109,53932,13495,13382,665,14047,189
2022-06-10,Ventura,111,848112,184969,183680,11122,194802,1508
2022-06-10,Yolo,113,214977,41060,40202,3694,43896,323
2022-06-10,Yuba,115,75493,16765,16653,1425,18078,123
2022-06-09,Alameda,001,1643700,294573,292112,16928,309040,1877
2022-06-09,Alpine,003,1148,129,129,1,130,0
2022-06-09,Amador,005,37829,9023,8869,723,9592,87
2022-06-09,Butte,007,227075,34836,34596,7309,41905,427
2022-06-09,Calaveras,009,45235,7647,7604,414,8018,122
2022-06-09,Colusa,011,21464,3513,3505,1125,4630,21
2022-06-09,Contra Costa,013,1133247,213122,211229,16056,227285,1315
2022-06-09,Del Norte,015,27424,6286,6253,287,6540,52
2022-06-09,El Dorado,017,186661,28815,28641,3563,32204,215
2022-06-09,Fresno,019,978130,241461,240345,25542,265887,2766
2022-06-09,Glenn,021,27897,5128,5104,1665,6769,48
2022-06-09,Humboldt,023,135768,18818,18696,3720,22416,148
2022-06-09,Imperial,025,180216,57353,57129,11469,68598,941
2022-06-09,Inyo,027,18085,4208,4194,612,4806,56
2022-06-09,Kern,029,883053,198398,197353,49349,246702,2338
2022-06-09,Kings,031,150075,53145,52978,3749,56727,447
2022-06-09,Lake,033,64148,11277,11202,986,12188,139
2022-06-09,Lassen,035,31185,9192,9172,925,10097,64
2022-06-09,Los Angeles,037,10098052,2897807,2878981,139457,3018438,31947
2022-06-09,Madera,039,155013,38784,38567,6573,45140,372
2022-06-09,Marin,041,260295,38925,38593,4393,42986,294
2022-06-09,Mariposa,043,17540,2655,2625,248,2873,30
2022-06-09,Mendocino,045,87422,14045,13945,3621,17566,127
2022-06-09,Merced,047,269075,64652,64286,9458,73744,825
2022-06-09,Modoc,049,8938,770,767,266,1033,8
2022-06-09,Mono,051,14174,3061,3052,174,3226,6
2022-06-09,Monterey,053,433212,83977,83391,16512,99903,739
2022-06-09,Napa,055,140530,28523,28202,1229,29431,143
2022-06-09,Nevada,057,99092,17099,16989,1389,18378,127
2022-06-09,Orange,059,3164182,584757,581624,47810,629434,7057
2022-06-09,Placer,061,380077,67794,67306,8130,75436,628
2022-06-09,Plumas,063,18699,3192,3172,394,3566,13
2022-06-09,Riverside,065,2383286,618373,615556,30317,645873,6481
2022-06-09,Sacramento,067,1510023,304763,302721,30710,333431,3058
2022-06-09,San Benito,069,59416,13920,13832,643,14475,99
2022-06-09,San Bernardino,071,2135413,591706,587385,26458,613843,7708
2022-06-09,San Diego,073,3302833,807736,805360,58631,863991,5315
2022-06-09,San Francisco,075,870044,150788,149278,10075,159353,890
2022-06-09,San Joaquin,077,732212,175870,174822,11644,186466,2244
2022-06-09,San Luis Obispo,079,281455,56541,56160,5127,61287,485
2022-06-09,San Mateo,081,765935,142984,141719,9129,150848,715
2022-06-09,Santa Barbara,083,443738,92629,92177,5348,97525,694
2022-06-09,Santa Clara,085,1922200,363312,359925,15810,375735,2322
2022-06-09,Santa Cruz,087,273765,53692,53171,2633,55804,264
2022-06-09,Shasta,089,179085,31619,31483,6372,37855,566
2022-06-09,Sierra,091,2930,280,278,56,334,4
2022-06-09,Siskiyou,093,43540,4650,4633,2930,7563,81
2022-06-09,Solano,095,438530,90516,89424,6365,95789,453
2022-06-09,Sonoma,097,501317,93981,93218,4011,97229,492
2022-06-09,Stanislaus,099,539301,122869,122267,18562,140829,1665
2022-06-09,Sutter,101,95872,21387,21333,2294,23627,227
2022-06-09,Tehama,103,63373,12381,12343,2737,15080,205
2022-06-09,Trinity,105,12862,1216,1213,299,1512,20
2022-06-09,Tulare,107,460477,109832,109467,30624,140091,1495
2022-06-09,Tuolumne,109,53932,13464,13382,662,14044,189
2022-06-09,Ventura,111,848112,184704,183680,11088,194768,1508
2022-06-09,Yolo,113,214977,40950,40202,3678,43880,323
2022-06-09,Yuba,115,75493,16743,16653,1422,18075,123
2022-06-08,Alameda,001,1643700,293816,289661,16886,306547,1873
2022-06-08,Alpine,003,1148,129,128,1,129,0
2022-06-08,Amador,005,37829,9015,8818,721,9539,87
2022-06-08,Butte,007,227075,34770,34380,7291,41671,427
2022-06-08,Calaveras,009,45235,7633,7564,414,7978,122
2022-06-08,Colusa,011,21464,3511,3495,1122,4617,21
2022-06-08,Contra Costa,013,1133247,212628,209384,16010,225394,1310
2022-06-08,Del Norte,015,27424,6265,6229,287,6516,52
2022-06-08,El Dorado,017,186661,28763,28478,3559,32037,215
2022-06-08,Fresno,019,978130,241124,239376,25485,264861,2766
2022-06-08,Glenn,021,27897,5124,5095,1664,6759,48
2022-06-08,Humboldt,023,135768,18788,18598,3693,22291,147
2022-06-08,Imperial,025,180216,57281,56912,11450,68362,941
2022-06-08,Inyo,027,18085,4206,4189,612,4801,56
2022-06-08,Kern,029,883053,198124,196763,49232,245995,2338
2022-06-08,Kings,031,150075,53075,52821,3742,56563,447
2022-06-08,Lake,033,64148,11257,11158,986,12144,137
2022-06-08,Lassen,035,31185,9179,9148,925,10073,64
2022-06-08,Los Angeles,037,10098052,2893200,2865901,139085,3004986,31920
2022-06-08,Madera,039,155013,38738,38408,6566,44974,372
2022-06-08,Marin,041,260295,38833,38338,4374,42712,294
2022-06-08,Mariposa,043,17540,2645,2614,248,2862,30
2022-06-08,Mendocino,045,87422,14025,13859,3614,17473,127
2022-06-08,Merced,047,269075,64588,64080,9442,73522,825
2022-06-08,Modoc,049,8938,766,761,266,1027,8
2022-06-08,Mono,051,14174,3057,3044,174,3218,6
2022-06-08,Monterey,053,433212,83867,83063,16466,99529,740
2022-06-08,Napa,055,140530,28435,27996,1226,29222,143
2022-06-08,Nevada,057,99092,17073,16907,1387,18294,127
2022-06-08,Orange,059,3164182,583658,578530,47610,626140,7044
2022-06-08,Placer,061,380077,67665,66951,8124,75075,627
2022-06-08,Plumas,063,18699,3189,3150,393,3543,13
2022-06-08,Riverside,065,2383286,617691,613469,30280,643749,6480
2022-06-08,Sacramento,067,1510023,304129,300875,30620,331495,3054
2022-06-08,San Benito,069,59416,13887,13734,642,14376,99
2022-06-08,San Bernardino,071,2135413,591024,585029,26417,611446,7685
2022-06-08,San Diego,073,3302833,806252,800840,58486,859326,5308
2022-06-08,San Francisco,075,870044,150369,147960,10048,158008,885
2022-06-08,San Joaquin,077,732212,175596,173887,11621,185508,2241
2022-06-08,San Luis Obispo,079,281455,56390,55822,5057,60879,484
2022-06-08,San Mateo,081,765935,142589,140569,9086,149655,710
2022-06-08,Santa Barbara,083,443738,92496,91747,5345,97092,693
2022-06-08,Santa Clara,085,1922200,362352,356452,15756,372208,2321
2022-06-08,Santa Cruz,087,273765,53553,52753,2620,55373,264
2022-06-08,Shasta,089,179085,31588,31394,6366,37760,565
2022-06-08,Sierra,091,2930,280,278,56,334,4
2022-06-08,Siskiyou,093,43540,4645,4609,2928,7537,81
2022-06-08,Solano,095,438530,90247,88522,6348,94870,453
2022-06-08,Sonoma,097,501317,93799,92644,3975,96619,491
2022-06-08,Stanislaus,099,539301,122686,121787,18537,140324,1662
2022-06-08,Sutter,101,95872,21364,21256,2290,23546,227
2022-06-08,Tehama,103,63373,12374,12306,2734,15040,205
2022-06-08,Trinity,105,12862,1215,1211,298,1509,20
2022-06-08,Tulare,107,460477,109745,109091,30570,139661,1494
2022-06-08,Tuolumne,109,53932,13448,13335,661,13996,189
2022-06-08,Ventura,111,848112,184433,182847,11065,193912,1506
2022-06-08,Yolo,113,214977,40846,39962,3668,43630,321
2022-06-08,Yuba,115,75493,16718,16558,1412,17970,122
2022-06-07,Alameda,001,1643700,293017,289661,16826,306487,1873
2022-06-07,Alpine,003,1148,129,128,1,129,0
2022-06-07,Amador,005,37829,9005,8818,718,9536,87
2022-06-07,Butte,007,227075,34691,34380,7262,41642,427
2022-06-07,Calaveras,009,45235,7625,7564,413,7977,122
2022-06-07,Colusa,011,21464,3511,3495,1118,4613,21
2022-06-07,Contra Costa,013,1133247,212083,209384,15946,225330,1310
2022-06-07,Del Norte,015,27424,6259,6229,283,6512,52
2022-06-07,El Dorado,017,186661,28699,28478,3552,32030,215
2022-06-07,Fresno,019,978130,240737,239376,25417,264793,2766
2022-06-07,Glenn,021,27897,5118,5095,1664,6759,48
2022-06-07,Humboldt,023,135768,18750,18598,3676,22274,147
2022-06-07,Imperial,025,180216,57227,56912,11415,68327,941
2022-06-07,Inyo,027,18085,4205,4189,604,4793,56
2022-06-07,Kern,029,883053,197869,196763,49117,245880,2338
2022-06-07,Kings,031,150075,53018,52821,3735,56556,447
2022-06-07,Lake,033,64148,11232,11158,980,12138,137
2022-06-07,Lassen,035,31185,9170,9148,924,10072,64
2022-06-07,Los Angeles,037,10098052,2887906,2865901,138661,3004562,31920
2022-06-07,Madera,039,155013,38664,38408,6549,44957,372
2022-06-07,Marin,041,260295,38749,38338,4346,42684,294
2022-06-07,Mariposa,043,17540,2638,2614,246,2860,30
2022-06-07,Mendocino,045,87422,13996,13859,3583,17442,127
2022-06-07,Merced,047,269075,64497,64080,9427,73507,825
2022-06-07,Modoc,049,8938,766,761,264,1025,8
2022-06-07,Mono,051,14174,3055,3044,171,3215,6
2022-06-07,Monterey,053,433212,83739,83063,16411,99474,740
2022-06-07,Napa,055,140530,28360,27996,1218,29214,143
2022-06-07,Nevada,057,99092,17046,16907,1379,18286,127
2022-06-07,Orange,059,3164182,582538,578530,47436,625966,7044
2022-06-07,Placer,061,380077,67516,66951,8106,75057,627
2022-06-07,Plumas,063,18699,3184,3150,391,3541,13
2022-06-07,Riverside,065,2383286,616817,613469,30213,643682,6480
2022-06-07,Sacramento,067,1510023,303412,300875,30503,331378,3054
2022-06-07,San Benito,069,59416,13845,13734,637,14371,99
2022-06-07,San Bernardino,071,2135413,590256,585029,26384,611413,7685
2022-06-07,San Diego,073,3302833,804674,800840,58284,859124,5308
2022-06-07,San Francisco,075,870044,149845,147960,10026,157986,885
2022-06-07,San Joaquin,077,732212,175266,173887,11573,185460,2241
2022-06-07,San Luis Obispo,079,281455,56288,55822,5004,60826,484
2022-06-07,San Mateo,081,765935,142169,140569,9027,149596,710
2022-06-07,Santa Barbara,083,443738,92361,91747,5332,97079,693
2022-06-07,Santa Clara,085,1922200,361223,356452,15672,372124,2321
2022-06-07,Santa Cruz,087,273765,53452,52753,2611,55364,264
2022-06-07,Shasta,089,179085,31552,31394,6359,37753,565
2022-06-07,Sierra,091,2930,279,278,56,334,4
2022-06-07,Siskiyou,093,43540,4638,4609,2924,7533,81
2022-06-07,Solano,095,438530,89919,88522,6328,94850,453
2022-06-07,Sonoma,097,501317,93573,92644,3938,96582,491
2022-06-07,Stanislaus,099,539301,122513,121787,18515,140302,1662
2022-06-07,Sutter,101,95872,21336,21256,2287,23543,227
2022-06-07,Tehama,103,63373,12359,12306,2729,15035,205
2022-06-07,Trinity,105,12862,1214,1211,298,1509,20
2022-06-07,Tulare,107,460477,109622,109091,30515,139606,1494
2022-06-07,Tuolumne,109,53932,13435,13335,659,13994,189
2022-06-07,Ventura,111,848112,184083,182847,11016,193863,1506
2022-06-07,Yolo,113,214977,40729,39962,3656,43618,321
2022-06-07,Yuba,115,75493,16690,16558,1411,17969,122
2022-06-06,Alameda,001,1643700,292131,289661,16766,306427,1873
2022-06-06,Alpine,003,1148,129,128,1,129,0
2022-06-06,Amador,005,37829,8954,8818,714,9532,87
2022-06-06,Butte,007,227075,34628,34380,7247,41627,427
2022-06-06,Calaveras,009,45235,7614,7564,413,7977,122
2022-06-06,Colusa,011,21464,3510,3495,1113,4608,21
2022-06-06,Contra Costa,013,1133247,211439,209384,15859,225243,1310
2022-06-06,Del Norte,015,27424,6251,6229,281,6510,52
2022-06-06,El Dorado,017,186661,28653,28478,3545,32023,215
2022-06-06,Fresno,019,978130,240319,239376,25366,264742,2766
2022-06-06,Glenn,021,27897,5111,5095,1661,6756,48
2022-06-06,Humboldt,023,135768,18712,18598,3663,22261,147
2022-06-06,Imperial,025,180216,57155,56912,11373,68285,941
2022-06-06,Inyo,027,18085,4201,4189,601,4790,56
2022-06-06,Kern,029,883053,197590,196763,48971,245734,2338
2022-06-06,Kings,031,150075,52960,52821,3730,56551,447
2022-06-06,Lake,033,64148,11212,11158,976,12134,137
2022-06-06,Lassen,035,31185,9160,9148,923,10071,64
2022-06-06,Los Angeles,037,10098052,2882364,2865901,138270,3004171,31920
2022-06-06,Madera,039,155013,38596,38408,6528,44936,372
2022-06-06,Marin,041,260295,38624,38338,4308,42646,294
2022-06-06,Mariposa,043,17540,2627,2614,244,2858,30
2022-06-06,Mendocino,045,87422,13967,13859,3575,17434,127
2022-06-06,Merced,047,269075,64376,64080,9405,73485,825
2022-06-06,Modoc,049,8938,764,761,262,1023,8
2022-06-06,Mono,051,14174,3052,3044,170,3214,6
2022-06-06,Monterey,053,433212,83594,83063,16345,99408,740
2022-06-06,Napa,055,140530,28282,27996,1211,29207,143
2022-06-06,Nevada,057,99092,17020,16907,1375,18282,127
2022-06-06,Orange,059,3164182,581410,578530,47259,625789,7044
2022-06-06,Placer,061,380077,67404,66951,8088,75039,627
2022-06-06,Plumas,063,18699,3177,3150,390,3540,13
2022-06-06,Riverside,065,2383286,616027,613469,30164,643633,6480
2022-06-06,Sacramento,067,1510023,302672,300875,30388,331263,3054
2022-06-06,San Benito,069,59416,13797,13734,633,14367,99
2022-06-06,San Bernardino,071,2135413,589495,585029,26339,611368,7685
2022-06-06,San Diego,073,3302833,802896,800840,58049,858889,5308
2022-06-06,San Francisco,075,870044,149319,147960,10004,157964,885
2022-06-06,San Joaquin,077,732212,174883,173887,11539,185426,2241
2022-06-06,San Luis Obispo,079,281455,56178,55822,4966,60788,484
2022-06-06,San Mateo,081,765935,141690,140569,8993,149562,710
2022-06-06,Santa Barbara,083,443738,92183,91747,5318,97065,693
2022-06-06,Santa Clara,085,1922200,359956,356452,15586,372038,2321
2022-06-06,Santa Cruz,087,273765,53296,52753,2604,55357,264
2022-06-06,Shasta,089,179085,31520,31394,6345,37739,565
2022-06-06,Sierra,091,2930,279,278,56,334,4
2022-06-06,Siskiyou,093,43540,4630,4609,2913,7522,81
2022-06-06,Solano,095,438530,89629,88522,6311,94833,453
2022-06-06,Sonoma,097,501317,93337,92644,3911,96555,491
2022-06-06,Stanislaus,099,539301,122329,121787,18491,140278,1662
2022-06-06,Sutter,101,95872,21304,21256,2282,23538,227
2022-06-06,Tehama,103,63373,12350,12306,2727,15033,205
2022-06-06,Trinity,105,12862,1212,1211,298,1509,20
2022-06-06,Tulare,107,460477,109486,109091,30454,139545,1494
2022-06-06,Tuolumne,109,53932,13416,13335,657,13992,189
2022-06-06,Ventura,111,848112,183778,182847,10985,193832,1506
2022-06-06,Yolo,113,214977,40581,39962,3641,43603,321
2022-06-06,Yuba,115,75493,16646,16558,1403,17961,122
2022-06-05,Alameda,001,1643700,291083,285785,16709,302494,1873
2022-06-05,Alpine,003,1148,128,128,1,129,0
2022-06-05,Amador,005,37829,8917,8775,714,9489,87
2022-06-05,Butte,007,227075,34548,34129,7228,41357,427
2022-06-05,Calaveras,009,45235,7598,7525,408,7933,121
2022-06-05,Colusa,011,21464,3503,3484,1113,4597,21
2022-06-05,Contra Costa,013,1133247,210731,206711,15765,222476,1310
2022-06-05,Del Norte,015,27424,6241,6206,277,6483,52
2022-06-05,El Dorado,017,186661,28577,28241,3544,31785,214
2022-06-05,Fresno,019,978130,239857,237945,25280,263225,2766
2022-06-05,Glenn,021,27897,5105,5063,1661,6724,48
2022-06-05,Humboldt,023,135768,18662,18433,3644,22077,147
2022-06-05,Imperial,025,180216,57062,56690,11324,68014,941
2022-06-05,Inyo,027,18085,4197,4176,597,4773,56
2022-06-05,Kern,029,883053,197281,195863,48853,244716,2338
2022-06-05,Kings,031,150075,52886,52597,3723,56320,447
2022-06-05,Lake,033,64148,11193,11064,973,12037,137
2022-06-05,Lassen,035,31185,9152,9106,918,10024,64
2022-06-05,Los Angeles,037,10098052,2876519,2846989,137773,2984762,31899
2022-06-05,Madera,039,155013,38535,38188,6517,44705,372
2022-06-05,Marin,041,260295,38511,37879,4272,42151,294
2022-06-05,Mariposa,043,17540,2625,2557,243,2800,30
2022-06-05,Mendocino,045,87422,13932,13738,3533,17271,125
2022-06-05,Merced,047,269075,64284,63756,9393,73149,825
2022-06-05,Modoc,049,8938,763,759,262,1021,8
2022-06-05,Mono,051,14174,3049,3037,168,3205,6
2022-06-05,Monterey,053,433212,83430,82451,16262,98713,738
2022-06-05,Napa,055,140530,28153,27686,1201,28887,143
2022-06-05,Nevada,057,99092,16977,16728,1365,18093,127
2022-06-05,Orange,059,3164182,580143,574146,47067,621213,7038
2022-06-05,Placer,061,380077,67263,66428,8077,74505,627
2022-06-05,Plumas,063,18699,3169,3138,390,3528,13
2022-06-05,Riverside,065,2383286,615092,610369,30102,640471,6481
2022-06-05,Sacramento,067,1510023,301759,297787,30240,328027,3052
2022-06-05,San Benito,069,59416,13751,13572,627,14199,99
2022-06-05,San Bernardino,071,2135413,588523,582305,26301,608606,7664
2022-06-05,San Diego,073,3302833,800997,794822,57864,852686,5303
2022-06-05,San Francisco,075,870044,148725,145876,9947,155823,881
2022-06-05,San Joaquin,077,732212,174453,172621,11504,184125,2242
2022-06-05,San Luis Obispo,079,281455,56017,55333,4903,60236,484
2022-06-05,San Mateo,081,765935,141174,138536,8954,147490,710
2022-06-05,Santa Barbara,083,443738,91991,90911,5305,96216,693
2022-06-05,Santa Clara,085,1922200,358548,351492,15503,366995,2317
2022-06-05,Santa Cruz,087,273765,53104,52333,2590,54923,263
2022-06-05,Shasta,089,179085,31481,31272,6334,37606,565
2022-06-05,Sierra,091,2930,279,278,56,334,4
2022-06-05,Siskiyou,093,43540,4625,4591,2901,7492,81
2022-06-05,Solano,095,438530,89290,87571,6303,93874,452
2022-06-05,Sonoma,097,501317,93058,91518,3882,95400,491
2022-06-05,Stanislaus,099,539301,122129,121001,18458,139459,1661
2022-06-05,Sutter,101,95872,21272,21125,2278,23403,227
2022-06-05,Tehama,103,63373,12332,12262,2724,14986,204
2022-06-05,Trinity,105,12862,1212,1204,298,1502,20
2022-06-05,Tulare,107,460477,109292,108598,30372,138970,1490
2022-06-05,Tuolumne,109,53932,13387,13251,644,13895,189
2022-06-05,Ventura,111,848112,183424,181709,10961,192670,1505
2022-06-05,Yolo,113,214977,40458,39561,3629,43190,321
2022-06-05,Yuba,115,75493,16606,16467,1395,17862,122
2022-06-04,Alameda,001,1643700,290587,285785,16684,302469,1873
2022-06-04,Alpine,003,1148,128,128,1,129,0
2022-06-04,Amador,005,37829,8908,8775,712,9487,87
2022-06-04,Butte,007,227075,34507,34129,7224,41353,427
2022-06-04,Calaveras,009,45235,7584,7525,407,7932,121
2022-06-04,Colusa,011,21464,3500,3484,1108,4592,21
2022-06-04,Contra Costa,013,1133247,210344,206711,15738,222449,1310
2022-06-04,Del Norte,015,27424,6239,6206,277,6483,52
2022-06-04,El Dorado,017,186661,28538,28241,3541,31782,214
2022-06-04,Fresno,019,978130,239687,237945,25265,263210,2766
2022-06-04,Glenn,021,27897,5101,5063,1660,6723,48
2022-06-04,Humboldt,023,135768,18641,18433,3639,22072,147
2022-06-04,Imperial,025,180216,57011,56690,11312,68002,941
2022-06-04,Inyo,027,18085,4197,4176,596,4772,56
2022-06-04,Kern,029,883053,197161,195863,48786,244649,2338
2022-06-04,Kings,031,150075,52843,52597,3723,56320,447
2022-06-04,Lake,033,64148,11178,11064,966,12030,137
2022-06-04,Lassen,035,31185,9147,9106,917,10023,64
2022-06-04,Los Angeles,037,10098052,2874213,2846989,137508,2984497,31899
2022-06-04,Madera,039,155013,38500,38188,6513,44701,372
2022-06-04,Marin,041,260295,38434,37879,4231,42110,294
2022-06-04,Mariposa,043,17540,2622,2557,243,2800,30
2022-06-04,Mendocino,045,87422,13919,13738,3532,17270,125
2022-06-04,Merced,047,269075,64236,63756,9387,73143,825
2022-06-04,Modoc,049,8938,762,759,261,1020,8
2022-06-04,Mono,051,14174,3049,3037,168,3205,6
2022-06-04,Monterey,053,433212,83345,82451,16231,98682,738
2022-06-04,Napa,055,140530,28110,27686,1199,28885,143
2022-06-04,Nevada,057,99092,16964,16728,1363,18091,127
2022-06-04,Orange,059,3164182,579502,574146,46936,621082,7038
2022-06-04,Placer,061,380077,67181,66428,8071,74499,627
2022-06-04,Plumas,063,18699,3165,3138,389,3527,13
2022-06-04,Riverside,065,2383286,614560,610369,30074,640443,6481
2022-06-04,Sacramento,067,1510023,301400,297787,30212,327999,3052
2022-06-04,San Benito,069,59416,13725,13572,625,14197,99
2022-06-04,San Bernardino,071,2135413,588081,582305,26278,608583,7664
2022-06-04,San Diego,073,3302833,800280,794822,57821,852643,5303
2022-06-04,San Francisco,075,870044,148389,145876,9923,155799,881
2022-06-04,San Joaquin,077,732212,174308,172621,11480,184101,2242
2022-06-04,San Luis Obispo,079,281455,55979,55333,4897,60230,484
2022-06-04,San Mateo,081,765935,140868,138536,8934,147470,710
2022-06-04,Santa Barbara,083,443738,91892,90911,5300,96211,693
2022-06-04,Santa Clara,085,1922200,357669,351492,15467,366959,2317
2022-06-04,Santa Cruz,087,273765,53020,52333,2582,54915,263
2022-06-04,Shasta,089,179085,31456,31272,6331,37603,565
2022-06-04,Sierra,091,2930,279,278,56,334,4
2022-06-04,Siskiyou,093,43540,4622,4591,2895,7486,81
2022-06-04,Solano,095,438530,89208,87571,6290,93861,452
2022-06-04,Sonoma,097,501317,92908,91518,3870,95388,491
2022-06-04,Stanislaus,099,539301,121991,121001,18445,139446,1661
2022-06-04,Sutter,101,95872,21246,21125,2274,23399,227
2022-06-04,Tehama,103,63373,12318,12262,2723,14985,204
2022-06-04,Trinity,105,12862,1212,1204,298,1502,20
2022-06-04,Tulare,107,460477,109225,108598,30329,138927,1490
2022-06-04,Tuolumne,109,53932,13377,13251,640,13891,189
2022-06-04,Ventura,111,848112,183242,181709,10948,192657,1505
2022-06-04,Yolo,113,214977,40390,39561,3625,43186,321
2022-06-04,Yuba,115,75493,16590,16467,1391,17858,122
2022-06-03,Alameda,001,1643700,290057,285785,16649,302434,1873
2022-06-03,Alpine,003,1148,128,128,1,129,0
2022-06-03,Amador,005,37829,8903,8775,710,9485,87
2022-06-03,Butte,007,227075,34456,34129,7212,41341,427
2022-06-03,Calaveras,009,45235,7579,7525,407,7932,121
2022-06-03,Colusa,011,21464,3500,3484,1106,4590,21
2022-06-03,Contra Costa,013,1133247,210029,206711,15706,222417,1310
2022-06-03,Del Norte,015,27424,6235,6206,274,6480,52
2022-06-03,El Dorado,017,186661,28509,28241,3538,31779,214
2022-06-03,Fresno,019,978130,239465,237945,25242,263187,2766
2022-06-03,Glenn,021,27897,5095,5063,1657,6720,48
2022-06-03,Humboldt,023,135768,18621,18433,3633,22066,147
2022-06-03,Imperial,025,180216,56966,56690,11300,67990,941
2022-06-03,Inyo,027,18085,4196,4176,596,4772,56
2022-06-03,Kern,029,883053,197023,195863,48716,244579,2338
2022-06-03,Kings,031,150075,52819,52597,3723,56320,447
2022-06-03,Lake,033,64148,11167,11064,963,12027,137
2022-06-03,Lassen,035,31185,9142,9106,917,10023,64
2022-06-03,Los Angeles,037,10098052,2871405,2846989,137236,2984225,31899
2022-06-03,Madera,039,155013,38456,38188,6507,44695,372
2022-06-03,Marin,041,260295,38364,37879,4195,42074,294
2022-06-03,Mariposa,043,17540,2618,2557,243,2800,30
2022-06-03,Mendocino,045,87422,13897,13738,3531,17269,125
2022-06-03,Merced,047,269075,64181,63756,9383,73139,825
2022-06-03,Modoc,049,8938,762,759,261,1020,8
2022-06-03,Mono,051,14174,3046,3037,168,3205,6
2022-06-03,Monterey,053,433212,83246,82451,16179,98630,738
2022-06-03,Napa,055,140530,28060,27686,1192,28878,143
2022-06-03,Nevada,057,99092,16943,16728,1362,18090,127
2022-06-03,Orange,059,3164182,578807,574146,46821,620967,7038
2022-06-03,Placer,061,380077,67099,66428,8056,74484,627
2022-06-03,Plumas,063,18699,3163,3138,388,3526,13
2022-06-03,Riverside,065,2383286,614037,610369,30040,640409,6481
2022-06-03,Sacramento,067,1510023,300933,297787,30174,327961,3052
2022-06-03,San Benito,069,59416,13711,13572,620,14192,99
2022-06-03,San Bernardino,071,2135413,587632,582305,26246,608551,7664
2022-06-03,San Diego,073,3302833,799328,794822,57705,852527,5303
2022-06-03,San Francisco,075,870044,148023,145876,9890,155766,881
2022-06-03,San Joaquin,077,732212,174148,172621,11465,184086,2242
2022-06-03,San Luis Obispo,079,281455,55935,55333,4890,60223,484
2022-06-03,San Mateo,081,765935,140582,138536,8921,147457,710
2022-06-03,Santa Barbara,083,443738,91773,90911,5298,96209,693
2022-06-03,Santa Clara,085,1922200,356768,351492,15420,366912,2317
2022-06-03,Santa Cruz,087,273765,52888,52333,2566,54899,263
2022-06-03,Shasta,089,179085,31444,31272,6330,37602,565
2022-06-03,Sierra,091,2930,279,278,56,334,4
2022-06-03,Siskiyou,093,43540,4618,4591,2894,7485,81
2022-06-03,Solano,095,438530,89094,87571,6281,93852,452
2022-06-03,Sonoma,097,501317,92765,91518,3859,95377,491
2022-06-03,Stanislaus,099,539301,121882,121001,18429,139430,1661
2022-06-03,Sutter,101,95872,21223,21125,2273,23398,227
2022-06-03,Tehama,103,63373,12312,12262,2722,14984,204
2022-06-03,Trinity,105,12862,1210,1204,298,1502,20
2022-06-03,Tulare,107,460477,109157,108598,30289,138887,1490
2022-06-03,Tuolumne,109,53932,13366,13251,637,13888,189
2022-06-03,Ventura,111,848112,183056,181709,10921,192630,1505
2022-06-03,Yolo,113,214977,40336,39561,3610,43171,321
2022-06-03,Yuba,115,75493,16565,16467,1389,17856,122
2022-06-02,Alameda,001,1643700,289155,285785,16572,302357,1873
2022-06-02,Alpine,003,1148,128,128,1,129,0
2022-06-02,Amador,005,37829,8880,8775,708,9483,87
2022-06-02,Butte,007,227075,34380,34129,7193,41322,427
2022-06-02,Calaveras,009,45235,7566,7525,406,7931,121
2022-06-02,Colusa,011,21464,3498,3484,1106,4590,21
2022-06-02,Contra Costa,013,1133247,209439,206711,15611,222322,1310
2022-06-02,Del Norte,015,27424,6226,6206,272,6478,52
2022-06-02,El Dorado,017,186661,28443,28241,3524,31765,214
2022-06-02,Fresno,019,978130,239125,237945,25183,263128,2766
2022-06-02,Glenn,021,27897,5089,5063,1652,6715,48
2022-06-02,Humboldt,023,135768,18580,18433,3611,22044,147
2022-06-02,Imperial,025,180216,56909,56690,11285,67975,941
2022-06-02,Inyo,027,18085,4196,4176,593,4769,56
2022-06-02,Kern,029,883053,196741,195863,48605,244468,2338
2022-06-02,Kings,031,150075,52766,52597,3717,56314,447
2022-06-02,Lake,033,64148,11145,11064,961,12025,137
2022-06-02,Lassen,035,31185,9131,9106,917,10023,64
2022-06-02,Los Angeles,037,10098052,2866580,2846989,136823,2983812,31899
2022-06-02,Madera,039,155013,38403,38188,6493,44681,372
2022-06-02,Marin,041,260295,38265,37879,4167,42046,294
2022-06-02,Mariposa,043,17540,2613,2557,241,2798,30
2022-06-02,Mendocino,045,87422,13868,13738,3523,17261,125
2022-06-02,Merced,047,269075,64104,63756,9374,73130,825
2022-06-02,Modoc,049,8938,761,759,261,1020,8
2022-06-02,Mono,051,14174,3046,3037,167,3204,6
2022-06-02,Monterey,053,433212,83098,82451,16111,98562,738
2022-06-02,Napa,055,140530,27984,27686,1188,28874,143
2022-06-02,Nevada,057,99092,16906,16728,1359,18087,127
2022-06-02,Orange,059,3164182,577774,574146,46665,620811,7038
2022-06-02,Placer,061,380077,66980,66428,8044,74472,627
2022-06-02,Plumas,063,18699,3154,3138,388,3526,13
2022-06-02,Riverside,065,2383286,613357,610369,29977,640346,6481
2022-06-02,Sacramento,067,1510023,300301,297787,30064,327851,3052
2022-06-02,San Benito,069,59416,13679,13572,617,14189,99
2022-06-02,San Bernardino,071,2135413,586961,582305,26196,608501,7664
2022-06-02,San Diego,073,3302833,797963,794822,57543,852365,5303
2022-06-02,San Francisco,075,870044,147599,145876,9834,155710,881
2022-06-02,San Joaquin,077,732212,173838,172621,11439,184060,2242
2022-06-02,San Luis Obispo,079,281455,55804,55333,4853,60186,484
2022-06-02,San Mateo,081,765935,140203,138536,8864,147400,710
2022-06-02,Santa Barbara,083,443738,91600,90911,5281,96192,693
2022-06-02,Santa Clara,085,1922200,355670,351492,15299,366791,2317
2022-06-02,Santa Cruz,087,273765,52773,52333,2552,54885,263
2022-06-02,Shasta,089,179085,31414,31272,6322,37594,565
2022-06-02,Sierra,091,2930,279,278,56,334,4
2022-06-02,Siskiyou,093,43540,4611,4591,2884,7475,81
2022-06-02,Solano,095,438530,88811,87571,6270,93841,452
2022-06-02,Sonoma,097,501317,92542,91518,3831,95349,491
2022-06-02,Stanislaus,099,539301,121722,121001,18402,139403,1661
2022-06-02,Sutter,101,95872,21195,21125,2267,23392,227
2022-06-02,Tehama,103,63373,12301,12262,2715,14977,204
2022-06-02,Trinity,105,12862,1208,1204,298,1502,20
2022-06-02,Tulare,107,460477,109034,108598,30213,138811,1490
2022-06-02,Tuolumne,109,53932,13347,13251,634,13885,189
2022-06-02,Ventura,111,848112,182784,181709,10883,192592,1505
2022-06-02,Yolo,113,214977,40255,39561,3600,43161,321
2022-06-02,Yuba,115,75493,16544,16467,1382,17849,122
2022-06-01,Alameda,001,1643700,288151,284051,16493,300544,1868
2022-06-01,Alpine,003,1148,128,128,1,129,0
2022-06-01,Amador,005,37829,8875,8741,706,9447,87
2022-06-01,Butte,007,227075,34311,34059,7178,41237,427
2022-06-01,Calaveras,009,45235,7561,7502,403,7905,120
2022-06-01,Colusa,011,21464,3495,3476,1106,4582,21
2022-06-01,Contra Costa,013,1133247,208800,205699,15525,221224,1310
2022-06-01,Del Norte,015,27424,6218,6188,269,6457,51
2022-06-01,El Dorado,017,186661,28382,28133,3506,31639,214
2022-06-01,Fresno,019,978130,238771,237367,25133,262500,2765
2022-06-01,Glenn,021,27897,5084,5059,1652,6711,48
2022-06-01,Humboldt,023,135768,18537,18371,3587,21958,147
2022-06-01,Imperial,025,180216,56842,56445,11255,67700,938
2022-06-01,Inyo,027,18085,4192,4171,587,4758,56
2022-06-01,Kern,029,883053,196516,195438,48522,243960,2336
2022-06-01,Kings,031,150075,52710,52491,3711,56202,447
2022-06-01,Lake,033,64148,11124,11024,956,11980,137
2022-06-01,Lassen,035,31185,9118,9083,915,9998,64
2022-06-01,Los Angeles,037,10098052,2861287,2836856,136406,2973262,31882
2022-06-01,Madera,039,155013,38365,38115,6481,44596,372
2022-06-01,Marin,041,260295,38153,37654,4127,41781,293
2022-06-01,Mariposa,043,17540,2598,2549,240,2789,30
2022-06-01,Mendocino,045,87422,13842,13692,3506,17198,125
2022-06-01,Merced,047,269075,64028,63637,9354,72991,824
2022-06-01,Modoc,049,8938,760,755,259,1014,8
2022-06-01,Mono,051,14174,3044,3035,166,3201,6
2022-06-01,Monterey,053,433212,82942,82215,16050,98265,737
2022-06-01,Napa,055,140530,27907,27580,1179,28759,143
2022-06-01,Nevada,057,99092,16867,16693,1348,18041,127
2022-06-01,Orange,059,3164182,576520,571973,46504,618477,7032
2022-06-01,Placer,061,380077,66840,66199,8029,74228,627
2022-06-01,Plumas,063,18699,3147,3117,387,3504,13
2022-06-01,Riverside,065,2383286,612626,608913,29928,638841,6480
2022-06-01,Sacramento,067,1510023,299556,296457,29952,326409,3045
2022-06-01,San Benito,069,59416,13641,13510,606,14116,98
2022-06-01,San Bernardino,071,2135413,586264,580767,26150,606917,7641
2022-06-01,San Diego,073,3302833,796266,791557,57343,848900,5292
2022-06-01,San Francisco,075,870044,147085,144476,9791,154267,879
2022-06-01,San Joaquin,077,732212,173542,172170,11407,183577,2241
2022-06-01,San Luis Obispo,079,281455,55639,55099,4813,59912,482
2022-06-01,San Mateo,081,765935,139723,137566,8785,146351,710
2022-06-01,Santa Barbara,083,443738,91418,90531,5264,95795,693
2022-06-01,Santa Clara,085,1922200,354508,348742,15216,363958,2317
2022-06-01,Santa Cruz,087,273765,52663,52141,2541,54682,263
2022-06-01,Shasta,089,179085,31383,31247,6318,37565,564
2022-06-01,Sierra,091,2930,279,280,56,336,4
2022-06-01,Siskiyou,093,43540,4606,4574,2877,7451,81
2022-06-01,Solano,095,438530,88578,87206,6239,93445,452
2022-06-01,Sonoma,097,501317,92294,91174,3805,94979,491
2022-06-01,Stanislaus,099,539301,121532,120778,18383,139161,1656
2022-06-01,Sutter,101,95872,21164,21065,2262,23327,227
2022-06-01,Tehama,103,63373,12294,12245,2711,14956,204
2022-06-01,Trinity,105,12862,1207,1200,297,1497,20
2022-06-01,Tulare,107,460477,108919,108401,30149,138550,1490
2022-06-01,Tuolumne,109,53932,13333,13221,633,13854,189
2022-06-01,Ventura,111,848112,182503,181163,10849,192012,1503
2022-06-01,Yolo,113,214977,40197,39371,3587,42958,320
2022-06-01,Yuba,115,75493,16520,16406,1374,17780,122
2022-05-31,Alameda,001,1643700,287059,284051,16426,300477,1868
2022-05-31,Alpine,003,1148,128,128,1,129,0
2022-05-31,Amador,005,37829,8857,8741,700,9441,87
2022-05-31,Butte,007,227075,34246,34059,7156,41215,427
2022-05-31,Calaveras,009,45235,7550,7502,403,7905,120
2022-05-31,Colusa,011,21464,3490,3476,1105,4581,21
2022-05-31,Contra Costa,013,1133247,208053,205699,15430,221129,1310
2022-05-31,Del Norte,015,27424,6210,6188,267,6455,51
2022-05-31,El Dorado,017,186661,28319,28133,3485,31618,214
2022-05-31,Fresno,019,978130,238370,237367,25070,262437,2765
2022-05-31,Glenn,021,27897,5076,5059,1650,6709,48
2022-05-31,Humboldt,023,135768,18507,18371,3561,21932,147
2022-05-31,Imperial,025,180216,56778,56445,11230,67675,938
2022-05-31,Inyo,027,18085,4186,4171,585,4756,56
2022-05-31,Kern,029,883053,196272,195438,48427,243865,2336
2022-05-31,Kings,031,150075,52659,52491,3704,56195,447
2022-05-31,Lake,033,64148,11105,11024,952,11976,137
2022-05-31,Lassen,035,31185,9106,9083,914,9997,64
2022-05-31,Los Angeles,037,10098052,2855335,2836856,135960,2972816,31882
2022-05-31,Madera,039,155013,38301,38115,6459,44574,372
2022-05-31,Marin,041,260295,38016,37654,4088,41742,293
2022-05-31,Mariposa,043,17540,2593,2549,235,2784,30
2022-05-31,Mendocino,045,87422,13807,13692,3489,17181,125
2022-05-31,Merced,047,269075,63944,63637,9328,72965,824
2022-05-31,Modoc,049,8938,758,755,259,1014,8
2022-05-31,Mono,051,14174,3040,3035,165,3200,6
2022-05-31,Monterey,053,433212,82784,82215,15982,98197,737
2022-05-31,Napa,055,140530,27815,27580,1174,28754,143
2022-05-31,Nevada,057,99092,16821,16693,1344,18037,127
2022-05-31,Orange,059,3164182,575283,571973,46309,618282,7032
2022-05-31,Placer,061,380077,66682,66199,8011,74210,627
2022-05-31,Plumas,063,18699,3144,3117,386,3503,13
2022-05-31,Riverside,065,2383286,611718,608913,29859,638772,6480
2022-05-31,Sacramento,067,1510023,298695,296457,29800,326257,3045
2022-05-31,San Benito,069,59416,13585,13510,600,14110,98
2022-05-31,San Bernardino,071,2135413,585390,580767,26113,606880,7641
2022-05-31,San Diego,073,3302833,794392,791557,57146,848703,5292
2022-05-31,San Francisco,075,870044,146441,144476,9750,154226,879
2022-05-31,San Joaquin,077,732212,173164,172170,11365,183535,2241
2022-05-31,San Luis Obispo,079,281455,55488,55099,4732,59831,482
2022-05-31,San Mateo,081,765935,139166,137566,8738,146304,710
2022-05-31,Santa Barbara,083,443738,91194,90531,5240,95771,693
2022-05-31,Santa Clara,085,1922200,353009,348742,15138,363880,2317
2022-05-31,Santa Cruz,087,273765,52547,52141,2517,54658,263
2022-05-31,Shasta,089,179085,31346,31247,6307,37554,564
2022-05-31,Sierra,091,2930,278,280,55,335,4
2022-05-31,Siskiyou,093,43540,4601,4574,2870,7444,81
2022-05-31,Solano,095,438530,88248,87206,6216,93422,452
2022-05-31,Sonoma,097,501317,92006,91174,3766,94940,491
2022-05-31,Stanislaus,099,539301,121326,120778,18359,139137,1656
2022-05-31,Sutter,101,95872,21135,21065,2256,23321,227
2022-05-31,Tehama,103,63373,12285,12245,2706,14951,204
2022-05-31,Trinity,105,12862,1206,1200,297,1497,20
2022-05-31,Tulare,107,460477,108781,108401,30084,138485,1490
2022-05-31,Tuolumne,109,53932,13317,13221,630,13851,189
2022-05-31,Ventura,111,848112,182182,181163,10798,191961,1503
2022-05-31,Yolo,113,214977,40070,39371,3574,42945,320
2022-05-31,Yuba,115,75493,16487,16406,1367,17773,122
2022-05-30,Alameda,001,1643700,285684,284051,16307,300358,1868
2022-05-30,Alpine,003,1148,128,128,1,129,0
2022-05-30,Amador,005,37829,8842,8741,699,9440,87
2022-05-30,Butte,007,227075,34170,34059,7133,41192,427
2022-05-30,Calaveras,009,45235,7541,7502,403,7905,120
2022-05-30,Colusa,011,21464,3488,3476,1104,4580,21
2022-05-30,Contra Costa,013,1133247,207209,205699,15280,220979,1310
2022-05-30,Del Norte,015,27424,6195,6188,266,6454,51
2022-05-30,El Dorado,017,186661,28242,28133,3468,31601,214
2022-05-30,Fresno,019,978130,237903,237367,24996,262363,2765
2022-05-30,Glenn,021,27897,5071,5059,1647,6706,48
2022-05-30,Humboldt,023,135768,18453,18371,3529,21900,147
2022-05-30,Imperial,025,180216,56695,56445,11197,67642,938
2022-05-30,Inyo,027,18085,4181,4171,584,4755,56
2022-05-30,Kern,029,883053,195987,195438,48310,243748,2336
2022-05-30,Kings,031,150075,52562,52491,3704,56195,447
2022-05-30,Lake,033,64148,11076,11024,943,11967,137
2022-05-30,Lassen,035,31185,9092,9083,910,9993,64
2022-05-30,Los Angeles,037,10098052,2848093,2836856,135458,2972314,31882
2022-05-30,Madera,039,155013,38246,38115,6421,44536,372
2022-05-30,Marin,041,260295,37891,37654,4046,41700,293
2022-05-30,Mariposa,043,17540,2570,2549,231,2780,30
2022-05-30,Mendocino,045,87422,13759,13692,3471,17163,125
2022-05-30,Merced,047,269075,63850,63637,9288,72925,824
2022-05-30,Modoc,049,8938,755,755,257,1012,8
2022-05-30,Mono,051,14174,3037,3035,165,3200,6
2022-05-30,Monterey,053,433212,82596,82215,15891,98106,737
2022-05-30,Napa,055,140530,27738,27580,1166,28746,143
2022-05-30,Nevada,057,99092,16773,16693,1339,18032,127
2022-05-30,Orange,059,3164182,573813,571973,46088,618061,7032
2022-05-30,Placer,061,380077,66542,66199,7989,74188,627
2022-05-30,Plumas,063,18699,3138,3117,383,3500,13
2022-05-30,Riverside,065,2383286,610710,608913,29770,638683,6480
2022-05-30,Sacramento,067,1510023,297743,296457,29632,326089,3045
2022-05-30,San Benito,069,59416,13524,13510,593,14103,98
2022-05-30,San Bernardino,071,2135413,584406,580767,26071,606838,7641
2022-05-30,San Diego,073,3302833,792114,791557,56849,848406,5292
2022-05-30,San Francisco,075,870044,145779,144476,9697,154173,879
2022-05-30,San Joaquin,077,732212,172769,172170,11320,183490,2241
2022-05-30,San Luis Obispo,079,281455,55285,55099,4651,59750,482
2022-05-30,San Mateo,081,765935,138490,137566,8684,146250,710
2022-05-30,Santa Barbara,083,443738,90938,90531,5202,95733,693
2022-05-30,Santa Clara,085,1922200,351451,348742,15046,363788,2317
2022-05-30,Santa Cruz,087,273765,52408,52141,2505,54646,263
2022-05-30,Shasta,089,179085,31308,31247,6299,37546,564
2022-05-30,Sierra,091,2930,278,280,55,335,4
2022-05-30,Siskiyou,093,43540,4592,4574,2858,7432,81
2022-05-30,Solano,095,438530,87906,87206,6158,93364,452
2022-05-30,Sonoma,097,501317,91722,91174,3719,94893,491
2022-05-30,Stanislaus,099,539301,121135,120778,18328,139106,1656
2022-05-30,Sutter,101,95872,21096,21065,2250,23315,227
2022-05-30,Tehama,103,63373,12269,12245,2702,14947,204
2022-05-30,Trinity,105,12862,1205,1200,297,1497,20
2022-05-30,Tulare,107,460477,108620,108401,29984,138385,1490
2022-05-30,Tuolumne,109,53932,13293,13221,627,13848,189
2022-05-30,Ventura,111,848112,181808,181163,10746,191909,1503
2022-05-30,Yolo,113,214977,39944,39371,3561,42932,320
2022-05-30,Yuba,115,75493,16459,16406,1363,17769,122
2022-05-29,Alameda,001,1643700,285203,280775,16281,297056,1863
2022-05-29,Alpine,003,1148,128,126,1,127,0
2022-05-29,Amador,005,37829,8836,8696,696,9392,86
2022-05-29,Butte,007,227075,34155,33876,7125,41001,426
2022-05-29,Calaveras,009,45235,7530,7469,403,7872,120
2022-05-29,Colusa,011,21464,3487,3474,1103,4577,21
2022-05-29,Contra Costa,013,1133247,206869,203528,15257,218785,1306
2022-05-29,Del Norte,015,27424,6193,6166,264,6430,51
2022-05-29,El Dorado,017,186661,28216,27898,3462,31360,214
2022-05-29,Fresno,019,978130,237775,236250,24978,261228,2764
2022-05-29,Glenn,021,27897,5066,5048,1647,6695,48
2022-05-29,Humboldt,023,135768,18432,18257,3518,21775,147
2022-05-29,Imperial,025,180216,56658,56323,11181,67504,939
2022-05-29,Inyo,027,18085,4180,4161,584,4745,56
2022-05-29,Kern,029,883053,195887,194687,48239,242926,2334
2022-05-29,Kings,031,150075,52536,52292,3703,55995,447
2022-05-29,Lake,033,64148,11067,10958,941,11899,137
2022-05-29,Lassen,035,31185,9088,9049,910,9959,64
2022-05-29,Los Angeles,037,10098052,2845932,2819145,135201,2954346,31862
2022-05-29,Madera,039,155013,38224,37955,6415,44370,371
2022-05-29,Marin,041,260295,37824,37215,4012,41227,293
2022-05-29,Mariposa,043,17540,2565,2526,231,2757,31
2022-05-29,Mendocino,045,87422,13739,13612,3470,17082,124
2022-05-29,Merced,047,269075,63830,63389,9286,72675,824
2022-05-29,Modoc,049,8938,755,751,257,1008,8
2022-05-29,Mono,051,14174,3036,3030,165,3195,6
2022-05-29,Monterey,053,433212,82532,81875,15848,97723,737
2022-05-29,Napa,055,140530,27711,27376,1164,28540,144
2022-05-29,Nevada,057,99092,16758,16568,1337,17905,127
2022-05-29,Orange,059,3164182,573230,568369,45913,614282,7028
2022-05-29,Placer,061,380077,66472,65672,7983,73655,626
2022-05-29,Plumas,063,18699,3131,3096,383,3479,13
2022-05-29,Riverside,065,2383286,610371,606444,29732,636176,6480
2022-05-29,Sacramento,067,1510023,297292,294000,29610,323610,3032
2022-05-29,San Benito,069,59416,13518,13402,591,13993,98
2022-05-29,San Bernardino,071,2135413,584120,578656,26055,604711,7610
2022-05-29,San Diego,073,3302833,791374,786243,56771,843014,5288
2022-05-29,San Francisco,075,870044,145348,142456,9686,152142,879
2022-05-29,San Joaquin,077,732212,172607,171282,11308,182590,2241
2022-05-29,San Luis Obispo,079,281455,55233,54701,4639,59340,481
2022-05-29,San Mateo,081,765935,138241,135746,8671,144417,710
2022-05-29,Santa Barbara,083,443738,90807,89940,5200,95140,693
2022-05-29,Santa Clara,085,1922200,350655,344223,15004,359227,2304
2022-05-29,Santa Cruz,087,273765,52332,51819,2498,54317,263
2022-05-29,Shasta,089,179085,31297,31165,6297,37462,564
2022-05-29,Sierra,091,2930,278,278,55,333,4
2022-05-29,Siskiyou,093,43540,4587,4537,2856,7393,81
2022-05-29,Solano,095,438530,87853,86565,6147,92712,452
2022-05-29,Sonoma,097,501317,91630,90364,3703,94067,490
2022-05-29,Stanislaus,099,539301,121036,120241,18310,138551,1657
2022-05-29,Sutter,101,95872,21076,20976,2250,23226,227
2022-05-29,Tehama,103,63373,12258,12210,2701,14911,204
2022-05-29,Trinity,105,12862,1204,1196,297,1493,20
2022-05-29,Tulare,107,460477,108540,108029,29935,137964,1484
2022-05-29,Tuolumne,109,53932,13278,13141,627,13768,189
2022-05-29,Ventura,111,848112,181667,179953,10736,190689,1503
2022-05-29,Yolo,113,214977,39896,39016,3557,42573,319
2022-05-29,Yuba,115,75493,16443,16314,1358,17672,122
2022-05-28,Alameda,001,1643700,284833,280775,16256,297031,1863
2022-05-28,Alpine,003,1148,128,126,1,127,0
2022-05-28,Amador,005,37829,8827,8696,696,9392,86
2022-05-28,Butte,007,227075,34135,33876,7109,40985,426
2022-05-28,Calaveras,009,45235,7526,7469,403,7872,120
2022-05-28,Colusa,011,21464,3482,3474,1102,4576,21
2022-05-28,Contra Costa,013,1133247,206605,203528,15242,218770,1306
2022-05-28,Del Norte,015,27424,6190,6166,264,6430,51
2022-05-28,El Dorado,017,186661,28186,27898,3461,31359,214
2022-05-28,Fresno,019,978130,237619,236250,24953,261203,2764
2022-05-28,Glenn,021,27897,5063,5048,1647,6695,48
2022-05-28,Humboldt,023,135768,18408,18257,3516,21773,147
2022-05-28,Imperial,025,180216,56632,56323,11170,67493,939
2022-05-28,Inyo,027,18085,4180,4161,581,4742,56
2022-05-28,Kern,029,883053,195785,194687,48186,242873,2334
2022-05-28,Kings,031,150075,52512,52292,3702,55994,447
2022-05-28,Lake,033,64148,11057,10958,940,11898,137
2022-05-28,Lassen,035,31185,9083,9049,910,9959,64
2022-05-28,Los Angeles,037,10098052,2843985,2819145,134937,2954082,31862
2022-05-28,Madera,039,155013,38207,37955,6415,44370,371
2022-05-28,Marin,041,260295,37759,37215,3981,41196,293
2022-05-28,Mariposa,043,17540,2561,2526,231,2757,31
2022-05-28,Mendocino,045,87422,13727,13612,3469,17081,124
2022-05-28,Merced,047,269075,63799,63389,9279,72668,824
2022-05-28,Modoc,049,8938,755,751,257,1008,8
2022-05-28,Mono,051,14174,3036,3030,164,3194,6
2022-05-28,Monterey,053,433212,82466,81875,15819,97694,737
2022-05-28,Napa,055,140530,27666,27376,1162,28538,144
2022-05-28,Nevada,057,99092,16747,16568,1335,17903,127
2022-05-28,Orange,059,3164182,572712,568369,45793,614162,7028
2022-05-28,Placer,061,380077,66398,65672,7970,73642,626
2022-05-28,Plumas,063,18699,3125,3096,382,3478,13
2022-05-28,Riverside,065,2383286,609997,606444,29707,636151,6480
2022-05-28,Sacramento,067,1510023,297016,294000,29593,323593,3032
2022-05-28,San Benito,069,59416,13503,13402,590,13992,98
2022-05-28,San Bernardino,071,2135413,583762,578656,26028,604684,7610
2022-05-28,San Diego,073,3302833,790717,786243,56728,842971,5288
2022-05-28,San Francisco,075,870044,145044,142456,9664,152120,879
2022-05-28,San Joaquin,077,732212,172503,171282,11297,182579,2241
2022-05-28,San Luis Obispo,079,281455,55198,54701,4634,59335,481
2022-05-28,San Mateo,081,765935,137967,135746,8648,144394,710
2022-05-28,Santa Barbara,083,443738,90706,89940,5191,95131,693
2022-05-28,Santa Clara,085,1922200,349869,344223,14976,359199,2304
2022-05-28,Santa Cruz,087,273765,52291,51819,2490,54309,263
2022-05-28,Shasta,089,179085,31286,31165,6292,37457,564
2022-05-28,Sierra,091,2930,278,278,54,332,4
2022-05-28,Siskiyou,093,43540,4579,4537,2851,7388,81
2022-05-28,Solano,095,438530,87781,86565,6138,92703,452
2022-05-28,Sonoma,097,501317,91489,90364,3692,94056,490
2022-05-28,Stanislaus,099,539301,120938,120241,18303,138544,1657
2022-05-28,Sutter,101,95872,21061,20976,2246,23222,227
2022-05-28,Tehama,103,63373,12246,12210,2697,14907,204
2022-05-28,Trinity,105,12862,1203,1196,297,1493,20
2022-05-28,Tulare,107,460477,108482,108029,29900,137929,1484
2022-05-28,Tuolumne,109,53932,13263,13141,626,13767,189
2022-05-28,Ventura,111,848112,181499,179953,10715,190668,1503
2022-05-28,Yolo,113,214977,39847,39016,3551,42567,319
2022-05-28,Yuba,115,75493,16429,16314,1356,17670,122
2022-05-27,Alameda,001,1643700,284367,280775,16228,297003,1863
2022-05-27,Alpine,003,1148,127,126,1,127,0
2022-05-27,Amador,005,37829,8822,8696,696,9392,86
2022-05-27,Butte,007,227075,34111,33876,7093,40969,426
2022-05-27,Calaveras,009,45235,7519,7469,403,7872,120
2022-05-27,Colusa,011,21464,3482,3474,1102,4576,21
2022-05-27,Contra Costa,013,1133247,206322,203528,15222,218750,1306
2022-05-27,Del Norte,015,27424,6184,6166,264,6430,51
2022-05-27,El Dorado,017,186661,28162,27898,3453,31351,214
2022-05-27,Fresno,019,978130,237449,236250,24931,261181,2764
2022-05-27,Glenn,021,27897,5061,5048,1647,6695,48
2022-05-27,Humboldt,023,135768,18398,18257,3511,21768,147
2022-05-27,Imperial,025,180216,56550,56323,11163,67486,939
2022-05-27,Inyo,027,18085,4178,4161,580,4741,56
2022-05-27,Kern,029,883053,195677,194687,48117,242804,2334
2022-05-27,Kings,031,150075,52484,52292,3699,55991,447
2022-05-27,Lake,033,64148,11051,10958,936,11894,137
2022-05-27,Lassen,035,31185,9079,9049,910,9959,64
2022-05-27,Los Angeles,037,10098052,2841671,2819145,134691,2953836,31862
2022-05-27,Madera,039,155013,38173,37955,6410,44365,371
2022-05-27,Marin,041,260295,37694,37215,3946,41161,293
2022-05-27,Mariposa,043,17540,2555,2526,231,2757,31
2022-05-27,Mendocino,045,87422,13711,13612,3466,17078,124
2022-05-27,Merced,047,269075,63756,63389,9273,72662,824
2022-05-27,Modoc,049,8938,755,751,257,1008,8
2022-05-27,Mono,051,14174,3035,3030,164,3194,6
2022-05-27,Monterey,053,433212,82407,81875,15780,97655,737
2022-05-27,Napa,055,140530,27634,27376,1158,28534,144
2022-05-27,Nevada,057,99092,16736,16568,1333,17901,127
2022-05-27,Orange,059,3164182,572153,568369,45676,614045,7028
2022-05-27,Placer,061,380077,66327,65672,7962,73634,626
2022-05-27,Plumas,063,18699,3122,3096,382,3478,13
2022-05-27,Riverside,065,2383286,609588,606444,29679,636123,6480
2022-05-27,Sacramento,067,1510023,296639,294000,29551,323551,3032
2022-05-27,San Benito,069,59416,13492,13402,590,13992,98
2022-05-27,San Bernardino,071,2135413,583434,578656,26013,604669,7610
2022-05-27,San Diego,073,3302833,789845,786243,56674,842917,5288
2022-05-27,San Francisco,075,870044,144711,142456,9622,152078,879
2022-05-27,San Joaquin,077,732212,172374,171282,11282,182564,2241
2022-05-27,San Luis Obispo,079,281455,55138,54701,4620,59321,481
2022-05-27,San Mateo,081,765935,137720,135746,8625,144371,710
2022-05-27,Santa Barbara,083,443738,90617,89940,5189,95129,693
2022-05-27,Santa Clara,085,1922200,349115,344223,14958,359181,2304
2022-05-27,Santa Cruz,087,273765,52237,51819,2481,54300,263
2022-05-27,Shasta,089,179085,31277,31165,6286,37451,564
2022-05-27,Sierra,091,2930,278,278,54,332,4
2022-05-27,Siskiyou,093,43540,4576,4537,2849,7386,81
2022-05-27,Solano,095,438530,87656,86565,6126,92691,452
2022-05-27,Sonoma,097,501317,91342,90364,3680,94044,490
2022-05-27,Stanislaus,099,539301,120854,120241,18289,138530,1657
2022-05-27,Sutter,101,95872,21044,20976,2245,23221,227
2022-05-27,Tehama,103,63373,12243,12210,2696,14906,204
2022-05-27,Trinity,105,12862,1203,1196,297,1493,20
2022-05-27,Tulare,107,460477,108415,108029,29859,137888,1484
2022-05-27,Tuolumne,109,53932,13253,13141,626,13767,189
2022-05-27,Ventura,111,848112,181321,179953,10694,190647,1503
2022-05-27,Yolo,113,214977,39784,39016,3545,42561,319
2022-05-27,Yuba,115,75493,16415,16314,1354,17668,122
2022-05-26,Alameda,001,1643700,283517,280775,16149,296924,1863
2022-05-26,Alpine,003,1148,127,126,1,127,0
2022-05-26,Amador,005,37829,8809,8696,696,9392,86
2022-05-26,Butte,007,227075,34058,33876,7072,40948,426
2022-05-26,Calaveras,009,45235,7509,7469,403,7872,120
2022-05-26,Colusa,011,21464,3479,3474,1098,4572,21
2022-05-26,Contra Costa,013,1133247,205848,203528,15182,218710,1306
2022-05-26,Del Norte,015,27424,6176,6166,260,6426,51
2022-05-26,El Dorado,017,186661,28113,27898,3443,31341,214
2022-05-26,Fresno,019,978130,237191,236250,24890,261140,2764
2022-05-26,Glenn,021,27897,5056,5048,1647,6695,48
2022-05-26,Humboldt,023,135768,18359,18257,3499,21756,147
2022-05-26,Imperial,025,180216,56518,56323,11148,67471,939
2022-05-26,Inyo,027,18085,4177,4161,577,4738,56
2022-05-26,Kern,029,883053,195512,194687,48040,242727,2334
2022-05-26,Kings,031,150075,52434,52292,3695,55987,447
2022-05-26,Lake,033,64148,11036,10958,936,11894,137
2022-05-26,Lassen,035,31185,9070,9049,910,9959,64
2022-05-26,Los Angeles,037,10098052,2837515,2819145,134364,2953509,31862
2022-05-26,Madera,039,155013,38131,37955,6408,44363,371
2022-05-26,Marin,041,260295,37600,37215,3907,41122,293
2022-05-26,Mariposa,043,17540,2550,2526,231,2757,31
2022-05-26,Mendocino,045,87422,13685,13612,3456,17068,124
2022-05-26,Merced,047,269075,63691,63389,9265,72654,824
2022-05-26,Modoc,049,8938,754,751,257,1008,8
2022-05-26,Mono,051,14174,3034,3030,163,3193,6
2022-05-26,Monterey,053,433212,82328,81875,15735,97610,737
2022-05-26,Napa,055,140530,27582,27376,1158,28534,144
2022-05-26,Nevada,057,99092,16705,16568,1329,17897,127
2022-05-26,Orange,059,3164182,571244,568369,45549,613918,7028
2022-05-26,Placer,061,380077,66191,65672,7952,73624,626
2022-05-26,Plumas,063,18699,3118,3096,381,3477,13
2022-05-26,Riverside,065,2383286,608977,606444,29626,636070,6480
2022-05-26,Sacramento,067,1510023,295986,294000,29458,323458,3032
2022-05-26,San Benito,069,59416,13477,13402,588,13990,98
2022-05-26,San Bernardino,071,2135413,582901,578656,25998,604654,7610
2022-05-26,San Diego,073,3302833,788541,786243,56559,842802,5288
2022-05-26,San Francisco,075,870044,144252,142456,9575,152031,879
2022-05-26,San Joaquin,077,732212,172155,171282,11259,182541,2241
2022-05-26,San Luis Obispo,079,281455,55042,54701,4588,59289,481
2022-05-26,San Mateo,081,765935,137331,135746,8586,144332,710
2022-05-26,Santa Barbara,083,443738,90471,89940,5174,95114,693
2022-05-26,Santa Clara,085,1922200,348147,344223,14866,359089,2304
2022-05-26,Santa Cruz,087,273765,52146,51819,2475,54294,263
2022-05-26,Shasta,089,179085,31252,31165,6283,37448,564
2022-05-26,Sierra,091,2930,278,278,54,332,4
2022-05-26,Siskiyou,093,43540,4572,4537,2846,7383,81
2022-05-26,Solano,095,438530,87456,86565,6118,92683,452
2022-05-26,Sonoma,097,501317,91151,90364,3652,94016,490
2022-05-26,Stanislaus,099,539301,120748,120241,18276,138517,1657
2022-05-26,Sutter,101,95872,21024,20976,2242,23218,227
2022-05-26,Tehama,103,63373,12233,12210,2695,14905,204
2022-05-26,Trinity,105,12862,1201,1196,297,1493,20
2022-05-26,Tulare,107,460477,108346,108029,29800,137829,1484
2022-05-26,Tuolumne,109,53932,13233,13141,624,13765,189
2022-05-26,Ventura,111,848112,181057,179953,10663,190616,1503
2022-05-26,Yolo,113,214977,39695,39016,3534,42550,319
2022-05-26,Yuba,115,75493,16399,16314,1352,17666,122
2022-05-25,Alameda,001,1643700,282617,278228,16086,294314,1860
2022-05-25,Alpine,003,1148,126,126,1,127,0
2022-05-25,Amador,005,37829,8793,8654,694,9348,86
2022-05-25,Butte,007,227075,33994,33755,7049,40804,426
2022-05-25,Calaveras,009,45235,7501,7450,401,7851,120
2022-05-25,Colusa,011,21464,3478,3471,1096,4567,21
2022-05-25,Contra Costa,013,1133247,205295,201866,15123,216989,1306
2022-05-25,Del Norte,015,27424,6170,6145,254,6399,50
2022-05-25,El Dorado,017,186661,28061,27715,3436,31151,213
2022-05-25,Fresno,019,978130,236909,235569,24844,260413,2763
2022-05-25,Glenn,021,27897,5051,5030,1645,6675,48
2022-05-25,Humboldt,023,135768,18334,18133,3488,21621,147
2022-05-25,Imperial,025,180216,56461,56203,11138,67341,923
2022-05-25,Inyo,027,18085,4174,4152,577,4729,56
2022-05-25,Kern,029,883053,195319,194251,47950,242201,2336
2022-05-25,Kings,031,150075,52384,52178,3691,55869,447
2022-05-25,Lake,033,64148,11023,10908,935,11843,137
2022-05-25,Lassen,035,31185,9063,9028,910,9938,64
2022-05-25,Los Angeles,037,10098052,2832912,2806770,134000,2940770,31845
2022-05-25,Madera,039,155013,38091,37867,6400,44267,370
2022-05-25,Marin,041,260295,37500,36890,3880,40770,293
2022-05-25,Mariposa,043,17540,2540,2514,230,2744,30
2022-05-25,Mendocino,045,87422,13667,13545,3449,16994,124
2022-05-25,Merced,047,269075,63623,63220,9237,72457,823
2022-05-25,Modoc,049,8938,753,750,256,1006,8
2022-05-25,Mono,051,14174,3034,3024,162,3186,6
2022-05-25,Monterey,053,433212,82262,81592,15694,97286,737
2022-05-25,Napa,055,140530,27532,27240,1151,28391,143
2022-05-25,Nevada,057,99092,16670,16517,1322,17839,127
2022-05-25,Orange,059,3164182,570233,565564,45396,610960,7026
2022-05-25,Placer,061,380077,66043,65309,7939,73248,626
2022-05-25,Plumas,063,18699,3112,3065,380,3445,13
2022-05-25,Riverside,065,2383286,608303,604465,29567,634032,6480
2022-05-25,Sacramento,067,1510023,295343,292211,29342,321553,3028
2022-05-25,San Benito,069,59416,13442,13338,585,13923,98
2022-05-25,San Bernardino,071,2135413,582364,576982,25969,602951,7568
2022-05-25,San Diego,073,3302833,787079,782420,56420,838840,5284
2022-05-25,San Francisco,075,870044,143750,141015,9547,150562,872
2022-05-25,San Joaquin,077,732212,171922,170626,11237,181863,2238
2022-05-25,San Luis Obispo,079,281455,54936,54342,4539,58881,481
2022-05-25,San Mateo,081,765935,136873,134441,8529,142970,710
2022-05-25,Santa Barbara,083,443738,90305,89426,5164,94590,693
2022-05-25,Santa Clara,085,1922200,347076,340868,14746,355614,2304
2022-05-25,Santa Cruz,087,273765,52065,51644,2462,54106,263
2022-05-25,Shasta,089,179085,31225,31072,6274,37346,564
2022-05-25,Sierra,091,2930,278,277,54,331,4
2022-05-25,Siskiyou,093,43540,4562,4516,2843,7359,81
2022-05-25,Solano,095,438530,87247,86024,6100,92124,451
2022-05-25,Sonoma,097,501317,90958,89810,3612,93422,490
2022-05-25,Stanislaus,099,539301,120608,119894,18255,138149,1654
2022-05-25,Sutter,101,95872,21000,20904,2239,23143,226
2022-05-25,Tehama,103,63373,12227,12189,2691,14880,201
2022-05-25,Trinity,105,12862,1201,1194,297,1491,20
2022-05-25,Tulare,107,460477,108265,107790,29753,137543,1482
2022-05-25,Tuolumne,109,53932,13212,13086,621,13707,182
2022-05-25,Ventura,111,848112,180767,179116,10631,189747,1499
2022-05-25,Yolo,113,214977,39620,38782,3523,42305,319
2022-05-25,Yuba,115,75493,16372,16260,1345,17605,122
2022-05-24,Alameda,001,1643700,281743,278228,16030,294258,1860
2022-05-24,Alpine,003,1148,126,126,1,127,0
2022-05-24,Amador,005,37829,8786,8654,693,9347,86
2022-05-24,Butte,007,227075,33948,33755,7028,40783,426
2022-05-24,Calaveras,009,45235,7494,7450,399,7849,120
2022-05-24,Colusa,011,21464,3476,3471,1094,4565,21
2022-05-24,Contra Costa,013,1133247,204642,201866,15038,216904,1306
2022-05-24,Del Norte,015,27424,6165,6145,252,6397,50
2022-05-24,El Dorado,017,186661,27993,27715,3430,31145,213
2022-05-24,Fresno,019,978130,236589,235569,24812,260381,2763
2022-05-24,Glenn,021,27897,5049,5030,1645,6675,48
2022-05-24,Humboldt,023,135768,18302,18133,3472,21605,147
2022-05-24,Imperial,025,180216,56406,56203,11124,67327,923
2022-05-24,Inyo,027,18085,4166,4152,575,4727,56
2022-05-24,Kern,029,883053,195123,194251,47844,242095,2336
2022-05-24,Kings,031,150075,52317,52178,3684,55862,447
2022-05-24,Lake,033,64148,11006,10908,933,11841,137
2022-05-24,Lassen,035,31185,9050,9028,906,9934,64
2022-05-24,Los Angeles,037,10098052,2827651,2806770,133627,2940397,31845
2022-05-24,Madera,039,155013,38042,37867,6391,44258,370
2022-05-24,Marin,041,260295,37395,36890,3828,40718,293
2022-05-24,Mariposa,043,17540,2533,2514,229,2743,30
2022-05-24,Mendocino,045,87422,13643,13545,3441,16986,124
2022-05-24,Merced,047,269075,63561,63220,9206,72426,823
2022-05-24,Modoc,049,8938,752,750,255,1005,8
2022-05-24,Mono,051,14174,3031,3024,162,3186,6
2022-05-24,Monterey,053,433212,82171,81592,15634,97226,737
2022-05-24,Napa,055,140530,27485,27240,1139,28379,143
2022-05-24,Nevada,057,99092,16629,16517,1320,17837,127
2022-05-24,Orange,059,3164182,569196,565564,45220,610784,7026
2022-05-24,Placer,061,380077,65945,65309,7925,73234,626
2022-05-24,Plumas,063,18699,3106,3065,380,3445,13
2022-05-24,Riverside,065,2383286,607609,604465,29520,633985,6480
2022-05-24,Sacramento,067,1510023,294663,292211,29221,321432,3028
2022-05-24,San Benito,069,59416,13408,13338,584,13922,98
2022-05-24,San Bernardino,071,2135413,581749,576982,25936,602918,7568
2022-05-24,San Diego,073,3302833,785432,782420,56241,838661,5284
2022-05-24,San Francisco,075,870044,143206,141015,9527,150542,872
2022-05-24,San Joaquin,077,732212,171660,170626,11203,181829,2238
2022-05-24,San Luis Obispo,079,281455,54787,54342,4480,58822,481
2022-05-24,San Mateo,081,765935,136341,134441,8480,142921,710
2022-05-24,Santa Barbara,083,443738,90142,89426,5142,94568,693
2022-05-24,Santa Clara,085,1922200,345796,340868,14647,355515,2304
2022-05-24,Santa Cruz,087,273765,51989,51644,2452,54096,263
2022-05-24,Shasta,089,179085,31200,31072,6263,37335,564
2022-05-24,Sierra,091,2930,278,277,54,331,4
2022-05-24,Siskiyou,093,43540,4552,4516,2834,7350,81
2022-05-24,Solano,095,438530,87018,86024,6074,92098,451
2022-05-24,Sonoma,097,501317,90753,89810,3576,93386,490
2022-05-24,Stanislaus,099,539301,120470,119894,18223,138117,1654
2022-05-24,Sutter,101,95872,20979,20904,2234,23138,226
2022-05-24,Tehama,103,63373,12218,12189,2689,14878,201
2022-05-24,Trinity,105,12862,1198,1194,297,1491,20
2022-05-24,Tulare,107,460477,108148,107790,29693,137483,1482
2022-05-24,Tuolumne,109,53932,13197,13086,621,13707,182
2022-05-24,Ventura,111,848112,180454,179116,10606,189722,1499
2022-05-24,Yolo,113,214977,39540,38782,3514,42296,319
2022-05-24,Yuba,115,75493,16344,16260,1338,17598,122
2022-05-23,Alameda,001,1643700,280805,278228,15951,294179,1860
2022-05-23,Alpine,003,1148,126,126,1,127,0
2022-05-23,Amador,005,37829,8754,8654,690,9344,86
2022-05-23,Butte,007,227075,33897,33755,7003,40758,426
2022-05-23,Calaveras,009,45235,7487,7450,397,7847,120
2022-05-23,Colusa,011,21464,3475,3471,1091,4562,21
2022-05-23,Contra Costa,013,1133247,203911,201866,14973,216839,1306
2022-05-23,Del Norte,015,27424,6160,6145,248,6393,50
2022-05-23,El Dorado,017,186661,27911,27715,3423,31138,213
2022-05-23,Fresno,019,978130,236244,235569,24754,260323,2763
2022-05-23,Glenn,021,27897,5045,5030,1642,6672,48
2022-05-23,Humboldt,023,135768,18275,18133,3459,21592,147
2022-05-23,Imperial,025,180216,56359,56203,11102,67305,923
2022-05-23,Inyo,027,18085,4163,4152,573,4725,56
2022-05-23,Kern,029,883053,194901,194251,47753,242004,2336
2022-05-23,Kings,031,150075,52270,52178,3678,55856,447
2022-05-23,Lake,033,64148,10987,10908,933,11841,137
2022-05-23,Lassen,035,31185,9042,9028,903,9931,64
2022-05-23,Los Angeles,037,10098052,2822238,2806770,133262,2940032,31845
2022-05-23,Madera,039,155013,38011,37867,6374,44241,370
2022-05-23,Marin,041,260295,37254,36890,3784,40674,293
2022-05-23,Mariposa,043,17540,2531,2514,227,2741,30
2022-05-23,Mendocino,045,87422,13621,13545,3433,16978,124
2022-05-23,Merced,047,269075,63483,63220,9179,72399,823
2022-05-23,Modoc,049,8938,752,750,255,1005,8
2022-05-23,Mono,051,14174,3031,3024,162,3186,6
2022-05-23,Monterey,053,433212,82072,81592,15573,97165,737
2022-05-23,Napa,055,140530,27428,27240,1133,28373,143
2022-05-23,Nevada,057,99092,16594,16517,1319,17836,127
2022-05-23,Orange,059,3164182,568177,565564,45069,610633,7026
2022-05-23,Placer,061,380077,65800,65309,7903,73212,626
2022-05-23,Plumas,063,18699,3103,3065,379,3444,13
2022-05-23,Riverside,065,2383286,606885,604465,29471,633936,6480
2022-05-23,Sacramento,067,1510023,293914,292211,29092,321303,3028
2022-05-23,San Benito,069,59416,13373,13338,581,13919,98
2022-05-23,San Bernardino,071,2135413,581104,576982,25901,602883,7568
2022-05-23,San Diego,073,3302833,783713,782420,56052,838472,5284
2022-05-23,San Francisco,075,870044,142631,141015,9495,150510,872
2022-05-23,San Joaquin,077,732212,171391,170626,11172,181798,2238
2022-05-23,San Luis Obispo,079,281455,54640,54342,4434,58776,481
2022-05-23,San Mateo,081,765935,135770,134441,8444,142885,710
2022-05-23,Santa Barbara,083,443738,89906,89426,5123,94549,693
2022-05-23,Santa Clara,085,1922200,344419,340868,14566,355434,2304
2022-05-23,Santa Cruz,087,273765,51889,51644,2442,54086,263
2022-05-23,Shasta,089,179085,31178,31072,6258,37330,564
2022-05-23,Sierra,091,2930,278,277,54,331,4
2022-05-23,Siskiyou,093,43540,4538,4516,2830,7346,81
2022-05-23,Solano,095,438530,86745,86024,6057,92081,451
2022-05-23,Sonoma,097,501317,90522,89810,3530,93340,490
2022-05-23,Stanislaus,099,539301,120328,119894,18186,138080,1654
2022-05-23,Sutter,101,95872,20939,20904,2230,23134,226
2022-05-23,Tehama,103,63373,12206,12189,2686,14875,201
2022-05-23,Trinity,105,12862,1197,1194,297,1491,20
2022-05-23,Tulare,107,460477,108022,107790,29620,137410,1482
2022-05-23,Tuolumne,109,53932,13173,13086,619,13705,182
2022-05-23,Ventura,111,848112,180118,179116,10587,189703,1499
2022-05-23,Yolo,113,214977,39435,38782,3497,42279,319
2022-05-23,Yuba,115,75493,16315,16260,1334,17594,122
2022-05-22,Alameda,001,1643700,279714,274996,15844,290840,1858
2022-05-22,Alpine,003,1148,126,126,1,127,0
2022-05-22,Amador,005,37829,8737,8628,688,9316,86
2022-05-22,Butte,007,227075,33841,33606,6979,40585,426
2022-05-22,Calaveras,009,45235,7476,7424,392,7816,120
2022-05-22,Colusa,011,21464,3471,3468,1088,4556,21
2022-05-22,Contra Costa,013,1133247,203186,199703,14871,214574,1305
2022-05-22,Del Norte,015,27424,6145,6045,237,6282,50
2022-05-22,El Dorado,017,186661,27835,27517,3414,30931,213
2022-05-22,Fresno,019,978130,235902,234657,24710,259367,2760
2022-05-22,Glenn,021,27897,5035,5020,1642,6662,48
2022-05-22,Humboldt,023,135768,18222,17984,3434,21418,146
2022-05-22,Imperial,025,180216,56289,56014,11087,67101,923
2022-05-22,Inyo,027,18085,4156,4135,571,4706,56
2022-05-22,Kern,029,883053,194664,193705,47653,241358,2334
2022-05-22,Kings,031,150075,52207,52038,3673,55711,447
2022-05-22,Lake,033,64148,10955,10867,933,11800,137
2022-05-22,Lassen,035,31185,9026,9011,900,9911,64
2022-05-22,Los Angeles,037,10098052,2816368,2791671,132829,2924500,31815
2022-05-22,Madera,039,155013,37965,37744,6344,44088,370
2022-05-22,Marin,041,260295,37107,36394,3739,40133,293
2022-05-22,Mariposa,043,17540,2526,2490,225,2715,30
2022-05-22,Mendocino,045,87422,13593,13461,3408,16869,124
2022-05-22,Merced,047,269075,63403,62969,9147,72116,823
2022-05-22,Modoc,049,8938,751,750,255,1005,8
2022-05-22,Mono,051,14174,3030,3012,162,3174,6
2022-05-22,Monterey,053,433212,81914,81224,15470,96694,735
2022-05-22,Napa,055,140530,27358,27034,1126,28160,143
2022-05-22,Nevada,057,99092,16560,16410,1314,17724,127
2022-05-22,Orange,059,3164182,567083,562531,44868,607399,7025
2022-05-22,Placer,061,380077,65642,64802,7873,72675,626
2022-05-22,Plumas,063,18699,3096,3052,377,3429,13
2022-05-22,Riverside,065,2383286,606052,601808,29404,631212,6476
2022-05-22,Sacramento,067,1510023,293119,289972,28932,318904,3027
2022-05-22,San Benito,069,59416,13341,13234,575,13809,98
2022-05-22,San Bernardino,071,2135413,580391,575194,25861,601055,7523
2022-05-22,San Diego,073,3302833,782098,777404,55867,833271,5282
2022-05-22,San Francisco,075,870044,141939,138922,9475,148397,871
2022-05-22,San Joaquin,077,732212,171088,169745,11129,180874,2237
2022-05-22,San Luis Obispo,079,281455,54486,54012,4374,58386,481
2022-05-22,San Mateo,081,765935,135206,132636,8396,141032,711
2022-05-22,Santa Barbara,083,443738,89676,88783,5095,93878,692
2022-05-22,Santa Clara,085,1922200,342980,336488,14486,350974,2301
2022-05-22,Santa Cruz,087,273765,51798,51333,2430,53763,263
2022-05-22,Shasta,089,179085,31129,30966,6244,37210,564
2022-05-22,Sierra,091,2930,278,276,54,330,4
2022-05-22,Siskiyou,093,43540,4529,4501,2828,7329,81
2022-05-22,Solano,095,438530,86464,85038,6032,91070,451
2022-05-22,Sonoma,097,501317,90234,88889,3478,92367,489
2022-05-22,Stanislaus,099,539301,120154,119396,18161,137557,1653
2022-05-22,Sutter,101,95872,20910,20809,2221,23030,226
2022-05-22,Tehama,103,63373,12197,12162,2681,14843,201
2022-05-22,Trinity,105,12862,1197,1191,297,1488,20
2022-05-22,Tulare,107,460477,107917,107485,29539,137024,1477
2022-05-22,Tuolumne,109,53932,13153,12977,619,13596,182
2022-05-22,Ventura,111,848112,179761,178024,10558,188582,1499
2022-05-22,Yolo,113,214977,39337,38377,3472,41849,319
2022-05-22,Yuba,115,75493,16288,16180,1326,17506,122
2022-05-21,Alameda,001,1643700,279261,274996,15820,290816,1858
2022-05-21,Alpine,003,1148,126,126,1,127,0
2022-05-21,Amador,005,37829,8727,8628,686,9314,86
2022-05-21,Butte,007,227075,33822,33606,6968,40574,426
2022-05-21,Calaveras,009,45235,7470,7424,392,7816,120
2022-05-21,Colusa,011,21464,3471,3468,1087,4555,21
2022-05-21,Contra Costa,013,1133247,202828,199703,14855,214558,1305
2022-05-21,Del Norte,015,27424,6140,6045,235,6280,50
2022-05-21,El Dorado,017,186661,27799,27517,3412,30929,213
2022-05-21,Fresno,019,978130,235769,234657,24697,259354,2760
2022-05-21,Glenn,021,27897,5031,5020,1641,6661,48
2022-05-21,Humboldt,023,135768,18197,17984,3432,21416,146
2022-05-21,Imperial,025,180216,56254,56014,11084,67098,923
2022-05-21,Inyo,027,18085,4154,4135,569,4704,56
2022-05-21,Kern,029,883053,194569,193705,47587,241292,2334
2022-05-21,Kings,031,150075,52184,52038,3672,55710,447
2022-05-21,Lake,033,64148,10947,10867,933,11800,137
2022-05-21,Lassen,035,31185,9023,9011,900,9911,64
2022-05-21,Los Angeles,037,10098052,2814075,2791671,132588,2924259,31815
2022-05-21,Madera,039,155013,37947,37744,6339,44083,370
2022-05-21,Marin,041,260295,37013,36394,3694,40088,293
2022-05-21,Mariposa,043,17540,2524,2490,225,2715,30
2022-05-21,Mendocino,045,87422,13582,13461,3403,16864,124
2022-05-21,Merced,047,269075,63368,62969,9141,72110,823
2022-05-21,Modoc,049,8938,750,750,255,1005,8
2022-05-21,Mono,051,14174,3030,3012,162,3174,6
2022-05-21,Monterey,053,433212,81847,81224,15418,96642,735
2022-05-21,Napa,055,140530,27325,27034,1123,28157,143
2022-05-21,Nevada,057,99092,16554,16410,1314,17724,127
2022-05-21,Orange,059,3164182,566569,562531,44762,607293,7025
2022-05-21,Placer,061,380077,65534,64802,7859,72661,626
2022-05-21,Plumas,063,18699,3089,3052,377,3429,13
2022-05-21,Riverside,065,2383286,605580,601808,29377,631185,6476
2022-05-21,Sacramento,067,1510023,292789,289972,28904,318876,3027
2022-05-21,San Benito,069,59416,13329,13234,574,13808,98
2022-05-21,San Bernardino,071,2135413,580055,575194,25837,601031,7523
2022-05-21,San Diego,073,3302833,781409,777404,55814,833218,5282
2022-05-21,San Francisco,075,870044,141628,138922,9462,148384,871
2022-05-21,San Joaquin,077,732212,170970,169745,11110,180855,2237
2022-05-21,San Luis Obispo,079,281455,54407,54012,4361,58373,481
2022-05-21,San Mateo,081,765935,134893,132636,8376,141012,711
2022-05-21,Santa Barbara,083,443738,89584,88783,5092,93875,692
2022-05-21,Santa Clara,085,1922200,342128,336488,14444,350932,2301
2022-05-21,Santa Cruz,087,273765,51753,51333,2423,53756,263
2022-05-21,Shasta,089,179085,31117,30966,6241,37207,564
2022-05-21,Sierra,091,2930,277,276,54,330,4
2022-05-21,Siskiyou,093,43540,4525,4501,2826,7327,81
2022-05-21,Solano,095,438530,86380,85038,6029,91067,451
2022-05-21,Sonoma,097,501317,90108,88889,3472,92361,489
2022-05-21,Stanislaus,099,539301,120075,119396,18140,137536,1653
2022-05-21,Sutter,101,95872,20900,20809,2216,23025,226
2022-05-21,Tehama,103,63373,12195,12162,2680,14842,201
2022-05-21,Trinity,105,12862,1197,1191,297,1488,20
2022-05-21,Tulare,107,460477,107854,107485,29500,136985,1477
2022-05-21,Tuolumne,109,53932,13146,12977,619,13596,182
2022-05-21,Ventura,111,848112,179591,178024,10543,188567,1499
2022-05-21,Yolo,113,214977,39280,38377,3463,41840,319
2022-05-21,Yuba,115,75493,16275,16180,1324,17504,122
2022-05-20,Alameda,001,1643700,278723,274996,15798,290794,1858
2022-05-20,Alpine,003,1148,126,126,1,127,0
2022-05-20,Amador,005,37829,8720,8628,686,9314,86
2022-05-20,Butte,007,227075,33802,33606,6959,40565,426
2022-05-20,Calaveras,009,45235,7462,7424,392,7816,120
2022-05-20,Colusa,011,21464,3471,3468,1087,4555,21
2022-05-20,Contra Costa,013,1133247,202472,199703,14846,214549,1305
2022-05-20,Del Norte,015,27424,6136,6045,234,6279,50
2022-05-20,El Dorado,017,186661,27767,27517,3409,30926,213
2022-05-20,Fresno,019,978130,235612,234657,24679,259336,2760
2022-05-20,Glenn,021,27897,5028,5020,1641,6661,48
2022-05-20,Humboldt,023,135768,18175,17984,3430,21414,146
2022-05-20,Imperial,025,180216,56229,56014,11081,67095,923
2022-05-20,Inyo,027,18085,4151,4135,565,4700,56
2022-05-20,Kern,029,883053,194466,193705,47536,241241,2334
2022-05-20,Kings,031,150075,52169,52038,3671,55709,447
2022-05-20,Lake,033,64148,10930,10867,933,11800,137
2022-05-20,Lassen,035,31185,9021,9011,900,9911,64
2022-05-20,Los Angeles,037,10098052,2811734,2791671,132374,2924045,31815
2022-05-20,Madera,039,155013,37928,37744,6337,44081,370
2022-05-20,Marin,041,260295,36940,36394,3655,40049,293
2022-05-20,Mariposa,043,17540,2519,2490,225,2715,30
2022-05-20,Mendocino,045,87422,13567,13461,3402,16863,124
2022-05-20,Merced,047,269075,63333,62969,9139,72108,823
2022-05-20,Modoc,049,8938,750,750,255,1005,8
2022-05-20,Mono,051,14174,3026,3012,162,3174,6
2022-05-20,Monterey,053,433212,81788,81224,15385,96609,735
2022-05-20,Napa,055,140530,27295,27034,1120,28154,143
2022-05-20,Nevada,057,99092,16546,16410,1312,17722,127
2022-05-20,Orange,059,3164182,565993,562531,44657,607188,7025
2022-05-20,Placer,061,380077,65461,64802,7844,72646,626
2022-05-20,Plumas,063,18699,3087,3052,377,3429,13
2022-05-20,Riverside,065,2383286,605133,601808,29352,631160,6476
2022-05-20,Sacramento,067,1510023,292408,289972,28882,318854,3027
2022-05-20,San Benito,069,59416,13313,13234,574,13808,98
2022-05-20,San Bernardino,071,2135413,579734,575194,25820,601014,7523
2022-05-20,San Diego,073,3302833,780616,777404,55754,833158,5282
2022-05-20,San Francisco,075,870044,141297,138922,9431,148353,871
2022-05-20,San Joaquin,077,732212,170849,169745,11103,180848,2237
2022-05-20,San Luis Obispo,079,281455,54371,54012,4357,58369,481
2022-05-20,San Mateo,081,765935,134577,132636,8355,140991,711
2022-05-20,Santa Barbara,083,443738,89499,88783,5087,93870,692
2022-05-20,Santa Clara,085,1922200,341336,336488,14389,350877,2301
2022-05-20,Santa Cruz,087,273765,51709,51333,2403,53736,263
2022-05-20,Shasta,089,179085,31103,30966,6237,37203,564
2022-05-20,Sierra,091,2930,277,276,54,330,4
2022-05-20,Siskiyou,093,43540,4522,4501,2824,7325,81
2022-05-20,Solano,095,438530,86239,85038,6022,91060,451
2022-05-20,Sonoma,097,501317,89981,88889,3459,92348,489
2022-05-20,Stanislaus,099,539301,119993,119396,18131,137527,1653
2022-05-20,Sutter,101,95872,20891,20809,2216,23025,226
2022-05-20,Tehama,103,63373,12192,12162,2679,14841,201
2022-05-20,Trinity,105,12862,1197,1191,297,1488,20
2022-05-20,Tulare,107,460477,107797,107485,29459,136944,1477
2022-05-20,Tuolumne,109,53932,13127,12977,618,13595,182
2022-05-20,Ventura,111,848112,179395,178024,10533,188557,1499
2022-05-20,Yolo,113,214977,39221,38377,3457,41834,319
2022-05-20,Yuba,115,75493,16259,16180,1320,17500,122
2022-05-19,Alameda,001,1643700,277894,274996,15734,290730,1858
2022-05-19,Alpine,003,1148,126,126,1,127,0
2022-05-19,Amador,005,37829,8712,8628,686,9314,86
2022-05-19,Butte,007,227075,33771,33606,6952,40558,426
2022-05-19,Calaveras,009,45235,7456,7424,389,7813,120
2022-05-19,Colusa,011,21464,3470,3468,1086,4554,21
2022-05-19,Contra Costa,013,1133247,201931,199703,14784,214487,1305
2022-05-19,Del Norte,015,27424,6131,6045,227,6272,50
2022-05-19,El Dorado,017,186661,27715,27517,3402,30919,213
2022-05-19,Fresno,019,978130,235390,234657,24638,259295,2760
2022-05-19,Glenn,021,27897,5027,5020,1637,6657,48
2022-05-19,Humboldt,023,135768,18141,17984,3419,21403,146
2022-05-19,Imperial,025,180216,56183,56014,11079,67093,923
2022-05-19,Inyo,027,18085,4147,4135,564,4699,56
2022-05-19,Kern,029,883053,194323,193705,47454,241159,2334
2022-05-19,Kings,031,150075,52141,52038,3669,55707,447
2022-05-19,Lake,033,64148,10922,10867,932,11799,137
2022-05-19,Lassen,035,31185,9017,9011,899,9910,64
2022-05-19,Los Angeles,037,10098052,2807784,2791671,132048,2923719,31815
2022-05-19,Madera,039,155013,37892,37744,6328,44072,370
2022-05-19,Marin,041,260295,36844,36394,3621,40015,293
2022-05-19,Mariposa,043,17540,2511,2490,225,2715,30
2022-05-19,Mendocino,045,87422,13544,13461,3395,16856,124
2022-05-19,Merced,047,269075,63270,62969,9125,72094,823
2022-05-19,Modoc,049,8938,750,750,255,1005,8
2022-05-19,Mono,051,14174,3025,3012,158,3170,6
2022-05-19,Monterey,053,433212,81708,81224,15317,96541,735
2022-05-19,Napa,055,140530,27238,27034,1117,28151,143
2022-05-19,Nevada,057,99092,16512,16410,1307,17717,127
2022-05-19,Orange,059,3164182,565153,562531,44521,607052,7025
2022-05-19,Placer,061,380077,65342,64802,7831,72633,626
2022-05-19,Plumas,063,18699,3081,3052,376,3428,13
2022-05-19,Riverside,065,2383286,604500,601808,29309,631117,6476
2022-05-19,Sacramento,067,1510023,291850,289972,28795,318767,3027
2022-05-19,San Benito,069,59416,13285,13234,573,13807,98
2022-05-19,San Bernardino,071,2135413,579222,575194,25800,600994,7523
2022-05-19,San Diego,073,3302833,779384,777404,55632,833036,5282
2022-05-19,San Francisco,075,870044,140823,138922,9391,148313,871
2022-05-19,San Joaquin,077,732212,170609,169745,11085,180830,2237
2022-05-19,San Luis Obispo,079,281455,54268,54012,4326,58338,481
2022-05-19,San Mateo,081,765935,134114,132636,8302,140938,711
2022-05-19,Santa Barbara,083,443738,89345,88783,5069,93852,692
2022-05-19,Santa Clara,085,1922200,340243,336488,14292,350780,2301
2022-05-19,Santa Cruz,087,273765,51631,51333,2392,53725,263
2022-05-19,Shasta,089,179085,31074,30966,6230,37196,564
2022-05-19,Sierra,091,2930,277,276,54,330,4
2022-05-19,Siskiyou,093,43540,4519,4501,2822,7323,81
2022-05-19,Solano,095,438530,86058,85038,6001,91039,451
2022-05-19,Sonoma,097,501317,89777,88889,3425,92314,489
2022-05-19,Stanislaus,099,539301,119864,119396,18111,137507,1653
2022-05-19,Sutter,101,95872,20855,20809,2212,23021,226
2022-05-19,Tehama,103,63373,12182,12162,2675,14837,201
2022-05-19,Trinity,105,12862,1196,1191,297,1488,20
2022-05-19,Tulare,107,460477,107706,107485,29411,136896,1477
2022-05-19,Tuolumne,109,53932,13102,12977,617,13594,182
2022-05-19,Ventura,111,848112,179123,178024,10500,188524,1499
2022-05-19,Yolo,113,214977,39141,38377,3451,41828,319
2022-05-19,Yuba,115,75493,16239,16180,1311,17491,122
2022-05-18,Alameda,001,1643700,277047,272530,15671,288201,1859
2022-05-18,Alpine,003,1148,126,126,1,127,0
2022-05-18,Amador,005,37829,8694,8592,686,9278,86
2022-05-18,Butte,007,227075,33731,33486,6938,40424,426
2022-05-18,Calaveras,009,45235,7448,7400,389,7789,120
2022-05-18,Colusa,011,21464,3470,3467,1085,4552,21
2022-05-18,Contra Costa,013,1133247,201374,198207,14723,212930,1303
2022-05-18,Del Norte,015,27424,6124,6001,223,6224,50
2022-05-18,El Dorado,017,186661,27664,27388,3395,30783,212
2022-05-18,Fresno,019,978130,235130,234055,24600,258655,2759
2022-05-18,Glenn,021,27897,5026,5012,1637,6649,48
2022-05-18,Humboldt,023,135768,18116,17868,3407,21275,146
2022-05-18,Imperial,025,180216,56121,55915,11073,66988,918
2022-05-18,Inyo,027,18085,4143,4120,558,4678,56
2022-05-18,Kern,029,883053,194201,193338,47394,240732,2327
2022-05-18,Kings,031,150075,52112,51903,3665,55568,447
2022-05-18,Lake,033,64148,10913,10831,931,11762,137
2022-05-18,Lassen,035,31185,9011,8994,899,9893,65
2022-05-18,Los Angeles,037,10098052,2803447,2780354,131770,2912124,31789
2022-05-18,Madera,039,155013,37855,37644,6321,43965,365
2022-05-18,Marin,041,260295,36753,36024,3580,39604,293
2022-05-18,Mariposa,043,17540,2504,2481,225,2706,30
2022-05-18,Mendocino,045,87422,13523,13403,3379,16782,124
2022-05-18,Merced,047,269075,63205,62802,9096,71898,818
2022-05-18,Modoc,049,8938,750,748,255,1003,8
2022-05-18,Mono,051,14174,3023,3010,156,3166,6
2022-05-18,Monterey,053,433212,81600,80955,15261,96216,735
2022-05-18,Napa,055,140530,27197,26912,1111,28023,143
2022-05-18,Nevada,057,99092,16492,16361,1304,17665,127
2022-05-18,Orange,059,3164182,564338,560094,44405,604499,7021
2022-05-18,Placer,061,380077,65198,64432,7821,72253,626
2022-05-18,Plumas,063,18699,3073,3022,374,3396,13
2022-05-18,Riverside,065,2383286,603857,599947,29256,629203,6471
2022-05-18,Sacramento,067,1510023,291326,288335,28705,317040,3022
2022-05-18,San Benito,069,59416,13262,13186,571,13757,98
2022-05-18,San Bernardino,071,2135413,578751,573790,25775,599565,7455
2022-05-18,San Diego,073,3302833,777947,773934,55501,829435,5277
2022-05-18,San Francisco,075,870044,140293,137341,9369,146710,869
2022-05-18,San Joaquin,077,732212,170375,169045,10994,180039,2236
2022-05-18,San Luis Obispo,079,281455,54171,53756,4288,58044,478
2022-05-18,San Mateo,081,765935,133690,131330,8237,139567,709
2022-05-18,Santa Barbara,083,443738,89184,88317,5051,93368,693
2022-05-18,Santa Clara,085,1922200,339094,333230,14194,347424,2300
2022-05-18,Santa Cruz,087,273765,51539,51020,2379,53399,263
2022-05-18,Shasta,089,179085,31051,30899,6224,37123,558
2022-05-18,Sierra,091,2930,277,275,54,329,4
2022-05-18,Siskiyou,093,43540,4514,4495,2820,7315,81
2022-05-18,Solano,095,438530,85799,84476,5985,90461,451
2022-05-18,Sonoma,097,501317,89579,88195,3391,91586,489
2022-05-18,Stanislaus,099,539301,119755,119025,18082,137107,1645
2022-05-18,Sutter,101,95872,20833,20763,2204,22967,226
2022-05-18,Tehama,103,63373,12176,12133,2672,14805,201
2022-05-18,Trinity,105,12862,1196,1189,297,1486,20
2022-05-18,Tulare,107,460477,107635,107292,29353,136645,1477
2022-05-18,Tuolumne,109,53932,13083,12917,614,13531,182
2022-05-18,Ventura,111,848112,178856,177233,10472,187705,1497
2022-05-18,Yolo,113,214977,39055,38139,3442,41581,316
2022-05-18,Yuba,115,75493,16215,16109,1305,17414,122
2022-05-17,Alameda,001,1643700,276226,272530,15613,288143,1859
2022-05-17,Alpine,003,1148,126,126,1,127,0
2022-05-17,Amador,005,37829,8686,8592,685,9277,86
2022-05-17,Butte,007,227075,33678,33486,6925,40411,426
2022-05-17,Calaveras,009,45235,7441,7400,389,7789,120
2022-05-17,Colusa,011,21464,3469,3467,1084,4551,21
2022-05-17,Contra Costa,013,1133247,200732,198207,14655,212862,1303
2022-05-17,Del Norte,015,27424,6112,6001,222,6223,50
2022-05-17,El Dorado,017,186661,27609,27388,3392,30780,212
2022-05-17,Fresno,019,978130,234879,234055,24575,258630,2759
2022-05-17,Glenn,021,27897,5023,5012,1636,6648,48
2022-05-17,Humboldt,023,135768,18076,17868,3392,21260,146
2022-05-17,Imperial,025,180216,56076,55915,11061,66976,918
2022-05-17,Inyo,027,18085,4141,4120,549,4669,56
2022-05-17,Kern,029,883053,194043,193338,47337,240675,2327
2022-05-17,Kings,031,150075,52069,51903,3661,55564,447
2022-05-17,Lake,033,64148,10898,10831,929,11760,137
2022-05-17,Lassen,035,31185,9006,8994,898,9892,65
2022-05-17,Los Angeles,037,10098052,2798907,2780354,131469,2911823,31789
2022-05-17,Madera,039,155013,37829,37644,6306,43950,365
2022-05-17,Marin,041,260295,36619,36024,3517,39541,293
2022-05-17,Mariposa,043,17540,2499,2481,224,2705,30
2022-05-17,Mendocino,045,87422,13497,13403,3370,16773,124
2022-05-17,Merced,047,269075,63140,62802,9077,71879,818
2022-05-17,Modoc,049,8938,750,748,255,1003,8
2022-05-17,Mono,051,14174,3019,3010,154,3164,6
2022-05-17,Monterey,053,433212,81485,80955,15189,96144,735
2022-05-17,Napa,055,140530,27149,26912,1103,28015,143
2022-05-17,Nevada,057,99092,16463,16361,1298,17659,127
2022-05-17,Orange,059,3164182,563434,560094,44262,604356,7021
2022-05-17,Placer,061,380077,65036,64432,7788,72220,626
2022-05-17,Plumas,063,18699,3067,3022,373,3395,13
2022-05-17,Riverside,065,2383286,603173,599947,29210,629157,6471
2022-05-17,Sacramento,067,1510023,290697,288335,28590,316925,3022
2022-05-17,San Benito,069,59416,13226,13186,571,13757,98
2022-05-17,San Bernardino,071,2135413,578269,573790,25761,599551,7455
2022-05-17,San Diego,073,3302833,776441,773934,55356,829290,5277
2022-05-17,San Francisco,075,870044,139715,137341,9339,146680,869
2022-05-17,San Joaquin,077,732212,170134,169045,10957,180002,2236
2022-05-17,San Luis Obispo,079,281455,54078,53756,4241,57997,478
2022-05-17,San Mateo,081,765935,133198,131330,8198,139528,709
2022-05-17,Santa Barbara,083,443738,88986,88317,5037,93354,693
2022-05-17,Santa Clara,085,1922200,337914,333230,14111,347341,2300
2022-05-17,Santa Cruz,087,273765,51462,51020,2370,53390,263
2022-05-17,Shasta,089,179085,31014,30899,6219,37118,558
2022-05-17,Sierra,091,2930,277,275,54,329,4
2022-05-17,Siskiyou,093,43540,4512,4495,2818,7313,81
2022-05-17,Solano,095,438530,85520,84476,5959,90435,451
2022-05-17,Sonoma,097,501317,89335,88195,3346,91541,489
2022-05-17,Stanislaus,099,539301,119607,119025,18056,137081,1645
2022-05-17,Sutter,101,95872,20813,20763,2201,22964,226
2022-05-17,Tehama,103,63373,12163,12133,2668,14801,201
2022-05-17,Trinity,105,12862,1195,1189,297,1486,20
2022-05-17,Tulare,107,460477,107542,107292,29309,136601,1477
2022-05-17,Tuolumne,109,53932,13068,12917,614,13531,182
2022-05-17,Ventura,111,848112,178534,177233,10431,187664,1497
2022-05-17,Yolo,113,214977,38955,38139,3435,41574,316
2022-05-17,Yuba,115,75493,16191,16109,1302,17411,122
2022-05-16,Alameda,001,1643700,275224,272530,15540,288070,1859
2022-05-16,Alpine,003,1148,126,126,1,127,0
2022-05-16,Amador,005,37829,8676,8592,684,9276,86
2022-05-16,Butte,007,227075,33622,33486,6914,40400,426
2022-05-16,Calaveras,009,45235,7434,7400,387,7787,120
2022-05-16,Colusa,011,21464,3468,3467,1084,4551,21
2022-05-16,Contra Costa,013,1133247,200095,198207,14594,212801,1303
2022-05-16,Del Norte,015,27424,6099,6001,219,6220,50
2022-05-16,El Dorado,017,186661,27553,27388,3385,30773,212
2022-05-16,Fresno,019,978130,234621,234055,24546,258601,2759
2022-05-16,Glenn,021,27897,5019,5012,1633,6645,48
2022-05-16,Humboldt,023,135768,18031,17868,3382,21250,146
2022-05-16,Imperial,025,180216,56010,55915,11049,66964,918
2022-05-16,Inyo,027,18085,4137,4120,546,4666,56
2022-05-16,Kern,029,883053,193888,193338,47266,240604,2327
2022-05-16,Kings,031,150075,52019,51903,3660,55563,447
2022-05-16,Lake,033,64148,10892,10831,928,11759,137
2022-05-16,Lassen,035,31185,9001,8994,895,9889,65
2022-05-16,Los Angeles,037,10098052,2794467,2780354,131193,2911547,31789
2022-05-16,Madera,039,155013,37797,37644,6295,43939,365
2022-05-16,Marin,041,260295,36455,36024,3467,39491,293
2022-05-16,Mariposa,043,17540,2498,2481,223,2704,30
2022-05-16,Mendocino,045,87422,13471,13403,3358,16761,124
2022-05-16,Merced,047,269075,63070,62802,9046,71848,818
2022-05-16,Modoc,049,8938,750,748,255,1003,8
2022-05-16,Mono,051,14174,3017,3010,152,3162,6
2022-05-16,Monterey,053,433212,81374,80955,15101,96056,735
2022-05-16,Napa,055,140530,27097,26912,1100,28012,143
2022-05-16,Nevada,057,99092,16444,16361,1292,17653,127
2022-05-16,Orange,059,3164182,562574,560094,44130,604224,7021
2022-05-16,Placer,061,380077,64928,64432,7760,72192,626
2022-05-16,Plumas,063,18699,3057,3022,373,3395,13
2022-05-16,Riverside,065,2383286,602458,599947,29157,629104,6471
2022-05-16,Sacramento,067,1510023,290035,288335,28492,316827,3022
2022-05-16,San Benito,069,59416,13208,13186,566,13752,98
2022-05-16,San Bernardino,071,2135413,577807,573790,25732,599522,7455
2022-05-16,San Diego,073,3302833,774910,773934,55206,829140,5277
2022-05-16,San Francisco,075,870044,139008,137341,9307,146648,869
2022-05-16,San Joaquin,077,732212,169856,169045,10753,179798,2236
2022-05-16,San Luis Obispo,079,281455,53975,53756,4211,57967,478
2022-05-16,San Mateo,081,765935,132657,131330,8151,139481,709
2022-05-16,Santa Barbara,083,443738,88843,88317,5028,93345,693
2022-05-16,Santa Clara,085,1922200,336588,333230,14033,347263,2300
2022-05-16,Santa Cruz,087,273765,51386,51020,2357,53377,263
2022-05-16,Shasta,089,179085,30981,30899,6210,37109,558
2022-05-16,Sierra,091,2930,277,275,53,328,4
2022-05-16,Siskiyou,093,43540,4509,4495,2811,7306,81
2022-05-16,Solano,095,438530,85259,84476,5936,90412,451
2022-05-16,Sonoma,097,501317,89036,88195,3313,91508,489
2022-05-16,Stanislaus,099,539301,119461,119025,18021,137046,1645
2022-05-16,Sutter,101,95872,20799,20763,2196,22959,226
2022-05-16,Tehama,103,63373,12155,12133,2665,14798,201
2022-05-16,Trinity,105,12862,1194,1189,297,1486,20
2022-05-16,Tulare,107,460477,107467,107292,29253,136545,1477
2022-05-16,Tuolumne,109,53932,13036,12917,612,13529,182
2022-05-16,Ventura,111,848112,178200,177233,10377,187610,1497
2022-05-16,Yolo,113,214977,38850,38139,3426,41565,316
2022-05-16,Yuba,115,75493,16164,16109,1299,17408,122
2022-05-15,Alameda,001,1643700,274164,268944,15475,284419,1857
2022-05-15,Alpine,003,1148,126,125,1,126,0
2022-05-15,Amador,005,37829,8660,8574,683,9257,86
2022-05-15,Butte,007,227075,33568,33377,6892,40269,424
2022-05-15,Calaveras,009,45235,7415,7378,385,7763,120
2022-05-15,Colusa,011,21464,3465,3463,1082,4545,21
2022-05-15,Contra Costa,013,1133247,199338,195925,14525,210450,1301
2022-05-15,Del Norte,015,27424,6027,5919,217,6136,50
2022-05-15,El Dorado,017,186661,27492,27216,3373,30589,212
2022-05-15,Fresno,019,978130,234355,233305,24515,257820,2757
2022-05-15,Glenn,021,27897,5016,5004,1632,6636,48
2022-05-15,Humboldt,023,135768,17981,17633,3347,20980,146
2022-05-15,Imperial,025,180216,55974,55756,11025,66781,917
2022-05-15,Inyo,027,18085,4133,4114,541,4655,56
2022-05-15,Kern,029,883053,193711,192939,47184,240123,2314
2022-05-15,Kings,031,150075,51960,51779,3655,55434,447
2022-05-15,Lake,033,64148,10875,10790,925,11715,137
2022-05-15,Lassen,035,31185,8993,8987,894,9881,65
2022-05-15,Los Angeles,037,10098052,2789864,2768726,130817,2899543,31768
2022-05-15,Madera,039,155013,37755,37520,6280,43800,365
2022-05-15,Marin,041,260295,36284,35486,3427,38913,293
2022-05-15,Mariposa,043,17540,2493,2463,222,2685,30
2022-05-15,Mendocino,045,87422,13452,13349,3331,16680,124
2022-05-15,Merced,047,269075,62985,62627,9000,71627,818
2022-05-15,Modoc,049,8938,749,747,255,1002,8
2022-05-15,Mono,051,14174,3014,3002,151,3153,6
2022-05-15,Monterey,053,433212,81263,80620,15010,95630,735
2022-05-15,Napa,055,140530,27045,26698,1096,27794,143
2022-05-15,Nevada,057,99092,16414,16240,1290,17530,127
2022-05-15,Orange,059,3164182,561624,557134,43989,601123,7017
2022-05-15,Placer,061,380077,64747,63963,7736,71699,626
2022-05-15,Plumas,063,18699,3051,3006,373,3379,13
2022-05-15,Riverside,065,2383286,601740,597914,29087,627001,6471
2022-05-15,Sacramento,067,1510023,289318,286403,28351,314754,3022
2022-05-15,San Benito,069,59416,13183,13106,564,13670,98
2022-05-15,San Bernardino,071,2135413,577260,572057,25703,597760,7423
2022-05-15,San Diego,073,3302833,773412,770323,55022,825345,5271
2022-05-15,San Francisco,075,870044,138289,134916,9270,144186,866
2022-05-15,San Joaquin,077,732212,169613,168174,10677,178851,2236
2022-05-15,San Luis Obispo,079,281455,53848,53502,4166,57668,478
2022-05-15,San Mateo,081,765935,132126,129480,8084,137564,709
2022-05-15,Santa Barbara,083,443738,88612,87773,4996,92769,693
2022-05-15,Santa Clara,085,1922200,335169,328609,13947,342556,2297
2022-05-15,Santa Cruz,087,273765,51282,50268,2341,52609,263
2022-05-15,Shasta,089,179085,30940,30799,6204,37003,557
2022-05-15,Sierra,091,2930,277,275,53,328,4
2022-05-15,Siskiyou,093,43540,4507,4482,2808,7290,81
2022-05-15,Solano,095,438530,84940,83669,5906,89575,451
2022-05-15,Sonoma,097,501317,88712,87070,3288,90358,488
2022-05-15,Stanislaus,099,539301,119292,118586,17989,136575,1645
2022-05-15,Sutter,101,95872,20772,20690,2190,22880,226
2022-05-15,Tehama,103,63373,12137,12115,2659,14774,201
2022-05-15,Trinity,105,12862,1193,1188,297,1485,20
2022-05-15,Tulare,107,460477,107367,107077,29196,136273,1469
2022-05-15,Tuolumne,109,53932,12985,12851,611,13462,182
2022-05-15,Ventura,111,848112,177856,176317,10330,186647,1497
2022-05-15,Yolo,113,214977,38760,37737,3413,41150,316
2022-05-15,Yuba,115,75493,16130,16028,1289,17317,122
2022-05-14,Alameda,001,1643700,273748,268944,15456,284400,1857
2022-05-14,Alpine,003,1148,125,125,1,126,0
2022-05-14,Amador,005,37829,8654,8574,683,9257,86
2022-05-14,Butte,007,227075,33549,33377,6883,40260,424
2022-05-14,Calaveras,009,45235,7413,7378,385,7763,120
2022-05-14,Colusa,011,21464,3465,3463,1082,4545,21
2022-05-14,Contra Costa,013,1133247,198971,195925,14493,210418,1301
2022-05-14,Del Norte,015,27424,6021,5919,215,6134,50
2022-05-14,El Dorado,017,186661,27462,27216,3367,30583,212
2022-05-14,Fresno,019,978130,234231,233305,24508,257813,2757
2022-05-14,Glenn,021,27897,5015,5004,1628,6632,48
2022-05-14,Humboldt,023,135768,17955,17633,3340,20973,146
2022-05-14,Imperial,025,180216,55943,55756,11020,66776,917
2022-05-14,Inyo,027,18085,4128,4114,541,4655,56
2022-05-14,Kern,029,883053,193638,192939,47137,240076,2314
2022-05-14,Kings,031,150075,51933,51779,3655,55434,447
2022-05-14,Lake,033,64148,10865,10790,920,11710,137
2022-05-14,Lassen,035,31185,8991,8987,894,9881,65
2022-05-14,Los Angeles,037,10098052,2787956,2768726,130594,2899320,31768
2022-05-14,Madera,039,155013,37741,37520,6280,43800,365
2022-05-14,Marin,041,260295,36178,35486,3376,38862,293
2022-05-14,Mariposa,043,17540,2492,2463,222,2685,30
2022-05-14,Mendocino,045,87422,13442,13349,3329,16678,124
2022-05-14,Merced,047,269075,62951,62627,8996,71623,818
2022-05-14,Modoc,049,8938,748,747,255,1002,8
2022-05-14,Mono,051,14174,3014,3002,150,3152,6
2022-05-14,Monterey,053,433212,81199,80620,14955,95575,735
2022-05-14,Napa,055,140530,27022,26698,1089,27787,143
2022-05-14,Nevada,057,99092,16399,16240,1289,17529,127
2022-05-14,Orange,059,3164182,561180,557134,43896,601030,7017
2022-05-14,Placer,061,380077,64642,63963,7715,71678,626
2022-05-14,Plumas,063,18699,3047,3006,373,3379,13
2022-05-14,Riverside,065,2383286,601333,597914,29059,626973,6471
2022-05-14,Sacramento,067,1510023,289047,286403,28330,314733,3022
2022-05-14,San Benito,069,59416,13172,13106,562,13668,98
2022-05-14,San Bernardino,071,2135413,576983,572057,25691,597748,7423
2022-05-14,San Diego,073,3302833,772818,770323,54976,825299,5271
2022-05-14,San Francisco,075,870044,137927,134916,9247,144163,866
2022-05-14,San Joaquin,077,732212,169474,168174,10662,178836,2236
2022-05-14,San Luis Obispo,079,281455,53821,53502,4163,57665,478
2022-05-14,San Mateo,081,765935,131801,129480,8062,137542,709
2022-05-14,Santa Barbara,083,443738,88505,87773,4996,92769,693
2022-05-14,Santa Clara,085,1922200,334338,328609,13906,342515,2297
2022-05-14,Santa Cruz,087,273765,51235,50268,2331,52599,263
2022-05-14,Shasta,089,179085,30935,30799,6203,37002,557
2022-05-14,Sierra,091,2930,277,275,53,328,4
2022-05-14,Siskiyou,093,43540,4504,4482,2806,7288,81
2022-05-14,Solano,095,438530,84879,83669,5894,89563,451
2022-05-14,Sonoma,097,501317,88567,87070,3279,90349,488
2022-05-14,Stanislaus,099,539301,119208,118586,17978,136564,1645
2022-05-14,Sutter,101,95872,20764,20690,2189,22879,226
2022-05-14,Tehama,103,63373,12131,12115,2658,14773,201
2022-05-14,Trinity,105,12862,1193,1188,297,1485,20
2022-05-14,Tulare,107,460477,107322,107077,29164,136241,1469
2022-05-14,Tuolumne,109,53932,12973,12851,611,13462,182
2022-05-14,Ventura,111,848112,177693,176317,10308,186625,1497
2022-05-14,Yolo,113,214977,38707,37737,3406,41143,316
2022-05-14,Yuba,115,75493,16123,16028,1288,17316,122
2022-05-13,Alameda,001,1643700,273273,268944,15427,284371,1857
2022-05-13,Alpine,003,1148,125,125,1,126,0
2022-05-13,Amador,005,37829,8649,8574,682,9256,86
2022-05-13,Butte,007,227075,33532,33377,6880,40257,424
2022-05-13,Calaveras,009,45235,7409,7378,385,7763,120
2022-05-13,Colusa,011,21464,3464,3463,1082,4545,21
2022-05-13,Contra Costa,013,1133247,198633,195925,14463,210388,1301
2022-05-13,Del Norte,015,27424,6018,5919,215,6134,50
2022-05-13,El Dorado,017,186661,27434,27216,3367,30583,212
2022-05-13,Fresno,019,978130,234123,233305,24492,257797,2757
2022-05-13,Glenn,021,27897,5013,5004,1627,6631,48
2022-05-13,Humboldt,023,135768,17931,17633,3332,20965,146
2022-05-13,Imperial,025,180216,55924,55756,11019,66775,917
2022-05-13,Inyo,027,18085,4128,4114,540,4654,56
2022-05-13,Kern,029,883053,193563,192939,47105,240044,2314
2022-05-13,Kings,031,150075,51909,51779,3655,55434,447
2022-05-13,Lake,033,64148,10862,10790,920,11710,137
2022-05-13,Lassen,035,31185,8990,8987,894,9881,65
2022-05-13,Los Angeles,037,10098052,2786020,2768726,130403,2899129,31768
2022-05-13,Madera,039,155013,37720,37520,6272,43792,365
2022-05-13,Marin,041,260295,36075,35486,3333,38819,293
2022-05-13,Mariposa,043,17540,2490,2463,222,2685,30
2022-05-13,Mendocino,045,87422,13428,13349,3324,16673,124
2022-05-13,Merced,047,269075,62916,62627,8988,71615,818
2022-05-13,Modoc,049,8938,748,747,255,1002,8
2022-05-13,Mono,051,14174,3012,3002,149,3151,6
2022-05-13,Monterey,053,433212,81142,80620,14912,95532,735
2022-05-13,Napa,055,140530,26986,26698,1087,27785,143
2022-05-13,Nevada,057,99092,16384,16240,1288,17528,127
2022-05-13,Orange,059,3164182,560714,557134,43820,600954,7017
2022-05-13,Placer,061,380077,64563,63963,7705,71668,626
2022-05-13,Plumas,063,18699,3040,3006,373,3379,13
2022-05-13,Riverside,065,2383286,600944,597914,29028,626942,6471
2022-05-13,Sacramento,067,1510023,288707,286403,28311,314714,3022
2022-05-13,San Benito,069,59416,13168,13106,562,13668,98
2022-05-13,San Bernardino,071,2135413,576749,572057,25681,597738,7423
2022-05-13,San Diego,073,3302833,772183,770323,54899,825222,5271
2022-05-13,San Francisco,075,870044,137573,134916,9227,144143,866
2022-05-13,San Joaquin,077,732212,169355,168174,10650,178824,2236
2022-05-13,San Luis Obispo,079,281455,53785,53502,4159,57661,478
2022-05-13,San Mateo,081,765935,131513,129480,8041,137521,709
2022-05-13,Santa Barbara,083,443738,88412,87773,4993,92766,693
2022-05-13,Santa Clara,085,1922200,333539,328609,13874,342483,2297
2022-05-13,Santa Cruz,087,273765,51148,50268,2323,52591,263
2022-05-13,Shasta,089,179085,30932,30799,6203,37002,557
2022-05-13,Sierra,091,2930,276,275,50,325,4
2022-05-13,Siskiyou,093,43540,4503,4482,2805,7287,81
2022-05-13,Solano,095,438530,84756,83669,5888,89557,451
2022-05-13,Sonoma,097,501317,88391,87070,3269,90339,488
2022-05-13,Stanislaus,099,539301,119112,118586,17969,136555,1645
2022-05-13,Sutter,101,95872,20752,20690,2188,22878,226
2022-05-13,Tehama,103,63373,12129,12115,2656,14771,201
2022-05-13,Trinity,105,12862,1192,1188,297,1485,20
2022-05-13,Tulare,107,460477,107277,107077,29125,136202,1469
2022-05-13,Tuolumne,109,53932,12957,12851,611,13462,182
2022-05-13,Ventura,111,848112,177517,176317,10296,186613,1497
2022-05-13,Yolo,113,214977,38645,37737,3402,41139,316
2022-05-13,Yuba,115,75493,16110,16028,1285,17313,122
2022-05-12,Alameda,001,1643700,272529,268944,15369,284313,1857
2022-05-12,Alpine,003,1148,125,125,1,126,0
2022-05-12,Amador,005,37829,8640,8574,682,9256,86
2022-05-12,Butte,007,227075,33507,33377,6867,40244,424
2022-05-12,Calaveras,009,45235,7405,7378,384,7762,120
2022-05-12,Colusa,011,21464,3464,3463,1081,4544,21
2022-05-12,Contra Costa,013,1133247,198109,195925,14400,210325,1301
2022-05-12,Del Norte,015,27424,6001,5919,213,6132,50
2022-05-12,El Dorado,017,186661,27393,27216,3358,30574,212
2022-05-12,Fresno,019,978130,233974,233305,24477,257782,2757
2022-05-12,Glenn,021,27897,5009,5004,1627,6631,48
2022-05-12,Humboldt,023,135768,17888,17633,3317,20950,146
2022-05-12,Imperial,025,180216,55897,55756,11004,66760,917
2022-05-12,Inyo,027,18085,4124,4114,535,4649,56
2022-05-12,Kern,029,883053,193497,192939,47055,239994,2314
2022-05-12,Kings,031,150075,51887,51779,3652,55431,447
2022-05-12,Lake,033,64148,10844,10790,915,11705,137
2022-05-12,Lassen,035,31185,8989,8987,893,9880,65
2022-05-12,Los Angeles,037,10098052,2782812,2768726,130130,2898856,31768
2022-05-12,Madera,039,155013,37694,37520,6262,43782,365
2022-05-12,Marin,041,260295,35975,35486,3310,38796,293
2022-05-12,Mariposa,043,17540,2485,2463,221,2684,30
2022-05-12,Mendocino,045,87422,13411,13349,3311,16660,124
2022-05-12,Merced,047,269075,62883,62627,8973,71600,818
2022-05-12,Modoc,049,8938,747,747,255,1002,8
2022-05-12,Mono,051,14174,3012,3002,149,3151,6
2022-05-12,Monterey,053,433212,81083,80620,14860,95480,735
2022-05-12,Napa,055,140530,26940,26698,1085,27783,143
2022-05-12,Nevada,057,99092,16362,16240,1287,17527,127
2022-05-12,Orange,059,3164182,560075,557134,43709,600843,7017
2022-05-12,Placer,061,380077,64465,63963,7682,71645,626
2022-05-12,Plumas,063,18699,3034,3006,373,3379,13
2022-05-12,Riverside,065,2383286,600486,597914,28993,626907,6471
2022-05-12,Sacramento,067,1510023,288251,286403,28241,314644,3022
2022-05-12,San Benito,069,59416,13153,13106,560,13666,98
2022-05-12,San Bernardino,071,2135413,576402,572057,25659,597716,7423
2022-05-12,San Diego,073,3302833,771232,770323,54812,825135,5271
2022-05-12,San Francisco,075,870044,137191,134916,9185,144101,866
2022-05-12,San Joaquin,077,732212,169176,168174,10614,178788,2236
2022-05-12,San Luis Obispo,079,281455,53726,53502,4129,57631,478
2022-05-12,San Mateo,081,765935,131105,129480,7985,137465,709
2022-05-12,Santa Barbara,083,443738,88306,87773,4982,92755,693
2022-05-12,Santa Clara,085,1922200,332560,328609,13782,342391,2297
2022-05-12,Santa Cruz,087,273765,51004,50268,2318,52586,263
2022-05-12,Shasta,089,179085,30919,30799,6200,36999,557
2022-05-12,Sierra,091,2930,275,275,50,325,4
2022-05-12,Siskiyou,093,43540,4498,4482,2803,7285,81
2022-05-12,Solano,095,438530,84540,83669,5875,89544,451
2022-05-12,Sonoma,097,501317,88174,87070,3245,90315,488
2022-05-12,Stanislaus,099,539301,119011,118586,17942,136528,1645
2022-05-12,Sutter,101,95872,20736,20690,2187,22877,226
2022-05-12,Tehama,103,63373,12122,12115,2654,14769,201
2022-05-12,Trinity,105,12862,1191,1188,296,1484,20
2022-05-12,Tulare,107,460477,107226,107077,29067,136144,1469
2022-05-12,Tuolumne,109,53932,12937,12851,606,13457,182
2022-05-12,Ventura,111,848112,177286,176317,10258,186575,1497
2022-05-12,Yolo,113,214977,38538,37737,3391,41128,316
2022-05-12,Yuba,115,75493,16094,16028,1281,17309,122
2022-05-11,Alameda,001,1643700,271823,267982,15310,283292,1853
2022-05-11,Alpine,003,1148,125,125,1,126,0
2022-05-11,Amador,005,37829,8633,8564,681,9245,86
2022-05-11,Butte,007,227075,33474,33339,6862,40201,423
2022-05-11,Calaveras,009,45235,7400,7368,380,7748,120
2022-05-11,Colusa,011,21464,3463,3462,1081,4543,21
2022-05-11,Contra Costa,013,1133247,197597,195153,14345,209498,1302
2022-05-11,Del Norte,015,27424,5991,5911,213,6124,50
2022-05-11,El Dorado,017,186661,27357,27172,3350,30522,212
2022-05-11,Fresno,019,978130,233810,233021,24453,257474,2754
2022-05-11,Glenn,021,27897,5009,5001,1626,6627,48
2022-05-11,Humboldt,023,135768,17846,17585,3300,20885,146
2022-05-11,Imperial,025,180216,55870,55751,10993,66744,917
2022-05-11,Inyo,027,18085,4123,4093,534,4627,56
2022-05-11,Kern,029,883053,193401,192795,47007,239802,2292
2022-05-11,Kings,031,150075,51859,51752,3650,55402,447
2022-05-11,Lake,033,64148,10831,10786,914,11700,137
2022-05-11,Lassen,035,31185,8988,8984,892,9876,65
2022-05-11,Los Angeles,037,10098052,2779679,2761410,129900,2891310,31747
2022-05-11,Madera,039,155013,37661,37496,6251,43747,365
2022-05-11,Marin,041,260295,35874,35336,3266,38602,292
2022-05-11,Mariposa,043,17540,2480,2461,221,2682,30
2022-05-11,Mendocino,045,87422,13396,13320,3294,16614,124
2022-05-11,Merced,047,269075,62842,62567,8951,71518,818
2022-05-11,Modoc,049,8938,746,747,255,1002,8
2022-05-11,Mono,051,14174,3012,2999,148,3147,6
2022-05-11,Monterey,053,433212,81020,80534,14807,95341,733
2022-05-11,Napa,055,140530,26888,26660,1083,27743,143
2022-05-11,Nevada,057,99092,16346,16230,1282,17512,127
2022-05-11,Orange,059,3164182,559398,556265,43625,599890,7009
2022-05-11,Placer,061,380077,64367,63823,7668,71491,625
2022-05-11,Plumas,063,18699,3026,2998,373,3371,13
2022-05-11,Riverside,065,2383286,600035,597302,28959,626261,6468
2022-05-11,Sacramento,067,1510023,287840,285799,28189,313988,3020
2022-05-11,San Benito,069,59416,13133,13088,560,13648,98
2022-05-11,San Bernardino,071,2135413,576038,571372,25651,597023,7354
2022-05-11,San Diego,073,3302833,770249,768135,54681,822816,5257
2022-05-11,San Francisco,075,870044,136693,134027,9152,143179,864
2022-05-11,San Joaquin,077,732212,169001,167949,10589,178538,2233
2022-05-11,San Luis Obispo,079,281455,53679,53420,4111,57531,478
2022-05-11,San Mateo,081,765935,130709,128821,7936,136757,711
2022-05-11,Santa Barbara,083,443738,88177,87593,4969,92562,693
2022-05-11,Santa Clara,085,1922200,331556,327177,13732,340909,2294
2022-05-11,Santa Cruz,087,273765,50846,50031,2303,52334,263
2022-05-11,Shasta,089,179085,30887,30768,6197,36965,564
2022-05-11,Sierra,091,2930,275,275,50,325,4
2022-05-11,Siskiyou,093,43540,4496,4478,2803,7281,81
2022-05-11,Solano,095,438530,84343,83464,5863,89327,450
2022-05-11,Sonoma,097,501317,87967,86798,3233,90031,488
2022-05-11,Stanislaus,099,539301,118911,118445,17923,136368,1644
2022-05-11,Sutter,101,95872,20721,20668,2186,22854,225
2022-05-11,Tehama,103,63373,12122,12106,2653,14759,201
2022-05-11,Trinity,105,12862,1189,1188,296,1484,20
2022-05-11,Tulare,107,460477,107170,107068,29033,136101,1468
2022-05-11,Tuolumne,109,53932,12918,12829,606,13435,181
2022-05-11,Ventura,111,848112,177089,175955,10216,186171,1491
2022-05-11,Yolo,113,214977,38433,37654,3388,41042,316
2022-05-11,Yuba,115,75493,16075,15997,1272,17269,122
2022-05-10,Alameda,001,1643700,271046,267982,15253,283235,1853
2022-05-10,Alpine,003,1148,125,125,1,126,0
2022-05-10,Amador,005,37829,8630,8564,680,9244,86
2022-05-10,Butte,007,227075,33450,33339,6859,40198,423
2022-05-10,Calaveras,009,45235,7396,7368,378,7746,120
2022-05-10,Colusa,011,21464,3463,3462,1080,4542,21
2022-05-10,Contra Costa,013,1133247,197117,195153,14305,209458,1302
2022-05-10,Del Norte,015,27424,5938,5911,213,6124,50
2022-05-10,El Dorado,017,186661,27320,27172,3344,30516,212
2022-05-10,Fresno,019,978130,233649,233021,24426,257447,2754
2022-05-10,Glenn,021,27897,5006,5001,1626,6627,48
2022-05-10,Humboldt,023,135768,17808,17585,3284,20869,146
2022-05-10,Imperial,025,180216,55835,55751,10974,66725,917
2022-05-10,Inyo,027,18085,4121,4093,527,4620,56
2022-05-10,Kern,029,883053,193298,192795,46967,239762,2292
2022-05-10,Kings,031,150075,51827,51752,3650,55402,447
2022-05-10,Lake,033,64148,10826,10786,914,11700,137
2022-05-10,Lassen,035,31185,8983,8984,892,9876,65
2022-05-10,Los Angeles,037,10098052,2776384,2761410,129667,2891077,31747
2022-05-10,Madera,039,155013,37629,37496,6238,43734,365
2022-05-10,Marin,041,260295,35762,35336,3224,38560,292
2022-05-10,Mariposa,043,17540,2480,2461,221,2682,30
2022-05-10,Mendocino,045,87422,13384,13320,3281,16601,124
2022-05-10,Merced,047,269075,62795,62567,8931,71498,818
2022-05-10,Modoc,049,8938,746,747,255,1002,8
2022-05-10,Mono,051,14174,3008,2999,145,3144,6
2022-05-10,Monterey,053,433212,80953,80534,14761,95295,733
2022-05-10,Napa,055,140530,26850,26660,1081,27741,143
2022-05-10,Nevada,057,99092,16326,16230,1277,17507,127
2022-05-10,Orange,059,3164182,558686,556265,43530,599795,7009
2022-05-10,Placer,061,380077,64254,63823,7653,71476,625
2022-05-10,Plumas,063,18699,3018,2998,372,3370,13
2022-05-10,Riverside,065,2383286,599608,597302,28923,626225,6468
2022-05-10,Sacramento,067,1510023,287339,285799,28116,313915,3020
2022-05-10,San Benito,069,59416,13116,13088,554,13642,98
2022-05-10,San Bernardino,071,2135413,575684,571372,25621,596993,7354
2022-05-10,San Diego,073,3302833,769228,768135,54562,822697,5257
2022-05-10,San Francisco,075,870044,136139,134027,9121,143148,864
2022-05-10,San Joaquin,077,732212,168843,167949,10523,178472,2233
2022-05-10,San Luis Obispo,079,281455,53603,53420,4084,57504,478
2022-05-10,San Mateo,081,765935,130332,128821,7895,136716,711
2022-05-10,Santa Barbara,083,443738,88061,87593,4954,92547,693
2022-05-10,Santa Clara,085,1922200,330528,327177,13647,340824,2294
2022-05-10,Santa Cruz,087,273765,50721,50031,2293,52324,263
2022-05-10,Shasta,089,179085,30867,30768,6196,36964,564
2022-05-10,Sierra,091,2930,275,275,49,324,4
2022-05-10,Siskiyou,093,43540,4492,4478,2802,7280,81
2022-05-10,Solano,095,438530,84159,83464,5839,89303,450
2022-05-10,Sonoma,097,501317,87726,86798,3194,89992,488
2022-05-10,Stanislaus,099,539301,118817,118445,17904,136349,1644
2022-05-10,Sutter,101,95872,20702,20668,2183,22851,225
2022-05-10,Tehama,103,63373,12119,12106,2646,14752,201
2022-05-10,Trinity,105,12862,1189,1188,296,1484,20
2022-05-10,Tulare,107,460477,107128,107068,29001,136069,1468
2022-05-10,Tuolumne,109,53932,12906,12829,606,13435,181
2022-05-10,Ventura,111,848112,176875,175955,10182,186137,1491
2022-05-10,Yolo,113,214977,38335,37654,3377,41031,316
2022-05-10,Yuba,115,75493,16054,15997,1269,17266,122
2022-05-09,Alameda,001,1643700,270279,267982,15205,283187,1853
2022-05-09,Alpine,003,1148,125,125,1,126,0
2022-05-09,Amador,005,37829,8623,8564,680,9244,86
2022-05-09,Butte,007,227075,33423,33339,6851,40190,423
2022-05-09,Calaveras,009,45235,7390,7368,378,7746,120
2022-05-09,Colusa,011,21464,3461,3462,1078,4540,21
2022-05-09,Contra Costa,013,1133247,196646,195153,14243,209396,1302
2022-05-09,Del Norte,015,27424,5929,5911,212,6123,50
2022-05-09,El Dorado,017,186661,27284,27172,3336,30508,212
2022-05-09,Fresno,019,978130,233490,233021,24402,257423,2754
2022-05-09,Glenn,021,27897,5004,5001,1624,6625,48
2022-05-09,Humboldt,023,135768,17757,17585,3261,20846,146
2022-05-09,Imperial,025,180216,55802,55751,10959,66710,917
2022-05-09,Inyo,027,18085,4118,4093,524,4617,56
2022-05-09,Kern,029,883053,193198,192795,46909,239704,2292
2022-05-09,Kings,031,150075,51796,51752,3649,55401,447
2022-05-09,Lake,033,64148,10819,10786,913,11699,137
2022-05-09,Lassen,035,31185,8981,8984,892,9876,65
2022-05-09,Los Angeles,037,10098052,2773030,2761410,129425,2890835,31747
2022-05-09,Madera,039,155013,37599,37496,6228,43724,365
2022-05-09,Marin,041,260295,35645,35336,3187,38523,292
2022-05-09,Mariposa,043,17540,2475,2461,221,2682,30
2022-05-09,Mendocino,045,87422,13373,13320,3270,16590,124
2022-05-09,Merced,047,269075,62754,62567,8911,71478,818
2022-05-09,Modoc,049,8938,746,747,255,1002,8
2022-05-09,Mono,051,14174,3006,2999,141,3140,6
2022-05-09,Monterey,053,433212,80857,80534,14710,95244,733
2022-05-09,Napa,055,140530,26800,26660,1080,27740,143
2022-05-09,Nevada,057,99092,16298,16230,1271,17501,127
2022-05-09,Orange,059,3164182,558018,556265,43444,599709,7009
2022-05-09,Placer,061,380077,64195,63823,7636,71459,625
2022-05-09,Plumas,063,18699,3009,2998,372,3370,13
2022-05-09,Riverside,065,2383286,599122,597302,28883,626185,6468
2022-05-09,Sacramento,067,1510023,286911,285799,28034,313833,3020
2022-05-09,San Benito,069,59416,13098,13088,550,13638,98
2022-05-09,San Bernardino,071,2135413,575355,571372,25604,596976,7354
2022-05-09,San Diego,073,3302833,768252,768135,54419,822554,5257
2022-05-09,San Francisco,075,870044,135588,134027,9096,143123,864
2022-05-09,San Joaquin,077,732212,168659,167949,10495,178444,2233
2022-05-09,San Luis Obispo,079,281455,53551,53420,4064,57484,478
2022-05-09,San Mateo,081,765935,129907,128821,7855,136676,711
2022-05-09,Santa Barbara,083,443738,87933,87593,4943,92536,693
2022-05-09,Santa Clara,085,1922200,329378,327177,13581,340758,2294
2022-05-09,Santa Cruz,087,273765,50583,50031,2285,52316,263
2022-05-09,Shasta,089,179085,30853,30768,6194,36962,564
2022-05-09,Sierra,091,2930,275,275,49,324,4
2022-05-09,Siskiyou,093,43540,4491,4478,2801,7279,81
2022-05-09,Solano,095,438530,84004,83464,5825,89289,450
2022-05-09,Sonoma,097,501317,87466,86798,3167,89965,488
2022-05-09,Stanislaus,099,539301,118721,118445,17886,136331,1644
2022-05-09,Sutter,101,95872,20689,20668,2181,22849,225
2022-05-09,Tehama,103,63373,12117,12106,2644,14750,201
2022-05-09,Trinity,105,12862,1189,1188,296,1484,20
2022-05-09,Tulare,107,460477,107080,107068,28960,136028,1468
2022-05-09,Tuolumne,109,53932,12898,12829,606,13435,181
2022-05-09,Ventura,111,848112,176657,175955,10132,186087,1491
2022-05-09,Yolo,113,214977,38229,37654,3367,41021,316
2022-05-09,Yuba,115,75493,16045,15997,1268,17265,122
2022-05-08,Alameda,001,1643700,269396,265198,15129,280327,1855
2022-05-08,Alpine,003,1148,125,125,1,126,0
2022-05-08,Amador,005,37829,8612,8556,678,9234,86
2022-05-08,Butte,007,227075,33400,33269,6840,40109,421
2022-05-08,Calaveras,009,45235,7383,7353,377,7730,120
2022-05-08,Colusa,011,21464,3460,3459,1077,4536,21
2022-05-08,Contra Costa,013,1133247,196135,193961,14164,208125,1302
2022-05-08,Del Norte,015,27424,5915,5884,212,6096,50
2022-05-08,El Dorado,017,186661,27246,27081,3330,30411,210
2022-05-08,Fresno,019,978130,233323,232655,24380,257035,2754
2022-05-08,Glenn,021,27897,5002,4996,1624,6620,48
2022-05-08,Humboldt,023,135768,17705,17410,3221,20631,146
2022-05-08,Imperial,025,180216,55768,55683,10946,66629,917
2022-05-08,Inyo,027,18085,4111,4087,523,4610,56
2022-05-08,Kern,029,883053,193104,192590,46861,239451,2287
2022-05-08,Kings,031,150075,51779,51702,3649,55351,447
2022-05-08,Lake,033,64148,10812,10766,913,11679,137
2022-05-08,Lassen,035,31185,8977,8978,892,9870,65
2022-05-08,Los Angeles,037,10098052,2769454,2751478,129132,2880610,31738
2022-05-08,Madera,039,155013,37579,37420,6210,43630,365
2022-05-08,Marin,041,260295,35521,34934,3138,38072,292
2022-05-08,Mariposa,043,17540,2468,2438,220,2658,30
2022-05-08,Mendocino,045,87422,13354,13270,3242,16512,124
2022-05-08,Merced,047,269075,62703,62471,8882,71353,818
2022-05-08,Modoc,049,8938,746,745,255,1000,8
2022-05-08,Mono,051,14174,3005,2997,138,3135,6
2022-05-08,Monterey,053,433212,80765,80246,14623,94869,733
2022-05-08,Napa,055,140530,26759,26524,1077,27601,143
2022-05-08,Nevada,057,99092,16274,16171,1269,17440,127
2022-05-08,Orange,059,3164182,557343,554411,43331,597742,7007
2022-05-08,Placer,061,380077,64078,63577,7609,71186,625
2022-05-08,Plumas,063,18699,3005,2996,372,3368,13
2022-05-08,Riverside,065,2383286,598634,596022,28840,624862,6467
2022-05-08,Sacramento,067,1510023,286407,284564,27957,312521,3016
2022-05-08,San Benito,069,59416,13083,13047,546,13593,98
2022-05-08,San Bernardino,071,2135413,574928,570381,25566,595947,7306
2022-05-08,San Diego,073,3302833,767228,765377,54315,819692,5244
2022-05-08,San Francisco,075,870044,134933,132659,9060,141719,861
2022-05-08,San Joaquin,077,732212,168472,167568,10453,178021,2229
2022-05-08,San Luis Obispo,079,281455,53481,53273,4042,57315,477
2022-05-08,San Mateo,081,765935,129445,127615,7800,135415,709
2022-05-08,Santa Barbara,083,443738,87799,87305,4933,92238,692
2022-05-08,Santa Clara,085,1922200,328299,324946,13508,338454,2287
2022-05-08,Santa Cruz,087,273765,50403,49605,2280,51885,262
2022-05-08,Shasta,089,179085,30825,30721,6190,36911,563
2022-05-08,Sierra,091,2930,275,275,49,324,4
2022-05-08,Siskiyou,093,43540,4488,4470,2796,7266,81
2022-05-08,Solano,095,438530,83834,83038,5799,88837,450
2022-05-08,Sonoma,097,501317,87245,86150,3133,89283,488
2022-05-08,Stanislaus,099,539301,118614,118235,17862,136097,1643
2022-05-08,Sutter,101,95872,20668,20694,2176,22870,225
2022-05-08,Tehama,103,63373,12111,12098,2641,14739,201
2022-05-08,Trinity,105,12862,1188,1180,296,1476,20
2022-05-08,Tulare,107,460477,107038,106987,28922,135909,1468
2022-05-08,Tuolumne,109,53932,12885,12793,602,13395,181
2022-05-08,Ventura,111,848112,176421,175454,10078,185532,1491
2022-05-08,Yolo,113,214977,38133,37456,3352,40808,315
2022-05-08,Yuba,115,75493,16023,15964,1264,17228,122
2022-05-07,Alameda,001,1643700,269025,265198,15109,280307,1855
2022-05-07,Alpine,003,1148,125,125,1,126,0
2022-05-07,Amador,005,37829,8610,8556,678,9234,86
2022-05-07,Butte,007,227075,33392,33269,6832,40101,421
2022-05-07,Calaveras,009,45235,7376,7353,377,7730,120
2022-05-07,Colusa,011,21464,3460,3459,1077,4536,21
2022-05-07,Contra Costa,013,1133247,195897,193961,14147,208108,1302
2022-05-07,Del Norte,015,27424,5913,5884,212,6096,50
2022-05-07,El Dorado,017,186661,27228,27081,3329,30410,210
2022-05-07,Fresno,019,978130,233268,232655,24373,257028,2754
2022-05-07,Glenn,021,27897,5001,4996,1624,6620,48
2022-05-07,Humboldt,023,135768,17676,17410,3213,20623,146
2022-05-07,Imperial,025,180216,55745,55683,10937,66620,917
2022-05-07,Inyo,027,18085,4108,4087,523,4610,56
2022-05-07,Kern,029,883053,193069,192590,46839,239429,2287
2022-05-07,Kings,031,150075,51768,51702,3649,55351,447
2022-05-07,Lake,033,64148,10808,10766,913,11679,137
2022-05-07,Lassen,035,31185,8977,8978,892,9870,65
2022-05-07,Los Angeles,037,10098052,2767864,2751478,128963,2880441,31738
2022-05-07,Madera,039,155013,37572,37420,6210,43630,365
2022-05-07,Marin,041,260295,35447,34934,3105,38039,292
2022-05-07,Mariposa,043,17540,2465,2438,220,2658,30
2022-05-07,Mendocino,045,87422,13345,13270,3238,16508,124
2022-05-07,Merced,047,269075,62690,62471,8881,71352,818
2022-05-07,Modoc,049,8938,746,745,255,1000,8
2022-05-07,Mono,051,14174,3004,2997,138,3135,6
2022-05-07,Monterey,053,433212,80705,80246,14597,94843,733
2022-05-07,Napa,055,140530,26729,26524,1076,27600,143
2022-05-07,Nevada,057,99092,16264,16171,1264,17435,127
2022-05-07,Orange,059,3164182,557013,554411,43276,597687,7007
2022-05-07,Placer,061,380077,64015,63577,7603,71180,625
2022-05-07,Plumas,063,18699,3005,2996,371,3367,13
2022-05-07,Riverside,065,2383286,598379,596022,28811,624833,6467
2022-05-07,Sacramento,067,1510023,286213,284564,27943,312507,3016
2022-05-07,San Benito,069,59416,13074,13047,543,13590,98
2022-05-07,San Bernardino,071,2135413,574717,570381,25561,595942,7306
2022-05-07,San Diego,073,3302833,766743,765377,54286,819663,5244
2022-05-07,San Francisco,075,870044,134599,132659,9040,141699,861
2022-05-07,San Joaquin,077,732212,168366,167568,10445,178013,2229
2022-05-07,San Luis Obispo,079,281455,53469,53273,4031,57304,477
2022-05-07,San Mateo,081,765935,129160,127615,7777,135392,709
2022-05-07,Santa Barbara,083,443738,87719,87305,4930,92235,692
2022-05-07,Santa Clara,085,1922200,327679,324946,13486,338432,2287
2022-05-07,Santa Cruz,087,273765,50350,49605,2270,51875,262
2022-05-07,Shasta,089,179085,30817,30721,6190,36911,563
2022-05-07,Sierra,091,2930,275,275,49,324,4
2022-05-07,Siskiyou,093,43540,4486,4470,2795,7265,81
2022-05-07,Solano,095,438530,83779,83038,5794,88832,450
2022-05-07,Sonoma,097,501317,87121,86150,3123,89273,488
2022-05-07,Stanislaus,099,539301,118567,118235,17854,136089,1643
2022-05-07,Sutter,101,95872,20659,20694,2176,22870,225
2022-05-07,Tehama,103,63373,12109,12098,2640,14738,201
2022-05-07,Trinity,105,12862,1188,1180,296,1476,20
2022-05-07,Tulare,107,460477,107014,106987,28909,135896,1468
2022-05-07,Tuolumne,109,53932,12878,12793,602,13395,181
2022-05-07,Ventura,111,848112,176311,175454,10049,185503,1491
2022-05-07,Yolo,113,214977,38088,37456,3350,40806,315
2022-05-07,Yuba,115,75493,16014,15964,1263,17227,122
2022-05-06,Alameda,001,1643700,268646,265198,15082,280280,1855
2022-05-06,Alpine,003,1148,125,125,1,126,0
2022-05-06,Amador,005,37829,8609,8556,677,9233,86
2022-05-06,Butte,007,227075,33383,33269,6830,40099,421
2022-05-06,Calaveras,009,45235,7373,7353,377,7730,120
2022-05-06,Colusa,011,21464,3460,3459,1077,4536,21
2022-05-06,Contra Costa,013,1133247,195671,193961,14134,208095,1302
2022-05-06,Del Norte,015,27424,5904,5884,212,6096,50
2022-05-06,El Dorado,017,186661,27203,27081,3327,30408,210
2022-05-06,Fresno,019,978130,233192,232655,24362,257017,2754
2022-05-06,Glenn,021,27897,5001,4996,1624,6620,48
2022-05-06,Humboldt,023,135768,17649,17410,3207,20617,146
2022-05-06,Imperial,025,180216,55735,55683,10932,66615,917
2022-05-06,Inyo,027,18085,4098,4087,520,4607,56
2022-05-06,Kern,029,883053,193017,192590,46810,239400,2287
2022-05-06,Kings,031,150075,51760,51702,3649,55351,447
2022-05-06,Lake,033,64148,10806,10766,913,11679,137
2022-05-06,Lassen,035,31185,8977,8978,892,9870,65
2022-05-06,Los Angeles,037,10098052,2766043,2751478,128821,2880299,31738
2022-05-06,Madera,039,155013,37558,37420,6207,43627,365
2022-05-06,Marin,041,260295,35369,34934,3057,37991,292
2022-05-06,Mariposa,043,17540,2464,2438,213,2651,30
2022-05-06,Mendocino,045,87422,13333,13270,3235,16505,124
2022-05-06,Merced,047,269075,62673,62471,8880,71351,818
2022-05-06,Modoc,049,8938,746,745,255,1000,8
2022-05-06,Mono,051,14174,3003,2997,138,3135,6
2022-05-06,Monterey,053,433212,80666,80246,14559,94805,733
2022-05-06,Napa,055,140530,26712,26524,1076,27600,143
2022-05-06,Nevada,057,99092,16252,16171,1261,17432,127
2022-05-06,Orange,059,3164182,556667,554411,43206,597617,7007
2022-05-06,Placer,061,380077,63955,63577,7590,71167,625
2022-05-06,Plumas,063,18699,3003,2996,371,3367,13
2022-05-06,Riverside,065,2383286,598151,596022,28789,624811,6467
2022-05-06,Sacramento,067,1510023,285957,284564,27923,312487,3016
2022-05-06,San Benito,069,59416,13070,13047,543,13590,98
2022-05-06,San Bernardino,071,2135413,574542,570381,25554,595935,7306
2022-05-06,San Diego,073,3302833,766232,765377,54252,819629,5244
2022-05-06,San Francisco,075,870044,134273,132659,9013,141672,861
2022-05-06,San Joaquin,077,732212,168276,167568,10432,178000,2229
2022-05-06,San Luis Obispo,079,281455,53445,53273,4026,57299,477
2022-05-06,San Mateo,081,765935,128933,127615,7768,135383,709
2022-05-06,Santa Barbara,083,443738,87665,87305,4928,92233,692
2022-05-06,Santa Clara,085,1922200,327088,324946,13471,338417,2287
2022-05-06,Santa Cruz,087,273765,50286,49605,2266,51871,262
2022-05-06,Shasta,089,179085,30811,30721,6189,36910,563
2022-05-06,Sierra,091,2930,275,275,49,324,4
2022-05-06,Siskiyou,093,43540,4484,4470,2792,7262,81
2022-05-06,Solano,095,438530,83691,83038,5786,88824,450
2022-05-06,Sonoma,097,501317,86999,86150,3108,89258,488
2022-05-06,Stanislaus,099,539301,118511,118235,17847,136082,1643
2022-05-06,Sutter,101,95872,20653,20694,2176,22870,225
2022-05-06,Tehama,103,63373,12104,12098,2640,14738,201
2022-05-06,Trinity,105,12862,1187,1180,296,1476,20
2022-05-06,Tulare,107,460477,106995,106987,28897,135884,1468
2022-05-06,Tuolumne,109,53932,12871,12793,601,13394,181
2022-05-06,Ventura,111,848112,176193,175454,10019,185473,1491
2022-05-06,Yolo,113,214977,38042,37456,3345,40801,315
2022-05-06,Yuba,115,75493,16003,15964,1262,17226,122
2022-05-05,Alameda,001,1643700,268059,265198,15034,280232,1855
2022-05-05,Alpine,003,1148,125,125,1,126,0
2022-05-05,Amador,005,37829,8607,8556,676,9232,86
2022-05-05,Butte,007,227075,33364,33269,6824,40093,421
2022-05-05,Calaveras,009,45235,7370,7353,374,7727,120
2022-05-05,Colusa,011,21464,3460,3459,1074,4533,21
2022-05-05,Contra Costa,013,1133247,195283,193961,14085,208046,1302
2022-05-05,Del Norte,015,27424,5903,5884,212,6096,50
2022-05-05,El Dorado,017,186661,27178,27081,3320,30401,210
2022-05-05,Fresno,019,978130,233091,232655,24340,256995,2754
2022-05-05,Glenn,021,27897,5001,4996,1624,6620,48
2022-05-05,Humboldt,023,135768,17612,17410,3193,20603,146
2022-05-05,Imperial,025,180216,55728,55683,10921,66604,917
2022-05-05,Inyo,027,18085,4094,4087,519,4606,56
2022-05-05,Kern,029,883053,192960,192590,46772,239362,2287
2022-05-05,Kings,031,150075,51752,51702,3649,55351,447
2022-05-05,Lake,033,64148,10802,10766,913,11679,137
2022-05-05,Lassen,035,31185,8977,8978,892,9870,65
2022-05-05,Los Angeles,037,10098052,2763459,2751478,128594,2880072,31738
2022-05-05,Madera,039,155013,37541,37420,6201,43621,365
2022-05-05,Marin,041,260295,35260,34934,3032,37966,292
2022-05-05,Mariposa,043,17540,2462,2438,213,2651,30
2022-05-05,Mendocino,045,87422,13322,13270,3226,16496,124
2022-05-05,Merced,047,269075,62640,62471,8875,71346,818
2022-05-05,Modoc,049,8938,746,745,253,998,8
2022-05-05,Mono,051,14174,3002,2997,137,3134,6
2022-05-05,Monterey,053,433212,80613,80246,14529,94775,733
2022-05-05,Napa,055,140530,26679,26524,1075,27599,143
2022-05-05,Nevada,057,99092,16242,16171,1258,17429,127
2022-05-05,Orange,059,3164182,556155,554411,43146,597557,7007
2022-05-05,Placer,061,380077,63894,63577,7581,71158,625
2022-05-05,Plumas,063,18699,3002,2996,371,3367,13
2022-05-05,Riverside,065,2383286,597811,596022,28759,624781,6467
2022-05-05,Sacramento,067,1510023,285622,284564,27866,312430,3016
2022-05-05,San Benito,069,59416,13059,13047,541,13588,98
2022-05-05,San Bernardino,071,2135413,574256,570381,25537,595918,7306
2022-05-05,San Diego,073,3302833,765494,765377,54182,819559,5244
2022-05-05,San Francisco,075,870044,133860,132659,8978,141637,861
2022-05-05,San Joaquin,077,732212,168184,167568,10399,177967,2229
2022-05-05,San Luis Obispo,079,281455,53409,53273,4007,57280,477
2022-05-05,San Mateo,081,765935,128597,127615,7739,135354,709
2022-05-05,Santa Barbara,083,443738,87590,87305,4923,92228,692
2022-05-05,Santa Clara,085,1922200,326290,324946,13409,338355,2287
2022-05-05,Santa Cruz,087,273765,50188,49605,2262,51867,262
2022-05-05,Shasta,089,179085,30801,30721,6187,36908,563
2022-05-05,Sierra,091,2930,275,275,49,324,4
2022-05-05,Siskiyou,093,43540,4482,4470,2792,7262,81
2022-05-05,Solano,095,438530,83571,83038,5768,88806,450
2022-05-05,Sonoma,097,501317,86826,86150,3089,89239,488
2022-05-05,Stanislaus,099,539301,118454,118235,17831,136066,1643
2022-05-05,Sutter,101,95872,20651,20694,2174,22868,225
2022-05-05,Tehama,103,63373,12100,12098,2637,14735,201
2022-05-05,Trinity,105,12862,1187,1180,296,1476,20
2022-05-05,Tulare,107,460477,106965,106987,28877,135864,1468
2022-05-05,Tuolumne,109,53932,12853,12793,597,13390,181
2022-05-05,Ventura,111,848112,176010,175454,9973,185427,1491
2022-05-05,Yolo,113,214977,37972,37456,3333,40789,315
2022-05-05,Yuba,115,75493,15993,15964,1259,17223,122
2022-05-04,Alameda,001,1643700,267399,263736,14985,278721,1850
2022-05-04,Alpine,003,1148,125,124,1,125,0
2022-05-04,Amador,005,37829,8604,8546,675,9221,86
2022-05-04,Butte,007,227075,33346,33220,6817,40037,417
2022-05-04,Calaveras,009,45235,7365,7344,374,7718,120
2022-05-04,Colusa,011,21464,3459,3460,1074,4534,21
2022-05-04,Contra Costa,013,1133247,194920,193175,14027,207202,1302
2022-05-04,Del Norte,015,27424,5895,5866,212,6078,50
2022-05-04,El Dorado,017,186661,27152,27021,3313,30334,210
2022-05-04,Fresno,019,978130,232974,232332,24328,256660,2751
2022-05-04,Glenn,021,27897,4999,4995,1624,6619,48
2022-05-04,Humboldt,023,135768,17572,17316,3182,20498,146
2022-05-04,Imperial,025,180216,55706,55548,10910,66458,910
2022-05-04,Inyo,027,18085,4094,4085,516,4601,56
2022-05-04,Kern,029,883053,192897,192432,46734,239166,2281
2022-05-04,Kings,031,150075,51735,51663,3647,55310,447
2022-05-04,Lake,033,64148,10797,10758,913,11671,137
2022-05-04,Lassen,035,31185,8976,8972,890,9862,65
2022-05-04,Los Angeles,037,10098052,2760686,2744894,128402,2873296,31722
2022-05-04,Madera,039,155013,37517,37395,6192,43587,365
2022-05-04,Marin,041,260295,35175,34727,3009,37736,291
2022-05-04,Mariposa,043,17540,2456,2435,209,2644,30
2022-05-04,Mendocino,045,87422,13314,13247,3218,16465,123
2022-05-04,Merced,047,269075,62614,62419,8865,71284,818
2022-05-04,Modoc,049,8938,746,746,253,999,8
2022-05-04,Mono,051,14174,3001,2993,135,3128,6
2022-05-04,Monterey,053,433212,80551,80038,14505,94543,732
2022-05-04,Napa,055,140530,26641,26434,1071,27505,143
2022-05-04,Nevada,057,99092,16226,16136,1254,17390,127
2022-05-04,Orange,059,3164182,555569,553177,43069,596246,7006
2022-05-04,Placer,061,380077,63811,63410,7575,70985,625
2022-05-04,Plumas,063,18699,3000,2947,371,3318,13
2022-05-04,Riverside,065,2383286,597475,594981,28729,623710,6457
2022-05-04,Sacramento,067,1510023,285293,283939,27825,311764,3013
2022-05-04,San Benito,069,59416,13049,13019,535,13554,98
2022-05-04,San Bernardino,071,2135413,573997,569570,25523,595093,7240
2022-05-04,San Diego,073,3302833,764747,763453,54090,817543,5239
2022-05-04,San Francisco,075,870044,133450,131599,8957,140556,860
2022-05-04,San Joaquin,077,732212,168079,167280,10367,177647,2225
2022-05-04,San Luis Obispo,079,281455,53365,53156,3994,57150,477
2022-05-04,San Mateo,081,765935,128275,126800,7703,134503,710
2022-05-04,Santa Barbara,083,443738,87486,87058,4908,91966,688
2022-05-04,Santa Clara,085,1922200,325482,322805,13350,336155,2285
2022-05-04,Santa Cruz,087,273765,50074,49230,2259,51489,262
2022-05-04,Shasta,089,179085,30785,30681,6184,36865,556
2022-05-04,Sierra,091,2930,275,275,49,324,4
2022-05-04,Siskiyou,093,43540,4478,4463,2788,7251,81
2022-05-04,Solano,095,438530,83427,82796,5756,88552,449
2022-05-04,Sonoma,097,501317,86650,85694,3065,88759,488
2022-05-04,Stanislaus,099,539301,118393,118123,17820,135943,1643
2022-05-04,Sutter,101,95872,20640,20672,2172,22844,224
2022-05-04,Tehama,103,63373,12098,12090,2634,14724,201
2022-05-04,Trinity,105,12862,1187,1180,296,1476,20
2022-05-04,Tulare,107,460477,106946,106935,28861,135796,1464
2022-05-04,Tuolumne,109,53932,12846,12757,595,13352,181
2022-05-04,Ventura,111,848112,175845,175066,9929,184995,1486
2022-05-04,Yolo,113,214977,37902,37344,3326,40670,315
2022-05-04,Yuba,115,75493,15984,15940,1256,17196,122
2022-05-03,Alameda,001,1643700,266783,263736,14937,278673,1850
2022-05-03,Alpine,003,1148,125,124,1,125,0
2022-05-03,Amador,005,37829,8601,8546,674,9220,86
2022-05-03,Butte,007,227075,33330,33220,6812,40032,417
2022-05-03,Calaveras,009,45235,7358,7344,372,7716,120
2022-05-03,Colusa,011,21464,3458,3460,1074,4534,21
2022-05-03,Contra Costa,013,1133247,194529,193175,13983,207158,1302
2022-05-03,Del Norte,015,27424,5889,5866,210,6076,50
2022-05-03,El Dorado,017,186661,27130,27021,3309,30330,210
2022-05-03,Fresno,019,978130,232864,232332,24308,256640,2751
2022-05-03,Glenn,021,27897,4998,4995,1622,6617,48
2022-05-03,Humboldt,023,135768,17536,17316,3162,20478,146
2022-05-03,Imperial,025,180216,55685,55548,10903,66451,910
2022-05-03,Inyo,027,18085,4092,4085,516,4601,56
2022-05-03,Kern,029,883053,192819,192432,46701,239133,2281
2022-05-03,Kings,031,150075,51723,51663,3647,55310,447
2022-05-03,Lake,033,64148,10792,10758,912,11670,137
2022-05-03,Lassen,035,31185,8976,8972,890,9862,65
2022-05-03,Los Angeles,037,10098052,2757628,2744894,128171,2873065,31722
2022-05-03,Madera,039,155013,37487,37395,6185,43580,365
2022-05-03,Marin,041,260295,35064,34727,2986,37713,291
2022-05-03,Mariposa,043,17540,2448,2435,209,2644,30
2022-05-03,Mendocino,045,87422,13300,13247,3200,16447,123
2022-05-03,Merced,047,269075,62587,62419,8845,71264,818
2022-05-03,Modoc,049,8938,745,746,253,999,8
2022-05-03,Mono,051,14174,2998,2993,134,3127,6
2022-05-03,Monterey,053,433212,80497,80038,14472,94510,732
2022-05-03,Napa,055,140530,26606,26434,1064,27498,143
2022-05-03,Nevada,057,99092,16215,16136,1254,17390,127
2022-05-03,Orange,059,3164182,555041,553177,42990,596167,7006
2022-05-03,Placer,061,380077,63717,63410,7561,70971,625
2022-05-03,Plumas,063,18699,2996,2947,371,3318,13
2022-05-03,Riverside,065,2383286,597106,594981,28703,623684,6457
2022-05-03,Sacramento,067,1510023,284981,283939,27772,311711,3013
2022-05-03,San Benito,069,59416,13035,13019,532,13551,98
2022-05-03,San Bernardino,071,2135413,573733,569570,25507,595077,7240
2022-05-03,San Diego,073,3302833,763904,763453,53992,817445,5239
2022-05-03,San Francisco,075,870044,132974,131599,8924,140523,860
2022-05-03,San Joaquin,077,732212,167995,167280,10336,177616,2225
2022-05-03,San Luis Obispo,079,281455,53317,53156,3984,57140,477
2022-05-03,San Mateo,081,765935,127931,126800,7663,134463,710
2022-05-03,Santa Barbara,083,443738,87394,87058,4905,91963,688
2022-05-03,Santa Clara,085,1922200,324666,322805,13295,336100,2285
2022-05-03,Santa Cruz,087,273765,49984,49230,2254,51484,262
2022-05-03,Shasta,089,179085,30766,30681,6183,36864,556
2022-05-03,Sierra,091,2930,275,275,49,324,4
2022-05-03,Siskiyou,093,43540,4477,4463,2788,7251,81
2022-05-03,Solano,095,438530,83240,82796,5746,88542,449
2022-05-03,Sonoma,097,501317,86471,85694,3040,88734,488
2022-05-03,Stanislaus,099,539301,118339,118123,17810,135933,1643
2022-05-03,Sutter,101,95872,20635,20672,2170,22842,224
2022-05-03,Tehama,103,63373,12094,12090,2633,14723,201
2022-05-03,Trinity,105,12862,1187,1180,296,1476,20
2022-05-03,Tulare,107,460477,106917,106935,28847,135782,1464
2022-05-03,Tuolumne,109,53932,12833,12757,595,13352,181
2022-05-03,Ventura,111,848112,175676,175066,9885,184951,1486
2022-05-03,Yolo,113,214977,37839,37344,3324,40668,315
2022-05-03,Yuba,115,75493,15973,15940,1248,17188,122
2022-05-02,Alameda,001,1643700,266157,263736,14890,278626,1850
2022-05-02,Alpine,003,1148,125,124,1,125,0
2022-05-02,Amador,005,37829,8598,8546,671,9217,86
2022-05-02,Butte,007,227075,33308,33220,6810,40030,417
2022-05-02,Calaveras,009,45235,7357,7344,371,7715,120
2022-05-02,Colusa,011,21464,3458,3460,1074,4534,21
2022-05-02,Contra Costa,013,1133247,194161,193175,13942,207117,1302
2022-05-02,Del Norte,015,27424,5884,5866,204,6070,50
2022-05-02,El Dorado,017,186661,27107,27021,3302,30323,210
2022-05-02,Fresno,019,978130,232754,232332,24278,256610,2751
2022-05-02,Glenn,021,27897,4996,4995,1622,6617,48
2022-05-02,Humboldt,023,135768,17486,17316,3146,20462,146
2022-05-02,Imperial,025,180216,55672,55548,10896,66444,910
2022-05-02,Inyo,027,18085,4091,4085,514,4599,56
2022-05-02,Kern,029,883053,192735,192432,46671,239103,2281
2022-05-02,Kings,031,150075,51707,51663,3647,55310,447
2022-05-02,Lake,033,64148,10788,10758,912,11670,137
2022-05-02,Lassen,035,31185,8975,8972,890,9862,65
2022-05-02,Los Angeles,037,10098052,2754587,2744894,127954,2872848,31722
2022-05-02,Madera,039,155013,37470,37395,6177,43572,365
2022-05-02,Marin,041,260295,34939,34727,2962,37689,291
2022-05-02,Mariposa,043,17540,2443,2435,209,2644,30
2022-05-02,Mendocino,045,87422,13282,13247,3187,16434,123
2022-05-02,Merced,047,269075,62556,62419,8838,71257,818
2022-05-02,Modoc,049,8938,744,746,253,999,8
2022-05-02,Mono,051,14174,2997,2993,133,3126,6
2022-05-02,Monterey,053,433212,80420,80038,14431,94469,732
2022-05-02,Napa,055,140530,26567,26434,1062,27496,143
2022-05-02,Nevada,057,99092,16197,16136,1252,17388,127
2022-05-02,Orange,059,3164182,554499,553177,42896,596073,7006
2022-05-02,Placer,061,380077,63660,63410,7553,70963,625
2022-05-02,Plumas,063,18699,2996,2947,371,3318,13
2022-05-02,Riverside,065,2383286,596716,594981,28670,623651,6457
2022-05-02,Sacramento,067,1510023,284672,283939,27729,311668,3013
2022-05-02,San Benito,069,59416,13023,13019,532,13551,98
2022-05-02,San Bernardino,071,2135413,573447,569570,25486,595056,7240
2022-05-02,San Diego,073,3302833,763040,763453,53897,817350,5239
2022-05-02,San Francisco,075,870044,132537,131599,8892,140491,860
2022-05-02,San Joaquin,077,732212,167878,167280,10324,177604,2225
2022-05-02,San Luis Obispo,079,281455,53264,53156,3971,57127,477
2022-05-02,San Mateo,081,765935,127607,126800,7648,134448,710
2022-05-02,Santa Barbara,083,443738,87293,87058,4901,91959,688
2022-05-02,Santa Clara,085,1922200,323759,322805,13247,336052,2285
2022-05-02,Santa Cruz,087,273765,49856,49230,2250,51480,262
2022-05-02,Shasta,089,179085,30747,30681,6182,36863,556
2022-05-02,Sierra,091,2930,275,275,49,324,4
2022-05-02,Siskiyou,093,43540,4474,4463,2786,7249,81
2022-05-02,Solano,095,438530,83100,82796,5736,88532,449
2022-05-02,Sonoma,097,501317,86289,85694,3021,88715,488
2022-05-02,Stanislaus,099,539301,118266,118123,17796,135919,1643
2022-05-02,Sutter,101,95872,20628,20672,2167,22839,224
2022-05-02,Tehama,103,63373,12089,12090,2630,14720,201
2022-05-02,Trinity,105,12862,1186,1180,296,1476,20
2022-05-02,Tulare,107,460477,106895,106935,28827,135762,1464
2022-05-02,Tuolumne,109,53932,12827,12757,595,13352,181
2022-05-02,Ventura,111,848112,175513,175066,9850,184916,1486
2022-05-02,Yolo,113,214977,37766,37344,3318,40662,315
2022-05-02,Yuba,115,75493,15968,15940,1245,17185,122
2022-05-01,Alameda,001,1643700,265458,262027,14833,276860,1851
2022-05-01,Alpine,003,1148,125,124,1,125,0
2022-05-01,Amador,005,37829,8598,8533,671,9204,86
2022-05-01,Butte,007,227075,33280,33172,6803,39975,418
2022-05-01,Calaveras,009,45235,7353,7328,365,7693,120
2022-05-01,Colusa,011,21464,3458,3457,1074,4531,21
2022-05-01,Contra Costa,013,1133247,193780,192136,13869,206005,1301
2022-05-01,Del Norte,015,27424,5876,5841,204,6045,50
2022-05-01,El Dorado,017,186661,27075,26946,3297,30243,210
2022-05-01,Fresno,019,978130,232649,232067,24257,256324,2748
2022-05-01,Glenn,021,27897,4996,4995,1622,6617,48
2022-05-01,Humboldt,023,135768,17422,17194,3120,20314,145
2022-05-01,Imperial,025,180216,55648,55503,10891,66394,910
2022-05-01,Inyo,027,18085,4090,4084,513,4597,56
2022-05-01,Kern,029,883053,192672,192250,46624,238874,2265
2022-05-01,Kings,031,150075,51685,51640,3643,55283,447
2022-05-01,Lake,033,64148,10781,10742,910,11652,137
2022-05-01,Lassen,035,31185,8975,8966,890,9856,65
2022-05-01,Los Angeles,037,10098052,2751580,2736900,127718,2864618,31712
2022-05-01,Madera,039,155013,37452,37360,6164,43524,365
2022-05-01,Marin,041,260295,34852,34519,2929,37448,291
2022-05-01,Mariposa,043,17540,2442,2430,209,2639,30
2022-05-01,Mendocino,045,87422,13263,13219,3169,16388,123
2022-05-01,Merced,047,269075,62525,62357,8820,71177,818
2022-05-01,Modoc,049,8938,744,745,253,998,8
2022-05-01,Mono,051,14174,2993,2989,131,3120,6
2022-05-01,Monterey,053,433212,80339,79881,14386,94267,731
2022-05-01,Napa,055,140530,26522,26319,1058,27377,143
2022-05-01,Nevada,057,99092,16177,16100,1249,17349,127
2022-05-01,Orange,059,3164182,553942,551822,42797,594619,6998
2022-05-01,Placer,061,380077,63587,63273,7538,70811,625
2022-05-01,Plumas,063,18699,2995,2946,371,3317,13
2022-05-01,Riverside,065,2383286,596254,593965,28632,622597,6457
2022-05-01,Sacramento,067,1510023,284339,283048,27664,310712,3007
2022-05-01,San Benito,069,59416,13015,12988,530,13518,98
2022-05-01,San Bernardino,071,2135413,573130,568758,25466,594224,7191
2022-05-01,San Diego,073,3302833,762158,761253,53807,815060,5238
2022-05-01,San Francisco,075,870044,132043,130241,8863,139104,860
2022-05-01,San Joaquin,077,732212,167736,167028,10288,177316,2225
2022-05-01,San Luis Obispo,079,281455,53193,53040,3952,56992,477
2022-05-01,San Mateo,081,765935,127241,125807,7608,133415,705
2022-05-01,Santa Barbara,083,443738,87188,86768,4891,91659,688
2022-05-01,Santa Clara,085,1922200,322819,320709,13191,333900,2281
2022-05-01,Santa Cruz,087,273765,49704,48798,2243,51041,262
2022-05-01,Shasta,089,179085,30731,30649,6180,36829,554
2022-05-01,Sierra,091,2930,275,274,49,323,4
2022-05-01,Siskiyou,093,43540,4473,4458,2780,7238,81
2022-05-01,Solano,095,438530,82968,82459,5722,88181,449
2022-05-01,Sonoma,097,501317,86069,85290,2991,88281,488
2022-05-01,Stanislaus,099,539301,118211,117943,17780,135723,1643
2022-05-01,Sutter,101,95872,20620,20644,2159,22803,224
2022-05-01,Tehama,103,63373,12088,12078,2629,14707,202
2022-05-01,Trinity,105,12862,1186,1179,296,1475,20
2022-05-01,Tulare,107,460477,106862,106856,28806,135662,1458
2022-05-01,Tuolumne,109,53932,12807,12713,589,13302,181
2022-05-01,Ventura,111,848112,175342,174679,9795,184474,1486
2022-05-01,Yolo,113,214977,37708,37173,3306,40479,314
2022-05-01,Yuba,115,75493,15958,15917,1241,17158,121
2022-04-30,Alameda,001,1643700,265058,262027,14818,276845,1851
2022-04-30,Alpine,003,1148,125,124,1,125,0
2022-04-30,Amador,005,37829,8596,8533,671,9204,86
2022-04-30,Butte,007,227075,33275,33172,6798,39970,418
2022-04-30,Calaveras,009,45235,7350,7328,364,7692,120
2022-04-30,Colusa,011,21464,3457,3457,1074,4531,21
2022-04-30,Contra Costa,013,1133247,193538,192136,13858,205994,1301
2022-04-30,Del Norte,015,27424,5871,5841,204,6045,50
2022-04-30,El Dorado,017,186661,27057,26946,3293,30239,210
2022-04-30,Fresno,019,978130,232604,232067,24250,256317,2748
2022-04-30,Glenn,021,27897,4995,4995,1622,6617,48
2022-04-30,Humboldt,023,135768,17380,17194,3111,20305,145
2022-04-30,Imperial,025,180216,55635,55503,10889,66392,910
2022-04-30,Inyo,027,18085,4090,4084,513,4597,56
2022-04-30,Kern,029,883053,192636,192250,46605,238855,2265
2022-04-30,Kings,031,150075,51680,51640,3642,55282,447
2022-04-30,Lake,033,64148,10778,10742,910,11652,137
2022-04-30,Lassen,035,31185,8975,8966,890,9856,65
2022-04-30,Los Angeles,037,10098052,2750208,2736900,127544,2864444,31712
2022-04-30,Madera,039,155013,37441,37360,6163,43523,365
2022-04-30,Marin,041,260295,34806,34519,2897,37416,291
2022-04-30,Mariposa,043,17540,2440,2430,208,2638,30
2022-04-30,Mendocino,045,87422,13259,13219,3168,16387,123
2022-04-30,Merced,047,269075,62511,62357,8818,71175,818
2022-04-30,Modoc,049,8938,744,745,253,998,8
2022-04-30,Mono,051,14174,2993,2989,131,3120,6
2022-04-30,Monterey,053,433212,80272,79881,14364,94245,731
2022-04-30,Napa,055,140530,26498,26319,1057,27376,143
2022-04-30,Nevada,057,99092,16163,16100,1248,17348,127
2022-04-30,Orange,059,3164182,553675,551822,42757,594579,6998
2022-04-30,Placer,061,380077,63542,63273,7532,70805,625
2022-04-30,Plumas,063,18699,2992,2946,371,3317,13
2022-04-30,Riverside,065,2383286,596010,593965,28611,622576,6457
2022-04-30,Sacramento,067,1510023,284217,283048,27651,310699,3007
2022-04-30,San Benito,069,59416,13012,12988,530,13518,98
2022-04-30,San Bernardino,071,2135413,572957,568758,25454,594212,7191
2022-04-30,San Diego,073,3302833,761785,761253,53779,815032,5238
2022-04-30,San Francisco,075,870044,131758,130241,8840,139081,860
2022-04-30,San Joaquin,077,732212,167681,167028,10282,177310,2225
2022-04-30,San Luis Obispo,079,281455,53182,53040,3949,56989,477
2022-04-30,San Mateo,081,765935,127023,125807,7588,133395,705
2022-04-30,Santa Barbara,083,443738,87132,86768,4887,91655,688
2022-04-30,Santa Clara,085,1922200,322246,320709,13166,333875,2281
2022-04-30,Santa Cruz,087,273765,49657,48798,2243,51041,262
2022-04-30,Shasta,089,179085,30725,30649,6178,36827,554
2022-04-30,Sierra,091,2930,275,274,49,323,4
2022-04-30,Siskiyou,093,43540,4471,4458,2779,7237,81
2022-04-30,Solano,095,438530,82951,82459,5721,88180,449
2022-04-30,Sonoma,097,501317,85952,85290,2979,88269,488
2022-04-30,Stanislaus,099,539301,118180,117943,17773,135716,1643
2022-04-30,Sutter,101,95872,20615,20644,2159,22803,224
2022-04-30,Tehama,103,63373,12084,12078,2627,14705,202
2022-04-30,Trinity,105,12862,1186,1179,296,1475,20
2022-04-30,Tulare,107,460477,106844,106856,28792,135648,1458
2022-04-30,Tuolumne,109,53932,12799,12713,589,13302,181
2022-04-30,Ventura,111,848112,175258,174679,9763,184442,1486
2022-04-30,Yolo,113,214977,37661,37173,3306,40479,314
2022-04-30,Yuba,115,75493,15951,15917,1240,17157,121
2022-04-29,Alameda,001,1643700,264746,262027,14803,276830,1851
2022-04-29,Alpine,003,1148,124,124,1,125,0
2022-04-29,Amador,005,37829,8589,8533,669,9202,86
2022-04-29,Butte,007,227075,33271,33172,6792,39964,418
2022-04-29,Calaveras,009,45235,7348,7328,364,7692,120
2022-04-29,Colusa,011,21464,3456,3457,1074,4531,21
2022-04-29,Contra Costa,013,1133247,193348,192136,13837,205973,1301
2022-04-29,Del Norte,015,27424,5867,5841,204,6045,50
2022-04-29,El Dorado,017,186661,27045,26946,3291,30237,210
2022-04-29,Fresno,019,978130,232553,232067,24243,256310,2748
2022-04-29,Glenn,021,27897,4995,4995,1621,6616,48
2022-04-29,Humboldt,023,135768,17355,17194,3103,20297,145
2022-04-29,Imperial,025,180216,55619,55503,10888,66391,910
2022-04-29,Inyo,027,18085,4090,4084,511,4595,56
2022-04-29,Kern,029,883053,192610,192250,46593,238843,2265
2022-04-29,Kings,031,150075,51675,51640,3642,55282,447
2022-04-29,Lake,033,64148,10777,10742,910,11652,137
2022-04-29,Lassen,035,31185,8974,8966,890,9856,65
2022-04-29,Los Angeles,037,10098052,2748909,2736900,127394,2864294,31712
2022-04-29,Madera,039,155013,37431,37360,6163,43523,365
2022-04-29,Marin,041,260295,34740,34519,2877,37396,291
2022-04-29,Mariposa,043,17540,2438,2430,208,2638,30
2022-04-29,Mendocino,045,87422,13254,13219,3167,16386,123
2022-04-29,Merced,047,269075,62499,62357,8817,71174,818
2022-04-29,Modoc,049,8938,744,745,253,998,8
2022-04-29,Mono,051,14174,2993,2989,131,3120,6
2022-04-29,Monterey,053,433212,80238,79881,14349,94230,731
2022-04-29,Napa,055,140530,26470,26319,1055,27374,143
2022-04-29,Nevada,057,99092,16156,16100,1247,17347,127
2022-04-29,Orange,059,3164182,553411,551822,42710,594532,6998
2022-04-29,Placer,061,380077,63513,63273,7525,70798,625
2022-04-29,Plumas,063,18699,2991,2946,371,3317,13
2022-04-29,Riverside,065,2383286,595790,593965,28590,622555,6457
2022-04-29,Sacramento,067,1510023,284071,283048,27643,310691,3007
2022-04-29,San Benito,069,59416,13007,12988,530,13518,98
2022-04-29,San Bernardino,071,2135413,572800,568758,25444,594202,7191
2022-04-29,San Diego,073,3302833,761366,761253,53754,815007,5238
2022-04-29,San Francisco,075,870044,131537,130241,8819,139060,860
2022-04-29,San Joaquin,077,732212,167625,167028,10277,177305,2225
2022-04-29,San Luis Obispo,079,281455,53167,53040,3944,56984,477
2022-04-29,San Mateo,081,765935,126825,125807,7573,133380,705
2022-04-29,Santa Barbara,083,443738,87092,86768,4885,91653,688
2022-04-29,Santa Clara,085,1922200,321739,320709,13135,333844,2281
2022-04-29,Santa Cruz,087,273765,49601,48798,2239,51037,262
2022-04-29,Shasta,089,179085,30723,30649,6177,36826,554
2022-04-29,Sierra,091,2930,275,274,49,323,4
2022-04-29,Siskiyou,093,43540,4470,4458,2779,7237,81
2022-04-29,Solano,095,438530,82894,82459,5715,88174,449
2022-04-29,Sonoma,097,501317,85844,85290,2964,88254,488
2022-04-29,Stanislaus,099,539301,118157,117943,17768,135711,1643
2022-04-29,Sutter,101,95872,20608,20644,2158,22802,224
2022-04-29,Tehama,103,63373,12082,12078,2627,14705,202
2022-04-29,Trinity,105,12862,1186,1179,296,1475,20
2022-04-29,Tulare,107,460477,106826,106856,28775,135631,1458
2022-04-29,Tuolumne,109,53932,12792,12713,586,13299,181
2022-04-29,Ventura,111,848112,175182,174679,9739,184418,1486
2022-04-29,Yolo,113,214977,37629,37173,3303,40476,314
2022-04-29,Yuba,115,75493,15946,15917,1240,17157,121
2022-04-28,Alameda,001,1643700,264308,262027,14762,276789,1851
2022-04-28,Alpine,003,1148,124,124,1,125,0
2022-04-28,Amador,005,37829,8586,8533,669,9202,86
2022-04-28,Butte,007,227075,33262,33172,6787,39959,418
2022-04-28,Calaveras,009,45235,7344,7328,364,7692,120
2022-04-28,Colusa,011,21464,3455,3457,1074,4531,21
2022-04-28,Contra Costa,013,1133247,193093,192136,13797,205933,1301
2022-04-28,Del Norte,015,27424,5863,5841,204,6045,50
2022-04-28,El Dorado,017,186661,27023,26946,3287,30233,210
2022-04-28,Fresno,019,978130,232494,232067,24233,256300,2748
2022-04-28,Glenn,021,27897,4992,4995,1621,6616,48
2022-04-28,Humboldt,023,135768,17321,17194,3087,20281,145
2022-04-28,Imperial,025,180216,55607,55503,10883,66386,910
2022-04-28,Inyo,027,18085,4090,4084,511,4595,56
2022-04-28,Kern,029,883053,192571,192250,46576,238826,2265
2022-04-28,Kings,031,150075,51669,51640,3642,55282,447
2022-04-28,Lake,033,64148,10773,10742,910,11652,137
2022-04-28,Lassen,035,31185,8974,8966,890,9856,65
2022-04-28,Los Angeles,037,10098052,2746843,2736900,127210,2864110,31712
2022-04-28,Madera,039,155013,37425,37360,6158,43518,365
2022-04-28,Marin,041,260295,34690,34519,2861,37380,291
2022-04-28,Mariposa,043,17540,2438,2430,208,2638,30
2022-04-28,Mendocino,045,87422,13243,13219,3150,16369,123
2022-04-28,Merced,047,269075,62481,62357,8809,71166,818
2022-04-28,Modoc,049,8938,744,745,253,998,8
2022-04-28,Mono,051,14174,2991,2989,131,3120,6
2022-04-28,Monterey,053,433212,80199,79881,14324,94205,731
2022-04-28,Napa,055,140530,26440,26319,1052,27371,143
2022-04-28,Nevada,057,99092,16148,16100,1244,17344,127
2022-04-28,Orange,059,3164182,553051,551822,42647,594469,6998
2022-04-28,Placer,061,380077,63466,63273,7516,70789,625
2022-04-28,Plumas,063,18699,2990,2946,371,3317,13
2022-04-28,Riverside,065,2383286,595507,593965,28564,622529,6457
2022-04-28,Sacramento,067,1510023,283891,283048,27602,310650,3007
2022-04-28,San Benito,069,59416,12998,12988,528,13516,98
2022-04-28,San Bernardino,071,2135413,572600,568758,25436,594194,7191
2022-04-28,San Diego,073,3302833,760824,761253,53691,814944,5238
2022-04-28,San Francisco,075,870044,131238,130241,8785,139026,860
2022-04-28,San Joaquin,077,732212,167555,167028,10262,177290,2225
2022-04-28,San Luis Obispo,079,281455,53139,53040,3926,56966,477
2022-04-28,San Mateo,081,765935,126581,125807,7543,133350,705
2022-04-28,Santa Barbara,083,443738,87039,86768,4882,91650,688
2022-04-28,Santa Clara,085,1922200,321198,320709,13099,333808,2281
2022-04-28,Santa Cruz,087,273765,49506,48798,2233,51031,262
2022-04-28,Shasta,089,179085,30715,30649,6177,36826,554
2022-04-28,Sierra,091,2930,275,274,49,323,4
2022-04-28,Siskiyou,093,43540,4467,4458,2779,7237,81
2022-04-28,Solano,095,438530,82810,82459,5709,88168,449
2022-04-28,Sonoma,097,501317,85728,85290,2951,88241,488
2022-04-28,Stanislaus,099,539301,118119,117943,17760,135703,1643
2022-04-28,Sutter,101,95872,20598,20644,2155,22799,224
2022-04-28,Tehama,103,63373,12081,12078,2626,14704,202
2022-04-28,Trinity,105,12862,1186,1179,296,1475,20
2022-04-28,Tulare,107,460477,106804,106856,28762,135618,1458
2022-04-28,Tuolumne,109,53932,12780,12713,585,13298,181
2022-04-28,Ventura,111,848112,175093,174679,9699,184378,1486
2022-04-28,Yolo,113,214977,37600,37173,3298,40471,314
2022-04-28,Yuba,115,75493,15937,15917,1237,17154,121
2022-04-27,Alameda,001,1643700,263828,260871,14715,275586,1843
2022-04-27,Alpine,003,1148,124,124,1,125,0
2022-04-27,Amador,005,37829,8585,8518,669,9187,86
2022-04-27,Butte,007,227075,33250,33118,6781,39899,411
2022-04-27,Calaveras,009,45235,7341,7307,364,7671,119
2022-04-27,Colusa,011,21464,3454,3457,1074,4531,21
2022-04-27,Contra Costa,013,1133247,192831,191412,13764,205176,1300
2022-04-27,Del Norte,015,27424,5858,5833,204,6037,50
2022-04-27,El Dorado,017,186661,27013,26898,3282,30180,209
2022-04-27,Fresno,019,978130,232429,231951,24219,256170,2744
2022-04-27,Glenn,021,27897,4992,4993,1621,6614,48
2022-04-27,Humboldt,023,135768,17291,17138,3076,20214,145
2022-04-27,Imperial,025,180216,55589,55480,10878,66358,910
2022-04-27,Inyo,027,18085,4089,4080,510,4590,56
2022-04-27,Kern,029,883053,192535,192157,46555,238712,2271
2022-04-27,Kings,031,150075,51664,51617,3641,55258,444
2022-04-27,Lake,033,64148,10769,10732,910,11642,135
2022-04-27,Lassen,035,31185,8973,8965,890,9855,65
2022-04-27,Los Angeles,037,10098052,2744515,2731988,127024,2859012,31691
2022-04-27,Madera,039,155013,37416,37339,6157,43496,354
2022-04-27,Marin,041,260295,34630,34354,2846,37200,288
2022-04-27,Mariposa,043,17540,2436,2427,208,2635,30
2022-04-27,Mendocino,045,87422,13236,13188,3142,16330,123
2022-04-27,Merced,047,269075,62467,62315,8805,71120,815
2022-04-27,Modoc,049,8938,744,745,253,998,8
2022-04-27,Mono,051,14174,2991,2989,131,3120,6
2022-04-27,Monterey,053,433212,80156,79695,14282,93977,729
2022-04-27,Napa,055,140530,26411,26210,1047,27257,143
2022-04-27,Nevada,057,99092,16132,16080,1241,17321,127
2022-04-27,Orange,059,3164182,552677,550859,42587,593446,6991
2022-04-27,Placer,061,380077,63425,63154,7499,70653,623
2022-04-27,Plumas,063,18699,2989,2934,371,3305,13
2022-04-27,Riverside,065,2383286,595242,593397,28543,621940,6453
2022-04-27,Sacramento,067,1510023,283690,281802,27567,309369,3001
2022-04-27,San Benito,069,59416,12985,12989,526,13515,98
2022-04-27,San Bernardino,071,2135413,572402,568018,25426,593444,7105
2022-04-27,San Diego,073,3302833,760252,759873,53629,813502,5236
2022-04-27,San Francisco,075,870044,130887,129284,8760,138044,857
2022-04-27,San Joaquin,077,732212,167482,166848,10245,177093,2225
2022-04-27,San Luis Obispo,079,281455,53094,52911,3914,56825,476
2022-04-27,San Mateo,081,765935,126352,125018,7486,132504,702
2022-04-27,Santa Barbara,083,443738,86975,86557,4875,91432,685
2022-04-27,Santa Clara,085,1922200,320629,319077,13051,332128,2282
2022-04-27,Santa Cruz,087,273765,49424,48500,2225,50725,262
2022-04-27,Shasta,089,179085,30703,30633,6173,36806,554
2022-04-27,Sierra,091,2930,274,276,49,325,4
2022-04-27,Siskiyou,093,43540,4467,4455,2775,7230,81
2022-04-27,Solano,095,438530,82698,82220,5698,87918,448
2022-04-27,Sonoma,097,501317,85618,84983,2929,87912,487
2022-04-27,Stanislaus,099,539301,118075,117841,17748,135589,1643
2022-04-27,Sutter,101,95872,20594,20627,2151,22778,224
2022-04-27,Tehama,103,63373,12081,12073,2626,14699,201
2022-04-27,Trinity,105,12862,1186,1179,296,1475,20
2022-04-27,Tulare,107,460477,106786,106580,28752,135332,1453
2022-04-27,Tuolumne,109,53932,12763,12684,584,13268,181
2022-04-27,Ventura,111,848112,174990,174425,9683,184108,1480
2022-04-27,Yolo,113,214977,37557,37096,3292,40388,314
2022-04-27,Yuba,115,75493,15933,15902,1232,17134,121
2022-04-26,Alameda,001,1643700,263317,260871,14669,275540,1843
2022-04-26,Alpine,003,1148,124,124,1,125,0
2022-04-26,Amador,005,37829,8582,8518,668,9186,86
2022-04-26,Butte,007,227075,33233,33118,6775,39893,411
2022-04-26,Calaveras,009,45235,7337,7307,363,7670,119
2022-04-26,Colusa,011,21464,3454,3457,1074,4531,21
2022-04-26,Contra Costa,013,1133247,192572,191412,13726,205138,1300
2022-04-26,Del Norte,015,27424,5851,5833,204,6037,50
2022-04-26,El Dorado,017,186661,26992,26898,3278,30176,209
2022-04-26,Fresno,019,978130,232350,231951,24208,256159,2744
2022-04-26,Glenn,021,27897,4992,4993,1620,6613,48
2022-04-26,Humboldt,023,135768,17260,17138,3069,20207,145
2022-04-26,Imperial,025,180216,55569,55480,10871,66351,910
2022-04-26,Inyo,027,18085,4089,4080,510,4590,56
2022-04-26,Kern,029,883053,192487,192157,46531,238688,2271
2022-04-26,Kings,031,150075,51658,51617,3641,55258,444
2022-04-26,Lake,033,64148,10762,10732,910,11642,135
2022-04-26,Lassen,035,31185,8968,8965,890,9855,65
2022-04-26,Los Angeles,037,10098052,2742127,2731988,126841,2858829,31691
2022-04-26,Madera,039,155013,37408,37339,6150,43489,354
2022-04-26,Marin,041,260295,34577,34354,2827,37181,288
2022-04-26,Mariposa,043,17540,2436,2427,208,2635,30
2022-04-26,Mendocino,045,87422,13232,13188,3136,16324,123
2022-04-26,Merced,047,269075,62444,62315,8787,71102,815
2022-04-26,Modoc,049,8938,744,745,253,998,8
2022-04-26,Mono,051,14174,2991,2989,130,3119,6
2022-04-26,Monterey,053,433212,80102,79695,14240,93935,729
2022-04-26,Napa,055,140530,26381,26210,1042,27252,143
2022-04-26,Nevada,057,99092,16123,16080,1241,17321,127
2022-04-26,Orange,059,3164182,552269,550859,42527,593386,6991
2022-04-26,Placer,061,380077,63395,63154,7497,70651,623
2022-04-26,Plumas,063,18699,2989,2934,371,3305,13
2022-04-26,Riverside,065,2383286,594935,593397,28515,621912,6453
2022-04-26,Sacramento,067,1510023,283456,281802,27544,309346,3001
2022-04-26,San Benito,069,59416,12981,12989,525,13514,98
2022-04-26,San Bernardino,071,2135413,572193,568018,25407,593425,7105
2022-04-26,San Diego,073,3302833,759594,759873,53528,813401,5236
2022-04-26,San Francisco,075,870044,130488,129284,8738,138022,857
2022-04-26,San Joaquin,077,732212,167420,166848,10232,177080,2225
2022-04-26,San Luis Obispo,079,281455,53064,52911,3901,56812,476
2022-04-26,San Mateo,081,765935,126082,125018,7449,132467,702
2022-04-26,Santa Barbara,083,443738,86914,86557,4869,91426,685
2022-04-26,Santa Clara,085,1922200,320070,319077,13003,332080,2282
2022-04-26,Santa Cruz,087,273765,49324,48500,2222,50722,262
2022-04-26,Shasta,089,179085,30691,30633,6173,36806,554
2022-04-26,Sierra,091,2930,274,276,49,325,4
2022-04-26,Siskiyou,093,43540,4465,4455,2773,7228,81
2022-04-26,Solano,095,438530,82600,82220,5689,87909,448
2022-04-26,Sonoma,097,501317,85513,84983,2910,87893,487
2022-04-26,Stanislaus,099,539301,118039,117841,17736,135577,1643
2022-04-26,Sutter,101,95872,20584,20627,2151,22778,224
2022-04-26,Tehama,103,63373,12072,12073,2626,14699,201
2022-04-26,Trinity,105,12862,1186,1179,296,1475,20
2022-04-26,Tulare,107,460477,106758,106580,28737,135317,1453
2022-04-26,Tuolumne,109,53932,12744,12684,582,13266,181
2022-04-26,Ventura,111,848112,174879,174425,9655,184080,1480
2022-04-26,Yolo,113,214977,37516,37096,3285,40381,314
2022-04-26,Yuba,115,75493,15931,15902,1232,17134,121
2022-04-25,Alameda,001,1643700,262809,260871,14621,275492,1843
2022-04-25,Alpine,003,1148,124,124,1,125,0
2022-04-25,Amador,005,37829,8579,8518,668,9186,86
2022-04-25,Butte,007,227075,33218,33118,6766,39884,411
2022-04-25,Calaveras,009,45235,7334,7307,363,7670,119
2022-04-25,Colusa,011,21464,3454,3457,1074,4531,21
2022-04-25,Contra Costa,013,1133247,192308,191412,13688,205100,1300
2022-04-25,Del Norte,015,27424,5845,5833,202,6035,50
2022-04-25,El Dorado,017,186661,26971,26898,3277,30175,209
2022-04-25,Fresno,019,978130,232260,231951,24193,256144,2744
2022-04-25,Glenn,021,27897,4991,4993,1620,6613,48
2022-04-25,Humboldt,023,135768,17218,17138,3061,20199,145
2022-04-25,Imperial,025,180216,55549,55480,10866,66346,910
2022-04-25,Inyo,027,18085,4089,4080,510,4590,56
2022-04-25,Kern,029,883053,192443,192157,46511,238668,2271
2022-04-25,Kings,031,150075,51649,51617,3640,55257,444
2022-04-25,Lake,033,64148,10759,10732,909,11641,135
2022-04-25,Lassen,035,31185,8967,8965,890,9855,65
2022-04-25,Los Angeles,037,10098052,2739742,2731988,126677,2858665,31691
2022-04-25,Madera,039,155013,37395,37339,6146,43485,354
2022-04-25,Marin,041,260295,34512,34354,2803,37157,288
2022-04-25,Mariposa,043,17540,2436,2427,207,2634,30
2022-04-25,Mendocino,045,87422,13222,13188,3119,16307,123
2022-04-25,Merced,047,269075,62431,62315,8784,71099,815
2022-04-25,Modoc,049,8938,744,745,253,998,8
2022-04-25,Mono,051,14174,2990,2989,130,3119,6
2022-04-25,Monterey,053,433212,80064,79695,14212,93907,729
2022-04-25,Napa,055,140530,26341,26210,1040,27250,143
2022-04-25,Nevada,057,99092,16117,16080,1239,17319,127
2022-04-25,Orange,059,3164182,551862,550859,42464,593323,6991
2022-04-25,Placer,061,380077,63359,63154,7492,70646,623
2022-04-25,Plumas,063,18699,2987,2934,371,3305,13
2022-04-25,Riverside,065,2383286,594671,593397,28496,621893,6453
2022-04-25,Sacramento,067,1510023,283292,281802,27508,309310,3001
2022-04-25,San Benito,069,59416,12974,12989,524,13513,98
2022-04-25,San Bernardino,071,2135413,571968,568018,25390,593408,7105
2022-04-25,San Diego,073,3302833,758915,759873,53456,813329,5236
2022-04-25,San Francisco,075,870044,130129,129284,8720,138004,857
2022-04-25,San Joaquin,077,732212,167336,166848,10215,177063,2225
2022-04-25,San Luis Obispo,079,281455,53015,52911,3893,56804,476
2022-04-25,San Mateo,081,765935,125810,125018,7428,132446,702
2022-04-25,Santa Barbara,083,443738,86853,86557,4863,91420,685
2022-04-25,Santa Clara,085,1922200,319428,319077,12957,332034,2282
2022-04-25,Santa Cruz,087,273765,49184,48500,2213,50713,262
2022-04-25,Shasta,089,179085,30679,30633,6170,36803,554
2022-04-25,Sierra,091,2930,274,276,49,325,4
2022-04-25,Siskiyou,093,43540,4465,4455,2772,7227,81
2022-04-25,Solano,095,438530,82482,82220,5678,87898,448
2022-04-25,Sonoma,097,501317,85390,84983,2890,87873,487
2022-04-25,Stanislaus,099,539301,117992,117841,17729,135570,1643
2022-04-25,Sutter,101,95872,20581,20627,2151,22778,224
2022-04-25,Tehama,103,63373,12072,12073,2626,14699,201
2022-04-25,Trinity,105,12862,1185,1179,296,1475,20
2022-04-25,Tulare,107,460477,106733,106580,28724,135304,1453
2022-04-25,Tuolumne,109,53932,12735,12684,582,13266,181
2022-04-25,Ventura,111,848112,174769,174425,9632,184057,1480
2022-04-25,Yolo,113,214977,37470,37096,3280,40376,314
2022-04-25,Yuba,115,75493,15921,15902,1231,17133,121
2022-04-24,Alameda,001,1643700,262224,259619,14571,274190,1837
2022-04-24,Alpine,003,1148,124,124,1,125,0
2022-04-24,Amador,005,37829,8570,8509,667,9176,86
2022-04-24,Butte,007,227075,33196,33105,6759,39864,411
2022-04-24,Calaveras,009,45235,7325,7296,361,7657,119
2022-04-24,Colusa,011,21464,3453,3453,1074,4527,21
2022-04-24,Contra Costa,013,1133247,192007,190611,13653,204264,1298
2022-04-24,Del Norte,015,27424,5836,5827,200,6027,50
2022-04-24,El Dorado,017,186661,26953,26837,3275,30112,209
2022-04-24,Fresno,019,978130,232179,231751,24178,255929,2744
2022-04-24,Glenn,021,27897,4991,4989,1618,6607,48
2022-04-24,Humboldt,023,135768,17193,17033,3046,20079,145
2022-04-24,Imperial,025,180216,55537,55434,10857,66291,910
2022-04-24,Inyo,027,18085,4085,4079,509,4588,56
2022-04-24,Kern,029,883053,192391,192012,46496,238508,2267
2022-04-24,Kings,031,150075,51640,51588,3640,55228,444
2022-04-24,Lake,033,64148,10751,10720,906,11626,134
2022-04-24,Lassen,035,31185,8966,8966,890,9856,65
2022-04-24,Los Angeles,037,10098052,2737394,2725630,126528,2852158,31667
2022-04-24,Madera,039,155013,37380,37333,6140,43473,354
2022-04-24,Marin,041,260295,34458,34150,2769,36919,288
2022-04-24,Mariposa,043,17540,2433,2422,207,2629,30
2022-04-24,Mendocino,045,87422,13217,13158,3107,16265,122
2022-04-24,Merced,047,269075,62407,62286,8774,71060,815
2022-04-24,Modoc,049,8938,744,745,253,998,8
2022-04-24,Mono,051,14174,2989,2986,130,3116,6
2022-04-24,Monterey,053,433212,80011,79560,14179,93739,729
2022-04-24,Napa,055,140530,26305,26093,1039,27132,143
2022-04-24,Nevada,057,99092,16101,16052,1237,17289,127
2022-04-24,Orange,059,3164182,551439,549765,42399,592164,6989
2022-04-24,Placer,061,380077,63305,63037,7484,70521,622
2022-04-24,Plumas,063,18699,2985,2934,371,3305,13
2022-04-24,Riverside,065,2383286,594396,592683,28454,621137,6450
2022-04-24,Sacramento,067,1510023,283086,280551,27471,308022,2993
2022-04-24,San Benito,069,59416,12969,12966,524,13490,98
2022-04-24,San Bernardino,071,2135413,571735,566806,25365,592171,7047
2022-04-24,San Diego,073,3302833,758285,758311,53395,811706,5233
2022-04-24,San Francisco,075,870044,129683,128323,8695,137018,857
2022-04-24,San Joaquin,077,732212,167248,166626,10172,176798,2224
2022-04-24,San Luis Obispo,079,281455,52939,52826,3882,56708,476
2022-04-24,San Mateo,081,765935,125502,124106,7394,131500,703
2022-04-24,Santa Barbara,083,443738,86784,86376,4861,91237,685
2022-04-24,Santa Clara,085,1922200,318745,317487,12903,330390,2277
2022-04-24,Santa Cruz,087,273765,49072,48255,2207,50462,261
2022-04-24,Shasta,089,179085,30667,30607,6168,36775,557
2022-04-24,Sierra,091,2930,274,276,49,325,4
2022-04-24,Siskiyou,093,43540,4463,4453,2770,7223,81
2022-04-24,Solano,095,438530,82375,81982,5669,87651,448
2022-04-24,Sonoma,097,501317,85255,84581,2868,87449,486
2022-04-24,Stanislaus,099,539301,117941,117737,17723,135460,1632
2022-04-24,Sutter,101,95872,20572,20605,2148,22753,224
2022-04-24,Tehama,103,63373,12068,12064,2626,14690,201
2022-04-24,Trinity,105,12862,1185,1177,296,1473,20
2022-04-24,Tulare,107,460477,106706,106354,28713,135067,1446
2022-04-24,Tuolumne,109,53932,12722,12664,581,13245,181
2022-04-24,Ventura,111,848112,174657,174091,9612,183703,1479
2022-04-24,Yolo,113,214977,37439,36990,3277,40267,314
2022-04-24,Yuba,115,75493,15917,15888,1230,17118,121
2022-04-23,Alameda,001,1643700,261979,259619,14557,274176,1837
2022-04-23,Alpine,003,1148,124,124,1,125,0
2022-04-23,Amador,005,37829,8564,8509,667,9176,86
2022-04-23,Butte,007,227075,33187,33105,6756,39861,411
2022-04-23,Calaveras,009,45235,7317,7296,361,7657,119
2022-04-23,Colusa,011,21464,3453,3453,1074,4527,21
2022-04-23,Contra Costa,013,1133247,191851,190611,13635,204246,1298
2022-04-23,Del Norte,015,27424,5834,5827,199,6026,50
2022-04-23,El Dorado,017,186661,26943,26837,3274,30111,209
2022-04-23,Fresno,019,978130,232145,231751,24174,255925,2744
2022-04-23,Glenn,021,27897,4991,4989,1618,6607,48
2022-04-23,Humboldt,023,135768,17177,17033,3043,20076,145
2022-04-23,Imperial,025,180216,55527,55434,10855,66289,910
2022-04-23,Inyo,027,18085,4085,4079,508,4587,56
2022-04-23,Kern,029,883053,192363,192012,46481,238493,2267
2022-04-23,Kings,031,150075,51635,51588,3639,55227,444
2022-04-23,Lake,033,64148,10750,10720,906,11626,134
2022-04-23,Lassen,035,31185,8966,8966,890,9856,65
2022-04-23,Los Angeles,037,10098052,2736455,2725630,126431,2852061,31667
2022-04-23,Madera,039,155013,37373,37333,6139,43472,354
2022-04-23,Marin,041,260295,34423,34150,2723,36873,288
2022-04-23,Mariposa,043,17540,2433,2422,207,2629,30
2022-04-23,Mendocino,045,87422,13210,13158,3107,16265,122
2022-04-23,Merced,047,269075,62397,62286,8774,71060,815
2022-04-23,Modoc,049,8938,744,745,253,998,8
2022-04-23,Mono,051,14174,2989,2986,130,3116,6
2022-04-23,Monterey,053,433212,79942,79560,14165,93725,729
2022-04-23,Napa,055,140530,26284,26093,1037,27130,143
2022-04-23,Nevada,057,99092,16095,16052,1235,17287,127
2022-04-23,Orange,059,3164182,551223,549765,42348,592113,6989
2022-04-23,Placer,061,380077,63275,63037,7484,70521,622
2022-04-23,Plumas,063,18699,2985,2934,371,3305,13
2022-04-23,Riverside,065,2383286,594258,592683,28443,621126,6450
2022-04-23,Sacramento,067,1510023,282988,280551,27468,308019,2993
2022-04-23,San Benito,069,59416,12968,12966,524,13490,98
2022-04-23,San Bernardino,071,2135413,571618,566806,25360,592166,7047
2022-04-23,San Diego,073,3302833,758023,758311,53377,811688,5233
2022-04-23,San Francisco,075,870044,129480,128323,8671,136994,857
2022-04-23,San Joaquin,077,732212,167207,166626,10164,176790,2224
2022-04-23,San Luis Obispo,079,281455,52924,52826,3878,56704,476
2022-04-23,San Mateo,081,765935,125344,124106,7384,131490,703
2022-04-23,Santa Barbara,083,443738,86748,86376,4860,91236,685
2022-04-23,Santa Clara,085,1922200,318368,317487,12877,330364,2277
2022-04-23,Santa Cruz,087,273765,49022,48255,2205,50460,261
2022-04-23,Shasta,089,179085,30664,30607,6168,36775,557
2022-04-23,Sierra,091,2930,274,276,49,325,4
2022-04-23,Siskiyou,093,43540,4461,4453,2769,7222,81
2022-04-23,Solano,095,438530,82348,81982,5666,87648,448
2022-04-23,Sonoma,097,501317,85187,84581,2858,87439,486
2022-04-23,Stanislaus,099,539301,117905,117737,17720,135457,1632
2022-04-23,Sutter,101,95872,20566,20605,2148,22753,224
2022-04-23,Tehama,103,63373,12067,12064,2626,14690,201
2022-04-23,Trinity,105,12862,1185,1177,296,1473,20
2022-04-23,Tulare,107,460477,106698,106354,28703,135057,1446
2022-04-23,Tuolumne,109,53932,12717,12664,581,13245,181
2022-04-23,Ventura,111,848112,174595,174091,9604,183695,1479
2022-04-23,Yolo,113,214977,37415,36990,3273,40263,314
2022-04-23,Yuba,115,75493,15915,15888,1230,17118,121
2022-04-22,Alameda,001,1643700,261740,259619,14537,274156,1837
2022-04-22,Alpine,003,1148,124,124,1,125,0
2022-04-22,Amador,005,37829,8563,8509,665,9174,86
2022-04-22,Butte,007,227075,33181,33105,6754,39859,411
2022-04-22,Calaveras,009,45235,7316,7296,361,7657,119
2022-04-22,Colusa,011,21464,3453,3453,1074,4527,21
2022-04-22,Contra Costa,013,1133247,191715,190611,13616,204227,1298
2022-04-22,Del Norte,015,27424,5834,5827,199,6026,50
2022-04-22,El Dorado,017,186661,26930,26837,3269,30106,209
2022-04-22,Fresno,019,978130,232114,231751,24169,255920,2744
2022-04-22,Glenn,021,27897,4990,4989,1618,6607,48
2022-04-22,Humboldt,023,135768,17161,17033,3036,20069,145
2022-04-22,Imperial,025,180216,55521,55434,10855,66289,910
2022-04-22,Inyo,027,18085,4085,4079,507,4586,56
2022-04-22,Kern,029,883053,192343,192012,46477,238489,2267
2022-04-22,Kings,031,150075,51631,51588,3638,55226,444
2022-04-22,Lake,033,64148,10749,10720,906,11626,134
2022-04-22,Lassen,035,31185,8966,8966,890,9856,65
2022-04-22,Los Angeles,037,10098052,2735360,2725630,126371,2852001,31667
2022-04-22,Madera,039,155013,37368,37333,6138,43471,354
2022-04-22,Marin,041,260295,34386,34150,2712,36862,288
2022-04-22,Mariposa,043,17540,2432,2422,207,2629,30
2022-04-22,Mendocino,045,87422,13205,13158,3103,16261,122
2022-04-22,Merced,047,269075,62390,62286,8762,71048,815
2022-04-22,Modoc,049,8938,744,745,253,998,8
2022-04-22,Mono,051,14174,2989,2986,129,3115,6
2022-04-22,Monterey,053,433212,79907,79560,14151,93711,729
2022-04-22,Napa,055,140530,26267,26093,1035,27128,143
2022-04-22,Nevada,057,99092,16095,16052,1235,17287,127
2022-04-22,Orange,059,3164182,551037,549765,42297,592062,6989
2022-04-22,Placer,061,380077,63252,63037,7481,70518,622
2022-04-22,Plumas,063,18699,2985,2934,371,3305,13
2022-04-22,Riverside,065,2383286,594115,592683,28427,621110,6450
2022-04-22,Sacramento,067,1510023,282900,280551,27455,308006,2993
2022-04-22,San Benito,069,59416,12963,12966,524,13490,98
2022-04-22,San Bernardino,071,2135413,571505,566806,25351,592157,7047
2022-04-22,San Diego,073,3302833,757703,758311,53349,811660,5233
2022-04-22,San Francisco,075,870044,129317,128323,8644,136967,857
2022-04-22,San Joaquin,077,732212,167177,166626,10163,176789,2224
2022-04-22,San Luis Obispo,079,281455,52918,52826,3877,56703,476
2022-04-22,San Mateo,081,765935,125182,124106,7370,131476,703
2022-04-22,Santa Barbara,083,443738,86702,86376,4859,91235,685
2022-04-22,Santa Clara,085,1922200,318018,317487,12864,330351,2277
2022-04-22,Santa Cruz,087,273765,48984,48255,2204,50459,261
2022-04-22,Shasta,089,179085,30659,30607,6167,36774,557
2022-04-22,Sierra,091,2930,274,276,48,324,4
2022-04-22,Siskiyou,093,43540,4461,4453,2769,7222,81
2022-04-22,Solano,095,438530,82291,81982,5664,87646,448
2022-04-22,Sonoma,097,501317,85122,84581,2854,87435,486
2022-04-22,Stanislaus,099,539301,117883,117737,17715,135452,1632
2022-04-22,Sutter,101,95872,20560,20605,2148,22753,224
2022-04-22,Tehama,103,63373,12062,12064,2625,14689,201
2022-04-22,Trinity,105,12862,1185,1177,295,1472,20
2022-04-22,Tulare,107,460477,106688,106354,28694,135048,1446
2022-04-22,Tuolumne,109,53932,12710,12664,579,13243,181
2022-04-22,Ventura,111,848112,174519,174091,9593,183684,1479
2022-04-22,Yolo,113,214977,37396,36990,3270,40260,314
2022-04-22,Yuba,115,75493,15912,15888,1229,17117,121
2022-04-21,Alameda,001,1643700,261381,259619,14495,274114,1837
2022-04-21,Alpine,003,1148,124,124,1,125,0
2022-04-21,Amador,005,37829,8560,8509,665,9174,86
2022-04-21,Butte,007,227075,33173,33105,6747,39852,411
2022-04-21,Calaveras,009,45235,7313,7296,361,7657,119
2022-04-21,Colusa,011,21464,3452,3453,1074,4527,21
2022-04-21,Contra Costa,013,1133247,191519,190611,13589,204200,1298
2022-04-21,Del Norte,015,27424,5833,5827,199,6026,50
2022-04-21,El Dorado,017,186661,26914,26837,3268,30105,209
2022-04-21,Fresno,019,978130,232072,231751,24162,255913,2744
2022-04-21,Glenn,021,27897,4990,4989,1617,6606,48
2022-04-21,Humboldt,023,135768,17138,17033,3027,20060,145
2022-04-21,Imperial,025,180216,55512,55434,10855,66289,910
2022-04-21,Inyo,027,18085,4085,4079,507,4586,56
2022-04-21,Kern,029,883053,192310,192012,46461,238473,2267
2022-04-21,Kings,031,150075,51623,51588,3638,55226,444
2022-04-21,Lake,033,64148,10746,10720,905,11625,134
2022-04-21,Lassen,035,31185,8966,8966,890,9856,65
2022-04-21,Los Angeles,037,10098052,2733716,2725630,126258,2851888,31667
2022-04-21,Madera,039,155013,37365,37333,6137,43470,354
2022-04-21,Marin,041,260295,34338,34150,2702,36852,288
2022-04-21,Mariposa,043,17540,2431,2422,207,2629,30
2022-04-21,Mendocino,045,87422,13198,13158,3099,16257,122
2022-04-21,Merced,047,269075,62372,62286,8759,71045,815
2022-04-21,Modoc,049,8938,744,745,253,998,8
2022-04-21,Mono,051,14174,2988,2986,128,3114,6
2022-04-21,Monterey,053,433212,79880,79560,14136,93696,729
2022-04-21,Napa,055,140530,26237,26093,1034,27127,143
2022-04-21,Nevada,057,99092,16091,16052,1235,17287,127
2022-04-21,Orange,059,3164182,550780,549765,42256,592021,6989
2022-04-21,Placer,061,380077,63214,63037,7475,70512,622
2022-04-21,Plumas,063,18699,2985,2934,371,3305,13
2022-04-21,Riverside,065,2383286,593955,592683,28408,621091,6450
2022-04-21,Sacramento,067,1510023,282753,280551,27431,307982,2993
2022-04-21,San Benito,069,59416,12957,12966,524,13490,98
2022-04-21,San Bernardino,071,2135413,571315,566806,25337,592143,7047
2022-04-21,San Diego,073,3302833,757278,758311,53305,811616,5233
2022-04-21,San Francisco,075,870044,129094,128323,8616,136939,857
2022-04-21,San Joaquin,077,732212,167124,166626,10158,176784,2224
2022-04-21,San Luis Obispo,079,281455,52898,52826,3870,56696,476
2022-04-21,San Mateo,081,765935,124981,124106,7349,131455,703
2022-04-21,Santa Barbara,083,443738,86643,86376,4855,91231,685
2022-04-21,Santa Clara,085,1922200,317567,317487,12842,330329,2277
2022-04-21,Santa Cruz,087,273765,48939,48255,2201,50456,261
2022-04-21,Shasta,089,179085,30651,30607,6167,36774,557
2022-04-21,Sierra,091,2930,274,276,48,324,4
2022-04-21,Siskiyou,093,43540,4461,4453,2769,7222,81
2022-04-21,Solano,095,438530,82229,81982,5657,87639,448
2022-04-21,Sonoma,097,501317,85008,84581,2834,87415,486
2022-04-21,Stanislaus,099,539301,117845,117737,17707,135444,1632
2022-04-21,Sutter,101,95872,20551,20605,2146,22751,224
2022-04-21,Tehama,103,63373,12062,12064,2625,14689,201
2022-04-21,Trinity,105,12862,1185,1177,295,1472,20
2022-04-21,Tulare,107,460477,106681,106354,28690,135044,1446
2022-04-21,Tuolumne,109,53932,12705,12664,578,13242,181
2022-04-21,Ventura,111,848112,174436,174091,9587,183678,1479
2022-04-21,Yolo,113,214977,37376,36990,3270,40260,314
2022-04-21,Yuba,115,75493,15910,15888,1229,17117,121
2022-04-20,Alameda,001,1643700,261017,258734,14463,273197,1832
2022-04-20,Alpine,003,1148,124,124,1,125,0
2022-04-20,Amador,005,37829,8558,8494,665,9159,86
2022-04-20,Butte,007,227075,33164,33083,6739,39822,408
2022-04-20,Calaveras,009,45235,7307,7288,360,7648,119
2022-04-20,Colusa,011,21464,3452,3453,1074,4527,21
2022-04-20,Contra Costa,013,1133247,191286,190042,13564,203606,1299
2022-04-20,Del Norte,015,27424,5828,5814,199,6013,50
2022-04-20,El Dorado,017,186661,26899,26821,3263,30084,209
2022-04-20,Fresno,019,978130,232022,231568,24160,255728,2740
2022-04-20,Glenn,021,27897,4989,4988,1614,6602,48
2022-04-20,Humboldt,023,135768,17116,16976,3022,19998,145
2022-04-20,Imperial,025,180216,55504,55405,10852,66257,910
2022-04-20,Inyo,027,18085,4085,4075,506,4581,56
2022-04-20,Kern,029,883053,192275,191915,46444,238359,2262
2022-04-20,Kings,031,150075,51614,51571,3636,55207,445
2022-04-20,Lake,033,64148,10746,10711,905,11616,134
2022-04-20,Lassen,035,31185,8966,8951,890,9841,65
2022-04-20,Los Angeles,037,10098052,2731977,2721699,126138,2847837,31630
2022-04-20,Madera,039,155013,37362,37333,6134,43467,354
2022-04-20,Marin,041,260295,34297,33985,2678,36663,288
2022-04-20,Mariposa,043,17540,2429,2412,207,2619,30
2022-04-20,Mendocino,045,87422,13192,13128,3087,16215,122
2022-04-20,Merced,047,269075,62362,62322,8744,71066,813
2022-04-20,Modoc,049,8938,744,744,253,997,8
2022-04-20,Mono,051,14174,2987,2984,128,3112,6
2022-04-20,Monterey,053,433212,79835,79419,14114,93533,727
2022-04-20,Napa,055,140530,26203,26016,1029,27045,143
2022-04-20,Nevada,057,99092,16081,16034,1232,17266,127
2022-04-20,Orange,059,3164182,550453,549136,42207,591343,6963
2022-04-20,Placer,061,380077,63189,62928,7470,70398,619
2022-04-20,Plumas,063,18699,2985,2932,371,3303,13
2022-04-20,Riverside,065,2383286,593761,592224,28385,620609,6447
2022-04-20,Sacramento,067,1510023,282610,279326,27412,306738,2987
2022-04-20,San Benito,069,59416,12951,12971,521,13492,98
2022-04-20,San Bernardino,071,2135413,571109,565405,25316,590721,6977
2022-04-20,San Diego,073,3302833,756834,757138,53245,810383,5231
2022-04-20,San Francisco,075,870044,128788,127594,8596,136190,854
2022-04-20,San Joaquin,077,732212,167053,166531,10149,176680,2222
2022-04-20,San Luis Obispo,079,281455,52871,52740,3862,56602,476
2022-04-20,San Mateo,081,765935,124763,123279,7316,130595,701
2022-04-20,Santa Barbara,083,443738,86606,86214,4848,91062,685
2022-04-20,Santa Clara,085,1922200,317157,316355,12804,329159,2274
2022-04-20,Santa Cruz,087,273765,48876,47997,2197,50194,261
2022-04-20,Shasta,089,179085,30647,30590,6166,36756,554
2022-04-20,Sierra,091,2930,274,276,48,324,4
2022-04-20,Siskiyou,093,43540,4460,4446,2768,7214,80
2022-04-20,Solano,095,438530,82157,81841,5655,87496,447
2022-04-20,Sonoma,097,501317,84920,84429,2810,87239,485
2022-04-20,Stanislaus,099,539301,117810,117540,17694,135234,1630
2022-04-20,Sutter,101,95872,20544,20632,2146,22778,224
2022-04-20,Tehama,103,63373,12059,12061,2624,14685,199
2022-04-20,Trinity,105,12862,1185,1178,295,1473,20
2022-04-20,Tulare,107,460477,106673,105974,28679,134653,1439
2022-04-20,Tuolumne,109,53932,12700,12648,577,13225,180
2022-04-20,Ventura,111,848112,174348,173904,9578,183482,1475
2022-04-20,Yolo,113,214977,37347,36785,3266,40051,311
2022-04-20,Yuba,115,75493,15906,15868,1227,17095,121
2022-04-19,Alameda,001,1643700,260662,258734,14427,273161,1832
2022-04-19,Alpine,003,1148,124,124,1,125,0
2022-04-19,Amador,005,37829,8554,8494,662,9156,86
2022-04-19,Butte,007,227075,33157,33083,6735,39818,408
2022-04-19,Calaveras,009,45235,7304,7288,360,7648,119
2022-04-19,Colusa,011,21464,3452,3453,1074,4527,21
2022-04-19,Contra Costa,013,1133247,191039,190042,13546,203588,1299
2022-04-19,Del Norte,015,27424,5826,5814,197,6011,50
2022-04-19,El Dorado,017,186661,26884,26821,3260,30081,209
2022-04-19,Fresno,019,978130,231968,231568,24149,255717,2740
2022-04-19,Glenn,021,27897,4988,4988,1614,6602,48
2022-04-19,Humboldt,023,135768,17078,16976,3011,19987,145
2022-04-19,Imperial,025,180216,55497,55405,10848,66253,910
2022-04-19,Inyo,027,18085,4082,4075,506,4581,56
2022-04-19,Kern,029,883053,192239,191915,46432,238347,2262
2022-04-19,Kings,031,150075,51600,51571,3635,55206,445
2022-04-19,Lake,033,64148,10742,10711,904,11615,134
2022-04-19,Lassen,035,31185,8966,8951,890,9841,65
2022-04-19,Los Angeles,037,10098052,2730180,2721699,126010,2847709,31630
2022-04-19,Madera,039,155013,37359,37333,6132,43465,354
2022-04-19,Marin,041,260295,34246,33985,2661,36646,288
2022-04-19,Mariposa,043,17540,2429,2412,206,2618,30
2022-04-19,Mendocino,045,87422,13184,13128,3076,16204,122
2022-04-19,Merced,047,269075,62343,62322,8739,71061,813
2022-04-19,Modoc,049,8938,744,744,253,997,8
2022-04-19,Mono,051,14174,2987,2984,128,3112,6
2022-04-19,Monterey,053,433212,79814,79419,14100,93519,727
2022-04-19,Napa,055,140530,26180,26016,1019,27035,143
2022-04-19,Nevada,057,99092,16075,16034,1230,17264,127
2022-04-19,Orange,059,3164182,550174,549136,42162,591298,6963
2022-04-19,Placer,061,380077,63157,62928,7465,70393,619
2022-04-19,Plumas,063,18699,2985,2932,371,3303,13
2022-04-19,Riverside,065,2383286,593578,592224,28370,620594,6447
2022-04-19,Sacramento,067,1510023,282435,279326,27388,306714,2987
2022-04-19,San Benito,069,59416,12945,12971,520,13491,98
2022-04-19,San Bernardino,071,2135413,570893,565405,25293,590698,6977
2022-04-19,San Diego,073,3302833,756371,757138,53181,810319,5231
2022-04-19,San Francisco,075,870044,128455,127594,8579,136173,854
2022-04-19,San Joaquin,077,732212,167002,166531,10142,176673,2222
2022-04-19,San Luis Obispo,079,281455,52836,52740,3854,56594,476
2022-04-19,San Mateo,081,765935,124533,123279,7293,130572,701
2022-04-19,Santa Barbara,083,443738,86552,86214,4840,91054,685
2022-04-19,Santa Clara,085,1922200,316735,316355,12774,329129,2274
2022-04-19,Santa Cruz,087,273765,48821,47997,2195,50192,261
2022-04-19,Shasta,089,179085,30635,30590,6165,36755,554
2022-04-19,Sierra,091,2930,274,276,48,324,4
2022-04-19,Siskiyou,093,43540,4459,4446,2766,7212,80
2022-04-19,Solano,095,438530,82079,81841,5650,87491,447
2022-04-19,Sonoma,097,501317,84817,84429,2781,87210,485
2022-04-19,Stanislaus,099,539301,117784,117540,17689,135229,1630
2022-04-19,Sutter,101,95872,20544,20632,2146,22778,224
2022-04-19,Tehama,103,63373,12058,12061,2624,14685,199
2022-04-19,Trinity,105,12862,1184,1178,295,1473,20
2022-04-19,Tulare,107,460477,106657,105974,28673,134647,1439
2022-04-19,Tuolumne,109,53932,12698,12648,577,13225,180
2022-04-19,Ventura,111,848112,174254,173904,9565,183469,1475
2022-04-19,Yolo,113,214977,37315,36785,3264,40049,311
2022-04-19,Yuba,115,75493,15899,15868,1227,17095,121
2022-04-18,Alameda,001,1643700,260276,258734,14404,273138,1832
2022-04-18,Alpine,003,1148,124,124,1,125,0
2022-04-18,Amador,005,37829,8553,8494,661,9155,86
2022-04-18,Butte,007,227075,33153,33083,6730,39813,408
2022-04-18,Calaveras,009,45235,7300,7288,359,7647,119
2022-04-18,Colusa,011,21464,3451,3453,1074,4527,21
2022-04-18,Contra Costa,013,1133247,190803,190042,13519,203561,1299
2022-04-18,Del Norte,015,27424,5821,5814,197,6011,50
2022-04-18,El Dorado,017,186661,26867,26821,3257,30078,209
2022-04-18,Fresno,019,978130,231923,231568,24138,255706,2740
2022-04-18,Glenn,021,27897,4987,4988,1613,6601,48
2022-04-18,Humboldt,023,135768,17047,16976,3008,19984,145
2022-04-18,Imperial,025,180216,55485,55405,10846,66251,910
2022-04-18,Inyo,027,18085,4082,4075,506,4581,56
2022-04-18,Kern,029,883053,192194,191915,46420,238335,2262
2022-04-18,Kings,031,150075,51595,51571,3635,55206,445
2022-04-18,Lake,033,64148,10738,10711,903,11614,134
2022-04-18,Lassen,035,31185,8966,8951,890,9841,65
2022-04-18,Los Angeles,037,10098052,2728346,2721699,125894,2847593,31630
2022-04-18,Madera,039,155013,37351,37333,6131,43464,354
2022-04-18,Marin,041,260295,34182,33985,2638,36623,288
2022-04-18,Mariposa,043,17540,2427,2412,206,2618,30
2022-04-18,Mendocino,045,87422,13167,13128,3070,16198,122
2022-04-18,Merced,047,269075,62331,62322,8733,71055,813
2022-04-18,Modoc,049,8938,743,744,253,997,8
2022-04-18,Mono,051,14174,2986,2984,128,3112,6
2022-04-18,Monterey,053,433212,79740,79419,14083,93502,727
2022-04-18,Napa,055,140530,26144,26016,1018,27034,143
2022-04-18,Nevada,057,99092,16065,16034,1228,17262,127
2022-04-18,Orange,059,3164182,549885,549136,42128,591264,6963
2022-04-18,Placer,061,380077,63124,62928,7463,70391,619
2022-04-18,Plumas,063,18699,2985,2932,371,3303,13
2022-04-18,Riverside,065,2383286,593370,592224,28349,620573,6447
2022-04-18,Sacramento,067,1510023,282279,279326,27375,306701,2987
2022-04-18,San Benito,069,59416,12939,12971,520,13491,98
2022-04-18,San Bernardino,071,2135413,570683,565405,25269,590674,6977
2022-04-18,San Diego,073,3302833,755902,757138,53122,810260,5231
2022-04-18,San Francisco,075,870044,128136,127594,8567,136161,854
2022-04-18,San Joaquin,077,732212,166943,166531,10135,176666,2222
2022-04-18,San Luis Obispo,079,281455,52808,52740,3849,56589,476
2022-04-18,San Mateo,081,765935,124301,123279,7270,130549,701
2022-04-18,Santa Barbara,083,443738,86481,86214,4835,91049,685
2022-04-18,Santa Clara,085,1922200,316287,316355,12749,329104,2274
2022-04-18,Santa Cruz,087,273765,48716,47997,2189,50186,261
2022-04-18,Shasta,089,179085,30629,30590,6162,36752,554
2022-04-18,Sierra,091,2930,274,276,48,324,4
2022-04-18,Siskiyou,093,43540,4458,4446,2765,7211,80
2022-04-18,Solano,095,438530,82018,81841,5645,87486,447
2022-04-18,Sonoma,097,501317,84718,84429,2766,87195,485
2022-04-18,Stanislaus,099,539301,117754,117540,17685,135225,1630
2022-04-18,Sutter,101,95872,20542,20632,2143,22775,224
2022-04-18,Tehama,103,63373,12054,12061,2624,14685,199
2022-04-18,Trinity,105,12862,1184,1178,295,1473,20
2022-04-18,Tulare,107,460477,106643,105974,28662,134636,1439
2022-04-18,Tuolumne,109,53932,12691,12648,576,13224,180
2022-04-18,Ventura,111,848112,174162,173904,9555,183459,1475
2022-04-18,Yolo,113,214977,37272,36785,3264,40049,311
2022-04-18,Yuba,115,75493,15890,15868,1224,17092,121
2022-04-17,Alameda,001,1643700,259886,257897,14376,272273,1829
2022-04-17,Alpine,003,1148,124,124,1,125,0
2022-04-17,Amador,005,37829,8548,8491,659,9150,86
2022-04-17,Butte,007,227075,33150,33053,6726,39779,405
2022-04-17,Calaveras,009,45235,7297,7275,357,7632,119
2022-04-17,Colusa,011,21464,3450,3450,1074,4524,21
2022-04-17,Contra Costa,013,1133247,190575,189742,13478,203220,1298
2022-04-17,Del Norte,015,27424,5817,5809,197,6006,50
2022-04-17,El Dorado,017,186661,26855,26796,3255,30051,209
2022-04-17,Fresno,019,978130,231845,231455,24131,255586,2739
2022-04-17,Glenn,021,27897,4987,4991,1613,6604,48
2022-04-17,Humboldt,023,135768,17013,16929,3002,19931,143
2022-04-17,Imperial,025,180216,55476,55371,10844,66215,910
2022-04-17,Inyo,027,18085,4080,4075,506,4581,56
2022-04-17,Kern,029,883053,192159,191866,46405,238271,2258
2022-04-17,Kings,031,150075,51584,51544,3633,55177,445
2022-04-17,Lake,033,64148,10737,10702,903,11605,134
2022-04-17,Lassen,035,31185,8966,8950,890,9840,65
2022-04-17,Los Angeles,037,10098052,2726352,2717479,125772,2843251,31598
2022-04-17,Madera,039,155013,37345,37362,6131,43493,354
2022-04-17,Marin,041,260295,34115,33829,2608,36437,288
2022-04-17,Mariposa,043,17540,2419,2406,206,2612,30
2022-04-17,Mendocino,045,87422,13152,13107,3066,16173,122
2022-04-17,Merced,047,269075,62311,62295,8725,71020,813
2022-04-17,Modoc,049,8938,743,743,253,996,8
2022-04-17,Mono,051,14174,2985,2977,128,3105,6
2022-04-17,Monterey,053,433212,79708,79311,14062,93373,727
2022-04-17,Napa,055,140530,26100,25929,1012,26941,143
2022-04-17,Nevada,057,99092,16049,16014,1223,17237,123
2022-04-17,Orange,059,3164182,549518,548311,42076,590387,6945
2022-04-17,Placer,061,380077,63084,62882,7456,70338,618
2022-04-17,Plumas,063,18699,2985,2929,371,3300,13
2022-04-17,Riverside,065,2383286,593152,591772,28326,620098,6443
2022-04-17,Sacramento,067,1510023,282117,278523,27349,305872,2978
2022-04-17,San Benito,069,59416,12936,12926,519,13445,98
2022-04-17,San Bernardino,071,2135413,570443,564397,25251,589648,6948
2022-04-17,San Diego,073,3302833,755411,756165,53054,809219,5229
2022-04-17,San Francisco,075,870044,127818,126976,8551,135527,854
2022-04-17,San Joaquin,077,732212,166893,166645,10127,176772,2220
2022-04-17,San Luis Obispo,079,281455,52739,52698,3844,56542,476
2022-04-17,San Mateo,081,765935,124065,122652,7254,129906,699
2022-04-17,Santa Barbara,083,443738,86423,86030,4829,90859,684
2022-04-17,Santa Clara,085,1922200,315790,315296,12721,328017,2268
2022-04-17,Santa Cruz,087,273765,48594,47895,2186,50081,261
2022-04-17,Shasta,089,179085,30618,30578,6158,36736,554
2022-04-17,Sierra,091,2930,274,276,48,324,4
2022-04-17,Siskiyou,093,43540,4453,4444,2764,7208,80
2022-04-17,Solano,095,438530,81955,81781,5642,87423,447
2022-04-17,Sonoma,097,501317,84607,84172,2758,86930,485
2022-04-17,Stanislaus,099,539301,117724,117567,17677,135244,1619
2022-04-17,Sutter,101,95872,20537,20621,2142,22763,224
2022-04-17,Tehama,103,63373,12053,12061,2624,14685,199
2022-04-17,Trinity,105,12862,1183,1178,295,1473,20
2022-04-17,Tulare,107,460477,106629,105757,28652,134409,1428
2022-04-17,Tuolumne,109,53932,12685,12640,576,13216,180
2022-04-17,Ventura,111,848112,174066,173665,9536,183201,1474
2022-04-17,Yolo,113,214977,37243,36752,3262,40014,311
2022-04-17,Yuba,115,75493,15884,15857,1224,17081,121
2022-04-16,Alameda,001,1643700,259731,257897,14366,272263,1829
2022-04-16,Alpine,003,1148,124,124,1,125,0
2022-04-16,Amador,005,37829,8546,8491,659,9150,86
2022-04-16,Butte,007,227075,33147,33053,6724,39777,405
2022-04-16,Calaveras,009,45235,7295,7275,357,7632,119
2022-04-16,Colusa,011,21464,3450,3450,1074,4524,21
2022-04-16,Contra Costa,013,1133247,190484,189742,13472,203214,1298
2022-04-16,Del Norte,015,27424,5817,5809,197,6006,50
2022-04-16,El Dorado,017,186661,26844,26796,3255,30051,209
2022-04-16,Fresno,019,978130,231817,231455,24130,255585,2739
2022-04-16,Glenn,021,27897,4987,4991,1613,6604,48
2022-04-16,Humboldt,023,135768,17005,16929,2997,19926,143
2022-04-16,Imperial,025,180216,55470,55371,10843,66214,910
2022-04-16,Inyo,027,18085,4080,4075,506,4581,56
2022-04-16,Kern,029,883053,192148,191866,46392,238258,2258
2022-04-16,Kings,031,150075,51581,51544,3633,55177,445
2022-04-16,Lake,033,64148,10735,10702,903,11605,134
2022-04-16,Lassen,035,31185,8966,8950,890,9840,65
2022-04-16,Los Angeles,037,10098052,2725646,2717479,125722,2843201,31598
2022-04-16,Madera,039,155013,37343,37362,6131,43493,354
2022-04-16,Marin,041,260295,34077,33829,2581,36410,288
2022-04-16,Mariposa,043,17540,2418,2406,206,2612,30
2022-04-16,Mendocino,045,87422,13146,13107,3066,16173,122
2022-04-16,Merced,047,269075,62308,62295,8725,71020,813
2022-04-16,Modoc,049,8938,743,743,253,996,8
2022-04-16,Mono,051,14174,2985,2977,128,3105,6
2022-04-16,Monterey,053,433212,79692,79311,14053,93364,727
2022-04-16,Napa,055,140530,26077,25929,1009,26938,143
2022-04-16,Nevada,057,99092,16046,16014,1222,17236,123
2022-04-16,Orange,059,3164182,549403,548311,42047,590358,6945
2022-04-16,Placer,061,380077,63068,62882,7454,70336,618
2022-04-16,Plumas,063,18699,2983,2929,371,3300,13
2022-04-16,Riverside,065,2383286,593072,591772,28320,620092,6443
2022-04-16,Sacramento,067,1510023,282066,278523,27341,305864,2978
2022-04-16,San Benito,069,59416,12935,12926,519,13445,98
2022-04-16,San Bernardino,071,2135413,570344,564397,25247,589644,6948
2022-04-16,San Diego,073,3302833,755264,756165,53042,809207,5229
2022-04-16,San Francisco,075,870044,127663,126976,8542,135518,854
2022-04-16,San Joaquin,077,732212,166853,166645,10123,176768,2220
2022-04-16,San Luis Obispo,079,281455,52733,52698,3843,56541,476
2022-04-16,San Mateo,081,765935,123969,122652,7247,129899,699
2022-04-16,Santa Barbara,083,443738,86393,86030,4829,90859,684
2022-04-16,Santa Clara,085,1922200,315549,315296,12712,328008,2268
2022-04-16,Santa Cruz,087,273765,48567,47895,2185,50080,261
2022-04-16,Shasta,089,179085,30614,30578,6158,36736,554
2022-04-16,Sierra,091,2930,274,276,48,324,4
2022-04-16,Siskiyou,093,43540,4453,4444,2764,7208,80
2022-04-16,Solano,095,438530,81940,81781,5639,87420,447
2022-04-16,Sonoma,097,501317,84557,84172,2748,86920,485
2022-04-16,Stanislaus,099,539301,117704,117567,17672,135239,1619
2022-04-16,Sutter,101,95872,20533,20621,2142,22763,224
2022-04-16,Tehama,103,63373,12052,12061,2624,14685,199
2022-04-16,Trinity,105,12862,1183,1178,295,1473,20
2022-04-16,Tulare,107,460477,106618,105757,28649,134406,1428
2022-04-16,Tuolumne,109,53932,12684,12640,576,13216,180
2022-04-16,Ventura,111,848112,174037,173665,9532,183197,1474
2022-04-16,Yolo,113,214977,37234,36752,3261,40013,311
2022-04-16,Yuba,115,75493,15880,15857,1224,17081,121
2022-04-15,Alameda,001,1643700,259547,257897,14357,272254,1829
2022-04-15,Alpine,003,1148,124,124,1,125,0
2022-04-15,Amador,005,37829,8545,8491,657,9148,86
2022-04-15,Butte,007,227075,33145,33053,6721,39774,405
2022-04-15,Calaveras,009,45235,7293,7275,357,7632,119
2022-04-15,Colusa,011,21464,3450,3450,1074,4524,21
2022-04-15,Contra Costa,013,1133247,190367,189742,13465,203207,1298
2022-04-15,Del Norte,015,27424,5817,5809,197,6006,50
2022-04-15,El Dorado,017,186661,26830,26796,3254,30050,209
2022-04-15,Fresno,019,978130,231788,231455,24130,255585,2739
2022-04-15,Glenn,021,27897,4987,4991,1613,6604,48
2022-04-15,Humboldt,023,135768,16993,16929,2996,19925,143
2022-04-15,Imperial,025,180216,55468,55371,10843,66214,910
2022-04-15,Inyo,027,18085,4080,4075,505,4580,56
2022-04-15,Kern,029,883053,192133,191866,46381,238247,2258
2022-04-15,Kings,031,150075,51577,51544,3633,55177,445
2022-04-15,Lake,033,64148,10730,10702,903,11605,134
2022-04-15,Lassen,035,31185,8966,8950,890,9840,65
2022-04-15,Los Angeles,037,10098052,2724872,2717479,125655,2843134,31598
2022-04-15,Madera,039,155013,37341,37362,6131,43493,354
2022-04-15,Marin,041,260295,34043,33829,2560,36389,288
2022-04-15,Mariposa,043,17540,2417,2406,206,2612,30
2022-04-15,Mendocino,045,87422,13140,13107,3065,16172,122
2022-04-15,Merced,047,269075,62304,62295,8725,71020,813
2022-04-15,Modoc,049,8938,743,743,253,996,8
2022-04-15,Mono,051,14174,2981,2977,127,3104,6
2022-04-15,Monterey,053,433212,79665,79311,14047,93358,727
2022-04-15,Napa,055,140530,26060,25929,1007,26936,143
2022-04-15,Nevada,057,99092,16044,16014,1221,17235,123
2022-04-15,Orange,059,3164182,549282,548311,42017,590328,6945
2022-04-15,Placer,061,380077,63054,62882,7453,70335,618
2022-04-15,Plumas,063,18699,2983,2929,371,3300,13
2022-04-15,Riverside,065,2383286,592971,591772,28314,620086,6443
2022-04-15,Sacramento,067,1510023,281986,278523,27337,305860,2978
2022-04-15,San Benito,069,59416,12933,12926,518,13444,98
2022-04-15,San Bernardino,071,2135413,570262,564397,25243,589640,6948
2022-04-15,San Diego,073,3302833,755073,756165,53023,809188,5229
2022-04-15,San Francisco,075,870044,127512,126976,8528,135504,854
2022-04-15,San Joaquin,077,732212,166831,166645,10120,176765,2220
2022-04-15,San Luis Obispo,079,281455,52725,52698,3843,56541,476
2022-04-15,San Mateo,081,765935,123838,122652,7236,129888,699
2022-04-15,Santa Barbara,083,443738,86360,86030,4828,90858,684
2022-04-15,Santa Clara,085,1922200,315256,315296,12704,328000,2268
2022-04-15,Santa Cruz,087,273765,48539,47895,2184,50079,261
2022-04-15,Shasta,089,179085,30605,30578,6158,36736,554
2022-04-15,Sierra,091,2930,274,276,48,324,4
2022-04-15,Siskiyou,093,43540,4451,4444,2764,7208,80
2022-04-15,Solano,095,438530,81915,81781,5639,87420,447
2022-04-15,Sonoma,097,501317,84505,84172,2733,86905,485
2022-04-15,Stanislaus,099,539301,117685,117567,17670,135237,1619
2022-04-15,Sutter,101,95872,20530,20621,2142,22763,224
2022-04-15,Tehama,103,63373,12052,12061,2624,14685,199
2022-04-15,Trinity,105,12862,1183,1178,295,1473,20
2022-04-15,Tulare,107,460477,106612,105757,28643,134400,1428
2022-04-15,Tuolumne,109,53932,12681,12640,573,13213,180
2022-04-15,Ventura,111,848112,174008,173665,9525,183190,1474
2022-04-15,Yolo,113,214977,37223,36752,3260,40012,311
2022-04-15,Yuba,115,75493,15877,15857,1224,17081,121
2022-04-14,Alameda,001,1643700,259278,257897,14346,272243,1829
2022-04-14,Alpine,003,1148,124,124,1,125,0
2022-04-14,Amador,005,37829,8545,8491,657,9148,86
2022-04-14,Butte,007,227075,33140,33053,6715,39768,405
2022-04-14,Calaveras,009,45235,7292,7275,357,7632,119
2022-04-14,Colusa,011,21464,3450,3450,1074,4524,21
2022-04-14,Contra Costa,013,1133247,190213,189742,13452,203194,1298
2022-04-14,Del Norte,015,27424,5815,5809,197,6006,50
2022-04-14,El Dorado,017,186661,26827,26796,3252,30048,209
2022-04-14,Fresno,019,978130,231762,231455,24129,255584,2739
2022-04-14,Glenn,021,27897,4986,4991,1611,6602,48
2022-04-14,Humboldt,023,135768,16978,16929,2994,19923,143
2022-04-14,Imperial,025,180216,55458,55371,10843,66214,910
2022-04-14,Inyo,027,18085,4080,4075,504,4579,56
2022-04-14,Kern,029,883053,192114,191866,46373,238239,2258
2022-04-14,Kings,031,150075,51569,51544,3633,55177,445
2022-04-14,Lake,033,64148,10729,10702,903,11605,134
2022-04-14,Lassen,035,31185,8966,8950,889,9839,65
2022-04-14,Los Angeles,037,10098052,2723786,2717479,125564,2843043,31598
2022-04-14,Madera,039,155013,37339,37362,6131,43493,354
2022-04-14,Marin,041,260295,34009,33829,2532,36361,288
2022-04-14,Mariposa,043,17540,2416,2406,206,2612,30
2022-04-14,Mendocino,045,87422,13135,13107,3065,16172,122
2022-04-14,Merced,047,269075,62299,62295,8725,71020,813
2022-04-14,Modoc,049,8938,742,743,253,996,8
2022-04-14,Mono,051,14174,2981,2977,125,3102,6
2022-04-14,Monterey,053,433212,79640,79311,14041,93352,727
2022-04-14,Napa,055,140530,26038,25929,1006,26935,143
2022-04-14,Nevada,057,99092,16037,16014,1220,17234,123
2022-04-14,Orange,059,3164182,549093,548311,41989,590300,6945
2022-04-14,Placer,061,380077,63036,62882,7448,70330,618
2022-04-14,Plumas,063,18699,2983,2929,371,3300,13
2022-04-14,Riverside,065,2383286,592855,591772,28303,620075,6443
2022-04-14,Sacramento,067,1510023,281866,278523,27322,305845,2978
2022-04-14,San Benito,069,59416,12927,12926,518,13444,98
2022-04-14,San Bernardino,071,2135413,570091,564397,25237,589634,6948
2022-04-14,San Diego,073,3302833,754795,756165,52985,809150,5229
2022-04-14,San Francisco,075,870044,127311,126976,8517,135493,854
2022-04-14,San Joaquin,077,732212,166800,166645,10117,176762,2220
2022-04-14,San Luis Obispo,079,281455,52709,52698,3839,56537,476
2022-04-14,San Mateo,081,765935,123683,122652,7217,129869,699
2022-04-14,Santa Barbara,083,443738,86315,86030,4826,90856,684
2022-04-14,Santa Clara,085,1922200,314954,315296,12695,327991,2268
2022-04-14,Santa Cruz,087,273765,48509,47895,2183,50078,261
2022-04-14,Shasta,089,179085,30603,30578,6157,36735,554
2022-04-14,Sierra,091,2930,274,276,48,324,4
2022-04-14,Siskiyou,093,43540,4451,4444,2763,7207,80
2022-04-14,Solano,095,438530,81876,81781,5632,87413,447
2022-04-14,Sonoma,097,501317,84411,84172,2728,86900,485
2022-04-14,Stanislaus,099,539301,117665,117567,17667,135234,1619
2022-04-14,Sutter,101,95872,20528,20621,2133,22754,224
2022-04-14,Tehama,103,63373,12051,12061,2623,14684,199
2022-04-14,Trinity,105,12862,1183,1178,295,1473,20
2022-04-14,Tulare,107,460477,106598,105757,28639,134396,1428
2022-04-14,Tuolumne,109,53932,12677,12640,572,13212,180
2022-04-14,Ventura,111,848112,173959,173665,9518,183183,1474
2022-04-14,Yolo,113,214977,37212,36752,3256,40008,311
2022-04-14,Yuba,115,75493,15874,15857,1224,17081,121
2022-04-13,Alameda,001,1643700,259027,257440,14323,271763,1833
2022-04-13,Alpine,003,1148,124,124,1,125,0
2022-04-13,Amador,005,37829,8543,8490,657,9147,86
2022-04-13,Butte,007,227075,33132,33044,6715,39759,402
2022-04-13,Calaveras,009,45235,7291,7270,357,7627,119
2022-04-13,Colusa,011,21464,3450,3451,1074,4525,21
2022-04-13,Contra Costa,013,1133247,190081,189471,13435,202906,1298
2022-04-13,Del Norte,015,27424,5813,5812,197,6009,50
2022-04-13,El Dorado,017,186661,26823,26794,3252,30046,208
2022-04-13,Fresno,019,978130,231730,231325,24116,255441,2738
2022-04-13,Glenn,021,27897,4985,4989,1611,6600,48
2022-04-13,Humboldt,023,135768,16964,16922,2993,19915,143
2022-04-13,Imperial,025,180216,55445,55353,10838,66191,910
2022-04-13,Inyo,027,18085,4080,4074,501,4575,56
2022-04-13,Kern,029,883053,192089,191859,46367,238226,2249
2022-04-13,Kings,031,150075,51563,51535,3633,55168,443
2022-04-13,Lake,033,64148,10727,10695,903,11598,134
2022-04-13,Lassen,035,31185,8965,8949,889,9838,65
2022-04-13,Los Angeles,037,10098052,2722528,2715722,125487,2841209,31578
2022-04-13,Madera,039,155013,37336,37361,6130,43491,354
2022-04-13,Marin,041,260295,33970,33747,2502,36249,288
2022-04-13,Mariposa,043,17540,2410,2402,206,2608,29
2022-04-13,Mendocino,045,87422,13126,13101,3063,16164,120
2022-04-13,Merced,047,269075,62289,62276,8724,71000,811
2022-04-13,Modoc,049,8938,742,743,253,996,8
2022-04-13,Mono,051,14174,2979,2971,125,3096,6
2022-04-13,Monterey,053,433212,79626,79179,14031,93210,727
2022-04-13,Napa,055,140530,26021,25892,1003,26895,143
2022-04-13,Nevada,057,99092,16031,16002,1220,17222,123
2022-04-13,Orange,059,3164182,548890,547783,41962,589745,6935
2022-04-13,Placer,061,380077,63009,62851,7444,70295,615
2022-04-13,Plumas,063,18699,2982,2923,371,3294,13
2022-04-13,Riverside,065,2383286,592716,591659,28296,619955,6437
2022-04-13,Sacramento,067,1510023,281781,277866,27319,305185,2974
2022-04-13,San Benito,069,59416,12921,12927,518,13445,98
2022-04-13,San Bernardino,071,2135413,569947,563709,25229,588938,6905
2022-04-13,San Diego,073,3302833,754509,755584,52953,808537,5223
2022-04-13,San Francisco,075,870044,127142,126608,8500,135108,850
2022-04-13,San Joaquin,077,732212,166765,166654,10115,176769,2219
2022-04-13,San Luis Obispo,079,281455,52685,52660,3838,56498,476
2022-04-13,San Mateo,081,765935,123532,122167,7191,129358,699
2022-04-13,Santa Barbara,083,443738,86277,85938,4821,90759,684
2022-04-13,Santa Clara,085,1922200,314685,314863,12677,327540,2267
2022-04-13,Santa Cruz,087,273765,48455,47765,2181,49946,260
2022-04-13,Shasta,089,179085,30601,30569,6157,36726,551
2022-04-13,Sierra,091,2930,274,276,48,324,4
2022-04-13,Siskiyou,093,43540,4450,4444,2762,7206,80
2022-04-13,Solano,095,438530,81838,81843,5629,87472,448
2022-04-13,Sonoma,097,501317,84343,84033,2713,86746,485
2022-04-13,Stanislaus,099,539301,117647,117573,17662,135235,1577
2022-04-13,Sutter,101,95872,20524,20610,2133,22743,223
2022-04-13,Tehama,103,63373,12050,12062,2622,14684,200
2022-04-13,Trinity,105,12862,1183,1177,295,1472,20
2022-04-13,Tulare,107,460477,106591,105519,28634,134153,1426
2022-04-13,Tuolumne,109,53932,12671,12639,572,13211,180
2022-04-13,Ventura,111,848112,173901,173558,9512,183070,1474
2022-04-13,Yolo,113,214977,37191,36684,3254,39938,311
2022-04-13,Yuba,115,75493,15870,15851,1224,17075,121
2022-04-12,Alameda,001,1643700,258783,257440,14311,271751,1833
2022-04-12,Alpine,003,1148,124,124,1,125,0
2022-04-12,Amador,005,37829,8542,8490,657,9147,86
2022-04-12,Butte,007,227075,33120,33044,6708,39752,402
2022-04-12,Calaveras,009,45235,7287,7270,356,7626,119
2022-04-12,Colusa,011,21464,3450,3451,1074,4525,21
2022-04-12,Contra Costa,013,1133247,189923,189471,13421,202892,1298
2022-04-12,Del Norte,015,27424,5811,5812,197,6009,50
2022-04-12,El Dorado,017,186661,26811,26794,3252,30046,208
2022-04-12,Fresno,019,978130,231700,231325,24109,255434,2738
2022-04-12,Glenn,021,27897,4985,4989,1611,6600,48
2022-04-12,Humboldt,023,135768,16956,16922,2991,19913,143
2022-04-12,Imperial,025,180216,55441,55353,10829,66182,910
2022-04-12,Inyo,027,18085,4080,4074,500,4574,56
2022-04-12,Kern,029,883053,192069,191859,46358,238217,2249
2022-04-12,Kings,031,150075,51555,51535,3631,55166,443
2022-04-12,Lake,033,64148,10723,10695,902,11597,134
2022-04-12,Lassen,035,31185,8965,8949,889,9838,65
2022-04-12,Los Angeles,037,10098052,2721283,2715722,125385,2841107,31578
2022-04-12,Madera,039,155013,37335,37361,6130,43491,354
2022-04-12,Marin,041,260295,33925,33747,2475,36222,288
2022-04-12,Mariposa,043,17540,2410,2402,206,2608,29
2022-04-12,Mendocino,045,87422,13118,13101,3058,16159,120
2022-04-12,Merced,047,269075,62275,62276,8721,70997,811
2022-04-12,Modoc,049,8938,742,743,252,995,8
2022-04-12,Mono,051,14174,2979,2971,125,3096,6
2022-04-12,Monterey,053,433212,79602,79179,14024,93203,727
2022-04-12,Napa,055,140530,25998,25892,993,26885,143
2022-04-12,Nevada,057,99092,16028,16002,1219,17221,123
2022-04-12,Orange,059,3164182,548637,547783,41928,589711,6935
2022-04-12,Placer,061,380077,62986,62851,7439,70290,615
2022-04-12,Plumas,063,18699,2981,2923,371,3294,13
2022-04-12,Riverside,065,2383286,592570,591659,28274,619933,6437
2022-04-12,Sacramento,067,1510023,281665,277866,27317,305183,2974
2022-04-12,San Benito,069,59416,12917,12927,517,13444,98
2022-04-12,San Bernardino,071,2135413,569774,563709,25223,588932,6905
2022-04-12,San Diego,073,3302833,754176,755584,52911,808495,5223
2022-04-12,San Francisco,075,870044,126933,126608,8484,135092,850
2022-04-12,San Joaquin,077,732212,166735,166654,10113,176767,2219
2022-04-12,San Luis Obispo,079,281455,52652,52660,3832,56492,476
2022-04-12,San Mateo,081,765935,123375,122167,7166,129333,699
2022-04-12,Santa Barbara,083,443738,86231,85938,4817,90755,684
2022-04-12,Santa Clara,085,1922200,314393,314863,12666,327529,2267
2022-04-12,Santa Cruz,087,273765,48376,47765,2178,49943,260
2022-04-12,Shasta,089,179085,30601,30569,6156,36725,551
2022-04-12,Sierra,091,2930,274,276,48,324,4
2022-04-12,Siskiyou,093,43540,4450,4444,2760,7204,80
2022-04-12,Solano,095,438530,81798,81843,5627,87470,448
2022-04-12,Sonoma,097,501317,84285,84033,2707,86740,485
2022-04-12,Stanislaus,099,539301,117627,117573,17656,135229,1577
2022-04-12,Sutter,101,95872,20521,20610,2133,22743,223
2022-04-12,Tehama,103,63373,12048,12062,2622,14684,200
2022-04-12,Trinity,105,12862,1183,1177,295,1472,20
2022-04-12,Tulare,107,460477,106576,105519,28629,134148,1426
2022-04-12,Tuolumne,109,53932,12669,12639,570,13209,180
2022-04-12,Ventura,111,848112,173852,173558,9506,183064,1474
2022-04-12,Yolo,113,214977,37177,36684,3247,39931,311
2022-04-12,Yuba,115,75493,15865,15851,1224,17075,121
2022-04-11,Alameda,001,1643700,258490,256649,14292,270941,1826
2022-04-11,Alpine,003,1148,124,124,1,125,0
2022-04-11,Amador,005,37829,8541,8489,657,9146,86
2022-04-11,Butte,007,227075,33107,33031,6704,39735,399
2022-04-11,Calaveras,009,45235,7284,7260,356,7616,119
2022-04-11,Colusa,011,21464,3448,3449,1074,4523,21
2022-04-11,Contra Costa,013,1133247,189756,189154,13405,202559,1296
2022-04-11,Del Norte,015,27424,5810,5811,197,6008,50
2022-04-11,El Dorado,017,186661,26799,26757,3251,30008,207
2022-04-11,Fresno,019,978130,231680,231090,24108,255198,2731
2022-04-11,Glenn,021,27897,4984,4988,1610,6598,47
2022-04-11,Humboldt,023,135768,16941,16913,2989,19902,141
2022-04-11,Imperial,025,180216,55436,55267,10827,66094,910
2022-04-11,Inyo,027,18085,4079,4071,500,4571,56
2022-04-11,Kern,029,883053,192044,191542,46353,237895,2244
2022-04-11,Kings,031,150075,51551,51519,3631,55150,443
2022-04-11,Lake,033,64148,10722,10690,901,11591,134
2022-04-11,Lassen,035,31185,8965,8948,889,9837,65
2022-04-11,Los Angeles,037,10098052,2720026,2709735,125314,2835049,31509
2022-04-11,Madera,039,155013,37328,37356,6130,43486,354
2022-04-11,Marin,041,260295,33869,33648,2456,36104,288
2022-04-11,Mariposa,043,17540,2409,2394,206,2600,29
2022-04-11,Mendocino,045,87422,13114,13087,3056,16143,120
2022-04-11,Merced,047,269075,62266,62231,8719,70950,811
2022-04-11,Modoc,049,8938,742,743,252,995,8
2022-04-11,Mono,051,14174,2978,2967,124,3091,6
2022-04-11,Monterey,053,433212,79582,79103,14013,93116,727
2022-04-11,Napa,055,140530,25981,25824,991,26815,144
2022-04-11,Nevada,057,99092,16024,15976,1219,17195,123
2022-04-11,Orange,059,3164182,548429,546983,41892,588875,6912
2022-04-11,Placer,061,380077,62964,62831,7437,70268,616
2022-04-11,Plumas,063,18699,2979,2887,371,3258,13
2022-04-11,Riverside,065,2383286,592443,591268,28256,619524,6429
2022-04-11,Sacramento,067,1510023,281564,277125,27314,304439,2972
2022-04-11,San Benito,069,59416,12915,12917,517,13434,98
2022-04-11,San Bernardino,071,2135413,569622,562571,25213,587784,6892
2022-04-11,San Diego,073,3302833,753849,754281,52872,807153,5210
2022-04-11,San Francisco,075,870044,126703,125963,8471,134434,844
2022-04-11,San Joaquin,077,732212,166697,166547,10107,176654,2212
2022-04-11,San Luis Obispo,079,281455,52629,52609,3831,56440,476
2022-04-11,San Mateo,081,765935,123189,121514,7152,128666,698
2022-04-11,Santa Barbara,083,443738,86183,85754,4812,90566,680
2022-04-11,Santa Clara,085,1922200,314050,313965,12651,326616,2266
2022-04-11,Santa Cruz,087,273765,48282,47624,2169,49793,259
2022-04-11,Shasta,089,179085,30596,30586,6155,36741,549
2022-04-11,Sierra,091,2930,274,272,48,320,4
2022-04-11,Siskiyou,093,43540,4450,4444,2758,7202,80
2022-04-11,Solano,095,438530,81770,81886,5626,87512,448
2022-04-11,Sonoma,097,501317,84217,83600,2697,86297,485
2022-04-11,Stanislaus,099,539301,117593,117528,17648,135176,1578
2022-04-11,Sutter,101,95872,20518,20591,2133,22724,223
2022-04-11,Tehama,103,63373,12047,12059,2621,14680,201
2022-04-11,Trinity,105,12862,1183,1177,295,1472,20
2022-04-11,Tulare,107,460477,106565,105278,28621,133899,1415
2022-04-11,Tuolumne,109,53932,12666,12632,570,13202,180
2022-04-11,Ventura,111,848112,173794,173343,9504,182847,1467
2022-04-11,Yolo,113,214977,37158,36587,3244,39831,312
2022-04-11,Yuba,115,75493,15862,15848,1223,17071,121
2022-04-10,Alameda,001,1643700,258152,256649,14278,270927,1826
2022-04-10,Alpine,003,1148,124,124,1,125,0
2022-04-10,Amador,005,37829,8539,8489,657,9146,86
2022-04-10,Butte,007,227075,33103,33031,6700,39731,399
2022-04-10,Calaveras,009,45235,7281,7260,356,7616,119
2022-04-10,Colusa,011,21464,3447,3449,1074,4523,21
2022-04-10,Contra Costa,013,1133247,189596,189154,13383,202537,1296
2022-04-10,Del Norte,015,27424,5807,5811,197,6008,50
2022-04-10,El Dorado,017,186661,26792,26757,3249,30006,207
2022-04-10,Fresno,019,978130,231642,231090,24106,255196,2731
2022-04-10,Glenn,021,27897,4984,4988,1610,6598,47
2022-04-10,Humboldt,023,135768,16931,16913,2987,19900,141
2022-04-10,Imperial,025,180216,55432,55267,10823,66090,910
2022-04-10,Inyo,027,18085,4079,4071,498,4569,56
2022-04-10,Kern,029,883053,192025,191542,46348,237890,2244
2022-04-10,Kings,031,150075,51549,51519,3631,55150,443
2022-04-10,Lake,033,64148,10718,10690,899,11589,134
2022-04-10,Lassen,035,31185,8964,8948,889,9837,65
2022-04-10,Los Angeles,037,10098052,2718697,2709735,125222,2834957,31509
2022-04-10,Madera,039,155013,37323,37356,6129,43485,354
2022-04-10,Marin,041,260295,33829,33648,2427,36075,288
2022-04-10,Mariposa,043,17540,2407,2394,206,2600,29
2022-04-10,Mendocino,045,87422,13106,13087,3055,16142,120
2022-04-10,Merced,047,269075,62254,62231,8716,70947,811
2022-04-10,Modoc,049,8938,742,743,252,995,8
2022-04-10,Mono,051,14174,2975,2967,124,3091,6
2022-04-10,Monterey,053,433212,79567,79103,14003,93106,727
2022-04-10,Napa,055,140530,25959,25824,989,26813,144
2022-04-10,Nevada,057,99092,16007,15976,1219,17195,123
2022-04-10,Orange,059,3164182,548177,546983,41851,588834,6912
2022-04-10,Placer,061,380077,62931,62831,7436,70267,616
2022-04-10,Plumas,063,18699,2976,2887,371,3258,13
2022-04-10,Riverside,065,2383286,592292,591268,28243,619511,6429
2022-04-10,Sacramento,067,1510023,281468,277125,27303,304428,2972
2022-04-10,San Benito,069,59416,12912,12917,517,13434,98
2022-04-10,San Bernardino,071,2135413,569387,562571,25202,587773,6892
2022-04-10,San Diego,073,3302833,753523,754281,52826,807107,5210
2022-04-10,San Francisco,075,870044,126465,125963,8455,134418,844
2022-04-10,San Joaquin,077,732212,166649,166547,10100,176647,2212
2022-04-10,San Luis Obispo,079,281455,52595,52609,3828,56437,476
2022-04-10,San Mateo,081,765935,123023,121514,7134,128648,698
2022-04-10,Santa Barbara,083,443738,86099,85754,4802,90556,680
2022-04-10,Santa Clara,085,1922200,313721,313965,12637,326602,2266
2022-04-10,Santa Cruz,087,273765,48192,47624,2166,49790,259
2022-04-10,Shasta,089,179085,30589,30586,6155,36741,549
2022-04-10,Sierra,091,2930,274,272,48,320,4
2022-04-10,Siskiyou,093,43540,4450,4444,2756,7200,80
2022-04-10,Solano,095,438530,81723,81886,5621,87507,448
2022-04-10,Sonoma,097,501317,84115,83600,2692,86292,485
2022-04-10,Stanislaus,099,539301,117570,117528,17641,135169,1578
2022-04-10,Sutter,101,95872,20514,20591,2129,22720,223
2022-04-10,Tehama,103,63373,12045,12059,2621,14680,201
2022-04-10,Trinity,105,12862,1183,1177,295,1472,20
2022-04-10,Tulare,107,460477,106550,105278,28615,133893,1415
2022-04-10,Tuolumne,109,53932,12659,12632,570,13202,180
2022-04-10,Ventura,111,848112,173715,173343,9499,182842,1467
2022-04-10,Yolo,113,214977,37139,36587,3239,39826,312
2022-04-10,Yuba,115,75493,15861,15848,1223,17071,121
2022-04-09,Alameda,001,1643700,257978,256649,14272,270921,1826
2022-04-09,Alpine,003,1148,124,124,1,125,0
2022-04-09,Amador,005,37829,8539,8489,656,9145,86
2022-04-09,Butte,007,227075,33100,33031,6700,39731,399
2022-04-09,Calaveras,009,45235,7280,7260,356,7616,119
2022-04-09,Colusa,011,21464,3446,3449,1074,4523,21
2022-04-09,Contra Costa,013,1133247,189499,189154,13374,202528,1296
2022-04-09,Del Norte,015,27424,5806,5811,197,6008,50
2022-04-09,El Dorado,017,186661,26785,26757,3249,30006,207
2022-04-09,Fresno,019,978130,231621,231090,24106,255196,2731
2022-04-09,Glenn,021,27897,4984,4988,1610,6598,47
2022-04-09,Humboldt,023,135768,16924,16913,2987,19900,141
2022-04-09,Imperial,025,180216,55428,55267,10822,66089,910
2022-04-09,Inyo,027,18085,4079,4071,498,4569,56
2022-04-09,Kern,029,883053,192016,191542,46343,237885,2244
2022-04-09,Kings,031,150075,51543,51519,3631,55150,443
2022-04-09,Lake,033,64148,10716,10690,899,11589,134
2022-04-09,Lassen,035,31185,8964,8948,889,9837,65
2022-04-09,Los Angeles,037,10098052,2718022,2709735,125149,2834884,31509
2022-04-09,Madera,039,155013,37320,37356,6129,43485,354
2022-04-09,Marin,041,260295,33796,33648,2384,36032,288
2022-04-09,Mariposa,043,17540,2407,2394,206,2600,29
2022-04-09,Mendocino,045,87422,13104,13087,3055,16142,120
2022-04-09,Merced,047,269075,62238,62231,8714,70945,811
2022-04-09,Modoc,049,8938,742,743,252,995,8
2022-04-09,Mono,051,14174,2974,2967,124,3091,6
2022-04-09,Monterey,053,433212,79558,79103,13999,93102,727
2022-04-09,Napa,055,140530,25935,25824,989,26813,144
2022-04-09,Nevada,057,99092,16004,15976,1219,17195,123
2022-04-09,Orange,059,3164182,548053,546983,41830,588813,6912
2022-04-09,Placer,061,380077,62915,62831,7434,70265,616
2022-04-09,Plumas,063,18699,2976,2887,371,3258,13
2022-04-09,Riverside,065,2383286,592201,591268,28233,619501,6429
2022-04-09,Sacramento,067,1510023,281421,277125,27301,304426,2972
2022-04-09,San Benito,069,59416,12911,12917,517,13434,98
2022-04-09,San Bernardino,071,2135413,569321,562571,25197,587768,6892
2022-04-09,San Diego,073,3302833,753375,754281,52812,807093,5210
2022-04-09,San Francisco,075,870044,126341,125963,8449,134412,844
2022-04-09,San Joaquin,077,732212,166633,166547,10097,176644,2212
2022-04-09,San Luis Obispo,079,281455,52595,52609,3825,56434,476
2022-04-09,San Mateo,081,765935,122933,121514,7127,128641,698
2022-04-09,Santa Barbara,083,443738,86066,85754,4802,90556,680
2022-04-09,Santa Clara,085,1922200,313525,313965,12634,326599,2266
2022-04-09,Santa Cruz,087,273765,48159,47624,2164,49788,259
2022-04-09,Shasta,089,179085,30587,30586,6155,36741,549
2022-04-09,Sierra,091,2930,274,272,48,320,4
2022-04-09,Siskiyou,093,43540,4449,4444,2755,7199,80
2022-04-09,Solano,095,438530,81705,81886,5620,87506,448
2022-04-09,Sonoma,097,501317,84076,83600,2688,86288,485
2022-04-09,Stanislaus,099,539301,117557,117528,17638,135166,1578
2022-04-09,Sutter,101,95872,20514,20591,2129,22720,223
2022-04-09,Tehama,103,63373,12045,12059,2621,14680,201
2022-04-09,Trinity,105,12862,1183,1177,295,1472,20
2022-04-09,Tulare,107,460477,106547,105278,28613,133891,1415
2022-04-09,Tuolumne,109,53932,12657,12632,570,13202,180
2022-04-09,Ventura,111,848112,173678,173343,9496,182839,1467
2022-04-09,Yolo,113,214977,37122,36587,3239,39826,312
2022-04-09,Yuba,115,75493,15860,15848,1223,17071,121
2022-04-08,Alameda,001,1643700,257822,256649,14265,270914,1826
2022-04-08,Alpine,003,1148,124,124,1,125,0
2022-04-08,Amador,005,37829,8537,8489,655,9144,86
2022-04-08,Butte,007,227075,33094,33031,6697,39728,399
2022-04-08,Calaveras,009,45235,7278,7260,356,7616,119
2022-04-08,Colusa,011,21464,3446,3449,1074,4523,21
2022-04-08,Contra Costa,013,1133247,189421,189154,13361,202515,1296
2022-04-08,Del Norte,015,27424,5804,5811,197,6008,50
2022-04-08,El Dorado,017,186661,26783,26757,3249,30006,207
2022-04-08,Fresno,019,978130,231601,231090,24103,255193,2731
2022-04-08,Glenn,021,27897,4984,4988,1610,6598,47
2022-04-08,Humboldt,023,135768,16920,16913,2985,19898,141
2022-04-08,Imperial,025,180216,55424,55267,10822,66089,910
2022-04-08,Inyo,027,18085,4077,4071,497,4568,56
2022-04-08,Kern,029,883053,191997,191542,46342,237884,2244
2022-04-08,Kings,031,150075,51538,51519,3631,55150,443
2022-04-08,Lake,033,64148,10716,10690,899,11589,134
2022-04-08,Lassen,035,31185,8964,8948,889,9837,65
2022-04-08,Los Angeles,037,10098052,2717392,2709735,125093,2834828,31509
2022-04-08,Madera,039,155013,37318,37356,6127,43483,354
2022-04-08,Marin,041,260295,33776,33648,2368,36016,288
2022-04-08,Mariposa,043,17540,2407,2394,205,2599,29
2022-04-08,Mendocino,045,87422,13102,13087,3055,16142,120
2022-04-08,Merced,047,269075,62231,62231,8712,70943,811
2022-04-08,Modoc,049,8938,742,743,252,995,8
2022-04-08,Mono,051,14174,2972,2967,124,3091,6
2022-04-08,Monterey,053,433212,79548,79103,13998,93101,727
2022-04-08,Napa,055,140530,25923,25824,982,26806,144
2022-04-08,Nevada,057,99092,16001,15976,1218,17194,123
2022-04-08,Orange,059,3164182,547934,546983,41815,588798,6912
2022-04-08,Placer,061,380077,62897,62831,7432,70263,616
2022-04-08,Plumas,063,18699,2973,2887,371,3258,13
2022-04-08,Riverside,065,2383286,592125,591268,28230,619498,6429
2022-04-08,Sacramento,067,1510023,281374,277125,27299,304424,2972
2022-04-08,San Benito,069,59416,12911,12917,517,13434,98
2022-04-08,San Bernardino,071,2135413,569268,562571,25194,587765,6892
2022-04-08,San Diego,073,3302833,753205,754281,52802,807083,5210
2022-04-08,San Francisco,075,870044,126245,125963,8445,134408,844
2022-04-08,San Joaquin,077,732212,166615,166547,10095,176642,2212
2022-04-08,San Luis Obispo,079,281455,52590,52609,3825,56434,476
2022-04-08,San Mateo,081,765935,122827,121514,7122,128636,698
2022-04-08,Santa Barbara,083,443738,86045,85754,4802,90556,680
2022-04-08,Santa Clara,085,1922200,313339,313965,12626,326591,2266
2022-04-08,Santa Cruz,087,273765,48142,47624,2161,49785,259
2022-04-08,Shasta,089,179085,30584,30586,6155,36741,549
2022-04-08,Sierra,091,2930,274,272,48,320,4
2022-04-08,Siskiyou,093,43540,4449,4444,2755,7199,80
2022-04-08,Solano,095,438530,81685,81886,5619,87505,448
2022-04-08,Sonoma,097,501317,84025,83600,2683,86283,485
2022-04-08,Stanislaus,099,539301,117542,117528,17637,135165,1578
2022-04-08,Sutter,101,95872,20514,20591,2129,22720,223
2022-04-08,Tehama,103,63373,12045,12059,2621,14680,201
2022-04-08,Trinity,105,12862,1183,1177,295,1472,20
2022-04-08,Tulare,107,460477,106542,105278,28609,133887,1415
2022-04-08,Tuolumne,109,53932,12656,12632,569,13201,180
2022-04-08,Ventura,111,848112,173649,173343,9494,182837,1467
2022-04-08,Yolo,113,214977,37114,36587,3238,39825,312
2022-04-08,Yuba,115,75493,15859,15848,1223,17071,121
2022-04-07,Alameda,001,1643700,257627,256649,14256,270905,1826
2022-04-07,Alpine,003,1148,124,124,1,125,0
2022-04-07,Amador,005,37829,8536,8489,653,9142,86
2022-04-07,Butte,007,227075,33090,33031,6696,39727,399
2022-04-07,Calaveras,009,45235,7276,7260,356,7616,119
2022-04-07,Colusa,011,21464,3445,3449,1074,4523,21
2022-04-07,Contra Costa,013,1133247,189301,189154,13348,202502,1296
2022-04-07,Del Norte,015,27424,5803,5811,197,6008,50
2022-04-07,El Dorado,017,186661,26771,26757,3247,30004,207
2022-04-07,Fresno,019,978130,231575,231090,24101,255191,2731
2022-04-07,Glenn,021,27897,4982,4988,1609,6597,47
2022-04-07,Humboldt,023,135768,16913,16913,2983,19896,141
2022-04-07,Imperial,025,180216,55422,55267,10819,66086,910
2022-04-07,Inyo,027,18085,4077,4071,497,4568,56
2022-04-07,Kern,029,883053,191973,191542,46339,237881,2244
2022-04-07,Kings,031,150075,51530,51519,3631,55150,443
2022-04-07,Lake,033,64148,10712,10690,899,11589,134
2022-04-07,Lassen,035,31185,8964,8948,889,9837,65
2022-04-07,Los Angeles,037,10098052,2716477,2709735,125016,2834751,31509
2022-04-07,Madera,039,155013,37313,37356,6127,43483,354
2022-04-07,Marin,041,260295,33758,33648,2348,35996,288
2022-04-07,Mariposa,043,17540,2404,2394,204,2598,29
2022-04-07,Mendocino,045,87422,13098,13087,3054,16141,120
2022-04-07,Merced,047,269075,62222,62231,8708,70939,811
2022-04-07,Modoc,049,8938,742,743,252,995,8
2022-04-07,Mono,051,14174,2971,2967,123,3090,6
2022-04-07,Monterey,053,433212,79528,79103,13994,93097,727
2022-04-07,Napa,055,140530,25907,25824,978,26802,144
2022-04-07,Nevada,057,99092,15993,15976,1217,17193,123
2022-04-07,Orange,059,3164182,547776,546983,41785,588768,6912
2022-04-07,Placer,061,380077,62880,62831,7429,70260,616
2022-04-07,Plumas,063,18699,2973,2887,371,3258,13
2022-04-07,Riverside,065,2383286,592023,591268,28216,619484,6429
2022-04-07,Sacramento,067,1510023,281308,277125,27292,304417,2972
2022-04-07,San Benito,069,59416,12910,12917,517,13434,98
2022-04-07,San Bernardino,071,2135413,569104,562571,25181,587752,6892
2022-04-07,San Diego,073,3302833,752939,754281,52772,807053,5210
2022-04-07,San Francisco,075,870044,126088,125963,8430,134393,844
2022-04-07,San Joaquin,077,732212,166575,166547,10092,176639,2212
2022-04-07,San Luis Obispo,079,281455,52572,52609,3823,56432,476
2022-04-07,San Mateo,081,765935,122705,121514,7105,128619,698
2022-04-07,Santa Barbara,083,443738,86001,85754,4799,90553,680
2022-04-07,Santa Clara,085,1922200,313116,313965,12613,326578,2266
2022-04-07,Santa Cruz,087,273765,48123,47624,2157,49781,259
2022-04-07,Shasta,089,179085,30583,30586,6155,36741,549
2022-04-07,Sierra,091,2930,274,272,48,320,4
2022-04-07,Siskiyou,093,43540,4449,4444,2753,7197,80
2022-04-07,Solano,095,438530,81655,81886,5618,87504,448
2022-04-07,Sonoma,097,501317,83982,83600,2677,86277,485
2022-04-07,Stanislaus,099,539301,117520,117528,17633,135161,1578
2022-04-07,Sutter,101,95872,20510,20591,2128,22719,223
2022-04-07,Tehama,103,63373,12043,12059,2621,14680,201
2022-04-07,Trinity,105,12862,1183,1177,295,1472,20
2022-04-07,Tulare,107,460477,106536,105278,28607,133885,1415
2022-04-07,Tuolumne,109,53932,12654,12632,568,13200,180
2022-04-07,Ventura,111,848112,173620,173343,9492,182835,1467
2022-04-07,Yolo,113,214977,37100,36587,3238,39825,312
2022-04-07,Yuba,115,75493,15857,15848,1223,17071,121
2022-04-06,Alameda,001,1643700,257440,256143,14248,270391,1814
2022-04-06,Alpine,003,1148,124,124,1,125,0
2022-04-06,Amador,005,37829,8535,8488,653,9141,86
2022-04-06,Butte,007,227075,33085,32997,6694,39691,396
2022-04-06,Calaveras,009,45235,7274,7258,356,7614,120
2022-04-06,Colusa,011,21464,3445,3447,1074,4521,21
2022-04-06,Contra Costa,013,1133247,189234,188850,13333,202183,1296
2022-04-06,Del Norte,015,27424,5802,5809,197,6006,50
2022-04-06,El Dorado,017,186661,26768,26744,3247,29991,205
2022-04-06,Fresno,019,978130,231540,230942,24096,255038,2725
2022-04-06,Glenn,021,27897,4982,4986,1608,6594,47
2022-04-06,Humboldt,023,135768,16909,16904,2982,19886,140
2022-04-06,Imperial,025,180216,55416,55294,10819,66113,908
2022-04-06,Inyo,027,18085,4076,4068,495,4563,56
2022-04-06,Kern,029,883053,191951,191449,46336,237785,2234
2022-04-06,Kings,031,150075,51529,51491,3630,55121,443
2022-04-06,Lake,033,64148,10708,10679,899,11578,136
2022-04-06,Lassen,035,31185,8964,8945,889,9834,65
2022-04-06,Los Angeles,037,10098052,2715431,2707306,124951,2832257,31465
2022-04-06,Madera,039,155013,37308,37349,6127,43476,354
2022-04-06,Marin,041,260295,33738,33566,2340,35906,288
2022-04-06,Mariposa,043,17540,2403,2392,204,2596,29
2022-04-06,Mendocino,045,87422,13094,13074,3053,16127,119
2022-04-06,Merced,047,269075,62213,62195,8705,70900,810
2022-04-06,Modoc,049,8938,742,741,252,993,8
2022-04-06,Mono,051,14174,2970,2967,123,3090,6
2022-04-06,Monterey,053,433212,79515,79019,13984,93003,727
2022-04-06,Napa,055,140530,25888,25790,974,26764,143
2022-04-06,Nevada,057,99092,15991,15974,1217,17191,123
2022-04-06,Orange,059,3164182,547606,546491,41758,588249,6887
2022-04-06,Placer,061,380077,62874,62787,7428,70215,615
2022-04-06,Plumas,063,18699,2973,2850,371,3221,13
2022-04-06,Riverside,065,2383286,591926,590826,28211,619037,6424
2022-04-06,Sacramento,067,1510023,281231,276567,27288,303855,2953
2022-04-06,San Benito,069,59416,12909,12908,517,13425,98
2022-04-06,San Bernardino,071,2135413,568973,561648,25179,586827,6883
2022-04-06,San Diego,073,3302833,752644,753402,52734,806136,5192
2022-04-06,San Francisco,075,870044,125929,125536,8423,133959,843
2022-04-06,San Joaquin,077,732212,166544,166415,10088,176503,2207
2022-04-06,San Luis Obispo,079,281455,52550,52557,3820,56377,475
2022-04-06,San Mateo,081,765935,122597,121041,7093,128134,693
2022-04-06,Santa Barbara,083,443738,85962,85630,4795,90425,679
2022-04-06,Santa Clara,085,1922200,312917,313278,12590,325868,2265
2022-04-06,Santa Cruz,087,273765,48068,47446,2151,49597,259
2022-04-06,Shasta,089,179085,30582,30565,6155,36720,529
2022-04-06,Sierra,091,2930,274,272,48,320,4
2022-04-06,Siskiyou,093,43540,4449,4442,2753,7195,80
2022-04-06,Solano,095,438530,81621,81789,5613,87402,447
2022-04-06,Sonoma,097,501317,83920,83361,2670,86031,485
2022-04-06,Stanislaus,099,539301,117504,117534,17627,135161,1578
2022-04-06,Sutter,101,95872,20505,20581,2128,22709,222
2022-04-06,Tehama,103,63373,12042,12049,2621,14670,198
2022-04-06,Trinity,105,12862,1183,1173,295,1468,20
2022-04-06,Tulare,107,460477,106530,104826,28602,133428,1414
2022-04-06,Tuolumne,109,53932,12652,12621,568,13189,180
2022-04-06,Ventura,111,848112,173566,173179,9487,182666,1460
2022-04-06,Yolo,113,214977,37078,36393,3237,39630,314
2022-04-06,Yuba,115,75493,15852,15839,1223,17062,121
2022-04-05,Alameda,001,1643700,257226,256143,14239,270382,1814
2022-04-05,Alpine,003,1148,124,124,1,125,0
2022-04-05,Amador,005,37829,8533,8488,653,9141,86
2022-04-05,Butte,007,227075,33079,32997,6690,39687,396
2022-04-05,Calaveras,009,45235,7270,7258,356,7614,120
2022-04-05,Colusa,011,21464,3443,3447,1073,4520,21
2022-04-05,Contra Costa,013,1133247,189138,188850,13326,202176,1296
2022-04-05,Del Norte,015,27424,5800,5809,197,6006,50
2022-04-05,El Dorado,017,186661,26756,26744,3247,29991,205
2022-04-05,Fresno,019,978130,231504,230942,24088,255030,2725
2022-04-05,Glenn,021,27897,4982,4986,1607,6593,47
2022-04-05,Humboldt,023,135768,16903,16904,2982,19886,140
2022-04-05,Imperial,025,180216,55414,55294,10819,66113,908
2022-04-05,Inyo,027,18085,4075,4068,494,4562,56
2022-04-05,Kern,029,883053,191931,191449,46333,237782,2234
2022-04-05,Kings,031,150075,51526,51491,3630,55121,443
2022-04-05,Lake,033,64148,10705,10679,899,11578,136
2022-04-05,Lassen,035,31185,8964,8945,889,9834,65
2022-04-05,Los Angeles,037,10098052,2714372,2707306,124876,2832182,31465
2022-04-05,Madera,039,155013,37301,37349,6125,43474,354
2022-04-05,Marin,041,260295,33683,33566,2325,35891,288
2022-04-05,Mariposa,043,17540,2403,2392,204,2596,29
2022-04-05,Mendocino,045,87422,13088,13074,3052,16126,119
2022-04-05,Merced,047,269075,62202,62195,8698,70893,810
2022-04-05,Modoc,049,8938,742,741,252,993,8
2022-04-05,Mono,051,14174,2969,2967,123,3090,6
2022-04-05,Monterey,053,433212,79492,79019,13972,92991,727
2022-04-05,Napa,055,140530,25879,25790,969,26759,143
2022-04-05,Nevada,057,99092,15983,15974,1217,17191,123
2022-04-05,Orange,059,3164182,547421,546491,41729,588220,6887
2022-04-05,Placer,061,380077,62848,62787,7428,70215,615
2022-04-05,Plumas,063,18699,2973,2850,371,3221,13
2022-04-05,Riverside,065,2383286,591805,590826,28199,619025,6424
2022-04-05,Sacramento,067,1510023,281152,276567,27283,303850,2953
2022-04-05,San Benito,069,59416,12901,12908,517,13425,98
2022-04-05,San Bernardino,071,2135413,568847,561648,25167,586815,6883
2022-04-05,San Diego,073,3302833,752337,753402,52689,806091,5192
2022-04-05,San Francisco,075,870044,125726,125536,8415,133951,843
2022-04-05,San Joaquin,077,732212,166502,166415,10085,176500,2207
2022-04-05,San Luis Obispo,079,281455,52533,52557,3815,56372,475
2022-04-05,San Mateo,081,765935,122480,121041,7082,128123,693
2022-04-05,Santa Barbara,083,443738,85926,85630,4793,90423,679
2022-04-05,Santa Clara,085,1922200,312657,313278,12577,325855,2265
2022-04-05,Santa Cruz,087,273765,48001,47446,2148,49594,259
2022-04-05,Shasta,089,179085,30582,30565,6153,36718,529
2022-04-05,Sierra,091,2930,274,272,48,320,4
2022-04-05,Siskiyou,093,43540,4449,4442,2753,7195,80
2022-04-05,Solano,095,438530,81571,81789,5610,87399,447
2022-04-05,Sonoma,097,501317,83856,83361,2661,86022,485
2022-04-05,Stanislaus,099,539301,117490,117534,17617,135151,1578
2022-04-05,Sutter,101,95872,20501,20581,2127,22708,222
2022-04-05,Tehama,103,63373,12040,12049,2620,14669,198
2022-04-05,Trinity,105,12862,1183,1173,295,1468,20
2022-04-05,Tulare,107,460477,106519,104826,28599,133425,1414
2022-04-05,Tuolumne,109,53932,12651,12621,568,13189,180
2022-04-05,Ventura,111,848112,173509,173179,9480,182659,1460
2022-04-05,Yolo,113,214977,37065,36393,3234,39627,314
2022-04-05,Yuba,115,75493,15850,15839,1223,17062,121
2022-04-04,Alameda,001,1643700,256992,256143,14223,270366,1814
2022-04-04,Alpine,003,1148,124,124,1,125,0
2022-04-04,Amador,005,37829,8532,8488,652,9140,86
2022-04-04,Butte,007,227075,33074,32997,6687,39684,396
2022-04-04,Calaveras,009,45235,7270,7258,356,7614,120
2022-04-04,Colusa,011,21464,3442,3447,1073,4520,21
2022-04-04,Contra Costa,013,1133247,189038,188850,13319,202169,1296
2022-04-04,Del Norte,015,27424,5800,5809,197,6006,50
2022-04-04,El Dorado,017,186661,26751,26744,3245,29989,205
2022-04-04,Fresno,019,978130,231486,230942,24083,255025,2725
2022-04-04,Glenn,021,27897,4981,4986,1607,6593,47
2022-04-04,Humboldt,023,135768,16895,16904,2977,19881,140
2022-04-04,Imperial,025,180216,55409,55294,10819,66113,908
2022-04-04,Inyo,027,18085,4075,4068,492,4560,56
2022-04-04,Kern,029,883053,191909,191449,46327,237776,2234
2022-04-04,Kings,031,150075,51519,51491,3630,55121,443
2022-04-04,Lake,033,64148,10700,10679,899,11578,136
2022-04-04,Lassen,035,31185,8964,8945,889,9834,65
2022-04-04,Los Angeles,037,10098052,2713272,2707306,124829,2832135,31465
2022-04-04,Madera,039,155013,37297,37349,6125,43474,354
2022-04-04,Marin,041,260295,33666,33566,2316,35882,288
2022-04-04,Mariposa,043,17540,2402,2392,204,2596,29
2022-04-04,Mendocino,045,87422,13082,13074,3051,16125,119
2022-04-04,Merced,047,269075,62192,62195,8693,70888,810
2022-04-04,Modoc,049,8938,742,741,252,993,8
2022-04-04,Mono,051,14174,2969,2967,123,3090,6
2022-04-04,Monterey,053,433212,79476,79019,13966,92985,727
2022-04-04,Napa,055,140530,25862,25790,968,26758,143
2022-04-04,Nevada,057,99092,15979,15974,1216,17190,123
2022-04-04,Orange,059,3164182,547254,546491,41703,588194,6887
2022-04-04,Placer,061,380077,62838,62787,7427,70214,615
2022-04-04,Plumas,063,18699,2972,2850,371,3221,13
2022-04-04,Riverside,065,2383286,591713,590826,28187,619013,6424
2022-04-04,Sacramento,067,1510023,281060,276567,27273,303840,2953
2022-04-04,San Benito,069,59416,12898,12908,517,13425,98
2022-04-04,San Bernardino,071,2135413,568714,561648,25159,586807,6883
2022-04-04,San Diego,073,3302833,752019,753402,52652,806054,5192
2022-04-04,San Francisco,075,870044,125529,125536,8406,133942,843
2022-04-04,San Joaquin,077,732212,166476,166415,10082,176497,2207
2022-04-04,San Luis Obispo,079,281455,52510,52557,3813,56370,475
2022-04-04,San Mateo,081,765935,122344,121041,7068,128109,693
2022-04-04,Santa Barbara,083,443738,85881,85630,4792,90422,679
2022-04-04,Santa Clara,085,1922200,312388,313278,12565,325843,2265
2022-04-04,Santa Cruz,087,273765,47953,47446,2147,49593,259
2022-04-04,Shasta,089,179085,30579,30565,6151,36716,529
2022-04-04,Sierra,091,2930,274,272,48,320,4
2022-04-04,Siskiyou,093,43540,4449,4442,2753,7195,80
2022-04-04,Solano,095,438530,81527,81789,5607,87396,447
2022-04-04,Sonoma,097,501317,83801,83361,2654,86015,485
2022-04-04,Stanislaus,099,539301,117469,117534,17609,135143,1578
2022-04-04,Sutter,101,95872,20498,20581,2127,22708,222
2022-04-04,Tehama,103,63373,12038,12049,2620,14669,198
2022-04-04,Trinity,105,12862,1183,1173,295,1468,20
2022-04-04,Tulare,107,460477,106510,104826,28595,133421,1414
2022-04-04,Tuolumne,109,53932,12644,12621,568,13189,180
2022-04-04,Ventura,111,848112,173469,173179,9478,182657,1460
2022-04-04,Yolo,113,214977,37055,36393,3232,39625,314
2022-04-04,Yuba,115,75493,15848,15839,1223,17062,121
2022-04-03,Alameda,001,1643700,256730,255650,14221,269871,1813
2022-04-03,Alpine,003,1148,124,124,1,125,0
2022-04-03,Amador,005,37829,8532,8485,652,9137,86
2022-04-03,Butte,007,227075,33067,32981,6685,39666,396
2022-04-03,Calaveras,009,45235,7270,7254,356,7610,119
2022-04-03,Colusa,011,21464,3442,3445,1073,4518,21
2022-04-03,Contra Costa,013,1133247,188932,188658,13309,201967,1291
2022-04-03,Del Norte,015,27424,5800,5812,197,6009,50
2022-04-03,El Dorado,017,186661,26737,26732,3243,29975,200
2022-04-03,Fresno,019,978130,231453,230559,24081,254640,2722
2022-04-03,Glenn,021,27897,4981,4982,1607,6589,47
2022-04-03,Humboldt,023,135768,16890,16898,2977,19875,140
2022-04-03,Imperial,025,180216,55407,55266,10816,66082,908
2022-04-03,Inyo,027,18085,4073,4063,492,4555,56
2022-04-03,Kern,029,883053,191884,191384,46322,237706,2224
2022-04-03,Kings,031,150075,51513,51470,3628,55098,443
2022-04-03,Lake,033,64148,10698,10674,899,11573,136
2022-04-03,Lassen,035,31185,8963,8943,889,9832,65
2022-04-03,Los Angeles,037,10098052,2712078,2703576,124744,2828320,31410
2022-04-03,Madera,039,155013,37295,37333,6123,43456,354
2022-04-03,Marin,041,260295,33631,33493,2307,35800,287
2022-04-03,Mariposa,043,17540,2401,2391,204,2595,29
2022-04-03,Mendocino,045,87422,13076,13058,3049,16107,119
2022-04-03,Merced,047,269075,62177,62149,8689,70838,808
2022-04-03,Modoc,049,8938,741,741,252,993,8
2022-04-03,Mono,051,14174,2969,2967,123,3090,6
2022-04-03,Monterey,053,433212,79458,78964,13941,92905,726
2022-04-03,Napa,055,140530,25842,25757,967,26724,143
2022-04-03,Nevada,057,99092,15973,15962,1215,17177,123
2022-04-03,Orange,059,3164182,547052,546047,41677,587724,6880
2022-04-03,Placer,061,380077,62812,62740,7422,70162,614
2022-04-03,Plumas,063,18699,2971,2803,371,3174,14
2022-04-03,Riverside,065,2383286,591556,590563,28170,618733,6418
2022-04-03,Sacramento,067,1510023,280984,276218,27259,303477,2950
2022-04-03,San Benito,069,59416,12894,12901,517,13418,98
2022-04-03,San Bernardino,071,2135413,568568,561362,25154,586516,6865
2022-04-03,San Diego,073,3302833,751688,752281,52615,804896,5178
2022-04-03,San Francisco,075,870044,125299,125075,8400,133475,843
2022-04-03,San Joaquin,077,732212,166419,166336,10077,176413,2202
2022-04-03,San Luis Obispo,079,281455,52491,52512,3813,56325,475
2022-04-03,San Mateo,081,765935,122204,120717,7061,127778,693
2022-04-03,Santa Barbara,083,443738,85836,85611,4790,90401,678
2022-04-03,Santa Clara,085,1922200,312087,312517,12555,325072,2258
2022-04-03,Santa Cruz,087,273765,47899,47371,2145,49516,259
2022-04-03,Shasta,089,179085,30569,30556,6150,36706,530
2022-04-03,Sierra,091,2930,274,273,48,321,4
2022-04-03,Siskiyou,093,43540,4449,4439,2753,7192,80
2022-04-03,Solano,095,438530,81486,81848,5602,87450,446
2022-04-03,Sonoma,097,501317,83723,83235,2646,85881,485
2022-04-03,Stanislaus,099,539301,117438,117536,17603,135139,1581
2022-04-03,Sutter,101,95872,20495,20570,2127,22697,222
2022-04-03,Tehama,103,63373,12035,12046,2620,14666,198
2022-04-03,Trinity,105,12862,1183,1173,295,1468,20
2022-04-03,Tulare,107,460477,106503,104736,28586,133322,1410
2022-04-03,Tuolumne,109,53932,12643,12618,568,13186,180
2022-04-03,Ventura,111,848112,173416,173044,9475,182519,1460
2022-04-03,Yolo,113,214977,37037,36347,3230,39577,313
2022-04-03,Yuba,115,75493,15846,15835,1223,17058,120
2022-04-02,Alameda,001,1643700,256626,255650,14220,269870,1813
2022-04-02,Alpine,003,1148,124,124,1,125,0
2022-04-02,Amador,005,37829,8532,8485,652,9137,86
2022-04-02,Butte,007,227075,33063,32981,6685,39666,396
2022-04-02,Calaveras,009,45235,7270,7254,356,7610,119
2022-04-02,Colusa,011,21464,3442,3445,1073,4518,21
2022-04-02,Contra Costa,013,1133247,188873,188658,13306,201964,1291
2022-04-02,Del Norte,015,27424,5799,5812,197,6009,50
2022-04-02,El Dorado,017,186661,26734,26732,3243,29975,200
2022-04-02,Fresno,019,978130,231425,230559,24080,254639,2722
2022-04-02,Glenn,021,27897,4981,4982,1607,6589,47
2022-04-02,Humboldt,023,135768,16886,16898,2977,19875,140
2022-04-02,Imperial,025,180216,55403,55266,10816,66082,908
2022-04-02,Inyo,027,18085,4073,4063,492,4555,56
2022-04-02,Kern,029,883053,191870,191384,46318,237702,2224
2022-04-02,Kings,031,150075,51510,51470,3628,55098,443
2022-04-02,Lake,033,64148,10697,10674,899,11573,136
2022-04-02,Lassen,035,31185,8963,8943,889,9832,65
2022-04-02,Los Angeles,037,10098052,2711570,2703576,124704,2828280,31410
2022-04-02,Madera,039,155013,37292,37333,6123,43456,354
2022-04-02,Marin,041,260295,33608,33493,2299,35792,287
2022-04-02,Mariposa,043,17540,2400,2391,204,2595,29
2022-04-02,Mendocino,045,87422,13074,13058,3049,16107,119
2022-04-02,Merced,047,269075,62174,62149,8689,70838,808
2022-04-02,Modoc,049,8938,741,741,252,993,8
2022-04-02,Mono,051,14174,2969,2967,122,3089,6
2022-04-02,Monterey,053,433212,79445,78964,13935,92899,726
2022-04-02,Napa,055,140530,25828,25757,966,26723,143
2022-04-02,Nevada,057,99092,15969,15962,1214,17176,123
2022-04-02,Orange,059,3164182,546946,546047,41664,587711,6880
2022-04-02,Placer,061,380077,62801,62740,7420,70160,614
2022-04-02,Plumas,063,18699,2971,2803,371,3174,14
2022-04-02,Riverside,065,2383286,591482,590563,28165,618728,6418
2022-04-02,Sacramento,067,1510023,280946,276218,27258,303476,2950
2022-04-02,San Benito,069,59416,12893,12901,517,13418,98
2022-04-02,San Bernardino,071,2135413,568516,561362,25150,586512,6865
2022-04-02,San Diego,073,3302833,751563,752281,52607,804888,5178
2022-04-02,San Francisco,075,870044,125195,125075,8390,133465,843
2022-04-02,San Joaquin,077,732212,166398,166336,10075,176411,2202
2022-04-02,San Luis Obispo,079,281455,52486,52512,3813,56325,475
2022-04-02,San Mateo,081,765935,122109,120717,7052,127769,693
2022-04-02,Santa Barbara,083,443738,85817,85611,4789,90400,678
2022-04-02,Santa Clara,085,1922200,311921,312517,12551,325068,2258
2022-04-02,Santa Cruz,087,273765,47887,47371,2144,49515,259
2022-04-02,Shasta,089,179085,30568,30556,6150,36706,530
2022-04-02,Sierra,091,2930,274,273,48,321,4
2022-04-02,Siskiyou,093,43540,4448,4439,2752,7191,80
2022-04-02,Solano,095,438530,81471,81848,5602,87450,446
2022-04-02,Sonoma,097,501317,83675,83235,2640,85875,485
2022-04-02,Stanislaus,099,539301,117429,117536,17601,135137,1581
2022-04-02,Sutter,101,95872,20490,20570,2127,22697,222
2022-04-02,Tehama,103,63373,12035,12046,2620,14666,198
2022-04-02,Trinity,105,12862,1183,1173,295,1468,20
2022-04-02,Tulare,107,460477,106500,104736,28586,133322,1410
2022-04-02,Tuolumne,109,53932,12641,12618,568,13186,180
2022-04-02,Ventura,111,848112,173376,173044,9475,182519,1460
2022-04-02,Yolo,113,214977,37028,36347,3227,39574,313
2022-04-02,Yuba,115,75493,15845,15835,1223,17058,120
2022-04-01,Alameda,001,1643700,256511,255650,14216,269866,1813
2022-04-01,Alpine,003,1148,124,124,1,125,0
2022-04-01,Amador,005,37829,8532,8485,652,9137,86
2022-04-01,Butte,007,227075,33059,32981,6681,39662,396
2022-04-01,Calaveras,009,45235,7268,7254,356,7610,119
2022-04-01,Colusa,011,21464,3441,3445,1073,4518,21
2022-04-01,Contra Costa,013,1133247,188820,188658,13305,201963,1291
2022-04-01,Del Norte,015,27424,5797,5812,197,6009,50
2022-04-01,El Dorado,017,186661,26731,26732,3242,29974,200
2022-04-01,Fresno,019,978130,231399,230559,24077,254636,2722
2022-04-01,Glenn,021,27897,4981,4982,1607,6589,47
2022-04-01,Humboldt,023,135768,16884,16898,2977,19875,140
2022-04-01,Imperial,025,180216,55401,55266,10816,66082,908
2022-04-01,Inyo,027,18085,4071,4063,491,4554,56
2022-04-01,Kern,029,883053,191859,191384,46315,237699,2224
2022-04-01,Kings,031,150075,51507,51470,3628,55098,443
2022-04-01,Lake,033,64148,10695,10674,899,11573,136
2022-04-01,Lassen,035,31185,8962,8943,889,9832,65
2022-04-01,Los Angeles,037,10098052,2711072,2703576,124661,2828237,31410
2022-04-01,Madera,039,155013,37291,37333,6123,43456,354
2022-04-01,Marin,041,260295,33590,33493,2292,35785,287
2022-04-01,Mariposa,043,17540,2397,2391,204,2595,29
2022-04-01,Mendocino,045,87422,13071,13058,3048,16106,119
2022-04-01,Merced,047,269075,62167,62149,8687,70836,808
2022-04-01,Modoc,049,8938,741,741,252,993,8
2022-04-01,Mono,051,14174,2969,2967,122,3089,6
2022-04-01,Monterey,053,433212,79427,78964,13932,92896,726
2022-04-01,Napa,055,140530,25819,25757,966,26723,143
2022-04-01,Nevada,057,99092,15969,15962,1213,17175,123
2022-04-01,Orange,059,3164182,546838,546047,41654,587701,6880
2022-04-01,Placer,061,380077,62787,62740,7420,70160,614
2022-04-01,Plumas,063,18699,2971,2803,370,3173,14
2022-04-01,Riverside,065,2383286,591416,590563,28151,618714,6418
2022-04-01,Sacramento,067,1510023,280907,276218,27254,303472,2950
2022-04-01,San Benito,069,59416,12892,12901,517,13418,98
2022-04-01,San Bernardino,071,2135413,568460,561362,25146,586508,6865
2022-04-01,San Diego,073,3302833,751415,752281,52592,804873,5178
2022-04-01,San Francisco,075,870044,125084,125075,8383,133458,843
2022-04-01,San Joaquin,077,732212,166378,166336,10073,176409,2202
2022-04-01,San Luis Obispo,079,281455,52480,52512,3812,56324,475
2022-04-01,San Mateo,081,765935,122047,120717,7046,127763,693
2022-04-01,Santa Barbara,083,443738,85797,85611,4788,90399,678
2022-04-01,Santa Clara,085,1922200,311771,312517,12550,325067,2258
2022-04-01,Santa Cruz,087,273765,47872,47371,2142,49513,259
2022-04-01,Shasta,089,179085,30567,30556,6150,36706,530
2022-04-01,Sierra,091,2930,274,273,48,321,4
2022-04-01,Siskiyou,093,43540,4448,4439,2751,7190,80
2022-04-01,Solano,095,438530,81456,81848,5602,87450,446
2022-04-01,Sonoma,097,501317,83631,83235,2639,85874,485
2022-04-01,Stanislaus,099,539301,117418,117536,17598,135134,1581
2022-04-01,Sutter,101,95872,20490,20570,2127,22697,222
2022-04-01,Tehama,103,63373,12035,12046,2620,14666,198
2022-04-01,Trinity,105,12862,1183,1173,295,1468,20
2022-04-01,Tulare,107,460477,106495,104736,28582,133318,1410
2022-04-01,Tuolumne,109,53932,12640,12618,568,13186,180
2022-04-01,Ventura,111,848112,173345,173044,9471,182515,1460
2022-04-01,Yolo,113,214977,37018,36347,3226,39573,313
2022-04-01,Yuba,115,75493,15844,15835,1223,17058,120
2022-03-31,Alameda,001,1643700,256337,255650,14203,269853,1813
2022-03-31,Alpine,003,1148,124,124,1,125,0
2022-03-31,Amador,005,37829,8532,8485,652,9137,86
2022-03-31,Butte,007,227075,33055,32981,6678,39659,396
2022-03-31,Calaveras,009,45235,7265,7254,356,7610,119
2022-03-31,Colusa,011,21464,3440,3445,1073,4518,21
2022-03-31,Contra Costa,013,1133247,188724,188658,13299,201957,1291
2022-03-31,Del Norte,015,27424,5796,5812,197,6009,50
2022-03-31,El Dorado,017,186661,26724,26732,3242,29974,200
2022-03-31,Fresno,019,978130,231363,230559,24052,254611,2722
2022-03-31,Glenn,021,27897,4979,4982,1607,6589,47
2022-03-31,Humboldt,023,135768,16880,16898,2977,19875,140
2022-03-31,Imperial,025,180216,55398,55266,10815,66081,908
2022-03-31,Inyo,027,18085,4070,4063,488,4551,56
2022-03-31,Kern,029,883053,191843,191384,46306,237690,2224
2022-03-31,Kings,031,150075,51498,51470,3628,55098,443
2022-03-31,Lake,033,64148,10694,10674,898,11572,136
2022-03-31,Lassen,035,31185,8960,8943,889,9832,65
2022-03-31,Los Angeles,037,10098052,2710326,2703576,124608,2828184,31410
2022-03-31,Madera,039,155013,37288,37333,6123,43456,354
2022-03-31,Marin,041,260295,33564,33493,2280,35773,287
2022-03-31,Mariposa,043,17540,2396,2391,203,2594,29
2022-03-31,Mendocino,045,87422,13067,13058,3048,16106,119
2022-03-31,Merced,047,269075,62162,62149,8684,70833,808
2022-03-31,Modoc,049,8938,741,741,252,993,8
2022-03-31,Mono,051,14174,2969,2967,122,3089,6
2022-03-31,Monterey,053,433212,79410,78964,13920,92884,726
2022-03-31,Napa,055,140530,25810,25757,964,26721,143
2022-03-31,Nevada,057,99092,15962,15962,1212,17174,123
2022-03-31,Orange,059,3164182,546690,546047,41639,587686,6880
2022-03-31,Placer,061,380077,62762,62740,7417,70157,614
2022-03-31,Plumas,063,18699,2971,2803,369,3172,14
2022-03-31,Riverside,065,2383286,591305,590563,28147,618710,6418
2022-03-31,Sacramento,067,1510023,280834,276218,27246,303464,2950
2022-03-31,San Benito,069,59416,12891,12901,517,13418,98
2022-03-31,San Bernardino,071,2135413,568363,561362,25134,586496,6865
2022-03-31,San Diego,073,3302833,751180,752281,52565,804846,5178
2022-03-31,San Francisco,075,870044,124925,125075,8370,133445,843
2022-03-31,San Joaquin,077,732212,166344,166336,10059,176395,2202
2022-03-31,San Luis Obispo,079,281455,52466,52512,3811,56323,475
2022-03-31,San Mateo,081,765935,121936,120717,7044,127761,693
2022-03-31,Santa Barbara,083,443738,85769,85611,4787,90398,678
2022-03-31,Santa Clara,085,1922200,311543,312517,12536,325053,2258
2022-03-31,Santa Cruz,087,273765,47852,47371,2140,49511,259
2022-03-31,Shasta,089,179085,30561,30556,6150,36706,530
2022-03-31,Sierra,091,2930,271,273,48,321,4
2022-03-31,Siskiyou,093,43540,4446,4439,2751,7190,80
2022-03-31,Solano,095,438530,81427,81848,5599,87447,446
2022-03-31,Sonoma,097,501317,83588,83235,2633,85868,485
2022-03-31,Stanislaus,099,539301,117401,117536,17593,135129,1581
2022-03-31,Sutter,101,95872,20487,20570,2126,22696,222
2022-03-31,Tehama,103,63373,12035,12046,2619,14665,198
2022-03-31,Trinity,105,12862,1183,1173,295,1468,20
2022-03-31,Tulare,107,460477,106486,104736,28574,133310,1410
2022-03-31,Tuolumne,109,53932,12639,12618,568,13186,180
2022-03-31,Ventura,111,848112,173305,173044,9468,182512,1460
2022-03-31,Yolo,113,214977,37006,36347,3226,39573,313
2022-03-31,Yuba,115,75493,15844,15835,1219,17054,120
2022-03-30,Alameda,001,1643700,256206,255467,14195,269662,1812
2022-03-30,Alpine,003,1148,124,124,1,125,0
2022-03-30,Amador,005,37829,8532,8485,652,9137,86
2022-03-30,Butte,007,227075,33050,32968,6672,39640,396
2022-03-30,Calaveras,009,45235,7263,7253,355,7608,119
2022-03-30,Colusa,011,21464,3440,3445,1073,4518,21
2022-03-30,Contra Costa,013,1133247,188662,188496,13287,201783,1291
2022-03-30,Del Norte,015,27424,5794,5808,197,6005,50
2022-03-30,El Dorado,017,186661,26716,26722,3242,29964,200
2022-03-30,Fresno,019,978130,231352,230448,24046,254494,2720
2022-03-30,Glenn,021,27897,4978,4982,1607,6589,47
2022-03-30,Humboldt,023,135768,16877,16894,2977,19871,140
2022-03-30,Imperial,025,180216,55394,55252,10812,66064,908
2022-03-30,Inyo,027,18085,4069,4062,486,4548,56
2022-03-30,Kern,029,883053,191815,191363,46301,237664,2219
2022-03-30,Kings,031,150075,51492,51446,3626,55072,443
2022-03-30,Lake,033,64148,10692,10674,898,11572,136
2022-03-30,Lassen,035,31185,8960,8943,889,9832,65
2022-03-30,Los Angeles,037,10098052,2709501,2702536,124554,2827090,31384
2022-03-30,Madera,039,155013,37283,37330,6122,43452,354
2022-03-30,Marin,041,260295,33544,33453,2261,35714,287
2022-03-30,Mariposa,043,17540,2396,2390,203,2593,27
2022-03-30,Mendocino,045,87422,13063,13055,3045,16100,118
2022-03-30,Merced,047,269075,62156,62136,8678,70814,808
2022-03-30,Modoc,049,8938,741,739,252,991,8
2022-03-30,Mono,051,14174,2968,2967,122,3089,6
2022-03-30,Monterey,053,433212,79393,78911,13913,92824,726
2022-03-30,Napa,055,140530,25798,25745,963,26708,141
2022-03-30,Nevada,057,99092,15959,15960,1210,17170,123
2022-03-30,Orange,059,3164182,546536,545895,41616,587511,6876
2022-03-30,Placer,061,380077,62747,62705,7413,70118,614
2022-03-30,Plumas,063,18699,2971,2762,367,3129,13
2022-03-30,Riverside,065,2383286,591222,590437,28133,618570,6411
2022-03-30,Sacramento,067,1510023,280766,276081,27239,303320,2949
2022-03-30,San Benito,069,59416,12887,12898,517,13415,98
2022-03-30,San Bernardino,071,2135413,568278,561153,25129,586282,6863
2022-03-30,San Diego,073,3302833,750950,751684,52539,804223,5169
2022-03-30,San Francisco,075,870044,124819,124930,8359,133289,841
2022-03-30,San Joaquin,077,732212,166316,166299,10053,176352,2201
2022-03-30,San Luis Obispo,079,281455,52453,52484,3807,56291,475
2022-03-30,San Mateo,081,765935,121834,120548,7044,127592,693
2022-03-30,Santa Barbara,083,443738,85747,85488,4784,90272,677
2022-03-30,Santa Clara,085,1922200,311361,312253,12516,324769,2258
2022-03-30,Santa Cruz,087,273765,47796,47340,2140,49480,259
2022-03-30,Shasta,089,179085,30558,30555,6150,36705,530
2022-03-30,Sierra,091,2930,271,273,48,321,4
2022-03-30,Siskiyou,093,43540,4446,4439,2751,7190,80
2022-03-30,Solano,095,438530,81408,81816,5595,87411,443
2022-03-30,Sonoma,097,501317,83551,83163,2632,85795,485
2022-03-30,Stanislaus,099,539301,117388,117593,17590,135183,1559
2022-03-30,Sutter,101,95872,20482,20565,2126,22691,222
2022-03-30,Tehama,103,63373,12034,12045,2618,14663,198
2022-03-30,Trinity,105,12862,1182,1173,295,1468,20
2022-03-30,Tulare,107,460477,106480,104667,28568,133235,1410
2022-03-30,Tuolumne,109,53932,12637,12616,568,13184,180
2022-03-30,Ventura,111,848112,173264,172984,9460,182444,1460
2022-03-30,Yolo,113,214977,36999,36325,3223,39548,313
2022-03-30,Yuba,115,75493,15842,15830,1219,17049,120
2022-03-29,Alameda,001,1643700,256082,255261,14185,269446,1810
2022-03-29,Alpine,003,1148,124,124,1,125,0
2022-03-29,Amador,005,37829,8532,8483,652,9135,86
2022-03-29,Butte,007,227075,33047,32954,6671,39625,396
2022-03-29,Calaveras,009,45235,7262,7250,354,7604,119
2022-03-29,Colusa,011,21464,3440,3445,1073,4518,21
2022-03-29,Contra Costa,013,1133247,188574,188359,13279,201638,1290
2022-03-29,Del Norte,015,27424,5794,5806,196,6002,50
2022-03-29,El Dorado,017,186661,26711,26706,3242,29948,200
2022-03-29,Fresno,019,978130,231324,230256,24040,254296,2718
2022-03-29,Glenn,021,27897,4977,4983,1607,6590,47
2022-03-29,Humboldt,023,135768,16874,16892,2974,19866,140
2022-03-29,Imperial,025,180216,55380,55233,10811,66044,908
2022-03-29,Inyo,027,18085,4067,4062,485,4547,56
2022-03-29,Kern,029,883053,191783,191338,46294,237632,2220
2022-03-29,Kings,031,150075,51484,51416,3625,55041,443
2022-03-29,Lake,033,64148,10688,10674,898,11572,136
2022-03-29,Lassen,035,31185,8959,8943,889,9832,65
2022-03-29,Los Angeles,037,10098052,2708673,2702005,124507,2826512,31378
2022-03-29,Madera,039,155013,37275,37325,6119,43444,354
2022-03-29,Marin,041,260295,33524,33431,2256,35687,287
2022-03-29,Mariposa,043,17540,2396,2388,202,2590,23
2022-03-29,Mendocino,045,87422,13059,13053,3044,16097,119
2022-03-29,Merced,047,269075,62144,62123,8677,70800,806
2022-03-29,Modoc,049,8938,739,737,252,989,8
2022-03-29,Mono,051,14174,2968,2966,122,3088,5
2022-03-29,Monterey,053,433212,79380,78774,13905,92679,725
2022-03-29,Napa,055,140530,25791,25732,963,26695,141
2022-03-29,Nevada,057,99092,15951,15956,1210,17166,123
2022-03-29,Orange,059,3164182,546388,545832,41600,587432,6871
2022-03-29,Placer,061,380077,62729,62687,7408,70095,614
2022-03-29,Plumas,063,18699,2969,2761,367,3128,13
2022-03-29,Riverside,065,2383286,591122,590359,28125,618484,6403
2022-03-29,Sacramento,067,1510023,280700,276040,27226,303266,2946
2022-03-29,San Benito,069,59416,12885,12892,517,13409,97
2022-03-29,San Bernardino,071,2135413,568182,561026,25119,586145,6860
2022-03-29,San Diego,073,3302833,750706,751240,52517,803757,5159
2022-03-29,San Francisco,075,870044,124668,124789,8353,133142,840
2022-03-29,San Joaquin,077,732212,166279,166241,10045,176286,2198
2022-03-29,San Luis Obispo,079,281455,52437,52455,3803,56258,472
2022-03-29,San Mateo,081,765935,121740,120435,7041,127476,686
2022-03-29,Santa Barbara,083,443738,85724,85464,4784,90248,676
2022-03-29,Santa Clara,085,1922200,311121,312067,12498,324565,2259
2022-03-29,Santa Cruz,087,273765,47776,47323,2139,49462,259
2022-03-29,Shasta,089,179085,30551,30552,6147,36699,529
2022-03-29,Sierra,091,2930,271,273,48,321,4
2022-03-29,Siskiyou,093,43540,4446,4439,2750,7189,80
2022-03-29,Solano,095,438530,81385,81713,5592,87305,441
2022-03-29,Sonoma,097,501317,83517,83130,2626,85756,485
2022-03-29,Stanislaus,099,539301,117369,117683,17584,135267,1559
2022-03-29,Sutter,101,95872,20480,20556,2125,22681,221
2022-03-29,Tehama,103,63373,12032,12045,2618,14663,198
2022-03-29,Trinity,105,12862,1182,1173,295,1468,20
2022-03-29,Tulare,107,460477,106475,104622,28562,133184,1406
2022-03-29,Tuolumne,109,53932,12634,12615,568,13183,180
2022-03-29,Ventura,111,848112,173209,172946,9459,182405,1460
2022-03-29,Yolo,113,214977,36991,36296,3222,39518,313
2022-03-29,Yuba,115,75493,15838,15824,1218,17042,117
2022-03-28,Alameda,001,1643700,255930,255192,14174,269366,1808
2022-03-28,Alpine,003,1148,124,124,1,125,0
2022-03-28,Amador,005,37829,8531,8480,652,9132,86
2022-03-28,Butte,007,227075,33030,32947,6670,39617,392
2022-03-28,Calaveras,009,45235,7262,7247,354,7601,119
2022-03-28,Colusa,011,21464,3440,3445,1073,4518,21
2022-03-28,Contra Costa,013,1133247,188493,188305,13274,201579,1290
2022-03-28,Del Norte,015,27424,5792,5834,196,6030,50
2022-03-28,El Dorado,017,186661,26704,26703,3240,29943,200
2022-03-28,Fresno,019,978130,231296,230144,24023,254167,2717
2022-03-28,Glenn,021,27897,4977,4983,1607,6590,47
2022-03-28,Humboldt,023,135768,16873,16916,2974,19890,140
2022-03-28,Imperial,025,180216,55369,55245,10811,66056,909
2022-03-28,Inyo,027,18085,4066,4062,485,4547,56
2022-03-28,Kern,029,883053,191759,191333,46284,237617,2212
2022-03-28,Kings,031,150075,51471,51405,3625,55030,443
2022-03-28,Lake,033,64148,10686,10673,898,11571,136
2022-03-28,Lassen,035,31185,8959,8946,889,9835,63
2022-03-28,Los Angeles,037,10098052,2707790,2700997,124468,2825465,31349
2022-03-28,Madera,039,155013,37271,37324,6119,43443,354
2022-03-28,Marin,041,260295,33499,33391,2251,35642,287
2022-03-28,Mariposa,043,17540,2395,2388,202,2590,23
2022-03-28,Mendocino,045,87422,13057,13046,3043,16089,118
2022-03-28,Merced,047,269075,62134,62116,8672,70788,805
2022-03-28,Modoc,049,8938,738,736,252,988,7
2022-03-28,Mono,051,14174,2968,2966,122,3088,5
2022-03-28,Monterey,053,433212,79347,78784,13900,92684,724
2022-03-28,Napa,055,140530,25785,25723,962,26685,140
2022-03-28,Nevada,057,99092,15949,15969,1210,17179,123
2022-03-28,Orange,059,3164182,546256,545700,41572,587272,6860
2022-03-28,Placer,061,380077,62708,62687,7407,70094,613
2022-03-28,Plumas,063,18699,2968,2760,367,3127,13
2022-03-28,Riverside,065,2383286,591023,590298,28115,618413,6397
2022-03-28,Sacramento,067,1510023,280631,275889,27214,303103,2946
2022-03-28,San Benito,069,59416,12885,12889,517,13406,97
2022-03-28,San Bernardino,071,2135413,568099,560836,25106,585942,6858
2022-03-28,San Diego,073,3302833,750466,750659,52483,803142,5155
2022-03-28,San Francisco,075,870044,124528,124678,8342,133020,839
2022-03-28,San Joaquin,077,732212,166247,166247,10041,176288,2196
2022-03-28,San Luis Obispo,079,281455,52412,52434,3799,56233,470
2022-03-28,San Mateo,081,765935,121626,120337,7034,127371,686
2022-03-28,Santa Barbara,083,443738,85696,85442,4782,90224,675
2022-03-28,Santa Clara,085,1922200,310892,311953,12488,324441,2257
2022-03-28,Santa Cruz,087,273765,47743,47324,2139,49463,259
2022-03-28,Shasta,089,179085,30550,30550,6146,36696,527
2022-03-28,Sierra,091,2930,271,273,48,321,4
2022-03-28,Siskiyou,093,43540,4445,4438,2750,7188,80
2022-03-28,Solano,095,438530,81357,81704,5587,87291,441
2022-03-28,Sonoma,097,501317,83473,83105,2621,85726,485
2022-03-28,Stanislaus,099,539301,117357,117783,17579,135362,1562
2022-03-28,Sutter,101,95872,20475,20549,2125,22674,221
2022-03-28,Tehama,103,63373,12032,12041,2617,14658,200
2022-03-28,Trinity,105,12862,1182,1173,295,1468,20
2022-03-28,Tulare,107,460477,106463,104576,28555,133131,1404
2022-03-28,Tuolumne,109,53932,12634,12627,568,13195,180
2022-03-28,Ventura,111,848112,173169,172867,9458,182325,1455
2022-03-28,Yolo,113,214977,36981,36282,3220,39502,312
2022-03-28,Yuba,115,75493,15837,15821,1216,17037,117
2022-03-27,Alameda,001,1643700,255746,255132,14165,269297,1809
2022-03-27,Alpine,003,1148,124,124,1,125,0
2022-03-27,Amador,005,37829,8528,8480,652,9132,86
2022-03-27,Butte,007,227075,33017,32943,6663,39606,392
2022-03-27,Calaveras,009,45235,7260,7245,354,7599,119
2022-03-27,Colusa,011,21464,3440,3445,1072,4517,21
2022-03-27,Contra Costa,013,1133247,188378,188251,13255,201506,1290
2022-03-27,Del Norte,015,27424,5791,5836,196,6032,50
2022-03-27,El Dorado,017,186661,26690,26699,3237,29936,200
2022-03-27,Fresno,019,978130,231249,230049,24005,254054,2717
2022-03-27,Glenn,021,27897,4976,4983,1607,6590,47
2022-03-27,Humboldt,023,135768,16869,16920,2974,19894,140
2022-03-27,Imperial,025,180216,55356,55240,10808,66048,909
2022-03-27,Inyo,027,18085,4065,4062,483,4545,56
2022-03-27,Kern,029,883053,191721,191332,46278,237610,2213
2022-03-27,Kings,031,150075,51462,51400,3625,55025,443
2022-03-27,Lake,033,64148,10685,10672,897,11569,136
2022-03-27,Lassen,035,31185,8959,8946,889,9835,63
2022-03-27,Los Angeles,037,10098052,2706983,2700983,124419,2825402,31348
2022-03-27,Madera,039,155013,37267,37323,6117,43440,354
2022-03-27,Marin,041,260295,33462,33391,2241,35632,287
2022-03-27,Mariposa,043,17540,2395,2390,202,2592,23
2022-03-27,Mendocino,045,87422,13053,13046,3041,16087,118
2022-03-27,Merced,047,269075,62124,62110,8670,70780,805
2022-03-27,Modoc,049,8938,737,736,250,986,7
2022-03-27,Mono,051,14174,2968,2966,122,3088,5
2022-03-27,Monterey,053,433212,79326,78778,13888,92666,724
2022-03-27,Napa,055,140530,25771,25723,962,26685,140
2022-03-27,Nevada,057,99092,15945,15967,1208,17175,123
2022-03-27,Orange,059,3164182,546122,545644,41537,587181,6860
2022-03-27,Placer,061,380077,62689,62680,7406,70086,613
2022-03-27,Plumas,063,18699,2967,2760,365,3125,13
2022-03-27,Riverside,065,2383286,590937,590251,28104,618355,6395
2022-03-27,Sacramento,067,1510023,280550,275854,27207,303061,2941
2022-03-27,San Benito,069,59416,12880,12889,516,13405,97
2022-03-27,San Bernardino,071,2135413,567982,560853,25102,585955,6862
2022-03-27,San Diego,073,3302833,750214,750659,52460,803119,5155
2022-03-27,San Francisco,075,870044,124342,124619,8330,132949,839
2022-03-27,San Joaquin,077,732212,166211,166238,10037,176275,2196
2022-03-27,San Luis Obispo,079,281455,52391,52430,3797,56227,470
2022-03-27,San Mateo,081,765935,121522,120324,7028,127352,686
2022-03-27,Santa Barbara,083,443738,85660,85434,4780,90214,675
2022-03-27,Santa Clara,085,1922200,310680,311822,12481,324303,2257
2022-03-27,Santa Cruz,087,273765,47710,47321,2134,49455,259
2022-03-27,Shasta,089,179085,30546,30550,6144,36694,527
2022-03-27,Sierra,091,2930,271,273,48,321,4
2022-03-27,Siskiyou,093,43540,4445,4436,2749,7185,80
2022-03-27,Solano,095,438530,81316,81691,5584,87275,441
2022-03-27,Sonoma,097,501317,83419,83088,2617,85705,485
2022-03-27,Stanislaus,099,539301,117337,117778,17576,135354,1562
2022-03-27,Sutter,101,95872,20469,20545,2125,22670,221
2022-03-27,Tehama,103,63373,12032,12040,2617,14657,200
2022-03-27,Trinity,105,12862,1182,1173,295,1468,20
2022-03-27,Tulare,107,460477,106454,104582,28544,133126,1404
2022-03-27,Tuolumne,109,53932,12632,12628,568,13196,180
2022-03-27,Ventura,111,848112,173124,172831,9456,182287,1455
2022-03-27,Yolo,113,214977,36962,36232,3217,39449,312
2022-03-27,Yuba,115,75493,15834,15821,1209,17030,117
2022-03-26,Alameda,001,1643700,255666,254691,14163,268854,1803
2022-03-26,Alpine,003,1148,124,124,1,125,0
2022-03-26,Amador,005,37829,8528,8476,652,9128,86
2022-03-26,Butte,007,227075,33013,32929,6661,39590,391
2022-03-26,Calaveras,009,45235,7258,7240,354,7594,120
2022-03-26,Colusa,011,21464,3438,3445,1072,4517,21
2022-03-26,Contra Costa,013,1133247,188324,187990,13251,201241,1285
2022-03-26,Del Norte,015,27424,5789,5831,196,6027,50
2022-03-26,El Dorado,017,186661,26682,26674,3235,29909,200
2022-03-26,Fresno,019,978130,231226,229799,24004,253803,2710
2022-03-26,Glenn,021,27897,4976,4978,1607,6585,47
2022-03-26,Humboldt,023,135768,16865,16911,2974,19885,139
2022-03-26,Imperial,025,180216,55350,55230,10807,66037,913
2022-03-26,Inyo,027,18085,4065,4060,482,4542,56
2022-03-26,Kern,029,883053,191707,191288,46273,237561,2201
2022-03-26,Kings,031,150075,51461,51397,3625,55022,444
2022-03-26,Lake,033,64148,10685,10659,897,11556,136
2022-03-26,Lassen,035,31185,8959,8944,889,9833,63
2022-03-26,Los Angeles,037,10098052,2706527,2698028,124377,2822405,31291
2022-03-26,Madera,039,155013,37264,37321,6115,43436,354
2022-03-26,Marin,041,260295,33452,33317,2237,35554,287
2022-03-26,Mariposa,043,17540,2395,2386,202,2588,23
2022-03-26,Mendocino,045,87422,13049,13038,3041,16079,118
2022-03-26,Merced,047,269075,62118,62083,8668,70751,805
2022-03-26,Modoc,049,8938,737,736,250,986,7
2022-03-26,Mono,051,14174,2968,2966,122,3088,5
2022-03-26,Monterey,053,433212,79319,78688,13886,92574,724
2022-03-26,Napa,055,140530,25768,25701,962,26663,139
2022-03-26,Nevada,057,99092,15941,15960,1208,17168,123
2022-03-26,Orange,059,3164182,546045,545294,41526,586820,6853
2022-03-26,Placer,061,380077,62677,62634,7402,70036,613
2022-03-26,Plumas,063,18699,2967,2758,364,3122,13
2022-03-26,Riverside,065,2383286,590867,590060,28103,618163,6397
2022-03-26,Sacramento,067,1510023,280517,275529,27205,302734,2935
2022-03-26,San Benito,069,59416,12880,12885,516,13401,97
2022-03-26,San Bernardino,071,2135413,567923,560742,25098,585840,6840
2022-03-26,San Diego,073,3302833,750090,750170,52453,802623,5146
2022-03-26,San Francisco,075,870044,124236,124265,8321,132586,839
2022-03-26,San Joaquin,077,732212,166190,166079,10036,176115,2195
2022-03-26,San Luis Obispo,079,281455,52385,52369,3797,56166,469
2022-03-26,San Mateo,081,765935,121463,120165,7020,127185,684
2022-03-26,Santa Barbara,083,443738,85640,85477,4778,90255,674
2022-03-26,Santa Clara,085,1922200,310522,311189,12472,323661,2250
2022-03-26,Santa Cruz,087,273765,47699,47329,2134,49463,259
2022-03-26,Shasta,089,179085,30545,30542,6143,36685,527
2022-03-26,Sierra,091,2930,271,273,48,321,4
2022-03-26,Siskiyou,093,43540,4444,4433,2749,7182,80
2022-03-26,Solano,095,438530,81306,81659,5584,87243,441
2022-03-26,Sonoma,097,501317,83389,83113,2612,85725,485
2022-03-26,Stanislaus,099,539301,117330,117962,17575,135537,1565
2022-03-26,Sutter,101,95872,20467,20536,2125,22661,221
2022-03-26,Tehama,103,63373,12032,12036,2616,14652,195
2022-03-26,Trinity,105,12862,1182,1174,295,1469,20
2022-03-26,Tulare,107,460477,106447,104538,28543,133081,1400
2022-03-26,Tuolumne,109,53932,12630,12628,568,13196,180
2022-03-26,Ventura,111,848112,173083,172690,9452,182142,1455
2022-03-26,Yolo,113,214977,36953,36234,3217,39451,311
2022-03-26,Yuba,115,75493,15833,15807,1209,17016,117
2022-03-25,Alameda,001,1643700,255601,254691,14161,268852,1803
2022-03-25,Alpine,003,1148,124,124,1,125,0
2022-03-25,Amador,005,37829,8527,8476,652,9128,86
2022-03-25,Butte,007,227075,33008,32929,6660,39589,391
2022-03-25,Calaveras,009,45235,7257,7240,354,7594,120
2022-03-25,Colusa,011,21464,3438,3445,1072,4517,21
2022-03-25,Contra Costa,013,1133247,188276,187990,13247,201237,1285
2022-03-25,Del Norte,015,27424,5789,5831,196,6027,50
2022-03-25,El Dorado,017,186661,26678,26674,3235,29909,200
2022-03-25,Fresno,019,978130,231198,229799,23995,253794,2710
2022-03-25,Glenn,021,27897,4976,4978,1607,6585,47
2022-03-25,Humboldt,023,135768,16865,16911,2974,19885,139
2022-03-25,Imperial,025,180216,55345,55230,10806,66036,913
2022-03-25,Inyo,027,18085,4064,4060,482,4542,56
2022-03-25,Kern,029,883053,191697,191288,46272,237560,2201
2022-03-25,Kings,031,150075,51460,51397,3625,55022,444
2022-03-25,Lake,033,64148,10685,10659,897,11556,136
2022-03-25,Lassen,035,31185,8958,8944,889,9833,63
2022-03-25,Los Angeles,037,10098052,2706110,2698028,124346,2822374,31291
2022-03-25,Madera,039,155013,37263,37321,6114,43435,354
2022-03-25,Marin,041,260295,33437,33317,2228,35545,287
2022-03-25,Mariposa,043,17540,2395,2386,202,2588,23
2022-03-25,Mendocino,045,87422,13049,13038,3041,16079,118
2022-03-25,Merced,047,269075,62111,62083,8667,70750,805
2022-03-25,Modoc,049,8938,737,736,250,986,7
2022-03-25,Mono,051,14174,2967,2966,122,3088,5
2022-03-25,Monterey,053,433212,79308,78688,13883,92571,724
2022-03-25,Napa,055,140530,25761,25701,962,26663,139
2022-03-25,Nevada,057,99092,15940,15960,1208,17168,123
2022-03-25,Orange,059,3164182,545970,545294,41509,586803,6853
2022-03-25,Placer,061,380077,62671,62634,7399,70033,613
2022-03-25,Plumas,063,18699,2966,2758,364,3122,13
2022-03-25,Riverside,065,2383286,590808,590060,28092,618152,6397
2022-03-25,Sacramento,067,1510023,280476,275529,27203,302732,2935
2022-03-25,San Benito,069,59416,12880,12885,516,13401,97
2022-03-25,San Bernardino,071,2135413,567884,560742,25095,585837,6840
2022-03-25,San Diego,073,3302833,749968,750170,52443,802613,5146
2022-03-25,San Francisco,075,870044,124155,124265,8307,132572,839
2022-03-25,San Joaquin,077,732212,166176,166079,10033,176112,2195
2022-03-25,San Luis Obispo,079,281455,52382,52369,3796,56165,469
2022-03-25,San Mateo,081,765935,121411,120165,7020,127185,684
2022-03-25,Santa Barbara,083,443738,85625,85477,4776,90253,674
2022-03-25,Santa Clara,085,1922200,310371,311189,12467,323656,2250
2022-03-25,Santa Cruz,087,273765,47691,47329,2134,49463,259
2022-03-25,Shasta,089,179085,30541,30542,6142,36684,527
2022-03-25,Sierra,091,2930,271,273,48,321,4
2022-03-25,Siskiyou,093,43540,4442,4433,2747,7180,80
2022-03-25,Solano,095,438530,81292,81659,5582,87241,441
2022-03-25,Sonoma,097,501317,83352,83113,2612,85725,485
2022-03-25,Stanislaus,099,539301,117316,117962,17574,135536,1565
2022-03-25,Sutter,101,95872,20462,20536,2125,22661,221
2022-03-25,Tehama,103,63373,12030,12036,2616,14652,195
2022-03-25,Trinity,105,12862,1182,1174,295,1469,20
2022-03-25,Tulare,107,460477,106443,104538,28540,133078,1400
2022-03-25,Tuolumne,109,53932,12629,12628,568,13196,180
2022-03-25,Ventura,111,848112,173045,172690,9452,182142,1455
2022-03-25,Yolo,113,214977,36941,36234,3217,39451,311
2022-03-25,Yuba,115,75493,15828,15807,1208,17015,117
2022-03-24,Alameda,001,1643700,255484,254691,14145,268836,1803
2022-03-24,Alpine,003,1148,124,124,1,125,0
2022-03-24,Amador,005,37829,8527,8476,652,9128,86
2022-03-24,Butte,007,227075,33002,32929,6660,39589,391
2022-03-24,Calaveras,009,45235,7254,7240,354,7594,120
2022-03-24,Colusa,011,21464,3438,3445,1072,4517,21
2022-03-24,Contra Costa,013,1133247,188197,187990,13244,201234,1285
2022-03-24,Del Norte,015,27424,5785,5831,196,6027,50
2022-03-24,El Dorado,017,186661,26667,26674,3235,29909,200
2022-03-24,Fresno,019,978130,231157,229799,23983,253782,2710
2022-03-24,Glenn,021,27897,4975,4978,1607,6585,47
2022-03-24,Humboldt,023,135768,16860,16911,2972,19883,139
2022-03-24,Imperial,025,180216,55338,55230,10806,66036,913
2022-03-24,Inyo,027,18085,4063,4060,482,4542,56
2022-03-24,Kern,029,883053,191687,191288,46269,237557,2201
2022-03-24,Kings,031,150075,51451,51397,3623,55020,444
2022-03-24,Lake,033,64148,10684,10659,897,11556,136
2022-03-24,Lassen,035,31185,8957,8944,889,9833,63
2022-03-24,Los Angeles,037,10098052,2705548,2698028,124301,2822329,31291
2022-03-24,Madera,039,155013,37261,37321,6112,43433,354
2022-03-24,Marin,041,260295,33415,33317,2219,35536,287
2022-03-24,Mariposa,043,17540,2395,2386,202,2588,23
2022-03-24,Mendocino,045,87422,13043,13038,3038,16076,118
2022-03-24,Merced,047,269075,62104,62083,8666,70749,805
2022-03-24,Modoc,049,8938,737,736,250,986,7
2022-03-24,Mono,051,14174,2967,2966,122,3088,5
2022-03-24,Monterey,053,433212,79282,78688,13869,92557,724
2022-03-24,Napa,055,140530,25752,25701,962,26663,139
2022-03-24,Nevada,057,99092,15936,15960,1207,17167,123
2022-03-24,Orange,059,3164182,545868,545294,41492,586786,6853
2022-03-24,Placer,061,380077,62651,62634,7398,70032,613
2022-03-24,Plumas,063,18699,2966,2758,364,3122,13
2022-03-24,Riverside,065,2383286,590732,590060,28083,618143,6397
2022-03-24,Sacramento,067,1510023,280407,275529,27198,302727,2935
2022-03-24,San Benito,069,59416,12879,12885,515,13400,97
2022-03-24,San Bernardino,071,2135413,567801,560742,25091,585833,6840
2022-03-24,San Diego,073,3302833,749759,750170,52430,802600,5146
2022-03-24,San Francisco,075,870044,124074,124265,8301,132566,839
2022-03-24,San Joaquin,077,732212,166149,166079,10032,176111,2195
2022-03-24,San Luis Obispo,079,281455,52367,52369,3795,56164,469
2022-03-24,San Mateo,081,765935,121363,120165,7015,127180,684
2022-03-24,Santa Barbara,083,443738,85610,85477,4773,90250,674
2022-03-24,Santa Clara,085,1922200,310225,311189,12449,323638,2250
2022-03-24,Santa Cruz,087,273765,47674,47329,2133,49462,259
2022-03-24,Shasta,089,179085,30533,30542,6142,36684,527
2022-03-24,Sierra,091,2930,271,273,48,321,4
2022-03-24,Siskiyou,093,43540,4439,4433,2747,7180,80
2022-03-24,Solano,095,438530,81273,81659,5581,87240,441
2022-03-24,Sonoma,097,501317,83317,83113,2610,85723,485
2022-03-24,Stanislaus,099,539301,117306,117962,17571,135533,1565
2022-03-24,Sutter,101,95872,20457,20536,2125,22661,221
2022-03-24,Tehama,103,63373,12028,12036,2614,14650,195
2022-03-24,Trinity,105,12862,1182,1174,295,1469,20
2022-03-24,Tulare,107,460477,106432,104538,28534,133072,1400
2022-03-24,Tuolumne,109,53932,12627,12628,568,13196,180
2022-03-24,Ventura,111,848112,173002,172690,9451,182141,1455
2022-03-24,Yolo,113,214977,36935,36234,3213,39447,311
2022-03-24,Yuba,115,75493,15824,15807,1205,17012,117
2022-03-23,Alameda,001,1643700,255350,254559,14134,268693,1802
2022-03-23,Alpine,003,1148,124,124,1,125,0
2022-03-23,Amador,005,37829,8527,8475,652,9127,86
2022-03-23,Butte,007,227075,32988,32920,6659,39579,387
2022-03-23,Calaveras,009,45235,7249,7237,354,7591,120
2022-03-23,Colusa,011,21464,3437,3444,1072,4516,21
2022-03-23,Contra Costa,013,1133247,188098,187898,13232,201130,1279
2022-03-23,Del Norte,015,27424,5783,5830,196,6026,50
2022-03-23,El Dorado,017,186661,26661,26670,3235,29905,200
2022-03-23,Fresno,019,978130,231121,229656,23969,253625,2710
2022-03-23,Glenn,021,27897,4975,4975,1607,6582,47
2022-03-23,Humboldt,023,135768,16859,16908,2970,19878,139
2022-03-23,Imperial,025,180216,55332,55211,10805,66016,909
2022-03-23,Inyo,027,18085,4063,4060,482,4542,56
2022-03-23,Kern,029,883053,191670,191241,46264,237505,2196
2022-03-23,Kings,031,150075,51440,51384,3622,55006,442
2022-03-23,Lake,033,64148,10680,10658,896,11554,135
2022-03-23,Lassen,035,31185,8956,8944,888,9832,63
2022-03-23,Los Angeles,037,10098052,2704873,2697227,124269,2821496,31267
2022-03-23,Madera,039,155013,37256,37317,6108,43425,354
2022-03-23,Marin,041,260295,33389,33274,2214,35488,287
2022-03-23,Mariposa,043,17540,2393,2382,201,2583,11
2022-03-23,Mendocino,045,87422,13039,13033,3037,16070,118
2022-03-23,Merced,047,269075,62094,62056,8662,70718,805
2022-03-23,Modoc,049,8938,737,736,250,986,7
2022-03-23,Mono,051,14174,2967,2966,122,3088,5
2022-03-23,Monterey,053,433212,79265,78655,13844,92499,724
2022-03-23,Napa,055,140530,25739,25691,960,26651,139
2022-03-23,Nevada,057,99092,15934,15958,1207,17165,123
2022-03-23,Orange,059,3164182,545738,545158,41479,586637,6852
2022-03-23,Placer,061,380077,62632,62622,7396,70018,613
2022-03-23,Plumas,063,18699,2966,2747,364,3111,13
2022-03-23,Riverside,065,2383286,590658,589947,28078,618025,6388
2022-03-23,Sacramento,067,1510023,280345,275398,27191,302589,2934
2022-03-23,San Benito,069,59416,12878,12884,515,13399,97
2022-03-23,San Bernardino,071,2135413,567727,560550,25086,585636,6828
2022-03-23,San Diego,073,3302833,749565,749871,52407,802278,5143
2022-03-23,San Francisco,075,870044,123961,124110,8295,132405,838
2022-03-23,San Joaquin,077,732212,166111,166041,10025,176066,2187
2022-03-23,San Luis Obispo,079,281455,52350,52344,3789,56133,469
2022-03-23,San Mateo,081,765935,121279,120080,7005,127085,685
2022-03-23,Santa Barbara,083,443738,85593,85464,4772,90236,673
2022-03-23,Santa Clara,085,1922200,310061,310956,12437,323393,2250
2022-03-23,Santa Cruz,087,273765,47655,47314,2127,49441,259
2022-03-23,Shasta,089,179085,30529,30524,6141,36665,526
2022-03-23,Sierra,091,2930,271,273,48,321,4
2022-03-23,Siskiyou,093,43540,4438,4433,2747,7180,80
2022-03-23,Solano,095,438530,81239,81615,5580,87195,441
2022-03-23,Sonoma,097,501317,83284,83074,2607,85681,482
2022-03-23,Stanislaus,099,539301,117289,118041,17568,135609,1568
2022-03-23,Sutter,101,95872,20454,20532,2125,22657,218
2022-03-23,Tehama,103,63373,12025,12035,2614,14649,195
2022-03-23,Trinity,105,12862,1182,1174,295,1469,20
2022-03-23,Tulare,107,460477,106415,104489,28528,133017,1394
2022-03-23,Tuolumne,109,53932,12626,12629,568,13197,180
2022-03-23,Ventura,111,848112,172954,172647,9449,182096,1455
2022-03-23,Yolo,113,214977,36915,36197,3211,39408,308
2022-03-23,Yuba,115,75493,15817,15801,1204,17005,117
2022-03-22,Alameda,001,1643700,255220,254467,13759,268226,1802
2022-03-22,Alpine,003,1148,124,122,1,123,0
2022-03-22,Amador,005,37829,8526,8462,651,9113,86
2022-03-22,Butte,007,227075,32978,32907,6655,39562,387
2022-03-22,Calaveras,009,45235,7247,7237,354,7591,120
2022-03-22,Colusa,011,21464,3436,3445,1072,4517,21
2022-03-22,Contra Costa,013,1133247,188022,187813,13210,201023,1279
2022-03-22,Del Norte,015,27424,5778,5824,196,6020,50
2022-03-22,El Dorado,017,186661,26654,26661,3235,29896,200
2022-03-22,Fresno,019,978130,231072,229551,23959,253510,2708
2022-03-22,Glenn,021,27897,4972,4971,1607,6578,47
2022-03-22,Humboldt,023,135768,16856,16911,2970,19881,139
2022-03-22,Imperial,025,180216,55321,55170,10802,65972,908
2022-03-22,Inyo,027,18085,4063,4060,482,4542,56
2022-03-22,Kern,029,883053,191647,191213,46255,237468,2195
2022-03-22,Kings,031,150075,51428,51369,3621,54990,442
2022-03-22,Lake,033,64148,10678,10657,895,11552,135
2022-03-22,Lassen,035,31185,8956,8940,887,9827,63
2022-03-22,Los Angeles,037,10098052,2704210,2696746,124220,2820966,31250
2022-03-22,Madera,039,155013,37252,37304,6105,43409,354
2022-03-22,Marin,041,260295,33364,33253,2210,35463,287
2022-03-22,Mariposa,043,17540,2391,2382,201,2583,6
2022-03-22,Mendocino,045,87422,13034,13030,3035,16065,118
2022-03-22,Merced,047,269075,62084,62056,8658,70714,805
2022-03-22,Modoc,049,8938,737,735,250,985,7
2022-03-22,Mono,051,14174,2967,2963,122,3085,5
2022-03-22,Monterey,053,433212,79248,78614,13833,92447,724
2022-03-22,Napa,055,140530,25729,25688,959,26647,139
2022-03-22,Nevada,057,99092,15926,15950,1207,17157,123
2022-03-22,Orange,059,3164182,545594,545075,41459,586534,6843
2022-03-22,Placer,061,380077,62619,62604,7394,69998,610
2022-03-22,Plumas,063,18699,2965,2744,364,3108,13
2022-03-22,Riverside,065,2383286,590583,589816,28075,617891,6383
2022-03-22,Sacramento,067,1510023,280269,275374,27179,302553,2927
2022-03-22,San Benito,069,59416,12877,12884,514,13398,97
2022-03-22,San Bernardino,071,2135413,567645,560371,25066,585437,6811
2022-03-22,San Diego,073,3302833,749364,749647,52387,802034,5141
2022-03-22,San Francisco,075,870044,123854,123998,8289,132287,838
2022-03-22,San Joaquin,077,732212,166083,165992,10021,176013,2187
2022-03-22,San Luis Obispo,079,281455,52342,52257,3789,56046,465
2022-03-22,San Mateo,081,765935,121205,119975,7001,126976,686
2022-03-22,Santa Barbara,083,443738,85576,85457,4771,90228,672
2022-03-22,Santa Clara,085,1922200,309892,310787,12425,323212,2249
2022-03-22,Santa Cruz,087,273765,47635,47287,2126,49413,259
2022-03-22,Shasta,089,179085,30523,30528,6140,36668,525
2022-03-22,Sierra,091,2930,271,273,48,321,4
2022-03-22,Siskiyou,093,43540,4438,4429,2746,7175,80
2022-03-22,Solano,095,438530,81216,81587,5579,87166,440
2022-03-22,Sonoma,097,501317,83255,83042,2603,85645,482
2022-03-22,Stanislaus,099,539301,117272,118025,17565,135590,1568
2022-03-22,Sutter,101,95872,20453,20525,2121,22646,218
2022-03-22,Tehama,103,63373,12023,12034,2614,14648,162
2022-03-22,Trinity,105,12862,1182,1174,295,1469,20
2022-03-22,Tulare,107,460477,106403,104431,28519,132950,1391
2022-03-22,Tuolumne,109,53932,12626,12628,568,13196,180
2022-03-22,Ventura,111,848112,172905,172590,9447,182037,1455
2022-03-22,Yolo,113,214977,36895,36184,3210,39394,308
2022-03-22,Yuba,115,75493,15814,15795,1203,16998,117
2022-03-21,Alameda,001,1643700,255003,254354,13751,268105,1799
2022-03-21,Alpine,003,1148,124,122,1,123,0
2022-03-21,Amador,005,37829,8523,8461,650,9111,85
2022-03-21,Butte,007,227075,32967,32895,6651,39546,385
2022-03-21,Calaveras,009,45235,7246,7237,354,7591,119
2022-03-21,Colusa,011,21464,3436,3445,1072,4517,21
2022-03-21,Contra Costa,013,1133247,187958,187509,13193,200702,1276
2022-03-21,Del Norte,015,27424,5777,5824,196,6020,50
2022-03-21,El Dorado,017,186661,26643,26610,3234,29844,199
2022-03-21,Fresno,019,978130,231023,229374,23950,253324,2707
2022-03-21,Glenn,021,27897,4970,4972,1601,6573,46
2022-03-21,Humboldt,023,135768,16846,16912,2957,19869,139
2022-03-21,Imperial,025,180216,55307,55133,10801,65934,908
2022-03-21,Inyo,027,18085,4062,4060,482,4542,56
2022-03-21,Kern,029,883053,191614,191184,46249,237433,2187
2022-03-21,Kings,031,150075,51414,51366,3619,54985,441
2022-03-21,Lake,033,64148,10676,10655,895,11550,135
2022-03-21,Lassen,035,31185,8955,8939,887,9826,63
2022-03-21,Los Angeles,037,10098052,2703345,2694711,124171,2818882,31218
2022-03-21,Madera,039,155013,37247,37288,6101,43389,354
2022-03-21,Marin,041,260295,33320,33242,2205,35447,287
2022-03-21,Mariposa,043,17540,2390,2383,200,2583,6
2022-03-21,Mendocino,045,87422,13026,13028,3033,16061,118
2022-03-21,Merced,047,269075,62070,62048,8653,70701,803
2022-03-21,Modoc,049,8938,735,734,250,984,7
2022-03-21,Mono,051,14174,2967,2962,122,3084,5
2022-03-21,Monterey,053,433212,79199,78572,13819,92391,724
2022-03-21,Napa,055,140530,25721,25684,957,26641,138
2022-03-21,Nevada,057,99092,15922,15963,1206,17169,123
2022-03-21,Orange,059,3164182,545440,544943,41442,586385,6841
2022-03-21,Placer,061,380077,62600,62550,7393,69943,610
2022-03-21,Plumas,063,18699,2965,2744,364,3108,13
2022-03-21,Riverside,065,2383286,590502,589707,28069,617776,6376
2022-03-21,Sacramento,067,1510023,280178,275334,27165,302499,2925
2022-03-21,San Benito,069,59416,12871,12872,514,13386,97
2022-03-21,San Bernardino,071,2135413,567556,560210,25053,585263,6807
2022-03-21,San Diego,073,3302833,749142,748833,52367,801200,5138
2022-03-21,San Francisco,075,870044,123687,123912,8280,132192,835
2022-03-21,San Joaquin,077,732212,166057,165939,10018,175957,2185
2022-03-21,San Luis Obispo,079,281455,52317,52219,3784,56003,463
2022-03-21,San Mateo,081,765935,121046,119899,6999,126898,684
2022-03-21,Santa Barbara,083,443738,85561,85416,4769,90185,672
2022-03-21,Santa Clara,085,1922200,309631,310509,12422,322931,2245
2022-03-21,Santa Cruz,087,273765,47598,47267,2125,49392,259
2022-03-21,Shasta,089,179085,30517,30523,6138,36661,525
2022-03-21,Sierra,091,2930,271,273,48,321,4
2022-03-21,Siskiyou,093,43540,4438,4426,2746,7172,80
2022-03-21,Solano,095,438530,81188,81399,5579,86978,441
2022-03-21,Sonoma,097,501317,83216,82979,2598,85577,482
2022-03-21,Stanislaus,099,539301,117239,118144,17562,135706,1571
2022-03-21,Sutter,101,95872,20450,20523,2108,22631,218
2022-03-21,Tehama,103,63373,12019,12030,2614,14644,160
2022-03-21,Trinity,105,12862,1182,1174,295,1469,20
2022-03-21,Tulare,107,460477,106383,104350,28514,132864,1389
2022-03-21,Tuolumne,109,53932,12626,12620,568,13188,180
2022-03-21,Ventura,111,848112,172835,172537,9443,181980,1452
2022-03-21,Yolo,113,214977,36879,36141,3208,39349,307
2022-03-21,Yuba,115,75493,15811,15790,1202,16992,117
2022-03-20,Alameda,001,1643700,254868,254293,13740,268033,1801
2022-03-20,Alpine,003,1148,122,122,1,123,0
2022-03-20,Amador,005,37829,8520,8460,650,9110,85
2022-03-20,Butte,007,227075,32952,32892,6647,39539,385
2022-03-20,Calaveras,009,45235,7245,7233,351,7584,119
2022-03-20,Colusa,011,21464,3436,3446,1072,4518,21
2022-03-20,Contra Costa,013,1133247,187855,187467,13182,200649,1276
2022-03-20,Del Norte,015,27424,5775,5821,196,6017,50
2022-03-20,El Dorado,017,186661,26635,26608,3234,29842,199
2022-03-20,Fresno,019,978130,230946,229297,23939,253236,2707
2022-03-20,Glenn,021,27897,4969,4972,1601,6573,46
2022-03-20,Humboldt,023,135768,16844,16913,2955,19868,139
2022-03-20,Imperial,025,180216,55296,55133,10800,65933,908
2022-03-20,Inyo,027,18085,4062,4060,482,4542,56
2022-03-20,Kern,029,883053,191570,191170,46244,237414,2187
2022-03-20,Kings,031,150075,51403,51360,3619,54979,441
2022-03-20,Lake,033,64148,10672,10652,895,11547,135
2022-03-20,Lassen,035,31185,8953,8938,887,9825,63
2022-03-20,Los Angeles,037,10098052,2702550,2694698,124124,2818822,31219
2022-03-20,Madera,039,155013,37242,37284,6097,43381,354
2022-03-20,Marin,041,260295,33304,33232,2204,35436,275
2022-03-20,Mariposa,043,17540,2390,2383,200,2583,6
2022-03-20,Mendocino,045,87422,13019,13027,3028,16055,118
2022-03-20,Merced,047,269075,62059,62041,8647,70688,803
2022-03-20,Modoc,049,8938,735,734,250,984,7
2022-03-20,Mono,051,14174,2965,2962,122,3084,5
2022-03-20,Monterey,053,433212,79166,78566,13808,92374,723
2022-03-20,Napa,055,140530,25709,25682,956,26638,138
2022-03-20,Nevada,057,99092,15918,15964,1206,17170,123
2022-03-20,Orange,059,3164182,545319,544862,41422,586284,6841
2022-03-20,Placer,061,380077,62580,62525,7393,69918,610
2022-03-20,Plumas,063,18699,2965,2744,364,3108,13
2022-03-20,Riverside,065,2383286,590405,589657,28064,617721,6376
2022-03-20,Sacramento,067,1510023,280100,275317,27150,302467,2927
2022-03-20,San Benito,069,59416,12871,12869,513,13382,97
2022-03-20,San Bernardino,071,2135413,567475,560220,25044,585264,6805
2022-03-20,San Diego,073,3302833,748906,748833,52334,801167,5138
2022-03-20,San Francisco,075,870044,123537,123858,8268,132126,835
2022-03-20,San Joaquin,077,732212,166024,165927,10014,175941,2185
2022-03-20,San Luis Obispo,079,281455,52293,52217,3781,55998,463
2022-03-20,San Mateo,081,765935,120986,119901,6993,126894,684
2022-03-20,Santa Barbara,083,443738,85536,85412,4767,90179,672
2022-03-20,Santa Clara,085,1922200,309422,310412,12414,322826,2243
2022-03-20,Santa Cruz,087,273765,47571,47265,2124,49389,259
2022-03-20,Shasta,089,179085,30507,30522,6137,36659,525
2022-03-20,Sierra,091,2930,271,273,48,321,4
2022-03-20,Siskiyou,093,43540,4437,4426,2746,7172,80
2022-03-20,Solano,095,438530,81158,81393,5577,86970,441
2022-03-20,Sonoma,097,501317,83173,82965,2597,85562,481
2022-03-20,Stanislaus,099,539301,117213,118146,17558,135704,1572
2022-03-20,Sutter,101,95872,20443,20519,2098,22617,218
2022-03-20,Tehama,103,63373,12017,12030,2614,14644,160
2022-03-20,Trinity,105,12862,1182,1174,295,1469,20
2022-03-20,Tulare,107,460477,106362,104353,28500,132853,1389
2022-03-20,Tuolumne,109,53932,12621,12617,568,13185,180
2022-03-20,Ventura,111,848112,172785,172514,9438,181952,1451
2022-03-20,Yolo,113,214977,36860,36135,3207,39342,307
2022-03-20,Yuba,115,75493,15802,15787,1200,16987,117
2022-03-19,Alameda,001,1643700,254788,253936,13738,267674,1797
2022-03-19,Alpine,003,1148,122,122,1,123,0
2022-03-19,Amador,005,37829,8517,8456,650,9106,85
2022-03-19,Butte,007,227075,32944,32856,6647,39503,385
2022-03-19,Calaveras,009,45235,7244,7229,351,7580,119
2022-03-19,Colusa,011,21464,3434,3445,1072,4517,21
2022-03-19,Contra Costa,013,1133247,187819,187225,13181,200406,1276
2022-03-19,Del Norte,015,27424,5772,5815,196,6011,48
2022-03-19,El Dorado,017,186661,26631,26618,3234,29852,199
2022-03-19,Fresno,019,978130,230923,228965,23938,252903,2694
2022-03-19,Glenn,021,27897,4969,4971,1601,6572,44
2022-03-19,Humboldt,023,135768,16838,16901,2955,19856,138
2022-03-19,Imperial,025,180216,55295,55038,10799,65837,898
2022-03-19,Inyo,027,18085,4062,4061,482,4543,56
2022-03-19,Kern,029,883053,191555,190943,46236,237179,2184
2022-03-19,Kings,031,150075,51398,51334,3619,54953,441
2022-03-19,Lake,033,64148,10672,10641,895,11536,135
2022-03-19,Lassen,035,31185,8953,8925,887,9812,63
2022-03-19,Los Angeles,037,10098052,2702176,2686759,124090,2810849,31133
2022-03-19,Madera,039,155013,37242,37273,6097,43370,354
2022-03-19,Marin,041,260295,33286,33163,2200,35363,272
2022-03-19,Mariposa,043,17540,2389,2378,200,2578,6
2022-03-19,Mendocino,045,87422,13019,13012,3028,16040,117
2022-03-19,Merced,047,269075,62053,61985,8645,70630,800
2022-03-19,Modoc,049,8938,735,734,250,984,7
2022-03-19,Mono,051,14174,2965,2961,122,3083,5
2022-03-19,Monterey,053,433212,79155,78483,13801,92284,720
2022-03-19,Napa,055,140530,25706,25654,956,26610,138
2022-03-19,Nevada,057,99092,15916,15960,1206,17166,123
2022-03-19,Orange,059,3164182,545247,543907,41406,585313,6817
2022-03-19,Placer,061,380077,62566,62483,7393,69876,605
2022-03-19,Plumas,063,18699,2965,2724,364,3088,13
2022-03-19,Riverside,065,2383286,590354,589017,28056,617073,6359
2022-03-19,Sacramento,067,1510023,280059,274855,27146,302001,2913
2022-03-19,San Benito,069,59416,12870,12859,513,13372,97
2022-03-19,San Bernardino,071,2135413,567429,559935,25042,584977,6778
2022-03-19,San Diego,073,3302833,748806,747344,52322,799666,5133
2022-03-19,San Francisco,075,870044,123467,123587,8265,131852,833
2022-03-19,San Joaquin,077,732212,165999,165765,10011,175776,2181
2022-03-19,San Luis Obispo,079,281455,52287,52174,3781,55955,463
2022-03-19,San Mateo,081,765935,120949,119782,6992,126774,667
2022-03-19,Santa Barbara,083,443738,85522,85336,4766,90102,671
2022-03-19,Santa Clara,085,1922200,309300,309918,12405,322323,2225
2022-03-19,Santa Cruz,087,273765,47563,47203,2120,49323,256
2022-03-19,Shasta,089,179085,30503,30495,6137,36632,525
2022-03-19,Sierra,091,2930,271,273,48,321,4
2022-03-19,Siskiyou,093,43540,4436,4422,2746,7168,76
2022-03-19,Solano,095,438530,81149,81340,5574,86914,441
2022-03-19,Sonoma,097,501317,83156,82838,2594,85432,472
2022-03-19,Stanislaus,099,539301,117203,118138,17556,135694,1568
2022-03-19,Sutter,101,95872,20440,20503,2098,22601,218
2022-03-19,Tehama,103,63373,12017,12007,2614,14621,160
2022-03-19,Trinity,105,12862,1182,1173,295,1468,20
2022-03-19,Tulare,107,460477,106353,104290,28495,132785,1384
2022-03-19,Tuolumne,109,53932,12620,12617,568,13185,180
2022-03-19,Ventura,111,848112,172754,172380,9437,181817,1451
2022-03-19,Yolo,113,214977,36851,36086,3207,39293,306
2022-03-19,Yuba,115,75493,15798,15768,1199,16967,117
2022-03-18,Alameda,001,1643700,254729,253936,13734,267670,1797
2022-03-18,Alpine,003,1148,122,122,1,123,0
2022-03-18,Amador,005,37829,8517,8456,650,9106,85
2022-03-18,Butte,007,227075,32939,32856,6645,39501,385
2022-03-18,Calaveras,009,45235,7244,7229,351,7580,119
2022-03-18,Colusa,011,21464,3434,3445,1072,4517,21
2022-03-18,Contra Costa,013,1133247,187787,187225,13179,200404,1276
2022-03-18,Del Norte,015,27424,5770,5815,195,6010,48
2022-03-18,El Dorado,017,186661,26626,26618,3232,29850,199
2022-03-18,Fresno,019,978130,230891,228965,23938,252903,2694
2022-03-18,Glenn,021,27897,4969,4971,1601,6572,44
2022-03-18,Humboldt,023,135768,16835,16901,2954,19855,138
2022-03-18,Imperial,025,180216,55293,55038,10799,65837,898
2022-03-18,Inyo,027,18085,4062,4061,482,4543,56
2022-03-18,Kern,029,883053,191544,190943,46233,237176,2184
2022-03-18,Kings,031,150075,51390,51334,3619,54953,441
2022-03-18,Lake,033,64148,10670,10641,894,11535,135
2022-03-18,Lassen,035,31185,8952,8925,887,9812,63
2022-03-18,Los Angeles,037,10098052,2701826,2686759,124064,2810823,31133
2022-03-18,Madera,039,155013,37237,37273,6097,43370,354
2022-03-18,Marin,041,260295,33272,33163,2200,35363,272
2022-03-18,Mariposa,043,17540,2388,2378,200,2578,6
2022-03-18,Mendocino,045,87422,13015,13012,3028,16040,117
2022-03-18,Merced,047,269075,62042,61985,8645,70630,800
2022-03-18,Modoc,049,8938,735,734,250,984,7
2022-03-18,Mono,051,14174,2964,2961,122,3083,5
2022-03-18,Monterey,053,433212,79137,78483,13798,92281,720
2022-03-18,Napa,055,140530,25703,25654,956,26610,138
2022-03-18,Nevada,057,99092,15913,15960,1205,17165,123
2022-03-18,Orange,059,3164182,545181,543907,41397,585304,6817
2022-03-18,Placer,061,380077,62557,62483,7393,69876,605
2022-03-18,Plumas,063,18699,2965,2724,364,3088,13
2022-03-18,Riverside,065,2383286,590294,589017,28052,617069,6359
2022-03-18,Sacramento,067,1510023,280022,274855,27141,301996,2913
2022-03-18,San Benito,069,59416,12868,12859,513,13372,97
2022-03-18,San Bernardino,071,2135413,567391,559935,25040,584975,6778
2022-03-18,San Diego,073,3302833,748698,747344,52307,799651,5133
2022-03-18,San Francisco,075,870044,123388,123587,8258,131845,833
2022-03-18,San Joaquin,077,732212,165984,165765,10006,175771,2181
2022-03-18,San Luis Obispo,079,281455,52281,52174,3781,55955,463
2022-03-18,San Mateo,081,765935,120914,119782,6989,126771,667
2022-03-18,Santa Barbara,083,443738,85512,85336,4765,90101,671
2022-03-18,Santa Clara,085,1922200,309196,309918,12402,322320,2225
2022-03-18,Santa Cruz,087,273765,47551,47203,2119,49322,256
2022-03-18,Shasta,089,179085,30502,30495,6137,36632,525
2022-03-18,Sierra,091,2930,271,273,48,321,4
2022-03-18,Siskiyou,093,43540,4436,4422,2746,7168,76
2022-03-18,Solano,095,438530,81138,81340,5568,86908,441
2022-03-18,Sonoma,097,501317,83135,82838,2593,85431,472
2022-03-18,Stanislaus,099,539301,117190,118138,17556,135694,1568
2022-03-18,Sutter,101,95872,20437,20503,2098,22601,218
2022-03-18,Tehama,103,63373,12016,12007,2614,14621,160
2022-03-18,Trinity,105,12862,1182,1173,295,1468,20
2022-03-18,Tulare,107,460477,106347,104290,28489,132779,1384
2022-03-18,Tuolumne,109,53932,12619,12617,568,13185,180
2022-03-18,Ventura,111,848112,172734,172380,9432,181812,1451
2022-03-18,Yolo,113,214977,36840,36086,3207,39293,306
2022-03-18,Yuba,115,75493,15796,15768,1199,16967,117
2022-03-17,Alameda,001,1643700,254629,253936,13728,267664,1797
2022-03-17,Alpine,003,1148,122,122,1,123,0
2022-03-17,Amador,005,37829,8510,8456,650,9106,85
2022-03-17,Butte,007,227075,32925,32856,6643,39499,385
2022-03-17,Calaveras,009,45235,7241,7229,351,7580,119
2022-03-17,Colusa,011,21464,3434,3445,1072,4517,21
2022-03-17,Contra Costa,013,1133247,187723,187225,13169,200394,1276
2022-03-17,Del Norte,015,27424,5768,5815,195,6010,48
2022-03-17,El Dorado,017,186661,26620,26618,3232,29850,199
2022-03-17,Fresno,019,978130,230841,228965,23933,252898,2694
2022-03-17,Glenn,021,27897,4969,4971,1601,6572,44
2022-03-17,Humboldt,023,135768,16831,16901,2952,19853,138
2022-03-17,Imperial,025,180216,55282,55038,10799,65837,898
2022-03-17,Inyo,027,18085,4062,4061,482,4543,56
2022-03-17,Kern,029,883053,191515,190943,46230,237173,2184
2022-03-17,Kings,031,150075,51387,51334,3618,54952,441
2022-03-17,Lake,033,64148,10667,10641,894,11535,135
2022-03-17,Lassen,035,31185,8950,8925,887,9812,63
2022-03-17,Los Angeles,037,10098052,2701164,2686759,124027,2810786,31133
2022-03-17,Madera,039,155013,37233,37273,6096,43369,354
2022-03-17,Marin,041,260295,33260,33163,2199,35362,272
2022-03-17,Mariposa,043,17540,2388,2378,200,2578,6
2022-03-17,Mendocino,045,87422,13011,13012,3025,16037,117
2022-03-17,Merced,047,269075,62036,61985,8643,70628,800
2022-03-17,Modoc,049,8938,735,734,250,984,7
2022-03-17,Mono,051,14174,2964,2961,121,3082,5
2022-03-17,Monterey,053,433212,79114,78483,13792,92275,720
2022-03-17,Napa,055,140530,25698,25654,956,26610,138
2022-03-17,Nevada,057,99092,15910,15960,1205,17165,123
2022-03-17,Orange,059,3164182,545087,543907,41387,585294,6817
2022-03-17,Placer,061,380077,62542,62483,7391,69874,605
2022-03-17,Plumas,063,18699,2964,2724,364,3088,13
2022-03-17,Riverside,065,2383286,590214,589017,28045,617062,6359
2022-03-17,Sacramento,067,1510023,279956,274855,27133,301988,2913
2022-03-17,San Benito,069,59416,12867,12859,513,13372,97
2022-03-17,San Bernardino,071,2135413,567327,559935,25037,584972,6778
2022-03-17,San Diego,073,3302833,748522,747344,52293,799637,5133
2022-03-17,San Francisco,075,870044,123307,123587,8253,131840,833
2022-03-17,San Joaquin,077,732212,165964,165765,10004,175769,2181
2022-03-17,San Luis Obispo,079,281455,52267,52174,3779,55953,463
2022-03-17,San Mateo,081,765935,120867,119782,6985,126767,667
2022-03-17,Santa Barbara,083,443738,85496,85336,4765,90101,671
2022-03-17,Santa Clara,085,1922200,309075,309918,12397,322315,2225
2022-03-17,Santa Cruz,087,273765,47535,47203,2117,49320,256
2022-03-17,Shasta,089,179085,30498,30495,6135,36630,525
2022-03-17,Sierra,091,2930,271,273,48,321,4
2022-03-17,Siskiyou,093,43540,4435,4422,2746,7168,76
2022-03-17,Solano,095,438530,81109,81340,5565,86905,441
2022-03-17,Sonoma,097,501317,83105,82838,2591,85429,472
2022-03-17,Stanislaus,099,539301,117176,118138,17551,135689,1568
2022-03-17,Sutter,101,95872,20427,20503,2084,22587,218
2022-03-17,Tehama,103,63373,12016,12007,2613,14620,160
2022-03-17,Trinity,105,12862,1182,1173,295,1468,20
2022-03-17,Tulare,107,460477,106331,104290,28478,132768,1384
2022-03-17,Tuolumne,109,53932,12616,12617,567,13184,180
2022-03-17,Ventura,111,848112,172685,172380,9430,181810,1451
2022-03-17,Yolo,113,214977,36825,36086,3207,39293,306
2022-03-17,Yuba,115,75493,15794,15768,1198,16966,117
2022-03-16,Alameda,001,1643700,254529,253792,13724,267516,1794
2022-03-16,Alpine,003,1148,122,122,1,123,0
2022-03-16,Amador,005,37829,8502,8449,650,9099,85
2022-03-16,Butte,007,227075,32914,32837,6638,39475,385
2022-03-16,Calaveras,009,45235,7239,7229,351,7580,120
2022-03-16,Colusa,011,21464,3434,3445,1072,4517,22
2022-03-16,Contra Costa,013,1133247,187665,187100,13160,200260,1266
2022-03-16,Del Norte,015,27424,5767,5811,193,6004,48
2022-03-16,El Dorado,017,186661,26607,26602,3231,29833,199
2022-03-16,Fresno,019,978130,230794,228786,23922,252708,2689
2022-03-16,Glenn,021,27897,4969,4969,1600,6569,44
2022-03-16,Humboldt,023,135768,16828,16893,2952,19845,138
2022-03-16,Imperial,025,180216,55270,55002,10798,65800,897
2022-03-16,Inyo,027,18085,4061,4061,482,4543,56
2022-03-16,Kern,029,883053,191473,190835,46223,237058,2170
2022-03-16,Kings,031,150075,51372,51321,3618,54939,437
2022-03-16,Lake,033,64148,10665,10633,893,11526,133
2022-03-16,Lassen,035,31185,8947,8924,887,9811,62
2022-03-16,Los Angeles,037,10098052,2700536,2685789,123987,2809776,31102
2022-03-16,Madera,039,155013,37223,37262,6095,43357,354
2022-03-16,Marin,041,260295,33239,33136,2197,35333,272
2022-03-16,Mariposa,043,17540,2386,2376,200,2576,6
2022-03-16,Mendocino,045,87422,13008,13011,3024,16035,117
2022-03-16,Merced,047,269075,62021,61959,8637,70596,798
2022-03-16,Modoc,049,8938,734,734,250,984,7
2022-03-16,Mono,051,14174,2964,2960,121,3081,5
2022-03-16,Monterey,053,433212,79092,78416,13787,92203,720
2022-03-16,Napa,055,140530,25689,25638,955,26593,138
2022-03-16,Nevada,057,99092,15908,15960,1205,17165,123
2022-03-16,Orange,059,3164182,544964,543326,41363,584689,6791
2022-03-16,Placer,061,380077,62526,62435,7389,69824,605
2022-03-16,Plumas,063,18699,2964,2723,364,3087,13
2022-03-16,Riverside,065,2383286,590117,588761,28042,616803,6351
2022-03-16,Sacramento,067,1510023,279890,274709,27126,301835,2910
2022-03-16,San Benito,069,59416,12862,12854,513,13367,97
2022-03-16,San Bernardino,071,2135413,567247,559746,25030,584776,6775
2022-03-16,San Diego,073,3302833,748317,746970,52269,799239,5126
2022-03-16,San Francisco,075,870044,123207,123446,8245,131691,831
2022-03-16,San Joaquin,077,732212,165917,165703,10001,175704,2169
2022-03-16,San Luis Obispo,079,281455,52249,52132,3775,55907,462
2022-03-16,San Mateo,081,765935,120804,119680,6976,126656,660
2022-03-16,Santa Barbara,083,443738,85463,85322,4760,90082,670
2022-03-16,Santa Clara,085,1922200,308889,309689,12382,322071,2224
2022-03-16,Santa Cruz,087,273765,47506,47161,2117,49278,255
2022-03-16,Shasta,089,179085,30489,30489,6131,36620,527
2022-03-16,Sierra,091,2930,271,273,48,321,4
2022-03-16,Siskiyou,093,43540,4432,4419,2744,7163,76
2022-03-16,Solano,095,438530,81086,81277,5563,86840,440
2022-03-16,Sonoma,097,501317,83061,82791,2582,85373,472
2022-03-16,Stanislaus,099,539301,117150,118072,17549,135621,1567
2022-03-16,Sutter,101,95872,20425,20494,2083,22577,218
2022-03-16,Tehama,103,63373,12014,11999,2613,14612,160
2022-03-16,Trinity,105,12862,1182,1173,295,1468,20
2022-03-16,Tulare,107,460477,106317,104217,28472,132689,1377
2022-03-16,Tuolumne,109,53932,12611,12610,567,13177,180
2022-03-16,Ventura,111,848112,172644,172212,9426,181638,1451
2022-03-16,Yolo,113,214977,36802,36079,3204,39283,307
2022-03-16,Yuba,115,75493,15789,15758,1198,16956,117
2022-03-15,Alameda,001,1643700,254397,253694,13714,267408,1793
2022-03-15,Alpine,003,1148,122,122,1,123,0
2022-03-15,Amador,005,37829,8499,8448,650,9098,85
2022-03-15,Butte,007,227075,32901,32822,6636,39458,385
2022-03-15,Calaveras,009,45235,7237,7236,351,7587,118
2022-03-15,Colusa,011,21464,3434,3445,1072,4517,21
2022-03-15,Contra Costa,013,1133247,187584,187021,13151,200172,1265
2022-03-15,Del Norte,015,27424,5764,5806,190,5996,48
2022-03-15,El Dorado,017,186661,26604,26596,3230,29826,199
2022-03-15,Fresno,019,978130,230751,228631,23912,252543,2689
2022-03-15,Glenn,021,27897,4967,4966,1600,6566,44
2022-03-15,Humboldt,023,135768,16822,16889,2951,19840,138
2022-03-15,Imperial,025,180216,55260,54981,10794,65775,896
2022-03-15,Inyo,027,18085,4061,4062,481,4543,56
2022-03-15,Kern,029,883053,191444,190645,46213,236858,2168
2022-03-15,Kings,031,150075,51353,51317,3614,54931,437
2022-03-15,Lake,033,64148,10661,10631,893,11524,131
2022-03-15,Lassen,035,31185,8945,8926,886,9812,62
2022-03-15,Los Angeles,037,10098052,2699859,2685071,123927,2808998,31077
2022-03-15,Madera,039,155013,37214,37258,6094,43352,354
2022-03-15,Marin,041,260295,33216,33111,2196,35307,272
2022-03-15,Mariposa,043,17540,2384,2377,200,2577,6
2022-03-15,Mendocino,045,87422,13003,13005,3023,16028,117
2022-03-15,Merced,047,269075,62004,61916,8628,70544,798
2022-03-15,Modoc,049,8938,734,733,250,983,7
2022-03-15,Mono,051,14174,2964,2961,121,3082,5
2022-03-15,Monterey,053,433212,79062,78400,13779,92179,718
2022-03-15,Napa,055,140530,25681,25657,953,26610,138
2022-03-15,Nevada,057,99092,15906,15960,1203,17163,123
2022-03-15,Orange,059,3164182,544823,543197,41356,584553,6780
2022-03-15,Placer,061,380077,62509,62398,7385,69783,604
2022-03-15,Plumas,063,18699,2963,2722,364,3086,13
2022-03-15,Riverside,065,2383286,590016,588622,28034,616656,6333
2022-03-15,Sacramento,067,1510023,279805,274633,27119,301752,2907
2022-03-15,San Benito,069,59416,12858,12849,513,13362,95
2022-03-15,San Bernardino,071,2135413,567172,559605,25025,584630,6770
2022-03-15,San Diego,073,3302833,748073,746474,52247,798721,5116
2022-03-15,San Francisco,075,870044,123091,123526,8236,131762,831
2022-03-15,San Joaquin,077,732212,165874,165664,9995,175659,2161
2022-03-15,San Luis Obispo,079,281455,52239,52060,3771,55831,458
2022-03-15,San Mateo,081,765935,120753,119586,6970,126556,649
2022-03-15,Santa Barbara,083,443738,85438,85353,4756,90109,668
2022-03-15,Santa Clara,085,1922200,308728,309535,12370,321905,2224
2022-03-15,Santa Cruz,087,273765,47453,47117,2117,49234,255
2022-03-15,Shasta,089,179085,30480,30476,6128,36604,524
2022-03-15,Sierra,091,2930,271,273,48,321,4
2022-03-15,Siskiyou,093,43540,4432,4420,2744,7164,76
2022-03-15,Solano,095,438530,81051,81260,5562,86822,440
2022-03-15,Sonoma,097,501317,83020,82737,2582,85319,472
2022-03-15,Stanislaus,099,539301,117132,118085,17545,135630,1567
2022-03-15,Sutter,101,95872,20422,20480,2073,22553,217
2022-03-15,Tehama,103,63373,12011,11997,2612,14609,160
2022-03-15,Trinity,105,12862,1182,1173,295,1468,20
2022-03-15,Tulare,107,460477,106298,104153,28460,132613,1375
2022-03-15,Tuolumne,109,53932,12607,12602,567,13169,180
2022-03-15,Ventura,111,848112,172599,172150,9422,181572,1451
2022-03-15,Yolo,113,214977,36786,36079,3198,39277,308
2022-03-15,Yuba,115,75493,15781,15756,1198,16954,116
2022-03-14,Alameda,001,1643700,254283,253629,13709,267338,1791
2022-03-14,Alpine,003,1148,122,122,1,123,0
2022-03-14,Amador,005,37829,8494,8448,650,9098,85
2022-03-14,Butte,007,227075,32883,32812,6635,39447,385
2022-03-14,Calaveras,009,45235,7236,7245,351,7596,118
2022-03-14,Colusa,011,21464,3433,3445,1072,4517,21
2022-03-14,Contra Costa,013,1133247,187491,186969,13142,200111,1265
2022-03-14,Del Norte,015,27424,5758,5807,190,5997,48
2022-03-14,El Dorado,017,186661,26599,26570,3230,29800,199
2022-03-14,Fresno,019,978130,230677,228470,23902,252372,2682
2022-03-14,Glenn,021,27897,4965,4966,1599,6565,44
2022-03-14,Humboldt,023,135768,16815,16890,2949,19839,137
2022-03-14,Imperial,025,180216,55249,54933,10793,65726,897
2022-03-14,Inyo,027,18085,4061,4062,481,4543,56
2022-03-14,Kern,029,883053,191409,190526,46202,236728,2166
2022-03-14,Kings,031,150075,51335,51293,3613,54906,437
2022-03-14,Lake,033,64148,10658,10631,893,11524,131
2022-03-14,Lassen,035,31185,8945,8927,885,9812,62
2022-03-14,Los Angeles,037,10098052,2699228,2683369,123860,2807229,31034
2022-03-14,Madera,039,155013,37207,37255,6093,43348,354
2022-03-14,Marin,041,260295,33187,33099,2196,35295,272
2022-03-14,Mariposa,043,17540,2383,2376,200,2576,6
2022-03-14,Mendocino,045,87422,12998,12992,3016,16008,117
2022-03-14,Merced,047,269075,61985,61905,8626,70531,795
2022-03-14,Modoc,049,8938,733,731,250,981,7
2022-03-14,Mono,051,14174,2963,2961,121,3082,5
2022-03-14,Monterey,053,433212,79047,78376,13743,92119,718
2022-03-14,Napa,055,140530,25667,25649,953,26602,138
2022-03-14,Nevada,057,99092,15904,15954,1203,17157,123
2022-03-14,Orange,059,3164182,544685,543099,41348,584447,6775
2022-03-14,Placer,061,380077,62491,62389,7383,69772,601
2022-03-14,Plumas,063,18699,2963,2711,364,3075,13
2022-03-14,Riverside,065,2383286,589881,588531,28022,616553,6332
2022-03-14,Sacramento,067,1510023,279725,274682,27114,301796,2899
2022-03-14,San Benito,069,59416,12853,12846,512,13358,95
2022-03-14,San Bernardino,071,2135413,567085,559505,25020,584525,6767
2022-03-14,San Diego,073,3302833,747770,745515,52219,797734,5108
2022-03-14,San Francisco,075,870044,123000,123575,8230,131805,824
2022-03-14,San Joaquin,077,732212,165835,165662,9994,175656,2142
2022-03-14,San Luis Obispo,079,281455,52212,52046,3768,55814,458
2022-03-14,San Mateo,081,765935,120680,119564,6967,126531,649
2022-03-14,Santa Barbara,083,443738,85401,85396,4755,90151,667
2022-03-14,Santa Clara,085,1922200,308544,309600,12365,321965,2223
2022-03-14,Santa Cruz,087,273765,47415,47107,2114,49221,255
2022-03-14,Shasta,089,179085,30475,30462,6125,36587,520
2022-03-14,Sierra,091,2930,271,273,48,321,4
2022-03-14,Siskiyou,093,43540,4427,4419,2743,7162,76
2022-03-14,Solano,095,438530,81003,81233,5557,86790,440
2022-03-14,Sonoma,097,501317,82985,82731,2578,85309,473
2022-03-14,Stanislaus,099,539301,117096,118088,17541,135629,1567
2022-03-14,Sutter,101,95872,20415,20478,2073,22551,217
2022-03-14,Tehama,103,63373,12009,11996,2612,14608,160
2022-03-14,Trinity,105,12862,1182,1172,295,1467,20
2022-03-14,Tulare,107,460477,106269,104121,28452,132573,1365
2022-03-14,Tuolumne,109,53932,12606,12567,566,13133,180
2022-03-14,Ventura,111,848112,172546,172107,9420,181527,1442
2022-03-14,Yolo,113,214977,36770,36059,3196,39255,308
2022-03-14,Yuba,115,75493,15769,15748,1198,16946,116
2022-03-13,Alameda,001,1643700,254157,253547,13700,267247,1792
2022-03-13,Alpine,003,1148,122,122,1,123,0
2022-03-13,Amador,005,37829,8492,8444,650,9094,85
2022-03-13,Butte,007,227075,32863,32806,6631,39437,384
2022-03-13,Calaveras,009,45235,7231,7253,351,7604,118
2022-03-13,Colusa,011,21464,3433,3444,1070,4514,21
2022-03-13,Contra Costa,013,1133247,187396,186911,13127,200038,1265
2022-03-13,Del Norte,015,27424,5754,5808,190,5998,48
2022-03-13,El Dorado,017,186661,26594,26563,3229,29792,199
2022-03-13,Fresno,019,978130,230597,228421,23888,252309,2683
2022-03-13,Glenn,021,27897,4961,4966,1598,6564,44
2022-03-13,Humboldt,023,135768,16807,16883,2949,19832,137
2022-03-13,Imperial,025,180216,55238,54934,10791,65725,897
2022-03-13,Inyo,027,18085,4061,4062,480,4542,56
2022-03-13,Kern,029,883053,191355,190495,46188,236683,2166
2022-03-13,Kings,031,150075,51327,51273,3612,54885,437
2022-03-13,Lake,033,64148,10655,10626,893,11519,131
2022-03-13,Lassen,035,31185,8944,8929,884,9813,62
2022-03-13,Los Angeles,037,10098052,2698505,2683351,123816,2807167,31034
2022-03-13,Madera,039,155013,37199,37248,6093,43341,354
2022-03-13,Marin,041,260295,33163,33083,2194,35277,272
2022-03-13,Mariposa,043,17540,2381,2376,200,2576,6
2022-03-13,Mendocino,045,87422,12992,12987,3011,15998,117
2022-03-13,Merced,047,269075,61962,61895,8615,70510,795
2022-03-13,Modoc,049,8938,733,731,250,981,7
2022-03-13,Mono,051,14174,2963,2961,121,3082,5
2022-03-13,Monterey,053,433212,79011,78366,13693,92059,718
2022-03-13,Napa,055,140530,25653,25639,952,26591,138
2022-03-13,Nevada,057,99092,15897,15959,1203,17162,123
2022-03-13,Orange,059,3164182,544563,543036,41324,584360,6774
2022-03-13,Placer,061,380077,62464,62372,7380,69752,601
2022-03-13,Plumas,063,18699,2963,2711,364,3075,13
2022-03-13,Riverside,065,2383286,589748,588487,28016,616503,6332
2022-03-13,Sacramento,067,1510023,279626,274715,27102,301817,2899
2022-03-13,San Benito,069,59416,12847,12844,510,13354,95
2022-03-13,San Bernardino,071,2135413,566993,559450,25009,584459,6767
2022-03-13,San Diego,073,3302833,747428,745515,52185,797700,5108
2022-03-13,San Francisco,075,870044,122879,123622,8224,131846,824
2022-03-13,San Joaquin,077,732212,165786,165641,9992,175633,2142
2022-03-13,San Luis Obispo,079,281455,52182,52040,3765,55805,458
2022-03-13,San Mateo,081,765935,120602,119521,6958,126479,649
2022-03-13,Santa Barbara,083,443738,85361,85453,4753,90206,667
2022-03-13,Santa Clara,085,1922200,308373,309493,12356,321849,2225
2022-03-13,Santa Cruz,087,273765,47364,47087,2113,49200,255
2022-03-13,Shasta,089,179085,30458,30457,6123,36580,520
2022-03-13,Sierra,091,2930,271,273,48,321,4
2022-03-13,Siskiyou,093,43540,4427,4418,2743,7161,76
2022-03-13,Solano,095,438530,80968,81217,5553,86770,440
2022-03-13,Sonoma,097,501317,82950,82711,2575,85286,473
2022-03-13,Stanislaus,099,539301,117062,118075,17538,135613,1567
2022-03-13,Sutter,101,95872,20411,20474,2072,22546,217
2022-03-13,Tehama,103,63373,12008,11997,2611,14608,160
2022-03-13,Trinity,105,12862,1182,1172,295,1467,20
2022-03-13,Tulare,107,460477,106236,104119,28443,132562,1365
2022-03-13,Tuolumne,109,53932,12603,12565,566,13131,180
2022-03-13,Ventura,111,848112,172488,172080,9413,181493,1442
2022-03-13,Yolo,113,214977,36752,36019,3192,39211,308
2022-03-13,Yuba,115,75493,15764,15741,1198,16939,116
2022-03-12,Alameda,001,1643700,254090,253079,13695,266774,1783
2022-03-12,Alpine,003,1148,122,122,1,123,0
2022-03-12,Amador,005,37829,8488,8427,650,9077,84
2022-03-12,Butte,007,227075,32859,32774,6629,39403,380
2022-03-12,Calaveras,009,45235,7230,7253,351,7604,118
2022-03-12,Colusa,011,21464,3433,3440,1070,4510,21
2022-03-12,Contra Costa,013,1133247,187353,186618,13126,199744,1256
2022-03-12,Del Norte,015,27424,5753,5791,190,5981,48
2022-03-12,El Dorado,017,186661,26590,26538,3229,29767,199
2022-03-12,Fresno,019,978130,230575,228041,23888,251929,2653
2022-03-12,Glenn,021,27897,4961,4955,1598,6553,44
2022-03-12,Humboldt,023,135768,16803,16862,2948,19810,137
2022-03-12,Imperial,025,180216,55233,54837,10787,65624,896
2022-03-12,Inyo,027,18085,4061,4056,480,4536,56
2022-03-12,Kern,029,883053,191338,190330,46183,236513,2162
2022-03-12,Kings,031,150075,51321,51145,3612,54757,436
2022-03-12,Lake,033,64148,10653,10594,892,11486,131
2022-03-12,Lassen,035,31185,8943,8915,884,9799,62
2022-03-12,Los Angeles,037,10098052,2698178,2678858,123796,2802654,30901
2022-03-12,Madera,039,155013,37194,37223,6093,43316,354
2022-03-12,Marin,041,260295,33139,33015,2193,35208,272
2022-03-12,Mariposa,043,17540,2381,2372,200,2572,6
2022-03-12,Mendocino,045,87422,12988,12965,3011,15976,117
2022-03-12,Merced,047,269075,61955,61840,8614,70454,795
2022-03-12,Modoc,049,8938,733,730,250,980,7
2022-03-12,Mono,051,14174,2963,2960,120,3080,5
2022-03-12,Monterey,053,433212,79004,78285,13691,91976,716
2022-03-12,Napa,055,140530,25643,25584,951,26535,138
2022-03-12,Nevada,057,99092,15891,15947,1203,17150,123
2022-03-12,Orange,059,3164182,544497,542354,41315,583669,6718
2022-03-12,Placer,061,380077,62455,62282,7380,69662,598
2022-03-12,Plumas,063,18699,2963,2707,364,3071,13
2022-03-12,Riverside,065,2383286,589683,588022,28011,616033,6317
2022-03-12,Sacramento,067,1510023,279587,274519,27098,301617,2886
2022-03-12,San Benito,069,59416,12844,12868,510,13378,95
2022-03-12,San Bernardino,071,2135413,566949,559013,25008,584021,6734
2022-03-12,San Diego,073,3302833,747306,744386,52163,796549,5090
2022-03-12,San Francisco,075,870044,122814,123610,8218,131828,823
2022-03-12,San Joaquin,077,732212,165769,165516,9989,175505,2117
2022-03-12,San Luis Obispo,079,281455,52173,51947,3762,55709,457
2022-03-12,San Mateo,081,765935,120566,119288,6957,126245,641
2022-03-12,Santa Barbara,083,443738,85342,85421,4753,90174,664
2022-03-12,Santa Clara,085,1922200,308275,308989,12350,321339,2208
2022-03-12,Santa Cruz,087,273765,47351,46982,2112,49094,254
2022-03-12,Shasta,089,179085,30446,30419,6121,36540,517
2022-03-12,Sierra,091,2930,271,273,48,321,4
2022-03-12,Siskiyou,093,43540,4427,4405,2743,7148,75
2022-03-12,Solano,095,438530,80954,81058,5553,86611,436
2022-03-12,Sonoma,097,501317,82933,82622,2573,85195,473
2022-03-12,Stanislaus,099,539301,117048,117884,17537,135421,1564
2022-03-12,Sutter,101,95872,20410,20429,2072,22501,217
2022-03-12,Tehama,103,63373,12008,11983,2611,14594,159
2022-03-12,Trinity,105,12862,1181,1172,295,1467,20
2022-03-12,Tulare,107,460477,106231,103994,28437,132431,1358
2022-03-12,Tuolumne,109,53932,12602,12476,566,13042,180
2022-03-12,Ventura,111,848112,172463,171932,9411,181343,1442
2022-03-12,Yolo,113,214977,36745,35982,3190,39172,308
2022-03-12,Yuba,115,75493,15764,15722,1198,16920,116
2022-03-11,Alameda,001,1643700,254025,253079,13695,266774,1783
2022-03-11,Alpine,003,1148,122,122,1,123,0
2022-03-11,Amador,005,37829,8486,8427,650,9077,84
2022-03-11,Butte,007,227075,32855,32774,6628,39402,380
2022-03-11,Calaveras,009,45235,7230,7253,351,7604,118
2022-03-11,Colusa,011,21464,3433,3440,1070,4510,21
2022-03-11,Contra Costa,013,1133247,187305,186618,13124,199742,1256
2022-03-11,Del Norte,015,27424,5749,5791,190,5981,48
2022-03-11,El Dorado,017,186661,26586,26538,3229,29767,199
2022-03-11,Fresno,019,978130,230519,228041,23884,251925,2653
2022-03-11,Glenn,021,27897,4961,4955,1598,6553,44
2022-03-11,Humboldt,023,135768,16798,16862,2946,19808,137
2022-03-11,Imperial,025,180216,55227,54837,10786,65623,896
2022-03-11,Inyo,027,18085,4061,4056,480,4536,56
2022-03-11,Kern,029,883053,191317,190330,46178,236508,2162
2022-03-11,Kings,031,150075,51301,51145,3612,54757,436
2022-03-11,Lake,033,64148,10649,10594,892,11486,131
2022-03-11,Lassen,035,31185,8942,8915,884,9799,62
2022-03-11,Los Angeles,037,10098052,2697858,2678858,123771,2802629,30901
2022-03-11,Madera,039,155013,37189,37223,6093,43316,354
2022-03-11,Marin,041,260295,33123,33015,2192,35207,272
2022-03-11,Mariposa,043,17540,2380,2372,200,2572,6
2022-03-11,Mendocino,045,87422,12982,12965,3011,15976,117
2022-03-11,Merced,047,269075,61945,61840,8612,70452,795
2022-03-11,Modoc,049,8938,733,730,250,980,7
2022-03-11,Mono,051,14174,2962,2960,120,3080,5
2022-03-11,Monterey,053,433212,78991,78285,13685,91970,716
2022-03-11,Napa,055,140530,25632,25584,951,26535,138
2022-03-11,Nevada,057,99092,15888,15947,1203,17150,123
2022-03-11,Orange,059,3164182,544427,542354,41301,583655,6718
2022-03-11,Placer,061,380077,62444,62282,7379,69661,598
2022-03-11,Plumas,063,18699,2961,2707,364,3071,13
2022-03-11,Riverside,065,2383286,589605,588022,28007,616029,6317
2022-03-11,Sacramento,067,1510023,279519,274519,27095,301614,2886
2022-03-11,San Benito,069,59416,12843,12868,510,13378,95
2022-03-11,San Bernardino,071,2135413,566892,559013,25002,584015,6734
2022-03-11,San Diego,073,3302833,747140,744386,52149,796535,5090
2022-03-11,San Francisco,075,870044,122763,123610,8214,131824,823
2022-03-11,San Joaquin,077,732212,165735,165516,9986,175502,2117
2022-03-11,San Luis Obispo,079,281455,52165,51947,3761,55708,457
2022-03-11,San Mateo,081,765935,120517,119288,6954,126242,641
2022-03-11,Santa Barbara,083,443738,85322,85421,4752,90173,664
2022-03-11,Santa Clara,085,1922200,308175,308989,12346,321335,2208
2022-03-11,Santa Cruz,087,273765,47336,46982,2112,49094,254
2022-03-11,Shasta,089,179085,30441,30419,6118,36537,517
2022-03-11,Sierra,091,2930,271,273,48,321,4
2022-03-11,Siskiyou,093,43540,4425,4405,2741,7146,75
2022-03-11,Solano,095,438530,80940,81058,5552,86610,436
2022-03-11,Sonoma,097,501317,82908,82622,2571,85193,473
2022-03-11,Stanislaus,099,539301,117034,117884,17536,135420,1564
2022-03-11,Sutter,101,95872,20408,20429,2072,22501,217
2022-03-11,Tehama,103,63373,12006,11983,2611,14594,159
2022-03-11,Trinity,105,12862,1181,1172,295,1467,20
2022-03-11,Tulare,107,460477,106217,103994,28431,132425,1358
2022-03-11,Tuolumne,109,53932,12600,12476,566,13042,180
2022-03-11,Ventura,111,848112,172427,171932,9406,181338,1442
2022-03-11,Yolo,113,214977,36734,35982,3190,39172,308
2022-03-11,Yuba,115,75493,15761,15722,1198,16920,116
2022-03-10,Alameda,001,1643700,253914,253079,13688,266767,1783
2022-03-10,Alpine,003,1148,122,122,1,123,0
2022-03-10,Amador,005,37829,8485,8427,650,9077,84
2022-03-10,Butte,007,227075,32841,32774,6626,39400,380
2022-03-10,Calaveras,009,45235,7229,7253,350,7603,118
2022-03-10,Colusa,011,21464,3433,3440,1070,4510,21
2022-03-10,Contra Costa,013,1133247,187221,186618,13114,199732,1256
2022-03-10,Del Norte,015,27424,5740,5791,190,5981,48
2022-03-10,El Dorado,017,186661,26574,26538,3228,29766,199
2022-03-10,Fresno,019,978130,230445,228041,23874,251915,2653
2022-03-10,Glenn,021,27897,4959,4955,1598,6553,44
2022-03-10,Humboldt,023,135768,16789,16862,2945,19807,137
2022-03-10,Imperial,025,180216,55217,54837,10785,65622,896
2022-03-10,Inyo,027,18085,4060,4056,480,4536,56
2022-03-10,Kern,029,883053,191284,190330,46163,236493,2162
2022-03-10,Kings,031,150075,51272,51145,3611,54756,436
2022-03-10,Lake,033,64148,10639,10594,891,11485,131
2022-03-10,Lassen,035,31185,8942,8915,884,9799,62
2022-03-10,Los Angeles,037,10098052,2697304,2678858,123732,2802590,30901
2022-03-10,Madera,039,155013,37183,37223,6086,43309,354
2022-03-10,Marin,041,260295,33110,33015,2188,35203,272
2022-03-10,Mariposa,043,17540,2380,2372,200,2572,6
2022-03-10,Mendocino,045,87422,12978,12965,3011,15976,117
2022-03-10,Merced,047,269075,61929,61840,8606,70446,795
2022-03-10,Modoc,049,8938,732,730,250,980,7
2022-03-10,Mono,051,14174,2962,2960,120,3080,5
2022-03-10,Monterey,053,433212,78968,78285,13659,91944,716
2022-03-10,Napa,055,140530,25623,25584,950,26534,138
2022-03-10,Nevada,057,99092,15881,15947,1203,17150,123
2022-03-10,Orange,059,3164182,544302,542354,41284,583638,6718
2022-03-10,Placer,061,380077,62422,62282,7373,69655,598
2022-03-10,Plumas,063,18699,2960,2707,364,3071,13
2022-03-10,Riverside,065,2383286,589490,588022,28000,616022,6317
2022-03-10,Sacramento,067,1510023,279442,274519,27089,301608,2886
2022-03-10,San Benito,069,59416,12842,12868,509,13377,95
2022-03-10,San Bernardino,071,2135413,566819,559013,24995,584008,6734
2022-03-10,San Diego,073,3302833,746884,744386,52118,796504,5090
2022-03-10,San Francisco,075,870044,122695,123610,8207,131817,823
2022-03-10,San Joaquin,077,732212,165704,165516,9984,175500,2117
2022-03-10,San Luis Obispo,079,281455,52142,51947,3758,55705,457
2022-03-10,San Mateo,081,765935,120454,119288,6951,126239,641
2022-03-10,Santa Barbara,083,443738,85289,85421,4751,90172,664
2022-03-10,Santa Clara,085,1922200,308049,308989,12337,321326,2208
2022-03-10,Santa Cruz,087,273765,47304,46982,2112,49094,254
2022-03-10,Shasta,089,179085,30432,30419,6116,36535,517
2022-03-10,Sierra,091,2930,271,273,48,321,4
2022-03-10,Siskiyou,093,43540,4425,4405,2741,7146,75
2022-03-10,Solano,095,438530,80904,81058,5547,86605,436
2022-03-10,Sonoma,097,501317,82881,82622,2571,85193,473
2022-03-10,Stanislaus,099,539301,116998,117884,17534,135418,1564
2022-03-10,Sutter,101,95872,20404,20429,2072,22501,217
2022-03-10,Tehama,103,63373,12005,11983,2611,14594,159
2022-03-10,Trinity,105,12862,1181,1172,295,1467,20
2022-03-10,Tulare,107,460477,106198,103994,28425,132419,1358
2022-03-10,Tuolumne,109,53932,12597,12476,566,13042,180
2022-03-10,Ventura,111,848112,172386,171932,9403,181335,1442
2022-03-10,Yolo,113,214977,36721,35982,3189,39171,308
2022-03-10,Yuba,115,75493,15751,15722,1197,16919,116
2022-03-09,Alameda,001,1643700,253792,252893,13681,266574,1781
2022-03-09,Alpine,003,1148,122,125,1,126,0
2022-03-09,Amador,005,37829,8479,8409,650,9059,84
2022-03-09,Butte,007,227075,32832,32767,6621,39388,380
2022-03-09,Calaveras,009,45235,7227,7249,350,7599,117
2022-03-09,Colusa,011,21464,3432,3439,1070,4509,21
2022-03-09,Contra Costa,013,1133247,187126,186483,13098,199581,1256
2022-03-09,Del Norte,015,27424,5736,5765,190,5955,48
2022-03-09,El Dorado,017,186661,26569,26515,3228,29743,198
2022-03-09,Fresno,019,978130,230347,227885,23866,251751,2653
2022-03-09,Glenn,021,27897,4957,4953,1597,6550,44
2022-03-09,Humboldt,023,135768,16784,16854,2942,19796,137
2022-03-09,Imperial,025,180216,55212,54764,10783,65547,894
2022-03-09,Inyo,027,18085,4060,4056,480,4536,56
2022-03-09,Kern,029,883053,191236,190254,46150,236404,2159
2022-03-09,Kings,031,150075,51251,51122,3611,54733,435
2022-03-09,Lake,033,64148,10632,10586,891,11477,130
2022-03-09,Lassen,035,31185,8942,8901,884,9785,62
2022-03-09,Los Angeles,037,10098052,2696656,2677901,123693,2801594,30842
2022-03-09,Madera,039,155013,37176,37207,6085,43292,354
2022-03-09,Marin,041,260295,33092,32967,2188,35155,272
2022-03-09,Mariposa,043,17540,2377,2372,200,2572,6
2022-03-09,Mendocino,045,87422,12974,12957,3006,15963,117
2022-03-09,Merced,047,269075,61914,61792,8600,70392,792
2022-03-09,Modoc,049,8938,731,730,249,979,7
2022-03-09,Mono,051,14174,2962,2962,120,3082,5
2022-03-09,Monterey,053,433212,78944,78258,13612,91870,716
2022-03-09,Napa,055,140530,25602,25561,949,26510,138
2022-03-09,Nevada,057,99092,15872,15938,1202,17140,123
2022-03-09,Orange,059,3164182,544170,542278,41271,583549,6700
2022-03-09,Placer,061,380077,62400,62242,7369,69611,598
2022-03-09,Plumas,063,18699,2959,2708,364,3072,13
2022-03-09,Riverside,065,2383286,589393,587833,27990,615823,6305
2022-03-09,Sacramento,067,1510023,279357,274373,27072,301445,2877
2022-03-09,San Benito,069,59416,12839,12864,509,13373,95
2022-03-09,San Bernardino,071,2135413,566725,558795,24983,583778,6723
2022-03-09,San Diego,073,3302833,746613,743956,52091,796047,5083
2022-03-09,San Francisco,075,870044,122605,123676,8203,131879,812
2022-03-09,San Joaquin,077,732212,165664,165444,9978,175422,2113
2022-03-09,San Luis Obispo,079,281455,52123,51923,3755,55678,457
2022-03-09,San Mateo,081,765935,120396,119194,6939,126133,639
2022-03-09,Santa Barbara,083,443738,85273,85382,4749,90131,661
2022-03-09,Santa Clara,085,1922200,307912,308765,12326,321091,2206
2022-03-09,Santa Cruz,087,273765,47263,46917,2111,49028,254
2022-03-09,Shasta,089,179085,30410,30407,6115,36522,493
2022-03-09,Sierra,091,2930,271,273,48,321,4
2022-03-09,Siskiyou,093,43540,4423,4403,2740,7143,75
2022-03-09,Solano,095,438530,80868,80984,5545,86529,436
2022-03-09,Sonoma,097,501317,82848,82574,2569,85143,473
2022-03-09,Stanislaus,099,539301,116961,117827,17529,135356,1541
2022-03-09,Sutter,101,95872,20393,20409,2068,22477,217
2022-03-09,Tehama,103,63373,12001,11980,2611,14591,159
2022-03-09,Trinity,105,12862,1181,1174,295,1469,20
2022-03-09,Tulare,107,460477,106170,103932,28410,132342,1350
2022-03-09,Tuolumne,109,53932,12595,12444,566,13010,180
2022-03-09,Ventura,111,848112,172336,171852,9400,181252,1448
2022-03-09,Yolo,113,214977,36702,35973,3174,39147,308
2022-03-09,Yuba,115,75493,15746,15714,1196,16910,115
2022-03-08,Alameda,001,1643700,253638,252744,13669,266413,1769
2022-03-08,Alpine,003,1148,122,125,1,126,0
2022-03-08,Amador,005,37829,8465,8407,650,9057,84
2022-03-08,Butte,007,227075,32819,32759,6616,39375,380
2022-03-08,Calaveras,009,45235,7223,7245,350,7595,117
2022-03-08,Colusa,011,21464,3429,3439,1069,4508,21
2022-03-08,Contra Costa,013,1133247,187040,186396,13084,199480,1256
2022-03-08,Del Norte,015,27424,5731,5763,190,5953,48
2022-03-08,El Dorado,017,186661,26559,26503,3221,29724,197
2022-03-08,Fresno,019,978130,230248,227808,23857,251665,2653
2022-03-08,Glenn,021,27897,4956,4944,1596,6540,43
2022-03-08,Humboldt,023,135768,16772,16837,2929,19766,137
2022-03-08,Imperial,025,180216,55197,54721,10781,65502,890
2022-03-08,Inyo,027,18085,4057,4056,480,4536,56
2022-03-08,Kern,029,883053,191172,190208,46135,236343,2154
2022-03-08,Kings,031,150075,51209,51089,3608,54697,434
2022-03-08,Lake,033,64148,10622,10571,891,11462,130
2022-03-08,Lassen,035,31185,8941,8897,884,9781,62
2022-03-08,Los Angeles,037,10098052,2695962,2677166,123654,2800820,30803
2022-03-08,Madera,039,155013,37166,37185,6084,43269,354
2022-03-08,Marin,041,260295,33055,32943,2187,35130,272
2022-03-08,Mariposa,043,17540,2375,2371,200,2571,6
2022-03-08,Mendocino,045,87422,12970,12950,3005,15955,117
2022-03-08,Merced,047,269075,61894,61767,8589,70356,791
2022-03-08,Modoc,049,8938,730,729,249,978,7
2022-03-08,Mono,051,14174,2961,2961,120,3081,5
2022-03-08,Monterey,053,433212,78924,78247,13573,91820,711
2022-03-08,Napa,055,140530,25576,25528,948,26476,137
2022-03-08,Nevada,057,99092,15861,15939,1201,17140,122
2022-03-08,Orange,059,3164182,544020,542164,41250,583414,6692
2022-03-08,Placer,061,380077,62373,62221,7368,69589,594
2022-03-08,Plumas,063,18699,2959,2703,364,3067,13
2022-03-08,Riverside,065,2383286,589283,587686,27982,615668,6294
2022-03-08,Sacramento,067,1510023,279263,274276,27053,301329,2872
2022-03-08,San Benito,069,59416,12837,12855,509,13364,94
2022-03-08,San Bernardino,071,2135413,566632,558512,24973,583485,6715
2022-03-08,San Diego,073,3302833,746268,743604,52074,795678,5077
2022-03-08,San Francisco,075,870044,122516,123675,8198,131873,807
2022-03-08,San Joaquin,077,732212,165629,165381,9974,175355,2104
2022-03-08,San Luis Obispo,079,281455,52097,51900,3752,55652,451
2022-03-08,San Mateo,081,765935,120315,119103,6929,126032,638
2022-03-08,Santa Barbara,083,443738,85241,85363,4749,90112,659
2022-03-08,Santa Clara,085,1922200,307703,308528,12317,320845,2206
2022-03-08,Santa Cruz,087,273765,47227,46875,2110,48985,254
2022-03-08,Shasta,089,179085,30391,30372,6112,36484,493
2022-03-08,Sierra,091,2930,271,273,48,321,4
2022-03-08,Siskiyou,093,43540,4419,4404,2740,7144,74
2022-03-08,Solano,095,438530,80840,80924,5541,86465,434
2022-03-08,Sonoma,097,501317,82800,82571,2568,85139,473
2022-03-08,Stanislaus,099,539301,116917,117782,17520,135302,1541
2022-03-08,Sutter,101,95872,20385,20403,2068,22471,217
2022-03-08,Tehama,103,63373,11997,11972,2610,14582,158
2022-03-08,Trinity,105,12862,1181,1174,295,1469,20
2022-03-08,Tulare,107,460477,106131,103893,28398,132291,1334
2022-03-08,Tuolumne,109,53932,12590,12427,564,12991,180
2022-03-08,Ventura,111,848112,172272,171806,9393,181199,1447
2022-03-08,Yolo,113,214977,36676,35946,3173,39119,306
2022-03-08,Yuba,115,75493,15740,15705,1195,16900,115
2022-03-07,Alameda,001,1643700,253434,252578,13654,266232,1766
2022-03-07,Alpine,003,1148,122,125,1,126,0
2022-03-07,Amador,005,37829,8462,8368,650,9018,84
2022-03-07,Butte,007,227075,32804,32734,6613,39347,378
2022-03-07,Calaveras,009,45235,7219,7242,350,7592,116
2022-03-07,Colusa,011,21464,3427,3437,1069,4506,21
2022-03-07,Contra Costa,013,1133247,186941,186087,13060,199147,1256
2022-03-07,Del Norte,015,27424,5727,5758,190,5948,48
2022-03-07,El Dorado,017,186661,26553,26487,3220,29707,196
2022-03-07,Fresno,019,978130,230158,227670,23833,251503,2653
2022-03-07,Glenn,021,27897,4950,4939,1596,6535,43
2022-03-07,Humboldt,023,135768,16759,16829,2924,19753,137
2022-03-07,Imperial,025,180216,55175,54712,10776,65488,890
2022-03-07,Inyo,027,18085,4055,4054,480,4534,56
2022-03-07,Kern,029,883053,191114,190163,46110,236273,2152
2022-03-07,Kings,031,150075,51179,51065,3602,54667,433
2022-03-07,Lake,033,64148,10610,10562,890,11452,130
2022-03-07,Lassen,035,31185,8940,8896,884,9780,62
2022-03-07,Los Angeles,037,10098052,2695150,2675497,123614,2799111,30759
2022-03-07,Madera,039,155013,37156,37164,6081,43245,354
2022-03-07,Marin,041,260295,33017,32919,2184,35103,272
2022-03-07,Mariposa,043,17540,2374,2369,200,2569,6
2022-03-07,Mendocino,045,87422,12963,12940,3004,15944,117
2022-03-07,Merced,047,269075,61854,61751,8582,70333,791
2022-03-07,Modoc,049,8938,730,729,249,978,7
2022-03-07,Mono,051,14174,2961,2960,120,3080,5
2022-03-07,Monterey,053,433212,78890,78161,13524,91685,706
2022-03-07,Napa,055,140530,25546,25500,948,26448,136
2022-03-07,Nevada,057,99092,15854,15935,1195,17130,122
2022-03-07,Orange,059,3164182,543845,542028,41224,583252,6687
2022-03-07,Placer,061,380077,62344,62215,7366,69581,591
2022-03-07,Plumas,063,18699,2959,2702,364,3066,13
2022-03-07,Riverside,065,2383286,589152,587537,27974,615511,6279
2022-03-07,Sacramento,067,1510023,279162,274079,27040,301119,2866
2022-03-07,San Benito,069,59416,12831,12843,509,13352,94
2022-03-07,San Bernardino,071,2135413,566528,558265,24961,583226,6703
2022-03-07,San Diego,073,3302833,745926,742287,52031,794318,5068
2022-03-07,San Francisco,075,870044,122413,123655,8192,131847,807
2022-03-07,San Joaquin,077,732212,165578,165343,9966,175309,2091
2022-03-07,San Luis Obispo,079,281455,52055,51874,3747,55621,448
2022-03-07,San Mateo,081,765935,120239,119035,6922,125957,630
2022-03-07,Santa Barbara,083,443738,85203,85345,4748,90093,659
2022-03-07,Santa Clara,085,1922200,307516,308517,12311,320828,2202
2022-03-07,Santa Cruz,087,273765,47177,46823,2109,48932,254
2022-03-07,Shasta,089,179085,30378,30352,6109,36461,493
2022-03-07,Sierra,091,2930,271,273,48,321,4
2022-03-07,Siskiyou,093,43540,4415,4398,2739,7137,74
2022-03-07,Solano,095,438530,80783,80886,5539,86425,435
2022-03-07,Sonoma,097,501317,82757,82530,2567,85097,473
2022-03-07,Stanislaus,099,539301,116878,117713,17512,135225,1537
2022-03-07,Sutter,101,95872,20374,20400,2067,22467,217
2022-03-07,Tehama,103,63373,11991,11966,2607,14573,158
2022-03-07,Trinity,105,12862,1179,1173,295,1468,20
2022-03-07,Tulare,107,460477,106094,103834,28388,132222,1316
2022-03-07,Tuolumne,109,53932,12584,12408,563,12971,179
2022-03-07,Ventura,111,848112,172221,171886,9391,181277,1436
2022-03-07,Yolo,113,214977,36653,35934,3167,39101,306
2022-03-07,Yuba,115,75493,15733,15701,1194,16895,115
2022-03-06,Alameda,001,1643700,253247,252460,13645,266105,1766
2022-03-06,Alpine,003,1148,122,125,1,126,0
2022-03-06,Amador,005,37829,8459,8367,648,9015,84
2022-03-06,Butte,007,227075,32794,32714,6609,39323,376
2022-03-06,Calaveras,009,45235,7217,7236,349,7585,116
2022-03-06,Colusa,011,21464,3427,3435,1068,4503,21
2022-03-06,Contra Costa,013,1133247,186827,185974,13035,199009,1256
2022-03-06,Del Norte,015,27424,5711,5744,188,5932,48
2022-03-06,El Dorado,017,186661,26544,26478,3218,29696,196
2022-03-06,Fresno,019,978130,230014,227514,23822,251336,2653
2022-03-06,Glenn,021,27897,4946,4939,1596,6535,43
2022-03-06,Humboldt,023,135768,16748,16813,2921,19734,137
2022-03-06,Imperial,025,180216,55157,54719,10764,65483,890
2022-03-06,Inyo,027,18085,4053,4053,480,4533,56
2022-03-06,Kern,029,883053,191059,190088,46088,236176,2152
2022-03-06,Kings,031,150075,51110,51050,3599,54649,432
2022-03-06,Lake,033,64148,10596,10539,889,11428,130
2022-03-06,Lassen,035,31185,8927,8887,883,9770,62
2022-03-06,Los Angeles,037,10098052,2694217,2675456,123557,2799013,30759
2022-03-06,Madera,039,155013,37127,37135,6073,43208,354
2022-03-06,Marin,041,260295,32991,32879,2183,35062,272
2022-03-06,Mariposa,043,17540,2373,2365,199,2564,6
2022-03-06,Mendocino,045,87422,12951,12923,3000,15923,116
2022-03-06,Merced,047,269075,61822,61722,8565,70287,791
2022-03-06,Modoc,049,8938,730,729,249,978,7
2022-03-06,Mono,051,14174,2961,2959,120,3079,5
2022-03-06,Monterey,053,433212,78844,78154,13492,91646,706
2022-03-06,Napa,055,140530,25511,25457,946,26403,136
2022-03-06,Nevada,057,99092,15843,15924,1194,17118,122
2022-03-06,Orange,059,3164182,543686,541903,41176,583079,6688
2022-03-06,Placer,061,380077,62311,62185,7362,69547,591
2022-03-06,Plumas,063,18699,2954,2704,364,3068,13
2022-03-06,Riverside,065,2383286,588990,587388,27953,615341,6279
2022-03-06,Sacramento,067,1510023,279027,273935,27016,300951,2869
2022-03-06,San Benito,069,59416,12820,12835,508,13343,94
2022-03-06,San Bernardino,071,2135413,566405,558139,24947,583086,6701
2022-03-06,San Diego,073,3302833,745532,742287,51982,794269,5068
2022-03-06,San Francisco,075,870044,122292,123742,8189,131931,806
2022-03-06,San Joaquin,077,732212,165496,165252,9960,175212,2091
2022-03-06,San Luis Obispo,079,281455,52017,51828,3744,55572,448
2022-03-06,San Mateo,081,765935,120156,118916,6913,125829,630
2022-03-06,Santa Barbara,083,443738,85163,85317,4743,90060,659
2022-03-06,Santa Clara,085,1922200,307257,308250,12309,320559,2201
2022-03-06,Santa Cruz,087,273765,47126,46755,2108,48863,254
2022-03-06,Shasta,089,179085,30355,30332,6092,36424,493
2022-03-06,Sierra,091,2930,271,273,48,321,4
2022-03-06,Siskiyou,093,43540,4411,4398,2737,7135,74
2022-03-06,Solano,095,438530,80727,80833,5533,86366,435
2022-03-06,Sonoma,097,501317,82722,82458,2562,85020,473
2022-03-06,Stanislaus,099,539301,116832,117680,17502,135182,1536
2022-03-06,Sutter,101,95872,20363,20390,2063,22453,217
2022-03-06,Tehama,103,63373,11983,11963,2607,14570,158
2022-03-06,Trinity,105,12862,1179,1172,294,1466,20
2022-03-06,Tulare,107,460477,106036,103794,28373,132167,1316
2022-03-06,Tuolumne,109,53932,12578,12379,561,12940,179
2022-03-06,Ventura,111,848112,172152,171819,9389,181208,1436
2022-03-06,Yolo,113,214977,36627,35882,3163,39045,306
2022-03-06,Yuba,115,75493,15729,15694,1193,16887,115
2022-03-05,Alameda,001,1643700,253132,251988,13640,265628,1760
2022-03-05,Alpine,003,1148,122,125,1,126,0
2022-03-05,Amador,005,37829,8456,8344,648,8992,83
2022-03-05,Butte,007,227075,32787,32663,6604,39267,372
2022-03-05,Calaveras,009,45235,7214,7236,349,7585,116
2022-03-05,Colusa,011,21464,3427,3433,1068,4501,21
2022-03-05,Contra Costa,013,1133247,186764,185734,13029,198763,1235
2022-03-05,Del Norte,015,27424,5708,5725,188,5913,48
2022-03-05,El Dorado,017,186661,26538,26446,3215,29661,193
2022-03-05,Fresno,019,978130,229962,227154,23820,250974,2640
2022-03-05,Glenn,021,27897,4944,4927,1596,6523,43
2022-03-05,Humboldt,023,135768,16742,16781,2919,19700,136
2022-03-05,Imperial,025,180216,55147,54650,10762,65412,880
2022-03-05,Inyo,027,18085,4052,4043,479,4522,56
2022-03-05,Kern,029,883053,191027,189817,46070,235887,2141
2022-03-05,Kings,031,150075,51103,50926,3597,54523,431
2022-03-05,Lake,033,64148,10588,10512,888,11400,130
2022-03-05,Lassen,035,31185,8918,8818,883,9701,62
2022-03-05,Los Angeles,037,10098052,2693860,2671564,123520,2795084,30608
2022-03-05,Madera,039,155013,37112,37100,6073,43173,354
2022-03-05,Marin,041,260295,32979,32829,2183,35012,272
2022-03-05,Mariposa,043,17540,2373,2363,199,2562,6
2022-03-05,Mendocino,045,87422,12948,12845,2999,15844,113
2022-03-05,Merced,047,269075,61812,61653,8565,70218,789
2022-03-05,Modoc,049,8938,730,729,249,978,7
2022-03-05,Mono,051,14174,2961,2961,120,3081,5
2022-03-05,Monterey,053,433212,78825,78028,13485,91513,704
2022-03-05,Napa,055,140530,25493,25405,946,26351,134
2022-03-05,Nevada,057,99092,15839,15907,1194,17101,122
2022-03-05,Orange,059,3164182,543561,541463,41165,582628,6638
2022-03-05,Placer,061,380077,62297,62117,7355,69472,591
2022-03-05,Plumas,063,18699,2953,2701,364,3065,13
2022-03-05,Riverside,065,2383286,588899,586785,27949,614734,6239
2022-03-05,Sacramento,067,1510023,278963,273487,27011,300498,2847
2022-03-05,San Benito,069,59416,12818,12820,508,13328,94
2022-03-05,San Bernardino,071,2135413,566347,557421,24941,582362,6641
2022-03-05,San Diego,073,3302833,745344,740747,51971,792718,5045
2022-03-05,San Francisco,075,870044,122228,123537,8184,131721,798
2022-03-05,San Joaquin,077,732212,165455,165085,9951,175036,2069
2022-03-05,San Luis Obispo,079,281455,52009,51739,3742,55481,446
2022-03-05,San Mateo,081,765935,120101,118646,6910,125556,621
2022-03-05,Santa Barbara,083,443738,85148,85249,4743,89992,655
2022-03-05,Santa Clara,085,1922200,307139,307689,12306,319995,2195
2022-03-05,Santa Cruz,087,273765,47106,46622,2108,48730,253
2022-03-05,Shasta,089,179085,30343,30282,6091,36373,492
2022-03-05,Sierra,091,2930,271,273,47,320,4
2022-03-05,Siskiyou,093,43540,4410,4389,2736,7125,74
2022-03-05,Solano,095,438530,80710,80690,5533,86223,435
2022-03-05,Sonoma,097,501317,82700,82313,2562,84875,473
2022-03-05,Stanislaus,099,539301,116806,117501,17499,135000,1531
2022-03-05,Sutter,101,95872,20355,20346,2063,22409,217
2022-03-05,Tehama,103,63373,11981,11939,2607,14546,158
2022-03-05,Trinity,105,12862,1179,1170,292,1462,20
2022-03-05,Tulare,107,460477,106023,103534,28364,131898,1305
2022-03-05,Tuolumne,109,53932,12574,12325,560,12885,178
2022-03-05,Ventura,111,848112,172111,171666,9387,181053,1436
2022-03-05,Yolo,113,214977,36613,35856,3163,39019,306
2022-03-05,Yuba,115,75493,15721,15666,1193,16859,115
2022-03-04,Alameda,001,1643700,253037,251988,13632,265620,1760
2022-03-04,Alpine,003,1148,122,125,1,126,0
2022-03-04,Amador,005,37829,8455,8344,648,8992,83
2022-03-04,Butte,007,227075,32781,32663,6598,39261,372
2022-03-04,Calaveras,009,45235,7213,7236,349,7585,116
2022-03-04,Colusa,011,21464,3425,3433,1068,4501,21
2022-03-04,Contra Costa,013,1133247,186696,185734,13026,198760,1235
2022-03-04,Del Norte,015,27424,5698,5725,188,5913,48
2022-03-04,El Dorado,017,186661,26534,26446,3215,29661,193
2022-03-04,Fresno,019,978130,229899,227154,23813,250967,2640
2022-03-04,Glenn,021,27897,4943,4927,1596,6523,43
2022-03-04,Humboldt,023,135768,16738,16781,2919,19700,136
2022-03-04,Imperial,025,180216,55140,54650,10758,65408,880
2022-03-04,Inyo,027,18085,4052,4043,479,4522,56
2022-03-04,Kern,029,883053,190986,189817,46058,235875,2141
2022-03-04,Kings,031,150075,51090,50926,3597,54523,431
2022-03-04,Lake,033,64148,10587,10512,888,11400,130
2022-03-04,Lassen,035,31185,8916,8818,883,9701,62
2022-03-04,Los Angeles,037,10098052,2693335,2671564,123490,2795054,30608
2022-03-04,Madera,039,155013,37103,37100,6073,43173,354
2022-03-04,Marin,041,260295,32957,32829,2181,35010,272
2022-03-04,Mariposa,043,17540,2368,2363,199,2562,6
2022-03-04,Mendocino,045,87422,12942,12845,2999,15844,113
2022-03-04,Merced,047,269075,61800,61653,8563,70216,789
2022-03-04,Modoc,049,8938,730,729,249,978,7
2022-03-04,Mono,051,14174,2961,2961,120,3081,5
2022-03-04,Monterey,053,433212,78805,78028,13478,91506,704
2022-03-04,Napa,055,140530,25478,25405,945,26350,134
2022-03-04,Nevada,057,99092,15834,15907,1194,17101,122
2022-03-04,Orange,059,3164182,543442,541463,41146,582609,6638
2022-03-04,Placer,061,380077,62284,62117,7352,69469,591
2022-03-04,Plumas,063,18699,2953,2701,363,3064,13
2022-03-04,Riverside,065,2383286,588812,586785,27948,614733,6239
2022-03-04,Sacramento,067,1510023,278890,273487,27007,300494,2847
2022-03-04,San Benito,069,59416,12814,12820,508,13328,94
2022-03-04,San Bernardino,071,2135413,566264,557421,24940,582361,6641
2022-03-04,San Diego,073,3302833,745106,740747,51954,792701,5045
2022-03-04,San Francisco,075,870044,122168,123537,8177,131714,798
2022-03-04,San Joaquin,077,732212,165423,165085,9950,175035,2069
2022-03-04,San Luis Obispo,079,281455,52001,51739,3741,55480,446
2022-03-04,San Mateo,081,765935,120043,118646,6908,125554,621
2022-03-04,Santa Barbara,083,443738,85126,85249,4743,89992,655
2022-03-04,Santa Clara,085,1922200,306989,307689,12303,319992,2195
2022-03-04,Santa Cruz,087,273765,47083,46622,2108,48730,253
2022-03-04,Shasta,089,179085,30335,30282,6088,36370,492
2022-03-04,Sierra,091,2930,271,273,47,320,4
2022-03-04,Siskiyou,093,43540,4408,4389,2732,7121,74
2022-03-04,Solano,095,438530,80677,80690,5530,86220,435
2022-03-04,Sonoma,097,501317,82669,82313,2561,84874,473
2022-03-04,Stanislaus,099,539301,116788,117501,17497,134998,1531
2022-03-04,Sutter,101,95872,20351,20346,2063,22409,217
2022-03-04,Tehama,103,63373,11978,11939,2607,14546,158
2022-03-04,Trinity,105,12862,1179,1170,292,1462,20
2022-03-04,Tulare,107,460477,106004,103534,28359,131893,1305
2022-03-04,Tuolumne,109,53932,12569,12325,560,12885,178
2022-03-04,Ventura,111,848112,172064,171666,9384,181050,1436
2022-03-04,Yolo,113,214977,36596,35856,3163,39019,306
2022-03-04,Yuba,115,75493,15716,15666,1192,16858,115
2022-03-03,Alameda,001,1643700,252918,251988,13620,265608,1760
2022-03-03,Alpine,003,1148,122,125,1,126,0
2022-03-03,Amador,005,37829,8454,8344,648,8992,83
2022-03-03,Butte,007,227075,32764,32663,6592,39255,372
2022-03-03,Calaveras,009,45235,7201,7236,349,7585,116
2022-03-03,Colusa,011,21464,3425,3433,1068,4501,21
2022-03-03,Contra Costa,013,1133247,186621,185734,13011,198745,1235
2022-03-03,Del Norte,015,27424,5691,5725,188,5913,48
2022-03-03,El Dorado,017,186661,26516,26446,3214,29660,193
2022-03-03,Fresno,019,978130,229772,227154,23805,250959,2640
2022-03-03,Glenn,021,27897,4941,4927,1595,6522,43
2022-03-03,Humboldt,023,135768,16723,16781,2918,19699,136
2022-03-03,Imperial,025,180216,55124,54650,10756,65406,880
2022-03-03,Inyo,027,18085,4051,4043,479,4522,56
2022-03-03,Kern,029,883053,190918,189817,46039,235856,2141
2022-03-03,Kings,031,150075,51067,50926,3594,54520,431
2022-03-03,Lake,033,64148,10582,10512,886,11398,130
2022-03-03,Lassen,035,31185,8908,8818,883,9701,62
2022-03-03,Los Angeles,037,10098052,2692610,2671564,123449,2795013,30608
2022-03-03,Madera,039,155013,37087,37100,6068,43168,354
2022-03-03,Marin,041,260295,32931,32829,2180,35009,272
2022-03-03,Mariposa,043,17540,2367,2363,199,2562,6
2022-03-03,Mendocino,045,87422,12931,12845,2996,15841,113
2022-03-03,Merced,047,269075,61781,61653,8557,70210,789
2022-03-03,Modoc,049,8938,730,729,249,978,7
2022-03-03,Mono,051,14174,2960,2961,120,3081,5
2022-03-03,Monterey,053,433212,78775,78028,13460,91488,704
2022-03-03,Napa,055,140530,25454,25405,944,26349,134
2022-03-03,Nevada,057,99092,15829,15907,1189,17096,122
2022-03-03,Orange,059,3164182,543265,541463,41120,582583,6638
2022-03-03,Placer,061,380077,62262,62117,7348,69465,591
2022-03-03,Plumas,063,18699,2952,2701,363,3064,13
2022-03-03,Riverside,065,2383286,588678,586785,27943,614728,6239
2022-03-03,Sacramento,067,1510023,278783,273487,26989,300476,2847
2022-03-03,San Benito,069,59416,12811,12820,508,13328,94
2022-03-03,San Bernardino,071,2135413,566158,557421,24934,582355,6641
2022-03-03,San Diego,073,3302833,744765,740747,51936,792683,5045
2022-03-03,San Francisco,075,870044,122095,123537,8166,131703,798
2022-03-03,San Joaquin,077,732212,165349,165085,9947,175032,2069
2022-03-03,San Luis Obispo,079,281455,51946,51739,3733,55472,446
2022-03-03,San Mateo,081,765935,119968,118646,6898,125544,621
2022-03-03,Santa Barbara,083,443738,85107,85249,4734,89983,655
2022-03-03,Santa Clara,085,1922200,306807,307689,12288,319977,2195
2022-03-03,Santa Cruz,087,273765,47035,46622,2106,48728,253
2022-03-03,Shasta,089,179085,30317,30282,6084,36366,492
2022-03-03,Sierra,091,2930,271,273,47,320,4
2022-03-03,Siskiyou,093,43540,4405,4389,2732,7121,74
2022-03-03,Solano,095,438530,80628,80690,5528,86218,435
2022-03-03,Sonoma,097,501317,82622,82313,2556,84869,473
2022-03-03,Stanislaus,099,539301,116755,117501,17489,134990,1531
2022-03-03,Sutter,101,95872,20343,20346,2063,22409,217
2022-03-03,Tehama,103,63373,11975,11939,2607,14546,158
2022-03-03,Trinity,105,12862,1178,1170,292,1462,20
2022-03-03,Tulare,107,460477,105961,103534,28349,131883,1305
2022-03-03,Tuolumne,109,53932,12558,12325,560,12885,178
2022-03-03,Ventura,111,848112,172011,171666,9382,181048,1436
2022-03-03,Yolo,113,214977,36572,35856,3156,39012,306
2022-03-03,Yuba,115,75493,15710,15666,1187,16853,115
2022-03-02,Alameda,001,1643700,252740,251886,13603,265489,1759
2022-03-02,Alpine,003,1148,122,125,1,126,0
2022-03-02,Amador,005,37829,8442,8341,648,8989,83
2022-03-02,Butte,007,227075,32752,32636,6587,39223,372
2022-03-02,Calaveras,009,45235,7200,7225,349,7574,116
2022-03-02,Colusa,011,21464,3422,3428,1068,4496,21
2022-03-02,Contra Costa,013,1133247,186528,185589,12992,198581,1236
2022-03-02,Del Norte,015,27424,5684,5708,186,5894,47
2022-03-02,El Dorado,017,186661,26505,26433,3211,29644,192
2022-03-02,Fresno,019,978130,229640,226932,23794,250726,2629
2022-03-02,Glenn,021,27897,4941,4922,1594,6516,43
2022-03-02,Humboldt,023,135768,16713,16747,2911,19658,135
2022-03-02,Imperial,025,180216,55098,54629,10751,65380,878
2022-03-02,Inyo,027,18085,4049,4041,478,4519,56
2022-03-02,Kern,029,883053,190852,189656,46019,235675,2136
2022-03-02,Kings,031,150075,51041,50819,3591,54410,431
2022-03-02,Lake,033,64148,10569,10495,884,11379,130
2022-03-02,Lassen,035,31185,8905,8811,882,9693,62
2022-03-02,Los Angeles,037,10098052,2691729,2670287,123402,2793689,30535
2022-03-02,Madera,039,155013,37070,37077,6066,43143,354
2022-03-02,Marin,041,260295,32913,32794,2179,34973,272
2022-03-02,Mariposa,043,17540,2367,2359,199,2558,6
2022-03-02,Mendocino,045,87422,12918,12832,2991,15823,112
2022-03-02,Merced,047,269075,61755,61606,8547,70153,785
2022-03-02,Modoc,049,8938,730,729,249,978,7
2022-03-02,Mono,051,14174,2960,2961,120,3081,5
2022-03-02,Monterey,053,433212,78739,77963,13437,91400,703
2022-03-02,Napa,055,140530,25405,25382,943,26325,134
2022-03-02,Nevada,057,99092,15818,15920,1188,17108,122
2022-03-02,Orange,059,3164182,543059,541230,41093,582323,6623
2022-03-02,Placer,061,380077,62240,62066,7345,69411,589
2022-03-02,Plumas,063,18699,2952,2700,362,3062,13
2022-03-02,Riverside,065,2383286,588528,586513,27932,614445,6229
2022-03-02,Sacramento,067,1510023,278666,273291,26978,300269,2837
2022-03-02,San Benito,069,59416,12800,12814,508,13322,94
2022-03-02,San Bernardino,071,2135413,566049,557082,24928,582010,6619
2022-03-02,San Diego,073,3302833,744407,739803,51888,791691,5034
2022-03-02,San Francisco,075,870044,122000,123442,8164,131606,792
2022-03-02,San Joaquin,077,732212,165289,164968,9942,174910,2063
2022-03-02,San Luis Obispo,079,281455,51908,51686,3728,55414,446
2022-03-02,San Mateo,081,765935,119881,118518,6882,125400,617
2022-03-02,Santa Barbara,083,443738,85082,85183,4733,89916,655
2022-03-02,Santa Clara,085,1922200,306592,307354,12274,319628,2184
2022-03-02,Santa Cruz,087,273765,46965,46534,2105,48639,253
2022-03-02,Shasta,089,179085,30292,30253,6074,36327,490
2022-03-02,Sierra,091,2930,271,273,47,320,4
2022-03-02,Siskiyou,093,43540,4403,4384,2729,7113,74
2022-03-02,Solano,095,438530,80562,80626,5525,86151,433
2022-03-02,Sonoma,097,501317,82576,82208,2552,84760,473
2022-03-02,Stanislaus,099,539301,116719,117411,17463,134874,1519
2022-03-02,Sutter,101,95872,20321,20317,2045,22362,216
2022-03-02,Tehama,103,63373,11970,11930,2606,14536,158
2022-03-02,Trinity,105,12862,1176,1160,292,1452,20
2022-03-02,Tulare,107,460477,105919,103451,28332,131783,1302
2022-03-02,Tuolumne,109,53932,12553,12297,560,12857,179
2022-03-02,Ventura,111,848112,171958,171770,9378,181148,1427
2022-03-02,Yolo,113,214977,36554,35799,3150,38949,305
2022-03-02,Yuba,115,75493,15697,15653,1182,16835,115
2022-03-01,Alameda,001,1643700,252575,251830,13592,265422,1749
2022-03-01,Alpine,003,1148,122,125,1,126,0
2022-03-01,Amador,005,37829,8394,8334,646,8980,83
2022-03-01,Butte,007,227075,32728,32575,6583,39158,372
2022-03-01,Calaveras,009,45235,7197,7223,348,7571,116
2022-03-01,Colusa,011,21464,3421,3423,1068,4491,21
2022-03-01,Contra Costa,013,1133247,186418,185378,12977,198355,1231
2022-03-01,Del Norte,015,27424,5681,5701,184,5885,45
2022-03-01,El Dorado,017,186661,26486,26413,3209,29622,192
2022-03-01,Fresno,019,978130,229500,226594,23781,250375,2628
2022-03-01,Glenn,021,27897,4940,4919,1592,6511,40
2022-03-01,Humboldt,023,135768,16692,16727,2904,19631,135
2022-03-01,Imperial,025,180216,55081,54570,10745,65315,875
2022-03-01,Inyo,027,18085,4045,4041,477,4518,56
2022-03-01,Kern,029,883053,190778,189365,45995,235360,2120
2022-03-01,Kings,031,150075,51019,50763,3587,54350,427
2022-03-01,Lake,033,64148,10558,10471,882,11353,128
2022-03-01,Lassen,035,31185,8901,8801,882,9683,61
2022-03-01,Los Angeles,037,10098052,2690780,2669489,123344,2792833,30486
2022-03-01,Madera,039,155013,37050,37046,6059,43105,354
2022-03-01,Marin,041,260295,32888,32764,2177,34941,272
2022-03-01,Mariposa,043,17540,2366,2357,198,2555,6
2022-03-01,Mendocino,045,87422,12907,12818,2989,15807,112
2022-03-01,Merced,047,269075,61727,61549,8532,70081,781
2022-03-01,Modoc,049,8938,730,729,249,978,7
2022-03-01,Mono,051,14174,2959,2960,120,3080,6
2022-03-01,Monterey,053,433212,78713,77911,13425,91336,696
2022-03-01,Napa,055,140530,25373,25344,943,26287,134
2022-03-01,Nevada,057,99092,15810,15916,1185,17101,121
2022-03-01,Orange,059,3164182,542839,541054,41057,582111,6612
2022-03-01,Placer,061,380077,62212,62021,7339,69360,583
2022-03-01,Plumas,063,18699,2952,2694,362,3056,13
2022-03-01,Riverside,065,2383286,588362,586184,27931,614115,6198
2022-03-01,Sacramento,067,1510023,278535,273089,26964,300053,2831
2022-03-01,San Benito,069,59416,12796,12806,508,13314,94
2022-03-01,San Bernardino,071,2135413,565918,556743,24925,581668,6588
2022-03-01,San Diego,073,3302833,743982,739136,51846,790982,5029
2022-03-01,San Francisco,075,870044,121898,123481,8158,131639,792
2022-03-01,San Joaquin,077,732212,165222,164894,9937,174831,2062
2022-03-01,San Luis Obispo,079,281455,51872,51592,3724,55316,445
2022-03-01,San Mateo,081,765935,119804,118358,6875,125233,613
2022-03-01,Santa Barbara,083,443738,85044,85134,4729,89863,654
2022-03-01,Santa Clara,085,1922200,306341,306978,12262,319240,2190
2022-03-01,Santa Cruz,087,273765,46915,46471,2102,48573,253
2022-03-01,Shasta,089,179085,30263,30227,6071,36298,489
2022-03-01,Sierra,091,2930,271,274,47,321,5
2022-03-01,Siskiyou,093,43540,4399,4384,2724,7108,74
2022-03-01,Solano,095,438530,80500,80556,5522,86078,434
2022-03-01,Sonoma,097,501317,82506,82103,2546,84649,477
2022-03-01,Stanislaus,099,539301,116667,117308,17438,134746,1521
2022-03-01,Sutter,101,95872,20307,20288,2041,22329,217
2022-03-01,Tehama,103,63373,11964,11923,2603,14526,158
2022-03-01,Trinity,105,12862,1175,1159,292,1451,20
2022-03-01,Tulare,107,460477,105837,103371,28312,131683,1302
2022-03-01,Tuolumne,109,53932,12546,12276,558,12834,175
2022-03-01,Ventura,111,848112,171888,171672,9371,181043,1427
2022-03-01,Yolo,113,214977,36529,35801,3144,38945,299
2022-03-01,Yuba,115,75493,15689,15637,1182,16819,116
2022-02-28,Alameda,001,1643700,252357,251714,13577,265291,1742
2022-02-28,Alpine,003,1148,122,125,1,126,0
2022-02-28,Amador,005,37829,8388,8308,645,8953,83
2022-02-28,Butte,007,227075,32705,32550,6578,39128,368
2022-02-28,Calaveras,009,45235,7194,7220,347,7567,110
2022-02-28,Colusa,011,21464,3418,3422,1066,4488,21
2022-02-28,Contra Costa,013,1133247,186310,185272,12957,198229,1231
2022-02-28,Del Norte,015,27424,5677,5699,183,5882,45
2022-02-28,El Dorado,017,186661,26476,26409,3204,29613,191
2022-02-28,Fresno,019,978130,229299,226519,23759,250278,2622
2022-02-28,Glenn,021,27897,4936,4918,1592,6510,40
2022-02-28,Humboldt,023,135768,16677,16717,2900,19617,135
2022-02-28,Imperial,025,180216,55055,54517,10740,65257,875
2022-02-28,Inyo,027,18085,4045,4041,476,4517,56
2022-02-28,Kern,029,883053,190688,189245,45964,235209,2115
2022-02-28,Kings,031,150075,50980,50741,3586,54327,427
2022-02-28,Lake,033,64148,10546,10468,878,11346,128
2022-02-28,Lassen,035,31185,8844,8794,882,9676,55
2022-02-28,Los Angeles,037,10098052,2689607,2666804,123248,2790052,30410
2022-02-28,Madera,039,155013,37023,37023,6043,43066,354
2022-02-28,Marin,041,260295,32863,32775,2177,34952,272
2022-02-28,Mariposa,043,17540,2363,2354,196,2550,6
2022-02-28,Mendocino,045,87422,12898,12800,2981,15781,112
2022-02-28,Merced,047,269075,61683,61519,8514,70033,781
2022-02-28,Modoc,049,8938,730,727,249,976,7
2022-02-28,Mono,051,14174,2959,2961,120,3081,5
2022-02-28,Monterey,053,433212,78646,77865,13402,91267,693
2022-02-28,Napa,055,140530,25346,25317,943,26260,129
2022-02-28,Nevada,057,99092,15804,15908,1179,17087,121
2022-02-28,Orange,059,3164182,542586,540839,41043,581882,6605
2022-02-28,Placer,061,380077,62180,61976,7333,69309,577
2022-02-28,Plumas,063,18699,2952,2691,361,3052,13
2022-02-28,Riverside,065,2383286,588166,585891,27898,613789,6179
2022-02-28,Sacramento,067,1510023,278397,273038,26939,299977,2825
2022-02-28,San Benito,069,59416,12792,12798,508,13306,94
2022-02-28,San Bernardino,071,2135413,565730,556540,24911,581451,6576
2022-02-28,San Diego,073,3302833,743595,737760,51816,789576,5018
2022-02-28,San Francisco,075,870044,121738,123402,8150,131552,792
2022-02-28,San Joaquin,077,732212,165136,164833,9927,174760,2060
2022-02-28,San Luis Obispo,079,281455,51813,51565,3716,55281,440
2022-02-28,San Mateo,081,765935,119704,118301,6869,125170,611
2022-02-28,Santa Barbara,083,443738,85001,85076,4724,89800,653
2022-02-28,Santa Clara,085,1922200,306065,306930,12240,319170,2180
2022-02-28,Santa Cruz,087,273765,46846,46447,2101,48548,253
2022-02-28,Shasta,089,179085,30238,30213,6067,36280,488
2022-02-28,Sierra,091,2930,271,273,47,320,4
2022-02-28,Siskiyou,093,43540,4396,4382,2718,7100,74
2022-02-28,Solano,095,438530,80434,80544,5511,86055,430
2022-02-28,Sonoma,097,501317,82438,82058,2543,84601,477
2022-02-28,Stanislaus,099,539301,116603,117231,17422,134653,1521
2022-02-28,Sutter,101,95872,20294,20285,2038,22323,214
2022-02-28,Tehama,103,63373,11951,11917,2602,14519,158
2022-02-28,Trinity,105,12862,1175,1160,292,1452,20
2022-02-28,Tulare,107,460477,105787,103304,28294,131598,1300
2022-02-28,Tuolumne,109,53932,12536,12247,557,12804,175
2022-02-28,Ventura,111,848112,171804,171614,9370,180984,1423
2022-02-28,Yolo,113,214977,36493,35754,3137,38891,299
2022-02-28,Yuba,115,75493,15674,15625,1181,16806,115
2022-02-27,Alameda,001,1643700,252079,251624,13568,265192,1744
2022-02-27,Alpine,003,1148,122,125,1,126,0
2022-02-27,Amador,005,37829,8384,8305,642,8947,83
2022-02-27,Butte,007,227075,32668,32551,6566,39117,368
2022-02-27,Calaveras,009,45235,7187,7214,347,7561,110
2022-02-27,Colusa,011,21464,3417,3422,1066,4488,21
2022-02-27,Contra Costa,013,1133247,186184,185185,12937,198122,1230
2022-02-27,Del Norte,015,27424,5659,5691,181,5872,45
2022-02-27,El Dorado,017,186661,26458,26410,3202,29612,191
2022-02-27,Fresno,019,978130,229101,226397,23731,250128,2621
2022-02-27,Glenn,021,27897,4934,4915,1592,6507,40
2022-02-27,Humboldt,023,135768,16655,16713,2893,19606,135
2022-02-27,Imperial,025,180216,55007,54509,10722,65231,875
2022-02-27,Inyo,027,18085,4044,4041,472,4513,56
2022-02-27,Kern,029,883053,190569,189219,45924,235143,2115
2022-02-27,Kings,031,150075,50952,50733,3584,54317,428
2022-02-27,Lake,033,64148,10527,10463,878,11341,128
2022-02-27,Lassen,035,31185,8836,8786,882,9668,55
2022-02-27,Los Angeles,037,10098052,2688300,2666789,123165,2789954,30410
2022-02-27,Madera,039,155013,36997,37009,6035,43044,354
2022-02-27,Marin,041,260295,32825,32756,2175,34931,272
2022-02-27,Mariposa,043,17540,2360,2352,196,2548,6
2022-02-27,Mendocino,045,87422,12882,12798,2968,15766,112
2022-02-27,Merced,047,269075,61631,61491,8497,69988,779
2022-02-27,Modoc,049,8938,729,727,249,976,7
2022-02-27,Mono,051,14174,2958,2960,120,3080,5
2022-02-27,Monterey,053,433212,78588,77851,13376,91227,693
2022-02-27,Napa,055,140530,25308,25316,943,26259,129
2022-02-27,Nevada,057,99092,15796,15900,1175,17075,121
2022-02-27,Orange,059,3164182,542339,540659,41013,581672,6605
2022-02-27,Placer,061,380077,62138,61965,7329,69294,577
2022-02-27,Plumas,063,18699,2949,2691,361,3052,13
2022-02-27,Riverside,065,2383286,587924,585833,27872,613705,6179
2022-02-27,Sacramento,067,1510023,278211,272927,26907,299834,2822
2022-02-27,San Benito,069,59416,12785,12798,508,13306,94
2022-02-27,San Bernardino,071,2135413,565546,556457,24901,581358,6572
2022-02-27,San Diego,073,3302833,743123,737760,51772,789532,5018
2022-02-27,San Francisco,075,870044,121615,123327,8139,131466,791
2022-02-27,San Joaquin,077,732212,165032,164814,9923,174737,2060
2022-02-27,San Luis Obispo,079,281455,51721,51564,3709,55273,439
2022-02-27,San Mateo,081,765935,119591,118244,6864,125108,611
2022-02-27,Santa Barbara,083,443738,84963,85050,4720,89770,653
2022-02-27,Santa Clara,085,1922200,305777,306756,12211,318967,2180
2022-02-27,Santa Cruz,087,273765,46786,46411,2100,48511,253
2022-02-27,Shasta,089,179085,30206,30206,6061,36267,488
2022-02-27,Sierra,091,2930,271,273,47,320,4
2022-02-27,Siskiyou,093,43540,4391,4378,2705,7083,74
2022-02-27,Solano,095,438530,80358,80515,5500,86015,430
2022-02-27,Sonoma,097,501317,82356,82041,2537,84578,476
2022-02-27,Stanislaus,099,539301,116536,117200,17403,134603,1522
2022-02-27,Sutter,101,95872,20277,20280,2032,22312,214
2022-02-27,Tehama,103,63373,11938,11915,2601,14516,158
2022-02-27,Trinity,105,12862,1174,1158,292,1450,20
2022-02-27,Tulare,107,460477,105718,103270,28243,131513,1300
2022-02-27,Tuolumne,109,53932,12523,12243,556,12799,175
2022-02-27,Ventura,111,848112,171729,171660,9367,181027,1423
2022-02-27,Yolo,113,214977,36465,35744,3132,38876,299
2022-02-27,Yuba,115,75493,15664,15619,1179,16798,113
2022-02-26,Alameda,001,1643700,251972,250867,13563,264430,1716
2022-02-26,Alpine,003,1148,122,125,1,126,0
2022-02-26,Amador,005,37829,8382,8282,641,8923,83
2022-02-26,Butte,007,227075,32654,32466,6564,39030,368
2022-02-26,Calaveras,009,45235,7186,7192,347,7539,110
2022-02-26,Colusa,011,21464,3417,3414,1066,4480,21
2022-02-26,Contra Costa,013,1133247,186115,184686,12918,197604,1209
2022-02-26,Del Norte,015,27424,5654,5639,181,5820,45
2022-02-26,El Dorado,017,186661,26447,26355,3198,29553,191
2022-02-26,Fresno,019,978130,229011,225679,23731,249410,2597
2022-02-26,Glenn,021,27897,4932,4909,1591,6500,40
2022-02-26,Humboldt,023,135768,16630,16619,2892,19511,133
2022-02-26,Imperial,025,180216,54980,54367,10720,65087,871
2022-02-26,Inyo,027,18085,4043,4034,467,4501,56
2022-02-26,Kern,029,883053,190516,188584,45905,234489,2106
2022-02-26,Kings,031,150075,50939,50579,3584,54163,423
2022-02-26,Lake,033,64148,10522,10383,878,11261,128
2022-02-26,Lassen,035,31185,8835,8761,882,9643,55
2022-02-26,Los Angeles,037,10098052,2687726,2660973,123125,2784098,30202
2022-02-26,Madera,039,155013,36982,36933,6033,42966,330
2022-02-26,Marin,041,260295,32809,32651,2173,34824,267
2022-02-26,Mariposa,043,17540,2359,2332,196,2528,6
2022-02-26,Mendocino,045,87422,12875,12762,2968,15730,111
2022-02-26,Merced,047,269075,61610,61348,8496,69844,775
2022-02-26,Modoc,049,8938,729,726,249,975,7
2022-02-26,Mono,051,14174,2958,2959,119,3078,5
2022-02-26,Monterey,053,433212,78557,77610,13370,90980,692
2022-02-26,Napa,055,140530,25293,25221,942,26163,130
2022-02-26,Nevada,057,99092,15792,15850,1173,17023,121
2022-02-26,Orange,059,3164182,542228,539992,40996,580988,6540
2022-02-26,Placer,061,380077,62119,61803,7326,69129,573
2022-02-26,Plumas,063,18699,2949,2673,361,3034,13
2022-02-26,Riverside,065,2383286,587804,584835,27863,612698,6143
2022-02-26,Sacramento,067,1510023,278117,272339,26894,299233,2793
2022-02-26,San Benito,069,59416,12781,12770,508,13278,92
2022-02-26,San Bernardino,071,2135413,565455,555668,24895,580563,6505
2022-02-26,San Diego,073,3302833,742900,736049,51750,787799,5002
2022-02-26,San Francisco,075,870044,121545,123079,8131,131210,769
2022-02-26,San Joaquin,077,732212,164998,164418,9922,174340,2048
2022-02-26,San Luis Obispo,079,281455,51708,51358,3706,55064,438
2022-02-26,San Mateo,081,765935,119537,117860,6863,124723,603
2022-02-26,Santa Barbara,083,443738,84932,84830,4720,89550,652
2022-02-26,Santa Clara,085,1922200,305628,305895,12208,318103,2166
2022-02-26,Santa Cruz,087,273765,46763,46186,2100,48286,251
2022-02-26,Shasta,089,179085,30197,30108,6055,36163,485
2022-02-26,Sierra,091,2930,271,270,47,317,1
2022-02-26,Siskiyou,093,43540,4391,4359,2703,7062,72
2022-02-26,Solano,095,438530,80324,80225,5497,85722,428
2022-02-26,Sonoma,097,501317,82322,81702,2535,84237,432
2022-02-26,Stanislaus,099,539301,116498,116896,17398,134294,1503
2022-02-26,Sutter,101,95872,20268,20230,2032,22262,214
2022-02-26,Tehama,103,63373,11932,11878,2599,14477,158
2022-02-26,Trinity,105,12862,1173,1156,292,1448,20
2022-02-26,Tulare,107,460477,105682,102983,28228,131211,1295
2022-02-26,Tuolumne,109,53932,12520,12169,556,12725,175
2022-02-26,Ventura,111,848112,171697,171292,9364,180656,1411
2022-02-26,Yolo,113,214977,36444,35615,3129,38744,296
2022-02-26,Yuba,115,75493,15652,15587,1179,16766,113
2022-02-25,Alameda,001,1643700,251849,250867,13553,264420,1716
2022-02-25,Alpine,003,1148,122,125,1,126,0
2022-02-25,Amador,005,37829,8371,8282,641,8923,83
2022-02-25,Butte,007,227075,32642,32466,6562,39028,368
2022-02-25,Calaveras,009,45235,7184,7192,347,7539,110
2022-02-25,Colusa,011,21464,3417,3414,1066,4480,21
2022-02-25,Contra Costa,013,1133247,186031,184686,12896,197582,1209
2022-02-25,Del Norte,015,27424,5645,5639,181,5820,45
2022-02-25,El Dorado,017,186661,26438,26355,3198,29553,191
2022-02-25,Fresno,019,978130,228913,225679,23724,249403,2597
2022-02-25,Glenn,021,27897,4930,4909,1591,6500,40
2022-02-25,Humboldt,023,135768,16619,16619,2892,19511,133
2022-02-25,Imperial,025,180216,54962,54367,10719,65086,871
2022-02-25,Inyo,027,18085,4042,4034,467,4501,56
2022-02-25,Kern,029,883053,190451,188584,45892,234476,2106
2022-02-25,Kings,031,150075,50925,50579,3582,54161,423
2022-02-25,Lake,033,64148,10504,10383,878,11261,128
2022-02-25,Lassen,035,31185,8832,8761,882,9643,55
2022-02-25,Los Angeles,037,10098052,2687137,2660973,123095,2784068,30202
2022-02-25,Madera,039,155013,36962,36933,6032,42965,330
2022-02-25,Marin,041,260295,32795,32651,2173,34824,267
2022-02-25,Mariposa,043,17540,2356,2332,196,2528,6
2022-02-25,Mendocino,045,87422,12873,12762,2968,15730,111
2022-02-25,Merced,047,269075,61579,61348,8491,69839,775
2022-02-25,Modoc,049,8938,729,726,249,975,7
2022-02-25,Mono,051,14174,2957,2959,119,3078,5
2022-02-25,Monterey,053,433212,78529,77610,13364,90974,692
2022-02-25,Napa,055,140530,25284,25221,942,26163,130
2022-02-25,Nevada,057,99092,15781,15850,1170,17020,121
2022-02-25,Orange,059,3164182,542093,539992,40973,580965,6540
2022-02-25,Placer,061,380077,62103,61803,7320,69123,573
2022-02-25,Plumas,063,18699,2947,2673,361,3034,13
2022-02-25,Riverside,065,2383286,587649,584835,27851,612686,6143
2022-02-25,Sacramento,067,1510023,278015,272339,26889,299228,2793
2022-02-25,San Benito,069,59416,12779,12770,508,13278,92
2022-02-25,San Bernardino,071,2135413,565348,555668,24888,580556,6505
2022-02-25,San Diego,073,3302833,742620,736049,51731,787780,5002
2022-02-25,San Francisco,075,870044,121465,123079,8128,131207,769
2022-02-25,San Joaquin,077,732212,164957,164418,9917,174335,2048
2022-02-25,San Luis Obispo,079,281455,51704,51358,3697,55055,438
2022-02-25,San Mateo,081,765935,119475,117860,6859,124719,603
2022-02-25,Santa Barbara,083,443738,84895,84830,4720,89550,652
2022-02-25,Santa Clara,085,1922200,305442,305895,12205,318100,2166
2022-02-25,Santa Cruz,087,273765,46729,46186,2098,48284,251
2022-02-25,Shasta,089,179085,30188,30108,6053,36161,485
2022-02-25,Sierra,091,2930,271,270,47,317,1
2022-02-25,Siskiyou,093,43540,4391,4359,2702,7061,72
2022-02-25,Solano,095,438530,80295,80225,5496,85721,428
2022-02-25,Sonoma,097,501317,82271,81702,2533,84235,432
2022-02-25,Stanislaus,099,539301,116470,116896,17394,134290,1503
2022-02-25,Sutter,101,95872,20259,20230,2032,22262,214
2022-02-25,Tehama,103,63373,11930,11878,2599,14477,158
2022-02-25,Trinity,105,12862,1173,1156,292,1448,20
2022-02-25,Tulare,107,460477,105647,102983,28206,131189,1295
2022-02-25,Tuolumne,109,53932,12517,12169,556,12725,175
2022-02-25,Ventura,111,848112,171646,171292,9363,180655,1411
2022-02-25,Yolo,113,214977,36429,35615,3129,38744,296
2022-02-25,Yuba,115,75493,15645,15587,1179,16766,113
2022-02-24,Alameda,001,1643700,251643,250867,13544,264411,1716
2022-02-24,Alpine,003,1148,122,125,1,126,0
2022-02-24,Amador,005,37829,8366,8282,640,8922,83
2022-02-24,Butte,007,227075,32621,32466,6557,39023,368
2022-02-24,Calaveras,009,45235,7182,7192,345,7537,110
2022-02-24,Colusa,011,21464,3416,3414,1065,4479,21
2022-02-24,Contra Costa,013,1133247,185901,184686,12888,197574,1209
2022-02-24,Del Norte,015,27424,5630,5639,180,5819,45
2022-02-24,El Dorado,017,186661,26423,26355,3198,29553,191
2022-02-24,Fresno,019,978130,228717,225679,23709,249388,2597
2022-02-24,Glenn,021,27897,4928,4909,1590,6499,40
2022-02-24,Humboldt,023,135768,16602,16619,2891,19510,133
2022-02-24,Imperial,025,180216,54922,54367,10709,65076,871
2022-02-24,Inyo,027,18085,4041,4034,466,4500,56
2022-02-24,Kern,029,883053,190310,188584,45858,234442,2106
2022-02-24,Kings,031,150075,50895,50579,3577,54156,423
2022-02-24,Lake,033,64148,10486,10383,878,11261,128
2022-02-24,Lassen,035,31185,8828,8761,881,9642,55
2022-02-24,Los Angeles,037,10098052,2685977,2660973,123039,2784012,30202
2022-02-24,Madera,039,155013,36936,36933,6030,42963,330
2022-02-24,Marin,041,260295,32775,32651,2172,34823,267
2022-02-24,Mariposa,043,17540,2350,2332,195,2527,6
2022-02-24,Mendocino,045,87422,12866,12762,2964,15726,111
2022-02-24,Merced,047,269075,61549,61348,8482,69830,775
2022-02-24,Modoc,049,8938,728,726,249,975,7
2022-02-24,Mono,051,14174,2956,2959,119,3078,5
2022-02-24,Monterey,053,433212,78477,77610,13355,90965,692
2022-02-24,Napa,055,140530,25244,25221,938,26159,130
2022-02-24,Nevada,057,99092,15767,15850,1170,17020,121
2022-02-24,Orange,059,3164182,541842,539992,40939,580931,6540
2022-02-24,Placer,061,380077,62066,61803,7318,69121,573
2022-02-24,Plumas,063,18699,2942,2673,359,3032,13
2022-02-24,Riverside,065,2383286,587397,584835,27824,612659,6143
2022-02-24,Sacramento,067,1510023,277841,272339,26871,299210,2793
2022-02-24,San Benito,069,59416,12768,12770,507,13277,92
2022-02-24,San Bernardino,071,2135413,565156,555668,24875,580543,6505
2022-02-24,San Diego,073,3302833,742210,736049,51684,787733,5002
2022-02-24,San Francisco,075,870044,121343,123079,8121,131200,769
2022-02-24,San Joaquin,077,732212,164828,164418,9912,174330,2048
2022-02-24,San Luis Obispo,079,281455,51658,51358,3695,55053,438
2022-02-24,San Mateo,081,765935,119383,117860,6852,124712,603
2022-02-24,Santa Barbara,083,443738,84830,84830,4719,89549,652
2022-02-24,Santa Clara,085,1922200,305207,305895,12191,318086,2166
2022-02-24,Santa Cruz,087,273765,46648,46186,2096,48282,251
2022-02-24,Shasta,089,179085,30169,30108,6047,36155,485
2022-02-24,Sierra,091,2930,271,270,47,317,1
2022-02-24,Siskiyou,093,43540,4388,4359,2698,7057,72
2022-02-24,Solano,095,438530,80216,80225,5493,85718,428
2022-02-24,Sonoma,097,501317,82217,81702,2528,84230,432
2022-02-24,Stanislaus,099,539301,116394,116896,17385,134281,1503
2022-02-24,Sutter,101,95872,20245,20230,2016,22246,214
2022-02-24,Tehama,103,63373,11924,11878,2598,14476,158
2022-02-24,Trinity,105,12862,1171,1156,292,1448,20
2022-02-24,Tulare,107,460477,105590,102983,28173,131156,1295
2022-02-24,Tuolumne,109,53932,12507,12169,554,12723,175
2022-02-24,Ventura,111,848112,171567,171292,9360,180652,1411
2022-02-24,Yolo,113,214977,36403,35615,3127,38742,296
2022-02-24,Yuba,115,75493,15631,15587,1179,16766,113
2022-02-23,Alameda,001,1643700,251418,247686,13525,261211,1713
2022-02-23,Alpine,003,1148,122,125,1,126,0
2022-02-23,Amador,005,37829,8348,8274,640,8914,79
2022-02-23,Butte,007,227075,32594,32417,6554,38971,367
2022-02-23,Calaveras,009,45235,7172,7182,344,7526,107
2022-02-23,Colusa,011,21464,3412,3411,1065,4476,21
2022-02-23,Contra Costa,013,1133247,185757,184013,12873,196886,1209
2022-02-23,Del Norte,015,27424,5619,5625,179,5804,45
2022-02-23,El Dorado,017,186661,26407,26317,3194,29511,189
2022-02-23,Fresno,019,978130,228528,225308,23687,248995,2596
2022-02-23,Glenn,021,27897,4924,4909,1588,6497,40
2022-02-23,Humboldt,023,135768,16586,16601,2888,19489,132
2022-02-23,Imperial,025,180216,54883,54292,10695,64987,871
2022-02-23,Inyo,027,18085,4040,4031,463,4494,54
2022-02-23,Kern,029,883053,190207,188432,45808,234240,2106
2022-02-23,Kings,031,150075,50862,50416,3575,53991,423
2022-02-23,Lake,033,64148,10468,10368,877,11245,126
2022-02-23,Lassen,035,31185,8812,8749,881,9630,55
2022-02-23,Los Angeles,037,10098052,2684605,2659569,122993,2782562,30167
2022-02-23,Madera,039,155013,36904,36876,6020,42896,330
2022-02-23,Marin,041,260295,32752,32625,2171,34796,267
2022-02-23,Mariposa,043,17540,2345,2325,194,2519,6
2022-02-23,Mendocino,045,87422,12856,12747,2960,15707,111
2022-02-23,Merced,047,269075,61519,61295,8477,69772,772
2022-02-23,Modoc,049,8938,728,723,248,971,7
2022-02-23,Mono,051,14174,2955,2960,119,3079,5
2022-02-23,Monterey,053,433212,78439,77472,13332,90804,691
2022-02-23,Napa,055,140530,25220,25185,933,26118,128
2022-02-23,Nevada,057,99092,15761,15825,1167,16992,121
2022-02-23,Orange,059,3164182,541534,539631,40916,580547,6520
2022-02-23,Placer,061,380077,62019,61758,7310,69068,573
2022-02-23,Plumas,063,18699,2938,2663,359,3022,13
2022-02-23,Riverside,065,2383286,587106,584381,27787,612168,6119
2022-02-23,Sacramento,067,1510023,277683,272057,26848,298905,2796
2022-02-23,San Benito,069,59416,12761,12756,506,13262,92
2022-02-23,San Bernardino,071,2135413,564995,555238,24857,580095,6479
2022-02-23,San Diego,073,3302833,741708,735406,51635,787041,4988
2022-02-23,San Francisco,075,870044,121216,122127,8119,130246,769
2022-02-23,San Joaquin,077,732212,164735,164257,9907,174164,2042
2022-02-23,San Luis Obispo,079,281455,51610,51264,3693,54957,434
2022-02-23,San Mateo,081,765935,119292,117585,6843,124428,603
2022-02-23,Santa Barbara,083,443738,84769,84760,4715,89475,651
2022-02-23,Santa Clara,085,1922200,304951,305484,12182,317666,2157
2022-02-23,Santa Cruz,087,273765,46578,46059,2095,48154,251
2022-02-23,Shasta,089,179085,30142,30066,6044,36110,481
2022-02-23,Sierra,091,2930,271,270,47,317,1
2022-02-23,Siskiyou,093,43540,4385,4356,2696,7052,71
2022-02-23,Solano,095,438530,80126,80103,5491,85594,427
2022-02-23,Sonoma,097,501317,82164,81594,2526,84120,432
2022-02-23,Stanislaus,099,539301,116317,116789,17376,134165,1482
2022-02-23,Sutter,101,95872,20228,20194,2012,22206,213
2022-02-23,Tehama,103,63373,11914,11863,2598,14461,154
2022-02-23,Trinity,105,12862,1171,1156,292,1448,20
2022-02-23,Tulare,107,460477,105524,102812,28147,130959,1290
2022-02-23,Tuolumne,109,53932,12498,12158,553,12711,175
2022-02-23,Ventura,111,848112,171480,171163,9353,180516,1401
2022-02-23,Yolo,113,214977,36366,35590,3120,38710,296
2022-02-23,Yuba,115,75493,15628,15571,1177,16748,113
2022-02-22,Alameda,001,1643700,251174,247434,13510,260944,1706
2022-02-22,Alpine,003,1148,122,124,1,125,0
2022-02-22,Amador,005,37829,8338,8243,640,8883,79
2022-02-22,Butte,007,227075,32560,32359,6548,38907,366
2022-02-22,Calaveras,009,45235,7163,7178,344,7522,107
2022-02-22,Colusa,011,21464,3412,3402,1063,4465,21
2022-02-22,Contra Costa,013,1133247,185604,183812,12854,196666,1201
2022-02-22,Del Norte,015,27424,5610,5611,178,5789,45
2022-02-22,El Dorado,017,186661,26397,26289,3194,29483,189
2022-02-22,Fresno,019,978130,228301,225104,23656,248760,2592
2022-02-22,Glenn,021,27897,4923,4900,1587,6487,40
2022-02-22,Humboldt,023,135768,16564,16559,2884,19443,132
2022-02-22,Imperial,025,180216,54851,54227,10691,64918,864
2022-02-22,Inyo,027,18085,4038,4026,461,4487,54
2022-02-22,Kern,029,883053,190086,188237,45771,234008,2102
2022-02-22,Kings,031,150075,50800,50359,3572,53931,423
2022-02-22,Lake,033,64148,10457,10353,875,11228,126
2022-02-22,Lassen,035,31185,8808,8730,881,9611,55
2022-02-22,Los Angeles,037,10098052,2683140,2658230,122905,2781135,30129
2022-02-22,Madera,039,155013,36871,36833,6010,42843,330
2022-02-22,Marin,041,260295,32727,32591,2170,34761,267
2022-02-22,Mariposa,043,17540,2337,2322,194,2516,6
2022-02-22,Mendocino,045,87422,12842,12714,2950,15664,110
2022-02-22,Merced,047,269075,61459,61241,8470,69711,770
2022-02-22,Modoc,049,8938,725,720,248,968,6
2022-02-22,Mono,051,14174,2955,2961,119,3080,5
2022-02-22,Monterey,053,433212,78386,77359,13312,90671,690
2022-02-22,Napa,055,140530,25191,25151,932,26083,128
2022-02-22,Nevada,057,99092,15745,15815,1166,16981,121
2022-02-22,Orange,059,3164182,541246,539390,40883,580273,6502
2022-02-22,Placer,061,380077,61981,61709,7305,69014,572
2022-02-22,Plumas,063,18699,2932,2659,357,3016,13
2022-02-22,Riverside,065,2383286,586850,583969,27765,611734,6097
2022-02-22,Sacramento,067,1510023,277494,271789,26824,298613,2775
2022-02-22,San Benito,069,59416,12750,12742,505,13247,92
2022-02-22,San Bernardino,071,2135413,564792,554903,24838,579741,6451
2022-02-22,San Diego,073,3302833,741185,734536,51580,786116,4974
2022-02-22,San Francisco,075,870044,121087,121954,8115,130069,769
2022-02-22,San Joaquin,077,732212,164611,164111,9896,174007,2040
2022-02-22,San Luis Obispo,079,281455,51525,51193,3687,54880,431
2022-02-22,San Mateo,081,765935,119198,117418,6838,124256,603
2022-02-22,Santa Barbara,083,443738,84707,84701,4709,89410,650
2022-02-22,Santa Clara,085,1922200,304668,305045,12176,317221,2155
2022-02-22,Santa Cruz,087,273765,46513,45958,2095,48053,251
2022-02-22,Shasta,089,179085,30117,30024,6039,36063,479
2022-02-22,Sierra,091,2930,271,269,46,315,0
2022-02-22,Siskiyou,093,43540,4382,4350,2691,7041,70
2022-02-22,Solano,095,438530,80050,79968,5489,85457,425
2022-02-22,Sonoma,097,501317,82098,81412,2522,83934,431
2022-02-22,Stanislaus,099,539301,116235,116676,17358,134034,1475
2022-02-22,Sutter,101,95872,20212,20164,2010,22174,210
2022-02-22,Tehama,103,63373,11905,11852,2597,14449,152
2022-02-22,Trinity,105,12862,1171,1147,291,1438,20
2022-02-22,Tulare,107,460477,105417,102717,28113,130830,1287
2022-02-22,Tuolumne,109,53932,12479,12136,552,12688,175
2022-02-22,Ventura,111,848112,171395,171064,9347,180411,1401
2022-02-22,Yolo,113,214977,36329,35527,3114,38641,292
2022-02-22,Yuba,115,75493,15618,15550,1176,16726,110
2022-02-21,Alameda,001,1643700,250889,247434,13494,260928,1704
2022-02-21,Alpine,003,1148,122,124,1,125,0
2022-02-21,Amador,005,37829,8332,8246,640,8886,79
2022-02-21,Butte,007,227075,32520,32356,6525,38881,366
2022-02-21,Calaveras,009,45235,7155,7175,344,7519,107
2022-02-21,Colusa,011,21464,3410,3401,1061,4462,21
2022-02-21,Contra Costa,013,1133247,185378,183701,12840,196541,1201
2022-02-21,Del Norte,015,27424,5592,5601,177,5778,45
2022-02-21,El Dorado,017,186661,26370,26273,3189,29462,189
2022-02-21,Fresno,019,978130,227987,224923,23600,248523,2592
2022-02-21,Glenn,021,27897,4918,4897,1587,6484,40
2022-02-21,Humboldt,023,135768,16520,16548,2876,19424,132
2022-02-21,Imperial,025,180216,54791,54208,10674,64882,864
2022-02-21,Inyo,027,18085,4035,4023,461,4484,54
2022-02-21,Kern,029,883053,189893,188188,45718,233906,2102
2022-02-21,Kings,031,150075,50734,50188,3569,53757,422
2022-02-21,Lake,033,64148,10435,10334,873,11207,126
2022-02-21,Lassen,035,31185,8800,8705,876,9581,55
2022-02-21,Los Angeles,037,10098052,2681361,2656873,122806,2779679,30108
2022-02-21,Madera,039,155013,36833,36796,5989,42785,330
2022-02-21,Marin,041,260295,32704,32570,2170,34740,258
2022-02-21,Mariposa,043,17540,2334,2321,194,2515,6
2022-02-21,Mendocino,045,87422,12816,12706,2938,15644,110
2022-02-21,Merced,047,269075,61402,61209,8453,69662,770
2022-02-21,Modoc,049,8938,724,718,248,966,6
2022-02-21,Mono,051,14174,2954,2960,119,3079,5
2022-02-21,Monterey,053,433212,78292,77354,13270,90624,690
2022-02-21,Napa,055,140530,25152,25126,932,26058,128
2022-02-21,Nevada,057,99092,15734,15810,1163,16973,121
2022-02-21,Orange,059,3164182,540893,539068,40858,579926,6502
2022-02-21,Placer,061,380077,61927,61727,7301,69028,572
2022-02-21,Plumas,063,18699,2928,2657,352,3009,13
2022-02-21,Riverside,065,2383286,586482,583712,27716,611428,6097
2022-02-21,Sacramento,067,1510023,277240,271588,26791,298379,2769
2022-02-21,San Benito,069,59416,12737,12731,505,13236,92
2022-02-21,San Bernardino,071,2135413,564553,554662,24816,579478,6441
2022-02-21,San Diego,073,3302833,740571,732298,51502,783800,4974
2022-02-21,San Francisco,075,870044,120906,121865,8111,129976,769
2022-02-21,San Joaquin,077,732212,164467,164036,9885,173921,2040
2022-02-21,San Luis Obispo,079,281455,51434,51184,3680,54864,429
2022-02-21,San Mateo,081,765935,119105,117259,6830,124089,605
2022-02-21,Santa Barbara,083,443738,84630,84626,4701,89327,650
2022-02-21,Santa Clara,085,1922200,304340,304858,12170,317028,2158
2022-02-21,Santa Cruz,087,273765,46386,45941,2094,48035,251
2022-02-21,Shasta,089,179085,30071,30004,6031,36035,479
2022-02-21,Sierra,091,2930,271,269,46,315,0
2022-02-21,Siskiyou,093,43540,4370,4337,2686,7023,70
2022-02-21,Solano,095,438530,79957,79906,5483,85389,425
2022-02-21,Sonoma,097,501317,81984,81361,2516,83877,431
2022-02-21,Stanislaus,099,539301,116123,116597,17334,133931,1475
2022-02-21,Sutter,101,95872,20186,20152,2008,22160,210
2022-02-21,Tehama,103,63373,11892,11842,2596,14438,152
2022-02-21,Trinity,105,12862,1170,1147,291,1438,20
2022-02-21,Tulare,107,460477,105321,102614,28066,130680,1287
2022-02-21,Tuolumne,109,53932,12468,12126,549,12675,175
2022-02-21,Ventura,111,848112,171256,170939,9338,180277,1401
2022-02-21,Yolo,113,214977,36286,35518,3105,38623,292
2022-02-21,Yuba,115,75493,15599,15546,1167,16713,110
2022-02-20,Alameda,001,1643700,250659,246028,13485,259513,1700
2022-02-20,Alpine,003,1148,122,124,1,125,0
2022-02-20,Amador,005,37829,8321,8203,640,8843,79
2022-02-20,Butte,007,227075,32491,32173,6520,38693,364
2022-02-20,Calaveras,009,45235,7152,7136,343,7479,107
2022-02-20,Colusa,011,21464,3407,3389,1060,4449,21
2022-02-20,Contra Costa,013,1133247,185250,182797,12835,195632,1190
2022-02-20,Del Norte,015,27424,5577,5511,177,5688,45
2022-02-20,El Dorado,017,186661,26349,26101,3188,29289,189
2022-02-20,Fresno,019,978130,227796,223594,23584,247178,2544
2022-02-20,Glenn,021,27897,4915,4881,1587,6468,39
2022-02-20,Humboldt,023,135768,16508,16393,2872,19265,132
2022-02-20,Imperial,025,180216,54726,53967,10661,64628,862
2022-02-20,Inyo,027,18085,4035,4018,460,4478,52
2022-02-20,Kern,029,883053,189758,187158,45674,232832,2095
2022-02-20,Kings,031,150075,50706,49724,3565,53289,421
2022-02-20,Lake,033,64148,10402,10184,872,11056,126
2022-02-20,Lassen,035,31185,8788,8640,876,9516,55
2022-02-20,Los Angeles,037,10098052,2680035,2642878,122720,2765598,29842
2022-02-20,Madera,039,155013,36802,36526,5985,42511,330
2022-02-20,Marin,041,260295,32687,32441,2169,34610,258
2022-02-20,Mariposa,043,17540,2328,2310,192,2502,6
2022-02-20,Mendocino,045,87422,12806,12625,2935,15560,110
2022-02-20,Merced,047,269075,61374,60886,8451,69337,769
2022-02-20,Modoc,049,8938,723,714,248,962,6
2022-02-20,Mono,051,14174,2954,2956,119,3075,5
2022-02-20,Monterey,053,433212,78232,76765,13256,90021,682
2022-02-20,Napa,055,140530,25130,24970,930,25900,127
2022-02-20,Nevada,057,99092,15723,15715,1162,16877,121
2022-02-20,Orange,059,3164182,540574,538019,40822,578841,6416
2022-02-20,Placer,061,380077,61895,61417,7293,68710,560
2022-02-20,Plumas,063,18699,2924,2646,350,2996,13
2022-02-20,Riverside,065,2383286,586214,581788,27688,609476,6087
2022-02-20,Sacramento,067,1510023,277061,270080,26766,296846,2747
2022-02-20,San Benito,069,59416,12734,12665,505,13170,92
2022-02-20,San Bernardino,071,2135413,564346,553151,24798,577949,6400
2022-02-20,San Diego,073,3302833,740000,729549,51439,780988,4947
2022-02-20,San Francisco,075,870044,120766,121197,8101,129298,756
2022-02-20,San Joaquin,077,732212,164348,163083,9874,172957,2033
2022-02-20,San Luis Obispo,079,281455,51405,50823,3676,54499,424
2022-02-20,San Mateo,081,765935,119031,116648,6822,123470,598
2022-02-20,Santa Barbara,083,443738,84586,83988,4699,88687,642
2022-02-20,Santa Clara,085,1922200,304060,303077,12162,315239,2138
2022-02-20,Santa Cruz,087,273765,46320,45532,2091,47623,250
2022-02-20,Shasta,089,179085,30041,29847,6024,35871,479
2022-02-20,Sierra,091,2930,271,269,46,315,0
2022-02-20,Siskiyou,093,43540,4365,4307,2685,6992,70
2022-02-20,Solano,095,438530,79882,78914,5478,84392,424
2022-02-20,Sonoma,097,501317,81910,80843,2513,83356,431
2022-02-20,Stanislaus,099,539301,116056,115976,17317,133293,1454
2022-02-20,Sutter,101,95872,20174,20060,2005,22065,210
2022-02-20,Tehama,103,63373,11880,11760,2593,14353,152
2022-02-20,Trinity,105,12862,1169,1130,291,1421,20
2022-02-20,Tulare,107,460477,105233,101996,28039,130035,1286
2022-02-20,Tuolumne,109,53932,12447,12036,548,12584,175
2022-02-20,Ventura,111,848112,171160,170331,9332,179663,1384
2022-02-20,Yolo,113,214977,36260,35363,3102,38465,293
2022-02-20,Yuba,115,75493,15584,15449,1166,16615,112
2022-02-19,Alameda,001,1643700,250484,246028,13482,259510,1700
2022-02-19,Alpine,003,1148,122,124,1,125,0
2022-02-19,Amador,005,37829,8317,8203,640,8843,79
2022-02-19,Butte,007,227075,32467,32173,6517,38690,364
2022-02-19,Calaveras,009,45235,7152,7136,343,7479,107
2022-02-19,Colusa,011,21464,3406,3389,1058,4447,21
2022-02-19,Contra Costa,013,1133247,185153,182797,12834,195631,1190
2022-02-19,Del Norte,015,27424,5567,5511,176,5687,45
2022-02-19,El Dorado,017,186661,26331,26101,3186,29287,189
2022-02-19,Fresno,019,978130,227680,223594,23575,247169,2544
2022-02-19,Glenn,021,27897,4911,4881,1587,6468,39
2022-02-19,Humboldt,023,135768,16493,16393,2872,19265,132
2022-02-19,Imperial,025,180216,54710,53967,10655,64622,862
2022-02-19,Inyo,027,18085,4034,4018,459,4477,52
2022-02-19,Kern,029,883053,189655,187158,45649,232807,2095
2022-02-19,Kings,031,150075,50683,49724,3563,53287,421
2022-02-19,Lake,033,64148,10393,10184,872,11056,126
2022-02-19,Lassen,035,31185,8776,8640,875,9515,55
2022-02-19,Los Angeles,037,10098052,2679241,2642878,122679,2765557,29842
2022-02-19,Madera,039,155013,36780,36526,5984,42510,330
2022-02-19,Marin,041,260295,32664,32441,2168,34609,258
2022-02-19,Mariposa,043,17540,2325,2310,192,2502,6
2022-02-19,Mendocino,045,87422,12796,12625,2935,15560,110
2022-02-19,Merced,047,269075,61329,60886,8447,69333,769
2022-02-19,Modoc,049,8938,723,714,247,961,6
2022-02-19,Mono,051,14174,2953,2956,119,3075,5
2022-02-19,Monterey,053,433212,78143,76765,13245,90010,682
2022-02-19,Napa,055,140530,25120,24970,930,25900,127
2022-02-19,Nevada,057,99092,15715,15715,1162,16877,121
2022-02-19,Orange,059,3164182,540372,538019,40797,578816,6416
2022-02-19,Placer,061,380077,61848,61417,7292,68709,560
2022-02-19,Plumas,063,18699,2923,2646,350,2996,13
2022-02-19,Riverside,065,2383286,586031,581788,27675,609463,6087
2022-02-19,Sacramento,067,1510023,276919,270080,26755,296835,2747
2022-02-19,San Benito,069,59416,12721,12665,504,13169,92
2022-02-19,San Bernardino,071,2135413,564183,553151,24791,577942,6400
2022-02-19,San Diego,073,3302833,739656,729549,51392,780941,4947
2022-02-19,San Francisco,075,870044,120680,121197,8097,129294,756
2022-02-19,San Joaquin,077,732212,164274,163083,9863,172946,2033
2022-02-19,San Luis Obispo,079,281455,51392,50823,3672,54495,424
2022-02-19,San Mateo,081,765935,118990,116648,6820,123468,598
2022-02-19,Santa Barbara,083,443738,84519,83988,4698,88686,642
2022-02-19,Santa Clara,085,1922200,303866,303077,12160,315237,2138
2022-02-19,Santa Cruz,087,273765,46282,45532,2089,47621,250
2022-02-19,Shasta,089,179085,30027,29847,6021,35868,479
2022-02-19,Sierra,091,2930,271,269,46,315,0
2022-02-19,Siskiyou,093,43540,4362,4307,2685,6992,70
2022-02-19,Solano,095,438530,79840,78914,5477,84391,424
2022-02-19,Sonoma,097,501317,81868,80843,2513,83356,431
2022-02-19,Stanislaus,099,539301,115985,115976,17311,133287,1454
2022-02-19,Sutter,101,95872,20166,20060,2005,22065,210
2022-02-19,Tehama,103,63373,11873,11760,2593,14353,152
2022-02-19,Trinity,105,12862,1167,1130,291,1421,20
2022-02-19,Tulare,107,460477,105185,101996,28013,130009,1286
2022-02-19,Tuolumne,109,53932,12438,12036,548,12584,175
2022-02-19,Ventura,111,848112,171085,170331,9328,179659,1384
2022-02-19,Yolo,113,214977,36229,35363,3098,38461,293
2022-02-19,Yuba,115,75493,15575,15449,1166,16615,112
2022-02-18,Alameda,001,1643700,250317,246028,13474,259502,1700
2022-02-18,Alpine,003,1148,121,124,1,125,0
2022-02-18,Amador,005,37829,8310,8203,638,8841,79
2022-02-18,Butte,007,227075,32446,32173,6511,38684,364
2022-02-18,Calaveras,009,45235,7147,7136,342,7478,107
2022-02-18,Colusa,011,21464,3404,3389,1058,4447,21
2022-02-18,Contra Costa,013,1133247,185046,182797,12828,195625,1190
2022-02-18,Del Norte,015,27424,5555,5511,176,5687,45
2022-02-18,El Dorado,017,186661,26320,26101,3186,29287,189
2022-02-18,Fresno,019,978130,227492,223594,23563,247157,2544
2022-02-18,Glenn,021,27897,4910,4881,1586,6467,39
2022-02-18,Humboldt,023,135768,16476,16393,2867,19260,132
2022-02-18,Imperial,025,180216,54684,53967,10644,64611,862
2022-02-18,Inyo,027,18085,4032,4018,459,4477,52
2022-02-18,Kern,029,883053,189543,187158,45604,232762,2095
2022-02-18,Kings,031,150075,50596,49724,3563,53287,421
2022-02-18,Lake,033,64148,10376,10184,870,11054,126
2022-02-18,Lassen,035,31185,8756,8640,874,9514,55
2022-02-18,Los Angeles,037,10098052,2678256,2642878,122624,2765502,29842
2022-02-18,Madera,039,155013,36757,36526,5982,42508,330
2022-02-18,Marin,041,260295,32646,32441,2166,34607,258
2022-02-18,Mariposa,043,17540,2323,2310,192,2502,6
2022-02-18,Mendocino,045,87422,12786,12625,2935,15560,110
2022-02-18,Merced,047,269075,61287,60886,8437,69323,769
2022-02-18,Modoc,049,8938,723,714,247,961,6
2022-02-18,Mono,051,14174,2953,2956,119,3075,5
2022-02-18,Monterey,053,433212,78070,76765,13237,90002,682
2022-02-18,Napa,055,140530,25102,24970,930,25900,127
2022-02-18,Nevada,057,99092,15707,15715,1162,16877,121
2022-02-18,Orange,059,3164182,540134,538019,40758,578777,6416
2022-02-18,Placer,061,380077,61819,61417,7284,68701,560
2022-02-18,Plumas,063,18699,2920,2646,350,2996,13
2022-02-18,Riverside,065,2383286,585850,581788,27666,609454,6087
2022-02-18,Sacramento,067,1510023,276728,270080,26747,296827,2747
2022-02-18,San Benito,069,59416,12713,12665,504,13169,92
2022-02-18,San Bernardino,071,2135413,564005,553151,24786,577937,6400
2022-02-18,San Diego,073,3302833,739233,729549,51367,780916,4947
2022-02-18,San Francisco,075,870044,120592,121197,8089,129286,756
2022-02-18,San Joaquin,077,732212,164204,163083,9855,172938,2033
2022-02-18,San Luis Obispo,079,281455,51376,50823,3669,54492,424
2022-02-18,San Mateo,081,765935,118925,116648,6817,123465,598
2022-02-18,Santa Barbara,083,443738,84479,83988,4696,88684,642
2022-02-18,Santa Clara,085,1922200,303630,303077,12159,315236,2138
2022-02-18,Santa Cruz,087,273765,46248,45532,2088,47620,250
2022-02-18,Shasta,089,179085,30014,29847,6020,35867,479
2022-02-18,Sierra,091,2930,271,269,46,315,0
2022-02-18,Siskiyou,093,43540,4359,4307,2683,6990,70
2022-02-18,Solano,095,438530,79770,78914,5476,84390,424
2022-02-18,Sonoma,097,501317,81812,80843,2512,83355,431
2022-02-18,Stanislaus,099,539301,115935,115976,17297,133273,1454
2022-02-18,Sutter,101,95872,20154,20060,2005,22065,210
2022-02-18,Tehama,103,63373,11862,11760,2593,14353,152
2022-02-18,Trinity,105,12862,1166,1130,290,1420,20
2022-02-18,Tulare,107,460477,105135,101996,27970,129966,1286
2022-02-18,Tuolumne,109,53932,12432,12036,547,12583,175
2022-02-18,Ventura,111,848112,170995,170331,9323,179654,1384
2022-02-18,Yolo,113,214977,36201,35363,3096,38459,293
2022-02-18,Yuba,115,75493,15560,15449,1166,16615,112
2022-02-17,Alameda,001,1643700,250054,246028,13453,259481,1700
2022-02-17,Alpine,003,1148,121,124,1,125,0
2022-02-17,Amador,005,37829,8306,8203,636,8839,79
2022-02-17,Butte,007,227075,32408,32173,6506,38679,364
2022-02-17,Calaveras,009,45235,7138,7136,339,7475,107
2022-02-17,Colusa,011,21464,3401,3389,1058,4447,21
2022-02-17,Contra Costa,013,1133247,184850,182797,12794,195591,1190
2022-02-17,Del Norte,015,27424,5534,5511,176,5687,45
2022-02-17,El Dorado,017,186661,26295,26101,3176,29277,189
2022-02-17,Fresno,019,978130,227199,223594,23532,247126,2544
2022-02-17,Glenn,021,27897,4908,4881,1583,6464,39
2022-02-17,Humboldt,023,135768,16436,16393,2866,19259,132
2022-02-17,Imperial,025,180216,54612,53967,10627,64594,862
2022-02-17,Inyo,027,18085,4030,4018,458,4476,52
2022-02-17,Kern,029,883053,189389,187158,45554,232712,2095
2022-02-17,Kings,031,150075,50532,49724,3557,53281,421
2022-02-17,Lake,033,64148,10346,10184,866,11050,126
2022-02-17,Lassen,035,31185,8746,8640,872,9512,55
2022-02-17,Los Angeles,037,10098052,2676417,2642878,122543,2765421,29842
2022-02-17,Madera,039,155013,36714,36526,5975,42501,330
2022-02-17,Marin,041,260295,32620,32441,2164,34605,258
2022-02-17,Mariposa,043,17540,2321,2310,191,2501,6
2022-02-17,Mendocino,045,87422,12769,12625,2932,15557,110
2022-02-17,Merced,047,269075,61213,60886,8419,69305,769
2022-02-17,Modoc,049,8938,722,714,247,961,6
2022-02-17,Mono,051,14174,2951,2956,119,3075,5
2022-02-17,Monterey,053,433212,77958,76765,13195,89960,682
2022-02-17,Napa,055,140530,25070,24970,928,25898,127
2022-02-17,Nevada,057,99092,15695,15715,1161,16876,121
2022-02-17,Orange,059,3164182,539796,538019,40730,578749,6416
2022-02-17,Placer,061,380077,61777,61417,7276,68693,560
2022-02-17,Plumas,063,18699,2917,2646,350,2996,13
2022-02-17,Riverside,065,2383286,585471,581788,27639,609427,6087
2022-02-17,Sacramento,067,1510023,276443,270080,26699,296779,2747
2022-02-17,San Benito,069,59416,12702,12665,504,13169,92
2022-02-17,San Bernardino,071,2135413,563704,553151,24772,577923,6400
2022-02-17,San Diego,073,3302833,738638,729549,51317,780866,4947
2022-02-17,San Francisco,075,870044,120458,121197,8078,129275,756
2022-02-17,San Joaquin,077,732212,164040,163083,9841,172924,2033
2022-02-17,San Luis Obispo,079,281455,51271,50823,3661,54484,424
2022-02-17,San Mateo,081,765935,118831,116648,6808,123456,598
2022-02-17,Santa Barbara,083,443738,84379,83988,4688,88676,642
2022-02-17,Santa Clara,085,1922200,303265,303077,12144,315221,2138
2022-02-17,Santa Cruz,087,273765,46167,45532,2086,47618,250
2022-02-17,Shasta,089,179085,29987,29847,6017,35864,479
2022-02-17,Sierra,091,2930,271,269,46,315,0
2022-02-17,Siskiyou,093,43540,4350,4307,2679,6986,70
2022-02-17,Solano,095,438530,79689,78914,5468,84382,424
2022-02-17,Sonoma,097,501317,81746,80843,2505,83348,431
2022-02-17,Stanislaus,099,539301,115832,115976,17280,133256,1454
2022-02-17,Sutter,101,95872,20139,20060,1997,22057,210
2022-02-17,Tehama,103,63373,11854,11760,2592,14352,152
2022-02-17,Trinity,105,12862,1164,1130,288,1418,20
2022-02-17,Tulare,107,460477,105023,101996,27944,129940,1286
2022-02-17,Tuolumne,109,53932,12421,12036,547,12583,175
2022-02-17,Ventura,111,848112,170855,170331,9322,179653,1384
2022-02-17,Yolo,113,214977,36163,35363,3095,38458,293
2022-02-17,Yuba,115,75493,15545,15449,1166,16615,112
2022-02-16,Alameda,001,1643700,249743,245662,13414,259076,1691
2022-02-16,Alpine,003,1148,121,124,1,125,0
2022-02-16,Amador,005,37829,8288,8197,634,8831,77
2022-02-16,Butte,007,227075,32365,32095,6494,38589,363
2022-02-16,Calaveras,009,45235,7134,7129,336,7465,107
2022-02-16,Colusa,011,21464,3396,3384,1058,4442,21
2022-02-16,Contra Costa,013,1133247,184614,182423,12757,195180,1179
2022-02-16,Del Norte,015,27424,5515,5473,172,5645,45
2022-02-16,El Dorado,017,186661,26268,26061,3172,29233,189
2022-02-16,Fresno,019,978130,226838,223056,23481,246537,2542
2022-02-16,Glenn,021,27897,4904,4873,1578,6451,39
2022-02-16,Humboldt,023,135768,16412,16342,2855,19197,132
2022-02-16,Imperial,025,180216,54534,53901,10597,64498,861
2022-02-16,Inyo,027,18085,4027,4013,455,4468,52
2022-02-16,Kern,029,883053,189171,186740,45463,232203,2084
2022-02-16,Kings,031,150075,50479,49575,3548,53123,420
2022-02-16,Lake,033,64148,10320,10145,866,11011,125
2022-02-16,Lassen,035,31185,8713,8618,872,9490,55
2022-02-16,Los Angeles,037,10098052,2674325,2640005,122431,2762436,29749
2022-02-16,Madera,039,155013,36646,36382,5960,42342,330
2022-02-16,Marin,041,260295,32584,32381,2161,34542,257
2022-02-16,Mariposa,043,17540,2319,2305,191,2496,6
2022-02-16,Mendocino,045,87422,12747,12605,2922,15527,108
2022-02-16,Merced,047,269075,61147,60776,8386,69162,767
2022-02-16,Modoc,049,8938,722,711,243,954,6
2022-02-16,Mono,051,14174,2949,2953,119,3072,5
2022-02-16,Monterey,053,433212,77810,76624,13154,89778,682
2022-02-16,Napa,055,140530,25031,24897,925,25822,128
2022-02-16,Nevada,057,99092,15678,15677,1157,16834,121
2022-02-16,Orange,059,3164182,539394,537934,40685,578619,6392
2022-02-16,Placer,061,380077,61733,61278,7263,68541,556
2022-02-16,Plumas,063,18699,2914,2644,348,2992,13
2022-02-16,Riverside,065,2383286,585072,580828,27592,608420,6064
2022-02-16,Sacramento,067,1510023,276118,269416,26643,296059,2736
2022-02-16,San Benito,069,59416,12675,12644,504,13148,92
2022-02-16,San Bernardino,071,2135413,563431,552353,24747,577100,6379
2022-02-16,San Diego,073,3302833,737880,728610,51242,779852,4931
2022-02-16,San Francisco,075,870044,120285,120987,8073,129060,756
2022-02-16,San Joaquin,077,732212,163871,162752,9831,172583,2032
2022-02-16,San Luis Obispo,079,281455,51199,50704,3648,54352,425
2022-02-16,San Mateo,081,765935,118713,116438,6790,123228,595
2022-02-16,Santa Barbara,083,443738,84303,83968,4675,88643,642
2022-02-16,Santa Clara,085,1922200,302880,302439,12109,314548,2130
2022-02-16,Santa Cruz,087,273765,46077,45274,2084,47358,250
2022-02-16,Shasta,089,179085,29949,29767,6005,35772,477
2022-02-16,Sierra,091,2930,270,269,46,315,0
2022-02-16,Siskiyou,093,43540,4343,4302,2673,6975,71
2022-02-16,Solano,095,438530,79574,78742,5461,84203,422
2022-02-16,Sonoma,097,501317,81618,80642,2495,83137,431
2022-02-16,Stanislaus,099,539301,115713,115751,17249,133000,1443
2022-02-16,Sutter,101,95872,20122,20020,1994,22014,210
2022-02-16,Tehama,103,63373,11837,11738,2590,14328,152
2022-02-16,Trinity,105,12862,1164,1130,287,1417,20
2022-02-16,Tulare,107,460477,104903,101817,27891,129708,1281
2022-02-16,Tuolumne,109,53932,12409,11991,546,12537,171
2022-02-16,Ventura,111,848112,170718,170117,9314,179431,1372
2022-02-16,Yolo,113,214977,36112,35284,3092,38376,292
2022-02-16,Yuba,115,75493,15523,15405,1163,16568,110
2022-02-15,Alameda,001,1643700,249391,245265,13384,258649,1683
2022-02-15,Alpine,003,1148,121,124,1,125,0
2022-02-15,Amador,005,37829,8278,8183,633,8816,77
2022-02-15,Butte,007,227075,32316,32011,6480,38491,361
2022-02-15,Calaveras,009,45235,7124,7115,336,7451,106
2022-02-15,Colusa,011,21464,3388,3374,1057,4431,21
2022-02-15,Contra Costa,013,1133247,184356,182041,12725,194766,1179
2022-02-15,Del Norte,015,27424,5488,5439,170,5609,45
2022-02-15,El Dorado,017,186661,26249,25988,3167,29155,189
2022-02-15,Fresno,019,978130,226462,222673,23416,246089,2543
2022-02-15,Glenn,021,27897,4895,4862,1577,6439,39
2022-02-15,Humboldt,023,135768,16368,16297,2840,19137,132
2022-02-15,Imperial,025,180216,54471,53813,10582,64395,860
2022-02-15,Inyo,027,18085,4026,4009,454,4463,52
2022-02-15,Kern,029,883053,188950,186324,45372,231696,2072
2022-02-15,Kings,031,150075,50386,49473,3539,53012,418
2022-02-15,Lake,033,64148,10288,10112,860,10972,123
2022-02-15,Lassen,035,31185,8699,8587,870,9457,55
2022-02-15,Los Angeles,037,10098052,2672067,2638266,122297,2760563,29691
2022-02-15,Madera,039,155013,36579,36260,5939,42199,330
2022-02-15,Marin,041,260295,32542,32355,2159,34514,255
2022-02-15,Mariposa,043,17540,2318,2302,191,2493,6
2022-02-15,Mendocino,045,87422,12730,12580,2903,15483,108
2022-02-15,Merced,047,269075,61064,60674,8355,69029,763
2022-02-15,Modoc,049,8938,720,710,240,950,6
2022-02-15,Mono,051,14174,2948,2952,119,3071,5
2022-02-15,Monterey,053,433212,77684,75530,13094,88624,682
2022-02-15,Napa,055,140530,24981,24832,918,25750,127
2022-02-15,Nevada,057,99092,15652,15643,1156,16799,121
2022-02-15,Orange,059,3164182,538935,537478,40641,578119,6374
2022-02-15,Placer,061,380077,61672,61170,7252,68422,554
2022-02-15,Plumas,063,18699,2910,2638,348,2986,13
2022-02-15,Riverside,065,2383286,584585,579940,27532,607472,6049
2022-02-15,Sacramento,067,1510023,275729,268950,26563,295513,2721
2022-02-15,San Benito,069,59416,12656,12616,504,13120,91
2022-02-15,San Bernardino,071,2135413,563068,551803,24725,576528,6372
2022-02-15,San Diego,073,3302833,736920,727486,51144,778630,4914
2022-02-15,San Francisco,075,870044,120114,120759,8061,128820,756
2022-02-15,San Joaquin,077,732212,163652,162518,9817,172335,2021
2022-02-15,San Luis Obispo,079,281455,51102,50534,3633,54167,419
2022-02-15,San Mateo,081,765935,118577,116253,6768,123021,595
2022-02-15,Santa Barbara,083,443738,84168,83734,4661,88395,640
2022-02-15,Santa Clara,085,1922200,302388,301831,12070,313901,2130
2022-02-15,Santa Cruz,087,273765,45973,45171,2079,47250,250
2022-02-15,Shasta,089,179085,29898,29684,5991,35675,477
2022-02-15,Sierra,091,2930,270,269,46,315,0
2022-02-15,Siskiyou,093,43540,4336,4288,2666,6954,70
2022-02-15,Solano,095,438530,79441,78626,5454,84080,426
2022-02-15,Sonoma,097,501317,81497,80433,2489,82922,431
2022-02-15,Stanislaus,099,539301,115572,115549,17216,132765,1429
2022-02-15,Sutter,101,95872,20094,19980,1989,21969,208
2022-02-15,Tehama,103,63373,11819,11717,2588,14305,151
2022-02-15,Trinity,105,12862,1158,1125,284,1409,20
2022-02-15,Tulare,107,460477,104749,101645,27832,129477,1278
2022-02-15,Tuolumne,109,53932,12390,11945,544,12489,171
2022-02-15,Ventura,111,848112,170544,169942,9306,179248,1372
2022-02-15,Yolo,113,214977,36061,35241,3082,38323,289
2022-02-15,Yuba,115,75493,15495,15372,1158,16530,109
2022-02-14,Alameda,001,1643700,248956,244315,13351,257666,1677
2022-02-14,Alpine,003,1148,121,125,1,126,0
2022-02-14,Amador,005,37829,8263,8164,630,8794,77
2022-02-14,Butte,007,227075,32259,31946,6465,38411,360
2022-02-14,Calaveras,009,45235,7111,7097,334,7431,106
2022-02-14,Colusa,011,21464,3385,3367,1053,4420,21
2022-02-14,Contra Costa,013,1133247,184071,181753,12686,194439,1167
2022-02-14,Del Norte,015,27424,5466,5426,169,5595,45
2022-02-14,El Dorado,017,186661,26214,25915,3158,29073,188
2022-02-14,Fresno,019,978130,225982,222360,23326,245686,2538
2022-02-14,Glenn,021,27897,4889,4854,1577,6431,39
2022-02-14,Humboldt,023,135768,16328,16264,2815,19079,132
2022-02-14,Imperial,025,180216,54400,53765,10553,64318,860
2022-02-14,Inyo,027,18085,4025,4010,453,4463,52
2022-02-14,Kern,029,883053,188607,186037,45263,231300,2063
2022-02-14,Kings,031,150075,50280,49395,3530,52925,419
2022-02-14,Lake,033,64148,10251,10090,857,10947,123
2022-02-14,Lassen,035,31185,8689,8539,868,9407,55
2022-02-14,Los Angeles,037,10098052,2669487,2636064,122168,2758232,29650
2022-02-14,Madera,039,155013,36514,36194,5916,42110,330
2022-02-14,Marin,041,260295,32506,32304,2156,34460,255
2022-02-14,Mariposa,043,17540,2311,2295,191,2486,6
2022-02-14,Mendocino,045,87422,12703,12541,2871,15412,108
2022-02-14,Merced,047,269075,60975,60591,8310,68901,758
2022-02-14,Modoc,049,8938,715,707,240,947,6
2022-02-14,Mono,051,14174,2947,2954,119,3073,5
2022-02-14,Monterey,053,433212,77512,75407,13010,88417,678
2022-02-14,Napa,055,140530,24922,24776,918,25694,127
2022-02-14,Nevada,057,99092,15633,15629,1155,16784,121
2022-02-14,Orange,059,3164182,538429,536924,40575,577499,6355
2022-02-14,Placer,061,380077,61602,61123,7237,68360,554
2022-02-14,Plumas,063,18699,2908,2631,348,2979,13
2022-02-14,Riverside,065,2383286,584039,579174,27462,606636,5994
2022-02-14,Sacramento,067,1510023,275290,268547,26449,294996,2717
2022-02-14,San Benito,069,59416,12632,12598,503,13101,91
2022-02-14,San Bernardino,071,2135413,562653,551338,24705,576043,6372
2022-02-14,San Diego,073,3302833,735953,723902,51045,774947,4894
2022-02-14,San Francisco,075,870044,119924,120581,8051,128632,756
2022-02-14,San Joaquin,077,732212,163412,162363,9794,172157,2018
2022-02-14,San Luis Obispo,079,281455,50993,50465,3623,54088,416
2022-02-14,San Mateo,081,765935,118412,116129,6759,122888,592
2022-02-14,Santa Barbara,083,443738,84022,83697,4651,88348,636
2022-02-14,Santa Clara,085,1922200,301852,301319,12046,313365,2127
2022-02-14,Santa Cruz,087,273765,45810,45042,2075,47117,250
2022-02-14,Shasta,089,179085,29812,29595,5973,35568,474
2022-02-14,Sierra,091,2930,270,269,46,315,0
2022-02-14,Siskiyou,093,43540,4323,4278,2652,6930,69
2022-02-14,Solano,095,438530,79262,78533,5442,83975,427
2022-02-14,Sonoma,097,501317,81356,80336,2479,82815,431
2022-02-14,Stanislaus,099,539301,115395,115426,17170,132596,1406
2022-02-14,Sutter,101,95872,20066,19957,1983,21940,209
2022-02-14,Tehama,103,63373,11796,11686,2587,14273,151
2022-02-14,Trinity,105,12862,1155,1123,284,1407,20
2022-02-14,Tulare,107,460477,104542,101448,27731,129179,1276
2022-02-14,Tuolumne,109,53932,12361,11920,541,12461,170
2022-02-14,Ventura,111,848112,170367,169725,9294,179019,1361
2022-02-14,Yolo,113,214977,36003,35112,3072,38184,286
2022-02-14,Yuba,115,75493,15465,15375,1154,16529,108
2022-02-13,Alameda,001,1643700,248464,243681,13316,256997,1677
2022-02-13,Alpine,003,1148,121,125,1,126,0
2022-02-13,Amador,005,37829,8234,8146,627,8773,77
2022-02-13,Butte,007,227075,32187,31865,6441,38306,360
2022-02-13,Calaveras,009,45235,7104,7083,331,7414,106
2022-02-13,Colusa,011,21464,3382,3366,1051,4417,21
2022-02-13,Contra Costa,013,1133247,183706,181313,12621,193934,1159
2022-02-13,Del Norte,015,27424,5433,5379,169,5548,45
2022-02-13,El Dorado,017,186661,26178,25871,3150,29021,188
2022-02-13,Fresno,019,978130,225442,221686,23259,244945,2537
2022-02-13,Glenn,021,27897,4879,4847,1574,6421,39
2022-02-13,Humboldt,023,135768,16281,16210,2787,18997,132
2022-02-13,Imperial,025,180216,54302,53658,10514,64172,860
2022-02-13,Inyo,027,18085,4022,4006,451,4457,52
2022-02-13,Kern,029,883053,188355,185640,45176,230816,2063
2022-02-13,Kings,031,150075,50153,49243,3516,52759,416
2022-02-13,Lake,033,64148,10188,10042,849,10891,123
2022-02-13,Lassen,035,31185,8664,8503,866,9369,55
2022-02-13,Los Angeles,037,10098052,2666318,2631267,122023,2753290,29595
2022-02-13,Madera,039,155013,36396,36054,5887,41941,330
2022-02-13,Marin,041,260295,32435,32222,2149,34371,255
2022-02-13,Mariposa,043,17540,2305,2292,189,2481,6
2022-02-13,Mendocino,045,87422,12674,12521,2830,15351,108
2022-02-13,Merced,047,269075,60833,60460,8256,68716,758
2022-02-13,Modoc,049,8938,713,704,233,937,6
2022-02-13,Mono,051,14174,2946,2949,119,3068,5
2022-02-13,Monterey,053,433212,77305,75295,12935,88230,678
2022-02-13,Napa,055,140530,24845,24743,915,25658,127
2022-02-13,Nevada,057,99092,15599,15590,1148,16738,121
2022-02-13,Orange,059,3164182,537801,536134,40513,576647,6355
2022-02-13,Placer,061,380077,61525,61020,7213,68233,554
2022-02-13,Plumas,063,18699,2900,2626,345,2971,13
2022-02-13,Riverside,065,2383286,583447,578363,27417,605780,5995
2022-02-13,Sacramento,067,1510023,274781,267947,26316,294263,2699
2022-02-13,San Benito,069,59416,12599,12578,502,13080,91
2022-02-13,San Bernardino,071,2135413,562165,550632,24671,575303,6367
2022-02-13,San Diego,073,3302833,734818,723902,50926,774828,4894
2022-02-13,San Francisco,075,870044,119672,120295,8039,128334,756
2022-02-13,San Joaquin,077,732212,163106,162028,9765,171793,2018
2022-02-13,San Luis Obispo,079,281455,50848,50384,3615,53999,415
2022-02-13,San Mateo,081,765935,118191,115876,6734,122610,592
2022-02-13,Santa Barbara,083,443738,83858,83547,4643,88190,635
2022-02-13,Santa Clara,085,1922200,301212,300412,12009,312421,2114
2022-02-13,Santa Cruz,087,273765,45655,44887,2073,46960,240
2022-02-13,Shasta,089,179085,29733,29531,5948,35479,474
2022-02-13,Sierra,091,2930,270,269,46,315,0
2022-02-13,Siskiyou,093,43540,4316,4264,2636,6900,69
2022-02-13,Solano,095,438530,79106,78424,5417,83841,426
2022-02-13,Sonoma,097,501317,81190,80172,2467,82639,431
2022-02-13,Stanislaus,099,539301,115199,115156,17129,132285,1406
2022-02-13,Sutter,101,95872,20027,19900,1983,21883,209
2022-02-13,Tehama,103,63373,11770,11644,2582,14226,151
2022-02-13,Trinity,105,12862,1152,1120,281,1401,20
2022-02-13,Tulare,107,460477,104324,101135,27637,128772,1276
2022-02-13,Tuolumne,109,53932,12336,11891,536,12427,170
2022-02-13,Ventura,111,848112,170173,169422,9274,178696,1361
2022-02-13,Yolo,113,214977,35936,35057,3060,38117,286
2022-02-13,Yuba,115,75493,15431,15346,1152,16498,107
2022-02-12,Alameda,001,1643700,248244,242137,13302,255439,1668
2022-02-12,Alpine,003,1148,121,124,1,125,0
2022-02-12,Amador,005,37829,8228,8091,627,8718,76
2022-02-12,Butte,007,227075,32160,31601,6436,38037,360
2022-02-12,Calaveras,009,45235,7101,7022,330,7352,106
2022-02-12,Colusa,011,21464,3379,3345,1051,4396,21
2022-02-12,Contra Costa,013,1133247,183515,180270,12614,192884,1141
2022-02-12,Del Norte,015,27424,5413,5262,169,5431,45
2022-02-12,El Dorado,017,186661,26162,25692,3150,28842,188
2022-02-12,Fresno,019,978130,225228,219909,23242,243151,2509
2022-02-12,Glenn,021,27897,4878,4818,1573,6391,39
2022-02-12,Humboldt,023,135768,16258,16058,2783,18841,132
2022-02-12,Imperial,025,180216,54258,53304,10503,63807,860
2022-02-12,Inyo,027,18085,4020,3991,451,4442,52
2022-02-12,Kern,029,883053,188244,184639,45139,229778,2037
2022-02-12,Kings,031,150075,50113,48893,3509,52402,415
2022-02-12,Lake,033,64148,10167,9926,844,10770,123
2022-02-12,Lassen,035,31185,8641,8477,865,9342,55
2022-02-12,Los Angeles,037,10098052,2665158,2616426,121946,2738372,29364
2022-02-12,Madera,039,155013,36362,35710,5880,41590,330
2022-02-12,Marin,041,260295,32403,32048,2146,34194,255
2022-02-12,Mariposa,043,17540,2305,2286,189,2475,6
2022-02-12,Mendocino,045,87422,12658,12439,2830,15269,107
2022-02-12,Merced,047,269075,60779,60187,8251,68438,758
2022-02-12,Modoc,049,8938,713,697,233,930,6
2022-02-12,Mono,051,14174,2945,2939,119,3058,5
2022-02-12,Monterey,053,433212,77244,74842,12910,87752,672
2022-02-12,Napa,055,140530,24817,24530,915,25445,124
2022-02-12,Nevada,057,99092,15586,15499,1146,16645,119
2022-02-12,Orange,059,3164182,537512,534503,40477,574980,6305
2022-02-12,Placer,061,380077,61467,60636,7210,67846,554
2022-02-12,Plumas,063,18699,2899,2617,344,2961,13
2022-02-12,Riverside,065,2383286,583085,575566,27393,602959,5961
2022-02-12,Sacramento,067,1510023,274544,266347,26307,292654,2686
2022-02-12,San Benito,069,59416,12587,12526,502,13028,91
2022-02-12,San Bernardino,071,2135413,561932,548822,24658,573480,6360
2022-02-12,San Diego,073,3302833,734320,720287,50877,771164,4854
2022-02-12,San Francisco,075,870044,119550,119113,8028,127141,740
2022-02-12,San Joaquin,077,732212,162976,161234,9759,170993,2014
2022-02-12,San Luis Obispo,079,281455,50812,50064,3611,53675,416
2022-02-12,San Mateo,081,765935,118103,115235,6726,121961,589
2022-02-12,Santa Barbara,083,443738,83772,83390,4633,88023,631
2022-02-12,Santa Clara,085,1922200,300874,298176,12001,310177,2093
2022-02-12,Santa Cruz,087,273765,45619,44447,2071,46518,239
2022-02-12,Shasta,089,179085,29704,29370,5944,35314,473
2022-02-12,Sierra,091,2930,270,268,46,314,0
2022-02-12,Siskiyou,093,43540,4309,4231,2633,6864,68
2022-02-12,Solano,095,438530,79064,77865,5414,83279,424
2022-02-12,Sonoma,097,501317,81086,79533,2465,81998,431
2022-02-12,Stanislaus,099,539301,115074,114531,17117,131648,1406
2022-02-12,Sutter,101,95872,20012,19800,1983,21783,211
2022-02-12,Tehama,103,63373,11755,11580,2582,14162,151
2022-02-12,Trinity,105,12862,1151,1115,281,1396,20
2022-02-12,Tulare,107,460477,104229,100434,27598,128032,1273
2022-02-12,Tuolumne,109,53932,12318,11754,536,12290,125
2022-02-12,Ventura,111,848112,170065,168736,9269,178005,1340
2022-02-12,Yolo,113,214977,35894,34773,3057,37830,286
2022-02-12,Yuba,115,75493,15417,15242,1151,16393,107
2022-02-11,Alameda,001,1643700,247964,242137,13288,255425,1668
2022-02-11,Alpine,003,1148,121,124,1,125,0
2022-02-11,Amador,005,37829,8216,8091,627,8718,76
2022-02-11,Butte,007,227075,32116,31601,6425,38026,360
2022-02-11,Calaveras,009,45235,7098,7022,330,7352,106
2022-02-11,Colusa,011,21464,3377,3345,1050,4395,21
2022-02-11,Contra Costa,013,1133247,183311,180270,12595,192865,1141
2022-02-11,Del Norte,015,27424,5398,5262,168,5430,45
2022-02-11,El Dorado,017,186661,26143,25692,3149,28841,188
2022-02-11,Fresno,019,978130,224932,219909,23224,243133,2509
2022-02-11,Glenn,021,27897,4874,4818,1573,6391,39
2022-02-11,Humboldt,023,135768,16229,16058,2778,18836,132
2022-02-11,Imperial,025,180216,54228,53304,10492,63796,860
2022-02-11,Inyo,027,18085,4016,3991,446,4437,52
2022-02-11,Kern,029,883053,188086,184639,45085,229724,2037
2022-02-11,Kings,031,150075,50073,48893,3508,52401,415
2022-02-11,Lake,033,64148,10142,9926,842,10768,123
2022-02-11,Lassen,035,31185,8601,8477,865,9342,55
2022-02-11,Los Angeles,037,10098052,2663530,2616426,121857,2738283,29364
2022-02-11,Madera,039,155013,36320,35710,5874,41584,330
2022-02-11,Marin,041,260295,32371,32048,2143,34191,255
2022-02-11,Mariposa,043,17540,2300,2286,189,2475,6
2022-02-11,Mendocino,045,87422,12642,12439,2830,15269,107
2022-02-11,Merced,047,269075,60729,60187,8244,68431,758
2022-02-11,Modoc,049,8938,711,697,233,930,6
2022-02-11,Mono,051,14174,2944,2939,119,3058,5
2022-02-11,Monterey,053,433212,77128,74842,12896,87738,672
2022-02-11,Napa,055,140530,24790,24530,915,25445,124
2022-02-11,Nevada,057,99092,15572,15499,1143,16642,119
2022-02-11,Orange,059,3164182,537161,534503,40413,574916,6305
2022-02-11,Placer,061,380077,61415,60636,7208,67844,554
2022-02-11,Plumas,063,18699,2895,2617,342,2959,13
2022-02-11,Riverside,065,2383286,582666,575566,27377,602943,5961
2022-02-11,Sacramento,067,1510023,274279,266347,26295,292642,2686
2022-02-11,San Benito,069,59416,12582,12526,502,13028,91
2022-02-11,San Bernardino,071,2135413,561616,548822,24643,573465,6360
2022-02-11,San Diego,073,3302833,733619,720287,50818,771105,4854
2022-02-11,San Francisco,075,870044,119429,119113,8012,127125,740
2022-02-11,San Joaquin,077,732212,162808,161234,9747,170981,2014
2022-02-11,San Luis Obispo,079,281455,50775,50064,3607,53671,416
2022-02-11,San Mateo,081,765935,117985,115235,6717,121952,589
2022-02-11,Santa Barbara,083,443738,83688,83390,4632,88022,631
2022-02-11,Santa Clara,085,1922200,300448,298176,11981,310157,2093
2022-02-11,Santa Cruz,087,273765,45528,44447,2071,46518,239
2022-02-11,Shasta,089,179085,29673,29370,5936,35306,473
2022-02-11,Sierra,091,2930,269,268,45,313,0
2022-02-11,Siskiyou,093,43540,4298,4231,2627,6858,68
2022-02-11,Solano,095,438530,78940,77865,5409,83274,424
2022-02-11,Sonoma,097,501317,80998,79533,2460,81993,431
2022-02-11,Stanislaus,099,539301,114972,114531,17103,131634,1406
2022-02-11,Sutter,101,95872,19989,19800,1981,21781,211
2022-02-11,Tehama,103,63373,11742,11580,2581,14161,151
2022-02-11,Trinity,105,12862,1150,1115,280,1395,20
2022-02-11,Tulare,107,460477,104110,100434,27544,127978,1273
2022-02-11,Tuolumne,109,53932,12303,11754,534,12288,125
2022-02-11,Ventura,111,848112,169926,168736,9264,178000,1340
2022-02-11,Yolo,113,214977,35861,34773,3055,37828,286
2022-02-11,Yuba,115,75493,15400,15242,1150,16392,107
2022-02-10,Alameda,001,1643700,247439,242137,13241,255378,1668
2022-02-10,Alpine,003,1148,121,124,1,125,0
2022-02-10,Amador,005,37829,8204,8091,620,8711,76
2022-02-10,Butte,007,227075,32064,31601,6413,38014,360
2022-02-10,Calaveras,009,45235,7086,7022,328,7350,106
2022-02-10,Colusa,011,21464,3371,3345,1048,4393,21
2022-02-10,Contra Costa,013,1133247,182950,180270,12530,192800,1141
2022-02-10,Del Norte,015,27424,5369,5262,166,5428,45
2022-02-10,El Dorado,017,186661,26098,25692,3142,28834,188
2022-02-10,Fresno,019,978130,224352,219909,23135,243044,2509
2022-02-10,Glenn,021,27897,4870,4818,1571,6389,39
2022-02-10,Humboldt,023,135768,16179,16058,2756,18814,132
2022-02-10,Imperial,025,180216,54158,53304,10448,63752,860
2022-02-10,Inyo,027,18085,4012,3991,446,4437,52
2022-02-10,Kern,029,883053,187777,184639,44972,229611,2037
2022-02-10,Kings,031,150075,49962,48893,3497,52390,415
2022-02-10,Lake,033,64148,10111,9926,840,10766,123
2022-02-10,Lassen,035,31185,8587,8477,863,9340,55
2022-02-10,Los Angeles,037,10098052,2660379,2616426,121669,2738095,29364
2022-02-10,Madera,039,155013,36222,35710,5842,41552,330
2022-02-10,Marin,041,260295,32313,32048,2131,34179,255
2022-02-10,Mariposa,043,17540,2296,2286,188,2474,6
2022-02-10,Mendocino,045,87422,12620,12439,2806,15245,107
2022-02-10,Merced,047,269075,60604,60187,8188,68375,758
2022-02-10,Modoc,049,8938,710,697,232,929,6
2022-02-10,Mono,051,14174,2942,2939,118,3057,5
2022-02-10,Monterey,053,433212,76945,74842,12809,87651,672
2022-02-10,Napa,055,140530,24725,24530,913,25443,124
2022-02-10,Nevada,057,99092,15547,15499,1142,16641,119
2022-02-10,Orange,059,3164182,536510,534503,40343,574846,6305
2022-02-10,Placer,061,380077,61334,60636,7199,67835,554
2022-02-10,Plumas,063,18699,2892,2617,335,2952,13
2022-02-10,Riverside,065,2383286,581937,575566,27319,602885,5961
2022-02-10,Sacramento,067,1510023,273799,266347,26203,292550,2686
2022-02-10,San Benito,069,59416,12561,12526,500,13026,91
2022-02-10,San Bernardino,071,2135413,561073,548822,24611,573433,6360
2022-02-10,San Diego,073,3302833,732511,720287,50698,770985,4854
2022-02-10,San Francisco,075,870044,119216,119113,7994,127107,740
2022-02-10,San Joaquin,077,732212,162495,161234,9739,170973,2014
2022-02-10,San Luis Obispo,079,281455,50676,50064,3596,53660,416
2022-02-10,San Mateo,081,765935,117759,115235,6700,121935,589
2022-02-10,Santa Barbara,083,443738,83504,83390,4625,88015,631
2022-02-10,Santa Clara,085,1922200,299778,298176,11923,310099,2093
2022-02-10,Santa Cruz,087,273765,45384,44447,2070,46517,239
2022-02-10,Shasta,089,179085,29611,29370,5916,35286,473
2022-02-10,Sierra,091,2930,269,268,45,313,0
2022-02-10,Siskiyou,093,43540,4293,4231,2614,6845,68
2022-02-10,Solano,095,438530,78748,77865,5391,83256,424
2022-02-10,Sonoma,097,501317,80862,79533,2444,81977,431
2022-02-10,Stanislaus,099,539301,114793,114531,17059,131590,1406
2022-02-10,Sutter,101,95872,19950,19800,1966,21766,211
2022-02-10,Tehama,103,63373,11712,11580,2578,14158,151
2022-02-10,Trinity,105,12862,1147,1115,279,1394,20
2022-02-10,Tulare,107,460477,103921,100434,27463,127897,1273
2022-02-10,Tuolumne,109,53932,12281,11754,529,12283,125
2022-02-10,Ventura,111,848112,169645,168736,9249,177985,1340
2022-02-10,Yolo,113,214977,35783,34773,3049,37822,286
2022-02-10,Yuba,115,75493,15368,15242,1144,16386,107
2022-02-09,Alameda,001,1643700,246907,241141,13182,254323,1668
2022-02-09,Alpine,003,1148,120,124,1,125,0
2022-02-09,Amador,005,37829,8190,8069,615,8684,76
2022-02-09,Butte,007,227075,31971,31433,6397,37830,359
2022-02-09,Calaveras,009,45235,7071,7005,324,7329,106
2022-02-09,Colusa,011,21464,3368,3331,1047,4378,21
2022-02-09,Contra Costa,013,1133247,182597,179695,12483,192178,1132
2022-02-09,Del Norte,015,27424,5321,5204,165,5369,45
2022-02-09,El Dorado,017,186661,26061,25572,3130,28702,186
2022-02-09,Fresno,019,978130,223737,218989,23043,242032,2502
2022-02-09,Glenn,021,27897,4857,4804,1570,6374,39
2022-02-09,Humboldt,023,135768,16131,15929,2731,18660,131
2022-02-09,Imperial,025,180216,54055,53102,10375,63477,858
2022-02-09,Inyo,027,18085,4006,3989,445,4434,52
2022-02-09,Kern,029,883053,187400,184068,44857,228925,2021
2022-02-09,Kings,031,150075,49851,48718,3491,52209,410
2022-02-09,Lake,033,64148,10071,9880,835,10715,124
2022-02-09,Lassen,035,31185,8562,8459,862,9321,55
2022-02-09,Los Angeles,037,10098052,2656695,2611611,121533,2733144,29263
2022-02-09,Madera,039,155013,36124,35559,5809,41368,330
2022-02-09,Marin,041,260295,32263,31965,2124,34089,255
2022-02-09,Mariposa,043,17540,2293,2279,188,2467,6
2022-02-09,Mendocino,045,87422,12586,12378,2777,15155,107
2022-02-09,Merced,047,269075,60474,59952,8136,68088,755
2022-02-09,Modoc,049,8938,707,691,231,922,6
2022-02-09,Mono,051,14174,2940,2937,118,3055,5
2022-02-09,Monterey,053,433212,76743,74500,12719,87219,670
2022-02-09,Napa,055,140530,24679,24429,908,25337,123
2022-02-09,Nevada,057,99092,15526,15446,1140,16586,119
2022-02-09,Orange,059,3164182,535879,534316,40263,574579,6263
2022-02-09,Placer,061,380077,61239,60490,7179,67669,553
2022-02-09,Plumas,063,18699,2887,2609,331,2940,13
2022-02-09,Riverside,065,2383286,581191,573907,27272,601179,5911
2022-02-09,Sacramento,067,1510023,273232,265624,26084,291708,2673
2022-02-09,San Benito,069,59416,12537,12492,500,12992,91
2022-02-09,San Bernardino,071,2135413,560464,547768,24583,572351,6349
2022-02-09,San Diego,073,3302833,731161,717896,50588,768484,4832
2022-02-09,San Francisco,075,870044,118966,118550,7983,126533,731
2022-02-09,San Joaquin,077,732212,162191,160618,9729,170347,2014
2022-02-09,San Luis Obispo,079,281455,50530,49833,3591,53424,414
2022-02-09,San Mateo,081,765935,117571,114890,6659,121549,589
2022-02-09,Santa Barbara,083,443738,83322,82830,4619,87449,629
2022-02-09,Santa Clara,085,1922200,299060,297157,11865,309022,2090
2022-02-09,Santa Cruz,087,273765,45202,44200,2063,46263,239
2022-02-09,Shasta,089,179085,29542,29215,5895,35110,471
2022-02-09,Sierra,091,2930,268,268,44,312,0
2022-02-09,Siskiyou,093,43540,4279,4217,2608,6825,68
2022-02-09,Solano,095,438530,78556,77299,5379,82678,423
2022-02-09,Sonoma,097,501317,80689,79165,2437,81602,431
2022-02-09,Stanislaus,099,539301,114544,114039,16812,130851,1406
2022-02-09,Sutter,101,95872,19908,19758,1953,21711,207
2022-02-09,Tehama,103,63373,11685,11542,2574,14116,149
2022-02-09,Trinity,105,12862,1143,1110,278,1388,20
2022-02-09,Tulare,107,460477,103706,100049,27366,127415,1271
2022-02-09,Tuolumne,109,53932,12243,11702,526,12228,95
2022-02-09,Ventura,111,848112,169408,168253,9237,177490,1325
2022-02-09,Yolo,113,214977,35712,34588,3033,37621,285
2022-02-09,Yuba,115,75493,15337,15187,1132,16319,105
2022-02-08,Alameda,001,1643700,246271,240587,13108,253695,1651
2022-02-08,Alpine,003,1148,120,124,1,125,0
2022-02-08,Amador,005,37829,8182,8050,608,8658,76
2022-02-08,Butte,007,227075,31886,31353,6373,37726,359
2022-02-08,Calaveras,009,45235,7054,6981,322,7303,101
2022-02-08,Colusa,011,21464,3360,3320,1046,4366,21
2022-02-08,Contra Costa,013,1133247,182165,179078,12405,191483,1132
2022-02-08,Del Norte,015,27424,5295,5156,160,5316,44
2022-02-08,El Dorado,017,186661,26016,25446,3119,28565,186
2022-02-08,Fresno,019,978130,222990,218416,22937,241353,2502
2022-02-08,Glenn,021,27897,4840,4784,1566,6350,39
2022-02-08,Humboldt,023,135768,16070,15865,2698,18563,130
2022-02-08,Imperial,025,180216,53926,52977,10331,63308,855
2022-02-08,Inyo,027,18085,4001,3983,445,4428,52
2022-02-08,Kern,029,883053,187064,183519,44724,228243,2010
2022-02-08,Kings,031,150075,49691,48479,3479,51958,411
2022-02-08,Lake,033,64148,10041,9806,829,10635,125
2022-02-08,Lassen,035,31185,8553,8423,858,9281,55
2022-02-08,Los Angeles,037,10098052,2652359,2611204,121343,2732547,29259
2022-02-08,Madera,039,155013,36017,35381,5753,41134,330
2022-02-08,Marin,041,260295,32189,31878,2119,33997,255
2022-02-08,Mariposa,043,17540,2291,2266,180,2446,6
2022-02-08,Mendocino,045,87422,12554,12336,2746,15082,107
2022-02-08,Merced,047,269075,60365,59789,8077,67866,751
2022-02-08,Modoc,049,8938,703,684,231,915,6
2022-02-08,Mono,051,14174,2939,2932,118,3050,5
2022-02-08,Monterey,053,433212,76536,74316,12625,86941,670
2022-02-08,Napa,055,140530,24606,24346,901,25247,121
2022-02-08,Nevada,057,99092,15499,15383,1137,16520,117
2022-02-08,Orange,059,3164182,535193,533507,40175,573682,6205
2022-02-08,Placer,061,380077,61131,60301,7166,67467,553
2022-02-08,Plumas,063,18699,2876,2596,324,2920,13
2022-02-08,Riverside,065,2383286,580360,571892,27196,599088,5908
2022-02-08,Sacramento,067,1510023,272561,264479,25901,290380,2664
2022-02-08,San Benito,069,59416,12513,12434,498,12932,91
2022-02-08,San Bernardino,071,2135413,559753,544658,24538,569196,6335
2022-02-08,San Diego,073,3302833,729591,717896,50457,768353,4832
2022-02-08,San Francisco,075,870044,118653,117942,7974,125916,731
2022-02-08,San Joaquin,077,732212,161808,160147,9710,169857,2005
2022-02-08,San Luis Obispo,079,281455,50360,49556,3559,53115,410
2022-02-08,San Mateo,081,765935,117353,114541,6629,121170,589
2022-02-08,Santa Barbara,083,443738,83153,82461,4593,87054,627
2022-02-08,Santa Clara,085,1922200,298180,295679,11815,307494,2091
2022-02-08,Santa Cruz,087,273765,45047,43884,2058,45942,239
2022-02-08,Shasta,089,179085,29459,29084,5866,34950,470
2022-02-08,Sierra,091,2930,268,267,44,311,0
2022-02-08,Siskiyou,093,43540,4269,4191,2598,6789,68
2022-02-08,Solano,095,438530,78325,77031,5365,82396,421
2022-02-08,Sonoma,097,501317,80475,78798,2415,81213,431
2022-02-08,Stanislaus,099,539301,114291,113733,16736,130469,1406
2022-02-08,Sutter,101,95872,19870,19717,1941,21658,203
2022-02-08,Tehama,103,63373,11658,11491,2566,14057,149
2022-02-08,Trinity,105,12862,1137,1110,278,1388,20
2022-02-08,Tulare,107,460477,103414,99694,27230,126924,1267
2022-02-08,Tuolumne,109,53932,12219,11665,524,12189,92
2022-02-08,Ventura,111,848112,169171,167830,9221,177051,1325
2022-02-08,Yolo,113,214977,35630,34462,3019,37481,281
2022-02-08,Yuba,115,75493,15292,15126,1110,16236,107
2022-02-07,Alameda,001,1643700,245560,238678,13040,251718,1643
2022-02-07,Alpine,003,1148,120,124,1,125,0
2022-02-07,Amador,005,37829,8154,7980,600,8580,75
2022-02-07,Butte,007,227075,31798,31184,6347,37531,355
2022-02-07,Calaveras,009,45235,7032,6910,321,7231,100
2022-02-07,Colusa,011,21464,3349,3283,1040,4323,21
2022-02-07,Contra Costa,013,1133247,181704,177767,12333,190100,1130
2022-02-07,Del Norte,015,27424,5255,5093,155,5248,44
2022-02-07,El Dorado,017,186661,25953,25257,3107,28364,185
2022-02-07,Fresno,019,978130,222137,216495,22791,239286,2493
2022-02-07,Glenn,021,27897,4833,4762,1562,6324,39
2022-02-07,Humboldt,023,135768,15995,15764,2673,18437,129
2022-02-07,Imperial,025,180216,53812,52689,10262,62951,853
2022-02-07,Inyo,027,18085,3996,3976,439,4415,51
2022-02-07,Kern,029,883053,186591,182047,44553,226600,1998
2022-02-07,Kings,031,150075,49507,48147,3462,51609,403
2022-02-07,Lake,033,64148,9995,9519,821,10340,125
2022-02-07,Lassen,035,31185,8535,8362,852,9214,55
2022-02-07,Los Angeles,037,10098052,2647905,2607438,121131,2728569,29210
2022-02-07,Madera,039,155013,35893,35083,5703,40786,330
2022-02-07,Marin,041,260295,32123,31670,2108,33778,255
2022-02-07,Mariposa,043,17540,2286,2253,176,2429,6
2022-02-07,Mendocino,045,87422,12496,12237,2708,14945,107
2022-02-07,Merced,047,269075,60238,59472,7984,67456,748
2022-02-07,Modoc,049,8938,699,679,231,910,6
2022-02-07,Mono,051,14174,2937,2917,118,3035,5
2022-02-07,Monterey,053,433212,76282,69433,12516,81949,670
2022-02-07,Napa,055,140530,24520,23237,891,24128,120
2022-02-07,Nevada,057,99092,15464,15268,1131,16399,113
2022-02-07,Orange,059,3164182,534429,531442,40092,571534,6179
2022-02-07,Placer,061,380077,61007,59894,7151,67045,546
2022-02-07,Plumas,063,18699,2865,2573,315,2888,13
2022-02-07,Riverside,065,2383286,579415,568874,27110,595984,5868
2022-02-07,Sacramento,067,1510023,271882,262834,25709,288543,2631
2022-02-07,San Benito,069,59416,12475,12285,496,12781,90
2022-02-07,San Bernardino,071,2135413,558954,542846,24499,567345,6335
2022-02-07,San Diego,073,3302833,727872,716244,50274,766518,4811
2022-02-07,San Francisco,075,870044,118314,113945,7949,121894,727
2022-02-07,San Joaquin,077,732212,161426,159358,9690,169048,1998
2022-02-07,San Luis Obispo,079,281455,50190,48994,3538,52532,406
2022-02-07,San Mateo,081,765935,117068,107060,6600,113660,589
2022-02-07,Santa Barbara,083,443738,82965,81608,4578,86186,624
2022-02-07,Santa Clara,085,1922200,297226,293360,11767,305127,2085
2022-02-07,Santa Cruz,087,273765,44831,43244,2054,45298,239
2022-02-07,Shasta,089,179085,29368,28900,5839,34739,468
2022-02-07,Sierra,091,2930,268,265,44,309,0
2022-02-07,Siskiyou,093,43540,4258,4157,2582,6739,68
2022-02-07,Solano,095,438530,78068,73934,5339,79273,420
2022-02-07,Sonoma,097,501317,80218,78296,2404,80700,431
2022-02-07,Stanislaus,099,539301,114033,113029,16579,129608,1406
2022-02-07,Sutter,101,95872,19838,19599,1913,21512,203
2022-02-07,Tehama,103,63373,11617,11418,2558,13976,146
2022-02-07,Trinity,105,12862,1133,1109,275,1384,20
2022-02-07,Tulare,107,460477,103054,98774,27086,125860,1263
2022-02-07,Tuolumne,109,53932,12171,11578,520,12098,92
2022-02-07,Ventura,111,848112,168853,166904,9207,176111,1324
2022-02-07,Yolo,113,214977,35519,34007,3004,37011,281
2022-02-07,Yuba,115,75493,15245,14998,1103,16101,105
2022-02-06,Alameda,001,1643700,244648,237188,12956,250144,1643
2022-02-06,Alpine,003,1148,120,123,1,124,0
2022-02-06,Amador,005,37829,8124,7922,588,8510,73
2022-02-06,Butte,007,227075,31671,31021,6301,37322,355
2022-02-06,Calaveras,009,45235,7005,6870,316,7186,99
2022-02-06,Colusa,011,21464,3339,3282,1039,4321,21
2022-02-06,Contra Costa,013,1133247,181078,176863,12174,189037,1128
2022-02-06,Del Norte,015,27424,5199,5038,153,5191,44
2022-02-06,El Dorado,017,186661,25890,25165,3095,28260,185
2022-02-06,Fresno,019,978130,221292,214726,22530,237256,2489
2022-02-06,Glenn,021,27897,4820,4738,1552,6290,39
2022-02-06,Humboldt,023,135768,15911,15658,2633,18291,128
2022-02-06,Imperial,025,180216,53625,52396,10214,62610,853
2022-02-06,Inyo,027,18085,3994,3970,436,4406,51
2022-02-06,Kern,029,883053,186039,181188,44312,225500,1996
2022-02-06,Kings,031,150075,49284,47669,3436,51105,401
2022-02-06,Lake,033,64148,9926,9468,803,10271,125
2022-02-06,Lassen,035,31185,8515,8326,847,9173,55
2022-02-06,Los Angeles,037,10098052,2642373,2602620,120866,2723486,29180
2022-02-06,Madera,039,155013,35709,34901,5609,40510,330
2022-02-06,Marin,041,260295,32026,31488,2095,33583,255
2022-02-06,Mariposa,043,17540,2278,2244,165,2409,6
2022-02-06,Mendocino,045,87422,12453,12169,2638,14807,107
2022-02-06,Merced,047,269075,60020,59112,7822,66934,748
2022-02-06,Modoc,049,8938,694,675,230,905,6
2022-02-06,Mono,051,14174,2932,2901,116,3017,5
2022-02-06,Monterey,053,433212,75916,67912,12351,80263,670
2022-02-06,Napa,055,140530,24401,23230,883,24113,120
2022-02-06,Nevada,057,99092,15399,15192,1118,16310,113
2022-02-06,Orange,059,3164182,533477,527906,39990,567896,6171
2022-02-06,Placer,061,380077,60831,59507,7125,66632,544
2022-02-06,Plumas,063,18699,2851,2559,306,2865,13
2022-02-06,Riverside,065,2383286,578272,568276,27031,595307,5865
2022-02-06,Sacramento,067,1510023,271011,261353,25437,286790,2631
2022-02-06,San Benito,069,59416,12420,12186,488,12674,90
2022-02-06,San Bernardino,071,2135413,557970,541103,24428,565531,6334
2022-02-06,San Diego,073,3302833,725810,709938,50035,759973,4786
2022-02-06,San Francisco,075,870044,117931,113115,7922,121037,728
2022-02-06,San Joaquin,077,732212,160861,158510,9650,168160,1997
2022-02-06,San Luis Obispo,079,281455,49966,48843,3481,52324,405
2022-02-06,San Mateo,081,765935,116729,105556,6560,112116,587
2022-02-06,Santa Barbara,083,443738,82647,81118,4539,85657,623
2022-02-06,Santa Clara,085,1922200,296119,291732,11646,303378,2075
2022-02-06,Santa Cruz,087,273765,44518,42952,2039,44991,239
2022-02-06,Shasta,089,179085,29245,28762,5789,34551,468
2022-02-06,Sierra,091,2930,268,265,44,309,0
2022-02-06,Siskiyou,093,43540,4237,4118,2556,6674,68
2022-02-06,Solano,095,438530,77770,73475,5297,78772,419
2022-02-06,Sonoma,097,501317,79881,77887,2389,80276,431
2022-02-06,Stanislaus,099,539301,113636,112521,16431,128952,1406
2022-02-06,Sutter,101,95872,19795,19523,1870,21393,203
2022-02-06,Tehama,103,63373,11577,11366,2538,13904,146
2022-02-06,Trinity,105,12862,1132,1102,274,1376,20
2022-02-06,Tulare,107,460477,102617,98260,26882,125142,1262
2022-02-06,Tuolumne,109,53932,12119,11507,503,12010,92
2022-02-06,Ventura,111,848112,168477,166235,9196,175431,1323
2022-02-06,Yolo,113,214977,35380,33784,2988,36772,281
2022-02-06,Yuba,115,75493,15199,14917,1094,16011,104
2022-02-05,Alameda,001,1643700,244233,235698,12947,248645,1638
2022-02-05,Alpine,003,1148,120,124,1,125,0
2022-02-05,Amador,005,37829,8115,7855,585,8440,71
2022-02-05,Butte,007,227075,31617,30733,6287,37020,355
2022-02-05,Calaveras,009,45235,6989,6789,316,7105,99
2022-02-05,Colusa,011,21464,3332,3234,1037,4271,21
2022-02-05,Contra Costa,013,1133247,180809,175871,12158,188029,1115
2022-02-05,Del Norte,015,27424,5159,4978,151,5129,44
2022-02-05,El Dorado,017,186661,25859,24813,3093,27906,185
2022-02-05,Fresno,019,978130,220947,213539,22508,236047,2477
2022-02-05,Glenn,021,27897,4818,4691,1545,6236,39
2022-02-05,Humboldt,023,135768,15863,15514,2629,18143,127
2022-02-05,Imperial,025,180216,53562,52153,10201,62354,853
2022-02-05,Inyo,027,18085,3991,3948,436,4384,51
2022-02-05,Kern,029,883053,185830,180296,44207,224503,1987
2022-02-05,Kings,031,150075,49197,47538,3429,50967,402
2022-02-05,Lake,033,64148,9907,9289,796,10085,124
2022-02-05,Lassen,035,31185,8504,8288,845,9133,55
2022-02-05,Los Angeles,037,10098052,2640190,2572702,120739,2693441,28947
2022-02-05,Madera,039,155013,35656,34471,5597,40068,329
2022-02-05,Marin,041,260295,31979,31299,2091,33390,255
2022-02-05,Mariposa,043,17540,2277,2222,164,2386,6
2022-02-05,Mendocino,045,87422,12425,12066,2636,14702,107
2022-02-05,Merced,047,269075,59926,58908,7814,66722,744
2022-02-05,Modoc,049,8938,693,664,230,894,6
2022-02-05,Mono,051,14174,2931,2904,116,3020,5
2022-02-05,Monterey,053,433212,75800,67342,12307,79649,666
2022-02-05,Napa,055,140530,24345,22973,882,23855,118
2022-02-05,Nevada,057,99092,15378,15002,1113,16115,113
2022-02-05,Orange,059,3164182,533036,527516,39899,567415,6134
2022-02-05,Placer,061,380077,60706,59043,7111,66154,533
2022-02-05,Plumas,063,18699,2850,2550,305,2855,13
2022-02-05,Riverside,065,2383286,577668,563991,26960,590951,5827
2022-02-05,Sacramento,067,1510023,270615,259437,25399,284836,2610
2022-02-05,San Benito,069,59416,12375,12142,488,12630,90
2022-02-05,San Bernardino,071,2135413,557456,539312,24406,563718,6322
2022-02-05,San Diego,073,3302833,724950,703957,49962,753919,4735
2022-02-05,San Francisco,075,870044,117722,112481,7893,120374,720
2022-02-05,San Joaquin,077,732212,160675,157420,9639,167059,1989
2022-02-05,San Luis Obispo,079,281455,49929,48361,3479,51840,404
2022-02-05,San Mateo,081,765935,116541,104810,6552,111362,587
2022-02-05,Santa Barbara,083,443738,82484,80478,4527,85005,617
2022-02-05,Santa Clara,085,1922200,295464,289262,11630,300892,2067
2022-02-05,Santa Cruz,087,273765,44444,42553,2036,44589,239
2022-02-05,Shasta,089,179085,29202,28604,5779,34383,466
2022-02-05,Sierra,091,2930,268,262,44,306,0
2022-02-05,Siskiyou,093,43540,4230,4106,2543,6649,67
2022-02-05,Solano,095,438530,77695,73112,5289,78401,415
2022-02-05,Sonoma,097,501317,79714,77213,2385,79598,431
2022-02-05,Stanislaus,099,539301,113434,111783,16411,128194,1406
2022-02-05,Sutter,101,95872,19765,19406,1864,21270,203
2022-02-05,Tehama,103,63373,11558,11259,2531,13790,146
2022-02-05,Trinity,105,12862,1130,1085,274,1359,20
2022-02-05,Tulare,107,460477,102448,97414,26799,124213,1254
2022-02-05,Tuolumne,109,53932,12094,11409,500,11909,91
2022-02-05,Ventura,111,848112,168251,165532,9180,174712,1308
2022-02-05,Yolo,113,214977,35295,33614,2974,36588,281
2022-02-05,Yuba,115,75493,15168,14801,1086,15887,105
2022-02-04,Alameda,001,1643700,243745,235698,12937,248635,1638
2022-02-04,Alpine,003,1148,120,124,1,125,0
2022-02-04,Amador,005,37829,8099,7855,581,8436,71
2022-02-04,Butte,007,227075,31557,30733,6276,37009,355
2022-02-04,Calaveras,009,45235,6979,6789,314,7103,99
2022-02-04,Colusa,011,21464,3327,3234,1035,4269,21
2022-02-04,Contra Costa,013,1133247,180486,175871,12129,188000,1115
2022-02-04,Del Norte,015,27424,5139,4978,151,5129,44
2022-02-04,El Dorado,017,186661,25823,24813,3088,27901,185
2022-02-04,Fresno,019,978130,220466,213539,22476,236015,2477
2022-02-04,Glenn,021,27897,4809,4691,1542,6233,39
2022-02-04,Humboldt,023,135768,15836,15514,2626,18140,127
2022-02-04,Imperial,025,180216,53485,52153,10184,62337,853
2022-02-04,Inyo,027,18085,3988,3948,435,4383,51
2022-02-04,Kern,029,883053,185605,180296,44079,224375,1987
2022-02-04,Kings,031,150075,49121,47538,3422,50960,402
2022-02-04,Lake,033,64148,9885,9289,793,10082,124
2022-02-04,Lassen,035,31185,8481,8288,845,9133,55
2022-02-04,Los Angeles,037,10098052,2637553,2572702,120610,2693312,28947
2022-02-04,Madera,039,155013,35573,34471,5589,40060,329
2022-02-04,Marin,041,260295,31915,31299,2082,33381,255
2022-02-04,Mariposa,043,17540,2275,2222,162,2384,6
2022-02-04,Mendocino,045,87422,12394,12066,2634,14700,107
2022-02-04,Merced,047,269075,59845,58908,7804,66712,744
2022-02-04,Modoc,049,8938,693,664,230,894,6
2022-02-04,Mono,051,14174,2929,2904,116,3020,5
2022-02-04,Monterey,053,433212,75610,67342,12264,79606,666
2022-02-04,Napa,055,140530,24298,22973,878,23851,118
2022-02-04,Nevada,057,99092,15344,15002,1109,16111,113
2022-02-04,Orange,059,3164182,532486,527516,39842,567358,6134
2022-02-04,Placer,061,380077,60603,59043,7100,66143,533
2022-02-04,Plumas,063,18699,2843,2550,304,2854,13
2022-02-04,Riverside,065,2383286,576956,563991,26947,590938,5827
2022-02-04,Sacramento,067,1510023,270112,259437,25376,284813,2610
2022-02-04,San Benito,069,59416,12356,12142,486,12628,90
2022-02-04,San Bernardino,071,2135413,556874,539312,24384,563696,6322
2022-02-04,San Diego,073,3302833,723814,703957,49888,753845,4735
2022-02-04,San Francisco,075,870044,117480,112481,7868,120349,720
2022-02-04,San Joaquin,077,732212,160445,157420,9627,167047,1989
2022-02-04,San Luis Obispo,079,281455,49868,48361,3472,51833,404
2022-02-04,San Mateo,081,765935,116311,104810,6538,111348,587
2022-02-04,Santa Barbara,083,443738,82334,80478,4526,85004,617
2022-02-04,Santa Clara,085,1922200,294796,289262,11609,300871,2067
2022-02-04,Santa Cruz,087,273765,44239,42553,2032,44585,239
2022-02-04,Shasta,089,179085,29149,28604,5768,34372,466
2022-02-04,Sierra,091,2930,268,262,44,306,0
2022-02-04,Siskiyou,093,43540,4222,4106,2536,6642,67
2022-02-04,Solano,095,438530,77503,73112,5253,78365,415
2022-02-04,Sonoma,097,501317,79555,77213,2304,79517,431
2022-02-04,Stanislaus,099,539301,113253,111783,16384,128167,1406
2022-02-04,Sutter,101,95872,19741,19406,1857,21263,203
2022-02-04,Tehama,103,63373,11543,11259,2530,13789,146
2022-02-04,Trinity,105,12862,1129,1085,273,1358,20
2022-02-04,Tulare,107,460477,102262,97414,26716,124130,1254
2022-02-04,Tuolumne,109,53932,12081,11409,499,11908,91
2022-02-04,Ventura,111,848112,167982,165532,9172,174704,1308
2022-02-04,Yolo,113,214977,35201,33614,2967,36581,281
2022-02-04,Yuba,115,75493,15150,14801,1086,15887,105
2022-02-03,Alameda,001,1643700,242976,235698,12874,248572,1638
2022-02-03,Alpine,003,1148,120,124,1,125,0
2022-02-03,Amador,005,37829,8079,7855,576,8431,71
2022-02-03,Butte,007,227075,31449,30733,6248,36981,355
2022-02-03,Calaveras,009,45235,6949,6789,310,7099,99
2022-02-03,Colusa,011,21464,3314,3234,1033,4267,21
2022-02-03,Contra Costa,013,1133247,179892,175871,12028,187899,1115
2022-02-03,Del Norte,015,27424,5098,4978,148,5126,44
2022-02-03,El Dorado,017,186661,25751,24813,3082,27895,185
2022-02-03,Fresno,019,978130,219536,213539,22305,235844,2477
2022-02-03,Glenn,021,27897,4792,4691,1524,6215,39
2022-02-03,Humboldt,023,135768,15760,15514,2590,18104,127
2022-02-03,Imperial,025,180216,53341,52153,10133,62286,853
2022-02-03,Inyo,027,18085,3985,3948,431,4379,51
2022-02-03,Kern,029,883053,185142,180296,43863,224159,1987
2022-02-03,Kings,031,150075,48964,47538,3414,50952,402
2022-02-03,Lake,033,64148,9831,9289,787,10076,124
2022-02-03,Lassen,035,31185,8457,8288,844,9132,55
2022-02-03,Los Angeles,037,10098052,2632114,2572702,120343,2693045,28947
2022-02-03,Madera,039,155013,35436,34471,5543,40014,329
2022-02-03,Marin,041,260295,31819,31299,2077,33376,255
2022-02-03,Mariposa,043,17540,2263,2222,159,2381,6
2022-02-03,Mendocino,045,87422,12350,12066,2610,14676,107
2022-02-03,Merced,047,269075,59695,58908,7708,66616,744
2022-02-03,Modoc,049,8938,690,664,230,894,6
2022-02-03,Mono,051,14174,2924,2904,115,3019,5
2022-02-03,Monterey,053,433212,75323,67342,12066,79408,666
2022-02-03,Napa,055,140530,24164,22973,878,23851,118
2022-02-03,Nevada,057,99092,15303,15002,1098,16100,113
2022-02-03,Orange,059,3164182,531562,527516,39749,567265,6134
2022-02-03,Placer,061,380077,60406,59043,7077,66120,533
2022-02-03,Plumas,063,18699,2829,2550,300,2850,13
2022-02-03,Riverside,065,2383286,575757,563991,26875,590866,5827
2022-02-03,Sacramento,067,1510023,269157,259437,25183,284620,2610
2022-02-03,San Benito,069,59416,12329,12142,483,12625,90
2022-02-03,San Bernardino,071,2135413,555858,539312,24344,563656,6322
2022-02-03,San Diego,073,3302833,721844,703957,49726,753683,4735
2022-02-03,San Francisco,075,870044,117145,112481,7837,120318,720
2022-02-03,San Joaquin,077,732212,159963,157420,9598,167018,1989
2022-02-03,San Luis Obispo,079,281455,49671,48361,3455,51816,404
2022-02-03,San Mateo,081,765935,115959,104810,6504,111314,587
2022-02-03,Santa Barbara,083,443738,81976,80478,4497,84975,617
2022-02-03,Santa Clara,085,1922200,293632,289262,11498,300760,2067
2022-02-03,Santa Cruz,087,273765,43899,42553,2025,44578,239
2022-02-03,Shasta,089,179085,29044,28604,5740,34344,466
2022-02-03,Sierra,091,2930,268,262,44,306,0
2022-02-03,Siskiyou,093,43540,4207,4106,2519,6625,67
2022-02-03,Solano,095,438530,77174,73112,5235,78347,415
2022-02-03,Sonoma,097,501317,79258,77213,2297,79510,431
2022-02-03,Stanislaus,099,539301,112875,111783,16297,128080,1406
2022-02-03,Sutter,101,95872,19689,19406,1838,21244,203
2022-02-03,Tehama,103,63373,11512,11259,2522,13781,146
2022-02-03,Trinity,105,12862,1127,1085,272,1357,20
2022-02-03,Tulare,107,460477,101853,97414,26569,123983,1254
2022-02-03,Tuolumne,109,53932,12040,11409,487,11896,91
2022-02-03,Ventura,111,848112,167597,165532,9161,174693,1308
2022-02-03,Yolo,113,214977,35092,33614,2954,36568,281
2022-02-03,Yuba,115,75493,15100,14801,1070,15871,105
2022-02-02,Alameda,001,1643700,242031,234300,12770,247070,1632
2022-02-02,Alpine,003,1148,120,123,1,124,0
2022-02-02,Amador,005,37829,8049,7781,566,8347,71
2022-02-02,Butte,007,227075,31340,30550,6217,36767,355
2022-02-02,Calaveras,009,45235,6923,6753,306,7059,99
2022-02-02,Colusa,011,21464,3299,3211,1032,4243,21
2022-02-02,Contra Costa,013,1133247,179302,174876,11931,186807,1113
2022-02-02,Del Norte,015,27424,5058,4924,143,5067,44
2022-02-02,El Dorado,017,186661,25684,24690,3063,27753,185
2022-02-02,Fresno,019,978130,218523,211976,22172,234148,2463
2022-02-02,Glenn,021,27897,4768,4667,1514,6181,39
2022-02-02,Humboldt,023,135768,15699,15392,2551,17943,127
2022-02-02,Imperial,025,180216,53145,51875,10005,61880,853
2022-02-02,Inyo,027,18085,3979,3944,430,4374,51
2022-02-02,Kern,029,883053,184544,179386,43644,223030,1974
2022-02-02,Kings,031,150075,48773,47061,3388,50449,401
2022-02-02,Lake,033,64148,9773,9235,780,10015,120
2022-02-02,Lassen,035,31185,8444,8258,835,9093,55
2022-02-02,Los Angeles,037,10098052,2625891,2561902,119953,2681855,28850
2022-02-02,Madera,039,155013,35268,34265,5469,39734,329
2022-02-02,Marin,041,260295,31716,31149,2067,33216,255
2022-02-02,Mariposa,043,17540,2252,2215,155,2370,6
2022-02-02,Mendocino,045,87422,12297,11996,2570,14566,105
2022-02-02,Merced,047,269075,59522,58532,7621,66153,744
2022-02-02,Modoc,049,8938,684,662,230,892,6
2022-02-02,Mono,051,14174,2913,2887,115,3002,5
2022-02-02,Monterey,053,433212,74932,66852,11878,78730,666
2022-02-02,Napa,055,140530,24043,22859,865,23724,117
2022-02-02,Nevada,057,99092,15245,14895,1074,15969,112
2022-02-02,Orange,059,3164182,530506,524418,39655,564073,6127
2022-02-02,Placer,061,380077,60212,58654,7046,65700,533
2022-02-02,Plumas,063,18699,2813,2540,296,2836,12
2022-02-02,Riverside,065,2383286,574478,561220,26827,588047,5827
2022-02-02,Sacramento,067,1510023,268147,258078,24969,283047,2602
2022-02-02,San Benito,069,59416,12290,12058,479,12537,90
2022-02-02,San Bernardino,071,2135413,554847,537485,24278,561763,6317
2022-02-02,San Diego,073,3302833,719644,703957,49545,753502,4735
2022-02-02,San Francisco,075,870044,116776,112008,7821,119829,714
2022-02-02,San Joaquin,077,732212,159387,156537,9574,166111,1986
2022-02-02,San Luis Obispo,079,281455,49473,48119,3442,51561,403
2022-02-02,San Mateo,081,765935,115587,104201,6436,110637,587
2022-02-02,Santa Barbara,083,443738,81633,79979,4466,84445,612
2022-02-02,Santa Clara,085,1922200,292487,287443,11383,298826,2051
2022-02-02,Santa Cruz,087,273765,43609,42127,2014,44141,239
2022-02-02,Shasta,089,179085,28942,28429,5695,34124,465
2022-02-02,Sierra,091,2930,268,262,44,306,0
2022-02-02,Siskiyou,093,43540,4197,4078,2492,6570,67
2022-02-02,Solano,095,438530,76820,72711,5211,77922,414
2022-02-02,Sonoma,097,501317,78946,76681,2284,78965,431
2022-02-02,Stanislaus,099,539301,112480,111167,16164,127331,1403
2022-02-02,Sutter,101,95872,19624,19290,1809,21099,203
2022-02-02,Tehama,103,63373,11456,11193,2503,13696,146
2022-02-02,Trinity,105,12862,1124,1074,270,1344,20
2022-02-02,Tulare,107,460477,101460,96820,26395,123215,1249
2022-02-02,Tuolumne,109,53932,11963,11342,484,11826,91
2022-02-02,Ventura,111,848112,167198,164905,9142,174047,1292
2022-02-02,Yolo,113,214977,34970,33332,2931,36263,281
2022-02-02,Yuba,115,75493,15035,14720,1062,15782,104
2022-02-01,Alameda,001,1643700,240953,233782,12664,246446,1620
2022-02-01,Alpine,003,1148,120,123,1,124,0
2022-02-01,Amador,005,37829,8003,7783,560,8343,73
2022-02-01,Butte,007,227075,31202,30496,6178,36674,355
2022-02-01,Calaveras,009,45235,6886,6749,302,7051,98
2022-02-01,Colusa,011,21464,3283,3202,1010,4212,21
2022-02-01,Contra Costa,013,1133247,178568,174379,11790,186169,1115
2022-02-01,Del Norte,015,27424,5012,4907,140,5047,44
2022-02-01,El Dorado,017,186661,25625,24664,3046,27710,184
2022-02-01,Fresno,019,978130,217360,211352,22008,233360,2464
2022-02-01,Glenn,021,27897,4754,4649,1504,6153,39
2022-02-01,Humboldt,023,135768,15617,15354,2521,17875,127
2022-02-01,Imperial,025,180216,52930,51675,9938,61613,846
2022-02-01,Inyo,027,18085,3969,3928,427,4355,51
2022-02-01,Kern,029,883053,183897,178987,43397,222384,1967
2022-02-01,Kings,031,150075,48514,46959,3364,50323,400
2022-02-01,Lake,033,64148,9716,9211,773,9984,119
2022-02-01,Lassen,035,31185,8426,8231,830,9061,55
2022-02-01,Los Angeles,037,10098052,2618702,2548794,119573,2668367,28752
2022-02-01,Madera,039,155013,35046,34124,5388,39512,329
2022-02-01,Marin,041,260295,31594,31099,2051,33150,255
2022-02-01,Mariposa,043,17540,2245,2210,154,2364,6
2022-02-01,Mendocino,045,87422,12235,11978,2533,14511,105
2022-02-01,Merced,047,269075,59337,58362,7496,65858,743
2022-02-01,Modoc,049,8938,677,664,230,894,6
2022-02-01,Mono,051,14174,2907,2888,115,3003,5
2022-02-01,Monterey,053,433212,74511,66553,11676,78229,665
2022-02-01,Napa,055,140530,23944,22795,849,23644,116
2022-02-01,Nevada,057,99092,15184,14863,1061,15924,112
2022-02-01,Orange,059,3164182,529355,523741,39511,563252,6108
2022-02-01,Placer,061,380077,59964,58486,7006,65492,532
2022-02-01,Plumas,063,18699,2798,2526,293,2819,12
2022-02-01,Riverside,065,2383286,573088,560010,26778,586788,5825
2022-02-01,Sacramento,067,1510023,267093,257504,24691,282195,2593
2022-02-01,San Benito,069,59416,12224,12053,476,12529,90
2022-02-01,San Bernardino,071,2135413,553587,536591,24212,560803,6311
2022-02-01,San Diego,073,3302833,717125,701009,49326,750335,4710
2022-02-01,San Francisco,075,870044,116310,111606,7802,119408,713
2022-02-01,San Joaquin,077,732212,158857,156300,9551,165851,1987
2022-02-01,San Luis Obispo,079,281455,49244,47842,3380,51222,403
2022-02-01,San Mateo,081,765935,115119,103868,6394,110262,589
2022-02-01,Santa Barbara,083,443738,81188,79659,4430,84089,608
2022-02-01,Santa Clara,085,1922200,290966,286109,11277,297386,2070
2022-02-01,Santa Cruz,087,273765,43310,41782,1998,43780,239
2022-02-01,Shasta,089,179085,28823,28382,5642,34024,465
2022-02-01,Sierra,091,2930,266,262,44,306,0
2022-02-01,Siskiyou,093,43540,4183,4072,2465,6537,66
2022-02-01,Solano,095,438530,76548,72494,5194,77688,415
2022-02-01,Sonoma,097,501317,78584,76379,2260,78639,431
2022-02-01,Stanislaus,099,539301,112069,110925,16060,126985,1403
2022-02-01,Sutter,101,95872,19556,19256,1776,21032,202
2022-02-01,Tehama,103,63373,11399,11165,2489,13654,146
2022-02-01,Trinity,105,12862,1120,1073,270,1343,19
2022-02-01,Tulare,107,460477,100965,96467,26174,122641,1247
2022-02-01,Tuolumne,109,53932,11913,11318,475,11793,91
2022-02-01,Ventura,111,848112,166693,164721,9118,173839,1293
2022-02-01,Yolo,113,214977,34821,33257,2902,36159,275
2022-02-01,Yuba,115,75493,14974,14693,1055,15748,103
2022-01-31,Alameda,001,1643700,239603,232743,12545,245288,1607
2022-01-31,Alpine,003,1148,119,123,1,124,0
2022-01-31,Amador,005,37829,7949,7682,543,8225,73
2022-01-31,Butte,007,227075,31040,30371,6139,36510,354
2022-01-31,Calaveras,009,45235,6851,6700,291,6991,96
2022-01-31,Colusa,011,21464,3271,3187,1001,4188,21
2022-01-31,Contra Costa,013,1133247,177770,173466,11662,185128,1115
2022-01-31,Del Norte,015,27424,4979,4879,136,5015,43
2022-01-31,El Dorado,017,186661,25522,24545,3016,27561,184
2022-01-31,Fresno,019,978130,215874,210589,21802,232391,2464
2022-01-31,Glenn,021,27897,4718,4641,1492,6133,39
2022-01-31,Humboldt,023,135768,15528,15308,2488,17796,126
2022-01-31,Imperial,025,180216,52714,51472,9822,61294,846
2022-01-31,Inyo,027,18085,3958,3922,421,4343,50
2022-01-31,Kern,029,883053,183116,178375,43070,221445,1967
2022-01-31,Kings,031,150075,48157,46845,3330,50175,398
2022-01-31,Lake,033,64148,9643,9141,761,9902,119
2022-01-31,Lassen,035,31185,8395,8162,824,8986,55
2022-01-31,Los Angeles,037,10098052,2610451,2541189,119165,2660354,28718
2022-01-31,Madera,039,155013,34830,33886,5292,39178,329
2022-01-31,Marin,041,260295,31469,31023,2034,33057,253
2022-01-31,Mariposa,043,17540,2235,2203,145,2348,6
2022-01-31,Mendocino,045,87422,12169,11896,2490,14386,104
2022-01-31,Merced,047,269075,59059,58198,7304,65502,740
2022-01-31,Modoc,049,8938,674,661,230,891,6
2022-01-31,Mono,051,14174,2893,2889,115,3004,5
2022-01-31,Monterey,053,433212,74060,66117,11454,77571,661
2022-01-31,Napa,055,140530,23776,22707,832,23539,113
2022-01-31,Nevada,057,99092,15108,14813,1048,15861,112
2022-01-31,Orange,059,3164182,528031,522358,39375,561733,6098
2022-01-31,Placer,061,380077,59716,58252,6973,65225,523
2022-01-31,Plumas,063,18699,2785,2513,291,2804,12
2022-01-31,Riverside,065,2383286,571271,558166,26711,584877,5785
2022-01-31,Sacramento,067,1510023,265798,256594,24429,281023,2571
2022-01-31,San Benito,069,59416,12165,11976,475,12451,90
2022-01-31,San Bernardino,071,2135413,551950,535276,24124,559400,6302
2022-01-31,San Diego,073,3302833,714218,698571,49065,747636,4686
2022-01-31,San Francisco,075,870044,115901,111119,7768,118887,712
2022-01-31,San Joaquin,077,732212,158099,155736,9518,165254,1985
2022-01-31,San Luis Obispo,079,281455,48990,47656,3321,50977,395
2022-01-31,San Mateo,081,765935,114607,103313,6334,109647,589
2022-01-31,Santa Barbara,083,443738,80680,79267,4388,83655,606
2022-01-31,Santa Clara,085,1922200,289290,284562,11169,295731,2041
2022-01-31,Santa Cruz,087,273765,42931,41630,1991,43621,239
2022-01-31,Shasta,089,179085,28692,28190,5601,33791,462
2022-01-31,Sierra,091,2930,266,261,44,305,0
2022-01-31,Siskiyou,093,43540,4167,4054,2449,6503,66
2022-01-31,Solano,095,438530,75842,72258,5148,77406,414
2022-01-31,Sonoma,097,501317,78130,76199,2230,78429,431
2022-01-31,Stanislaus,099,539301,111542,110493,15889,126382,1403
2022-01-31,Sutter,101,95872,19476,19189,1723,20912,202
2022-01-31,Tehama,103,63373,11337,11112,2459,13571,145
2022-01-31,Trinity,105,12862,1115,1071,267,1338,19
2022-01-31,Tulare,107,460477,100322,96053,25918,121971,1245
2022-01-31,Tuolumne,109,53932,11822,11278,468,11746,91
2022-01-31,Ventura,111,848112,166157,164060,9091,173151,1286
2022-01-31,Yolo,113,214977,34661,33175,2877,36052,274
2022-01-31,Yuba,115,75493,14911,14652,1035,15687,103
2022-01-30,Alameda,001,1643700,238057,231838,12393,244231,1607
2022-01-30,Alpine,003,1148,119,123,1,124,0
2022-01-30,Amador,005,37829,7898,7644,519,8163,73
2022-01-30,Butte,007,227075,30838,30255,6074,36329,354
2022-01-30,Calaveras,009,45235,6796,6676,277,6953,96
2022-01-30,Colusa,011,21464,3251,3168,989,4157,21
2022-01-30,Contra Costa,013,1133247,176821,172902,11457,184359,1102
2022-01-30,Del Norte,015,27424,4938,4833,133,4966,43
2022-01-30,El Dorado,017,186661,25402,24491,2989,27480,184
2022-01-30,Fresno,019,978130,214311,209645,21540,231185,2463
2022-01-30,Glenn,021,27897,4687,4619,1482,6101,39
2022-01-30,Humboldt,023,135768,15416,15247,2431,17678,126
2022-01-30,Imperial,025,180216,52388,51415,9647,61062,846
2022-01-30,Inyo,027,18085,3941,3921,418,4339,50
2022-01-30,Kern,029,883053,182250,177924,42745,220669,1967
2022-01-30,Kings,031,150075,47805,46654,3271,49925,398
2022-01-30,Lake,033,64148,9554,9080,740,9820,119
2022-01-30,Lassen,035,31185,8371,8158,816,8974,55
2022-01-30,Los Angeles,037,10098052,2600311,2530739,118683,2649422,28678
2022-01-30,Madera,039,155013,34530,33752,5104,38856,329
2022-01-30,Marin,041,260295,31321,30875,2020,32895,253
2022-01-30,Mariposa,043,17540,2223,2177,139,2316,6
2022-01-30,Mendocino,045,87422,12096,11860,2384,14244,104
2022-01-30,Merced,047,269075,58694,58006,7009,65015,740
2022-01-30,Modoc,049,8938,671,661,230,891,6
2022-01-30,Mono,051,14174,2887,2888,115,3003,5
2022-01-30,Monterey,053,433212,73473,65996,11169,77165,661
2022-01-30,Napa,055,140530,23608,22588,815,23403,114
2022-01-30,Nevada,057,99092,15020,14741,1032,15773,112
2022-01-30,Orange,059,3164182,526399,521334,39227,560561,6098
2022-01-30,Placer,061,380077,59386,58030,6932,64962,523
2022-01-30,Plumas,063,18699,2760,2510,277,2787,12
2022-01-30,Riverside,065,2383286,569204,557088,26609,583697,5767
2022-01-30,Sacramento,067,1510023,264337,255715,23923,279638,2572
2022-01-30,San Benito,069,59416,12099,11945,470,12415,90
2022-01-30,San Bernardino,071,2135413,550214,534050,24014,558064,6302
2022-01-30,San Diego,073,3302833,710681,687145,48641,735786,4665
2022-01-30,San Francisco,075,870044,115353,110772,7733,118505,712
2022-01-30,San Joaquin,077,732212,157114,155165,9483,164648,1985
2022-01-30,San Luis Obispo,079,281455,48592,47599,3283,50882,394
2022-01-30,San Mateo,081,765935,114032,102979,6287,109266,589
2022-01-30,Santa Barbara,083,443738,80003,79072,4327,83399,606
2022-01-30,Santa Clara,085,1922200,287328,282846,11038,293884,2035
2022-01-30,Santa Cruz,087,273765,42472,41330,1981,43311,239
2022-01-30,Shasta,089,179085,28532,28105,5515,33620,462
2022-01-30,Sierra,091,2930,266,261,44,305,0
2022-01-30,Siskiyou,093,43540,4137,4039,2402,6441,66
2022-01-30,Solano,095,438530,75318,71857,5101,76958,414
2022-01-30,Sonoma,097,501317,77610,75890,2202,78092,431
2022-01-30,Stanislaus,099,539301,110885,110111,15687,125798,1403
2022-01-30,Sutter,101,95872,19384,19108,1626,20734,202
2022-01-30,Tehama,103,63373,11265,11071,2429,13500,145
2022-01-30,Trinity,105,12862,1109,1068,267,1335,19
2022-01-30,Tulare,107,460477,99576,95676,25624,121300,1245
2022-01-30,Tuolumne,109,53932,11715,11242,431,11673,91
2022-01-30,Ventura,111,848112,165577,163521,9061,172582,1286
2022-01-30,Yolo,113,214977,34443,33043,2844,35887,274
2022-01-30,Yuba,115,75493,14821,14584,1015,15599,103
2022-01-29,Alameda,001,1643700,237383,225602,12376,237978,1605
2022-01-29,Alpine,003,1148,119,123,1,124,0
2022-01-29,Amador,005,37829,7876,7505,516,8021,73
2022-01-29,Butte,007,227075,30753,29557,6050,35607,353
2022-01-29,Calaveras,009,45235,6777,6484,277,6761,96
2022-01-29,Colusa,011,21464,3246,3107,985,4092,21
2022-01-29,Contra Costa,013,1133247,176298,168003,11427,179430,1101
2022-01-29,Del Norte,015,27424,4920,4589,130,4719,43
2022-01-29,El Dorado,017,186661,25360,24008,2982,26990,184
2022-01-29,Fresno,019,978130,213854,202691,21498,224189,2457
2022-01-29,Glenn,021,27897,4680,4516,1475,5991,39
2022-01-29,Humboldt,023,135768,15369,14812,2424,17236,126
2022-01-29,Imperial,025,180216,52272,50153,9591,59744,845
2022-01-29,Inyo,027,18085,3939,3895,410,4305,50
2022-01-29,Kern,029,883053,181910,174456,42578,217034,1962
2022-01-29,Kings,031,150075,47687,45047,3264,48311,397
2022-01-29,Lake,033,64148,9521,8747,736,9483,119
2022-01-29,Lassen,035,31185,8350,7961,813,8774,55
2022-01-29,Los Angeles,037,10098052,2596384,2473332,118414,2591746,28467
2022-01-29,Madera,039,155013,34420,32753,5074,37827,329
2022-01-29,Marin,041,260295,31256,30137,2018,32155,253
2022-01-29,Mariposa,043,17540,2221,2117,137,2254,6
2022-01-29,Mendocino,045,87422,12072,11591,2368,13959,104
2022-01-29,Merced,047,269075,58587,56472,7004,63476,735
2022-01-29,Modoc,049,8938,671,654,230,884,6
2022-01-29,Mono,051,14174,2885,2860,115,2975,5
2022-01-29,Monterey,053,433212,73318,64090,11104,75194,658
2022-01-29,Napa,055,140530,23551,22121,813,22934,113
2022-01-29,Nevada,057,99092,14986,14337,1029,15366,112
2022-01-29,Orange,059,3164182,525694,511255,39120,550375,6038
2022-01-29,Placer,061,380077,59193,56562,6916,63478,523
2022-01-29,Plumas,063,18699,2750,2463,273,2736,12
2022-01-29,Riverside,065,2383286,568181,548121,26567,574688,5726
2022-01-29,Sacramento,067,1510023,263691,249130,23876,273006,2558
2022-01-29,San Benito,069,59416,12042,11670,469,12139,90
2022-01-29,San Bernardino,071,2135413,549466,525249,23969,549218,6297
2022-01-29,San Diego,073,3302833,709348,683027,48543,731570,4643
2022-01-29,San Francisco,075,870044,115078,108265,7685,115950,712
2022-01-29,San Joaquin,077,732212,156869,150849,9461,160310,1971
2022-01-29,San Luis Obispo,079,281455,48502,46374,3279,49653,391
2022-01-29,San Mateo,081,765935,113695,100306,6264,106570,586
2022-01-29,Santa Barbara,083,443738,79781,76546,4320,80866,604
2022-01-29,Santa Clara,085,1922200,286391,273879,11010,284889,2019
2022-01-29,Santa Cruz,087,273765,42341,39228,1979,41207,240
2022-01-29,Shasta,089,179085,28472,27504,5501,33005,452
2022-01-29,Sierra,091,2930,266,260,43,303,0
2022-01-29,Siskiyou,093,43540,4127,3987,2395,6382,66
2022-01-29,Solano,095,438530,75175,69862,5089,74951,407
2022-01-29,Sonoma,097,501317,77396,73439,2197,75636,427
2022-01-29,Stanislaus,099,539301,110637,107668,15640,123308,1403
2022-01-29,Sutter,101,95872,19336,18797,1609,20406,202
2022-01-29,Tehama,103,63373,11230,10880,2420,13300,145
2022-01-29,Trinity,105,12862,1106,1033,266,1299,19
2022-01-29,Tulare,107,460477,99320,93154,25546,118700,1237
2022-01-29,Tuolumne,109,53932,11690,10806,423,11229,91
2022-01-29,Ventura,111,848112,165247,160466,9043,169509,1271
2022-01-29,Yolo,113,214977,34329,32123,2828,34951,275
2022-01-29,Yuba,115,75493,14780,14295,1013,15308,103
2022-01-28,Alameda,001,1643700,236436,225602,12358,237960,1605
2022-01-28,Alpine,003,1148,119,123,1,124,0
2022-01-28,Amador,005,37829,7850,7505,515,8020,73
2022-01-28,Butte,007,227075,30677,29557,6031,35588,353
2022-01-28,Calaveras,009,45235,6759,6484,276,6760,96
2022-01-28,Colusa,011,21464,3241,3107,983,4090,21
2022-01-28,Contra Costa,013,1133247,175776,168003,11390,179393,1101
2022-01-28,Del Norte,015,27424,4896,4589,129,4718,43
2022-01-28,El Dorado,017,186661,25313,24008,2976,26984,184
2022-01-28,Fresno,019,978130,212984,202691,21441,224132,2457
2022-01-28,Glenn,021,27897,4667,4516,1473,5989,39
2022-01-28,Humboldt,023,135768,15333,14812,2414,17226,126
2022-01-28,Imperial,025,180216,52143,50153,9559,59712,845
2022-01-28,Inyo,027,18085,3935,3895,407,4302,50
2022-01-28,Kern,029,883053,181499,174456,42419,216875,1962
2022-01-28,Kings,031,150075,47556,45047,3254,48301,397
2022-01-28,Lake,033,64148,9489,8747,734,9481,119
2022-01-28,Lassen,035,31185,8280,7961,811,8772,55
2022-01-28,Los Angeles,037,10098052,2590651,2473332,118200,2591532,28467
2022-01-28,Madera,039,155013,34292,32753,5057,37810,329
2022-01-28,Marin,041,260295,31163,30137,1996,32133,253
2022-01-28,Mariposa,043,17540,2211,2117,135,2252,6
2022-01-28,Mendocino,045,87422,12028,11591,2366,13957,104
2022-01-28,Merced,047,269075,58490,56472,6989,63461,735
2022-01-28,Modoc,049,8938,670,654,230,884,6
2022-01-28,Mono,051,14174,2880,2860,114,2974,5
2022-01-28,Monterey,053,433212,73116,64090,11055,75145,658
2022-01-28,Napa,055,140530,23473,22121,811,22932,113
2022-01-28,Nevada,057,99092,14949,14337,1027,15364,112
2022-01-28,Orange,059,3164182,524625,511255,39030,550285,6038
2022-01-28,Placer,061,380077,58989,56562,6893,63455,523
2022-01-28,Plumas,063,18699,2742,2463,271,2734,12
2022-01-28,Riverside,065,2383286,566858,548121,26526,574647,5726
2022-01-28,Sacramento,067,1510023,262910,249130,23822,272952,2558
2022-01-28,San Benito,069,59416,12020,11670,464,12134,90
2022-01-28,San Bernardino,071,2135413,548424,525249,23931,549180,6297
2022-01-28,San Diego,073,3302833,707526,683027,48467,731494,4643
2022-01-28,San Francisco,075,870044,114723,108265,7636,115901,712
2022-01-28,San Joaquin,077,732212,156580,150849,9447,160296,1971
2022-01-28,San Luis Obispo,079,281455,48418,46374,3271,49645,391
2022-01-28,San Mateo,081,765935,113343,100306,6242,106548,586
2022-01-28,Santa Barbara,083,443738,79532,76546,4318,80864,604
2022-01-28,Santa Clara,085,1922200,285206,273879,10961,284840,2019
2022-01-28,Santa Cruz,087,273765,42149,39228,1966,41194,240
2022-01-28,Shasta,089,179085,28412,27504,5487,32991,452
2022-01-28,Sierra,091,2930,266,260,43,303,0
2022-01-28,Siskiyou,093,43540,4117,3987,2391,6378,66
2022-01-28,Solano,095,438530,74622,69862,5022,74884,407
2022-01-28,Sonoma,097,501317,77191,73439,2188,75627,427
2022-01-28,Stanislaus,099,539301,110365,107668,15598,123266,1403
2022-01-28,Sutter,101,95872,19291,18797,1607,20404,202
2022-01-28,Tehama,103,63373,11198,10880,2413,13293,145
2022-01-28,Trinity,105,12862,1097,1033,266,1299,19
2022-01-28,Tulare,107,460477,99043,93154,25436,118590,1237
2022-01-28,Tuolumne,109,53932,11657,10806,419,11225,91
2022-01-28,Ventura,111,848112,164792,160466,9022,169488,1271
2022-01-28,Yolo,113,214977,34224,32123,2820,34943,275
2022-01-28,Yuba,115,75493,14741,14295,1008,15303,103
2022-01-27,Alameda,001,1643700,234854,225602,12222,237824,1605
2022-01-27,Alpine,003,1148,119,123,1,124,0
2022-01-27,Amador,005,37829,7803,7505,503,8008,73
2022-01-27,Butte,007,227075,30525,29557,5979,35536,353
2022-01-27,Calaveras,009,45235,6733,6484,260,6744,96
2022-01-27,Colusa,011,21464,3226,3107,979,4086,21
2022-01-27,Contra Costa,013,1133247,174771,168003,11216,179219,1101
2022-01-27,Del Norte,015,27424,4852,4589,125,4714,43
2022-01-27,El Dorado,017,186661,25202,24008,2956,26964,184
2022-01-27,Fresno,019,978130,211357,202691,21223,223914,2457
2022-01-27,Glenn,021,27897,4636,4516,1465,5981,39
2022-01-27,Humboldt,023,135768,15245,14812,2377,17189,126
2022-01-27,Imperial,025,180216,51874,50153,9445,59598,845
2022-01-27,Inyo,027,18085,3928,3895,397,4292,50
2022-01-27,Kern,029,883053,180719,174456,42054,216510,1962
2022-01-27,Kings,031,150075,47213,45047,3215,48262,397
2022-01-27,Lake,033,64148,9436,8747,717,9464,119
2022-01-27,Lassen,035,31185,8239,7961,805,8766,55
2022-01-27,Los Angeles,037,10098052,2579493,2473332,117684,2591016,28467
2022-01-27,Madera,039,155013,34082,32753,4950,37703,329
2022-01-27,Marin,041,260295,31000,30137,1981,32118,253
2022-01-27,Mariposa,043,17540,2188,2117,132,2249,6
2022-01-27,Mendocino,045,87422,11977,11591,2317,13908,104
2022-01-27,Merced,047,269075,58229,56472,6823,63295,735
2022-01-27,Modoc,049,8938,668,654,229,883,6
2022-01-27,Mono,051,14174,2875,2860,114,2974,5
2022-01-27,Monterey,053,433212,72495,64090,10800,74890,658
2022-01-27,Napa,055,140530,23316,22121,783,22904,113
2022-01-27,Nevada,057,99092,14876,14337,999,15336,112
2022-01-27,Orange,059,3164182,522899,511255,38894,550149,6038
2022-01-27,Placer,061,380077,58672,56562,6839,63401,523
2022-01-27,Plumas,063,18699,2731,2463,259,2722,12
2022-01-27,Riverside,065,2383286,564683,548121,26456,574577,5726
2022-01-27,Sacramento,067,1510023,261631,249130,23490,272620,2558
2022-01-27,San Benito,069,59416,11965,11670,459,12129,90
2022-01-27,San Bernardino,071,2135413,546530,525249,23830,549079,6297
2022-01-27,San Diego,073,3302833,704180,683027,48112,731139,4643
2022-01-27,San Francisco,075,870044,114218,108265,7575,115840,712
2022-01-27,San Joaquin,077,732212,155722,150849,9378,160227,1971
2022-01-27,San Luis Obispo,079,281455,48147,46374,3233,49607,391
2022-01-27,San Mateo,081,765935,112760,100306,6173,106479,586
2022-01-27,Santa Barbara,083,443738,79053,76546,4262,80808,604
2022-01-27,Santa Clara,085,1922200,283145,273879,10812,284691,2019
2022-01-27,Santa Cruz,087,273765,41484,39228,1947,41175,240
2022-01-27,Shasta,089,179085,28286,27504,5438,32942,452
2022-01-27,Sierra,091,2930,265,260,42,302,0
2022-01-27,Siskiyou,093,43540,4096,3987,2354,6341,66
2022-01-27,Solano,095,438530,73984,69862,4971,74833,407
2022-01-27,Sonoma,097,501317,76725,73439,2175,75614,427
2022-01-27,Stanislaus,099,539301,109838,107668,15451,123119,1403
2022-01-27,Sutter,101,95872,19186,18797,1582,20379,202
2022-01-27,Tehama,103,63373,11145,10880,2397,13277,145
2022-01-27,Trinity,105,12862,1093,1033,265,1298,19
2022-01-27,Tulare,107,460477,98376,93154,25153,118307,1237
2022-01-27,Tuolumne,109,53932,11604,10806,410,11216,91
2022-01-27,Ventura,111,848112,164140,160466,8987,169453,1271
2022-01-27,Yolo,113,214977,34080,32123,2802,34925,275
2022-01-27,Yuba,115,75493,14663,14295,992,15287,103
2022-01-26,Alameda,001,1643700,232958,222680,12051,234731,1596
2022-01-26,Alpine,003,1148,119,123,1,124,0
2022-01-26,Amador,005,37829,7729,7427,488,7915,73
2022-01-26,Butte,007,227075,30327,29229,5923,35152,353
2022-01-26,Calaveras,009,45235,6695,6387,253,6640,96
2022-01-26,Colusa,011,21464,3208,3094,972,4066,21
2022-01-26,Contra Costa,013,1133247,173642,165972,11052,177024,1095
2022-01-26,Del Norte,015,27424,4795,4542,124,4666,43
2022-01-26,El Dorado,017,186661,25082,23819,2933,26752,181
2022-01-26,Fresno,019,978130,209508,199689,21005,220694,2452
2022-01-26,Glenn,021,27897,4603,4472,1460,5932,39
2022-01-26,Humboldt,023,135768,15146,14715,2332,17047,126
2022-01-26,Imperial,025,180216,51517,49477,9297,58774,839
2022-01-26,Inyo,027,18085,3925,3889,366,4255,50
2022-01-26,Kern,029,883053,179780,173052,41709,214761,1953
2022-01-26,Kings,031,150075,46808,44367,3185,47552,396
2022-01-26,Lake,033,64148,9354,8645,707,9352,119
2022-01-26,Lassen,035,31185,8199,7888,805,8693,55
2022-01-26,Los Angeles,037,10098052,2567270,2450620,117233,2567853,28382
2022-01-26,Madera,039,155013,33843,32323,4813,37136,329
2022-01-26,Marin,041,260295,30818,29813,1964,31777,253
2022-01-26,Mariposa,043,17540,2171,2108,125,2233,6
2022-01-26,Mendocino,045,87422,11930,11453,2266,13719,103
2022-01-26,Merced,047,269075,57860,56060,6645,62705,733
2022-01-26,Modoc,049,8938,667,652,228,880,6
2022-01-26,Mono,051,14174,2872,2852,114,2966,4
2022-01-26,Monterey,053,433212,71938,63264,10504,73768,659
2022-01-26,Napa,055,140530,23160,21864,772,22636,112
2022-01-26,Nevada,057,99092,14782,14128,988,15116,112
2022-01-26,Orange,059,3164182,520912,506419,38730,545149,6007
2022-01-26,Placer,061,380077,58333,55892,6775,62667,524
2022-01-26,Plumas,063,18699,2704,2425,257,2682,12
2022-01-26,Riverside,065,2383286,562158,543788,26337,570125,5701
2022-01-26,Sacramento,067,1510023,259938,246416,23148,269564,2559
2022-01-26,San Benito,069,59416,11894,11563,447,12010,90
2022-01-26,San Bernardino,071,2135413,544297,521699,23721,545420,6291
2022-01-26,San Diego,073,3302833,699965,676392,47753,724145,4622
2022-01-26,San Francisco,075,870044,113582,107174,7541,114715,704
2022-01-26,San Joaquin,077,732212,154734,148770,9324,158094,1971
2022-01-26,San Luis Obispo,079,281455,47843,45716,3206,48922,391
2022-01-26,San Mateo,081,765935,112093,99016,6044,105060,586
2022-01-26,Santa Barbara,083,443738,78524,75548,4201,79749,600
2022-01-26,Santa Clara,085,1922200,281053,270470,10636,281106,2015
2022-01-26,Santa Cruz,087,273765,40964,38298,1933,40231,239
2022-01-26,Shasta,089,179085,28138,27255,5391,32646,452
2022-01-26,Sierra,091,2930,264,260,41,301,0
2022-01-26,Siskiyou,093,43540,4080,3971,2329,6300,66
2022-01-26,Solano,095,438530,73289,69150,4904,74054,401
2022-01-26,Sonoma,097,501317,76165,72509,2140,74649,423
2022-01-26,Stanislaus,099,539301,109281,106582,15231,121813,1396
2022-01-26,Sutter,101,95872,19076,18670,1536,20206,202
2022-01-26,Tehama,103,63373,11091,10749,2380,13129,145
2022-01-26,Trinity,105,12862,1088,1008,265,1273,19
2022-01-26,Tulare,107,460477,97566,91904,24908,116812,1234
2022-01-26,Tuolumne,109,53932,11421,10699,399,11098,91
2022-01-26,Ventura,111,848112,163428,159077,8945,168022,1263
2022-01-26,Yolo,113,214977,33864,31913,2763,34676,275
2022-01-26,Yuba,115,75493,14578,14171,970,15141,103
2022-01-25,Alameda,001,1643700,231066,219753,11869,231622,1589
2022-01-25,Alpine,003,1148,119,122,1,123,0
2022-01-25,Amador,005,37829,7652,7352,477,7829,73
2022-01-25,Butte,007,227075,30119,28887,5850,34737,351
2022-01-25,Calaveras,009,45235,6637,6266,239,6505,95
2022-01-25,Colusa,011,21464,3188,3074,970,4044,21
2022-01-25,Contra Costa,013,1133247,172323,163792,10834,174626,1092
2022-01-25,Del Norte,015,27424,4725,4514,118,4632,43
2022-01-25,El Dorado,017,186661,24946,23339,2907,26246,179
2022-01-25,Fresno,019,978130,207366,198262,20719,218981,2434
2022-01-25,Glenn,021,27897,4571,4418,1444,5862,39
2022-01-25,Humboldt,023,135768,15055,14574,2306,16880,126
2022-01-25,Imperial,025,180216,51061,48913,9072,57985,832
2022-01-25,Inyo,027,18085,3910,3857,321,4178,50
2022-01-25,Kern,029,883053,178774,171695,41249,212944,1947
2022-01-25,Kings,031,150075,46338,43853,3139,46992,396
2022-01-25,Lake,033,64148,9275,8543,695,9238,118
2022-01-25,Lassen,035,31185,8168,7834,794,8628,55
2022-01-25,Los Angeles,037,10098052,2552331,2433516,116592,2550108,28293
2022-01-25,Madera,039,155013,33520,31794,4677,36471,329
2022-01-25,Marin,041,260295,30640,29589,1951,31540,253
2022-01-25,Mariposa,043,17540,2159,2069,119,2188,6
2022-01-25,Mendocino,045,87422,11810,11280,2163,13443,103
2022-01-25,Merced,047,269075,57477,55555,6503,62058,733
2022-01-25,Modoc,049,8938,665,652,228,880,6
2022-01-25,Mono,051,14174,2862,2826,113,2939,4
2022-01-25,Monterey,053,433212,71364,62498,10096,72594,654
2022-01-25,Napa,055,140530,22965,21668,737,22405,111
2022-01-25,Nevada,057,99092,14669,13944,964,14908,112
2022-01-25,Orange,059,3164182,518632,504274,38537,542811,5980
2022-01-25,Placer,061,380077,57932,55465,6702,62167,518
2022-01-25,Plumas,063,18699,2679,2397,253,2650,12
2022-01-25,Riverside,065,2383286,559064,540723,26169,566892,5686
2022-01-25,Sacramento,067,1510023,257997,244468,22603,267071,2545
2022-01-25,San Benito,069,59416,11794,11446,443,11889,88
2022-01-25,San Bernardino,071,2135413,541742,519150,23605,542755,6288
2022-01-25,San Diego,073,3302833,694970,670110,47302,717412,4604
2022-01-25,San Francisco,075,870044,112820,106254,7497,113751,703
2022-01-25,San Joaquin,077,732212,153743,147271,9259,156530,1972
2022-01-25,San Luis Obispo,079,281455,47481,45130,3158,48288,391
2022-01-25,San Mateo,081,765935,111260,98010,5933,103943,586
2022-01-25,Santa Barbara,083,443738,77856,74686,4119,78805,594
2022-01-25,Santa Clara,085,1922200,278441,268031,10431,278462,2006
2022-01-25,Santa Cruz,087,273765,40293,37850,1917,39767,237
2022-01-25,Shasta,089,179085,27976,27090,5324,32414,452
2022-01-25,Sierra,091,2930,264,260,37,297,0
2022-01-25,Siskiyou,093,43540,4056,3958,2294,6252,65
2022-01-25,Solano,095,438530,72721,68657,4847,73504,399
2022-01-25,Sonoma,097,501317,75473,71633,2100,73733,423
2022-01-25,Stanislaus,099,539301,108609,105965,15007,120972,1396
2022-01-25,Sutter,101,95872,18973,18508,1494,20002,200
2022-01-25,Tehama,103,63373,11028,10669,2354,13023,145
2022-01-25,Trinity,105,12862,1081,999,263,1262,19
2022-01-25,Tulare,107,460477,96694,91237,24562,115799,1229
2022-01-25,Tuolumne,109,53932,11240,10516,375,10891,91
2022-01-25,Ventura,111,848112,162573,157971,8897,166868,1263
2022-01-25,Yolo,113,214977,33604,31677,2717,34394,274
2022-01-25,Yuba,115,75493,14493,14038,942,14980,103
2022-01-24,Alameda,001,1643700,228614,216252,11600,227852,1581
2022-01-24,Alpine,003,1148,119,120,1,121,0
2022-01-24,Amador,005,37829,7601,7166,439,7605,73
2022-01-24,Butte,007,227075,29892,28607,5787,34394,350
2022-01-24,Calaveras,009,45235,6588,6172,225,6397,95
2022-01-24,Colusa,011,21464,3169,3052,954,4006,21
2022-01-24,Contra Costa,013,1133247,170835,162161,10617,172778,1092
2022-01-24,Del Norte,015,27424,4665,4460,118,4578,43
2022-01-24,El Dorado,017,186661,24780,23128,2878,26006,179
2022-01-24,Fresno,019,978130,205062,196092,20413,216505,2430
2022-01-24,Glenn,021,27897,4530,4367,1434,5801,39
2022-01-24,Humboldt,023,135768,14943,14416,2260,16676,126
2022-01-24,Imperial,025,180216,50519,48228,8784,57012,824
2022-01-24,Inyo,027,18085,3904,3805,296,4101,50
2022-01-24,Kern,029,883053,177464,169892,40771,210663,1946
2022-01-24,Kings,031,150075,45764,43260,3066,46326,396
2022-01-24,Lake,033,64148,9166,8423,680,9103,118
2022-01-24,Lassen,035,31185,8084,7732,775,8507,55
2022-01-24,Los Angeles,037,10098052,2535809,2391045,115812,2506857,28230
2022-01-24,Madera,039,155013,33082,31339,4489,35828,329
2022-01-24,Marin,041,260295,30409,29301,1914,31215,253
2022-01-24,Mariposa,043,17540,2134,2033,115,2148,6
2022-01-24,Mendocino,045,87422,11706,11002,2082,13084,103
2022-01-24,Merced,047,269075,56985,54970,6218,61188,730
2022-01-24,Modoc,049,8938,662,648,227,875,6
2022-01-24,Mono,051,14174,2852,2802,112,2914,4
2022-01-24,Monterey,053,433212,70502,61975,9733,71708,654
2022-01-24,Napa,055,140530,22785,21494,724,22218,111
2022-01-24,Nevada,057,99092,14542,13774,941,14715,112
2022-01-24,Orange,059,3164182,516059,501634,38275,539909,5969
2022-01-24,Placer,061,380077,57454,54933,6651,61584,518
2022-01-24,Plumas,063,18699,2648,2370,239,2609,12
2022-01-24,Riverside,065,2383286,555336,535962,25959,561921,5661
2022-01-24,Sacramento,067,1510023,255630,241522,22021,263543,2526
2022-01-24,San Benito,069,59416,11697,11331,430,11761,88
2022-01-24,San Bernardino,071,2135413,538815,515604,23441,539045,6285
2022-01-24,San Diego,073,3302833,689318,663580,46751,710331,4586
2022-01-24,San Francisco,075,870044,111860,105418,7401,112819,703
2022-01-24,San Joaquin,077,732212,152431,145984,9183,155167,1959
2022-01-24,San Luis Obispo,079,281455,47009,44616,3103,47719,387
2022-01-24,San Mateo,081,765935,110298,96968,5816,102784,586
2022-01-24,Santa Barbara,083,443738,77045,73866,4023,77889,591
2022-01-24,Santa Clara,085,1922200,275567,265341,10219,275560,2006
2022-01-24,Santa Cruz,087,273765,39495,37188,1895,39083,237
2022-01-24,Shasta,089,179085,27793,26871,5236,32107,452
2022-01-24,Sierra,091,2930,264,258,37,295,0
2022-01-24,Siskiyou,093,43540,4047,3934,2255,6189,64
2022-01-24,Solano,095,438530,72038,68094,4768,72862,400
2022-01-24,Sonoma,097,501317,74557,70733,2068,72801,423
2022-01-24,Stanislaus,099,539301,107852,104933,14731,119664,1395
2022-01-24,Sutter,101,95872,18857,18336,1405,19741,200
2022-01-24,Tehama,103,63373,10958,10567,2334,12901,145
2022-01-24,Trinity,105,12862,1072,978,261,1239,19
2022-01-24,Tulare,107,460477,95624,90089,24161,114250,1219
2022-01-24,Tuolumne,109,53932,11119,10374,366,10740,91
2022-01-24,Ventura,111,848112,161550,156551,8850,165401,1261
2022-01-24,Yolo,113,214977,33312,31480,2680,34160,273
2022-01-24,Yuba,115,75493,14386,13862,901,14763,103
2022-01-23,Alameda,001,1643700,225911,214003,11268,225271,1583
2022-01-23,Alpine,003,1148,119,120,1,121,0
2022-01-23,Amador,005,37829,7545,7090,399,7489,73
2022-01-23,Butte,007,227075,29597,28340,5680,34020,350
2022-01-23,Calaveras,009,45235,6523,6095,202,6297,95
2022-01-23,Colusa,011,21464,3145,3040,947,3987,21
2022-01-23,Contra Costa,013,1133247,168988,160798,10254,171052,1092
2022-01-23,Del Norte,015,27424,4599,4419,112,4531,43
2022-01-23,El Dorado,017,186661,24589,22925,2829,25754,179
2022-01-23,Fresno,019,978130,202591,193642,19935,213577,2430
2022-01-23,Glenn,021,27897,4479,4340,1410,5750,39
2022-01-23,Humboldt,023,135768,14821,14296,2178,16474,126
2022-01-23,Imperial,025,180216,49920,47935,8496,56431,824
2022-01-23,Inyo,027,18085,3877,3781,282,4063,50
2022-01-23,Kern,029,883053,176101,168585,40241,208826,1946
2022-01-23,Kings,031,150075,45129,42622,2962,45584,397
2022-01-23,Lake,033,64148,8996,8363,653,9016,118
2022-01-23,Lassen,035,31185,8035,7710,751,8461,55
2022-01-23,Los Angeles,037,10098052,2515515,2390590,114653,2505243,28231
2022-01-23,Madera,039,155013,32723,30962,4247,35209,329
2022-01-23,Marin,041,260295,30156,29025,1876,30901,253
2022-01-23,Mariposa,043,17540,2119,2011,112,2123,6
2022-01-23,Mendocino,045,87422,11581,10889,1950,12839,103
2022-01-23,Merced,047,269075,56431,54644,5770,60414,730
2022-01-23,Modoc,049,8938,660,645,224,869,6
2022-01-23,Mono,051,14174,2844,2788,110,2898,4
2022-01-23,Monterey,053,433212,69664,61522,9289,70811,654
2022-01-23,Napa,055,140530,22523,21281,711,21992,111
2022-01-23,Nevada,057,99092,14377,13629,913,14542,112
2022-01-23,Orange,059,3164182,512959,498968,37981,536949,5970
2022-01-23,Placer,061,380077,56883,54568,6561,61129,518
2022-01-23,Plumas,063,18699,2615,2368,210,2578,12
2022-01-23,Riverside,065,2383286,550889,532273,25652,557925,5661
2022-01-23,Sacramento,067,1510023,252990,239589,21050,260639,2530
2022-01-23,San Benito,069,59416,11575,11225,419,11644,88
2022-01-23,San Bernardino,071,2135413,535376,512657,23162,535819,6281
2022-01-23,San Diego,073,3302833,682705,640215,45948,686163,4566
2022-01-23,San Francisco,075,870044,110793,104485,7293,111778,704
2022-01-23,San Joaquin,077,732212,150814,144621,9099,153720,1959
2022-01-23,San Luis Obispo,079,281455,46315,44183,3024,47207,386
2022-01-23,San Mateo,081,765935,109181,95940,5668,101608,586
2022-01-23,Santa Barbara,083,443738,75922,73041,3897,76938,590
2022-01-23,Santa Clara,085,1922200,272268,261991,9892,271883,2005
2022-01-23,Santa Cruz,087,273765,38964,36547,1863,38410,237
2022-01-23,Shasta,089,179085,27512,26732,5114,31846,452
2022-01-23,Sierra,091,2930,263,252,37,289,0
2022-01-23,Siskiyou,093,43540,4021,3916,2197,6113,64
2022-01-23,Solano,095,438530,71241,67457,4672,72129,400
2022-01-23,Sonoma,097,501317,73600,69791,2012,71803,423
2022-01-23,Stanislaus,099,539301,106992,104067,14450,118517,1395
2022-01-23,Sutter,101,95872,18700,18175,1290,19465,200
2022-01-23,Tehama,103,63373,10860,10481,2302,12783,145
2022-01-23,Trinity,105,12862,1069,961,259,1220,19
2022-01-23,Tulare,107,460477,94363,89120,23722,112842,1219
2022-01-23,Tuolumne,109,53932,10928,10243,348,10591,91
2022-01-23,Ventura,111,848112,160368,155052,8773,163825,1261
2022-01-23,Yolo,113,214977,32934,30908,2638,33546,273
2022-01-23,Yuba,115,75493,14262,13762,846,14608,103
2022-01-22,Alameda,001,1643700,224819,203927,11234,215161,1575
2022-01-22,Alpine,003,1148,118,119,1,120,0
2022-01-22,Amador,005,37829,7511,6845,394,7239,73
2022-01-22,Butte,007,227075,29479,27232,5656,32888,350
2022-01-22,Calaveras,009,45235,6493,5835,201,6036,95
2022-01-22,Colusa,011,21464,3128,2954,944,3898,21
2022-01-22,Contra Costa,013,1133247,168057,154111,10224,164335,1091
2022-01-22,Del Norte,015,27424,4562,4269,108,4377,43
2022-01-22,El Dorado,017,186661,24520,22273,2819,25092,179
2022-01-22,Fresno,019,978130,201772,185292,19866,205158,2429
2022-01-22,Glenn,021,27897,4473,4174,1407,5581,39
2022-01-22,Humboldt,023,135768,14754,13628,2165,15793,125
2022-01-22,Imperial,025,180216,49730,45741,8436,54177,820
2022-01-22,Inyo,027,18085,3873,3706,258,3964,50
2022-01-22,Kern,029,883053,175475,162902,39936,202838,1946
2022-01-22,Kings,031,150075,44921,40580,2949,43529,396
2022-01-22,Lake,033,64148,8962,8056,645,8701,118
2022-01-22,Lassen,035,31185,8001,7545,744,8289,55
2022-01-22,Los Angeles,037,10098052,2508114,2286280,114144,2400424,28038
2022-01-22,Madera,039,155013,32604,29595,4232,33827,329
2022-01-22,Marin,041,260295,30030,27893,1871,29764,253
2022-01-22,Mariposa,043,17540,2115,1920,112,2032,6
2022-01-22,Mendocino,045,87422,11531,10395,1928,12323,103
2022-01-22,Merced,047,269075,56279,53025,5761,58786,727
2022-01-22,Modoc,049,8938,659,639,224,863,6
2022-01-22,Mono,051,14174,2843,2723,106,2829,4
2022-01-22,Monterey,053,433212,69457,59038,9245,68283,651
2022-01-22,Napa,055,140530,22428,20402,701,21103,111
2022-01-22,Nevada,057,99092,14309,12957,905,13862,112
2022-01-22,Orange,059,3164182,511354,480329,37732,518061,5946
2022-01-22,Placer,061,380077,56613,52557,6522,59079,512
2022-01-22,Plumas,063,18699,2598,2289,206,2495,12
2022-01-22,Riverside,065,2383286,548973,513567,25579,539146,5623
2022-01-22,Sacramento,067,1510023,251940,230206,20944,251150,2510
2022-01-22,San Benito,069,59416,11517,10743,414,11157,88
2022-01-22,San Bernardino,071,2135413,533872,495209,23066,518275,6267
2022-01-22,San Diego,073,3302833,680215,628904,45734,674638,4559
2022-01-22,San Francisco,075,870044,110136,100238,7144,107382,702
2022-01-22,San Joaquin,077,732212,150375,138264,9056,147320,1960
2022-01-22,San Luis Obispo,079,281455,46197,42154,3017,45171,385
2022-01-22,San Mateo,081,765935,108596,91440,5605,97045,585
2022-01-22,Santa Barbara,083,443738,75500,69555,3891,73446,589
2022-01-22,Santa Clara,085,1922200,270589,249205,9825,259030,1993
2022-01-22,Santa Cruz,087,273765,38782,33741,1856,35597,237
2022-01-22,Shasta,089,179085,27416,25919,5092,31011,450
2022-01-22,Sierra,091,2930,263,248,36,284,0
2022-01-22,Siskiyou,093,43540,4003,3845,2176,6021,62
2022-01-22,Solano,095,438530,71018,63882,4633,68515,391
2022-01-22,Sonoma,097,501317,73176,66013,2002,68015,422
2022-01-22,Stanislaus,099,539301,106534,100092,14359,114451,1393
2022-01-22,Sutter,101,95872,18632,17616,1277,18893,199
2022-01-22,Tehama,103,63373,10825,10171,2292,12463,142
2022-01-22,Trinity,105,12862,1067,925,259,1184,19
2022-01-22,Tulare,107,460477,93980,85223,23593,108816,1211
2022-01-22,Tuolumne,109,53932,10860,9731,342,10073,91
2022-01-22,Ventura,111,848112,159677,148742,8734,157476,1250
2022-01-22,Yolo,113,214977,32756,30061,2621,32682,273
2022-01-22,Yuba,115,75493,14173,13288,841,14129,103
2022-01-21,Alameda,001,1643700,223245,203927,11202,215129,1575
2022-01-21,Alpine,003,1148,118,119,1,120,0
2022-01-21,Amador,005,37829,7454,6845,391,7236,73
2022-01-21,Butte,007,227075,29351,27232,5614,32846,350
2022-01-21,Calaveras,009,45235,6447,5835,201,6036,95
2022-01-21,Colusa,011,21464,3121,2954,939,3893,21
2022-01-21,Contra Costa,013,1133247,167005,154111,10145,164256,1091
2022-01-21,Del Norte,015,27424,4521,4269,108,4377,43
2022-01-21,El Dorado,017,186661,24437,22273,2802,25075,179
2022-01-21,Fresno,019,978130,200528,185292,19765,205057,2429
2022-01-21,Glenn,021,27897,4454,4174,1402,5576,39
2022-01-21,Humboldt,023,135768,14685,13628,2146,15774,125
2022-01-21,Imperial,025,180216,49540,45741,8358,54099,820
2022-01-21,Inyo,027,18085,3860,3706,253,3959,50
2022-01-21,Kern,029,883053,174757,162902,39561,202463,1946
2022-01-21,Kings,031,150075,44724,40580,2941,43521,396
2022-01-21,Lake,033,64148,8905,8056,632,8688,118
2022-01-21,Lassen,035,31185,7952,7545,740,8285,55
2022-01-21,Los Angeles,037,10098052,2496810,2286280,113684,2399964,28038
2022-01-21,Madera,039,155013,32312,29595,4204,33799,329
2022-01-21,Marin,041,260295,29853,27893,1851,29744,253
2022-01-21,Mariposa,043,17540,2103,1920,111,2031,6
2022-01-21,Mendocino,045,87422,11450,10395,1925,12320,103
2022-01-21,Merced,047,269075,56119,53025,5757,58782,727
2022-01-21,Modoc,049,8938,658,639,224,863,6
2022-01-21,Mono,051,14174,2829,2723,103,2826,4
2022-01-21,Monterey,053,433212,68985,59038,9113,68151,651
2022-01-21,Napa,055,140530,22308,20402,693,21095,111
2022-01-21,Nevada,057,99092,14213,12957,901,13858,112
2022-01-21,Orange,059,3164182,509116,480329,37486,517815,5946
2022-01-21,Placer,061,380077,56220,52557,6460,59017,512
2022-01-21,Plumas,063,18699,2586,2289,201,2490,12
2022-01-21,Riverside,065,2383286,546315,513567,25500,539067,5623
2022-01-21,Sacramento,067,1510023,250495,230206,20841,251047,2510
2022-01-21,San Benito,069,59416,11482,10743,411,11154,88
2022-01-21,San Bernardino,071,2135413,531840,495209,22990,518199,6267
2022-01-21,San Diego,073,3302833,676048,628904,45558,674462,4559
2022-01-21,San Francisco,075,870044,109376,100238,7056,107294,702
2022-01-21,San Joaquin,077,732212,149781,138264,8995,147259,1960
2022-01-21,San Luis Obispo,079,281455,46071,42154,3014,45168,385
2022-01-21,San Mateo,081,765935,107924,91440,5564,97004,585
2022-01-21,Santa Barbara,083,443738,74998,69555,3881,73436,589
2022-01-21,Santa Clara,085,1922200,268763,249205,9717,258922,1993
2022-01-21,Santa Cruz,087,273765,38063,33741,1843,35584,237
2022-01-21,Shasta,089,179085,27327,25919,5045,30964,450
2022-01-21,Sierra,091,2930,261,248,35,283,0
2022-01-21,Siskiyou,093,43540,3994,3845,2158,6003,62
2022-01-21,Solano,095,438530,70607,63882,4551,68433,391
2022-01-21,Sonoma,097,501317,72650,66013,1992,68005,422
2022-01-21,Stanislaus,099,539301,106031,100092,14299,114391,1393
2022-01-21,Sutter,101,95872,18545,17616,1263,18879,199
2022-01-21,Tehama,103,63373,10789,10171,2290,12461,142
2022-01-21,Trinity,105,12862,1061,925,258,1183,19
2022-01-21,Tulare,107,460477,93499,85223,23429,108652,1211
2022-01-21,Tuolumne,109,53932,10777,9731,335,10066,91
2022-01-21,Ventura,111,848112,158868,148742,8703,157445,1250
2022-01-21,Yolo,113,214977,32592,30061,2598,32659,273
2022-01-21,Yuba,115,75493,14101,13288,834,14122,103
2022-01-20,Alameda,001,1643700,220179,203927,10962,214889,1575
2022-01-20,Alpine,003,1148,118,119,1,120,0
2022-01-20,Amador,005,37829,7390,6845,373,7218,73
2022-01-20,Butte,007,227075,29096,27232,5536,32768,350
2022-01-20,Calaveras,009,45235,6342,5835,192,6027,95
2022-01-20,Colusa,011,21464,3091,2954,927,3881,21
2022-01-20,Contra Costa,013,1133247,165043,154111,9879,163990,1091
2022-01-20,Del Norte,015,27424,4481,4269,105,4374,43
2022-01-20,El Dorado,017,186661,24234,22273,2759,25032,179
2022-01-20,Fresno,019,978130,197928,185292,19394,204686,2429
2022-01-20,Glenn,021,27897,4419,4174,1393,5567,39
2022-01-20,Humboldt,023,135768,14556,13628,2094,15722,125
2022-01-20,Imperial,025,180216,49020,45741,8179,53920,820
2022-01-20,Inyo,027,18085,3848,3706,242,3948,50
2022-01-20,Kern,029,883053,173231,162902,39014,201916,1946
2022-01-20,Kings,031,150075,44168,40580,2898,43478,396
2022-01-20,Lake,033,64148,8809,8056,604,8660,118
2022-01-20,Lassen,035,31185,7899,7545,725,8270,55
2022-01-20,Los Angeles,037,10098052,2472092,2286280,112698,2398978,28038
2022-01-20,Madera,039,155013,31924,29595,4077,33672,329
2022-01-20,Marin,041,260295,29560,27893,1814,29707,253
2022-01-20,Mariposa,043,17540,2076,1920,108,2028,6
2022-01-20,Mendocino,045,87422,11352,10395,1847,12242,103
2022-01-20,Merced,047,269075,55690,53025,5528,58553,727
2022-01-20,Modoc,049,8938,656,639,224,863,6
2022-01-20,Mono,051,14174,2821,2723,102,2825,4
2022-01-20,Monterey,053,433212,68219,59038,8694,67732,651
2022-01-20,Napa,055,140530,22042,20402,654,21056,111
2022-01-20,Nevada,057,99092,14065,12957,878,13835,112
2022-01-20,Orange,059,3164182,505172,480329,37113,517442,5946
2022-01-20,Placer,061,380077,55732,52557,6399,58956,512
2022-01-20,Plumas,063,18699,2559,2289,197,2486,12
2022-01-20,Riverside,065,2383286,541737,513567,25263,538830,5623
2022-01-20,Sacramento,067,1510023,248203,230206,20190,250396,2510
2022-01-20,San Benito,069,59416,11371,10743,398,11141,88
2022-01-20,San Bernardino,071,2135413,527689,495209,22705,517914,6267
2022-01-20,San Diego,073,3302833,668947,628904,44856,673760,4559
2022-01-20,San Francisco,075,870044,108222,100238,6915,107153,702
2022-01-20,San Joaquin,077,732212,148142,138264,8867,147131,1960
2022-01-20,San Luis Obispo,079,281455,45560,42154,2980,45134,385
2022-01-20,San Mateo,081,765935,106697,91440,5358,96798,585
2022-01-20,Santa Barbara,083,443738,74100,69555,3768,73323,589
2022-01-20,Santa Clara,085,1922200,265453,249205,9388,258593,1993
2022-01-20,Santa Cruz,087,273765,37179,33741,1820,35561,237
2022-01-20,Shasta,089,179085,27137,25919,4978,30897,450
2022-01-20,Sierra,091,2930,261,248,33,281,0
2022-01-20,Siskiyou,093,43540,3982,3845,2125,5970,62
2022-01-20,Solano,095,438530,69661,63882,4462,68344,391
2022-01-20,Sonoma,097,501317,71623,66013,1942,67955,422
2022-01-20,Stanislaus,099,539301,105074,100092,14092,114184,1393
2022-01-20,Sutter,101,95872,18380,17616,1234,18850,199
2022-01-20,Tehama,103,63373,10716,10171,2272,12443,142
2022-01-20,Trinity,105,12862,1047,925,257,1182,19
2022-01-20,Tulare,107,460477,92444,85223,23120,108343,1211
2022-01-20,Tuolumne,109,53932,10635,9731,323,10054,91
2022-01-20,Ventura,111,848112,157483,148742,8627,157369,1250
2022-01-20,Yolo,113,214977,32304,30061,2565,32626,273
2022-01-20,Yuba,115,75493,13995,13288,801,14089,103
2022-01-19,Alameda,001,1643700,216783,199739,10624,210363,1571
2022-01-19,Alpine,003,1148,117,119,1,120,0
2022-01-19,Amador,005,37829,7309,6789,331,7120,73
2022-01-19,Butte,007,227075,28794,26839,5461,32300,351
2022-01-19,Calaveras,009,45235,6252,5765,183,5948,95
2022-01-19,Colusa,011,21464,3066,2938,920,3858,21
2022-01-19,Contra Costa,013,1133247,162732,151543,9638,161181,1091
2022-01-19,Del Norte,015,27424,4442,4240,104,4344,43
2022-01-19,El Dorado,017,186661,23980,21953,2717,24670,177
2022-01-19,Fresno,019,978130,195025,181526,19063,200589,2430
2022-01-19,Glenn,021,27897,4368,4127,1383,5510,39
2022-01-19,Humboldt,023,135768,14397,13391,2041,15432,125
2022-01-19,Imperial,025,180216,48287,45156,7974,53130,820
2022-01-19,Inyo,027,18085,3825,3680,203,3883,49
2022-01-19,Kern,029,883053,171467,160747,38329,199076,1946
2022-01-19,Kings,031,150075,43472,40027,2819,42846,395
2022-01-19,Lake,033,64148,8682,7972,591,8563,118
2022-01-19,Lassen,035,31185,7842,7507,703,8210,55
2022-01-19,Los Angeles,037,10098052,2443710,2251718,111260,2362978,27934
2022-01-19,Madera,039,155013,31542,29021,3904,32925,329
2022-01-19,Marin,041,260295,29264,27375,1771,29146,251
2022-01-19,Mariposa,043,17540,2051,1896,102,1998,6
2022-01-19,Mendocino,045,87422,11181,10252,1753,12005,103
2022-01-19,Merced,047,269075,55144,52355,5172,57527,724
2022-01-19,Modoc,049,8938,654,635,223,858,6
2022-01-19,Mono,051,14174,2799,2677,100,2777,4
2022-01-19,Monterey,053,433212,67310,58426,8231,66657,651
2022-01-19,Napa,055,140530,21789,20090,627,20717,110
2022-01-19,Nevada,057,99092,13908,12703,849,13552,112
2022-01-19,Orange,059,3164182,500687,468460,36741,505201,5943
2022-01-19,Placer,061,380077,55168,51545,6328,57873,511
2022-01-19,Plumas,063,18699,2519,2239,190,2429,12
2022-01-19,Riverside,065,2383286,536208,503575,25023,528598,5604
2022-01-19,Sacramento,067,1510023,245310,226035,19448,245483,2512
2022-01-19,San Benito,069,59416,11230,10639,386,11025,88
2022-01-19,San Bernardino,071,2135413,523049,487846,22323,510169,6265
2022-01-19,San Diego,073,3302833,660170,614709,44124,658833,4553
2022-01-19,San Francisco,075,870044,106850,98652,6836,105488,694
2022-01-19,San Joaquin,077,732212,146249,135953,8735,144688,1959
2022-01-19,San Luis Obispo,079,281455,44961,41374,2914,44288,382
2022-01-19,San Mateo,081,765935,105281,89715,5091,94806,585
2022-01-19,Santa Barbara,083,443738,73103,68531,3667,72198,586
2022-01-19,Santa Clara,085,1922200,261723,244922,9023,253945,1991
2022-01-19,Santa Cruz,087,273765,35875,33026,1795,34821,237
2022-01-19,Shasta,089,179085,26869,25355,4906,30261,450
2022-01-19,Sierra,091,2930,261,245,32,277,0
2022-01-19,Siskiyou,093,43540,3958,3821,2069,5890,62
2022-01-19,Solano,095,438530,68819,63003,4334,67337,392
2022-01-19,Sonoma,097,501317,70523,64689,1897,66586,420
2022-01-19,Stanislaus,099,539301,104023,98952,13800,112752,1381
2022-01-19,Sutter,101,95872,18213,17436,1142,18578,199
2022-01-19,Tehama,103,63373,10602,10064,2223,12287,142
2022-01-19,Trinity,105,12862,1035,916,256,1172,19
2022-01-19,Tulare,107,460477,91150,83743,22633,106376,1200
2022-01-19,Tuolumne,109,53932,10477,9613,299,9912,91
2022-01-19,Ventura,111,848112,155967,144738,8553,153291,1234
2022-01-19,Yolo,113,214977,31939,29392,2529,31921,273
2022-01-19,Yuba,115,75493,13832,13114,788,13902,104
2022-01-18,Alameda,001,1643700,213424,195728,10308,206036,1566
2022-01-18,Alpine,003,1148,117,118,1,119,0
2022-01-18,Amador,005,37829,7171,6691,294,6985,73
2022-01-18,Butte,007,227075,28405,26514,5384,31898,347
2022-01-18,Calaveras,009,45235,6163,5684,168,5852,94
2022-01-18,Colusa,011,21464,3022,2903,915,3818,21
2022-01-18,Contra Costa,013,1133247,160723,149446,9270,158716,1085
2022-01-18,Del Norte,015,27424,4372,4229,99,4328,43
2022-01-18,El Dorado,017,186661,23599,21707,2671,24378,175
2022-01-18,Fresno,019,978130,191529,178922,18623,197545,2425
2022-01-18,Glenn,021,27897,4335,4070,1371,5441,39
2022-01-18,Humboldt,023,135768,14230,13218,1969,15187,125
2022-01-18,Imperial,025,180216,47591,44742,7787,52529,819
2022-01-18,Inyo,027,18085,3784,3654,192,3846,49
2022-01-18,Kern,029,883053,169444,158864,37564,196428,1943
2022-01-18,Kings,031,150075,42597,39440,2737,42177,392
2022-01-18,Lake,033,64148,8569,7919,571,8490,117
2022-01-18,Lassen,035,31185,7759,7461,664,8125,55
2022-01-18,Los Angeles,037,10098052,2410307,2227360,109821,2337181,27871
2022-01-18,Madera,039,155013,31020,28717,3710,32427,329
2022-01-18,Marin,041,260295,28961,27036,1728,28764,251
2022-01-18,Mariposa,043,17540,2026,1872,98,1970,6
2022-01-18,Mendocino,045,87422,11012,10114,1665,11779,103
2022-01-18,Merced,047,269075,54531,51746,4885,56631,718
2022-01-18,Modoc,049,8938,652,633,218,851,6
2022-01-18,Mono,051,14174,2778,2643,99,2742,4
2022-01-18,Monterey,053,433212,66534,57846,7748,65594,650
2022-01-18,Napa,055,140530,21456,19911,610,20521,109
2022-01-18,Nevada,057,99092,13723,12584,806,13390,111
2022-01-18,Orange,059,3164182,495340,461324,36230,497554,5938
2022-01-18,Placer,061,380077,54526,50983,6252,57235,508
2022-01-18,Plumas,063,18699,2481,2218,184,2402,12
2022-01-18,Riverside,065,2383286,530227,497278,24714,521992,5599
2022-01-18,Sacramento,067,1510023,242220,223745,18439,242184,2496
2022-01-18,San Benito,069,59416,11089,10520,372,10892,88
2022-01-18,San Bernardino,071,2135413,517685,483753,21889,505642,6258
2022-01-18,San Diego,073,3302833,649965,605137,43085,648222,4547
2022-01-18,San Francisco,075,870044,105386,96505,6720,103225,694
2022-01-18,San Joaquin,077,732212,144306,134365,8517,142882,1957
2022-01-18,San Luis Obispo,079,281455,44279,40848,2827,43675,381
2022-01-18,San Mateo,081,765935,103768,88225,4893,93118,585
2022-01-18,Santa Barbara,083,443738,71881,67216,3494,70710,581
2022-01-18,Santa Clara,085,1922200,257606,240281,8622,248903,1986
2022-01-18,Santa Cruz,087,273765,35224,32203,1760,33963,237
2022-01-18,Shasta,089,179085,26587,25162,4812,29974,448
2022-01-18,Sierra,091,2930,257,244,32,276,0
2022-01-18,Siskiyou,093,43540,3925,3799,2015,5814,62
2022-01-18,Solano,095,438530,67970,62204,4225,66429,391
2022-01-18,Sonoma,097,501317,69135,63714,1841,65555,419
2022-01-18,Stanislaus,099,539301,102806,98000,13433,111433,1379
2022-01-18,Sutter,101,95872,18022,17295,1070,18365,198
2022-01-18,Tehama,103,63373,10506,9975,2170,12145,142
2022-01-18,Trinity,105,12862,1022,907,255,1162,19
2022-01-18,Tulare,107,460477,89684,82667,22202,104869,1196
2022-01-18,Tuolumne,109,53932,10309,9528,287,9815,91
2022-01-18,Ventura,111,848112,154253,143384,8469,151853,1233
2022-01-18,Yolo,113,214977,31541,28786,2478,31264,270
2022-01-18,Yuba,115,75493,13670,12971,762,13733,101
2022-01-17,Alameda,001,1643700,208714,193276,9714,202990,1565
2022-01-17,Alpine,003,1148,116,118,0,118,0
2022-01-17,Amador,005,37829,7056,6640,236,6876,73
2022-01-17,Butte,007,227075,28023,26303,5279,31582,348
2022-01-17,Calaveras,009,45235,6032,5584,140,5724,94
2022-01-17,Colusa,011,21464,2998,2905,908,3813,21
2022-01-17,Contra Costa,013,1133247,157963,147993,8785,156778,1086
2022-01-17,Del Norte,015,27424,4321,4209,92,4301,43
2022-01-17,El Dorado,017,186661,23351,21540,2589,24129,175
2022-01-17,Fresno,019,978130,187821,176959,18117,195076,2426
2022-01-17,Glenn,021,27897,4282,4055,1357,5412,39
2022-01-17,Humboldt,023,135768,14026,13120,1802,14922,125
2022-01-17,Imperial,025,180216,46903,44412,7615,52027,821
2022-01-17,Inyo,027,18085,3762,3650,166,3816,49
2022-01-17,Kern,029,883053,166900,157645,36680,194325,1944
2022-01-17,Kings,031,150075,41464,39143,2615,41758,392
2022-01-17,Lake,033,64148,8420,7864,531,8395,117
2022-01-17,Lassen,035,31185,7666,7417,626,8043,55
2022-01-17,Los Angeles,037,10098052,2371125,2205740,107853,2313593,27832
2022-01-17,Madera,039,155013,30367,28568,3524,32092,329
2022-01-17,Marin,041,260295,28555,26633,1671,28304,251
2022-01-17,Mariposa,043,17540,2000,1862,92,1954,6
2022-01-17,Mendocino,045,87422,10788,10030,1523,11553,103
2022-01-17,Merced,047,269075,53851,51227,4323,55550,718
2022-01-17,Modoc,049,8938,648,630,218,848,6
2022-01-17,Mono,051,14174,2755,2642,98,2740,4
2022-01-17,Monterey,053,433212,65415,57318,7324,64642,647
2022-01-17,Napa,055,140530,21111,19647,587,20234,109
2022-01-17,Nevada,057,99092,13538,12414,768,13182,111
2022-01-17,Orange,059,3164182,489380,457418,35753,493171,5933
2022-01-17,Placer,061,380077,53794,50511,6106,56617,508
2022-01-17,Plumas,063,18699,2435,2205,152,2357,12
2022-01-17,Riverside,065,2383286,523413,491322,24256,515578,5600
2022-01-17,Sacramento,067,1510023,238138,221143,17058,238201,2497
2022-01-17,San Benito,069,59416,10922,10432,344,10776,88
2022-01-17,San Bernardino,071,2135413,511353,480243,21329,501572,6259
2022-01-17,San Diego,073,3302833,637749,569241,41881,611122,4545
2022-01-17,San Francisco,075,870044,103759,95292,6526,101818,694
2022-01-17,San Joaquin,077,732212,141472,133414,8327,141741,1958
2022-01-17,San Luis Obispo,079,281455,43450,40425,2725,43150,379
2022-01-17,San Mateo,081,765935,101800,87013,4635,91648,585
2022-01-17,Santa Barbara,083,443738,70558,66704,3293,69997,581
2022-01-17,Santa Clara,085,1922200,253117,237934,8179,246113,1985
2022-01-17,Santa Cruz,087,273765,34454,31714,1722,33436,237
2022-01-17,Shasta,089,179085,26307,25025,4690,29715,448
2022-01-17,Sierra,091,2930,256,242,32,274,0
2022-01-17,Siskiyou,093,43540,3886,3764,1935,5699,62
2022-01-17,Solano,095,438530,66932,61497,3963,65460,391
2022-01-17,Sonoma,097,501317,67631,62763,1777,64540,419
2022-01-17,Stanislaus,099,539301,101492,96951,12946,109897,1379
2022-01-17,Sutter,101,95872,17813,17159,932,18091,198
2022-01-17,Tehama,103,63373,10383,9912,2111,12023,142
2022-01-17,Trinity,105,12862,1009,906,251,1157,19
2022-01-17,Tulare,107,460477,87927,81741,21633,103374,1199
2022-01-17,Tuolumne,109,53932,10173,9416,253,9669,91
2022-01-17,Ventura,111,848112,152136,142070,8353,150423,1234
2022-01-17,Yolo,113,214977,31010,28638,2411,31049,270
2022-01-17,Yuba,115,75493,13474,12871,705,13576,101
2022-01-16,Alameda,001,1643700,205639,190691,9451,200142,1564
2022-01-16,Alpine,003,1148,116,118,0,118,0
2022-01-16,Amador,005,37829,6983,6618,228,6846,73
2022-01-16,Butte,007,227075,27680,26139,5231,31370,348
2022-01-16,Calaveras,009,45235,5931,5537,136,5673,94
2022-01-16,Colusa,011,21464,2981,2886,896,3782,21
2022-01-16,Contra Costa,013,1133247,156052,146307,8584,154891,1086
2022-01-16,Del Norte,015,27424,4279,4177,90,4267,43
2022-01-16,El Dorado,017,186661,23076,21303,2550,23853,175
2022-01-16,Fresno,019,978130,185108,174818,17760,192578,2425
2022-01-16,Glenn,021,27897,4227,4049,1335,5384,39
2022-01-16,Humboldt,023,135768,13879,13075,1783,14858,125
2022-01-16,Imperial,025,180216,46331,44035,7446,51481,821
2022-01-16,Inyo,027,18085,3725,3602,144,3746,49
2022-01-16,Kern,029,883053,165628,156655,35889,192544,1944
2022-01-16,Kings,031,150075,41091,38861,2586,41447,392
2022-01-16,Lake,033,64148,8316,7823,497,8320,117
2022-01-16,Lassen,035,31185,7621,7391,612,8003,55
2022-01-16,Los Angeles,037,10098052,2347959,2174403,106318,2280721,27805
2022-01-16,Madera,039,155013,29997,28313,3472,31785,329
2022-01-16,Marin,041,260295,28261,26292,1657,27949,251
2022-01-16,Mariposa,043,17540,1973,1851,87,1938,6
2022-01-16,Mendocino,045,87422,10641,9992,1406,11398,102
2022-01-16,Merced,047,269075,53260,50882,4298,55180,718
2022-01-16,Modoc,049,8938,645,629,218,847,6
2022-01-16,Mono,051,14174,2751,2614,96,2710,4
2022-01-16,Monterey,053,433212,64649,57012,7174,64186,647
2022-01-16,Napa,055,140530,20844,19521,576,20097,109
2022-01-16,Nevada,057,99092,13323,12307,749,13056,111
2022-01-16,Orange,059,3164182,483982,451962,35199,487161,5932
2022-01-16,Placer,061,380077,53087,50076,5993,56069,508
2022-01-16,Plumas,063,18699,2400,2204,142,2346,12
2022-01-16,Riverside,065,2383286,517909,485191,24029,509220,5600
2022-01-16,Sacramento,067,1510023,235179,218819,16317,235136,2491
2022-01-16,San Benito,069,59416,10764,10377,342,10719,88
2022-01-16,San Bernardino,071,2135413,507450,474425,21072,495497,6259
2022-01-16,San Diego,073,3302833,630161,569241,41444,610685,4545
2022-01-16,San Francisco,075,870044,102244,94139,6387,100526,694
2022-01-16,San Joaquin,077,732212,139688,132214,8183,140397,1958
2022-01-16,San Luis Obispo,079,281455,42793,40113,2685,42798,379
2022-01-16,San Mateo,081,765935,100272,85966,4540,90506,585
2022-01-16,Santa Barbara,083,443738,69531,66111,3253,69364,582
2022-01-16,Santa Clara,085,1922200,249452,234293,8025,242318,1984
2022-01-16,Santa Cruz,087,273765,33824,31469,1699,33168,237
2022-01-16,Shasta,089,179085,26051,24980,4622,29602,449
2022-01-16,Sierra,091,2930,252,238,31,269,0
2022-01-16,Siskiyou,093,43540,3858,3748,1895,5643,62
2022-01-16,Solano,095,438530,66258,60885,3831,64716,391
2022-01-16,Sonoma,097,501317,66552,61842,1758,63600,419
2022-01-16,Stanislaus,099,539301,100428,96370,12792,109162,1379
2022-01-16,Sutter,101,95872,17613,16996,909,17905,198
2022-01-16,Tehama,103,63373,10299,9868,2089,11957,142
2022-01-16,Trinity,105,12862,1004,889,249,1138,19
2022-01-16,Tulare,107,460477,86607,80867,21361,102228,1199
2022-01-16,Tuolumne,109,53932,10068,9369,244,9613,91
2022-01-16,Ventura,111,848112,150562,140715,8274,148989,1234
2022-01-16,Yolo,113,214977,30618,28481,2357,30838,270
2022-01-16,Yuba,115,75493,13296,12760,699,13459,101
2022-01-15,Alameda,001,1643700,204272,177768,9398,187166,1561
2022-01-15,Alpine,003,1148,116,117,0,117,0
2022-01-15,Amador,005,37829,6951,6434,214,6648,72
2022-01-15,Butte,007,227075,27525,25032,5182,30214,348
2022-01-15,Calaveras,009,45235,5899,5258,136,5394,93
2022-01-15,Colusa,011,21464,2967,2796,888,3684,21
2022-01-15,Contra Costa,013,1133247,154842,137643,8540,146183,1082
2022-01-15,Del Norte,015,27424,4264,4065,88,4153,43
2022-01-15,El Dorado,017,186661,22978,20434,2533,22967,175
2022-01-15,Fresno,019,978130,184178,167361,17673,185034,2415
2022-01-15,Glenn,021,27897,4220,3906,1328,5234,39
2022-01-15,Humboldt,023,135768,13776,12419,1767,14186,123
2022-01-15,Imperial,025,180216,46193,42508,7333,49841,817
2022-01-15,Inyo,027,18085,3715,3395,144,3539,49
2022-01-15,Kern,029,883053,164784,150085,35497,185582,1938
2022-01-15,Kings,031,150075,40842,37221,2574,39795,391
2022-01-15,Lake,033,64148,8277,7641,484,8125,117
2022-01-15,Lassen,035,31185,7580,7274,606,7880,55
2022-01-15,Los Angeles,037,10098052,2336435,2047927,105362,2153289,27641
2022-01-15,Madera,039,155013,29850,27294,3449,30743,329
2022-01-15,Marin,041,260295,28075,25248,1650,26898,251
2022-01-15,Mariposa,043,17540,1966,1762,87,1849,6
2022-01-15,Mendocino,045,87422,10568,9534,1400,10934,102
2022-01-15,Merced,047,269075,53093,48904,4287,53191,715
2022-01-15,Modoc,049,8938,643,628,218,846,6
2022-01-15,Mono,051,14174,2746,2508,95,2603,4
2022-01-15,Monterey,053,433212,64135,55315,7106,62421,647
2022-01-15,Napa,055,140530,20723,17648,571,18219,109
2022-01-15,Nevada,057,99092,13264,11773,735,12508,111
2022-01-15,Orange,059,3164182,481389,433141,34923,468064,5914
2022-01-15,Placer,061,380077,52797,47780,5959,53739,501
2022-01-15,Plumas,063,18699,2379,2158,136,2294,12
2022-01-15,Riverside,065,2383286,515226,466381,23894,490275,5578
2022-01-15,Sacramento,067,1510023,234021,208156,16213,224369,2491
2022-01-15,San Benito,069,59416,10665,9868,336,10204,87
2022-01-15,San Bernardino,071,2135413,505141,454395,20919,475314,6233
2022-01-15,San Diego,073,3302833,626368,559385,41188,600573,4540
2022-01-15,San Francisco,075,870044,101251,88004,6252,94256,692
2022-01-15,San Joaquin,077,732212,139124,125136,8083,133219,1954
2022-01-15,San Luis Obispo,079,281455,42604,38231,2672,40903,374
2022-01-15,San Mateo,081,765935,99316,80494,4499,84993,582
2022-01-15,Santa Barbara,083,443738,68933,62312,3242,65554,579
2022-01-15,Santa Clara,085,1922200,247249,218986,7900,226886,1974
2022-01-15,Santa Cruz,087,273765,33470,29414,1691,31105,235
2022-01-15,Shasta,089,179085,25960,24482,4590,29072,445
2022-01-15,Sierra,091,2930,251,232,30,262,0
2022-01-15,Siskiyou,093,43540,3846,3661,1884,5545,62
2022-01-15,Solano,095,438530,65979,58061,3780,61841,389
2022-01-15,Sonoma,097,501317,65964,58181,1752,59933,418
2022-01-15,Stanislaus,099,539301,99844,92986,12694,105680,1379
2022-01-15,Sutter,101,95872,17522,16345,899,17244,197
2022-01-15,Tehama,103,63373,10249,9572,2070,11642,141
2022-01-15,Trinity,105,12862,1001,872,249,1121,19
2022-01-15,Tulare,107,460477,86160,77769,21237,99006,1192
2022-01-15,Tuolumne,109,53932,9969,9042,239,9281,91
2022-01-15,Ventura,111,848112,149787,134736,8236,142972,1227
2022-01-15,Yolo,113,214977,30438,27311,2337,29648,270
2022-01-15,Yuba,115,75493,13233,12200,695,12895,101
2022-01-14,Alameda,001,1643700,202229,177768,9345,187113,1561
2022-01-14,Alpine,003,1148,116,117,0,117,0
2022-01-14,Amador,005,37829,6875,6434,205,6639,72
2022-01-14,Butte,007,227075,27344,25032,5153,30185,348
2022-01-14,Calaveras,009,45235,5862,5258,135,5393,93
2022-01-14,Colusa,011,21464,2958,2796,878,3674,21
2022-01-14,Contra Costa,013,1133247,153398,137643,8440,146083,1082
2022-01-14,Del Norte,015,27424,4239,4065,87,4152,43
2022-01-14,El Dorado,017,186661,22823,20434,2515,22949,175
2022-01-14,Fresno,019,978130,182525,167361,17597,184958,2415
2022-01-14,Glenn,021,27897,4198,3906,1319,5225,39
2022-01-14,Humboldt,023,135768,13669,12419,1734,14153,123
2022-01-14,Imperial,025,180216,46021,42508,7313,49821,817
2022-01-14,Inyo,027,18085,3690,3395,140,3535,49
2022-01-14,Kern,029,883053,163785,150085,35060,185145,1938
2022-01-14,Kings,031,150075,40591,37221,2565,39786,391
2022-01-14,Lake,033,64148,8220,7641,471,8112,117
2022-01-14,Lassen,035,31185,7546,7274,594,7868,55
2022-01-14,Los Angeles,037,10098052,2317122,2047927,104316,2152243,27641
2022-01-14,Madera,039,155013,29613,27294,3424,30718,329
2022-01-14,Marin,041,260295,27816,25248,1615,26863,251
2022-01-14,Mariposa,043,17540,1951,1762,87,1849,6
2022-01-14,Mendocino,045,87422,10456,9534,1387,10921,102
2022-01-14,Merced,047,269075,52907,48904,4272,53176,715
2022-01-14,Modoc,049,8938,642,628,218,846,6
2022-01-14,Mono,051,14174,2725,2508,93,2601,4
2022-01-14,Monterey,053,433212,63438,55315,7014,62329,647
2022-01-14,Napa,055,140530,20553,17648,565,18213,109
2022-01-14,Nevada,057,99092,13141,11773,722,12495,111
2022-01-14,Orange,059,3164182,477656,433141,34602,467743,5914
2022-01-14,Placer,061,380077,52360,47780,5873,53653,501
2022-01-14,Plumas,063,18699,2371,2158,129,2287,12
2022-01-14,Riverside,065,2383286,511698,466381,23750,490131,5578
2022-01-14,Sacramento,067,1510023,232076,208156,16056,224212,2491
2022-01-14,San Benito,069,59416,10613,9868,335,10203,87
2022-01-14,San Bernardino,071,2135413,502010,454395,20730,475125,6233
2022-01-14,San Diego,073,3302833,620717,559385,40880,600265,4540
2022-01-14,San Francisco,075,870044,100079,88004,6075,94079,692
2022-01-14,San Joaquin,077,732212,138275,125136,8001,133137,1954
2022-01-14,San Luis Obispo,079,281455,42438,38231,2649,40880,374
2022-01-14,San Mateo,081,765935,98089,80494,4470,84964,582
2022-01-14,Santa Barbara,083,443738,68414,62312,3232,65544,579
2022-01-14,Santa Clara,085,1922200,244676,218986,7793,226779,1974
2022-01-14,Santa Cruz,087,273765,33093,29414,1681,31095,235
2022-01-14,Shasta,089,179085,25839,24482,4556,29038,445
2022-01-14,Sierra,091,2930,249,232,28,260,0
2022-01-14,Siskiyou,093,43540,3835,3661,1871,5532,62
2022-01-14,Solano,095,438530,65136,58061,3690,61751,389
2022-01-14,Sonoma,097,501317,65427,58181,1725,59906,418
2022-01-14,Stanislaus,099,539301,99238,92986,12593,105579,1379
2022-01-14,Sutter,101,95872,17396,16345,890,17235,197
2022-01-14,Tehama,103,63373,10196,9572,2057,11629,141
2022-01-14,Trinity,105,12862,996,872,247,1119,19
2022-01-14,Tulare,107,460477,85626,77769,21062,98831,1192
2022-01-14,Tuolumne,109,53932,9846,9042,234,9276,91
2022-01-14,Ventura,111,848112,148680,134736,8176,142912,1227
2022-01-14,Yolo,113,214977,30196,27311,2307,29618,270
2022-01-14,Yuba,115,75493,13130,12200,690,12890,101
2022-01-13,Alameda,001,1643700,197906,177768,8995,186763,1561
2022-01-13,Alpine,003,1148,115,117,0,117,0
2022-01-13,Amador,005,37829,6815,6434,184,6618,72
2022-01-13,Butte,007,227075,27043,25032,5041,30073,348
2022-01-13,Calaveras,009,45235,5771,5258,131,5389,93
2022-01-13,Colusa,011,21464,2926,2796,868,3664,21
2022-01-13,Contra Costa,013,1133247,150877,137643,7985,145628,1082
2022-01-13,Del Norte,015,27424,4203,4065,86,4151,43
2022-01-13,El Dorado,017,186661,22575,20434,2469,22903,175
2022-01-13,Fresno,019,978130,179722,167361,17232,184593,2415
2022-01-13,Glenn,021,27897,4151,3906,1293,5199,39
2022-01-13,Humboldt,023,135768,13515,12419,1672,14091,123
2022-01-13,Imperial,025,180216,45477,42508,7091,49599,817
2022-01-13,Inyo,027,18085,3634,3395,123,3518,49
2022-01-13,Kern,029,883053,162200,150085,34463,184548,1938
2022-01-13,Kings,031,150075,40110,37221,2520,39741,391
2022-01-13,Lake,033,64148,8119,7641,450,8091,117
2022-01-13,Lassen,035,31185,7512,7274,578,7852,55
2022-01-13,Los Angeles,037,10098052,2280667,2047927,102529,2150456,27641
2022-01-13,Madera,039,155013,29146,27294,3330,30624,329
2022-01-13,Marin,041,260295,27471,25248,1571,26819,251
2022-01-13,Mariposa,043,17540,1928,1762,84,1846,6
2022-01-13,Mendocino,045,87422,10365,9534,1319,10853,102
2022-01-13,Merced,047,269075,52248,48904,4010,52914,715
2022-01-13,Modoc,049,8938,639,628,218,846,6
2022-01-13,Mono,051,14174,2702,2508,90,2598,4
2022-01-13,Monterey,053,433212,62502,55315,6726,62041,647
2022-01-13,Napa,055,140530,20255,17648,555,18203,109
2022-01-13,Nevada,057,99092,12950,11773,692,12465,111
2022-01-13,Orange,059,3164182,471214,433141,34147,467288,5914
2022-01-13,Placer,061,380077,51729,47780,5758,53538,501
2022-01-13,Plumas,063,18699,2351,2158,119,2277,12
2022-01-13,Riverside,065,2383286,505401,466381,23420,489801,5578
2022-01-13,Sacramento,067,1510023,228976,208156,15250,223406,2491
2022-01-13,San Benito,069,59416,10509,9868,327,10195,87
2022-01-13,San Bernardino,071,2135413,496300,454395,20252,474647,6233
2022-01-13,San Diego,073,3302833,612196,559385,40005,599390,4540
2022-01-13,San Francisco,075,870044,98343,88004,5877,93881,692
2022-01-13,San Joaquin,077,732212,136210,125136,7851,132987,1954
2022-01-13,San Luis Obispo,079,281455,41835,38231,2544,40775,374
2022-01-13,San Mateo,081,765935,96307,80494,4229,84723,582
2022-01-13,Santa Barbara,083,443738,67416,62312,3046,65358,579
2022-01-13,Santa Clara,085,1922200,240423,218986,7456,226442,1974
2022-01-13,Santa Cruz,087,273765,32277,29414,1659,31073,235
2022-01-13,Shasta,089,179085,25630,24482,4483,28965,445
2022-01-13,Sierra,091,2930,248,232,28,260,0
2022-01-13,Siskiyou,093,43540,3813,3661,1830,5491,62
2022-01-13,Solano,095,438530,64005,58061,3578,61639,389
2022-01-13,Sonoma,097,501317,64360,58181,1667,59848,418
2022-01-13,Stanislaus,099,539301,98121,92986,12311,105297,1379
2022-01-13,Sutter,101,95872,17200,16345,825,17170,197
2022-01-13,Tehama,103,63373,10097,9572,2008,11580,141
2022-01-13,Trinity,105,12862,988,872,247,1119,19
2022-01-13,Tulare,107,460477,84341,77769,20746,98515,1192
2022-01-13,Tuolumne,109,53932,9707,9042,216,9258,91
2022-01-13,Ventura,111,848112,146897,134736,8083,142819,1227
2022-01-13,Yolo,113,214977,29783,27311,2260,29571,270
2022-01-13,Yuba,115,75493,12995,12200,661,12861,101
2022-01-12,Alameda,001,1643700,193275,173001,8535,181536,1563
2022-01-12,Alpine,003,1148,115,117,0,117,0
2022-01-12,Amador,005,37829,6767,6354,170,6524,71
2022-01-12,Butte,007,227075,26718,24631,4953,29584,348
2022-01-12,Calaveras,009,45235,5692,5151,125,5276,93
2022-01-12,Colusa,011,21464,2887,2772,855,3627,21
2022-01-12,Contra Costa,013,1133247,148331,134579,7622,142201,1077
2022-01-12,Del Norte,015,27424,4176,4019,84,4103,43
2022-01-12,El Dorado,017,186661,22253,20092,2428,22520,175
2022-01-12,Fresno,019,978130,176989,165316,16814,182130,2413
2022-01-12,Glenn,021,27897,4099,3859,1271,5130,39
2022-01-12,Humboldt,023,135768,13343,12081,1590,13671,122
2022-01-12,Imperial,025,180216,44821,41985,6777,48762,814
2022-01-12,Inyo,027,18085,3588,3334,107,3441,49
2022-01-12,Kern,029,883053,160061,148435,33725,182160,1933
2022-01-12,Kings,031,150075,39478,36780,2476,39256,391
2022-01-12,Lake,033,64148,8003,7535,406,7941,117
2022-01-12,Lassen,035,31185,7470,7223,551,7774,55
2022-01-12,Los Angeles,037,10098052,2240955,2005065,100275,2105340,27601
2022-01-12,Madera,039,155013,28829,26952,3232,30184,329
2022-01-12,Marin,041,260295,26981,24704,1520,26224,251
2022-01-12,Mariposa,043,17540,1899,1725,82,1807,6
2022-01-12,Mendocino,045,87422,10201,9379,1219,10598,103
2022-01-12,Merced,047,269075,51548,48441,3734,52175,710
2022-01-12,Modoc,049,8938,637,627,218,845,6
2022-01-12,Mono,051,14174,2666,2466,86,2552,4
2022-01-12,Monterey,053,433212,61516,54524,6363,60887,647
2022-01-12,Napa,055,140530,19997,17347,532,17879,109
2022-01-12,Nevada,057,99092,12736,11552,644,12196,111
2022-01-12,Orange,059,3164182,464428,425737,33556,459293,5912
2022-01-12,Placer,061,380077,51073,47004,5645,52649,501
2022-01-12,Plumas,063,18699,2311,2135,108,2243,12
2022-01-12,Riverside,065,2383286,498188,458881,23074,481955,5565
2022-01-12,Sacramento,067,1510023,225388,204696,14351,219047,2479
2022-01-12,San Benito,069,59416,10378,9737,315,10052,87
2022-01-12,San Bernardino,071,2135413,489988,447869,19628,467497,6222
2022-01-12,San Diego,073,3302833,601687,551669,39145,590814,4529
2022-01-12,San Francisco,075,870044,96507,85700,5764,91464,691
2022-01-12,San Joaquin,077,732212,133927,122850,7722,130572,1948
2022-01-12,San Luis Obispo,079,281455,41107,37727,2461,40188,373
2022-01-12,San Mateo,081,765935,94275,78476,3851,82327,582
2022-01-12,Santa Barbara,083,443738,66272,60815,2941,63756,578
2022-01-12,Santa Clara,085,1922200,235930,213177,7073,220250,1971
2022-01-12,Santa Cruz,087,273765,31622,28463,1610,30073,235
2022-01-12,Shasta,089,179085,25417,24324,4417,28741,446
2022-01-12,Sierra,091,2930,247,228,28,256,0
2022-01-12,Siskiyou,093,43540,3785,3639,1783,5422,62
2022-01-12,Solano,095,438530,62959,57052,3456,60508,386
2022-01-12,Sonoma,097,501317,63073,56394,1583,57977,417
2022-01-12,Stanislaus,099,539301,96889,91738,11970,103708,1373
2022-01-12,Sutter,101,95872,17005,16135,792,16927,197
2022-01-12,Tehama,103,63373,10008,9475,1947,11422,141
2022-01-12,Trinity,105,12862,984,868,246,1114,19
2022-01-12,Tulare,107,460477,83210,76943,20335,97278,1192
2022-01-12,Tuolumne,109,53932,9576,8870,198,9068,91
2022-01-12,Ventura,111,848112,144986,132180,7999,140179,1220
2022-01-12,Yolo,113,214977,29370,26888,2182,29070,270
2022-01-12,Yuba,115,75493,12835,12015,634,12649,101
2022-01-11,Alameda,001,1643700,188746,169181,8134,177315,1561
2022-01-11,Alpine,003,1148,115,116,0,116,0
2022-01-11,Amador,005,37829,6683,6317,155,6472,71
2022-01-11,Butte,007,227075,26325,24479,4863,29342,347
2022-01-11,Calaveras,009,45235,5561,5083,111,5194,93
2022-01-11,Colusa,011,21464,2864,2766,841,3607,21
2022-01-11,Contra Costa,013,1133247,145362,132410,7139,139549,1077
2022-01-11,Del Norte,015,27424,4143,4006,82,4088,43
2022-01-11,El Dorado,017,186661,21907,19842,2355,22197,174
2022-01-11,Fresno,019,978130,173942,163509,16467,179976,2404
2022-01-11,Glenn,021,27897,4037,3844,1226,5070,39
2022-01-11,Humboldt,023,135768,13122,11960,1497,13457,122
2022-01-11,Imperial,025,180216,44216,41444,6571,48015,813
2022-01-11,Inyo,027,18085,3490,3278,100,3378,49
2022-01-11,Kern,029,883053,157777,146942,32893,179835,1929
2022-01-11,Kings,031,150075,38890,36524,2445,38969,389
2022-01-11,Lake,033,64148,7925,7494,390,7884,117
2022-01-11,Lassen,035,31185,7420,7210,537,7747,55
2022-01-11,Los Angeles,037,10098052,2198537,1966319,98044,2064363,27563
2022-01-11,Madera,039,155013,28413,26688,3152,29840,329
2022-01-11,Marin,041,260295,26623,24387,1475,25862,251
2022-01-11,Mariposa,043,17540,1877,1718,78,1796,6
2022-01-11,Mendocino,045,87422,10040,9301,1121,10422,102
2022-01-11,Merced,047,269075,50783,48068,3551,51619,708
2022-01-11,Modoc,049,8938,636,626,217,843,6
2022-01-11,Mono,051,14174,2623,2425,85,2510,4
2022-01-11,Monterey,053,433212,60473,53911,6011,59922,646
2022-01-11,Napa,055,140530,19556,17020,485,17505,109
2022-01-11,Nevada,057,99092,12510,11467,609,12076,110
2022-01-11,Orange,059,3164182,456758,417703,32919,450622,5909
2022-01-11,Placer,061,380077,50319,46459,5501,51960,500
2022-01-11,Plumas,063,18699,2276,2099,100,2199,12
2022-01-11,Riverside,065,2383286,490460,453766,22757,476523,5551
2022-01-11,Sacramento,067,1510023,221204,201058,13300,214358,2489
2022-01-11,San Benito,069,59416,10241,9624,302,9926,83
2022-01-11,San Bernardino,071,2135413,482239,442960,19020,461980,6198
2022-01-11,San Diego,073,3302833,589680,536954,38036,574990,4520
2022-01-11,San Francisco,075,870044,94304,83678,5604,89282,691
2022-01-11,San Joaquin,077,732212,131551,121139,7548,128687,1944
2022-01-11,San Luis Obispo,079,281455,40332,37183,2342,39525,372
2022-01-11,San Mateo,081,765935,91980,76756,3629,80385,582
2022-01-11,Santa Barbara,083,443738,64967,59758,2802,62560,578
2022-01-11,Santa Clara,085,1922200,230548,208425,6616,215041,1971
2022-01-11,Santa Cruz,087,273765,31114,27709,1559,29268,232
2022-01-11,Shasta,089,179085,25158,24132,4323,28455,446
2022-01-11,Sierra,091,2930,245,228,28,256,0
2022-01-11,Siskiyou,093,43540,3761,3621,1733,5354,62
2022-01-11,Solano,095,438530,61563,56349,3300,59649,388
2022-01-11,Sonoma,097,501317,61555,55411,1503,56914,416
2022-01-11,Stanislaus,099,539301,95522,90998,11605,102603,1372
2022-01-11,Sutter,101,95872,16804,15993,736,16729,197
2022-01-11,Tehama,103,63373,9879,9406,1899,11305,140
2022-01-11,Trinity,105,12862,972,858,244,1102,19
2022-01-11,Tulare,107,460477,81904,76267,19926,96193,1188
2022-01-11,Tuolumne,109,53932,9417,8811,191,9002,91
2022-01-11,Ventura,111,848112,142755,129548,7853,137401,1220
2022-01-11,Yolo,113,214977,28794,26482,2118,28600,270
2022-01-11,Yuba,115,75493,12661,11912,613,12525,101
2022-01-10,Alameda,001,1643700,183632,165657,7605,173262,1559
2022-01-10,Alpine,003,1148,115,116,0,116,0
2022-01-10,Amador,005,37829,6580,6279,139,6418,71
2022-01-10,Butte,007,227075,25985,24217,4773,28990,347
2022-01-10,Calaveras,009,45235,5462,5025,105,5130,93
2022-01-10,Colusa,011,21464,2835,2758,832,3590,21
2022-01-10,Contra Costa,013,1133247,142632,129951,6627,136578,1077
2022-01-10,Del Norte,015,27424,4120,3970,82,4052,43
2022-01-10,El Dorado,017,186661,21341,19606,2298,21904,172
2022-01-10,Fresno,019,978130,170898,161593,16068,177661,2404
2022-01-10,Glenn,021,27897,3978,3807,1212,5019,39
2022-01-10,Humboldt,023,135768,12879,11778,1364,13142,121
2022-01-10,Imperial,025,180216,43490,41080,6349,47429,811
2022-01-10,Inyo,027,18085,3435,3227,88,3315,49
2022-01-10,Kern,029,883053,155205,145744,32139,177883,1929
2022-01-10,Kings,031,150075,38271,36286,2408,38694,389
2022-01-10,Lake,033,64148,7836,7416,366,7782,117
2022-01-10,Lassen,035,31185,7382,7192,514,7706,55
2022-01-10,Los Angeles,037,10098052,2153025,1932475,95554,2028029,27546
2022-01-10,Madera,039,155013,27960,26501,3050,29551,328
2022-01-10,Marin,041,260295,26134,24023,1401,25424,251
2022-01-10,Mariposa,043,17540,1837,1684,72,1756,6
2022-01-10,Mendocino,045,87422,9867,9163,1033,10196,101
2022-01-10,Merced,047,269075,49974,47632,3270,50902,707
2022-01-10,Modoc,049,8938,635,622,215,837,6
2022-01-10,Mono,051,14174,2557,2415,80,2495,4
2022-01-10,Monterey,053,433212,59516,53485,5694,59179,645
2022-01-10,Napa,055,140530,19179,16775,470,17245,109
2022-01-10,Nevada,057,99092,12286,11300,571,11871,110
2022-01-10,Orange,059,3164182,448064,406170,32065,438235,5906
2022-01-10,Placer,061,380077,49469,45642,5339,50981,498
2022-01-10,Plumas,063,18699,2241,2086,98,2184,12
2022-01-10,Riverside,065,2383286,482206,445536,22303,467839,5546
2022-01-10,Sacramento,067,1510023,216697,198023,12228,210251,2474
2022-01-10,San Benito,069,59416,10070,9467,292,9759,83
2022-01-10,San Bernardino,071,2135413,474006,437207,18294,455501,6184
2022-01-10,San Diego,073,3302833,576981,530506,36897,567403,4500
2022-01-10,San Francisco,075,870044,92509,82209,5343,87552,690
2022-01-10,San Joaquin,077,732212,128887,119587,7261,126848,1927
2022-01-10,San Luis Obispo,079,281455,39515,36618,2244,38862,371
2022-01-10,San Mateo,081,765935,89332,75210,3371,78581,582
2022-01-10,Santa Barbara,083,443738,63707,58957,2612,61569,578
2022-01-10,Santa Clara,085,1922200,224767,203540,6130,209670,1971
2022-01-10,Santa Cruz,087,273765,30273,26906,1520,28426,232
2022-01-10,Shasta,089,179085,24961,23983,4245,28228,446
2022-01-10,Sierra,091,2930,242,223,28,251,0
2022-01-10,Siskiyou,093,43540,3728,3592,1689,5281,62
2022-01-10,Solano,095,438530,60524,55663,3091,58754,385
2022-01-10,Sonoma,097,501317,60007,54478,1456,55934,412
2022-01-10,Stanislaus,099,539301,94188,89997,11276,101273,1372
2022-01-10,Sutter,101,95872,16560,15823,689,16512,196
2022-01-10,Tehama,103,63373,9767,9360,1844,11204,140
2022-01-10,Trinity,105,12862,968,849,242,1091,19
2022-01-10,Tulare,107,460477,80405,75498,19513,95011,1186
2022-01-10,Tuolumne,109,53932,9291,8685,179,8864,91
2022-01-10,Ventura,111,848112,140147,126240,7704,133944,1217
2022-01-10,Yolo,113,214977,28197,26065,2063,28128,270
2022-01-10,Yuba,115,75493,12413,11776,578,12354,101
2022-01-09,Alameda,001,1643700,179114,162701,6932,169633,1561
2022-01-09,Alpine,003,1148,115,116,0,116,0
2022-01-09,Amador,005,37829,6492,6215,127,6342,71
2022-01-09,Butte,007,227075,25597,24018,4658,28676,347
2022-01-09,Calaveras,009,45235,5333,4976,96,5072,93
2022-01-09,Colusa,011,21464,2808,2750,809,3559,21
2022-01-09,Contra Costa,013,1133247,139773,128050,5974,134024,1077
2022-01-09,Del Norte,015,27424,4080,3950,78,4028,43
2022-01-09,El Dorado,017,186661,20979,19430,2232,21662,172
2022-01-09,Fresno,019,978130,168315,159989,15686,175675,2405
2022-01-09,Glenn,021,27897,3923,3797,1191,4988,39
2022-01-09,Humboldt,023,135768,12635,11582,1241,12823,121
2022-01-09,Imperial,025,180216,42651,40608,6081,46689,811
2022-01-09,Inyo,027,18085,3332,3149,79,3228,49
2022-01-09,Kern,029,883053,152746,144819,31390,176209,1927
2022-01-09,Kings,031,150075,37593,36041,2370,38411,389
2022-01-09,Lake,033,64148,7725,7393,321,7714,117
2022-01-09,Lassen,035,31185,7318,7172,485,7657,55
2022-01-09,Los Angeles,037,10098052,2105012,1887830,92548,1980378,27532
2022-01-09,Madera,039,155013,27578,26325,2949,29274,328
2022-01-09,Marin,041,260295,25684,23708,1310,25018,251
2022-01-09,Mariposa,043,17540,1787,1660,71,1731,6
2022-01-09,Mendocino,045,87422,9660,9097,921,10018,101
2022-01-09,Merced,047,269075,49103,47294,2998,50292,706
2022-01-09,Modoc,049,8938,633,619,215,834,6
2022-01-09,Mono,051,14174,2522,2390,73,2463,4
2022-01-09,Monterey,053,433212,58454,53251,5423,58674,645
2022-01-09,Napa,055,140530,18684,16614,454,17068,109
2022-01-09,Nevada,057,99092,12031,11152,510,11662,110
2022-01-09,Orange,059,3164182,438070,400563,31106,431669,5905
2022-01-09,Placer,061,380077,48478,45081,5188,50269,498
2022-01-09,Plumas,063,18699,2202,2081,78,2159,12
2022-01-09,Riverside,065,2383286,473219,440413,21755,462168,5546
2022-01-09,Sacramento,067,1510023,211896,195444,11078,206522,2475
2022-01-09,San Benito,069,59416,9884,9363,264,9627,83
2022-01-09,San Bernardino,071,2135413,465788,430257,17474,447731,6180
2022-01-09,San Diego,073,3302833,563823,478206,35039,513245,4500
2022-01-09,San Francisco,075,870044,90644,80463,5095,85558,690
2022-01-09,San Joaquin,077,732212,125808,118422,7094,125516,1927
2022-01-09,San Luis Obispo,079,281455,38708,36291,2136,38427,371
2022-01-09,San Mateo,081,765935,86822,73867,3040,76907,582
2022-01-09,Santa Barbara,083,443738,62023,58280,2349,60629,578
2022-01-09,Santa Clara,085,1922200,218717,199889,5584,205473,1976
2022-01-09,Santa Cruz,087,273765,29523,26513,1488,28001,232
2022-01-09,Shasta,089,179085,24720,23926,4157,28083,446
2022-01-09,Sierra,091,2930,239,223,26,249,0
2022-01-09,Siskiyou,093,43540,3699,3580,1628,5208,62
2022-01-09,Solano,095,438530,59368,54985,2804,57789,384
2022-01-09,Sonoma,097,501317,58331,53543,1418,54961,412
2022-01-09,Stanislaus,099,539301,92820,89248,11014,100262,1372
2022-01-09,Sutter,101,95872,16272,15695,609,16304,196
2022-01-09,Tehama,103,63373,9649,9306,1792,11098,140
2022-01-09,Trinity,105,12862,964,848,240,1088,19
2022-01-09,Tulare,107,460477,78986,75085,19118,94203,1186
2022-01-09,Tuolumne,109,53932,9134,8595,160,8755,91
2022-01-09,Ventura,111,848112,137094,124269,7464,131733,1217
2022-01-09,Yolo,113,214977,27590,25632,2016,27648,270
2022-01-09,Yuba,115,75493,12215,11666,546,12212,101
2022-01-08,Alameda,001,1643700,177220,148560,6788,155348,1558
2022-01-08,Alpine,003,1148,115,114,0,114,0
2022-01-08,Amador,005,37829,6461,6091,122,6213,71
2022-01-08,Butte,007,227075,25414,23429,4619,28048,347
2022-01-08,Calaveras,009,45235,5288,4823,92,4915,93
2022-01-08,Colusa,011,21464,2800,2713,806,3519,21
2022-01-08,Contra Costa,013,1133247,138266,119907,5894,125801,1077
2022-01-08,Del Norte,015,27424,4063,3902,78,3980,43
2022-01-08,El Dorado,017,186661,20798,18599,2198,20797,172
2022-01-08,Fresno,019,978130,167430,155394,15551,170945,2393
2022-01-08,Glenn,021,27897,3915,3732,1186,4918,39
2022-01-08,Humboldt,023,135768,12514,11149,1215,12364,121
2022-01-08,Imperial,025,180216,42463,39429,5936,45365,800
2022-01-08,Inyo,027,18085,3318,3020,76,3096,49
2022-01-08,Kern,029,883053,151610,140410,30956,171366,1921
2022-01-08,Kings,031,150075,37352,35275,2352,37627,390
2022-01-08,Lake,033,64148,7685,7209,313,7522,117
2022-01-08,Lassen,035,31185,7288,7127,469,7596,55
2022-01-08,Los Angeles,037,10098052,2086639,1765787,90800,1856587,27476
2022-01-08,Madera,039,155013,27411,25767,2912,28679,328
2022-01-08,Marin,041,260295,25402,22377,1299,23676,251
2022-01-08,Mariposa,043,17540,1777,1588,71,1659,6
2022-01-08,Mendocino,045,87422,9586,8792,919,9711,101
2022-01-08,Merced,047,269075,48930,46094,2978,49072,703
2022-01-08,Modoc,049,8938,633,610,215,825,6
2022-01-08,Mono,051,14174,2511,2240,68,2308,4
2022-01-08,Monterey,053,433212,58066,51721,5330,57051,644
2022-01-08,Napa,055,140530,18530,15819,428,16247,109
2022-01-08,Nevada,057,99092,11944,10765,497,11262,110
2022-01-08,Orange,059,3164182,434275,375124,30251,405375,5903
2022-01-08,Placer,061,380077,48034,43172,5146,48318,495
2022-01-08,Plumas,063,18699,2192,2053,73,2126,12
2022-01-08,Riverside,065,2383286,469703,422591,21481,444072,5535
2022-01-08,Sacramento,067,1510023,210464,185118,10913,196031,2470
2022-01-08,San Benito,069,59416,9722,9016,261,9277,83
2022-01-08,San Bernardino,071,2135413,462427,411724,17075,428799,6122
2022-01-08,San Diego,073,3302833,558921,472273,34495,506768,4495
2022-01-08,San Francisco,075,870044,89444,73660,4814,78474,690
2022-01-08,San Joaquin,077,732212,124839,112514,6993,119507,1916
2022-01-08,San Luis Obispo,079,281455,38506,34489,2093,36582,369
2022-01-08,San Mateo,081,765935,85439,67918,2953,70871,582
2022-01-08,Santa Barbara,083,443738,61328,54617,2315,56932,575
2022-01-08,Santa Clara,085,1922200,215677,183842,5376,189218,1966
2022-01-08,Santa Cruz,087,273765,29097,24678,1467,26145,230
2022-01-08,Shasta,089,179085,24628,23585,4125,27710,445
2022-01-08,Sierra,091,2930,235,215,25,240,0
2022-01-08,Siskiyou,093,43540,3687,3545,1614,5159,62
2022-01-08,Solano,095,438530,58960,52452,2735,55187,383
2022-01-08,Sonoma,097,501317,57807,50130,1384,51514,411
2022-01-08,Stanislaus,099,539301,92180,87049,10905,97954,1372
2022-01-08,Sutter,101,95872,16153,15261,596,15857,195
2022-01-08,Tehama,103,63373,9618,9109,1784,10893,140
2022-01-08,Trinity,105,12862,958,836,240,1076,19
2022-01-08,Tulare,107,460477,78593,73600,18981,92581,1185
2022-01-08,Tuolumne,109,53932,9028,8360,157,8517,91
2022-01-08,Ventura,111,848112,135924,117229,7329,124558,1216
2022-01-08,Yolo,113,214977,27296,24006,1986,25992,270
2022-01-08,Yuba,115,75493,12128,11277,543,11820,101
2022-01-07,Alameda,001,1643700,174529,148560,6677,155237,1558
2022-01-07,Alpine,003,1148,115,114,0,114,0
2022-01-07,Amador,005,37829,6412,6091,119,6210,71
2022-01-07,Butte,007,227075,25210,23429,4586,28015,347
2022-01-07,Calaveras,009,45235,5249,4823,92,4915,93
2022-01-07,Colusa,011,21464,2791,2713,795,3508,21
2022-01-07,Contra Costa,013,1133247,136401,119907,5772,125679,1077
2022-01-07,Del Norte,015,27424,4047,3902,77,3979,43
2022-01-07,El Dorado,017,186661,20635,18599,2184,20783,172
2022-01-07,Fresno,019,978130,166070,155394,15453,170847,2393
2022-01-07,Glenn,021,27897,3895,3732,1183,4915,39
2022-01-07,Humboldt,023,135768,12371,11149,1187,12336,121
2022-01-07,Imperial,025,180216,42304,39429,5852,45281,800
2022-01-07,Inyo,027,18085,3299,3020,74,3094,49
2022-01-07,Kern,029,883053,150640,140410,30511,170921,1921
2022-01-07,Kings,031,150075,37171,35275,2338,37613,390
2022-01-07,Lake,033,64148,7637,7209,287,7496,117
2022-01-07,Lassen,035,31185,7272,7127,466,7593,55
2022-01-07,Los Angeles,037,10098052,2055467,1765787,89332,1855119,27476
2022-01-07,Madera,039,155013,27229,25767,2877,28644,328
2022-01-07,Marin,041,260295,25021,22377,1281,23658,251
2022-01-07,Mariposa,043,17540,1761,1588,71,1659,6
2022-01-07,Mendocino,045,87422,9493,8792,918,9710,101
2022-01-07,Merced,047,269075,48764,46094,2954,49048,703
2022-01-07,Modoc,049,8938,632,610,215,825,6
2022-01-07,Mono,051,14174,2473,2240,62,2302,4
2022-01-07,Monterey,053,433212,57646,51721,5236,56957,644
2022-01-07,Napa,055,140530,18303,15819,407,16226,109
2022-01-07,Nevada,057,99092,11815,10765,476,11241,110
2022-01-07,Orange,059,3164182,429462,375124,29630,404754,5903
2022-01-07,Placer,061,380077,47527,43172,5097,48269,495
2022-01-07,Plumas,063,18699,2183,2053,72,2125,12
2022-01-07,Riverside,065,2383286,465872,422591,21251,443842,5535
2022-01-07,Sacramento,067,1510023,208186,185118,10753,195871,2470
2022-01-07,San Benito,069,59416,9677,9016,260,9276,83
2022-01-07,San Bernardino,071,2135413,458469,411724,16842,428566,6122
2022-01-07,San Diego,073,3302833,551795,472273,33948,506221,4495
2022-01-07,San Francisco,075,870044,88003,73660,4554,78214,690
2022-01-07,San Joaquin,077,732212,123889,112514,6931,119445,1916
2022-01-07,San Luis Obispo,079,281455,38291,34489,2038,36527,369
2022-01-07,San Mateo,081,765935,83972,67918,2894,70812,582
2022-01-07,Santa Barbara,083,443738,60632,54617,2293,56910,575
2022-01-07,Santa Clara,085,1922200,212430,183842,5266,189108,1966
2022-01-07,Santa Cruz,087,273765,28617,24678,1451,26129,230
2022-01-07,Shasta,089,179085,24529,23585,4091,27676,445
2022-01-07,Sierra,091,2930,232,215,25,240,0
2022-01-07,Siskiyou,093,43540,3676,3545,1602,5147,62
2022-01-07,Solano,095,438530,58279,52452,2690,55142,383
2022-01-07,Sonoma,097,501317,57204,50130,1296,51426,411
2022-01-07,Stanislaus,099,539301,91652,87049,10818,97867,1372
2022-01-07,Sutter,101,95872,16002,15261,583,15844,195
2022-01-07,Tehama,103,63373,9582,9109,1771,10880,140
2022-01-07,Trinity,105,12862,951,836,239,1075,19
2022-01-07,Tulare,107,460477,78161,73600,18834,92434,1185
2022-01-07,Tuolumne,109,53932,8940,8360,153,8513,91
2022-01-07,Ventura,111,848112,134295,117229,7194,124423,1216
2022-01-07,Yolo,113,214977,26922,24006,1967,25973,270
2022-01-07,Yuba,115,75493,12023,11277,538,11815,101
2022-01-06,Alameda,001,1643700,169156,148560,6263,154823,1558
2022-01-06,Alpine,003,1148,114,114,0,114,0
2022-01-06,Amador,005,37829,6361,6091,114,6205,71
2022-01-06,Butte,007,227075,24916,23429,4501,27930,347
2022-01-06,Calaveras,009,45235,5132,4823,90,4913,93
2022-01-06,Colusa,011,21464,2771,2713,786,3499,21
2022-01-06,Contra Costa,013,1133247,133530,119907,5357,125264,1077
2022-01-06,Del Norte,015,27424,4013,3902,75,3977,43
2022-01-06,El Dorado,017,186661,20303,18599,2144,20743,172
2022-01-06,Fresno,019,978130,163942,155394,15187,170581,2393
2022-01-06,Glenn,021,27897,3868,3732,1157,4889,39
2022-01-06,Humboldt,023,135768,12145,11149,1146,12295,121
2022-01-06,Imperial,025,180216,41719,39429,5649,45078,800
2022-01-06,Inyo,027,18085,3261,3020,74,3094,49
2022-01-06,Kern,029,883053,148971,140410,29834,170244,1921
2022-01-06,Kings,031,150075,36846,35275,2312,37587,390
2022-01-06,Lake,033,64148,7564,7209,275,7484,117
2022-01-06,Lassen,035,31185,7249,7127,460,7587,55
2022-01-06,Los Angeles,037,10098052,2001337,1765787,86964,1852751,27476
2022-01-06,Madera,039,155013,26924,25767,2820,28587,328
2022-01-06,Marin,041,260295,24620,22377,1248,23625,251
2022-01-06,Mariposa,043,17540,1742,1588,70,1658,6
2022-01-06,Mendocino,045,87422,9396,8792,877,9669,101
2022-01-06,Merced,047,269075,48215,46094,2814,48908,703
2022-01-06,Modoc,049,8938,631,610,215,825,6
2022-01-06,Mono,051,14174,2450,2240,59,2299,4
2022-01-06,Monterey,053,433212,56925,51721,4982,56703,644
2022-01-06,Napa,055,140530,17905,15819,398,16217,109
2022-01-06,Nevada,057,99092,11620,10765,464,11229,110
2022-01-06,Orange,059,3164182,420013,375124,28883,404007,5903
2022-01-06,Placer,061,380077,46781,43172,5009,48181,495
2022-01-06,Plumas,063,18699,2165,2053,64,2117,12
2022-01-06,Riverside,065,2383286,458398,422591,20956,443547,5535
2022-01-06,Sacramento,067,1510023,204129,185118,9990,195108,2470
2022-01-06,San Benito,069,59416,9576,9016,253,9269,83
2022-01-06,San Bernardino,071,2135413,451048,411724,16349,428073,6122
2022-01-06,San Diego,073,3302833,540155,472273,32944,505217,4495
2022-01-06,San Francisco,075,870044,85691,73660,4300,77960,690
2022-01-06,San Joaquin,077,732212,121725,112514,6846,119360,1916
2022-01-06,San Luis Obispo,079,281455,37590,34489,1967,36456,369
2022-01-06,San Mateo,081,765935,81550,67918,2713,70631,582
2022-01-06,Santa Barbara,083,443738,59464,54617,2231,56848,575
2022-01-06,Santa Clara,085,1922200,207537,183842,4875,188717,1966
2022-01-06,Santa Cruz,087,273765,28057,24678,1427,26105,230
2022-01-06,Shasta,089,179085,24382,23585,4041,27626,445
2022-01-06,Sierra,091,2930,229,215,25,240,0
2022-01-06,Siskiyou,093,43540,3660,3545,1556,5101,62
2022-01-06,Solano,095,438530,57267,52452,2505,54957,383
2022-01-06,Sonoma,097,501317,55812,50130,1263,51393,411
2022-01-06,Stanislaus,099,539301,90502,87049,10653,97702,1372
2022-01-06,Sutter,101,95872,15825,15261,554,15815,195
2022-01-06,Tehama,103,63373,9504,9109,1744,10853,140
2022-01-06,Trinity,105,12862,944,836,238,1074,19
2022-01-06,Tulare,107,460477,77455,73600,18661,92261,1185
2022-01-06,Tuolumne,109,53932,8831,8360,147,8507,91
2022-01-06,Ventura,111,848112,131599,117229,7033,124262,1216
2022-01-06,Yolo,113,214977,26366,24006,1923,25929,270
2022-01-06,Yuba,115,75493,11887,11277,521,11798,101
2022-01-05,Alameda,001,1643700,163988,144824,5840,150664,1548
2022-01-05,Alpine,003,1148,114,112,0,112,0
2022-01-05,Amador,005,37829,6318,6012,111,6123,70
2022-01-05,Butte,007,227075,24612,23134,4444,27578,343
2022-01-05,Calaveras,009,45235,5075,4758,88,4846,90
2022-01-05,Colusa,011,21464,2759,2704,775,3479,21
2022-01-05,Contra Costa,013,1133247,130522,117188,4908,122096,1071
2022-01-05,Del Norte,015,27424,3992,3862,73,3935,43
2022-01-05,El Dorado,017,186661,19917,18367,2114,20481,171
2022-01-05,Fresno,019,978130,161930,153033,14923,167956,2377
2022-01-05,Glenn,021,27897,3820,3700,1147,4847,39
2022-01-05,Humboldt,023,135768,11941,10938,1098,12036,120
2022-01-05,Imperial,025,180216,41089,38789,5492,44281,800
2022-01-05,Inyo,027,18085,3179,2939,70,3009,49
2022-01-05,Kern,029,883053,147193,138186,29257,167443,1913
2022-01-05,Kings,031,150075,36503,34893,2293,37186,387
2022-01-05,Lake,033,64148,7481,7129,259,7388,117
2022-01-05,Lassen,035,31185,7229,7077,452,7529,55
2022-01-05,Los Angeles,037,10098052,1945073,1729640,84565,1814205,27443
2022-01-05,Madera,039,155013,26684,25392,2728,28120,327
2022-01-05,Marin,041,260295,24274,21829,1196,23025,251
2022-01-05,Mariposa,043,17540,1716,1564,69,1633,6
2022-01-05,Mendocino,045,87422,9265,8625,842,9467,101
2022-01-05,Merced,047,269075,47639,45721,2682,48403,700
2022-01-05,Modoc,049,8938,628,603,215,818,6
2022-01-05,Mono,051,14174,2431,2201,55,2256,4
2022-01-05,Monterey,053,433212,56102,51241,4781,56022,639
2022-01-05,Napa,055,140530,17541,15494,366,15860,108
2022-01-05,Nevada,057,99092,11425,10624,447,11071,110
2022-01-05,Orange,059,3164182,409972,366139,27830,393969,5869
2022-01-05,Placer,061,380077,45904,42456,4913,47369,492
2022-01-05,Plumas,063,18699,2145,2020,62,2082,12
2022-01-05,Riverside,065,2383286,450938,415253,20601,435854,5502
2022-01-05,Sacramento,067,1510023,199347,181488,9003,190491,2455
2022-01-05,San Benito,069,59416,9383,8829,241,9070,83
2022-01-05,San Bernardino,071,2135413,442667,405323,15789,421112,6085
2022-01-05,San Diego,073,3302833,526560,466602,31964,498566,4495
2022-01-05,San Francisco,075,870044,83131,71405,4162,75567,686
2022-01-05,San Joaquin,077,732212,119201,110497,6766,117263,1903
2022-01-05,San Luis Obispo,079,281455,36793,34066,1890,35956,369
2022-01-05,San Mateo,081,765935,79387,66018,2514,68532,578
2022-01-05,Santa Barbara,083,443738,58159,53082,2151,55233,570
2022-01-05,Santa Clara,085,1922200,201782,178629,4457,183086,1961
2022-01-05,Santa Cruz,087,273765,27303,24394,1404,25798,229
2022-01-05,Shasta,089,179085,24226,23361,4012,27373,441
2022-01-05,Sierra,091,2930,226,210,23,233,0
2022-01-05,Siskiyou,093,43540,3650,3513,1527,5040,60
2022-01-05,Solano,095,438530,56221,51505,2369,53874,380
2022-01-05,Sonoma,097,501317,54547,49120,1101,50221,412
2022-01-05,Stanislaus,099,539301,89519,86248,10497,96745,1360
2022-01-05,Sutter,101,95872,15623,15117,514,15631,193
2022-01-05,Tehama,103,63373,9407,9011,1713,10724,140
2022-01-05,Trinity,105,12862,940,822,236,1058,19
2022-01-05,Tulare,107,460477,76676,72718,18485,91203,1173
2022-01-05,Tuolumne,109,53932,8738,8223,140,8363,90
2022-01-05,Ventura,111,848112,128847,114752,6824,121576,1211
2022-01-05,Yolo,113,214977,25754,23401,1879,25280,269
2022-01-05,Yuba,115,75493,11705,11138,495,11633,100
2022-01-04,Alameda,001,1643700,158480,143360,5433,148793,1532
2022-01-04,Alpine,003,1148,114,113,0,113,0
2022-01-04,Amador,005,37829,6251,6025,105,6130,71
2022-01-04,Butte,007,227075,24316,23094,4376,27470,346
2022-01-04,Calaveras,009,45235,4999,4767,85,4852,93
2022-01-04,Colusa,011,21464,2742,2689,768,3457,21
2022-01-04,Contra Costa,013,1133247,127441,116005,4549,120554,1075
2022-01-04,Del Norte,015,27424,3960,3882,70,3952,43
2022-01-04,El Dorado,017,186661,19559,18339,2092,20431,172
2022-01-04,Fresno,019,978130,159776,153244,14670,167914,2380
2022-01-04,Glenn,021,27897,3790,3705,1133,4838,39
2022-01-04,Humboldt,023,135768,11691,10865,1047,11912,120
2022-01-04,Imperial,025,180216,40487,38596,5229,43825,800
2022-01-04,Inyo,027,18085,3096,2870,69,2939,49
2022-01-04,Kern,029,883053,145261,138245,28670,166915,1916
2022-01-04,Kings,031,150075,36181,34931,2277,37208,388
2022-01-04,Lake,033,64148,7440,7152,249,7401,117
2022-01-04,Lassen,035,31185,7206,7111,448,7559,55
2022-01-04,Los Angeles,037,10098052,1885132,1705253,82215,1787468,27419
2022-01-04,Madera,039,155013,26340,25425,2660,28085,328
2022-01-04,Marin,041,260295,23793,21675,1136,22811,251
2022-01-04,Mariposa,043,17540,1680,1564,68,1632,6
2022-01-04,Mendocino,045,87422,9142,8636,818,9454,101
2022-01-04,Merced,047,269075,47028,45583,2553,48136,700
2022-01-04,Modoc,049,8938,625,611,215,826,6
2022-01-04,Mono,051,14174,2382,2190,45,2235,4
2022-01-04,Monterey,053,433212,55368,51176,4556,55732,643
2022-01-04,Napa,055,140530,17037,15370,336,15706,107
2022-01-04,Nevada,057,99092,11267,10608,435,11043,110
2022-01-04,Orange,059,3164182,399220,362051,26689,388740,5897
2022-01-04,Placer,061,380077,45067,42285,4795,47080,494
2022-01-04,Plumas,063,18699,2119,2014,60,2074,12
2022-01-04,Riverside,065,2383286,442405,413366,20249,433615,5504
2022-01-04,Sacramento,067,1510023,194370,181271,8246,189517,2453
2022-01-04,San Benito,069,59416,9195,8763,233,8996,79
2022-01-04,San Bernardino,071,2135413,433839,404409,15251,419660,6060
2022-01-04,San Diego,073,3302833,510199,458499,30996,489495,4487
2022-01-04,San Francisco,075,870044,80288,70666,4016,74682,688
2022-01-04,San Joaquin,077,732212,116786,110374,6611,116985,1911
2022-01-04,San Luis Obispo,079,281455,35985,33788,1802,35590,371
2022-01-04,San Mateo,081,765935,77083,65157,2324,67481,582
2022-01-04,Santa Barbara,083,443738,56635,52449,2073,54522,574
2022-01-04,Santa Clara,085,1922200,195819,176854,3989,180843,1964
2022-01-04,Santa Cruz,087,273765,26540,23904,1368,25272,228
2022-01-04,Shasta,089,179085,24081,23366,3958,27324,442
2022-01-04,Sierra,091,2930,225,214,22,236,0
2022-01-04,Siskiyou,093,43540,3634,3509,1508,5017,61
2022-01-04,Solano,095,438530,54917,51300,2172,53472,383
2022-01-04,Sonoma,097,501317,52840,48653,978,49631,410
2022-01-04,Stanislaus,099,539301,88459,86107,10339,96446,1361
2022-01-04,Sutter,101,95872,15470,15032,490,15522,193
2022-01-04,Tehama,103,63373,9328,9020,1690,10710,140
2022-01-04,Trinity,105,12862,935,833,232,1065,18
2022-01-04,Tulare,107,460477,75884,72893,18280,91173,1172
2022-01-04,Tuolumne,109,53932,8628,8235,135,8370,91
2022-01-04,Ventura,111,848112,125781,114079,6588,120667,1213
2022-01-04,Yolo,113,214977,25103,22938,1834,24772,270
2022-01-04,Yuba,115,75493,11525,11104,480,11584,101
2022-01-03,Alameda,001,1643700,152551,142090,4998,147088,1529
2022-01-03,Alpine,003,1148,113,113,0,113,0
2022-01-03,Amador,005,37829,6189,6004,100,6104,71
2022-01-03,Butte,007,227075,24024,22924,4324,27248,345
2022-01-03,Calaveras,009,45235,4939,4742,80,4822,93
2022-01-03,Colusa,011,21464,2733,2683,761,3444,21
2022-01-03,Contra Costa,013,1133247,124145,114966,3961,118927,1073
2022-01-03,Del Norte,015,27424,3940,3873,66,3939,43
2022-01-03,El Dorado,017,186661,19167,18183,2066,20249,172
2022-01-03,Fresno,019,978130,157793,152674,14470,167144,2379
2022-01-03,Glenn,021,27897,3761,3703,1098,4801,39
2022-01-03,Humboldt,023,135768,11483,10784,999,11783,119
2022-01-03,Imperial,025,180216,39855,38411,5049,43460,800
2022-01-03,Inyo,027,18085,3027,2845,65,2910,49
2022-01-03,Kern,029,883053,143265,137773,28073,165846,1916
2022-01-03,Kings,031,150075,35858,34817,2248,37065,387
2022-01-03,Lake,033,64148,7338,7134,231,7365,117
2022-01-03,Lassen,035,31185,7188,7103,445,7548,55
2022-01-03,Los Angeles,037,10098052,1824364,1686203,79443,1765646,27394
2022-01-03,Madera,039,155013,26047,25323,2616,27939,320
2022-01-03,Marin,041,260295,23200,21532,1097,22629,251
2022-01-03,Mariposa,043,17540,1638,1559,68,1627,6
2022-01-03,Mendocino,045,87422,8994,8573,768,9341,101
2022-01-03,Merced,047,269075,46434,45459,2446,47905,696
2022-01-03,Modoc,049,8938,622,602,215,817,6
2022-01-03,Mono,051,14174,2304,2172,40,2212,4
2022-01-03,Monterey,053,433212,54540,51047,4347,55394,644
2022-01-03,Napa,055,140530,16529,15260,303,15563,107
2022-01-03,Nevada,057,99092,11102,10572,426,10998,110
2022-01-03,Orange,059,3164182,388046,358052,25495,383547,5894
2022-01-03,Placer,061,380077,44244,42054,4731,46785,489
2022-01-03,Plumas,063,18699,2099,2005,60,2065,12
2022-01-03,Riverside,065,2383286,433925,410155,19752,429907,5504
2022-01-03,Sacramento,067,1510023,189208,179992,7678,187670,2452
2022-01-03,San Benito,069,59416,9031,8688,226,8914,79
2022-01-03,San Bernardino,071,2135413,425278,401938,14789,416727,6056
2022-01-03,San Diego,073,3302833,494083,451154,30033,481187,4476
2022-01-03,San Francisco,075,870044,77488,69315,3767,73082,686
2022-01-03,San Joaquin,077,732212,114477,109757,6475,116232,1903
2022-01-03,San Luis Obispo,079,281455,35175,33667,1709,35376,367
2022-01-03,San Mateo,081,765935,74376,64470,2167,66637,582
2022-01-03,Santa Barbara,083,443738,55174,51912,1978,53890,571
2022-01-03,Santa Clara,085,1922200,189884,174215,3512,177727,1963
2022-01-03,Santa Cruz,087,273765,25732,23765,1335,25100,228
2022-01-03,Shasta,089,179085,23903,23301,3931,27232,440
2022-01-03,Sierra,091,2930,218,213,21,234,0
2022-01-03,Siskiyou,093,43540,3608,3500,1486,4986,61
2022-01-03,Solano,095,438530,53618,51030,1980,53010,380
2022-01-03,Sonoma,097,501317,51139,48391,880,49271,410
2022-01-03,Stanislaus,099,539301,87468,85793,10167,95960,1332
2022-01-03,Sutter,101,95872,15313,14973,469,15442,193
2022-01-03,Tehama,103,63373,9253,9005,1664,10669,140
2022-01-03,Trinity,105,12862,930,833,231,1064,18
2022-01-03,Tulare,107,460477,75184,72664,18058,90722,1167
2022-01-03,Tuolumne,109,53932,8491,8179,131,8310,91
2022-01-03,Ventura,111,848112,122608,112762,6346,119108,1211
2022-01-03,Yolo,113,214977,24421,22563,1771,24334,270
2022-01-03,Yuba,115,75493,11392,11037,461,11498,99
2022-01-02,Alameda,001,1643700,148148,133486,4516,138002,1528
2022-01-02,Alpine,003,1148,111,113,0,113,0
2022-01-02,Amador,005,37829,6121,5913,95,6008,70
2022-01-02,Butte,007,227075,23687,22469,4264,26733,341
2022-01-02,Calaveras,009,45235,4870,4668,72,4740,93
2022-01-02,Colusa,011,21464,2727,2659,750,3409,21
2022-01-02,Contra Costa,013,1133247,120585,109593,3521,113114,1073
2022-01-02,Del Norte,015,27424,3908,3841,64,3905,43
2022-01-02,El Dorado,017,186661,18830,17621,2014,19635,172
2022-01-02,Fresno,019,978130,156072,149927,14240,164167,2379
2022-01-02,Glenn,021,27897,3742,3663,1089,4752,39
2022-01-02,Humboldt,023,135768,11240,10381,921,11302,119
2022-01-02,Imperial,025,180216,39199,37672,4838,42510,800
2022-01-02,Inyo,027,18085,2958,2726,54,2780,49
2022-01-02,Kern,029,883053,141344,136123,27474,163597,1917
2022-01-02,Kings,031,150075,35534,34318,2213,36531,386
2022-01-02,Lake,033,64148,7267,7060,217,7277,117
2022-01-02,Lassen,035,31185,7172,7089,443,7532,55
2022-01-02,Los Angeles,037,10098052,1773233,1596123,76546,1672669,27371
2022-01-02,Madera,039,155013,25794,25002,2557,27559,320
2022-01-02,Marin,041,260295,22635,20475,1026,21501,249
2022-01-02,Mariposa,043,17540,1607,1509,66,1575,6
2022-01-02,Mendocino,045,87422,8870,8422,750,9172,101
2022-01-02,Merced,047,269075,45896,44769,2350,47119,694
2022-01-02,Modoc,049,8938,620,601,214,815,6
2022-01-02,Mono,051,14174,2275,2101,35,2136,4
2022-01-02,Monterey,053,433212,53915,50251,4136,54387,643
2022-01-02,Napa,055,140530,15987,14439,292,14731,107
2022-01-02,Nevada,057,99092,10913,10299,409,10708,110
2022-01-02,Orange,059,3164182,377037,339526,24343,363869,5890
2022-01-02,Placer,061,380077,43519,40857,4644,45501,489
2022-01-02,Plumas,063,18699,2084,1994,56,2050,12
2022-01-02,Riverside,065,2383286,425583,397124,19231,416355,5501
2022-01-02,Sacramento,067,1510023,185123,173562,6817,180379,2448
2022-01-02,San Benito,069,59416,8849,8320,211,8531,79
2022-01-02,San Bernardino,071,2135413,417458,386278,14231,400509,6051
2022-01-02,San Diego,073,3302833,479043,427087,28851,455938,4469
2022-01-02,San Francisco,075,870044,74552,64498,3527,68025,682
2022-01-02,San Joaquin,077,732212,112603,106640,6325,112965,1902
2022-01-02,San Luis Obispo,079,281455,34440,32342,1626,33968,365
2022-01-02,San Mateo,081,765935,71807,60504,1925,62429,581
2022-01-02,Santa Barbara,083,443738,53740,49555,1915,51470,568
2022-01-02,Santa Clara,085,1922200,183738,164547,3111,167658,1969
2022-01-02,Santa Cruz,087,273765,25062,22980,1302,24282,228
2022-01-02,Shasta,089,179085,23710,23161,3882,27043,435
2022-01-02,Sierra,091,2930,217,206,21,227,0
2022-01-02,Siskiyou,093,43540,3583,3474,1463,4937,61
2022-01-02,Solano,095,438530,52678,48957,1815,50772,379
2022-01-02,Sonoma,097,501317,49821,46040,843,46883,410
2022-01-02,Stanislaus,099,539301,86614,84367,10045,94412,1332
2022-01-02,Sutter,101,95872,15140,14741,450,15191,193
2022-01-02,Tehama,103,63373,9190,8944,1641,10585,139
2022-01-02,Trinity,105,12862,928,832,230,1062,17
2022-01-02,Tulare,107,460477,74526,71941,17863,89804,1160
2022-01-02,Tuolumne,109,53932,8385,8044,126,8170,91
2022-01-02,Ventura,111,848112,119684,107992,6123,114115,1211
2022-01-02,Yolo,113,214977,23745,21747,1701,23448,270
2022-01-02,Yuba,115,75493,11267,10844,444,11288,99
2022-01-01,Alameda,001,1643700,146342,133486,4264,137750,1528
2022-01-01,Alpine,003,1148,111,113,0,113,0
2022-01-01,Amador,005,37829,6085,5913,90,6003,70
2022-01-01,Butte,007,227075,23491,22469,4232,26701,341
2022-01-01,Calaveras,009,45235,4833,4668,70,4738,93
2022-01-01,Colusa,011,21464,2723,2659,739,3398,21
2022-01-01,Contra Costa,013,1133247,119224,109593,3393,112986,1073
2022-01-01,Del Norte,015,27424,3902,3841,64,3905,43
2022-01-01,El Dorado,017,186661,18682,17621,1999,19620,172
2022-01-01,Fresno,019,978130,155406,149927,14162,164089,2379
2022-01-01,Glenn,021,27897,3735,3663,1089,4752,39
2022-01-01,Humboldt,023,135768,11103,10381,900,11281,119
2022-01-01,Imperial,025,180216,39051,37672,4790,42462,800
2022-01-01,Inyo,027,18085,2929,2726,52,2778,49
2022-01-01,Kern,029,883053,140644,136123,27164,163287,1917
2022-01-01,Kings,031,150075,35393,34318,2186,36504,386
2022-01-01,Lake,033,64148,7229,7060,212,7272,117
2022-01-01,Lassen,035,31185,7166,7089,438,7527,55
2022-01-01,Los Angeles,037,10098052,1753124,1596123,74580,1670703,27371
2022-01-01,Madera,039,155013,25710,25002,2543,27545,320
2022-01-01,Marin,041,260295,22322,20475,985,21460,249
2022-01-01,Mariposa,043,17540,1596,1509,66,1575,6
2022-01-01,Mendocino,045,87422,8778,8422,744,9166,101
2022-01-01,Merced,047,269075,45763,44769,2339,47108,694
2022-01-01,Modoc,049,8938,617,601,214,815,6
2022-01-01,Mono,051,14174,2251,2101,30,2131,4
2022-01-01,Monterey,053,433212,53605,50251,4050,54301,643
2022-01-01,Napa,055,140530,15837,14439,277,14716,107
2022-01-01,Nevada,057,99092,10838,10299,402,10701,110
2022-01-01,Orange,059,3164182,372816,339526,23632,363158,5890
2022-01-01,Placer,061,380077,43216,40857,4579,45436,489
2022-01-01,Plumas,063,18699,2072,1994,56,2050,12
2022-01-01,Riverside,065,2383286,422092,397124,19027,416151,5501
2022-01-01,Sacramento,067,1510023,183851,173562,6549,180111,2448
2022-01-01,San Benito,069,59416,8759,8320,211,8531,79
2022-01-01,San Bernardino,071,2135413,414296,386278,13942,400220,6051
2022-01-01,San Diego,073,3302833,473106,427087,28331,455418,4469
2022-01-01,San Francisco,075,870044,73156,64498,3315,67813,682
2022-01-01,San Joaquin,077,732212,111900,106640,6251,112891,1902
2022-01-01,San Luis Obispo,079,281455,34238,32342,1616,33958,365
2022-01-01,San Mateo,081,765935,70339,60504,1774,62278,581
2022-01-01,Santa Barbara,083,443738,53000,49555,1879,51434,568
2022-01-01,Santa Clara,085,1922200,180702,164547,2913,167460,1969
2022-01-01,Santa Cruz,087,273765,24742,22980,1284,24264,228
2022-01-01,Shasta,089,179085,23626,23161,3864,27025,435
2022-01-01,Sierra,091,2930,216,206,21,227,0
2022-01-01,Siskiyou,093,43540,3580,3474,1453,4927,61
2022-01-01,Solano,095,438530,52411,48957,1757,50714,379
2022-01-01,Sonoma,097,501317,49427,46040,811,46851,410
2022-01-01,Stanislaus,099,539301,86207,84367,9972,94339,1332
2022-01-01,Sutter,101,95872,15063,14741,448,15189,193
2022-01-01,Tehama,103,63373,9157,8944,1629,10573,139
2022-01-01,Trinity,105,12862,925,832,230,1062,17
2022-01-01,Tulare,107,460477,74280,71941,17758,89699,1160
2022-01-01,Tuolumne,109,53932,8325,8044,123,8167,91
2022-01-01,Ventura,111,848112,118297,107992,5993,113985,1211
2022-01-01,Yolo,113,214977,23325,21747,1661,23408,270
2022-01-01,Yuba,115,75493,11201,10844,438,11282,99
2021-12-31,Alameda,001,1643700,145602,133486,4169,137655,1528
2021-12-31,Alpine,003,1148,111,113,0,113,0
2021-12-31,Amador,005,37829,6061,5913,89,6002,70
2021-12-31,Butte,007,227075,23386,22469,4201,26670,341
2021-12-31,Calaveras,009,45235,4800,4668,70,4738,93
2021-12-31,Colusa,011,21464,2714,2659,733,3392,21
2021-12-31,Contra Costa,013,1133247,118344,109593,3314,112907,1073
2021-12-31,Del Norte,015,27424,3893,3841,62,3903,43
2021-12-31,El Dorado,017,186661,18601,17621,1981,19602,172
2021-12-31,Fresno,019,978130,155101,149927,14140,164067,2379
2021-12-31,Glenn,021,27897,3734,3663,1087,4750,39
2021-12-31,Humboldt,023,135768,11016,10381,881,11262,119
2021-12-31,Imperial,025,180216,38920,37672,4774,42446,800
2021-12-31,Inyo,027,18085,2902,2726,52,2778,49
2021-12-31,Kern,029,883053,140139,136123,27025,163148,1917
2021-12-31,Kings,031,150075,35283,34318,2176,36494,386
2021-12-31,Lake,033,64148,7206,7060,207,7267,117
2021-12-31,Lassen,035,31185,7152,7089,438,7527,55
2021-12-31,Los Angeles,037,10098052,1742364,1596123,73821,1669944,27371
2021-12-31,Madera,039,155013,25641,25002,2526,27528,320
2021-12-31,Marin,041,260295,22166,20475,954,21429,249
2021-12-31,Mariposa,043,17540,1589,1509,65,1574,6
2021-12-31,Mendocino,045,87422,8745,8422,741,9163,101
2021-12-31,Merced,047,269075,45679,44769,2322,47091,694
2021-12-31,Modoc,049,8938,613,601,212,813,6
2021-12-31,Mono,051,14174,2238,2101,29,2130,4
2021-12-31,Monterey,053,433212,53479,50251,3984,54235,643
2021-12-31,Napa,055,140530,15725,14439,267,14706,107
2021-12-31,Nevada,057,99092,10771,10299,396,10695,110
2021-12-31,Orange,059,3164182,370307,339526,23208,362734,5890
2021-12-31,Placer,061,380077,42982,40857,4513,45370,489
2021-12-31,Plumas,063,18699,2067,1994,56,2050,12
2021-12-31,Riverside,065,2383286,420401,397124,18871,415995,5501
2021-12-31,Sacramento,067,1510023,182987,173562,6443,180005,2448
2021-12-31,San Benito,069,59416,8745,8320,210,8530,79
2021-12-31,San Bernardino,071,2135413,412065,386278,13750,400028,6051
2021-12-31,San Diego,073,3302833,469893,427087,28013,455100,4469
2021-12-31,San Francisco,075,870044,72233,64498,3259,67757,682
2021-12-31,San Joaquin,077,732212,111273,106640,6185,112825,1902
2021-12-31,San Luis Obispo,079,281455,34130,32342,1603,33945,365
2021-12-31,San Mateo,081,765935,69461,60504,1720,62224,581
2021-12-31,Santa Barbara,083,443738,52601,49555,1865,51420,568
2021-12-31,Santa Clara,085,1922200,178749,164547,2771,167318,1969
2021-12-31,Santa Cruz,087,273765,24504,22980,1262,24242,228
2021-12-31,Shasta,089,179085,23563,23161,3843,27004,435
2021-12-31,Sierra,091,2930,216,206,21,227,0
2021-12-31,Siskiyou,093,43540,3573,3474,1442,4916,61
2021-12-31,Solano,095,438530,52253,48957,1731,50688,379
2021-12-31,Sonoma,097,501317,49174,46040,798,46838,410
2021-12-31,Stanislaus,099,539301,85880,84367,9926,94293,1332
2021-12-31,Sutter,101,95872,15002,14741,442,15183,193
2021-12-31,Tehama,103,63373,9125,8944,1620,10564,139
2021-12-31,Trinity,105,12862,924,832,230,1062,17
2021-12-31,Tulare,107,460477,74075,71941,17670,89611,1160
2021-12-31,Tuolumne,109,53932,8281,8044,122,8166,91
2021-12-31,Ventura,111,848112,117323,107992,5911,113903,1211
2021-12-31,Yolo,113,214977,23104,21747,1638,23385,270
2021-12-31,Yuba,115,75493,11144,10844,432,11276,99
2021-12-30,Alameda,001,1643700,144337,133486,4039,137525,1528
2021-12-30,Alpine,003,1148,110,113,0,113,0
2021-12-30,Amador,005,37829,6042,5913,88,6001,70
2021-12-30,Butte,007,227075,23257,22469,4179,26648,341
2021-12-30,Calaveras,009,45235,4781,4668,70,4738,93
2021-12-30,Colusa,011,21464,2713,2659,731,3390,21
2021-12-30,Contra Costa,013,1133247,117253,109593,3203,112796,1073
2021-12-30,Del Norte,015,27424,3882,3841,61,3902,43
2021-12-30,El Dorado,017,186661,18496,17621,1960,19581,172
2021-12-30,Fresno,019,978130,154573,149927,14065,163992,2379
2021-12-30,Glenn,021,27897,3729,3663,1084,4747,39
2021-12-30,Humboldt,023,135768,10947,10381,869,11250,119
2021-12-30,Imperial,025,180216,38752,37672,4660,42332,800
2021-12-30,Inyo,027,18085,2883,2726,50,2776,49
2021-12-30,Kern,029,883053,139605,136123,26724,162847,1917
2021-12-30,Kings,031,150075,35165,34318,2161,36479,386
2021-12-30,Lake,033,64148,7191,7060,202,7262,117
2021-12-30,Lassen,035,31185,7146,7089,438,7527,55
2021-12-30,Los Angeles,037,10098052,1719057,1596123,72558,1668681,27371
2021-12-30,Madera,039,155013,25563,25002,2506,27508,320
2021-12-30,Marin,041,260295,21988,20475,930,21405,249
2021-12-30,Mariposa,043,17540,1583,1509,65,1574,6
2021-12-30,Mendocino,045,87422,8728,8422,730,9152,101
2021-12-30,Merced,047,269075,45577,44769,2308,47077,694
2021-12-30,Modoc,049,8938,612,601,212,813,6
2021-12-30,Mono,051,14174,2233,2101,28,2129,4
2021-12-30,Monterey,053,433212,53167,50251,3923,54174,643
2021-12-30,Napa,055,140530,15581,14439,258,14697,107
2021-12-30,Nevada,057,99092,10707,10299,387,10686,110
2021-12-30,Orange,059,3164182,365218,339526,22649,362175,5890
2021-12-30,Placer,061,380077,42707,40857,4465,45322,489
2021-12-30,Plumas,063,18699,2063,1994,55,2049,12
2021-12-30,Riverside,065,2383286,417127,397124,18715,415839,5501
2021-12-30,Sacramento,067,1510023,181729,173562,6295,179857,2448
2021-12-30,San Benito,069,59416,8700,8320,207,8527,79
2021-12-30,San Bernardino,071,2135413,409521,386278,13601,399879,6051
2021-12-30,San Diego,073,3302833,464751,427087,27502,454589,4469
2021-12-30,San Francisco,075,870044,71145,64498,3186,67684,682
2021-12-30,San Joaquin,077,732212,110678,106640,6142,112782,1902
2021-12-30,San Luis Obispo,079,281455,34011,32342,1589,33931,365
2021-12-30,San Mateo,081,765935,68416,60504,1588,62092,581
2021-12-30,Santa Barbara,083,443738,52123,49555,1845,51400,568
2021-12-30,Santa Clara,085,1922200,176472,164547,2647,167194,1969
2021-12-30,Santa Cruz,087,273765,24266,22980,1227,24207,228
2021-12-30,Shasta,089,179085,23510,23161,3837,26998,435
2021-12-30,Sierra,091,2930,216,206,21,227,0
2021-12-30,Siskiyou,093,43540,3564,3474,1440,4914,61
2021-12-30,Solano,095,438530,51904,48957,1684,50641,379
2021-12-30,Sonoma,097,501317,48838,46040,788,46828,410
2021-12-30,Stanislaus,099,539301,85566,84367,9875,94242,1332
2021-12-30,Sutter,101,95872,14940,14741,441,15182,193
2021-12-30,Tehama,103,63373,9097,8944,1614,10558,139
2021-12-30,Trinity,105,12862,921,832,230,1062,17
2021-12-30,Tulare,107,460477,73893,71941,17588,89529,1160
2021-12-30,Tuolumne,109,53932,8242,8044,121,8165,91
2021-12-30,Ventura,111,848112,116064,107992,5808,113800,1211
2021-12-30,Yolo,113,214977,22966,21747,1613,23360,270
2021-12-30,Yuba,115,75493,11097,10844,430,11274,99
2021-12-29,Alameda,001,1643700,141174,131586,3884,135470,1529
2021-12-29,Alpine,003,1148,110,113,0,113,0
2021-12-29,Amador,005,37829,6019,5905,85,5990,70
2021-12-29,Butte,007,227075,23117,22353,4142,26495,338
2021-12-29,Calaveras,009,45235,4753,4646,68,4714,93
2021-12-29,Colusa,011,21464,2703,2657,726,3383,21
2021-12-29,Contra Costa,013,1133247,115157,108165,3077,111242,1072
2021-12-29,Del Norte,015,27424,3868,3826,59,3885,43
2021-12-29,El Dorado,017,186661,18272,17489,1942,19431,172
2021-12-29,Fresno,019,978130,153443,149318,13950,163268,2364
2021-12-29,Glenn,021,27897,3719,3653,1082,4735,39
2021-12-29,Humboldt,023,135768,10838,10249,847,11096,119
2021-12-29,Imperial,025,180216,38516,37460,4591,42051,800
2021-12-29,Inyo,027,18085,2850,2703,50,2753,49
2021-12-29,Kern,029,883053,138802,135648,26335,161983,1913
2021-12-29,Kings,031,150075,35050,34216,2155,36371,386
2021-12-29,Lake,033,64148,7160,7048,200,7248,117
2021-12-29,Lassen,035,31185,7142,7085,437,7522,55
2021-12-29,Los Angeles,037,10098052,1689072,1576414,70832,1647246,27349
2021-12-29,Madera,039,155013,25459,24923,2495,27418,320
2021-12-29,Marin,041,260295,21632,20025,909,20934,249
2021-12-29,Mariposa,043,17540,1561,1507,65,1572,6
2021-12-29,Mendocino,045,87422,8669,8386,726,9112,99
2021-12-29,Merced,047,269075,45361,44548,2294,46842,693
2021-12-29,Modoc,049,8938,609,600,212,812,6
2021-12-29,Mono,051,14174,2209,2056,27,2083,4
2021-12-29,Monterey,053,433212,52756,50097,3818,53915,641
2021-12-29,Napa,055,140530,15257,14247,239,14486,107
2021-12-29,Nevada,057,99092,10615,10274,386,10660,110
2021-12-29,Orange,059,3164182,357680,334557,21971,356528,5887
2021-12-29,Placer,061,380077,42219,40545,4390,44935,489
2021-12-29,Plumas,063,18699,2051,1990,55,2045,12
2021-12-29,Riverside,065,2383286,411705,392989,18504,411493,5486
2021-12-29,Sacramento,067,1510023,179398,172145,6129,178274,2437
2021-12-29,San Benito,069,59416,8557,8239,206,8445,79
2021-12-29,San Bernardino,071,2135413,404149,382872,13387,396259,6049
2021-12-29,San Diego,073,3302833,453923,421045,26783,447828,4461
2021-12-29,San Francisco,075,870044,69449,63117,3114,66231,684
2021-12-29,San Joaquin,077,732212,109497,106063,6069,112132,1891
2021-12-29,San Luis Obispo,079,281455,33617,31936,1540,33476,365
2021-12-29,San Mateo,081,765935,66802,59478,1478,60956,581
2021-12-29,Santa Barbara,083,443738,51282,49003,1820,50823,568
2021-12-29,Santa Clara,085,1922200,173320,162008,2514,164522,1962
2021-12-29,Santa Cruz,087,273765,23987,22669,1195,23864,228
2021-12-29,Shasta,089,179085,23435,23083,3825,26908,435
2021-12-29,Sierra,091,2930,215,206,21,227,0
2021-12-29,Siskiyou,093,43540,3552,3472,1429,4901,61
2021-12-29,Solano,095,438530,51199,48562,1628,50190,379
2021-12-29,Sonoma,097,501317,48036,45479,764,46243,410
2021-12-29,Stanislaus,099,539301,85084,84083,9820,93903,1332
2021-12-29,Sutter,101,95872,14871,14688,439,15127,193
2021-12-29,Tehama,103,63373,9072,8914,1601,10515,138
2021-12-29,Trinity,105,12862,919,832,230,1062,17
2021-12-29,Tulare,107,460477,73604,71752,17471,89223,1160
2021-12-29,Tuolumne,109,53932,8189,8012,120,8132,91
2021-12-29,Ventura,111,848112,114122,106974,5628,112602,1207
2021-12-29,Yolo,113,214977,22727,21564,1582,23146,270
2021-12-29,Yuba,115,75493,11036,10808,426,11234,99
2021-12-28,Alameda,001,1643700,138085,130427,3725,134152,1522
2021-12-28,Alpine,003,1148,110,113,0,113,0
2021-12-28,Amador,005,37829,5999,5900,84,5984,70
2021-12-28,Butte,007,227075,22974,22285,4125,26410,338
2021-12-28,Calaveras,009,45235,4736,4641,67,4708,91
2021-12-28,Colusa,011,21464,2697,2653,724,3377,21
2021-12-28,Contra Costa,013,1133247,112856,107160,2959,110119,1072
2021-12-28,Del Norte,015,27424,3862,3815,59,3874,43
2021-12-28,El Dorado,017,186661,18047,17419,1931,19350,172
2021-12-28,Fresno,019,978130,152363,148987,13866,162853,2365
2021-12-28,Glenn,021,27897,3693,3639,1078,4717,39
2021-12-28,Humboldt,023,135768,10717,10198,823,11021,119
2021-12-28,Imperial,025,180216,38219,37223,4487,41710,800
2021-12-28,Inyo,027,18085,2792,2676,49,2725,48
2021-12-28,Kern,029,883053,138081,135346,25980,161326,1909
2021-12-28,Kings,031,150075,34914,34165,2140,36305,386
2021-12-28,Lake,033,64148,7141,7044,194,7238,116
2021-12-28,Lassen,035,31185,7133,7083,437,7520,55
2021-12-28,Los Angeles,037,10098052,1656847,1561791,69166,1630957,27323
2021-12-28,Madera,039,155013,25333,24865,2475,27340,320
2021-12-28,Marin,041,260295,21221,19739,879,20618,249
2021-12-28,Mariposa,043,17540,1550,1499,64,1563,6
2021-12-28,Mendocino,045,87422,8609,8366,718,9084,98
2021-12-28,Merced,047,269075,45121,44434,2284,46718,691
2021-12-28,Modoc,049,8938,609,599,211,810,6
2021-12-28,Mono,051,14174,2186,2045,25,2070,4
2021-12-28,Monterey,053,433212,52380,49973,3745,53718,639
2021-12-28,Napa,055,140530,14940,14131,212,14343,107
2021-12-28,Nevada,057,99092,10523,10250,383,10633,110
2021-12-28,Orange,059,3164182,350006,331279,21230,352509,5882
2021-12-28,Placer,061,380077,41752,40410,4320,44730,489
2021-12-28,Plumas,063,18699,2048,1989,55,2044,12
2021-12-28,Riverside,065,2383286,406463,390343,18257,408600,5470
2021-12-28,Sacramento,067,1510023,177114,171290,5996,177286,2426
2021-12-28,San Benito,069,59416,8414,8170,204,8374,79
2021-12-28,San Bernardino,071,2135413,398511,381316,13173,394489,6047
2021-12-28,San Diego,073,3302833,443235,417383,26226,443609,4450
2021-12-28,San Francisco,075,870044,67832,61745,3055,64800,682
2021-12-28,San Joaquin,077,732212,108444,105572,6024,111596,1884
2021-12-28,San Luis Obispo,079,281455,33157,31759,1524,33283,365
2021-12-28,San Mateo,081,765935,65288,58712,1389,60101,582
2021-12-28,Santa Barbara,083,443738,50636,48493,1800,50293,568
2021-12-28,Santa Clara,085,1922200,170185,160811,2418,163229,1962
2021-12-28,Santa Cruz,087,273765,23613,22513,1156,23669,228
2021-12-28,Shasta,089,179085,23365,23035,3820,26855,434
2021-12-28,Sierra,091,2930,212,206,21,227,0
2021-12-28,Siskiyou,093,43540,3543,3468,1424,4892,60
2021-12-28,Solano,095,438530,50284,48318,1574,49892,378
2021-12-28,Sonoma,097,501317,47176,45086,738,45824,410
2021-12-28,Stanislaus,099,539301,84604,83946,9761,93707,1331
2021-12-28,Sutter,101,95872,14822,14662,436,15098,193
2021-12-28,Tehama,103,63373,9055,8893,1599,10492,138
2021-12-28,Trinity,105,12862,917,831,229,1060,17
2021-12-28,Tulare,107,460477,73324,71630,17346,88976,1156
2021-12-28,Tuolumne,109,53932,8147,8006,120,8126,91
2021-12-28,Ventura,111,848112,112012,105883,5497,111380,1207
2021-12-28,Yolo,113,214977,22390,21320,1530,22850,270
2021-12-28,Yuba,115,75493,10980,10778,423,11201,99
2021-12-27,Alameda,001,1643700,135515,129910,3585,133495,1530
2021-12-27,Alpine,003,1148,110,113,0,113,0
2021-12-27,Amador,005,37829,5971,5891,84,5975,70
2021-12-27,Butte,007,227075,22839,22234,4102,26336,335
2021-12-27,Calaveras,009,45235,4711,4630,66,4696,91
2021-12-27,Colusa,011,21464,2686,2652,718,3370,21
2021-12-27,Contra Costa,013,1133247,110693,106692,2878,109570,1071
2021-12-27,Del Norte,015,27424,3853,3802,58,3860,43
2021-12-27,El Dorado,017,186661,17888,17361,1918,19279,172
2021-12-27,Fresno,019,978130,151402,148826,13785,162611,2364
2021-12-27,Glenn,021,27897,3685,3634,1072,4706,39
2021-12-27,Humboldt,023,135768,10604,10164,801,10965,119
2021-12-27,Imperial,025,180216,37978,37180,4388,41568,800
2021-12-27,Inyo,027,18085,2763,2662,47,2709,48
2021-12-27,Kern,029,883053,137430,135119,25676,160795,1907
2021-12-27,Kings,031,150075,34765,34126,2127,36253,382
2021-12-27,Lake,033,64148,7118,7037,184,7221,116
2021-12-27,Lassen,035,31185,7127,7080,437,7517,55
2021-12-27,Los Angeles,037,10098052,1620530,1554074,67405,1621479,27300
2021-12-27,Madera,039,155013,25213,24840,2456,27296,320
2021-12-27,Marin,041,260295,20831,19601,852,20453,249
2021-12-27,Mariposa,043,17540,1535,1495,64,1559,6
2021-12-27,Mendocino,045,87422,8542,8351,713,9064,98
2021-12-27,Merced,047,269075,44891,44383,2267,46650,690
2021-12-27,Modoc,049,8938,607,599,211,810,6
2021-12-27,Mono,051,14174,2123,2026,25,2051,4
2021-12-27,Monterey,053,433212,52079,49918,3694,53612,639
2021-12-27,Napa,055,140530,14670,14083,203,14286,107
2021-12-27,Nevada,057,99092,10454,10239,375,10614,110
2021-12-27,Orange,059,3164182,342532,329222,20421,349643,5875
2021-12-27,Placer,061,380077,41375,40263,4271,44534,489
2021-12-27,Plumas,063,18699,2046,1988,53,2041,12
2021-12-27,Riverside,065,2383286,401874,389096,17998,407094,5470
2021-12-27,Sacramento,067,1510023,175086,170858,5824,176682,2422
2021-12-27,San Benito,069,59416,8297,8133,200,8333,79
2021-12-27,San Bernardino,071,2135413,392733,380526,12972,393498,6047
2021-12-27,San Diego,073,3302833,433039,414968,25735,440703,4445
2021-12-27,San Francisco,075,870044,66091,60920,2990,63910,682
2021-12-27,San Joaquin,077,732212,107524,105413,5961,111374,1876
2021-12-27,San Luis Obispo,079,281455,32714,31671,1502,33173,365
2021-12-27,San Mateo,081,765935,63764,58397,1289,59686,581
2021-12-27,Santa Barbara,083,443738,49850,48209,1779,49988,568
2021-12-27,Santa Clara,085,1922200,167215,159904,2291,162195,1961
2021-12-27,Santa Cruz,087,273765,23324,22456,1138,23594,228
2021-12-27,Shasta,089,179085,23303,23015,3809,26824,432
2021-12-27,Sierra,091,2930,212,206,21,227,0
2021-12-27,Siskiyou,093,43540,3534,3466,1419,4885,60
2021-12-27,Solano,095,438530,49551,48172,1526,49698,378
2021-12-27,Sonoma,097,501317,46600,44990,719,45709,410
2021-12-27,Stanislaus,099,539301,84155,83833,9723,93556,1331
2021-12-27,Sutter,101,95872,14766,14642,431,15073,191
2021-12-27,Tehama,103,63373,9040,8887,1592,10479,136
2021-12-27,Trinity,105,12862,917,827,229,1056,17
2021-12-27,Tulare,107,460477,73058,71562,17249,88811,1146
2021-12-27,Tuolumne,109,53932,8109,7978,119,8097,91
2021-12-27,Ventura,111,848112,109924,105212,5361,110573,1206
2021-12-27,Yolo,113,214977,22097,21300,1495,22795,270
2021-12-27,Yuba,115,75493,10919,10759,422,11181,98
2021-12-26,Alameda,001,1643700,133455,127221,3511,130732,1525
2021-12-26,Alpine,003,1148,110,113,0,113,0
2021-12-26,Amador,005,37829,5955,5861,82,5943,70
2021-12-26,Butte,007,227075,22684,22087,4080,26167,330
2021-12-26,Calaveras,009,45235,4689,4591,66,4657,91
2021-12-26,Colusa,011,21464,2675,2647,712,3359,21
2021-12-26,Contra Costa,013,1133247,108930,105022,2779,107801,1071
2021-12-26,Del Norte,015,27424,3848,3795,58,3853,43
2021-12-26,El Dorado,017,186661,17733,17188,1909,19097,172
2021-12-26,Fresno,019,978130,150697,148027,13704,161731,2358
2021-12-26,Glenn,021,27897,3677,3611,1061,4672,39
2021-12-26,Humboldt,023,135768,10461,10052,778,10830,119
2021-12-26,Imperial,025,180216,37675,36878,4296,41174,800
2021-12-26,Inyo,027,18085,2739,2636,44,2680,47
2021-12-26,Kern,029,883053,136708,134591,25419,160010,1908
2021-12-26,Kings,031,150075,34612,34009,2121,36130,379
2021-12-26,Lake,033,64148,7096,7019,181,7200,116
2021-12-26,Lassen,035,31185,7121,7072,436,7508,55
2021-12-26,Los Angeles,037,10098052,1590691,1515469,65601,1581070,27257
2021-12-26,Madera,039,155013,25094,24741,2440,27181,320
2021-12-26,Marin,041,260295,20452,19085,792,19877,249
2021-12-26,Mariposa,043,17540,1529,1480,64,1544,6
2021-12-26,Mendocino,045,87422,8491,8314,711,9025,98
2021-12-26,Merced,047,269075,44640,44208,2256,46464,690
2021-12-26,Modoc,049,8938,606,597,209,806,6
2021-12-26,Mono,051,14174,2097,2000,25,2025,4
2021-12-26,Monterey,053,433212,51798,49709,3645,53354,638
2021-12-26,Napa,055,140530,14433,13809,198,14007,107
2021-12-26,Nevada,057,99092,10394,10153,368,10521,110
2021-12-26,Orange,059,3164182,336198,322991,19618,342609,5863
2021-12-26,Placer,061,380077,41024,39852,4200,44052,489
2021-12-26,Plumas,063,18699,2038,1987,52,2039,12
2021-12-26,Riverside,065,2383286,397688,384567,17828,402395,5470
2021-12-26,Sacramento,067,1510023,173359,169144,5674,174818,2418
2021-12-26,San Benito,069,59416,8208,7991,196,8187,79
2021-12-26,San Bernardino,071,2135413,388043,376052,12793,388845,6043
2021-12-26,San Diego,073,3302833,424050,406616,25240,431856,4442
2021-12-26,San Francisco,075,870044,64519,58229,2928,61157,682
2021-12-26,San Joaquin,077,732212,106708,104590,5908,110498,1872
2021-12-26,San Luis Obispo,079,281455,32274,31290,1484,32774,365
2021-12-26,San Mateo,081,765935,62364,56973,1241,58214,581
2021-12-26,Santa Barbara,083,443738,49174,47553,1749,49302,567
2021-12-26,Santa Clara,085,1922200,164515,156872,2158,159030,1967
2021-12-26,Santa Cruz,087,273765,23039,22176,1124,23300,228
2021-12-26,Shasta,089,179085,23220,22959,3797,26756,432
2021-12-26,Sierra,091,2930,212,202,21,223,0
2021-12-26,Siskiyou,093,43540,3526,3460,1410,4870,60
2021-12-26,Solano,095,438530,49048,47646,1488,49134,377
2021-12-26,Sonoma,097,501317,46102,44358,687,45045,408
2021-12-26,Stanislaus,099,539301,83783,83368,9684,93052,1331
2021-12-26,Sutter,101,95872,14701,14533,428,14961,191
2021-12-26,Tehama,103,63373,9007,8861,1589,10450,136
2021-12-26,Trinity,105,12862,917,826,228,1054,17
2021-12-26,Tulare,107,460477,72808,71292,17138,88430,1137
2021-12-26,Tuolumne,109,53932,8071,7919,119,8038,91
2021-12-26,Ventura,111,848112,108087,103498,5211,108709,1206
2021-12-26,Yolo,113,214977,21811,21084,1455,22539,270
2021-12-26,Yuba,115,75493,10868,10694,420,11114,98
2021-12-25,Alameda,001,1643700,132383,127221,3446,130667,1525
2021-12-25,Alpine,003,1148,110,113,0,113,0
2021-12-25,Amador,005,37829,5936,5861,82,5943,70
2021-12-25,Butte,007,227075,22587,22087,4064,26151,330
2021-12-25,Calaveras,009,45235,4660,4591,65,4656,91
2021-12-25,Colusa,011,21464,2670,2647,706,3353,21
2021-12-25,Contra Costa,013,1133247,108108,105022,2726,107748,1071
2021-12-25,Del Norte,015,27424,3841,3795,57,3852,43
2021-12-25,El Dorado,017,186661,17680,17188,1898,19086,172
2021-12-25,Fresno,019,978130,150384,148027,13656,161683,2358
2021-12-25,Glenn,021,27897,3666,3611,1057,4668,39
2021-12-25,Humboldt,023,135768,10380,10052,771,10823,119
2021-12-25,Imperial,025,180216,37553,36878,4273,41151,800
2021-12-25,Inyo,027,18085,2719,2636,44,2680,47
2021-12-25,Kern,029,883053,136361,134591,25294,159885,1908
2021-12-25,Kings,031,150075,34522,34009,2114,36123,379
2021-12-25,Lake,033,64148,7084,7019,179,7198,116
2021-12-25,Lassen,035,31185,7119,7072,436,7508,55
2021-12-25,Los Angeles,037,10098052,1577883,1515469,64271,1579740,27257
2021-12-25,Madera,039,155013,25044,24741,2434,27175,320
2021-12-25,Marin,041,260295,20110,19085,743,19828,249
2021-12-25,Mariposa,043,17540,1523,1480,64,1544,6
2021-12-25,Mendocino,045,87422,8453,8314,711,9025,98
2021-12-25,Merced,047,269075,44540,44208,2254,46462,690
2021-12-25,Modoc,049,8938,606,597,209,806,6
2021-12-25,Mono,051,14174,2080,2000,25,2025,4
2021-12-25,Monterey,053,433212,51630,49709,3610,53319,638
2021-12-25,Napa,055,140530,14318,13809,190,13999,107
2021-12-25,Nevada,057,99092,10365,10153,368,10521,110
2021-12-25,Orange,059,3164182,333329,322991,19043,342034,5863
2021-12-25,Placer,061,380077,40840,39852,4164,44016,489
2021-12-25,Plumas,063,18699,2036,1987,52,2039,12
2021-12-25,Riverside,065,2383286,395407,384567,17708,402275,5470
2021-12-25,Sacramento,067,1510023,172545,169144,5566,174710,2418
2021-12-25,San Benito,069,59416,8143,7991,196,8187,79
2021-12-25,San Bernardino,071,2135413,385841,376052,12652,388704,6043
2021-12-25,San Diego,073,3302833,419983,406616,24970,431586,4442
2021-12-25,San Francisco,075,870044,63495,58229,2892,61121,682
2021-12-25,San Joaquin,077,732212,106373,104590,5876,110466,1872
2021-12-25,San Luis Obispo,079,281455,32119,31290,1475,32765,365
2021-12-25,San Mateo,081,765935,61333,56973,1198,58171,581
2021-12-25,Santa Barbara,083,443738,48810,47553,1737,49290,567
2021-12-25,Santa Clara,085,1922200,163037,156872,2091,158963,1967
2021-12-25,Santa Cruz,087,273765,22879,22176,1118,23294,228
2021-12-25,Shasta,089,179085,23187,22959,3791,26750,432
2021-12-25,Sierra,091,2930,212,202,21,223,0
2021-12-25,Siskiyou,093,43540,3523,3460,1404,4864,60
2021-12-25,Solano,095,438530,48923,47646,1470,49116,377
2021-12-25,Sonoma,097,501317,45717,44358,661,45019,408
2021-12-25,Stanislaus,099,539301,83570,83368,9661,93029,1331
2021-12-25,Sutter,101,95872,14660,14533,426,14959,191
2021-12-25,Tehama,103,63373,8987,8861,1585,10446,136
2021-12-25,Trinity,105,12862,916,826,228,1054,17
2021-12-25,Tulare,107,460477,72672,71292,17058,88350,1137
2021-12-25,Tuolumne,109,53932,8040,7919,119,8038,91
2021-12-25,Ventura,111,848112,106914,103498,5102,108600,1206
2021-12-25,Yolo,113,214977,21700,21084,1433,22517,270
2021-12-25,Yuba,115,75493,10841,10694,419,11113,98
2021-12-24,Alameda,001,1643700,131772,127221,3429,130650,1525
2021-12-24,Alpine,003,1148,110,113,0,113,0
2021-12-24,Amador,005,37829,5928,5861,81,5942,70
2021-12-24,Butte,007,227075,22532,22087,4051,26138,330
2021-12-24,Calaveras,009,45235,4654,4591,65,4656,91
2021-12-24,Colusa,011,21464,2668,2647,705,3352,21
2021-12-24,Contra Costa,013,1133247,107790,105022,2694,107716,1071
2021-12-24,Del Norte,015,27424,3834,3795,57,3852,43
2021-12-24,El Dorado,017,186661,17627,17188,1893,19081,172
2021-12-24,Fresno,019,978130,150218,148027,13643,161670,2358
2021-12-24,Glenn,021,27897,3665,3611,1057,4668,39
2021-12-24,Humboldt,023,135768,10324,10052,765,10817,119
2021-12-24,Imperial,025,180216,37470,36878,4269,41147,800
2021-12-24,Inyo,027,18085,2699,2636,44,2680,47
2021-12-24,Kern,029,883053,136238,134591,25252,159843,1908
2021-12-24,Kings,031,150075,34454,34009,2113,36122,379
2021-12-24,Lake,033,64148,7080,7019,179,7198,116
2021-12-24,Lassen,035,31185,7116,7072,436,7508,55
2021-12-24,Los Angeles,037,10098052,1573025,1515469,63741,1579210,27257
2021-12-24,Madera,039,155013,25009,24741,2429,27170,320
2021-12-24,Marin,041,260295,19964,19085,712,19797,249
2021-12-24,Mariposa,043,17540,1521,1480,64,1544,6
2021-12-24,Mendocino,045,87422,8436,8314,711,9025,98
2021-12-24,Merced,047,269075,44490,44208,2252,46460,690
2021-12-24,Modoc,049,8938,606,597,209,806,6
2021-12-24,Mono,051,14174,2067,2000,25,2025,4
2021-12-24,Monterey,053,433212,51533,49709,3584,53293,638
2021-12-24,Napa,055,140530,14252,13809,186,13995,107
2021-12-24,Nevada,057,99092,10339,10153,366,10519,110
2021-12-24,Orange,059,3164182,332277,322991,18883,341874,5863
2021-12-24,Placer,061,380077,40720,39852,4148,44000,489
2021-12-24,Plumas,063,18699,2035,1987,52,2039,12
2021-12-24,Riverside,065,2383286,394410,384567,17617,402184,5470
2021-12-24,Sacramento,067,1510023,172230,169144,5529,174673,2418
2021-12-24,San Benito,069,59416,8134,7991,195,8186,79
2021-12-24,San Bernardino,071,2135413,384727,376052,12580,388632,6043
2021-12-24,San Diego,073,3302833,418862,406616,24843,431459,4442
2021-12-24,San Francisco,075,870044,62985,58229,2874,61103,682
2021-12-24,San Joaquin,077,732212,106178,104590,5869,110459,1872
2021-12-24,San Luis Obispo,079,281455,32057,31290,1465,32755,365
2021-12-24,San Mateo,081,765935,60901,56973,1175,58148,581
2021-12-24,Santa Barbara,083,443738,48605,47553,1730,49283,567
2021-12-24,Santa Clara,085,1922200,162213,156872,2057,158929,1967
2021-12-24,Santa Cruz,087,273765,22796,22176,1115,23291,228
2021-12-24,Shasta,089,179085,23153,22959,3787,26746,432
2021-12-24,Sierra,091,2930,211,202,21,223,0
2021-12-24,Siskiyou,093,43540,3518,3460,1400,4860,60
2021-12-24,Solano,095,438530,48871,47646,1468,49114,377
2021-12-24,Sonoma,097,501317,45552,44358,653,45011,408
2021-12-24,Stanislaus,099,539301,83458,83368,9641,93009,1331
2021-12-24,Sutter,101,95872,14640,14533,423,14956,191
2021-12-24,Tehama,103,63373,8978,8861,1582,10443,136
2021-12-24,Trinity,105,12862,914,826,228,1054,17
2021-12-24,Tulare,107,460477,72605,71292,17015,88307,1137
2021-12-24,Tuolumne,109,53932,8015,7919,119,8038,91
2021-12-24,Ventura,111,848112,106467,103498,5046,108544,1206
2021-12-24,Yolo,113,214977,21626,21084,1415,22499,270
2021-12-24,Yuba,115,75493,10818,10694,418,11112,98
2021-12-23,Alameda,001,1643700,131073,127221,3395,130616,1525
2021-12-23,Alpine,003,1148,110,113,0,113,0
2021-12-23,Amador,005,37829,5916,5861,79,5940,70
2021-12-23,Butte,007,227075,22481,22087,4039,26126,330
2021-12-23,Calaveras,009,45235,4643,4591,65,4656,91
2021-12-23,Colusa,011,21464,2662,2647,701,3348,21
2021-12-23,Contra Costa,013,1133247,107360,105022,2649,107671,1071
2021-12-23,Del Norte,015,27424,3831,3795,57,3852,43
2021-12-23,El Dorado,017,186661,17564,17188,1887,19075,172
2021-12-23,Fresno,019,978130,150013,148027,13622,161649,2358
2021-12-23,Glenn,021,27897,3661,3611,1057,4668,39
2021-12-23,Humboldt,023,135768,10271,10052,762,10814,119
2021-12-23,Imperial,025,180216,37396,36878,4241,41119,800
2021-12-23,Inyo,027,18085,2686,2636,44,2680,47
2021-12-23,Kern,029,883053,136087,134591,25154,159745,1908
2021-12-23,Kings,031,150075,34413,34009,2112,36121,379
2021-12-23,Lake,033,64148,7068,7019,177,7196,116
2021-12-23,Lassen,035,31185,7115,7072,436,7508,55
2021-12-23,Los Angeles,037,10098052,1563495,1515469,62640,1578109,27257
2021-12-23,Madera,039,155013,24976,24741,2424,27165,320
2021-12-23,Marin,041,260295,19830,19085,695,19780,249
2021-12-23,Mariposa,043,17540,1516,1480,64,1544,6
2021-12-23,Mendocino,045,87422,8427,8314,711,9025,98
2021-12-23,Merced,047,269075,44441,44208,2250,46458,690
2021-12-23,Modoc,049,8938,606,597,209,806,6
2021-12-23,Mono,051,14174,2046,2000,24,2024,4
2021-12-23,Monterey,053,433212,51411,49709,3563,53272,638
2021-12-23,Napa,055,140530,14171,13809,181,13990,107
2021-12-23,Nevada,057,99092,10315,10153,365,10518,110
2021-12-23,Orange,059,3164182,330587,322991,18550,341541,5863
2021-12-23,Placer,061,380077,40597,39852,4132,43984,489
2021-12-23,Plumas,063,18699,2035,1987,52,2039,12
2021-12-23,Riverside,065,2383286,393193,384567,17548,402115,5470
2021-12-23,Sacramento,067,1510023,171773,169144,5481,174625,2418
2021-12-23,San Benito,069,59416,8115,7991,193,8184,79
2021-12-23,San Bernardino,071,2135413,383556,376052,12473,388525,6043
2021-12-23,San Diego,073,3302833,417014,406616,24643,431259,4442
2021-12-23,San Francisco,075,870044,62257,58229,2846,61075,682
2021-12-23,San Joaquin,077,732212,105960,104590,5856,110446,1872
2021-12-23,San Luis Obispo,079,281455,31985,31290,1461,32751,365
2021-12-23,San Mateo,081,765935,60339,56973,1154,58127,581
2021-12-23,Santa Barbara,083,443738,48406,47553,1728,49281,567
2021-12-23,Santa Clara,085,1922200,161306,156872,1998,158870,1967
2021-12-23,Santa Cruz,087,273765,22681,22176,1103,23279,228
2021-12-23,Shasta,089,179085,23123,22959,3784,26743,432
2021-12-23,Sierra,091,2930,208,202,21,223,0
2021-12-23,Siskiyou,093,43540,3518,3460,1398,4858,60
2021-12-23,Solano,095,438530,48765,47646,1452,49098,377
2021-12-23,Sonoma,097,501317,45375,44358,650,45008,408
2021-12-23,Stanislaus,099,539301,83329,83368,9624,92992,1331
2021-12-23,Sutter,101,95872,14623,14533,422,14955,191
2021-12-23,Tehama,103,63373,8966,8861,1578,10439,136
2021-12-23,Trinity,105,12862,914,826,228,1054,17
2021-12-23,Tulare,107,460477,72530,71292,16970,88262,1137
2021-12-23,Tuolumne,109,53932,7997,7919,118,8037,91
2021-12-23,Ventura,111,848112,105931,103498,4979,108477,1206
2021-12-23,Yolo,113,214977,21554,21084,1397,22481,270
2021-12-23,Yuba,115,75493,10805,10694,418,11112,98
2021-12-22,Alameda,001,1643700,130155,126533,3310,129843,1522
2021-12-22,Alpine,003,1148,110,112,0,112,0
2021-12-22,Amador,005,37829,5903,5850,78,5928,70
2021-12-22,Butte,007,227075,22431,22070,4028,26098,330
2021-12-22,Calaveras,009,45235,4634,4580,65,4645,91
2021-12-22,Colusa,011,21464,2662,2645,698,3343,21
2021-12-22,Contra Costa,013,1133247,106723,104559,2606,107165,1070
2021-12-22,Del Norte,015,27424,3831,3794,57,3851,43
2021-12-22,El Dorado,017,186661,17503,17140,1878,19018,172
2021-12-22,Fresno,019,978130,149731,147838,13588,161426,2349
2021-12-22,Glenn,021,27897,3656,3604,1057,4661,39
2021-12-22,Humboldt,023,135768,10210,10022,757,10779,119
2021-12-22,Imperial,025,180216,37310,36755,4204,40959,798
2021-12-22,Inyo,027,18085,2668,2632,44,2676,47
2021-12-22,Kern,029,883053,135852,134433,25069,159502,1900
2021-12-22,Kings,031,150075,34363,33953,2105,36058,376
2021-12-22,Lake,033,64148,7061,7008,175,7183,116
2021-12-22,Lassen,035,31185,7110,7069,435,7504,55
2021-12-22,Los Angeles,037,10098052,1549962,1507110,61463,1568573,27234
2021-12-22,Madera,039,155013,24938,24702,2420,27122,320
2021-12-22,Marin,041,260295,19609,18927,672,19599,249
2021-12-22,Mariposa,043,17540,1509,1480,64,1544,6
2021-12-22,Mendocino,045,87422,8418,8299,711,9010,99
2021-12-22,Merced,047,269075,44370,44137,2248,46385,689
2021-12-22,Modoc,049,8938,606,595,209,804,6
2021-12-22,Mono,051,14174,2042,1979,24,2003,4
2021-12-22,Monterey,053,433212,51254,49650,3546,53196,639
2021-12-22,Napa,055,140530,14044,13746,171,13917,107
2021-12-22,Nevada,057,99092,10287,10101,360,10461,110
2021-12-22,Orange,059,3164182,328292,321765,18117,339882,5858
2021-12-22,Placer,061,380077,40413,39758,4095,43853,489
2021-12-22,Plumas,063,18699,2031,1986,52,2038,12
2021-12-22,Riverside,065,2383286,391361,383319,17433,400752,5472
2021-12-22,Sacramento,067,1510023,171114,168695,5412,174107,2422
2021-12-22,San Benito,069,59416,8063,7971,191,8162,79
2021-12-22,San Bernardino,071,2135413,381888,375044,12388,387432,6039
2021-12-22,San Diego,073,3302833,412895,404269,24314,428583,4434
2021-12-22,San Francisco,075,870044,61268,57520,2801,60321,682
2021-12-22,San Joaquin,077,732212,105690,104385,5842,110227,1870
2021-12-22,San Luis Obispo,079,281455,31844,31175,1441,32616,365
2021-12-22,San Mateo,081,765935,59654,56604,1125,57729,581
2021-12-22,Santa Barbara,083,443738,48150,47372,1712,49084,566
2021-12-22,Santa Clara,085,1922200,160186,156258,1957,158215,1954
2021-12-22,Santa Cruz,087,273765,22574,22075,1097,23172,228
2021-12-22,Shasta,089,179085,23094,22937,3779,26716,432
2021-12-22,Sierra,091,2930,208,202,21,223,0
2021-12-22,Siskiyou,093,43540,3515,3458,1395,4853,59
2021-12-22,Solano,095,438530,48536,47531,1438,48969,375
2021-12-22,Sonoma,097,501317,45100,44201,639,44840,408
2021-12-22,Stanislaus,099,539301,83188,83245,9609,92854,1331
2021-12-22,Sutter,101,95872,14587,14513,419,14932,191
2021-12-22,Tehama,103,63373,8953,8853,1575,10428,136
2021-12-22,Trinity,105,12862,914,826,228,1054,17
2021-12-22,Tulare,107,460477,72429,71226,16917,88143,1137
2021-12-22,Tuolumne,109,53932,7976,7903,118,8021,91
2021-12-22,Ventura,111,848112,105325,103089,4872,107961,1206
2021-12-22,Yolo,113,214977,21478,21012,1381,22393,270
2021-12-22,Yuba,115,75493,10788,10681,418,11099,98
2021-12-21,Alameda,001,1643700,129161,126007,3254,129261,1518
2021-12-21,Alpine,003,1148,110,112,0,112,0
2021-12-21,Amador,005,37829,5893,5845,78,5923,70
2021-12-21,Butte,007,227075,22368,22041,4014,26055,330
2021-12-21,Calaveras,009,45235,4621,4575,65,4640,91
2021-12-21,Colusa,011,21464,2660,2643,697,3340,21
2021-12-21,Contra Costa,013,1133247,106091,104255,2540,106795,1068
2021-12-21,Del Norte,015,27424,3830,3793,57,3850,43
2021-12-21,El Dorado,017,186661,17438,17098,1866,18964,172
2021-12-21,Fresno,019,978130,149444,147707,13553,161260,2341
2021-12-21,Glenn,021,27897,3642,3602,1057,4659,39
2021-12-21,Humboldt,023,135768,10145,9989,752,10741,118
2021-12-21,Imperial,025,180216,37212,36580,4162,40742,792
2021-12-21,Inyo,027,18085,2657,2627,44,2671,47
2021-12-21,Kern,029,883053,135643,134321,24963,159284,1892
2021-12-21,Kings,031,150075,34302,33914,2104,36018,376
2021-12-21,Lake,033,64148,7056,7004,173,7177,116
2021-12-21,Lassen,035,31185,7108,7069,435,7504,55
2021-12-21,Los Angeles,037,10098052,1536083,1501169,60427,1561596,27220
2021-12-21,Madera,039,155013,24901,24688,2413,27101,320
2021-12-21,Marin,041,260295,19439,18828,637,19465,249
2021-12-21,Mariposa,043,17540,1508,1480,63,1543,6
2021-12-21,Mendocino,045,87422,8402,8282,709,8991,97
2021-12-21,Merced,047,269075,44298,44096,2245,46341,688
2021-12-21,Modoc,049,8938,604,595,207,802,6
2021-12-21,Mono,051,14174,2023,1979,24,2003,4
2021-12-21,Monterey,053,433212,51163,49586,3529,53115,638
2021-12-21,Napa,055,140530,13943,13703,160,13863,107
2021-12-21,Nevada,057,99092,10258,10095,360,10455,110
2021-12-21,Orange,059,3164182,326166,320705,17663,338368,5855
2021-12-21,Placer,061,380077,40272,39649,4066,43715,487
2021-12-21,Plumas,063,18699,2031,1975,52,2027,12
2021-12-21,Riverside,065,2383286,389635,382415,17312,399727,5465
2021-12-21,Sacramento,067,1510023,170463,168422,5356,173778,2419
2021-12-21,San Benito,069,59416,8024,7950,189,8139,79
2021-12-21,San Bernardino,071,2135413,380261,374219,12280,386499,6026
2021-12-21,San Diego,073,3302833,409169,402386,23977,426363,4424
2021-12-21,San Francisco,075,870044,60317,56950,2768,59718,681
2021-12-21,San Joaquin,077,732212,105403,104238,5823,110061,1870
2021-12-21,San Luis Obispo,079,281455,31680,31103,1429,32532,365
2021-12-21,San Mateo,081,765935,59037,56381,1101,57482,581
2021-12-21,Santa Barbara,083,443738,47922,47194,1697,48891,564
2021-12-21,Santa Clara,085,1922200,159162,155769,1915,157684,1951
2021-12-21,Santa Cruz,087,273765,22457,22028,1086,23114,228
2021-12-21,Shasta,089,179085,23063,22920,3775,26695,429
2021-12-21,Sierra,091,2930,206,201,21,222,0
2021-12-21,Siskiyou,093,43540,3514,3455,1395,4850,59
2021-12-21,Solano,095,438530,48382,47474,1431,48905,372
2021-12-21,Sonoma,097,501317,44877,44051,629,44680,408
2021-12-21,Stanislaus,099,539301,83033,83167,9582,92749,1331
2021-12-21,Sutter,101,95872,14564,14492,418,14910,190
2021-12-21,Tehama,103,63373,8945,8849,1570,10419,136
2021-12-21,Trinity,105,12862,913,826,228,1054,17
2021-12-21,Tulare,107,460477,72336,71166,16875,88041,1137
2021-12-21,Tuolumne,109,53932,7952,7893,118,8011,91
2021-12-21,Ventura,111,848112,104706,102631,4759,107390,1205
2021-12-21,Yolo,113,214977,21369,20944,1377,22321,267
2021-12-21,Yuba,115,75493,10771,10668,418,11086,98
2021-12-20,Alameda,001,1643700,128233,125762,3186,128948,1515
2021-12-20,Alpine,003,1148,110,112,0,112,0
2021-12-20,Amador,005,37829,5879,5838,78,5916,70
2021-12-20,Butte,007,227075,22306,22030,4005,26035,329
2021-12-20,Calaveras,009,45235,4611,4569,65,4634,91
2021-12-20,Colusa,011,21464,2659,2644,697,3341,21
2021-12-20,Contra Costa,013,1133247,105556,104051,2493,106544,1068
2021-12-20,Del Norte,015,27424,3828,3792,57,3849,43
2021-12-20,El Dorado,017,186661,17377,17083,1857,18940,172
2021-12-20,Fresno,019,978130,149201,147605,13524,161129,2341
2021-12-20,Glenn,021,27897,3636,3597,1057,4654,39
2021-12-20,Humboldt,023,135768,10103,9973,748,10721,118
2021-12-20,Imperial,025,180216,37096,36532,4132,40664,792
2021-12-20,Inyo,027,18085,2654,2615,44,2659,47
2021-12-20,Kern,029,883053,135444,134203,24903,159106,1883
2021-12-20,Kings,031,150075,34260,33898,2103,36001,376
2021-12-20,Lake,033,64148,7051,6999,173,7172,116
2021-12-20,Lassen,035,31185,7106,7065,434,7499,55
2021-12-20,Los Angeles,037,10098052,1524617,1495251,59694,1554945,27188
2021-12-20,Madera,039,155013,24872,24668,2409,27077,313
2021-12-20,Marin,041,260295,19225,18747,619,19366,249
2021-12-20,Mariposa,043,17540,1499,1479,63,1542,6
2021-12-20,Mendocino,045,87422,8390,8264,707,8971,96
2021-12-20,Merced,047,269075,44241,44071,2240,46311,687
2021-12-20,Modoc,049,8938,604,595,204,799,6
2021-12-20,Mono,051,14174,2000,1973,24,1997,4
2021-12-20,Monterey,053,433212,51066,49556,3509,53065,636
2021-12-20,Napa,055,140530,13858,13672,150,13822,107
2021-12-20,Nevada,057,99092,10218,10079,359,10438,109
2021-12-20,Orange,059,3164182,324559,320235,17343,337578,5852
2021-12-20,Placer,061,380077,40143,39579,4036,43615,485
2021-12-20,Plumas,063,18699,2028,1971,50,2021,12
2021-12-20,Riverside,065,2383286,388186,381841,17222,399063,5452
2021-12-20,Sacramento,067,1510023,169893,168153,5313,173466,2414
2021-12-20,San Benito,069,59416,7980,7934,187,8121,79
2021-12-20,San Bernardino,071,2135413,378766,373881,12195,386076,6023
2021-12-20,San Diego,073,3302833,405958,401483,23736,425219,4412
2021-12-20,San Francisco,075,870044,59262,56661,2708,59369,681
2021-12-20,San Joaquin,077,732212,105160,104188,5814,110002,1865
2021-12-20,San Luis Obispo,079,281455,31567,31075,1421,32496,365
2021-12-20,San Mateo,081,765935,58489,56247,1082,57329,581
2021-12-20,Santa Barbara,083,443738,47712,47131,1692,48823,562
2021-12-20,Santa Clara,085,1922200,158201,155427,1866,157293,1950
2021-12-20,Santa Cruz,087,273765,22376,21989,1081,23070,227
2021-12-20,Shasta,089,179085,23042,22888,3770,26658,429
2021-12-20,Sierra,091,2930,205,201,21,222,0
2021-12-20,Siskiyou,093,43540,3513,3453,1393,4846,59
2021-12-20,Solano,095,438530,48254,47394,1423,48817,370
2021-12-20,Sonoma,097,501317,44685,43982,621,44603,408
2021-12-20,Stanislaus,099,539301,82909,83110,9555,92665,1331
2021-12-20,Sutter,101,95872,14541,14480,418,14898,190
2021-12-20,Tehama,103,63373,8937,8840,1567,10407,136
2021-12-20,Trinity,105,12862,913,826,228,1054,17
2021-12-20,Tulare,107,460477,72242,71124,16815,87939,1129
2021-12-20,Tuolumne,109,53932,7938,7867,114,7981,91
2021-12-20,Ventura,111,848112,104198,102452,4681,107133,1203
2021-12-20,Yolo,113,214977,21276,20903,1365,22268,267
2021-12-20,Yuba,115,75493,10755,10656,415,11071,97
2021-12-19,Alameda,001,1643700,127348,125464,3143,128607,1519
2021-12-19,Alpine,003,1148,110,112,0,112,0
2021-12-19,Amador,005,37829,5867,5832,77,5909,70
2021-12-19,Butte,007,227075,22252,22022,3999,26021,329
2021-12-19,Calaveras,009,45235,4595,4563,64,4627,91
2021-12-19,Colusa,011,21464,2659,2643,694,3337,21
2021-12-19,Contra Costa,013,1133247,105065,103906,2458,106364,1068
2021-12-19,Del Norte,015,27424,3824,3797,57,3854,43
2021-12-19,El Dorado,017,186661,17321,17067,1855,18922,172
2021-12-19,Fresno,019,978130,148960,147505,13498,161003,2341
2021-12-19,Glenn,021,27897,3632,3596,1056,4652,39
2021-12-19,Humboldt,023,135768,10061,9957,743,10700,118
2021-12-19,Imperial,025,180216,36967,36501,4088,40589,792
2021-12-19,Inyo,027,18085,2645,2613,44,2657,47
2021-12-19,Kern,029,883053,135245,134136,24832,158968,1883
2021-12-19,Kings,031,150075,34202,33874,2099,35973,378
2021-12-19,Lake,033,64148,7042,6999,170,7169,116
2021-12-19,Lassen,035,31185,7102,7065,434,7499,55
2021-12-19,Los Angeles,037,10098052,1515638,1495082,59083,1554165,27189
2021-12-19,Madera,039,155013,24848,24642,2403,27045,313
2021-12-19,Marin,041,260295,19049,18707,596,19303,249
2021-12-19,Mariposa,043,17540,1493,1475,63,1538,6
2021-12-19,Mendocino,045,87422,8373,8257,704,8961,96
2021-12-19,Merced,047,269075,44146,44045,2233,46278,687
2021-12-19,Modoc,049,8938,603,595,204,799,6
2021-12-19,Mono,051,14174,1989,1968,23,1991,4
2021-12-19,Monterey,053,433212,50964,49516,3487,53003,636
2021-12-19,Napa,055,140530,13785,13659,141,13800,107
2021-12-19,Nevada,057,99092,10182,10057,356,10413,109
2021-12-19,Orange,059,3164182,323154,319615,17115,336730,5852
2021-12-19,Placer,061,380077,40021,39525,4019,43544,485
2021-12-19,Plumas,063,18699,2025,1971,50,2021,12
2021-12-19,Riverside,065,2383286,386742,381305,17146,398451,5452
2021-12-19,Sacramento,067,1510023,169398,167933,5284,173217,2415
2021-12-19,San Benito,069,59416,7954,7929,186,8115,79
2021-12-19,San Bernardino,071,2135413,377467,373480,12154,385634,6023
2021-12-19,San Diego,073,3302833,403481,398197,23540,421737,4406
2021-12-19,San Francisco,075,870044,58389,56358,2652,59010,681
2021-12-19,San Joaquin,077,732212,104903,104125,5800,109925,1865
2021-12-19,San Luis Obispo,079,281455,31444,31035,1409,32444,366
2021-12-19,San Mateo,081,765935,58024,56132,1067,57199,581
2021-12-19,Santa Barbara,083,443738,47489,47070,1685,48755,562
2021-12-19,Santa Clara,085,1922200,157315,155049,1838,156887,1950
2021-12-19,Santa Cruz,087,273765,22277,21960,1076,23036,227
2021-12-19,Shasta,089,179085,23005,22875,3766,26641,429
2021-12-19,Sierra,091,2930,204,201,21,222,0
2021-12-19,Siskiyou,093,43540,3510,3452,1393,4845,59
2021-12-19,Solano,095,438530,48132,47341,1417,48758,370
2021-12-19,Sonoma,097,501317,44501,43944,619,44563,408
2021-12-19,Stanislaus,099,539301,82771,83040,9524,92564,1331
2021-12-19,Sutter,101,95872,14501,14475,417,14892,190
2021-12-19,Tehama,103,63373,8929,8840,1567,10407,136
2021-12-19,Trinity,105,12862,913,826,228,1054,17
2021-12-19,Tulare,107,460477,72149,71085,16773,87858,1129
2021-12-19,Tuolumne,109,53932,7921,7865,113,7978,91
2021-12-19,Ventura,111,848112,103618,102170,4616,106786,1203
2021-12-19,Yolo,113,214977,21195,20887,1345,22232,267
2021-12-19,Yuba,115,75493,10738,10646,413,11059,97
2021-12-18,Alameda,001,1643700,126943,124583,3118,127701,1512
2021-12-18,Alpine,003,1148,110,110,0,110,0
2021-12-18,Amador,005,37829,5861,5821,77,5898,69
2021-12-18,Butte,007,227075,22236,21956,3994,25950,328
2021-12-18,Calaveras,009,45235,4588,4534,64,4598,91
2021-12-18,Colusa,011,21464,2655,2635,692,3327,21
2021-12-18,Contra Costa,013,1133247,104851,103380,2444,105824,1065
2021-12-18,Del Norte,015,27424,3821,3791,57,3848,43
2021-12-18,El Dorado,017,186661,17293,16968,1852,18820,171
2021-12-18,Fresno,019,978130,148857,147038,13484,160522,2335
2021-12-18,Glenn,021,27897,3629,3590,1056,4646,39
2021-12-18,Humboldt,023,135768,10045,9889,743,10632,118
2021-12-18,Imperial,025,180216,36894,36280,4076,40356,790
2021-12-18,Inyo,027,18085,2639,2607,44,2651,47
2021-12-18,Kern,029,883053,135155,133754,24785,158539,1873
2021-12-18,Kings,031,150075,34169,33783,2095,35878,374
2021-12-18,Lake,033,64148,7041,6976,170,7146,115
2021-12-18,Lassen,035,31185,7100,7061,433,7494,55
2021-12-18,Los Angeles,037,10098052,1511554,1484840,58768,1543608,27135
2021-12-18,Madera,039,155013,24833,24575,2401,26976,313
2021-12-18,Marin,041,260295,18948,18537,584,19121,249
2021-12-18,Mariposa,043,17540,1492,1468,63,1531,6
2021-12-18,Mendocino,045,87422,8367,8219,704,8923,95
2021-12-18,Merced,047,269075,44112,43929,2232,46161,686
2021-12-18,Modoc,049,8938,601,595,204,799,6
2021-12-18,Mono,051,14174,1987,1956,23,1979,4
2021-12-18,Monterey,053,433212,50906,49343,3482,52825,635
2021-12-18,Napa,055,140530,13759,13581,139,13720,107
2021-12-18,Nevada,057,99092,10160,9991,354,10345,108
2021-12-18,Orange,059,3164182,322490,318149,16975,335124,5844
2021-12-18,Placer,061,380077,39920,39336,4005,43341,485
2021-12-18,Plumas,063,18699,2025,1964,50,2014,13
2021-12-18,Riverside,065,2383286,386044,379354,17104,396458,5439
2021-12-18,Sacramento,067,1510023,169161,167046,5264,172310,2404
2021-12-18,San Benito,069,59416,7939,7894,186,8080,79
2021-12-18,San Bernardino,071,2135413,376808,371658,12126,383784,6017
2021-12-18,San Diego,073,3302833,402516,397130,23488,420618,4399
2021-12-18,San Francisco,075,870044,57895,55562,2622,58184,679
2021-12-18,San Joaquin,077,732212,104816,103698,5790,109488,1858
2021-12-18,San Luis Obispo,079,281455,31401,30873,1403,32276,365
2021-12-18,San Mateo,081,765935,57784,55730,1062,56792,580
2021-12-18,Santa Barbara,083,443738,47393,46776,1683,48459,562
2021-12-18,Santa Clara,085,1922200,156859,154243,1825,156068,1946
2021-12-18,Santa Cruz,087,273765,22225,21805,1074,22879,225
2021-12-18,Shasta,089,179085,22984,22811,3766,26577,429
2021-12-18,Sierra,091,2930,204,199,21,220,0
2021-12-18,Siskiyou,093,43540,3508,3441,1392,4833,58
2021-12-18,Solano,095,438530,48086,47174,1415,48589,369
2021-12-18,Sonoma,097,501317,44391,43658,615,44273,407
2021-12-18,Stanislaus,099,539301,82689,82736,9513,92249,1330
2021-12-18,Sutter,101,95872,14483,14435,417,14852,190
2021-12-18,Tehama,103,63373,8923,8814,1566,10380,136
2021-12-18,Trinity,105,12862,913,823,228,1051,17
2021-12-18,Tulare,107,460477,72111,70922,16748,87670,1120
2021-12-18,Tuolumne,109,53932,7907,7834,113,7947,91
2021-12-18,Ventura,111,848112,103333,101612,4592,106204,1201
2021-12-18,Yolo,113,214977,21155,20793,1339,22132,267
2021-12-18,Yuba,115,75493,10727,10599,413,11012,96
2021-12-17,Alameda,001,1643700,126610,124583,3099,127682,1512
2021-12-17,Alpine,003,1148,110,110,0,110,0
2021-12-17,Amador,005,37829,5854,5821,77,5898,69
2021-12-17,Butte,007,227075,22216,21956,3988,25944,328
2021-12-17,Calaveras,009,45235,4584,4534,64,4598,91
2021-12-17,Colusa,011,21464,2654,2635,691,3326,21
2021-12-17,Contra Costa,013,1133247,104649,103380,2440,105820,1065
2021-12-17,Del Norte,015,27424,3820,3791,57,3848,43
2021-12-17,El Dorado,017,186661,17264,16968,1849,18817,171
2021-12-17,Fresno,019,978130,148754,147038,13484,160522,2335
2021-12-17,Glenn,021,27897,3622,3590,1056,4646,39
2021-12-17,Humboldt,023,135768,10025,9889,741,10630,118
2021-12-17,Imperial,025,180216,36831,36280,4058,40338,790
2021-12-17,Inyo,027,18085,2634,2607,44,2651,47
2021-12-17,Kern,029,883053,135064,133754,24743,158497,1873
2021-12-17,Kings,031,150075,34150,33783,2095,35878,374
2021-12-17,Lake,033,64148,7037,6976,170,7146,115
2021-12-17,Lassen,035,31185,7100,7061,432,7493,55
2021-12-17,Los Angeles,037,10098052,1507613,1484840,58525,1543365,27135
2021-12-17,Madera,039,155013,24817,24575,2396,26971,313
2021-12-17,Marin,041,260295,18872,18537,580,19117,249
2021-12-17,Mariposa,043,17540,1488,1468,63,1531,6
2021-12-17,Mendocino,045,87422,8356,8219,704,8923,95
2021-12-17,Merced,047,269075,44085,43929,2231,46160,686
2021-12-17,Modoc,049,8938,601,595,204,799,6
2021-12-17,Mono,051,14174,1984,1956,23,1979,4
2021-12-17,Monterey,053,433212,50848,49343,3477,52820,635
2021-12-17,Napa,055,140530,13732,13581,138,13719,107
2021-12-17,Nevada,057,99092,10149,9991,354,10345,108
2021-12-17,Orange,059,3164182,321926,318149,16907,335056,5844
2021-12-17,Placer,061,380077,39865,39336,3999,43335,485
2021-12-17,Plumas,063,18699,2024,1964,50,2014,13
2021-12-17,Riverside,065,2383286,385392,379354,17093,396447,5439
2021-12-17,Sacramento,067,1510023,168929,167046,5251,172297,2404
2021-12-17,San Benito,069,59416,7937,7894,186,8080,79
2021-12-17,San Bernardino,071,2135413,376260,371658,12109,383767,6017
2021-12-17,San Diego,073,3302833,401588,397130,23440,420570,4399
2021-12-17,San Francisco,075,870044,57569,55562,2592,58154,679
2021-12-17,San Joaquin,077,732212,104742,103698,5772,109470,1858
2021-12-17,San Luis Obispo,079,281455,31373,30873,1399,32272,365
2021-12-17,San Mateo,081,765935,57595,55730,1055,56785,580
2021-12-17,Santa Barbara,083,443738,47316,46776,1677,48453,562
2021-12-17,Santa Clara,085,1922200,156487,154243,1810,156053,1946
2021-12-17,Santa Cruz,087,273765,22178,21805,1071,22876,225
2021-12-17,Shasta,089,179085,22972,22811,3764,26575,429
2021-12-17,Sierra,091,2930,203,199,21,220,0
2021-12-17,Siskiyou,093,43540,3504,3441,1390,4831,58
2021-12-17,Solano,095,438530,48018,47174,1411,48585,369
2021-12-17,Sonoma,097,501317,44294,43658,612,44270,407
2021-12-17,Stanislaus,099,539301,82638,82736,9507,92243,1330
2021-12-17,Sutter,101,95872,14471,14435,415,14850,190
2021-12-17,Tehama,103,63373,8916,8814,1565,10379,136
2021-12-17,Trinity,105,12862,913,823,228,1051,17
2021-12-17,Tulare,107,460477,72069,70922,16718,87640,1120
2021-12-17,Tuolumne,109,53932,7895,7834,113,7947,91
2021-12-17,Ventura,111,848112,103083,101612,4580,106192,1201
2021-12-17,Yolo,113,214977,21122,20793,1333,22126,267
2021-12-17,Yuba,115,75493,10716,10599,410,11009,96
2021-12-16,Alameda,001,1643700,126237,124583,3084,127667,1512
2021-12-16,Alpine,003,1148,108,110,0,110,0
2021-12-16,Amador,005,37829,5846,5821,77,5898,69
2021-12-16,Butte,007,227075,22196,21956,3985,25941,328
2021-12-16,Calaveras,009,45235,4577,4534,64,4598,91
2021-12-16,Colusa,011,21464,2654,2635,691,3326,21
2021-12-16,Contra Costa,013,1133247,104426,103380,2427,105807,1065
2021-12-16,Del Norte,015,27424,3817,3791,57,3848,43
2021-12-16,El Dorado,017,186661,17229,16968,1844,18812,171
2021-12-16,Fresno,019,978130,148594,147038,13477,160515,2335
2021-12-16,Glenn,021,27897,3621,3590,1053,4643,39
2021-12-16,Humboldt,023,135768,10001,9889,731,10620,118
2021-12-16,Imperial,025,180216,36747,36280,4028,40308,790
2021-12-16,Inyo,027,18085,2630,2607,43,2650,47
2021-12-16,Kern,029,883053,134920,133754,24692,158446,1873
2021-12-16,Kings,031,150075,34126,33783,2094,35877,374
2021-12-16,Lake,033,64148,7033,6976,170,7146,115
2021-12-16,Lassen,035,31185,7097,7061,431,7492,55
2021-12-16,Los Angeles,037,10098052,1503399,1484840,58254,1543094,27135
2021-12-16,Madera,039,155013,24788,24575,2392,26967,313
2021-12-16,Marin,041,260295,18826,18537,573,19110,249
2021-12-16,Mariposa,043,17540,1486,1468,63,1531,6
2021-12-16,Mendocino,045,87422,8345,8219,699,8918,95
2021-12-16,Merced,047,269075,44046,43929,2230,46159,686
2021-12-16,Modoc,049,8938,601,595,204,799,6
2021-12-16,Mono,051,14174,1981,1956,23,1979,4
2021-12-16,Monterey,053,433212,50777,49343,3460,52803,635
2021-12-16,Napa,055,140530,13700,13581,138,13719,107
2021-12-16,Nevada,057,99092,10123,9991,354,10345,108
2021-12-16,Orange,059,3164182,321318,318149,16828,334977,5844
2021-12-16,Placer,061,380077,39788,39336,3994,43330,485
2021-12-16,Plumas,063,18699,2024,1964,50,2014,13
2021-12-16,Riverside,065,2383286,384586,379354,17079,396433,5439
2021-12-16,Sacramento,067,1510023,168643,167046,5226,172272,2404
2021-12-16,San Benito,069,59416,7930,7894,186,8080,79
2021-12-16,San Bernardino,071,2135413,375608,371658,12090,383748,6017
2021-12-16,San Diego,073,3302833,400421,397130,23374,420504,4399
2021-12-16,San Francisco,075,870044,57194,55562,2570,58132,679
2021-12-16,San Joaquin,077,732212,104618,103698,5765,109463,1858
2021-12-16,San Luis Obispo,079,281455,31303,30873,1393,32266,365
2021-12-16,San Mateo,081,765935,57395,55730,1052,56782,580
2021-12-16,Santa Barbara,083,443738,47195,46776,1673,48449,562
2021-12-16,Santa Clara,085,1922200,156157,154243,1800,156043,1946
2021-12-16,Santa Cruz,087,273765,22132,21805,1070,22875,225
2021-12-16,Shasta,089,179085,22942,22811,3762,26573,429
2021-12-16,Sierra,091,2930,203,199,21,220,0
2021-12-16,Siskiyou,093,43540,3503,3441,1386,4827,58
2021-12-16,Solano,095,438530,47950,47174,1404,48578,369
2021-12-16,Sonoma,097,501317,44195,43658,610,44268,407
2021-12-16,Stanislaus,099,539301,82551,82736,9493,92229,1330
2021-12-16,Sutter,101,95872,14457,14435,414,14849,190
2021-12-16,Tehama,103,63373,8909,8814,1564,10378,136
2021-12-16,Trinity,105,12862,913,823,228,1051,17
2021-12-16,Tulare,107,460477,72021,70922,16693,87615,1120
2021-12-16,Tuolumne,109,53932,7876,7834,113,7947,91
2021-12-16,Ventura,111,848112,102815,101612,4573,106185,1201
2021-12-16,Yolo,113,214977,21071,20793,1328,22121,267
2021-12-16,Yuba,115,75493,10700,10599,409,11008,96
2021-12-15,Alameda,001,1643700,125909,124342,3072,127414,1509
2021-12-15,Alpine,003,1148,108,109,0,109,0
2021-12-15,Amador,005,37829,5840,5810,77,5887,69
2021-12-15,Butte,007,227075,22174,21922,3984,25906,327
2021-12-15,Calaveras,009,45235,4571,4523,64,4587,89
2021-12-15,Colusa,011,21464,2653,2632,690,3322,21
2021-12-15,Contra Costa,013,1133247,104207,103236,2424,105660,1064
2021-12-15,Del Norte,015,27424,3816,3789,56,3845,43
2021-12-15,El Dorado,017,186661,17197,16936,1838,18774,171
2021-12-15,Fresno,019,978130,148466,146859,13462,160321,2319
2021-12-15,Glenn,021,27897,3621,3589,1053,4642,39
2021-12-15,Humboldt,023,135768,9981,9854,730,10584,118
2021-12-15,Imperial,025,180216,36668,36187,3984,40171,789
2021-12-15,Inyo,027,18085,2625,2606,43,2649,47
2021-12-15,Kern,029,883053,134781,133590,24645,158235,1866
2021-12-15,Kings,031,150075,34097,33716,2090,35806,374
2021-12-15,Lake,033,64148,7025,6968,169,7137,115
2021-12-15,Lassen,035,31185,7097,7062,431,7493,55
2021-12-15,Los Angeles,037,10098052,1499509,1482735,58057,1540792,27116
2021-12-15,Madera,039,155013,24770,24549,2386,26935,313
2021-12-15,Marin,041,260295,18767,18514,568,19082,249
2021-12-15,Mariposa,043,17540,1483,1463,63,1526,6
2021-12-15,Mendocino,045,87422,8340,8209,696,8905,95
2021-12-15,Merced,047,269075,44004,43890,2218,46108,685
2021-12-15,Modoc,049,8938,601,595,204,799,6
2021-12-15,Mono,051,14174,1977,1955,23,1978,4
2021-12-15,Monterey,053,433212,50722,49279,3442,52721,635
2021-12-15,Napa,055,140530,13671,13557,136,13693,107
2021-12-15,Nevada,057,99092,10102,9958,354,10312,107
2021-12-15,Orange,059,3164182,320737,317808,16786,334594,5838
2021-12-15,Placer,061,380077,39732,39264,3984,43248,485
2021-12-15,Plumas,063,18699,2020,1957,50,2007,12
2021-12-15,Riverside,065,2383286,383866,378769,17067,395836,5438
2021-12-15,Sacramento,067,1510023,168333,166793,5205,171998,2401
2021-12-15,San Benito,069,59416,7915,7877,186,8063,79
2021-12-15,San Bernardino,071,2135413,375058,371122,12058,383180,6013
2021-12-15,San Diego,073,3302833,399227,396546,23304,419850,4395
2021-12-15,San Francisco,075,870044,56876,55414,2552,57966,679
2021-12-15,San Joaquin,077,732212,104461,103579,5755,109334,1853
2021-12-15,San Luis Obispo,079,281455,31254,30784,1386,32170,365
2021-12-15,San Mateo,081,765935,57253,55657,1042,56699,580
2021-12-15,Santa Barbara,083,443738,47114,46681,1671,48352,562
2021-12-15,Santa Clara,085,1922200,155846,153928,1779,155707,1944
2021-12-15,Santa Cruz,087,273765,22092,21753,1063,22816,225
2021-12-15,Shasta,089,179085,22927,22778,3758,26536,427
2021-12-15,Sierra,091,2930,203,199,21,220,0
2021-12-15,Siskiyou,093,43540,3502,3434,1385,4819,58
2021-12-15,Solano,095,438530,47879,47098,1397,48495,367
2021-12-15,Sonoma,097,501317,44113,43580,605,44185,407
2021-12-15,Stanislaus,099,539301,82445,82628,9485,92113,1298
2021-12-15,Sutter,101,95872,14437,14428,413,14841,189
2021-12-15,Tehama,103,63373,8902,8806,1563,10369,136
2021-12-15,Trinity,105,12862,912,822,228,1050,17
2021-12-15,Tulare,107,460477,71970,70846,16664,87510,1120
2021-12-15,Tuolumne,109,53932,7867,7818,112,7930,91
2021-12-15,Ventura,111,848112,102600,101447,4567,106014,1199
2021-12-15,Yolo,113,214977,21043,20749,1323,22072,267
2021-12-15,Yuba,115,75493,10689,10587,408,10995,96
2021-12-14,Alameda,001,1643700,125581,124272,3060,127332,1506
2021-12-14,Alpine,003,1148,107,109,0,109,0
2021-12-14,Amador,005,37829,5834,5808,76,5884,69
2021-12-14,Butte,007,227075,22141,21901,3982,25883,326
2021-12-14,Calaveras,009,45235,4559,4517,64,4581,89
2021-12-14,Colusa,011,21464,2651,2628,690,3318,21
2021-12-14,Contra Costa,013,1133247,104023,103135,2420,105555,1064
2021-12-14,Del Norte,015,27424,3813,3788,56,3844,43
2021-12-14,El Dorado,017,186661,17163,16915,1836,18751,170
2021-12-14,Fresno,019,978130,148296,146756,13454,160210,2316
2021-12-14,Glenn,021,27897,3620,3589,1053,4642,39
2021-12-14,Humboldt,023,135768,9969,9836,722,10558,118
2021-12-14,Imperial,025,180216,36595,36049,3941,39990,789
2021-12-14,Inyo,027,18085,2624,2601,43,2644,46
2021-12-14,Kern,029,883053,134643,133498,24596,158094,1863
2021-12-14,Kings,031,150075,34060,33693,2087,35780,373
2021-12-14,Lake,033,64148,7016,6961,169,7130,115
2021-12-14,Lassen,035,31185,7096,7061,431,7492,55
2021-12-14,Los Angeles,037,10098052,1495852,1481131,57875,1539006,27099
2021-12-14,Madera,039,155013,24743,24535,2378,26913,313
2021-12-14,Marin,041,260295,18719,18491,566,19057,249
2021-12-14,Mariposa,043,17540,1480,1463,62,1525,6
2021-12-14,Mendocino,045,87422,8312,8206,694,8900,95
2021-12-14,Merced,047,269075,43958,43870,2216,46086,684
2021-12-14,Modoc,049,8938,600,595,204,799,6
2021-12-14,Mono,051,14174,1970,1955,23,1978,4
2021-12-14,Monterey,053,433212,50638,49237,3431,52668,635
2021-12-14,Napa,055,140530,13642,13528,136,13664,107
2021-12-14,Nevada,057,99092,10076,9956,353,10309,106
2021-12-14,Orange,059,3164182,320183,317465,16732,334197,5827
2021-12-14,Placer,061,380077,39657,39221,3979,43200,482
2021-12-14,Plumas,063,18699,2016,1950,48,1998,12
2021-12-14,Riverside,065,2383286,383174,378227,17050,395277,5427
2021-12-14,Sacramento,067,1510023,168022,166605,5182,171787,2394
2021-12-14,San Benito,069,59416,7896,7871,186,8057,79
2021-12-14,San Bernardino,071,2135413,374434,370604,12028,382632,6013
2021-12-14,San Diego,073,3302833,398088,395876,23253,419129,4393
2021-12-14,San Francisco,075,870044,56563,55278,2540,57818,679
2021-12-14,San Joaquin,077,732212,104315,103488,5737,109225,1848
2021-12-14,San Luis Obispo,079,281455,31194,30753,1382,32135,363
2021-12-14,San Mateo,081,765935,57089,55601,1035,56636,580
2021-12-14,Santa Barbara,083,443738,47011,46648,1666,48314,560
2021-12-14,Santa Clara,085,1922200,155523,153814,1766,155580,1945
2021-12-14,Santa Cruz,087,273765,22027,21737,1058,22795,225
2021-12-14,Shasta,089,179085,22900,22756,3757,26513,427
2021-12-14,Sierra,091,2930,201,199,21,220,0
2021-12-14,Siskiyou,093,43540,3497,3430,1384,4814,58
2021-12-14,Solano,095,438530,47832,47065,1391,48456,367
2021-12-14,Sonoma,097,501317,44030,43538,603,44141,407
2021-12-14,Stanislaus,099,539301,82359,82581,9471,92052,1293
2021-12-14,Sutter,101,95872,14425,14421,412,14833,189
2021-12-14,Tehama,103,63373,8898,8805,1563,10368,134
2021-12-14,Trinity,105,12862,912,821,228,1049,17
2021-12-14,Tulare,107,460477,71898,70803,16633,87436,1120
2021-12-14,Tuolumne,109,53932,7854,7815,112,7927,91
2021-12-14,Ventura,111,848112,102375,101343,4560,105903,1199
2021-12-14,Yolo,113,214977,21009,20734,1309,22043,267
2021-12-14,Yuba,115,75493,10672,10574,408,10982,92
2021-12-13,Alameda,001,1643700,125297,124174,3043,127217,1501
2021-12-13,Alpine,003,1148,107,109,0,109,0
2021-12-13,Amador,005,37829,5830,5797,76,5873,69
2021-12-13,Butte,007,227075,22117,21889,3978,25867,326
2021-12-13,Calaveras,009,45235,4552,4507,63,4570,89
2021-12-13,Colusa,011,21464,2649,2627,690,3317,21
2021-12-13,Contra Costa,013,1133247,103873,103041,2409,105450,1064
2021-12-13,Del Norte,015,27424,3809,3787,56,3843,42
2021-12-13,El Dorado,017,186661,17140,16896,1834,18730,170
2021-12-13,Fresno,019,978130,148145,146641,13444,160085,2312
2021-12-13,Glenn,021,27897,3615,3589,1051,4640,37
2021-12-13,Humboldt,023,135768,9940,9821,718,10539,118
2021-12-13,Imperial,025,180216,36511,35974,3920,39894,787
2021-12-13,Inyo,027,18085,2623,2592,43,2635,46
2021-12-13,Kern,029,883053,134517,133381,24543,157924,1863
2021-12-13,Kings,031,150075,34017,33680,2082,35762,372
2021-12-13,Lake,033,64148,7014,6958,167,7125,115
2021-12-13,Lassen,035,31185,7095,7057,431,7488,55
2021-12-13,Los Angeles,037,10098052,1493072,1480195,57709,1537904,27085
2021-12-13,Madera,039,155013,24714,24527,2373,26900,311
2021-12-13,Marin,041,260295,18659,18471,563,19034,249
2021-12-13,Mariposa,043,17540,1478,1462,62,1524,6
2021-12-13,Mendocino,045,87422,8299,8196,692,8888,95
2021-12-13,Merced,047,269075,43919,43848,2212,46060,682
2021-12-13,Modoc,049,8938,599,595,204,799,6
2021-12-13,Mono,051,14174,1963,1952,23,1975,4
2021-12-13,Monterey,053,433212,50586,49222,3411,52633,631
2021-12-13,Napa,055,140530,13629,13518,136,13654,107
2021-12-13,Nevada,057,99092,10057,9946,352,10298,106
2021-12-13,Orange,059,3164182,319713,317112,16678,333790,5824
2021-12-13,Placer,061,380077,39596,39168,3968,43136,481
2021-12-13,Plumas,063,18699,2012,1943,48,1991,12
2021-12-13,Riverside,065,2383286,382591,377728,17035,394763,5414
2021-12-13,Sacramento,067,1510023,167744,166439,5150,171589,2392
2021-12-13,San Benito,069,59416,7887,7856,186,8042,79
2021-12-13,San Bernardino,071,2135413,373856,370274,12019,382293,6011
2021-12-13,San Diego,073,3302833,397282,395266,23200,418466,4389
2021-12-13,San Francisco,075,870044,56292,55245,2527,57772,678
2021-12-13,San Joaquin,077,732212,104199,103449,5728,109177,1846
2021-12-13,San Luis Obispo,079,281455,31144,30746,1378,32124,363
2021-12-13,San Mateo,081,765935,56930,55569,1026,56595,580
2021-12-13,Santa Barbara,083,443738,46923,46608,1661,48269,560
2021-12-13,Santa Clara,085,1922200,155258,153672,1755,155427,1944
2021-12-13,Santa Cruz,087,273765,21972,21698,1055,22753,225
2021-12-13,Shasta,089,179085,22879,22731,3755,26486,426
2021-12-13,Sierra,091,2930,201,199,21,220,0
2021-12-13,Siskiyou,093,43540,3493,3426,1381,4807,57
2021-12-13,Solano,095,438530,47758,47045,1386,48431,365
2021-12-13,Sonoma,097,501317,43934,43492,601,44093,407
2021-12-13,Stanislaus,099,539301,82243,82507,9448,91955,1282
2021-12-13,Sutter,101,95872,14418,14408,412,14820,188
2021-12-13,Tehama,103,63373,8885,8800,1563,10363,134
2021-12-13,Trinity,105,12862,912,820,228,1048,17
2021-12-13,Tulare,107,460477,71840,70758,16609,87367,1114
2021-12-13,Tuolumne,109,53932,7843,7804,112,7916,91
2021-12-13,Ventura,111,848112,102150,101180,4549,105729,1197
2021-12-13,Yolo,113,214977,20960,20706,1304,22010,267
2021-12-13,Yuba,115,75493,10655,10570,408,10978,92
2021-12-12,Alameda,001,1643700,125011,124075,3030,127105,1503
2021-12-12,Alpine,003,1148,107,109,0,109,0
2021-12-12,Amador,005,37829,5822,5797,75,5872,69
2021-12-12,Butte,007,227075,22093,21874,3975,25849,326
2021-12-12,Calaveras,009,45235,4541,4501,63,4564,89
2021-12-12,Colusa,011,21464,2644,2627,687,3314,21
2021-12-12,Contra Costa,013,1133247,103684,102976,2407,105383,1065
2021-12-12,Del Norte,015,27424,3806,3793,56,3849,42
2021-12-12,El Dorado,017,186661,17104,16890,1826,18716,170
2021-12-12,Fresno,019,978130,147983,146518,13428,159946,2310
2021-12-12,Glenn,021,27897,3612,3589,1051,4640,37
2021-12-12,Humboldt,023,135768,9916,9804,711,10515,118
2021-12-12,Imperial,025,180216,36377,35926,3888,39814,787
2021-12-12,Inyo,027,18085,2618,2592,43,2635,46
2021-12-12,Kern,029,883053,134351,133314,24502,157816,1861
2021-12-12,Kings,031,150075,33966,33661,2080,35741,372
2021-12-12,Lake,033,64148,7007,6955,165,7120,115
2021-12-12,Lassen,035,31185,7094,7057,431,7488,55
2021-12-12,Los Angeles,037,10098052,1490169,1479054,57525,1536579,27074
2021-12-12,Madera,039,155013,24685,24493,2365,26858,311
2021-12-12,Marin,041,260295,18606,18451,559,19010,249
2021-12-12,Mariposa,043,17540,1477,1461,62,1523,6
2021-12-12,Mendocino,045,87422,8286,8190,691,8881,95
2021-12-12,Merced,047,269075,43885,43821,2205,46026,682
2021-12-12,Modoc,049,8938,599,595,203,798,6
2021-12-12,Mono,051,14174,1959,1947,23,1970,4
2021-12-12,Monterey,053,433212,50533,49192,3385,52577,631
2021-12-12,Napa,055,140530,13586,13508,134,13642,107
2021-12-12,Nevada,057,99092,10030,9938,351,10289,106
2021-12-12,Orange,059,3164182,319207,316918,16613,333531,5825
2021-12-12,Placer,061,380077,39531,39139,3962,43101,481
2021-12-12,Plumas,063,18699,2008,1942,46,1988,12
2021-12-12,Riverside,065,2383286,381915,377467,17009,394476,5414
2021-12-12,Sacramento,067,1510023,167477,166291,5129,171420,2392
2021-12-12,San Benito,069,59416,7867,7853,186,8039,79
2021-12-12,San Bernardino,071,2135413,373214,369977,11995,381972,6011
2021-12-12,San Diego,073,3302833,396388,393307,23162,416469,4378
2021-12-12,San Francisco,075,870044,56038,55180,2515,57695,678
2021-12-12,San Joaquin,077,732212,104060,103405,5718,109123,1846
2021-12-12,San Luis Obispo,079,281455,31091,30719,1376,32095,363
2021-12-12,San Mateo,081,765935,56815,55505,1022,56527,580
2021-12-12,Santa Barbara,083,443738,46848,46586,1659,48245,560
2021-12-12,Santa Clara,085,1922200,154979,153452,1741,155193,1945
2021-12-12,Santa Cruz,087,273765,21923,21671,1053,22724,225
2021-12-12,Shasta,089,179085,22851,22732,3754,26486,426
2021-12-12,Sierra,091,2930,201,199,21,220,0
2021-12-12,Siskiyou,093,43540,3493,3424,1381,4805,57
2021-12-12,Solano,095,438530,47692,47021,1381,48402,365
2021-12-12,Sonoma,097,501317,43841,43424,598,44022,407
2021-12-12,Stanislaus,099,539301,82145,82460,9435,91895,1282
2021-12-12,Sutter,101,95872,14407,14396,412,14808,189
2021-12-12,Tehama,103,63373,8874,8796,1561,10357,134
2021-12-12,Trinity,105,12862,910,820,228,1048,17
2021-12-12,Tulare,107,460477,71763,70733,16567,87300,1115
2021-12-12,Tuolumne,109,53932,7826,7794,112,7906,91
2021-12-12,Ventura,111,848112,101956,101105,4535,105640,1197
2021-12-12,Yolo,113,214977,20910,20685,1293,21978,267
2021-12-12,Yuba,115,75493,10641,10565,405,10970,92
2021-12-11,Alameda,001,1643700,124874,123572,3028,126600,1496
2021-12-11,Alpine,003,1148,107,109,0,109,0
2021-12-11,Amador,005,37829,5817,5787,75,5862,69
2021-12-11,Butte,007,227075,22079,21819,3974,25793,326
2021-12-11,Calaveras,009,45235,4533,4469,62,4531,89
2021-12-11,Colusa,011,21464,2640,2619,686,3305,21
2021-12-11,Contra Costa,013,1133247,103598,102618,2405,105023,1061
2021-12-11,Del Norte,015,27424,3806,3778,56,3834,42
2021-12-11,El Dorado,017,186661,17083,16796,1825,18621,170
2021-12-11,Fresno,019,978130,147894,145988,13419,159407,2294
2021-12-11,Glenn,021,27897,3611,3585,1051,4636,37
2021-12-11,Humboldt,023,135768,9899,9721,708,10429,118
2021-12-11,Imperial,025,180216,36318,35635,3878,39513,782
2021-12-11,Inyo,027,18085,2613,2576,43,2619,46
2021-12-11,Kern,029,883053,134282,132852,24467,157319,1854
2021-12-11,Kings,031,150075,33953,33530,2078,35608,371
2021-12-11,Lake,033,64148,7006,6932,163,7095,114
2021-12-11,Lassen,035,31185,7093,7049,431,7480,55
2021-12-11,Los Angeles,037,10098052,1488954,1474030,57433,1531463,27031
2021-12-11,Madera,039,155013,24679,24417,2364,26781,311
2021-12-11,Marin,041,260295,18573,18339,556,18895,249
2021-12-11,Mariposa,043,17540,1476,1450,62,1512,6
2021-12-11,Mendocino,045,87422,8279,8130,691,8821,95
2021-12-11,Merced,047,269075,43866,43690,2204,45894,681
2021-12-11,Modoc,049,8938,599,594,203,797,6
2021-12-11,Mono,051,14174,1955,1926,23,1949,4
2021-12-11,Monterey,053,433212,50505,49008,3382,52390,631
2021-12-11,Napa,055,140530,13569,13459,134,13593,107
2021-12-11,Nevada,057,99092,10017,9880,351,10231,106
2021-12-11,Orange,059,3164182,318955,315759,16585,332344,5805
2021-12-11,Placer,061,380077,39473,38959,3955,42914,481
2021-12-11,Plumas,063,18699,2002,1934,46,1980,12
2021-12-11,Riverside,065,2383286,381495,375649,16994,392643,5408
2021-12-11,Sacramento,067,1510023,167347,165530,5119,170649,2386
2021-12-11,San Benito,069,59416,7853,7808,186,7994,79
2021-12-11,San Bernardino,071,2135413,372854,368145,11985,380130,6007
2021-12-11,San Diego,073,3302833,395968,392274,23124,415398,4374
2021-12-11,San Francisco,075,870044,55885,54869,2510,57379,678
2021-12-11,San Joaquin,077,732212,103999,103013,5714,108727,1842
2021-12-11,San Luis Obispo,079,281455,31069,30567,1372,31939,362
2021-12-11,San Mateo,081,765935,56736,55284,1020,56304,580
2021-12-11,Santa Barbara,083,443738,46813,46309,1659,47968,559
2021-12-11,Santa Clara,085,1922200,154781,152846,1729,154575,1941
2021-12-11,Santa Cruz,087,273765,21899,21557,1053,22610,225
2021-12-11,Shasta,089,179085,22836,22660,3750,26410,419
2021-12-11,Sierra,091,2930,201,199,21,220,0
2021-12-11,Siskiyou,093,43540,3487,3418,1378,4796,57
2021-12-11,Solano,095,438530,47663,46891,1376,48267,365
2021-12-11,Sonoma,097,501317,43793,43227,598,43825,407
2021-12-11,Stanislaus,099,539301,82096,82133,9426,91559,1264
2021-12-11,Sutter,101,95872,14398,14354,412,14766,187
2021-12-11,Tehama,103,63373,8871,8776,1559,10335,134
2021-12-11,Trinity,105,12862,910,819,228,1047,17
2021-12-11,Tulare,107,460477,71719,70523,16557,87080,1103
2021-12-11,Tuolumne,109,53932,7817,7760,112,7872,91
2021-12-11,Ventura,111,848112,101881,100711,4528,105239,1195
2021-12-11,Yolo,113,214977,20891,20608,1289,21897,267
2021-12-11,Yuba,115,75493,10629,10519,404,10923,92
2021-12-10,Alameda,001,1643700,124748,123572,3021,126593,1496
2021-12-10,Alpine,003,1148,106,109,0,109,0
2021-12-10,Amador,005,37829,5810,5787,75,5862,69
2021-12-10,Butte,007,227075,22066,21819,3972,25791,326
2021-12-10,Calaveras,009,45235,4530,4469,62,4531,89
2021-12-10,Colusa,011,21464,2639,2619,686,3305,21
2021-12-10,Contra Costa,013,1133247,103502,102618,2404,105022,1061
2021-12-10,Del Norte,015,27424,3806,3778,56,3834,42
2021-12-10,El Dorado,017,186661,17070,16796,1825,18621,170
2021-12-10,Fresno,019,978130,147806,145988,13408,159396,2294
2021-12-10,Glenn,021,27897,3611,3585,1051,4636,37
2021-12-10,Humboldt,023,135768,9882,9721,706,10427,118
2021-12-10,Imperial,025,180216,36263,35635,3863,39498,782
2021-12-10,Inyo,027,18085,2610,2576,43,2619,46
2021-12-10,Kern,029,883053,134193,132852,24443,157295,1854
2021-12-10,Kings,031,150075,33938,33530,2076,35606,371
2021-12-10,Lake,033,64148,6999,6932,163,7095,114
2021-12-10,Lassen,035,31185,7092,7049,431,7480,55
2021-12-10,Los Angeles,037,10098052,1487862,1474030,57345,1531375,27031
2021-12-10,Madera,039,155013,24661,24417,2362,26779,311
2021-12-10,Marin,041,260295,18551,18339,556,18895,249
2021-12-10,Mariposa,043,17540,1473,1450,62,1512,6
2021-12-10,Mendocino,045,87422,8272,8130,690,8820,95
2021-12-10,Merced,047,269075,43848,43690,2202,45892,681
2021-12-10,Modoc,049,8938,599,594,203,797,6
2021-12-10,Mono,051,14174,1952,1926,23,1949,4
2021-12-10,Monterey,053,433212,50468,49008,3376,52384,631
2021-12-10,Napa,055,140530,13557,13459,133,13592,107
2021-12-10,Nevada,057,99092,10008,9880,351,10231,106
2021-12-10,Orange,059,3164182,318683,315759,16553,332312,5805
2021-12-10,Placer,061,380077,39430,38959,3952,42911,481
2021-12-10,Plumas,063,18699,2000,1934,46,1980,12
2021-12-10,Riverside,065,2383286,381089,375649,16983,392632,5408
2021-12-10,Sacramento,067,1510023,167193,165530,5117,170647,2386
2021-12-10,San Benito,069,59416,7849,7808,186,7994,79
2021-12-10,San Bernardino,071,2135413,372482,368145,11962,380107,6007
2021-12-10,San Diego,073,3302833,395488,392274,23110,415384,4374
2021-12-10,San Francisco,075,870044,55800,54869,2504,57373,678
2021-12-10,San Joaquin,077,732212,103944,103013,5710,108723,1842
2021-12-10,San Luis Obispo,079,281455,31059,30567,1369,31936,362
2021-12-10,San Mateo,081,765935,56679,55284,1017,56301,580
2021-12-10,Santa Barbara,083,443738,46777,46309,1658,47967,559
2021-12-10,Santa Clara,085,1922200,154611,152846,1716,154562,1941
2021-12-10,Santa Cruz,087,273765,21879,21557,1052,22609,225
2021-12-10,Shasta,089,179085,22825,22660,3747,26407,419
2021-12-10,Sierra,091,2930,201,199,21,220,0
2021-12-10,Siskiyou,093,43540,3480,3418,1378,4796,57
2021-12-10,Solano,095,438530,47621,46891,1372,48263,365
2021-12-10,Sonoma,097,501317,43759,43227,597,43824,407
2021-12-10,Stanislaus,099,539301,82030,82133,9420,91553,1264
2021-12-10,Sutter,101,95872,14390,14354,412,14766,187
2021-12-10,Tehama,103,63373,8869,8776,1557,10333,134
2021-12-10,Trinity,105,12862,910,819,228,1047,17
2021-12-10,Tulare,107,460477,71690,70523,16532,87055,1103
2021-12-10,Tuolumne,109,53932,7811,7760,112,7872,91
2021-12-10,Ventura,111,848112,101777,100711,4525,105236,1195
2021-12-10,Yolo,113,214977,20877,20608,1287,21895,267
2021-12-10,Yuba,115,75493,10617,10519,403,10922,92
2021-12-09,Alameda,001,1643700,124603,123572,3016,126588,1496
2021-12-09,Alpine,003,1148,106,109,0,109,0
2021-12-09,Amador,005,37829,5807,5787,74,5861,69
2021-12-09,Butte,007,227075,22046,21819,3969,25788,326
2021-12-09,Calaveras,009,45235,4521,4469,62,4531,89
2021-12-09,Colusa,011,21464,2637,2619,686,3305,21
2021-12-09,Contra Costa,013,1133247,103383,102618,2398,105016,1061
2021-12-09,Del Norte,015,27424,3805,3778,56,3834,42
2021-12-09,El Dorado,017,186661,17042,16796,1820,18616,170
2021-12-09,Fresno,019,978130,147660,145988,13397,159385,2294
2021-12-09,Glenn,021,27897,3611,3585,1051,4636,37
2021-12-09,Humboldt,023,135768,9859,9721,705,10426,118
2021-12-09,Imperial,025,180216,36192,35635,3833,39468,782
2021-12-09,Inyo,027,18085,2608,2576,43,2619,46
2021-12-09,Kern,029,883053,134067,132852,24410,157262,1854
2021-12-09,Kings,031,150075,33910,33530,2073,35603,371
2021-12-09,Lake,033,64148,6991,6932,163,7095,114
2021-12-09,Lassen,035,31185,7090,7049,431,7480,55
2021-12-09,Los Angeles,037,10098052,1486326,1474030,57259,1531289,27031
2021-12-09,Madera,039,155013,24636,24417,2359,26776,311
2021-12-09,Marin,041,260295,18537,18339,554,18893,249
2021-12-09,Mariposa,043,17540,1472,1450,62,1512,6
2021-12-09,Mendocino,045,87422,8259,8130,687,8817,95
2021-12-09,Merced,047,269075,43810,43690,2190,45880,681
2021-12-09,Modoc,049,8938,599,594,203,797,6
2021-12-09,Mono,051,14174,1948,1926,23,1949,4
2021-12-09,Monterey,053,433212,50421,49008,3365,52373,631
2021-12-09,Napa,055,140530,13537,13459,129,13588,107
2021-12-09,Nevada,057,99092,9989,9880,351,10231,106
2021-12-09,Orange,059,3164182,318350,315759,16514,332273,5805
2021-12-09,Placer,061,380077,39386,38959,3939,42898,481
2021-12-09,Plumas,063,18699,1992,1934,46,1980,12
2021-12-09,Riverside,065,2383286,380538,375649,16967,392616,5408
2021-12-09,Sacramento,067,1510023,166974,165530,5102,170632,2386
2021-12-09,San Benito,069,59416,7837,7808,185,7993,79
2021-12-09,San Bernardino,071,2135413,371976,368145,11938,380083,6007
2021-12-09,San Diego,073,3302833,394843,392274,23080,415354,4374
2021-12-09,San Francisco,075,870044,55715,54869,2497,57366,678
2021-12-09,San Joaquin,077,732212,103852,103013,5704,108717,1842
2021-12-09,San Luis Obispo,079,281455,31031,30567,1367,31934,362
2021-12-09,San Mateo,081,765935,56591,55284,1015,56299,580
2021-12-09,Santa Barbara,083,443738,46697,46309,1651,47960,559
2021-12-09,Santa Clara,085,1922200,154396,152846,1705,154551,1941
2021-12-09,Santa Cruz,087,273765,21851,21557,1052,22609,225
2021-12-09,Shasta,089,179085,22809,22660,3746,26406,419
2021-12-09,Sierra,091,2930,201,199,21,220,0
2021-12-09,Siskiyou,093,43540,3476,3418,1377,4795,57
2021-12-09,Solano,095,438530,47584,46891,1370,48261,365
2021-12-09,Sonoma,097,501317,43702,43227,596,43823,407
2021-12-09,Stanislaus,099,539301,81960,82133,9405,91538,1264
2021-12-09,Sutter,101,95872,14375,14354,412,14766,187
2021-12-09,Tehama,103,63373,8862,8776,1555,10331,134
2021-12-09,Trinity,105,12862,910,819,228,1047,17
2021-12-09,Tulare,107,460477,71634,70523,16503,87026,1103
2021-12-09,Tuolumne,109,53932,7800,7760,112,7872,91
2021-12-09,Ventura,111,848112,101632,100711,4513,105224,1195
2021-12-09,Yolo,113,214977,20854,20608,1279,21887,267
2021-12-09,Yuba,115,75493,10609,10519,400,10919,92
2021-12-08,Alameda,001,1643700,124454,123438,3006,126444,1496
2021-12-08,Alpine,003,1148,106,108,0,108,0
2021-12-08,Amador,005,37829,5802,5781,74,5855,69
2021-12-08,Butte,007,227075,22029,21780,3966,25746,326
2021-12-08,Calaveras,009,45235,4513,4455,62,4517,89
2021-12-08,Colusa,011,21464,2634,2619,685,3304,21
2021-12-08,Contra Costa,013,1133247,103254,102506,2397,104903,1058
2021-12-08,Del Norte,015,27424,3804,3767,56,3823,42
2021-12-08,El Dorado,017,186661,17010,16757,1820,18577,170
2021-12-08,Fresno,019,978130,147499,145830,13383,159213,2293
2021-12-08,Glenn,021,27897,3611,3584,1047,4631,37
2021-12-08,Humboldt,023,135768,9837,9704,703,10407,117
2021-12-08,Imperial,025,180216,36112,35537,3802,39339,782
2021-12-08,Inyo,027,18085,2605,2570,43,2613,46
2021-12-08,Kern,029,883053,133944,132709,24362,157071,1846
2021-12-08,Kings,031,150075,33875,33468,2072,35540,371
2021-12-08,Lake,033,64148,6985,6927,162,7089,114
2021-12-08,Lassen,035,31185,7089,7041,429,7470,55
2021-12-08,Los Angeles,037,10098052,1484775,1472410,57147,1529557,27018
2021-12-08,Madera,039,155013,24615,24396,2352,26748,311
2021-12-08,Marin,041,260295,18516,18305,551,18856,249
2021-12-08,Mariposa,043,17540,1469,1447,62,1509,6
2021-12-08,Mendocino,045,87422,8246,8118,686,8804,95
2021-12-08,Merced,047,269075,43778,43631,2183,45814,680
2021-12-08,Modoc,049,8938,599,594,203,797,6
2021-12-08,Mono,051,14174,1942,1924,23,1947,4
2021-12-08,Monterey,053,433212,50356,48957,3350,52307,631
2021-12-08,Napa,055,140530,13523,13421,129,13550,107
2021-12-08,Nevada,057,99092,9973,9862,351,10213,106
2021-12-08,Orange,059,3164182,318001,315421,16477,331898,5795
2021-12-08,Placer,061,380077,39335,38934,3934,42868,478
2021-12-08,Plumas,063,18699,1990,1924,46,1970,12
2021-12-08,Riverside,065,2383286,380024,375099,16944,392043,5404
2021-12-08,Sacramento,067,1510023,166720,165278,5074,170352,2373
2021-12-08,San Benito,069,59416,7828,7793,185,7978,79
2021-12-08,San Bernardino,071,2135413,371497,367516,11910,379426,6006
2021-12-08,San Diego,073,3302833,394194,391676,23048,414724,4369
2021-12-08,San Francisco,075,870044,55628,54792,2489,57281,677
2021-12-08,San Joaquin,077,732212,103750,102877,5695,108572,1841
2021-12-08,San Luis Obispo,079,281455,30983,30519,1362,31881,361
2021-12-08,San Mateo,081,765935,56524,55220,1009,56229,580
2021-12-08,Santa Barbara,083,443738,46642,46250,1648,47898,558
2021-12-08,Santa Clara,085,1922200,154232,152674,1694,154368,1937
2021-12-08,Santa Cruz,087,273765,21805,21505,1050,22555,224
2021-12-08,Shasta,089,179085,22789,22616,3740,26356,419
2021-12-08,Sierra,091,2930,201,199,21,220,0
2021-12-08,Siskiyou,093,43540,3475,3415,1375,4790,57
2021-12-08,Solano,095,438530,47554,46837,1369,48206,365
2021-12-08,Sonoma,097,501317,43640,43179,595,43774,405
2021-12-08,Stanislaus,099,539301,81878,82038,9392,91430,1264
2021-12-08,Sutter,101,95872,14359,14336,410,14746,187
2021-12-08,Tehama,103,63373,8853,8768,1555,10323,133
2021-12-08,Trinity,105,12862,910,818,228,1046,17
2021-12-08,Tulare,107,460477,71571,70472,16478,86950,1102
2021-12-08,Tuolumne,109,53932,7787,7749,112,7861,91
2021-12-08,Ventura,111,848112,101503,100647,4510,105157,1194
2021-12-08,Yolo,113,214977,20828,20575,1273,21848,267
2021-12-08,Yuba,115,75493,10595,10499,397,10896,92
2021-12-07,Alameda,001,1643700,124279,123325,2997,126322,1497
2021-12-07,Alpine,003,1148,106,108,0,108,0
2021-12-07,Amador,005,37829,5799,5778,73,5851,69
2021-12-07,Butte,007,227075,22004,21761,3961,25722,324
2021-12-07,Calaveras,009,45235,4496,4445,62,4507,88
2021-12-07,Colusa,011,21464,2632,2619,685,3304,21
2021-12-07,Contra Costa,013,1133247,103133,102421,2388,104809,1058
2021-12-07,Del Norte,015,27424,3803,3766,56,3822,42
2021-12-07,El Dorado,017,186661,16985,16742,1817,18559,170
2021-12-07,Fresno,019,978130,147351,145715,13368,159083,2289
2021-12-07,Glenn,021,27897,3610,3579,1047,4626,36
2021-12-07,Humboldt,023,135768,9812,9693,698,10391,117
2021-12-07,Imperial,025,180216,36034,35502,3781,39283,778
2021-12-07,Inyo,027,18085,2602,2567,43,2610,46
2021-12-07,Kern,029,883053,133784,132564,24309,156873,1838
2021-12-07,Kings,031,150075,33843,33441,2069,35510,372
2021-12-07,Lake,033,64148,6980,6925,162,7087,113
2021-12-07,Lassen,035,31185,7087,7040,428,7468,55
2021-12-07,Los Angeles,037,10098052,1482990,1470904,57045,1527949,27007
2021-12-07,Madera,039,155013,24592,24367,2345,26712,311
2021-12-07,Marin,041,260295,18483,18284,545,18829,249
2021-12-07,Mariposa,043,17540,1467,1446,62,1508,6
2021-12-07,Mendocino,045,87422,8227,8107,686,8793,95
2021-12-07,Merced,047,269075,43737,43600,2176,45776,675
2021-12-07,Modoc,049,8938,599,594,202,796,6
2021-12-07,Mono,051,14174,1940,1921,23,1944,4
2021-12-07,Monterey,053,433212,50273,48880,3333,52213,631
2021-12-07,Napa,055,140530,13505,13409,129,13538,107
2021-12-07,Nevada,057,99092,9958,9858,350,10208,105
2021-12-07,Orange,059,3164182,317668,315138,16428,331566,5784
2021-12-07,Placer,061,380077,39258,38860,3930,42790,474
2021-12-07,Plumas,063,18699,1986,1915,46,1961,12
2021-12-07,Riverside,065,2383286,379491,374552,16928,391480,5397
2021-12-07,Sacramento,067,1510023,166473,165148,5060,170208,2375
2021-12-07,San Benito,069,59416,7811,7776,185,7961,78
2021-12-07,San Bernardino,071,2135413,370915,366981,11891,378872,6007
2021-12-07,San Diego,073,3302833,393352,391110,23010,414120,4357
2021-12-07,San Francisco,075,870044,55518,54729,2484,57213,676
2021-12-07,San Joaquin,077,732212,103632,102797,5683,108480,1839
2021-12-07,San Luis Obispo,079,281455,30943,30495,1360,31855,361
2021-12-07,San Mateo,081,765935,56432,55163,1003,56166,580
2021-12-07,Santa Barbara,083,443738,46570,46205,1646,47851,556
2021-12-07,Santa Clara,085,1922200,154046,152465,1685,154150,1941
2021-12-07,Santa Cruz,087,273765,21758,21493,1050,22543,224
2021-12-07,Shasta,089,179085,22767,22594,3737,26331,418
2021-12-07,Sierra,091,2930,201,199,21,220,0
2021-12-07,Siskiyou,093,43540,3473,3412,1375,4787,57
2021-12-07,Solano,095,438530,47514,46812,1367,48179,365
2021-12-07,Sonoma,097,501317,43566,43154,594,43748,405
2021-12-07,Stanislaus,099,539301,81801,81980,9381,91361,1258
2021-12-07,Sutter,101,95872,14351,14322,409,14731,186
2021-12-07,Tehama,103,63373,8845,8765,1554,10319,133
2021-12-07,Trinity,105,12862,910,818,228,1046,17
2021-12-07,Tulare,107,460477,71515,70411,16449,86860,1103
2021-12-07,Tuolumne,109,53932,7779,7743,112,7855,91
2021-12-07,Ventura,111,848112,101406,100569,4500,105069,1194
2021-12-07,Yolo,113,214977,20802,20560,1270,21830,263
2021-12-07,Yuba,115,75493,10577,10491,396,10887,91
2021-12-06,Alameda,001,1643700,124114,123227,2994,126221,1496
2021-12-06,Alpine,003,1148,106,108,0,108,0
2021-12-06,Amador,005,37829,5792,5769,72,5841,67
2021-12-06,Butte,007,227075,21986,21732,3958,25690,321
2021-12-06,Calaveras,009,45235,4489,4443,62,4505,88
2021-12-06,Colusa,011,21464,2631,2615,681,3296,21
2021-12-06,Contra Costa,013,1133247,103012,102327,2384,104711,1058
2021-12-06,Del Norte,015,27424,3801,3744,56,3800,42
2021-12-06,El Dorado,017,186661,16960,16726,1815,18541,168
2021-12-06,Fresno,019,978130,147153,145539,13358,158897,2285
2021-12-06,Glenn,021,27897,3607,3577,1046,4623,36
2021-12-06,Humboldt,023,135768,9792,9671,691,10362,117
2021-12-06,Imperial,025,180216,35953,35453,3763,39216,778
2021-12-06,Inyo,027,18085,2596,2562,42,2604,46
2021-12-06,Kern,029,883053,133597,132366,24251,156617,1835
2021-12-06,Kings,031,150075,33810,33399,2064,35463,368
2021-12-06,Lake,033,64148,6976,6922,162,7084,113
2021-12-06,Lassen,035,31185,7082,7032,426,7458,51
2021-12-06,Los Angeles,037,10098052,1481325,1470059,56953,1527012,26993
2021-12-06,Madera,039,155013,24565,24334,2342,26676,307
2021-12-06,Marin,041,260295,18455,18252,543,18795,249
2021-12-06,Mariposa,043,17540,1464,1443,62,1505,6
2021-12-06,Mendocino,045,87422,8214,8079,682,8761,95
2021-12-06,Merced,047,269075,43697,43549,2166,45715,672
2021-12-06,Modoc,049,8938,599,593,202,795,6
2021-12-06,Mono,051,14174,1935,1913,23,1936,4
2021-12-06,Monterey,053,433212,50196,48831,3314,52145,626
2021-12-06,Napa,055,140530,13482,13387,127,13514,107
2021-12-06,Nevada,057,99092,9930,9847,349,10196,105
2021-12-06,Orange,059,3164182,317287,314859,16386,331245,5771
2021-12-06,Placer,061,380077,39200,38785,3925,42710,473
2021-12-06,Plumas,063,18699,1978,1913,46,1959,10
2021-12-06,Riverside,065,2383286,378967,374116,16914,391030,5388
2021-12-06,Sacramento,067,1510023,166196,164926,5039,169965,2367
2021-12-06,San Benito,069,59416,7795,7755,185,7940,78
2021-12-06,San Bernardino,071,2135413,370361,366606,11863,378469,5998
2021-12-06,San Diego,073,3302833,392507,390389,22965,413354,4352
2021-12-06,San Francisco,075,870044,55411,54659,2479,57138,674
2021-12-06,San Joaquin,077,732212,103504,102728,5676,108404,1837
2021-12-06,San Luis Obispo,079,281455,30906,30464,1358,31822,361
2021-12-06,San Mateo,081,765935,56358,55112,1000,56112,580
2021-12-06,Santa Barbara,083,443738,46477,46146,1645,47791,556
2021-12-06,Santa Clara,085,1922200,153837,152310,1668,153978,1937
2021-12-06,Santa Cruz,087,273765,21723,21450,1047,22497,224
2021-12-06,Shasta,089,179085,22744,22556,3729,26285,416
2021-12-06,Sierra,091,2930,200,198,21,219,0
2021-12-06,Siskiyou,093,43540,3471,3409,1370,4779,57
2021-12-06,Solano,095,438530,47469,46748,1366,48114,360
2021-12-06,Sonoma,097,501317,43496,43114,586,43700,405
2021-12-06,Stanislaus,099,539301,81707,81889,9347,91236,1241
2021-12-06,Sutter,101,95872,14339,14319,409,14728,186
2021-12-06,Tehama,103,63373,8837,8760,1554,10314,133
2021-12-06,Trinity,105,12862,910,815,227,1042,17
2021-12-06,Tulare,107,460477,71438,70285,16410,86695,1101
2021-12-06,Tuolumne,109,53932,7765,7726,112,7838,91
2021-12-06,Ventura,111,848112,101304,100426,4492,104918,1194
2021-12-06,Yolo,113,214977,20778,20548,1269,21817,263
2021-12-06,Yuba,115,75493,10562,10480,391,10871,91
2021-12-05,Alameda,001,1643700,123930,123104,2986,126090,1496
2021-12-05,Alpine,003,1148,105,108,0,108,0
2021-12-05,Amador,005,37829,5789,5761,72,5833,67
2021-12-05,Butte,007,227075,21953,21720,3952,25672,320
2021-12-05,Calaveras,009,45235,4472,4434,62,4496,88
2021-12-05,Colusa,011,21464,2630,2615,680,3295,21
2021-12-05,Contra Costa,013,1133247,102881,102251,2374,104625,1058
2021-12-05,Del Norte,015,27424,3799,3751,56,3807,42
2021-12-05,El Dorado,017,186661,16923,16717,1809,18526,168
2021-12-05,Fresno,019,978130,146979,145452,13337,158789,2284
2021-12-05,Glenn,021,27897,3605,3577,1045,4622,36
2021-12-05,Humboldt,023,135768,9762,9662,688,10350,117
2021-12-05,Imperial,025,180216,35859,35422,3734,39156,778
2021-12-05,Inyo,027,18085,2589,2559,42,2601,46
2021-12-05,Kern,029,883053,133433,132286,24199,156485,1833
2021-12-05,Kings,031,150075,33747,33360,2064,35424,369
2021-12-05,Lake,033,64148,6971,6919,161,7080,113
2021-12-05,Lassen,035,31185,7080,7031,426,7457,51
2021-12-05,Los Angeles,037,10098052,1479480,1468937,56812,1525749,26991
2021-12-05,Madera,039,155013,24524,24311,2339,26650,307
2021-12-05,Marin,041,260295,18408,18216,535,18751,249
2021-12-05,Mariposa,043,17540,1461,1440,61,1501,6
2021-12-05,Mendocino,045,87422,8195,8069,676,8745,95
2021-12-05,Merced,047,269075,43652,43534,2157,45691,672
2021-12-05,Modoc,049,8938,599,593,202,795,6
2021-12-05,Mono,051,14174,1928,1907,23,1930,4
2021-12-05,Monterey,053,433212,50124,48813,3282,52095,626
2021-12-05,Napa,055,140530,13456,13382,124,13506,107
2021-12-05,Nevada,057,99092,9909,9827,349,10176,105
2021-12-05,Orange,059,3164182,316852,314560,16343,330903,5771
2021-12-05,Placer,061,380077,39142,38738,3916,42654,473
2021-12-05,Plumas,063,18699,1974,1913,45,1958,9
2021-12-05,Riverside,065,2383286,378310,373827,16884,390711,5388
2021-12-05,Sacramento,067,1510023,165891,164721,5021,169742,2367
2021-12-05,San Benito,069,59416,7778,7748,184,7932,78
2021-12-05,San Bernardino,071,2135413,369659,366282,11816,378098,5998
2021-12-05,San Diego,073,3302833,391713,387979,22916,410895,4351
2021-12-05,San Francisco,075,870044,55310,54603,2477,57080,674
2021-12-05,San Joaquin,077,732212,103363,102698,5671,108369,1837
2021-12-05,San Luis Obispo,079,281455,30836,30454,1355,31809,360
2021-12-05,San Mateo,081,765935,56269,55050,990,56040,580
2021-12-05,Santa Barbara,083,443738,46394,46097,1637,47734,555
2021-12-05,Santa Clara,085,1922200,153584,152114,1648,153762,1933
2021-12-05,Santa Cruz,087,273765,21673,21424,1047,22471,224
2021-12-05,Shasta,089,179085,22687,22550,3728,26278,416
2021-12-05,Sierra,091,2930,200,198,21,219,0
2021-12-05,Siskiyou,093,43540,3469,3409,1369,4778,57
2021-12-05,Solano,095,438530,47406,46715,1364,48079,360
2021-12-05,Sonoma,097,501317,43419,43038,581,43619,405
2021-12-05,Stanislaus,099,539301,81574,81847,9337,91184,1241
2021-12-05,Sutter,101,95872,14315,14303,404,14707,186
2021-12-05,Tehama,103,63373,8829,8755,1553,10308,133
2021-12-05,Trinity,105,12862,909,815,227,1042,17
2021-12-05,Tulare,107,460477,71357,70254,16362,86616,1102
2021-12-05,Tuolumne,109,53932,7752,7718,112,7830,91
2021-12-05,Ventura,111,848112,101168,100367,4479,104846,1194
2021-12-05,Yolo,113,214977,20736,20512,1267,21779,263
2021-12-05,Yuba,115,75493,10549,10467,384,10851,91
2021-12-04,Alameda,001,1643700,123815,122508,2982,125490,1494
2021-12-04,Alpine,003,1148,105,108,0,108,0
2021-12-04,Amador,005,37829,5786,5729,72,5801,67
2021-12-04,Butte,007,227075,21934,21638,3948,25586,318
2021-12-04,Calaveras,009,45235,4464,4392,61,4453,88
2021-12-04,Colusa,011,21464,2630,2600,678,3278,21
2021-12-04,Contra Costa,013,1133247,102809,101824,2368,104192,1056
2021-12-04,Del Norte,015,27424,3796,3726,56,3782,42
2021-12-04,El Dorado,017,186661,16914,16621,1808,18429,168
2021-12-04,Fresno,019,978130,146890,144734,13328,158062,2270
2021-12-04,Glenn,021,27897,3605,3559,1045,4604,36
2021-12-04,Humboldt,023,135768,9747,9596,684,10280,117
2021-12-04,Imperial,025,180216,35805,35206,3721,38927,776
2021-12-04,Inyo,027,18085,2584,2538,42,2580,46
2021-12-04,Kern,029,883053,133353,131771,24176,155947,1817
2021-12-04,Kings,031,150075,33723,33183,2063,35246,367
2021-12-04,Lake,033,64148,6962,6903,161,7064,113
2021-12-04,Lassen,035,31185,7079,7014,424,7438,51
2021-12-04,Los Angeles,037,10098052,1478603,1463270,56735,1520005,26952
2021-12-04,Madera,039,155013,24510,24188,2335,26523,307
2021-12-04,Marin,041,260295,18387,18075,534,18609,249
2021-12-04,Mariposa,043,17540,1457,1421,61,1482,6
2021-12-04,Mendocino,045,87422,8190,7981,676,8657,91
2021-12-04,Merced,047,269075,43625,43337,2155,45492,671
2021-12-04,Modoc,049,8938,599,591,202,793,6
2021-12-04,Mono,051,14174,1928,1883,23,1906,4
2021-12-04,Monterey,053,433212,50092,48682,3275,51957,626
2021-12-04,Napa,055,140530,13446,13327,123,13450,106
2021-12-04,Nevada,057,99092,9901,9752,349,10101,105
2021-12-04,Orange,059,3164182,316621,313112,16317,329429,5748
2021-12-04,Placer,061,380077,39102,38460,3910,42370,473
2021-12-04,Plumas,063,18699,1971,1903,45,1948,7
2021-12-04,Riverside,065,2383286,377951,371768,16878,388646,5381
2021-12-04,Sacramento,067,1510023,165747,163900,5013,168913,2365
2021-12-04,San Benito,069,59416,7752,7688,184,7872,78
2021-12-04,San Bernardino,071,2135413,369270,364154,11802,375956,5983
2021-12-04,San Diego,073,3302833,391233,386710,22886,409596,4350
2021-12-04,San Francisco,075,870044,55242,54286,2474,56760,674
2021-12-04,San Joaquin,077,732212,103309,102286,5669,107955,1835
2021-12-04,San Luis Obispo,079,281455,30815,30318,1351,31669,360
2021-12-04,San Mateo,081,765935,56220,54774,987,55761,579
2021-12-04,Santa Barbara,083,443738,46349,45774,1637,47411,555
2021-12-04,Santa Clara,085,1922200,153429,151275,1634,152909,1928
2021-12-04,Santa Cruz,087,273765,21647,21286,1046,22332,224
2021-12-04,Shasta,089,179085,22670,22418,3726,26144,414
2021-12-04,Sierra,091,2930,200,196,21,217,0
2021-12-04,Siskiyou,093,43540,3467,3398,1369,4767,57
2021-12-04,Solano,095,438530,47386,46529,1363,47892,360
2021-12-04,Sonoma,097,501317,43374,42778,578,43356,405
2021-12-04,Stanislaus,099,539301,81503,81462,9330,90792,1231
2021-12-04,Sutter,101,95872,14307,14258,403,14661,186
2021-12-04,Tehama,103,63373,8827,8742,1553,10295,131
2021-12-04,Trinity,105,12862,908,801,227,1028,17
2021-12-04,Tulare,107,460477,71319,70014,16334,86348,1100
2021-12-04,Tuolumne,109,53932,7747,7676,112,7788,91
2021-12-04,Ventura,111,848112,101077,99751,4475,104226,1192
2021-12-04,Yolo,113,214977,20713,20442,1264,21706,261
2021-12-04,Yuba,115,75493,10538,10418,383,10801,91
2021-12-03,Alameda,001,1643700,123723,122508,2972,125480,1494
2021-12-03,Alpine,003,1148,105,108,0,108,0
2021-12-03,Amador,005,37829,5781,5729,71,5800,67
2021-12-03,Butte,007,227075,21921,21638,3943,25581,318
2021-12-03,Calaveras,009,45235,4455,4392,61,4453,88
2021-12-03,Colusa,011,21464,2628,2600,678,3278,21
2021-12-03,Contra Costa,013,1133247,102736,101824,2363,104187,1056
2021-12-03,Del Norte,015,27424,3794,3726,56,3782,42
2021-12-03,El Dorado,017,186661,16885,16621,1806,18427,168
2021-12-03,Fresno,019,978130,146776,144734,13325,158059,2270
2021-12-03,Glenn,021,27897,3604,3559,1044,4603,36
2021-12-03,Humboldt,023,135768,9730,9596,682,10278,117
2021-12-03,Imperial,025,180216,35763,35206,3691,38897,776
2021-12-03,Inyo,027,18085,2577,2538,42,2580,46
2021-12-03,Kern,029,883053,133281,131771,24141,155912,1817
2021-12-03,Kings,031,150075,33696,33183,2063,35246,367
2021-12-03,Lake,033,64148,6962,6903,161,7064,113
2021-12-03,Lassen,035,31185,7077,7014,423,7437,51
2021-12-03,Los Angeles,037,10098052,1477661,1463270,56654,1519924,26952
2021-12-03,Madera,039,155013,24484,24188,2331,26519,307
2021-12-03,Marin,041,260295,18354,18075,530,18605,249
2021-12-03,Mariposa,043,17540,1455,1421,61,1482,6
2021-12-03,Mendocino,045,87422,8183,7981,676,8657,91
2021-12-03,Merced,047,269075,43602,43337,2152,45489,671
2021-12-03,Modoc,049,8938,599,591,202,793,6
2021-12-03,Mono,051,14174,1922,1883,23,1906,4
2021-12-03,Monterey,053,433212,50053,48682,3264,51946,626
2021-12-03,Napa,055,140530,13434,13327,123,13450,106
2021-12-03,Nevada,057,99092,9890,9752,349,10101,105
2021-12-03,Orange,059,3164182,316350,313112,16285,329397,5748
2021-12-03,Placer,061,380077,39065,38460,3903,42363,473
2021-12-03,Plumas,063,18699,1968,1903,45,1948,7
2021-12-03,Riverside,065,2383286,377558,371768,16872,388640,5381
2021-12-03,Sacramento,067,1510023,165567,163900,4999,168899,2365
2021-12-03,San Benito,069,59416,7745,7688,184,7872,78
2021-12-03,San Bernardino,071,2135413,368824,364154,11792,375946,5983
2021-12-03,San Diego,073,3302833,390758,386710,22862,409572,4350
2021-12-03,San Francisco,075,870044,55173,54286,2470,56756,674
2021-12-03,San Joaquin,077,732212,103252,102286,5668,107954,1835
2021-12-03,San Luis Obispo,079,281455,30789,30318,1348,31666,360
2021-12-03,San Mateo,081,765935,56155,54774,984,55758,579
2021-12-03,Santa Barbara,083,443738,46313,45774,1637,47411,555
2021-12-03,Santa Clara,085,1922200,153247,151275,1619,152894,1928
2021-12-03,Santa Cruz,087,273765,21620,21286,1046,22332,224
2021-12-03,Shasta,089,179085,22655,22418,3726,26144,414
2021-12-03,Sierra,091,2930,200,196,21,217,0
2021-12-03,Siskiyou,093,43540,3464,3398,1367,4765,57
2021-12-03,Solano,095,438530,47344,46529,1362,47891,360
2021-12-03,Sonoma,097,501317,43338,42778,576,43354,405
2021-12-03,Stanislaus,099,539301,81446,81462,9321,90783,1231
2021-12-03,Sutter,101,95872,14294,14258,401,14659,186
2021-12-03,Tehama,103,63373,8826,8742,1552,10294,131
2021-12-03,Trinity,105,12862,908,801,227,1028,17
2021-12-03,Tulare,107,460477,71280,70014,16302,86316,1100
2021-12-03,Tuolumne,109,53932,7738,7676,112,7788,91
2021-12-03,Ventura,111,848112,100991,99751,4468,104219,1192
2021-12-03,Yolo,113,214977,20696,20442,1263,21705,261
2021-12-03,Yuba,115,75493,10530,10418,383,10801,91
2021-12-02,Alameda,001,1643700,123566,122508,2964,125472,1494
2021-12-02,Alpine,003,1148,105,108,0,108,0
2021-12-02,Amador,005,37829,5776,5729,70,5799,67
2021-12-02,Butte,007,227075,21896,21638,3940,25578,318
2021-12-02,Calaveras,009,45235,4445,4392,60,4452,88
2021-12-02,Colusa,011,21464,2627,2600,678,3278,21
2021-12-02,Contra Costa,013,1133247,102621,101824,2359,104183,1056
2021-12-02,Del Norte,015,27424,3786,3726,56,3782,42
2021-12-02,El Dorado,017,186661,16864,16621,1804,18425,168
2021-12-02,Fresno,019,978130,146607,144734,13313,158047,2270
2021-12-02,Glenn,021,27897,3604,3559,1041,4600,36
2021-12-02,Humboldt,023,135768,9711,9596,681,10277,117
2021-12-02,Imperial,025,180216,35695,35206,3668,38874,776
2021-12-02,Inyo,027,18085,2572,2538,42,2580,46
2021-12-02,Kern,029,883053,133110,131771,24088,155859,1817
2021-12-02,Kings,031,150075,33643,33183,2061,35244,367
2021-12-02,Lake,033,64148,6958,6903,161,7064,113
2021-12-02,Lassen,035,31185,7073,7014,423,7437,51
2021-12-02,Los Angeles,037,10098052,1476142,1463270,56567,1519837,26952
2021-12-02,Madera,039,155013,24447,24188,2322,26510,307
2021-12-02,Marin,041,260295,18323,18075,526,18601,249
2021-12-02,Mariposa,043,17540,1453,1421,61,1482,6
2021-12-02,Mendocino,045,87422,8167,7981,675,8656,91
2021-12-02,Merced,047,269075,43556,43337,2147,45484,671
2021-12-02,Modoc,049,8938,598,591,202,793,6
2021-12-02,Mono,051,14174,1916,1883,23,1906,4
2021-12-02,Monterey,053,433212,49976,48682,3242,51924,626
2021-12-02,Napa,055,140530,13421,13327,123,13450,106
2021-12-02,Nevada,057,99092,9872,9752,348,10100,105
2021-12-02,Orange,059,3164182,316007,313112,16248,329360,5748
2021-12-02,Placer,061,380077,39000,38460,3898,42358,473
2021-12-02,Plumas,063,18699,1965,1903,45,1948,7
2021-12-02,Riverside,065,2383286,377031,371768,16862,388630,5381
2021-12-02,Sacramento,067,1510023,165339,163900,4989,168889,2365
2021-12-02,San Benito,069,59416,7725,7688,184,7872,78
2021-12-02,San Bernardino,071,2135413,368277,364154,11773,375927,5983
2021-12-02,San Diego,073,3302833,390117,386710,22807,409517,4350
2021-12-02,San Francisco,075,870044,55078,54286,2465,56751,674
2021-12-02,San Joaquin,077,732212,103138,102286,5663,107949,1835
2021-12-02,San Luis Obispo,079,281455,30755,30318,1341,31659,360
2021-12-02,San Mateo,081,765935,56074,54774,976,55750,579
2021-12-02,Santa Barbara,083,443738,46232,45774,1634,47408,555
2021-12-02,Santa Clara,085,1922200,153001,151275,1602,152877,1928
2021-12-02,Santa Cruz,087,273765,21569,21286,1045,22331,224
2021-12-02,Shasta,089,179085,22622,22418,3725,26143,414
2021-12-02,Sierra,091,2930,200,196,21,217,0
2021-12-02,Siskiyou,093,43540,3463,3398,1360,4758,57
2021-12-02,Solano,095,438530,47294,46529,1360,47889,360
2021-12-02,Sonoma,097,501317,43264,42778,576,43354,405
2021-12-02,Stanislaus,099,539301,81354,81462,9313,90775,1231
2021-12-02,Sutter,101,95872,14281,14258,398,14656,186
2021-12-02,Tehama,103,63373,8819,8742,1550,10292,131
2021-12-02,Trinity,105,12862,908,801,227,1028,17
2021-12-02,Tulare,107,460477,71193,70014,16252,86266,1100
2021-12-02,Tuolumne,109,53932,7723,7676,111,7787,91
2021-12-02,Ventura,111,848112,100866,99751,4466,104217,1192
2021-12-02,Yolo,113,214977,20672,20442,1259,21701,261
2021-12-02,Yuba,115,75493,10514,10418,380,10798,91
2021-12-01,Alameda,001,1643700,123416,122298,2954,125252,1492
2021-12-01,Alpine,003,1148,105,108,0,108,0
2021-12-01,Amador,005,37829,5769,5723,70,5793,67
2021-12-01,Butte,007,227075,21877,21600,3935,25535,318
2021-12-01,Calaveras,009,45235,4440,4371,60,4431,88
2021-12-01,Colusa,011,21464,2620,2595,675,3270,20
2021-12-01,Contra Costa,013,1133247,102513,101651,2348,103999,1048
2021-12-01,Del Norte,015,27424,3784,3722,56,3778,42
2021-12-01,El Dorado,017,186661,16843,16575,1802,18377,166
2021-12-01,Fresno,019,978130,146399,144507,13305,157812,2264
2021-12-01,Glenn,021,27897,3597,3556,1040,4596,36
2021-12-01,Humboldt,023,135768,9687,9573,676,10249,117
2021-12-01,Imperial,025,180216,35615,35085,3641,38726,776
2021-12-01,Inyo,027,18085,2568,2533,42,2575,46
2021-12-01,Kern,029,883053,132963,131580,24033,155613,1804
2021-12-01,Kings,031,150075,33593,33112,2060,35172,364
2021-12-01,Lake,033,64148,6950,6896,160,7056,112
2021-12-01,Lassen,035,31185,7068,7008,421,7429,51
2021-12-01,Los Angeles,037,10098052,1474551,1461394,56472,1517866,26928
2021-12-01,Madera,039,155013,24416,24134,2313,26447,307
2021-12-01,Marin,041,260295,18285,18038,520,18558,249
2021-12-01,Mariposa,043,17540,1449,1415,61,1476,6
2021-12-01,Mendocino,045,87422,8153,7966,670,8636,90
2021-12-01,Merced,047,269075,43500,43259,2126,45385,670
2021-12-01,Modoc,049,8938,598,576,202,778,5
2021-12-01,Mono,051,14174,1911,1876,23,1899,4
2021-12-01,Monterey,053,433212,49927,48611,3233,51844,626
2021-12-01,Napa,055,140530,13404,13319,120,13439,107
2021-12-01,Nevada,057,99092,9859,9706,348,10054,105
2021-12-01,Orange,059,3164182,315642,312772,16210,328982,5735
2021-12-01,Placer,061,380077,38945,38373,3892,42265,472
2021-12-01,Plumas,063,18699,1961,1893,45,1938,7
2021-12-01,Riverside,065,2383286,376506,371189,16845,388034,5369
2021-12-01,Sacramento,067,1510023,165126,163616,4970,168586,2360
2021-12-01,San Benito,069,59416,7711,7669,184,7853,78
2021-12-01,San Bernardino,071,2135413,367687,363368,11746,375114,5973
2021-12-01,San Diego,073,3302833,389321,386056,22752,408808,4346
2021-12-01,San Francisco,075,870044,54996,54199,2458,56657,672
2021-12-01,San Joaquin,077,732212,103031,102109,5662,107771,1834
2021-12-01,San Luis Obispo,079,281455,30713,30238,1337,31575,360
2021-12-01,San Mateo,081,765935,55993,54711,973,55684,579
2021-12-01,Santa Barbara,083,443738,46162,45681,1632,47313,554
2021-12-01,Santa Clara,085,1922200,152781,150961,1585,152546,1925
2021-12-01,Santa Cruz,087,273765,21540,21191,1044,22235,224
2021-12-01,Shasta,089,179085,22590,22375,3719,26094,410
2021-12-01,Sierra,091,2930,200,195,21,216,0
2021-12-01,Siskiyou,093,43540,3460,3391,1360,4751,55
2021-12-01,Solano,095,438530,47249,46485,1360,47845,360
2021-12-01,Sonoma,097,501317,43188,42713,575,43288,405
2021-12-01,Stanislaus,099,539301,81261,81330,9300,90630,1231
2021-12-01,Sutter,101,95872,14266,14229,397,14626,186
2021-12-01,Tehama,103,63373,8809,8728,1550,10278,130
2021-12-01,Trinity,105,12862,903,801,227,1028,17
2021-12-01,Tulare,107,460477,71116,69953,16212,86165,1098
2021-12-01,Tuolumne,109,53932,7715,7655,111,7766,91
2021-12-01,Ventura,111,848112,100760,99680,4455,104135,1191
2021-12-01,Yolo,113,214977,20644,20393,1259,21652,260
2021-12-01,Yuba,115,75493,10503,10401,380,10781,89
2021-11-30,Alameda,001,1643700,123244,122196,2945,125141,1489
2021-11-30,Alpine,003,1148,105,108,0,108,0
2021-11-30,Amador,005,37829,5761,5716,70,5786,66
2021-11-30,Butte,007,227075,21848,21565,3926,25491,318
2021-11-30,Calaveras,009,45235,4422,4360,60,4420,88
2021-11-30,Colusa,011,21464,2619,2592,675,3267,21
2021-11-30,Contra Costa,013,1133247,102377,101538,2341,103879,1046
2021-11-30,Del Norte,015,27424,3778,3718,56,3774,42
2021-11-30,El Dorado,017,186661,16815,16558,1796,18354,166
2021-11-30,Fresno,019,978130,146198,144384,13297,157681,2259
2021-11-30,Glenn,021,27897,3592,3555,1039,4594,36
2021-11-30,Humboldt,023,135768,9656,9539,670,10209,116
2021-11-30,Imperial,025,180216,35507,34999,3613,38612,773
2021-11-30,Inyo,027,18085,2559,2530,42,2572,46
2021-11-30,Kern,029,883053,132791,131451,23976,155427,1799
2021-11-30,Kings,031,150075,33541,33074,2056,35130,362
2021-11-30,Lake,033,64148,6944,6892,158,7050,110
2021-11-30,Lassen,035,31185,7064,7003,420,7423,51
2021-11-30,Los Angeles,037,10098052,1472761,1460177,56369,1516546,26913
2021-11-30,Madera,039,155013,24382,24108,2308,26416,307
2021-11-30,Marin,041,260295,18241,18010,518,18528,249
2021-11-30,Mariposa,043,17540,1443,1412,61,1473,6
2021-11-30,Mendocino,045,87422,8124,7960,664,8624,89
2021-11-30,Merced,047,269075,43431,43200,2118,45318,668
2021-11-30,Modoc,049,8938,597,576,202,778,5
2021-11-30,Mono,051,14174,1908,1873,23,1896,4
2021-11-30,Monterey,053,433212,49864,48581,3223,51804,626
2021-11-30,Napa,055,140530,13384,13308,120,13428,105
2021-11-30,Nevada,057,99092,9843,9699,347,10046,105
2021-11-30,Orange,059,3164182,315221,312451,16168,328619,5724
2021-11-30,Placer,061,380077,38842,38324,3884,42208,470
2021-11-30,Plumas,063,18699,1956,1887,44,1931,7
2021-11-30,Riverside,065,2383286,375820,370739,16820,387559,5358
2021-11-30,Sacramento,067,1510023,164846,163420,4948,168368,2353
2021-11-30,San Benito,069,59416,7689,7645,183,7828,78
2021-11-30,San Bernardino,071,2135413,367011,363006,11724,374730,5967
2021-11-30,San Diego,073,3302833,388392,385405,22705,408110,4340
2021-11-30,San Francisco,075,870044,54889,54147,2449,56596,672
2021-11-30,San Joaquin,077,732212,102905,101972,5654,107626,1834
2021-11-30,San Luis Obispo,079,281455,30688,30200,1334,31534,360
2021-11-30,San Mateo,081,765935,55888,54656,963,55619,579
2021-11-30,Santa Barbara,083,443738,46066,45628,1626,47254,553
2021-11-30,Santa Clara,085,1922200,152522,150799,1567,152366,1929
2021-11-30,Santa Cruz,087,273765,21482,21169,1040,22209,224
2021-11-30,Shasta,089,179085,22560,22347,3716,26063,401
2021-11-30,Sierra,091,2930,197,195,21,216,0
2021-11-30,Siskiyou,093,43540,3456,3385,1357,4742,55
2021-11-30,Solano,095,438530,47186,46434,1354,47788,358
2021-11-30,Sonoma,097,501317,43109,42663,573,43236,405
2021-11-30,Stanislaus,099,539301,81161,81276,9273,90549,1227
2021-11-30,Sutter,101,95872,14255,14210,394,14604,186
2021-11-30,Tehama,103,63373,8802,8727,1549,10276,130
2021-11-30,Trinity,105,12862,902,799,227,1026,17
2021-11-30,Tulare,107,460477,71030,69900,16162,86062,1099
2021-11-30,Tuolumne,109,53932,7700,7643,111,7754,91
2021-11-30,Ventura,111,848112,100606,99601,4443,104044,1191
2021-11-30,Yolo,113,214977,20602,20376,1253,21629,260
2021-11-30,Yuba,115,75493,10484,10398,375,10773,89
2021-11-29,Alameda,001,1643700,123087,122136,2936,125072,1489
2021-11-29,Alpine,003,1148,105,108,0,108,0
2021-11-29,Amador,005,37829,5754,5706,70,5776,66
2021-11-29,Butte,007,227075,21816,21544,3920,25464,314
2021-11-29,Calaveras,009,45235,4406,4353,60,4413,88
2021-11-29,Colusa,011,21464,2617,2585,672,3257,20
2021-11-29,Contra Costa,013,1133247,102228,101441,2333,103774,1046
2021-11-29,Del Norte,015,27424,3775,3704,56,3760,42
2021-11-29,El Dorado,017,186661,16797,16534,1791,18325,166
2021-11-29,Fresno,019,978130,145992,144282,13274,157556,2254
2021-11-29,Glenn,021,27897,3589,3555,1038,4593,36
2021-11-29,Humboldt,023,135768,9639,9514,663,10177,115
2021-11-29,Imperial,025,180216,35442,34960,3592,38552,773
2021-11-29,Inyo,027,18085,2554,2529,42,2571,46
2021-11-29,Kern,029,883053,132607,131362,23934,155296,1789
2021-11-29,Kings,031,150075,33488,33059,2052,35111,363
2021-11-29,Lake,033,64148,6932,6889,158,7047,110
2021-11-29,Lassen,035,31185,7061,7003,418,7421,51
2021-11-29,Los Angeles,037,10098052,1470915,1459446,56283,1515729,26889
2021-11-29,Madera,039,155013,24346,24069,2300,26369,307
2021-11-29,Marin,041,260295,18194,17980,513,18493,249
2021-11-29,Mariposa,043,17540,1435,1409,61,1470,6
2021-11-29,Mendocino,045,87422,8107,7954,660,8614,89
2021-11-29,Merced,047,269075,43357,43167,2110,45277,667
2021-11-29,Modoc,049,8938,596,569,202,771,5
2021-11-29,Mono,051,14174,1891,1859,23,1882,4
2021-11-29,Monterey,053,433212,49803,48548,3207,51755,626
2021-11-29,Napa,055,140530,13374,13304,120,13424,104
2021-11-29,Nevada,057,99092,9829,9689,347,10036,105
2021-11-29,Orange,059,3164182,314818,312203,16122,328325,5709
2021-11-29,Placer,061,380077,38777,38261,3879,42140,470
2021-11-29,Plumas,063,18699,1953,1884,44,1928,7
2021-11-29,Riverside,065,2383286,375282,370334,16809,387143,5358
2021-11-29,Sacramento,067,1510023,164599,163282,4915,168197,2342
2021-11-29,San Benito,069,59416,7670,7631,182,7813,77
2021-11-29,San Bernardino,071,2135413,366403,362694,11690,374384,5962
2021-11-29,San Diego,073,3302833,387504,384853,22671,407524,4335
2021-11-29,San Francisco,075,870044,54791,54125,2445,56570,669
2021-11-29,San Joaquin,077,732212,102766,101927,5647,107574,1834
2021-11-29,San Luis Obispo,079,281455,30653,30165,1330,31495,359
2021-11-29,San Mateo,081,765935,55785,54622,959,55581,579
2021-11-29,Santa Barbara,083,443738,45969,45576,1622,47198,549
2021-11-29,Santa Clara,085,1922200,152248,150620,1561,152181,1925
2021-11-29,Santa Cruz,087,273765,21444,21149,1039,22188,224
2021-11-29,Shasta,089,179085,22525,22315,3712,26027,399
2021-11-29,Sierra,091,2930,197,195,21,216,0
2021-11-29,Siskiyou,093,43540,3453,3374,1350,4724,55
2021-11-29,Solano,095,438530,47134,46412,1352,47764,357
2021-11-29,Sonoma,097,501317,43032,42624,570,43194,405
2021-11-29,Stanislaus,099,539301,81080,81227,9255,90482,1223
2021-11-29,Sutter,101,95872,14239,14204,391,14595,186
2021-11-29,Tehama,103,63373,8797,8720,1544,10264,130
2021-11-29,Trinity,105,12862,897,798,227,1025,17
2021-11-29,Tulare,107,460477,70951,69850,16128,85978,1096
2021-11-29,Tuolumne,109,53932,7687,7627,111,7738,90
2021-11-29,Ventura,111,848112,100486,99520,4433,103953,1190
2021-11-29,Yolo,113,214977,20557,20344,1251,21595,257
2021-11-29,Yuba,115,75493,10467,10395,374,10769,89
2021-11-28,Alameda,001,1643700,122866,122082,2930,125012,1491
2021-11-28,Alpine,003,1148,105,108,0,108,0
2021-11-28,Amador,005,37829,5744,5703,70,5773,66
2021-11-28,Butte,007,227075,21777,21530,3918,25448,313
2021-11-28,Calaveras,009,45235,4385,4350,60,4410,88
2021-11-28,Colusa,011,21464,2613,2586,671,3257,19
2021-11-28,Contra Costa,013,1133247,102055,101355,2323,103678,1046
2021-11-28,Del Norte,015,27424,3770,3703,56,3759,42
2021-11-28,El Dorado,017,186661,16756,16527,1789,18316,166
2021-11-28,Fresno,019,978130,145746,144164,13248,157412,2252
2021-11-28,Glenn,021,27897,3586,3547,1036,4583,36
2021-11-28,Humboldt,023,135768,9607,9499,659,10158,115
2021-11-28,Imperial,025,180216,35334,34929,3568,38497,773
2021-11-28,Inyo,027,18085,2547,2531,42,2573,46
2021-11-28,Kern,029,883053,132400,131279,23877,155156,1789
2021-11-28,Kings,031,150075,33415,33057,2045,35102,364
2021-11-28,Lake,033,64148,6922,6885,157,7042,110
2021-11-28,Lassen,035,31185,7052,7002,414,7416,51
2021-11-28,Los Angeles,037,10098052,1468742,1458646,56195,1514841,26878
2021-11-28,Madera,039,155013,24298,24055,2293,26348,307
2021-11-28,Marin,041,260295,18146,17962,509,18471,249
2021-11-28,Mariposa,043,17540,1431,1406,61,1467,6
2021-11-28,Mendocino,045,87422,8077,7943,655,8598,89
2021-11-28,Merced,047,269075,43291,43166,2095,45261,667
2021-11-28,Modoc,049,8938,595,569,202,771,5
2021-11-28,Mono,051,14174,1885,1841,23,1864,4
2021-11-28,Monterey,053,433212,49738,48537,3188,51725,626
2021-11-28,Napa,055,140530,13361,13303,120,13423,104
2021-11-28,Nevada,057,99092,9803,9684,346,10030,105
2021-11-28,Orange,059,3164182,314433,312028,16079,328107,5693
2021-11-28,Placer,061,380077,38695,38240,3860,42100,470
2021-11-28,Plumas,063,18699,1947,1884,43,1927,7
2021-11-28,Riverside,065,2383286,374621,370051,16787,386838,5358
2021-11-28,Sacramento,067,1510023,164241,163170,4892,168062,2335
2021-11-28,San Benito,069,59416,7651,7623,181,7804,77
2021-11-28,San Bernardino,071,2135413,365675,362407,11662,374069,5958
2021-11-28,San Diego,073,3302833,386615,383025,22607,405632,4325
2021-11-28,San Francisco,075,870044,54715,54082,2440,56522,669
2021-11-28,San Joaquin,077,732212,102585,101895,5630,107525,1834
2021-11-28,San Luis Obispo,079,281455,30589,30152,1326,31478,358
2021-11-28,San Mateo,081,765935,55691,54567,955,55522,579
2021-11-28,Santa Barbara,083,443738,45890,45551,1611,47162,549
2021-11-28,Santa Clara,085,1922200,151947,150436,1546,151982,1920
2021-11-28,Santa Cruz,087,273765,21373,21110,1038,22148,224
2021-11-28,Shasta,089,179085,22486,22316,3710,26026,400
2021-11-28,Sierra,091,2930,197,195,21,216,0
2021-11-28,Siskiyou,093,43540,3447,3372,1346,4718,55
2021-11-28,Solano,095,438530,47072,46385,1351,47736,356
2021-11-28,Sonoma,097,501317,42946,42583,567,43150,405
2021-11-28,Stanislaus,099,539301,80962,81181,9233,90414,1223
2021-11-28,Sutter,101,95872,14217,14192,385,14577,186
2021-11-28,Tehama,103,63373,8789,8720,1540,10260,130
2021-11-28,Trinity,105,12862,896,797,227,1024,17
2021-11-28,Tulare,107,460477,70853,69833,16075,85908,1095
2021-11-28,Tuolumne,109,53932,7666,7620,111,7731,90
2021-11-28,Ventura,111,848112,100330,99486,4422,103908,1190
2021-11-28,Yolo,113,214977,20514,20333,1250,21583,257
2021-11-28,Yuba,115,75493,10449,10391,372,10763,89
2021-11-27,Alameda,001,1643700,122768,121618,2927,124545,1477
2021-11-27,Alpine,003,1148,105,106,0,106,0
2021-11-27,Amador,005,37829,5743,5670,70,5740,66
2021-11-27,Butte,007,227075,21754,21384,3913,25297,309
2021-11-27,Calaveras,009,45235,4379,4294,60,4354,85
2021-11-27,Colusa,011,21464,2612,2568,669,3237,19
2021-11-27,Contra Costa,013,1133247,101970,100961,2322,103283,1045
2021-11-27,Del Norte,015,27424,3763,3661,56,3717,42
2021-11-27,El Dorado,017,186661,16721,16399,1788,18187,161
2021-11-27,Fresno,019,978130,145634,143386,13242,156628,2246
2021-11-27,Glenn,021,27897,3582,3532,1035,4567,36
2021-11-27,Humboldt,023,135768,9579,9399,657,10056,115
2021-11-27,Imperial,025,180216,35252,34611,3552,38163,769
2021-11-27,Inyo,027,18085,2544,2506,42,2548,45
2021-11-27,Kern,029,883053,132316,130245,23848,154093,1773
2021-11-27,Kings,031,150075,33393,32891,2042,34933,358
2021-11-27,Lake,033,64148,6919,6836,156,6992,110
2021-11-27,Lassen,035,31185,7050,6959,413,7372,47
2021-11-27,Los Angeles,037,10098052,1467736,1454495,56125,1510620,26817
2021-11-27,Madera,039,155013,24277,23880,2288,26168,296
2021-11-27,Marin,041,260295,18107,17857,504,18361,248
2021-11-27,Mariposa,043,17540,1429,1374,61,1435,6
2021-11-27,Mendocino,045,87422,8058,7871,655,8526,89
2021-11-27,Merced,047,269075,43256,42921,2092,45013,664
2021-11-27,Modoc,049,8938,593,551,202,753,5
2021-11-27,Mono,051,14174,1883,1810,23,1833,4
2021-11-27,Monterey,053,433212,49705,48400,3174,51574,625
2021-11-27,Napa,055,140530,13347,13256,120,13376,104
2021-11-27,Nevada,057,99092,9781,9584,345,9929,103
2021-11-27,Orange,059,3164182,314181,310809,16042,326851,5665
2021-11-27,Placer,061,380077,38634,38001,3854,41855,468
2021-11-27,Plumas,063,18699,1943,1860,43,1903,7
2021-11-27,Riverside,065,2383286,374263,367601,16780,384381,5306
2021-11-27,Sacramento,067,1510023,164083,162328,4889,167217,2335
2021-11-27,San Benito,069,59416,7635,7575,181,7756,77
2021-11-27,San Bernardino,071,2135413,365243,360033,11653,371686,5932
2021-11-27,San Diego,073,3302833,386120,382634,22581,405215,4319
2021-11-27,San Francisco,075,870044,54665,53830,2437,56267,669
2021-11-27,San Joaquin,077,732212,102518,101368,5627,106995,1833
2021-11-27,San Luis Obispo,079,281455,30554,29983,1322,31305,358
2021-11-27,San Mateo,081,765935,55634,54360,952,55312,577
2021-11-27,Santa Barbara,083,443738,45836,45318,1609,46927,548
2021-11-27,Santa Clara,085,1922200,151740,149700,1539,151239,1922
2021-11-27,Santa Cruz,087,273765,21333,20929,1035,21964,222
2021-11-27,Shasta,089,179085,22463,22151,3709,25860,396
2021-11-27,Sierra,091,2930,196,194,21,215,0
2021-11-27,Siskiyou,093,43540,3444,3336,1344,4680,54
2021-11-27,Solano,095,438530,47036,46163,1348,47511,356
2021-11-27,Sonoma,097,501317,42883,42368,567,42935,405
2021-11-27,Stanislaus,099,539301,80894,80782,9215,89997,1220
2021-11-27,Sutter,101,95872,14209,14127,384,14511,181
2021-11-27,Tehama,103,63373,8787,8675,1539,10214,129
2021-11-27,Trinity,105,12862,896,789,227,1016,17
2021-11-27,Tulare,107,460477,70801,69377,16059,85436,1082
2021-11-27,Tuolumne,109,53932,7653,7574,111,7685,90
2021-11-27,Ventura,111,848112,100257,99163,4415,103578,1188
2021-11-27,Yolo,113,214977,20493,20237,1241,21478,257
2021-11-27,Yuba,115,75493,10438,10335,372,10707,88
2021-11-26,Alameda,001,1643700,122657,121618,2925,124543,1477
2021-11-26,Alpine,003,1148,105,106,0,106,0
2021-11-26,Amador,005,37829,5739,5670,70,5740,66
2021-11-26,Butte,007,227075,21730,21384,3908,25292,309
2021-11-26,Calaveras,009,45235,4370,4294,60,4354,85
2021-11-26,Colusa,011,21464,2610,2568,668,3236,19
2021-11-26,Contra Costa,013,1133247,101882,100961,2318,103279,1045
2021-11-26,Del Norte,015,27424,3760,3661,56,3717,42
2021-11-26,El Dorado,017,186661,16704,16399,1785,18184,161
2021-11-26,Fresno,019,978130,145502,143386,13232,156618,2246
2021-11-26,Glenn,021,27897,3580,3532,1035,4567,36
2021-11-26,Humboldt,023,135768,9560,9399,653,10052,115
2021-11-26,Imperial,025,180216,35195,34611,3539,38150,769
2021-11-26,Inyo,027,18085,2544,2506,42,2548,45
2021-11-26,Kern,029,883053,132233,130245,23804,154049,1773
2021-11-26,Kings,031,150075,33369,32891,2040,34931,358
2021-11-26,Lake,033,64148,6917,6836,156,6992,110
2021-11-26,Lassen,035,31185,7044,6959,413,7372,47
2021-11-26,Los Angeles,037,10098052,1466893,1454495,56063,1510558,26817
2021-11-26,Madera,039,155013,24250,23880,2286,26166,296
2021-11-26,Marin,041,260295,18078,17857,504,18361,248
2021-11-26,Mariposa,043,17540,1423,1374,60,1434,6
2021-11-26,Mendocino,045,87422,8048,7871,655,8526,89
2021-11-26,Merced,047,269075,43226,42921,2087,45008,664
2021-11-26,Modoc,049,8938,591,551,202,753,5
2021-11-26,Mono,051,14174,1872,1810,23,1833,4
2021-11-26,Monterey,053,433212,49661,48400,3167,51567,625
2021-11-26,Napa,055,140530,13331,13256,120,13376,104
2021-11-26,Nevada,057,99092,9769,9584,345,9929,103
2021-11-26,Orange,059,3164182,313912,310809,16010,326819,5665
2021-11-26,Placer,061,380077,38589,38001,3846,41847,468
2021-11-26,Plumas,063,18699,1938,1860,43,1903,7
2021-11-26,Riverside,065,2383286,373862,367601,16773,384374,5306
2021-11-26,Sacramento,067,1510023,163970,162328,4884,167212,2335
2021-11-26,San Benito,069,59416,7627,7575,181,7756,77
2021-11-26,San Bernardino,071,2135413,364817,360033,11646,371679,5932
2021-11-26,San Diego,073,3302833,385575,382634,22569,405203,4319
2021-11-26,San Francisco,075,870044,54618,53830,2435,56265,669
2021-11-26,San Joaquin,077,732212,102461,101368,5626,106994,1833
2021-11-26,San Luis Obispo,079,281455,30512,29983,1319,31302,358
2021-11-26,San Mateo,081,765935,55571,54360,951,55311,577
2021-11-26,Santa Barbara,083,443738,45789,45318,1608,46926,548
2021-11-26,Santa Clara,085,1922200,151571,149700,1531,151231,1922
2021-11-26,Santa Cruz,087,273765,21293,20929,1035,21964,222
2021-11-26,Shasta,089,179085,22443,22151,3707,25858,396
2021-11-26,Sierra,091,2930,196,194,21,215,0
2021-11-26,Siskiyou,093,43540,3441,3336,1343,4679,54
2021-11-26,Solano,095,438530,46995,46163,1347,47510,356
2021-11-26,Sonoma,097,501317,42833,42368,565,42933,405
2021-11-26,Stanislaus,099,539301,80821,80782,9204,89986,1220
2021-11-26,Sutter,101,95872,14196,14127,383,14510,181
2021-11-26,Tehama,103,63373,8785,8675,1538,10213,129
2021-11-26,Trinity,105,12862,895,789,227,1016,17
2021-11-26,Tulare,107,460477,70755,69377,16027,85404,1082
2021-11-26,Tuolumne,109,53932,7643,7574,111,7685,90
2021-11-26,Ventura,111,848112,100177,99163,4410,103573,1188
2021-11-26,Yolo,113,214977,20474,20237,1233,21470,257
2021-11-26,Yuba,115,75493,10432,10335,372,10707,88
2021-11-25,Alameda,001,1643700,122549,121618,2920,124538,1477
2021-11-25,Alpine,003,1148,105,106,0,106,0
2021-11-25,Amador,005,37829,5731,5670,70,5740,66
2021-11-25,Butte,007,227075,21712,21384,3906,25290,309
2021-11-25,Calaveras,009,45235,4365,4294,60,4354,85
2021-11-25,Colusa,011,21464,2607,2568,666,3234,19
2021-11-25,Contra Costa,013,1133247,101778,100961,2314,103275,1045
2021-11-25,Del Norte,015,27424,3755,3661,56,3717,42
2021-11-25,El Dorado,017,186661,16685,16399,1784,18183,161
2021-11-25,Fresno,019,978130,145368,143386,13223,156609,2246
2021-11-25,Glenn,021,27897,3579,3532,1034,4566,36
2021-11-25,Humboldt,023,135768,9541,9399,650,10049,115
2021-11-25,Imperial,025,180216,35150,34611,3528,38139,769
2021-11-25,Inyo,027,18085,2542,2506,42,2548,45
2021-11-25,Kern,029,883053,132135,130245,23758,154003,1773
2021-11-25,Kings,031,150075,33341,32891,2039,34930,358
2021-11-25,Lake,033,64148,6910,6836,156,6992,110
2021-11-25,Lassen,035,31185,7042,6959,412,7371,47
2021-11-25,Los Angeles,037,10098052,1465927,1454495,56006,1510501,26817
2021-11-25,Madera,039,155013,24214,23880,2285,26165,296
2021-11-25,Marin,041,260295,18051,17857,498,18355,248
2021-11-25,Mariposa,043,17540,1420,1374,60,1434,6
2021-11-25,Mendocino,045,87422,8030,7871,655,8526,89
2021-11-25,Merced,047,269075,43187,42921,2081,45002,664
2021-11-25,Modoc,049,8938,590,551,202,753,5
2021-11-25,Mono,051,14174,1861,1810,23,1833,4
2021-11-25,Monterey,053,433212,49617,48400,3158,51558,625
2021-11-25,Napa,055,140530,13323,13256,120,13376,104
2021-11-25,Nevada,057,99092,9750,9584,342,9926,103
2021-11-25,Orange,059,3164182,313650,310809,15978,326787,5665
2021-11-25,Placer,061,380077,38543,38001,3840,41841,468
2021-11-25,Plumas,063,18699,1936,1860,43,1903,7
2021-11-25,Riverside,065,2383286,373448,367601,16766,384367,5306
2021-11-25,Sacramento,067,1510023,163791,162328,4878,167206,2335
2021-11-25,San Benito,069,59416,7620,7575,181,7756,77
2021-11-25,San Bernardino,071,2135413,364423,360033,11629,371662,5932
2021-11-25,San Diego,073,3302833,385134,382634,22550,405184,4319
2021-11-25,San Francisco,075,870044,54568,53830,2432,56262,669
2021-11-25,San Joaquin,077,732212,102378,101368,5622,106990,1833
2021-11-25,San Luis Obispo,079,281455,30482,29983,1317,31300,358
2021-11-25,San Mateo,081,765935,55522,54360,949,55309,577
2021-11-25,Santa Barbara,083,443738,45750,45318,1606,46924,548
2021-11-25,Santa Clara,085,1922200,151414,149700,1526,151226,1922
2021-11-25,Santa Cruz,087,273765,21260,20929,1035,21964,222
2021-11-25,Shasta,089,179085,22417,22151,3707,25858,396
2021-11-25,Sierra,091,2930,196,194,21,215,0
2021-11-25,Siskiyou,093,43540,3438,3336,1343,4679,54
2021-11-25,Solano,095,438530,46958,46163,1346,47509,356
2021-11-25,Sonoma,097,501317,42776,42368,561,42929,405
2021-11-25,Stanislaus,099,539301,80756,80782,9190,89972,1220
2021-11-25,Sutter,101,95872,14180,14127,382,14509,181
2021-11-25,Tehama,103,63373,8777,8675,1538,10213,129
2021-11-25,Trinity,105,12862,895,789,227,1016,17
2021-11-25,Tulare,107,460477,70687,69377,16000,85377,1082
2021-11-25,Tuolumne,109,53932,7631,7574,111,7685,90
2021-11-25,Ventura,111,848112,100110,99163,4407,103570,1188
2021-11-25,Yolo,113,214977,20444,20237,1228,21465,257
2021-11-25,Yuba,115,75493,10423,10335,371,10706,88
2021-11-24,Alameda,001,1643700,122485,121618,2916,124534,1477
2021-11-24,Alpine,003,1148,105,106,0,106,0
2021-11-24,Amador,005,37829,5721,5670,70,5740,66
2021-11-24,Butte,007,227075,21696,21384,3905,25289,309
2021-11-24,Calaveras,009,45235,4358,4294,60,4354,85
2021-11-24,Colusa,011,21464,2607,2568,665,3233,19
2021-11-24,Contra Costa,013,1133247,101740,100961,2311,103272,1045
2021-11-24,Del Norte,015,27424,3752,3661,56,3717,42
2021-11-24,El Dorado,017,186661,16674,16399,1783,18182,161
2021-11-24,Fresno,019,978130,145313,143386,13222,156608,2246
2021-11-24,Glenn,021,27897,3574,3532,1033,4565,36
2021-11-24,Humboldt,023,135768,9526,9399,650,10049,115
2021-11-24,Imperial,025,180216,35121,34611,3522,38133,769
2021-11-24,Inyo,027,18085,2539,2506,42,2548,45
2021-11-24,Kern,029,883053,132073,130245,23746,153991,1773
2021-11-24,Kings,031,150075,33327,32891,2038,34929,358
2021-11-24,Lake,033,64148,6906,6836,156,6992,110
2021-11-24,Lassen,035,31185,7042,6959,412,7371,47
2021-11-24,Los Angeles,037,10098052,1465441,1454495,55962,1510457,26817
2021-11-24,Madera,039,155013,24191,23880,2279,26159,296
2021-11-24,Marin,041,260295,18039,17857,496,18353,248
2021-11-24,Mariposa,043,17540,1420,1374,60,1434,6
2021-11-24,Mendocino,045,87422,8018,7871,655,8526,89
2021-11-24,Merced,047,269075,43155,42921,2078,44999,664
2021-11-24,Modoc,049,8938,590,551,202,753,5
2021-11-24,Mono,051,14174,1858,1810,23,1833,4
2021-11-24,Monterey,053,433212,49604,48400,3156,51556,625
2021-11-24,Napa,055,140530,13319,13256,120,13376,104
2021-11-24,Nevada,057,99092,9735,9584,342,9926,103
2021-11-24,Orange,059,3164182,313495,310809,15963,326772,5665
2021-11-24,Placer,061,380077,38510,38001,3838,41839,468
2021-11-24,Plumas,063,18699,1934,1860,43,1903,7
2021-11-24,Riverside,065,2383286,373268,367601,16760,384361,5306
2021-11-24,Sacramento,067,1510023,163719,162328,4878,167206,2335
2021-11-24,San Benito,069,59416,7618,7575,181,7756,77
2021-11-24,San Bernardino,071,2135413,364211,360033,11619,371652,5932
2021-11-24,San Diego,073,3302833,384876,382634,22537,405171,4319
2021-11-24,San Francisco,075,870044,54537,53830,2430,56260,669
2021-11-24,San Joaquin,077,732212,102337,101368,5619,106987,1833
2021-11-24,San Luis Obispo,079,281455,30463,29983,1317,31300,358
2021-11-24,San Mateo,081,765935,55492,54360,948,55308,577
2021-11-24,Santa Barbara,083,443738,45723,45318,1606,46924,548
2021-11-24,Santa Clara,085,1922200,151318,149700,1525,151225,1922
2021-11-24,Santa Cruz,087,273765,21237,20929,1034,21963,222
2021-11-24,Shasta,089,179085,22406,22151,3704,25855,396
2021-11-24,Sierra,091,2930,196,194,21,215,0
2021-11-24,Siskiyou,093,43540,3435,3336,1343,4679,54
2021-11-24,Solano,095,438530,46930,46163,1344,47507,356
2021-11-24,Sonoma,097,501317,42744,42368,559,42927,405
2021-11-24,Stanislaus,099,539301,80719,80782,9185,89967,1220
2021-11-24,Sutter,101,95872,14167,14127,380,14507,181
2021-11-24,Tehama,103,63373,8774,8675,1537,10212,129
2021-11-24,Trinity,105,12862,895,789,227,1016,17
2021-11-24,Tulare,107,460477,70663,69377,15981,85358,1082
2021-11-24,Tuolumne,109,53932,7627,7574,111,7685,90
2021-11-24,Ventura,111,848112,100075,99163,4403,103566,1188
2021-11-24,Yolo,113,214977,20436,20237,1227,21464,257
2021-11-24,Yuba,115,75493,10419,10335,370,10705,88
2021-11-23,Alameda,001,1643700,122366,121618,2909,124527,1477
2021-11-23,Alpine,003,1148,105,106,0,106,0
2021-11-23,Amador,005,37829,5714,5670,70,5740,66
2021-11-23,Butte,007,227075,21667,21384,3901,25285,309
2021-11-23,Calaveras,009,45235,4352,4294,59,4353,85
2021-11-23,Colusa,011,21464,2603,2568,663,3231,19
2021-11-23,Contra Costa,013,1133247,101633,100961,2309,103270,1045
2021-11-23,Del Norte,015,27424,3749,3661,56,3717,42
2021-11-23,El Dorado,017,186661,16642,16399,1780,18179,161
2021-11-23,Fresno,019,978130,145175,143386,13213,156599,2246
2021-11-23,Glenn,021,27897,3569,3532,1033,4565,36
2021-11-23,Humboldt,023,135768,9504,9399,647,10046,115
2021-11-23,Imperial,025,180216,35052,34611,3503,38114,769
2021-11-23,Inyo,027,18085,2535,2506,42,2548,45
2021-11-23,Kern,029,883053,131964,130245,23697,153942,1773
2021-11-23,Kings,031,150075,33285,32891,2037,34928,358
2021-11-23,Lake,033,64148,6901,6836,156,6992,110
2021-11-23,Lassen,035,31185,7039,6959,409,7368,47
2021-11-23,Los Angeles,037,10098052,1464426,1454495,55894,1510389,26817
2021-11-23,Madera,039,155013,24165,23880,2277,26157,296
2021-11-23,Marin,041,260295,18008,17857,493,18350,248
2021-11-23,Mariposa,043,17540,1417,1374,60,1434,6
2021-11-23,Mendocino,045,87422,7997,7871,652,8523,89
2021-11-23,Merced,047,269075,43117,42921,2077,44998,664
2021-11-23,Modoc,049,8938,588,551,202,753,5
2021-11-23,Mono,051,14174,1844,1810,23,1833,4
2021-11-23,Monterey,053,433212,49568,48400,3150,51550,625
2021-11-23,Napa,055,140530,13310,13256,120,13376,104
2021-11-23,Nevada,057,99092,9706,9584,341,9925,103
2021-11-23,Orange,059,3164182,313245,310809,15927,326736,5665
2021-11-23,Placer,061,380077,38451,38001,3821,41822,468
2021-11-23,Plumas,063,18699,1930,1860,43,1903,7
2021-11-23,Riverside,065,2383286,372885,367601,16747,384348,5306
2021-11-23,Sacramento,067,1510023,163533,162328,4867,167195,2335
2021-11-23,San Benito,069,59416,7609,7575,179,7754,77
2021-11-23,San Bernardino,071,2135413,363794,360033,11604,371637,5932
2021-11-23,San Diego,073,3302833,384393,382634,22514,405148,4319
2021-11-23,San Francisco,075,870044,54478,53830,2427,56257,669
2021-11-23,San Joaquin,077,732212,102228,101368,5608,106976,1833
2021-11-23,San Luis Obispo,079,281455,30428,29983,1314,31297,358
2021-11-23,San Mateo,081,765935,55443,54360,947,55307,577
2021-11-23,Santa Barbara,083,443738,45670,45318,1606,46924,548
2021-11-23,Santa Clara,085,1922200,151107,149700,1513,151213,1922
2021-11-23,Santa Cruz,087,273765,21199,20929,1034,21963,222
2021-11-23,Shasta,089,179085,22370,22151,3702,25853,396
2021-11-23,Sierra,091,2930,196,194,21,215,0
2021-11-23,Siskiyou,093,43540,3430,3336,1342,4678,54
2021-11-23,Solano,095,438530,46876,46163,1340,47503,356
2021-11-23,Sonoma,097,501317,42693,42368,556,42924,405
2021-11-23,Stanislaus,099,539301,80650,80782,9172,89954,1220
2021-11-23,Sutter,101,95872,14151,14127,379,14506,181
2021-11-23,Tehama,103,63373,8761,8675,1536,10211,129
2021-11-23,Trinity,105,12862,894,789,227,1016,17
2021-11-23,Tulare,107,460477,70616,69377,15951,85328,1082
2021-11-23,Tuolumne,109,53932,7615,7574,110,7684,90
2021-11-23,Ventura,111,848112,99992,99163,4397,103560,1188
2021-11-23,Yolo,113,214977,20415,20237,1219,21456,257
2021-11-23,Yuba,115,75493,10407,10335,370,10705,88
2021-11-22,Alameda,001,1643700,122253,121566,2906,124472,1475
2021-11-22,Alpine,003,1148,105,106,0,106,0
2021-11-22,Amador,005,37829,5701,5670,70,5740,66
2021-11-22,Butte,007,227075,21629,21363,3895,25258,305
2021-11-22,Calaveras,009,45235,4340,4294,59,4353,84
2021-11-22,Colusa,011,21464,2600,2565,663,3228,19
2021-11-22,Contra Costa,013,1133247,101545,100877,2304,103181,1045
2021-11-22,Del Norte,015,27424,3746,3659,56,3715,42
2021-11-22,El Dorado,017,186661,16619,16378,1777,18155,161
2021-11-22,Fresno,019,978130,145042,143290,13205,156495,2243
2021-11-22,Glenn,021,27897,3564,3530,1032,4562,36
2021-11-22,Humboldt,023,135768,9478,9389,642,10031,115
2021-11-22,Imperial,025,180216,34991,34562,3489,38051,766
2021-11-22,Inyo,027,18085,2529,2501,42,2543,44
2021-11-22,Kern,029,883053,131803,130091,23646,153737,1762
2021-11-22,Kings,031,150075,33248,32867,2032,34899,358
2021-11-22,Lake,033,64148,6896,6837,156,6993,110
2021-11-22,Lassen,035,31185,7037,6954,408,7362,47
2021-11-22,Los Angeles,037,10098052,1463363,1453945,55811,1509756,26800
2021-11-22,Madera,039,155013,24131,23872,2269,26141,296
2021-11-22,Marin,041,260295,17977,17842,491,18333,248
2021-11-22,Mariposa,043,17540,1413,1372,60,1432,6
2021-11-22,Mendocino,045,87422,7981,7859,651,8510,89
2021-11-22,Merced,047,269075,43066,42898,2066,44964,660
2021-11-22,Modoc,049,8938,587,551,202,753,5
2021-11-22,Mono,051,14174,1837,1809,23,1832,4
2021-11-22,Monterey,053,433212,49540,48374,3146,51520,611
2021-11-22,Napa,055,140530,13302,13255,119,13374,104
2021-11-22,Nevada,057,99092,9689,9575,339,9914,96
2021-11-22,Orange,059,3164182,313004,310654,15901,326555,5663
2021-11-22,Placer,061,380077,38406,37956,3813,41769,465
2021-11-22,Plumas,063,18699,1927,1858,43,1901,7
2021-11-22,Riverside,065,2383286,372448,367301,16738,384039,5283
2021-11-22,Sacramento,067,1510023,163341,162222,4858,167080,2328
2021-11-22,San Benito,069,59416,7589,7567,179,7746,77
2021-11-22,San Bernardino,071,2135413,363381,359851,11594,371445,5916
2021-11-22,San Diego,073,3302833,383899,382132,22490,404622,4317
2021-11-22,San Francisco,075,870044,54386,53778,2421,56199,669
2021-11-22,San Joaquin,077,732212,102103,101299,5603,106902,1833
2021-11-22,San Luis Obispo,079,281455,30402,29963,1311,31274,358
2021-11-22,San Mateo,081,765935,55386,54330,945,55275,577
2021-11-22,Santa Barbara,083,443738,45594,45279,1606,46885,546
2021-11-22,Santa Clara,085,1922200,150923,149541,1503,151044,1919
2021-11-22,Santa Cruz,087,273765,21158,20891,1034,21925,222
2021-11-22,Shasta,089,179085,22356,22116,3697,25813,393
2021-11-22,Sierra,091,2930,196,193,21,214,0
2021-11-22,Siskiyou,093,43540,3425,3336,1340,4676,54
2021-11-22,Solano,095,438530,46827,46153,1338,47491,356
2021-11-22,Sonoma,097,501317,42632,42344,555,42899,404
2021-11-22,Stanislaus,099,539301,80562,80718,9162,89880,1209
2021-11-22,Sutter,101,95872,14135,14125,377,14502,181
2021-11-22,Tehama,103,63373,8754,8669,1531,10200,127
2021-11-22,Trinity,105,12862,893,785,227,1012,17
2021-11-22,Tulare,107,460477,70554,69314,15914,85228,1075
2021-11-22,Tuolumne,109,53932,7600,7567,110,7677,90
2021-11-22,Ventura,111,848112,99926,99114,4394,103508,1186
2021-11-22,Yolo,113,214977,20392,20227,1217,21444,257
2021-11-22,Yuba,115,75493,10398,10332,369,10701,88
2021-11-21,Alameda,001,1643700,122122,121443,2902,124345,1475
2021-11-21,Alpine,003,1148,103,106,0,106,0
2021-11-21,Amador,005,37829,5696,5662,69,5731,66
2021-11-21,Butte,007,227075,21587,21342,3890,25232,306
2021-11-21,Calaveras,009,45235,4331,4287,59,4346,84
2021-11-21,Colusa,011,21464,2596,2562,662,3224,19
2021-11-21,Contra Costa,013,1133247,101443,100807,2298,103105,1045
2021-11-21,Del Norte,015,27424,3742,3659,56,3715,42
2021-11-21,El Dorado,017,186661,16592,16370,1771,18141,161
2021-11-21,Fresno,019,978130,144870,143203,13185,156388,2242
2021-11-21,Glenn,021,27897,3560,3529,1032,4561,36
2021-11-21,Humboldt,023,135768,9455,9378,641,10019,115
2021-11-21,Imperial,025,180216,34903,34527,3479,38006,766
2021-11-21,Inyo,027,18085,2522,2501,42,2543,44
2021-11-21,Kern,029,883053,131640,130020,23600,153620,1762
2021-11-21,Kings,031,150075,33210,32843,2028,34871,356
2021-11-21,Lake,033,64148,6889,6834,156,6990,110
2021-11-21,Lassen,035,31185,7028,6953,408,7361,47
2021-11-21,Los Angeles,037,10098052,1462293,1453181,55754,1508935,26793
2021-11-21,Madera,039,155013,24106,23856,2264,26120,296
2021-11-21,Marin,041,260295,17948,17829,488,18317,248
2021-11-21,Mariposa,043,17540,1412,1371,59,1430,6
2021-11-21,Mendocino,045,87422,7975,7846,648,8494,89
2021-11-21,Merced,047,269075,43011,42881,2062,44943,660
2021-11-21,Modoc,049,8938,583,551,202,753,5
2021-11-21,Mono,051,14174,1827,1799,22,1821,4
2021-11-21,Monterey,053,433212,49494,48358,3137,51495,611
2021-11-21,Napa,055,140530,13289,13250,119,13369,104
2021-11-21,Nevada,057,99092,9663,9556,338,9894,96
2021-11-21,Orange,059,3164182,312747,310477,15869,326346,5663
2021-11-21,Placer,061,380077,38324,37929,3812,41741,465
2021-11-21,Plumas,063,18699,1922,1858,43,1901,7
2021-11-21,Riverside,065,2383286,371956,367093,16730,383823,5283
2021-11-21,Sacramento,067,1510023,163124,162087,4848,166935,2327
2021-11-21,San Benito,069,59416,7575,7563,178,7741,77
2021-11-21,San Bernardino,071,2135413,362890,359621,11557,371178,5912
2021-11-21,San Diego,073,3302833,383368,380747,22465,403212,4317
2021-11-21,San Francisco,075,870044,54317,53741,2416,56157,669
2021-11-21,San Joaquin,077,732212,101997,101264,5590,106854,1833
2021-11-21,San Luis Obispo,079,281455,30364,29948,1311,31259,358
2021-11-21,San Mateo,081,765935,55334,54290,943,55233,577
2021-11-21,Santa Barbara,083,443738,45533,45237,1603,46840,546
2021-11-21,Santa Clara,085,1922200,150718,149387,1483,150870,1918
2021-11-21,Santa Cruz,087,273765,21114,20866,1032,21898,222
2021-11-21,Shasta,089,179085,22326,22112,3695,25807,393
2021-11-21,Sierra,091,2930,196,193,21,214,0
2021-11-21,Siskiyou,093,43540,3420,3333,1339,4672,54
2021-11-21,Solano,095,438530,46771,46122,1331,47453,356
2021-11-21,Sonoma,097,501317,42572,42298,554,42852,404
2021-11-21,Stanislaus,099,539301,80467,80687,9147,89834,1209
2021-11-21,Sutter,101,95872,14121,14111,377,14488,181
2021-11-21,Tehama,103,63373,8748,8669,1530,10199,127
2021-11-21,Trinity,105,12862,891,784,225,1009,17
2021-11-21,Tulare,107,460477,70470,69285,15875,85160,1075
2021-11-21,Tuolumne,109,53932,7592,7560,109,7669,90
2021-11-21,Ventura,111,848112,99835,99081,4390,103471,1186
2021-11-21,Yolo,113,214977,20364,20209,1214,21423,257
2021-11-21,Yuba,115,75493,10389,10326,369,10695,88
2021-11-20,Alameda,001,1643700,122029,121059,2895,123954,1473
2021-11-20,Alpine,003,1148,103,105,0,105,0
2021-11-20,Amador,005,37829,5690,5652,68,5720,66
2021-11-20,Butte,007,227075,21572,21265,3886,25151,300
2021-11-20,Calaveras,009,45235,4321,4268,59,4327,84
2021-11-20,Colusa,011,21464,2595,2549,661,3210,19
2021-11-20,Contra Costa,013,1133247,101366,100491,2294,102785,1043
2021-11-20,Del Norte,015,27424,3739,3637,56,3693,42
2021-11-20,El Dorado,017,186661,16571,16308,1769,18077,161
2021-11-20,Fresno,019,978130,144800,142579,13176,155755,2233
2021-11-20,Glenn,021,27897,3559,3526,1031,4557,35
2021-11-20,Humboldt,023,135768,9442,9302,639,9941,115
2021-11-20,Imperial,025,180216,34851,34312,3473,37785,766
2021-11-20,Inyo,027,18085,2521,2467,42,2509,44
2021-11-20,Kern,029,883053,131539,129488,23563,153051,1750
2021-11-20,Kings,031,150075,33200,32720,2028,34748,354
2021-11-20,Lake,033,64148,6886,6808,156,6964,110
2021-11-20,Lassen,035,31185,7027,6931,408,7339,47
2021-11-20,Los Angeles,037,10098052,1461673,1448963,55706,1504669,26741
2021-11-20,Madera,039,155013,24092,23720,2260,25980,296
2021-11-20,Marin,041,260295,17933,17774,488,18262,248
2021-11-20,Mariposa,043,17540,1411,1354,59,1413,6
2021-11-20,Mendocino,045,87422,7967,7773,648,8421,89
2021-11-20,Merced,047,269075,42985,42692,2062,44754,656
2021-11-20,Modoc,049,8938,582,550,202,752,5
2021-11-20,Mono,051,14174,1821,1767,22,1789,4
2021-11-20,Monterey,053,433212,49481,48260,3129,51389,609
2021-11-20,Napa,055,140530,13286,13184,119,13303,103
2021-11-20,Nevada,057,99092,9647,9480,338,9818,92
2021-11-20,Orange,059,3164182,312548,309672,15852,325524,5658
2021-11-20,Placer,061,380077,38284,37800,3807,41607,462
2021-11-20,Plumas,063,18699,1918,1841,43,1884,7
2021-11-20,Riverside,065,2383286,371683,365809,16718,382527,5265
2021-11-20,Sacramento,067,1510023,163020,161533,4844,166377,2316
2021-11-20,San Benito,069,59416,7571,7533,178,7711,77
2021-11-20,San Bernardino,071,2135413,362616,358322,11546,369868,5897
2021-11-20,San Diego,073,3302833,383043,380147,22439,402586,4311
2021-11-20,San Francisco,075,870044,54278,53525,2415,55940,669
2021-11-20,San Joaquin,077,732212,101947,100922,5585,106507,1832
2021-11-20,San Luis Obispo,079,281455,30350,29815,1310,31125,355
2021-11-20,San Mateo,081,765935,55300,54132,942,55074,577
2021-11-20,Santa Barbara,083,443738,45501,45074,1603,46677,544
2021-11-20,Santa Clara,085,1922200,150611,148829,1482,150311,1917
2021-11-20,Santa Cruz,087,273765,21096,20756,1032,21788,222
2021-11-20,Shasta,089,179085,22302,21968,3694,25662,383
2021-11-20,Sierra,091,2930,196,191,21,212,0
2021-11-20,Siskiyou,093,43540,3417,3313,1339,4652,54
2021-11-20,Solano,095,438530,46750,46006,1331,47337,356
2021-11-20,Sonoma,097,501317,42541,42151,554,42705,403
2021-11-20,Stanislaus,099,539301,80421,80412,9143,89555,1205
2021-11-20,Sutter,101,95872,14113,14074,377,14451,181
2021-11-20,Tehama,103,63373,8743,8648,1530,10178,125
2021-11-20,Trinity,105,12862,887,771,225,996,17
2021-11-20,Tulare,107,460477,70431,69074,15854,84928,1054
2021-11-20,Tuolumne,109,53932,7584,7511,109,7620,90
2021-11-20,Ventura,111,848112,99786,98893,4383,103276,1186
2021-11-20,Yolo,113,214977,20356,20139,1210,21349,257
2021-11-20,Yuba,115,75493,10383,10290,368,10658,88
2021-11-19,Alameda,001,1643700,121953,121059,2892,123951,1473
2021-11-19,Alpine,003,1148,103,105,0,105,0
2021-11-19,Amador,005,37829,5680,5652,68,5720,66
2021-11-19,Butte,007,227075,21549,21265,3879,25144,300
2021-11-19,Calaveras,009,45235,4314,4268,59,4327,84
2021-11-19,Colusa,011,21464,2593,2549,660,3209,19
2021-11-19,Contra Costa,013,1133247,101309,100491,2289,102780,1043
2021-11-19,Del Norte,015,27424,3734,3637,56,3693,42
2021-11-19,El Dorado,017,186661,16549,16308,1767,18075,161
2021-11-19,Fresno,019,978130,144682,142579,13167,155746,2233
2021-11-19,Glenn,021,27897,3558,3526,1030,4556,35
2021-11-19,Humboldt,023,135768,9429,9302,636,9938,115
2021-11-19,Imperial,025,180216,34814,34312,3466,37778,766
2021-11-19,Inyo,027,18085,2517,2467,42,2509,44
2021-11-19,Kern,029,883053,131436,129488,23520,153008,1750
2021-11-19,Kings,031,150075,33175,32720,2026,34746,354
2021-11-19,Lake,033,64148,6883,6808,156,6964,110
2021-11-19,Lassen,035,31185,7022,6931,407,7338,47
2021-11-19,Los Angeles,037,10098052,1460988,1448963,55651,1504614,26741
2021-11-19,Madera,039,155013,24071,23720,2255,25975,296
2021-11-19,Marin,041,260295,17915,17774,486,18260,248
2021-11-19,Mariposa,043,17540,1409,1354,59,1413,6
2021-11-19,Mendocino,045,87422,7947,7773,648,8421,89
2021-11-19,Merced,047,269075,42959,42692,2061,44753,656
2021-11-19,Modoc,049,8938,581,550,202,752,5
2021-11-19,Mono,051,14174,1810,1767,22,1789,4
2021-11-19,Monterey,053,433212,49459,48260,3129,51389,609
2021-11-19,Napa,055,140530,13276,13184,118,13302,103
2021-11-19,Nevada,057,99092,9634,9480,338,9818,92
2021-11-19,Orange,059,3164182,312395,309672,15827,325499,5658
2021-11-19,Placer,061,380077,38247,37800,3803,41603,462
2021-11-19,Plumas,063,18699,1914,1841,43,1884,7
2021-11-19,Riverside,065,2383286,371409,365809,16714,382523,5265
2021-11-19,Sacramento,067,1510023,162895,161533,4840,166373,2316
2021-11-19,San Benito,069,59416,7565,7533,176,7709,77
2021-11-19,San Bernardino,071,2135413,362294,358322,11537,369859,5897
2021-11-19,San Diego,073,3302833,382652,380147,22413,402560,4311
2021-11-19,San Francisco,075,870044,54240,53525,2415,55940,669
2021-11-19,San Joaquin,077,732212,101890,100922,5581,106503,1832
2021-11-19,San Luis Obispo,079,281455,30332,29815,1308,31123,355
2021-11-19,San Mateo,081,765935,55252,54132,938,55070,577
2021-11-19,Santa Barbara,083,443738,45464,45074,1603,46677,544
2021-11-19,Santa Clara,085,1922200,150462,148829,1479,150308,1917
2021-11-19,Santa Cruz,087,273765,21069,20756,1029,21785,222
2021-11-19,Shasta,089,179085,22290,21968,3693,25661,383
2021-11-19,Sierra,091,2930,196,191,21,212,0
2021-11-19,Siskiyou,093,43540,3414,3313,1339,4652,54
2021-11-19,Solano,095,438530,46720,46006,1327,47333,356
2021-11-19,Sonoma,097,501317,42508,42151,551,42702,403
2021-11-19,Stanislaus,099,539301,80364,80412,9133,89545,1205
2021-11-19,Sutter,101,95872,14111,14074,377,14451,181
2021-11-19,Tehama,103,63373,8740,8648,1530,10178,125
2021-11-19,Trinity,105,12862,885,771,225,996,17
2021-11-19,Tulare,107,460477,70390,69074,15826,84900,1054
2021-11-19,Tuolumne,109,53932,7573,7511,109,7620,90
2021-11-19,Ventura,111,848112,99721,98893,4379,103272,1186
2021-11-19,Yolo,113,214977,20345,20139,1208,21347,257
2021-11-19,Yuba,115,75493,10380,10290,368,10658,88
2021-11-18,Alameda,001,1643700,121828,121059,2885,123944,1473
2021-11-18,Alpine,003,1148,103,105,0,105,0
2021-11-18,Amador,005,37829,5678,5652,68,5720,66
2021-11-18,Butte,007,227075,21532,21265,3872,25137,300
2021-11-18,Calaveras,009,45235,4307,4268,58,4326,84
2021-11-18,Colusa,011,21464,2585,2549,660,3209,19
2021-11-18,Contra Costa,013,1133247,101207,100491,2281,102772,1043
2021-11-18,Del Norte,015,27424,3731,3637,56,3693,42
2021-11-18,El Dorado,017,186661,16530,16308,1764,18072,161
2021-11-18,Fresno,019,978130,144542,142579,13157,155736,2233
2021-11-18,Glenn,021,27897,3557,3526,1029,4555,35
2021-11-18,Humboldt,023,135768,9413,9302,631,9933,115
2021-11-18,Imperial,025,180216,34759,34312,3450,37762,766
2021-11-18,Inyo,027,18085,2509,2467,42,2509,44
2021-11-18,Kern,029,883053,131290,129488,23472,152960,1750
2021-11-18,Kings,031,150075,33138,32720,2023,34743,354
2021-11-18,Lake,033,64148,6878,6808,156,6964,110
2021-11-18,Lassen,035,31185,7019,6931,402,7333,47
2021-11-18,Los Angeles,037,10098052,1459998,1448963,55588,1504551,26741
2021-11-18,Madera,039,155013,24046,23720,2251,25971,296
2021-11-18,Marin,041,260295,17898,17774,482,18256,248
2021-11-18,Mariposa,043,17540,1406,1354,59,1413,6
2021-11-18,Mendocino,045,87422,7925,7773,639,8412,89
2021-11-18,Merced,047,269075,42902,42692,2059,44751,656
2021-11-18,Modoc,049,8938,569,550,202,752,5
2021-11-18,Mono,051,14174,1802,1767,22,1789,4
2021-11-18,Monterey,053,433212,49434,48260,3124,51384,609
2021-11-18,Napa,055,140530,13264,13184,117,13301,103
2021-11-18,Nevada,057,99092,9610,9480,338,9818,92
2021-11-18,Orange,059,3164182,312158,309672,15807,325479,5658
2021-11-18,Placer,061,380077,38204,37800,3792,41592,462
2021-11-18,Plumas,063,18699,1913,1841,43,1884,7
2021-11-18,Riverside,065,2383286,371036,365809,16701,382510,5265
2021-11-18,Sacramento,067,1510023,162667,161533,4825,166358,2316
2021-11-18,San Benito,069,59416,7555,7533,176,7709,77
2021-11-18,San Bernardino,071,2135413,361858,358322,11518,369840,5897
2021-11-18,San Diego,073,3302833,382154,380147,22397,402544,4311
2021-11-18,San Francisco,075,870044,54188,53525,2411,55936,669
2021-11-18,San Joaquin,077,732212,101797,100922,5572,106494,1832
2021-11-18,San Luis Obispo,079,281455,30302,29815,1307,31122,355
2021-11-18,San Mateo,081,765935,55193,54132,935,55067,577
2021-11-18,Santa Barbara,083,443738,45418,45074,1596,46670,544
2021-11-18,Santa Clara,085,1922200,150275,148829,1471,150300,1917
2021-11-18,Santa Cruz,087,273765,21018,20756,1028,21784,222
2021-11-18,Shasta,089,179085,22254,21968,3688,25656,383
2021-11-18,Sierra,091,2930,195,191,21,212,0
2021-11-18,Siskiyou,093,43540,3414,3313,1335,4648,54
2021-11-18,Solano,095,438530,46678,46006,1324,47330,356
2021-11-18,Sonoma,097,501317,42459,42151,549,42700,403
2021-11-18,Stanislaus,099,539301,80297,80412,9125,89537,1205
2021-11-18,Sutter,101,95872,14100,14074,376,14450,181
2021-11-18,Tehama,103,63373,8735,8648,1530,10178,125
2021-11-18,Trinity,105,12862,884,771,225,996,17
2021-11-18,Tulare,107,460477,70317,69074,15778,84852,1054
2021-11-18,Tuolumne,109,53932,7563,7511,109,7620,90
2021-11-18,Ventura,111,848112,99644,98893,4375,103268,1186
2021-11-18,Yolo,113,214977,20328,20139,1204,21343,257
2021-11-18,Yuba,115,75493,10374,10290,368,10658,88
2021-11-17,Alameda,001,1643700,121706,120913,2884,123797,1472
2021-11-17,Alpine,003,1148,103,105,0,105,0
2021-11-17,Amador,005,37829,5672,5646,68,5714,66
2021-11-17,Butte,007,227075,21506,21230,3869,25099,300
2021-11-17,Calaveras,009,45235,4300,4259,58,4317,84
2021-11-17,Colusa,011,21464,2582,2546,659,3205,19
2021-11-17,Contra Costa,013,1133247,101114,100387,2277,102664,1039
2021-11-17,Del Norte,015,27424,3728,3630,56,3686,42
2021-11-17,El Dorado,017,186661,16511,16269,1763,18032,161
2021-11-17,Fresno,019,978130,144359,142366,13144,155510,2230
2021-11-17,Glenn,021,27897,3555,3527,1028,4555,34
2021-11-17,Humboldt,023,135768,9402,9270,628,9898,115
2021-11-17,Imperial,025,180216,34703,34256,3428,37684,766
2021-11-17,Inyo,027,18085,2503,2457,42,2499,44
2021-11-17,Kern,029,883053,131117,129307,23430,152737,1743
2021-11-17,Kings,031,150075,33111,32669,2019,34688,352
2021-11-17,Lake,033,64148,6874,6795,155,6950,110
2021-11-17,Lassen,035,31185,7017,6918,402,7320,47
2021-11-17,Los Angeles,037,10098052,1458898,1447947,55522,1503469,26721
2021-11-17,Madera,039,155013,24013,23673,2249,25922,287
2021-11-17,Marin,041,260295,17878,17757,480,18237,248
2021-11-17,Mariposa,043,17540,1402,1353,59,1412,6
2021-11-17,Mendocino,045,87422,7917,7735,638,8373,89
2021-11-17,Merced,047,269075,42843,42612,2054,44666,654
2021-11-17,Modoc,049,8938,565,540,202,742,5
2021-11-17,Mono,051,14174,1798,1765,22,1787,5
2021-11-17,Monterey,053,433212,49386,48221,3113,51334,609
2021-11-17,Napa,055,140530,13240,13167,117,13284,103
2021-11-17,Nevada,057,99092,9597,9447,338,9785,92
2021-11-17,Orange,059,3164182,311910,309396,15773,325169,5651
2021-11-17,Placer,061,380077,38156,37725,3783,41508,460
2021-11-17,Plumas,063,18699,1908,1833,43,1876,7
2021-11-17,Riverside,065,2383286,370625,365406,16688,382094,5229
2021-11-17,Sacramento,067,1510023,162497,161269,4818,166087,2302
2021-11-17,San Benito,069,59416,7548,7524,176,7700,77
2021-11-17,San Bernardino,071,2135413,361491,357947,11501,369448,5893
2021-11-17,San Diego,073,3302833,381664,379769,22371,402140,4301
2021-11-17,San Francisco,075,870044,54133,53469,2408,55877,667
2021-11-17,San Joaquin,077,732212,101695,100764,5567,106331,1828
2021-11-17,San Luis Obispo,079,281455,30276,29731,1304,31035,354
2021-11-17,San Mateo,081,765935,55125,54092,932,55024,577
2021-11-17,Santa Barbara,083,443738,45380,45000,1596,46596,542
2021-11-17,Santa Clara,085,1922200,150111,148626,1463,150089,1915
2021-11-17,Santa Cruz,087,273765,20983,20700,1028,21728,222
2021-11-17,Shasta,089,179085,22221,21883,3686,25569,382
2021-11-17,Sierra,091,2930,194,189,21,210,0
2021-11-17,Siskiyou,093,43540,3410,3307,1332,4639,54
2021-11-17,Solano,095,438530,46645,45948,1323,47271,353
2021-11-17,Sonoma,097,501317,42413,42093,546,42639,403
2021-11-17,Stanislaus,099,539301,80209,80276,9115,89391,1199
2021-11-17,Sutter,101,95872,14086,14064,374,14438,181
2021-11-17,Tehama,103,63373,8725,8633,1527,10160,125
2021-11-17,Trinity,105,12862,883,765,225,990,17
2021-11-17,Tulare,107,460477,70245,68977,15751,84728,1047
2021-11-17,Tuolumne,109,53932,7546,7485,109,7594,90
2021-11-17,Ventura,111,848112,99582,98812,4369,103181,1183
2021-11-17,Yolo,113,214977,20309,20100,1200,21300,257
2021-11-17,Yuba,115,75493,10362,10275,364,10639,88
2021-11-16,Alameda,001,1643700,121596,120809,2880,123689,1467
2021-11-16,Alpine,003,1148,103,105,0,105,0
2021-11-16,Amador,005,37829,5666,5644,68,5712,66
2021-11-16,Butte,007,227075,21481,21208,3864,25072,297
2021-11-16,Calaveras,009,45235,4291,4249,58,4307,83
2021-11-16,Colusa,011,21464,2576,2538,659,3197,19
2021-11-16,Contra Costa,013,1133247,100993,100320,2274,102594,1038
2021-11-16,Del Norte,015,27424,3722,3630,56,3686,42
2021-11-16,El Dorado,017,186661,16486,16248,1761,18009,159
2021-11-16,Fresno,019,978130,144172,142200,13122,155322,2218
2021-11-16,Glenn,021,27897,3554,3527,1025,4552,34
2021-11-16,Humboldt,023,135768,9381,9252,624,9876,115
2021-11-16,Imperial,025,180216,34619,34177,3414,37591,766
2021-11-16,Inyo,027,18085,2496,2449,42,2491,42
2021-11-16,Kern,029,883053,130957,129136,23369,152505,1735
2021-11-16,Kings,031,150075,33058,32614,2012,34626,350
2021-11-16,Lake,033,64148,6869,6789,155,6944,110
2021-11-16,Lassen,035,31185,7007,6915,402,7317,47
2021-11-16,Los Angeles,037,10098052,1457727,1446815,55450,1502265,26703
2021-11-16,Madera,039,155013,23975,23642,2243,25885,287
2021-11-16,Marin,041,260295,17859,17736,479,18215,248
2021-11-16,Mariposa,043,17540,1394,1349,58,1407,6
2021-11-16,Mendocino,045,87422,7875,7723,634,8357,89
2021-11-16,Merced,047,269075,42806,42578,2047,44625,653
2021-11-16,Modoc,049,8938,564,539,201,740,5
2021-11-16,Mono,051,14174,1789,1767,22,1789,4
2021-11-16,Monterey,053,433212,49356,48195,3099,51294,609
2021-11-16,Napa,055,140530,13229,13151,117,13268,103
2021-11-16,Nevada,057,99092,9580,9435,337,9772,92
2021-11-16,Orange,059,3164182,311643,309170,15738,324908,5651
2021-11-16,Placer,061,380077,38114,37676,3777,41453,459
2021-11-16,Plumas,063,18699,1899,1832,43,1875,7
2021-11-16,Riverside,065,2383286,370203,365078,16666,381744,5208
2021-11-16,Sacramento,067,1510023,162317,161102,4806,165908,2299
2021-11-16,San Benito,069,59416,7534,7513,176,7689,77
2021-11-16,San Bernardino,071,2135413,361076,357528,11449,368977,5901
2021-11-16,San Diego,073,3302833,381112,379435,22344,401779,4287
2021-11-16,San Francisco,075,870044,54060,53415,2400,55815,667
2021-11-16,San Joaquin,077,732212,101555,100637,5551,106188,1807
2021-11-16,San Luis Obispo,079,281455,30244,29703,1301,31004,356
2021-11-16,San Mateo,081,765935,55063,54034,930,54964,577
2021-11-16,Santa Barbara,083,443738,45312,44932,1593,46525,539
2021-11-16,Santa Clara,085,1922200,149930,148452,1451,149903,1916
2021-11-16,Santa Cruz,087,273765,20938,20684,1026,21710,222
2021-11-16,Shasta,089,179085,22182,21853,3682,25535,379
2021-11-16,Sierra,091,2930,194,189,21,210,0
2021-11-16,Siskiyou,093,43540,3407,3304,1330,4634,54
2021-11-16,Solano,095,438530,46605,45908,1322,47230,351
2021-11-16,Sonoma,097,501317,42364,42056,545,42601,401
2021-11-16,Stanislaus,099,539301,80114,80214,9091,89305,1196
2021-11-16,Sutter,101,95872,14074,14058,373,14431,181
2021-11-16,Tehama,103,63373,8718,8621,1520,10141,125
2021-11-16,Trinity,105,12862,883,762,224,986,17
2021-11-16,Tulare,107,460477,70165,68881,15714,84595,1039
2021-11-16,Tuolumne,109,53932,7536,7478,109,7587,90
2021-11-16,Ventura,111,848112,99507,98731,4366,103097,1183
2021-11-16,Yolo,113,214977,20270,20077,1198,21275,257
2021-11-16,Yuba,115,75493,10354,10262,362,10624,85
2021-11-15,Alameda,001,1643700,121440,120731,2875,123606,1464
2021-11-15,Alpine,003,1148,103,105,0,105,0
2021-11-15,Amador,005,37829,5661,5637,68,5705,66
2021-11-15,Butte,007,227075,21456,21182,3860,25042,296
2021-11-15,Calaveras,009,45235,4277,4237,58,4295,83
2021-11-15,Colusa,011,21464,2569,2535,656,3191,19
2021-11-15,Contra Costa,013,1133247,100886,100251,2271,102522,1038
2021-11-15,Del Norte,015,27424,3717,3630,55,3685,42
2021-11-15,El Dorado,017,186661,16462,16236,1757,17993,159
2021-11-15,Fresno,019,978130,143949,142015,13100,155115,2210
2021-11-15,Glenn,021,27897,3552,3526,1025,4551,34
2021-11-15,Humboldt,023,135768,9358,9230,616,9846,115
2021-11-15,Imperial,025,180216,34546,34130,3398,37528,766
2021-11-15,Inyo,027,18085,2491,2442,42,2484,42
2021-11-15,Kern,029,883053,130748,128928,23298,152226,1730
2021-11-15,Kings,031,150075,33024,32584,2007,34591,348
2021-11-15,Lake,033,64148,6865,6784,155,6939,109
2021-11-15,Lassen,035,31185,6996,6915,400,7315,47
2021-11-15,Los Angeles,037,10098052,1456542,1446114,55385,1501499,26677
2021-11-15,Madera,039,155013,23937,23605,2232,25837,287
2021-11-15,Marin,041,260295,17842,17723,478,18201,248
2021-11-15,Mariposa,043,17540,1393,1347,56,1403,6
2021-11-15,Mendocino,045,87422,7855,7694,628,8322,89
2021-11-15,Merced,047,269075,42749,42552,2036,44588,648
2021-11-15,Modoc,049,8938,563,538,200,738,5
2021-11-15,Mono,051,14174,1784,1763,22,1785,4
2021-11-15,Monterey,053,433212,49324,48154,3093,51247,609
2021-11-15,Napa,055,140530,13221,13143,117,13260,103
2021-11-15,Nevada,057,99092,9551,9420,336,9756,92
2021-11-15,Orange,059,3164182,311366,308859,15713,324572,5646
2021-11-15,Placer,061,380077,38050,37610,3773,41383,452
2021-11-15,Plumas,063,18699,1892,1829,43,1872,7
2021-11-15,Riverside,065,2383286,369756,364750,16647,381397,5199
2021-11-15,Sacramento,067,1510023,162097,160937,4794,165731,2293
2021-11-15,San Benito,069,59416,7529,7511,175,7686,77
2021-11-15,San Bernardino,071,2135413,360657,357306,11429,368735,5898
2021-11-15,San Diego,073,3302833,380576,378845,22319,401164,4284
2021-11-15,San Francisco,075,870044,53992,53374,2397,55771,667
2021-11-15,San Joaquin,077,732212,101401,100587,5540,106127,1799
2021-11-15,San Luis Obispo,079,281455,30201,29669,1289,30958,351
2021-11-15,San Mateo,081,765935,55010,54010,928,54938,576
2021-11-15,Santa Barbara,083,443738,45256,44879,1587,46466,539
2021-11-15,Santa Clara,085,1922200,149713,148313,1444,149757,1914
2021-11-15,Santa Cruz,087,273765,20896,20630,1025,21655,223
2021-11-15,Shasta,089,179085,22137,21779,3677,25456,374
2021-11-15,Sierra,091,2930,194,189,21,210,0
2021-11-15,Siskiyou,093,43540,3400,3302,1328,4630,54
2021-11-15,Solano,095,438530,46566,45885,1317,47202,351
2021-11-15,Sonoma,097,501317,42313,42021,544,42565,401
2021-11-15,Stanislaus,099,539301,80029,80129,9077,89206,1174
2021-11-15,Sutter,101,95872,14061,14043,372,14415,181
2021-11-15,Tehama,103,63373,8712,8615,1519,10134,125
2021-11-15,Trinity,105,12862,881,757,222,979,17
2021-11-15,Tulare,107,460477,70078,68826,15668,84494,1039
2021-11-15,Tuolumne,109,53932,7525,7461,109,7570,90
2021-11-15,Ventura,111,848112,99423,98605,4361,102966,1183
2021-11-15,Yolo,113,214977,20240,20065,1193,21258,255
2021-11-15,Yuba,115,75493,10335,10254,358,10612,85
2021-11-14,Alameda,001,1643700,121265,120629,2871,123500,1461
2021-11-14,Alpine,003,1148,102,105,0,105,0
2021-11-14,Amador,005,37829,5654,5632,67,5699,66
2021-11-14,Butte,007,227075,21425,21146,3851,24997,296
2021-11-14,Calaveras,009,45235,4266,4222,58,4280,83
2021-11-14,Colusa,011,21464,2567,2532,653,3185,19
2021-11-14,Contra Costa,013,1133247,100778,100188,2269,102457,1038
2021-11-14,Del Norte,015,27424,3714,3629,55,3684,42
2021-11-14,El Dorado,017,186661,16420,16212,1752,17964,159
2021-11-14,Fresno,019,978130,143666,141869,13067,154936,2209
2021-11-14,Glenn,021,27897,3550,3521,1025,4546,34
2021-11-14,Humboldt,023,135768,9328,9215,606,9821,115
2021-11-14,Imperial,025,180216,34443,34078,3383,37461,766
2021-11-14,Inyo,027,18085,2479,2441,42,2483,42
2021-11-14,Kern,029,883053,130508,128842,23228,152070,1730
2021-11-14,Kings,031,150075,32967,32545,2000,34545,349
2021-11-14,Lake,033,64148,6857,6777,155,6932,109
2021-11-14,Lassen,035,31185,6986,6911,399,7310,47
2021-11-14,Los Angeles,037,10098052,1455178,1445284,55309,1500593,26667
2021-11-14,Madera,039,155013,23887,23566,2223,25789,287
2021-11-14,Marin,041,260295,17827,17712,478,18190,247
2021-11-14,Mariposa,043,17540,1383,1337,52,1389,6
2021-11-14,Mendocino,045,87422,7822,7684,623,8307,89
2021-11-14,Merced,047,269075,42659,42513,2030,44543,648
2021-11-14,Modoc,049,8938,561,538,200,738,5
2021-11-14,Mono,051,14174,1772,1760,22,1782,4
2021-11-14,Monterey,053,433212,49269,48135,3075,51210,609
2021-11-14,Napa,055,140530,13203,13132,117,13249,103
2021-11-14,Nevada,057,99092,9523,9408,336,9744,92
2021-11-14,Orange,059,3164182,311046,308699,15692,324391,5646
2021-11-14,Placer,061,380077,37970,37569,3763,41332,452
2021-11-14,Plumas,063,18699,1889,1829,42,1871,7
2021-11-14,Riverside,065,2383286,369258,364490,16630,381120,5199
2021-11-14,Sacramento,067,1510023,161860,160761,4777,165538,2295
2021-11-14,San Benito,069,59416,7518,7507,174,7681,77
2021-11-14,San Bernardino,071,2135413,360076,357014,11412,368426,5897
2021-11-14,San Diego,073,3302833,379980,377633,22288,399921,4280
2021-11-14,San Francisco,075,870044,53917,53338,2392,55730,667
2021-11-14,San Joaquin,077,732212,101273,100518,5535,106053,1799
2021-11-14,San Luis Obispo,079,281455,30119,29645,1285,30930,352
2021-11-14,San Mateo,081,765935,54957,53978,926,54904,576
2021-11-14,Santa Barbara,083,443738,45177,44842,1584,46426,539
2021-11-14,Santa Clara,085,1922200,149515,148152,1436,149588,1913
2021-11-14,Santa Cruz,087,273765,20842,20609,1023,21632,223
2021-11-14,Shasta,089,179085,22085,21771,3664,25435,373
2021-11-14,Sierra,091,2930,194,189,21,210,0
2021-11-14,Siskiyou,093,43540,3391,3302,1327,4629,54
2021-11-14,Solano,095,438530,46510,45860,1310,47170,351
2021-11-14,Sonoma,097,501317,42247,41974,542,42516,401
2021-11-14,Stanislaus,099,539301,79894,80076,9059,89135,1174
2021-11-14,Sutter,101,95872,14044,14031,367,14398,181
2021-11-14,Tehama,103,63373,8702,8607,1517,10124,125
2021-11-14,Trinity,105,12862,878,754,220,974,17
2021-11-14,Tulare,107,460477,69960,68772,15610,84382,1037
2021-11-14,Tuolumne,109,53932,7507,7439,108,7547,90
2021-11-14,Ventura,111,848112,99308,98550,4360,102910,1183
2021-11-14,Yolo,113,214977,20213,20040,1187,21227,255
2021-11-14,Yuba,115,75493,10328,10238,357,10595,85
2021-11-13,Alameda,001,1643700,121193,120407,2869,123276,1454
2021-11-13,Alpine,003,1148,102,105,0,105,0
2021-11-13,Amador,005,37829,5653,5614,67,5681,66
2021-11-13,Butte,007,227075,21405,21104,3848,24952,296
2021-11-13,Calaveras,009,45235,4255,4203,58,4261,83
2021-11-13,Colusa,011,21464,2565,2522,653,3175,19
2021-11-13,Contra Costa,013,1133247,100706,100004,2263,102267,1028
2021-11-13,Del Norte,015,27424,3714,3629,55,3684,42
2021-11-13,El Dorado,017,186661,16408,16163,1749,17912,159
2021-11-13,Fresno,019,978130,143559,141452,13053,154505,2205
2021-11-13,Glenn,021,27897,3550,3514,1024,4538,34
2021-11-13,Humboldt,023,135768,9312,9177,601,9778,115
2021-11-13,Imperial,025,180216,34393,33990,3365,37355,766
2021-11-13,Inyo,027,18085,2473,2436,42,2478,42
2021-11-13,Kern,029,883053,130406,128472,23184,151656,1719
2021-11-13,Kings,031,150075,32950,32452,1999,34451,347
2021-11-13,Lake,033,64148,6852,6769,155,6924,109
2021-11-13,Lassen,035,31185,6981,6897,399,7296,47
2021-11-13,Los Angeles,037,10098052,1454520,1443088,55268,1498356,26649
2021-11-13,Madera,039,155013,23856,23462,2218,25680,287
2021-11-13,Marin,041,260295,17814,17684,476,18160,247
2021-11-13,Mariposa,043,17540,1380,1323,52,1375,6
2021-11-13,Mendocino,045,87422,7803,7652,622,8274,89
2021-11-13,Merced,047,269075,42621,42411,2027,44438,644
2021-11-13,Modoc,049,8938,560,536,200,736,5
2021-11-13,Mono,051,14174,1768,1750,22,1772,4
2021-11-13,Monterey,053,433212,49243,48087,3073,51160,609
2021-11-13,Napa,055,140530,13195,13110,117,13227,103
2021-11-13,Nevada,057,99092,9503,9369,334,9703,92
2021-11-13,Orange,059,3164182,310880,308211,15664,323875,5641
2021-11-13,Placer,061,380077,37920,37453,3760,41213,445
2021-11-13,Plumas,063,18699,1886,1828,42,1870,8
2021-11-13,Riverside,065,2383286,368952,363801,16623,380424,5187
2021-11-13,Sacramento,067,1510023,161723,160397,4764,165161,2291
2021-11-13,San Benito,069,59416,7505,7491,173,7664,77
2021-11-13,San Bernardino,071,2135413,359824,356325,11405,367730,5873
2021-11-13,San Diego,073,3302833,379650,377633,22260,399893,4280
2021-11-13,San Francisco,075,870044,53885,53195,2391,55586,667
2021-11-13,San Joaquin,077,732212,101216,100263,5526,105789,1799
2021-11-13,San Luis Obispo,079,281455,30089,29589,1283,30872,351
2021-11-13,San Mateo,081,765935,54919,53853,925,54778,574
2021-11-13,Santa Barbara,083,443738,45144,44734,1584,46318,537
2021-11-13,Santa Clara,085,1922200,149395,147821,1431,149252,1905
2021-11-13,Santa Cruz,087,273765,20827,20565,1022,21587,223
2021-11-13,Shasta,089,179085,22054,21713,3660,25373,366
2021-11-13,Sierra,091,2930,193,188,21,209,0
2021-11-13,Siskiyou,093,43540,3382,3299,1326,4625,54
2021-11-13,Solano,095,438530,46481,45774,1306,47080,350
2021-11-13,Sonoma,097,501317,42213,41882,541,42423,399
2021-11-13,Stanislaus,099,539301,79819,79872,9045,88917,1174
2021-11-13,Sutter,101,95872,14034,14017,366,14383,181
2021-11-13,Tehama,103,63373,8696,8592,1513,10105,125
2021-11-13,Trinity,105,12862,877,749,220,969,17
2021-11-13,Tulare,107,460477,69894,68619,15587,84206,1033
2021-11-13,Tuolumne,109,53932,7489,7392,108,7500,90
2021-11-13,Ventura,111,848112,99250,98452,4357,102809,1183
2021-11-13,Yolo,113,214977,20199,20009,1182,21191,255
2021-11-13,Yuba,115,75493,10318,10218,355,10573,85
2021-11-12,Alameda,001,1643700,121110,120407,2866,123273,1454
2021-11-12,Alpine,003,1148,102,105,0,105,0
2021-11-12,Amador,005,37829,5649,5614,66,5680,66
2021-11-12,Butte,007,227075,21388,21104,3844,24948,296
2021-11-12,Calaveras,009,45235,4244,4203,58,4261,83
2021-11-12,Colusa,011,21464,2561,2522,652,3174,19
2021-11-12,Contra Costa,013,1133247,100651,100004,2262,102266,1028
2021-11-12,Del Norte,015,27424,3714,3629,55,3684,42
2021-11-12,El Dorado,017,186661,16389,16163,1748,17911,159
2021-11-12,Fresno,019,978130,143416,141452,13039,154491,2205
2021-11-12,Glenn,021,27897,3547,3514,1023,4537,34
2021-11-12,Humboldt,023,135768,9305,9177,599,9776,115
2021-11-12,Imperial,025,180216,34367,33990,3355,37345,766
2021-11-12,Inyo,027,18085,2469,2436,42,2478,42
2021-11-12,Kern,029,883053,130269,128472,23152,151624,1719
2021-11-12,Kings,031,150075,32924,32452,1997,34449,347
2021-11-12,Lake,033,64148,6848,6769,155,6924,109
2021-11-12,Lassen,035,31185,6977,6897,398,7295,47
2021-11-12,Los Angeles,037,10098052,1453793,1443088,55223,1498311,26649
2021-11-12,Madera,039,155013,23827,23462,2213,25675,287
2021-11-12,Marin,041,260295,17798,17684,475,18159,247
2021-11-12,Mariposa,043,17540,1373,1323,52,1375,6
2021-11-12,Mendocino,045,87422,7791,7652,619,8271,89
2021-11-12,Merced,047,269075,42592,42411,2025,44436,644
2021-11-12,Modoc,049,8938,559,536,200,736,5
2021-11-12,Mono,051,14174,1766,1750,22,1772,4
2021-11-12,Monterey,053,433212,49211,48087,3067,51154,609
2021-11-12,Napa,055,140530,13186,13110,117,13227,103
2021-11-12,Nevada,057,99092,9489,9369,333,9702,92
2021-11-12,Orange,059,3164182,310692,308211,15646,323857,5641
2021-11-12,Placer,061,380077,37881,37453,3757,41210,445
2021-11-12,Plumas,063,18699,1880,1828,42,1870,8
2021-11-12,Riverside,065,2383286,368685,363801,16619,380420,5187
2021-11-12,Sacramento,067,1510023,161564,160397,4759,165156,2291
2021-11-12,San Benito,069,59416,7505,7491,173,7664,77
2021-11-12,San Bernardino,071,2135413,359516,356325,11394,367719,5873
2021-11-12,San Diego,073,3302833,379285,377633,22238,399871,4280
2021-11-12,San Francisco,075,870044,53850,53195,2387,55582,667
2021-11-12,San Joaquin,077,732212,101171,100263,5520,105783,1799
2021-11-12,San Luis Obispo,079,281455,30060,29589,1282,30871,351
2021-11-12,San Mateo,081,765935,54869,53853,922,54775,574
2021-11-12,Santa Barbara,083,443738,45089,44734,1583,46317,537
2021-11-12,Santa Clara,085,1922200,149253,147821,1426,149247,1905
2021-11-12,Santa Cruz,087,273765,20799,20565,1020,21585,223
2021-11-12,Shasta,089,179085,22021,21713,3657,25370,366
2021-11-12,Sierra,091,2930,192,188,21,209,0
2021-11-12,Siskiyou,093,43540,3381,3299,1324,4623,54
2021-11-12,Solano,095,438530,46454,45774,1302,47076,350
2021-11-12,Sonoma,097,501317,42173,41882,541,42423,399
2021-11-12,Stanislaus,099,539301,79767,79872,9037,88909,1174
2021-11-12,Sutter,101,95872,14027,14017,366,14383,181
2021-11-12,Tehama,103,63373,8692,8592,1512,10104,125
2021-11-12,Trinity,105,12862,870,749,220,969,17
2021-11-12,Tulare,107,460477,69852,68619,15552,84171,1033
2021-11-12,Tuolumne,109,53932,7476,7392,107,7499,90
2021-11-12,Ventura,111,848112,99185,98452,4356,102808,1183
2021-11-12,Yolo,113,214977,20185,20009,1176,21185,255
2021-11-12,Yuba,115,75493,10309,10218,354,10572,85
2021-11-11,Alameda,001,1643700,120994,120147,2858,123005,1453
2021-11-11,Alpine,003,1148,102,105,0,105,0
2021-11-11,Amador,005,37829,5646,5603,65,5668,66
2021-11-11,Butte,007,227075,21345,21047,3839,24886,293
2021-11-11,Calaveras,009,45235,4226,4179,58,4237,83
2021-11-11,Colusa,011,21464,2553,2518,650,3168,19
2021-11-11,Contra Costa,013,1133247,100546,99808,2257,102065,1028
2021-11-11,Del Norte,015,27424,3712,3622,55,3677,42
2021-11-11,El Dorado,017,186661,16355,16085,1745,17830,159
2021-11-11,Fresno,019,978130,143211,140833,13005,153838,2202
2021-11-11,Glenn,021,27897,3545,3503,1023,4526,34
2021-11-11,Humboldt,023,135768,9282,9125,596,9721,115
2021-11-11,Imperial,025,180216,34298,33844,3333,37177,766
2021-11-11,Inyo,027,18085,2464,2428,42,2470,42
2021-11-11,Kern,029,883053,130084,128023,23088,151111,1709
2021-11-11,Kings,031,150075,32874,32318,1995,34313,345
2021-11-11,Lake,033,64148,6841,6745,155,6900,107
2021-11-11,Lassen,035,31185,6971,6875,398,7273,47
2021-11-11,Los Angeles,037,10098052,1452698,1440436,55164,1495600,26614
2021-11-11,Madera,039,155013,23779,23316,2205,25521,287
2021-11-11,Marin,041,260295,17788,17639,475,18114,247
2021-11-11,Mariposa,043,17540,1363,1317,52,1369,6
2021-11-11,Mendocino,045,87422,7776,7612,610,8222,89
2021-11-11,Merced,047,269075,42536,42292,2022,44314,643
2021-11-11,Modoc,049,8938,557,536,200,736,5
2021-11-11,Mono,051,14174,1762,1743,22,1765,4
2021-11-11,Monterey,053,433212,49176,48008,3055,51063,609
2021-11-11,Napa,055,140530,13178,13075,117,13192,103
2021-11-11,Nevada,057,99092,9467,9308,333,9641,92
2021-11-11,Orange,059,3164182,310418,307674,15608,323282,5633
2021-11-11,Placer,061,380077,37830,37333,3749,41082,440
2021-11-11,Plumas,063,18699,1876,1814,42,1856,7
2021-11-11,Riverside,065,2383286,368251,362930,16601,379531,5175
2021-11-11,Sacramento,067,1510023,161351,159962,4740,164702,2289
2021-11-11,San Benito,069,59416,7497,7473,173,7646,76
2021-11-11,San Bernardino,071,2135413,359087,355413,11381,366794,5849
2021-11-11,San Diego,073,3302833,378777,376428,22215,398643,4272
2021-11-11,San Francisco,075,870044,53791,53063,2385,55448,666
2021-11-11,San Joaquin,077,732212,101076,99937,5505,105442,1799
2021-11-11,San Luis Obispo,079,281455,30009,29532,1280,30812,351
2021-11-11,San Mateo,081,765935,54820,53722,917,54639,574
2021-11-11,Santa Barbara,083,443738,45031,44603,1580,46183,534
2021-11-11,Santa Clara,085,1922200,149071,147458,1420,148878,1901
2021-11-11,Santa Cruz,087,273765,20754,20479,1020,21499,222
2021-11-11,Shasta,089,179085,21974,21600,3655,25255,364
2021-11-11,Sierra,091,2930,191,186,21,207,0
2021-11-11,Siskiyou,093,43540,3375,3297,1323,4620,53
2021-11-11,Solano,095,438530,46417,45679,1301,46980,350
2021-11-11,Sonoma,097,501317,42136,41774,541,42315,395
2021-11-11,Stanislaus,099,539301,79684,79570,9021,88591,1166
2021-11-11,Sutter,101,95872,14013,13993,365,14358,181
2021-11-11,Tehama,103,63373,8680,8565,1510,10075,125
2021-11-11,Trinity,105,12862,869,748,220,968,17
2021-11-11,Tulare,107,460477,69759,68367,15516,83883,1028
2021-11-11,Tuolumne,109,53932,7463,7354,107,7461,90
2021-11-11,Ventura,111,848112,99107,98297,4349,102646,1182
2021-11-11,Yolo,113,214977,20158,19946,1174,21120,255
2021-11-11,Yuba,115,75493,10293,10191,354,10545,85
2021-11-10,Alameda,001,1643700,120885,120147,2848,122995,1453
2021-11-10,Alpine,003,1148,102,105,0,105,0
2021-11-10,Amador,005,37829,5640,5603,65,5668,66
2021-11-10,Butte,007,227075,21319,21047,3835,24882,293
2021-11-10,Calaveras,009,45235,4215,4179,58,4237,83
2021-11-10,Colusa,011,21464,2547,2518,650,3168,19
2021-11-10,Contra Costa,013,1133247,100463,99808,2253,102061,1028
2021-11-10,Del Norte,015,27424,3711,3622,55,3677,42
2021-11-10,El Dorado,017,186661,16339,16085,1744,17829,159
2021-11-10,Fresno,019,978130,143033,140833,12991,153824,2202
2021-11-10,Glenn,021,27897,3545,3503,1022,4525,34
2021-11-10,Humboldt,023,135768,9264,9125,596,9721,115
2021-11-10,Imperial,025,180216,34250,33844,3314,37158,766
2021-11-10,Inyo,027,18085,2457,2428,42,2470,42
2021-11-10,Kern,029,883053,129934,128023,23032,151055,1709
2021-11-10,Kings,031,150075,32841,32318,1993,34311,345
2021-11-10,Lake,033,64148,6831,6745,155,6900,107
2021-11-10,Lassen,035,31185,6966,6875,398,7273,47
2021-11-10,Los Angeles,037,10098052,1451746,1440436,55106,1495542,26614
2021-11-10,Madera,039,155013,23729,23316,2199,25515,287
2021-11-10,Marin,041,260295,17775,17639,473,18112,247
2021-11-10,Mariposa,043,17540,1357,1317,52,1369,6
2021-11-10,Mendocino,045,87422,7764,7612,609,8221,89
2021-11-10,Merced,047,269075,42501,42292,2020,44312,643
2021-11-10,Modoc,049,8938,556,536,199,735,5
2021-11-10,Mono,051,14174,1760,1743,22,1765,4
2021-11-10,Monterey,053,433212,49142,48008,3043,51051,609
2021-11-10,Napa,055,140530,13164,13075,116,13191,103
2021-11-10,Nevada,057,99092,9460,9308,331,9639,92
2021-11-10,Orange,059,3164182,310155,307674,15576,323250,5633
2021-11-10,Placer,061,380077,37784,37333,3742,41075,440
2021-11-10,Plumas,063,18699,1870,1814,41,1855,7
2021-11-10,Riverside,065,2383286,367870,362930,16595,379525,5175
2021-11-10,Sacramento,067,1510023,161196,159962,4730,164692,2289
2021-11-10,San Benito,069,59416,7489,7473,173,7646,76
2021-11-10,San Bernardino,071,2135413,358749,355413,11374,366787,5849
2021-11-10,San Diego,073,3302833,378374,376428,22193,398621,4272
2021-11-10,San Francisco,075,870044,53730,53063,2382,55445,666
2021-11-10,San Joaquin,077,732212,100970,99937,5499,105436,1799
2021-11-10,San Luis Obispo,079,281455,29978,29532,1279,30811,351
2021-11-10,San Mateo,081,765935,54766,53722,916,54638,574
2021-11-10,Santa Barbara,083,443738,44993,44603,1579,46182,534
2021-11-10,Santa Clara,085,1922200,148924,147458,1414,148872,1901
2021-11-10,Santa Cruz,087,273765,20727,20479,1019,21498,222
2021-11-10,Shasta,089,179085,21938,21600,3653,25253,364
2021-11-10,Sierra,091,2930,190,186,21,207,0
2021-11-10,Siskiyou,093,43540,3373,3297,1323,4620,53
2021-11-10,Solano,095,438530,46387,45679,1299,46978,350
2021-11-10,Sonoma,097,501317,42085,41774,541,42315,395
2021-11-10,Stanislaus,099,539301,79582,79570,9005,88575,1166
2021-11-10,Sutter,101,95872,14005,13993,365,14358,181
2021-11-10,Tehama,103,63373,8668,8565,1504,10069,125
2021-11-10,Trinity,105,12862,865,748,219,967,17
2021-11-10,Tulare,107,460477,69699,68367,15475,83842,1028
2021-11-10,Tuolumne,109,53932,7439,7354,107,7461,90
2021-11-10,Ventura,111,848112,99036,98297,4349,102646,1182
2021-11-10,Yolo,113,214977,20139,19946,1173,21119,255
2021-11-10,Yuba,115,75493,10284,10191,354,10545,85
2021-11-09,Alameda,001,1643700,120748,120051,2838,122889,1450
2021-11-09,Alpine,003,1148,102,105,0,105,0
2021-11-09,Amador,005,37829,5634,5596,65,5661,66
2021-11-09,Butte,007,227075,21297,21022,3832,24854,291
2021-11-09,Calaveras,009,45235,4211,4174,58,4232,84
2021-11-09,Colusa,011,21464,2542,2517,649,3166,19
2021-11-09,Contra Costa,013,1133247,100368,99732,2245,101977,1028
2021-11-09,Del Norte,015,27424,3710,3620,55,3675,42
2021-11-09,El Dorado,017,186661,16301,16073,1739,17812,160
2021-11-09,Fresno,019,978130,142787,140666,12976,153642,2188
2021-11-09,Glenn,021,27897,3540,3499,1022,4521,34
2021-11-09,Humboldt,023,135768,9243,9112,591,9703,115
2021-11-09,Imperial,025,180216,34197,33751,3300,37051,766
2021-11-09,Inyo,027,18085,2453,2404,42,2446,42
2021-11-09,Kern,029,883053,129688,127901,22970,150871,1694
2021-11-09,Kings,031,150075,32774,32279,1989,34268,344
2021-11-09,Lake,033,64148,6822,6743,155,6898,106
2021-11-09,Lassen,035,31185,6954,6846,398,7244,47
2021-11-09,Los Angeles,037,10098052,1450482,1439125,55043,1494168,26581
2021-11-09,Madera,039,155013,23679,23285,2190,25475,287
2021-11-09,Marin,041,260295,17756,17630,471,18101,247
2021-11-09,Mariposa,043,17540,1349,1317,51,1368,5
2021-11-09,Mendocino,045,87422,7741,7598,603,8201,85
2021-11-09,Merced,047,269075,42460,42251,2014,44265,613
2021-11-09,Modoc,049,8938,555,536,197,733,5
2021-11-09,Mono,051,14174,1755,1738,22,1760,4
2021-11-09,Monterey,053,433212,49106,47975,3019,50994,609
2021-11-09,Napa,055,140530,13146,13051,116,13167,103
2021-11-09,Nevada,057,99092,9441,9288,331,9619,92
2021-11-09,Orange,059,3164182,309871,307412,15548,322960,5621
2021-11-09,Placer,061,380077,37729,37291,3725,41016,440
2021-11-09,Plumas,063,18699,1868,1802,41,1843,7
2021-11-09,Riverside,065,2383286,367404,362557,16580,379137,5160
2021-11-09,Sacramento,067,1510023,160955,159856,4721,164577,2286
2021-11-09,San Benito,069,59416,7479,7471,172,7643,76
2021-11-09,San Bernardino,071,2135413,358300,354972,11357,366329,5839
2021-11-09,San Diego,073,3302833,377879,375997,22167,398164,4272
2021-11-09,San Francisco,075,870044,53657,52996,2376,55372,666
2021-11-09,San Joaquin,077,732212,100795,99848,5486,105334,1794
2021-11-09,San Luis Obispo,079,281455,29935,29488,1278,30766,350
2021-11-09,San Mateo,081,765935,54719,53697,906,54603,574
2021-11-09,Santa Barbara,083,443738,44926,44579,1572,46151,533
2021-11-09,Santa Clara,085,1922200,148718,147281,1407,148688,1901
2021-11-09,Santa Cruz,087,273765,20693,20463,1018,21481,222
2021-11-09,Shasta,089,179085,21883,21558,3648,25206,364
2021-11-09,Sierra,091,2930,190,186,21,207,0
2021-11-09,Siskiyou,093,43540,3371,3295,1321,4616,52
2021-11-09,Solano,095,438530,46332,45639,1298,46937,350
2021-11-09,Sonoma,097,501317,42028,41727,539,42266,395
2021-11-09,Stanislaus,099,539301,79476,79505,8988,88493,1165
2021-11-09,Sutter,101,95872,13990,13988,363,14351,180
2021-11-09,Tehama,103,63373,8650,8555,1502,10057,125
2021-11-09,Trinity,105,12862,864,746,219,965,17
2021-11-09,Tulare,107,460477,69593,68298,15435,83733,1024
2021-11-09,Tuolumne,109,53932,7419,7347,107,7454,90
2021-11-09,Ventura,111,848112,98958,98202,4344,102546,1182
2021-11-09,Yolo,113,214977,20115,19931,1169,21100,255
2021-11-09,Yuba,115,75493,10267,10175,348,10523,85
2021-11-08,Alameda,001,1643700,120604,119983,2832,122815,1447
2021-11-08,Alpine,003,1148,102,105,0,105,0
2021-11-08,Amador,005,37829,5628,5590,65,5655,66
2021-11-08,Butte,007,227075,21269,21000,3824,24824,288
2021-11-08,Calaveras,009,45235,4203,4166,58,4224,82
2021-11-08,Colusa,011,21464,2541,2514,648,3162,19
2021-11-08,Contra Costa,013,1133247,100264,99669,2241,101910,1028
2021-11-08,Del Norte,015,27424,3706,3619,55,3674,42
2021-11-08,El Dorado,017,186661,16282,16055,1734,17789,156
2021-11-08,Fresno,019,978130,142486,140466,12954,153420,2179
2021-11-08,Glenn,021,27897,3538,3496,1018,4514,34
2021-11-08,Humboldt,023,135768,9216,9095,581,9676,109
2021-11-08,Imperial,025,180216,34117,33690,3282,36972,766
2021-11-08,Inyo,027,18085,2446,2398,42,2440,41
2021-11-08,Kern,029,883053,129451,127722,22887,150609,1692
2021-11-08,Kings,031,150075,32728,32248,1988,34236,344
2021-11-08,Lake,033,64148,6816,6737,155,6892,106
2021-11-08,Lassen,035,31185,6947,6830,396,7226,46
2021-11-08,Los Angeles,037,10098052,1449138,1438322,54983,1493305,26575
2021-11-08,Madera,039,155013,23630,23253,2179,25432,287
2021-11-08,Marin,041,260295,17739,17617,468,18085,247
2021-11-08,Mariposa,043,17540,1341,1316,50,1366,5
2021-11-08,Mendocino,045,87422,7728,7581,597,8178,85
2021-11-08,Merced,047,269075,42391,42224,2004,44228,607
2021-11-08,Modoc,049,8938,554,529,197,726,5
2021-11-08,Mono,051,14174,1751,1739,22,1761,4
2021-11-08,Monterey,053,433212,49065,47942,2998,50940,602
2021-11-08,Napa,055,140530,13132,13045,116,13161,103
2021-11-08,Nevada,057,99092,9422,9278,329,9607,92
2021-11-08,Orange,059,3164182,309598,307156,15517,322673,5616
2021-11-08,Placer,061,380077,37675,37250,3722,40972,439
2021-11-08,Plumas,063,18699,1867,1788,40,1828,7
2021-11-08,Riverside,065,2383286,366949,362201,16566,378767,5152
2021-11-08,Sacramento,067,1510023,160739,159735,4701,164436,2275
2021-11-08,San Benito,069,59416,7477,7461,172,7633,75
2021-11-08,San Bernardino,071,2135413,357790,354741,11339,366080,5836
2021-11-08,San Diego,073,3302833,377317,375557,22120,397677,4259
2021-11-08,San Francisco,075,870044,53604,52942,2370,55312,666
2021-11-08,San Joaquin,077,732212,100681,99736,5484,105220,1794
2021-11-08,San Luis Obispo,079,281455,29883,29464,1273,30737,350
2021-11-08,San Mateo,081,765935,54646,53658,901,54559,574
2021-11-08,Santa Barbara,083,443738,44872,44548,1571,46119,532
2021-11-08,Santa Clara,085,1922200,148490,147183,1401,148584,1899
2021-11-08,Santa Cruz,087,273765,20664,20435,1018,21453,222
2021-11-08,Shasta,089,179085,21836,21504,3642,25146,354
2021-11-08,Sierra,091,2930,190,183,21,204,0
2021-11-08,Siskiyou,093,43540,3367,3290,1310,4600,50
2021-11-08,Solano,095,438530,46291,45613,1294,46907,350
2021-11-08,Sonoma,097,501317,41960,41669,537,42206,395
2021-11-08,Stanislaus,099,539301,79324,79417,8974,88391,1150
2021-11-08,Sutter,101,95872,13982,13976,359,14335,180
2021-11-08,Tehama,103,63373,8641,8534,1502,10036,123
2021-11-08,Trinity,105,12862,864,743,218,961,13
2021-11-08,Tulare,107,460477,69476,68199,15397,83596,1020
2021-11-08,Tuolumne,109,53932,7400,7328,106,7434,90
2021-11-08,Ventura,111,848112,98865,98144,4342,102486,1182
2021-11-08,Yolo,113,214977,20077,19916,1164,21080,255
2021-11-08,Yuba,115,75493,10256,10172,345,10517,83
2021-11-07,Alameda,001,1643700,120447,119902,2826,122728,1444
2021-11-07,Alpine,003,1148,102,105,0,105,0
2021-11-07,Amador,005,37829,5620,5580,63,5643,66
2021-11-07,Butte,007,227075,21228,20969,3815,24784,288
2021-11-07,Calaveras,009,45235,4176,4158,57,4215,82
2021-11-07,Colusa,011,21464,2535,2511,646,3157,19
2021-11-07,Contra Costa,013,1133247,100153,99596,2232,101828,1028
2021-11-07,Del Norte,015,27424,3704,3617,55,3672,42
2021-11-07,El Dorado,017,186661,16245,16040,1731,17771,156
2021-11-07,Fresno,019,978130,142144,140263,12926,153189,2179
2021-11-07,Glenn,021,27897,3531,3493,1017,4510,34
2021-11-07,Humboldt,023,135768,9191,9074,577,9651,109
2021-11-07,Imperial,025,180216,34044,33674,3262,36936,766
2021-11-07,Inyo,027,18085,2433,2394,42,2436,41
2021-11-07,Kern,029,883053,129179,127583,22795,150378,1692
2021-11-07,Kings,031,150075,32637,32221,1985,34206,343
2021-11-07,Lake,033,64148,6800,6734,154,6888,106
2021-11-07,Lassen,035,31185,6939,6819,392,7211,46
2021-11-07,Los Angeles,037,10098052,1447641,1437314,54907,1492221,26573
2021-11-07,Madera,039,155013,23585,23225,2171,25396,287
2021-11-07,Marin,041,260295,17719,17594,467,18061,247
2021-11-07,Mariposa,043,17540,1339,1306,50,1356,5
2021-11-07,Mendocino,045,87422,7700,7567,593,8160,85
2021-11-07,Merced,047,269075,42313,42186,1973,44159,607
2021-11-07,Modoc,049,8938,551,528,196,724,5
2021-11-07,Mono,051,14174,1745,1739,22,1761,4
2021-11-07,Monterey,053,433212,49013,47924,2993,50917,602
2021-11-07,Napa,055,140530,13111,13041,116,13157,103
2021-11-07,Nevada,057,99092,9374,9254,329,9583,92
2021-11-07,Orange,059,3164182,309273,306954,15479,322433,5616
2021-11-07,Placer,061,380077,37599,37202,3707,40909,439
2021-11-07,Plumas,063,18699,1860,1787,39,1826,7
2021-11-07,Riverside,065,2383286,366412,361960,16546,378506,5152
2021-11-07,Sacramento,067,1510023,160507,159549,4684,164233,2277
2021-11-07,San Benito,069,59416,7464,7460,172,7632,75
2021-11-07,San Bernardino,071,2135413,357282,354488,11316,365804,5832
2021-11-07,San Diego,073,3302833,376736,375165,22087,397252,4250
2021-11-07,San Francisco,075,870044,53520,52868,2364,55232,666
2021-11-07,San Joaquin,077,732212,100496,99696,5478,105174,1794
2021-11-07,San Luis Obispo,079,281455,29832,29454,1269,30723,350
2021-11-07,San Mateo,081,765935,54587,53600,899,54499,574
2021-11-07,Santa Barbara,083,443738,44809,44501,1570,46071,532
2021-11-07,Santa Clara,085,1922200,148286,147054,1388,148442,1898
2021-11-07,Santa Cruz,087,273765,20606,20397,1017,21414,222
2021-11-07,Shasta,089,179085,21788,21479,3636,25115,354
2021-11-07,Sierra,091,2930,188,183,21,204,0
2021-11-07,Siskiyou,093,43540,3361,3289,1308,4597,51
2021-11-07,Solano,095,438530,46236,45582,1287,46869,350
2021-11-07,Sonoma,097,501317,41910,41630,536,42166,395
2021-11-07,Stanislaus,099,539301,79169,79351,8952,88303,1150
2021-11-07,Sutter,101,95872,13969,13964,356,14320,180
2021-11-07,Tehama,103,63373,8617,8528,1500,10028,121
2021-11-07,Trinity,105,12862,863,742,217,959,13
2021-11-07,Tulare,107,460477,69323,68145,15354,83499,1020
2021-11-07,Tuolumne,109,53932,7382,7300,104,7404,90
2021-11-07,Ventura,111,848112,98774,98085,4340,102425,1182
2021-11-07,Yolo,113,214977,20056,19899,1159,21058,255
2021-11-07,Yuba,115,75493,10239,10162,340,10502,83
2021-11-06,Alameda,001,1643700,120383,119499,2823,122322,1436
2021-11-06,Alpine,003,1148,102,105,0,105,0
2021-11-06,Amador,005,37829,5614,5557,63,5620,66
2021-11-06,Butte,007,227075,21208,20796,3811,24607,288
2021-11-06,Calaveras,009,45235,4168,4105,57,4162,82
2021-11-06,Colusa,011,21464,2534,2501,645,3146,19
2021-11-06,Contra Costa,013,1133247,100098,99282,2230,101512,1025
2021-11-06,Del Norte,015,27424,3701,3607,55,3662,42
2021-11-06,El Dorado,017,186661,16228,15958,1731,17689,156
2021-11-06,Fresno,019,978130,142026,139249,12921,152170,2170
2021-11-06,Glenn,021,27897,3528,3479,1017,4496,33
2021-11-06,Humboldt,023,135768,9179,8972,573,9545,109
2021-11-06,Imperial,025,180216,34000,33471,3256,36727,766
2021-11-06,Inyo,027,18085,2427,2353,42,2395,41
2021-11-06,Kern,029,883053,129045,126848,22742,149590,1684
2021-11-06,Kings,031,150075,32604,32018,1980,33998,342
2021-11-06,Lake,033,64148,6798,6695,154,6849,106
2021-11-06,Lassen,035,31185,6934,6796,391,7187,46
2021-11-06,Los Angeles,037,10098052,1446866,1433081,54864,1487945,26533
2021-11-06,Madera,039,155013,23549,22994,2161,25155,287
2021-11-06,Marin,041,260295,17700,17520,464,17984,247
2021-11-06,Mariposa,043,17540,1337,1282,50,1332,5
2021-11-06,Mendocino,045,87422,7678,7486,593,8079,85
2021-11-06,Merced,047,269075,42289,41958,1965,43923,604
2021-11-06,Modoc,049,8938,550,523,196,719,5
2021-11-06,Mono,051,14174,1743,1725,22,1747,4
2021-11-06,Monterey,053,433212,48981,47830,2983,50813,602
2021-11-06,Napa,055,140530,13101,12950,116,13066,103
2021-11-06,Nevada,057,99092,9352,9169,328,9497,91
2021-11-06,Orange,059,3164182,309066,306049,15453,321502,5611
2021-11-06,Placer,061,380077,37558,36967,3704,40671,438
2021-11-06,Plumas,063,18699,1856,1755,38,1793,7
2021-11-06,Riverside,065,2383286,366094,360584,16537,377121,5138
2021-11-06,Sacramento,067,1510023,160414,158766,4679,163445,2263
2021-11-06,San Benito,069,59416,7457,7429,172,7601,75
2021-11-06,San Bernardino,071,2135413,357010,353142,11312,364454,5813
2021-11-06,San Diego,073,3302833,376400,373423,22069,395492,4246
2021-11-06,San Francisco,075,870044,53467,52556,2361,54917,666
2021-11-06,San Joaquin,077,732212,100438,99372,5477,104849,1782
2021-11-06,San Luis Obispo,079,281455,29804,29335,1265,30600,350
2021-11-06,San Mateo,081,765935,54553,53442,898,54340,574
2021-11-06,Santa Barbara,083,443738,44773,44301,1569,45870,532
2021-11-06,Santa Clara,085,1922200,148141,146519,1383,147902,1894
2021-11-06,Santa Cruz,087,273765,20587,20311,1015,21326,222
2021-11-06,Shasta,089,179085,21769,21281,3631,24912,349
2021-11-06,Sierra,091,2930,188,181,21,202,0
2021-11-06,Siskiyou,093,43540,3361,3279,1306,4585,48
2021-11-06,Solano,095,438530,46206,45465,1286,46751,350
2021-11-06,Sonoma,097,501317,41860,41398,535,41933,395
2021-11-06,Stanislaus,099,539301,79101,78902,8944,87846,1193
2021-11-06,Sutter,101,95872,13965,13908,355,14263,180
2021-11-06,Tehama,103,63373,8606,8474,1498,9972,120
2021-11-06,Trinity,105,12862,860,732,217,949,11
2021-11-06,Tulare,107,460477,69273,67767,15325,83092,1010
2021-11-06,Tuolumne,109,53932,7370,7245,104,7349,90
2021-11-06,Ventura,111,848112,98707,97770,4335,102105,1180
2021-11-06,Yolo,113,214977,20039,19827,1155,20982,255
2021-11-06,Yuba,115,75493,10225,10107,340,10447,83
2021-11-05,Alameda,001,1643700,120300,119499,2821,122320,1436
2021-11-05,Alpine,003,1148,102,105,0,105,0
2021-11-05,Amador,005,37829,5609,5557,63,5620,66
2021-11-05,Butte,007,227075,21195,20796,3810,24606,288
2021-11-05,Calaveras,009,45235,4163,4105,57,4162,82
2021-11-05,Colusa,011,21464,2534,2501,644,3145,19
2021-11-05,Contra Costa,013,1133247,100033,99282,2228,101510,1025
2021-11-05,Del Norte,015,27424,3699,3607,55,3662,42
2021-11-05,El Dorado,017,186661,16209,15958,1725,17683,156
2021-11-05,Fresno,019,978130,141848,139249,12911,152160,2170
2021-11-05,Glenn,021,27897,3528,3479,1016,4495,33
2021-11-05,Humboldt,023,135768,9165,8972,573,9545,109
2021-11-05,Imperial,025,180216,33964,33471,3253,36724,766
2021-11-05,Inyo,027,18085,2419,2353,42,2395,41
2021-11-05,Kern,029,883053,128918,126848,22686,149534,1684
2021-11-05,Kings,031,150075,32580,32018,1979,33997,342
2021-11-05,Lake,033,64148,6792,6695,154,6849,106
2021-11-05,Lassen,035,31185,6930,6796,390,7186,46
2021-11-05,Los Angeles,037,10098052,1446048,1433081,54826,1487907,26533
2021-11-05,Madera,039,155013,23511,22994,2159,25153,287
2021-11-05,Marin,041,260295,17678,17520,463,17983,247
2021-11-05,Mariposa,043,17540,1334,1282,49,1331,5
2021-11-05,Mendocino,045,87422,7667,7486,592,8078,85
2021-11-05,Merced,047,269075,42263,41958,1956,43914,604
2021-11-05,Modoc,049,8938,550,523,196,719,5
2021-11-05,Mono,051,14174,1742,1725,22,1747,4
2021-11-05,Monterey,053,433212,48951,47830,2981,50811,602
2021-11-05,Napa,055,140530,13079,12950,116,13066,103
2021-11-05,Nevada,057,99092,9339,9169,328,9497,91
2021-11-05,Orange,059,3164182,308869,306049,15431,321480,5611
2021-11-05,Placer,061,380077,37531,36967,3695,40662,438
2021-11-05,Plumas,063,18699,1848,1755,38,1793,7
2021-11-05,Riverside,065,2383286,365753,360584,16527,377111,5138
2021-11-05,Sacramento,067,1510023,160292,158766,4673,163439,2263
2021-11-05,San Benito,069,59416,7455,7429,171,7600,75
2021-11-05,San Bernardino,071,2135413,356679,353142,11301,364443,5813
2021-11-05,San Diego,073,3302833,376047,373423,22057,395480,4246
2021-11-05,San Francisco,075,870044,53416,52556,2358,54914,666
2021-11-05,San Joaquin,077,732212,100385,99372,5468,104840,1782
2021-11-05,San Luis Obispo,079,281455,29781,29335,1265,30600,350
2021-11-05,San Mateo,081,765935,54511,53442,896,54338,574
2021-11-05,Santa Barbara,083,443738,44728,44301,1568,45869,532
2021-11-05,Santa Clara,085,1922200,148004,146519,1382,147901,1894
2021-11-05,Santa Cruz,087,273765,20563,20311,1014,21325,222
2021-11-05,Shasta,089,179085,21737,21281,3626,24907,349
2021-11-05,Sierra,091,2930,188,181,21,202,0
2021-11-05,Siskiyou,093,43540,3356,3279,1305,4584,48
2021-11-05,Solano,095,438530,46161,45465,1283,46748,350
2021-11-05,Sonoma,097,501317,41820,41398,535,41933,395
2021-11-05,Stanislaus,099,539301,79043,78902,8932,87834,1193
2021-11-05,Sutter,101,95872,13957,13908,354,14262,180
2021-11-05,Tehama,103,63373,8599,8474,1497,9971,120
2021-11-05,Trinity,105,12862,860,732,217,949,11
2021-11-05,Tulare,107,460477,69200,67767,15289,83056,1010
2021-11-05,Tuolumne,109,53932,7353,7245,103,7348,90
2021-11-05,Ventura,111,848112,98667,97770,4332,102102,1180
2021-11-05,Yolo,113,214977,20028,19827,1154,20981,255
2021-11-05,Yuba,115,75493,10212,10107,338,10445,83
2021-11-04,Alameda,001,1643700,120183,119499,2815,122314,1436
2021-11-04,Alpine,003,1148,102,105,0,105,0
2021-11-04,Amador,005,37829,5601,5557,63,5620,66
2021-11-04,Butte,007,227075,21153,20796,3800,24596,288
2021-11-04,Calaveras,009,45235,4149,4105,55,4160,82
2021-11-04,Colusa,011,21464,2528,2501,643,3144,19
2021-11-04,Contra Costa,013,1133247,99942,99282,2223,101505,1025
2021-11-04,Del Norte,015,27424,3696,3607,55,3662,42
2021-11-04,El Dorado,017,186661,16183,15958,1721,17679,156
2021-11-04,Fresno,019,978130,141566,139249,12902,152151,2170
2021-11-04,Glenn,021,27897,3523,3479,1015,4494,33
2021-11-04,Humboldt,023,135768,9140,8972,570,9542,109
2021-11-04,Imperial,025,180216,33907,33471,3244,36715,766
2021-11-04,Inyo,027,18085,2411,2353,42,2395,41
2021-11-04,Kern,029,883053,128686,126848,22618,149466,1684
2021-11-04,Kings,031,150075,32501,32018,1969,33987,342
2021-11-04,Lake,033,64148,6782,6695,152,6847,106
2021-11-04,Lassen,035,31185,6920,6796,385,7181,46
2021-11-04,Los Angeles,037,10098052,1444739,1433081,54744,1487825,26533
2021-11-04,Madera,039,155013,23456,22994,2148,25142,287
2021-11-04,Marin,041,260295,17666,17520,461,17981,247
2021-11-04,Mariposa,043,17540,1327,1282,49,1331,5
2021-11-04,Mendocino,045,87422,7654,7486,586,8072,85
2021-11-04,Merced,047,269075,42208,41958,1952,43910,604
2021-11-04,Modoc,049,8938,549,523,196,719,5
2021-11-04,Mono,051,14174,1737,1725,22,1747,4
2021-11-04,Monterey,053,433212,48907,47830,2965,50795,602
2021-11-04,Napa,055,140530,13058,12950,116,13066,103
2021-11-04,Nevada,057,99092,9308,9169,327,9496,91
2021-11-04,Orange,059,3164182,308621,306049,15412,321461,5611
2021-11-04,Placer,061,380077,37459,36967,3686,40653,438
2021-11-04,Plumas,063,18699,1840,1755,34,1789,7
2021-11-04,Riverside,065,2383286,365355,360584,16518,377102,5138
2021-11-04,Sacramento,067,1510023,160058,158766,4653,163419,2263
2021-11-04,San Benito,069,59416,7449,7429,171,7600,75
2021-11-04,San Bernardino,071,2135413,356245,353142,11293,364435,5813
2021-11-04,San Diego,073,3302833,375578,373423,22036,395459,4246
2021-11-04,San Francisco,075,870044,53335,52556,2354,54910,666
2021-11-04,San Joaquin,077,732212,100278,99372,5456,104828,1782
2021-11-04,San Luis Obispo,079,281455,29757,29335,1259,30594,350
2021-11-04,San Mateo,081,765935,54452,53442,890,54332,574
2021-11-04,Santa Barbara,083,443738,44672,44301,1568,45869,532
2021-11-04,Santa Clara,085,1922200,147850,146519,1378,147897,1894
2021-11-04,Santa Cruz,087,273765,20528,20311,1014,21325,222
2021-11-04,Shasta,089,179085,21679,21281,3620,24901,349
2021-11-04,Sierra,091,2930,186,181,21,202,0
2021-11-04,Siskiyou,093,43540,3353,3279,1298,4577,48
2021-11-04,Solano,095,438530,46119,45465,1282,46747,350
2021-11-04,Sonoma,097,501317,41760,41398,535,41933,395
2021-11-04,Stanislaus,099,539301,78905,78902,8924,87826,1193
2021-11-04,Sutter,101,95872,13946,13908,352,14260,180
2021-11-04,Tehama,103,63373,8590,8474,1493,9967,120
2021-11-04,Trinity,105,12862,859,732,217,949,11
2021-11-04,Tulare,107,460477,69085,67767,15243,83010,1010
2021-11-04,Tuolumne,109,53932,7331,7245,101,7346,90
2021-11-04,Ventura,111,848112,98579,97770,4329,102099,1180
2021-11-04,Yolo,113,214977,20003,19827,1148,20975,255
2021-11-04,Yuba,115,75493,10198,10107,336,10443,83
2021-11-03,Alameda,001,1643700,120042,119356,2811,122167,1428
2021-11-03,Alpine,003,1148,102,105,0,105,0
2021-11-03,Amador,005,37829,5595,5545,62,5607,66
2021-11-03,Butte,007,227075,21108,20769,3791,24560,284
2021-11-03,Calaveras,009,45235,4131,4087,54,4141,82
2021-11-03,Colusa,011,21464,2522,2499,643,3142,20
2021-11-03,Contra Costa,013,1133247,99842,99168,2218,101386,1025
2021-11-03,Del Norte,015,27424,3694,3600,54,3654,42
2021-11-03,El Dorado,017,186661,16156,15915,1717,17632,156
2021-11-03,Fresno,019,978130,141204,138873,12878,151751,2166
2021-11-03,Glenn,021,27897,3519,3470,1015,4485,33
2021-11-03,Humboldt,023,135768,9123,8949,565,9514,109
2021-11-03,Imperial,025,180216,33835,33402,3234,36636,766
2021-11-03,Inyo,027,18085,2390,2344,42,2386,41
2021-11-03,Kern,029,883053,128426,126523,22516,149039,1681
2021-11-03,Kings,031,150075,32446,31923,1962,33885,341
2021-11-03,Lake,033,64148,6766,6685,152,6837,106
2021-11-03,Lassen,035,31185,6903,6782,380,7162,46
2021-11-03,Los Angeles,037,10098052,1443386,1431209,54660,1485869,26517
2021-11-03,Madera,039,155013,23388,22893,2139,25032,287
2021-11-03,Marin,041,260295,17645,17491,457,17948,247
2021-11-03,Mariposa,043,17540,1317,1276,49,1325,5
2021-11-03,Mendocino,045,87422,7638,7457,578,8035,84
2021-11-03,Merced,047,269075,42147,41849,1942,43791,597
2021-11-03,Modoc,049,8938,549,521,194,715,5
2021-11-03,Mono,051,14174,1733,1719,22,1741,4
2021-11-03,Monterey,053,433212,48857,47794,2952,50746,601
2021-11-03,Napa,055,140530,13046,12937,115,13052,103
2021-11-03,Nevada,057,99092,9281,9131,326,9457,91
2021-11-03,Orange,059,3164182,308310,305661,15379,321040,5607
2021-11-03,Placer,061,380077,37389,36868,3681,40549,438
2021-11-03,Plumas,063,18699,1829,1739,33,1772,7
2021-11-03,Riverside,065,2383286,364897,360060,16514,376574,5131
2021-11-03,Sacramento,067,1510023,159834,158311,4642,162953,2259
2021-11-03,San Benito,069,59416,7441,7419,171,7590,75
2021-11-03,San Bernardino,071,2135413,355768,352225,11273,363498,5813
2021-11-03,San Diego,073,3302833,375078,372951,22013,394964,4241
2021-11-03,San Francisco,075,870044,53242,52493,2349,54842,663
2021-11-03,San Joaquin,077,732212,100166,99188,5445,104633,1776
2021-11-03,San Luis Obispo,079,281455,29715,29276,1253,30529,348
2021-11-03,San Mateo,081,765935,54388,53396,884,54280,571
2021-11-03,Santa Barbara,083,443738,44615,44220,1565,45785,531
2021-11-03,Santa Clara,085,1922200,147680,146259,1371,147630,1897
2021-11-03,Santa Cruz,087,273765,20493,20275,1014,21289,222
2021-11-03,Shasta,089,179085,21621,21215,3613,24828,346
2021-11-03,Sierra,091,2930,184,180,21,201,0
2021-11-03,Siskiyou,093,43540,3349,3276,1296,4572,46
2021-11-03,Solano,095,438530,46092,45411,1280,46691,351
2021-11-03,Sonoma,097,501317,41683,41326,533,41859,395
2021-11-03,Stanislaus,099,539301,78774,78736,8908,87644,1193
2021-11-03,Sutter,101,95872,13933,13876,350,14226,179
2021-11-03,Tehama,103,63373,8578,8438,1493,9931,118
2021-11-03,Trinity,105,12862,858,730,217,947,11
2021-11-03,Tulare,107,460477,68957,67588,15201,82789,1007
2021-11-03,Tuolumne,109,53932,7313,7218,99,7317,90
2021-11-03,Ventura,111,848112,98470,97682,4325,102007,1178
2021-11-03,Yolo,113,214977,19985,19758,1140,20898,250
2021-11-03,Yuba,115,75493,10186,10092,336,10428,83
2021-11-02,Alameda,001,1643700,119897,119241,2805,122046,1425
2021-11-02,Alpine,003,1148,101,105,0,105,0
2021-11-02,Amador,005,37829,5590,5535,62,5597,66
2021-11-02,Butte,007,227075,21064,20744,3780,24524,282
2021-11-02,Calaveras,009,45235,4108,4075,54,4129,82
2021-11-02,Colusa,011,21464,2517,2497,642,3139,19
2021-11-02,Contra Costa,013,1133247,99738,99080,2206,101286,1025
2021-11-02,Del Norte,015,27424,3692,3596,54,3650,42
2021-11-02,El Dorado,017,186661,16127,15883,1717,17600,154
2021-11-02,Fresno,019,978130,140880,138644,12847,151491,2158
2021-11-02,Glenn,021,27897,3511,3469,1012,4481,33
2021-11-02,Humboldt,023,135768,9081,8937,564,9501,109
2021-11-02,Imperial,025,180216,33762,33371,3222,36593,766
2021-11-02,Inyo,027,18085,2383,2324,42,2366,41
2021-11-02,Kern,029,883053,128171,126311,22394,148705,1665
2021-11-02,Kings,031,150075,32387,31896,1957,33853,339
2021-11-02,Lake,033,64148,6761,6681,151,6832,106
2021-11-02,Lassen,035,31185,6891,6777,377,7154,45
2021-11-02,Los Angeles,037,10098052,1441936,1429601,54584,1484185,26496
2021-11-02,Madera,039,155013,23307,22837,2128,24965,287
2021-11-02,Marin,041,260295,17617,17482,457,17939,247
2021-11-02,Mariposa,043,17540,1306,1270,48,1318,5
2021-11-02,Mendocino,045,87422,7614,7447,566,8013,84
2021-11-02,Merced,047,269075,42080,41785,1934,43719,596
2021-11-02,Modoc,049,8938,546,520,193,713,5
2021-11-02,Mono,051,14174,1729,1718,22,1740,4
2021-11-02,Monterey,053,433212,48806,47775,2934,50709,599
2021-11-02,Napa,055,140530,13028,12930,115,13045,104
2021-11-02,Nevada,057,99092,9251,9122,325,9447,91
2021-11-02,Orange,059,3164182,307993,305369,15332,320701,5600
2021-11-02,Placer,061,380077,37317,36817,3666,40483,438
2021-11-02,Plumas,063,18699,1818,1721,33,1754,7
2021-11-02,Riverside,065,2383286,364443,359586,16494,376080,5116
2021-11-02,Sacramento,067,1510023,159578,158112,4619,162731,2250
2021-11-02,San Benito,069,59416,7425,7407,171,7578,75
2021-11-02,San Bernardino,071,2135413,355293,351832,11219,363051,5813
2021-11-02,San Diego,073,3302833,374493,372440,21983,394423,4232
2021-11-02,San Francisco,075,870044,53123,52450,2345,54795,663
2021-11-02,San Joaquin,077,732212,100032,99076,5434,104510,1772
2021-11-02,San Luis Obispo,079,281455,29682,29224,1249,30473,348
2021-11-02,San Mateo,081,765935,54316,53351,881,54232,571
2021-11-02,Santa Barbara,083,443738,44559,44177,1562,45739,531
2021-11-02,Santa Clara,085,1922200,147486,146115,1364,147479,1896
2021-11-02,Santa Cruz,087,273765,20460,20266,1013,21279,222
2021-11-02,Shasta,089,179085,21547,21127,3603,24730,344
2021-11-02,Sierra,091,2930,184,180,20,200,0
2021-11-02,Siskiyou,093,43540,3347,3272,1293,4565,46
2021-11-02,Solano,095,438530,46052,45378,1274,46652,350
2021-11-02,Sonoma,097,501317,41602,41288,532,41820,395
2021-11-02,Stanislaus,099,539301,78619,78629,8888,87517,1193
2021-11-02,Sutter,101,95872,13913,13868,350,14218,179
2021-11-02,Tehama,103,63373,8562,8422,1490,9912,116
2021-11-02,Trinity,105,12862,858,729,217,946,11
2021-11-02,Tulare,107,460477,68832,67502,15152,82654,1002
2021-11-02,Tuolumne,109,53932,7292,7204,97,7301,90
2021-11-02,Ventura,111,848112,98365,97574,4321,101895,1178
2021-11-02,Yolo,113,214977,19955,19736,1138,20874,250
2021-11-02,Yuba,115,75493,10163,10080,334,10414,83
2021-11-01,Alameda,001,1643700,119757,119159,2802,121961,1421
2021-11-01,Alpine,003,1148,101,105,0,105,0
2021-11-01,Amador,005,37829,5588,5532,62,5594,64
2021-11-01,Butte,007,227075,21014,20710,3775,24485,281
2021-11-01,Calaveras,009,45235,4098,4059,53,4112,82
2021-11-01,Colusa,011,21464,2515,2494,639,3133,19
2021-11-01,Contra Costa,013,1133247,99613,99011,2198,101209,1025
2021-11-01,Del Norte,015,27424,3690,3594,54,3648,42
2021-11-01,El Dorado,017,186661,16103,15858,1711,17569,154
2021-11-01,Fresno,019,978130,140504,138421,12810,151231,2149
2021-11-01,Glenn,021,27897,3503,3461,1010,4471,33
2021-11-01,Humboldt,023,135768,9053,8929,560,9489,108
2021-11-01,Imperial,025,180216,33712,33342,3213,36555,766
2021-11-01,Inyo,027,18085,2371,2307,42,2349,41
2021-11-01,Kern,029,883053,127870,126092,22279,148371,1660
2021-11-01,Kings,031,150075,32334,31866,1953,33819,337
2021-11-01,Lake,033,64148,6750,6676,150,6826,106
2021-11-01,Lassen,035,31185,6876,6775,374,7149,42
2021-11-01,Los Angeles,037,10098052,1440552,1428891,54492,1483383,26483
2021-11-01,Madera,039,155013,23228,22801,2123,24924,283
2021-11-01,Marin,041,260295,17597,17460,455,17915,247
2021-11-01,Mariposa,043,17540,1298,1266,47,1313,5
2021-11-01,Mendocino,045,87422,7581,7422,548,7970,84
2021-11-01,Merced,047,269075,41989,41740,1932,43672,594
2021-11-01,Modoc,049,8938,541,520,191,711,5
2021-11-01,Mono,051,14174,1725,1714,22,1736,3
2021-11-01,Monterey,053,433212,48763,47756,2922,50678,597
2021-11-01,Napa,055,140530,13001,12916,114,13030,101
2021-11-01,Nevada,057,99092,9228,9108,324,9432,91
2021-11-01,Orange,059,3164182,307651,305192,15289,320481,5596
2021-11-01,Placer,061,380077,37234,36747,3654,40401,435
2021-11-01,Plumas,063,18699,1799,1719,33,1752,7
2021-11-01,Riverside,065,2383286,363941,359263,16472,375735,5115
2021-11-01,Sacramento,067,1510023,159306,157893,4595,162488,2239
2021-11-01,San Benito,069,59416,7415,7406,170,7576,73
2021-11-01,San Bernardino,071,2135413,354805,351620,11198,362818,5815
2021-11-01,San Diego,073,3302833,373930,372043,21965,394008,4232
2021-11-01,San Francisco,075,870044,53038,52418,2338,54756,661
2021-11-01,San Joaquin,077,732212,99869,98969,5427,104396,1772
2021-11-01,San Luis Obispo,079,281455,29638,29199,1244,30443,343
2021-11-01,San Mateo,081,765935,54249,53314,877,54191,571
2021-11-01,Santa Barbara,083,443738,44492,44146,1558,45704,529
2021-11-01,Santa Clara,085,1922200,147289,145978,1359,147337,1907
2021-11-01,Santa Cruz,087,273765,20425,20238,1013,21251,221
2021-11-01,Shasta,089,179085,21494,21104,3596,24700,338
2021-11-01,Sierra,091,2930,184,180,20,200,0
2021-11-01,Siskiyou,093,43540,3340,3272,1288,4560,46
2021-11-01,Solano,095,438530,45998,45358,1274,46632,350
2021-11-01,Sonoma,097,501317,41529,41234,531,41765,395
2021-11-01,Stanislaus,099,539301,78490,78534,8873,87407,1193
2021-11-01,Sutter,101,95872,13889,13852,348,14200,179
2021-11-01,Tehama,103,63373,8534,8412,1487,9899,116
2021-11-01,Trinity,105,12862,856,727,217,944,11
2021-11-01,Tulare,107,460477,68688,67388,15100,82488,1002
2021-11-01,Tuolumne,109,53932,7276,7175,96,7271,90
2021-11-01,Ventura,111,848112,98275,97507,4319,101826,1178
2021-11-01,Yolo,113,214977,19935,19708,1131,20839,250
2021-11-01,Yuba,115,75493,10145,10066,332,10398,83
2021-10-31,Alameda,001,1643700,119612,119071,2799,121870,1419
2021-10-31,Alpine,003,1148,101,105,0,105,0
2021-10-31,Amador,005,37829,5577,5518,62,5580,64
2021-10-31,Butte,007,227075,20953,20689,3766,24455,281
2021-10-31,Calaveras,009,45235,4080,4052,52,4104,82
2021-10-31,Colusa,011,21464,2513,2493,636,3129,18
2021-10-31,Contra Costa,013,1133247,99485,98936,2195,101131,1025
2021-10-31,Del Norte,015,27424,3684,3591,54,3645,42
2021-10-31,El Dorado,017,186661,16057,15841,1708,17549,154
2021-10-31,Fresno,019,978130,140097,138165,12773,150938,2147
2021-10-31,Glenn,021,27897,3498,3459,1010,4469,33
2021-10-31,Humboldt,023,135768,9005,8919,554,9473,108
2021-10-31,Imperial,025,180216,33637,33334,3201,36535,766
2021-10-31,Inyo,027,18085,2352,2309,42,2351,41
2021-10-31,Kern,029,883053,127501,125917,22155,148072,1666
2021-10-31,Kings,031,150075,32248,31814,1941,33755,338
2021-10-31,Lake,033,64148,6739,6665,148,6813,106
2021-10-31,Lassen,035,31185,6861,6768,369,7137,42
2021-10-31,Los Angeles,037,10098052,1439006,1427933,54407,1482340,26474
2021-10-31,Madera,039,155013,23132,22744,2110,24854,283
2021-10-31,Marin,041,260295,17569,17443,454,17897,247
2021-10-31,Mariposa,043,17540,1292,1257,46,1303,5
2021-10-31,Mendocino,045,87422,7540,7403,531,7934,84
2021-10-31,Merced,047,269075,41896,41699,1912,43611,589
2021-10-31,Modoc,049,8938,535,517,188,705,5
2021-10-31,Mono,051,14174,1721,1711,22,1733,3
2021-10-31,Monterey,053,433212,48722,47744,2904,50648,596
2021-10-31,Napa,055,140530,12984,12906,112,13018,101
2021-10-31,Nevada,057,99092,9191,9084,319,9403,91
2021-10-31,Orange,059,3164182,307302,305032,15206,320238,5596
2021-10-31,Placer,061,380077,37137,36698,3640,40338,435
2021-10-31,Plumas,063,18699,1781,1716,33,1749,7
2021-10-31,Riverside,065,2383286,363362,359005,16458,375463,5104
2021-10-31,Sacramento,067,1510023,158954,157667,4580,162247,2243
2021-10-31,San Benito,069,59416,7406,7397,168,7565,73
2021-10-31,San Bernardino,071,2135413,354272,351411,11184,362595,5810
2021-10-31,San Diego,073,3302833,373378,371603,21934,393537,4218
2021-10-31,San Francisco,075,870044,52930,52370,2332,54702,661
2021-10-31,San Joaquin,077,732212,99704,98893,5413,104306,1772
2021-10-31,San Luis Obispo,079,281455,29584,29176,1243,30419,343
2021-10-31,San Mateo,081,765935,54190,53284,875,54159,571
2021-10-31,Santa Barbara,083,443738,44422,44113,1553,45666,529
2021-10-31,Santa Clara,085,1922200,147074,145829,1345,147174,1908
2021-10-31,Santa Cruz,087,273765,20390,20218,1012,21230,221
2021-10-31,Shasta,089,179085,21411,21086,3584,24670,338
2021-10-31,Sierra,091,2930,184,180,20,200,0
2021-10-31,Siskiyou,093,43540,3334,3271,1287,4558,46
2021-10-31,Solano,095,438530,45950,45310,1267,46577,350
2021-10-31,Sonoma,097,501317,41459,41183,528,41711,395
2021-10-31,Stanislaus,099,539301,78301,78426,8856,87282,1193
2021-10-31,Sutter,101,95872,13870,13838,345,14183,179
2021-10-31,Tehama,103,63373,8503,8391,1483,9874,116
2021-10-31,Trinity,105,12862,856,724,217,941,11
2021-10-31,Tulare,107,460477,68494,67310,15009,82319,1002
2021-10-31,Tuolumne,109,53932,7247,7141,95,7236,90
2021-10-31,Ventura,111,848112,98153,97460,4314,101774,1178
2021-10-31,Yolo,113,214977,19891,19662,1125,20787,250
2021-10-31,Yuba,115,75493,10127,10051,322,10373,83
2021-10-30,Alameda,001,1643700,119552,118632,2796,121428,1419
2021-10-30,Alpine,003,1148,101,105,0,105,0
2021-10-30,Amador,005,37829,5568,5480,61,5541,64
2021-10-30,Butte,007,227075,20938,20516,3760,24276,277
2021-10-30,Calaveras,009,45235,4073,3992,52,4044,82
2021-10-30,Colusa,011,21464,2513,2484,635,3119,19
2021-10-30,Contra Costa,013,1133247,99423,98562,2194,100756,1024
2021-10-30,Del Norte,015,27424,3681,3574,54,3628,42
2021-10-30,El Dorado,017,186661,16041,15752,1703,17455,154
2021-10-30,Fresno,019,978130,139951,136901,12761,149662,2131
2021-10-30,Glenn,021,27897,3494,3442,1010,4452,33
2021-10-30,Humboldt,023,135768,8990,8871,552,9423,105
2021-10-30,Imperial,025,180216,33591,33156,3197,36353,766
2021-10-30,Inyo,027,18085,2349,2249,42,2291,41
2021-10-30,Kern,029,883053,127348,124892,22084,146976,1653
2021-10-30,Kings,031,150075,32214,31578,1937,33515,337
2021-10-30,Lake,033,64148,6734,6610,148,6758,106
2021-10-30,Lassen,035,31185,6855,6719,367,7086,42
2021-10-30,Los Angeles,037,10098052,1438282,1424257,54354,1478611,26625
2021-10-30,Madera,039,155013,23088,22524,2105,24629,283
2021-10-30,Marin,041,260295,17554,17380,452,17832,247
2021-10-30,Mariposa,043,17540,1289,1228,46,1274,5
2021-10-30,Mendocino,045,87422,7517,7338,529,7867,84
2021-10-30,Merced,047,269075,41856,41428,1910,43338,586
2021-10-30,Modoc,049,8938,533,513,187,700,5
2021-10-30,Mono,051,14174,1721,1684,22,1706,3
2021-10-30,Monterey,053,433212,48705,47649,2898,50547,588
2021-10-30,Napa,055,140530,12970,12863,111,12974,101
2021-10-30,Nevada,057,99092,9172,9015,319,9334,91
2021-10-30,Orange,059,3164182,307123,304120,15184,319304,5588
2021-10-30,Placer,061,380077,37091,36400,3634,40034,434
2021-10-30,Plumas,063,18699,1776,1695,33,1728,7
2021-10-30,Riverside,065,2383286,363060,357645,16449,374094,5088
2021-10-30,Sacramento,067,1510023,158795,157125,4571,161696,2233
2021-10-30,San Benito,069,59416,7399,7362,168,7530,71
2021-10-30,San Bernardino,071,2135413,353995,350076,11170,361246,5777
2021-10-30,San Diego,073,3302833,373015,370006,21912,391918,4213
2021-10-30,San Francisco,075,870044,52901,52161,2330,54491,661
2021-10-30,San Joaquin,077,732212,99648,98314,5412,103726,1768
2021-10-30,San Luis Obispo,079,281455,29552,29053,1240,30293,341
2021-10-30,San Mateo,081,765935,54151,53083,875,53958,571
2021-10-30,Santa Barbara,083,443738,44387,43972,1552,45524,528
2021-10-30,Santa Clara,085,1922200,146969,145262,1341,146603,1903
2021-10-30,Santa Cruz,087,273765,20372,20134,1010,21144,221
2021-10-30,Shasta,089,179085,21367,20878,3578,24456,332
2021-10-30,Sierra,091,2930,184,175,20,195,0
2021-10-30,Siskiyou,093,43540,3333,3257,1284,4541,46
2021-10-30,Solano,095,438530,45929,45146,1265,46411,346
2021-10-30,Sonoma,097,501317,41420,40924,528,41452,393
2021-10-30,Stanislaus,099,539301,78231,77871,8849,86720,1191
2021-10-30,Sutter,101,95872,13856,13773,345,14118,178
2021-10-30,Tehama,103,63373,8492,8307,1478,9785,114
2021-10-30,Trinity,105,12862,854,708,216,924,11
2021-10-30,Tulare,107,460477,68423,66745,14963,81708,995
2021-10-30,Tuolumne,109,53932,7223,7050,94,7144,90
2021-10-30,Ventura,111,848112,98104,97182,4311,101493,1174
2021-10-30,Yolo,113,214977,19872,19568,1123,20691,250
2021-10-30,Yuba,115,75493,10116,9969,322,10291,82
2021-10-29,Alameda,001,1643700,119472,118632,2791,121423,1419
2021-10-29,Alpine,003,1148,101,105,0,105,0
2021-10-29,Amador,005,37829,5557,5480,61,5541,64
2021-10-29,Butte,007,227075,20914,20516,3750,24266,277
2021-10-29,Calaveras,009,45235,4066,3992,52,4044,82
2021-10-29,Colusa,011,21464,2513,2484,633,3117,19
2021-10-29,Contra Costa,013,1133247,99355,98562,2192,100754,1024
2021-10-29,Del Norte,015,27424,3674,3574,54,3628,42
2021-10-29,El Dorado,017,186661,16027,15752,1703,17455,154
2021-10-29,Fresno,019,978130,139736,136901,12746,149647,2131
2021-10-29,Glenn,021,27897,3493,3442,1009,4451,33
2021-10-29,Humboldt,023,135768,8985,8871,551,9422,105
2021-10-29,Imperial,025,180216,33564,33156,3194,36350,766
2021-10-29,Inyo,027,18085,2346,2249,42,2291,41
2021-10-29,Kern,029,883053,127171,124892,21994,146886,1653
2021-10-29,Kings,031,150075,32180,31578,1935,33513,337
2021-10-29,Lake,033,64148,6725,6610,145,6755,106
2021-10-29,Lassen,035,31185,6846,6719,364,7083,42
2021-10-29,Los Angeles,037,10098052,1437437,1424257,54310,1478567,26625
2021-10-29,Madera,039,155013,23036,22524,2100,24624,283
2021-10-29,Marin,041,260295,17538,17380,451,17831,247
2021-10-29,Mariposa,043,17540,1285,1228,46,1274,5
2021-10-29,Mendocino,045,87422,7509,7338,529,7867,84
2021-10-29,Merced,047,269075,41806,41428,1904,43332,586
2021-10-29,Modoc,049,8938,531,513,186,699,5
2021-10-29,Mono,051,14174,1719,1684,22,1706,3
2021-10-29,Monterey,053,433212,48682,47649,2898,50547,588
2021-10-29,Napa,055,140530,12949,12863,111,12974,101
2021-10-29,Nevada,057,99092,9160,9015,319,9334,91
2021-10-29,Orange,059,3164182,306898,304120,15164,319284,5588
2021-10-29,Placer,061,380077,37055,36400,3623,40023,434
2021-10-29,Plumas,063,18699,1770,1695,33,1728,7
2021-10-29,Riverside,065,2383286,362726,357645,16444,374089,5088
2021-10-29,Sacramento,067,1510023,158606,157125,4562,161687,2233
2021-10-29,San Benito,069,59416,7396,7362,168,7530,71
2021-10-29,San Bernardino,071,2135413,353697,350076,11159,361235,5777
2021-10-29,San Diego,073,3302833,372645,370006,21884,391890,4213
2021-10-29,San Francisco,075,870044,52841,52161,2324,54485,661
2021-10-29,San Joaquin,077,732212,99591,98314,5407,103721,1768
2021-10-29,San Luis Obispo,079,281455,29526,29053,1238,30291,341
2021-10-29,San Mateo,081,765935,54108,53083,873,53956,571
2021-10-29,Santa Barbara,083,443738,44347,43972,1549,45521,528
2021-10-29,Santa Clara,085,1922200,146854,145262,1334,146596,1903
2021-10-29,Santa Cruz,087,273765,20365,20134,1009,21143,221
2021-10-29,Shasta,089,179085,21329,20878,3572,24450,332
2021-10-29,Sierra,091,2930,182,175,20,195,0
2021-10-29,Siskiyou,093,43540,3333,3257,1283,4540,46
2021-10-29,Solano,095,438530,45892,45146,1264,46410,346
2021-10-29,Sonoma,097,501317,41399,40924,528,41452,393
2021-10-29,Stanislaus,099,539301,78146,77871,8837,86708,1191
2021-10-29,Sutter,101,95872,13837,13773,345,14118,178
2021-10-29,Tehama,103,63373,8479,8307,1477,9784,114
2021-10-29,Trinity,105,12862,853,708,216,924,11
2021-10-29,Tulare,107,460477,68318,66745,14918,81663,995
2021-10-29,Tuolumne,109,53932,7210,7050,94,7144,90
2021-10-29,Ventura,111,848112,98049,97182,4307,101489,1174
2021-10-29,Yolo,113,214977,19854,19568,1118,20686,250
2021-10-29,Yuba,115,75493,10108,9969,318,10287,82
2021-10-28,Alameda,001,1643700,119350,118632,2784,121416,1419
2021-10-28,Alpine,003,1148,101,105,0,105,0
2021-10-28,Amador,005,37829,5544,5480,61,5541,64
2021-10-28,Butte,007,227075,20871,20516,3741,24257,277
2021-10-28,Calaveras,009,45235,4053,3992,52,4044,82
2021-10-28,Colusa,011,21464,2510,2484,632,3116,19
2021-10-28,Contra Costa,013,1133247,99225,98562,2188,100750,1024
2021-10-28,Del Norte,015,27424,3673,3574,54,3628,42
2021-10-28,El Dorado,017,186661,16001,15752,1700,17452,154
2021-10-28,Fresno,019,978130,139403,136901,12713,149614,2131
2021-10-28,Glenn,021,27897,3490,3442,1007,4449,33
2021-10-28,Humboldt,023,135768,8969,8871,546,9417,105
2021-10-28,Imperial,025,180216,33498,33156,3187,36343,766
2021-10-28,Inyo,027,18085,2329,2249,42,2291,41
2021-10-28,Kern,029,883053,126924,124892,21880,146772,1653
2021-10-28,Kings,031,150075,32111,31578,1930,33508,337
2021-10-28,Lake,033,64148,6715,6610,145,6755,106
2021-10-28,Lassen,035,31185,6836,6719,360,7079,42
2021-10-28,Los Angeles,037,10098052,1436298,1424257,54237,1478494,26625
2021-10-28,Madera,039,155013,22982,22524,2089,24613,283
2021-10-28,Marin,041,260295,17520,17380,450,17830,247
2021-10-28,Mariposa,043,17540,1281,1228,46,1274,5
2021-10-28,Mendocino,045,87422,7496,7338,518,7856,84
2021-10-28,Merced,047,269075,41721,41428,1892,43320,586
2021-10-28,Modoc,049,8938,530,513,186,699,5
2021-10-28,Mono,051,14174,1713,1684,22,1706,3
2021-10-28,Monterey,053,433212,48651,47649,2881,50530,588
2021-10-28,Napa,055,140530,12940,12863,110,12973,101
2021-10-28,Nevada,057,99092,9142,9015,319,9334,91
2021-10-28,Orange,059,3164182,306610,304120,15099,319219,5588
2021-10-28,Placer,061,380077,36976,36400,3614,40014,434
2021-10-28,Plumas,063,18699,1762,1695,33,1728,7
2021-10-28,Riverside,065,2383286,362288,357645,16420,374065,5088
2021-10-28,Sacramento,067,1510023,158340,157125,4550,161675,2233
2021-10-28,San Benito,069,59416,7388,7362,168,7530,71
2021-10-28,San Bernardino,071,2135413,353282,350076,11137,361213,5777
2021-10-28,San Diego,073,3302833,372189,370006,21861,391867,4213
2021-10-28,San Francisco,075,870044,52795,52161,2317,54478,661
2021-10-28,San Joaquin,077,732212,99463,98314,5406,103720,1768
2021-10-28,San Luis Obispo,079,281455,29497,29053,1235,30288,341
2021-10-28,San Mateo,081,765935,54063,53083,871,53954,571
2021-10-28,Santa Barbara,083,443738,44308,43972,1547,45519,528
2021-10-28,Santa Clara,085,1922200,146697,145262,1329,146591,1903
2021-10-28,Santa Cruz,087,273765,20341,20134,1009,21143,221
2021-10-28,Shasta,089,179085,21255,20878,3565,24443,332
2021-10-28,Sierra,091,2930,181,175,20,195,0
2021-10-28,Siskiyou,093,43540,3332,3257,1283,4540,46
2021-10-28,Solano,095,438530,45853,45146,1263,46409,346
2021-10-28,Sonoma,097,501317,41331,40924,527,41451,393
2021-10-28,Stanislaus,099,539301,77993,77871,8821,86692,1191
2021-10-28,Sutter,101,95872,13824,13773,341,14114,178
2021-10-28,Tehama,103,63373,8442,8307,1474,9781,114
2021-10-28,Trinity,105,12862,850,708,216,924,11
2021-10-28,Tulare,107,460477,68179,66745,14862,81607,995
2021-10-28,Tuolumne,109,53932,7179,7050,94,7144,90
2021-10-28,Ventura,111,848112,97964,97182,4304,101486,1174
2021-10-28,Yolo,113,214977,19816,19568,1113,20681,250
2021-10-28,Yuba,115,75493,10079,9969,315,10284,82
2021-10-27,Alameda,001,1643700,119228,118487,2782,121269,1414
2021-10-27,Alpine,003,1148,101,105,0,105,0
2021-10-27,Amador,005,37829,5532,5470,60,5530,64
2021-10-27,Butte,007,227075,20827,20446,3727,24173,274
2021-10-27,Calaveras,009,45235,4035,3970,51,4021,82
2021-10-27,Colusa,011,21464,2509,2480,631,3111,18
2021-10-27,Contra Costa,013,1133247,99117,98442,2176,100618,1018
2021-10-27,Del Norte,015,27424,3666,3571,53,3624,42
2021-10-27,El Dorado,017,186661,15970,15723,1695,17418,154
2021-10-27,Fresno,019,978130,139021,136447,12679,149126,2128
2021-10-27,Glenn,021,27897,3488,3435,1006,4441,33
2021-10-27,Humboldt,023,135768,8949,8851,544,9395,105
2021-10-27,Imperial,025,180216,33458,33068,3182,36250,766
2021-10-27,Inyo,027,18085,2309,2236,42,2278,41
2021-10-27,Kern,029,883053,126655,124557,21780,146337,1647
2021-10-27,Kings,031,150075,32045,31437,1924,33361,335
2021-10-27,Lake,033,64148,6689,6589,145,6734,105
2021-10-27,Lassen,035,31185,6823,6706,358,7064,42
2021-10-27,Los Angeles,037,10098052,1435067,1422615,54179,1476794,26604
2021-10-27,Madera,039,155013,22897,22413,2065,24478,283
2021-10-27,Marin,041,260295,17505,17362,450,17812,247
2021-10-27,Mariposa,043,17540,1268,1228,46,1274,5
2021-10-27,Mendocino,045,87422,7482,7321,511,7832,84
2021-10-27,Merced,047,269075,41624,41310,1878,43188,583
2021-10-27,Modoc,049,8938,526,513,186,699,5
2021-10-27,Mono,051,14174,1710,1682,22,1704,3
2021-10-27,Monterey,053,433212,48614,47610,2860,50470,588
2021-10-27,Napa,055,140530,12925,12856,109,12965,101
2021-10-27,Nevada,057,99092,9124,8987,318,9305,90
2021-10-27,Orange,059,3164182,306289,303825,15049,318874,5584
2021-10-27,Placer,061,380077,36911,36296,3607,39903,434
2021-10-27,Plumas,063,18699,1754,1686,33,1719,7
2021-10-27,Riverside,065,2383286,361858,357152,16412,373564,5081
2021-10-27,Sacramento,067,1510023,158072,156830,4529,161359,2230
2021-10-27,San Benito,069,59416,7381,7337,168,7505,71
2021-10-27,San Bernardino,071,2135413,352858,349624,11115,360739,5770
2021-10-27,San Diego,073,3302833,371632,369579,21837,391416,4207
2021-10-27,San Francisco,075,870044,52744,52108,2313,54421,655
2021-10-27,San Joaquin,077,732212,99305,98168,5391,103559,1753
2021-10-27,San Luis Obispo,079,281455,29458,29002,1233,30235,341
2021-10-27,San Mateo,081,765935,54008,53032,863,53895,571
2021-10-27,Santa Barbara,083,443738,44255,43901,1544,45445,527
2021-10-27,Santa Clara,085,1922200,146520,145081,1321,146402,1902
2021-10-27,Santa Cruz,087,273765,20314,20091,1007,21098,221
2021-10-27,Shasta,089,179085,21179,20813,3557,24370,331
2021-10-27,Sierra,091,2930,180,176,20,196,0
2021-10-27,Siskiyou,093,43540,3329,3256,1279,4535,46
2021-10-27,Solano,095,438530,45808,45089,1255,46344,346
2021-10-27,Sonoma,097,501317,41255,40829,525,41354,393
2021-10-27,Stanislaus,099,539301,77833,77687,8806,86493,1191
2021-10-27,Sutter,101,95872,13810,13754,341,14095,177
2021-10-27,Tehama,103,63373,8420,8265,1472,9737,113
2021-10-27,Trinity,105,12862,850,706,215,921,11
2021-10-27,Tulare,107,460477,68025,66568,14804,81372,991
2021-10-27,Tuolumne,109,53932,7152,7009,93,7102,90
2021-10-27,Ventura,111,848112,97872,97108,4299,101407,1172
2021-10-27,Yolo,113,214977,19787,19517,1106,20623,250
2021-10-27,Yuba,115,75493,10058,9945,313,10258,82
2021-10-26,Alameda,001,1643700,119091,118360,2780,121140,1407
2021-10-26,Alpine,003,1148,101,105,0,105,0
2021-10-26,Amador,005,37829,5524,5465,59,5524,64
2021-10-26,Butte,007,227075,20768,20387,3710,24097,274
2021-10-26,Calaveras,009,45235,4024,3966,51,4017,81
2021-10-26,Colusa,011,21464,2507,2478,630,3108,18
2021-10-26,Contra Costa,013,1133247,98995,98352,2165,100517,1017
2021-10-26,Del Norte,015,27424,3661,3563,53,3616,42
2021-10-26,El Dorado,017,186661,15942,15690,1686,17376,153
2021-10-26,Fresno,019,978130,138572,136211,12634,148845,2122
2021-10-26,Glenn,021,27897,3473,3431,1003,4434,33
2021-10-26,Humboldt,023,135768,8931,8830,538,9368,105
2021-10-26,Imperial,025,180216,33393,33012,3177,36189,766
2021-10-26,Inyo,027,18085,2294,2200,42,2242,41
2021-10-26,Kern,029,883053,126312,124351,21660,146011,1645
2021-10-26,Kings,031,150075,31978,31382,1917,33299,336
2021-10-26,Lake,033,64148,6679,6584,143,6727,105
2021-10-26,Lassen,035,31185,6802,6689,356,7045,42
2021-10-26,Los Angeles,037,10098052,1433726,1421795,54109,1475904,26599
2021-10-26,Madera,039,155013,22807,22363,2054,24417,283
2021-10-26,Marin,041,260295,17488,17354,449,17803,244
2021-10-26,Mariposa,043,17540,1263,1225,45,1270,5
2021-10-26,Mendocino,045,87422,7453,7308,494,7802,83
2021-10-26,Merced,047,269075,41546,41267,1870,43137,583
2021-10-26,Modoc,049,8938,526,513,186,699,5
2021-10-26,Mono,051,14174,1705,1680,22,1702,3
2021-10-26,Monterey,053,433212,48575,47572,2850,50422,588
2021-10-26,Napa,055,140530,12913,12849,109,12958,101
2021-10-26,Nevada,057,99092,9093,8971,317,9288,90
2021-10-26,Orange,059,3164182,306019,303533,15010,318543,5580
2021-10-26,Placer,061,380077,36814,36245,3601,39846,434
2021-10-26,Plumas,063,18699,1745,1645,33,1678,7
2021-10-26,Riverside,065,2383286,361368,356775,16402,373177,5068
2021-10-26,Sacramento,067,1510023,157771,156643,4512,161155,2228
2021-10-26,San Benito,069,59416,7358,7325,168,7493,71
2021-10-26,San Bernardino,071,2135413,352435,349346,11100,360446,5764
2021-10-26,San Diego,073,3302833,371116,369043,21807,390850,4198
2021-10-26,San Francisco,075,870044,52669,52063,2310,54373,655
2021-10-26,San Joaquin,077,732212,99126,98036,5376,103412,1748
2021-10-26,San Luis Obispo,079,281455,29419,28928,1227,30155,337
2021-10-26,San Mateo,081,765935,53936,52974,860,53834,571
2021-10-26,Santa Barbara,083,443738,44209,43835,1543,45378,525
2021-10-26,Santa Clara,085,1922200,146321,144932,1315,146247,1903
2021-10-26,Santa Cruz,087,273765,20283,20067,1006,21073,221
2021-10-26,Shasta,089,179085,21118,20725,3539,24264,330
2021-10-26,Sierra,091,2930,180,169,20,189,0
2021-10-26,Siskiyou,093,43540,3323,3254,1277,4531,46
2021-10-26,Solano,095,438530,45752,45044,1254,46298,344
2021-10-26,Sonoma,097,501317,41173,40794,523,41317,393
2021-10-26,Stanislaus,099,539301,77659,77552,8781,86333,1157
2021-10-26,Sutter,101,95872,13781,13739,340,14079,176
2021-10-26,Tehama,103,63373,8392,8247,1466,9713,112
2021-10-26,Trinity,105,12862,846,705,215,920,11
2021-10-26,Tulare,107,460477,67865,66476,14743,81219,991
2021-10-26,Tuolumne,109,53932,7126,6995,91,7086,90
2021-10-26,Ventura,111,848112,97763,97014,4295,101309,1170
2021-10-26,Yolo,113,214977,19758,19490,1103,20593,248
2021-10-26,Yuba,115,75493,10040,9927,308,10235,82
2021-10-25,Alameda,001,1643700,118946,118319,2778,121097,1404
2021-10-25,Alpine,003,1148,101,105,0,105,0
2021-10-25,Amador,005,37829,5510,5455,59,5514,64
2021-10-25,Butte,007,227075,20694,20331,3702,24033,273
2021-10-25,Calaveras,009,45235,3994,3942,50,3992,82
2021-10-25,Colusa,011,21464,2505,2471,628,3099,18
2021-10-25,Contra Costa,013,1133247,98878,98267,2161,100428,1017
2021-10-25,Del Norte,015,27424,3654,3562,53,3615,42
2021-10-25,El Dorado,017,186661,15907,15663,1684,17347,149
2021-10-25,Fresno,019,978130,138137,135974,12595,148569,2112
2021-10-25,Glenn,021,27897,3470,3421,1002,4423,33
2021-10-25,Humboldt,023,135768,8908,8825,533,9358,105
2021-10-25,Imperial,025,180216,33331,32968,3166,36134,766
2021-10-25,Inyo,027,18085,2276,2183,42,2225,41
2021-10-25,Kern,029,883053,125960,124078,21521,145599,1649
2021-10-25,Kings,031,150075,31889,31329,1908,33237,335
2021-10-25,Lake,033,64148,6666,6571,143,6714,105
2021-10-25,Lassen,035,31185,6791,6688,354,7042,42
2021-10-25,Los Angeles,037,10098052,1432366,1421061,54042,1475103,26579
2021-10-25,Madera,039,155013,22753,22325,2047,24372,281
2021-10-25,Marin,041,260295,17466,17334,447,17781,244
2021-10-25,Mariposa,043,17540,1249,1220,45,1265,5
2021-10-25,Mendocino,045,87422,7423,7296,490,7786,82
2021-10-25,Merced,047,269075,41478,41207,1843,43050,583
2021-10-25,Modoc,049,8938,524,512,184,696,5
2021-10-25,Mono,051,14174,1697,1677,22,1699,3
2021-10-25,Monterey,053,433212,48542,47547,2848,50395,587
2021-10-25,Napa,055,140530,12900,12841,109,12950,100
2021-10-25,Nevada,057,99092,9067,8958,317,9275,90
2021-10-25,Orange,059,3164182,305722,303279,14972,318251,5574
2021-10-25,Placer,061,380077,36706,36153,3591,39744,431
2021-10-25,Plumas,063,18699,1733,1641,33,1674,7
2021-10-25,Riverside,065,2383286,360941,356381,16387,372768,5056
2021-10-25,Sacramento,067,1510023,157468,156516,4486,161002,2235
2021-10-25,San Benito,069,59416,7345,7314,167,7481,71
2021-10-25,San Bernardino,071,2135413,351938,349075,11088,360163,5748
2021-10-25,San Diego,073,3302833,370548,368386,21779,390165,4196
2021-10-25,San Francisco,075,870044,52596,52041,2303,54344,649
2021-10-25,San Joaquin,077,732212,98924,97980,5367,103347,1740
2021-10-25,San Luis Obispo,079,281455,29371,28907,1222,30129,336
2021-10-25,San Mateo,081,765935,53876,52927,856,53783,571
2021-10-25,Santa Barbara,083,443738,44150,43775,1543,45318,525
2021-10-25,Santa Clara,085,1922200,146130,144895,1310,146205,1901
2021-10-25,Santa Cruz,087,273765,20254,20053,1005,21058,221
2021-10-25,Shasta,089,179085,21046,20666,3532,24198,326
2021-10-25,Sierra,091,2930,180,168,20,188,0
2021-10-25,Siskiyou,093,43540,3319,3248,1272,4520,46
2021-10-25,Solano,095,438530,45691,45022,1252,46274,344
2021-10-25,Sonoma,097,501317,41100,40746,521,41267,393
2021-10-25,Stanislaus,099,539301,77467,77452,8752,86204,1145
2021-10-25,Sutter,101,95872,13768,13721,337,14058,176
2021-10-25,Tehama,103,63373,8365,8224,1462,9686,111
2021-10-25,Trinity,105,12862,841,699,214,913,11
2021-10-25,Tulare,107,460477,67670,66357,14681,81038,986
2021-10-25,Tuolumne,109,53932,7092,6952,89,7041,90
2021-10-25,Ventura,111,848112,97672,96932,4292,101224,1167
2021-10-25,Yolo,113,214977,19709,19457,1099,20556,248
2021-10-25,Yuba,115,75493,10024,9924,304,10228,82
2021-10-24,Alameda,001,1643700,118815,117816,2773,120589,1397
2021-10-24,Alpine,003,1148,101,105,0,105,0
2021-10-24,Amador,005,37829,5505,5412,59,5471,64
2021-10-24,Butte,007,227075,20622,20101,3690,23791,273
2021-10-24,Calaveras,009,45235,3975,3865,49,3914,81
2021-10-24,Colusa,011,21464,2501,2458,625,3083,18
2021-10-24,Contra Costa,013,1133247,98760,97855,2152,100007,1008
2021-10-24,Del Norte,015,27424,3650,3540,53,3593,42
2021-10-24,El Dorado,017,186661,15871,15540,1680,17220,149
2021-10-24,Fresno,019,978130,137701,134466,12546,147012,2094
2021-10-24,Glenn,021,27897,3463,3399,1000,4399,33
2021-10-24,Humboldt,023,135768,8895,8753,527,9280,105
2021-10-24,Imperial,025,180216,33253,32777,3160,35937,766
2021-10-24,Inyo,027,18085,2244,2108,42,2150,41
2021-10-24,Kern,029,883053,125626,122939,21403,144342,1636
2021-10-24,Kings,031,150075,31760,30942,1892,32834,325
2021-10-24,Lake,033,64148,6643,6501,142,6643,105
2021-10-24,Lassen,035,31185,6774,6632,353,6985,27
2021-10-24,Los Angeles,037,10098052,1430928,1415919,53974,1469893,26527
2021-10-24,Madera,039,155013,22676,22062,2034,24096,281
2021-10-24,Marin,041,260295,17450,17264,446,17710,244
2021-10-24,Mariposa,043,17540,1246,1184,45,1229,5
2021-10-24,Mendocino,045,87422,7399,7220,480,7700,82
2021-10-24,Merced,047,269075,41357,40808,1837,42645,581
2021-10-24,Modoc,049,8938,523,507,184,691,5
2021-10-24,Mono,051,14174,1692,1655,22,1677,3
2021-10-24,Monterey,053,433212,48494,47456,2837,50293,586
2021-10-24,Napa,055,140530,12889,12789,109,12898,100
2021-10-24,Nevada,057,99092,9044,8861,314,9175,90
2021-10-24,Orange,059,3164182,305371,302237,14934,317171,5546
2021-10-24,Placer,061,380077,36602,35822,3577,39399,426
2021-10-24,Plumas,063,18699,1723,1623,32,1655,7
2021-10-24,Riverside,065,2383286,360467,354688,16367,371055,5041
2021-10-24,Sacramento,067,1510023,157127,155125,4463,159588,2232
2021-10-24,San Benito,069,59416,7325,7280,167,7447,71
2021-10-24,San Bernardino,071,2135413,351387,347681,11076,358757,5688
2021-10-24,San Diego,073,3302833,369965,366085,21748,387833,4183
2021-10-24,San Francisco,075,870044,52533,51820,2297,54117,649
2021-10-24,San Joaquin,077,732212,98751,97440,5361,102801,1721
2021-10-24,San Luis Obispo,079,281455,29310,28755,1215,29970,333
2021-10-24,San Mateo,081,765935,53804,52719,856,53575,571
2021-10-24,Santa Barbara,083,443738,44083,43552,1541,45093,523
2021-10-24,Santa Clara,085,1922200,145939,144276,1300,145576,1897
2021-10-24,Santa Cruz,087,273765,20216,19967,1004,20971,221
2021-10-24,Shasta,089,179085,20947,20386,3526,23912,321
2021-10-24,Sierra,091,2930,180,168,20,188,0
2021-10-24,Siskiyou,093,43540,3312,3231,1268,4499,46
2021-10-24,Solano,095,438530,45641,44861,1247,46108,341
2021-10-24,Sonoma,097,501317,41017,40476,521,40997,393
2021-10-24,Stanislaus,099,539301,77276,76812,8740,85552,1145
2021-10-24,Sutter,101,95872,13741,13616,329,13945,175
2021-10-24,Tehama,103,63373,8317,8105,1450,9555,110
2021-10-24,Trinity,105,12862,837,696,211,907,11
2021-10-24,Tulare,107,460477,67498,65585,14608,80193,978
2021-10-24,Tuolumne,109,53932,7052,6840,87,6927,90
2021-10-24,Ventura,111,848112,97565,96664,4291,100955,1167
2021-10-24,Yolo,113,214977,19660,19280,1096,20376,248
2021-10-24,Yuba,115,75493,9999,9838,303,10141,82
2021-10-23,Alameda,001,1643700,118727,117816,2768,120584,1397
2021-10-23,Alpine,003,1148,101,105,0,105,0
2021-10-23,Amador,005,37829,5498,5412,59,5471,64
2021-10-23,Butte,007,227075,20585,20101,3681,23782,273
2021-10-23,Calaveras,009,45235,3968,3865,48,3913,81
2021-10-23,Colusa,011,21464,2499,2458,624,3082,18
2021-10-23,Contra Costa,013,1133247,98708,97855,2148,100003,1008
2021-10-23,Del Norte,015,27424,3648,3540,53,3593,42
2021-10-23,El Dorado,017,186661,15845,15540,1678,17218,149
2021-10-23,Fresno,019,978130,137523,134466,12532,146998,2094
2021-10-23,Glenn,021,27897,3461,3399,999,4398,33
2021-10-23,Humboldt,023,135768,8881,8753,522,9275,105
2021-10-23,Imperial,025,180216,33206,32777,3156,35933,766
2021-10-23,Inyo,027,18085,2233,2108,42,2150,41
2021-10-23,Kern,029,883053,125466,122939,21315,144254,1636
2021-10-23,Kings,031,150075,31714,30942,1890,32832,325
2021-10-23,Lake,033,64148,6638,6501,142,6643,105
2021-10-23,Lassen,035,31185,6771,6632,351,6983,27
2021-10-23,Los Angeles,037,10098052,1430248,1415919,53919,1469838,26527
2021-10-23,Madera,039,155013,22627,22062,2026,24088,281
2021-10-23,Marin,041,260295,17433,17264,445,17709,244
2021-10-23,Mariposa,043,17540,1243,1184,44,1228,5
2021-10-23,Mendocino,045,87422,7392,7220,479,7699,82
2021-10-23,Merced,047,269075,41316,40808,1832,42640,581
2021-10-23,Modoc,049,8938,521,507,184,691,5
2021-10-23,Mono,051,14174,1686,1655,22,1677,3
2021-10-23,Monterey,053,433212,48477,47456,2833,50289,586
2021-10-23,Napa,055,140530,12884,12789,109,12898,100
2021-10-23,Nevada,057,99092,9033,8861,312,9173,90
2021-10-23,Orange,059,3164182,305184,302237,14918,317155,5546
2021-10-23,Placer,061,380077,36540,35822,3571,39393,426
2021-10-23,Plumas,063,18699,1722,1623,32,1655,7
2021-10-23,Riverside,065,2383286,360146,354688,16360,371048,5041
2021-10-23,Sacramento,067,1510023,156998,155125,4454,159579,2232
2021-10-23,San Benito,069,59416,7315,7280,167,7447,71
2021-10-23,San Bernardino,071,2135413,351117,347681,11069,358750,5688
2021-10-23,San Diego,073,3302833,369624,366085,21717,387802,4183
2021-10-23,San Francisco,075,870044,52498,51820,2296,54116,649
2021-10-23,San Joaquin,077,732212,98683,97440,5352,102792,1721
2021-10-23,San Luis Obispo,079,281455,29273,28755,1213,29968,333
2021-10-23,San Mateo,081,765935,53766,52719,855,53574,571
2021-10-23,Santa Barbara,083,443738,44052,43552,1539,45091,523
2021-10-23,Santa Clara,085,1922200,145831,144276,1296,145572,1897
2021-10-23,Santa Cruz,087,273765,20204,19967,1004,20971,221
2021-10-23,Shasta,089,179085,20911,20386,3514,23900,321
2021-10-23,Sierra,091,2930,179,168,20,188,0
2021-10-23,Siskiyou,093,43540,3310,3231,1268,4499,46
2021-10-23,Solano,095,438530,45616,44861,1244,46105,341
2021-10-23,Sonoma,097,501317,40977,40476,521,40997,393
2021-10-23,Stanislaus,099,539301,77187,76812,8720,85532,1145
2021-10-23,Sutter,101,95872,13735,13616,328,13944,175
2021-10-23,Tehama,103,63373,8305,8105,1449,9554,110
2021-10-23,Trinity,105,12862,836,696,211,907,11
2021-10-23,Tulare,107,460477,67410,65585,14549,80134,978
2021-10-23,Tuolumne,109,53932,7031,6840,87,6927,90
2021-10-23,Ventura,111,848112,97504,96664,4291,100955,1167
2021-10-23,Yolo,113,214977,19643,19280,1093,20373,248
2021-10-23,Yuba,115,75493,9991,9838,303,10141,82
2021-10-22,Alameda,001,1643700,118643,117816,2765,120581,1397
2021-10-22,Alpine,003,1148,101,105,0,105,0
2021-10-22,Amador,005,37829,5487,5412,59,5471,64
2021-10-22,Butte,007,227075,20553,20101,3677,23778,273
2021-10-22,Calaveras,009,45235,3960,3865,48,3913,81
2021-10-22,Colusa,011,21464,2496,2458,624,3082,18
2021-10-22,Contra Costa,013,1133247,98617,97855,2146,100001,1008
2021-10-22,Del Norte,015,27424,3644,3540,53,3593,42
2021-10-22,El Dorado,017,186661,15832,15540,1676,17216,149
2021-10-22,Fresno,019,978130,137307,134466,12510,146976,2094
2021-10-22,Glenn,021,27897,3451,3399,999,4398,33
2021-10-22,Humboldt,023,135768,8867,8753,521,9274,105
2021-10-22,Imperial,025,180216,33163,32777,3156,35933,766
2021-10-22,Inyo,027,18085,2220,2108,42,2150,41
2021-10-22,Kern,029,883053,125279,122939,21242,144181,1636
2021-10-22,Kings,031,150075,31679,30942,1889,32831,325
2021-10-22,Lake,033,64148,6628,6501,142,6643,105
2021-10-22,Lassen,035,31185,6764,6632,348,6980,27
2021-10-22,Los Angeles,037,10098052,1429495,1415919,53860,1469779,26527
2021-10-22,Madera,039,155013,22577,22062,2013,24075,281
2021-10-22,Marin,041,260295,17421,17264,445,17709,244
2021-10-22,Mariposa,043,17540,1240,1184,44,1228,5
2021-10-22,Mendocino,045,87422,7378,7220,478,7698,82
2021-10-22,Merced,047,269075,41279,40808,1825,42633,581
2021-10-22,Modoc,049,8938,521,507,184,691,5
2021-10-22,Mono,051,14174,1684,1655,22,1677,3
2021-10-22,Monterey,053,433212,48444,47456,2831,50287,586
2021-10-22,Napa,055,140530,12878,12789,109,12898,100
2021-10-22,Nevada,057,99092,9016,8861,311,9172,90
2021-10-22,Orange,059,3164182,304968,302237,14887,317124,5546
2021-10-22,Placer,061,380077,36512,35822,3562,39384,426
2021-10-22,Plumas,063,18699,1716,1623,32,1655,7
2021-10-22,Riverside,065,2383286,359835,354688,16355,371043,5041
2021-10-22,Sacramento,067,1510023,156812,155125,4444,159569,2232
2021-10-22,San Benito,069,59416,7310,7280,167,7447,71
2021-10-22,San Bernardino,071,2135413,350787,347681,11054,358735,5688
2021-10-22,San Diego,073,3302833,369226,366085,21699,387784,4183
2021-10-22,San Francisco,075,870044,52463,51820,2289,54109,649
2021-10-22,San Joaquin,077,732212,98624,97440,5349,102789,1721
2021-10-22,San Luis Obispo,079,281455,29243,28755,1213,29968,333
2021-10-22,San Mateo,081,765935,53715,52719,848,53567,571
2021-10-22,Santa Barbara,083,443738,44011,43552,1539,45091,523
2021-10-22,Santa Clara,085,1922200,145675,144276,1289,145565,1897
2021-10-22,Santa Cruz,087,273765,20182,19967,1004,20971,221
2021-10-22,Shasta,089,179085,20878,20386,3511,23897,321
2021-10-22,Sierra,091,2930,178,168,19,187,0
2021-10-22,Siskiyou,093,43540,3308,3231,1265,4496,46
2021-10-22,Solano,095,438530,45581,44861,1240,46101,341
2021-10-22,Sonoma,097,501317,40920,40476,521,40997,393
2021-10-22,Stanislaus,099,539301,77084,76812,8702,85514,1145
2021-10-22,Sutter,101,95872,13720,13616,328,13944,175
2021-10-22,Tehama,103,63373,8283,8105,1444,9549,110
2021-10-22,Trinity,105,12862,835,696,211,907,11
2021-10-22,Tulare,107,460477,67323,65585,14495,80080,978
2021-10-22,Tuolumne,109,53932,6996,6840,87,6927,90
2021-10-22,Ventura,111,848112,97451,96664,4285,100949,1167
2021-10-22,Yolo,113,214977,19616,19280,1091,20371,248
2021-10-22,Yuba,115,75493,9977,9838,301,10139,82
2021-10-21,Alameda,001,1643700,118527,117816,2760,120576,1397
2021-10-21,Alpine,003,1148,101,105,0,105,0
2021-10-21,Amador,005,37829,5479,5412,59,5471,64
2021-10-21,Butte,007,227075,20469,20101,3664,23765,273
2021-10-21,Calaveras,009,45235,3941,3865,48,3913,81
2021-10-21,Colusa,011,21464,2492,2458,620,3078,18
2021-10-21,Contra Costa,013,1133247,98502,97855,2140,99995,1008
2021-10-21,Del Norte,015,27424,3638,3540,52,3592,42
2021-10-21,El Dorado,017,186661,15804,15540,1669,17209,149
2021-10-21,Fresno,019,978130,136957,134466,12466,146932,2094
2021-10-21,Glenn,021,27897,3447,3399,996,4395,33
2021-10-21,Humboldt,023,135768,8853,8753,517,9270,105
2021-10-21,Imperial,025,180216,33108,32777,3152,35929,766
2021-10-21,Inyo,027,18085,2198,2108,42,2150,41
2021-10-21,Kern,029,883053,125031,122939,21131,144070,1636
2021-10-21,Kings,031,150075,31581,30942,1883,32825,325
2021-10-21,Lake,033,64148,6614,6501,141,6642,105
2021-10-21,Lassen,035,31185,6751,6632,344,6976,27
2021-10-21,Los Angeles,037,10098052,1428381,1415919,53809,1469728,26527
2021-10-21,Madera,039,155013,22519,22062,2003,24065,281
2021-10-21,Marin,041,260295,17403,17264,445,17709,244
2021-10-21,Mariposa,043,17540,1234,1184,43,1227,5
2021-10-21,Mendocino,045,87422,7360,7220,471,7691,82
2021-10-21,Merced,047,269075,41182,40808,1814,42622,581
2021-10-21,Modoc,049,8938,521,507,184,691,5
2021-10-21,Mono,051,14174,1675,1655,22,1677,3
2021-10-21,Monterey,053,433212,48410,47456,2819,50275,586
2021-10-21,Napa,055,140530,12866,12789,109,12898,100
2021-10-21,Nevada,057,99092,8991,8861,311,9172,90
2021-10-21,Orange,059,3164182,304696,302237,14851,317088,5546
2021-10-21,Placer,061,380077,36423,35822,3549,39371,426
2021-10-21,Plumas,063,18699,1702,1623,32,1655,7
2021-10-21,Riverside,065,2383286,359390,354688,16344,371032,5041
2021-10-21,Sacramento,067,1510023,156493,155125,4418,159543,2232
2021-10-21,San Benito,069,59416,7303,7280,165,7445,71
2021-10-21,San Bernardino,071,2135413,350407,347681,11019,358700,5688
2021-10-21,San Diego,073,3302833,368715,366085,21669,387754,4183
2021-10-21,San Francisco,075,870044,52408,51820,2288,54108,649
2021-10-21,San Joaquin,077,732212,98485,97440,5342,102782,1721
2021-10-21,San Luis Obispo,079,281455,29201,28755,1211,29966,333
2021-10-21,San Mateo,081,765935,53668,52719,847,53566,571
2021-10-21,Santa Barbara,083,443738,43945,43552,1537,45089,523
2021-10-21,Santa Clara,085,1922200,145504,144276,1285,145561,1897
2021-10-21,Santa Cruz,087,273765,20158,19967,1002,20969,221
2021-10-21,Shasta,089,179085,20816,20386,3496,23882,321
2021-10-21,Sierra,091,2930,177,168,18,186,0
2021-10-21,Siskiyou,093,43540,3303,3231,1263,4494,46
2021-10-21,Solano,095,438530,45529,44861,1238,46099,341
2021-10-21,Sonoma,097,501317,40851,40476,519,40995,393
2021-10-21,Stanislaus,099,539301,76915,76812,8691,85503,1145
2021-10-21,Sutter,101,95872,13692,13616,324,13940,175
2021-10-21,Tehama,103,63373,8256,8105,1437,9542,110
2021-10-21,Trinity,105,12862,833,696,211,907,11
2021-10-21,Tulare,107,460477,67133,65585,14424,80009,978
2021-10-21,Tuolumne,109,53932,6958,6840,86,6926,90
2021-10-21,Ventura,111,848112,97360,96664,4283,100947,1167
2021-10-21,Yolo,113,214977,19569,19280,1089,20369,248
2021-10-21,Yuba,115,75493,9953,9838,300,10138,82
2021-10-20,Alameda,001,1643700,118407,117654,2760,120414,1390
2021-10-20,Alpine,003,1148,101,103,0,103,0
2021-10-20,Amador,005,37829,5471,5379,59,5438,64
2021-10-20,Butte,007,227075,20415,20021,3649,23670,270
2021-10-20,Calaveras,009,45235,3921,3844,47,3891,81
2021-10-20,Colusa,011,21464,2488,2454,618,3072,18
2021-10-20,Contra Costa,013,1133247,98386,97721,2136,99857,1008
2021-10-20,Del Norte,015,27424,3634,3536,52,3588,42
2021-10-20,El Dorado,017,186661,15774,15502,1666,17168,149
2021-10-20,Fresno,019,978130,136555,134025,12429,146454,2084
2021-10-20,Glenn,021,27897,3439,3382,995,4377,33
2021-10-20,Humboldt,023,135768,8831,8727,515,9242,105
2021-10-20,Imperial,025,180216,33034,32705,3144,35849,766
2021-10-20,Inyo,027,18085,2178,2077,41,2118,40
2021-10-20,Kern,029,883053,124737,122630,21010,143640,1623
2021-10-20,Kings,031,150075,31504,30805,1873,32678,322
2021-10-20,Lake,033,64148,6592,6475,140,6615,104
2021-10-20,Lassen,035,31185,6736,6622,344,6966,27
2021-10-20,Los Angeles,037,10098052,1427270,1414931,53738,1468669,26506
2021-10-20,Madera,039,155013,22449,21983,1994,23977,281
2021-10-20,Marin,041,260295,17382,17250,443,17693,244
2021-10-20,Mariposa,043,17540,1227,1174,43,1217,5
2021-10-20,Mendocino,045,87422,7332,7189,468,7657,82
2021-10-20,Merced,047,269075,41101,40685,1797,42482,581
2021-10-20,Modoc,049,8938,521,504,184,688,5
2021-10-20,Mono,051,14174,1675,1653,22,1675,3
2021-10-20,Monterey,053,433212,48378,47430,2810,50240,587
2021-10-20,Napa,055,140530,12852,12773,108,12881,100
2021-10-20,Nevada,057,99092,8963,8836,311,9147,90
2021-10-20,Orange,059,3164182,304410,301957,14829,316786,5534
2021-10-20,Placer,061,380077,36333,35729,3540,39269,425
2021-10-20,Plumas,063,18699,1695,1604,32,1636,7
2021-10-20,Riverside,065,2383286,358946,354311,16327,370638,5030
2021-10-20,Sacramento,067,1510023,156193,154822,4395,159217,2222
2021-10-20,San Benito,069,59416,7300,7275,163,7438,71
2021-10-20,San Bernardino,071,2135413,350006,347217,10987,358204,5663
2021-10-20,San Diego,073,3302833,368207,365698,21650,387348,4178
2021-10-20,San Francisco,075,870044,52359,51755,2287,54042,646
2021-10-20,San Joaquin,077,732212,98340,97246,5334,102580,1721
2021-10-20,San Luis Obispo,079,281455,29156,28727,1207,29934,332
2021-10-20,San Mateo,081,765935,53597,52663,839,53502,571
2021-10-20,Santa Barbara,083,443738,43882,43489,1536,45025,523
2021-10-20,Santa Clara,085,1922200,145369,144124,1280,145404,1896
2021-10-20,Santa Cruz,087,273765,20145,19951,1002,20953,219
2021-10-20,Shasta,089,179085,20754,20313,3469,23782,320
2021-10-20,Sierra,091,2930,177,168,18,186,0
2021-10-20,Siskiyou,093,43540,3303,3224,1257,4481,46
2021-10-20,Solano,095,438530,45497,44819,1236,46055,341
2021-10-20,Sonoma,097,501317,40804,40404,519,40923,393
2021-10-20,Stanislaus,099,539301,76765,76631,8672,85303,1145
2021-10-20,Sutter,101,95872,13668,13592,318,13910,175
2021-10-20,Tehama,103,63373,8225,8081,1426,9507,110
2021-10-20,Trinity,105,12862,833,693,210,903,11
2021-10-20,Tulare,107,460477,66959,65413,14378,79791,967
2021-10-20,Tuolumne,109,53932,6935,6803,86,6889,89
2021-10-20,Ventura,111,848112,97278,96610,4279,100889,1166
2021-10-20,Yolo,113,214977,19525,19236,1086,20322,248
2021-10-20,Yuba,115,75493,9936,9808,297,10105,82
2021-10-19,Alameda,001,1643700,118286,117542,2754,120296,1383
2021-10-19,Alpine,003,1148,101,103,0,103,0
2021-10-19,Amador,005,37829,5455,5367,59,5426,64
2021-10-19,Butte,007,227075,20362,19974,3641,23615,268
2021-10-19,Calaveras,009,45235,3904,3826,46,3872,80
2021-10-19,Colusa,011,21464,2485,2447,616,3063,18
2021-10-19,Contra Costa,013,1133247,98295,97613,2131,99744,1004
2021-10-19,Del Norte,015,27424,3627,3531,52,3583,42
2021-10-19,El Dorado,017,186661,15749,15478,1661,17139,149
2021-10-19,Fresno,019,978130,136191,133813,12380,146193,2073
2021-10-19,Glenn,021,27897,3436,3380,993,4373,33
2021-10-19,Humboldt,023,135768,8807,8714,509,9223,105
2021-10-19,Imperial,025,180216,32968,32632,3140,35772,764
2021-10-19,Inyo,027,18085,2147,2045,41,2086,40
2021-10-19,Kern,029,883053,124420,122391,20886,143277,1613
2021-10-19,Kings,031,150075,31410,30757,1866,32623,322
2021-10-19,Lake,033,64148,6588,6465,140,6605,104
2021-10-19,Lassen,035,31185,6730,6612,340,6952,27
2021-10-19,Los Angeles,037,10098052,1426028,1413882,53662,1467544,26473
2021-10-19,Madera,039,155013,22386,21950,1986,23936,281
2021-10-19,Marin,041,260295,17368,17241,440,17681,244
2021-10-19,Mariposa,043,17540,1221,1171,41,1212,5
2021-10-19,Mendocino,045,87422,7317,7172,465,7637,82
2021-10-19,Merced,047,269075,40986,40628,1776,42404,580
2021-10-19,Modoc,049,8938,519,502,184,686,5
2021-10-19,Mono,051,14174,1671,1651,22,1673,3
2021-10-19,Monterey,053,433212,48341,47412,2799,50211,583
2021-10-19,Napa,055,140530,12845,12769,108,12877,100
2021-10-19,Nevada,057,99092,8942,8829,310,9139,90
2021-10-19,Orange,059,3164182,304153,301700,14795,316495,5527
2021-10-19,Placer,061,380077,36212,35663,3525,39188,422
2021-10-19,Plumas,063,18699,1677,1586,32,1618,8
2021-10-19,Riverside,065,2383286,358524,353891,16319,370210,5020
2021-10-19,Sacramento,067,1510023,155887,154570,4369,158939,2227
2021-10-19,San Benito,069,59416,7284,7264,163,7427,71
2021-10-19,San Bernardino,071,2135413,349604,346814,10957,357771,5627
2021-10-19,San Diego,073,3302833,367626,365285,21619,386904,4170
2021-10-19,San Francisco,075,870044,52296,51704,2285,53989,645
2021-10-19,San Joaquin,077,732212,98173,97105,5323,102428,1721
2021-10-19,San Luis Obispo,079,281455,29108,28670,1204,29874,332
2021-10-19,San Mateo,081,765935,53539,52617,837,53454,571
2021-10-19,Santa Barbara,083,443738,43815,43413,1534,44947,522
2021-10-19,Santa Clara,085,1922200,145196,143989,1272,145261,1898
2021-10-19,Santa Cruz,087,273765,20121,19895,1000,20895,218
2021-10-19,Shasta,089,179085,20678,20209,3461,23670,319
2021-10-19,Sierra,091,2930,174,168,18,186,0
2021-10-19,Siskiyou,093,43540,3299,3216,1252,4468,46
2021-10-19,Solano,095,438530,45455,44782,1230,46012,341
2021-10-19,Sonoma,097,501317,40730,40379,518,40897,392
2021-10-19,Stanislaus,099,539301,76623,76526,8660,85186,1145
2021-10-19,Sutter,101,95872,13644,13569,317,13886,174
2021-10-19,Tehama,103,63373,8195,8057,1410,9467,108
2021-10-19,Trinity,105,12862,826,691,210,901,11
2021-10-19,Tulare,107,460477,66771,65253,14309,79562,958
2021-10-19,Tuolumne,109,53932,6906,6782,85,6867,89
2021-10-19,Ventura,111,848112,97202,96539,4274,100813,1166
2021-10-19,Yolo,113,214977,19480,19206,1081,20287,248
2021-10-19,Yuba,115,75493,9918,9796,296,10092,82
2021-10-18,Alameda,001,1643700,118149,117506,2745,120251,1381
2021-10-18,Alpine,003,1148,101,103,0,103,0
2021-10-18,Amador,005,37829,5444,5345,59,5404,64
2021-10-18,Butte,007,227075,20311,19921,3633,23554,265
2021-10-18,Calaveras,009,45235,3879,3819,45,3864,80
2021-10-18,Colusa,011,21464,2484,2444,614,3058,18
2021-10-18,Contra Costa,013,1133247,98183,97585,2127,99712,995
2021-10-18,Del Norte,015,27424,3620,3529,52,3581,41
2021-10-18,El Dorado,017,186661,15718,15452,1659,17111,149
2021-10-18,Fresno,019,978130,135789,133688,12337,146025,2063
2021-10-18,Glenn,021,27897,3432,3370,989,4359,32
2021-10-18,Humboldt,023,135768,8788,8699,501,9200,104
2021-10-18,Imperial,025,180216,32877,32558,3140,35698,764
2021-10-18,Inyo,027,18085,2129,2020,41,2061,40
2021-10-18,Kern,029,883053,124120,122231,20791,143022,1605
2021-10-18,Kings,031,150075,31295,30698,1853,32551,320
2021-10-18,Lake,033,64148,6569,6455,136,6591,104
2021-10-18,Lassen,035,31185,6710,6607,337,6944,26
2021-10-18,Los Angeles,037,10098052,1424786,1413291,53585,1466876,26446
2021-10-18,Madera,039,155013,22332,21909,1973,23882,277
2021-10-18,Marin,041,260295,17348,17232,437,17669,244
2021-10-18,Mariposa,043,17540,1213,1160,41,1201,5
2021-10-18,Mendocino,045,87422,7298,7156,457,7613,82
2021-10-18,Merced,047,269075,40863,40573,1765,42338,579
2021-10-18,Modoc,049,8938,519,498,184,682,5
2021-10-18,Mono,051,14174,1665,1648,21,1669,3
2021-10-18,Monterey,053,433212,48319,47389,2794,50183,583
2021-10-18,Napa,055,140530,12830,12762,108,12870,100
2021-10-18,Nevada,057,99092,8923,8816,310,9126,90
2021-10-18,Orange,059,3164182,303814,301573,14761,316334,5524
2021-10-18,Placer,061,380077,36135,35598,3521,39119,420
2021-10-18,Plumas,063,18699,1669,1579,32,1611,6
2021-10-18,Riverside,065,2383286,358109,353699,16305,370004,5008
2021-10-18,Sacramento,067,1510023,155582,154428,4337,158765,2203
2021-10-18,San Benito,069,59416,7272,7253,163,7416,71
2021-10-18,San Bernardino,071,2135413,349182,346742,10942,357684,5606
2021-10-18,San Diego,073,3302833,367071,364948,21581,386529,4169
2021-10-18,San Francisco,075,870044,52233,51671,2279,53950,644
2021-10-18,San Joaquin,077,732212,98007,97041,5313,102354,1721
2021-10-18,San Luis Obispo,079,281455,29069,28644,1201,29845,331
2021-10-18,San Mateo,081,765935,53474,52594,836,53430,571
2021-10-18,Santa Barbara,083,443738,43756,43386,1532,44918,522
2021-10-18,Santa Clara,085,1922200,145041,143891,1263,145154,1895
2021-10-18,Santa Cruz,087,273765,20107,19876,998,20874,218
2021-10-18,Shasta,089,179085,20598,20146,3450,23596,313
2021-10-18,Sierra,091,2930,174,166,18,184,0
2021-10-18,Siskiyou,093,43540,3296,3210,1244,4454,42
2021-10-18,Solano,095,438530,45411,44758,1227,45985,339
2021-10-18,Sonoma,097,501317,40666,40349,515,40864,392
2021-10-18,Stanislaus,099,539301,76459,76466,8646,85112,1145
2021-10-18,Sutter,101,95872,13610,13557,315,13872,172
2021-10-18,Tehama,103,63373,8160,8042,1398,9440,107
2021-10-18,Trinity,105,12862,825,688,210,898,11
2021-10-18,Tulare,107,460477,66594,65171,14244,79415,958
2021-10-18,Tuolumne,109,53932,6877,6755,85,6840,89
2021-10-18,Ventura,111,848112,97107,96506,4271,100777,1165
2021-10-18,Yolo,113,214977,19442,19197,1078,20275,248
2021-10-18,Yuba,115,75493,9891,9782,294,10076,82
2021-10-17,Alameda,001,1643700,117996,117423,2740,120163,1376
2021-10-17,Alpine,003,1148,101,103,0,103,0
2021-10-17,Amador,005,37829,5421,5341,58,5399,64
2021-10-17,Butte,007,227075,20226,19897,3624,23521,265
2021-10-17,Calaveras,009,45235,3863,3805,45,3850,80
2021-10-17,Colusa,011,21464,2479,2442,607,3049,18
2021-10-17,Contra Costa,013,1133247,98060,97485,2116,99601,995
2021-10-17,Del Norte,015,27424,3615,3526,52,3578,41
2021-10-17,El Dorado,017,186661,15660,15438,1652,17090,149
2021-10-17,Fresno,019,978130,135322,133429,12296,145725,2063
2021-10-17,Glenn,021,27897,3422,3364,984,4348,32
2021-10-17,Humboldt,023,135768,8768,8690,498,9188,104
2021-10-17,Imperial,025,180216,32794,32520,3133,35653,764
2021-10-17,Inyo,027,18085,2101,2000,41,2041,40
2021-10-17,Kern,029,883053,123770,122085,20691,142776,1603
2021-10-17,Kings,031,150075,31182,30636,1844,32480,315
2021-10-17,Lake,033,64148,6553,6437,136,6573,104
2021-10-17,Lassen,035,31185,6698,6605,333,6938,26
2021-10-17,Los Angeles,037,10098052,1423449,1412371,53509,1465880,26443
2021-10-17,Madera,039,155013,22270,21869,1962,23831,277
2021-10-17,Marin,041,260295,17326,17211,437,17648,243
2021-10-17,Mariposa,043,17540,1206,1150,41,1191,5
2021-10-17,Mendocino,045,87422,7269,7148,451,7599,82
2021-10-17,Merced,047,269075,40737,40531,1749,42280,579
2021-10-17,Modoc,049,8938,516,498,182,680,5
2021-10-17,Mono,051,14174,1663,1640,20,1660,3
2021-10-17,Monterey,053,433212,48278,47369,2784,50153,583
2021-10-17,Napa,055,140530,12815,12753,105,12858,100
2021-10-17,Nevada,057,99092,8906,8794,309,9103,90
2021-10-17,Orange,059,3164182,303499,301414,14728,316142,5524
2021-10-17,Placer,061,380077,36035,35559,3506,39065,420
2021-10-17,Plumas,063,18699,1645,1571,31,1602,6
2021-10-17,Riverside,065,2383286,357624,353500,16291,369791,5008
2021-10-17,Sacramento,067,1510023,155182,154080,4319,158399,2213
2021-10-17,San Benito,069,59416,7263,7250,162,7412,71
2021-10-17,San Bernardino,071,2135413,348749,346524,10922,357446,5597
2021-10-17,San Diego,073,3302833,366480,364675,21553,386228,4163
2021-10-17,San Francisco,075,870044,52161,51625,2270,53895,644
2021-10-17,San Joaquin,077,732212,97834,96950,5304,102254,1721
2021-10-17,San Luis Obispo,079,281455,29017,28604,1193,29797,331
2021-10-17,San Mateo,081,765935,53422,52541,832,53373,571
2021-10-17,Santa Barbara,083,443738,43693,43344,1531,44875,522
2021-10-17,Santa Clara,085,1922200,144864,143768,1254,145022,1895
2021-10-17,Santa Cruz,087,273765,20079,19861,996,20857,218
2021-10-17,Shasta,089,179085,20508,20116,3440,23556,312
2021-10-17,Sierra,091,2930,172,165,18,183,0
2021-10-17,Siskiyou,093,43540,3288,3204,1241,4445,42
2021-10-17,Solano,095,438530,45354,44722,1226,45948,340
2021-10-17,Sonoma,097,501317,40590,40306,514,40820,392
2021-10-17,Stanislaus,099,539301,76262,76354,8631,84985,1145
2021-10-17,Sutter,101,95872,13593,13543,313,13856,172
2021-10-17,Tehama,103,63373,8128,8015,1381,9396,107
2021-10-17,Trinity,105,12862,822,686,209,895,11
2021-10-17,Tulare,107,460477,66409,65057,14170,79227,958
2021-10-17,Tuolumne,109,53932,6843,6735,84,6819,89
2021-10-17,Ventura,111,848112,97007,96458,4268,100726,1165
2021-10-17,Yolo,113,214977,19400,19171,1069,20240,248
2021-10-17,Yuba,115,75493,9865,9771,292,10063,82
2021-10-16,Alameda,001,1643700,117905,117027,2738,119765,1365
2021-10-16,Alpine,003,1148,100,102,0,102,0
2021-10-16,Amador,005,37829,5414,5310,58,5368,64
2021-10-16,Butte,007,227075,20195,19612,3617,23229,260
2021-10-16,Calaveras,009,45235,3856,3771,45,3816,80
2021-10-16,Colusa,011,21464,2475,2431,604,3035,18
2021-10-16,Contra Costa,013,1133247,97969,97107,2109,99216,982
2021-10-16,Del Norte,015,27424,3612,3516,52,3568,41
2021-10-16,El Dorado,017,186661,15639,15315,1650,16965,149
2021-10-16,Fresno,019,978130,135169,132433,12279,144712,2051
2021-10-16,Glenn,021,27897,3416,3331,984,4315,26
2021-10-16,Humboldt,023,135768,8756,8621,493,9114,104
2021-10-16,Imperial,025,180216,32779,32368,3131,35499,764
2021-10-16,Inyo,027,18085,2087,1932,41,1973,39
2021-10-16,Kern,029,883053,123613,121354,20609,141963,1590
2021-10-16,Kings,031,150075,31136,30418,1841,32259,314
2021-10-16,Lake,033,64148,6542,6378,136,6514,104
2021-10-16,Lassen,035,31185,6689,6559,328,6887,26
2021-10-16,Los Angeles,037,10098052,1422793,1409418,53455,1462873,26398
2021-10-16,Madera,039,155013,22226,21707,1958,23665,277
2021-10-16,Marin,041,260295,17316,17148,437,17585,243
2021-10-16,Mariposa,043,17540,1203,1096,41,1137,5
2021-10-16,Mendocino,045,87422,7258,7099,451,7550,82
2021-10-16,Merced,047,269075,40705,40265,1747,42012,577
2021-10-16,Modoc,049,8938,513,492,182,674,5
2021-10-16,Mono,051,14174,1659,1628,20,1648,3
2021-10-16,Monterey,053,433212,48261,47293,2776,50069,582
2021-10-16,Napa,055,140530,12804,12706,105,12811,100
2021-10-16,Nevada,057,99092,8886,8739,309,9048,90
2021-10-16,Orange,059,3164182,303323,300722,14703,315425,5509
2021-10-16,Placer,061,380077,35951,35343,3500,38843,412
2021-10-16,Plumas,063,18699,1640,1542,30,1572,6
2021-10-16,Riverside,065,2383286,357354,352435,16279,368714,4990
2021-10-16,Sacramento,067,1510023,154982,153264,4315,157579,2192
2021-10-16,San Benito,069,59416,7250,7210,161,7371,71
2021-10-16,San Bernardino,071,2135413,348541,345418,10915,356333,5566
2021-10-16,San Diego,073,3302833,366164,363109,21537,384646,4151
2021-10-16,San Francisco,075,870044,52114,51436,2266,53702,645
2021-10-16,San Joaquin,077,732212,97762,96507,5301,101808,1708
2021-10-16,San Luis Obispo,079,281455,28991,28460,1192,29652,329
2021-10-16,San Mateo,081,765935,53373,52399,831,53230,569
2021-10-16,Santa Barbara,083,443738,43657,43175,1530,44705,521
2021-10-16,Santa Clara,085,1922200,144764,143282,1246,144528,1890
2021-10-16,Santa Cruz,087,273765,20064,19794,995,20789,218
2021-10-16,Shasta,089,179085,20458,19932,3429,23361,309
2021-10-16,Sierra,091,2930,170,160,18,178,0
2021-10-16,Siskiyou,093,43540,3286,3173,1234,4407,42
2021-10-16,Solano,095,438530,45328,44585,1222,45807,334
2021-10-16,Sonoma,097,501317,40550,40195,514,40709,390
2021-10-16,Stanislaus,099,539301,76176,75868,8621,84489,1142
2021-10-16,Sutter,101,95872,13574,13471,312,13783,169
2021-10-16,Tehama,103,63373,8115,7907,1376,9283,104
2021-10-16,Trinity,105,12862,822,679,209,888,11
2021-10-16,Tulare,107,460477,66271,64489,14138,78627,951
2021-10-16,Tuolumne,109,53932,6811,6666,84,6750,89
2021-10-16,Ventura,111,848112,96975,96181,4263,100444,1164
2021-10-16,Yolo,113,214977,19373,19078,1063,20141,247
2021-10-16,Yuba,115,75493,9841,9705,289,9994,82
2021-10-15,Alameda,001,1643700,117834,117027,2734,119761,1365
2021-10-15,Alpine,003,1148,100,102,0,102,0
2021-10-15,Amador,005,37829,5390,5310,58,5368,64
2021-10-15,Butte,007,227075,20159,19612,3610,23222,260
2021-10-15,Calaveras,009,45235,3850,3771,45,3816,80
2021-10-15,Colusa,011,21464,2473,2431,601,3032,18
2021-10-15,Contra Costa,013,1133247,97887,97107,2105,99212,982
2021-10-15,Del Norte,015,27424,3610,3516,52,3568,41
2021-10-15,El Dorado,017,186661,15619,15315,1645,16960,149
2021-10-15,Fresno,019,978130,134915,132433,12270,144703,2051
2021-10-15,Glenn,021,27897,3410,3331,983,4314,26
2021-10-15,Humboldt,023,135768,8747,8621,491,9112,104
2021-10-15,Imperial,025,180216,32732,32368,3127,35495,764
2021-10-15,Inyo,027,18085,2069,1932,41,1973,39
2021-10-15,Kern,029,883053,123477,121354,20534,141888,1590
2021-10-15,Kings,031,150075,31081,30418,1837,32255,314
2021-10-15,Lake,033,64148,6533,6378,136,6514,104
2021-10-15,Lassen,035,31185,6677,6559,327,6886,26
2021-10-15,Los Angeles,037,10098052,1422099,1409418,53406,1462824,26398
2021-10-15,Madera,039,155013,22182,21707,1950,23657,277
2021-10-15,Marin,041,260295,17305,17148,437,17585,243
2021-10-15,Mariposa,043,17540,1195,1096,41,1137,5
2021-10-15,Mendocino,045,87422,7243,7099,451,7550,82
2021-10-15,Merced,047,269075,40675,40265,1744,42009,577
2021-10-15,Modoc,049,8938,512,492,182,674,5
2021-10-15,Mono,051,14174,1656,1628,20,1648,3
2021-10-15,Monterey,053,433212,48239,47293,2774,50067,582
2021-10-15,Napa,055,140530,12800,12706,105,12811,100
2021-10-15,Nevada,057,99092,8871,8739,309,9048,90
2021-10-15,Orange,059,3164182,303155,300722,14685,315407,5509
2021-10-15,Placer,061,380077,35897,35343,3494,38837,412
2021-10-15,Plumas,063,18699,1632,1542,30,1572,6
2021-10-15,Riverside,065,2383286,357112,352435,16274,368709,4990
2021-10-15,Sacramento,067,1510023,154795,153264,4305,157569,2192
2021-10-15,San Benito,069,59416,7247,7210,161,7371,71
2021-10-15,San Bernardino,071,2135413,348306,345418,10912,356330,5566
2021-10-15,San Diego,073,3302833,365804,363109,21512,384621,4151
2021-10-15,San Francisco,075,870044,52073,51436,2259,53695,645
2021-10-15,San Joaquin,077,732212,97684,96507,5294,101801,1708
2021-10-15,San Luis Obispo,079,281455,28970,28460,1190,29650,329
2021-10-15,San Mateo,081,765935,53329,52399,830,53229,569
2021-10-15,Santa Barbara,083,443738,43619,43175,1530,44705,521
2021-10-15,Santa Clara,085,1922200,144641,143282,1238,144520,1890
2021-10-15,Santa Cruz,087,273765,20053,19794,995,20789,218
2021-10-15,Shasta,089,179085,20401,19932,3421,23353,309
2021-10-15,Sierra,091,2930,170,160,18,178,0
2021-10-15,Siskiyou,093,43540,3285,3173,1231,4404,42
2021-10-15,Solano,095,438530,45302,44585,1222,45807,334
2021-10-15,Sonoma,097,501317,40516,40195,513,40708,390
2021-10-15,Stanislaus,099,539301,76096,75868,8605,84473,1142
2021-10-15,Sutter,101,95872,13557,13471,310,13781,169
2021-10-15,Tehama,103,63373,8094,7907,1370,9277,104
2021-10-15,Trinity,105,12862,822,679,209,888,11
2021-10-15,Tulare,107,460477,66192,64489,14101,78590,951
2021-10-15,Tuolumne,109,53932,6788,6666,82,6748,89
2021-10-15,Ventura,111,848112,96933,96181,4260,100441,1164
2021-10-15,Yolo,113,214977,19358,19078,1059,20137,247
2021-10-15,Yuba,115,75493,9831,9705,288,9993,82
2021-10-14,Alameda,001,1643700,117724,117027,2729,119756,1365
2021-10-14,Alpine,003,1148,100,102,0,102,0
2021-10-14,Amador,005,37829,5379,5310,58,5368,64
2021-10-14,Butte,007,227075,20107,19612,3604,23216,260
2021-10-14,Calaveras,009,45235,3837,3771,44,3815,80
2021-10-14,Colusa,011,21464,2471,2431,599,3030,18
2021-10-14,Contra Costa,013,1133247,97752,97107,2097,99204,982
2021-10-14,Del Norte,015,27424,3604,3516,52,3568,41
2021-10-14,El Dorado,017,186661,15581,15315,1642,16957,149
2021-10-14,Fresno,019,978130,134620,132433,12239,144672,2051
2021-10-14,Glenn,021,27897,3405,3331,982,4313,26
2021-10-14,Humboldt,023,135768,8730,8621,488,9109,104
2021-10-14,Imperial,025,180216,32669,32368,3120,35488,764
2021-10-14,Inyo,027,18085,2050,1932,41,1973,39
2021-10-14,Kern,029,883053,123205,121354,20434,141788,1590
2021-10-14,Kings,031,150075,31016,30418,1829,32247,314
2021-10-14,Lake,033,64148,6512,6378,135,6513,104
2021-10-14,Lassen,035,31185,6671,6559,326,6885,26
2021-10-14,Los Angeles,037,10098052,1421114,1409418,53354,1462772,26398
2021-10-14,Madera,039,155013,22117,21707,1944,23651,277
2021-10-14,Marin,041,260295,17300,17148,435,17583,243
2021-10-14,Mariposa,043,17540,1182,1096,40,1136,5
2021-10-14,Mendocino,045,87422,7229,7099,449,7548,82
2021-10-14,Merced,047,269075,40587,40265,1730,41995,577
2021-10-14,Modoc,049,8938,512,492,182,674,5
2021-10-14,Mono,051,14174,1649,1628,20,1648,3
2021-10-14,Monterey,053,433212,48213,47293,2769,50062,582
2021-10-14,Napa,055,140530,12785,12706,105,12811,100
2021-10-14,Nevada,057,99092,8844,8739,307,9046,90
2021-10-14,Orange,059,3164182,302946,300722,14668,315390,5509
2021-10-14,Placer,061,380077,35830,35343,3480,38823,412
2021-10-14,Plumas,063,18699,1617,1542,30,1572,6
2021-10-14,Riverside,065,2383286,356715,352435,16263,368698,4990
2021-10-14,Sacramento,067,1510023,154543,153264,4283,157547,2192
2021-10-14,San Benito,069,59416,7236,7210,161,7371,71
2021-10-14,San Bernardino,071,2135413,347948,345418,10906,356324,5566
2021-10-14,San Diego,073,3302833,365365,363109,21485,384594,4151
2021-10-14,San Francisco,075,870044,52017,51436,2255,53691,645
2021-10-14,San Joaquin,077,732212,97555,96507,5285,101792,1708
2021-10-14,San Luis Obispo,079,281455,28926,28460,1186,29646,329
2021-10-14,San Mateo,081,765935,53281,52399,829,53228,569
2021-10-14,Santa Barbara,083,443738,43563,43175,1525,44700,521
2021-10-14,Santa Clara,085,1922200,144500,143282,1232,144514,1890
2021-10-14,Santa Cruz,087,273765,20030,19794,995,20789,218
2021-10-14,Shasta,089,179085,20344,19932,3409,23341,309
2021-10-14,Sierra,091,2930,169,160,18,178,0
2021-10-14,Siskiyou,093,43540,3282,3173,1223,4396,42
2021-10-14,Solano,095,438530,45252,44585,1214,45799,334
2021-10-14,Sonoma,097,501317,40465,40195,510,40705,390
2021-10-14,Stanislaus,099,539301,75950,75868,8592,84460,1142
2021-10-14,Sutter,101,95872,13537,13471,309,13780,169
2021-10-14,Tehama,103,63373,8063,7907,1363,9270,104
2021-10-14,Trinity,105,12862,821,679,208,887,11
2021-10-14,Tulare,107,460477,66008,64489,14053,78542,951
2021-10-14,Tuolumne,109,53932,6757,6666,81,6747,89
2021-10-14,Ventura,111,848112,96865,96181,4254,100435,1164
2021-10-14,Yolo,113,214977,19325,19078,1052,20130,247
2021-10-14,Yuba,115,75493,9817,9705,279,9984,82
2021-10-13,Alameda,001,1643700,117617,116914,2724,119638,1360
2021-10-13,Alpine,003,1148,100,102,0,102,0
2021-10-13,Amador,005,37829,5365,5305,58,5363,63
2021-10-13,Butte,007,227075,20032,19546,3599,23145,257
2021-10-13,Calaveras,009,45235,3816,3756,42,3798,79
2021-10-13,Colusa,011,21464,2464,2430,595,3025,18
2021-10-13,Contra Costa,013,1133247,97636,96975,2096,99071,969
2021-10-13,Del Norte,015,27424,3599,3512,52,3564,39
2021-10-13,El Dorado,017,186661,15557,15302,1637,16939,149
2021-10-13,Fresno,019,978130,134286,132055,12206,144261,2048
2021-10-13,Glenn,021,27897,3400,3327,978,4305,26
2021-10-13,Humboldt,023,135768,8719,8604,484,9088,102
2021-10-13,Imperial,025,180216,32609,32317,3117,35434,762
2021-10-13,Inyo,027,18085,2013,1907,41,1948,39
2021-10-13,Kern,029,883053,122961,120956,20339,141295,1586
2021-10-13,Kings,031,150075,30935,30246,1822,32068,312
2021-10-13,Lake,033,64148,6492,6371,135,6506,103
2021-10-13,Lassen,035,31185,6660,6535,320,6855,25
2021-10-13,Los Angeles,037,10098052,1420062,1408384,53296,1461680,26379
2021-10-13,Madera,039,155013,22064,21609,1930,23539,277
2021-10-13,Marin,041,260295,17276,17137,434,17571,243
2021-10-13,Mariposa,043,17540,1168,1090,40,1130,5
2021-10-13,Mendocino,045,87422,7213,7088,441,7529,82
2021-10-13,Merced,047,269075,40502,40164,1719,41883,577
2021-10-13,Modoc,049,8938,510,490,180,670,5
2021-10-13,Mono,051,14174,1649,1612,20,1632,3
2021-10-13,Monterey,053,433212,48194,47273,2762,50035,582
2021-10-13,Napa,055,140530,12774,12695,103,12798,100
2021-10-13,Nevada,057,99092,8822,8725,307,9032,90
2021-10-13,Orange,059,3164182,302738,300468,14652,315120,5503
2021-10-13,Placer,061,380077,35763,35254,3471,38725,412
2021-10-13,Plumas,063,18699,1603,1514,30,1544,6
2021-10-13,Riverside,065,2383286,356385,352044,16250,368294,4978
2021-10-13,Sacramento,067,1510023,154294,153141,4261,157402,2182
2021-10-13,San Benito,069,59416,7230,7196,160,7356,71
2021-10-13,San Bernardino,071,2135413,347623,344951,10889,355840,5562
2021-10-13,San Diego,073,3302833,364934,362564,21463,384027,4141
2021-10-13,San Francisco,075,870044,51975,51379,2251,53630,644
2021-10-13,San Joaquin,077,732212,97412,96343,5280,101623,1696
2021-10-13,San Luis Obispo,079,281455,28888,28397,1183,29580,330
2021-10-13,San Mateo,081,765935,53230,52352,825,53177,569
2021-10-13,Santa Barbara,083,443738,43511,43109,1525,44634,518
2021-10-13,Santa Clara,085,1922200,144362,143064,1231,144295,1886
2021-10-13,Santa Cruz,087,273765,20004,19763,994,20757,217
2021-10-13,Shasta,089,179085,20274,19802,3388,23190,307
2021-10-13,Sierra,091,2930,169,155,18,173,0
2021-10-13,Siskiyou,093,43540,3274,3173,1222,4395,42
2021-10-13,Solano,095,438530,45213,44558,1211,45769,334
2021-10-13,Sonoma,097,501317,40409,40122,510,40632,390
2021-10-13,Stanislaus,099,539301,75808,75698,8582,84280,1136
2021-10-13,Sutter,101,95872,13507,13458,307,13765,169
2021-10-13,Tehama,103,63373,8027,7849,1357,9206,103
2021-10-13,Trinity,105,12862,818,677,208,885,11
2021-10-13,Tulare,107,460477,65828,64297,13997,78294,945
2021-10-13,Tuolumne,109,53932,6743,6644,80,6724,89
2021-10-13,Ventura,111,848112,96791,96099,4248,100347,1162
2021-10-13,Yolo,113,214977,19296,19023,1050,20073,247
2021-10-13,Yuba,115,75493,9792,9690,265,9955,80
2021-10-12,Alameda,001,1643700,117513,116813,2720,119533,1357
2021-10-12,Alpine,003,1148,100,102,0,102,0
2021-10-12,Amador,005,37829,5354,5301,58,5359,63
2021-10-12,Butte,007,227075,19962,19506,3587,23093,256
2021-10-12,Calaveras,009,45235,3801,3750,42,3792,75
2021-10-12,Colusa,011,21464,2461,2428,593,3021,18
2021-10-12,Contra Costa,013,1133247,97523,96894,2087,98981,960
2021-10-12,Del Norte,015,27424,3593,3511,52,3563,39
2021-10-12,El Dorado,017,186661,15523,15287,1635,16922,148
2021-10-12,Fresno,019,978130,133924,131848,12175,144023,2042
2021-10-12,Glenn,021,27897,3386,3321,977,4298,26
2021-10-12,Humboldt,023,135768,8692,8587,478,9065,102
2021-10-12,Imperial,025,180216,32557,32267,3115,35382,762
2021-10-12,Inyo,027,18085,1981,1889,41,1930,39
2021-10-12,Kern,029,883053,122674,120826,20228,141054,1580
2021-10-12,Kings,031,150075,30861,30200,1811,32011,312
2021-10-12,Lake,033,64148,6477,6372,133,6505,97
2021-10-12,Lassen,035,31185,6650,6526,319,6845,25
2021-10-12,Los Angeles,037,10098052,1418998,1407462,53248,1460710,26362
2021-10-12,Madera,039,155013,21993,21574,1917,23491,277
2021-10-12,Marin,041,260295,17253,17126,434,17560,242
2021-10-12,Mariposa,043,17540,1154,1088,40,1128,5
2021-10-12,Mendocino,045,87422,7184,7077,438,7515,82
2021-10-12,Merced,047,269075,40423,40113,1713,41826,567
2021-10-12,Modoc,049,8938,505,485,179,664,5
2021-10-12,Mono,051,14174,1647,1608,20,1628,3
2021-10-12,Monterey,053,433212,48163,47254,2754,50008,582
2021-10-12,Napa,055,140530,12760,12671,103,12774,97
2021-10-12,Nevada,057,99092,8810,8720,306,9026,89
2021-10-12,Orange,059,3164182,302483,300256,14626,314882,5499
2021-10-12,Placer,061,380077,35700,35214,3463,38677,404
2021-10-12,Plumas,063,18699,1589,1488,29,1517,6
2021-10-12,Riverside,065,2383286,356059,351771,16236,368007,4973
2021-10-12,Sacramento,067,1510023,153989,152935,4236,157171,2170
2021-10-12,San Benito,069,59416,7216,7193,160,7353,71
2021-10-12,San Bernardino,071,2135413,347309,344788,10878,355666,5563
2021-10-12,San Diego,073,3302833,364421,362256,21434,383690,4137
2021-10-12,San Francisco,075,870044,51912,51301,2250,53551,643
2021-10-12,San Joaquin,077,732212,97275,96237,5275,101512,1690
2021-10-12,San Luis Obispo,079,281455,28841,28379,1182,29561,327
2021-10-12,San Mateo,081,765935,53180,52328,824,53152,569
2021-10-12,Santa Barbara,083,443738,43450,43076,1525,44601,515
2021-10-12,Santa Clara,085,1922200,144209,142954,1229,144183,1882
2021-10-12,Santa Cruz,087,273765,19979,19757,994,20751,218
2021-10-12,Shasta,089,179085,20200,19731,3367,23098,304
2021-10-12,Sierra,091,2930,169,153,18,171,0
2021-10-12,Siskiyou,093,43540,3263,3166,1216,4382,42
2021-10-12,Solano,095,438530,45171,44516,1205,45721,329
2021-10-12,Sonoma,097,501317,40368,40105,509,40614,390
2021-10-12,Stanislaus,099,539301,75656,75589,8569,84158,1126
2021-10-12,Sutter,101,95872,13484,13436,303,13739,168
2021-10-12,Tehama,103,63373,7995,7820,1353,9173,103
2021-10-12,Trinity,105,12862,815,676,208,884,11
2021-10-12,Tulare,107,460477,65643,64216,13940,78156,944
2021-10-12,Tuolumne,109,53932,6726,6637,79,6716,89
2021-10-12,Ventura,111,848112,96690,96022,4243,100265,1160
2021-10-12,Yolo,113,214977,19269,18987,1042,20029,247
2021-10-12,Yuba,115,75493,9777,9676,261,9937,70
2021-10-11,Alameda,001,1643700,117371,116759,2719,119478,1358
2021-10-11,Alpine,003,1148,100,102,0,102,0
2021-10-11,Amador,005,37829,5342,5286,58,5344,62
2021-10-11,Butte,007,227075,19903,19452,3582,23034,253
2021-10-11,Calaveras,009,45235,3780,3750,42,3792,75
2021-10-11,Colusa,011,21464,2457,2427,585,3012,18
2021-10-11,Contra Costa,013,1133247,97387,96832,2082,98914,960
2021-10-11,Del Norte,015,27424,3590,3510,48,3558,39
2021-10-11,El Dorado,017,186661,15494,15273,1631,16904,146
2021-10-11,Fresno,019,978130,133594,131703,12140,143843,2036
2021-10-11,Glenn,021,27897,3369,3308,974,4282,26
2021-10-11,Humboldt,023,135768,8667,8571,471,9042,101
2021-10-11,Imperial,025,180216,32507,32207,3109,35316,762
2021-10-11,Inyo,027,18085,1958,1862,40,1902,39
2021-10-11,Kern,029,883053,122436,120684,20132,140816,1575
2021-10-11,Kings,031,150075,30772,30180,1801,31981,309
2021-10-11,Lake,033,64148,6461,6361,129,6490,97
2021-10-11,Lassen,035,31185,6630,6499,316,6815,25
2021-10-11,Los Angeles,037,10098052,1417956,1406826,53197,1460023,26346
2021-10-11,Madera,039,155013,21935,21555,1900,23455,272
2021-10-11,Marin,041,260295,17235,17121,430,17551,242
2021-10-11,Mariposa,043,17540,1124,1083,39,1122,5
2021-10-11,Mendocino,045,87422,7168,7064,434,7498,82
2021-10-11,Merced,047,269075,40307,40064,1688,41752,566
2021-10-11,Modoc,049,8938,502,482,176,658,5
2021-10-11,Mono,051,14174,1637,1604,20,1624,3
2021-10-11,Monterey,053,433212,48134,47241,2747,49988,580
2021-10-11,Napa,055,140530,12737,12654,101,12755,96
2021-10-11,Nevada,057,99092,8790,8716,305,9021,90
2021-10-11,Orange,059,3164182,302253,299941,14596,314537,5499
2021-10-11,Placer,061,380077,35631,35173,3446,38619,404
2021-10-11,Plumas,063,18699,1571,1469,27,1496,6
2021-10-11,Riverside,065,2383286,355714,351444,16231,367675,4973
2021-10-11,Sacramento,067,1510023,153700,152681,4205,156886,2169
2021-10-11,San Benito,069,59416,7195,7184,158,7342,71
2021-10-11,San Bernardino,071,2135413,346923,344594,10870,355464,5549
2021-10-11,San Diego,073,3302833,363909,361712,21402,383114,4124
2021-10-11,San Francisco,075,870044,51841,51275,2246,53521,643
2021-10-11,San Joaquin,077,732212,97121,96152,5264,101416,1681
2021-10-11,San Luis Obispo,079,281455,28794,28355,1177,29532,327
2021-10-11,San Mateo,081,765935,53132,52298,823,53121,569
2021-10-11,Santa Barbara,083,443738,43403,43018,1524,44542,515
2021-10-11,Santa Clara,085,1922200,144047,142836,1225,144061,1882
2021-10-11,Santa Cruz,087,273765,19955,19745,993,20738,217
2021-10-11,Shasta,089,179085,20121,19662,3351,23013,295
2021-10-11,Sierra,091,2930,166,147,17,164,0
2021-10-11,Siskiyou,093,43540,3256,3159,1212,4371,42
2021-10-11,Solano,095,438530,45122,44474,1202,45676,329
2021-10-11,Sonoma,097,501317,40323,40067,509,40576,390
2021-10-11,Stanislaus,099,539301,75484,75478,8548,84026,1118
2021-10-11,Sutter,101,95872,13465,13427,301,13728,165
2021-10-11,Tehama,103,63373,7954,7795,1344,9139,102
2021-10-11,Trinity,105,12862,809,675,207,882,11
2021-10-11,Tulare,107,460477,65463,64094,13873,77967,942
2021-10-11,Tuolumne,109,53932,6688,6602,79,6681,89
2021-10-11,Ventura,111,848112,96593,95876,4236,100112,1160
2021-10-11,Yolo,113,214977,19223,18977,1039,20016,247
2021-10-11,Yuba,115,75493,9760,9657,249,9906,69
2021-10-10,Alameda,001,1643700,117252,116679,2715,119394,1358
2021-10-10,Alpine,003,1148,100,102,0,102,0
2021-10-10,Amador,005,37829,5328,5278,58,5336,62
2021-10-10,Butte,007,227075,19838,19430,3568,22998,253
2021-10-10,Calaveras,009,45235,3768,3747,42,3789,75
2021-10-10,Colusa,011,21464,2456,2425,584,3009,18
2021-10-10,Contra Costa,013,1133247,97288,96760,2076,98836,960
2021-10-10,Del Norte,015,27424,3586,3507,48,3555,39
2021-10-10,El Dorado,017,186661,15464,15250,1625,16875,146
2021-10-10,Fresno,019,978130,133264,131434,12109,143543,2035
2021-10-10,Glenn,021,27897,3364,3297,972,4269,26
2021-10-10,Humboldt,023,135768,8645,8554,467,9021,101
2021-10-10,Imperial,025,180216,32433,32167,3108,35275,762
2021-10-10,Inyo,027,18085,1937,1857,40,1897,39
2021-10-10,Kern,029,883053,122110,120552,20028,140580,1573
2021-10-10,Kings,031,150075,30683,30122,1791,31913,308
2021-10-10,Lake,033,64148,6445,6349,128,6477,97
2021-10-10,Lassen,035,31185,6610,6495,315,6810,26
2021-10-10,Los Angeles,037,10098052,1416771,1406034,53123,1459157,26338
2021-10-10,Madera,039,155013,21889,21486,1891,23377,272
2021-10-10,Marin,041,260295,17218,17112,430,17542,242
2021-10-10,Mariposa,043,17540,1121,1074,39,1113,5
2021-10-10,Mendocino,045,87422,7153,7060,426,7486,81
2021-10-10,Merced,047,269075,40222,40036,1670,41706,566
2021-10-10,Modoc,049,8938,502,482,176,658,5
2021-10-10,Mono,051,14174,1636,1596,20,1616,3
2021-10-10,Monterey,053,433212,48104,47228,2746,49974,580
2021-10-10,Napa,055,140530,12714,12641,101,12742,96
2021-10-10,Nevada,057,99092,8778,8689,305,8994,90
2021-10-10,Orange,059,3164182,301991,299787,14568,314355,5499
2021-10-10,Placer,061,380077,35538,35128,3434,38562,404
2021-10-10,Plumas,063,18699,1555,1468,25,1493,6
2021-10-10,Riverside,065,2383286,355340,351248,16212,367460,4973
2021-10-10,Sacramento,067,1510023,153433,152405,4188,156593,2178
2021-10-10,San Benito,069,59416,7190,7180,157,7337,71
2021-10-10,San Bernardino,071,2135413,346617,344423,10862,355285,5551
2021-10-10,San Diego,073,3302833,363393,361038,21355,382393,4113
2021-10-10,San Francisco,075,870044,51794,51216,2243,53459,643
2021-10-10,San Joaquin,077,732212,96950,96084,5247,101331,1681
2021-10-10,San Luis Obispo,079,281455,28750,28343,1177,29520,326
2021-10-10,San Mateo,081,765935,53090,52273,822,53095,569
2021-10-10,Santa Barbara,083,443738,43356,42987,1523,44510,515
2021-10-10,Santa Clara,085,1922200,143882,142768,1218,143986,1881
2021-10-10,Santa Cruz,087,273765,19935,19727,993,20720,217
2021-10-10,Shasta,089,179085,20033,19635,3342,22977,296
2021-10-10,Sierra,091,2930,164,147,17,164,0
2021-10-10,Siskiyou,093,43540,3242,3155,1205,4360,42
2021-10-10,Solano,095,438530,45066,44431,1202,45633,329
2021-10-10,Sonoma,097,501317,40271,40027,509,40536,390
2021-10-10,Stanislaus,099,539301,75307,75403,8534,83937,1118
2021-10-10,Sutter,101,95872,13441,13412,296,13708,165
2021-10-10,Tehama,103,63373,7916,7764,1335,9099,102
2021-10-10,Trinity,105,12862,808,669,206,875,11
2021-10-10,Tulare,107,460477,65291,63930,13823,77753,940
2021-10-10,Tuolumne,109,53932,6664,6580,78,6658,89
2021-10-10,Ventura,111,848112,96504,95829,4236,100065,1160
2021-10-10,Yolo,113,214977,19191,18952,1034,19986,247
2021-10-10,Yuba,115,75493,9744,9641,244,9885,69
2021-10-09,Alameda,001,1643700,117153,116253,2713,118966,1356
2021-10-09,Alpine,003,1148,99,102,0,102,0
2021-10-09,Amador,005,37829,5326,5237,57,5294,62
2021-10-09,Butte,007,227075,19807,19277,3565,22842,250
2021-10-09,Calaveras,009,45235,3764,3716,42,3758,75
2021-10-09,Colusa,011,21464,2452,2419,583,3002,18
2021-10-09,Contra Costa,013,1133247,97218,96378,2070,98448,958
2021-10-09,Del Norte,015,27424,3585,3495,48,3543,39
2021-10-09,El Dorado,017,186661,15446,15153,1622,16775,144
2021-10-09,Fresno,019,978130,133132,130508,12090,142598,2018
2021-10-09,Glenn,021,27897,3360,3277,970,4247,26
2021-10-09,Humboldt,023,135768,8631,8448,465,8913,97
2021-10-09,Imperial,025,180216,32399,31989,3106,35095,760
2021-10-09,Inyo,027,18085,1928,1808,40,1848,39
2021-10-09,Kern,029,883053,121969,119795,20001,139796,1559
2021-10-09,Kings,031,150075,30634,29894,1789,31683,308
2021-10-09,Lake,033,64148,6426,6283,127,6410,97
2021-10-09,Lassen,035,31185,6605,6442,314,6756,25
2021-10-09,Los Angeles,037,10098052,1416181,1402810,53084,1455894,26280
2021-10-09,Madera,039,155013,21856,21313,1877,23190,271
2021-10-09,Marin,041,260295,17213,17049,428,17477,242
2021-10-09,Mariposa,043,17540,1114,1042,38,1080,5
2021-10-09,Mendocino,045,87422,7146,7011,425,7436,82
2021-10-09,Merced,047,269075,40179,39784,1670,41454,565
2021-10-09,Modoc,049,8938,500,477,175,652,5
2021-10-09,Mono,051,14174,1633,1577,20,1597,3
2021-10-09,Monterey,053,433212,48092,47168,2743,49911,577
2021-10-09,Napa,055,140530,12710,12586,101,12687,96
2021-10-09,Nevada,057,99092,8767,8613,304,8917,90
2021-10-09,Orange,059,3164182,301810,299089,14549,313638,5457
2021-10-09,Placer,061,380077,35500,34877,3427,38304,393
2021-10-09,Plumas,063,18699,1544,1418,25,1443,6
2021-10-09,Riverside,065,2383286,355088,350082,16195,366277,4965
2021-10-09,Sacramento,067,1510023,153223,151566,4175,155741,2160
2021-10-09,San Benito,069,59416,7182,7123,157,7280,71
2021-10-09,San Bernardino,071,2135413,346432,343452,10858,354310,5556
2021-10-09,San Diego,073,3302833,363087,359909,21350,381259,4111
2021-10-09,San Francisco,075,870044,51746,50960,2236,53196,643
2021-10-09,San Joaquin,077,732212,96884,95606,5242,100848,1669
2021-10-09,San Luis Obispo,079,281455,28733,28197,1175,29372,324
2021-10-09,San Mateo,081,765935,53059,52121,821,52942,569
2021-10-09,Santa Barbara,083,443738,43329,42735,1523,44258,514
2021-10-09,Santa Clara,085,1922200,143758,142298,1212,143510,1873
2021-10-09,Santa Cruz,087,273765,19925,19635,992,20627,217
2021-10-09,Shasta,089,179085,19983,19437,3337,22774,290
2021-10-09,Sierra,091,2930,161,141,17,158,0
2021-10-09,Siskiyou,093,43540,3241,3124,1204,4328,42
2021-10-09,Solano,095,438530,45049,44265,1201,45466,329
2021-10-09,Sonoma,097,501317,40227,39848,508,40356,387
2021-10-09,Stanislaus,099,539301,75217,74899,8524,83423,1114
2021-10-09,Sutter,101,95872,13432,13314,294,13608,165
2021-10-09,Tehama,103,63373,7905,7670,1330,9000,99
2021-10-09,Trinity,105,12862,807,660,206,866,11
2021-10-09,Tulare,107,460477,65183,63398,13801,77199,932
2021-10-09,Tuolumne,109,53932,6645,6521,78,6599,89
2021-10-09,Ventura,111,848112,96450,95542,4233,99775,1158
2021-10-09,Yolo,113,214977,19169,18850,1031,19881,247
2021-10-09,Yuba,115,75493,9732,9551,242,9793,69
2021-10-08,Alameda,001,1643700,117072,116253,2710,118963,1356
2021-10-08,Alpine,003,1148,99,102,0,102,0
2021-10-08,Amador,005,37829,5313,5237,57,5294,62
2021-10-08,Butte,007,227075,19778,19277,3561,22838,250
2021-10-08,Calaveras,009,45235,3759,3716,42,3758,75
2021-10-08,Colusa,011,21464,2450,2419,583,3002,18
2021-10-08,Contra Costa,013,1133247,97174,96378,2065,98443,958
2021-10-08,Del Norte,015,27424,3584,3495,48,3543,39
2021-10-08,El Dorado,017,186661,15426,15153,1618,16771,144
2021-10-08,Fresno,019,978130,132936,130508,12069,142577,2018
2021-10-08,Glenn,021,27897,3352,3277,968,4245,26
2021-10-08,Humboldt,023,135768,8620,8448,462,8910,97
2021-10-08,Imperial,025,180216,32369,31989,3102,35091,760
2021-10-08,Inyo,027,18085,1910,1808,40,1848,39
2021-10-08,Kern,029,883053,121832,119795,19959,139754,1559
2021-10-08,Kings,031,150075,30540,29894,1788,31682,308
2021-10-08,Lake,033,64148,6418,6283,127,6410,97
2021-10-08,Lassen,035,31185,6591,6442,311,6753,25
2021-10-08,Los Angeles,037,10098052,1415520,1402810,53047,1455857,26280
2021-10-08,Madera,039,155013,21797,21313,1870,23183,271
2021-10-08,Marin,041,260295,17202,17049,427,17476,242
2021-10-08,Mariposa,043,17540,1107,1042,36,1078,5
2021-10-08,Mendocino,045,87422,7133,7011,425,7436,82
2021-10-08,Merced,047,269075,40147,39784,1667,41451,565
2021-10-08,Modoc,049,8938,498,477,175,652,5
2021-10-08,Mono,051,14174,1630,1577,20,1597,3
2021-10-08,Monterey,053,433212,48065,47168,2741,49909,577
2021-10-08,Napa,055,140530,12694,12586,101,12687,96
2021-10-08,Nevada,057,99092,8754,8613,304,8917,90
2021-10-08,Orange,059,3164182,301663,299089,14529,313618,5457
2021-10-08,Placer,061,380077,35462,34877,3419,38296,393
2021-10-08,Plumas,063,18699,1532,1418,25,1443,6
2021-10-08,Riverside,065,2383286,354819,350082,16184,366266,4965
2021-10-08,Sacramento,067,1510023,153058,151566,4161,155727,2160
2021-10-08,San Benito,069,59416,7178,7123,155,7278,71
2021-10-08,San Bernardino,071,2135413,346223,343452,10850,354302,5556
2021-10-08,San Diego,073,3302833,362761,359909,21331,381240,4111
2021-10-08,San Francisco,075,870044,51699,50960,2227,53187,643
2021-10-08,San Joaquin,077,732212,96816,95606,5236,100842,1669
2021-10-08,San Luis Obispo,079,281455,28706,28197,1174,29371,324
2021-10-08,San Mateo,081,765935,53031,52121,821,52942,569
2021-10-08,Santa Barbara,083,443738,43294,42735,1522,44257,514
2021-10-08,Santa Clara,085,1922200,143645,142298,1207,143505,1873
2021-10-08,Santa Cruz,087,273765,19910,19635,992,20627,217
2021-10-08,Shasta,089,179085,19941,19437,3331,22768,290
2021-10-08,Sierra,091,2930,159,141,15,156,0
2021-10-08,Siskiyou,093,43540,3233,3124,1203,4327,42
2021-10-08,Solano,095,438530,45010,44265,1200,45465,329
2021-10-08,Sonoma,097,501317,40191,39848,508,40356,387
2021-10-08,Stanislaus,099,539301,75148,74899,8515,83414,1114
2021-10-08,Sutter,101,95872,13418,13314,292,13606,165
2021-10-08,Tehama,103,63373,7888,7670,1328,8998,99
2021-10-08,Trinity,105,12862,806,660,206,866,11
2021-10-08,Tulare,107,460477,65065,63398,13769,77167,932
2021-10-08,Tuolumne,109,53932,6622,6521,78,6599,89
2021-10-08,Ventura,111,848112,96399,95542,4227,99769,1158
2021-10-08,Yolo,113,214977,19156,18850,1027,19877,247
2021-10-08,Yuba,115,75493,9712,9551,241,9792,69
2021-10-07,Alameda,001,1643700,116952,116253,2709,118962,1356
2021-10-07,Alpine,003,1148,99,102,0,102,0
2021-10-07,Amador,005,37829,5306,5237,57,5294,62
2021-10-07,Butte,007,227075,19729,19277,3550,22827,250
2021-10-07,Calaveras,009,45235,3747,3716,42,3758,75
2021-10-07,Colusa,011,21464,2447,2419,577,2996,18
2021-10-07,Contra Costa,013,1133247,97051,96378,2061,98439,958
2021-10-07,Del Norte,015,27424,3581,3495,48,3543,39
2021-10-07,El Dorado,017,186661,15390,15153,1614,16767,144
2021-10-07,Fresno,019,978130,132661,130508,12045,142553,2018
2021-10-07,Glenn,021,27897,3345,3277,966,4243,26
2021-10-07,Humboldt,023,135768,8594,8448,459,8907,97
2021-10-07,Imperial,025,180216,32298,31989,3089,35078,760
2021-10-07,Inyo,027,18085,1891,1808,40,1848,39
2021-10-07,Kern,029,883053,121601,119795,19893,139688,1559
2021-10-07,Kings,031,150075,30475,29894,1782,31676,308
2021-10-07,Lake,033,64148,6407,6283,127,6410,97
2021-10-07,Lassen,035,31185,6573,6442,309,6751,25
2021-10-07,Los Angeles,037,10098052,1414565,1402810,53002,1455812,26280
2021-10-07,Madera,039,155013,21724,21313,1856,23169,271
2021-10-07,Marin,041,260295,17184,17049,427,17476,242
2021-10-07,Mariposa,043,17540,1099,1042,36,1078,5
2021-10-07,Mendocino,045,87422,7123,7011,421,7432,82
2021-10-07,Merced,047,269075,40080,39784,1650,41434,565
2021-10-07,Modoc,049,8938,495,477,174,651,5
2021-10-07,Mono,051,14174,1622,1577,20,1597,3
2021-10-07,Monterey,053,433212,48040,47168,2732,49900,577
2021-10-07,Napa,055,140530,12679,12586,101,12687,96
2021-10-07,Nevada,057,99092,8726,8613,304,8917,90
2021-10-07,Orange,059,3164182,301437,299089,14515,313604,5457
2021-10-07,Placer,061,380077,35400,34877,3412,38289,393
2021-10-07,Plumas,063,18699,1515,1418,25,1443,6
2021-10-07,Riverside,065,2383286,354486,350082,16172,366254,4965
2021-10-07,Sacramento,067,1510023,152776,151566,4134,155700,2160
2021-10-07,San Benito,069,59416,7162,7123,153,7276,71
2021-10-07,San Bernardino,071,2135413,345952,343452,10842,354294,5556
2021-10-07,San Diego,073,3302833,362366,359909,21310,381219,4111
2021-10-07,San Francisco,075,870044,51629,50960,2224,53184,643
2021-10-07,San Joaquin,077,732212,96662,95606,5228,100834,1669
2021-10-07,San Luis Obispo,079,281455,28655,28197,1172,29369,324
2021-10-07,San Mateo,081,765935,52991,52121,819,52940,569
2021-10-07,Santa Barbara,083,443738,43226,42735,1516,44251,514
2021-10-07,Santa Clara,085,1922200,143496,142298,1201,143499,1873
2021-10-07,Santa Cruz,087,273765,19890,19635,991,20626,217
2021-10-07,Shasta,089,179085,19852,19437,3316,22753,290
2021-10-07,Sierra,091,2930,158,141,15,156,0
2021-10-07,Siskiyou,093,43540,3229,3124,1198,4322,42
2021-10-07,Solano,095,438530,44965,44265,1196,45461,329
2021-10-07,Sonoma,097,501317,40154,39848,506,40354,387
2021-10-07,Stanislaus,099,539301,74986,74899,8490,83389,1114
2021-10-07,Sutter,101,95872,13396,13314,289,13603,165
2021-10-07,Tehama,103,63373,7855,7670,1322,8992,99
2021-10-07,Trinity,105,12862,804,660,206,866,11
2021-10-07,Tulare,107,460477,64898,63398,13731,77129,932
2021-10-07,Tuolumne,109,53932,6600,6521,78,6599,89
2021-10-07,Ventura,111,848112,96326,95542,4224,99766,1158
2021-10-07,Yolo,113,214977,19123,18850,1022,19872,247
2021-10-07,Yuba,115,75493,9686,9551,234,9785,69
2021-10-06,Alameda,001,1643700,116814,116058,2703,118761,1353
2021-10-06,Alpine,003,1148,99,102,0,102,0
2021-10-06,Amador,005,37829,5303,5205,57,5262,62
2021-10-06,Butte,007,227075,19667,19208,3543,22751,247
2021-10-06,Calaveras,009,45235,3738,3669,42,3711,75
2021-10-06,Colusa,011,21464,2445,2414,570,2984,18
2021-10-06,Contra Costa,013,1133247,96925,96184,2057,98241,953
2021-10-06,Del Norte,015,27424,3578,3490,45,3535,39
2021-10-06,El Dorado,017,186661,15365,15078,1611,16689,140
2021-10-06,Fresno,019,978130,132371,130074,12020,142094,2008
2021-10-06,Glenn,021,27897,3336,3270,964,4234,26
2021-10-06,Humboldt,023,135768,8579,8416,452,8868,94
2021-10-06,Imperial,025,180216,32245,31930,3078,35008,760
2021-10-06,Inyo,027,18085,1876,1806,40,1846,39
2021-10-06,Kern,029,883053,121344,119491,19800,139291,1552
2021-10-06,Kings,031,150075,30409,29785,1774,31559,308
2021-10-06,Lake,033,64148,6393,6271,127,6398,97
2021-10-06,Lassen,035,31185,6557,6429,308,6737,25
2021-10-06,Los Angeles,037,10098052,1413606,1401675,52954,1454629,26252
2021-10-06,Madera,039,155013,21669,21230,1846,23076,269
2021-10-06,Marin,041,260295,17175,17042,424,17466,242
2021-10-06,Mariposa,043,17540,1092,1036,36,1072,5
2021-10-06,Mendocino,045,87422,7114,6986,419,7405,81
2021-10-06,Merced,047,269075,40005,39666,1638,41304,563
2021-10-06,Modoc,049,8938,495,477,172,649,5
2021-10-06,Mono,051,14174,1610,1568,20,1588,3
2021-10-06,Monterey,053,433212,48007,47136,2727,49863,577
2021-10-06,Napa,055,140530,12655,12552,100,12652,96
2021-10-06,Nevada,057,99092,8710,8582,303,8885,90
2021-10-06,Orange,059,3164182,301199,298785,14502,313287,5448
2021-10-06,Placer,061,380077,35349,34764,3406,38170,390
2021-10-06,Plumas,063,18699,1492,1383,25,1408,6
2021-10-06,Riverside,065,2383286,354130,349645,16151,365796,4953
2021-10-06,Sacramento,067,1510023,152523,151164,4103,155267,2141
2021-10-06,San Benito,069,59416,7147,7108,153,7261,69
2021-10-06,San Bernardino,071,2135413,345659,343022,10835,353857,5551
2021-10-06,San Diego,073,3302833,361874,359564,21282,380846,4104
2021-10-06,San Francisco,075,870044,51566,50894,2221,53115,641
2021-10-06,San Joaquin,077,732212,96528,95418,5216,100634,1658
2021-10-06,San Luis Obispo,079,281455,28605,28170,1166,29336,323
2021-10-06,San Mateo,081,765935,52941,52056,814,52870,569
2021-10-06,Santa Barbara,083,443738,43143,42687,1514,44201,513
2021-10-06,Santa Clara,085,1922200,143345,142124,1196,143320,1872
2021-10-06,Santa Cruz,087,273765,19861,19604,989,20593,217
2021-10-06,Shasta,089,179085,19777,19325,3303,22628,287
2021-10-06,Sierra,091,2930,156,138,15,153,0
2021-10-06,Siskiyou,093,43540,3219,3116,1191,4307,42
2021-10-06,Solano,095,438530,44931,44185,1195,45380,328
2021-10-06,Sonoma,097,501317,40104,39787,505,40292,383
2021-10-06,Stanislaus,099,539301,74844,74699,8477,83176,1114
2021-10-06,Sutter,101,95872,13375,13284,287,13571,164
2021-10-06,Tehama,103,63373,7819,7629,1315,8944,99
2021-10-06,Trinity,105,12862,801,656,206,862,11
2021-10-06,Tulare,107,460477,64719,63198,13673,76871,926
2021-10-06,Tuolumne,109,53932,6575,6486,78,6564,89
2021-10-06,Ventura,111,848112,96235,95449,4216,99665,1158
2021-10-06,Yolo,113,214977,19091,18815,1017,19832,247
2021-10-06,Yuba,115,75493,9662,9520,233,9753,69
2021-10-05,Alameda,001,1643700,116670,115968,2698,118666,1350
2021-10-05,Alpine,003,1148,99,102,0,102,0
2021-10-05,Amador,005,37829,5282,5194,56,5250,61
2021-10-05,Butte,007,227075,19618,19137,3532,22669,246
2021-10-05,Calaveras,009,45235,3722,3657,42,3699,73
2021-10-05,Colusa,011,21464,2438,2414,569,2983,18
2021-10-05,Contra Costa,013,1133247,96808,96108,2051,98159,941
2021-10-05,Del Norte,015,27424,3576,3485,44,3529,39
2021-10-05,El Dorado,017,186661,15326,15052,1608,16660,140
2021-10-05,Fresno,019,978130,132031,129957,11983,141940,1987
2021-10-05,Glenn,021,27897,3326,3270,961,4231,26
2021-10-05,Humboldt,023,135768,8548,8398,448,8846,94
2021-10-05,Imperial,025,180216,32198,31909,3072,34981,759
2021-10-05,Inyo,027,18085,1859,1800,40,1840,39
2021-10-05,Kern,029,883053,121079,119260,19698,138958,1540
2021-10-05,Kings,031,150075,30334,29749,1768,31517,301
2021-10-05,Lake,033,64148,6372,6264,126,6390,97
2021-10-05,Lassen,035,31185,6538,6417,306,6723,25
2021-10-05,Los Angeles,037,10098052,1412462,1400300,52901,1453201,26223
2021-10-05,Madera,039,155013,21611,21183,1833,23016,269
2021-10-05,Marin,041,260295,17163,17024,424,17448,242
2021-10-05,Mariposa,043,17540,1073,1033,33,1066,5
2021-10-05,Mendocino,045,87422,7098,6972,412,7384,79
2021-10-05,Merced,047,269075,39939,39608,1630,41238,562
2021-10-05,Modoc,049,8938,491,475,171,646,5
2021-10-05,Mono,051,14174,1602,1565,20,1585,3
2021-10-05,Monterey,053,433212,47990,47087,2717,49804,573
2021-10-05,Napa,055,140530,12631,12533,100,12633,96
2021-10-05,Nevada,057,99092,8680,8576,303,8879,90
2021-10-05,Orange,059,3164182,300922,298589,14470,313059,5441
2021-10-05,Placer,061,380077,35269,34728,3399,38127,382
2021-10-05,Plumas,063,18699,1467,1357,25,1382,6
2021-10-05,Riverside,065,2383286,353770,349365,16136,365501,4942
2021-10-05,Sacramento,067,1510023,152249,151111,4075,155186,2126
2021-10-05,San Benito,069,59416,7129,7103,151,7254,69
2021-10-05,San Bernardino,071,2135413,345330,342711,10828,353539,5557
2021-10-05,San Diego,073,3302833,361299,359194,21255,380449,4092
2021-10-05,San Francisco,075,870044,51469,50826,2218,53044,641
2021-10-05,San Joaquin,077,732212,96375,95276,5190,100466,1651
2021-10-05,San Luis Obispo,079,281455,28561,28113,1164,29277,324
2021-10-05,San Mateo,081,765935,52894,52008,814,52822,569
2021-10-05,Santa Barbara,083,443738,43065,42595,1510,44105,511
2021-10-05,Santa Clara,085,1922200,143185,141971,1189,143160,1873
2021-10-05,Santa Cruz,087,273765,19819,19582,989,20571,216
2021-10-05,Shasta,089,179085,19703,19285,3290,22575,286
2021-10-05,Sierra,091,2930,152,136,15,151,0
2021-10-05,Siskiyou,093,43540,3205,3107,1191,4298,42
2021-10-05,Solano,095,438530,44860,44149,1193,45342,325
2021-10-05,Sonoma,097,501317,40049,39756,500,40256,383
2021-10-05,Stanislaus,099,539301,74682,74599,8460,83059,1114
2021-10-05,Sutter,101,95872,13347,13270,286,13556,164
2021-10-05,Tehama,103,63373,7789,7607,1306,8913,98
2021-10-05,Trinity,105,12862,798,655,206,861,11
2021-10-05,Tulare,107,460477,64512,63093,13620,76713,920
2021-10-05,Tuolumne,109,53932,6560,6473,77,6550,89
2021-10-05,Ventura,111,848112,96129,95351,4215,99566,1155
2021-10-05,Yolo,113,214977,19055,18782,1011,19793,245
2021-10-05,Yuba,115,75493,9630,9504,230,9734,69
2021-10-04,Alameda,001,1643700,116507,115845,2695,118540,1347
2021-10-04,Alpine,003,1148,99,102,0,102,0
2021-10-04,Amador,005,37829,5272,5163,55,5218,61
2021-10-04,Butte,007,227075,19541,19081,3520,22601,245
2021-10-04,Calaveras,009,45235,3713,3641,42,3683,73
2021-10-04,Colusa,011,21464,2437,2414,567,2981,18
2021-10-04,Contra Costa,013,1133247,96667,95958,2046,98004,937
2021-10-04,Del Norte,015,27424,3574,3485,40,3525,39
2021-10-04,El Dorado,017,186661,15279,15031,1601,16632,138
2021-10-04,Fresno,019,978130,131721,129665,11953,141618,1978
2021-10-04,Glenn,021,27897,3319,3270,958,4228,26
2021-10-04,Humboldt,023,135768,8516,8355,440,8795,94
2021-10-04,Imperial,025,180216,32149,31866,3065,34931,757
2021-10-04,Inyo,027,18085,1847,1792,37,1829,39
2021-10-04,Kern,029,883053,120788,118984,19577,138561,1531
2021-10-04,Kings,031,150075,30241,29702,1765,31467,303
2021-10-04,Lake,033,64148,6359,6248,126,6374,97
2021-10-04,Lassen,035,31185,6521,6405,306,6711,25
2021-10-04,Los Angeles,037,10098052,1411346,1399604,52841,1452445,26186
2021-10-04,Madera,039,155013,21547,21126,1821,22947,266
2021-10-04,Marin,041,260295,17147,17008,423,17431,242
2021-10-04,Mariposa,043,17540,1061,1024,33,1057,5
2021-10-04,Mendocino,045,87422,7080,6947,409,7356,79
2021-10-04,Merced,047,269075,39823,39565,1614,41179,558
2021-10-04,Modoc,049,8938,488,473,171,644,5
2021-10-04,Mono,051,14174,1594,1561,20,1581,3
2021-10-04,Monterey,053,433212,47969,47058,2710,49768,571
2021-10-04,Napa,055,140530,12607,12506,100,12606,96
2021-10-04,Nevada,057,99092,8660,8563,303,8866,90
2021-10-04,Orange,059,3164182,300626,298165,14438,312603,5438
2021-10-04,Placer,061,380077,35187,34630,3371,38001,379
2021-10-04,Plumas,063,18699,1445,1329,25,1354,6
2021-10-04,Riverside,065,2383286,353390,348828,16126,364954,4923
2021-10-04,Sacramento,067,1510023,151925,150887,4048,154935,2115
2021-10-04,San Benito,069,59416,7116,7099,151,7250,69
2021-10-04,San Bernardino,071,2135413,344970,342418,10816,353234,5551
2021-10-04,San Diego,073,3302833,360733,358525,21224,379749,4090
2021-10-04,San Francisco,075,870044,51374,50798,2214,53012,638
2021-10-04,San Joaquin,077,732212,96178,95198,5170,100368,1649
2021-10-04,San Luis Obispo,079,281455,28516,28090,1158,29248,323
2021-10-04,San Mateo,081,765935,52834,51958,813,52771,569
2021-10-04,Santa Barbara,083,443738,42980,42585,1509,44094,511
2021-10-04,Santa Clara,085,1922200,143040,141840,1183,143023,1869
2021-10-04,Santa Cruz,087,273765,19790,19559,988,20547,216
2021-10-04,Shasta,089,179085,19596,19170,3276,22446,279
2021-10-04,Sierra,091,2930,145,136,14,150,0
2021-10-04,Siskiyou,093,43540,3196,3103,1176,4279,42
2021-10-04,Solano,095,438530,44801,44092,1189,45281,322
2021-10-04,Sonoma,097,501317,39983,39720,500,40220,381
2021-10-04,Stanislaus,099,539301,74530,74444,8441,82885,1106
2021-10-04,Sutter,101,95872,13318,13261,285,13546,164
2021-10-04,Tehama,103,63373,7748,7585,1300,8885,95
2021-10-04,Trinity,105,12862,797,649,205,854,11
2021-10-04,Tulare,107,460477,64324,62957,13551,76508,920
2021-10-04,Tuolumne,109,53932,6534,6442,77,6519,89
2021-10-04,Ventura,111,848112,96037,95170,4209,99379,1153
2021-10-04,Yolo,113,214977,19011,18761,1007,19768,242
2021-10-04,Yuba,115,75493,9591,9481,228,9709,68
2021-10-03,Alameda,001,1643700,116365,115751,2685,118436,1349
2021-10-03,Alpine,003,1148,99,102,0,102,0
2021-10-03,Amador,005,37829,5254,5160,53,5213,61
2021-10-03,Butte,007,227075,19468,19066,3503,22569,245
2021-10-03,Calaveras,009,45235,3696,3632,42,3674,73
2021-10-03,Colusa,011,21464,2436,2413,564,2977,18
2021-10-03,Contra Costa,013,1133247,96535,95890,2039,97929,937
2021-10-03,Del Norte,015,27424,3568,3483,39,3522,39
2021-10-03,El Dorado,017,186661,15220,15014,1594,16608,139
2021-10-03,Fresno,019,978130,131340,129365,11911,141276,1978
2021-10-03,Glenn,021,27897,3312,3266,950,4216,26
2021-10-03,Humboldt,023,135768,8471,8352,436,8788,94
2021-10-03,Imperial,025,180216,32082,31844,3057,34901,757
2021-10-03,Inyo,027,18085,1826,1788,37,1825,39
2021-10-03,Kern,029,883053,120483,118851,19455,138306,1535
2021-10-03,Kings,031,150075,30140,29623,1758,31381,300
2021-10-03,Lake,033,64148,6333,6239,126,6365,97
2021-10-03,Lassen,035,31185,6499,6400,304,6704,25
2021-10-03,Los Angeles,037,10098052,1410080,1398790,52786,1451576,26179
2021-10-03,Madera,039,155013,21475,21066,1811,22877,266
2021-10-03,Marin,041,260295,17124,16995,418,17413,242
2021-10-03,Mariposa,043,17540,1054,1011,33,1044,5
2021-10-03,Mendocino,045,87422,7060,6939,400,7339,79
2021-10-03,Merced,047,269075,39716,39516,1594,41110,558
2021-10-03,Modoc,049,8938,487,472,170,642,5
2021-10-03,Mono,051,14174,1590,1554,20,1574,3
2021-10-03,Monterey,053,433212,47944,47049,2699,49748,571
2021-10-03,Napa,055,140530,12579,12489,98,12587,96
2021-10-03,Nevada,057,99092,8625,8545,303,8848,90
2021-10-03,Orange,059,3164182,300344,298027,14418,312445,5447
2021-10-03,Placer,061,380077,35048,34596,3354,37950,379
2021-10-03,Plumas,063,18699,1417,1328,25,1353,6
2021-10-03,Riverside,065,2383286,352959,348593,16105,364698,4924
2021-10-03,Sacramento,067,1510023,151636,150664,4019,154683,2120
2021-10-03,San Benito,069,59416,7107,7095,151,7246,69
2021-10-03,San Bernardino,071,2135413,344560,342302,10809,353111,5555
2021-10-03,San Diego,073,3302833,360154,358153,21192,379345,4081
2021-10-03,San Francisco,075,870044,51286,50733,2211,52944,638
2021-10-03,San Joaquin,077,732212,95989,95133,5162,100295,1649
2021-10-03,San Luis Obispo,079,281455,28449,28065,1153,29218,325
2021-10-03,San Mateo,081,765935,52767,51923,812,52735,569
2021-10-03,Santa Barbara,083,443738,42884,42550,1501,44051,511
2021-10-03,Santa Clara,085,1922200,142870,141737,1175,142912,1869
2021-10-03,Santa Cruz,087,273765,19750,19548,986,20534,216
2021-10-03,Shasta,089,179085,19491,19132,3248,22380,279
2021-10-03,Sierra,091,2930,142,136,14,150,0
2021-10-03,Siskiyou,093,43540,3183,3096,1165,4261,42
2021-10-03,Solano,095,438530,44737,44051,1186,45237,322
2021-10-03,Sonoma,097,501317,39917,39679,500,40179,381
2021-10-03,Stanislaus,099,539301,74342,74366,8423,82789,1106
2021-10-03,Sutter,101,95872,13303,13248,281,13529,164
2021-10-03,Tehama,103,63373,7705,7564,1295,8859,94
2021-10-03,Trinity,105,12862,793,647,203,850,11
2021-10-03,Tulare,107,460477,64120,62860,13478,76338,924
2021-10-03,Tuolumne,109,53932,6504,6430,75,6505,89
2021-10-03,Ventura,111,848112,95932,95108,4206,99314,1153
2021-10-03,Yolo,113,214977,18982,18720,999,19719,242
2021-10-03,Yuba,115,75493,9573,9462,227,9689,68
2021-10-02,Alameda,001,1643700,116257,115185,2681,117866,1343
2021-10-02,Alpine,003,1148,99,102,0,102,0
2021-10-02,Amador,005,37829,5245,5105,53,5158,61
2021-10-02,Butte,007,227075,19437,18911,3495,22406,243
2021-10-02,Calaveras,009,45235,3689,3585,42,3627,72
2021-10-02,Colusa,011,21464,2435,2403,562,2965,18
2021-10-02,Contra Costa,013,1133247,96464,95369,2035,97404,933
2021-10-02,Del Norte,015,27424,3563,3468,39,3507,39
2021-10-02,El Dorado,017,186661,15194,14887,1593,16480,136
2021-10-02,Fresno,019,978130,131169,128450,11898,140348,1964
2021-10-02,Glenn,021,27897,3307,3234,950,4184,26
2021-10-02,Humboldt,023,135768,8452,8244,436,8680,94
2021-10-02,Imperial,025,180216,32047,31674,3054,34728,757
2021-10-02,Inyo,027,18085,1817,1746,37,1783,39
2021-10-02,Kern,029,883053,120350,117962,19373,137335,1524
2021-10-02,Kings,031,150075,30091,29339,1754,31093,301
2021-10-02,Lake,033,64148,6324,6191,126,6317,97
2021-10-02,Lassen,035,31185,6494,6360,304,6664,25
2021-10-02,Los Angeles,037,10098052,1409473,1395070,52749,1447819,26126
2021-10-02,Madera,039,155013,21450,20931,1802,22733,266
2021-10-02,Marin,041,260295,17119,16936,415,17351,242
2021-10-02,Mariposa,043,17540,1052,967,33,1000,5
2021-10-02,Mendocino,045,87422,7050,6869,400,7269,78
2021-10-02,Merced,047,269075,39689,39196,1590,40786,552
2021-10-02,Modoc,049,8938,485,468,170,638,5
2021-10-02,Mono,051,14174,1588,1540,20,1560,3
2021-10-02,Monterey,053,433212,47889,46964,2698,49662,571
2021-10-02,Napa,055,140530,12568,12433,98,12531,96
2021-10-02,Nevada,057,99092,8614,8474,302,8776,87
2021-10-02,Orange,059,3164182,300179,297307,14398,311705,5435
2021-10-02,Placer,061,380077,34982,34377,3345,37722,381
2021-10-02,Plumas,063,18699,1406,1298,25,1323,6
2021-10-02,Riverside,065,2383286,352718,347227,16094,363321,4895
2021-10-02,Sacramento,067,1510023,151462,149897,4011,153908,2099
2021-10-02,San Benito,069,59416,7100,7055,151,7206,69
2021-10-02,San Bernardino,071,2135413,344377,341212,10757,351969,5540
2021-10-02,San Diego,073,3302833,359837,356454,21170,377624,4078
2021-10-02,San Francisco,075,870044,51237,50393,2206,52599,634
2021-10-02,San Joaquin,077,732212,95924,94599,5156,99755,1646
2021-10-02,San Luis Obispo,079,281455,28425,27915,1153,29068,323
2021-10-02,San Mateo,081,765935,52726,51767,808,52575,573
2021-10-02,Santa Barbara,083,443738,42844,42423,1501,43924,508
2021-10-02,Santa Clara,085,1922200,142756,141231,1171,142402,1862
2021-10-02,Santa Cruz,087,273765,19733,19461,985,20446,214
2021-10-02,Shasta,089,179085,19445,18912,3242,22154,270
2021-10-02,Sierra,091,2930,141,131,14,145,0
2021-10-02,Siskiyou,093,43540,3182,3053,1162,4215,42
2021-10-02,Solano,095,438530,44692,43800,1185,44985,321
2021-10-02,Sonoma,097,501317,39883,39497,499,39996,382
2021-10-02,Stanislaus,099,539301,74256,73859,8410,82269,1099
2021-10-02,Sutter,101,95872,13294,13160,280,13440,160
2021-10-02,Tehama,103,63373,7690,7453,1295,8748,93
2021-10-02,Trinity,105,12862,790,625,203,828,10
2021-10-02,Tulare,107,460477,64044,62247,13451,75698,908
2021-10-02,Tuolumne,109,53932,6490,6369,75,6444,89
2021-10-02,Ventura,111,848112,95860,94854,4201,99055,1148
2021-10-02,Yolo,113,214977,18957,18640,995,19635,242
2021-10-02,Yuba,115,75493,9554,9370,226,9596,66
2021-10-01,Alameda,001,1643700,116181,115185,2674,117859,1343
2021-10-01,Alpine,003,1148,99,102,0,102,0
2021-10-01,Amador,005,37829,5225,5105,53,5158,61
2021-10-01,Butte,007,227075,19396,18911,3489,22400,243
2021-10-01,Calaveras,009,45235,3679,3585,42,3627,72
2021-10-01,Colusa,011,21464,2433,2403,562,2965,18
2021-10-01,Contra Costa,013,1133247,96367,95369,2031,97400,933
2021-10-01,Del Norte,015,27424,3560,3468,38,3506,39
2021-10-01,El Dorado,017,186661,15177,14887,1589,16476,136
2021-10-01,Fresno,019,978130,130981,128450,11888,140338,1964
2021-10-01,Glenn,021,27897,3305,3234,949,4183,26
2021-10-01,Humboldt,023,135768,8435,8244,436,8680,94
2021-10-01,Imperial,025,180216,32028,31674,3045,34719,757
2021-10-01,Inyo,027,18085,1808,1746,37,1783,39
2021-10-01,Kern,029,883053,120197,117962,19315,137277,1524
2021-10-01,Kings,031,150075,30057,29339,1748,31087,301
2021-10-01,Lake,033,64148,6314,6191,126,6317,97
2021-10-01,Lassen,035,31185,6483,6360,303,6663,25
2021-10-01,Los Angeles,037,10098052,1408712,1395070,52704,1447774,26126
2021-10-01,Madera,039,155013,21400,20931,1793,22724,266
2021-10-01,Marin,041,260295,17104,16936,414,17350,242
2021-10-01,Mariposa,043,17540,1045,967,33,1000,5
2021-10-01,Mendocino,045,87422,7038,6869,400,7269,78
2021-10-01,Merced,047,269075,39645,39196,1581,40777,552
2021-10-01,Modoc,049,8938,484,468,170,638,5
2021-10-01,Mono,051,14174,1585,1540,20,1560,3
2021-10-01,Monterey,053,433212,47868,46964,2695,49659,571
2021-10-01,Napa,055,140530,12558,12433,97,12530,96
2021-10-01,Nevada,057,99092,8600,8474,301,8775,87
2021-10-01,Orange,059,3164182,299995,297307,14378,311685,5435
2021-10-01,Placer,061,380077,34948,34377,3341,37718,381
2021-10-01,Plumas,063,18699,1397,1298,25,1323,6
2021-10-01,Riverside,065,2383286,352425,347227,16086,363313,4895
2021-10-01,Sacramento,067,1510023,151310,149897,4000,153897,2099
2021-10-01,San Benito,069,59416,7098,7055,149,7204,69
2021-10-01,San Bernardino,071,2135413,344177,341212,10754,351966,5540
2021-10-01,San Diego,073,3302833,359477,356454,21149,377603,4078
2021-10-01,San Francisco,075,870044,51196,50393,2204,52597,634
2021-10-01,San Joaquin,077,732212,95854,94599,5152,99751,1646
2021-10-01,San Luis Obispo,079,281455,28401,27915,1150,29065,323
2021-10-01,San Mateo,081,765935,52686,51767,805,52572,573
2021-10-01,Santa Barbara,083,443738,42808,42423,1501,43924,508
2021-10-01,Santa Clara,085,1922200,142663,141231,1166,142397,1862
2021-10-01,Santa Cruz,087,273765,19713,19461,984,20445,214
2021-10-01,Shasta,089,179085,19391,18912,3234,22146,270
2021-10-01,Sierra,091,2930,141,131,14,145,0
2021-10-01,Siskiyou,093,43540,3181,3053,1159,4212,42
2021-10-01,Solano,095,438530,44640,43800,1179,44979,321
2021-10-01,Sonoma,097,501317,39851,39497,498,39995,382
2021-10-01,Stanislaus,099,539301,74172,73859,8399,82258,1099
2021-10-01,Sutter,101,95872,13278,13160,278,13438,160
2021-10-01,Tehama,103,63373,7678,7453,1293,8746,93
2021-10-01,Trinity,105,12862,788,625,203,828,10
2021-10-01,Tulare,107,460477,63941,62247,13416,75663,908
2021-10-01,Tuolumne,109,53932,6473,6369,75,6444,89
2021-10-01,Ventura,111,848112,95793,94854,4196,99050,1148
2021-10-01,Yolo,113,214977,18933,18640,991,19631,242
2021-10-01,Yuba,115,75493,9532,9370,226,9596,66
2021-09-30,Alameda,001,1643700,116035,115185,2671,117856,1343
2021-09-30,Alpine,003,1148,99,102,0,102,0
2021-09-30,Amador,005,37829,5213,5105,53,5158,61
2021-09-30,Butte,007,227075,19347,18911,3480,22391,243
2021-09-30,Calaveras,009,45235,3665,3585,42,3627,72
2021-09-30,Colusa,011,21464,2430,2403,561,2964,18
2021-09-30,Contra Costa,013,1133247,96262,95369,2025,97394,933
2021-09-30,Del Norte,015,27424,3556,3468,35,3503,39
2021-09-30,El Dorado,017,186661,15151,14887,1581,16468,136
2021-09-30,Fresno,019,978130,130705,128450,11854,140304,1964
2021-09-30,Glenn,021,27897,3295,3234,947,4181,26
2021-09-30,Humboldt,023,135768,8403,8244,430,8674,94
2021-09-30,Imperial,025,180216,31976,31674,3043,34717,757
2021-09-30,Inyo,027,18085,1798,1746,37,1783,39
2021-09-30,Kern,029,883053,119953,117962,19233,137195,1524
2021-09-30,Kings,031,150075,29967,29339,1744,31083,301
2021-09-30,Lake,033,64148,6296,6191,126,6317,97
2021-09-30,Lassen,035,31185,6469,6360,303,6663,25
2021-09-30,Los Angeles,037,10098052,1407508,1395070,52644,1447714,26126
2021-09-30,Madera,039,155013,21317,20931,1778,22709,266
2021-09-30,Marin,041,260295,17084,16936,413,17349,242
2021-09-30,Mariposa,043,17540,1023,967,33,1000,5
2021-09-30,Mendocino,045,87422,7029,6869,391,7260,78
2021-09-30,Merced,047,269075,39548,39196,1577,40773,552
2021-09-30,Modoc,049,8938,484,468,169,637,5
2021-09-30,Mono,051,14174,1577,1540,20,1560,3
2021-09-30,Monterey,053,433212,47838,46964,2683,49647,571
2021-09-30,Napa,055,140530,12538,12433,97,12530,96
2021-09-30,Nevada,057,99092,8583,8474,300,8774,87
2021-09-30,Orange,059,3164182,299723,297307,14339,311646,5435
2021-09-30,Placer,061,380077,34894,34377,3321,37698,381
2021-09-30,Plumas,063,18699,1379,1298,25,1323,6
2021-09-30,Riverside,065,2383286,351992,347227,16065,363292,4895
2021-09-30,Sacramento,067,1510023,151049,149897,3974,153871,2099
2021-09-30,San Benito,069,59416,7092,7055,149,7204,69
2021-09-30,San Bernardino,071,2135413,343865,341212,10740,351952,5540
2021-09-30,San Diego,073,3302833,358996,356454,21123,377577,4078
2021-09-30,San Francisco,075,870044,51119,50393,2200,52593,634
2021-09-30,San Joaquin,077,732212,95724,94599,5144,99743,1646
2021-09-30,San Luis Obispo,079,281455,28353,27915,1146,29061,323
2021-09-30,San Mateo,081,765935,52637,51767,802,52569,573
2021-09-30,Santa Barbara,083,443738,42751,42423,1500,43923,508
2021-09-30,Santa Clara,085,1922200,142513,141231,1163,142394,1862
2021-09-30,Santa Cruz,087,273765,19673,19461,983,20444,214
2021-09-30,Shasta,089,179085,19329,18912,3219,22131,270
2021-09-30,Sierra,091,2930,140,131,14,145,0
2021-09-30,Siskiyou,093,43540,3173,3053,1154,4207,42
2021-09-30,Solano,095,438530,44586,43800,1176,44976,321
2021-09-30,Sonoma,097,501317,39802,39497,498,39995,382
2021-09-30,Stanislaus,099,539301,74012,73859,8380,82239,1099
2021-09-30,Sutter,101,95872,13257,13160,278,13438,160
2021-09-30,Tehama,103,63373,7641,7453,1281,8734,93
2021-09-30,Trinity,105,12862,784,625,203,828,10
2021-09-30,Tulare,107,460477,63765,62247,13358,75605,908
2021-09-30,Tuolumne,109,53932,6450,6369,75,6444,89
2021-09-30,Ventura,111,848112,95688,94854,4189,99043,1148
2021-09-30,Yolo,113,214977,18894,18640,988,19628,242
2021-09-30,Yuba,115,75493,9509,9370,225,9595,66
2021-09-29,Alameda,001,1643700,115891,114998,2668,117666,1339
2021-09-29,Alpine,003,1148,99,101,0,101,0
2021-09-29,Amador,005,37829,5191,5058,53,5111,61
2021-09-29,Butte,007,227075,19293,18835,3473,22308,242
2021-09-29,Calaveras,009,45235,3648,3553,41,3594,72
2021-09-29,Colusa,011,21464,2428,2401,561,2962,18
2021-09-29,Contra Costa,013,1133247,96148,95213,2017,97230,929
2021-09-29,Del Norte,015,27424,3550,3467,35,3502,39
2021-09-29,El Dorado,017,186661,15117,14834,1574,16408,136
2021-09-29,Fresno,019,978130,130405,128068,11833,139901,1957
2021-09-29,Glenn,021,27897,3290,3213,945,4158,26
2021-09-29,Humboldt,023,135768,8378,8203,429,8632,94
2021-09-29,Imperial,025,180216,31909,31600,3038,34638,757
2021-09-29,Inyo,027,18085,1788,1740,36,1776,39
2021-09-29,Kern,029,883053,119718,117605,19157,136762,1513
2021-09-29,Kings,031,150075,29885,29195,1729,30924,299
2021-09-29,Lake,033,64148,6276,6164,126,6290,97
2021-09-29,Lassen,035,31185,6455,6347,303,6650,25
2021-09-29,Los Angeles,037,10098052,1406296,1393617,52572,1446189,26098
2021-09-29,Madera,039,155013,21272,20818,1762,22580,266
2021-09-29,Marin,041,260295,17066,16921,411,17332,242
2021-09-29,Mariposa,043,17540,1008,963,33,996,5
2021-09-29,Mendocino,045,87422,7017,6821,383,7204,78
2021-09-29,Merced,047,269075,39454,39026,1566,40592,552
2021-09-29,Modoc,049,8938,482,468,169,637,5
2021-09-29,Mono,051,14174,1575,1527,20,1547,3
2021-09-29,Monterey,053,433212,47800,46917,2669,49586,571
2021-09-29,Napa,055,140530,12518,12416,93,12509,96
2021-09-29,Nevada,057,99092,8570,8434,300,8734,87
2021-09-29,Orange,059,3164182,299455,296936,14303,311239,5429
2021-09-29,Placer,061,380077,34830,34271,3298,37569,379
2021-09-29,Plumas,063,18699,1360,1289,25,1314,6
2021-09-29,Riverside,065,2383286,351558,346558,16052,362610,4886
2021-09-29,Sacramento,067,1510023,150798,149686,3964,153650,2099
2021-09-29,San Benito,069,59416,7081,7039,149,7188,69
2021-09-29,San Bernardino,071,2135413,343543,340672,10726,351398,5539
2021-09-29,San Diego,073,3302833,358509,355899,21093,376992,4066
2021-09-29,San Francisco,075,870044,51034,50286,2196,52482,629
2021-09-29,San Joaquin,077,732212,95566,94356,5122,99478,1645
2021-09-29,San Luis Obispo,079,281455,28307,27800,1140,28940,323
2021-09-29,San Mateo,081,765935,52577,51673,800,52473,573
2021-09-29,Santa Barbara,083,443738,42679,42328,1497,43825,507
2021-09-29,Santa Clara,085,1922200,142378,141036,1157,142193,1861
2021-09-29,Santa Cruz,087,273765,19655,19425,982,20407,214
2021-09-29,Shasta,089,179085,19263,18805,3207,22012,271
2021-09-29,Sierra,091,2930,136,130,14,144,0
2021-09-29,Siskiyou,093,43540,3160,3043,1147,4190,42
2021-09-29,Solano,095,438530,44530,43724,1169,44893,321
2021-09-29,Sonoma,097,501317,39741,39426,496,39922,370
2021-09-29,Stanislaus,099,539301,73881,73634,8369,82003,1096
2021-09-29,Sutter,101,95872,13230,13135,275,13410,155
2021-09-29,Tehama,103,63373,7611,7409,1266,8675,88
2021-09-29,Trinity,105,12862,780,616,203,819,10
2021-09-29,Tulare,107,460477,63592,62046,13299,75345,908
2021-09-29,Tuolumne,109,53932,6433,6336,75,6411,89
2021-09-29,Ventura,111,848112,95598,94753,4185,98938,1144
2021-09-29,Yolo,113,214977,18861,18587,983,19570,239
2021-09-29,Yuba,115,75493,9478,9351,221,9572,66
2021-09-28,Alameda,001,1643700,115733,114869,2662,117531,1333
2021-09-28,Alpine,003,1148,99,101,0,101,0
2021-09-28,Amador,005,37829,5169,5049,53,5102,61
2021-09-28,Butte,007,227075,19244,18764,3460,22224,241
2021-09-28,Calaveras,009,45235,3628,3530,41,3571,72
2021-09-28,Colusa,011,21464,2425,2399,559,2958,18
2021-09-28,Contra Costa,013,1133247,96007,95115,2012,97127,929
2021-09-28,Del Norte,015,27424,3547,3462,35,3497,39
2021-09-28,El Dorado,017,186661,15071,14793,1570,16363,133
2021-09-28,Fresno,019,978130,130060,127877,11799,139676,1948
2021-09-28,Glenn,021,27897,3285,3205,944,4149,26
2021-09-28,Humboldt,023,135768,8337,8159,426,8585,91
2021-09-28,Imperial,025,180216,31864,31543,3034,34577,757
2021-09-28,Inyo,027,18085,1774,1708,35,1743,39
2021-09-28,Kern,029,883053,119449,117420,19062,136482,1506
2021-09-28,Kings,031,150075,29783,29141,1721,30862,295
2021-09-28,Lake,033,64148,6261,6155,126,6281,95
2021-09-28,Lassen,035,31185,6449,6340,299,6639,25
2021-09-28,Los Angeles,037,10098052,1405002,1392445,52503,1444948,26068
2021-09-28,Madera,039,155013,21218,20764,1746,22510,266
2021-09-28,Marin,041,260295,17047,16887,409,17296,242
2021-09-28,Mariposa,043,17540,1003,952,33,985,5
2021-09-28,Mendocino,045,87422,6995,6804,381,7185,78
2021-09-28,Merced,047,269075,39367,38953,1553,40506,551
2021-09-28,Modoc,049,8938,481,467,169,636,5
2021-09-28,Mono,051,14174,1565,1527,20,1547,3
2021-09-28,Monterey,053,433212,47763,46859,2660,49519,571
2021-09-28,Napa,055,140530,12501,12388,92,12480,96
2021-09-28,Nevada,057,99092,8547,8409,299,8708,84
2021-09-28,Orange,059,3164182,299202,296596,14275,310871,5421
2021-09-28,Placer,061,380077,34765,34187,3280,37467,370
2021-09-28,Plumas,063,18699,1351,1276,25,1301,6
2021-09-28,Riverside,065,2383286,351099,346096,16031,362127,4874
2021-09-28,Sacramento,067,1510023,150508,149310,3942,153252,2086
2021-09-28,San Benito,069,59416,7064,7028,148,7176,69
2021-09-28,San Bernardino,071,2135413,343195,340342,10709,351051,5540
2021-09-28,San Diego,073,3302833,357962,355373,21061,376434,4054
2021-09-28,San Francisco,075,870044,50933,50234,2195,52429,627
2021-09-28,San Joaquin,077,732212,95412,94194,5109,99303,1639
2021-09-28,San Luis Obispo,079,281455,28273,27755,1135,28890,321
2021-09-28,San Mateo,081,765935,52532,51620,799,52419,571
2021-09-28,Santa Barbara,083,443738,42606,42226,1496,43722,506
2021-09-28,Santa Clara,085,1922200,142217,140886,1148,142034,1858
2021-09-28,Santa Cruz,087,273765,19614,19324,981,20305,214
2021-09-28,Shasta,089,179085,19202,18701,3193,21894,267
2021-09-28,Sierra,091,2930,135,130,13,143,0
2021-09-28,Siskiyou,093,43540,3148,3032,1144,4176,42
2021-09-28,Solano,095,438530,44457,43652,1166,44818,316
2021-09-28,Sonoma,097,501317,39694,39395,495,39890,370
2021-09-28,Stanislaus,099,539301,73710,73528,8357,81885,1094
2021-09-28,Sutter,101,95872,13211,13102,271,13373,155
2021-09-28,Tehama,103,63373,7593,7382,1251,8633,88
2021-09-28,Trinity,105,12862,777,613,203,816,10
2021-09-28,Tulare,107,460477,63432,61916,13240,75156,905
2021-09-28,Tuolumne,109,53932,6407,6308,75,6383,89
2021-09-28,Ventura,111,848112,95472,94632,4182,98814,1143
2021-09-28,Yolo,113,214977,18835,18564,980,19544,239
2021-09-28,Yuba,115,75493,9459,9323,220,9543,66
2021-09-27,Alameda,001,1643700,115539,114731,2653,117384,1327
2021-09-27,Alpine,003,1148,99,101,0,101,0
2021-09-27,Amador,005,37829,5155,5017,53,5070,59
2021-09-27,Butte,007,227075,19185,18687,3444,22131,239
2021-09-27,Calaveras,009,45235,3608,3514,40,3554,70
2021-09-27,Colusa,011,21464,2424,2393,558,2951,18
2021-09-27,Contra Costa,013,1133247,95876,94979,2003,96982,924
2021-09-27,Del Norte,015,27424,3545,3468,33,3501,37
2021-09-27,El Dorado,017,186661,15032,14764,1563,16327,132
2021-09-27,Fresno,019,978130,129739,127475,11765,139240,1942
2021-09-27,Glenn,021,27897,3272,3189,940,4129,26
2021-09-27,Humboldt,023,135768,8297,8118,426,8544,91
2021-09-27,Imperial,025,180216,31801,31491,3027,34518,756
2021-09-27,Inyo,027,18085,1762,1698,35,1733,39
2021-09-27,Kern,029,883053,119174,117064,18964,136028,1503
2021-09-27,Kings,031,150075,29685,28998,1709,30707,297
2021-09-27,Lake,033,64148,6241,6126,124,6250,95
2021-09-27,Lassen,035,31185,6434,6327,295,6622,25
2021-09-27,Los Angeles,037,10098052,1403670,1391538,52434,1443972,26040
2021-09-27,Madera,039,155013,21153,20691,1738,22429,262
2021-09-27,Marin,041,260295,17026,16861,408,17269,242
2021-09-27,Mariposa,043,17540,993,931,33,964,5
2021-09-27,Mendocino,045,87422,6969,6761,374,7135,74
2021-09-27,Merced,047,269075,39267,38840,1547,40387,548
2021-09-27,Modoc,049,8938,480,465,167,632,5
2021-09-27,Mono,051,14174,1553,1525,20,1545,3
2021-09-27,Monterey,053,433212,47720,46811,2648,49459,571
2021-09-27,Napa,055,140530,12477,12354,91,12445,95
2021-09-27,Nevada,057,99092,8523,8379,296,8675,84
2021-09-27,Orange,059,3164182,298897,296334,14244,310578,5409
2021-09-27,Placer,061,380077,34678,34087,3275,37362,370
2021-09-27,Plumas,063,18699,1341,1269,25,1294,6
2021-09-27,Riverside,065,2383286,350657,345529,16021,361550,4864
2021-09-27,Sacramento,067,1510023,150191,149096,3920,153016,2076
2021-09-27,San Benito,069,59416,7047,7017,148,7165,67
2021-09-27,San Bernardino,071,2135413,342783,339952,10684,350636,5544
2021-09-27,San Diego,073,3302833,357310,354755,21036,375791,4054
2021-09-27,San Francisco,075,870044,50849,50157,2191,52348,622
2021-09-27,San Joaquin,077,732212,95228,94085,5106,99191,1633
2021-09-27,San Luis Obispo,079,281455,28218,27674,1132,28806,320
2021-09-27,San Mateo,081,765935,52456,51552,799,52351,571
2021-09-27,Santa Barbara,083,443738,42539,42012,1492,43504,505
2021-09-27,Santa Clara,085,1922200,142036,140802,1138,141940,1853
2021-09-27,Santa Cruz,087,273765,19590,19292,980,20272,214
2021-09-27,Shasta,089,179085,19121,18599,3166,21765,267
2021-09-27,Sierra,091,2930,135,128,13,141,0
2021-09-27,Siskiyou,093,43540,3136,3015,1139,4154,42
2021-09-27,Solano,095,438530,44382,43582,1160,44742,314
2021-09-27,Sonoma,097,501317,39640,39347,495,39842,370
2021-09-27,Stanislaus,099,539301,73556,73370,8337,81707,1091
2021-09-27,Sutter,101,95872,13180,13082,268,13350,155
2021-09-27,Tehama,103,63373,7552,7345,1242,8587,88
2021-09-27,Trinity,105,12862,766,605,202,807,9
2021-09-27,Tulare,107,460477,63232,61708,13169,74877,904
2021-09-27,Tuolumne,109,53932,6386,6264,75,6339,89
2021-09-27,Ventura,111,848112,95347,94477,4178,98655,1138
2021-09-27,Yolo,113,214977,18802,18524,979,19503,239
2021-09-27,Yuba,115,75493,9422,9292,216,9508,64
2021-09-26,Alameda,001,1643700,115343,114601,2646,117247,1326
2021-09-26,Alpine,003,1148,99,101,0,101,0
2021-09-26,Amador,005,37829,5123,5001,52,5053,59
2021-09-26,Butte,007,227075,19110,18634,3427,22061,238
2021-09-26,Calaveras,009,45235,3586,3505,40,3545,70
2021-09-26,Colusa,011,21464,2419,2392,556,2948,18
2021-09-26,Contra Costa,013,1133247,95701,94877,1990,96867,924
2021-09-26,Del Norte,015,27424,3540,3466,32,3498,37
2021-09-26,El Dorado,017,186661,14990,14738,1555,16293,132
2021-09-26,Fresno,019,978130,129381,127235,11719,138954,1939
2021-09-26,Glenn,021,27897,3264,3182,936,4118,26
2021-09-26,Humboldt,023,135768,8262,8098,425,8523,91
2021-09-26,Imperial,025,180216,31740,31462,3026,34488,756
2021-09-26,Inyo,027,18085,1747,1685,35,1720,39
2021-09-26,Kern,029,883053,118836,116927,18854,135781,1502
2021-09-26,Kings,031,150075,29584,28930,1698,30628,293
2021-09-26,Lake,033,64148,6224,6113,124,6237,95
2021-09-26,Lassen,035,31185,6424,6319,290,6609,25
2021-09-26,Los Angeles,037,10098052,1402182,1390577,52363,1442940,26035
2021-09-26,Madera,039,155013,21078,20629,1719,22348,262
2021-09-26,Marin,041,260295,17003,16860,408,17268,242
2021-09-26,Mariposa,043,17540,987,929,33,962,5
2021-09-26,Mendocino,045,87422,6935,6744,359,7103,74
2021-09-26,Merced,047,269075,39106,38717,1539,40256,548
2021-09-26,Modoc,049,8938,480,465,166,631,5
2021-09-26,Mono,051,14174,1549,1516,20,1536,3
2021-09-26,Monterey,053,433212,47673,46792,2634,49426,571
2021-09-26,Napa,055,140530,12453,12340,90,12430,95
2021-09-26,Nevada,057,99092,8492,8356,291,8647,84
2021-09-26,Orange,059,3164182,298558,296085,14211,310296,5409
2021-09-26,Placer,061,380077,34584,34043,3265,37308,370
2021-09-26,Plumas,063,18699,1323,1268,25,1293,6
2021-09-26,Riverside,065,2383286,350125,345257,16007,361264,4864
2021-09-26,Sacramento,067,1510023,149785,148745,3901,152646,2071
2021-09-26,San Benito,069,59416,7030,7012,147,7159,67
2021-09-26,San Bernardino,071,2135413,342325,339771,10669,350440,5545
2021-09-26,San Diego,073,3302833,356688,354414,20995,375409,4051
2021-09-26,San Francisco,075,870044,50723,50092,2182,52274,622
2021-09-26,San Joaquin,077,732212,95025,93935,5092,99027,1633
2021-09-26,San Luis Obispo,079,281455,28144,27624,1127,28751,319
2021-09-26,San Mateo,081,765935,52387,51496,797,52293,571
2021-09-26,Santa Barbara,083,443738,42452,41946,1489,43435,505
2021-09-26,Santa Clara,085,1922200,141835,140667,1134,141801,1852
2021-09-26,Santa Cruz,087,273765,19565,19279,980,20259,214
2021-09-26,Shasta,089,179085,19012,18566,3143,21709,266
2021-09-26,Sierra,091,2930,135,128,13,141,0
2021-09-26,Siskiyou,093,43540,3122,2998,1129,4127,42
2021-09-26,Solano,095,438530,44315,43537,1159,44696,314
2021-09-26,Sonoma,097,501317,39581,39302,495,39797,370
2021-09-26,Stanislaus,099,539301,73356,73243,8309,81552,1091
2021-09-26,Sutter,101,95872,13143,13045,267,13312,155
2021-09-26,Tehama,103,63373,7495,7323,1231,8554,88
2021-09-26,Trinity,105,12862,763,591,202,793,9
2021-09-26,Tulare,107,460477,63011,61560,13091,74651,904
2021-09-26,Tuolumne,109,53932,6358,6236,73,6309,89
2021-09-26,Ventura,111,848112,95233,94391,4171,98562,1138
2021-09-26,Yolo,113,214977,18765,18496,971,19467,239
2021-09-26,Yuba,115,75493,9395,9275,216,9491,64
2021-09-25,Alameda,001,1643700,115264,114014,2643,116657,1324
2021-09-25,Alpine,003,1148,99,101,0,101,0
2021-09-25,Amador,005,37829,5109,4934,52,4986,59
2021-09-25,Butte,007,227075,19081,18396,3418,21814,236
2021-09-25,Calaveras,009,45235,3583,3461,40,3501,70
2021-09-25,Colusa,011,21464,2416,2387,554,2941,16
2021-09-25,Contra Costa,013,1133247,95630,94337,1986,96323,924
2021-09-25,Del Norte,015,27424,3539,3404,32,3436,35
2021-09-25,El Dorado,017,186661,14967,14641,1551,16192,130
2021-09-25,Fresno,019,978130,129236,126299,11703,138002,1927
2021-09-25,Glenn,021,27897,3259,3144,935,4079,25
2021-09-25,Humboldt,023,135768,8243,8014,423,8437,88
2021-09-25,Imperial,025,180216,31713,31280,3026,34306,755
2021-09-25,Inyo,027,18085,1739,1657,35,1692,39
2021-09-25,Kern,029,883053,118681,116021,18786,134807,1485
2021-09-25,Kings,031,150075,29533,28636,1695,30331,293
2021-09-25,Lake,033,64148,6219,6046,122,6168,92
2021-09-25,Lassen,035,31185,6412,6248,289,6537,25
2021-09-25,Los Angeles,037,10098052,1401469,1386417,52322,1438739,25964
2021-09-25,Madera,039,155013,21053,20432,1713,22145,262
2021-09-25,Marin,041,260295,16994,16802,406,17208,242
2021-09-25,Mariposa,043,17540,982,906,33,939,5
2021-09-25,Mendocino,045,87422,6916,6657,358,7015,74
2021-09-25,Merced,047,269075,39060,38393,1537,39930,546
2021-09-25,Modoc,049,8938,480,460,166,626,5
2021-09-25,Mono,051,14174,1546,1501,20,1521,3
2021-09-25,Monterey,053,433212,47643,46653,2632,49285,567
2021-09-25,Napa,055,140530,12433,12266,90,12356,95
2021-09-25,Nevada,057,99092,8475,8285,291,8576,84
2021-09-25,Orange,059,3164182,298385,294514,14193,308707,5374
2021-09-25,Placer,061,380077,34520,33764,3262,37026,367
2021-09-25,Plumas,063,18699,1319,1238,25,1263,6
2021-09-25,Riverside,065,2383286,349802,343463,15999,359462,4843
2021-09-25,Sacramento,067,1510023,149610,147728,3892,151620,2049
2021-09-25,San Benito,069,59416,7025,6965,147,7112,67
2021-09-25,San Bernardino,071,2135413,342089,338413,10655,349068,5540
2021-09-25,San Diego,073,3302833,356343,352017,20969,372986,4039
2021-09-25,San Francisco,075,870044,50679,49840,2181,52021,615
2021-09-25,San Joaquin,077,732212,94939,93273,5090,98363,1628
2021-09-25,San Luis Obispo,079,281455,28106,27447,1123,28570,318
2021-09-25,San Mateo,081,765935,52323,51266,795,52061,568
2021-09-25,Santa Barbara,083,443738,42394,41728,1489,43217,505
2021-09-25,Santa Clara,085,1922200,141729,140023,1132,141155,1844
2021-09-25,Santa Cruz,087,273765,19549,19200,978,20178,214
2021-09-25,Shasta,089,179085,18961,18256,3134,21390,262
2021-09-25,Sierra,091,2930,134,127,13,140,0
2021-09-25,Siskiyou,093,43540,3115,2956,1119,4075,41
2021-09-25,Solano,095,438530,44274,43331,1156,44487,312
2021-09-25,Sonoma,097,501317,39540,39112,495,39607,369
2021-09-25,Stanislaus,099,539301,73246,72628,8295,80923,1091
2021-09-25,Sutter,101,95872,13125,12976,264,13240,154
2021-09-25,Tehama,103,63373,7479,7200,1229,8429,86
2021-09-25,Trinity,105,12862,763,576,202,778,9
2021-09-25,Tulare,107,460477,62929,60909,13047,73956,898
2021-09-25,Tuolumne,109,53932,6346,6168,73,6241,89
2021-09-25,Ventura,111,848112,95166,94059,4167,98226,1129
2021-09-25,Yolo,113,214977,18743,18393,970,19363,239
2021-09-25,Yuba,115,75493,9375,9191,216,9407,61
2021-09-24,Alameda,001,1643700,115160,114014,2639,116653,1324
2021-09-24,Alpine,003,1148,99,101,0,101,0
2021-09-24,Amador,005,37829,5079,4934,52,4986,59
2021-09-24,Butte,007,227075,19029,18396,3409,21805,236
2021-09-24,Calaveras,009,45235,3576,3461,39,3500,70
2021-09-24,Colusa,011,21464,2413,2387,553,2940,16
2021-09-24,Contra Costa,013,1133247,95520,94337,1982,96319,924
2021-09-24,Del Norte,015,27424,3536,3404,32,3436,35
2021-09-24,El Dorado,017,186661,14949,14641,1547,16188,130
2021-09-24,Fresno,019,978130,129038,126299,11691,137990,1927
2021-09-24,Glenn,021,27897,3251,3144,935,4079,25
2021-09-24,Humboldt,023,135768,8224,8014,420,8434,88
2021-09-24,Imperial,025,180216,31675,31280,3024,34304,755
2021-09-24,Inyo,027,18085,1730,1657,35,1692,39
2021-09-24,Kern,029,883053,118545,116021,18720,134741,1485
2021-09-24,Kings,031,150075,29492,28636,1690,30326,293
2021-09-24,Lake,033,64148,6211,6046,122,6168,92
2021-09-24,Lassen,035,31185,6404,6248,288,6536,25
2021-09-24,Los Angeles,037,10098052,1400587,1386417,52280,1438697,25964
2021-09-24,Madera,039,155013,21022,20432,1704,22136,262
2021-09-24,Marin,041,260295,16980,16802,405,17207,242
2021-09-24,Mariposa,043,17540,970,906,33,939,5
2021-09-24,Mendocino,045,87422,6903,6657,358,7015,74
2021-09-24,Merced,047,269075,39016,38393,1537,39930,546
2021-09-24,Modoc,049,8938,480,460,165,625,5
2021-09-24,Mono,051,14174,1541,1501,20,1521,3
2021-09-24,Monterey,053,433212,47622,46653,2624,49277,567
2021-09-24,Napa,055,140530,12414,12266,90,12356,95
2021-09-24,Nevada,057,99092,8461,8285,288,8573,84
2021-09-24,Orange,059,3164182,298178,294514,14175,308689,5374
2021-09-24,Placer,061,380077,34465,33764,3249,37013,367
2021-09-24,Plumas,063,18699,1315,1238,25,1263,6
2021-09-24,Riverside,065,2383286,349468,343463,15990,359453,4843
2021-09-24,Sacramento,067,1510023,149425,147728,3888,151616,2049
2021-09-24,San Benito,069,59416,7019,6965,147,7112,67
2021-09-24,San Bernardino,071,2135413,341820,338413,10645,349058,5540
2021-09-24,San Diego,073,3302833,355992,352017,20954,372971,4039
2021-09-24,San Francisco,075,870044,50615,49840,2173,52013,615
2021-09-24,San Joaquin,077,732212,94826,93273,5088,98361,1628
2021-09-24,San Luis Obispo,079,281455,28075,27447,1118,28565,318
2021-09-24,San Mateo,081,765935,52263,51266,794,52060,568
2021-09-24,Santa Barbara,083,443738,42354,41728,1488,43216,505
2021-09-24,Santa Clara,085,1922200,141617,140023,1131,141154,1844
2021-09-24,Santa Cruz,087,273765,19526,19200,977,20177,214
2021-09-24,Shasta,089,179085,18907,18256,3120,21376,262
2021-09-24,Sierra,091,2930,133,127,13,140,0
2021-09-24,Siskiyou,093,43540,3106,2956,1113,4069,41
2021-09-24,Solano,095,438530,44237,43331,1154,44485,312
2021-09-24,Sonoma,097,501317,39507,39112,495,39607,369
2021-09-24,Stanislaus,099,539301,73130,72628,8280,80908,1091
2021-09-24,Sutter,101,95872,13106,12976,263,13239,154
2021-09-24,Tehama,103,63373,7467,7200,1224,8424,86
2021-09-24,Trinity,105,12862,760,576,202,778,9
2021-09-24,Tulare,107,460477,62838,60909,13005,73914,898
2021-09-24,Tuolumne,109,53932,6317,6168,73,6241,89
2021-09-24,Ventura,111,848112,95088,94059,4160,98219,1129
2021-09-24,Yolo,113,214977,18711,18393,967,19360,239
2021-09-24,Yuba,115,75493,9356,9191,216,9407,61
2021-09-23,Alameda,001,1643700,115002,114014,2633,116647,1324
2021-09-23,Alpine,003,1148,99,101,0,101,0
2021-09-23,Amador,005,37829,5066,4934,52,4986,59
2021-09-23,Butte,007,227075,18967,18396,3385,21781,236
2021-09-23,Calaveras,009,45235,3555,3461,39,3500,70
2021-09-23,Colusa,011,21464,2411,2387,550,2937,16
2021-09-23,Contra Costa,013,1133247,95379,94337,1975,96312,924
2021-09-23,Del Norte,015,27424,3527,3404,31,3435,35
2021-09-23,El Dorado,017,186661,14923,14641,1541,16182,130
2021-09-23,Fresno,019,978130,128741,126299,11672,137971,1927
2021-09-23,Glenn,021,27897,3237,3144,932,4076,25
2021-09-23,Humboldt,023,135768,8199,8014,418,8432,88
2021-09-23,Imperial,025,180216,31639,31280,3024,34304,755
2021-09-23,Inyo,027,18085,1716,1657,35,1692,39
2021-09-23,Kern,029,883053,118287,116021,18639,134660,1485
2021-09-23,Kings,031,150075,29388,28636,1681,30317,293
2021-09-23,Lake,033,64148,6201,6046,122,6168,92
2021-09-23,Lassen,035,31185,6395,6248,283,6531,25
2021-09-23,Los Angeles,037,10098052,1399391,1386417,52216,1438633,25964
2021-09-23,Madera,039,155013,20940,20432,1700,22132,262
2021-09-23,Marin,041,260295,16965,16802,402,17204,242
2021-09-23,Mariposa,043,17540,957,906,33,939,5
2021-09-23,Mendocino,045,87422,6881,6657,353,7010,74
2021-09-23,Merced,047,269075,38913,38393,1530,39923,546
2021-09-23,Modoc,049,8938,479,460,165,625,5
2021-09-23,Mono,051,14174,1538,1501,20,1521,3
2021-09-23,Monterey,053,433212,47573,46653,2612,49265,567
2021-09-23,Napa,055,140530,12397,12266,90,12356,95
2021-09-23,Nevada,057,99092,8434,8285,288,8573,84
2021-09-23,Orange,059,3164182,297881,294514,14151,308665,5374
2021-09-23,Placer,061,380077,34389,33764,3242,37006,367
2021-09-23,Plumas,063,18699,1298,1238,24,1262,6
2021-09-23,Riverside,065,2383286,349015,343463,15983,359446,4843
2021-09-23,Sacramento,067,1510023,149095,147728,3868,151596,2049
2021-09-23,San Benito,069,59416,7008,6965,147,7112,67
2021-09-23,San Bernardino,071,2135413,341456,338413,10630,349043,5540
2021-09-23,San Diego,073,3302833,355536,352017,20915,372932,4039
2021-09-23,San Francisco,075,870044,50542,49840,2171,52011,615
2021-09-23,San Joaquin,077,732212,94653,93273,5073,98346,1628
2021-09-23,San Luis Obispo,079,281455,28032,27447,1116,28563,318
2021-09-23,San Mateo,081,765935,52188,51266,793,52059,568
2021-09-23,Santa Barbara,083,443738,42276,41728,1485,43213,505
2021-09-23,Santa Clara,085,1922200,141466,140023,1124,141147,1844
2021-09-23,Santa Cruz,087,273765,19495,19200,977,20177,214
2021-09-23,Shasta,089,179085,18827,18256,3103,21359,262
2021-09-23,Sierra,091,2930,133,127,13,140,0
2021-09-23,Siskiyou,093,43540,3102,2956,1102,4058,41
2021-09-23,Solano,095,438530,44169,43331,1151,44482,312
2021-09-23,Sonoma,097,501317,39448,39112,492,39604,369
2021-09-23,Stanislaus,099,539301,72974,72628,8248,80876,1091
2021-09-23,Sutter,101,95872,13077,12976,263,13239,154
2021-09-23,Tehama,103,63373,7426,7200,1219,8419,86
2021-09-23,Trinity,105,12862,746,576,201,777,9
2021-09-23,Tulare,107,460477,62661,60909,12951,73860,898
2021-09-23,Tuolumne,109,53932,6292,6168,72,6240,89
2021-09-23,Ventura,111,848112,94984,94059,4153,98212,1129
2021-09-23,Yolo,113,214977,18680,18393,962,19355,239
2021-09-23,Yuba,115,75493,9328,9191,215,9406,61
2021-09-22,Alameda,001,1643700,114848,113862,2629,116491,1322
2021-09-22,Alpine,003,1148,99,100,0,100,0
2021-09-22,Amador,005,37829,5050,4915,52,4967,59
2021-09-22,Butte,007,227075,18906,18337,3370,21707,235
2021-09-22,Calaveras,009,45235,3539,3448,39,3487,70
2021-09-22,Colusa,011,21464,2406,2384,549,2933,16
2021-09-22,Contra Costa,013,1133247,95194,94209,1966,96175,924
2021-09-22,Del Norte,015,27424,3516,3386,30,3416,35
2021-09-22,El Dorado,017,186661,14887,14605,1534,16139,127
2021-09-22,Fresno,019,978130,128484,126006,11657,137663,1908
2021-09-22,Glenn,021,27897,3230,3138,931,4069,25
2021-09-22,Humboldt,023,135768,8177,7998,410,8408,80
2021-09-22,Imperial,025,180216,31587,31243,3017,34260,755
2021-09-22,Inyo,027,18085,1706,1651,35,1686,39
2021-09-22,Kern,029,883053,118046,115757,18517,134274,1477
2021-09-22,Kings,031,150075,29303,28589,1675,30264,292
2021-09-22,Lake,033,64148,6189,6035,122,6157,93
2021-09-22,Lassen,035,31185,6375,6209,279,6488,25
2021-09-22,Los Angeles,037,10098052,1398067,1384719,52161,1436880,25930
2021-09-22,Madera,039,155013,20883,20382,1690,22072,262
2021-09-22,Marin,041,260295,16954,16782,399,17181,242
2021-09-22,Mariposa,043,17540,951,901,33,934,5
2021-09-22,Mendocino,045,87422,6854,6624,347,6971,70
2021-09-22,Merced,047,269075,38780,38305,1528,39833,541
2021-09-22,Modoc,049,8938,476,458,165,623,5
2021-09-22,Mono,051,14174,1529,1496,19,1515,3
2021-09-22,Monterey,053,433212,47522,46615,2605,49220,566
2021-09-22,Napa,055,140530,12374,12248,89,12337,95
2021-09-22,Nevada,057,99092,8411,8273,285,8558,84
2021-09-22,Orange,059,3164182,297605,294214,14133,308347,5366
2021-09-22,Placer,061,380077,34301,33661,3229,36890,367
2021-09-22,Plumas,063,18699,1285,1230,24,1254,6
2021-09-22,Riverside,065,2383286,348480,342946,15958,358904,4830
2021-09-22,Sacramento,067,1510023,148781,147533,3837,151370,2043
2021-09-22,San Benito,069,59416,6997,6961,145,7106,67
2021-09-22,San Bernardino,071,2135413,341062,337938,10621,348559,5528
2021-09-22,San Diego,073,3302833,355085,351132,20891,372023,4027
2021-09-22,San Francisco,075,870044,50457,49734,2166,51900,610
2021-09-22,San Joaquin,077,732212,94421,93010,5047,98057,1626
2021-09-22,San Luis Obispo,079,281455,27984,27398,1112,28510,315
2021-09-22,San Mateo,081,765935,52115,51197,789,51986,568
2021-09-22,Santa Barbara,083,443738,42213,41678,1484,43162,504
2021-09-22,Santa Clara,085,1922200,141302,139803,1117,140920,1844
2021-09-22,Santa Cruz,087,273765,19457,19177,977,20154,214
2021-09-22,Shasta,089,179085,18737,18153,3092,21245,260
2021-09-22,Sierra,091,2930,133,127,13,140,0
2021-09-22,Siskiyou,093,43540,3085,2947,1092,4039,41
2021-09-22,Solano,095,438530,44104,43269,1150,44419,312
2021-09-22,Sonoma,097,501317,39395,39063,491,39554,369
2021-09-22,Stanislaus,099,539301,72809,72355,8229,80584,1091
2021-09-22,Sutter,101,95872,13057,12960,260,13220,153
2021-09-22,Tehama,103,63373,7399,7173,1216,8389,86
2021-09-22,Trinity,105,12862,745,572,201,773,9
2021-09-22,Tulare,107,460477,62452,60776,12881,73657,896
2021-09-22,Tuolumne,109,53932,6271,6155,71,6226,89
2021-09-22,Ventura,111,848112,94879,93978,4147,98125,1122
2021-09-22,Yolo,113,214977,18641,18342,955,19297,239
2021-09-22,Yuba,115,75493,9299,9169,210,9379,61
2021-09-21,Alameda,001,1643700,114694,113765,2629,116394,1321
2021-09-21,Alpine,003,1148,99,100,0,100,0
2021-09-21,Amador,005,37829,5028,4897,52,4949,59
2021-09-21,Butte,007,227075,18809,18229,3332,21561,232
2021-09-21,Calaveras,009,45235,3522,3437,39,3476,70
2021-09-21,Colusa,011,21464,2403,2378,548,2926,16
2021-09-21,Contra Costa,013,1133247,95000,94101,1952,96053,924
2021-09-21,Del Norte,015,27424,3504,3378,30,3408,34
2021-09-21,El Dorado,017,186661,14857,14578,1527,16105,127
2021-09-21,Fresno,019,978130,128133,125789,11630,137419,1892
2021-09-21,Glenn,021,27897,3223,3134,927,4061,25
2021-09-21,Humboldt,023,135768,8145,7955,405,8360,80
2021-09-21,Imperial,025,180216,31530,31185,3015,34200,755
2021-09-21,Inyo,027,18085,1696,1646,35,1681,39
2021-09-21,Kern,029,883053,117754,115534,18403,133937,1467
2021-09-21,Kings,031,150075,29215,28545,1667,30212,291
2021-09-21,Lake,033,64148,6166,6013,122,6135,90
2021-09-21,Lassen,035,31185,6357,6159,275,6434,25
2021-09-21,Los Angeles,037,10098052,1396612,1383277,52104,1435381,25893
2021-09-21,Madera,039,155013,20823,20317,1680,21997,262
2021-09-21,Marin,041,260295,16939,16748,398,17146,242
2021-09-21,Mariposa,043,17540,946,894,32,926,5
2021-09-21,Mendocino,045,87422,6816,6580,336,6916,68
2021-09-21,Merced,047,269075,38658,38225,1524,39749,539
2021-09-21,Modoc,049,8938,473,458,165,623,5
2021-09-21,Mono,051,14174,1527,1495,18,1513,3
2021-09-21,Monterey,053,433212,47453,46583,2593,49176,565
2021-09-21,Napa,055,140530,12353,12238,89,12327,95
2021-09-21,Nevada,057,99092,8384,8259,276,8535,84
2021-09-21,Orange,059,3164182,297274,293898,14103,308001,5357
2021-09-21,Placer,061,380077,34200,33609,3218,36827,365
2021-09-21,Plumas,063,18699,1278,1225,24,1249,5
2021-09-21,Riverside,065,2383286,347920,342460,15934,358394,4817
2021-09-21,Sacramento,067,1510023,148399,147378,3809,151187,2027
2021-09-21,San Benito,069,59416,6986,6950,144,7094,67
2021-09-21,San Bernardino,071,2135413,340624,337387,10604,347991,5520
2021-09-21,San Diego,073,3302833,354479,350265,20865,371130,4021
2021-09-21,San Francisco,075,870044,50361,49653,2162,51815,609
2021-09-21,San Joaquin,077,732212,94187,92762,5036,97798,1621
2021-09-21,San Luis Obispo,079,281455,27925,27318,1108,28426,314
2021-09-21,San Mateo,081,765935,52046,51136,789,51925,568
2021-09-21,Santa Barbara,083,443738,42144,41644,1480,43124,503
2021-09-21,Santa Clara,085,1922200,141085,139657,1113,140770,1843
2021-09-21,Santa Cruz,087,273765,19427,19140,976,20116,212
2021-09-21,Shasta,089,179085,18609,18027,3068,21095,258
2021-09-21,Sierra,091,2930,133,127,13,140,0
2021-09-21,Siskiyou,093,43540,3071,2927,1078,4005,36
2021-09-21,Solano,095,438530,44028,43220,1150,44370,311
2021-09-21,Sonoma,097,501317,39342,39042,491,39533,369
2021-09-21,Stanislaus,099,539301,72625,72211,8207,80418,1091
2021-09-21,Sutter,101,95872,13034,12930,257,13187,153
2021-09-21,Tehama,103,63373,7353,7151,1212,8363,85
2021-09-21,Trinity,105,12862,734,572,199,771,9
2021-09-21,Tulare,107,460477,62238,60607,12820,73427,896
2021-09-21,Tuolumne,109,53932,6239,6139,71,6210,89
2021-09-21,Ventura,111,848112,94774,93818,4139,97957,1120
2021-09-21,Yolo,113,214977,18605,18313,952,19265,239
2021-09-21,Yuba,115,75493,9271,9135,210,9345,61
2021-09-20,Alameda,001,1643700,114512,113637,2625,116262,1320
2021-09-20,Alpine,003,1148,99,100,0,100,0
2021-09-20,Amador,005,37829,5010,4883,51,4934,59
2021-09-20,Butte,007,227075,18727,18135,3316,21451,231
2021-09-20,Calaveras,009,45235,3500,3395,38,3433,66
2021-09-20,Colusa,011,21464,2401,2376,545,2921,16
2021-09-20,Contra Costa,013,1133247,94850,93919,1946,95865,924
2021-09-20,Del Norte,015,27424,3496,3374,29,3403,34
2021-09-20,El Dorado,017,186661,14824,14545,1515,16060,127
2021-09-20,Fresno,019,978130,127720,125287,11602,136889,1889
2021-09-20,Glenn,021,27897,3212,3112,924,4036,25
2021-09-20,Humboldt,023,135768,8109,7938,400,8338,80
2021-09-20,Imperial,025,180216,31447,31146,3014,34160,755
2021-09-20,Inyo,027,18085,1688,1641,34,1675,39
2021-09-20,Kern,029,883053,117415,115271,18271,133542,1459
2021-09-20,Kings,031,150075,29128,28471,1661,30132,285
2021-09-20,Lake,033,64148,6151,5984,121,6105,87
2021-09-20,Lassen,035,31185,6327,6132,275,6407,25
2021-09-20,Los Angeles,037,10098052,1395090,1382206,52024,1434230,25858
2021-09-20,Madera,039,155013,20770,20203,1673,21876,257
2021-09-20,Marin,041,260295,16914,16732,396,17128,242
2021-09-20,Mariposa,043,17540,935,887,32,919,5
2021-09-20,Mendocino,045,87422,6782,6568,330,6898,67
2021-09-20,Merced,047,269075,38547,38144,1513,39657,536
2021-09-20,Modoc,049,8938,472,457,163,620,5
2021-09-20,Mono,051,14174,1521,1480,18,1498,3
2021-09-20,Monterey,053,433212,47411,46506,2575,49081,565
2021-09-20,Napa,055,140530,12328,12209,88,12297,95
2021-09-20,Nevada,057,99092,8364,8228,274,8502,84
2021-09-20,Orange,059,3164182,296931,293642,14076,307718,5354
2021-09-20,Placer,061,380077,34110,33531,3203,36734,364
2021-09-20,Plumas,063,18699,1273,1211,24,1235,5
2021-09-20,Riverside,065,2383286,347420,341961,15921,357882,4802
2021-09-20,Sacramento,067,1510023,148026,147016,3775,150791,2016
2021-09-20,San Benito,069,59416,6977,6947,143,7090,67
2021-09-20,San Bernardino,071,2135413,340227,337059,10588,347647,5507
2021-09-20,San Diego,073,3302833,353807,349579,20828,370407,4009
2021-09-20,San Francisco,075,870044,50254,49559,2161,51720,605
2021-09-20,San Joaquin,077,732212,93943,92614,5023,97637,1615
2021-09-20,San Luis Obispo,079,281455,27849,27259,1100,28359,313
2021-09-20,San Mateo,081,765935,51959,51100,786,51886,567
2021-09-20,Santa Barbara,083,443738,42045,41589,1476,43065,500
2021-09-20,Santa Clara,085,1922200,140885,139578,1111,140689,1841
2021-09-20,Santa Cruz,087,273765,19395,19121,976,20097,211
2021-09-20,Shasta,089,179085,18510,17893,3037,20930,258
2021-09-20,Sierra,091,2930,131,126,13,139,0
2021-09-20,Siskiyou,093,43540,3049,2902,1065,3967,35
2021-09-20,Solano,095,438530,43960,43152,1142,44294,312
2021-09-20,Sonoma,097,501317,39296,38991,491,39482,369
2021-09-20,Stanislaus,099,539301,72426,72031,8188,80219,1091
2021-09-20,Sutter,101,95872,12998,12896,252,13148,153
2021-09-20,Tehama,103,63373,7321,7121,1200,8321,84
2021-09-20,Trinity,105,12862,728,568,198,766,7
2021-09-20,Tulare,107,460477,62036,60302,12765,73067,896
2021-09-20,Tuolumne,109,53932,6213,6113,71,6184,89
2021-09-20,Ventura,111,848112,94661,93700,4132,97832,1120
2021-09-20,Yolo,113,214977,18559,18287,950,19237,239
2021-09-20,Yuba,115,75493,9236,9107,208,9315,61
2021-09-19,Alameda,001,1643700,114297,113446,2620,116066,1320
2021-09-19,Alpine,003,1148,99,100,0,100,0
2021-09-19,Amador,005,37829,4970,4875,50,4925,59
2021-09-19,Butte,007,227075,18634,18063,3289,21352,230
2021-09-19,Calaveras,009,45235,3476,3390,35,3425,66
2021-09-19,Colusa,011,21464,2399,2375,543,2918,16
2021-09-19,Contra Costa,013,1133247,94665,93788,1936,95724,924
2021-09-19,Del Norte,015,27424,3470,3344,28,3372,34
2021-09-19,El Dorado,017,186661,14771,14512,1509,16021,127
2021-09-19,Fresno,019,978130,127314,124985,11557,136542,1888
2021-09-19,Glenn,021,27897,3203,3102,921,4023,25
2021-09-19,Humboldt,023,135768,8064,7914,398,8312,80
2021-09-19,Imperial,025,180216,31378,31122,3011,34133,755
2021-09-19,Inyo,027,18085,1679,1639,34,1673,39
2021-09-19,Kern,029,883053,117103,115074,18165,133239,1459
2021-09-19,Kings,031,150075,29000,28416,1652,30068,284
2021-09-19,Lake,033,64148,6120,5962,121,6083,87
2021-09-19,Lassen,035,31185,6307,6129,269,6398,25
2021-09-19,Los Angeles,037,10098052,1393115,1381200,51927,1433127,25852
2021-09-19,Madera,039,155013,20691,20161,1662,21823,257
2021-09-19,Marin,041,260295,16885,16711,394,17105,242
2021-09-19,Mariposa,043,17540,927,881,32,913,5
2021-09-19,Mendocino,045,87422,6737,6538,324,6862,67
2021-09-19,Merced,047,269075,38390,38068,1504,39572,535
2021-09-19,Modoc,049,8938,469,457,161,618,5
2021-09-19,Mono,051,14174,1516,1480,18,1498,3
2021-09-19,Monterey,053,433212,47356,46486,2572,49058,565
2021-09-19,Napa,055,140530,12307,12190,86,12276,95
2021-09-19,Nevada,057,99092,8336,8203,272,8475,84
2021-09-19,Orange,059,3164182,296563,293258,14054,307312,5354
2021-09-19,Placer,061,380077,33997,33406,3185,36591,364
2021-09-19,Plumas,063,18699,1265,1211,24,1235,5
2021-09-19,Riverside,065,2383286,346827,341566,15912,357478,4804
2021-09-19,Sacramento,067,1510023,147666,146603,3729,150332,2012
2021-09-19,San Benito,069,59416,6958,6942,143,7085,67
2021-09-19,San Bernardino,071,2135413,339737,336688,10577,347265,5506
2021-09-19,San Diego,073,3302833,353104,349225,20791,370016,4006
2021-09-19,San Francisco,075,870044,50146,49458,2152,51610,605
2021-09-19,San Joaquin,077,732212,93646,92467,5012,97479,1615
2021-09-19,San Luis Obispo,079,281455,27748,27208,1091,28299,313
2021-09-19,San Mateo,081,765935,51861,51028,785,51813,567
2021-09-19,Santa Barbara,083,443738,41939,41512,1476,42988,500
2021-09-19,Santa Clara,085,1922200,140698,139410,1106,140516,1841
2021-09-19,Santa Cruz,087,273765,19356,19096,976,20072,211
2021-09-19,Shasta,089,179085,18396,17813,3002,20815,258
2021-09-19,Sierra,091,2930,130,126,13,139,0
2021-09-19,Siskiyou,093,43540,3023,2882,1056,3938,35
2021-09-19,Solano,095,438530,43871,43056,1137,44193,312
2021-09-19,Sonoma,097,501317,39224,38956,487,39443,369
2021-09-19,Stanislaus,099,539301,72182,71830,8163,79993,1091
2021-09-19,Sutter,101,95872,12971,12868,245,13113,153
2021-09-19,Tehama,103,63373,7267,7081,1191,8272,84
2021-09-19,Trinity,105,12862,717,562,196,758,7
2021-09-19,Tulare,107,460477,61775,60160,12670,72830,896
2021-09-19,Tuolumne,109,53932,6171,6097,71,6168,89
2021-09-19,Ventura,111,848112,94499,93491,4123,97614,1120
2021-09-19,Yolo,113,214977,18510,18238,944,19182,239
2021-09-19,Yuba,115,75493,9210,9087,207,9294,61
2021-09-18,Alameda,001,1643700,114196,113300,2619,115919,1320
2021-09-18,Alpine,003,1148,99,100,0,100,0
2021-09-18,Amador,005,37829,4960,4850,50,4900,59
2021-09-18,Butte,007,227075,18597,17961,3275,21236,230
2021-09-18,Calaveras,009,45235,3471,3361,34,3395,66
2021-09-18,Colusa,011,21464,2399,2373,542,2915,16
2021-09-18,Contra Costa,013,1133247,94575,93656,1932,95588,924
2021-09-18,Del Norte,015,27424,3462,3326,26,3352,34
2021-09-18,El Dorado,017,186661,14748,14472,1506,15978,127
2021-09-18,Fresno,019,978130,127172,124771,11539,136310,1889
2021-09-18,Glenn,021,27897,3194,3086,918,4004,25
2021-09-18,Humboldt,023,135768,8050,7881,397,8278,80
2021-09-18,Imperial,025,180216,31354,31096,3010,34106,755
2021-09-18,Inyo,027,18085,1673,1636,34,1670,39
2021-09-18,Kern,029,883053,116948,114781,18101,132882,1459
2021-09-18,Kings,031,150075,28952,28330,1647,29977,285
2021-09-18,Lake,033,64148,6103,5936,121,6057,87
2021-09-18,Lassen,035,31185,6297,6121,267,6388,25
2021-09-18,Los Angeles,037,10098052,1392356,1379880,51876,1431756,25849
2021-09-18,Madera,039,155013,20647,20126,1652,21778,257
2021-09-18,Marin,041,260295,16868,16685,393,17078,242
2021-09-18,Mariposa,043,17540,924,871,32,903,5
2021-09-18,Mendocino,045,87422,6716,6523,324,6847,67
2021-09-18,Merced,047,269075,38353,37977,1498,39475,535
2021-09-18,Modoc,049,8938,469,457,160,617,5
2021-09-18,Mono,051,14174,1513,1480,18,1498,3
2021-09-18,Monterey,053,433212,47318,46466,2569,49035,565
2021-09-18,Napa,055,140530,12295,12168,86,12254,95
2021-09-18,Nevada,057,99092,8319,8183,272,8455,84
2021-09-18,Orange,059,3164182,296369,293005,14040,307045,5354
2021-09-18,Placer,061,380077,33925,33309,3182,36491,364
2021-09-18,Plumas,063,18699,1264,1204,24,1228,5
2021-09-18,Riverside,065,2383286,346443,341136,15897,357033,4802
2021-09-18,Sacramento,067,1510023,147484,146162,3720,149882,2016
2021-09-18,San Benito,069,59416,6954,6937,143,7080,67
2021-09-18,San Bernardino,071,2135413,339463,336380,10564,346944,5501
2021-09-18,San Diego,073,3302833,352713,348848,20778,369626,4006
2021-09-18,San Francisco,075,870044,50083,49359,2147,51506,605
2021-09-18,San Joaquin,077,732212,93536,92242,5000,97242,1615
2021-09-18,San Luis Obispo,079,281455,27711,27181,1088,28269,313
2021-09-18,San Mateo,081,765935,51810,50961,783,51744,567
2021-09-18,Santa Barbara,083,443738,41874,41465,1476,42941,500
2021-09-18,Santa Clara,085,1922200,140578,139233,1103,140336,1841
2021-09-18,Santa Cruz,087,273765,19336,19079,976,20055,211
2021-09-18,Shasta,089,179085,18333,17777,2986,20763,258
2021-09-18,Sierra,091,2930,129,125,13,138,0
2021-09-18,Siskiyou,093,43540,3020,2875,1050,3925,35
2021-09-18,Solano,095,438530,43831,42966,1134,44100,312
2021-09-18,Sonoma,097,501317,39189,38891,485,39376,369
2021-09-18,Stanislaus,099,539301,72037,71587,8138,79725,1091
2021-09-18,Sutter,101,95872,12957,12829,245,13074,153
2021-09-18,Tehama,103,63373,7253,7055,1184,8239,84
2021-09-18,Trinity,105,12862,715,561,196,757,7
2021-09-18,Tulare,107,460477,61699,60003,12618,72621,896
2021-09-18,Tuolumne,109,53932,6156,6069,71,6140,89
2021-09-18,Ventura,111,848112,94431,93424,4118,97542,1120
2021-09-18,Yolo,113,214977,18483,18213,939,19152,239
2021-09-18,Yuba,115,75493,9196,9061,206,9267,61
2021-09-17,Alameda,001,1643700,114070,113070,2617,115687,1320
2021-09-17,Alpine,003,1148,99,99,0,99,0
2021-09-17,Amador,005,37829,4944,4835,49,4884,58
2021-09-17,Butte,007,227075,18545,17870,3266,21136,230
2021-09-17,Calaveras,009,45235,3459,3338,33,3371,66
2021-09-17,Colusa,011,21464,2398,2369,537,2906,16
2021-09-17,Contra Costa,013,1133247,94472,93485,1929,95414,924
2021-09-17,Del Norte,015,27424,3457,3311,24,3335,34
2021-09-17,El Dorado,017,186661,14729,14421,1504,15925,127
2021-09-17,Fresno,019,978130,126953,124296,11523,135819,1882
2021-09-17,Glenn,021,27897,3177,3072,914,3986,25
2021-09-17,Humboldt,023,135768,8029,7850,397,8247,80
2021-09-17,Imperial,025,180216,31328,31031,3009,34040,755
2021-09-17,Inyo,027,18085,1665,1634,34,1668,39
2021-09-17,Kern,029,883053,116757,114303,18004,132307,1456
2021-09-17,Kings,031,150075,28887,28240,1645,29885,281
2021-09-17,Lake,033,64148,6090,5915,121,6036,87
2021-09-17,Lassen,035,31185,6282,6080,265,6345,25
2021-09-17,Los Angeles,037,10098052,1391379,1377905,51809,1429714,25820
2021-09-17,Madera,039,155013,20596,20040,1640,21680,257
2021-09-17,Marin,041,260295,16855,16658,391,17049,242
2021-09-17,Mariposa,043,17540,922,869,32,901,5
2021-09-17,Mendocino,045,87422,6697,6498,324,6822,67
2021-09-17,Merced,047,269075,38306,37803,1496,39299,533
2021-09-17,Modoc,049,8938,469,456,160,616,5
2021-09-17,Mono,051,14174,1509,1457,18,1475,3
2021-09-17,Monterey,053,433212,47295,46421,2568,48989,564
2021-09-17,Napa,055,140530,12274,12153,86,12239,95
2021-09-17,Nevada,057,99092,8304,8157,272,8429,84
2021-09-17,Orange,059,3164182,296150,292685,14022,306707,5346
2021-09-17,Placer,061,380077,33865,33188,3172,36360,362
2021-09-17,Plumas,063,18699,1255,1192,23,1215,5
2021-09-17,Riverside,065,2383286,346043,340445,15886,356331,4792
2021-09-17,Sacramento,067,1510023,147285,145985,3709,149694,1999
2021-09-17,San Benito,069,59416,6951,6929,143,7072,67
2021-09-17,San Bernardino,071,2135413,339107,335810,10557,346367,5488
2021-09-17,San Diego,073,3302833,352289,348098,20761,368859,4002
2021-09-17,San Francisco,075,870044,50031,49249,2142,51391,605
2021-09-17,San Joaquin,077,732212,93398,91977,4989,96966,1610
2021-09-17,San Luis Obispo,079,281455,27677,27102,1077,28179,311
2021-09-17,San Mateo,081,765935,51757,50854,782,51636,564
2021-09-17,Santa Barbara,083,443738,41811,41354,1475,42829,498
2021-09-17,Santa Clara,085,1922200,140429,138939,1101,140040,1838
2021-09-17,Santa Cruz,087,273765,19312,19039,976,20015,211
2021-09-17,Shasta,089,179085,18263,17617,2973,20590,254
2021-09-17,Sierra,091,2930,129,124,13,137,0
2021-09-17,Siskiyou,093,43540,3005,2852,1050,3902,35
2021-09-17,Solano,095,438530,43768,42898,1130,44028,312
2021-09-17,Sonoma,097,501317,39152,38808,484,39292,369
2021-09-17,Stanislaus,099,539301,71930,71408,8120,79528,1091
2021-09-17,Sutter,101,95872,12941,12799,242,13041,153
2021-09-17,Tehama,103,63373,7230,7020,1172,8192,84
2021-09-17,Trinity,105,12862,710,556,195,751,7
2021-09-17,Tulare,107,460477,61584,59689,12583,72272,895
2021-09-17,Tuolumne,109,53932,6137,6047,71,6118,89
2021-09-17,Ventura,111,848112,94319,93273,4116,97389,1116
2021-09-17,Yolo,113,214977,18452,18177,935,19112,239
2021-09-17,Yuba,115,75493,9169,9019,205,9224,61
2021-09-16,Alameda,001,1643700,113892,112770,2613,115383,1318
2021-09-16,Alpine,003,1148,99,99,0,99,0
2021-09-16,Amador,005,37829,4924,4819,49,4868,58
2021-09-16,Butte,007,227075,18470,17750,3250,21000,230
2021-09-16,Calaveras,009,45235,3428,3313,33,3346,66
2021-09-16,Colusa,011,21464,2396,2363,535,2898,16
2021-09-16,Contra Costa,013,1133247,94300,93213,1921,95134,917
2021-09-16,Del Norte,015,27424,3439,3285,24,3309,34
2021-09-16,El Dorado,017,186661,14688,14372,1496,15868,127
2021-09-16,Fresno,019,978130,126596,123853,11480,135333,1868
2021-09-16,Glenn,021,27897,3167,3068,912,3980,24
2021-09-16,Humboldt,023,135768,7995,7809,389,8198,80
2021-09-16,Imperial,025,180216,31285,30966,3001,33967,753
2021-09-16,Inyo,027,18085,1663,1623,34,1657,39
2021-09-16,Kern,029,883053,116486,113828,17936,131764,1448
2021-09-16,Kings,031,150075,28801,28114,1636,29750,280
2021-09-16,Lake,033,64148,6066,5890,118,6008,87
2021-09-16,Lassen,035,31185,6247,6028,260,6288,25
2021-09-16,Los Angeles,037,10098052,1389990,1376277,51744,1428021,25796
2021-09-16,Madera,039,155013,20518,19974,1634,21608,257
2021-09-16,Marin,041,260295,16828,16625,390,17015,242
2021-09-16,Mariposa,043,17540,916,849,32,881,6
2021-09-16,Mendocino,045,87422,6659,6445,313,6758,67
2021-09-16,Merced,047,269075,38199,37675,1493,39168,532
2021-09-16,Modoc,049,8938,467,455,160,615,5
2021-09-16,Mono,051,14174,1503,1449,18,1467,3
2021-09-16,Monterey,053,433212,47241,46342,2562,48904,562
2021-09-16,Napa,055,140530,12249,12115,82,12197,95
2021-09-16,Nevada,057,99092,8277,8121,271,8392,84
2021-09-16,Orange,059,3164182,295804,292183,14002,306185,5340
2021-09-16,Placer,061,380077,33769,33037,3152,36189,354
2021-09-16,Plumas,063,18699,1246,1178,23,1201,5
2021-09-16,Riverside,065,2383286,345512,339770,15872,355642,4786
2021-09-16,Sacramento,067,1510023,146929,145754,3677,149431,1996
2021-09-16,San Benito,069,59416,6939,6913,142,7055,67
2021-09-16,San Bernardino,071,2135413,338679,335129,10550,345679,5474
2021-09-16,San Diego,073,3302833,351675,347472,20722,368194,3994
2021-09-16,San Francisco,075,870044,49945,49133,2133,51266,605
2021-09-16,San Joaquin,077,732212,93160,91650,4945,96595,1608
2021-09-16,San Luis Obispo,079,281455,27604,27044,1073,28117,310
2021-09-16,San Mateo,081,765935,51680,50773,780,51553,564
2021-09-16,Santa Barbara,083,443738,41745,41272,1472,42744,497
2021-09-16,Santa Clara,085,1922200,140275,138685,1097,139782,1835
2021-09-16,Santa Cruz,087,273765,19285,19011,976,19987,211
2021-09-16,Shasta,089,179085,18138,17438,2939,20377,251
2021-09-16,Sierra,091,2930,129,123,13,136,0
2021-09-16,Siskiyou,093,43540,2985,2819,1043,3862,35
2021-09-16,Solano,095,438530,43696,42792,1121,43913,312
2021-09-16,Sonoma,097,501317,39089,38707,483,39190,369
2021-09-16,Stanislaus,099,539301,71697,71105,8103,79208,1091
2021-09-16,Sutter,101,95872,12897,12729,236,12965,152
2021-09-16,Tehama,103,63373,7190,6953,1161,8114,83
2021-09-16,Trinity,105,12862,707,547,194,741,7
2021-09-16,Tulare,107,460477,61362,59459,12508,71967,894
2021-09-16,Tuolumne,109,53932,6117,5999,70,6069,89
2021-09-16,Ventura,111,848112,94179,93087,4112,97199,1110
2021-09-16,Yolo,113,214977,18420,18135,933,19068,239
2021-09-16,Yuba,115,75493,9135,8981,202,9183,61
2021-09-15,Alameda,001,1643700,113726,112498,2606,115104,1317
2021-09-15,Alpine,003,1148,99,99,0,99,0
2021-09-15,Amador,005,37829,4916,4792,49,4841,58
2021-09-15,Butte,007,227075,18371,17664,3232,20896,228
2021-09-15,Calaveras,009,45235,3399,3293,31,3324,66
2021-09-15,Colusa,011,21464,2394,2352,532,2884,16
2021-09-15,Contra Costa,013,1133247,94120,92989,1909,94898,913
2021-09-15,Del Norte,015,27424,3426,3271,22,3293,34
2021-09-15,El Dorado,017,186661,14662,14309,1488,15797,127
2021-09-15,Fresno,019,978130,126217,123370,11422,134792,1867
2021-09-15,Glenn,021,27897,3155,3051,907,3958,20
2021-09-15,Humboldt,023,135768,7960,7754,384,8138,52
2021-09-15,Imperial,025,180216,31230,30891,2996,33887,753
2021-09-15,Inyo,027,18085,1659,1614,34,1648,39
2021-09-15,Kern,029,883053,116139,113546,17837,131383,1434
2021-09-15,Kings,031,150075,28722,27991,1627,29618,279
2021-09-15,Lake,033,64148,6034,5852,117,5969,85
2021-09-15,Lassen,035,31185,6187,6018,255,6273,25
2021-09-15,Los Angeles,037,10098052,1388489,1374307,51675,1425982,25767
2021-09-15,Madera,039,155013,20443,19880,1626,21506,257
2021-09-15,Marin,041,260295,16793,16592,385,16977,242
2021-09-15,Mariposa,043,17540,904,843,32,875,5
2021-09-15,Mendocino,045,87422,6629,6399,308,6707,66
2021-09-15,Merced,047,269075,38091,37508,1491,38999,529
2021-09-15,Modoc,049,8938,467,454,160,614,5
2021-09-15,Mono,051,14174,1497,1445,18,1463,3
2021-09-15,Monterey,053,433212,47171,46317,2550,48867,562
2021-09-15,Napa,055,140530,12228,12082,82,12164,95
2021-09-15,Nevada,057,99092,8255,8081,268,8349,84
2021-09-15,Orange,059,3164182,295480,291834,13983,305817,5328
2021-09-15,Placer,061,380077,33657,32860,3131,35991,352
2021-09-15,Plumas,063,18699,1241,1164,22,1186,5
2021-09-15,Riverside,065,2383286,344929,339077,15848,354925,4769
2021-09-15,Sacramento,067,1510023,146502,145202,3646,148848,1981
2021-09-15,San Benito,069,59416,6936,6902,142,7044,67
2021-09-15,San Bernardino,071,2135413,338215,334556,10536,345092,5470
2021-09-15,San Diego,073,3302833,351056,346933,20694,367627,3983
2021-09-15,San Francisco,075,870044,49834,48999,2128,51127,605
2021-09-15,San Joaquin,077,732212,92884,91322,4903,96225,1607
2021-09-15,San Luis Obispo,079,281455,27521,26943,1067,28010,306
2021-09-15,San Mateo,081,765935,51598,50691,777,51468,564
2021-09-15,Santa Barbara,083,443738,41641,41077,1467,42544,497
2021-09-15,Santa Clara,085,1922200,140101,138410,1092,139502,1833
2021-09-15,Santa Cruz,087,273765,19247,18984,974,19958,210
2021-09-15,Shasta,089,179085,18027,17317,2918,20235,250
2021-09-15,Sierra,091,2930,129,123,13,136,0
2021-09-15,Siskiyou,093,43540,2965,2804,1013,3817,35
2021-09-15,Solano,095,438530,43624,42682,1116,43798,312
2021-09-15,Sonoma,097,501317,39031,38629,482,39111,369
2021-09-15,Stanislaus,099,539301,71473,70852,8081,78933,1091
2021-09-15,Sutter,101,95872,12864,12699,231,12930,151
2021-09-15,Tehama,103,63373,7149,6894,1152,8046,79
2021-09-15,Trinity,105,12862,705,541,192,733,7
2021-09-15,Tulare,107,460477,61103,59149,12447,71596,890
2021-09-15,Tuolumne,109,53932,6091,5969,70,6039,89
2021-09-15,Ventura,111,848112,94036,92960,4105,97065,1109
2021-09-15,Yolo,113,214977,18386,18064,926,18990,239
2021-09-15,Yuba,115,75493,9101,8953,202,9155,61
2021-09-14,Alameda,001,1643700,113519,112329,2601,114930,1316
2021-09-14,Alpine,003,1148,99,98,0,98,0
2021-09-14,Amador,005,37829,4896,4790,49,4839,57
2021-09-14,Butte,007,227075,18236,17516,3209,20725,226
2021-09-14,Calaveras,009,45235,3379,3280,28,3308,66
2021-09-14,Colusa,011,21464,2390,2344,528,2872,16
2021-09-14,Contra Costa,013,1133247,93922,92822,1901,94723,908
2021-09-14,Del Norte,015,27424,3410,3252,21,3273,32
2021-09-14,El Dorado,017,186661,14609,14247,1480,15727,123
2021-09-14,Fresno,019,978130,125742,123151,11369,134520,1856
2021-09-14,Glenn,021,27897,3138,3045,903,3948,20
2021-09-14,Humboldt,023,135768,7926,7717,379,8096,52
2021-09-14,Imperial,025,180216,31181,30845,2993,33838,752
2021-09-14,Inyo,027,18085,1650,1605,33,1638,39
2021-09-14,Kern,029,883053,115756,113250,17711,130961,1428
2021-09-14,Kings,031,150075,28646,27955,1619,29574,278
2021-09-14,Lake,033,64148,6002,5845,117,5962,83
2021-09-14,Lassen,035,31185,6173,5977,250,6227,25
2021-09-14,Los Angeles,037,10098052,1386651,1372831,51593,1424424,25729
2021-09-14,Madera,039,155013,20361,19800,1615,21415,254
2021-09-14,Marin,041,260295,16765,16584,383,16967,242
2021-09-14,Mariposa,043,17540,893,834,31,865,5
2021-09-14,Mendocino,045,87422,6593,6372,296,6668,65
2021-09-14,Merced,047,269075,37941,37430,1487,38917,526
2021-09-14,Modoc,049,8938,466,453,160,613,5
2021-09-14,Mono,051,14174,1493,1440,18,1458,4
2021-09-14,Monterey,053,433212,47130,46224,2538,48762,558
2021-09-14,Napa,055,140530,12195,12070,81,12151,91
2021-09-14,Nevada,057,99092,8221,8056,268,8324,83
2021-09-14,Orange,059,3164182,295087,291423,13959,305382,5319
2021-09-14,Placer,061,380077,33525,32735,3111,35846,350
2021-09-14,Plumas,063,18699,1226,1148,22,1170,5
2021-09-14,Riverside,065,2383286,344288,338534,15817,354351,4748
2021-09-14,Sacramento,067,1510023,146117,145051,3598,148649,1977
2021-09-14,San Benito,069,59416,6926,6887,142,7029,64
2021-09-14,San Bernardino,071,2135413,337718,333968,10511,344479,5465
2021-09-14,San Diego,073,3302833,350396,346204,20643,366847,3966
2021-09-14,San Francisco,075,870044,49700,48998,2126,51124,603
2021-09-14,San Joaquin,077,732212,92645,91128,4893,96021,1596
2021-09-14,San Luis Obispo,079,281455,27448,26845,1062,27907,304
2021-09-14,San Mateo,081,765935,51500,50602,774,51376,564
2021-09-14,Santa Barbara,083,443738,41545,40783,1458,42241,495
2021-09-14,Santa Clara,085,1922200,139866,138321,1089,139410,1828
2021-09-14,Santa Cruz,087,273765,19207,18965,972,19937,210
2021-09-14,Shasta,089,179085,17896,17152,2897,20049,246
2021-09-14,Sierra,091,2930,129,123,13,136,0
2021-09-14,Siskiyou,093,43540,2941,2756,996,3752,35
2021-09-14,Solano,095,438530,43541,42599,1113,43712,307
2021-09-14,Sonoma,097,501317,38962,38595,478,39073,369
2021-09-14,Stanislaus,099,539301,71214,70697,8053,78750,1091
2021-09-14,Sutter,101,95872,12822,12670,224,12894,149
2021-09-14,Tehama,103,63373,7095,6859,1144,8003,80
2021-09-14,Trinity,105,12862,699,538,191,729,7
2021-09-14,Tulare,107,460477,60850,58961,12375,71336,888
2021-09-14,Tuolumne,109,53932,6070,5951,68,6019,89
2021-09-14,Ventura,111,848112,93851,92841,4088,96929,1107
2021-09-14,Yolo,113,214977,18342,18039,921,18960,239
2021-09-14,Yuba,115,75493,9065,8928,202,9130,61
2021-09-13,Alameda,001,1643700,113303,112159,2596,114755,1309
2021-09-13,Alpine,003,1148,98,98,0,98,0
2021-09-13,Amador,005,37829,4878,4761,49,4810,56
2021-09-13,Butte,007,227075,18111,17393,3182,20575,225
2021-09-13,Calaveras,009,45235,3353,3253,27,3280,65
2021-09-13,Colusa,011,21464,2381,2346,524,2870,16
2021-09-13,Contra Costa,013,1133247,93676,92658,1896,94554,908
2021-09-13,Del Norte,015,27424,3374,3232,21,3253,28
2021-09-13,El Dorado,017,186661,14548,14194,1471,15665,119
2021-09-13,Fresno,019,978130,125275,122650,11303,133953,1853
2021-09-13,Glenn,021,27897,3124,3026,897,3923,20
2021-09-13,Humboldt,023,135768,7894,7659,376,8035,52
2021-09-13,Imperial,025,180216,31128,30802,2990,33792,751
2021-09-13,Inyo,027,18085,1643,1602,33,1635,39
2021-09-13,Kern,029,883053,115373,112930,17589,130519,1424
2021-09-13,Kings,031,150075,28536,27858,1607,29465,275
2021-09-13,Lake,033,64148,5980,5809,117,5926,82
2021-09-13,Lassen,035,31185,6138,5953,249,6202,25
2021-09-13,Los Angeles,037,10098052,1384787,1371423,51525,1422948,25703
2021-09-13,Madera,039,155013,20291,19735,1600,21335,252
2021-09-13,Marin,041,260295,16729,16557,382,16939,242
2021-09-13,Mariposa,043,17540,879,825,31,856,5
2021-09-13,Mendocino,045,87422,6558,6323,287,6610,61
2021-09-13,Merced,047,269075,37790,37291,1482,38773,521
2021-09-13,Modoc,049,8938,465,451,160,611,5
2021-09-13,Mono,051,14174,1487,1435,18,1453,3
2021-09-13,Monterey,053,433212,47039,46188,2525,48713,558
2021-09-13,Napa,055,140530,12177,12039,81,12120,91
2021-09-13,Nevada,057,99092,8195,8021,266,8287,83
2021-09-13,Orange,059,3164182,294655,291128,13938,305066,5312
2021-09-13,Placer,061,380077,33360,32617,3094,35711,343
2021-09-13,Plumas,063,18699,1217,1142,22,1164,5
2021-09-13,Riverside,065,2383286,343643,337876,15799,353675,4731
2021-09-13,Sacramento,067,1510023,145630,144537,3564,148101,1956
2021-09-13,San Benito,069,59416,6911,6867,141,7008,64
2021-09-13,San Bernardino,071,2135413,337227,333613,10486,344099,5441
2021-09-13,San Diego,073,3302833,349609,345647,20591,366238,3961
2021-09-13,San Francisco,075,870044,49571,48914,2120,51034,603
2021-09-13,San Joaquin,077,732212,92360,90966,4875,95841,1581
2021-09-13,San Luis Obispo,079,281455,27351,26805,1059,27864,300
2021-09-13,San Mateo,081,765935,51410,50525,769,51294,564
2021-09-13,Santa Barbara,083,443738,41426,40661,1451,42112,494
2021-09-13,Santa Clara,085,1922200,139620,138152,1084,139236,1820
2021-09-13,Santa Cruz,087,273765,19167,18917,971,19888,210
2021-09-13,Shasta,089,179085,17766,17033,2856,19889,243
2021-09-13,Sierra,091,2930,129,123,13,136,0
2021-09-13,Siskiyou,093,43540,2926,2745,984,3729,35
2021-09-13,Solano,095,438530,43437,42501,1110,43611,306
2021-09-13,Sonoma,097,501317,38895,38513,475,38988,368
2021-09-13,Stanislaus,099,539301,70960,70477,8017,78494,1091
2021-09-13,Sutter,101,95872,12764,12624,220,12844,145
2021-09-13,Tehama,103,63373,7032,6803,1132,7935,79
2021-09-13,Trinity,105,12862,697,533,189,722,7
2021-09-13,Tulare,107,460477,60566,58768,12315,71083,887
2021-09-13,Tuolumne,109,53932,6039,5909,68,5977,89
2021-09-13,Ventura,111,848112,93689,92679,4080,96759,1107
2021-09-13,Yolo,113,214977,18297,17974,915,18889,239
2021-09-13,Yuba,115,75493,9020,8884,201,9085,61
2021-09-12,Alameda,001,1643700,113040,111961,2593,114554,1309
2021-09-12,Alpine,003,1148,98,98,0,98,0
2021-09-12,Amador,005,37829,4857,4752,49,4801,56
2021-09-12,Butte,007,227075,17966,17257,3138,20395,221
2021-09-12,Calaveras,009,45235,3322,3236,23,3259,65
2021-09-12,Colusa,011,21464,2378,2344,523,2867,16
2021-09-12,Contra Costa,013,1133247,93408,92498,1884,94382,908
2021-09-12,Del Norte,015,27424,3339,3200,21,3221,28
2021-09-12,El Dorado,017,186661,14475,14167,1455,15622,119
2021-09-12,Fresno,019,978130,124755,122407,11246,133653,1853
2021-09-12,Glenn,021,27897,3107,3016,892,3908,20
2021-09-12,Humboldt,023,135768,7824,7636,365,8001,52
2021-09-12,Imperial,025,180216,31065,30790,2985,33775,751
2021-09-12,Inyo,027,18085,1633,1596,31,1627,39
2021-09-12,Kern,029,883053,114961,112602,17430,130032,1424
2021-09-12,Kings,031,150075,28425,27764,1590,29354,274
2021-09-12,Lake,033,64148,5940,5781,115,5896,82
2021-09-12,Lassen,035,31185,6101,5943,239,6182,25
2021-09-12,Los Angeles,037,10098052,1382731,1365968,51450,1417418,25630
2021-09-12,Madera,039,155013,20204,19691,1587,21278,252
2021-09-12,Marin,041,260295,16706,16526,382,16908,242
2021-09-12,Mariposa,043,17540,868,811,29,840,5
2021-09-12,Mendocino,045,87422,6518,6283,278,6561,61
2021-09-12,Merced,047,269075,37618,37172,1471,38643,521
2021-09-12,Modoc,049,8938,465,451,159,610,5
2021-09-12,Mono,051,14174,1480,1431,18,1449,3
2021-09-12,Monterey,053,433212,46940,46167,2515,48682,558
2021-09-12,Napa,055,140530,12147,12011,81,12092,91
2021-09-12,Nevada,057,99092,8155,7987,265,8252,83
2021-09-12,Orange,059,3164182,294191,290718,13917,304635,5312
2021-09-12,Placer,061,380077,33211,32520,3070,35590,343
2021-09-12,Plumas,063,18699,1198,1138,22,1160,5
2021-09-12,Riverside,065,2383286,342960,337332,15765,353097,4731
2021-09-12,Sacramento,067,1510023,145124,144030,3524,147554,1959
2021-09-12,San Benito,069,59416,6892,6852,140,6992,64
2021-09-12,San Bernardino,071,2135413,336613,333049,10473,343522,5439
2021-09-12,San Diego,073,3302833,348799,345058,20515,365573,3942
2021-09-12,San Francisco,075,870044,49460,48819,2113,50932,603
2021-09-12,San Joaquin,077,732212,92031,90730,4867,95597,1581
2021-09-12,San Luis Obispo,079,281455,27232,26729,1046,27775,299
2021-09-12,San Mateo,081,765935,51302,50432,765,51197,564
2021-09-12,Santa Barbara,083,443738,41314,40600,1444,42044,494
2021-09-12,Santa Clara,085,1922200,139363,137899,1081,138980,1820
2021-09-12,Santa Cruz,087,273765,19134,18892,970,19862,210
2021-09-12,Shasta,089,179085,17601,16957,2798,19755,243
2021-09-12,Sierra,091,2930,129,123,13,136,0
2021-09-12,Siskiyou,093,43540,2898,2730,969,3699,35
2021-09-12,Solano,095,438530,43331,42409,1105,43514,306
2021-09-12,Sonoma,097,501317,38815,38456,473,38929,368
2021-09-12,Stanislaus,099,539301,70661,70184,7978,78162,1091
2021-09-12,Sutter,101,95872,12722,12589,214,12803,145
2021-09-12,Tehama,103,63373,6968,6732,1120,7852,79
2021-09-12,Trinity,105,12862,693,529,187,716,7
2021-09-12,Tulare,107,460477,60213,58582,12255,70837,887
2021-09-12,Tuolumne,109,53932,6006,5888,68,5956,89
2021-09-12,Ventura,111,848112,93562,92496,4074,96570,1107
2021-09-12,Yolo,113,214977,18231,17943,907,18850,239
2021-09-12,Yuba,115,75493,8985,8842,201,9043,61
2021-09-11,Alameda,001,1643700,112916,111715,2591,114306,1309
2021-09-11,Alpine,003,1148,98,98,0,98,0
2021-09-11,Amador,005,37829,4844,4728,48,4776,56
2021-09-11,Butte,007,227075,17884,17218,3111,20329,221
2021-09-11,Calaveras,009,45235,3314,3208,22,3230,65
2021-09-11,Colusa,011,21464,2377,2338,520,2858,16
2021-09-11,Contra Costa,013,1133247,93289,92269,1879,94148,908
2021-09-11,Del Norte,015,27424,3323,3184,21,3205,28
2021-09-11,El Dorado,017,186661,14456,14117,1449,15566,119
2021-09-11,Fresno,019,978130,124575,122224,11221,133445,1853
2021-09-11,Glenn,021,27897,3097,3007,889,3896,20
2021-09-11,Humboldt,023,135768,7802,7615,362,7977,52
2021-09-11,Imperial,025,180216,31040,30760,2981,33741,751
2021-09-11,Inyo,027,18085,1630,1590,31,1621,39
2021-09-11,Kern,029,883053,114711,112205,17314,129519,1424
2021-09-11,Kings,031,150075,28376,27631,1584,29215,275
2021-09-11,Lake,033,64148,5919,5761,115,5876,82
2021-09-11,Lassen,035,31185,6086,5930,235,6165,25
2021-09-11,Los Angeles,037,10098052,1381765,1365831,51385,1417216,25630
2021-09-11,Madera,039,155013,20151,19648,1582,21230,252
2021-09-11,Marin,041,260295,16678,16496,381,16877,242
2021-09-11,Mariposa,043,17540,863,799,29,828,5
2021-09-11,Mendocino,045,87422,6494,6257,278,6535,61
2021-09-11,Merced,047,269075,37564,37042,1468,38510,521
2021-09-11,Modoc,049,8938,465,449,159,608,5
2021-09-11,Mono,051,14174,1474,1431,18,1449,3
2021-09-11,Monterey,053,433212,46903,46140,2512,48652,558
2021-09-11,Napa,055,140530,12124,11991,81,12072,91
2021-09-11,Nevada,057,99092,8140,7967,265,8232,83
2021-09-11,Orange,059,3164182,293889,290429,13900,304329,5306
2021-09-11,Placer,061,380077,33128,32414,3059,35473,344
2021-09-11,Plumas,063,18699,1191,1112,22,1134,5
2021-09-11,Riverside,065,2383286,342522,336585,15751,352336,4731
2021-09-11,Sacramento,067,1510023,144823,143557,3512,147069,1955
2021-09-11,San Benito,069,59416,6879,6844,140,6984,64
2021-09-11,San Bernardino,071,2135413,336271,332512,10459,342971,5430
2021-09-11,San Diego,073,3302833,348315,344355,20491,364846,3942
2021-09-11,San Francisco,075,870044,49405,48660,2108,50768,603
2021-09-11,San Joaquin,077,732212,91886,90482,4860,95342,1581
2021-09-11,San Luis Obispo,079,281455,27186,26651,1045,27696,299
2021-09-11,San Mateo,081,765935,51230,50341,764,51105,564
2021-09-11,Santa Barbara,083,443738,41241,40451,1444,41895,494
2021-09-11,Santa Clara,085,1922200,139211,137659,1078,138737,1820
2021-09-11,Santa Cruz,087,273765,19105,18865,970,19835,210
2021-09-11,Shasta,089,179085,17507,16877,2778,19655,243
2021-09-11,Sierra,091,2930,129,123,13,136,0
2021-09-11,Siskiyou,093,43540,2881,2717,966,3683,35
2021-09-11,Solano,095,438530,43280,42344,1102,43446,306
2021-09-11,Sonoma,097,501317,38768,38399,471,38870,368
2021-09-11,Stanislaus,099,539301,70536,69974,7965,77939,1091
2021-09-11,Sutter,101,95872,12696,12538,211,12749,145
2021-09-11,Tehama,103,63373,6947,6703,1112,7815,79
2021-09-11,Trinity,105,12862,686,526,187,713,7
2021-09-11,Tulare,107,460477,60101,58321,12208,70529,889
2021-09-11,Tuolumne,109,53932,5987,5879,65,5944,89
2021-09-11,Ventura,111,848112,93480,92328,4069,96397,1107
2021-09-11,Yolo,113,214977,18207,17906,902,18808,239
2021-09-11,Yuba,115,75493,8960,8813,201,9014,61
2021-09-10,Alameda,001,1643700,112726,111386,2590,113976,1306
2021-09-10,Alpine,003,1148,97,97,0,97,0
2021-09-10,Amador,005,37829,4832,4706,48,4754,56
2021-09-10,Butte,007,227075,17809,17051,3095,20146,222
2021-09-10,Calaveras,009,45235,3306,3183,22,3205,65
2021-09-10,Colusa,011,21464,2373,2327,517,2844,16
2021-09-10,Contra Costa,013,1133247,93166,92024,1877,93901,908
2021-09-10,Del Norte,015,27424,3308,3128,20,3148,28
2021-09-10,El Dorado,017,186661,14426,14051,1445,15496,119
2021-09-10,Fresno,019,978130,124252,121659,11191,132850,1846
2021-09-10,Glenn,021,27897,3090,2977,888,3865,20
2021-09-10,Humboldt,023,135768,7770,7543,358,7901,52
2021-09-10,Imperial,025,180216,31017,30716,2979,33695,751
2021-09-10,Inyo,027,18085,1626,1590,31,1621,39
2021-09-10,Kern,029,883053,114457,111832,17198,129030,1419
2021-09-10,Kings,031,150075,28302,27473,1575,29048,274
2021-09-10,Lake,033,64148,5903,5713,113,5826,79
2021-09-10,Lassen,035,31185,6078,5914,232,6146,25
2021-09-10,Los Angeles,037,10098052,1380557,1365709,51318,1417027,25630
2021-09-10,Madera,039,155013,20105,19520,1575,21095,252
2021-09-10,Marin,041,260295,16658,16458,378,16836,242
2021-09-10,Mariposa,043,17540,858,795,29,824,5
2021-09-10,Mendocino,045,87422,6462,6184,277,6461,61
2021-09-10,Merced,047,269075,37512,36884,1467,38351,521
2021-09-10,Modoc,049,8938,465,448,159,607,5
2021-09-10,Mono,051,14174,1469,1422,18,1440,3
2021-09-10,Monterey,053,433212,46859,46084,2510,48594,557
2021-09-10,Napa,055,140530,12099,11948,81,12029,90
2021-09-10,Nevada,057,99092,8122,7932,264,8196,83
2021-09-10,Orange,059,3164182,293581,290022,13890,303912,5302
2021-09-10,Placer,061,380077,33026,32264,3046,35310,343
2021-09-10,Plumas,063,18699,1183,1111,22,1133,5
2021-09-10,Riverside,065,2383286,342049,335988,15744,351732,4720
2021-09-10,Sacramento,067,1510023,144480,143244,3504,146748,1950
2021-09-10,San Benito,069,59416,6875,6824,140,6964,64
2021-09-10,San Bernardino,071,2135413,335852,331894,10449,342343,5422
2021-09-10,San Diego,073,3302833,347768,343173,20454,363627,3941
2021-09-10,San Francisco,075,870044,49326,48518,2101,50619,602
2021-09-10,San Joaquin,077,732212,91707,90208,4854,95062,1573
2021-09-10,San Luis Obispo,079,281455,27153,26526,1043,27569,299
2021-09-10,San Mateo,081,765935,51163,50251,763,51014,564
2021-09-10,Santa Barbara,083,443738,41188,40321,1441,41762,492
2021-09-10,Santa Clara,085,1922200,139027,137337,1077,138414,1817
2021-09-10,Santa Cruz,087,273765,19086,18785,969,19754,210
2021-09-10,Shasta,089,179085,17413,16667,2750,19417,242
2021-09-10,Sierra,091,2930,129,117,13,130,0
2021-09-10,Siskiyou,093,43540,2869,2702,962,3664,35
2021-09-10,Solano,095,438530,43206,42230,1095,43325,305
2021-09-10,Sonoma,097,501317,38710,38271,470,38741,368
2021-09-10,Stanislaus,099,539301,70380,69617,7941,77558,1091
2021-09-10,Sutter,101,95872,12662,12468,211,12679,145
2021-09-10,Tehama,103,63373,6914,6652,1106,7758,77
2021-09-10,Trinity,105,12862,682,524,187,711,7
2021-09-10,Tulare,107,460477,59953,57930,12161,70091,883
2021-09-10,Tuolumne,109,53932,5968,5842,64,5906,89
2021-09-10,Ventura,111,848112,93383,92145,4065,96210,1104
2021-09-10,Yolo,113,214977,18182,17825,897,18722,239
2021-09-10,Yuba,115,75493,8941,8760,200,8960,62
2021-09-09,Alameda,001,1643700,112507,111014,2586,113600,1306
2021-09-09,Alpine,003,1148,97,94,0,94,0
2021-09-09,Amador,005,37829,4811,4698,47,4745,56
2021-09-09,Butte,007,227075,17663,16874,3069,19943,221
2021-09-09,Calaveras,009,45235,3272,3165,22,3187,65
2021-09-09,Colusa,011,21464,2366,2321,516,2837,16
2021-09-09,Contra Costa,013,1133247,92956,91687,1872,93559,904
2021-09-09,Del Norte,015,27424,3285,3102,20,3122,28
2021-09-09,El Dorado,017,186661,14369,13970,1435,15405,119
2021-09-09,Fresno,019,978130,123777,121040,11144,132184,1838
2021-09-09,Glenn,021,27897,3078,2947,884,3831,20
2021-09-09,Humboldt,023,135768,7720,7471,352,7823,52
2021-09-09,Imperial,025,180216,30979,30661,2976,33637,751
2021-09-09,Inyo,027,18085,1619,1586,31,1617,39
2021-09-09,Kern,029,883053,114110,111390,17041,128431,1414
2021-09-09,Kings,031,150075,28201,27282,1564,28846,273
2021-09-09,Lake,033,64148,5879,5638,111,5749,79
2021-09-09,Lassen,035,31185,6028,5860,226,6086,25
2021-09-09,Los Angeles,037,10098052,1378692,1363735,51243,1414978,25583
2021-09-09,Madera,039,155013,20032,19401,1562,20963,252
2021-09-09,Marin,041,260295,16635,16416,375,16791,242
2021-09-09,Mariposa,043,17540,845,779,28,807,5
2021-09-09,Mendocino,045,87422,6428,6089,268,6357,61
2021-09-09,Merced,047,269075,37358,36634,1454,38088,516
2021-09-09,Modoc,049,8938,465,448,159,607,5
2021-09-09,Mono,051,14174,1459,1420,18,1438,3
2021-09-09,Monterey,053,433212,46805,45991,2499,48490,556
2021-09-09,Napa,055,140530,12067,11878,81,11959,90
2021-09-09,Nevada,057,99092,8084,7855,264,8119,82
2021-09-09,Orange,059,3164182,293172,289109,13859,302968,5299
2021-09-09,Placer,061,380077,32908,32048,3031,35079,342
2021-09-09,Plumas,063,18699,1172,1098,22,1120,5
2021-09-09,Riverside,065,2383286,341410,334774,15726,350500,4701
2021-09-09,Sacramento,067,1510023,144000,142728,3458,146186,1929
2021-09-09,San Benito,069,59416,6865,6820,139,6959,64
2021-09-09,San Bernardino,071,2135413,335286,331040,10437,341477,5417
2021-09-09,San Diego,073,3302833,347054,342149,20397,362546,3929
2021-09-09,San Francisco,075,870044,49212,48404,2092,50496,597
2021-09-09,San Joaquin,077,732212,91432,89874,4836,94710,1570
2021-09-09,San Luis Obispo,079,281455,27071,26472,1040,27512,296
2021-09-09,San Mateo,081,765935,51041,50143,760,50903,561
2021-09-09,Santa Barbara,083,443738,41082,40180,1437,41617,490
2021-09-09,Santa Clara,085,1922200,138804,137017,1072,138089,1816
2021-09-09,Santa Cruz,087,273765,19040,18728,969,19697,210
2021-09-09,Shasta,089,179085,17267,16401,2708,19109,238
2021-09-09,Sierra,091,2930,129,115,13,128,0
2021-09-09,Siskiyou,093,43540,2846,2683,948,3631,35
2021-09-09,Solano,095,438530,43090,42081,1091,43172,303
2021-09-09,Sonoma,097,501317,38642,38171,469,38640,360
2021-09-09,Stanislaus,099,539301,70101,69178,7908,77086,1074
2021-09-09,Sutter,101,95872,12607,12396,209,12605,144
2021-09-09,Tehama,103,63373,6860,6554,1101,7655,75
2021-09-09,Trinity,105,12862,676,523,185,708,6
2021-09-09,Tulare,107,460477,59711,57564,12101,69665,879
2021-09-09,Tuolumne,109,53932,5940,5802,63,5865,89
2021-09-09,Ventura,111,848112,93238,91610,4056,95666,1098
2021-09-09,Yolo,113,214977,18124,17724,894,18618,239
2021-09-09,Yuba,115,75493,8896,8707,197,8904,55
2021-09-08,Alameda,001,1643700,112260,110781,2583,113364,1305
2021-09-08,Alpine,003,1148,97,94,0,94,0
2021-09-08,Amador,005,37829,4799,4693,47,4740,56
2021-09-08,Butte,007,227075,17529,16775,3051,19826,220
2021-09-08,Calaveras,009,45235,3254,3157,22,3179,63
2021-09-08,Colusa,011,21464,2364,2308,516,2824,16
2021-09-08,Contra Costa,013,1133247,92676,91471,1867,93338,900
2021-09-08,Del Norte,015,27424,3262,3085,20,3105,25
2021-09-08,El Dorado,017,186661,14289,13928,1414,15342,119
2021-09-08,Fresno,019,978130,123279,120644,11079,131723,1831
2021-09-08,Glenn,021,27897,3063,2942,875,3817,20
2021-09-08,Humboldt,023,135768,7676,7438,344,7782,52
2021-09-08,Imperial,025,180216,30946,30609,2963,33572,751
2021-09-08,Inyo,027,18085,1608,1580,31,1611,39
2021-09-08,Kern,029,883053,113712,110933,16901,127834,1409
2021-09-08,Kings,031,150075,28072,27235,1549,28784,267
2021-09-08,Lake,033,64148,5849,5618,109,5727,79
2021-09-08,Lassen,035,31185,6010,5848,219,6067,25
2021-09-08,Los Angeles,037,10098052,1376625,1362029,51154,1413183,25533
2021-09-08,Madera,039,155013,19972,19352,1548,20900,252
2021-09-08,Marin,041,260295,16607,16386,374,16760,242
2021-09-08,Mariposa,043,17540,833,777,27,804,5
2021-09-08,Mendocino,045,87422,6384,6069,259,6328,61
2021-09-08,Merced,047,269075,37197,36500,1442,37942,516
2021-09-08,Modoc,049,8938,465,448,159,607,5
2021-09-08,Mono,051,14174,1453,1418,18,1436,3
2021-09-08,Monterey,053,433212,46756,45959,2493,48452,554
2021-09-08,Napa,055,140530,12032,11842,79,11921,90
2021-09-08,Nevada,057,99092,8049,7843,263,8106,82
2021-09-08,Orange,059,3164182,292763,288511,13835,302346,5290
2021-09-08,Placer,061,380077,32771,31852,3014,34866,337
2021-09-08,Plumas,063,18699,1165,1072,22,1094,5
2021-09-08,Riverside,065,2383286,340651,334037,15701,349738,4683
2021-09-08,Sacramento,067,1510023,143521,142448,3409,145857,1921
2021-09-08,San Benito,069,59416,6847,6800,139,6939,64
2021-09-08,San Bernardino,071,2135413,334683,330279,10421,340700,5411
2021-09-08,San Diego,073,3302833,346138,341437,20346,361783,3926
2021-09-08,San Francisco,075,870044,49074,48263,2088,50351,589
2021-09-08,San Joaquin,077,732212,91153,89631,4812,94443,1561
2021-09-08,San Luis Obispo,079,281455,26977,26303,1035,27338,294
2021-09-08,San Mateo,081,765935,50937,50051,760,50811,561
2021-09-08,Santa Barbara,083,443738,40970,40000,1433,41433,490
2021-09-08,Santa Clara,085,1922200,138571,136836,1068,137904,1810
2021-09-08,Santa Cruz,087,273765,19003,18699,969,19668,210
2021-09-08,Shasta,089,179085,17112,16227,2661,18888,234
2021-09-08,Sierra,091,2930,129,113,13,126,0
2021-09-08,Siskiyou,093,43540,2813,2643,937,3580,35
2021-09-08,Solano,095,438530,42998,41971,1088,43059,302
2021-09-08,Sonoma,097,501317,38558,38075,468,38543,360
2021-09-08,Stanislaus,099,539301,69870,68945,7869,76814,1074
2021-09-08,Sutter,101,95872,12542,12349,206,12555,144
2021-09-08,Tehama,103,63373,6793,6520,1084,7604,75
2021-09-08,Trinity,105,12862,673,520,181,701,6
2021-09-08,Tulare,107,460477,59387,57425,12045,69470,876
2021-09-08,Tuolumne,109,53932,5908,5783,61,5844,89
2021-09-08,Ventura,111,848112,93086,91345,4038,95383,1096
2021-09-08,Yolo,113,214977,18042,17680,889,18569,239
2021-09-08,Yuba,115,75493,8854,8675,195,8870,55
2021-09-07,Alameda,001,1643700,111959,110550,2576,113126,1301
2021-09-07,Alpine,003,1148,96,94,0,94,0
2021-09-07,Amador,005,37829,4772,4679,47,4726,53
2021-09-07,Butte,007,227075,17373,16723,3014,19737,220
2021-09-07,Calaveras,009,45235,3213,3140,20,3160,63
2021-09-07,Colusa,011,21464,2354,2306,514,2820,16
2021-09-07,Contra Costa,013,1133247,92413,91167,1861,93028,891
2021-09-07,Del Norte,015,27424,3248,3081,20,3101,24
2021-09-07,El Dorado,017,186661,14217,13892,1399,15291,119
2021-09-07,Fresno,019,978130,122721,120268,10982,131250,1828
2021-09-07,Glenn,021,27897,3051,2937,869,3806,20
2021-09-07,Humboldt,023,135768,7616,7397,327,7724,52
2021-09-07,Imperial,025,180216,30906,30584,2955,33539,751
2021-09-07,Inyo,027,18085,1602,1579,30,1609,39
2021-09-07,Kern,029,883053,113280,110674,16740,127414,1408
2021-09-07,Kings,031,150075,27948,27169,1531,28700,267
2021-09-07,Lake,033,64148,5806,5597,101,5698,78
2021-09-07,Lassen,035,31185,5992,5842,213,6055,21
2021-09-07,Los Angeles,037,10098052,1374393,1360407,51062,1411469,25486
2021-09-07,Madera,039,155013,19885,19316,1540,20856,249
2021-09-07,Marin,041,260295,16568,16363,374,16737,242
2021-09-07,Mariposa,043,17540,817,771,27,798,5
2021-09-07,Mendocino,045,87422,6324,6036,249,6285,61
2021-09-07,Merced,047,269075,37023,36400,1436,37836,513
2021-09-07,Modoc,049,8938,463,449,159,608,5
2021-09-07,Mono,051,14174,1444,1416,18,1434,3
2021-09-07,Monterey,053,433212,46673,45911,2481,48392,543
2021-09-07,Napa,055,140530,11991,11814,79,11893,90
2021-09-07,Nevada,057,99092,8022,7829,263,8092,82
2021-09-07,Orange,059,3164182,292334,288225,13804,302029,5274
2021-09-07,Placer,061,380077,32618,31710,2986,34696,337
2021-09-07,Plumas,063,18699,1150,1071,22,1093,5
2021-09-07,Riverside,065,2383286,339864,333390,15682,349072,4666
2021-09-07,Sacramento,067,1510023,142981,142364,3363,145727,1905
2021-09-07,San Benito,069,59416,6829,6786,139,6925,64
2021-09-07,San Bernardino,071,2135413,333934,329962,10397,340359,5407
2021-09-07,San Diego,073,3302833,345141,340709,20280,360989,3922
2021-09-07,San Francisco,075,870044,48934,48175,2083,50258,589
2021-09-07,San Joaquin,077,732212,90818,89468,4798,94266,1548
2021-09-07,San Luis Obispo,079,281455,26859,26253,1026,27279,287
2021-09-07,San Mateo,081,765935,50844,49913,759,50672,561
2021-09-07,Santa Barbara,083,443738,40844,39957,1428,41385,489
2021-09-07,Santa Clara,085,1922200,138284,136631,1063,137694,1807
2021-09-07,Santa Cruz,087,273765,18954,18669,967,19636,210
2021-09-07,Shasta,089,179085,16956,16096,2608,18704,226
2021-09-07,Sierra,091,2930,129,111,13,124,0
2021-09-07,Siskiyou,093,43540,2787,2607,920,3527,34
2021-09-07,Solano,095,438530,42868,41862,1084,42946,300
2021-09-07,Sonoma,097,501317,38474,38013,466,38479,358
2021-09-07,Stanislaus,099,539301,69599,68831,7841,76672,1074
2021-09-07,Sutter,101,95872,12468,12310,200,12510,138
2021-09-07,Tehama,103,63373,6741,6482,1064,7546,74
2021-09-07,Trinity,105,12862,667,517,181,698,6
2021-09-07,Tulare,107,460477,59037,57228,11966,69194,874
2021-09-07,Tuolumne,109,53932,5871,5759,61,5820,88
2021-09-07,Ventura,111,848112,92875,91246,4028,95274,1093
2021-09-07,Yolo,113,214977,17973,17653,884,18537,235
2021-09-07,Yuba,115,75493,8811,8642,190,8832,55
2021-09-06,Alameda,001,1643700,111645,110357,2568,112925,1301
2021-09-06,Alpine,003,1148,94,94,0,94,0
2021-09-06,Amador,005,37829,4756,4648,46,4694,53
2021-09-06,Butte,007,227075,17181,16588,2971,19559,218
2021-09-06,Calaveras,009,45235,3191,3122,20,3142,63
2021-09-06,Colusa,011,21464,2347,2306,510,2816,16
2021-09-06,Contra Costa,013,1133247,92118,90971,1851,92822,891
2021-09-06,Del Norte,015,27424,3207,3037,19,3056,24
2021-09-06,El Dorado,017,186661,14148,13848,1383,15231,119
2021-09-06,Fresno,019,978130,122148,119738,10907,130645,1828
2021-09-06,Glenn,021,27897,3022,2912,861,3773,20
2021-09-06,Humboldt,023,135768,7540,7320,309,7629,52
2021-09-06,Imperial,025,180216,30843,30576,2949,33525,751
2021-09-06,Inyo,027,18085,1593,1578,18,1596,39
2021-09-06,Kern,029,883053,112768,110347,16552,126899,1408
2021-09-06,Kings,031,150075,27805,27094,1516,28610,264
2021-09-06,Lake,033,64148,5742,5548,94,5642,78
2021-09-06,Lassen,035,31185,5966,5822,203,6025,21
2021-09-06,Los Angeles,037,10098052,1372016,1359348,50946,1410294,25477
2021-09-06,Madera,039,155013,19782,19191,1517,20708,249
2021-09-06,Marin,041,260295,16528,16356,374,16730,242
2021-09-06,Mariposa,043,17540,805,764,27,791,5
2021-09-06,Mendocino,045,87422,6254,5984,236,6220,61
2021-09-06,Merced,047,269075,36809,36300,1422,37722,513
2021-09-06,Modoc,049,8938,460,449,159,608,5
2021-09-06,Mono,051,14174,1440,1416,18,1434,3
2021-09-06,Monterey,053,433212,46579,45833,2464,48297,541
2021-09-06,Napa,055,140530,11948,11792,78,11870,90
2021-09-06,Nevada,057,99092,7974,7748,261,8009,82
2021-09-06,Orange,059,3164182,291840,287948,13751,301699,5274
2021-09-06,Placer,061,380077,32441,31595,2948,34543,337
2021-09-06,Plumas,063,18699,1129,1068,19,1087,5
2021-09-06,Riverside,065,2383286,339049,333052,15662,348714,4666
2021-09-06,Sacramento,067,1510023,142340,141730,3295,145025,1905
2021-09-06,San Benito,069,59416,6806,6777,136,6913,64
2021-09-06,San Bernardino,071,2135413,333049,329693,10366,340059,5398
2021-09-06,San Diego,073,3302833,344142,340222,20183,360405,3922
2021-09-06,San Francisco,075,870044,48800,48120,2076,50196,589
2021-09-06,San Joaquin,077,732212,90472,89293,4772,94065,1548
2021-09-06,San Luis Obispo,079,281455,26730,26183,1022,27205,286
2021-09-06,San Mateo,081,765935,50715,49859,757,50616,561
2021-09-06,Santa Barbara,083,443738,40714,39876,1419,41295,489
2021-09-06,Santa Clara,085,1922200,137992,136458,1061,137519,1807
2021-09-06,Santa Cruz,087,273765,18905,18615,964,19579,210
2021-09-06,Shasta,089,179085,16775,15985,2554,18539,226
2021-09-06,Sierra,091,2930,129,109,13,122,0
2021-09-06,Siskiyou,093,43540,2743,2595,886,3481,34
2021-09-06,Solano,095,438530,42720,41774,1077,42851,300
2021-09-06,Sonoma,097,501317,38353,37929,465,38394,358
2021-09-06,Stanislaus,099,539301,69258,68596,7797,76393,1074
2021-09-06,Sutter,101,95872,12406,12238,191,12429,138
2021-09-06,Tehama,103,63373,6679,6413,1037,7450,74
2021-09-06,Trinity,105,12862,664,515,179,694,6
2021-09-06,Tulare,107,460477,58679,57068,11886,68954,874
2021-09-06,Tuolumne,109,53932,5835,5697,61,5758,88
2021-09-06,Ventura,111,848112,92698,91132,4016,95148,1093
2021-09-06,Yolo,113,214977,17888,17576,878,18454,235
2021-09-06,Yuba,115,75493,8761,8584,186,8770,55
2021-09-05,Alameda,001,1643700,111454,110173,2565,112738,1301
2021-09-05,Alpine,003,1148,94,94,0,94,0
2021-09-05,Amador,005,37829,4744,4642,46,4688,53
2021-09-05,Butte,007,227075,17091,16504,2943,19447,218
2021-09-05,Calaveras,009,45235,3185,3106,20,3126,63
2021-09-05,Colusa,011,21464,2339,2305,508,2813,16
2021-09-05,Contra Costa,013,1133247,91933,90862,1846,92708,891
2021-09-05,Del Norte,015,27424,3187,3023,19,3042,24
2021-09-05,El Dorado,017,186661,14119,13827,1369,15196,119
2021-09-05,Fresno,019,978130,121849,119384,10865,130249,1828
2021-09-05,Glenn,021,27897,3008,2899,859,3758,20
2021-09-05,Humboldt,023,135768,7507,7312,306,7618,52
2021-09-05,Imperial,025,180216,30814,30548,2947,33495,751
2021-09-05,Inyo,027,18085,1590,1572,18,1590,39
2021-09-05,Kern,029,883053,112468,110073,16393,126466,1408
2021-09-05,Kings,031,150075,27728,26989,1512,28501,264
2021-09-05,Lake,033,64148,5722,5525,94,5619,78
2021-09-05,Lassen,035,31185,5944,5820,199,6019,21
2021-09-05,Los Angeles,037,10098052,1370727,1357748,50876,1408624,25465
2021-09-05,Madera,039,155013,19741,19155,1506,20661,249
2021-09-05,Marin,041,260295,16509,16342,373,16715,242
2021-09-05,Mariposa,043,17540,801,761,27,788,5
2021-09-05,Mendocino,045,87422,6220,5965,236,6201,61
2021-09-05,Merced,047,269075,36734,36243,1420,37663,513
2021-09-05,Modoc,049,8938,460,447,159,606,5
2021-09-05,Mono,051,14174,1440,1416,18,1434,3
2021-09-05,Monterey,053,433212,46550,45795,2455,48250,540
2021-09-05,Napa,055,140530,11923,11770,78,11848,90
2021-09-05,Nevada,057,99092,7952,7722,260,7982,82
2021-09-05,Orange,059,3164182,291552,287614,13734,301348,5274
2021-09-05,Placer,061,380077,32313,31487,2934,34421,337
2021-09-05,Plumas,063,18699,1122,1067,19,1086,5
2021-09-05,Riverside,065,2383286,338594,332604,15650,348254,4654
2021-09-05,Sacramento,067,1510023,141902,141276,3277,144553,1905
2021-09-05,San Benito,069,59416,6805,6764,136,6900,64
2021-09-05,San Bernardino,071,2135413,332667,329062,10351,339413,5392
2021-09-05,San Diego,073,3302833,343590,339427,20142,359569,3914
2021-09-05,San Francisco,075,870044,48722,48035,2072,50107,589
2021-09-05,San Joaquin,077,732212,90306,89121,4755,93876,1548
2021-09-05,San Luis Obispo,079,281455,26681,26098,1021,27119,285
2021-09-05,San Mateo,081,765935,50647,49809,753,50562,561
2021-09-05,Santa Barbara,083,443738,40647,39762,1417,41179,489
2021-09-05,Santa Clara,085,1922200,137782,136146,1059,137205,1807
2021-09-05,Santa Cruz,087,273765,18885,18588,962,19550,210
2021-09-05,Shasta,089,179085,16692,15960,2528,18488,226
2021-09-05,Sierra,091,2930,128,109,13,122,0
2021-09-05,Siskiyou,093,43540,2726,2585,872,3457,34
2021-09-05,Solano,095,438530,42625,41687,1072,42759,300
2021-09-05,Sonoma,097,501317,38268,37881,464,38345,358
2021-09-05,Stanislaus,099,539301,69119,68434,7772,76206,1074
2021-09-05,Sutter,101,95872,12376,12179,185,12364,138
2021-09-05,Tehama,103,63373,6653,6400,1031,7431,74
2021-09-05,Trinity,105,12862,658,505,178,683,6
2021-09-05,Tulare,107,460477,58509,56915,11842,68757,874
2021-09-05,Tuolumne,109,53932,5823,5688,61,5749,88
2021-09-05,Ventura,111,848112,92562,91004,4012,95016,1093
2021-09-05,Yolo,113,214977,17851,17557,872,18429,235
2021-09-05,Yuba,115,75493,8734,8521,184,8705,55
2021-09-04,Alameda,001,1643700,111331,109944,2558,112502,1301
2021-09-04,Alpine,003,1148,94,94,0,94,0
2021-09-04,Amador,005,37829,4726,4637,45,4682,53
2021-09-04,Butte,007,227075,17033,16403,2928,19331,218
2021-09-04,Calaveras,009,45235,3173,3087,19,3106,63
2021-09-04,Colusa,011,21464,2337,2301,508,2809,16
2021-09-04,Contra Costa,013,1133247,91816,90623,1843,92466,891
2021-09-04,Del Norte,015,27424,3176,2984,19,3003,24
2021-09-04,El Dorado,017,186661,14093,13782,1360,15142,119
2021-09-04,Fresno,019,978130,121653,119033,10844,129877,1828
2021-09-04,Glenn,021,27897,2998,2878,853,3731,20
2021-09-04,Humboldt,023,135768,7476,7298,300,7598,52
2021-09-04,Imperial,025,180216,30791,30526,2945,33471,751
2021-09-04,Inyo,027,18085,1588,1571,18,1589,39
2021-09-04,Kern,029,883053,112224,109751,16262,126013,1408
2021-09-04,Kings,031,150075,27641,26896,1506,28402,263
2021-09-04,Lake,033,64148,5704,5507,94,5601,78
2021-09-04,Lassen,035,31185,5929,5814,191,6005,21
2021-09-04,Los Angeles,037,10098052,1369777,1355634,50818,1406452,25454
2021-09-04,Madera,039,155013,19708,19112,1499,20611,249
2021-09-04,Marin,041,260295,16493,16319,372,16691,242
2021-09-04,Mariposa,043,17540,796,759,27,786,5
2021-09-04,Mendocino,045,87422,6184,5933,236,6169,61
2021-09-04,Merced,047,269075,36690,36083,1415,37498,513
2021-09-04,Modoc,049,8938,460,447,159,606,5
2021-09-04,Mono,051,14174,1437,1417,18,1435,3
2021-09-04,Monterey,053,433212,46519,45756,2451,48207,540
2021-09-04,Napa,055,140530,11898,11760,76,11836,90
2021-09-04,Nevada,057,99092,7937,7691,259,7950,82
2021-09-04,Orange,059,3164182,291289,287244,13713,300957,5274
2021-09-04,Placer,061,380077,32209,31374,2917,34291,337
2021-09-04,Plumas,063,18699,1114,1067,19,1086,5
2021-09-04,Riverside,065,2383286,338124,331958,15638,347596,4654
2021-09-04,Sacramento,067,1510023,141609,140735,3269,144004,1896
2021-09-04,San Benito,069,59416,6796,6758,136,6894,64
2021-09-04,San Bernardino,071,2135413,332335,328425,10337,338762,5393
2021-09-04,San Diego,073,3302833,343155,338748,20120,358868,3914
2021-09-04,San Francisco,075,870044,48647,47937,2063,50000,589
2021-09-04,San Joaquin,077,732212,90190,88846,4747,93593,1548
2021-09-04,San Luis Obispo,079,281455,26649,26020,1021,27041,285
2021-09-04,San Mateo,081,765935,50593,49721,753,50474,560
2021-09-04,Santa Barbara,083,443738,40581,39667,1415,41082,489
2021-09-04,Santa Clara,085,1922200,137597,135845,1056,136901,1806
2021-09-04,Santa Cruz,087,273765,18867,18579,958,19537,210
2021-09-04,Shasta,089,179085,16615,15924,2502,18426,226
2021-09-04,Sierra,091,2930,126,108,13,121,0
2021-09-04,Siskiyou,093,43540,2700,2563,861,3424,34
2021-09-04,Solano,095,438530,42552,41614,1070,42684,300
2021-09-04,Sonoma,097,501317,38235,37809,464,38273,358
2021-09-04,Stanislaus,099,539301,68972,68210,7747,75957,1074
2021-09-04,Sutter,101,95872,12335,12137,184,12321,138
2021-09-04,Tehama,103,63373,6628,6367,1013,7380,74
2021-09-04,Trinity,105,12862,656,497,178,675,6
2021-09-04,Tulare,107,460477,58401,56719,11799,68518,874
2021-09-04,Tuolumne,109,53932,5805,5667,59,5726,88
2021-09-04,Ventura,111,848112,92427,90904,4009,94913,1090
2021-09-04,Yolo,113,214977,17815,17522,868,18390,235
2021-09-04,Yuba,115,75493,8705,8475,183,8658,55
2021-09-03,Alameda,001,1643700,111176,109636,2555,112191,1301
2021-09-03,Alpine,003,1148,94,94,0,94,0
2021-09-03,Amador,005,37829,4704,4614,45,4659,53
2021-09-03,Butte,007,227075,16942,16259,2902,19161,215
2021-09-03,Calaveras,009,45235,3163,3069,19,3088,63
2021-09-03,Colusa,011,21464,2332,2295,507,2802,16
2021-09-03,Contra Costa,013,1133247,91664,90299,1840,92139,886
2021-09-03,Del Norte,015,27424,3148,2943,18,2961,24
2021-09-03,El Dorado,017,186661,14060,13710,1356,15066,119
2021-09-03,Fresno,019,978130,121318,118508,10822,129330,1822
2021-09-03,Glenn,021,27897,2989,2867,846,3713,20
2021-09-03,Humboldt,023,135768,7451,7194,295,7489,52
2021-09-03,Imperial,025,180216,30768,30475,2940,33415,751
2021-09-03,Inyo,027,18085,1583,1567,18,1585,39
2021-09-03,Kern,029,883053,112008,109296,16151,125447,1407
2021-09-03,Kings,031,150075,27557,26753,1503,28256,263
2021-09-03,Lake,033,64148,5684,5479,92,5571,78
2021-09-03,Lassen,035,31185,5912,5789,186,5975,21
2021-09-03,Los Angeles,037,10098052,1368448,1351185,50751,1401936,25384
2021-09-03,Madera,039,155013,19623,19021,1493,20514,247
2021-09-03,Marin,041,260295,16471,16293,371,16664,242
2021-09-03,Mariposa,043,17540,789,753,25,778,5
2021-09-03,Mendocino,045,87422,6149,5891,236,6127,61
2021-09-03,Merced,047,269075,36636,35941,1406,37347,512
2021-09-03,Modoc,049,8938,460,445,159,604,5
2021-09-03,Mono,051,14174,1436,1410,18,1428,3
2021-09-03,Monterey,053,433212,46481,45707,2447,48154,540
2021-09-03,Napa,055,140530,11877,11733,76,11809,89
2021-09-03,Nevada,057,99092,7903,7632,259,7891,82
2021-09-03,Orange,059,3164182,290972,286818,13685,300503,5253
2021-09-03,Placer,061,380077,32102,31238,2893,34131,335
2021-09-03,Plumas,063,18699,1103,1057,19,1076,5
2021-09-03,Riverside,065,2383286,337592,331011,15622,346633,4653
2021-09-03,Sacramento,067,1510023,141240,139982,3250,143232,1886
2021-09-03,San Benito,069,59416,6790,6746,136,6882,64
2021-09-03,San Bernardino,071,2135413,331919,327599,10326,337925,5381
2021-09-03,San Diego,073,3302833,342536,337627,20087,357714,3911
2021-09-03,San Francisco,075,870044,48571,47822,2057,49879,589
2021-09-03,San Joaquin,077,732212,90037,88366,4739,93105,1540
2021-09-03,San Luis Obispo,079,281455,26573,25917,1019,26936,283
2021-09-03,San Mateo,081,765935,50498,49617,751,50368,560
2021-09-03,Santa Barbara,083,443738,40514,39507,1412,40919,489
2021-09-03,Santa Clara,085,1922200,137395,135522,1052,136574,1801
2021-09-03,Santa Cruz,087,273765,18842,18532,958,19490,210
2021-09-03,Shasta,089,179085,16540,15778,2478,18256,226
2021-09-03,Sierra,091,2930,124,105,13,118,0
2021-09-03,Siskiyou,093,43540,2688,2529,848,3377,34
2021-09-03,Solano,095,438530,42456,41457,1067,42524,300
2021-09-03,Sonoma,097,501317,38172,37699,464,38163,358
2021-09-03,Stanislaus,099,539301,68797,67887,7721,75608,1074
2021-09-03,Sutter,101,95872,12296,12073,183,12256,139
2021-09-03,Tehama,103,63373,6589,6334,1006,7340,72
2021-09-03,Trinity,105,12862,654,490,173,663,6
2021-09-03,Tulare,107,460477,58275,56401,11746,68147,872
2021-09-03,Tuolumne,109,53932,5763,5630,59,5689,88
2021-09-03,Ventura,111,848112,92293,90742,4005,94747,1088
2021-09-03,Yolo,113,214977,17792,17446,862,18308,235
2021-09-03,Yuba,115,75493,8674,8412,183,8595,55
2021-09-02,Alameda,001,1643700,110917,109377,2552,111929,1301
2021-09-02,Alpine,003,1148,93,92,0,92,0
2021-09-02,Amador,005,37829,4688,4606,45,4651,53
2021-09-02,Butte,007,227075,16816,16154,2883,19037,215
2021-09-02,Calaveras,009,45235,3150,3042,19,3061,62
2021-09-02,Colusa,011,21464,2328,2290,507,2797,16
2021-09-02,Contra Costa,013,1133247,91481,90038,1829,91867,886
2021-09-02,Del Norte,015,27424,3117,2891,18,2909,24
2021-09-02,El Dorado,017,186661,14001,13641,1331,14972,119
2021-09-02,Fresno,019,978130,120830,117974,10767,128741,1804
2021-09-02,Glenn,021,27897,2973,2855,840,3695,20
2021-09-02,Humboldt,023,135768,7404,7141,284,7425,52
2021-09-02,Imperial,025,180216,30724,30449,2935,33384,751
2021-09-02,Inyo,027,18085,1578,1564,17,1581,39
2021-09-02,Kern,029,883053,111596,108930,16007,124937,1404
2021-09-02,Kings,031,150075,27464,26638,1493,28131,263
2021-09-02,Lake,033,64148,5654,5432,88,5520,78
2021-09-02,Lassen,035,31185,5898,5747,179,5926,21
2021-09-02,Los Angeles,037,10098052,1366588,1351105,50656,1401761,25382
2021-09-02,Madera,039,155013,19532,18937,1474,20411,247
2021-09-02,Marin,041,260295,16458,16244,369,16613,242
2021-09-02,Mariposa,043,17540,782,745,22,767,5
2021-09-02,Mendocino,045,87422,6107,5848,233,6081,61
2021-09-02,Merced,047,269075,36473,35820,1399,37219,508
2021-09-02,Modoc,049,8938,460,437,159,596,5
2021-09-02,Mono,051,14174,1436,1409,18,1427,3
2021-09-02,Monterey,053,433212,46415,45648,2432,48080,539
2021-09-02,Napa,055,140530,11848,11684,76,11760,88
2021-09-02,Nevada,057,99092,7851,7575,258,7833,82
2021-09-02,Orange,059,3164182,290512,286326,13651,299977,5240
2021-09-02,Placer,061,380077,31965,31067,2864,33931,330
2021-09-02,Plumas,063,18699,1092,1045,18,1063,5
2021-09-02,Riverside,065,2383286,336877,330190,15598,345788,4644
2021-09-02,Sacramento,067,1510023,140657,139274,3211,142485,1882
2021-09-02,San Benito,069,59416,6785,6734,135,6869,64
2021-09-02,San Bernardino,071,2135413,331312,326940,10253,337193,5369
2021-09-02,San Diego,073,3302833,341578,336382,20034,356416,3909
2021-09-02,San Francisco,075,870044,48463,47674,2053,49727,587
2021-09-02,San Joaquin,077,732212,89753,88056,4715,92771,1540
2021-09-02,San Luis Obispo,079,281455,26488,25851,1014,26865,283
2021-09-02,San Mateo,081,765935,50399,49490,748,50238,558
2021-09-02,Santa Barbara,083,443738,40424,39386,1399,40785,486
2021-09-02,Santa Clara,085,1922200,137094,135216,1046,136262,1799
2021-09-02,Santa Cruz,087,273765,18808,18473,955,19428,210
2021-09-02,Shasta,089,179085,16402,15670,2449,18119,224
2021-09-02,Sierra,091,2930,124,105,13,118,0
2021-09-02,Siskiyou,093,43540,2667,2513,820,3333,34
2021-09-02,Solano,095,438530,42350,41293,1064,42357,294
2021-09-02,Sonoma,097,501317,38091,37558,464,38022,352
2021-09-02,Stanislaus,099,539301,68556,67576,7699,75275,1074
2021-09-02,Sutter,101,95872,12227,11995,179,12174,138
2021-09-02,Tehama,103,63373,6531,6265,987,7252,72
2021-09-02,Trinity,105,12862,650,484,171,655,6
2021-09-02,Tulare,107,460477,58045,56105,11694,67799,872
2021-09-02,Tuolumne,109,53932,5707,5578,59,5637,88
2021-09-02,Ventura,111,848112,92110,90610,4000,94610,1084
2021-09-02,Yolo,113,214977,17722,17357,851,18208,235
2021-09-02,Yuba,115,75493,8614,8363,183,8546,55
2021-09-01,Alameda,001,1643700,110650,109075,2547,111622,1299
2021-09-01,Alpine,003,1148,93,92,0,92,0
2021-09-01,Amador,005,37829,4672,4599,44,4643,53
2021-09-01,Butte,007,227075,16701,16046,2857,18903,215
2021-09-01,Calaveras,009,45235,3138,3023,19,3042,59
2021-09-01,Colusa,011,21464,2323,2281,506,2787,16
2021-09-01,Contra Costa,013,1133247,91246,89834,1822,91656,877
2021-09-01,Del Norte,015,27424,3084,2860,18,2878,24
2021-09-01,El Dorado,017,186661,13945,13577,1302,14879,119
2021-09-01,Fresno,019,978130,120339,117492,10697,128189,1800
2021-09-01,Glenn,021,27897,2948,2846,832,3678,20
2021-09-01,Humboldt,023,135768,7357,7090,277,7367,52
2021-09-01,Imperial,025,180216,30686,30393,2930,33323,750
2021-09-01,Inyo,027,18085,1574,1561,16,1577,39
2021-09-01,Kern,029,883053,111165,108449,15865,124314,1400
2021-09-01,Kings,031,150075,27351,26443,1482,27925,263
2021-09-01,Lake,033,64148,5613,5396,83,5479,77
2021-09-01,Lassen,035,31185,5876,5731,175,5906,21
2021-09-01,Los Angeles,037,10098052,1364324,1348589,50552,1399141,25341
2021-09-01,Madera,039,155013,19454,18852,1459,20311,247
2021-09-01,Marin,041,260295,16436,16224,364,16588,240
2021-09-01,Mariposa,043,17540,774,735,22,757,5
2021-09-01,Mendocino,045,87422,6064,5821,228,6049,59
2021-09-01,Merced,047,269075,36296,35686,1389,37075,500
2021-09-01,Modoc,049,8938,454,436,157,593,5
2021-09-01,Mono,051,14174,1436,1400,18,1418,3
2021-09-01,Monterey,053,433212,46335,45590,2417,48007,539
2021-09-01,Napa,055,140530,11815,11653,76,11729,88
2021-09-01,Nevada,057,99092,7798,7508,257,7765,82
2021-09-01,Orange,059,3164182,290038,285840,13613,299453,5233
2021-09-01,Placer,061,380077,31810,30902,2850,33752,330
2021-09-01,Plumas,063,18699,1084,1033,18,1051,5
2021-09-01,Riverside,065,2383286,336061,329388,15568,344956,4634
2021-09-01,Sacramento,067,1510023,140048,138499,3165,141664,1875
2021-09-01,San Benito,069,59416,6768,6716,135,6851,64
2021-09-01,San Bernardino,071,2135413,330661,326250,10224,336474,5364
2021-09-01,San Diego,073,3302833,340556,335302,19978,355280,3908
2021-09-01,San Francisco,075,870044,48354,47538,2046,49584,584
2021-09-01,San Joaquin,077,732212,89431,87640,4692,92332,1540
2021-09-01,San Luis Obispo,079,281455,26392,25691,1009,26700,283
2021-09-01,San Mateo,081,765935,50279,49394,742,50136,558
2021-09-01,Santa Barbara,083,443738,40307,39263,1383,40646,483
2021-09-01,Santa Clara,085,1922200,136826,134855,1039,135894,1796
2021-09-01,Santa Cruz,087,273765,18761,18453,953,19406,210
2021-09-01,Shasta,089,179085,16270,15552,2408,17960,221
2021-09-01,Sierra,091,2930,123,98,13,111,0
2021-09-01,Siskiyou,093,43540,2637,2482,800,3282,34
2021-09-01,Solano,095,438530,42199,41194,1058,42252,293
2021-09-01,Sonoma,097,501317,37996,37454,463,37917,352
2021-09-01,Stanislaus,099,539301,68271,67287,7668,74955,1075
2021-09-01,Sutter,101,95872,12163,11945,172,12117,136
2021-09-01,Tehama,103,63373,6497,6228,970,7198,72
2021-09-01,Trinity,105,12862,649,482,168,650,5
2021-09-01,Tulare,107,460477,57762,55768,11657,67425,870
2021-09-01,Tuolumne,109,53932,5668,5553,59,5612,88
2021-09-01,Ventura,111,848112,91895,90471,3984,94455,1089
2021-09-01,Yolo,113,214977,17666,17264,845,18109,235
2021-09-01,Yuba,115,75493,8552,8308,183,8491,55
2021-08-31,Alameda,001,1643700,110357,108837,2540,111377,1297
2021-08-31,Alpine,003,1148,91,92,0,92,0
2021-08-31,Amador,005,37829,4651,4555,44,4599,53
2021-08-31,Butte,007,227075,16558,15896,2816,18712,216
2021-08-31,Calaveras,009,45235,3098,3008,19,3027,59
2021-08-31,Colusa,011,21464,2321,2275,504,2779,16
2021-08-31,Contra Costa,013,1133247,90951,89546,1810,91356,871
2021-08-31,Del Norte,015,27424,3048,2830,18,2848,19
2021-08-31,El Dorado,017,186661,13874,13539,1284,14823,119
2021-08-31,Fresno,019,978130,119763,117155,10618,127773,1801
2021-08-31,Glenn,021,27897,2932,2829,822,3651,20
2021-08-31,Humboldt,023,135768,7282,7030,264,7294,52
2021-08-31,Imperial,025,180216,30649,30348,2922,33270,750
2021-08-31,Inyo,027,18085,1570,1550,16,1566,39
2021-08-31,Kern,029,883053,110663,108151,15686,123837,1393
2021-08-31,Kings,031,150075,27209,26405,1468,27873,260
2021-08-31,Lake,033,64148,5569,5359,80,5439,74
2021-08-31,Lassen,035,31185,5850,5702,172,5874,21
2021-08-31,Los Angeles,037,10098052,1361737,1346686,50472,1397158,25303
2021-08-31,Madera,039,155013,19364,18811,1441,20252,247
2021-08-31,Marin,041,260295,16407,16215,361,16576,240
2021-08-31,Mariposa,043,17540,766,732,22,754,5
2021-08-31,Mendocino,045,87422,6022,5777,226,6003,59
2021-08-31,Merced,047,269075,36126,35512,1384,36896,498
2021-08-31,Modoc,049,8938,453,436,157,593,5
2021-08-31,Mono,051,14174,1424,1398,18,1416,3
2021-08-31,Monterey,053,433212,46251,45550,2404,47954,539
2021-08-31,Napa,055,140530,11768,11618,76,11694,88
2021-08-31,Nevada,057,99092,7731,7460,257,7717,82
2021-08-31,Orange,059,3164182,289439,285310,13579,298889,5229
2021-08-31,Placer,061,380077,31620,30745,2812,33557,325
2021-08-31,Plumas,063,18699,1080,1018,17,1035,5
2021-08-31,Riverside,065,2383286,335087,328556,15535,344091,4627
2021-08-31,Sacramento,067,1510023,139363,137879,3133,141012,1863
2021-08-31,San Benito,069,59416,6756,6694,133,6827,64
2021-08-31,San Bernardino,071,2135413,329914,325446,10204,335650,5350
2021-08-31,San Diego,073,3302833,339303,334377,19920,354297,3888
2021-08-31,San Francisco,075,870044,48203,47440,2035,49475,581
2021-08-31,San Joaquin,077,732212,88985,87365,4677,92042,1540
2021-08-31,San Luis Obispo,079,281455,26269,25518,1005,26523,282
2021-08-31,San Mateo,081,765935,50167,49299,742,50041,556
2021-08-31,Santa Barbara,083,443738,40156,39091,1377,40468,481
2021-08-31,Santa Clara,085,1922200,136475,134637,1032,135669,1793
2021-08-31,Santa Cruz,087,273765,18723,18419,950,19369,210
2021-08-31,Shasta,089,179085,16118,15368,2381,17749,220
2021-08-31,Sierra,091,2930,120,95,13,108,0
2021-08-31,Siskiyou,093,43540,2617,2435,784,3219,33
2021-08-31,Solano,095,438530,42060,41067,1051,42118,289
2021-08-31,Sonoma,097,501317,37900,37379,461,37840,352
2021-08-31,Stanislaus,099,539301,67916,67004,7633,74637,1075
2021-08-31,Sutter,101,95872,12098,11901,168,12069,136
2021-08-31,Tehama,103,63373,6436,6169,939,7108,72
2021-08-31,Trinity,105,12862,643,480,168,648,3
2021-08-31,Tulare,107,460477,57428,55567,11586,67153,870
2021-08-31,Tuolumne,109,53932,5632,5516,59,5575,88
2021-08-31,Ventura,111,848112,91676,90292,3972,94264,1081
2021-08-31,Yolo,113,214977,17585,17205,836,18041,234
2021-08-31,Yuba,115,75493,8498,8253,183,8436,54
2021-08-30,Alameda,001,1643700,110032,107734,2529,110263,1296
2021-08-30,Alpine,003,1148,91,92,0,92,0
2021-08-30,Amador,005,37829,4640,4507,44,4551,53
2021-08-30,Butte,007,227075,16407,15719,2783,18502,214
2021-08-30,Calaveras,009,45235,3083,2975,19,2994,59
2021-08-30,Colusa,011,21464,2312,2271,501,2772,16
2021-08-30,Contra Costa,013,1133247,90692,87679,1800,89479,872
2021-08-30,Del Norte,015,27424,3006,2796,17,2813,11
2021-08-30,El Dorado,017,186661,13805,13217,1267,14484,119
2021-08-30,Fresno,019,978130,119190,115867,10546,126413,1790
2021-08-30,Glenn,021,27897,2921,2804,816,3620,20
2021-08-30,Humboldt,023,135768,7228,6930,258,7188,52
2021-08-30,Imperial,025,180216,30611,30311,2917,33228,750
2021-08-30,Inyo,027,18085,1565,1544,16,1560,39
2021-08-30,Kern,029,883053,110184,107615,15522,123137,1389
2021-08-30,Kings,031,150075,27093,26236,1453,27689,259
2021-08-30,Lake,033,64148,5534,5323,77,5400,74
2021-08-30,Lassen,035,31185,5828,5667,166,5833,21
2021-08-30,Los Angeles,037,10098052,1359277,1344949,50386,1395335,25269
2021-08-30,Madera,039,155013,19282,18622,1421,20043,247
2021-08-30,Marin,041,260295,16376,16160,361,16521,240
2021-08-30,Mariposa,043,17540,760,715,21,736,5
2021-08-30,Mendocino,045,87422,5988,5721,222,5943,55
2021-08-30,Merced,047,269075,35998,35335,1380,36715,497
2021-08-30,Modoc,049,8938,451,436,156,592,5
2021-08-30,Mono,051,14174,1423,1390,18,1408,3
2021-08-30,Monterey,053,433212,46189,45463,2387,47850,539
2021-08-30,Napa,055,140530,11719,11579,74,11653,87
2021-08-30,Nevada,057,99092,7672,7356,254,7610,82
2021-08-30,Orange,059,3164182,288858,284750,13530,298280,5223
2021-08-30,Placer,061,380077,31455,29825,2789,32614,319
2021-08-30,Plumas,063,18699,1063,998,17,1015,5
2021-08-30,Riverside,065,2383286,334190,327593,15504,343097,4623
2021-08-30,Sacramento,067,1510023,138705,134571,3087,137658,1847
2021-08-30,San Benito,069,59416,6747,6663,133,6796,64
2021-08-30,San Bernardino,071,2135413,329236,324870,10174,335044,5348
2021-08-30,San Diego,073,3302833,338032,333011,19840,352851,3885
2021-08-30,San Francisco,075,870044,48064,46966,2021,48987,581
2021-08-30,San Joaquin,077,732212,88654,86203,4656,90859,1528
2021-08-30,San Luis Obispo,079,281455,26144,25422,998,26420,280
2021-08-30,San Mateo,081,765935,50041,48839,736,49575,554
2021-08-30,Santa Barbara,083,443738,40005,38998,1372,40370,481
2021-08-30,Santa Clara,085,1922200,136154,133281,1025,134306,1789
2021-08-30,Santa Cruz,087,273765,18669,18326,946,19272,210
2021-08-30,Shasta,089,179085,15989,15238,2340,17578,217
2021-08-30,Sierra,091,2930,118,91,13,104,0
2021-08-30,Siskiyou,093,43540,2604,2411,773,3184,33
2021-08-30,Solano,095,438530,41899,39986,1047,41033,290
2021-08-30,Sonoma,097,501317,37794,36764,461,37225,352
2021-08-30,Stanislaus,099,539301,67577,66173,7602,73775,1074
2021-08-30,Sutter,101,95872,12028,11791,161,11952,136
2021-08-30,Tehama,103,63373,6357,6085,915,7000,71
2021-08-30,Trinity,105,12862,632,468,165,633,3
2021-08-30,Tulare,107,460477,57116,55140,11510,66650,870
2021-08-30,Tuolumne,109,53932,5586,5492,59,5551,74
2021-08-30,Ventura,111,848112,91460,90149,3960,94109,1082
2021-08-30,Yolo,113,214977,17523,17071,832,17903,231
2021-08-30,Yuba,115,75493,8424,8129,182,8311,54
2021-08-29,Alameda,001,1643700,109687,107494,2518,110012,1296
2021-08-29,Alpine,003,1148,91,92,0,92,0
2021-08-29,Amador,005,37829,4626,4501,44,4545,53
2021-08-29,Butte,007,227075,16236,15602,2746,18348,214
2021-08-29,Calaveras,009,45235,3051,2970,19,2989,59
2021-08-29,Colusa,011,21464,2305,2260,495,2755,16
2021-08-29,Contra Costa,013,1133247,90395,87439,1795,89234,872
2021-08-29,Del Norte,015,27424,2963,2752,17,2769,11
2021-08-29,El Dorado,017,186661,13749,13166,1256,14422,119
2021-08-29,Fresno,019,978130,118593,115502,10476,125978,1790
2021-08-29,Glenn,021,27897,2903,2778,809,3587,20
2021-08-29,Humboldt,023,135768,7184,6922,243,7165,52
2021-08-29,Imperial,025,180216,30550,30293,2906,33199,750
2021-08-29,Inyo,027,18085,1555,1543,15,1558,39
2021-08-29,Kern,029,883053,109733,107324,15352,122676,1389
2021-08-29,Kings,031,150075,26940,26143,1438,27581,259
2021-08-29,Lake,033,64148,5494,5293,67,5360,74
2021-08-29,Lassen,035,31185,5805,5666,162,5828,21
2021-08-29,Los Angeles,037,10098052,1356517,1342541,50274,1392815,25263
2021-08-29,Madera,039,155013,19195,18594,1405,19999,247
2021-08-29,Marin,041,260295,16345,16134,359,16493,240
2021-08-29,Mariposa,043,17540,754,709,19,728,5
2021-08-29,Mendocino,045,87422,5930,5689,209,5898,55
2021-08-29,Merced,047,269075,35759,35250,1368,36618,497
2021-08-29,Modoc,049,8938,448,436,156,592,5
2021-08-29,Mono,051,14174,1416,1387,18,1405,3
2021-08-29,Monterey,053,433212,46083,45424,2363,47787,539
2021-08-29,Napa,055,140530,11688,11552,74,11626,87
2021-08-29,Nevada,057,99092,7615,7294,253,7547,82
2021-08-29,Orange,059,3164182,288230,284432,13487,297919,5223
2021-08-29,Placer,061,380077,31283,29674,2748,32422,319
2021-08-29,Plumas,063,18699,1052,996,17,1013,5
2021-08-29,Riverside,065,2383286,333333,326987,15483,342470,4623
2021-08-29,Sacramento,067,1510023,137952,133981,3038,137019,1843
2021-08-29,San Benito,069,59416,6722,6646,133,6779,64
2021-08-29,San Bernardino,071,2135413,328451,324266,10140,334406,5347
2021-08-29,San Diego,073,3302833,336926,332014,19744,351758,3880
2021-08-29,San Francisco,075,870044,47929,46885,2009,48894,581
2021-08-29,San Joaquin,077,732212,88207,85922,4635,90557,1528
2021-08-29,San Luis Obispo,079,281455,25946,25288,990,26278,280
2021-08-29,San Mateo,081,765935,49928,48737,731,49468,554
2021-08-29,Santa Barbara,083,443738,39839,38900,1368,40268,481
2021-08-29,Santa Clara,085,1922200,135801,132979,1019,133998,1789
2021-08-29,Santa Cruz,087,273765,18622,18285,944,19229,210
2021-08-29,Shasta,089,179085,15835,15198,2313,17511,217
2021-08-29,Sierra,091,2930,116,91,13,104,0
2021-08-29,Siskiyou,093,43540,2557,2407,753,3160,33
2021-08-29,Solano,095,438530,41745,39887,1040,40927,290
2021-08-29,Sonoma,097,501317,37658,36650,457,37107,352
2021-08-29,Stanislaus,099,539301,67232,65956,7566,73522,1074
2021-08-29,Sutter,101,95872,11969,11719,154,11873,136
2021-08-29,Tehama,103,63373,6286,6040,892,6932,71
2021-08-29,Trinity,105,12862,629,468,161,629,3
2021-08-29,Tulare,107,460477,56783,54974,11426,66400,870
2021-08-29,Tuolumne,109,53932,5561,5478,58,5536,74
2021-08-29,Ventura,111,848112,91202,90114,3951,94065,1082
2021-08-29,Yolo,113,214977,17423,17015,820,17835,231
2021-08-29,Yuba,115,75493,8360,8042,182,8224,54
2021-08-28,Alameda,001,1643700,109522,107007,2509,109516,1296
2021-08-28,Alpine,003,1148,91,92,0,92,0
2021-08-28,Amador,005,37829,4607,4484,43,4527,53
2021-08-28,Butte,007,227075,16177,15487,2718,18205,214
2021-08-28,Calaveras,009,45235,3041,2926,19,2945,59
2021-08-28,Colusa,011,21464,2301,2252,493,2745,16
2021-08-28,Contra Costa,013,1133247,90183,86938,1792,88730,872
2021-08-28,Del Norte,015,27424,2936,2734,16,2750,11
2021-08-28,El Dorado,017,186661,13709,13089,1250,14339,119
2021-08-28,Fresno,019,978130,118352,115079,10445,125524,1792
2021-08-28,Glenn,021,27897,2894,2773,802,3575,20
2021-08-28,Humboldt,023,135768,7149,6887,238,7125,52
2021-08-28,Imperial,025,180216,30523,30260,2903,33163,750
2021-08-28,Inyo,027,18085,1553,1539,15,1554,39
2021-08-28,Kern,029,883053,109495,107012,15210,122222,1389
2021-08-28,Kings,031,150075,26873,26059,1435,27494,257
2021-08-28,Lake,033,64148,5471,5267,63,5330,74
2021-08-28,Lassen,035,31185,5790,5665,161,5826,21
2021-08-28,Los Angeles,037,10098052,1355307,1337097,50201,1387298,25234
2021-08-28,Madera,039,155013,19144,18553,1391,19944,247
2021-08-28,Marin,041,260295,16330,16106,359,16465,240
2021-08-28,Mariposa,043,17540,752,704,19,723,5
2021-08-28,Mendocino,045,87422,5905,5658,209,5867,55
2021-08-28,Merced,047,269075,35707,35108,1365,36473,497
2021-08-28,Modoc,049,8938,448,436,155,591,5
2021-08-28,Mono,051,14174,1413,1385,18,1403,3
2021-08-28,Monterey,053,433212,46041,45394,2358,47752,539
2021-08-28,Napa,055,140530,11665,11512,73,11585,88
2021-08-28,Nevada,057,99092,7591,7238,251,7489,82
2021-08-28,Orange,059,3164182,287872,283953,13438,297391,5222
2021-08-28,Placer,061,380077,31174,29428,2735,32163,319
2021-08-28,Plumas,063,18699,1045,991,17,1008,5
2021-08-28,Riverside,065,2383286,332745,326222,15473,341695,4623
2021-08-28,Sacramento,067,1510023,137561,132985,3022,136007,1844
2021-08-28,San Benito,069,59416,6715,6636,133,6769,64
2021-08-28,San Bernardino,071,2135413,328003,323672,10132,333804,5348
2021-08-28,San Diego,073,3302833,336342,331330,19708,351038,3880
2021-08-28,San Francisco,075,870044,47857,46654,2002,48656,581
2021-08-28,San Joaquin,077,732212,88038,85481,4626,90107,1527
2021-08-28,San Luis Obispo,079,281455,25879,25138,985,26123,280
2021-08-28,San Mateo,081,765935,49854,48575,727,49302,554
2021-08-28,Santa Barbara,083,443738,39768,38780,1367,40147,481
2021-08-28,Santa Clara,085,1922200,135594,132488,1017,133505,1789
2021-08-28,Santa Cruz,087,273765,18604,18240,941,19181,210
2021-08-28,Shasta,089,179085,15732,15147,2294,17441,217
2021-08-28,Sierra,091,2930,112,91,13,104,0
2021-08-28,Siskiyou,093,43540,2549,2402,742,3144,33
2021-08-28,Solano,095,438530,41696,39610,1039,40649,290
2021-08-28,Sonoma,097,501317,37585,36466,455,36921,352
2021-08-28,Stanislaus,099,539301,67074,65670,7549,73219,1074
2021-08-28,Sutter,101,95872,11948,11669,153,11822,136
2021-08-28,Tehama,103,63373,6261,6004,879,6883,71
2021-08-28,Trinity,105,12862,625,463,160,623,3
2021-08-28,Tulare,107,460477,56653,54746,11384,66130,870
2021-08-28,Tuolumne,109,53932,5545,5469,58,5527,74
2021-08-28,Ventura,111,848112,91084,89934,3949,93883,1081
2021-08-28,Yolo,113,214977,17387,16907,813,17720,231
2021-08-28,Yuba,115,75493,8329,7985,181,8166,55
2021-08-27,Alameda,001,1643700,109311,106622,2507,109129,1296
2021-08-27,Alpine,003,1148,91,92,0,92,0
2021-08-27,Amador,005,37829,4591,4458,42,4500,53
2021-08-27,Butte,007,227075,16097,15277,2699,17976,214
2021-08-27,Calaveras,009,45235,3027,2903,19,2922,59
2021-08-27,Colusa,011,21464,2295,2240,491,2731,16
2021-08-27,Contra Costa,013,1133247,89985,86386,1789,88175,872
2021-08-27,Del Norte,015,27424,2904,2695,16,2711,11
2021-08-27,El Dorado,017,186661,13670,12968,1246,14214,119
2021-08-27,Fresno,019,978130,117918,114481,10421,124902,1774
2021-08-27,Glenn,021,27897,2876,2754,793,3547,20
2021-08-27,Humboldt,023,135768,7116,6782,235,7017,52
2021-08-27,Imperial,025,180216,30503,30201,2900,33101,750
2021-08-27,Inyo,027,18085,1552,1529,15,1544,39
2021-08-27,Kern,029,883053,109201,106570,15100,121670,1385
2021-08-27,Kings,031,150075,26794,25957,1433,27390,257
2021-08-27,Lake,033,64148,5446,5228,62,5290,74
2021-08-27,Lassen,035,31185,5774,5646,156,5802,21
2021-08-27,Los Angeles,037,10098052,1353778,1337006,50136,1387142,25230
2021-08-27,Madera,039,155013,19088,18476,1378,19854,247
2021-08-27,Marin,041,260295,16314,16055,357,16412,240
2021-08-27,Mariposa,043,17540,746,690,19,709,5
2021-08-27,Mendocino,045,87422,5874,5602,208,5810,55
2021-08-27,Merced,047,269075,35653,34906,1356,36262,495
2021-08-27,Modoc,049,8938,448,434,155,589,5
2021-08-27,Mono,051,14174,1408,1385,18,1403,3
2021-08-27,Monterey,053,433212,45992,45337,2350,47687,539
2021-08-27,Napa,055,140530,11631,11460,73,11533,87
2021-08-27,Nevada,057,99092,7551,7169,249,7418,82
2021-08-27,Orange,059,3164182,287511,283407,13399,296806,5206
2021-08-27,Placer,061,380077,31044,29157,2715,31872,320
2021-08-27,Plumas,063,18699,1039,984,17,1001,5
2021-08-27,Riverside,065,2383286,332227,325379,15458,340837,4622
2021-08-27,Sacramento,067,1510023,137126,131921,3009,134930,1838
2021-08-27,San Benito,069,59416,6709,6622,133,6755,64
2021-08-27,San Bernardino,071,2135413,327478,322893,10114,333007,5342
2021-08-27,San Diego,073,3302833,335562,330162,19654,349816,3877
2021-08-27,San Francisco,075,870044,47781,46456,1984,48440,581
2021-08-27,San Joaquin,077,732212,87855,84949,4607,89556,1524
2021-08-27,San Luis Obispo,079,281455,25831,24952,982,25934,280
2021-08-27,San Mateo,081,765935,49779,48424,723,49147,553
2021-08-27,Santa Barbara,083,443738,39676,38675,1365,40040,480
2021-08-27,Santa Clara,085,1922200,135364,132011,1014,133025,1783
2021-08-27,Santa Cruz,087,273765,18565,18163,937,19100,210
2021-08-27,Shasta,089,179085,15652,14996,2278,17274,217
2021-08-27,Sierra,091,2930,111,91,13,104,0
2021-08-27,Siskiyou,093,43540,2534,2358,728,3086,33
2021-08-27,Solano,095,438530,41582,39347,1035,40382,287
2021-08-27,Sonoma,097,501317,37513,36326,454,36780,342
2021-08-27,Stanislaus,099,539301,66864,65167,7511,72678,1061
2021-08-27,Sutter,101,95872,11902,11590,151,11741,135
2021-08-27,Tehama,103,63373,6228,5964,864,6828,71
2021-08-27,Trinity,105,12862,625,458,159,617,3
2021-08-27,Tulare,107,460477,56518,54443,11339,65782,870
2021-08-27,Tuolumne,109,53932,5513,5438,58,5496,74
2021-08-27,Ventura,111,848112,90955,89774,3945,93719,1076
2021-08-27,Yolo,113,214977,17344,16805,808,17613,231
2021-08-27,Yuba,115,75493,8272,7926,181,8107,54
2021-08-26,Alameda,001,1643700,109036,106146,2498,108644,1296
2021-08-26,Alpine,003,1148,91,92,0,92,0
2021-08-26,Amador,005,37829,4576,4442,41,4483,53
2021-08-26,Butte,007,227075,15964,15159,2664,17823,214
2021-08-26,Calaveras,009,45235,3016,2873,19,2892,59
2021-08-26,Colusa,011,21464,2288,2234,487,2721,16
2021-08-26,Contra Costa,013,1133247,89626,85808,1783,87591,866
2021-08-26,Del Norte,015,27424,2868,2625,16,2641,8
2021-08-26,El Dorado,017,186661,13601,12863,1232,14095,118
2021-08-26,Fresno,019,978130,117416,113854,10367,124221,1770
2021-08-26,Glenn,021,27897,2858,2740,784,3524,20
2021-08-26,Humboldt,023,135768,7058,6695,225,6920,53
2021-08-26,Imperial,025,180216,30454,30121,2892,33013,748
2021-08-26,Inyo,027,18085,1542,1521,14,1535,39
2021-08-26,Kern,029,883053,108773,106051,14957,121008,1380
2021-08-26,Kings,031,150075,26671,25838,1425,27263,260
2021-08-26,Lake,033,64148,5400,5196,59,5255,74
2021-08-26,Lassen,035,31185,5762,5626,154,5780,21
2021-08-26,Los Angeles,037,10098052,1351506,1334372,50041,1384413,25199
2021-08-26,Madera,039,155013,19018,18393,1365,19758,247
2021-08-26,Marin,041,260295,16285,15983,354,16337,240
2021-08-26,Mariposa,043,17540,736,677,19,696,5
2021-08-26,Mendocino,045,87422,5836,5533,203,5736,55
2021-08-26,Merced,047,269075,35486,34755,1335,36090,495
2021-08-26,Modoc,049,8938,448,433,155,588,5
2021-08-26,Mono,051,14174,1404,1385,18,1403,3
2021-08-26,Monterey,053,433212,45919,45265,2339,47604,539
2021-08-26,Napa,055,140530,11609,11394,72,11466,87
2021-08-26,Nevada,057,99092,7492,7086,246,7332,80
2021-08-26,Orange,059,3164182,287019,282814,13375,296189,5200
2021-08-26,Placer,061,380077,30875,28898,2689,31587,319
2021-08-26,Plumas,063,18699,1032,971,16,987,5
2021-08-26,Riverside,065,2383286,331435,324486,15437,339923,4615
2021-08-26,Sacramento,067,1510023,136593,130977,2968,133945,1827
2021-08-26,San Benito,069,59416,6699,6604,133,6737,64
2021-08-26,San Bernardino,071,2135413,326820,322100,10090,332190,5339
2021-08-26,San Diego,073,3302833,334535,328276,19588,347864,3869
2021-08-26,San Francisco,075,870044,47654,46288,1979,48267,581
2021-08-26,San Joaquin,077,732212,87477,84429,4585,89014,1513
2021-08-26,San Luis Obispo,079,281455,25682,24831,975,25806,278
2021-08-26,San Mateo,081,765935,49651,48263,721,48984,553
2021-08-26,Santa Barbara,083,443738,39592,38566,1364,39930,479
2021-08-26,Santa Clara,085,1922200,135038,131443,1010,132453,1782
2021-08-26,Santa Cruz,087,273765,18505,18072,935,19007,210
2021-08-26,Shasta,089,179085,15530,14891,2250,17141,217
2021-08-26,Sierra,091,2930,109,90,13,103,0
2021-08-26,Siskiyou,093,43540,2512,2342,715,3057,33
2021-08-26,Solano,095,438530,41433,39027,1027,40054,286
2021-08-26,Sonoma,097,501317,37424,36102,454,36556,337
2021-08-26,Stanislaus,099,539301,66566,64785,7470,72255,1061
2021-08-26,Sutter,101,95872,11842,11499,148,11647,135
2021-08-26,Tehama,103,63373,6170,5913,851,6764,68
2021-08-26,Trinity,105,12862,620,450,157,607,3
2021-08-26,Tulare,107,460477,56261,54157,11293,65450,870
2021-08-26,Tuolumne,109,53932,5493,5387,58,5445,74
2021-08-26,Ventura,111,848112,90769,89595,3936,93531,1080
2021-08-26,Yolo,113,214977,17280,16727,797,17524,231
2021-08-26,Yuba,115,75493,8199,7834,179,8013,54
2021-08-25,Alameda,001,1643700,108713,105636,2491,108127,1296
2021-08-25,Alpine,003,1148,91,92,0,92,0
2021-08-25,Amador,005,37829,4561,4415,41,4456,53
2021-08-25,Butte,007,227075,15857,15039,2622,17661,214
2021-08-25,Calaveras,009,45235,2997,2851,19,2870,59
2021-08-25,Colusa,011,21464,2281,2227,478,2705,16
2021-08-25,Contra Costa,013,1133247,89242,85322,1777,87099,863
2021-08-25,Del Norte,015,27424,2823,2573,16,2589,8
2021-08-25,El Dorado,017,186661,13542,12787,1216,14003,118
2021-08-25,Fresno,019,978130,116875,113384,10325,123709,1761
2021-08-25,Glenn,021,27897,2840,2728,769,3497,20
2021-08-25,Humboldt,023,135768,6989,6653,215,6868,52
2021-08-25,Imperial,025,180216,30417,30085,2886,32971,748
2021-08-25,Inyo,027,18085,1538,1518,14,1532,39
2021-08-25,Kern,029,883053,108342,105687,14801,120488,1379
2021-08-25,Kings,031,150075,26564,25676,1418,27094,258
2021-08-25,Lake,033,64148,5370,5163,56,5219,74
2021-08-25,Lassen,035,31185,5745,5583,153,5736,21
2021-08-25,Los Angeles,037,10098052,1348902,1331400,49943,1381343,25170
2021-08-25,Madera,039,155013,18954,18311,1342,19653,247
2021-08-25,Marin,041,260295,16263,15938,348,16286,240
2021-08-25,Mariposa,043,17540,730,676,19,695,5
2021-08-25,Mendocino,045,87422,5801,5486,197,5683,53
2021-08-25,Merced,047,269075,35354,34600,1322,35922,492
2021-08-25,Modoc,049,8938,448,433,155,588,5
2021-08-25,Mono,051,14174,1400,1382,18,1400,3
2021-08-25,Monterey,053,433212,45845,45196,2324,47520,539
2021-08-25,Napa,055,140530,11575,11348,71,11419,87
2021-08-25,Nevada,057,99092,7426,7000,245,7245,77
2021-08-25,Orange,059,3164182,286493,282061,13341,295402,5193
2021-08-25,Placer,061,380077,30699,28740,2656,31396,319
2021-08-25,Plumas,063,18699,1017,962,16,978,5
2021-08-25,Riverside,065,2383286,330590,323548,15415,338963,4610
2021-08-25,Sacramento,067,1510023,135913,130046,2929,132975,1827
2021-08-25,San Benito,069,59416,6678,6587,132,6719,64
2021-08-25,San Bernardino,071,2135413,326126,321228,10069,331297,5337
2021-08-25,San Diego,073,3302833,333267,327166,19503,346669,3859
2021-08-25,San Francisco,075,870044,47505,46107,1974,48081,578
2021-08-25,San Joaquin,077,732212,87092,84002,4569,88571,1510
2021-08-25,San Luis Obispo,079,281455,25490,24607,971,25578,276
2021-08-25,San Mateo,081,765935,49528,48153,718,48871,553
2021-08-25,Santa Barbara,083,443738,39463,38450,1364,39814,479
2021-08-25,Santa Clara,085,1922200,134669,130995,1007,132002,1783
2021-08-25,Santa Cruz,087,273765,18445,17987,932,18919,210
2021-08-25,Shasta,089,179085,15403,14752,2218,16970,217
2021-08-25,Sierra,091,2930,106,90,13,103,0
2021-08-25,Siskiyou,093,43540,2467,2322,696,3018,33
2021-08-25,Solano,095,438530,41262,38848,1015,39863,286
2021-08-25,Sonoma,097,501317,37300,35986,451,36437,336
2021-08-25,Stanislaus,099,539301,66285,64441,7438,71879,1061
2021-08-25,Sutter,101,95872,11774,11451,144,11595,134
2021-08-25,Tehama,103,63373,6111,5861,834,6695,68
2021-08-25,Trinity,105,12862,614,450,156,606,3
2021-08-25,Tulare,107,460477,55977,53877,11222,65099,866
2021-08-25,Tuolumne,109,53932,5467,5354,58,5412,74
2021-08-25,Ventura,111,848112,90585,89379,3922,93301,1068
2021-08-25,Yolo,113,214977,17215,16667,787,17454,231
2021-08-25,Yuba,115,75493,8133,7771,178,7949,54
2021-08-24,Alameda,001,1643700,108396,105319,2479,107798,1296
2021-08-24,Alpine,003,1148,91,92,0,92,0
2021-08-24,Amador,005,37829,4542,4380,41,4421,50
2021-08-24,Butte,007,227075,15702,14964,2588,17552,214
2021-08-24,Calaveras,009,45235,2958,2811,19,2830,59
2021-08-24,Colusa,011,21464,2273,2221,473,2694,16
2021-08-24,Contra Costa,013,1133247,88879,84963,1771,86734,857
2021-08-24,Del Norte,015,27424,2796,2543,16,2559,8
2021-08-24,El Dorado,017,186661,13465,12732,1200,13932,118
2021-08-24,Fresno,019,978130,116269,113024,10261,123285,1761
2021-08-24,Glenn,021,27897,2824,2717,762,3479,20
2021-08-24,Humboldt,023,135768,6926,6585,202,6787,52
2021-08-24,Imperial,025,180216,30356,30045,2880,32925,748
2021-08-24,Inyo,027,18085,1533,1512,14,1526,39
2021-08-24,Kern,029,883053,107878,105399,14633,120032,1375
2021-08-24,Kings,031,150075,26443,25629,1402,27031,258
2021-08-24,Lake,033,64148,5335,5135,56,5191,72
2021-08-24,Lassen,035,31185,5729,5576,151,5727,21
2021-08-24,Los Angeles,037,10098052,1346034,1328777,49834,1378611,25135
2021-08-24,Madera,039,155013,18878,18251,1325,19576,247
2021-08-24,Marin,041,260295,16227,15900,344,16244,240
2021-08-24,Mariposa,043,17540,723,670,19,689,5
2021-08-24,Mendocino,045,87422,5758,5416,190,5606,52
2021-08-24,Merced,047,269075,35186,34490,1311,35801,491
2021-08-24,Modoc,049,8938,448,432,155,587,5
2021-08-24,Mono,051,14174,1398,1382,18,1400,3
2021-08-24,Monterey,053,433212,45779,45126,2306,47432,539
2021-08-24,Napa,055,140530,11542,11299,70,11369,85
2021-08-24,Nevada,057,99092,7356,6981,243,7224,77
2021-08-24,Orange,059,3164182,285894,281461,13315,294776,5187
2021-08-24,Placer,061,380077,30496,28618,2617,31235,318
2021-08-24,Plumas,063,18699,1007,953,16,969,5
2021-08-24,Riverside,065,2383286,329717,322620,15384,338004,4605
2021-08-24,Sacramento,067,1510023,135229,129542,2881,132423,1812
2021-08-24,San Benito,069,59416,6665,6576,132,6708,64
2021-08-24,San Bernardino,071,2135413,325371,320300,10039,330339,5328
2021-08-24,San Diego,073,3302833,331824,325823,19394,345217,3851
2021-08-24,San Francisco,075,870044,47330,46010,1963,47973,574
2021-08-24,San Joaquin,077,732212,86652,83684,4531,88215,1508
2021-08-24,San Luis Obispo,079,281455,25312,24443,960,25403,274
2021-08-24,San Mateo,081,765935,49379,48050,716,48766,553
2021-08-24,Santa Barbara,083,443738,39332,38307,1363,39670,478
2021-08-24,Santa Clara,085,1922200,134245,130763,1003,131766,1779
2021-08-24,Santa Cruz,087,273765,18370,17928,926,18854,209
2021-08-24,Shasta,089,179085,15295,14664,2186,16850,217
2021-08-24,Sierra,091,2930,103,90,13,103,0
2021-08-24,Siskiyou,093,43540,2445,2294,681,2975,33
2021-08-24,Solano,095,438530,41053,38724,1003,39727,283
2021-08-24,Sonoma,097,501317,37172,35849,449,36298,336
2021-08-24,Stanislaus,099,539301,65956,64195,7384,71579,1058
2021-08-24,Sutter,101,95872,11707,11384,141,11525,134
2021-08-24,Tehama,103,63373,6065,5826,820,6646,67
2021-08-24,Trinity,105,12862,603,446,148,594,3
2021-08-24,Tulare,107,460477,55625,53702,11132,64834,856
2021-08-24,Tuolumne,109,53932,5436,5287,58,5345,74
2021-08-24,Ventura,111,848112,90401,89167,3911,93078,1068
2021-08-24,Yolo,113,214977,17138,16492,774,17266,231
2021-08-24,Yuba,115,75493,8050,7723,176,7899,54
2021-08-23,Alameda,001,1643700,107982,104922,2466,107388,1294
2021-08-23,Alpine,003,1148,91,91,0,91,0
2021-08-23,Amador,005,37829,4528,4369,41,4410,50
2021-08-23,Butte,007,227075,15557,14847,2553,17400,211
2021-08-23,Calaveras,009,45235,2931,2803,19,2822,59
2021-08-23,Colusa,011,21464,2269,2206,470,2676,16
2021-08-23,Contra Costa,013,1133247,88501,84651,1764,86415,857
2021-08-23,Del Norte,015,27424,2750,2499,16,2515,8
2021-08-23,El Dorado,017,186661,13362,12684,1178,13862,118
2021-08-23,Fresno,019,978130,115707,112445,10211,122656,1759
2021-08-23,Glenn,021,27897,2808,2696,752,3448,20
2021-08-23,Humboldt,023,135768,6853,6498,188,6686,52
2021-08-23,Imperial,025,180216,30305,30011,2877,32888,748
2021-08-23,Inyo,027,18085,1526,1509,14,1523,39
2021-08-23,Kern,029,883053,107423,104995,14478,119473,1375
2021-08-23,Kings,031,150075,26312,25465,1396,26861,257
2021-08-23,Lake,033,64148,5295,5099,54,5153,69
2021-08-23,Lassen,035,31185,5717,5562,151,5713,21
2021-08-23,Los Angeles,037,10098052,1343067,1326412,49702,1376114,25096
2021-08-23,Madera,039,155013,18792,18155,1310,19465,246
2021-08-23,Marin,041,260295,16179,15856,340,16196,240
2021-08-23,Mariposa,043,17540,712,645,19,664,5
2021-08-23,Mendocino,045,87422,5691,5374,183,5557,51
2021-08-23,Merced,047,269075,35004,34322,1306,35628,488
2021-08-23,Modoc,049,8938,445,431,154,585,6
2021-08-23,Mono,051,14174,1394,1384,18,1402,3
2021-08-23,Monterey,053,433212,45679,45047,2295,47342,538
2021-08-23,Napa,055,140530,11504,11257,70,11327,85
2021-08-23,Nevada,057,99092,7275,6930,241,7171,77
2021-08-23,Orange,059,3164182,285261,280891,13280,294171,5181
2021-08-23,Placer,061,380077,30296,28540,2579,31119,314
2021-08-23,Plumas,063,18699,999,934,16,950,5
2021-08-23,Riverside,065,2383286,328804,321650,15358,337008,4598
2021-08-23,Sacramento,067,1510023,134442,128969,2814,131783,1807
2021-08-23,San Benito,069,59416,6647,6562,130,6692,64
2021-08-23,San Bernardino,071,2135413,324566,319577,10000,329577,5324
2021-08-23,San Diego,073,3302833,330391,324536,19271,343807,3848
2021-08-23,San Francisco,075,870044,47175,45945,1954,47899,573
2021-08-23,San Joaquin,077,732212,86219,83466,4498,87964,1499
2021-08-23,San Luis Obispo,079,281455,25130,24317,958,25275,274
2021-08-23,San Mateo,081,765935,49241,47935,713,48648,553
2021-08-23,Santa Barbara,083,443738,39153,38181,1361,39542,478
2021-08-23,Santa Clara,085,1922200,133845,130489,999,131488,1778
2021-08-23,Santa Cruz,087,273765,18313,17871,924,18795,209
2021-08-23,Shasta,089,179085,15168,14537,2147,16684,216
2021-08-23,Sierra,091,2930,103,90,13,103,0
2021-08-23,Siskiyou,093,43540,2424,2274,660,2934,33
2021-08-23,Solano,095,438530,40900,38612,994,39606,283
2021-08-23,Sonoma,097,501317,37052,35769,448,36217,336
2021-08-23,Stanislaus,099,539301,65622,63922,7345,71267,1058
2021-08-23,Sutter,101,95872,11618,11314,133,11447,133
2021-08-23,Tehama,103,63373,6011,5805,802,6607,67
2021-08-23,Trinity,105,12862,600,435,145,580,3
2021-08-23,Tulare,107,460477,55318,53370,11060,64430,856
2021-08-23,Tuolumne,109,53932,5394,5240,58,5298,73
2021-08-23,Ventura,111,848112,90182,88960,3899,92859,1063
2021-08-23,Yolo,113,214977,17050,16445,759,17204,226
2021-08-23,Yuba,115,75493,7979,7653,174,7827,54
2021-08-22,Alameda,001,1643700,107535,104539,2438,106977,1294
2021-08-22,Alpine,003,1148,91,91,0,91,0
2021-08-22,Amador,005,37829,4498,4349,41,4390,50
2021-08-22,Butte,007,227075,15417,14791,2517,17308,211
2021-08-22,Calaveras,009,45235,2893,2771,19,2790,59
2021-08-22,Colusa,011,21464,2262,2201,464,2665,16
2021-08-22,Contra Costa,013,1133247,87960,84371,1751,86122,857
2021-08-22,Del Norte,015,27424,2690,2455,16,2471,8
2021-08-22,El Dorado,017,186661,13258,12629,1157,13786,118
2021-08-22,Fresno,019,978130,115108,112057,10142,122199,1759
2021-08-22,Glenn,021,27897,2780,2678,739,3417,20
2021-08-22,Humboldt,023,135768,6775,6483,170,6653,52
2021-08-22,Imperial,025,180216,30247,29993,2872,32865,748
2021-08-22,Inyo,027,18085,1520,1505,14,1519,39
2021-08-22,Kern,029,883053,106897,104691,14324,119015,1375
2021-08-22,Kings,031,150075,26154,25391,1379,26770,257
2021-08-22,Lake,033,64148,5250,5069,51,5120,69
2021-08-22,Lassen,035,31185,5685,5556,147,5703,21
2021-08-22,Los Angeles,037,10098052,1339760,1324151,49567,1373718,25089
2021-08-22,Madera,039,155013,18673,18120,1295,19415,246
2021-08-22,Marin,041,260295,16127,15822,332,16154,240
2021-08-22,Mariposa,043,17540,702,638,17,655,5
2021-08-22,Mendocino,045,87422,5632,5336,183,5519,51
2021-08-22,Merced,047,269075,34801,34234,1293,35527,488
2021-08-22,Modoc,049,8938,443,431,154,585,6
2021-08-22,Mono,051,14174,1392,1378,18,1396,3
2021-08-22,Monterey,053,433212,45580,45017,2281,47298,538
2021-08-22,Napa,055,140530,11459,11231,70,11301,85
2021-08-22,Nevada,057,99092,7201,6864,239,7103,77
2021-08-22,Orange,059,3164182,284567,280390,13235,293625,5181
2021-08-22,Placer,061,380077,30087,28395,2543,30938,314
2021-08-22,Plumas,063,18699,981,923,15,938,5
2021-08-22,Riverside,065,2383286,327783,320836,15310,336146,4594
2021-08-22,Sacramento,067,1510023,133664,128231,2774,131005,1802
2021-08-22,San Benito,069,59416,6631,6550,130,6680,64
2021-08-22,San Bernardino,071,2135413,323598,318839,9965,328804,5324
2021-08-22,San Diego,073,3302833,329070,323591,19165,342756,3848
2021-08-22,San Francisco,075,870044,47009,45831,1944,47775,573
2021-08-22,San Joaquin,077,732212,85760,83121,4463,87584,1498
2021-08-22,San Luis Obispo,079,281455,24924,24250,951,25201,274
2021-08-22,San Mateo,081,765935,49065,47821,708,48529,553
2021-08-22,Santa Barbara,083,443738,38972,38099,1353,39452,478
2021-08-22,Santa Clara,085,1922200,133428,130189,992,131181,1778
2021-08-22,Santa Cruz,087,273765,18255,17823,919,18742,209
2021-08-22,Shasta,089,179085,15031,14478,2111,16589,216
2021-08-22,Sierra,091,2930,103,87,13,100,0
2021-08-22,Siskiyou,093,43540,2395,2261,642,2903,33
2021-08-22,Solano,095,438530,40702,38489,981,39470,283
2021-08-22,Sonoma,097,501317,36896,35676,445,36121,336
2021-08-22,Stanislaus,099,539301,65270,63683,7255,70938,1058
2021-08-22,Sutter,101,95872,11536,11251,129,11380,133
2021-08-22,Tehama,103,63373,5965,5791,783,6574,67
2021-08-22,Trinity,105,12862,593,433,143,576,3
2021-08-22,Tulare,107,460477,54999,53220,10975,64195,856
2021-08-22,Tuolumne,109,53932,5350,5214,58,5272,73
2021-08-22,Ventura,111,848112,89973,88791,3882,92673,1063
2021-08-22,Yolo,113,214977,16947,16374,750,17124,226
2021-08-22,Yuba,115,75493,7906,7626,173,7799,54
2021-08-21,Alameda,001,1643700,107330,104281,2431,106712,1294
2021-08-21,Alpine,003,1148,91,91,0,91,0
2021-08-21,Amador,005,37829,4488,4338,39,4377,50
2021-08-21,Butte,007,227075,15349,14714,2496,17210,211
2021-08-21,Calaveras,009,45235,2877,2744,19,2763,59
2021-08-21,Colusa,011,21464,2256,2192,460,2652,16
2021-08-21,Contra Costa,013,1133247,87701,84136,1743,85879,857
2021-08-21,Del Norte,015,27424,2667,2409,16,2425,8
2021-08-21,El Dorado,017,186661,13214,12590,1153,13743,118
2021-08-21,Fresno,019,978130,114908,111765,10129,121894,1759
2021-08-21,Glenn,021,27897,2767,2654,731,3385,20
2021-08-21,Humboldt,023,135768,6737,6446,164,6610,52
2021-08-21,Imperial,025,180216,30204,29976,2869,32845,748
2021-08-21,Inyo,027,18085,1517,1500,14,1514,39
2021-08-21,Kern,029,883053,106642,104443,14200,118643,1375
2021-08-21,Kings,031,150075,26083,25313,1374,26687,257
2021-08-21,Lake,033,64148,5230,5055,49,5104,69
2021-08-21,Lassen,035,31185,5671,5553,147,5700,21
2021-08-21,Los Angeles,037,10098052,1338460,1321308,49473,1370781,25080
2021-08-21,Madera,039,155013,18635,18067,1289,19356,246
2021-08-21,Marin,041,260295,16093,15775,330,16105,240
2021-08-21,Mariposa,043,17540,692,634,17,651,5
2021-08-21,Mendocino,045,87422,5586,5307,182,5489,51
2021-08-21,Merced,047,269075,34696,34148,1288,35436,488
2021-08-21,Modoc,049,8938,443,430,154,584,6
2021-08-21,Mono,051,14174,1392,1378,18,1396,3
2021-08-21,Monterey,053,433212,45533,44969,2274,47243,538
2021-08-21,Napa,055,140530,11424,11211,70,11281,85
2021-08-21,Nevada,057,99092,7157,6810,237,7047,77
2021-08-21,Orange,059,3164182,284115,279855,13201,293056,5181
2021-08-21,Placer,061,380077,29949,28289,2518,30807,314
2021-08-21,Plumas,063,18699,977,916,14,930,5
2021-08-21,Riverside,065,2383286,327203,320086,15297,335383,4594
2021-08-21,Sacramento,067,1510023,133169,127751,2763,130514,1809
2021-08-21,San Benito,069,59416,6621,6542,129,6671,64
2021-08-21,San Bernardino,071,2135413,323146,318293,9944,328237,5324
2021-08-21,San Diego,073,3302833,328414,322620,19116,341736,3848
2021-08-21,San Francisco,075,870044,46907,45637,1937,47574,573
2021-08-21,San Joaquin,077,732212,85543,82825,4449,87274,1498
2021-08-21,San Luis Obispo,079,281455,24866,24169,951,25120,273
2021-08-21,San Mateo,081,765935,48970,47685,708,48393,553
2021-08-21,Santa Barbara,083,443738,38890,37951,1349,39300,478
2021-08-21,Santa Clara,085,1922200,133163,129911,988,130899,1778
2021-08-21,Santa Cruz,087,273765,18218,17763,914,18677,209
2021-08-21,Shasta,089,179085,14957,14417,2097,16514,217
2021-08-21,Sierra,091,2930,98,85,13,98,0
2021-08-21,Siskiyou,093,43540,2381,2246,631,2877,33
2021-08-21,Solano,095,438530,40591,38423,971,39394,281
2021-08-21,Sonoma,097,501317,36809,35582,444,36026,336
2021-08-21,Stanislaus,099,539301,65088,63512,7237,70749,1058
2021-08-21,Sutter,101,95872,11491,11204,127,11331,133
2021-08-21,Tehama,103,63373,5940,5757,776,6533,67
2021-08-21,Trinity,105,12862,588,431,141,572,3
2021-08-21,Tulare,107,460477,54856,53045,10931,63976,857
2021-08-21,Tuolumne,109,53932,5319,5193,58,5251,73
2021-08-21,Ventura,111,848112,89828,88558,3867,92425,1063
2021-08-21,Yolo,113,214977,16900,16322,744,17066,226
2021-08-21,Yuba,115,75493,7860,7580,172,7752,54
2021-08-20,Alameda,001,1643700,107091,103812,2423,106235,1294
2021-08-20,Alpine,003,1148,91,91,0,91,0
2021-08-20,Amador,005,37829,4462,4323,39,4362,50
2021-08-20,Butte,007,227075,15276,14617,2475,17092,211
2021-08-20,Calaveras,009,45235,2857,2717,19,2736,59
2021-08-20,Colusa,011,21464,2251,2178,458,2636,16
2021-08-20,Contra Costa,013,1133247,87426,83721,1736,85457,857
2021-08-20,Del Norte,015,27424,2635,2316,16,2332,8
2021-08-20,El Dorado,017,186661,13176,12495,1145,13640,118
2021-08-20,Fresno,019,978130,114552,111315,10095,121410,1759
2021-08-20,Glenn,021,27897,2760,2642,721,3363,20
2021-08-20,Humboldt,023,135768,6685,6349,159,6508,52
2021-08-20,Imperial,025,180216,30181,29934,2869,32803,747
2021-08-20,Inyo,027,18085,1511,1495,14,1509,39
2021-08-20,Kern,029,883053,106358,104048,14072,118120,1373
2021-08-20,Kings,031,150075,26017,25241,1372,26613,256
2021-08-20,Lake,033,64148,5215,5024,46,5070,69
2021-08-20,Lassen,035,31185,5651,5539,147,5686,21
2021-08-20,Los Angeles,037,10098052,1336580,1317541,49372,1366913,25049
2021-08-20,Madera,039,155013,18586,18018,1274,19292,246
2021-08-20,Marin,041,260295,16075,15727,326,16053,240
2021-08-20,Mariposa,043,17540,687,630,17,647,5
2021-08-20,Mendocino,045,87422,5540,5241,181,5422,51
2021-08-20,Merced,047,269075,34632,34035,1278,35313,486
2021-08-20,Modoc,049,8938,443,429,154,583,6
2021-08-20,Mono,051,14174,1391,1368,18,1386,3
2021-08-20,Monterey,053,433212,45495,44890,2267,47157,538
2021-08-20,Napa,055,140530,11392,11152,70,11222,83
2021-08-20,Nevada,057,99092,7115,6753,231,6984,77
2021-08-20,Orange,059,3164182,283670,279193,13180,292373,5179
2021-08-20,Placer,061,380077,29854,28156,2489,30645,313
2021-08-20,Plumas,063,18699,967,908,14,922,5
2021-08-20,Riverside,065,2383286,326507,319072,15266,334338,4594
2021-08-20,Sacramento,067,1510023,132693,127226,2746,129972,1797
2021-08-20,San Benito,069,59416,6607,6508,129,6637,64
2021-08-20,San Bernardino,071,2135413,322533,317372,9915,327287,5322
2021-08-20,San Diego,073,3302833,327505,321102,19046,340148,3846
2021-08-20,San Francisco,075,870044,46810,45432,1922,47354,573
2021-08-20,San Joaquin,077,732212,85313,82419,4431,86850,1496
2021-08-20,San Luis Obispo,079,281455,24788,23986,947,24933,273
2021-08-20,San Mateo,081,765935,48857,47561,705,48266,551
2021-08-20,Santa Barbara,083,443738,38805,37794,1344,39138,477
2021-08-20,Santa Clara,085,1922200,132880,129510,983,130493,1774
2021-08-20,Santa Cruz,087,273765,18178,17701,911,18612,209
2021-08-20,Shasta,089,179085,14877,14277,2078,16355,215
2021-08-20,Sierra,091,2930,97,83,13,96,0
2021-08-20,Siskiyou,093,43540,2365,2226,626,2852,33
2021-08-20,Solano,095,438530,40451,38214,960,39174,277
2021-08-20,Sonoma,097,501317,36741,35416,443,35859,336
2021-08-20,Stanislaus,099,539301,64899,63219,7213,70432,1047
2021-08-20,Sutter,101,95872,11435,11136,126,11262,133
2021-08-20,Tehama,103,63373,5924,5730,764,6494,66
2021-08-20,Trinity,105,12862,588,422,140,562,3
2021-08-20,Tulare,107,460477,54726,52855,10888,63743,856
2021-08-20,Tuolumne,109,53932,5295,5153,57,5210,73
2021-08-20,Ventura,111,848112,89660,88285,3864,92149,1061
2021-08-20,Yolo,113,214977,16846,16236,738,16974,225
2021-08-20,Yuba,115,75493,7819,7523,172,7695,54
2021-08-19,Alameda,001,1643700,106641,103276,2401,105677,1294
2021-08-19,Alpine,003,1148,91,91,0,91,0
2021-08-19,Amador,005,37829,4455,4317,39,4356,50
2021-08-19,Butte,007,227075,15142,14518,2446,16964,211
2021-08-19,Calaveras,009,45235,2835,2673,19,2692,59
2021-08-19,Colusa,011,21464,2242,2167,453,2620,16
2021-08-19,Contra Costa,013,1133247,86988,83296,1722,85018,852
2021-08-19,Del Norte,015,27424,2585,2257,16,2273,8
2021-08-19,El Dorado,017,186661,13091,12410,1126,13536,118
2021-08-19,Fresno,019,978130,114113,110947,10041,120988,1759
2021-08-19,Glenn,021,27897,2742,2629,714,3343,20
2021-08-19,Humboldt,023,135768,6624,6246,153,6399,52
2021-08-19,Imperial,025,180216,30135,29865,2864,32729,747
2021-08-19,Inyo,027,18085,1504,1494,14,1508,39
2021-08-19,Kern,029,883053,105962,103731,13931,117662,1371
2021-08-19,Kings,031,150075,25886,25128,1360,26488,256
2021-08-19,Lake,033,64148,5183,4991,42,5033,69
2021-08-19,Lassen,035,31185,5633,5520,146,5666,21
2021-08-19,Los Angeles,037,10098052,1333599,1314453,49229,1363682,25020
2021-08-19,Madera,039,155013,18524,17947,1259,19206,246
2021-08-19,Marin,041,260295,16042,15672,323,15995,240
2021-08-19,Mariposa,043,17540,672,618,17,635,5
2021-08-19,Mendocino,045,87422,5507,5167,178,5345,51
2021-08-19,Merced,047,269075,34497,33851,1265,35116,486
2021-08-19,Modoc,049,8938,443,427,154,581,6
2021-08-19,Mono,051,14174,1387,1349,18,1367,3
2021-08-19,Monterey,053,433212,45422,44821,2257,47078,538
2021-08-19,Napa,055,140530,11340,11104,70,11174,83
2021-08-19,Nevada,057,99092,7051,6695,229,6924,77
2021-08-19,Orange,059,3164182,283034,278562,13129,291691,5172
2021-08-19,Placer,061,380077,29674,27953,2471,30424,313
2021-08-19,Plumas,063,18699,954,896,14,910,5
2021-08-19,Riverside,065,2383286,325479,318056,15237,333293,4589
2021-08-19,Sacramento,067,1510023,131989,126720,2711,129431,1801
2021-08-19,San Benito,069,59416,6589,6493,128,6621,64
2021-08-19,San Bernardino,071,2135413,321709,316398,9892,326290,5318
2021-08-19,San Diego,073,3302833,326254,319582,18948,338530,3839
2021-08-19,San Francisco,075,870044,46647,45220,1909,47129,571
2021-08-19,San Joaquin,077,732212,84868,82047,4380,86427,1491
2021-08-19,San Luis Obispo,079,281455,24650,23878,940,24818,271
2021-08-19,San Mateo,081,765935,48725,47431,703,48134,551
2021-08-19,Santa Barbara,083,443738,38660,37693,1341,39034,477
2021-08-19,Santa Clara,085,1922200,132490,129133,976,130109,1774
2021-08-19,Santa Cruz,087,273765,18115,17644,904,18548,209
2021-08-19,Shasta,089,179085,14753,14200,2055,16255,214
2021-08-19,Sierra,091,2930,93,83,13,96,0
2021-08-19,Siskiyou,093,43540,2350,2218,614,2832,33
2021-08-19,Solano,095,438530,40293,38025,948,38973,273
2021-08-19,Sonoma,097,501317,36653,35233,442,35675,336
2021-08-19,Stanislaus,099,539301,64557,62928,7169,70097,1047
2021-08-19,Sutter,101,95872,11350,11057,125,11182,133
2021-08-19,Tehama,103,63373,5888,5683,737,6420,66
2021-08-19,Trinity,105,12862,584,414,138,552,3
2021-08-19,Tulare,107,460477,54494,52685,10824,63509,856
2021-08-19,Tuolumne,109,53932,5259,5112,56,5168,64
2021-08-19,Ventura,111,848112,89457,88073,3849,91922,1060
2021-08-19,Yolo,113,214977,16761,16153,730,16883,225
2021-08-19,Yuba,115,75493,7766,7458,171,7629,51
2021-08-18,Alameda,001,1643700,106227,102696,2379,105075,1294
2021-08-18,Alpine,003,1148,90,91,0,91,0
2021-08-18,Amador,005,37829,4438,4279,38,4317,50
2021-08-18,Butte,007,227075,15032,14426,2420,16846,208
2021-08-18,Calaveras,009,45235,2798,2643,18,2661,59
2021-08-18,Colusa,011,21464,2234,2160,449,2609,16
2021-08-18,Contra Costa,013,1133247,86487,82767,1716,84483,851
2021-08-18,Del Norte,015,27424,2528,2219,16,2235,8
2021-08-18,El Dorado,017,186661,13001,12306,1112,13418,118
2021-08-18,Fresno,019,978130,113659,110523,9978,120501,1759
2021-08-18,Glenn,021,27897,2710,2623,706,3329,20
2021-08-18,Humboldt,023,135768,6553,6195,148,6343,52
2021-08-18,Imperial,025,180216,30102,29821,2862,32683,746
2021-08-18,Inyo,027,18085,1501,1494,14,1508,39
2021-08-18,Kern,029,883053,105615,103440,13836,117276,1370
2021-08-18,Kings,031,150075,25777,24984,1352,26336,256
2021-08-18,Lake,033,64148,5142,4957,41,4998,69
2021-08-18,Lassen,035,31185,5614,5506,145,5651,21
2021-08-18,Los Angeles,037,10098052,1330448,1311477,49096,1360573,24984
2021-08-18,Madera,039,155013,18464,17871,1246,19117,246
2021-08-18,Marin,041,260295,16004,15610,320,15930,240
2021-08-18,Mariposa,043,17540,659,615,16,631,5
2021-08-18,Mendocino,045,87422,5456,5129,176,5305,51
2021-08-18,Merced,047,269075,34332,33708,1254,34962,484
2021-08-18,Modoc,049,8938,443,427,153,580,6
2021-08-18,Mono,051,14174,1384,1344,18,1362,3
2021-08-18,Monterey,053,433212,45338,44735,2240,46975,532
2021-08-18,Napa,055,140530,11301,11060,69,11129,83
2021-08-18,Nevada,057,99092,6985,6633,229,6862,76
2021-08-18,Orange,059,3164182,282397,277795,13074,290869,5168
2021-08-18,Placer,061,380077,29447,27741,2443,30184,312
2021-08-18,Plumas,063,18699,945,874,14,888,5
2021-08-18,Riverside,065,2383286,324479,317107,15203,332310,4585
2021-08-18,Sacramento,067,1510023,131229,125599,2679,128278,1781
2021-08-18,San Benito,069,59416,6578,6481,127,6608,64
2021-08-18,San Bernardino,071,2135413,320909,315477,9873,325350,5304
2021-08-18,San Diego,073,3302833,324914,318152,18882,337034,3834
2021-08-18,San Francisco,075,870044,46444,44957,1899,46856,568
2021-08-18,San Joaquin,077,732212,84416,81601,4349,85950,1491
2021-08-18,San Luis Obispo,079,281455,24500,23726,927,24653,270
2021-08-18,San Mateo,081,765935,48561,47255,702,47957,551
2021-08-18,Santa Barbara,083,443738,38529,37599,1335,38934,475
2021-08-18,Santa Clara,085,1922200,132126,128563,973,129536,1773
2021-08-18,Santa Cruz,087,273765,18060,17566,900,18466,209
2021-08-18,Shasta,089,179085,14654,14087,2036,16123,213
2021-08-18,Sierra,091,2930,92,83,13,96,0
2021-08-18,Siskiyou,093,43540,2321,2204,602,2806,33
2021-08-18,Solano,095,438530,40087,37812,933,38745,271
2021-08-18,Sonoma,097,501317,36509,35063,441,35504,333
2021-08-18,Stanislaus,099,539301,64227,62613,7125,69738,1047
2021-08-18,Sutter,101,95872,11278,11004,120,11124,130
2021-08-18,Tehama,103,63373,5853,5653,727,6380,66
2021-08-18,Trinity,105,12862,577,409,135,544,3
2021-08-18,Tulare,107,460477,54254,52486,10755,63241,856
2021-08-18,Tuolumne,109,53932,5223,5081,54,5135,64
2021-08-18,Ventura,111,848112,89225,87835,3839,91674,1055
2021-08-18,Yolo,113,214977,16678,16047,711,16758,225
2021-08-18,Yuba,115,75493,7701,7391,171,7562,51
2021-08-17,Alameda,001,1643700,105827,102379,2364,104743,1290
2021-08-17,Alpine,003,1148,90,91,0,91,0
2021-08-17,Amador,005,37829,4409,4266,38,4304,50
2021-08-17,Butte,007,227075,14925,14357,2386,16743,206
2021-08-17,Calaveras,009,45235,2764,2624,18,2642,59
2021-08-17,Colusa,011,21464,2225,2156,445,2601,16
2021-08-17,Contra Costa,013,1133247,86041,82482,1705,84187,848
2021-08-17,Del Norte,015,27424,2474,2188,16,2204,8
2021-08-17,El Dorado,017,186661,12914,12242,1098,13340,118
2021-08-17,Fresno,019,978130,113175,110263,9913,120176,1755
2021-08-17,Glenn,021,27897,2696,2608,697,3305,20
2021-08-17,Humboldt,023,135768,6473,6155,146,6301,52
2021-08-17,Imperial,025,180216,30051,29768,2858,32626,746
2021-08-17,Inyo,027,18085,1498,1492,14,1506,39
2021-08-17,Kern,029,883053,105221,103048,13712,116760,1367
2021-08-17,Kings,031,150075,25671,24930,1341,26271,254
2021-08-17,Lake,033,64148,5099,4930,35,4965,68
2021-08-17,Lassen,035,31185,5597,5499,143,5642,21
2021-08-17,Los Angeles,037,10098052,1326894,1307999,48966,1356965,24952
2021-08-17,Madera,039,155013,18390,17838,1226,19064,246
2021-08-17,Marin,041,260295,15948,15570,320,15890,240
2021-08-17,Mariposa,043,17540,651,609,15,624,5
2021-08-17,Mendocino,045,87422,5401,5097,176,5273,51
2021-08-17,Merced,047,269075,34182,33508,1244,34752,482
2021-08-17,Modoc,049,8938,440,424,151,575,6
2021-08-17,Mono,051,14174,1379,1341,18,1359,3
2021-08-17,Monterey,053,433212,45254,44672,2230,46902,528
2021-08-17,Napa,055,140530,11260,11007,68,11075,83
2021-08-17,Nevada,057,99092,6910,6605,227,6832,75
2021-08-17,Orange,059,3164182,281750,277121,13038,290159,5164
2021-08-17,Placer,061,380077,29232,27634,2414,30048,312
2021-08-17,Plumas,063,18699,933,860,14,874,5
2021-08-17,Riverside,065,2383286,323467,316051,15160,331211,4582
2021-08-17,Sacramento,067,1510023,130435,125151,2636,127787,1774
2021-08-17,San Benito,069,59416,6559,6470,127,6597,64
2021-08-17,San Bernardino,071,2135413,319972,314402,9833,324235,5302
2021-08-17,San Diego,073,3302833,323304,317058,18784,335842,3824
2021-08-17,San Francisco,075,870044,46244,44820,1893,46713,567
2021-08-17,San Joaquin,077,732212,83947,81300,4316,85616,1489
2021-08-17,San Luis Obispo,079,281455,24344,23556,924,24480,268
2021-08-17,San Mateo,081,765935,48406,47127,697,47824,551
2021-08-17,Santa Barbara,083,443738,38370,37478,1328,38806,475
2021-08-17,Santa Clara,085,1922200,131723,128354,966,129320,1773
2021-08-17,Santa Cruz,087,273765,17975,17528,899,18427,209
2021-08-17,Shasta,089,179085,14523,14012,2017,16029,214
2021-08-17,Sierra,091,2930,91,82,13,95,0
2021-08-17,Siskiyou,093,43540,2305,2183,589,2772,33
2021-08-17,Solano,095,438530,39858,37662,920,38582,269
2021-08-17,Sonoma,097,501317,36361,34943,437,35380,333
2021-08-17,Stanislaus,099,539301,63887,62385,7065,69450,1047
2021-08-17,Sutter,101,95872,11206,10973,120,11093,130
2021-08-17,Tehama,103,63373,5819,5612,705,6317,66
2021-08-17,Trinity,105,12862,572,406,132,538,3
2021-08-17,Tulare,107,460477,53986,52362,10690,63052,856
2021-08-17,Tuolumne,109,53932,5180,5042,53,5095,64
2021-08-17,Ventura,111,848112,88987,87601,3818,91419,1053
2021-08-17,Yolo,113,214977,16589,15975,697,16672,225
2021-08-17,Yuba,115,75493,7630,7355,171,7526,51
2021-08-16,Alameda,001,1643700,105324,102052,2355,104407,1287
2021-08-16,Alpine,003,1148,90,91,0,91,0
2021-08-16,Amador,005,37829,4399,4235,38,4273,50
2021-08-16,Butte,007,227075,14807,14283,2351,16634,206
2021-08-16,Calaveras,009,45235,2704,2609,17,2626,57
2021-08-16,Colusa,011,21464,2214,2147,441,2588,16
2021-08-16,Contra Costa,013,1133247,85498,82070,1695,83765,848
2021-08-16,Del Norte,015,27424,2397,2125,16,2141,8
2021-08-16,El Dorado,017,186661,12813,12139,1085,13224,118
2021-08-16,Fresno,019,978130,112677,109623,9861,119484,1753
2021-08-16,Glenn,021,27897,2677,2593,691,3284,20
2021-08-16,Humboldt,023,135768,6402,6064,125,6189,52
2021-08-16,Imperial,025,180216,30010,29737,2843,32580,746
2021-08-16,Inyo,027,18085,1495,1490,14,1504,39
2021-08-16,Kern,029,883053,104846,102690,13596,116286,1367
2021-08-16,Kings,031,150075,25568,24817,1331,26148,254
2021-08-16,Lake,033,64148,5072,4898,34,4932,68
2021-08-16,Lassen,035,31185,5581,5481,135,5616,21
2021-08-16,Los Angeles,037,10098052,1323512,1305330,48821,1354151,24923
2021-08-16,Madera,039,155013,18315,17756,1205,18961,246
2021-08-16,Marin,041,260295,15889,15497,319,15816,239
2021-08-16,Mariposa,043,17540,634,597,15,612,5
2021-08-16,Mendocino,045,87422,5345,5037,174,5211,49
2021-08-16,Merced,047,269075,33981,33364,1231,34595,481
2021-08-16,Modoc,049,8938,438,421,150,571,5
2021-08-16,Mono,051,14174,1374,1339,18,1357,3
2021-08-16,Monterey,053,433212,45175,44595,2218,46813,527
2021-08-16,Napa,055,140530,11231,10946,68,11014,83
2021-08-16,Nevada,057,99092,6855,6535,226,6761,74
2021-08-16,Orange,059,3164182,280956,275985,12992,288977,5161
2021-08-16,Placer,061,380077,29049,27384,2382,29766,306
2021-08-16,Plumas,063,18699,922,851,14,865,5
2021-08-16,Riverside,065,2383286,322376,314774,15123,329897,4582
2021-08-16,Sacramento,067,1510023,129625,124554,2593,127147,1762
2021-08-16,San Benito,069,59416,6535,6452,127,6579,64
2021-08-16,San Bernardino,071,2135413,319008,313617,9806,323423,5301
2021-08-16,San Diego,073,3302833,321706,315348,18644,333992,3824
2021-08-16,San Francisco,075,870044,46040,44681,1885,46566,567
2021-08-16,San Joaquin,077,732212,83444,81087,4289,85376,1488
2021-08-16,San Luis Obispo,079,281455,24194,23452,916,24368,265
2021-08-16,San Mateo,081,765935,48223,47024,690,47714,548
2021-08-16,Santa Barbara,083,443738,38199,37358,1323,38681,475
2021-08-16,Santa Clara,085,1922200,131259,127978,962,128940,1773
2021-08-16,Santa Cruz,087,273765,17911,17491,893,18384,209
2021-08-16,Shasta,089,179085,14434,13862,2001,15863,211
2021-08-16,Sierra,091,2930,88,82,13,95,0
2021-08-16,Siskiyou,093,43540,2288,2169,569,2738,33
2021-08-16,Solano,095,438530,39577,37436,906,38342,263
2021-08-16,Sonoma,097,501317,36193,34844,435,35279,333
2021-08-16,Stanislaus,099,539301,63548,62033,7013,69046,1039
2021-08-16,Sutter,101,95872,11137,10902,119,11021,130
2021-08-16,Tehama,103,63373,5756,5565,700,6265,66
2021-08-16,Trinity,105,12862,566,400,131,531,3
2021-08-16,Tulare,107,460477,53743,52162,10620,62782,856
2021-08-16,Tuolumne,109,53932,5141,4984,52,5036,64
2021-08-16,Ventura,111,848112,88742,86954,3800,90754,1052
2021-08-16,Yolo,113,214977,16488,15922,689,16611,225
2021-08-16,Yuba,115,75493,7546,7314,170,7484,51
2021-08-15,Alameda,001,1643700,104831,101660,2338,103998,1287
2021-08-15,Alpine,003,1148,90,91,0,91,0
2021-08-15,Amador,005,37829,4371,4231,38,4269,49
2021-08-15,Butte,007,227075,14683,14263,2328,16591,206
2021-08-15,Calaveras,009,45235,2662,2599,17,2616,57
2021-08-15,Colusa,011,21464,2202,2140,431,2571,16
2021-08-15,Contra Costa,013,1133247,85016,81781,1680,83461,848
2021-08-15,Del Norte,015,27424,2330,2060,16,2076,8
2021-08-15,El Dorado,017,186661,12678,12057,1068,13125,118
2021-08-15,Fresno,019,978130,112197,109382,9795,119177,1753
2021-08-15,Glenn,021,27897,2654,2592,679,3271,20
2021-08-15,Humboldt,023,135768,6328,6024,119,6143,52
2021-08-15,Imperial,025,180216,29944,29711,2839,32550,746
2021-08-15,Inyo,027,18085,1494,1489,14,1503,39
2021-08-15,Kern,029,883053,104402,102524,13483,116007,1367
2021-08-15,Kings,031,150075,25423,24736,1321,26057,254
2021-08-15,Lake,033,64148,5013,4886,33,4919,68
2021-08-15,Lassen,035,31185,5564,5482,134,5616,21
2021-08-15,Los Angeles,037,10098052,1319980,1302882,48649,1351531,24918
2021-08-15,Madera,039,155013,18227,17714,1189,18903,246
2021-08-15,Marin,041,260295,15830,15461,317,15778,239
2021-08-15,Mariposa,043,17540,627,591,14,605,5
2021-08-15,Mendocino,045,87422,5288,5022,168,5190,49
2021-08-15,Merced,047,269075,33737,33305,1220,34525,481
2021-08-15,Modoc,049,8938,436,421,150,571,5
2021-08-15,Mono,051,14174,1370,1334,18,1352,3
2021-08-15,Monterey,053,433212,45053,44567,2196,46763,527
2021-08-15,Napa,055,140530,11176,10919,68,10987,83
2021-08-15,Nevada,057,99092,6770,6486,226,6712,74
2021-08-15,Orange,059,3164182,280185,275447,12951,288398,5161
2021-08-15,Placer,061,380077,28827,27220,2334,29554,306
2021-08-15,Plumas,063,18699,910,850,14,864,5
2021-08-15,Riverside,065,2383286,321238,314133,15096,329229,4582
2021-08-15,Sacramento,067,1510023,128808,123924,2561,126485,1761
2021-08-15,San Benito,069,59416,6517,6446,126,6572,64
2021-08-15,San Bernardino,071,2135413,317932,313120,9776,322896,5301
2021-08-15,San Diego,073,3302833,320236,314247,18517,332764,3824
2021-08-15,San Francisco,075,870044,45816,44531,1868,46399,567
2021-08-15,San Joaquin,077,732212,82956,80832,4250,85082,1488
2021-08-15,San Luis Obispo,079,281455,23997,23404,906,24310,265
2021-08-15,San Mateo,081,765935,48035,46897,684,47581,548
2021-08-15,Santa Barbara,083,443738,38027,37276,1316,38592,475
2021-08-15,Santa Clara,085,1922200,130826,127715,956,128671,1773
2021-08-15,Santa Cruz,087,273765,17841,17440,886,18326,209
2021-08-15,Shasta,089,179085,14331,13835,1976,15811,211
2021-08-15,Sierra,091,2930,87,82,12,94,0
2021-08-15,Siskiyou,093,43540,2267,2169,555,2724,33
2021-08-15,Solano,095,438530,39321,37320,895,38215,263
2021-08-15,Sonoma,097,501317,35997,34706,427,35133,333
2021-08-15,Stanislaus,099,539301,63180,61795,6934,68729,1039
2021-08-15,Sutter,101,95872,11046,10863,119,10982,130
2021-08-15,Tehama,103,63373,5707,5550,694,6244,66
2021-08-15,Trinity,105,12862,562,400,130,530,3
2021-08-15,Tulare,107,460477,53486,52046,10560,62606,856
2021-08-15,Tuolumne,109,53932,5103,4934,50,4984,64
2021-08-15,Ventura,111,848112,88437,86797,3786,90583,1052
2021-08-15,Yolo,113,214977,16392,15873,679,16552,225
2021-08-15,Yuba,115,75493,7469,7265,169,7434,51
2021-08-14,Alameda,001,1643700,104615,101305,2334,103639,1287
2021-08-14,Alpine,003,1148,90,91,0,91,0
2021-08-14,Amador,005,37829,4353,4206,38,4244,49
2021-08-14,Butte,007,227075,14647,14192,2312,16504,206
2021-08-14,Calaveras,009,45235,2655,2579,17,2596,57
2021-08-14,Colusa,011,21464,2191,2134,427,2561,16
2021-08-14,Contra Costa,013,1133247,84767,81458,1672,83130,848
2021-08-14,Del Norte,015,27424,2303,2015,16,2031,8
2021-08-14,El Dorado,017,186661,12642,12019,1060,13079,118
2021-08-14,Fresno,019,978130,112036,109056,9765,118821,1753
2021-08-14,Glenn,021,27897,2643,2583,676,3259,20
2021-08-14,Humboldt,023,135768,6275,5998,115,6113,52
2021-08-14,Imperial,025,180216,29917,29671,2839,32510,746
2021-08-14,Inyo,027,18085,1492,1487,14,1501,39
2021-08-14,Kern,029,883053,104207,102306,13387,115693,1367
2021-08-14,Kings,031,150075,25325,24647,1312,25959,254
2021-08-14,Lake,033,64148,4996,4850,32,4882,68
2021-08-14,Lassen,035,31185,5557,5475,133,5608,21
2021-08-14,Los Angeles,037,10098052,1318207,1299346,48509,1347855,24911
2021-08-14,Madera,039,155013,18180,17691,1184,18875,246
2021-08-14,Marin,041,260295,15796,15441,317,15758,239
2021-08-14,Mariposa,043,17540,623,584,14,598,5
2021-08-14,Mendocino,045,87422,5252,4977,165,5142,49
2021-08-14,Merced,047,269075,33673,33234,1214,34448,481
2021-08-14,Modoc,049,8938,436,421,150,571,5
2021-08-14,Mono,051,14174,1365,1332,18,1350,3
2021-08-14,Monterey,053,433212,45008,44514,2193,46707,527
2021-08-14,Napa,055,140530,11146,10878,67,10945,83
2021-08-14,Nevada,057,99092,6735,6419,225,6644,74
2021-08-14,Orange,059,3164182,279751,274732,12923,287655,5161
2021-08-14,Placer,061,380077,28681,27115,2310,29425,306
2021-08-14,Plumas,063,18699,900,849,14,863,5
2021-08-14,Riverside,065,2383286,320522,313264,15075,328339,4582
2021-08-14,Sacramento,067,1510023,128314,123438,2543,125981,1758
2021-08-14,San Benito,069,59416,6504,6428,126,6554,64
2021-08-14,San Bernardino,071,2135413,317382,312142,9755,321897,5301
2021-08-14,San Diego,073,3302833,319565,313589,18449,332038,3824
2021-08-14,San Francisco,075,870044,45687,44353,1849,46202,567
2021-08-14,San Joaquin,077,732212,82740,80585,4235,84820,1488
2021-08-14,San Luis Obispo,079,281455,23936,23328,903,24231,265
2021-08-14,San Mateo,081,765935,47916,46792,680,47472,548
2021-08-14,Santa Barbara,083,443738,37933,37118,1313,38431,475
2021-08-14,Santa Clara,085,1922200,130547,127432,953,128385,1772
2021-08-14,Santa Cruz,087,273765,17802,17384,885,18269,209
2021-08-14,Shasta,089,179085,14256,13813,1955,15768,211
2021-08-14,Sierra,091,2930,86,81,12,93,0
2021-08-14,Siskiyou,093,43540,2257,2160,545,2705,33
2021-08-14,Solano,095,438530,39234,37237,883,38120,263
2021-08-14,Sonoma,097,501317,35874,34606,425,35031,333
2021-08-14,Stanislaus,099,539301,63006,61564,6889,68453,1039
2021-08-14,Sutter,101,95872,11001,10808,118,10926,130
2021-08-14,Tehama,103,63373,5683,5530,690,6220,66
2021-08-14,Trinity,105,12862,556,399,130,529,3
2021-08-14,Tulare,107,460477,53350,51951,10514,62465,856
2021-08-14,Tuolumne,109,53932,5068,4924,50,4974,64
2021-08-14,Ventura,111,848112,88281,86569,3766,90335,1052
2021-08-14,Yolo,113,214977,16347,15815,669,16484,225
2021-08-14,Yuba,115,75493,7420,7223,169,7392,51
2021-08-13,Alameda,001,1643700,104318,100930,2326,103256,1284
2021-08-13,Alpine,003,1148,90,91,0,91,0
2021-08-13,Amador,005,37829,4325,4169,38,4207,49
2021-08-13,Butte,007,227075,14577,14100,2296,16396,206
2021-08-13,Calaveras,009,45235,2649,2564,17,2581,57
2021-08-13,Colusa,011,21464,2184,2123,422,2545,16
2021-08-13,Contra Costa,013,1133247,84455,81046,1664,82710,848
2021-08-13,Del Norte,015,27424,2262,1973,16,1989,8
2021-08-13,El Dorado,017,186661,12602,11951,1048,12999,118
2021-08-13,Fresno,019,978130,111744,108638,9741,118379,1753
2021-08-13,Glenn,021,27897,2632,2574,672,3246,20
2021-08-13,Humboldt,023,135768,6228,5882,112,5994,52
2021-08-13,Imperial,025,180216,29890,29654,2838,32492,745
2021-08-13,Inyo,027,18085,1491,1484,14,1498,39
2021-08-13,Kern,029,883053,103998,102029,13278,115307,1364
2021-08-13,Kings,031,150075,25240,24531,1305,25836,253
2021-08-13,Lake,033,64148,4973,4811,31,4842,68
2021-08-13,Lassen,035,31185,5549,5455,132,5587,21
2021-08-13,Los Angeles,037,10098052,1315885,1295406,48372,1343778,24891
2021-08-13,Madera,039,155013,18131,17614,1175,18789,246
2021-08-13,Marin,041,260295,15765,15380,317,15697,239
2021-08-13,Mariposa,043,17540,617,577,14,591,5
2021-08-13,Mendocino,045,87422,5199,4924,163,5087,49
2021-08-13,Merced,047,269075,33626,33111,1208,34319,480
2021-08-13,Modoc,049,8938,435,421,149,570,5
2021-08-13,Mono,051,14174,1362,1331,18,1349,3
2021-08-13,Monterey,053,433212,44948,44450,2191,46641,527
2021-08-13,Napa,055,140530,11110,10830,67,10897,83
2021-08-13,Nevada,057,99092,6694,6356,224,6580,74
2021-08-13,Orange,059,3164182,279256,274004,12874,286878,5159
2021-08-13,Placer,061,380077,28581,26987,2283,29270,306
2021-08-13,Plumas,063,18699,886,842,14,856,5
2021-08-13,Riverside,065,2383286,319783,312408,15050,327458,4581
2021-08-13,Sacramento,067,1510023,127844,122868,2516,125384,1758
2021-08-13,San Benito,069,59416,6498,6422,124,6546,64
2021-08-13,San Bernardino,071,2135413,316714,311378,9736,321114,5301
2021-08-13,San Diego,073,3302833,318519,312293,18370,330663,3821
2021-08-13,San Francisco,075,870044,45551,44196,1826,46022,567
2021-08-13,San Joaquin,077,732212,82523,80232,4219,84451,1481
2021-08-13,San Luis Obispo,079,281455,23873,23226,900,24126,265
2021-08-13,San Mateo,081,765935,47797,46660,679,47339,548
2021-08-13,Santa Barbara,083,443738,37848,37023,1309,38332,474
2021-08-13,Santa Clara,085,1922200,130260,126958,947,127905,1769
2021-08-13,Santa Cruz,087,273765,17762,17332,878,18210,209
2021-08-13,Shasta,089,179085,14193,13698,1941,15639,211
2021-08-13,Sierra,091,2930,85,81,12,93,0
2021-08-13,Siskiyou,093,43540,2248,2147,541,2688,33
2021-08-13,Solano,095,438530,39100,37104,875,37979,264
2021-08-13,Sonoma,097,501317,35769,34464,425,34889,333
2021-08-13,Stanislaus,099,539301,62835,61294,6846,68140,1039
2021-08-13,Sutter,101,95872,10957,10751,117,10868,130
2021-08-13,Tehama,103,63373,5659,5496,688,6184,66
2021-08-13,Trinity,105,12862,552,392,130,522,3
2021-08-13,Tulare,107,460477,53246,51770,10439,62209,856
2021-08-13,Tuolumne,109,53932,5035,4899,49,4948,64
2021-08-13,Ventura,111,848112,88123,86368,3753,90121,1052
2021-08-13,Yolo,113,214977,16293,15761,659,16420,225
2021-08-13,Yuba,115,75493,7382,7184,169,7353,51
2021-08-12,Alameda,001,1643700,103825,100472,2313,102785,1284
2021-08-12,Alpine,003,1148,90,91,0,91,0
2021-08-12,Amador,005,37829,4295,4161,37,4198,49
2021-08-12,Butte,007,227075,14507,14006,2278,16284,206
2021-08-12,Calaveras,009,45235,2634,2531,17,2548,57
2021-08-12,Colusa,011,21464,2179,2111,421,2532,17
2021-08-12,Contra Costa,013,1133247,83973,80738,1649,82387,846
2021-08-12,Del Norte,015,27424,2190,1923,16,1939,8
2021-08-12,El Dorado,017,186661,12488,11880,1039,12919,118
2021-08-12,Fresno,019,978130,111322,108193,9673,117866,1753
2021-08-12,Glenn,021,27897,2624,2559,660,3219,20
2021-08-12,Humboldt,023,135768,6159,5845,108,5953,52
2021-08-12,Imperial,025,180216,29834,29585,2832,32417,745
2021-08-12,Inyo,027,18085,1489,1483,14,1497,39
2021-08-12,Kern,029,883053,103709,101698,13198,114896,1364
2021-08-12,Kings,031,150075,25140,24423,1296,25719,252
2021-08-12,Lake,033,64148,4947,4774,31,4805,68
2021-08-12,Lassen,035,31185,5527,5428,131,5559,21
2021-08-12,Los Angeles,037,10098052,1312696,1291875,48238,1340113,24874
2021-08-12,Madera,039,155013,18067,17564,1163,18727,246
2021-08-12,Marin,041,260295,15716,15277,314,15591,239
2021-08-12,Mariposa,043,17540,608,568,13,581,5
2021-08-12,Mendocino,045,87422,5169,4873,157,5030,49
2021-08-12,Merced,047,269075,33502,32960,1201,34161,480
2021-08-12,Modoc,049,8938,434,423,149,572,5
2021-08-12,Mono,051,14174,1357,1325,18,1343,3
2021-08-12,Monterey,053,433212,44872,44383,2174,46557,527
2021-08-12,Napa,055,140530,11061,10780,66,10846,83
2021-08-12,Nevada,057,99092,6633,6283,224,6507,74
2021-08-12,Orange,059,3164182,278578,273167,12816,285983,5158
2021-08-12,Placer,061,380077,28383,26856,2260,29116,306
2021-08-12,Plumas,063,18699,878,829,14,843,5
2021-08-12,Riverside,065,2383286,318773,311304,15017,326321,4575
2021-08-12,Sacramento,067,1510023,127073,122222,2486,124708,1758
2021-08-12,San Benito,069,59416,6481,6398,122,6520,64
2021-08-12,San Bernardino,071,2135413,315838,310420,9707,320127,5297
2021-08-12,San Diego,073,3302833,317149,310596,18281,328877,3821
2021-08-12,San Francisco,075,870044,45344,43774,1813,45587,564
2021-08-12,San Joaquin,077,732212,82126,79945,4196,84141,1479
2021-08-12,San Luis Obispo,079,281455,23773,23101,886,23987,264
2021-08-12,San Mateo,081,765935,47653,46435,676,47111,548
2021-08-12,Santa Barbara,083,443738,37711,36881,1301,38182,473
2021-08-12,Santa Clara,085,1922200,129811,126614,941,127555,1769
2021-08-12,Santa Cruz,087,273765,17698,17261,877,18138,209
2021-08-12,Shasta,089,179085,14107,13621,1914,15535,211
2021-08-12,Sierra,091,2930,85,81,12,93,0
2021-08-12,Siskiyou,093,43540,2241,2134,531,2665,33
2021-08-12,Solano,095,438530,38871,36980,866,37846,262
2021-08-12,Sonoma,097,501317,35621,34299,422,34721,333
2021-08-12,Stanislaus,099,539301,62571,61026,6787,67813,1039
2021-08-12,Sutter,101,95872,10896,10695,115,10810,130
2021-08-12,Tehama,103,63373,5629,5462,679,6141,66
2021-08-12,Trinity,105,12862,548,386,129,515,3
2021-08-12,Tulare,107,460477,53100,51632,10390,62022,856
2021-08-12,Tuolumne,109,53932,4988,4845,47,4892,64
2021-08-12,Ventura,111,848112,87885,86106,3729,89835,1052
2021-08-12,Yolo,113,214977,16221,15686,646,16332,224
2021-08-12,Yuba,115,75493,7334,7128,168,7296,51
2021-08-11,Alameda,001,1643700,103311,100040,2309,102349,1281
2021-08-11,Alpine,003,1148,90,91,0,91,0
2021-08-11,Amador,005,37829,4271,4127,37,4164,49
2021-08-11,Butte,007,227075,14407,13905,2253,16158,206
2021-08-11,Calaveras,009,45235,2612,2505,17,2522,57
2021-08-11,Colusa,011,21464,2169,2101,419,2520,16
2021-08-11,Contra Costa,013,1133247,83473,80275,1631,81906,843
2021-08-11,Del Norte,015,27424,2131,1893,16,1909,8
2021-08-11,El Dorado,017,186661,12377,11799,1027,12826,119
2021-08-11,Fresno,019,978130,110868,107773,9626,117399,1751
2021-08-11,Glenn,021,27897,2615,2547,650,3197,20
2021-08-11,Humboldt,023,135768,6112,5765,107,5872,52
2021-08-11,Imperial,025,180216,29791,29565,2828,32393,745
2021-08-11,Inyo,027,18085,1489,1483,14,1497,39
2021-08-11,Kern,029,883053,103395,101448,13088,114536,1363
2021-08-11,Kings,031,150075,25027,24304,1287,25591,250
2021-08-11,Lake,033,64148,4910,4713,30,4743,68
2021-08-11,Lassen,035,31185,5518,5408,129,5537,21
2021-08-11,Los Angeles,037,10098052,1309371,1288238,48050,1336288,24851
2021-08-11,Madera,039,155013,18017,17511,1152,18663,245
2021-08-11,Marin,041,260295,15667,15235,314,15549,239
2021-08-11,Mariposa,043,17540,598,554,12,566,5
2021-08-11,Mendocino,045,87422,5100,4796,148,4944,49
2021-08-11,Merced,047,269075,33369,32802,1197,33999,479
2021-08-11,Modoc,049,8938,434,421,149,570,5
2021-08-11,Mono,051,14174,1352,1320,18,1338,3
2021-08-11,Monterey,053,433212,44773,44314,2156,46470,527
2021-08-11,Napa,055,140530,11020,10732,66,10798,83
2021-08-11,Nevada,057,99092,6580,6172,221,6393,74
2021-08-11,Orange,059,3164182,277721,272212,12769,284981,5155
2021-08-11,Placer,061,380077,28171,26687,2234,28921,305
2021-08-11,Plumas,063,18699,869,824,14,838,5
2021-08-11,Riverside,065,2383286,317780,310265,14982,325247,4570
2021-08-11,Sacramento,067,1510023,126280,121603,2447,124050,1757
2021-08-11,San Benito,069,59416,6468,6381,122,6503,64
2021-08-11,San Bernardino,071,2135413,314944,309498,9686,319184,5296
2021-08-11,San Diego,073,3302833,315679,309406,18177,327583,3818
2021-08-11,San Francisco,075,870044,45119,43555,1805,45360,564
2021-08-11,San Joaquin,077,732212,81719,79641,4168,83809,1478
2021-08-11,San Luis Obispo,079,281455,23669,22920,879,23799,264
2021-08-11,San Mateo,081,765935,47485,46300,673,46973,548
2021-08-11,Santa Barbara,083,443738,37548,36699,1292,37991,472
2021-08-11,Santa Clara,085,1922200,129330,126301,933,127234,1769
2021-08-11,Santa Cruz,087,273765,17633,17191,874,18065,209
2021-08-11,Shasta,089,179085,14033,13546,1898,15444,211
2021-08-11,Sierra,091,2930,84,81,12,93,0
2021-08-11,Siskiyou,093,43540,2227,2124,524,2648,33
2021-08-11,Solano,095,438530,38636,36862,852,37714,262
2021-08-11,Sonoma,097,501317,35442,34188,417,34605,333
2021-08-11,Stanislaus,099,539301,62241,60767,6757,67524,1037
2021-08-11,Sutter,101,95872,10824,10628,115,10743,130
2021-08-11,Tehama,103,63373,5600,5410,662,6072,66
2021-08-11,Trinity,105,12862,546,385,129,514,3
2021-08-11,Tulare,107,460477,52932,51464,10345,61809,854
2021-08-11,Tuolumne,109,53932,4956,4794,47,4841,64
2021-08-11,Ventura,111,848112,87633,85863,3708,89571,1051
2021-08-11,Yolo,113,214977,16146,15593,630,16223,218
2021-08-11,Yuba,115,75493,7275,7063,167,7230,53
2021-08-10,Alameda,001,1643700,102831,99771,2301,102072,1281
2021-08-10,Alpine,003,1148,90,91,0,91,0
2021-08-10,Amador,005,37829,4255,4093,37,4130,49
2021-08-10,Butte,007,227075,14324,13853,2232,16085,205
2021-08-10,Calaveras,009,45235,2587,2491,15,2506,57
2021-08-10,Colusa,011,21464,2156,2088,410,2498,16
2021-08-10,Contra Costa,013,1133247,82929,80018,1621,81639,840
2021-08-10,Del Norte,015,27424,2087,1870,16,1886,8
2021-08-10,El Dorado,017,186661,12276,11734,1016,12750,117
2021-08-10,Fresno,019,978130,110412,107616,9570,117186,1747
2021-08-10,Glenn,021,27897,2602,2538,640,3178,20
2021-08-10,Humboldt,023,135768,6058,5718,104,5822,52
2021-08-10,Imperial,025,180216,29756,29522,2822,32344,745
2021-08-10,Inyo,027,18085,1489,1482,14,1496,39
2021-08-10,Kern,029,883053,103066,101254,12992,114246,1359
2021-08-10,Kings,031,150075,24901,24252,1271,25523,251
2021-08-10,Lake,033,64148,4869,4700,30,4730,67
2021-08-10,Lassen,035,31185,5500,5401,129,5530,21
2021-08-10,Los Angeles,037,10098052,1305620,1285140,47878,1333018,24821
2021-08-10,Madera,039,155013,17944,17481,1142,18623,245
2021-08-10,Marin,041,260295,15620,15194,314,15508,239
2021-08-10,Mariposa,043,17540,585,550,12,562,5
2021-08-10,Mendocino,045,87422,5055,4775,144,4919,49
2021-08-10,Merced,047,269075,33222,32721,1188,33909,477
2021-08-10,Modoc,049,8938,433,421,149,570,5
2021-08-10,Mono,051,14174,1347,1320,18,1338,3
2021-08-10,Monterey,053,433212,44711,44259,2141,46400,527
2021-08-10,Napa,055,140530,10964,10703,65,10768,83
2021-08-10,Nevada,057,99092,6515,6151,220,6371,73
2021-08-10,Orange,059,3164182,276842,271688,12721,284409,5155
2021-08-10,Placer,061,380077,27952,26561,2192,28753,305
2021-08-10,Plumas,063,18699,860,816,14,830,5
2021-08-10,Riverside,065,2383286,316665,309529,14956,324485,4564
2021-08-10,Sacramento,067,1510023,125427,121159,2417,123576,1755
2021-08-10,San Benito,069,59416,6454,6371,122,6493,64
2021-08-10,San Bernardino,071,2135413,314021,308672,9668,318340,5295
2021-08-10,San Diego,073,3302833,314038,308288,18085,326373,3815
2021-08-10,San Francisco,075,870044,44866,43389,1790,45179,564
2021-08-10,San Joaquin,077,732212,81321,79391,4151,83542,1478
2021-08-10,San Luis Obispo,079,281455,23543,22776,877,23653,264
2021-08-10,San Mateo,081,765935,47313,46184,671,46855,548
2021-08-10,Santa Barbara,083,443738,37383,36574,1285,37859,472
2021-08-10,Santa Clara,085,1922200,128867,126019,926,126945,1770
2021-08-10,Santa Cruz,087,273765,17550,17142,872,18014,209
2021-08-10,Shasta,089,179085,13955,13461,1874,15335,211
2021-08-10,Sierra,091,2930,84,76,12,88,0
2021-08-10,Siskiyou,093,43540,2218,2088,517,2605,33
2021-08-10,Solano,095,438530,38390,36767,841,37608,262
2021-08-10,Sonoma,097,501317,35297,34054,414,34468,333
2021-08-10,Stanislaus,099,539301,61895,60605,6720,67325,1037
2021-08-10,Sutter,101,95872,10759,10569,115,10684,130
2021-08-10,Tehama,103,63373,5571,5392,657,6049,66
2021-08-10,Trinity,105,12862,546,384,129,513,3
2021-08-10,Tulare,107,460477,52767,51390,10293,61683,854
2021-08-10,Tuolumne,109,53932,4927,4780,45,4825,64
2021-08-10,Ventura,111,848112,87343,85714,3687,89401,1051
2021-08-10,Yolo,113,214977,16059,15568,620,16188,218
2021-08-10,Yuba,115,75493,7225,7028,167,7195,50
2021-08-09,Alameda,001,1643700,102276,99496,2297,101793,1276
2021-08-09,Alpine,003,1148,90,91,0,91,0
2021-08-09,Amador,005,37829,4229,4078,37,4115,48
2021-08-09,Butte,007,227075,14225,13813,2204,16017,205
2021-08-09,Calaveras,009,45235,2561,2472,15,2487,57
2021-08-09,Colusa,011,21464,2146,2075,402,2477,16
2021-08-09,Contra Costa,013,1133247,82385,79740,1609,81349,840
2021-08-09,Del Norte,015,27424,2019,1848,16,1864,8
2021-08-09,El Dorado,017,186661,12169,11672,1002,12674,117
2021-08-09,Fresno,019,978130,109918,107310,9532,116842,1747
2021-08-09,Glenn,021,27897,2591,2532,628,3160,20
2021-08-09,Humboldt,023,135768,5967,5632,102,5734,52
2021-08-09,Imperial,025,180216,29711,29512,2818,32330,745
2021-08-09,Inyo,027,18085,1489,1481,14,1495,39
2021-08-09,Kern,029,883053,102754,101069,12906,113975,1359
2021-08-09,Kings,031,150075,24794,24155,1256,25411,250
2021-08-09,Lake,033,64148,4834,4670,28,4698,66
2021-08-09,Lassen,035,31185,5478,5393,128,5521,21
2021-08-09,Los Angeles,037,10098052,1301606,1282891,47671,1330562,24798
2021-08-09,Madera,039,155013,17885,17429,1122,18551,245
2021-08-09,Marin,041,260295,15567,15154,313,15467,239
2021-08-09,Mariposa,043,17540,572,545,12,557,5
2021-08-09,Mendocino,045,87422,5004,4732,136,4868,49
2021-08-09,Merced,047,269075,33076,32666,1181,33847,477
2021-08-09,Modoc,049,8938,433,419,149,568,5
2021-08-09,Mono,051,14174,1344,1337,18,1355,3
2021-08-09,Monterey,053,433212,44638,44190,2125,46315,527
2021-08-09,Napa,055,140530,10917,10679,65,10744,83
2021-08-09,Nevada,057,99092,6443,6088,219,6307,73
2021-08-09,Orange,059,3164182,275805,271036,12665,283701,5153
2021-08-09,Placer,061,380077,27729,26457,2161,28618,305
2021-08-09,Plumas,063,18699,843,803,14,817,5
2021-08-09,Riverside,065,2383286,315589,308678,14936,323614,4562
2021-08-09,Sacramento,067,1510023,124592,120812,2392,123204,1748
2021-08-09,San Benito,069,59416,6434,6359,120,6479,63
2021-08-09,San Bernardino,071,2135413,313037,308038,9645,317683,5295
2021-08-09,San Diego,073,3302833,312378,306855,17986,324841,3811
2021-08-09,San Francisco,075,870044,44620,43261,1772,45033,564
2021-08-09,San Joaquin,077,732212,80939,79198,4133,83331,1469
2021-08-09,San Luis Obispo,079,281455,23404,22695,868,23563,264
2021-08-09,San Mateo,081,765935,47141,46040,667,46707,548
2021-08-09,Santa Barbara,083,443738,37199,36474,1277,37751,470
2021-08-09,Santa Clara,085,1922200,128364,125791,917,126708,2187
2021-08-09,Santa Cruz,087,273765,17488,17082,872,17954,209
2021-08-09,Shasta,089,179085,13838,13397,1863,15260,210
2021-08-09,Sierra,091,2930,83,75,12,87,0
2021-08-09,Siskiyou,093,43540,2206,2047,501,2548,32
2021-08-09,Solano,095,438530,38114,36653,839,37492,262
2021-08-09,Sonoma,097,501317,35116,33933,412,34345,333
2021-08-09,Stanislaus,099,539301,61618,60410,6669,67079,1037
2021-08-09,Sutter,101,95872,10710,10525,112,10637,129
2021-08-09,Tehama,103,63373,5528,5373,655,6028,66
2021-08-09,Trinity,105,12862,544,378,127,505,3
2021-08-09,Tulare,107,460477,52606,51274,10228,61502,854
2021-08-09,Tuolumne,109,53932,4885,4745,45,4790,64
2021-08-09,Ventura,111,848112,87071,85514,3676,89190,1047
2021-08-09,Yolo,113,214977,15981,15521,599,16120,218
2021-08-09,Yuba,115,75493,7166,6994,167,7161,50
2021-08-08,Alameda,001,1643700,101722,99135,2291,101426,1276
2021-08-08,Alpine,003,1148,90,91,0,91,0
2021-08-08,Amador,005,37829,4195,4057,36,4093,48
2021-08-08,Butte,007,227075,14143,13791,2186,15977,205
2021-08-08,Calaveras,009,45235,2528,2462,15,2477,57
2021-08-08,Colusa,011,21464,2129,2070,395,2465,16
2021-08-08,Contra Costa,013,1133247,81861,79454,1602,81056,840
2021-08-08,Del Norte,015,27424,1973,1810,16,1826,8
2021-08-08,El Dorado,017,186661,12048,11631,991,12622,117
2021-08-08,Fresno,019,978130,109475,107078,9495,116573,1747
2021-08-08,Glenn,021,27897,2583,2527,621,3148,20
2021-08-08,Humboldt,023,135768,5878,5571,102,5673,52
2021-08-08,Imperial,025,180216,29687,29485,2808,32293,745
2021-08-08,Inyo,027,18085,1489,1481,14,1495,39
2021-08-08,Kern,029,883053,102434,100909,12794,113703,1359
2021-08-08,Kings,031,150075,24680,24095,1247,25342,250
2021-08-08,Lake,033,64148,4784,4636,27,4663,66
2021-08-08,Lassen,035,31185,5463,5391,127,5518,21
2021-08-08,Los Angeles,037,10098052,1297350,1279982,47485,1327467,24793
2021-08-08,Madera,039,155013,17806,17398,1105,18503,245
2021-08-08,Marin,041,260295,15514,15124,311,15435,239
2021-08-08,Mariposa,043,17540,568,538,12,550,5
2021-08-08,Mendocino,045,87422,4942,4702,123,4825,49
2021-08-08,Merced,047,269075,32929,32634,1172,33806,477
2021-08-08,Modoc,049,8938,432,419,148,567,5
2021-08-08,Mono,051,14174,1340,1336,18,1354,3
2021-08-08,Monterey,053,433212,44568,44171,2114,46285,527
2021-08-08,Napa,055,140530,10881,10668,65,10733,83
2021-08-08,Nevada,057,99092,6359,6009,217,6226,73
2021-08-08,Orange,059,3164182,274891,270532,12623,283155,5153
2021-08-08,Placer,061,380077,27520,26332,2120,28452,305
2021-08-08,Plumas,063,18699,834,803,14,817,5
2021-08-08,Riverside,065,2383286,314468,308042,14912,322954,4562
2021-08-08,Sacramento,067,1510023,123764,120109,2380,122489,1744
2021-08-08,San Benito,069,59416,6417,6350,119,6469,63
2021-08-08,San Bernardino,071,2135413,311890,307378,9615,316993,5295
2021-08-08,San Diego,073,3302833,311038,305983,17888,323871,3811
2021-08-08,San Francisco,075,870044,44360,43098,1749,44847,564
2021-08-08,San Joaquin,077,732212,80489,79002,4117,83119,1469
2021-08-08,San Luis Obispo,079,281455,23230,22668,860,23528,263
2021-08-08,San Mateo,081,765935,46951,45927,664,46591,548
2021-08-08,Santa Barbara,083,443738,37022,36417,1270,37687,470
2021-08-08,Santa Clara,085,1922200,127912,125553,912,126465,2187
2021-08-08,Santa Cruz,087,273765,17417,17035,867,17902,209
2021-08-08,Shasta,089,179085,13753,13381,1852,15233,210
2021-08-08,Sierra,091,2930,83,74,12,86,0
2021-08-08,Siskiyou,093,43540,2190,2041,496,2537,32
2021-08-08,Solano,095,438530,37862,36551,835,37386,262
2021-08-08,Sonoma,097,501317,34872,33805,411,34216,333
2021-08-08,Stanislaus,099,539301,61295,60269,6624,66893,1037
2021-08-08,Sutter,101,95872,10650,10481,111,10592,129
2021-08-08,Tehama,103,63373,5490,5359,652,6011,66
2021-08-08,Trinity,105,12862,539,378,127,505,3
2021-08-08,Tulare,107,460477,52426,51220,10168,61388,854
2021-08-08,Tuolumne,109,53932,4846,4731,45,4776,64
2021-08-08,Ventura,111,848112,86780,85382,3666,89048,1047
2021-08-08,Yolo,113,214977,15889,15477,592,16069,218
2021-08-08,Yuba,115,75493,7127,6967,167,7134,50
2021-08-07,Alameda,001,1643700,101474,98812,2285,101097,1276
2021-08-07,Alpine,003,1148,90,91,0,91,0
2021-08-07,Amador,005,37829,4178,4041,35,4076,48
2021-08-07,Butte,007,227075,14091,13714,2174,15888,205
2021-08-07,Calaveras,009,45235,2518,2446,15,2461,57
2021-08-07,Colusa,011,21464,2124,2067,386,2453,16
2021-08-07,Contra Costa,013,1133247,81565,79168,1599,80767,840
2021-08-07,Del Norte,015,27424,1941,1791,16,1807,8
2021-08-07,El Dorado,017,186661,11999,11575,984,12559,117
2021-08-07,Fresno,019,978130,109270,106861,9468,116329,1747
2021-08-07,Glenn,021,27897,2575,2515,620,3135,20
2021-08-07,Humboldt,023,135768,5828,5510,99,5609,52
2021-08-07,Imperial,025,180216,29668,29470,2808,32278,745
2021-08-07,Inyo,027,18085,1487,1476,14,1490,39
2021-08-07,Kern,029,883053,102276,100693,12739,113432,1359
2021-08-07,Kings,031,150075,24619,24048,1241,25289,250
2021-08-07,Lake,033,64148,4763,4613,27,4640,66
2021-08-07,Lassen,035,31185,5459,5386,127,5513,21
2021-08-07,Los Angeles,037,10098052,1295322,1276853,47333,1324186,24786
2021-08-07,Madera,039,155013,17771,17366,1100,18466,245
2021-08-07,Marin,041,260295,15480,15085,310,15395,239
2021-08-07,Mariposa,043,17540,565,530,12,542,5
2021-08-07,Mendocino,045,87422,4906,4690,121,4811,49
2021-08-07,Merced,047,269075,32865,32569,1169,33738,477
2021-08-07,Modoc,049,8938,432,419,148,567,5
2021-08-07,Mono,051,14174,1337,1329,18,1347,3
2021-08-07,Monterey,053,433212,44516,44124,2109,46233,527
2021-08-07,Napa,055,140530,10860,10658,64,10722,83
2021-08-07,Nevada,057,99092,6309,5967,215,6182,73
2021-08-07,Orange,059,3164182,274298,269900,12592,282492,5153
2021-08-07,Placer,061,380077,27331,26244,2112,28356,305
2021-08-07,Plumas,063,18699,829,801,14,815,5
2021-08-07,Riverside,065,2383286,313796,307326,14905,322231,4562
2021-08-07,Sacramento,067,1510023,123263,119636,2376,122012,1744
2021-08-07,San Benito,069,59416,6407,6332,119,6451,63
2021-08-07,San Bernardino,071,2135413,311301,306663,9598,316261,5295
2021-08-07,San Diego,073,3302833,310283,304974,17853,322827,3811
2021-08-07,San Francisco,075,870044,44189,42926,1731,44657,564
2021-08-07,San Joaquin,077,732212,80325,78769,4103,82872,1469
2021-08-07,San Luis Obispo,079,281455,23161,22579,859,23438,263
2021-08-07,San Mateo,081,765935,46823,45804,662,46466,548
2021-08-07,Santa Barbara,083,443738,36926,36303,1264,37567,470
2021-08-07,Santa Clara,085,1922200,127641,125196,907,126103,2188
2021-08-07,Santa Cruz,087,273765,17374,16994,865,17859,209
2021-08-07,Shasta,089,179085,13697,13361,1844,15205,210
2021-08-07,Sierra,091,2930,83,74,12,86,0
2021-08-07,Siskiyou,093,43540,2178,2039,494,2533,32
2021-08-07,Solano,095,438530,37746,36458,827,37285,262
2021-08-07,Sonoma,097,501317,34750,33716,411,34127,333
2021-08-07,Stanislaus,099,539301,61126,60093,6594,66687,1037
2021-08-07,Sutter,101,95872,10613,10447,111,10558,129
2021-08-07,Tehama,103,63373,5480,5343,647,5990,66
2021-08-07,Trinity,105,12862,535,377,126,503,3
2021-08-07,Tulare,107,460477,52339,51133,10130,61263,854
2021-08-07,Tuolumne,109,53932,4816,4721,45,4766,64
2021-08-07,Ventura,111,848112,86600,85232,3651,88883,1047
2021-08-07,Yolo,113,214977,15845,15423,585,16008,218
2021-08-07,Yuba,115,75493,7102,6937,165,7102,50
2021-08-06,Alameda,001,1643700,101146,98487,2277,100764,1275
2021-08-06,Alpine,003,1148,90,91,0,91,0
2021-08-06,Amador,005,37829,4157,4002,35,4037,48
2021-08-06,Butte,007,227075,14041,13626,2159,15785,205
2021-08-06,Calaveras,009,45235,2507,2419,15,2434,57
2021-08-06,Colusa,011,21464,2117,2045,380,2425,16
2021-08-06,Contra Costa,013,1133247,81270,78796,1593,80389,840
2021-08-06,Del Norte,015,27424,1914,1755,15,1770,8
2021-08-06,El Dorado,017,186661,11949,11498,972,12470,117
2021-08-06,Fresno,019,978130,109006,106542,9441,115983,1747
2021-08-06,Glenn,021,27897,2560,2504,617,3121,20
2021-08-06,Humboldt,023,135768,5777,5421,96,5517,52
2021-08-06,Imperial,025,180216,29657,29404,2804,32208,745
2021-08-06,Inyo,027,18085,1484,1471,14,1485,39
2021-08-06,Kern,029,883053,102099,100427,12654,113081,1359
2021-08-06,Kings,031,150075,24564,23974,1237,25211,250
2021-08-06,Lake,033,64148,4740,4557,27,4584,66
2021-08-06,Lassen,035,31185,5437,5368,127,5495,21
2021-08-06,Los Angeles,037,10098052,1292835,1273081,47181,1320262,24772
2021-08-06,Madera,039,155013,17732,17324,1091,18415,245
2021-08-06,Marin,041,260295,15447,15051,310,15361,239
2021-08-06,Mariposa,043,17540,556,511,12,523,5
2021-08-06,Mendocino,045,87422,4864,4649,120,4769,49
2021-08-06,Merced,047,269075,32805,32456,1166,33622,477
2021-08-06,Modoc,049,8938,432,419,148,567,5
2021-08-06,Mono,051,14174,1336,1328,18,1346,3
2021-08-06,Monterey,053,433212,44448,44058,2096,46154,527
2021-08-06,Napa,055,140530,10833,10620,64,10684,83
2021-08-06,Nevada,057,99092,6253,5874,215,6089,73
2021-08-06,Orange,059,3164182,273733,269077,12575,281652,5151
2021-08-06,Placer,061,380077,27208,26086,2090,28176,305
2021-08-06,Plumas,063,18699,820,795,14,809,5
2021-08-06,Riverside,065,2383286,313086,306304,14894,321198,4562
2021-08-06,Sacramento,067,1510023,122771,119169,2356,121525,1740
2021-08-06,San Benito,069,59416,6390,6315,119,6434,63
2021-08-06,San Bernardino,071,2135413,310600,305806,9589,315395,5286
2021-08-06,San Diego,073,3302833,309244,303691,17804,321495,3810
2021-08-06,San Francisco,075,870044,44032,42659,1713,44372,565
2021-08-06,San Joaquin,077,732212,80176,78405,4091,82496,1469
2021-08-06,San Luis Obispo,079,281455,23093,22472,854,23326,263
2021-08-06,San Mateo,081,765935,46670,45665,657,46322,548
2021-08-06,Santa Barbara,083,443738,36837,36208,1260,37468,470
2021-08-06,Santa Clara,085,1922200,127351,124767,901,125668,2185
2021-08-06,Santa Cruz,087,273765,17330,16924,861,17785,207
2021-08-06,Shasta,089,179085,13631,13284,1838,15122,210
2021-08-06,Sierra,091,2930,83,73,12,85,0
2021-08-06,Siskiyou,093,43540,2168,2030,490,2520,32
2021-08-06,Solano,095,438530,37636,36351,818,37169,262
2021-08-06,Sonoma,097,501317,34664,33594,410,34004,333
2021-08-06,Stanislaus,099,539301,60988,59854,6573,66427,1037
2021-08-06,Sutter,101,95872,10570,10391,111,10502,128
2021-08-06,Tehama,103,63373,5456,5325,645,5970,66
2021-08-06,Trinity,105,12862,534,371,125,496,3
2021-08-06,Tulare,107,460477,52238,51018,10083,61101,854
2021-08-06,Tuolumne,109,53932,4789,4674,45,4719,64
2021-08-06,Ventura,111,848112,86429,85046,3639,88685,1047
2021-08-06,Yolo,113,214977,15792,15299,580,15879,218
2021-08-06,Yuba,115,75493,7079,6904,165,7069,50
2021-08-05,Alameda,001,1643700,100661,98052,2272,100324,1275
2021-08-05,Alpine,003,1148,90,91,0,91,0
2021-08-05,Amador,005,37829,4137,3992,35,4027,48
2021-08-05,Butte,007,227075,13980,13564,2136,15700,206
2021-08-05,Calaveras,009,45235,2488,2397,15,2412,57
2021-08-05,Colusa,011,21464,2105,2036,376,2412,16
2021-08-05,Contra Costa,013,1133247,80842,78514,1586,80100,840
2021-08-05,Del Norte,015,27424,1887,1731,15,1746,8
2021-08-05,El Dorado,017,186661,11864,11408,962,12370,117
2021-08-05,Fresno,019,978130,108635,106219,9403,115622,1747
2021-08-05,Glenn,021,27897,2554,2494,614,3108,20
2021-08-05,Humboldt,023,135768,5703,5328,95,5423,52
2021-08-05,Imperial,025,180216,29626,29383,2800,32183,745
2021-08-05,Inyo,027,18085,1480,1468,14,1482,38
2021-08-05,Kern,029,883053,101877,100091,12569,112660,1358
2021-08-05,Kings,031,150075,24480,23906,1231,25137,249
2021-08-05,Lake,033,64148,4701,4490,25,4515,66
2021-08-05,Lassen,035,31185,5429,5344,127,5471,21
2021-08-05,Los Angeles,037,10098052,1289613,1269445,47046,1316491,24756
2021-08-05,Madera,039,155013,17691,17301,1083,18384,245
2021-08-05,Marin,041,260295,15403,15005,306,15311,239
2021-08-05,Mariposa,043,17540,545,504,11,515,5
2021-08-05,Mendocino,045,87422,4821,4597,111,4708,49
2021-08-05,Merced,047,269075,32738,32381,1155,33536,477
2021-08-05,Modoc,049,8938,431,418,148,566,5
2021-08-05,Mono,051,14174,1328,1309,18,1327,3
2021-08-05,Monterey,053,433212,44391,43992,2078,46070,527
2021-08-05,Napa,055,140530,10797,10591,62,10653,83
2021-08-05,Nevada,057,99092,6171,5778,212,5990,73
2021-08-05,Orange,059,3164182,272952,268329,12549,280878,5149
2021-08-05,Placer,061,380077,27008,25965,2063,28028,305
2021-08-05,Plumas,063,18699,811,787,14,801,5
2021-08-05,Riverside,065,2383286,312169,305415,14867,320282,4562
2021-08-05,Sacramento,067,1510023,122061,118590,2343,120933,1739
2021-08-05,San Benito,069,59416,6372,6305,119,6424,63
2021-08-05,San Bernardino,071,2135413,309763,304956,9568,314524,5284
2021-08-05,San Diego,073,3302833,307972,302220,17722,319942,3806
2021-08-05,San Francisco,075,870044,43822,42301,1704,44005,564
2021-08-05,San Joaquin,077,732212,79814,78151,4073,82224,1468
2021-08-05,San Luis Obispo,079,281455,22978,22362,848,23210,263
2021-08-05,San Mateo,081,765935,46497,45554,655,46209,548
2021-08-05,Santa Barbara,083,443738,36730,36112,1257,37369,470
2021-08-05,Santa Clara,085,1922200,127018,124490,901,125391,2185
2021-08-05,Santa Cruz,087,273765,17286,16867,858,17725,207
2021-08-05,Shasta,089,179085,13573,13217,1830,15047,210
2021-08-05,Sierra,091,2930,78,73,12,85,0
2021-08-05,Siskiyou,093,43540,2147,2024,480,2504,32
2021-08-05,Solano,095,438530,37455,36250,811,37061,262
2021-08-05,Sonoma,097,501317,34529,33455,409,33864,330
2021-08-05,Stanislaus,099,539301,60771,59692,6534,66226,1037
2021-08-05,Sutter,101,95872,10515,10349,111,10460,127
2021-08-05,Tehama,103,63373,5438,5305,642,5947,66
2021-08-05,Trinity,105,12862,528,367,125,492,3
2021-08-05,Tulare,107,460477,52121,50889,10028,60917,854
2021-08-05,Tuolumne,109,53932,4759,4619,45,4664,64
2021-08-05,Ventura,111,848112,86178,84837,3625,88462,1047
2021-08-05,Yolo,113,214977,15725,15250,570,15820,218
2021-08-05,Yuba,115,75493,7036,6872,163,7035,50
2021-08-04,Alameda,001,1643700,100159,97477,2261,99738,1274
2021-08-04,Alpine,003,1148,90,91,0,91,0
2021-08-04,Amador,005,37829,4107,3962,34,3996,48
2021-08-04,Butte,007,227075,13912,13509,2119,15628,205
2021-08-04,Calaveras,009,45235,2463,2374,15,2389,57
2021-08-04,Colusa,011,21464,2093,2025,370,2395,16
2021-08-04,Contra Costa,013,1133247,80326,77966,1581,79547,840
2021-08-04,Del Norte,015,27424,1864,1701,15,1716,8
2021-08-04,El Dorado,017,186661,11785,11319,951,12270,117
2021-08-04,Fresno,019,978130,108267,105899,9362,115261,1747
2021-08-04,Glenn,021,27897,2546,2487,612,3099,20
2021-08-04,Humboldt,023,135768,5627,5271,94,5365,52
2021-08-04,Imperial,025,180216,29578,29375,2798,32173,745
2021-08-04,Inyo,027,18085,1479,1465,14,1479,38
2021-08-04,Kern,029,883053,101627,99868,12484,112352,1358
2021-08-04,Kings,031,150075,24408,23840,1223,25063,250
2021-08-04,Lake,033,64148,4671,4423,20,4443,65
2021-08-04,Lassen,035,31185,5421,5340,127,5467,21
2021-08-04,Los Angeles,037,10098052,1286125,1265788,46883,1312671,24737
2021-08-04,Madera,039,155013,17656,17251,1076,18327,245
2021-08-04,Marin,041,260295,15356,14950,304,15254,239
2021-08-04,Mariposa,043,17540,530,497,11,508,5
2021-08-04,Mendocino,045,87422,4797,4560,107,4667,49
2021-08-04,Merced,047,269075,32600,32274,1150,33424,476
2021-08-04,Modoc,049,8938,431,416,148,564,5
2021-08-04,Mono,051,14174,1324,1307,18,1325,3
2021-08-04,Monterey,053,433212,44326,43926,2067,45993,526
2021-08-04,Napa,055,140530,10760,10544,62,10606,82
2021-08-04,Nevada,057,99092,6107,5702,211,5913,73
2021-08-04,Orange,059,3164182,272078,267199,12510,279709,5146
2021-08-04,Placer,061,380077,26791,25688,2043,27731,305
2021-08-04,Plumas,063,18699,805,784,14,798,5
2021-08-04,Riverside,065,2383286,311244,304272,14841,319113,4562
2021-08-04,Sacramento,067,1510023,121303,117882,2317,120199,1736
2021-08-04,San Benito,069,59416,6357,6300,119,6419,63
2021-08-04,San Bernardino,071,2135413,308907,304164,9550,313714,5285
2021-08-04,San Diego,073,3302833,306459,301100,17656,318756,3805
2021-08-04,San Francisco,075,870044,43568,41913,1691,43604,562
2021-08-04,San Joaquin,077,732212,79457,77846,4061,81907,1466
2021-08-04,San Luis Obispo,079,281455,22870,22245,842,23087,262
2021-08-04,San Mateo,081,765935,46325,45392,654,46046,548
2021-08-04,Santa Barbara,083,443738,36601,36013,1249,37262,470
2021-08-04,Santa Clara,085,1922200,126627,124127,894,125021,2183
2021-08-04,Santa Cruz,087,273765,17224,16820,851,17671,208
2021-08-04,Shasta,089,179085,13522,13134,1819,14953,211
2021-08-04,Sierra,091,2930,78,73,12,85,0
2021-08-04,Siskiyou,093,43540,2127,2010,475,2485,32
2021-08-04,Solano,095,438530,37255,36025,802,36827,262
2021-08-04,Sonoma,097,501317,34357,33311,407,33718,330
2021-08-04,Stanislaus,099,539301,60547,59396,6496,65892,1037
2021-08-04,Sutter,101,95872,10478,10294,111,10405,127
2021-08-04,Tehama,103,63373,5412,5281,637,5918,66
2021-08-04,Trinity,105,12862,526,362,122,484,3
2021-08-04,Tulare,107,460477,52011,50797,9984,60781,855
2021-08-04,Tuolumne,109,53932,4734,4584,45,4629,64
2021-08-04,Ventura,111,848112,85920,84406,3603,88009,1047
2021-08-04,Yolo,113,214977,15646,15189,557,15746,215
2021-08-04,Yuba,115,75493,6996,6827,161,6988,50
2021-08-03,Alameda,001,1643700,99712,97275,2256,99531,1270
2021-08-03,Alpine,003,1148,90,91,0,91,0
2021-08-03,Amador,005,37829,4071,3953,34,3987,48
2021-08-03,Butte,007,227075,13844,13468,2104,15572,205
2021-08-03,Calaveras,009,45235,2441,2356,15,2371,57
2021-08-03,Colusa,011,21464,2080,2023,364,2387,16
2021-08-03,Contra Costa,013,1133247,79844,77739,1574,79313,836
2021-08-03,Del Norte,015,27424,1832,1691,14,1705,8
2021-08-03,El Dorado,017,186661,11695,11255,941,12196,117
2021-08-03,Fresno,019,978130,107905,105732,9330,115062,1746
2021-08-03,Glenn,021,27897,2539,2481,606,3087,20
2021-08-03,Humboldt,023,135768,5562,5199,89,5288,52
2021-08-03,Imperial,025,180216,29556,29333,2791,32124,745
2021-08-03,Inyo,027,18085,1476,1459,14,1473,38
2021-08-03,Kern,029,883053,101365,99708,12405,112113,1358
2021-08-03,Kings,031,150075,24320,23780,1216,24996,249
2021-08-03,Lake,033,64148,4615,4408,16,4424,66
2021-08-03,Lassen,035,31185,5411,5341,127,5468,21
2021-08-03,Los Angeles,037,10098052,1282385,1262678,46703,1309381,24721
2021-08-03,Madera,039,155013,17615,17220,1061,18281,245
2021-08-03,Marin,041,260295,15307,14906,301,15207,243
2021-08-03,Mariposa,043,17540,519,495,11,506,5
2021-08-03,Mendocino,045,87422,4748,4546,106,4652,49
2021-08-03,Merced,047,269075,32517,32197,1148,33345,476
2021-08-03,Modoc,049,8938,431,416,148,564,5
2021-08-03,Mono,051,14174,1319,1303,18,1321,3
2021-08-03,Monterey,053,433212,44262,43872,2054,45926,525
2021-08-03,Napa,055,140530,10717,10527,61,10588,82
2021-08-03,Nevada,057,99092,6026,5685,210,5895,73
2021-08-03,Orange,059,3164182,271339,266649,12480,279129,5146
2021-08-03,Placer,061,380077,26590,25624,2019,27643,305
2021-08-03,Plumas,063,18699,798,779,14,793,5
2021-08-03,Riverside,065,2383286,310320,303499,14814,318313,4562
2021-08-03,Sacramento,067,1510023,120558,117591,2296,119887,1732
2021-08-03,San Benito,069,59416,6342,6284,118,6402,63
2021-08-03,San Bernardino,071,2135413,307986,303386,9530,312916,5265
2021-08-03,San Diego,073,3302833,305020,300189,17546,317735,3803
2021-08-03,San Francisco,075,870044,43286,41758,1671,43429,562
2021-08-03,San Joaquin,077,732212,79108,77615,4040,81655,1461
2021-08-03,San Luis Obispo,079,281455,22730,22166,835,23001,264
2021-08-03,San Mateo,081,765935,46133,45255,649,45904,548
2021-08-03,Santa Barbara,083,443738,36482,35912,1243,37155,469
2021-08-03,Santa Clara,085,1922200,126206,123914,888,124802,2183
2021-08-03,Santa Cruz,087,273765,17158,16778,848,17626,207
2021-08-03,Shasta,089,179085,13448,13091,1808,14899,211
2021-08-03,Sierra,091,2930,78,72,12,84,0
2021-08-03,Siskiyou,093,43540,2116,1998,470,2468,32
2021-08-03,Solano,095,438530,37035,35953,790,36743,261
2021-08-03,Sonoma,097,501317,34176,33243,406,33649,330
2021-08-03,Stanislaus,099,539301,60326,59282,6477,65759,1037
2021-08-03,Sutter,101,95872,10438,10263,110,10373,127
2021-08-03,Tehama,103,63373,5387,5269,632,5901,66
2021-08-03,Trinity,105,12862,523,361,119,480,3
2021-08-03,Tulare,107,460477,51916,50729,9938,60667,854
2021-08-03,Tuolumne,109,53932,4699,4563,45,4608,64
2021-08-03,Ventura,111,848112,85676,84270,3582,87852,1046
2021-08-03,Yolo,113,214977,15554,15149,543,15692,215
2021-08-03,Yuba,115,75493,6959,6781,159,6940,50
2021-08-02,Alameda,001,1643700,99155,96954,2251,99205,1270
2021-08-02,Alpine,003,1148,90,91,0,91,0
2021-08-02,Amador,005,37829,4051,3927,34,3961,48
2021-08-02,Butte,007,227075,13764,13442,2085,15527,205
2021-08-02,Calaveras,009,45235,2416,2347,15,2362,57
2021-08-02,Colusa,011,21464,2068,2019,361,2380,16
2021-08-02,Contra Costa,013,1133247,79335,77516,1560,79076,836
2021-08-02,Del Norte,015,27424,1802,1653,14,1667,8
2021-08-02,El Dorado,017,186661,11591,11226,927,12153,116
2021-08-02,Fresno,019,978130,107558,105471,9293,114764,1744
2021-08-02,Glenn,021,27897,2531,2477,603,3080,20
2021-08-02,Humboldt,023,135768,5479,5161,87,5248,52
2021-08-02,Imperial,025,180216,29523,29302,2788,32090,743
2021-08-02,Inyo,027,18085,1470,1455,14,1469,38
2021-08-02,Kern,029,883053,101110,99556,12312,111868,1357
2021-08-02,Kings,031,150075,24250,23722,1210,24932,249
2021-08-02,Lake,033,64148,4572,4375,16,4391,66
2021-08-02,Lassen,035,31185,5388,5338,125,5463,21
2021-08-02,Los Angeles,037,10098052,1278664,1260807,46494,1307301,24705
2021-08-02,Madera,039,155013,17571,17158,1048,18206,245
2021-08-02,Marin,041,260295,15264,14859,299,15158,239
2021-08-02,Mariposa,043,17540,510,490,11,501,5
2021-08-02,Mendocino,045,87422,4708,4512,103,4615,49
2021-08-02,Merced,047,269075,32419,32163,1141,33304,474
2021-08-02,Modoc,049,8938,431,415,148,563,5
2021-08-02,Mono,051,14174,1312,1296,18,1314,3
2021-08-02,Monterey,053,433212,44202,43842,2046,45888,525
2021-08-02,Napa,055,140530,10674,10490,58,10548,82
2021-08-02,Nevada,057,99092,5955,5611,209,5820,73
2021-08-02,Orange,059,3164182,270425,266050,12434,278484,5146
2021-08-02,Placer,061,380077,26443,25516,1985,27501,306
2021-08-02,Plumas,063,18699,791,762,14,776,5
2021-08-02,Riverside,065,2383286,309382,302756,14799,317555,4562
2021-08-02,Sacramento,067,1510023,119861,117183,2275,119458,1728
2021-08-02,San Benito,069,59416,6323,6276,117,6393,63
2021-08-02,San Bernardino,071,2135413,307110,303000,9498,312498,5253
2021-08-02,San Diego,073,3302833,303540,299021,17466,316487,3798
2021-08-02,San Francisco,075,870044,43000,41553,1647,43200,562
2021-08-02,San Joaquin,077,732212,78765,77447,4013,81460,1461
2021-08-02,San Luis Obispo,079,281455,22636,22093,828,22921,261
2021-08-02,San Mateo,081,765935,45956,45154,636,45790,548
2021-08-02,Santa Barbara,083,443738,36343,35851,1237,37088,469
2021-08-02,Santa Clara,085,1922200,125736,123655,880,124535,2183
2021-08-02,Santa Cruz,087,273765,17100,16746,844,17590,207
2021-08-02,Shasta,089,179085,13385,13049,1794,14843,212
2021-08-02,Sierra,091,2930,78,71,12,83,0
2021-08-02,Siskiyou,093,43540,2105,1992,456,2448,31
2021-08-02,Solano,095,438530,36787,35852,777,36629,260
2021-08-02,Sonoma,097,501317,33950,33132,401,33533,330
2021-08-02,Stanislaus,099,539301,60107,59160,6449,65609,1037
2021-08-02,Sutter,101,95872,10392,10220,110,10330,127
2021-08-02,Tehama,103,63373,5363,5260,628,5888,66
2021-08-02,Trinity,105,12862,518,359,118,477,3
2021-08-02,Tulare,107,460477,51814,50640,9865,60505,854
2021-08-02,Tuolumne,109,53932,4632,4524,45,4569,64
2021-08-02,Ventura,111,848112,85491,84143,3559,87702,1044
2021-08-02,Yolo,113,214977,15456,15072,525,15597,215
2021-08-02,Yuba,115,75493,6917,6743,156,6899,50
2021-08-01,Alameda,001,1643700,98623,96775,2245,99020,1270
2021-08-01,Alpine,003,1148,90,91,0,91,0
2021-08-01,Amador,005,37829,4013,3923,34,3957,48
2021-08-01,Butte,007,227075,13683,13406,2068,15474,205
2021-08-01,Calaveras,009,45235,2392,2341,15,2356,57
2021-08-01,Colusa,011,21464,2057,2014,359,2373,16
2021-08-01,Contra Costa,013,1133247,78900,77360,1552,78912,836
2021-08-01,Del Norte,015,27424,1770,1642,14,1656,8
2021-08-01,El Dorado,017,186661,11490,11189,916,12105,116
2021-08-01,Fresno,019,978130,107232,105339,9246,114585,1744
2021-08-01,Glenn,021,27897,2525,2476,600,3076,20
2021-08-01,Humboldt,023,135768,5402,5118,83,5201,52
2021-08-01,Imperial,025,180216,29488,29297,2783,32080,743
2021-08-01,Inyo,027,18085,1468,1454,14,1468,38
2021-08-01,Kern,029,883053,100832,99396,12238,111634,1357
2021-08-01,Kings,031,150075,24163,23700,1205,24905,249
2021-08-01,Lake,033,64148,4493,4356,16,4372,66
2021-08-01,Lassen,035,31185,5375,5336,123,5459,21
2021-08-01,Los Angeles,037,10098052,1274977,1258461,46270,1304731,24700
2021-08-01,Madera,039,155013,17514,17146,1043,18189,245
2021-08-01,Marin,041,260295,15187,14844,298,15142,239
2021-08-01,Mariposa,043,17540,503,482,11,493,5
2021-08-01,Mendocino,045,87422,4662,4476,99,4575,49
2021-08-01,Merced,047,269075,32328,32144,1135,33279,474
2021-08-01,Modoc,049,8938,429,413,148,561,5
2021-08-01,Mono,051,14174,1309,1294,18,1312,3
2021-08-01,Monterey,053,433212,44155,43808,2033,45841,525
2021-08-01,Napa,055,140530,10626,10473,56,10529,82
2021-08-01,Nevada,057,99092,5868,5561,208,5769,73
2021-08-01,Orange,059,3164182,269612,265467,12391,277858,5146
2021-08-01,Placer,061,380077,26228,25464,1955,27419,306
2021-08-01,Plumas,063,18699,785,761,14,775,5
2021-08-01,Riverside,065,2383286,308449,302256,14781,317037,4562
2021-08-01,Sacramento,067,1510023,119125,116923,2259,119182,1727
2021-08-01,San Benito,069,59416,6306,6271,117,6388,63
2021-08-01,San Bernardino,071,2135413,306175,302542,9488,312030,5248
2021-08-01,San Diego,073,3302833,302354,298002,17401,315403,3798
2021-08-01,San Francisco,075,870044,42662,41432,1634,43066,562
2021-08-01,San Joaquin,077,732212,78398,77338,3986,81324,1461
2021-08-01,San Luis Obispo,079,281455,22533,22083,823,22906,261
2021-08-01,San Mateo,081,765935,45774,45036,628,45664,548
2021-08-01,Santa Barbara,083,443738,36219,35809,1233,37042,469
2021-08-01,Santa Clara,085,1922200,125324,123511,872,124383,2183
2021-08-01,Santa Cruz,087,273765,17021,16709,837,17546,207
2021-08-01,Shasta,089,179085,13314,13036,1785,14821,212
2021-08-01,Sierra,091,2930,76,71,12,83,0
2021-08-01,Siskiyou,093,43540,2099,1989,450,2439,31
2021-08-01,Solano,095,438530,36552,35800,768,36568,260
2021-08-01,Sonoma,097,501317,33758,33076,398,33474,330
2021-08-01,Stanislaus,099,539301,59870,59078,6417,65495,1037
2021-08-01,Sutter,101,95872,10337,10198,107,10305,127
2021-08-01,Tehama,103,63373,5346,5252,624,5876,66
2021-08-01,Trinity,105,12862,515,359,117,476,3
2021-08-01,Tulare,107,460477,51657,50600,9804,60404,854
2021-08-01,Tuolumne,109,53932,4594,4489,45,4534,64
2021-08-01,Ventura,111,848112,85261,84040,3544,87584,1044
2021-08-01,Yolo,113,214977,15384,15042,516,15558,215
2021-08-01,Yuba,115,75493,6880,6721,155,6876,50
2021-07-31,Alameda,001,1643700,98291,95279,2239,97518,1265
2021-07-31,Alpine,003,1148,90,89,0,89,0
2021-07-31,Amador,005,37829,3993,3877,34,3911,48
2021-07-31,Butte,007,227075,13650,13235,2048,15283,205
2021-07-31,Calaveras,009,45235,2383,2294,15,2309,57
2021-07-31,Colusa,011,21464,2051,2006,357,2363,16
2021-07-31,Contra Costa,013,1133247,78621,75866,1550,77416,832
2021-07-31,Del Norte,015,27424,1744,1576,14,1590,8
2021-07-31,El Dorado,017,186661,11437,11017,910,11927,116
2021-07-31,Fresno,019,978130,107073,104639,9232,113871,1744
2021-07-31,Glenn,021,27897,2520,2465,595,3060,20
2021-07-31,Humboldt,023,135768,5347,4978,82,5060,52
2021-07-31,Imperial,025,180216,29471,29164,2780,31944,743
2021-07-31,Inyo,027,18085,1465,1442,14,1456,38
2021-07-31,Kern,029,883053,100667,98903,12179,111082,1357
2021-07-31,Kings,031,150075,24110,23548,1200,24748,248
2021-07-31,Lake,033,64148,4468,4238,16,4254,66
2021-07-31,Lassen,035,31185,5368,5320,123,5443,21
2021-07-31,Los Angeles,037,10098052,1272781,1248545,46124,1294669,24691
2021-07-31,Madera,039,155013,17481,17058,1037,18095,245
2021-07-31,Marin,041,260295,15143,14701,297,14998,239
2021-07-31,Mariposa,043,17540,494,470,11,481,5
2021-07-31,Mendocino,045,87422,4637,4400,96,4496,49
2021-07-31,Merced,047,269075,32280,31959,1130,33089,474
2021-07-31,Modoc,049,8938,429,413,148,561,5
2021-07-31,Mono,051,14174,1307,1287,18,1305,3
2021-07-31,Monterey,053,433212,44115,43720,2023,45743,525
2021-07-31,Napa,055,140530,10606,10401,55,10456,82
2021-07-31,Nevada,057,99092,5829,5373,207,5580,72
2021-07-31,Orange,059,3164182,269038,263446,12372,275818,5144
2021-07-31,Placer,061,380077,26095,25104,1948,27052,306
2021-07-31,Plumas,063,18699,782,743,14,757,5
2021-07-31,Riverside,065,2383286,307833,300315,14771,315086,4554
2021-07-31,Sacramento,067,1510023,118713,115259,2253,117512,1720
2021-07-31,San Benito,069,59416,6295,6251,117,6368,63
2021-07-31,San Bernardino,071,2135413,305603,300726,9485,310211,5240
2021-07-31,San Diego,073,3302833,301681,295054,17355,312409,3798
2021-07-31,San Francisco,075,870044,42434,40412,1614,42026,562
2021-07-31,San Joaquin,077,732212,78233,76575,3973,80548,1443
2021-07-31,San Luis Obispo,079,281455,22479,21922,821,22743,260
2021-07-31,San Mateo,081,765935,45617,44622,623,45245,548
2021-07-31,Santa Barbara,083,443738,36138,35531,1232,36763,467
2021-07-31,Santa Clara,085,1922200,125069,122614,870,123484,2099
2021-07-31,Santa Cruz,087,273765,16982,16576,836,17412,207
2021-07-31,Shasta,089,179085,13277,12918,1777,14695,212
2021-07-31,Sierra,091,2930,76,68,12,80,0
2021-07-31,Siskiyou,093,43540,2090,1976,444,2420,31
2021-07-31,Solano,095,438530,36451,35340,760,36100,263
2021-07-31,Sonoma,097,501317,33632,32601,398,32999,329
2021-07-31,Stanislaus,099,539301,59711,58586,6394,64980,1035
2021-07-31,Sutter,101,95872,10303,10068,106,10174,127
2021-07-31,Tehama,103,63373,5331,5216,621,5837,66
2021-07-31,Trinity,105,12862,514,354,116,470,3
2021-07-31,Tulare,107,460477,51568,50409,9751,60160,854
2021-07-31,Tuolumne,109,53932,4555,4362,45,4407,64
2021-07-31,Ventura,111,848112,85100,83509,3527,87036,1044
2021-07-31,Yolo,113,214977,15336,14863,505,15368,215
2021-07-31,Yuba,115,75493,6857,6615,151,6766,50
2021-07-30,Alameda,001,1643700,97957,95279,2235,97514,1265
2021-07-30,Alpine,003,1148,90,89,0,89,0
2021-07-30,Amador,005,37829,3970,3877,34,3911,48
2021-07-30,Butte,007,227075,13595,13235,2035,15270,205
2021-07-30,Calaveras,009,45235,2373,2294,15,2309,57
2021-07-30,Colusa,011,21464,2047,2006,355,2361,16
2021-07-30,Contra Costa,013,1133247,78377,75866,1546,77412,832
2021-07-30,Del Norte,015,27424,1726,1576,14,1590,8
2021-07-30,El Dorado,017,186661,11404,11017,904,11921,116
2021-07-30,Fresno,019,978130,106879,104639,9220,113859,1744
2021-07-30,Glenn,021,27897,2515,2465,594,3059,20
2021-07-30,Humboldt,023,135768,5283,4978,79,5057,52
2021-07-30,Imperial,025,180216,29457,29164,2777,31941,743
2021-07-30,Inyo,027,18085,1464,1442,14,1456,38
2021-07-30,Kern,029,883053,100543,98903,12132,111035,1357
2021-07-30,Kings,031,150075,24070,23548,1196,24744,248
2021-07-30,Lake,033,64148,4440,4238,16,4254,66
2021-07-30,Lassen,035,31185,5364,5320,123,5443,21
2021-07-30,Los Angeles,037,10098052,1270460,1248545,45973,1294518,24691
2021-07-30,Madera,039,155013,17439,17058,1034,18092,245
2021-07-30,Marin,041,260295,15109,14701,297,14998,239
2021-07-30,Mariposa,043,17540,490,470,11,481,5
2021-07-30,Mendocino,045,87422,4607,4400,95,4495,49
2021-07-30,Merced,047,269075,32239,31959,1126,33085,474
2021-07-30,Modoc,049,8938,427,413,148,561,5
2021-07-30,Mono,051,14174,1302,1287,18,1305,3
2021-07-30,Monterey,053,433212,44081,43720,2014,45734,525
2021-07-30,Napa,055,140530,10584,10401,54,10455,82
2021-07-30,Nevada,057,99092,5772,5373,207,5580,72
2021-07-30,Orange,059,3164182,268412,263446,12346,275792,5144
2021-07-30,Placer,061,380077,26006,25104,1930,27034,306
2021-07-30,Plumas,063,18699,777,743,14,757,5
2021-07-30,Riverside,065,2383286,307195,300315,14761,315076,4554
2021-07-30,Sacramento,067,1510023,118262,115259,2249,117508,1720
2021-07-30,San Benito,069,59416,6288,6251,117,6368,63
2021-07-30,San Bernardino,071,2135413,305090,300726,9479,310205,5240
2021-07-30,San Diego,073,3302833,300907,295054,17297,312351,3798
2021-07-30,San Francisco,075,870044,42221,40412,1599,42011,562
2021-07-30,San Joaquin,077,732212,78079,76575,3968,80543,1443
2021-07-30,San Luis Obispo,079,281455,22441,21922,817,22739,260
2021-07-30,San Mateo,081,765935,45492,44622,610,45232,548
2021-07-30,Santa Barbara,083,443738,36069,35531,1226,36757,467
2021-07-30,Santa Clara,085,1922200,124845,122614,868,123482,2099
2021-07-30,Santa Cruz,087,273765,16956,16576,834,17410,207
2021-07-30,Shasta,089,179085,13232,12918,1777,14695,212
2021-07-30,Sierra,091,2930,75,68,12,80,0
2021-07-30,Siskiyou,093,43540,2081,1976,443,2419,31
2021-07-30,Solano,095,438530,36360,35340,744,36084,263
2021-07-30,Sonoma,097,501317,33537,32601,398,32999,329
2021-07-30,Stanislaus,099,539301,59565,58586,6374,64960,1035
2021-07-30,Sutter,101,95872,10268,10068,106,10174,127
2021-07-30,Tehama,103,63373,5320,5216,621,5837,66
2021-07-30,Trinity,105,12862,514,354,116,470,3
2021-07-30,Tulare,107,460477,51525,50409,9716,60125,854
2021-07-30,Tuolumne,109,53932,4537,4362,45,4407,64
2021-07-30,Ventura,111,848112,84936,83509,3512,87021,1044
2021-07-30,Yolo,113,214977,15275,14863,501,15364,215
2021-07-30,Yuba,115,75493,6821,6615,150,6765,50
2021-07-29,Alameda,001,1643700,97539,95279,2229,97508,1265
2021-07-29,Alpine,003,1148,90,89,0,89,0
2021-07-29,Amador,005,37829,3951,3877,34,3911,48
2021-07-29,Butte,007,227075,13548,13235,2027,15262,205
2021-07-29,Calaveras,009,45235,2358,2294,15,2309,57
2021-07-29,Colusa,011,21464,2040,2006,355,2361,16
2021-07-29,Contra Costa,013,1133247,77938,75866,1542,77408,832
2021-07-29,Del Norte,015,27424,1702,1576,14,1590,8
2021-07-29,El Dorado,017,186661,11340,11017,892,11909,116
2021-07-29,Fresno,019,978130,106614,104639,9192,113831,1744
2021-07-29,Glenn,021,27897,2505,2465,593,3058,20
2021-07-29,Humboldt,023,135768,5223,4978,77,5055,52
2021-07-29,Imperial,025,180216,29412,29164,2775,31939,743
2021-07-29,Inyo,027,18085,1460,1442,14,1456,38
2021-07-29,Kern,029,883053,100336,98903,12054,110957,1357
2021-07-29,Kings,031,150075,24024,23548,1192,24740,248
2021-07-29,Lake,033,64148,4405,4238,16,4254,66
2021-07-29,Lassen,035,31185,5356,5320,120,5440,21
2021-07-29,Los Angeles,037,10098052,1267367,1248545,45789,1294334,24691
2021-07-29,Madera,039,155013,17392,17058,1030,18088,245
2021-07-29,Marin,041,260295,15066,14701,297,14998,239
2021-07-29,Mariposa,043,17540,486,470,11,481,5
2021-07-29,Mendocino,045,87422,4584,4400,93,4493,49
2021-07-29,Merced,047,269075,32184,31959,1126,33085,474
2021-07-29,Modoc,049,8938,427,413,148,561,5
2021-07-29,Mono,051,14174,1300,1287,18,1305,3
2021-07-29,Monterey,053,433212,44032,43720,2004,45724,525
2021-07-29,Napa,055,140530,10552,10401,52,10453,82
2021-07-29,Nevada,057,99092,5720,5373,206,5579,72
2021-07-29,Orange,059,3164182,267700,263446,12314,275760,5144
2021-07-29,Placer,061,380077,25883,25104,1915,27019,306
2021-07-29,Plumas,063,18699,769,743,14,757,5
2021-07-29,Riverside,065,2383286,306490,300315,14737,315052,4554
2021-07-29,Sacramento,067,1510023,117707,115259,2236,117495,1720
2021-07-29,San Benito,069,59416,6277,6251,117,6368,63
2021-07-29,San Bernardino,071,2135413,304452,300726,9469,310195,5240
2021-07-29,San Diego,073,3302833,299850,295054,17229,312283,3798
2021-07-29,San Francisco,075,870044,41974,40412,1578,41990,562
2021-07-29,San Joaquin,077,732212,77823,76575,3960,80535,1443
2021-07-29,San Luis Obispo,079,281455,22387,21922,815,22737,260
2021-07-29,San Mateo,081,765935,45365,44622,600,45222,548
2021-07-29,Santa Barbara,083,443738,35983,35531,1225,36756,467
2021-07-29,Santa Clara,085,1922200,124548,122614,865,123479,2099
2021-07-29,Santa Cruz,087,273765,16903,16576,832,17408,207
2021-07-29,Shasta,089,179085,13178,12918,1768,14686,212
2021-07-29,Sierra,091,2930,75,68,12,80,0
2021-07-29,Siskiyou,093,43540,2076,1976,441,2417,31
2021-07-29,Solano,095,438530,36200,35340,734,36074,263
2021-07-29,Sonoma,097,501317,33363,32601,396,32997,329
2021-07-29,Stanislaus,099,539301,59393,58586,6359,64945,1035
2021-07-29,Sutter,101,95872,10222,10068,105,10173,127
2021-07-29,Tehama,103,63373,5308,5216,615,5831,66
2021-07-29,Trinity,105,12862,512,354,115,469,3
2021-07-29,Tulare,107,460477,51435,50409,9676,60085,854
2021-07-29,Tuolumne,109,53932,4497,4362,44,4406,64
2021-07-29,Ventura,111,848112,84770,83509,3505,87014,1044
2021-07-29,Yolo,113,214977,15206,14863,487,15350,215
2021-07-29,Yuba,115,75493,6772,6615,147,6762,50
2021-07-28,Alameda,001,1643700,97072,94965,2222,97187,1262
2021-07-28,Alpine,003,1148,90,89,0,89,0
2021-07-28,Amador,005,37829,3937,3870,34,3904,48
2021-07-28,Butte,007,227075,13491,13184,2014,15198,205
2021-07-28,Calaveras,009,45235,2337,2289,15,2304,57
2021-07-28,Colusa,011,21464,2037,2001,354,2355,16
2021-07-28,Contra Costa,013,1133247,77451,75487,1534,77021,832
2021-07-28,Del Norte,015,27424,1669,1545,14,1559,8
2021-07-28,El Dorado,017,186661,11291,10967,882,11849,116
2021-07-28,Fresno,019,978130,106366,104458,9171,113629,1744
2021-07-28,Glenn,021,27897,2502,2464,590,3054,20
2021-07-28,Humboldt,023,135768,5172,4946,76,5022,52
2021-07-28,Imperial,025,180216,29365,29096,2775,31871,743
2021-07-28,Inyo,027,18085,1454,1439,13,1452,38
2021-07-28,Kern,029,883053,100180,98781,12008,110789,1352
2021-07-28,Kings,031,150075,23960,23503,1182,24685,248
2021-07-28,Lake,033,64148,4359,4191,15,4206,65
2021-07-28,Lassen,035,31185,5348,5318,120,5438,21
2021-07-28,Los Angeles,037,10098052,1264202,1245485,45602,1291087,24673
2021-07-28,Madera,039,155013,17351,17024,1024,18048,245
2021-07-28,Marin,041,260295,15011,14652,297,14949,239
2021-07-28,Mariposa,043,17540,479,469,11,480,5
2021-07-28,Mendocino,045,87422,4556,4377,93,4470,49
2021-07-28,Merced,047,269075,32128,31886,1122,33008,474
2021-07-28,Modoc,049,8938,425,413,148,561,5
2021-07-28,Mono,051,14174,1299,1286,18,1304,3
2021-07-28,Monterey,053,433212,43985,43668,1994,45662,524
2021-07-28,Napa,055,140530,10512,10376,50,10426,82
2021-07-28,Nevada,057,99092,5666,5320,206,5526,72
2021-07-28,Orange,059,3164182,266907,262735,12284,275019,5143
2021-07-28,Placer,061,380077,25736,24978,1899,26877,306
2021-07-28,Plumas,063,18699,764,754,14,768,5
2021-07-28,Riverside,065,2383286,305723,299611,14718,314329,4554
2021-07-28,Sacramento,067,1510023,117056,114665,2216,116881,1714
2021-07-28,San Benito,069,59416,6266,6236,117,6353,63
2021-07-28,San Bernardino,071,2135413,303831,300121,9457,309578,5236
2021-07-28,San Diego,073,3302833,298577,294176,17156,311332,3798
2021-07-28,San Francisco,075,870044,41671,40144,1552,41696,561
2021-07-28,San Joaquin,077,732212,77572,76312,3930,80242,1443
2021-07-28,San Luis Obispo,079,281455,22328,21865,814,22679,260
2021-07-28,San Mateo,081,765935,45215,44477,591,45068,547
2021-07-28,Santa Barbara,083,443738,35908,35431,1220,36651,467
2021-07-28,Santa Clara,085,1922200,124287,122345,863,123208,2099
2021-07-28,Santa Cruz,087,273765,16865,16551,831,17382,207
2021-07-28,Shasta,089,179085,13133,12882,1758,14640,212
2021-07-28,Sierra,091,2930,71,67,12,79,0
2021-07-28,Siskiyou,093,43540,2067,1971,438,2409,31
2021-07-28,Solano,095,438530,36026,35204,727,35931,262
2021-07-28,Sonoma,097,501317,33220,32434,393,32827,328
2021-07-28,Stanislaus,099,539301,59196,58427,6343,64770,1035
2021-07-28,Sutter,101,95872,10190,10033,104,10137,126
2021-07-28,Tehama,103,63373,5296,5209,612,5821,66
2021-07-28,Trinity,105,12862,511,352,115,467,3
2021-07-28,Tulare,107,460477,51347,50363,9629,59992,854
2021-07-28,Tuolumne,109,53932,4458,4313,44,4357,64
2021-07-28,Ventura,111,848112,84574,83360,3489,86849,1043
2021-07-28,Yolo,113,214977,15134,14801,478,15279,215
2021-07-28,Yuba,115,75493,6739,6591,146,6737,51
2021-07-27,Alameda,001,1643700,96667,94682,2213,96895,1256
2021-07-27,Alpine,003,1148,90,89,0,89,0
2021-07-27,Amador,005,37829,3921,3861,34,3895,48
2021-07-27,Butte,007,227075,13443,13127,2003,15130,205
2021-07-27,Calaveras,009,45235,2326,2280,15,2295,57
2021-07-27,Colusa,011,21464,2028,1999,353,2352,16
2021-07-27,Contra Costa,013,1133247,76966,75227,1530,76757,830
2021-07-27,Del Norte,015,27424,1649,1538,14,1552,8
2021-07-27,El Dorado,017,186661,11231,10941,872,11813,116
2021-07-27,Fresno,019,978130,106073,104288,9147,113435,1746
2021-07-27,Glenn,021,27897,2494,2460,588,3048,20
2021-07-27,Humboldt,023,135768,5118,4925,75,5000,52
2021-07-27,Imperial,025,180216,29320,29048,2774,31822,743
2021-07-27,Inyo,027,18085,1452,1430,13,1443,38
2021-07-27,Kern,029,883053,100010,98724,11952,110676,1352
2021-07-27,Kings,031,150075,23903,23463,1172,24635,248
2021-07-27,Lake,033,64148,4320,4157,15,4172,65
2021-07-27,Lassen,035,31185,5342,5315,120,5435,21
2021-07-27,Los Angeles,037,10098052,1260744,1243336,45391,1288727,24658
2021-07-27,Madera,039,155013,17298,16998,1018,18016,245
2021-07-27,Marin,041,260295,14963,14631,294,14925,239
2021-07-27,Mariposa,043,17540,476,468,11,479,5
2021-07-27,Mendocino,045,87422,4533,4371,93,4464,49
2021-07-27,Merced,047,269075,32061,31825,1119,32944,473
2021-07-27,Modoc,049,8938,424,413,148,561,5
2021-07-27,Mono,051,14174,1295,1288,18,1306,3
2021-07-27,Monterey,053,433212,43945,43646,1983,45629,523
2021-07-27,Napa,055,140530,10482,10354,50,10404,82
2021-07-27,Nevada,057,99092,5589,5305,204,5509,72
2021-07-27,Orange,059,3164182,266163,262193,12258,274451,5143
2021-07-27,Placer,061,380077,25577,24916,1873,26789,306
2021-07-27,Plumas,063,18699,761,752,14,766,5
2021-07-27,Riverside,065,2383286,304994,299160,14699,313859,4554
2021-07-27,Sacramento,067,1510023,116453,114413,2207,116620,1710
2021-07-27,San Benito,069,59416,6257,6229,117,6346,63
2021-07-27,San Bernardino,071,2135413,303144,299593,9435,309028,5236
2021-07-27,San Diego,073,3302833,297488,293408,17077,310485,3798
2021-07-27,San Francisco,075,870044,41314,39939,1534,41473,561
2021-07-27,San Joaquin,077,732212,77309,76166,3911,80077,1442
2021-07-27,San Luis Obispo,079,281455,22273,21803,805,22608,260
2021-07-27,San Mateo,081,765935,45064,44378,588,44966,547
2021-07-27,Santa Barbara,083,443738,35813,35355,1218,36573,467
2021-07-27,Santa Clara,085,1922200,123993,122154,861,123015,2099
2021-07-27,Santa Cruz,087,273765,16819,16523,830,17353,207
2021-07-27,Shasta,089,179085,13083,12846,1745,14591,212
2021-07-27,Sierra,091,2930,71,65,12,77,0
2021-07-27,Siskiyou,093,43540,2062,1964,435,2399,31
2021-07-27,Solano,095,438530,35894,35093,717,35810,261
2021-07-27,Sonoma,097,501317,33076,32367,391,32758,328
2021-07-27,Stanislaus,099,539301,59028,58333,6315,64648,1033
2021-07-27,Sutter,101,95872,10149,9998,104,10102,115
2021-07-27,Tehama,103,63373,5275,5192,610,5802,66
2021-07-27,Trinity,105,12862,510,351,115,466,3
2021-07-27,Tulare,107,460477,51281,50324,9598,59922,854
2021-07-27,Tuolumne,109,53932,4406,4282,44,4326,64
2021-07-27,Ventura,111,848112,84366,83189,3477,86666,1043
2021-07-27,Yolo,113,214977,15060,14759,473,15232,215
2021-07-27,Yuba,115,75493,6717,6564,144,6708,51
2021-07-26,Alameda,001,1643700,96223,94436,2208,96644,1259
2021-07-26,Alpine,003,1148,90,89,0,89,0
2021-07-26,Amador,005,37829,3911,3854,34,3888,48
2021-07-26,Butte,007,227075,13388,13082,1992,15074,203
2021-07-26,Calaveras,009,45235,2320,2276,15,2291,57
2021-07-26,Colusa,011,21464,2021,1996,351,2347,16
2021-07-26,Contra Costa,013,1133247,76469,74854,1523,76377,830
2021-07-26,Del Norte,015,27424,1628,1530,14,1544,8
2021-07-26,El Dorado,017,186661,11167,10899,869,11768,116
2021-07-26,Fresno,019,978130,105869,104143,9123,113266,1742
2021-07-26,Glenn,021,27897,2492,2461,587,3048,20
2021-07-26,Humboldt,023,135768,5079,4906,73,4979,52
2021-07-26,Imperial,025,180216,29280,29034,2774,31808,743
2021-07-26,Inyo,027,18085,1447,1429,13,1442,38
2021-07-26,Kern,029,883053,99844,98633,11887,110520,1351
2021-07-26,Kings,031,150075,23854,23426,1168,24594,247
2021-07-26,Lake,033,64148,4299,4133,15,4148,65
2021-07-26,Lassen,035,31185,5338,5314,120,5434,21
2021-07-26,Los Angeles,037,10098052,1257406,1241527,45218,1286745,24647
2021-07-26,Madera,039,155013,17270,16971,1011,17982,245
2021-07-26,Marin,041,260295,14906,14579,293,14872,239
2021-07-26,Mariposa,043,17540,475,467,11,478,5
2021-07-26,Mendocino,045,87422,4512,4354,93,4447,49
2021-07-26,Merced,047,269075,31970,31774,1115,32889,473
2021-07-26,Modoc,049,8938,424,413,148,561,5
2021-07-26,Mono,051,14174,1294,1286,18,1304,3
2021-07-26,Monterey,053,433212,43902,43595,1970,45565,521
2021-07-26,Napa,055,140530,10459,10332,50,10382,82
2021-07-26,Nevada,057,99092,5503,5280,204,5484,72
2021-07-26,Orange,059,3164182,265524,261803,12237,274040,5142
2021-07-26,Placer,061,380077,25441,24842,1852,26694,304
2021-07-26,Plumas,063,18699,757,750,14,764,5
2021-07-26,Riverside,065,2383286,304301,298626,14685,313311,4553
2021-07-26,Sacramento,067,1510023,115854,113986,2191,116177,1705
2021-07-26,San Benito,069,59416,6251,6222,117,6339,63
2021-07-26,San Bernardino,071,2135413,302529,299238,9423,308661,5237
2021-07-26,San Diego,073,3302833,296381,292688,16995,309683,3793
2021-07-26,San Francisco,075,870044,40953,39800,1508,41308,561
2021-07-26,San Joaquin,077,732212,77074,76033,3907,79940,1440
2021-07-26,San Luis Obispo,079,281455,22224,21752,802,22554,260
2021-07-26,San Mateo,081,765935,44916,44297,579,44876,547
2021-07-26,Santa Barbara,083,443738,35740,35311,1206,36517,467
2021-07-26,Santa Clara,085,1922200,123684,121978,852,122830,2099
2021-07-26,Santa Cruz,087,273765,16779,16493,827,17320,207
2021-07-26,Shasta,089,179085,13034,12819,1732,14551,211
2021-07-26,Sierra,091,2930,70,65,12,77,0
2021-07-26,Siskiyou,093,43540,2059,1962,433,2395,31
2021-07-26,Solano,095,438530,35739,34990,709,35699,259
2021-07-26,Sonoma,097,501317,32940,32283,389,32672,328
2021-07-26,Stanislaus,099,539301,58883,58219,6295,64514,1033
2021-07-26,Sutter,101,95872,10109,9963,101,10064,115
2021-07-26,Tehama,103,63373,5265,5183,606,5789,66
2021-07-26,Trinity,105,12862,510,351,114,465,3
2021-07-26,Tulare,107,460477,51215,50265,9567,59832,854
2021-07-26,Tuolumne,109,53932,4375,4271,44,4315,64
2021-07-26,Ventura,111,848112,84193,83072,3462,86534,1041
2021-07-26,Yolo,113,214977,14999,14727,461,15188,215
2021-07-26,Yuba,115,75493,6683,6538,142,6680,51
2021-07-25,Alameda,001,1643700,95730,94146,2202,96348,1259
2021-07-25,Alpine,003,1148,88,89,0,89,0
2021-07-25,Amador,005,37829,3896,3848,34,3882,48
2021-07-25,Butte,007,227075,13349,13074,1982,15056,203
2021-07-25,Calaveras,009,45235,2310,2275,15,2290,57
2021-07-25,Colusa,011,21464,2012,1996,347,2343,16
2021-07-25,Contra Costa,013,1133247,75984,74634,1509,76143,830
2021-07-25,Del Norte,015,27424,1607,1526,14,1540,8
2021-07-25,El Dorado,017,186661,11110,10878,866,11744,116
2021-07-25,Fresno,019,978130,105628,104019,9107,113126,1742
2021-07-25,Glenn,021,27897,2483,2461,585,3046,20
2021-07-25,Humboldt,023,135768,5020,4892,72,4964,52
2021-07-25,Imperial,025,180216,29243,29037,2774,31811,743
2021-07-25,Inyo,027,18085,1442,1427,13,1440,38
2021-07-25,Kern,029,883053,99672,98503,11816,110319,1351
2021-07-25,Kings,031,150075,23800,23396,1164,24560,247
2021-07-25,Lake,033,64148,4246,4109,14,4123,65
2021-07-25,Lassen,035,31185,5333,5314,120,5434,21
2021-07-25,Los Angeles,037,10098052,1253989,1239596,45022,1284618,24643
2021-07-25,Madera,039,155013,17233,16947,1004,17951,245
2021-07-25,Marin,041,260295,14856,14558,290,14848,239
2021-07-25,Mariposa,043,17540,472,465,11,476,5
2021-07-25,Mendocino,045,87422,4483,4335,91,4426,49
2021-07-25,Merced,047,269075,31897,31760,1113,32873,473
2021-07-25,Modoc,049,8938,424,413,148,561,5
2021-07-25,Mono,051,14174,1291,1286,18,1304,3
2021-07-25,Monterey,053,433212,43864,43590,1962,45552,521
2021-07-25,Napa,055,140530,10423,10316,49,10365,82
2021-07-25,Nevada,057,99092,5438,5256,201,5457,72
2021-07-25,Orange,059,3164182,264816,261351,12214,273565,5142
2021-07-25,Placer,061,380077,25319,24755,1831,26586,304
2021-07-25,Plumas,063,18699,755,750,14,764,5
2021-07-25,Riverside,065,2383286,303536,298181,14667,312848,4553
2021-07-25,Sacramento,067,1510023,115304,113611,2175,115786,1704
2021-07-25,San Benito,069,59416,6244,6217,117,6334,63
2021-07-25,San Bernardino,071,2135413,301869,298982,9417,308399,5237
2021-07-25,San Diego,073,3302833,295319,290626,16921,307547,3793
2021-07-25,San Francisco,075,870044,40603,39663,1482,41145,561
2021-07-25,San Joaquin,077,732212,76819,75926,3888,79814,1440
2021-07-25,San Luis Obispo,079,281455,22151,21741,799,22540,260
2021-07-25,San Mateo,081,765935,44753,44189,573,44762,547
2021-07-25,Santa Barbara,083,443738,35660,35261,1203,36464,467
2021-07-25,Santa Clara,085,1922200,123354,121800,847,122647,2099
2021-07-25,Santa Cruz,087,273765,16732,16474,826,17300,207
2021-07-25,Shasta,089,179085,12987,12815,1727,14542,211
2021-07-25,Sierra,091,2930,70,65,12,77,0
2021-07-25,Siskiyou,093,43540,2051,1963,430,2393,31
2021-07-25,Solano,095,438530,35547,34863,706,35569,259
2021-07-25,Sonoma,097,501317,32815,32202,386,32588,328
2021-07-25,Stanislaus,099,539301,58717,58154,6290,64444,1033
2021-07-25,Sutter,101,95872,10056,9937,99,10036,115
2021-07-25,Tehama,103,63373,5249,5181,605,5786,66
2021-07-25,Trinity,105,12862,508,351,112,463,3
2021-07-25,Tulare,107,460477,51140,50221,9529,59750,854
2021-07-25,Tuolumne,109,53932,4323,4267,44,4311,64
2021-07-25,Ventura,111,848112,83979,82986,3439,86425,1041
2021-07-25,Yolo,113,214977,14938,14693,447,15140,215
2021-07-25,Yuba,115,75493,6650,6519,142,6661,51
2021-07-24,Alameda,001,1643700,95452,93170,2198,95368,1259
2021-07-24,Alpine,003,1148,88,89,0,89,0
2021-07-24,Amador,005,37829,3887,3816,34,3850,48
2021-07-24,Butte,007,227075,13320,12982,1980,14962,203
2021-07-24,Calaveras,009,45235,2305,2267,15,2282,57
2021-07-24,Colusa,011,21464,2011,1992,345,2337,16
2021-07-24,Contra Costa,013,1133247,75756,73682,1506,75188,830
2021-07-24,Del Norte,015,27424,1596,1497,14,1511,8
2021-07-24,El Dorado,017,186661,11076,10773,863,11636,116
2021-07-24,Fresno,019,978130,105510,103637,9097,112734,1736
2021-07-24,Glenn,021,27897,2481,2457,585,3042,20
2021-07-24,Humboldt,023,135768,4985,4780,71,4851,52
2021-07-24,Imperial,025,180216,29223,28996,2774,31770,742
2021-07-24,Inyo,027,18085,1439,1424,13,1437,38
2021-07-24,Kern,029,883053,99594,98261,11794,110055,1350
2021-07-24,Kings,031,150075,23769,23304,1161,24465,246
2021-07-24,Lake,033,64148,4223,3963,14,3977,64
2021-07-24,Lassen,035,31185,5332,5311,120,5431,21
2021-07-24,Los Angeles,037,10098052,1252210,1232164,44890,1277054,24623
2021-07-24,Madera,039,155013,17209,16885,1002,17887,245
2021-07-24,Marin,041,260295,14817,14454,290,14744,238
2021-07-24,Mariposa,043,17540,472,453,11,464,5
2021-07-24,Mendocino,045,87422,4458,4293,91,4384,49
2021-07-24,Merced,047,269075,31875,31661,1112,32773,473
2021-07-24,Modoc,049,8938,424,413,148,561,5
2021-07-24,Mono,051,14174,1289,1284,18,1302,3
2021-07-24,Monterey,053,433212,43839,43525,1955,45480,521
2021-07-24,Napa,055,140530,10407,10230,49,10279,81
2021-07-24,Nevada,057,99092,5406,5183,201,5384,72
2021-07-24,Orange,059,3164182,264351,259973,12202,272175,5141
2021-07-24,Placer,061,380077,25236,24530,1826,26356,303
2021-07-24,Plumas,063,18699,754,737,14,751,4
2021-07-24,Riverside,065,2383286,303068,296912,14657,311569,4552
2021-07-24,Sacramento,067,1510023,114989,112438,2171,114609,1698
2021-07-24,San Benito,069,59416,6240,6200,116,6316,63
2021-07-24,San Bernardino,071,2135413,301478,297899,9408,307307,5236
2021-07-24,San Diego,073,3302833,294853,289368,16893,306261,3788
2021-07-24,San Francisco,075,870044,40429,38954,1466,40420,561
2021-07-24,San Joaquin,077,732212,76691,75461,3877,79338,1436
2021-07-24,San Luis Obispo,079,281455,22120,21616,797,22413,260
2021-07-24,San Mateo,081,765935,44636,43880,567,44447,542
2021-07-24,Santa Barbara,083,443738,35601,35071,1199,36270,465
2021-07-24,Santa Clara,085,1922200,123142,121092,846,121938,2099
2021-07-24,Santa Cruz,087,273765,16709,16416,826,17242,207
2021-07-24,Shasta,089,179085,12959,12759,1724,14483,211
2021-07-24,Sierra,091,2930,69,64,12,76,0
2021-07-24,Siskiyou,093,43540,2051,1951,430,2381,31
2021-07-24,Solano,095,438530,35455,34499,697,35196,259
2021-07-24,Sonoma,097,501317,32690,31928,384,32312,327
2021-07-24,Stanislaus,099,539301,58625,57879,6280,64159,1030
2021-07-24,Sutter,101,95872,10029,9890,99,9989,115
2021-07-24,Tehama,103,63373,5242,5166,603,5769,65
2021-07-24,Trinity,105,12862,508,345,112,457,3
2021-07-24,Tulare,107,460477,51097,50104,9512,59616,854
2021-07-24,Tuolumne,109,53932,4297,4216,44,4260,64
2021-07-24,Ventura,111,848112,83852,82687,3422,86109,1041
2021-07-24,Yolo,113,214977,14900,14557,444,15001,214
2021-07-24,Yuba,115,75493,6631,6449,142,6591,51
2021-07-23,Alameda,001,1643700,95199,93170,2193,95363,1259
2021-07-23,Alpine,003,1148,88,89,0,89,0
2021-07-23,Amador,005,37829,3880,3816,34,3850,48
2021-07-23,Butte,007,227075,13291,12982,1972,14954,203
2021-07-23,Calaveras,009,45235,2295,2267,15,2282,57
2021-07-23,Colusa,011,21464,2010,1992,345,2337,16
2021-07-23,Contra Costa,013,1133247,75496,73682,1496,75178,830
2021-07-23,Del Norte,015,27424,1588,1497,14,1511,8
2021-07-23,El Dorado,017,186661,11047,10773,859,11632,116
2021-07-23,Fresno,019,978130,105378,103637,9087,112724,1736
2021-07-23,Glenn,021,27897,2479,2457,582,3039,20
2021-07-23,Humboldt,023,135768,4963,4780,68,4848,52
2021-07-23,Imperial,025,180216,29211,28996,2774,31770,742
2021-07-23,Inyo,027,18085,1436,1424,13,1437,38
2021-07-23,Kern,029,883053,99512,98261,11768,110029,1350
2021-07-23,Kings,031,150075,23738,23304,1158,24462,246
2021-07-23,Lake,033,64148,4194,3963,14,3977,64
2021-07-23,Lassen,035,31185,5330,5311,120,5431,21
2021-07-23,Los Angeles,037,10098052,1250273,1232164,44780,1276944,24623
2021-07-23,Madera,039,155013,17179,16885,997,17882,245
2021-07-23,Marin,041,260295,14780,14454,288,14742,238
2021-07-23,Mariposa,043,17540,469,453,11,464,5
2021-07-23,Mendocino,045,87422,4445,4293,91,4384,49
2021-07-23,Merced,047,269075,31850,31661,1112,32773,473
2021-07-23,Modoc,049,8938,424,413,148,561,5
2021-07-23,Mono,051,14174,1288,1284,18,1302,3
2021-07-23,Monterey,053,433212,43813,43525,1955,45480,521
2021-07-23,Napa,055,140530,10386,10230,49,10279,81
2021-07-23,Nevada,057,99092,5362,5183,201,5384,72
2021-07-23,Orange,059,3164182,263901,259973,12179,272152,5141
2021-07-23,Placer,061,380077,25156,24530,1810,26340,303
2021-07-23,Plumas,063,18699,752,737,14,751,4
2021-07-23,Riverside,065,2383286,302602,296912,14645,311557,4552
2021-07-23,Sacramento,067,1510023,114635,112438,2169,114607,1698
2021-07-23,San Benito,069,59416,6234,6200,116,6316,63
2021-07-23,San Bernardino,071,2135413,301097,297899,9399,307298,5236
2021-07-23,San Diego,073,3302833,294246,289368,16845,306213,3788
2021-07-23,San Francisco,075,870044,40242,38954,1453,40407,561
2021-07-23,San Joaquin,077,732212,76587,75461,3862,79323,1436
2021-07-23,San Luis Obispo,079,281455,22081,21616,797,22413,260
2021-07-23,San Mateo,081,765935,44533,43880,562,44442,542
2021-07-23,Santa Barbara,083,443738,35536,35071,1198,36269,465
2021-07-23,Santa Clara,085,1922200,122923,121092,843,121935,2099
2021-07-23,Santa Cruz,087,273765,16684,16416,826,17242,207
2021-07-23,Shasta,089,179085,12932,12759,1721,14480,211
2021-07-23,Sierra,091,2930,69,64,12,76,0
2021-07-23,Siskiyou,093,43540,2049,1951,430,2381,31
2021-07-23,Solano,095,438530,35363,34499,693,35192,259
2021-07-23,Sonoma,097,501317,32595,31928,383,32311,327
2021-07-23,Stanislaus,099,539301,58549,57879,6271,64150,1030
2021-07-23,Sutter,101,95872,10000,9890,99,9989,115
2021-07-23,Tehama,103,63373,5233,5166,603,5769,65
2021-07-23,Trinity,105,12862,507,345,111,456,3
2021-07-23,Tulare,107,460477,51051,50104,9487,59591,854
2021-07-23,Tuolumne,109,53932,4275,4216,44,4260,64
2021-07-23,Ventura,111,848112,83690,82687,3404,86091,1041
2021-07-23,Yolo,113,214977,14863,14557,437,14994,214
2021-07-23,Yuba,115,75493,6605,6449,141,6590,51
2021-07-22,Alameda,001,1643700,94844,93170,2188,95358,1259
2021-07-22,Alpine,003,1148,88,89,0,89,0
2021-07-22,Amador,005,37829,3871,3816,34,3850,48
2021-07-22,Butte,007,227075,13257,12982,1963,14945,203
2021-07-22,Calaveras,009,45235,2285,2267,15,2282,57
2021-07-22,Colusa,011,21464,2008,1992,342,2334,16
2021-07-22,Contra Costa,013,1133247,75156,73682,1491,75173,830
2021-07-22,Del Norte,015,27424,1571,1497,14,1511,8
2021-07-22,El Dorado,017,186661,11012,10773,851,11624,116
2021-07-22,Fresno,019,978130,105249,103637,9077,112714,1736
2021-07-22,Glenn,021,27897,2475,2457,582,3039,20
2021-07-22,Humboldt,023,135768,4932,4780,66,4846,52
2021-07-22,Imperial,025,180216,29181,28996,2774,31770,742
2021-07-22,Inyo,027,18085,1434,1424,13,1437,38
2021-07-22,Kern,029,883053,99397,98261,11727,109988,1350
2021-07-22,Kings,031,150075,23699,23304,1156,24460,246
2021-07-22,Lake,033,64148,4143,3963,14,3977,64
2021-07-22,Lassen,035,31185,5327,5311,120,5431,21
2021-07-22,Los Angeles,037,10098052,1247844,1232164,44597,1276761,24623
2021-07-22,Madera,039,155013,17144,16885,995,17880,245
2021-07-22,Marin,041,260295,14739,14454,287,14741,238
2021-07-22,Mariposa,043,17540,462,453,11,464,5
2021-07-22,Mendocino,045,87422,4432,4293,90,4383,49
2021-07-22,Merced,047,269075,31808,31661,1110,32771,473
2021-07-22,Modoc,049,8938,424,413,148,561,5
2021-07-22,Mono,051,14174,1287,1284,18,1302,3
2021-07-22,Monterey,053,433212,43785,43525,1949,45474,521
2021-07-22,Napa,055,140530,10368,10230,49,10279,81
2021-07-22,Nevada,057,99092,5336,5183,200,5383,72
2021-07-22,Orange,059,3164182,263348,259973,12170,272143,5141
2021-07-22,Placer,061,380077,25062,24530,1799,26329,303
2021-07-22,Plumas,063,18699,751,737,14,751,4
2021-07-22,Riverside,065,2383286,302093,296912,14624,311536,4552
2021-07-22,Sacramento,067,1510023,114197,112438,2160,114598,1698
2021-07-22,San Benito,069,59416,6227,6200,116,6316,63
2021-07-22,San Bernardino,071,2135413,300694,297899,9383,307282,5236
2021-07-22,San Diego,073,3302833,293516,289368,16785,306153,3788
2021-07-22,San Francisco,075,870044,40029,38954,1441,40395,561
2021-07-22,San Joaquin,077,732212,76444,75461,3849,79310,1436
2021-07-22,San Luis Obispo,079,281455,22043,21616,793,22409,260
2021-07-22,San Mateo,081,765935,44421,43880,557,44437,542
2021-07-22,Santa Barbara,083,443738,35470,35071,1196,36267,465
2021-07-22,Santa Clara,085,1922200,122681,121092,840,121932,2099
2021-07-22,Santa Cruz,087,273765,16647,16416,825,17241,207
2021-07-22,Shasta,089,179085,12908,12759,1717,14476,211
2021-07-22,Sierra,091,2930,67,64,12,76,0
2021-07-22,Siskiyou,093,43540,2046,1951,430,2381,31
2021-07-22,Solano,095,438530,35217,34499,686,35185,259
2021-07-22,Sonoma,097,501317,32485,31928,381,32309,327
2021-07-22,Stanislaus,099,539301,58421,57879,6259,64138,1030
2021-07-22,Sutter,101,95872,9979,9890,99,9989,115
2021-07-22,Tehama,103,63373,5227,5166,603,5769,65
2021-07-22,Trinity,105,12862,507,345,111,456,3
2021-07-22,Tulare,107,460477,51008,50104,9459,59563,854
2021-07-22,Tuolumne,109,53932,4263,4216,44,4260,64
2021-07-22,Ventura,111,848112,83556,82687,3391,86078,1041
2021-07-22,Yolo,113,214977,14825,14557,436,14993,214
2021-07-22,Yuba,115,75493,6574,6449,138,6587,51
2021-07-21,Alameda,001,1643700,94523,92840,2184,95024,1256
2021-07-21,Alpine,003,1148,88,89,0,89,0
2021-07-21,Amador,005,37829,3858,3813,34,3847,48
2021-07-21,Butte,007,227075,13216,12939,1958,14897,203
2021-07-21,Calaveras,009,45235,2281,2257,15,2272,57
2021-07-21,Colusa,011,21464,2004,1988,341,2329,16
2021-07-21,Contra Costa,013,1133247,74892,73320,1482,74802,827
2021-07-21,Del Norte,015,27424,1561,1492,14,1506,8
2021-07-21,El Dorado,017,186661,10976,10742,847,11589,116
2021-07-21,Fresno,019,978130,105101,103504,9068,112572,1736
2021-07-21,Glenn,021,27897,2473,2455,581,3036,20
2021-07-21,Humboldt,023,135768,4900,4763,64,4827,52
2021-07-21,Imperial,025,180216,29169,28964,2771,31735,742
2021-07-21,Inyo,027,18085,1434,1423,13,1436,38
2021-07-21,Kern,029,883053,99279,98152,11686,109838,1350
2021-07-21,Kings,031,150075,23671,23270,1152,24422,246
2021-07-21,Lake,033,64148,4077,3896,14,3910,64
2021-07-21,Lassen,035,31185,5324,5310,120,5430,21
2021-07-21,Los Angeles,037,10098052,1245335,1229598,44459,1274057,24609
2021-07-21,Madera,039,155013,17120,16858,992,17850,245
2021-07-21,Marin,041,260295,14690,14427,287,14714,238
2021-07-21,Mariposa,043,17540,458,449,11,460,5
2021-07-21,Mendocino,045,87422,4414,4274,90,4364,49
2021-07-21,Merced,047,269075,31769,31607,1106,32713,473
2021-07-21,Modoc,049,8938,424,413,148,561,5
2021-07-21,Mono,051,14174,1284,1282,18,1300,3
2021-07-21,Monterey,053,433212,43755,43502,1945,45447,515
2021-07-21,Napa,055,140530,10342,10209,49,10258,81
2021-07-21,Nevada,057,99092,5301,5152,200,5352,72
2021-07-21,Orange,059,3164182,262795,259615,12139,271754,5139
2021-07-21,Placer,061,380077,24953,24441,1788,26229,303
2021-07-21,Plumas,063,18699,751,736,14,750,4
2021-07-21,Riverside,065,2383286,301580,296419,14607,311026,4552
2021-07-21,Sacramento,067,1510023,113775,112043,2149,114192,1696
2021-07-21,San Benito,069,59416,6217,6196,116,6312,63
2021-07-21,San Bernardino,071,2135413,300242,297519,9375,306894,5230
2021-07-21,San Diego,073,3302833,292666,288682,16722,305404,3787
2021-07-21,San Francisco,075,870044,39804,38699,1436,40135,559
2021-07-21,San Joaquin,077,732212,76255,75288,3837,79125,1434
2021-07-21,San Luis Obispo,079,281455,22006,21579,790,22369,260
2021-07-21,San Mateo,081,765935,44329,43755,553,44308,542
2021-07-21,Santa Barbara,083,443738,35411,34998,1180,36178,465
2021-07-21,Santa Clara,085,1922200,122471,120838,838,121676,2099
2021-07-21,Santa Cruz,087,273765,16613,16407,825,17232,207
2021-07-21,Shasta,089,179085,12875,12751,1714,14465,211
2021-07-21,Sierra,091,2930,67,64,12,76,0
2021-07-21,Siskiyou,093,43540,2044,1943,428,2371,31
2021-07-21,Solano,095,438530,35059,34374,681,35055,258
2021-07-21,Sonoma,097,501317,32369,31789,381,32170,327
2021-07-21,Stanislaus,099,539301,58319,57774,6249,64023,1028
2021-07-21,Sutter,101,95872,9955,9862,99,9961,113
2021-07-21,Tehama,103,63373,5223,5161,603,5764,65
2021-07-21,Trinity,105,12862,505,345,110,455,3
2021-07-21,Tulare,107,460477,50948,50066,9433,59499,854
2021-07-21,Tuolumne,109,53932,4226,4156,44,4200,64
2021-07-21,Ventura,111,848112,83434,82573,3379,85952,1041
2021-07-21,Yolo,113,214977,14783,14525,435,14960,213
2021-07-21,Yuba,115,75493,6546,6425,138,6563,52
2021-07-20,Alameda,001,1643700,94149,92625,2170,94795,1256
2021-07-20,Alpine,003,1148,88,89,0,89,0
2021-07-20,Amador,005,37829,3847,3807,34,3841,48
2021-07-20,Butte,007,227075,13179,12916,1953,14869,203
2021-07-20,Calaveras,009,45235,2278,2249,15,2264,57
2021-07-20,Colusa,011,21464,2004,1985,341,2326,16
2021-07-20,Contra Costa,013,1133247,74608,73143,1464,74607,825
2021-07-20,Del Norte,015,27424,1551,1490,14,1504,8
2021-07-20,El Dorado,017,186661,10936,10727,843,11570,116
2021-07-20,Fresno,019,978130,104965,103438,9049,112487,1736
2021-07-20,Glenn,021,27897,2473,2453,581,3034,20
2021-07-20,Humboldt,023,135768,4855,4735,62,4797,52
2021-07-20,Imperial,025,180216,29149,28933,2771,31704,742
2021-07-20,Inyo,027,18085,1430,1420,13,1433,36
2021-07-20,Kern,029,883053,99167,98082,11658,109740,1350
2021-07-20,Kings,031,150075,23630,23254,1148,24402,246
2021-07-20,Lake,033,64148,4052,3871,14,3885,64
2021-07-20,Lassen,035,31185,5324,5306,120,5426,21
2021-07-20,Los Angeles,037,10098052,1242540,1227404,44292,1271696,24603
2021-07-20,Madera,039,155013,17099,16856,988,17844,245
2021-07-20,Marin,041,260295,14654,14396,284,14680,234
2021-07-20,Mariposa,043,17540,456,448,11,459,5
2021-07-20,Mendocino,045,87422,4397,4259,90,4349,49
2021-07-20,Merced,047,269075,31730,31578,1099,32677,473
2021-07-20,Modoc,049,8938,424,413,148,561,5
2021-07-20,Mono,051,14174,1280,1281,18,1299,3
2021-07-20,Monterey,053,433212,43724,43481,1942,45423,515
2021-07-20,Napa,055,140530,10319,10191,49,10240,81
2021-07-20,Nevada,057,99092,5282,5148,199,5347,72
2021-07-20,Orange,059,3164182,262238,259303,12107,271410,5139
2021-07-20,Placer,061,380077,24861,24408,1765,26173,303
2021-07-20,Plumas,063,18699,749,736,14,750,4
2021-07-20,Riverside,065,2383286,301045,296118,14593,310711,4543
2021-07-20,Sacramento,067,1510023,113335,111796,2119,113915,1695
2021-07-20,San Benito,069,59416,6210,6196,116,6312,63
2021-07-20,San Bernardino,071,2135413,299831,297222,9350,306572,5231
2021-07-20,San Diego,073,3302833,291740,288209,16626,304835,3786
2021-07-20,San Francisco,075,870044,39545,38536,1425,39961,558
2021-07-20,San Joaquin,077,732212,76083,75198,3824,79022,1433
2021-07-20,San Luis Obispo,079,281455,21960,21556,789,22345,259
2021-07-20,San Mateo,081,765935,44211,43670,552,44222,542
2021-07-20,Santa Barbara,083,443738,35341,34935,1174,36109,462
2021-07-20,Santa Clara,085,1922200,122214,120704,835,121539,2098
2021-07-20,Santa Cruz,087,273765,16584,16399,825,17224,207
2021-07-20,Shasta,089,179085,12849,12734,1710,14444,211
2021-07-20,Sierra,091,2930,67,64,12,76,0
2021-07-20,Siskiyou,093,43540,2040,1931,427,2358,31
2021-07-20,Solano,095,438530,34924,34337,674,35011,258
2021-07-20,Sonoma,097,501317,32250,31763,380,32143,326
2021-07-20,Stanislaus,099,539301,58204,57706,6243,63949,1028
2021-07-20,Sutter,101,95872,9928,9854,96,9950,114
2021-07-20,Tehama,103,63373,5221,5153,603,5756,65
2021-07-20,Trinity,105,12862,503,344,109,453,3
2021-07-20,Tulare,107,460477,50906,50047,9416,59463,854
2021-07-20,Tuolumne,109,53932,4207,4156,44,4200,64
2021-07-20,Ventura,111,848112,83281,82504,3362,85866,1041
2021-07-20,Yolo,113,214977,14718,14495,432,14927,213
2021-07-20,Yuba,115,75493,6521,6393,135,6528,52
2021-07-19,Alameda,001,1643700,93774,92357,2154,94511,1256
2021-07-19,Alpine,003,1148,88,89,0,89,0
2021-07-19,Amador,005,37829,3843,3802,34,3836,48
2021-07-19,Butte,007,227075,13135,12901,1947,14848,202
2021-07-19,Calaveras,009,45235,2274,2245,15,2260,57
2021-07-19,Colusa,011,21464,2002,1981,340,2321,16
2021-07-19,Contra Costa,013,1133247,74296,72935,1444,74379,825
2021-07-19,Del Norte,015,27424,1538,1484,14,1498,8
2021-07-19,El Dorado,017,186661,10906,10703,835,11538,114
2021-07-19,Fresno,019,978130,104835,103350,9036,112386,1731
2021-07-19,Glenn,021,27897,2473,2452,580,3032,20
2021-07-19,Humboldt,023,135768,4825,4719,60,4779,52
2021-07-19,Imperial,025,180216,29122,28888,2770,31658,742
2021-07-19,Inyo,027,18085,1429,1417,13,1430,36
2021-07-19,Kern,029,883053,99053,97999,11624,109623,1349
2021-07-19,Kings,031,150075,23600,23221,1142,24363,246
2021-07-19,Lake,033,64148,4016,3848,14,3862,64
2021-07-19,Lassen,035,31185,5323,5305,120,5425,21
2021-07-19,Los Angeles,037,10098052,1239937,1225946,44098,1270044,24600
2021-07-19,Madera,039,155013,17076,16846,985,17831,244
2021-07-19,Marin,041,260295,14619,14369,281,14650,234
2021-07-19,Mariposa,043,17540,450,447,11,458,5
2021-07-19,Mendocino,045,87422,4379,4251,90,4341,49
2021-07-19,Merced,047,269075,31666,31565,1092,32657,472
2021-07-19,Modoc,049,8938,423,413,148,561,5
2021-07-19,Mono,051,14174,1278,1280,18,1298,3
2021-07-19,Monterey,053,433212,43700,43436,1941,45377,515
2021-07-19,Napa,055,140530,10294,10180,47,10227,81
2021-07-19,Nevada,057,99092,5254,5133,198,5331,72
2021-07-19,Orange,059,3164182,261715,258927,12075,271002,5138
2021-07-19,Placer,061,380077,24762,24359,1743,26102,303
2021-07-19,Plumas,063,18699,749,730,14,744,4
2021-07-19,Riverside,065,2383286,300555,295736,14555,310291,4543
2021-07-19,Sacramento,067,1510023,112971,111470,2095,113565,1696
2021-07-19,San Benito,069,59416,6207,6193,116,6309,63
2021-07-19,San Bernardino,071,2135413,299459,296929,9332,306261,5235
2021-07-19,San Diego,073,3302833,290840,287695,16521,304216,3786
2021-07-19,San Francisco,075,870044,39273,38463,1412,39875,560
2021-07-19,San Joaquin,077,732212,75918,75086,3818,78904,1431
2021-07-19,San Luis Obispo,079,281455,21915,21531,785,22316,259
2021-07-19,San Mateo,081,765935,44069,43563,543,44106,542
2021-07-19,Santa Barbara,083,443738,35269,34904,1172,36076,461
2021-07-19,Santa Clara,085,1922200,121956,120554,834,121388,2098
2021-07-19,Santa Cruz,087,273765,16568,16387,825,17212,207
2021-07-19,Shasta,089,179085,12831,12723,1708,14431,209
2021-07-19,Sierra,091,2930,66,64,12,76,0
2021-07-19,Siskiyou,093,43540,2035,1927,425,2352,31
2021-07-19,Solano,095,438530,34749,34262,663,34925,261
2021-07-19,Sonoma,097,501317,32129,31713,379,32092,325
2021-07-19,Stanislaus,099,539301,58103,57644,6233,63877,1027
2021-07-19,Sutter,101,95872,9912,9834,96,9930,114
2021-07-19,Tehama,103,63373,5215,5152,601,5753,65
2021-07-19,Trinity,105,12862,503,344,108,452,3
2021-07-19,Tulare,107,460477,50859,49994,9399,59393,855
2021-07-19,Tuolumne,109,53932,4197,4151,44,4195,64
2021-07-19,Ventura,111,848112,83185,82409,3340,85749,1041
2021-07-19,Yolo,113,214977,14686,14439,430,14869,213
2021-07-19,Yuba,115,75493,6497,6370,135,6505,52
2021-07-18,Alameda,001,1643700,93417,92162,2141,94303,1256
2021-07-18,Alpine,003,1148,88,89,0,89,0
2021-07-18,Amador,005,37829,3832,3799,34,3833,48
2021-07-18,Butte,007,227075,13092,12888,1942,14830,202
2021-07-18,Calaveras,009,45235,2271,2243,15,2258,57
2021-07-18,Colusa,011,21464,2002,1981,339,2320,16
2021-07-18,Contra Costa,013,1133247,73980,72849,1426,74275,825
2021-07-18,Del Norte,015,27424,1529,1482,14,1496,8
2021-07-18,El Dorado,017,186661,10868,10687,827,11514,114
2021-07-18,Fresno,019,978130,104681,103298,9018,112316,1731
2021-07-18,Glenn,021,27897,2472,2452,579,3031,20
2021-07-18,Humboldt,023,135768,4789,4714,60,4774,52
2021-07-18,Imperial,025,180216,29085,28877,2769,31646,742
2021-07-18,Inyo,027,18085,1425,1417,13,1430,36
2021-07-18,Kern,029,883053,98927,97963,11582,109545,1349
2021-07-18,Kings,031,150075,23579,23203,1138,24341,246
2021-07-18,Lake,033,64148,3980,3825,14,3839,64
2021-07-18,Lassen,035,31185,5323,5305,120,5425,21
2021-07-18,Los Angeles,037,10098052,1237247,1224691,43907,1268598,24598
2021-07-18,Madera,039,155013,17051,16838,981,17819,244
2021-07-18,Marin,041,260295,14583,14358,279,14637,234
2021-07-18,Mariposa,043,17540,449,447,11,458,5
2021-07-18,Mendocino,045,87422,4358,4246,90,4336,49
2021-07-18,Merced,047,269075,31635,31537,1090,32627,471
2021-07-18,Modoc,049,8938,423,413,148,561,5
2021-07-18,Mono,051,14174,1277,1280,18,1298,3
2021-07-18,Monterey,053,433212,43682,43422,1932,45354,515
2021-07-18,Napa,055,140530,10277,10174,44,10218,81
2021-07-18,Nevada,057,99092,5228,5124,198,5322,72
2021-07-18,Orange,059,3164182,261230,258724,12045,270769,5138
2021-07-18,Placer,061,380077,24695,24313,1716,26029,303
2021-07-18,Plumas,063,18699,749,730,14,744,4
2021-07-18,Riverside,065,2383286,300063,295522,14513,310035,4543
2021-07-18,Sacramento,067,1510023,112539,111255,2063,113318,1696
2021-07-18,San Benito,069,59416,6199,6191,116,6307,63
2021-07-18,San Bernardino,071,2135413,298985,296739,9317,306056,5233
2021-07-18,San Diego,073,3302833,290024,286287,16437,302724,3786
2021-07-18,San Francisco,075,870044,39038,38367,1401,39768,560
2021-07-18,San Joaquin,077,732212,75741,74997,3805,78802,1431
2021-07-18,San Luis Obispo,079,281455,21880,21527,782,22309,259
2021-07-18,San Mateo,081,765935,43956,43506,537,44043,542
2021-07-18,Santa Barbara,083,443738,35204,34880,1170,36050,461
2021-07-18,Santa Clara,085,1922200,121742,120438,827,121265,2098
2021-07-18,Santa Cruz,087,273765,16536,16372,824,17196,207
2021-07-18,Shasta,089,179085,12806,12714,1704,14418,209
2021-07-18,Sierra,091,2930,66,64,12,76,0
2021-07-18,Siskiyou,093,43540,2029,1927,420,2347,31
2021-07-18,Solano,095,438530,34621,34215,659,34874,261
2021-07-18,Sonoma,097,501317,32024,31675,378,32053,325
2021-07-18,Stanislaus,099,539301,57992,57600,6208,63808,1028
2021-07-18,Sutter,101,95872,9880,9826,96,9922,114
2021-07-18,Tehama,103,63373,5212,5150,600,5750,65
2021-07-18,Trinity,105,12862,503,344,108,452,3
2021-07-18,Tulare,107,460477,50806,49985,9376,59361,855
2021-07-18,Tuolumne,109,53932,4179,4149,44,4193,64
2021-07-18,Ventura,111,848112,83071,82361,3316,85677,1041
2021-07-18,Yolo,113,214977,14627,14425,424,14849,213
2021-07-18,Yuba,115,75493,6456,6357,135,6492,52
2021-07-17,Alameda,001,1643700,93200,91346,2129,93475,1255
2021-07-17,Alpine,003,1148,88,89,0,89,0
2021-07-17,Amador,005,37829,3823,3785,34,3819,48
2021-07-17,Butte,007,227075,13078,12824,1937,14761,202
2021-07-17,Calaveras,009,45235,2265,2237,15,2252,57
2021-07-17,Colusa,011,21464,1999,1976,339,2315,16
2021-07-17,Contra Costa,013,1133247,73798,72254,1413,73667,824
2021-07-17,Del Norte,015,27424,1521,1475,14,1489,8
2021-07-17,El Dorado,017,186661,10841,10622,823,11445,114
2021-07-17,Fresno,019,978130,104608,103055,9004,112059,1730
2021-07-17,Glenn,021,27897,2471,2451,579,3030,20
2021-07-17,Humboldt,023,135768,4776,4654,59,4713,52
2021-07-17,Imperial,025,180216,29069,28840,2769,31609,742
2021-07-17,Inyo,027,18085,1425,1416,13,1429,36
2021-07-17,Kern,029,883053,98870,97796,11545,109341,1348
2021-07-17,Kings,031,150075,23559,23163,1137,24300,246
2021-07-17,Lake,033,64148,3955,3760,14,3774,64
2021-07-17,Lassen,035,31185,5323,5302,120,5422,21
2021-07-17,Los Angeles,037,10098052,1235719,1219733,43763,1263496,24582
2021-07-17,Madera,039,155013,17043,16804,981,17785,240
2021-07-17,Marin,041,260295,14565,14297,277,14574,234
2021-07-17,Mariposa,043,17540,449,445,11,456,5
2021-07-17,Mendocino,045,87422,4346,4209,90,4299,49
2021-07-17,Merced,047,269075,31614,31451,1086,32537,471
2021-07-17,Modoc,049,8938,423,412,148,560,5
2021-07-17,Mono,051,14174,1275,1277,18,1295,3
2021-07-17,Monterey,053,433212,43659,43367,1927,45294,515
2021-07-17,Napa,055,140530,10261,10129,44,10173,81
2021-07-17,Nevada,057,99092,5213,5066,198,5264,72
2021-07-17,Orange,059,3164182,260923,257805,12006,269811,5136
2021-07-17,Placer,061,380077,24628,24169,1702,25871,303
2021-07-17,Plumas,063,18699,744,721,14,735,4
2021-07-17,Riverside,065,2383286,299756,294751,14481,309232,4542
2021-07-17,Sacramento,067,1510023,112304,110432,2041,112473,1694
2021-07-17,San Benito,069,59416,6193,6181,116,6297,63
2021-07-17,San Bernardino,071,2135413,298749,296048,9298,305346,5218
2021-07-17,San Diego,073,3302833,289617,285698,16369,302067,3786
2021-07-17,San Francisco,075,870044,38916,37978,1397,39375,560
2021-07-17,San Joaquin,077,732212,75654,74695,3799,78494,1430
2021-07-17,San Luis Obispo,079,281455,21853,21462,782,22244,258
2021-07-17,San Mateo,081,765935,43885,43324,536,43860,542
2021-07-17,Santa Barbara,083,443738,35163,34769,1167,35936,461
2021-07-17,Santa Clara,085,1922200,121570,119980,824,120804,2097
2021-07-17,Santa Cruz,087,273765,16529,16337,824,17161,207
2021-07-17,Shasta,089,179085,12791,12683,1699,14382,210
2021-07-17,Sierra,091,2930,66,62,12,74,0
2021-07-17,Siskiyou,093,43540,2024,1922,417,2339,29
2021-07-17,Solano,095,438530,34556,34015,651,34666,263
2021-07-17,Sonoma,097,501317,31956,31536,377,31913,322
2021-07-17,Stanislaus,099,539301,57915,57400,6194,63594,1028
2021-07-17,Sutter,101,95872,9870,9778,96,9874,114
2021-07-17,Tehama,103,63373,5209,5145,600,5745,64
2021-07-17,Trinity,105,12862,502,341,108,449,3
2021-07-17,Tulare,107,460477,50785,49937,9364,59301,854
2021-07-17,Tuolumne,109,53932,4169,4131,44,4175,64
2021-07-17,Ventura,111,848112,83002,82125,3305,85430,1041
2021-07-17,Yolo,113,214977,14595,14356,417,14773,213
2021-07-17,Yuba,115,75493,6445,6309,135,6444,52
2021-07-16,Alameda,001,1643700,92960,91346,2117,93463,1255
2021-07-16,Alpine,003,1148,88,89,0,89,0
2021-07-16,Amador,005,37829,3820,3785,34,3819,48
2021-07-16,Butte,007,227075,13053,12824,1934,14758,202
2021-07-16,Calaveras,009,45235,2264,2237,15,2252,57
2021-07-16,Colusa,011,21464,1997,1976,338,2314,16
2021-07-16,Contra Costa,013,1133247,73609,72254,1409,73663,824
2021-07-16,Del Norte,015,27424,1519,1475,14,1489,8
2021-07-16,El Dorado,017,186661,10822,10622,822,11444,114
2021-07-16,Fresno,019,978130,104556,103055,8984,112039,1730
2021-07-16,Glenn,021,27897,2471,2451,579,3030,20
2021-07-16,Humboldt,023,135768,4754,4654,59,4713,52
2021-07-16,Imperial,025,180216,29057,28840,2769,31609,742
2021-07-16,Inyo,027,18085,1423,1416,13,1429,36
2021-07-16,Kern,029,883053,98808,97796,11505,109301,1348
2021-07-16,Kings,031,150075,23534,23163,1135,24298,246
2021-07-16,Lake,033,64148,3928,3760,14,3774,64
2021-07-16,Lassen,035,31185,5322,5302,120,5422,21
2021-07-16,Los Angeles,037,10098052,1234216,1219733,43618,1263351,24582
2021-07-16,Madera,039,155013,17025,16804,981,17785,240
2021-07-16,Marin,041,260295,14541,14297,274,14571,234
2021-07-16,Mariposa,043,17540,449,445,11,456,5
2021-07-16,Mendocino,045,87422,4337,4209,89,4298,49
2021-07-16,Merced,047,269075,31592,31451,1084,32535,471
2021-07-16,Modoc,049,8938,423,412,148,560,5
2021-07-16,Mono,051,14174,1274,1277,18,1295,3
2021-07-16,Monterey,053,433212,43637,43367,1926,45293,515
2021-07-16,Napa,055,140530,10237,10129,43,10172,81
2021-07-16,Nevada,057,99092,5203,5066,198,5264,72
2021-07-16,Orange,059,3164182,260651,257805,11966,269771,5136
2021-07-16,Placer,061,380077,24575,24169,1697,25866,303
2021-07-16,Plumas,063,18699,743,721,14,735,4
2021-07-16,Riverside,065,2383286,299480,294751,14455,309206,4542
2021-07-16,Sacramento,067,1510023,112087,110432,2028,112460,1694
2021-07-16,San Benito,069,59416,6191,6181,116,6297,63
2021-07-16,San Bernardino,071,2135413,298471,296048,9281,305329,5218
2021-07-16,San Diego,073,3302833,289175,285698,16322,302020,3786
2021-07-16,San Francisco,075,870044,38799,37978,1392,39370,560
2021-07-16,San Joaquin,077,732212,75559,74695,3796,78491,1430
2021-07-16,San Luis Obispo,079,281455,21836,21462,782,22244,258
2021-07-16,San Mateo,081,765935,43832,43324,535,43859,542
2021-07-16,Santa Barbara,083,443738,35125,34769,1167,35936,461
2021-07-16,Santa Clara,085,1922200,121423,119980,816,120796,2097
2021-07-16,Santa Cruz,087,273765,16516,16337,824,17161,207
2021-07-16,Shasta,089,179085,12781,12683,1698,14381,210
2021-07-16,Sierra,091,2930,66,62,12,74,0
2021-07-16,Siskiyou,093,43540,2022,1922,415,2337,29
2021-07-16,Solano,095,438530,34489,34015,643,34658,263
2021-07-16,Sonoma,097,501317,31904,31536,374,31910,322
2021-07-16,Stanislaus,099,539301,57865,57400,6184,63584,1028
2021-07-16,Sutter,101,95872,9858,9778,96,9874,114
2021-07-16,Tehama,103,63373,5207,5145,600,5745,64
2021-07-16,Trinity,105,12862,502,341,107,448,3
2021-07-16,Tulare,107,460477,50761,49937,9354,59291,854
2021-07-16,Tuolumne,109,53932,4163,4131,44,4175,64
2021-07-16,Ventura,111,848112,82937,82125,3298,85423,1041
2021-07-16,Yolo,113,214977,14569,14356,413,14769,213
2021-07-16,Yuba,115,75493,6423,6309,134,6443,52
2021-07-15,Alameda,001,1643700,92663,91346,2107,93453,1255
2021-07-15,Alpine,003,1148,88,89,0,89,0
2021-07-15,Amador,005,37829,3817,3785,34,3819,48
2021-07-15,Butte,007,227075,13027,12824,1932,14756,202
2021-07-15,Calaveras,009,45235,2261,2237,15,2252,57
2021-07-15,Colusa,011,21464,1996,1976,337,2313,16
2021-07-15,Contra Costa,013,1133247,73396,72254,1402,73656,824
2021-07-15,Del Norte,015,27424,1516,1475,14,1489,8
2021-07-15,El Dorado,017,186661,10795,10622,820,11442,114
2021-07-15,Fresno,019,978130,104459,103055,8964,112019,1730
2021-07-15,Glenn,021,27897,2471,2451,579,3030,20
2021-07-15,Humboldt,023,135768,4736,4654,58,4712,52
2021-07-15,Imperial,025,180216,29034,28840,2769,31609,742
2021-07-15,Inyo,027,18085,1423,1416,13,1429,36
2021-07-15,Kern,029,883053,98738,97796,11477,109273,1348
2021-07-15,Kings,031,150075,23496,23163,1132,24295,246
2021-07-15,Lake,033,64148,3889,3760,14,3774,64
2021-07-15,Lassen,035,31185,5321,5302,120,5422,21
2021-07-15,Los Angeles,037,10098052,1232236,1219733,43459,1263192,24582
2021-07-15,Madera,039,155013,17003,16804,977,17781,240
2021-07-15,Marin,041,260295,14516,14297,274,14571,234
2021-07-15,Mariposa,043,17540,449,445,11,456,5
2021-07-15,Mendocino,045,87422,4329,4209,88,4297,49
2021-07-15,Merced,047,269075,31562,31451,1084,32535,471
2021-07-15,Modoc,049,8938,423,412,148,560,5
2021-07-15,Mono,051,14174,1274,1277,18,1295,3
2021-07-15,Monterey,053,433212,43608,43367,1923,45290,515
2021-07-15,Napa,055,140530,10212,10129,42,10171,81
2021-07-15,Nevada,057,99092,5186,5066,197,5263,72
2021-07-15,Orange,059,3164182,260300,257805,11935,269740,5136
2021-07-15,Placer,061,380077,24515,24169,1680,25849,303
2021-07-15,Plumas,063,18699,742,721,14,735,4
2021-07-15,Riverside,065,2383286,299158,294751,14440,309191,4542
2021-07-15,Sacramento,067,1510023,111783,110432,2011,112443,1694
2021-07-15,San Benito,069,59416,6189,6181,116,6297,63
2021-07-15,San Bernardino,071,2135413,298166,296048,9266,305314,5218
2021-07-15,San Diego,073,3302833,288537,285698,16244,301942,3786
2021-07-15,San Francisco,075,870044,38647,37978,1384,39362,560
2021-07-15,San Joaquin,077,732212,75442,74695,3791,78486,1430
2021-07-15,San Luis Obispo,079,281455,21804,21462,782,22244,258
2021-07-15,San Mateo,081,765935,43728,43324,530,43854,542
2021-07-15,Santa Barbara,083,443738,35069,34769,1166,35935,461
2021-07-15,Santa Clara,085,1922200,121301,119980,813,120793,2097
2021-07-15,Santa Cruz,087,273765,16503,16337,824,17161,207
2021-07-15,Shasta,089,179085,12773,12683,1694,14377,210
2021-07-15,Sierra,091,2930,66,62,12,74,0
2021-07-15,Siskiyou,093,43540,2021,1922,415,2337,29
2021-07-15,Solano,095,438530,34414,34015,637,34652,263
2021-07-15,Sonoma,097,501317,31843,31536,374,31910,322
2021-07-15,Stanislaus,099,539301,57796,57400,6171,63571,1028
2021-07-15,Sutter,101,95872,9838,9778,95,9873,114
2021-07-15,Tehama,103,63373,5201,5145,599,5744,64
2021-07-15,Trinity,105,12862,502,341,107,448,3
2021-07-15,Tulare,107,460477,50741,49937,9337,59274,854
2021-07-15,Tuolumne,109,53932,4151,4131,44,4175,64
2021-07-15,Ventura,111,848112,82860,82125,3293,85418,1041
2021-07-15,Yolo,113,214977,14542,14356,412,14768,213
2021-07-15,Yuba,115,75493,6408,6309,133,6442,52
2021-07-14,Alameda,001,1643700,92403,91092,2089,93181,1255
2021-07-14,Alpine,003,1148,88,89,0,89,0
2021-07-14,Amador,005,37829,3809,3784,34,3818,48
2021-07-14,Butte,007,227075,13000,12813,1925,14738,202
2021-07-14,Calaveras,009,45235,2254,2234,15,2249,57
2021-07-14,Colusa,011,21464,1993,1974,337,2311,16
2021-07-14,Contra Costa,013,1133247,73168,72091,1390,73481,823
2021-07-14,Del Norte,015,27424,1515,1472,14,1486,8
2021-07-14,El Dorado,017,186661,10769,10598,817,11415,114
2021-07-14,Fresno,019,978130,104379,102966,8953,111919,1728
2021-07-14,Glenn,021,27897,2471,2449,579,3028,20
2021-07-14,Humboldt,023,135768,4713,4644,56,4700,52
2021-07-14,Imperial,025,180216,29005,28822,2769,31591,742
2021-07-14,Inyo,027,18085,1422,1415,13,1428,36
2021-07-14,Kern,029,883053,98674,97736,11452,109188,1346
2021-07-14,Kings,031,150075,23483,23142,1132,24274,246
2021-07-14,Lake,033,64148,3856,3739,14,3753,63
2021-07-14,Lassen,035,31185,5320,5298,120,5418,21
2021-07-14,Los Angeles,037,10098052,1230220,1218265,43317,1261582,24578
2021-07-14,Madera,039,155013,16991,16786,975,17761,240
2021-07-14,Marin,041,260295,14482,14269,272,14541,233
2021-07-14,Mariposa,043,17540,447,445,11,456,5
2021-07-14,Mendocino,045,87422,4316,4193,88,4281,49
2021-07-14,Merced,047,269075,31525,31412,1080,32492,471
2021-07-14,Modoc,049,8938,423,412,148,560,4
2021-07-14,Mono,051,14174,1274,1278,18,1296,3
2021-07-14,Monterey,053,433212,43584,43347,1921,45268,504
2021-07-14,Napa,055,140530,10190,10121,42,10163,81
2021-07-14,Nevada,057,99092,5166,5058,197,5255,72
2021-07-14,Orange,059,3164182,259983,257558,11905,269463,5137
2021-07-14,Placer,061,380077,24462,24125,1668,25793,303
2021-07-14,Plumas,063,18699,735,719,14,733,4
2021-07-14,Riverside,065,2383286,298834,294511,14424,308935,4542
2021-07-14,Sacramento,067,1510023,111455,110193,1987,112180,1688
2021-07-14,San Benito,069,59416,6186,6177,116,6293,63
2021-07-14,San Bernardino,071,2135413,297866,295820,9251,305071,5193
2021-07-14,San Diego,073,3302833,287965,285269,16164,301433,3786
2021-07-14,San Francisco,075,870044,38508,37836,1378,39214,559
2021-07-14,San Joaquin,077,732212,75350,74599,3782,78381,1416
2021-07-14,San Luis Obispo,079,281455,21782,21444,780,22224,258
2021-07-14,San Mateo,081,765935,43629,43249,526,43775,542
2021-07-14,Santa Barbara,083,443738,35027,34719,1164,35883,461
2021-07-14,Santa Clara,085,1922200,121151,119844,810,120654,2098
2021-07-14,Santa Cruz,087,273765,16491,16326,824,17150,207
2021-07-14,Shasta,089,179085,12753,12669,1691,14360,209
2021-07-14,Sierra,091,2930,66,62,12,74,0
2021-07-14,Siskiyou,093,43540,2014,1922,412,2334,29
2021-07-14,Solano,095,438530,34341,33948,637,34585,268
2021-07-14,Sonoma,097,501317,31791,31470,374,31844,322
2021-07-14,Stanislaus,099,539301,57721,57340,6159,63499,1028
2021-07-14,Sutter,101,95872,9816,9766,95,9861,114
2021-07-14,Tehama,103,63373,5199,5142,599,5741,64
2021-07-14,Trinity,105,12862,502,341,107,448,3
2021-07-14,Tulare,107,460477,50724,49908,9323,59231,853
2021-07-14,Tuolumne,109,53932,4148,4128,43,4171,64
2021-07-14,Ventura,111,848112,82766,82041,3282,85323,1040
2021-07-14,Yolo,113,214977,14509,14332,409,14741,213
2021-07-14,Yuba,115,75493,6390,6294,133,6427,52
2021-07-13,Alameda,001,1643700,92138,90874,2079,92953,1255
2021-07-13,Alpine,003,1148,88,89,0,89,0
2021-07-13,Amador,005,37829,3802,3783,34,3817,48
2021-07-13,Butte,007,227075,12986,12802,1924,14726,202
2021-07-13,Calaveras,009,45235,2250,2230,15,2245,57
2021-07-13,Colusa,011,21464,1991,1972,333,2305,16
2021-07-13,Contra Costa,013,1133247,72943,71963,1381,73344,823
2021-07-13,Del Norte,015,27424,1511,1471,14,1485,8
2021-07-13,El Dorado,017,186661,10751,10581,814,11395,114
2021-07-13,Fresno,019,978130,104303,102909,8943,111852,1727
2021-07-13,Glenn,021,27897,2469,2448,579,3027,20
2021-07-13,Humboldt,023,135768,4698,4634,56,4690,51
2021-07-13,Imperial,025,180216,28994,28792,2769,31561,741
2021-07-13,Inyo,027,18085,1421,1415,13,1428,36
2021-07-13,Kern,029,883053,98585,97698,11413,109111,1346
2021-07-13,Kings,031,150075,23465,23132,1132,24264,246
2021-07-13,Lake,033,64148,3829,3719,13,3732,63
2021-07-13,Lassen,035,31185,5318,5292,120,5412,21
2021-07-13,Los Angeles,037,10098052,1228369,1217184,43148,1260332,24569
2021-07-13,Madera,039,155013,16981,16773,971,17744,240
2021-07-13,Marin,041,260295,14453,14254,271,14525,233
2021-07-13,Mariposa,043,17540,446,443,11,454,5
2021-07-13,Mendocino,045,87422,4309,4185,88,4273,49
2021-07-13,Merced,047,269075,31504,31379,1077,32456,471
2021-07-13,Modoc,049,8938,423,411,148,559,4
2021-07-13,Mono,051,14174,1273,1277,18,1295,3
2021-07-13,Monterey,053,433212,43566,43333,1917,45250,504
2021-07-13,Napa,055,140530,10169,10118,42,10160,81
2021-07-13,Nevada,057,99092,5141,5053,197,5250,72
2021-07-13,Orange,059,3164182,259653,257339,11876,269215,5136
2021-07-13,Placer,061,380077,24416,24091,1655,25746,303
2021-07-13,Plumas,063,18699,734,716,14,730,4
2021-07-13,Riverside,065,2383286,298511,294302,14397,308699,4541
2021-07-13,Sacramento,067,1510023,111145,109990,1964,111954,1687
2021-07-13,San Benito,069,59416,6184,6173,116,6289,63
2021-07-13,San Bernardino,071,2135413,297590,295596,9229,304825,5183
2021-07-13,San Diego,073,3302833,287417,284997,16085,301082,3785
2021-07-13,San Francisco,075,870044,38364,37725,1372,39097,559
2021-07-13,San Joaquin,077,732212,75234,74500,3779,78279,1417
2021-07-13,San Luis Obispo,079,281455,21756,21423,777,22200,258
2021-07-13,San Mateo,081,765935,43560,43180,525,43705,542
2021-07-13,Santa Barbara,083,443738,34978,34679,1161,35840,461
2021-07-13,Santa Clara,085,1922200,120998,119727,806,120533,2098
2021-07-13,Santa Cruz,087,273765,16482,16315,822,17137,207
2021-07-13,Shasta,089,179085,12740,12659,1684,14343,209
2021-07-13,Sierra,091,2930,66,62,12,74,0
2021-07-13,Siskiyou,093,43540,2013,1916,410,2326,29
2021-07-13,Solano,095,438530,34276,33918,631,34549,268
2021-07-13,Sonoma,097,501317,31732,31431,374,31805,322
2021-07-13,Stanislaus,099,539301,57651,57282,6144,63426,1028
2021-07-13,Sutter,101,95872,9798,9752,94,9846,114
2021-07-13,Tehama,103,63373,5192,5144,599,5743,64
2021-07-13,Trinity,105,12862,502,341,106,447,3
2021-07-13,Tulare,107,460477,50699,49891,9307,59198,853
2021-07-13,Tuolumne,109,53932,4140,4122,42,4164,64
2021-07-13,Ventura,111,848112,82681,81982,3257,85239,1040
2021-07-13,Yolo,113,214977,14481,14320,402,14722,213
2021-07-13,Yuba,115,75493,6373,6279,133,6412,52
2021-07-12,Alameda,001,1643700,91878,90720,2072,92792,1254
2021-07-12,Alpine,003,1148,88,89,0,89,0
2021-07-12,Amador,005,37829,3795,3781,34,3815,47
2021-07-12,Butte,007,227075,12966,12796,1922,14718,202
2021-07-12,Calaveras,009,45235,2248,2228,15,2243,57
2021-07-12,Colusa,011,21464,1987,1971,332,2303,16
2021-07-12,Contra Costa,013,1133247,72742,71833,1376,73209,823
2021-07-12,Del Norte,015,27424,1508,1469,14,1483,8
2021-07-12,El Dorado,017,186661,10723,10569,812,11381,114
2021-07-12,Fresno,019,978130,104209,102853,8930,111783,1728
2021-07-12,Glenn,021,27897,2469,2446,579,3025,20
2021-07-12,Humboldt,023,135768,4682,4621,56,4677,51
2021-07-12,Imperial,025,180216,28964,28789,2769,31558,741
2021-07-12,Inyo,027,18085,1421,1415,13,1428,36
2021-07-12,Kern,029,883053,98516,97660,11388,109048,1346
2021-07-12,Kings,031,150075,23445,23124,1130,24254,246
2021-07-12,Lake,033,64148,3808,3706,13,3719,63
2021-07-12,Lassen,035,31185,5317,5292,120,5412,21
2021-07-12,Los Angeles,037,10098052,1226579,1216230,43012,1259242,24559
2021-07-12,Madera,039,155013,16970,16772,971,17743,240
2021-07-12,Marin,041,260295,14428,14238,270,14508,233
2021-07-12,Mariposa,043,17540,446,442,11,453,5
2021-07-12,Mendocino,045,87422,4298,4175,88,4263,49
2021-07-12,Merced,047,269075,31473,31374,1076,32450,471
2021-07-12,Modoc,049,8938,422,411,148,559,4
2021-07-12,Mono,051,14174,1271,1275,18,1293,3
2021-07-12,Monterey,053,433212,43545,43315,1913,45228,504
2021-07-12,Napa,055,140530,10151,10104,41,10145,81
2021-07-12,Nevada,057,99092,5118,5046,197,5243,72
2021-07-12,Orange,059,3164182,259300,257171,11851,269022,5136
2021-07-12,Placer,061,380077,24365,24052,1649,25701,302
2021-07-12,Plumas,063,18699,734,716,14,730,4
2021-07-12,Riverside,065,2383286,298203,294108,14367,308475,4541
2021-07-12,Sacramento,067,1510023,110930,109849,1938,111787,1685
2021-07-12,San Benito,069,59416,6181,6166,116,6282,63
2021-07-12,San Bernardino,071,2135413,297319,295447,9215,304662,5171
2021-07-12,San Diego,073,3302833,286948,284648,16009,300657,3785
2021-07-12,San Francisco,075,870044,38217,37656,1369,39025,559
2021-07-12,San Joaquin,077,732212,75140,74424,3769,78193,1415
2021-07-12,San Luis Obispo,079,281455,21737,21408,776,22184,258
2021-07-12,San Mateo,081,765935,43467,43138,518,43656,542
2021-07-12,Santa Barbara,083,443738,34935,34664,1159,35823,461
2021-07-12,Santa Clara,085,1922200,120833,119634,803,120437,2098
2021-07-12,Santa Cruz,087,273765,16457,16310,821,17131,207
2021-07-12,Shasta,089,179085,12733,12648,1681,14329,208
2021-07-12,Sierra,091,2930,66,62,12,74,0
2021-07-12,Siskiyou,093,43540,2008,1916,405,2321,29
2021-07-12,Solano,095,438530,34186,33859,622,34481,268
2021-07-12,Sonoma,097,501317,31684,31377,373,31750,322
2021-07-12,Stanislaus,099,539301,57582,57243,6137,63380,1028
2021-07-12,Sutter,101,95872,9781,9736,93,9829,114
2021-07-12,Tehama,103,63373,5187,5138,598,5736,63
2021-07-12,Trinity,105,12862,498,340,104,444,3
2021-07-12,Tulare,107,460477,50671,49882,9294,59176,853
2021-07-12,Tuolumne,109,53932,4136,4116,42,4158,64
2021-07-12,Ventura,111,848112,82580,81919,3236,85155,1040
2021-07-12,Yolo,113,214977,14453,14303,398,14701,213
2021-07-12,Yuba,115,75493,6358,6266,133,6399,52
2021-07-11,Alameda,001,1643700,91548,90597,2059,92656,1254
2021-07-11,Alpine,003,1148,88,89,0,89,0
2021-07-11,Amador,005,37829,3793,3779,34,3813,47
2021-07-11,Butte,007,227075,12944,12794,1916,14710,202
2021-07-11,Calaveras,009,45235,2246,2226,14,2240,57
2021-07-11,Colusa,011,21464,1986,1971,331,2302,16
2021-07-11,Contra Costa,013,1133247,72532,71744,1369,73113,823
2021-07-11,Del Norte,015,27424,1504,1467,13,1480,8
2021-07-11,El Dorado,017,186661,10694,10554,810,11364,114
2021-07-11,Fresno,019,978130,104114,102813,8910,111723,1728
2021-07-11,Glenn,021,27897,2468,2446,579,3025,20
2021-07-11,Humboldt,023,135768,4669,4611,55,4666,51
2021-07-11,Imperial,025,180216,28946,28787,2768,31555,741
2021-07-11,Inyo,027,18085,1419,1415,13,1428,36
2021-07-11,Kern,029,883053,98443,97637,11372,109009,1346
2021-07-11,Kings,031,150075,23414,23116,1127,24243,246
2021-07-11,Lake,033,64148,3777,3699,13,3712,63
2021-07-11,Lassen,035,31185,5314,5291,120,5411,21
2021-07-11,Los Angeles,037,10098052,1224828,1215182,42854,1258036,24558
2021-07-11,Madera,039,155013,16951,16766,970,17736,240
2021-07-11,Marin,041,260295,14402,14231,270,14501,233
2021-07-11,Mariposa,043,17540,445,442,11,453,5
2021-07-11,Mendocino,045,87422,4278,4167,88,4255,49
2021-07-11,Merced,047,269075,31449,31366,1071,32437,471
2021-07-11,Modoc,049,8938,421,411,148,559,4
2021-07-11,Mono,051,14174,1271,1275,18,1293,3
2021-07-11,Monterey,053,433212,43526,43307,1909,45216,504
2021-07-11,Napa,055,140530,10147,10100,41,10141,81
2021-07-11,Nevada,057,99092,5107,5035,196,5231,72
2021-07-11,Orange,059,3164182,258987,257009,11822,268831,5136
2021-07-11,Placer,061,380077,24308,24017,1637,25654,302
2021-07-11,Plumas,063,18699,734,716,14,730,4
2021-07-11,Riverside,065,2383286,297939,293969,14349,308318,4541
2021-07-11,Sacramento,067,1510023,110651,109696,1928,111624,1685
2021-07-11,San Benito,069,59416,6176,6163,116,6279,63
2021-07-11,San Bernardino,071,2135413,297010,295342,9190,304532,5167
2021-07-11,San Diego,073,3302833,286534,283819,15923,299742,3784
2021-07-11,San Francisco,075,870044,38088,37596,1363,38959,559
2021-07-11,San Joaquin,077,732212,75023,74376,3752,78128,1415
2021-07-11,San Luis Obispo,079,281455,21704,21403,775,22178,258
2021-07-11,San Mateo,081,765935,43388,43107,511,43618,542
2021-07-11,Santa Barbara,083,443738,34888,34646,1159,35805,461
2021-07-11,Santa Clara,085,1922200,120679,119549,802,120351,2098
2021-07-11,Santa Cruz,087,273765,16441,16303,821,17124,207
2021-07-11,Shasta,089,179085,12716,12647,1679,14326,208
2021-07-11,Sierra,091,2930,66,62,12,74,0
2021-07-11,Siskiyou,093,43540,2004,1915,403,2318,29
2021-07-11,Solano,095,438530,34104,33837,618,34455,268
2021-07-11,Sonoma,097,501317,31602,31352,373,31725,322
2021-07-11,Stanislaus,099,539301,57517,57230,6126,63356,1028
2021-07-11,Sutter,101,95872,9767,9728,93,9821,114
2021-07-11,Tehama,103,63373,5184,5138,598,5736,63
2021-07-11,Trinity,105,12862,497,340,104,444,3
2021-07-11,Tulare,107,460477,50646,49877,9276,59153,853
2021-07-11,Tuolumne,109,53932,4130,4116,42,4158,64
2021-07-11,Ventura,111,848112,82507,81875,3216,85091,1040
2021-07-11,Yolo,113,214977,14427,14285,392,14677,213
2021-07-11,Yuba,115,75493,6347,6260,133,6393,52
2021-07-10,Alameda,001,1643700,91397,90090,2055,92145,1252
2021-07-10,Alpine,003,1148,88,89,0,89,0
2021-07-10,Amador,005,37829,3787,3773,34,3807,47
2021-07-10,Butte,007,227075,12933,12764,1913,14677,202
2021-07-10,Calaveras,009,45235,2245,2214,14,2228,57
2021-07-10,Colusa,011,21464,1984,1969,331,2300,16
2021-07-10,Contra Costa,013,1133247,72432,71376,1368,72744,821
2021-07-10,Del Norte,015,27424,1502,1451,13,1464,8
2021-07-10,El Dorado,017,186661,10678,10508,806,11314,114
2021-07-10,Fresno,019,978130,104081,102675,8903,111578,1730
2021-07-10,Glenn,021,27897,2465,2440,578,3018,20
2021-07-10,Humboldt,023,135768,4660,4574,55,4629,51
2021-07-10,Imperial,025,180216,28933,28729,2768,31497,741
2021-07-10,Inyo,027,18085,1418,1415,13,1428,36
2021-07-10,Kern,029,883053,98403,97538,11355,108893,1346
2021-07-10,Kings,031,150075,23407,23090,1126,24216,246
2021-07-10,Lake,033,64148,3760,3667,13,3680,63
2021-07-10,Lassen,035,31185,5314,5290,120,5410,21
2021-07-10,Los Angeles,037,10098052,1223806,1212043,42751,1254794,24542
2021-07-10,Madera,039,155013,16945,16744,967,17711,241
2021-07-10,Marin,041,260295,14388,14194,270,14464,233
2021-07-10,Mariposa,043,17540,445,442,11,453,5
2021-07-10,Mendocino,045,87422,4271,4153,87,4240,49
2021-07-10,Merced,047,269075,31436,31328,1071,32399,470
2021-07-10,Modoc,049,8938,421,410,148,558,4
2021-07-10,Mono,051,14174,1271,1275,18,1293,3
2021-07-10,Monterey,053,433212,43512,43251,1907,45158,499
2021-07-10,Napa,055,140530,10135,10077,41,10118,81
2021-07-10,Nevada,057,99092,5098,5000,196,5196,72
2021-07-10,Orange,059,3164182,258809,256438,11806,268244,5135
2021-07-10,Placer,061,380077,24279,23916,1627,25543,302
2021-07-10,Plumas,063,18699,733,717,14,731,4
2021-07-10,Riverside,065,2383286,297749,293474,14335,307809,4541
2021-07-10,Sacramento,067,1510023,110502,109091,1923,111014,1682
2021-07-10,San Benito,069,59416,6171,6141,116,6257,63
2021-07-10,San Bernardino,071,2135413,296822,294932,9178,304110,5117
2021-07-10,San Diego,073,3302833,286244,283577,15870,299447,3783
2021-07-10,San Francisco,075,870044,38005,37338,1360,38698,559
2021-07-10,San Joaquin,077,732212,74966,74150,3746,77896,1412
2021-07-10,San Luis Obispo,079,281455,21693,21375,774,22149,258
2021-07-10,San Mateo,081,765935,43336,42948,509,43457,542
2021-07-10,Santa Barbara,083,443738,34861,34595,1159,35754,460
2021-07-10,Santa Clara,085,1922200,120576,119330,799,120129,2094
2021-07-10,Santa Cruz,087,273765,16434,16286,821,17107,207
2021-07-10,Shasta,089,179085,12703,12623,1674,14297,206
2021-07-10,Sierra,091,2930,66,61,12,73,0
2021-07-10,Siskiyou,093,43540,2002,1909,400,2309,29
2021-07-10,Solano,095,438530,34062,33678,612,34290,268
2021-07-10,Sonoma,097,501317,31551,31231,373,31604,317
2021-07-10,Stanislaus,099,539301,57481,57104,6116,63220,1026
2021-07-10,Sutter,101,95872,9755,9692,93,9785,114
2021-07-10,Tehama,103,63373,5181,5131,598,5729,63
2021-07-10,Trinity,105,12862,497,341,104,445,3
2021-07-10,Tulare,107,460477,50636,49850,9270,59120,853
2021-07-10,Tuolumne,109,53932,4128,4114,42,4156,64
2021-07-10,Ventura,111,848112,82462,81713,3198,84911,1039
2021-07-10,Yolo,113,214977,14406,14250,389,14639,213
2021-07-10,Yuba,115,75493,6337,6238,133,6371,52
2021-07-09,Alameda,001,1643700,91237,90090,2050,92140,1252
2021-07-09,Alpine,003,1148,88,89,0,89,0
2021-07-09,Amador,005,37829,3786,3773,34,3807,47
2021-07-09,Butte,007,227075,12922,12764,1911,14675,202
2021-07-09,Calaveras,009,45235,2243,2214,14,2228,57
2021-07-09,Colusa,011,21464,1983,1969,331,2300,16
2021-07-09,Contra Costa,013,1133247,72307,71376,1366,72742,821
2021-07-09,Del Norte,015,27424,1497,1451,13,1464,8
2021-07-09,El Dorado,017,186661,10663,10508,805,11313,114
2021-07-09,Fresno,019,978130,104025,102675,8896,111571,1730
2021-07-09,Glenn,021,27897,2464,2440,576,3016,20
2021-07-09,Humboldt,023,135768,4641,4574,55,4629,51
2021-07-09,Imperial,025,180216,28925,28729,2767,31496,741
2021-07-09,Inyo,027,18085,1417,1415,13,1428,36
2021-07-09,Kern,029,883053,98365,97538,11343,108881,1346
2021-07-09,Kings,031,150075,23396,23090,1125,24215,246
2021-07-09,Lake,033,64148,3746,3667,13,3680,63
2021-07-09,Lassen,035,31185,5312,5290,119,5409,21
2021-07-09,Los Angeles,037,10098052,1222801,1212043,42679,1254722,24542
2021-07-09,Madera,039,155013,16935,16744,966,17710,241
2021-07-09,Marin,041,260295,14367,14194,269,14463,233
2021-07-09,Mariposa,043,17540,445,442,11,453,5
2021-07-09,Mendocino,045,87422,4264,4153,87,4240,49
2021-07-09,Merced,047,269075,31421,31328,1071,32399,470
2021-07-09,Modoc,049,8938,421,410,148,558,4
2021-07-09,Mono,051,14174,1271,1275,18,1293,3
2021-07-09,Monterey,053,433212,43503,43251,1907,45158,499
2021-07-09,Napa,055,140530,10128,10077,41,10118,81
2021-07-09,Nevada,057,99092,5089,5000,196,5196,72
2021-07-09,Orange,059,3164182,258604,256438,11792,268230,5135
2021-07-09,Placer,061,380077,24257,23916,1621,25537,302
2021-07-09,Plumas,063,18699,731,717,14,731,4
2021-07-09,Riverside,065,2383286,297563,293474,14322,307796,4541
2021-07-09,Sacramento,067,1510023,110348,109091,1914,111005,1682
2021-07-09,San Benito,069,59416,6169,6141,116,6257,63
2021-07-09,San Bernardino,071,2135413,296670,294932,9171,304103,5117
2021-07-09,San Diego,073,3302833,285955,283577,15822,299399,3783
2021-07-09,San Francisco,075,870044,37925,37338,1353,38691,559
2021-07-09,San Joaquin,077,732212,74892,74150,3739,77889,1412
2021-07-09,San Luis Obispo,079,281455,21681,21375,774,22149,258
2021-07-09,San Mateo,081,765935,43292,42948,505,43453,542
2021-07-09,Santa Barbara,083,443738,34840,34595,1158,35753,460
2021-07-09,Santa Clara,085,1922200,120466,119330,799,120129,2094
2021-07-09,Santa Cruz,087,273765,16431,16286,821,17107,207
2021-07-09,Shasta,089,179085,12697,12623,1669,14292,206
2021-07-09,Sierra,091,2930,66,61,12,73,0
2021-07-09,Siskiyou,093,43540,2000,1909,399,2308,29
2021-07-09,Solano,095,438530,34026,33678,608,34286,268
2021-07-09,Sonoma,097,501317,31515,31231,373,31604,317
2021-07-09,Stanislaus,099,539301,57452,57104,6114,63218,1026
2021-07-09,Sutter,101,95872,9746,9692,93,9785,114
2021-07-09,Tehama,103,63373,5179,5131,598,5729,63
2021-07-09,Trinity,105,12862,496,341,101,442,3
2021-07-09,Tulare,107,460477,50623,49850,9264,59114,853
2021-07-09,Tuolumne,109,53932,4124,4114,42,4156,64
2021-07-09,Ventura,111,848112,82407,81713,3189,84902,1039
2021-07-09,Yolo,113,214977,14391,14250,385,14635,213
2021-07-09,Yuba,115,75493,6324,6238,133,6371,52
2021-07-08,Alameda,001,1643700,91030,90090,2047,92137,1252
2021-07-08,Alpine,003,1148,88,89,0,89,0
2021-07-08,Amador,005,37829,3784,3773,34,3807,47
2021-07-08,Butte,007,227075,12909,12764,1908,14672,202
2021-07-08,Calaveras,009,45235,2240,2214,13,2227,57
2021-07-08,Colusa,011,21464,1983,1969,331,2300,16
2021-07-08,Contra Costa,013,1133247,72179,71376,1361,72737,821
2021-07-08,Del Norte,015,27424,1495,1451,13,1464,8
2021-07-08,El Dorado,017,186661,10646,10508,800,11308,114
2021-07-08,Fresno,019,978130,103963,102675,8885,111560,1730
2021-07-08,Glenn,021,27897,2464,2440,576,3016,20
2021-07-08,Humboldt,023,135768,4625,4574,54,4628,51
2021-07-08,Imperial,025,180216,28913,28729,2766,31495,741
2021-07-08,Inyo,027,18085,1417,1415,13,1428,36
2021-07-08,Kern,029,883053,98317,97538,11328,108866,1346
2021-07-08,Kings,031,150075,23387,23090,1125,24215,246
2021-07-08,Lake,033,64148,3732,3667,13,3680,63
2021-07-08,Lassen,035,31185,5309,5290,119,5409,21
2021-07-08,Los Angeles,037,10098052,1221586,1212043,42584,1254627,24542
2021-07-08,Madera,039,155013,16919,16744,966,17710,241
2021-07-08,Marin,041,260295,14353,14194,269,14463,233
2021-07-08,Mariposa,043,17540,444,442,11,453,5
2021-07-08,Mendocino,045,87422,4261,4153,87,4240,49
2021-07-08,Merced,047,269075,31407,31328,1069,32397,470
2021-07-08,Modoc,049,8938,421,410,148,558,4
2021-07-08,Mono,051,14174,1271,1275,18,1293,3
2021-07-08,Monterey,053,433212,43483,43251,1901,45152,499
2021-07-08,Napa,055,140530,10124,10077,41,10118,81
2021-07-08,Nevada,057,99092,5083,5000,196,5196,72
2021-07-08,Orange,059,3164182,258409,256438,11770,268208,5135
2021-07-08,Placer,061,380077,24218,23916,1613,25529,302
2021-07-08,Plumas,063,18699,730,717,14,731,4
2021-07-08,Riverside,065,2383286,297362,293474,14306,307780,4541
2021-07-08,Sacramento,067,1510023,110126,109091,1907,110998,1682
2021-07-08,San Benito,069,59416,6166,6141,116,6257,63
2021-07-08,San Bernardino,071,2135413,296495,294932,9162,304094,5117
2021-07-08,San Diego,073,3302833,285628,283577,15774,299351,3783
2021-07-08,San Francisco,075,870044,37845,37338,1349,38687,559
2021-07-08,San Joaquin,077,732212,74804,74150,3726,77876,1412
2021-07-08,San Luis Obispo,079,281455,21669,21375,771,22146,258
2021-07-08,San Mateo,081,765935,43241,42948,504,43452,542
2021-07-08,Santa Barbara,083,443738,34813,34595,1156,35751,460
2021-07-08,Santa Clara,085,1922200,120373,119330,798,120128,2094
2021-07-08,Santa Cruz,087,273765,16425,16286,821,17107,207
2021-07-08,Shasta,089,179085,12691,12623,1665,14288,206
2021-07-08,Sierra,091,2930,66,61,12,73,0
2021-07-08,Siskiyou,093,43540,1995,1909,396,2305,29
2021-07-08,Solano,095,438530,33971,33678,602,34280,268
2021-07-08,Sonoma,097,501317,31484,31231,372,31603,317
2021-07-08,Stanislaus,099,539301,57426,57104,6110,63214,1026
2021-07-08,Sutter,101,95872,9732,9692,91,9783,114
2021-07-08,Tehama,103,63373,5176,5131,597,5728,63
2021-07-08,Trinity,105,12862,496,341,101,442,3
2021-07-08,Tulare,107,460477,50605,49850,9256,59106,853
2021-07-08,Tuolumne,109,53932,4122,4114,42,4156,64
2021-07-08,Ventura,111,848112,82343,81713,3173,84886,1039
2021-07-08,Yolo,113,214977,14372,14250,383,14633,213
2021-07-08,Yuba,115,75493,6316,6238,133,6371,52
2021-07-07,Alameda,001,1643700,90845,89995,2041,92036,1253
2021-07-07,Alpine,003,1148,88,89,0,89,0
2021-07-07,Amador,005,37829,3779,3770,34,3804,47
2021-07-07,Butte,007,227075,12896,12750,1903,14653,202
2021-07-07,Calaveras,009,45235,2233,2212,13,2225,57
2021-07-07,Colusa,011,21464,1979,1969,331,2300,16
2021-07-07,Contra Costa,013,1133247,72032,71308,1359,72667,821
2021-07-07,Del Norte,015,27424,1490,1446,13,1459,8
2021-07-07,El Dorado,017,186661,10626,10494,798,11292,114
2021-07-07,Fresno,019,978130,103913,102639,8878,111517,1729
2021-07-07,Glenn,021,27897,2464,2441,576,3017,20
2021-07-07,Humboldt,023,135768,4611,4566,54,4620,51
2021-07-07,Imperial,025,180216,28906,28701,2766,31467,740
2021-07-07,Inyo,027,18085,1416,1415,13,1428,36
2021-07-07,Kern,029,883053,98273,97507,11313,108820,1348
2021-07-07,Kings,031,150075,23374,23085,1122,24207,245
2021-07-07,Lake,033,64148,3713,3660,13,3673,63
2021-07-07,Lassen,035,31185,5309,5286,119,5405,21
2021-07-07,Los Angeles,037,10098052,1220407,1211316,42479,1253795,24531
2021-07-07,Madera,039,155013,16908,16733,964,17697,241
2021-07-07,Marin,041,260295,14334,14183,268,14451,233
2021-07-07,Mariposa,043,17540,442,442,11,453,5
2021-07-07,Mendocino,045,87422,4252,4145,87,4232,49
2021-07-07,Merced,047,269075,31392,31317,1069,32386,470
2021-07-07,Modoc,049,8938,421,410,148,558,4
2021-07-07,Mono,051,14174,1270,1274,18,1292,3
2021-07-07,Monterey,053,433212,43458,43233,1899,45132,494
2021-07-07,Napa,055,140530,10113,10078,41,10119,81
2021-07-07,Nevada,057,99092,5076,4996,196,5192,72
2021-07-07,Orange,059,3164182,258183,256301,11748,268049,5132
2021-07-07,Placer,061,380077,24182,23901,1603,25504,302
2021-07-07,Plumas,063,18699,730,710,14,724,4
2021-07-07,Riverside,065,2383286,297148,293331,14296,307627,4538
2021-07-07,Sacramento,067,1510023,109935,108954,1899,110853,1682
2021-07-07,San Benito,069,59416,6161,6137,116,6253,63
2021-07-07,San Bernardino,071,2135413,296327,294787,9155,303942,5087
2021-07-07,San Diego,073,3302833,285308,283377,15734,299111,3782
2021-07-07,San Francisco,075,870044,37753,37284,1346,38630,558
2021-07-07,San Joaquin,077,732212,74728,74095,3710,77805,1410
2021-07-07,San Luis Obispo,079,281455,21660,21360,769,22129,258
2021-07-07,San Mateo,081,765935,43187,42908,501,43409,542
2021-07-07,Santa Barbara,083,443738,34787,34582,1156,35738,460
2021-07-07,Santa Clara,085,1922200,120275,119250,797,120047,2094
2021-07-07,Santa Cruz,087,273765,16416,16279,820,17099,207
2021-07-07,Shasta,089,179085,12683,12613,1662,14275,206
2021-07-07,Sierra,091,2930,66,60,12,72,0
2021-07-07,Siskiyou,093,43540,1989,1908,392,2300,29
2021-07-07,Solano,095,438530,33922,33659,595,34254,268
2021-07-07,Sonoma,097,501317,31438,31172,372,31544,316
2021-07-07,Stanislaus,099,539301,57394,57102,6105,63207,1028
2021-07-07,Sutter,101,95872,9722,9683,91,9774,114
2021-07-07,Tehama,103,63373,5175,5129,597,5726,63
2021-07-07,Trinity,105,12862,496,341,101,442,3
2021-07-07,Tulare,107,460477,50601,49835,9247,59082,853
2021-07-07,Tuolumne,109,53932,4118,4115,41,4156,64
2021-07-07,Ventura,111,848112,82299,81608,3159,84767,1036
2021-07-07,Yolo,113,214977,14362,14236,380,14616,213
2021-07-07,Yuba,115,75493,6300,6233,133,6366,51
2021-07-06,Alameda,001,1643700,90647,89918,2033,91951,1253
2021-07-06,Alpine,003,1148,88,89,0,89,0
2021-07-06,Amador,005,37829,3778,3768,33,3801,47
2021-07-06,Butte,007,227075,12883,12744,1900,14644,201
2021-07-06,Calaveras,009,45235,2233,2211,13,2224,55
2021-07-06,Colusa,011,21464,1978,1967,328,2295,16
2021-07-06,Contra Costa,013,1133247,71904,71262,1356,72618,820
2021-07-06,Del Norte,015,27424,1486,1445,13,1458,8
2021-07-06,El Dorado,017,186661,10608,10484,797,11281,113
2021-07-06,Fresno,019,978130,103861,102616,8866,111482,1727
2021-07-06,Glenn,021,27897,2463,2438,576,3014,20
2021-07-06,Humboldt,023,135768,4597,4565,53,4618,49
2021-07-06,Imperial,025,180216,28891,28693,2764,31457,739
2021-07-06,Inyo,027,18085,1416,1412,13,1425,36
2021-07-06,Kern,029,883053,98231,97491,11302,108793,1346
2021-07-06,Kings,031,150075,23366,23077,1121,24198,245
2021-07-06,Lake,033,64148,3703,3659,13,3672,63
2021-07-06,Lassen,035,31185,5308,5288,118,5406,21
2021-07-06,Los Angeles,037,10098052,1219187,1210965,42381,1253346,24525
2021-07-06,Madera,039,155013,16896,16730,964,17694,241
2021-07-06,Marin,041,260295,14320,14181,268,14449,233
2021-07-06,Mariposa,043,17540,442,442,11,453,5
2021-07-06,Mendocino,045,87422,4245,4143,87,4230,49
2021-07-06,Merced,047,269075,31375,31317,1068,32385,470
2021-07-06,Modoc,049,8938,421,411,148,559,4
2021-07-06,Mono,051,14174,1269,1274,18,1292,3
2021-07-06,Monterey,053,433212,43435,43224,1898,45122,494
2021-07-06,Napa,055,140530,10102,10081,41,10122,81
2021-07-06,Nevada,057,99092,5067,4988,196,5184,72
2021-07-06,Orange,059,3164182,257939,256227,11731,267958,5129
2021-07-06,Placer,061,380077,24141,23876,1597,25473,302
2021-07-06,Plumas,063,18699,729,708,14,722,4
2021-07-06,Riverside,065,2383286,296946,293227,14278,307505,4539
2021-07-06,Sacramento,067,1510023,109724,108850,1891,110741,1679
2021-07-06,San Benito,069,59416,6157,6137,116,6253,63
2021-07-06,San Bernardino,071,2135413,296148,294712,9142,303854,5056
2021-07-06,San Diego,073,3302833,284950,283278,15675,298953,3782
2021-07-06,San Francisco,075,870044,37636,37251,1345,38596,558
2021-07-06,San Joaquin,077,732212,74658,74019,3698,77717,1410
2021-07-06,San Luis Obispo,079,281455,21643,21354,768,22122,257
2021-07-06,San Mateo,081,765935,43112,42895,501,43396,541
2021-07-06,Santa Barbara,083,443738,34768,34572,1154,35726,460
2021-07-06,Santa Clara,085,1922200,120157,119194,794,119988,2095
2021-07-06,Santa Cruz,087,273765,16411,16274,819,17093,207
2021-07-06,Shasta,089,179085,12673,12606,1660,14266,205
2021-07-06,Sierra,091,2930,65,60,12,72,0
2021-07-06,Siskiyou,093,43540,1986,1905,388,2293,29
2021-07-06,Solano,095,438530,33871,33619,592,34211,268
2021-07-06,Sonoma,097,501317,31375,31130,371,31501,316
2021-07-06,Stanislaus,099,539301,57346,57120,6094,63214,1029
2021-07-06,Sutter,101,95872,9713,9674,90,9764,114
2021-07-06,Tehama,103,63373,5172,5126,596,5722,63
2021-07-06,Trinity,105,12862,496,341,101,442,3
2021-07-06,Tulare,107,460477,50586,49826,9236,59062,853
2021-07-06,Tuolumne,109,53932,4116,4113,41,4154,64
2021-07-06,Ventura,111,848112,82259,81534,3133,84667,1033
2021-07-06,Yolo,113,214977,14340,14227,377,14604,213
2021-07-06,Yuba,115,75493,6289,6231,133,6364,51
2021-07-05,Alameda,001,1643700,90469,89892,2028,91920,1253
2021-07-05,Alpine,003,1148,88,89,0,89,0
2021-07-05,Amador,005,37829,3776,3768,33,3801,47
2021-07-05,Butte,007,227075,12875,12740,1890,14630,201
2021-07-05,Calaveras,009,45235,2231,2211,13,2224,55
2021-07-05,Colusa,011,21464,1976,1966,327,2293,16
2021-07-05,Contra Costa,013,1133247,71776,71235,1356,72591,820
2021-07-05,Del Norte,015,27424,1482,1446,13,1459,8
2021-07-05,El Dorado,017,186661,10583,10481,797,11278,113
2021-07-05,Fresno,019,978130,103802,102592,8851,111443,1727
2021-07-05,Glenn,021,27897,2460,2438,575,3013,20
2021-07-05,Humboldt,023,135768,4583,4563,53,4616,49
2021-07-05,Imperial,025,180216,28872,28689,2764,31453,739
2021-07-05,Inyo,027,18085,1416,1412,13,1425,36
2021-07-05,Kern,029,883053,98183,97479,11281,108760,1346
2021-07-05,Kings,031,150075,23358,23065,1118,24183,245
2021-07-05,Lake,033,64148,3685,3645,13,3658,63
2021-07-05,Lassen,035,31185,5305,5288,117,5405,21
2021-07-05,Los Angeles,037,10098052,1217994,1210653,42278,1252931,24522
2021-07-05,Madera,039,155013,16885,16722,963,17685,241
2021-07-05,Marin,041,260295,14299,14178,268,14446,233
2021-07-05,Mariposa,043,17540,442,441,11,452,5
2021-07-05,Mendocino,045,87422,4240,4139,86,4225,49
2021-07-05,Merced,047,269075,31355,31312,1068,32380,470
2021-07-05,Modoc,049,8938,421,410,148,558,4
2021-07-05,Mono,051,14174,1269,1273,18,1291,3
2021-07-05,Monterey,053,433212,43415,43218,1893,45111,494
2021-07-05,Napa,055,140530,10096,10074,41,10115,81
2021-07-05,Nevada,057,99092,5049,4980,195,5175,72
2021-07-05,Orange,059,3164182,257738,256173,11713,267886,5129
2021-07-05,Placer,061,380077,24094,23867,1589,25456,302
2021-07-05,Plumas,063,18699,728,708,14,722,4
2021-07-05,Riverside,065,2383286,296755,293193,14266,307459,4539
2021-07-05,Sacramento,067,1510023,109542,108758,1882,110640,1679
2021-07-05,San Benito,069,59416,6150,6137,116,6253,63
2021-07-05,San Bernardino,071,2135413,295985,294647,9135,303782,5037
2021-07-05,San Diego,073,3302833,284587,282834,15631,298465,3782
2021-07-05,San Francisco,075,870044,37549,37237,1340,38577,558
2021-07-05,San Joaquin,077,732212,74588,73999,3693,77692,1410
2021-07-05,San Luis Obispo,079,281455,21630,21351,767,22118,257
2021-07-05,San Mateo,081,765935,43060,42876,498,43374,541
2021-07-05,Santa Barbara,083,443738,34748,34569,1154,35723,460
2021-07-05,Santa Clara,085,1922200,120051,119184,792,119976,2095
2021-07-05,Santa Cruz,087,273765,16402,16273,818,17091,208
2021-07-05,Shasta,089,179085,12664,12603,1658,14261,205
2021-07-05,Sierra,091,2930,65,60,12,72,0
2021-07-05,Siskiyou,093,43540,1984,1904,387,2291,29
2021-07-05,Solano,095,438530,33801,33612,586,34198,268
2021-07-05,Sonoma,097,501317,31322,31116,371,31487,316
2021-07-05,Stanislaus,099,539301,57316,57109,6083,63192,1029
2021-07-05,Sutter,101,95872,9701,9667,90,9757,114
2021-07-05,Tehama,103,63373,5171,5125,596,5721,63
2021-07-05,Trinity,105,12862,495,341,100,441,3
2021-07-05,Tulare,107,460477,50568,49818,9233,59051,853
2021-07-05,Tuolumne,109,53932,4112,4112,41,4153,64
2021-07-05,Ventura,111,848112,82208,81519,3114,84633,1033
2021-07-05,Yolo,113,214977,14319,14225,369,14594,213
2021-07-05,Yuba,115,75493,6281,6223,133,6356,51
2021-07-04,Alameda,001,1643700,90304,89683,2025,91708,1253
2021-07-04,Alpine,003,1148,88,89,0,89,0
2021-07-04,Amador,005,37829,3775,3758,33,3791,46
2021-07-04,Butte,007,227075,12865,12684,1890,14574,201
2021-07-04,Calaveras,009,45235,2227,2200,13,2213,55
2021-07-04,Colusa,011,21464,1976,1969,327,2296,15
2021-07-04,Contra Costa,013,1133247,71670,70941,1351,72292,818
2021-07-04,Del Norte,015,27424,1479,1439,13,1452,8
2021-07-04,El Dorado,017,186661,10574,10433,796,11229,113
2021-07-04,Fresno,019,978130,103756,102512,8834,111346,1727
2021-07-04,Glenn,021,27897,2458,2442,574,3016,20
2021-07-04,Humboldt,023,135768,4575,4530,53,4583,49
2021-07-04,Imperial,025,180216,28866,28661,2764,31425,739
2021-07-04,Inyo,027,18085,1416,1412,13,1425,35
2021-07-04,Kern,029,883053,98164,97421,11272,108693,1347
2021-07-04,Kings,031,150075,23350,23051,1118,24169,245
2021-07-04,Lake,033,64148,3675,3623,13,3636,62
2021-07-04,Lassen,035,31185,5304,5277,117,5394,20
2021-07-04,Los Angeles,037,10098052,1217134,1208705,42193,1250898,24506
2021-07-04,Madera,039,155013,16873,16696,961,17657,240
2021-07-04,Marin,041,260295,14284,14143,268,14411,233
2021-07-04,Mariposa,043,17540,442,441,11,452,5
2021-07-04,Mendocino,045,87422,4230,4122,86,4208,49
2021-07-04,Merced,047,269075,31344,31297,1068,32365,469
2021-07-04,Modoc,049,8938,421,410,148,558,4
2021-07-04,Mono,051,14174,1269,1275,18,1293,3
2021-07-04,Monterey,053,433212,43399,43212,1892,45104,492
2021-07-04,Napa,055,140530,10088,10045,40,10085,81
2021-07-04,Nevada,057,99092,5039,4966,195,5161,72
2021-07-04,Orange,059,3164182,257563,255823,11692,267515,5126
2021-07-04,Placer,061,380077,24057,23764,1582,25346,299
2021-07-04,Plumas,063,18699,728,707,14,721,4
2021-07-04,Riverside,065,2383286,296595,293260,14260,307520,4536
2021-07-04,Sacramento,067,1510023,109372,108257,1876,110133,1676
2021-07-04,San Benito,069,59416,6143,6108,116,6224,63
2021-07-04,San Bernardino,071,2135413,295818,294294,9128,303422,5003
2021-07-04,San Diego,073,3302833,284363,282692,15593,298285,3780
2021-07-04,San Francisco,075,870044,37491,37107,1334,38441,558
2021-07-04,San Joaquin,077,732212,74522,73841,3685,77526,1409
2021-07-04,San Luis Obispo,079,281455,21624,21330,766,22096,256
2021-07-04,San Mateo,081,765935,43026,42691,498,43189,541
2021-07-04,Santa Barbara,083,443738,34725,34526,1153,35679,456
2021-07-04,Santa Clara,085,1922200,119961,118966,791,119757,2090
2021-07-04,Santa Cruz,087,273765,16391,16254,818,17072,208
2021-07-04,Shasta,089,179085,12660,12582,1657,14239,204
2021-07-04,Sierra,091,2930,64,60,12,72,0
2021-07-04,Siskiyou,093,43540,1980,1899,386,2285,29
2021-07-04,Solano,095,438530,33760,33486,584,34070,268
2021-07-04,Sonoma,097,501317,31292,31000,370,31370,316
2021-07-04,Stanislaus,099,539301,57301,57018,6077,63095,1018
2021-07-04,Sutter,101,95872,9690,9644,90,9734,114
2021-07-04,Tehama,103,63373,5167,5124,596,5720,63
2021-07-04,Trinity,105,12862,494,341,100,441,3
2021-07-04,Tulare,107,460477,50558,49789,9230,59019,853
2021-07-04,Tuolumne,109,53932,4104,4113,41,4154,64
2021-07-04,Ventura,111,848112,82150,81425,3103,84528,1033
2021-07-04,Yolo,113,214977,14299,14188,366,14554,213
2021-07-04,Yuba,115,75493,6273,6197,133,6330,51
2021-07-03,Alameda,001,1643700,90216,89683,2017,91700,1253
2021-07-03,Alpine,003,1148,88,89,0,89,0
2021-07-03,Amador,005,37829,3775,3758,33,3791,46
2021-07-03,Butte,007,227075,12861,12684,1889,14573,201
2021-07-03,Calaveras,009,45235,2225,2200,13,2213,55
2021-07-03,Colusa,011,21464,1975,1969,327,2296,15
2021-07-03,Contra Costa,013,1133247,71611,70941,1348,72289,818
2021-07-03,Del Norte,015,27424,1476,1439,13,1452,8
2021-07-03,El Dorado,017,186661,10567,10433,794,11227,113
2021-07-03,Fresno,019,978130,103732,102512,8825,111337,1727
2021-07-03,Glenn,021,27897,2458,2442,574,3016,20
2021-07-03,Humboldt,023,135768,4570,4530,53,4583,49
2021-07-03,Imperial,025,180216,28856,28661,2764,31425,739
2021-07-03,Inyo,027,18085,1416,1412,13,1425,35
2021-07-03,Kern,029,883053,98144,97421,11264,108685,1347
2021-07-03,Kings,031,150075,23350,23051,1117,24168,245
2021-07-03,Lake,033,64148,3665,3623,13,3636,62
2021-07-03,Lassen,035,31185,5303,5277,117,5394,20
2021-07-03,Los Angeles,037,10098052,1216705,1208705,42162,1250867,24506
2021-07-03,Madera,039,155013,16864,16696,958,17654,240
2021-07-03,Marin,041,260295,14280,14143,268,14411,233
2021-07-03,Mariposa,043,17540,442,441,11,452,5
2021-07-03,Mendocino,045,87422,4229,4122,86,4208,49
2021-07-03,Merced,047,269075,31331,31297,1067,32364,469
2021-07-03,Modoc,049,8938,420,410,148,558,4
2021-07-03,Mono,051,14174,1268,1275,18,1293,3
2021-07-03,Monterey,053,433212,43387,43212,1889,45101,492
2021-07-03,Napa,055,140530,10083,10045,40,10085,81
2021-07-03,Nevada,057,99092,5025,4966,195,5161,72
2021-07-03,Orange,059,3164182,257479,255823,11685,267508,5126
2021-07-03,Placer,061,380077,24038,23764,1579,25343,299
2021-07-03,Plumas,063,18699,728,707,14,721,4
2021-07-03,Riverside,065,2383286,296503,293260,14256,307516,4536
2021-07-03,Sacramento,067,1510023,109298,108257,1873,110130,1676
2021-07-03,San Benito,069,59416,6136,6108,116,6224,63
2021-07-03,San Bernardino,071,2135413,295728,294294,9125,303419,5003
2021-07-03,San Diego,073,3302833,284232,282692,15574,298266,3780
2021-07-03,San Francisco,075,870044,37450,37107,1331,38438,558
2021-07-03,San Joaquin,077,732212,74486,73841,3680,77521,1409
2021-07-03,San Luis Obispo,079,281455,21612,21330,766,22096,256
2021-07-03,San Mateo,081,765935,43001,42691,497,43188,541
2021-07-03,Santa Barbara,083,443738,34716,34526,1152,35678,456
2021-07-03,Santa Clara,085,1922200,119914,118966,791,119757,2090
2021-07-03,Santa Cruz,087,273765,16384,16254,818,17072,208
2021-07-03,Shasta,089,179085,12656,12582,1655,14237,204
2021-07-03,Sierra,091,2930,64,60,12,72,0
2021-07-03,Siskiyou,093,43540,1979,1899,385,2284,29
2021-07-03,Solano,095,438530,33716,33486,584,34070,268
2021-07-03,Sonoma,097,501317,31258,31000,370,31370,316
2021-07-03,Stanislaus,099,539301,57290,57018,6069,63087,1018
2021-07-03,Sutter,101,95872,9680,9644,90,9734,114
2021-07-03,Tehama,103,63373,5165,5124,596,5720,63
2021-07-03,Trinity,105,12862,494,341,100,441,3
2021-07-03,Tulare,107,460477,50552,49789,9224,59013,853
2021-07-03,Tuolumne,109,53932,4103,4113,41,4154,64
2021-07-03,Ventura,111,848112,82120,81425,3095,84520,1033
2021-07-03,Yolo,113,214977,14289,14188,363,14551,213
2021-07-03,Yuba,115,75493,6267,6197,133,6330,51
2021-07-02,Alameda,001,1643700,90134,89683,2016,91699,1253
2021-07-02,Alpine,003,1148,88,89,0,89,0
2021-07-02,Amador,005,37829,3773,3758,33,3791,46
2021-07-02,Butte,007,227075,12854,12684,1889,14573,201
2021-07-02,Calaveras,009,45235,2223,2200,13,2213,55
2021-07-02,Colusa,011,21464,1974,1969,326,2295,15
2021-07-02,Contra Costa,013,1133247,71541,70941,1344,72285,818
2021-07-02,Del Norte,015,27424,1476,1439,13,1452,8
2021-07-02,El Dorado,017,186661,10559,10433,794,11227,113
2021-07-02,Fresno,019,978130,103703,102512,8819,111331,1727
2021-07-02,Glenn,021,27897,2457,2442,573,3015,20
2021-07-02,Humboldt,023,135768,4567,4530,52,4582,49
2021-07-02,Imperial,025,180216,28850,28661,2763,31424,739
2021-07-02,Inyo,027,18085,1416,1412,13,1425,35
2021-07-02,Kern,029,883053,98126,97421,11255,108676,1347
2021-07-02,Kings,031,150075,23340,23051,1117,24168,245
2021-07-02,Lake,033,64148,3659,3623,13,3636,62
2021-07-02,Lassen,035,31185,5303,5277,117,5394,20
2021-07-02,Los Angeles,037,10098052,1216230,1208705,42124,1250829,24506
2021-07-02,Madera,039,155013,16855,16696,957,17653,240
2021-07-02,Marin,041,260295,14276,14143,268,14411,233
2021-07-02,Mariposa,043,17540,442,441,11,452,5
2021-07-02,Mendocino,045,87422,4225,4122,85,4207,49
2021-07-02,Merced,047,269075,31322,31297,1067,32364,469
2021-07-02,Modoc,049,8938,420,410,148,558,4
2021-07-02,Mono,051,14174,1267,1275,18,1293,3
2021-07-02,Monterey,053,433212,43379,43212,1888,45100,492
2021-07-02,Napa,055,140530,10078,10045,40,10085,81
2021-07-02,Nevada,057,99092,5016,4966,195,5161,72
2021-07-02,Orange,059,3164182,257368,255823,11678,267501,5126
2021-07-02,Placer,061,380077,24021,23764,1572,25336,299
2021-07-02,Plumas,063,18699,728,707,14,721,4
2021-07-02,Riverside,065,2383286,296405,293260,14251,307511,4536
2021-07-02,Sacramento,067,1510023,109220,108257,1872,110129,1676
2021-07-02,San Benito,069,59416,6133,6108,116,6224,63
2021-07-02,San Bernardino,071,2135413,295641,294294,9123,303417,5003
2021-07-02,San Diego,073,3302833,284087,282692,15548,298240,3780
2021-07-02,San Francisco,075,870044,37401,37107,1329,38436,558
2021-07-02,San Joaquin,077,732212,74453,73841,3674,77515,1409
2021-07-02,San Luis Obispo,079,281455,21606,21330,765,22095,256
2021-07-02,San Mateo,081,765935,42965,42691,497,43188,541
2021-07-02,Santa Barbara,083,443738,34706,34526,1152,35678,456
2021-07-02,Santa Clara,085,1922200,119836,118966,791,119757,2090
2021-07-02,Santa Cruz,087,273765,16380,16254,818,17072,208
2021-07-02,Shasta,089,179085,12652,12582,1655,14237,204
2021-07-02,Sierra,091,2930,63,60,12,72,0
2021-07-02,Siskiyou,093,43540,1976,1899,384,2283,29
2021-07-02,Solano,095,438530,33691,33486,584,34070,268
2021-07-02,Sonoma,097,501317,31235,31000,370,31370,316
2021-07-02,Stanislaus,099,539301,57273,57018,6068,63086,1018
2021-07-02,Sutter,101,95872,9676,9644,90,9734,114
2021-07-02,Tehama,103,63373,5163,5124,594,5718,63
2021-07-02,Trinity,105,12862,494,341,100,441,3
2021-07-02,Tulare,107,460477,50542,49789,9216,59005,853
2021-07-02,Tuolumne,109,53932,4100,4113,41,4154,64
2021-07-02,Ventura,111,848112,82077,81425,3087,84512,1033
2021-07-02,Yolo,113,214977,14273,14188,361,14549,213
2021-07-02,Yuba,115,75493,6259,6197,133,6330,51
2021-07-01,Alameda,001,1643700,90034,89683,2014,91697,1253
2021-07-01,Alpine,003,1148,88,89,0,89,0
2021-07-01,Amador,005,37829,3772,3758,33,3791,46
2021-07-01,Butte,007,227075,12842,12684,1887,14571,201
2021-07-01,Calaveras,009,45235,2221,2200,13,2213,55
2021-07-01,Colusa,011,21464,1974,1969,324,2293,15
2021-07-01,Contra Costa,013,1133247,71469,70941,1344,72285,818
2021-07-01,Del Norte,015,27424,1475,1439,13,1452,8
2021-07-01,El Dorado,017,186661,10547,10433,794,11227,113
2021-07-01,Fresno,019,978130,103664,102512,8814,111326,1727
2021-07-01,Glenn,021,27897,2457,2442,573,3015,20
2021-07-01,Humboldt,023,135768,4565,4530,52,4582,49
2021-07-01,Imperial,025,180216,28833,28661,2763,31424,739
2021-07-01,Inyo,027,18085,1416,1412,13,1425,35
2021-07-01,Kern,029,883053,98100,97421,11245,108666,1347
2021-07-01,Kings,031,150075,23326,23051,1117,24168,245
2021-07-01,Lake,033,64148,3656,3623,13,3636,62
2021-07-01,Lassen,035,31185,5301,5277,117,5394,20
2021-07-01,Los Angeles,037,10098052,1215631,1208705,42069,1250774,24506
2021-07-01,Madera,039,155013,16846,16696,956,17652,240
2021-07-01,Marin,041,260295,14272,14143,268,14411,233
2021-07-01,Mariposa,043,17540,442,441,11,452,5
2021-07-01,Mendocino,045,87422,4221,4122,84,4206,49
2021-07-01,Merced,047,269075,31316,31297,1067,32364,469
2021-07-01,Modoc,049,8938,420,410,148,558,4
2021-07-01,Mono,051,14174,1266,1275,18,1293,3
2021-07-01,Monterey,053,433212,43371,43212,1884,45096,492
2021-07-01,Napa,055,140530,10071,10045,40,10085,81
2021-07-01,Nevada,057,99092,5011,4966,195,5161,72
2021-07-01,Orange,059,3164182,257247,255823,11659,267482,5126
2021-07-01,Placer,061,380077,24002,23764,1569,25333,299
2021-07-01,Plumas,063,18699,725,707,12,719,4
2021-07-01,Riverside,065,2383286,296296,293260,14243,307503,4536
2021-07-01,Sacramento,067,1510023,109094,108257,1865,110122,1676
2021-07-01,San Benito,069,59416,6129,6108,116,6224,63
2021-07-01,San Bernardino,071,2135413,295521,294294,9118,303412,5003
2021-07-01,San Diego,073,3302833,283909,282692,15511,298203,3780
2021-07-01,San Francisco,075,870044,37365,37107,1327,38434,558
2021-07-01,San Joaquin,077,732212,74402,73841,3670,77511,1409
2021-07-01,San Luis Obispo,079,281455,21591,21330,764,22094,256
2021-07-01,San Mateo,081,765935,42937,42691,496,43187,541
2021-07-01,Santa Barbara,083,443738,34693,34526,1152,35678,456
2021-07-01,Santa Clara,085,1922200,119787,118966,791,119757,2090
2021-07-01,Santa Cruz,087,273765,16375,16254,818,17072,208
2021-07-01,Shasta,089,179085,12644,12582,1654,14236,204
2021-07-01,Sierra,091,2930,63,60,12,72,0
2021-07-01,Siskiyou,093,43540,1976,1899,384,2283,29
2021-07-01,Solano,095,438530,33650,33486,583,34069,268
2021-07-01,Sonoma,097,501317,31191,31000,370,31370,316
2021-07-01,Stanislaus,099,539301,57256,57018,6064,63082,1018
2021-07-01,Sutter,101,95872,9667,9644,90,9734,114
2021-07-01,Tehama,103,63373,5163,5124,593,5717,63
2021-07-01,Trinity,105,12862,494,341,100,441,3
2021-07-01,Tulare,107,460477,50533,49789,9209,58998,853
2021-07-01,Tuolumne,109,53932,4093,4113,41,4154,64
2021-07-01,Ventura,111,848112,82046,81425,3076,84501,1033
2021-07-01,Yolo,113,214977,14257,14188,359,14547,213
2021-07-01,Yuba,115,75493,6252,6197,133,6330,51
2021-06-30,Alameda,001,1643700,89955,89597,2009,91606,1256
2021-06-30,Alpine,003,1148,88,89,0,89,0
2021-06-30,Amador,005,37829,3770,3756,33,3789,46
2021-06-30,Butte,007,227075,12835,12676,1878,14554,201
2021-06-30,Calaveras,009,45235,2215,2198,13,2211,55
2021-06-30,Colusa,011,21464,1972,1967,321,2288,15
2021-06-30,Contra Costa,013,1133247,71404,70869,1341,72210,818
2021-06-30,Del Norte,015,27424,1470,1435,13,1448,8
2021-06-30,El Dorado,017,186661,10528,10420,794,11214,113
2021-06-30,Fresno,019,978130,103627,102490,8811,111301,1727
2021-06-30,Glenn,021,27897,2455,2440,573,3013,20
2021-06-30,Humboldt,023,135768,4549,4522,50,4572,49
2021-06-30,Imperial,025,180216,28825,28651,2763,31414,739
2021-06-30,Inyo,027,18085,1416,1409,13,1422,35
2021-06-30,Kern,029,883053,98059,97267,11233,108500,1348
2021-06-30,Kings,031,150075,23321,23038,1116,24154,245
2021-06-30,Lake,033,64148,3643,3601,13,3614,56
2021-06-30,Lassen,035,31185,5296,5269,117,5386,20
2021-06-30,Los Angeles,037,10098052,1214959,1208246,42024,1250270,24499
2021-06-30,Madera,039,155013,16838,16688,954,17642,240
2021-06-30,Marin,041,260295,14263,14133,267,14400,232
2021-06-30,Mariposa,043,17540,441,441,11,452,5
2021-06-30,Mendocino,045,87422,4211,4115,84,4199,49
2021-06-30,Merced,047,269075,31306,31286,1067,32353,469
2021-06-30,Modoc,049,8938,420,410,148,558,4
2021-06-30,Mono,051,14174,1266,1275,18,1293,3
2021-06-30,Monterey,053,433212,43366,43209,1882,45091,492
2021-06-30,Napa,055,140530,10063,10039,40,10079,81
2021-06-30,Nevada,057,99092,5000,4958,195,5153,72
2021-06-30,Orange,059,3164182,257120,255764,11648,267412,5125
2021-06-30,Placer,061,380077,23978,23721,1566,25287,299
2021-06-30,Plumas,063,18699,725,705,12,717,4
2021-06-30,Riverside,065,2383286,296182,293280,14233,307513,4535
2021-06-30,Sacramento,067,1510023,108955,108137,1861,109998,1676
2021-06-30,San Benito,069,59416,6125,6105,116,6221,63
2021-06-30,San Bernardino,071,2135413,295361,294211,9113,303324,4975
2021-06-30,San Diego,073,3302833,283773,282583,15483,298066,3780
2021-06-30,San Francisco,075,870044,37316,37065,1322,38387,558
2021-06-30,San Joaquin,077,732212,74340,73777,3669,77446,1409
2021-06-30,San Luis Obispo,079,281455,21578,21326,763,22089,256
2021-06-30,San Mateo,081,765935,42900,42599,495,43094,537
2021-06-30,Santa Barbara,083,443738,34677,34521,1152,35673,456
2021-06-30,Santa Clara,085,1922200,119740,118930,788,119718,2090
2021-06-30,Santa Cruz,087,273765,16369,16250,818,17068,208
2021-06-30,Shasta,089,179085,12638,12564,1654,14218,204
2021-06-30,Sierra,091,2930,63,60,12,72,0
2021-06-30,Siskiyou,093,43540,1974,1900,381,2281,29
2021-06-30,Solano,095,438530,33611,33453,581,34034,268
2021-06-30,Sonoma,097,501317,31161,30947,370,31317,316
2021-06-30,Stanislaus,099,539301,57239,56997,6063,63060,1018
2021-06-30,Sutter,101,95872,9657,9638,90,9728,114
2021-06-30,Tehama,103,63373,5161,5124,593,5717,63
2021-06-30,Trinity,105,12862,494,341,100,441,3
2021-06-30,Tulare,107,460477,50522,49764,9198,58962,853
2021-06-30,Tuolumne,109,53932,4090,4112,41,4153,64
2021-06-30,Ventura,111,848112,82003,81392,3071,84463,1032
2021-06-30,Yolo,113,214977,14251,14178,356,14534,213
2021-06-30,Yuba,115,75493,6245,6191,133,6324,51
2021-06-29,Alameda,001,1643700,89848,89519,2008,91527,1257
2021-06-29,Alpine,003,1148,88,89,0,89,0
2021-06-29,Amador,005,37829,3766,3754,33,3787,46
2021-06-29,Butte,007,227075,12827,12669,1878,14547,201
2021-06-29,Calaveras,009,45235,2209,2198,13,2211,55
2021-06-29,Colusa,011,21464,1970,1967,321,2288,15
2021-06-29,Contra Costa,013,1133247,71330,70775,1340,72115,817
2021-06-29,Del Norte,015,27424,1469,1435,13,1448,8
2021-06-29,El Dorado,017,186661,10515,10403,790,11193,113
2021-06-29,Fresno,019,978130,103594,102464,8808,111272,1725
2021-06-29,Glenn,021,27897,2454,2439,573,3012,20
2021-06-29,Humboldt,023,135768,4545,4514,49,4563,49
2021-06-29,Imperial,025,180216,28816,28645,2762,31407,737
2021-06-29,Inyo,027,18085,1416,1408,13,1421,35
2021-06-29,Kern,029,883053,98038,97173,11227,108400,1347
2021-06-29,Kings,031,150075,23312,23035,1115,24150,245
2021-06-29,Lake,033,64148,3637,3594,13,3607,56
2021-06-29,Lassen,035,31185,5289,5268,117,5385,20
2021-06-29,Los Angeles,037,10098052,1214348,1207895,41993,1249888,24498
2021-06-29,Madera,039,155013,16834,16680,953,17633,240
2021-06-29,Marin,041,260295,14251,14127,267,14394,232
2021-06-29,Mariposa,043,17540,441,441,11,452,5
2021-06-29,Mendocino,045,87422,4207,4107,83,4190,49
2021-06-29,Merced,047,269075,31294,31277,1067,32344,469
2021-06-29,Modoc,049,8938,419,408,148,556,3
2021-06-29,Mono,051,14174,1266,1275,18,1293,3
2021-06-29,Monterey,053,433212,43356,43196,1880,45076,471
2021-06-29,Napa,055,140530,10057,10033,40,10073,81
2021-06-29,Nevada,057,99092,4993,4952,195,5147,72
2021-06-29,Orange,059,3164182,257020,255686,11633,267319,5124
2021-06-29,Placer,061,380077,23958,23693,1564,25257,299
2021-06-29,Plumas,063,18699,725,704,12,716,4
2021-06-29,Riverside,065,2383286,296083,292962,14226,307188,4524
2021-06-29,Sacramento,067,1510023,108803,108067,1858,109925,1677
2021-06-29,San Benito,069,59416,6114,6099,116,6215,63
2021-06-29,San Bernardino,071,2135413,295249,294118,9111,303229,4940
2021-06-29,San Diego,073,3302833,283617,282499,15456,297955,3780
2021-06-29,San Francisco,075,870044,37278,37041,1319,38360,558
2021-06-29,San Joaquin,077,732212,74292,73724,3666,77390,1409
2021-06-29,San Luis Obispo,079,281455,21568,21324,762,22086,256
2021-06-29,San Mateo,081,765935,42866,42540,495,43035,540
2021-06-29,Santa Barbara,083,443738,34667,34507,1151,35658,455
2021-06-29,Santa Clara,085,1922200,119686,118893,787,119680,2090
2021-06-29,Santa Cruz,087,273765,16363,16249,818,17067,208
2021-06-29,Shasta,089,179085,12626,12564,1653,14217,204
2021-06-29,Sierra,091,2930,63,59,12,71,0
2021-06-29,Siskiyou,093,43540,1971,1897,377,2274,29
2021-06-29,Solano,095,438530,33578,33440,579,34019,268
2021-06-29,Sonoma,097,501317,31119,30950,368,31318,316
2021-06-29,Stanislaus,099,539301,57218,56980,6056,63036,1018
2021-06-29,Sutter,101,95872,9646,9634,90,9724,114
2021-06-29,Tehama,103,63373,5161,5124,593,5717,63
2021-06-29,Trinity,105,12862,494,341,100,441,3
2021-06-29,Tulare,107,460477,50509,49751,9193,58944,852
2021-06-29,Tuolumne,109,53932,4088,4111,41,4152,64
2021-06-29,Ventura,111,848112,81965,81363,3065,84428,1032
2021-06-29,Yolo,113,214977,14239,14171,355,14526,213
2021-06-29,Yuba,115,75493,6235,6188,133,6321,51
2021-06-28,Alameda,001,1643700,89755,89638,2005,91643,1259
2021-06-28,Alpine,003,1148,88,89,0,89,0
2021-06-28,Amador,005,37829,3765,3753,33,3786,46
2021-06-28,Butte,007,227075,12818,12697,1876,14573,198
2021-06-28,Calaveras,009,45235,2206,2203,13,2216,55
2021-06-28,Colusa,011,21464,1968,1974,321,2295,15
2021-06-28,Contra Costa,013,1133247,71256,70807,1338,72145,816
2021-06-28,Del Norte,015,27424,1469,1436,13,1449,8
2021-06-28,El Dorado,017,186661,10505,10422,786,11208,115
2021-06-28,Fresno,019,978130,103563,103121,8806,111927,1727
2021-06-28,Glenn,021,27897,2454,2439,573,3012,20
2021-06-28,Humboldt,023,135768,4538,4520,48,4568,49
2021-06-28,Imperial,025,180216,28808,28981,2761,31742,741
2021-06-28,Inyo,027,18085,1413,1407,13,1420,35
2021-06-28,Kern,029,883053,98019,97252,11222,108474,1348
2021-06-28,Kings,031,150075,23306,23134,1115,24249,246
2021-06-28,Lake,033,64148,3629,3591,13,3604,56
2021-06-28,Lassen,035,31185,5287,5268,117,5385,20
2021-06-28,Los Angeles,037,10098052,1213829,1207714,41958,1249672,24496
2021-06-28,Madera,039,155013,16823,16683,952,17635,240
2021-06-28,Marin,041,260295,14236,14186,267,14453,232
2021-06-28,Mariposa,043,17540,441,440,11,451,5
2021-06-28,Mendocino,045,87422,4198,4102,82,4184,49
2021-06-28,Merced,047,269075,31282,31277,1067,32344,469
2021-06-28,Modoc,049,8938,419,411,147,558,3
2021-06-28,Mono,051,14174,1266,1276,18,1294,3
2021-06-28,Monterey,053,433212,43352,43202,1879,45081,462
2021-06-28,Napa,055,140530,10048,10050,39,10089,81
2021-06-28,Nevada,057,99092,4989,4951,195,5146,72
2021-06-28,Orange,059,3164182,256930,255755,11619,267374,5123
2021-06-28,Placer,061,380077,23938,23756,1560,25316,299
2021-06-28,Plumas,063,18699,723,704,12,716,4
2021-06-28,Riverside,065,2383286,295957,292647,14213,306860,4507
2021-06-28,Sacramento,067,1510023,108671,108342,1853,110195,1675
2021-06-28,San Benito,069,59416,6112,6101,116,6217,63
2021-06-28,San Bernardino,071,2135413,295148,294151,9106,303257,4928
2021-06-28,San Diego,073,3302833,283453,282417,15427,297844,3780
2021-06-28,San Francisco,075,870044,37242,37372,1317,38689,559
2021-06-28,San Joaquin,077,732212,74245,73973,3662,77635,1411
2021-06-28,San Luis Obispo,079,281455,21564,21340,761,22101,256
2021-06-28,San Mateo,081,765935,42832,42927,494,43421,540
2021-06-28,Santa Barbara,083,443738,34660,34534,1149,35683,455
2021-06-28,Santa Clara,085,1922200,119622,120377,786,121163,2103
2021-06-28,Santa Cruz,087,273765,16358,16245,818,17063,208
2021-06-28,Shasta,089,179085,12622,12642,1651,14293,203
2021-06-28,Sierra,091,2930,63,58,12,70,0
2021-06-28,Siskiyou,093,43540,1970,1896,377,2273,29
2021-06-28,Solano,095,438530,33542,33524,577,34101,267
2021-06-28,Sonoma,097,501317,31082,31137,367,31504,315
2021-06-28,Stanislaus,099,539301,57200,57047,6052,63099,1018
2021-06-28,Sutter,101,95872,9642,9682,90,9772,114
2021-06-28,Tehama,103,63373,5159,5122,593,5715,63
2021-06-28,Trinity,105,12862,494,341,100,441,3
2021-06-28,Tulare,107,460477,50499,49751,9189,58940,850
2021-06-28,Tuolumne,109,53932,4081,4121,41,4162,64
2021-06-28,Ventura,111,848112,81908,81393,3060,84453,1032
2021-06-28,Yolo,113,214977,14230,14199,352,14551,213
2021-06-28,Yuba,115,75493,6230,6207,133,6340,51
2021-06-27,Alameda,001,1643700,89668,89611,2001,91612,1259
2021-06-27,Alpine,003,1148,88,89,0,89,0
2021-06-27,Amador,005,37829,3764,3752,33,3785,46
2021-06-27,Butte,007,227075,12809,12696,1875,14571,198
2021-06-27,Calaveras,009,45235,2205,2203,13,2216,55
2021-06-27,Colusa,011,21464,1968,1974,321,2295,15
2021-06-27,Contra Costa,013,1133247,71170,70762,1334,72096,816
2021-06-27,Del Norte,015,27424,1466,1436,13,1449,8
2021-06-27,El Dorado,017,186661,10493,10418,783,11201,115
2021-06-27,Fresno,019,978130,103534,103110,8804,111914,1727
2021-06-27,Glenn,021,27897,2453,2439,572,3011,20
2021-06-27,Humboldt,023,135768,4526,4513,45,4558,49
2021-06-27,Imperial,025,180216,28794,28987,2761,31748,741
2021-06-27,Inyo,027,18085,1413,1407,13,1420,35
2021-06-27,Kern,029,883053,97993,97249,11215,108464,1348
2021-06-27,Kings,031,150075,23296,23132,1115,24247,246
2021-06-27,Lake,033,64148,3622,3581,13,3594,56
2021-06-27,Lassen,035,31185,5286,5265,117,5382,20
2021-06-27,Los Angeles,037,10098052,1213283,1207461,41917,1249378,24493
2021-06-27,Madera,039,155013,16815,16680,952,17632,240
2021-06-27,Marin,041,260295,14227,14182,267,14449,232
2021-06-27,Mariposa,043,17540,441,440,11,451,5
2021-06-27,Mendocino,045,87422,4191,4100,82,4182,49
2021-06-27,Merced,047,269075,31270,31266,1067,32333,469
2021-06-27,Modoc,049,8938,419,411,147,558,3
2021-06-27,Mono,051,14174,1266,1279,18,1297,3
2021-06-27,Monterey,053,433212,43339,43199,1879,45078,462
2021-06-27,Napa,055,140530,10042,10046,39,10085,81
2021-06-27,Nevada,057,99092,4983,4946,195,5141,72
2021-06-27,Orange,059,3164182,256816,255710,11608,267318,5123
2021-06-27,Placer,061,380077,23905,23731,1557,25288,299
2021-06-27,Plumas,063,18699,723,704,12,716,4
2021-06-27,Riverside,065,2383286,295855,292641,14206,306847,4507
2021-06-27,Sacramento,067,1510023,108536,108279,1849,110128,1675
2021-06-27,San Benito,069,59416,6106,6101,116,6217,63
2021-06-27,San Bernardino,071,2135413,295035,294115,9104,303219,4927
2021-06-27,San Diego,073,3302833,283313,282359,15401,297760,3780
2021-06-27,San Francisco,075,870044,37205,37360,1316,38676,559
2021-06-27,San Joaquin,077,732212,74209,73960,3660,77620,1411
2021-06-27,San Luis Obispo,079,281455,21557,21340,760,22100,256
2021-06-27,San Mateo,081,765935,42803,42925,491,43416,539
2021-06-27,Santa Barbara,083,443738,34646,34533,1147,35680,455
2021-06-27,Santa Clara,085,1922200,119571,120352,785,121137,2103
2021-06-27,Santa Cruz,087,273765,16349,16241,818,17059,208
2021-06-27,Shasta,089,179085,12616,12640,1650,14290,203
2021-06-27,Sierra,091,2930,63,58,12,70,0
2021-06-27,Siskiyou,093,43540,1968,1896,376,2272,29
2021-06-27,Solano,095,438530,33514,33516,577,34093,267
2021-06-27,Sonoma,097,501317,31044,31129,367,31496,315
2021-06-27,Stanislaus,099,539301,57160,57021,6049,63070,1018
2021-06-27,Sutter,101,95872,9636,9678,90,9768,114
2021-06-27,Tehama,103,63373,5155,5122,593,5715,63
2021-06-27,Trinity,105,12862,494,341,99,440,3
2021-06-27,Tulare,107,460477,50486,49749,9182,58931,850
2021-06-27,Tuolumne,109,53932,4079,4121,41,4162,64
2021-06-27,Ventura,111,848112,81874,81361,3051,84412,1032
2021-06-27,Yolo,113,214977,14215,14194,348,14542,213
2021-06-27,Yuba,115,75493,6224,6205,133,6338,51
2021-06-26,Alameda,001,1643700,89611,89560,1999,91559,1259
2021-06-26,Alpine,003,1148,88,89,0,89,0
2021-06-26,Amador,005,37829,3764,3748,33,3781,46
2021-06-26,Butte,007,227075,12805,12693,1872,14565,198
2021-06-26,Calaveras,009,45235,2203,2202,13,2215,55
2021-06-26,Colusa,011,21464,1968,1973,321,2294,15
2021-06-26,Contra Costa,013,1133247,71127,70712,1333,72045,816
2021-06-26,Del Norte,015,27424,1465,1432,13,1445,8
2021-06-26,El Dorado,017,186661,10485,10414,782,11196,115
2021-06-26,Fresno,019,978130,103514,103091,8802,111893,1727
2021-06-26,Glenn,021,27897,2451,2441,572,3013,20
2021-06-26,Humboldt,023,135768,4523,4509,45,4554,49
2021-06-26,Imperial,025,180216,28790,28970,2761,31731,741
2021-06-26,Inyo,027,18085,1413,1407,13,1420,35
2021-06-26,Kern,029,883053,97967,97239,11206,108445,1348
2021-06-26,Kings,031,150075,23292,23128,1114,24242,246
2021-06-26,Lake,033,64148,3611,3576,13,3589,56
2021-06-26,Lassen,035,31185,5283,5263,117,5380,20
2021-06-26,Los Angeles,037,10098052,1212975,1207198,41884,1249082,24490
2021-06-26,Madera,039,155013,16808,16679,951,17630,240
2021-06-26,Marin,041,260295,14218,14180,267,14447,232
2021-06-26,Mariposa,043,17540,441,440,11,451,5
2021-06-26,Mendocino,045,87422,4189,4096,82,4178,49
2021-06-26,Merced,047,269075,31264,31259,1066,32325,469
2021-06-26,Modoc,049,8938,419,411,147,558,3
2021-06-26,Mono,051,14174,1266,1279,18,1297,3
2021-06-26,Monterey,053,433212,43336,43192,1879,45071,462
2021-06-26,Napa,055,140530,10035,10043,39,10082,81
2021-06-26,Nevada,057,99092,4978,4939,195,5134,72
2021-06-26,Orange,059,3164182,256737,255640,11601,267241,5123
2021-06-26,Placer,061,380077,23891,23702,1555,25257,299
2021-06-26,Plumas,063,18699,723,704,12,716,4
2021-06-26,Riverside,065,2383286,295797,292480,14200,306680,4505
2021-06-26,Sacramento,067,1510023,108465,108179,1847,110026,1675
2021-06-26,San Benito,069,59416,6102,6100,116,6216,63
2021-06-26,San Bernardino,071,2135413,294940,294034,9099,303133,4928
2021-06-26,San Diego,073,3302833,283228,282263,15383,297646,3780
2021-06-26,San Francisco,075,870044,37173,37348,1315,38663,559
2021-06-26,San Joaquin,077,732212,74180,73928,3659,77587,1411
2021-06-26,San Luis Obispo,079,281455,21556,21330,759,22089,256
2021-06-26,San Mateo,081,765935,42783,42898,491,43389,539
2021-06-26,Santa Barbara,083,443738,34637,34525,1147,35672,455
2021-06-26,Santa Clara,085,1922200,119538,120321,785,121106,2103
2021-06-26,Santa Cruz,087,273765,16346,16239,818,17057,208
2021-06-26,Shasta,089,179085,12612,12635,1646,14281,203
2021-06-26,Sierra,091,2930,63,58,12,70,0
2021-06-26,Siskiyou,093,43540,1967,1896,375,2271,29
2021-06-26,Solano,095,438530,33496,33489,575,34064,267
2021-06-26,Sonoma,097,501317,31018,31088,367,31455,315
2021-06-26,Stanislaus,099,539301,57144,57006,6047,63053,1018
2021-06-26,Sutter,101,95872,9635,9669,90,9759,114
2021-06-26,Tehama,103,63373,5155,5119,593,5712,63
2021-06-26,Trinity,105,12862,494,341,99,440,3
2021-06-26,Tulare,107,460477,50480,49745,9182,58927,850
2021-06-26,Tuolumne,109,53932,4079,4121,41,4162,64
2021-06-26,Ventura,111,848112,81850,81352,3050,84402,1032
2021-06-26,Yolo,113,214977,14207,14184,348,14532,213
2021-06-26,Yuba,115,75493,6221,6200,133,6333,51
2021-06-25,Alameda,001,1643700,89544,89453,1997,91450,1271
2021-06-25,Alpine,003,1148,88,89,0,89,0
2021-06-25,Amador,005,37829,3763,3746,33,3779,46
2021-06-25,Butte,007,227075,12800,12682,1869,14551,198
2021-06-25,Calaveras,009,45235,2202,2201,13,2214,55
2021-06-25,Colusa,011,21464,1968,1972,321,2293,15
2021-06-25,Contra Costa,013,1133247,71091,70659,1333,71992,815
2021-06-25,Del Norte,015,27424,1465,1426,13,1439,8
2021-06-25,El Dorado,017,186661,10477,10406,779,11185,115
2021-06-25,Fresno,019,978130,103496,103073,8798,111871,1727
2021-06-25,Glenn,021,27897,2451,2441,572,3013,20
2021-06-25,Humboldt,023,135768,4517,4503,43,4546,49
2021-06-25,Imperial,025,180216,28787,28968,2761,31729,740
2021-06-25,Inyo,027,18085,1412,1406,13,1419,35
2021-06-25,Kern,029,883053,97948,97182,11202,108384,1347
2021-06-25,Kings,031,150075,23286,23118,1114,24232,246
2021-06-25,Lake,033,64148,3605,3571,13,3584,56
2021-06-25,Lassen,035,31185,5282,5259,117,5376,20
2021-06-25,Los Angeles,037,10098052,1212690,1206909,41867,1248776,24483
2021-06-25,Madera,039,155013,16805,16670,951,17621,240
2021-06-25,Marin,041,260295,14215,14179,267,14446,232
2021-06-25,Mariposa,043,17540,441,440,11,451,5
2021-06-25,Mendocino,045,87422,4186,4089,82,4171,49
2021-06-25,Merced,047,269075,31256,31256,1066,32322,467
2021-06-25,Modoc,049,8938,419,411,147,558,3
2021-06-25,Mono,051,14174,1266,1279,18,1297,3
2021-06-25,Monterey,053,433212,43331,43184,1878,45062,462
2021-06-25,Napa,055,140530,10030,10037,39,10076,81
2021-06-25,Nevada,057,99092,4975,4932,195,5127,72
2021-06-25,Orange,059,3164182,256666,255574,11599,267173,5119
2021-06-25,Placer,061,380077,23872,23672,1554,25226,299
2021-06-25,Plumas,063,18699,723,702,11,713,4
2021-06-25,Riverside,065,2383286,295729,291663,14193,305856,4490
2021-06-25,Sacramento,067,1510023,108393,108034,1844,109878,1673
2021-06-25,San Benito,069,59416,6098,6098,116,6214,63
2021-06-25,San Bernardino,071,2135413,294885,293941,9097,303038,4911
2021-06-25,San Diego,073,3302833,283168,282157,15370,297527,3779
2021-06-25,San Francisco,075,870044,37150,37338,1314,38652,559
2021-06-25,San Joaquin,077,732212,74147,73860,3657,77517,1410
2021-06-25,San Luis Obispo,079,281455,21553,21325,758,22083,256
2021-06-25,San Mateo,081,765935,42765,42849,491,43340,537
2021-06-25,Santa Barbara,083,443738,34628,34518,1146,35664,454
2021-06-25,Santa Clara,085,1922200,119518,120272,785,121057,2103
2021-06-25,Santa Cruz,087,273765,16343,16230,816,17046,208
2021-06-25,Shasta,089,179085,12602,12633,1645,14278,202
2021-06-25,Sierra,091,2930,63,58,12,70,0
2021-06-25,Siskiyou,093,43540,1966,1894,375,2269,29
2021-06-25,Solano,095,438530,33476,33449,575,34024,267
2021-06-25,Sonoma,097,501317,30995,31043,367,31410,314
2021-06-25,Stanislaus,099,539301,57128,56973,6040,63013,1018
2021-06-25,Sutter,101,95872,9628,9664,90,9754,114
2021-06-25,Tehama,103,63373,5154,5119,593,5712,63
2021-06-25,Trinity,105,12862,494,338,99,437,3
2021-06-25,Tulare,107,460477,50473,49731,9179,58910,850
2021-06-25,Tuolumne,109,53932,4078,4121,41,4162,64
2021-06-25,Ventura,111,848112,81821,81342,3044,84386,1032
2021-06-25,Yolo,113,214977,14201,14172,348,14520,213
2021-06-25,Yuba,115,75493,6217,6195,133,6328,51
2021-06-24,Alameda,001,1643700,89473,89358,1994,91352,1268
2021-06-24,Alpine,003,1148,88,89,0,89,0
2021-06-24,Amador,005,37829,3759,3745,33,3778,46
2021-06-24,Butte,007,227075,12794,12673,1867,14540,198
2021-06-24,Calaveras,009,45235,2199,2202,13,2215,55
2021-06-24,Colusa,011,21464,1967,1972,321,2293,15
2021-06-24,Contra Costa,013,1133247,71032,70590,1333,71923,813
2021-06-24,Del Norte,015,27424,1464,1421,13,1434,8
2021-06-24,El Dorado,017,186661,10470,10402,779,11181,115
2021-06-24,Fresno,019,978130,103476,103061,8796,111857,1727
2021-06-24,Glenn,021,27897,2450,2439,572,3011,20
2021-06-24,Humboldt,023,135768,4512,4493,43,4536,49
2021-06-24,Imperial,025,180216,28784,28981,2761,31742,740
2021-06-24,Inyo,027,18085,1411,1406,13,1419,35
2021-06-24,Kern,029,883053,97929,97129,11189,108318,1346
2021-06-24,Kings,031,150075,23282,23114,1112,24226,246
2021-06-24,Lake,033,64148,3599,3571,13,3584,56
2021-06-24,Lassen,035,31185,5281,5258,117,5375,20
2021-06-24,Los Angeles,037,10098052,1212366,1206590,41844,1248434,24480
2021-06-24,Madera,039,155013,16794,16662,950,17612,240
2021-06-24,Marin,041,260295,14211,14180,267,14447,232
2021-06-24,Mariposa,043,17540,441,440,11,451,5
2021-06-24,Mendocino,045,87422,4178,4085,82,4167,49
2021-06-24,Merced,047,269075,31246,31248,1065,32313,466
2021-06-24,Modoc,049,8938,419,411,147,558,3
2021-06-24,Mono,051,14174,1266,1276,18,1294,3
2021-06-24,Monterey,053,433212,43324,43180,1878,45058,451
2021-06-24,Napa,055,140530,10028,10036,39,10075,80
2021-06-24,Nevada,057,99092,4973,4927,195,5122,72
2021-06-24,Orange,059,3164182,256602,255520,11591,267111,5117
2021-06-24,Placer,061,380077,23847,23659,1552,25211,299
2021-06-24,Plumas,063,18699,722,702,11,713,4
2021-06-24,Riverside,065,2383286,295649,291067,14182,305249,4473
2021-06-24,Sacramento,067,1510023,108305,107965,1842,109807,1672
2021-06-24,San Benito,069,59416,6095,6098,116,6214,63
2021-06-24,San Bernardino,071,2135413,294815,293895,9092,302987,4898
2021-06-24,San Diego,073,3302833,283064,282053,15357,297410,3778
2021-06-24,San Francisco,075,870044,37128,37320,1312,38632,559
2021-06-24,San Joaquin,077,732212,74099,73814,3657,77471,1408
2021-06-24,San Luis Obispo,079,281455,21547,21326,758,22084,256
2021-06-24,San Mateo,081,765935,42739,42814,490,43304,542
2021-06-24,Santa Barbara,083,443738,34622,34512,1145,35657,454
2021-06-24,Santa Clara,085,1922200,119487,120274,784,121058,2103
2021-06-24,Santa Cruz,087,273765,16342,16227,816,17043,208
2021-06-24,Shasta,089,179085,12597,12629,1641,14270,202
2021-06-24,Sierra,091,2930,63,58,12,70,0
2021-06-24,Siskiyou,093,43540,1966,1892,375,2267,28
2021-06-24,Solano,095,438530,33453,33432,573,34005,267
2021-06-24,Sonoma,097,501317,30966,31020,367,31387,314
2021-06-24,Stanislaus,099,539301,57102,56946,6040,62986,1018
2021-06-24,Sutter,101,95872,9621,9660,90,9750,113
2021-06-24,Tehama,103,63373,5151,5115,593,5708,63
2021-06-24,Trinity,105,12862,493,338,99,437,3
2021-06-24,Tulare,107,460477,50462,49730,9177,58907,850
2021-06-24,Tuolumne,109,53932,4076,4120,41,4161,64
2021-06-24,Ventura,111,848112,81793,81332,3043,84375,1032
2021-06-24,Yolo,113,214977,14192,14169,345,14514,213
2021-06-24,Yuba,115,75493,6212,6195,133,6328,51
2021-06-23,Alameda,001,1643700,89401,89338,1993,91331,1266
2021-06-23,Alpine,003,1148,88,88,0,88,0
2021-06-23,Amador,005,37829,3757,3743,33,3776,46
2021-06-23,Butte,007,227075,12787,12666,1867,14533,198
2021-06-23,Calaveras,009,45235,2198,2199,13,2212,55
2021-06-23,Colusa,011,21464,1966,1972,321,2293,15
2021-06-23,Contra Costa,013,1133247,70967,70526,1332,71858,813
2021-06-23,Del Norte,015,27424,1460,1418,13,1431,8
2021-06-23,El Dorado,017,186661,10461,10395,776,11171,115
2021-06-23,Fresno,019,978130,103447,103020,8794,111814,1724
2021-06-23,Glenn,021,27897,2450,2437,571,3008,20
2021-06-23,Humboldt,023,135768,4503,4490,43,4533,48
2021-06-23,Imperial,025,180216,28777,28908,2761,31669,740
2021-06-23,Inyo,027,18085,1411,1406,13,1419,35
2021-06-23,Kern,029,883053,97901,97078,11176,108254,1345
2021-06-23,Kings,031,150075,23275,23105,1110,24215,245
2021-06-23,Lake,033,64148,3590,3566,13,3579,53
2021-06-23,Lassen,035,31185,5278,5257,117,5374,20
2021-06-23,Los Angeles,037,10098052,1212028,1206358,41834,1248192,24472
2021-06-23,Madera,039,155013,16787,16660,950,17610,240
2021-06-23,Marin,041,260295,14205,14177,267,14444,230
2021-06-23,Mariposa,043,17540,441,439,11,450,5
2021-06-23,Mendocino,045,87422,4174,4078,82,4160,49
2021-06-23,Merced,047,269075,31237,31260,1065,32325,465
2021-06-23,Modoc,049,8938,417,407,147,554,3
2021-06-23,Mono,051,14174,1266,1279,18,1297,3
2021-06-23,Monterey,053,433212,43315,43166,1878,45044,439
2021-06-23,Napa,055,140530,10019,10032,39,10071,80
2021-06-23,Nevada,057,99092,4970,4924,195,5119,72
2021-06-23,Orange,059,3164182,256536,255479,11583,267062,5116
2021-06-23,Placer,061,380077,23818,23630,1547,25177,299
2021-06-23,Plumas,063,18699,721,701,11,712,4
2021-06-23,Riverside,065,2383286,295566,290343,14180,304523,4462
2021-06-23,Sacramento,067,1510023,108213,107868,1837,109705,1671
2021-06-23,San Benito,069,59416,6091,6097,116,6213,63
2021-06-23,San Bernardino,071,2135413,294736,293816,9087,302903,4886
2021-06-23,San Diego,073,3302833,282964,281937,15336,297273,3777
2021-06-23,San Francisco,075,870044,37104,37304,1310,38614,559
2021-06-23,San Joaquin,077,732212,74060,73764,3655,77419,1405
2021-06-23,San Luis Obispo,079,281455,21543,21323,757,22080,257
2021-06-23,San Mateo,081,765935,42723,42756,490,43246,542
2021-06-23,Santa Barbara,083,443738,34612,34505,1145,35650,454
2021-06-23,Santa Clara,085,1922200,119458,120233,784,121017,2098
2021-06-23,Santa Cruz,087,273765,16338,16215,816,17031,209
2021-06-23,Shasta,089,179085,12590,12604,1639,14243,202
2021-06-23,Sierra,091,2930,63,57,12,69,0
2021-06-23,Siskiyou,093,43540,1964,1892,375,2267,28
2021-06-23,Solano,095,438530,33409,33408,573,33981,267
2021-06-23,Sonoma,097,501317,30926,30959,365,31324,314
2021-06-23,Stanislaus,099,539301,57072,56926,6039,62965,1017
2021-06-23,Sutter,101,95872,9615,9653,90,9743,113
2021-06-23,Tehama,103,63373,5151,5119,592,5711,63
2021-06-23,Trinity,105,12862,493,338,99,437,3
2021-06-23,Tulare,107,460477,50455,49711,9173,58884,850
2021-06-23,Tuolumne,109,53932,4073,4120,41,4161,64
2021-06-23,Ventura,111,848112,81770,81312,3040,84352,1032
2021-06-23,Yolo,113,214977,14182,14161,345,14506,212
2021-06-23,Yuba,115,75493,6209,6190,133,6323,51
2021-06-22,Alameda,001,1643700,89334,89308,1993,91301,1263
2021-06-22,Alpine,003,1148,88,88,0,88,0
2021-06-22,Amador,005,37829,3754,3743,33,3776,46
2021-06-22,Butte,007,227075,12783,12662,1864,14526,198
2021-06-22,Calaveras,009,45235,2197,2198,13,2211,55
2021-06-22,Colusa,011,21464,1965,1971,321,2292,15
2021-06-22,Contra Costa,013,1133247,70911,70480,1331,71811,813
2021-06-22,Del Norte,015,27424,1457,1417,13,1430,8
2021-06-22,El Dorado,017,186661,10456,10380,775,11155,113
2021-06-22,Fresno,019,978130,103428,102996,8790,111786,1724
2021-06-22,Glenn,021,27897,2449,2435,569,3004,19
2021-06-22,Humboldt,023,135768,4493,4483,43,4526,42
2021-06-22,Imperial,025,180216,28772,28880,2761,31641,740
2021-06-22,Inyo,027,18085,1411,1405,13,1418,35
2021-06-22,Kern,029,883053,97888,97013,11172,108185,1342
2021-06-22,Kings,031,150075,23267,23098,1109,24207,245
2021-06-22,Lake,033,64148,3588,3564,13,3577,45
2021-06-22,Lassen,035,31185,5273,5254,117,5371,20
2021-06-22,Los Angeles,037,10098052,1211714,1206146,41822,1247968,24461
2021-06-22,Madera,039,155013,16782,16652,950,17602,240
2021-06-22,Marin,041,260295,14203,14174,267,14441,230
2021-06-22,Mariposa,043,17540,441,439,11,450,5
2021-06-22,Mendocino,045,87422,4168,4072,82,4154,49
2021-06-22,Merced,047,269075,31226,31267,1065,32332,464
2021-06-22,Modoc,049,8938,415,405,146,551,3
2021-06-22,Mono,051,14174,1266,1277,18,1295,3
2021-06-22,Monterey,053,433212,43312,43162,1877,45039,427
2021-06-22,Napa,055,140530,10015,10029,39,10068,80
2021-06-22,Nevada,057,99092,4964,4923,195,5118,72
2021-06-22,Orange,059,3164182,256467,255452,11572,267024,5114
2021-06-22,Placer,061,380077,23796,23603,1547,25150,299
2021-06-22,Plumas,063,18699,721,697,11,708,4
2021-06-22,Riverside,065,2383286,295505,289839,14176,304015,4456
2021-06-22,Sacramento,067,1510023,108112,107801,1832,109633,1670
2021-06-22,San Benito,069,59416,6090,6098,116,6214,63
2021-06-22,San Bernardino,071,2135413,294661,293770,9081,302851,4873
2021-06-22,San Diego,073,3302833,282860,281867,15313,297180,3771
2021-06-22,San Francisco,075,870044,37090,37287,1310,38597,556
2021-06-22,San Joaquin,077,732212,74030,73723,3653,77376,1405
2021-06-22,San Luis Obispo,079,281455,21540,21321,756,22077,257
2021-06-22,San Mateo,081,765935,42709,42725,485,43210,542
2021-06-22,Santa Barbara,083,443738,34601,34500,1144,35644,454
2021-06-22,Santa Clara,085,1922200,119426,120194,784,120978,2095
2021-06-22,Santa Cruz,087,273765,16333,16218,816,17034,209
2021-06-22,Shasta,089,179085,12579,12616,1636,14252,202
2021-06-22,Sierra,091,2930,62,57,12,69,0
2021-06-22,Siskiyou,093,43540,1964,1892,375,2267,28
2021-06-22,Solano,095,438530,33391,33397,572,33969,267
2021-06-22,Sonoma,097,501317,30886,30933,365,31298,314
2021-06-22,Stanislaus,099,539301,57056,56915,6037,62952,1017
2021-06-22,Sutter,101,95872,9608,9649,90,9739,113
2021-06-22,Tehama,103,63373,5149,5118,591,5709,63
2021-06-22,Trinity,105,12862,491,337,99,436,3
2021-06-22,Tulare,107,460477,50445,49706,9168,58874,850
2021-06-22,Tuolumne,109,53932,4071,4119,41,4160,64
2021-06-22,Ventura,111,848112,81756,81300,3039,84339,1032
2021-06-22,Yolo,113,214977,14177,14157,343,14500,212
2021-06-22,Yuba,115,75493,6205,6181,133,6314,51
2021-06-21,Alameda,001,1643700,89277,89281,1992,91273,1262
2021-06-21,Alpine,003,1148,88,88,0,88,0
2021-06-21,Amador,005,37829,3748,3742,33,3775,46
2021-06-21,Butte,007,227075,12777,12668,1862,14530,195
2021-06-21,Calaveras,009,45235,2195,2194,13,2207,55
2021-06-21,Colusa,011,21464,1964,1970,320,2290,15
2021-06-21,Contra Costa,013,1133247,70840,70439,1329,71768,813
2021-06-21,Del Norte,015,27424,1453,1416,13,1429,8
2021-06-21,El Dorado,017,186661,10450,10375,774,11149,113
2021-06-21,Fresno,019,978130,103408,102971,8787,111758,1724
2021-06-21,Glenn,021,27897,2448,2433,569,3002,19
2021-06-21,Humboldt,023,135768,4484,4478,42,4520,42
2021-06-21,Imperial,025,180216,28768,28855,2761,31616,740
2021-06-21,Inyo,027,18085,1410,1405,13,1418,35
2021-06-21,Kern,029,883053,97859,96995,11163,108158,1342
2021-06-21,Kings,031,150075,23260,23091,1106,24197,245
2021-06-21,Lake,033,64148,3582,3563,13,3576,45
2021-06-21,Lassen,035,31185,5271,5233,117,5350,19
2021-06-21,Los Angeles,037,10098052,1211421,1205994,41801,1247795,24459
2021-06-21,Madera,039,155013,16773,16647,950,17597,240
2021-06-21,Marin,041,260295,14199,14173,267,14440,230
2021-06-21,Mariposa,043,17540,441,439,11,450,5
2021-06-21,Mendocino,045,87422,4165,4085,82,4167,49
2021-06-21,Merced,047,269075,31216,31264,1064,32328,465
2021-06-21,Modoc,049,8938,415,405,146,551,3
2021-06-21,Mono,051,14174,1266,1277,18,1295,3
2021-06-21,Monterey,053,433212,43309,43157,1877,45034,427
2021-06-21,Napa,055,140530,10010,10028,39,10067,80
2021-06-21,Nevada,057,99092,4960,4921,195,5116,72
2021-06-21,Orange,059,3164182,256394,255400,11565,266965,5113
2021-06-21,Placer,061,380077,23772,23577,1547,25124,298
2021-06-21,Plumas,063,18699,719,697,11,708,4
2021-06-21,Riverside,065,2383286,295429,289797,14171,303968,4456
2021-06-21,Sacramento,067,1510023,108001,107757,1831,109588,1669
2021-06-21,San Benito,069,59416,6086,6098,116,6214,63
2021-06-21,San Bernardino,071,2135413,294574,293736,9077,302813,4850
2021-06-21,San Diego,073,3302833,282755,281811,15293,297104,3771
2021-06-21,San Francisco,075,870044,37074,37275,1309,38584,556
2021-06-21,San Joaquin,077,732212,73989,73687,3652,77339,1405
2021-06-21,San Luis Obispo,079,281455,21531,21316,756,22072,257
2021-06-21,San Mateo,081,765935,42693,42685,484,43169,542
2021-06-21,Santa Barbara,083,443738,34596,34492,1144,35636,455
2021-06-21,Santa Clara,085,1922200,119393,120192,783,120975,2093
2021-06-21,Santa Cruz,087,273765,16331,16212,816,17028,208
2021-06-21,Shasta,089,179085,12566,12617,1633,14250,201
2021-06-21,Sierra,091,2930,62,57,12,69,0
2021-06-21,Siskiyou,093,43540,1964,1892,375,2267,27
2021-06-21,Solano,095,438530,33368,33383,571,33954,266
2021-06-21,Sonoma,097,501317,30863,30912,365,31277,314
2021-06-21,Stanislaus,099,539301,57026,56891,6032,62923,1017
2021-06-21,Sutter,101,95872,9605,9649,90,9739,113
2021-06-21,Tehama,103,63373,5149,5115,590,5705,63
2021-06-21,Trinity,105,12862,491,337,99,436,3
2021-06-21,Tulare,107,460477,50434,49689,9164,58853,849
2021-06-21,Tuolumne,109,53932,4067,4119,41,4160,63
2021-06-21,Ventura,111,848112,81728,81291,3035,84326,1031
2021-06-21,Yolo,113,214977,14171,14165,343,14508,212
2021-06-21,Yuba,115,75493,6204,6172,133,6305,51
2021-06-20,Alameda,001,1643700,89212,89255,1991,91246,1263
2021-06-20,Alpine,003,1148,88,88,0,88,0
2021-06-20,Amador,005,37829,3745,3740,33,3773,46
2021-06-20,Butte,007,227075,12770,12668,1861,14529,194
2021-06-20,Calaveras,009,45235,2194,2193,13,2206,55
2021-06-20,Colusa,011,21464,1964,1970,320,2290,15
2021-06-20,Contra Costa,013,1133247,70783,70401,1327,71728,813
2021-06-20,Del Norte,015,27424,1449,1416,13,1429,8
2021-06-20,El Dorado,017,186661,10436,10372,771,11143,113
2021-06-20,Fresno,019,978130,103367,102947,8784,111731,1724
2021-06-20,Glenn,021,27897,2448,2434,569,3003,19
2021-06-20,Humboldt,023,135768,4478,4472,42,4514,42
2021-06-20,Imperial,025,180216,28759,28855,2761,31616,740
2021-06-20,Inyo,027,18085,1409,1405,13,1418,35
2021-06-20,Kern,029,883053,97838,96985,11152,108137,1342
2021-06-20,Kings,031,150075,23255,23088,1104,24192,245
2021-06-20,Lake,033,64148,3580,3563,13,3576,45
2021-06-20,Lassen,035,31185,5268,5230,117,5347,19
2021-06-20,Los Angeles,037,10098052,1211118,1205874,41793,1247667,24456
2021-06-20,Madera,039,155013,16765,16638,948,17586,240
2021-06-20,Marin,041,260295,14196,14166,267,14433,230
2021-06-20,Mariposa,043,17540,439,439,11,450,5
2021-06-20,Mendocino,045,87422,4158,4080,82,4162,49
2021-06-20,Merced,047,269075,31203,31265,1064,32329,465
2021-06-20,Modoc,049,8938,415,405,146,551,3
2021-06-20,Mono,051,14174,1266,1275,18,1293,3
2021-06-20,Monterey,053,433212,43300,43156,1876,45032,427
2021-06-20,Napa,055,140530,10003,10026,38,10064,80
2021-06-20,Nevada,057,99092,4953,4919,195,5114,72
2021-06-20,Orange,059,3164182,256330,255377,11554,266931,5113
2021-06-20,Placer,061,380077,23738,23562,1543,25105,298
2021-06-20,Plumas,063,18699,718,697,11,708,4
2021-06-20,Riverside,065,2383286,295350,289770,14160,303930,4456
2021-06-20,Sacramento,067,1510023,107890,107700,1828,109528,1669
2021-06-20,San Benito,069,59416,6086,6098,116,6214,63
2021-06-20,San Bernardino,071,2135413,294474,293713,9073,302786,4845
2021-06-20,San Diego,073,3302833,282649,281750,15271,297021,3771
2021-06-20,San Francisco,075,870044,37051,37269,1309,38578,556
2021-06-20,San Joaquin,077,732212,73944,73676,3643,77319,1405
2021-06-20,San Luis Obispo,079,281455,21529,21313,756,22069,257
2021-06-20,San Mateo,081,765935,42664,42681,484,43165,542
2021-06-20,Santa Barbara,083,443738,34587,34487,1144,35631,455
2021-06-20,Santa Clara,085,1922200,119358,120163,783,120946,2093
2021-06-20,Santa Cruz,087,273765,16325,16210,816,17026,208
2021-06-20,Shasta,089,179085,12561,12617,1631,14248,201
2021-06-20,Sierra,091,2930,62,57,12,69,0
2021-06-20,Siskiyou,093,43540,1963,1891,375,2266,27
2021-06-20,Solano,095,438530,33346,33361,569,33930,266
2021-06-20,Sonoma,097,501317,30816,30884,362,31246,314
2021-06-20,Stanislaus,099,539301,56994,56868,6031,62899,1017
2021-06-20,Sutter,101,95872,9602,9645,90,9735,113
2021-06-20,Tehama,103,63373,5145,5115,590,5705,63
2021-06-20,Trinity,105,12862,491,337,99,436,3
2021-06-20,Tulare,107,460477,50425,49685,9162,58847,849
2021-06-20,Tuolumne,109,53932,4064,4117,41,4158,63
2021-06-20,Ventura,111,848112,81712,81282,3033,84315,1031
2021-06-20,Yolo,113,214977,14164,14160,343,14503,212
2021-06-20,Yuba,115,75493,6197,6167,133,6300,51
2021-06-19,Alameda,001,1643700,89177,89202,1991,91193,1263
2021-06-19,Alpine,003,1148,88,88,0,88,0
2021-06-19,Amador,005,37829,3743,3739,33,3772,46
2021-06-19,Butte,007,227075,12766,12659,1861,14520,194
2021-06-19,Calaveras,009,45235,2194,2192,13,2205,55
2021-06-19,Colusa,011,21464,1964,1969,320,2289,15
2021-06-19,Contra Costa,013,1133247,70752,70334,1326,71660,813
2021-06-19,Del Norte,015,27424,1448,1416,13,1429,8
2021-06-19,El Dorado,017,186661,10435,10363,770,11133,113
2021-06-19,Fresno,019,978130,103354,102922,8781,111703,1724
2021-06-19,Glenn,021,27897,2447,2434,568,3002,19
2021-06-19,Humboldt,023,135768,4467,4463,42,4505,42
2021-06-19,Imperial,025,180216,28758,28813,2761,31574,740
2021-06-19,Inyo,027,18085,1409,1405,13,1418,35
2021-06-19,Kern,029,883053,97822,96966,11148,108114,1342
2021-06-19,Kings,031,150075,23252,23086,1104,24190,245
2021-06-19,Lake,033,64148,3576,3563,13,3576,45
2021-06-19,Lassen,035,31185,5267,5225,117,5342,19
2021-06-19,Los Angeles,037,10098052,1210914,1205602,41778,1247380,24454
2021-06-19,Madera,039,155013,16763,16632,948,17580,240
2021-06-19,Marin,041,260295,14188,14152,267,14419,230
2021-06-19,Mariposa,043,17540,439,439,11,450,5
2021-06-19,Mendocino,045,87422,4152,4077,82,4159,49
2021-06-19,Merced,047,269075,31201,31256,1064,32320,465
2021-06-19,Modoc,049,8938,414,402,146,548,3
2021-06-19,Mono,051,14174,1266,1275,18,1293,3
2021-06-19,Monterey,053,433212,43294,43153,1876,45029,427
2021-06-19,Napa,055,140530,9999,10025,38,10063,80
2021-06-19,Nevada,057,99092,4948,4910,195,5105,72
2021-06-19,Orange,059,3164182,256283,255329,11551,266880,5112
2021-06-19,Placer,061,380077,23722,23537,1540,25077,298
2021-06-19,Plumas,063,18699,717,697,11,708,4
2021-06-19,Riverside,065,2383286,295304,289720,14160,303880,4456
2021-06-19,Sacramento,067,1510023,107844,107631,1825,109456,1669
2021-06-19,San Benito,069,59416,6085,6098,116,6214,63
2021-06-19,San Bernardino,071,2135413,294430,293673,9070,302743,4844
2021-06-19,San Diego,073,3302833,282589,281682,15257,296939,3771
2021-06-19,San Francisco,075,870044,37038,37256,1309,38565,556
2021-06-19,San Joaquin,077,732212,73928,73652,3639,77291,1405
2021-06-19,San Luis Obispo,079,281455,21527,21308,755,22063,257
2021-06-19,San Mateo,081,765935,42646,42646,482,43128,542
2021-06-19,Santa Barbara,083,443738,34585,34472,1144,35616,455
2021-06-19,Santa Clara,085,1922200,119335,120110,782,120892,2093
2021-06-19,Santa Cruz,087,273765,16320,16206,816,17022,208
2021-06-19,Shasta,089,179085,12559,12615,1630,14245,201
2021-06-19,Sierra,091,2930,62,57,12,69,0
2021-06-19,Siskiyou,093,43540,1963,1891,374,2265,27
2021-06-19,Solano,095,438530,33336,33341,568,33909,266
2021-06-19,Sonoma,097,501317,30775,30841,361,31202,314
2021-06-19,Stanislaus,099,539301,56975,56847,6028,62875,1017
2021-06-19,Sutter,101,95872,9599,9645,90,9735,113
2021-06-19,Tehama,103,63373,5144,5115,590,5705,63
2021-06-19,Trinity,105,12862,491,337,99,436,3
2021-06-19,Tulare,107,460477,50418,49681,9157,58838,849
2021-06-19,Tuolumne,109,53932,4064,4117,41,4158,63
2021-06-19,Ventura,111,848112,81699,81270,3032,84302,1031
2021-06-19,Yolo,113,214977,14160,14156,342,14498,212
2021-06-19,Yuba,115,75493,6196,6157,133,6290,51
2021-06-18,Alameda,001,1643700,89140,89123,1991,91114,1263
2021-06-18,Alpine,003,1148,88,88,0,88,0
2021-06-18,Amador,005,37829,3743,3739,33,3772,46
2021-06-18,Butte,007,227075,12763,12653,1858,14511,194
2021-06-18,Calaveras,009,45235,2194,2191,13,2204,55
2021-06-18,Colusa,011,21464,1963,1969,320,2289,15
2021-06-18,Contra Costa,013,1133247,70710,70271,1324,71595,813
2021-06-18,Del Norte,015,27424,1448,1415,13,1428,8
2021-06-18,El Dorado,017,186661,10432,10348,768,11116,113
2021-06-18,Fresno,019,978130,103338,102894,8779,111673,1722
2021-06-18,Glenn,021,27897,2446,2430,568,2998,19
2021-06-18,Humboldt,023,135768,4459,4450,42,4492,42
2021-06-18,Imperial,025,180216,28756,28809,2761,31570,740
2021-06-18,Inyo,027,18085,1409,1405,13,1418,35
2021-06-18,Kern,029,883053,97811,96948,11142,108090,1341
2021-06-18,Kings,031,150075,23247,23082,1104,24186,245
2021-06-18,Lake,033,64148,3572,3563,13,3576,45
2021-06-18,Lassen,035,31185,5266,5224,117,5341,19
2021-06-18,Los Angeles,037,10098052,1210755,1205472,41761,1247233,24451
2021-06-18,Madera,039,155013,16757,16625,948,17573,241
2021-06-18,Marin,041,260295,14185,14147,267,14414,230
2021-06-18,Mariposa,043,17540,439,439,11,450,5
2021-06-18,Mendocino,045,87422,4147,4068,82,4150,49
2021-06-18,Merced,047,269075,31199,31262,1064,32326,464
2021-06-18,Modoc,049,8938,414,402,146,548,3
2021-06-18,Mono,051,14174,1265,1275,17,1292,3
2021-06-18,Monterey,053,433212,43291,43148,1876,45024,427
2021-06-18,Napa,055,140530,9995,10021,38,10059,80
2021-06-18,Nevada,057,99092,4940,4903,195,5098,72
2021-06-18,Orange,059,3164182,256246,255274,11548,266822,5108
2021-06-18,Placer,061,380077,23714,23500,1537,25037,298
2021-06-18,Plumas,063,18699,717,697,11,708,4
2021-06-18,Riverside,065,2383286,295256,289676,14159,303835,4457
2021-06-18,Sacramento,067,1510023,107796,107570,1825,109395,1669
2021-06-18,San Benito,069,59416,6084,6097,116,6213,63
2021-06-18,San Bernardino,071,2135413,294385,293629,9066,302695,4826
2021-06-18,San Diego,073,3302833,282513,281608,15246,296854,3771
2021-06-18,San Francisco,075,870044,37029,37246,1309,38555,556
2021-06-18,San Joaquin,077,732212,73910,73623,3637,77260,1403
2021-06-18,San Luis Obispo,079,281455,21523,21301,754,22055,257
2021-06-18,San Mateo,081,765935,42635,42630,481,43111,542
2021-06-18,Santa Barbara,083,443738,34575,34469,1144,35613,455
2021-06-18,Santa Clara,085,1922200,119314,120081,780,120861,2093
2021-06-18,Santa Cruz,087,273765,16316,16202,816,17018,208
2021-06-18,Shasta,089,179085,12555,12607,1628,14235,201
2021-06-18,Sierra,091,2930,61,57,12,69,0
2021-06-18,Siskiyou,093,43540,1963,1890,374,2264,27
2021-06-18,Solano,095,438530,33322,33323,568,33891,266
2021-06-18,Sonoma,097,501317,30757,30816,360,31176,313
2021-06-18,Stanislaus,099,539301,56960,56803,6026,62829,1012
2021-06-18,Sutter,101,95872,9596,9643,90,9733,113
2021-06-18,Tehama,103,63373,5142,5114,590,5704,63
2021-06-18,Trinity,105,12862,491,337,98,435,3
2021-06-18,Tulare,107,460477,50416,49664,9150,58814,849
2021-06-18,Tuolumne,109,53932,4062,4116,41,4157,63
2021-06-18,Ventura,111,848112,81689,81256,3027,84283,1031
2021-06-18,Yolo,113,214977,14157,14148,340,14488,212
2021-06-18,Yuba,115,75493,6190,6150,133,6283,51
2021-06-17,Alameda,001,1643700,89093,89087,1991,91078,1262
2021-06-17,Alpine,003,1148,88,88,0,88,0
2021-06-17,Amador,005,37829,3741,3731,33,3764,46
2021-06-17,Butte,007,227075,12753,12644,1857,14501,194
2021-06-17,Calaveras,009,45235,2193,2189,13,2202,55
2021-06-17,Colusa,011,21464,1962,1969,320,2289,15
2021-06-17,Contra Costa,013,1133247,70671,70190,1320,71510,810
2021-06-17,Del Norte,015,27424,1446,1413,13,1426,8
2021-06-17,El Dorado,017,186661,10422,10341,768,11109,113
2021-06-17,Fresno,019,978130,103312,102867,8775,111642,1722
2021-06-17,Glenn,021,27897,2446,2430,568,2998,19
2021-06-17,Humboldt,023,135768,4450,4438,42,4480,42
2021-06-17,Imperial,025,180216,28748,28801,2761,31562,741
2021-06-17,Inyo,027,18085,1409,1405,13,1418,35
2021-06-17,Kern,029,883053,97796,96840,11136,107976,1340
2021-06-17,Kings,031,150075,23243,23078,1103,24181,245
2021-06-17,Lake,033,64148,3569,3563,9,3572,45
2021-06-17,Lassen,035,31185,5262,5223,117,5340,19
2021-06-17,Los Angeles,037,10098052,1210542,1205301,41732,1247033,24444
2021-06-17,Madera,039,155013,16752,16618,948,17566,241
2021-06-17,Marin,041,260295,14185,14141,267,14408,229
2021-06-17,Mariposa,043,17540,439,439,11,450,5
2021-06-17,Mendocino,045,87422,4140,4054,82,4136,49
2021-06-17,Merced,047,269075,31194,31262,1064,32326,464
2021-06-17,Modoc,049,8938,413,401,146,547,3
2021-06-17,Mono,051,14174,1264,1275,17,1292,3
2021-06-17,Monterey,053,433212,43283,43140,1876,45016,416
2021-06-17,Napa,055,140530,9995,10014,38,10052,80
2021-06-17,Nevada,057,99092,4936,4898,195,5093,72
2021-06-17,Orange,059,3164182,256200,255240,11537,266777,5109
2021-06-17,Placer,061,380077,23698,23461,1535,24996,298
2021-06-17,Plumas,063,18699,716,697,11,708,4
2021-06-17,Riverside,065,2383286,295202,289627,14157,303784,4458
2021-06-17,Sacramento,067,1510023,107731,107492,1823,109315,1666
2021-06-17,San Benito,069,59416,6084,6097,116,6213,63
2021-06-17,San Bernardino,071,2135413,294344,293560,9066,302626,4811
2021-06-17,San Diego,073,3302833,282437,281531,15232,296763,3771
2021-06-17,San Francisco,075,870044,37018,37243,1308,38551,556
2021-06-17,San Joaquin,077,732212,73887,73560,3632,77192,1403
2021-06-17,San Luis Obispo,079,281455,21521,21297,754,22051,257
2021-06-17,San Mateo,081,765935,42629,42615,481,43096,542
2021-06-17,Santa Barbara,083,443738,34569,34466,1144,35610,453
2021-06-17,Santa Clara,085,1922200,119289,120032,779,120811,2093
2021-06-17,Santa Cruz,087,273765,16312,16197,816,17013,208
2021-06-17,Shasta,089,179085,12547,12597,1628,14225,201
2021-06-17,Sierra,091,2930,61,56,12,68,0
2021-06-17,Siskiyou,093,43540,1962,1889,374,2263,27
2021-06-17,Solano,095,438530,33301,33296,567,33863,266
2021-06-17,Sonoma,097,501317,30727,30793,360,31153,323
2021-06-17,Stanislaus,099,539301,56929,56752,6021,62773,1012
2021-06-17,Sutter,101,95872,9593,9629,90,9719,113
2021-06-17,Tehama,103,63373,5141,5112,588,5700,63
2021-06-17,Trinity,105,12862,490,337,98,435,3
2021-06-17,Tulare,107,460477,50411,49649,9142,58791,849
2021-06-17,Tuolumne,109,53932,4061,4116,41,4157,63
2021-06-17,Ventura,111,848112,81680,81248,3024,84272,1030
2021-06-17,Yolo,113,214977,14149,14141,340,14481,212
2021-06-17,Yuba,115,75493,6181,6140,133,6273,51
2021-06-16,Alameda,001,1643700,89044,89045,1990,91035,1265
2021-06-16,Alpine,003,1148,88,88,0,88,0
2021-06-16,Amador,005,37829,3740,3730,33,3763,46
2021-06-16,Butte,007,227075,12751,12635,1855,14490,194
2021-06-16,Calaveras,009,45235,2191,2188,13,2201,55
2021-06-16,Colusa,011,21464,1962,1967,320,2287,15
2021-06-16,Contra Costa,013,1133247,70619,70136,1319,71455,810
2021-06-16,Del Norte,015,27424,1443,1413,13,1426,8
2021-06-16,El Dorado,017,186661,10416,10334,767,11101,113
2021-06-16,Fresno,019,978130,103282,102842,8771,111613,1722
2021-06-16,Glenn,021,27897,2446,2430,568,2998,19
2021-06-16,Humboldt,023,135768,4441,4427,41,4468,42
2021-06-16,Imperial,025,180216,28745,28796,2761,31557,741
2021-06-16,Inyo,027,18085,1408,1405,13,1418,35
2021-06-16,Kern,029,883053,97774,96789,11129,107918,1339
2021-06-16,Kings,031,150075,23242,23072,1102,24174,245
2021-06-16,Lake,033,64148,3569,3562,9,3571,45
2021-06-16,Lassen,035,31185,5259,5216,117,5333,19
2021-06-16,Los Angeles,037,10098052,1210317,1205102,41722,1246824,24439
2021-06-16,Madera,039,155013,16748,16603,948,17551,240
2021-06-16,Marin,041,260295,14183,14137,267,14404,229
2021-06-16,Mariposa,043,17540,439,437,11,448,5
2021-06-16,Mendocino,045,87422,4132,4041,82,4123,49
2021-06-16,Merced,047,269075,31186,31250,1064,32314,463
2021-06-16,Modoc,049,8938,412,383,145,528,3
2021-06-16,Mono,051,14174,1264,1275,17,1292,3
2021-06-16,Monterey,053,433212,43280,43122,1876,44998,416
2021-06-16,Napa,055,140530,9991,10011,38,10049,80
2021-06-16,Nevada,057,99092,4931,4894,195,5089,72
2021-06-16,Orange,059,3164182,256146,255188,11529,266717,5109
2021-06-16,Placer,061,380077,23688,23425,1531,24956,298
2021-06-16,Plumas,063,18699,716,697,11,708,4
2021-06-16,Riverside,065,2383286,295141,289539,14155,303694,4457
2021-06-16,Sacramento,067,1510023,107661,107422,1819,109241,1665
2021-06-16,San Benito,069,59416,6084,6090,116,6206,63
2021-06-16,San Bernardino,071,2135413,294295,293499,9064,302563,4797
2021-06-16,San Diego,073,3302833,282358,281423,15219,296642,3770
2021-06-16,San Francisco,075,870044,37005,37222,1306,38528,555
2021-06-16,San Joaquin,077,732212,73848,73530,3628,77158,1399
2021-06-16,San Luis Obispo,079,281455,21516,21294,754,22048,257
2021-06-16,San Mateo,081,765935,42613,42601,481,43082,542
2021-06-16,Santa Barbara,083,443738,34563,34459,1144,35603,460
2021-06-16,Santa Clara,085,1922200,119257,119982,779,120761,2087
2021-06-16,Santa Cruz,087,273765,16309,16187,816,17003,208
2021-06-16,Shasta,089,179085,12542,12592,1627,14219,200
2021-06-16,Sierra,091,2930,61,56,12,68,0
2021-06-16,Siskiyou,093,43540,1961,1886,374,2260,26
2021-06-16,Solano,095,438530,33273,33276,567,33843,266
2021-06-16,Sonoma,097,501317,30691,30741,360,31101,323
2021-06-16,Stanislaus,099,539301,56898,56738,6019,62757,984
2021-06-16,Sutter,101,95872,9589,9620,90,9710,113
2021-06-16,Tehama,103,63373,5139,5106,588,5694,63
2021-06-16,Trinity,105,12862,489,332,98,430,3
2021-06-16,Tulare,107,460477,50406,49578,9138,58716,849
2021-06-16,Tuolumne,109,53932,4061,4110,41,4151,63
2021-06-16,Ventura,111,848112,81666,81229,3022,84251,1029
2021-06-16,Yolo,113,214977,14140,14135,339,14474,212
2021-06-16,Yuba,115,75493,6171,6134,133,6267,51
2021-06-15,Alameda,001,1643700,89002,89008,1990,90998,1262
2021-06-15,Alpine,003,1148,88,88,0,88,0
2021-06-15,Amador,005,37829,3737,3723,33,3756,46
2021-06-15,Butte,007,227075,12743,12620,1854,14474,194
2021-06-15,Calaveras,009,45235,2190,2188,13,2201,55
2021-06-15,Colusa,011,21464,1962,1967,318,2285,15
2021-06-15,Contra Costa,013,1133247,70557,70101,1319,71420,810
2021-06-15,Del Norte,015,27424,1442,1411,13,1424,8
2021-06-15,El Dorado,017,186661,10407,10330,767,11097,113
2021-06-15,Fresno,019,978130,103250,102828,8770,111598,1722
2021-06-15,Glenn,021,27897,2445,2426,568,2994,19
2021-06-15,Humboldt,023,135768,4432,4414,40,4454,42
2021-06-15,Imperial,025,180216,28739,28789,2761,31550,741
2021-06-15,Inyo,027,18085,1408,1405,13,1418,35
2021-06-15,Kern,029,883053,97746,96782,11121,107903,1338
2021-06-15,Kings,031,150075,23236,23070,1100,24170,245
2021-06-15,Lake,033,64148,3568,3559,9,3568,45
2021-06-15,Lassen,035,31185,5258,5211,117,5328,19
2021-06-15,Los Angeles,037,10098052,1210083,1204926,41714,1246640,24435
2021-06-15,Madera,039,155013,16741,16600,947,17547,240
2021-06-15,Marin,041,260295,14175,14135,267,14402,229
2021-06-15,Mariposa,043,17540,439,437,11,448,5
2021-06-15,Mendocino,045,87422,4125,4034,82,4116,49
2021-06-15,Merced,047,269075,31180,31244,1064,32308,461
2021-06-15,Modoc,049,8938,411,383,145,528,3
2021-06-15,Mono,051,14174,1264,1275,17,1292,3
2021-06-15,Monterey,053,433212,43274,43118,1876,44994,416
2021-06-15,Napa,055,140530,9989,10010,38,10048,80
2021-06-15,Nevada,057,99092,4928,4888,195,5083,72
2021-06-15,Orange,059,3164182,256105,255127,11520,266647,5105
2021-06-15,Placer,061,380077,23666,23396,1530,24926,298
2021-06-15,Plumas,063,18699,715,697,11,708,4
2021-06-15,Riverside,065,2383286,295081,289508,14151,303659,4455
2021-06-15,Sacramento,067,1510023,107586,107370,1813,109183,1662
2021-06-15,San Benito,069,59416,6083,6089,116,6205,63
2021-06-15,San Bernardino,071,2135413,294245,293463,9058,302521,4790
2021-06-15,San Diego,073,3302833,282274,281375,15204,296579,3770
2021-06-15,San Francisco,075,870044,36996,37210,1305,38515,555
2021-06-15,San Joaquin,077,732212,73808,73494,3623,77117,1399
2021-06-15,San Luis Obispo,079,281455,21511,21293,753,22046,257
2021-06-15,San Mateo,081,765935,42600,42593,481,43074,543
2021-06-15,Santa Barbara,083,443738,34558,34451,1144,35595,460
2021-06-15,Santa Clara,085,1922200,119219,119963,779,120742,2086
2021-06-15,Santa Cruz,087,273765,16303,16180,815,16995,208
2021-06-15,Shasta,089,179085,12536,12583,1627,14210,201
2021-06-15,Sierra,091,2930,60,55,12,67,0
2021-06-15,Siskiyou,093,43540,1960,1887,374,2261,26
2021-06-15,Solano,095,438530,33254,33264,567,33831,266
2021-06-15,Sonoma,097,501317,30652,30707,359,31066,323
2021-06-15,Stanislaus,099,539301,56870,56724,6016,62740,979
2021-06-15,Sutter,101,95872,9580,9616,90,9706,113
2021-06-15,Tehama,103,63373,5137,5102,588,5690,63
2021-06-15,Trinity,105,12862,488,332,97,429,3
2021-06-15,Tulare,107,460477,50399,49561,9135,58696,848
2021-06-15,Tuolumne,109,53932,4061,4111,41,4152,63
2021-06-15,Ventura,111,848112,81655,81215,3019,84234,1029
2021-06-15,Yolo,113,214977,14136,14127,337,14464,212
2021-06-15,Yuba,115,75493,6160,6130,133,6263,51
2021-06-14,Alameda,001,1643700,88953,88966,1990,90956,1264
2021-06-14,Alpine,003,1148,88,88,0,88,0
2021-06-14,Amador,005,37829,3736,3722,33,3755,46
2021-06-14,Butte,007,227075,12732,12613,1850,14463,194
2021-06-14,Calaveras,009,45235,2189,2190,13,2203,55
2021-06-14,Colusa,011,21464,1961,1966,318,2284,15
2021-06-14,Contra Costa,013,1133247,70504,70069,1317,71386,810
2021-06-14,Del Norte,015,27424,1442,1411,13,1424,8
2021-06-14,El Dorado,017,186661,10398,10327,765,11092,113
2021-06-14,Fresno,019,978130,103228,102812,8768,111580,1719
2021-06-14,Glenn,021,27897,2445,2426,568,2994,19
2021-06-14,Humboldt,023,135768,4424,4407,39,4446,42
2021-06-14,Imperial,025,180216,28727,28836,2761,31597,741
2021-06-14,Inyo,027,18085,1407,1405,13,1418,35
2021-06-14,Kern,029,883053,97726,96760,11111,107871,1337
2021-06-14,Kings,031,150075,23233,23071,1099,24170,245
2021-06-14,Lake,033,64148,3567,3557,9,3566,45
2021-06-14,Lassen,035,31185,5255,5209,116,5325,19
2021-06-14,Los Angeles,037,10098052,1209845,1204748,41704,1246452,24434
2021-06-14,Madera,039,155013,16735,16597,946,17543,240
2021-06-14,Marin,041,260295,14173,14133,267,14400,229
2021-06-14,Mariposa,043,17540,438,437,11,448,5
2021-06-14,Mendocino,045,87422,4119,4028,82,4110,49
2021-06-14,Merced,047,269075,31171,31241,1063,32304,461
2021-06-14,Modoc,049,8938,402,382,143,525,3
2021-06-14,Mono,051,14174,1264,1275,17,1292,3
2021-06-14,Monterey,053,433212,43271,43110,1876,44986,415
2021-06-14,Napa,055,140530,9985,10000,38,10038,80
2021-06-14,Nevada,057,99092,4921,4885,195,5080,72
2021-06-14,Orange,059,3164182,256067,255069,11515,266584,5103
2021-06-14,Placer,061,380077,23641,23379,1529,24908,298
2021-06-14,Plumas,063,18699,715,696,11,707,4
2021-06-14,Riverside,065,2383286,295027,289476,14151,303627,4453
2021-06-14,Sacramento,067,1510023,107532,107334,1808,109142,1661
2021-06-14,San Benito,069,59416,6083,6087,116,6203,63
2021-06-14,San Bernardino,071,2135413,294189,293446,9054,302500,4790
2021-06-14,San Diego,073,3302833,282168,281314,15184,296498,3770
2021-06-14,San Francisco,075,870044,36983,37206,1305,38511,555
2021-06-14,San Joaquin,077,732212,73779,73453,3623,77076,1398
2021-06-14,San Luis Obispo,079,281455,21509,21302,753,22055,256
2021-06-14,San Mateo,081,765935,42587,42619,480,43099,543
2021-06-14,Santa Barbara,083,443738,34555,34449,1144,35593,460
2021-06-14,Santa Clara,085,1922200,119188,119957,778,120735,2085
2021-06-14,Santa Cruz,087,273765,16300,16175,815,16990,208
2021-06-14,Shasta,089,179085,12525,12561,1624,14185,201
2021-06-14,Sierra,091,2930,59,55,12,67,0
2021-06-14,Siskiyou,093,43540,1960,1886,374,2260,26
2021-06-14,Solano,095,438530,33237,33243,566,33809,266
2021-06-14,Sonoma,097,501317,30620,30679,358,31037,323
2021-06-14,Stanislaus,099,539301,56834,56689,6013,62702,975
2021-06-14,Sutter,101,95872,9577,9607,90,9697,112
2021-06-14,Tehama,103,63373,5135,5102,588,5690,63
2021-06-14,Trinity,105,12862,488,332,97,429,3
2021-06-14,Tulare,107,460477,50394,49538,9132,58670,848
2021-06-14,Tuolumne,109,53932,4058,4108,41,4149,63
2021-06-14,Ventura,111,848112,81645,81209,3019,84228,1028
2021-06-14,Yolo,113,214977,14128,14123,337,14460,212
2021-06-14,Yuba,115,75493,6153,6127,133,6260,50
2021-06-13,Alameda,001,1643700,88896,88947,1989,90936,1264
2021-06-13,Alpine,003,1148,87,88,0,88,0
2021-06-13,Amador,005,37829,3732,3721,33,3754,46
2021-06-13,Butte,007,227075,12721,12586,1847,14433,194
2021-06-13,Calaveras,009,45235,2189,2189,13,2202,55
2021-06-13,Colusa,011,21464,1961,1965,317,2282,15
2021-06-13,Contra Costa,013,1133247,70450,70040,1315,71355,810
2021-06-13,Del Norte,015,27424,1440,1412,13,1425,8
2021-06-13,El Dorado,017,186661,10389,10324,765,11089,113
2021-06-13,Fresno,019,978130,103197,102795,8763,111558,1719
2021-06-13,Glenn,021,27897,2444,2425,566,2991,19
2021-06-13,Humboldt,023,135768,4411,4401,39,4440,42
2021-06-13,Imperial,025,180216,28718,28800,2761,31561,741
2021-06-13,Inyo,027,18085,1407,1405,13,1418,35
2021-06-13,Kern,029,883053,97702,96743,11099,107842,1337
2021-06-13,Kings,031,150075,23228,23069,1098,24167,245
2021-06-13,Lake,033,64148,3567,3556,9,3565,45
2021-06-13,Lassen,035,31185,5250,5209,116,5325,19
2021-06-13,Los Angeles,037,10098052,1209581,1204614,41691,1246305,24433
2021-06-13,Madera,039,155013,16721,16590,946,17536,240
2021-06-13,Marin,041,260295,14167,14126,267,14393,229
2021-06-13,Mariposa,043,17540,438,434,11,445,5
2021-06-13,Mendocino,045,87422,4112,4026,82,4108,49
2021-06-13,Merced,047,269075,31165,31240,1062,32302,461
2021-06-13,Modoc,049,8938,400,382,141,523,3
2021-06-13,Mono,051,14174,1264,1275,17,1292,3
2021-06-13,Monterey,053,433212,43263,43108,1876,44984,415
2021-06-13,Napa,055,140530,9979,9995,38,10033,80
2021-06-13,Nevada,057,99092,4916,4883,195,5078,72
2021-06-13,Orange,059,3164182,256012,255043,11512,266555,5103
2021-06-13,Placer,061,380077,23615,23365,1527,24892,295
2021-06-13,Plumas,063,18699,714,696,11,707,4
2021-06-13,Riverside,065,2383286,294960,289447,14148,303595,4453
2021-06-13,Sacramento,067,1510023,107456,107289,1805,109094,1658
2021-06-13,San Benito,069,59416,6083,6086,116,6202,63
2021-06-13,San Bernardino,071,2135413,294137,293416,9049,302465,4788
2021-06-13,San Diego,073,3302833,282089,281268,15168,296436,3770
2021-06-13,San Francisco,075,870044,36970,37197,1305,38502,555
2021-06-13,San Joaquin,077,732212,73743,73438,3621,77059,1398
2021-06-13,San Luis Obispo,079,281455,21503,21298,752,22050,256
2021-06-13,San Mateo,081,765935,42574,42611,480,43091,542
2021-06-13,Santa Barbara,083,443738,34544,34449,1143,35592,460
2021-06-13,Santa Clara,085,1922200,119164,119946,778,120724,2085
2021-06-13,Santa Cruz,087,273765,16293,16172,815,16987,208
2021-06-13,Shasta,089,179085,12516,12560,1623,14183,201
2021-06-13,Sierra,091,2930,59,55,12,67,0
2021-06-13,Siskiyou,093,43540,1959,1885,374,2259,26
2021-06-13,Solano,095,438530,33216,33234,566,33800,266
2021-06-13,Sonoma,097,501317,30585,30663,356,31019,323
2021-06-13,Stanislaus,099,539301,56808,56671,6010,62681,975
2021-06-13,Sutter,101,95872,9570,9603,90,9693,112
2021-06-13,Tehama,103,63373,5133,5100,588,5688,63
2021-06-13,Trinity,105,12862,487,332,97,429,3
2021-06-13,Tulare,107,460477,50385,49537,9127,58664,848
2021-06-13,Tuolumne,109,53932,4056,4107,40,4147,63
2021-06-13,Ventura,111,848112,81631,81201,3019,84220,1028
2021-06-13,Yolo,113,214977,14119,14120,335,14455,212
2021-06-13,Yuba,115,75493,6146,6125,133,6258,50
2021-06-12,Alameda,001,1643700,88869,88901,1989,90890,1271
2021-06-12,Alpine,003,1148,87,88,0,88,0
2021-06-12,Amador,005,37829,3731,3721,33,3754,46
2021-06-12,Butte,007,227075,12717,12576,1847,14423,194
2021-06-12,Calaveras,009,45235,2189,2189,13,2202,55
2021-06-12,Colusa,011,21464,1961,1965,317,2282,15
2021-06-12,Contra Costa,013,1133247,70419,69989,1312,71301,810
2021-06-12,Del Norte,015,27424,1440,1412,13,1425,8
2021-06-12,El Dorado,017,186661,10384,10320,764,11084,113
2021-06-12,Fresno,019,978130,103187,102783,8762,111545,1720
2021-06-12,Glenn,021,27897,2442,2425,566,2991,19
2021-06-12,Humboldt,023,135768,4403,4396,39,4435,42
2021-06-12,Imperial,025,180216,28715,28799,2761,31560,741
2021-06-12,Inyo,027,18085,1407,1405,13,1418,35
2021-06-12,Kern,029,883053,97687,96731,11095,107826,1337
2021-06-12,Kings,031,150075,23226,23067,1098,24165,245
2021-06-12,Lake,033,64148,3566,3552,9,3561,45
2021-06-12,Lassen,035,31185,5250,5208,116,5324,19
2021-06-12,Los Angeles,037,10098052,1209441,1204439,41685,1246124,24434
2021-06-12,Madera,039,155013,16717,16586,946,17532,240
2021-06-12,Marin,041,260295,14164,14121,267,14388,229
2021-06-12,Mariposa,043,17540,438,434,11,445,5
2021-06-12,Mendocino,045,87422,4109,4024,82,4106,49
2021-06-12,Merced,047,269075,31162,31236,1062,32298,461
2021-06-12,Modoc,049,8938,399,382,141,523,3
2021-06-12,Mono,051,14174,1264,1275,17,1292,3
2021-06-12,Monterey,053,433212,43258,43103,1876,44979,415
2021-06-12,Napa,055,140530,9975,9986,38,10024,80
2021-06-12,Nevada,057,99092,4910,4878,195,5073,72
2021-06-12,Orange,059,3164182,255979,255004,11510,266514,5103
2021-06-12,Placer,061,380077,23596,23345,1527,24872,295
2021-06-12,Plumas,063,18699,714,696,11,707,4
2021-06-12,Riverside,065,2383286,294918,289413,14145,303558,4453
2021-06-12,Sacramento,067,1510023,107396,107199,1802,109001,1658
2021-06-12,San Benito,069,59416,6081,6083,116,6199,63
2021-06-12,San Bernardino,071,2135413,294102,293375,9047,302422,4788
2021-06-12,San Diego,073,3302833,282032,281203,15159,296362,3770
2021-06-12,San Francisco,075,870044,36960,37189,1305,38494,555
2021-06-12,San Joaquin,077,732212,73724,73413,3620,77033,1398
2021-06-12,San Luis Obispo,079,281455,21500,21293,752,22045,256
2021-06-12,San Mateo,081,765935,42568,42604,480,43084,542
2021-06-12,Santa Barbara,083,443738,34539,34450,1143,35593,460
2021-06-12,Santa Clara,085,1922200,119124,119894,778,120672,2085
2021-06-12,Santa Cruz,087,273765,16285,16170,815,16985,208
2021-06-12,Shasta,089,179085,12513,12556,1622,14178,201
2021-06-12,Sierra,091,2930,59,55,12,67,0
2021-06-12,Siskiyou,093,43540,1958,1884,374,2258,25
2021-06-12,Solano,095,438530,33207,33219,566,33785,266
2021-06-12,Sonoma,097,501317,30556,30647,356,31003,323
2021-06-12,Stanislaus,099,539301,56791,56649,6009,62658,974
2021-06-12,Sutter,101,95872,9566,9603,90,9693,112
2021-06-12,Tehama,103,63373,5133,5099,587,5686,63
2021-06-12,Trinity,105,12862,487,332,97,429,3
2021-06-12,Tulare,107,460477,50380,49533,9120,58653,848
2021-06-12,Tuolumne,109,53932,4055,4105,40,4145,63
2021-06-12,Ventura,111,848112,81619,81197,3019,84216,1028
2021-06-12,Yolo,113,214977,14116,14118,334,14452,212
2021-06-12,Yuba,115,75493,6141,6120,133,6253,50
2021-06-11,Alameda,001,1643700,88841,88844,1989,90833,1278
2021-06-11,Alpine,003,1148,87,88,0,88,0
2021-06-11,Amador,005,37829,3730,3710,33,3743,46
2021-06-11,Butte,007,227075,12713,12576,1845,14421,194
2021-06-11,Calaveras,009,45235,2189,2188,13,2201,55
2021-06-11,Colusa,011,21464,1960,1964,317,2281,15
2021-06-11,Contra Costa,013,1133247,70386,69940,1310,71250,808
2021-06-11,Del Norte,015,27424,1440,1409,13,1422,8
2021-06-11,El Dorado,017,186661,10381,10316,764,11080,113
2021-06-11,Fresno,019,978130,103168,102770,8761,111531,1720
2021-06-11,Glenn,021,27897,2442,2425,566,2991,19
2021-06-11,Humboldt,023,135768,4399,4389,39,4428,42
2021-06-11,Imperial,025,180216,28710,28793,2761,31554,741
2021-06-11,Inyo,027,18085,1407,1405,13,1418,35
2021-06-11,Kern,029,883053,97675,96718,11092,107810,1340
2021-06-11,Kings,031,150075,23222,23069,1097,24166,245
2021-06-11,Lake,033,64148,3565,3550,9,3559,45
2021-06-11,Lassen,035,31185,5249,5204,116,5320,18
2021-06-11,Los Angeles,037,10098052,1209293,1204259,41670,1245929,24434
2021-06-11,Madera,039,155013,16714,16582,946,17528,240
2021-06-11,Marin,041,260295,14161,14116,267,14383,229
2021-06-11,Mariposa,043,17540,438,434,11,445,5
2021-06-11,Mendocino,045,87422,4106,4022,82,4104,49
2021-06-11,Merced,047,269075,31157,31231,1062,32293,461
2021-06-11,Modoc,049,8938,399,382,140,522,3
2021-06-11,Mono,051,14174,1264,1274,17,1291,3
2021-06-11,Monterey,053,433212,43254,43097,1876,44973,415
2021-06-11,Napa,055,140530,9972,9977,38,10015,80
2021-06-11,Nevada,057,99092,4908,4873,195,5068,72
2021-06-11,Orange,059,3164182,255945,254975,11507,266482,5101
2021-06-11,Placer,061,380077,23591,23330,1527,24857,294
2021-06-11,Plumas,063,18699,714,696,11,707,4
2021-06-11,Riverside,065,2383286,294880,289376,14140,303516,4451
2021-06-11,Sacramento,067,1510023,107336,107119,1801,108920,1659
2021-06-11,San Benito,069,59416,6080,6082,116,6198,63
2021-06-11,San Bernardino,071,2135413,294066,293335,9043,302378,4788
2021-06-11,San Diego,073,3302833,281992,281144,15152,296296,3768
2021-06-11,San Francisco,075,870044,36955,37177,1305,38482,555
2021-06-11,San Joaquin,077,732212,73707,73347,3617,76964,1397
2021-06-11,San Luis Obispo,079,281455,21499,21288,752,22040,256
2021-06-11,San Mateo,081,765935,42554,42585,480,43065,542
2021-06-11,Santa Barbara,083,443738,34536,34438,1143,35581,460
2021-06-11,Santa Clara,085,1922200,119104,119860,778,120638,2083
2021-06-11,Santa Cruz,087,273765,16277,16164,815,16979,208
2021-06-11,Shasta,089,179085,12505,12550,1620,14170,201
2021-06-11,Sierra,091,2930,59,55,12,67,0
2021-06-11,Siskiyou,093,43540,1957,1882,374,2256,25
2021-06-11,Solano,095,438530,33187,33179,565,33744,266
2021-06-11,Sonoma,097,501317,30538,30624,356,30980,323
2021-06-11,Stanislaus,099,539301,56765,56617,6005,62622,974
2021-06-11,Sutter,101,95872,9563,9600,89,9689,112
2021-06-11,Tehama,103,63373,5132,5099,587,5686,63
2021-06-11,Trinity,105,12862,487,331,97,428,3
2021-06-11,Tulare,107,460477,50374,49516,9119,58635,848
2021-06-11,Tuolumne,109,53932,4052,4104,40,4144,63
2021-06-11,Ventura,111,848112,81609,81189,3019,84208,1026
2021-06-11,Yolo,113,214977,14109,14111,330,14441,212
2021-06-11,Yuba,115,75493,6137,6113,133,6246,50
2021-06-10,Alameda,001,1643700,88797,88806,1988,90794,1275
2021-06-10,Alpine,003,1148,87,88,0,88,0
2021-06-10,Amador,005,37829,3726,3709,33,3742,46
2021-06-10,Butte,007,227075,12696,12565,1845,14410,194
2021-06-10,Calaveras,009,45235,2188,2188,13,2201,55
2021-06-10,Colusa,011,21464,1958,1964,317,2281,15
2021-06-10,Contra Costa,013,1133247,70332,69876,1310,71186,807
2021-06-10,Del Norte,015,27424,1440,1405,13,1418,8
2021-06-10,El Dorado,017,186661,10374,10314,760,11074,113
2021-06-10,Fresno,019,978130,103142,102724,8760,111484,1717
2021-06-10,Glenn,021,27897,2442,2425,566,2991,19
2021-06-10,Humboldt,023,135768,4391,4384,39,4423,42
2021-06-10,Imperial,025,180216,28704,28779,2761,31540,739
2021-06-10,Inyo,027,18085,1407,1405,13,1418,35
2021-06-10,Kern,029,883053,97661,96706,11087,107793,1336
2021-06-10,Kings,031,150075,23221,23067,1097,24164,245
2021-06-10,Lake,033,64148,3560,3550,9,3559,45
2021-06-10,Lassen,035,31185,5247,5201,116,5317,18
2021-06-10,Los Angeles,037,10098052,1209127,1204110,41653,1245763,24440
2021-06-10,Madera,039,155013,16707,16581,945,17526,240
2021-06-10,Marin,041,260295,14158,14118,267,14385,229
2021-06-10,Mariposa,043,17540,436,434,11,445,5
2021-06-10,Mendocino,045,87422,4101,4016,82,4098,48
2021-06-10,Merced,047,269075,31149,31231,1059,32290,461
2021-06-10,Modoc,049,8938,398,381,140,521,3
2021-06-10,Mono,051,14174,1263,1274,17,1291,3
2021-06-10,Monterey,053,433212,43248,43090,1876,44966,415
2021-06-10,Napa,055,140530,9971,9974,38,10012,80
2021-06-10,Nevada,057,99092,4903,4866,195,5061,72
2021-06-10,Orange,059,3164182,255915,254950,11500,266450,5097
2021-06-10,Placer,061,380077,23578,23296,1527,24823,293
2021-06-10,Plumas,063,18699,714,696,11,707,4
2021-06-10,Riverside,065,2383286,294838,289335,14135,303470,4450
2021-06-10,Sacramento,067,1510023,107274,107049,1801,108850,1658
2021-06-10,San Benito,069,59416,6080,6079,116,6195,63
2021-06-10,San Bernardino,071,2135413,294025,293281,9040,302321,4782
2021-06-10,San Diego,073,3302833,281934,281052,15135,296187,3766
2021-06-10,San Francisco,075,870044,36945,37159,1303,38462,552
2021-06-10,San Joaquin,077,732212,73673,73276,3616,76892,1393
2021-06-10,San Luis Obispo,079,281455,21496,21280,752,22032,256
2021-06-10,San Mateo,081,765935,42547,42562,480,43042,666
2021-06-10,Santa Barbara,083,443738,34532,34434,1143,35577,460
2021-06-10,Santa Clara,085,1922200,119069,119832,777,120609,2075
2021-06-10,Santa Cruz,087,273765,16276,16159,815,16974,208
2021-06-10,Shasta,089,179085,12495,12536,1619,14155,201
2021-06-10,Sierra,091,2930,58,55,12,67,0
2021-06-10,Siskiyou,093,43540,1957,1881,374,2255,25
2021-06-10,Solano,095,438530,33170,33150,564,33714,265
2021-06-10,Sonoma,097,501317,30502,30571,354,30925,323
2021-06-10,Stanislaus,099,539301,56744,56588,6001,62589,974
2021-06-10,Sutter,101,95872,9556,9594,89,9683,112
2021-06-10,Tehama,103,63373,5132,5096,587,5683,63
2021-06-10,Trinity,105,12862,487,331,97,428,3
2021-06-10,Tulare,107,460477,50366,49503,9119,58622,848
2021-06-10,Tuolumne,109,53932,4052,4100,40,4140,63
2021-06-10,Ventura,111,848112,81598,81172,3018,84190,1026
2021-06-10,Yolo,113,214977,14106,14107,330,14437,212
2021-06-10,Yuba,115,75493,6133,6112,133,6245,50
2021-06-09,Alameda,001,1643700,88754,88762,1987,90749,1271
2021-06-09,Alpine,003,1148,87,88,0,88,0
2021-06-09,Amador,005,37829,3722,3706,33,3739,46
2021-06-09,Butte,007,227075,12690,12555,1843,14398,194
2021-06-09,Calaveras,009,45235,2186,2184,13,2197,55
2021-06-09,Colusa,011,21464,1958,1962,316,2278,15
2021-06-09,Contra Costa,013,1133247,70295,69829,1309,71138,803
2021-06-09,Del Norte,015,27424,1436,1403,13,1416,8
2021-06-09,El Dorado,017,186661,10371,10312,759,11071,113
2021-06-09,Fresno,019,978130,103122,102690,8756,111446,1717
2021-06-09,Glenn,021,27897,2441,2424,566,2990,19
2021-06-09,Humboldt,023,135768,4386,4379,38,4417,42
2021-06-09,Imperial,025,180216,28701,28754,2761,31515,739
2021-06-09,Inyo,027,18085,1407,1405,13,1418,35
2021-06-09,Kern,029,883053,97647,96697,11078,107775,1328
2021-06-09,Kings,031,150075,23219,23061,1097,24158,245
2021-06-09,Lake,033,64148,3557,3541,9,3550,45
2021-06-09,Lassen,035,31185,5246,5200,116,5316,18
2021-06-09,Los Angeles,037,10098052,1208941,1203955,41640,1245595,24432
2021-06-09,Madera,039,155013,16702,16580,945,17525,240
2021-06-09,Marin,041,260295,14153,14114,267,14381,229
2021-06-09,Mariposa,043,17540,436,434,11,445,5
2021-06-09,Mendocino,045,87422,4095,4008,82,4090,47
2021-06-09,Merced,047,269075,31145,31225,1059,32284,461
2021-06-09,Modoc,049,8938,396,377,139,516,3
2021-06-09,Mono,051,14174,1263,1274,17,1291,3
2021-06-09,Monterey,053,433212,43241,43082,1876,44958,415
2021-06-09,Napa,055,140530,9965,9971,38,10009,80
2021-06-09,Nevada,057,99092,4893,4863,194,5057,72
2021-06-09,Orange,059,3164182,255871,254893,11495,266388,5080
2021-06-09,Placer,061,380077,23559,23237,1527,24764,293
2021-06-09,Plumas,063,18699,713,697,11,708,4
2021-06-09,Riverside,065,2383286,294792,289299,14133,303432,4450
2021-06-09,Sacramento,067,1510023,107211,106971,1798,108769,1657
2021-06-09,San Benito,069,59416,6077,6078,116,6194,63
2021-06-09,San Bernardino,071,2135413,293983,293222,9040,302262,4782
2021-06-09,San Diego,073,3302833,281870,280941,15123,296064,3765
2021-06-09,San Francisco,075,870044,36932,37143,1302,38445,552
2021-06-09,San Joaquin,077,732212,73647,73232,3615,76847,1392
2021-06-09,San Luis Obispo,079,281455,21495,21259,752,22011,256
2021-06-09,San Mateo,081,765935,42531,42502,478,42980,666
2021-06-09,Santa Barbara,083,443738,34521,34422,1143,35565,460
2021-06-09,Santa Clara,085,1922200,119031,119793,776,120569,2068
2021-06-09,Santa Cruz,087,273765,16273,16155,815,16970,208
2021-06-09,Shasta,089,179085,12485,12521,1617,14138,201
2021-06-09,Sierra,091,2930,57,55,12,67,0
2021-06-09,Siskiyou,093,43540,1956,1871,374,2245,25
2021-06-09,Solano,095,438530,33154,33137,563,33700,264
2021-06-09,Sonoma,097,501317,30480,30540,354,30894,323
2021-06-09,Stanislaus,099,539301,56724,56560,5998,62558,974
2021-06-09,Sutter,101,95872,9547,9586,88,9674,111
2021-06-09,Tehama,103,63373,5131,5093,587,5680,63
2021-06-09,Trinity,105,12862,486,331,97,428,3
2021-06-09,Tulare,107,460477,50362,49496,9117,58613,847
2021-06-09,Tuolumne,109,53932,4049,4100,40,4140,63
2021-06-09,Ventura,111,848112,81588,81154,3017,84171,1026
2021-06-09,Yolo,113,214977,14104,14102,329,14431,212
2021-06-09,Yuba,115,75493,6129,6109,133,6242,50
2021-06-08,Alameda,001,1643700,88706,88731,1987,90718,1267
2021-06-08,Alpine,003,1148,87,88,0,88,0
2021-06-08,Amador,005,37829,3721,3704,33,3737,46
2021-06-08,Butte,007,227075,12684,12540,1841,14381,194
2021-06-08,Calaveras,009,45235,2185,2181,13,2194,55
2021-06-08,Colusa,011,21464,1958,1961,316,2277,15
2021-06-08,Contra Costa,013,1133247,70247,69762,1308,71070,803
2021-06-08,Del Norte,015,27424,1434,1402,13,1415,8
2021-06-08,El Dorado,017,186661,10366,10306,757,11063,113
2021-06-08,Fresno,019,978130,103097,102680,8754,111434,1717
2021-06-08,Glenn,021,27897,2440,2423,566,2989,19
2021-06-08,Humboldt,023,135768,4381,4363,38,4401,42
2021-06-08,Imperial,025,180216,28692,28752,2761,31513,738
2021-06-08,Inyo,027,18085,1407,1405,13,1418,35
2021-06-08,Kern,029,883053,97628,96671,11071,107742,1325
2021-06-08,Kings,031,150075,23218,23036,1097,24133,245
2021-06-08,Lake,033,64148,3556,3540,9,3549,45
2021-06-08,Lassen,035,31185,5246,5200,116,5316,18
2021-06-08,Los Angeles,037,10098052,1208743,1203794,41628,1245422,24426
2021-06-08,Madera,039,155013,16696,16579,944,17523,240
2021-06-08,Marin,041,260295,14151,14111,266,14377,229
2021-06-08,Mariposa,043,17540,436,434,11,445,5
2021-06-08,Mendocino,045,87422,4088,4002,82,4084,47
2021-06-08,Merced,047,269075,31137,31225,1059,32284,461
2021-06-08,Modoc,049,8938,390,377,138,515,3
2021-06-08,Mono,051,14174,1263,1274,17,1291,3
2021-06-08,Monterey,053,433212,43235,43078,1875,44953,415
2021-06-08,Napa,055,140530,9961,9962,38,10000,80
2021-06-08,Nevada,057,99092,4888,4861,194,5055,72
2021-06-08,Orange,059,3164182,255829,254852,11488,266340,5078
2021-06-08,Placer,061,380077,23541,23209,1523,24732,293
2021-06-08,Plumas,063,18699,713,692,11,703,4
2021-06-08,Riverside,065,2383286,294756,289268,14125,303393,4452
2021-06-08,Sacramento,067,1510023,107149,106901,1795,108696,1654
2021-06-08,San Benito,069,59416,6075,6076,116,6192,63
2021-06-08,San Bernardino,071,2135413,293934,293186,9036,302222,4778
2021-06-08,San Diego,073,3302833,281807,280879,15114,295993,3764
2021-06-08,San Francisco,075,870044,36917,37134,1301,38435,552
2021-06-08,San Joaquin,077,732212,73603,73186,3610,76796,1390
2021-06-08,San Luis Obispo,079,281455,21489,21251,751,22002,255
2021-06-08,San Mateo,081,765935,42518,42488,478,42966,663
2021-06-08,Santa Barbara,083,443738,34517,34418,1143,35561,459
2021-06-08,Santa Clara,085,1922200,119010,119770,775,120545,2068
2021-06-08,Santa Cruz,087,273765,16270,16160,815,16975,208
2021-06-08,Shasta,089,179085,12470,12498,1617,14115,201
2021-06-08,Sierra,091,2930,57,55,12,67,0
2021-06-08,Siskiyou,093,43540,1954,1870,372,2242,21
2021-06-08,Solano,095,438530,33133,33130,563,33693,259
2021-06-08,Sonoma,097,501317,30453,30523,352,30875,323
2021-06-08,Stanislaus,099,539301,56697,56548,5996,62544,973
2021-06-08,Sutter,101,95872,9544,9581,88,9669,111
2021-06-08,Tehama,103,63373,5128,5093,587,5680,63
2021-06-08,Trinity,105,12862,486,330,96,426,3
2021-06-08,Tulare,107,460477,50350,49485,9112,58597,847
2021-06-08,Tuolumne,109,53932,4046,4099,40,4139,63
2021-06-08,Ventura,111,848112,81572,81142,3016,84158,1026
2021-06-08,Yolo,113,214977,14099,14099,328,14427,212
2021-06-08,Yuba,115,75493,6127,6103,133,6236,50
2021-06-07,Alameda,001,1643700,88649,88688,1987,90675,1267
2021-06-07,Alpine,003,1148,87,88,0,88,0
2021-06-07,Amador,005,37829,3711,3697,33,3730,46
2021-06-07,Butte,007,227075,12677,12533,1840,14373,194
2021-06-07,Calaveras,009,45235,2184,2181,13,2194,55
2021-06-07,Colusa,011,21464,1957,1960,316,2276,15
2021-06-07,Contra Costa,013,1133247,70190,69718,1307,71025,817
2021-06-07,Del Norte,015,27424,1434,1401,13,1414,8
2021-06-07,El Dorado,017,186661,10361,10305,757,11062,113
2021-06-07,Fresno,019,978130,103066,102659,8746,111405,1717
2021-06-07,Glenn,021,27897,2440,2423,566,2989,19
2021-06-07,Humboldt,023,135768,4373,4354,38,4392,42
2021-06-07,Imperial,025,180216,28690,28754,2761,31515,738
2021-06-07,Inyo,027,18085,1407,1404,13,1417,35
2021-06-07,Kern,029,883053,97612,96645,11064,107709,1324
2021-06-07,Kings,031,150075,23214,23023,1097,24120,244
2021-06-07,Lake,033,64148,3554,3540,9,3549,45
2021-06-07,Lassen,035,31185,5241,5198,116,5314,18
2021-06-07,Los Angeles,037,10098052,1208519,1203664,41613,1245277,24413
2021-06-07,Madera,039,155013,16689,16572,944,17516,240
2021-06-07,Marin,041,260295,14147,14108,265,14373,229
2021-06-07,Mariposa,043,17540,436,434,11,445,5
2021-06-07,Mendocino,045,87422,4082,3998,82,4080,47
2021-06-07,Merced,047,269075,31125,31212,1058,32270,459
2021-06-07,Modoc,049,8938,389,375,135,510,3
2021-06-07,Mono,051,14174,1263,1275,17,1292,3
2021-06-07,Monterey,053,433212,43228,43077,1875,44952,415
2021-06-07,Napa,055,140530,9953,9962,38,10000,80
2021-06-07,Nevada,057,99092,4886,4860,194,5054,72
2021-06-07,Orange,059,3164182,255789,254808,11480,266288,5073
2021-06-07,Placer,061,380077,23522,23176,1521,24697,293
2021-06-07,Plumas,063,18699,713,692,11,703,4
2021-06-07,Riverside,065,2383286,294713,289232,14121,303353,4451
2021-06-07,Sacramento,067,1510023,107073,106841,1792,108633,1655
2021-06-07,San Benito,069,59416,6074,6074,116,6190,63
2021-06-07,San Bernardino,071,2135413,293896,293129,9035,302164,4775
2021-06-07,San Diego,073,3302833,281725,280808,15101,295909,3764
2021-06-07,San Francisco,075,870044,36901,37122,1301,38423,552
2021-06-07,San Joaquin,077,732212,73558,73130,3603,76733,1388
2021-06-07,San Luis Obispo,079,281455,21476,21252,751,22003,255
2021-06-07,San Mateo,081,765935,42502,42479,478,42957,664
2021-06-07,Santa Barbara,083,443738,34511,34407,1143,35550,459
2021-06-07,Santa Clara,085,1922200,118978,119743,775,120518,2066
2021-06-07,Santa Cruz,087,273765,16269,16159,815,16974,208
2021-06-07,Shasta,089,179085,12456,12483,1612,14095,200
2021-06-07,Sierra,091,2930,57,55,12,67,0
2021-06-07,Siskiyou,093,43540,1954,1869,372,2241,21
2021-06-07,Solano,095,438530,33111,33124,562,33686,258
2021-06-07,Sonoma,097,501317,30417,30504,351,30855,323
2021-06-07,Stanislaus,099,539301,56664,56521,5994,62515,972
2021-06-07,Sutter,101,95872,9540,9571,88,9659,111
2021-06-07,Tehama,103,63373,5124,5092,585,5677,63
2021-06-07,Trinity,105,12862,486,329,96,425,3
2021-06-07,Tulare,107,460477,50344,49471,9112,58583,847
2021-06-07,Tuolumne,109,53932,4045,4098,40,4138,63
2021-06-07,Ventura,111,848112,81555,81137,3014,84151,1025
2021-06-07,Yolo,113,214977,14094,14097,327,14424,211
2021-06-07,Yuba,115,75493,6125,6099,130,6229,49
2021-06-06,Alameda,001,1643700,88611,88636,1986,90622,1267
2021-06-06,Alpine,003,1148,87,88,0,88,0
2021-06-06,Amador,005,37829,3708,3696,33,3729,46
2021-06-06,Butte,007,227075,12666,12527,1839,14366,194
2021-06-06,Calaveras,009,45235,2183,2181,13,2194,55
2021-06-06,Colusa,011,21464,1955,1959,316,2275,15
2021-06-06,Contra Costa,013,1133247,70125,69659,1305,70964,817
2021-06-06,Del Norte,015,27424,1429,1401,13,1414,8
2021-06-06,El Dorado,017,186661,10354,10294,757,11051,113
2021-06-06,Fresno,019,978130,103033,102642,8743,111385,1717
2021-06-06,Glenn,021,27897,2439,2423,566,2989,19
2021-06-06,Humboldt,023,135768,4362,4353,38,4391,42
2021-06-06,Imperial,025,180216,28684,28762,2761,31523,738
2021-06-06,Inyo,027,18085,1406,1404,13,1417,35
2021-06-06,Kern,029,883053,97594,96623,11057,107680,1324
2021-06-06,Kings,031,150075,23208,23021,1097,24118,244
2021-06-06,Lake,033,64148,3554,3535,9,3544,45
2021-06-06,Lassen,035,31185,5239,5191,116,5307,18
2021-06-06,Los Angeles,037,10098052,1208317,1203539,41599,1245138,24410
2021-06-06,Madera,039,155013,16682,16567,944,17511,240
2021-06-06,Marin,041,260295,14141,14106,264,14370,229
2021-06-06,Mariposa,043,17540,435,435,11,446,5
2021-06-06,Mendocino,045,87422,4078,3993,82,4075,47
2021-06-06,Merced,047,269075,31119,31215,1057,32272,459
2021-06-06,Modoc,049,8938,389,375,134,509,3
2021-06-06,Mono,051,14174,1263,1275,17,1292,3
2021-06-06,Monterey,053,433212,43223,43078,1875,44953,415
2021-06-06,Napa,055,140530,9947,9963,38,10001,80
2021-06-06,Nevada,057,99092,4879,4854,193,5047,72
2021-06-06,Orange,059,3164182,255753,254782,11475,266257,5073
2021-06-06,Placer,061,380077,23497,23156,1518,24674,293
2021-06-06,Plumas,063,18699,713,692,11,703,4
2021-06-06,Riverside,065,2383286,294674,289201,14115,303316,4451
2021-06-06,Sacramento,067,1510023,106987,106749,1791,108540,1655
2021-06-06,San Benito,069,59416,6068,6074,116,6190,63
2021-06-06,San Bernardino,071,2135413,293839,293117,9026,302143,4773
2021-06-06,San Diego,073,3302833,281645,280743,15084,295827,3764
2021-06-06,San Francisco,075,870044,36888,37118,1299,38417,552
2021-06-06,San Joaquin,077,732212,73526,73105,3599,76704,1388
2021-06-06,San Luis Obispo,079,281455,21473,21246,751,21997,255
2021-06-06,San Mateo,081,765935,42485,42457,478,42935,664
2021-06-06,Santa Barbara,083,443738,34507,34403,1142,35545,459
2021-06-06,Santa Clara,085,1922200,118956,119711,775,120486,2066
2021-06-06,Santa Cruz,087,273765,16268,16158,815,16973,208
2021-06-06,Shasta,089,179085,12441,12478,1609,14087,200
2021-06-06,Sierra,091,2930,57,55,12,67,0
2021-06-06,Siskiyou,093,43540,1951,1869,372,2241,21
2021-06-06,Solano,095,438530,33084,33093,562,33655,258
2021-06-06,Sonoma,097,501317,30386,30478,350,30828,323
2021-06-06,Stanislaus,099,539301,56628,56486,5991,62477,972
2021-06-06,Sutter,101,95872,9533,9567,88,9655,111
2021-06-06,Tehama,103,63373,5114,5092,583,5675,63
2021-06-06,Trinity,105,12862,486,328,96,424,3
2021-06-06,Tulare,107,460477,50336,49466,9107,58573,847
2021-06-06,Tuolumne,109,53932,4043,4097,40,4137,63
2021-06-06,Ventura,111,848112,81544,81130,3011,84141,1025
2021-06-06,Yolo,113,214977,14086,14089,326,14415,210
2021-06-06,Yuba,115,75493,6117,6096,130,6226,49
2021-06-05,Alameda,001,1643700,88578,88612,1986,90598,1268
2021-06-05,Alpine,003,1148,87,88,0,88,0
2021-06-05,Amador,005,37829,3708,3694,33,3727,46
2021-06-05,Butte,007,227075,12660,12514,1838,14352,194
2021-06-05,Calaveras,009,45235,2183,2181,13,2194,55
2021-06-05,Colusa,011,21464,1955,1959,316,2275,15
2021-06-05,Contra Costa,013,1133247,70096,69601,1305,70906,817
2021-06-05,Del Norte,015,27424,1429,1400,13,1413,8
2021-06-05,El Dorado,017,186661,10352,10288,756,11044,113
2021-06-05,Fresno,019,978130,103024,102626,8743,111369,1717
2021-06-05,Glenn,021,27897,2438,2423,566,2989,19
2021-06-05,Humboldt,023,135768,4357,4346,38,4384,42
2021-06-05,Imperial,025,180216,28681,28764,2761,31525,738
2021-06-05,Inyo,027,18085,1406,1405,13,1418,35
2021-06-05,Kern,029,883053,97581,96597,11053,107650,1324
2021-06-05,Kings,031,150075,23205,23017,1097,24114,244
2021-06-05,Lake,033,64148,3551,3534,9,3543,45
2021-06-05,Lassen,035,31185,5238,5191,116,5307,18
2021-06-05,Los Angeles,037,10098052,1208189,1203338,41588,1244926,24411
2021-06-05,Madera,039,155013,16678,16563,944,17507,240
2021-06-05,Marin,041,260295,14139,14101,264,14365,229
2021-06-05,Mariposa,043,17540,435,435,11,446,5
2021-06-05,Mendocino,045,87422,4075,3989,82,4071,47
2021-06-05,Merced,047,269075,31117,31212,1056,32268,459
2021-06-05,Modoc,049,8938,389,375,133,508,3
2021-06-05,Mono,051,14174,1263,1274,17,1291,3
2021-06-05,Monterey,053,433212,43219,43071,1874,44945,415
2021-06-05,Napa,055,140530,9942,9960,38,9998,80
2021-06-05,Nevada,057,99092,4877,4849,193,5042,72
2021-06-05,Orange,059,3164182,255729,254752,11472,266224,5069
2021-06-05,Placer,061,380077,23481,23133,1518,24651,293
2021-06-05,Plumas,063,18699,713,692,11,703,4
2021-06-05,Riverside,065,2383286,294639,289157,14111,303268,4451
2021-06-05,Sacramento,067,1510023,106935,106688,1789,108477,1655
2021-06-05,San Benito,069,59416,6066,6074,116,6190,63
2021-06-05,San Bernardino,071,2135413,293806,293081,9024,302105,4772
2021-06-05,San Diego,073,3302833,281604,280676,15071,295747,3764
2021-06-05,San Francisco,075,870044,36879,37111,1299,38410,552
2021-06-05,San Joaquin,077,732212,73510,73078,3593,76671,1388
2021-06-05,San Luis Obispo,079,281455,21470,21236,751,21987,255
2021-06-05,San Mateo,081,765935,42475,42433,478,42911,664
2021-06-05,Santa Barbara,083,443738,34504,34399,1141,35540,459
2021-06-05,Santa Clara,085,1922200,118934,119676,773,120449,2066
2021-06-05,Santa Cruz,087,273765,16268,16154,815,16969,208
2021-06-05,Shasta,089,179085,12431,12472,1608,14080,200
2021-06-05,Sierra,091,2930,57,55,12,67,0
2021-06-05,Siskiyou,093,43540,1951,1867,372,2239,21
2021-06-05,Solano,095,438530,33069,33074,562,33636,257
2021-06-05,Sonoma,097,501317,30359,30450,348,30798,323
2021-06-05,Stanislaus,099,539301,56620,56463,5989,62452,973
2021-06-05,Sutter,101,95872,9530,9559,88,9647,111
2021-06-05,Tehama,103,63373,5113,5092,582,5674,63
2021-06-05,Trinity,105,12862,486,328,96,424,3
2021-06-05,Tulare,107,460477,50330,49463,9107,58570,847
2021-06-05,Tuolumne,109,53932,4041,4098,40,4138,63
2021-06-05,Ventura,111,848112,81535,81119,3009,84128,1025
2021-06-05,Yolo,113,214977,14084,14088,326,14414,210
2021-06-05,Yuba,115,75493,6116,6087,130,6217,49
2021-06-04,Alameda,001,1643700,88551,88585,1983,90568,1263
2021-06-04,Alpine,003,1148,87,88,0,88,0
2021-06-04,Amador,005,37829,3708,3690,33,3723,46
2021-06-04,Butte,007,227075,12649,12494,1835,14329,193
2021-06-04,Calaveras,009,45235,2183,2179,13,2192,55
2021-06-04,Colusa,011,21464,1955,1959,316,2275,15
2021-06-04,Contra Costa,013,1133247,70061,69540,1302,70842,816
2021-06-04,Del Norte,015,27424,1429,1398,13,1411,8
2021-06-04,El Dorado,017,186661,10348,10284,754,11038,112
2021-06-04,Fresno,019,978130,103008,102601,8743,111344,1712
2021-06-04,Glenn,021,27897,2438,2423,565,2988,19
2021-06-04,Humboldt,023,135768,4352,4327,38,4365,42
2021-06-04,Imperial,025,180216,28677,28753,2761,31514,738
2021-06-04,Inyo,027,18085,1406,1404,13,1417,35
2021-06-04,Kern,029,883053,97563,96573,11051,107624,1327
2021-06-04,Kings,031,150075,23204,23002,1097,24099,244
2021-06-04,Lake,033,64148,3549,3528,9,3537,45
2021-06-04,Lassen,035,31185,5238,5180,116,5296,18
2021-06-04,Los Angeles,037,10098052,1208065,1203106,41579,1244685,24400
2021-06-04,Madera,039,155013,16676,16557,944,17501,240
2021-06-04,Marin,041,260295,14138,14099,263,14362,229
2021-06-04,Mariposa,043,17540,435,435,11,446,5
2021-06-04,Mendocino,045,87422,4066,3983,82,4065,47
2021-06-04,Merced,047,269075,31112,31204,1055,32259,459
2021-06-04,Modoc,049,8938,387,375,133,508,3
2021-06-04,Mono,051,14174,1263,1275,17,1292,3
2021-06-04,Monterey,053,433212,43215,43068,1874,44942,415
2021-06-04,Napa,055,140530,9938,9958,38,9996,80
2021-06-04,Nevada,057,99092,4873,4844,193,5037,72
2021-06-04,Orange,059,3164182,255692,254730,11468,266198,5059
2021-06-04,Placer,061,380077,23465,23110,1517,24627,293
2021-06-04,Plumas,063,18699,713,691,11,702,4
2021-06-04,Riverside,065,2383286,294613,289098,14107,303205,4452
2021-06-04,Sacramento,067,1510023,106881,106616,1788,108404,1654
2021-06-04,San Benito,069,59416,6064,6073,116,6189,63
2021-06-04,San Bernardino,071,2135413,293782,293056,9022,302078,4768
2021-06-04,San Diego,073,3302833,281561,280556,15064,295620,3763
2021-06-04,San Francisco,075,870044,36874,37079,1298,38377,551
2021-06-04,San Joaquin,077,732212,73491,73039,3591,76630,1388
2021-06-04,San Luis Obispo,079,281455,21467,21234,750,21984,255
2021-06-04,San Mateo,081,765935,42463,42413,478,42891,478
2021-06-04,Santa Barbara,083,443738,34498,34402,1140,35542,459
2021-06-04,Santa Clara,085,1922200,118904,119619,773,120392,2065
2021-06-04,Santa Cruz,087,273765,16265,16150,815,16965,207
2021-06-04,Shasta,089,179085,12425,12458,1603,14061,200
2021-06-04,Sierra,091,2930,57,55,12,67,0
2021-06-04,Siskiyou,093,43540,1950,1865,372,2237,21
2021-06-04,Solano,095,438530,33058,33058,562,33620,256
2021-06-04,Sonoma,097,501317,30338,30411,348,30759,323
2021-06-04,Stanislaus,099,539301,56605,56442,5987,62429,973
2021-06-04,Sutter,101,95872,9525,9554,88,9642,111
2021-06-04,Tehama,103,63373,5108,5090,582,5672,63
2021-06-04,Trinity,105,12862,486,328,96,424,3
2021-06-04,Tulare,107,460477,50321,49452,9105,58557,847
2021-06-04,Tuolumne,109,53932,4040,4095,40,4135,63
2021-06-04,Ventura,111,848112,81528,81104,3007,84111,1023
2021-06-04,Yolo,113,214977,14082,14083,326,14409,210
2021-06-04,Yuba,115,75493,6113,6084,130,6214,49
2021-06-03,Alameda,001,1643700,88513,88555,1980,90535,1257
2021-06-03,Alpine,003,1148,87,88,0,88,0
2021-06-03,Amador,005,37829,3700,3688,33,3721,46
2021-06-03,Butte,007,227075,12645,12478,1834,14312,193
2021-06-03,Calaveras,009,45235,2183,2179,13,2192,55
2021-06-03,Colusa,011,21464,1955,1957,316,2273,15
2021-06-03,Contra Costa,013,1133247,70007,69500,1297,70797,816
2021-06-03,Del Norte,015,27424,1427,1397,13,1410,8
2021-06-03,El Dorado,017,186661,10342,10284,751,11035,112
2021-06-03,Fresno,019,978130,102991,102566,8743,111309,1709
2021-06-03,Glenn,021,27897,2438,2421,565,2986,19
2021-06-03,Humboldt,023,135768,4344,4314,38,4352,42
2021-06-03,Imperial,025,180216,28666,28737,2761,31498,738
2021-06-03,Inyo,027,18085,1406,1404,13,1417,35
2021-06-03,Kern,029,883053,97536,96507,11037,107544,1326
2021-06-03,Kings,031,150075,23200,22982,1097,24079,244
2021-06-03,Lake,033,64148,3547,3526,9,3535,45
2021-06-03,Lassen,035,31185,5229,5177,116,5293,12
2021-06-03,Los Angeles,037,10098052,1207889,1202923,41571,1244494,24386
2021-06-03,Madera,039,155013,16669,16554,944,17498,240
2021-06-03,Marin,041,260295,14133,14095,263,14358,230
2021-06-03,Mariposa,043,17540,435,435,11,446,5
2021-06-03,Mendocino,045,87422,4059,3978,82,4060,47
2021-06-03,Merced,047,269075,31109,31199,1055,32254,459
2021-06-03,Modoc,049,8938,386,376,132,508,3
2021-06-03,Mono,051,14174,1263,1275,17,1292,3
2021-06-03,Monterey,053,433212,43212,43063,1874,44937,415
2021-06-03,Napa,055,140530,9931,9957,38,9995,81
2021-06-03,Nevada,057,99092,4869,4837,193,5030,72
2021-06-03,Orange,059,3164182,255664,254676,11458,266134,5056
2021-06-03,Placer,061,380077,23456,23100,1516,24616,293
2021-06-03,Plumas,063,18699,713,691,11,702,4
2021-06-03,Riverside,065,2383286,294558,289035,14103,303138,4447
2021-06-03,Sacramento,067,1510023,106802,106526,1786,108312,1654
2021-06-03,San Benito,069,59416,6064,6073,116,6189,63
2021-06-03,San Bernardino,071,2135413,293750,293021,9022,302043,4762
2021-06-03,San Diego,073,3302833,281497,280430,15054,295484,3761
2021-06-03,San Francisco,075,870044,36868,37072,1298,38370,551
2021-06-03,San Joaquin,077,732212,73463,72989,3587,76576,1388
2021-06-03,San Luis Obispo,079,281455,21462,21224,750,21974,255
2021-06-03,San Mateo,081,765935,42450,42396,478,42874,467
2021-06-03,Santa Barbara,083,443738,34495,34391,1140,35531,459
2021-06-03,Santa Clara,085,1922200,118882,119592,771,120363,2058
2021-06-03,Santa Cruz,087,273765,16263,16144,815,16959,207
2021-06-03,Shasta,089,179085,12410,12441,1600,14041,199
2021-06-03,Sierra,091,2930,57,55,12,67,0
2021-06-03,Siskiyou,093,43540,1950,1862,371,2233,21
2021-06-03,Solano,095,438530,33044,33019,562,33581,256
2021-06-03,Sonoma,097,501317,30316,30383,347,30730,322
2021-06-03,Stanislaus,099,539301,56586,56401,5981,62382,973
2021-06-03,Sutter,101,95872,9516,9539,88,9627,111
2021-06-03,Tehama,103,63373,5108,5087,582,5669,63
2021-06-03,Trinity,105,12862,486,328,96,424,3
2021-06-03,Tulare,107,460477,50318,49442,9101,58543,848
2021-06-03,Tuolumne,109,53932,4038,4095,40,4135,63
2021-06-03,Ventura,111,848112,81516,81078,3005,84083,1023
2021-06-03,Yolo,113,214977,14078,14078,323,14401,210
2021-06-03,Yuba,115,75493,6106,6077,130,6207,49
2021-06-02,Alameda,001,1643700,88468,88525,1978,90503,1254
2021-06-02,Alpine,003,1148,87,88,0,88,0
2021-06-02,Amador,005,37829,3698,3687,33,3720,46
2021-06-02,Butte,007,227075,12625,12432,1831,14263,193
2021-06-02,Calaveras,009,45235,2180,2174,13,2187,55
2021-06-02,Colusa,011,21464,1954,1957,316,2273,15
2021-06-02,Contra Costa,013,1133247,69956,69455,1295,70750,814
2021-06-02,Del Norte,015,27424,1425,1395,13,1408,8
2021-06-02,El Dorado,017,186661,10338,10275,751,11026,110
2021-06-02,Fresno,019,978130,102967,102547,8740,111287,1707
2021-06-02,Glenn,021,27897,2438,2421,565,2986,19
2021-06-02,Humboldt,023,135768,4329,4302,38,4340,42
2021-06-02,Imperial,025,180216,28660,28737,2760,31497,738
2021-06-02,Inyo,027,18085,1405,1403,13,1416,35
2021-06-02,Kern,029,883053,97509,96481,11030,107511,1326
2021-06-02,Kings,031,150075,23198,22981,1096,24077,244
2021-06-02,Lake,033,64148,3542,3522,9,3531,45
2021-06-02,Lassen,035,31185,5228,5177,116,5293,6
2021-06-02,Los Angeles,037,10098052,1207685,1202760,41562,1244322,24375
2021-06-02,Madera,039,155013,16661,16550,944,17494,240
2021-06-02,Marin,041,260295,14131,14091,262,14353,229
2021-06-02,Mariposa,043,17540,435,434,11,445,5
2021-06-02,Mendocino,045,87422,4053,3970,82,4052,47
2021-06-02,Merced,047,269075,31096,31195,1054,32249,458
2021-06-02,Modoc,049,8938,385,375,131,506,3
2021-06-02,Mono,051,14174,1263,1275,17,1292,3
2021-06-02,Monterey,053,433212,43210,43056,1874,44930,380
2021-06-02,Napa,055,140530,9930,9953,38,9991,82
2021-06-02,Nevada,057,99092,4866,4833,193,5026,72
2021-06-02,Orange,059,3164182,255615,254637,11451,266088,5055
2021-06-02,Placer,061,380077,23435,23058,1514,24572,293
2021-06-02,Plumas,063,18699,713,690,11,701,4
2021-06-02,Riverside,065,2383286,294500,289012,14093,303105,4445
2021-06-02,Sacramento,067,1510023,106737,106435,1780,108215,1649
2021-06-02,San Benito,069,59416,6063,6073,116,6189,63
2021-06-02,San Bernardino,071,2135413,293702,293004,9017,302021,4760
2021-06-02,San Diego,073,3302833,281417,280347,15033,295380,3760
2021-06-02,San Francisco,075,870044,36848,37050,1297,38347,550
2021-06-02,San Joaquin,077,732212,73432,72893,3584,76477,1387
2021-06-02,San Luis Obispo,079,281455,21455,21214,749,21963,255
2021-06-02,San Mateo,081,765935,42440,42383,477,42860,464
2021-06-02,Santa Barbara,083,443738,34488,34381,1140,35521,456
2021-06-02,Santa Clara,085,1922200,118854,119553,770,120323,2058
2021-06-02,Santa Cruz,087,273765,16260,16144,815,16959,207
2021-06-02,Shasta,089,179085,12392,12426,1595,14021,199
2021-06-02,Sierra,091,2930,57,55,12,67,0
2021-06-02,Siskiyou,093,43540,1950,1861,369,2230,21
2021-06-02,Solano,095,438530,33032,33007,561,33568,256
2021-06-02,Sonoma,097,501317,30297,30359,342,30701,322
2021-06-02,Stanislaus,099,539301,56568,56377,5976,62353,973
2021-06-02,Sutter,101,95872,9513,9533,88,9621,111
2021-06-02,Tehama,103,63373,5105,5081,582,5663,63
2021-06-02,Trinity,105,12862,484,328,96,424,3
2021-06-02,Tulare,107,460477,50309,49434,9097,58531,846
2021-06-02,Tuolumne,109,53932,4037,4095,40,4135,63
2021-06-02,Ventura,111,848112,81491,81033,3005,84038,1020
2021-06-02,Yolo,113,214977,14075,14074,322,14396,210
2021-06-02,Yuba,115,75493,6100,6072,130,6202,48
2021-06-01,Alameda,001,1643700,88433,88472,1976,90448,1253
2021-06-01,Alpine,003,1148,87,88,0,88,0
2021-06-01,Amador,005,37829,3696,3687,33,3720,46
2021-06-01,Butte,007,227075,12611,12427,1830,14257,193
2021-06-01,Calaveras,009,45235,2178,2173,13,2186,55
2021-06-01,Colusa,011,21464,1953,1955,315,2270,15
2021-06-01,Contra Costa,013,1133247,69898,69404,1295,70699,813
2021-06-01,Del Norte,015,27424,1424,1394,13,1407,8
2021-06-01,El Dorado,017,186661,10332,10271,751,11022,110
2021-06-01,Fresno,019,978130,102943,102534,8737,111271,1706
2021-06-01,Glenn,021,27897,2438,2422,565,2987,18
2021-06-01,Humboldt,023,135768,4319,4299,38,4337,42
2021-06-01,Imperial,025,180216,28656,28722,2758,31480,736
2021-06-01,Inyo,027,18085,1405,1403,13,1416,35
2021-06-01,Kern,029,883053,97482,96477,11022,107499,1319
2021-06-01,Kings,031,150075,23194,22977,1096,24073,244
2021-06-01,Lake,033,64148,3541,3523,9,3532,45
2021-06-01,Lassen,035,31185,5221,5172,116,5288,6
2021-06-01,Los Angeles,037,10098052,1207450,1202673,41549,1244222,24367
2021-06-01,Madera,039,155013,16652,16549,943,17492,240
2021-06-01,Marin,041,260295,14129,14081,262,14343,229
2021-06-01,Mariposa,043,17540,435,431,11,442,5
2021-06-01,Mendocino,045,87422,4046,3966,82,4048,47
2021-06-01,Merced,047,269075,31086,31195,1054,32249,456
2021-06-01,Modoc,049,8938,383,375,131,506,3
2021-06-01,Mono,051,14174,1263,1275,17,1292,3
2021-06-01,Monterey,053,433212,43204,43051,1874,44925,379
2021-06-01,Napa,055,140530,9928,9949,38,9987,82
2021-06-01,Nevada,057,99092,4861,4825,192,5017,72
2021-06-01,Orange,059,3164182,255579,254603,11443,266046,5051
2021-06-01,Placer,061,380077,23405,23021,1512,24533,293
2021-06-01,Plumas,063,18699,712,690,11,701,4
2021-06-01,Riverside,065,2383286,294447,288996,14087,303083,4442
2021-06-01,Sacramento,067,1510023,106665,106330,1778,108108,1644
2021-06-01,San Benito,069,59416,6062,6073,115,6188,63
2021-06-01,San Bernardino,071,2135413,293677,292990,9016,302006,4758
2021-06-01,San Diego,073,3302833,281313,280305,15016,295321,3756
2021-06-01,San Francisco,075,870044,36832,37031,1297,38328,550
2021-06-01,San Joaquin,077,732212,73400,72858,3582,76440,1383
2021-06-01,San Luis Obispo,079,281455,21450,21217,749,21966,256
2021-06-01,San Mateo,081,765935,42424,42383,476,42859,462
2021-06-01,Santa Barbara,083,443738,34484,34374,1140,35514,456
2021-06-01,Santa Clara,085,1922200,118826,119528,770,120298,2057
2021-06-01,Santa Cruz,087,273765,16256,16143,814,16957,207
2021-06-01,Shasta,089,179085,12383,12409,1590,13999,199
2021-06-01,Sierra,091,2930,57,55,12,67,0
2021-06-01,Siskiyou,093,43540,1943,1860,368,2228,21
2021-06-01,Solano,095,438530,33007,32974,560,33534,256
2021-06-01,Sonoma,097,501317,30258,30324,341,30665,322
2021-06-01,Stanislaus,099,539301,56552,56348,5974,62322,973
2021-06-01,Sutter,101,95872,9506,9528,88,9616,111
2021-06-01,Tehama,103,63373,5103,5079,582,5661,63
2021-06-01,Trinity,105,12862,483,328,95,423,3
2021-06-01,Tulare,107,460477,50301,49419,9093,58512,845
2021-06-01,Tuolumne,109,53932,4037,4094,40,4134,63
2021-06-01,Ventura,111,848112,81475,81018,3004,84022,1021
2021-06-01,Yolo,113,214977,14069,14067,322,14389,210
2021-06-01,Yuba,115,75493,6096,6067,130,6197,48
2021-05-31,Alameda,001,1643700,88397,88458,1972,90430,1253
2021-05-31,Alpine,003,1148,87,88,0,88,0
2021-05-31,Amador,005,37829,3690,3687,33,3720,46
2021-05-31,Butte,007,227075,12598,12429,1830,14259,193
2021-05-31,Calaveras,009,45235,2177,2171,13,2184,55
2021-05-31,Colusa,011,21464,1953,1956,314,2270,15
2021-05-31,Contra Costa,013,1133247,69861,69390,1293,70683,813
2021-05-31,Del Norte,015,27424,1421,1394,13,1407,8
2021-05-31,El Dorado,017,186661,10326,10271,749,11020,110
2021-05-31,Fresno,019,978130,102906,102507,8737,111244,1706
2021-05-31,Glenn,021,27897,2437,2422,564,2986,18
2021-05-31,Humboldt,023,135768,4307,4295,38,4333,42
2021-05-31,Imperial,025,180216,28650,28732,2755,31487,736
2021-05-31,Inyo,027,18085,1404,1403,13,1416,35
2021-05-31,Kern,029,883053,97446,96457,11013,107470,1319
2021-05-31,Kings,031,150075,23190,22977,1096,24073,244
2021-05-31,Lake,033,64148,3536,3523,9,3532,45
2021-05-31,Lassen,035,31185,5219,5172,115,5287,6
2021-05-31,Los Angeles,037,10098052,1207205,1202567,41541,1244108,24364
2021-05-31,Madera,039,155013,16651,16543,942,17485,240
2021-05-31,Marin,041,260295,14127,14080,262,14342,229
2021-05-31,Mariposa,043,17540,435,430,11,441,5
2021-05-31,Mendocino,045,87422,4036,3961,82,4043,47
2021-05-31,Merced,047,269075,31081,31194,1054,32248,456
2021-05-31,Modoc,049,8938,382,374,131,505,3
2021-05-31,Mono,051,14174,1263,1275,17,1292,3
2021-05-31,Monterey,053,433212,43200,43051,1874,44925,379
2021-05-31,Napa,055,140530,9921,9948,38,9986,82
2021-05-31,Nevada,057,99092,4851,4823,191,5014,72
2021-05-31,Orange,059,3164182,255551,254572,11435,266007,5051
2021-05-31,Placer,061,380077,23378,23019,1508,24527,293
2021-05-31,Plumas,063,18699,711,690,11,701,4
2021-05-31,Riverside,065,2383286,294390,288970,14075,303045,4442
2021-05-31,Sacramento,067,1510023,106568,106278,1772,108050,1644
2021-05-31,San Benito,069,59416,6062,6072,115,6187,63
2021-05-31,San Bernardino,071,2135413,293629,292973,9015,301988,4758
2021-05-31,San Diego,073,3302833,281209,280254,15004,295258,3756
2021-05-31,San Francisco,075,870044,36817,37022,1296,38318,550
2021-05-31,San Joaquin,077,732212,73351,72856,3576,76432,1383
2021-05-31,San Luis Obispo,079,281455,21442,21215,749,21964,256
2021-05-31,San Mateo,081,765935,42408,42389,476,42865,442
2021-05-31,Santa Barbara,083,443738,34471,34369,1138,35507,456
2021-05-31,Santa Clara,085,1922200,118782,119515,770,120285,2057
2021-05-31,Santa Cruz,087,273765,16253,16139,814,16953,207
2021-05-31,Shasta,089,179085,12367,12408,1587,13995,199
2021-05-31,Sierra,091,2930,57,55,12,67,0
2021-05-31,Siskiyou,093,43540,1942,1856,367,2223,21
2021-05-31,Solano,095,438530,32957,32973,560,33533,256
2021-05-31,Sonoma,097,501317,30215,30314,341,30655,322
2021-05-31,Stanislaus,099,539301,56510,56335,5971,62306,973
2021-05-31,Sutter,101,95872,9487,9523,88,9611,111
2021-05-31,Tehama,103,63373,5100,5076,581,5657,63
2021-05-31,Trinity,105,12862,483,328,95,423,3
2021-05-31,Tulare,107,460477,50290,49404,9088,58492,845
2021-05-31,Tuolumne,109,53932,4035,4095,40,4135,63
2021-05-31,Ventura,111,848112,81460,81017,3001,84018,1021
2021-05-31,Yolo,113,214977,14065,14064,322,14386,210
2021-05-31,Yuba,115,75493,6090,6063,127,6190,48
2021-05-30,Alameda,001,1643700,88373,88429,1972,90401,1253
2021-05-30,Alpine,003,1148,87,88,0,88,0
2021-05-30,Amador,005,37829,3686,3685,33,3718,46
2021-05-30,Butte,007,227075,12588,12427,1828,14255,190
2021-05-30,Calaveras,009,45235,2173,2166,13,2179,55
2021-05-30,Colusa,011,21464,1953,1954,314,2268,15
2021-05-30,Contra Costa,013,1133247,69827,69381,1291,70672,813
2021-05-30,Del Norte,015,27424,1420,1393,13,1406,8
2021-05-30,El Dorado,017,186661,10323,10271,749,11020,110
2021-05-30,Fresno,019,978130,102889,102499,8733,111232,1706
2021-05-30,Glenn,021,27897,2437,2422,563,2985,18
2021-05-30,Humboldt,023,135768,4299,4291,38,4329,42
2021-05-30,Imperial,025,180216,28646,28732,2754,31486,736
2021-05-30,Inyo,027,18085,1404,1403,13,1416,35
2021-05-30,Kern,029,883053,97430,96443,11010,107453,1319
2021-05-30,Kings,031,150075,23189,22974,1095,24069,244
2021-05-30,Lake,033,64148,3536,3517,9,3526,45
2021-05-30,Lassen,035,31185,5217,5171,115,5286,6
2021-05-30,Los Angeles,037,10098052,1207093,1202425,41534,1243959,24360
2021-05-30,Madera,039,155013,16647,16538,942,17480,240
2021-05-30,Marin,041,260295,14123,14083,261,14344,229
2021-05-30,Mariposa,043,17540,435,430,11,441,5
2021-05-30,Mendocino,045,87422,4029,3955,82,4037,47
2021-05-30,Merced,047,269075,31077,31189,1053,32242,456
2021-05-30,Modoc,049,8938,382,374,131,505,3
2021-05-30,Mono,051,14174,1263,1275,17,1292,3
2021-05-30,Monterey,053,433212,43197,43049,1874,44923,379
2021-05-30,Napa,055,140530,9920,9948,38,9986,82
2021-05-30,Nevada,057,99092,4845,4818,191,5009,72
2021-05-30,Orange,059,3164182,255528,254559,11434,265993,5051
2021-05-30,Placer,061,380077,23372,23016,1508,24524,293
2021-05-30,Plumas,063,18699,709,690,11,701,4
2021-05-30,Riverside,065,2383286,294369,288961,14073,303034,4442
2021-05-30,Sacramento,067,1510023,106523,106252,1770,108022,1644
2021-05-30,San Benito,069,59416,6062,6072,115,6187,63
2021-05-30,San Bernardino,071,2135413,293603,292981,9014,301995,4758
2021-05-30,San Diego,073,3302833,281153,280209,14999,295208,3756
2021-05-30,San Francisco,075,870044,36798,37016,1296,38312,550
2021-05-30,San Joaquin,077,732212,73334,72853,3575,76428,1383
2021-05-30,San Luis Obispo,079,281455,21433,21211,748,21959,256
2021-05-30,San Mateo,081,765935,42400,42386,476,42862,439
2021-05-30,Santa Barbara,083,443738,34467,34369,1138,35507,456
2021-05-30,Santa Clara,085,1922200,118760,119510,766,120276,2057
2021-05-30,Santa Cruz,087,273765,16251,16140,814,16954,207
2021-05-30,Shasta,089,179085,12365,12408,1584,13992,199
2021-05-30,Sierra,091,2930,57,55,12,67,0
2021-05-30,Siskiyou,093,43540,1942,1856,367,2223,21
2021-05-30,Solano,095,438530,32946,32952,559,33511,256
2021-05-30,Sonoma,097,501317,30198,30310,340,30650,322
2021-05-30,Stanislaus,099,539301,56499,56323,5970,62293,973
2021-05-30,Sutter,101,95872,9486,9519,87,9606,111
2021-05-30,Tehama,103,63373,5100,5073,581,5654,63
2021-05-30,Trinity,105,12862,483,328,95,423,3
2021-05-30,Tulare,107,460477,50283,49397,9080,58477,845
2021-05-30,Tuolumne,109,53932,4035,4094,40,4134,63
2021-05-30,Ventura,111,848112,81456,81012,3000,84012,1021
2021-05-30,Yolo,113,214977,14060,14059,321,14380,210
2021-05-30,Yuba,115,75493,6083,6063,126,6189,48
2021-05-29,Alameda,001,1643700,88350,88433,1970,90403,1253
2021-05-29,Alpine,003,1148,87,88,0,88,0
2021-05-29,Amador,005,37829,3685,3683,33,3716,46
2021-05-29,Butte,007,227075,12582,12425,1828,14253,190
2021-05-29,Calaveras,009,45235,2172,2166,13,2179,55
2021-05-29,Colusa,011,21464,1950,1954,314,2268,15
2021-05-29,Contra Costa,013,1133247,69794,69351,1291,70642,813
2021-05-29,Del Norte,015,27424,1420,1391,13,1404,8
2021-05-29,El Dorado,017,186661,10322,10269,747,11016,110
2021-05-29,Fresno,019,978130,102877,102470,8730,111200,1706
2021-05-29,Glenn,021,27897,2437,2422,562,2984,18
2021-05-29,Humboldt,023,135768,4293,4283,38,4321,42
2021-05-29,Imperial,025,180216,28643,28729,2753,31482,736
2021-05-29,Inyo,027,18085,1404,1404,13,1417,35
2021-05-29,Kern,029,883053,97419,96424,10997,107421,1319
2021-05-29,Kings,031,150075,23188,22970,1094,24064,244
2021-05-29,Lake,033,64148,3536,3515,9,3524,45
2021-05-29,Lassen,035,31185,5217,5171,115,5286,6
2021-05-29,Los Angeles,037,10098052,1206970,1202264,41530,1243794,24359
2021-05-29,Madera,039,155013,16645,16535,942,17477,240
2021-05-29,Marin,041,260295,14119,14071,260,14331,229
2021-05-29,Mariposa,043,17540,434,428,11,439,5
2021-05-29,Mendocino,045,87422,4023,3952,82,4034,47
2021-05-29,Merced,047,269075,31065,31187,1053,32240,456
2021-05-29,Modoc,049,8938,382,374,131,505,3
2021-05-29,Mono,051,14174,1263,1275,17,1292,3
2021-05-29,Monterey,053,433212,43195,43042,1874,44916,379
2021-05-29,Napa,055,140530,9917,9948,38,9986,82
2021-05-29,Nevada,057,99092,4844,4816,191,5007,72
2021-05-29,Orange,059,3164182,255506,254537,11424,265961,5049
2021-05-29,Placer,061,380077,23357,23009,1507,24516,293
2021-05-29,Plumas,063,18699,709,689,11,700,4
2021-05-29,Riverside,065,2383286,294349,288908,14072,302980,4442
2021-05-29,Sacramento,067,1510023,106493,106218,1769,107987,1643
2021-05-29,San Benito,069,59416,6061,6072,115,6187,63
2021-05-29,San Bernardino,071,2135413,293571,292961,9013,301974,4757
2021-05-29,San Diego,073,3302833,281094,280151,14994,295145,3756
2021-05-29,San Francisco,075,870044,36789,37008,1296,38304,550
2021-05-29,San Joaquin,077,732212,73318,72827,3573,76400,1383
2021-05-29,San Luis Obispo,079,281455,21431,21201,748,21949,256
2021-05-29,San Mateo,081,765935,42392,42375,475,42850,439
2021-05-29,Santa Barbara,083,443738,34463,34367,1138,35505,456
2021-05-29,Santa Clara,085,1922200,118736,119498,765,120263,2056
2021-05-29,Santa Cruz,087,273765,16250,16137,814,16951,207
2021-05-29,Shasta,089,179085,12357,12401,1583,13984,199
2021-05-29,Sierra,091,2930,57,55,12,67,0
2021-05-29,Siskiyou,093,43540,1937,1856,367,2223,21
2021-05-29,Solano,095,438530,32937,32917,559,33476,256
2021-05-29,Sonoma,097,501317,30175,30298,339,30637,322
2021-05-29,Stanislaus,099,539301,56481,56305,5968,62273,974
2021-05-29,Sutter,101,95872,9482,9516,87,9603,111
2021-05-29,Tehama,103,63373,5099,5070,581,5651,63
2021-05-29,Trinity,105,12862,483,328,95,423,3
2021-05-29,Tulare,107,460477,50273,49392,9076,58468,845
2021-05-29,Tuolumne,109,53932,4035,4093,40,4133,63
2021-05-29,Ventura,111,848112,81448,81008,3000,84008,1021
2021-05-29,Yolo,113,214977,14059,14055,321,14376,210
2021-05-29,Yuba,115,75493,6083,6059,126,6185,48
2021-05-28,Alameda,001,1643700,88326,88391,1966,90357,1261
2021-05-28,Alpine,003,1148,87,88,0,88,0
2021-05-28,Amador,005,37829,3685,3680,33,3713,46
2021-05-28,Butte,007,227075,12579,12407,1827,14234,190
2021-05-28,Calaveras,009,45235,2171,2165,13,2178,55
2021-05-28,Colusa,011,21464,1950,1954,312,2266,15
2021-05-28,Contra Costa,013,1133247,69758,69290,1290,70580,813
2021-05-28,Del Norte,015,27424,1419,1390,13,1403,8
2021-05-28,El Dorado,017,186661,10319,10265,747,11012,110
2021-05-28,Fresno,019,978130,102862,102437,8730,111167,1705
2021-05-28,Glenn,021,27897,2437,2419,562,2981,18
2021-05-28,Humboldt,023,135768,4286,4265,38,4303,42
2021-05-28,Imperial,025,180216,28640,28722,2753,31475,736
2021-05-28,Inyo,027,18085,1404,1404,13,1417,35
2021-05-28,Kern,029,883053,97402,96396,10989,107385,1320
2021-05-28,Kings,031,150075,23186,22962,1094,24056,244
2021-05-28,Lake,033,64148,3534,3515,9,3524,45
2021-05-28,Lassen,035,31185,5217,5169,115,5284,6
2021-05-28,Los Angeles,037,10098052,1206860,1202103,41519,1243622,24357
2021-05-28,Madera,039,155013,16643,16530,942,17472,240
2021-05-28,Marin,041,260295,14118,14063,259,14322,229
2021-05-28,Mariposa,043,17540,434,428,11,439,5
2021-05-28,Mendocino,045,87422,4018,3947,82,4029,47
2021-05-28,Merced,047,269075,31062,31176,1053,32229,455
2021-05-28,Modoc,049,8938,382,374,131,505,3
2021-05-28,Mono,051,14174,1263,1274,17,1291,3
2021-05-28,Monterey,053,433212,43194,43036,1874,44910,379
2021-05-28,Napa,055,140530,9917,9941,38,9979,82
2021-05-28,Nevada,057,99092,4842,4813,191,5004,71
2021-05-28,Orange,059,3164182,255486,254494,11422,265916,5047
2021-05-28,Placer,061,380077,23347,22987,1505,24492,293
2021-05-28,Plumas,063,18699,707,688,11,699,4
2021-05-28,Riverside,065,2383286,294327,288872,14070,302942,4442
2021-05-28,Sacramento,067,1510023,106437,106131,1767,107898,1642
2021-05-28,San Benito,069,59416,6061,6074,115,6189,63
2021-05-28,San Bernardino,071,2135413,293548,292905,9013,301918,4757
2021-05-28,San Diego,073,3302833,281031,280043,14983,295026,3756
2021-05-28,San Francisco,075,870044,36783,36987,1296,38283,546
2021-05-28,San Joaquin,077,732212,73288,72793,3571,76364,1383
2021-05-28,San Luis Obispo,079,281455,21426,21190,746,21936,256
2021-05-28,San Mateo,081,765935,42386,42364,475,42839,439
2021-05-28,Santa Barbara,083,443738,34462,34371,1138,35509,455
2021-05-28,Santa Clara,085,1922200,118712,119462,765,120227,2056
2021-05-28,Santa Cruz,087,273765,16249,16129,814,16943,207
2021-05-28,Shasta,089,179085,12348,12383,1581,13964,198
2021-05-28,Sierra,091,2930,57,54,12,66,0
2021-05-28,Siskiyou,093,43540,1935,1850,367,2217,19
2021-05-28,Solano,095,438530,32922,32892,559,33451,256
2021-05-28,Sonoma,097,501317,30156,30270,339,30609,321
2021-05-28,Stanislaus,099,539301,56463,56278,5965,62243,974
2021-05-28,Sutter,101,95872,9478,9511,87,9598,111
2021-05-28,Tehama,103,63373,5093,5064,581,5645,63
2021-05-28,Trinity,105,12862,483,328,95,423,3
2021-05-28,Tulare,107,460477,50268,49375,9067,58442,846
2021-05-28,Tuolumne,109,53932,4035,4090,40,4130,63
2021-05-28,Ventura,111,848112,81437,80985,2999,83984,1021
2021-05-28,Yolo,113,214977,14056,14050,320,14370,210
2021-05-28,Yuba,115,75493,6081,6050,125,6175,48
2021-05-27,Alameda,001,1643700,88291,88342,1965,90307,1274
2021-05-27,Alpine,003,1148,87,88,0,88,0
2021-05-27,Amador,005,37829,3682,3680,33,3713,46
2021-05-27,Butte,007,227075,12574,12401,1826,14227,190
2021-05-27,Calaveras,009,45235,2170,2163,13,2176,55
2021-05-27,Colusa,011,21464,1947,1952,312,2264,15
2021-05-27,Contra Costa,013,1133247,69716,69245,1288,70533,813
2021-05-27,Del Norte,015,27424,1419,1388,13,1401,8
2021-05-27,El Dorado,017,186661,10318,10248,747,10995,112
2021-05-27,Fresno,019,978130,102845,102413,8727,111140,1704
2021-05-27,Glenn,021,27897,2437,2415,562,2977,18
2021-05-27,Humboldt,023,135768,4278,4260,38,4298,42
2021-05-27,Imperial,025,180216,28629,28728,2753,31481,736
2021-05-27,Inyo,027,18085,1404,1404,13,1417,35
2021-05-27,Kern,029,883053,97386,96364,10981,107345,1322
2021-05-27,Kings,031,150075,23183,22953,1094,24047,245
2021-05-27,Lake,033,64148,3529,3509,9,3518,45
2021-05-27,Lassen,035,31185,5216,5170,114,5284,6
2021-05-27,Los Angeles,037,10098052,1206695,1201927,41504,1243431,24348
2021-05-27,Madera,039,155013,16634,16527,942,17469,240
2021-05-27,Marin,041,260295,14114,14061,259,14320,229
2021-05-27,Mariposa,043,17540,432,427,11,438,5
2021-05-27,Mendocino,045,87422,4012,3945,82,4027,47
2021-05-27,Merced,047,269075,31050,31161,1053,32214,455
2021-05-27,Modoc,049,8938,381,374,131,505,3
2021-05-27,Mono,051,14174,1263,1276,17,1293,3
2021-05-27,Monterey,053,433212,43188,43032,1874,44906,379
2021-05-27,Napa,055,140530,9916,9934,38,9972,82
2021-05-27,Nevada,057,99092,4838,4807,189,4996,71
2021-05-27,Orange,059,3164182,255449,254438,11418,265856,5059
2021-05-27,Placer,061,380077,23338,22966,1505,24471,293
2021-05-27,Plumas,063,18699,707,687,11,698,4
2021-05-27,Riverside,065,2383286,294291,288835,14065,302900,4443
2021-05-27,Sacramento,067,1510023,106362,106015,1765,107780,1642
2021-05-27,San Benito,069,59416,6060,6074,115,6189,63
2021-05-27,San Bernardino,071,2135413,293511,292755,9011,301766,4756
2021-05-27,San Diego,073,3302833,280957,279960,14969,294929,3756
2021-05-27,San Francisco,075,870044,36777,36980,1293,38273,546
2021-05-27,San Joaquin,077,732212,73256,72714,3567,76281,1388
2021-05-27,San Luis Obispo,079,281455,21421,21171,746,21917,256
2021-05-27,San Mateo,081,765935,42377,42345,475,42820,436
2021-05-27,Santa Barbara,083,443738,34457,34355,1138,35493,456
2021-05-27,Santa Clara,085,1922200,118691,119452,765,120217,2053
2021-05-27,Santa Cruz,087,273765,16247,16134,814,16948,207
2021-05-27,Shasta,089,179085,12338,12380,1581,13961,202
2021-05-27,Sierra,091,2930,57,54,12,66,0
2021-05-27,Siskiyou,093,43540,1932,1846,367,2213,18
2021-05-27,Solano,095,438530,32881,32855,558,33413,257
2021-05-27,Sonoma,097,501317,30129,30253,335,30588,321
2021-05-27,Stanislaus,099,539301,56438,56207,5964,62171,974
2021-05-27,Sutter,101,95872,9474,9501,87,9588,111
2021-05-27,Tehama,103,63373,5090,5064,580,5644,63
2021-05-27,Trinity,105,12862,483,328,95,423,3
2021-05-27,Tulare,107,460477,50254,49366,9058,58424,840
2021-05-27,Tuolumne,109,53932,4034,4090,40,4130,66
2021-05-27,Ventura,111,848112,81424,80965,2996,83961,1023
2021-05-27,Yolo,113,214977,14053,14036,320,14356,213
2021-05-27,Yuba,115,75493,6076,6040,124,6164,48
2021-05-26,Alameda,001,1643700,88262,88297,1965,90262,1266
2021-05-26,Alpine,003,1148,87,88,0,88,0
2021-05-26,Amador,005,37829,3682,3679,33,3712,46
2021-05-26,Butte,007,227075,12565,12332,1825,14157,190
2021-05-26,Calaveras,009,45235,2169,2154,13,2167,55
2021-05-26,Colusa,011,21464,1946,1952,312,2264,15
2021-05-26,Contra Costa,013,1133247,69679,69210,1288,70498,812
2021-05-26,Del Norte,015,27424,1419,1386,12,1398,8
2021-05-26,El Dorado,017,186661,10314,10242,746,10988,112
2021-05-26,Fresno,019,978130,102813,102374,8722,111096,1702
2021-05-26,Glenn,021,27897,2436,2415,562,2977,18
2021-05-26,Humboldt,023,135768,4273,4246,38,4284,42
2021-05-26,Imperial,025,180216,28624,28712,2751,31463,734
2021-05-26,Inyo,027,18085,1404,1403,13,1416,36
2021-05-26,Kern,029,883053,97361,96343,10974,107317,1320
2021-05-26,Kings,031,150075,23179,22950,1093,24043,245
2021-05-26,Lake,033,64148,3528,3508,9,3517,45
2021-05-26,Lassen,035,31185,5215,5164,114,5278,6
2021-05-26,Los Angeles,037,10098052,1206528,1198100,41487,1239587,24221
2021-05-26,Madera,039,155013,16631,16520,942,17462,240
2021-05-26,Marin,041,260295,14111,14061,258,14319,227
2021-05-26,Mariposa,043,17540,432,427,11,438,5
2021-05-26,Mendocino,045,87422,4006,3938,82,4020,47
2021-05-26,Merced,047,269075,31041,31139,1053,32192,455
2021-05-26,Modoc,049,8938,381,371,130,501,3
2021-05-26,Mono,051,14174,1263,1274,17,1291,3
2021-05-26,Monterey,053,433212,43182,43018,1873,44891,379
2021-05-26,Napa,055,140530,9909,9932,36,9968,82
2021-05-26,Nevada,057,99092,4833,4803,189,4992,70
2021-05-26,Orange,059,3164182,255413,254368,11415,265783,5058
2021-05-26,Placer,061,380077,23314,22940,1505,24445,293
2021-05-26,Plumas,063,18699,706,685,11,696,4
2021-05-26,Riverside,065,2383286,294245,288782,14058,302840,4443
2021-05-26,Sacramento,067,1510023,106276,105919,1761,107680,1637
2021-05-26,San Benito,069,59416,6060,6074,115,6189,63
2021-05-26,San Bernardino,071,2135413,293476,292662,9010,301672,4755
2021-05-26,San Diego,073,3302833,280882,279859,14959,294818,3755
2021-05-26,San Francisco,075,870044,36765,36954,1293,38247,546
2021-05-26,San Joaquin,077,732212,73214,72681,3564,76245,1388
2021-05-26,San Luis Obispo,079,281455,21415,21163,746,21909,256
2021-05-26,San Mateo,081,765935,42369,42331,475,42806,436
2021-05-26,Santa Barbara,083,443738,34448,34348,1138,35486,459
2021-05-26,Santa Clara,085,1922200,118664,119421,764,120185,2031
2021-05-26,Santa Cruz,087,273765,16246,16139,814,16953,207
2021-05-26,Shasta,089,179085,12323,12357,1578,13935,202
2021-05-26,Sierra,091,2930,57,54,12,66,0
2021-05-26,Siskiyou,093,43540,1930,1847,365,2212,18
2021-05-26,Solano,095,438530,32845,32831,558,33389,257
2021-05-26,Sonoma,097,501317,30102,30230,335,30565,321
2021-05-26,Stanislaus,099,539301,56416,56193,5962,62155,974
2021-05-26,Sutter,101,95872,9469,9495,87,9582,112
2021-05-26,Tehama,103,63373,5089,5054,577,5631,63
2021-05-26,Trinity,105,12862,483,328,95,423,3
2021-05-26,Tulare,107,460477,50247,49352,9054,58406,839
2021-05-26,Tuolumne,109,53932,4030,4088,39,4127,66
2021-05-26,Ventura,111,848112,81401,80944,2994,83938,1023
2021-05-26,Yolo,113,214977,14050,14025,320,14345,213
2021-05-26,Yuba,115,75493,6071,6036,124,6160,49
2021-05-25,Alameda,001,1643700,88232,88237,1965,90202,1263
2021-05-25,Alpine,003,1148,87,88,0,88,0
2021-05-25,Amador,005,37829,3677,3676,33,3709,46
2021-05-25,Butte,007,227075,12554,12295,1824,14119,189
2021-05-25,Calaveras,009,45235,2167,2148,13,2161,55
2021-05-25,Colusa,011,21464,1945,1949,312,2261,15
2021-05-25,Contra Costa,013,1133247,69627,69167,1283,70450,809
2021-05-25,Del Norte,015,27424,1419,1385,12,1397,8
2021-05-25,El Dorado,017,186661,10307,10240,745,10985,112
2021-05-25,Fresno,019,978130,102792,102329,8720,111049,1701
2021-05-25,Glenn,021,27897,2435,2414,561,2975,17
2021-05-25,Humboldt,023,135768,4266,4231,36,4267,42
2021-05-25,Imperial,025,180216,28617,28586,2751,31337,735
2021-05-25,Inyo,027,18085,1404,1402,13,1415,36
2021-05-25,Kern,029,883053,97330,96319,10960,107279,1319
2021-05-25,Kings,031,150075,23172,22944,1093,24037,245
2021-05-25,Lake,033,64148,3527,3508,9,3517,44
2021-05-25,Lassen,035,31185,5211,5164,114,5278,6
2021-05-25,Los Angeles,037,10098052,1206346,1197940,41468,1239408,24212
2021-05-25,Madera,039,155013,16626,16519,941,17460,240
2021-05-25,Marin,041,260295,14105,14053,258,14311,227
2021-05-25,Mariposa,043,17540,431,427,11,438,5
2021-05-25,Mendocino,045,87422,4001,3928,82,4010,47
2021-05-25,Merced,047,269075,31020,31132,1053,32185,455
2021-05-25,Modoc,049,8938,380,367,130,497,3
2021-05-25,Mono,051,14174,1263,1274,17,1291,3
2021-05-25,Monterey,053,433212,43178,43012,1872,44884,379
2021-05-25,Napa,055,140530,9907,9926,36,9962,82
2021-05-25,Nevada,057,99092,4827,4795,189,4984,70
2021-05-25,Orange,059,3164182,255384,254321,11414,265735,5057
2021-05-25,Placer,061,380077,23303,22920,1503,24423,292
2021-05-25,Plumas,063,18699,706,684,11,695,4
2021-05-25,Riverside,065,2383286,294206,288725,14055,302780,4443
2021-05-25,Sacramento,067,1510023,106195,105828,1757,107585,1633
2021-05-25,San Benito,069,59416,6060,6073,115,6188,63
2021-05-25,San Bernardino,071,2135413,293416,292485,9008,301493,4755
2021-05-25,San Diego,073,3302833,280800,279786,14954,294740,3753
2021-05-25,San Francisco,075,870044,36742,36939,1293,38232,546
2021-05-25,San Joaquin,077,732212,73172,72628,3561,76189,1387
2021-05-25,San Luis Obispo,079,281455,21412,21153,746,21899,256
2021-05-25,San Mateo,081,765935,42359,42268,475,42743,435
2021-05-25,Santa Barbara,083,443738,34445,34337,1138,35475,459
2021-05-25,Santa Clara,085,1922200,118640,119393,763,120156,2032
2021-05-25,Santa Cruz,087,273765,16241,16141,814,16955,207
2021-05-25,Shasta,089,179085,12314,12328,1576,13904,202
2021-05-25,Sierra,091,2930,56,54,12,66,0
2021-05-25,Siskiyou,093,43540,1929,1845,364,2209,18
2021-05-25,Solano,095,438530,32826,32817,557,33374,256
2021-05-25,Sonoma,097,501317,30073,30207,334,30541,321
2021-05-25,Stanislaus,099,539301,56380,56168,5959,62127,974
2021-05-25,Sutter,101,95872,9465,9495,87,9582,112
2021-05-25,Tehama,103,63373,5087,5048,576,5624,63
2021-05-25,Trinity,105,12862,483,328,94,422,3
2021-05-25,Tulare,107,460477,50237,49326,9046,58372,838
2021-05-25,Tuolumne,109,53932,4030,4084,39,4123,66
2021-05-25,Ventura,111,848112,81383,80905,2994,83899,1022
2021-05-25,Yolo,113,214977,14042,14018,318,14336,213
2021-05-25,Yuba,115,75493,6064,6028,124,6152,49
2021-05-24,Alameda,001,1643700,88192,88182,1964,90146,1263
2021-05-24,Alpine,003,1148,87,88,0,88,0
2021-05-24,Amador,005,37829,3675,3675,33,3708,46
2021-05-24,Butte,007,227075,12541,12279,1821,14100,189
2021-05-24,Calaveras,009,45235,2165,2146,13,2159,54
2021-05-24,Colusa,011,21464,1945,1949,312,2261,15
2021-05-24,Contra Costa,013,1133247,69586,69107,1279,70386,809
2021-05-24,Del Norte,015,27424,1418,1384,12,1396,8
2021-05-24,El Dorado,017,186661,10297,10227,744,10971,112
2021-05-24,Fresno,019,978130,102750,102289,8719,111008,1698
2021-05-24,Glenn,021,27897,2435,2413,561,2974,17
2021-05-24,Humboldt,023,135768,4259,4225,36,4261,42
2021-05-24,Imperial,025,180216,28615,28575,2751,31326,735
2021-05-24,Inyo,027,18085,1404,1402,13,1415,36
2021-05-24,Kern,029,883053,97303,96296,10955,107251,1319
2021-05-24,Kings,031,150075,23168,22940,1093,24033,246
2021-05-24,Lake,033,64148,3525,3506,9,3515,43
2021-05-24,Lassen,035,31185,5207,5163,114,5277,6
2021-05-24,Los Angeles,037,10098052,1206171,1197782,41454,1239236,24201
2021-05-24,Madera,039,155013,16622,16513,940,17453,239
2021-05-24,Marin,041,260295,14103,14051,258,14309,227
2021-05-24,Mariposa,043,17540,430,427,11,438,5
2021-05-24,Mendocino,045,87422,3999,3919,82,4001,47
2021-05-24,Merced,047,269075,31010,31128,1052,32180,455
2021-05-24,Modoc,049,8938,380,366,129,495,3
2021-05-24,Mono,051,14174,1263,1270,17,1287,3
2021-05-24,Monterey,053,433212,43173,43005,1871,44876,379
2021-05-24,Napa,055,140530,9907,9924,36,9960,82
2021-05-24,Nevada,057,99092,4824,4790,189,4979,70
2021-05-24,Orange,059,3164182,255350,254287,11404,265691,5056
2021-05-24,Placer,061,380077,23284,22895,1502,24397,292
2021-05-24,Plumas,063,18699,705,683,11,694,4
2021-05-24,Riverside,065,2383286,294149,288669,14045,302714,4442
2021-05-24,Sacramento,067,1510023,106080,105716,1756,107472,1632
2021-05-24,San Benito,069,59416,6060,6072,115,6187,63
2021-05-24,San Bernardino,071,2135413,293376,292343,9007,301350,4747
2021-05-24,San Diego,073,3302833,280692,279715,14944,294659,3749
2021-05-24,San Francisco,075,870044,36722,36934,1291,38225,547
2021-05-24,San Joaquin,077,732212,73140,72586,3560,76146,1371
2021-05-24,San Luis Obispo,079,281455,21394,21146,745,21891,256
2021-05-24,San Mateo,081,765935,42349,42249,475,42724,433
2021-05-24,Santa Barbara,083,443738,34440,34322,1138,35460,459
2021-05-24,Santa Clara,085,1922200,118608,119358,763,120121,2030
2021-05-24,Santa Cruz,087,273765,16235,16135,814,16949,207
2021-05-24,Shasta,089,179085,12297,12315,1573,13888,201
2021-05-24,Sierra,091,2930,56,54,12,66,0
2021-05-24,Siskiyou,093,43540,1926,1840,364,2204,17
2021-05-24,Solano,095,438530,32801,32792,556,33348,254
2021-05-24,Sonoma,097,501317,30058,30187,334,30521,321
2021-05-24,Stanislaus,099,539301,56346,56128,5955,62083,974
2021-05-24,Sutter,101,95872,9459,9486,87,9573,113
2021-05-24,Tehama,103,63373,5084,5043,574,5617,63
2021-05-24,Trinity,105,12862,483,328,94,422,3
2021-05-24,Tulare,107,460477,50230,49318,9042,58360,838
2021-05-24,Tuolumne,109,53932,4030,4083,39,4122,65
2021-05-24,Ventura,111,848112,81370,80876,2992,83868,1022
2021-05-24,Yolo,113,214977,14025,14012,316,14328,213
2021-05-24,Yuba,115,75493,6055,6022,124,6146,49
2021-05-23,Alameda,001,1643700,88129,88157,1961,90118,1263
2021-05-23,Alpine,003,1148,87,88,0,88,0
2021-05-23,Amador,005,37829,3674,3673,33,3706,46
2021-05-23,Butte,007,227075,12527,12271,1820,14091,189
2021-05-23,Calaveras,009,45235,2157,2144,13,2157,54
2021-05-23,Colusa,011,21464,1945,1949,310,2259,15
2021-05-23,Contra Costa,013,1133247,69542,69075,1277,70352,809
2021-05-23,Del Norte,015,27424,1414,1383,12,1395,8
2021-05-23,El Dorado,017,186661,10291,10222,744,10966,112
2021-05-23,Fresno,019,978130,102705,102270,8714,110984,1698
2021-05-23,Glenn,021,27897,2433,2413,561,2974,17
2021-05-23,Humboldt,023,135768,4242,4216,36,4252,42
2021-05-23,Imperial,025,180216,28609,28569,2750,31319,735
2021-05-23,Inyo,027,18085,1404,1402,13,1415,36
2021-05-23,Kern,029,883053,97279,96282,10947,107229,1319
2021-05-23,Kings,031,150075,23155,22939,1091,24030,246
2021-05-23,Lake,033,64148,3522,3504,9,3513,43
2021-05-23,Lassen,035,31185,5203,5163,113,5276,6
2021-05-23,Los Angeles,037,10098052,1205982,1197633,41443,1239076,24197
2021-05-23,Madera,039,155013,16616,16504,940,17444,239
2021-05-23,Marin,041,260295,14094,14048,257,14305,227
2021-05-23,Mariposa,043,17540,430,427,11,438,5
2021-05-23,Mendocino,045,87422,3993,3913,81,3994,47
2021-05-23,Merced,047,269075,31000,31118,1052,32170,455
2021-05-23,Modoc,049,8938,376,366,129,495,3
2021-05-23,Mono,051,14174,1262,1270,17,1287,3
2021-05-23,Monterey,053,433212,43163,43003,1871,44874,379
2021-05-23,Napa,055,140530,9903,9923,36,9959,82
2021-05-23,Nevada,057,99092,4814,4790,189,4979,70
2021-05-23,Orange,059,3164182,255312,254277,11398,265675,5050
2021-05-23,Placer,061,380077,23264,22888,1502,24390,292
2021-05-23,Plumas,063,18699,704,683,11,694,4
2021-05-23,Riverside,065,2383286,294080,288641,14041,302682,4442
2021-05-23,Sacramento,067,1510023,105964,105663,1753,107416,1632
2021-05-23,San Benito,069,59416,6059,6072,115,6187,63
2021-05-23,San Bernardino,071,2135413,293325,292327,9006,301333,4747
2021-05-23,San Diego,073,3302833,280602,279690,14933,294623,3751
2021-05-23,San Francisco,075,870044,36711,36927,1290,38217,547
2021-05-23,San Joaquin,077,732212,73091,72571,3557,76128,1371
2021-05-23,San Luis Obispo,079,281455,21384,21141,744,21885,256
2021-05-23,San Mateo,081,765935,42332,42248,475,42723,433
2021-05-23,Santa Barbara,083,443738,34433,34319,1138,35457,459
2021-05-23,Santa Clara,085,1922200,118584,119333,763,120096,2030
2021-05-23,Santa Cruz,087,273765,16232,16130,814,16944,207
2021-05-23,Shasta,089,179085,12280,12313,1569,13882,201
2021-05-23,Sierra,091,2930,56,54,12,66,0
2021-05-23,Siskiyou,093,43540,1921,1826,357,2183,17
2021-05-23,Solano,095,438530,32783,32780,555,33335,254
2021-05-23,Sonoma,097,501317,30029,30168,333,30501,321
2021-05-23,Stanislaus,099,539301,56298,56104,5952,62056,974
2021-05-23,Sutter,101,95872,9450,9479,87,9566,113
2021-05-23,Tehama,103,63373,5077,5041,572,5613,63
2021-05-23,Trinity,105,12862,483,328,94,422,3
2021-05-23,Tulare,107,460477,50216,49310,9038,58348,838
2021-05-23,Tuolumne,109,53932,4027,4081,39,4120,65
2021-05-23,Ventura,111,848112,81340,80872,2991,83863,1022
2021-05-23,Yolo,113,214977,14013,14004,313,14317,213
2021-05-23,Yuba,115,75493,6050,6017,124,6141,49
2021-05-22,Alameda,001,1643700,88102,88101,1961,90062,1263
2021-05-22,Alpine,003,1148,87,88,0,88,0
2021-05-22,Amador,005,37829,3673,3672,33,3705,46
2021-05-22,Butte,007,227075,12515,12265,1819,14084,189
2021-05-22,Calaveras,009,45235,2153,2141,13,2154,54
2021-05-22,Colusa,011,21464,1941,1949,309,2258,15
2021-05-22,Contra Costa,013,1133247,69509,69004,1276,70280,809
2021-05-22,Del Norte,015,27424,1413,1381,12,1393,8
2021-05-22,El Dorado,017,186661,10286,10215,743,10958,112
2021-05-22,Fresno,019,978130,102691,102238,8712,110950,1698
2021-05-22,Glenn,021,27897,2433,2412,561,2973,17
2021-05-22,Humboldt,023,135768,4233,4194,35,4229,42
2021-05-22,Imperial,025,180216,28600,28574,2750,31324,735
2021-05-22,Inyo,027,18085,1404,1402,13,1415,36
2021-05-22,Kern,029,883053,97267,96260,10940,107200,1319
2021-05-22,Kings,031,150075,23155,22936,1091,24027,246
2021-05-22,Lake,033,64148,3519,3502,9,3511,43
2021-05-22,Lassen,035,31185,5203,5163,113,5276,6
2021-05-22,Los Angeles,037,10098052,1205871,1197454,41435,1238889,24192
2021-05-22,Madera,039,155013,16613,16503,940,17443,239
2021-05-22,Marin,041,260295,14091,14043,257,14300,227
2021-05-22,Mariposa,043,17540,430,427,11,438,5
2021-05-22,Mendocino,045,87422,3987,3908,81,3989,47
2021-05-22,Merced,047,269075,30990,31099,1052,32151,455
2021-05-22,Modoc,049,8938,376,366,129,495,3
2021-05-22,Mono,051,14174,1260,1270,17,1287,3
2021-05-22,Monterey,053,433212,43157,42998,1871,44869,379
2021-05-22,Napa,055,140530,9901,9918,36,9954,82
2021-05-22,Nevada,057,99092,4807,4787,188,4975,70
2021-05-22,Orange,059,3164182,255291,254238,11392,265630,5048
2021-05-22,Placer,061,380077,23250,22865,1501,24366,292
2021-05-22,Plumas,063,18699,703,683,11,694,4
2021-05-22,Riverside,065,2383286,294048,288580,14040,302620,4442
2021-05-22,Sacramento,067,1510023,105889,105551,1750,107301,1632
2021-05-22,San Benito,069,59416,6059,6071,115,6186,63
2021-05-22,San Bernardino,071,2135413,293300,292292,9006,301298,4747
2021-05-22,San Diego,073,3302833,280543,279614,14925,294539,3751
2021-05-22,San Francisco,075,870044,36701,36906,1288,38194,547
2021-05-22,San Joaquin,077,732212,73069,72528,3554,76082,1371
2021-05-22,San Luis Obispo,079,281455,21376,21134,743,21877,256
2021-05-22,San Mateo,081,765935,42322,42218,475,42693,433
2021-05-22,Santa Barbara,083,443738,34429,34313,1137,35450,459
2021-05-22,Santa Clara,085,1922200,118560,119292,763,120055,2030
2021-05-22,Santa Cruz,087,273765,16232,16125,814,16939,207
2021-05-22,Shasta,089,179085,12273,12307,1566,13873,201
2021-05-22,Sierra,091,2930,56,54,12,66,0
2021-05-22,Siskiyou,093,43540,1920,1824,356,2180,17
2021-05-22,Solano,095,438530,32770,32753,555,33308,254
2021-05-22,Sonoma,097,501317,30017,30154,333,30487,321
2021-05-22,Stanislaus,099,539301,56275,56069,5950,62019,974
2021-05-22,Sutter,101,95872,9445,9476,87,9563,113
2021-05-22,Tehama,103,63373,5076,5036,572,5608,63
2021-05-22,Trinity,105,12862,483,328,94,422,3
2021-05-22,Tulare,107,460477,50210,49299,9033,58332,838
2021-05-22,Tuolumne,109,53932,4027,4078,39,4117,65
2021-05-22,Ventura,111,848112,81336,80859,2991,83850,1022
2021-05-22,Yolo,113,214977,14011,13997,313,14310,213
2021-05-22,Yuba,115,75493,6047,6010,124,6134,49
2021-05-21,Alameda,001,1643700,88076,88041,1960,90001,1263
2021-05-21,Alpine,003,1148,87,88,0,88,0
2021-05-21,Amador,005,37829,3670,3672,33,3705,46
2021-05-21,Butte,007,227075,12509,12236,1817,14053,188
2021-05-21,Calaveras,009,45235,2151,2138,13,2151,54
2021-05-21,Colusa,011,21464,1941,1947,309,2256,15
2021-05-21,Contra Costa,013,1133247,69466,68965,1275,70240,810
2021-05-21,Del Norte,015,27424,1412,1376,12,1388,8
2021-05-21,El Dorado,017,186661,10282,10204,743,10947,112
2021-05-21,Fresno,019,978130,102663,102189,8710,110899,1698
2021-05-21,Glenn,021,27897,2432,2408,561,2969,17
2021-05-21,Humboldt,023,135768,4226,4175,35,4210,42
2021-05-21,Imperial,025,180216,28593,28572,2749,31321,732
2021-05-21,Inyo,027,18085,1404,1402,13,1415,36
2021-05-21,Kern,029,883053,97253,96233,10933,107166,1318
2021-05-21,Kings,031,150075,23155,22927,1091,24018,246
2021-05-21,Lake,033,64148,3517,3500,9,3509,43
2021-05-21,Lassen,035,31185,5202,5161,113,5274,6
2021-05-21,Los Angeles,037,10098052,1205759,1197263,41426,1238689,24180
2021-05-21,Madera,039,155013,16612,16500,939,17439,238
2021-05-21,Marin,041,260295,14086,14042,257,14299,227
2021-05-21,Mariposa,043,17540,429,427,11,438,5
2021-05-21,Mendocino,045,87422,3981,3897,81,3978,47
2021-05-21,Merced,047,269075,30982,31076,1052,32128,455
2021-05-21,Modoc,049,8938,376,365,129,494,3
2021-05-21,Mono,051,14174,1260,1269,17,1286,3
2021-05-21,Monterey,053,433212,43155,42995,1871,44866,379
2021-05-21,Napa,055,140530,9897,9913,36,9949,82
2021-05-21,Nevada,057,99092,4806,4779,188,4967,70
2021-05-21,Orange,059,3164182,255272,254171,11390,265561,5042
2021-05-21,Placer,061,380077,23241,22853,1501,24354,292
2021-05-21,Plumas,063,18699,703,683,10,693,4
2021-05-21,Riverside,065,2383286,294021,288499,14033,302532,4442
2021-05-21,Sacramento,067,1510023,105822,105476,1747,107223,1632
2021-05-21,San Benito,069,59416,6059,6068,115,6183,63
2021-05-21,San Bernardino,071,2135413,293268,292205,9003,301208,4744
2021-05-21,San Diego,073,3302833,280470,279554,14915,294469,3748
2021-05-21,San Francisco,075,870044,36696,36879,1288,38167,546
2021-05-21,San Joaquin,077,732212,73049,72467,3552,76019,1371
2021-05-21,San Luis Obispo,079,281455,21370,21128,740,21868,256
2021-05-21,San Mateo,081,765935,42309,42163,474,42637,432
2021-05-21,Santa Barbara,083,443738,34424,34302,1137,35439,459
2021-05-21,Santa Clara,085,1922200,118533,119247,763,120010,2029
2021-05-21,Santa Cruz,087,273765,16228,16120,814,16934,207
2021-05-21,Shasta,089,179085,12256,12289,1564,13853,201
2021-05-21,Sierra,091,2930,56,54,12,66,0
2021-05-21,Siskiyou,093,43540,1919,1815,356,2171,16
2021-05-21,Solano,095,438530,32755,32742,555,33297,254
2021-05-21,Sonoma,097,501317,30004,30126,333,30459,321
2021-05-21,Stanislaus,099,539301,56246,56036,5948,61984,975
2021-05-21,Sutter,101,95872,9443,9470,87,9557,113
2021-05-21,Tehama,103,63373,5070,5030,572,5602,63
2021-05-21,Trinity,105,12862,483,329,93,422,3
2021-05-21,Tulare,107,460477,50205,49271,9031,58302,838
2021-05-21,Tuolumne,109,53932,4025,4079,39,4118,65
2021-05-21,Ventura,111,848112,81328,80821,2988,83809,1021
2021-05-21,Yolo,113,214977,14005,13983,313,14296,213
2021-05-21,Yuba,115,75493,6041,6006,124,6130,49
2021-05-20,Alameda,001,1643700,88032,87975,1959,89934,1264
2021-05-20,Alpine,003,1148,87,88,0,88,0
2021-05-20,Amador,005,37829,3669,3671,33,3704,46
2021-05-20,Butte,007,227075,12502,12220,1814,14034,188
2021-05-20,Calaveras,009,45235,2147,2138,13,2151,54
2021-05-20,Colusa,011,21464,1940,1946,307,2253,15
2021-05-20,Contra Costa,013,1133247,69421,68913,1273,70186,809
2021-05-20,Del Norte,015,27424,1412,1373,12,1385,8
2021-05-20,El Dorado,017,186661,10272,10188,743,10931,112
2021-05-20,Fresno,019,978130,102641,102135,8708,110843,1696
2021-05-20,Glenn,021,27897,2429,2406,561,2967,17
2021-05-20,Humboldt,023,135768,4209,4162,34,4196,42
2021-05-20,Imperial,025,180216,28588,28551,2749,31300,732
2021-05-20,Inyo,027,18085,1404,1402,13,1415,36
2021-05-20,Kern,029,883053,97232,96204,10926,107130,1317
2021-05-20,Kings,031,150075,23153,22922,1091,24013,246
2021-05-20,Lake,033,64148,3514,3500,9,3509,43
2021-05-20,Lassen,035,31185,5200,5160,112,5272,6
2021-05-20,Los Angeles,037,10098052,1205603,1197073,41416,1238489,24168
2021-05-20,Madera,039,155013,16606,16499,937,17436,238
2021-05-20,Marin,041,260295,14082,14036,256,14292,227
2021-05-20,Mariposa,043,17540,429,426,11,437,5
2021-05-20,Mendocino,045,87422,3974,3897,81,3978,47
2021-05-20,Merced,047,269075,30969,31046,1051,32097,454
2021-05-20,Modoc,049,8938,376,365,129,494,3
2021-05-20,Mono,051,14174,1259,1269,17,1286,3
2021-05-20,Monterey,053,433212,43149,42984,1870,44854,379
2021-05-20,Napa,055,140530,9894,9913,36,9949,82
2021-05-20,Nevada,057,99092,4805,4775,188,4963,70
2021-05-20,Orange,059,3164182,255229,254127,11387,265514,5038
2021-05-20,Placer,061,380077,23228,22823,1500,24323,292
2021-05-20,Plumas,063,18699,701,682,10,692,4
2021-05-20,Riverside,065,2383286,293973,288453,14028,302481,4442
2021-05-20,Sacramento,067,1510023,105726,105414,1744,107158,1629
2021-05-20,San Benito,069,59416,6058,6067,115,6182,63
2021-05-20,San Bernardino,071,2135413,293222,292153,9002,301155,4728
2021-05-20,San Diego,073,3302833,280382,279490,14903,294393,3749
2021-05-20,San Francisco,075,870044,36687,36860,1288,38148,546
2021-05-20,San Joaquin,077,732212,73011,72388,3550,75938,1371
2021-05-20,San Luis Obispo,079,281455,21358,21095,738,21833,256
2021-05-20,San Mateo,081,765935,42295,42152,472,42624,432
2021-05-20,Santa Barbara,083,443738,34420,34293,1137,35430,459
2021-05-20,Santa Clara,085,1922200,118512,119222,763,119985,2029
2021-05-20,Santa Cruz,087,273765,16223,16119,814,16933,207
2021-05-20,Shasta,089,179085,12243,12266,1561,13827,200
2021-05-20,Sierra,091,2930,56,54,12,66,0
2021-05-20,Siskiyou,093,43540,1912,1811,355,2166,16
2021-05-20,Solano,095,438530,32740,32725,555,33280,253
2021-05-20,Sonoma,097,501317,29987,30107,332,30439,321
2021-05-20,Stanislaus,099,539301,56221,55979,5946,61925,970
2021-05-20,Sutter,101,95872,9439,9467,87,9554,113
2021-05-20,Tehama,103,63373,5068,5029,572,5601,63
2021-05-20,Trinity,105,12862,483,329,92,421,3
2021-05-20,Tulare,107,460477,50194,49217,9028,58245,837
2021-05-20,Tuolumne,109,53932,4024,4077,39,4116,65
2021-05-20,Ventura,111,848112,81317,80800,2988,83788,1019
2021-05-20,Yolo,113,214977,14000,13973,313,14286,211
2021-05-20,Yuba,115,75493,6032,6002,124,6126,49
2021-05-19,Alameda,001,1643700,87992,87889,1957,89846,1260
2021-05-19,Alpine,003,1148,87,88,0,88,0
2021-05-19,Amador,005,37829,3669,3669,33,3702,46
2021-05-19,Butte,007,227075,12492,12198,1814,14012,188
2021-05-19,Calaveras,009,45235,2143,2132,13,2145,54
2021-05-19,Colusa,011,21464,1940,1945,305,2250,15
2021-05-19,Contra Costa,013,1133247,69374,68836,1273,70109,808
2021-05-19,Del Norte,015,27424,1410,1371,12,1383,8
2021-05-19,El Dorado,017,186661,10267,10179,742,10921,112
2021-05-19,Fresno,019,978130,102611,102085,8705,110790,1693
2021-05-19,Glenn,021,27897,2429,2404,561,2965,17
2021-05-19,Humboldt,023,135768,4199,4143,34,4177,42
2021-05-19,Imperial,025,180216,28579,28550,2749,31299,732
2021-05-19,Inyo,027,18085,1404,1402,13,1415,36
2021-05-19,Kern,029,883053,97203,96173,10918,107091,1316
2021-05-19,Kings,031,150075,23147,22919,1091,24010,246
2021-05-19,Lake,033,64148,3514,3497,9,3506,43
2021-05-19,Lassen,035,31185,5199,5157,112,5269,6
2021-05-19,Los Angeles,037,10098052,1205407,1196856,41402,1238258,24143
2021-05-19,Madera,039,155013,16603,16496,937,17433,238
2021-05-19,Marin,041,260295,14078,14033,254,14287,227
2021-05-19,Mariposa,043,17540,429,425,11,436,5
2021-05-19,Mendocino,045,87422,3970,3886,81,3967,47
2021-05-19,Merced,047,269075,30953,31044,1051,32095,452
2021-05-19,Modoc,049,8938,376,364,126,490,3
2021-05-19,Mono,051,14174,1259,1266,17,1283,3
2021-05-19,Monterey,053,433212,43144,42973,1869,44842,379
2021-05-19,Napa,055,140530,9891,9906,36,9942,82
2021-05-19,Nevada,057,99092,4803,4769,188,4957,70
2021-05-19,Orange,059,3164182,255192,254087,11377,265464,5035
2021-05-19,Placer,061,380077,23209,22784,1495,24279,291
2021-05-19,Plumas,063,18699,701,682,10,692,4
2021-05-19,Riverside,065,2383286,293926,288398,14026,302424,4442
2021-05-19,Sacramento,067,1510023,105649,105225,1743,106968,1629
2021-05-19,San Benito,069,59416,6057,6064,115,6179,63
2021-05-19,San Bernardino,071,2135413,293178,292078,8999,301077,4725
2021-05-19,San Diego,073,3302833,280297,279345,14882,294227,3746
2021-05-19,San Francisco,075,870044,36674,36835,1287,38122,546
2021-05-19,San Joaquin,077,732212,72968,72338,3545,75883,1369
2021-05-19,San Luis Obispo,079,281455,21350,21085,737,21822,256
2021-05-19,San Mateo,081,765935,42288,42126,472,42598,429
2021-05-19,Santa Barbara,083,443738,34412,34292,1137,35429,459
2021-05-19,Santa Clara,085,1922200,118472,119176,762,119938,2015
2021-05-19,Santa Cruz,087,273765,16219,16121,813,16934,207
2021-05-19,Shasta,089,179085,12225,12233,1558,13791,200
2021-05-19,Sierra,091,2930,56,54,12,66,0
2021-05-19,Siskiyou,093,43540,1909,1803,354,2157,16
2021-05-19,Solano,095,438530,32713,32678,553,33231,253
2021-05-19,Sonoma,097,501317,29972,30080,332,30412,321
2021-05-19,Stanislaus,099,539301,56203,55912,5941,61853,967
2021-05-19,Sutter,101,95872,9432,9459,86,9545,113
2021-05-19,Tehama,103,63373,5059,5026,567,5593,63
2021-05-19,Trinity,105,12862,483,329,92,421,3
2021-05-19,Tulare,107,460477,50181,49163,9023,58186,837
2021-05-19,Tuolumne,109,53932,4024,4074,39,4113,64
2021-05-19,Ventura,111,848112,81302,80747,2987,83734,1019
2021-05-19,Yolo,113,214977,13993,13961,312,14273,211
2021-05-19,Yuba,115,75493,6028,5993,124,6117,49
2021-05-18,Alameda,001,1643700,87918,87816,1957,89773,1254
2021-05-18,Alpine,003,1148,87,88,0,88,0
2021-05-18,Amador,005,37829,3669,3669,33,3702,46
2021-05-18,Butte,007,227075,12479,12164,1811,13975,191
2021-05-18,Calaveras,009,45235,2139,2131,13,2144,54
2021-05-18,Colusa,011,21464,1940,1943,305,2248,14
2021-05-18,Contra Costa,013,1133247,69317,68750,1272,70022,808
2021-05-18,Del Norte,015,27424,1407,1371,12,1383,8
2021-05-18,El Dorado,017,186661,10256,10169,741,10910,112
2021-05-18,Fresno,019,978130,102575,102056,8702,110758,1690
2021-05-18,Glenn,021,27897,2423,2403,560,2963,17
2021-05-18,Humboldt,023,135768,4180,4132,34,4166,42
2021-05-18,Imperial,025,180216,28573,28538,2747,31285,730
2021-05-18,Inyo,027,18085,1404,1401,13,1414,36
2021-05-18,Kern,029,883053,97169,96128,10904,107032,1315
2021-05-18,Kings,031,150075,23141,22916,1091,24007,247
2021-05-18,Lake,033,64148,3512,3495,9,3504,43
2021-05-18,Lassen,035,31185,5198,5157,111,5268,6
2021-05-18,Los Angeles,037,10098052,1205227,1196668,41391,1238059,24133
2021-05-18,Madera,039,155013,16593,16491,936,17427,238
2021-05-18,Marin,041,260295,14075,14026,254,14280,227
2021-05-18,Mariposa,043,17540,429,424,11,435,5
2021-05-18,Mendocino,045,87422,3958,3877,80,3957,47
2021-05-18,Merced,047,269075,30934,31036,1051,32087,452
2021-05-18,Modoc,049,8938,375,364,125,489,3
2021-05-18,Mono,051,14174,1258,1265,17,1282,3
2021-05-18,Monterey,053,433212,43138,43001,1869,44870,379
2021-05-18,Napa,055,140530,9891,9905,36,9941,82
2021-05-18,Nevada,057,99092,4796,4762,188,4950,70
2021-05-18,Orange,059,3164182,255151,254041,11367,265408,5031
2021-05-18,Placer,061,380077,23176,22726,1491,24217,291
2021-05-18,Plumas,063,18699,701,682,10,692,4
2021-05-18,Riverside,065,2383286,293871,288354,14019,302373,4438
2021-05-18,Sacramento,067,1510023,105547,105083,1741,106824,1629
2021-05-18,San Benito,069,59416,6056,6065,115,6180,63
2021-05-18,San Bernardino,071,2135413,293120,292014,8994,301008,4722
2021-05-18,San Diego,073,3302833,280189,279254,14873,294127,3742
2021-05-18,San Francisco,075,870044,36654,36818,1287,38105,546
2021-05-18,San Joaquin,077,732212,72921,72282,3541,75823,1368
2021-05-18,San Luis Obispo,079,281455,21340,21080,735,21815,256
2021-05-18,San Mateo,081,765935,42276,42099,471,42570,428
2021-05-18,Santa Barbara,083,443738,34403,34278,1137,35415,459
2021-05-18,Santa Clara,085,1922200,118445,119171,762,119933,2014
2021-05-18,Santa Cruz,087,273765,16211,16137,813,16950,207
2021-05-18,Shasta,089,179085,12207,12197,1552,13749,200
2021-05-18,Sierra,091,2930,56,54,12,66,0
2021-05-18,Siskiyou,093,43540,1908,1799,354,2153,16
2021-05-18,Solano,095,438530,32688,32644,553,33197,253
2021-05-18,Sonoma,097,501317,29952,30054,331,30385,321
2021-05-18,Stanislaus,099,539301,56168,55860,5941,61801,959
2021-05-18,Sutter,101,95872,9424,9453,86,9539,113
2021-05-18,Tehama,103,63373,5053,5020,565,5585,63
2021-05-18,Trinity,105,12862,483,329,91,420,3
2021-05-18,Tulare,107,460477,50173,49142,9018,58160,836
2021-05-18,Tuolumne,109,53932,4022,4073,39,4112,64
2021-05-18,Ventura,111,848112,81286,80726,2984,83710,1017
2021-05-18,Yolo,113,214977,13986,13951,311,14262,211
2021-05-18,Yuba,115,75493,6024,5989,123,6112,49
2021-05-17,Alameda,001,1643700,87865,87766,1954,89720,1253
2021-05-17,Alpine,003,1148,87,88,0,88,0
2021-05-17,Amador,005,37829,3666,3668,33,3701,46
2021-05-17,Butte,007,227075,12471,12144,1811,13955,192
2021-05-17,Calaveras,009,45235,2139,2131,13,2144,53
2021-05-17,Colusa,011,21464,1940,1943,305,2248,14
2021-05-17,Contra Costa,013,1133247,69262,68720,1271,69991,805
2021-05-17,Del Norte,015,27424,1402,1369,12,1381,8
2021-05-17,El Dorado,017,186661,10239,10163,741,10904,112
2021-05-17,Fresno,019,978130,102531,102013,8694,110707,1690
2021-05-17,Glenn,021,27897,2423,2401,560,2961,17
2021-05-17,Humboldt,023,135768,4169,4112,34,4146,42
2021-05-17,Imperial,025,180216,28567,28533,2745,31278,729
2021-05-17,Inyo,027,18085,1404,1401,13,1414,36
2021-05-17,Kern,029,883053,97140,96095,10887,106982,1315
2021-05-17,Kings,031,150075,23138,22918,1091,24009,246
2021-05-17,Lake,033,64148,3507,3489,9,3498,43
2021-05-17,Lassen,035,31185,5195,5156,110,5266,6
2021-05-17,Los Angeles,037,10098052,1205048,1196556,41385,1237941,24123
2021-05-17,Madera,039,155013,16586,16486,936,17422,238
2021-05-17,Marin,041,260295,14069,14021,254,14275,227
2021-05-17,Mariposa,043,17540,428,423,11,434,5
2021-05-17,Mendocino,045,87422,3949,3868,80,3948,46
2021-05-17,Merced,047,269075,30919,31031,1051,32082,450
2021-05-17,Modoc,049,8938,374,362,125,487,3
2021-05-17,Mono,051,14174,1254,1265,17,1282,3
2021-05-17,Monterey,053,433212,43131,42995,1869,44864,379
2021-05-17,Napa,055,140530,9890,9894,36,9930,82
2021-05-17,Nevada,057,99092,4792,4761,187,4948,70
2021-05-17,Orange,059,3164182,255104,253993,11360,265353,5031
2021-05-17,Placer,061,380077,23153,22706,1484,24190,289
2021-05-17,Plumas,063,18699,701,682,10,692,4
2021-05-17,Riverside,065,2383286,293802,288304,14015,302319,4433
2021-05-17,Sacramento,067,1510023,105439,105035,1739,106774,1629
2021-05-17,San Benito,069,59416,6053,6067,115,6182,63
2021-05-17,San Bernardino,071,2135413,293071,291989,8986,300975,4724
2021-05-17,San Diego,073,3302833,280057,279146,14851,293997,3742
2021-05-17,San Francisco,075,870044,36642,36816,1285,38101,546
2021-05-17,San Joaquin,077,732212,72883,72234,3538,75772,1359
2021-05-17,San Luis Obispo,079,281455,21331,21079,733,21812,256
2021-05-17,San Mateo,081,765935,42248,42083,471,42554,428
2021-05-17,Santa Barbara,083,443738,34396,34275,1137,35412,459
2021-05-17,Santa Clara,085,1922200,118408,119116,760,119876,2015
2021-05-17,Santa Cruz,087,273765,16208,16151,813,16964,206
2021-05-17,Shasta,089,179085,12185,12163,1551,13714,200
2021-05-17,Sierra,091,2930,56,54,12,66,0
2021-05-17,Siskiyou,093,43540,1899,1795,351,2146,15
2021-05-17,Solano,095,438530,32670,32627,552,33179,253
2021-05-17,Sonoma,097,501317,29929,30043,330,30373,321
2021-05-17,Stanislaus,099,539301,56122,55839,5934,61773,951
2021-05-17,Sutter,101,95872,9417,9447,86,9533,113
2021-05-17,Tehama,103,63373,5049,5016,564,5580,63
2021-05-17,Trinity,105,12862,483,328,91,419,3
2021-05-17,Tulare,107,460477,50151,49107,9013,58120,836
2021-05-17,Tuolumne,109,53932,4022,4071,39,4110,64
2021-05-17,Ventura,111,848112,81266,80699,2984,83683,1017
2021-05-17,Yolo,113,214977,13979,13941,311,14252,211
2021-05-17,Yuba,115,75493,6016,5987,123,6110,49
2021-05-16,Alameda,001,1643700,87801,87743,1954,89697,1253
2021-05-16,Alpine,003,1148,87,88,0,88,0
2021-05-16,Amador,005,37829,3665,3667,33,3700,46
2021-05-16,Butte,007,227075,12457,12140,1810,13950,192
2021-05-16,Calaveras,009,45235,2137,2129,13,2142,53
2021-05-16,Colusa,011,21464,1938,1943,305,2248,14
2021-05-16,Contra Costa,013,1133247,69194,68694,1268,69962,805
2021-05-16,Del Norte,015,27424,1399,1365,12,1377,8
2021-05-16,El Dorado,017,186661,10223,10159,740,10899,112
2021-05-16,Fresno,019,978130,102487,101987,8688,110675,1690
2021-05-16,Glenn,021,27897,2423,2401,559,2960,17
2021-05-16,Humboldt,023,135768,4154,4104,34,4138,42
2021-05-16,Imperial,025,180216,28556,28516,2744,31260,729
2021-05-16,Inyo,027,18085,1404,1401,13,1414,36
2021-05-16,Kern,029,883053,97107,96083,10867,106950,1315
2021-05-16,Kings,031,150075,23134,22918,1088,24006,246
2021-05-16,Lake,033,64148,3504,3489,9,3498,43
2021-05-16,Lassen,035,31185,5194,5156,110,5266,6
2021-05-16,Los Angeles,037,10098052,1204824,1196397,41369,1237766,24120
2021-05-16,Madera,039,155013,16581,16483,933,17416,238
2021-05-16,Marin,041,260295,14066,14015,254,14269,227
2021-05-16,Mariposa,043,17540,428,423,11,434,5
2021-05-16,Mendocino,045,87422,3939,3863,80,3943,46
2021-05-16,Merced,047,269075,30898,31023,1049,32072,450
2021-05-16,Modoc,049,8938,374,362,125,487,3
2021-05-16,Mono,051,14174,1254,1265,17,1282,3
2021-05-16,Monterey,053,433212,43126,42991,1869,44860,379
2021-05-16,Napa,055,140530,9887,9891,36,9927,82
2021-05-16,Nevada,057,99092,4788,4755,187,4942,70
2021-05-16,Orange,059,3164182,255072,253962,11357,265319,5031
2021-05-16,Placer,061,380077,23121,22696,1478,24174,289
2021-05-16,Plumas,063,18699,700,682,10,692,4
2021-05-16,Riverside,065,2383286,293726,288259,14007,302266,4433
2021-05-16,Sacramento,067,1510023,105325,105013,1737,106750,1628
2021-05-16,San Benito,069,59416,6052,6067,114,6181,63
2021-05-16,San Bernardino,071,2135413,292998,291940,8984,300924,4724
2021-05-16,San Diego,073,3302833,279939,279099,14838,293937,3742
2021-05-16,San Francisco,075,870044,36619,36808,1284,38092,546
2021-05-16,San Joaquin,077,732212,72834,72218,3533,75751,1359
2021-05-16,San Luis Obispo,079,281455,21323,21072,731,21803,256
2021-05-16,San Mateo,081,765935,42237,42063,470,42533,428
2021-05-16,Santa Barbara,083,443738,34389,34270,1137,35407,459
2021-05-16,Santa Clara,085,1922200,118379,119098,759,119857,2015
2021-05-16,Santa Cruz,087,273765,16206,16143,813,16956,206
2021-05-16,Shasta,089,179085,12169,12156,1547,13703,200
2021-05-16,Sierra,091,2930,56,54,12,66,0
2021-05-16,Siskiyou,093,43540,1895,1790,350,2140,15
2021-05-16,Solano,095,438530,32637,32619,550,33169,253
2021-05-16,Sonoma,097,501317,29910,30033,330,30363,321
2021-05-16,Stanislaus,099,539301,56073,55814,5922,61736,951
2021-05-16,Sutter,101,95872,9410,9445,86,9531,113
2021-05-16,Tehama,103,63373,5045,5013,563,5576,63
2021-05-16,Trinity,105,12862,483,328,91,419,3
2021-05-16,Tulare,107,460477,50134,49091,9010,58101,837
2021-05-16,Tuolumne,109,53932,4018,4070,39,4109,64
2021-05-16,Ventura,111,848112,81235,80689,2984,83673,1017
2021-05-16,Yolo,113,214977,13964,13938,311,14249,211
2021-05-16,Yuba,115,75493,6013,5987,123,6110,49
2021-05-15,Alameda,001,1643700,87775,87677,1953,89630,1252
2021-05-15,Alpine,003,1148,87,88,0,88,0
2021-05-15,Amador,005,37829,3665,3666,33,3699,46
2021-05-15,Butte,007,227075,12450,12095,1809,13904,192
2021-05-15,Calaveras,009,45235,2136,2126,13,2139,53
2021-05-15,Colusa,011,21464,1938,1941,303,2244,14
2021-05-15,Contra Costa,013,1133247,69148,68658,1268,69926,805
2021-05-15,Del Norte,015,27424,1394,1359,12,1371,8
2021-05-15,El Dorado,017,186661,10211,10156,739,10895,112
2021-05-15,Fresno,019,978130,102450,101957,8685,110642,1690
2021-05-15,Glenn,021,27897,2423,2400,559,2959,17
2021-05-15,Humboldt,023,135768,4144,4080,34,4114,42
2021-05-15,Imperial,025,180216,28553,28504,2743,31247,729
2021-05-15,Inyo,027,18085,1404,1402,13,1415,36
2021-05-15,Kern,029,883053,97093,96061,10852,106913,1315
2021-05-15,Kings,031,150075,23133,22913,1088,24001,246
2021-05-15,Lake,033,64148,3503,3485,9,3494,43
2021-05-15,Lassen,035,31185,5191,5156,109,5265,6
2021-05-15,Los Angeles,037,10098052,1204700,1196255,41356,1237611,24115
2021-05-15,Madera,039,155013,16578,16482,933,17415,238
2021-05-15,Marin,041,260295,14062,14012,254,14266,227
2021-05-15,Mariposa,043,17540,428,423,11,434,5
2021-05-15,Mendocino,045,87422,3936,3861,80,3941,46
2021-05-15,Merced,047,269075,30877,31012,1049,32061,450
2021-05-15,Modoc,049,8938,374,362,125,487,3
2021-05-15,Mono,051,14174,1254,1265,17,1282,3
2021-05-15,Monterey,053,433212,43122,42982,1869,44851,379
2021-05-15,Napa,055,140530,9884,9887,36,9923,82
2021-05-15,Nevada,057,99092,4787,4755,187,4942,70
2021-05-15,Orange,059,3164182,255045,253919,11350,265269,5030
2021-05-15,Placer,061,380077,23100,22688,1478,24166,289
2021-05-15,Plumas,063,18699,700,681,10,691,4
2021-05-15,Riverside,065,2383286,293684,288203,14002,302205,4433
2021-05-15,Sacramento,067,1510023,105253,104929,1734,106663,1628
2021-05-15,San Benito,069,59416,6052,6066,114,6180,63
2021-05-15,San Bernardino,071,2135413,292956,291892,8982,300874,4724
2021-05-15,San Diego,073,3302833,279868,278991,14823,293814,3737
2021-05-15,San Francisco,075,870044,36603,36795,1282,38077,546
2021-05-15,San Joaquin,077,732212,72808,72197,3531,75728,1359
2021-05-15,San Luis Obispo,079,281455,21320,21061,730,21791,256
2021-05-15,San Mateo,081,765935,42221,42059,470,42529,428
2021-05-15,Santa Barbara,083,443738,34381,34259,1137,35396,459
2021-05-15,Santa Clara,085,1922200,118358,119060,759,119819,2016
2021-05-15,Santa Cruz,087,273765,16202,16137,813,16950,206
2021-05-15,Shasta,089,179085,12157,12152,1544,13696,200
2021-05-15,Sierra,091,2930,56,54,12,66,0
2021-05-15,Siskiyou,093,43540,1889,1788,348,2136,15
2021-05-15,Solano,095,438530,32628,32604,549,33153,253
2021-05-15,Sonoma,097,501317,29891,30020,330,30350,321
2021-05-15,Stanislaus,099,539301,56042,55795,5915,61710,952
2021-05-15,Sutter,101,95872,9408,9436,86,9522,113
2021-05-15,Tehama,103,63373,5041,5012,562,5574,63
2021-05-15,Trinity,105,12862,483,328,91,419,3
2021-05-15,Tulare,107,460477,50124,49080,9006,58086,837
2021-05-15,Tuolumne,109,53932,4016,4064,39,4103,63
2021-05-15,Ventura,111,848112,81224,80662,2984,83646,1017
2021-05-15,Yolo,113,214977,13957,13932,310,14242,211
2021-05-15,Yuba,115,75493,6010,5979,122,6101,49
2021-05-14,Alameda,001,1643700,87741,87621,1950,89571,1249
2021-05-14,Alpine,003,1148,87,88,0,88,0
2021-05-14,Amador,005,37829,3665,3665,33,3698,46
2021-05-14,Butte,007,227075,12441,12076,1806,13882,192
2021-05-14,Calaveras,009,45235,2132,2121,13,2134,53
2021-05-14,Colusa,011,21464,1937,1940,302,2242,14
2021-05-14,Contra Costa,013,1133247,69106,68589,1266,69855,806
2021-05-14,Del Norte,015,27424,1394,1355,12,1367,8
2021-05-14,El Dorado,017,186661,10204,10143,738,10881,113
2021-05-14,Fresno,019,978130,102421,101917,8679,110596,1688
2021-05-14,Glenn,021,27897,2422,2398,559,2957,17
2021-05-14,Humboldt,023,135768,4137,4050,34,4084,37
2021-05-14,Imperial,025,180216,28546,28485,2742,31227,728
2021-05-14,Inyo,027,18085,1404,1400,13,1413,36
2021-05-14,Kern,029,883053,97063,96033,10843,106876,1311
2021-05-14,Kings,031,150075,23132,22910,1088,23998,246
2021-05-14,Lake,033,64148,3499,3483,9,3492,43
2021-05-14,Lassen,035,31185,5191,5154,109,5263,6
2021-05-14,Los Angeles,037,10098052,1204566,1196038,41351,1237389,24101
2021-05-14,Madera,039,155013,16575,16474,933,17407,238
2021-05-14,Marin,041,260295,14058,14010,254,14264,227
2021-05-14,Mariposa,043,17540,428,422,11,433,5
2021-05-14,Mendocino,045,87422,3934,3855,80,3935,46
2021-05-14,Merced,047,269075,30867,31010,1049,32059,450
2021-05-14,Modoc,049,8938,374,362,125,487,3
2021-05-14,Mono,051,14174,1253,1265,17,1282,3
2021-05-14,Monterey,053,433212,43117,42973,1869,44842,380
2021-05-14,Napa,055,140530,9881,9883,36,9919,82
2021-05-14,Nevada,057,99092,4782,4745,187,4932,70
2021-05-14,Orange,059,3164182,255011,253855,11343,265198,5028
2021-05-14,Placer,061,380077,23081,22660,1472,24132,287
2021-05-14,Plumas,063,18699,699,680,10,690,4
2021-05-14,Riverside,065,2383286,293634,288140,13999,302139,4433
2021-05-14,Sacramento,067,1510023,105164,104828,1733,106561,1627
2021-05-14,San Benito,069,59416,6052,6064,114,6178,63
2021-05-14,San Bernardino,071,2135413,292908,291834,8982,300816,4721
2021-05-14,San Diego,073,3302833,279795,278853,14812,293665,3732
2021-05-14,San Francisco,075,870044,36594,36771,1278,38049,545
2021-05-14,San Joaquin,077,732212,72776,72160,3524,75684,1359
2021-05-14,San Luis Obispo,079,281455,21316,21051,730,21781,256
2021-05-14,San Mateo,081,765935,42211,42041,470,42511,428
2021-05-14,Santa Barbara,083,443738,34371,34243,1137,35380,456
2021-05-14,Santa Clara,085,1922200,118329,119006,759,119765,2014
2021-05-14,Santa Cruz,087,273765,16197,16130,813,16943,207
2021-05-14,Shasta,089,179085,12151,12130,1539,13669,200
2021-05-14,Sierra,091,2930,56,54,12,66,0
2021-05-14,Siskiyou,093,43540,1882,1779,347,2126,14
2021-05-14,Solano,095,438530,32608,32585,548,33133,252
2021-05-14,Sonoma,097,501317,29872,30007,330,30337,321
2021-05-14,Stanislaus,099,539301,56009,55752,5909,61661,950
2021-05-14,Sutter,101,95872,9399,9433,84,9517,113
2021-05-14,Tehama,103,63373,5034,5005,562,5567,63
2021-05-14,Trinity,105,12862,483,328,91,419,3
2021-05-14,Tulare,107,460477,50107,49060,9001,58061,836
2021-05-14,Tuolumne,109,53932,4016,4060,39,4099,63
2021-05-14,Ventura,111,848112,81210,80628,2984,83612,1014
2021-05-14,Yolo,113,214977,13952,13922,306,14228,210
2021-05-14,Yuba,115,75493,6006,5970,122,6092,47
2021-05-13,Alameda,001,1643700,87698,87557,1949,89506,1250
2021-05-13,Alpine,003,1148,87,88,0,88,0
2021-05-13,Amador,005,37829,3665,3662,33,3695,46
2021-05-13,Butte,007,227075,12426,12051,1805,13856,196
2021-05-13,Calaveras,009,45235,2132,2120,13,2133,53
2021-05-13,Colusa,011,21464,1936,1939,298,2237,14
2021-05-13,Contra Costa,013,1133247,69058,68522,1265,69787,806
2021-05-13,Del Norte,015,27424,1392,1354,12,1366,8
2021-05-13,El Dorado,017,186661,10201,10133,738,10871,112
2021-05-13,Fresno,019,978130,102392,101862,8678,110540,1687
2021-05-13,Glenn,021,27897,2421,2395,559,2954,17
2021-05-13,Humboldt,023,135768,4119,4027,34,4061,37
2021-05-13,Imperial,025,180216,28531,28468,2740,31208,729
2021-05-13,Inyo,027,18085,1404,1400,13,1413,36
2021-05-13,Kern,029,883053,97039,95996,10825,106821,1311
2021-05-13,Kings,031,150075,23131,22904,1088,23992,246
2021-05-13,Lake,033,64148,3498,3479,9,3488,43
2021-05-13,Lassen,035,31185,5191,5152,108,5260,6
2021-05-13,Los Angeles,037,10098052,1204377,1195504,41337,1236841,24083
2021-05-13,Madera,039,155013,16567,16467,933,17400,238
2021-05-13,Marin,041,260295,14053,14004,252,14256,227
2021-05-13,Mariposa,043,17540,428,422,11,433,5
2021-05-13,Mendocino,045,87422,3930,3846,80,3926,46
2021-05-13,Merced,047,269075,30860,30989,1048,32037,450
2021-05-13,Modoc,049,8938,374,362,125,487,3
2021-05-13,Mono,051,14174,1253,1265,17,1282,3
2021-05-13,Monterey,053,433212,43102,42966,1869,44835,380
2021-05-13,Napa,055,140530,9874,9877,36,9913,82
2021-05-13,Nevada,057,99092,4778,4743,186,4929,70
2021-05-13,Orange,059,3164182,254966,253778,11341,265119,5026
2021-05-13,Placer,061,380077,23054,22668,1465,24133,288
2021-05-13,Plumas,063,18699,699,680,10,690,4
2021-05-13,Riverside,065,2383286,293568,288067,13994,302061,4433
2021-05-13,Sacramento,067,1510023,105078,104711,1731,106442,1626
2021-05-13,San Benito,069,59416,6050,6062,114,6176,63
2021-05-13,San Bernardino,071,2135413,292842,291765,8982,300747,4722
2021-05-13,San Diego,073,3302833,279681,278592,14795,293387,3729
2021-05-13,San Francisco,075,870044,36570,36741,1276,38017,544
2021-05-13,San Joaquin,077,732212,72734,72096,3520,75616,1357
2021-05-13,San Luis Obispo,079,281455,21301,21043,729,21772,255
2021-05-13,San Mateo,081,765935,42194,42059,470,42529,426
2021-05-13,Santa Barbara,083,443738,34359,34242,1137,35379,456
2021-05-13,Santa Clara,085,1922200,118302,118952,759,119711,2013
2021-05-13,Santa Cruz,087,273765,16191,16129,813,16942,208
2021-05-13,Shasta,089,179085,12131,12111,1535,13646,200
2021-05-13,Sierra,091,2930,56,54,12,66,0
2021-05-13,Siskiyou,093,43540,1875,1769,344,2113,14
2021-05-13,Solano,095,438530,32595,32548,546,33094,252
2021-05-13,Sonoma,097,501317,29847,29991,330,30321,321
2021-05-13,Stanislaus,099,539301,55972,55678,5903,61581,949
2021-05-13,Sutter,101,95872,9394,9431,83,9514,112
2021-05-13,Tehama,103,63373,5029,4997,562,5559,63
2021-05-13,Trinity,105,12862,482,327,90,417,3
2021-05-13,Tulare,107,460477,50081,49032,8993,58025,837
2021-05-13,Tuolumne,109,53932,4015,4059,39,4098,63
2021-05-13,Ventura,111,848112,81180,80615,2983,83598,1012
2021-05-13,Yolo,113,214977,13943,13914,304,14218,210
2021-05-13,Yuba,115,75493,5997,5962,122,6084,47
2021-05-12,Alameda,001,1643700,87666,87482,1947,89429,1261
2021-05-12,Alpine,003,1148,87,88,0,88,0
2021-05-12,Amador,005,37829,3665,3658,33,3691,46
2021-05-12,Butte,007,227075,12416,12026,1805,13831,199
2021-05-12,Calaveras,009,45235,2129,2119,13,2132,53
2021-05-12,Colusa,011,21464,1934,1939,297,2236,14
2021-05-12,Contra Costa,013,1133247,68999,68462,1259,69721,805
2021-05-12,Del Norte,015,27424,1390,1352,12,1364,8
2021-05-12,El Dorado,017,186661,10192,10123,738,10861,112
2021-05-12,Fresno,019,978130,102343,101838,8667,110505,1688
2021-05-12,Glenn,021,27897,2418,2391,559,2950,17
2021-05-12,Humboldt,023,135768,4091,3982,34,4016,37
2021-05-12,Imperial,025,180216,28513,28443,2737,31180,726
2021-05-12,Inyo,027,18085,1404,1400,13,1413,36
2021-05-12,Kern,029,883053,97003,95955,10818,106773,1310
2021-05-12,Kings,031,150075,23129,22896,1088,23984,246
2021-05-12,Lake,033,64148,3496,3476,9,3485,43
2021-05-12,Lassen,035,31185,5189,5151,108,5259,6
2021-05-12,Los Angeles,037,10098052,1204194,1195318,41320,1236638,24067
2021-05-12,Madera,039,155013,16560,16462,932,17394,238
2021-05-12,Marin,041,260295,14048,13997,252,14249,227
2021-05-12,Mariposa,043,17540,428,422,11,433,5
2021-05-12,Mendocino,045,87422,3920,3836,80,3916,46
2021-05-12,Merced,047,269075,30844,30941,1048,31989,450
2021-05-12,Modoc,049,8938,373,362,125,487,3
2021-05-12,Mono,051,14174,1253,1265,17,1282,3
2021-05-12,Monterey,053,433212,43090,42950,1868,44818,380
2021-05-12,Napa,055,140530,9868,9870,36,9906,82
2021-05-12,Nevada,057,99092,4774,4738,186,4924,70
2021-05-12,Orange,059,3164182,254915,253587,11337,264924,5024
2021-05-12,Placer,061,380077,23036,22652,1458,24110,288
2021-05-12,Plumas,063,18699,699,681,10,691,4
2021-05-12,Riverside,065,2383286,293498,287830,13990,301820,4431
2021-05-12,Sacramento,067,1510023,104982,104592,1729,106321,1621
2021-05-12,San Benito,069,59416,6050,6062,114,6176,63
2021-05-12,San Bernardino,071,2135413,292794,291505,8977,300482,4715
2021-05-12,San Diego,073,3302833,279577,278402,14774,293176,3729
2021-05-12,San Francisco,075,870044,36550,36720,1275,37995,544
2021-05-12,San Joaquin,077,732212,72680,72043,3516,75559,1356
2021-05-12,San Luis Obispo,079,281455,21291,21021,729,21750,255
2021-05-12,San Mateo,081,765935,42185,42038,468,42506,426
2021-05-12,Santa Barbara,083,443738,34351,34218,1137,35355,456
2021-05-12,Santa Clara,085,1922200,118258,118897,759,119656,2005
2021-05-12,Santa Cruz,087,273765,16185,16123,813,16936,207
2021-05-12,Shasta,089,179085,12111,12092,1533,13625,200
2021-05-12,Sierra,091,2930,56,54,12,66,0
2021-05-12,Siskiyou,093,43540,1871,1760,343,2103,13
2021-05-12,Solano,095,438530,32571,32519,546,33065,252
2021-05-12,Sonoma,097,501317,29835,29976,330,30306,320
2021-05-12,Stanislaus,099,539301,55932,55632,5896,61528,919
2021-05-12,Sutter,101,95872,9391,9427,83,9510,112
2021-05-12,Tehama,103,63373,5024,4989,562,5551,62
2021-05-12,Trinity,105,12862,482,327,90,417,3
2021-05-12,Tulare,107,460477,50065,49001,8985,57986,838
2021-05-12,Tuolumne,109,53932,4014,4056,39,4095,63
2021-05-12,Ventura,111,848112,81161,80577,2983,83560,1010
2021-05-12,Yolo,113,214977,13935,13910,303,14213,210
2021-05-12,Yuba,115,75493,5994,5956,122,6078,47
2021-05-11,Alameda,001,1643700,87601,87413,1943,89356,1290
2021-05-11,Alpine,003,1148,87,88,0,88,0
2021-05-11,Amador,005,37829,3663,3657,33,3690,46
2021-05-11,Butte,007,227075,12401,12008,1802,13810,199
2021-05-11,Calaveras,009,45235,2129,2118,13,2131,52
2021-05-11,Colusa,011,21464,1933,1939,297,2236,14
2021-05-11,Contra Costa,013,1133247,68939,68406,1258,69664,806
2021-05-11,Del Norte,015,27424,1388,1347,12,1359,8
2021-05-11,El Dorado,017,186661,10186,10108,737,10845,112
2021-05-11,Fresno,019,978130,102297,101792,8662,110454,1686
2021-05-11,Glenn,021,27897,2417,2387,558,2945,17
2021-05-11,Humboldt,023,135768,4070,3964,33,3997,37
2021-05-11,Imperial,025,180216,28505,28413,2733,31146,722
2021-05-11,Inyo,027,18085,1403,1402,13,1415,36
2021-05-11,Kern,029,883053,96975,95938,10805,106743,1310
2021-05-11,Kings,031,150075,23121,22887,1088,23975,246
2021-05-11,Lake,033,64148,3496,3473,9,3482,43
2021-05-11,Lassen,035,31185,5187,5148,108,5256,6
2021-05-11,Los Angeles,037,10098052,1203953,1195100,41303,1236403,24048
2021-05-11,Madera,039,155013,16556,16459,931,17390,238
2021-05-11,Marin,041,260295,14041,13987,252,14239,227
2021-05-11,Mariposa,043,17540,428,421,11,432,5
2021-05-11,Mendocino,045,87422,3912,3821,80,3901,46
2021-05-11,Merced,047,269075,30835,30893,1048,31941,449
2021-05-11,Modoc,049,8938,373,362,124,486,3
2021-05-11,Mono,051,14174,1253,1265,17,1282,3
2021-05-11,Monterey,053,433212,43082,42934,1867,44801,380
2021-05-11,Napa,055,140530,9861,9870,36,9906,81
2021-05-11,Nevada,057,99092,4770,4737,186,4923,70
2021-05-11,Orange,059,3164182,254852,253545,11329,264874,5017
2021-05-11,Placer,061,380077,23014,22615,1454,24069,287
2021-05-11,Plumas,063,18699,697,679,10,689,4
2021-05-11,Riverside,065,2383286,293436,287757,13985,301742,4429
2021-05-11,Sacramento,067,1510023,104883,104496,1726,106222,1616
2021-05-11,San Benito,069,59416,6047,6058,114,6172,63
2021-05-11,San Bernardino,071,2135413,292734,291421,8975,300396,4707
2021-05-11,San Diego,073,3302833,279442,278308,14755,293063,3725
2021-05-11,San Francisco,075,870044,36530,36707,1275,37982,543
2021-05-11,San Joaquin,077,732212,72632,71999,3513,75512,1356
2021-05-11,San Luis Obispo,079,281455,21284,21008,727,21735,255
2021-05-11,San Mateo,081,765935,42166,41985,467,42452,425
2021-05-11,Santa Barbara,083,443738,34341,34207,1137,35344,456
2021-05-11,Santa Clara,085,1922200,118211,118857,758,119615,2005
2021-05-11,Santa Cruz,087,273765,16181,16113,813,16926,206
2021-05-11,Shasta,089,179085,12088,12050,1527,13577,200
2021-05-11,Sierra,091,2930,56,54,12,66,0
2021-05-11,Siskiyou,093,43540,1861,1756,341,2097,13
2021-05-11,Solano,095,438530,32553,32499,544,33043,250
2021-05-11,Sonoma,097,501317,29820,29966,330,30296,318
2021-05-11,Stanislaus,099,539301,55885,55589,5892,61481,909
2021-05-11,Sutter,101,95872,9384,9417,83,9500,112
2021-05-11,Tehama,103,63373,5020,4985,561,5546,62
2021-05-11,Trinity,105,12862,482,327,89,416,3
2021-05-11,Tulare,107,460477,50037,48974,8971,57945,837
2021-05-11,Tuolumne,109,53932,4013,4056,39,4095,63
2021-05-11,Ventura,111,848112,81137,80544,2980,83524,1008
2021-05-11,Yolo,113,214977,13921,13902,300,14202,210
2021-05-11,Yuba,115,75493,5985,5950,122,6072,46
2021-05-10,Alameda,001,1643700,87531,87366,1942,89308,1284
2021-05-10,Alpine,003,1148,87,88,0,88,0
2021-05-10,Amador,005,37829,3662,3657,33,3690,46
2021-05-10,Butte,007,227075,12385,11993,1798,13791,199
2021-05-10,Calaveras,009,45235,2122,2118,13,2131,52
2021-05-10,Colusa,011,21464,1933,1939,297,2236,14
2021-05-10,Contra Costa,013,1133247,68875,68357,1258,69615,806
2021-05-10,Del Norte,015,27424,1385,1339,12,1351,8
2021-05-10,El Dorado,017,186661,10172,10093,737,10830,113
2021-05-10,Fresno,019,978130,102265,101755,8655,110410,1682
2021-05-10,Glenn,021,27897,2416,2384,556,2940,17
2021-05-10,Humboldt,023,135768,4040,3961,33,3994,36
2021-05-10,Imperial,025,180216,28491,28397,2729,31126,722
2021-05-10,Inyo,027,18085,1403,1401,13,1414,36
2021-05-10,Kern,029,883053,96931,95920,10791,106711,1310
2021-05-10,Kings,031,150075,23110,22884,1087,23971,246
2021-05-10,Lake,033,64148,3488,3471,9,3480,43
2021-05-10,Lassen,035,31185,5183,5148,108,5256,5
2021-05-10,Los Angeles,037,10098052,1203687,1194976,41286,1236262,24030
2021-05-10,Madera,039,155013,16546,16450,931,17381,238
2021-05-10,Marin,041,260295,14038,13981,252,14233,228
2021-05-10,Mariposa,043,17540,427,420,11,431,5
2021-05-10,Mendocino,045,87422,3906,3818,80,3898,46
2021-05-10,Merced,047,269075,30824,30880,1048,31928,448
2021-05-10,Modoc,049,8938,373,361,124,485,3
2021-05-10,Mono,051,14174,1253,1265,17,1282,3
2021-05-10,Monterey,053,433212,43076,42927,1862,44789,380
2021-05-10,Napa,055,140530,9859,9860,36,9896,81
2021-05-10,Nevada,057,99092,4763,4735,186,4921,70
2021-05-10,Orange,059,3164182,254799,253484,11323,264807,5008
2021-05-10,Placer,061,380077,22992,22590,1451,24041,286
2021-05-10,Plumas,063,18699,696,679,10,689,4
2021-05-10,Riverside,065,2383286,293367,287689,13979,301668,4427
2021-05-10,Sacramento,067,1510023,104770,104378,1721,106099,1613
2021-05-10,San Benito,069,59416,6046,6058,114,6172,63
2021-05-10,San Bernardino,071,2135413,292682,291360,8974,300334,4707
2021-05-10,San Diego,073,3302833,279278,278183,14728,292911,3725
2021-05-10,San Francisco,075,870044,36511,36683,1275,37958,543
2021-05-10,San Joaquin,077,732212,72595,71954,3498,75452,1356
2021-05-10,San Luis Obispo,079,281455,21266,20993,726,21719,256
2021-05-10,San Mateo,081,765935,42149,41926,467,42393,424
2021-05-10,Santa Barbara,083,443738,34333,34201,1137,35338,456
2021-05-10,Santa Clara,085,1922200,118152,118822,758,119580,2003
2021-05-10,Santa Cruz,087,273765,16176,16114,813,16927,206
2021-05-10,Shasta,089,179085,12074,12036,1523,13559,200
2021-05-10,Sierra,091,2930,56,54,12,66,0
2021-05-10,Siskiyou,093,43540,1851,1752,339,2091,13
2021-05-10,Solano,095,438530,32533,32466,542,33008,250
2021-05-10,Sonoma,097,501317,29805,29955,329,30284,318
2021-05-10,Stanislaus,099,539301,55811,55541,5886,61427,898
2021-05-10,Sutter,101,95872,9378,9412,83,9495,111
2021-05-10,Tehama,103,63373,5016,4980,561,5541,62
2021-05-10,Trinity,105,12862,482,327,87,414,3
2021-05-10,Tulare,107,460477,50014,48956,8965,57921,837
2021-05-10,Tuolumne,109,53932,4009,4054,38,4092,63
2021-05-10,Ventura,111,848112,81121,80501,2978,83479,1008
2021-05-10,Yolo,113,214977,13909,13898,298,14196,209
2021-05-10,Yuba,115,75493,5983,5942,122,6064,46
2021-05-09,Alameda,001,1643700,87460,87292,1939,89231,1284
2021-05-09,Alpine,003,1148,87,88,0,88,0
2021-05-09,Amador,005,37829,3660,3655,33,3688,46
2021-05-09,Butte,007,227075,12367,11985,1794,13779,199
2021-05-09,Calaveras,009,45235,2121,2116,13,2129,52
2021-05-09,Colusa,011,21464,1932,1940,297,2237,14
2021-05-09,Contra Costa,013,1133247,68812,68302,1256,69558,806
2021-05-09,Del Norte,015,27424,1378,1338,12,1350,8
2021-05-09,El Dorado,017,186661,10158,10089,734,10823,113
2021-05-09,Fresno,019,978130,102227,101729,8646,110375,1682
2021-05-09,Glenn,021,27897,2409,2382,553,2935,17
2021-05-09,Humboldt,023,135768,4020,3950,33,3983,36
2021-05-09,Imperial,025,180216,28468,28388,2721,31109,722
2021-05-09,Inyo,027,18085,1403,1401,12,1413,36
2021-05-09,Kern,029,883053,96903,95903,10781,106684,1310
2021-05-09,Kings,031,150075,23101,22878,1087,23965,246
2021-05-09,Lake,033,64148,3484,3471,9,3480,43
2021-05-09,Lassen,035,31185,5181,5147,108,5255,5
2021-05-09,Los Angeles,037,10098052,1203426,1194820,41270,1236090,24026
2021-05-09,Madera,039,155013,16537,16444,925,17369,238
2021-05-09,Marin,041,260295,14027,13979,251,14230,228
2021-05-09,Mariposa,043,17540,424,420,11,431,5
2021-05-09,Mendocino,045,87422,3896,3814,80,3894,46
2021-05-09,Merced,047,269075,30801,30883,1048,31931,448
2021-05-09,Modoc,049,8938,373,360,124,484,3
2021-05-09,Mono,051,14174,1253,1264,17,1281,3
2021-05-09,Monterey,053,433212,43058,42918,1862,44780,380
2021-05-09,Napa,055,140530,9848,9857,36,9893,81
2021-05-09,Nevada,057,99092,4756,4727,186,4913,70
2021-05-09,Orange,059,3164182,254745,253451,11315,264766,5008
2021-05-09,Placer,061,380077,22966,22566,1448,24014,286
2021-05-09,Plumas,063,18699,695,679,10,689,4
2021-05-09,Riverside,065,2383286,293287,287644,13973,301617,4427
2021-05-09,Sacramento,067,1510023,104621,104309,1715,106024,1612
2021-05-09,San Benito,069,59416,6044,6056,114,6170,63
2021-05-09,San Bernardino,071,2135413,292599,291337,8968,300305,4707
2021-05-09,San Diego,073,3302833,279111,277950,14706,292656,3725
2021-05-09,San Francisco,075,870044,36485,36669,1273,37942,543
2021-05-09,San Joaquin,077,732212,72549,71927,3497,75424,1356
2021-05-09,San Luis Obispo,079,281455,21255,20999,726,21725,256
2021-05-09,San Mateo,081,765935,42120,41903,467,42370,424
2021-05-09,Santa Barbara,083,443738,34320,34196,1136,35332,456
2021-05-09,Santa Clara,085,1922200,118098,118798,757,119555,2003
2021-05-09,Santa Cruz,087,273765,16170,16094,813,16907,206
2021-05-09,Shasta,089,179085,12044,12034,1518,13552,200
2021-05-09,Sierra,091,2930,56,54,12,66,0
2021-05-09,Siskiyou,093,43540,1844,1741,336,2077,13
2021-05-09,Solano,095,438530,32494,32434,539,32973,250
2021-05-09,Sonoma,097,501317,29791,29953,328,30281,318
2021-05-09,Stanislaus,099,539301,55745,55511,5882,61393,898
2021-05-09,Sutter,101,95872,9372,9413,83,9496,111
2021-05-09,Tehama,103,63373,5011,4979,561,5540,62
2021-05-09,Trinity,105,12862,482,327,87,414,3
2021-05-09,Tulare,107,460477,49987,48948,8960,57908,837
2021-05-09,Tuolumne,109,53932,4007,4053,38,4091,63
2021-05-09,Ventura,111,848112,81106,80487,2977,83464,1008
2021-05-09,Yolo,113,214977,13899,13897,297,14194,209
2021-05-09,Yuba,115,75493,5977,5934,122,6056,46
2021-05-08,Alameda,001,1643700,87418,87213,1935,89148,1284
2021-05-08,Alpine,003,1148,87,88,0,88,0
2021-05-08,Amador,005,37829,3658,3652,33,3685,46
2021-05-08,Butte,007,227075,12355,11962,1793,13755,199
2021-05-08,Calaveras,009,45235,2120,2114,13,2127,52
2021-05-08,Colusa,011,21464,1932,1939,297,2236,14
2021-05-08,Contra Costa,013,1133247,68779,68223,1254,69477,803
2021-05-08,Del Norte,015,27424,1375,1335,12,1347,8
2021-05-08,El Dorado,017,186661,10144,10079,734,10813,113
2021-05-08,Fresno,019,978130,102191,101676,8641,110317,1682
2021-05-08,Glenn,021,27897,2407,2382,551,2933,17
2021-05-08,Humboldt,023,135768,4004,3939,33,3972,36
2021-05-08,Imperial,025,180216,28460,28373,2721,31094,721
2021-05-08,Inyo,027,18085,1403,1402,12,1414,36
2021-05-08,Kern,029,883053,96878,95880,10768,106648,1310
2021-05-08,Kings,031,150075,23098,22872,1086,23958,246
2021-05-08,Lake,033,64148,3483,3470,9,3479,43
2021-05-08,Lassen,035,31185,5180,5145,108,5253,5
2021-05-08,Los Angeles,037,10098052,1203274,1194584,41254,1235838,24022
2021-05-08,Madera,039,155013,16533,16442,925,17367,238
2021-05-08,Marin,041,260295,14024,13974,250,14224,228
2021-05-08,Mariposa,043,17540,424,420,11,431,5
2021-05-08,Mendocino,045,87422,3891,3810,79,3889,46
2021-05-08,Merced,047,269075,30792,30876,1048,31924,448
2021-05-08,Modoc,049,8938,373,360,123,483,3
2021-05-08,Mono,051,14174,1253,1262,17,1279,3
2021-05-08,Monterey,053,433212,43053,42914,1861,44775,380
2021-05-08,Napa,055,140530,9841,9853,36,9889,81
2021-05-08,Nevada,057,99092,4753,4716,186,4902,70
2021-05-08,Orange,059,3164182,254711,253412,11312,264724,5006
2021-05-08,Placer,061,380077,22948,22547,1446,23993,286
2021-05-08,Plumas,063,18699,694,679,10,689,4
2021-05-08,Riverside,065,2383286,293244,287574,13971,301545,4427
2021-05-08,Sacramento,067,1510023,104536,104208,1712,105920,1610
2021-05-08,San Benito,069,59416,6043,6048,114,6162,63
2021-05-08,San Bernardino,071,2135413,292556,291296,8968,300264,4707
2021-05-08,San Diego,073,3302833,279028,277760,14688,292448,3725
2021-05-08,San Francisco,075,870044,36462,36642,1273,37915,543
2021-05-08,San Joaquin,077,732212,72520,71869,3488,75357,1356
2021-05-08,San Luis Obispo,079,281455,21244,20992,726,21718,256
2021-05-08,San Mateo,081,765935,42109,41871,467,42338,424
2021-05-08,Santa Barbara,083,443738,34307,34185,1136,35321,456
2021-05-08,Santa Clara,085,1922200,118067,118751,757,119508,2003
2021-05-08,Santa Cruz,087,273765,16167,16089,813,16902,206
2021-05-08,Shasta,089,179085,12034,12030,1514,13544,200
2021-05-08,Sierra,091,2930,56,54,12,66,0
2021-05-08,Siskiyou,093,43540,1843,1741,332,2073,13
2021-05-08,Solano,095,438530,32470,32395,537,32932,249
2021-05-08,Sonoma,097,501317,29778,29942,328,30270,318
2021-05-08,Stanislaus,099,539301,55714,55467,5878,61345,898
2021-05-08,Sutter,101,95872,9369,9413,83,9496,111
2021-05-08,Tehama,103,63373,5009,4977,561,5538,62
2021-05-08,Trinity,105,12862,482,327,87,414,3
2021-05-08,Tulare,107,460477,49973,48929,8950,57879,837
2021-05-08,Tuolumne,109,53932,4006,4050,38,4088,63
2021-05-08,Ventura,111,848112,81095,80481,2974,83455,1008
2021-05-08,Yolo,113,214977,13896,13894,296,14190,209
2021-05-08,Yuba,115,75493,5969,5928,122,6050,46
2021-05-07,Alameda,001,1643700,87364,87128,1934,89062,1280
2021-05-07,Alpine,003,1148,87,88,0,88,0
2021-05-07,Amador,005,37829,3655,3651,33,3684,46
2021-05-07,Butte,007,227075,12334,11943,1790,13733,199
2021-05-07,Calaveras,009,45235,2118,2114,13,2127,52
2021-05-07,Colusa,011,21464,1932,1937,297,2234,14
2021-05-07,Contra Costa,013,1133247,68732,68156,1252,69408,804
2021-05-07,Del Norte,015,27424,1370,1329,12,1341,8
2021-05-07,El Dorado,017,186661,10131,10065,732,10797,112
2021-05-07,Fresno,019,978130,102158,101625,8640,110265,1684
2021-05-07,Glenn,021,27897,2404,2381,550,2931,17
2021-05-07,Humboldt,023,135768,3989,3919,33,3952,36
2021-05-07,Imperial,025,180216,28452,28352,2721,31073,721
2021-05-07,Inyo,027,18085,1403,1402,12,1414,36
2021-05-07,Kern,029,883053,96865,95839,10756,106595,1308
2021-05-07,Kings,031,150075,23097,22857,1085,23942,246
2021-05-07,Lake,033,64148,3481,3467,9,3476,43
2021-05-07,Lassen,035,31185,5179,5144,107,5251,5
2021-05-07,Los Angeles,037,10098052,1203095,1194294,41247,1235541,24008
2021-05-07,Madera,039,155013,16528,16439,924,17363,238
2021-05-07,Marin,041,260295,14020,13968,250,14218,228
2021-05-07,Mariposa,043,17540,423,419,11,430,5
2021-05-07,Mendocino,045,87422,3885,3805,79,3884,46
2021-05-07,Merced,047,269075,30789,30862,1048,31910,446
2021-05-07,Modoc,049,8938,373,360,123,483,3
2021-05-07,Mono,051,14174,1252,1261,17,1278,3
2021-05-07,Monterey,053,433212,43047,42909,1859,44768,380
2021-05-07,Napa,055,140530,9840,9849,36,9885,81
2021-05-07,Nevada,057,99092,4749,4704,186,4890,70
2021-05-07,Orange,059,3164182,254671,253338,11303,264641,5000
2021-05-07,Placer,061,380077,22928,22524,1444,23968,286
2021-05-07,Plumas,063,18699,694,678,10,688,4
2021-05-07,Riverside,065,2383286,293186,287479,13970,301449,4426
2021-05-07,Sacramento,067,1510023,104464,104068,1707,105775,1609
2021-05-07,San Benito,069,59416,6042,6048,114,6162,63
2021-05-07,San Bernardino,071,2135413,292514,291185,8963,300148,4697
2021-05-07,San Diego,073,3302833,278942,277534,14672,292206,3718
2021-05-07,San Francisco,075,870044,36449,36616,1272,37888,543
2021-05-07,San Joaquin,077,732212,72480,71804,3486,75290,1351
2021-05-07,San Luis Obispo,079,281455,21237,20979,726,21705,256
2021-05-07,San Mateo,081,765935,42094,41844,467,42311,424
2021-05-07,Santa Barbara,083,443738,34297,34166,1136,35302,453
2021-05-07,Santa Clara,085,1922200,118034,118691,756,119447,2002
2021-05-07,Santa Cruz,087,273765,16164,16074,813,16887,206
2021-05-07,Shasta,089,179085,12012,12005,1512,13517,200
2021-05-07,Sierra,091,2930,56,54,12,66,0
2021-05-07,Siskiyou,093,43540,1840,1723,332,2055,13
2021-05-07,Solano,095,438530,32442,32352,535,32887,249
2021-05-07,Sonoma,097,501317,29760,29925,326,30251,318
2021-05-07,Stanislaus,099,539301,55673,55407,5873,61280,896
2021-05-07,Sutter,101,95872,9369,9407,83,9490,111
2021-05-07,Tehama,103,63373,5002,4974,561,5535,57
2021-05-07,Trinity,105,12862,482,327,87,414,3
2021-05-07,Tulare,107,460477,49956,48913,8945,57858,837
2021-05-07,Tuolumne,109,53932,4004,4048,38,4086,63
2021-05-07,Ventura,111,848112,81071,80444,2974,83418,1008
2021-05-07,Yolo,113,214977,13890,13875,295,14170,209
2021-05-07,Yuba,115,75493,5959,5910,122,6032,46
2021-05-06,Alameda,001,1643700,87288,87028,1931,88959,1278
2021-05-06,Alpine,003,1148,87,88,0,88,0
2021-05-06,Amador,005,37829,3653,3650,33,3683,46
2021-05-06,Butte,007,227075,12314,11929,1785,13714,198
2021-05-06,Calaveras,009,45235,2117,2111,13,2124,52
2021-05-06,Colusa,011,21464,1932,1935,297,2232,14
2021-05-06,Contra Costa,013,1133247,68677,68076,1249,69325,802
2021-05-06,Del Norte,015,27424,1362,1324,12,1336,6
2021-05-06,El Dorado,017,186661,10124,10048,732,10780,112
2021-05-06,Fresno,019,978130,102114,101536,8636,110172,1680
2021-05-06,Glenn,021,27897,2403,2380,549,2929,17
2021-05-06,Humboldt,023,135768,3964,3898,33,3931,36
2021-05-06,Imperial,025,180216,28441,28311,2720,31031,720
2021-05-06,Inyo,027,18085,1403,1401,12,1413,36
2021-05-06,Kern,029,883053,96840,95801,10739,106540,1307
2021-05-06,Kings,031,150075,23090,22848,1084,23932,246
2021-05-06,Lake,033,64148,3480,3465,9,3474,43
2021-05-06,Lassen,035,31185,5178,5143,107,5250,1
2021-05-06,Los Angeles,037,10098052,1202853,1193954,41231,1235185,23991
2021-05-06,Madera,039,155013,16520,16430,924,17354,238
2021-05-06,Marin,041,260295,14016,13956,250,14206,228
2021-05-06,Mariposa,043,17540,422,419,11,430,5
2021-05-06,Mendocino,045,87422,3874,3802,79,3881,46
2021-05-06,Merced,047,269075,30774,30863,1047,31910,444
2021-05-06,Modoc,049,8938,373,360,123,483,3
2021-05-06,Mono,051,14174,1250,1261,17,1278,3
2021-05-06,Monterey,053,433212,43032,42899,1859,44758,379
2021-05-06,Napa,055,140530,9834,9843,36,9879,81
2021-05-06,Nevada,057,99092,4748,4687,186,4873,70
2021-05-06,Orange,059,3164182,254603,253286,11297,264583,4991
2021-05-06,Placer,061,380077,22906,22493,1444,23937,286
2021-05-06,Plumas,063,18699,694,678,10,688,4
2021-05-06,Riverside,065,2383286,293113,287399,13965,301364,4422
2021-05-06,Sacramento,067,1510023,104347,103956,1704,105660,1609
2021-05-06,San Benito,069,59416,6041,6045,114,6159,63
2021-05-06,San Bernardino,071,2135413,292444,291085,8962,300047,4683
2021-05-06,San Diego,073,3302833,278815,277324,14649,291973,3716
2021-05-06,San Francisco,075,870044,36434,36599,1272,37871,543
2021-05-06,San Joaquin,077,732212,72425,71729,3483,75212,1350
2021-05-06,San Luis Obispo,079,281455,21225,20965,724,21689,256
2021-05-06,San Mateo,081,765935,42075,41802,466,42268,424
2021-05-06,Santa Barbara,083,443738,34284,34152,1136,35288,453
2021-05-06,Santa Clara,085,1922200,117993,118591,756,119347,2001
2021-05-06,Santa Cruz,087,273765,16157,16050,813,16863,206
2021-05-06,Shasta,089,179085,11990,11983,1506,13489,199
2021-05-06,Sierra,091,2930,56,54,12,66,0
2021-05-06,Siskiyou,093,43540,1830,1711,331,2042,12
2021-05-06,Solano,095,438530,32416,32320,527,32847,249
2021-05-06,Sonoma,097,501317,29752,29911,326,30237,318
2021-05-06,Stanislaus,099,539301,55617,55323,5868,61191,834
2021-05-06,Sutter,101,95872,9363,9396,83,9479,111
2021-05-06,Tehama,103,63373,4997,4970,561,5531,53
2021-05-06,Trinity,105,12862,482,327,87,414,3
2021-05-06,Tulare,107,460477,49931,48890,8930,57820,836
2021-05-06,Tuolumne,109,53932,4000,4047,38,4085,63
2021-05-06,Ventura,111,848112,81040,80411,2971,83382,1005
2021-05-06,Yolo,113,214977,13883,13871,291,14162,209
2021-05-06,Yuba,115,75493,5947,5901,122,6023,46
2021-05-05,Alameda,001,1643700,87226,86950,1929,88879,1278
2021-05-05,Alpine,003,1148,87,88,0,88,0
2021-05-05,Amador,005,37829,3650,3650,33,3683,46
2021-05-05,Butte,007,227075,12296,11907,1782,13689,198
2021-05-05,Calaveras,009,45235,2113,2103,13,2116,52
2021-05-05,Colusa,011,21464,1931,1933,297,2230,14
2021-05-05,Contra Costa,013,1133247,68612,67997,1245,69242,803
2021-05-05,Del Norte,015,27424,1359,1317,12,1329,6
2021-05-05,El Dorado,017,186661,10113,10020,731,10751,111
2021-05-05,Fresno,019,978130,102065,101491,8627,110118,1680
2021-05-05,Glenn,021,27897,2400,2380,548,2928,17
2021-05-05,Humboldt,023,135768,3945,3886,32,3918,36
2021-05-05,Imperial,025,180216,28400,28295,2713,31008,720
2021-05-05,Inyo,027,18085,1402,1401,12,1413,36
2021-05-05,Kern,029,883053,96796,95753,10735,106488,1304
2021-05-05,Kings,031,150075,23084,22840,1083,23923,246
2021-05-05,Lake,033,64148,3477,3458,9,3467,43
2021-05-05,Lassen,035,31185,5178,5143,106,5249,1
2021-05-05,Los Angeles,037,10098052,1202582,1193608,41217,1234825,23977
2021-05-05,Madera,039,155013,16518,16423,924,17347,235
2021-05-05,Marin,041,260295,14008,13950,249,14199,228
2021-05-05,Mariposa,043,17540,422,418,11,429,5
2021-05-05,Mendocino,045,87422,3870,3799,79,3878,46
2021-05-05,Merced,047,269075,30753,30844,1047,31891,444
2021-05-05,Modoc,049,8938,372,361,122,483,3
2021-05-05,Mono,051,14174,1250,1260,17,1277,3
2021-05-05,Monterey,053,433212,43019,42870,1856,44726,379
2021-05-05,Napa,055,140530,9828,9833,36,9869,81
2021-05-05,Nevada,057,99092,4745,4666,186,4852,70
2021-05-05,Orange,059,3164182,254545,253237,11292,264529,4978
2021-05-05,Placer,061,380077,22874,22362,1440,23802,287
2021-05-05,Plumas,063,18699,694,677,10,687,4
2021-05-05,Riverside,065,2383286,293018,287353,13955,301308,4414
2021-05-05,Sacramento,067,1510023,104259,103476,1699,105175,1607
2021-05-05,San Benito,069,59416,6032,6046,114,6160,63
2021-05-05,San Bernardino,071,2135413,292369,291008,8958,299966,4677
2021-05-05,San Diego,073,3302833,278678,277098,14630,291728,3716
2021-05-05,San Francisco,075,870044,36420,36577,1271,37848,543
2021-05-05,San Joaquin,077,732212,72372,71638,3480,75118,1345
2021-05-05,San Luis Obispo,079,281455,21217,20958,724,21682,256
2021-05-05,San Mateo,081,765935,42046,41755,465,42220,415
2021-05-05,Santa Barbara,083,443738,34269,34139,1135,35274,453
2021-05-05,Santa Clara,085,1922200,117963,118482,752,119234,1992
2021-05-05,Santa Cruz,087,273765,16151,16013,813,16826,207
2021-05-05,Shasta,089,179085,11974,11939,1502,13441,200
2021-05-05,Sierra,091,2930,56,54,12,66,0
2021-05-05,Siskiyou,093,43540,1813,1706,323,2029,11
2021-05-05,Solano,095,438530,32381,32250,525,32775,249
2021-05-05,Sonoma,097,501317,29739,29879,326,30205,318
2021-05-05,Stanislaus,099,539301,55560,55231,5866,61097,807
2021-05-05,Sutter,101,95872,9357,9387,83,9470,111
2021-05-05,Tehama,103,63373,4993,4968,561,5529,53
2021-05-05,Trinity,105,12862,482,326,87,413,3
2021-05-05,Tulare,107,460477,49907,48875,8923,57798,835
2021-05-05,Tuolumne,109,53932,3997,4040,38,4078,63
2021-05-05,Ventura,111,848112,81012,80372,2967,83339,1005
2021-05-05,Yolo,113,214977,13879,13846,289,14135,209
2021-05-05,Yuba,115,75493,5937,5895,121,6016,44
2021-05-04,Alameda,001,1643700,87134,86894,1929,88823,1277
2021-05-04,Alpine,003,1148,87,88,0,88,0
2021-05-04,Amador,005,37829,3650,3650,33,3683,46
2021-05-04,Butte,007,227075,12272,11883,1781,13664,198
2021-05-04,Calaveras,009,45235,2108,2100,13,2113,52
2021-05-04,Colusa,011,21464,1930,1933,297,2230,14
2021-05-04,Contra Costa,013,1133247,68532,67931,1243,69174,799
2021-05-04,Del Norte,015,27424,1359,1314,12,1326,6
2021-05-04,El Dorado,017,186661,10102,10009,727,10736,110
2021-05-04,Fresno,019,978130,102010,101451,8620,110071,1677
2021-05-04,Glenn,021,27897,2397,2379,545,2924,17
2021-05-04,Humboldt,023,135768,3919,3877,32,3909,36
2021-05-04,Imperial,025,180216,28380,28276,2709,30985,720
2021-05-04,Inyo,027,18085,1402,1399,12,1411,36
2021-05-04,Kern,029,883053,96760,95720,10717,106437,1301
2021-05-04,Kings,031,150075,23070,22822,1080,23902,246
2021-05-04,Lake,033,64148,3476,3454,9,3463,43
2021-05-04,Lassen,035,31185,5177,5142,106,5248,1
2021-05-04,Los Angeles,037,10098052,1202293,1193453,41205,1234658,23957
2021-05-04,Madera,039,155013,16517,16418,924,17342,235
2021-05-04,Marin,041,260295,14000,13935,249,14184,228
2021-05-04,Mariposa,043,17540,422,418,11,429,5
2021-05-04,Mendocino,045,87422,3865,3794,79,3873,46
2021-05-04,Merced,047,269075,30736,30829,1047,31876,444
2021-05-04,Modoc,049,8938,371,360,121,481,3
2021-05-04,Mono,051,14174,1250,1260,17,1277,3
2021-05-04,Monterey,053,433212,43007,42845,1855,44700,380
2021-05-04,Napa,055,140530,9819,9824,36,9860,81
2021-05-04,Nevada,057,99092,4738,4656,186,4842,70
2021-05-04,Orange,059,3164182,254477,253177,11282,264459,4977
2021-05-04,Placer,061,380077,22845,22326,1437,23763,287
2021-05-04,Plumas,063,18699,693,675,10,685,4
2021-05-04,Riverside,065,2383286,292934,287285,13948,301233,4411
2021-05-04,Sacramento,067,1510023,104130,103383,1694,105077,1604
2021-05-04,San Benito,069,59416,6031,6039,114,6153,63
2021-05-04,San Bernardino,071,2135413,292292,290934,8951,299885,4668
2021-05-04,San Diego,073,3302833,278511,276879,14613,291492,3713
2021-05-04,San Francisco,075,870044,36402,36550,1271,37821,541
2021-05-04,San Joaquin,077,732212,72311,71582,3475,75057,1342
2021-05-04,San Luis Obispo,079,281455,21211,20923,722,21645,255
2021-05-04,San Mateo,081,765935,42020,41708,465,42173,415
2021-05-04,Santa Barbara,083,443738,34254,34131,1134,35265,453
2021-05-04,Santa Clara,085,1922200,117900,118431,751,119182,1988
2021-05-04,Santa Cruz,087,273765,16145,16005,813,16818,207
2021-05-04,Shasta,089,179085,11954,11923,1496,13419,198
2021-05-04,Sierra,091,2930,56,54,12,66,0
2021-05-04,Siskiyou,093,43540,1806,1694,321,2015,11
2021-05-04,Solano,095,438530,32340,32220,523,32743,249
2021-05-04,Sonoma,097,501317,29719,29867,325,30192,318
2021-05-04,Stanislaus,099,539301,55504,55165,5863,61028,807
2021-05-04,Sutter,101,95872,9352,9375,83,9458,111
2021-05-04,Tehama,103,63373,4990,4959,560,5519,53
2021-05-04,Trinity,105,12862,482,326,87,413,3
2021-05-04,Tulare,107,460477,49880,48857,8914,57771,835
2021-05-04,Tuolumne,109,53932,3995,4041,38,4079,61
2021-05-04,Ventura,111,848112,80983,80351,2965,83316,1005
2021-05-04,Yolo,113,214977,13866,13820,287,14107,208
2021-05-04,Yuba,115,75493,5931,5891,121,6012,44
2021-05-03,Alameda,001,1643700,87058,86845,1923,88768,1272
2021-05-03,Alpine,003,1148,87,88,0,88,0
2021-05-03,Amador,005,37829,3650,3651,33,3684,46
2021-05-03,Butte,007,227075,12262,11864,1778,13642,198
2021-05-03,Calaveras,009,45235,2106,2099,13,2112,50
2021-05-03,Colusa,011,21464,1929,1931,295,2226,14
2021-05-03,Contra Costa,013,1133247,68473,67895,1239,69134,799
2021-05-03,Del Norte,015,27424,1354,1306,11,1317,6
2021-05-03,El Dorado,017,186661,10084,9984,722,10706,110
2021-05-03,Fresno,019,978130,101954,101405,8609,110014,1678
2021-05-03,Glenn,021,27897,2397,2375,544,2919,17
2021-05-03,Humboldt,023,135768,3904,3865,32,3897,36
2021-05-03,Imperial,025,180216,28358,28280,2706,30986,720
2021-05-03,Inyo,027,18085,1401,1398,12,1410,36
2021-05-03,Kern,029,883053,96723,95693,10705,106398,1299
2021-05-03,Kings,031,150075,23061,22821,1080,23901,246
2021-05-03,Lake,033,64148,3474,3446,9,3455,43
2021-05-03,Lassen,035,31185,5176,5142,106,5248,1
2021-05-03,Los Angeles,037,10098052,1202024,1193261,41179,1234440,23942
2021-05-03,Madera,039,155013,16512,16414,923,17337,235
2021-05-03,Marin,041,260295,13994,13927,249,14176,228
2021-05-03,Mariposa,043,17540,422,418,11,429,5
2021-05-03,Mendocino,045,87422,3858,3792,79,3871,46
2021-05-03,Merced,047,269075,30725,30814,1045,31859,444
2021-05-03,Modoc,049,8938,371,360,121,481,3
2021-05-03,Mono,051,14174,1250,1259,17,1276,3
2021-05-03,Monterey,053,433212,42995,42837,1853,44690,380
2021-05-03,Napa,055,140530,9814,9815,36,9851,81
2021-05-03,Nevada,057,99092,4730,4650,186,4836,70
2021-05-03,Orange,059,3164182,254418,253107,11273,264380,4968
2021-05-03,Placer,061,380077,22814,22289,1431,23720,287
2021-05-03,Plumas,063,18699,692,675,10,685,4
2021-05-03,Riverside,065,2383286,292860,287233,13947,301180,4412
2021-05-03,Sacramento,067,1510023,103977,103303,1684,104987,1602
2021-05-03,San Benito,069,59416,6030,6038,114,6152,63
2021-05-03,San Bernardino,071,2135413,292224,290886,8948,299834,4659
2021-05-03,San Diego,073,3302833,278348,276693,14588,291281,3712
2021-05-03,San Francisco,075,870044,36376,36538,1271,37809,541
2021-05-03,San Joaquin,077,732212,72261,71504,3472,74976,1325
2021-05-03,San Luis Obispo,079,281455,21195,20915,719,21634,254
2021-05-03,San Mateo,081,765935,41997,41689,464,42153,413
2021-05-03,Santa Barbara,083,443738,34242,34119,1134,35253,453
2021-05-03,Santa Clara,085,1922200,117846,118373,750,119123,1988
2021-05-03,Santa Cruz,087,273765,16142,16000,813,16813,207
2021-05-03,Shasta,089,179085,11931,11890,1491,13381,197
2021-05-03,Sierra,091,2930,56,54,12,66,0
2021-05-03,Siskiyou,093,43540,1800,1683,315,1998,11
2021-05-03,Solano,095,438530,32299,32201,522,32723,249
2021-05-03,Sonoma,097,501317,29707,29855,322,30177,318
2021-05-03,Stanislaus,099,539301,55438,55116,5854,60970,774
2021-05-03,Sutter,101,95872,9340,9370,83,9453,111
2021-05-03,Tehama,103,63373,4982,4952,560,5512,53
2021-05-03,Trinity,105,12862,482,326,87,413,3
2021-05-03,Tulare,107,460477,49862,48844,8904,57748,835
2021-05-03,Tuolumne,109,53932,3994,4038,38,4076,61
2021-05-03,Ventura,111,848112,80961,80291,2965,83256,1005
2021-05-03,Yolo,113,214977,13853,13809,285,14094,208
2021-05-03,Yuba,115,75493,5926,5880,121,6001,44
2021-05-02,Alameda,001,1643700,86973,86784,1922,88706,1272
2021-05-02,Alpine,003,1148,87,88,0,88,0
2021-05-02,Amador,005,37829,3650,3650,33,3683,46
2021-05-02,Butte,007,227075,12238,11859,1775,13634,198
2021-05-02,Calaveras,009,45235,2102,2098,13,2111,50
2021-05-02,Colusa,011,21464,1928,1931,294,2225,14
2021-05-02,Contra Costa,013,1133247,68388,67843,1237,69080,800
2021-05-02,Del Norte,015,27424,1347,1305,11,1316,6
2021-05-02,El Dorado,017,186661,10069,9962,721,10683,110
2021-05-02,Fresno,019,978130,101882,101372,8598,109970,1678
2021-05-02,Glenn,021,27897,2396,2374,542,2916,17
2021-05-02,Humboldt,023,135768,3892,3858,31,3889,36
2021-05-02,Imperial,025,180216,28324,28275,2697,30972,721
2021-05-02,Inyo,027,18085,1399,1398,12,1410,36
2021-05-02,Kern,029,883053,96665,95668,10698,106366,1299
2021-05-02,Kings,031,150075,23043,22816,1079,23895,246
2021-05-02,Lake,033,64148,3472,3443,9,3452,43
2021-05-02,Lassen,035,31185,5175,5142,105,5247,1
2021-05-02,Los Angeles,037,10098052,1201674,1193056,41156,1234212,23943
2021-05-02,Madera,039,155013,16506,16410,923,17333,235
2021-05-02,Marin,041,260295,13984,13917,249,14166,228
2021-05-02,Mariposa,043,17540,422,419,11,430,5
2021-05-02,Mendocino,045,87422,3853,3787,79,3866,46
2021-05-02,Merced,047,269075,30705,30793,1041,31834,444
2021-05-02,Modoc,049,8938,370,360,121,481,3
2021-05-02,Mono,051,14174,1249,1259,17,1276,3
2021-05-02,Monterey,053,433212,42981,42837,1852,44689,380
2021-05-02,Napa,055,140530,9810,9805,36,9841,81
2021-05-02,Nevada,057,99092,4714,4635,186,4821,70
2021-05-02,Orange,059,3164182,254344,253025,11259,264284,4968
2021-05-02,Placer,061,380077,22785,22264,1428,23692,287
2021-05-02,Plumas,063,18699,692,675,10,685,4
2021-05-02,Riverside,065,2383286,292760,287197,13937,301134,4412
2021-05-02,Sacramento,067,1510023,103837,103153,1677,104830,1602
2021-05-02,San Benito,069,59416,6025,6037,114,6151,63
2021-05-02,San Bernardino,071,2135413,292125,290859,8946,299805,4655
2021-05-02,San Diego,073,3302833,278152,276521,14561,291082,3712
2021-05-02,San Francisco,075,870044,36350,36522,1271,37793,541
2021-05-02,San Joaquin,077,732212,72197,71447,3465,74912,1325
2021-05-02,San Luis Obispo,079,281455,21174,20910,718,21628,254
2021-05-02,San Mateo,081,765935,41981,41656,463,42119,412
2021-05-02,Santa Barbara,083,443738,34228,34106,1134,35240,453
2021-05-02,Santa Clara,085,1922200,117772,118321,750,119071,1988
2021-05-02,Santa Cruz,087,273765,16137,15995,812,16807,207
2021-05-02,Shasta,089,179085,11915,11885,1483,13368,197
2021-05-02,Sierra,091,2930,56,54,12,66,0
2021-05-02,Siskiyou,093,43540,1789,1661,314,1975,11
2021-05-02,Solano,095,438530,32260,32151,518,32669,249
2021-05-02,Sonoma,097,501317,29685,29842,322,30164,318
2021-05-02,Stanislaus,099,539301,55364,55057,5847,60904,774
2021-05-02,Sutter,101,95872,9334,9363,83,9446,111
2021-05-02,Tehama,103,63373,4977,4950,558,5508,53
2021-05-02,Trinity,105,12862,482,326,87,413,3
2021-05-02,Tulare,107,460477,49844,48834,8896,57730,835
2021-05-02,Tuolumne,109,53932,3991,4038,38,4076,61
2021-05-02,Ventura,111,848112,80923,80284,2964,83248,1005
2021-05-02,Yolo,113,214977,13841,13799,284,14083,208
2021-05-02,Yuba,115,75493,5916,5879,121,6000,44
2021-05-01,Alameda,001,1643700,86930,86704,1919,88623,1270
2021-05-01,Alpine,003,1148,87,88,0,88,0
2021-05-01,Amador,005,37829,3650,3650,33,3683,46
2021-05-01,Butte,007,227075,12224,11845,1770,13615,198
2021-05-01,Calaveras,009,45235,2100,2096,13,2109,50
2021-05-01,Colusa,011,21464,1927,1931,294,2225,14
2021-05-01,Contra Costa,013,1133247,68336,67779,1234,69013,800
2021-05-01,Del Norte,015,27424,1346,1292,11,1303,6
2021-05-01,El Dorado,017,186661,10055,9944,719,10663,110
2021-05-01,Fresno,019,978130,101837,101326,8592,109918,1678
2021-05-01,Glenn,021,27897,2393,2369,541,2910,17
2021-05-01,Humboldt,023,135768,3878,3845,31,3876,36
2021-05-01,Imperial,025,180216,28317,28262,2697,30959,721
2021-05-01,Inyo,027,18085,1399,1397,12,1409,36
2021-05-01,Kern,029,883053,96638,95645,10687,106332,1299
2021-05-01,Kings,031,150075,23040,22797,1078,23875,246
2021-05-01,Lake,033,64148,3470,3441,9,3450,43
2021-05-01,Lassen,035,31185,5173,5142,105,5247,1
2021-05-01,Los Angeles,037,10098052,1201505,1192781,41141,1233922,23946
2021-05-01,Madera,039,155013,16502,16408,923,17331,235
2021-05-01,Marin,041,260295,13977,13902,249,14151,228
2021-05-01,Mariposa,043,17540,422,418,11,429,5
2021-05-01,Mendocino,045,87422,3851,3782,79,3861,46
2021-05-01,Merced,047,269075,30688,30771,1040,31811,444
2021-05-01,Modoc,049,8938,370,361,121,482,3
2021-05-01,Mono,051,14174,1249,1258,17,1275,3
2021-05-01,Monterey,053,433212,42975,42828,1852,44680,379
2021-05-01,Napa,055,140530,9807,9800,36,9836,81
2021-05-01,Nevada,057,99092,4709,4625,186,4811,70
2021-05-01,Orange,059,3164182,254301,252969,11248,264217,4964
2021-05-01,Placer,061,380077,22759,22240,1426,23666,287
2021-05-01,Plumas,063,18699,691,675,10,685,4
2021-05-01,Riverside,065,2383286,292721,287129,13935,301064,4412
2021-05-01,Sacramento,067,1510023,103756,103043,1676,104719,1602
2021-05-01,San Benito,069,59416,6022,6030,114,6144,63
2021-05-01,San Bernardino,071,2135413,292082,290802,8944,299746,4652
2021-05-01,San Diego,073,3302833,278028,276367,14540,290907,3706
2021-05-01,San Francisco,075,870044,36335,36496,1271,37767,541
2021-05-01,San Joaquin,077,732212,72148,71389,3463,74852,1325
2021-05-01,San Luis Obispo,079,281455,21169,20896,718,21614,254
2021-05-01,San Mateo,081,765935,41952,41617,462,42079,411
2021-05-01,Santa Barbara,083,443738,34223,34085,1133,35218,453
2021-05-01,Santa Clara,085,1922200,117720,118265,748,119013,1988
2021-05-01,Santa Cruz,087,273765,16134,15984,812,16796,207
2021-05-01,Shasta,089,179085,11895,11878,1475,13353,197
2021-05-01,Sierra,091,2930,56,53,12,65,0
2021-05-01,Siskiyou,093,43540,1781,1653,313,1966,11
2021-05-01,Solano,095,438530,32230,32124,510,32634,249
2021-05-01,Sonoma,097,501317,29682,29835,322,30157,318
2021-05-01,Stanislaus,099,539301,55329,55005,5841,60846,774
2021-05-01,Sutter,101,95872,9331,9358,83,9441,110
2021-05-01,Tehama,103,63373,4976,4950,557,5507,53
2021-05-01,Trinity,105,12862,482,326,86,412,3
2021-05-01,Tulare,107,460477,49837,48818,8890,57708,835
2021-05-01,Tuolumne,109,53932,3985,4035,38,4073,61
2021-05-01,Ventura,111,848112,80905,80268,2964,83232,1005
2021-05-01,Yolo,113,214977,13834,13784,282,14066,208
2021-05-01,Yuba,115,75493,5914,5875,121,5996,44
2021-04-30,Alameda,001,1643700,86869,86602,1916,88518,1268
2021-04-30,Alpine,003,1148,87,88,0,88,0
2021-04-30,Amador,005,37829,3648,3650,33,3683,46
2021-04-30,Butte,007,227075,12205,11812,1766,13578,197
2021-04-30,Calaveras,009,45235,2099,2087,13,2100,50
2021-04-30,Colusa,011,21464,1927,1931,293,2224,14
2021-04-30,Contra Costa,013,1133247,68288,67684,1231,68915,800
2021-04-30,Del Norte,015,27424,1334,1276,11,1287,6
2021-04-30,El Dorado,017,186661,10041,9906,719,10625,110
2021-04-30,Fresno,019,978130,101791,101263,8588,109851,1670
2021-04-30,Glenn,021,27897,2392,2369,541,2910,17
2021-04-30,Humboldt,023,135768,3865,3834,31,3865,36
2021-04-30,Imperial,025,180216,28308,28244,2694,30938,721
2021-04-30,Inyo,027,18085,1399,1397,12,1409,36
2021-04-30,Kern,029,883053,96621,95605,10683,106288,1298
2021-04-30,Kings,031,150075,23037,22793,1077,23870,246
2021-04-30,Lake,033,64148,3466,3440,9,3449,43
2021-04-30,Lassen,035,31185,5172,5140,105,5245,1
2021-04-30,Los Angeles,037,10098052,1201294,1192393,41128,1233521,23919
2021-04-30,Madera,039,155013,16496,16395,923,17318,235
2021-04-30,Marin,041,260295,13969,13895,247,14142,228
2021-04-30,Mariposa,043,17540,422,417,11,428,5
2021-04-30,Mendocino,045,87422,3847,3777,79,3856,46
2021-04-30,Merced,047,269075,30675,30740,1039,31779,444
2021-04-30,Modoc,049,8938,369,360,121,481,3
2021-04-30,Mono,051,14174,1249,1258,17,1275,3
2021-04-30,Monterey,053,433212,42961,42810,1851,44661,379
2021-04-30,Napa,055,140530,9803,9792,36,9828,81
2021-04-30,Nevada,057,99092,4701,4608,186,4794,70
2021-04-30,Orange,059,3164182,254244,252883,11242,264125,4956
2021-04-30,Placer,061,380077,22740,22190,1422,23612,287
2021-04-30,Plumas,063,18699,691,677,10,687,4
2021-04-30,Riverside,065,2383286,292663,287030,13928,300958,4412
2021-04-30,Sacramento,067,1510023,103655,102864,1672,104536,1596
2021-04-30,San Benito,069,59416,6018,6024,113,6137,63
2021-04-30,San Bernardino,071,2135413,292021,290704,8943,299647,4640
2021-04-30,San Diego,073,3302833,277932,276157,14529,290686,3702
2021-04-30,San Francisco,075,870044,36324,36453,1270,37723,538
2021-04-30,San Joaquin,077,732212,72096,71311,3460,74771,1306
2021-04-30,San Luis Obispo,079,281455,21163,20884,718,21602,255
2021-04-30,San Mateo,081,765935,41938,41583,461,42044,380
2021-04-30,Santa Barbara,083,443738,34210,34061,1133,35194,451
2021-04-30,Santa Clara,085,1922200,117662,118170,744,118914,1988
2021-04-30,Santa Cruz,087,273765,16129,15975,812,16787,207
2021-04-30,Shasta,089,179085,11874,11848,1472,13320,197
2021-04-30,Sierra,091,2930,56,53,12,65,0
2021-04-30,Siskiyou,093,43540,1770,1628,310,1938,11
2021-04-30,Solano,095,438530,32198,32050,507,32557,249
2021-04-30,Sonoma,097,501317,29672,29816,320,30136,318
2021-04-30,Stanislaus,099,539301,55278,54938,5838,60776,774
2021-04-30,Sutter,101,95872,9329,9353,83,9436,110
2021-04-30,Tehama,103,63373,4973,4944,557,5501,53
2021-04-30,Trinity,105,12862,482,326,86,412,3
2021-04-30,Tulare,107,460477,49827,48797,8874,57671,836
2021-04-30,Tuolumne,109,53932,3984,4033,38,4071,61
2021-04-30,Ventura,111,848112,80865,80232,2959,83191,1004
2021-04-30,Yolo,113,214977,13822,13756,282,14038,208
2021-04-30,Yuba,115,75493,5906,5870,121,5991,44
2021-04-29,Alameda,001,1643700,86803,86490,1915,88405,1263
2021-04-29,Alpine,003,1148,87,88,0,88,0
2021-04-29,Amador,005,37829,3648,3649,33,3682,46
2021-04-29,Butte,007,227075,12190,11787,1764,13551,196
2021-04-29,Calaveras,009,45235,2096,2082,13,2095,50
2021-04-29,Colusa,011,21464,1927,1929,293,2222,14
2021-04-29,Contra Costa,013,1133247,68233,67606,1228,68834,795
2021-04-29,Del Norte,015,27424,1330,1271,11,1282,6
2021-04-29,El Dorado,017,186661,10021,9884,716,10600,107
2021-04-29,Fresno,019,978130,101737,101189,8577,109766,1667
2021-04-29,Glenn,021,27897,2389,2369,541,2910,17
2021-04-29,Humboldt,023,135768,3851,3815,31,3846,36
2021-04-29,Imperial,025,180216,28296,28235,2693,30928,720
2021-04-29,Inyo,027,18085,1399,1396,12,1408,36
2021-04-29,Kern,029,883053,96588,95547,10679,106226,1295
2021-04-29,Kings,031,150075,23027,22777,1072,23849,245
2021-04-29,Lake,033,64148,3458,3438,9,3447,43
2021-04-29,Lassen,035,31185,5172,5140,105,5245,1
2021-04-29,Los Angeles,037,10098052,1201015,1192068,41108,1233176,23899
2021-04-29,Madera,039,155013,16491,16383,922,17305,235
2021-04-29,Marin,041,260295,13965,13884,239,14123,228
2021-04-29,Mariposa,043,17540,421,416,11,427,5
2021-04-29,Mendocino,045,87422,3841,3774,79,3853,46
2021-04-29,Merced,047,269075,30656,30706,1038,31744,444
2021-04-29,Modoc,049,8938,369,360,121,481,3
2021-04-29,Mono,051,14174,1246,1259,17,1276,3
2021-04-29,Monterey,053,433212,42944,42797,1850,44647,379
2021-04-29,Napa,055,140530,9789,9789,36,9825,81
2021-04-29,Nevada,057,99092,4690,4590,186,4776,70
2021-04-29,Orange,059,3164182,254174,252823,11227,264050,4934
2021-04-29,Placer,061,380077,22715,22161,1420,23581,286
2021-04-29,Plumas,063,18699,690,676,10,686,4
2021-04-29,Riverside,065,2383286,292595,286947,13925,300872,4409
2021-04-29,Sacramento,067,1510023,103522,102686,1662,104348,1593
2021-04-29,San Benito,069,59416,6017,6023,113,6136,63
2021-04-29,San Bernardino,071,2135413,291949,290606,8938,299544,4609
2021-04-29,San Diego,073,3302833,277781,275961,14512,290473,3700
2021-04-29,San Francisco,075,870044,36298,36412,1270,37682,537
2021-04-29,San Joaquin,077,732212,72030,71225,3455,74680,1301
2021-04-29,San Luis Obispo,079,281455,21152,20876,718,21594,255
2021-04-29,San Mateo,081,765935,41910,41538,460,41998,358
2021-04-29,Santa Barbara,083,443738,34194,34039,1131,35170,448
2021-04-29,Santa Clara,085,1922200,117607,118082,741,118823,1984
2021-04-29,Santa Cruz,087,273765,16123,15961,812,16773,205
2021-04-29,Shasta,089,179085,11843,11836,1464,13300,193
2021-04-29,Sierra,091,2930,56,53,12,65,0
2021-04-29,Siskiyou,093,43540,1761,1615,307,1922,11
2021-04-29,Solano,095,438530,32157,32002,503,32505,248
2021-04-29,Sonoma,097,501317,29657,29785,317,30102,318
2021-04-29,Stanislaus,099,539301,55211,54836,5833,60669,774
2021-04-29,Sutter,101,95872,9322,9346,83,9429,110
2021-04-29,Tehama,103,63373,4965,4939,557,5496,53
2021-04-29,Trinity,105,12862,482,326,86,412,3
2021-04-29,Tulare,107,460477,49809,48785,8862,57647,832
2021-04-29,Tuolumne,109,53932,3983,4030,38,4068,58
2021-04-29,Ventura,111,848112,80831,80188,2957,83145,1002
2021-04-29,Yolo,113,214977,13802,13745,281,14026,205
2021-04-29,Yuba,115,75493,5896,5865,121,5986,44
2021-04-28,Alameda,001,1643700,86731,86390,1911,88301,1260
2021-04-28,Alpine,003,1148,87,88,0,88,0
2021-04-28,Amador,005,37829,3648,3646,33,3679,46
2021-04-28,Butte,007,227075,12170,11762,1759,13521,196
2021-04-28,Calaveras,009,45235,2092,2078,12,2090,50
2021-04-28,Colusa,011,21464,1924,1927,292,2219,14
2021-04-28,Contra Costa,013,1133247,68173,67539,1226,68765,795
2021-04-28,Del Norte,015,27424,1322,1267,11,1278,6
2021-04-28,El Dorado,017,186661,9996,9873,716,10589,107
2021-04-28,Fresno,019,978130,101690,101161,8567,109728,1666
2021-04-28,Glenn,021,27897,2386,2368,541,2909,17
2021-04-28,Humboldt,023,135768,3835,3796,31,3827,36
2021-04-28,Imperial,025,180216,28282,28177,2692,30869,720
2021-04-28,Inyo,027,18085,1399,1396,11,1407,36
2021-04-28,Kern,029,883053,96559,95494,10670,106164,1295
2021-04-28,Kings,031,150075,23015,22767,1070,23837,245
2021-04-28,Lake,033,64148,3455,3433,9,3442,43
2021-04-28,Lassen,035,31185,5172,5138,105,5243,1
2021-04-28,Los Angeles,037,10098052,1200716,1191729,41081,1232810,23858
2021-04-28,Madera,039,155013,16487,16372,922,17294,235
2021-04-28,Marin,041,260295,13954,13866,239,14105,227
2021-04-28,Mariposa,043,17540,418,415,11,426,5
2021-04-28,Mendocino,045,87422,3835,3770,77,3847,46
2021-04-28,Merced,047,269075,30638,30649,1038,31687,443
2021-04-28,Modoc,049,8938,369,360,121,481,3
2021-04-28,Mono,051,14174,1246,1258,17,1275,3
2021-04-28,Monterey,053,433212,42939,42776,1850,44626,379
2021-04-28,Napa,055,140530,9778,9777,36,9813,81
2021-04-28,Nevada,057,99092,4670,4570,186,4756,70
2021-04-28,Orange,059,3164182,254094,252747,11214,263961,4931
2021-04-28,Placer,061,380077,22688,22115,1419,23534,285
2021-04-28,Plumas,063,18699,690,676,10,686,4
2021-04-28,Riverside,065,2383286,292539,286868,13919,300787,4407
2021-04-28,Sacramento,067,1510023,103400,102613,1658,104271,1591
2021-04-28,San Benito,069,59416,6015,6021,113,6134,63
2021-04-28,San Bernardino,071,2135413,291870,290548,8928,299476,4582
2021-04-28,San Diego,073,3302833,277627,275821,14498,290319,3698
2021-04-28,San Francisco,075,870044,36268,36382,1269,37651,534
2021-04-28,San Joaquin,077,732212,71950,71171,3447,74618,1301
2021-04-28,San Luis Obispo,079,281455,21144,20851,718,21569,255
2021-04-28,San Mateo,081,765935,41885,41498,458,41956,358
2021-04-28,Santa Barbara,083,443738,34180,34003,1131,35134,448
2021-04-28,Santa Clara,085,1922200,117538,117997,739,118736,1969
2021-04-28,Santa Cruz,087,273765,16119,15943,811,16754,205
2021-04-28,Shasta,089,179085,11827,11815,1457,13272,192
2021-04-28,Sierra,091,2930,56,51,12,63,0
2021-04-28,Siskiyou,093,43540,1748,1603,304,1907,11
2021-04-28,Solano,095,438530,32125,31982,498,32480,248
2021-04-28,Sonoma,097,501317,29643,29773,313,30086,318
2021-04-28,Stanislaus,099,539301,55156,54745,5830,60575,774
2021-04-28,Sutter,101,95872,9317,9343,83,9426,110
2021-04-28,Tehama,103,63373,4960,4930,556,5486,53
2021-04-28,Trinity,105,12862,482,326,86,412,3
2021-04-28,Tulare,107,460477,49791,48754,8847,57601,832
2021-04-28,Tuolumne,109,53932,3980,4029,38,4067,58
2021-04-28,Ventura,111,848112,80796,80172,2955,83127,1000
2021-04-28,Yolo,113,214977,13788,13721,280,14001,205
2021-04-28,Yuba,115,75493,5890,5857,121,5978,44
2021-04-27,Alameda,001,1643700,86641,86301,1905,88206,1260
2021-04-27,Alpine,003,1148,87,88,0,88,0
2021-04-27,Amador,005,37829,3648,3645,33,3678,46
2021-04-27,Butte,007,227075,12145,11738,1753,13491,196
2021-04-27,Calaveras,009,45235,2090,2076,12,2088,50
2021-04-27,Colusa,011,21464,1923,1926,292,2218,14
2021-04-27,Contra Costa,013,1133247,68104,67470,1222,68692,791
2021-04-27,Del Norte,015,27424,1310,1266,11,1277,6
2021-04-27,El Dorado,017,186661,9967,9866,713,10579,106
2021-04-27,Fresno,019,978130,101625,101138,8557,109695,1663
2021-04-27,Glenn,021,27897,2386,2368,541,2909,17
2021-04-27,Humboldt,023,135768,3823,3780,31,3811,35
2021-04-27,Imperial,025,180216,28266,28149,2686,30835,720
2021-04-27,Inyo,027,18085,1399,1396,11,1407,36
2021-04-27,Kern,029,883053,96502,95466,10659,106125,1295
2021-04-27,Kings,031,150075,23000,22759,1068,23827,244
2021-04-27,Lake,033,64148,3454,3431,9,3440,43
2021-04-27,Lassen,035,31185,5172,5137,105,5242,1
2021-04-27,Los Angeles,037,10098052,1200391,1191504,41051,1232555,23825
2021-04-27,Madera,039,155013,16480,16365,922,17287,235
2021-04-27,Marin,041,260295,13932,13855,239,14094,227
2021-04-27,Mariposa,043,17540,417,413,11,424,5
2021-04-27,Mendocino,045,87422,3831,3765,77,3842,46
2021-04-27,Merced,047,269075,30597,30620,1038,31658,443
2021-04-27,Modoc,049,8938,368,360,121,481,3
2021-04-27,Mono,051,14174,1246,1257,17,1274,3
2021-04-27,Monterey,053,433212,42921,42752,1847,44599,379
2021-04-27,Napa,055,140530,9771,9774,34,9808,81
2021-04-27,Nevada,057,99092,4655,4557,186,4743,70
2021-04-27,Orange,059,3164182,254024,252667,11209,263876,4925
2021-04-27,Placer,061,380077,22659,22050,1415,23465,285
2021-04-27,Plumas,063,18699,689,675,10,685,4
2021-04-27,Riverside,065,2383286,292463,286820,13915,300735,4405
2021-04-27,Sacramento,067,1510023,103271,102595,1648,104243,1589
2021-04-27,San Benito,069,59416,6010,6016,113,6129,63
2021-04-27,San Bernardino,071,2135413,291801,290461,8923,299384,4575
2021-04-27,San Diego,073,3302833,277470,275685,14478,290163,3692
2021-04-27,San Francisco,075,870044,36240,36358,1268,37626,533
2021-04-27,San Joaquin,077,732212,71897,71104,3441,74545,1301
2021-04-27,San Luis Obispo,079,281455,21137,20841,718,21559,255
2021-04-27,San Mateo,081,765935,41850,41474,457,41931,358
2021-04-27,Santa Barbara,083,443738,34156,33973,1130,35103,448
2021-04-27,Santa Clara,085,1922200,117488,117945,738,118683,1969
2021-04-27,Santa Cruz,087,273765,16112,15905,810,16715,205
2021-04-27,Shasta,089,179085,11799,11802,1450,13252,192
2021-04-27,Sierra,091,2930,56,51,12,63,0
2021-04-27,Siskiyou,093,43540,1733,1597,303,1900,11
2021-04-27,Solano,095,438530,32077,31964,497,32461,248
2021-04-27,Sonoma,097,501317,29625,29761,312,30073,318
2021-04-27,Stanislaus,099,539301,55086,54695,5822,60517,752
2021-04-27,Sutter,101,95872,9312,9342,83,9425,110
2021-04-27,Tehama,103,63373,4957,4922,552,5474,53
2021-04-27,Trinity,105,12862,482,326,86,412,3
2021-04-27,Tulare,107,460477,49775,48744,8838,57582,832
2021-04-27,Tuolumne,109,53932,3977,4028,38,4066,58
2021-04-27,Ventura,111,848112,80767,80152,2953,83105,1000
2021-04-27,Yolo,113,214977,13775,13697,278,13975,205
2021-04-27,Yuba,115,75493,5890,5853,121,5974,44
2021-04-26,Alameda,001,1643700,86547,86230,1902,88132,1256
2021-04-26,Alpine,003,1148,87,88,0,88,0
2021-04-26,Amador,005,37829,3647,3645,33,3678,46
2021-04-26,Butte,007,227075,12121,11720,1749,13469,196
2021-04-26,Calaveras,009,45235,2084,2074,12,2086,50
2021-04-26,Colusa,011,21464,1923,1925,291,2216,14
2021-04-26,Contra Costa,013,1133247,68037,67392,1218,68610,789
2021-04-26,Del Norte,015,27424,1301,1263,11,1274,6
2021-04-26,El Dorado,017,186661,9946,9849,712,10561,106
2021-04-26,Fresno,019,978130,101570,101099,8543,109642,1662
2021-04-26,Glenn,021,27897,2384,2367,541,2908,17
2021-04-26,Humboldt,023,135768,3813,3764,30,3794,35
2021-04-26,Imperial,025,180216,28253,28148,2683,30831,720
2021-04-26,Inyo,027,18085,1398,1396,11,1407,36
2021-04-26,Kern,029,883053,96475,95429,10653,106082,1295
2021-04-26,Kings,031,150075,22997,22756,1065,23821,244
2021-04-26,Lake,033,64148,3449,3428,9,3437,43
2021-04-26,Lassen,035,31185,5172,5138,105,5243,1
2021-04-26,Los Angeles,037,10098052,1200061,1191253,41032,1232285,23802
2021-04-26,Madera,039,155013,16468,16353,921,17274,231
2021-04-26,Marin,041,260295,13917,13849,239,14088,227
2021-04-26,Mariposa,043,17540,416,410,11,421,5
2021-04-26,Mendocino,045,87422,3829,3757,76,3833,46
2021-04-26,Merced,047,269075,30580,30611,1035,31646,443
2021-04-26,Modoc,049,8938,368,360,121,481,3
2021-04-26,Mono,051,14174,1246,1258,17,1275,3
2021-04-26,Monterey,053,433212,42905,42740,1846,44586,379
2021-04-26,Napa,055,140530,9759,9769,34,9803,79
2021-04-26,Nevada,057,99092,4634,4548,186,4734,70
2021-04-26,Orange,059,3164182,253940,252592,11198,263790,4919
2021-04-26,Placer,061,380077,22631,22032,1410,23442,285
2021-04-26,Plumas,063,18699,689,670,10,680,4
2021-04-26,Riverside,065,2383286,292401,286724,13907,300631,4401
2021-04-26,Sacramento,067,1510023,103099,102459,1635,104094,1587
2021-04-26,San Benito,069,59416,6008,6013,113,6126,63
2021-04-26,San Bernardino,071,2135413,291750,290394,8922,299316,4572
2021-04-26,San Diego,073,3302833,277295,275541,14450,289991,3692
2021-04-26,San Francisco,075,870044,36212,36330,1267,37597,532
2021-04-26,San Joaquin,077,732212,71831,71050,3433,74483,1301
2021-04-26,San Luis Obispo,079,281455,21129,20830,717,21547,255
2021-04-26,San Mateo,081,765935,41820,41457,457,41914,357
2021-04-26,Santa Barbara,083,443738,34125,33948,1130,35078,448
2021-04-26,Santa Clara,085,1922200,117388,117874,735,118609,1968
2021-04-26,Santa Cruz,087,273765,16103,15877,810,16687,205
2021-04-26,Shasta,089,179085,11782,11787,1444,13231,192
2021-04-26,Sierra,091,2930,55,51,12,63,0
2021-04-26,Siskiyou,093,43540,1723,1592,300,1892,11
2021-04-26,Solano,095,438530,32032,31913,495,32408,247
2021-04-26,Sonoma,097,501317,29602,29755,310,30065,318
2021-04-26,Stanislaus,099,539301,54996,54638,5816,60454,744
2021-04-26,Sutter,101,95872,9307,9328,83,9411,110
2021-04-26,Tehama,103,63373,4952,4920,549,5469,53
2021-04-26,Trinity,105,12862,482,326,86,412,3
2021-04-26,Tulare,107,460477,49755,48735,8829,57564,831
2021-04-26,Tuolumne,109,53932,3976,4024,38,4062,58
2021-04-26,Ventura,111,848112,80742,80137,2950,83087,999
2021-04-26,Yolo,113,214977,13755,13684,275,13959,205
2021-04-26,Yuba,115,75493,5888,5851,121,5972,44
2021-04-25,Alameda,001,1643700,86445,86162,1895,88057,1256
2021-04-25,Alpine,003,1148,87,87,0,87,0
2021-04-25,Amador,005,37829,3646,3643,33,3676,46
2021-04-25,Butte,007,227075,12092,11709,1742,13451,196
2021-04-25,Calaveras,009,45235,2079,2072,11,2083,50
2021-04-25,Colusa,011,21464,1922,1924,291,2215,14
2021-04-25,Contra Costa,013,1133247,67945,67316,1217,68533,789
2021-04-25,Del Norte,015,27424,1295,1259,11,1270,6
2021-04-25,El Dorado,017,186661,9930,9837,710,10547,106
2021-04-25,Fresno,019,978130,101511,101061,8531,109592,1662
2021-04-25,Glenn,021,27897,2384,2366,541,2907,17
2021-04-25,Humboldt,023,135768,3800,3751,30,3781,35
2021-04-25,Imperial,025,180216,28227,28136,2680,30816,720
2021-04-25,Inyo,027,18085,1398,1396,11,1407,36
2021-04-25,Kern,029,883053,96409,95398,10640,106038,1295
2021-04-25,Kings,031,150075,22983,22755,1063,23818,244
2021-04-25,Lake,033,64148,3447,3427,9,3436,43
2021-04-25,Lassen,035,31185,5170,5138,105,5243,1
2021-04-25,Los Angeles,037,10098052,1199724,1190970,41012,1231982,23799
2021-04-25,Madera,039,155013,16456,16346,921,17267,231
2021-04-25,Marin,041,260295,13908,13852,239,14091,227
2021-04-25,Mariposa,043,17540,416,410,11,421,5
2021-04-25,Mendocino,045,87422,3822,3757,76,3833,46
2021-04-25,Merced,047,269075,30546,30586,1034,31620,443
2021-04-25,Modoc,049,8938,368,360,121,481,3
2021-04-25,Mono,051,14174,1246,1257,17,1274,3
2021-04-25,Monterey,053,433212,42892,42737,1844,44581,379
2021-04-25,Napa,055,140530,9754,9762,34,9796,79
2021-04-25,Nevada,057,99092,4622,4536,186,4722,70
2021-04-25,Orange,059,3164182,253864,252531,11191,263722,4919
2021-04-25,Placer,061,380077,22585,22011,1402,23413,285
2021-04-25,Plumas,063,18699,688,670,10,680,4
2021-04-25,Riverside,065,2383286,292307,286651,13901,300552,4401
2021-04-25,Sacramento,067,1510023,102931,102319,1625,103944,1587
2021-04-25,San Benito,069,59416,6006,6014,112,6126,63
2021-04-25,San Bernardino,071,2135413,291675,290357,8914,299271,4571
2021-04-25,San Diego,073,3302833,277082,275412,14417,289829,3692
2021-04-25,San Francisco,075,870044,36181,36310,1267,37577,532
2021-04-25,San Joaquin,077,732212,71736,70987,3423,74410,1301
2021-04-25,San Luis Obispo,079,281455,21110,20820,715,21535,255
2021-04-25,San Mateo,081,765935,41785,41465,456,41921,356
2021-04-25,Santa Barbara,083,443738,34099,33931,1130,35061,448
2021-04-25,Santa Clara,085,1922200,117309,117778,733,118511,1968
2021-04-25,Santa Cruz,087,273765,16097,15868,808,16676,205
2021-04-25,Shasta,089,179085,11759,11784,1439,13223,192
2021-04-25,Sierra,091,2930,55,51,12,63,0
2021-04-25,Siskiyou,093,43540,1712,1580,298,1878,11
2021-04-25,Solano,095,438530,31985,31864,487,32351,247
2021-04-25,Sonoma,097,501317,29584,29756,310,30066,318
2021-04-25,Stanislaus,099,539301,54900,54543,5808,60351,744
2021-04-25,Sutter,101,95872,9301,9326,83,9409,110
2021-04-25,Tehama,103,63373,4948,4916,547,5463,53
2021-04-25,Trinity,105,12862,482,326,86,412,3
2021-04-25,Tulare,107,460477,49739,48728,8815,57543,831
2021-04-25,Tuolumne,109,53932,3974,4022,38,4060,58
2021-04-25,Ventura,111,848112,80718,80110,2950,83060,999
2021-04-25,Yolo,113,214977,13730,13667,273,13940,205
2021-04-25,Yuba,115,75493,5885,5849,120,5969,44
2021-04-24,Alameda,001,1643700,86391,86016,1893,87909,1257
2021-04-24,Alpine,003,1148,87,86,0,86,0
2021-04-24,Amador,005,37829,3645,3640,33,3673,46
2021-04-24,Butte,007,227075,12076,11678,1740,13418,196
2021-04-24,Calaveras,009,45235,2075,2067,11,2078,50
2021-04-24,Colusa,011,21464,1921,1921,291,2212,14
2021-04-24,Contra Costa,013,1133247,67875,67222,1215,68437,789
2021-04-24,Del Norte,015,27424,1290,1255,11,1266,6
2021-04-24,El Dorado,017,186661,9919,9814,709,10523,106
2021-04-24,Fresno,019,978130,101480,100991,8525,109516,1662
2021-04-24,Glenn,021,27897,2384,2363,541,2904,17
2021-04-24,Humboldt,023,135768,3786,3722,30,3752,35
2021-04-24,Imperial,025,180216,28220,28124,2679,30803,720
2021-04-24,Inyo,027,18085,1397,1396,11,1407,36
2021-04-24,Kern,029,883053,96390,95365,10630,105995,1295
2021-04-24,Kings,031,150075,22980,22749,1063,23812,244
2021-04-24,Lake,033,64148,3446,3426,9,3435,43
2021-04-24,Lassen,035,31185,5169,5137,105,5242,1
2021-04-24,Los Angeles,037,10098052,1199494,1190603,40996,1231599,23802
2021-04-24,Madera,039,155013,16453,16338,921,17259,231
2021-04-24,Marin,041,260295,13900,13847,239,14086,227
2021-04-24,Mariposa,043,17540,416,409,11,420,5
2021-04-24,Mendocino,045,87422,3820,3754,74,3828,46
2021-04-24,Merced,047,269075,30526,30559,1034,31593,443
2021-04-24,Modoc,049,8938,368,360,121,481,3
2021-04-24,Mono,051,14174,1246,1256,17,1273,3
2021-04-24,Monterey,053,433212,42880,42727,1843,44570,379
2021-04-24,Napa,055,140530,9748,9756,34,9790,79
2021-04-24,Nevada,057,99092,4615,4522,186,4708,70
2021-04-24,Orange,059,3164182,253820,252441,11185,263626,4910
2021-04-24,Placer,061,380077,22572,21983,1401,23384,285
2021-04-24,Plumas,063,18699,687,670,10,680,4
2021-04-24,Riverside,065,2383286,292239,286552,13897,300449,4400
2021-04-24,Sacramento,067,1510023,102848,102179,1618,103797,1587
2021-04-24,San Benito,069,59416,6004,6007,112,6119,63
2021-04-24,San Bernardino,071,2135413,291626,290264,8913,299177,4568
2021-04-24,San Diego,073,3302833,276979,275252,14397,289649,3688
2021-04-24,San Francisco,075,870044,36152,36285,1263,37548,532
2021-04-24,San Joaquin,077,732212,71693,70911,3420,74331,1301
2021-04-24,San Luis Obispo,079,281455,21100,20797,714,21511,255
2021-04-24,San Mateo,081,765935,41772,41424,454,41878,355
2021-04-24,Santa Barbara,083,443738,34084,33911,1129,35040,448
2021-04-24,Santa Clara,085,1922200,117254,117674,731,118405,1968
2021-04-24,Santa Cruz,087,273765,16089,15840,808,16648,205
2021-04-24,Shasta,089,179085,11741,11770,1436,13206,192
2021-04-24,Sierra,091,2930,55,51,12,63,0
2021-04-24,Siskiyou,093,43540,1702,1574,297,1871,11
2021-04-24,Solano,095,438530,31962,31821,484,32305,247
2021-04-24,Sonoma,097,501317,29582,29739,310,30049,318
2021-04-24,Stanislaus,099,539301,54851,54455,5805,60260,744
2021-04-24,Sutter,101,95872,9298,9316,83,9399,110
2021-04-24,Tehama,103,63373,4943,4907,547,5454,53
2021-04-24,Trinity,105,12862,482,326,86,412,3
2021-04-24,Tulare,107,460477,49728,48705,8805,57510,830
2021-04-24,Tuolumne,109,53932,3970,4020,38,4058,58
2021-04-24,Ventura,111,848112,80705,80097,2948,83045,999
2021-04-24,Yolo,113,214977,13719,13653,273,13926,205
2021-04-24,Yuba,115,75493,5883,5837,120,5957,44
2021-04-23,Alameda,001,1643700,86317,85935,1890,87825,1256
2021-04-23,Alpine,003,1148,86,86,0,86,0
2021-04-23,Amador,005,37829,3644,3637,33,3670,46
2021-04-23,Butte,007,227075,12055,11672,1735,13407,196
2021-04-23,Calaveras,009,45235,2072,2064,11,2075,50
2021-04-23,Colusa,011,21464,1920,1921,291,2212,14
2021-04-23,Contra Costa,013,1133247,67821,67164,1213,68377,785
2021-04-23,Del Norte,015,27424,1289,1254,11,1265,6
2021-04-23,El Dorado,017,186661,9902,9788,706,10494,106
2021-04-23,Fresno,019,978130,101439,100928,8519,109447,1662
2021-04-23,Glenn,021,27897,2384,2361,540,2901,17
2021-04-23,Humboldt,023,135768,3776,3698,30,3728,35
2021-04-23,Imperial,025,180216,28205,28108,2678,30786,720
2021-04-23,Inyo,027,18085,1397,1395,11,1406,36
2021-04-23,Kern,029,883053,96365,95330,10624,105954,1295
2021-04-23,Kings,031,150075,22977,22735,1063,23798,244
2021-04-23,Lake,033,64148,3444,3425,9,3434,43
2021-04-23,Lassen,035,31185,5169,5141,105,5246,1
2021-04-23,Los Angeles,037,10098052,1199228,1190264,40971,1231235,23785
2021-04-23,Madera,039,155013,16444,16328,921,17249,231
2021-04-23,Marin,041,260295,13895,13838,239,14077,227
2021-04-23,Mariposa,043,17540,415,405,11,416,5
2021-04-23,Mendocino,045,87422,3818,3745,73,3818,46
2021-04-23,Merced,047,269075,30509,30530,1033,31563,443
2021-04-23,Modoc,049,8938,368,360,121,481,3
2021-04-23,Mono,051,14174,1244,1256,17,1273,3
2021-04-23,Monterey,053,433212,42874,42722,1843,44565,377
2021-04-23,Napa,055,140530,9743,9752,34,9786,79
2021-04-23,Nevada,057,99092,4606,4510,186,4696,70
2021-04-23,Orange,059,3164182,253776,252399,11178,263577,4904
2021-04-23,Placer,061,380077,22549,21959,1400,23359,282
2021-04-23,Plumas,063,18699,686,670,10,680,4
2021-04-23,Riverside,065,2383286,292180,286456,13892,300348,4399
2021-04-23,Sacramento,067,1510023,102761,102041,1615,103656,1586
2021-04-23,San Benito,069,59416,6002,6005,112,6117,63
2021-04-23,San Bernardino,071,2135413,291575,290189,8912,299101,4568
2021-04-23,San Diego,073,3302833,276840,275097,14374,289471,3684
2021-04-23,San Francisco,075,870044,36136,36252,1262,37514,532
2021-04-23,San Joaquin,077,732212,71637,70840,3417,74257,1295
2021-04-23,San Luis Obispo,079,281455,21091,20781,713,21494,255
2021-04-23,San Mateo,081,765935,41746,41386,454,41840,355
2021-04-23,Santa Barbara,083,443738,34074,33895,1127,35022,447
2021-04-23,Santa Clara,085,1922200,117192,117593,730,118323,1965
2021-04-23,Santa Cruz,087,273765,16082,15802,808,16610,205
2021-04-23,Shasta,089,179085,11734,11759,1435,13194,192
2021-04-23,Sierra,091,2930,55,51,12,63,0
2021-04-23,Siskiyou,093,43540,1690,1567,296,1863,11
2021-04-23,Solano,095,438530,31930,31784,480,32264,247
2021-04-23,Sonoma,097,501317,29568,29727,310,30037,318
2021-04-23,Stanislaus,099,539301,54789,54391,5797,60188,744
2021-04-23,Sutter,101,95872,9296,9312,83,9395,110
2021-04-23,Tehama,103,63373,4940,4906,547,5453,53
2021-04-23,Trinity,105,12862,482,326,86,412,3
2021-04-23,Tulare,107,460477,49711,48694,8797,57491,829
2021-04-23,Tuolumne,109,53932,3969,4020,38,4058,58
2021-04-23,Ventura,111,848112,80686,80095,2948,83043,996
2021-04-23,Yolo,113,214977,13708,13647,272,13919,205
2021-04-23,Yuba,115,75493,5880,5828,120,5948,44
2021-04-22,Alameda,001,1643700,86227,85829,1889,87718,1253
2021-04-22,Alpine,003,1148,86,86,0,86,0
2021-04-22,Amador,005,37829,3643,3633,33,3666,46
2021-04-22,Butte,007,227075,12041,11656,1732,13388,196
2021-04-22,Calaveras,009,45235,2070,2059,11,2070,50
2021-04-22,Colusa,011,21464,1918,1920,289,2209,14
2021-04-22,Contra Costa,013,1133247,67749,67029,1208,68237,782
2021-04-22,Del Norte,015,27424,1284,1252,11,1263,6
2021-04-22,El Dorado,017,186661,9890,9773,703,10476,106
2021-04-22,Fresno,019,978130,101394,100864,8508,109372,1657
2021-04-22,Glenn,021,27897,2383,2361,540,2901,17
2021-04-22,Humboldt,023,135768,3767,3680,30,3710,35
2021-04-22,Imperial,025,180216,28184,28096,2675,30771,720
2021-04-22,Inyo,027,18085,1396,1394,11,1405,36
2021-04-22,Kern,029,883053,96322,95292,10608,105900,1299
2021-04-22,Kings,031,150075,22967,22725,1063,23788,243
2021-04-22,Lake,033,64148,3442,3423,9,3432,43
2021-04-22,Lassen,035,31185,5169,5155,105,5260,1
2021-04-22,Los Angeles,037,10098052,1198907,1189878,40950,1230828,23762
2021-04-22,Madera,039,155013,16425,16316,921,17237,231
2021-04-22,Marin,041,260295,13887,13832,239,14071,227
2021-04-22,Mariposa,043,17540,414,403,11,414,5
2021-04-22,Mendocino,045,87422,3812,3729,73,3802,46
2021-04-22,Merced,047,269075,30474,30490,1032,31522,443
2021-04-22,Modoc,049,8938,368,360,121,481,3
2021-04-22,Mono,051,14174,1244,1254,17,1271,3
2021-04-22,Monterey,053,433212,42867,42708,1841,44549,377
2021-04-22,Napa,055,140530,9733,9734,34,9768,79
2021-04-22,Nevada,057,99092,4596,4504,184,4688,70
2021-04-22,Orange,059,3164182,253703,252307,11165,263472,4898
2021-04-22,Placer,061,380077,22517,21916,1396,23312,282
2021-04-22,Plumas,063,18699,685,670,10,680,4
2021-04-22,Riverside,065,2383286,292081,286362,13883,300245,4398
2021-04-22,Sacramento,067,1510023,102612,101870,1606,103476,1585
2021-04-22,San Benito,069,59416,5998,5998,112,6110,63
2021-04-22,San Bernardino,071,2135413,291504,290125,8903,299028,4571
2021-04-22,San Diego,073,3302833,276674,275913,14352,290265,3684
2021-04-22,San Francisco,075,870044,36113,36218,1259,37477,532
2021-04-22,San Joaquin,077,732212,71578,70751,3410,74161,1295
2021-04-22,San Luis Obispo,079,281455,21077,20761,713,21474,255
2021-04-22,San Mateo,081,765935,41720,41345,452,41797,355
2021-04-22,Santa Barbara,083,443738,34051,33870,1126,34996,446
2021-04-22,Santa Clara,085,1922200,117104,117457,726,118183,1954
2021-04-22,Santa Cruz,087,273765,16079,15737,807,16544,205
2021-04-22,Shasta,089,179085,11719,11738,1433,13171,192
2021-04-22,Sierra,091,2930,55,51,12,63,0
2021-04-22,Siskiyou,093,43540,1686,1564,295,1859,11
2021-04-22,Solano,095,438530,31884,31731,477,32208,247
2021-04-22,Sonoma,097,501317,29553,29705,306,30011,318
2021-04-22,Stanislaus,099,539301,54716,54313,5791,60104,744
2021-04-22,Sutter,101,95872,9292,9302,83,9385,110
2021-04-22,Tehama,103,63373,4934,4896,543,5439,53
2021-04-22,Trinity,105,12862,482,326,86,412,3
2021-04-22,Tulare,107,460477,49691,48669,8788,57457,828
2021-04-22,Tuolumne,109,53932,3965,4020,38,4058,58
2021-04-22,Ventura,111,848112,80660,80073,2946,83019,996
2021-04-22,Yolo,113,214977,13687,13616,272,13888,205
2021-04-22,Yuba,115,75493,5870,5825,120,5945,44
2021-04-21,Alameda,001,1643700,86148,85762,1887,87649,1249
2021-04-21,Alpine,003,1148,86,86,0,86,0
2021-04-21,Amador,005,37829,3640,3632,33,3665,46
2021-04-21,Butte,007,227075,12021,11643,1730,13373,196
2021-04-21,Calaveras,009,45235,2062,2057,11,2068,50
2021-04-21,Colusa,011,21464,1916,1920,288,2208,14
2021-04-21,Contra Costa,013,1133247,67683,66981,1207,68188,782
2021-04-21,Del Norte,015,27424,1280,1252,11,1263,6
2021-04-21,El Dorado,017,186661,9873,9760,700,10460,106
2021-04-21,Fresno,019,978130,101338,100838,8502,109340,1654
2021-04-21,Glenn,021,27897,2382,2361,540,2901,17
2021-04-21,Humboldt,023,135768,3748,3642,30,3672,35
2021-04-21,Imperial,025,180216,28172,28052,2674,30726,719
2021-04-21,Inyo,027,18085,1396,1392,11,1403,36
2021-04-21,Kern,029,883053,96276,95257,10598,105855,1297
2021-04-21,Kings,031,150075,22960,22713,1062,23775,243
2021-04-21,Lake,033,64148,3439,3421,9,3430,43
2021-04-21,Lassen,035,31185,5168,5156,105,5261,1
2021-04-21,Los Angeles,037,10098052,1198566,1189530,40930,1230460,23729
2021-04-21,Madera,039,155013,16420,16309,921,17230,231
2021-04-21,Marin,041,260295,13872,13822,239,14061,227
2021-04-21,Mariposa,043,17540,413,402,11,413,5
2021-04-21,Mendocino,045,87422,3810,3729,73,3802,46
2021-04-21,Merced,047,269075,30454,30471,1030,31501,442
2021-04-21,Modoc,049,8938,368,360,121,481,3
2021-04-21,Mono,051,14174,1244,1254,17,1271,3
2021-04-21,Monterey,053,433212,42852,42699,1839,44538,377
2021-04-21,Napa,055,140530,9727,9727,34,9761,79
2021-04-21,Nevada,057,99092,4582,4499,184,4683,70
2021-04-21,Orange,059,3164182,253627,252243,11152,263395,4889
2021-04-21,Placer,061,380077,22486,21896,1391,23287,282
2021-04-21,Plumas,063,18699,685,670,10,680,4
2021-04-21,Riverside,065,2383286,291987,286299,13876,300175,4388
2021-04-21,Sacramento,067,1510023,102483,101803,1600,103403,1579
2021-04-21,San Benito,069,59416,5995,5998,112,6110,63
2021-04-21,San Bernardino,071,2135413,291428,290049,8901,298950,4572
2021-04-21,San Diego,073,3302833,276465,275632,14314,289946,3681
2021-04-21,San Francisco,075,870044,36093,36194,1258,37452,529
2021-04-21,San Joaquin,077,732212,71523,70687,3400,74087,1295
2021-04-21,San Luis Obispo,079,281455,21062,20724,712,21436,255
2021-04-21,San Mateo,081,765935,41689,41318,451,41769,355
2021-04-21,Santa Barbara,083,443738,34032,33830,1125,34955,445
2021-04-21,Santa Clara,085,1922200,117026,117318,720,118038,1946
2021-04-21,Santa Cruz,087,273765,16070,15698,807,16505,204
2021-04-21,Shasta,089,179085,11700,11722,1431,13153,192
2021-04-21,Sierra,091,2930,55,51,12,63,0
2021-04-21,Siskiyou,093,43540,1679,1557,295,1852,11
2021-04-21,Solano,095,438530,31845,31712,476,32188,244
2021-04-21,Sonoma,097,501317,29541,29697,304,30001,318
2021-04-21,Stanislaus,099,539301,54655,54290,5785,60075,742
2021-04-21,Sutter,101,95872,9284,9297,83,9380,110
2021-04-21,Tehama,103,63373,4927,4893,542,5435,53
2021-04-21,Trinity,105,12862,482,326,86,412,3
2021-04-21,Tulare,107,460477,49676,48653,8775,57428,828
2021-04-21,Tuolumne,109,53932,3962,4019,38,4057,58
2021-04-21,Ventura,111,848112,80628,80039,2943,82982,996
2021-04-21,Yolo,113,214977,13667,13606,271,13877,200
2021-04-21,Yuba,115,75493,5863,5822,119,5941,44
2021-04-20,Alameda,001,1643700,86053,85652,1885,87537,1248
2021-04-20,Alpine,003,1148,85,85,0,85,0
2021-04-20,Amador,005,37829,3639,3631,33,3664,46
2021-04-20,Butte,007,227075,12002,11619,1728,13347,196
2021-04-20,Calaveras,009,45235,2061,2053,11,2064,50
2021-04-20,Colusa,011,21464,1916,1915,287,2202,14
2021-04-20,Contra Costa,013,1133247,67599,66889,1204,68093,782
2021-04-20,Del Norte,015,27424,1279,1250,11,1261,6
2021-04-20,El Dorado,017,186661,9845,9743,698,10441,106
2021-04-20,Fresno,019,978130,101280,100768,8492,109260,1650
2021-04-20,Glenn,021,27897,2380,2359,539,2898,17
2021-04-20,Humboldt,023,135768,3730,3612,30,3642,35
2021-04-20,Imperial,025,180216,28153,28024,2670,30694,719
2021-04-20,Inyo,027,18085,1396,1393,11,1404,36
2021-04-20,Kern,029,883053,96240,95223,10581,105804,1295
2021-04-20,Kings,031,150075,22954,22693,1059,23752,243
2021-04-20,Lake,033,64148,3437,3418,9,3427,43
2021-04-20,Lassen,035,31185,5168,5155,105,5260,1
2021-04-20,Los Angeles,037,10098052,1198219,1189256,40900,1230156,23694
2021-04-20,Madera,039,155013,16414,16301,921,17222,231
2021-04-20,Marin,041,260295,13858,13807,239,14046,227
2021-04-20,Mariposa,043,17540,412,402,11,413,5
2021-04-20,Mendocino,045,87422,3809,3726,73,3799,46
2021-04-20,Merced,047,269075,30427,30439,1029,31468,441
2021-04-20,Modoc,049,8938,368,359,121,480,3
2021-04-20,Mono,051,14174,1243,1254,17,1271,3
2021-04-20,Monterey,053,433212,42841,42663,1836,44499,363
2021-04-20,Napa,055,140530,9723,9711,34,9745,79
2021-04-20,Nevada,057,99092,4564,4485,184,4669,70
2021-04-20,Orange,059,3164182,253537,252134,11140,263274,4887
2021-04-20,Placer,061,380077,22452,21846,1387,23233,282
2021-04-20,Plumas,063,18699,684,670,10,680,4
2021-04-20,Riverside,065,2383286,291890,286194,13871,300065,4388
2021-04-20,Sacramento,067,1510023,102345,101629,1592,103221,1574
2021-04-20,San Benito,069,59416,5992,5988,112,6100,63
2021-04-20,San Bernardino,071,2135413,291348,289905,8899,298804,4569
2021-04-20,San Diego,073,3302833,276234,275369,14281,289650,3674
2021-04-20,San Francisco,075,870044,36074,36117,1257,37374,529
2021-04-20,San Joaquin,077,732212,71450,70590,3391,73981,1289
2021-04-20,San Luis Obispo,079,281455,21039,20691,704,21395,254
2021-04-20,San Mateo,081,765935,41658,41251,451,41702,355
2021-04-20,Santa Barbara,083,443738,34013,33803,1125,34928,445
2021-04-20,Santa Clara,085,1922200,116928,117228,716,117944,1944
2021-04-20,Santa Cruz,087,273765,16058,15647,807,16454,204
2021-04-20,Shasta,089,179085,11684,11677,1428,13105,189
2021-04-20,Sierra,091,2930,55,51,12,63,0
2021-04-20,Siskiyou,093,43540,1671,1551,294,1845,10
2021-04-20,Solano,095,438530,31790,31673,472,32145,243
2021-04-20,Sonoma,097,501317,29532,29676,302,29978,311
2021-04-20,Stanislaus,099,539301,54590,54236,5772,60008,735
2021-04-20,Sutter,101,95872,9280,9279,83,9362,109
2021-04-20,Tehama,103,63373,4922,4887,541,5428,52
2021-04-20,Trinity,105,12862,482,326,86,412,3
2021-04-20,Tulare,107,460477,49653,48650,8767,57417,831
2021-04-20,Tuolumne,109,53932,3962,4014,38,4052,58
2021-04-20,Ventura,111,848112,80600,80018,2941,82959,995
2021-04-20,Yolo,113,214977,13647,13581,270,13851,200
2021-04-20,Yuba,115,75493,5853,5814,119,5933,44
2021-04-19,Alameda,001,1643700,85933,85583,1882,87465,1247
2021-04-19,Alpine,003,1148,85,85,0,85,0
2021-04-19,Amador,005,37829,3638,3629,33,3662,46
2021-04-19,Butte,007,227075,11984,11601,1723,13324,196
2021-04-19,Calaveras,009,45235,2059,2050,11,2061,50
2021-04-19,Colusa,011,21464,1916,1913,286,2199,14
2021-04-19,Contra Costa,013,1133247,67521,66833,1202,68035,782
2021-04-19,Del Norte,015,27424,1277,1247,11,1258,6
2021-04-19,El Dorado,017,186661,9829,9726,693,10419,106
2021-04-19,Fresno,019,978130,101212,100702,8480,109182,1646
2021-04-19,Glenn,021,27897,2380,2358,538,2896,17
2021-04-19,Humboldt,023,135768,3710,3602,28,3630,35
2021-04-19,Imperial,025,180216,28132,27995,2670,30665,719
2021-04-19,Inyo,027,18085,1396,1392,11,1403,36
2021-04-19,Kern,029,883053,96210,95162,10566,105728,1290
2021-04-19,Kings,031,150075,22939,22688,1059,23747,243
2021-04-19,Lake,033,64148,3436,3416,9,3425,43
2021-04-19,Lassen,035,31185,5167,5156,105,5261,1
2021-04-19,Los Angeles,037,10098052,1197842,1188945,40875,1229820,23666
2021-04-19,Madera,039,155013,16403,16289,920,17209,231
2021-04-19,Marin,041,260295,13847,13804,238,14042,226
2021-04-19,Mariposa,043,17540,411,401,11,412,5
2021-04-19,Mendocino,045,87422,3807,3722,73,3795,46
2021-04-19,Merced,047,269075,30398,30422,1028,31450,441
2021-04-19,Modoc,049,8938,368,359,121,480,3
2021-04-19,Mono,051,14174,1242,1254,17,1271,3
2021-04-19,Monterey,053,433212,42828,42642,1831,44473,356
2021-04-19,Napa,055,140530,9715,9680,34,9714,79
2021-04-19,Nevada,057,99092,4548,4477,184,4661,70
2021-04-19,Orange,059,3164182,253419,252013,11125,263138,4883
2021-04-19,Placer,061,380077,22429,21814,1383,23197,282
2021-04-19,Plumas,063,18699,684,665,10,675,4
2021-04-19,Riverside,065,2383286,291795,286087,13861,299948,4371
2021-04-19,Sacramento,067,1510023,102209,101482,1582,103064,1572
2021-04-19,San Benito,069,59416,5984,5989,112,6101,63
2021-04-19,San Bernardino,071,2135413,291262,289738,8893,298631,4561
2021-04-19,San Diego,073,3302833,275986,275113,14248,289361,3674
2021-04-19,San Francisco,075,870044,36038,36094,1254,37348,529
2021-04-19,San Joaquin,077,732212,71370,70514,3384,73898,1289
2021-04-19,San Luis Obispo,079,281455,21013,20669,698,21367,254
2021-04-19,San Mateo,081,765935,41625,41226,450,41676,355
2021-04-19,Santa Barbara,083,443738,33999,33786,1125,34911,446
2021-04-19,Santa Clara,085,1922200,116817,117099,712,117811,1944
2021-04-19,Santa Cruz,087,273765,16046,15600,807,16407,204
2021-04-19,Shasta,089,179085,11669,11662,1420,13082,189
2021-04-19,Sierra,091,2930,55,51,12,63,0
2021-04-19,Siskiyou,093,43540,1661,1544,294,1838,10
2021-04-19,Solano,095,438530,31751,31643,467,32110,239
2021-04-19,Sonoma,097,501317,29513,29667,302,29969,311
2021-04-19,Stanislaus,099,539301,54514,54179,5768,59947,728
2021-04-19,Sutter,101,95872,9269,9269,83,9352,109
2021-04-19,Tehama,103,63373,4916,4878,541,5419,52
2021-04-19,Trinity,105,12862,482,326,85,411,3
2021-04-19,Tulare,107,460477,49637,48630,8754,57384,831
2021-04-19,Tuolumne,109,53932,3961,4010,38,4048,58
2021-04-19,Ventura,111,848112,80574,80000,2939,82939,996
2021-04-19,Yolo,113,214977,13635,13572,267,13839,200
2021-04-19,Yuba,115,75493,5846,5804,118,5922,44
2021-04-18,Alameda,001,1643700,85819,85481,1874,87355,1247
2021-04-18,Alpine,003,1148,85,85,0,85,0
2021-04-18,Amador,005,37829,3635,3627,33,3660,46
2021-04-18,Butte,007,227075,11966,11591,1718,13309,196
2021-04-18,Calaveras,009,45235,2053,2047,11,2058,50
2021-04-18,Colusa,011,21464,1912,1912,285,2197,14
2021-04-18,Contra Costa,013,1133247,67418,66750,1198,67948,782
2021-04-18,Del Norte,015,27424,1277,1240,11,1251,6
2021-04-18,El Dorado,017,186661,9806,9710,691,10401,106
2021-04-18,Fresno,019,978130,101154,100621,8474,109095,1646
2021-04-18,Glenn,021,27897,2375,2358,538,2896,17
2021-04-18,Humboldt,023,135768,3682,3590,28,3618,35
2021-04-18,Imperial,025,180216,28117,27991,2665,30656,719
2021-04-18,Inyo,027,18085,1395,1392,11,1403,36
2021-04-18,Kern,029,883053,96174,95129,10550,105679,1290
2021-04-18,Kings,031,150075,22930,22685,1059,23744,243
2021-04-18,Lake,033,64148,3435,3413,9,3422,43
2021-04-18,Lassen,035,31185,5164,5156,105,5261,1
2021-04-18,Los Angeles,037,10098052,1197381,1188620,40852,1229472,23648
2021-04-18,Madera,039,155013,16392,16277,919,17196,231
2021-04-18,Marin,041,260295,13840,13801,237,14038,226
2021-04-18,Mariposa,043,17540,410,400,10,410,5
2021-04-18,Mendocino,045,87422,3804,3722,73,3795,46
2021-04-18,Merced,047,269075,30361,30405,1026,31431,441
2021-04-18,Modoc,049,8938,368,359,121,480,3
2021-04-18,Mono,051,14174,1242,1254,17,1271,3
2021-04-18,Monterey,053,433212,42816,42638,1830,44468,356
2021-04-18,Napa,055,140530,9699,9674,34,9708,79
2021-04-18,Nevada,057,99092,4533,4464,184,4648,70
2021-04-18,Orange,059,3164182,253305,251940,11118,263058,4883
2021-04-18,Placer,061,380077,22386,21783,1377,23160,282
2021-04-18,Plumas,063,18699,683,665,10,675,4
2021-04-18,Riverside,065,2383286,291705,286043,13857,299900,4371
2021-04-18,Sacramento,067,1510023,102034,101354,1576,102930,1572
2021-04-18,San Benito,069,59416,5982,5989,112,6101,63
2021-04-18,San Bernardino,071,2135413,291169,289691,8884,298575,4556
2021-04-18,San Diego,073,3302833,275707,274961,14213,289174,3674
2021-04-18,San Francisco,075,870044,36001,36073,1250,37323,525
2021-04-18,San Joaquin,077,732212,71289,70466,3375,73841,1289
2021-04-18,San Luis Obispo,079,281455,20991,20656,692,21348,254
2021-04-18,San Mateo,081,765935,41596,41201,449,41650,352
2021-04-18,Santa Barbara,083,443738,33964,33769,1124,34893,446
2021-04-18,Santa Clara,085,1922200,116649,116996,706,117702,1944
2021-04-18,Santa Cruz,087,273765,16036,15580,806,16386,204
2021-04-18,Shasta,089,179085,11648,11658,1417,13075,189
2021-04-18,Sierra,091,2930,55,51,12,63,0
2021-04-18,Siskiyou,093,43540,1650,1538,293,1831,10
2021-04-18,Solano,095,438530,31701,31606,466,32072,239
2021-04-18,Sonoma,097,501317,29497,29660,300,29960,311
2021-04-18,Stanislaus,099,539301,54432,54132,5761,59893,728
2021-04-18,Sutter,101,95872,9255,9261,83,9344,109
2021-04-18,Tehama,103,63373,4907,4877,540,5417,52
2021-04-18,Trinity,105,12862,482,326,85,411,3
2021-04-18,Tulare,107,460477,49625,48618,8748,57366,829
2021-04-18,Tuolumne,109,53932,3960,4008,37,4045,58
2021-04-18,Ventura,111,848112,80543,79984,2935,82919,996
2021-04-18,Yolo,113,214977,13623,13562,265,13827,200
2021-04-18,Yuba,115,75493,5839,5804,118,5922,44
2021-04-17,Alameda,001,1643700,85744,85367,1870,87237,1247
2021-04-17,Alpine,003,1148,85,85,0,85,0
2021-04-17,Amador,005,37829,3633,3625,33,3658,46
2021-04-17,Butte,007,227075,11946,11573,1714,13287,196
2021-04-17,Calaveras,009,45235,2051,2045,11,2056,50
2021-04-17,Colusa,011,21464,1912,1912,285,2197,14
2021-04-17,Contra Costa,013,1133247,67370,66657,1190,67847,782
2021-04-17,Del Norte,015,27424,1277,1238,11,1249,6
2021-04-17,El Dorado,017,186661,9791,9692,688,10380,106
2021-04-17,Fresno,019,978130,101121,100562,8469,109031,1646
2021-04-17,Glenn,021,27897,2375,2357,538,2895,17
2021-04-17,Humboldt,023,135768,3658,3579,28,3607,35
2021-04-17,Imperial,025,180216,28106,27987,2664,30651,719
2021-04-17,Inyo,027,18085,1392,1392,11,1403,36
2021-04-17,Kern,029,883053,96156,95102,10546,105648,1290
2021-04-17,Kings,031,150075,22925,22678,1058,23736,243
2021-04-17,Lake,033,64148,3434,3409,9,3418,43
2021-04-17,Lassen,035,31185,5164,5154,105,5259,1
2021-04-17,Los Angeles,037,10098052,1197124,1188262,40820,1229082,23653
2021-04-17,Madera,039,155013,16388,16260,918,17178,231
2021-04-17,Marin,041,260295,13836,13797,237,14034,226
2021-04-17,Mariposa,043,17540,409,398,10,408,5
2021-04-17,Mendocino,045,87422,3801,3721,73,3794,46
2021-04-17,Merced,047,269075,30345,30392,1025,31417,441
2021-04-17,Modoc,049,8938,368,357,121,478,3
2021-04-17,Mono,051,14174,1242,1253,17,1270,3
2021-04-17,Monterey,053,433212,42807,42630,1828,44458,356
2021-04-17,Napa,055,140530,9695,9666,34,9700,79
2021-04-17,Nevada,057,99092,4525,4457,184,4641,70
2021-04-17,Orange,059,3164182,253236,251873,11106,262979,4878
2021-04-17,Placer,061,380077,22363,21736,1372,23108,282
2021-04-17,Plumas,063,18699,682,666,10,676,4
2021-04-17,Riverside,065,2383286,291636,285963,13849,299812,4371
2021-04-17,Sacramento,067,1510023,101924,101172,1565,102737,1572
2021-04-17,San Benito,069,59416,5976,5986,112,6098,63
2021-04-17,San Bernardino,071,2135413,291114,289624,8881,298505,4555
2021-04-17,San Diego,073,3302833,275560,274812,14179,288991,3674
2021-04-17,San Francisco,075,870044,35979,36032,1247,37279,523
2021-04-17,San Joaquin,077,732212,71249,70372,3365,73737,1288
2021-04-17,San Luis Obispo,079,281455,20978,20642,689,21331,254
2021-04-17,San Mateo,081,765935,41573,41157,449,41606,352
2021-04-17,Santa Barbara,083,443738,33933,33738,1122,34860,446
2021-04-17,Santa Clara,085,1922200,116557,116887,704,117591,1944
2021-04-17,Santa Cruz,087,273765,16030,15571,806,16377,204
2021-04-17,Shasta,089,179085,11633,11647,1416,13063,189
2021-04-17,Sierra,091,2930,55,51,12,63,0
2021-04-17,Siskiyou,093,43540,1645,1539,290,1829,10
2021-04-17,Solano,095,438530,31670,31541,463,32004,239
2021-04-17,Sonoma,097,501317,29490,29637,300,29937,311
2021-04-17,Stanislaus,099,539301,54395,54058,5756,59814,728
2021-04-17,Sutter,101,95872,9249,9252,83,9335,109
2021-04-17,Tehama,103,63373,4901,4875,539,5414,52
2021-04-17,Trinity,105,12862,482,326,85,411,3
2021-04-17,Tulare,107,460477,49613,48603,8744,57347,829
2021-04-17,Tuolumne,109,53932,3958,4005,37,4042,58
2021-04-17,Ventura,111,848112,80522,79964,2935,82899,996
2021-04-17,Yolo,113,214977,13613,13580,265,13845,200
2021-04-17,Yuba,115,75493,5834,5802,117,5919,44
2021-04-16,Alameda,001,1643700,85665,85243,1868,87111,1245
2021-04-16,Alpine,003,1148,85,85,0,85,0
2021-04-16,Amador,005,37829,3628,3621,33,3654,46
2021-04-16,Butte,007,227075,11934,11549,1712,13261,196
2021-04-16,Calaveras,009,45235,2049,2042,11,2053,50
2021-04-16,Colusa,011,21464,1910,1911,285,2196,14
2021-04-16,Contra Costa,013,1133247,67316,66569,1187,67756,782
2021-04-16,Del Norte,015,27424,1276,1237,11,1248,6
2021-04-16,El Dorado,017,186661,9771,9665,684,10349,106
2021-04-16,Fresno,019,978130,101071,100500,8463,108963,1643
2021-04-16,Glenn,021,27897,2375,2355,538,2893,17
2021-04-16,Humboldt,023,135768,3637,3570,27,3597,35
2021-04-16,Imperial,025,180216,28096,27962,2664,30626,719
2021-04-16,Inyo,027,18085,1392,1392,11,1403,36
2021-04-16,Kern,029,883053,96127,95066,10543,105609,1288
2021-04-16,Kings,031,150075,22921,22667,1057,23724,243
2021-04-16,Lake,033,64148,3428,3406,9,3415,43
2021-04-16,Lassen,035,31185,5163,5155,105,5260,1
2021-04-16,Los Angeles,037,10098052,1196823,1187818,40784,1228602,23627
2021-04-16,Madera,039,155013,16382,16250,917,17167,231
2021-04-16,Marin,041,260295,13833,13788,237,14025,226
2021-04-16,Mariposa,043,17540,408,396,9,405,5
2021-04-16,Mendocino,045,87422,3799,3719,73,3792,46
2021-04-16,Merced,047,269075,30330,30355,1025,31380,438
2021-04-16,Modoc,049,8938,368,355,121,476,3
2021-04-16,Mono,051,14174,1242,1253,17,1270,3
2021-04-16,Monterey,053,433212,42796,42620,1825,44445,351
2021-04-16,Napa,055,140530,9687,9653,34,9687,79
2021-04-16,Nevada,057,99092,4516,4443,184,4627,70
2021-04-16,Orange,059,3164182,253172,251770,11097,262867,4873
2021-04-16,Placer,061,380077,22336,21680,1367,23047,282
2021-04-16,Plumas,063,18699,681,665,10,675,4
2021-04-16,Riverside,065,2383286,291559,285818,13847,299665,4369
2021-04-16,Sacramento,067,1510023,101827,100993,1560,102553,1572
2021-04-16,San Benito,069,59416,5974,5982,112,6094,63
2021-04-16,San Bernardino,071,2135413,291067,289424,8880,298304,4550
2021-04-16,San Diego,073,3302833,275406,274567,14161,288728,3662
2021-04-16,San Francisco,075,870044,35953,35993,1243,37236,517
2021-04-16,San Joaquin,077,732212,71182,70280,3357,73637,1288
2021-04-16,San Luis Obispo,079,281455,20966,20623,688,21311,253
2021-04-16,San Mateo,081,765935,41544,41107,448,41555,352
2021-04-16,Santa Barbara,083,443738,33915,33703,1122,34825,446
2021-04-16,Santa Clara,085,1922200,116457,116693,701,117394,1941
2021-04-16,Santa Cruz,087,273765,16028,15539,806,16345,204
2021-04-16,Shasta,089,179085,11621,11623,1414,13037,189
2021-04-16,Sierra,091,2930,55,51,12,63,0
2021-04-16,Siskiyou,093,43540,1641,1530,288,1818,10
2021-04-16,Solano,095,438530,31631,31470,460,31930,239
2021-04-16,Sonoma,097,501317,29479,29617,300,29917,311
2021-04-16,Stanislaus,099,539301,54347,53983,5754,59737,728
2021-04-16,Sutter,101,95872,9243,9247,83,9330,109
2021-04-16,Tehama,103,63373,4900,4866,539,5405,52
2021-04-16,Trinity,105,12862,482,326,85,411,3
2021-04-16,Tulare,107,460477,49601,48583,8740,57323,830
2021-04-16,Tuolumne,109,53932,3955,4005,37,4042,58
2021-04-16,Ventura,111,848112,80497,79942,2930,82872,994
2021-04-16,Yolo,113,214977,13600,13559,263,13822,198
2021-04-16,Yuba,115,75493,5831,5795,116,5911,44
2021-04-15,Alameda,001,1643700,85558,85089,1866,86955,1246
2021-04-15,Alpine,003,1148,85,85,0,85,0
2021-04-15,Amador,005,37829,3627,3616,33,3649,46
2021-04-15,Butte,007,227075,11919,11529,1708,13237,196
2021-04-15,Calaveras,009,45235,2048,2039,11,2050,50
2021-04-15,Colusa,011,21464,1908,1909,284,2193,14
2021-04-15,Contra Costa,013,1133247,67243,66480,1183,67663,781
2021-04-15,Del Norte,015,27424,1269,1235,11,1246,6
2021-04-15,El Dorado,017,186661,9758,9639,682,10321,106
2021-04-15,Fresno,019,978130,101009,100431,8457,108888,1642
2021-04-15,Glenn,021,27897,2375,2354,538,2892,17
2021-04-15,Humboldt,023,135768,3616,3561,27,3588,35
2021-04-15,Imperial,025,180216,28068,27920,2661,30581,718
2021-04-15,Inyo,027,18085,1392,1393,11,1404,36
2021-04-15,Kern,029,883053,96094,94989,10529,105518,1289
2021-04-15,Kings,031,150075,22907,22648,1057,23705,242
2021-04-15,Lake,033,64148,3427,3399,9,3408,43
2021-04-15,Lassen,035,31185,5162,5152,105,5257,1
2021-04-15,Los Angeles,037,10098052,1196420,1187274,40748,1228022,23598
2021-04-15,Madera,039,155013,16367,16234,917,17151,231
2021-04-15,Marin,041,260295,13829,13783,236,14019,226
2021-04-15,Mariposa,043,17540,406,395,9,404,5
2021-04-15,Mendocino,045,87422,3798,3714,73,3787,46
2021-04-15,Merced,047,269075,30304,30325,1024,31349,437
2021-04-15,Modoc,049,8938,368,355,121,476,3
2021-04-15,Mono,051,14174,1241,1253,17,1270,3
2021-04-15,Monterey,053,433212,42786,42604,1823,44427,347
2021-04-15,Napa,055,140530,9679,9645,34,9679,79
2021-04-15,Nevada,057,99092,4504,4434,183,4617,70
2021-04-15,Orange,059,3164182,253077,251679,11084,262763,4857
2021-04-15,Placer,061,380077,22305,21614,1360,22974,281
2021-04-15,Plumas,063,18699,679,665,10,675,4
2021-04-15,Riverside,065,2383286,291455,285698,13840,299538,4363
2021-04-15,Sacramento,067,1510023,101697,100782,1546,102328,1570
2021-04-15,San Benito,069,59416,5971,5969,111,6080,63
2021-04-15,San Bernardino,071,2135413,290978,289288,8873,298161,4544
2021-04-15,San Diego,073,3302833,275159,274250,14102,288352,3653
2021-04-15,San Francisco,075,870044,35934,35947,1241,37188,510
2021-04-15,San Joaquin,077,732212,71101,70189,3349,73538,1288
2021-04-15,San Luis Obispo,079,281455,20950,20591,685,21276,253
2021-04-15,San Mateo,081,765935,41505,41050,447,41497,352
2021-04-15,Santa Barbara,083,443738,33897,33672,1118,34790,446
2021-04-15,Santa Clara,085,1922200,116351,116602,697,117299,1927
2021-04-15,Santa Cruz,087,273765,16018,15509,806,16315,203
2021-04-15,Shasta,089,179085,11607,11597,1410,13007,191
2021-04-15,Sierra,091,2930,55,51,12,63,0
2021-04-15,Siskiyou,093,43540,1635,1524,287,1811,10
2021-04-15,Solano,095,438530,31593,31394,459,31853,239
2021-04-15,Sonoma,097,501317,29465,29587,300,29887,311
2021-04-15,Stanislaus,099,539301,54293,53918,5745,59663,728
2021-04-15,Sutter,101,95872,9236,9237,83,9320,109
2021-04-15,Tehama,103,63373,4899,4854,538,5392,52
2021-04-15,Trinity,105,12862,482,326,85,411,3
2021-04-15,Tulare,107,460477,49580,48556,8740,57296,829
2021-04-15,Tuolumne,109,53932,3955,4003,37,4040,57
2021-04-15,Ventura,111,848112,80478,79917,2928,82845,989
2021-04-15,Yolo,113,214977,13581,13547,261,13808,198
2021-04-15,Yuba,115,75493,5828,5788,116,5904,44
2021-04-14,Alameda,001,1643700,85461,85009,1865,86874,1247
2021-04-14,Alpine,003,1148,85,85,0,85,0
2021-04-14,Amador,005,37829,3626,3613,33,3646,46
2021-04-14,Butte,007,227075,11906,11513,1707,13220,196
2021-04-14,Calaveras,009,45235,2047,2037,11,2048,50
2021-04-14,Colusa,011,21464,1908,1905,284,2189,14
2021-04-14,Contra Costa,013,1133247,67157,66400,1177,67577,781
2021-04-14,Del Norte,015,27424,1269,1228,11,1239,6
2021-04-14,El Dorado,017,186661,9743,9625,677,10302,106
2021-04-14,Fresno,019,978130,100952,100376,8444,108820,1640
2021-04-14,Glenn,021,27897,2375,2353,538,2891,17
2021-04-14,Humboldt,023,135768,3594,3551,26,3577,35
2021-04-14,Imperial,025,180216,28046,27907,2659,30566,718
2021-04-14,Inyo,027,18085,1392,1392,11,1403,36
2021-04-14,Kern,029,883053,96069,94947,10522,105469,1287
2021-04-14,Kings,031,150075,22898,22641,1055,23696,243
2021-04-14,Lake,033,64148,3422,3396,9,3405,43
2021-04-14,Lassen,035,31185,5161,5151,105,5256,1
2021-04-14,Los Angeles,037,10098052,1196021,1186821,40703,1227524,23579
2021-04-14,Madera,039,155013,16358,16218,917,17135,231
2021-04-14,Marin,041,260295,13827,13768,235,14003,226
2021-04-14,Mariposa,043,17540,405,394,9,403,5
2021-04-14,Mendocino,045,87422,3793,3711,73,3784,46
2021-04-14,Merced,047,269075,30288,30296,1022,31318,436
2021-04-14,Modoc,049,8938,368,355,121,476,3
2021-04-14,Mono,051,14174,1240,1252,17,1269,3
2021-04-14,Monterey,053,433212,42770,42595,1819,44414,347
2021-04-14,Napa,055,140530,9668,9643,34,9677,79
2021-04-14,Nevada,057,99092,4497,4421,183,4604,70
2021-04-14,Orange,059,3164182,252972,251568,11064,262632,4849
2021-04-14,Placer,061,380077,22272,21575,1359,22934,280
2021-04-14,Plumas,063,18699,679,665,10,675,4
2021-04-14,Riverside,065,2383286,291345,285583,13834,299417,4358
2021-04-14,Sacramento,067,1510023,101522,100645,1532,102177,1570
2021-04-14,San Benito,069,59416,5969,5960,111,6071,62
2021-04-14,San Bernardino,071,2135413,290911,289078,8870,297948,4523
2021-04-14,San Diego,073,3302833,274948,273969,14073,288042,3648
2021-04-14,San Francisco,075,870044,35896,35898,1240,37138,510
2021-04-14,San Joaquin,077,732212,71031,70095,3343,73438,1288
2021-04-14,San Luis Obispo,079,281455,20927,20561,675,21236,253
2021-04-14,San Mateo,081,765935,41465,40982,444,41426,352
2021-04-14,Santa Barbara,083,443738,33868,33650,1118,34768,445
2021-04-14,Santa Clara,085,1922200,116234,116488,694,117182,1922
2021-04-14,Santa Cruz,087,273765,16008,15481,806,16287,203
2021-04-14,Shasta,089,179085,11581,11581,1408,12989,190
2021-04-14,Sierra,091,2930,55,51,12,63,0
2021-04-14,Siskiyou,093,43540,1627,1518,286,1804,10
2021-04-14,Solano,095,438530,31540,31357,452,31809,239
2021-04-14,Sonoma,097,501317,29457,29572,298,29870,311
2021-04-14,Stanislaus,099,539301,54222,53836,5736,59572,727
2021-04-14,Sutter,101,95872,9228,9230,83,9313,106
2021-04-14,Tehama,103,63373,4893,4853,537,5390,52
2021-04-14,Trinity,105,12862,482,326,85,411,3
2021-04-14,Tulare,107,460477,49554,48527,8737,57264,827
2021-04-14,Tuolumne,109,53932,3954,3997,37,4034,57
2021-04-14,Ventura,111,848112,80442,79891,2926,82817,986
2021-04-14,Yolo,113,214977,13565,13530,259,13789,198
2021-04-14,Yuba,115,75493,5826,5778,116,5894,44
2021-04-13,Alameda,001,1643700,85355,84921,1862,86783,1239
2021-04-13,Alpine,003,1148,85,85,0,85,0
2021-04-13,Amador,005,37829,3623,3609,33,3642,46
2021-04-13,Butte,007,227075,11888,11497,1704,13201,196
2021-04-13,Calaveras,009,45235,2045,2035,11,2046,50
2021-04-13,Colusa,011,21464,1906,1905,282,2187,14
2021-04-13,Contra Costa,013,1133247,67068,66304,1177,67481,778
2021-04-13,Del Norte,015,27424,1264,1221,11,1232,6
2021-04-13,El Dorado,017,186661,9717,9609,674,10283,106
2021-04-13,Fresno,019,978130,100870,100357,8438,108795,1636
2021-04-13,Glenn,021,27897,2374,2351,538,2889,17
2021-04-13,Humboldt,023,135768,3577,3540,26,3566,35
2021-04-13,Imperial,025,180216,28027,27887,2651,30538,718
2021-04-13,Inyo,027,18085,1392,1391,11,1402,36
2021-04-13,Kern,029,883053,96025,94908,10510,105418,1285
2021-04-13,Kings,031,150075,22882,22636,1054,23690,243
2021-04-13,Lake,033,64148,3419,3390,9,3399,43
2021-04-13,Lassen,035,31185,5160,5147,105,5252,1
2021-04-13,Los Angeles,037,10098052,1195565,1186482,40661,1227143,23526
2021-04-13,Madera,039,155013,16348,16207,915,17122,231
2021-04-13,Marin,041,260295,13819,13760,234,13994,224
2021-04-13,Mariposa,043,17540,404,394,6,400,5
2021-04-13,Mendocino,045,87422,3787,3702,73,3775,46
2021-04-13,Merced,047,269075,30258,30276,1019,31295,435
2021-04-13,Modoc,049,8938,368,355,121,476,3
2021-04-13,Mono,051,14174,1240,1251,17,1268,3
2021-04-13,Monterey,053,433212,42759,42577,1819,44396,347
2021-04-13,Napa,055,140530,9658,9627,34,9661,79
2021-04-13,Nevada,057,99092,4485,4415,183,4598,69
2021-04-13,Orange,059,3164182,252877,251491,11046,262537,4836
2021-04-13,Placer,061,380077,22235,21534,1356,22890,280
2021-04-13,Plumas,063,18699,678,665,10,675,4
2021-04-13,Riverside,065,2383286,291226,285505,13828,299333,4348
2021-04-13,Sacramento,067,1510023,101347,100551,1527,102078,1569
2021-04-13,San Benito,069,59416,5966,5946,111,6057,62
2021-04-13,San Bernardino,071,2135413,290795,288929,8864,297793,4521
2021-04-13,San Diego,073,3302833,274694,273709,14038,287747,3623
2021-04-13,San Francisco,075,870044,35860,35869,1236,37105,506
2021-04-13,San Joaquin,077,732212,70923,70034,3335,73369,1288
2021-04-13,San Luis Obispo,079,281455,20900,20536,665,21201,253
2021-04-13,San Mateo,081,765935,41420,40955,444,41399,353
2021-04-13,Santa Barbara,083,443738,33845,33613,1115,34728,444
2021-04-13,Santa Clara,085,1922200,116105,116363,693,117056,1923
2021-04-13,Santa Cruz,087,273765,16001,15449,806,16255,203
2021-04-13,Shasta,089,179085,11561,11536,1405,12941,189
2021-04-13,Sierra,091,2930,55,51,12,63,0
2021-04-13,Siskiyou,093,43540,1619,1511,281,1792,10
2021-04-13,Solano,095,438530,31491,31335,448,31783,239
2021-04-13,Sonoma,097,501317,29449,29544,297,29841,311
2021-04-13,Stanislaus,099,539301,54150,53797,5727,59524,722
2021-04-13,Sutter,101,95872,9224,9226,83,9309,106
2021-04-13,Tehama,103,63373,4886,4850,534,5384,52
2021-04-13,Trinity,105,12862,482,326,85,411,3
2021-04-13,Tulare,107,460477,49541,48511,8734,57245,825
2021-04-13,Tuolumne,109,53932,3952,3995,37,4032,57
2021-04-13,Ventura,111,848112,80410,79854,2924,82778,986
2021-04-13,Yolo,113,214977,13553,13516,258,13774,198
2021-04-13,Yuba,115,75493,5817,5776,116,5892,44
2021-04-12,Alameda,001,1643700,85253,84817,1861,86678,1238
2021-04-12,Alpine,003,1148,85,85,0,85,0
2021-04-12,Amador,005,37829,3622,3607,33,3640,46
2021-04-12,Butte,007,227075,11873,11488,1700,13188,193
2021-04-12,Calaveras,009,45235,2041,2033,11,2044,50
2021-04-12,Colusa,011,21464,1904,1904,280,2184,14
2021-04-12,Contra Costa,013,1133247,66988,66176,1177,67353,777
2021-04-12,Del Norte,015,27424,1261,1216,11,1227,6
2021-04-12,El Dorado,017,186661,9700,9588,672,10260,106
2021-04-12,Fresno,019,978130,100809,100277,8414,108691,1633
2021-04-12,Glenn,021,27897,2373,2349,538,2887,17
2021-04-12,Humboldt,023,135768,3563,3533,25,3558,35
2021-04-12,Imperial,025,180216,27997,27851,2646,30497,717
2021-04-12,Inyo,027,18085,1392,1390,11,1401,36
2021-04-12,Kern,029,883053,95988,94861,10499,105360,1283
2021-04-12,Kings,031,150075,22874,22621,1053,23674,241
2021-04-12,Lake,033,64148,3415,3380,9,3389,43
2021-04-12,Lassen,035,31185,5159,5147,105,5252,1
2021-04-12,Los Angeles,037,10098052,1195060,1186145,40623,1226768,23505
2021-04-12,Madera,039,155013,16336,16174,913,17087,231
2021-04-12,Marin,041,260295,13806,13751,232,13983,224
2021-04-12,Mariposa,043,17540,403,394,6,400,5
2021-04-12,Mendocino,045,87422,3786,3699,73,3772,46
2021-04-12,Merced,047,269075,30227,30261,1016,31277,435
2021-04-12,Modoc,049,8938,366,352,121,473,3
2021-04-12,Mono,051,14174,1240,1251,17,1268,3
2021-04-12,Monterey,053,433212,42745,42555,1817,44372,346
2021-04-12,Napa,055,140530,9644,9603,34,9637,80
2021-04-12,Nevada,057,99092,4474,4408,183,4591,69
2021-04-12,Orange,059,3164182,252791,251350,11024,262374,4826
2021-04-12,Placer,061,380077,22184,21475,1353,22828,278
2021-04-12,Plumas,063,18699,676,666,10,676,4
2021-04-12,Riverside,065,2383286,291115,285361,13822,299183,4336
2021-04-12,Sacramento,067,1510023,101173,100394,1522,101916,1566
2021-04-12,San Benito,069,59416,5958,5942,110,6052,62
2021-04-12,San Bernardino,071,2135413,290688,288736,8852,297588,4493
2021-04-12,San Diego,073,3302833,274433,273431,14009,287440,3621
2021-04-12,San Francisco,075,870044,35826,35841,1235,37076,506
2021-04-12,San Joaquin,077,732212,70851,69968,3328,73296,1288
2021-04-12,San Luis Obispo,079,281455,20855,20515,652,21167,253
2021-04-12,San Mateo,081,765935,41378,40920,440,41360,353
2021-04-12,Santa Barbara,083,443738,33814,33606,1115,34721,444
2021-04-12,Santa Clara,085,1922200,115977,116252,691,116943,1923
2021-04-12,Santa Cruz,087,273765,15981,15406,806,16212,203
2021-04-12,Shasta,089,179085,11544,11509,1401,12910,189
2021-04-12,Sierra,091,2930,55,51,12,63,0
2021-04-12,Siskiyou,093,43540,1608,1511,278,1789,7
2021-04-12,Solano,095,438530,31449,31305,445,31750,238
2021-04-12,Sonoma,097,501317,29421,29500,297,29797,310
2021-04-12,Stanislaus,099,539301,54084,53722,5720,59442,707
2021-04-12,Sutter,101,95872,9213,9221,83,9304,106
2021-04-12,Tehama,103,63373,4877,4834,530,5364,52
2021-04-12,Trinity,105,12862,482,324,85,409,3
2021-04-12,Tulare,107,460477,49521,48495,8724,57219,824
2021-04-12,Tuolumne,109,53932,3948,3993,37,4030,57
2021-04-12,Ventura,111,848112,80377,79818,2922,82740,985
2021-04-12,Yolo,113,214977,13539,13510,257,13767,198
2021-04-12,Yuba,115,75493,5811,5773,116,5889,43
2021-04-11,Alameda,001,1643700,85116,84756,1855,86611,1238
2021-04-11,Alpine,003,1148,85,85,0,85,0
2021-04-11,Amador,005,37829,3620,3605,33,3638,46
2021-04-11,Butte,007,227075,11839,11487,1696,13183,193
2021-04-11,Calaveras,009,45235,2037,2036,11,2047,50
2021-04-11,Colusa,011,21464,1903,1904,279,2183,14
2021-04-11,Contra Costa,013,1133247,66879,66107,1175,67282,777
2021-04-11,Del Norte,015,27424,1255,1214,11,1225,6
2021-04-11,El Dorado,017,186661,9686,9575,669,10244,106
2021-04-11,Fresno,019,978130,100741,100230,8404,108634,1633
2021-04-11,Glenn,021,27897,2368,2348,538,2886,17
2021-04-11,Humboldt,023,135768,3553,3523,25,3548,35
2021-04-11,Imperial,025,180216,27973,27841,2644,30485,717
2021-04-11,Inyo,027,18085,1392,1390,11,1401,36
2021-04-11,Kern,029,883053,95927,94830,10491,105321,1283
2021-04-11,Kings,031,150075,22865,22618,1050,23668,241
2021-04-11,Lake,033,64148,3411,3377,9,3386,43
2021-04-11,Lassen,035,31185,5155,5147,105,5252,1
2021-04-11,Los Angeles,037,10098052,1194548,1185757,40581,1226338,23503
2021-04-11,Madera,039,155013,16317,16166,912,17078,231
2021-04-11,Marin,041,260295,13799,13741,231,13972,226
2021-04-11,Mariposa,043,17540,403,394,6,400,5
2021-04-11,Mendocino,045,87422,3784,3696,73,3769,46
2021-04-11,Merced,047,269075,30189,30249,1015,31264,435
2021-04-11,Modoc,049,8938,365,352,119,471,3
2021-04-11,Mono,051,14174,1239,1250,17,1267,3
2021-04-11,Monterey,053,433212,42739,42547,1810,44357,346
2021-04-11,Napa,055,140530,9633,9592,34,9626,80
2021-04-11,Nevada,057,99092,4460,4394,183,4577,69
2021-04-11,Orange,059,3164182,252664,251233,11013,262246,4826
2021-04-11,Placer,061,380077,22127,21458,1348,22806,278
2021-04-11,Plumas,063,18699,676,666,10,676,4
2021-04-11,Riverside,065,2383286,290981,285269,13812,299081,4336
2021-04-11,Sacramento,067,1510023,101003,100296,1510,101806,1566
2021-04-11,San Benito,069,59416,5950,5941,109,6050,62
2021-04-11,San Bernardino,071,2135413,290579,288686,8846,297532,4492
2021-04-11,San Diego,073,3302833,274135,273287,13950,287237,3621
2021-04-11,San Francisco,075,870044,35790,35815,1232,37047,498
2021-04-11,San Joaquin,077,732212,70765,69939,3317,73256,1288
2021-04-11,San Luis Obispo,079,281455,20829,20501,649,21150,253
2021-04-11,San Mateo,081,765935,41320,40901,439,41340,353
2021-04-11,Santa Barbara,083,443738,33779,33591,1114,34705,444
2021-04-11,Santa Clara,085,1922200,115841,116161,688,116849,1923
2021-04-11,Santa Cruz,087,273765,15969,15382,806,16188,203
2021-04-11,Shasta,089,179085,11500,11504,1400,12904,189
2021-04-11,Sierra,091,2930,55,51,12,63,0
2021-04-11,Siskiyou,093,43540,1601,1509,275,1784,7
2021-04-11,Solano,095,438530,31396,31268,441,31709,238
2021-04-11,Sonoma,097,501317,29395,29496,293,29789,310
2021-04-11,Stanislaus,099,539301,54001,53683,5711,59394,707
2021-04-11,Sutter,101,95872,9204,9222,83,9305,106
2021-04-11,Tehama,103,63373,4874,4832,528,5360,52
2021-04-11,Trinity,105,12862,482,324,85,409,3
2021-04-11,Tulare,107,460477,49507,48479,8717,57196,824
2021-04-11,Tuolumne,109,53932,3946,3993,37,4030,57
2021-04-11,Ventura,111,848112,80329,79800,2916,82716,985
2021-04-11,Yolo,113,214977,13519,13496,255,13751,198
2021-04-11,Yuba,115,75493,5801,5768,116,5884,43
2021-04-10,Alameda,001,1643700,85052,84626,1855,86481,1238
2021-04-10,Alpine,003,1148,85,85,0,85,0
2021-04-10,Amador,005,37829,3618,3603,33,3636,46
2021-04-10,Butte,007,227075,11828,11482,1695,13177,193
2021-04-10,Calaveras,009,45235,2035,2032,11,2043,50
2021-04-10,Colusa,011,21464,1903,1902,279,2181,14
2021-04-10,Contra Costa,013,1133247,66818,66001,1172,67173,778
2021-04-10,Del Norte,015,27424,1252,1212,11,1223,6
2021-04-10,El Dorado,017,186661,9674,9549,666,10215,106
2021-04-10,Fresno,019,978130,100708,100135,8397,108532,1633
2021-04-10,Glenn,021,27897,2368,2343,538,2881,17
2021-04-10,Humboldt,023,135768,3543,3508,25,3533,35
2021-04-10,Imperial,025,180216,27959,27816,2644,30460,717
2021-04-10,Inyo,027,18085,1392,1387,11,1398,36
2021-04-10,Kern,029,883053,95913,94802,10485,105287,1284
2021-04-10,Kings,031,150075,22861,22614,1048,23662,241
2021-04-10,Lake,033,64148,3406,3368,9,3377,43
2021-04-10,Lassen,035,31185,5155,5146,104,5250,1
2021-04-10,Los Angeles,037,10098052,1194273,1185246,40564,1225810,23493
2021-04-10,Madera,039,155013,16309,16143,911,17054,231
2021-04-10,Marin,041,260295,13794,13731,231,13962,226
2021-04-10,Mariposa,043,17540,400,393,6,399,5
2021-04-10,Mendocino,045,87422,3782,3696,73,3769,46
2021-04-10,Merced,047,269075,30169,30225,1014,31239,435
2021-04-10,Modoc,049,8938,365,352,119,471,3
2021-04-10,Mono,051,14174,1239,1249,17,1266,3
2021-04-10,Monterey,053,433212,42728,42527,1809,44336,346
2021-04-10,Napa,055,140530,9626,9569,34,9603,79
2021-04-10,Nevada,057,99092,4453,4379,183,4562,69
2021-04-10,Orange,059,3164182,252571,251139,11006,262145,4818
2021-04-10,Placer,061,380077,22096,21402,1342,22744,278
2021-04-10,Plumas,063,18699,676,666,10,676,4
2021-04-10,Riverside,065,2383286,290901,285082,13804,298886,4336
2021-04-10,Sacramento,067,1510023,100900,100048,1508,101556,1566
2021-04-10,San Benito,069,59416,5939,5932,108,6040,62
2021-04-10,San Bernardino,071,2135413,290515,288590,8839,297429,4489
2021-04-10,San Diego,073,3302833,273919,273058,13930,286988,3613
2021-04-10,San Francisco,075,870044,35760,35774,1229,37003,498
2021-04-10,San Joaquin,077,732212,70730,69852,3307,73159,1288
2021-04-10,San Luis Obispo,079,281455,20813,20461,648,21109,253
2021-04-10,San Mateo,081,765935,41287,40878,439,41317,350
2021-04-10,Santa Barbara,083,443738,33751,33541,1112,34653,444
2021-04-10,Santa Clara,085,1922200,115745,116015,687,116702,1923
2021-04-10,Santa Cruz,087,273765,15963,15360,806,16166,203
2021-04-10,Shasta,089,179085,11491,11492,1397,12889,189
2021-04-10,Sierra,091,2930,55,51,12,63,0
2021-04-10,Siskiyou,093,43540,1598,1512,275,1787,7
2021-04-10,Solano,095,438530,31362,31218,437,31655,238
2021-04-10,Sonoma,097,501317,29380,29469,293,29762,310
2021-04-10,Stanislaus,099,539301,53966,53596,5705,59301,707
2021-04-10,Sutter,101,95872,9202,9214,83,9297,106
2021-04-10,Tehama,103,63373,4872,4820,526,5346,52
2021-04-10,Trinity,105,12862,482,324,85,409,3
2021-04-10,Tulare,107,460477,49498,48470,8711,57181,824
2021-04-10,Tuolumne,109,53932,3943,3991,37,4028,57
2021-04-10,Ventura,111,848112,80301,79758,2914,82672,985
2021-04-10,Yolo,113,214977,13511,13494,254,13748,198
2021-04-10,Yuba,115,75493,5798,5757,115,5872,43
2021-04-09,Alameda,001,1643700,84985,84404,1847,86251,1237
2021-04-09,Alpine,003,1148,85,85,0,85,0
2021-04-09,Amador,005,37829,3617,3600,33,3633,46
2021-04-09,Butte,007,227075,11818,11454,1694,13148,193
2021-04-09,Calaveras,009,45235,2034,2028,11,2039,50
2021-04-09,Colusa,011,21464,1903,1898,279,2177,14
2021-04-09,Contra Costa,013,1133247,66725,65857,1166,67023,777
2021-04-09,Del Norte,015,27424,1251,1207,11,1218,6
2021-04-09,El Dorado,017,186661,9651,9528,662,10190,106
2021-04-09,Fresno,019,978130,100674,100027,8392,108419,1630
2021-04-09,Glenn,021,27897,2368,2337,538,2875,17
2021-04-09,Humboldt,023,135768,3534,3496,25,3521,35
2021-04-09,Imperial,025,180216,27944,27764,2642,30406,717
2021-04-09,Inyo,027,18085,1391,1386,11,1397,36
2021-04-09,Kern,029,883053,95875,94675,10483,105158,1282
2021-04-09,Kings,031,150075,22852,22595,1045,23640,242
2021-04-09,Lake,033,64148,3402,3362,9,3371,43
2021-04-09,Lassen,035,31185,5155,5140,104,5244,1
2021-04-09,Los Angeles,037,10098052,1193902,1184501,40535,1225036,23458
2021-04-09,Madera,039,155013,16306,16118,911,17029,231
2021-04-09,Marin,041,260295,13787,13721,231,13952,226
2021-04-09,Mariposa,043,17540,400,393,6,399,5
2021-04-09,Mendocino,045,87422,3780,3693,73,3766,46
2021-04-09,Merced,047,269075,30140,30179,1013,31192,435
2021-04-09,Modoc,049,8938,364,352,119,471,3
2021-04-09,Mono,051,14174,1239,1247,17,1264,3
2021-04-09,Monterey,053,433212,42719,42481,1805,44286,344
2021-04-09,Napa,055,140530,9607,9574,34,9608,80
2021-04-09,Nevada,057,99092,4445,4373,183,4556,69
2021-04-09,Orange,059,3164182,252497,250852,11001,261853,4813
2021-04-09,Placer,061,380077,22065,21327,1334,22661,278
2021-04-09,Plumas,063,18699,675,666,10,676,4
2021-04-09,Riverside,065,2383286,290818,284562,13798,298360,4325
2021-04-09,Sacramento,067,1510023,100745,99722,1502,101224,1564
2021-04-09,San Benito,069,59416,5934,5925,107,6032,62
2021-04-09,San Bernardino,071,2135413,290446,288000,8836,296836,4467
2021-04-09,San Diego,073,3302833,273721,272697,13888,286585,3600
2021-04-09,San Francisco,075,870044,35719,35716,1224,36940,497
2021-04-09,San Joaquin,077,732212,70666,69675,3295,72970,1281
2021-04-09,San Luis Obispo,079,281455,20798,20427,648,21075,252
2021-04-09,San Mateo,081,765935,41251,40800,438,41238,350
2021-04-09,Santa Barbara,083,443738,33728,33424,1109,34533,444
2021-04-09,Santa Clara,085,1922200,115661,115749,685,116434,1923
2021-04-09,Santa Cruz,087,273765,15958,15331,806,16137,203
2021-04-09,Shasta,089,179085,11481,11478,1394,12872,188
2021-04-09,Sierra,091,2930,55,51,12,63,0
2021-04-09,Siskiyou,093,43540,1595,1510,274,1784,7
2021-04-09,Solano,095,438530,31329,31166,432,31598,238
2021-04-09,Sonoma,097,501317,29367,29433,293,29726,310
2021-04-09,Stanislaus,099,539301,53911,53504,5696,59200,705
2021-04-09,Sutter,101,95872,9195,9201,83,9284,106
2021-04-09,Tehama,103,63373,4866,4806,526,5332,52
2021-04-09,Trinity,105,12862,481,324,85,409,3
2021-04-09,Tulare,107,460477,49494,48430,8705,57135,824
2021-04-09,Tuolumne,109,53932,3942,3986,37,4023,57
2021-04-09,Ventura,111,848112,80273,79698,2914,82612,987
2021-04-09,Yolo,113,214977,13499,13478,252,13730,198
2021-04-09,Yuba,115,75493,5791,5754,115,5869,43
2021-04-08,Alameda,001,1643700,84879,84213,1844,86057,1232
2021-04-08,Alpine,003,1148,85,85,0,85,0
2021-04-08,Amador,005,37829,3613,3595,33,3628,46
2021-04-08,Butte,007,227075,11807,11414,1693,13107,193
2021-04-08,Calaveras,009,45235,2032,2027,11,2038,50
2021-04-08,Colusa,011,21464,1902,1897,279,2176,14
2021-04-08,Contra Costa,013,1133247,66615,65706,1163,66869,775
2021-04-08,Del Norte,015,27424,1245,1201,11,1212,6
2021-04-08,El Dorado,017,186661,9635,9513,657,10170,106
2021-04-08,Fresno,019,978130,100611,99935,8385,108320,1627
2021-04-08,Glenn,021,27897,2367,2337,538,2875,17
2021-04-08,Humboldt,023,135768,3524,3486,25,3511,35
2021-04-08,Imperial,025,180216,27916,27744,2638,30382,713
2021-04-08,Inyo,027,18085,1390,1386,11,1397,36
2021-04-08,Kern,029,883053,95829,94493,10470,104963,1281
2021-04-08,Kings,031,150075,22845,22589,1043,23632,243
2021-04-08,Lake,033,64148,3395,3360,9,3369,43
2021-04-08,Lassen,035,31185,5154,5136,104,5240,1
2021-04-08,Los Angeles,037,10098052,1193405,1184443,40497,1224940,23416
2021-04-08,Madera,039,155013,16294,16103,911,17014,231
2021-04-08,Marin,041,260295,13780,13704,231,13935,226
2021-04-08,Mariposa,043,17540,399,393,6,399,5
2021-04-08,Mendocino,045,87422,3778,3690,73,3763,45
2021-04-08,Merced,047,269075,30118,30163,1013,31176,430
2021-04-08,Modoc,049,8938,364,352,119,471,3
2021-04-08,Mono,051,14174,1237,1247,17,1264,3
2021-04-08,Monterey,053,433212,42697,42437,1800,44237,342
2021-04-08,Napa,055,140530,9590,9569,34,9603,80
2021-04-08,Nevada,057,99092,4434,4367,183,4550,69
2021-04-08,Orange,059,3164182,252387,250529,10986,261515,4797
2021-04-08,Placer,061,380077,22023,21258,1325,22583,277
2021-04-08,Plumas,063,18699,675,665,10,675,4
2021-04-08,Riverside,065,2383286,290704,283853,13793,297646,4296
2021-04-08,Sacramento,067,1510023,100605,99319,1491,100810,1561
2021-04-08,San Benito,069,59416,5931,5914,105,6019,62
2021-04-08,San Bernardino,071,2135413,290349,287190,8833,296023,4445
2021-04-08,San Diego,073,3302833,273491,272495,13852,286347,3592
2021-04-08,San Francisco,075,870044,35696,35657,1223,36880,494
2021-04-08,San Joaquin,077,732212,70594,69479,3289,72768,1279
2021-04-08,San Luis Obispo,079,281455,20779,20402,646,21048,252
2021-04-08,San Mateo,081,765935,41211,40749,438,41187,350
2021-04-08,Santa Barbara,083,443738,33704,33309,1108,34417,444
2021-04-08,Santa Clara,085,1922200,115555,115487,684,116171,1905
2021-04-08,Santa Cruz,087,273765,15951,15296,806,16102,203
2021-04-08,Shasta,089,179085,11471,11466,1390,12856,186
2021-04-08,Sierra,091,2930,55,51,12,63,0
2021-04-08,Siskiyou,093,43540,1592,1511,274,1785,7
2021-04-08,Solano,095,438530,31280,31120,432,31552,238
2021-04-08,Sonoma,097,501317,29347,29410,292,29702,310
2021-04-08,Stanislaus,099,539301,53833,53401,5686,59087,706
2021-04-08,Sutter,101,95872,9191,9195,83,9278,106
2021-04-08,Tehama,103,63373,4862,4802,526,5328,52
2021-04-08,Trinity,105,12862,481,324,85,409,3
2021-04-08,Tulare,107,460477,49481,48409,8695,57104,821
2021-04-08,Tuolumne,109,53932,3942,3986,37,4023,57
2021-04-08,Ventura,111,848112,80236,79626,2910,82536,986
2021-04-08,Yolo,113,214977,13490,13468,251,13719,198
2021-04-08,Yuba,115,75493,5787,5743,115,5858,43
2021-04-07,Alameda,001,1643700,84795,84130,1842,85972,1224
2021-04-07,Alpine,003,1148,85,85,0,85,0
2021-04-07,Amador,005,37829,3610,3590,33,3623,46
2021-04-07,Butte,007,227075,11803,11405,1690,13095,193
2021-04-07,Calaveras,009,45235,2031,2022,11,2033,50
2021-04-07,Colusa,011,21464,1898,1894,278,2172,14
2021-04-07,Contra Costa,013,1133247,66529,65619,1162,66781,775
2021-04-07,Del Norte,015,27424,1243,1198,11,1209,6
2021-04-07,El Dorado,017,186661,9614,9500,651,10151,106
2021-04-07,Fresno,019,978130,100546,99865,8374,108239,1627
2021-04-07,Glenn,021,27897,2365,2337,537,2874,17
2021-04-07,Humboldt,023,135768,3511,3484,25,3509,35
2021-04-07,Imperial,025,180216,27892,27704,2632,30336,713
2021-04-07,Inyo,027,18085,1389,1386,11,1397,36
2021-04-07,Kern,029,883053,95793,94456,10455,104911,1275
2021-04-07,Kings,031,150075,22843,22589,1043,23632,243
2021-04-07,Lake,033,64148,3393,3358,9,3367,43
2021-04-07,Lassen,035,31185,5154,5137,104,5241,1
2021-04-07,Los Angeles,037,10098052,1192968,1183862,40476,1224338,23372
2021-04-07,Madera,039,155013,16275,16090,910,17000,231
2021-04-07,Marin,041,260295,13769,13688,229,13917,225
2021-04-07,Mariposa,043,17540,398,391,6,397,5
2021-04-07,Mendocino,045,87422,3777,3691,73,3764,45
2021-04-07,Merced,047,269075,30095,30132,1008,31140,430
2021-04-07,Modoc,049,8938,364,351,119,470,3
2021-04-07,Mono,051,14174,1237,1246,17,1263,3
2021-04-07,Monterey,053,433212,42679,42427,1799,44226,341
2021-04-07,Napa,055,140530,9576,9556,34,9590,80
2021-04-07,Nevada,057,99092,4428,4364,183,4547,69
2021-04-07,Orange,059,3164182,252263,250378,10964,261342,4778
2021-04-07,Placer,061,380077,21979,21227,1317,22544,276
2021-04-07,Plumas,063,18699,675,665,10,675,4
2021-04-07,Riverside,065,2383286,290584,283749,13783,297532,4285
2021-04-07,Sacramento,067,1510023,100437,99202,1485,100687,1544
2021-04-07,San Benito,069,59416,5926,5912,104,6016,62
2021-04-07,San Bernardino,071,2135413,290230,286978,8828,295806,4433
2021-04-07,San Diego,073,3302833,273265,272195,13823,286018,3588
2021-04-07,San Francisco,075,870044,35656,35618,1219,36837,493
2021-04-07,San Joaquin,077,732212,70524,69375,3284,72659,1278
2021-04-07,San Luis Obispo,079,281455,20753,20373,643,21016,252
2021-04-07,San Mateo,081,765935,41167,40693,438,41131,350
2021-04-07,Santa Barbara,083,443738,33678,33289,1105,34394,444
2021-04-07,Santa Clara,085,1922200,115423,115311,682,115993,1900
2021-04-07,Santa Cruz,087,273765,15940,15275,806,16081,203
2021-04-07,Shasta,089,179085,11459,11456,1385,12841,184
2021-04-07,Sierra,091,2930,55,51,12,63,0
2021-04-07,Siskiyou,093,43540,1586,1512,273,1785,7
2021-04-07,Solano,095,438530,31229,31097,431,31528,238
2021-04-07,Sonoma,097,501317,29329,29394,291,29685,310
2021-04-07,Stanislaus,099,539301,53764,53344,5676,59020,686
2021-04-07,Sutter,101,95872,9188,9188,83,9271,106
2021-04-07,Tehama,103,63373,4854,4802,524,5326,52
2021-04-07,Trinity,105,12862,481,322,85,407,3
2021-04-07,Tulare,107,460477,49466,48386,8685,57071,820
2021-04-07,Tuolumne,109,53932,3940,3982,37,4019,57
2021-04-07,Ventura,111,848112,80202,79595,2908,82503,986
2021-04-07,Yolo,113,214977,13475,13450,249,13699,198
2021-04-07,Yuba,115,75493,5783,5737,115,5852,43
2021-04-06,Alameda,001,1643700,84682,84091,1838,85929,1223
2021-04-06,Alpine,003,1148,85,85,0,85,0
2021-04-06,Amador,005,37829,3609,3587,33,3620,45
2021-04-06,Butte,007,227075,11788,11396,1688,13084,193
2021-04-06,Calaveras,009,45235,2027,2021,11,2032,50
2021-04-06,Colusa,011,21464,1896,1894,276,2170,14
2021-04-06,Contra Costa,013,1133247,66451,65575,1161,66736,774
2021-04-06,Del Norte,015,27424,1238,1197,11,1208,6
2021-04-06,El Dorado,017,186661,9584,9489,649,10138,106
2021-04-06,Fresno,019,978130,100482,99814,8368,108182,1626
2021-04-06,Glenn,021,27897,2364,2335,536,2871,17
2021-04-06,Humboldt,023,135768,3502,3477,25,3502,35
2021-04-06,Imperial,025,180216,27858,27661,2622,30283,713
2021-04-06,Inyo,027,18085,1389,1379,11,1390,36
2021-04-06,Kern,029,883053,95749,94422,10449,104871,1259
2021-04-06,Kings,031,150075,22837,22587,1043,23630,240
2021-04-06,Lake,033,64148,3390,3358,9,3367,43
2021-04-06,Lassen,035,31185,5152,5137,104,5241,1
2021-04-06,Los Angeles,037,10098052,1192455,1183499,40437,1223936,23323
2021-04-06,Madera,039,155013,16255,16085,905,16990,230
2021-04-06,Marin,041,260295,13760,13675,225,13900,224
2021-04-06,Mariposa,043,17540,398,390,6,396,5
2021-04-06,Mendocino,045,87422,3775,3686,73,3759,45
2021-04-06,Merced,047,269075,30066,30100,1003,31103,430
2021-04-06,Modoc,049,8938,363,351,119,470,3
2021-04-06,Mono,051,14174,1237,1246,17,1263,3
2021-04-06,Monterey,053,433212,42670,42412,1798,44210,341
2021-04-06,Napa,055,140530,9557,9509,34,9543,78
2021-04-06,Nevada,057,99092,4418,4356,181,4537,69
2021-04-06,Orange,059,3164182,252154,250304,10950,261254,4771
2021-04-06,Placer,061,380077,21931,21184,1315,22499,276
2021-04-06,Plumas,063,18699,675,665,10,675,4
2021-04-06,Riverside,065,2383286,290403,283622,13772,297394,4264
2021-04-06,Sacramento,067,1510023,100228,99110,1479,100589,1537
2021-04-06,San Benito,069,59416,5917,5907,104,6011,62
2021-04-06,San Bernardino,071,2135413,290116,286792,8818,295610,4428
2021-04-06,San Diego,073,3302833,273003,271867,13795,285662,3585
2021-04-06,San Francisco,075,870044,35613,35572,1219,36791,488
2021-04-06,San Joaquin,077,732212,70441,69316,3272,72588,1278
2021-04-06,San Luis Obispo,079,281455,20731,20350,640,20990,252
2021-04-06,San Mateo,081,765935,41119,40649,437,41086,350
2021-04-06,Santa Barbara,083,443738,33660,33257,1104,34361,443
2021-04-06,Santa Clara,085,1922200,115252,115184,681,115865,1900
2021-04-06,Santa Cruz,087,273765,15930,15252,806,16058,203
2021-04-06,Shasta,089,179085,11438,11443,1383,12826,184
2021-04-06,Sierra,091,2930,55,51,12,63,0
2021-04-06,Siskiyou,093,43540,1582,1510,272,1782,7
2021-04-06,Solano,095,438530,31182,31078,430,31508,237
2021-04-06,Sonoma,097,501317,29304,29386,289,29675,311
2021-04-06,Stanislaus,099,539301,53707,53304,5670,58974,686
2021-04-06,Sutter,101,95872,9178,9179,83,9262,106
2021-04-06,Tehama,103,63373,4845,4798,524,5322,52
2021-04-06,Trinity,105,12862,481,321,85,406,3
2021-04-06,Tulare,107,460477,49423,48372,8681,57053,819
2021-04-06,Tuolumne,109,53932,3940,3981,37,4018,57
2021-04-06,Ventura,111,848112,80165,79556,2906,82462,983
2021-04-06,Yolo,113,214977,13462,13443,248,13691,198
2021-04-06,Yuba,115,75493,5779,5733,114,5847,43
2021-04-05,Alameda,001,1643700,84566,84007,1834,85841,1219
2021-04-05,Alpine,003,1148,85,85,0,85,0
2021-04-05,Amador,005,37829,3606,3584,33,3617,45
2021-04-05,Butte,007,227075,11773,11384,1687,13071,193
2021-04-05,Calaveras,009,45235,2025,2019,11,2030,50
2021-04-05,Colusa,011,21464,1896,1894,275,2169,14
2021-04-05,Contra Costa,013,1133247,66385,65457,1159,66616,774
2021-04-05,Del Norte,015,27424,1236,1189,11,1200,6
2021-04-05,El Dorado,017,186661,9569,9463,649,10112,106
2021-04-05,Fresno,019,978130,100394,99755,8360,108115,1622
2021-04-05,Glenn,021,27897,2363,2335,536,2871,17
2021-04-05,Humboldt,023,135768,3493,3475,25,3500,35
2021-04-05,Imperial,025,180216,27826,27604,2617,30221,710
2021-04-05,Inyo,027,18085,1386,1377,11,1388,36
2021-04-05,Kern,029,883053,95694,94401,10424,104825,1249
2021-04-05,Kings,031,150075,22833,22580,1043,23623,239
2021-04-05,Lake,033,64148,3382,3359,9,3368,43
2021-04-05,Lassen,035,31185,5152,5138,103,5241,1
2021-04-05,Los Angeles,037,10098052,1191919,1183200,40387,1223587,23302
2021-04-05,Madera,039,155013,16241,16065,904,16969,230
2021-04-05,Marin,041,260295,13746,13666,221,13887,221
2021-04-05,Mariposa,043,17540,398,390,6,396,5
2021-04-05,Mendocino,045,87422,3773,3687,73,3760,45
2021-04-05,Merced,047,269075,30040,30068,1001,31069,427
2021-04-05,Modoc,049,8938,361,346,119,465,3
2021-04-05,Mono,051,14174,1237,1246,17,1263,3
2021-04-05,Monterey,053,433212,42657,42396,1794,44190,341
2021-04-05,Napa,055,140530,9534,9492,34,9526,78
2021-04-05,Nevada,057,99092,4407,4346,181,4527,69
2021-04-05,Orange,059,3164182,252039,250177,10926,261103,4759
2021-04-05,Placer,061,380077,21885,21133,1308,22441,276
2021-04-05,Plumas,063,18699,675,666,10,676,4
2021-04-05,Riverside,065,2383286,290266,283549,13760,297309,4237
2021-04-05,Sacramento,067,1510023,100066,98908,1471,100379,1533
2021-04-05,San Benito,069,59416,5911,5904,104,6008,61
2021-04-05,San Bernardino,071,2135413,290006,286597,8815,295412,4425
2021-04-05,San Diego,073,3302833,272754,271655,13754,285409,3583
2021-04-05,San Francisco,075,870044,35582,35538,1219,36757,488
2021-04-05,San Joaquin,077,732212,70352,69214,3263,72477,1268
2021-04-05,San Luis Obispo,079,281455,20694,20333,640,20973,252
2021-04-05,San Mateo,081,765935,41075,40609,436,41045,350
2021-04-05,Santa Barbara,083,443738,33625,33235,1104,34339,443
2021-04-05,Santa Clara,085,1922200,115085,115091,678,115769,1893
2021-04-05,Santa Cruz,087,273765,15923,15228,806,16034,201
2021-04-05,Shasta,089,179085,11417,11435,1380,12815,184
2021-04-05,Sierra,091,2930,55,50,12,62,0
2021-04-05,Siskiyou,093,43540,1579,1509,270,1779,7
2021-04-05,Solano,095,438530,31141,31026,428,31454,237
2021-04-05,Sonoma,097,501317,29272,29361,287,29648,311
2021-04-05,Stanislaus,099,539301,53627,53238,5667,58905,686
2021-04-05,Sutter,101,95872,9171,9169,83,9252,106
2021-04-05,Tehama,103,63373,4839,4794,524,5318,52
2021-04-05,Trinity,105,12862,480,321,85,406,3
2021-04-05,Tulare,107,460477,49411,48356,8674,57030,818
2021-04-05,Tuolumne,109,53932,3939,3980,37,4017,57
2021-04-05,Ventura,111,848112,80134,79549,2903,82452,983
2021-04-05,Yolo,113,214977,13448,13427,247,13674,198
2021-04-05,Yuba,115,75493,5774,5728,113,5841,43
2021-04-04,Alameda,001,1643700,84448,83951,1830,85781,1219
2021-04-04,Alpine,003,1148,85,85,0,85,0
2021-04-04,Amador,005,37829,3600,3582,33,3615,45
2021-04-04,Butte,007,227075,11758,11375,1686,13061,193
2021-04-04,Calaveras,009,45235,2021,2020,11,2031,50
2021-04-04,Colusa,011,21464,1895,1893,275,2168,14
2021-04-04,Contra Costa,013,1133247,66279,65408,1154,66562,774
2021-04-04,Del Norte,015,27424,1228,1186,11,1197,6
2021-04-04,El Dorado,017,186661,9550,9455,645,10100,106
2021-04-04,Fresno,019,978130,100320,99702,8347,108049,1622
2021-04-04,Glenn,021,27897,2360,2335,535,2870,17
2021-04-04,Humboldt,023,135768,3482,3472,25,3497,35
2021-04-04,Imperial,025,180216,27770,27588,2615,30203,710
2021-04-04,Inyo,027,18085,1382,1377,11,1388,36
2021-04-04,Kern,029,883053,95650,94388,10403,104791,1247
2021-04-04,Kings,031,150075,22831,22580,1042,23622,239
2021-04-04,Lake,033,64148,3376,3355,8,3363,43
2021-04-04,Lassen,035,31185,5150,5138,103,5241,1
2021-04-04,Los Angeles,037,10098052,1191374,1182872,40342,1223214,23301
2021-04-04,Madera,039,155013,16215,16052,900,16952,230
2021-04-04,Marin,041,260295,13733,13663,220,13883,221
2021-04-04,Mariposa,043,17540,398,390,6,396,5
2021-04-04,Mendocino,045,87422,3770,3684,73,3757,45
2021-04-04,Merced,047,269075,29997,30048,998,31046,427
2021-04-04,Modoc,049,8938,361,346,119,465,3
2021-04-04,Mono,051,14174,1236,1245,17,1262,3
2021-04-04,Monterey,053,433212,42640,42391,1793,44184,341
2021-04-04,Napa,055,140530,9522,9486,34,9520,78
2021-04-04,Nevada,057,99092,4395,4337,181,4518,69
2021-04-04,Orange,059,3164182,251905,250117,10910,261027,4759
2021-04-04,Placer,061,380077,21838,21104,1290,22394,276
2021-04-04,Plumas,063,18699,675,666,10,676,4
2021-04-04,Riverside,065,2383286,290140,283537,13756,297293,4237
2021-04-04,Sacramento,067,1510023,99867,98821,1462,100283,1531
2021-04-04,San Benito,069,59416,5901,5901,100,6001,61
2021-04-04,San Bernardino,071,2135413,289866,286561,8807,295368,4423
2021-04-04,San Diego,073,3302833,272442,271528,13713,285241,3583
2021-04-04,San Francisco,075,870044,35528,35525,1216,36741,488
2021-04-04,San Joaquin,077,732212,70251,69147,3251,72398,1268
2021-04-04,San Luis Obispo,079,281455,20662,20328,632,20960,252
2021-04-04,San Mateo,081,765935,41032,40587,433,41020,350
2021-04-04,Santa Barbara,083,443738,33589,33213,1104,34317,443
2021-04-04,Santa Clara,085,1922200,114919,114976,671,115647,1893
2021-04-04,Santa Cruz,087,273765,15914,15219,806,16025,201
2021-04-04,Shasta,089,179085,11391,11433,1379,12812,184
2021-04-04,Sierra,091,2930,55,50,12,62,0
2021-04-04,Siskiyou,093,43540,1576,1509,266,1775,7
2021-04-04,Solano,095,438530,31094,31002,426,31428,237
2021-04-04,Sonoma,097,501317,29240,29340,285,29625,311
2021-04-04,Stanislaus,099,539301,53534,53181,5659,58840,686
2021-04-04,Sutter,101,95872,9164,9164,83,9247,106
2021-04-04,Tehama,103,63373,4827,4792,523,5315,52
2021-04-04,Trinity,105,12862,478,321,85,406,3
2021-04-04,Tulare,107,460477,49395,48343,8666,57009,818
2021-04-04,Tuolumne,109,53932,3931,3980,37,4017,57
2021-04-04,Ventura,111,848112,80091,79526,2901,82427,983
2021-04-04,Yolo,113,214977,13427,13425,246,13671,198
2021-04-04,Yuba,115,75493,5767,5722,113,5835,43
2021-04-03,Alameda,001,1643700,84381,83861,1828,85689,1218
2021-04-03,Alpine,003,1148,85,85,0,85,0
2021-04-03,Amador,005,37829,3597,3577,33,3610,45
2021-04-03,Butte,007,227075,11754,11359,1682,13041,193
2021-04-03,Calaveras,009,45235,2019,2019,11,2030,50
2021-04-03,Colusa,011,21464,1895,1891,275,2166,14
2021-04-03,Contra Costa,013,1133247,66207,65338,1154,66492,774
2021-04-03,Del Norte,015,27424,1223,1183,11,1194,6
2021-04-03,El Dorado,017,186661,9541,9448,644,10092,106
2021-04-03,Fresno,019,978130,100263,99602,8341,107943,1622
2021-04-03,Glenn,021,27897,2359,2334,534,2868,17
2021-04-03,Humboldt,023,135768,3480,3467,25,3492,35
2021-04-03,Imperial,025,180216,27754,27572,2612,30184,710
2021-04-03,Inyo,027,18085,1381,1376,11,1387,36
2021-04-03,Kern,029,883053,95624,94369,10387,104756,1243
2021-04-03,Kings,031,150075,22829,22580,1042,23622,239
2021-04-03,Lake,033,64148,3375,3350,8,3358,43
2021-04-03,Lassen,035,31185,5149,5136,103,5239,1
2021-04-03,Los Angeles,037,10098052,1191070,1182402,40325,1222727,23301
2021-04-03,Madera,039,155013,16206,16051,898,16949,230
2021-04-03,Marin,041,260295,13725,13658,219,13877,221
2021-04-03,Mariposa,043,17540,398,390,5,395,5
2021-04-03,Mendocino,045,87422,3769,3684,73,3757,45
2021-04-03,Merced,047,269075,29982,30031,998,31029,427
2021-04-03,Modoc,049,8938,361,346,119,465,3
2021-04-03,Mono,051,14174,1236,1245,17,1262,3
2021-04-03,Monterey,053,433212,42627,42376,1791,44167,341
2021-04-03,Napa,055,140530,9513,9473,34,9507,78
2021-04-03,Nevada,057,99092,4391,4323,181,4504,69
2021-04-03,Orange,059,3164182,251825,249982,10892,260874,4755
2021-04-03,Placer,061,380077,21807,21060,1286,22346,276
2021-04-03,Plumas,063,18699,675,666,10,676,4
2021-04-03,Riverside,065,2383286,290062,283423,13753,297176,4237
2021-04-03,Sacramento,067,1510023,99759,98660,1456,100116,1531
2021-04-03,San Benito,069,59416,5898,5893,99,5992,61
2021-04-03,San Bernardino,071,2135413,289801,286473,8801,295274,4422
2021-04-03,San Diego,073,3302833,272273,271335,13696,285031,3571
2021-04-03,San Francisco,075,870044,35509,35488,1214,36702,489
2021-04-03,San Joaquin,077,732212,70210,69100,3235,72335,1268
2021-04-03,San Luis Obispo,079,281455,20643,20301,632,20933,252
2021-04-03,San Mateo,081,765935,41007,40560,433,40993,350
2021-04-03,Santa Barbara,083,443738,33563,33172,1103,34275,443
2021-04-03,Santa Clara,085,1922200,114811,114865,669,115534,1893
2021-04-03,Santa Cruz,087,273765,15907,15205,806,16011,201
2021-04-03,Shasta,089,179085,11383,11418,1379,12797,184
2021-04-03,Sierra,091,2930,55,50,12,62,0
2021-04-03,Siskiyou,093,43540,1575,1509,266,1775,7
2021-04-03,Solano,095,438530,31073,30970,423,31393,237
2021-04-03,Sonoma,097,501317,29224,29315,284,29599,311
2021-04-03,Stanislaus,099,539301,53499,53137,5653,58790,686
2021-04-03,Sutter,101,95872,9158,9158,83,9241,106
2021-04-03,Tehama,103,63373,4819,4788,523,5311,52
2021-04-03,Trinity,105,12862,478,321,85,406,3
2021-04-03,Tulare,107,460477,49385,48327,8662,56989,818
2021-04-03,Tuolumne,109,53932,3931,3980,37,4017,57
2021-04-03,Ventura,111,848112,80070,79489,2899,82388,983
2021-04-03,Yolo,113,214977,13421,13414,246,13660,198
2021-04-03,Yuba,115,75493,5761,5716,113,5829,43
2021-04-02,Alameda,001,1643700,84308,83776,1825,85601,1217
2021-04-02,Alpine,003,1148,85,85,0,85,0
2021-04-02,Amador,005,37829,3593,3573,32,3605,45
2021-04-02,Butte,007,227075,11746,11350,1682,13032,193
2021-04-02,Calaveras,009,45235,2017,2010,11,2021,50
2021-04-02,Colusa,011,21464,1895,1891,275,2166,14
2021-04-02,Contra Costa,013,1133247,66143,65299,1153,66452,774
2021-04-02,Del Norte,015,27424,1220,1174,11,1185,6
2021-04-02,El Dorado,017,186661,9528,9437,641,10078,106
2021-04-02,Fresno,019,978130,100209,99551,8330,107881,1620
2021-04-02,Glenn,021,27897,2359,2331,534,2865,17
2021-04-02,Humboldt,023,135768,3476,3465,25,3490,35
2021-04-02,Imperial,025,180216,27742,27553,2606,30159,710
2021-04-02,Inyo,027,18085,1381,1377,11,1388,36
2021-04-02,Kern,029,883053,95606,94348,10384,104732,1233
2021-04-02,Kings,031,150075,22829,22571,1039,23610,239
2021-04-02,Lake,033,64148,3373,3348,8,3356,43
2021-04-02,Lassen,035,31185,5149,5134,103,5237,1
2021-04-02,Los Angeles,037,10098052,1190761,1181682,40302,1221984,23264
2021-04-02,Madera,039,155013,16197,16036,897,16933,230
2021-04-02,Marin,041,260295,13717,13649,219,13868,221
2021-04-02,Mariposa,043,17540,396,390,5,395,5
2021-04-02,Mendocino,045,87422,3766,3682,73,3755,45
2021-04-02,Merced,047,269075,29957,29998,998,30996,426
2021-04-02,Modoc,049,8938,358,346,119,465,3
2021-04-02,Mono,051,14174,1236,1246,17,1263,3
2021-04-02,Monterey,053,433212,42617,42359,1788,44147,341
2021-04-02,Napa,055,140530,9498,9453,34,9487,78
2021-04-02,Nevada,057,99092,4387,4323,181,4504,69
2021-04-02,Orange,059,3164182,251729,249891,10879,260770,4748
2021-04-02,Placer,061,380077,21771,21035,1280,22315,275
2021-04-02,Plumas,063,18699,675,666,10,676,4
2021-04-02,Riverside,065,2383286,289976,283328,13744,297072,4213
2021-04-02,Sacramento,067,1510023,99652,98648,1449,100097,1527
2021-04-02,San Benito,069,59416,5896,5888,97,5985,61
2021-04-02,San Bernardino,071,2135413,289728,286308,8797,295105,4417
2021-04-02,San Diego,073,3302833,272086,271036,13670,284706,3568
2021-04-02,San Francisco,075,870044,35474,35451,1212,36663,488
2021-04-02,San Joaquin,077,732212,70145,68996,3220,72216,1268
2021-04-02,San Luis Obispo,079,281455,20626,20271,631,20902,252
2021-04-02,San Mateo,081,765935,40965,40514,433,40947,350
2021-04-02,Santa Barbara,083,443738,33535,33145,1103,34248,443
2021-04-02,Santa Clara,085,1922200,114700,114777,667,115444,1882
2021-04-02,Santa Cruz,087,273765,15899,15216,806,16022,202
2021-04-02,Shasta,089,179085,11378,11377,1371,12748,181
2021-04-02,Sierra,091,2930,55,50,12,62,0
2021-04-02,Siskiyou,093,43540,1575,1508,265,1773,7
2021-04-02,Solano,095,438530,31044,30951,420,31371,237
2021-04-02,Sonoma,097,501317,29203,29288,283,29571,311
2021-04-02,Stanislaus,099,539301,53454,53073,5647,58720,687
2021-04-02,Sutter,101,95872,9150,9131,83,9214,106
2021-04-02,Tehama,103,63373,4812,4775,522,5297,52
2021-04-02,Trinity,105,12862,478,320,85,405,3
2021-04-02,Tulare,107,460477,49379,48306,8656,56962,818
2021-04-02,Tuolumne,109,53932,3928,3980,37,4017,57
2021-04-02,Ventura,111,848112,80042,79434,2897,82331,982
2021-04-02,Yolo,113,214977,13411,13381,246,13627,197
2021-04-02,Yuba,115,75493,5757,5709,113,5822,44
2021-04-01,Alameda,001,1643700,84229,83574,1820,85394,1216
2021-04-01,Alpine,003,1148,85,85,0,85,0
2021-04-01,Amador,005,37829,3589,3558,32,3590,45
2021-04-01,Butte,007,227075,11728,11328,1680,13008,193
2021-04-01,Calaveras,009,45235,2014,2006,11,2017,50
2021-04-01,Colusa,011,21464,1892,1890,275,2165,14
2021-04-01,Contra Costa,013,1133247,66083,65176,1151,66327,771
2021-04-01,Del Norte,015,27424,1215,1138,11,1149,6
2021-04-01,El Dorado,017,186661,9519,9393,637,10030,106
2021-04-01,Fresno,019,978130,100156,99317,8322,107639,1616
2021-04-01,Glenn,021,27897,2359,2322,533,2855,17
2021-04-01,Humboldt,023,135768,3472,3464,25,3489,35
2021-04-01,Imperial,025,180216,27712,27520,2600,30120,710
2021-04-01,Inyo,027,18085,1380,1374,11,1385,36
2021-04-01,Kern,029,883053,95570,94244,10372,104616,1233
2021-04-01,Kings,031,150075,22822,22560,1038,23598,239
2021-04-01,Lake,033,64148,3368,3337,8,3345,43
2021-04-01,Lassen,035,31185,5148,5132,103,5235,1
2021-04-01,Los Angeles,037,10098052,1190269,1181101,40273,1221374,23220
2021-04-01,Madera,039,155013,16181,16023,897,16920,230
2021-04-01,Marin,041,260295,13707,13635,219,13854,221
2021-04-01,Mariposa,043,17540,394,389,5,394,5
2021-04-01,Mendocino,045,87422,3766,3680,73,3753,45
2021-04-01,Merced,047,269075,29924,29820,998,30818,425
2021-04-01,Modoc,049,8938,357,346,119,465,3
2021-04-01,Mono,051,14174,1236,1245,17,1262,3
2021-04-01,Monterey,053,433212,42609,42324,1786,44110,339
2021-04-01,Napa,055,140530,9486,9410,34,9444,78
2021-04-01,Nevada,057,99092,4377,4288,180,4468,68
2021-04-01,Orange,059,3164182,251609,249617,10862,260479,4742
2021-04-01,Placer,061,380077,21732,20909,1268,22177,274
2021-04-01,Plumas,063,18699,675,664,10,674,4
2021-04-01,Riverside,065,2383286,289871,283128,13741,296869,4193
2021-04-01,Sacramento,067,1510023,99508,97952,1435,99387,1521
2021-04-01,San Benito,069,59416,5888,5878,96,5974,61
2021-04-01,San Bernardino,071,2135413,289611,286086,8788,294874,4404
2021-04-01,San Diego,073,3302833,271863,270540,13640,284180,3555
2021-04-01,San Francisco,075,870044,35453,35386,1209,36595,488
2021-04-01,San Joaquin,077,732212,70063,68802,3212,72014,1262
2021-04-01,San Luis Obispo,079,281455,20597,20235,630,20865,252
2021-04-01,San Mateo,081,765935,40924,40454,433,40887,350
2021-04-01,Santa Barbara,083,443738,33488,33096,1098,34194,443
2021-04-01,Santa Clara,085,1922200,114587,114606,666,115272,1874
2021-04-01,Santa Cruz,087,273765,15884,15271,806,16077,202
2021-04-01,Shasta,089,179085,11363,11355,1366,12721,181
2021-04-01,Sierra,091,2930,55,50,12,62,0
2021-04-01,Siskiyou,093,43540,1573,1507,264,1771,7
2021-04-01,Solano,095,438530,31011,30850,417,31267,237
2021-04-01,Sonoma,097,501317,29172,29241,276,29517,311
2021-04-01,Stanislaus,099,539301,53391,52825,5641,58466,687
2021-04-01,Sutter,101,95872,9138,9105,83,9188,106
2021-04-01,Tehama,103,63373,4806,4764,519,5283,52
2021-04-01,Trinity,105,12862,478,319,85,404,3
2021-04-01,Tulare,107,460477,49356,48279,8646,56925,817
2021-04-01,Tuolumne,109,53932,3926,3978,37,4015,57
2021-04-01,Ventura,111,848112,80018,79369,2896,82265,977
2021-04-01,Yolo,113,214977,13398,13342,246,13588,197
2021-04-01,Yuba,115,75493,5752,5694,113,5807,44
2021-03-31,Alameda,001,1643700,84147,83475,1815,85290,1215
2021-03-31,Alpine,003,1148,85,85,0,85,0
2021-03-31,Amador,005,37829,3586,3556,32,3588,45
2021-03-31,Butte,007,227075,11718,11321,1677,12998,193
2021-03-31,Calaveras,009,45235,2012,2005,11,2016,50
2021-03-31,Colusa,011,21464,1892,1890,275,2165,14
2021-03-31,Contra Costa,013,1133247,65998,65109,1150,66259,769
2021-03-31,Del Norte,015,27424,1206,1129,11,1140,6
2021-03-31,El Dorado,017,186661,9502,9390,637,10027,106
2021-03-31,Fresno,019,978130,100063,99240,8305,107545,1616
2021-03-31,Glenn,021,27897,2355,2318,531,2849,17
2021-03-31,Humboldt,023,135768,3466,3460,25,3485,35
2021-03-31,Imperial,025,180216,27692,27506,2599,30105,710
2021-03-31,Inyo,027,18085,1377,1373,10,1383,35
2021-03-31,Kern,029,883053,95527,94205,10363,104568,1229
2021-03-31,Kings,031,150075,22819,22540,1038,23578,239
2021-03-31,Lake,033,64148,3364,3332,8,3340,43
2021-03-31,Lassen,035,31185,5144,5132,103,5235,1
2021-03-31,Los Angeles,037,10098052,1189800,1180538,40234,1220772,23171
2021-03-31,Madera,039,155013,16167,16015,896,16911,229
2021-03-31,Marin,041,260295,13696,13624,219,13843,221
2021-03-31,Mariposa,043,17540,394,389,5,394,5
2021-03-31,Mendocino,045,87422,3760,3675,73,3748,45
2021-03-31,Merced,047,269075,29895,29780,998,30778,423
2021-03-31,Modoc,049,8938,357,346,119,465,3
2021-03-31,Mono,051,14174,1236,1245,17,1262,3
2021-03-31,Monterey,053,433212,42592,42309,1784,44093,338
2021-03-31,Napa,055,140530,9468,9401,34,9435,78
2021-03-31,Nevada,057,99092,4371,4283,180,4463,68
2021-03-31,Orange,059,3164182,251498,249518,10847,260365,4731
2021-03-31,Placer,061,380077,21682,20885,1261,22146,271
2021-03-31,Plumas,063,18699,674,663,10,673,4
2021-03-31,Riverside,065,2383286,289769,283006,13731,296737,4171
2021-03-31,Sacramento,067,1510023,99333,97760,1428,99188,1519
2021-03-31,San Benito,069,59416,5878,5875,96,5971,61
2021-03-31,San Bernardino,071,2135413,289517,285916,8785,294701,4356
2021-03-31,San Diego,073,3302833,271631,270288,13605,283893,3555
2021-03-31,San Francisco,075,870044,35408,35347,1208,36555,474
2021-03-31,San Joaquin,077,732212,69974,68685,3196,71881,1259
2021-03-31,San Luis Obispo,079,281455,20575,20215,629,20844,251
2021-03-31,San Mateo,081,765935,40894,40423,433,40856,350
2021-03-31,Santa Barbara,083,443738,33456,33052,1096,34148,443
2021-03-31,Santa Clara,085,1922200,114460,114499,666,115165,1874
2021-03-31,Santa Cruz,087,273765,15871,15295,805,16100,201
2021-03-31,Shasta,089,179085,11351,11327,1358,12685,179
2021-03-31,Sierra,091,2930,55,50,12,62,0
2021-03-31,Siskiyou,093,43540,1572,1505,264,1769,7
2021-03-31,Solano,095,438530,30965,30824,416,31240,235
2021-03-31,Sonoma,097,501317,29145,29216,276,29492,311
2021-03-31,Stanislaus,099,539301,53323,52782,5629,58411,687
2021-03-31,Sutter,101,95872,9127,9111,83,9194,106
2021-03-31,Tehama,103,63373,4801,4762,517,5279,52
2021-03-31,Trinity,105,12862,478,319,85,404,3
2021-03-31,Tulare,107,460477,49336,48261,8630,56891,816
2021-03-31,Tuolumne,109,53932,3925,3976,37,4013,57
2021-03-31,Ventura,111,848112,79986,79326,2892,82218,969
2021-03-31,Yolo,113,214977,13381,13359,245,13604,197
2021-03-31,Yuba,115,75493,5745,5686,113,5799,44
2021-03-30,Alameda,001,1643700,84047,83395,1812,85207,1211
2021-03-30,Alpine,003,1148,85,85,0,85,0
2021-03-30,Amador,005,37829,3583,3551,32,3583,45
2021-03-30,Butte,007,227075,11706,11296,1674,12970,193
2021-03-30,Calaveras,009,45235,2008,1997,11,2008,50
2021-03-30,Colusa,011,21464,1891,1890,274,2164,14
2021-03-30,Contra Costa,013,1133247,65909,65041,1148,66189,767
2021-03-30,Del Norte,015,27424,1198,1118,10,1128,6
2021-03-30,El Dorado,017,186661,9483,9381,634,10015,105
2021-03-30,Fresno,019,978130,99998,99156,8292,107448,1609
2021-03-30,Glenn,021,27897,2355,2310,530,2840,17
2021-03-30,Humboldt,023,135768,3464,3461,25,3486,35
2021-03-30,Imperial,025,180216,27664,27471,2597,30068,706
2021-03-30,Inyo,027,18085,1377,1374,10,1384,35
2021-03-30,Kern,029,883053,95485,94151,10354,104505,1221
2021-03-30,Kings,031,150075,22815,22530,1036,23566,238
2021-03-30,Lake,033,64148,3358,3330,8,3338,43
2021-03-30,Lassen,035,31185,5144,5132,103,5235,1
2021-03-30,Los Angeles,037,10098052,1189304,1180044,40211,1220255,23136
2021-03-30,Madera,039,155013,16157,16003,892,16895,229
2021-03-30,Marin,041,260295,13687,13611,211,13822,221
2021-03-30,Mariposa,043,17540,394,388,5,393,5
2021-03-30,Mendocino,045,87422,3758,3670,73,3743,45
2021-03-30,Merced,047,269075,29858,29731,998,30729,423
2021-03-30,Modoc,049,8938,356,346,119,465,3
2021-03-30,Mono,051,14174,1235,1245,17,1262,3
2021-03-30,Monterey,053,433212,42566,42308,1782,44090,338
2021-03-30,Napa,055,140530,9453,9391,34,9425,78
2021-03-30,Nevada,057,99092,4359,4266,179,4445,68
2021-03-30,Orange,059,3164182,251369,249412,10820,260232,4727
2021-03-30,Placer,061,380077,21642,20866,1255,22121,271
2021-03-30,Plumas,063,18699,674,661,10,671,4
2021-03-30,Riverside,065,2383286,289644,282930,13722,296652,4154
2021-03-30,Sacramento,067,1510023,99196,97718,1424,99142,1516
2021-03-30,San Benito,069,59416,5872,5870,96,5966,61
2021-03-30,San Bernardino,071,2135413,289409,285758,8776,294534,4343
2021-03-30,San Diego,073,3302833,271392,269998,13567,283565,3555
2021-03-30,San Francisco,075,870044,35358,35325,1207,36532,474
2021-03-30,San Joaquin,077,732212,69886,68613,3186,71799,1232
2021-03-30,San Luis Obispo,079,281455,20555,20194,629,20823,251
2021-03-30,San Mateo,081,765935,40850,40377,433,40810,349
2021-03-30,Santa Barbara,083,443738,33431,33016,1096,34112,441
2021-03-30,Santa Clara,085,1922200,114337,114413,665,115078,1873
2021-03-30,Santa Cruz,087,273765,15865,15278,805,16083,201
2021-03-30,Shasta,089,179085,11343,11316,1357,12673,184
2021-03-30,Sierra,091,2930,55,50,12,62,0
2021-03-30,Siskiyou,093,43540,1571,1501,264,1765,7
2021-03-30,Solano,095,438530,30935,30802,415,31217,232
2021-03-30,Sonoma,097,501317,29113,29198,276,29474,311
2021-03-30,Stanislaus,099,539301,53245,52690,5621,58311,677
2021-03-30,Sutter,101,95872,9123,9107,82,9189,106
2021-03-30,Tehama,103,63373,4792,4748,516,5264,52
2021-03-30,Trinity,105,12862,478,316,85,401,3
2021-03-30,Tulare,107,460477,49321,48249,8621,56870,815
2021-03-30,Tuolumne,109,53932,3920,3972,37,4009,57
2021-03-30,Ventura,111,848112,79942,79282,2889,82171,958
2021-03-30,Yolo,113,214977,13368,13353,245,13598,195
2021-03-30,Yuba,115,75493,5734,5679,107,5786,42
2021-03-29,Alameda,001,1643700,83945,83338,1810,85148,1211
2021-03-29,Alpine,003,1148,85,85,0,85,0
2021-03-29,Amador,005,37829,3577,3549,32,3581,45
2021-03-29,Butte,007,227075,11697,11291,1671,12962,191
2021-03-29,Calaveras,009,45235,2006,1998,11,2009,50
2021-03-29,Colusa,011,21464,1891,1889,273,2162,14
2021-03-29,Contra Costa,013,1133247,65840,64971,1147,66118,767
2021-03-29,Del Norte,015,27424,1193,1116,9,1125,6
2021-03-29,El Dorado,017,186661,9463,9374,628,10002,105
2021-03-29,Fresno,019,978130,99915,99085,8277,107362,1606
2021-03-29,Glenn,021,27897,2348,2310,530,2840,17
2021-03-29,Humboldt,023,135768,3459,3459,25,3484,34
2021-03-29,Imperial,025,180216,27643,27442,2595,30037,704
2021-03-29,Inyo,027,18085,1377,1372,10,1382,35
2021-03-29,Kern,029,883053,95438,94098,10334,104432,1220
2021-03-29,Kings,031,150075,22803,22522,1035,23557,238
2021-03-29,Lake,033,64148,3355,3325,8,3333,43
2021-03-29,Lassen,035,31185,5144,5131,103,5234,1
2021-03-29,Los Angeles,037,10098052,1188808,1179736,40170,1219906,23108
2021-03-29,Madera,039,155013,16137,15987,890,16877,210
2021-03-29,Marin,041,260295,13675,13600,207,13807,220
2021-03-29,Mariposa,043,17540,393,388,5,393,5
2021-03-29,Mendocino,045,87422,3755,3667,73,3740,45
2021-03-29,Merced,047,269075,29834,29699,998,30697,422
2021-03-29,Modoc,049,8938,355,344,119,463,3
2021-03-29,Mono,051,14174,1234,1243,17,1260,3
2021-03-29,Monterey,053,433212,42550,42305,1777,44082,337
2021-03-29,Napa,055,140530,9437,9379,34,9413,78
2021-03-29,Nevada,057,99092,4352,4258,179,4437,68
2021-03-29,Orange,059,3164182,251257,249295,10808,260103,4713
2021-03-29,Placer,061,380077,21607,20827,1248,22075,267
2021-03-29,Plumas,063,18699,673,660,10,670,4
2021-03-29,Riverside,065,2383286,289541,282867,13721,296588,4133
2021-03-29,Sacramento,067,1510023,99002,97577,1416,98993,1514
2021-03-29,San Benito,069,59416,5865,5865,96,5961,61
2021-03-29,San Bernardino,071,2135413,289312,285615,8772,294387,4335
2021-03-29,San Diego,073,3302833,271126,269771,13541,283312,3547
2021-03-29,San Francisco,075,870044,35323,35291,1204,36495,474
2021-03-29,San Joaquin,077,732212,69800,68537,3173,71710,1211
2021-03-29,San Luis Obispo,079,281455,20520,20176,628,20804,250
2021-03-29,San Mateo,081,765935,40808,40357,432,40789,348
2021-03-29,Santa Barbara,083,443738,33397,32983,1095,34078,439
2021-03-29,Santa Clara,085,1922200,114229,114335,660,114995,1871
2021-03-29,Santa Cruz,087,273765,15854,15249,804,16053,201
2021-03-29,Shasta,089,179085,11325,11313,1355,12668,183
2021-03-29,Sierra,091,2930,55,50,12,62,0
2021-03-29,Siskiyou,093,43540,1569,1497,263,1760,6
2021-03-29,Solano,095,438530,30896,30762,413,31175,232
2021-03-29,Sonoma,097,501317,29090,29184,273,29457,310
2021-03-29,Stanislaus,099,539301,53162,52614,5613,58227,677
2021-03-29,Sutter,101,95872,9116,9105,82,9187,106
2021-03-29,Tehama,103,63373,4784,4742,515,5257,52
2021-03-29,Trinity,105,12862,478,314,85,399,3
2021-03-29,Tulare,107,460477,49293,48226,8610,56836,815
2021-03-29,Tuolumne,109,53932,3918,3969,37,4006,57
2021-03-29,Ventura,111,848112,79900,79252,2889,82141,956
2021-03-29,Yolo,113,214977,13349,13346,245,13591,195
2021-03-29,Yuba,115,75493,5727,5671,106,5777,42
2021-03-28,Alameda,001,1643700,83824,83239,1808,85047,1212
2021-03-28,Alpine,003,1148,85,85,0,85,0
2021-03-28,Amador,005,37829,3573,3541,32,3573,45
2021-03-28,Butte,007,227075,11684,11285,1669,12954,191
2021-03-28,Calaveras,009,45235,2004,1995,11,2006,50
2021-03-28,Colusa,011,21464,1890,1889,273,2162,14
2021-03-28,Contra Costa,013,1133247,65766,64878,1143,66021,767
2021-03-28,Del Norte,015,27424,1186,1107,7,1114,6
2021-03-28,El Dorado,017,186661,9448,9371,626,9997,105
2021-03-28,Fresno,019,978130,99833,99004,8265,107269,1606
2021-03-28,Glenn,021,27897,2344,2309,528,2837,17
2021-03-28,Humboldt,023,135768,3456,3452,24,3476,34
2021-03-28,Imperial,025,180216,27616,27426,2592,30018,704
2021-03-28,Inyo,027,18085,1376,1372,10,1382,35
2021-03-28,Kern,029,883053,95393,94084,10323,104407,1219
2021-03-28,Kings,031,150075,22798,22514,1032,23546,238
2021-03-28,Lake,033,64148,3350,3320,8,3328,43
2021-03-28,Lassen,035,31185,5144,5131,102,5233,1
2021-03-28,Los Angeles,037,10098052,1188256,1179316,40112,1219428,23101
2021-03-28,Madera,039,155013,16122,15973,889,16862,210
2021-03-28,Marin,041,260295,13662,13594,205,13799,221
2021-03-28,Mariposa,043,17540,393,388,5,393,5
2021-03-28,Mendocino,045,87422,3753,3666,73,3739,45
2021-03-28,Merced,047,269075,29777,29679,998,30677,422
2021-03-28,Modoc,049,8938,355,344,119,463,3
2021-03-28,Mono,051,14174,1233,1242,17,1259,3
2021-03-28,Monterey,053,433212,42527,42294,1773,44067,337
2021-03-28,Napa,055,140530,9423,9368,34,9402,78
2021-03-28,Nevada,057,99092,4338,4239,179,4418,68
2021-03-28,Orange,059,3164182,251102,249238,10798,260036,4713
2021-03-28,Placer,061,380077,21563,20796,1242,22038,267
2021-03-28,Plumas,063,18699,671,657,10,667,4
2021-03-28,Riverside,065,2383286,289427,282811,13712,296523,4132
2021-03-28,Sacramento,067,1510023,98828,97425,1410,98835,1514
2021-03-28,San Benito,069,59416,5860,5862,96,5958,61
2021-03-28,San Bernardino,071,2135413,289192,285570,8763,294333,4332
2021-03-28,San Diego,073,3302833,270850,269476,13512,282988,3547
2021-03-28,San Francisco,075,870044,35277,35286,1200,36486,474
2021-03-28,San Joaquin,077,732212,69675,68459,3154,71613,1211
2021-03-28,San Luis Obispo,079,281455,20485,20172,625,20797,250
2021-03-28,San Mateo,081,765935,40763,40305,432,40737,348
2021-03-28,Santa Barbara,083,443738,33355,32953,1094,34047,439
2021-03-28,Santa Clara,085,1922200,114129,114232,656,114888,1871
2021-03-28,Santa Cruz,087,273765,15839,15238,803,16041,201
2021-03-28,Shasta,089,179085,11299,11308,1344,12652,183
2021-03-28,Sierra,091,2930,55,50,12,62,0
2021-03-28,Siskiyou,093,43540,1569,1497,262,1759,6
2021-03-28,Solano,095,438530,30859,30719,411,31130,232
2021-03-28,Sonoma,097,501317,29054,29161,271,29432,310
2021-03-28,Stanislaus,099,539301,53074,52567,5598,58165,678
2021-03-28,Sutter,101,95872,9107,9094,82,9176,106
2021-03-28,Tehama,103,63373,4774,4740,513,5253,52
2021-03-28,Trinity,105,12862,476,314,84,398,3
2021-03-28,Tulare,107,460477,49264,48218,8604,56822,815
2021-03-28,Tuolumne,109,53932,3915,3969,36,4005,57
2021-03-28,Ventura,111,848112,79849,79222,2884,82106,956
2021-03-28,Yolo,113,214977,13332,13325,244,13569,194
2021-03-28,Yuba,115,75493,5723,5662,106,5768,42
2021-03-27,Alameda,001,1643700,83753,83169,1804,84973,1211
2021-03-27,Alpine,003,1148,85,85,0,85,0
2021-03-27,Amador,005,37829,3568,3538,32,3570,45
2021-03-27,Butte,007,227075,11677,11278,1668,12946,191
2021-03-27,Calaveras,009,45235,2001,1992,11,2003,50
2021-03-27,Colusa,011,21464,1890,1889,273,2162,14
2021-03-27,Contra Costa,013,1133247,65696,64804,1140,65944,767
2021-03-27,Del Norte,015,27424,1176,1104,7,1111,6
2021-03-27,El Dorado,017,186661,9434,9367,626,9993,105
2021-03-27,Fresno,019,978130,99780,98901,8259,107160,1606
2021-03-27,Glenn,021,27897,2343,2308,528,2836,17
2021-03-27,Humboldt,023,135768,3451,3442,24,3466,34
2021-03-27,Imperial,025,180216,27604,27406,2589,29995,704
2021-03-27,Inyo,027,18085,1374,1372,10,1382,35
2021-03-27,Kern,029,883053,95373,94041,10311,104352,1217
2021-03-27,Kings,031,150075,22795,22502,1032,23534,238
2021-03-27,Lake,033,64148,3348,3317,8,3325,43
2021-03-27,Lassen,035,31185,5144,5129,102,5231,1
2021-03-27,Los Angeles,037,10098052,1187941,1178831,40086,1218917,23103
2021-03-27,Madera,039,155013,16115,15968,887,16855,210
2021-03-27,Marin,041,260295,13657,13579,205,13784,222
2021-03-27,Mariposa,043,17540,393,386,5,391,5
2021-03-27,Mendocino,045,87422,3751,3666,73,3739,45
2021-03-27,Merced,047,269075,29744,29647,996,30643,422
2021-03-27,Modoc,049,8938,355,344,119,463,3
2021-03-27,Mono,051,14174,1231,1241,17,1258,3
2021-03-27,Monterey,053,433212,42517,42271,1773,44044,337
2021-03-27,Napa,055,140530,9411,9360,34,9394,78
2021-03-27,Nevada,057,99092,4328,4231,179,4410,68
2021-03-27,Orange,059,3164182,251009,249160,10782,259942,4698
2021-03-27,Placer,061,380077,21543,20717,1235,21952,267
2021-03-27,Plumas,063,18699,670,655,10,665,4
2021-03-27,Riverside,065,2383286,289365,282707,13704,296411,4132
2021-03-27,Sacramento,067,1510023,98738,97247,1408,98655,1513
2021-03-27,San Benito,069,59416,5858,5862,94,5956,61
2021-03-27,San Bernardino,071,2135413,289129,285480,8761,294241,4325
2021-03-27,San Diego,073,3302833,270679,269271,13490,282761,3540
2021-03-27,San Francisco,075,870044,35254,35244,1198,36442,474
2021-03-27,San Joaquin,077,732212,69615,68365,3146,71511,1211
2021-03-27,San Luis Obispo,079,281455,20474,20153,622,20775,250
2021-03-27,San Mateo,081,765935,40740,40264,432,40696,348
2021-03-27,Santa Barbara,083,443738,33332,32921,1094,34015,439
2021-03-27,Santa Clara,085,1922200,114033,114124,654,114778,1871
2021-03-27,Santa Cruz,087,273765,15833,15215,803,16018,201
2021-03-27,Shasta,089,179085,11288,11288,1342,12630,183
2021-03-27,Sierra,091,2930,55,50,12,62,0
2021-03-27,Siskiyou,093,43540,1569,1497,262,1759,6
2021-03-27,Solano,095,438530,30831,30669,410,31079,232
2021-03-27,Sonoma,097,501317,29039,29133,269,29402,310
2021-03-27,Stanislaus,099,539301,53009,52497,5590,58087,678
2021-03-27,Sutter,101,95872,9100,9093,82,9175,106
2021-03-27,Tehama,103,63373,4768,4738,511,5249,52
2021-03-27,Trinity,105,12862,476,313,84,397,3
2021-03-27,Tulare,107,460477,49248,48203,8596,56799,813
2021-03-27,Tuolumne,109,53932,3912,3968,36,4004,57
2021-03-27,Ventura,111,848112,79822,79184,2882,82066,956
2021-03-27,Yolo,113,214977,13327,13317,243,13560,194
2021-03-27,Yuba,115,75493,5721,5657,106,5763,42
2021-03-26,Alameda,001,1643700,83691,83043,1802,84845,1208
2021-03-26,Alpine,003,1148,85,85,0,85,0
2021-03-26,Amador,005,37829,3563,3532,32,3564,45
2021-03-26,Butte,007,227075,11667,11278,1668,12946,191
2021-03-26,Calaveras,009,45235,1998,1989,11,2000,50
2021-03-26,Colusa,011,21464,1890,1889,273,2162,14
2021-03-26,Contra Costa,013,1133247,65636,64699,1137,65836,761
2021-03-26,Del Norte,015,27424,1173,1101,7,1108,6
2021-03-26,El Dorado,017,186661,9429,9353,626,9979,105
2021-03-26,Fresno,019,978130,99718,98731,8249,106980,1601
2021-03-26,Glenn,021,27897,2343,2307,527,2834,17
2021-03-26,Humboldt,023,135768,3449,3431,24,3455,34
2021-03-26,Imperial,025,180216,27580,27374,2589,29963,701
2021-03-26,Inyo,027,18085,1373,1369,10,1379,35
2021-03-26,Kern,029,883053,95347,93949,10305,104254,1211
2021-03-26,Kings,031,150075,22787,22493,1030,23523,239
2021-03-26,Lake,033,64148,3347,3314,8,3322,43
2021-03-26,Lassen,035,31185,5143,5131,102,5233,1
2021-03-26,Los Angeles,037,10098052,1187602,1178213,40073,1218286,23080
2021-03-26,Madera,039,155013,16105,15952,887,16839,210
2021-03-26,Marin,041,260295,13651,13553,200,13753,221
2021-03-26,Mariposa,043,17540,393,386,5,391,5
2021-03-26,Mendocino,045,87422,3750,3664,73,3737,45
2021-03-26,Merced,047,269075,29721,29613,994,30607,419
2021-03-26,Modoc,049,8938,355,344,119,463,3
2021-03-26,Mono,051,14174,1230,1236,17,1253,3
2021-03-26,Monterey,053,433212,42504,42241,1769,44010,338
2021-03-26,Napa,055,140530,9401,9349,34,9383,78
2021-03-26,Nevada,057,99092,4308,4222,179,4401,83
2021-03-26,Orange,059,3164182,250946,248995,10768,259763,4671
2021-03-26,Placer,061,380077,21517,20679,1234,21913,259
2021-03-26,Plumas,063,18699,669,654,10,664,4
2021-03-26,Riverside,065,2383286,289287,282602,13698,296300,4109
2021-03-26,Sacramento,067,1510023,98638,97040,1403,98443,1509
2021-03-26,San Benito,069,59416,5855,5855,94,5949,61
2021-03-26,San Bernardino,071,2135413,289073,285313,8759,294072,4288
2021-03-26,San Diego,073,3302833,270501,269045,13464,282509,3525
2021-03-26,San Francisco,075,870044,35228,35186,1198,36384,472
2021-03-26,San Joaquin,077,732212,69552,68249,3142,71391,1202
2021-03-26,San Luis Obispo,079,281455,20461,20118,622,20740,250
2021-03-26,San Mateo,081,765935,40705,40199,432,40631,348
2021-03-26,Santa Barbara,083,443738,33302,32895,1093,33988,439
2021-03-26,Santa Clara,085,1922200,113935,113959,653,114612,1868
2021-03-26,Santa Cruz,087,273765,15818,15199,802,16001,201
2021-03-26,Shasta,089,179085,11279,11276,1336,12612,182
2021-03-26,Sierra,091,2930,55,50,12,62,0
2021-03-26,Siskiyou,093,43540,1569,1493,261,1754,6
2021-03-26,Solano,095,438530,30806,30640,410,31050,205
2021-03-26,Sonoma,097,501317,29023,29101,266,29367,310
2021-03-26,Stanislaus,099,539301,52941,52420,5586,58006,678
2021-03-26,Sutter,101,95872,9097,9082,82,9164,104
2021-03-26,Tehama,103,63373,4767,4722,510,5232,51
2021-03-26,Trinity,105,12862,476,311,84,395,3
2021-03-26,Tulare,107,460477,49233,48179,8588,56767,813
2021-03-26,Tuolumne,109,53932,3911,3965,36,4001,57
2021-03-26,Ventura,111,848112,79788,79122,2880,82002,953
2021-03-26,Yolo,113,214977,13320,13299,241,13540,194
2021-03-26,Yuba,115,75493,5711,5653,106,5759,42
2021-03-25,Alameda,001,1643700,83596,82945,1800,84745,1206
2021-03-25,Alpine,003,1148,85,84,0,84,0
2021-03-25,Amador,005,37829,3561,3530,32,3562,45
2021-03-25,Butte,007,227075,11657,11270,1668,12938,188
2021-03-25,Calaveras,009,45235,1997,1982,11,1993,50
2021-03-25,Colusa,011,21464,1890,1888,273,2161,14
2021-03-25,Contra Costa,013,1133247,65569,64606,1133,65739,757
2021-03-25,Del Norte,015,27424,1167,1095,7,1102,6
2021-03-25,El Dorado,017,186661,9419,9331,626,9957,105
2021-03-25,Fresno,019,978130,99600,98602,8236,106838,1593
2021-03-25,Glenn,021,27897,2342,2302,526,2828,17
2021-03-25,Humboldt,023,135768,3444,3423,24,3447,34
2021-03-25,Imperial,025,180216,27564,27352,2588,29940,699
2021-03-25,Inyo,027,18085,1373,1369,10,1379,35
2021-03-25,Kern,029,883053,95315,93857,10300,104157,1206
2021-03-25,Kings,031,150075,22777,22472,1030,23502,237
2021-03-25,Lake,033,64148,3342,3312,8,3320,43
2021-03-25,Lassen,035,31185,5143,5129,102,5231,1
2021-03-25,Los Angeles,037,10098052,1187165,1177490,40038,1217528,23051
2021-03-25,Madera,039,155013,16086,15937,885,16822,210
2021-03-25,Marin,041,260295,13641,13538,197,13735,219
2021-03-25,Mariposa,043,17540,393,386,5,391,5
2021-03-25,Mendocino,045,87422,3749,3664,73,3737,45
2021-03-25,Merced,047,269075,29687,29576,986,30562,416
2021-03-25,Modoc,049,8938,355,343,119,462,3
2021-03-25,Mono,051,14174,1230,1235,17,1252,3
2021-03-25,Monterey,053,433212,42483,42220,1764,43984,336
2021-03-25,Napa,055,140530,9382,9321,34,9355,78
2021-03-25,Nevada,057,99092,4290,4202,177,4379,84
2021-03-25,Orange,059,3164182,250830,248871,10748,259619,4655
2021-03-25,Placer,061,380077,21476,20639,1227,21866,252
2021-03-25,Plumas,063,18699,669,654,10,664,4
2021-03-25,Riverside,065,2383286,289190,282492,13687,296179,4078
2021-03-25,Sacramento,067,1510023,98493,96823,1400,98223,1505
2021-03-25,San Benito,069,59416,5852,5850,94,5944,61
2021-03-25,San Bernardino,071,2135413,288992,285134,8754,293888,4222
2021-03-25,San Diego,073,3302833,270273,268623,13433,282056,3520
2021-03-25,San Francisco,075,870044,35189,35154,1196,36350,468
2021-03-25,San Joaquin,077,732212,69455,68089,3103,71192,1196
2021-03-25,San Luis Obispo,079,281455,20443,20076,622,20698,250
2021-03-25,San Mateo,081,765935,40665,40147,432,40579,348
2021-03-25,Santa Barbara,083,443738,33275,32857,1093,33950,439
2021-03-25,Santa Clara,085,1922200,113831,113877,651,114528,1868
2021-03-25,Santa Cruz,087,273765,15797,15170,802,15972,201
2021-03-25,Shasta,089,179085,11262,11262,1333,12595,181
2021-03-25,Sierra,091,2930,55,50,12,62,0
2021-03-25,Siskiyou,093,43540,1567,1491,260,1751,6
2021-03-25,Solano,095,438530,30745,30583,408,30991,193
2021-03-25,Sonoma,097,501317,28989,29060,262,29322,310
2021-03-25,Stanislaus,099,539301,52874,52321,5579,57900,678
2021-03-25,Sutter,101,95872,9088,9069,82,9151,104
2021-03-25,Tehama,103,63373,4765,4719,509,5228,52
2021-03-25,Trinity,105,12862,476,310,84,394,3
2021-03-25,Tulare,107,460477,49206,48148,8575,56723,811
2021-03-25,Tuolumne,109,53932,3910,3962,36,3998,57
2021-03-25,Ventura,111,848112,79747,79045,2876,81921,952
2021-03-25,Yolo,113,214977,13314,13287,241,13528,194
2021-03-25,Yuba,115,75493,5705,5647,100,5747,42
2021-03-24,Alameda,001,1643700,83502,82871,1797,84668,1199
2021-03-24,Alpine,003,1148,85,84,0,84,0
2021-03-24,Amador,005,37829,3555,3529,32,3561,45
2021-03-24,Butte,007,227075,11647,11252,1664,12916,187
2021-03-24,Calaveras,009,45235,1994,1975,11,1986,50
2021-03-24,Colusa,011,21464,1890,1886,273,2159,14
2021-03-24,Contra Costa,013,1133247,65489,64539,1132,65671,755
2021-03-24,Del Norte,015,27424,1162,1087,7,1094,6
2021-03-24,El Dorado,017,186661,9413,9319,625,9944,105
2021-03-24,Fresno,019,978130,99510,98437,8221,106658,1585
2021-03-24,Glenn,021,27897,2341,2297,525,2822,17
2021-03-24,Humboldt,023,135768,3441,3414,24,3438,34
2021-03-24,Imperial,025,180216,27555,27325,2588,29913,699
2021-03-24,Inyo,027,18085,1373,1368,10,1378,35
2021-03-24,Kern,029,883053,95267,93800,10291,104091,1198
2021-03-24,Kings,031,150075,22762,22456,1028,23484,237
2021-03-24,Lake,033,64148,3338,3307,8,3315,43
2021-03-24,Lassen,035,31185,5141,5130,101,5231,1
2021-03-24,Los Angeles,037,10098052,1186682,1177015,40004,1217019,22993
2021-03-24,Madera,039,155013,16077,15918,884,16802,210
2021-03-24,Marin,041,260295,13627,13526,195,13721,219
2021-03-24,Mariposa,043,17540,393,384,5,389,5
2021-03-24,Mendocino,045,87422,3746,3660,73,3733,45
2021-03-24,Merced,047,269075,29646,29525,986,30511,415
2021-03-24,Modoc,049,8938,354,341,119,460,3
2021-03-24,Mono,051,14174,1229,1243,17,1260,3
2021-03-24,Monterey,053,433212,42461,42201,1761,43962,335
2021-03-24,Napa,055,140530,9362,9310,34,9344,78
2021-03-24,Nevada,057,99092,4275,4191,176,4367,85
2021-03-24,Orange,059,3164182,250716,248775,10730,259505,4638
2021-03-24,Placer,061,380077,21446,20606,1219,21825,250
2021-03-24,Plumas,063,18699,667,652,10,662,4
2021-03-24,Riverside,065,2383286,289106,282410,13684,296094,4058
2021-03-24,Sacramento,067,1510023,98318,96628,1388,98016,1500
2021-03-24,San Benito,069,59416,5851,5847,94,5941,61
2021-03-24,San Bernardino,071,2135413,288906,284983,8752,293735,4170
2021-03-24,San Diego,073,3302833,270059,268413,13405,281818,3509
2021-03-24,San Francisco,075,870044,35161,35103,1193,36296,462
2021-03-24,San Joaquin,077,732212,69384,67978,3091,71069,1196
2021-03-24,San Luis Obispo,079,281455,20413,20021,621,20642,250
2021-03-24,San Mateo,081,765935,40615,40083,432,40515,348
2021-03-24,Santa Barbara,083,443738,33247,32810,1093,33903,438
2021-03-24,Santa Clara,085,1922200,113715,113757,648,114405,1851
2021-03-24,Santa Cruz,087,273765,15783,15138,801,15939,202
2021-03-24,Shasta,089,179085,11243,11243,1331,12574,181
2021-03-24,Sierra,091,2930,55,50,12,62,0
2021-03-24,Siskiyou,093,43540,1565,1490,260,1750,6
2021-03-24,Solano,095,438530,30708,30552,407,30959,178
2021-03-24,Sonoma,097,501317,28969,29034,258,29292,310
2021-03-24,Stanislaus,099,539301,52798,52259,5570,57829,677
2021-03-24,Sutter,101,95872,9072,9049,82,9131,104
2021-03-24,Tehama,103,63373,4759,4719,508,5227,49
2021-03-24,Trinity,105,12862,475,310,84,394,3
2021-03-24,Tulare,107,460477,49195,48109,8562,56671,808
2021-03-24,Tuolumne,109,53932,3909,3961,36,3997,57
2021-03-24,Ventura,111,848112,79695,78993,2869,81862,944
2021-03-24,Yolo,113,214977,13302,13269,241,13510,194
2021-03-24,Yuba,115,75493,5699,5634,97,5731,42
2021-03-23,Alameda,001,1643700,83399,82799,1793,84592,1190
2021-03-23,Alpine,003,1148,85,84,0,84,0
2021-03-23,Amador,005,37829,3549,3524,32,3556,45
2021-03-23,Butte,007,227075,11635,11227,1663,12890,187
2021-03-23,Calaveras,009,45235,1992,1971,11,1982,50
2021-03-23,Colusa,011,21464,1888,1885,272,2157,14
2021-03-23,Contra Costa,013,1133247,65390,64491,1131,65622,750
2021-03-23,Del Norte,015,27424,1157,1082,7,1089,6
2021-03-23,El Dorado,017,186661,9403,9318,622,9940,105
2021-03-23,Fresno,019,978130,99396,98362,8195,106557,1575
2021-03-23,Glenn,021,27897,2336,2293,523,2816,17
2021-03-23,Humboldt,023,135768,3432,3405,24,3429,34
2021-03-23,Imperial,025,180216,27547,27320,2588,29908,699
2021-03-23,Inyo,027,18085,1371,1364,10,1374,35
2021-03-23,Kern,029,883053,95160,93728,10284,104012,1191
2021-03-23,Kings,031,150075,22751,22439,1026,23465,237
2021-03-23,Lake,033,64148,3336,3294,8,3302,43
2021-03-23,Lassen,035,31185,5141,5130,101,5231,1
2021-03-23,Los Angeles,037,10098052,1186162,1176572,39966,1216538,22904
2021-03-23,Madera,039,155013,16061,15908,883,16791,210
2021-03-23,Marin,041,260295,13604,13514,193,13707,221
2021-03-23,Mariposa,043,17540,392,384,5,389,5
2021-03-23,Mendocino,045,87422,3744,3652,73,3725,45
2021-03-23,Merced,047,269075,29612,29485,986,30471,415
2021-03-23,Modoc,049,8938,353,342,119,461,3
2021-03-23,Mono,051,14174,1228,1263,17,1280,3
2021-03-23,Monterey,053,433212,42450,42180,1759,43939,335
2021-03-23,Napa,055,140530,9337,9299,34,9333,78
2021-03-23,Nevada,057,99092,4256,4179,175,4354,89
2021-03-23,Orange,059,3164182,250590,248661,10712,259373,4626
2021-03-23,Placer,061,380077,21411,20567,1215,21782,248
2021-03-23,Plumas,063,18699,667,652,10,662,4
2021-03-23,Riverside,065,2383286,289006,282317,13677,295994,4035
2021-03-23,Sacramento,067,1510023,98126,96521,1382,97903,1496
2021-03-23,San Benito,069,59416,5846,5845,93,5938,61
2021-03-23,San Bernardino,071,2135413,288822,284875,8744,293619,4134
2021-03-23,San Diego,073,3302833,269814,268156,13373,281529,3498
2021-03-23,San Francisco,075,870044,35103,35071,1187,36258,462
2021-03-23,San Joaquin,077,732212,69288,67903,3073,70976,1182
2021-03-23,San Luis Obispo,079,281455,20372,20009,620,20629,250
2021-03-23,San Mateo,081,765935,40559,40032,431,40463,348
2021-03-23,Santa Barbara,083,443738,33209,32771,1092,33863,438
2021-03-23,Santa Clara,085,1922200,113599,113645,645,114290,1848
2021-03-23,Santa Cruz,087,273765,15768,15106,801,15907,201
2021-03-23,Shasta,089,179085,11230,11234,1330,12564,175
2021-03-23,Sierra,091,2930,55,50,12,62,0
2021-03-23,Siskiyou,093,43540,1560,1485,258,1743,6
2021-03-23,Solano,095,438530,30667,30524,406,30930,178
2021-03-23,Sonoma,097,501317,28932,29020,257,29277,310
2021-03-23,Stanislaus,099,539301,52699,52148,5562,57710,677
2021-03-23,Sutter,101,95872,9064,9039,82,9121,104
2021-03-23,Tehama,103,63373,4750,4707,507,5214,46
2021-03-23,Trinity,105,12862,475,310,84,394,3
2021-03-23,Tulare,107,460477,49168,48095,8546,56641,808
2021-03-23,Tuolumne,109,53932,3906,3957,36,3993,57
2021-03-23,Ventura,111,848112,79634,78930,2866,81796,932
2021-03-23,Yolo,113,214977,13291,13255,241,13496,194
2021-03-23,Yuba,115,75493,5694,5628,97,5725,42
2021-03-22,Alameda,001,1643700,83306,82748,1787,84535,1189
2021-03-22,Alpine,003,1148,84,83,0,83,0
2021-03-22,Amador,005,37829,3541,3522,32,3554,44
2021-03-22,Butte,007,227075,11626,11211,1661,12872,185
2021-03-22,Calaveras,009,45235,1988,1963,11,1974,49
2021-03-22,Colusa,011,21464,1886,1885,272,2157,13
2021-03-22,Contra Costa,013,1133247,65295,64432,1129,65561,740
2021-03-22,Del Norte,015,27424,1151,1082,7,1089,6
2021-03-22,El Dorado,017,186661,9387,9310,619,9929,105
2021-03-22,Fresno,019,978130,99298,98276,8182,106458,1556
2021-03-22,Glenn,021,27897,2328,2291,523,2814,17
2021-03-22,Humboldt,023,135768,3427,3403,24,3427,34
2021-03-22,Imperial,025,180216,27532,27302,2584,29886,699
2021-03-22,Inyo,027,18085,1368,1363,10,1373,35
2021-03-22,Kern,029,883053,95089,93675,10267,103942,1178
2021-03-22,Kings,031,150075,22738,22433,1021,23454,236
2021-03-22,Lake,033,64148,3335,3290,8,3298,43
2021-03-22,Lassen,035,31185,5139,5129,101,5230,1
2021-03-22,Los Angeles,037,10098052,1185643,1176205,39934,1216139,22843
2021-03-22,Madera,039,155013,16046,15904,883,16787,210
2021-03-22,Marin,041,260295,13595,13501,192,13693,221
2021-03-22,Mariposa,043,17540,391,381,5,386,5
2021-03-22,Mendocino,045,87422,3742,3653,73,3726,45
2021-03-22,Merced,047,269075,29569,29468,983,30451,413
2021-03-22,Modoc,049,8938,351,342,119,461,3
2021-03-22,Mono,051,14174,1223,1263,17,1280,3
2021-03-22,Monterey,053,433212,42434,42161,1757,43918,335
2021-03-22,Napa,055,140530,9326,9288,34,9322,77
2021-03-22,Nevada,057,99092,4246,4174,171,4345,89
2021-03-22,Orange,059,3164182,250439,248517,10678,259195,4599
2021-03-22,Placer,061,380077,21376,20543,1210,21753,242
2021-03-22,Plumas,063,18699,667,652,10,662,4
2021-03-22,Riverside,065,2383286,288906,282242,13666,295908,4009
2021-03-22,Sacramento,067,1510023,97948,96385,1373,97758,1493
2021-03-22,San Benito,069,59416,5843,5844,92,5936,61
2021-03-22,San Bernardino,071,2135413,288734,284771,8732,293503,4107
2021-03-22,San Diego,073,3302833,269602,267913,13353,281266,3494
2021-03-22,San Francisco,075,870044,35061,35040,1183,36223,462
2021-03-22,San Joaquin,077,732212,69196,67815,3055,70870,1182
2021-03-22,San Luis Obispo,079,281455,20348,20000,619,20619,250
2021-03-22,San Mateo,081,765935,40508,40024,430,40454,348
2021-03-22,Santa Barbara,083,443738,33165,32756,1090,33846,437
2021-03-22,Santa Clara,085,1922200,113479,113575,645,114220,1845
2021-03-22,Santa Cruz,087,273765,15756,15077,800,15877,201
2021-03-22,Shasta,089,179085,11216,11218,1329,12547,150
2021-03-22,Sierra,091,2930,55,50,12,62,0
2021-03-22,Siskiyou,093,43540,1559,1487,257,1744,5
2021-03-22,Solano,095,438530,30627,30490,402,30892,171
2021-03-22,Sonoma,097,501317,28903,29010,253,29263,310
2021-03-22,Stanislaus,099,539301,52615,52083,5557,57640,677
2021-03-22,Sutter,101,95872,9051,9024,82,9106,104
2021-03-22,Tehama,103,63373,4742,4704,507,5211,45
2021-03-22,Trinity,105,12862,475,310,84,394,3
2021-03-22,Tulare,107,460477,49153,48074,8526,56600,807
2021-03-22,Tuolumne,109,53932,3903,3954,36,3990,57
2021-03-22,Ventura,111,848112,79588,78890,2863,81753,927
2021-03-22,Yolo,113,214977,13279,13243,240,13483,190
2021-03-22,Yuba,115,75493,5683,5627,95,5722,42
2021-03-21,Alameda,001,1643700,83216,82684,1784,84468,1187
2021-03-21,Alpine,003,1148,84,83,0,83,0
2021-03-21,Amador,005,37829,3537,3519,32,3551,44
2021-03-21,Butte,007,227075,11610,11208,1656,12864,185
2021-03-21,Calaveras,009,45235,1982,1962,11,1973,49
2021-03-21,Colusa,011,21464,1886,1885,272,2157,13
2021-03-21,Contra Costa,013,1133247,65213,64382,1125,65507,740
2021-03-21,Del Norte,015,27424,1136,1076,7,1083,6
2021-03-21,El Dorado,017,186661,9377,9302,614,9916,105
2021-03-21,Fresno,019,978130,99184,98211,8158,106369,1556
2021-03-21,Glenn,021,27897,2325,2288,522,2810,17
2021-03-21,Humboldt,023,135768,3422,3402,24,3426,34
2021-03-21,Imperial,025,180216,27515,27267,2579,29846,699
2021-03-21,Inyo,027,18085,1368,1363,10,1373,35
2021-03-21,Kern,029,883053,95023,93649,10258,103907,1170
2021-03-21,Kings,031,150075,22721,22422,1021,23443,236
2021-03-21,Lake,033,64148,3331,3286,8,3294,43
2021-03-21,Lassen,035,31185,5139,5129,101,5230,1
2021-03-21,Los Angeles,037,10098052,1185107,1175684,39887,1215571,22834
2021-03-21,Madera,039,155013,16026,15895,881,16776,210
2021-03-21,Marin,041,260295,13579,13495,191,13686,220
2021-03-21,Mariposa,043,17540,391,381,5,386,5
2021-03-21,Mendocino,045,87422,3739,3651,73,3724,45
2021-03-21,Merced,047,269075,29509,29446,977,30423,413
2021-03-21,Modoc,049,8938,351,341,119,460,3
2021-03-21,Mono,051,14174,1218,1263,17,1280,3
2021-03-21,Monterey,053,433212,42409,42153,1754,43907,335
2021-03-21,Napa,055,140530,9306,9282,34,9316,77
2021-03-21,Nevada,057,99092,4233,4169,171,4340,89
2021-03-21,Orange,059,3164182,250306,248442,10651,259093,4598
2021-03-21,Placer,061,380077,21340,20520,1202,21722,242
2021-03-21,Plumas,063,18699,667,653,10,663,4
2021-03-21,Riverside,065,2383286,288799,282187,13655,295842,4009
2021-03-21,Sacramento,067,1510023,97754,96269,1366,97635,1489
2021-03-21,San Benito,069,59416,5837,5842,92,5934,61
2021-03-21,San Bernardino,071,2135413,288643,284732,8726,293458,4094
2021-03-21,San Diego,073,3302833,269342,267724,13327,281051,3494
2021-03-21,San Francisco,075,870044,35014,35012,1176,36188,460
2021-03-21,San Joaquin,077,732212,69074,67729,3037,70766,1182
2021-03-21,San Luis Obispo,079,281455,20316,19979,617,20596,250
2021-03-21,San Mateo,081,765935,40463,39988,429,40417,344
2021-03-21,Santa Barbara,083,443738,33126,32743,1089,33832,437
2021-03-21,Santa Clara,085,1922200,113350,113487,642,114129,1840
2021-03-21,Santa Cruz,087,273765,15749,15064,800,15864,199
2021-03-21,Shasta,089,179085,11196,11215,1328,12543,150
2021-03-21,Sierra,091,2930,55,50,12,62,0
2021-03-21,Siskiyou,093,43540,1559,1486,256,1742,5
2021-03-21,Solano,095,438530,30587,30474,399,30873,171
2021-03-21,Sonoma,097,501317,28874,28986,252,29238,310
2021-03-21,Stanislaus,099,539301,52525,52014,5555,57569,677
2021-03-21,Sutter,101,95872,9038,9021,82,9103,104
2021-03-21,Tehama,103,63373,4738,4701,507,5208,45
2021-03-21,Trinity,105,12862,473,310,84,394,3
2021-03-21,Tulare,107,460477,49137,48060,8514,56574,807
2021-03-21,Tuolumne,109,53932,3901,3953,36,3989,57
2021-03-21,Ventura,111,848112,79525,78863,2858,81721,927
2021-03-21,Yolo,113,214977,13257,13235,240,13475,190
2021-03-21,Yuba,115,75493,5673,5624,95,5719,42
2021-03-20,Alameda,001,1643700,83148,82614,1782,84396,1178
2021-03-20,Alpine,003,1148,84,83,0,83,0
2021-03-20,Amador,005,37829,3535,3518,32,3550,44
2021-03-20,Butte,007,227075,11604,11199,1654,12853,185
2021-03-20,Calaveras,009,45235,1978,1961,11,1972,49
2021-03-20,Colusa,011,21464,1886,1883,272,2155,12
2021-03-20,Contra Costa,013,1133247,65153,64313,1125,65438,713
2021-03-20,Del Norte,015,27424,1135,1075,7,1082,6
2021-03-20,El Dorado,017,186661,9371,9290,614,9904,105
2021-03-20,Fresno,019,978130,99124,98112,8151,106263,1532
2021-03-20,Glenn,021,27897,2324,2288,520,2808,17
2021-03-20,Humboldt,023,135768,3415,3399,24,3423,33
2021-03-20,Imperial,025,180216,27509,27239,2577,29816,695
2021-03-20,Inyo,027,18085,1368,1362,10,1372,35
2021-03-20,Kern,029,883053,94994,93606,10254,103860,1155
2021-03-20,Kings,031,150075,22716,22415,1020,23435,236
2021-03-20,Lake,033,64148,3327,3280,8,3288,43
2021-03-20,Lassen,035,31185,5139,5128,101,5229,1
2021-03-20,Los Angeles,037,10098052,1184805,1175290,39863,1215153,22810
2021-03-20,Madera,039,155013,16018,15891,880,16771,210
2021-03-20,Marin,041,260295,13567,13470,187,13657,220
2021-03-20,Mariposa,043,17540,390,381,5,386,5
2021-03-20,Mendocino,045,87422,3738,3639,73,3712,43
2021-03-20,Merced,047,269075,29478,29411,974,30385,412
2021-03-20,Modoc,049,8938,350,341,119,460,3
2021-03-20,Mono,051,14174,1218,1256,17,1273,3
2021-03-20,Monterey,053,433212,42400,42146,1753,43899,334
2021-03-20,Napa,055,140530,9298,9274,34,9308,77
2021-03-20,Nevada,057,99092,4222,4164,170,4334,89
2021-03-20,Orange,059,3164182,250225,248348,10639,258987,4522
2021-03-20,Placer,061,380077,21317,20505,1200,21705,242
2021-03-20,Plumas,063,18699,664,652,10,662,4
2021-03-20,Riverside,065,2383286,288724,282081,13651,295732,4000
2021-03-20,Sacramento,067,1510023,97643,96126,1363,97489,1488
2021-03-20,San Benito,069,59416,5833,5840,92,5932,61
2021-03-20,San Bernardino,071,2135413,288578,284690,8722,293412,3965
2021-03-20,San Diego,073,3302833,269171,267532,13320,280852,3493
2021-03-20,San Francisco,075,870044,34991,34968,1169,36137,453
2021-03-20,San Joaquin,077,732212,69033,67662,3030,70692,1161
2021-03-20,San Luis Obispo,079,281455,20300,19951,611,20562,250
2021-03-20,San Mateo,081,765935,40429,39958,428,40386,344
2021-03-20,Santa Barbara,083,443738,33101,32723,1088,33811,434
2021-03-20,Santa Clara,085,1922200,113258,113384,641,114025,1799
2021-03-20,Santa Cruz,087,273765,15733,15053,800,15853,199
2021-03-20,Shasta,089,179085,11190,11211,1328,12539,147
2021-03-20,Sierra,091,2930,55,50,12,62,0
2021-03-20,Siskiyou,093,43540,1559,1483,256,1739,5
2021-03-20,Solano,095,438530,30557,30439,399,30838,170
2021-03-20,Sonoma,097,501317,28859,28962,252,29214,309
2021-03-20,Stanislaus,099,539301,52469,51925,5548,57473,673
2021-03-20,Sutter,101,95872,9030,9014,82,9096,103
2021-03-20,Tehama,103,63373,4733,4696,505,5201,33
2021-03-20,Trinity,105,12862,472,310,84,394,3
2021-03-20,Tulare,107,460477,49122,48030,8497,56527,804
2021-03-20,Tuolumne,109,53932,3898,3950,36,3986,57
2021-03-20,Ventura,111,848112,79490,78818,2856,81674,922
2021-03-20,Yolo,113,214977,13253,13226,240,13466,190
2021-03-20,Yuba,115,75493,5670,5621,94,5715,42
2021-03-19,Alameda,001,1643700,83076,82499,1781,84280,1187
2021-03-19,Alpine,003,1148,83,82,0,82,0
2021-03-19,Amador,005,37829,3532,3515,32,3547,44
2021-03-19,Butte,007,227075,11596,11191,1651,12842,185
2021-03-19,Calaveras,009,45235,1977,1957,11,1968,49
2021-03-19,Colusa,011,21464,1885,1883,272,2155,12
2021-03-19,Contra Costa,013,1133247,65094,64195,1122,65317,737
2021-03-19,Del Norte,015,27424,1129,1071,5,1076,6
2021-03-19,El Dorado,017,186661,9362,9274,614,9888,105
2021-03-19,Fresno,019,978130,99040,97969,8137,106106,1527
2021-03-19,Glenn,021,27897,2324,2282,520,2802,17
2021-03-19,Humboldt,023,135768,3406,3388,24,3412,33
2021-03-19,Imperial,025,180216,27497,27218,2573,29791,695
2021-03-19,Inyo,027,18085,1366,1356,10,1366,35
2021-03-19,Kern,029,883053,94961,93534,10241,103775,1152
2021-03-19,Kings,031,150075,22707,22369,1017,23386,235
2021-03-19,Lake,033,64148,3321,3262,8,3270,43
2021-03-19,Lassen,035,31185,5139,5126,101,5227,1
2021-03-19,Los Angeles,037,10098052,1184467,1174818,39846,1214664,22752
2021-03-19,Madera,039,155013,16011,15877,879,16756,210
2021-03-19,Marin,041,260295,13555,13441,187,13628,220
2021-03-19,Mariposa,043,17540,389,380,5,385,5
2021-03-19,Mendocino,045,87422,3737,3639,73,3712,45
2021-03-19,Merced,047,269075,29451,29376,971,30347,412
2021-03-19,Modoc,049,8938,350,341,119,460,3
2021-03-19,Mono,051,14174,1216,1244,17,1261,3
2021-03-19,Monterey,053,433212,42391,42125,1751,43876,335
2021-03-19,Napa,055,140530,9286,9256,34,9290,77
2021-03-19,Nevada,057,99092,4211,4156,170,4326,88
2021-03-19,Orange,059,3164182,250125,248146,10629,258775,4501
2021-03-19,Placer,061,380077,21299,20451,1198,21649,242
2021-03-19,Plumas,063,18699,664,650,10,660,4
2021-03-19,Riverside,065,2383286,288641,281937,13646,295583,3989
2021-03-19,Sacramento,067,1510023,97540,95934,1360,97294,1486
2021-03-19,San Benito,069,59416,5833,5845,92,5937,61
2021-03-19,San Bernardino,071,2135413,288505,284501,8720,293221,4017
2021-03-19,San Diego,073,3302833,269036,267173,13310,280483,3491
2021-03-19,San Francisco,075,870044,34946,34936,1166,36102,461
2021-03-19,San Joaquin,077,732212,68963,67515,3016,70531,1180
2021-03-19,San Luis Obispo,079,281455,20280,19913,609,20522,249
2021-03-19,San Mateo,081,765935,40405,39893,428,40321,344
2021-03-19,Santa Barbara,083,443738,33071,32685,1087,33772,435
2021-03-19,Santa Clara,085,1922200,113183,113232,640,113872,1797
2021-03-19,Santa Cruz,087,273765,15726,15026,800,15826,199
2021-03-19,Shasta,089,179085,11183,11104,1326,12430,103
2021-03-19,Sierra,091,2930,54,49,12,61,0
2021-03-19,Siskiyou,093,43540,1559,1480,255,1735,5
2021-03-19,Solano,095,438530,30527,30395,397,30792,172
2021-03-19,Sonoma,097,501317,28838,28932,250,29182,292
2021-03-19,Stanislaus,099,539301,52411,51755,5545,57300,679
2021-03-19,Sutter,101,95872,9028,9005,82,9087,103
2021-03-19,Tehama,103,63373,4726,4685,505,5190,33
2021-03-19,Trinity,105,12862,472,310,84,394,3
2021-03-19,Tulare,107,460477,49099,47989,8474,56463,805
2021-03-19,Tuolumne,109,53932,3895,3946,36,3982,57
2021-03-19,Ventura,111,848112,79457,78753,2852,81605,920
2021-03-19,Yolo,113,214977,13245,13197,240,13437,189
2021-03-19,Yuba,115,75493,5667,5615,93,5708,42
2021-03-18,Alameda,001,1643700,82996,82419,1778,84197,1189
2021-03-18,Alpine,003,1148,83,82,0,82,0
2021-03-18,Amador,005,37829,3528,3513,32,3545,44
2021-03-18,Butte,007,227075,11585,11179,1649,12828,185
2021-03-18,Calaveras,009,45235,1975,1954,11,1965,49
2021-03-18,Colusa,011,21464,1885,1882,272,2154,12
2021-03-18,Contra Costa,013,1133247,65021,64103,1119,65222,739
2021-03-18,Del Norte,015,27424,1120,1059,5,1064,6
2021-03-18,El Dorado,017,186661,9349,9261,613,9874,105
2021-03-18,Fresno,019,978130,98943,97856,8122,105978,1527
2021-03-18,Glenn,021,27897,2320,2275,519,2794,17
2021-03-18,Humboldt,023,135768,3398,3381,24,3405,34
2021-03-18,Imperial,025,180216,27482,27190,2568,29758,695
2021-03-18,Inyo,027,18085,1363,1354,10,1364,35
2021-03-18,Kern,029,883053,94904,93458,10227,103685,1158
2021-03-18,Kings,031,150075,22700,22354,1016,23370,235
2021-03-18,Lake,033,64148,3318,3260,8,3268,43
2021-03-18,Lassen,035,31185,5138,5126,101,5227,1
2021-03-18,Los Angeles,037,10098052,1184034,1174205,39817,1214022,22689
2021-03-18,Madera,039,155013,15999,15860,876,16736,211
2021-03-18,Marin,041,260295,13537,13435,186,13621,219
2021-03-18,Mariposa,043,17540,387,380,5,385,5
2021-03-18,Mendocino,045,87422,3727,3630,73,3703,45
2021-03-18,Merced,047,269075,29416,29317,971,30288,410
2021-03-18,Modoc,049,8938,350,341,119,460,3
2021-03-18,Mono,051,14174,1212,1215,16,1231,3
2021-03-18,Monterey,053,433212,42379,42105,1751,43856,335
2021-03-18,Napa,055,140530,9277,9243,34,9277,77
2021-03-18,Nevada,057,99092,4204,4154,170,4324,74
2021-03-18,Orange,059,3164182,250022,248050,10616,258666,4514
2021-03-18,Placer,061,380077,21267,20421,1195,21616,243
2021-03-18,Plumas,063,18699,662,648,10,658,4
2021-03-18,Riverside,065,2383286,288560,281789,13639,295428,3957
2021-03-18,Sacramento,067,1510023,97392,95819,1356,97175,1481
2021-03-18,San Benito,069,59416,5831,5842,92,5934,61
2021-03-18,San Bernardino,071,2135413,288424,284294,8690,292984,4076
2021-03-18,San Diego,073,3302833,268883,266752,13300,280052,3478
2021-03-18,San Francisco,075,870044,34907,34904,1165,36069,461
2021-03-18,San Joaquin,077,732212,68863,67301,3004,70305,1169
2021-03-18,San Luis Obispo,079,281455,20251,19894,608,20502,249
2021-03-18,San Mateo,081,765935,40364,39874,428,40302,344
2021-03-18,Santa Barbara,083,443738,33030,32640,1087,33727,434
2021-03-18,Santa Clara,085,1922200,113066,113119,636,113755,1808
2021-03-18,Santa Cruz,087,273765,15716,14998,800,15798,198
2021-03-18,Shasta,089,179085,11169,11059,1324,12383,100
2021-03-18,Sierra,091,2930,54,49,12,61,0
2021-03-18,Siskiyou,093,43540,1556,1480,254,1734,5
2021-03-18,Solano,095,438530,30485,30352,394,30746,172
2021-03-18,Sonoma,097,501317,28817,28915,248,29163,292
2021-03-18,Stanislaus,099,539301,52339,51615,5541,57156,682
2021-03-18,Sutter,101,95872,9016,8999,82,9081,103
2021-03-18,Tehama,103,63373,4720,4683,504,5187,35
2021-03-18,Trinity,105,12862,472,310,84,394,3
2021-03-18,Tulare,107,460477,49080,47964,8459,56423,805
2021-03-18,Tuolumne,109,53932,3894,3942,36,3978,57
2021-03-18,Ventura,111,848112,79397,78697,2852,81549,918
2021-03-18,Yolo,113,214977,13232,13183,240,13423,191
2021-03-18,Yuba,115,75493,5663,5612,93,5705,42
2021-03-17,Alameda,001,1643700,82920,82353,1773,84126,1185
2021-03-17,Alpine,003,1148,83,82,0,82,0
2021-03-17,Amador,005,37829,3526,3511,32,3543,44
2021-03-17,Butte,007,227075,11576,11170,1647,12817,185
2021-03-17,Calaveras,009,45235,1972,1946,11,1957,49
2021-03-17,Colusa,011,21464,1884,1882,272,2154,12
2021-03-17,Contra Costa,013,1133247,64952,64026,1118,65144,737
2021-03-17,Del Norte,015,27424,1116,1053,5,1058,6
2021-03-17,El Dorado,017,186661,9339,9252,613,9865,105
2021-03-17,Fresno,019,978130,98832,97727,8104,105831,1507
2021-03-17,Glenn,021,27897,2313,2269,518,2787,17
2021-03-17,Humboldt,023,135768,3390,3365,24,3389,33
2021-03-17,Imperial,025,180216,27465,27168,2565,29733,691
2021-03-17,Inyo,027,18085,1361,1351,10,1361,35
2021-03-17,Kern,029,883053,94848,93392,10214,103606,1149
2021-03-17,Kings,031,150075,22684,22336,1015,23351,233
2021-03-17,Lake,033,64148,3311,3251,8,3259,43
2021-03-17,Lassen,035,31185,5137,5125,101,5226,1
2021-03-17,Los Angeles,037,10098052,1183581,1173416,39784,1213200,22602
2021-03-17,Madera,039,155013,15992,15835,876,16711,214
2021-03-17,Marin,041,260295,13520,13428,185,13613,218
2021-03-17,Mariposa,043,17540,387,379,5,384,5
2021-03-17,Mendocino,045,87422,3723,3625,73,3698,44
2021-03-17,Merced,047,269075,29388,29250,967,30217,408
2021-03-17,Modoc,049,8938,350,341,119,460,3
2021-03-17,Mono,051,14174,1210,1212,16,1228,3
2021-03-17,Monterey,053,433212,42361,42061,1748,43809,334
2021-03-17,Napa,055,140530,9262,9219,34,9253,76
2021-03-17,Nevada,057,99092,4194,4145,170,4315,74
2021-03-17,Orange,059,3164182,249903,247943,10588,258531,4502
2021-03-17,Placer,061,380077,21239,20369,1193,21562,243
2021-03-17,Plumas,063,18699,661,645,10,655,4
2021-03-17,Riverside,065,2383286,288444,281649,13631,295280,3925
2021-03-17,Sacramento,067,1510023,97264,95650,1351,97001,1477
2021-03-17,San Benito,069,59416,5828,5841,92,5933,61
2021-03-17,San Bernardino,071,2135413,288307,284170,8685,292855,4049
2021-03-17,San Diego,073,3302833,268672,266313,13282,279595,3470
2021-03-17,San Francisco,075,870044,34872,34873,1164,36037,457
2021-03-17,San Joaquin,077,732212,68778,67093,2988,70081,1164
2021-03-17,San Luis Obispo,079,281455,20228,19858,604,20462,249
2021-03-17,San Mateo,081,765935,40334,39838,427,40265,344
2021-03-17,Santa Barbara,083,443738,33008,32585,1086,33671,433
2021-03-17,Santa Clara,085,1922200,112973,112983,635,113618,1805
2021-03-17,Santa Cruz,087,273765,15708,14967,800,15767,199
2021-03-17,Shasta,089,179085,11164,11045,1321,12366,100
2021-03-17,Sierra,091,2930,54,49,12,61,0
2021-03-17,Siskiyou,093,43540,1555,1479,252,1731,5
2021-03-17,Solano,095,438530,30459,30320,392,30712,171
2021-03-17,Sonoma,097,501317,28793,28877,247,29124,292
2021-03-17,Stanislaus,099,539301,52264,51524,5534,57058,682
2021-03-17,Sutter,101,95872,9006,8982,82,9064,103
2021-03-17,Tehama,103,63373,4715,4670,504,5174,34
2021-03-17,Trinity,105,12862,472,308,84,392,3
2021-03-17,Tulare,107,460477,49060,47929,8449,56378,805
2021-03-17,Tuolumne,109,53932,3891,3938,36,3974,57
2021-03-17,Ventura,111,848112,79341,78648,2849,81497,916
2021-03-17,Yolo,113,214977,13215,13169,240,13409,190
2021-03-17,Yuba,115,75493,5660,5603,93,5696,42
2021-03-16,Alameda,001,1643700,82808,82259,1771,84030,1177
2021-03-16,Alpine,003,1148,83,82,0,82,0
2021-03-16,Amador,005,37829,3524,3510,32,3542,44
2021-03-16,Butte,007,227075,11564,11154,1646,12800,184
2021-03-16,Calaveras,009,45235,1967,1945,11,1956,49
2021-03-16,Colusa,011,21464,1883,1882,272,2154,12
2021-03-16,Contra Costa,013,1133247,64869,63951,1115,65066,736
2021-03-16,Del Norte,015,27424,1108,1048,5,1053,6
2021-03-16,El Dorado,017,186661,9324,9249,613,9862,105
2021-03-16,Fresno,019,978130,98694,97638,8083,105721,1498
2021-03-16,Glenn,021,27897,2305,2267,514,2781,17
2021-03-16,Humboldt,023,135768,3386,3351,24,3375,33
2021-03-16,Imperial,025,180216,27454,27143,2562,29705,689
2021-03-16,Inyo,027,18085,1360,1346,10,1356,35
2021-03-16,Kern,029,883053,94782,93340,10199,103539,1144
2021-03-16,Kings,031,150075,22648,22320,1014,23334,233
2021-03-16,Lake,033,64148,3303,3246,8,3254,43
2021-03-16,Lassen,035,31185,5136,5126,101,5227,1
2021-03-16,Los Angeles,037,10098052,1183048,1172676,39746,1212422,22527
2021-03-16,Madera,039,155013,15976,15822,874,16696,214
2021-03-16,Marin,041,260295,13502,13419,185,13604,218
2021-03-16,Mariposa,043,17540,384,379,5,384,5
2021-03-16,Mendocino,045,87422,3718,3623,73,3696,44
2021-03-16,Merced,047,269075,29335,29198,966,30164,407
2021-03-16,Modoc,049,8938,350,341,119,460,3
2021-03-16,Mono,051,14174,1209,1207,16,1223,3
2021-03-16,Monterey,053,433212,42342,42023,1748,43771,334
2021-03-16,Napa,055,140530,9252,9209,34,9243,75
2021-03-16,Nevada,057,99092,4185,4132,169,4301,67
2021-03-16,Orange,059,3164182,249764,247843,10569,258412,4479
2021-03-16,Placer,061,380077,21207,20339,1189,21528,240
2021-03-16,Plumas,063,18699,660,643,10,653,4
2021-03-16,Riverside,065,2383286,288330,281540,13618,295158,3893
2021-03-16,Sacramento,067,1510023,97121,95522,1347,96869,1466
2021-03-16,San Benito,069,59416,5823,5831,92,5923,61
2021-03-16,San Bernardino,071,2135413,288177,283980,8678,292658,4032
2021-03-16,San Diego,073,3302833,268440,265903,13269,279172,3462
2021-03-16,San Francisco,075,870044,34843,34833,1159,35992,456
2021-03-16,San Joaquin,077,732212,68676,66856,2975,69831,1163
2021-03-16,San Luis Obispo,079,281455,20198,19832,602,20434,248
2021-03-16,San Mateo,081,765935,40300,39806,425,40231,344
2021-03-16,Santa Barbara,083,443738,32976,32556,1085,33641,433
2021-03-16,Santa Clara,085,1922200,112855,112845,632,113477,1797
2021-03-16,Santa Cruz,087,273765,15702,14926,800,15726,199
2021-03-16,Shasta,089,179085,11148,11035,1318,12353,100
2021-03-16,Sierra,091,2930,53,49,12,61,0
2021-03-16,Siskiyou,093,43540,1552,1477,252,1729,5
2021-03-16,Solano,095,438530,30425,30298,390,30688,171
2021-03-16,Sonoma,097,501317,28760,28850,245,29095,291
2021-03-16,Stanislaus,099,539301,52184,51410,5527,56937,683
2021-03-16,Sutter,101,95872,8998,8970,82,9052,102
2021-03-16,Tehama,103,63373,4712,4660,503,5163,34
2021-03-16,Trinity,105,12862,472,308,83,391,3
2021-03-16,Tulare,107,460477,49012,47895,8441,56336,803
2021-03-16,Tuolumne,109,53932,3888,3938,36,3974,57
2021-03-16,Ventura,111,848112,79275,78671,2842,81513,916
2021-03-16,Yolo,113,214977,13200,13162,240,13402,190
2021-03-16,Yuba,115,75493,5657,5596,92,5688,42
2021-03-15,Alameda,001,1643700,82719,82159,1771,83930,1167
2021-03-15,Alpine,003,1148,83,82,0,82,0
2021-03-15,Amador,005,37829,3523,3506,32,3538,44
2021-03-15,Butte,007,227075,11551,11141,1642,12783,185
2021-03-15,Calaveras,009,45235,1966,1941,11,1952,49
2021-03-15,Colusa,011,21464,1883,1883,272,2155,12
2021-03-15,Contra Costa,013,1133247,64807,63847,1114,64961,732
2021-03-15,Del Norte,015,27424,1105,1048,5,1053,6
2021-03-15,El Dorado,017,186661,9318,9235,612,9847,103
2021-03-15,Fresno,019,978130,98567,97520,8068,105588,1496
2021-03-15,Glenn,021,27897,2300,2261,511,2772,15
2021-03-15,Humboldt,023,135768,3380,3337,24,3361,32
2021-03-15,Imperial,025,180216,27434,27122,2559,29681,684
2021-03-15,Inyo,027,18085,1360,1346,10,1356,35
2021-03-15,Kern,029,883053,94722,93266,10192,103458,1141
2021-03-15,Kings,031,150075,22631,22294,1008,23302,233
2021-03-15,Lake,033,64148,3291,3237,8,3245,43
2021-03-15,Lassen,035,31185,5136,5125,101,5226,1
2021-03-15,Los Angeles,037,10098052,1182476,1172445,39714,1212159,22477
2021-03-15,Madera,039,155013,15965,15806,872,16678,214
2021-03-15,Marin,041,260295,13496,13408,184,13592,218
2021-03-15,Mariposa,043,17540,384,376,5,381,5
2021-03-15,Mendocino,045,87422,3714,3615,73,3688,44
2021-03-15,Merced,047,269075,29297,29169,964,30133,407
2021-03-15,Modoc,049,8938,350,340,119,459,3
2021-03-15,Mono,051,14174,1208,1206,16,1222,3
2021-03-15,Monterey,053,433212,42314,42011,1745,43756,333
2021-03-15,Napa,055,140530,9241,9196,34,9230,75
2021-03-15,Nevada,057,99092,4180,4123,168,4291,66
2021-03-15,Orange,059,3164182,249651,247697,10549,258246,4481
2021-03-15,Placer,061,380077,21184,20308,1189,21497,238
2021-03-15,Plumas,063,18699,660,642,10,652,4
2021-03-15,Riverside,065,2383286,288178,281367,13608,294975,3856
2021-03-15,Sacramento,067,1510023,96968,95414,1341,96755,1463
2021-03-15,San Benito,069,59416,5820,5831,92,5923,61
2021-03-15,San Bernardino,071,2135413,288085,283815,8670,292485,4004
2021-03-15,San Diego,073,3302833,268191,265646,13253,278899,3452
2021-03-15,San Francisco,075,870044,34808,34820,1155,35975,456
2021-03-15,San Joaquin,077,732212,68572,66622,2962,69584,1140
2021-03-15,San Luis Obispo,079,281455,20167,19813,598,20411,247
2021-03-15,San Mateo,081,765935,40246,39765,425,40190,344
2021-03-15,Santa Barbara,083,443738,32953,32529,1082,33611,431
2021-03-15,Santa Clara,085,1922200,112754,112729,630,113359,1798
2021-03-15,Santa Cruz,087,273765,15696,14899,798,15697,200
2021-03-15,Shasta,089,179085,11132,11019,1313,12332,92
2021-03-15,Sierra,091,2930,53,49,12,61,0
2021-03-15,Siskiyou,093,43540,1552,1475,252,1727,5
2021-03-15,Solano,095,438530,30396,30258,389,30647,171
2021-03-15,Sonoma,097,501317,28742,28814,242,29056,285
2021-03-15,Stanislaus,099,539301,52106,51357,5520,56877,683
2021-03-15,Sutter,101,95872,8992,8962,82,9044,102
2021-03-15,Tehama,103,63373,4697,4650,502,5152,34
2021-03-15,Trinity,105,12862,472,308,83,391,3
2021-03-15,Tulare,107,460477,48982,47857,8426,56283,800
2021-03-15,Tuolumne,109,53932,3886,3937,35,3972,57
2021-03-15,Ventura,111,848112,79219,78626,2841,81467,910
2021-03-15,Yolo,113,214977,13181,13131,238,13369,190
2021-03-15,Yuba,115,75493,5652,5585,91,5676,42
2021-03-14,Alameda,001,1643700,82636,82116,1768,83884,1168
2021-03-14,Alpine,003,1148,83,82,0,82,0
2021-03-14,Amador,005,37829,3518,3504,32,3536,44
2021-03-14,Butte,007,227075,11538,11140,1638,12778,185
2021-03-14,Calaveras,009,45235,1962,1939,11,1950,49
2021-03-14,Colusa,011,21464,1883,1883,272,2155,12
2021-03-14,Contra Costa,013,1133247,64703,63808,1113,64921,731
2021-03-14,Del Norte,015,27424,1091,1048,5,1053,6
2021-03-14,El Dorado,017,186661,9308,9231,612,9843,103
2021-03-14,Fresno,019,978130,98459,97461,8050,105511,1496
2021-03-14,Glenn,021,27897,2295,2260,508,2768,15
2021-03-14,Humboldt,023,135768,3366,3335,24,3359,32
2021-03-14,Imperial,025,180216,27419,27122,2554,29676,685
2021-03-14,Inyo,027,18085,1356,1346,10,1356,35
2021-03-14,Kern,029,883053,94639,93252,10174,103426,1141
2021-03-14,Kings,031,150075,22612,22292,1006,23298,232
2021-03-14,Lake,033,64148,3286,3237,8,3245,43
2021-03-14,Lassen,035,31185,5134,5125,101,5226,1
2021-03-14,Los Angeles,037,10098052,1181906,1172100,39679,1211779,22476
2021-03-14,Madera,039,155013,15940,15804,872,16676,214
2021-03-14,Marin,041,260295,13480,13405,182,13587,218
2021-03-14,Mariposa,043,17540,382,376,5,381,5
2021-03-14,Mendocino,045,87422,3709,3613,73,3686,44
2021-03-14,Merced,047,269075,29229,29149,960,30109,407
2021-03-14,Modoc,049,8938,350,340,119,459,3
2021-03-14,Mono,051,14174,1202,1206,16,1222,3
2021-03-14,Monterey,053,433212,42290,42007,1742,43749,333
2021-03-14,Napa,055,140530,9223,9194,34,9228,75
2021-03-14,Nevada,057,99092,4174,4122,166,4288,66
2021-03-14,Orange,059,3164182,249517,247656,10529,258185,4460
2021-03-14,Placer,061,380077,21149,20288,1181,21469,238
2021-03-14,Plumas,063,18699,658,642,10,652,4
2021-03-14,Riverside,065,2383286,288020,281332,13600,294932,3845
2021-03-14,Sacramento,067,1510023,96790,95343,1336,96679,1462
2021-03-14,San Benito,069,59416,5811,5829,92,5921,61
2021-03-14,San Bernardino,071,2135413,287962,283791,8659,292450,3996
2021-03-14,San Diego,073,3302833,267956,265468,13240,278708,3452
2021-03-14,San Francisco,075,870044,34769,34810,1152,35962,455
2021-03-14,San Joaquin,077,732212,68444,66563,2945,69508,1140
2021-03-14,San Luis Obispo,079,281455,20138,19806,596,20402,247
2021-03-14,San Mateo,081,765935,40207,39744,425,40169,342
2021-03-14,Santa Barbara,083,443738,32909,32514,1080,33594,431
2021-03-14,Santa Clara,085,1922200,112626,112648,629,113277,1796
2021-03-14,Santa Cruz,087,273765,15679,14887,796,15683,200
2021-03-14,Shasta,089,179085,11116,11019,1306,12325,92
2021-03-14,Sierra,091,2930,53,49,12,61,0
2021-03-14,Siskiyou,093,43540,1549,1473,252,1725,5
2021-03-14,Solano,095,438530,30364,30230,384,30614,171
2021-03-14,Sonoma,097,501317,28707,28798,238,29036,284
2021-03-14,Stanislaus,099,539301,51986,51306,5512,56818,690
2021-03-14,Sutter,101,95872,8976,8958,82,9040,102
2021-03-14,Tehama,103,63373,4690,4650,501,5151,34
2021-03-14,Trinity,105,12862,471,308,82,390,3
2021-03-14,Tulare,107,460477,48949,47845,8405,56250,800
2021-03-14,Tuolumne,109,53932,3884,3937,35,3972,57
2021-03-14,Ventura,111,848112,79171,78611,2835,81446,910
2021-03-14,Yolo,113,214977,13158,13128,235,13363,189
2021-03-14,Yuba,115,75493,5642,5583,91,5674,42
2021-03-13,Alameda,001,1643700,82576,82010,1768,83778,1168
2021-03-13,Alpine,003,1148,83,82,0,82,0
2021-03-13,Amador,005,37829,3515,3504,32,3536,44
2021-03-13,Butte,007,227075,11529,11131,1637,12768,185
2021-03-13,Calaveras,009,45235,1961,1939,11,1950,49
2021-03-13,Colusa,011,21464,1883,1882,272,2154,12
2021-03-13,Contra Costa,013,1133247,64642,63689,1113,64802,731
2021-03-13,Del Norte,015,27424,1087,1041,5,1046,6
2021-03-13,El Dorado,017,186661,9300,9221,612,9833,103
2021-03-13,Fresno,019,978130,98400,97324,8030,105354,1495
2021-03-13,Glenn,021,27897,2294,2260,507,2767,15
2021-03-13,Humboldt,023,135768,3359,3325,24,3349,32
2021-03-13,Imperial,025,180216,27413,27099,2550,29649,677
2021-03-13,Inyo,027,18085,1355,1344,10,1354,35
2021-03-13,Kern,029,883053,94600,93197,10168,103365,1140
2021-03-13,Kings,031,150075,22596,22265,1005,23270,232
2021-03-13,Lake,033,64148,3279,3234,7,3241,43
2021-03-13,Lassen,035,31185,5134,5125,101,5226,1
2021-03-13,Los Angeles,037,10098052,1181590,1171505,39636,1211141,22451
2021-03-13,Madera,039,155013,15928,15780,872,16652,214
2021-03-13,Marin,041,260295,13474,13391,180,13571,218
2021-03-13,Mariposa,043,17540,381,376,5,381,5
2021-03-13,Mendocino,045,87422,3705,3611,73,3684,44
2021-03-13,Merced,047,269075,29198,29106,960,30066,406
2021-03-13,Modoc,049,8938,350,340,118,458,3
2021-03-13,Mono,051,14174,1202,1207,16,1223,3
2021-03-13,Monterey,053,433212,42280,41989,1740,43729,332
2021-03-13,Napa,055,140530,9217,9190,34,9224,75
2021-03-13,Nevada,057,99092,4167,4111,165,4276,66
2021-03-13,Orange,059,3164182,249436,247514,10513,258027,4423
2021-03-13,Placer,061,380077,21128,20238,1178,21416,239
2021-03-13,Plumas,063,18699,656,642,10,652,4
2021-03-13,Riverside,065,2383286,287928,281191,13592,294783,3848
2021-03-13,Sacramento,067,1510023,96704,95192,1334,96526,1461
2021-03-13,San Benito,069,59416,5808,5823,92,5915,61
2021-03-13,San Bernardino,071,2135413,287908,283727,8653,292380,3972
2021-03-13,San Diego,073,3302833,267801,265270,13226,278496,3444
2021-03-13,San Francisco,075,870044,34752,34784,1143,35927,455
2021-03-13,San Joaquin,077,732212,68388,66480,2923,69403,1141
2021-03-13,San Luis Obispo,079,281455,20120,19789,595,20384,247
2021-03-13,San Mateo,081,765935,40180,39689,424,40113,341
2021-03-13,Santa Barbara,083,443738,32884,32486,1079,33565,431
2021-03-13,Santa Clara,085,1922200,112541,112531,628,113159,1790
2021-03-13,Santa Cruz,087,273765,15672,14875,796,15671,199
2021-03-13,Shasta,089,179085,11108,11021,1303,12324,108
2021-03-13,Sierra,091,2930,52,49,12,61,0
2021-03-13,Siskiyou,093,43540,1547,1470,252,1722,5
2021-03-13,Solano,095,438530,30347,30198,384,30582,171
2021-03-13,Sonoma,097,501317,28687,28762,234,28996,285
2021-03-13,Stanislaus,099,539301,51935,51257,5507,56764,695
2021-03-13,Sutter,101,95872,8969,8948,82,9030,102
2021-03-13,Tehama,103,63373,4688,4647,501,5148,33
2021-03-13,Trinity,105,12862,471,306,82,388,3
2021-03-13,Tulare,107,460477,48923,47818,8397,56215,798
2021-03-13,Tuolumne,109,53932,3881,3937,35,3972,57
2021-03-13,Ventura,111,848112,79119,78693,2835,81528,906
2021-03-13,Yolo,113,214977,13149,13087,235,13322,189
2021-03-13,Yuba,115,75493,5641,5577,91,5668,42
2021-03-12,Alameda,001,1643700,82499,81898,1767,83665,1164
2021-03-12,Alpine,003,1148,83,82,0,82,0
2021-03-12,Amador,005,37829,3512,3503,32,3535,44
2021-03-12,Butte,007,227075,11519,11126,1635,12761,184
2021-03-12,Calaveras,009,45235,1961,1916,11,1927,49
2021-03-12,Colusa,011,21464,1883,1883,272,2155,12
2021-03-12,Contra Costa,013,1133247,64566,63583,1113,64696,728
2021-03-12,Del Norte,015,27424,1081,1033,5,1038,6
2021-03-12,El Dorado,017,186661,9291,9219,612,9831,103
2021-03-12,Fresno,019,978130,98303,97185,8019,105204,1489
2021-03-12,Glenn,021,27897,2293,2258,506,2764,15
2021-03-12,Humboldt,023,135768,3354,3315,24,3339,32
2021-03-12,Imperial,025,180216,27402,27071,2548,29619,677
2021-03-12,Inyo,027,18085,1353,1339,10,1349,35
2021-03-12,Kern,029,883053,94566,93142,10152,103294,1132
2021-03-12,Kings,031,150075,22577,22233,1005,23238,232
2021-03-12,Lake,033,64148,3273,3226,6,3232,43
2021-03-12,Lassen,035,31185,5134,5125,100,5225,1
2021-03-12,Los Angeles,037,10098052,1181191,1170860,39619,1210479,22409
2021-03-12,Madera,039,155013,15916,15761,869,16630,214
2021-03-12,Marin,041,260295,13467,13375,180,13555,218
2021-03-12,Mariposa,043,17540,379,376,5,381,5
2021-03-12,Mendocino,045,87422,3702,3605,73,3678,43
2021-03-12,Merced,047,269075,29167,29064,960,30024,403
2021-03-12,Modoc,049,8938,350,340,118,458,3
2021-03-12,Mono,051,14174,1201,1206,16,1222,3
2021-03-12,Monterey,053,433212,42266,41964,1735,43699,329
2021-03-12,Napa,055,140530,9208,9180,34,9214,75
2021-03-12,Nevada,057,99092,4157,4101,165,4266,66
2021-03-12,Orange,059,3164182,249343,247388,10502,257890,4401
2021-03-12,Placer,061,380077,21095,20210,1173,21383,239
2021-03-12,Plumas,063,18699,655,641,10,651,4
2021-03-12,Riverside,065,2383286,287829,281037,13584,294621,3854
2021-03-12,Sacramento,067,1510023,96580,95061,1327,96388,1460
2021-03-12,San Benito,069,59416,5805,5817,92,5909,61
2021-03-12,San Bernardino,071,2135413,287852,283558,8648,292206,3917
2021-03-12,San Diego,073,3302833,267638,264886,13218,278104,3434
2021-03-12,San Francisco,075,870044,34731,34758,1140,35898,452
2021-03-12,San Joaquin,077,732212,68317,66482,2914,69396,1144
2021-03-12,San Luis Obispo,079,281455,20107,19769,593,20362,247
2021-03-12,San Mateo,081,765935,40144,39638,422,40060,341
2021-03-12,Santa Barbara,083,443738,32861,32457,1076,33533,429
2021-03-12,Santa Clara,085,1922200,112446,112396,627,113023,1766
2021-03-12,Santa Cruz,087,273765,15660,14846,794,15640,195
2021-03-12,Shasta,089,179085,11099,11143,1301,12444,153
2021-03-12,Sierra,091,2930,52,49,12,61,0
2021-03-12,Siskiyou,093,43540,1547,1468,251,1719,5
2021-03-12,Solano,095,438530,30328,30180,383,30563,171
2021-03-12,Sonoma,097,501317,28660,28714,234,28948,285
2021-03-12,Stanislaus,099,539301,51876,51146,5500,56646,701
2021-03-12,Sutter,101,95872,8963,8940,82,9022,101
2021-03-12,Tehama,103,63373,4684,4638,500,5138,33
2021-03-12,Trinity,105,12862,470,306,81,387,3
2021-03-12,Tulare,107,460477,48898,47772,8391,56163,798
2021-03-12,Tuolumne,109,53932,3880,3936,35,3971,57
2021-03-12,Ventura,111,848112,79073,78698,2831,81529,899
2021-03-12,Yolo,113,214977,13139,13061,228,13289,189
2021-03-12,Yuba,115,75493,5634,5563,90,5653,42
2021-03-11,Alameda,001,1643700,82407,81809,1762,83571,1164
2021-03-11,Alpine,003,1148,83,78,0,78,0
2021-03-11,Amador,005,37829,3511,3498,32,3530,42
2021-03-11,Butte,007,227075,11508,11110,1633,12743,185
2021-03-11,Calaveras,009,45235,1958,1915,11,1926,49
2021-03-11,Colusa,011,21464,1883,1883,272,2155,12
2021-03-11,Contra Costa,013,1133247,64493,63469,1111,64580,728
2021-03-11,Del Norte,015,27424,1076,1027,5,1032,6
2021-03-11,El Dorado,017,186661,9277,9211,612,9823,101
2021-03-11,Fresno,019,978130,98187,97026,7990,105016,1481
2021-03-11,Glenn,021,27897,2290,2255,506,2761,15
2021-03-11,Humboldt,023,135768,3337,3302,24,3326,32
2021-03-11,Imperial,025,180216,27395,27045,2544,29589,675
2021-03-11,Inyo,027,18085,1348,1335,10,1345,35
2021-03-11,Kern,029,883053,94510,93052,10113,103165,1121
2021-03-11,Kings,031,150075,22562,22183,1002,23185,230
2021-03-11,Lake,033,64148,3269,3214,6,3220,42
2021-03-11,Lassen,035,31185,5133,5124,100,5224,1
2021-03-11,Los Angeles,037,10098052,1180659,1170111,39587,1209698,22316
2021-03-11,Madera,039,155013,15905,15725,867,16592,214
2021-03-11,Marin,041,260295,13455,13356,179,13535,217
2021-03-11,Mariposa,043,17540,379,376,5,381,5
2021-03-11,Mendocino,045,87422,3695,3604,73,3677,42
2021-03-11,Merced,047,269075,29119,29001,959,29960,401
2021-03-11,Modoc,049,8938,350,340,118,458,3
2021-03-11,Mono,051,14174,1200,1206,16,1222,3
2021-03-11,Monterey,053,433212,42243,41936,1729,43665,329
2021-03-11,Napa,055,140530,9195,9173,34,9207,75
2021-03-11,Nevada,057,99092,4145,4085,163,4248,66
2021-03-11,Orange,059,3164182,249205,247217,10484,257701,4373
2021-03-11,Placer,061,380077,21053,20178,1169,21347,239
2021-03-11,Plumas,063,18699,654,640,10,650,4
2021-03-11,Riverside,065,2383286,287659,280881,13571,294452,3842
2021-03-11,Sacramento,067,1510023,96439,94912,1324,96236,1455
2021-03-11,San Benito,069,59416,5802,5816,92,5908,61
2021-03-11,San Bernardino,071,2135413,287753,283312,8642,291954,3869
2021-03-11,San Diego,073,3302833,267473,264524,13202,277726,3422
2021-03-11,San Francisco,075,870044,34695,34722,1134,35856,452
2021-03-11,San Joaquin,077,732212,68205,66522,2906,69428,1157
2021-03-11,San Luis Obispo,079,281455,20082,19748,592,20340,247
2021-03-11,San Mateo,081,765935,40107,39590,421,40011,341
2021-03-11,Santa Barbara,083,443738,32833,32408,1071,33479,430
2021-03-11,Santa Clara,085,1922200,112317,112246,624,112870,1765
2021-03-11,Santa Cruz,087,273765,15648,14812,793,15605,193
2021-03-11,Shasta,089,179085,11089,11139,1296,12435,158
2021-03-11,Sierra,091,2930,52,48,12,60,0
2021-03-11,Siskiyou,093,43540,1544,1466,250,1716,5
2021-03-11,Solano,095,438530,30300,30138,382,30520,171
2021-03-11,Sonoma,097,501317,28631,28677,234,28911,285
2021-03-11,Stanislaus,099,539301,51791,51038,5492,56530,707
2021-03-11,Sutter,101,95872,8957,8933,82,9015,101
2021-03-11,Tehama,103,63373,4676,4632,500,5132,33
2021-03-11,Trinity,105,12862,469,304,80,384,3
2021-03-11,Tulare,107,460477,48861,47709,8380,56089,797
2021-03-11,Tuolumne,109,53932,3878,3934,35,3969,57
2021-03-11,Ventura,111,848112,79023,78697,2827,81524,889
2021-03-11,Yolo,113,214977,13121,13041,227,13268,190
2021-03-11,Yuba,115,75493,5630,5553,90,5643,42
2021-03-10,Alameda,001,1643700,82301,81701,1757,83458,1160
2021-03-10,Alpine,003,1148,82,78,0,78,0
2021-03-10,Amador,005,37829,3509,3496,32,3528,42
2021-03-10,Butte,007,227075,11498,11096,1633,12729,185
2021-03-10,Calaveras,009,45235,1952,1913,11,1924,48
2021-03-10,Colusa,011,21464,1883,1882,272,2154,12
2021-03-10,Contra Costa,013,1133247,64393,63372,1107,64479,725
2021-03-10,Del Norte,015,27424,1074,1020,5,1025,5
2021-03-10,El Dorado,017,186661,9264,9203,612,9815,100
2021-03-10,Fresno,019,978130,98080,96866,7974,104840,1471
2021-03-10,Glenn,021,27897,2287,2253,504,2757,15
2021-03-10,Humboldt,023,135768,3327,3296,23,3319,32
2021-03-10,Imperial,025,180216,27380,27051,2544,29595,675
2021-03-10,Inyo,027,18085,1348,1328,10,1338,35
2021-03-10,Kern,029,883053,94444,92965,10092,103057,1102
2021-03-10,Kings,031,150075,22543,22166,1000,23166,226
2021-03-10,Lake,033,64148,3259,3207,6,3213,42
2021-03-10,Lassen,035,31185,5133,5120,100,5220,1
2021-03-10,Los Angeles,037,10098052,1180112,1169079,39560,1208639,22199
2021-03-10,Madera,039,155013,15884,15705,864,16569,212
2021-03-10,Marin,041,260295,13445,13348,178,13526,216
2021-03-10,Mariposa,043,17540,379,376,5,381,5
2021-03-10,Mendocino,045,87422,3690,3602,73,3675,42
2021-03-10,Merced,047,269075,29081,28927,956,29883,401
2021-03-10,Modoc,049,8938,349,338,118,456,3
2021-03-10,Mono,051,14174,1196,1204,16,1220,3
2021-03-10,Monterey,053,433212,42221,41920,1725,43645,329
2021-03-10,Napa,055,140530,9186,9165,34,9199,75
2021-03-10,Nevada,057,99092,4141,4074,163,4237,66
2021-03-10,Orange,059,3164182,249057,247075,10469,257544,4342
2021-03-10,Placer,061,380077,21019,20144,1163,21307,239
2021-03-10,Plumas,063,18699,653,639,10,649,4
2021-03-10,Riverside,065,2383286,287518,280708,13557,294265,3822
2021-03-10,Sacramento,067,1510023,96309,94796,1318,96114,1452
2021-03-10,San Benito,069,59416,5793,5811,92,5903,61
2021-03-10,San Bernardino,071,2135413,287660,283140,8636,291776,3841
2021-03-10,San Diego,073,3302833,267251,264094,13190,277284,3413
2021-03-10,San Francisco,075,870044,34660,34688,1126,35814,450
2021-03-10,San Joaquin,077,732212,68103,66483,2889,69372,1156
2021-03-10,San Luis Obispo,079,281455,20058,19710,588,20298,247
2021-03-10,San Mateo,081,765935,40083,39571,421,39992,338
2021-03-10,Santa Barbara,083,443738,32806,32356,1068,33424,429
2021-03-10,Santa Clara,085,1922200,112208,112103,620,112723,1759
2021-03-10,Santa Cruz,087,273765,15633,14790,792,15582,192
2021-03-10,Shasta,089,179085,11079,11125,1293,12418,155
2021-03-10,Sierra,091,2930,52,48,12,60,0
2021-03-10,Siskiyou,093,43540,1542,1458,250,1708,5
2021-03-10,Solano,095,438530,30270,30111,381,30492,170
2021-03-10,Sonoma,097,501317,28596,28638,233,28871,286
2021-03-10,Stanislaus,099,539301,51704,50968,5473,56441,706
2021-03-10,Sutter,101,95872,8946,8918,82,9000,101
2021-03-10,Tehama,103,63373,4665,4623,499,5122,33
2021-03-10,Trinity,105,12862,469,304,80,384,3
2021-03-10,Tulare,107,460477,48813,47659,8362,56021,793
2021-03-10,Tuolumne,109,53932,3877,3931,35,3966,57
2021-03-10,Ventura,111,848112,78946,78609,2825,81434,878
2021-03-10,Yolo,113,214977,13097,13021,227,13248,189
2021-03-10,Yuba,115,75493,5617,5545,89,5634,42
2021-03-09,Alameda,001,1643700,82216,81618,1757,83375,1151
2021-03-09,Alpine,003,1148,82,78,0,78,0
2021-03-09,Amador,005,37829,3507,3494,32,3526,42
2021-03-09,Butte,007,227075,11485,11092,1632,12724,185
2021-03-09,Calaveras,009,45235,1950,1913,11,1924,48
2021-03-09,Colusa,011,21464,1883,1880,272,2152,11
2021-03-09,Contra Costa,013,1133247,64302,63314,1105,64419,723
2021-03-09,Del Norte,015,27424,1066,1017,5,1022,5
2021-03-09,El Dorado,017,186661,9256,9198,612,9810,98
2021-03-09,Fresno,019,978130,97961,96744,7947,104691,1463
2021-03-09,Glenn,021,27897,2283,2251,502,2753,15
2021-03-09,Humboldt,023,135768,3315,3288,22,3310,32
2021-03-09,Imperial,025,180216,27370,27045,2540,29585,675
2021-03-09,Inyo,027,18085,1346,1324,10,1334,35
2021-03-09,Kern,029,883053,94365,92924,10074,102998,1088
2021-03-09,Kings,031,150075,22518,22143,998,23141,226
2021-03-09,Lake,033,64148,3253,3202,6,3208,42
2021-03-09,Lassen,035,31185,5133,5120,100,5220,1
2021-03-09,Los Angeles,037,10098052,1179514,1167967,39526,1207493,22080
2021-03-09,Madera,039,155013,15873,15701,862,16563,211
2021-03-09,Marin,041,260295,13427,13335,176,13511,214
2021-03-09,Mariposa,043,17540,379,376,5,381,5
2021-03-09,Mendocino,045,87422,3686,3595,73,3668,42
2021-03-09,Merced,047,269075,29021,28876,953,29829,399
2021-03-09,Modoc,049,8938,349,338,117,455,3
2021-03-09,Mono,051,14174,1195,1203,16,1219,3
2021-03-09,Monterey,053,433212,42202,41894,1717,43611,329
2021-03-09,Napa,055,140530,9172,9155,34,9189,75
2021-03-09,Nevada,057,99092,4133,4062,163,4225,66
2021-03-09,Orange,059,3164182,248915,246989,10449,257438,4310
2021-03-09,Placer,061,380077,20977,20122,1158,21280,239
2021-03-09,Plumas,063,18699,650,639,10,649,4
2021-03-09,Riverside,065,2383286,287383,280562,13553,294115,3821
2021-03-09,Sacramento,067,1510023,96142,94720,1312,96032,1442
2021-03-09,San Benito,069,59416,5789,5800,92,5892,61
2021-03-09,San Bernardino,071,2135413,287546,282971,8630,291601,3823
2021-03-09,San Diego,073,3302833,267019,263745,13169,276914,3405
2021-03-09,San Francisco,075,870044,34629,34654,1122,35776,450
2021-03-09,San Joaquin,077,732212,67975,66383,2879,69262,1150
2021-03-09,San Luis Obispo,079,281455,20040,19672,581,20253,245
2021-03-09,San Mateo,081,765935,40036,39535,419,39954,336
2021-03-09,Santa Barbara,083,443738,32765,32314,1066,33380,428
2021-03-09,Santa Clara,085,1922200,112097,111963,615,112578,1756
2021-03-09,Santa Cruz,087,273765,15611,14764,791,15555,188
2021-03-09,Shasta,089,179085,11072,11113,1288,12401,155
2021-03-09,Sierra,091,2930,52,48,12,60,0
2021-03-09,Siskiyou,093,43540,1538,1447,248,1695,5
2021-03-09,Solano,095,438530,30234,30090,379,30469,169
2021-03-09,Sonoma,097,501317,28546,28601,230,28831,284
2021-03-09,Stanislaus,099,539301,51606,50884,5464,56348,703
2021-03-09,Sutter,101,95872,8933,8914,82,8996,101
2021-03-09,Tehama,103,63373,4660,4620,499,5119,33
2021-03-09,Trinity,105,12862,469,304,80,384,3
2021-03-09,Tulare,107,460477,48786,47637,8341,55978,792
2021-03-09,Tuolumne,109,53932,3875,3929,35,3964,56
2021-03-09,Ventura,111,848112,78883,78526,2823,81349,863
2021-03-09,Yolo,113,214977,13085,13015,226,13241,189
2021-03-09,Yuba,115,75493,5610,5539,89,5628,42
2021-03-08,Alameda,001,1643700,82105,81543,1756,83299,1142
2021-03-08,Alpine,003,1148,82,78,0,78,0
2021-03-08,Amador,005,37829,3504,3490,32,3522,42
2021-03-08,Butte,007,227075,11472,11082,1631,12713,185
2021-03-08,Calaveras,009,45235,1946,1909,11,1920,48
2021-03-08,Colusa,011,21464,1883,1877,272,2149,11
2021-03-08,Contra Costa,013,1133247,64206,63240,1105,64345,719
2021-03-08,Del Norte,015,27424,1061,1012,5,1017,5
2021-03-08,El Dorado,017,186661,9253,9188,611,9799,97
2021-03-08,Fresno,019,978130,97862,96665,7926,104591,1442
2021-03-08,Glenn,021,27897,2282,2249,502,2751,15
2021-03-08,Humboldt,023,135768,3301,3278,22,3300,31
2021-03-08,Imperial,025,180216,27362,27033,2537,29570,663
2021-03-08,Inyo,027,18085,1344,1320,10,1330,35
2021-03-08,Kern,029,883053,94298,92857,10054,102911,1087
2021-03-08,Kings,031,150075,22497,22130,996,23126,226
2021-03-08,Lake,033,64148,3241,3195,6,3201,42
2021-03-08,Lassen,035,31185,5133,5119,100,5219,1
2021-03-08,Los Angeles,037,10098052,1178896,1163409,39494,1202903,21868
2021-03-08,Madera,039,155013,15863,15691,860,16551,211
2021-03-08,Marin,041,260295,13407,13328,174,13502,214
2021-03-08,Mariposa,043,17540,379,376,5,381,5
2021-03-08,Mendocino,045,87422,3684,3590,72,3662,42
2021-03-08,Merced,047,269075,28961,28841,952,29793,398
2021-03-08,Modoc,049,8938,349,338,117,455,3
2021-03-08,Mono,051,14174,1194,1200,16,1216,3
2021-03-08,Monterey,053,433212,42181,41863,1716,43579,328
2021-03-08,Napa,055,140530,9169,9146,34,9180,75
2021-03-08,Nevada,057,99092,4125,4059,163,4222,66
2021-03-08,Orange,059,3164182,248742,246900,10417,257317,4243
2021-03-08,Placer,061,380077,20942,20102,1147,21249,239
2021-03-08,Plumas,063,18699,649,635,10,645,4
2021-03-08,Riverside,065,2383286,287231,280463,13543,294006,3783
2021-03-08,Sacramento,067,1510023,95972,94654,1307,95961,1438
2021-03-08,San Benito,069,59416,5786,5797,92,5889,61
2021-03-08,San Bernardino,071,2135413,287436,282894,8623,291517,3811
2021-03-08,San Diego,073,3302833,266778,263272,13154,276426,3390
2021-03-08,San Francisco,075,870044,34603,34634,1118,35752,446
2021-03-08,San Joaquin,077,732212,67858,66307,2870,69177,1139
2021-03-08,San Luis Obispo,079,281455,19997,19656,578,20234,245
2021-03-08,San Mateo,081,765935,39987,39492,417,39909,335
2021-03-08,Santa Barbara,083,443738,32733,32293,1066,33359,427
2021-03-08,Santa Clara,085,1922200,111969,111882,613,112495,1756
2021-03-08,Santa Cruz,087,273765,15591,14729,791,15520,188
2021-03-08,Shasta,089,179085,11064,11088,1283,12371,155
2021-03-08,Sierra,091,2930,52,48,12,60,0
2021-03-08,Siskiyou,093,43540,1537,1440,248,1688,5
2021-03-08,Solano,095,438530,30194,30068,377,30445,169
2021-03-08,Sonoma,097,501317,28502,28571,229,28800,284
2021-03-08,Stanislaus,099,539301,51527,50825,5459,56284,690
2021-03-08,Sutter,101,95872,8930,8905,82,8987,100
2021-03-08,Tehama,103,63373,4656,4615,499,5114,33
2021-03-08,Trinity,105,12862,468,302,80,382,3
2021-03-08,Tulare,107,460477,48744,47587,8316,55903,791
2021-03-08,Tuolumne,109,53932,3874,3921,35,3956,56
2021-03-08,Ventura,111,848112,78810,78526,2815,81341,852
2021-03-08,Yolo,113,214977,13062,13000,225,13225,189
2021-03-08,Yuba,115,75493,5600,5530,89,5619,42
2021-03-07,Alameda,001,1643700,81985,81413,1755,83168,1145
2021-03-07,Alpine,003,1148,82,78,0,78,0
2021-03-07,Amador,005,37829,3501,3489,32,3521,42
2021-03-07,Butte,007,227075,11456,11075,1630,12705,185
2021-03-07,Calaveras,009,45235,1942,1906,11,1917,48
2021-03-07,Colusa,011,21464,1883,1876,272,2148,11
2021-03-07,Contra Costa,013,1133247,64107,63148,1103,64251,719
2021-03-07,Del Norte,015,27424,1056,1010,5,1015,5
2021-03-07,El Dorado,017,186661,9250,9184,610,9794,97
2021-03-07,Fresno,019,978130,97684,96549,7904,104453,1442
2021-03-07,Glenn,021,27897,2280,2244,502,2746,15
2021-03-07,Humboldt,023,135768,3291,3274,22,3296,31
2021-03-07,Imperial,025,180216,27353,27019,2535,29554,658
2021-03-07,Inyo,027,18085,1341,1320,10,1330,35
2021-03-07,Kern,029,883053,94211,92746,10024,102770,1086
2021-03-07,Kings,031,150075,22475,22103,996,23099,224
2021-03-07,Lake,033,64148,3235,3192,6,3198,42
2021-03-07,Lassen,035,31185,5132,5119,100,5219,1
2021-03-07,Los Angeles,037,10098052,1178171,1162749,39458,1202207,21857
2021-03-07,Madera,039,155013,15844,15675,860,16535,211
2021-03-07,Marin,041,260295,13399,13313,172,13485,214
2021-03-07,Mariposa,043,17540,378,376,5,381,5
2021-03-07,Mendocino,045,87422,3680,3581,72,3653,42
2021-03-07,Merced,047,269075,28887,28829,948,29777,399
2021-03-07,Modoc,049,8938,349,338,117,455,3
2021-03-07,Mono,051,14174,1192,1199,16,1215,3
2021-03-07,Monterey,053,433212,42160,41858,1713,43571,328
2021-03-07,Napa,055,140530,9159,9137,34,9171,75
2021-03-07,Nevada,057,99092,4111,4052,162,4214,66
2021-03-07,Orange,059,3164182,248550,246771,10389,257160,4218
2021-03-07,Placer,061,380077,20901,20070,1143,21213,239
2021-03-07,Plumas,063,18699,648,635,10,645,4
2021-03-07,Riverside,065,2383286,287082,280379,13534,293913,3779
2021-03-07,Sacramento,067,1510023,95795,94513,1300,95813,1437
2021-03-07,San Benito,069,59416,5779,5795,92,5887,61
2021-03-07,San Bernardino,071,2135413,287285,282860,8618,291478,3810
2021-03-07,San Diego,073,3302833,266497,262965,13130,276095,3390
2021-03-07,San Francisco,075,870044,34569,34594,1113,35707,445
2021-03-07,San Joaquin,077,732212,67722,66252,2856,69108,1139
2021-03-07,San Luis Obispo,079,281455,19960,19614,576,20190,245
2021-03-07,San Mateo,081,765935,39947,39436,414,39850,329
2021-03-07,Santa Barbara,083,443738,32686,32218,1065,33283,425
2021-03-07,Santa Clara,085,1922200,111824,111745,609,112354,1752
2021-03-07,Santa Cruz,087,273765,15569,14715,790,15505,189
2021-03-07,Shasta,089,179085,11051,11083,1275,12358,156
2021-03-07,Sierra,091,2930,51,48,12,60,0
2021-03-07,Siskiyou,093,43540,1536,1435,244,1679,5
2021-03-07,Solano,095,438530,30157,30027,377,30404,169
2021-03-07,Sonoma,097,501317,28453,28533,227,28760,284
2021-03-07,Stanislaus,099,539301,51395,50783,5442,56225,699
2021-03-07,Sutter,101,95872,8920,8900,82,8982,100
2021-03-07,Tehama,103,63373,4649,4614,498,5112,33
2021-03-07,Trinity,105,12862,468,302,80,382,3
2021-03-07,Tulare,107,460477,48685,47569,8285,55854,790
2021-03-07,Tuolumne,109,53932,3873,3922,34,3956,56
2021-03-07,Ventura,111,848112,78718,78487,2813,81300,851
2021-03-07,Yolo,113,214977,13043,12988,225,13213,189
2021-03-07,Yuba,115,75493,5595,5516,89,5605,42
2021-03-06,Alameda,001,1643700,81927,81310,1754,83064,1143
2021-03-06,Alpine,003,1148,82,78,0,78,0
2021-03-06,Amador,005,37829,3497,3487,32,3519,42
2021-03-06,Butte,007,227075,11451,11065,1629,12694,185
2021-03-06,Calaveras,009,45235,1938,1904,11,1915,48
2021-03-06,Colusa,011,21464,1881,1874,272,2146,11
2021-03-06,Contra Costa,013,1133247,64046,63040,1099,64139,719
2021-03-06,Del Norte,015,27424,1051,1000,5,1005,5
2021-03-06,El Dorado,017,186661,9246,9166,610,9776,97
2021-03-06,Fresno,019,978130,97589,96366,7893,104259,1440
2021-03-06,Glenn,021,27897,2280,2241,502,2743,15
2021-03-06,Humboldt,023,135768,3281,3260,22,3282,31
2021-03-06,Imperial,025,180216,27348,27009,2530,29539,658
2021-03-06,Inyo,027,18085,1338,1312,10,1322,35
2021-03-06,Kern,029,883053,94165,92684,10004,102688,1082
2021-03-06,Kings,031,150075,22460,22094,996,23090,224
2021-03-06,Lake,033,64148,3233,3189,6,3195,42
2021-03-06,Lassen,035,31185,5132,5119,100,5219,1
2021-03-06,Los Angeles,037,10098052,1177732,1161745,39429,1201174,21843
2021-03-06,Madera,039,155013,15835,15646,858,16504,211
2021-03-06,Marin,041,260295,13390,13289,172,13461,213
2021-03-06,Mariposa,043,17540,378,376,5,381,5
2021-03-06,Mendocino,045,87422,3678,3579,72,3651,42
2021-03-06,Merced,047,269075,28845,28771,948,29719,399
2021-03-06,Modoc,049,8938,348,338,117,455,3
2021-03-06,Mono,051,14174,1191,1198,16,1214,3
2021-03-06,Monterey,053,433212,42155,41838,1710,43548,327
2021-03-06,Napa,055,140530,9151,9129,34,9163,75
2021-03-06,Nevada,057,99092,4105,4044,162,4206,66
2021-03-06,Orange,059,3164182,248457,246634,10375,257009,4165
2021-03-06,Placer,061,380077,20878,20030,1141,21171,239
2021-03-06,Plumas,063,18699,648,634,10,644,4
2021-03-06,Riverside,065,2383286,286989,280225,13526,293751,3781
2021-03-06,Sacramento,067,1510023,95707,94332,1291,95623,1436
2021-03-06,San Benito,069,59416,5774,5793,92,5885,61
2021-03-06,San Bernardino,071,2135413,287201,282737,8616,291353,3791
2021-03-06,San Diego,073,3302833,266310,262778,13113,275891,3385
2021-03-06,San Francisco,075,870044,34538,34560,1109,35669,435
2021-03-06,San Joaquin,077,732212,67648,66162,2846,69008,1138
2021-03-06,San Luis Obispo,079,281455,19940,19592,574,20166,245
2021-03-06,San Mateo,081,765935,39922,39384,414,39798,329
2021-03-06,Santa Barbara,083,443738,32655,32176,1064,33240,424
2021-03-06,Santa Clara,085,1922200,111729,111570,606,112176,1749
2021-03-06,Santa Cruz,087,273765,15558,14701,790,15491,188
2021-03-06,Shasta,089,179085,11042,11076,1273,12349,158
2021-03-06,Sierra,091,2930,51,48,12,60,0
2021-03-06,Siskiyou,093,43540,1534,1432,244,1676,5
2021-03-06,Solano,095,438530,30128,30000,376,30376,169
2021-03-06,Sonoma,097,501317,28430,28484,225,28709,284
2021-03-06,Stanislaus,099,539301,51325,50691,5436,56127,711
2021-03-06,Sutter,101,95872,8914,8887,82,8969,100
2021-03-06,Tehama,103,63373,4647,4610,495,5105,33
2021-03-06,Trinity,105,12862,468,302,80,382,3
2021-03-06,Tulare,107,460477,48653,47515,8257,55772,789
2021-03-06,Tuolumne,109,53932,3871,3920,34,3954,56
2021-03-06,Ventura,111,848112,78662,78439,2812,81251,848
2021-03-06,Yolo,113,214977,13037,12951,225,13176,189
2021-03-06,Yuba,115,75493,5586,5504,89,5593,42
2021-03-05,Alameda,001,1643700,81841,81215,1752,82967,1141
2021-03-05,Alpine,003,1148,82,78,0,78,0
2021-03-05,Amador,005,37829,3496,3484,32,3516,42
2021-03-05,Butte,007,227075,11440,11050,1628,12678,185
2021-03-05,Calaveras,009,45235,1935,1902,11,1913,48
2021-03-05,Colusa,011,21464,1881,1874,272,2146,11
2021-03-05,Contra Costa,013,1133247,63966,62886,1096,63982,711
2021-03-05,Del Norte,015,27424,1047,995,5,1000,5
2021-03-05,El Dorado,017,186661,9241,9150,609,9759,97
2021-03-05,Fresno,019,978130,97481,96184,7874,104058,1432
2021-03-05,Glenn,021,27897,2277,2241,501,2742,15
2021-03-05,Humboldt,023,135768,3274,3234,22,3256,31
2021-03-05,Imperial,025,180216,27338,26970,2521,29491,651
2021-03-05,Inyo,027,18085,1334,1309,10,1319,35
2021-03-05,Kern,029,883053,94125,92601,9991,102592,1076
2021-03-05,Kings,031,150075,22442,22063,995,23058,224
2021-03-05,Lake,033,64148,3231,3185,6,3191,42
2021-03-05,Lassen,035,31185,5132,5117,98,5215,1
2021-03-05,Los Angeles,037,10098052,1177240,1160688,39400,1200088,21745
2021-03-05,Madera,039,155013,15825,15624,856,16480,211
2021-03-05,Marin,041,260295,13378,13275,171,13446,215
2021-03-05,Mariposa,043,17540,378,375,5,380,4
2021-03-05,Mendocino,045,87422,3675,3577,72,3649,42
2021-03-05,Merced,047,269075,28812,28734,947,29681,399
2021-03-05,Modoc,049,8938,348,337,117,454,3
2021-03-05,Mono,051,14174,1190,1197,16,1213,3
2021-03-05,Monterey,053,433212,42142,41802,1710,43512,325
2021-03-05,Napa,055,140530,9143,9109,34,9143,75
2021-03-05,Nevada,057,99092,4101,4033,162,4195,66
2021-03-05,Orange,059,3164182,248344,246489,10362,256851,4108
2021-03-05,Placer,061,380077,20852,19973,1137,21110,239
2021-03-05,Plumas,063,18699,648,635,10,645,4
2021-03-05,Riverside,065,2383286,286877,280075,13521,293596,3781
2021-03-05,Sacramento,067,1510023,95611,94182,1284,95466,1430
2021-03-05,San Benito,069,59416,5771,5790,92,5882,61
2021-03-05,San Bernardino,071,2135413,287108,282640,8612,291252,3774
2021-03-05,San Diego,073,3302833,266077,262357,13096,275453,3371
2021-03-05,San Francisco,075,870044,34498,34526,1105,35631,430
2021-03-05,San Joaquin,077,732212,67568,66041,2837,68878,1133
2021-03-05,San Luis Obispo,079,281455,19919,19557,572,20129,244
2021-03-05,San Mateo,081,765935,39890,39305,414,39719,326
2021-03-05,Santa Barbara,083,443738,32618,32139,1059,33198,424
2021-03-05,Santa Clara,085,1922200,111634,111384,606,111990,1745
2021-03-05,Santa Cruz,087,273765,15547,14694,790,15484,188
2021-03-05,Shasta,089,179085,11030,11062,1267,12329,148
2021-03-05,Sierra,091,2930,51,48,12,60,0
2021-03-05,Siskiyou,093,43540,1529,1429,243,1672,5
2021-03-05,Solano,095,438530,30111,29951,374,30325,168
2021-03-05,Sonoma,097,501317,28404,28417,225,28642,279
2021-03-05,Stanislaus,099,539301,51274,50606,5426,56032,721
2021-03-05,Sutter,101,95872,8907,8876,82,8958,100
2021-03-05,Tehama,103,63373,4638,4606,495,5101,33
2021-03-05,Trinity,105,12862,468,302,80,382,3
2021-03-05,Tulare,107,460477,48624,47469,8238,55707,789
2021-03-05,Tuolumne,109,53932,3869,3917,34,3951,56
2021-03-05,Ventura,111,848112,78595,78368,2811,81179,839
2021-03-05,Yolo,113,214977,13025,12920,224,13144,188
2021-03-05,Yuba,115,75493,5574,5496,89,5585,42
2021-03-04,Alameda,001,1643700,81731,81115,1752,82867,1136
2021-03-04,Alpine,003,1148,82,78,0,78,0
2021-03-04,Amador,005,37829,3495,3480,32,3512,42
2021-03-04,Butte,007,227075,11433,11033,1627,12660,185
2021-03-04,Calaveras,009,45235,1934,1896,11,1907,48
2021-03-04,Colusa,011,21464,1879,1873,267,2140,11
2021-03-04,Contra Costa,013,1133247,63866,62789,1094,63883,708
2021-03-04,Del Norte,015,27424,1039,989,5,994,5
2021-03-04,El Dorado,017,186661,9226,9133,609,9742,97
2021-03-04,Fresno,019,978130,97317,96023,7854,103877,1422
2021-03-04,Glenn,021,27897,2270,2236,500,2736,15
2021-03-04,Humboldt,023,135768,3260,3212,22,3234,31
2021-03-04,Imperial,025,180216,27325,26946,2518,29464,646
2021-03-04,Inyo,027,18085,1331,1300,10,1310,35
2021-03-04,Kern,029,883053,94036,92525,9972,102497,1070
2021-03-04,Kings,031,150075,22416,22025,992,23017,224
2021-03-04,Lake,033,64148,3223,3181,6,3187,42
2021-03-04,Lassen,035,31185,5132,5116,98,5214,1
2021-03-04,Los Angeles,037,10098052,1176630,1159405,39351,1198756,21610
2021-03-04,Madera,039,155013,15790,15596,853,16449,208
2021-03-04,Marin,041,260295,13362,13240,168,13408,215
2021-03-04,Mariposa,043,17540,378,376,5,381,4
2021-03-04,Mendocino,045,87422,3672,3569,72,3641,42
2021-03-04,Merced,047,269075,28761,28671,945,29616,396
2021-03-04,Modoc,049,8938,347,336,117,453,3
2021-03-04,Mono,051,14174,1190,1197,16,1213,3
2021-03-04,Monterey,053,433212,42122,41771,1708,43479,325
2021-03-04,Napa,055,140530,9135,9094,34,9128,74
2021-03-04,Nevada,057,99092,4091,4020,162,4182,66
2021-03-04,Orange,059,3164182,248187,246354,10345,256699,4096
2021-03-04,Placer,061,380077,20820,19900,1131,21031,239
2021-03-04,Plumas,063,18699,648,634,10,644,4
2021-03-04,Riverside,065,2383286,286747,279871,13508,293379,3766
2021-03-04,Sacramento,067,1510023,95476,93982,1281,95263,1426
2021-03-04,San Benito,069,59416,5771,5781,92,5873,61
2021-03-04,San Bernardino,071,2135413,286978,282407,8608,291015,3757
2021-03-04,San Diego,073,3302833,265816,261858,13052,274910,3359
2021-03-04,San Francisco,075,870044,34463,34480,1102,35582,426
2021-03-04,San Joaquin,077,732212,67474,65931,2827,68758,1129
2021-03-04,San Luis Obispo,079,281455,19882,19520,570,20090,243
2021-03-04,San Mateo,081,765935,39846,39225,413,39638,322
2021-03-04,Santa Barbara,083,443738,32581,32090,1058,33148,423
2021-03-04,Santa Clara,085,1922200,111500,111194,604,111798,1723
2021-03-04,Santa Cruz,087,273765,15528,14669,790,15459,186
2021-03-04,Shasta,089,179085,11027,11050,1258,12308,150
2021-03-04,Sierra,091,2930,51,48,12,60,0
2021-03-04,Siskiyou,093,43540,1522,1427,243,1670,5
2021-03-04,Solano,095,438530,30084,29905,373,30278,168
2021-03-04,Sonoma,097,501317,28349,28379,224,28603,279
2021-03-04,Stanislaus,099,539301,51187,50521,5418,55939,731
2021-03-04,Sutter,101,95872,8895,8849,82,8931,100
2021-03-04,Tehama,103,63373,4630,4604,495,5099,33
2021-03-04,Trinity,105,12862,468,302,80,382,3
2021-03-04,Tulare,107,460477,48579,47398,8213,55611,784
2021-03-04,Tuolumne,109,53932,3863,3916,34,3950,56
2021-03-04,Ventura,111,848112,78505,78184,2808,80992,831
2021-03-04,Yolo,113,214977,13005,12895,224,13119,189
2021-03-04,Yuba,115,75493,5562,5483,89,5572,41
2021-03-03,Alameda,001,1643700,81610,80972,1751,82723,1127
2021-03-03,Alpine,003,1148,82,77,0,77,0
2021-03-03,Amador,005,37829,3493,3478,31,3509,42
2021-03-03,Butte,007,227075,11425,11014,1626,12640,184
2021-03-03,Calaveras,009,45235,1933,1893,11,1904,48
2021-03-03,Colusa,011,21464,1878,1873,267,2140,11
2021-03-03,Contra Costa,013,1133247,63768,62668,1091,63759,708
2021-03-03,Del Norte,015,27424,1036,988,5,993,5
2021-03-03,El Dorado,017,186661,9216,9121,609,9730,97
2021-03-03,Fresno,019,978130,97173,95893,7836,103729,1415
2021-03-03,Glenn,021,27897,2270,2233,500,2733,15
2021-03-03,Humboldt,023,135768,3249,3196,22,3218,30
2021-03-03,Imperial,025,180216,27309,26939,2514,29453,640
2021-03-03,Inyo,027,18085,1323,1294,10,1304,35
2021-03-03,Kern,029,883053,93960,92434,9955,102389,1063
2021-03-03,Kings,031,150075,22400,22009,991,23000,223
2021-03-03,Lake,033,64148,3216,3175,6,3181,40
2021-03-03,Lassen,035,31185,5132,5115,98,5213,1
2021-03-03,Los Angeles,037,10098052,1175989,1157911,39311,1197222,21500
2021-03-03,Madera,039,155013,15771,15553,847,16400,203
2021-03-03,Marin,041,260295,13348,13216,168,13384,214
2021-03-03,Mariposa,043,17540,377,376,5,381,4
2021-03-03,Mendocino,045,87422,3664,3564,72,3636,42
2021-03-03,Merced,047,269075,28709,28625,945,29570,393
2021-03-03,Modoc,049,8938,347,333,116,449,3
2021-03-03,Mono,051,14174,1190,1191,16,1207,3
2021-03-03,Monterey,053,433212,42090,41731,1705,43436,325
2021-03-03,Napa,055,140530,9127,9090,34,9124,72
2021-03-03,Nevada,057,99092,4081,4009,162,4171,66
2021-03-03,Orange,059,3164182,248042,246120,10329,256449,4072
2021-03-03,Placer,061,380077,20794,19851,1128,20979,239
2021-03-03,Plumas,063,18699,647,631,10,641,4
2021-03-03,Riverside,065,2383286,286614,279626,13502,293128,3735
2021-03-03,Sacramento,067,1510023,95315,93819,1273,95092,1419
2021-03-03,San Benito,069,59416,5770,5774,92,5866,61
2021-03-03,San Bernardino,071,2135413,286837,282138,8602,290740,3664
2021-03-03,San Diego,073,3302833,265552,261350,13021,274371,3342
2021-03-03,San Francisco,075,870044,34431,34443,1099,35542,426
2021-03-03,San Joaquin,077,732212,67361,65855,2820,68675,1115
2021-03-03,San Luis Obispo,079,281455,19856,19479,567,20046,241
2021-03-03,San Mateo,081,765935,39800,39189,412,39601,319
2021-03-03,Santa Barbara,083,443738,32543,32027,1058,33085,421
2021-03-03,Santa Clara,085,1922200,111346,110991,602,111593,1720
2021-03-03,Santa Cruz,087,273765,15517,14645,790,15435,185
2021-03-03,Shasta,089,179085,11017,11023,1251,12274,150
2021-03-03,Sierra,091,2930,51,48,12,60,0
2021-03-03,Siskiyou,093,43540,1520,1424,243,1667,5
2021-03-03,Solano,095,438530,30048,29866,372,30238,167
2021-03-03,Sonoma,097,501317,28310,28307,223,28530,279
2021-03-03,Stanislaus,099,539301,51109,50438,5411,55849,730
2021-03-03,Sutter,101,95872,8887,8840,82,8922,99
2021-03-03,Tehama,103,63373,4628,4601,495,5096,32
2021-03-03,Trinity,105,12862,468,302,80,382,3
2021-03-03,Tulare,107,460477,48528,47348,8182,55530,778
2021-03-03,Tuolumne,109,53932,3861,3914,33,3947,56
2021-03-03,Ventura,111,848112,78421,78057,2803,80860,822
2021-03-03,Yolo,113,214977,12992,12890,224,13114,189
2021-03-03,Yuba,115,75493,5549,5479,89,5568,41
2021-03-02,Alameda,001,1643700,81489,80904,1749,82653,1116
2021-03-02,Alpine,003,1148,82,77,0,77,0
2021-03-02,Amador,005,37829,3491,3474,31,3505,42
2021-03-02,Butte,007,227075,11415,11007,1623,12630,182
2021-03-02,Calaveras,009,45235,1925,1890,11,1901,48
2021-03-02,Colusa,011,21464,1878,1872,266,2138,11
2021-03-02,Contra Costa,013,1133247,63657,62557,1087,63644,694
2021-03-02,Del Norte,015,27424,1029,983,5,988,5
2021-03-02,El Dorado,017,186661,9208,9116,609,9725,98
2021-03-02,Fresno,019,978130,97027,95785,7810,103595,1410
2021-03-02,Glenn,021,27897,2264,2232,499,2731,15
2021-03-02,Humboldt,023,135768,3230,3184,22,3206,30
2021-03-02,Imperial,025,180216,27299,26926,2512,29438,637
2021-03-02,Inyo,027,18085,1319,1292,10,1302,35
2021-03-02,Kern,029,883053,93854,92313,9928,102241,1046
2021-03-02,Kings,031,150075,22348,21999,988,22987,217
2021-03-02,Lake,033,64148,3210,3169,6,3175,40
2021-03-02,Lassen,035,31185,5127,5115,97,5212,1
2021-03-02,Los Angeles,037,10098052,1175354,1156826,39265,1196091,21395
2021-03-02,Madera,039,155013,15751,15523,844,16367,194
2021-03-02,Marin,041,260295,13325,13186,167,13353,214
2021-03-02,Mariposa,043,17540,377,376,5,381,4
2021-03-02,Mendocino,045,87422,3661,3562,71,3633,41
2021-03-02,Merced,047,269075,28652,28598,945,29543,389
2021-03-02,Modoc,049,8938,347,332,116,448,3
2021-03-02,Mono,051,14174,1189,1191,16,1207,3
2021-03-02,Monterey,053,433212,42063,41716,1705,43421,325
2021-03-02,Napa,055,140530,9116,9080,34,9114,71
2021-03-02,Nevada,057,99092,4072,3983,161,4144,66
2021-03-02,Orange,059,3164182,247897,246004,10311,256315,4037
2021-03-02,Placer,061,380077,20741,19828,1125,20953,239
2021-03-02,Plumas,063,18699,644,628,10,638,4
2021-03-02,Riverside,065,2383286,286441,279486,13494,292980,3721
2021-03-02,Sacramento,067,1510023,95148,93690,1272,94962,1411
2021-03-02,San Benito,069,59416,5763,5770,92,5862,60
2021-03-02,San Bernardino,071,2135413,286703,281919,8596,290515,3604
2021-03-02,San Diego,073,3302833,265308,260998,12999,273997,3317
2021-03-02,San Francisco,075,870044,34391,34387,1095,35482,424
2021-03-02,San Joaquin,077,732212,67253,65769,2802,68571,1111
2021-03-02,San Luis Obispo,079,281455,19824,19452,567,20019,241
2021-03-02,San Mateo,081,765935,39748,39148,411,39559,317
2021-03-02,Santa Barbara,083,443738,32494,31964,1054,33018,416
2021-03-02,Santa Clara,085,1922200,111167,110832,601,111433,1706
2021-03-02,Santa Cruz,087,273765,15503,14611,788,15399,185
2021-03-02,Shasta,089,179085,11003,11012,1240,12252,149
2021-03-02,Sierra,091,2930,51,48,12,60,0
2021-03-02,Siskiyou,093,43540,1516,1412,241,1653,5
2021-03-02,Solano,095,438530,30015,29827,370,30197,167
2021-03-02,Sonoma,097,501317,28255,28261,223,28484,279
2021-03-02,Stanislaus,099,539301,51022,50359,5399,55758,724
2021-03-02,Sutter,101,95872,8878,8832,82,8914,99
2021-03-02,Tehama,103,63373,4624,4597,494,5091,32
2021-03-02,Trinity,105,12862,468,301,80,381,3
2021-03-02,Tulare,107,460477,48465,47326,8162,55488,783
2021-03-02,Tuolumne,109,53932,3857,3908,33,3941,53
2021-03-02,Ventura,111,848112,78328,77952,2799,80751,780
2021-03-02,Yolo,113,214977,12976,12867,224,13091,189
2021-03-02,Yuba,115,75493,5541,5475,89,5564,41
2021-03-01,Alameda,001,1643700,81362,80805,1747,82552,1105
2021-03-01,Alpine,003,1148,80,77,0,77,0
2021-03-01,Amador,005,37829,3488,3469,31,3500,42
2021-03-01,Butte,007,227075,11400,10981,1618,12599,180
2021-03-01,Calaveras,009,45235,1920,1885,11,1896,46
2021-03-01,Colusa,011,21464,1877,1871,266,2137,11
2021-03-01,Contra Costa,013,1133247,63548,62458,1086,63544,694
2021-03-01,Del Norte,015,27424,1024,982,5,987,5
2021-03-01,El Dorado,017,186661,9184,9085,609,9694,98
2021-03-01,Fresno,019,978130,96889,95677,7787,103464,1405
2021-03-01,Glenn,021,27897,2259,2232,498,2730,15
2021-03-01,Humboldt,023,135768,3211,3179,22,3201,30
2021-03-01,Imperial,025,180216,27289,26913,2504,29417,636
2021-03-01,Inyo,027,18085,1316,1285,10,1295,35
2021-03-01,Kern,029,883053,93765,92219,9902,102121,1041
2021-03-01,Kings,031,150075,22331,21988,982,22970,217
2021-03-01,Lake,033,64148,3205,3164,6,3170,40
2021-03-01,Lassen,035,31185,5125,5111,97,5208,1
2021-03-01,Los Angeles,037,10098052,1174696,1155984,39223,1195207,21293
2021-03-01,Madera,039,155013,15722,15505,833,16338,194
2021-03-01,Marin,041,260295,13297,13161,166,13327,214
2021-03-01,Mariposa,043,17540,377,375,5,380,4
2021-03-01,Mendocino,045,87422,3654,3561,71,3632,41
2021-03-01,Merced,047,269075,28607,28575,941,29516,385
2021-03-01,Modoc,049,8938,344,331,115,446,3
2021-03-01,Mono,051,14174,1188,1192,16,1208,3
2021-03-01,Monterey,053,433212,42038,41697,1703,43400,324
2021-03-01,Napa,055,140530,9107,9056,34,9090,70
2021-03-01,Nevada,057,99092,4053,3979,161,4140,66
2021-03-01,Orange,059,3164182,247702,245852,10296,256148,3976
2021-03-01,Placer,061,380077,20702,19803,1122,20925,239
2021-03-01,Plumas,063,18699,644,628,10,638,4
2021-03-01,Riverside,065,2383286,286224,279323,13487,292810,3680
2021-03-01,Sacramento,067,1510023,95003,93546,1270,94816,1401
2021-03-01,San Benito,069,59416,5758,5772,92,5864,57
2021-03-01,San Bernardino,071,2135413,286560,281685,8592,290277,3603
2021-03-01,San Diego,073,3302833,264991,260622,12966,273588,3303
2021-03-01,San Francisco,075,870044,34347,34318,1087,35405,424
2021-03-01,San Joaquin,077,732212,67144,65699,2791,68490,1097
2021-03-01,San Luis Obispo,079,281455,19802,19429,565,19994,239
2021-03-01,San Mateo,081,765935,39696,39096,410,39506,314
2021-03-01,Santa Barbara,083,443738,32451,31909,1053,32962,413
2021-03-01,Santa Clara,085,1922200,111008,110684,598,111282,1704
2021-03-01,Santa Cruz,087,273765,15484,14575,787,15362,185
2021-03-01,Shasta,089,179085,10991,10990,1237,12227,149
2021-03-01,Sierra,091,2930,51,48,12,60,0
2021-03-01,Siskiyou,093,43540,1512,1408,239,1647,5
2021-03-01,Solano,095,438530,29972,29779,369,30148,166
2021-03-01,Sonoma,097,501317,28207,28222,221,28443,278
2021-03-01,Stanislaus,099,539301,50946,50293,5393,55686,722
2021-03-01,Sutter,101,95872,8867,8825,82,8907,99
2021-03-01,Tehama,103,63373,4618,4595,494,5089,32
2021-03-01,Trinity,105,12862,468,298,79,377,3
2021-03-01,Tulare,107,460477,48427,47275,8129,55404,781
2021-03-01,Tuolumne,109,53932,3854,3907,33,3940,53
2021-03-01,Ventura,111,848112,78247,77849,2797,80646,775
2021-03-01,Yolo,113,214977,12959,12854,222,13076,188
2021-03-01,Yuba,115,75493,5529,5466,89,5555,41
2021-02-28,Alameda,001,1643700,81241,80727,1745,82472,1105
2021-02-28,Alpine,003,1148,80,77,0,77,0
2021-02-28,Amador,005,37829,3483,3466,30,3496,42
2021-02-28,Butte,007,227075,11385,10970,1618,12588,180
2021-02-28,Calaveras,009,45235,1916,1881,11,1892,46
2021-02-28,Colusa,011,21464,1877,1871,265,2136,11
2021-02-28,Contra Costa,013,1133247,63421,62386,1081,63467,694
2021-02-28,Del Norte,015,27424,1022,981,5,986,5
2021-02-28,El Dorado,017,186661,9173,9082,609,9691,98
2021-02-28,Fresno,019,978130,96707,95548,7753,103301,1405
2021-02-28,Glenn,021,27897,2257,2230,496,2726,15
2021-02-28,Humboldt,023,135768,3188,3179,22,3201,30
2021-02-28,Imperial,025,180216,27263,26909,2500,29409,636
2021-02-28,Inyo,027,18085,1311,1282,10,1292,35
2021-02-28,Kern,029,883053,93650,92169,9881,102050,1012
2021-02-28,Kings,031,150075,22310,21967,981,22948,217
2021-02-28,Lake,033,64148,3200,3164,6,3170,40
2021-02-28,Lassen,035,31185,5124,5106,97,5203,1
2021-02-28,Los Angeles,037,10098052,1173909,1155141,39161,1194302,21261
2021-02-28,Madera,039,155013,15680,15496,830,16326,199
2021-02-28,Marin,041,260295,13274,13152,164,13316,214
2021-02-28,Mariposa,043,17540,377,374,5,379,4
2021-02-28,Mendocino,045,87422,3648,3558,71,3629,41
2021-02-28,Merced,047,269075,28544,28546,940,29486,384
2021-02-28,Modoc,049,8938,344,331,115,446,3
2021-02-28,Mono,051,14174,1185,1192,16,1208,3
2021-02-28,Monterey,053,433212,42006,41683,1701,43384,323
2021-02-28,Napa,055,140530,9088,9053,34,9087,70
2021-02-28,Nevada,057,99092,4040,3972,161,4133,66
2021-02-28,Orange,059,3164182,247504,245706,10289,255995,3970
2021-02-28,Placer,061,380077,20656,19775,1120,20895,239
2021-02-28,Plumas,063,18699,644,628,10,638,4
2021-02-28,Riverside,065,2383286,285991,279214,13476,292690,3661
2021-02-28,Sacramento,067,1510023,94819,93463,1265,94728,1398
2021-02-28,San Benito,069,59416,5747,5772,92,5864,57
2021-02-28,San Bernardino,071,2135413,286419,281620,8580,290200,3595
2021-02-28,San Diego,073,3302833,264694,260353,12932,273285,3303
2021-02-28,San Francisco,075,870044,34305,34291,1081,35372,417
2021-02-28,San Joaquin,077,732212,67036,65662,2782,68444,1097
2021-02-28,San Luis Obispo,079,281455,19766,19422,563,19985,237
2021-02-28,San Mateo,081,765935,39643,39059,409,39468,314
2021-02-28,Santa Barbara,083,443738,32399,31877,1053,32930,413
2021-02-28,Santa Clara,085,1922200,110809,110556,595,111151,1704
2021-02-28,Santa Cruz,087,273765,15455,14571,784,15355,185
2021-02-28,Shasta,089,179085,10970,10990,1233,12223,149
2021-02-28,Sierra,091,2930,51,48,12,60,0
2021-02-28,Siskiyou,093,43540,1504,1408,239,1647,5
2021-02-28,Solano,095,438530,29917,29758,363,30121,166
2021-02-28,Sonoma,097,501317,28144,28193,220,28413,279
2021-02-28,Stanislaus,099,539301,50856,50228,5380,55608,728
2021-02-28,Sutter,101,95872,8852,8825,82,8907,99
2021-02-28,Tehama,103,63373,4613,4590,494,5084,32
2021-02-28,Trinity,105,12862,468,298,79,377,3
2021-02-28,Tulare,107,460477,48365,47258,8098,55356,780
2021-02-28,Tuolumne,109,53932,3849,3905,33,3938,53
2021-02-28,Ventura,111,848112,78135,77749,2794,80543,775
2021-02-28,Yolo,113,214977,12936,12851,222,13073,188
2021-02-28,Yuba,115,75493,5519,5461,89,5550,41
2021-02-27,Alameda,001,1643700,81168,80565,1743,82308,1108
2021-02-27,Alpine,003,1148,80,77,0,77,0
2021-02-27,Amador,005,37829,3481,3463,30,3493,42
2021-02-27,Butte,007,227075,11373,10962,1618,12580,180
2021-02-27,Calaveras,009,45235,1911,1875,11,1886,46
2021-02-27,Colusa,011,21464,1876,1869,265,2134,11
2021-02-27,Contra Costa,013,1133247,63351,62248,1078,63326,693
2021-02-27,Del Norte,015,27424,1020,978,5,983,5
2021-02-27,El Dorado,017,186661,9169,9072,609,9681,98
2021-02-27,Fresno,019,978130,96630,95393,7742,103135,1400
2021-02-27,Glenn,021,27897,2256,2225,495,2720,15
2021-02-27,Humboldt,023,135768,3182,3167,22,3189,30
2021-02-27,Imperial,025,180216,27255,26903,2498,29401,633
2021-02-27,Inyo,027,18085,1308,1275,10,1285,35
2021-02-27,Kern,029,883053,93589,92053,9866,101919,996
2021-02-27,Kings,031,150075,22300,21955,978,22933,216
2021-02-27,Lake,033,64148,3197,3156,6,3162,40
2021-02-27,Lassen,035,31185,5124,5106,97,5203,1
2021-02-27,Los Angeles,037,10098052,1173411,1154275,39134,1193409,21158
2021-02-27,Madera,039,155013,15663,15467,829,16296,199
2021-02-27,Marin,041,260295,13250,13134,164,13298,214
2021-02-27,Mariposa,043,17540,377,374,5,379,4
2021-02-27,Mendocino,045,87422,3645,3555,71,3626,41
2021-02-27,Merced,047,269075,28502,28501,932,29433,384
2021-02-27,Modoc,049,8938,344,331,114,445,3
2021-02-27,Mono,051,14174,1183,1191,16,1207,3
2021-02-27,Monterey,053,433212,41997,41665,1700,43365,322
2021-02-27,Napa,055,140530,9077,9038,34,9072,71
2021-02-27,Nevada,057,99092,4034,3960,161,4121,66
2021-02-27,Orange,059,3164182,247377,245542,10278,255820,3960
2021-02-27,Placer,061,380077,20620,19726,1117,20843,239
2021-02-27,Plumas,063,18699,644,628,10,638,4
2021-02-27,Riverside,065,2383286,285881,279048,13466,292514,3663
2021-02-27,Sacramento,067,1510023,94736,93281,1255,94536,1396
2021-02-27,San Benito,069,59416,5746,5767,91,5858,57
2021-02-27,San Bernardino,071,2135413,286340,281471,8573,290044,3527
2021-02-27,San Diego,073,3302833,264504,260091,12894,272985,3284
2021-02-27,San Francisco,075,870044,34271,34260,1078,35338,413
2021-02-27,San Joaquin,077,732212,66990,65578,2780,68358,1100
2021-02-27,San Luis Obispo,079,281455,19745,19411,562,19973,237
2021-02-27,San Mateo,081,765935,39602,38998,408,39406,313
2021-02-27,Santa Barbara,083,443738,32365,31805,1052,32857,411
2021-02-27,Santa Clara,085,1922200,110661,110361,593,110954,1703
2021-02-27,Santa Cruz,087,273765,15446,14552,783,15335,185
2021-02-27,Shasta,089,179085,10964,10985,1229,12214,149
2021-02-27,Sierra,091,2930,51,48,12,60,0
2021-02-27,Siskiyou,093,43540,1502,1407,238,1645,5
2021-02-27,Solano,095,438530,29889,29718,362,30080,165
2021-02-27,Sonoma,097,501317,28100,28141,214,28355,281
2021-02-27,Stanislaus,099,539301,50801,50147,5370,55517,733
2021-02-27,Sutter,101,95872,8847,8820,82,8902,99
2021-02-27,Tehama,103,63373,4608,4584,493,5077,32
2021-02-27,Trinity,105,12862,468,298,79,377,3
2021-02-27,Tulare,107,460477,48328,47209,8072,55281,770
2021-02-27,Tuolumne,109,53932,3846,3899,33,3932,53
2021-02-27,Ventura,111,848112,78062,77623,2791,80414,771
2021-02-27,Yolo,113,214977,12924,12834,222,13056,188
2021-02-27,Yuba,115,75493,5516,5450,89,5539,39
2021-02-26,Alameda,001,1643700,81073,80387,1738,82125,1106
2021-02-26,Alpine,003,1148,80,77,0,77,0
2021-02-26,Amador,005,37829,3475,3457,30,3487,42
2021-02-26,Butte,007,227075,11363,10941,1618,12559,180
2021-02-26,Calaveras,009,45235,1909,1873,11,1884,46
2021-02-26,Colusa,011,21464,1876,1865,265,2130,11
2021-02-26,Contra Costa,013,1133247,63268,62114,1078,63192,685
2021-02-26,Del Norte,015,27424,1016,968,5,973,5
2021-02-26,El Dorado,017,186661,9164,9038,607,9645,98
2021-02-26,Fresno,019,978130,96528,95202,7734,102936,1391
2021-02-26,Glenn,021,27897,2253,2220,495,2715,15
2021-02-26,Humboldt,023,135768,3176,3152,22,3174,30
2021-02-26,Imperial,025,180216,27248,26888,2496,29384,631
2021-02-26,Inyo,027,18085,1306,1271,10,1281,34
2021-02-26,Kern,029,883053,93510,91884,9850,101734,997
2021-02-26,Kings,031,150075,22284,21917,975,22892,216
2021-02-26,Lake,033,64148,3192,3153,6,3159,40
2021-02-26,Lassen,035,31185,5124,5102,97,5199,1
2021-02-26,Los Angeles,037,10098052,1172833,1153131,39072,1192203,21070
2021-02-26,Madera,039,155013,15647,15436,827,16263,199
2021-02-26,Marin,041,260295,13237,13091,164,13255,214
2021-02-26,Mariposa,043,17540,377,375,5,380,4
2021-02-26,Mendocino,045,87422,3640,3549,71,3620,41
2021-02-26,Merced,047,269075,28468,28455,931,29386,382
2021-02-26,Modoc,049,8938,343,330,114,444,3
2021-02-26,Mono,051,14174,1181,1191,16,1207,3
2021-02-26,Monterey,053,433212,41971,41607,1699,43306,322
2021-02-26,Napa,055,140530,9071,9014,34,9048,70
2021-02-26,Nevada,057,99092,4023,3952,161,4113,66
2021-02-26,Orange,059,3164182,247238,245278,10268,255546,3918
2021-02-26,Placer,061,380077,20594,19712,1111,20823,239
2021-02-26,Plumas,063,18699,644,628,10,638,4
2021-02-26,Riverside,065,2383286,285737,278772,13460,292232,3653
2021-02-26,Sacramento,067,1510023,94613,93180,1252,94432,1390
2021-02-26,San Benito,069,59416,5745,5759,91,5850,57
2021-02-26,San Bernardino,071,2135413,286240,281132,8571,289703,3461
2021-02-26,San Diego,073,3302833,264276,259641,12873,272514,3271
2021-02-26,San Francisco,075,870044,34241,34213,1074,35287,413
2021-02-26,San Joaquin,077,732212,66909,65492,2774,68266,1070
2021-02-26,San Luis Obispo,079,281455,19729,19359,560,19919,234
2021-02-26,San Mateo,081,765935,39556,38922,408,39330,313
2021-02-26,Santa Barbara,083,443738,32321,31724,1051,32775,410
2021-02-26,Santa Clara,085,1922200,110529,110168,591,110759,1700
2021-02-26,Santa Cruz,087,273765,15434,14528,782,15310,185
2021-02-26,Shasta,089,179085,10957,10972,1220,12192,149
2021-02-26,Sierra,091,2930,51,47,12,59,0
2021-02-26,Siskiyou,093,43540,1502,1401,237,1638,5
2021-02-26,Solano,095,438530,29855,29651,361,30012,165
2021-02-26,Sonoma,097,501317,28071,28063,213,28276,280
2021-02-26,Stanislaus,099,539301,50745,50054,5362,55416,737
2021-02-26,Sutter,101,95872,8838,8806,82,8888,99
2021-02-26,Tehama,103,63373,4606,4581,493,5074,32
2021-02-26,Trinity,105,12862,467,298,79,377,3
2021-02-26,Tulare,107,460477,48293,47135,8041,55176,770
2021-02-26,Tuolumne,109,53932,3845,3896,33,3929,53
2021-02-26,Ventura,111,848112,77962,77534,2787,80321,765
2021-02-26,Yolo,113,214977,12917,12816,222,13038,188
2021-02-26,Yuba,115,75493,5511,5438,89,5527,39
2021-02-25,Alameda,001,1643700,80950,80181,1737,81918,1093
2021-02-25,Alpine,003,1148,80,77,0,77,0
2021-02-25,Amador,005,37829,3472,3448,30,3478,41
2021-02-25,Butte,007,227075,11342,10922,1613,12535,178
2021-02-25,Calaveras,009,45235,1901,1868,11,1879,46
2021-02-25,Colusa,011,21464,1873,1863,264,2127,11
2021-02-25,Contra Costa,013,1133247,63166,61910,1078,62988,686
2021-02-25,Del Norte,015,27424,1006,966,5,971,5
2021-02-25,El Dorado,017,186661,9148,9012,607,9619,98
2021-02-25,Fresno,019,978130,96384,95015,7712,102727,1377
2021-02-25,Glenn,021,27897,2250,2219,494,2713,15
2021-02-25,Humboldt,023,135768,3169,3129,22,3151,30
2021-02-25,Imperial,025,180216,27241,26855,2492,29347,628
2021-02-25,Inyo,027,18085,1300,1264,10,1274,33
2021-02-25,Kern,029,883053,93394,91735,9825,101560,992
2021-02-25,Kings,031,150075,22275,21900,972,22872,216
2021-02-25,Lake,033,64148,3183,3141,6,3147,40
2021-02-25,Lassen,035,31185,5123,5097,96,5193,1
2021-02-25,Los Angeles,037,10098052,1172088,1151846,39013,1190859,20931
2021-02-25,Madera,039,155013,15612,15414,823,16237,194
2021-02-25,Marin,041,260295,13214,13067,164,13231,214
2021-02-25,Mariposa,043,17540,377,375,5,380,4
2021-02-25,Mendocino,045,87422,3635,3542,71,3613,41
2021-02-25,Merced,047,269075,28419,28383,929,29312,382
2021-02-25,Modoc,049,8938,343,329,114,443,3
2021-02-25,Mono,051,14174,1180,1190,16,1206,3
2021-02-25,Monterey,053,433212,41946,41564,1694,43258,321
2021-02-25,Napa,055,140530,9045,8998,34,9032,70
2021-02-25,Nevada,057,99092,4006,3940,160,4100,66
2021-02-25,Orange,059,3164182,247065,245000,10258,255258,3882
2021-02-25,Placer,061,380077,20555,19661,1109,20770,239
2021-02-25,Plumas,063,18699,644,626,10,636,4
2021-02-25,Riverside,065,2383286,285549,278544,13439,291983,3646
2021-02-25,Sacramento,067,1510023,94455,92961,1240,94201,1386
2021-02-25,San Benito,069,59416,5740,5752,91,5843,58
2021-02-25,San Bernardino,071,2135413,286105,280946,8563,289509,3409
2021-02-25,San Diego,073,3302833,263982,258979,12843,271822,3260
2021-02-25,San Francisco,075,870044,34198,34138,1071,35209,408
2021-02-25,San Joaquin,077,732212,66825,65389,2762,68151,1047
2021-02-25,San Luis Obispo,079,281455,19708,19335,558,19893,234
2021-02-25,San Mateo,081,765935,39509,38872,408,39280,300
2021-02-25,Santa Barbara,083,443738,32244,31631,1050,32681,408
2021-02-25,Santa Clara,085,1922200,110364,109923,590,110513,1677
2021-02-25,Santa Cruz,087,273765,15415,14492,781,15273,185
2021-02-25,Shasta,089,179085,10945,10947,1215,12162,148
2021-02-25,Sierra,091,2930,51,47,12,59,0
2021-02-25,Siskiyou,093,43540,1497,1390,234,1624,4
2021-02-25,Solano,095,438530,29823,29616,361,29977,161
2021-02-25,Sonoma,097,501317,28017,28004,210,28214,278
2021-02-25,Stanislaus,099,539301,50654,49964,5352,55316,738
2021-02-25,Sutter,101,95872,8824,8789,81,8870,99
2021-02-25,Tehama,103,63373,4603,4578,491,5069,32
2021-02-25,Trinity,105,12862,467,297,79,376,3
2021-02-25,Tulare,107,460477,48243,47052,8015,55067,765
2021-02-25,Tuolumne,109,53932,3842,3894,33,3927,53
2021-02-25,Ventura,111,848112,77854,77395,2781,80176,751
2021-02-25,Yolo,113,214977,12900,12787,222,13009,188
2021-02-25,Yuba,115,75493,5504,5429,89,5518,39
2021-02-24,Alameda,001,1643700,80830,80070,1733,81803,1082
2021-02-24,Alpine,003,1148,79,77,0,77,0
2021-02-24,Amador,005,37829,3467,3444,30,3474,41
2021-02-24,Butte,007,227075,11329,10915,1609,12524,178
2021-02-24,Calaveras,009,45235,1897,1864,11,1875,31
2021-02-24,Colusa,011,21464,1871,1863,264,2127,11
2021-02-24,Contra Costa,013,1133247,63058,61776,1078,62854,663
2021-02-24,Del Norte,015,27424,1005,960,4,964,5
2021-02-24,El Dorado,017,186661,9136,8993,607,9600,98
2021-02-24,Fresno,019,978130,96236,94794,7696,102490,1369
2021-02-24,Glenn,021,27897,2249,2210,494,2704,14
2021-02-24,Humboldt,023,135768,3157,3123,22,3145,29
2021-02-24,Imperial,025,180216,27228,26843,2487,29330,596
2021-02-24,Inyo,027,18085,1295,1253,10,1263,32
2021-02-24,Kern,029,883053,93261,91525,9809,101334,992
2021-02-24,Kings,031,150075,22250,21871,970,22841,216
2021-02-24,Lake,033,64148,3176,3134,6,3140,40
2021-02-24,Lassen,035,31185,5119,5095,95,5190,1
2021-02-24,Los Angeles,037,10098052,1171324,1150322,38970,1189292,20817
2021-02-24,Madera,039,155013,15585,15390,823,16213,194
2021-02-24,Marin,041,260295,13191,13044,163,13207,214
2021-02-24,Mariposa,043,17540,377,374,5,379,4
2021-02-24,Mendocino,045,87422,3628,3540,71,3611,41
2021-02-24,Merced,047,269075,28381,28295,924,29219,383
2021-02-24,Modoc,049,8938,342,329,114,443,3
2021-02-24,Mono,051,14174,1178,1189,16,1205,3
2021-02-24,Monterey,053,433212,41921,41495,1692,43187,320
2021-02-24,Napa,055,140530,9028,8976,33,9009,70
2021-02-24,Nevada,057,99092,3996,3927,160,4087,66
2021-02-24,Orange,059,3164182,246847,244743,10245,254988,3835
2021-02-24,Placer,061,380077,20516,19648,1103,20751,239
2021-02-24,Plumas,063,18699,642,626,10,636,4
2021-02-24,Riverside,065,2383286,285321,278293,13430,291723,3603
2021-02-24,Sacramento,067,1510023,94301,92742,1235,93977,1375
2021-02-24,San Benito,069,59416,5739,5743,91,5834,57
2021-02-24,San Bernardino,071,2135413,285953,280583,8559,289142,3360
2021-02-24,San Diego,073,3302833,263686,258460,12827,271287,3230
2021-02-24,San Francisco,075,870044,34152,34061,1068,35129,406
2021-02-24,San Joaquin,077,732212,66715,65274,2760,68034,1019
2021-02-24,San Luis Obispo,079,281455,19685,19309,556,19865,233
2021-02-24,San Mateo,081,765935,39472,38763,408,39171,300
2021-02-24,Santa Barbara,083,443738,32192,31563,1047,32610,405
2021-02-24,Santa Clara,085,1922200,110216,109671,589,110260,1674
2021-02-24,Santa Cruz,087,273765,15394,14458,781,15239,185
2021-02-24,Shasta,089,179085,10931,10922,1212,12134,148
2021-02-24,Sierra,091,2930,51,47,12,59,0
2021-02-24,Siskiyou,093,43540,1490,1385,230,1615,4
2021-02-24,Solano,095,438530,29783,29577,359,29936,158
2021-02-24,Sonoma,097,501317,27953,27954,206,28160,278
2021-02-24,Stanislaus,099,539301,50583,49851,5344,55195,732
2021-02-24,Sutter,101,95872,8814,8778,81,8859,99
2021-02-24,Tehama,103,63373,4600,4566,491,5057,31
2021-02-24,Trinity,105,12862,467,294,78,372,3
2021-02-24,Tulare,107,460477,48187,46976,7987,54963,759
2021-02-24,Tuolumne,109,53932,3839,3887,33,3920,53
2021-02-24,Ventura,111,848112,77746,77238,2780,80018,718
2021-02-24,Yolo,113,214977,12887,12760,218,12978,188
2021-02-24,Yuba,115,75493,5493,5425,87,5512,39
2021-02-23,Alameda,001,1643700,80692,79948,1731,81679,1070
2021-02-23,Alpine,003,1148,78,77,0,77,0
2021-02-23,Amador,005,37829,3465,3440,30,3470,41
2021-02-23,Butte,007,227075,11313,10887,1606,12493,176
2021-02-23,Calaveras,009,45235,1896,1863,11,1874,21
2021-02-23,Colusa,011,21464,1868,1862,264,2126,11
2021-02-23,Contra Costa,013,1133247,62924,61613,1075,62688,661
2021-02-23,Del Norte,015,27424,1003,953,4,957,3
2021-02-23,El Dorado,017,186661,9123,8969,607,9576,96
2021-02-23,Fresno,019,978130,96075,94741,7682,102423,1356
2021-02-23,Glenn,021,27897,2247,2209,494,2703,14
2021-02-23,Humboldt,023,135768,3140,3108,22,3130,29
2021-02-23,Imperial,025,180216,27208,26816,2482,29298,591
2021-02-23,Inyo,027,18085,1291,1250,10,1260,32
2021-02-23,Kern,029,883053,93122,91390,9780,101170,982
2021-02-23,Kings,031,150075,22235,21839,966,22805,216
2021-02-23,Lake,033,64148,3168,3121,6,3127,40
2021-02-23,Lassen,035,31185,5116,5092,95,5187,1
2021-02-23,Los Angeles,037,10098052,1170452,1148965,38916,1187881,19887
2021-02-23,Madera,039,155013,15571,15352,817,16169,193
2021-02-23,Marin,041,260295,13171,13015,162,13177,214
2021-02-23,Mariposa,043,17540,377,374,5,379,4
2021-02-23,Mendocino,045,87422,3626,3540,70,3610,41
2021-02-23,Merced,047,269075,28301,28209,917,29126,381
2021-02-23,Modoc,049,8938,341,328,113,441,3
2021-02-23,Mono,051,14174,1178,1189,16,1205,3
2021-02-23,Monterey,053,433212,41881,41439,1687,43126,317
2021-02-23,Napa,055,140530,9016,8967,33,9000,70
2021-02-23,Nevada,057,99092,3988,3912,160,4072,66
2021-02-23,Orange,059,3164182,246649,244566,10226,254792,3843
2021-02-23,Placer,061,380077,20491,19608,1099,20707,238
2021-02-23,Plumas,063,18699,641,626,10,636,4
2021-02-23,Riverside,065,2383286,285084,278075,13415,291490,3599
2021-02-23,Sacramento,067,1510023,94144,92632,1229,93861,1370
2021-02-23,San Benito,069,59416,5733,5731,90,5821,57
2021-02-23,San Bernardino,071,2135413,285764,280279,8554,288833,3283
2021-02-23,San Diego,073,3302833,263309,257802,12797,270599,3218
2021-02-23,San Francisco,075,870044,34104,33994,1067,35061,405
2021-02-23,San Joaquin,077,732212,66615,65141,2753,67894,1004
2021-02-23,San Luis Obispo,079,281455,19656,19233,555,19788,230
2021-02-23,San Mateo,081,765935,39411,38662,408,39070,299
2021-02-23,Santa Barbara,083,443738,32137,31483,1045,32528,402
2021-02-23,Santa Clara,085,1922200,110019,109449,586,110035,1661
2021-02-23,Santa Cruz,087,273765,15365,14435,779,15214,178
2021-02-23,Shasta,089,179085,10919,10903,1208,12111,146
2021-02-23,Sierra,091,2930,51,47,12,59,0
2021-02-23,Siskiyou,093,43540,1485,1380,228,1608,4
2021-02-23,Solano,095,438530,29743,29545,356,29901,154
2021-02-23,Sonoma,097,501317,27910,27882,203,28085,278
2021-02-23,Stanislaus,099,539301,50505,49749,5328,55077,722
2021-02-23,Sutter,101,95872,8801,8766,81,8847,98
2021-02-23,Tehama,103,63373,4594,4556,490,5046,30
2021-02-23,Trinity,105,12862,467,292,77,369,3
2021-02-23,Tulare,107,460477,48109,46937,7953,54890,757
2021-02-23,Tuolumne,109,53932,3835,3864,33,3897,53
2021-02-23,Ventura,111,848112,77630,77093,2771,79864,689
2021-02-23,Yolo,113,214977,12858,12729,218,12947,188
2021-02-23,Yuba,115,75493,5480,5417,86,5503,38
2021-02-22,Alameda,001,1643700,80541,79796,1727,81523,1062
2021-02-22,Alpine,003,1148,78,77,0,77,0
2021-02-22,Amador,005,37829,3460,3438,30,3468,39
2021-02-22,Butte,007,227075,11300,10855,1601,12456,176
2021-02-22,Calaveras,009,45235,1894,1862,11,1873,21
2021-02-22,Colusa,011,21464,1868,1860,264,2124,11
2021-02-22,Contra Costa,013,1133247,62795,61478,1074,62552,661
2021-02-22,Del Norte,015,27424,1002,948,4,952,3
2021-02-22,El Dorado,017,186661,9106,8940,607,9547,96
2021-02-22,Fresno,019,978130,95913,94584,7665,102249,1351
2021-02-22,Glenn,021,27897,2242,2207,492,2699,14
2021-02-22,Humboldt,023,135768,3128,3095,22,3117,29
2021-02-22,Imperial,025,180216,27186,26778,2475,29253,590
2021-02-22,Inyo,027,18085,1286,1248,10,1258,32
2021-02-22,Kern,029,883053,93005,91201,9758,100959,982
2021-02-22,Kings,031,150075,22212,21801,963,22764,214
2021-02-22,Lake,033,64148,3162,3107,6,3113,40
2021-02-22,Lassen,035,31185,5116,5088,94,5182,1
2021-02-22,Los Angeles,037,10098052,1169580,1147541,38859,1186400,19730
2021-02-22,Madera,039,155013,15546,15325,813,16138,193
2021-02-22,Marin,041,260295,13146,12991,159,13150,213
2021-02-22,Mariposa,043,17540,376,374,5,379,4
2021-02-22,Mendocino,045,87422,3620,3535,70,3605,41
2021-02-22,Merced,047,269075,28238,28166,914,29080,379
2021-02-22,Modoc,049,8938,341,329,113,442,3
2021-02-22,Mono,051,14174,1174,1189,16,1205,3
2021-02-22,Monterey,053,433212,41836,41397,1681,43078,311
2021-02-22,Napa,055,140530,8989,8950,33,8983,69
2021-02-22,Nevada,057,99092,3979,3900,158,4058,66
2021-02-22,Orange,059,3164182,246413,244118,10208,254326,3843
2021-02-22,Placer,061,380077,20454,19587,1091,20678,238
2021-02-22,Plumas,063,18699,641,625,10,635,4
2021-02-22,Riverside,065,2383286,284821,277730,13407,291137,3567
2021-02-22,Sacramento,067,1510023,93977,92476,1218,93694,1359
2021-02-22,San Benito,069,59416,5731,5723,90,5813,57
2021-02-22,San Bernardino,071,2135413,285584,279984,8541,288525,3259
2021-02-22,San Diego,073,3302833,262899,257348,12764,270112,3189
2021-02-22,San Francisco,075,870044,34044,33947,1062,35009,405
2021-02-22,San Joaquin,077,732212,66519,65060,2740,67800,1001
2021-02-22,San Luis Obispo,079,281455,19619,19198,553,19751,229
2021-02-22,San Mateo,081,765935,39354,38542,405,38947,282
2021-02-22,Santa Barbara,083,443738,32071,31421,1042,32463,399
2021-02-22,Santa Clara,085,1922200,109810,109213,575,109788,1655
2021-02-22,Santa Cruz,087,273765,15339,14417,779,15196,176
2021-02-22,Shasta,089,179085,10904,10872,1203,12075,145
2021-02-22,Sierra,091,2930,51,47,12,59,0
2021-02-22,Siskiyou,093,43540,1479,1373,227,1600,4
2021-02-22,Solano,095,438530,29704,29508,355,29863,150
2021-02-22,Sonoma,097,501317,27865,27845,202,28047,278
2021-02-22,Stanislaus,099,539301,50404,49630,5310,54940,722
2021-02-22,Sutter,101,95872,8793,8698,81,8779,98
2021-02-22,Tehama,103,63373,4591,4550,489,5039,30
2021-02-22,Trinity,105,12862,467,287,76,363,3
2021-02-22,Tulare,107,460477,48047,46879,7921,54800,751
2021-02-22,Tuolumne,109,53932,3831,3856,33,3889,53
2021-02-22,Ventura,111,848112,77502,76947,2766,79713,677
2021-02-22,Yolo,113,214977,12831,12689,218,12907,183
2021-02-22,Yuba,115,75493,5477,5404,85,5489,38
2021-02-21,Alameda,001,1643700,80349,79649,1722,81371,1061
2021-02-21,Alpine,003,1148,78,77,0,77,0
2021-02-21,Amador,005,37829,3452,3435,30,3465,39
2021-02-21,Butte,007,227075,11282,10855,1599,12454,176
2021-02-21,Calaveras,009,45235,1893,1860,11,1871,21
2021-02-21,Colusa,011,21464,1867,1860,260,2120,11
2021-02-21,Contra Costa,013,1133247,62640,61364,1071,62435,661
2021-02-21,Del Norte,015,27424,996,942,4,946,3
2021-02-21,El Dorado,017,186661,9088,8927,606,9533,96
2021-02-21,Fresno,019,978130,95771,94374,7648,102022,1349
2021-02-21,Glenn,021,27897,2240,2201,490,2691,14
2021-02-21,Humboldt,023,135768,3116,3096,22,3118,29
2021-02-21,Imperial,025,180216,27172,26779,2473,29252,590
2021-02-21,Inyo,027,18085,1280,1232,10,1242,32
2021-02-21,Kern,029,883053,92880,91141,9720,100861,980
2021-02-21,Kings,031,150075,22176,21784,961,22745,213
2021-02-21,Lake,033,64148,3154,3100,6,3106,40
2021-02-21,Lassen,035,31185,5108,5077,94,5171,1
2021-02-21,Los Angeles,037,10098052,1168544,1146756,38811,1185567,19711
2021-02-21,Madera,039,155013,15513,15298,810,16108,192
2021-02-21,Marin,041,260295,13117,12968,159,13127,212
2021-02-21,Mariposa,043,17540,376,373,5,378,4
2021-02-21,Mendocino,045,87422,3615,3535,70,3605,41
2021-02-21,Merced,047,269075,28164,28106,898,29004,379
2021-02-21,Modoc,049,8938,338,329,113,442,3
2021-02-21,Mono,051,14174,1174,1189,16,1205,3
2021-02-21,Monterey,053,433212,41780,41373,1674,43047,309
2021-02-21,Napa,055,140530,8975,8929,33,8962,69
2021-02-21,Nevada,057,99092,3966,3895,158,4053,66
2021-02-21,Orange,059,3164182,246116,243985,10191,254176,3801
2021-02-21,Placer,061,380077,20418,19553,1087,20640,238
2021-02-21,Plumas,063,18699,641,625,10,635,4
2021-02-21,Riverside,065,2383286,284587,277555,13394,290949,3564
2021-02-21,Sacramento,067,1510023,93767,92288,1206,93494,1354
2021-02-21,San Benito,069,59416,5721,5716,87,5803,57
2021-02-21,San Bernardino,071,2135413,285360,279870,8527,288397,3247
2021-02-21,San Diego,073,3302833,262465,257027,12718,269745,3190
2021-02-21,San Francisco,075,870044,33980,33891,1058,34949,405
2021-02-21,San Joaquin,077,732212,66380,64997,2728,67725,1001
2021-02-21,San Luis Obispo,079,281455,19586,19178,551,19729,229
2021-02-21,San Mateo,081,765935,39292,38448,401,38849,282
2021-02-21,Santa Barbara,083,443738,32009,31374,1039,32413,399
2021-02-21,Santa Clara,085,1922200,109584,108992,566,109558,1654
2021-02-21,Santa Cruz,087,273765,15315,14401,778,15179,176
2021-02-21,Shasta,089,179085,10890,10867,1198,12065,145
2021-02-21,Sierra,091,2930,51,47,12,59,0
2021-02-21,Siskiyou,093,43540,1473,1371,227,1598,4
2021-02-21,Solano,095,438530,29649,29471,354,29825,150
2021-02-21,Sonoma,097,501317,27801,27793,195,27988,278
2021-02-21,Stanislaus,099,539301,50291,49527,5296,54823,726
2021-02-21,Sutter,101,95872,8776,8687,80,8767,97
2021-02-21,Tehama,103,63373,4582,4547,489,5036,30
2021-02-21,Trinity,105,12862,465,286,76,362,3
2021-02-21,Tulare,107,460477,47979,46830,7886,54716,749
2021-02-21,Tuolumne,109,53932,3817,3828,33,3861,53
2021-02-21,Ventura,111,848112,77353,76862,2752,79614,677
2021-02-21,Yolo,113,214977,12800,12670,218,12888,183
2021-02-21,Yuba,115,75493,5469,5396,84,5480,38
2021-02-20,Alameda,001,1643700,80258,79496,1717,81213,1055
2021-02-20,Alpine,003,1148,78,77,0,77,0
2021-02-20,Amador,005,37829,3450,3432,30,3462,39
2021-02-20,Butte,007,227075,11274,10838,1598,12436,176
2021-02-20,Calaveras,009,45235,1892,1858,11,1869,21
2021-02-20,Colusa,011,21464,1866,1858,260,2118,11
2021-02-20,Contra Costa,013,1133247,62556,61205,1069,62274,663
2021-02-20,Del Norte,015,27424,992,937,4,941,3
2021-02-20,El Dorado,017,186661,9078,8911,606,9517,96
2021-02-20,Fresno,019,978130,95687,94234,7628,101862,1341
2021-02-20,Glenn,021,27897,2236,2199,489,2688,14
2021-02-20,Humboldt,023,135768,3108,3073,22,3095,29
2021-02-20,Imperial,025,180216,27162,26771,2473,29244,590
2021-02-20,Inyo,027,18085,1276,1226,10,1236,32
2021-02-20,Kern,029,883053,92809,91025,9688,100713,968
2021-02-20,Kings,031,150075,22158,21773,960,22733,212
2021-02-20,Lake,033,64148,3147,3089,6,3095,40
2021-02-20,Lassen,035,31185,5106,5067,94,5161,1
2021-02-20,Los Angeles,037,10098052,1167977,1145594,38768,1184362,19630
2021-02-20,Madera,039,155013,15493,15274,809,16083,191
2021-02-20,Marin,041,260295,13096,12945,157,13102,211
2021-02-20,Mariposa,043,17540,376,372,5,377,4
2021-02-20,Mendocino,045,87422,3613,3533,70,3603,40
2021-02-20,Merced,047,269075,28121,28066,895,28961,379
2021-02-20,Modoc,049,8938,338,328,113,441,3
2021-02-20,Mono,051,14174,1173,1187,16,1203,3
2021-02-20,Monterey,053,433212,41758,41313,1672,42985,309
2021-02-20,Napa,055,140530,8966,8910,33,8943,69
2021-02-20,Nevada,057,99092,3956,3887,157,4044,66
2021-02-20,Orange,059,3164182,245946,243761,10177,253938,3755
2021-02-20,Placer,061,380077,20377,19509,1083,20592,236
2021-02-20,Plumas,063,18699,641,626,10,636,4
2021-02-20,Riverside,065,2383286,284433,277267,13385,290652,3559
2021-02-20,Sacramento,067,1510023,93644,92057,1204,93261,1352
2021-02-20,San Benito,069,59416,5710,5709,87,5796,57
2021-02-20,San Bernardino,071,2135413,285258,279608,8522,288130,3203
2021-02-20,San Diego,073,3302833,262223,256510,12689,269199,3188
2021-02-20,San Francisco,075,870044,33938,33820,1049,34869,399
2021-02-20,San Joaquin,077,732212,66310,64916,2723,67639,1001
2021-02-20,San Luis Obispo,079,281455,19562,19138,550,19688,229
2021-02-20,San Mateo,081,765935,39248,38371,400,38771,282
2021-02-20,Santa Barbara,083,443738,31975,31289,1038,32327,396
2021-02-20,Santa Clara,085,1922200,109406,108728,563,109291,1649
2021-02-20,Santa Cruz,087,273765,15304,14378,776,15154,176
2021-02-20,Shasta,089,179085,10876,10850,1193,12043,146
2021-02-20,Sierra,091,2930,51,47,12,59,0
2021-02-20,Siskiyou,093,43540,1470,1366,227,1593,4
2021-02-20,Solano,095,438530,29635,29440,352,29792,150
2021-02-20,Sonoma,097,501317,27772,27703,193,27896,278
2021-02-20,Stanislaus,099,539301,50239,49445,5282,54727,733
2021-02-20,Sutter,101,95872,8770,8681,80,8761,97
2021-02-20,Tehama,103,63373,4577,4545,489,5034,30
2021-02-20,Trinity,105,12862,464,285,75,360,3
2021-02-20,Tulare,107,460477,47943,46769,7864,54633,739
2021-02-20,Tuolumne,109,53932,3812,3823,33,3856,53
2021-02-20,Ventura,111,848112,77258,76757,2749,79506,671
2021-02-20,Yolo,113,214977,12786,12639,217,12856,183
2021-02-20,Yuba,115,75493,5466,5386,84,5470,38
2021-02-19,Alameda,001,1643700,80157,79318,1713,81031,1047
2021-02-19,Alpine,003,1148,78,77,0,77,0
2021-02-19,Amador,005,37829,3446,3427,30,3457,39
2021-02-19,Butte,007,227075,11260,10823,1591,12414,176
2021-02-19,Calaveras,009,45235,1891,1856,11,1867,21
2021-02-19,Colusa,011,21464,1866,1858,260,2118,11
2021-02-19,Contra Costa,013,1133247,62444,61017,1066,62083,651
2021-02-19,Del Norte,015,27424,987,932,4,936,2
2021-02-19,El Dorado,017,186661,9069,8882,605,9487,96
2021-02-19,Fresno,019,978130,95557,93973,7612,101585,1330
2021-02-19,Glenn,021,27897,2231,2199,488,2687,14
2021-02-19,Humboldt,023,135768,3096,3037,22,3059,29
2021-02-19,Imperial,025,180216,27156,26751,2470,29221,589
2021-02-19,Inyo,027,18085,1271,1212,10,1222,32
2021-02-19,Kern,029,883053,92740,90807,9647,100454,963
2021-02-19,Kings,031,150075,22144,21724,958,22682,211
2021-02-19,Lake,033,64148,3141,3078,6,3084,40
2021-02-19,Lassen,035,31185,5105,5057,94,5151,1
2021-02-19,Los Angeles,037,10098052,1167228,1143828,38728,1182556,19498
2021-02-19,Madera,039,155013,15476,15222,807,16029,188
2021-02-19,Marin,041,260295,13078,12919,156,13075,210
2021-02-19,Mariposa,043,17540,376,371,5,376,4
2021-02-19,Mendocino,045,87422,3611,3526,70,3596,39
2021-02-19,Merced,047,269075,28091,27985,892,28877,376
2021-02-19,Modoc,049,8938,338,328,113,441,3
2021-02-19,Mono,051,14174,1173,1186,16,1202,3
2021-02-19,Monterey,053,433212,41731,41209,1668,42877,309
2021-02-19,Napa,055,140530,8953,8899,33,8932,69
2021-02-19,Nevada,057,99092,3950,3863,157,4020,66
2021-02-19,Orange,059,3164182,245770,243397,10164,253561,3715
2021-02-19,Placer,061,380077,20355,19457,1083,20540,236
2021-02-19,Plumas,063,18699,639,624,10,634,4
2021-02-19,Riverside,065,2383286,284264,276941,13368,290309,3541
2021-02-19,Sacramento,067,1510023,93523,91815,1200,93015,1351
2021-02-19,San Benito,069,59416,5705,5699,87,5786,57
2021-02-19,San Bernardino,071,2135413,285122,279209,8517,287726,3117
2021-02-19,San Diego,073,3302833,261932,255799,12666,268465,3169
2021-02-19,San Francisco,075,870044,33890,33746,1043,34789,387
2021-02-19,San Joaquin,077,732212,66234,64774,2714,67488,988
2021-02-19,San Luis Obispo,079,281455,19531,19061,548,19609,230
2021-02-19,San Mateo,081,765935,39190,38256,398,38654,282
2021-02-19,Santa Barbara,083,443738,31911,31204,1037,32241,392
2021-02-19,Santa Clara,085,1922200,109194,108400,561,108961,1634
2021-02-19,Santa Cruz,087,273765,15289,14354,776,15130,176
2021-02-19,Shasta,089,179085,10865,10833,1190,12023,140
2021-02-19,Sierra,091,2930,51,47,12,59,0
2021-02-19,Siskiyou,093,43540,1466,1363,225,1588,4
2021-02-19,Solano,095,438530,29610,29383,351,29734,150
2021-02-19,Sonoma,097,501317,27725,27595,191,27786,280
2021-02-19,Stanislaus,099,539301,50176,49282,5266,54548,739
2021-02-19,Sutter,101,95872,8760,8665,80,8745,96
2021-02-19,Tehama,103,63373,4575,4535,489,5024,30
2021-02-19,Trinity,105,12862,462,282,73,355,3
2021-02-19,Tulare,107,460477,47898,46662,7839,54501,736
2021-02-19,Tuolumne,109,53932,3805,3817,33,3850,52
2021-02-19,Ventura,111,848112,77179,76582,2746,79328,667
2021-02-19,Yolo,113,214977,12770,12606,217,12823,183
2021-02-19,Yuba,115,75493,5456,5376,84,5460,38
2021-02-18,Alameda,001,1643700,80023,79111,1705,80816,1012
2021-02-18,Alpine,003,1148,78,77,0,77,0
2021-02-18,Amador,005,37829,3442,3417,29,3446,38
2021-02-18,Butte,007,227075,11242,10791,1589,12380,175
2021-02-18,Calaveras,009,45235,1886,1873,11,1884,21
2021-02-18,Colusa,011,21464,1864,1856,258,2114,11
2021-02-18,Contra Costa,013,1133247,62330,60868,1064,61932,640
2021-02-18,Del Norte,015,27424,982,929,4,933,2
2021-02-18,El Dorado,017,186661,9054,8850,604,9454,94
2021-02-18,Fresno,019,978130,95387,93734,7587,101321,1323
2021-02-18,Glenn,021,27897,2225,2195,488,2683,14
2021-02-18,Humboldt,023,135768,3084,3023,22,3045,29
2021-02-18,Imperial,025,180216,27130,26731,2463,29194,591
2021-02-18,Inyo,027,18085,1267,1213,9,1222,32
2021-02-18,Kern,029,883053,92586,90655,9617,100272,961
2021-02-18,Kings,031,150075,22120,21648,957,22605,211
2021-02-18,Lake,033,64148,3136,3066,6,3072,40
2021-02-18,Lassen,035,31185,5096,5052,94,5146,1
2021-02-18,Los Angeles,037,10098052,1166269,1141930,38663,1180593,19358
2021-02-18,Madera,039,155013,15454,15175,802,15977,188
2021-02-18,Marin,041,260295,13065,12895,155,13050,209
2021-02-18,Mariposa,043,17540,375,369,5,374,4
2021-02-18,Mendocino,045,87422,3608,3519,69,3588,39
2021-02-18,Merced,047,269075,28042,27870,886,28756,372
2021-02-18,Modoc,049,8938,336,327,112,439,3
2021-02-18,Mono,051,14174,1173,1182,16,1198,3
2021-02-18,Monterey,053,433212,41673,41091,1659,42750,307
2021-02-18,Napa,055,140530,8936,8877,33,8910,68
2021-02-18,Nevada,057,99092,3941,3836,156,3992,66
2021-02-18,Orange,059,3164182,245547,243098,10147,253245,3673
2021-02-18,Placer,061,380077,20328,19429,1082,20511,232
2021-02-18,Plumas,063,18699,639,624,10,634,4
2021-02-18,Riverside,065,2383286,283976,276595,13347,289942,3510
2021-02-18,Sacramento,067,1510023,93361,91476,1194,92670,1334
2021-02-18,San Benito,069,59416,5702,5697,86,5783,58
2021-02-18,San Bernardino,071,2135413,284912,278887,8503,287390,3066
2021-02-18,San Diego,073,3302833,261577,254987,12643,267630,3135
2021-02-18,San Francisco,075,870044,33832,33650,1040,34690,386
2021-02-18,San Joaquin,077,732212,66151,64634,2704,67338,982
2021-02-18,San Luis Obispo,079,281455,19489,18987,545,19532,230
2021-02-18,San Mateo,081,765935,39128,38185,394,38579,282
2021-02-18,Santa Barbara,083,443738,31833,31054,1030,32084,387
2021-02-18,Santa Clara,085,1922200,108969,108210,558,108768,1605
2021-02-18,Santa Cruz,087,273765,15263,14314,776,15090,176
2021-02-18,Shasta,089,179085,10847,10811,1187,11998,139
2021-02-18,Sierra,091,2930,50,47,12,59,0
2021-02-18,Siskiyou,093,43540,1461,1359,224,1583,4
2021-02-18,Solano,095,438530,29584,29349,350,29699,150
2021-02-18,Sonoma,097,501317,27658,27512,190,27702,281
2021-02-18,Stanislaus,099,539301,50075,49150,5249,54399,738
2021-02-18,Sutter,101,95872,8752,8654,80,8734,96
2021-02-18,Tehama,103,63373,4572,4528,489,5017,30
2021-02-18,Trinity,105,12862,461,282,73,355,3
2021-02-18,Tulare,107,460477,47835,46591,7799,54390,728
2021-02-18,Tuolumne,109,53932,3768,3811,33,3844,52
2021-02-18,Ventura,111,848112,77047,76442,2738,79180,659
2021-02-18,Yolo,113,214977,12744,12549,214,12763,183
2021-02-18,Yuba,115,75493,5439,5358,84,5442,38
2021-02-17,Alameda,001,1643700,79862,78895,1703,80598,1002
2021-02-17,Alpine,003,1148,78,77,0,77,0
2021-02-17,Amador,005,37829,3438,3415,29,3444,38
2021-02-17,Butte,007,227075,11224,10770,1585,12355,174
2021-02-17,Calaveras,009,45235,1886,1876,11,1887,21
2021-02-17,Colusa,011,21464,1861,1854,258,2112,10
2021-02-17,Contra Costa,013,1133247,62192,60723,1061,61784,635
2021-02-17,Del Norte,015,27424,975,920,4,924,2
2021-02-17,El Dorado,017,186661,9043,8847,604,9451,94
2021-02-17,Fresno,019,978130,95248,93555,7560,101115,1307
2021-02-17,Glenn,021,27897,2224,2189,487,2676,14
2021-02-17,Humboldt,023,135768,3069,3006,22,3028,29
2021-02-17,Imperial,025,180216,27116,26726,2459,29185,580
2021-02-17,Inyo,027,18085,1259,1197,9,1206,32
2021-02-17,Kern,029,883053,92468,90454,9572,100026,962
2021-02-17,Kings,031,150075,22082,21617,953,22570,211
2021-02-17,Lake,033,64148,3126,3057,2,3059,38
2021-02-17,Lassen,035,31185,5091,5052,93,5145,1
2021-02-17,Los Angeles,037,10098052,1165215,1139786,38600,1178386,19213
2021-02-17,Madera,039,155013,15429,15135,793,15928,177
2021-02-17,Marin,041,260295,13040,12881,155,13036,207
2021-02-17,Mariposa,043,17540,375,368,4,372,4
2021-02-17,Mendocino,045,87422,3606,3494,68,3562,39
2021-02-17,Merced,047,269075,27987,27824,877,28701,372
2021-02-17,Modoc,049,8938,336,327,112,439,3
2021-02-17,Mono,051,14174,1173,1180,16,1196,3
2021-02-17,Monterey,053,433212,41618,41014,1647,42661,304
2021-02-17,Napa,055,140530,8922,8865,33,8898,68
2021-02-17,Nevada,057,99092,3922,3822,153,3975,52
2021-02-17,Orange,059,3164182,245285,242716,10114,252830,3626
2021-02-17,Placer,061,380077,20294,19405,1078,20483,230
2021-02-17,Plumas,063,18699,638,623,10,633,4
2021-02-17,Riverside,065,2383286,283688,276289,13326,289615,3491
2021-02-17,Sacramento,067,1510023,93202,91309,1187,92496,1326
2021-02-17,San Benito,069,59416,5696,5661,86,5747,57
2021-02-17,San Bernardino,071,2135413,284708,278461,8484,286945,3020
2021-02-17,San Diego,073,3302833,261199,254177,12622,266799,3099
2021-02-17,San Francisco,075,870044,33756,33558,1035,34593,379
2021-02-17,San Joaquin,077,732212,66045,64556,2698,67254,979
2021-02-17,San Luis Obispo,079,281455,19444,18964,545,19509,230
2021-02-17,San Mateo,081,765935,39063,38124,393,38517,282
2021-02-17,Santa Barbara,083,443738,31765,30927,1029,31956,384
2021-02-17,Santa Clara,085,1922200,108737,107949,556,108505,1592
2021-02-17,Santa Cruz,087,273765,15230,14268,773,15041,174
2021-02-17,Shasta,089,179085,10827,10770,1186,11956,139
2021-02-17,Sierra,091,2930,50,47,12,59,0
2021-02-17,Siskiyou,093,43540,1455,1352,221,1573,4
2021-02-17,Solano,095,438530,29527,29288,350,29638,149
2021-02-17,Sonoma,097,501317,27586,27408,185,27593,281
2021-02-17,Stanislaus,099,539301,49961,49050,5233,54283,730
2021-02-17,Sutter,101,95872,8742,8681,80,8761,95
2021-02-17,Tehama,103,63373,4569,4511,489,5000,30
2021-02-17,Trinity,105,12862,461,277,71,348,3
2021-02-17,Tulare,107,460477,47770,46495,7773,54268,726
2021-02-17,Tuolumne,109,53932,3759,3806,33,3839,49
2021-02-17,Ventura,111,848112,76925,76234,2732,78966,646
2021-02-17,Yolo,113,214977,12725,12506,212,12718,182
2021-02-17,Yuba,115,75493,5430,5345,84,5429,38
2021-02-16,Alameda,001,1643700,79692,78756,1700,80456,997
2021-02-16,Alpine,003,1148,78,76,0,76,0
2021-02-16,Amador,005,37829,3431,3413,29,3442,39
2021-02-16,Butte,007,227075,11198,10748,1582,12330,164
2021-02-16,Calaveras,009,45235,1884,1872,11,1883,21
2021-02-16,Colusa,011,21464,1858,1852,256,2108,10
2021-02-16,Contra Costa,013,1133247,62041,60564,1056,61620,631
2021-02-16,Del Norte,015,27424,967,913,4,917,2
2021-02-16,El Dorado,017,186661,9033,8836,603,9439,94
2021-02-16,Fresno,019,978130,95083,93363,7530,100893,1293
2021-02-16,Glenn,021,27897,2220,2189,483,2672,14
2021-02-16,Humboldt,023,135768,3046,2994,21,3015,29
2021-02-16,Imperial,025,180216,27103,26711,2455,29166,580
2021-02-16,Inyo,027,18085,1251,1191,9,1200,32
2021-02-16,Kern,029,883053,92336,90267,9542,99809,959
2021-02-16,Kings,031,150075,22036,21583,949,22532,206
2021-02-16,Lake,033,64148,3119,3041,2,3043,38
2021-02-16,Lassen,035,31185,5079,5047,93,5140,1
2021-02-16,Los Angeles,037,10098052,1163961,1138262,38539,1176801,19044
2021-02-16,Madera,039,155013,15391,15120,788,15908,172
2021-02-16,Marin,041,260295,13012,12832,155,12987,205
2021-02-16,Mariposa,043,17540,375,367,4,371,4
2021-02-16,Mendocino,045,87422,3602,3489,68,3557,39
2021-02-16,Merced,047,269075,27906,27724,871,28595,368
2021-02-16,Modoc,049,8938,336,326,112,438,3
2021-02-16,Mono,051,14174,1173,1180,16,1196,3
2021-02-16,Monterey,053,433212,41542,40962,1638,42600,303
2021-02-16,Napa,055,140530,8909,8854,33,8887,66
2021-02-16,Nevada,057,99092,3909,3774,152,3926,47
2021-02-16,Orange,059,3164182,244963,242382,10098,252480,3612
2021-02-16,Placer,061,380077,20261,19367,1075,20442,230
2021-02-16,Plumas,063,18699,638,619,10,629,4
2021-02-16,Riverside,065,2383286,283384,275954,13303,289257,3471
2021-02-16,Sacramento,067,1510023,92948,91246,1181,92427,1305
2021-02-16,San Benito,069,59416,5688,5659,85,5744,56
2021-02-16,San Bernardino,071,2135413,284486,277947,8473,286420,2978
2021-02-16,San Diego,073,3302833,260734,253638,12583,266221,3042
2021-02-16,San Francisco,075,870044,33685,33491,1030,34521,373
2021-02-16,San Joaquin,077,732212,65915,64448,2695,67143,979
2021-02-16,San Luis Obispo,079,281455,19399,18925,542,19467,229
2021-02-16,San Mateo,081,765935,39004,38041,391,38432,277
2021-02-16,Santa Barbara,083,443738,31691,30865,1026,31891,378
2021-02-16,Santa Clara,085,1922200,108485,107754,553,108307,1591
2021-02-16,Santa Cruz,087,273765,15210,14256,772,15028,174
2021-02-16,Shasta,089,179085,10812,10736,1184,11920,139
2021-02-16,Sierra,091,2930,50,47,12,59,0
2021-02-16,Siskiyou,093,43540,1451,1351,221,1572,4
2021-02-16,Solano,095,438530,29489,29246,349,29595,148
2021-02-16,Sonoma,097,501317,27527,27380,179,27559,279
2021-02-16,Stanislaus,099,539301,49837,48927,5219,54146,716
2021-02-16,Sutter,101,95872,8719,8671,80,8751,95
2021-02-16,Tehama,103,63373,4560,4501,487,4988,30
2021-02-16,Trinity,105,12862,457,275,71,346,3
2021-02-16,Tulare,107,460477,47706,46444,7729,54173,716
2021-02-16,Tuolumne,109,53932,3757,3796,33,3829,49
2021-02-16,Ventura,111,848112,76783,76043,2728,78771,631
2021-02-16,Yolo,113,214977,12696,12457,212,12669,175
2021-02-16,Yuba,115,75493,5423,5332,83,5415,38
2021-02-15,Alameda,001,1643700,79496,78647,1689,80336,996
2021-02-15,Alpine,003,1148,78,76,0,76,0
2021-02-15,Amador,005,37829,3427,3409,29,3438,39
2021-02-15,Butte,007,227075,11180,10723,1578,12301,155
2021-02-15,Calaveras,009,45235,1880,1871,11,1882,21
2021-02-15,Colusa,011,21464,1858,1849,252,2101,10
2021-02-15,Contra Costa,013,1133247,61870,60444,1051,61495,631
2021-02-15,Del Norte,015,27424,963,913,4,917,2
2021-02-15,El Dorado,017,186661,9016,8816,603,9419,94
2021-02-15,Fresno,019,978130,94884,93231,7491,100722,1288
2021-02-15,Glenn,021,27897,2218,2185,482,2667,14
2021-02-15,Humboldt,023,135768,3039,2997,21,3018,29
2021-02-15,Imperial,025,180216,27083,26700,2452,29152,580
2021-02-15,Inyo,027,18085,1232,1184,9,1193,32
2021-02-15,Kern,029,883053,92192,90181,9510,99691,959
2021-02-15,Kings,031,150075,21991,21574,945,22519,205
2021-02-15,Lake,033,64148,3105,3030,1,3031,38
2021-02-15,Lassen,035,31185,5077,5047,92,5139,1
2021-02-15,Los Angeles,037,10098052,1162573,1137164,38476,1175640,18925
2021-02-15,Madera,039,155013,15360,15108,786,15894,106
2021-02-15,Marin,041,260295,12991,12810,152,12962,203
2021-02-15,Mariposa,043,17540,373,367,4,371,4
2021-02-15,Mendocino,045,87422,3590,3481,68,3549,39
2021-02-15,Merced,047,269075,27832,27656,863,28519,368
2021-02-15,Modoc,049,8938,336,326,112,438,3
2021-02-15,Mono,051,14174,1170,1178,16,1194,3
2021-02-15,Monterey,053,433212,41478,40911,1625,42536,302
2021-02-15,Napa,055,140530,8895,8837,33,8870,57
2021-02-15,Nevada,057,99092,3892,3767,151,3918,47
2021-02-15,Orange,059,3164182,244644,242176,10069,252245,3586
2021-02-15,Placer,061,380077,20235,19361,1074,20435,230
2021-02-15,Plumas,063,18699,638,620,10,630,4
2021-02-15,Riverside,065,2383286,283030,275771,13284,289055,3468
2021-02-15,Sacramento,067,1510023,92621,91091,1176,92267,1304
2021-02-15,San Benito,069,59416,5682,5649,85,5734,56
2021-02-15,San Bernardino,071,2135413,284234,277869,8465,286334,2945
2021-02-15,San Diego,073,3302833,260221,252940,12552,265492,3037
2021-02-15,San Francisco,075,870044,33612,33454,1024,34478,373
2021-02-15,San Joaquin,077,732212,65750,64382,2688,67070,979
2021-02-15,San Luis Obispo,079,281455,19346,18891,540,19431,227
2021-02-15,San Mateo,081,765935,38925,37969,388,38357,277
2021-02-15,Santa Barbara,083,443738,31588,30810,1023,31833,378
2021-02-15,Santa Clara,085,1922200,108255,107630,551,108181,1588
2021-02-15,Santa Cruz,087,273765,15178,14239,769,15008,175
2021-02-15,Shasta,089,179085,10792,10730,1179,11909,139
2021-02-15,Sierra,091,2930,50,47,12,59,0
2021-02-15,Siskiyou,093,43540,1443,1345,220,1565,4
2021-02-15,Solano,095,438530,29434,29225,349,29574,148
2021-02-15,Sonoma,097,501317,27443,27359,175,27534,276
2021-02-15,Stanislaus,099,539301,49710,48808,5206,54014,716
2021-02-15,Sutter,101,95872,8704,8652,80,8732,95
2021-02-15,Tehama,103,63373,4551,4492,486,4978,30
2021-02-15,Trinity,105,12862,456,274,71,345,3
2021-02-15,Tulare,107,460477,47635,46344,7690,54034,715
2021-02-15,Tuolumne,109,53932,3747,3794,33,3827,49
2021-02-15,Ventura,111,848112,76628,75889,2725,78614,629
2021-02-15,Yolo,113,214977,12661,12412,206,12618,175
2021-02-15,Yuba,115,75493,5406,5320,82,5402,38
2021-02-14,Alameda,001,1643700,79345,78442,1688,80130,995
2021-02-14,Alpine,003,1148,78,76,0,76,0
2021-02-14,Amador,005,37829,3422,3398,29,3427,39
2021-02-14,Butte,007,227075,11156,10717,1575,12292,155
2021-02-14,Calaveras,009,45235,1876,1866,11,1877,21
2021-02-14,Colusa,011,21464,1854,1845,249,2094,10
2021-02-14,Contra Costa,013,1133247,61720,60272,1048,61320,631
2021-02-14,Del Norte,015,27424,959,911,4,915,2
2021-02-14,El Dorado,017,186661,8985,8790,602,9392,94
2021-02-14,Fresno,019,978130,94713,93065,7468,100533,1287
2021-02-14,Glenn,021,27897,2215,2184,482,2666,14
2021-02-14,Humboldt,023,135768,3026,2992,21,3013,29
2021-02-14,Imperial,025,180216,27076,26696,2451,29147,580
2021-02-14,Inyo,027,18085,1226,1177,9,1186,32
2021-02-14,Kern,029,883053,92032,90038,9457,99495,959
2021-02-14,Kings,031,150075,21965,21538,943,22481,205
2021-02-14,Lake,033,64148,3094,3030,1,3031,38
2021-02-14,Lassen,035,31185,5073,5037,92,5129,1
2021-02-14,Los Angeles,037,10098052,1161229,1135450,38392,1173842,18898
2021-02-14,Madera,039,155013,15328,15089,782,15871,106
2021-02-14,Marin,041,260295,12967,12784,152,12936,201
2021-02-14,Mariposa,043,17540,373,365,4,369,4
2021-02-14,Mendocino,045,87422,3584,3475,68,3543,39
2021-02-14,Merced,047,269075,27750,27601,858,28459,368
2021-02-14,Modoc,049,8938,336,326,112,438,3
2021-02-14,Mono,051,14174,1169,1180,16,1196,3
2021-02-14,Monterey,053,433212,41427,40842,1620,42462,302
2021-02-14,Napa,055,140530,8875,8826,33,8859,57
2021-02-14,Nevada,057,99092,3876,3761,151,3912,47
2021-02-14,Orange,059,3164182,244330,241859,10050,251909,3564
2021-02-14,Placer,061,380077,20196,19313,1069,20382,230
2021-02-14,Plumas,063,18699,637,620,10,630,4
2021-02-14,Riverside,065,2383286,282698,275518,13265,288783,3471
2021-02-14,Sacramento,067,1510023,92414,90856,1172,92028,1304
2021-02-14,San Benito,069,59416,5673,5641,84,5725,56
2021-02-14,San Bernardino,071,2135413,283928,277664,8445,286109,2929
2021-02-14,San Diego,073,3302833,259729,252247,12505,264752,3037
2021-02-14,San Francisco,075,870044,33538,33374,1016,34390,372
2021-02-14,San Joaquin,077,732212,65652,64243,2674,66917,979
2021-02-14,San Luis Obispo,079,281455,19308,18868,537,19405,225
2021-02-14,San Mateo,081,765935,38840,37859,388,38247,277
2021-02-14,Santa Barbara,083,443738,31496,30744,1019,31763,377
2021-02-14,Santa Clara,085,1922200,108056,107412,547,107959,1582
2021-02-14,Santa Cruz,087,273765,15150,14225,764,14989,175
2021-02-14,Shasta,089,179085,10760,10720,1174,11894,139
2021-02-14,Sierra,091,2930,50,47,12,59,0
2021-02-14,Siskiyou,093,43540,1439,1340,220,1560,4
2021-02-14,Solano,095,438530,29392,29150,346,29496,148
2021-02-14,Sonoma,097,501317,27368,27266,173,27439,276
2021-02-14,Stanislaus,099,539301,49600,48672,5191,53863,716
2021-02-14,Sutter,101,95872,8681,8642,80,8722,95
2021-02-14,Tehama,103,63373,4545,4490,483,4973,30
2021-02-14,Trinity,105,12862,456,272,71,343,3
2021-02-14,Tulare,107,460477,47550,46263,7641,53904,715
2021-02-14,Tuolumne,109,53932,3746,3764,33,3797,49
2021-02-14,Ventura,111,848112,76459,75742,2714,78456,629
2021-02-14,Yolo,113,214977,12632,12399,205,12604,175
2021-02-14,Yuba,115,75493,5396,5314,82,5396,38
2021-02-13,Alameda,001,1643700,79223,78246,1685,79931,995
2021-02-13,Alpine,003,1148,78,76,0,76,0
2021-02-13,Amador,005,37829,3419,3387,29,3416,38
2021-02-13,Butte,007,227075,11140,10699,1573,12272,155
2021-02-13,Calaveras,009,45235,1873,1863,11,1874,21
2021-02-13,Colusa,011,21464,1854,1837,249,2086,10
2021-02-13,Contra Costa,013,1133247,61599,60100,1048,61148,629
2021-02-13,Del Norte,015,27424,957,908,4,912,2
2021-02-13,El Dorado,017,186661,8973,8758,601,9359,93
2021-02-13,Fresno,019,978130,94599,92807,7446,100253,1287
2021-02-13,Glenn,021,27897,2214,2182,480,2662,14
2021-02-13,Humboldt,023,135768,3013,2974,20,2994,29
2021-02-13,Imperial,025,180216,27069,26680,2449,29129,580
2021-02-13,Inyo,027,18085,1222,1168,9,1177,32
2021-02-13,Kern,029,883053,91943,89915,9431,99346,957
2021-02-13,Kings,031,150075,21950,21513,941,22454,205
2021-02-13,Lake,033,64148,3085,3025,1,3026,37
2021-02-13,Lassen,035,31185,5070,5028,92,5120,1
2021-02-13,Los Angeles,037,10098052,1160370,1133752,38344,1172096,18822
2021-02-13,Madera,039,155013,15319,15053,778,15831,106
2021-02-13,Marin,041,260295,12943,12757,152,12909,201
2021-02-13,Mariposa,043,17540,373,365,4,369,4
2021-02-13,Mendocino,045,87422,3574,3466,68,3534,38
2021-02-13,Merced,047,269075,27706,27541,855,28396,368
2021-02-13,Modoc,049,8938,336,325,112,437,3
2021-02-13,Mono,051,14174,1169,1176,16,1192,3
2021-02-13,Monterey,053,433212,41395,40731,1619,42350,301
2021-02-13,Napa,055,140530,8866,8809,33,8842,57
2021-02-13,Nevada,057,99092,3867,3742,150,3892,47
2021-02-13,Orange,059,3164182,244124,241545,10031,251576,3520
2021-02-13,Placer,061,380077,20176,19214,1069,20283,230
2021-02-13,Plumas,063,18699,637,616,10,626,4
2021-02-13,Riverside,065,2383286,282470,275276,13256,288532,3462
2021-02-13,Sacramento,067,1510023,92247,90401,1169,91570,1302
2021-02-13,San Benito,069,59416,5656,5633,84,5717,56
2021-02-13,San Bernardino,071,2135413,283775,277405,8433,285838,2899
2021-02-13,San Diego,073,3302833,259397,251679,12493,264172,3009
2021-02-13,San Francisco,075,870044,33488,33291,1006,34297,364
2021-02-13,San Joaquin,077,732212,65583,64105,2664,66769,977
2021-02-13,San Luis Obispo,079,281455,19280,18803,531,19334,225
2021-02-13,San Mateo,081,765935,38787,37745,388,38133,277
2021-02-13,Santa Barbara,083,443738,31444,30594,1017,31611,374
2021-02-13,Santa Clara,085,1922200,107867,107125,543,107668,1570
2021-02-13,Santa Cruz,087,273765,15123,14198,763,14961,173
2021-02-13,Shasta,089,179085,10747,10713,1169,11882,139
2021-02-13,Sierra,091,2930,50,47,12,59,0
2021-02-13,Siskiyou,093,43540,1436,1336,220,1556,4
2021-02-13,Solano,095,438530,29356,29084,346,29430,148
2021-02-13,Sonoma,097,501317,27320,27157,171,27328,276
2021-02-13,Stanislaus,099,539301,49529,48568,5185,53753,697
2021-02-13,Sutter,101,95872,8669,8626,80,8706,94
2021-02-13,Tehama,103,63373,4534,4484,482,4966,30
2021-02-13,Trinity,105,12862,455,272,70,342,3
2021-02-13,Tulare,107,460477,47499,46162,7610,53772,709
2021-02-13,Tuolumne,109,53932,3745,3752,33,3785,49
2021-02-13,Ventura,111,848112,76319,75481,2708,78189,618
2021-02-13,Yolo,113,214977,12619,12374,204,12578,175
2021-02-13,Yuba,115,75493,5388,5289,82,5371,38
2021-02-12,Alameda,001,1643700,79074,77958,1679,79637,974
2021-02-12,Alpine,003,1148,78,76,0,76,0
2021-02-12,Amador,005,37829,3415,3381,29,3410,38
2021-02-12,Butte,007,227075,11127,10655,1566,12221,155
2021-02-12,Calaveras,009,45235,1870,1860,11,1871,21
2021-02-12,Colusa,011,21464,1854,1836,249,2085,10
2021-02-12,Contra Costa,013,1133247,61448,59878,1044,60922,620
2021-02-12,Del Norte,015,27424,947,901,4,905,2
2021-02-12,El Dorado,017,186661,8957,8725,598,9323,92
2021-02-12,Fresno,019,978130,94445,92520,7426,99946,1273
2021-02-12,Glenn,021,27897,2211,2175,480,2655,14
2021-02-12,Humboldt,023,135768,3005,2961,20,2981,29
2021-02-12,Imperial,025,180216,27061,26646,2446,29092,585
2021-02-12,Inyo,027,18085,1216,1156,9,1165,32
2021-02-12,Kern,029,883053,91829,89532,9397,98929,949
2021-02-12,Kings,031,150075,21918,21462,936,22398,202
2021-02-12,Lake,033,64148,3080,3012,1,3013,36
2021-02-12,Lassen,035,31185,5068,5015,92,5107,1
2021-02-12,Los Angeles,037,10098052,1159164,1131185,38275,1169460,18637
2021-02-12,Madera,039,155013,15292,15022,775,15797,106
2021-02-12,Marin,041,260295,12917,12720,152,12872,200
2021-02-12,Mariposa,043,17540,372,365,4,369,4
2021-02-12,Mendocino,045,87422,3572,3447,68,3515,38
2021-02-12,Merced,047,269075,27655,27453,852,28305,367
2021-02-12,Modoc,049,8938,336,324,112,436,3
2021-02-12,Mono,051,14174,1168,1172,16,1188,3
2021-02-12,Monterey,053,433212,41347,40633,1610,42243,297
2021-02-12,Napa,055,140530,8854,8785,33,8818,55
2021-02-12,Nevada,057,99092,3862,3728,150,3878,47
2021-02-12,Orange,059,3164182,243885,241075,10016,251091,3505
2021-02-12,Placer,061,380077,20134,19174,1064,20238,230
2021-02-12,Plumas,063,18699,636,614,10,624,4
2021-02-12,Riverside,065,2383286,282191,274792,13239,288031,3438
2021-02-12,Sacramento,067,1510023,92045,90252,1168,91420,1295
2021-02-12,San Benito,069,59416,5640,5622,83,5705,56
2021-02-12,San Bernardino,071,2135413,283585,276890,8422,285312,2827
2021-02-12,San Diego,073,3302833,259009,250788,12467,263255,2979
2021-02-12,San Francisco,075,870044,33428,33179,1002,34181,359
2021-02-12,San Joaquin,077,732212,65487,63966,2656,66622,975
2021-02-12,San Luis Obispo,079,281455,19239,18687,530,19217,224
2021-02-12,San Mateo,081,765935,38715,37560,388,37948,254
2021-02-12,Santa Barbara,083,443738,31373,30454,1012,31466,372
2021-02-12,Santa Clara,085,1922200,107695,106759,540,107299,1543
2021-02-12,Santa Cruz,087,273765,15103,14147,763,14910,170
2021-02-12,Shasta,089,179085,10729,10693,1159,11852,142
2021-02-12,Sierra,091,2930,49,45,12,57,0
2021-02-12,Siskiyou,093,43540,1432,1324,217,1541,4
2021-02-12,Solano,095,438530,29324,28996,343,29339,147
2021-02-12,Sonoma,097,501317,27265,27064,167,27231,275
2021-02-12,Stanislaus,099,539301,49441,48418,5163,53581,697
2021-02-12,Sutter,101,95872,8656,8609,80,8689,93
2021-02-12,Tehama,103,63373,4527,4470,481,4951,27
2021-02-12,Trinity,105,12862,455,269,70,339,3
2021-02-12,Tulare,107,460477,47421,46016,7583,53599,710
2021-02-12,Tuolumne,109,53932,3742,3736,32,3768,49
2021-02-12,Ventura,111,848112,76149,75210,2702,77912,605
2021-02-12,Yolo,113,214977,12598,12340,204,12544,175
2021-02-12,Yuba,115,75493,5380,5274,82,5356,38
2021-02-11,Alameda,001,1643700,78847,77564,1674,79238,960
2021-02-11,Alpine,003,1148,77,76,0,76,0
2021-02-11,Amador,005,37829,3411,3368,29,3397,35
2021-02-11,Butte,007,227075,11104,10624,1565,12189,155
2021-02-11,Calaveras,009,45235,1867,1856,11,1867,21
2021-02-11,Colusa,011,21464,1849,1823,247,2070,10
2021-02-11,Contra Costa,013,1133247,61281,59633,1040,60673,605
2021-02-11,Del Norte,015,27424,942,894,4,898,2
2021-02-11,El Dorado,017,186661,8936,8698,598,9296,92
2021-02-11,Fresno,019,978130,94292,92168,7401,99569,1255
2021-02-11,Glenn,021,27897,2206,2166,479,2645,14
2021-02-11,Humboldt,023,135768,2992,2954,19,2973,29
2021-02-11,Imperial,025,180216,27037,26545,2444,28989,578
2021-02-11,Inyo,027,18085,1207,1144,9,1153,32
2021-02-11,Kern,029,883053,91638,89224,9354,98578,941
2021-02-11,Kings,031,150075,21888,21373,933,22306,202
2021-02-11,Lake,033,64148,3070,3002,1,3003,36
2021-02-11,Lassen,035,31185,5057,5004,89,5093,1
2021-02-11,Los Angeles,037,10098052,1157533,1128437,38206,1166643,18500
2021-02-11,Madera,039,155013,15271,14984,773,15757,106
2021-02-11,Marin,041,260295,12880,12682,152,12834,200
2021-02-11,Mariposa,043,17540,372,361,4,365,4
2021-02-11,Mendocino,045,87422,3565,3420,68,3488,38
2021-02-11,Merced,047,269075,27589,27325,848,28173,363
2021-02-11,Modoc,049,8938,335,317,112,429,3
2021-02-11,Mono,051,14174,1164,1173,16,1189,3
2021-02-11,Monterey,053,433212,41241,40469,1604,42073,295
2021-02-11,Napa,055,140530,8833,8777,33,8810,55
2021-02-11,Nevada,057,99092,3846,3720,150,3870,47
2021-02-11,Orange,059,3164182,243518,240590,9992,250582,3476
2021-02-11,Placer,061,380077,20094,19118,1063,20181,224
2021-02-11,Plumas,063,18699,635,592,10,602,4
2021-02-11,Riverside,065,2383286,281825,274313,13224,287537,3394
2021-02-11,Sacramento,067,1510023,91802,89988,1162,91150,1286
2021-02-11,San Benito,069,59416,5631,5609,83,5692,56
2021-02-11,San Bernardino,071,2135413,283286,276349,8408,284757,2774
2021-02-11,San Diego,073,3302833,258456,249971,12433,262404,2955
2021-02-11,San Francisco,075,870044,33344,33076,993,34069,356
2021-02-11,San Joaquin,077,732212,65319,63719,2646,66365,971
2021-02-11,San Luis Obispo,079,281455,19174,18615,526,19141,219
2021-02-11,San Mateo,081,765935,38624,37439,386,37825,253
2021-02-11,Santa Barbara,083,443738,31275,30375,1007,31382,370
2021-02-11,Santa Clara,085,1922200,107435,106392,534,106926,1507
2021-02-11,Santa Cruz,087,273765,15080,14088,758,14846,165
2021-02-11,Shasta,089,179085,10705,10672,1155,11827,140
2021-02-11,Sierra,091,2930,49,45,12,57,0
2021-02-11,Siskiyou,093,43540,1417,1320,217,1537,4
2021-02-11,Solano,095,438530,29271,28885,343,29228,138
2021-02-11,Sonoma,097,501317,27180,26971,164,27135,272
2021-02-11,Stanislaus,099,539301,49296,48205,5151,53356,697
2021-02-11,Sutter,101,95872,8642,8590,79,8669,93
2021-02-11,Tehama,103,63373,4521,4463,481,4944,26
2021-02-11,Trinity,105,12862,455,269,70,339,3
2021-02-11,Tulare,107,460477,47326,45897,7542,53439,706
2021-02-11,Tuolumne,109,53932,3705,3716,32,3748,48
2021-02-11,Ventura,111,848112,75947,74959,2693,77652,590
2021-02-11,Yolo,113,214977,12574,12303,202,12505,173
2021-02-11,Yuba,115,75493,5366,5261,81,5342,38
2021-02-10,Alameda,001,1643700,78644,77344,1673,79017,944
2021-02-10,Alpine,003,1148,77,76,0,76,0
2021-02-10,Amador,005,37829,3399,3348,29,3377,35
2021-02-10,Butte,007,227075,11076,10594,1564,12158,155
2021-02-10,Calaveras,009,45235,1865,1850,11,1861,21
2021-02-10,Colusa,011,21464,1842,1815,245,2060,10
2021-02-10,Contra Costa,013,1133247,61106,59488,1038,60526,590
2021-02-10,Del Norte,015,27424,936,888,4,892,2
2021-02-10,El Dorado,017,186661,8905,8682,594,9276,87
2021-02-10,Fresno,019,978130,94117,91876,7375,99251,1247
2021-02-10,Glenn,021,27897,2202,2160,477,2637,14
2021-02-10,Humboldt,023,135768,2984,2924,19,2943,29
2021-02-10,Imperial,025,180216,26999,26522,2441,28963,578
2021-02-10,Inyo,027,18085,1195,1138,9,1147,30
2021-02-10,Kern,029,883053,91432,88933,9300,98233,926
2021-02-10,Kings,031,150075,21845,21294,931,22225,197
2021-02-10,Lake,033,64148,3057,2975,1,2976,36
2021-02-10,Lassen,035,31185,5053,4993,89,5082,1
2021-02-10,Los Angeles,037,10098052,1155786,1125437,38077,1163514,18338
2021-02-10,Madera,039,155013,15232,14925,771,15696,105
2021-02-10,Marin,041,260295,12843,12651,152,12803,199
2021-02-10,Mariposa,043,17540,370,360,4,364,4
2021-02-10,Mendocino,045,87422,3550,3395,68,3463,38
2021-02-10,Merced,047,269075,27506,27246,837,28083,359
2021-02-10,Modoc,049,8938,334,315,110,425,3
2021-02-10,Mono,051,14174,1159,1170,16,1186,3
2021-02-10,Monterey,053,433212,41164,40366,1589,41955,288
2021-02-10,Napa,055,140530,8814,8769,33,8802,55
2021-02-10,Nevada,057,99092,3831,3693,148,3841,47
2021-02-10,Orange,059,3164182,243101,239974,9961,249935,3439
2021-02-10,Placer,061,380077,20055,19062,1058,20120,220
2021-02-10,Plumas,063,18699,632,589,10,599,2
2021-02-10,Riverside,065,2383286,281397,273721,13214,286935,3374
2021-02-10,Sacramento,067,1510023,91551,89653,1158,90811,1275
2021-02-10,San Benito,069,59416,5617,5591,83,5674,55
2021-02-10,San Bernardino,071,2135413,282929,275616,8392,284008,2696
2021-02-10,San Diego,073,3302833,257874,248858,12395,261253,2904
2021-02-10,San Francisco,075,870044,33261,32955,990,33945,351
2021-02-10,San Joaquin,077,732212,65177,63484,2632,66116,954
2021-02-10,San Luis Obispo,079,281455,19095,18549,524,19073,216
2021-02-10,San Mateo,081,765935,38534,37323,386,37709,245
2021-02-10,Santa Barbara,083,443738,31184,30216,1002,31218,359
2021-02-10,Santa Clara,085,1922200,107195,106048,531,106579,1489
2021-02-10,Santa Cruz,087,273765,15044,14007,756,14763,165
2021-02-10,Shasta,089,179085,10682,10645,1152,11797,142
2021-02-10,Sierra,091,2930,49,45,12,57,0
2021-02-10,Siskiyou,093,43540,1412,1314,216,1530,4
2021-02-10,Solano,095,438530,29196,28835,341,29176,137
2021-02-10,Sonoma,097,501317,27084,26881,162,27043,271
2021-02-10,Stanislaus,099,539301,49179,48016,5135,53151,696
2021-02-10,Sutter,101,95872,8625,8571,79,8650,93
2021-02-10,Tehama,103,63373,4513,4445,481,4926,23
2021-02-10,Trinity,105,12862,452,268,70,338,3
2021-02-10,Tulare,107,460477,47209,45782,7503,53285,696
2021-02-10,Tuolumne,109,53932,3697,3691,32,3723,48
2021-02-10,Ventura,111,848112,75719,74651,2676,77327,580
2021-02-10,Yolo,113,214977,12550,12276,201,12477,174
2021-02-10,Yuba,115,75493,5348,5241,81,5322,38
2021-02-09,Alameda,001,1643700,78380,77018,1669,78687,936
2021-02-09,Alpine,003,1148,77,76,0,76,0
2021-02-09,Amador,005,37829,3391,3347,29,3376,35
2021-02-09,Butte,007,227075,11050,10563,1561,12124,153
2021-02-09,Calaveras,009,45235,1861,1847,11,1858,21
2021-02-09,Colusa,011,21464,1833,1812,240,2052,10
2021-02-09,Contra Costa,013,1133247,60917,59307,1032,60339,583
2021-02-09,Del Norte,015,27424,930,886,4,890,2
2021-02-09,El Dorado,017,186661,8878,8663,592,9255,87
2021-02-09,Fresno,019,978130,93875,91730,7347,99077,1211
2021-02-09,Glenn,021,27897,2198,2156,477,2633,14
2021-02-09,Humboldt,023,135768,2976,2904,19,2923,29
2021-02-09,Imperial,025,180216,26968,26509,2438,28947,568
2021-02-09,Inyo,027,18085,1187,1137,9,1146,30
2021-02-09,Kern,029,883053,91180,88684,9254,97938,920
2021-02-09,Kings,031,150075,21803,21275,929,22204,196
2021-02-09,Lake,033,64148,3046,2955,1,2956,36
2021-02-09,Lassen,035,31185,5046,4983,89,5072,1
2021-02-09,Los Angeles,037,10098052,1153812,1122745,37993,1160738,18198
2021-02-09,Madera,039,155013,15212,14912,768,15680,105
2021-02-09,Marin,041,260295,12810,12623,151,12774,197
2021-02-09,Mariposa,043,17540,368,355,4,359,4
2021-02-09,Mendocino,045,87422,3532,3369,68,3437,38
2021-02-09,Merced,047,269075,27408,27166,832,27998,354
2021-02-09,Modoc,049,8938,333,316,110,426,3
2021-02-09,Mono,051,14174,1158,1167,16,1183,3
2021-02-09,Monterey,053,433212,41056,40279,1576,41855,285
2021-02-09,Napa,055,140530,8801,8749,33,8782,55
2021-02-09,Nevada,057,99092,3815,3687,148,3835,44
2021-02-09,Orange,059,3164182,242689,239169,9930,249099,3406
2021-02-09,Placer,061,380077,19990,19008,1051,20059,220
2021-02-09,Plumas,063,18699,632,584,10,594,2
2021-02-09,Riverside,065,2383286,280903,273465,13197,286662,3334
2021-02-09,Sacramento,067,1510023,91239,89378,1157,90535,1265
2021-02-09,San Benito,069,59416,5605,5566,82,5648,54
2021-02-09,San Bernardino,071,2135413,282553,274998,8379,283377,2613
2021-02-09,San Diego,073,3302833,257216,248048,12352,260400,2853
2021-02-09,San Francisco,075,870044,33182,32782,980,33762,349
2021-02-09,San Joaquin,077,732212,65002,63341,2627,65968,937
2021-02-09,San Luis Obispo,079,281455,19036,18489,523,19012,216
2021-02-09,San Mateo,081,765935,38403,37227,385,37612,235
2021-02-09,Santa Barbara,083,443738,31072,30118,996,31114,351
2021-02-09,Santa Clara,085,1922200,106889,105762,528,106290,1463
2021-02-09,Santa Cruz,087,273765,14994,13958,751,14709,162
2021-02-09,Shasta,089,179085,10654,10595,1150,11745,139
2021-02-09,Sierra,091,2930,49,44,12,56,0
2021-02-09,Siskiyou,093,43540,1404,1306,214,1520,4
2021-02-09,Solano,095,438530,29117,28769,338,29107,131
2021-02-09,Sonoma,097,501317,26994,26826,160,26986,267
2021-02-09,Stanislaus,099,539301,49018,47906,5119,53025,679
2021-02-09,Sutter,101,95872,8609,8541,79,8620,92
2021-02-09,Tehama,103,63373,4506,4416,480,4896,22
2021-02-09,Trinity,105,12862,452,266,70,336,3
2021-02-09,Tulare,107,460477,47075,45704,7449,53153,686
2021-02-09,Tuolumne,109,53932,3678,3673,32,3705,48
2021-02-09,Ventura,111,848112,75467,74333,2668,77001,567
2021-02-09,Yolo,113,214977,12508,12220,201,12421,174
2021-02-09,Yuba,115,75493,5339,5235,81,5316,35
2021-02-08,Alameda,001,1643700,78117,76735,1664,78399,924
2021-02-08,Alpine,003,1148,77,73,0,73,0
2021-02-08,Amador,005,37829,3384,3344,28,3372,33
2021-02-08,Butte,007,227075,11028,10524,1557,12081,152
2021-02-08,Calaveras,009,45235,1860,1840,11,1851,21
2021-02-08,Colusa,011,21464,1825,1802,236,2038,10
2021-02-08,Contra Costa,013,1133247,60706,59039,1030,60069,567
2021-02-08,Del Norte,015,27424,927,885,4,889,2
2021-02-08,El Dorado,017,186661,8847,8627,589,9216,86
2021-02-08,Fresno,019,978130,93662,91430,7321,98751,1207
2021-02-08,Glenn,021,27897,2194,2148,475,2623,14
2021-02-08,Humboldt,023,135768,2968,2902,19,2921,29
2021-02-08,Imperial,025,180216,26946,26526,2436,28962,567
2021-02-08,Inyo,027,18085,1174,1126,9,1135,30
2021-02-08,Kern,029,883053,90963,88380,9194,97574,920
2021-02-08,Kings,031,150075,21741,21232,926,22158,195
2021-02-08,Lake,033,64148,3027,2949,1,2950,36
2021-02-08,Lassen,035,31185,5033,4976,89,5065,1
2021-02-08,Los Angeles,037,10098052,1151716,1120179,37871,1158050,17977
2021-02-08,Madera,039,155013,15176,14887,761,15648,93
2021-02-08,Marin,041,260295,12780,12591,151,12742,194
2021-02-08,Mariposa,043,17540,368,355,4,359,4
2021-02-08,Mendocino,045,87422,3518,3355,68,3423,38
2021-02-08,Merced,047,269075,27324,27082,827,27909,346
2021-02-08,Modoc,049,8938,331,318,110,428,3
2021-02-08,Mono,051,14174,1158,1165,16,1181,3
2021-02-08,Monterey,053,433212,40936,40186,1557,41743,283
2021-02-08,Napa,055,140530,8786,8719,33,8752,55
2021-02-08,Nevada,057,99092,3803,3671,148,3819,44
2021-02-08,Orange,059,3164182,242222,238715,9907,248622,3361
2021-02-08,Placer,061,380077,19948,18944,1045,19989,211
2021-02-08,Plumas,063,18699,631,584,10,594,2
2021-02-08,Riverside,065,2383286,280335,272904,13171,286075,3301
2021-02-08,Sacramento,067,1510023,90953,89267,1154,90421,1247
2021-02-08,San Benito,069,59416,5600,5553,81,5634,52
2021-02-08,San Bernardino,071,2135413,282150,274661,8373,283034,2587
2021-02-08,San Diego,073,3302833,256473,247259,12311,259570,2821
2021-02-08,San Francisco,075,870044,33088,32679,972,33651,348
2021-02-08,San Joaquin,077,732212,64841,63148,2617,65765,929
2021-02-08,San Luis Obispo,079,281455,18979,18421,518,18939,214
2021-02-08,San Mateo,081,765935,38294,37084,385,37469,232
2021-02-08,Santa Barbara,083,443738,30957,29978,989,30967,340
2021-02-08,Santa Clara,085,1922200,106565,105413,520,105933,1456
2021-02-08,Santa Cruz,087,273765,14955,13921,745,14666,161
2021-02-08,Shasta,089,179085,10627,10574,1144,11718,137
2021-02-08,Sierra,091,2930,49,44,12,56,0
2021-02-08,Siskiyou,093,43540,1401,1303,214,1517,4
2021-02-08,Solano,095,438530,29051,28644,336,28980,130
2021-02-08,Sonoma,097,501317,26903,26760,159,26919,259
2021-02-08,Stanislaus,099,539301,48863,47704,5091,52795,679
2021-02-08,Sutter,101,95872,8590,8526,79,8605,92
2021-02-08,Tehama,103,63373,4496,4403,477,4880,22
2021-02-08,Trinity,105,12862,450,266,70,336,3
2021-02-08,Tulare,107,460477,46967,45617,7409,53026,673
2021-02-08,Tuolumne,109,53932,3670,3647,32,3679,48
2021-02-08,Ventura,111,848112,75210,74068,2662,76730,565
2021-02-08,Yolo,113,214977,12476,12169,200,12369,162
2021-02-08,Yuba,115,75493,5323,5215,81,5296,35
2021-02-07,Alameda,001,1643700,77815,76500,1656,78156,924
2021-02-07,Alpine,003,1148,74,72,0,72,0
2021-02-07,Amador,005,37829,3363,3343,28,3371,33
2021-02-07,Butte,007,227075,10996,10513,1549,12062,152
2021-02-07,Calaveras,009,45235,1856,1837,11,1848,21
2021-02-07,Colusa,011,21464,1814,1795,234,2029,10
2021-02-07,Contra Costa,013,1133247,60464,58836,1025,59861,566
2021-02-07,Del Norte,015,27424,923,881,4,885,2
2021-02-07,El Dorado,017,186661,8818,8596,587,9183,86
2021-02-07,Fresno,019,978130,93432,91184,7283,98467,1207
2021-02-07,Glenn,021,27897,2190,2141,470,2611,14
2021-02-07,Humboldt,023,135768,2947,2895,19,2914,28
2021-02-07,Imperial,025,180216,26919,26518,2431,28949,567
2021-02-07,Inyo,027,18085,1163,1124,9,1133,27
2021-02-07,Kern,029,883053,90716,88146,9136,97282,920
2021-02-07,Kings,031,150075,21680,21180,923,22103,192
2021-02-07,Lake,033,64148,3012,2940,1,2941,36
2021-02-07,Lassen,035,31185,5022,4973,89,5062,1
2021-02-07,Los Angeles,037,10098052,1148957,1117551,37743,1155294,17889
2021-02-07,Madera,039,155013,15142,14850,757,15607,93
2021-02-07,Marin,041,260295,12747,12571,149,12720,194
2021-02-07,Mariposa,043,17540,367,355,4,359,4
2021-02-07,Mendocino,045,87422,3501,3348,68,3416,38
2021-02-07,Merced,047,269075,27212,26977,815,27792,346
2021-02-07,Modoc,049,8938,331,317,106,423,3
2021-02-07,Mono,051,14174,1155,1165,16,1181,3
2021-02-07,Monterey,053,433212,40800,40113,1538,41651,283
2021-02-07,Napa,055,140530,8763,8701,33,8734,55
2021-02-07,Nevada,057,99092,3792,3643,148,3791,44
2021-02-07,Orange,059,3164182,241623,238155,9873,248028,3336
2021-02-07,Placer,061,380077,19901,18903,1032,19935,211
2021-02-07,Plumas,063,18699,631,584,10,594,2
2021-02-07,Riverside,065,2383286,279807,272301,13150,285451,3267
2021-02-07,Sacramento,067,1510023,90620,88919,1147,90066,1246
2021-02-07,San Benito,069,59416,5581,5548,80,5628,52
2021-02-07,San Bernardino,071,2135413,281555,274316,8348,282664,2587
2021-02-07,San Diego,073,3302833,255687,246561,12247,258808,2821
2021-02-07,San Francisco,075,870044,32968,32609,960,33569,348
2021-02-07,San Joaquin,077,732212,64566,63051,2602,65653,929
2021-02-07,San Luis Obispo,079,281455,18907,18349,511,18860,214
2021-02-07,San Mateo,081,765935,38160,36984,383,37367,232
2021-02-07,Santa Barbara,083,443738,30817,29815,978,30793,340
2021-02-07,Santa Clara,085,1922200,106226,105118,510,105628,1450
2021-02-07,Santa Cruz,087,273765,14901,13887,740,14627,161
2021-02-07,Shasta,089,179085,10607,10570,1136,11706,137
2021-02-07,Sierra,091,2930,49,43,12,55,0
2021-02-07,Siskiyou,093,43540,1394,1295,212,1507,4
2021-02-07,Solano,095,438530,28940,28567,335,28902,130
2021-02-07,Sonoma,097,501317,26796,26684,155,26839,257
2021-02-07,Stanislaus,099,539301,48673,47551,5059,52610,679
2021-02-07,Sutter,101,95872,8562,8515,79,8594,92
2021-02-07,Tehama,103,63373,4480,4396,476,4872,22
2021-02-07,Trinity,105,12862,447,264,68,332,3
2021-02-07,Tulare,107,460477,46845,45520,7331,52851,671
2021-02-07,Tuolumne,109,53932,3646,3619,31,3650,48
2021-02-07,Ventura,111,848112,74899,73759,2650,76409,561
2021-02-07,Yolo,113,214977,12431,12135,200,12335,162
2021-02-07,Yuba,115,75493,5308,5198,79,5277,35
2021-02-06,Alameda,001,1643700,77661,76170,1645,77815,922
2021-02-06,Alpine,003,1148,74,72,0,72,0
2021-02-06,Amador,005,37829,3357,3306,28,3334,33
2021-02-06,Butte,007,227075,10979,10480,1545,12025,150
2021-02-06,Calaveras,009,45235,1854,1832,11,1843,21
2021-02-06,Colusa,011,21464,1812,1791,233,2024,10
2021-02-06,Contra Costa,013,1133247,60317,58567,1019,59586,566
2021-02-06,Del Norte,015,27424,919,879,4,883,2
2021-02-06,El Dorado,017,186661,8811,8575,583,9158,86
2021-02-06,Fresno,019,978130,93319,90944,7262,98206,1207
2021-02-06,Glenn,021,27897,2188,2136,469,2605,14
2021-02-06,Humboldt,023,135768,2936,2880,19,2899,28
2021-02-06,Imperial,025,180216,26907,26514,2430,28944,567
2021-02-06,Inyo,027,18085,1160,1113,9,1122,27
2021-02-06,Kern,029,883053,90562,87919,9090,97009,912
2021-02-06,Kings,031,150075,21650,21156,923,22079,190
2021-02-06,Lake,033,64148,3007,2920,1,2921,34
2021-02-06,Lassen,035,31185,5018,4964,88,5052,1
2021-02-06,Los Angeles,037,10098052,1147602,1114718,37645,1152363,17793
2021-02-06,Madera,039,155013,15121,14807,755,15562,93
2021-02-06,Marin,041,260295,12727,12531,149,12680,194
2021-02-06,Mariposa,043,17540,366,355,3,358,4
2021-02-06,Mendocino,045,87422,3483,3316,67,3383,38
2021-02-06,Merced,047,269075,27126,26881,807,27688,346
2021-02-06,Modoc,049,8938,331,313,106,419,3
2021-02-06,Mono,051,14174,1154,1159,16,1175,3
2021-02-06,Monterey,053,433212,40742,39995,1530,41525,282
2021-02-06,Napa,055,140530,8750,8639,33,8672,55
2021-02-06,Nevada,057,99092,3780,3624,148,3772,43
2021-02-06,Orange,059,3164182,241260,237391,9839,247230,3293
2021-02-06,Placer,061,380077,19864,18836,1029,19865,211
2021-02-06,Plumas,063,18699,631,584,10,594,2
2021-02-06,Riverside,065,2383286,279438,271741,13131,284872,3243
2021-02-06,Sacramento,067,1510023,90403,88532,1137,89669,1237
2021-02-06,San Benito,069,59416,5563,5516,80,5596,52
2021-02-06,San Bernardino,071,2135413,281246,273718,8325,282043,2564
2021-02-06,San Diego,073,3302833,255191,245331,12212,257543,2812
2021-02-06,San Francisco,075,870044,32894,32437,950,33387,346
2021-02-06,San Joaquin,077,732212,64487,62840,2591,65431,906
2021-02-06,San Luis Obispo,079,281455,18865,18284,507,18791,214
2021-02-06,San Mateo,081,765935,38092,36824,380,37204,232
2021-02-06,Santa Barbara,083,443738,30741,29645,976,30621,337
2021-02-06,Santa Clara,085,1922200,106004,104639,505,105144,1439
2021-02-06,Santa Cruz,087,273765,14870,13845,736,14581,161
2021-02-06,Shasta,089,179085,10596,10561,1134,11695,137
2021-02-06,Sierra,091,2930,49,43,12,55,0
2021-02-06,Siskiyou,093,43540,1391,1289,211,1500,4
2021-02-06,Solano,095,438530,28904,28446,334,28780,129
2021-02-06,Sonoma,097,501317,26759,26564,153,26717,257
2021-02-06,Stanislaus,099,539301,48577,47325,5043,52368,679
2021-02-06,Sutter,101,95872,8554,8485,79,8564,92
2021-02-06,Tehama,103,63373,4470,4380,475,4855,22
2021-02-06,Trinity,105,12862,447,263,68,331,3
2021-02-06,Tulare,107,460477,46777,45349,7284,52633,664
2021-02-06,Tuolumne,109,53932,3639,3612,31,3643,48
2021-02-06,Ventura,111,848112,74719,73431,2644,76075,552
2021-02-06,Yolo,113,214977,12408,12061,200,12261,161
2021-02-06,Yuba,115,75493,5298,5177,78,5255,35
2021-02-05,Alameda,001,1643700,77433,75716,1643,77359,916
2021-02-05,Alpine,003,1148,74,72,0,72,0
2021-02-05,Amador,005,37829,3352,3299,27,3326,33
2021-02-05,Butte,007,227075,10960,10421,1538,11959,150
2021-02-05,Calaveras,009,45235,1850,1818,11,1829,21
2021-02-05,Colusa,011,21464,1808,1785,233,2018,10
2021-02-05,Contra Costa,013,1133247,60156,58195,1017,59212,560
2021-02-05,Del Norte,015,27424,918,874,4,878,2
2021-02-05,El Dorado,017,186661,8791,8527,581,9108,86
2021-02-05,Fresno,019,978130,93117,90513,7241,97754,1194
2021-02-05,Glenn,021,27897,2185,2122,463,2585,14
2021-02-05,Humboldt,023,135768,2926,2857,19,2876,28
2021-02-05,Imperial,025,180216,26888,26474,2429,28903,557
2021-02-05,Inyo,027,18085,1156,1104,9,1113,27
2021-02-05,Kern,029,883053,90393,87470,9023,96493,906
2021-02-05,Kings,031,150075,21612,21021,920,21941,190
2021-02-05,Lake,033,64148,2995,2906,1,2907,33
2021-02-05,Lassen,035,31185,5014,4936,88,5024,1
2021-02-05,Los Angeles,037,10098052,1145499,1110384,37514,1147898,17608
2021-02-05,Madera,039,155013,15087,14752,750,15502,95
2021-02-05,Marin,041,260295,12692,12479,149,12628,193
2021-02-05,Mariposa,043,17540,366,352,3,355,4
2021-02-05,Mendocino,045,87422,3469,3272,67,3339,38
2021-02-05,Merced,047,269075,27066,26760,806,27566,345
2021-02-05,Modoc,049,8938,331,312,106,418,3
2021-02-05,Mono,051,14174,1153,1157,16,1173,3
2021-02-05,Monterey,053,433212,40675,39840,1519,41359,281
2021-02-05,Napa,055,140530,8736,8598,33,8631,55
2021-02-05,Nevada,057,99092,3777,3607,148,3755,43
2021-02-05,Orange,059,3164182,240833,236335,9812,246147,3260
2021-02-05,Placer,061,380077,19828,18756,1027,19783,211
2021-02-05,Plumas,063,18699,629,578,10,588,2
2021-02-05,Riverside,065,2383286,279024,270666,13112,283778,3235
2021-02-05,Sacramento,067,1510023,90223,87992,1130,89122,1231
2021-02-05,San Benito,069,59416,5552,5502,80,5582,51
2021-02-05,San Bernardino,071,2135413,280902,272938,8307,281245,2495
2021-02-05,San Diego,073,3302833,254615,244066,12177,256243,2777
2021-02-05,San Francisco,075,870044,32804,32229,939,33168,337
2021-02-05,San Joaquin,077,732212,64337,62565,2583,65148,902
2021-02-05,San Luis Obispo,079,281455,18804,18152,503,18655,213
2021-02-05,San Mateo,081,765935,38009,36582,379,36961,227
2021-02-05,Santa Barbara,083,443738,30644,29455,963,30418,334
2021-02-05,Santa Clara,085,1922200,105756,104112,503,104615,1421
2021-02-05,Santa Cruz,087,273765,14849,13776,734,14510,161
2021-02-05,Shasta,089,179085,10580,10507,1127,11634,136
2021-02-05,Sierra,091,2930,49,42,12,54,0
2021-02-05,Siskiyou,093,43540,1384,1276,209,1485,4
2021-02-05,Solano,095,438530,28854,28283,334,28617,127
2021-02-05,Sonoma,097,501317,26690,26423,150,26573,252
2021-02-05,Stanislaus,099,539301,48432,47024,5025,52049,678
2021-02-05,Sutter,101,95872,8534,8443,79,8522,92
2021-02-05,Tehama,103,63373,4461,4355,474,4829,22
2021-02-05,Trinity,105,12862,446,260,68,328,3
2021-02-05,Tulare,107,460477,46701,45138,7235,52373,663
2021-02-05,Tuolumne,109,53932,3613,3595,31,3626,45
2021-02-05,Ventura,111,848112,74474,72953,2632,75585,546
2021-02-05,Yolo,113,214977,12389,12025,195,12220,162
2021-02-05,Yuba,115,75493,5281,5145,78,5223,35
2021-02-04,Alameda,001,1643700,77148,75422,1637,77059,899
2021-02-04,Alpine,003,1148,73,72,0,72,0
2021-02-04,Amador,005,37829,3349,3288,27,3315,33
2021-02-04,Butte,007,227075,10927,10386,1530,11916,147
2021-02-04,Calaveras,009,45235,1848,1808,11,1819,21
2021-02-04,Colusa,011,21464,1804,1777,231,2008,10
2021-02-04,Contra Costa,013,1133247,59968,57991,1013,59004,550
2021-02-04,Del Norte,015,27424,912,870,4,874,2
2021-02-04,El Dorado,017,186661,8765,8490,578,9068,86
2021-02-04,Fresno,019,978130,92902,90126,7214,97340,1114
2021-02-04,Glenn,021,27897,2180,2102,462,2564,14
2021-02-04,Humboldt,023,135768,2916,2827,19,2846,28
2021-02-04,Imperial,025,180216,26843,26411,2427,28838,556
2021-02-04,Inyo,027,18085,1144,1084,9,1093,27
2021-02-04,Kern,029,883053,90119,87156,8946,96102,898
2021-02-04,Kings,031,150075,21561,20918,913,21831,187
2021-02-04,Lake,033,64148,2983,2882,1,2883,34
2021-02-04,Lassen,035,31185,5011,4927,88,5015,1
2021-02-04,Los Angeles,037,10098052,1142701,1106323,37387,1143710,17396
2021-02-04,Madera,039,155013,15057,14706,747,15453,95
2021-02-04,Marin,041,260295,12656,12431,149,12580,192
2021-02-04,Mariposa,043,17540,366,348,3,351,4
2021-02-04,Mendocino,045,87422,3451,3240,65,3305,38
2021-02-04,Merced,047,269075,26972,26629,803,27432,345
2021-02-04,Modoc,049,8938,331,309,106,415,3
2021-02-04,Mono,051,14174,1151,1153,16,1169,3
2021-02-04,Monterey,053,433212,40564,39619,1502,41121,279
2021-02-04,Napa,055,140530,8707,8573,33,8606,55
2021-02-04,Nevada,057,99092,3757,3590,147,3737,37
2021-02-04,Orange,059,3164182,240190,235677,9770,245447,3238
2021-02-04,Placer,061,380077,19768,18711,1018,19729,210
2021-02-04,Plumas,063,18699,626,562,10,572,2
2021-02-04,Riverside,065,2383286,278260,269851,13073,282924,3230
2021-02-04,Sacramento,067,1510023,89922,87658,1120,88778,1222
2021-02-04,San Benito,069,59416,5538,5488,79,5567,51
2021-02-04,San Bernardino,071,2135413,280353,272223,8287,280510,2409
2021-02-04,San Diego,073,3302833,253827,242613,12111,254724,2738
2021-02-04,San Francisco,075,870044,32690,32116,930,33046,326
2021-02-04,San Joaquin,077,732212,64112,62374,2575,64949,883
2021-02-04,San Luis Obispo,079,281455,18737,18058,501,18559,211
2021-02-04,San Mateo,081,765935,37888,36437,376,36813,226
2021-02-04,Santa Barbara,083,443738,30509,29344,946,30290,322
2021-02-04,Santa Clara,085,1922200,105413,103781,500,104281,1404
2021-02-04,Santa Cruz,087,273765,14816,13713,726,14439,156
2021-02-04,Shasta,089,179085,10554,10466,1122,11588,131
2021-02-04,Sierra,091,2930,49,42,12,54,0
2021-02-04,Siskiyou,093,43540,1375,1273,209,1482,4
2021-02-04,Solano,095,438530,28751,28192,332,28524,120
2021-02-04,Sonoma,097,501317,26608,26276,146,26422,249
2021-02-04,Stanislaus,099,539301,48270,46822,5006,51828,678
2021-02-04,Sutter,101,95872,8514,8401,79,8480,92
2021-02-04,Tehama,103,63373,4444,4327,473,4800,21
2021-02-04,Trinity,105,12862,445,260,67,327,3
2021-02-04,Tulare,107,460477,46574,44983,7173,52156,656
2021-02-04,Tuolumne,109,53932,3573,3585,31,3616,45
2021-02-04,Ventura,111,848112,74142,72595,2619,75214,537
2021-02-04,Yolo,113,214977,12355,11982,194,12176,161
2021-02-04,Yuba,115,75493,5255,5135,78,5213,34
2021-02-03,Alameda,001,1643700,76824,74968,1633,76601,880
2021-02-03,Alpine,003,1148,73,72,0,72,0
2021-02-03,Amador,005,37829,3345,3281,27,3308,33
2021-02-03,Butte,007,227075,10895,10355,1523,11878,144
2021-02-03,Calaveras,009,45235,1833,1799,11,1810,21
2021-02-03,Colusa,011,21464,1799,1773,230,2003,10
2021-02-03,Contra Costa,013,1133247,59728,57762,1001,58763,537
2021-02-03,Del Norte,015,27424,907,869,4,873,2
2021-02-03,El Dorado,017,186661,8744,8428,577,9005,86
2021-02-03,Fresno,019,978130,92681,89748,7175,96923,1015
2021-02-03,Glenn,021,27897,2170,2098,461,2559,14
2021-02-03,Humboldt,023,135768,2906,2800,19,2819,27
2021-02-03,Imperial,025,180216,26807,26363,2421,28784,547
2021-02-03,Inyo,027,18085,1134,1071,9,1080,27
2021-02-03,Kern,029,883053,89876,86771,8905,95676,877
2021-02-03,Kings,031,150075,21500,20831,911,21742,172
2021-02-03,Lake,033,64148,2965,2869,1,2870,33
2021-02-03,Lassen,035,31185,4999,4910,88,4998,1
2021-02-03,Los Angeles,037,10098052,1139617,1101890,37263,1139153,17163
2021-02-03,Madera,039,155013,15017,14605,745,15350,94
2021-02-03,Marin,041,260295,12621,12406,149,12555,190
2021-02-03,Mariposa,043,17540,365,347,3,350,4
2021-02-03,Mendocino,045,87422,3425,3236,64,3300,38
2021-02-03,Merced,047,269075,26857,26520,798,27318,343
2021-02-03,Modoc,049,8938,330,308,106,414,3
2021-02-03,Mono,051,14174,1144,1146,16,1162,3
2021-02-03,Monterey,053,433212,40437,39500,1485,40985,279
2021-02-03,Napa,055,140530,8672,8534,33,8567,54
2021-02-03,Nevada,057,99092,3743,3572,147,3719,35
2021-02-03,Orange,059,3164182,239446,234738,9738,244476,3189
2021-02-03,Placer,061,380077,19713,18646,1016,19662,210
2021-02-03,Plumas,063,18699,626,559,10,569,2
2021-02-03,Riverside,065,2383286,277519,269019,13042,282061,3195
2021-02-03,Sacramento,067,1510023,89599,87415,1116,88531,1212
2021-02-03,San Benito,069,59416,5520,5463,76,5539,51
2021-02-03,San Bernardino,071,2135413,279866,271477,8264,279741,2308
2021-02-03,San Diego,073,3302833,252925,241015,12065,253080,2683
2021-02-03,San Francisco,075,870044,32560,31983,925,32908,325
2021-02-03,San Joaquin,077,732212,63884,61976,2565,64541,880
2021-02-03,San Luis Obispo,079,281455,18659,17922,498,18420,206
2021-02-03,San Mateo,081,765935,37750,36227,372,36599,225
2021-02-03,Santa Barbara,083,443738,30360,29121,936,30057,315
2021-02-03,Santa Clara,085,1922200,105097,103278,498,103776,1364
2021-02-03,Santa Cruz,087,273765,14761,13611,720,14331,154
2021-02-03,Shasta,089,179085,10511,10422,1117,11539,130
2021-02-03,Sierra,091,2930,49,42,12,54,0
2021-02-03,Siskiyou,093,43540,1364,1268,208,1476,4
2021-02-03,Solano,095,438530,28629,28057,332,28389,119
2021-02-03,Sonoma,097,501317,26524,26155,145,26300,248
2021-02-03,Stanislaus,099,539301,48094,46598,4987,51585,662
2021-02-03,Sutter,101,95872,8489,8379,79,8458,90
2021-02-03,Tehama,103,63373,4426,4309,470,4779,21
2021-02-03,Trinity,105,12862,445,260,66,326,3
2021-02-03,Tulare,107,460477,46403,44838,7117,51955,640
2021-02-03,Tuolumne,109,53932,3562,3568,31,3599,45
2021-02-03,Ventura,111,848112,73805,72124,2609,74733,526
2021-02-03,Yolo,113,214977,12330,11933,193,12126,161
2021-02-03,Yuba,115,75493,5237,5124,78,5202,34
2021-02-02,Alameda,001,1643700,76478,74642,1621,76263,869
2021-02-02,Alpine,003,1148,73,72,0,72,0
2021-02-02,Amador,005,37829,3314,3275,27,3302,33
2021-02-02,Butte,007,227075,10869,10307,1514,11821,141
2021-02-02,Calaveras,009,45235,1824,1786,11,1797,21
2021-02-02,Colusa,011,21464,1791,1769,225,1994,9
2021-02-02,Contra Costa,013,1133247,59449,57551,997,58548,536
2021-02-02,Del Norte,015,27424,901,868,4,872,2
2021-02-02,El Dorado,017,186661,8704,8405,577,8982,84
2021-02-02,Fresno,019,978130,92380,89542,7139,96681,1009
2021-02-02,Glenn,021,27897,2158,2090,458,2548,14
2021-02-02,Humboldt,023,135768,2894,2784,19,2803,25
2021-02-02,Imperial,025,180216,26754,26317,2415,28732,535
2021-02-02,Inyo,027,18085,1131,1074,9,1083,27
2021-02-02,Kern,029,883053,89573,86485,8829,95314,867
2021-02-02,Kings,031,150075,21422,20785,903,21688,172
2021-02-02,Lake,033,64148,2945,2857,1,2858,33
2021-02-02,Lassen,035,31185,4992,4908,88,4996,1
2021-02-02,Los Angeles,037,10098052,1136232,1097573,37100,1134673,16913
2021-02-02,Madera,039,155013,14966,14595,740,15335,94
2021-02-02,Marin,041,260295,12592,12367,149,12516,189
2021-02-02,Mariposa,043,17540,362,345,3,348,4
2021-02-02,Mendocino,045,87422,3392,3210,64,3274,38
2021-02-02,Merced,047,269075,26760,26427,792,27219,340
2021-02-02,Modoc,049,8938,325,306,106,412,3
2021-02-02,Mono,051,14174,1142,1147,16,1163,3
2021-02-02,Monterey,053,433212,40302,39371,1471,40842,278
2021-02-02,Napa,055,140530,8643,8505,33,8538,53
2021-02-02,Nevada,057,99092,3728,3548,147,3695,20
2021-02-02,Orange,059,3164182,238644,233783,9703,243486,3152
2021-02-02,Placer,061,380077,19655,18615,1012,19627,205
2021-02-02,Plumas,063,18699,626,560,10,570,2
2021-02-02,Riverside,065,2383286,276660,267901,13008,280909,3169
2021-02-02,Sacramento,067,1510023,89309,87107,1105,88212,1202
2021-02-02,San Benito,069,59416,5506,5444,75,5519,50
2021-02-02,San Bernardino,071,2135413,279187,270486,8234,278720,2244
2021-02-02,San Diego,073,3302833,251886,240047,11978,252025,2629
2021-02-02,San Francisco,075,870044,32406,31788,915,32703,324
2021-02-02,San Joaquin,077,732212,63663,61708,2552,64260,878
2021-02-02,San Luis Obispo,079,281455,18565,17811,496,18307,201
2021-02-02,San Mateo,081,765935,37586,36004,366,36370,225
2021-02-02,Santa Barbara,083,443738,30189,28951,929,29880,304
2021-02-02,Santa Clara,085,1922200,104631,102872,493,103365,1349
2021-02-02,Santa Cruz,087,273765,14702,13572,716,14288,150
2021-02-02,Shasta,089,179085,10485,10371,1107,11478,128
2021-02-02,Sierra,091,2930,49,42,12,54,0
2021-02-02,Siskiyou,093,43540,1357,1252,205,1457,4
2021-02-02,Solano,095,438530,28533,27963,328,28291,118
2021-02-02,Sonoma,097,501317,26408,26054,145,26199,247
2021-02-02,Stanislaus,099,539301,47874,46306,4955,51261,641
2021-02-02,Sutter,101,95872,8466,8340,79,8419,89
2021-02-02,Tehama,103,63373,4412,4289,469,4758,21
2021-02-02,Trinity,105,12862,445,260,66,326,3
2021-02-02,Tulare,107,460477,46247,44720,7051,51771,625
2021-02-02,Tuolumne,109,53932,3550,3548,31,3579,39
2021-02-02,Ventura,111,848112,73387,71557,2599,74156,514
2021-02-02,Yolo,113,214977,12285,11886,186,12072,158
2021-02-02,Yuba,115,75493,5219,5111,77,5188,34
2021-02-01,Alameda,001,1643700,76122,74374,1616,75990,858
2021-02-01,Alpine,003,1148,73,72,0,72,0
2021-02-01,Amador,005,37829,3303,3234,27,3261,32
2021-02-01,Butte,007,227075,10825,10263,1510,11773,141
2021-02-01,Calaveras,009,45235,1817,1785,11,1796,21
2021-02-01,Colusa,011,21464,1786,1763,216,1979,9
2021-02-01,Contra Costa,013,1133247,59206,57324,996,58320,531
2021-02-01,Del Norte,015,27424,897,865,4,869,2
2021-02-01,El Dorado,017,186661,8665,8337,577,8914,83
2021-02-01,Fresno,019,978130,92048,89272,7104,96376,994
2021-02-01,Glenn,021,27897,2142,2086,450,2536,14
2021-02-01,Humboldt,023,135768,2873,2773,18,2791,25
2021-02-01,Imperial,025,180216,26710,26224,2413,28637,530
2021-02-01,Inyo,027,18085,1121,1072,9,1081,27
2021-02-01,Kern,029,883053,89175,86170,8760,94930,862
2021-02-01,Kings,031,150075,21331,20746,895,21641,172
2021-02-01,Lake,033,64148,2929,2843,1,2844,33
2021-02-01,Lassen,035,31185,4972,4907,88,4995,1
2021-02-01,Los Angeles,037,10098052,1132407,1094341,36932,1131273,16695
2021-02-01,Madera,039,155013,14931,14572,737,15309,94
2021-02-01,Marin,041,260295,12553,12341,148,12489,188
2021-02-01,Mariposa,043,17540,360,344,3,347,4
2021-02-01,Mendocino,045,87422,3359,3192,64,3256,37
2021-02-01,Merced,047,269075,26636,26282,783,27065,337
2021-02-01,Modoc,049,8938,319,303,102,405,1
2021-02-01,Mono,051,14174,1139,1145,16,1161,3
2021-02-01,Monterey,053,433212,40118,39196,1449,40645,278
2021-02-01,Napa,055,140530,8611,8449,33,8482,52
2021-02-01,Nevada,057,99092,3711,3535,146,3681,20
2021-02-01,Orange,059,3164182,237731,233155,9657,242812,3100
2021-02-01,Placer,061,380077,19588,18574,1005,19579,204
2021-02-01,Plumas,063,18699,624,554,10,564,2
2021-02-01,Riverside,065,2383286,275722,267025,12971,279996,3092
2021-02-01,Sacramento,067,1510023,88908,86856,1094,87950,1193
2021-02-01,San Benito,069,59416,5488,5432,75,5507,48
2021-02-01,San Bernardino,071,2135413,278492,270012,8194,278206,2172
2021-02-01,San Diego,073,3302833,250661,239121,11902,251023,2619
2021-02-01,San Francisco,075,870044,32271,31703,903,32606,324
2021-02-01,San Joaquin,077,732212,63457,61542,2541,64083,877
2021-02-01,San Luis Obispo,079,281455,18445,17690,489,18179,199
2021-02-01,San Mateo,081,765935,37437,35843,366,36209,220
2021-02-01,Santa Barbara,083,443738,30020,28837,921,29758,297
2021-02-01,Santa Clara,085,1922200,104214,102462,492,102954,1343
2021-02-01,Santa Cruz,087,273765,14649,13524,714,14238,149
2021-02-01,Shasta,089,179085,10460,10329,1101,11430,112
2021-02-01,Sierra,091,2930,49,42,12,54,0
2021-02-01,Siskiyou,093,43540,1350,1238,202,1440,4
2021-02-01,Solano,095,438530,28428,27844,327,28171,117
2021-02-01,Sonoma,097,501317,26320,26011,144,26155,243
2021-02-01,Stanislaus,099,539301,47617,46112,4927,51039,642
2021-02-01,Sutter,101,95872,8427,8313,79,8392,89
2021-02-01,Tehama,103,63373,4386,4263,469,4732,21
2021-02-01,Trinity,105,12862,443,260,66,326,3
2021-02-01,Tulare,107,460477,46102,44569,6970,51539,618
2021-02-01,Tuolumne,109,53932,3542,3534,31,3565,39
2021-02-01,Ventura,111,848112,72982,71104,2582,73686,502
2021-02-01,Yolo,113,214977,12237,11824,178,12002,151
2021-02-01,Yuba,115,75493,5205,5084,76,5160,33
2021-01-31,Alameda,001,1643700,75693,73979,1608,75587,857
2021-01-31,Alpine,003,1148,73,72,0,72,0
2021-01-31,Amador,005,37829,3293,3212,25,3237,32
2021-01-31,Butte,007,227075,10780,10215,1500,11715,140
2021-01-31,Calaveras,009,45235,1797,1778,11,1789,21
2021-01-31,Colusa,011,21464,1780,1754,211,1965,9
2021-01-31,Contra Costa,013,1133247,58874,57079,996,58075,531
2021-01-31,Del Norte,015,27424,895,865,4,869,2
2021-01-31,El Dorado,017,186661,8629,8317,575,8892,83
2021-01-31,Fresno,019,978130,91736,88852,7050,95902,994
2021-01-31,Glenn,021,27897,2132,2083,449,2532,14
2021-01-31,Humboldt,023,135768,2857,2767,18,2785,25
2021-01-31,Imperial,025,180216,26638,26206,2404,28610,530
2021-01-31,Inyo,027,18085,1108,1072,9,1081,27
2021-01-31,Kern,029,883053,88679,85872,8674,94546,861
2021-01-31,Kings,031,150075,21246,20709,883,21592,172
2021-01-31,Lake,033,64148,2908,2826,1,2827,33
2021-01-31,Lassen,035,31185,4956,4900,88,4988,1
2021-01-31,Los Angeles,037,10098052,1127778,1090304,36728,1127032,16609
2021-01-31,Madera,039,155013,14877,14496,729,15225,94
2021-01-31,Marin,041,260295,12506,12297,144,12441,185
2021-01-31,Mariposa,043,17540,358,344,3,347,4
2021-01-31,Mendocino,045,87422,3336,3181,63,3244,37
2021-01-31,Merced,047,269075,26492,26222,778,27000,337
2021-01-31,Modoc,049,8938,316,304,100,404,1
2021-01-31,Mono,051,14174,1136,1146,16,1162,3
2021-01-31,Monterey,053,433212,39939,39035,1422,40457,278
2021-01-31,Napa,055,140530,8569,8404,33,8437,52
2021-01-31,Nevada,057,99092,3689,3518,144,3662,20
2021-01-31,Orange,059,3164182,236714,232347,9615,241962,3053
2021-01-31,Placer,061,380077,19511,18506,994,19500,204
2021-01-31,Plumas,063,18699,623,554,10,564,2
2021-01-31,Riverside,065,2383286,274704,266145,12924,279069,3074
2021-01-31,Sacramento,067,1510023,88466,86560,1080,87640,1186
2021-01-31,San Benito,069,59416,5466,5425,73,5498,48
2021-01-31,San Bernardino,071,2135413,277464,269533,8163,277696,2156
2021-01-31,San Diego,073,3302833,249348,238039,11788,249827,2619
2021-01-31,San Francisco,075,870044,32080,31563,892,32455,323
2021-01-31,San Joaquin,077,732212,63056,61379,2532,63911,877
2021-01-31,San Luis Obispo,079,281455,18311,17615,484,18099,199
2021-01-31,San Mateo,081,765935,37247,35659,363,36022,219
2021-01-31,Santa Barbara,083,443738,29776,28570,912,29482,297
2021-01-31,Santa Clara,085,1922200,103664,101986,483,102469,1330
2021-01-31,Santa Cruz,087,273765,14554,13469,700,14169,149
2021-01-31,Shasta,089,179085,10415,10313,1092,11405,112
2021-01-31,Sierra,091,2930,48,43,12,55,0
2021-01-31,Siskiyou,093,43540,1340,1238,202,1440,4
2021-01-31,Solano,095,438530,28298,27678,326,28004,118
2021-01-31,Sonoma,097,501317,26217,25925,143,26068,243
2021-01-31,Stanislaus,099,539301,47333,45971,4895,50866,642
2021-01-31,Sutter,101,95872,8382,8289,79,8368,89
2021-01-31,Tehama,103,63373,4364,4256,468,4724,21
2021-01-31,Trinity,105,12862,441,260,66,326,3
2021-01-31,Tulare,107,460477,45934,44440,6889,51329,618
2021-01-31,Tuolumne,109,53932,3504,3519,31,3550,39
2021-01-31,Ventura,111,848112,72387,70635,2569,73204,502
2021-01-31,Yolo,113,214977,12176,11771,172,11943,151
2021-01-31,Yuba,115,75493,5185,5071,76,5147,33
2021-01-30,Alameda,001,1643700,75488,73622,1603,75225,850
2021-01-30,Alpine,003,1148,73,72,0,72,0
2021-01-30,Amador,005,37829,3289,3181,25,3206,32
2021-01-30,Butte,007,227075,10746,10177,1491,11668,139
2021-01-30,Calaveras,009,45235,1784,1763,11,1774,21
2021-01-30,Colusa,011,21464,1778,1748,211,1959,9
2021-01-30,Contra Costa,013,1133247,58691,56763,992,57755,531
2021-01-30,Del Norte,015,27424,894,865,4,869,2
2021-01-30,El Dorado,017,186661,8609,8299,574,8873,83
2021-01-30,Fresno,019,978130,91556,88476,7030,95506,964
2021-01-30,Glenn,021,27897,2129,2074,447,2521,14
2021-01-30,Humboldt,023,135768,2846,2742,18,2760,24
2021-01-30,Imperial,025,180216,26614,26160,2402,28562,530
2021-01-30,Inyo,027,18085,1104,1068,9,1077,27
2021-01-30,Kern,029,883053,88478,85572,8608,94180,848
2021-01-30,Kings,031,150075,21175,20605,878,21483,169
2021-01-30,Lake,033,64148,2902,2809,1,2810,33
2021-01-30,Lassen,035,31185,4952,4890,88,4978,1
2021-01-30,Los Angeles,037,10098052,1125379,1084763,36586,1121349,16484
2021-01-30,Madera,039,155013,14835,14443,724,15167,94
2021-01-30,Marin,041,260295,12478,12225,143,12368,185
2021-01-30,Mariposa,043,17540,356,344,3,347,4
2021-01-30,Mendocino,045,87422,3322,3153,62,3215,36
2021-01-30,Merced,047,269075,26418,26078,776,26854,335
2021-01-30,Modoc,049,8938,316,303,100,403,1
2021-01-30,Mono,051,14174,1136,1143,16,1159,3
2021-01-30,Monterey,053,433212,39879,38847,1419,40266,277
2021-01-30,Napa,055,140530,8553,8342,33,8375,52
2021-01-30,Nevada,057,99092,3670,3499,144,3643,20
2021-01-30,Orange,059,3164182,236169,231358,9578,240936,3013
2021-01-30,Placer,061,380077,19458,18430,988,19418,205
2021-01-30,Plumas,063,18699,621,554,10,564,2
2021-01-30,Riverside,065,2383286,274107,265137,12893,278030,3061
2021-01-30,Sacramento,067,1510023,88274,86388,1075,87463,1184
2021-01-30,San Benito,069,59416,5448,5401,72,5473,48
2021-01-30,San Bernardino,071,2135413,277041,268660,8144,276804,2122
2021-01-30,San Diego,073,3302833,248583,236765,11743,248508,2603
2021-01-30,San Francisco,075,870044,31979,31427,889,32316,316
2021-01-30,San Joaquin,077,732212,62924,61120,2523,63643,864
2021-01-30,San Luis Obispo,079,281455,18231,17522,482,18004,198
2021-01-30,San Mateo,081,765935,37108,35451,362,35813,219
2021-01-30,Santa Barbara,083,443738,29634,28342,910,29252,296
2021-01-30,Santa Clara,085,1922200,103317,101471,480,101951,1307
2021-01-30,Santa Cruz,087,273765,14514,13383,699,14082,149
2021-01-30,Shasta,089,179085,10396,10283,1089,11372,112
2021-01-30,Sierra,091,2930,48,43,12,55,0
2021-01-30,Siskiyou,093,43540,1337,1236,201,1437,4
2021-01-30,Solano,095,438530,28215,27511,324,27835,118
2021-01-30,Sonoma,097,501317,26169,25810,140,25950,243
2021-01-30,Stanislaus,099,539301,47203,45697,4868,50565,642
2021-01-30,Sutter,101,95872,8366,8226,79,8305,87
2021-01-30,Tehama,103,63373,4351,4229,467,4696,21
2021-01-30,Trinity,105,12862,441,259,66,325,3
2021-01-30,Tulare,107,460477,45798,44203,6852,51055,615
2021-01-30,Tuolumne,109,53932,3500,3508,31,3539,36
2021-01-30,Ventura,111,848112,72074,69931,2555,72486,493
2021-01-30,Yolo,113,214977,12162,11698,171,11869,151
2021-01-30,Yuba,115,75493,5175,5042,75,5117,33
2021-01-29,Alameda,001,1643700,75220,73210,1596,74806,841
2021-01-29,Alpine,003,1148,73,72,0,72,0
2021-01-29,Amador,005,37829,3277,3134,24,3158,32
2021-01-29,Butte,007,227075,10714,10122,1481,11603,138
2021-01-29,Calaveras,009,45235,1773,1757,11,1768,21
2021-01-29,Colusa,011,21464,1774,1734,210,1944,8
2021-01-29,Contra Costa,013,1133247,58520,56318,990,57308,529
2021-01-29,Del Norte,015,27424,893,865,4,869,2
2021-01-29,El Dorado,017,186661,8592,8231,573,8804,83
2021-01-29,Fresno,019,978130,91341,87936,6992,94928,962
2021-01-29,Glenn,021,27897,2124,2061,446,2507,14
2021-01-29,Humboldt,023,135768,2833,2707,18,2725,24
2021-01-29,Imperial,025,180216,26599,26045,2399,28444,521
2021-01-29,Inyo,027,18085,1092,1048,9,1057,27
2021-01-29,Kern,029,883053,88251,85044,8556,93600,836
2021-01-29,Kings,031,150075,21136,20466,873,21339,169
2021-01-29,Lake,033,64148,2893,2792,1,2793,32
2021-01-29,Lassen,035,31185,4949,4874,88,4962,1
2021-01-29,Los Angeles,037,10098052,1121888,1078329,36433,1114762,16190
2021-01-29,Madera,039,155013,14784,14377,724,15101,94
2021-01-29,Marin,041,260295,12433,12145,142,12287,185
2021-01-29,Mariposa,043,17540,355,342,3,345,4
2021-01-29,Mendocino,045,87422,3313,3131,61,3192,36
2021-01-29,Merced,047,269075,26344,25865,771,26636,334
2021-01-29,Modoc,049,8938,315,297,100,397,1
2021-01-29,Mono,051,14174,1134,1139,16,1155,3
2021-01-29,Monterey,053,433212,39765,38539,1411,39950,277
2021-01-29,Napa,055,140530,8522,8276,33,8309,52
2021-01-29,Nevada,057,99092,3661,3487,143,3630,20
2021-01-29,Orange,059,3164182,235491,229917,9540,239457,2967
2021-01-29,Placer,061,380077,19405,18367,984,19351,203
2021-01-29,Plumas,063,18699,620,548,10,558,2
2021-01-29,Riverside,065,2383286,273305,263504,12860,276364,3008
2021-01-29,Sacramento,067,1510023,88020,86320,1071,87391,1169
2021-01-29,San Benito,069,59416,5440,5386,72,5458,48
2021-01-29,San Bernardino,071,2135413,276529,267490,8104,275594,2095
2021-01-29,San Diego,073,3302833,247641,234637,11665,246302,2571
2021-01-29,San Francisco,075,870044,31839,31294,881,32175,307
2021-01-29,San Joaquin,077,732212,62779,60899,2509,63408,858
2021-01-29,San Luis Obispo,079,281455,18171,17440,477,17917,193
2021-01-29,San Mateo,081,765935,36974,35223,359,35582,218
2021-01-29,Santa Barbara,083,443738,29500,28105,904,29009,291
2021-01-29,Santa Clara,085,1922200,102955,101010,478,101488,1273
2021-01-29,Santa Cruz,087,273765,14461,13311,696,14007,148
2021-01-29,Shasta,089,179085,10379,10220,1085,11305,112
2021-01-29,Sierra,091,2930,48,43,12,55,0
2021-01-29,Siskiyou,093,43540,1336,1227,201,1428,4
2021-01-29,Solano,095,438530,28132,27352,322,27674,116
2021-01-29,Sonoma,097,501317,26113,25710,139,25849,243
2021-01-29,Stanislaus,099,539301,47060,45466,4846,50312,642
2021-01-29,Sutter,101,95872,8347,8181,79,8260,87
2021-01-29,Tehama,103,63373,4339,4191,465,4656,20
2021-01-29,Trinity,105,12862,441,260,66,326,3
2021-01-29,Tulare,107,460477,45691,43925,6813,50738,606
2021-01-29,Tuolumne,109,53932,3490,3483,31,3514,36
2021-01-29,Ventura,111,848112,71650,69511,2541,72052,484
2021-01-29,Yolo,113,214977,12124,11612,170,11782,151
2021-01-29,Yuba,115,75493,5159,5018,75,5093,32
2021-01-28,Alameda,001,1643700,74796,72758,1588,74346,833
2021-01-28,Alpine,003,1148,73,72,0,72,0
2021-01-28,Amador,005,37829,3240,3124,24,3148,31
2021-01-28,Butte,007,227075,10673,10037,1470,11507,138
2021-01-28,Calaveras,009,45235,1760,1747,10,1757,21
2021-01-28,Colusa,011,21464,1767,1731,206,1937,8
2021-01-28,Contra Costa,013,1133247,58279,55999,980,56979,525
2021-01-28,Del Norte,015,27424,892,862,4,866,2
2021-01-28,El Dorado,017,186661,8578,8198,568,8766,79
2021-01-28,Fresno,019,978130,91053,87401,6943,94344,949
2021-01-28,Glenn,021,27897,2119,2043,439,2482,14
2021-01-28,Humboldt,023,135768,2816,2686,18,2704,24
2021-01-28,Imperial,025,180216,26555,25984,2392,28376,517
2021-01-28,Inyo,027,18085,1087,1039,9,1048,27
2021-01-28,Kern,029,883053,87922,84708,8472,93180,817
2021-01-28,Kings,031,150075,21076,20328,869,21197,167
2021-01-28,Lake,033,64148,2878,2772,1,2773,32
2021-01-28,Lassen,035,31185,4943,4865,88,4953,1
2021-01-28,Los Angeles,037,10098052,1117976,1072412,36245,1108657,15967
2021-01-28,Madera,039,155013,14728,14301,720,15021,94
2021-01-28,Marin,041,260295,12380,12079,141,12220,183
2021-01-28,Mariposa,043,17540,355,334,3,337,4
2021-01-28,Mendocino,045,87422,3296,3110,61,3171,36
2021-01-28,Merced,047,269075,26222,25620,759,26379,328
2021-01-28,Modoc,049,8938,314,297,100,397,0
2021-01-28,Mono,051,14174,1132,1131,16,1147,3
2021-01-28,Monterey,053,433212,39571,38312,1392,39704,274
2021-01-28,Napa,055,140530,8475,8233,33,8266,50
2021-01-28,Nevada,057,99092,3646,3452,142,3594,19
2021-01-28,Orange,059,3164182,234512,228636,9510,238146,2860
2021-01-28,Placer,061,380077,19345,18246,981,19227,198
2021-01-28,Plumas,063,18699,619,547,10,557,2
2021-01-28,Riverside,065,2383286,272525,262342,12812,275154,2981
2021-01-28,Sacramento,067,1510023,87657,85698,1060,86758,1149
2021-01-28,San Benito,069,59416,5422,5344,71,5415,47
2021-01-28,San Bernardino,071,2135413,275825,266456,8083,274539,2057
2021-01-28,San Diego,073,3302833,246488,232967,11576,244543,2534
2021-01-28,San Francisco,075,870044,31702,31193,865,32058,290
2021-01-28,San Joaquin,077,732212,62512,60627,2494,63121,854
2021-01-28,San Luis Obispo,079,281455,18071,17279,475,17754,189
2021-01-28,San Mateo,081,765935,36805,34931,343,35274,218
2021-01-28,Santa Barbara,083,443738,29276,27674,891,28565,284
2021-01-28,Santa Clara,085,1922200,102488,100470,476,100946,1219
2021-01-28,Santa Cruz,087,273765,14372,13188,690,13878,145
2021-01-28,Shasta,089,179085,10345,10176,1077,11253,110
2021-01-28,Sierra,091,2930,48,43,12,55,0
2021-01-28,Siskiyou,093,43540,1329,1218,199,1417,4
2021-01-28,Solano,095,438530,27972,27163,321,27484,114
2021-01-28,Sonoma,097,501317,26022,25564,139,25703,236
2021-01-28,Stanislaus,099,539301,46852,45162,4826,49988,640
2021-01-28,Sutter,101,95872,8300,8136,79,8215,85
2021-01-28,Tehama,103,63373,4316,4163,462,4625,20
2021-01-28,Trinity,105,12862,439,260,66,326,3
2021-01-28,Tulare,107,460477,45535,43742,6735,50477,595
2021-01-28,Tuolumne,109,53932,3476,3472,31,3503,32
2021-01-28,Ventura,111,848112,71137,68896,2524,71420,475
2021-01-28,Yolo,113,214977,12081,11500,165,11665,151
2021-01-28,Yuba,115,75493,5143,4994,74,5068,32
2021-01-27,Alameda,001,1643700,74378,72188,1580,73768,815
2021-01-27,Alpine,003,1148,73,72,0,72,0
2021-01-27,Amador,005,37829,3224,3116,24,3140,31
2021-01-27,Butte,007,227075,10634,9988,1457,11445,138
2021-01-27,Calaveras,009,45235,1751,1737,10,1747,21
2021-01-27,Colusa,011,21464,1761,1724,204,1928,8
2021-01-27,Contra Costa,013,1133247,57980,55578,977,56555,507
2021-01-27,Del Norte,015,27424,891,859,4,863,2
2021-01-27,El Dorado,017,186661,8552,8141,567,8708,76
2021-01-27,Fresno,019,978130,90761,86886,6901,93787,938
2021-01-27,Glenn,021,27897,2115,2042,438,2480,14
2021-01-27,Humboldt,023,135768,2794,2630,18,2648,24
2021-01-27,Imperial,025,180216,26501,25861,2377,28238,504
2021-01-27,Inyo,027,18085,1083,1023,9,1032,27
2021-01-27,Kern,029,883053,87610,84244,8402,92646,809
2021-01-27,Kings,031,150075,20970,20211,861,21072,167
2021-01-27,Lake,033,64148,2858,2750,1,2751,32
2021-01-27,Lassen,035,31185,4937,4851,88,4939,1
2021-01-27,Los Angeles,037,10098052,1113164,1066569,36036,1102605,15757
2021-01-27,Madera,039,155013,14687,14194,715,14909,86
2021-01-27,Marin,041,260295,12343,12028,140,12168,180
2021-01-27,Mariposa,043,17540,355,333,3,336,4
2021-01-27,Mendocino,045,87422,3276,3095,61,3156,36
2021-01-27,Merced,047,269075,26063,25439,748,26187,315
2021-01-27,Modoc,049,8938,314,297,97,394,0
2021-01-27,Mono,051,14174,1130,1131,16,1147,3
2021-01-27,Monterey,053,433212,39363,38139,1373,39512,268
2021-01-27,Napa,055,140530,8402,8187,33,8220,46
2021-01-27,Nevada,057,99092,3624,3431,142,3573,18
2021-01-27,Orange,059,3164182,233394,227110,9456,236566,2832
2021-01-27,Placer,061,380077,19275,18106,970,19076,198
2021-01-27,Plumas,063,18699,619,544,10,554,2
2021-01-27,Riverside,065,2383286,271328,260796,12760,273556,2931
2021-01-27,Sacramento,067,1510023,87297,85428,1049,86477,1142
2021-01-27,San Benito,069,59416,5407,5284,71,5355,47
2021-01-27,San Bernardino,071,2135413,274973,265153,8052,273205,2019
2021-01-27,San Diego,073,3302833,245159,231478,11471,242949,2465
2021-01-27,San Francisco,075,870044,31558,31082,858,31940,287
2021-01-27,San Joaquin,077,732212,62242,60131,2473,62604,853
2021-01-27,San Luis Obispo,079,281455,17963,17119,471,17590,188
2021-01-27,San Mateo,081,765935,36650,34619,340,34959,216
2021-01-27,Santa Barbara,083,443738,29099,27435,885,28320,282
2021-01-27,Santa Clara,085,1922200,102084,99732,472,100204,1184
2021-01-27,Santa Cruz,087,273765,14302,13111,687,13798,143
2021-01-27,Shasta,089,179085,10311,10106,1071,11177,105
2021-01-27,Sierra,091,2930,48,44,12,56,0
2021-01-27,Siskiyou,093,43540,1324,1214,196,1410,4
2021-01-27,Solano,095,438530,27795,26982,314,27296,112
2021-01-27,Sonoma,097,501317,25923,25361,135,25496,237
2021-01-27,Stanislaus,099,539301,46668,44874,4800,49674,624
2021-01-27,Sutter,101,95872,8256,8093,78,8171,83
2021-01-27,Tehama,103,63373,4296,4133,458,4591,20
2021-01-27,Trinity,105,12862,439,260,66,326,3
2021-01-27,Tulare,107,460477,45348,43462,6664,50126,583
2021-01-27,Tuolumne,109,53932,3466,3464,31,3495,32
2021-01-27,Ventura,111,848112,70664,68291,2499,70790,468
2021-01-27,Yolo,113,214977,12033,11427,161,11588,151
2021-01-27,Yuba,115,75493,5127,4968,74,5042,32
2021-01-26,Alameda,001,1643700,74006,71851,1563,73414,789
2021-01-26,Alpine,003,1148,73,72,0,72,0
2021-01-26,Amador,005,37829,3213,3113,24,3137,31
2021-01-26,Butte,007,227075,10592,9943,1451,11394,136
2021-01-26,Calaveras,009,45235,1741,1723,10,1733,21
2021-01-26,Colusa,011,21464,1754,1719,201,1920,8
2021-01-26,Contra Costa,013,1133247,57702,55337,969,56306,491
2021-01-26,Del Norte,015,27424,890,856,4,860,2
2021-01-26,El Dorado,017,186661,8526,8115,564,8679,71
2021-01-26,Fresno,019,978130,90403,86673,6857,93530,923
2021-01-26,Glenn,021,27897,2105,2034,433,2467,13
2021-01-26,Humboldt,023,135768,2773,2612,17,2629,24
2021-01-26,Imperial,025,180216,26428,25812,2364,28176,498
2021-01-26,Inyo,027,18085,1076,1018,9,1027,27
2021-01-26,Kern,029,883053,87187,83868,8325,92193,790
2021-01-26,Kings,031,150075,20911,20156,856,21012,159
2021-01-26,Lake,033,64148,2849,2748,1,2749,32
2021-01-26,Lassen,035,31185,4931,4844,88,4932,1
2021-01-26,Los Angeles,037,10098052,1107880,1060492,35830,1096322,15458
2021-01-26,Madera,039,155013,14630,14130,709,14839,86
2021-01-26,Marin,041,260295,12298,11993,138,12131,179
2021-01-26,Mariposa,043,17540,353,332,3,335,3
2021-01-26,Mendocino,045,87422,3250,3076,60,3136,36
2021-01-26,Merced,047,269075,25923,25359,740,26099,309
2021-01-26,Modoc,049,8938,307,291,96,387,0
2021-01-26,Mono,051,14174,1128,1120,16,1136,3
2021-01-26,Monterey,053,433212,39169,37963,1353,39316,255
2021-01-26,Napa,055,140530,8345,8145,33,8178,43
2021-01-26,Nevada,057,99092,3617,3410,141,3551,18
2021-01-26,Orange,059,3164182,232270,225987,9411,235398,2760
2021-01-26,Placer,061,380077,19199,18016,968,18984,193
2021-01-26,Plumas,063,18699,617,536,10,546,2
2021-01-26,Riverside,065,2383286,269961,259399,12696,272095,2898
2021-01-26,Sacramento,067,1510023,86939,85062,1042,86104,1127
2021-01-26,San Benito,069,59416,5393,5251,70,5321,45
2021-01-26,San Bernardino,071,2135413,273973,263736,8008,271744,1970
2021-01-26,San Diego,073,3302833,243664,230063,11369,241432,2421
2021-01-26,San Francisco,075,870044,31426,30874,839,31713,286
2021-01-26,San Joaquin,077,732212,61988,59889,2457,62346,847
2021-01-26,San Luis Obispo,079,281455,17882,17016,468,17484,186
2021-01-26,San Mateo,081,765935,36456,34441,329,34770,213
2021-01-26,Santa Barbara,083,443738,28925,27321,873,28194,273
2021-01-26,Santa Clara,085,1922200,101605,99215,469,99684,1171
2021-01-26,Santa Cruz,087,273765,14236,13045,681,13726,134
2021-01-26,Shasta,089,179085,10276,10036,1063,11099,103
2021-01-26,Sierra,091,2930,48,43,12,55,0
2021-01-26,Siskiyou,093,43540,1309,1208,194,1402,4
2021-01-26,Solano,095,438530,27639,26858,308,27166,110
2021-01-26,Sonoma,097,501317,25804,25273,133,25406,236
2021-01-26,Stanislaus,099,539301,46486,44703,4758,49461,599
2021-01-26,Sutter,101,95872,8213,8067,78,8145,83
2021-01-26,Tehama,103,63373,4263,4115,458,4573,20
2021-01-26,Trinity,105,12862,439,260,66,326,3
2021-01-26,Tulare,107,460477,45145,43394,6594,49988,579
2021-01-26,Tuolumne,109,53932,3456,3451,31,3482,30
2021-01-26,Ventura,111,848112,70131,67526,2473,69999,448
2021-01-26,Yolo,113,214977,11988,11361,158,11519,148
2021-01-26,Yuba,115,75493,5102,4944,72,5016,31
2021-01-25,Alameda,001,1643700,73577,71255,1553,72808,780
2021-01-25,Alpine,003,1148,73,72,0,72,0
2021-01-25,Amador,005,37829,3173,3074,24,3098,30
2021-01-25,Butte,007,227075,10525,9865,1443,11308,133
2021-01-25,Calaveras,009,45235,1726,1713,10,1723,21
2021-01-25,Colusa,011,21464,1742,1709,197,1906,8
2021-01-25,Contra Costa,013,1133247,57347,54989,962,55951,488
2021-01-25,Del Norte,015,27424,889,855,4,859,2
2021-01-25,El Dorado,017,186661,8501,8060,564,8624,66
2021-01-25,Fresno,019,978130,90032,86336,6825,93161,913
2021-01-25,Glenn,021,27897,2096,2028,433,2461,13
2021-01-25,Humboldt,023,135768,2739,2587,17,2604,24
2021-01-25,Imperial,025,180216,26379,25745,2356,28101,491
2021-01-25,Inyo,027,18085,1070,1015,9,1024,27
2021-01-25,Kern,029,883053,86800,83401,8239,91640,787
2021-01-25,Kings,031,150075,20791,20067,852,20919,159
2021-01-25,Lake,033,64148,2830,2729,1,2730,32
2021-01-25,Lassen,035,31185,4904,4835,88,4923,1
2021-01-25,Los Angeles,037,10098052,1101924,1055181,35601,1090782,15163
2021-01-25,Madera,039,155013,14576,14068,704,14772,86
2021-01-25,Marin,041,260295,12246,11923,134,12057,177
2021-01-25,Mariposa,043,17540,350,331,3,334,3
2021-01-25,Mendocino,045,87422,3239,3054,60,3114,35
2021-01-25,Merced,047,269075,25784,25181,731,25912,305
2021-01-25,Modoc,049,8938,306,288,92,380,0
2021-01-25,Mono,051,14174,1125,1114,15,1129,3
2021-01-25,Monterey,053,433212,38916,37726,1334,39060,255
2021-01-25,Napa,055,140530,8311,8057,32,8089,43
2021-01-25,Nevada,057,99092,3603,3365,141,3506,18
2021-01-25,Orange,059,3164182,231061,225105,9365,234470,2696
2021-01-25,Placer,061,380077,19111,17936,953,18889,193
2021-01-25,Plumas,063,18699,614,533,10,543,2
2021-01-25,Riverside,065,2383286,268222,258082,12640,270722,2789
2021-01-25,Sacramento,067,1510023,86497,84653,1034,85687,1118
2021-01-25,San Benito,069,59416,5357,5238,69,5307,43
2021-01-25,San Bernardino,071,2135413,273028,263174,7972,271146,1947
2021-01-25,San Diego,073,3302833,242051,228630,11297,239927,2375
2021-01-25,San Francisco,075,870044,31276,30734,816,31550,288
2021-01-25,San Joaquin,077,732212,61694,59291,2432,61723,838
2021-01-25,San Luis Obispo,079,281455,17748,16868,463,17331,179
2021-01-25,San Mateo,081,765935,36222,34187,323,34510,213
2021-01-25,Santa Barbara,083,443738,28690,27065,863,27928,269
2021-01-25,Santa Clara,085,1922200,101038,98647,461,99108,1143
2021-01-25,Santa Cruz,087,273765,14149,12973,676,13649,133
2021-01-25,Shasta,089,179085,10235,9991,1052,11043,103
2021-01-25,Sierra,091,2930,48,42,12,54,0
2021-01-25,Siskiyou,093,43540,1301,1205,191,1396,4
2021-01-25,Solano,095,438530,27471,26648,307,26955,109
2021-01-25,Sonoma,097,501317,25697,25160,131,25291,233
2021-01-25,Stanislaus,099,539301,46240,44293,4715,49008,599
2021-01-25,Sutter,101,95872,8170,8023,78,8101,83
2021-01-25,Tehama,103,63373,4236,4082,454,4536,20
2021-01-25,Trinity,105,12862,439,262,66,328,3
2021-01-25,Tulare,107,460477,44929,43124,6490,49614,578
2021-01-25,Tuolumne,109,53932,3447,3422,31,3453,29
2021-01-25,Ventura,111,848112,69497,66910,2456,69366,439
2021-01-25,Yolo,113,214977,11902,11276,157,11433,140
2021-01-25,Yuba,115,75493,5080,4900,70,4970,31
2021-01-24,Alameda,001,1643700,73073,70823,1542,72365,780
2021-01-24,Alpine,003,1148,73,72,0,72,0
2021-01-24,Amador,005,37829,3140,3054,24,3078,30
2021-01-24,Butte,007,227075,10441,9820,1426,11246,133
2021-01-24,Calaveras,009,45235,1713,1704,10,1714,21
2021-01-24,Colusa,011,21464,1731,1689,191,1880,8
2021-01-24,Contra Costa,013,1133247,56961,54694,949,55643,488
2021-01-24,Del Norte,015,27424,885,855,4,859,2
2021-01-24,El Dorado,017,186661,8466,8003,560,8563,66
2021-01-24,Fresno,019,978130,89594,85808,6786,92594,911
2021-01-24,Glenn,021,27897,2088,2026,432,2458,13
2021-01-24,Humboldt,023,135768,2700,2562,17,2579,24
2021-01-24,Imperial,025,180216,26284,25707,2332,28039,488
2021-01-24,Inyo,027,18085,1054,1007,9,1016,27
2021-01-24,Kern,029,883053,86363,83125,8131,91256,785
2021-01-24,Kings,031,150075,20663,19988,836,20824,159
2021-01-24,Lake,033,64148,2812,2724,0,2724,32
2021-01-24,Lassen,035,31185,4893,4828,85,4913,1
2021-01-24,Los Angeles,037,10098052,1095519,1048757,35290,1084047,15119
2021-01-24,Madera,039,155013,14486,14000,698,14698,86
2021-01-24,Marin,041,260295,12179,11872,132,12004,177
2021-01-24,Mariposa,043,17540,346,322,3,325,3
2021-01-24,Mendocino,045,87422,3218,3037,59,3096,33
2021-01-24,Merced,047,269075,25573,25047,721,25768,305
2021-01-24,Modoc,049,8938,306,285,92,377,0
2021-01-24,Mono,051,14174,1118,1113,15,1128,3
2021-01-24,Monterey,053,433212,38645,37527,1300,38827,254
2021-01-24,Napa,055,140530,8269,8005,32,8037,43
2021-01-24,Nevada,057,99092,3561,3349,139,3488,18
2021-01-24,Orange,059,3164182,229630,223853,9295,233148,2632
2021-01-24,Placer,061,380077,18998,17839,933,18772,193
2021-01-24,Plumas,063,18699,611,532,10,542,2
2021-01-24,Riverside,065,2383286,266581,256767,12563,269330,2761
2021-01-24,Sacramento,067,1510023,85943,84110,1026,85136,1112
2021-01-24,San Benito,069,59416,5315,5223,66,5289,43
2021-01-24,San Bernardino,071,2135413,271702,262370,7918,270288,1935
2021-01-24,San Diego,073,3302833,240357,227193,11166,238359,2375
2021-01-24,San Francisco,075,870044,31088,30559,794,31353,275
2021-01-24,San Joaquin,077,732212,61266,59021,2416,61437,838
2021-01-24,San Luis Obispo,079,281455,17624,16758,461,17219,179
2021-01-24,San Mateo,081,765935,35976,33956,318,34274,213
2021-01-24,Santa Barbara,083,443738,28374,26735,853,27588,269
2021-01-24,Santa Clara,085,1922200,100390,98103,456,98559,1109
2021-01-24,Santa Cruz,087,273765,14063,12905,668,13573,133
2021-01-24,Shasta,089,179085,10164,9978,1043,11021,103
2021-01-24,Sierra,091,2930,47,42,12,54,0
2021-01-24,Siskiyou,093,43540,1294,1195,191,1386,4
2021-01-24,Solano,095,438530,27283,26515,303,26818,109
2021-01-24,Sonoma,097,501317,25535,25045,130,25175,233
2021-01-24,Stanislaus,099,539301,45931,44031,4653,48684,599
2021-01-24,Sutter,101,95872,8106,7980,78,8058,83
2021-01-24,Tehama,103,63373,4196,4062,449,4511,20
2021-01-24,Trinity,105,12862,439,262,66,328,3
2021-01-24,Tulare,107,460477,44710,43006,6397,49403,577
2021-01-24,Tuolumne,109,53932,3436,3416,31,3447,29
2021-01-24,Ventura,111,848112,68786,66347,2432,68779,439
2021-01-24,Yolo,113,214977,11818,11210,153,11363,140
2021-01-24,Yuba,115,75493,5040,4875,69,4944,31
2021-01-23,Alameda,001,1643700,72824,70080,1535,71615,780
2021-01-23,Alpine,003,1148,73,72,0,72,0
2021-01-23,Amador,005,37829,3137,3049,24,3073,30
2021-01-23,Butte,007,227075,10412,9757,1423,11180,133
2021-01-23,Calaveras,009,45235,1710,1695,10,1705,21
2021-01-23,Colusa,011,21464,1727,1672,190,1862,8
2021-01-23,Contra Costa,013,1133247,56748,54162,942,55104,487
2021-01-23,Del Norte,015,27424,884,855,4,859,2
2021-01-23,El Dorado,017,186661,8450,7984,558,8542,66
2021-01-23,Fresno,019,978130,89408,85274,6757,92031,910
2021-01-23,Glenn,021,27897,2085,2015,428,2443,13
2021-01-23,Humboldt,023,135768,2681,2493,16,2509,23
2021-01-23,Imperial,025,180216,26250,25581,2322,27903,487
2021-01-23,Inyo,027,18085,1045,987,9,996,27
2021-01-23,Kern,029,883053,86119,82602,8063,90665,783
2021-01-23,Kings,031,150075,20619,19904,834,20738,159
2021-01-23,Lake,033,64148,2804,2673,0,2673,32
2021-01-23,Lassen,035,31185,4892,4816,82,4898,1
2021-01-23,Los Angeles,037,10098052,1092290,1040961,35128,1076089,15034
2021-01-23,Madera,039,155013,14450,13858,695,14553,86
2021-01-23,Marin,041,260295,12123,11796,130,11926,177
2021-01-23,Mariposa,043,17540,346,323,3,326,3
2021-01-23,Mendocino,045,87422,3204,2991,59,3050,32
2021-01-23,Merced,047,269075,25481,24787,706,25493,303
2021-01-23,Modoc,049,8938,306,285,92,377,0
2021-01-23,Mono,051,14174,1116,1111,15,1126,3
2021-01-23,Monterey,053,433212,38562,37165,1295,38460,253
2021-01-23,Napa,055,140530,8244,7893,32,7925,43
2021-01-23,Nevada,057,99092,3550,3332,138,3470,18
2021-01-23,Orange,059,3164182,228862,221722,9255,230977,2618
2021-01-23,Placer,061,380077,18947,17617,928,18545,193
2021-01-23,Plumas,063,18699,610,528,10,538,2
2021-01-23,Riverside,065,2383286,265681,253636,12511,266147,2733
2021-01-23,Sacramento,067,1510023,85714,83408,1023,84431,1108
2021-01-23,San Benito,069,59416,5291,5166,65,5231,43
2021-01-23,San Bernardino,071,2135413,271152,260381,7887,268268,1922
2021-01-23,San Diego,073,3302833,239296,225556,11094,236650,2344
2021-01-23,San Francisco,075,870044,30983,30308,765,31073,268
2021-01-23,San Joaquin,077,732212,61140,58164,2406,60570,836
2021-01-23,San Luis Obispo,079,281455,17560,16652,458,17110,176
2021-01-23,San Mateo,081,765935,35800,33696,307,34003,213
2021-01-23,Santa Barbara,083,443738,28189,26234,844,27078,264
2021-01-23,Santa Clara,085,1922200,100035,97189,455,97644,1086
2021-01-23,Santa Cruz,087,273765,14005,12771,665,13436,127
2021-01-23,Shasta,089,179085,10135,9951,1042,10993,103
2021-01-23,Sierra,091,2930,47,41,12,53,0
2021-01-23,Siskiyou,093,43540,1284,1190,190,1380,4
2021-01-23,Solano,095,438530,27190,26261,301,26562,107
2021-01-23,Sonoma,097,501317,25455,24790,130,24920,232
2021-01-23,Stanislaus,099,539301,45764,43723,4622,48345,599
2021-01-23,Sutter,101,95872,8088,7943,77,8020,80
2021-01-23,Tehama,103,63373,4177,4006,448,4454,20
2021-01-23,Trinity,105,12862,439,262,66,328,3
2021-01-23,Tulare,107,460477,44557,42661,6337,48998,575
2021-01-23,Tuolumne,109,53932,3429,3407,31,3438,29
2021-01-23,Ventura,111,848112,68336,65581,2409,67990,438
2021-01-23,Yolo,113,214977,11776,11087,149,11236,141
2021-01-23,Yuba,115,75493,5028,4831,68,4899,30
2021-01-22,Alameda,001,1643700,72503,69693,1529,71222,751
2021-01-22,Alpine,003,1148,73,71,0,71,0
2021-01-22,Amador,005,37829,3132,3042,24,3066,30
2021-01-22,Butte,007,227075,10367,9711,1410,11121,133
2021-01-22,Calaveras,009,45235,1701,1672,10,1682,21
2021-01-22,Colusa,011,21464,1725,1668,190,1858,7
2021-01-22,Contra Costa,013,1133247,56511,53887,936,54823,485
2021-01-22,Del Norte,015,27424,883,852,4,856,2
2021-01-22,El Dorado,017,186661,8416,7877,555,8432,64
2021-01-22,Fresno,019,978130,89067,84744,6729,91473,892
2021-01-22,Glenn,021,27897,2080,1985,422,2407,13
2021-01-22,Humboldt,023,135768,2657,2452,16,2468,23
2021-01-22,Imperial,025,180216,26215,25562,2307,27869,474
2021-01-22,Inyo,027,18085,1034,961,9,970,26
2021-01-22,Kern,029,883053,85822,82101,7987,90088,771
2021-01-22,Kings,031,150075,20543,19760,830,20590,159
2021-01-22,Lake,033,64148,2792,2681,0,2681,32
2021-01-22,Lassen,035,31185,4883,4765,81,4846,1
2021-01-22,Los Angeles,037,10098052,1087825,1031177,34937,1066114,14777
2021-01-22,Madera,039,155013,14390,13781,694,14475,86
2021-01-22,Marin,041,260295,12087,11769,128,11897,177
2021-01-22,Mariposa,043,17540,346,323,3,326,3
2021-01-22,Mendocino,045,87422,3179,2994,58,3052,32
2021-01-22,Merced,047,269075,25358,24616,698,25314,290
2021-01-22,Modoc,049,8938,306,285,92,377,0
2021-01-22,Mono,051,14174,1116,1108,15,1123,3
2021-01-22,Monterey,053,433212,38410,36909,1290,38199,253
2021-01-22,Napa,055,140530,8198,7828,32,7860,40
2021-01-22,Nevada,057,99092,3525,3296,137,3433,18
2021-01-22,Orange,059,3164182,227910,220384,9208,229592,2542
2021-01-22,Placer,061,380077,18890,17636,913,18549,193
2021-01-22,Plumas,063,18699,608,522,10,532,2
2021-01-22,Riverside,065,2383286,264536,252440,12443,264883,2710
2021-01-22,Sacramento,067,1510023,85384,82861,1015,83876,1094
2021-01-22,San Benito,069,59416,5265,5143,65,5208,43
2021-01-22,San Bernardino,071,2135413,270336,259121,7854,266975,1849
2021-01-22,San Diego,073,3302833,238056,222576,11029,233605,2301
2021-01-22,San Francisco,075,870044,30870,30027,748,30775,266
2021-01-22,San Joaquin,077,732212,60959,58485,2394,60879,812
2021-01-22,San Luis Obispo,079,281455,17471,16336,455,16791,172
2021-01-22,San Mateo,081,765935,35578,33401,304,33705,211
2021-01-22,Santa Barbara,083,443738,27988,25989,833,26822,256
2021-01-22,Santa Clara,085,1922200,99596,96435,452,96887,1062
2021-01-22,Santa Cruz,087,273765,13947,12687,661,13348,123
2021-01-22,Shasta,089,179085,10115,9866,1040,10906,103
2021-01-22,Sierra,091,2930,47,40,12,52,0
2021-01-22,Siskiyou,093,43540,1280,1182,188,1370,4
2021-01-22,Solano,095,438530,27100,26048,299,26347,107
2021-01-22,Sonoma,097,501317,25370,24659,130,24789,232
2021-01-22,Stanislaus,099,539301,45598,43489,4596,48085,599
2021-01-22,Sutter,101,95872,8063,7878,77,7955,80
2021-01-22,Tehama,103,63373,4161,3993,446,4439,19
2021-01-22,Trinity,105,12862,438,263,66,329,3
2021-01-22,Tulare,107,460477,44377,42307,6267,48574,573
2021-01-22,Tuolumne,109,53932,3401,3379,31,3410,29
2021-01-22,Ventura,111,848112,67830,64404,2391,66795,426
2021-01-22,Yolo,113,214977,11742,11014,142,11156,141
2021-01-22,Yuba,115,75493,5004,4789,66,4855,29
2021-01-21,Alameda,001,1643700,72067,69314,1512,70826,739
2021-01-21,Alpine,003,1148,73,71,0,71,0
2021-01-21,Amador,005,37829,3110,3038,24,3062,29
2021-01-21,Butte,007,227075,10302,9643,1404,11047,130
2021-01-21,Calaveras,009,45235,1692,1647,10,1657,21
2021-01-21,Colusa,011,21464,1718,1662,187,1849,7
2021-01-21,Contra Costa,013,1133247,56099,53595,922,54517,478
2021-01-21,Del Norte,015,27424,881,850,3,853,2
2021-01-21,El Dorado,017,186661,8367,7823,552,8375,58
2021-01-21,Fresno,019,978130,88663,84137,6689,90826,889
2021-01-21,Glenn,021,27897,2072,1964,417,2381,13
2021-01-21,Humboldt,023,135768,2634,2423,16,2439,23
2021-01-21,Imperial,025,180216,26125,25509,2293,27802,463
2021-01-21,Inyo,027,18085,1025,946,9,955,26
2021-01-21,Kern,029,883053,85410,81328,7872,89200,769
2021-01-21,Kings,031,150075,20472,19633,812,20445,158
2021-01-21,Lake,033,64148,2777,2669,0,2669,32
2021-01-21,Lassen,035,31185,4876,4763,81,4844,1
2021-01-21,Los Angeles,037,10098052,1081161,1023055,34618,1057673,14537
2021-01-21,Madera,039,155013,14322,13664,686,14350,86
2021-01-21,Marin,041,260295,12032,11732,126,11858,173
2021-01-21,Mariposa,043,17540,342,322,3,325,3
2021-01-21,Mendocino,045,87422,3156,2967,56,3023,32
2021-01-21,Merced,047,269075,25203,24426,691,25117,245
2021-01-21,Modoc,049,8938,303,284,91,375,0
2021-01-21,Mono,051,14174,1111,1104,15,1119,3
2021-01-21,Monterey,053,433212,38129,36149,1280,37429,253
2021-01-21,Napa,055,140530,8134,7774,32,7806,40
2021-01-21,Nevada,057,99092,3496,3274,136,3410,18
2021-01-21,Orange,059,3164182,226532,218867,9153,228020,2540
2021-01-21,Placer,061,380077,18811,17553,909,18462,190
2021-01-21,Plumas,063,18699,604,518,10,528,2
2021-01-21,Riverside,065,2383286,262814,251007,12363,263370,2676
2021-01-21,Sacramento,067,1510023,84905,82303,994,83297,1084
2021-01-21,San Benito,069,59416,5235,5100,60,5160,43
2021-01-21,San Bernardino,071,2135413,268992,257754,7789,265543,1832
2021-01-21,San Diego,073,3302833,236281,219729,10922,230651,2222
2021-01-21,San Francisco,075,870044,30693,29801,714,30515,266
2021-01-21,San Joaquin,077,732212,60649,58270,2374,60644,806
2021-01-21,San Luis Obispo,079,281455,17385,16153,447,16600,169
2021-01-21,San Mateo,081,765935,35332,33156,291,33447,210
2021-01-21,Santa Barbara,083,443738,27700,25654,820,26474,253
2021-01-21,Santa Clara,085,1922200,98972,96028,445,96473,1062
2021-01-21,Santa Cruz,087,273765,13862,12548,651,13199,119
2021-01-21,Shasta,089,179085,10072,9795,1025,10820,98
2021-01-21,Sierra,091,2930,47,40,12,52,0
2021-01-21,Siskiyou,093,43540,1277,1178,185,1363,4
2021-01-21,Solano,095,438530,26920,25885,295,26180,106
2021-01-21,Sonoma,097,501317,25230,24440,128,24568,230
2021-01-21,Stanislaus,099,539301,45300,43223,4552,47775,599
2021-01-21,Sutter,101,95872,8029,7822,77,7899,80
2021-01-21,Tehama,103,63373,4122,3938,446,4384,19
2021-01-21,Trinity,105,12862,438,261,66,327,3
2021-01-21,Tulare,107,460477,44166,42082,6191,48273,569
2021-01-21,Tuolumne,109,53932,3391,3365,30,3395,29
2021-01-21,Ventura,111,848112,67136,63995,2370,66365,420
2021-01-21,Yolo,113,214977,11651,10940,134,11074,141
2021-01-21,Yuba,115,75493,4972,4757,65,4822,29
2021-01-20,Alameda,001,1643700,71590,68785,1497,70282,702
2021-01-20,Alpine,003,1148,73,71,0,71,0
2021-01-20,Amador,005,37829,3079,3036,24,3060,29
2021-01-20,Butte,007,227075,10246,9582,1393,10975,130
2021-01-20,Calaveras,009,45235,1670,1637,9,1646,21
2021-01-20,Colusa,011,21464,1701,1630,182,1812,7
2021-01-20,Contra Costa,013,1133247,55641,53108,915,54023,461
2021-01-20,Del Norte,015,27424,880,848,3,851,2
2021-01-20,El Dorado,017,186661,8317,7785,549,8334,53
2021-01-20,Fresno,019,978130,88244,83591,6636,90227,872
2021-01-20,Glenn,021,27897,2053,1955,415,2370,13
2021-01-20,Humboldt,023,135768,2591,2390,16,2406,22
2021-01-20,Imperial,025,180216,26053,25380,2258,27638,461
2021-01-20,Inyo,027,18085,1015,901,9,910,26
2021-01-20,Kern,029,883053,84961,80701,7764,88465,754
2021-01-20,Kings,031,150075,20382,19522,804,20326,146
2021-01-20,Lake,033,64148,2756,2646,0,2646,31
2021-01-20,Lassen,035,31185,4868,4758,79,4837,1
2021-01-20,Los Angeles,037,10098052,1073663,1015608,34331,1049939,14299
2021-01-20,Madera,039,155013,14258,13585,681,14266,86
2021-01-20,Marin,041,260295,11978,11684,124,11808,171
2021-01-20,Mariposa,043,17540,340,322,3,325,3
2021-01-20,Mendocino,045,87422,3141,2957,56,3013,32
2021-01-20,Merced,047,269075,25030,24220,669,24889,243
2021-01-20,Modoc,049,8938,302,282,91,373,0
2021-01-20,Mono,051,14174,1104,1105,14,1119,3
2021-01-20,Monterey,053,433212,37817,35960,1260,37220,249
2021-01-20,Napa,055,140530,8065,7731,31,7762,40
2021-01-20,Nevada,057,99092,3464,3238,136,3374,18
2021-01-20,Orange,059,3164182,224997,216893,9091,225984,2500
2021-01-20,Placer,061,380077,18717,17455,891,18346,186
2021-01-20,Plumas,063,18699,602,512,10,522,2
2021-01-20,Riverside,065,2383286,260769,248686,12276,260962,2615
2021-01-20,Sacramento,067,1510023,84345,81687,984,82671,1072
2021-01-20,San Benito,069,59416,5204,5036,59,5095,35
2021-01-20,San Bernardino,071,2135413,267640,255921,7741,263662,1801
2021-01-20,San Diego,073,3302833,234426,218553,10818,229371,2174
2021-01-20,San Francisco,075,870044,30505,29665,694,30359,262
2021-01-20,San Joaquin,077,732212,60245,58025,2365,60390,783
2021-01-20,San Luis Obispo,079,281455,17204,15936,438,16374,164
2021-01-20,San Mateo,081,765935,35105,32929,290,33219,210
2021-01-20,Santa Barbara,083,443738,27383,25312,808,26120,248
2021-01-20,Santa Clara,085,1922200,98290,94995,443,95438,1040
2021-01-20,Santa Cruz,087,273765,13755,12460,638,13098,107
2021-01-20,Shasta,089,179085,10020,9697,1015,10712,98
2021-01-20,Sierra,091,2930,47,40,12,52,0
2021-01-20,Siskiyou,093,43540,1270,1163,184,1347,4
2021-01-20,Solano,095,438530,26727,25659,291,25950,106
2021-01-20,Sonoma,097,501317,25093,24262,126,24388,223
2021-01-20,Stanislaus,099,539301,45020,42955,4514,47469,585
2021-01-20,Sutter,101,95872,7978,7772,75,7847,80
2021-01-20,Tehama,103,63373,4096,3892,444,4336,19
2021-01-20,Trinity,105,12862,438,260,66,326,3
2021-01-20,Tulare,107,460477,43908,41799,6098,47897,559
2021-01-20,Tuolumne,109,53932,3376,3355,29,3384,29
2021-01-20,Ventura,111,848112,66176,63413,2341,65754,395
2021-01-20,Yolo,113,214977,11583,10852,131,10983,141
2021-01-20,Yuba,115,75493,4945,4729,65,4794,29
2021-01-19,Alameda,001,1643700,70946,68434,1488,69922,680
2021-01-19,Alpine,003,1148,73,71,0,71,0
2021-01-19,Amador,005,37829,3070,3024,24,3048,28
2021-01-19,Butte,007,227075,10182,9528,1378,10906,129
2021-01-19,Calaveras,009,45235,1655,1621,8,1629,21
2021-01-19,Colusa,011,21464,1679,1617,179,1796,7
2021-01-19,Contra Costa,013,1133247,55148,52730,904,53634,448
2021-01-19,Del Norte,015,27424,878,843,3,846,2
2021-01-19,El Dorado,017,186661,8257,7743,541,8284,47
2021-01-19,Fresno,019,978130,87722,83200,6584,89784,857
2021-01-19,Glenn,021,27897,2041,1948,410,2358,13
2021-01-19,Humboldt,023,135768,2567,2359,13,2372,22
2021-01-19,Imperial,025,180216,25972,25333,2242,27575,452
2021-01-19,Inyo,027,18085,1008,891,9,900,26
2021-01-19,Kern,029,883053,84372,80272,7656,87928,742
2021-01-19,Kings,031,150075,20243,19375,793,20168,143
2021-01-19,Lake,033,64148,2741,2625,0,2625,31
2021-01-19,Lassen,035,31185,4861,4753,79,4832,1
2021-01-19,Los Angeles,037,10098052,1064986,1010375,34060,1044435,14014
2021-01-19,Madera,039,155013,14142,13528,674,14202,86
2021-01-19,Marin,041,260295,11921,11654,120,11774,169
2021-01-19,Mariposa,043,17540,340,322,3,325,3
2021-01-19,Mendocino,045,87422,3124,2930,56,2986,32
2021-01-19,Merced,047,269075,24818,24108,660,24768,242
2021-01-19,Modoc,049,8938,301,281,91,372,0
2021-01-19,Mono,051,14174,1103,1106,14,1120,3
2021-01-19,Monterey,053,433212,37515,35840,1239,37079,248
2021-01-19,Napa,055,140530,8006,7672,31,7703,38
2021-01-19,Nevada,057,99092,3446,3216,134,3350,18
2021-01-19,Orange,059,3164182,223261,215244,9022,224266,2468
2021-01-19,Placer,061,380077,18620,17348,881,18229,182
2021-01-19,Plumas,063,18699,595,509,10,519,2
2021-01-19,Riverside,065,2383286,258684,246248,12197,258445,2585
2021-01-19,Sacramento,067,1510023,83808,81183,964,82147,1053
2021-01-19,San Benito,069,59416,5158,4988,58,5046,35
2021-01-19,San Bernardino,071,2135413,265912,253651,7683,261334,1777
2021-01-19,San Diego,073,3302833,232003,216833,10720,227553,2109
2021-01-19,San Francisco,075,870044,30286,29502,663,30165,261
2021-01-19,San Joaquin,077,732212,59862,57655,2352,60007,782
2021-01-19,San Luis Obispo,079,281455,16940,15855,435,16290,161
2021-01-19,San Mateo,081,765935,34820,32730,279,33009,208
2021-01-19,Santa Barbara,083,443738,26999,24991,792,25783,236
2021-01-19,Santa Clara,085,1922200,97515,94483,441,94924,1010
2021-01-19,Santa Cruz,087,273765,13638,12410,630,13040,106
2021-01-19,Shasta,089,179085,9984,9614,1005,10619,93
2021-01-19,Sierra,091,2930,47,40,10,50,0
2021-01-19,Siskiyou,093,43540,1262,1149,183,1332,4
2021-01-19,Solano,095,438530,26480,25520,290,25810,106
2021-01-19,Sonoma,097,501317,24913,24133,124,24257,223
2021-01-19,Stanislaus,099,539301,44672,42723,4469,47192,561
2021-01-19,Sutter,101,95872,7928,7709,69,7778,80
2021-01-19,Tehama,103,63373,4064,3876,442,4318,19
2021-01-19,Trinity,105,12862,437,260,66,326,3
2021-01-19,Tulare,107,460477,43630,41559,6002,47561,549
2021-01-19,Tuolumne,109,53932,3349,3328,29,3357,29
2021-01-19,Ventura,111,848112,65497,62656,2314,64970,383
2021-01-19,Yolo,113,214977,11496,10789,130,10919,134
2021-01-19,Yuba,115,75493,4912,4695,64,4759,29
2021-01-18,Alameda,001,1643700,70314,67938,1470,69408,680
2021-01-18,Alpine,003,1148,73,71,0,71,0
2021-01-18,Amador,005,37829,3056,3016,24,3040,28
2021-01-18,Butte,007,227075,10097,9474,1367,10841,129
2021-01-18,Calaveras,009,45235,1634,1617,7,1624,21
2021-01-18,Colusa,011,21464,1662,1608,178,1786,7
2021-01-18,Contra Costa,013,1133247,54632,52323,896,53219,448
2021-01-18,Del Norte,015,27424,877,840,3,843,2
2021-01-18,El Dorado,017,186661,8189,7707,539,8246,47
2021-01-18,Fresno,019,978130,87110,82485,6517,89002,857
2021-01-18,Glenn,021,27897,2024,1935,406,2341,13
2021-01-18,Humboldt,023,135768,2529,2343,13,2356,22
2021-01-18,Imperial,025,180216,25903,25317,2217,27534,452
2021-01-18,Inyo,027,18085,996,872,9,881,26
2021-01-18,Kern,029,883053,83735,79930,7565,87495,740
2021-01-18,Kings,031,150075,20073,19267,781,20048,141
2021-01-18,Lake,033,64148,2724,2591,0,2591,30
2021-01-18,Lassen,035,31185,4825,4749,78,4827,1
2021-01-18,Los Angeles,037,10098052,1055487,1002614,33769,1036383,13828
2021-01-18,Madera,039,155013,14029,13443,666,14109,85
2021-01-18,Marin,041,260295,11874,11607,118,11725,165
2021-01-18,Mariposa,043,17540,337,320,2,322,3
2021-01-18,Mendocino,045,87422,3101,2919,56,2975,31
2021-01-18,Merced,047,269075,24573,23927,644,24571,242
2021-01-18,Modoc,049,8938,298,281,88,369,0
2021-01-18,Mono,051,14174,1100,1101,14,1115,3
2021-01-18,Monterey,053,433212,37073,35549,1225,36774,247
2021-01-18,Napa,055,140530,7932,7601,31,7632,38
2021-01-18,Nevada,057,99092,3408,3199,133,3332,17
2021-01-18,Orange,059,3164182,221363,213866,8966,222832,2405
2021-01-18,Placer,061,380077,18504,17263,872,18135,182
2021-01-18,Plumas,063,18699,592,506,10,516,2
2021-01-18,Riverside,065,2383286,256372,244151,12103,256254,2568
2021-01-18,Sacramento,067,1510023,83138,80546,948,81494,1046
2021-01-18,San Benito,069,59416,5108,4963,56,5019,35
2021-01-18,San Bernardino,071,2135413,264154,252808,7624,260432,1775
2021-01-18,San Diego,073,3302833,229355,214335,10591,224926,2103
2021-01-18,San Francisco,075,870044,30080,29321,639,29960,259
2021-01-18,San Joaquin,077,732212,59344,57405,2330,59735,782
2021-01-18,San Luis Obispo,079,281455,16753,15742,425,16167,158
2021-01-18,San Mateo,081,765935,34507,32515,260,32775,208
2021-01-18,Santa Barbara,083,443738,26620,24638,778,25416,235
2021-01-18,Santa Clara,085,1922200,96630,93688,437,94125,992
2021-01-18,Santa Cruz,087,273765,13505,12298,617,12915,106
2021-01-18,Shasta,089,179085,9945,9600,995,10595,92
2021-01-18,Sierra,091,2930,46,40,10,50,0
2021-01-18,Siskiyou,093,43540,1250,1144,182,1326,4
2021-01-18,Solano,095,438530,26203,25344,285,25629,105
2021-01-18,Sonoma,097,501317,24645,24068,123,24191,223
2021-01-18,Stanislaus,099,539301,44315,42413,4413,46826,562
2021-01-18,Sutter,101,95872,7871,7680,67,7747,78
2021-01-18,Tehama,103,63373,4020,3854,435,4289,19
2021-01-18,Trinity,105,12862,437,260,66,326,3
2021-01-18,Tulare,107,460477,43341,41196,5891,47087,549
2021-01-18,Tuolumne,109,53932,3322,3318,28,3346,28
2021-01-18,Ventura,111,848112,65067,61859,2291,64150,379
2021-01-18,Yolo,113,214977,11367,10620,127,10747,134
2021-01-18,Yuba,115,75493,4884,4671,62,4733,29
2021-01-17,Alameda,001,1643700,69749,67375,1452,68827,676
2021-01-17,Alpine,003,1148,73,71,0,71,0
2021-01-17,Amador,005,37829,3049,3001,24,3025,28
2021-01-17,Butte,007,227075,10022,9411,1343,10754,129
2021-01-17,Calaveras,009,45235,1621,1608,7,1615,21
2021-01-17,Colusa,011,21464,1648,1588,174,1762,7
2021-01-17,Contra Costa,013,1133247,54141,51932,886,52818,447
2021-01-17,Del Norte,015,27424,877,838,3,841,2
2021-01-17,El Dorado,017,186661,8133,7659,527,8186,47
2021-01-17,Fresno,019,978130,86557,82039,6441,88480,857
2021-01-17,Glenn,021,27897,2013,1924,400,2324,9
2021-01-17,Humboldt,023,135768,2492,2322,11,2333,22
2021-01-17,Imperial,025,180216,25833,25253,2173,27426,451
2021-01-17,Inyo,027,18085,990,864,9,873,26
2021-01-17,Kern,029,883053,83185,79489,7478,86967,738
2021-01-17,Kings,031,150075,19937,19201,767,19968,131
2021-01-17,Lake,033,64148,2708,2572,0,2572,30
2021-01-17,Lassen,035,31185,4817,4740,77,4817,1
2021-01-17,Los Angeles,037,10098052,1048836,993028,33368,1026396,13741
2021-01-17,Madera,039,155013,13937,13328,661,13989,85
2021-01-17,Marin,041,260295,11821,11552,116,11668,164
2021-01-17,Mariposa,043,17540,337,319,2,321,3
2021-01-17,Mendocino,045,87422,3073,2912,55,2967,31
2021-01-17,Merced,047,269075,24360,23800,626,24426,242
2021-01-17,Modoc,049,8938,297,279,88,367,0
2021-01-17,Mono,051,14174,1093,1091,13,1104,3
2021-01-17,Monterey,053,433212,36829,35340,1199,36539,244
2021-01-17,Napa,055,140530,7876,7521,31,7552,38
2021-01-17,Nevada,057,99092,3383,3176,131,3307,17
2021-01-17,Orange,059,3164182,219362,212389,8891,221280,2359
2021-01-17,Placer,061,380077,18398,17194,857,18051,181
2021-01-17,Plumas,063,18699,590,505,9,514,2
2021-01-17,Riverside,065,2383286,254263,242206,11985,254191,2534
2021-01-17,Sacramento,067,1510023,82536,80154,936,81090,1045
2021-01-17,San Benito,069,59416,5070,4941,56,4997,35
2021-01-17,San Bernardino,071,2135413,262034,251487,7536,259023,1775
2021-01-17,San Diego,073,3302833,227161,211785,10484,222269,2103
2021-01-17,San Francisco,075,870044,29894,29139,601,29740,255
2021-01-17,San Joaquin,077,732212,58987,57094,2315,59409,780
2021-01-17,San Luis Obispo,079,281455,16631,15658,416,16074,157
2021-01-17,San Mateo,081,765935,34255,32186,237,32423,208
2021-01-17,Santa Barbara,083,443738,26160,24401,765,25166,235
2021-01-17,Santa Clara,085,1922200,95882,92752,434,93186,976
2021-01-17,Santa Cruz,087,273765,13393,12196,614,12810,106
2021-01-17,Shasta,089,179085,9887,9588,987,10575,92
2021-01-17,Sierra,091,2930,46,38,9,47,0
2021-01-17,Siskiyou,093,43540,1243,1136,179,1315,4
2021-01-17,Solano,095,438530,25974,25216,283,25499,105
2021-01-17,Sonoma,097,501317,24471,23871,123,23994,223
2021-01-17,Stanislaus,099,539301,43995,42221,4349,46570,562
2021-01-17,Sutter,101,95872,7808,7604,66,7670,77
2021-01-17,Tehama,103,63373,3989,3837,431,4268,18
2021-01-17,Trinity,105,12862,437,261,66,327,3
2021-01-17,Tulare,107,460477,43049,41016,5775,46791,549
2021-01-17,Tuolumne,109,53932,3305,3287,28,3315,27
2021-01-17,Ventura,111,848112,64219,61257,2243,63500,376
2021-01-17,Yolo,113,214977,11268,10519,125,10644,134
2021-01-17,Yuba,115,75493,4834,4640,59,4699,28
2021-01-16,Alameda,001,1643700,69427,66583,1439,68022,673
2021-01-16,Alpine,003,1148,73,71,0,71,0
2021-01-16,Amador,005,37829,3046,2986,24,3010,28
2021-01-16,Butte,007,227075,9990,9359,1323,10682,129
2021-01-16,Calaveras,009,45235,1608,1596,7,1603,21
2021-01-16,Colusa,011,21464,1636,1578,174,1752,7
2021-01-16,Contra Costa,013,1133247,53876,51363,879,52242,443
2021-01-16,Del Norte,015,27424,872,833,3,836,2
2021-01-16,El Dorado,017,186661,8111,7575,526,8101,47
2021-01-16,Fresno,019,978130,86283,81294,6386,87680,846
2021-01-16,Glenn,021,27897,2009,1894,397,2291,9
2021-01-16,Humboldt,023,135768,2472,2294,9,2303,22
2021-01-16,Imperial,025,180216,25798,25140,2166,27306,451
2021-01-16,Inyo,027,18085,986,845,9,854,25
2021-01-16,Kern,029,883053,82818,78865,7424,86289,733
2021-01-16,Kings,031,150075,19881,19072,764,19836,131
2021-01-16,Lake,033,64148,2697,2504,0,2504,30
2021-01-16,Lassen,035,31185,4805,4719,77,4796,1
2021-01-16,Los Angeles,037,10098052,1044752,982684,33130,1015814,13654
2021-01-16,Madera,039,155013,13870,13193,657,13850,85
2021-01-16,Marin,041,260295,11778,11482,116,11598,164
2021-01-16,Mariposa,043,17540,336,317,2,319,3
2021-01-16,Mendocino,045,87422,3059,2890,52,2942,31
2021-01-16,Merced,047,269075,24272,23478,612,24090,242
2021-01-16,Modoc,049,8938,297,278,88,366,0
2021-01-16,Mono,051,14174,1091,1079,13,1092,3
2021-01-16,Monterey,053,433212,36718,34972,1181,36153,243
2021-01-16,Napa,055,140530,7837,7356,31,7387,39
2021-01-16,Nevada,057,99092,3350,3144,131,3275,17
2021-01-16,Orange,059,3164182,218326,210111,8834,218945,2312
2021-01-16,Placer,061,380077,18334,16995,855,17850,177
2021-01-16,Plumas,063,18699,588,502,9,511,2
2021-01-16,Riverside,065,2383286,252906,239412,11870,251282,2506
2021-01-16,Sacramento,067,1510023,82162,79122,919,80041,1033
2021-01-16,San Benito,069,59416,5038,4875,56,4931,35
2021-01-16,San Bernardino,071,2135413,261239,249401,7469,256870,1755
2021-01-16,San Diego,073,3302833,225863,209895,10387,220282,2065
2021-01-16,San Francisco,075,870044,29766,28853,570,29423,244
2021-01-16,San Joaquin,077,732212,58739,56642,2284,58926,776
2021-01-16,San Luis Obispo,079,281455,16530,15466,414,15880,152
2021-01-16,San Mateo,081,765935,34091,31805,231,32036,208
2021-01-16,Santa Barbara,083,443738,25960,24088,761,24849,229
2021-01-16,Santa Clara,085,1922200,95413,91584,427,92011,954
2021-01-16,Santa Cruz,087,273765,13334,12026,612,12638,106
2021-01-16,Shasta,089,179085,9854,9547,983,10530,92
2021-01-16,Sierra,091,2930,45,38,9,47,0
2021-01-16,Siskiyou,093,43540,1238,1124,179,1303,4
2021-01-16,Solano,095,438530,25865,24732,278,25010,103
2021-01-16,Sonoma,097,501317,24380,23607,122,23729,223
2021-01-16,Stanislaus,099,539301,43807,41809,4298,46107,562
2021-01-16,Sutter,101,95872,7776,7560,66,7626,76
2021-01-16,Tehama,103,63373,3975,3783,431,4214,18
2021-01-16,Trinity,105,12862,437,261,66,327,3
2021-01-16,Tulare,107,460477,42870,40655,5702,46357,542
2021-01-16,Tuolumne,109,53932,3297,3269,28,3297,27
2021-01-16,Ventura,111,848112,63667,60368,2213,62581,369
2021-01-16,Yolo,113,214977,11219,10406,124,10530,134
2021-01-16,Yuba,115,75493,4804,4602,59,4661,27
2021-01-15,Alameda,001,1643700,69003,65416,1428,66844,672
2021-01-15,Alpine,003,1148,73,71,0,71,0
2021-01-15,Amador,005,37829,3039,2953,24,2977,28
2021-01-15,Butte,007,227075,9949,9233,1308,10541,129
2021-01-15,Calaveras,009,45235,1601,1538,7,1545,21
2021-01-15,Colusa,011,21464,1625,1541,169,1710,7
2021-01-15,Contra Costa,013,1133247,53546,50408,872,51280,428
2021-01-15,Del Norte,015,27424,868,828,2,830,2
2021-01-15,El Dorado,017,186661,8062,7439,517,7956,47
2021-01-15,Fresno,019,978130,85746,79950,6350,86300,832
2021-01-15,Glenn,021,27897,2005,1824,394,2218,9
2021-01-15,Humboldt,023,135768,2445,2218,8,2226,22
2021-01-15,Imperial,025,180216,25764,24944,2160,27104,446
2021-01-15,Inyo,027,18085,968,814,9,823,25
2021-01-15,Kern,029,883053,82404,77873,7359,85232,719
2021-01-15,Kings,031,150075,19772,18661,758,19419,131
2021-01-15,Lake,033,64148,2671,2434,0,2434,28
2021-01-15,Lassen,035,31185,4794,4693,75,4768,1
2021-01-15,Los Angeles,037,10098052,1037704,968979,32843,1001822,13404
2021-01-15,Madera,039,155013,13785,12883,654,13537,85
2021-01-15,Marin,041,260295,11727,11310,116,11426,160
2021-01-15,Mariposa,043,17540,334,307,2,309,3
2021-01-15,Mendocino,045,87422,3048,2835,52,2887,31
2021-01-15,Merced,047,269075,24159,23060,608,23668,239
2021-01-15,Modoc,049,8938,297,278,86,364,0
2021-01-15,Mono,051,14174,1088,1057,13,1070,3
2021-01-15,Monterey,053,433212,36501,34460,1122,35582,243
2021-01-15,Napa,055,140530,7775,7231,31,7262,38
2021-01-15,Nevada,057,99092,3337,3099,128,3227,17
2021-01-15,Orange,059,3164182,216974,207129,8782,215911,2254
2021-01-15,Placer,061,380077,18230,16712,846,17558,173
2021-01-15,Plumas,063,18699,585,499,9,508,2
2021-01-15,Riverside,065,2383286,251041,235235,11790,247025,2458
2021-01-15,Sacramento,067,1510023,81740,80279,911,81190,1023
2021-01-15,San Benito,069,59416,4999,4766,54,4820,35
2021-01-15,San Bernardino,071,2135413,260073,246182,7411,253593,1726
2021-01-15,San Diego,073,3302833,224114,206868,10322,217190,2037
2021-01-15,San Francisco,075,870044,29591,28574,550,29124,242
2021-01-15,San Joaquin,077,732212,58505,55885,2270,58155,748
2021-01-15,San Luis Obispo,079,281455,16397,15129,409,15538,148
2021-01-15,San Mateo,081,765935,33846,31291,227,31518,208
2021-01-15,Santa Barbara,083,443738,25676,23487,757,24244,226
2021-01-15,Santa Clara,085,1922200,94760,90103,422,90525,942
2021-01-15,Santa Cruz,087,273765,13225,11776,598,12374,105
2021-01-15,Shasta,089,179085,9815,9459,976,10435,91
2021-01-15,Sierra,091,2930,44,36,7,43,0
2021-01-15,Siskiyou,093,43540,1234,1119,178,1297,4
2021-01-15,Solano,095,438530,25715,24222,275,24497,103
2021-01-15,Sonoma,097,501317,24249,23204,121,23325,222
2021-01-15,Stanislaus,099,539301,43557,41178,4256,45434,562
2021-01-15,Sutter,101,95872,7729,7484,65,7549,75
2021-01-15,Tehama,103,63373,3953,3714,430,4144,17
2021-01-15,Trinity,105,12862,437,262,66,328,3
2021-01-15,Tulare,107,460477,42627,39951,5617,45568,535
2021-01-15,Tuolumne,109,53932,3281,3231,28,3259,27
2021-01-15,Ventura,111,848112,62923,59061,2180,61241,353
2021-01-15,Yolo,113,214977,11163,10240,123,10363,134
2021-01-15,Yuba,115,75493,4783,4549,59,4608,27
2021-01-14,Alameda,001,1643700,68373,64364,1412,65776,686
2021-01-14,Alpine,003,1148,73,71,0,71,0
2021-01-14,Amador,005,37829,3033,2940,24,2964,28
2021-01-14,Butte,007,227075,9862,9127,1286,10413,129
2021-01-14,Calaveras,009,45235,1584,1513,7,1520,21
2021-01-14,Colusa,011,21464,1610,1535,162,1697,7
2021-01-14,Contra Costa,013,1133247,52990,49545,858,50403,415
2021-01-14,Del Norte,015,27424,862,821,2,823,2
2021-01-14,El Dorado,017,186661,7988,7321,509,7830,45
2021-01-14,Fresno,019,978130,85113,79033,6270,85303,814
2021-01-14,Glenn,021,27897,1993,1798,389,2187,9
2021-01-14,Humboldt,023,135768,2402,2169,8,2177,22
2021-01-14,Imperial,025,180216,25655,24882,2125,27007,447
2021-01-14,Inyo,027,18085,961,790,9,799,25
2021-01-14,Kern,029,883053,81732,77070,7257,84327,705
2021-01-14,Kings,031,150075,19642,18405,754,19159,108
2021-01-14,Lake,033,64148,2628,2378,0,2378,27
2021-01-14,Lassen,035,31185,4784,4673,73,4746,1
2021-01-14,Los Angeles,037,10098052,1027686,954652,32465,987117,13147
2021-01-14,Madera,039,155013,13671,12742,643,13385,85
2021-01-14,Marin,041,260295,11653,11155,115,11270,159
2021-01-14,Mariposa,043,17540,331,302,2,304,3
2021-01-14,Mendocino,045,87422,3034,2801,50,2851,31
2021-01-14,Merced,047,269075,23932,22780,598,23378,239
2021-01-14,Modoc,049,8938,297,273,86,359,0
2021-01-14,Mono,051,14174,1080,1020,13,1033,3
2021-01-14,Monterey,053,433212,36080,34105,1100,35205,242
2021-01-14,Napa,055,140530,7690,7117,31,7148,38
2021-01-14,Nevada,057,99092,3310,3075,126,3201,17
2021-01-14,Orange,059,3164182,215041,204442,8696,213138,2162
2021-01-14,Placer,061,380077,18068,16488,839,17327,169
2021-01-14,Plumas,063,18699,577,496,9,505,2
2021-01-14,Riverside,065,2383286,248396,231684,11691,243375,2357
2021-01-14,Sacramento,067,1510023,81102,79137,887,80024,1007
2021-01-14,San Benito,069,59416,4963,4678,53,4731,35
2021-01-14,San Bernardino,071,2135413,258103,243379,7341,250720,1750
2021-01-14,San Diego,073,3302833,221720,204173,10202,214375,2005
2021-01-14,San Francisco,075,870044,29346,28200,502,28702,238
2021-01-14,San Joaquin,077,732212,57989,55058,2256,57314,739
2021-01-14,San Luis Obispo,079,281455,16235,14851,400,15251,146
2021-01-14,San Mateo,081,765935,33477,30694,218,30912,208
2021-01-14,Santa Barbara,083,443738,25255,23126,739,23865,219
2021-01-14,Santa Clara,085,1922200,93833,88505,415,88920,910
2021-01-14,Santa Cruz,087,273765,13078,11583,582,12165,109
2021-01-14,Shasta,089,179085,9766,9334,960,10294,90
2021-01-14,Sierra,091,2930,44,35,6,41,0
2021-01-14,Siskiyou,093,43540,1222,1108,175,1283,3
2021-01-14,Solano,095,438530,25456,23782,271,24053,103
2021-01-14,Sonoma,097,501317,24009,22910,121,23031,202
2021-01-14,Stanislaus,099,539301,43230,40597,4215,44812,574
2021-01-14,Sutter,101,95872,7670,7416,62,7478,74
2021-01-14,Tehama,103,63373,3925,3664,426,4090,17
2021-01-14,Trinity,105,12862,437,261,65,326,3
2021-01-14,Tulare,107,460477,42242,39565,5509,45074,533
2021-01-14,Tuolumne,109,53932,3260,3215,28,3243,28
2021-01-14,Ventura,111,848112,62051,57941,2143,60084,347
2021-01-14,Yolo,113,214977,11055,10097,117,10214,135
2021-01-14,Yuba,115,75493,4750,4496,59,4555,27
2021-01-13,Alameda,001,1643700,67618,63568,1396,64964,690
2021-01-13,Alpine,003,1148,73,71,0,71,0
2021-01-13,Amador,005,37829,3019,2914,24,2938,26
2021-01-13,Butte,007,227075,9780,9013,1271,10284,126
2021-01-13,Calaveras,009,45235,1562,1493,7,1500,21
2021-01-13,Colusa,011,21464,1598,1524,154,1678,7
2021-01-13,Contra Costa,013,1133247,52412,48877,846,49723,403
2021-01-13,Del Norte,015,27424,858,820,2,822,2
2021-01-13,El Dorado,017,186661,7895,7247,501,7748,43
2021-01-13,Fresno,019,978130,84394,78278,6228,84506,804
2021-01-13,Glenn,021,27897,1977,1792,380,2172,9
2021-01-13,Humboldt,023,135768,2369,2114,8,2122,22
2021-01-13,Imperial,025,180216,25531,24717,2092,26809,463
2021-01-13,Inyo,027,18085,949,785,9,794,25
2021-01-13,Kern,029,883053,81071,76049,7167,83216,704
2021-01-13,Kings,031,150075,19475,18121,732,18853,108
2021-01-13,Lake,033,64148,2585,2305,0,2305,27
2021-01-13,Lassen,035,31185,4777,4663,72,4735,1
2021-01-13,Los Angeles,037,10098052,1016900,937985,32055,970040,12873
2021-01-13,Madera,039,155013,13545,12570,638,13208,85
2021-01-13,Marin,041,260295,11597,11039,115,11154,161
2021-01-13,Mariposa,043,17540,329,304,2,306,3
2021-01-13,Mendocino,045,87422,3014,2790,50,2840,31
2021-01-13,Merced,047,269075,23693,22497,584,23081,241
2021-01-13,Modoc,049,8938,296,274,83,357,0
2021-01-13,Mono,051,14174,1076,1017,13,1030,3
2021-01-13,Monterey,053,433212,35656,33748,1076,34824,241
2021-01-13,Napa,055,140530,7576,7028,31,7059,36
2021-01-13,Nevada,057,99092,3286,3037,123,3160,17
2021-01-13,Orange,059,3164182,212951,201158,8626,209784,2172
2021-01-13,Placer,061,380077,17942,16272,825,17097,172
2021-01-13,Plumas,063,18699,575,490,9,499,2
2021-01-13,Riverside,065,2383286,245249,228192,11573,239765,2278
2021-01-13,Sacramento,067,1510023,80441,78268,880,79148,996
2021-01-13,San Benito,069,59416,4906,4583,52,4635,35
2021-01-13,San Bernardino,071,2135413,255727,240191,7269,247460,1759
2021-01-13,San Diego,073,3302833,219106,201578,10099,211677,1952
2021-01-13,San Francisco,075,870044,29107,27863,480,28343,238
2021-01-13,San Joaquin,077,732212,57367,54373,2226,56599,738
2021-01-13,San Luis Obispo,079,281455,16080,14625,389,15014,140
2021-01-13,San Mateo,081,765935,33137,30195,216,30411,207
2021-01-13,Santa Barbara,083,443738,24813,22714,723,23437,216
2021-01-13,Santa Clara,085,1922200,92856,87187,412,87599,911
2021-01-13,Santa Cruz,087,273765,12905,11423,568,11991,110
2021-01-13,Shasta,089,179085,9702,9180,946,10126,93
2021-01-13,Sierra,091,2930,44,33,6,39,0
2021-01-13,Siskiyou,093,43540,1216,1102,171,1273,3
2021-01-13,Solano,095,438530,25171,23503,269,23772,105
2021-01-13,Sonoma,097,501317,23759,22610,120,22730,206
2021-01-13,Stanislaus,099,539301,42838,40167,4162,44329,574
2021-01-13,Sutter,101,95872,7624,7350,61,7411,73
2021-01-13,Tehama,103,63373,3875,3589,421,4010,17
2021-01-13,Trinity,105,12862,437,260,65,325,3
2021-01-13,Tulare,107,460477,41837,39129,5405,44534,522
2021-01-13,Tuolumne,109,53932,3246,3196,28,3224,28
2021-01-13,Ventura,111,848112,61039,56453,2103,58556,338
2021-01-13,Yolo,113,214977,10954,9933,113,10046,135
2021-01-13,Yuba,115,75493,4708,4448,56,4504,27
2021-01-12,Alameda,001,1643700,66785,62642,1378,64020,677
2021-01-12,Alpine,003,1148,73,71,0,71,0
2021-01-12,Amador,005,37829,3002,2897,24,2921,26
2021-01-12,Butte,007,227075,9692,8883,1255,10138,124
2021-01-12,Calaveras,009,45235,1526,1475,7,1482,21
2021-01-12,Colusa,011,21464,1586,1510,150,1660,7
2021-01-12,Contra Costa,013,1133247,51771,48242,832,49074,399
2021-01-12,Del Norte,015,27424,853,816,2,818,2
2021-01-12,El Dorado,017,186661,7812,7156,490,7646,41
2021-01-12,Fresno,019,978130,83522,77651,6159,83810,796
2021-01-12,Glenn,021,27897,1952,1781,376,2157,9
2021-01-12,Humboldt,023,135768,2315,2077,7,2084,22
2021-01-12,Imperial,025,180216,25441,24566,2051,26617,457
2021-01-12,Inyo,027,18085,931,773,9,782,25
2021-01-12,Kern,029,883053,80365,75320,7071,82391,689
2021-01-12,Kings,031,150075,19263,18072,722,18794,108
2021-01-12,Lake,033,64148,2537,2260,0,2260,27
2021-01-12,Lassen,035,31185,4755,4659,70,4729,1
2021-01-12,Los Angeles,037,10098052,1005242,926295,31645,957940,12610
2021-01-12,Madera,039,155013,13405,12485,629,13114,85
2021-01-12,Marin,041,260295,11488,10960,115,11075,157
2021-01-12,Mariposa,043,17540,326,302,2,304,3
2021-01-12,Mendocino,045,87422,2994,2762,46,2808,31
2021-01-12,Merced,047,269075,23442,22172,562,22734,239
2021-01-12,Modoc,049,8938,294,274,83,357,0
2021-01-12,Mono,051,14174,1066,1008,13,1021,3
2021-01-12,Monterey,053,433212,35165,33381,1059,34440,240
2021-01-12,Napa,055,140530,7493,6936,31,6967,36
2021-01-12,Nevada,057,99092,3258,3014,121,3135,17
2021-01-12,Orange,059,3164182,210663,198260,8539,206799,2142
2021-01-12,Placer,061,380077,17772,16087,819,16906,163
2021-01-12,Plumas,063,18699,569,483,9,492,2
2021-01-12,Riverside,065,2383286,242117,225580,11433,237013,2266
2021-01-12,Sacramento,067,1510023,79713,77201,872,78073,985
2021-01-12,San Benito,069,59416,4838,4515,52,4567,35
2021-01-12,San Bernardino,071,2135413,253160,237008,7200,244208,1739
2021-01-12,San Diego,073,3302833,216192,198317,9982,208299,1898
2021-01-12,San Francisco,075,870044,28832,27531,447,27978,238
2021-01-12,San Joaquin,077,732212,56727,53630,2199,55829,725
2021-01-12,San Luis Obispo,079,281455,15834,14367,381,14748,132
2021-01-12,San Mateo,081,765935,32746,29747,204,29951,206
2021-01-12,Santa Barbara,083,443738,24391,22182,703,22885,209
2021-01-12,Santa Clara,085,1922200,91779,86075,404,86479,904
2021-01-12,Santa Cruz,087,273765,12690,11267,552,11819,110
2021-01-12,Shasta,089,179085,9629,9086,933,10019,84
2021-01-12,Sierra,091,2930,43,33,6,39,0
2021-01-12,Siskiyou,093,43540,1206,1091,164,1255,3
2021-01-12,Solano,095,438530,24868,23160,264,23424,102
2021-01-12,Sonoma,097,501317,23454,22403,120,22523,205
2021-01-12,Stanislaus,099,539301,42400,39615,4126,43741,571
2021-01-12,Sutter,101,95872,7561,7276,60,7336,73
2021-01-12,Tehama,103,63373,3837,3567,416,3983,17
2021-01-12,Trinity,105,12862,437,258,65,323,3
2021-01-12,Tulare,107,460477,41380,38797,5289,44086,509
2021-01-12,Tuolumne,109,53932,3213,3178,28,3206,28
2021-01-12,Ventura,111,848112,60067,55342,2070,57412,324
2021-01-12,Yolo,113,214977,10818,9857,103,9960,133
2021-01-12,Yuba,115,75493,4666,4389,56,4445,27
2021-01-11,Alameda,001,1643700,65920,61949,1360,63309,652
2021-01-11,Alpine,003,1148,73,70,0,70,0
2021-01-11,Amador,005,37829,2988,2867,24,2891,24
2021-01-11,Butte,007,227075,9579,8757,1237,9994,119
2021-01-11,Calaveras,009,45235,1507,1460,7,1467,21
2021-01-11,Colusa,011,21464,1569,1494,145,1639,7
2021-01-11,Contra Costa,013,1133247,51094,47728,822,48550,398
2021-01-11,Del Norte,015,27424,849,810,2,812,2
2021-01-11,El Dorado,017,186661,7718,6987,482,7469,36
2021-01-11,Fresno,019,978130,82642,76581,6082,82663,775
2021-01-11,Glenn,021,27897,1925,1763,370,2133,9
2021-01-11,Humboldt,023,135768,2276,2069,7,2076,22
2021-01-11,Imperial,025,180216,25326,24418,2015,26433,453
2021-01-11,Inyo,027,18085,913,763,9,772,25
2021-01-11,Kern,029,883053,79504,74489,6972,81461,682
2021-01-11,Kings,031,150075,19000,17909,714,18623,108
2021-01-11,Lake,033,64148,2485,2205,0,2205,26
2021-01-11,Lassen,035,31185,4732,4647,69,4716,1
2021-01-11,Los Angeles,037,10098052,992019,914434,31178,945612,12304
2021-01-11,Madera,039,155013,13271,12366,618,12984,85
2021-01-11,Marin,041,260295,11391,10814,112,10926,156
2021-01-11,Mariposa,043,17540,319,296,2,298,3
2021-01-11,Mendocino,045,87422,2966,2728,46,2774,31
2021-01-11,Merced,047,269075,23119,21884,547,22431,238
2021-01-11,Modoc,049,8938,293,271,82,353,0
2021-01-11,Mono,051,14174,1060,1006,13,1019,3
2021-01-11,Monterey,053,433212,34626,32858,996,33854,239
2021-01-11,Napa,055,140530,7391,6822,31,6853,36
2021-01-11,Nevada,057,99092,3230,2980,121,3101,17
2021-01-11,Orange,059,3164182,208077,196340,8438,204778,2113
2021-01-11,Placer,061,380077,17592,15919,809,16728,163
2021-01-11,Plumas,063,18699,565,477,9,486,2
2021-01-11,Riverside,065,2383286,238605,222907,11286,234193,2222
2021-01-11,Sacramento,067,1510023,78781,76009,856,76865,974
2021-01-11,San Benito,069,59416,4764,4482,45,4527,34
2021-01-11,San Bernardino,071,2135413,250359,235543,7100,242643,1739
2021-01-11,San Diego,073,3302833,212923,194793,9822,204615,1857
2021-01-11,San Francisco,075,870044,28556,27264,426,27690,238
2021-01-11,San Joaquin,077,732212,56114,53002,2169,55171,725
2021-01-11,San Luis Obispo,079,281455,15463,14213,373,14586,126
2021-01-11,San Mateo,081,765935,32302,29355,192,29547,206
2021-01-11,Santa Barbara,083,443738,23941,21740,691,22431,200
2021-01-11,Santa Clara,085,1922200,90571,84851,395,85246,877
2021-01-11,Santa Cruz,087,273765,12510,11093,528,11621,106
2021-01-11,Shasta,089,179085,9531,8977,920,9897,81
2021-01-11,Sierra,091,2930,41,33,6,39,0
2021-01-11,Siskiyou,093,43540,1197,1087,162,1249,3
2021-01-11,Solano,095,438530,24548,22893,259,23152,101
2021-01-11,Sonoma,097,501317,23208,22191,120,22311,205
2021-01-11,Stanislaus,099,539301,41908,39149,4076,43225,571
2021-01-11,Sutter,101,95872,7502,7204,59,7263,71
2021-01-11,Tehama,103,63373,3774,3524,394,3918,17
2021-01-11,Trinity,105,12862,437,256,65,321,2
2021-01-11,Tulare,107,460477,40965,38380,5210,43590,497
2021-01-11,Tuolumne,109,53932,3202,3165,28,3193,27
2021-01-11,Ventura,111,848112,58931,54202,2047,56249,320
2021-01-11,Yolo,113,214977,10610,9699,101,9800,129
2021-01-11,Yuba,115,75493,4627,4349,49,4398,27
2021-01-10,Alameda,001,1643700,64926,61111,1332,62443,650
2021-01-10,Alpine,003,1148,73,70,0,70,0
2021-01-10,Amador,005,37829,2964,2861,24,2885,24
2021-01-10,Butte,007,227075,9458,8665,1211,9876,119
2021-01-10,Calaveras,009,45235,1483,1449,7,1456,21
2021-01-10,Colusa,011,21464,1546,1478,143,1621,7
2021-01-10,Contra Costa,013,1133247,50310,47109,804,47913,398
2021-01-10,Del Norte,015,27424,846,809,2,811,2
2021-01-10,El Dorado,017,186661,7631,6904,464,7368,36
2021-01-10,Fresno,019,978130,81831,75621,5959,81580,775
2021-01-10,Glenn,021,27897,1906,1746,362,2108,9
2021-01-10,Humboldt,023,135768,2215,2049,7,2056,22
2021-01-10,Imperial,025,180216,25166,24233,1964,26197,453
2021-01-10,Inyo,027,18085,885,748,9,757,25
2021-01-10,Kern,029,883053,78672,73712,6839,80551,679
2021-01-10,Kings,031,150075,18781,17812,707,18519,108
2021-01-10,Lake,033,64148,2431,2174,0,2174,26
2021-01-10,Lassen,035,31185,4710,4642,69,4711,1
2021-01-10,Los Angeles,037,10098052,977412,901783,30552,932335,12170
2021-01-10,Madera,039,155013,13082,12179,603,12782,85
2021-01-10,Marin,041,260295,11270,10737,111,10848,155
2021-01-10,Mariposa,043,17540,319,291,2,293,3
2021-01-10,Mendocino,045,87422,2935,2706,42,2748,31
2021-01-10,Merced,047,269075,22845,21691,535,22226,238
2021-01-10,Modoc,049,8938,293,271,80,351,0
2021-01-10,Mono,051,14174,1042,965,13,978,3
2021-01-10,Monterey,053,433212,34186,32571,963,33534,237
2021-01-10,Napa,055,140530,7287,6687,29,6716,36
2021-01-10,Nevada,057,99092,3211,2959,117,3076,17
2021-01-10,Orange,059,3164182,205310,193766,8314,202080,2104
2021-01-10,Placer,061,380077,17403,15779,789,16568,163
2021-01-10,Plumas,063,18699,555,477,9,486,2
2021-01-10,Riverside,065,2383286,235237,219486,11098,230584,2216
2021-01-10,Sacramento,067,1510023,77820,75394,828,76222,965
2021-01-10,San Benito,069,59416,4665,4434,44,4478,34
2021-01-10,San Bernardino,071,2135413,246832,232171,6996,239167,1736
2021-01-10,San Diego,073,3302833,209256,191886,9655,201541,1857
2021-01-10,San Francisco,075,870044,28171,27054,395,27449,238
2021-01-10,San Joaquin,077,732212,55255,52535,2136,54671,725
2021-01-10,San Luis Obispo,079,281455,15134,13968,361,14329,122
2021-01-10,San Mateo,081,765935,31812,28972,178,29150,206
2021-01-10,Santa Barbara,083,443738,23382,21290,676,21966,200
2021-01-10,Santa Clara,085,1922200,89396,83779,386,84165,858
2021-01-10,Santa Cruz,087,273765,12297,10951,507,11458,106
2021-01-10,Shasta,089,179085,9419,8936,905,9841,81
2021-01-10,Sierra,091,2930,40,32,6,38,0
2021-01-10,Siskiyou,093,43540,1191,1075,159,1234,3
2021-01-10,Solano,095,438530,24145,22621,256,22877,101
2021-01-10,Sonoma,097,501317,22932,21925,119,22044,204
2021-01-10,Stanislaus,099,539301,41335,38809,3997,42806,571
2021-01-10,Sutter,101,95872,7441,7133,56,7189,71
2021-01-10,Tehama,103,63373,3701,3504,381,3885,17
2021-01-10,Trinity,105,12862,437,253,63,316,2
2021-01-10,Tulare,107,460477,40547,38012,5088,43100,497
2021-01-10,Tuolumne,109,53932,3168,3143,27,3170,27
2021-01-10,Ventura,111,848112,57662,53095,2003,55098,319
2021-01-10,Yolo,113,214977,10458,9610,100,9710,129
2021-01-10,Yuba,115,75493,4575,4300,46,4346,27
2021-01-09,Alameda,001,1643700,64379,60125,1316,61441,649
2021-01-09,Alpine,003,1148,73,70,0,70,0
2021-01-09,Amador,005,37829,2957,2809,24,2833,24
2021-01-09,Butte,007,227075,9379,8552,1187,9739,118
2021-01-09,Calaveras,009,45235,1473,1425,7,1432,21
2021-01-09,Colusa,011,21464,1539,1468,142,1610,7
2021-01-09,Contra Costa,013,1133247,49958,46406,789,47195,393
2021-01-09,Del Norte,015,27424,844,802,2,804,2
2021-01-09,El Dorado,017,186661,7599,6800,461,7261,36
2021-01-09,Fresno,019,978130,81422,74816,5919,80735,773
2021-01-09,Glenn,021,27897,1891,1707,359,2066,9
2021-01-09,Humboldt,023,135768,2197,2026,7,2033,22
2021-01-09,Imperial,025,180216,25098,24028,1950,25978,448
2021-01-09,Inyo,027,18085,875,734,9,743,25
2021-01-09,Kern,029,883053,78204,73015,6762,79777,677
2021-01-09,Kings,031,150075,18686,17679,703,18382,108
2021-01-09,Lake,033,64148,2396,2144,0,2144,26
2021-01-09,Lassen,035,31185,4698,4613,68,4681,1
2021-01-09,Los Angeles,037,10098052,971835,887949,30116,918065,12011
2021-01-09,Madera,039,155013,12991,12063,598,12661,85
2021-01-09,Marin,041,260295,11209,10634,110,10744,154
2021-01-09,Mariposa,043,17540,316,287,2,289,3
2021-01-09,Mendocino,045,87422,2917,2664,42,2706,31
2021-01-09,Merced,047,269075,22703,21357,526,21883,237
2021-01-09,Modoc,049,8938,293,271,79,350,0
2021-01-09,Mono,051,14174,1037,964,13,977,3
2021-01-09,Monterey,053,433212,34035,31948,953,32901,235
2021-01-09,Napa,055,140530,7217,6594,26,6620,36
2021-01-09,Nevada,057,99092,3189,2932,114,3046,17
2021-01-09,Orange,059,3164182,203800,191004,8221,199225,2034
2021-01-09,Placer,061,380077,17296,15609,787,16396,162
2021-01-09,Plumas,063,18699,553,477,9,486,2
2021-01-09,Riverside,065,2383286,233482,216076,10961,227037,2201
2021-01-09,Sacramento,067,1510023,77287,74482,823,75305,953
2021-01-09,San Benito,069,59416,4614,4335,44,4379,34
2021-01-09,San Bernardino,071,2135413,245640,228857,6928,235785,1714
2021-01-09,San Diego,073,3302833,207562,188598,9535,198133,1824
2021-01-09,San Francisco,075,870044,27999,26708,352,27060,235
2021-01-09,San Joaquin,077,732212,54906,51927,2116,54043,724
2021-01-09,San Luis Obispo,079,281455,15010,13647,350,13997,121
2021-01-09,San Mateo,081,765935,31513,28512,171,28683,205
2021-01-09,Santa Barbara,083,443738,23170,20971,671,21642,197
2021-01-09,Santa Clara,085,1922200,88556,82269,374,82643,808
2021-01-09,Santa Cruz,087,273765,12201,10717,501,11218,107
2021-01-09,Shasta,089,179085,9386,8893,901,9794,81
2021-01-09,Sierra,091,2930,38,32,6,38,0
2021-01-09,Siskiyou,093,43540,1187,1062,155,1217,3
2021-01-09,Solano,095,438530,23987,22226,255,22481,101
2021-01-09,Sonoma,097,501317,22810,21393,119,21512,202
2021-01-09,Stanislaus,099,539301,41044,38403,3962,42365,567
2021-01-09,Sutter,101,95872,7405,7072,55,7127,69
2021-01-09,Tehama,103,63373,3669,3451,371,3822,15
2021-01-09,Trinity,105,12862,437,252,63,315,2
2021-01-09,Tulare,107,460477,40293,37684,5022,42706,496
2021-01-09,Tuolumne,109,53932,3160,3117,26,3143,26
2021-01-09,Ventura,111,848112,56833,51988,1977,53965,306
2021-01-09,Yolo,113,214977,10385,9524,97,9621,129
2021-01-09,Yuba,115,75493,4545,4265,46,4311,27
2021-01-08,Alameda,001,1643700,63814,59172,1307,60479,646
2021-01-08,Alpine,003,1148,73,70,0,70,0
2021-01-08,Amador,005,37829,2950,2792,24,2816,24
2021-01-08,Butte,007,227075,9319,8430,1173,9603,115
2021-01-08,Calaveras,009,45235,1459,1385,7,1392,21
2021-01-08,Colusa,011,21464,1526,1448,141,1589,7
2021-01-08,Contra Costa,013,1133247,49431,45667,785,46452,381
2021-01-08,Del Norte,015,27424,842,795,2,797,2
2021-01-08,El Dorado,017,186661,7529,6690,449,7139,36
2021-01-08,Fresno,019,978130,80607,73689,5858,79547,771
2021-01-08,Glenn,021,27897,1876,1680,354,2034,9
2021-01-08,Humboldt,023,135768,2173,1988,7,1995,22
2021-01-08,Imperial,025,180216,25032,23751,1935,25686,446
2021-01-08,Inyo,027,18085,861,682,9,691,24
2021-01-08,Kern,029,883053,77641,71978,6688,78666,674
2021-01-08,Kings,031,150075,18558,17441,698,18139,108
2021-01-08,Lake,033,64148,2371,2098,0,2098,26
2021-01-08,Lassen,035,31185,4690,4598,66,4664,1
2021-01-08,Los Angeles,037,10098052,961034,871188,29687,900875,11796
2021-01-08,Madera,039,155013,12840,11846,589,12435,85
2021-01-08,Marin,041,260295,11115,10531,109,10640,153
2021-01-08,Mariposa,043,17540,315,273,2,275,3
2021-01-08,Mendocino,045,87422,2898,2634,39,2673,31
2021-01-08,Merced,047,269075,22508,20862,521,21383,236
2021-01-08,Modoc,049,8938,293,266,79,345,0
2021-01-08,Mono,051,14174,1027,951,13,964,3
2021-01-08,Monterey,053,433212,33783,31543,942,32485,224
2021-01-08,Napa,055,140530,7147,6544,26,6570,32
2021-01-08,Nevada,057,99092,3167,2888,114,3002,17
2021-01-08,Orange,059,3164182,201805,186608,8134,194742,1991
2021-01-08,Placer,061,380077,17165,15401,780,16181,161
2021-01-08,Plumas,063,18699,547,465,9,474,2
2021-01-08,Riverside,065,2383286,231077,212122,10830,222952,2184
2021-01-08,Sacramento,067,1510023,76714,73245,817,74062,939
2021-01-08,San Benito,069,59416,4577,4225,43,4268,33
2021-01-08,San Bernardino,071,2135413,243764,224267,6858,231125,1703
2021-01-08,San Diego,073,3302833,205024,185060,9441,194501,1771
2021-01-08,San Francisco,075,870044,27749,26378,329,26707,207
2021-01-08,San Joaquin,077,732212,54572,50990,2088,53078,710
2021-01-08,San Luis Obispo,079,281455,14877,13286,338,13624,119
2021-01-08,San Mateo,081,765935,31163,28072,168,28240,204
2021-01-08,Santa Barbara,083,443738,22884,20461,666,21127,189
2021-01-08,Santa Clara,085,1922200,87553,80561,371,80932,789
2021-01-08,Santa Cruz,087,273765,12060,10486,493,10979,106
2021-01-08,Shasta,089,179085,9336,8772,886,9658,81
2021-01-08,Sierra,091,2930,38,31,6,37,0
2021-01-08,Siskiyou,093,43540,1184,1027,154,1181,3
2021-01-08,Solano,095,438530,23816,21832,252,22084,100
2021-01-08,Sonoma,097,501317,22668,21178,119,21297,201
2021-01-08,Stanislaus,099,539301,40745,37858,3927,41785,566
2021-01-08,Sutter,101,95872,7355,6982,55,7037,68
2021-01-08,Tehama,103,63373,3646,3406,367,3773,15
2021-01-08,Trinity,105,12862,437,247,63,310,2
2021-01-08,Tulare,107,460477,40021,36946,4921,41867,491
2021-01-08,Tuolumne,109,53932,3152,3099,26,3125,19
2021-01-08,Ventura,111,848112,55967,50553,1953,52506,294
2021-01-08,Yolo,113,214977,10297,9391,93,9484,129
2021-01-08,Yuba,115,75493,4503,4195,45,4240,26
2021-01-07,Alameda,001,1643700,62957,57921,1280,59201,632
2021-01-07,Alpine,003,1148,71,70,0,70,0
2021-01-07,Amador,005,37829,2937,2740,23,2763,24
2021-01-07,Butte,007,227075,9222,8278,1152,9430,112
2021-01-07,Calaveras,009,45235,1442,1342,6,1348,21
2021-01-07,Colusa,011,21464,1514,1420,134,1554,7
2021-01-07,Contra Costa,013,1133247,48654,44756,769,45525,376
2021-01-07,Del Norte,015,27424,840,791,2,793,2
2021-01-07,El Dorado,017,186661,7428,6545,437,6982,36
2021-01-07,Fresno,019,978130,79651,72557,5759,78316,765
2021-01-07,Glenn,021,27897,1858,1639,344,1983,9
2021-01-07,Humboldt,023,135768,2146,1954,7,1961,22
2021-01-07,Imperial,025,180216,24842,23608,1884,25492,431
2021-01-07,Inyo,027,18085,848,656,9,665,20
2021-01-07,Kern,029,883053,76779,70953,6537,77490,660
2021-01-07,Kings,031,150075,18430,17238,689,17927,108
2021-01-07,Lake,033,64148,2317,2054,0,2054,26
2021-01-07,Lassen,035,31185,4685,4581,64,4645,1
2021-01-07,Los Angeles,037,10098052,946117,853187,29151,882338,11480
2021-01-07,Madera,039,155013,12683,11644,578,12222,76
2021-01-07,Marin,041,260295,11026,10364,107,10471,153
2021-01-07,Mariposa,043,17540,313,264,2,266,3
2021-01-07,Mendocino,045,87422,2843,2585,34,2619,30
2021-01-07,Merced,047,269075,22187,20510,505,21015,234
2021-01-07,Modoc,049,8938,293,265,79,344,0
2021-01-07,Mono,051,14174,1016,905,13,918,3
2021-01-07,Monterey,053,433212,33278,30903,919,31822,222
2021-01-07,Napa,055,140530,7037,6408,26,6434,32
2021-01-07,Nevada,057,99092,3133,2847,109,2956,17
2021-01-07,Orange,059,3164182,198960,181922,8036,189958,1974
2021-01-07,Placer,061,380077,16987,15155,751,15906,144
2021-01-07,Plumas,063,18699,545,454,9,463,2
2021-01-07,Riverside,065,2383286,227614,208177,10674,218851,2156
2021-01-07,Sacramento,067,1510023,75806,72342,796,73138,919
2021-01-07,San Benito,069,59416,4516,4112,39,4151,33
2021-01-07,San Bernardino,071,2135413,240308,219691,6776,226467,1666
2021-01-07,San Diego,073,3302833,201718,180510,9263,189773,1738
2021-01-07,San Francisco,075,870044,27420,25885,314,26199,202
2021-01-07,San Joaquin,077,732212,53891,50156,2058,52214,689
2021-01-07,San Luis Obispo,079,281455,14638,12810,325,13135,118
2021-01-07,San Mateo,081,765935,30654,27494,164,27658,201
2021-01-07,Santa Barbara,083,443738,22457,19931,655,20586,187
2021-01-07,Santa Clara,085,1922200,86383,78808,368,79176,775
2021-01-07,Santa Cruz,087,273765,11851,10228,485,10713,104
2021-01-07,Shasta,089,179085,9248,8612,878,9490,81
2021-01-07,Sierra,091,2930,38,31,6,37,0
2021-01-07,Siskiyou,093,43540,1179,1010,152,1162,3
2021-01-07,Solano,095,438530,23424,21384,248,21632,100
2021-01-07,Sonoma,097,501317,22407,20857,118,20975,200
2021-01-07,Stanislaus,099,539301,40328,37296,3874,41170,553
2021-01-07,Sutter,101,95872,7296,6890,54,6944,65
2021-01-07,Tehama,103,63373,3622,3330,359,3689,15
2021-01-07,Trinity,105,12862,437,247,63,310,2
2021-01-07,Tulare,107,460477,39620,36397,4789,41186,482
2021-01-07,Tuolumne,109,53932,3132,3068,25,3093,14
2021-01-07,Ventura,111,848112,54806,49083,1925,51008,288
2021-01-07,Yolo,113,214977,10157,9207,91,9298,128
2021-01-07,Yuba,115,75493,4461,4128,45,4173,25
2021-01-06,Alameda,001,1643700,62100,57081,1251,58332,616
2021-01-06,Alpine,003,1148,71,70,0,70,0
2021-01-06,Amador,005,37829,2916,2717,22,2739,24
2021-01-06,Butte,007,227075,9107,8147,1132,9279,110
2021-01-06,Calaveras,009,45235,1419,1321,6,1327,21
2021-01-06,Colusa,011,21464,1493,1385,129,1514,7
2021-01-06,Contra Costa,013,1133247,47861,44054,753,44807,358
2021-01-06,Del Norte,015,27424,834,780,2,782,2
2021-01-06,El Dorado,017,186661,7316,6397,424,6821,35
2021-01-06,Fresno,019,978130,78808,71404,5657,77061,752
2021-01-06,Glenn,021,27897,1832,1622,339,1961,9
2021-01-06,Humboldt,023,135768,2120,1912,7,1919,22
2021-01-06,Imperial,025,180216,24597,23400,1842,25242,431
2021-01-06,Inyo,027,18085,832,630,9,639,20
2021-01-06,Kern,029,883053,75835,69893,6406,76299,646
2021-01-06,Kings,031,150075,18232,17019,669,17688,108
2021-01-06,Lake,033,64148,2280,2033,0,2033,26
2021-01-06,Lassen,035,31185,4673,4560,60,4620,1
2021-01-06,Los Angeles,037,10098052,930171,835052,28454,863506,11285
2021-01-06,Madera,039,155013,12547,11407,572,11979,67
2021-01-06,Marin,041,260295,10898,10282,106,10388,153
2021-01-06,Mariposa,043,17540,310,259,2,261,3
2021-01-06,Mendocino,045,87422,2813,2561,34,2595,30
2021-01-06,Merced,047,269075,21850,20258,489,20747,232
2021-01-06,Modoc,049,8938,293,263,79,342,0
2021-01-06,Mono,051,14174,985,905,13,918,3
2021-01-06,Monterey,053,433212,32677,30387,887,31274,222
2021-01-06,Napa,055,140530,6907,6342,26,6368,32
2021-01-06,Nevada,057,99092,3113,2805,108,2913,15
2021-01-06,Orange,059,3164182,195510,177686,7895,185581,1935
2021-01-06,Placer,061,380077,16799,14940,733,15673,134
2021-01-06,Plumas,063,18699,537,445,9,454,2
2021-01-06,Riverside,065,2383286,223593,203714,10488,214202,2121
2021-01-06,Sacramento,067,1510023,74783,71572,779,72351,909
2021-01-06,San Benito,069,59416,4440,4031,38,4069,32
2021-01-06,San Bernardino,071,2135413,236599,215286,6668,221954,1634
2021-01-06,San Diego,073,3302833,198218,176660,9092,185752,1691
2021-01-06,San Francisco,075,870044,27051,25424,306,25730,199
2021-01-06,San Joaquin,077,732212,53137,49286,2017,51303,673
2021-01-06,San Luis Obispo,079,281455,14245,12305,318,12623,115
2021-01-06,San Mateo,081,765935,30229,27050,161,27211,200
2021-01-06,Santa Barbara,083,443738,21968,19453,646,20099,177
2021-01-06,Santa Clara,085,1922200,85015,77485,361,77846,746
2021-01-06,Santa Cruz,087,273765,11632,9954,467,10421,97
2021-01-06,Shasta,089,179085,9178,8482,871,9353,78
2021-01-06,Sierra,091,2930,37,31,6,37,0
2021-01-06,Siskiyou,093,43540,1167,998,148,1146,3
2021-01-06,Solano,095,438530,23041,21102,245,21347,99
2021-01-06,Sonoma,097,501317,22100,20558,118,20676,196
2021-01-06,Stanislaus,099,539301,39760,36751,3815,40566,553
2021-01-06,Sutter,101,95872,7215,6839,53,6892,59
2021-01-06,Tehama,103,63373,3594,3306,353,3659,15
2021-01-06,Trinity,105,12862,437,246,63,309,2
2021-01-06,Tulare,107,460477,39069,35882,4692,40574,465
2021-01-06,Tuolumne,109,53932,3112,3008,25,3033,14
2021-01-06,Ventura,111,848112,53563,47428,1901,49329,280
2021-01-06,Yolo,113,214977,9992,9083,88,9171,127
2021-01-06,Yuba,115,75493,4412,4097,45,4142,25
2021-01-05,Alameda,001,1643700,60985,56432,1217,57649,602
2021-01-05,Alpine,003,1148,71,70,0,70,0
2021-01-05,Amador,005,37829,2876,2695,22,2717,24
2021-01-05,Butte,007,227075,8966,8008,1104,9112,107
2021-01-05,Calaveras,009,45235,1373,1292,6,1298,21
2021-01-05,Colusa,011,21464,1469,1376,123,1499,7
2021-01-05,Contra Costa,013,1133247,46991,43442,741,44183,353
2021-01-05,Del Norte,015,27424,827,770,2,772,2
2021-01-05,El Dorado,017,186661,7198,6270,403,6673,32
2021-01-05,Fresno,019,978130,77586,70971,5563,76534,741
2021-01-05,Glenn,021,27897,1809,1608,323,1931,9
2021-01-05,Humboldt,023,135768,2084,1884,7,1891,22
2021-01-05,Imperial,025,180216,24424,23165,1799,24964,421
2021-01-05,Inyo,027,18085,818,627,9,636,20
2021-01-05,Kern,029,883053,74758,68257,6266,74523,624
2021-01-05,Kings,031,150075,18033,16860,646,17506,108
2021-01-05,Lake,033,64148,2233,2015,0,2015,25
2021-01-05,Lassen,035,31185,4658,4554,56,4610,1
2021-01-05,Los Angeles,037,10098052,911437,823783,27783,851566,11028
2021-01-05,Madera,039,155013,12371,11359,559,11918,67
2021-01-05,Marin,041,260295,10746,10214,105,10319,151
2021-01-05,Mariposa,043,17540,304,257,2,259,3
2021-01-05,Mendocino,045,87422,2777,2501,34,2535,30
2021-01-05,Merced,047,269075,21499,20051,477,20528,230
2021-01-05,Modoc,049,8938,293,254,79,333,0
2021-01-05,Mono,051,14174,979,896,13,909,3
2021-01-05,Monterey,053,433212,32127,30045,854,30899,213
2021-01-05,Napa,055,140530,6820,6264,26,6290,29
2021-01-05,Nevada,057,99092,3085,2781,106,2887,15
2021-01-05,Orange,059,3164182,191874,174869,7700,182569,1918
2021-01-05,Placer,061,380077,16576,14723,710,15433,133
2021-01-05,Plumas,063,18699,530,428,9,437,2
2021-01-05,Riverside,065,2383286,219468,200439,10313,210752,2069
2021-01-05,Sacramento,067,1510023,73855,70677,753,71430,888
2021-01-05,San Benito,069,59416,4338,3961,36,3997,28
2021-01-05,San Bernardino,071,2135413,232655,212522,6553,219075,1615
2021-01-05,San Diego,073,3302833,194078,172845,8878,181723,1654
2021-01-05,San Francisco,075,870044,26684,24989,288,25277,196
2021-01-05,San Joaquin,077,732212,52266,48969,1970,50939,663
2021-01-05,San Luis Obispo,079,281455,13846,12027,308,12335,106
2021-01-05,San Mateo,081,765935,29748,26486,159,26645,198
2021-01-05,Santa Barbara,083,443738,21522,19063,637,19700,172
2021-01-05,Santa Clara,085,1922200,83486,76355,348,76703,729
2021-01-05,Santa Cruz,087,273765,11359,9753,443,10196,93
2021-01-05,Shasta,089,179085,9071,8345,853,9198,73
2021-01-05,Sierra,091,2930,37,31,6,37,0
2021-01-05,Siskiyou,093,43540,1155,985,146,1131,3
2021-01-05,Solano,095,438530,22634,20860,240,21100,97
2021-01-05,Sonoma,097,501317,21741,20247,117,20364,194
2021-01-05,Stanislaus,099,539301,39216,36363,3764,40127,553
2021-01-05,Sutter,101,95872,7118,6769,52,6821,59
2021-01-05,Tehama,103,63373,3538,3255,348,3603,9
2021-01-05,Trinity,105,12862,437,246,63,309,2
2021-01-05,Tulare,107,460477,38454,35585,4547,40132,455
2021-01-05,Tuolumne,109,53932,3088,2996,20,3016,13
2021-01-05,Ventura,111,848112,52318,46456,1879,48335,264
2021-01-05,Yolo,113,214977,9817,8980,87,9067,127
2021-01-05,Yuba,115,75493,4353,4053,44,4097,21
2021-01-04,Alameda,001,1643700,59763,55899,1183,57082,583
2021-01-04,Alpine,003,1148,71,68,0,68,0
2021-01-04,Amador,005,37829,2836,2596,22,2618,24
2021-01-04,Butte,007,227075,8807,7893,1083,8976,105
2021-01-04,Calaveras,009,45235,1332,1276,5,1281,21
2021-01-04,Colusa,011,21464,1445,1368,109,1477,7
2021-01-04,Contra Costa,013,1133247,46130,43019,715,43734,353
2021-01-04,Del Norte,015,27424,817,770,2,772,2
2021-01-04,El Dorado,017,186661,7064,6152,387,6539,27
2021-01-04,Fresno,019,978130,76317,69871,5465,75336,726
2021-01-04,Glenn,021,27897,1776,1590,318,1908,9
2021-01-04,Humboldt,023,135768,2048,1845,7,1852,22
2021-01-04,Imperial,025,180216,24274,23035,1746,24781,420
2021-01-04,Inyo,027,18085,792,623,9,632,20
2021-01-04,Kern,029,883053,73674,67418,6069,73487,623
2021-01-04,Kings,031,150075,17756,16801,621,17422,108
2021-01-04,Lake,033,64148,2194,1984,0,1984,25
2021-01-04,Lassen,035,31185,4636,4550,55,4605,1
2021-01-04,Los Angeles,037,10098052,891323,813022,26916,839938,10790
2021-01-04,Madera,039,155013,12151,11204,537,11741,67
2021-01-04,Marin,041,260295,10609,10115,102,10217,151
2021-01-04,Mariposa,043,17540,298,253,2,255,3
2021-01-04,Mendocino,045,87422,2737,2460,30,2490,28
2021-01-04,Merced,047,269075,21084,19804,458,20262,230
2021-01-04,Modoc,049,8938,277,250,77,327,0
2021-01-04,Mono,051,14174,968,895,13,908,3
2021-01-04,Monterey,053,433212,31508,29659,832,30491,212
2021-01-04,Napa,055,140530,6679,6187,26,6213,29
2021-01-04,Nevada,057,99092,3047,2765,103,2868,15
2021-01-04,Orange,059,3164182,187983,172458,7573,180031,1918
2021-01-04,Placer,061,380077,16317,14622,697,15319,133
2021-01-04,Plumas,063,18699,520,419,9,428,1
2021-01-04,Riverside,065,2383286,214914,196809,10122,206931,2066
2021-01-04,Sacramento,067,1510023,72800,70164,743,70907,870
2021-01-04,San Benito,069,59416,4225,3914,36,3950,28
2021-01-04,San Bernardino,071,2135413,228402,210868,6402,217270,1615
2021-01-04,San Diego,073,3302833,189504,171031,8682,179713,1598
2021-01-04,San Francisco,075,870044,26296,24753,282,25035,191
2021-01-04,San Joaquin,077,732212,51365,48644,1928,50572,661
2021-01-04,San Luis Obispo,079,281455,13360,11945,300,12245,96
2021-01-04,San Mateo,081,765935,29184,26150,154,26304,198
2021-01-04,Santa Barbara,083,443738,20999,18735,606,19341,165
2021-01-04,Santa Clara,085,1922200,81727,75297,340,75637,727
2021-01-04,Santa Cruz,087,273765,11071,9680,426,10106,85
2021-01-04,Shasta,089,179085,8966,8224,836,9060,72
2021-01-04,Sierra,091,2930,36,30,6,36,0
2021-01-04,Siskiyou,093,43540,1138,980,143,1123,3
2021-01-04,Solano,095,438530,22134,20588,233,20821,97
2021-01-04,Sonoma,097,501317,21403,20210,116,20326,194
2021-01-04,Stanislaus,099,539301,38654,36141,3707,39848,553
2021-01-04,Sutter,101,95872,7022,6712,51,6763,56
2021-01-04,Tehama,103,63373,3465,3190,343,3533,9
2021-01-04,Trinity,105,12862,434,245,63,308,2
2021-01-04,Tulare,107,460477,37902,35060,4444,39504,455
2021-01-04,Tuolumne,109,53932,3063,2987,20,3007,13
2021-01-04,Ventura,111,848112,50815,45014,1859,46873,255
2021-01-04,Yolo,113,214977,9622,8834,81,8915,121
2021-01-04,Yuba,115,75493,4295,4023,44,4067,21
2021-01-03,Alameda,001,1643700,58505,55082,1156,56238,580
2021-01-03,Alpine,003,1148,69,68,0,68,0
2021-01-03,Amador,005,37829,2772,2565,22,2587,24
2021-01-03,Butte,007,227075,8613,7837,1037,8874,105
2021-01-03,Calaveras,009,45235,1295,1249,3,1252,21
2021-01-03,Colusa,011,21464,1415,1337,103,1440,7
2021-01-03,Contra Costa,013,1133247,45242,42432,690,43122,352
2021-01-03,Del Norte,015,27424,805,768,2,770,2
2021-01-03,El Dorado,017,186661,6936,6034,370,6404,27
2021-01-03,Fresno,019,978130,75167,69326,5347,74673,719
2021-01-03,Glenn,021,27897,1751,1581,312,1893,9
2021-01-03,Humboldt,023,135768,2011,1833,7,1840,21
2021-01-03,Imperial,025,180216,24027,22951,1668,24619,419
2021-01-03,Inyo,027,18085,774,615,9,624,20
2021-01-03,Kern,029,883053,72413,66895,5891,72786,609
2021-01-03,Kings,031,150075,17480,16593,591,17184,108
2021-01-03,Lake,033,64148,2141,1976,0,1976,24
2021-01-03,Lassen,035,31185,4603,4531,54,4585,1
2021-01-03,Los Angeles,037,10098052,869284,792168,25850,818018,10633
2021-01-03,Madera,039,155013,11928,11152,514,11666,67
2021-01-03,Marin,041,260295,10458,10034,97,10131,150
2021-01-03,Mariposa,043,17540,291,248,2,250,3
2021-01-03,Mendocino,045,87422,2697,2445,29,2474,24
2021-01-03,Merced,047,269075,20616,19600,431,20031,230
2021-01-03,Modoc,049,8938,273,245,76,321,0
2021-01-03,Mono,051,14174,943,893,13,906,3
2021-01-03,Monterey,053,433212,30915,29357,797,30154,191
2021-01-03,Napa,055,140530,6578,6094,26,6120,29
2021-01-03,Nevada,057,99092,2986,2742,100,2842,15
2021-01-03,Orange,059,3164182,183797,169881,7380,177261,1919
2021-01-03,Placer,061,380077,16068,14319,673,14992,133
2021-01-03,Plumas,063,18699,507,416,9,425,1
2021-01-03,Riverside,065,2383286,210037,195048,9876,204924,2005
2021-01-03,Sacramento,067,1510023,71593,68558,722,69280,859
2021-01-03,San Benito,069,59416,4128,3882,35,3917,28
2021-01-03,San Bernardino,071,2135413,223087,208294,6229,214523,1592
2021-01-03,San Diego,073,3302833,184244,168018,8453,176471,1592
2021-01-03,San Francisco,075,870044,25798,24588,264,24852,193
2021-01-03,San Joaquin,077,732212,50249,47899,1871,49770,661
2021-01-03,San Luis Obispo,079,281455,12891,11636,291,11927,95
2021-01-03,San Mateo,081,765935,28590,25770,147,25917,196
2021-01-03,Santa Barbara,083,443738,20266,18267,589,18856,164
2021-01-03,Santa Clara,085,1922200,80138,74534,334,74868,720
2021-01-03,Santa Cruz,087,273765,10767,9528,411,9939,84
2021-01-03,Shasta,089,179085,8840,8192,796,8988,72
2021-01-03,Sierra,091,2930,36,30,6,36,0
2021-01-03,Siskiyou,093,43540,1105,976,134,1110,3
2021-01-03,Solano,095,438530,21605,20105,227,20332,97
2021-01-03,Sonoma,097,501317,21015,19982,113,20095,193
2021-01-03,Stanislaus,099,539301,37947,35762,3622,39384,553
2021-01-03,Sutter,101,95872,6925,6664,50,6714,53
2021-01-03,Tehama,103,63373,3408,3176,336,3512,9
2021-01-03,Trinity,105,12862,429,243,61,304,2
2021-01-03,Tulare,107,460477,37340,34747,4296,39043,455
2021-01-03,Tuolumne,109,53932,3003,2978,17,2995,13
2021-01-03,Ventura,111,848112,48990,43748,1842,45590,254
2021-01-03,Yolo,113,214977,9465,8674,77,8751,121
2021-01-03,Yuba,115,75493,4241,3966,43,4009,20
2021-01-02,Alameda,001,1643700,57882,54518,1125,55643,581
2021-01-02,Alpine,003,1148,69,68,0,68,0
2021-01-02,Amador,005,37829,2753,2540,22,2562,24
2021-01-02,Butte,007,227075,8507,7750,1015,8765,105
2021-01-02,Calaveras,009,45235,1275,1230,3,1233,21
2021-01-02,Colusa,011,21464,1405,1332,102,1434,7
2021-01-02,Contra Costa,013,1133247,44705,41993,679,42672,352
2021-01-02,Del Norte,015,27424,803,764,2,766,2
2021-01-02,El Dorado,017,186661,6881,5959,366,6325,27
2021-01-02,Fresno,019,978130,74623,68740,5233,73973,717
2021-01-02,Glenn,021,27897,1734,1546,311,1857,9
2021-01-02,Humboldt,023,135768,1984,1815,7,1822,21
2021-01-02,Imperial,025,180216,23941,22867,1632,24499,420
2021-01-02,Inyo,027,18085,761,609,9,618,20
2021-01-02,Kern,029,883053,71693,66457,5779,72236,610
2021-01-02,Kings,031,150075,17386,16515,587,17102,108
2021-01-02,Lake,033,64148,2105,1925,0,1925,24
2021-01-02,Lassen,035,31185,4592,4457,53,4510,1
2021-01-02,Los Angeles,037,10098052,860929,791892,25150,817042,10633
2021-01-02,Madera,039,155013,11817,11039,502,11541,67
2021-01-02,Marin,041,260295,10411,9924,94,10018,151
2021-01-02,Mariposa,043,17540,284,243,2,245,3
2021-01-02,Mendocino,045,87422,2654,2428,28,2456,24
2021-01-02,Merced,047,269075,20474,19395,414,19809,230
2021-01-02,Modoc,049,8938,272,245,76,321,0
2021-01-02,Mono,051,14174,932,884,13,897,3
2021-01-02,Monterey,053,433212,30702,28991,785,29776,191
2021-01-02,Napa,055,140530,6519,5994,26,6020,29
2021-01-02,Nevada,057,99092,2957,2706,96,2802,15
2021-01-02,Orange,059,3164182,181588,168457,7231,175688,1918
2021-01-02,Placer,061,380077,15895,14182,664,14846,133
2021-01-02,Plumas,063,18699,504,413,9,422,1
2021-01-02,Riverside,065,2383286,207397,192069,9650,201719,2008
2021-01-02,Sacramento,067,1510023,70959,67810,705,68515,858
2021-01-02,San Benito,069,59416,4045,3829,35,3864,28
2021-01-02,San Bernardino,071,2135413,221431,206939,6104,213043,1597
2021-01-02,San Diego,073,3302833,181645,164498,8256,172754,1592
2021-01-02,San Francisco,075,870044,25538,24414,257,24671,194
2021-01-02,San Joaquin,077,732212,49868,47310,1842,49152,662
2021-01-02,San Luis Obispo,079,281455,12756,11467,285,11752,95
2021-01-02,San Mateo,081,765935,28254,25483,139,25622,196
2021-01-02,Santa Barbara,083,443738,19977,18135,586,18721,164
2021-01-02,Santa Clara,085,1922200,78952,73662,328,73990,720
2021-01-02,Santa Cruz,087,273765,10612,9340,402,9742,85
2021-01-02,Shasta,089,179085,8774,8154,785,8939,72
2021-01-02,Sierra,091,2930,36,28,6,34,0
2021-01-02,Siskiyou,093,43540,1094,949,132,1081,3
2021-01-02,Solano,095,438530,21405,19805,217,20022,97
2021-01-02,Sonoma,097,501317,20846,19761,113,19874,194
2021-01-02,Stanislaus,099,539301,37614,35431,3557,38988,553
2021-01-02,Sutter,101,95872,6873,6621,50,6671,53
2021-01-02,Tehama,103,63373,3381,3146,332,3478,9
2021-01-02,Trinity,105,12862,426,243,61,304,2
2021-01-02,Tulare,107,460477,37021,34479,4221,38700,455
2021-01-02,Tuolumne,109,53932,2989,2942,15,2957,13
2021-01-02,Ventura,111,848112,47835,43397,1807,45204,254
2021-01-02,Yolo,113,214977,9367,8571,75,8646,122
2021-01-02,Yuba,115,75493,4202,3930,42,3972,21
2021-01-01,Alameda,001,1643700,57231,53518,1111,54629,579
2021-01-01,Alpine,003,1148,69,68,0,68,0
2021-01-01,Amador,005,37829,2727,2513,20,2533,24
2021-01-01,Butte,007,227075,8405,7589,993,8582,105
2021-01-01,Calaveras,009,45235,1260,1186,3,1189,21
2021-01-01,Colusa,011,21464,1396,1314,100,1414,7
2021-01-01,Contra Costa,013,1133247,44226,41412,661,42073,351
2021-01-01,Del Norte,015,27424,796,758,2,760,2
2021-01-01,El Dorado,017,186661,6789,5832,358,6190,27
2021-01-01,Fresno,019,978130,73550,67484,5147,72631,717
2021-01-01,Glenn,021,27897,1717,1520,302,1822,9
2021-01-01,Humboldt,023,135768,1945,1783,7,1790,21
2021-01-01,Imperial,025,180216,23852,22715,1581,24296,418
2021-01-01,Inyo,027,18085,737,606,9,615,20
2021-01-01,Kern,029,883053,70867,65571,5671,71242,609
2021-01-01,Kings,031,150075,17203,16358,580,16938,108
2021-01-01,Lake,033,64148,2072,1888,0,1888,24
2021-01-01,Lassen,035,31185,4586,4377,53,4430,1
2021-01-01,Los Angeles,037,10098052,846726,775578,24462,800040,10515
2021-01-01,Madera,039,155013,11657,10752,493,11245,66
2021-01-01,Marin,041,260295,10304,9821,93,9914,148
2021-01-01,Mariposa,043,17540,276,236,2,238,3
2021-01-01,Mendocino,045,87422,2600,2400,28,2428,24
2021-01-01,Merced,047,269075,20290,19118,398,19516,229
2021-01-01,Modoc,049,8938,272,241,76,317,0
2021-01-01,Mono,051,14174,914,884,12,896,3
2021-01-01,Monterey,053,433212,30462,28465,776,29241,191
2021-01-01,Napa,055,140530,6433,5899,26,5925,28
2021-01-01,Nevada,057,99092,2933,2663,96,2759,15
2021-01-01,Orange,059,3164182,178788,165440,7087,172527,1893
2021-01-01,Placer,061,380077,15705,13987,649,14636,133
2021-01-01,Plumas,063,18699,499,412,9,421,1
2021-01-01,Riverside,065,2383286,204209,188674,9392,198066,1990
2021-01-01,Sacramento,067,1510023,70362,66956,688,67644,848
2021-01-01,San Benito,069,59416,4007,3773,35,3808,28
2021-01-01,San Bernardino,071,2135413,218601,203651,5972,209623,1590
2021-01-01,San Diego,073,3302833,178572,160071,8077,168148,1592
2021-01-01,San Francisco,075,870044,25263,24145,246,24391,187
2021-01-01,San Joaquin,077,732212,49575,46640,1796,48436,657
2021-01-01,San Luis Obispo,079,281455,12528,11160,277,11437,94
2021-01-01,San Mateo,081,765935,27806,25041,135,25176,194
2021-01-01,Santa Barbara,083,443738,19657,17759,576,18335,164
2021-01-01,Santa Clara,085,1922200,77672,71904,322,72226,680
2021-01-01,Santa Cruz,087,273765,10432,9146,392,9538,84
2021-01-01,Shasta,089,179085,8693,8102,768,8870,72
2021-01-01,Sierra,091,2930,36,26,6,32,0
2021-01-01,Siskiyou,093,43540,1080,944,127,1071,3
2021-01-01,Solano,095,438530,21190,19393,215,19608,97
2021-01-01,Sonoma,097,501317,20650,19513,113,19626,189
2021-01-01,Stanislaus,099,539301,37325,34978,3495,38473,553
2021-01-01,Sutter,101,95872,6816,6553,49,6602,52
2021-01-01,Tehama,103,63373,3323,3079,325,3404,9
2021-01-01,Trinity,105,12862,426,243,61,304,2
2021-01-01,Tulare,107,460477,36607,33994,4126,38120,454
2021-01-01,Tuolumne,109,53932,2973,2909,15,2924,13
2021-01-01,Ventura,111,848112,46342,42026,1780,43806,253
2021-01-01,Yolo,113,214977,9256,8461,72,8533,120
2021-01-01,Yuba,115,75493,4148,3845,41,3886,19
2020-12-31,Alameda,001,1643700,56680,52475,1080,53555,579
2020-12-31,Alpine,003,1148,69,66,0,66,0
2020-12-31,Amador,005,37829,2713,2493,20,2513,24
2020-12-31,Butte,007,227075,8330,7405,973,8378,105
2020-12-31,Calaveras,009,45235,1249,1161,3,1164,21
2020-12-31,Colusa,011,21464,1386,1301,97,1398,7
2020-12-31,Contra Costa,013,1133247,43837,40512,646,41158,336
2020-12-31,Del Norte,015,27424,795,748,2,750,2
2020-12-31,El Dorado,017,186661,6737,5662,349,6011,26
2020-12-31,Fresno,019,978130,73117,66442,5085,71527,711
2020-12-31,Glenn,021,27897,1689,1484,294,1778,9
2020-12-31,Humboldt,023,135768,1928,1713,7,1720,21
2020-12-31,Imperial,025,180216,23781,22494,1565,24059,417
2020-12-31,Inyo,027,18085,729,591,9,600,20
2020-12-31,Kern,029,883053,70395,64904,5579,70483,609
2020-12-31,Kings,031,150075,17128,16077,572,16649,108
2020-12-31,Lake,033,64148,2057,1848,0,1848,23
2020-12-31,Lassen,035,31185,4580,4340,52,4392,1
2020-12-31,Los Angeles,037,10098052,841391,755844,23999,779843,10320
2020-12-31,Madera,039,155013,11584,10609,485,11094,64
2020-12-31,Marin,041,260295,10261,9731,92,9823,148
2020-12-31,Mariposa,043,17540,274,217,2,219,3
2020-12-31,Mendocino,045,87422,2585,2367,24,2391,24
2020-12-31,Merced,047,269075,20200,18808,388,19196,226
2020-12-31,Modoc,049,8938,272,238,76,314,0
2020-12-31,Mono,051,14174,906,868,12,880,3
2020-12-31,Monterey,053,433212,30233,27720,764,28484,188
2020-12-31,Napa,055,140530,6370,5801,26,5827,28
2020-12-31,Nevada,057,99092,2910,2619,95,2714,15
2020-12-31,Orange,059,3164182,176900,161586,6954,168540,1866
2020-12-31,Placer,061,380077,15549,13708,646,14354,126
2020-12-31,Plumas,063,18699,494,401,8,409,1
2020-12-31,Riverside,065,2383286,202531,184193,9259,193452,1958
2020-12-31,Sacramento,067,1510023,69832,65817,678,66495,830
2020-12-31,San Benito,069,59416,3983,3673,35,3708,28
2020-12-31,San Bernardino,071,2135413,216959,199115,5904,205019,1586
2020-12-31,San Diego,073,3302833,176809,155593,7978,163571,1534
2020-12-31,San Francisco,075,870044,25032,23740,239,23979,183
2020-12-31,San Joaquin,077,732212,49257,45764,1757,47521,646
2020-12-31,San Luis Obispo,079,281455,12414,10846,277,11123,89
2020-12-31,San Mateo,081,765935,27476,24570,129,24699,192
2020-12-31,Santa Barbara,083,443738,19413,17434,569,18003,161
2020-12-31,Santa Clara,085,1922200,76862,70032,317,70349,665
2020-12-31,Santa Cruz,087,273765,10314,8909,380,9289,84
2020-12-31,Shasta,089,179085,8627,7996,758,8754,69
2020-12-31,Sierra,091,2930,36,26,6,32,0
2020-12-31,Siskiyou,093,43540,1064,940,124,1064,3
2020-12-31,Solano,095,438530,20959,18942,214,19156,97
2020-12-31,Sonoma,097,501317,20529,19129,112,19241,188
2020-12-31,Stanislaus,099,539301,37017,34398,3447,37845,552
2020-12-31,Sutter,101,95872,6785,6432,49,6481,51
2020-12-31,Tehama,103,63373,3288,3036,324,3360,9
2020-12-31,Trinity,105,12862,425,241,61,302,2
2020-12-31,Tulare,107,460477,36430,33412,4063,37475,446
2020-12-31,Tuolumne,109,53932,2964,2902,15,2917,12
2020-12-31,Ventura,111,848112,45831,40854,1763,42617,251
2020-12-31,Yolo,113,214977,9169,8295,71,8366,117
2020-12-31,Yuba,115,75493,4107,3799,40,3839,18
2020-12-30,Alameda,001,1643700,55897,50158,1027,51185,573
2020-12-30,Alpine,003,1148,69,66,0,66,0
2020-12-30,Amador,005,37829,2693,2418,19,2437,24
2020-12-30,Butte,007,227075,8168,7140,953,8093,103
2020-12-30,Calaveras,009,45235,1224,1135,3,1138,21
2020-12-30,Colusa,011,21464,1370,1289,91,1380,7
2020-12-30,Contra Costa,013,1133247,43252,39601,634,40235,337
2020-12-30,Del Norte,015,27424,790,726,2,728,2
2020-12-30,El Dorado,017,186661,6636,5595,339,5934,27
2020-12-30,Fresno,019,978130,72271,65566,4933,70499,711
2020-12-30,Glenn,021,27897,1658,1471,281,1752,9
2020-12-30,Humboldt,023,135768,1894,1654,7,1661,22
2020-12-30,Imperial,025,180216,23612,22098,1488,23586,412
2020-12-30,Inyo,027,18085,722,572,9,581,20
2020-12-30,Kern,029,883053,69667,63292,5435,68727,604
2020-12-30,Kings,031,150075,17009,15862,564,16426,108
2020-12-30,Lake,033,64148,2035,1731,0,1731,23
2020-12-30,Lassen,035,31185,4571,4300,52,4352,1
2020-12-30,Los Angeles,037,10098052,830480,741907,23311,765218,10046
2020-12-30,Madera,039,155013,11474,10249,474,10723,65
2020-12-30,Marin,041,260295,10171,9569,85,9654,148
2020-12-30,Mariposa,043,17540,270,214,2,216,3
2020-12-30,Mendocino,045,87422,2567,2291,21,2312,24
2020-12-30,Merced,047,269075,19910,18519,378,18897,225
2020-12-30,Modoc,049,8938,269,234,76,310,0
2020-12-30,Mono,051,14174,903,868,12,880,3
2020-12-30,Monterey,053,433212,29603,26977,742,27719,186
2020-12-30,Napa,055,140530,6264,5754,26,5780,28
2020-12-30,Nevada,057,99092,2875,2595,93,2688,15
2020-12-30,Orange,059,3164182,174241,153951,6764,160715,1863
2020-12-30,Placer,061,380077,15317,13540,634,14174,127
2020-12-30,Plumas,063,18699,489,397,8,405,1
2020-12-30,Riverside,065,2383286,199583,176402,9074,185476,1919
2020-12-30,Sacramento,067,1510023,68959,64119,661,64780,847
2020-12-30,San Benito,069,59416,3902,3464,31,3495,29
2020-12-30,San Bernardino,071,2135413,214394,192648,5818,198466,1591
2020-12-30,San Diego,073,3302833,173176,152510,7803,160313,1472
2020-12-30,San Francisco,075,870044,24739,23099,234,23333,182
2020-12-30,San Joaquin,077,732212,48562,44465,1715,46180,634
2020-12-30,San Luis Obispo,079,281455,12146,10542,269,10811,89
2020-12-30,San Mateo,081,765935,27047,24150,125,24275,190
2020-12-30,Santa Barbara,083,443738,19010,16895,547,17442,161
2020-12-30,Santa Clara,085,1922200,75616,67218,313,67531,661
2020-12-30,Santa Cruz,087,273765,10120,8787,371,9158,86
2020-12-30,Shasta,089,179085,8513,7818,744,8562,69
2020-12-30,Sierra,091,2930,36,25,6,31,0
2020-12-30,Siskiyou,093,43540,1057,913,115,1028,3
2020-12-30,Solano,095,438530,20567,18300,211,18511,96
2020-12-30,Sonoma,097,501317,20272,18947,112,19059,191
2020-12-30,Stanislaus,099,539301,36553,33730,3372,37102,526
2020-12-30,Sutter,101,95872,6724,6328,47,6375,51
2020-12-30,Tehama,103,63373,3244,2969,320,3289,9
2020-12-30,Trinity,105,12862,424,231,60,291,2
2020-12-30,Tulare,107,460477,35881,32413,3999,36412,430
2020-12-30,Tuolumne,109,53932,2954,2772,13,2785,12
2020-12-30,Ventura,111,848112,44543,39039,1739,40778,251
2020-12-30,Yolo,113,214977,9061,8067,69,8136,117
2020-12-30,Yuba,115,75493,4036,3612,40,3652,18
2020-12-29,Alameda,001,1643700,54827,50946,991,51937,552
2020-12-29,Alpine,003,1148,69,65,0,65,0
2020-12-29,Amador,005,37829,2641,2388,18,2406,23
2020-12-29,Butte,007,227075,7995,7178,929,8107,98
2020-12-29,Calaveras,009,45235,1180,1111,2,1113,21
2020-12-29,Colusa,011,21464,1349,1272,86,1358,7
2020-12-29,Contra Costa,013,1133247,42451,39225,603,39828,325
2020-12-29,Del Norte,015,27424,783,724,2,726,2
2020-12-29,El Dorado,017,186661,6507,5551,326,5877,22
2020-12-29,Fresno,019,978130,70895,65149,4778,69927,688
2020-12-29,Glenn,021,27897,1624,1454,274,1728,9
2020-12-29,Humboldt,023,135768,1846,1616,7,1623,19
2020-12-29,Imperial,025,180216,23399,22105,1403,23508,407
2020-12-29,Inyo,027,18085,705,571,9,580,19
2020-12-29,Kern,029,883053,68501,63096,5263,68359,589
2020-12-29,Kings,031,150075,16840,15777,552,16329,108
2020-12-29,Lake,033,64148,2004,1805,0,1805,22
2020-12-29,Lassen,035,31185,4556,4288,52,4340,1
2020-12-29,Los Angeles,037,10098052,810291,731907,22448,754355,9786
2020-12-29,Madera,039,155013,11160,10251,459,10710,64
2020-12-29,Marin,041,260295,10019,9595,82,9677,146
2020-12-29,Mariposa,043,17540,262,212,2,214,3
2020-12-29,Mendocino,045,87422,2524,2249,20,2269,24
2020-12-29,Merced,047,269075,19560,18464,362,18826,221
2020-12-29,Modoc,049,8938,266,232,76,308,0
2020-12-29,Mono,051,14174,894,868,12,880,3
2020-12-29,Monterey,053,433212,28954,26894,715,27609,185
2020-12-29,Napa,055,140530,6146,5663,26,5689,28
2020-12-29,Nevada,057,99092,2827,2550,92,2642,15
2020-12-29,Orange,059,3164182,170450,154411,6596,161007,1839
2020-12-29,Placer,061,380077,15104,13392,613,14005,126
2020-12-29,Plumas,063,18699,480,395,8,403,1
2020-12-29,Riverside,065,2383286,194983,177624,8821,186445,1904
2020-12-29,Sacramento,067,1510023,67908,65078,647,65725,820
2020-12-29,San Benito,069,59416,3783,3474,30,3504,25
2020-12-29,San Bernardino,071,2135413,209575,190476,5681,196157,1557
2020-12-29,San Diego,073,3302833,168953,150062,7572,157634,1435
2020-12-29,San Francisco,075,870044,24401,22996,226,23222,178
2020-12-29,San Joaquin,077,732212,47642,44699,1660,46359,622
2020-12-29,San Luis Obispo,079,281455,11850,10387,261,10648,80
2020-12-29,San Mateo,081,765935,26504,23773,113,23886,189
2020-12-29,Santa Barbara,083,443738,18541,16797,521,17318,155
2020-12-29,Santa Clara,085,1922200,74072,67581,310,67891,621
2020-12-29,Santa Cruz,087,273765,9849,8492,362,8854,84
2020-12-29,Shasta,089,179085,8409,7782,729,8511,65
2020-12-29,Sierra,091,2930,34,24,5,29,0
2020-12-29,Siskiyou,093,43540,1042,926,113,1039,3
2020-12-29,Solano,095,438530,20185,18412,206,18618,96
2020-12-29,Sonoma,097,501317,19938,18790,110,18900,187
2020-12-29,Stanislaus,099,539301,36077,33775,3302,37077,508
2020-12-29,Sutter,101,95872,6657,6302,47,6349,50
2020-12-29,Tehama,103,63373,3176,2962,308,3270,9
2020-12-29,Trinity,105,12862,423,241,60,301,2
2020-12-29,Tulare,107,460477,35223,32545,3867,36412,419
2020-12-29,Tuolumne,109,53932,2912,2797,13,2810,12
2020-12-29,Ventura,111,848112,43288,38669,1713,40382,235
2020-12-29,Yolo,113,214977,8932,8124,67,8191,111
2020-12-29,Yuba,115,75493,3954,3723,40,3763,18
2020-12-28,Alameda,001,1643700,53785,50405,971,51376,551
2020-12-28,Alpine,003,1148,68,65,0,65,0
2020-12-28,Amador,005,37829,2571,2255,18,2273,23
2020-12-28,Butte,007,227075,7828,7053,898,7951,86
2020-12-28,Calaveras,009,45235,1157,1102,2,1104,21
2020-12-28,Colusa,011,21464,1324,1255,74,1329,7
2020-12-28,Contra Costa,013,1133247,41513,38872,576,39448,324
2020-12-28,Del Norte,015,27424,773,718,2,720,2
2020-12-28,El Dorado,017,186661,6351,5441,314,5755,18
2020-12-28,Fresno,019,978130,69625,64274,4627,68901,679
2020-12-28,Glenn,021,27897,1590,1435,262,1697,9
2020-12-28,Humboldt,023,135768,1811,1579,7,1586,19
2020-12-28,Imperial,025,180216,23140,22003,1330,23333,405
2020-12-28,Inyo,027,18085,698,569,9,578,19
2020-12-28,Kern,029,883053,67433,62392,5059,67451,579
2020-12-28,Kings,031,150075,16623,15733,535,16268,108
2020-12-28,Lake,033,64148,1963,1785,0,1785,22
2020-12-28,Lassen,035,31185,4449,4284,51,4335,1
2020-12-28,Los Angeles,037,10098052,787938,720699,21645,742344,9544
2020-12-28,Madera,039,155013,10986,10123,436,10559,64
2020-12-28,Marin,041,260295,9911,9546,76,9622,145
2020-12-28,Mariposa,043,17540,238,211,2,213,3
2020-12-28,Mendocino,045,87422,2489,2214,20,2234,23
2020-12-28,Merced,047,269075,19239,18245,343,18588,213
2020-12-28,Modoc,049,8938,261,220,75,295,0
2020-12-28,Mono,051,14174,890,848,12,860,3
2020-12-28,Monterey,053,433212,28105,26529,704,27233,182
2020-12-28,Napa,055,140530,6037,5576,26,5602,26
2020-12-28,Nevada,057,99092,2779,2532,88,2620,15
2020-12-28,Orange,059,3164182,166346,152089,6419,158508,1839
2020-12-28,Placer,061,380077,14764,13234,586,13820,126
2020-12-28,Plumas,063,18699,476,391,8,399,0
2020-12-28,Riverside,065,2383286,190083,174029,8531,182560,1855
2020-12-28,Sacramento,067,1510023,66672,64322,623,64945,813
2020-12-28,San Benito,069,59416,3714,3429,29,3458,24
2020-12-28,San Bernardino,071,2135413,204484,188919,5564,194483,1552
2020-12-28,San Diego,073,3302833,164209,147528,7390,154918,1404
2020-12-28,San Francisco,075,870044,24039,22726,221,22947,178
2020-12-28,San Joaquin,077,732212,46708,44172,1628,45800,618
2020-12-28,San Luis Obispo,079,281455,11498,10260,257,10517,76
2020-12-28,San Mateo,081,765935,26030,23467,109,23576,189
2020-12-28,Santa Barbara,083,443738,18073,16579,509,17088,155
2020-12-28,Santa Clara,085,1922200,72585,66418,303,66721,619
2020-12-28,Santa Cruz,087,273765,9581,8310,352,8662,81
2020-12-28,Shasta,089,179085,8292,7688,716,8404,65
2020-12-28,Sierra,091,2930,32,24,4,28,0
2020-12-28,Siskiyou,093,43540,1026,915,108,1023,3
2020-12-28,Solano,095,438530,19613,18171,200,18371,96
2020-12-28,Sonoma,097,501317,19591,18667,108,18775,185
2020-12-28,Stanislaus,099,539301,35529,33473,3238,36711,507
2020-12-28,Sutter,101,95872,6577,6253,47,6300,49
2020-12-28,Tehama,103,63373,3124,2934,301,3235,9
2020-12-28,Trinity,105,12862,421,240,60,300,2
2020-12-28,Tulare,107,460477,34539,32010,3760,35770,404
2020-12-28,Tuolumne,109,53932,2895,2777,13,2790,12
2020-12-28,Ventura,111,848112,41619,37151,1666,38817,230
2020-12-28,Yolo,113,214977,8777,8031,66,8097,111
2020-12-28,Yuba,115,75493,3893,3679,39,3718,18
2020-12-27,Alameda,001,1643700,52540,49764,944,50708,551
2020-12-27,Alpine,003,1148,66,65,0,65,0
2020-12-27,Amador,005,37829,2450,2218,18,2236,23
2020-12-27,Butte,007,227075,7673,7016,859,7875,86
2020-12-27,Calaveras,009,45235,1110,1097,2,1099,21
2020-12-27,Colusa,011,21464,1299,1253,71,1324,7
2020-12-27,Contra Costa,013,1133247,40581,38428,547,38975,324
2020-12-27,Del Norte,015,27424,750,712,2,714,2
2020-12-27,El Dorado,017,186661,6137,5388,291,5679,18
2020-12-27,Fresno,019,978130,68376,63811,4421,68232,679
2020-12-27,Glenn,021,27897,1562,1434,248,1682,9
2020-12-27,Humboldt,023,135768,1767,1575,7,1582,17
2020-12-27,Imperial,025,180216,22841,21934,1218,23152,405
2020-12-27,Inyo,027,18085,676,565,8,573,18
2020-12-27,Kern,029,883053,66152,61914,4888,66802,568
2020-12-27,Kings,031,150075,16387,15593,501,16094,108
2020-12-27,Lake,033,64148,1908,1769,0,1769,22
2020-12-27,Lassen,035,31185,4372,4230,44,4274,1
2020-12-27,Los Angeles,037,10098052,766438,707260,20761,728021,9476
2020-12-27,Madera,039,155013,10728,10005,426,10431,64
2020-12-27,Marin,041,260295,9788,9477,71,9548,144
2020-12-27,Mariposa,043,17540,231,208,2,210,3
2020-12-27,Mendocino,045,87422,2442,2209,20,2229,23
2020-12-27,Merced,047,269075,18871,18075,327,18402,213
2020-12-27,Modoc,049,8938,252,221,71,292,0
2020-12-27,Mono,051,14174,878,849,12,861,3
2020-12-27,Monterey,053,433212,27545,26322,687,27009,181
2020-12-27,Napa,055,140530,5903,5496,26,5522,26
2020-12-27,Nevada,057,99092,2743,2519,88,2607,15
2020-12-27,Orange,059,3164182,161948,149276,6231,155507,1839
2020-12-27,Placer,061,380077,14469,13017,554,13571,126
2020-12-27,Plumas,063,18699,470,390,8,398,0
2020-12-27,Riverside,065,2383286,185167,171995,8225,180220,1836
2020-12-27,Sacramento,067,1510023,65465,63416,601,64017,811
2020-12-27,San Benito,069,59416,3629,3394,29,3423,24
2020-12-27,San Bernardino,071,2135413,199409,186776,5427,192203,1551
2020-12-27,San Diego,073,3302833,159802,145777,7203,152980,1402
2020-12-27,San Francisco,075,870044,23694,22514,212,22726,178
2020-12-27,San Joaquin,077,732212,45672,43529,1578,45107,618
2020-12-27,San Luis Obispo,079,281455,11090,10154,252,10406,76
2020-12-27,San Mateo,081,765935,25465,23136,105,23241,187
2020-12-27,Santa Barbara,083,443738,17545,16364,482,16846,155
2020-12-27,Santa Clara,085,1922200,70955,65288,298,65586,619
2020-12-27,Santa Cruz,087,273765,9316,8234,343,8577,81
2020-12-27,Shasta,089,179085,8165,7671,694,8365,65
2020-12-27,Sierra,091,2930,32,24,3,27,0
2020-12-27,Siskiyou,093,43540,1016,914,103,1017,3
2020-12-27,Solano,095,438530,19118,17840,194,18034,96
2020-12-27,Sonoma,097,501317,19299,18487,107,18594,185
2020-12-27,Stanislaus,099,539301,34911,33076,3142,36218,506
2020-12-27,Sutter,101,95872,6496,6218,45,6263,48
2020-12-27,Tehama,103,63373,3055,2922,285,3207,9
2020-12-27,Trinity,105,12862,414,240,58,298,2
2020-12-27,Tulare,107,460477,33941,31864,3642,35506,400
2020-12-27,Tuolumne,109,53932,2789,2750,11,2761,12
2020-12-27,Ventura,111,848112,40556,36661,1613,38274,230
2020-12-27,Yolo,113,214977,8588,7919,62,7981,111
2020-12-27,Yuba,115,75493,3829,3665,37,3702,18
2020-12-26,Alameda,001,1643700,51924,49084,931,50015,551
2020-12-26,Alpine,003,1148,66,65,0,65,0
2020-12-26,Amador,005,37829,2436,2189,18,2207,23
2020-12-26,Butte,007,227075,7578,6968,834,7802,86
2020-12-26,Calaveras,009,45235,1104,1084,2,1086,21
2020-12-26,Colusa,011,21464,1289,1240,71,1311,7
2020-12-26,Contra Costa,013,1133247,40114,38008,532,38540,324
2020-12-26,Del Norte,015,27424,744,709,2,711,2
2020-12-26,El Dorado,017,186661,6082,5279,287,5566,18
2020-12-26,Fresno,019,978130,67906,63080,4358,67438,679
2020-12-26,Glenn,021,27897,1541,1413,243,1656,9
2020-12-26,Humboldt,023,135768,1729,1545,7,1552,17
2020-12-26,Imperial,025,180216,22749,21734,1166,22900,405
2020-12-26,Inyo,027,18085,663,554,8,562,18
2020-12-26,Kern,029,883053,65481,61174,4739,65913,564
2020-12-26,Kings,031,150075,16269,15517,497,16014,108
2020-12-26,Lake,033,64148,1867,1710,0,1710,22
2020-12-26,Lassen,035,31185,4351,3981,44,4025,1
2020-12-26,Los Angeles,037,10098052,757880,694149,20258,714407,9424
2020-12-26,Madera,039,155013,10651,9908,414,10322,64
2020-12-26,Marin,041,260295,9753,9413,70,9483,143
2020-12-26,Mariposa,043,17540,230,206,2,208,3
2020-12-26,Mendocino,045,87422,2396,2194,20,2214,23
2020-12-26,Merced,047,269075,18712,17890,322,18212,213
2020-12-26,Modoc,049,8938,249,222,71,293,0
2020-12-26,Mono,051,14174,872,850,12,862,3
2020-12-26,Monterey,053,433212,27408,26010,678,26688,182
2020-12-26,Napa,055,140530,5845,5427,26,5453,26
2020-12-26,Nevada,057,99092,2715,2480,88,2568,15
2020-12-26,Orange,059,3164182,159742,147304,6138,153442,1838
2020-12-26,Placer,061,380077,14298,12816,539,13355,122
2020-12-26,Plumas,063,18699,467,381,8,389,0
2020-12-26,Riverside,065,2383286,182682,169360,8064,177424,1834
2020-12-26,Sacramento,067,1510023,64842,62435,591,63026,807
2020-12-26,San Benito,069,59416,3556,3330,29,3359,24
2020-12-26,San Bernardino,071,2135413,197738,185111,5345,190456,1551
2020-12-26,San Diego,073,3302833,157277,142644,7056,149700,1402
2020-12-26,San Francisco,075,870044,23456,22319,212,22531,177
2020-12-26,San Joaquin,077,732212,45287,42887,1529,44416,618
2020-12-26,San Luis Obispo,079,281455,11003,9945,247,10192,76
2020-12-26,San Mateo,081,765935,25126,22908,100,23008,187
2020-12-26,Santa Barbara,083,443738,17306,16159,476,16635,155
2020-12-26,Santa Clara,085,1922200,69883,64185,296,64481,618
2020-12-26,Santa Cruz,087,273765,9190,8113,334,8447,81
2020-12-26,Shasta,089,179085,8105,7641,681,8322,65
2020-12-26,Sierra,091,2930,32,24,3,27,0
2020-12-26,Siskiyou,093,43540,1009,909,99,1008,2
2020-12-26,Solano,095,438530,18873,17528,194,17722,96
2020-12-26,Sonoma,097,501317,19096,18261,105,18366,184
2020-12-26,Stanislaus,099,539301,34611,32678,3090,35768,505
2020-12-26,Sutter,101,95872,6437,6121,45,6166,48
2020-12-26,Tehama,103,63373,3026,2884,279,3163,9
2020-12-26,Trinity,105,12862,412,237,57,294,2
2020-12-26,Tulare,107,460477,33639,31665,3586,35251,398
2020-12-26,Tuolumne,109,53932,2778,2703,11,2714,12
2020-12-26,Ventura,111,848112,39591,36064,1582,37646,230
2020-12-26,Yolo,113,214977,8486,7785,59,7844,111
2020-12-26,Yuba,115,75493,3801,3599,37,3636,18
2020-12-25,Alameda,001,1643700,51353,48365,916,49281,542
2020-12-25,Alpine,003,1148,66,64,0,64,0
2020-12-25,Amador,005,37829,2393,2172,18,2190,23
2020-12-25,Butte,007,227075,7479,6873,815,7688,85
2020-12-25,Calaveras,009,45235,1101,1062,2,1064,21
2020-12-25,Colusa,011,21464,1277,1219,70,1289,7
2020-12-25,Contra Costa,013,1133247,39644,37480,507,37987,324
2020-12-25,Del Norte,015,27424,741,692,2,694,2
2020-12-25,El Dorado,017,186661,6017,5170,274,5444,16
2020-12-25,Fresno,019,978130,67042,62251,4276,66527,679
2020-12-25,Glenn,021,27897,1525,1390,236,1626,9
2020-12-25,Humboldt,023,135768,1689,1532,7,1539,16
2020-12-25,Imperial,025,180216,22654,21646,1155,22801,405
2020-12-25,Inyo,027,18085,653,546,8,554,18
2020-12-25,Kern,029,883053,64752,60417,4592,65009,562
2020-12-25,Kings,031,150075,16158,15460,493,15953,108
2020-12-25,Lake,033,64148,1847,1669,0,1669,20
2020-12-25,Lassen,035,31185,4336,3926,44,3970,1
2020-12-25,Los Angeles,037,10098052,744225,665600,19586,685186,9292
2020-12-25,Madera,039,155013,10483,9770,407,10177,64
2020-12-25,Marin,041,260295,9704,9375,67,9442,143
2020-12-25,Mariposa,043,17540,224,203,2,205,3
2020-12-25,Mendocino,045,87422,2353,2176,20,2196,23
2020-12-25,Merced,047,269075,18551,17726,314,18040,213
2020-12-25,Modoc,049,8938,248,221,71,292,0
2020-12-25,Mono,051,14174,870,843,12,855,3
2020-12-25,Monterey,053,433212,27132,25788,669,26457,182
2020-12-25,Napa,055,140530,5768,5351,26,5377,26
2020-12-25,Nevada,057,99092,2689,2458,86,2544,15
2020-12-25,Orange,059,3164182,157062,144542,5946,150488,1814
2020-12-25,Placer,061,380077,14112,12660,517,13177,122
2020-12-25,Plumas,063,18699,460,381,8,389,0
2020-12-25,Riverside,065,2383286,179397,166690,7748,174438,1825
2020-12-25,Sacramento,067,1510023,64148,61630,565,62195,796
2020-12-25,San Benito,069,59416,3515,3281,27,3308,24
2020-12-25,San Bernardino,071,2135413,195114,181812,5229,187041,1546
2020-12-25,San Diego,073,3302833,154797,139958,6878,146836,1402
2020-12-25,San Francisco,075,870044,23179,22130,207,22337,175
2020-12-25,San Joaquin,077,732212,44979,42089,1474,43563,614
2020-12-25,San Luis Obispo,079,281455,10820,9749,240,9989,76
2020-12-25,San Mateo,081,765935,24804,22568,98,22666,187
2020-12-25,Santa Barbara,083,443738,17082,15936,469,16405,155
2020-12-25,Santa Clara,085,1922200,68763,63173,287,63460,612
2020-12-25,Santa Cruz,087,273765,9046,8018,312,8330,81
2020-12-25,Shasta,089,179085,8031,7612,658,8270,65
2020-12-25,Sierra,091,2930,32,24,3,27,0
2020-12-25,Siskiyou,093,43540,1003,905,96,1001,2
2020-12-25,Solano,095,438530,18701,17280,192,17472,96
2020-12-25,Sonoma,097,501317,18921,18035,103,18138,184
2020-12-25,Stanislaus,099,539301,34311,32290,3039,35329,498
2020-12-25,Sutter,101,95872,6378,6051,44,6095,47
2020-12-25,Tehama,103,63373,2977,2839,266,3105,9
2020-12-25,Trinity,105,12862,408,236,57,293,2
2020-12-25,Tulare,107,460477,33248,31323,3522,34845,398
2020-12-25,Tuolumne,109,53932,2759,2674,11,2685,12
2020-12-25,Ventura,111,848112,38435,35514,1534,37048,230
2020-12-25,Yolo,113,214977,8390,7700,57,7757,111
2020-12-25,Yuba,115,75493,3765,3549,36,3585,17
2020-12-24,Alameda,001,1643700,51001,47527,896,48423,541
2020-12-24,Alpine,003,1148,66,64,0,64,0
2020-12-24,Amador,005,37829,2381,2145,18,2163,23
2020-12-24,Butte,007,227075,7440,6716,800,7516,84
2020-12-24,Calaveras,009,45235,1098,1032,2,1034,21
2020-12-24,Colusa,011,21464,1272,1188,68,1256,7
2020-12-24,Contra Costa,013,1133247,39402,36623,496,37119,311
2020-12-24,Del Norte,015,27424,741,678,2,680,2
2020-12-24,El Dorado,017,186661,5991,5042,266,5308,16
2020-12-24,Fresno,019,978130,66819,61435,4262,65697,663
2020-12-24,Glenn,021,27897,1514,1363,228,1591,9
2020-12-24,Humboldt,023,135768,1666,1516,7,1523,16
2020-12-24,Imperial,025,180216,22604,21545,1146,22691,402
2020-12-24,Inyo,027,18085,651,532,8,540,17
2020-12-24,Kern,029,883053,64465,59601,4579,64180,556
2020-12-24,Kings,031,150075,16118,15211,492,15703,108
2020-12-24,Lake,033,64148,1832,1629,0,1629,20
2020-12-24,Lassen,035,31185,4323,3894,44,3938,1
2020-12-24,Los Angeles,037,10098052,740051,664840,19329,684169,9288
2020-12-24,Madera,039,155013,10443,9547,400,9947,63
2020-12-24,Marin,041,260295,9670,9287,67,9354,143
2020-12-24,Mariposa,043,17540,220,197,2,199,3
2020-12-24,Mendocino,045,87422,2342,2150,20,2170,23
2020-12-24,Merced,047,269075,18480,17485,310,17795,212
2020-12-24,Modoc,049,8938,248,220,70,290,0
2020-12-24,Mono,051,14174,868,817,12,829,3
2020-12-24,Monterey,053,433212,27020,25131,662,25793,180
2020-12-24,Napa,055,140530,5713,5265,26,5291,26
2020-12-24,Nevada,057,99092,2665,2429,86,2515,15
2020-12-24,Orange,059,3164182,155580,141205,5895,147100,1775
2020-12-24,Placer,061,380077,14022,12457,510,12967,121
2020-12-24,Plumas,063,18699,457,376,8,384,0
2020-12-24,Riverside,065,2383286,178462,162435,7708,170143,1816
2020-12-24,Sacramento,067,1510023,63873,60596,563,61159,788
2020-12-24,San Benito,069,59416,3484,3183,27,3210,24
2020-12-24,San Bernardino,071,2135413,194063,176866,5195,182061,1533
2020-12-24,San Diego,073,3302833,153713,136952,6846,143798,1382
2020-12-24,San Francisco,075,870044,23011,21830,204,22034,175
2020-12-24,San Joaquin,077,732212,44814,41324,1456,42780,611
2020-12-24,San Luis Obispo,079,281455,10751,9504,238,9742,77
2020-12-24,San Mateo,081,765935,24608,22093,98,22191,186
2020-12-24,Santa Barbara,083,443738,16977,15644,461,16105,153
2020-12-24,Santa Clara,085,1922200,68155,61742,280,62022,591
2020-12-24,Santa Cruz,087,273765,8974,7856,300,8156,82
2020-12-24,Shasta,089,179085,7990,7540,641,8181,65
2020-12-24,Sierra,091,2930,29,23,1,24,0
2020-12-24,Siskiyou,093,43540,998,900,90,990,2
2020-12-24,Solano,095,438530,18560,16872,187,17059,96
2020-12-24,Sonoma,097,501317,18821,17710,103,17813,183
2020-12-24,Stanislaus,099,539301,34106,31848,3013,34861,498
2020-12-24,Sutter,101,95872,6337,5960,43,6003,47
2020-12-24,Tehama,103,63373,2959,2779,264,3043,9
2020-12-24,Trinity,105,12862,407,235,57,292,2
2020-12-24,Tulare,107,460477,33129,30827,3496,34323,390
2020-12-24,Tuolumne,109,53932,2751,2653,11,2664,12
2020-12-24,Ventura,111,848112,38155,34400,1527,35927,224
2020-12-24,Yolo,113,214977,8348,7566,55,7621,113
2020-12-24,Yuba,115,75493,3740,3483,36,3519,16
2020-12-23,Alameda,001,1643700,50421,46753,869,47622,537
2020-12-23,Alpine,003,1148,66,64,0,64,0
2020-12-23,Amador,005,37829,2312,2108,17,2125,23
2020-12-23,Butte,007,227075,7351,6588,774,7362,84
2020-12-23,Calaveras,009,45235,1090,1002,1,1003,21
2020-12-23,Colusa,011,21464,1261,1167,67,1234,7
2020-12-23,Contra Costa,013,1133247,39001,36190,482,36672,311
2020-12-23,Del Norte,015,27424,734,670,2,672,2
2020-12-23,El Dorado,017,186661,5916,4967,258,5225,14
2020-12-23,Fresno,019,978130,66209,60488,4197,64685,654
2020-12-23,Glenn,021,27897,1500,1349,224,1573,9
2020-12-23,Humboldt,023,135768,1641,1458,7,1465,16
2020-12-23,Imperial,025,180216,22509,21323,1117,22440,399
2020-12-23,Inyo,027,18085,639,517,8,525,17
2020-12-23,Kern,029,883053,63947,58656,4485,63141,549
2020-12-23,Kings,031,150075,16040,14923,489,15412,105
2020-12-23,Lake,033,64148,1819,1595,0,1595,20
2020-12-23,Lassen,035,31185,4313,3865,41,3906,1
2020-12-23,Los Angeles,037,10098052,730984,651958,18802,670760,9146
2020-12-23,Madera,039,155013,10284,9371,386,9757,63
2020-12-23,Marin,041,260295,9612,9199,64,9263,142
2020-12-23,Mariposa,043,17540,218,194,2,196,3
2020-12-23,Mendocino,045,87422,2330,2121,20,2141,23
2020-12-23,Merced,047,269075,18324,17250,302,17552,203
2020-12-23,Modoc,049,8938,244,197,69,266,0
2020-12-23,Mono,051,14174,865,814,12,826,3
2020-12-23,Monterey,053,433212,26720,24856,655,25511,176
2020-12-23,Napa,055,140530,5645,5172,26,5198,25
2020-12-23,Nevada,057,99092,2620,2406,85,2491,15
2020-12-23,Orange,059,3164182,153130,138050,5728,143778,1771
2020-12-23,Placer,061,380077,13812,12213,502,12715,111
2020-12-23,Plumas,063,18699,450,369,8,377,0
2020-12-23,Riverside,065,2383286,176191,158110,7550,165660,1790
2020-12-23,Sacramento,067,1510023,63223,59661,550,60211,779
2020-12-23,San Benito,069,59416,3430,3073,25,3098,24
2020-12-23,San Bernardino,071,2135413,192015,172888,5126,178014,1509
2020-12-23,San Diego,073,3302833,151287,134695,6709,141404,1350
2020-12-23,San Francisco,075,870044,22789,21498,201,21699,174
2020-12-23,San Joaquin,077,732212,44291,35664,1414,37078,602
2020-12-23,San Luis Obispo,079,281455,10609,9267,233,9500,74
2020-12-23,San Mateo,081,765935,24306,21780,96,21876,186
2020-12-23,Santa Barbara,083,443738,16769,15399,435,15834,152
2020-12-23,Santa Clara,085,1922200,67244,60455,275,60730,579
2020-12-23,Santa Cruz,087,273765,8814,7637,282,7919,75
2020-12-23,Shasta,089,179085,7918,7487,635,8122,66
2020-12-23,Sierra,091,2930,27,23,1,24,0
2020-12-23,Siskiyou,093,43540,977,891,89,980,2
2020-12-23,Solano,095,438530,18352,16626,183,16809,95
2020-12-23,Sonoma,097,501317,18617,17397,103,17500,182
2020-12-23,Stanislaus,099,539301,33752,31492,2960,34452,499
2020-12-23,Sutter,101,95872,6271,5871,43,5914,46
2020-12-23,Tehama,103,63373,2941,2737,257,2994,9
2020-12-23,Trinity,105,12862,407,234,56,290,2
2020-12-23,Tulare,107,460477,32836,30315,3457,33772,385
2020-12-23,Tuolumne,109,53932,2712,2540,11,2551,12
2020-12-23,Ventura,111,848112,37758,33377,1498,34875,216
2020-12-23,Yolo,113,214977,8270,7508,55,7563,112
2020-12-23,Yuba,115,75493,3687,3438,36,3474,14
2020-12-22,Alameda,001,1643700,49533,45751,838,46589,534
2020-12-22,Alpine,003,1148,66,64,0,64,0
2020-12-22,Amador,005,37829,2301,1839,17,1856,23
2020-12-22,Butte,007,227075,7223,6467,759,7226,85
2020-12-22,Calaveras,009,45235,1064,988,0,988,21
2020-12-22,Colusa,011,21464,1238,1150,64,1214,7
2020-12-22,Contra Costa,013,1133247,38375,35681,470,36151,301
2020-12-22,Del Norte,015,27424,727,666,2,668,2
2020-12-22,El Dorado,017,186661,5793,4885,246,5131,12
2020-12-22,Fresno,019,978130,65174,59640,4091,63731,640
2020-12-22,Glenn,021,27897,1477,1337,213,1550,9
2020-12-22,Humboldt,023,135768,1608,1440,7,1447,16
2020-12-22,Imperial,025,180216,22322,21128,1073,22201,398
2020-12-22,Inyo,027,18085,619,506,8,514,17
2020-12-22,Kern,029,883053,62994,57816,4348,62164,547
2020-12-22,Kings,031,150075,15898,14855,483,15338,102
2020-12-22,Lake,033,64148,1794,1569,0,1569,20
2020-12-22,Lassen,035,31185,4171,3848,39,3887,1
2020-12-22,Los Angeles,037,10098052,713718,635931,18127,654058,9013
2020-12-22,Madera,039,155013,10166,9187,370,9557,63
2020-12-22,Marin,041,260295,9548,9115,63,9178,142
2020-12-22,Mariposa,043,17540,215,194,2,196,3
2020-12-22,Mendocino,045,87422,2297,2092,20,2112,23
2020-12-22,Merced,047,269075,18078,17012,297,17309,201
2020-12-22,Modoc,049,8938,236,182,68,250,0
2020-12-22,Mono,051,14174,859,786,12,798,3
2020-12-22,Monterey,053,433212,26050,24152,634,24786,176
2020-12-22,Napa,055,140530,5556,5059,26,5085,23
2020-12-22,Nevada,057,99092,2592,2367,84,2451,14
2020-12-22,Orange,059,3164182,149790,134850,5555,140405,1774
2020-12-22,Placer,061,380077,13568,11943,482,12425,105
2020-12-22,Plumas,063,18699,444,360,8,368,0
2020-12-22,Riverside,065,2383286,172380,155059,7281,162340,1777
2020-12-22,Sacramento,067,1510023,62295,57966,531,58497,772
2020-12-22,San Benito,069,59416,3352,2998,25,3023,24
2020-12-22,San Bernardino,071,2135413,187426,169266,4978,174244,1500
2020-12-22,San Diego,073,3302833,147928,132097,6547,138644,1311
2020-12-22,San Francisco,075,870044,22519,21232,197,21429,174
2020-12-22,San Joaquin,077,732212,43530,39423,1365,40788,592
2020-12-22,San Luis Obispo,079,281455,10264,9174,228,9402,69
2020-12-22,San Mateo,081,765935,23980,21382,80,21462,186
2020-12-22,Santa Barbara,083,443738,16504,15189,425,15614,150
2020-12-22,Santa Clara,085,1922200,66073,59192,267,59459,569
2020-12-22,Santa Cruz,087,273765,8635,7471,256,7727,72
2020-12-22,Shasta,089,179085,7839,7371,618,7989,64
2020-12-22,Sierra,091,2930,27,23,0,23,0
2020-12-22,Siskiyou,093,43540,971,880,88,968,2
2020-12-22,Solano,095,438530,17949,16229,180,16409,95
2020-12-22,Sonoma,097,501317,18297,17216,103,17319,180
2020-12-22,Stanislaus,099,539301,33368,30914,2888,33802,499
2020-12-22,Sutter,101,95872,6212,5791,42,5833,46
2020-12-22,Tehama,103,63373,2891,2688,251,2939,9
2020-12-22,Trinity,105,12862,406,231,56,287,2
2020-12-22,Tulare,107,460477,32369,30025,3391,33416,377
2020-12-22,Tuolumne,109,53932,2661,2526,11,2537,12
2020-12-22,Ventura,111,848112,36993,32488,1455,33943,213
2020-12-22,Yolo,113,214977,8156,7388,54,7442,113
2020-12-22,Yuba,115,75493,3636,3379,36,3415,14
2020-12-21,Alameda,001,1643700,48632,44756,812,45568,518
2020-12-21,Alpine,003,1148,65,64,0,64,0
2020-12-21,Amador,005,37829,2224,1815,17,1832,23
2020-12-21,Butte,007,227075,7068,6335,735,7070,81
2020-12-21,Calaveras,009,45235,1034,963,0,963,21
2020-12-21,Colusa,011,21464,1211,1135,59,1194,7
2020-12-21,Contra Costa,013,1133247,37620,35207,433,35640,300
2020-12-21,Del Norte,015,27424,712,660,2,662,2
2020-12-21,El Dorado,017,186661,5647,4805,233,5038,10
2020-12-21,Fresno,019,978130,64023,58568,3948,62516,634
2020-12-21,Glenn,021,27897,1445,1323,205,1528,9
2020-12-21,Humboldt,023,135768,1585,1419,7,1426,16
2020-12-21,Imperial,025,180216,22053,20994,1030,22024,395
2020-12-21,Inyo,027,18085,598,482,8,490,17
2020-12-21,Kern,029,883053,62103,56836,4211,61047,541
2020-12-21,Kings,031,150075,15648,14760,468,15228,100
2020-12-21,Lake,033,64148,1739,1538,0,1538,20
2020-12-21,Lassen,035,31185,4011,3798,37,3835,1
2020-12-21,Los Angeles,037,10098052,694623,624129,17451,641580,8918
2020-12-21,Madera,039,155013,9972,9069,350,9419,63
2020-12-21,Marin,041,260295,9479,9035,63,9098,142
2020-12-21,Mariposa,043,17540,210,186,2,188,3
2020-12-21,Mendocino,045,87422,2266,2066,20,2086,23
2020-12-21,Merced,047,269075,17828,16710,281,16991,198
2020-12-21,Modoc,049,8938,222,181,67,248,0
2020-12-21,Mono,051,14174,847,781,12,793,3
2020-12-21,Monterey,053,433212,25519,23673,620,24293,174
2020-12-21,Napa,055,140530,5469,4952,26,4978,23
2020-12-21,Nevada,057,99092,2559,2337,84,2421,13
2020-12-21,Orange,059,3164182,146380,130444,5402,135846,1772
2020-12-21,Placer,061,380077,13336,11715,463,12178,105
2020-12-21,Plumas,063,18699,440,353,8,361,0
2020-12-21,Riverside,065,2383286,168153,151713,6956,158669,1743
2020-12-21,Sacramento,067,1510023,61275,57064,514,57578,759
2020-12-21,San Benito,069,59416,3284,2921,25,2946,22
2020-12-21,San Bernardino,071,2135413,182630,165086,4812,169898,1476
2020-12-21,San Diego,073,3302833,144477,129716,6383,136099,1284
2020-12-21,San Francisco,075,870044,22233,21086,195,21281,174
2020-12-21,San Joaquin,077,732212,42735,38811,1315,40126,586
2020-12-21,San Luis Obispo,079,281455,10075,9006,223,9229,64
2020-12-21,San Mateo,081,765935,23575,21035,77,21112,185
2020-12-21,Santa Barbara,083,443738,16229,14988,420,15408,149
2020-12-21,Santa Clara,085,1922200,64878,57699,255,57954,570
2020-12-21,Santa Cruz,087,273765,8424,7315,243,7558,69
2020-12-21,Shasta,089,179085,7774,7299,608,7907,64
2020-12-21,Sierra,091,2930,24,23,0,23,0
2020-12-21,Siskiyou,093,43540,964,878,87,965,2
2020-12-21,Solano,095,438530,17479,15878,175,16053,95
2020-12-21,Sonoma,097,501317,18024,17075,99,17174,176
2020-12-21,Stanislaus,099,539301,32911,30437,2813,33250,499
2020-12-21,Sutter,101,95872,6117,5708,42,5750,46
2020-12-21,Tehama,103,63373,2826,2656,242,2898,9
2020-12-21,Trinity,105,12862,404,226,54,280,2
2020-12-21,Tulare,107,460477,31873,29482,3302,32784,373
2020-12-21,Tuolumne,109,53932,2636,2423,9,2432,12
2020-12-21,Ventura,111,848112,35913,31759,1418,33177,212
2020-12-21,Yolo,113,214977,8011,7266,50,7316,109
2020-12-21,Yuba,115,75493,3577,3329,36,3365,14
2020-12-20,Alameda,001,1643700,47750,44004,790,44794,516
2020-12-20,Alpine,003,1148,65,64,0,64,0
2020-12-20,Amador,005,37829,2166,1771,17,1788,23
2020-12-20,Butte,007,227075,6922,6228,699,6927,81
2020-12-20,Calaveras,009,45235,1010,926,0,926,21
2020-12-20,Colusa,011,21464,1183,1121,53,1174,7
2020-12-20,Contra Costa,013,1133247,37034,34798,416,35214,301
2020-12-20,Del Norte,015,27424,690,652,2,654,2
2020-12-20,El Dorado,017,186661,5522,4697,224,4921,10
2020-12-20,Fresno,019,978130,63032,57616,3811,61427,634
2020-12-20,Glenn,021,27897,1436,1295,198,1493,9
2020-12-20,Humboldt,023,135768,1548,1386,6,1392,15
2020-12-20,Imperial,025,180216,21813,20882,926,21808,395
2020-12-20,Inyo,027,18085,583,476,8,484,17
2020-12-20,Kern,029,883053,61005,55983,4056,60039,540
2020-12-20,Kings,031,150075,15428,14629,452,15081,100
2020-12-20,Lake,033,64148,1693,1463,0,1463,20
2020-12-20,Lassen,035,31185,3957,3669,35,3704,1
2020-12-20,Los Angeles,037,10098052,676535,612975,16717,629692,8862
2020-12-20,Madera,039,155013,9762,8871,341,9212,63
2020-12-20,Marin,041,260295,9381,8948,60,9008,142
2020-12-20,Mariposa,043,17540,209,179,2,181,3
2020-12-20,Mendocino,045,87422,2241,2033,20,2053,23
2020-12-20,Merced,047,269075,17512,16435,274,16709,198
2020-12-20,Modoc,049,8938,222,181,65,246,0
2020-12-20,Mono,051,14174,829,774,12,786,3
2020-12-20,Monterey,053,433212,25036,23250,579,23829,173
2020-12-20,Napa,055,140530,5348,4865,24,4889,23
2020-12-20,Nevada,057,99092,2513,2289,78,2367,13
2020-12-20,Orange,059,3164182,142880,128780,5252,134032,1763
2020-12-20,Placer,061,380077,13111,11496,445,11941,105
2020-12-20,Plumas,063,18699,432,347,8,355,0
2020-12-20,Riverside,065,2383286,163947,148714,6664,155378,1742
2020-12-20,Sacramento,067,1510023,60275,56017,494,56511,755
2020-12-20,San Benito,069,59416,3212,2885,24,2909,21
2020-12-20,San Bernardino,071,2135413,177640,162810,4654,167464,1458
2020-12-20,San Diego,073,3302833,140759,126465,6213,132678,1280
2020-12-20,San Francisco,075,870044,21918,20937,192,21129,174
2020-12-20,San Joaquin,077,732212,41891,38268,1254,39522,587
2020-12-20,San Luis Obispo,079,281455,9783,8881,217,9098,63
2020-12-20,San Mateo,081,765935,23141,20764,73,20837,185
2020-12-20,Santa Barbara,083,443738,15907,14817,400,15217,148
2020-12-20,Santa Clara,085,1922200,63469,56860,249,57109,566
2020-12-20,Santa Cruz,087,273765,8216,7178,230,7408,69
2020-12-20,Shasta,089,179085,7660,7256,594,7850,64
2020-12-20,Sierra,091,2930,24,22,0,22,0
2020-12-20,Siskiyou,093,43540,954,870,86,956,2
2020-12-20,Solano,095,438530,17101,15533,164,15697,95
2020-12-20,Sonoma,097,501317,17748,16802,98,16900,175
2020-12-20,Stanislaus,099,539301,32384,29995,2711,32706,498
2020-12-20,Sutter,101,95872,6030,5601,42,5643,43
2020-12-20,Tehama,103,63373,2777,2602,223,2825,9
2020-12-20,Trinity,105,12862,396,221,53,274,2
2020-12-20,Tulare,107,460477,31355,29078,3206,32284,373
2020-12-20,Tuolumne,109,53932,2525,2152,8,2160,12
2020-12-20,Ventura,111,848112,35211,31335,1385,32720,210
2020-12-20,Yolo,113,214977,7859,7121,47,7168,109
2020-12-20,Yuba,115,75493,3530,3254,34,3288,12
2020-12-19,Alameda,001,1643700,47303,43109,783,43892,516
2020-12-19,Alpine,003,1148,65,64,0,64,0
2020-12-19,Amador,005,37829,2142,1754,17,1771,23
2020-12-19,Butte,007,227075,6822,6118,676,6794,81
2020-12-19,Calaveras,009,45235,993,900,0,900,21
2020-12-19,Colusa,011,21464,1175,1096,50,1146,7
2020-12-19,Contra Costa,013,1133247,36720,34321,402,34723,301
2020-12-19,Del Norte,015,27424,688,641,1,642,2
2020-12-19,El Dorado,017,186661,5455,4588,216,4804,10
2020-12-19,Fresno,019,978130,62707,55428,3743,59171,634
2020-12-19,Glenn,021,27897,1401,1286,197,1483,9
2020-12-19,Humboldt,023,135768,1531,1357,6,1363,15
2020-12-19,Imperial,025,180216,21720,20711,880,21591,395
2020-12-19,Inyo,027,18085,576,475,8,483,17
2020-12-19,Kern,029,883053,60520,55118,3949,59067,540
2020-12-19,Kings,031,150075,15349,14474,450,14924,100
2020-12-19,Lake,033,64148,1658,1438,0,1438,20
2020-12-19,Lassen,035,31185,3929,3595,35,3630,1
2020-12-19,Los Angeles,037,10098052,669427,599888,16185,616073,8804
2020-12-19,Madera,039,155013,9670,8717,329,9046,63
2020-12-19,Marin,041,260295,9341,8864,60,8924,142
2020-12-19,Mariposa,043,17540,207,177,2,179,3
2020-12-19,Mendocino,045,87422,2216,2008,20,2028,23
2020-12-19,Merced,047,269075,17373,16230,266,16496,198
2020-12-19,Modoc,049,8938,219,181,65,246,0
2020-12-19,Mono,051,14174,822,766,12,778,3
2020-12-19,Monterey,053,433212,24921,22799,574,23373,172
2020-12-19,Napa,055,140530,5286,4772,24,4796,23
2020-12-19,Nevada,057,99092,2491,2260,78,2338,13
2020-12-19,Orange,059,3164182,140957,125574,5101,130675,1733
2020-12-19,Placer,061,380077,12956,11246,439,11685,105
2020-12-19,Plumas,063,18699,429,343,8,351,0
2020-12-19,Riverside,065,2383286,161960,146703,6428,153131,1737
2020-12-19,Sacramento,067,1510023,59743,55169,480,55649,746
2020-12-19,San Benito,069,59416,3166,2820,23,2843,21
2020-12-19,San Bernardino,071,2135413,176067,159883,4547,164430,1433
2020-12-19,San Diego,073,3302833,138992,122972,6074,129046,1280
2020-12-19,San Francisco,075,870044,21767,20643,192,20835,174
2020-12-19,San Joaquin,077,732212,41489,37340,1204,38544,586
2020-12-19,San Luis Obispo,079,281455,9712,8788,214,9002,63
2020-12-19,San Mateo,081,765935,22931,20393,66,20459,182
2020-12-19,Santa Barbara,083,443738,15751,14667,394,15061,148
2020-12-19,Santa Clara,085,1922200,62655,55540,245,55785,558
2020-12-19,Santa Cruz,087,273765,8111,7054,225,7279,68
2020-12-19,Shasta,089,179085,7608,7221,582,7803,63
2020-12-19,Sierra,091,2930,24,23,0,23,0
2020-12-19,Siskiyou,093,43540,950,853,85,938,2
2020-12-19,Solano,095,438530,16935,15204,160,15364,95
2020-12-19,Sonoma,097,501317,17639,16553,98,16651,175
2020-12-19,Stanislaus,099,539301,32063,29555,2638,32193,498
2020-12-19,Sutter,101,95872,5973,5506,42,5548,41
2020-12-19,Tehama,103,63373,2728,2574,221,2795,9
2020-12-19,Trinity,105,12862,395,219,53,272,2
2020-12-19,Tulare,107,460477,31131,28734,3140,31874,375
2020-12-19,Tuolumne,109,53932,2512,2107,8,2115,12
2020-12-19,Ventura,111,848112,34930,30843,1355,32198,209
2020-12-19,Yolo,113,214977,7790,7025,46,7071,109
2020-12-19,Yuba,115,75493,3498,3168,34,3202,11
2020-12-18,Alameda,001,1643700,46766,42196,766,42962,515
2020-12-18,Alpine,003,1148,65,64,0,64,0
2020-12-18,Amador,005,37829,2125,1727,15,1742,20
2020-12-18,Butte,007,227075,6737,5891,650,6541,81
2020-12-18,Calaveras,009,45235,983,870,0,870,21
2020-12-18,Colusa,011,21464,1166,1068,50,1118,7
2020-12-18,Contra Costa,013,1133247,36435,33610,390,34000,300
2020-12-18,Del Norte,015,27424,683,627,0,627,2
2020-12-18,El Dorado,017,186661,5393,4494,207,4701,10
2020-12-18,Fresno,019,978130,61880,52643,3679,56322,613
2020-12-18,Glenn,021,27897,1384,1264,192,1456,9
2020-12-18,Humboldt,023,135768,1516,1331,6,1337,15
2020-12-18,Imperial,025,180216,21641,20430,833,21263,393
2020-12-18,Inyo,027,18085,556,454,8,462,17
2020-12-18,Kern,029,883053,59859,54220,3864,58084,533
2020-12-18,Kings,031,150075,15223,14284,444,14728,98
2020-12-18,Lake,033,64148,1646,1397,0,1397,20
2020-12-18,Lassen,035,31185,3921,3486,35,3521,1
2020-12-18,Los Angeles,037,10098052,657287,586413,15686,602099,8744
2020-12-18,Madera,039,155013,9568,8609,324,8933,63
2020-12-18,Marin,041,260295,9257,8799,60,8859,142
2020-12-18,Mariposa,043,17540,204,176,2,178,3
2020-12-18,Mendocino,045,87422,2198,1977,20,1997,24
2020-12-18,Merced,047,269075,17292,15956,263,16219,195
2020-12-18,Modoc,049,8938,219,179,65,244,0
2020-12-18,Mono,051,14174,814,731,12,743,3
2020-12-18,Monterey,053,433212,24627,22336,568,22904,165
2020-12-18,Napa,055,140530,5237,4688,24,4712,23
2020-12-18,Nevada,057,99092,2474,2220,77,2297,13
2020-12-18,Orange,059,3164182,138521,121681,4951,126632,1725
2020-12-18,Placer,061,380077,12785,10995,430,11425,104
2020-12-18,Plumas,063,18699,423,336,8,344,0
2020-12-18,Riverside,065,2383286,159120,142375,6159,148534,1733
2020-12-18,Sacramento,067,1510023,59117,53980,464,54444,736
2020-12-18,San Benito,069,59416,3117,2744,23,2767,21
2020-12-18,San Bernardino,071,2135413,173767,154272,4413,158685,1430
2020-12-18,San Diego,073,3302833,136814,120463,5935,126398,1253
2020-12-18,San Francisco,075,870044,21601,20315,186,20501,173
2020-12-18,San Joaquin,077,732212,41130,36484,1173,37657,559
2020-12-18,San Luis Obispo,079,281455,9614,8598,209,8807,62
2020-12-18,San Mateo,081,765935,22618,19971,62,20033,182
2020-12-18,Santa Barbara,083,443738,15610,14361,381,14742,148
2020-12-18,Santa Clara,085,1922200,61784,53992,236,54228,539
2020-12-18,Santa Cruz,087,273765,7995,6838,217,7055,68
2020-12-18,Shasta,089,179085,7570,7114,571,7685,62
2020-12-18,Sierra,091,2930,24,23,0,23,0
2020-12-18,Siskiyou,093,43540,948,840,85,925,2
2020-12-18,Solano,095,438530,16782,14667,156,14823,95
2020-12-18,Sonoma,097,501317,17520,16261,98,16359,173
2020-12-18,Stanislaus,099,539301,31790,28967,2602,31569,490
2020-12-18,Sutter,101,95872,5889,5399,42,5441,39
2020-12-18,Tehama,103,63373,2713,2523,211,2734,9
2020-12-18,Trinity,105,12862,394,215,53,268,2
2020-12-18,Tulare,107,460477,30854,28322,3061,31383,370
2020-12-18,Tuolumne,109,53932,2501,2067,8,2075,12
2020-12-18,Ventura,111,848112,34426,29907,1312,31219,209
2020-12-18,Yolo,113,214977,7722,6901,45,6946,109
2020-12-18,Yuba,115,75493,3440,3097,34,3131,11
2020-12-17,Alameda,001,1643700,45959,41548,733,42281,508
2020-12-17,Alpine,003,1148,65,64,0,64,0
2020-12-17,Amador,005,37829,2077,1703,13,1716,19
2020-12-17,Butte,007,227075,6611,5746,632,6378,78
2020-12-17,Calaveras,009,45235,960,848,0,848,21
2020-12-17,Colusa,011,21464,1155,1053,48,1101,7
2020-12-17,Contra Costa,013,1133247,35910,33006,356,33362,293
2020-12-17,Del Norte,015,27424,678,583,0,583,1
2020-12-17,El Dorado,017,186661,5247,4327,194,4521,9
2020-12-17,Fresno,019,978130,61017,49918,3553,53471,597
2020-12-17,Glenn,021,27897,1360,1244,185,1429,9
2020-12-17,Humboldt,023,135768,1483,1322,6,1328,14
2020-12-17,Imperial,025,180216,21477,20208,765,20973,391
2020-12-17,Inyo,027,18085,538,450,6,456,16
2020-12-17,Kern,029,883053,58902,53683,3729,57412,526
2020-12-17,Kings,031,150075,15120,14057,429,14486,98
2020-12-17,Lake,033,64148,1621,1374,0,1374,20
2020-12-17,Lassen,035,31185,3885,3417,35,3452,1
2020-12-17,Los Angeles,037,10098052,641627,571093,15135,586228,8657
2020-12-17,Madera,039,155013,9451,8465,320,8785,62
2020-12-17,Marin,041,260295,9193,8721,58,8779,142
2020-12-17,Mariposa,043,17540,200,172,2,174,3
2020-12-17,Mendocino,045,87422,2164,1942,20,1962,23
2020-12-17,Merced,047,269075,17028,15648,255,15903,192
2020-12-17,Modoc,049,8938,216,179,65,244,0
2020-12-17,Mono,051,14174,800,718,12,730,3
2020-12-17,Monterey,053,433212,24108,21951,553,22504,163
2020-12-17,Napa,055,140530,5125,4612,24,4636,23
2020-12-17,Nevada,057,99092,2433,2173,74,2247,13
2020-12-17,Orange,059,3164182,135144,118367,4816,123183,1725
2020-12-17,Placer,061,380077,12511,10756,416,11172,99
2020-12-17,Plumas,063,18699,414,324,8,332,0
2020-12-17,Riverside,065,2383286,155236,139325,5944,145269,1696
2020-12-17,Sacramento,067,1510023,58211,53189,442,53631,721
2020-12-17,San Benito,069,59416,3048,2645,22,2667,20
2020-12-17,San Bernardino,071,2135413,169827,149838,4297,154135,1425
2020-12-17,San Diego,073,3302833,134013,116852,5779,122631,1239
2020-12-17,San Francisco,075,870044,21314,19939,181,20120,170
2020-12-17,San Joaquin,077,732212,40404,35894,1137,37031,554
2020-12-17,San Luis Obispo,079,281455,9494,8365,207,8572,59
2020-12-17,San Mateo,081,765935,22248,19647,62,19709,181
2020-12-17,Santa Barbara,083,443738,15377,14207,374,14581,147
2020-12-17,Santa Clara,085,1922200,60615,52559,230,52789,527
2020-12-17,Santa Cruz,087,273765,7840,6687,204,6891,64
2020-12-17,Shasta,089,179085,7493,7000,552,7552,62
2020-12-17,Sierra,091,2930,23,23,0,23,0
2020-12-17,Siskiyou,093,43540,941,827,84,911,2
2020-12-17,Solano,095,438530,16476,14361,154,14515,96
2020-12-17,Sonoma,097,501317,17248,15993,97,16090,171
2020-12-17,Stanislaus,099,539301,31364,28582,2543,31125,489
2020-12-17,Sutter,101,95872,5790,5309,40,5349,39
2020-12-17,Tehama,103,63373,2664,2480,205,2685,9
2020-12-17,Trinity,105,12862,389,213,53,266,2
2020-12-17,Tulare,107,460477,30462,27852,2982,30834,358
2020-12-17,Tuolumne,109,53932,2210,1992,8,2000,11
2020-12-17,Ventura,111,848112,33816,29404,1275,30679,208
2020-12-17,Yolo,113,214977,7597,6800,44,6844,105
2020-12-17,Yuba,115,75493,3381,3035,32,3067,12
2020-12-16,Alameda,001,1643700,45105,40751,708,41459,497
2020-12-16,Alpine,003,1148,65,64,0,64,0
2020-12-16,Amador,005,37829,2030,1693,12,1705,19
2020-12-16,Butte,007,227075,6422,5659,604,6263,76
2020-12-16,Calaveras,009,45235,925,821,0,821,21
2020-12-16,Colusa,011,21464,1142,1038,45,1083,7
2020-12-16,Contra Costa,013,1133247,35352,32429,336,32765,293
2020-12-16,Del Norte,015,27424,676,575,0,575,1
2020-12-16,El Dorado,017,186661,5126,4237,185,4422,9
2020-12-16,Fresno,019,978130,60059,49173,3457,52630,584
2020-12-16,Glenn,021,27897,1342,1236,174,1410,9
2020-12-16,Humboldt,023,135768,1451,1308,5,1313,12
2020-12-16,Imperial,025,180216,21295,19980,699,20679,388
2020-12-16,Inyo,027,18085,525,444,6,450,16
2020-12-16,Kern,029,883053,58025,52896,3596,56492,522
2020-12-16,Kings,031,150075,14940,13734,412,14146,99
2020-12-16,Lake,033,64148,1581,1363,0,1363,20
2020-12-16,Lassen,035,31185,3852,3396,34,3430,1
2020-12-16,Los Angeles,037,10098052,625092,557907,14450,572357,8561
2020-12-16,Madera,039,155013,9326,8278,312,8590,62
2020-12-16,Marin,041,260295,9122,8641,58,8699,142
2020-12-16,Mariposa,043,17540,197,175,2,177,3
2020-12-16,Mendocino,045,87422,2129,1929,20,1949,23
2020-12-16,Merced,047,269075,16742,15443,251,15694,190
2020-12-16,Modoc,049,8938,213,178,65,243,0
2020-12-16,Mono,051,14174,781,702,12,714,3
2020-12-16,Monterey,053,433212,23549,21107,542,21649,163
2020-12-16,Napa,055,140530,5028,4544,24,4568,23
2020-12-16,Nevada,057,99092,2397,2149,72,2221,13
2020-12-16,Orange,059,3164182,131670,115260,4649,119909,1712
2020-12-16,Placer,061,380077,12274,10554,395,10949,96
2020-12-16,Plumas,063,18699,405,319,8,327,0
2020-12-16,Riverside,065,2383286,151112,135751,5695,141446,1664
2020-12-16,Sacramento,067,1510023,57237,52166,417,52583,715
2020-12-16,San Benito,069,59416,2957,2582,22,2604,20
2020-12-16,San Bernardino,071,2135413,165219,143565,4162,147727,1403
2020-12-16,San Diego,073,3302833,130909,114248,5625,119873,1217
2020-12-16,San Francisco,075,870044,21055,19624,181,19805,170
2020-12-16,San Joaquin,077,732212,39580,35010,1097,36107,547
2020-12-16,San Luis Obispo,079,281455,9299,8252,198,8450,58
2020-12-16,San Mateo,081,765935,21923,19292,58,19350,179
2020-12-16,Santa Barbara,083,443738,15126,13966,362,14328,144
2020-12-16,Santa Clara,085,1922200,59371,51502,227,51729,523
2020-12-16,Santa Cruz,087,273765,7656,6536,193,6729,63
2020-12-16,Shasta,089,179085,7420,6914,529,7443,62
2020-12-16,Sierra,091,2930,23,23,0,23,0
2020-12-16,Siskiyou,093,43540,933,818,84,902,2
2020-12-16,Solano,095,438530,16009,14157,150,14307,96
2020-12-16,Sonoma,097,501317,16992,15768,97,15865,170
2020-12-16,Stanislaus,099,539301,30863,28279,2470,30749,489
2020-12-16,Sutter,101,95872,5710,5223,40,5263,39
2020-12-16,Tehama,103,63373,2631,2441,180,2621,9
2020-12-16,Trinity,105,12862,383,212,53,265,2
2020-12-16,Tulare,107,460477,30039,27500,2882,30382,352
2020-12-16,Tuolumne,109,53932,2167,1941,8,1949,11
2020-12-16,Ventura,111,848112,33042,28566,1232,29798,203
2020-12-16,Yolo,113,214977,7469,6649,43,6692,103
2020-12-16,Yuba,115,75493,3295,2980,31,3011,11
2020-12-15,Alameda,001,1643700,44250,40026,686,40712,492
2020-12-15,Alpine,003,1148,65,64,0,64,0
2020-12-15,Amador,005,37829,1917,1669,10,1679,19
2020-12-15,Butte,007,227075,6283,5565,575,6140,75
2020-12-15,Calaveras,009,45235,893,799,0,799,21
2020-12-15,Colusa,011,21464,1129,1026,44,1070,7
2020-12-15,Contra Costa,013,1133247,34694,31423,322,31745,281
2020-12-15,Del Norte,015,27424,665,564,0,564,1
2020-12-15,El Dorado,017,186661,5018,4113,171,4284,9
2020-12-15,Fresno,019,978130,58686,47316,3323,50639,574
2020-12-15,Glenn,021,27897,1329,1207,158,1365,9
2020-12-15,Humboldt,023,135768,1431,1276,5,1281,12
2020-12-15,Imperial,025,180216,21075,19756,620,20376,380
2020-12-15,Inyo,027,18085,512,394,6,400,16
2020-12-15,Kern,029,883053,57014,52002,3491,55493,511
2020-12-15,Kings,031,150075,14776,13652,393,14045,97
2020-12-15,Lake,033,64148,1556,1341,0,1341,21
2020-12-15,Lassen,035,31185,3680,3378,33,3411,1
2020-12-15,Los Angeles,037,10098052,608711,536258,13809,550067,8429
2020-12-15,Madera,039,155013,9172,8118,305,8423,60
2020-12-15,Marin,041,260295,9014,8528,56,8584,141
2020-12-15,Mariposa,043,17540,193,171,2,173,3
2020-12-15,Mendocino,045,87422,2102,1883,20,1903,24
2020-12-15,Merced,047,269075,16444,15120,247,15367,190
2020-12-15,Modoc,049,8938,211,179,65,244,0
2020-12-15,Mono,051,14174,765,702,12,714,3
2020-12-15,Monterey,053,433212,22951,19905,481,20386,161
2020-12-15,Napa,055,140530,4925,4440,24,4464,23
2020-12-15,Nevada,057,99092,2364,2117,70,2187,11
2020-12-15,Orange,059,3164182,128015,112893,4496,117389,1689
2020-12-15,Placer,061,380077,12040,10301,373,10674,95
2020-12-15,Plumas,063,18699,400,313,8,321,0
2020-12-15,Riverside,065,2383286,147054,131822,5416,137238,1624
2020-12-15,Sacramento,067,1510023,56220,51076,404,51480,703
2020-12-15,San Benito,069,59416,2878,2520,21,2541,19
2020-12-15,San Bernardino,071,2135413,160757,137548,4011,141559,1351
2020-12-15,San Diego,073,3302833,127342,111441,5462,116903,1194
2020-12-15,San Francisco,075,870044,20745,19283,178,19461,171
2020-12-15,San Joaquin,077,732212,38654,33849,1061,34910,537
2020-12-15,San Luis Obispo,079,281455,9190,8074,195,8269,55
2020-12-15,San Mateo,081,765935,21513,18907,56,18963,178
2020-12-15,Santa Barbara,083,443738,14899,13782,354,14136,144
2020-12-15,Santa Clara,085,1922200,57936,50311,224,50535,505
2020-12-15,Santa Cruz,087,273765,7471,6361,179,6540,59
2020-12-15,Shasta,089,179085,7361,6794,504,7298,54
2020-12-15,Sierra,091,2930,23,23,0,23,0
2020-12-15,Siskiyou,093,43540,924,812,83,895,2
2020-12-15,Solano,095,438530,15659,13796,150,13946,95
2020-12-15,Sonoma,097,501317,16771,15406,97,15503,167
2020-12-15,Stanislaus,099,539301,30350,27823,2389,30212,485
2020-12-15,Sutter,101,95872,5613,5080,39,5119,36
2020-12-15,Tehama,103,63373,2593,2392,174,2566,9
2020-12-15,Trinity,105,12862,375,213,51,264,1
2020-12-15,Tulare,107,460477,29550,27026,2792,29818,342
2020-12-15,Tuolumne,109,53932,2137,1874,8,1882,8
2020-12-15,Ventura,111,848112,32420,27936,1185,29121,201
2020-12-15,Yolo,113,214977,7346,6531,41,6572,104
2020-12-15,Yuba,115,75493,3201,2891,30,2921,11
2020-12-14,Alameda,001,1643700,43351,39252,667,39919,487
2020-12-14,Alpine,003,1148,65,63,0,63,0
2020-12-14,Amador,005,37829,1845,1609,10,1619,19
2020-12-14,Butte,007,227075,6115,5202,558,5760,75
2020-12-14,Calaveras,009,45235,855,718,0,718,21
2020-12-14,Colusa,011,21464,1105,949,43,992,7
2020-12-14,Contra Costa,013,1133247,33996,30594,308,30902,281
2020-12-14,Del Norte,015,27424,659,560,0,560,1
2020-12-14,El Dorado,017,186661,4862,4018,155,4173,9
2020-12-14,Fresno,019,978130,57662,44726,3144,47870,560
2020-12-14,Glenn,021,27897,1303,1186,150,1336,9
2020-12-14,Humboldt,023,135768,1418,1256,5,1261,9
2020-12-14,Imperial,025,180216,20836,19608,542,20150,379
2020-12-14,Inyo,027,18085,498,382,6,388,16
2020-12-14,Kern,029,883053,55977,50538,3369,53907,510
2020-12-14,Kings,031,150075,14591,13491,366,13857,97
2020-12-14,Lake,033,64148,1508,1301,0,1301,21
2020-12-14,Lassen,035,31185,3582,2905,30,2935,1
2020-12-14,Los Angeles,037,10098052,591079,524668,13171,537839,8340
2020-12-14,Madera,039,155013,8905,8011,296,8307,60
2020-12-14,Marin,041,260295,8931,8475,55,8530,141
2020-12-14,Mariposa,043,17540,192,171,2,173,3
2020-12-14,Mendocino,045,87422,2081,1845,20,1865,24
2020-12-14,Merced,047,269075,16036,14572,233,14805,189
2020-12-14,Modoc,049,8938,205,180,63,243,0
2020-12-14,Mono,051,14174,757,685,12,697,3
2020-12-14,Monterey,053,433212,22429,19154,475,19629,155
2020-12-14,Napa,055,140530,4832,4289,24,4313,22
2020-12-14,Nevada,057,99092,2326,2070,67,2137,11
2020-12-14,Orange,059,3164182,124129,108602,4360,112962,1688
2020-12-14,Placer,061,380077,11759,9551,362,9913,95
2020-12-14,Plumas,063,18699,388,309,8,317,0
2020-12-14,Riverside,065,2383286,142925,123715,5154,128869,1588
2020-12-14,Sacramento,067,1510023,55112,50304,379,50683,691
2020-12-14,San Benito,069,59416,2812,2467,20,2487,19
2020-12-14,San Bernardino,071,2135413,156309,129151,3883,133034,1347
2020-12-14,San Diego,073,3302833,123606,109578,5277,114855,1162
2020-12-14,San Francisco,075,870044,20369,18904,176,19080,171
2020-12-14,San Joaquin,077,732212,37812,32522,1015,33537,534
2020-12-14,San Luis Obispo,079,281455,8944,7791,191,7982,52
2020-12-14,San Mateo,081,765935,21015,18361,53,18414,178
2020-12-14,Santa Barbara,083,443738,14626,13587,346,13933,144
2020-12-14,Santa Clara,085,1922200,56376,49180,212,49392,502
2020-12-14,Santa Cruz,087,273765,7285,6049,164,6213,54
2020-12-14,Shasta,089,179085,7272,6665,485,7150,54
2020-12-14,Sierra,091,2930,23,21,0,21,0
2020-12-14,Siskiyou,093,43540,901,764,77,841,2
2020-12-14,Solano,095,438530,15298,13352,149,13501,93
2020-12-14,Sonoma,097,501317,16465,14807,96,14903,167
2020-12-14,Stanislaus,099,539301,29815,27311,2340,29651,485
2020-12-14,Sutter,101,95872,5509,5001,32,5033,35
2020-12-14,Tehama,103,63373,2551,2344,171,2515,9
2020-12-14,Trinity,105,12862,371,205,49,254,1
2020-12-14,Tulare,107,460477,29075,25735,2701,28436,341
2020-12-14,Tuolumne,109,53932,2084,1647,8,1655,8
2020-12-14,Ventura,111,848112,31497,27436,1126,28562,202
2020-12-14,Yolo,113,214977,7185,6389,40,6429,95
2020-12-14,Yuba,115,75493,3139,2851,30,2881,11
2020-12-13,Alameda,001,1643700,42153,38064,642,38706,486
2020-12-13,Alpine,003,1148,65,63,0,63,0
2020-12-13,Amador,005,37829,1789,1457,9,1466,19
2020-12-13,Butte,007,227075,5967,5103,518,5621,75
2020-12-13,Calaveras,009,45235,819,710,0,710,21
2020-12-13,Colusa,011,21464,1089,945,40,985,7
2020-12-13,Contra Costa,013,1133247,33268,29667,302,29969,281
2020-12-13,Del Norte,015,27424,606,542,0,542,1
2020-12-13,El Dorado,017,186661,4761,3770,144,3914,9
2020-12-13,Fresno,019,978130,56555,44114,2985,47099,559
2020-12-13,Glenn,021,27897,1290,1171,139,1310,9
2020-12-13,Humboldt,023,135768,1395,1238,4,1242,9
2020-12-13,Imperial,025,180216,20546,19472,419,19891,379
2020-12-13,Inyo,027,18085,477,380,6,386,16
2020-12-13,Kern,029,883053,54946,49051,3212,52263,510
2020-12-13,Kings,031,150075,14311,13357,348,13705,97
2020-12-13,Lake,033,64148,1466,1271,0,1271,21
2020-12-13,Lassen,035,31185,3475,2867,25,2892,1
2020-12-13,Los Angeles,037,10098052,573461,517472,12471,529943,8294
2020-12-13,Madera,039,155013,8723,7909,282,8191,60
2020-12-13,Marin,041,260295,8811,8409,55,8464,141
2020-12-13,Mariposa,043,17540,188,167,2,169,3
2020-12-13,Mendocino,045,87422,2047,1793,20,1813,24
2020-12-13,Merced,047,269075,15685,14384,230,14614,189
2020-12-13,Modoc,049,8938,192,179,57,236,0
2020-12-13,Mono,051,14174,741,675,12,687,3
2020-12-13,Monterey,053,433212,22008,18913,461,19374,153
2020-12-13,Napa,055,140530,4726,4194,24,4218,22
2020-12-13,Nevada,057,99092,2278,2030,65,2095,11
2020-12-13,Orange,059,3164182,120196,104768,4187,108955,1688
2020-12-13,Placer,061,380077,11445,9405,344,9749,95
2020-12-13,Plumas,063,18699,382,291,8,299,0
2020-12-13,Riverside,065,2383286,138798,119691,4891,124582,1581
2020-12-13,Sacramento,067,1510023,53843,49480,350,49830,682
2020-12-13,San Benito,069,59416,2743,2408,19,2427,19
2020-12-13,San Bernardino,071,2135413,151409,126718,3722,130440,1333
2020-12-13,San Diego,073,3302833,120006,107372,5108,112480,1162
2020-12-13,San Francisco,075,870044,20024,18686,167,18853,167
2020-12-13,San Joaquin,077,732212,37008,32170,975,33145,534
2020-12-13,San Luis Obispo,079,281455,8753,7625,183,7808,52
2020-12-13,San Mateo,081,765935,20524,18090,47,18137,177
2020-12-13,Santa Barbara,083,443738,14356,13249,331,13580,144
2020-12-13,Santa Clara,085,1922200,54953,47920,203,48123,499
2020-12-13,Santa Cruz,087,273765,7036,5986,153,6139,54
2020-12-13,Shasta,089,179085,7198,6647,459,7106,54
2020-12-13,Sierra,091,2930,23,21,0,21,0
2020-12-13,Siskiyou,093,43540,889,762,72,834,2
2020-12-13,Solano,095,438530,14860,13276,146,13422,93
2020-12-13,Sonoma,097,501317,16151,14495,95,14590,167
2020-12-13,Stanislaus,099,539301,29250,26569,2278,28847,485
2020-12-13,Sutter,101,95872,5382,4798,28,4826,34
2020-12-13,Tehama,103,63373,2506,2325,156,2481,9
2020-12-13,Trinity,105,12862,365,204,49,253,1
2020-12-13,Tulare,107,460477,28585,25496,2615,28111,340
2020-12-13,Tuolumne,109,53932,2022,1611,8,1619,8
2020-12-13,Ventura,111,848112,30494,26588,1064,27652,202
2020-12-13,Yolo,113,214977,7002,6265,34,6299,95
2020-12-13,Yuba,115,75493,3074,2754,27,2781,11
2020-12-12,Alameda,001,1643700,41710,37027,622,37649,486
2020-12-12,Alpine,003,1148,65,63,0,63,0
2020-12-12,Amador,005,37829,1761,1236,8,1244,19
2020-12-12,Butte,007,227075,5894,4972,506,5478,73
2020-12-12,Calaveras,009,45235,809,708,0,708,21
2020-12-12,Colusa,011,21464,1069,945,39,984,7
2020-12-12,Contra Costa,013,1133247,32924,29506,293,29799,281
2020-12-12,Del Norte,015,27424,598,529,0,529,1
2020-12-12,El Dorado,017,186661,4686,3706,126,3832,9
2020-12-12,Fresno,019,978130,56204,43756,2925,46681,559
2020-12-12,Glenn,021,27897,1282,1143,135,1278,8
2020-12-12,Humboldt,023,135768,1376,1208,4,1212,9
2020-12-12,Imperial,025,180216,20460,18947,363,19310,379
2020-12-12,Inyo,027,18085,473,380,6,386,16
2020-12-12,Kern,029,883053,54426,48194,3122,51316,507
2020-12-12,Kings,031,150075,14222,13205,344,13549,96
2020-12-12,Lake,033,64148,1449,1232,0,1232,21
2020-12-12,Lassen,035,31185,3452,2866,22,2888,1
2020-12-12,Los Angeles,037,10098052,566657,504317,11968,516285,8269
2020-12-12,Madera,039,155013,8596,7765,279,8044,59
2020-12-12,Marin,041,260295,8757,8363,54,8417,141
2020-12-12,Mariposa,043,17540,187,164,2,166,3
2020-12-12,Mendocino,045,87422,2011,1771,20,1791,24
2020-12-12,Merced,047,269075,15594,14181,226,14407,188
2020-12-12,Modoc,049,8938,191,169,54,223,0
2020-12-12,Mono,051,14174,734,640,12,652,3
2020-12-12,Monterey,053,433212,21895,18596,432,19028,151
2020-12-12,Napa,055,140530,4681,4113,24,4137,22
2020-12-12,Nevada,057,99092,2260,1981,63,2044,10
2020-12-12,Orange,059,3164182,118310,100468,4039,104507,1674
2020-12-12,Placer,061,380077,11280,9390,339,9729,95
2020-12-12,Plumas,063,18699,376,291,8,299,0
2020-12-12,Riverside,065,2383286,136741,118335,4686,123021,1579
2020-12-12,Sacramento,067,1510023,53259,48319,337,48656,673
2020-12-12,San Benito,069,59416,2687,2355,19,2374,19
2020-12-12,San Bernardino,071,2135413,149776,125741,3619,129360,1321
2020-12-12,San Diego,073,3302833,118385,104958,5011,109969,1151
2020-12-12,San Francisco,075,870044,19834,18413,163,18576,167
2020-12-12,San Joaquin,077,732212,36682,32200,944,33144,534
2020-12-12,San Luis Obispo,079,281455,8654,7462,177,7639,50
2020-12-12,San Mateo,081,765935,20303,17574,46,17620,177
2020-12-12,Santa Barbara,083,443738,14204,13174,323,13497,144
2020-12-12,Santa Clara,085,1922200,54002,45892,200,46092,498
2020-12-12,Santa Cruz,087,273765,6938,5905,144,6049,54
2020-12-12,Shasta,089,179085,7165,6551,441,6992,54
2020-12-12,Sierra,091,2930,23,21,0,21,0
2020-12-12,Siskiyou,093,43540,887,762,69,831,2
2020-12-12,Solano,095,438530,14662,12748,139,12887,93
2020-12-12,Sonoma,097,501317,16030,14466,95,14561,166
2020-12-12,Stanislaus,099,539301,28949,26246,2227,28473,483
2020-12-12,Sutter,101,95872,5320,4717,28,4745,32
2020-12-12,Tehama,103,63373,2488,2252,150,2402,9
2020-12-12,Trinity,105,12862,363,204,47,251,1
2020-12-12,Tulare,107,460477,28326,25333,2557,27890,341
2020-12-12,Tuolumne,109,53932,1979,1536,8,1544,8
2020-12-12,Ventura,111,848112,30050,25955,1031,26986,202
2020-12-12,Yolo,113,214977,6920,6116,32,6148,95
2020-12-12,Yuba,115,75493,3047,2692,26,2718,10
2020-12-11,Alameda,001,1643700,41142,36281,610,36891,482
2020-12-11,Alpine,003,1148,65,63,0,63,0
2020-12-11,Amador,005,37829,1745,1213,8,1221,19
2020-12-11,Butte,007,227075,5821,4941,488,5429,73
2020-12-11,Calaveras,009,45235,793,697,0,697,21
2020-12-11,Colusa,011,21464,1059,923,37,960,7
2020-12-11,Contra Costa,013,1133247,32500,29036,289,29325,282
2020-12-11,Del Norte,015,27424,592,505,0,505,1
2020-12-11,El Dorado,017,186661,4605,3669,111,3780,9
2020-12-11,Fresno,019,978130,55192,43071,2859,45930,550
2020-12-11,Glenn,021,27897,1266,1135,130,1265,8
2020-12-11,Humboldt,023,135768,1358,1190,4,1194,9
2020-12-11,Imperial,025,180216,20371,18599,319,18918,377
2020-12-11,Inyo,027,18085,462,372,6,378,16
2020-12-11,Kern,029,883053,53748,47664,3058,50722,502
2020-12-11,Kings,031,150075,14078,13118,340,13458,94
2020-12-11,Lake,033,64148,1436,1205,0,1205,21
2020-12-11,Lassen,035,31185,3440,2790,21,2811,1
2020-12-11,Los Angeles,037,10098052,554851,493592,11557,505149,8198
2020-12-11,Madera,039,155013,8505,7648,269,7917,59
2020-12-11,Marin,041,260295,8663,8317,53,8370,141
2020-12-11,Mariposa,043,17540,186,164,2,166,3
2020-12-11,Mendocino,045,87422,1987,1769,20,1789,24
2020-12-11,Merced,047,269075,15474,14038,218,14256,186
2020-12-11,Modoc,049,8938,191,168,53,221,0
2020-12-11,Mono,051,14174,724,631,12,643,3
2020-12-11,Monterey,053,433212,21594,18421,427,18848,150
2020-12-11,Napa,055,140530,4626,4054,24,4078,22
2020-12-11,Nevada,057,99092,2243,1959,60,2019,10
2020-12-11,Orange,059,3164182,115998,98357,3937,102294,1656
2020-12-11,Placer,061,380077,11118,8904,323,9227,93
2020-12-11,Plumas,063,18699,368,286,8,294,0
2020-12-11,Riverside,065,2383286,133673,115329,4466,119795,1573
2020-12-11,Sacramento,067,1510023,52597,47468,329,47797,669
2020-12-11,San Benito,069,59416,2636,2319,19,2338,19
2020-12-11,San Bernardino,071,2135413,147086,123092,3502,126594,1313
2020-12-11,San Diego,073,3302833,116425,102468,4928,107396,1137
2020-12-11,San Francisco,075,870044,19604,18246,162,18408,165
2020-12-11,San Joaquin,077,732212,36336,32044,916,32960,534
2020-12-11,San Luis Obispo,079,281455,8493,7415,175,7590,49
2020-12-11,San Mateo,081,765935,20032,17240,35,17275,177
2020-12-11,Santa Barbara,083,443738,14061,12997,315,13312,144
2020-12-11,Santa Clara,085,1922200,52997,45101,191,45292,494
2020-12-11,Santa Cruz,087,273765,6825,5764,135,5899,50
2020-12-11,Shasta,089,179085,7120,6459,434,6893,54
2020-12-11,Sierra,091,2930,23,19,0,19,0
2020-12-11,Siskiyou,093,43540,880,753,66,819,2
2020-12-11,Solano,095,438530,14476,12554,135,12689,92
2020-12-11,Sonoma,097,501317,15863,14298,93,14391,166
2020-12-11,Stanislaus,099,539301,28680,25928,2183,28111,464
2020-12-11,Sutter,101,95872,5257,4600,27,4627,30
2020-12-11,Tehama,103,63373,2458,2232,146,2378,9
2020-12-11,Trinity,105,12862,360,204,47,251,1
2020-12-11,Tulare,107,460477,27967,24953,2510,27463,338
2020-12-11,Tuolumne,109,53932,1965,1510,8,1518,8
2020-12-11,Ventura,111,848112,29444,24999,1009,26008,202
2020-12-11,Yolo,113,214977,6814,6006,31,6037,95
2020-12-11,Yuba,115,75493,2987,2649,25,2674,10
2020-12-10,Alameda,001,1643700,40373,35686,588,36274,477
2020-12-10,Alpine,003,1148,65,63,0,63,0
2020-12-10,Amador,005,37829,1688,1191,8,1199,18
2020-12-10,Butte,007,227075,5705,4863,461,5324,72
2020-12-10,Calaveras,009,45235,775,684,0,684,21
2020-12-10,Colusa,011,21464,1036,909,34,943,7
2020-12-10,Contra Costa,013,1133247,31818,28413,283,28696,276
2020-12-10,Del Norte,015,27424,582,501,0,501,1
2020-12-10,El Dorado,017,186661,4487,3557,106,3663,9
2020-12-10,Fresno,019,978130,54214,42461,2717,45178,540
2020-12-10,Glenn,021,27897,1246,1126,121,1247,8
2020-12-10,Humboldt,023,135768,1338,1140,4,1144,9
2020-12-10,Imperial,025,180216,20157,18333,242,18575,370
2020-12-10,Inyo,027,18085,441,365,6,371,15
2020-12-10,Kern,029,883053,52765,47176,2891,50067,499
2020-12-10,Kings,031,150075,13920,12993,334,13327,92
2020-12-10,Lake,033,64148,1395,1167,0,1167,21
2020-12-10,Lassen,035,31185,3418,2764,17,2781,0
2020-12-10,Los Angeles,037,10098052,540881,480354,11021,491375,8149
2020-12-10,Madera,039,155013,8398,7445,254,7699,59
2020-12-10,Marin,041,260295,8610,8245,52,8297,140
2020-12-10,Mariposa,043,17540,185,160,2,162,3
2020-12-10,Mendocino,045,87422,1961,1748,17,1765,24
2020-12-10,Merced,047,269075,15228,13756,215,13971,186
2020-12-10,Modoc,049,8938,186,165,51,216,0
2020-12-10,Mono,051,14174,719,601,12,613,3
2020-12-10,Monterey,053,433212,21113,18266,417,18683,145
2020-12-10,Napa,055,140530,4540,3974,23,3997,22
2020-12-10,Nevada,057,99092,2207,1919,60,1979,10
2020-12-10,Orange,059,3164182,112902,95297,3775,99072,1651
2020-12-10,Placer,061,380077,10865,8906,305,9211,90
2020-12-10,Plumas,063,18699,357,281,8,289,0
2020-12-10,Riverside,065,2383286,129986,112794,4197,116991,1552
2020-12-10,Sacramento,067,1510023,51697,46471,307,46778,664
2020-12-10,San Benito,069,59416,2576,2268,18,2286,19
2020-12-10,San Bernardino,071,2135413,142850,120186,3328,123514,1306
2020-12-10,San Diego,073,3302833,113900,99601,4779,104380,1114
2020-12-10,San Francisco,075,870044,19292,17945,154,18099,164
2020-12-10,San Joaquin,077,732212,35700,31228,886,32114,534
2020-12-10,San Luis Obispo,079,281455,8330,7245,164,7409,49
2020-12-10,San Mateo,081,765935,19588,16701,25,16726,177
2020-12-10,Santa Barbara,083,443738,13882,12788,306,13094,143
2020-12-10,Santa Clara,085,1922200,51861,43939,176,44115,491
2020-12-10,Santa Cruz,087,273765,6658,5645,122,5767,48
2020-12-10,Shasta,089,179085,7053,6312,409,6721,53
2020-12-10,Sierra,091,2930,23,18,0,18,0
2020-12-10,Siskiyou,093,43540,870,712,65,777,2
2020-12-10,Solano,095,438530,14110,12017,129,12146,90
2020-12-10,Sonoma,097,501317,15608,14282,91,14373,167
2020-12-10,Stanislaus,099,539301,28217,25582,2114,27696,464
2020-12-10,Sutter,101,95872,5127,4528,25,4553,27
2020-12-10,Tehama,103,63373,2414,2190,138,2328,9
2020-12-10,Trinity,105,12862,356,202,45,247,1
2020-12-10,Tulare,107,460477,27510,24506,2444,26950,337
2020-12-10,Tuolumne,109,53932,1723,1451,8,1459,8
2020-12-10,Ventura,111,848112,28593,24075,965,25040,202
2020-12-10,Yolo,113,214977,6693,5896,30,5926,95
2020-12-10,Yuba,115,75493,2923,2604,24,2628,10
2020-12-09,Alameda,001,1643700,39535,35047,565,35612,470
2020-12-09,Alpine,003,1148,65,58,0,58,0
2020-12-09,Amador,005,37829,1645,1121,8,1129,19
2020-12-09,Butte,007,227075,5562,4733,441,5174,70
2020-12-09,Calaveras,009,45235,748,670,0,670,21
2020-12-09,Colusa,011,21464,1021,896,33,929,7
2020-12-09,Contra Costa,013,1133247,31114,28308,272,28580,273
2020-12-09,Del Norte,015,27424,569,481,0,481,2
2020-12-09,El Dorado,017,186661,4352,3449,98,3547,8
2020-12-09,Fresno,019,978130,53212,41954,2564,44518,533
2020-12-09,Glenn,021,27897,1232,1107,115,1222,8
2020-12-09,Humboldt,023,135768,1306,1086,4,1090,10
2020-12-09,Imperial,025,180216,19902,17757,206,17963,368
2020-12-09,Inyo,027,18085,428,356,6,362,15
2020-12-09,Kern,029,883053,51607,46379,2745,49124,494
2020-12-09,Kings,031,150075,13775,12716,326,13042,92
2020-12-09,Lake,033,64148,1367,1158,0,1158,20
2020-12-09,Lassen,035,31185,3349,2331,15,2346,0
2020-12-09,Los Angeles,037,10098052,527395,467971,10471,478442,8075
2020-12-09,Madera,039,155013,8285,7216,251,7467,59
2020-12-09,Marin,041,260295,8548,8182,51,8233,138
2020-12-09,Mariposa,043,17540,183,154,2,156,3
2020-12-09,Mendocino,045,87422,1935,1703,16,1719,24
2020-12-09,Merced,047,269075,14987,13588,208,13796,183
2020-12-09,Modoc,049,8938,181,146,42,188,0
2020-12-09,Mono,051,14174,707,601,12,613,3
2020-12-09,Monterey,053,433212,20712,17891,409,18300,143
2020-12-09,Napa,055,140530,4454,3858,22,3880,21
2020-12-09,Nevada,057,99092,2154,1864,60,1924,10
2020-12-09,Orange,059,3164182,109816,93763,3601,97364,1629
2020-12-09,Placer,061,380077,10604,8588,291,8879,85
2020-12-09,Plumas,063,18699,349,271,8,279,0
2020-12-09,Riverside,065,2383286,126289,110376,3990,114366,1543
2020-12-09,Sacramento,067,1510023,50634,45284,280,45564,659
2020-12-09,San Benito,069,59416,2503,2217,16,2233,19
2020-12-09,San Bernardino,071,2135413,138572,114516,3131,117647,1305
2020-12-09,San Diego,073,3302833,110920,97551,4640,102191,1103
2020-12-09,San Francisco,075,870044,18991,17628,153,17781,163
2020-12-09,San Joaquin,077,732212,34884,30539,861,31400,531
2020-12-09,San Luis Obispo,079,281455,8112,7105,156,7261,47
2020-12-09,San Mateo,081,765935,19138,16422,24,16446,175
2020-12-09,Santa Barbara,083,443738,13682,12630,296,12926,142
2020-12-09,Santa Clara,085,1922200,50707,42912,160,43072,489
2020-12-09,Santa Cruz,087,273765,6500,5527,107,5634,47
2020-12-09,Shasta,089,179085,6988,6105,395,6500,52
2020-12-09,Sierra,091,2930,23,18,0,18,0
2020-12-09,Siskiyou,093,43540,859,713,64,777,2
2020-12-09,Solano,095,438530,13762,11862,121,11983,90
2020-12-09,Sonoma,097,501317,15352,13994,88,14082,164
2020-12-09,Stanislaus,099,539301,27720,25157,2053,27210,463
2020-12-09,Sutter,101,95872,5009,4418,21,4439,24
2020-12-09,Tehama,103,63373,2378,2102,134,2236,9
2020-12-09,Trinity,105,12862,348,199,42,241,0
2020-12-09,Tulare,107,460477,26914,24124,2365,26489,334
2020-12-09,Tuolumne,109,53932,1690,1319,8,1327,8
2020-12-09,Ventura,111,848112,27730,23830,923,24753,201
2020-12-09,Yolo,113,214977,6568,5760,28,5788,95
2020-12-09,Yuba,115,75493,2855,2513,23,2536,10
2020-12-08,Alameda,001,1643700,38633,34373,549,34922,469
2020-12-08,Alpine,003,1148,64,53,0,53,0
2020-12-08,Amador,005,37829,1359,1043,8,1051,17
2020-12-08,Butte,007,227075,5404,4651,400,5051,70
2020-12-08,Calaveras,009,45235,724,657,0,657,21
2020-12-08,Colusa,011,21464,1005,875,32,907,6
2020-12-08,Contra Costa,013,1133247,30412,27926,255,28181,270
2020-12-08,Del Norte,015,27424,553,465,0,465,2
2020-12-08,El Dorado,017,186661,4228,3296,85,3381,8
2020-12-08,Fresno,019,978130,51948,41574,2408,43982,529
2020-12-08,Glenn,021,27897,1212,1094,107,1201,8
2020-12-08,Humboldt,023,135768,1280,1059,4,1063,10
2020-12-08,Imperial,025,180216,19387,17568,198,17766,363
2020-12-08,Inyo,027,18085,405,333,6,339,15
2020-12-08,Kern,029,883053,50313,45116,2589,47705,487
2020-12-08,Kings,031,150075,13621,12623,317,12940,90
2020-12-08,Lake,033,64148,1325,1127,0,1127,20
2020-12-08,Lassen,035,31185,3193,2165,15,2180,0
2020-12-08,Los Angeles,037,10098052,514699,459738,9994,469732,8004
2020-12-08,Madera,039,155013,8154,7082,238,7320,59
2020-12-08,Marin,041,260295,8468,8099,50,8149,137
2020-12-08,Mariposa,043,17540,179,150,2,152,2
2020-12-08,Mendocino,045,87422,1893,1666,16,1682,23
2020-12-08,Merced,047,269075,14675,13380,207,13587,181
2020-12-08,Modoc,049,8938,173,138,39,177,0
2020-12-08,Mono,051,14174,693,597,12,609,3
2020-12-08,Monterey,053,433212,20141,17752,402,18154,134
2020-12-08,Napa,055,140530,4367,3778,21,3799,22
2020-12-08,Nevada,057,99092,2100,1809,57,1866,11
2020-12-08,Orange,059,3164182,106596,91406,3435,94841,1629
2020-12-08,Placer,061,380077,10336,8224,286,8510,82
2020-12-08,Plumas,063,18699,339,258,8,266,0
2020-12-08,Riverside,065,2383286,122926,107620,3810,111430,1514
2020-12-08,Sacramento,067,1510023,49570,44635,265,44900,649
2020-12-08,San Benito,069,59416,2450,2180,16,2196,18
2020-12-08,San Bernardino,071,2135413,134225,110676,3005,113681,1301
2020-12-08,San Diego,073,3302833,107549,95447,4483,99930,1088
2020-12-08,San Francisco,075,870044,18681,17384,151,17535,162
2020-12-08,San Joaquin,077,732212,33989,30225,828,31053,530
2020-12-08,San Luis Obispo,079,281455,7983,6903,145,7048,45
2020-12-08,San Mateo,081,765935,18738,16305,24,16329,175
2020-12-08,Santa Barbara,083,443738,13498,12516,287,12803,141
2020-12-08,Santa Clara,085,1922200,49401,41309,151,41460,484
2020-12-08,Santa Cruz,087,273765,6321,5374,105,5479,45
2020-12-08,Shasta,089,179085,6878,5946,387,6333,50
2020-12-08,Sierra,091,2930,22,18,0,18,0
2020-12-08,Siskiyou,093,43540,845,704,62,766,2
2020-12-08,Solano,095,438530,13360,11669,119,11788,89
2020-12-08,Sonoma,097,501317,15093,13601,87,13688,164
2020-12-08,Stanislaus,099,539301,27231,24793,1988,26781,461
2020-12-08,Sutter,101,95872,4914,4342,20,4362,24
2020-12-08,Tehama,103,63373,2304,2057,126,2183,9
2020-12-08,Trinity,105,12862,339,198,41,239,0
2020-12-08,Tulare,107,460477,26311,23607,2304,25911,330
2020-12-08,Tuolumne,109,53932,1666,1264,8,1272,7
2020-12-08,Ventura,111,848112,27067,23665,880,24545,195
2020-12-08,Yolo,113,214977,6436,5560,28,5588,90
2020-12-08,Yuba,115,75493,2778,2477,23,2500,10
2020-12-07,Alameda,001,1643700,37767,33887,513,34400,466
2020-12-07,Alpine,003,1148,63,53,0,53,0
2020-12-07,Amador,005,37829,1284,993,7,1000,17
2020-12-07,Butte,007,227075,5269,4604,378,4982,67
2020-12-07,Calaveras,009,45235,693,606,0,606,21
2020-12-07,Colusa,011,21464,980,825,27,852,6
2020-12-07,Contra Costa,013,1133247,29796,27307,242,27549,270
2020-12-07,Del Norte,015,27424,541,424,0,424,2
2020-12-07,El Dorado,017,186661,4049,3275,78,3353,8
2020-12-07,Fresno,019,978130,50473,41098,2285,43383,526
2020-12-07,Glenn,021,27897,1193,1085,101,1186,8
2020-12-07,Humboldt,023,135768,1245,1023,4,1027,9
2020-12-07,Imperial,025,180216,18965,17234,188,17422,364
2020-12-07,Inyo,027,18085,390,333,6,339,15
2020-12-07,Kern,029,883053,49288,44409,2453,46862,486
2020-12-07,Kings,031,150075,13478,12412,307,12719,90
2020-12-07,Lake,033,64148,1298,1090,0,1090,20
2020-12-07,Lassen,035,31185,3096,2167,15,2182,0
2020-12-07,Los Angeles,037,10098052,501030,451052,9557,460609,7937
2020-12-07,Madera,039,155013,7889,6935,233,7168,59
2020-12-07,Marin,041,260295,8410,8049,49,8098,136
2020-12-07,Mariposa,043,17540,176,146,2,148,2
2020-12-07,Mendocino,045,87422,1857,1638,14,1652,23
2020-12-07,Merced,047,269075,14316,13250,197,13447,179
2020-12-07,Modoc,049,8938,166,128,36,164,0
2020-12-07,Mono,051,14174,680,590,12,602,3
2020-12-07,Monterey,053,433212,19660,17746,390,18136,132
2020-12-07,Napa,055,140530,4276,3684,21,3705,21
2020-12-07,Nevada,057,99092,2051,1777,56,1833,11
2020-12-07,Orange,059,3164182,103331,89793,3315,93108,1628
2020-12-07,Placer,061,380077,10010,7911,272,8183,82
2020-12-07,Plumas,063,18699,327,256,5,261,0
2020-12-07,Riverside,065,2383286,119727,102363,3627,105990,1491
2020-12-07,Sacramento,067,1510023,48475,43419,248,43667,638
2020-12-07,San Benito,069,59416,2399,2165,15,2180,18
2020-12-07,San Bernardino,071,2135413,130272,108161,2886,111047,1295
2020-12-07,San Diego,073,3302833,104760,94171,4302,98473,1062
2020-12-07,San Francisco,075,870044,18390,17220,144,17364,161
2020-12-07,San Joaquin,077,732212,33113,28188,801,28989,530
2020-12-07,San Luis Obispo,079,281455,7801,6782,138,6920,45
2020-12-07,San Mateo,081,765935,18298,16029,23,16052,175
2020-12-07,Santa Barbara,083,443738,13256,12362,277,12639,141
2020-12-07,Santa Clara,085,1922200,48017,40621,142,40763,484
2020-12-07,Santa Cruz,087,273765,6156,5152,99,5251,41
2020-12-07,Shasta,089,179085,6755,5742,372,6114,50
2020-12-07,Sierra,091,2930,20,18,0,18,0
2020-12-07,Siskiyou,093,43540,818,652,62,714,2
2020-12-07,Solano,095,438530,13021,11354,115,11469,89
2020-12-07,Sonoma,097,501317,14809,13376,87,13463,164
2020-12-07,Stanislaus,099,539301,26673,24479,1935,26414,454
2020-12-07,Sutter,101,95872,4773,4106,20,4126,24
2020-12-07,Tehama,103,63373,2253,2030,121,2151,9
2020-12-07,Trinity,105,12862,335,194,41,235,0
2020-12-07,Tulare,107,460477,25775,22760,2247,25007,328
2020-12-07,Tuolumne,109,53932,1581,1256,7,1263,7
2020-12-07,Ventura,111,848112,26480,23354,844,24198,191
2020-12-07,Yolo,113,214977,6274,5537,27,5564,90
2020-12-07,Yuba,115,75493,2710,2428,21,2449,10
2020-12-06,Alameda,001,1643700,36776,33477,493,33970,465
2020-12-06,Alpine,003,1148,59,53,0,53,0
2020-12-06,Amador,005,37829,1221,952,6,958,17
2020-12-06,Butte,007,227075,5116,4527,345,4872,67
2020-12-06,Calaveras,009,45235,673,606,0,606,21
2020-12-06,Colusa,011,21464,963,824,23,847,6
2020-12-06,Contra Costa,013,1133247,29188,26566,235,26801,270
2020-12-06,Del Norte,015,27424,486,414,0,414,2
2020-12-06,El Dorado,017,186661,3912,3086,73,3159,8
2020-12-06,Fresno,019,978130,49517,40869,2169,43038,526
2020-12-06,Glenn,021,27897,1183,1067,97,1164,8
2020-12-06,Humboldt,023,135768,1220,1004,4,1008,9
2020-12-06,Imperial,025,180216,18650,16922,179,17101,364
2020-12-06,Inyo,027,18085,377,333,6,339,15
2020-12-06,Kern,029,883053,48299,43899,2283,46182,486
2020-12-06,Kings,031,150075,13206,12056,290,12346,90
2020-12-06,Lake,033,64148,1261,1075,0,1075,20
2020-12-06,Lassen,035,31185,2991,2168,13,2181,0
2020-12-06,Los Angeles,037,10098052,487438,443230,9117,452347,7910
2020-12-06,Madera,039,155013,7718,6826,224,7050,59
2020-12-06,Marin,041,260295,8329,8013,47,8060,136
2020-12-06,Mariposa,043,17540,175,144,2,146,2
2020-12-06,Mendocino,045,87422,1817,1614,14,1628,23
2020-12-06,Merced,047,269075,13981,12928,188,13116,179
2020-12-06,Modoc,049,8938,153,125,29,154,0
2020-12-06,Mono,051,14174,658,586,10,596,3
2020-12-06,Monterey,053,433212,19041,17426,380,17806,130
2020-12-06,Napa,055,140530,4164,3644,21,3665,21
2020-12-06,Nevada,057,99092,1992,1710,53,1763,10
2020-12-06,Orange,059,3164182,100265,87737,3185,90922,1627
2020-12-06,Placer,061,380077,9728,7837,252,8089,82
2020-12-06,Plumas,063,18699,314,254,4,258,0
2020-12-06,Riverside,065,2383286,116633,100088,3403,103491,1482
2020-12-06,Sacramento,067,1510023,47236,42808,232,43040,638
2020-12-06,San Benito,069,59416,2362,2135,15,2150,18
2020-12-06,San Bernardino,071,2135413,126120,106927,2729,109656,1286
2020-12-06,San Diego,073,3302833,101727,92173,4148,96321,1062
2020-12-06,San Francisco,075,870044,18068,17107,137,17244,161
2020-12-06,San Joaquin,077,732212,32278,28188,772,28960,530
2020-12-06,San Luis Obispo,079,281455,7635,6723,133,6856,45
2020-12-06,San Mateo,081,765935,17794,15855,20,15875,175
2020-12-06,Santa Barbara,083,443738,13024,12252,268,12520,141
2020-12-06,Santa Clara,085,1922200,46642,39112,136,39248,482
2020-12-06,Santa Cruz,087,273765,5982,5069,93,5162,40
2020-12-06,Shasta,089,179085,6614,5743,351,6094,49
2020-12-06,Sierra,091,2930,20,17,0,17,0
2020-12-06,Siskiyou,093,43540,800,652,60,712,2
2020-12-06,Solano,095,438530,12734,11354,105,11459,88
2020-12-06,Sonoma,097,501317,14520,13238,86,13324,164
2020-12-06,Stanislaus,099,539301,26122,24036,1871,25907,454
2020-12-06,Sutter,101,95872,4657,4009,19,4028,21
2020-12-06,Tehama,103,63373,2194,1982,111,2093,9
2020-12-06,Trinity,105,12862,328,181,39,220,0
2020-12-06,Tulare,107,460477,25249,22756,2178,24934,327
2020-12-06,Tuolumne,109,53932,1485,1210,7,1217,7
2020-12-06,Ventura,111,848112,25938,23035,817,23852,191
2020-12-06,Yolo,113,214977,6113,5465,22,5487,90
2020-12-06,Yuba,115,75493,2666,2340,20,2360,10
2020-12-05,Alameda,001,1643700,36418,32781,482,33263,465
2020-12-05,Alpine,003,1148,58,53,0,53,0
2020-12-05,Amador,005,37829,1197,847,6,853,17
2020-12-05,Butte,007,227075,5048,4455,326,4781,66
2020-12-05,Calaveras,009,45235,661,606,0,606,21
2020-12-05,Colusa,011,21464,945,825,20,845,6
2020-12-05,Contra Costa,013,1133247,28896,26217,228,26445,270
2020-12-05,Del Norte,015,27424,480,408,0,408,2
2020-12-05,El Dorado,017,186661,3847,3061,68,3129,8
2020-12-05,Fresno,019,978130,49198,40568,2114,42682,525
2020-12-05,Glenn,021,27897,1170,1056,91,1147,8
2020-12-05,Humboldt,023,135768,1187,979,4,983,9
2020-12-05,Imperial,025,180216,18482,16544,178,16722,362
2020-12-05,Inyo,027,18085,372,332,6,338,15
2020-12-05,Kern,029,883053,47835,43332,2198,45530,484
2020-12-05,Kings,031,150075,13125,11898,287,12185,90
2020-12-05,Lake,033,64148,1234,1069,0,1069,20
2020-12-05,Lassen,035,31185,2800,2168,11,2179,0
2020-12-05,Los Angeles,037,10098052,481637,433120,8800,441920,7888
2020-12-05,Madera,039,155013,7625,6619,217,6836,59
2020-12-05,Marin,041,260295,8302,7961,47,8008,136
2020-12-05,Mariposa,043,17540,170,143,2,145,2
2020-12-05,Mendocino,045,87422,1778,1585,14,1599,23
2020-12-05,Merced,047,269075,13874,12747,177,12924,180
2020-12-05,Modoc,049,8938,153,118,28,146,0
2020-12-05,Mono,051,14174,653,554,10,564,3
2020-12-05,Monterey,053,433212,18895,17077,376,17453,127
2020-12-05,Napa,055,140530,4093,3565,21,3586,21
2020-12-05,Nevada,057,99092,1977,1642,51,1693,10
2020-12-05,Orange,059,3164182,98799,85735,3089,88824,1612
2020-12-05,Placer,061,380077,9608,7811,243,8054,78
2020-12-05,Plumas,063,18699,307,246,1,247,0
2020-12-05,Riverside,065,2383286,115021,98612,3226,101838,1477
2020-12-05,Sacramento,067,1510023,46571,41878,217,42095,625
2020-12-05,San Benito,069,59416,2318,2073,15,2088,18
2020-12-05,San Bernardino,071,2135413,124595,105382,2600,107982,1283
2020-12-05,San Diego,073,3302833,100375,90470,4067,94537,1055
2020-12-05,San Francisco,075,870044,17884,16786,133,16919,161
2020-12-05,San Joaquin,077,732212,32011,28105,739,28844,523
2020-12-05,San Luis Obispo,079,281455,7568,6623,130,6753,44
2020-12-05,San Mateo,081,765935,17537,15512,20,15532,175
2020-12-05,Santa Barbara,083,443738,12924,12107,262,12369,141
2020-12-05,Santa Clara,085,1922200,45900,38339,131,38470,474
2020-12-05,Santa Cruz,087,273765,5909,4997,91,5088,40
2020-12-05,Shasta,089,179085,6553,5653,340,5993,49
2020-12-05,Sierra,091,2930,20,17,0,17,0
2020-12-05,Siskiyou,093,43540,792,649,59,708,2
2020-12-05,Solano,095,438530,12565,11351,103,11454,87
2020-12-05,Sonoma,097,501317,14424,13137,86,13223,164
2020-12-05,Stanislaus,099,539301,25808,23662,1836,25498,454
2020-12-05,Sutter,101,95872,4592,3937,19,3956,20
2020-12-05,Tehama,103,63373,2178,1926,109,2035,9
2020-12-05,Trinity,105,12862,327,177,39,216,0
2020-12-05,Tulare,107,460477,25035,22660,2120,24780,324
2020-12-05,Tuolumne,109,53932,1428,1180,7,1187,7
2020-12-05,Ventura,111,848112,25567,22710,803,23513,191
2020-12-05,Yolo,113,214977,6036,5351,21,5372,90
2020-12-05,Yuba,115,75493,2629,2275,20,2295,10
2020-12-04,Alameda,001,1643700,35870,31871,469,32340,465
2020-12-04,Alpine,003,1148,58,53,0,53,0
2020-12-04,Amador,005,37829,1183,766,3,769,16
2020-12-04,Butte,007,227075,4976,4336,305,4641,65
2020-12-04,Calaveras,009,45235,656,585,0,585,21
2020-12-04,Colusa,011,21464,931,790,18,808,6
2020-12-04,Contra Costa,013,1133247,28551,25705,216,25921,264
2020-12-04,Del Norte,015,27424,469,401,0,401,2
2020-12-04,El Dorado,017,186661,3759,2933,65,2998,7
2020-12-04,Fresno,019,978130,48489,40108,2046,42154,522
2020-12-04,Glenn,021,27897,1164,1017,83,1100,8
2020-12-04,Humboldt,023,135768,1169,960,4,964,9
2020-12-04,Imperial,025,180216,18240,16484,178,16662,362
2020-12-04,Inyo,027,18085,364,324,6,330,15
2020-12-04,Kern,029,883053,47284,42497,2095,44592,485
2020-12-04,Kings,031,150075,13032,11767,281,12048,88
2020-12-04,Lake,033,64148,1206,1018,0,1018,20
2020-12-04,Lassen,035,31185,2793,2167,10,2177,0
2020-12-04,Los Angeles,037,10098052,473016,424164,8505,432669,7845
2020-12-04,Madera,039,155013,7534,6479,214,6693,58
2020-12-04,Marin,041,260295,8251,7896,44,7940,136
2020-12-04,Mariposa,043,17540,170,136,2,138,2
2020-12-04,Mendocino,045,87422,1759,1563,13,1576,23
2020-12-04,Merced,047,269075,13759,12474,169,12643,177
2020-12-04,Modoc,049,8938,153,115,28,143,0
2020-12-04,Mono,051,14174,648,549,10,559,3
2020-12-04,Monterey,053,433212,18683,16737,367,17104,127
2020-12-04,Napa,055,140530,4039,3432,21,3453,19
2020-12-04,Nevada,057,99092,1952,1560,48,1608,10
2020-12-04,Orange,059,3164182,96879,83738,3024,86762,1597
2020-12-04,Placer,061,380077,9484,7461,229,7690,76
2020-12-04,Plumas,063,18699,300,232,0,232,0
2020-12-04,Riverside,065,2383286,112822,95255,3069,98324,1475
2020-12-04,Sacramento,067,1510023,45807,41061,200,41261,618
2020-12-04,San Benito,069,59416,2285,2006,15,2021,17
2020-12-04,San Bernardino,071,2135413,122320,102418,2492,104910,1290
2020-12-04,San Diego,073,3302833,98891,88183,3980,92163,1047
2020-12-04,San Francisco,075,870044,17693,16499,133,16632,161
2020-12-04,San Joaquin,077,732212,31574,27806,702,28508,522
2020-12-04,San Luis Obispo,079,281455,7483,6473,127,6600,42
2020-12-04,San Mateo,081,765935,17249,15112,19,15131,173
2020-12-04,Santa Barbara,083,443738,12818,11947,255,12202,141
2020-12-04,Santa Clara,085,1922200,44978,37465,125,37590,468
2020-12-04,Santa Cruz,087,273765,5822,4985,89,5074,32
2020-12-04,Shasta,089,179085,6465,5439,330,5769,49
2020-12-04,Sierra,091,2930,19,17,0,17,0
2020-12-04,Siskiyou,093,43540,785,639,56,695,2
2020-12-04,Solano,095,438530,12419,11037,100,11137,87
2020-12-04,Sonoma,097,501317,14276,12962,85,13047,164
2020-12-04,Stanislaus,099,539301,25538,23206,1791,24997,448
2020-12-04,Sutter,101,95872,4520,3791,14,3805,20
2020-12-04,Tehama,103,63373,2138,1876,104,1980,9
2020-12-04,Trinity,105,12862,325,172,39,211,0
2020-12-04,Tulare,107,460477,24751,22273,2047,24320,322
2020-12-04,Tuolumne,109,53932,1397,1134,7,1141,7
2020-12-04,Ventura,111,848112,25190,22024,786,22810,189
2020-12-04,Yolo,113,214977,5962,5294,20,5314,87
2020-12-04,Yuba,115,75493,2586,2225,19,2244,10
2020-12-03,Alameda,001,1643700,35105,31184,450,31634,465
2020-12-03,Alpine,003,1148,57,53,0,53,0
2020-12-03,Amador,005,37829,1132,653,3,656,16
2020-12-03,Butte,007,227075,4880,4305,286,4591,65
2020-12-03,Calaveras,009,45235,636,572,0,572,21
2020-12-03,Colusa,011,21464,918,774,17,791,6
2020-12-03,Contra Costa,013,1133247,28050,25464,209,25673,265
2020-12-03,Del Norte,015,27424,465,388,0,388,2
2020-12-03,El Dorado,017,186661,3633,2740,63,2803,6
2020-12-03,Fresno,019,978130,47736,39680,1974,41654,516
2020-12-03,Glenn,021,27897,1146,997,75,1072,8
2020-12-03,Humboldt,023,135768,1139,923,4,927,9
2020-12-03,Imperial,025,180216,18035,16436,166,16602,359
2020-12-03,Inyo,027,18085,361,321,6,327,15
2020-12-03,Kern,029,883053,46438,42062,1994,44056,483
2020-12-03,Kings,031,150075,12933,11658,269,11927,87
2020-12-03,Lake,033,64148,1191,991,0,991,20
2020-12-03,Lassen,035,31185,2753,2128,9,2137,0
2020-12-03,Los Angeles,037,10098052,462921,415805,8142,423947,7787
2020-12-03,Madera,039,155013,7411,6398,209,6607,58
2020-12-03,Marin,041,260295,8191,7861,40,7901,136
2020-12-03,Mariposa,043,17540,166,132,2,134,2
2020-12-03,Mendocino,045,87422,1742,1547,10,1557,23
2020-12-03,Merced,047,269075,13514,12310,161,12471,177
2020-12-03,Modoc,049,8938,151,114,28,142,0
2020-12-03,Mono,051,14174,626,527,10,537,3
2020-12-03,Monterey,053,433212,18222,16218,356,16574,125
2020-12-03,Napa,055,140530,3925,3360,21,3381,19
2020-12-03,Nevada,057,99092,1874,1472,47,1519,10
2020-12-03,Orange,059,3164182,94345,82187,2955,85142,1591
2020-12-03,Placer,061,380077,9282,7270,213,7483,73
2020-12-03,Plumas,063,18699,285,223,0,223,0
2020-12-03,Riverside,065,2383286,110058,92489,2907,95396,1461
2020-12-03,Sacramento,067,1510023,44748,40280,187,40467,614
2020-12-03,San Benito,069,59416,2239,1967,15,1982,16
2020-12-03,San Bernardino,071,2135413,118992,100787,2408,103195,1283
2020-12-03,San Diego,073,3302833,97076,86144,3862,90006,1040
2020-12-03,San Francisco,075,870044,17471,16236,132,16368,161
2020-12-03,San Joaquin,077,732212,30852,27239,657,27896,522
2020-12-03,San Luis Obispo,079,281455,7315,6388,126,6514,42
2020-12-03,San Mateo,081,765935,16896,14909,19,14928,173
2020-12-03,Santa Barbara,083,443738,12689,11829,249,12078,141
2020-12-03,Santa Clara,085,1922200,43783,36621,119,36740,465
2020-12-03,Santa Cruz,087,273765,5678,4850,85,4935,28
2020-12-03,Shasta,089,179085,6356,5330,323,5653,48
2020-12-03,Sierra,091,2930,19,17,0,17,0
2020-12-03,Siskiyou,093,43540,770,629,53,682,2
2020-12-03,Solano,095,438530,12205,10857,97,10954,87
2020-12-03,Sonoma,097,501317,14033,12772,84,12856,164
2020-12-03,Stanislaus,099,539301,25127,22821,1743,24564,447
2020-12-03,Sutter,101,95872,4436,3727,14,3741,20
2020-12-03,Tehama,103,63373,2086,1832,97,1929,9
2020-12-03,Trinity,105,12862,322,166,39,205,0
2020-12-03,Tulare,107,460477,24352,21993,1954,23947,321
2020-12-03,Tuolumne,109,53932,1355,1105,7,1112,7
2020-12-03,Ventura,111,848112,24487,21555,773,22328,187
2020-12-03,Yolo,113,214977,5824,5069,20,5089,87
2020-12-03,Yuba,115,75493,2516,2182,18,2200,10
2020-12-02,Alameda,001,1643700,34478,30697,441,31138,463
2020-12-02,Alpine,003,1148,56,52,0,52,0
2020-12-02,Amador,005,37829,1060,585,3,588,16
2020-12-02,Butte,007,227075,4757,4243,276,4519,65
2020-12-02,Calaveras,009,45235,620,553,0,553,21
2020-12-02,Colusa,011,21464,902,756,16,772,6
2020-12-02,Contra Costa,013,1133247,27593,25147,197,25344,264
2020-12-02,Del Norte,015,27424,451,384,0,384,2
2020-12-02,El Dorado,017,186661,3531,2638,58,2696,5
2020-12-02,Fresno,019,978130,46980,39324,1875,41199,507
2020-12-02,Glenn,021,27897,1129,995,67,1062,7
2020-12-02,Humboldt,023,135768,1113,899,4,903,9
2020-12-02,Imperial,025,180216,17612,16360,159,16519,356
2020-12-02,Inyo,027,18085,354,314,6,320,15
2020-12-02,Kern,029,883053,45541,41660,1897,43557,479
2020-12-02,Kings,031,150075,12580,11531,255,11786,86
2020-12-02,Lake,033,64148,1160,971,0,971,20
2020-12-02,Lassen,035,31185,2694,2115,9,2124,0
2020-12-02,Los Angeles,037,10098052,452868,408289,7808,416097,7739
2020-12-02,Madera,039,155013,7287,6370,203,6573,57
2020-12-02,Marin,041,260295,8144,7819,38,7857,136
2020-12-02,Mariposa,043,17540,163,131,2,133,2
2020-12-02,Mendocino,045,87422,1709,1524,10,1534,23
2020-12-02,Merced,047,269075,13271,12168,153,12321,173
2020-12-02,Modoc,049,8938,148,113,28,141,0
2020-12-02,Mono,051,14174,617,520,10,530,3
2020-12-02,Monterey,053,433212,17742,16064,317,16381,121
2020-12-02,Napa,055,140530,3822,3298,20,3318,19
2020-12-02,Nevada,057,99092,1812,1430,46,1476,9
2020-12-02,Orange,059,3164182,92147,81046,2875,83921,1569
2020-12-02,Placer,061,380077,9048,6941,200,7141,73
2020-12-02,Plumas,063,18699,272,218,0,218,0
2020-12-02,Riverside,065,2383286,107339,90089,2727,92816,1451
2020-12-02,Sacramento,067,1510023,43708,39334,176,39510,597
2020-12-02,San Benito,069,59416,2174,1921,15,1936,16
2020-12-02,San Bernardino,071,2135413,115421,98567,2301,100868,1240
2020-12-02,San Diego,073,3302833,95160,84640,3747,88387,1035
2020-12-02,San Francisco,075,870044,17235,16058,130,16188,157
2020-12-02,San Joaquin,077,732212,30231,26740,633,27373,519
2020-12-02,San Luis Obispo,079,281455,7216,6324,124,6448,42
2020-12-02,San Mateo,081,765935,16533,14757,18,14775,170
2020-12-02,Santa Barbara,083,443738,12538,11705,237,11942,140
2020-12-02,Santa Clara,085,1922200,42667,35878,119,35997,458
2020-12-02,Santa Cruz,087,273765,5546,4766,82,4848,27
2020-12-02,Shasta,089,179085,6233,5188,306,5494,47
2020-12-02,Sierra,091,2930,19,17,0,17,0
2020-12-02,Siskiyou,093,43540,754,624,51,675,1
2020-12-02,Solano,095,438530,11959,10701,93,10794,87
2020-12-02,Sonoma,097,501317,13794,12635,83,12718,163
2020-12-02,Stanislaus,099,539301,24626,22615,1688,24303,448
2020-12-02,Sutter,101,95872,4277,3604,14,3618,18
2020-12-02,Tehama,103,63373,2041,1800,82,1882,9
2020-12-02,Trinity,105,12862,312,165,38,203,0
2020-12-02,Tulare,107,460477,23972,21789,1875,23664,321
2020-12-02,Tuolumne,109,53932,1314,1076,7,1083,7
2020-12-02,Ventura,111,848112,24076,21208,755,21963,186
2020-12-02,Yolo,113,214977,5713,5053,19,5072,87
2020-12-02,Yuba,115,75493,2439,2119,17,2136,10
2020-12-01,Alameda,001,1643700,33786,30252,429,30681,460
2020-12-01,Alpine,003,1148,56,41,0,41,0
2020-12-01,Amador,005,37829,913,575,2,577,16
2020-12-01,Butte,007,227075,4651,4177,262,4439,65
2020-12-01,Calaveras,009,45235,602,544,0,544,21
2020-12-01,Colusa,011,21464,885,747,16,763,6
2020-12-01,Contra Costa,013,1133247,27023,24788,189,24977,264
2020-12-01,Del Norte,015,27424,423,357,0,357,2
2020-12-01,El Dorado,017,186661,3386,2542,53,2595,4
2020-12-01,Fresno,019,978130,46078,39004,1797,40801,505
2020-12-01,Glenn,021,27897,1108,989,62,1051,7
2020-12-01,Humboldt,023,135768,1083,886,4,890,9
2020-12-01,Imperial,025,180216,17295,16278,156,16434,356
2020-12-01,Inyo,027,18085,347,304,6,310,15
2020-12-01,Kern,029,883053,44738,41345,1766,43111,478
2020-12-01,Kings,031,150075,12265,11415,241,11656,86
2020-12-01,Lake,033,64148,1141,969,0,969,19
2020-12-01,Lassen,035,31185,2528,2047,8,2055,0
2020-12-01,Los Angeles,037,10098052,442497,403266,7489,410755,7704
2020-12-01,Madera,039,155013,7170,6270,193,6463,57
2020-12-01,Marin,041,260295,8074,7787,37,7824,136
2020-12-01,Mariposa,043,17540,158,128,2,130,2
2020-12-01,Mendocino,045,87422,1675,1497,10,1507,23
2020-12-01,Merced,047,269075,13028,12032,144,12176,172
2020-12-01,Modoc,049,8938,143,113,24,137,0
2020-12-01,Mono,051,14174,604,520,10,530,3
2020-12-01,Monterey,053,433212,17235,15835,306,16141,121
2020-12-01,Napa,055,140530,3738,3124,19,3143,19
2020-12-01,Nevada,057,99092,1750,1411,45,1456,9
2020-12-01,Orange,059,3164182,90047,79468,2786,82254,1567
2020-12-01,Placer,061,380077,8724,6794,193,6987,72
2020-12-01,Plumas,063,18699,260,201,0,201,0
2020-12-01,Riverside,065,2383286,104530,88530,2565,91095,1448
2020-12-01,Sacramento,067,1510023,42659,38966,172,39138,589
2020-12-01,San Benito,069,59416,2119,1888,15,1903,15
2020-12-01,San Bernardino,071,2135413,111947,95854,2177,98031,1220
2020-12-01,San Diego,073,3302833,92903,83423,3637,87060,1019
2020-12-01,San Francisco,075,870044,16952,15797,126,15923,157
2020-12-01,San Joaquin,077,732212,29431,26432,611,27043,514
2020-12-01,San Luis Obispo,079,281455,7074,6264,119,6383,40
2020-12-01,San Mateo,081,765935,16208,14495,18,14513,170
2020-12-01,Santa Barbara,083,443738,12399,11611,227,11838,140
2020-12-01,Santa Clara,085,1922200,41412,35397,113,35510,452
2020-12-01,Santa Cruz,087,273765,5388,4638,74,4712,27
2020-12-01,Shasta,089,179085,6108,5077,286,5363,47
2020-12-01,Sierra,091,2930,19,17,0,17,0
2020-12-01,Siskiyou,093,43540,740,608,47,655,1
2020-12-01,Solano,095,438530,11699,10604,88,10692,87
2020-12-01,Sonoma,097,501317,13589,12491,80,12571,163
2020-12-01,Stanislaus,099,539301,24169,22351,1631,23982,447
2020-12-01,Sutter,101,95872,4135,3538,14,3552,17
2020-12-01,Tehama,103,63373,1975,1773,72,1845,9
2020-12-01,Trinity,105,12862,298,165,32,197,0
2020-12-01,Tulare,107,460477,23517,21645,1806,23451,319
2020-12-01,Tuolumne,109,53932,1278,1052,5,1057,7
2020-12-01,Ventura,111,848112,23463,20604,733,21337,186
2020-12-01,Yolo,113,214977,5573,4928,19,4947,86
2020-12-01,Yuba,115,75493,2373,2088,16,2104,10
2020-11-30,Alameda,001,1643700,32967,29972,412,30384,457
2020-11-30,Alpine,003,1148,54,41,0,41,0
2020-11-30,Amador,005,37829,872,559,2,561,16
2020-11-30,Butte,007,227075,4533,4148,246,4394,65
2020-11-30,Calaveras,009,45235,580,478,0,478,21
2020-11-30,Colusa,011,21464,858,737,12,749,6
2020-11-30,Contra Costa,013,1133247,26439,24365,185,24550,264
2020-11-30,Del Norte,015,27424,400,339,0,339,2
2020-11-30,El Dorado,017,186661,3212,2488,47,2535,4
2020-11-30,Fresno,019,978130,44967,38712,1683,40395,500
2020-11-30,Glenn,021,27897,1085,954,57,1011,5
2020-11-30,Humboldt,023,135768,1036,870,4,874,9
2020-11-30,Imperial,025,180216,17041,16212,135,16347,356
2020-11-30,Inyo,027,18085,342,304,5,309,15
2020-11-30,Kern,029,883053,43976,40941,1630,42571,473
2020-11-30,Kings,031,150075,12117,11346,226,11572,85
2020-11-30,Lake,033,64148,1109,939,0,939,18
2020-11-30,Lassen,035,31185,2436,1793,8,1801,0
2020-11-30,Los Angeles,037,10098052,431825,396202,7159,403361,7658
2020-11-30,Madera,039,155013,7004,6210,179,6389,57
2020-11-30,Marin,041,260295,8031,7764,36,7800,136
2020-11-30,Mariposa,043,17540,151,123,2,125,2
2020-11-30,Mendocino,045,87422,1647,1482,10,1492,23
2020-11-30,Merced,047,269075,12753,11913,133,12046,172
2020-11-30,Modoc,049,8938,133,113,24,137,0
2020-11-30,Mono,051,14174,582,519,10,529,3
2020-11-30,Monterey,053,433212,16805,15837,298,16135,119
2020-11-30,Napa,055,140530,3638,3091,19,3110,18
2020-11-30,Nevada,057,99092,1664,1347,42,1389,9
2020-11-30,Orange,059,3164182,87938,78711,2689,81400,1568
2020-11-30,Placer,061,380077,8428,6575,180,6755,72
2020-11-30,Plumas,063,18699,249,192,0,192,0
2020-11-30,Riverside,065,2383286,101537,87722,2418,90140,1446
2020-11-30,Sacramento,067,1510023,41579,37834,163,37997,586
2020-11-30,San Benito,069,59416,2071,1875,14,1889,15
2020-11-30,San Bernardino,071,2135413,108213,92704,2065,94769,1220
2020-11-30,San Diego,073,3302833,90540,82045,3510,85555,997
2020-11-30,San Francisco,075,870044,16652,15638,123,15761,157
2020-11-30,San Joaquin,077,732212,28724,25742,585,26327,509
2020-11-30,San Luis Obispo,079,281455,6940,6224,117,6341,36
2020-11-30,San Mateo,081,765935,15849,14276,18,14294,170
2020-11-30,Santa Barbara,083,443738,12221,11572,219,11791,140
2020-11-30,Santa Clara,085,1922200,40204,35019,112,35131,451
2020-11-30,Santa Cruz,087,273765,5250,4558,70,4628,26
2020-11-30,Shasta,089,179085,5963,4933,257,5190,44
2020-11-30,Sierra,091,2930,19,16,0,16,0
2020-11-30,Siskiyou,093,43540,731,605,43,648,1
2020-11-30,Solano,095,438530,11437,10392,83,10475,87
2020-11-30,Sonoma,097,501317,13344,12232,76,12308,163
2020-11-30,Stanislaus,099,539301,23706,22110,1587,23697,446
2020-11-30,Sutter,101,95872,3978,3430,13,3443,16
2020-11-30,Tehama,103,63373,1926,1724,65,1789,9
2020-11-30,Trinity,105,12862,292,162,32,194,0
2020-11-30,Tulare,107,460477,23131,20833,1712,22545,319
2020-11-30,Tuolumne,109,53932,1233,1027,5,1032,7
2020-11-30,Ventura,111,848112,22707,20308,717,21025,180
2020-11-30,Yolo,113,214977,5462,4894,19,4913,81
2020-11-30,Yuba,115,75493,2312,2028,14,2042,10
2020-11-29,Alameda,001,1643700,32180,29918,388,30306,457
2020-11-29,Alpine,003,1148,51,41,0,41,0
2020-11-29,Amador,005,37829,721,548,2,550,16
2020-11-29,Butte,007,227075,4431,4008,229,4237,65
2020-11-29,Calaveras,009,45235,549,478,0,478,21
2020-11-29,Colusa,011,21464,829,723,8,731,6
2020-11-29,Contra Costa,013,1133247,25936,24165,179,24344,264
2020-11-29,Del Norte,015,27424,394,339,0,339,2
2020-11-29,El Dorado,017,186661,3081,2447,46,2493,4
2020-11-29,Fresno,019,978130,44014,38568,1611,40179,500
2020-11-29,Glenn,021,27897,1062,951,55,1006,4
2020-11-29,Humboldt,023,135768,1007,856,4,860,9
2020-11-29,Imperial,025,180216,16811,16138,108,16246,356
2020-11-29,Inyo,027,18085,327,289,5,294,15
2020-11-29,Kern,029,883053,43213,40596,1482,42078,473
2020-11-29,Kings,031,150075,11966,11247,208,11455,85
2020-11-29,Lake,033,64148,1085,927,0,927,18
2020-11-29,Lassen,035,31185,2333,1793,8,1801,0
2020-11-29,Los Angeles,037,10098052,421416,391162,6861,398023,7642
2020-11-29,Madera,039,155013,6861,6184,173,6357,57
2020-11-29,Marin,041,260295,7965,7739,33,7772,135
2020-11-29,Mariposa,043,17540,147,123,2,125,2
2020-11-29,Mendocino,045,87422,1613,1473,10,1483,23
2020-11-29,Merced,047,269075,12514,11773,124,11897,172
2020-11-29,Modoc,049,8938,129,105,22,127,0
2020-11-29,Mono,051,14174,559,515,9,524,3
2020-11-29,Monterey,053,433212,16492,15621,291,15912,119
2020-11-29,Napa,055,140530,3533,3090,18,3108,18
2020-11-29,Nevada,057,99092,1584,1311,40,1351,9
2020-11-29,Orange,059,3164182,85919,78057,2642,80699,1567
2020-11-29,Placer,061,380077,8130,6535,168,6703,72
2020-11-29,Plumas,063,18699,244,191,0,191,0
2020-11-29,Riverside,065,2383286,99143,87383,2264,89647,1442
2020-11-29,Sacramento,067,1510023,40502,37415,154,37569,585
2020-11-29,San Benito,069,59416,2027,1860,14,1874,15
2020-11-29,San Bernardino,071,2135413,104865,92052,1949,94001,1223
2020-11-29,San Diego,073,3302833,88129,81086,3357,84443,997
2020-11-29,San Francisco,075,870044,16371,15571,116,15687,153
2020-11-29,San Joaquin,077,732212,27981,25740,579,26319,509
2020-11-29,San Luis Obispo,079,281455,6817,6145,117,6262,36
2020-11-29,San Mateo,081,765935,15517,14177,18,14195,169
2020-11-29,Santa Barbara,083,443738,12066,11520,215,11735,140
2020-11-29,Santa Clara,085,1922200,38998,34234,106,34340,451
2020-11-29,Santa Cruz,087,273765,5091,4490,68,4558,26
2020-11-29,Shasta,089,179085,5791,4935,229,5164,43
2020-11-29,Sierra,091,2930,19,16,0,16,0
2020-11-29,Siskiyou,093,43540,708,590,41,631,1
2020-11-29,Solano,095,438530,11205,10393,79,10472,87
2020-11-29,Sonoma,097,501317,13092,12052,72,12124,163
2020-11-29,Stanislaus,099,539301,23210,21701,1553,23254,446
2020-11-29,Sutter,101,95872,3863,3297,13,3310,16
2020-11-29,Tehama,103,63373,1875,1710,51,1761,9
2020-11-29,Trinity,105,12862,289,159,30,189,0
2020-11-29,Tulare,107,460477,22762,20793,1635,22428,319
2020-11-29,Tuolumne,109,53932,1196,988,5,993,7
2020-11-29,Ventura,111,848112,22023,19952,704,20656,179
2020-11-29,Yolo,113,214977,5324,4830,18,4848,80
2020-11-29,Yuba,115,75493,2256,1959,14,1973,10
2020-11-28,Alameda,001,1643700,31871,29368,383,29751,456
2020-11-28,Alpine,003,1148,51,41,0,41,0
2020-11-28,Amador,005,37829,644,536,2,538,16
2020-11-28,Butte,007,227075,4373,3894,225,4119,65
2020-11-28,Calaveras,009,45235,544,478,0,478,21
2020-11-28,Colusa,011,21464,820,711,6,717,6
2020-11-28,Contra Costa,013,1133247,25604,23798,175,23973,264
2020-11-28,Del Norte,015,27424,384,328,0,328,2
2020-11-28,El Dorado,017,186661,3013,2415,40,2455,4
2020-11-28,Fresno,019,978130,43667,38288,1572,39860,500
2020-11-28,Glenn,021,27897,1051,925,51,976,4
2020-11-28,Humboldt,023,135768,972,844,4,848,9
2020-11-28,Imperial,025,180216,16745,16019,106,16125,356
2020-11-28,Inyo,027,18085,319,289,5,294,15
2020-11-28,Kern,029,883053,42850,40255,1393,41648,473
2020-11-28,Kings,031,150075,11901,11070,201,11271,85
2020-11-28,Lake,033,64148,1070,920,0,920,18
2020-11-28,Lassen,035,31185,2266,1714,8,1722,0
2020-11-28,Los Angeles,037,10098052,416501,386194,6703,392897,7625
2020-11-28,Madera,039,155013,6759,6119,166,6285,57
2020-11-28,Marin,041,260295,7935,7696,29,7725,135
2020-11-28,Mariposa,043,17540,144,120,2,122,2
2020-11-28,Mendocino,045,87422,1582,1458,10,1468,22
2020-11-28,Merced,047,269075,12416,11688,118,11806,172
2020-11-28,Modoc,049,8938,126,103,22,125,0
2020-11-28,Mono,051,14174,553,505,9,514,3
2020-11-28,Monterey,053,433212,16326,15328,287,15615,118
2020-11-28,Napa,055,140530,3481,3033,18,3051,18
2020-11-28,Nevada,057,99092,1555,1272,38,1310,9
2020-11-28,Orange,059,3164182,84821,76882,2595,79477,1568
2020-11-28,Placer,061,380077,7969,6497,165,6662,70
2020-11-28,Plumas,063,18699,237,188,0,188,0
2020-11-28,Riverside,065,2383286,97733,86854,2161,89015,1440
2020-11-28,Sacramento,067,1510023,39924,36905,150,37055,580
2020-11-28,San Benito,069,59416,1981,1835,14,1849,15
2020-11-28,San Bernardino,071,2135413,103462,91183,1846,93029,1224
2020-11-28,San Diego,073,3302833,86875,80020,3273,83293,997
2020-11-28,San Francisco,075,870044,16195,15450,108,15558,153
2020-11-28,San Joaquin,077,732212,27780,25742,564,26306,509
2020-11-28,San Luis Obispo,079,281455,6747,6106,113,6219,36
2020-11-28,San Mateo,081,765935,15326,14040,18,14058,169
2020-11-28,Santa Barbara,083,443738,11964,11481,210,11691,140
2020-11-28,Santa Clara,085,1922200,38254,33701,104,33805,449
2020-11-28,Santa Cruz,087,273765,5014,4426,68,4494,26
2020-11-28,Shasta,089,179085,5714,4882,222,5104,43
2020-11-28,Sierra,091,2930,19,16,0,16,0
2020-11-28,Siskiyou,093,43540,698,558,38,596,1
2020-11-28,Solano,095,438530,11086,10252,77,10329,87
2020-11-28,Sonoma,097,501317,12988,12008,63,12071,162
2020-11-28,Stanislaus,099,539301,22971,21574,1518,23092,446
2020-11-28,Sutter,101,95872,3779,3244,13,3257,15
2020-11-28,Tehama,103,63373,1856,1678,46,1724,9
2020-11-28,Trinity,105,12862,286,157,28,185,0
2020-11-28,Tulare,107,460477,22565,20701,1593,22294,319
2020-11-28,Tuolumne,109,53932,1174,976,5,981,7
2020-11-28,Ventura,111,848112,21725,19510,694,20204,179
2020-11-28,Yolo,113,214977,5250,4739,16,4755,80
2020-11-28,Yuba,115,75493,2203,1912,14,1926,10
2020-11-27,Alameda,001,1643700,31432,29064,372,29436,450
2020-11-27,Alpine,003,1148,51,41,0,41,0
2020-11-27,Amador,005,37829,597,498,1,499,16
2020-11-27,Butte,007,227075,4332,3894,219,4113,65
2020-11-27,Calaveras,009,45235,535,478,0,478,21
2020-11-27,Colusa,011,21464,803,694,4,698,6
2020-11-27,Contra Costa,013,1133247,25345,23463,169,23632,264
2020-11-27,Del Norte,015,27424,378,307,0,307,2
2020-11-27,El Dorado,017,186661,2942,2238,37,2275,4
2020-11-27,Fresno,019,978130,43261,37994,1514,39508,500
2020-11-27,Glenn,021,27897,1038,891,46,937,4
2020-11-27,Humboldt,023,135768,953,795,3,798,9
2020-11-27,Imperial,025,180216,16677,15960,97,16057,356
2020-11-27,Inyo,027,18085,313,289,5,294,15
2020-11-27,Kern,029,883053,42426,39707,1323,41030,473
2020-11-27,Kings,031,150075,11815,10667,183,10850,85
2020-11-27,Lake,033,64148,1034,909,0,909,18
2020-11-27,Lassen,035,31185,2254,1714,8,1722,0
2020-11-27,Los Angeles,037,10098052,409992,382740,6549,389289,7606
2020-11-27,Madera,039,155013,6687,6050,160,6210,57
2020-11-27,Marin,041,260295,7892,7660,29,7689,135
2020-11-27,Mariposa,043,17540,142,118,2,120,2
2020-11-27,Mendocino,045,87422,1568,1387,9,1396,22
2020-11-27,Merced,047,269075,12310,11550,111,11661,172
2020-11-27,Modoc,049,8938,125,100,22,122,0
2020-11-27,Mono,051,14174,549,498,9,507,3
2020-11-27,Monterey,053,433212,16158,14753,287,15040,113
2020-11-27,Napa,055,140530,3441,2988,18,3006,18
2020-11-27,Nevada,057,99092,1525,1184,36,1220,9
2020-11-27,Orange,059,3164182,83532,75151,2556,77707,1568
2020-11-27,Placer,061,380077,7809,6283,155,6438,68
2020-11-27,Plumas,063,18699,234,188,0,188,0
2020-11-27,Riverside,065,2383286,96122,85769,2008,87777,1440
2020-11-27,Sacramento,067,1510023,39303,36579,146,36725,579
2020-11-27,San Benito,069,59416,1947,1805,13,1818,15
2020-11-27,San Bernardino,071,2135413,101947,90254,1764,92018,1224
2020-11-27,San Diego,073,3302833,85681,78161,3184,81345,996
2020-11-27,San Francisco,075,870044,16039,15377,106,15483,153
2020-11-27,San Joaquin,077,732212,27559,25741,544,26285,509
2020-11-27,San Luis Obispo,079,281455,6664,6039,110,6149,36
2020-11-27,San Mateo,081,765935,15124,13872,17,13889,169
2020-11-27,Santa Barbara,083,443738,11871,11340,207,11547,140
2020-11-27,Santa Clara,085,1922200,37578,32935,97,33032,449
2020-11-27,Santa Cruz,087,273765,4943,4358,66,4424,26
2020-11-27,Shasta,089,179085,5637,4710,209,4919,43
2020-11-27,Sierra,091,2930,18,16,0,16,0
2020-11-27,Siskiyou,093,43540,683,554,35,589,1
2020-11-27,Solano,095,438530,10967,10044,74,10118,87
2020-11-27,Sonoma,097,501317,12855,11924,61,11985,162
2020-11-27,Stanislaus,099,539301,22743,21185,1488,22673,446
2020-11-27,Sutter,101,95872,3711,3101,13,3114,15
2020-11-27,Tehama,103,63373,1828,1649,42,1691,9
2020-11-27,Trinity,105,12862,282,151,28,179,0
2020-11-27,Tulare,107,460477,22377,20634,1536,22170,319
2020-11-27,Tuolumne,109,53932,1142,881,5,886,7
2020-11-27,Ventura,111,848112,21401,19379,672,20051,179
2020-11-27,Yolo,113,214977,5200,4737,16,4753,79
2020-11-27,Yuba,115,75493,2174,1864,13,1877,10
2020-11-26,Alameda,001,1643700,31019,28797,354,29151,447
2020-11-26,Alpine,003,1148,51,41,0,41,0
2020-11-26,Amador,005,37829,589,488,1,489,16
2020-11-26,Butte,007,227075,4269,3894,213,4107,65
2020-11-26,Calaveras,009,45235,507,478,0,478,21
2020-11-26,Colusa,011,21464,789,694,4,698,6
2020-11-26,Contra Costa,013,1133247,25011,23468,163,23631,264
2020-11-26,Del Norte,015,27424,367,307,0,307,2
2020-11-26,El Dorado,017,186661,2861,2217,35,2252,4
2020-11-26,Fresno,019,978130,42855,37724,1469,39193,500
2020-11-26,Glenn,021,27897,1022,892,44,936,4
2020-11-26,Humboldt,023,135768,930,795,2,797,9
2020-11-26,Imperial,025,180216,16566,15722,93,15815,355
2020-11-26,Inyo,027,18085,312,289,5,294,15
2020-11-26,Kern,029,883053,41976,39123,1261,40384,471
2020-11-26,Kings,031,150075,11760,10475,171,10646,85
2020-11-26,Lake,033,64148,1021,890,0,890,18
2020-11-26,Lassen,035,31185,2239,1714,8,1722,0
2020-11-26,Los Angeles,037,10098052,404835,378340,6314,384654,7581
2020-11-26,Madera,039,155013,6612,6003,154,6157,57
2020-11-26,Marin,041,260295,7855,7610,29,7639,135
2020-11-26,Mariposa,043,17540,137,116,2,118,2
2020-11-26,Mendocino,045,87422,1554,1387,7,1394,22
2020-11-26,Merced,047,269075,12163,11440,109,11549,172
2020-11-26,Modoc,049,8938,123,100,22,122,0
2020-11-26,Mono,051,14174,541,485,9,494,2
2020-11-26,Monterey,053,433212,15922,14750,279,15029,113
2020-11-26,Napa,055,140530,3377,2988,18,3006,18
2020-11-26,Nevada,057,99092,1480,1184,36,1220,9
2020-11-26,Orange,059,3164182,82144,74264,2494,76758,1563
2020-11-26,Placer,061,380077,7647,6278,146,6424,68
2020-11-26,Plumas,063,18699,226,188,0,188,0
2020-11-26,Riverside,065,2383286,94518,85774,1884,87658,1440
2020-11-26,Sacramento,067,1510023,38661,35854,138,35992,580
2020-11-26,San Benito,069,59416,1920,1769,13,1782,15
2020-11-26,San Bernardino,071,2135413,100292,89727,1672,91399,1223
2020-11-26,San Diego,073,3302833,84071,76359,3080,79439,996
2020-11-26,San Francisco,075,870044,15903,15156,103,15259,153
2020-11-26,San Joaquin,077,732212,27302,25738,532,26270,509
2020-11-26,San Luis Obispo,079,281455,6571,5964,107,6071,36
2020-11-26,San Mateo,081,765935,14935,13715,16,13731,169
2020-11-26,Santa Barbara,083,443738,11790,11277,206,11483,139
2020-11-26,Santa Clara,085,1922200,36935,32411,89,32500,446
2020-11-26,Santa Cruz,087,273765,4812,4269,60,4329,26
2020-11-26,Shasta,089,179085,5554,4712,198,4910,43
2020-11-26,Sierra,091,2930,18,15,0,15,0
2020-11-26,Siskiyou,093,43540,673,526,34,560,1
2020-11-26,Solano,095,438530,10824,9941,72,10013,87
2020-11-26,Sonoma,097,501317,12707,11922,59,11981,162
2020-11-26,Stanislaus,099,539301,22511,21186,1447,22633,445
2020-11-26,Sutter,101,95872,3617,3101,12,3113,15
2020-11-26,Tehama,103,63373,1785,1612,39,1651,9
2020-11-26,Trinity,105,12862,278,139,28,167,0
2020-11-26,Tulare,107,460477,22138,20649,1472,22121,319
2020-11-26,Tuolumne,109,53932,1114,871,5,876,7
2020-11-26,Ventura,111,848112,20905,19058,658,19716,179
2020-11-26,Yolo,113,214977,5113,4566,16,4582,76
2020-11-26,Yuba,115,75493,2114,1865,11,1876,10
2020-11-25,Alameda,001,1643700,30804,28378,346,28724,447
2020-11-25,Alpine,003,1148,51,41,0,41,0
2020-11-25,Amador,005,37829,579,484,1,485,16
2020-11-25,Butte,007,227075,4238,3848,210,4058,64
2020-11-25,Calaveras,009,45235,504,475,0,475,21
2020-11-25,Colusa,011,21464,772,693,4,697,6
2020-11-25,Contra Costa,013,1133247,24856,23307,162,23469,263
2020-11-25,Del Norte,015,27424,366,304,0,304,2
2020-11-25,El Dorado,017,186661,2825,2154,35,2189,4
2020-11-25,Fresno,019,978130,42622,37349,1447,38796,494
2020-11-25,Glenn,021,27897,1005,891,42,933,4
2020-11-25,Humboldt,023,135768,922,777,2,779,9
2020-11-25,Imperial,025,180216,16495,15640,92,15732,355
2020-11-25,Inyo,027,18085,310,289,5,294,15
2020-11-25,Kern,029,883053,41820,38878,1242,40120,467
2020-11-25,Kings,031,150075,11725,10417,167,10584,85
2020-11-25,Lake,033,64148,1004,878,0,878,18
2020-11-25,Lassen,035,31185,2196,1701,8,1709,0
2020-11-25,Los Angeles,037,10098052,401805,373919,6211,380130,7545
2020-11-25,Madera,039,155013,6590,5989,151,6140,57
2020-11-25,Marin,041,260295,7828,7601,28,7629,135
2020-11-25,Mariposa,043,17540,136,114,2,116,2
2020-11-25,Mendocino,045,87422,1535,1373,7,1380,22
2020-11-25,Merced,047,269075,12105,11346,109,11455,172
2020-11-25,Modoc,049,8938,123,96,22,118,0
2020-11-25,Mono,051,14174,536,487,9,496,2
2020-11-25,Monterey,053,433212,15806,14695,277,14972,113
2020-11-25,Napa,055,140530,3344,2945,18,2963,17
2020-11-25,Nevada,057,99092,1462,1170,34,1204,9
2020-11-25,Orange,059,3164182,81390,73014,2474,75488,1551
2020-11-25,Placer,061,380077,7570,6221,145,6366,68
2020-11-25,Plumas,063,18699,221,183,0,183,0
2020-11-25,Riverside,065,2383286,93974,85077,1866,86943,1438
2020-11-25,Sacramento,067,1510023,38325,35687,135,35822,574
2020-11-25,San Benito,069,59416,1897,1764,13,1777,15
2020-11-25,San Bernardino,071,2135413,99452,88469,1643,90112,1225
2020-11-25,San Diego,073,3302833,83414,75307,3044,78351,988
2020-11-25,San Francisco,075,870044,15798,15053,101,15154,153
2020-11-25,San Joaquin,077,732212,27175,25556,520,26076,515
2020-11-25,San Luis Obispo,079,281455,6528,5913,106,6019,34
2020-11-25,San Mateo,081,765935,14820,13614,16,13630,170
2020-11-25,Santa Barbara,083,443738,11740,11183,206,11389,138
2020-11-25,Santa Clara,085,1922200,36489,32032,88,32120,442
2020-11-25,Santa Cruz,087,273765,4759,4202,59,4261,25
2020-11-25,Shasta,089,179085,5508,4588,191,4779,43
2020-11-25,Sierra,091,2930,18,15,0,15,0
2020-11-25,Siskiyou,093,43540,666,499,34,533,1
2020-11-25,Solano,095,438530,10719,9832,71,9903,87
2020-11-25,Sonoma,097,501317,12644,11775,58,11833,162
2020-11-25,Stanislaus,099,539301,22380,21022,1420,22442,445
2020-11-25,Sutter,101,95872,3573,3064,12,3076,14
2020-11-25,Tehama,103,63373,1773,1587,33,1620,9
2020-11-25,Trinity,105,12862,276,135,28,163,0
2020-11-25,Tulare,107,460477,22048,20528,1441,21969,318
2020-11-25,Tuolumne,109,53932,1097,842,5,847,7
2020-11-25,Ventura,111,848112,20810,18914,652,19566,179
2020-11-25,Yolo,113,214977,5077,4527,16,4543,76
2020-11-25,Yuba,115,75493,2088,1840,11,1851,10
2020-11-24,Alameda,001,1643700,30325,28030,335,28365,444
2020-11-24,Alpine,003,1148,51,41,0,41,0
2020-11-24,Amador,005,37829,554,470,1,471,16
2020-11-24,Butte,007,227075,4153,3798,202,4000,63
2020-11-24,Calaveras,009,45235,497,466,0,466,21
2020-11-24,Colusa,011,21464,754,682,4,686,6
2020-11-24,Contra Costa,013,1133247,24504,23072,156,23228,259
2020-11-24,Del Norte,015,27424,357,298,0,298,2
2020-11-24,El Dorado,017,186661,2720,2005,34,2039,4
2020-11-24,Fresno,019,978130,42220,37021,1371,38392,493
2020-11-24,Glenn,021,27897,987,883,38,921,4
2020-11-24,Humboldt,023,135768,903,774,2,776,9
2020-11-24,Imperial,025,180216,16392,15600,87,15687,355
2020-11-24,Inyo,027,18085,309,282,5,287,15
2020-11-24,Kern,029,883053,41346,38551,1164,39715,465
2020-11-24,Kings,031,150075,11458,10338,154,10492,85
2020-11-24,Lake,033,64148,988,872,0,872,18
2020-11-24,Lassen,035,31185,2173,1657,8,1665,0
2020-11-24,Los Angeles,037,10098052,395494,370008,5976,375984,7501
2020-11-24,Madera,039,155013,6506,5881,145,6026,57
2020-11-24,Marin,041,260295,7781,7591,28,7619,135
2020-11-24,Mariposa,043,17540,126,114,1,115,2
2020-11-24,Mendocino,045,87422,1513,1346,6,1352,22
2020-11-24,Merced,047,269075,11917,11268,103,11371,171
2020-11-24,Modoc,049,8938,119,91,22,113,0
2020-11-24,Mono,051,14174,532,483,9,492,2
2020-11-24,Monterey,053,433212,15544,14354,265,14619,113
2020-11-24,Napa,055,140530,3278,2904,18,2922,17
2020-11-24,Nevada,057,99092,1398,1156,32,1188,9
2020-11-24,Orange,059,3164182,79948,71975,2393,74368,1547
2020-11-24,Placer,061,380077,7389,6147,138,6285,67
2020-11-24,Plumas,063,18699,218,180,0,180,0
2020-11-24,Riverside,065,2383286,92215,83685,1737,85422,1420
2020-11-24,Sacramento,067,1510023,37644,35097,128,35225,568
2020-11-24,San Benito,069,59416,1866,1740,12,1752,15
2020-11-24,San Bernardino,071,2135413,97110,86645,1541,88186,1226
2020-11-24,San Diego,073,3302833,82004,74363,2973,77336,984
2020-11-24,San Francisco,075,870044,15603,14874,97,14971,153
2020-11-24,San Joaquin,077,732212,26859,25318,492,25810,517
2020-11-24,San Luis Obispo,079,281455,6465,5805,105,5910,34
2020-11-24,San Mateo,081,765935,14611,13558,15,13573,170
2020-11-24,Santa Barbara,083,443738,11634,11154,204,11358,138
2020-11-24,Santa Clara,085,1922200,35700,31564,84,31648,438
2020-11-24,Santa Cruz,087,273765,4645,4132,58,4190,25
2020-11-24,Shasta,089,179085,5408,4410,172,4582,43
2020-11-24,Sierra,091,2930,18,15,0,15,0
2020-11-24,Siskiyou,093,43540,648,473,31,504,1
2020-11-24,Solano,095,438530,10548,9716,70,9786,86
2020-11-24,Sonoma,097,501317,12464,11644,55,11699,162
2020-11-24,Stanislaus,099,539301,22138,20830,1377,22207,438
2020-11-24,Sutter,101,95872,3467,2974,12,2986,14
2020-11-24,Tehama,103,63373,1724,1565,28,1593,9
2020-11-24,Trinity,105,12862,269,129,27,156,0
2020-11-24,Tulare,107,460477,21799,20319,1377,21696,315
2020-11-24,Tuolumne,109,53932,1068,832,5,837,7
2020-11-24,Ventura,111,848112,20428,18637,642,19279,179
2020-11-24,Yolo,113,214977,4993,4420,16,4436,76
2020-11-24,Yuba,115,75493,2037,1804,9,1813,10
2020-11-23,Alameda,001,1643700,29910,27718,323,28041,444
2020-11-23,Alpine,003,1148,49,41,0,41,0
2020-11-23,Amador,005,37829,513,457,1,458,16
2020-11-23,Butte,007,227075,4089,3765,196,3961,61
2020-11-23,Calaveras,009,45235,480,434,0,434,21
2020-11-23,Colusa,011,21464,740,662,4,666,6
2020-11-23,Contra Costa,013,1133247,24232,22674,151,22825,260
2020-11-23,Del Norte,015,27424,335,296,0,296,2
2020-11-23,El Dorado,017,186661,2600,2005,33,2038,4
2020-11-23,Fresno,019,978130,41771,36688,1309,37997,488
2020-11-23,Glenn,021,27897,961,853,38,891,4
2020-11-23,Humboldt,023,135768,890,746,2,748,9
2020-11-23,Imperial,025,180216,16223,15104,82,15186,355
2020-11-23,Inyo,027,18085,301,279,5,284,15
2020-11-23,Kern,029,883053,40833,38245,1101,39346,463
2020-11-23,Kings,031,150075,11038,10204,147,10351,85
2020-11-23,Lake,033,64148,965,840,0,840,18
2020-11-23,Lassen,035,31185,2093,1271,7,1278,0
2020-11-23,Los Angeles,037,10098052,389393,366374,5728,372102,7447
2020-11-23,Madera,039,155013,6380,5787,141,5928,56
2020-11-23,Marin,041,260295,7739,7543,28,7571,135
2020-11-23,Mariposa,043,17540,125,97,1,98,2
2020-11-23,Mendocino,045,87422,1483,1330,6,1336,22
2020-11-23,Merced,047,269075,11729,11148,100,11248,169
2020-11-23,Modoc,049,8938,105,91,21,112,0
2020-11-23,Mono,051,14174,519,480,9,489,2
2020-11-23,Monterey,053,433212,15265,14265,259,14524,112
2020-11-23,Napa,055,140530,3212,2811,17,2828,17
2020-11-23,Nevada,057,99092,1309,1087,32,1119,9
2020-11-23,Orange,059,3164182,78544,71074,2347,73421,1546
2020-11-23,Placer,061,380077,7187,5999,137,6136,66
2020-11-23,Plumas,063,18699,214,172,0,172,0
2020-11-23,Riverside,065,2383286,90436,82175,1672,83847,1415
2020-11-23,Sacramento,067,1510023,37074,34141,121,34262,556
2020-11-23,San Benito,069,59416,1838,1729,11,1740,15
2020-11-23,San Bernardino,071,2135413,95002,84387,1477,85864,1224
2020-11-23,San Diego,073,3302833,80542,72817,2885,75702,968
2020-11-23,San Francisco,075,870044,15445,14646,95,14741,153
2020-11-23,San Joaquin,077,732212,26510,24622,488,25110,517
2020-11-23,San Luis Obispo,079,281455,6383,5772,103,5875,34
2020-11-23,San Mateo,081,765935,14421,13364,15,13379,170
2020-11-23,Santa Barbara,083,443738,11527,10944,200,11144,137
2020-11-23,Santa Clara,085,1922200,35049,31064,81,31145,435
2020-11-23,Santa Cruz,087,273765,4535,4003,54,4057,25
2020-11-23,Shasta,089,179085,5290,4100,160,4260,43
2020-11-23,Sierra,091,2930,17,15,0,15,0
2020-11-23,Siskiyou,093,43540,621,460,30,490,0
2020-11-23,Solano,095,438530,10391,9394,67,9461,86
2020-11-23,Sonoma,097,501317,12291,11507,51,11558,160
2020-11-23,Stanislaus,099,539301,21845,20487,1344,21831,436
2020-11-23,Sutter,101,95872,3330,2840,11,2851,14
2020-11-23,Tehama,103,63373,1674,1526,24,1550,9
2020-11-23,Trinity,105,12862,260,120,25,145,0
2020-11-23,Tulare,107,460477,21505,19818,1311,21129,315
2020-11-23,Tuolumne,109,53932,1028,774,5,779,7
2020-11-23,Ventura,111,848112,20053,18480,629,19109,179
2020-11-23,Yolo,113,214977,4912,4265,15,4280,75
2020-11-23,Yuba,115,75493,1970,1702,9,1711,10
2020-11-22,Alameda,001,1643700,29473,27472,312,27784,444
2020-11-22,Alpine,003,1148,46,41,0,41,0
2020-11-22,Amador,005,37829,501,450,1,451,16
2020-11-22,Butte,007,227075,4038,3712,189,3901,61
2020-11-22,Calaveras,009,45235,471,434,0,434,21
2020-11-22,Colusa,011,21464,722,642,3,645,6
2020-11-22,Contra Costa,013,1133247,23928,22407,146,22553,260
2020-11-22,Del Norte,015,27424,311,271,0,271,2
2020-11-22,El Dorado,017,186661,2490,1917,30,1947,4
2020-11-22,Fresno,019,978130,41289,36315,1254,37569,488
2020-11-22,Glenn,021,27897,939,832,34,866,4
2020-11-22,Humboldt,023,135768,874,729,2,731,9
2020-11-22,Imperial,025,180216,16017,15109,37,15146,355
2020-11-22,Inyo,027,18085,295,279,5,284,15
2020-11-22,Kern,029,883053,40254,37904,1067,38971,463
2020-11-22,Kings,031,150075,10939,10035,138,10173,85
2020-11-22,Lake,033,64148,943,834,0,834,18
2020-11-22,Lassen,035,31185,1928,1211,6,1217,0
2020-11-22,Los Angeles,037,10098052,383112,360341,5479,365820,7438
2020-11-22,Madera,039,155013,6300,5745,130,5875,56
2020-11-22,Marin,041,260295,7704,7506,27,7533,135
2020-11-22,Mariposa,043,17540,124,95,1,96,2
2020-11-22,Mendocino,045,87422,1459,1285,5,1290,22
2020-11-22,Merced,047,269075,11580,10939,100,11039,169
2020-11-22,Modoc,049,8938,104,87,19,106,0
2020-11-22,Mono,051,14174,504,481,9,490,2
2020-11-22,Monterey,053,433212,15023,13887,253,14140,111
2020-11-22,Napa,055,140530,3131,2778,17,2795,17
2020-11-22,Nevada,057,99092,1251,1052,32,1084,9
2020-11-22,Orange,059,3164182,77132,69913,2308,72221,1546
2020-11-22,Placer,061,380077,6960,5880,127,6007,66
2020-11-22,Plumas,063,18699,201,172,0,172,0
2020-11-22,Riverside,065,2383286,88841,81565,1611,83176,1409
2020-11-22,Sacramento,067,1510023,36342,33421,108,33529,555
2020-11-22,San Benito,069,59416,1809,1704,11,1715,15
2020-11-22,San Bernardino,071,2135413,92656,83505,1407,84912,1224
2020-11-22,San Diego,073,3302833,78805,71649,2810,74459,968
2020-11-22,San Francisco,075,870044,15274,14515,94,14609,153
2020-11-22,San Joaquin,077,732212,26210,24619,476,25095,517
2020-11-22,San Luis Obispo,079,281455,6275,5664,102,5766,34
2020-11-22,San Mateo,081,765935,14215,13228,15,13243,170
2020-11-22,Santa Barbara,083,443738,11392,10946,195,11141,137
2020-11-22,Santa Clara,085,1922200,34371,30633,79,30712,434
2020-11-22,Santa Cruz,087,273765,4452,3896,47,3943,25
2020-11-22,Shasta,089,179085,5134,4100,142,4242,43
2020-11-22,Sierra,091,2930,17,13,0,13,0
2020-11-22,Siskiyou,093,43540,590,411,30,441,0
2020-11-22,Solano,095,438530,10219,9363,63,9426,86
2020-11-22,Sonoma,097,501317,12133,11415,49,11464,159
2020-11-22,Stanislaus,099,539301,21518,20223,1314,21537,436
2020-11-22,Sutter,101,95872,3213,2677,11,2688,13
2020-11-22,Tehama,103,63373,1640,1457,19,1476,9
2020-11-22,Trinity,105,12862,254,114,25,139,0
2020-11-22,Tulare,107,460477,21252,19818,1241,21059,314
2020-11-22,Tuolumne,109,53932,1002,689,5,694,7
2020-11-22,Ventura,111,848112,19692,18105,615,18720,179
2020-11-22,Yolo,113,214977,4812,4206,15,4221,75
2020-11-22,Yuba,115,75493,1917,1672,9,1681,10
2020-11-21,Alameda,001,1643700,29286,27424,310,27734,444
2020-11-21,Alpine,003,1148,46,41,0,41,0
2020-11-21,Amador,005,37829,487,450,1,451,16
2020-11-21,Butte,007,227075,3990,3664,186,3850,61
2020-11-21,Calaveras,009,45235,463,434,0,434,21
2020-11-21,Colusa,011,21464,713,642,3,645,6
2020-11-21,Contra Costa,013,1133247,23775,22338,144,22482,260
2020-11-21,Del Norte,015,27424,306,271,0,271,2
2020-11-21,El Dorado,017,186661,2441,1900,29,1929,4
2020-11-21,Fresno,019,978130,41033,35973,1220,37193,482
2020-11-21,Glenn,021,27897,934,829,32,861,4
2020-11-21,Humboldt,023,135768,864,728,2,730,9
2020-11-21,Imperial,025,180216,15940,15053,37,15090,355
2020-11-21,Inyo,027,18085,293,283,5,288,15
2020-11-21,Kern,029,883053,39998,37403,1032,38435,463
2020-11-21,Kings,031,150075,10891,10019,134,10153,85
2020-11-21,Lake,033,64148,930,832,0,832,18
2020-11-21,Lassen,035,31185,1861,1211,6,1217,0
2020-11-21,Los Angeles,037,10098052,379932,357754,5335,363089,7428
2020-11-21,Madera,039,155013,6263,5706,130,5836,56
2020-11-21,Marin,041,260295,7681,7488,26,7514,134
2020-11-21,Mariposa,043,17540,124,92,1,93,2
2020-11-21,Mendocino,045,87422,1428,1282,5,1287,22
2020-11-21,Merced,047,269075,11519,10849,99,10948,169
2020-11-21,Modoc,049,8938,100,87,18,105,0
2020-11-21,Mono,051,14174,499,469,9,478,2
2020-11-21,Monterey,053,433212,14925,13886,248,14134,110
2020-11-21,Napa,055,140530,3097,2757,17,2774,17
2020-11-21,Nevada,057,99092,1239,1018,31,1049,9
2020-11-21,Orange,059,3164182,76331,69021,2278,71299,1543
2020-11-21,Placer,061,380077,6846,5778,124,5902,65
2020-11-21,Plumas,063,18699,196,172,0,172,0
2020-11-21,Riverside,065,2383286,88064,80676,1565,82241,1407
2020-11-21,Sacramento,067,1510023,35946,33133,100,33233,548
2020-11-21,San Benito,069,59416,1790,1691,11,1702,15
2020-11-21,San Bernardino,071,2135413,91780,83206,1331,84537,1222
2020-11-21,San Diego,073,3302833,78026,70711,2755,73466,966
2020-11-21,San Francisco,075,870044,15171,14445,93,14538,153
2020-11-21,San Joaquin,077,732212,26077,24620,461,25081,517
2020-11-21,San Luis Obispo,079,281455,6222,5618,99,5717,34
2020-11-21,San Mateo,081,765935,14114,13138,15,13153,170
2020-11-21,Santa Barbara,083,443738,11340,10922,192,11114,137
2020-11-21,Santa Clara,085,1922200,33987,30377,76,30453,433
2020-11-21,Santa Cruz,087,273765,4395,3898,47,3945,25
2020-11-21,Shasta,089,179085,5060,4095,139,4234,42
2020-11-21,Sierra,091,2930,17,13,0,13,0
2020-11-21,Siskiyou,093,43540,574,403,30,433,0
2020-11-21,Solano,095,438530,10129,9290,60,9350,86
2020-11-21,Sonoma,097,501317,12058,11394,47,11441,158
2020-11-21,Stanislaus,099,539301,21375,20111,1289,21400,435
2020-11-21,Sutter,101,95872,3153,2615,10,2625,13
2020-11-21,Tehama,103,63373,1620,1435,18,1453,9
2020-11-21,Trinity,105,12862,251,110,24,134,0
2020-11-21,Tulare,107,460477,21126,19752,1207,20959,313
2020-11-21,Tuolumne,109,53932,983,690,5,695,7
2020-11-21,Ventura,111,848112,19528,18040,605,18645,177
2020-11-21,Yolo,113,214977,4738,4147,14,4161,75
2020-11-21,Yuba,115,75493,1885,1643,9,1652,10
2020-11-20,Alameda,001,1643700,29072,27221,303,27524,444
2020-11-20,Alpine,003,1148,46,20,0,20,0
2020-11-20,Amador,005,37829,483,446,1,447,16
2020-11-20,Butte,007,227075,3958,3618,182,3800,60
2020-11-20,Calaveras,009,45235,453,424,0,424,21
2020-11-20,Colusa,011,21464,705,631,2,633,6
2020-11-20,Contra Costa,013,1133247,23589,22116,140,22256,260
2020-11-20,Del Norte,015,27424,302,264,0,264,2
2020-11-20,El Dorado,017,186661,2345,1868,27,1895,4
2020-11-20,Fresno,019,978130,40739,35635,1190,36825,480
2020-11-20,Glenn,021,27897,922,826,30,856,4
2020-11-20,Humboldt,023,135768,855,714,1,715,9
2020-11-20,Imperial,025,180216,15878,14864,33,14897,353
2020-11-20,Inyo,027,18085,291,262,5,267,15
2020-11-20,Kern,029,883053,39705,37143,1007,38150,462
2020-11-20,Kings,031,150075,10843,9903,133,10036,85
2020-11-20,Lake,033,64148,921,820,0,820,18
2020-11-20,Lassen,035,31185,1776,1212,5,1217,0
2020-11-20,Los Angeles,037,10098052,376044,353554,5173,358727,7398
2020-11-20,Madera,039,155013,6169,5635,129,5764,54
2020-11-20,Marin,041,260295,7657,7467,25,7492,134
2020-11-20,Mariposa,043,17540,116,89,1,90,2
2020-11-20,Mendocino,045,87422,1408,1269,5,1274,22
2020-11-20,Merced,047,269075,11433,10729,99,10828,167
2020-11-20,Modoc,049,8938,100,83,18,101,0
2020-11-20,Mono,051,14174,497,469,9,478,2
2020-11-20,Monterey,053,433212,14800,13738,239,13977,110
2020-11-20,Napa,055,140530,3067,2718,17,2735,17
2020-11-20,Nevada,057,99092,1221,990,30,1020,9
2020-11-20,Orange,059,3164182,75495,68212,2240,70452,1532
2020-11-20,Placer,061,380077,6711,5687,109,5796,66
2020-11-20,Plumas,063,18699,194,163,0,163,0
2020-11-20,Riverside,065,2383286,87053,79613,1502,81115,1405
2020-11-20,Sacramento,067,1510023,35570,32832,93,32925,549
2020-11-20,San Benito,069,59416,1778,1668,11,1679,15
2020-11-20,San Bernardino,071,2135413,90413,81203,1249,82452,1220
2020-11-20,San Diego,073,3302833,77028,69233,2673,71906,960
2020-11-20,San Francisco,075,870044,15067,14327,92,14419,153
2020-11-20,San Joaquin,077,732212,25923,24460,448,24908,515
2020-11-20,San Luis Obispo,079,281455,6166,5524,96,5620,34
2020-11-20,San Mateo,081,765935,13981,12980,14,12994,169
2020-11-20,Santa Barbara,083,443738,11284,10825,186,11011,136
2020-11-20,Santa Clara,085,1922200,33565,30002,71,30073,431
2020-11-20,Santa Cruz,087,273765,4329,3815,47,3862,25
2020-11-20,Shasta,089,179085,4987,3861,134,3995,42
2020-11-20,Sierra,091,2930,17,12,0,12,0
2020-11-20,Siskiyou,093,43540,560,387,29,416,0
2020-11-20,Solano,095,438530,10037,9216,58,9274,85
2020-11-20,Sonoma,097,501317,11974,11316,46,11362,158
2020-11-20,Stanislaus,099,539301,21220,19889,1263,21152,433
2020-11-20,Sutter,101,95872,3103,2580,10,2590,13
2020-11-20,Tehama,103,63373,1604,1410,15,1425,9
2020-11-20,Trinity,105,12862,250,102,24,126,0
2020-11-20,Tulare,107,460477,20993,19568,1168,20736,311
2020-11-20,Tuolumne,109,53932,944,662,5,667,7
2020-11-20,Ventura,111,848112,19360,17741,577,18318,175
2020-11-20,Yolo,113,214977,4660,4081,13,4094,74
2020-11-20,Yuba,115,75493,1857,1611,9,1620,10
2020-11-19,Alameda,001,1643700,28727,26971,295,27266,441
2020-11-19,Alpine,003,1148,43,20,0,20,0
2020-11-19,Amador,005,37829,479,436,1,437,16
2020-11-19,Butte,007,227075,3909,3576,175,3751,60
2020-11-19,Calaveras,009,45235,443,417,0,417,21
2020-11-19,Colusa,011,21464,687,621,2,623,6
2020-11-19,Contra Costa,013,1133247,23317,21886,137,22023,259
2020-11-19,Del Norte,015,27424,294,251,0,251,2
2020-11-19,El Dorado,017,186661,2271,1825,23,1848,4
2020-11-19,Fresno,019,978130,40290,35278,1133,36411,478
2020-11-19,Glenn,021,27897,900,806,29,835,4
2020-11-19,Humboldt,023,135768,835,693,1,694,9
2020-11-19,Imperial,025,180216,15668,14507,33,14540,349
2020-11-19,Inyo,027,18085,289,262,5,267,15
2020-11-19,Kern,029,883053,39285,36779,965,37744,459
2020-11-19,Kings,031,150075,10695,9763,125,9888,85
2020-11-19,Lake,033,64148,907,809,0,809,18
2020-11-19,Lassen,035,31185,1659,1201,3,1204,0
2020-11-19,Los Angeles,037,10098052,371019,349493,5004,354497,7365
2020-11-19,Madera,039,155013,6098,5540,121,5661,54
2020-11-19,Marin,041,260295,7626,7451,25,7476,134
2020-11-19,Mariposa,043,17540,109,88,0,88,2
2020-11-19,Mendocino,045,87422,1387,1237,5,1242,23
2020-11-19,Merced,047,269075,11292,10634,93,10727,167
2020-11-19,Modoc,049,8938,97,82,18,100,0
2020-11-19,Mono,051,14174,489,468,9,477,2
2020-11-19,Monterey,053,433212,14585,13369,227,13596,108
2020-11-19,Napa,055,140530,3013,2641,17,2658,17
2020-11-19,Nevada,057,99092,1180,945,29,974,9
2020-11-19,Orange,059,3164182,74233,66998,2195,69193,1530
2020-11-19,Placer,061,380077,6520,5612,108,5720,65
2020-11-19,Plumas,063,18699,189,158,0,158,0
2020-11-19,Riverside,065,2383286,85568,78535,1431,79966,1402
2020-11-19,Sacramento,067,1510023,35056,32367,91,32458,546
2020-11-19,San Benito,069,59416,1755,1643,11,1654,15
2020-11-19,San Bernardino,071,2135413,88517,79244,1169,80413,1215
2020-11-19,San Diego,073,3302833,75778,68142,2569,70711,952
2020-11-19,San Francisco,075,870044,14910,14178,86,14264,153
2020-11-19,San Joaquin,077,732212,25603,24270,437,24707,516
2020-11-19,San Luis Obispo,079,281455,6089,5410,92,5502,34
2020-11-19,San Mateo,081,765935,13843,12714,14,12728,169
2020-11-19,Santa Barbara,083,443738,11204,10741,183,10924,136
2020-11-19,Santa Clara,085,1922200,33007,29630,70,29700,424
2020-11-19,Santa Cruz,087,273765,4239,3679,45,3724,25
2020-11-19,Shasta,089,179085,4849,3685,124,3809,42
2020-11-19,Sierra,091,2930,17,11,0,11,0
2020-11-19,Siskiyou,093,43540,535,360,28,388,0
2020-11-19,Solano,095,438530,9900,9093,54,9147,84
2020-11-19,Sonoma,097,501317,11804,11205,44,11249,156
2020-11-19,Stanislaus,099,539301,20979,19736,1221,20957,433
2020-11-19,Sutter,101,95872,3004,2509,10,2519,13
2020-11-19,Tehama,103,63373,1570,1373,12,1385,9
2020-11-19,Trinity,105,12862,244,97,24,121,0
2020-11-19,Tulare,107,460477,20771,19384,1103,20487,304
2020-11-19,Tuolumne,109,53932,912,602,5,607,7
2020-11-19,Ventura,111,848112,19007,17300,564,17864,174
2020-11-19,Yolo,113,214977,4566,3973,13,3986,72
2020-11-19,Yuba,115,75493,1817,1568,9,1577,10
2020-11-18,Alameda,001,1643700,28464,26610,290,26900,440
2020-11-18,Alpine,003,1148,42,16,0,16,0
2020-11-18,Amador,005,37829,474,430,1,431,16
2020-11-18,Butte,007,227075,3856,3537,162,3699,59
2020-11-18,Calaveras,009,45235,438,409,0,409,21
2020-11-18,Colusa,011,21464,674,611,2,613,6
2020-11-18,Contra Costa,013,1133247,23050,21685,133,21818,258
2020-11-18,Del Norte,015,27424,281,240,0,240,2
2020-11-18,El Dorado,017,186661,2183,1799,22,1821,4
2020-11-18,Fresno,019,978130,39850,34997,1082,36079,474
2020-11-18,Glenn,021,27897,883,803,27,830,4
2020-11-18,Humboldt,023,135768,821,690,1,691,9
2020-11-18,Imperial,025,180216,15445,14428,33,14461,348
2020-11-18,Inyo,027,18085,287,262,5,267,15
2020-11-18,Kern,029,883053,38896,36537,915,37452,456
2020-11-18,Kings,031,150075,10547,9696,122,9818,85
2020-11-18,Lake,033,64148,894,802,0,802,18
2020-11-18,Lassen,035,31185,1559,1124,3,1127,0
2020-11-18,Los Angeles,037,10098052,366149,344675,4821,349496,7338
2020-11-18,Madera,039,155013,6011,5519,109,5628,54
2020-11-18,Marin,041,260295,7602,7435,25,7460,134
2020-11-18,Mariposa,043,17540,106,88,0,88,2
2020-11-18,Mendocino,045,87422,1367,1237,5,1242,23
2020-11-18,Merced,047,269075,11176,10536,92,10628,166
2020-11-18,Modoc,049,8938,94,77,18,95,0
2020-11-18,Mono,051,14174,484,468,9,477,2
2020-11-18,Monterey,053,433212,14390,13340,213,13553,108
2020-11-18,Napa,055,140530,2967,2607,17,2624,17
2020-11-18,Nevada,057,99092,1140,933,27,960,9
2020-11-18,Orange,059,3164182,73136,66381,2170,68551,1521
2020-11-18,Placer,061,380077,6342,5543,103,5646,64
2020-11-18,Plumas,063,18699,184,143,0,143,0
2020-11-18,Riverside,065,2383286,84103,77739,1328,79067,1387
2020-11-18,Sacramento,067,1510023,34431,31816,83,31899,541
2020-11-18,San Benito,069,59416,1730,1632,10,1642,15
2020-11-18,San Bernardino,071,2135413,86755,77400,1089,78489,1206
2020-11-18,San Diego,073,3302833,74484,67243,2509,69752,945
2020-11-18,San Francisco,075,870044,14766,14057,84,14141,153
2020-11-18,San Joaquin,077,732212,25339,24146,423,24569,517
2020-11-18,San Luis Obispo,079,281455,6013,5322,91,5413,34
2020-11-18,San Mateo,081,765935,13690,12631,13,12644,169
2020-11-18,Santa Barbara,083,443738,11125,10684,176,10860,136
2020-11-18,Santa Clara,085,1922200,32541,29285,65,29350,421
2020-11-18,Santa Cruz,087,273765,4148,3618,43,3661,25
2020-11-18,Shasta,089,179085,4715,3547,120,3667,42
2020-11-18,Sierra,091,2930,17,11,0,11,0
2020-11-18,Siskiyou,093,43540,503,351,27,378,0
2020-11-18,Solano,095,438530,9768,8994,52,9046,84
2020-11-18,Sonoma,097,501317,11697,11129,41,11170,155
2020-11-18,Stanislaus,099,539301,20737,19609,1196,20805,431
2020-11-18,Sutter,101,95872,2886,2442,10,2452,13
2020-11-18,Tehama,103,63373,1531,1338,12,1350,8
2020-11-18,Trinity,105,12862,230,95,23,118,0
2020-11-18,Tulare,107,460477,20561,19286,1052,20338,306
2020-11-18,Tuolumne,109,53932,877,590,5,595,7
2020-11-18,Ventura,111,848112,18682,17169,549,17718,173
2020-11-18,Yolo,113,214977,4492,3929,13,3942,71
2020-11-18,Yuba,115,75493,1763,1540,9,1549,10
2020-11-17,Alameda,001,1643700,28138,26425,280,26705,439
2020-11-17,Alpine,003,1148,40,12,0,12,0
2020-11-17,Amador,005,37829,463,423,1,424,16
2020-11-17,Butte,007,227075,3814,3500,152,3652,59
2020-11-17,Calaveras,009,45235,421,405,0,405,21
2020-11-17,Colusa,011,21464,663,606,1,607,6
2020-11-17,Contra Costa,013,1133247,22778,21557,128,21685,256
2020-11-17,Del Norte,015,27424,275,233,0,233,2
2020-11-17,El Dorado,017,186661,2124,1758,22,1780,4
2020-11-17,Fresno,019,978130,39252,34765,1023,35788,472
2020-11-17,Glenn,021,27897,872,795,26,821,4
2020-11-17,Humboldt,023,135768,799,685,1,686,9
2020-11-17,Imperial,025,180216,15208,14204,31,14235,346
2020-11-17,Inyo,027,18085,286,263,5,268,15
2020-11-17,Kern,029,883053,38447,36164,862,37026,455
2020-11-17,Kings,031,150075,10474,9653,115,9768,85
2020-11-17,Lake,033,64148,874,792,0,792,18
2020-11-17,Lassen,035,31185,1480,1124,3,1127,0
2020-11-17,Los Angeles,037,10098052,361204,340933,4660,345593,7302
2020-11-17,Madera,039,155013,5922,5485,102,5587,54
2020-11-17,Marin,041,260295,7570,7404,24,7428,134
2020-11-17,Mariposa,043,17540,103,87,0,87,2
2020-11-17,Mendocino,045,87422,1346,1216,5,1221,23
2020-11-17,Merced,047,269075,11032,10457,86,10543,162
2020-11-17,Modoc,049,8938,88,71,17,88,0
2020-11-17,Mono,051,14174,479,459,9,468,2
2020-11-17,Monterey,053,433212,14160,13220,203,13423,108
2020-11-17,Napa,055,140530,2913,2568,17,2585,17
2020-11-17,Nevada,057,99092,1099,918,26,944,9
2020-11-17,Orange,059,3164182,71986,65757,2143,67900,1519
2020-11-17,Placer,061,380077,6180,5435,97,5532,63
2020-11-17,Plumas,063,18699,176,142,0,142,0
2020-11-17,Riverside,065,2383286,82717,77079,1237,78316,1379
2020-11-17,Sacramento,067,1510023,33832,31341,79,31420,538
2020-11-17,San Benito,069,59416,1714,1611,4,1615,15
2020-11-17,San Bernardino,071,2135413,84942,76134,999,77133,1188
2020-11-17,San Diego,073,3302833,73231,66321,2453,68774,933
2020-11-17,San Francisco,075,870044,14600,13952,83,14035,153
2020-11-17,San Joaquin,077,732212,25067,23997,403,24400,516
2020-11-17,San Luis Obispo,079,281455,5917,5235,91,5326,34
2020-11-17,San Mateo,081,765935,13528,12491,12,12503,169
2020-11-17,Santa Barbara,083,443738,11040,10597,171,10768,136
2020-11-17,Santa Clara,085,1922200,31994,29013,64,29077,419
2020-11-17,Santa Cruz,087,273765,4063,3548,40,3588,25
2020-11-17,Shasta,089,179085,4557,3457,108,3565,40
2020-11-17,Sierra,091,2930,15,11,0,11,0
2020-11-17,Siskiyou,093,43540,455,333,26,359,0
2020-11-17,Solano,095,438530,9623,8905,51,8956,84
2020-11-17,Sonoma,097,501317,11563,11084,40,11124,155
2020-11-17,Stanislaus,099,539301,20513,19466,1168,20634,425
2020-11-17,Sutter,101,95872,2803,2370,9,2379,12
2020-11-17,Tehama,103,63373,1481,1290,12,1302,7
2020-11-17,Trinity,105,12862,213,83,23,106,0
2020-11-17,Tulare,107,460477,20330,19176,990,20166,305
2020-11-17,Tuolumne,109,53932,839,568,5,573,7
2020-11-17,Ventura,111,848112,18410,16797,531,17328,173
2020-11-17,Yolo,113,214977,4315,3887,12,3899,70
2020-11-17,Yuba,115,75493,1715,1519,9,1528,10
2020-11-16,Alameda,001,1643700,27791,26063,275,26338,436
2020-11-16,Alpine,003,1148,37,12,0,12,0
2020-11-16,Amador,005,37829,455,414,1,415,16
2020-11-16,Butte,007,227075,3775,3490,144,3634,58
2020-11-16,Calaveras,009,45235,413,402,0,402,21
2020-11-16,Colusa,011,21464,654,601,1,602,6
2020-11-16,Contra Costa,013,1133247,22510,21386,123,21509,256
2020-11-16,Del Norte,015,27424,268,225,0,225,2
2020-11-16,El Dorado,017,186661,2064,1694,20,1714,4
2020-11-16,Fresno,019,978130,38762,34593,969,35562,471
2020-11-16,Glenn,021,27897,860,786,25,811,4
2020-11-16,Humboldt,023,135768,783,660,1,661,9
2020-11-16,Imperial,025,180216,14960,14111,31,14142,346
2020-11-16,Inyo,027,18085,283,263,5,268,15
2020-11-16,Kern,029,883053,38053,36049,819,36868,455
2020-11-16,Kings,031,150075,10207,9569,111,9680,85
2020-11-16,Lake,033,64148,862,784,0,784,18
2020-11-16,Lassen,035,31185,1299,1124,3,1127,0
2020-11-16,Los Angeles,037,10098052,356452,338778,4488,343266,7277
2020-11-16,Madera,039,155013,5835,5433,96,5529,54
2020-11-16,Marin,041,260295,7541,7359,24,7383,134
2020-11-16,Mariposa,043,17540,100,86,0,86,2
2020-11-16,Mendocino,045,87422,1321,1209,5,1214,23
2020-11-16,Merced,047,269075,10894,10399,83,10482,162
2020-11-16,Modoc,049,8938,86,71,17,88,0
2020-11-16,Mono,051,14174,477,453,9,462,2
2020-11-16,Monterey,053,433212,13914,13089,193,13282,107
2020-11-16,Napa,055,140530,2837,2536,17,2553,17
2020-11-16,Nevada,057,99092,1056,889,24,913,9
2020-11-16,Orange,059,3164182,70887,65396,2129,67525,1519
2020-11-16,Placer,061,380077,6061,5387,88,5475,63
2020-11-16,Plumas,063,18699,169,127,0,127,0
2020-11-16,Riverside,065,2383286,81343,76449,1172,77621,1379
2020-11-16,Sacramento,067,1510023,33194,30954,72,31026,534
2020-11-16,San Benito,069,59416,1696,1603,3,1606,15
2020-11-16,San Bernardino,071,2135413,83115,74401,930,75331,1186
2020-11-16,San Diego,073,3302833,71920,65603,2381,67984,926
2020-11-16,San Francisco,075,870044,14441,13847,80,13927,153
2020-11-16,San Joaquin,077,732212,24778,23515,393,23908,513
2020-11-16,San Luis Obispo,079,281455,5814,5161,86,5247,34
2020-11-16,San Mateo,081,765935,13368,12398,12,12410,169
2020-11-16,Santa Barbara,083,443738,10975,10565,167,10732,135
2020-11-16,Santa Clara,085,1922200,31428,28673,63,28736,419
2020-11-16,Santa Cruz,087,273765,3990,3520,40,3560,25
2020-11-16,Shasta,089,179085,4409,3284,103,3387,37
2020-11-16,Sierra,091,2930,15,11,0,11,0
2020-11-16,Siskiyou,093,43540,428,294,26,320,0
2020-11-16,Solano,095,438530,9424,8827,51,8878,84
2020-11-16,Sonoma,097,501317,11472,10961,39,11000,155
2020-11-16,Stanislaus,099,539301,20277,19333,1141,20474,425
2020-11-16,Sutter,101,95872,2697,2322,9,2331,12
2020-11-16,Tehama,103,63373,1435,1261,8,1269,7
2020-11-16,Trinity,105,12862,201,67,23,90,0
2020-11-16,Tulare,107,460477,20151,18891,936,19827,305
2020-11-16,Tuolumne,109,53932,803,543,5,548,7
2020-11-16,Ventura,111,848112,18072,16691,523,17214,172
2020-11-16,Yolo,113,214977,4220,3858,12,3870,70
2020-11-16,Yuba,115,75493,1679,1500,8,1508,10
2020-11-15,Alameda,001,1643700,27473,25879,269,26148,436
2020-11-15,Alpine,003,1148,35,12,0,12,0
2020-11-15,Amador,005,37829,443,409,1,410,16
2020-11-15,Butte,007,227075,3721,3452,135,3587,58
2020-11-15,Calaveras,009,45235,399,386,0,386,21
2020-11-15,Colusa,011,21464,645,601,1,602,6
2020-11-15,Contra Costa,013,1133247,22211,21179,122,21301,256
2020-11-15,Del Norte,015,27424,253,224,0,224,2
2020-11-15,El Dorado,017,186661,2002,1683,18,1701,4
2020-11-15,Fresno,019,978130,38248,34297,931,35228,471
2020-11-15,Glenn,021,27897,848,783,24,807,4
2020-11-15,Humboldt,023,135768,754,653,1,654,9
2020-11-15,Imperial,025,180216,14723,13940,31,13971,346
2020-11-15,Inyo,027,18085,273,263,5,268,15
2020-11-15,Kern,029,883053,37647,35911,784,36695,455
2020-11-15,Kings,031,150075,10014,9533,107,9640,85
2020-11-15,Lake,033,64148,853,777,0,777,17
2020-11-15,Lassen,035,31185,1252,1124,3,1127,0
2020-11-15,Los Angeles,037,10098052,351408,336035,4316,340351,7271
2020-11-15,Madera,039,155013,5738,5391,90,5481,54
2020-11-15,Marin,041,260295,7515,7347,24,7371,133
2020-11-15,Mariposa,043,17540,97,86,0,86,2
2020-11-15,Mendocino,045,87422,1302,1197,5,1202,22
2020-11-15,Merced,047,269075,10761,10350,83,10433,162
2020-11-15,Modoc,049,8938,85,68,17,85,0
2020-11-15,Mono,051,14174,475,453,9,462,2
2020-11-15,Monterey,053,433212,13718,12999,180,13179,107
2020-11-15,Napa,055,140530,2778,2509,15,2524,17
2020-11-15,Nevada,057,99092,1001,859,24,883,9
2020-11-15,Orange,059,3164182,69844,65008,2113,67121,1519
2020-11-15,Placer,061,380077,5906,5330,80,5410,63
2020-11-15,Plumas,063,18699,163,127,0,127,0
2020-11-15,Riverside,065,2383286,80020,75531,1113,76644,1374
2020-11-15,Sacramento,067,1510023,32568,30601,67,30668,534
2020-11-15,San Benito,069,59416,1671,1589,2,1591,15
2020-11-15,San Bernardino,071,2135413,80965,73769,855,74624,1185
2020-11-15,San Diego,073,3302833,70419,64770,2324,67094,926
2020-11-15,San Francisco,075,870044,14266,13757,79,13836,153
2020-11-15,San Joaquin,077,732212,24568,23516,377,23893,513
2020-11-15,San Luis Obispo,079,281455,5693,5120,84,5204,34
2020-11-15,San Mateo,081,765935,13191,12348,12,12360,169
2020-11-15,Santa Barbara,083,443738,10880,10516,165,10681,135
2020-11-15,Santa Clara,085,1922200,30973,28289,62,28351,418
2020-11-15,Santa Cruz,087,273765,3851,3439,39,3478,25
2020-11-15,Shasta,089,179085,4236,3290,94,3384,37
2020-11-15,Sierra,091,2930,15,11,0,11,0
2020-11-15,Siskiyou,093,43540,409,294,26,320,0
2020-11-15,Solano,095,438530,9263,8713,48,8761,84
2020-11-15,Sonoma,097,501317,11353,10833,38,10871,154
2020-11-15,Stanislaus,099,539301,20005,19228,1116,20344,425
2020-11-15,Sutter,101,95872,2607,2230,9,2239,12
2020-11-15,Tehama,103,63373,1384,1222,7,1229,7
2020-11-15,Trinity,105,12862,191,67,21,88,0
2020-11-15,Tulare,107,460477,19934,18891,883,19774,305
2020-11-15,Tuolumne,109,53932,761,486,5,491,7
2020-11-15,Ventura,111,848112,17798,16564,515,17079,172
2020-11-15,Yolo,113,214977,4117,3819,11,3830,67
2020-11-15,Yuba,115,75493,1638,1470,7,1477,10
2020-11-14,Alameda,001,1643700,27206,25714,267,25981,435
2020-11-14,Alpine,003,1148,35,12,0,12,0
2020-11-14,Amador,005,37829,434,404,0,404,16
2020-11-14,Butte,007,227075,3685,3434,121,3555,58
2020-11-14,Calaveras,009,45235,398,386,0,386,21
2020-11-14,Colusa,011,21464,633,601,1,602,6
2020-11-14,Contra Costa,013,1133247,22072,20975,115,21090,256
2020-11-14,Del Norte,015,27424,247,219,0,219,2
2020-11-14,El Dorado,017,186661,1958,1648,18,1666,4
2020-11-14,Fresno,019,978130,37998,33969,894,34863,471
2020-11-14,Glenn,021,27897,839,772,21,793,3
2020-11-14,Humboldt,023,135768,739,643,1,644,9
2020-11-14,Imperial,025,180216,14630,13932,30,13962,346
2020-11-14,Inyo,027,18085,272,263,5,268,15
2020-11-14,Kern,029,883053,37438,35626,765,36391,454
2020-11-14,Kings,031,150075,9979,9490,104,9594,85
2020-11-14,Lake,033,64148,844,773,0,773,17
2020-11-14,Lassen,035,31185,1238,833,3,836,0
2020-11-14,Los Angeles,037,10098052,348700,333021,4207,337228,7269
2020-11-14,Madera,039,155013,5708,5371,88,5459,54
2020-11-14,Marin,041,260295,7499,7325,24,7349,133
2020-11-14,Mariposa,043,17540,96,86,0,86,2
2020-11-14,Mendocino,045,87422,1286,1181,5,1186,22
2020-11-14,Merced,047,269075,10705,10286,81,10367,161
2020-11-14,Modoc,049,8938,84,64,16,80,0
2020-11-14,Mono,051,14174,475,453,9,462,2
2020-11-14,Monterey,053,433212,13622,12854,170,13024,105
2020-11-14,Napa,055,140530,2744,2473,15,2488,17
2020-11-14,Nevada,057,99092,985,835,24,859,9
2020-11-14,Orange,059,3164182,69223,64340,2102,66442,1517
2020-11-14,Placer,061,380077,5830,5215,74,5289,63
2020-11-14,Plumas,063,18699,158,128,0,128,0
2020-11-14,Riverside,065,2383286,79280,74910,1074,75984,1373
2020-11-14,Sacramento,067,1510023,32242,30298,67,30365,532
2020-11-14,San Benito,069,59416,1656,1573,2,1575,15
2020-11-14,San Bernardino,071,2135413,80031,72868,823,73691,1184
2020-11-14,San Diego,073,3302833,69654,63715,2272,65987,926
2020-11-14,San Francisco,075,870044,14178,13661,78,13739,153
2020-11-14,San Joaquin,077,732212,24477,23516,369,23885,511
2020-11-14,San Luis Obispo,079,281455,5630,5073,79,5152,34
2020-11-14,San Mateo,081,765935,13083,12293,12,12305,169
2020-11-14,Santa Barbara,083,443738,10826,10482,163,10645,135
2020-11-14,Santa Clara,085,1922200,30688,27962,60,28022,416
2020-11-14,Santa Cruz,087,273765,3796,3402,39,3441,25
2020-11-14,Shasta,089,179085,4155,3195,92,3287,37
2020-11-14,Sierra,091,2930,15,11,0,11,0
2020-11-14,Siskiyou,093,43540,396,292,26,318,0
2020-11-14,Solano,095,438530,9183,8655,47,8702,84
2020-11-14,Sonoma,097,501317,11300,10769,38,10807,154
2020-11-14,Stanislaus,099,539301,19862,19068,1094,20162,424
2020-11-14,Sutter,101,95872,2562,2182,9,2191,12
2020-11-14,Tehama,103,63373,1363,1206,6,1212,7
2020-11-14,Trinity,105,12862,186,67,21,88,0
2020-11-14,Tulare,107,460477,19839,18853,855,19708,305
2020-11-14,Tuolumne,109,53932,733,448,5,453,7
2020-11-14,Ventura,111,848112,17652,16297,504,16801,172
2020-11-14,Yolo,113,214977,4074,3765,9,3774,65
2020-11-14,Yuba,115,75493,1609,1453,7,1460,10
2020-11-13,Alameda,001,1643700,26990,25515,262,25777,434
2020-11-13,Alpine,003,1148,35,12,0,12,0
2020-11-13,Amador,005,37829,431,397,0,397,16
2020-11-13,Butte,007,227075,3661,3402,112,3514,58
2020-11-13,Calaveras,009,45235,394,378,0,378,21
2020-11-13,Colusa,011,21464,625,598,1,599,6
2020-11-13,Contra Costa,013,1133247,21899,20799,115,20914,256
2020-11-13,Del Norte,015,27424,244,208,0,208,2
2020-11-13,El Dorado,017,186661,1913,1611,17,1628,4
2020-11-13,Fresno,019,978130,37752,33693,880,34573,470
2020-11-13,Glenn,021,27897,825,755,17,772,3
2020-11-13,Humboldt,023,135768,724,638,1,639,9
2020-11-13,Imperial,025,180216,14560,13790,29,13819,341
2020-11-13,Inyo,027,18085,271,262,5,267,15
2020-11-13,Kern,029,883053,37236,35431,748,36179,453
2020-11-13,Kings,031,150075,9920,9428,103,9531,85
2020-11-13,Lake,033,64148,838,770,0,770,17
2020-11-13,Lassen,035,31185,1229,832,3,835,0
2020-11-13,Los Angeles,037,10098052,345573,329364,4100,333464,7248
2020-11-13,Madera,039,155013,5668,5340,87,5427,54
2020-11-13,Marin,041,260295,7486,7307,23,7330,133
2020-11-13,Mariposa,043,17540,94,86,0,86,2
2020-11-13,Mendocino,045,87422,1274,1173,5,1178,22
2020-11-13,Merced,047,269075,10649,10185,78,10263,159
2020-11-13,Modoc,049,8938,84,63,14,77,0
2020-11-13,Mono,051,14174,475,448,8,456,2
2020-11-13,Monterey,053,433212,13426,12681,158,12839,104
2020-11-13,Napa,055,140530,2705,2440,15,2455,17
2020-11-13,Nevada,057,99092,966,798,24,822,9
2020-11-13,Orange,059,3164182,68625,63804,2082,65886,1514
2020-11-13,Placer,061,380077,5725,5122,68,5190,63
2020-11-13,Plumas,063,18699,152,125,0,125,0
2020-11-13,Riverside,065,2383286,78542,74138,1045,75183,1372
2020-11-13,Sacramento,067,1510023,31924,29787,62,29849,524
2020-11-13,San Benito,069,59416,1644,1553,1,1554,15
2020-11-13,San Bernardino,071,2135413,78982,71895,802,72697,1184
2020-11-13,San Diego,073,3302833,68807,62978,2234,65212,921
2020-11-13,San Francisco,075,870044,14085,13516,76,13592,146
2020-11-13,San Joaquin,077,732212,24382,23314,363,23677,510
2020-11-13,San Luis Obispo,079,281455,5563,4960,76,5036,34
2020-11-13,San Mateo,081,765935,12989,12182,12,12194,169
2020-11-13,Santa Barbara,083,443738,10774,10405,161,10566,134
2020-11-13,Santa Clara,085,1922200,30361,27609,58,27667,415
2020-11-13,Santa Cruz,087,273765,3722,3343,39,3382,25
2020-11-13,Shasta,089,179085,4071,2983,88,3071,37
2020-11-13,Sierra,091,2930,15,11,0,11,0
2020-11-13,Siskiyou,093,43540,391,280,25,305,0
2020-11-13,Solano,095,438530,9092,8525,47,8572,84
2020-11-13,Sonoma,097,501317,11239,10685,36,10721,151
2020-11-13,Stanislaus,099,539301,19737,18936,1066,20002,422
2020-11-13,Sutter,101,95872,2516,2121,8,2129,12
2020-11-13,Tehama,103,63373,1336,1167,6,1173,7
2020-11-13,Trinity,105,12862,184,64,21,85,0
2020-11-13,Tulare,107,460477,19715,18714,814,19528,305
2020-11-13,Tuolumne,109,53932,700,427,5,432,7
2020-11-13,Ventura,111,848112,17506,16172,490,16662,171
2020-11-13,Yolo,113,214977,4023,3716,9,3725,65
2020-11-13,Yuba,115,75493,1582,1435,7,1442,10
2020-11-12,Alameda,001,1643700,26723,25345,262,25607,432
2020-11-12,Alpine,003,1148,34,12,0,12,0
2020-11-12,Amador,005,37829,430,392,0,392,16
2020-11-12,Butte,007,227075,3612,3347,109,3456,58
2020-11-12,Calaveras,009,45235,389,373,0,373,21
2020-11-12,Colusa,011,21464,620,591,1,592,6
2020-11-12,Contra Costa,013,1133247,21692,20619,113,20732,255
2020-11-12,Del Norte,015,27424,237,203,0,203,2
2020-11-12,El Dorado,017,186661,1867,1573,13,1586,4
2020-11-12,Fresno,019,978130,37403,33459,838,34297,468
2020-11-12,Glenn,021,27897,806,727,17,744,3
2020-11-12,Humboldt,023,135768,711,625,1,626,9
2020-11-12,Imperial,025,180216,14395,13619,29,13648,341
2020-11-12,Inyo,027,18085,270,255,5,260,15
2020-11-12,Kern,029,883053,36972,35207,733,35940,451
2020-11-12,Kings,031,150075,9853,9335,102,9437,85
2020-11-12,Lake,033,64148,829,764,0,764,17
2020-11-12,Lassen,035,31185,1160,832,2,834,0
2020-11-12,Los Angeles,037,10098052,341832,327001,3999,331000,7223
2020-11-12,Madera,039,155013,5633,5273,82,5355,54
2020-11-12,Marin,041,260295,7457,7268,23,7291,133
2020-11-12,Mariposa,043,17540,92,84,0,84,2
2020-11-12,Mendocino,045,87422,1255,1142,5,1147,22
2020-11-12,Merced,047,269075,10535,10107,75,10182,158
2020-11-12,Modoc,049,8938,84,63,14,77,0
2020-11-12,Mono,051,14174,474,442,8,450,2
2020-11-12,Monterey,053,433212,13305,12489,144,12633,100
2020-11-12,Napa,055,140530,2643,2398,15,2413,16
2020-11-12,Nevada,057,99092,943,780,23,803,9
2020-11-12,Orange,059,3164182,67880,63232,2063,65295,1514
2020-11-12,Placer,061,380077,5615,5044,59,5103,62
2020-11-12,Plumas,063,18699,148,121,0,121,0
2020-11-12,Riverside,065,2383286,77611,73381,1002,74383,1362
2020-11-12,Sacramento,067,1510023,31433,29459,54,29513,520
2020-11-12,San Benito,069,59416,1624,1525,1,1526,15
2020-11-12,San Bernardino,071,2135413,77616,70758,763,71521,1183
2020-11-12,San Diego,073,3302833,67827,62336,2183,64519,918
2020-11-12,San Francisco,075,870044,13986,13289,75,13364,146
2020-11-12,San Joaquin,077,732212,24189,23002,342,23344,509
2020-11-12,San Luis Obispo,079,281455,5499,4898,75,4973,33
2020-11-12,San Mateo,081,765935,12864,12086,11,12097,169
2020-11-12,Santa Barbara,083,443738,10712,10325,156,10481,134
2020-11-12,Santa Clara,085,1922200,29985,27261,57,27318,414
2020-11-12,Santa Cruz,087,273765,3639,3317,37,3354,25
2020-11-12,Shasta,089,179085,3934,2825,77,2902,37
2020-11-12,Sierra,091,2930,15,11,0,11,0
2020-11-12,Siskiyou,093,43540,374,275,20,295,0
2020-11-12,Solano,095,438530,8992,8417,46,8463,85
2020-11-12,Sonoma,097,501317,11137,10602,35,10637,151
2020-11-12,Stanislaus,099,539301,19568,18787,1037,19824,422
2020-11-12,Sutter,101,95872,2433,2075,7,2082,12
2020-11-12,Tehama,103,63373,1309,1117,6,1123,7
2020-11-12,Trinity,105,12862,176,62,20,82,0
2020-11-12,Tulare,107,460477,19603,18545,776,19321,305
2020-11-12,Tuolumne,109,53932,661,353,5,358,7
2020-11-12,Ventura,111,848112,17256,16013,484,16497,158
2020-11-12,Yolo,113,214977,3979,3646,9,3655,63
2020-11-12,Yuba,115,75493,1547,1410,7,1417,10
2020-11-11,Alameda,001,1643700,26480,25140,260,25400,429
2020-11-11,Alpine,003,1148,29,12,0,12,0
2020-11-11,Amador,005,37829,423,389,0,389,16
2020-11-11,Butte,007,227075,3586,3348,96,3444,58
2020-11-11,Calaveras,009,45235,379,373,0,373,21
2020-11-11,Colusa,011,21464,614,591,1,592,6
2020-11-11,Contra Costa,013,1133247,21474,20452,111,20563,255
2020-11-11,Del Norte,015,27424,230,203,0,203,2
2020-11-11,El Dorado,017,186661,1821,1564,12,1576,4
2020-11-11,Fresno,019,978130,37084,33287,803,34090,468
2020-11-11,Glenn,021,27897,790,722,16,738,3
2020-11-11,Humboldt,023,135768,697,623,1,624,9
2020-11-11,Imperial,025,180216,14225,13623,27,13650,340
2020-11-11,Inyo,027,18085,268,255,5,260,15
2020-11-11,Kern,029,883053,36697,35014,716,35730,449
2020-11-11,Kings,031,150075,9747,9263,99,9362,85
2020-11-11,Lake,033,64148,819,763,0,763,17
2020-11-11,Lassen,035,31185,1135,831,2,833,0
2020-11-11,Los Angeles,037,10098052,338467,324567,3916,328483,7220
2020-11-11,Madera,039,155013,5598,5248,80,5328,54
2020-11-11,Marin,041,260295,7434,7268,23,7291,133
2020-11-11,Mariposa,043,17540,92,84,0,84,2
2020-11-11,Mendocino,045,87422,1243,1142,5,1147,22
2020-11-11,Merced,047,269075,10464,10074,73,10147,157
2020-11-11,Modoc,049,8938,80,62,13,75,0
2020-11-11,Mono,051,14174,472,443,8,451,2
2020-11-11,Monterey,053,433212,13161,12417,140,12557,100
2020-11-11,Napa,055,140530,2594,2365,12,2377,15
2020-11-11,Nevada,057,99092,901,741,23,764,9
2020-11-11,Orange,059,3164182,67240,62929,2039,64968,1506
2020-11-11,Placer,061,380077,5531,4981,51,5032,60
2020-11-11,Plumas,063,18699,146,111,0,111,0
2020-11-11,Riverside,065,2383286,76708,72953,956,73909,1361
2020-11-11,Sacramento,067,1510023,30976,28968,52,29020,520
2020-11-11,San Benito,069,59416,1610,1512,1,1513,15
2020-11-11,San Bernardino,071,2135413,76329,70374,736,71110,1182
2020-11-11,San Diego,073,3302833,66892,61746,2122,63868,918
2020-11-11,San Francisco,075,870044,13878,13287,74,13361,146
2020-11-11,San Joaquin,077,732212,24029,23001,336,23337,509
2020-11-11,San Luis Obispo,079,281455,5423,4832,72,4904,33
2020-11-11,San Mateo,081,765935,12750,12008,11,12019,169
2020-11-11,Santa Barbara,083,443738,10646,10278,156,10434,134
2020-11-11,Santa Clara,085,1922200,29633,27075,56,27131,413
2020-11-11,Santa Cruz,087,273765,3571,3247,37,3284,25
2020-11-11,Shasta,089,179085,3810,2766,67,2833,36
2020-11-11,Sierra,091,2930,13,11,0,11,0
2020-11-11,Siskiyou,093,43540,343,261,17,278,0
2020-11-11,Solano,095,438530,8874,8353,44,8397,85
2020-11-11,Sonoma,097,501317,11063,10498,35,10533,150
2020-11-11,Stanislaus,099,539301,19431,18671,1007,19678,422
2020-11-11,Sutter,101,95872,2385,2049,6,2055,12
2020-11-11,Tehama,103,63373,1267,1105,5,1110,7
2020-11-11,Trinity,105,12862,165,62,20,82,0
2020-11-11,Tulare,107,460477,19472,18500,745,19245,305
2020-11-11,Tuolumne,109,53932,605,354,4,358,7
2020-11-11,Ventura,111,848112,17041,15801,471,16272,158
2020-11-11,Yolo,113,214977,3928,3606,9,3615,63
2020-11-11,Yuba,115,75493,1532,1400,7,1407,10
2020-11-10,Alameda,001,1643700,26250,25008,257,25265,424
2020-11-10,Alpine,003,1148,29,9,0,9,0
2020-11-10,Amador,005,37829,417,384,0,384,16
2020-11-10,Butte,007,227075,3550,3327,92,3419,58
2020-11-10,Calaveras,009,45235,374,367,0,367,21
2020-11-10,Colusa,011,21464,606,590,1,591,6
2020-11-10,Contra Costa,013,1133247,21267,20326,109,20435,255
2020-11-10,Del Norte,015,27424,224,196,0,196,2
2020-11-10,El Dorado,017,186661,1760,1551,12,1563,4
2020-11-10,Fresno,019,978130,36814,33024,765,33789,465
2020-11-10,Glenn,021,27897,782,719,12,731,3
2020-11-10,Humboldt,023,135768,680,610,1,611,9
2020-11-10,Imperial,025,180216,14095,13570,27,13597,338
2020-11-10,Inyo,027,18085,267,252,5,257,14
2020-11-10,Kern,029,883053,36421,34858,697,35555,448
2020-11-10,Kings,031,150075,9700,9236,92,9328,85
2020-11-10,Lake,033,64148,809,762,0,762,16
2020-11-10,Lassen,035,31185,1120,830,2,832,0
2020-11-10,Los Angeles,037,10098052,335216,322569,3802,326371,7205
2020-11-10,Madera,039,155013,5556,5229,74,5303,54
2020-11-10,Marin,041,260295,7415,7259,23,7282,133
2020-11-10,Mariposa,043,17540,90,84,0,84,2
2020-11-10,Mendocino,045,87422,1235,1137,5,1142,22
2020-11-10,Merced,047,269075,10402,9992,67,10059,157
2020-11-10,Modoc,049,8938,78,61,13,74,0
2020-11-10,Mono,051,14174,470,443,8,451,2
2020-11-10,Monterey,053,433212,13026,12335,132,12467,100
2020-11-10,Napa,055,140530,2556,2341,10,2351,15
2020-11-10,Nevada,057,99092,885,734,23,757,9
2020-11-10,Orange,059,3164182,66690,62597,2029,64626,1504
2020-11-10,Placer,061,380077,5451,4902,50,4952,60
2020-11-10,Plumas,063,18699,142,108,0,108,0
2020-11-10,Riverside,065,2383286,76066,72316,929,73245,1359
2020-11-10,Sacramento,067,1510023,30569,28677,49,28726,519
2020-11-10,San Benito,069,59416,1595,1508,1,1509,15
2020-11-10,San Bernardino,071,2135413,75158,69666,703,70369,1182
2020-11-10,San Diego,073,3302833,66001,61085,2085,63170,915
2020-11-10,San Francisco,075,870044,13761,13210,74,13284,146
2020-11-10,San Joaquin,077,732212,23864,22865,329,23194,508
2020-11-10,San Luis Obispo,079,281455,5360,4780,69,4849,33
2020-11-10,San Mateo,081,765935,12649,11939,11,11950,169
2020-11-10,Santa Barbara,083,443738,10579,10252,152,10404,134
2020-11-10,Santa Clara,085,1922200,29288,26917,55,26972,409
2020-11-10,Santa Cruz,087,273765,3508,3221,37,3258,25
2020-11-10,Shasta,089,179085,3667,2686,59,2745,36
2020-11-10,Sierra,091,2930,12,10,0,10,0
2020-11-10,Siskiyou,093,43540,326,263,16,279,0
2020-11-10,Solano,095,438530,8776,8299,44,8343,85
2020-11-10,Sonoma,097,501317,10976,10414,35,10449,150
2020-11-10,Stanislaus,099,539301,19297,18592,983,19575,420
2020-11-10,Sutter,101,95872,2290,2035,5,2040,12
2020-11-10,Tehama,103,63373,1243,1099,4,1103,7
2020-11-10,Trinity,105,12862,156,62,18,80,0
2020-11-10,Tulare,107,460477,19357,18430,721,19151,305
2020-11-10,Tuolumne,109,53932,556,353,4,357,7
2020-11-10,Ventura,111,848112,16858,15625,469,16094,158
2020-11-10,Yolo,113,214977,3867,3573,9,3582,63
2020-11-10,Yuba,115,75493,1509,1392,7,1399,10
2020-11-09,Alameda,001,1643700,26004,24899,253,25152,424
2020-11-09,Alpine,003,1148,27,6,0,6,0
2020-11-09,Amador,005,37829,408,380,0,380,16
2020-11-09,Butte,007,227075,3505,3301,83,3384,57
2020-11-09,Calaveras,009,45235,370,360,0,360,21
2020-11-09,Colusa,011,21464,600,583,1,584,6
2020-11-09,Contra Costa,013,1133247,21094,20193,107,20300,255
2020-11-09,Del Norte,015,27424,218,195,0,195,2
2020-11-09,El Dorado,017,186661,1719,1515,12,1527,4
2020-11-09,Fresno,019,978130,36503,32755,725,33480,465
2020-11-09,Glenn,021,27897,776,714,9,723,3
2020-11-09,Humboldt,023,135768,667,607,1,608,9
2020-11-09,Imperial,025,180216,13978,13508,26,13534,338
2020-11-09,Inyo,027,18085,267,252,5,257,14
2020-11-09,Kern,029,883053,36190,34764,661,35425,448
2020-11-09,Kings,031,150075,9630,9141,90,9231,84
2020-11-09,Lake,033,64148,800,755,0,755,16
2020-11-09,Lassen,035,31185,1024,799,2,801,0
2020-11-09,Los Angeles,037,10098052,332119,320370,3727,324097,7180
2020-11-09,Madera,039,155013,5510,5209,71,5280,54
2020-11-09,Marin,041,260295,7389,7237,22,7259,131
2020-11-09,Mariposa,043,17540,90,84,0,84,2
2020-11-09,Mendocino,045,87422,1223,1132,5,1137,22
2020-11-09,Merced,047,269075,10299,9922,64,9986,157
2020-11-09,Modoc,049,8938,74,54,12,66,0
2020-11-09,Mono,051,14174,467,352,8,360,2
2020-11-09,Monterey,053,433212,12879,12148,124,12272,98
2020-11-09,Napa,055,140530,2513,2309,10,2319,15
2020-11-09,Nevada,057,99092,848,729,22,751,9
2020-11-09,Orange,059,3164182,66049,62335,2016,64351,1501
2020-11-09,Placer,061,380077,5366,4843,38,4881,60
2020-11-09,Plumas,063,18699,135,102,0,102,0
2020-11-09,Riverside,065,2383286,75283,72059,895,72954,1346
2020-11-09,Sacramento,067,1510023,30097,28200,49,28249,516
2020-11-09,San Benito,069,59416,1586,1506,1,1507,15
2020-11-09,San Bernardino,071,2135413,74103,69015,661,69676,1182
2020-11-09,San Diego,073,3302833,65146,60572,2045,62617,908
2020-11-09,San Francisco,075,870044,13641,12984,71,13055,146
2020-11-09,San Joaquin,077,732212,23699,22512,324,22836,505
2020-11-09,San Luis Obispo,079,281455,5273,4746,67,4813,32
2020-11-09,San Mateo,081,765935,12542,11857,11,11868,169
2020-11-09,Santa Barbara,083,443738,10522,10214,146,10360,134
2020-11-09,Santa Clara,085,1922200,28893,26693,55,26748,409
2020-11-09,Santa Cruz,087,273765,3450,3194,37,3231,25
2020-11-09,Shasta,089,179085,3513,2581,50,2631,36
2020-11-09,Sierra,091,2930,10,10,0,10,0
2020-11-09,Siskiyou,093,43540,315,257,14,271,0
2020-11-09,Solano,095,438530,8660,8254,43,8297,85
2020-11-09,Sonoma,097,501317,10868,10310,35,10345,150
2020-11-09,Stanislaus,099,539301,19143,18482,966,19448,418
2020-11-09,Sutter,101,95872,2223,2010,4,2014,12
2020-11-09,Tehama,103,63373,1206,1071,3,1074,7
2020-11-09,Trinity,105,12862,149,46,18,64,0
2020-11-09,Tulare,107,460477,19237,18272,689,18961,304
2020-11-09,Tuolumne,109,53932,502,346,4,350,7
2020-11-09,Ventura,111,848112,16656,15568,466,16034,156
2020-11-09,Yolo,113,214977,3806,3522,9,3531,62
2020-11-09,Yuba,115,75493,1476,1380,7,1387,10
2020-11-08,Alameda,001,1643700,25774,24731,253,24984,424
2020-11-08,Alpine,003,1148,24,6,0,6,0
2020-11-08,Amador,005,37829,401,376,0,376,16
2020-11-08,Butte,007,227075,3467,3285,76,3361,57
2020-11-08,Calaveras,009,45235,368,360,0,360,21
2020-11-08,Colusa,011,21464,597,583,1,584,6
2020-11-08,Contra Costa,013,1133247,20924,20031,105,20136,254
2020-11-08,Del Norte,015,27424,210,195,0,195,2
2020-11-08,El Dorado,017,186661,1681,1502,12,1514,4
2020-11-08,Fresno,019,978130,36167,32619,687,33306,465
2020-11-08,Glenn,021,27897,770,707,8,715,3
2020-11-08,Humboldt,023,135768,651,605,1,606,9
2020-11-08,Imperial,025,180216,13862,13428,26,13454,338
2020-11-08,Inyo,027,18085,263,252,5,257,14
2020-11-08,Kern,029,883053,35971,34644,643,35287,448
2020-11-08,Kings,031,150075,9497,9026,87,9113,84
2020-11-08,Lake,033,64148,792,754,0,754,16
2020-11-08,Lassen,035,31185,876,799,2,801,0
2020-11-08,Los Angeles,037,10098052,328992,318960,3660,322620,7176
2020-11-08,Madera,039,155013,5441,5196,68,5264,54
2020-11-08,Marin,041,260295,7369,7227,22,7249,131
2020-11-08,Mariposa,043,17540,90,83,0,83,2
2020-11-08,Mendocino,045,87422,1214,1129,5,1134,22
2020-11-08,Merced,047,269075,10224,9885,62,9947,157
2020-11-08,Modoc,049,8938,70,54,12,66,0
2020-11-08,Mono,051,14174,461,352,8,360,2
2020-11-08,Monterey,053,433212,12734,12122,113,12235,98
2020-11-08,Napa,055,140530,2474,2274,10,2284,15
2020-11-08,Nevada,057,99092,832,715,22,737,9
2020-11-08,Orange,059,3164182,65460,62034,2002,64036,1501
2020-11-08,Placer,061,380077,5263,4800,33,4833,60
2020-11-08,Plumas,063,18699,130,102,0,102,0
2020-11-08,Riverside,065,2383286,74628,71442,853,72295,1345
2020-11-08,Sacramento,067,1510023,29537,28059,46,28105,515
2020-11-08,San Benito,069,59416,1571,1496,1,1497,15
2020-11-08,San Bernardino,071,2135413,72850,68412,622,69034,1182
2020-11-08,San Diego,073,3302833,64301,60199,2001,62200,908
2020-11-08,San Francisco,075,870044,13510,12985,66,13051,146
2020-11-08,San Joaquin,077,732212,23505,22514,320,22834,505
2020-11-08,San Luis Obispo,079,281455,5207,4698,62,4760,32
2020-11-08,San Mateo,081,765935,12424,11783,11,11794,169
2020-11-08,Santa Barbara,083,443738,10452,10180,144,10324,134
2020-11-08,Santa Clara,085,1922200,28519,26442,54,26496,410
2020-11-08,Santa Cruz,087,273765,3393,3134,37,3171,25
2020-11-08,Shasta,089,179085,3377,2582,44,2626,36
2020-11-08,Sierra,091,2930,10,7,0,7,0
2020-11-08,Siskiyou,093,43540,303,246,13,259,0
2020-11-08,Solano,095,438530,8539,8132,42,8174,85
2020-11-08,Sonoma,097,501317,10761,10229,35,10264,149
2020-11-08,Stanislaus,099,539301,18968,18413,945,19358,418
2020-11-08,Sutter,101,95872,2165,1980,4,1984,12
2020-11-08,Tehama,103,63373,1181,1054,3,1057,7
2020-11-08,Trinity,105,12862,146,46,17,63,0
2020-11-08,Tulare,107,460477,19094,18272,660,18932,304
2020-11-08,Tuolumne,109,53932,475,341,4,345,7
2020-11-08,Ventura,111,848112,16461,15504,458,15962,156
2020-11-08,Yolo,113,214977,3745,3492,9,3501,61
2020-11-08,Yuba,115,75493,1455,1369,7,1376,10
2020-11-07,Alameda,001,1643700,25664,24578,251,24829,424
2020-11-07,Alpine,003,1148,24,6,0,6,0
2020-11-07,Amador,005,37829,398,375,0,375,16
2020-11-07,Butte,007,227075,3455,3277,71,3348,57
2020-11-07,Calaveras,009,45235,366,360,0,360,21
2020-11-07,Colusa,011,21464,597,583,1,584,6
2020-11-07,Contra Costa,013,1133247,20823,19943,104,20047,254
2020-11-07,Del Norte,015,27424,206,194,0,194,2
2020-11-07,El Dorado,017,186661,1656,1495,11,1506,4
2020-11-07,Fresno,019,978130,36013,32497,664,33161,465
2020-11-07,Glenn,021,27897,762,707,8,715,3
2020-11-07,Humboldt,023,135768,640,590,1,591,9
2020-11-07,Imperial,025,180216,13804,13388,25,13413,338
2020-11-07,Inyo,027,18085,261,252,5,257,14
2020-11-07,Kern,029,883053,35816,34513,633,35146,448
2020-11-07,Kings,031,150075,9464,9005,81,9086,84
2020-11-07,Lake,033,64148,788,751,0,751,16
2020-11-07,Lassen,035,31185,860,799,2,801,0
2020-11-07,Los Angeles,037,10098052,327484,316756,3592,320348,7174
2020-11-07,Madera,039,155013,5419,5177,66,5243,54
2020-11-07,Marin,041,260295,7358,7215,22,7237,131
2020-11-07,Mariposa,043,17540,90,81,0,81,2
2020-11-07,Mendocino,045,87422,1203,1118,5,1123,22
2020-11-07,Merced,047,269075,10192,9855,58,9913,157
2020-11-07,Modoc,049,8938,70,51,12,63,0
2020-11-07,Mono,051,14174,458,352,8,360,2
2020-11-07,Monterey,053,433212,12664,12030,109,12139,98
2020-11-07,Napa,055,140530,2444,2260,9,2269,15
2020-11-07,Nevada,057,99092,815,710,22,732,9
2020-11-07,Orange,059,3164182,65173,62038,1996,64034,1505
2020-11-07,Placer,061,380077,5200,4745,33,4778,60
2020-11-07,Plumas,063,18699,127,94,0,94,0
2020-11-07,Riverside,065,2383286,74233,71153,826,71979,1345
2020-11-07,Sacramento,067,1510023,29287,27773,46,27819,515
2020-11-07,San Benito,069,59416,1559,1489,1,1490,15
2020-11-07,San Bernardino,071,2135413,72334,67935,611,68546,1182
2020-11-07,San Diego,073,3302833,63789,59682,1969,61651,909
2020-11-07,San Francisco,075,870044,13449,12980,65,13045,146
2020-11-07,San Joaquin,077,732212,23397,22517,314,22831,505
2020-11-07,San Luis Obispo,079,281455,5158,4668,59,4727,32
2020-11-07,San Mateo,081,765935,12361,11711,11,11722,169
2020-11-07,Santa Barbara,083,443738,10410,10157,142,10299,134
2020-11-07,Santa Clara,085,1922200,28315,26244,53,26297,410
2020-11-07,Santa Cruz,087,273765,3355,3130,37,3167,25
2020-11-07,Shasta,089,179085,3310,2547,42,2589,36
2020-11-07,Sierra,091,2930,10,7,0,7,0
2020-11-07,Siskiyou,093,43540,299,241,13,254,0
2020-11-07,Solano,095,438530,8487,8066,42,8108,85
2020-11-07,Sonoma,097,501317,10715,10200,35,10235,149
2020-11-07,Stanislaus,099,539301,18859,18386,928,19314,418
2020-11-07,Sutter,101,95872,2125,1973,4,1977,12
2020-11-07,Tehama,103,63373,1157,1043,3,1046,7
2020-11-07,Trinity,105,12862,146,42,16,58,0
2020-11-07,Tulare,107,460477,19038,18229,643,18872,304
2020-11-07,Tuolumne,109,53932,464,327,4,331,7
2020-11-07,Ventura,111,848112,16401,15364,453,15817,156
2020-11-07,Yolo,113,214977,3714,3486,9,3495,61
2020-11-07,Yuba,115,75493,1440,1349,7,1356,10
2020-11-06,Alameda,001,1643700,25532,24389,249,24638,420
2020-11-06,Alpine,003,1148,24,6,0,6,0
2020-11-06,Amador,005,37829,396,369,0,369,16
2020-11-06,Butte,007,227075,3430,3254,63,3317,57
2020-11-06,Calaveras,009,45235,365,359,0,359,21
2020-11-06,Colusa,011,21464,595,580,1,581,6
2020-11-06,Contra Costa,013,1133247,20674,19744,104,19848,252
2020-11-06,Del Norte,015,27424,203,194,0,194,2
2020-11-06,El Dorado,017,186661,1630,1475,11,1486,4
2020-11-06,Fresno,019,978130,35825,32278,648,32926,460
2020-11-06,Glenn,021,27897,756,707,7,714,3
2020-11-06,Humboldt,023,135768,637,587,1,588,9
2020-11-06,Imperial,025,180216,13751,13230,25,13255,338
2020-11-06,Inyo,027,18085,259,246,5,251,14
2020-11-06,Kern,029,883053,35652,34360,615,34975,443
2020-11-06,Kings,031,150075,9440,8883,79,8962,83
2020-11-06,Lake,033,64148,787,741,0,741,16
2020-11-06,Lassen,035,31185,852,794,2,796,0
2020-11-06,Los Angeles,037,10098052,325510,314356,3540,317896,7160
2020-11-06,Madera,039,155013,5403,5136,65,5201,54
2020-11-06,Marin,041,260295,7337,7184,22,7206,131
2020-11-06,Mariposa,043,17540,89,79,0,79,2
2020-11-06,Mendocino,045,87422,1198,1113,5,1118,22
2020-11-06,Merced,047,269075,10152,9778,55,9833,157
2020-11-06,Modoc,049,8938,70,48,12,60,0
2020-11-06,Mono,051,14174,452,308,8,316,1
2020-11-06,Monterey,053,433212,12547,11914,108,12022,96
2020-11-06,Napa,055,140530,2419,2189,9,2198,15
2020-11-06,Nevada,057,99092,802,692,21,713,9
2020-11-06,Orange,059,3164182,64870,61049,1986,63035,1494
2020-11-06,Placer,061,380077,5127,4680,33,4713,60
2020-11-06,Plumas,063,18699,122,90,0,90,0
2020-11-06,Riverside,065,2383286,73784,70409,785,71194,1341
2020-11-06,Sacramento,067,1510023,28995,27489,44,27533,514
2020-11-06,San Benito,069,59416,1550,1479,1,1480,15
2020-11-06,San Bernardino,071,2135413,71735,66740,590,67330,1179
2020-11-06,San Diego,073,3302833,63265,59143,1937,61080,907
2020-11-06,San Francisco,075,870044,13379,12825,64,12889,146
2020-11-06,San Joaquin,077,732212,23312,22424,304,22728,502
2020-11-06,San Luis Obispo,079,281455,5093,4531,53,4584,32
2020-11-06,San Mateo,081,765935,12286,11587,11,11598,168
2020-11-06,Santa Barbara,083,443738,10374,10118,137,10255,133
2020-11-06,Santa Clara,085,1922200,28073,25831,53,25884,402
2020-11-06,Santa Cruz,087,273765,3318,3063,37,3100,25
2020-11-06,Shasta,089,179085,3237,2475,41,2516,35
2020-11-06,Sierra,091,2930,9,7,0,7,0
2020-11-06,Siskiyou,093,43540,286,237,12,249,0
2020-11-06,Solano,095,438530,8422,7959,42,8001,85
2020-11-06,Sonoma,097,501317,10665,10142,35,10177,149
2020-11-06,Stanislaus,099,539301,18772,18250,919,19169,417
2020-11-06,Sutter,101,95872,2098,1937,2,1939,12
2020-11-06,Tehama,103,63373,1136,1024,3,1027,6
2020-11-06,Trinity,105,12862,143,41,16,57,0
2020-11-06,Tulare,107,460477,18974,18136,618,18754,300
2020-11-06,Tuolumne,109,53932,443,316,4,320,5
2020-11-06,Ventura,111,848112,16315,15222,450,15672,154
2020-11-06,Yolo,113,214977,3685,3420,9,3429,62
2020-11-06,Yuba,115,75493,1427,1335,7,1342,10
2020-11-05,Alameda,001,1643700,25356,24270,249,24519,420
2020-11-05,Alpine,003,1148,24,6,0,6,0
2020-11-05,Amador,005,37829,393,363,0,363,16
2020-11-05,Butte,007,227075,3407,3239,57,3296,57
2020-11-05,Calaveras,009,45235,358,333,0,333,19
2020-11-05,Colusa,011,21464,591,574,1,575,6
2020-11-05,Contra Costa,013,1133247,20492,19656,102,19758,252
2020-11-05,Del Norte,015,27424,201,192,0,192,2
2020-11-05,El Dorado,017,186661,1606,1466,11,1477,4
2020-11-05,Fresno,019,978130,35582,32056,623,32679,460
2020-11-05,Glenn,021,27897,736,702,7,709,3
2020-11-05,Humboldt,023,135768,627,581,1,582,9
2020-11-05,Imperial,025,180216,13659,13178,24,13202,337
2020-11-05,Inyo,027,18085,259,247,5,252,14
2020-11-05,Kern,029,883053,35451,34232,601,34833,443
2020-11-05,Kings,031,150075,9285,8846,76,8922,83
2020-11-05,Lake,033,64148,783,739,0,739,16
2020-11-05,Lassen,035,31185,821,782,2,784,0
2020-11-05,Los Angeles,037,10098052,323154,312381,3487,315868,7146
2020-11-05,Madera,039,155013,5364,5129,62,5191,54
2020-11-05,Marin,041,260295,7315,7171,22,7193,131
2020-11-05,Mariposa,043,17540,88,79,0,79,2
2020-11-05,Mendocino,045,87422,1186,1112,5,1117,22
2020-11-05,Merced,047,269075,10093,9753,50,9803,155
2020-11-05,Modoc,049,8938,69,47,11,58,0
2020-11-05,Mono,051,14174,450,307,8,315,1
2020-11-05,Monterey,053,433212,12437,11784,104,11888,96
2020-11-05,Napa,055,140530,2392,2158,9,2167,15
2020-11-05,Nevada,057,99092,780,687,20,707,9
2020-11-05,Orange,059,3164182,64423,60740,1976,62716,1484
2020-11-05,Placer,061,380077,5058,4627,28,4655,60
2020-11-05,Plumas,063,18699,114,90,0,90,0
2020-11-05,Riverside,065,2383286,73073,70094,727,70821,1338
2020-11-05,Sacramento,067,1510023,28614,27232,43,27275,512
2020-11-05,San Benito,069,59416,1535,1477,1,1478,15
2020-11-05,San Bernardino,071,2135413,70906,66407,577,66984,1174
2020-11-05,San Diego,073,3302833,62639,58659,1911,60570,904
2020-11-05,San Francisco,075,870044,13267,12726,63,12789,146
2020-11-05,San Joaquin,077,732212,23148,22318,300,22618,502
2020-11-05,San Luis Obispo,079,281455,5026,4459,51,4510,32
2020-11-05,San Mateo,081,765935,12192,11535,11,11546,168
2020-11-05,Santa Barbara,083,443738,10330,10080,134,10214,133
2020-11-05,Santa Clara,085,1922200,27806,25651,53,25704,402
2020-11-05,Santa Cruz,087,273765,3280,3023,37,3060,25
2020-11-05,Shasta,089,179085,3147,2401,40,2441,34
2020-11-05,Sierra,091,2930,9,6,0,6,0
2020-11-05,Siskiyou,093,43540,275,228,12,240,0
2020-11-05,Solano,095,438530,8339,7842,42,7884,85
2020-11-05,Sonoma,097,501317,10553,10064,34,10098,145
2020-11-05,Stanislaus,099,539301,18659,18194,906,19100,417
2020-11-05,Sutter,101,95872,2066,1925,2,1927,12
2020-11-05,Tehama,103,63373,1114,1015,2,1017,6
2020-11-05,Trinity,105,12862,127,41,15,56,0
2020-11-05,Tulare,107,460477,18885,18049,592,18641,301
2020-11-05,Tuolumne,109,53932,414,312,4,316,5
2020-11-05,Ventura,111,848112,16149,15113,439,15552,155
2020-11-05,Yolo,113,214977,3635,3391,9,3400,61
2020-11-05,Yuba,115,75493,1409,1322,7,1329,10
2020-11-04,Alameda,001,1643700,25179,24172,247,24419,418
2020-11-04,Alpine,003,1148,20,5,0,5,0
2020-11-04,Amador,005,37829,390,362,0,362,16
2020-11-04,Butte,007,227075,3381,3218,54,3272,57
2020-11-04,Calaveras,009,45235,355,290,0,290,19
2020-11-04,Colusa,011,21464,589,571,1,572,6
2020-11-04,Contra Costa,013,1133247,20325,19472,99,19571,251
2020-11-04,Del Norte,015,27424,197,188,0,188,2
2020-11-04,El Dorado,017,186661,1591,1448,8,1456,4
2020-11-04,Fresno,019,978130,35350,31952,595,32547,457
2020-11-04,Glenn,021,27897,732,701,6,707,3
2020-11-04,Humboldt,023,135768,618,571,1,572,9
2020-11-04,Imperial,025,180216,13561,13087,24,13111,335
2020-11-04,Inyo,027,18085,258,247,5,252,14
2020-11-04,Kern,029,883053,35296,34027,590,34617,439
2020-11-04,Kings,031,150075,9251,8817,74,8891,83
2020-11-04,Lake,033,64148,776,735,0,735,16
2020-11-04,Lassen,035,31185,816,781,2,783,0
2020-11-04,Los Angeles,037,10098052,320843,310456,3407,313863,7124
2020-11-04,Madera,039,155013,5344,5083,58,5141,54
2020-11-04,Marin,041,260295,7303,7157,22,7179,131
2020-11-04,Mariposa,043,17540,88,79,0,79,2
2020-11-04,Mendocino,045,87422,1168,1089,5,1094,22
2020-11-04,Merced,047,269075,10043,9717,48,9765,153
2020-11-04,Modoc,049,8938,59,47,11,58,0
2020-11-04,Mono,051,14174,447,237,7,244,1
2020-11-04,Monterey,053,433212,12233,11743,98,11841,96
2020-11-04,Napa,055,140530,2338,2133,9,2142,15
2020-11-04,Nevada,057,99092,761,675,20,695,9
2020-11-04,Orange,059,3164182,63989,60463,1953,62416,1483
2020-11-04,Placer,061,380077,4980,4526,25,4551,60
2020-11-04,Plumas,063,18699,112,88,0,88,0
2020-11-04,Riverside,065,2383286,72456,69562,668,70230,1335
2020-11-04,Sacramento,067,1510023,28263,27005,42,27047,510
2020-11-04,San Benito,069,59416,1520,1464,1,1465,15
2020-11-04,San Bernardino,071,2135413,70109,65891,554,66445,1169
2020-11-04,San Diego,073,3302833,61993,58126,1885,60011,904
2020-11-04,San Francisco,075,870044,13183,12649,60,12709,146
2020-11-04,San Joaquin,077,732212,23011,22197,287,22484,500
2020-11-04,San Luis Obispo,079,281455,4959,4389,49,4438,32
2020-11-04,San Mateo,081,765935,12097,11456,11,11467,168
2020-11-04,Santa Barbara,083,443738,10292,10026,133,10159,132
2020-11-04,Santa Clara,085,1922200,27543,25487,53,25540,393
2020-11-04,Santa Cruz,087,273765,3243,2997,37,3034,25
2020-11-04,Shasta,089,179085,3016,2321,35,2356,34
2020-11-04,Sierra,091,2930,9,6,0,6,0
2020-11-04,Siskiyou,093,43540,266,222,12,234,0
2020-11-04,Solano,095,438530,8240,7733,42,7775,85
2020-11-04,Sonoma,097,501317,10459,9965,34,9999,142
2020-11-04,Stanislaus,099,539301,18542,18114,891,19005,416
2020-11-04,Sutter,101,95872,2032,1916,2,1918,12
2020-11-04,Tehama,103,63373,1088,997,2,999,6
2020-11-04,Trinity,105,12862,123,37,15,52,0
2020-11-04,Tulare,107,460477,18776,17952,564,18516,298
2020-11-04,Tuolumne,109,53932,390,310,4,314,5
2020-11-04,Ventura,111,848112,16009,14936,436,15372,155
2020-11-04,Yolo,113,214977,3594,3361,9,3370,62
2020-11-04,Yuba,115,75493,1388,1312,7,1319,10
2020-11-03,Alameda,001,1643700,24995,24055,245,24300,418
2020-11-03,Alpine,003,1148,19,4,0,4,0
2020-11-03,Amador,005,37829,385,361,0,361,16
2020-11-03,Butte,007,227075,3357,3211,49,3260,57
2020-11-03,Calaveras,009,45235,351,287,0,287,19
2020-11-03,Colusa,011,21464,584,572,1,573,6
2020-11-03,Contra Costa,013,1133247,20170,19416,99,19515,250
2020-11-03,Del Norte,015,27424,196,187,0,187,2
2020-11-03,El Dorado,017,186661,1569,1445,7,1452,4
2020-11-03,Fresno,019,978130,35082,31856,572,32428,457
2020-11-03,Glenn,021,27897,726,698,6,704,3
2020-11-03,Humboldt,023,135768,612,570,1,571,8
2020-11-03,Imperial,025,180216,13472,13044,23,13067,335
2020-11-03,Inyo,027,18085,257,244,5,249,14
2020-11-03,Kern,029,883053,35105,33957,579,34536,439
2020-11-03,Kings,031,150075,9088,8783,69,8852,83
2020-11-03,Lake,033,64148,766,732,0,732,16
2020-11-03,Lassen,035,31185,807,782,2,784,0
2020-11-03,Los Angeles,037,10098052,318388,308812,3339,312151,7104
2020-11-03,Madera,039,155013,5307,5058,57,5115,54
2020-11-03,Marin,041,260295,7283,7147,21,7168,131
2020-11-03,Mariposa,043,17540,87,79,0,79,2
2020-11-03,Mendocino,045,87422,1153,1084,5,1089,22
2020-11-03,Merced,047,269075,9990,9713,47,9760,153
2020-11-03,Modoc,049,8938,57,47,9,56,0
2020-11-03,Mono,051,14174,443,210,7,217,1
2020-11-03,Monterey,053,433212,12164,11703,91,11794,94
2020-11-03,Napa,055,140530,2302,2130,9,2139,15
2020-11-03,Nevada,057,99092,741,670,19,689,9
2020-11-03,Orange,059,3164182,63559,60283,1941,62224,1477
2020-11-03,Placer,061,380077,4906,4514,25,4539,60
2020-11-03,Plumas,063,18699,109,86,0,86,0
2020-11-03,Riverside,065,2383286,71837,69300,643,69943,1325
2020-11-03,Sacramento,067,1510023,27883,26841,41,26882,510
2020-11-03,San Benito,069,59416,1510,1463,1,1464,15
2020-11-03,San Bernardino,071,2135413,69297,65320,546,65866,1159
2020-11-03,San Diego,073,3302833,61317,57722,1841,59563,901
2020-11-03,San Francisco,075,870044,13060,12585,60,12645,146
2020-11-03,San Joaquin,077,732212,22876,22109,281,22390,500
2020-11-03,San Luis Obispo,079,281455,4875,4371,47,4418,32
2020-11-03,San Mateo,081,765935,12002,11406,11,11417,162
2020-11-03,Santa Barbara,083,443738,10238,10008,128,10136,132
2020-11-03,Santa Clara,085,1922200,27271,25386,52,25438,393
2020-11-03,Santa Cruz,087,273765,3193,2980,36,3016,25
2020-11-03,Shasta,089,179085,2922,2288,28,2316,33
2020-11-03,Sierra,091,2930,7,6,0,6,0
2020-11-03,Siskiyou,093,43540,262,219,11,230,0
2020-11-03,Solano,095,438530,8157,7691,42,7733,85
2020-11-03,Sonoma,097,501317,10357,9906,34,9940,142
2020-11-03,Stanislaus,099,539301,18421,18080,880,18960,416
2020-11-03,Sutter,101,95872,1999,1914,2,1916,12
2020-11-03,Tehama,103,63373,1067,988,2,990,6
2020-11-03,Trinity,105,12862,116,36,14,50,0
2020-11-03,Tulare,107,460477,18670,17890,539,18429,297
2020-11-03,Tuolumne,109,53932,367,302,4,306,5
2020-11-03,Ventura,111,848112,15882,14816,429,15245,155
2020-11-03,Yolo,113,214977,3543,3343,9,3352,61
2020-11-03,Yuba,115,75493,1375,1295,7,1302,10
2020-11-02,Alameda,001,1643700,24799,23991,242,24233,419
2020-11-02,Alpine,003,1148,16,4,0,4,0
2020-11-02,Amador,005,37829,377,357,0,357,16
2020-11-02,Butte,007,227075,3337,3198,46,3244,57
2020-11-02,Calaveras,009,45235,351,282,0,282,18
2020-11-02,Colusa,011,21464,579,571,1,572,6
2020-11-02,Contra Costa,013,1133247,20017,19339,98,19437,250
2020-11-02,Del Norte,015,27424,193,175,0,175,2
2020-11-02,El Dorado,017,186661,1545,1405,7,1412,4
2020-11-02,Fresno,019,978130,34813,31738,555,32293,451
2020-11-02,Glenn,021,27897,720,692,5,697,3
2020-11-02,Humboldt,023,135768,603,569,1,570,8
2020-11-02,Imperial,025,180216,13392,13004,22,13026,334
2020-11-02,Inyo,027,18085,254,243,5,248,14
2020-11-02,Kern,029,883053,34947,33834,569,34403,437
2020-11-02,Kings,031,150075,9058,8654,66,8720,82
2020-11-02,Lake,033,64148,760,728,0,728,17
2020-11-02,Lassen,035,31185,799,782,2,784,0
2020-11-02,Los Angeles,037,10098052,316044,307620,3262,310882,7079
2020-11-02,Madera,039,155013,5276,5033,56,5089,54
2020-11-02,Marin,041,260295,7265,7132,20,7152,125
2020-11-02,Mariposa,043,17540,87,79,0,79,2
2020-11-02,Mendocino,045,87422,1139,1076,5,1081,21
2020-11-02,Merced,047,269075,9928,9664,41,9705,152
2020-11-02,Modoc,049,8938,54,45,5,50,0
2020-11-02,Mono,051,14174,441,211,7,218,1
2020-11-02,Monterey,053,433212,12057,11602,88,11690,93
2020-11-02,Napa,055,140530,2260,2081,9,2090,15
2020-11-02,Nevada,057,99092,725,656,19,675,9
2020-11-02,Orange,059,3164182,63154,59996,1925,61921,1474
2020-11-02,Placer,061,380077,4838,4461,23,4484,60
2020-11-02,Plumas,063,18699,101,86,0,86,0
2020-11-02,Riverside,065,2383286,71206,68833,602,69435,1321
2020-11-02,Sacramento,067,1510023,27541,26676,39,26715,508
2020-11-02,San Benito,069,59416,1498,1459,1,1460,15
2020-11-02,San Bernardino,071,2135413,68442,64629,535,65164,1157
2020-11-02,San Diego,073,3302833,60594,57429,1796,59225,891
2020-11-02,San Francisco,075,870044,12963,12436,59,12495,145
2020-11-02,San Joaquin,077,732212,22736,21919,273,22192,500
2020-11-02,San Luis Obispo,079,281455,4775,4303,44,4347,31
2020-11-02,San Mateo,081,765935,11893,11328,11,11339,161
2020-11-02,Santa Barbara,083,443738,10197,9985,123,10108,130
2020-11-02,Santa Clara,085,1922200,26981,25222,52,25274,387
2020-11-02,Santa Cruz,087,273765,3151,2943,36,2979,25
2020-11-02,Shasta,089,179085,2819,2174,24,2198,33
2020-11-02,Sierra,091,2930,7,6,0,6,0
2020-11-02,Siskiyou,093,43540,252,216,11,227,0
2020-11-02,Solano,095,438530,8039,7665,42,7707,84
2020-11-02,Sonoma,097,501317,10275,9796,33,9829,140
2020-11-02,Stanislaus,099,539301,18325,18005,871,18876,412
2020-11-02,Sutter,101,95872,1975,1895,2,1897,12
2020-11-02,Tehama,103,63373,1044,971,2,973,6
2020-11-02,Trinity,105,12862,110,30,14,44,0
2020-11-02,Tulare,107,460477,18577,17774,518,18292,299
2020-11-02,Tuolumne,109,53932,346,302,4,306,5
2020-11-02,Ventura,111,848112,15741,14767,415,15182,156
2020-11-02,Yolo,113,214977,3494,3318,9,3327,61
2020-11-02,Yuba,115,75493,1362,1280,7,1287,10
2020-11-01,Alameda,001,1643700,24636,23892,240,24132,419
2020-11-01,Alpine,003,1148,10,4,0,4,0
2020-11-01,Amador,005,37829,374,352,0,352,16
2020-11-01,Butte,007,227075,3313,3185,45,3230,57
2020-11-01,Calaveras,009,45235,350,282,0,282,18
2020-11-01,Colusa,011,21464,577,567,1,568,6
2020-11-01,Contra Costa,013,1133247,19843,19246,97,19343,250
2020-11-01,Del Norte,015,27424,189,175,0,175,2
2020-11-01,El Dorado,017,186661,1529,1394,7,1401,4
2020-11-01,Fresno,019,978130,34556,31613,535,32148,451
2020-11-01,Glenn,021,27897,711,688,3,691,3
2020-11-01,Humboldt,023,135768,595,568,1,569,8
2020-11-01,Imperial,025,180216,13301,12969,20,12989,334
2020-11-01,Inyo,027,18085,252,241,5,246,14
2020-11-01,Kern,029,883053,34766,33760,475,34235,437
2020-11-01,Kings,031,150075,9020,8641,65,8706,82
2020-11-01,Lake,033,64148,754,727,0,727,17
2020-11-01,Lassen,035,31185,799,782,2,784,0
2020-11-01,Los Angeles,037,10098052,313478,306217,3170,309387,7077
2020-11-01,Madera,039,155013,5228,5019,54,5073,54
2020-11-01,Marin,041,260295,7248,7124,20,7144,125
2020-11-01,Mariposa,043,17540,83,79,0,79,2
2020-11-01,Mendocino,045,87422,1126,1074,5,1079,21
2020-11-01,Merced,047,269075,9867,9626,41,9667,152
2020-11-01,Modoc,049,8938,53,45,5,50,0
2020-11-01,Mono,051,14174,412,211,6,217,1
2020-11-01,Monterey,053,433212,11950,11587,85,11672,93
2020-11-01,Napa,055,140530,2226,2067,9,2076,15
2020-11-01,Nevada,057,99092,709,646,18,664,9
2020-11-01,Orange,059,3164182,62752,59733,1898,61631,1475
2020-11-01,Placer,061,380077,4772,4422,22,4444,58
2020-11-01,Plumas,063,18699,96,86,0,86,0
2020-11-01,Riverside,065,2383286,70576,68493,566,69059,1319
2020-11-01,Sacramento,067,1510023,27220,26442,39,26481,508
2020-11-01,San Benito,069,59416,1483,1451,1,1452,15
2020-11-01,San Bernardino,071,2135413,67597,64339,514,64853,1157
2020-11-01,San Diego,073,3302833,59906,57122,1756,58878,891
2020-11-01,San Francisco,075,870044,12840,12436,54,12490,145
2020-11-01,San Joaquin,077,732212,22608,21919,267,22186,500
2020-11-01,San Luis Obispo,079,281455,4695,4303,43,4346,31
2020-11-01,San Mateo,081,765935,11812,11280,11,11291,160
2020-11-01,Santa Barbara,083,443738,10146,9969,107,10076,130
2020-11-01,Santa Clara,085,1922200,26701,25090,52,25142,386
2020-11-01,Santa Cruz,087,273765,3098,2921,36,2957,25
2020-11-01,Shasta,089,179085,2684,2172,23,2195,33
2020-11-01,Sierra,091,2930,7,6,0,6,0
2020-11-01,Siskiyou,093,43540,247,205,11,216,0
2020-11-01,Solano,095,438530,7949,7591,42,7633,84
2020-11-01,Sonoma,097,501317,10183,9688,33,9721,140
2020-11-01,Stanislaus,099,539301,18224,17961,851,18812,412
2020-11-01,Sutter,101,95872,1949,1888,1,1889,12
2020-11-01,Tehama,103,63373,1027,965,2,967,5
2020-11-01,Trinity,105,12862,108,30,13,43,0
2020-11-01,Tulare,107,460477,18465,17774,487,18261,299
2020-11-01,Tuolumne,109,53932,324,295,4,299,5
2020-11-01,Ventura,111,848112,15592,14686,384,15070,156
2020-11-01,Yolo,113,214977,3446,3303,9,3312,60
2020-11-01,Yuba,115,75493,1345,1273,7,1280,10
2020-10-31,Alameda,001,1643700,24520,23780,236,24016,416
2020-10-31,Alpine,003,1148,10,4,0,4,0
2020-10-31,Amador,005,37829,370,347,0,347,16
2020-10-31,Butte,007,227075,3300,3172,43,3215,57
2020-10-31,Calaveras,009,45235,350,280,0,280,18
2020-10-31,Colusa,011,21464,575,555,1,556,6
2020-10-31,Contra Costa,013,1133247,19738,19161,97,19258,249
2020-10-31,Del Norte,015,27424,188,175,0,175,2
2020-10-31,El Dorado,017,186661,1520,1390,7,1397,4
2020-10-31,Fresno,019,978130,34419,31558,532,32090,451
2020-10-31,Glenn,021,27897,709,678,3,681,3
2020-10-31,Humboldt,023,135768,592,561,1,562,8
2020-10-31,Imperial,025,180216,13259,12912,20,12932,334
2020-10-31,Inyo,027,18085,251,241,5,246,14
2020-10-31,Kern,029,883053,34663,33666,465,34131,437
2020-10-31,Kings,031,150075,8999,8612,64,8676,82
2020-10-31,Lake,033,64148,750,724,0,724,16
2020-10-31,Lassen,035,31185,794,782,2,784,0
2020-10-31,Los Angeles,037,10098052,312103,304704,3127,307831,7073
2020-10-31,Madera,039,155013,5210,5013,51,5064,54
2020-10-31,Marin,041,260295,7232,7112,20,7132,125
2020-10-31,Mariposa,043,17540,83,79,0,79,2
2020-10-31,Mendocino,045,87422,1118,1066,5,1071,21
2020-10-31,Merced,047,269075,9834,9597,40,9637,151
2020-10-31,Modoc,049,8938,52,34,4,38,0
2020-10-31,Mono,051,14174,263,194,5,199,1
2020-10-31,Monterey,053,433212,11882,11539,81,11620,93
2020-10-31,Napa,055,140530,2207,2040,9,2049,15
2020-10-31,Nevada,057,99092,691,644,18,662,9
2020-10-31,Orange,059,3164182,62494,59488,1880,61368,1473
2020-10-31,Placer,061,380077,4722,4374,21,4395,58
2020-10-31,Plumas,063,18699,95,85,0,85,0
2020-10-31,Riverside,065,2383286,70219,68178,543,68721,1319
2020-10-31,Sacramento,067,1510023,27021,26316,37,26353,507
2020-10-31,San Benito,069,59416,1476,1448,1,1449,15
2020-10-31,San Bernardino,071,2135413,67172,64016,504,64520,1157
2020-10-31,San Diego,073,3302833,59453,56769,1728,58497,891
2020-10-31,San Francisco,075,870044,12766,12438,53,12491,145
2020-10-31,San Joaquin,077,732212,22533,21918,258,22176,500
2020-10-31,San Luis Obispo,079,281455,4626,4285,40,4325,31
2020-10-31,San Mateo,081,765935,11760,11253,11,11264,160
2020-10-31,Santa Barbara,083,443738,10117,9957,99,10056,130
2020-10-31,Santa Clara,085,1922200,26532,24957,52,25009,379
2020-10-31,Santa Cruz,087,273765,3063,2895,35,2930,25
2020-10-31,Shasta,089,179085,2630,2122,22,2144,33
2020-10-31,Sierra,091,2930,7,6,0,6,0
2020-10-31,Siskiyou,093,43540,245,200,11,211,0
2020-10-31,Solano,095,438530,7885,7545,42,7587,84
2020-10-31,Sonoma,097,501317,10130,9648,33,9681,140
2020-10-31,Stanislaus,099,539301,18161,17920,835,18755,412
2020-10-31,Sutter,101,95872,1940,1876,1,1877,12
2020-10-31,Tehama,103,63373,1017,953,2,955,5
2020-10-31,Trinity,105,12862,105,30,13,43,0
2020-10-31,Tulare,107,460477,18416,17758,479,18237,299
2020-10-31,Tuolumne,109,53932,317,290,4,294,5
2020-10-31,Ventura,111,848112,15508,14635,366,15001,155
2020-10-31,Yolo,113,214977,3411,3290,9,3299,60
2020-10-31,Yuba,115,75493,1329,1260,6,1266,10
2020-10-30,Alameda,001,1643700,24441,23676,234,23910,401
2020-10-30,Alpine,003,1148,10,4,0,4,0
2020-10-30,Amador,005,37829,370,344,0,344,16
2020-10-30,Butte,007,227075,3295,3160,43,3203,57
2020-10-30,Calaveras,009,45235,349,279,0,279,18
2020-10-30,Colusa,011,21464,573,554,1,555,6
2020-10-30,Contra Costa,013,1133247,19666,19074,97,19171,249
2020-10-30,Del Norte,015,27424,187,175,0,175,2
2020-10-30,El Dorado,017,186661,1507,1386,7,1393,4
2020-10-30,Fresno,019,978130,34297,31409,523,31932,446
2020-10-30,Glenn,021,27897,703,674,2,676,3
2020-10-30,Humboldt,023,135768,591,561,1,562,7
2020-10-30,Imperial,025,180216,13218,12853,20,12873,334
2020-10-30,Inyo,027,18085,250,241,5,246,14
2020-10-30,Kern,029,883053,34570,33583,464,34047,437
2020-10-30,Kings,031,150075,8989,8564,62,8626,82
2020-10-30,Lake,033,64148,750,720,0,720,16
2020-10-30,Lassen,035,31185,788,777,2,779,0
2020-10-30,Los Angeles,037,10098052,310666,303425,3093,306518,7060
2020-10-30,Madera,039,155013,5198,4991,49,5040,54
2020-10-30,Marin,041,260295,7212,7097,20,7117,125
2020-10-30,Mariposa,043,17540,83,78,0,78,2
2020-10-30,Mendocino,045,87422,1116,1062,5,1067,21
2020-10-30,Merced,047,269075,9802,9539,40,9579,150
2020-10-30,Modoc,049,8938,51,34,3,37,0
2020-10-30,Mono,051,14174,262,193,5,198,1
2020-10-30,Monterey,053,433212,11819,11491,76,11567,92
2020-10-30,Napa,055,140530,2189,2028,9,2037,15
2020-10-30,Nevada,057,99092,685,634,18,652,9
2020-10-30,Orange,059,3164182,62253,59334,1868,61202,1469
2020-10-30,Placer,061,380077,4675,4335,21,4356,58
2020-10-30,Plumas,063,18699,92,80,0,80,0
2020-10-30,Riverside,065,2383286,69880,67752,523,68275,1317
2020-10-30,Sacramento,067,1510023,26873,26147,37,26184,505
2020-10-30,San Benito,069,59416,1470,1440,1,1441,15
2020-10-30,San Bernardino,071,2135413,66756,63512,501,64013,1156
2020-10-30,San Diego,073,3302833,59048,56387,1706,58093,888
2020-10-30,San Francisco,075,870044,12711,12384,53,12437,145
2020-10-30,San Joaquin,077,732212,22466,21849,252,22101,500
2020-10-30,San Luis Obispo,079,281455,4583,4256,40,4296,31
2020-10-30,San Mateo,081,765935,11701,11207,11,11218,159
2020-10-30,Santa Barbara,083,443738,10094,9937,99,10036,128
2020-10-30,Santa Clara,085,1922200,26383,24811,52,24863,378
2020-10-30,Santa Cruz,087,273765,3045,2874,35,2909,25
2020-10-30,Shasta,089,179085,2586,2048,21,2069,32
2020-10-30,Sierra,091,2930,7,6,0,6,0
2020-10-30,Siskiyou,093,43540,245,192,11,203,0
2020-10-30,Solano,095,438530,7824,7497,42,7539,84
2020-10-30,Sonoma,097,501317,10055,9602,33,9635,140
2020-10-30,Stanislaus,099,539301,18113,17861,819,18680,410
2020-10-30,Sutter,101,95872,1927,1860,1,1861,12
2020-10-30,Tehama,103,63373,1013,932,2,934,5
2020-10-30,Trinity,105,12862,105,29,13,42,0
2020-10-30,Tulare,107,460477,18371,17682,464,18146,299
2020-10-30,Tuolumne,109,53932,310,286,4,290,4
2020-10-30,Ventura,111,848112,15435,14578,354,14932,154
2020-10-30,Yolo,113,214977,3394,3263,9,3272,60
2020-10-30,Yuba,115,75493,1321,1256,6,1262,10
2020-10-29,Alameda,001,1643700,24277,23530,233,23763,401
2020-10-29,Alpine,003,1148,7,4,0,4,0
2020-10-29,Amador,005,37829,366,338,0,338,16
2020-10-29,Butte,007,227075,3277,3143,42,3185,57
2020-10-29,Calaveras,009,45235,347,278,0,278,13
2020-10-29,Colusa,011,21464,569,552,1,553,6
2020-10-29,Contra Costa,013,1133247,19567,18933,96,19029,249
2020-10-29,Del Norte,015,27424,185,174,0,174,2
2020-10-29,El Dorado,017,186661,1485,1370,7,1377,4
2020-10-29,Fresno,019,978130,34140,31321,516,31837,445
2020-10-29,Glenn,021,27897,701,673,2,675,3
2020-10-29,Humboldt,023,135768,586,559,1,560,7
2020-10-29,Imperial,025,180216,13174,12769,20,12789,334
2020-10-29,Inyo,027,18085,248,238,5,243,14
2020-10-29,Kern,029,883053,34469,33460,460,33920,437
2020-10-29,Kings,031,150075,8835,8502,61,8563,82
2020-10-29,Lake,033,64148,747,702,0,702,16
2020-10-29,Lassen,035,31185,787,772,2,774,0
2020-10-29,Los Angeles,037,10098052,309036,302246,3047,305293,7046
2020-10-29,Madera,039,155013,5168,4970,47,5017,53
2020-10-29,Marin,041,260295,7198,7083,20,7103,125
2020-10-29,Mariposa,043,17540,81,78,0,78,2
2020-10-29,Mendocino,045,87422,1110,1058,5,1063,21
2020-10-29,Merced,047,269075,9750,9496,40,9536,150
2020-10-29,Modoc,049,8938,49,31,3,34,0
2020-10-29,Mono,051,14174,255,176,5,181,1
2020-10-29,Monterey,053,433212,11738,11425,74,11499,92
2020-10-29,Napa,055,140530,2165,2009,9,2018,15
2020-10-29,Nevada,057,99092,678,632,18,650,9
2020-10-29,Orange,059,3164182,61985,59046,1848,60894,1464
2020-10-29,Placer,061,380077,4630,4270,19,4289,58
2020-10-29,Plumas,063,18699,90,69,0,69,0
2020-10-29,Riverside,065,2383286,69503,67268,493,67761,1304
2020-10-29,Sacramento,067,1510023,26660,25978,36,26014,507
2020-10-29,San Benito,069,59416,1465,1431,1,1432,15
2020-10-29,San Bernardino,071,2135413,66189,62968,491,63459,1150
2020-10-29,San Diego,073,3302833,58582,55916,1677,57593,885
2020-10-29,San Francisco,075,870044,12632,12312,53,12365,145
2020-10-29,San Joaquin,077,732212,22382,21736,240,21976,498
2020-10-29,San Luis Obispo,079,281455,4552,4223,39,4262,31
2020-10-29,San Mateo,081,765935,11655,11145,11,11156,157
2020-10-29,Santa Barbara,083,443738,10061,9902,97,9999,128
2020-10-29,Santa Clara,085,1922200,26232,24614,52,24666,377
2020-10-29,Santa Cruz,087,273765,3020,2850,35,2885,24
2020-10-29,Shasta,089,179085,2523,2008,21,2029,32
2020-10-29,Sierra,091,2930,6,6,0,6,0
2020-10-29,Siskiyou,093,43540,229,185,11,196,0
2020-10-29,Solano,095,438530,7762,7453,42,7495,78
2020-10-29,Sonoma,097,501317,9990,9533,33,9566,140
2020-10-29,Stanislaus,099,539301,18060,17790,798,18588,410
2020-10-29,Sutter,101,95872,1920,1852,1,1853,12
2020-10-29,Tehama,103,63373,995,925,2,927,5
2020-10-29,Trinity,105,12862,100,28,12,40,0
2020-10-29,Tulare,107,460477,18293,17627,445,18072,299
2020-10-29,Tuolumne,109,53932,305,279,4,283,4
2020-10-29,Ventura,111,848112,15344,14486,350,14836,154
2020-10-29,Yolo,113,214977,3365,3246,9,3255,60
2020-10-29,Yuba,115,75493,1310,1248,6,1254,10
2020-10-28,Alameda,001,1643700,24177,23468,232,23700,400
2020-10-28,Alpine,003,1148,6,4,0,4,0
2020-10-28,Amador,005,37829,363,337,0,337,16
2020-10-28,Butte,007,227075,3261,3134,39,3173,56
2020-10-28,Calaveras,009,45235,346,278,0,278,13
2020-10-28,Colusa,011,21464,566,551,1,552,6
2020-10-28,Contra Costa,013,1133247,19480,18828,95,18923,246
2020-10-28,Del Norte,015,27424,182,173,0,173,2
2020-10-28,El Dorado,017,186661,1473,1363,7,1370,4
2020-10-28,Fresno,019,978130,34018,31195,510,31705,444
2020-10-28,Glenn,021,27897,697,673,2,675,3
2020-10-28,Humboldt,023,135768,582,559,1,560,7
2020-10-28,Imperial,025,180216,13125,12730,20,12750,333
2020-10-28,Inyo,027,18085,248,238,5,243,14
2020-10-28,Kern,029,883053,34367,33424,441,33865,436
2020-10-28,Kings,031,150075,8813,8486,60,8546,82
2020-10-28,Lake,033,64148,744,700,0,700,15
2020-10-28,Lassen,035,31185,783,771,2,773,0
2020-10-28,Los Angeles,037,10098052,307577,300726,3005,303731,7031
2020-10-28,Madera,039,155013,5151,4954,46,5000,53
2020-10-28,Marin,041,260295,7187,7079,20,7099,126
2020-10-28,Mariposa,043,17540,81,78,0,78,2
2020-10-28,Mendocino,045,87422,1109,1037,5,1042,20
2020-10-28,Merced,047,269075,9724,9480,39,9519,150
2020-10-28,Modoc,049,8938,48,31,2,33,0
2020-10-28,Mono,051,14174,237,176,5,181,1
2020-10-28,Monterey,053,433212,11680,11330,72,11402,89
2020-10-28,Napa,055,140530,2139,1998,8,2006,15
2020-10-28,Nevada,057,99092,670,629,18,647,9
2020-10-28,Orange,059,3164182,61721,58801,1832,60633,1459
2020-10-28,Placer,061,380077,4574,4236,19,4255,57
2020-10-28,Plumas,063,18699,89,67,0,67,0
2020-10-28,Riverside,065,2383286,69105,67003,469,67472,1302
2020-10-28,Sacramento,067,1510023,26464,25838,35,25873,506
2020-10-28,San Benito,069,59416,1457,1429,1,1430,15
2020-10-28,San Bernardino,071,2135413,65730,62778,482,63260,1154
2020-10-28,San Diego,073,3302833,58199,55556,1648,57204,881
2020-10-28,San Francisco,075,870044,12574,12261,52,12313,145
2020-10-28,San Joaquin,077,732212,22298,21707,229,21936,498
2020-10-28,San Luis Obispo,079,281455,4508,4197,36,4233,31
2020-10-28,San Mateo,081,765935,11588,11101,11,11112,157
2020-10-28,Santa Barbara,083,443738,10037,9872,95,9967,127
2020-10-28,Santa Clara,085,1922200,26088,24503,52,24555,375
2020-10-28,Santa Cruz,087,273765,2989,2836,35,2871,24
2020-10-28,Shasta,089,179085,2443,1996,20,2016,31
2020-10-28,Sierra,091,2930,6,6,0,6,0
2020-10-28,Siskiyou,093,43540,226,182,10,192,0
2020-10-28,Solano,095,438530,7703,7362,42,7404,77
2020-10-28,Sonoma,097,501317,9900,9457,28,9485,140
2020-10-28,Stanislaus,099,539301,17995,17765,788,18553,409
2020-10-28,Sutter,101,95872,1911,1840,1,1841,12
2020-10-28,Tehama,103,63373,984,921,2,923,5
2020-10-28,Trinity,105,12862,93,28,11,39,0
2020-10-28,Tulare,107,460477,18236,17569,429,17998,297
2020-10-28,Tuolumne,109,53932,302,277,4,281,4
2020-10-28,Ventura,111,848112,15271,14409,341,14750,153
2020-10-28,Yolo,113,214977,3341,3230,9,3239,60
2020-10-28,Yuba,115,75493,1298,1245,6,1251,10
2020-10-27,Alameda,001,1643700,24063,23365,230,23595,400
2020-10-27,Alpine,003,1148,6,3,0,3,0
2020-10-27,Amador,005,37829,360,335,0,335,16
2020-10-27,Butte,007,227075,3246,3107,36,3143,56
2020-10-27,Calaveras,009,45235,344,277,0,277,13
2020-10-27,Colusa,011,21464,561,549,1,550,6
2020-10-27,Contra Costa,013,1133247,19374,18766,95,18861,246
2020-10-27,Del Norte,015,27424,179,173,0,173,2
2020-10-27,El Dorado,017,186661,1460,1351,7,1358,4
2020-10-27,Fresno,019,978130,33899,31096,505,31601,442
2020-10-27,Glenn,021,27897,695,667,1,668,3
2020-10-27,Humboldt,023,135768,579,559,1,560,7
2020-10-27,Imperial,025,180216,13076,12680,19,12699,333
2020-10-27,Inyo,027,18085,248,231,5,236,14
2020-10-27,Kern,029,883053,34250,33328,437,33765,436
2020-10-27,Kings,031,150075,8782,8411,60,8471,83
2020-10-27,Lake,033,64148,741,700,0,700,15
2020-10-27,Lassen,035,31185,781,764,2,766,0
2020-10-27,Los Angeles,037,10098052,306193,299438,2976,302414,7008
2020-10-27,Madera,039,155013,5121,4942,45,4987,53
2020-10-27,Marin,041,260295,7171,7070,20,7090,126
2020-10-27,Mariposa,043,17540,80,78,0,78,2
2020-10-27,Mendocino,045,87422,1103,1033,4,1037,20
2020-10-27,Merced,047,269075,9683,9449,39,9488,150
2020-10-27,Modoc,049,8938,46,31,2,33,0
2020-10-27,Mono,051,14174,223,169,5,174,1
2020-10-27,Monterey,053,433212,11624,11261,70,11331,88
2020-10-27,Napa,055,140530,2123,1979,8,1987,15
2020-10-27,Nevada,057,99092,664,622,18,640,8
2020-10-27,Orange,059,3164182,61449,58550,1816,60366,1448
2020-10-27,Placer,061,380077,4525,4197,17,4214,57
2020-10-27,Plumas,063,18699,86,63,0,63,0
2020-10-27,Riverside,065,2383286,68752,66699,424,67123,1299
2020-10-27,Sacramento,067,1510023,26277,25701,33,25734,501
2020-10-27,San Benito,069,59416,1452,1428,1,1429,15
2020-10-27,San Bernardino,071,2135413,65269,62357,469,62826,1154
2020-10-27,San Diego,073,3302833,57726,55226,1625,56851,877
2020-10-27,San Francisco,075,870044,12499,12218,51,12269,140
2020-10-27,San Joaquin,077,732212,22207,21637,220,21857,496
2020-10-27,San Luis Obispo,079,281455,4481,4148,32,4180,31
2020-10-27,San Mateo,081,765935,11540,11074,11,11085,156
2020-10-27,Santa Barbara,083,443738,10007,9874,94,9968,125
2020-10-27,Santa Clara,085,1922200,25946,24368,52,24420,367
2020-10-27,Santa Cruz,087,273765,2959,2815,34,2849,24
2020-10-27,Shasta,089,179085,2357,1962,20,1982,29
2020-10-27,Sierra,091,2930,6,6,0,6,0
2020-10-27,Siskiyou,093,43540,217,181,10,191,0
2020-10-27,Solano,095,438530,7634,7298,42,7340,77
2020-10-27,Sonoma,097,501317,9833,9389,28,9417,140
2020-10-27,Stanislaus,099,539301,17927,17720,781,18501,408
2020-10-27,Sutter,101,95872,1898,1832,1,1833,12
2020-10-27,Tehama,103,63373,970,913,2,915,5
2020-10-27,Trinity,105,12862,90,28,11,39,0
2020-10-27,Tulare,107,460477,18173,17520,406,17926,296
2020-10-27,Tuolumne,109,53932,298,275,4,279,4
2020-10-27,Ventura,111,848112,15188,14347,334,14681,153
2020-10-27,Yolo,113,214977,3327,3216,9,3225,58
2020-10-27,Yuba,115,75493,1285,1235,6,1241,10
2020-10-26,Alameda,001,1643700,23950,23284,229,23513,398
2020-10-26,Alpine,003,1148,4,3,0,3,0
2020-10-26,Amador,005,37829,356,331,0,331,16
2020-10-26,Butte,007,227075,3235,3095,34,3129,56
2020-10-26,Calaveras,009,45235,340,274,0,274,13
2020-10-26,Colusa,011,21464,559,548,1,549,6
2020-10-26,Contra Costa,013,1133247,19278,18718,94,18812,245
2020-10-26,Del Norte,015,27424,179,171,0,171,2
2020-10-26,El Dorado,017,186661,1446,1336,7,1343,4
2020-10-26,Fresno,019,978130,33786,30969,498,31467,441
2020-10-26,Glenn,021,27897,688,660,1,661,3
2020-10-26,Humboldt,023,135768,571,554,1,555,7
2020-10-26,Imperial,025,180216,13022,12654,16,12670,333
2020-10-26,Inyo,027,18085,248,226,5,231,14
2020-10-26,Kern,029,883053,34166,33233,432,33665,432
2020-10-26,Kings,031,150075,8760,8264,58,8322,82
2020-10-26,Lake,033,64148,739,697,0,697,15
2020-10-26,Lassen,035,31185,778,764,2,766,0
2020-10-26,Los Angeles,037,10098052,304764,297961,2935,300896,6979
2020-10-26,Madera,039,155013,5100,4922,44,4966,53
2020-10-26,Marin,041,260295,7165,7064,19,7083,104
2020-10-26,Mariposa,043,17540,80,77,0,77,2
2020-10-26,Mendocino,045,87422,1095,1026,4,1030,20
2020-10-26,Merced,047,269075,9636,9375,38,9413,150
2020-10-26,Modoc,049,8938,44,28,0,28,0
2020-10-26,Mono,051,14174,217,167,5,172,1
2020-10-26,Monterey,053,433212,11573,11207,66,11273,87
2020-10-26,Napa,055,140530,2091,1966,8,1974,14
2020-10-26,Nevada,057,99092,657,618,18,636,8
2020-10-26,Orange,059,3164182,61246,58377,1797,60174,1442
2020-10-26,Placer,061,380077,4483,4161,16,4177,57
2020-10-26,Plumas,063,18699,84,63,0,63,0
2020-10-26,Riverside,065,2383286,68300,66475,398,66873,1294
2020-10-26,Sacramento,067,1510023,26096,25555,31,25586,496
2020-10-26,San Benito,069,59416,1444,1424,1,1425,15
2020-10-26,San Bernardino,071,2135413,64798,61871,466,62337,1153
2020-10-26,San Diego,073,3302833,57333,54957,1587,56544,870
2020-10-26,San Francisco,075,870044,12439,12072,51,12123,138
2020-10-26,San Joaquin,077,732212,22124,21459,214,21673,495
2020-10-26,San Luis Obispo,079,281455,4455,4133,32,4165,31
2020-10-26,San Mateo,081,765935,11496,11037,11,11048,156
2020-10-26,Santa Barbara,083,443738,9984,9827,94,9921,122
2020-10-26,Santa Clara,085,1922200,25756,24258,51,24309,365
2020-10-26,Santa Cruz,087,273765,2933,2808,34,2842,24
2020-10-26,Shasta,089,179085,2303,1889,20,1909,29
2020-10-26,Sierra,091,2930,6,6,0,6,0
2020-10-26,Siskiyou,093,43540,209,179,10,189,0
2020-10-26,Solano,095,438530,7554,7271,42,7313,62
2020-10-26,Sonoma,097,501317,9754,9315,28,9343,140
2020-10-26,Stanislaus,099,539301,17877,17666,771,18437,400
2020-10-26,Sutter,101,95872,1890,1817,1,1818,12
2020-10-26,Tehama,103,63373,950,892,2,894,5
2020-10-26,Trinity,105,12862,89,26,11,37,0
2020-10-26,Tulare,107,460477,18096,17432,383,17815,296
2020-10-26,Tuolumne,109,53932,289,271,4,275,4
2020-10-26,Ventura,111,848112,15118,14330,331,14661,154
2020-10-26,Yolo,113,214977,3308,3206,9,3215,58
2020-10-26,Yuba,115,75493,1269,1226,6,1232,10
2020-10-25,Alameda,001,1643700,23844,23192,229,23421,398
2020-10-25,Alpine,003,1148,3,3,0,3,0
2020-10-25,Amador,005,37829,345,330,0,330,16
2020-10-25,Butte,007,227075,3216,3087,34,3121,56
2020-10-25,Calaveras,009,45235,339,274,0,274,13
2020-10-25,Colusa,011,21464,555,548,1,549,6
2020-10-25,Contra Costa,013,1133247,19176,18640,94,18734,245
2020-10-25,Del Norte,015,27424,175,171,0,171,2
2020-10-25,El Dorado,017,186661,1431,1328,7,1335,4
2020-10-25,Fresno,019,978130,33652,30858,485,31343,441
2020-10-25,Glenn,021,27897,685,652,1,653,3
2020-10-25,Humboldt,023,135768,568,554,1,555,7
2020-10-25,Imperial,025,180216,12973,12572,16,12588,333
2020-10-25,Inyo,027,18085,245,226,5,231,14
2020-10-25,Kern,029,883053,34059,33185,428,33613,432
2020-10-25,Kings,031,150075,8727,8246,56,8302,82
2020-10-25,Lake,033,64148,722,695,0,695,15
2020-10-25,Lassen,035,31185,776,764,2,766,0
2020-10-25,Los Angeles,037,10098052,303202,297110,2898,300008,6973
2020-10-25,Madera,039,155013,5070,4909,39,4948,53
2020-10-25,Marin,041,260295,7155,7052,19,7071,102
2020-10-25,Mariposa,043,17540,80,77,0,77,2
2020-10-25,Mendocino,045,87422,1088,1024,4,1028,20
2020-10-25,Merced,047,269075,9571,9352,36,9388,150
2020-10-25,Modoc,049,8938,39,28,0,28,0
2020-10-25,Mono,051,14174,209,167,5,172,1
2020-10-25,Monterey,053,433212,11490,11182,61,11243,87
2020-10-25,Napa,055,140530,2061,1962,8,1970,14
2020-10-25,Nevada,057,99092,649,616,18,634,8
2020-10-25,Orange,059,3164182,60958,58185,1788,59973,1443
2020-10-25,Placer,061,380077,4431,4140,16,4156,57
2020-10-25,Plumas,063,18699,84,63,0,63,0
2020-10-25,Riverside,065,2383286,67849,66192,382,66574,1289
2020-10-25,Sacramento,067,1510023,25880,25445,28,25473,496
2020-10-25,San Benito,069,59416,1437,1423,1,1424,15
2020-10-25,San Bernardino,071,2135413,64257,61551,454,62005,1153
2020-10-25,San Diego,073,3302833,56870,54599,1555,56154,870
2020-10-25,San Francisco,075,870044,12366,12072,51,12123,137
2020-10-25,San Joaquin,077,732212,22016,21459,206,21665,495
2020-10-25,San Luis Obispo,079,281455,4413,4126,30,4156,31
2020-10-25,San Mateo,081,765935,11451,10987,11,10998,156
2020-10-25,Santa Barbara,083,443738,9964,9814,94,9908,122
2020-10-25,Santa Clara,085,1922200,25568,24087,51,24138,365
2020-10-25,Santa Cruz,087,273765,2906,2789,34,2823,24
2020-10-25,Shasta,089,179085,2239,1889,20,1909,29
2020-10-25,Sierra,091,2930,6,6,0,6,0
2020-10-25,Siskiyou,093,43540,206,176,10,186,0
2020-10-25,Solano,095,438530,7476,7197,42,7239,60
2020-10-25,Sonoma,097,501317,9661,9235,27,9262,140
2020-10-25,Stanislaus,099,539301,17820,17641,761,18402,400
2020-10-25,Sutter,101,95872,1872,1811,1,1812,12
2020-10-25,Tehama,103,63373,933,880,2,882,5
2020-10-25,Trinity,105,12862,85,26,11,37,0
2020-10-25,Tulare,107,460477,18023,17431,373,17804,296
2020-10-25,Tuolumne,109,53932,284,271,4,275,4
2020-10-25,Ventura,111,848112,15025,14300,325,14625,154
2020-10-25,Yolo,113,214977,3287,3190,9,3199,58
2020-10-25,Yuba,115,75493,1261,1219,6,1225,10
2020-10-24,Alameda,001,1643700,23773,23099,226,23325,398
2020-10-24,Alpine,003,1148,3,3,0,3,0
2020-10-24,Amador,005,37829,344,328,0,328,16
2020-10-24,Butte,007,227075,3207,3078,34,3112,56
2020-10-24,Calaveras,009,45235,337,274,0,274,13
2020-10-24,Colusa,011,21464,550,548,1,549,6
2020-10-24,Contra Costa,013,1133247,19109,18567,94,18661,244
2020-10-24,Del Norte,015,27424,174,171,0,171,2
2020-10-24,El Dorado,017,186661,1415,1317,7,1324,4
2020-10-24,Fresno,019,978130,33591,30752,480,31232,441
2020-10-24,Glenn,021,27897,682,650,1,651,3
2020-10-24,Humboldt,023,135768,566,553,1,554,7
2020-10-24,Imperial,025,180216,12946,12469,16,12485,333
2020-10-24,Inyo,027,18085,245,226,5,231,14
2020-10-24,Kern,029,883053,34001,33105,422,33527,432
2020-10-24,Kings,031,150075,8717,8228,55,8283,82
2020-10-24,Lake,033,64148,717,696,0,696,15
2020-10-24,Lassen,035,31185,775,764,2,766,0
2020-10-24,Los Angeles,037,10098052,302383,296323,2876,299199,6969
2020-10-24,Madera,039,155013,5057,4898,38,4936,53
2020-10-24,Marin,041,260295,7146,7042,19,7061,102
2020-10-24,Mariposa,043,17540,80,77,0,77,2
2020-10-24,Mendocino,045,87422,1076,1022,4,1026,20
2020-10-24,Merced,047,269075,9547,9351,36,9387,150
2020-10-24,Modoc,049,8938,38,28,0,28,0
2020-10-24,Mono,051,14174,195,167,5,172,1
2020-10-24,Monterey,053,433212,11421,11153,60,11213,87
2020-10-24,Napa,055,140530,2044,1957,8,1965,14
2020-10-24,Nevada,057,99092,645,608,18,626,8
2020-10-24,Orange,059,3164182,60803,57928,1778,59706,1441
2020-10-24,Placer,061,380077,4400,4093,16,4109,57
2020-10-24,Plumas,063,18699,78,63,0,63,0
2020-10-24,Riverside,065,2383286,67641,65902,367,66269,1288
2020-10-24,Sacramento,067,1510023,25799,25372,28,25400,496
2020-10-24,San Benito,069,59416,1432,1417,1,1418,15
2020-10-24,San Bernardino,071,2135413,64017,61351,445,61796,1153
2020-10-24,San Diego,073,3302833,56593,54330,1542,55872,868
2020-10-24,San Francisco,075,870044,12308,12073,50,12123,137
2020-10-24,San Joaquin,077,732212,21963,21458,201,21659,495
2020-10-24,San Luis Obispo,079,281455,4390,4119,29,4148,31
2020-10-24,San Mateo,081,765935,11412,10942,11,10953,155
2020-10-24,Santa Barbara,083,443738,9947,9781,94,9875,122
2020-10-24,Santa Clara,085,1922200,25481,23978,51,24029,365
2020-10-24,Santa Cruz,087,273765,2887,2775,34,2809,24
2020-10-24,Shasta,089,179085,2194,1878,20,1898,29
2020-10-24,Sierra,091,2930,6,6,0,6,0
2020-10-24,Siskiyou,093,43540,205,174,10,184,0
2020-10-24,Solano,095,438530,7423,7189,42,7231,60
2020-10-24,Sonoma,097,501317,9627,9179,27,9206,140
2020-10-24,Stanislaus,099,539301,17776,17574,745,18319,400
2020-10-24,Sutter,101,95872,1863,1804,1,1805,12
2020-10-24,Tehama,103,63373,925,872,2,874,5
2020-10-24,Trinity,105,12862,85,25,11,36,0
2020-10-24,Tulare,107,460477,18000,17406,362,17768,295
2020-10-24,Tuolumne,109,53932,281,269,4,273,4
2020-10-24,Ventura,111,848112,14972,14240,324,14564,154
2020-10-24,Yolo,113,214977,3275,3164,9,3173,57
2020-10-24,Yuba,115,75493,1258,1210,6,1216,10
2020-10-23,Alameda,001,1643700,23701,23047,224,23271,393
2020-10-23,Alpine,003,1148,3,3,0,3,0
2020-10-23,Amador,005,37829,343,324,0,324,16
2020-10-23,Butte,007,227075,3198,3059,34,3093,55
2020-10-23,Calaveras,009,45235,336,273,0,273,13
2020-10-23,Colusa,011,21464,550,547,1,548,6
2020-10-23,Contra Costa,013,1133247,19039,18483,93,18576,244
2020-10-23,Del Norte,015,27424,174,171,0,171,2
2020-10-23,El Dorado,017,186661,1406,1310,7,1317,4
2020-10-23,Fresno,019,978130,33524,30590,477,31067,441
2020-10-23,Glenn,021,27897,679,644,1,645,3
2020-10-23,Humboldt,023,135768,564,553,1,554,7
2020-10-23,Imperial,025,180216,12915,12398,15,12413,333
2020-10-23,Inyo,027,18085,244,226,5,231,14
2020-10-23,Kern,029,883053,33933,33077,417,33494,431
2020-10-23,Kings,031,150075,8708,8218,55,8273,82
2020-10-23,Lake,033,64148,715,689,0,689,15
2020-10-23,Lassen,035,31185,774,764,2,766,0
2020-10-23,Los Angeles,037,10098052,301301,294287,2848,297135,6956
2020-10-23,Madera,039,155013,5052,4888,38,4926,53
2020-10-23,Marin,041,260295,7133,7029,19,7048,102
2020-10-23,Mariposa,043,17540,80,77,0,77,2
2020-10-23,Mendocino,045,87422,1073,1019,4,1023,20
2020-10-23,Merced,047,269075,9533,9327,36,9363,149
2020-10-23,Modoc,049,8938,38,28,0,28,0
2020-10-23,Mono,051,14174,194,159,5,164,1
2020-10-23,Monterey,053,433212,11374,11099,56,11155,86
2020-10-23,Napa,055,140530,2036,1942,8,1950,14
2020-10-23,Nevada,057,99092,642,604,18,622,8
2020-10-23,Orange,059,3164182,60633,57595,1763,59358,1430
2020-10-23,Placer,061,380077,4353,4073,16,4089,57
2020-10-23,Plumas,063,18699,75,63,0,63,0
2020-10-23,Riverside,065,2383286,67402,65512,359,65871,1279
2020-10-23,Sacramento,067,1510023,25694,25224,28,25252,496
2020-10-23,San Benito,069,59416,1430,1412,1,1413,15
2020-10-23,San Bernardino,071,2135413,63731,60854,431,61285,1150
2020-10-23,San Diego,073,3302833,56287,53944,1515,55459,867
2020-10-23,San Francisco,075,870044,12277,12015,50,12065,137
2020-10-23,San Joaquin,077,732212,21907,21361,195,21556,495
2020-10-23,San Luis Obispo,079,281455,4365,4102,29,4131,31
2020-10-23,San Mateo,081,765935,11363,10872,11,10883,155
2020-10-23,Santa Barbara,083,443738,9931,9751,94,9845,121
2020-10-23,Santa Clara,085,1922200,25379,23822,51,23873,364
2020-10-23,Santa Cruz,087,273765,2873,2757,34,2791,24
2020-10-23,Shasta,089,179085,2157,1846,19,1865,29
2020-10-23,Sierra,091,2930,6,6,0,6,0
2020-10-23,Siskiyou,093,43540,201,172,10,182,0
2020-10-23,Solano,095,438530,7392,7174,42,7216,59
2020-10-23,Sonoma,097,501317,9570,9112,27,9139,139
2020-10-23,Stanislaus,099,539301,17739,17496,738,18234,395
2020-10-23,Sutter,101,95872,1856,1797,1,1798,12
2020-10-23,Tehama,103,63373,916,862,2,864,5
2020-10-23,Trinity,105,12862,85,26,11,37,0
2020-10-23,Tulare,107,460477,17955,17334,350,17684,295
2020-10-23,Tuolumne,109,53932,279,254,4,258,4
2020-10-23,Ventura,111,848112,14943,14192,324,14516,155
2020-10-23,Yolo,113,214977,3263,3140,9,3149,57
2020-10-23,Yuba,115,75493,1254,1206,6,1212,10
2020-10-22,Alameda,001,1643700,23599,22915,224,23139,393
2020-10-22,Alpine,003,1148,3,3,0,3,0
2020-10-22,Amador,005,37829,339,317,0,317,16
2020-10-22,Butte,007,227075,3188,3046,32,3078,55
2020-10-22,Calaveras,009,45235,333,273,0,273,13
2020-10-22,Colusa,011,21464,550,547,1,548,6
2020-10-22,Contra Costa,013,1133247,18968,18393,93,18486,243
2020-10-22,Del Norte,015,27424,173,168,0,168,2
2020-10-22,El Dorado,017,186661,1396,1308,7,1315,4
2020-10-22,Fresno,019,978130,33414,30471,469,30940,438
2020-10-22,Glenn,021,27897,672,643,1,644,3
2020-10-22,Humboldt,023,135768,562,548,1,549,7
2020-10-22,Imperial,025,180216,12862,12311,15,12326,333
2020-10-22,Inyo,027,18085,241,220,5,225,14
2020-10-22,Kern,029,883053,33852,32991,414,33405,431
2020-10-22,Kings,031,150075,8457,8201,55,8256,82
2020-10-22,Lake,033,64148,711,678,0,678,15
2020-10-22,Lassen,035,31185,771,764,2,766,0
2020-10-22,Los Angeles,037,10098052,299925,291599,2789,294388,6935
2020-10-22,Madera,039,155013,5031,4847,38,4885,52
2020-10-22,Marin,041,260295,7126,7014,19,7033,102
2020-10-22,Mariposa,043,17540,80,77,0,77,2
2020-10-22,Mendocino,045,87422,1068,1016,4,1020,20
2020-10-22,Merced,047,269075,9505,9323,36,9359,149
2020-10-22,Modoc,049,8938,34,26,0,26,0
2020-10-22,Mono,051,14174,189,156,5,161,1
2020-10-22,Monterey,053,433212,11315,11059,53,11112,84
2020-10-22,Napa,055,140530,2021,1928,8,1936,14
2020-10-22,Nevada,057,99092,636,600,18,618,8
2020-10-22,Orange,059,3164182,60418,57418,1746,59164,1422
2020-10-22,Placer,061,380077,4304,4036,16,4052,57
2020-10-22,Plumas,063,18699,72,62,0,62,0
2020-10-22,Riverside,065,2383286,67066,65104,339,65443,1279
2020-10-22,Sacramento,067,1510023,25554,25054,28,25082,492
2020-10-22,San Benito,069,59416,1426,1403,1,1404,15
2020-10-22,San Bernardino,071,2135413,63328,60402,416,60818,1149
2020-10-22,San Diego,073,3302833,55900,53514,1496,55010,866
2020-10-22,San Francisco,075,870044,12219,11991,48,12039,137
2020-10-22,San Joaquin,077,732212,21834,21282,189,21471,495
2020-10-22,San Luis Obispo,079,281455,4349,4081,29,4110,31
2020-10-22,San Mateo,081,765935,11307,10796,11,10807,155
2020-10-22,Santa Barbara,083,443738,9897,9710,92,9802,120
2020-10-22,Santa Clara,085,1922200,25225,23621,51,23672,363
2020-10-22,Santa Cruz,087,273765,2855,2738,33,2771,24
2020-10-22,Shasta,089,179085,2111,1799,19,1818,29
2020-10-22,Sierra,091,2930,6,6,0,6,0
2020-10-22,Siskiyou,093,43540,201,169,10,179,0
2020-10-22,Solano,095,438530,7346,7116,42,7158,59
2020-10-22,Sonoma,097,501317,9504,9052,26,9078,139
2020-10-22,Stanislaus,099,539301,17685,17440,726,18166,395
2020-10-22,Sutter,101,95872,1842,1794,1,1795,12
2020-10-22,Tehama,103,63373,905,852,2,854,5
2020-10-22,Trinity,105,12862,84,26,11,37,0
2020-10-22,Tulare,107,460477,17889,17265,337,17602,293
2020-10-22,Tuolumne,109,53932,277,252,4,256,4
2020-10-22,Ventura,111,848112,14896,14124,322,14446,154
2020-10-22,Yolo,113,214977,3251,3116,9,3125,58
2020-10-22,Yuba,115,75493,1247,1199,5,1204,10
2020-10-21,Alameda,001,1643700,23511,22853,222,23075,392
2020-10-21,Alpine,003,1148,3,3,0,3,0
2020-10-21,Amador,005,37829,334,313,0,313,16
2020-10-21,Butte,007,227075,3176,3041,32,3073,55
2020-10-21,Calaveras,009,45235,332,272,0,272,13
2020-10-21,Colusa,011,21464,550,546,1,547,6
2020-10-21,Contra Costa,013,1133247,18894,18299,93,18392,243
2020-10-21,Del Norte,015,27424,173,169,0,169,2
2020-10-21,El Dorado,017,186661,1384,1305,6,1311,4
2020-10-21,Fresno,019,978130,33318,30328,464,30792,433
2020-10-21,Glenn,021,27897,667,640,1,641,3
2020-10-21,Humboldt,023,135768,561,548,1,549,7
2020-10-21,Imperial,025,180216,12805,12210,15,12225,331
2020-10-21,Inyo,027,18085,237,220,5,225,14
2020-10-21,Kern,029,883053,33777,32956,412,33368,430
2020-10-21,Kings,031,150075,8430,8186,55,8241,80
2020-10-21,Lake,033,64148,710,676,0,676,15
2020-10-21,Lassen,035,31185,770,764,2,766,0
2020-10-21,Los Angeles,037,10098052,298585,288096,2747,290843,6923
2020-10-21,Madera,039,155013,5006,4831,38,4869,52
2020-10-21,Marin,041,260295,7117,7002,19,7021,102
2020-10-21,Mariposa,043,17540,80,77,0,77,2
2020-10-21,Mendocino,045,87422,1066,1011,4,1015,21
2020-10-21,Merced,047,269075,9481,9319,34,9353,149
2020-10-21,Modoc,049,8938,33,26,0,26,0
2020-10-21,Mono,051,14174,187,156,5,161,1
2020-10-21,Monterey,053,433212,11277,11005,52,11057,83
2020-10-21,Napa,055,140530,2006,1918,8,1926,13
2020-10-21,Nevada,057,99092,630,597,18,615,8
2020-10-21,Orange,059,3164182,60206,57189,1737,58926,1409
2020-10-21,Placer,061,380077,4267,4007,16,4023,56
2020-10-21,Plumas,063,18699,69,58,0,58,0
2020-10-21,Riverside,065,2383286,66770,64778,315,65093,1278
2020-10-21,Sacramento,067,1510023,25361,24908,28,24936,490
2020-10-21,San Benito,069,59416,1425,1401,1,1402,14
2020-10-21,San Bernardino,071,2135413,62919,59948,409,60357,1141
2020-10-21,San Diego,073,3302833,55548,53279,1468,54747,863
2020-10-21,San Francisco,075,870044,12170,11976,47,12023,137
2020-10-21,San Joaquin,077,732212,21758,21201,183,21384,495
2020-10-21,San Luis Obispo,079,281455,4322,4055,27,4082,31
2020-10-21,San Mateo,081,765935,11258,10730,11,10741,155
2020-10-21,Santa Barbara,083,443738,9879,9681,91,9772,121
2020-10-21,Santa Clara,085,1922200,25099,23537,51,23588,361
2020-10-21,Santa Cruz,087,273765,2832,2729,33,2762,24
2020-10-21,Shasta,089,179085,2075,1777,19,1796,27
2020-10-21,Sierra,091,2930,6,6,0,6,0
2020-10-21,Siskiyou,093,43540,197,169,10,179,0
2020-10-21,Solano,095,438530,7300,7088,42,7130,59
2020-10-21,Sonoma,097,501317,9424,8987,26,9013,138
2020-10-21,Stanislaus,099,539301,17635,17419,718,18137,392
2020-10-21,Sutter,101,95872,1828,1786,1,1787,12
2020-10-21,Tehama,103,63373,889,824,2,826,5
2020-10-21,Trinity,105,12862,78,25,10,35,0
2020-10-21,Tulare,107,460477,17851,17204,323,17527,292
2020-10-21,Tuolumne,109,53932,276,251,4,255,4
2020-10-21,Ventura,111,848112,14833,14050,319,14369,153
2020-10-21,Yolo,113,214977,3232,3095,9,3104,58
2020-10-21,Yuba,115,75493,1238,1194,5,1199,10
2020-10-20,Alameda,001,1643700,23408,22750,218,22968,391
2020-10-20,Alpine,003,1148,3,3,0,3,0
2020-10-20,Amador,005,37829,333,313,0,313,16
2020-10-20,Butte,007,227075,3164,3027,32,3059,56
2020-10-20,Calaveras,009,45235,331,273,0,273,13
2020-10-20,Colusa,011,21464,547,546,1,547,6
2020-10-20,Contra Costa,013,1133247,18802,18246,93,18339,241
2020-10-20,Del Norte,015,27424,172,169,0,169,2
2020-10-20,El Dorado,017,186661,1378,1295,6,1301,4
2020-10-20,Fresno,019,978130,33215,30220,458,30678,431
2020-10-20,Glenn,021,27897,662,638,1,639,3
2020-10-20,Humboldt,023,135768,557,545,1,546,7
2020-10-20,Imperial,025,180216,12737,12114,15,12129,330
2020-10-20,Inyo,027,18085,237,218,5,223,14
2020-10-20,Kern,029,883053,33702,32889,399,33288,429
2020-10-20,Kings,031,150075,8412,8178,54,8232,80
2020-10-20,Lake,033,64148,708,675,0,675,15
2020-10-20,Lassen,035,31185,769,757,2,759,0
2020-10-20,Los Angeles,037,10098052,297093,287727,2696,290423,6891
2020-10-20,Madera,039,155013,4989,4823,38,4861,52
2020-10-20,Marin,041,260295,7102,6994,19,7013,101
2020-10-20,Mariposa,043,17540,79,77,0,77,2
2020-10-20,Mendocino,045,87422,1064,1004,4,1008,21
2020-10-20,Merced,047,269075,9459,9323,34,9357,149
2020-10-20,Modoc,049,8938,32,26,0,26,0
2020-10-20,Mono,051,14174,187,156,5,161,1
2020-10-20,Monterey,053,433212,11234,10942,49,10991,81
2020-10-20,Napa,055,140530,1987,1912,8,1920,13
2020-10-20,Nevada,057,99092,620,596,18,614,8
2020-10-20,Orange,059,3164182,59942,56914,1727,58641,1397
2020-10-20,Placer,061,380077,4229,3997,16,4013,56
2020-10-20,Plumas,063,18699,66,53,0,53,0
2020-10-20,Riverside,065,2383286,66391,64452,303,64755,1275
2020-10-20,Sacramento,067,1510023,25233,24767,27,24794,485
2020-10-20,San Benito,069,59416,1422,1398,1,1399,14
2020-10-20,San Bernardino,071,2135413,62535,59571,407,59978,1109
2020-10-20,San Diego,073,3302833,55212,53004,1448,54452,857
2020-10-20,San Francisco,075,870044,12123,12013,46,12059,126
2020-10-20,San Joaquin,077,732212,21679,21173,173,21346,490
2020-10-20,San Luis Obispo,079,281455,4304,4043,26,4069,31
2020-10-20,San Mateo,081,765935,11211,10659,11,10670,155
2020-10-20,Santa Barbara,083,443738,9850,9664,89,9753,121
2020-10-20,Santa Clara,085,1922200,24962,23406,51,23457,358
2020-10-20,Santa Cruz,087,273765,2809,2710,33,2743,23
2020-10-20,Shasta,089,179085,2052,1747,19,1766,20
2020-10-20,Sierra,091,2930,6,6,0,6,0
2020-10-20,Siskiyou,093,43540,189,168,10,178,0
2020-10-20,Solano,095,438530,7251,7044,42,7086,57
2020-10-20,Sonoma,097,501317,9361,8904,24,8928,135
2020-10-20,Stanislaus,099,539301,17581,17367,714,18081,393
2020-10-20,Sutter,101,95872,1819,1783,1,1784,12
2020-10-20,Tehama,103,63373,874,813,2,815,5
2020-10-20,Trinity,105,12862,77,25,10,35,0
2020-10-20,Tulare,107,460477,17784,17156,318,17474,289
2020-10-20,Tuolumne,109,53932,274,250,4,254,4
2020-10-20,Ventura,111,848112,14769,13980,317,14297,152
2020-10-20,Yolo,113,214977,3209,3083,9,3092,56
2020-10-20,Yuba,115,75493,1228,1191,5,1196,10
2020-10-19,Alameda,001,1643700,23298,22647,217,22864,392
2020-10-19,Alpine,003,1148,3,3,0,3,0
2020-10-19,Amador,005,37829,327,313,0,313,16
2020-10-19,Butte,007,227075,3153,3026,32,3058,55
2020-10-19,Calaveras,009,45235,330,268,0,268,13
2020-10-19,Colusa,011,21464,547,544,1,545,6
2020-10-19,Contra Costa,013,1133247,18704,18173,93,18266,239
2020-10-19,Del Norte,015,27424,169,167,0,167,2
2020-10-19,El Dorado,017,186661,1357,1287,6,1293,4
2020-10-19,Fresno,019,978130,33106,30152,452,30604,431
2020-10-19,Glenn,021,27897,657,635,0,635,3
2020-10-19,Humboldt,023,135768,557,543,1,544,7
2020-10-19,Imperial,025,180216,12683,12036,14,12050,330
2020-10-19,Inyo,027,18085,236,218,5,223,14
2020-10-19,Kern,029,883053,33626,32840,396,33236,428
2020-10-19,Kings,031,150075,8394,8173,54,8227,80
2020-10-19,Lake,033,64148,705,673,0,673,15
2020-10-19,Lassen,035,31185,768,757,2,759,0
2020-10-19,Los Angeles,037,10098052,295607,287119,2658,289777,6858
2020-10-19,Madera,039,155013,4974,4787,38,4825,52
2020-10-19,Marin,041,260295,7084,6981,19,7000,100
2020-10-19,Mariposa,043,17540,79,77,0,77,2
2020-10-19,Mendocino,045,87422,1059,1001,4,1005,21
2020-10-19,Merced,047,269075,9434,9305,30,9335,148
2020-10-19,Modoc,049,8938,31,26,0,26,0
2020-10-19,Mono,051,14174,182,156,5,161,1
2020-10-19,Monterey,053,433212,11173,10907,49,10956,80
2020-10-19,Napa,055,140530,1975,1892,8,1900,12
2020-10-19,Nevada,057,99092,617,590,18,608,8
2020-10-19,Orange,059,3164182,59659,56652,1712,58364,1396
2020-10-19,Placer,061,380077,4180,3962,16,3978,49
2020-10-19,Plumas,063,18699,64,52,0,52,0
2020-10-19,Riverside,065,2383286,65960,64016,287,64303,1272
2020-10-19,Sacramento,067,1510023,25094,24542,27,24569,483
2020-10-19,San Benito,069,59416,1415,1395,1,1396,14
2020-10-19,San Bernardino,071,2135413,62083,59265,395,59660,1100
2020-10-19,San Diego,073,3302833,54826,52739,1423,54162,853
2020-10-19,San Francisco,075,870044,12079,11879,46,11925,126
2020-10-19,San Joaquin,077,732212,21604,20930,165,21095,489
2020-10-19,San Luis Obispo,079,281455,4288,4016,26,4042,31
2020-10-19,San Mateo,081,765935,11165,10568,11,10579,154
2020-10-19,Santa Barbara,083,443738,9815,9632,89,9721,121
2020-10-19,Santa Clara,085,1922200,24812,23301,51,23352,352
2020-10-19,Santa Cruz,087,273765,2792,2705,33,2738,19
2020-10-19,Shasta,089,179085,2008,1709,18,1727,20
2020-10-19,Sierra,091,2930,6,6,0,6,0
2020-10-19,Siskiyou,093,43540,182,167,10,177,0
2020-10-19,Solano,095,438530,7210,7003,42,7045,57
2020-10-19,Sonoma,097,501317,9274,8830,24,8854,135
2020-10-19,Stanislaus,099,539301,17530,17342,704,18046,390
2020-10-19,Sutter,101,95872,1814,1773,1,1774,12
2020-10-19,Tehama,103,63373,871,793,2,795,5
2020-10-19,Trinity,105,12862,75,23,10,33,0
2020-10-19,Tulare,107,460477,17734,17047,311,17358,291
2020-10-19,Tuolumne,109,53932,272,247,4,251,4
2020-10-19,Ventura,111,848112,14703,13930,314,14244,152
2020-10-19,Yolo,113,214977,3196,3069,9,3078,56
2020-10-19,Yuba,115,75493,1221,1183,5,1188,10
2020-10-18,Alameda,001,1643700,23194,22546,216,22762,392
2020-10-18,Alpine,003,1148,3,3,0,3,0
2020-10-18,Amador,005,37829,316,313,0,313,16
2020-10-18,Butte,007,227075,3140,3019,32,3051,55
2020-10-18,Calaveras,009,45235,329,267,0,267,13
2020-10-18,Colusa,011,21464,545,544,1,545,6
2020-10-18,Contra Costa,013,1133247,18605,18120,93,18213,237
2020-10-18,Del Norte,015,27424,169,167,0,167,2
2020-10-18,El Dorado,017,186661,1348,1283,6,1289,4
2020-10-18,Fresno,019,978130,32977,30051,444,30495,430
2020-10-18,Glenn,021,27897,655,634,0,634,3
2020-10-18,Humboldt,023,135768,554,540,1,541,7
2020-10-18,Imperial,025,180216,12620,11987,13,12000,330
2020-10-18,Inyo,027,18085,233,215,5,220,14
2020-10-18,Kern,029,883053,33553,32799,389,33188,428
2020-10-18,Kings,031,150075,8379,8159,54,8213,80
2020-10-18,Lake,033,64148,698,670,0,670,15
2020-10-18,Lassen,035,31185,768,757,2,759,0
2020-10-18,Los Angeles,037,10098052,293899,286187,2615,288802,6857
2020-10-18,Madera,039,155013,4949,4770,37,4807,52
2020-10-18,Marin,041,260295,7063,6969,19,6988,99
2020-10-18,Mariposa,043,17540,79,77,0,77,2
2020-10-18,Mendocino,045,87422,1057,988,4,992,21
2020-10-18,Merced,047,269075,9399,9292,30,9322,148
2020-10-18,Modoc,049,8938,30,26,0,26,0
2020-10-18,Mono,051,14174,177,155,5,160,1
2020-10-18,Monterey,053,433212,11120,10872,49,10921,80
2020-10-18,Napa,055,140530,1962,1882,8,1890,12
2020-10-18,Nevada,057,99092,611,582,18,600,8
2020-10-18,Orange,059,3164182,59362,56394,1695,58089,1396
2020-10-18,Placer,061,380077,4132,3938,16,3954,49
2020-10-18,Plumas,063,18699,62,52,0,52,0
2020-10-18,Riverside,065,2383286,65647,63765,266,64031,1270
2020-10-18,Sacramento,067,1510023,24938,24425,27,24452,482
2020-10-18,San Benito,069,59416,1408,1395,1,1396,14
2020-10-18,San Bernardino,071,2135413,61584,58893,387,59280,1098
2020-10-18,San Diego,073,3302833,54437,52359,1402,53761,853
2020-10-18,San Francisco,075,870044,12040,11878,46,11924,126
2020-10-18,San Joaquin,077,732212,21521,20931,152,21083,489
2020-10-18,San Luis Obispo,079,281455,4257,4009,24,4033,31
2020-10-18,San Mateo,081,765935,11106,10503,11,10514,154
2020-10-18,Santa Barbara,083,443738,9776,9608,88,9696,121
2020-10-18,Santa Clara,085,1922200,24639,23169,51,23220,352
2020-10-18,Santa Cruz,087,273765,2778,2692,33,2725,19
2020-10-18,Shasta,089,179085,1983,1708,18,1726,20
2020-10-18,Sierra,091,2930,6,6,0,6,0
2020-10-18,Siskiyou,093,43540,182,167,10,177,0
2020-10-18,Solano,095,438530,7163,6962,42,7004,57
2020-10-18,Sonoma,097,501317,9197,8781,23,8804,134
2020-10-18,Stanislaus,099,539301,17474,17290,695,17985,390
2020-10-18,Sutter,101,95872,1805,1764,1,1765,12
2020-10-18,Tehama,103,63373,839,774,2,776,5
2020-10-18,Trinity,105,12862,75,20,10,30,0
2020-10-18,Tulare,107,460477,17640,17048,302,17350,290
2020-10-18,Tuolumne,109,53932,266,245,4,249,4
2020-10-18,Ventura,111,848112,14623,13901,313,14214,151
2020-10-18,Yolo,113,214977,3157,3059,9,3068,55
2020-10-18,Yuba,115,75493,1210,1176,5,1181,10
2020-10-17,Alameda,001,1643700,23148,22394,214,22608,398
2020-10-17,Alpine,003,1148,3,3,0,3,0
2020-10-17,Amador,005,37829,314,309,0,309,16
2020-10-17,Butte,007,227075,3132,3012,30,3042,55
2020-10-17,Calaveras,009,45235,329,267,0,267,13
2020-10-17,Colusa,011,21464,544,544,1,545,6
2020-10-17,Contra Costa,013,1133247,18552,18005,93,18098,237
2020-10-17,Del Norte,015,27424,169,167,0,167,2
2020-10-17,El Dorado,017,186661,1344,1277,6,1283,4
2020-10-17,Fresno,019,978130,32923,29911,442,30353,430
2020-10-17,Glenn,021,27897,652,633,0,633,3
2020-10-17,Humboldt,023,135768,551,535,1,536,7
2020-10-17,Imperial,025,180216,12592,11962,13,11975,330
2020-10-17,Inyo,027,18085,228,212,5,217,14
2020-10-17,Kern,029,883053,33502,32710,386,33096,428
2020-10-17,Kings,031,150075,8373,8151,53,8204,80
2020-10-17,Lake,033,64148,695,663,0,663,15
2020-10-17,Lassen,035,31185,768,757,2,759,0
2020-10-17,Los Angeles,037,10098052,293146,285858,2588,288446,6844
2020-10-17,Madera,039,155013,4943,4759,37,4796,53
2020-10-17,Marin,041,260295,7060,6958,19,6977,99
2020-10-17,Mariposa,043,17540,78,77,0,77,2
2020-10-17,Mendocino,045,87422,1050,977,4,981,21
2020-10-17,Merced,047,269075,9385,9275,30,9305,148
2020-10-17,Modoc,049,8938,30,26,0,26,0
2020-10-17,Mono,051,14174,176,155,5,160,1
2020-10-17,Monterey,053,433212,11080,10807,48,10855,80
2020-10-17,Napa,055,140530,1953,1866,8,1874,12
2020-10-17,Nevada,057,99092,610,580,18,598,8
2020-10-17,Orange,059,3164182,59220,56197,1688,57885,1396
2020-10-17,Placer,061,380077,4105,3898,16,3914,49
2020-10-17,Plumas,063,18699,62,52,0,52,0
2020-10-17,Riverside,065,2383286,65449,63171,256,63427,1270
2020-10-17,Sacramento,067,1510023,24854,24304,27,24331,482
2020-10-17,San Benito,069,59416,1404,1389,1,1390,14
2020-10-17,San Bernardino,071,2135413,61313,58415,380,58795,1097
2020-10-17,San Diego,073,3302833,54212,51986,1391,53377,853
2020-10-17,San Francisco,075,870044,12012,11877,45,11922,126
2020-10-17,San Joaquin,077,732212,21467,20932,146,21078,489
2020-10-17,San Luis Obispo,079,281455,4242,3979,24,4003,31
2020-10-17,San Mateo,081,765935,11078,10423,11,10434,153
2020-10-17,Santa Barbara,083,443738,9757,9588,86,9674,121
2020-10-17,Santa Clara,085,1922200,24550,22997,51,23048,349
2020-10-17,Santa Cruz,087,273765,2764,2680,33,2713,19
2020-10-17,Shasta,089,179085,1957,1679,18,1697,20
2020-10-17,Sierra,091,2930,6,6,0,6,0
2020-10-17,Siskiyou,093,43540,181,167,10,177,0
2020-10-17,Solano,095,438530,7137,6929,42,6971,57
2020-10-17,Sonoma,097,501317,9154,8725,23,8748,134
2020-10-17,Stanislaus,099,539301,17434,17232,686,17918,390
2020-10-17,Sutter,101,95872,1803,1762,1,1763,12
2020-10-17,Tehama,103,63373,823,764,2,766,5
2020-10-17,Trinity,105,12862,75,20,10,30,0
2020-10-17,Tulare,107,460477,17610,16995,293,17288,290
2020-10-17,Tuolumne,109,53932,266,241,4,245,4
2020-10-17,Ventura,111,848112,14578,13845,310,14155,151
2020-10-17,Yolo,113,214977,3142,3045,8,3053,55
2020-10-17,Yuba,115,75493,1205,1164,5,1169,10
2020-10-16,Alameda,001,1643700,23094,22315,214,22529,397
2020-10-16,Alpine,003,1148,3,3,0,3,0
2020-10-16,Amador,005,37829,314,309,0,309,16
2020-10-16,Butte,007,227075,3121,3004,30,3034,54
2020-10-16,Calaveras,009,45235,329,267,0,267,13
2020-10-16,Colusa,011,21464,543,544,1,545,6
2020-10-16,Contra Costa,013,1133247,18499,17956,93,18049,237
2020-10-16,Del Norte,015,27424,169,166,0,166,2
2020-10-16,El Dorado,017,186661,1338,1273,6,1279,4
2020-10-16,Fresno,019,978130,32847,29796,441,30237,427
2020-10-16,Glenn,021,27897,647,632,0,632,3
2020-10-16,Humboldt,023,135768,551,533,1,534,7
2020-10-16,Imperial,025,180216,12552,11885,13,11898,330
2020-10-16,Inyo,027,18085,224,212,5,217,14
2020-10-16,Kern,029,883053,33459,32660,384,33044,428
2020-10-16,Kings,031,150075,8364,8146,52,8198,80
2020-10-16,Lake,033,64148,693,644,0,644,14
2020-10-16,Lassen,035,31185,768,757,2,759,0
2020-10-16,Los Angeles,037,10098052,292084,284988,2567,287555,6835
2020-10-16,Madera,039,155013,4931,4736,36,4772,53
2020-10-16,Marin,041,260295,7050,6933,19,6952,99
2020-10-16,Mariposa,043,17540,78,76,0,76,2
2020-10-16,Mendocino,045,87422,1043,974,4,978,21
2020-10-16,Merced,047,269075,9368,9246,30,9276,148
2020-10-16,Modoc,049,8938,30,26,0,26,0
2020-10-16,Mono,051,14174,174,155,5,160,1
2020-10-16,Monterey,053,433212,11045,10727,48,10775,79
2020-10-16,Napa,055,140530,1944,1855,8,1863,12
2020-10-16,Nevada,057,99092,608,579,18,597,8
2020-10-16,Orange,059,3164182,59042,56091,1681,57772,1388
2020-10-16,Placer,061,380077,4085,3864,16,3880,49
2020-10-16,Plumas,063,18699,61,52,0,52,0
2020-10-16,Riverside,065,2383286,65223,62986,255,63241,1267
2020-10-16,Sacramento,067,1510023,24760,24144,27,24171,479
2020-10-16,San Benito,069,59416,1401,1388,1,1389,14
2020-10-16,San Bernardino,071,2135413,61044,58233,380,58613,1069
2020-10-16,San Diego,073,3302833,53970,51785,1377,53162,850
2020-10-16,San Francisco,075,870044,11990,11840,44,11884,126
2020-10-16,San Joaquin,077,732212,21422,20910,145,21055,489
2020-10-16,San Luis Obispo,079,281455,4226,3952,24,3976,32
2020-10-16,San Mateo,081,765935,11052,10405,11,10416,153
2020-10-16,Santa Barbara,083,443738,9738,9549,86,9635,119
2020-10-16,Santa Clara,085,1922200,24463,22920,51,22971,345
2020-10-16,Santa Cruz,087,273765,2751,2666,33,2699,20
2020-10-16,Shasta,089,179085,1935,1660,18,1678,20
2020-10-16,Sierra,091,2930,6,6,0,6,0
2020-10-16,Siskiyou,093,43540,179,167,10,177,0
2020-10-16,Solano,095,438530,7114,6879,42,6921,55
2020-10-16,Sonoma,097,501317,9098,8652,23,8675,133
2020-10-16,Stanislaus,099,539301,17400,17201,678,17879,366
2020-10-16,Sutter,101,95872,1795,1756,1,1757,12
2020-10-16,Tehama,103,63373,822,737,2,739,3
2020-10-16,Trinity,105,12862,75,20,10,30,0
2020-10-16,Tulare,107,460477,17578,16965,285,17250,290
2020-10-16,Tuolumne,109,53932,264,237,4,241,4
2020-10-16,Ventura,111,848112,14535,13805,305,14110,152
2020-10-16,Yolo,113,214977,3133,3030,8,3038,55
2020-10-16,Yuba,115,75493,1205,1155,5,1160,10
2020-10-15,Alameda,001,1643700,23026,22267,213,22480,390
2020-10-15,Alpine,003,1148,3,3,0,3,0
2020-10-15,Amador,005,37829,314,309,0,309,16
2020-10-15,Butte,007,227075,3109,3000,29,3029,54
2020-10-15,Calaveras,009,45235,328,267,0,267,13
2020-10-15,Colusa,011,21464,542,543,1,544,6
2020-10-15,Contra Costa,013,1133247,18432,17893,92,17985,237
2020-10-15,Del Norte,015,27424,169,164,0,164,2
2020-10-15,El Dorado,017,186661,1333,1265,6,1271,4
2020-10-15,Fresno,019,978130,32750,29727,438,30165,425
2020-10-15,Glenn,021,27897,642,632,0,632,3
2020-10-15,Humboldt,023,135768,547,531,1,532,7
2020-10-15,Imperial,025,180216,12511,11820,12,11832,330
2020-10-15,Inyo,027,18085,224,210,5,215,14
2020-10-15,Kern,029,883053,33378,32593,381,32974,427
2020-10-15,Kings,031,150075,8349,8134,52,8186,80
2020-10-15,Lake,033,64148,691,642,0,642,14
2020-10-15,Lassen,035,31185,767,752,2,754,0
2020-10-15,Los Angeles,037,10098052,290798,284019,2533,286552,6807
2020-10-15,Madera,039,155013,4919,4723,35,4758,50
2020-10-15,Marin,041,260295,7042,6912,19,6931,99
2020-10-15,Mariposa,043,17540,78,76,0,76,2
2020-10-15,Mendocino,045,87422,1037,963,4,967,21
2020-10-15,Merced,047,269075,9341,9213,30,9243,147
2020-10-15,Modoc,049,8938,30,26,0,26,0
2020-10-15,Mono,051,14174,174,155,5,160,1
2020-10-15,Monterey,053,433212,10978,10677,47,10724,79
2020-10-15,Napa,055,140530,1931,1842,8,1850,12
2020-10-15,Nevada,057,99092,604,575,18,593,8
2020-10-15,Orange,059,3164182,58826,55952,1669,57621,1379
2020-10-15,Placer,061,380077,4056,3848,16,3864,48
2020-10-15,Plumas,063,18699,58,52,0,52,0
2020-10-15,Riverside,065,2383286,64890,62819,252,63071,1266
2020-10-15,Sacramento,067,1510023,24644,24068,27,24095,474
2020-10-15,San Benito,069,59416,1398,1384,1,1385,14
2020-10-15,San Bernardino,071,2135413,60705,58068,377,58445,1067
2020-10-15,San Diego,073,3302833,53686,51472,1361,52833,847
2020-10-15,San Francisco,075,870044,11962,11808,41,11849,126
2020-10-15,San Joaquin,077,732212,21349,20880,139,21019,487
2020-10-15,San Luis Obispo,079,281455,4209,3934,24,3958,32
2020-10-15,San Mateo,081,765935,11012,10340,11,10351,152
2020-10-15,Santa Barbara,083,443738,9714,9526,85,9611,117
2020-10-15,Santa Clara,085,1922200,24347,22808,51,22859,343
2020-10-15,Santa Cruz,087,273765,2737,2656,33,2689,13
2020-10-15,Shasta,089,179085,1924,1635,18,1653,20
2020-10-15,Sierra,091,2930,6,6,0,6,0
2020-10-15,Siskiyou,093,43540,175,166,10,176,0
2020-10-15,Solano,095,438530,7075,6830,42,6872,55
2020-10-15,Sonoma,097,501317,9006,8571,23,8594,133
2020-10-15,Stanislaus,099,539301,17362,17151,664,17815,366
2020-10-15,Sutter,101,95872,1792,1752,1,1753,12
2020-10-15,Tehama,103,63373,795,726,2,728,3
2020-10-15,Trinity,105,12862,75,20,10,30,0
2020-10-15,Tulare,107,460477,17518,16918,270,17188,289
2020-10-15,Tuolumne,109,53932,262,236,4,240,4
2020-10-15,Ventura,111,848112,14479,13750,300,14050,152
2020-10-15,Yolo,113,214977,3113,3014,8,3022,55
2020-10-15,Yuba,115,75493,1198,1151,5,1156,10
2020-10-14,Alameda,001,1643700,22927,22227,212,22439,398
2020-10-14,Alpine,003,1148,3,3,0,3,0
2020-10-14,Amador,005,37829,312,308,0,308,16
2020-10-14,Butte,007,227075,3101,2995,29,3024,54
2020-10-14,Calaveras,009,45235,328,266,0,266,12
2020-10-14,Colusa,011,21464,542,543,1,544,6
2020-10-14,Contra Costa,013,1133247,18375,17820,90,17910,236
2020-10-14,Del Norte,015,27424,168,163,0,163,2
2020-10-14,El Dorado,017,186661,1327,1264,6,1270,4
2020-10-14,Fresno,019,978130,32635,29650,432,30082,424
2020-10-14,Glenn,021,27897,641,629,0,629,3
2020-10-14,Humboldt,023,135768,544,531,1,532,7
2020-10-14,Imperial,025,180216,12474,11765,10,11775,330
2020-10-14,Inyo,027,18085,223,209,4,213,14
2020-10-14,Kern,029,883053,33303,32528,379,32907,425
2020-10-14,Kings,031,150075,8331,8118,52,8170,80
2020-10-14,Lake,033,64148,690,642,0,642,14
2020-10-14,Lassen,035,31185,765,752,2,754,0
2020-10-14,Los Angeles,037,10098052,289485,282918,2489,285407,6786
2020-10-14,Madera,039,155013,4904,4713,34,4747,50
2020-10-14,Marin,041,260295,7036,6907,19,6926,99
2020-10-14,Mariposa,043,17540,77,76,0,76,2
2020-10-14,Mendocino,045,87422,1031,955,4,959,21
2020-10-14,Merced,047,269075,9316,9201,28,9229,147
2020-10-14,Modoc,049,8938,30,27,0,27,0
2020-10-14,Mono,051,14174,174,155,5,160,1
2020-10-14,Monterey,053,433212,10928,10616,47,10663,78
2020-10-14,Napa,055,140530,1914,1837,8,1845,12
2020-10-14,Nevada,057,99092,602,573,18,591,7
2020-10-14,Orange,059,3164182,58612,55756,1660,57416,1348
2020-10-14,Placer,061,380077,4033,3829,16,3845,48
2020-10-14,Plumas,063,18699,54,52,0,52,0
2020-10-14,Riverside,065,2383286,64607,62607,251,62858,1261
2020-10-14,Sacramento,067,1510023,24500,24013,27,24040,472
2020-10-14,San Benito,069,59416,1396,1381,0,1381,14
2020-10-14,San Bernardino,071,2135413,60378,57774,373,58147,1063
2020-10-14,San Diego,073,3302833,53367,51329,1337,52666,844
2020-10-14,San Francisco,075,870044,11930,11783,40,11823,123
2020-10-14,San Joaquin,077,732212,21270,20845,125,20970,487
2020-10-14,San Luis Obispo,079,281455,4186,3901,23,3924,32
2020-10-14,San Mateo,081,765935,10961,10309,11,10320,132
2020-10-14,Santa Barbara,083,443738,9680,9509,85,9594,117
2020-10-14,Santa Clara,085,1922200,24198,22735,51,22786,343
2020-10-14,Santa Cruz,087,273765,2727,2618,33,2651,13
2020-10-14,Shasta,089,179085,1886,1553,18,1571,20
2020-10-14,Sierra,091,2930,6,6,0,6,0
2020-10-14,Siskiyou,093,43540,175,166,10,176,0
2020-10-14,Solano,095,438530,7019,6786,42,6828,55
2020-10-14,Sonoma,097,501317,8953,8514,23,8537,133
2020-10-14,Stanislaus,099,539301,17317,17105,661,17766,365
2020-10-14,Sutter,101,95872,1783,1747,1,1748,12
2020-10-14,Tehama,103,63373,784,721,2,723,3
2020-10-14,Trinity,105,12862,74,20,10,30,0
2020-10-14,Tulare,107,460477,17456,16863,257,17120,287
2020-10-14,Tuolumne,109,53932,261,236,4,240,4
2020-10-14,Ventura,111,848112,14426,13697,296,13993,152
2020-10-14,Yolo,113,214977,3095,3007,7,3014,55
2020-10-14,Yuba,115,75493,1190,1147,5,1152,10
2020-10-13,Alameda,001,1643700,22822,22185,210,22395,389
2020-10-13,Alpine,003,1148,3,3,0,3,0
2020-10-13,Amador,005,37829,310,306,0,306,16
2020-10-13,Butte,007,227075,3092,2992,29,3021,54
2020-10-13,Calaveras,009,45235,324,262,0,262,12
2020-10-13,Colusa,011,21464,542,541,1,542,6
2020-10-13,Contra Costa,013,1133247,18317,17783,90,17873,234
2020-10-13,Del Norte,015,27424,168,163,0,163,2
2020-10-13,El Dorado,017,186661,1318,1262,6,1268,4
2020-10-13,Fresno,019,978130,32513,29579,428,30007,424
2020-10-13,Glenn,021,27897,640,629,0,629,3
2020-10-13,Humboldt,023,135768,542,523,1,524,7
2020-10-13,Imperial,025,180216,12439,11727,9,11736,327
2020-10-13,Inyo,027,18085,220,207,4,211,14
2020-10-13,Kern,029,883053,33228,32497,377,32874,419
2020-10-13,Kings,031,150075,8322,8111,52,8163,80
2020-10-13,Lake,033,64148,687,639,0,639,12
2020-10-13,Lassen,035,31185,763,752,2,754,0
2020-10-13,Los Angeles,037,10098052,288206,281716,2447,284163,6767
2020-10-13,Madera,039,155013,4886,4700,34,4734,50
2020-10-13,Marin,041,260295,7014,6900,18,6918,97
2020-10-13,Mariposa,043,17540,77,76,0,76,2
2020-10-13,Mendocino,045,87422,1022,950,4,954,21
2020-10-13,Merced,047,269075,9299,9181,28,9209,146
2020-10-13,Modoc,049,8938,29,28,0,28,0
2020-10-13,Mono,051,14174,174,155,4,159,1
2020-10-13,Monterey,053,433212,10867,10574,46,10620,78
2020-10-13,Napa,055,140530,1905,1825,8,1833,12
2020-10-13,Nevada,057,99092,595,572,18,590,7
2020-10-13,Orange,059,3164182,58399,55515,1647,57162,1326
2020-10-13,Placer,061,380077,3995,3825,16,3841,48
2020-10-13,Plumas,063,18699,52,51,0,51,0
2020-10-13,Riverside,065,2383286,64287,62279,249,62528,1254
2020-10-13,Sacramento,067,1510023,24423,23930,27,23957,466
2020-10-13,San Benito,069,59416,1388,1380,0,1380,14
2020-10-13,San Bernardino,071,2135413,60039,57411,371,57782,1061
2020-10-13,San Diego,073,3302833,53074,51026,1320,52346,840
2020-10-13,San Francisco,075,870044,11895,11659,40,11699,122
2020-10-13,San Joaquin,077,732212,21209,20822,121,20943,481
2020-10-13,San Luis Obispo,079,281455,4168,3892,22,3914,32
2020-10-13,San Mateo,081,765935,10918,10286,11,10297,130
2020-10-13,Santa Barbara,083,443738,9649,9489,85,9574,117
2020-10-13,Santa Clara,085,1922200,24071,22678,51,22729,343
2020-10-13,Santa Cruz,087,273765,2709,2603,33,2636,13
2020-10-13,Shasta,089,179085,1862,1606,18,1624,20
2020-10-13,Sierra,091,2930,6,6,0,6,0
2020-10-13,Siskiyou,093,43540,174,163,10,173,0
2020-10-13,Solano,095,438530,6984,6761,42,6803,55
2020-10-13,Sonoma,097,501317,8870,8456,23,8479,133
2020-10-13,Stanislaus,099,539301,17272,17082,656,17738,362
2020-10-13,Sutter,101,95872,1774,1748,1,1749,12
2020-10-13,Tehama,103,63373,776,717,2,719,3
2020-10-13,Trinity,105,12862,70,19,9,28,0
2020-10-13,Tulare,107,460477,17397,16822,249,17071,286
2020-10-13,Tuolumne,109,53932,259,235,4,239,4
2020-10-13,Ventura,111,848112,14371,13645,292,13937,151
2020-10-13,Yolo,113,214977,3087,2983,6,2989,55
2020-10-13,Yuba,115,75493,1185,1143,5,1148,10
2020-10-12,Alameda,001,1643700,22742,22126,209,22335,389
2020-10-12,Alpine,003,1148,3,3,0,3,0
2020-10-12,Amador,005,37829,309,305,0,305,16
2020-10-12,Butte,007,227075,3086,2975,29,3004,54
2020-10-12,Calaveras,009,45235,324,262,0,262,12
2020-10-12,Colusa,011,21464,542,541,1,542,6
2020-10-12,Contra Costa,013,1133247,18242,17728,90,17818,233
2020-10-12,Del Norte,015,27424,168,161,0,161,2
2020-10-12,El Dorado,017,186661,1315,1254,6,1260,4
2020-10-12,Fresno,019,978130,32380,29523,424,29947,421
2020-10-12,Glenn,021,27897,639,626,0,626,3
2020-10-12,Humboldt,023,135768,539,522,1,523,7
2020-10-12,Imperial,025,180216,12400,11689,9,11698,328
2020-10-12,Inyo,027,18085,217,201,4,205,14
2020-10-12,Kern,029,883053,33135,32425,374,32799,419
2020-10-12,Kings,031,150075,8316,8106,51,8157,80
2020-10-12,Lake,033,64148,681,633,0,633,12
2020-10-12,Lassen,035,31185,763,752,2,754,0
2020-10-12,Los Angeles,037,10098052,286986,280961,2420,283381,6747
2020-10-12,Madera,039,155013,4867,4689,34,4723,50
2020-10-12,Marin,041,260295,6997,6886,18,6904,97
2020-10-12,Mariposa,043,17540,77,76,0,76,2
2020-10-12,Mendocino,045,87422,1016,947,4,951,21
2020-10-12,Merced,047,269075,9278,9141,28,9169,146
2020-10-12,Modoc,049,8938,29,27,0,27,0
2020-10-12,Mono,051,14174,174,154,4,158,1
2020-10-12,Monterey,053,433212,10801,10473,46,10519,77
2020-10-12,Napa,055,140530,1897,1819,8,1827,11
2020-10-12,Nevada,057,99092,591,570,18,588,7
2020-10-12,Orange,059,3164182,58170,55373,1637,57010,1326
2020-10-12,Placer,061,380077,3963,3808,15,3823,48
2020-10-12,Plumas,063,18699,52,51,0,51,0
2020-10-12,Riverside,065,2383286,63976,62279,245,62524,1254
2020-10-12,Sacramento,067,1510023,24317,23807,27,23834,466
2020-10-12,San Benito,069,59416,1385,1376,0,1376,13
2020-10-12,San Bernardino,071,2135413,59662,57235,370,57605,1061
2020-10-12,San Diego,073,3302833,52784,50748,1293,52041,826
2020-10-12,San Francisco,075,870044,11863,11659,40,11699,122
2020-10-12,San Joaquin,077,732212,21146,20701,115,20816,480
2020-10-12,San Luis Obispo,079,281455,4140,3874,22,3896,32
2020-10-12,San Mateo,081,765935,10870,10262,11,10273,130
2020-10-12,Santa Barbara,083,443738,9611,9462,85,9547,117
2020-10-12,Santa Clara,085,1922200,23955,22578,51,22629,343
2020-10-12,Santa Cruz,087,273765,2692,2590,33,2623,13
2020-10-12,Shasta,089,179085,1837,1515,18,1533,20
2020-10-12,Sierra,091,2930,6,6,0,6,0
2020-10-12,Siskiyou,093,43540,173,162,10,172,0
2020-10-12,Solano,095,438530,6945,6742,42,6784,55
2020-10-12,Sonoma,097,501317,8799,8377,23,8400,133
2020-10-12,Stanislaus,099,539301,17223,17051,647,17698,361
2020-10-12,Sutter,101,95872,1766,1741,1,1742,12
2020-10-12,Tehama,103,63373,760,708,2,710,3
2020-10-12,Trinity,105,12862,69,19,9,28,0
2020-10-12,Tulare,107,460477,17345,16742,242,16984,286
2020-10-12,Tuolumne,109,53932,254,234,4,238,4
2020-10-12,Ventura,111,848112,14309,13617,288,13905,151
2020-10-12,Yolo,113,214977,3072,2964,6,2970,55
2020-10-12,Yuba,115,75493,1174,1141,5,1146,10
2020-10-11,Alameda,001,1643700,22652,22057,205,22262,392
2020-10-11,Alpine,003,1148,3,3,0,3,0
2020-10-11,Amador,005,37829,307,305,0,305,16
2020-10-11,Butte,007,227075,3078,2967,28,2995,54
2020-10-11,Calaveras,009,45235,322,262,0,262,12
2020-10-11,Colusa,011,21464,540,541,1,542,6
2020-10-11,Contra Costa,013,1133247,18158,17678,90,17768,233
2020-10-11,Del Norte,015,27424,166,161,0,161,2
2020-10-11,El Dorado,017,186661,1306,1242,6,1248,4
2020-10-11,Fresno,019,978130,32242,29419,416,29835,421
2020-10-11,Glenn,021,27897,637,625,0,625,3
2020-10-11,Humboldt,023,135768,538,521,1,522,7
2020-10-11,Imperial,025,180216,12340,11614,9,11623,328
2020-10-11,Inyo,027,18085,213,201,4,205,14
2020-10-11,Kern,029,883053,33048,32399,365,32764,418
2020-10-11,Kings,031,150075,8299,8094,50,8144,80
2020-10-11,Lake,033,64148,668,631,0,631,12
2020-10-11,Lassen,035,31185,762,752,2,754,0
2020-10-11,Los Angeles,037,10098052,285546,280190,2379,282569,6745
2020-10-11,Madera,039,155013,4839,4680,33,4713,50
2020-10-11,Marin,041,260295,6988,6870,18,6888,97
2020-10-11,Mariposa,043,17540,77,76,0,76,2
2020-10-11,Mendocino,045,87422,1009,944,4,948,21
2020-10-11,Merced,047,269075,9260,9124,28,9152,146
2020-10-11,Modoc,049,8938,29,27,0,27,0
2020-10-11,Mono,051,14174,174,154,4,158,1
2020-10-11,Monterey,053,433212,10750,10445,44,10489,77
2020-10-11,Napa,055,140530,1881,1811,8,1819,11
2020-10-11,Nevada,057,99092,589,569,18,587,7
2020-10-11,Orange,059,3164182,57940,55202,1631,56833,1326
2020-10-11,Placer,061,380077,3942,3787,15,3802,48
2020-10-11,Plumas,063,18699,52,51,0,51,0
2020-10-11,Riverside,065,2383286,63688,62112,241,62353,1254
2020-10-11,Sacramento,067,1510023,24175,23778,27,23805,466
2020-10-11,San Benito,069,59416,1384,1374,0,1374,13
2020-10-11,San Bernardino,071,2135413,59210,56997,368,57365,1061
2020-10-11,San Diego,073,3302833,52434,50553,1271,51824,826
2020-10-11,San Francisco,075,870044,11820,11659,40,11699,122
2020-10-11,San Joaquin,077,732212,21071,20700,105,20805,480
2020-10-11,San Luis Obispo,079,281455,4123,3874,21,3895,32
2020-10-11,San Mateo,081,765935,10838,10240,11,10251,130
2020-10-11,Santa Barbara,083,443738,9580,9440,84,9524,117
2020-10-11,Santa Clara,085,1922200,23812,22487,50,22537,336
2020-10-11,Santa Cruz,087,273765,2678,2578,33,2611,13
2020-10-11,Shasta,089,179085,1807,1515,17,1532,20
2020-10-11,Sierra,091,2930,6,6,0,6,0
2020-10-11,Siskiyou,093,43540,172,162,10,172,0
2020-10-11,Solano,095,438530,6891,6685,42,6727,53
2020-10-11,Sonoma,097,501317,8742,8319,23,8342,133
2020-10-11,Stanislaus,099,539301,17159,17007,631,17638,360
2020-10-11,Sutter,101,95872,1763,1742,1,1743,12
2020-10-11,Tehama,103,63373,736,702,2,704,3
2020-10-11,Trinity,105,12862,69,19,9,28,0
2020-10-11,Tulare,107,460477,17281,16741,234,16975,286
2020-10-11,Tuolumne,109,53932,249,234,4,238,4
2020-10-11,Ventura,111,848112,14248,13604,283,13887,151
2020-10-11,Yolo,113,214977,3042,2952,6,2958,55
2020-10-11,Yuba,115,75493,1162,1137,5,1142,10
2020-10-10,Alameda,001,1643700,22602,21979,204,22183,398
2020-10-10,Alpine,003,1148,3,3,0,3,0
2020-10-10,Amador,005,37829,306,304,0,304,16
2020-10-10,Butte,007,227075,3073,2962,27,2989,54
2020-10-10,Calaveras,009,45235,321,262,0,262,12
2020-10-10,Colusa,011,21464,540,541,1,542,6
2020-10-10,Contra Costa,013,1133247,18122,17566,89,17655,233
2020-10-10,Del Norte,015,27424,166,161,0,161,2
2020-10-10,El Dorado,017,186661,1304,1240,6,1246,4
2020-10-10,Fresno,019,978130,32178,29286,414,29700,421
2020-10-10,Glenn,021,27897,637,623,0,623,3
2020-10-10,Humboldt,023,135768,535,518,1,519,7
2020-10-10,Imperial,025,180216,12325,11591,9,11600,327
2020-10-10,Inyo,027,18085,210,201,4,205,14
2020-10-10,Kern,029,883053,33011,32338,365,32703,418
2020-10-10,Kings,031,150075,8295,8078,50,8128,80
2020-10-10,Lake,033,64148,667,630,0,630,11
2020-10-10,Lassen,035,31185,762,752,2,754,0
2020-10-10,Los Angeles,037,10098052,284826,279213,2345,281558,6743
2020-10-10,Madera,039,155013,4826,4662,33,4695,50
2020-10-10,Marin,041,260295,6979,6852,18,6870,97
2020-10-10,Mariposa,043,17540,77,76,0,76,2
2020-10-10,Mendocino,045,87422,1002,935,4,939,21
2020-10-10,Merced,047,269075,9254,9105,27,9132,146
2020-10-10,Modoc,049,8938,29,27,0,27,0
2020-10-10,Mono,051,14174,174,154,4,158,1
2020-10-10,Monterey,053,433212,10717,10410,44,10454,75
2020-10-10,Napa,055,140530,1874,1804,8,1812,11
2020-10-10,Nevada,057,99092,586,564,18,582,6
2020-10-10,Orange,059,3164182,57819,54965,1626,56591,1324
2020-10-10,Placer,061,380077,3925,3757,15,3772,48
2020-10-10,Plumas,063,18699,52,51,0,51,0
2020-10-10,Riverside,065,2383286,63485,61845,239,62084,1254
2020-10-10,Sacramento,067,1510023,24108,23689,27,23716,466
2020-10-10,San Benito,069,59416,1382,1370,0,1370,13
2020-10-10,San Bernardino,071,2135413,59047,56683,366,57049,1061
2020-10-10,San Diego,073,3302833,52204,50145,1253,51398,825
2020-10-10,San Francisco,075,870044,11799,11663,40,11703,122
2020-10-10,San Joaquin,077,732212,21043,20700,101,20801,481
2020-10-10,San Luis Obispo,079,281455,4103,3832,21,3853,32
2020-10-10,San Mateo,081,765935,10801,10218,11,10229,130
2020-10-10,Santa Barbara,083,443738,9569,9417,84,9501,116
2020-10-10,Santa Clara,085,1922200,23721,22354,50,22404,330
2020-10-10,Santa Cruz,087,273765,2664,2572,33,2605,13
2020-10-10,Shasta,089,179085,1790,1473,17,1490,20
2020-10-10,Sierra,091,2930,6,6,0,6,0
2020-10-10,Siskiyou,093,43540,172,161,10,171,0
2020-10-10,Solano,095,438530,6865,6655,42,6697,53
2020-10-10,Sonoma,097,501317,8722,8235,23,8258,133
2020-10-10,Stanislaus,099,539301,17124,16960,623,17583,360
2020-10-10,Sutter,101,95872,1760,1735,1,1736,12
2020-10-10,Tehama,103,63373,729,693,2,695,3
2020-10-10,Trinity,105,12862,69,19,9,28,0
2020-10-10,Tulare,107,460477,17246,16709,229,16938,286
2020-10-10,Tuolumne,109,53932,249,233,4,237,4
2020-10-10,Ventura,111,848112,14223,13520,283,13803,151
2020-10-10,Yolo,113,214977,3033,2939,6,2945,55
2020-10-10,Yuba,115,75493,1160,1134,5,1139,10
2020-10-09,Alameda,001,1643700,22554,21924,204,22128,399
2020-10-09,Alpine,003,1148,3,3,0,3,0
2020-10-09,Amador,005,37829,306,303,0,303,16
2020-10-09,Butte,007,227075,3070,2956,27,2983,51
2020-10-09,Calaveras,009,45235,319,262,0,262,11
2020-10-09,Colusa,011,21464,540,541,1,542,6
2020-10-09,Contra Costa,013,1133247,18072,17487,89,17576,229
2020-10-09,Del Norte,015,27424,165,161,0,161,2
2020-10-09,El Dorado,017,186661,1300,1234,6,1240,4
2020-10-09,Fresno,019,978130,32105,29208,412,29620,417
2020-10-09,Glenn,021,27897,632,617,0,617,3
2020-10-09,Humboldt,023,135768,533,516,1,517,7
2020-10-09,Imperial,025,180216,12298,11516,9,11525,330
2020-10-09,Inyo,027,18085,207,200,4,204,14
2020-10-09,Kern,029,883053,32968,32237,363,32600,417
2020-10-09,Kings,031,150075,8288,7993,48,8041,80
2020-10-09,Lake,033,64148,657,610,0,610,11
2020-10-09,Lassen,035,31185,762,751,2,753,0
2020-10-09,Los Angeles,037,10098052,283692,278039,2320,280359,6715
2020-10-09,Madera,039,155013,4816,4646,33,4679,50
2020-10-09,Marin,041,260295,6965,6838,18,6856,96
2020-10-09,Mariposa,043,17540,77,76,0,76,2
2020-10-09,Mendocino,045,87422,992,933,4,937,20
2020-10-09,Merced,047,269075,9240,9095,27,9122,145
2020-10-09,Modoc,049,8938,29,27,0,27,0
2020-10-09,Mono,051,14174,174,154,4,158,1
2020-10-09,Monterey,053,433212,10683,10369,44,10413,75
2020-10-09,Napa,055,140530,1864,1795,8,1803,11
2020-10-09,Nevada,057,99092,581,561,18,579,6
2020-10-09,Orange,059,3164182,57647,54746,1621,56367,1305
2020-10-09,Placer,061,380077,3911,3737,14,3751,48
2020-10-09,Plumas,063,18699,52,50,0,50,0
2020-10-09,Riverside,065,2383286,63249,61529,238,61767,1252
2020-10-09,Sacramento,067,1510023,24038,23606,27,23633,457
2020-10-09,San Benito,069,59416,1377,1367,0,1367,13
2020-10-09,San Bernardino,071,2135413,58807,56434,364,56798,1057
2020-10-09,San Diego,073,3302833,51928,49825,1242,51067,821
2020-10-09,San Francisco,075,870044,11769,11620,40,11660,120
2020-10-09,San Joaquin,077,732212,21013,20648,93,20741,481
2020-10-09,San Luis Obispo,079,281455,4084,3810,21,3831,32
2020-10-09,San Mateo,081,765935,10773,10140,11,10151,130
2020-10-09,Santa Barbara,083,443738,9541,9396,84,9480,116
2020-10-09,Santa Clara,085,1922200,23619,22251,49,22300,328
2020-10-09,Santa Cruz,087,273765,2655,2555,33,2588,13
2020-10-09,Shasta,089,179085,1764,1353,16,1369,20
2020-10-09,Sierra,091,2930,6,6,0,6,0
2020-10-09,Siskiyou,093,43540,170,156,10,166,0
2020-10-09,Solano,095,438530,6826,6614,42,6656,53
2020-10-09,Sonoma,097,501317,8668,8133,23,8156,133
2020-10-09,Stanislaus,099,539301,17100,16904,614,17518,362
2020-10-09,Sutter,101,95872,1756,1732,1,1733,12
2020-10-09,Tehama,103,63373,723,682,2,684,3
2020-10-09,Trinity,105,12862,69,25,9,34,0
2020-10-09,Tulare,107,460477,17206,16644,220,16864,286
2020-10-09,Tuolumne,109,53932,246,230,4,234,4
2020-10-09,Ventura,111,848112,14187,13469,280,13749,151
2020-10-09,Yolo,113,214977,3026,2928,6,2934,55
2020-10-09,Yuba,115,75493,1159,1129,5,1134,10
2020-10-08,Alameda,001,1643700,22473,21826,203,22029,395
2020-10-08,Alpine,003,1148,3,3,0,3,0
2020-10-08,Amador,005,37829,305,302,0,302,16
2020-10-08,Butte,007,227075,3060,2935,27,2962,51
2020-10-08,Calaveras,009,45235,318,262,0,262,11
2020-10-08,Colusa,011,21464,540,539,1,540,6
2020-10-08,Contra Costa,013,1133247,18012,17418,88,17506,228
2020-10-08,Del Norte,015,27424,165,151,0,151,2
2020-10-08,El Dorado,017,186661,1299,1230,6,1236,4
2020-10-08,Fresno,019,978130,32000,29111,412,29523,416
2020-10-08,Glenn,021,27897,629,616,0,616,3
2020-10-08,Humboldt,023,135768,529,515,1,516,7
2020-10-08,Imperial,025,180216,12259,11405,9,11414,330
2020-10-08,Inyo,027,18085,204,199,4,203,14
2020-10-08,Kern,029,883053,32910,32169,358,32527,411
2020-10-08,Kings,031,150075,8282,7968,48,8016,80
2020-10-08,Lake,033,64148,652,604,0,604,11
2020-10-08,Lassen,035,31185,757,751,2,753,0
2020-10-08,Los Angeles,037,10098052,282492,276763,2280,279043,6699
2020-10-08,Madera,039,155013,4797,4637,33,4670,50
2020-10-08,Marin,041,260295,6951,6810,18,6828,96
2020-10-08,Mariposa,043,17540,77,76,0,76,2
2020-10-08,Mendocino,045,87422,987,930,4,934,20
2020-10-08,Merced,047,269075,9220,9069,27,9096,144
2020-10-08,Modoc,049,8938,29,27,0,27,0
2020-10-08,Mono,051,14174,174,153,4,157,1
2020-10-08,Monterey,053,433212,10616,10343,44,10387,75
2020-10-08,Napa,055,140530,1849,1779,8,1787,11
2020-10-08,Nevada,057,99092,578,556,18,574,6
2020-10-08,Orange,059,3164182,57454,54523,1610,56133,1293
2020-10-08,Placer,061,380077,3893,3715,14,3729,48
2020-10-08,Plumas,063,18699,52,50,0,50,0
2020-10-08,Riverside,065,2383286,62980,61105,236,61341,1244
2020-10-08,Sacramento,067,1510023,23930,23482,27,23509,454
2020-10-08,San Benito,069,59416,1372,1367,0,1367,13
2020-10-08,San Bernardino,071,2135413,58441,56152,363,56515,1048
2020-10-08,San Diego,073,3302833,51648,49468,1210,50678,819
2020-10-08,San Francisco,075,870044,11731,11608,40,11648,115
2020-10-08,San Joaquin,077,732212,20961,20576,88,20664,478
2020-10-08,San Luis Obispo,079,281455,4068,3785,21,3806,32
2020-10-08,San Mateo,081,765935,10741,10044,11,10055,130
2020-10-08,Santa Barbara,083,443738,9513,9374,84,9458,116
2020-10-08,Santa Clara,085,1922200,23517,22095,49,22144,323
2020-10-08,Santa Cruz,087,273765,2643,2535,33,2568,13
2020-10-08,Shasta,089,179085,1730,1305,16,1321,20
2020-10-08,Sierra,091,2930,6,6,0,6,0
2020-10-08,Siskiyou,093,43540,170,156,10,166,0
2020-10-08,Solano,095,438530,6802,6556,42,6598,53
2020-10-08,Sonoma,097,501317,8602,8063,23,8086,132
2020-10-08,Stanislaus,099,539301,17054,16821,606,17427,360
2020-10-08,Sutter,101,95872,1756,1725,1,1726,12
2020-10-08,Tehama,103,63373,714,676,2,678,3
2020-10-08,Trinity,105,12862,68,25,9,34,0
2020-10-08,Tulare,107,460477,17145,16573,211,16784,283
2020-10-08,Tuolumne,109,53932,245,230,4,234,4
2020-10-08,Ventura,111,848112,14139,13399,278,13677,151
2020-10-08,Yolo,113,214977,3009,2914,6,2920,55
2020-10-08,Yuba,115,75493,1154,1126,5,1131,10
2020-10-07,Alameda,001,1643700,22396,21736,203,21939,395
2020-10-07,Alpine,003,1148,3,3,0,3,0
2020-10-07,Amador,005,37829,305,302,0,302,16
2020-10-07,Butte,007,227075,3048,2927,27,2954,47
2020-10-07,Calaveras,009,45235,316,262,0,262,11
2020-10-07,Colusa,011,21464,539,539,0,539,6
2020-10-07,Contra Costa,013,1133247,17942,17346,87,17433,225
2020-10-07,Del Norte,015,27424,164,149,0,149,2
2020-10-07,El Dorado,017,186661,1291,1219,6,1225,4
2020-10-07,Fresno,019,978130,31879,29069,407,29476,413
2020-10-07,Glenn,021,27897,629,615,0,615,3
2020-10-07,Humboldt,023,135768,526,512,1,513,7
2020-10-07,Imperial,025,180216,12222,11289,8,11297,330
2020-10-07,Inyo,027,18085,204,199,4,203,14
2020-10-07,Kern,029,883053,32837,32068,357,32425,410
2020-10-07,Kings,031,150075,8267,7948,48,7996,80
2020-10-07,Lake,033,64148,651,599,0,599,11
2020-10-07,Lassen,035,31185,757,751,2,753,0
2020-10-07,Los Angeles,037,10098052,281311,275559,2246,277805,6681
2020-10-07,Madera,039,155013,4777,4618,33,4651,50
2020-10-07,Marin,041,260295,6924,6790,18,6808,95
2020-10-07,Mariposa,043,17540,77,75,0,75,2
2020-10-07,Mendocino,045,87422,981,927,4,931,19
2020-10-07,Merced,047,269075,9183,9045,26,9071,144
2020-10-07,Modoc,049,8938,29,27,0,27,0
2020-10-07,Mono,051,14174,173,153,3,156,1
2020-10-07,Monterey,053,433212,10557,10272,44,10316,75
2020-10-07,Napa,055,140530,1836,1774,8,1782,11
2020-10-07,Nevada,057,99092,574,552,18,570,6
2020-10-07,Orange,059,3164182,57237,54332,1599,55931,1277
2020-10-07,Placer,061,380077,3877,3693,14,3707,48
2020-10-07,Plumas,063,18699,52,50,0,50,0
2020-10-07,Riverside,065,2383286,62633,60857,232,61089,1241
2020-10-07,Sacramento,067,1510023,23833,23380,27,23407,452
2020-10-07,San Benito,069,59416,1369,1363,0,1363,13
2020-10-07,San Bernardino,071,2135413,58092,55738,362,56100,1043
2020-10-07,San Diego,073,3302833,51332,49177,1186,50363,813
2020-10-07,San Francisco,075,870044,11696,11551,40,11591,115
2020-10-07,San Joaquin,077,732212,20909,20527,81,20608,478
2020-10-07,San Luis Obispo,079,281455,4038,3749,21,3770,32
2020-10-07,San Mateo,081,765935,10698,9980,11,9991,130
2020-10-07,Santa Barbara,083,443738,9487,9350,83,9433,116
2020-10-07,Santa Clara,085,1922200,23389,21993,49,22042,320
2020-10-07,Santa Cruz,087,273765,2631,2518,33,2551,14
2020-10-07,Shasta,089,179085,1687,1268,16,1284,20
2020-10-07,Sierra,091,2930,6,6,0,6,0
2020-10-07,Siskiyou,093,43540,168,154,10,164,0
2020-10-07,Solano,095,438530,6767,6526,42,6568,53
2020-10-07,Sonoma,097,501317,8527,7993,22,8015,130
2020-10-07,Stanislaus,099,539301,17019,16786,600,17386,357
2020-10-07,Sutter,101,95872,1753,1723,1,1724,12
2020-10-07,Tehama,103,63373,705,666,2,668,3
2020-10-07,Trinity,105,12862,64,25,8,33,0
2020-10-07,Tulare,107,460477,17102,16483,202,16685,282
2020-10-07,Tuolumne,109,53932,245,227,4,231,3
2020-10-07,Ventura,111,848112,14089,13333,272,13605,150
2020-10-07,Yolo,113,214977,2983,2904,6,2910,55
2020-10-07,Yuba,115,75493,1148,1120,5,1125,10
2020-10-06,Alameda,001,1643700,22305,21698,201,21899,385
2020-10-06,Alpine,003,1148,3,3,0,3,0
2020-10-06,Amador,005,37829,303,301,0,301,16
2020-10-06,Butte,007,227075,3041,2925,27,2952,47
2020-10-06,Calaveras,009,45235,316,261,0,261,11
2020-10-06,Colusa,011,21464,538,538,0,538,6
2020-10-06,Contra Costa,013,1133247,17863,17295,87,17382,219
2020-10-06,Del Norte,015,27424,164,144,0,144,2
2020-10-06,El Dorado,017,186661,1287,1211,6,1217,4
2020-10-06,Fresno,019,978130,31735,29022,404,29426,412
2020-10-06,Glenn,021,27897,626,604,0,604,3
2020-10-06,Humboldt,023,135768,523,508,1,509,7
2020-10-06,Imperial,025,180216,12184,11196,8,11204,327
2020-10-06,Inyo,027,18085,202,198,4,202,14
2020-10-06,Kern,029,883053,32760,32006,355,32361,407
2020-10-06,Kings,031,150075,8251,7943,48,7991,81
2020-10-06,Lake,033,64148,645,596,0,596,11
2020-10-06,Lassen,035,31185,757,743,2,745,0
2020-10-06,Los Angeles,037,10098052,280075,274115,2196,276311,6657
2020-10-06,Madera,039,155013,4765,4608,33,4641,50
2020-10-06,Marin,041,260295,6909,6766,18,6784,91
2020-10-06,Mariposa,043,17540,77,75,0,75,2
2020-10-06,Mendocino,045,87422,974,920,4,924,19
2020-10-06,Merced,047,269075,9147,9034,25,9059,143
2020-10-06,Modoc,049,8938,29,26,0,26,0
2020-10-06,Mono,051,14174,173,153,3,156,1
2020-10-06,Monterey,053,433212,10502,10235,42,10277,72
2020-10-06,Napa,055,140530,1830,1770,8,1778,11
2020-10-06,Nevada,057,99092,571,551,18,569,6
2020-10-06,Orange,059,3164182,57021,54203,1590,55793,1273
2020-10-06,Placer,061,380077,3855,3680,14,3694,48
2020-10-06,Plumas,063,18699,52,49,0,49,0
2020-10-06,Riverside,065,2383286,62368,60593,229,60822,1238
2020-10-06,Sacramento,067,1510023,23746,23322,27,23349,442
2020-10-06,San Benito,069,59416,1368,1358,0,1358,12
2020-10-06,San Bernardino,071,2135413,57777,55416,358,55774,1040
2020-10-06,San Diego,073,3302833,50995,48823,1169,49992,806
2020-10-06,San Francisco,075,870044,11670,11513,39,11552,115
2020-10-06,San Joaquin,077,732212,20869,20481,78,20559,477
2020-10-06,San Luis Obispo,079,281455,4004,3723,21,3744,32
2020-10-06,San Mateo,081,765935,10665,9934,11,9945,129
2020-10-06,Santa Barbara,083,443738,9458,9331,82,9413,116
2020-10-06,Santa Clara,085,1922200,23294,21914,49,21963,320
2020-10-06,Santa Cruz,087,273765,2609,2510,33,2543,12
2020-10-06,Shasta,089,179085,1647,1242,16,1258,18
2020-10-06,Sierra,091,2930,6,6,0,6,0
2020-10-06,Siskiyou,093,43540,168,154,10,164,0
2020-10-06,Solano,095,438530,6721,6506,42,6548,52
2020-10-06,Sonoma,097,501317,8434,7895,22,7917,130
2020-10-06,Stanislaus,099,539301,16974,16759,594,17353,354
2020-10-06,Sutter,101,95872,1751,1722,1,1723,12
2020-10-06,Tehama,103,63373,696,660,2,662,3
2020-10-06,Trinity,105,12862,64,25,8,33,0
2020-10-06,Tulare,107,460477,17060,16456,194,16650,280
2020-10-06,Tuolumne,109,53932,244,227,4,231,2
2020-10-06,Ventura,111,848112,14022,13242,267,13509,150
2020-10-06,Yolo,113,214977,2969,2899,6,2905,56
2020-10-06,Yuba,115,75493,1147,1114,5,1119,10
2020-10-05,Alameda,001,1643700,22217,21637,198,21835,383
2020-10-05,Alpine,003,1148,3,2,0,2,0
2020-10-05,Amador,005,37829,303,299,0,299,16
2020-10-05,Butte,007,227075,3031,2910,27,2937,46
2020-10-05,Calaveras,009,45235,316,259,0,259,11
2020-10-05,Colusa,011,21464,538,537,0,537,6
2020-10-05,Contra Costa,013,1133247,17786,17250,87,17337,216
2020-10-05,Del Norte,015,27424,161,142,0,142,2
2020-10-05,El Dorado,017,186661,1283,1202,6,1208,4
2020-10-05,Fresno,019,978130,31618,29136,404,29540,408
2020-10-05,Glenn,021,27897,624,603,0,603,3
2020-10-05,Humboldt,023,135768,522,506,1,507,6
2020-10-05,Imperial,025,180216,12144,11169,8,11177,327
2020-10-05,Inyo,027,18085,202,197,4,201,14
2020-10-05,Kern,029,883053,32681,31933,351,32284,404
2020-10-05,Kings,031,150075,8154,7932,48,7980,80
2020-10-05,Lake,033,64148,641,592,0,592,10
2020-10-05,Lassen,035,31185,756,743,2,745,0
2020-10-05,Los Angeles,037,10098052,278985,273200,2156,275356,6632
2020-10-05,Madera,039,155013,4757,4598,31,4629,50
2020-10-05,Marin,041,260295,6892,6751,18,6769,91
2020-10-05,Mariposa,043,17540,77,75,0,75,2
2020-10-05,Mendocino,045,87422,966,913,4,917,19
2020-10-05,Merced,047,269075,9128,9021,24,9045,143
2020-10-05,Modoc,049,8938,29,26,0,26,0
2020-10-05,Mono,051,14174,173,152,3,155,1
2020-10-05,Monterey,053,433212,10455,10187,42,10229,72
2020-10-05,Napa,055,140530,1819,1760,8,1768,11
2020-10-05,Nevada,057,99092,568,550,17,567,6
2020-10-05,Orange,059,3164182,56805,54103,1577,55680,1271
2020-10-05,Placer,061,380077,3829,3670,14,3684,46
2020-10-05,Plumas,063,18699,51,49,0,49,0
2020-10-05,Riverside,065,2383286,62048,60454,225,60679,1232
2020-10-05,Sacramento,067,1510023,23642,23207,27,23234,438
2020-10-05,San Benito,069,59416,1365,1356,0,1356,12
2020-10-05,San Bernardino,071,2135413,57469,55100,357,55457,1031
2020-10-05,San Diego,073,3302833,50659,48662,1145,49807,803
2020-10-05,San Francisco,075,870044,11631,11476,36,11512,110
2020-10-05,San Joaquin,077,732212,20798,20319,75,20394,476
2020-10-05,San Luis Obispo,079,281455,3977,3710,21,3731,32
2020-10-05,San Mateo,081,765935,10638,9896,11,9907,128
2020-10-05,Santa Barbara,083,443738,9436,9309,82,9391,116
2020-10-05,Santa Clara,085,1922200,23176,21861,49,21910,319
2020-10-05,Santa Cruz,087,273765,2597,2492,33,2525,9
2020-10-05,Shasta,089,179085,1615,1158,16,1174,18
2020-10-05,Sierra,091,2930,6,6,0,6,0
2020-10-05,Siskiyou,093,43540,168,153,10,163,0
2020-10-05,Solano,095,438530,6682,6475,42,6517,52
2020-10-05,Sonoma,097,501317,8342,7817,22,7839,130
2020-10-05,Stanislaus,099,539301,16939,16730,587,17317,351
2020-10-05,Sutter,101,95872,1743,1719,1,1720,12
2020-10-05,Tehama,103,63373,688,642,2,644,3
2020-10-05,Trinity,105,12862,62,22,8,30,0
2020-10-05,Tulare,107,460477,17001,16343,189,16532,278
2020-10-05,Tuolumne,109,53932,241,226,4,230,2
2020-10-05,Ventura,111,848112,13953,13224,247,13471,149
2020-10-05,Yolo,113,214977,2950,2889,6,2895,56
2020-10-05,Yuba,115,75493,1134,1108,5,1113,9
2020-10-04,Alameda,001,1643700,22121,21597,198,21795,383
2020-10-04,Alpine,003,1148,3,2,0,2,0
2020-10-04,Amador,005,37829,302,297,0,297,16
2020-10-04,Butte,007,227075,3017,2903,27,2930,46
2020-10-04,Calaveras,009,45235,316,259,0,259,11
2020-10-04,Colusa,011,21464,537,537,0,537,6
2020-10-04,Contra Costa,013,1133247,17721,17192,87,17279,214
2020-10-04,Del Norte,015,27424,157,142,0,142,2
2020-10-04,El Dorado,017,186661,1279,1196,6,1202,4
2020-10-04,Fresno,019,978130,31495,29065,404,29469,408
2020-10-04,Glenn,021,27897,622,601,0,601,3
2020-10-04,Humboldt,023,135768,521,506,1,507,6
2020-10-04,Imperial,025,180216,12105,11127,8,11135,327
2020-10-04,Inyo,027,18085,199,195,4,199,14
2020-10-04,Kern,029,883053,32607,31906,347,32253,404
2020-10-04,Kings,031,150075,8139,7919,48,7967,80
2020-10-04,Lake,033,64148,627,589,0,589,10
2020-10-04,Lassen,035,31185,756,743,2,745,0
2020-10-04,Los Angeles,037,10098052,277596,272822,2108,274930,6625
2020-10-04,Madera,039,155013,4741,4587,31,4618,50
2020-10-04,Marin,041,260295,6872,6741,18,6759,91
2020-10-04,Mariposa,043,17540,77,75,0,75,2
2020-10-04,Mendocino,045,87422,953,905,4,909,18
2020-10-04,Merced,047,269075,9103,9006,24,9030,140
2020-10-04,Modoc,049,8938,29,26,0,26,0
2020-10-04,Mono,051,14174,172,152,2,154,1
2020-10-04,Monterey,053,433212,10414,10141,41,10182,72
2020-10-04,Napa,055,140530,1807,1759,8,1767,11
2020-10-04,Nevada,057,99092,564,547,16,563,6
2020-10-04,Orange,059,3164182,56569,53966,1568,55534,1270
2020-10-04,Placer,061,380077,3808,3664,14,3678,46
2020-10-04,Plumas,063,18699,51,49,0,49,0
2020-10-04,Riverside,065,2383286,61762,60251,221,60472,1226
2020-10-04,Sacramento,067,1510023,23529,23162,27,23189,438
2020-10-04,San Benito,069,59416,1365,1355,0,1355,12
2020-10-04,San Bernardino,071,2135413,57021,55100,355,55455,1031
2020-10-04,San Diego,073,3302833,50292,48438,1120,49558,803
2020-10-04,San Francisco,075,870044,11599,11474,34,11508,110
2020-10-04,San Joaquin,077,732212,20721,20320,69,20389,476
2020-10-04,San Luis Obispo,079,281455,3952,3688,21,3709,31
2020-10-04,San Mateo,081,765935,10578,9858,11,9869,128
2020-10-04,Santa Barbara,083,443738,9410,9276,80,9356,116
2020-10-04,Santa Clara,085,1922200,23039,21780,49,21829,316
2020-10-04,Santa Cruz,087,273765,2581,2483,33,2516,9
2020-10-04,Shasta,089,179085,1517,1158,15,1173,18
2020-10-04,Sierra,091,2930,6,6,0,6,0
2020-10-04,Siskiyou,093,43540,168,153,10,163,0
2020-10-04,Solano,095,438530,6631,6445,42,6487,52
2020-10-04,Sonoma,097,501317,8254,7794,22,7816,129
2020-10-04,Stanislaus,099,539301,16889,16711,578,17289,351
2020-10-04,Sutter,101,95872,1740,1711,1,1712,11
2020-10-04,Tehama,103,63373,673,637,2,639,3
2020-10-04,Trinity,105,12862,61,21,8,29,0
2020-10-04,Tulare,107,460477,16924,16343,178,16521,278
2020-10-04,Tuolumne,109,53932,239,226,4,230,2
2020-10-04,Ventura,111,848112,13871,13197,230,13427,149
2020-10-04,Yolo,113,214977,2939,2875,6,2881,56
2020-10-04,Yuba,115,75493,1130,1103,5,1108,9
2020-10-03,Alameda,001,1643700,22075,21510,197,21707,386
2020-10-03,Alpine,003,1148,3,2,0,2,0
2020-10-03,Amador,005,37829,301,296,0,296,16
2020-10-03,Butte,007,227075,3011,2894,27,2921,46
2020-10-03,Calaveras,009,45235,316,259,0,259,11
2020-10-03,Colusa,011,21464,536,537,0,537,6
2020-10-03,Contra Costa,013,1133247,17671,17087,85,17172,213
2020-10-03,Del Norte,015,27424,153,142,0,142,2
2020-10-03,El Dorado,017,186661,1272,1188,6,1194,4
2020-10-03,Fresno,019,978130,31435,28975,403,29378,408
2020-10-03,Glenn,021,27897,620,601,0,601,3
2020-10-03,Humboldt,023,135768,520,504,1,505,6
2020-10-03,Imperial,025,180216,12082,11090,8,11098,327
2020-10-03,Inyo,027,18085,199,194,4,198,14
2020-10-03,Kern,029,883053,32557,31864,343,32207,403
2020-10-03,Kings,031,150075,8135,7887,48,7935,80
2020-10-03,Lake,033,64148,617,588,0,588,10
2020-10-03,Lassen,035,31185,756,743,2,745,0
2020-10-03,Los Angeles,037,10098052,276891,271869,2079,273948,6620
2020-10-03,Madera,039,155013,4724,4565,31,4596,50
2020-10-03,Marin,041,260295,6866,6728,18,6746,91
2020-10-03,Mariposa,043,17540,77,75,0,75,2
2020-10-03,Mendocino,045,87422,951,898,4,902,18
2020-10-03,Merced,047,269075,9090,8986,24,9010,139
2020-10-03,Modoc,049,8938,29,26,0,26,0
2020-10-03,Mono,051,14174,171,152,2,154,1
2020-10-03,Monterey,053,433212,10380,10092,38,10130,72
2020-10-03,Napa,055,140530,1803,1752,8,1760,11
2020-10-03,Nevada,057,99092,563,544,16,560,6
2020-10-03,Orange,059,3164182,56452,53573,1563,55136,1268
2020-10-03,Placer,061,380077,3797,3648,14,3662,47
2020-10-03,Plumas,063,18699,51,48,0,48,0
2020-10-03,Riverside,065,2383286,61610,59991,219,60210,1226
2020-10-03,Sacramento,067,1510023,23478,23076,27,23103,437
2020-10-03,San Benito,069,59416,1365,1351,0,1351,12
2020-10-03,San Bernardino,071,2135413,56848,55004,352,55356,1031
2020-10-03,San Diego,073,3302833,50061,48202,1103,49305,798
2020-10-03,San Francisco,075,870044,11574,11475,32,11507,110
2020-10-03,San Joaquin,077,732212,20695,20322,69,20391,476
2020-10-03,San Luis Obispo,079,281455,3928,3670,21,3691,31
2020-10-03,San Mateo,081,765935,10552,9822,10,9832,128
2020-10-03,Santa Barbara,083,443738,9397,9256,80,9336,116
2020-10-03,Santa Clara,085,1922200,22959,21672,49,21721,309
2020-10-03,Santa Cruz,087,273765,2573,2476,33,2509,9
2020-10-03,Shasta,089,179085,1489,1117,14,1131,18
2020-10-03,Sierra,091,2930,6,6,0,6,0
2020-10-03,Siskiyou,093,43540,168,152,10,162,0
2020-10-03,Solano,095,438530,6605,6419,42,6461,52
2020-10-03,Sonoma,097,501317,8211,7747,22,7769,129
2020-10-03,Stanislaus,099,539301,16856,16645,574,17219,351
2020-10-03,Sutter,101,95872,1736,1705,1,1706,11
2020-10-03,Tehama,103,63373,667,630,2,632,3
2020-10-03,Trinity,105,12862,61,15,8,23,0
2020-10-03,Tulare,107,460477,16880,16322,174,16496,278
2020-10-03,Tuolumne,109,53932,238,224,4,228,2
2020-10-03,Ventura,111,848112,13832,13150,226,13376,148
2020-10-03,Yolo,113,214977,2932,2863,6,2869,56
2020-10-03,Yuba,115,75493,1122,1097,5,1102,8
2020-10-02,Alameda,001,1643700,22020,21404,196,21600,382
2020-10-02,Alpine,003,1148,3,2,0,2,0
2020-10-02,Amador,005,37829,300,296,0,296,16
2020-10-02,Butte,007,227075,3001,2879,27,2906,46
2020-10-02,Calaveras,009,45235,315,259,0,259,11
2020-10-02,Colusa,011,21464,535,537,0,537,6
2020-10-02,Contra Costa,013,1133247,17628,17002,84,17086,213
2020-10-02,Del Norte,015,27424,152,141,0,141,2
2020-10-02,El Dorado,017,186661,1265,1168,6,1174,4
2020-10-02,Fresno,019,978130,31352,28855,403,29258,403
2020-10-02,Glenn,021,27897,615,594,0,594,3
2020-10-02,Humboldt,023,135768,519,503,1,504,6
2020-10-02,Imperial,025,180216,12060,11024,8,11032,327
2020-10-02,Inyo,027,18085,197,191,4,195,14
2020-10-02,Kern,029,883053,32505,31790,341,32131,399
2020-10-02,Kings,031,150075,8126,7716,48,7764,79
2020-10-02,Lake,033,64148,611,579,0,579,10
2020-10-02,Lassen,035,31185,756,742,2,744,0
2020-10-02,Los Angeles,037,10098052,275989,270935,2052,272987,6602
2020-10-02,Madera,039,155013,4715,4537,31,4568,49
2020-10-02,Marin,041,260295,6849,6717,18,6735,91
2020-10-02,Mariposa,043,17540,77,75,0,75,2
2020-10-02,Mendocino,045,87422,946,883,4,887,18
2020-10-02,Merced,047,269075,9080,8961,24,8985,139
2020-10-02,Modoc,049,8938,29,26,0,26,0
2020-10-02,Mono,051,14174,171,150,2,152,1
2020-10-02,Monterey,053,433212,10346,9997,38,10035,71
2020-10-02,Napa,055,140530,1797,1737,8,1745,11
2020-10-02,Nevada,057,99092,560,543,16,559,6
2020-10-02,Orange,059,3164182,56321,53299,1556,54855,1262
2020-10-02,Placer,061,380077,3777,3612,14,3626,46
2020-10-02,Plumas,063,18699,51,48,0,48,0
2020-10-02,Riverside,065,2383286,61389,59673,216,59889,1223
2020-10-02,Sacramento,067,1510023,23413,22818,27,22845,436
2020-10-02,San Benito,069,59416,1361,1347,0,1347,12
2020-10-02,San Bernardino,071,2135413,56660,54613,352,54965,1028
2020-10-02,San Diego,073,3302833,49808,47793,1088,48881,794
2020-10-02,San Francisco,075,870044,11551,11398,32,11430,110
2020-10-02,San Joaquin,077,732212,20661,20235,68,20303,474
2020-10-02,San Luis Obispo,079,281455,3905,3654,21,3675,31
2020-10-02,San Mateo,081,765935,10511,9745,10,9755,128
2020-10-02,Santa Barbara,083,443738,9374,9234,80,9314,116
2020-10-02,Santa Clara,085,1922200,22873,21545,48,21593,305
2020-10-02,Santa Cruz,087,273765,2556,2463,33,2496,9
2020-10-02,Shasta,089,179085,1454,1046,14,1060,18
2020-10-02,Sierra,091,2930,6,6,0,6,0
2020-10-02,Siskiyou,093,43540,168,151,10,161,0
2020-10-02,Solano,095,438530,6575,6385,42,6427,52
2020-10-02,Sonoma,097,501317,8154,7662,22,7684,125
2020-10-02,Stanislaus,099,539301,16815,16609,565,17174,349
2020-10-02,Sutter,101,95872,1735,1693,1,1694,11
2020-10-02,Tehama,103,63373,662,619,2,621,3
2020-10-02,Trinity,105,12862,61,15,8,23,0
2020-10-02,Tulare,107,460477,16839,16245,167,16412,278
2020-10-02,Tuolumne,109,53932,236,225,4,229,2
2020-10-02,Ventura,111,848112,13793,13120,221,13341,146
2020-10-02,Yolo,113,214977,2927,2845,6,2851,55
2020-10-02,Yuba,115,75493,1120,1090,5,1095,8
2020-10-01,Alameda,001,1643700,21959,21349,192,21541,383
2020-10-01,Alpine,003,1148,3,2,0,2,0
2020-10-01,Amador,005,37829,300,294,0,294,16
2020-10-01,Butte,007,227075,2993,2865,27,2892,45
2020-10-01,Calaveras,009,45235,315,257,0,257,11
2020-10-01,Colusa,011,21464,535,536,0,536,6
2020-10-01,Contra Costa,013,1133247,17565,16898,84,16982,211
2020-10-01,Del Norte,015,27424,147,140,0,140,2
2020-10-01,El Dorado,017,186661,1261,1162,5,1167,4
2020-10-01,Fresno,019,978130,31271,28796,401,29197,397
2020-10-01,Glenn,021,27897,611,593,0,593,3
2020-10-01,Humboldt,023,135768,519,499,1,500,6
2020-10-01,Imperial,025,180216,12017,10928,8,10936,325
2020-10-01,Inyo,027,18085,197,191,4,195,14
2020-10-01,Kern,029,883053,32442,31678,336,32014,399
2020-10-01,Kings,031,150075,8115,7688,45,7733,79
2020-10-01,Lake,033,64148,605,572,0,572,11
2020-10-01,Lassen,035,31185,753,742,2,744,0
2020-10-01,Los Angeles,037,10098052,274947,271513,2018,273531,6621
2020-10-01,Madera,039,155013,4692,4508,31,4539,48
2020-10-01,Marin,041,260295,6835,6710,18,6728,92
2020-10-01,Mariposa,043,17540,77,76,0,76,2
2020-10-01,Mendocino,045,87422,941,874,4,878,19
2020-10-01,Merced,047,269075,9052,8942,24,8966,138
2020-10-01,Modoc,049,8938,29,26,0,26,0
2020-10-01,Mono,051,14174,169,150,2,152,1
2020-10-01,Monterey,053,433212,10270,9958,38,9996,71
2020-10-01,Napa,055,140530,1789,1729,8,1737,11
2020-10-01,Nevada,057,99092,559,543,16,559,6
2020-10-01,Orange,059,3164182,56156,53088,1543,54631,1257
2020-10-01,Placer,061,380077,3750,3599,14,3613,45
2020-10-01,Plumas,063,18699,51,48,0,48,0
2020-10-01,Riverside,065,2383286,61137,59293,210,59503,1223
2020-10-01,Sacramento,067,1510023,23301,22714,26,22740,433
2020-10-01,San Benito,069,59416,1359,1346,0,1346,12
2020-10-01,San Bernardino,071,2135413,56366,54350,349,54699,1021
2020-10-01,San Diego,073,3302833,49526,47487,1068,48555,792
2020-10-01,San Francisco,075,870044,11520,11284,30,11314,110
2020-10-01,San Joaquin,077,732212,20614,20204,65,20269,471
2020-10-01,San Luis Obispo,079,281455,3878,3625,21,3646,31
2020-10-01,San Mateo,081,765935,10466,9681,10,9691,128
2020-10-01,Santa Barbara,083,443738,9334,9215,80,9295,118
2020-10-01,Santa Clara,085,1922200,22772,21398,48,21446,305
2020-10-01,Santa Cruz,087,273765,2541,2418,33,2451,10
2020-10-01,Shasta,089,179085,1403,991,14,1005,18
2020-10-01,Sierra,091,2930,6,6,0,6,0
2020-10-01,Siskiyou,093,43540,165,150,10,160,0
2020-10-01,Solano,095,438530,6537,6352,42,6394,52
2020-10-01,Sonoma,097,501317,8087,7569,22,7591,125
2020-10-01,Stanislaus,099,539301,16782,16555,559,17114,346
2020-10-01,Sutter,101,95872,1730,1684,1,1685,11
2020-10-01,Tehama,103,63373,652,606,2,608,3
2020-10-01,Trinity,105,12862,61,15,8,23,0
2020-10-01,Tulare,107,460477,16764,16182,164,16346,275
2020-10-01,Tuolumne,109,53932,236,223,4,227,2
2020-10-01,Ventura,111,848112,13741,13057,207,13264,146
2020-10-01,Yolo,113,214977,2909,2833,6,2839,55
2020-10-01,Yuba,115,75493,1116,1082,5,1087,8
2020-09-30,Alameda,001,1643700,21881,21271,189,21460,380
2020-09-30,Alpine,003,1148,3,2,0,2,0
2020-09-30,Amador,005,37829,300,294,0,294,16
2020-09-30,Butte,007,227075,2985,2858,27,2885,44
2020-09-30,Calaveras,009,45235,314,258,0,258,11
2020-09-30,Colusa,011,21464,534,534,0,534,6
2020-09-30,Contra Costa,013,1133247,17497,16819,84,16903,211
2020-09-30,Del Norte,015,27424,146,140,0,140,2
2020-09-30,El Dorado,017,186661,1249,1157,5,1162,4
2020-09-30,Fresno,019,978130,31180,28706,398,29104,395
2020-09-30,Glenn,021,27897,606,592,0,592,3
2020-09-30,Humboldt,023,135768,517,497,1,498,6
2020-09-30,Imperial,025,180216,11992,10868,8,10876,287
2020-09-30,Inyo,027,18085,196,189,4,193,14
2020-09-30,Kern,029,883053,32367,31601,335,31936,398
2020-09-30,Kings,031,150075,8086,7685,45,7730,79
2020-09-30,Lake,033,64148,599,567,0,567,10
2020-09-30,Lassen,035,31185,750,742,2,744,0
2020-09-30,Los Angeles,037,10098052,273722,270260,1985,272245,6568
2020-09-30,Madera,039,155013,4683,4477,31,4508,47
2020-09-30,Marin,041,260295,6811,6700,17,6717,91
2020-09-30,Mariposa,043,17540,77,76,0,76,2
2020-09-30,Mendocino,045,87422,935,867,4,871,17
2020-09-30,Merced,047,269075,9032,8926,24,8950,136
2020-09-30,Modoc,049,8938,29,26,0,26,0
2020-09-30,Mono,051,14174,169,150,2,152,1
2020-09-30,Monterey,053,433212,10220,9898,37,9935,70
2020-09-30,Napa,055,140530,1775,1728,8,1736,11
2020-09-30,Nevada,057,99092,557,540,16,556,6
2020-09-30,Orange,059,3164182,55965,52916,1526,54442,1251
2020-09-30,Placer,061,380077,3729,3585,14,3599,43
2020-09-30,Plumas,063,18699,51,48,0,48,0
2020-09-30,Riverside,065,2383286,60782,59074,206,59280,1220
2020-09-30,Sacramento,067,1510023,23197,22613,26,22639,429
2020-09-30,San Benito,069,59416,1356,1342,0,1342,12
2020-09-30,San Bernardino,071,2135413,56088,53988,348,54336,1018
2020-09-30,San Diego,073,3302833,49222,47182,1047,48229,783
2020-09-30,San Francisco,075,870044,11490,11247,30,11277,106
2020-09-30,San Joaquin,077,732212,20531,20150,63,20213,461
2020-09-30,San Luis Obispo,079,281455,3853,3597,21,3618,31
2020-09-30,San Mateo,081,765935,10424,9634,10,9644,128
2020-09-30,Santa Barbara,083,443738,9308,9186,80,9266,115
2020-09-30,Santa Clara,085,1922200,22667,21318,48,21366,302
2020-09-30,Santa Cruz,087,273765,2528,2405,33,2438,10
2020-09-30,Shasta,089,179085,1347,976,13,989,17
2020-09-30,Sierra,091,2930,6,6,0,6,0
2020-09-30,Siskiyou,093,43540,163,150,10,160,0
2020-09-30,Solano,095,438530,6495,6315,42,6357,51
2020-09-30,Sonoma,097,501317,7998,7494,22,7516,125
2020-09-30,Stanislaus,099,539301,16735,16531,553,17084,343
2020-09-30,Sutter,101,95872,1714,1680,1,1681,10
2020-09-30,Tehama,103,63373,646,594,2,596,3
2020-09-30,Trinity,105,12862,58,15,8,23,0
2020-09-30,Tulare,107,460477,16698,16117,157,16274,274
2020-09-30,Tuolumne,109,53932,234,224,4,228,2
2020-09-30,Ventura,111,848112,13706,12968,191,13159,145
2020-09-30,Yolo,113,214977,2896,2822,6,2828,55
2020-09-30,Yuba,115,75493,1113,1075,5,1080,8
2020-09-29,Alameda,001,1643700,21805,21241,185,21426,374
2020-09-29,Alpine,003,1148,3,2,0,2,0
2020-09-29,Amador,005,37829,298,294,0,294,16
2020-09-29,Butte,007,227075,2971,2848,27,2875,44
2020-09-29,Calaveras,009,45235,312,261,0,261,11
2020-09-29,Colusa,011,21464,534,534,0,534,6
2020-09-29,Contra Costa,013,1133247,17442,16716,82,16798,209
2020-09-29,Del Norte,015,27424,142,142,0,142,2
2020-09-29,El Dorado,017,186661,1240,1151,5,1156,4
2020-09-29,Fresno,019,978130,31085,28621,397,29018,394
2020-09-29,Glenn,021,27897,602,589,0,589,3
2020-09-29,Humboldt,023,135768,515,497,1,498,6
2020-09-29,Imperial,025,180216,11958,10811,8,10819,283
2020-09-29,Inyo,027,18085,195,188,4,192,14
2020-09-29,Kern,029,883053,32312,31534,334,31868,397
2020-09-29,Kings,031,150075,8030,7681,45,7726,78
2020-09-29,Lake,033,64148,597,566,0,566,11
2020-09-29,Lassen,035,31185,750,741,2,743,0
2020-09-29,Los Angeles,037,10098052,272507,269246,1956,271202,6545
2020-09-29,Madera,039,155013,4659,4453,31,4484,47
2020-09-29,Marin,041,260295,6790,6692,17,6709,91
2020-09-29,Mariposa,043,17540,77,74,0,74,2
2020-09-29,Mendocino,045,87422,925,854,4,858,17
2020-09-29,Merced,047,269075,9019,8892,22,8914,136
2020-09-29,Modoc,049,8938,29,26,0,26,0
2020-09-29,Mono,051,14174,169,149,2,151,1
2020-09-29,Monterey,053,433212,10165,9826,35,9861,70
2020-09-29,Napa,055,140530,1772,1727,8,1735,11
2020-09-29,Nevada,057,99092,552,539,16,555,6
2020-09-29,Orange,059,3164182,55779,52755,1515,54270,1231
2020-09-29,Placer,061,380077,3707,3570,14,3584,42
2020-09-29,Plumas,063,18699,51,48,0,48,0
2020-09-29,Riverside,065,2383286,60452,58863,199,59062,1208
2020-09-29,Sacramento,067,1510023,23076,22547,26,22573,425
2020-09-29,San Benito,069,59416,1351,1341,0,1341,12
2020-09-29,San Bernardino,071,2135413,55777,53753,347,54100,1012
2020-09-29,San Diego,073,3302833,48945,46987,1024,48011,781
2020-09-29,San Francisco,075,870044,11454,11142,30,11172,104
2020-09-29,San Joaquin,077,732212,20465,20094,61,20155,454
2020-09-29,San Luis Obispo,079,281455,3831,3581,21,3602,31
2020-09-29,San Mateo,081,765935,10377,9619,10,9629,127
2020-09-29,Santa Barbara,083,443738,9288,9149,79,9228,114
2020-09-29,Santa Clara,085,1922200,22531,21233,47,21280,302
2020-09-29,Santa Cruz,087,273765,2513,2383,32,2415,10
2020-09-29,Shasta,089,179085,1286,943,13,956,17
2020-09-29,Sierra,091,2930,6,6,0,6,0
2020-09-29,Siskiyou,093,43540,157,150,10,160,0
2020-09-29,Solano,095,438530,6461,6303,42,6345,51
2020-09-29,Sonoma,097,501317,7926,7426,22,7448,125
2020-09-29,Stanislaus,099,539301,16705,16505,547,17052,341
2020-09-29,Sutter,101,95872,1708,1677,1,1678,10
2020-09-29,Tehama,103,63373,628,585,2,587,2
2020-09-29,Trinity,105,12862,56,16,8,24,0
2020-09-29,Tulare,107,460477,16634,16055,150,16205,270
2020-09-29,Tuolumne,109,53932,234,224,4,228,2
2020-09-29,Ventura,111,848112,13649,12875,188,13063,145
2020-09-29,Yolo,113,214977,2883,2818,6,2824,55
2020-09-29,Yuba,115,75493,1111,1071,5,1076,8
2020-09-28,Alameda,001,1643700,21718,21133,185,21318,370
2020-09-28,Alpine,003,1148,3,2,0,2,0
2020-09-28,Amador,005,37829,296,294,0,294,16
2020-09-28,Butte,007,227075,2956,2837,27,2864,44
2020-09-28,Calaveras,009,45235,312,257,0,257,11
2020-09-28,Colusa,011,21464,533,531,0,531,6
2020-09-28,Contra Costa,013,1133247,17378,16653,82,16735,195
2020-09-28,Del Norte,015,27424,142,138,0,138,2
2020-09-28,El Dorado,017,186661,1233,1144,5,1149,4
2020-09-28,Fresno,019,978130,31003,28517,390,28907,389
2020-09-28,Glenn,021,27897,600,585,0,585,3
2020-09-28,Humboldt,023,135768,509,495,1,496,6
2020-09-28,Imperial,025,180216,11923,10777,8,10785,283
2020-09-28,Inyo,027,18085,194,188,4,192,14
2020-09-28,Kern,029,883053,32247,31481,329,31810,395
2020-09-28,Kings,031,150075,7889,7661,43,7704,78
2020-09-28,Lake,033,64148,593,559,0,559,10
2020-09-28,Lassen,035,31185,749,737,2,739,0
2020-09-28,Los Angeles,037,10098052,271401,268404,1926,270330,6508
2020-09-28,Madera,039,155013,4638,4438,31,4469,47
2020-09-28,Marin,041,260295,6774,6676,17,6693,91
2020-09-28,Mariposa,043,17540,77,74,0,74,2
2020-09-28,Mendocino,045,87422,910,850,4,854,17
2020-09-28,Merced,047,269075,8991,8869,22,8891,136
2020-09-28,Modoc,049,8938,29,26,0,26,0
2020-09-28,Mono,051,14174,169,148,2,150,1
2020-09-28,Monterey,053,433212,10100,9780,33,9813,69
2020-09-28,Napa,055,140530,1760,1705,8,1713,11
2020-09-28,Nevada,057,99092,544,538,16,554,6
2020-09-28,Orange,059,3164182,55573,52633,1506,54139,1196
2020-09-28,Placer,061,380077,3686,3572,14,3586,42
2020-09-28,Plumas,063,18699,50,48,0,48,0
2020-09-28,Riverside,065,2383286,60154,58570,190,58760,1198
2020-09-28,Sacramento,067,1510023,22929,22392,26,22418,423
2020-09-28,San Benito,069,59416,1348,1336,0,1336,11
2020-09-28,San Bernardino,071,2135413,55428,53501,347,53848,988
2020-09-28,San Diego,073,3302833,48627,46736,1004,47740,776
2020-09-28,San Francisco,075,870044,11420,11114,30,11144,100
2020-09-28,San Joaquin,077,732212,20416,19982,60,20042,448
2020-09-28,San Luis Obispo,079,281455,3810,3567,21,3588,31
2020-09-28,San Mateo,081,765935,10327,9582,10,9592,127
2020-09-28,Santa Barbara,083,443738,9270,9121,79,9200,114
2020-09-28,Santa Clara,085,1922200,22414,21180,47,21227,271
2020-09-28,Santa Cruz,087,273765,2503,2359,32,2391,9
2020-09-28,Shasta,089,179085,1232,883,10,893,17
2020-09-28,Sierra,091,2930,6,6,0,6,0
2020-09-28,Siskiyou,093,43540,157,149,10,159,0
2020-09-28,Solano,095,438530,6425,6254,42,6296,51
2020-09-28,Sonoma,097,501317,7850,7369,22,7391,125
2020-09-28,Stanislaus,099,539301,16665,16467,540,17007,336
2020-09-28,Sutter,101,95872,1701,1676,1,1677,10
2020-09-28,Tehama,103,63373,620,579,2,581,2
2020-09-28,Trinity,105,12862,56,16,8,24,0
2020-09-28,Tulare,107,460477,16581,15918,145,16063,270
2020-09-28,Tuolumne,109,53932,234,225,4,229,2
2020-09-28,Ventura,111,848112,13571,12812,181,12993,139
2020-09-28,Yolo,113,214977,2866,2809,6,2815,55
2020-09-28,Yuba,115,75493,1108,1062,5,1067,7
2020-09-27,Alameda,001,1643700,21637,21077,181,21258,370
2020-09-27,Alpine,003,1148,3,2,0,2,0
2020-09-27,Amador,005,37829,296,291,0,291,16
2020-09-27,Butte,007,227075,2944,2833,27,2860,44
2020-09-27,Calaveras,009,45235,311,257,0,257,11
2020-09-27,Colusa,011,21464,532,531,0,531,6
2020-09-27,Contra Costa,013,1133247,17276,16596,81,16677,195
2020-09-27,Del Norte,015,27424,142,138,0,138,2
2020-09-27,El Dorado,017,186661,1218,1130,5,1135,4
2020-09-27,Fresno,019,978130,30897,28441,390,28831,389
2020-09-27,Glenn,021,27897,596,576,0,576,3
2020-09-27,Humboldt,023,135768,507,492,1,493,6
2020-09-27,Imperial,025,180216,11889,10743,8,10751,283
2020-09-27,Inyo,027,18085,192,188,4,192,14
2020-09-27,Kern,029,883053,32128,31462,326,31788,395
2020-09-27,Kings,031,150075,7869,7641,43,7684,78
2020-09-27,Lake,033,64148,589,555,0,555,10
2020-09-27,Lassen,035,31185,749,737,2,739,0
2020-09-27,Los Angeles,037,10098052,270223,267754,1906,269660,6507
2020-09-27,Madera,039,155013,4609,4416,31,4447,47
2020-09-27,Marin,041,260295,6764,6663,17,6680,91
2020-09-27,Mariposa,043,17540,77,74,0,74,2
2020-09-27,Mendocino,045,87422,904,846,4,850,17
2020-09-27,Merced,047,269075,8957,8853,22,8875,136
2020-09-27,Modoc,049,8938,29,26,0,26,0
2020-09-27,Mono,051,14174,169,148,2,150,1
2020-09-27,Monterey,053,433212,10040,9724,32,9756,69
2020-09-27,Napa,055,140530,1755,1690,8,1698,11
2020-09-27,Nevada,057,99092,543,537,16,553,6
2020-09-27,Orange,059,3164182,55298,52458,1497,53955,1195
2020-09-27,Placer,061,380077,3673,3562,14,3576,42
2020-09-27,Plumas,063,18699,50,48,0,48,0
2020-09-27,Riverside,065,2383286,59858,58509,182,58691,1191
2020-09-27,Sacramento,067,1510023,22831,22356,26,22382,422
2020-09-27,San Benito,069,59416,1348,1331,0,1331,11
2020-09-27,San Bernardino,071,2135413,54992,53127,347,53474,988
2020-09-27,San Diego,073,3302833,48283,46612,987,47599,776
2020-09-27,San Francisco,075,870044,11368,11114,30,11144,100
2020-09-27,San Joaquin,077,732212,20356,19981,60,20041,448
2020-09-27,San Luis Obispo,079,281455,3790,3562,21,3583,31
2020-09-27,San Mateo,081,765935,10259,9566,10,9576,127
2020-09-27,Santa Barbara,083,443738,9249,9090,78,9168,114
2020-09-27,Santa Clara,085,1922200,22305,21091,47,21138,271
2020-09-27,Santa Cruz,087,273765,2481,2359,32,2391,9
2020-09-27,Shasta,089,179085,1189,883,9,892,17
2020-09-27,Sierra,091,2930,6,6,0,6,0
2020-09-27,Siskiyou,093,43540,156,149,10,159,0
2020-09-27,Solano,095,438530,6390,6211,41,6252,51
2020-09-27,Sonoma,097,501317,7769,7336,22,7358,124
2020-09-27,Stanislaus,099,539301,16614,16448,534,16982,336
2020-09-27,Sutter,101,95872,1694,1672,1,1673,10
2020-09-27,Tehama,103,63373,603,573,2,575,2
2020-09-27,Trinity,105,12862,56,16,8,24,0
2020-09-27,Tulare,107,460477,16503,15918,136,16054,270
2020-09-27,Tuolumne,109,53932,233,224,4,228,2
2020-09-27,Ventura,111,848112,13482,12775,172,12947,139
2020-09-27,Yolo,113,214977,2852,2796,6,2802,55
2020-09-27,Yuba,115,75493,1098,1059,5,1064,7
2020-09-26,Alameda,001,1643700,21579,21019,180,21199,370
2020-09-26,Alpine,003,1148,3,2,0,2,0
2020-09-26,Amador,005,37829,295,291,0,291,16
2020-09-26,Butte,007,227075,2936,2827,27,2854,44
2020-09-26,Calaveras,009,45235,311,257,0,257,11
2020-09-26,Colusa,011,21464,532,529,0,529,6
2020-09-26,Contra Costa,013,1133247,17233,16508,81,16589,194
2020-09-26,Del Norte,015,27424,142,138,0,138,2
2020-09-26,El Dorado,017,186661,1213,1127,5,1132,4
2020-09-26,Fresno,019,978130,30830,28336,390,28726,389
2020-09-26,Glenn,021,27897,596,576,0,576,3
2020-09-26,Humboldt,023,135768,507,491,1,492,6
2020-09-26,Imperial,025,180216,11872,10721,8,10729,283
2020-09-26,Inyo,027,18085,191,187,4,191,14
2020-09-26,Kern,029,883053,32077,31410,326,31736,394
2020-09-26,Kings,031,150075,7857,7537,43,7580,78
2020-09-26,Lake,033,64148,586,549,0,549,10
2020-09-26,Lassen,035,31185,749,737,2,739,0
2020-09-26,Los Angeles,037,10098052,269588,266931,1892,268823,6497
2020-09-26,Madera,039,155013,4593,4410,31,4441,47
2020-09-26,Marin,041,260295,6751,6641,17,6658,91
2020-09-26,Mariposa,043,17540,76,74,0,74,2
2020-09-26,Mendocino,045,87422,899,836,4,840,17
2020-09-26,Merced,047,269075,8945,8841,21,8862,136
2020-09-26,Modoc,049,8938,29,26,0,26,0
2020-09-26,Mono,051,14174,169,148,2,150,1
2020-09-26,Monterey,053,433212,10013,9651,32,9683,68
2020-09-26,Napa,055,140530,1753,1681,8,1689,11
2020-09-26,Nevada,057,99092,543,534,16,550,6
2020-09-26,Orange,059,3164182,55159,52203,1491,53694,1194
2020-09-26,Placer,061,380077,3660,3551,14,3565,42
2020-09-26,Plumas,063,18699,49,48,0,48,0
2020-09-26,Riverside,065,2383286,59723,58076,180,58256,1190
2020-09-26,Sacramento,067,1510023,22775,22269,26,22295,421
2020-09-26,San Benito,069,59416,1346,1325,0,1325,11
2020-09-26,San Bernardino,071,2135413,54859,53122,347,53469,988
2020-09-26,San Diego,073,3302833,48078,46333,973,47306,775
2020-09-26,San Francisco,075,870044,11340,11113,30,11143,100
2020-09-26,San Joaquin,077,732212,20321,19982,58,20040,449
2020-09-26,San Luis Obispo,079,281455,3774,3546,21,3567,31
2020-09-26,San Mateo,081,765935,10225,9509,10,9519,127
2020-09-26,Santa Barbara,083,443738,9238,9061,78,9139,114
2020-09-26,Santa Clara,085,1922200,22234,20967,46,21013,270
2020-09-26,Santa Cruz,087,273765,2473,2336,32,2368,9
2020-09-26,Shasta,089,179085,1139,856,8,864,17
2020-09-26,Sierra,091,2930,6,6,0,6,0
2020-09-26,Siskiyou,093,43540,155,149,10,159,0
2020-09-26,Solano,095,438530,6371,6209,41,6250,51
2020-09-26,Sonoma,097,501317,7744,7285,21,7306,124
2020-09-26,Stanislaus,099,539301,16589,16421,525,16946,336
2020-09-26,Sutter,101,95872,1689,1662,1,1663,10
2020-09-26,Tehama,103,63373,591,560,2,562,2
2020-09-26,Trinity,105,12862,54,16,8,24,0
2020-09-26,Tulare,107,460477,16477,15881,134,16015,270
2020-09-26,Tuolumne,109,53932,233,223,4,227,2
2020-09-26,Ventura,111,848112,13447,12729,171,12900,137
2020-09-26,Yolo,113,214977,2850,2789,6,2795,55
2020-09-26,Yuba,115,75493,1094,1056,5,1061,7
2020-09-25,Alameda,001,1643700,21525,20911,180,21091,367
2020-09-25,Alpine,003,1148,3,2,0,2,0
2020-09-25,Amador,005,37829,295,289,0,289,16
2020-09-25,Butte,007,227075,2931,2819,27,2846,43
2020-09-25,Calaveras,009,45235,311,257,0,257,11
2020-09-25,Colusa,011,21464,532,528,0,528,6
2020-09-25,Contra Costa,013,1133247,17174,16401,81,16482,194
2020-09-25,Del Norte,015,27424,142,138,0,138,2
2020-09-25,El Dorado,017,186661,1209,1104,5,1109,4
2020-09-25,Fresno,019,978130,30770,28199,389,28588,385
2020-09-25,Glenn,021,27897,594,570,0,570,3
2020-09-25,Humboldt,023,135768,506,489,1,490,5
2020-09-25,Imperial,025,180216,11854,10681,8,10689,283
2020-09-25,Inyo,027,18085,189,187,4,191,14
2020-09-25,Kern,029,883053,32024,31333,324,31657,393
2020-09-25,Kings,031,150075,7852,7450,43,7493,77
2020-09-25,Lake,033,64148,585,539,0,539,9
2020-09-25,Lassen,035,31185,749,737,2,739,0
2020-09-25,Los Angeles,037,10098052,268799,265713,1878,267591,6483
2020-09-25,Madera,039,155013,4574,4369,31,4400,48
2020-09-25,Marin,041,260295,6748,6622,17,6639,90
2020-09-25,Mariposa,043,17540,76,74,0,74,2
2020-09-25,Mendocino,045,87422,884,819,3,822,17
2020-09-25,Merced,047,269075,8929,8830,21,8851,135
2020-09-25,Modoc,049,8938,29,26,0,26,0
2020-09-25,Mono,051,14174,169,149,2,151,1
2020-09-25,Monterey,053,433212,9961,9581,32,9613,68
2020-09-25,Napa,055,140530,1751,1669,8,1677,11
2020-09-25,Nevada,057,99092,541,529,16,545,6
2020-09-25,Orange,059,3164182,55032,52031,1483,53514,1184
2020-09-25,Placer,061,380077,3649,3527,14,3541,41
2020-09-25,Plumas,063,18699,49,48,0,48,0
2020-09-25,Riverside,065,2383286,59547,57783,175,57958,1183
2020-09-25,Sacramento,067,1510023,22698,22132,26,22158,418
2020-09-25,San Benito,069,59416,1345,1318,0,1318,11
2020-09-25,San Bernardino,071,2135413,54705,52814,347,53161,987
2020-09-25,San Diego,073,3302833,47876,46003,957,46960,775
2020-09-25,San Francisco,075,870044,11306,11066,29,11095,100
2020-09-25,San Joaquin,077,732212,20269,19909,58,19967,449
2020-09-25,San Luis Obispo,079,281455,3762,3512,21,3533,31
2020-09-25,San Mateo,081,765935,10189,9447,10,9457,127
2020-09-25,Santa Barbara,083,443738,9214,9026,78,9104,114
2020-09-25,Santa Clara,085,1922200,22170,20812,45,20857,265
2020-09-25,Santa Cruz,087,273765,2461,2309,31,2340,9
2020-09-25,Shasta,089,179085,1105,806,8,814,16
2020-09-25,Sierra,091,2930,6,6,0,6,0
2020-09-25,Siskiyou,093,43540,155,149,10,159,0
2020-09-25,Solano,095,438530,6355,6179,41,6220,50
2020-09-25,Sonoma,097,501317,7704,7202,21,7223,124
2020-09-25,Stanislaus,099,539301,16571,16381,523,16904,326
2020-09-25,Sutter,101,95872,1686,1655,1,1656,10
2020-09-25,Tehama,103,63373,583,546,2,548,2
2020-09-25,Trinity,105,12862,54,15,8,23,0
2020-09-25,Tulare,107,460477,16437,15815,132,15947,267
2020-09-25,Tuolumne,109,53932,233,223,4,227,2
2020-09-25,Ventura,111,848112,13404,12664,168,12832,137
2020-09-25,Yolo,113,214977,2842,2784,6,2790,55
2020-09-25,Yuba,115,75493,1089,1049,5,1054,5
2020-09-24,Alameda,001,1643700,21450,20838,177,21015,364
2020-09-24,Alpine,003,1148,3,2,0,2,0
2020-09-24,Amador,005,37829,295,288,0,288,16
2020-09-24,Butte,007,227075,2920,2803,27,2830,43
2020-09-24,Calaveras,009,45235,311,258,0,258,11
2020-09-24,Colusa,011,21464,532,523,0,523,6
2020-09-24,Contra Costa,013,1133247,17092,16252,81,16333,192
2020-09-24,Del Norte,015,27424,138,137,0,137,2
2020-09-24,El Dorado,017,186661,1200,1093,5,1098,4
2020-09-24,Fresno,019,978130,30664,28106,385,28491,375
2020-09-24,Glenn,021,27897,590,567,0,567,3
2020-09-24,Humboldt,023,135768,503,482,1,483,5
2020-09-24,Imperial,025,180216,11830,10622,8,10630,283
2020-09-24,Inyo,027,18085,189,187,4,191,13
2020-09-24,Kern,029,883053,31961,31273,322,31595,388
2020-09-24,Kings,031,150075,7836,7428,43,7471,76
2020-09-24,Lake,033,64148,576,531,0,531,9
2020-09-24,Lassen,035,31185,748,737,2,739,0
2020-09-24,Los Angeles,037,10098052,267757,264374,1860,266234,6452
2020-09-24,Madera,039,155013,4555,4344,31,4375,48
2020-09-24,Marin,041,260295,6720,6588,17,6605,85
2020-09-24,Mariposa,043,17540,76,74,0,74,2
2020-09-24,Mendocino,045,87422,880,810,3,813,17
2020-09-24,Merced,047,269075,8900,8813,20,8833,135
2020-09-24,Modoc,049,8938,29,24,0,24,0
2020-09-24,Mono,051,14174,169,149,2,151,1
2020-09-24,Monterey,053,433212,9895,9544,30,9574,67
2020-09-24,Napa,055,140530,1739,1661,8,1669,11
2020-09-24,Nevada,057,99092,540,527,16,543,6
2020-09-24,Orange,059,3164182,54824,51749,1465,53214,1164
2020-09-24,Placer,061,380077,3634,3514,14,3528,41
2020-09-24,Plumas,063,18699,49,48,0,48,0
2020-09-24,Riverside,065,2383286,59281,57491,169,57660,1172
2020-09-24,Sacramento,067,1510023,22572,21985,25,22010,417
2020-09-24,San Benito,069,59416,1343,1308,0,1308,11
2020-09-24,San Bernardino,071,2135413,54368,52455,346,52801,988
2020-09-24,San Diego,073,3302833,47607,45598,942,46540,773
2020-09-24,San Francisco,075,870044,11259,10992,29,11021,99
2020-09-24,San Joaquin,077,732212,20231,19851,56,19907,444
2020-09-24,San Luis Obispo,079,281455,3746,3480,21,3501,31
2020-09-24,San Mateo,081,765935,10141,9376,10,9386,127
2020-09-24,Santa Barbara,083,443738,9161,8988,77,9065,114
2020-09-24,Santa Clara,085,1922200,22082,20689,45,20734,262
2020-09-24,Santa Cruz,087,273765,2441,2300,29,2329,9
2020-09-24,Shasta,089,179085,1068,773,5,778,14
2020-09-24,Sierra,091,2930,6,6,0,6,0
2020-09-24,Siskiyou,093,43540,155,149,10,159,0
2020-09-24,Solano,095,438530,6322,6137,41,6178,49
2020-09-24,Sonoma,097,501317,7623,7163,21,7184,122
2020-09-24,Stanislaus,099,539301,16534,16326,518,16844,326
2020-09-24,Sutter,101,95872,1683,1646,1,1647,10
2020-09-24,Tehama,103,63373,580,540,2,542,2
2020-09-24,Trinity,105,12862,54,15,8,23,0
2020-09-24,Tulare,107,460477,16372,15754,131,15885,267
2020-09-24,Tuolumne,109,53932,233,224,4,228,2
2020-09-24,Ventura,111,848112,13322,12617,167,12784,138
2020-09-24,Yolo,113,214977,2835,2776,6,2782,55
2020-09-24,Yuba,115,75493,1084,1042,5,1047,5
2020-09-23,Alameda,001,1643700,21382,20718,175,20893,361
2020-09-23,Alpine,003,1148,3,2,0,2,0
2020-09-23,Amador,005,37829,294,288,0,288,16
2020-09-23,Butte,007,227075,2912,2790,27,2817,43
2020-09-23,Calaveras,009,45235,310,258,0,258,11
2020-09-23,Colusa,011,21464,531,521,0,521,6
2020-09-23,Contra Costa,013,1133247,17030,16167,80,16247,192
2020-09-23,Del Norte,015,27424,136,137,0,137,2
2020-09-23,El Dorado,017,186661,1186,1088,5,1093,4
2020-09-23,Fresno,019,978130,30569,28019,383,28402,371
2020-09-23,Glenn,021,27897,583,561,0,561,3
2020-09-23,Humboldt,023,135768,499,477,1,478,5
2020-09-23,Imperial,025,180216,11804,10587,8,10595,284
2020-09-23,Inyo,027,18085,188,177,4,181,13
2020-09-23,Kern,029,883053,31917,31172,320,31492,387
2020-09-23,Kings,031,150075,7814,7406,43,7449,76
2020-09-23,Lake,033,64148,571,519,0,519,9
2020-09-23,Lassen,035,31185,748,736,2,738,0
2020-09-23,Los Angeles,037,10098052,266741,263318,1831,265149,6421
2020-09-23,Madera,039,155013,4540,4311,31,4342,48
2020-09-23,Marin,041,260295,6701,6567,17,6584,85
2020-09-23,Mariposa,043,17540,76,74,0,74,2
2020-09-23,Mendocino,045,87422,879,801,2,803,17
2020-09-23,Merced,047,269075,8879,8785,18,8803,134
2020-09-23,Modoc,049,8938,29,24,0,24,0
2020-09-23,Mono,051,14174,169,149,2,151,1
2020-09-23,Monterey,053,433212,9826,9452,29,9481,67
2020-09-23,Napa,055,140530,1730,1653,8,1661,11
2020-09-23,Nevada,057,99092,539,523,16,539,6
2020-09-23,Orange,059,3164182,54597,51658,1457,53115,1155
2020-09-23,Placer,061,380077,3622,3506,14,3520,41
2020-09-23,Plumas,063,18699,49,48,0,48,0
2020-09-23,Riverside,065,2383286,58975,57257,166,57423,1165
2020-09-23,Sacramento,067,1510023,22495,21821,25,21846,415
2020-09-23,San Benito,069,59416,1337,1305,0,1305,10
2020-09-23,San Bernardino,071,2135413,54074,52132,344,52476,973
2020-09-23,San Diego,073,3302833,47331,45427,923,46350,767
2020-09-23,San Francisco,075,870044,11210,10926,29,10955,95
2020-09-23,San Joaquin,077,732212,20177,19785,56,19841,439
2020-09-23,San Luis Obispo,079,281455,3728,3447,21,3468,31
2020-09-23,San Mateo,081,765935,10101,9351,10,9361,127
2020-09-23,Santa Barbara,083,443738,9132,8952,77,9029,112
2020-09-23,Santa Clara,085,1922200,21971,20575,42,20617,260
2020-09-23,Santa Cruz,087,273765,2422,2283,29,2312,9
2020-09-23,Shasta,089,179085,1029,756,4,760,14
2020-09-23,Sierra,091,2930,6,6,0,6,0
2020-09-23,Siskiyou,093,43540,155,149,10,159,0
2020-09-23,Solano,095,438530,6296,6123,41,6164,50
2020-09-23,Sonoma,097,501317,7547,7091,21,7112,122
2020-09-23,Stanislaus,099,539301,16504,16271,515,16786,317
2020-09-23,Sutter,101,95872,1679,1646,1,1647,10
2020-09-23,Tehama,103,63373,574,533,2,535,2
2020-09-23,Trinity,105,12862,53,15,8,23,0
2020-09-23,Tulare,107,460477,16307,15664,130,15794,266
2020-09-23,Tuolumne,109,53932,233,223,4,227,2
2020-09-23,Ventura,111,848112,13266,12591,164,12755,137
2020-09-23,Yolo,113,214977,2817,2766,6,2772,55
2020-09-23,Yuba,115,75493,1082,1038,5,1043,5
2020-09-22,Alameda,001,1643700,21302,20607,173,20780,355
2020-09-22,Alpine,003,1148,2,2,0,2,0
2020-09-22,Amador,005,37829,293,287,0,287,16
2020-09-22,Butte,007,227075,2907,2776,27,2803,43
2020-09-22,Calaveras,009,45235,310,258,0,258,11
2020-09-22,Colusa,011,21464,529,518,0,518,6
2020-09-22,Contra Costa,013,1133247,16940,16090,80,16170,190
2020-09-22,Del Norte,015,27424,136,137,0,137,2
2020-09-22,El Dorado,017,186661,1167,1076,5,1081,4
2020-09-22,Fresno,019,978130,30474,27944,380,28324,369
2020-09-22,Glenn,021,27897,580,560,0,560,3
2020-09-22,Humboldt,023,135768,498,476,1,477,5
2020-09-22,Imperial,025,180216,11775,10529,8,10537,284
2020-09-22,Inyo,027,18085,188,177,4,181,13
2020-09-22,Kern,029,883053,31849,31110,313,31423,383
2020-09-22,Kings,031,150075,7757,7395,42,7437,76
2020-09-22,Lake,033,64148,563,516,0,516,9
2020-09-22,Lassen,035,31185,747,736,2,738,0
2020-09-22,Los Angeles,037,10098052,265675,262117,1806,263923,6394
2020-09-22,Madera,039,155013,4524,4303,31,4334,47
2020-09-22,Marin,041,260295,6687,6561,17,6578,84
2020-09-22,Mariposa,043,17540,76,74,0,74,2
2020-09-22,Mendocino,045,87422,859,794,1,795,18
2020-09-22,Merced,047,269075,8849,8769,18,8787,132
2020-09-22,Modoc,049,8938,29,24,0,24,0
2020-09-22,Mono,051,14174,168,149,2,151,1
2020-09-22,Monterey,053,433212,9768,9393,28,9421,67
2020-09-22,Napa,055,140530,1713,1652,8,1660,11
2020-09-22,Nevada,057,99092,539,523,16,539,6
2020-09-22,Orange,059,3164182,54347,51528,1448,52976,1132
2020-09-22,Placer,061,380077,3610,3492,14,3506,40
2020-09-22,Plumas,063,18699,49,48,0,48,0
2020-09-22,Riverside,065,2383286,58491,57066,162,57228,1162
2020-09-22,Sacramento,067,1510023,22375,21745,25,21770,410
2020-09-22,San Benito,069,59416,1332,1305,0,1305,10
2020-09-22,San Bernardino,071,2135413,53800,51899,344,52243,971
2020-09-22,San Diego,073,3302833,47024,45149,904,46053,765
2020-09-22,San Francisco,075,870044,11166,10893,28,10921,95
2020-09-22,San Joaquin,077,732212,20130,19755,55,19810,426
2020-09-22,San Luis Obispo,079,281455,3706,3420,21,3441,31
2020-09-22,San Mateo,081,765935,10063,9291,10,9301,127
2020-09-22,Santa Barbara,083,443738,9102,8927,76,9003,111
2020-09-22,Santa Clara,085,1922200,21852,20514,42,20556,253
2020-09-22,Santa Cruz,087,273765,2399,2264,29,2293,8
2020-09-22,Shasta,089,179085,994,723,4,727,14
2020-09-22,Sierra,091,2930,6,6,0,6,0
2020-09-22,Siskiyou,093,43540,155,149,10,159,0
2020-09-22,Solano,095,438530,6265,6107,41,6148,48
2020-09-22,Sonoma,097,501317,7468,7068,20,7088,117
2020-09-22,Stanislaus,099,539301,16481,16231,508,16739,316
2020-09-22,Sutter,101,95872,1673,1638,1,1639,10
2020-09-22,Tehama,103,63373,566,529,2,531,2
2020-09-22,Trinity,105,12862,53,15,8,23,0
2020-09-22,Tulare,107,460477,16240,15616,126,15742,263
2020-09-22,Tuolumne,109,53932,232,224,4,228,1
2020-09-22,Ventura,111,848112,13214,12507,160,12667,136
2020-09-22,Yolo,113,214977,2810,2763,6,2769,54
2020-09-22,Yuba,115,75493,1073,1035,5,1040,5
2020-09-21,Alameda,001,1643700,21223,20501,172,20673,343
2020-09-21,Alpine,003,1148,2,2,0,2,0
2020-09-21,Amador,005,37829,291,286,0,286,16
2020-09-21,Butte,007,227075,2893,2769,27,2796,41
2020-09-21,Calaveras,009,45235,308,256,0,256,10
2020-09-21,Colusa,011,21464,528,517,0,517,6
2020-09-21,Contra Costa,013,1133247,16853,16008,80,16088,189
2020-09-21,Del Norte,015,27424,136,132,0,132,2
2020-09-21,El Dorado,017,186661,1158,1074,5,1079,4
2020-09-21,Fresno,019,978130,30372,27843,373,28216,362
2020-09-21,Glenn,021,27897,576,556,0,556,3
2020-09-21,Humboldt,023,135768,494,473,1,474,5
2020-09-21,Imperial,025,180216,11744,10521,8,10529,284
2020-09-21,Inyo,027,18085,187,177,4,181,12
2020-09-21,Kern,029,883053,31777,31031,311,31342,379
2020-09-21,Kings,031,150075,7644,7297,41,7338,76
2020-09-21,Lake,033,64148,558,508,0,508,8
2020-09-21,Lassen,035,31185,745,735,2,737,0
2020-09-21,Los Angeles,037,10098052,264588,261418,1761,263179,6360
2020-09-21,Madera,039,155013,4513,4275,30,4305,47
2020-09-21,Marin,041,260295,6676,6538,16,6554,84
2020-09-21,Mariposa,043,17540,75,74,0,74,2
2020-09-21,Mendocino,045,87422,844,778,0,778,18
2020-09-21,Merced,047,269075,8830,8749,16,8765,128
2020-09-21,Modoc,049,8938,29,22,0,22,0
2020-09-21,Mono,051,14174,168,147,2,149,1
2020-09-21,Monterey,053,433212,9704,9331,25,9356,66
2020-09-21,Napa,055,140530,1702,1641,8,1649,11
2020-09-21,Nevada,057,99092,537,515,16,531,6
2020-09-21,Orange,059,3164182,54125,51363,1441,52804,1110
2020-09-21,Placer,061,380077,3600,3473,14,3487,40
2020-09-21,Plumas,063,18699,49,47,0,47,0
2020-09-21,Riverside,065,2383286,58219,57001,155,57156,1153
2020-09-21,Sacramento,067,1510023,22194,21568,25,21593,404
2020-09-21,San Benito,069,59416,1330,1298,0,1298,10
2020-09-21,San Bernardino,071,2135413,53514,51654,344,51998,970
2020-09-21,San Diego,073,3302833,46740,44927,883,45810,760
2020-09-21,San Francisco,075,870044,11118,10743,28,10771,95
2020-09-21,San Joaquin,077,732212,20072,19579,55,19634,423
2020-09-21,San Luis Obispo,079,281455,3680,3406,21,3427,27
2020-09-21,San Mateo,081,765935,10011,9239,10,9249,127
2020-09-21,Santa Barbara,083,443738,9074,8911,76,8987,110
2020-09-21,Santa Clara,085,1922200,21751,20432,42,20474,252
2020-09-21,Santa Cruz,087,273765,2382,2257,27,2284,8
2020-09-21,Shasta,089,179085,944,696,4,700,14
2020-09-21,Sierra,091,2930,6,6,0,6,0
2020-09-21,Siskiyou,093,43540,155,146,10,156,0
2020-09-21,Solano,095,438530,6241,6019,41,6060,46
2020-09-21,Sonoma,097,501317,7392,7017,20,7037,117
2020-09-21,Stanislaus,099,539301,16451,16186,508,16694,310
2020-09-21,Sutter,101,95872,1666,1634,1,1635,10
2020-09-21,Tehama,103,63373,547,513,2,515,2
2020-09-21,Trinity,105,12862,53,15,8,23,0
2020-09-21,Tulare,107,460477,16166,15528,117,15645,260
2020-09-21,Tuolumne,109,53932,232,221,4,225,1
2020-09-21,Ventura,111,848112,13130,12477,154,12631,133
2020-09-21,Yolo,113,214977,2804,2752,6,2758,54
2020-09-21,Yuba,115,75493,1069,1033,5,1038,1
2020-09-20,Alameda,001,1643700,21123,20425,169,20594,343
2020-09-20,Alpine,003,1148,2,2,0,2,0
2020-09-20,Amador,005,37829,290,286,0,286,16
2020-09-20,Butte,007,227075,2881,2764,27,2791,39
2020-09-20,Calaveras,009,45235,304,256,0,256,10
2020-09-20,Colusa,011,21464,526,510,0,510,6
2020-09-20,Contra Costa,013,1133247,16719,15917,79,15996,189
2020-09-20,Del Norte,015,27424,134,132,0,132,2
2020-09-20,El Dorado,017,186661,1143,1073,5,1078,4
2020-09-20,Fresno,019,978130,30258,27769,368,28137,362
2020-09-20,Glenn,021,27897,572,550,0,550,3
2020-09-20,Humboldt,023,135768,494,472,1,473,5
2020-09-20,Imperial,025,180216,11717,10496,7,10503,284
2020-09-20,Inyo,027,18085,187,177,4,181,12
2020-09-20,Kern,029,883053,31694,30992,307,31299,379
2020-09-20,Kings,031,150075,7597,7159,40,7199,76
2020-09-20,Lake,033,64148,546,492,0,492,8
2020-09-20,Lassen,035,31185,745,735,2,737,0
2020-09-20,Los Angeles,037,10098052,263357,260770,1736,262506,6347
2020-09-20,Madera,039,155013,4493,4257,30,4287,47
2020-09-20,Marin,041,260295,6650,6533,16,6549,83
2020-09-20,Mariposa,043,17540,75,74,0,74,2
2020-09-20,Mendocino,045,87422,832,765,0,765,18
2020-09-20,Merced,047,269075,8803,8745,16,8761,128
2020-09-20,Modoc,049,8938,27,22,0,22,0
2020-09-20,Mono,051,14174,167,147,2,149,1
2020-09-20,Monterey,053,433212,9625,9312,25,9337,65
2020-09-20,Napa,055,140530,1693,1626,8,1634,11
2020-09-20,Nevada,057,99092,534,511,16,527,6
2020-09-20,Orange,059,3164182,53884,51233,1431,52664,1110
2020-09-20,Placer,061,380077,3585,3452,14,3466,40
2020-09-20,Plumas,063,18699,49,47,0,47,0
2020-09-20,Riverside,065,2383286,58018,56783,149,56932,1147
2020-09-20,Sacramento,067,1510023,22007,21394,24,21418,401
2020-09-20,San Benito,069,59416,1319,1291,0,1291,9
2020-09-20,San Bernardino,071,2135413,53195,51559,342,51901,970
2020-09-20,San Diego,073,3302833,46367,44579,854,45433,760
2020-09-20,San Francisco,075,870044,11064,10743,28,10771,95
2020-09-20,San Joaquin,077,732212,20007,19578,48,19626,423
2020-09-20,San Luis Obispo,079,281455,3652,3393,21,3414,27
2020-09-20,San Mateo,081,765935,9945,9198,10,9208,127
2020-09-20,Santa Barbara,083,443738,9038,8880,75,8955,110
2020-09-20,Santa Clara,085,1922200,21631,20330,41,20371,252
2020-09-20,Santa Cruz,087,273765,2362,2199,27,2226,8
2020-09-20,Shasta,089,179085,903,696,3,699,14
2020-09-20,Sierra,091,2930,6,6,0,6,0
2020-09-20,Siskiyou,093,43540,155,146,10,156,0
2020-09-20,Solano,095,438530,6197,6020,41,6061,46
2020-09-20,Sonoma,097,501317,7288,6954,20,6974,117
2020-09-20,Stanislaus,099,539301,16420,16159,501,16660,310
2020-09-20,Sutter,101,95872,1660,1624,1,1625,10
2020-09-20,Tehama,103,63373,534,509,2,511,2
2020-09-20,Trinity,105,12862,53,15,8,23,0
2020-09-20,Tulare,107,460477,16080,15528,111,15639,260
2020-09-20,Tuolumne,109,53932,232,221,4,225,1
2020-09-20,Ventura,111,848112,13064,12406,150,12556,133
2020-09-20,Yolo,113,214977,2796,2745,6,2751,54
2020-09-20,Yuba,115,75493,1062,1029,5,1034,1
2020-09-19,Alameda,001,1643700,21073,20349,166,20515,343
2020-09-19,Alpine,003,1148,2,2,0,2,0
2020-09-19,Amador,005,37829,290,285,0,285,16
2020-09-19,Butte,007,227075,2875,2748,27,2775,38
2020-09-19,Calaveras,009,45235,304,256,0,256,10
2020-09-19,Colusa,011,21464,526,507,0,507,6
2020-09-19,Contra Costa,013,1133247,16656,15783,79,15862,186
2020-09-19,Del Norte,015,27424,133,132,0,132,2
2020-09-19,El Dorado,017,186661,1137,1068,4,1072,4
2020-09-19,Fresno,019,978130,30185,27668,368,28036,362
2020-09-19,Glenn,021,27897,569,547,0,547,3
2020-09-19,Humboldt,023,135768,493,471,1,472,5
2020-09-19,Imperial,025,180216,11702,10496,7,10503,284
2020-09-19,Inyo,027,18085,187,177,4,181,12
2020-09-19,Kern,029,883053,31640,30886,304,31190,379
2020-09-19,Kings,031,150075,7591,7130,40,7170,76
2020-09-19,Lake,033,64148,546,465,0,465,8
2020-09-19,Lassen,035,31185,745,731,2,733,0
2020-09-19,Los Angeles,037,10098052,262731,259801,1722,261523,6325
2020-09-19,Madera,039,155013,4470,4237,30,4267,47
2020-09-19,Marin,041,260295,6643,6513,15,6528,81
2020-09-19,Mariposa,043,17540,75,74,0,74,2
2020-09-19,Mendocino,045,87422,829,750,0,750,18
2020-09-19,Merced,047,269075,8792,8717,15,8732,128
2020-09-19,Modoc,049,8938,27,22,0,22,0
2020-09-19,Mono,051,14174,167,147,2,149,1
2020-09-19,Monterey,053,433212,9583,9237,25,9262,65
2020-09-19,Napa,055,140530,1685,1614,8,1622,11
2020-09-19,Nevada,057,99092,532,505,16,521,6
2020-09-19,Orange,059,3164182,53756,50999,1424,52423,1105
2020-09-19,Placer,061,380077,3576,3412,14,3426,40
2020-09-19,Plumas,063,18699,49,47,0,47,0
2020-09-19,Riverside,065,2383286,57891,56562,148,56710,1147
2020-09-19,Sacramento,067,1510023,21953,21297,24,21321,396
2020-09-19,San Benito,069,59416,1315,1276,0,1276,9
2020-09-19,San Bernardino,071,2135413,53039,51353,339,51692,971
2020-09-19,San Diego,073,3302833,46139,44295,831,45126,773
2020-09-19,San Francisco,075,870044,11031,10741,28,10769,95
2020-09-19,San Joaquin,077,732212,19970,19580,48,19628,424
2020-09-19,San Luis Obispo,079,281455,3631,3369,21,3390,27
2020-09-19,San Mateo,081,765935,9914,9158,10,9168,127
2020-09-19,Santa Barbara,083,443738,9018,8862,75,8937,106
2020-09-19,Santa Clara,085,1922200,21542,20170,41,20211,251
2020-09-19,Santa Cruz,087,273765,2348,2198,26,2224,8
2020-09-19,Shasta,089,179085,876,687,3,690,14
2020-09-19,Sierra,091,2930,6,6,0,6,0
2020-09-19,Siskiyou,093,43540,155,146,10,156,0
2020-09-19,Solano,095,438530,6181,5998,41,6039,46
2020-09-19,Sonoma,097,501317,7255,6905,20,6925,117
2020-09-19,Stanislaus,099,539301,16380,16109,494,16603,313
2020-09-19,Sutter,101,95872,1659,1602,1,1603,10
2020-09-19,Tehama,103,63373,529,498,2,500,2
2020-09-19,Trinity,105,12862,53,15,8,23,0
2020-09-19,Tulare,107,460477,16031,15485,108,15593,260
2020-09-19,Tuolumne,109,53932,232,217,4,221,1
2020-09-19,Ventura,111,848112,13032,12328,150,12478,133
2020-09-19,Yolo,113,214977,2788,2739,6,2745,54
2020-09-19,Yuba,115,75493,1055,1023,5,1028,1
2020-09-18,Alameda,001,1643700,21008,20222,160,20382,341
2020-09-18,Alpine,003,1148,2,2,0,2,0
2020-09-18,Amador,005,37829,290,285,0,285,16
2020-09-18,Butte,007,227075,2873,2738,27,2765,37
2020-09-18,Calaveras,009,45235,304,255,0,255,9
2020-09-18,Colusa,011,21464,526,504,0,504,6
2020-09-18,Contra Costa,013,1133247,16571,15667,79,15746,185
2020-09-18,Del Norte,015,27424,133,131,0,131,2
2020-09-18,El Dorado,017,186661,1124,1063,4,1067,4
2020-09-18,Fresno,019,978130,30120,27560,368,27928,359
2020-09-18,Glenn,021,27897,566,541,0,541,3
2020-09-18,Humboldt,023,135768,490,470,1,471,5
2020-09-18,Imperial,025,180216,11687,10460,7,10467,283
2020-09-18,Inyo,027,18085,187,177,4,181,12
2020-09-18,Kern,029,883053,31582,30742,301,31043,373
2020-09-18,Kings,031,150075,7581,7062,40,7102,74
2020-09-18,Lake,033,64148,540,458,0,458,8
2020-09-18,Lassen,035,31185,744,731,2,733,0
2020-09-18,Los Angeles,037,10098052,261970,258488,1704,260192,6324
2020-09-18,Madera,039,155013,4458,4211,30,4241,45
2020-09-18,Marin,041,260295,6628,6475,15,6490,81
2020-09-18,Mariposa,043,17540,75,74,0,74,2
2020-09-18,Mendocino,045,87422,821,739,0,739,18
2020-09-18,Merced,047,269075,8780,8691,14,8705,127
2020-09-18,Modoc,049,8938,27,22,0,22,0
2020-09-18,Mono,051,14174,165,147,2,149,1
2020-09-18,Monterey,053,433212,9542,9183,25,9208,64
2020-09-18,Napa,055,140530,1679,1604,8,1612,11
2020-09-18,Nevada,057,99092,529,504,16,520,6
2020-09-18,Orange,059,3164182,53609,50733,1412,52145,1107
2020-09-18,Placer,061,380077,3565,3389,14,3403,40
2020-09-18,Plumas,063,18699,49,45,0,45,0
2020-09-18,Riverside,065,2383286,57769,56248,143,56391,1143
2020-09-18,Sacramento,067,1510023,21870,21105,24,21129,391
2020-09-18,San Benito,069,59416,1307,1257,0,1257,8
2020-09-18,San Bernardino,071,2135413,52894,51106,336,51442,970
2020-09-18,San Diego,073,3302833,45889,44009,826,44835,757
2020-09-18,San Francisco,075,870044,10993,10644,27,10671,95
2020-09-18,San Joaquin,077,732212,19926,19531,47,19578,423
2020-09-18,San Luis Obispo,079,281455,3607,3328,21,3349,27
2020-09-18,San Mateo,081,765935,9874,9062,10,9072,127
2020-09-18,Santa Barbara,083,443738,8997,8824,75,8899,107
2020-09-18,Santa Clara,085,1922200,21444,20058,41,20099,252
2020-09-18,Santa Cruz,087,273765,2327,2180,25,2205,8
2020-09-18,Shasta,089,179085,841,668,3,671,14
2020-09-18,Sierra,091,2930,6,6,0,6,0
2020-09-18,Siskiyou,093,43540,154,146,10,156,0
2020-09-18,Solano,095,438530,6165,5961,41,6002,46
2020-09-18,Sonoma,097,501317,7207,6856,20,6876,114
2020-09-18,Stanislaus,099,539301,16352,16042,488,16530,277
2020-09-18,Sutter,101,95872,1652,1586,1,1587,10
2020-09-18,Tehama,103,63373,529,490,2,492,2
2020-09-18,Trinity,105,12862,53,15,7,22,0
2020-09-18,Tulare,107,460477,15998,15435,104,15539,259
2020-09-18,Tuolumne,109,53932,231,216,4,220,1
2020-09-18,Ventura,111,848112,12971,12236,146,12382,133
2020-09-18,Yolo,113,214977,2782,2732,6,2738,54
2020-09-18,Yuba,115,75493,1051,1020,5,1025,1
2020-09-17,Alameda,001,1643700,20909,20146,160,20306,339
2020-09-17,Alpine,003,1148,2,2,0,2,0
2020-09-17,Amador,005,37829,288,284,0,284,16
2020-09-17,Butte,007,227075,2855,2720,27,2747,38
2020-09-17,Calaveras,009,45235,304,254,0,254,9
2020-09-17,Colusa,011,21464,524,499,0,499,6
2020-09-17,Contra Costa,013,1133247,16482,15576,79,15655,184
2020-09-17,Del Norte,015,27424,133,131,0,131,2
2020-09-17,El Dorado,017,186661,1115,1057,4,1061,4
2020-09-17,Fresno,019,978130,30010,27487,363,27850,355
2020-09-17,Glenn,021,27897,565,541,0,541,3
2020-09-17,Humboldt,023,135768,484,466,1,467,5
2020-09-17,Imperial,025,180216,11670,10436,7,10443,281
2020-09-17,Inyo,027,18085,187,176,4,180,12
2020-09-17,Kern,029,883053,31521,30627,294,30921,372
2020-09-17,Kings,031,150075,7510,7015,40,7055,72
2020-09-17,Lake,033,64148,530,433,0,433,8
2020-09-17,Lassen,035,31185,742,731,2,733,0
2020-09-17,Los Angeles,037,10098052,261028,257246,1689,258935,6318
2020-09-17,Madera,039,155013,4424,4152,30,4182,45
2020-09-17,Marin,041,260295,6607,6457,15,6472,81
2020-09-17,Mariposa,043,17540,75,74,0,74,2
2020-09-17,Mendocino,045,87422,810,737,0,737,18
2020-09-17,Merced,047,269075,8761,8671,14,8685,119
2020-09-17,Modoc,049,8938,27,22,0,22,0
2020-09-17,Mono,051,14174,165,147,2,149,1
2020-09-17,Monterey,053,433212,9480,9113,25,9138,62
2020-09-17,Napa,055,140530,1668,1592,8,1600,11
2020-09-17,Nevada,057,99092,527,494,16,510,6
2020-09-17,Orange,059,3164182,53428,50537,1400,51937,1098
2020-09-17,Placer,061,380077,3544,3368,14,3382,40
2020-09-17,Plumas,063,18699,49,45,0,45,0
2020-09-17,Riverside,065,2383286,57543,56007,142,56149,1134
2020-09-17,Sacramento,067,1510023,21635,20895,24,20919,385
2020-09-17,San Benito,069,59416,1304,1252,0,1252,8
2020-09-17,San Bernardino,071,2135413,52692,50770,336,51106,904
2020-09-17,San Diego,073,3302833,45609,43621,814,44435,754
2020-09-17,San Francisco,075,870044,10898,10564,27,10591,95
2020-09-17,San Joaquin,077,732212,19867,19439,47,19486,416
2020-09-17,San Luis Obispo,079,281455,3577,3299,21,3320,27
2020-09-17,San Mateo,081,765935,9832,8984,10,8994,127
2020-09-17,Santa Barbara,083,443738,8973,8779,75,8854,107
2020-09-17,Santa Clara,085,1922200,21327,19825,41,19866,254
2020-09-17,Santa Cruz,087,273765,2311,2155,25,2180,7
2020-09-17,Shasta,089,179085,802,660,3,663,12
2020-09-17,Sierra,091,2930,6,6,0,6,0
2020-09-17,Siskiyou,093,43540,154,146,10,156,0
2020-09-17,Solano,095,438530,6142,5915,41,5956,44
2020-09-17,Sonoma,097,501317,7143,6754,20,6774,114
2020-09-17,Stanislaus,099,539301,16319,15984,484,16468,277
2020-09-17,Sutter,101,95872,1647,1572,1,1573,10
2020-09-17,Tehama,103,63373,515,487,2,489,2
2020-09-17,Trinity,105,12862,53,15,7,22,0
2020-09-17,Tulare,107,460477,15945,15344,102,15446,258
2020-09-17,Tuolumne,109,53932,230,214,4,218,1
2020-09-17,Ventura,111,848112,12884,12167,142,12309,130
2020-09-17,Yolo,113,214977,2773,2724,6,2730,53
2020-09-17,Yuba,115,75493,1047,1015,5,1020,1
2020-09-16,Alameda,001,1643700,20811,20009,158,20167,333
2020-09-16,Alpine,003,1148,2,2,0,2,0
2020-09-16,Amador,005,37829,288,284,0,284,16
2020-09-16,Butte,007,227075,2845,2704,26,2730,38
2020-09-16,Calaveras,009,45235,304,254,0,254,9
2020-09-16,Colusa,011,21464,522,497,0,497,6
2020-09-16,Contra Costa,013,1133247,16396,15473,79,15552,183
2020-09-16,Del Norte,015,27424,133,131,0,131,2
2020-09-16,El Dorado,017,186661,1107,1049,4,1053,4
2020-09-16,Fresno,019,978130,29903,27381,361,27742,343
2020-09-16,Glenn,021,27897,563,539,0,539,3
2020-09-16,Humboldt,023,135768,483,455,1,456,4
2020-09-16,Imperial,025,180216,11647,10401,7,10408,277
2020-09-16,Inyo,027,18085,186,176,4,180,12
2020-09-16,Kern,029,883053,31461,30570,293,30863,371
2020-09-16,Kings,031,150075,7485,7002,37,7039,71
2020-09-16,Lake,033,64148,519,417,0,417,6
2020-09-16,Lassen,035,31185,741,730,2,732,0
2020-09-16,Los Angeles,037,10098052,260048,256101,1672,257773,6299
2020-09-16,Madera,039,155013,4401,4138,30,4168,45
2020-09-16,Marin,041,260295,6579,6430,15,6445,77
2020-09-16,Mariposa,043,17540,75,74,0,74,2
2020-09-16,Mendocino,045,87422,801,727,0,727,18
2020-09-16,Merced,047,269075,8740,8646,14,8660,118
2020-09-16,Modoc,049,8938,27,22,0,22,0
2020-09-16,Mono,051,14174,165,147,2,149,1
2020-09-16,Monterey,053,433212,9426,8997,25,9022,62
2020-09-16,Napa,055,140530,1654,1587,8,1595,11
2020-09-16,Nevada,057,99092,522,495,15,510,6
2020-09-16,Orange,059,3164182,53227,50414,1391,51805,1096
2020-09-16,Placer,061,380077,3526,3351,14,3365,39
2020-09-16,Plumas,063,18699,49,45,0,45,0
2020-09-16,Riverside,065,2383286,57349,55811,134,55945,1127
2020-09-16,Sacramento,067,1510023,21540,20610,24,20634,377
2020-09-16,San Benito,069,59416,1296,1244,0,1244,8
2020-09-16,San Bernardino,071,2135413,52467,50509,335,50844,907
2020-09-16,San Diego,073,3302833,45317,43447,793,44240,748
2020-09-16,San Francisco,075,870044,10851,10502,27,10529,90
2020-09-16,San Joaquin,077,732212,19813,19377,46,19423,409
2020-09-16,San Luis Obispo,079,281455,3546,3285,21,3306,28
2020-09-16,San Mateo,081,765935,9767,8944,10,8954,127
2020-09-16,Santa Barbara,083,443738,8940,8764,75,8839,107
2020-09-16,Santa Clara,085,1922200,21208,19684,41,19725,253
2020-09-16,Santa Cruz,087,273765,2270,2089,24,2113,7
2020-09-16,Shasta,089,179085,776,635,3,638,11
2020-09-16,Sierra,091,2930,6,6,0,6,0
2020-09-16,Siskiyou,093,43540,153,145,10,155,0
2020-09-16,Solano,095,438530,6112,5899,41,5940,44
2020-09-16,Sonoma,097,501317,7082,6731,20,6751,104
2020-09-16,Stanislaus,099,539301,16271,15897,476,16373,263
2020-09-16,Sutter,101,95872,1634,1567,1,1568,10
2020-09-16,Tehama,103,63373,507,485,2,487,2
2020-09-16,Trinity,105,12862,53,15,7,22,0
2020-09-16,Tulare,107,460477,15900,15314,95,15409,258
2020-09-16,Tuolumne,109,53932,229,210,4,214,1
2020-09-16,Ventura,111,848112,12813,12073,140,12213,130
2020-09-16,Yolo,113,214977,2766,2709,6,2715,53
2020-09-16,Yuba,115,75493,1045,1000,5,1005,1
2020-09-15,Alameda,001,1643700,20704,19931,155,20086,327
2020-09-15,Alpine,003,1148,2,2,0,2,0
2020-09-15,Amador,005,37829,287,282,0,282,16
2020-09-15,Butte,007,227075,2832,2695,24,2719,38
2020-09-15,Calaveras,009,45235,304,248,0,248,5
2020-09-15,Colusa,011,21464,516,497,0,497,6
2020-09-15,Contra Costa,013,1133247,16295,15423,78,15501,180
2020-09-15,Del Norte,015,27424,133,129,0,129,2
2020-09-15,El Dorado,017,186661,1102,1046,4,1050,4
2020-09-15,Fresno,019,978130,29796,27312,356,27668,343
2020-09-15,Glenn,021,27897,562,531,0,531,3
2020-09-15,Humboldt,023,135768,481,456,1,457,4
2020-09-15,Imperial,025,180216,11622,10376,7,10383,277
2020-09-15,Inyo,027,18085,186,176,4,180,12
2020-09-15,Kern,029,883053,31348,30429,290,30719,368
2020-09-15,Kings,031,150075,7327,6977,37,7014,70
2020-09-15,Lake,033,64148,505,416,0,416,4
2020-09-15,Lassen,035,31185,737,719,2,721,0
2020-09-15,Los Angeles,037,10098052,258938,255048,1650,256698,6269
2020-09-15,Madera,039,155013,4382,4122,30,4152,45
2020-09-15,Marin,041,260295,6548,6423,15,6438,77
2020-09-15,Mariposa,043,17540,75,74,0,74,2
2020-09-15,Mendocino,045,87422,783,724,0,724,18
2020-09-15,Merced,047,269075,8710,8633,14,8647,114
2020-09-15,Modoc,049,8938,26,21,0,21,0
2020-09-15,Mono,051,14174,165,147,2,149,1
2020-09-15,Monterey,053,433212,9377,8943,25,8968,62
2020-09-15,Napa,055,140530,1640,1580,8,1588,11
2020-09-15,Nevada,057,99092,517,494,15,509,6
2020-09-15,Orange,059,3164182,53045,50294,1376,51670,1088
2020-09-15,Placer,061,380077,3502,3331,14,3345,38
2020-09-15,Plumas,063,18699,49,44,0,44,0
2020-09-15,Riverside,065,2383286,57055,55569,124,55693,1118
2020-09-15,Sacramento,067,1510023,21397,20487,24,20511,372
2020-09-15,San Benito,069,59416,1289,1237,0,1237,7
2020-09-15,San Bernardino,071,2135413,52251,50333,334,50667,904
2020-09-15,San Diego,073,3302833,44998,43183,773,43956,742
2020-09-15,San Francisco,075,870044,10793,10414,27,10441,90
2020-09-15,San Joaquin,077,732212,19761,19313,46,19359,401
2020-09-15,San Luis Obispo,079,281455,3526,3262,21,3283,28
2020-09-15,San Mateo,081,765935,9697,8895,10,8905,127
2020-09-15,Santa Barbara,083,443738,8915,8724,74,8798,104
2020-09-15,Santa Clara,085,1922200,21072,19610,41,19651,252
2020-09-15,Santa Cruz,087,273765,2244,2079,23,2102,7
2020-09-15,Shasta,089,179085,764,627,3,630,11
2020-09-15,Sierra,091,2930,6,6,0,6,0
2020-09-15,Siskiyou,093,43540,153,143,10,153,0
2020-09-15,Solano,095,438530,6078,5878,41,5919,45
2020-09-15,Sonoma,097,501317,7043,6701,20,6721,104
2020-09-15,Stanislaus,099,539301,16223,15880,474,16354,260
2020-09-15,Sutter,101,95872,1623,1556,1,1557,10
2020-09-15,Tehama,103,63373,495,484,2,486,2
2020-09-15,Trinity,105,12862,53,15,7,22,0
2020-09-15,Tulare,107,460477,15824,15203,93,15296,254
2020-09-15,Tuolumne,109,53932,229,209,4,213,1
2020-09-15,Ventura,111,848112,12760,11932,139,12071,128
2020-09-15,Yolo,113,214977,2762,2708,6,2714,53
2020-09-15,Yuba,115,75493,1039,991,4,995,1
2020-09-14,Alameda,001,1643700,20577,19851,154,20005,306
2020-09-14,Alpine,003,1148,2,2,0,2,0
2020-09-14,Amador,005,37829,285,281,0,281,16
2020-09-14,Butte,007,227075,2815,2642,24,2666,37
2020-09-14,Calaveras,009,45235,304,244,0,244,3
2020-09-14,Colusa,011,21464,515,486,0,486,6
2020-09-14,Contra Costa,013,1133247,16171,15354,77,15431,174
2020-09-14,Del Norte,015,27424,130,116,0,116,2
2020-09-14,El Dorado,017,186661,1098,1039,4,1043,3
2020-09-14,Fresno,019,978130,29711,27232,353,27585,344
2020-09-14,Glenn,021,27897,554,521,0,521,3
2020-09-14,Humboldt,023,135768,478,437,1,438,4
2020-09-14,Imperial,025,180216,11602,10340,7,10347,273
2020-09-14,Inyo,027,18085,186,176,4,180,12
2020-09-14,Kern,029,883053,31260,30344,289,30633,368
2020-09-14,Kings,031,150075,7246,6950,37,6987,70
2020-09-14,Lake,033,64148,485,407,0,407,4
2020-09-14,Lassen,035,31185,737,719,2,721,0
2020-09-14,Los Angeles,037,10098052,257909,254622,1625,256247,6226
2020-09-14,Madera,039,155013,4368,4104,30,4134,45
2020-09-14,Marin,041,260295,6527,6409,15,6424,70
2020-09-14,Mariposa,043,17540,75,74,0,74,2
2020-09-14,Mendocino,045,87422,766,710,0,710,17
2020-09-14,Merced,047,269075,8691,8593,14,8607,112
2020-09-14,Modoc,049,8938,26,21,0,21,0
2020-09-14,Mono,051,14174,165,147,2,149,1
2020-09-14,Monterey,053,433212,9306,8845,24,8869,61
2020-09-14,Napa,055,140530,1623,1576,8,1584,11
2020-09-14,Nevada,057,99092,512,489,15,504,6
2020-09-14,Orange,059,3164182,52884,50149,1360,51509,1079
2020-09-14,Placer,061,380077,3481,3302,14,3316,38
2020-09-14,Plumas,063,18699,48,42,0,42,0
2020-09-14,Riverside,065,2383286,56836,55488,119,55607,1113
2020-09-14,Sacramento,067,1510023,21202,20377,23,20400,367
2020-09-14,San Benito,069,59416,1274,1233,0,1233,7
2020-09-14,San Bernardino,071,2135413,52026,50163,333,50496,895
2020-09-14,San Diego,073,3302833,44687,42889,753,43642,734
2020-09-14,San Francisco,075,870044,10726,10255,25,10280,90
2020-09-14,San Joaquin,077,732212,19687,19111,45,19156,397
2020-09-14,San Luis Obispo,079,281455,3501,3248,21,3269,25
2020-09-14,San Mateo,081,765935,9636,8847,10,8857,127
2020-09-14,Santa Barbara,083,443738,8889,8692,74,8766,104
2020-09-14,Santa Clara,085,1922200,20884,19545,41,19586,247
2020-09-14,Santa Cruz,087,273765,2223,2016,22,2038,7
2020-09-14,Shasta,089,179085,741,584,3,587,10
2020-09-14,Sierra,091,2930,6,6,0,6,0
2020-09-14,Siskiyou,093,43540,152,143,10,153,0
2020-09-14,Solano,095,438530,6043,5834,41,5875,44
2020-09-14,Sonoma,097,501317,6981,6630,20,6650,102
2020-09-14,Stanislaus,099,539301,16178,15812,471,16283,253
2020-09-14,Sutter,101,95872,1612,1549,1,1550,10
2020-09-14,Tehama,103,63373,493,475,2,477,1
2020-09-14,Trinity,105,12862,52,14,7,21,0
2020-09-14,Tulare,107,460477,15754,15096,87,15183,254
2020-09-14,Tuolumne,109,53932,228,208,4,212,1
2020-09-14,Ventura,111,848112,12658,11903,136,12039,125
2020-09-14,Yolo,113,214977,2751,2687,6,2693,53
2020-09-14,Yuba,115,75493,1031,977,4,981,1
2020-09-13,Alameda,001,1643700,20471,19815,151,19966,306
2020-09-13,Alpine,003,1148,2,2,0,2,0
2020-09-13,Amador,005,37829,282,279,0,279,16
2020-09-13,Butte,007,227075,2793,2640,24,2664,37
2020-09-13,Calaveras,009,45235,303,246,0,246,3
2020-09-13,Colusa,011,21464,511,486,0,486,6
2020-09-13,Contra Costa,013,1133247,16064,15284,77,15361,172
2020-09-13,Del Norte,015,27424,127,116,0,116,1
2020-09-13,El Dorado,017,186661,1093,1035,4,1039,2
2020-09-13,Fresno,019,978130,29603,27196,344,27540,345
2020-09-13,Glenn,021,27897,550,517,0,517,3
2020-09-13,Humboldt,023,135768,478,434,1,435,4
2020-09-13,Imperial,025,180216,11565,10304,6,10310,273
2020-09-13,Inyo,027,18085,186,176,4,180,12
2020-09-13,Kern,029,883053,31167,30277,282,30559,368
2020-09-13,Kings,031,150075,7227,6937,37,6974,70
2020-09-13,Lake,033,64148,466,397,0,397,4
2020-09-13,Lassen,035,31185,734,719,2,721,0
2020-09-13,Los Angeles,037,10098052,256758,253950,1609,255559,6203
2020-09-13,Madera,039,155013,4311,4090,30,4120,45
2020-09-13,Marin,041,260295,6506,6395,15,6410,70
2020-09-13,Mariposa,043,17540,75,74,0,74,2
2020-09-13,Mendocino,045,87422,759,707,0,707,17
2020-09-13,Merced,047,269075,8657,8575,14,8589,112
2020-09-13,Modoc,049,8938,26,21,0,21,0
2020-09-13,Mono,051,14174,165,147,2,149,1
2020-09-13,Monterey,053,433212,9224,8826,23,8849,61
2020-09-13,Napa,055,140530,1616,1563,8,1571,11
2020-09-13,Nevada,057,99092,504,486,15,501,6
2020-09-13,Orange,059,3164182,52668,50061,1353,51414,1075
2020-09-13,Placer,061,380077,3451,3291,14,3305,38
2020-09-13,Plumas,063,18699,48,42,0,42,0
2020-09-13,Riverside,065,2383286,56629,55235,108,55343,1108
2020-09-13,Sacramento,067,1510023,20856,20279,23,20302,367
2020-09-13,San Benito,069,59416,1266,1217,0,1217,7
2020-09-13,San Bernardino,071,2135413,51740,49968,331,50299,895
2020-09-13,San Diego,073,3302833,44361,42681,719,43400,734
2020-09-13,San Francisco,075,870044,10648,10254,25,10279,90
2020-09-13,San Joaquin,077,732212,19616,19110,44,19154,396
2020-09-13,San Luis Obispo,079,281455,3464,3240,21,3261,24
2020-09-13,San Mateo,081,765935,9575,8811,10,8821,127
2020-09-13,Santa Barbara,083,443738,8852,8690,74,8764,104
2020-09-13,Santa Clara,085,1922200,20746,19456,40,19496,245
2020-09-13,Santa Cruz,087,273765,2190,2016,20,2036,7
2020-09-13,Shasta,089,179085,729,583,3,586,10
2020-09-13,Sierra,091,2930,6,6,0,6,0
2020-09-13,Siskiyou,093,43540,152,143,9,152,0
2020-09-13,Solano,095,438530,5997,5810,41,5851,43
2020-09-13,Sonoma,097,501317,6916,6592,20,6612,95
2020-09-13,Stanislaus,099,539301,16115,15759,459,16218,253
2020-09-13,Sutter,101,95872,1600,1539,1,1540,10
2020-09-13,Tehama,103,63373,489,476,2,478,1
2020-09-13,Trinity,105,12862,52,14,7,21,0
2020-09-13,Tulare,107,460477,15683,15098,86,15184,254
2020-09-13,Tuolumne,109,53932,224,208,4,212,1
2020-09-13,Ventura,111,848112,12550,11855,135,11990,123
2020-09-13,Yolo,113,214977,2739,2675,6,2681,53
2020-09-13,Yuba,115,75493,1026,967,4,971,1
2020-09-12,Alameda,001,1643700,20412,19758,151,19909,307
2020-09-12,Alpine,003,1148,2,2,0,2,0
2020-09-12,Amador,005,37829,281,278,0,278,16
2020-09-12,Butte,007,227075,2786,2629,23,2652,37
2020-09-12,Calaveras,009,45235,301,246,0,246,3
2020-09-12,Colusa,011,21464,507,486,0,486,6
2020-09-12,Contra Costa,013,1133247,15987,15135,76,15211,174
2020-09-12,Del Norte,015,27424,126,116,0,116,1
2020-09-12,El Dorado,017,186661,1086,1034,4,1038,2
2020-09-12,Fresno,019,978130,29532,27076,344,27420,345
2020-09-12,Glenn,021,27897,549,517,0,517,3
2020-09-12,Humboldt,023,135768,477,430,1,431,4
2020-09-12,Imperial,025,180216,11553,10305,6,10311,273
2020-09-12,Inyo,027,18085,186,177,4,181,12
2020-09-12,Kern,029,883053,31101,30202,282,30484,368
2020-09-12,Kings,031,150075,7217,6895,37,6932,70
2020-09-12,Lake,033,64148,460,393,0,393,4
2020-09-12,Lassen,035,31185,734,719,2,721,0
2020-09-12,Los Angeles,037,10098052,256199,253156,1588,254744,6193
2020-09-12,Madera,039,155013,4300,4058,30,4088,43
2020-09-12,Marin,041,260295,6497,6393,15,6408,69
2020-09-12,Mariposa,043,17540,75,72,0,72,2
2020-09-12,Mendocino,045,87422,756,700,0,700,17
2020-09-12,Merced,047,269075,8648,8533,14,8547,112
2020-09-12,Modoc,049,8938,25,21,0,21,0
2020-09-12,Mono,051,14174,165,147,2,149,1
2020-09-12,Monterey,053,433212,9188,8743,23,8766,61
2020-09-12,Napa,055,140530,1613,1556,8,1564,11
2020-09-12,Nevada,057,99092,503,482,15,497,6
2020-09-12,Orange,059,3164182,52553,49895,1350,51245,1078
2020-09-12,Placer,061,380077,3434,3280,14,3294,38
2020-09-12,Plumas,063,18699,48,42,0,42,0
2020-09-12,Riverside,065,2383286,56500,55058,104,55162,1108
2020-09-12,Sacramento,067,1510023,20787,20184,23,20207,367
2020-09-12,San Benito,069,59416,1263,1208,0,1208,7
2020-09-12,San Bernardino,071,2135413,51649,49945,329,50274,896
2020-09-12,San Diego,073,3302833,44166,42416,710,43126,747
2020-09-12,San Francisco,075,870044,10603,10257,25,10282,90
2020-09-12,San Joaquin,077,732212,19588,19108,44,19152,396
2020-09-12,San Luis Obispo,079,281455,3437,3220,21,3241,24
2020-09-12,San Mateo,081,765935,9530,8759,10,8769,127
2020-09-12,Santa Barbara,083,443738,8838,8642,74,8716,104
2020-09-12,Santa Clara,085,1922200,20662,19330,40,19370,237
2020-09-12,Santa Cruz,087,273765,2178,2016,20,2036,7
2020-09-12,Shasta,089,179085,717,569,3,572,10
2020-09-12,Sierra,091,2930,6,6,0,6,0
2020-09-12,Siskiyou,093,43540,152,141,9,150,0
2020-09-12,Solano,095,438530,5973,5772,41,5813,43
2020-09-12,Sonoma,097,501317,6891,6531,20,6551,95
2020-09-12,Stanislaus,099,539301,16083,15675,456,16131,253
2020-09-12,Sutter,101,95872,1594,1529,1,1530,10
2020-09-12,Tehama,103,63373,486,471,2,473,1
2020-09-12,Trinity,105,12862,52,15,7,22,0
2020-09-12,Tulare,107,460477,15637,15018,85,15103,254
2020-09-12,Tuolumne,109,53932,224,208,4,212,1
2020-09-12,Ventura,111,848112,12499,11759,133,11892,123
2020-09-12,Yolo,113,214977,2732,2646,6,2652,53
2020-09-12,Yuba,115,75493,1022,963,4,967,1
2020-09-11,Alameda,001,1643700,20357,19625,150,19775,298
2020-09-11,Alpine,003,1148,2,2,0,2,0
2020-09-11,Amador,005,37829,281,277,0,277,16
2020-09-11,Butte,007,227075,2775,2605,23,2628,37
2020-09-11,Calaveras,009,45235,300,242,0,242,1
2020-09-11,Colusa,011,21464,506,484,0,484,6
2020-09-11,Contra Costa,013,1133247,15935,15001,73,15074,173
2020-09-11,Del Norte,015,27424,126,115,0,115,1
2020-09-11,El Dorado,017,186661,1083,1024,4,1028,2
2020-09-11,Fresno,019,978130,29452,26917,343,27260,344
2020-09-11,Glenn,021,27897,544,515,0,515,3
2020-09-11,Humboldt,023,135768,475,426,1,427,4
2020-09-11,Imperial,025,180216,11535,10286,6,10292,273
2020-09-11,Inyo,027,18085,186,176,4,180,12
2020-09-11,Kern,029,883053,31033,30059,281,30340,365
2020-09-11,Kings,031,150075,7200,6770,37,6807,70
2020-09-11,Lake,033,64148,453,382,0,382,4
2020-09-11,Lassen,035,31185,734,719,2,721,0
2020-09-11,Los Angeles,037,10098052,255518,252057,1577,253634,6172
2020-09-11,Madera,039,155013,4281,4018,30,4048,43
2020-09-11,Marin,041,260295,6494,6364,15,6379,69
2020-09-11,Mariposa,043,17540,75,72,0,72,2
2020-09-11,Mendocino,045,87422,745,700,0,700,17
2020-09-11,Merced,047,269075,8627,8489,14,8503,109
2020-09-11,Modoc,049,8938,25,21,0,21,0
2020-09-11,Mono,051,14174,165,145,2,147,1
2020-09-11,Monterey,053,433212,9140,8595,23,8618,61
2020-09-11,Napa,055,140530,1602,1543,8,1551,11
2020-09-11,Nevada,057,99092,496,483,15,498,6
2020-09-11,Orange,059,3164182,52424,49755,1338,51093,1068
2020-09-11,Placer,061,380077,3419,3254,14,3268,37
2020-09-11,Plumas,063,18699,48,42,0,42,0
2020-09-11,Riverside,065,2383286,56365,54717,101,54818,1099
2020-09-11,Sacramento,067,1510023,20702,20012,23,20035,358
2020-09-11,San Benito,069,59416,1253,1202,0,1202,7
2020-09-11,San Bernardino,071,2135413,51550,49682,329,50011,871
2020-09-11,San Diego,073,3302833,43946,41971,704,42675,730
2020-09-11,San Francisco,075,870044,10555,10133,24,10157,89
2020-09-11,San Joaquin,077,732212,19540,19019,44,19063,391
2020-09-11,San Luis Obispo,079,281455,3419,3190,21,3211,24
2020-09-11,San Mateo,081,765935,9488,8611,10,8621,127
2020-09-11,Santa Barbara,083,443738,8805,8592,73,8665,103
2020-09-11,Santa Clara,085,1922200,20573,19065,40,19105,234
2020-09-11,Santa Cruz,087,273765,2161,1997,20,2017,7
2020-09-11,Shasta,089,179085,707,568,3,571,10
2020-09-11,Sierra,091,2930,6,6,0,6,0
2020-09-11,Siskiyou,093,43540,151,139,9,148,0
2020-09-11,Solano,095,438530,5956,5742,41,5783,42
2020-09-11,Sonoma,097,501317,6846,6469,20,6489,91
2020-09-11,Stanislaus,099,539301,16045,15613,453,16066,253
2020-09-11,Sutter,101,95872,1584,1505,1,1506,11
2020-09-11,Tehama,103,63373,483,466,2,468,1
2020-09-11,Trinity,105,12862,52,16,7,23,0
2020-09-11,Tulare,107,460477,15606,14932,83,15015,251
2020-09-11,Tuolumne,109,53932,224,208,4,212,1
2020-09-11,Ventura,111,848112,12445,11700,131,11831,123
2020-09-11,Yolo,113,214977,2721,2632,6,2638,53
2020-09-11,Yuba,115,75493,1014,946,4,950,1
2020-09-10,Alameda,001,1643700,20283,19509,150,19659,292
2020-09-10,Alpine,003,1148,2,2,0,2,0
2020-09-10,Amador,005,37829,280,277,0,277,16
2020-09-10,Butte,007,227075,2758,2590,23,2613,37
2020-09-10,Calaveras,009,45235,300,244,0,244,1
2020-09-10,Colusa,011,21464,504,482,0,482,6
2020-09-10,Contra Costa,013,1133247,15866,14909,73,14982,172
2020-09-10,Del Norte,015,27424,125,112,0,112,1
2020-09-10,El Dorado,017,186661,1080,1020,4,1024,2
2020-09-10,Fresno,019,978130,29330,26783,343,27126,338
2020-09-10,Glenn,021,27897,534,511,0,511,3
2020-09-10,Humboldt,023,135768,464,422,1,423,4
2020-09-10,Imperial,025,180216,11519,10251,6,10257,270
2020-09-10,Inyo,027,18085,185,176,4,180,11
2020-09-10,Kern,029,883053,30951,29988,277,30265,363
2020-09-10,Kings,031,150075,7170,6739,37,6776,70
2020-09-10,Lake,033,64148,446,377,0,377,4
2020-09-10,Lassen,035,31185,733,716,2,718,0
2020-09-10,Los Angeles,037,10098052,254539,251003,1556,252559,6132
2020-09-10,Madera,039,155013,4263,3979,30,4009,43
2020-09-10,Marin,041,260295,6482,6344,15,6359,68
2020-09-10,Mariposa,043,17540,75,72,0,72,2
2020-09-10,Mendocino,045,87422,735,697,0,697,16
2020-09-10,Merced,047,269075,8581,8461,14,8475,109
2020-09-10,Modoc,049,8938,25,21,0,21,0
2020-09-10,Mono,051,14174,165,145,2,147,1
2020-09-10,Monterey,053,433212,9070,8570,23,8593,59
2020-09-10,Napa,055,140530,1596,1536,8,1544,11
2020-09-10,Nevada,057,99092,492,478,15,493,6
2020-09-10,Orange,059,3164182,52261,49617,1332,50949,1057
2020-09-10,Placer,061,380077,3399,3233,14,3247,37
2020-09-10,Plumas,063,18699,48,42,0,42,0
2020-09-10,Riverside,065,2383286,56046,54417,98,54515,1091
2020-09-10,Sacramento,067,1510023,20580,19618,22,19640,354
2020-09-10,San Benito,069,59416,1247,1201,0,1201,5
2020-09-10,San Bernardino,071,2135413,51362,49467,327,49794,867
2020-09-10,San Diego,073,3302833,43680,41610,677,42287,725
2020-09-10,San Francisco,075,870044,10478,10082,24,10106,89
2020-09-10,San Joaquin,077,732212,19487,18854,44,18898,389
2020-09-10,San Luis Obispo,079,281455,3405,3161,20,3181,24
2020-09-10,San Mateo,081,765935,9442,8529,10,8539,125
2020-09-10,Santa Barbara,083,443738,8760,8552,73,8625,100
2020-09-10,Santa Clara,085,1922200,20459,18870,40,18910,231
2020-09-10,Santa Cruz,087,273765,2146,1986,18,2004,7
2020-09-10,Shasta,089,179085,696,566,3,569,10
2020-09-10,Sierra,091,2930,6,6,0,6,0
2020-09-10,Siskiyou,093,43540,151,137,9,146,0
2020-09-10,Solano,095,438530,5916,5696,41,5737,42
2020-09-10,Sonoma,097,501317,6797,6424,20,6444,91
2020-09-10,Stanislaus,099,539301,15991,15509,448,15957,243
2020-09-10,Sutter,101,95872,1572,1494,1,1495,11
2020-09-10,Tehama,103,63373,476,466,2,468,1
2020-09-10,Trinity,105,12862,52,15,7,22,0
2020-09-10,Tulare,107,460477,15551,14860,80,14940,250
2020-09-10,Tuolumne,109,53932,223,205,4,209,1
2020-09-10,Ventura,111,848112,12351,11600,124,11724,122
2020-09-10,Yolo,113,214977,2716,2612,6,2618,53
2020-09-10,Yuba,115,75493,1008,941,4,945,1
2020-09-09,Alameda,001,1643700,20204,19399,149,19548,289
2020-09-09,Alpine,003,1148,2,2,0,2,0
2020-09-09,Amador,005,37829,279,276,0,276,16
2020-09-09,Butte,007,227075,2741,2561,23,2584,37
2020-09-09,Calaveras,009,45235,300,242,0,242,1
2020-09-09,Colusa,011,21464,499,479,0,479,6
2020-09-09,Contra Costa,013,1133247,15780,14816,73,14889,171
2020-09-09,Del Norte,015,27424,121,109,0,109,1
2020-09-09,El Dorado,017,186661,1077,1020,4,1024,2
2020-09-09,Fresno,019,978130,29227,26724,338,27062,329
2020-09-09,Glenn,021,27897,531,508,0,508,3
2020-09-09,Humboldt,023,135768,462,420,1,421,4
2020-09-09,Imperial,025,180216,11498,10233,6,10239,268
2020-09-09,Inyo,027,18085,184,173,4,177,2
2020-09-09,Kern,029,883053,30853,29925,274,30199,355
2020-09-09,Kings,031,150075,7152,6721,37,6758,72
2020-09-09,Lake,033,64148,438,371,0,371,4
2020-09-09,Lassen,035,31185,732,714,2,716,0
2020-09-09,Los Angeles,037,10098052,253664,249876,1538,251414,6091
2020-09-09,Madera,039,155013,4237,3926,30,3956,43
2020-09-09,Marin,041,260295,6463,6321,15,6336,68
2020-09-09,Mariposa,043,17540,74,72,0,72,2
2020-09-09,Mendocino,045,87422,727,695,0,695,16
2020-09-09,Merced,047,269075,8555,8441,14,8455,107
2020-09-09,Modoc,049,8938,24,20,0,20,0
2020-09-09,Mono,051,14174,165,145,2,147,1
2020-09-09,Monterey,053,433212,8998,8527,23,8550,59
2020-09-09,Napa,055,140530,1586,1531,8,1539,11
2020-09-09,Nevada,057,99092,488,476,15,491,6
2020-09-09,Orange,059,3164182,52082,49394,1324,50718,1054
2020-09-09,Placer,061,380077,3379,3222,14,3236,36
2020-09-09,Plumas,063,18699,46,42,0,42,0
2020-09-09,Riverside,065,2383286,55816,54320,95,54415,1081
2020-09-09,Sacramento,067,1510023,20474,19474,21,19495,347
2020-09-09,San Benito,069,59416,1243,1199,0,1199,5
2020-09-09,San Bernardino,071,2135413,51164,49264,326,49590,866
2020-09-09,San Diego,073,3302833,43391,41326,665,41991,721
2020-09-09,San Francisco,075,870044,10428,9996,23,10019,86
2020-09-09,San Joaquin,077,732212,19423,18799,43,18842,388
2020-09-09,San Luis Obispo,079,281455,3387,3131,20,3151,24
2020-09-09,San Mateo,081,765935,9381,8478,10,8488,125
2020-09-09,Santa Barbara,083,443738,8717,8528,73,8601,97
2020-09-09,Santa Clara,085,1922200,20327,18759,40,18799,228
2020-09-09,Santa Cruz,087,273765,2123,1967,18,1985,7
2020-09-09,Shasta,089,179085,684,562,3,565,10
2020-09-09,Sierra,091,2930,6,6,0,6,0
2020-09-09,Siskiyou,093,43540,149,137,9,146,0
2020-09-09,Solano,095,438530,5884,5680,41,5721,36
2020-09-09,Sonoma,097,501317,6731,6397,20,6417,92
2020-09-09,Stanislaus,099,539301,15952,15469,437,15906,243
2020-09-09,Sutter,101,95872,1564,1487,1,1488,11
2020-09-09,Tehama,103,63373,473,462,2,464,1
2020-09-09,Trinity,105,12862,52,14,7,21,0
2020-09-09,Tulare,107,460477,15502,14787,75,14862,249
2020-09-09,Tuolumne,109,53932,222,204,3,207,1
2020-09-09,Ventura,111,848112,12260,11497,121,11618,121
2020-09-09,Yolo,113,214977,2705,2604,6,2610,53
2020-09-09,Yuba,115,75493,1003,936,4,940,1
2020-09-08,Alameda,001,1643700,20096,19293,149,19442,288
2020-09-08,Alpine,003,1148,2,2,0,2,0
2020-09-08,Amador,005,37829,279,276,0,276,16
2020-09-08,Butte,007,227075,2723,2453,23,2476,36
2020-09-08,Calaveras,009,45235,298,233,0,233,1
2020-09-08,Colusa,011,21464,497,475,0,475,6
2020-09-08,Contra Costa,013,1133247,15652,14740,70,14810,171
2020-09-08,Del Norte,015,27424,121,109,0,109,2
2020-09-08,El Dorado,017,186661,1074,1011,4,1015,2
2020-09-08,Fresno,019,978130,29107,26640,334,26974,329
2020-09-08,Glenn,021,27897,527,492,0,492,3
2020-09-08,Humboldt,023,135768,460,420,1,421,4
2020-09-08,Imperial,025,180216,11482,10198,6,10204,267
2020-09-08,Inyo,027,18085,184,169,4,173,2
2020-09-08,Kern,029,883053,30767,29850,272,30122,351
2020-09-08,Kings,031,150075,7114,6658,37,6695,72
2020-09-08,Lake,033,64148,428,370,0,370,4
2020-09-08,Lassen,035,31185,732,710,2,712,0
2020-09-08,Los Angeles,037,10098052,252734,249217,1510,250727,6034
2020-09-08,Madera,039,155013,4213,3904,30,3934,43
2020-09-08,Marin,041,260295,6432,6313,15,6328,68
2020-09-08,Mariposa,043,17540,74,72,0,72,2
2020-09-08,Mendocino,045,87422,720,690,0,690,16
2020-09-08,Merced,047,269075,8532,8381,14,8395,104
2020-09-08,Modoc,049,8938,24,20,0,20,0
2020-09-08,Mono,051,14174,165,145,2,147,1
2020-09-08,Monterey,053,433212,8913,8491,23,8514,59
2020-09-08,Napa,055,140530,1582,1518,8,1526,11
2020-09-08,Nevada,057,99092,488,470,15,485,6
2020-09-08,Orange,059,3164182,51940,49214,1320,50534,1044
2020-09-08,Placer,061,380077,3365,3205,14,3219,36
2020-09-08,Plumas,063,18699,46,42,0,42,0
2020-09-08,Riverside,065,2383286,55602,54168,92,54260,1069
2020-09-08,Sacramento,067,1510023,20239,19411,20,19431,347
2020-09-08,San Benito,069,59416,1236,1188,0,1188,5
2020-09-08,San Bernardino,071,2135413,50976,49034,324,49358,856
2020-09-08,San Diego,073,3302833,43075,41079,653,41732,709
2020-09-08,San Francisco,075,870044,10355,9821,23,9844,86
2020-09-08,San Joaquin,077,732212,19345,18550,43,18593,388
2020-09-08,San Luis Obispo,079,281455,3372,3120,20,3140,23
2020-09-08,San Mateo,081,765935,9305,8460,10,8470,125
2020-09-08,Santa Barbara,083,443738,8683,8488,72,8560,96
2020-09-08,Santa Clara,085,1922200,20151,18645,40,18685,228
2020-09-08,Santa Cruz,087,273765,2095,1903,18,1921,7
2020-09-08,Shasta,089,179085,676,556,3,559,10
2020-09-08,Sierra,091,2930,6,6,0,6,0
2020-09-08,Siskiyou,093,43540,147,136,9,145,0
2020-09-08,Solano,095,438530,5847,5654,41,5695,36
2020-09-08,Sonoma,097,501317,6662,6356,20,6376,92
2020-09-08,Stanislaus,099,539301,15888,15415,425,15840,238
2020-09-08,Sutter,101,95872,1548,1473,1,1474,11
2020-09-08,Tehama,103,63373,469,458,2,460,1
2020-09-08,Trinity,105,12862,51,13,7,20,0
2020-09-08,Tulare,107,460477,15422,14635,74,14709,249
2020-09-08,Tuolumne,109,53932,221,197,3,200,1
2020-09-08,Ventura,111,848112,12191,11475,118,11593,118
2020-09-08,Yolo,113,214977,2695,2580,6,2586,53
2020-09-08,Yuba,115,75493,991,923,4,927,1
2020-09-07,Alameda,001,1643700,19974,19188,143,19331,281
2020-09-07,Alpine,003,1148,2,2,0,2,0
2020-09-07,Amador,005,37829,279,276,0,276,16
2020-09-07,Butte,007,227075,2690,2450,22,2472,30
2020-09-07,Calaveras,009,45235,288,234,0,234,1
2020-09-07,Colusa,011,21464,496,475,0,475,6
2020-09-07,Contra Costa,013,1133247,15539,14637,67,14704,172
2020-09-07,Del Norte,015,27424,121,109,0,109,2
2020-09-07,El Dorado,017,186661,1063,1011,4,1015,2
2020-09-07,Fresno,019,978130,29013,26565,331,26896,329
2020-09-07,Glenn,021,27897,522,488,0,488,3
2020-09-07,Humboldt,023,135768,451,416,1,417,4
2020-09-07,Imperial,025,180216,11451,10199,6,10205,267
2020-09-07,Inyo,027,18085,184,169,4,173,2
2020-09-07,Kern,029,883053,30646,29790,267,30057,348
2020-09-07,Kings,031,150075,6989,6630,37,6667,72
2020-09-07,Lake,033,64148,405,367,0,367,2
2020-09-07,Lassen,035,31185,732,709,2,711,0
2020-09-07,Los Angeles,037,10098052,251688,248804,1488,250292,6030
2020-09-07,Madera,039,155013,4182,3889,29,3918,43
2020-09-07,Marin,041,260295,6402,6296,15,6311,67
2020-09-07,Mariposa,043,17540,74,72,0,72,2
2020-09-07,Mendocino,045,87422,712,687,0,687,16
2020-09-07,Merced,047,269075,8485,8381,14,8395,104
2020-09-07,Modoc,049,8938,23,20,0,20,0
2020-09-07,Mono,051,14174,165,145,2,147,1
2020-09-07,Monterey,053,433212,8834,8463,23,8486,57
2020-09-07,Napa,055,140530,1570,1514,8,1522,11
2020-09-07,Nevada,057,99092,486,469,15,484,6
2020-09-07,Orange,059,3164182,51766,49132,1316,50448,1042
2020-09-07,Placer,061,380077,3335,3188,13,3201,36
2020-09-07,Plumas,063,18699,45,42,0,42,0
2020-09-07,Riverside,065,2383286,55327,54178,86,54264,1069
2020-09-07,Sacramento,067,1510023,19996,19292,19,19311,345
2020-09-07,San Benito,069,59416,1230,1180,0,1180,4
2020-09-07,San Bernardino,071,2135413,50748,49043,322,49365,821
2020-09-07,San Diego,073,3302833,42675,40868,626,41494,708
2020-09-07,San Francisco,075,870044,10304,9813,22,9835,85
2020-09-07,San Joaquin,077,732212,19264,18552,41,18593,386
2020-09-07,San Luis Obispo,079,281455,3335,3116,20,3136,23
2020-09-07,San Mateo,081,765935,9223,8409,10,8419,125
2020-09-07,Santa Barbara,083,443738,8639,8479,72,8551,95
2020-09-07,Santa Clara,085,1922200,19993,18596,39,18635,226
2020-09-07,Santa Cruz,087,273765,2067,1902,18,1920,7
2020-09-07,Shasta,089,179085,666,556,3,559,10
2020-09-07,Sierra,091,2930,6,6,0,6,0
2020-09-07,Siskiyou,093,43540,146,133,9,142,0
2020-09-07,Solano,095,438530,5782,5640,41,5681,36
2020-09-07,Sonoma,097,501317,6596,6268,20,6288,85
2020-09-07,Stanislaus,099,539301,15823,15343,413,15756,236
2020-09-07,Sutter,101,95872,1531,1468,1,1469,11
2020-09-07,Tehama,103,63373,466,453,2,455,1
2020-09-07,Trinity,105,12862,51,13,7,20,0
2020-09-07,Tulare,107,460477,15317,14637,72,14709,249
2020-09-07,Tuolumne,109,53932,220,196,3,199,1
2020-09-07,Ventura,111,848112,12096,11463,115,11578,118
2020-09-07,Yolo,113,214977,2678,2565,5,2570,53
2020-09-07,Yuba,115,75493,975,923,3,926,1
2020-09-06,Alameda,001,1643700,19916,19029,141,19170,281
2020-09-06,Alpine,003,1148,2,2,0,2,0
2020-09-06,Amador,005,37829,277,275,0,275,16
2020-09-06,Butte,007,227075,2681,2446,22,2468,30
2020-09-06,Calaveras,009,45235,288,235,0,235,1
2020-09-06,Colusa,011,21464,492,475,0,475,6
2020-09-06,Contra Costa,013,1133247,15459,14565,66,14631,171
2020-09-06,Del Norte,015,27424,121,109,0,109,2
2020-09-06,El Dorado,017,186661,1061,1008,4,1012,2
2020-09-06,Fresno,019,978130,28949,26471,329,26800,329
2020-09-06,Glenn,021,27897,516,474,0,474,3
2020-09-06,Humboldt,023,135768,448,404,1,405,4
2020-09-06,Imperial,025,180216,11434,10152,6,10158,267
2020-09-06,Inyo,027,18085,184,169,4,173,2
2020-09-06,Kern,029,883053,30590,29699,263,29962,348
2020-09-06,Kings,031,150075,6969,6561,36,6597,72
2020-09-06,Lake,033,64148,402,362,0,362,2
2020-09-06,Lassen,035,31185,732,709,2,711,0
2020-09-06,Los Angeles,037,10098052,251056,248316,1474,249790,6004
2020-09-06,Madera,039,155013,4138,3867,29,3896,42
2020-09-06,Marin,041,260295,6390,6276,15,6291,67
2020-09-06,Mariposa,043,17540,74,72,0,72,2
2020-09-06,Mendocino,045,87422,711,672,0,672,16
2020-09-06,Merced,047,269075,8465,8327,14,8341,104
2020-09-06,Modoc,049,8938,23,20,0,20,0
2020-09-06,Mono,051,14174,164,145,2,147,1
2020-09-06,Monterey,053,433212,8794,8403,22,8425,56
2020-09-06,Napa,055,140530,1566,1501,6,1507,11
2020-09-06,Nevada,057,99092,486,467,14,481,6
2020-09-06,Orange,059,3164182,51653,48931,1312,50243,1042
2020-09-06,Placer,061,380077,3318,3169,13,3182,36
2020-09-06,Plumas,063,18699,44,42,0,42,0
2020-09-06,Riverside,065,2383286,55211,53970,84,54054,1069
2020-09-06,Sacramento,067,1510023,19901,19128,19,19147,340
2020-09-06,San Benito,069,59416,1228,1178,0,1178,4
2020-09-06,San Bernardino,071,2135413,50640,48923,322,49245,823
2020-09-06,San Diego,073,3302833,42427,40652,620,41272,707
2020-09-06,San Francisco,075,870044,10230,9813,22,9835,85
2020-09-06,San Joaquin,077,732212,19215,18558,41,18599,386
2020-09-06,San Luis Obispo,079,281455,3324,3101,20,3121,23
2020-09-06,San Mateo,081,765935,9170,8387,10,8397,125
2020-09-06,Santa Barbara,083,443738,8610,8434,72,8506,95
2020-09-06,Santa Clara,085,1922200,19892,18495,39,18534,207
2020-09-06,Santa Cruz,087,273765,2060,1902,18,1920,7
2020-09-06,Shasta,089,179085,660,550,3,553,10
2020-09-06,Sierra,091,2930,6,6,0,6,0
2020-09-06,Siskiyou,093,43540,146,132,9,141,0
2020-09-06,Solano,095,438530,5756,5619,41,5660,37
2020-09-06,Sonoma,097,501317,6567,6212,20,6232,85
2020-09-06,Stanislaus,099,539301,15779,15288,409,15697,236
2020-09-06,Sutter,101,95872,1518,1451,1,1452,11
2020-09-06,Tehama,103,63373,465,455,2,457,1
2020-09-06,Trinity,105,12862,50,13,7,20,0
2020-09-06,Tulare,107,460477,15274,14636,71,14707,249
2020-09-06,Tuolumne,109,53932,217,194,3,197,1
2020-09-06,Ventura,111,848112,12051,11315,115,11430,118
2020-09-06,Yolo,113,214977,2664,2556,5,2561,53
2020-09-06,Yuba,115,75493,966,913,3,916,1
2020-09-05,Alameda,001,1643700,19871,18973,139,19112,279
2020-09-05,Alpine,003,1148,2,2,0,2,0
2020-09-05,Amador,005,37829,277,274,0,274,16
2020-09-05,Butte,007,227075,2665,2406,21,2427,30
2020-09-05,Calaveras,009,45235,288,237,0,237,1
2020-09-05,Colusa,011,21464,488,472,0,472,6
2020-09-05,Contra Costa,013,1133247,15382,14456,64,14520,173
2020-09-05,Del Norte,015,27424,121,109,0,109,2
2020-09-05,El Dorado,017,186661,1061,1007,4,1011,2
2020-09-05,Fresno,019,978130,28881,26325,329,26654,331
2020-09-05,Glenn,021,27897,515,474,0,474,3
2020-09-05,Humboldt,023,135768,446,402,1,403,4
2020-09-05,Imperial,025,180216,11417,10151,6,10157,268
2020-09-05,Inyo,027,18085,184,169,4,173,2
2020-09-05,Kern,029,883053,30530,29645,259,29904,347
2020-09-05,Kings,031,150075,6960,6518,36,6554,66
2020-09-05,Lake,033,64148,399,359,0,359,2
2020-09-05,Lassen,035,31185,732,709,2,711,0
2020-09-05,Los Angeles,037,10098052,250521,247572,1462,249034,6001
2020-09-05,Madera,039,155013,4097,3851,29,3880,42
2020-09-05,Marin,041,260295,6383,6259,15,6274,66
2020-09-05,Mariposa,043,17540,74,72,0,72,2
2020-09-05,Mendocino,045,87422,710,658,0,658,16
2020-09-05,Merced,047,269075,8433,8297,12,8309,104
2020-09-05,Modoc,049,8938,23,19,0,19,0
2020-09-05,Mono,051,14174,164,145,2,147,1
2020-09-05,Monterey,053,433212,8764,8301,22,8323,56
2020-09-05,Napa,055,140530,1560,1484,6,1490,11
2020-09-05,Nevada,057,99092,483,461,14,475,6
2020-09-05,Orange,059,3164182,51551,48726,1307,50033,1039
2020-09-05,Placer,061,380077,3307,3141,13,3154,35
2020-09-05,Plumas,063,18699,44,42,0,42,0
2020-09-05,Riverside,065,2383286,55105,53780,84,53864,1066
2020-09-05,Sacramento,067,1510023,19810,18955,19,18974,339
2020-09-05,San Benito,069,59416,1226,1153,0,1153,4
2020-09-05,San Bernardino,071,2135413,50564,48800,321,49121,825
2020-09-05,San Diego,073,3302833,42234,40344,608,40952,717
2020-09-05,San Francisco,075,870044,10197,9812,21,9833,85
2020-09-05,San Joaquin,077,732212,19187,18557,41,18598,386
2020-09-05,San Luis Obispo,079,281455,3314,3083,20,3103,23
2020-09-05,San Mateo,081,765935,9125,8352,10,8362,124
2020-09-05,Santa Barbara,083,443738,8594,8404,72,8476,96
2020-09-05,Santa Clara,085,1922200,19809,18311,39,18350,207
2020-09-05,Santa Cruz,087,273765,2052,1904,18,1922,7
2020-09-05,Shasta,089,179085,659,544,3,547,10
2020-09-05,Sierra,091,2930,6,6,0,6,0
2020-09-05,Siskiyou,093,43540,145,131,9,140,0
2020-09-05,Solano,095,438530,5744,5579,41,5620,37
2020-09-05,Sonoma,097,501317,6534,6149,20,6169,85
2020-09-05,Stanislaus,099,539301,15731,15198,405,15603,236
2020-09-05,Sutter,101,95872,1511,1445,1,1446,11
2020-09-05,Tehama,103,63373,464,447,2,449,1
2020-09-05,Trinity,105,12862,50,13,7,20,0
2020-09-05,Tulare,107,460477,15216,14576,69,14645,249
2020-09-05,Tuolumne,109,53932,217,194,3,197,1
2020-09-05,Ventura,111,848112,12008,11254,115,11369,118
2020-09-05,Yolo,113,214977,2654,2534,5,2539,53
2020-09-05,Yuba,115,75493,960,902,3,905,1
2020-09-04,Alameda,001,1643700,19804,18843,137,18980,276
2020-09-04,Alpine,003,1148,2,2,0,2,0
2020-09-04,Amador,005,37829,276,274,0,274,16
2020-09-04,Butte,007,227075,2642,2325,21,2346,28
2020-09-04,Calaveras,009,45235,286,237,0,237,1
2020-09-04,Colusa,011,21464,486,467,0,467,6
2020-09-04,Contra Costa,013,1133247,15302,14355,63,14418,164
2020-09-04,Del Norte,015,27424,121,109,0,109,2
2020-09-04,El Dorado,017,186661,1057,992,4,996,2
2020-09-04,Fresno,019,978130,28776,26147,328,26475,321
2020-09-04,Glenn,021,27897,507,463,0,463,3
2020-09-04,Humboldt,023,135768,441,390,1,391,4
2020-09-04,Imperial,025,180216,11408,10136,6,10142,267
2020-09-04,Inyo,027,18085,184,169,4,173,2
2020-09-04,Kern,029,883053,30462,29526,256,29782,345
2020-09-04,Kings,031,150075,6947,6259,36,6295,66
2020-09-04,Lake,033,64148,399,347,0,347,2
2020-09-04,Lassen,035,31185,732,708,2,710,0
2020-09-04,Los Angeles,037,10098052,249954,246396,1442,247838,5977
2020-09-04,Madera,039,155013,4084,3838,29,3867,42
2020-09-04,Marin,041,260295,6371,6251,15,6266,66
2020-09-04,Mariposa,043,17540,74,72,0,72,2
2020-09-04,Mendocino,045,87422,708,646,0,646,16
2020-09-04,Merced,047,269075,8413,8214,12,8226,104
2020-09-04,Modoc,049,8938,23,15,0,15,0
2020-09-04,Mono,051,14174,164,145,2,147,1
2020-09-04,Monterey,053,433212,8719,8208,22,8230,56
2020-09-04,Napa,055,140530,1551,1475,6,1481,11
2020-09-04,Nevada,057,99092,480,455,14,469,6
2020-09-04,Orange,059,3164182,51427,48488,1300,49788,1031
2020-09-04,Placer,061,380077,3295,3101,13,3114,35
2020-09-04,Plumas,063,18699,44,42,0,42,0
2020-09-04,Riverside,065,2383286,54992,53606,79,53685,1066
2020-09-04,Sacramento,067,1510023,19722,18765,19,18784,337
2020-09-04,San Benito,069,59416,1217,1137,0,1137,4
2020-09-04,San Bernardino,071,2135413,50471,48497,319,48816,800
2020-09-04,San Diego,073,3302833,42004,39901,599,40500,701
2020-09-04,San Francisco,075,870044,10157,9694,20,9714,85
2020-09-04,San Joaquin,077,732212,19133,18438,41,18479,376
2020-09-04,San Luis Obispo,079,281455,3299,3049,19,3068,21
2020-09-04,San Mateo,081,765935,9081,8275,10,8285,122
2020-09-04,Santa Barbara,083,443738,8564,8340,72,8412,96
2020-09-04,Santa Clara,085,1922200,19701,18074,39,18113,209
2020-09-04,Santa Cruz,087,273765,2035,1896,17,1913,7
2020-09-04,Shasta,089,179085,656,536,3,539,10
2020-09-04,Sierra,091,2930,6,6,0,6,0
2020-09-04,Siskiyou,093,43540,145,129,9,138,0
2020-09-04,Solano,095,438530,5731,5552,41,5593,37
2020-09-04,Sonoma,097,501317,6469,6050,20,6070,85
2020-09-04,Stanislaus,099,539301,15697,15074,396,15470,233
2020-09-04,Sutter,101,95872,1495,1425,1,1426,11
2020-09-04,Tehama,103,63373,460,442,2,444,1
2020-09-04,Trinity,105,12862,50,13,7,20,0
2020-09-04,Tulare,107,460477,15188,14501,65,14566,247
2020-09-04,Tuolumne,109,53932,217,193,3,196,1
2020-09-04,Ventura,111,848112,11966,11171,115,11286,114
2020-09-04,Yolo,113,214977,2640,2495,5,2500,53
2020-09-04,Yuba,115,75493,955,884,3,887,1
2020-09-03,Alameda,001,1643700,19701,18687,137,18824,275
2020-09-03,Alpine,003,1148,2,2,0,2,0
2020-09-03,Amador,005,37829,276,274,0,274,16
2020-09-03,Butte,007,227075,2597,2274,21,2295,27
2020-09-03,Calaveras,009,45235,285,238,0,238,1
2020-09-03,Colusa,011,21464,484,464,0,464,6
2020-09-03,Contra Costa,013,1133247,15195,14206,60,14266,159
2020-09-03,Del Norte,015,27424,118,109,0,109,2
2020-09-03,El Dorado,017,186661,1053,983,4,987,2
2020-09-03,Fresno,019,978130,28657,25978,323,26301,313
2020-09-03,Glenn,021,27897,503,460,0,460,3
2020-09-03,Humboldt,023,135768,436,390,1,391,4
2020-09-03,Imperial,025,180216,11387,10083,6,10089,255
2020-09-03,Inyo,027,18085,182,171,4,175,3
2020-09-03,Kern,029,883053,30370,29426,242,29668,340
2020-09-03,Kings,031,150075,6867,6200,36,6236,64
2020-09-03,Lake,033,64148,390,347,0,347,2
2020-09-03,Lassen,035,31185,732,707,2,709,0
2020-09-03,Los Angeles,037,10098052,249091,245026,1422,246448,5931
2020-09-03,Madera,039,155013,4065,3780,29,3809,43
2020-09-03,Marin,041,260295,6352,6175,15,6190,66
2020-09-03,Mariposa,043,17540,74,71,0,71,2
2020-09-03,Mendocino,045,87422,699,638,0,638,16
2020-09-03,Merced,047,269075,8371,8136,12,8148,105
2020-09-03,Modoc,049,8938,23,14,0,14,0
2020-09-03,Mono,051,14174,163,144,2,146,1
2020-09-03,Monterey,053,433212,8665,8128,22,8150,56
2020-09-03,Napa,055,140530,1544,1466,6,1472,10
2020-09-03,Nevada,057,99092,477,453,14,467,6
2020-09-03,Orange,059,3164182,51241,48226,1285,49511,1009
2020-09-03,Placer,061,380077,3277,3069,13,3082,34
2020-09-03,Plumas,063,18699,44,39,0,39,0
2020-09-03,Riverside,065,2383286,54812,53341,75,53416,1052
2020-09-03,Sacramento,067,1510023,19594,18553,18,18571,328
2020-09-03,San Benito,069,59416,1206,1121,0,1121,4
2020-09-03,San Bernardino,071,2135413,50305,48165,318,48483,800
2020-09-03,San Diego,073,3302833,41690,39448,583,40031,700
2020-09-03,San Francisco,075,870044,10091,9636,18,9654,84
2020-09-03,San Joaquin,077,732212,19056,18331,41,18372,371
2020-09-03,San Luis Obispo,079,281455,3282,3023,19,3042,21
2020-09-03,San Mateo,081,765935,9007,8211,10,8221,122
2020-09-03,Santa Barbara,083,443738,8516,8277,72,8349,96
2020-09-03,Santa Clara,085,1922200,19520,17879,39,17918,208
2020-09-03,Santa Cruz,087,273765,2020,1870,17,1887,7
2020-09-03,Shasta,089,179085,651,535,3,538,10
2020-09-03,Sierra,091,2930,6,6,0,6,0
2020-09-03,Siskiyou,093,43540,145,128,9,137,0
2020-09-03,Solano,095,438530,5711,5499,40,5539,36
2020-09-03,Sonoma,097,501317,6408,5997,20,6017,62
2020-09-03,Stanislaus,099,539301,15645,14985,392,15377,217
2020-09-03,Sutter,101,95872,1485,1412,1,1413,11
2020-09-03,Tehama,103,63373,456,436,2,438,1
2020-09-03,Trinity,105,12862,48,13,7,20,0
2020-09-03,Tulare,107,460477,15122,14408,64,14472,244
2020-09-03,Tuolumne,109,53932,217,193,3,196,1
2020-09-03,Ventura,111,848112,11848,11109,112,11221,112
2020-09-03,Yolo,113,214977,2624,2475,5,2480,53
2020-09-03,Yuba,115,75493,948,867,3,870,1
2020-09-02,Alameda,001,1643700,19583,18522,134,18656,260
2020-09-02,Alpine,003,1148,2,2,0,2,0
2020-09-02,Amador,005,37829,276,245,0,245,14
2020-09-02,Butte,007,227075,2551,2241,21,2262,27
2020-09-02,Calaveras,009,45235,284,235,0,235,1
2020-09-02,Colusa,011,21464,480,460,0,460,6
2020-09-02,Contra Costa,013,1133247,15106,14097,58,14155,159
2020-09-02,Del Norte,015,27424,117,109,0,109,2
2020-09-02,El Dorado,017,186661,1049,975,3,978,2
2020-09-02,Fresno,019,978130,28509,25785,320,26105,292
2020-09-02,Glenn,021,27897,498,457,0,457,3
2020-09-02,Humboldt,023,135768,433,381,1,382,4
2020-09-02,Imperial,025,180216,11371,9832,6,9838,255
2020-09-02,Inyo,027,18085,182,171,4,175,3
2020-09-02,Kern,029,883053,30278,29288,236,29524,335
2020-09-02,Kings,031,150075,6782,6142,36,6178,64
2020-09-02,Lake,033,64148,386,342,0,342,2
2020-09-02,Lassen,035,31185,730,706,2,708,0
2020-09-02,Los Angeles,037,10098052,248160,243999,1394,245393,5887
2020-09-02,Madera,039,155013,4045,3735,29,3764,41
2020-09-02,Marin,041,260295,6337,6131,15,6146,66
2020-09-02,Mariposa,043,17540,74,71,0,71,2
2020-09-02,Mendocino,045,87422,689,636,0,636,15
2020-09-02,Merced,047,269075,8340,8097,11,8108,103
2020-09-02,Modoc,049,8938,22,11,0,11,0
2020-09-02,Mono,051,14174,163,145,2,147,1
2020-09-02,Monterey,053,433212,8601,8070,22,8092,56
2020-09-02,Napa,055,140530,1532,1454,6,1460,10
2020-09-02,Nevada,057,99092,471,452,13,465,6
2020-09-02,Orange,059,3164182,51060,47871,1275,49146,994
2020-09-02,Placer,061,380077,3252,3047,12,3059,33
2020-09-02,Plumas,063,18699,44,39,0,39,0
2020-09-02,Riverside,065,2383286,54610,52923,72,52995,1032
2020-09-02,Sacramento,067,1510023,19361,18355,17,18372,316
2020-09-02,San Benito,069,59416,1193,1107,0,1107,4
2020-09-02,San Bernardino,071,2135413,50141,47766,315,48081,794
2020-09-02,San Diego,073,3302833,41370,39123,569,39692,695
2020-09-02,San Francisco,075,870044,10022,9587,18,9605,84
2020-09-02,San Joaquin,077,732212,18975,18194,40,18234,352
2020-09-02,San Luis Obispo,079,281455,3256,3002,18,3020,21
2020-09-02,San Mateo,081,765935,8950,8148,10,8158,122
2020-09-02,Santa Barbara,083,443738,8461,8206,71,8277,94
2020-09-02,Santa Clara,085,1922200,19366,17673,39,17712,206
2020-09-02,Santa Cruz,087,273765,1997,1850,17,1867,7
2020-09-02,Shasta,089,179085,650,531,3,534,10
2020-09-02,Sierra,091,2930,6,6,0,6,0
2020-09-02,Siskiyou,093,43540,144,127,9,136,0
2020-09-02,Solano,095,438530,5683,5463,40,5503,36
2020-09-02,Sonoma,097,501317,6346,5846,20,5866,62
2020-09-02,Stanislaus,099,539301,15575,14854,385,15239,220
2020-09-02,Sutter,101,95872,1470,1401,1,1402,10
2020-09-02,Tehama,103,63373,453,429,2,431,1
2020-09-02,Trinity,105,12862,48,13,7,20,0
2020-09-02,Tulare,107,460477,15055,14298,63,14361,244
2020-09-02,Tuolumne,109,53932,217,190,3,193,1
2020-09-02,Ventura,111,848112,11761,11031,111,11142,111
2020-09-02,Yolo,113,214977,2603,2449,5,2454,54
2020-09-02,Yuba,115,75493,941,856,3,859,1
2020-09-01,Alameda,001,1643700,19444,18382,131,18513,248
2020-09-01,Alpine,003,1148,2,2,0,2,0
2020-09-01,Amador,005,37829,275,244,0,244,13
2020-09-01,Butte,007,227075,2494,2146,21,2167,26
2020-09-01,Calaveras,009,45235,276,228,0,228,1
2020-09-01,Colusa,011,21464,476,454,0,454,6
2020-09-01,Contra Costa,013,1133247,15012,13998,56,14054,158
2020-09-01,Del Norte,015,27424,116,108,0,108,2
2020-09-01,El Dorado,017,186661,1041,972,3,975,2
2020-09-01,Fresno,019,978130,28362,25542,317,25859,290
2020-09-01,Glenn,021,27897,491,449,0,449,3
2020-09-01,Humboldt,023,135768,427,378,1,379,4
2020-09-01,Imperial,025,180216,11345,9782,6,9788,250
2020-09-01,Inyo,027,18085,182,171,4,175,3
2020-09-01,Kern,029,883053,30187,29162,231,29393,332
2020-09-01,Kings,031,150075,6751,6088,36,6124,62
2020-09-01,Lake,033,64148,383,341,0,341,2
2020-09-01,Lassen,035,31185,727,706,2,708,0
2020-09-01,Los Angeles,037,10098052,247067,242633,1371,244004,5832
2020-09-01,Madera,039,155013,4016,3703,28,3731,41
2020-09-01,Marin,041,260295,6322,6102,15,6117,67
2020-09-01,Mariposa,043,17540,73,72,0,72,2
2020-09-01,Mendocino,045,87422,674,626,0,626,15
2020-09-01,Merced,047,269075,8287,8046,10,8056,103
2020-09-01,Modoc,049,8938,20,10,0,10,0
2020-09-01,Mono,051,14174,163,145,2,147,1
2020-09-01,Monterey,053,433212,8495,7926,22,7948,56
2020-09-01,Napa,055,140530,1517,1446,6,1452,10
2020-09-01,Nevada,057,99092,465,450,13,463,6
2020-09-01,Orange,059,3164182,50896,47671,1256,48927,976
2020-09-01,Placer,061,380077,3230,3013,12,3025,33
2020-09-01,Plumas,063,18699,44,39,0,39,0
2020-09-01,Riverside,065,2383286,54392,52785,71,52856,1027
2020-09-01,Sacramento,067,1510023,19178,18217,16,18233,305
2020-09-01,San Benito,069,59416,1181,1089,0,1089,4
2020-09-01,San Bernardino,071,2135413,49934,47371,314,47685,786
2020-09-01,San Diego,073,3302833,41012,38873,531,39404,688
2020-09-01,San Francisco,075,870044,9953,9492,18,9510,83
2020-09-01,San Joaquin,077,732212,18893,17915,39,17954,341
2020-09-01,San Luis Obispo,079,281455,3230,2970,18,2988,21
2020-09-01,San Mateo,081,765935,8870,8132,10,8142,122
2020-09-01,Santa Barbara,083,443738,8411,8142,70,8212,93
2020-09-01,Santa Clara,085,1922200,19187,17319,39,17358,204
2020-09-01,Santa Cruz,087,273765,1973,1752,17,1769,7
2020-09-01,Shasta,089,179085,642,527,3,530,9
2020-09-01,Sierra,091,2930,6,6,0,6,0
2020-09-01,Siskiyou,093,43540,141,128,8,136,0
2020-09-01,Solano,095,438530,5657,5438,40,5478,34
2020-09-01,Sonoma,097,501317,6256,5733,20,5753,60
2020-09-01,Stanislaus,099,539301,15499,14784,375,15159,212
2020-09-01,Sutter,101,95872,1459,1389,1,1390,10
2020-09-01,Tehama,103,63373,449,422,2,424,1
2020-09-01,Trinity,105,12862,47,13,6,19,0
2020-09-01,Tulare,107,460477,14972,14156,63,14219,241
2020-09-01,Tuolumne,109,53932,211,183,3,186,1
2020-09-01,Ventura,111,848112,11683,10899,106,11005,108
2020-09-01,Yolo,113,214977,2586,2440,5,2445,51
2020-09-01,Yuba,115,75493,932,841,3,844,1
2020-08-31,Alameda,001,1643700,19299,18148,131,18279,248
2020-08-31,Alpine,003,1148,2,2,0,2,0
2020-08-31,Amador,005,37829,275,243,0,243,13
2020-08-31,Butte,007,227075,2430,2069,21,2090,26
2020-08-31,Calaveras,009,45235,271,212,0,212,1
2020-08-31,Colusa,011,21464,475,443,0,443,6
2020-08-31,Contra Costa,013,1133247,14885,13902,53,13955,153
2020-08-31,Del Norte,015,27424,116,108,0,108,2
2020-08-31,El Dorado,017,186661,1034,965,3,968,2
2020-08-31,Fresno,019,978130,28141,25185,311,25496,290
2020-08-31,Glenn,021,27897,479,437,0,437,3
2020-08-31,Humboldt,023,135768,425,374,1,375,4
2020-08-31,Imperial,025,180216,11314,9759,6,9765,250
2020-08-31,Inyo,027,18085,181,160,4,164,3
2020-08-31,Kern,029,883053,30089,29067,230,29297,318
2020-08-31,Kings,031,150075,6483,6037,36,6073,62
2020-08-31,Lake,033,64148,367,341,0,341,2
2020-08-31,Lassen,035,31185,724,706,2,708,0
2020-08-31,Los Angeles,037,10098052,245963,241793,1344,243137,5787
2020-08-31,Madera,039,155013,3993,3662,27,3689,35
2020-08-31,Marin,041,260295,6286,6074,15,6089,67
2020-08-31,Mariposa,043,17540,73,69,0,69,2
2020-08-31,Mendocino,045,87422,662,618,0,618,15
2020-08-31,Merced,047,269075,8225,7991,10,8001,79
2020-08-31,Modoc,049,8938,18,10,0,10,0
2020-08-31,Mono,051,14174,163,145,2,147,1
2020-08-31,Monterey,053,433212,8388,7839,22,7861,56
2020-08-31,Napa,055,140530,1509,1434,6,1440,10
2020-08-31,Nevada,057,99092,463,447,13,460,6
2020-08-31,Orange,059,3164182,50697,47392,1228,48620,965
2020-08-31,Placer,061,380077,3181,2989,12,3001,33
2020-08-31,Plumas,063,18699,43,39,0,39,0
2020-08-31,Riverside,065,2383286,54170,52508,69,52577,1020
2020-08-31,Sacramento,067,1510023,18941,17999,16,18015,303
2020-08-31,San Benito,069,59416,1165,1080,0,1080,4
2020-08-31,San Bernardino,071,2135413,49722,47370,313,47683,755
2020-08-31,San Diego,073,3302833,40645,38606,498,39104,682
2020-08-31,San Francisco,075,870044,9874,9293,15,9308,83
2020-08-31,San Joaquin,077,732212,18806,17807,38,17845,338
2020-08-31,San Luis Obispo,079,281455,3207,2951,17,2968,21
2020-08-31,San Mateo,081,765935,8800,8065,10,8075,122
2020-08-31,Santa Barbara,083,443738,8365,8124,70,8194,94
2020-08-31,Santa Clara,085,1922200,18998,17211,39,17250,202
2020-08-31,Santa Cruz,087,273765,1948,1742,17,1759,7
2020-08-31,Shasta,089,179085,637,528,3,531,9
2020-08-31,Sierra,091,2930,6,6,0,6,0
2020-08-31,Siskiyou,093,43540,140,127,8,135,0
2020-08-31,Solano,095,438530,5625,5302,39,5341,34
2020-08-31,Sonoma,097,501317,6181,5650,20,5670,60
2020-08-31,Stanislaus,099,539301,15424,14685,366,15051,213
2020-08-31,Sutter,101,95872,1444,1365,1,1366,10
2020-08-31,Tehama,103,63373,446,421,2,423,1
2020-08-31,Trinity,105,12862,47,13,6,19,0
2020-08-31,Tulare,107,460477,14885,13985,61,14046,237
2020-08-31,Tuolumne,109,53932,211,178,3,181,1
2020-08-31,Ventura,111,848112,11595,10866,105,10971,108
2020-08-31,Yolo,113,214977,2568,2423,5,2428,51
2020-08-31,Yuba,115,75493,918,830,3,833,1
2020-08-30,Alameda,001,1643700,19174,18099,129,18228,248
2020-08-30,Alpine,003,1148,2,2,0,2,0
2020-08-30,Amador,005,37829,274,240,0,240,13
2020-08-30,Butte,007,227075,2349,1988,21,2009,26
2020-08-30,Calaveras,009,45235,262,211,0,211,1
2020-08-30,Colusa,011,21464,474,440,0,440,6
2020-08-30,Contra Costa,013,1133247,14748,13780,53,13833,150
2020-08-30,Del Norte,015,27424,115,108,0,108,2
2020-08-30,El Dorado,017,186661,1024,962,3,965,2
2020-08-30,Fresno,019,978130,28015,24963,310,25273,291
2020-08-30,Glenn,021,27897,472,437,0,437,3
2020-08-30,Humboldt,023,135768,414,362,1,363,4
2020-08-30,Imperial,025,180216,11296,9703,6,9709,250
2020-08-30,Inyo,027,18085,181,160,4,164,3
2020-08-30,Kern,029,883053,29996,28987,230,29217,317
2020-08-30,Kings,031,150075,6437,6000,36,6036,62
2020-08-30,Lake,033,64148,362,334,0,334,2
2020-08-30,Lassen,035,31185,722,706,2,708,0
2020-08-30,Los Angeles,037,10098052,244826,240775,1312,242087,5772
2020-08-30,Madera,039,155013,3964,3626,27,3653,33
2020-08-30,Marin,041,260295,6256,6060,15,6075,66
2020-08-30,Mariposa,043,17540,73,69,0,69,2
2020-08-30,Mendocino,045,87422,656,611,0,611,13
2020-08-30,Merced,047,269075,8150,7960,10,7970,79
2020-08-30,Modoc,049,8938,13,10,0,10,0
2020-08-30,Mono,051,14174,163,145,2,147,1
2020-08-30,Monterey,053,433212,8304,7816,22,7838,54
2020-08-30,Napa,055,140530,1497,1423,6,1429,10
2020-08-30,Nevada,057,99092,460,445,13,458,6
2020-08-30,Orange,059,3164182,50501,47283,1214,48497,965
2020-08-30,Placer,061,380077,3148,2961,12,2973,32
2020-08-30,Plumas,063,18699,42,39,0,39,0
2020-08-30,Riverside,065,2383286,53991,52227,67,52294,1017
2020-08-30,Sacramento,067,1510023,18763,17751,16,17767,300
2020-08-30,San Benito,069,59416,1155,1071,0,1071,4
2020-08-30,San Bernardino,071,2135413,49465,47201,313,47514,755
2020-08-30,San Diego,073,3302833,40247,38302,477,38779,682
2020-08-30,San Francisco,075,870044,9777,9294,12,9306,83
2020-08-30,San Joaquin,077,732212,18689,17637,37,17674,338
2020-08-30,San Luis Obispo,079,281455,3182,2934,17,2951,21
2020-08-30,San Mateo,081,765935,8723,8013,9,8022,122
2020-08-30,Santa Barbara,083,443738,8305,8088,70,8158,93
2020-08-30,Santa Clara,085,1922200,18822,17045,39,17084,202
2020-08-30,Santa Cruz,087,273765,1922,1743,17,1760,7
2020-08-30,Shasta,089,179085,634,525,3,528,9
2020-08-30,Sierra,091,2930,6,6,0,6,0
2020-08-30,Siskiyou,093,43540,138,125,8,133,0
2020-08-30,Solano,095,438530,5581,5303,39,5342,34
2020-08-30,Sonoma,097,501317,6121,5590,20,5610,60
2020-08-30,Stanislaus,099,539301,15352,14580,357,14937,209
2020-08-30,Sutter,101,95872,1422,1351,1,1352,10
2020-08-30,Tehama,103,63373,437,419,2,421,1
2020-08-30,Trinity,105,12862,47,13,6,19,0
2020-08-30,Tulare,107,460477,14790,13985,60,14045,236
2020-08-30,Tuolumne,109,53932,207,178,3,181,1
2020-08-30,Ventura,111,848112,11482,10775,100,10875,108
2020-08-30,Yolo,113,214977,2540,2391,4,2395,51
2020-08-30,Yuba,115,75493,904,832,3,835,1
2020-08-29,Alameda,001,1643700,19107,17888,129,18017,250
2020-08-29,Alpine,003,1148,2,2,0,2,0
2020-08-29,Amador,005,37829,274,239,0,239,13
2020-08-29,Butte,007,227075,2318,1948,21,1969,26
2020-08-29,Calaveras,009,45235,258,211,0,211,1
2020-08-29,Colusa,011,21464,471,440,0,440,6
2020-08-29,Contra Costa,013,1133247,14675,13663,52,13715,159
2020-08-29,Del Norte,015,27424,115,108,0,108,1
2020-08-29,El Dorado,017,186661,1021,958,3,961,2
2020-08-29,Fresno,019,978130,27960,24821,310,25131,291
2020-08-29,Glenn,021,27897,466,437,0,437,3
2020-08-29,Humboldt,023,135768,411,363,1,364,4
2020-08-29,Imperial,025,180216,11281,9698,6,9704,250
2020-08-29,Inyo,027,18085,181,160,4,164,3
2020-08-29,Kern,029,883053,29955,28947,229,29176,317
2020-08-29,Kings,031,150075,6422,5906,36,5942,62
2020-08-29,Lake,033,64148,361,329,0,329,2
2020-08-29,Lassen,035,31185,722,706,2,708,0
2020-08-29,Los Angeles,037,10098052,244196,239815,1299,241114,5762
2020-08-29,Madera,039,155013,3955,3605,26,3631,33
2020-08-29,Marin,041,260295,6244,6007,15,6022,64
2020-08-29,Mariposa,043,17540,73,69,0,69,2
2020-08-29,Mendocino,045,87422,652,596,0,596,13
2020-08-29,Merced,047,269075,8120,7867,10,7877,79
2020-08-29,Modoc,049,8938,13,9,0,9,0
2020-08-29,Mono,051,14174,163,145,2,147,1
2020-08-29,Monterey,053,433212,8259,7680,22,7702,53
2020-08-29,Napa,055,140530,1494,1413,6,1419,10
2020-08-29,Nevada,057,99092,460,442,13,455,5
2020-08-29,Orange,059,3164182,50391,47007,1204,48211,960
2020-08-29,Placer,061,380077,3131,2935,12,2947,32
2020-08-29,Plumas,063,18699,41,39,0,39,0
2020-08-29,Riverside,065,2383286,53879,51918,65,51983,1016
2020-08-29,Sacramento,067,1510023,18691,17588,16,17604,291
2020-08-29,San Benito,069,59416,1146,1045,0,1045,4
2020-08-29,San Bernardino,071,2135413,49350,46849,313,47162,755
2020-08-29,San Diego,073,3302833,39981,38049,459,38508,694
2020-08-29,San Francisco,075,870044,9749,9291,11,9302,83
2020-08-29,San Joaquin,077,732212,18645,17493,37,17530,335
2020-08-29,San Luis Obispo,079,281455,3157,2917,17,2934,21
2020-08-29,San Mateo,081,765935,8681,7928,9,7937,122
2020-08-29,Santa Barbara,083,443738,8279,8052,69,8121,93
2020-08-29,Santa Clara,085,1922200,18725,16898,38,16936,202
2020-08-29,Santa Cruz,087,273765,1910,1746,17,1763,7
2020-08-29,Shasta,089,179085,626,522,3,525,9
2020-08-29,Sierra,091,2930,6,6,0,6,0
2020-08-29,Siskiyou,093,43540,138,121,8,129,0
2020-08-29,Solano,095,438530,5560,5303,39,5342,34
2020-08-29,Sonoma,097,501317,6086,5537,20,5557,60
2020-08-29,Stanislaus,099,539301,15303,14479,347,14826,208
2020-08-29,Sutter,101,95872,1417,1333,1,1334,9
2020-08-29,Tehama,103,63373,436,417,2,419,1
2020-08-29,Trinity,105,12862,46,11,6,17,0
2020-08-29,Tulare,107,460477,14752,13890,59,13949,236
2020-08-29,Tuolumne,109,53932,207,178,3,181,1
2020-08-29,Ventura,111,848112,11440,10705,100,10805,108
2020-08-29,Yolo,113,214977,2522,2357,4,2361,51
2020-08-29,Yuba,115,75493,895,822,3,825,1
2020-08-28,Alameda,001,1643700,19024,17729,128,17857,237
2020-08-28,Alpine,003,1148,2,2,0,2,0
2020-08-28,Amador,005,37829,274,234,0,234,13
2020-08-28,Butte,007,227075,2288,1886,21,1907,25
2020-08-28,Calaveras,009,45235,256,207,0,207,1
2020-08-28,Colusa,011,21464,470,441,0,441,6
2020-08-28,Contra Costa,013,1133247,14604,13522,51,13573,158
2020-08-28,Del Norte,015,27424,115,107,0,107,1
2020-08-28,El Dorado,017,186661,1015,949,3,952,2
2020-08-28,Fresno,019,978130,27826,24612,310,24922,282
2020-08-28,Glenn,021,27897,459,429,0,429,3
2020-08-28,Humboldt,023,135768,407,362,1,363,4
2020-08-28,Imperial,025,180216,11267,9656,6,9662,241
2020-08-28,Inyo,027,18085,180,160,4,164,2
2020-08-28,Kern,029,883053,29907,28744,229,28973,306
2020-08-28,Kings,031,150075,6415,5829,35,5864,62
2020-08-28,Lake,033,64148,356,320,0,320,2
2020-08-28,Lassen,035,31185,722,704,2,706,0
2020-08-28,Los Angeles,037,10098052,243385,238544,1274,239818,5740
2020-08-28,Madera,039,155013,3936,3552,26,3578,33
2020-08-28,Marin,041,260295,6222,5991,15,6006,63
2020-08-28,Mariposa,043,17540,73,67,0,67,2
2020-08-28,Mendocino,045,87422,647,588,0,588,11
2020-08-28,Merced,047,269075,8090,7803,10,7813,77
2020-08-28,Modoc,049,8938,13,6,0,6,0
2020-08-28,Mono,051,14174,163,145,2,147,1
2020-08-28,Monterey,053,433212,8202,7591,22,7613,53
2020-08-28,Napa,055,140530,1486,1403,5,1408,10
2020-08-28,Nevada,057,99092,459,438,13,451,5
2020-08-28,Orange,059,3164182,50291,46696,1189,47885,942
2020-08-28,Placer,061,380077,3120,2891,12,2903,32
2020-08-28,Plumas,063,18699,41,39,0,39,0
2020-08-28,Riverside,065,2383286,53748,51510,61,51571,1008
2020-08-28,Sacramento,067,1510023,18594,17119,16,17135,283
2020-08-28,San Benito,069,59416,1130,1016,0,1016,3
2020-08-28,San Bernardino,071,2135413,49232,46553,309,46862,754
2020-08-28,San Diego,073,3302833,39751,37786,444,38230,676
2020-08-28,San Francisco,075,870044,9697,9135,11,9146,83
2020-08-28,San Joaquin,077,732212,18592,17114,36,17150,314
2020-08-28,San Luis Obispo,079,281455,3140,2849,17,2866,20
2020-08-28,San Mateo,081,765935,8634,7783,8,7791,121
2020-08-28,Santa Barbara,083,443738,8247,8001,69,8070,92
2020-08-28,Santa Clara,085,1922200,18594,16696,38,16734,201
2020-08-28,Santa Cruz,087,273765,1898,1747,17,1764,7
2020-08-28,Shasta,089,179085,622,516,3,519,9
2020-08-28,Sierra,091,2930,6,6,0,6,0
2020-08-28,Siskiyou,093,43540,136,119,8,127,0
2020-08-28,Solano,095,438530,5541,5219,39,5258,34
2020-08-28,Sonoma,097,501317,6051,5425,19,5444,58
2020-08-28,Stanislaus,099,539301,15261,14176,343,14519,190
2020-08-28,Sutter,101,95872,1407,1308,1,1309,9
2020-08-28,Tehama,103,63373,431,410,2,412,1
2020-08-28,Trinity,105,12862,46,11,6,17,0
2020-08-28,Tulare,107,460477,14706,13776,59,13835,236
2020-08-28,Tuolumne,109,53932,207,176,3,179,1
2020-08-28,Ventura,111,848112,11404,10606,98,10704,103
2020-08-28,Yolo,113,214977,2513,2323,4,2327,51
2020-08-28,Yuba,115,75493,886,810,3,813,1
2020-08-27,Alameda,001,1643700,18879,17584,125,17709,234
2020-08-27,Alpine,003,1148,2,2,0,2,0
2020-08-27,Amador,005,37829,273,233,0,233,13
2020-08-27,Butte,007,227075,2222,1803,20,1823,25
2020-08-27,Calaveras,009,45235,250,204,0,204,1
2020-08-27,Colusa,011,21464,468,438,0,438,6
2020-08-27,Contra Costa,013,1133247,14503,13379,50,13429,158
2020-08-27,Del Norte,015,27424,115,107,0,107,1
2020-08-27,El Dorado,017,186661,1011,942,3,945,2
2020-08-27,Fresno,019,978130,27643,24367,305,24672,272
2020-08-27,Glenn,021,27897,451,429,0,429,3
2020-08-27,Humboldt,023,135768,399,358,1,359,4
2020-08-27,Imperial,025,180216,11240,9608,6,9614,235
2020-08-27,Inyo,027,18085,180,157,3,160,2
2020-08-27,Kern,029,883053,29835,28635,220,28855,294
2020-08-27,Kings,031,150075,6393,5759,35,5794,62
2020-08-27,Lake,033,64148,354,314,0,314,2
2020-08-27,Lassen,035,31185,722,703,2,705,0
2020-08-27,Los Angeles,037,10098052,242383,237103,1258,238361,5704
2020-08-27,Madera,039,155013,3910,3465,26,3491,33
2020-08-27,Marin,041,260295,6198,5929,15,5944,62
2020-08-27,Mariposa,043,17540,73,67,0,67,2
2020-08-27,Mendocino,045,87422,638,581,0,581,10
2020-08-27,Merced,047,269075,8046,7765,10,7775,75
2020-08-27,Modoc,049,8938,11,5,0,5,0
2020-08-27,Mono,051,14174,163,145,2,147,1
2020-08-27,Monterey,053,433212,8108,7501,22,7523,52
2020-08-27,Napa,055,140530,1480,1397,5,1402,10
2020-08-27,Nevada,057,99092,456,435,13,448,5
2020-08-27,Orange,059,3164182,50134,46449,1178,47627,935
2020-08-27,Placer,061,380077,3089,2869,12,2881,32
2020-08-27,Plumas,063,18699,40,39,0,39,0
2020-08-27,Riverside,065,2383286,53539,51306,58,51364,999
2020-08-27,Sacramento,067,1510023,18396,16875,16,16891,281
2020-08-27,San Benito,069,59416,1114,987,0,987,3
2020-08-27,San Bernardino,071,2135413,49006,46345,303,46648,751
2020-08-27,San Diego,073,3302833,39480,37501,424,37925,673
2020-08-27,San Francisco,075,870044,9631,9014,11,9025,83
2020-08-27,San Joaquin,077,732212,18512,16989,36,17025,314
2020-08-27,San Luis Obispo,079,281455,3115,2808,17,2825,20
2020-08-27,San Mateo,081,765935,8525,7728,8,7736,121
2020-08-27,Santa Barbara,083,443738,8209,7934,69,8003,92
2020-08-27,Santa Clara,085,1922200,18411,16495,38,16533,199
2020-08-27,Santa Cruz,087,273765,1881,1734,17,1751,7
2020-08-27,Shasta,089,179085,616,512,3,515,9
2020-08-27,Sierra,091,2930,6,6,0,6,0
2020-08-27,Siskiyou,093,43540,136,118,8,126,0
2020-08-27,Solano,095,438530,5503,5167,39,5206,34
2020-08-27,Sonoma,097,501317,5939,5357,19,5376,58
2020-08-27,Stanislaus,099,539301,15179,14080,340,14420,186
2020-08-27,Sutter,101,95872,1387,1296,1,1297,9
2020-08-27,Tehama,103,63373,427,398,2,400,1
2020-08-27,Trinity,105,12862,46,11,6,17,0
2020-08-27,Tulare,107,460477,14615,13666,58,13724,231
2020-08-27,Tuolumne,109,53932,202,174,3,177,1
2020-08-27,Ventura,111,848112,11341,10483,94,10577,102
2020-08-27,Yolo,113,214977,2489,2293,4,2297,51
2020-08-27,Yuba,115,75493,875,807,3,810,1
2020-08-26,Alameda,001,1643700,18717,17373,125,17498,233
2020-08-26,Alpine,003,1148,2,2,0,2,0
2020-08-26,Amador,005,37829,273,229,0,229,13
2020-08-26,Butte,007,227075,2155,1765,18,1783,25
2020-08-26,Calaveras,009,45235,243,201,0,201,1
2020-08-26,Colusa,011,21464,462,433,0,433,5
2020-08-26,Contra Costa,013,1133247,14366,13248,50,13298,157
2020-08-26,Del Norte,015,27424,114,86,0,86,1
2020-08-26,El Dorado,017,186661,1009,938,3,941,2
2020-08-26,Fresno,019,978130,27495,24071,303,24374,255
2020-08-26,Glenn,021,27897,449,429,0,429,3
2020-08-26,Humboldt,023,135768,387,357,1,358,4
2020-08-26,Imperial,025,180216,11218,9453,6,9459,227
2020-08-26,Inyo,027,18085,177,157,3,160,2
2020-08-26,Kern,029,883053,29696,28507,217,28724,286
2020-08-26,Kings,031,150075,6372,5720,35,5755,62
2020-08-26,Lake,033,64148,349,308,0,308,2
2020-08-26,Lassen,035,31185,722,702,2,704,0
2020-08-26,Los Angeles,037,10098052,241370,235499,1227,236726,5665
2020-08-26,Madera,039,155013,3881,3458,26,3484,32
2020-08-26,Marin,041,260295,6181,5887,15,5902,56
2020-08-26,Mariposa,043,17540,73,68,0,68,2
2020-08-26,Mendocino,045,87422,627,581,0,581,10
2020-08-26,Merced,047,269075,8013,7720,10,7730,74
2020-08-26,Modoc,049,8938,8,5,0,5,0
2020-08-26,Mono,051,14174,163,141,2,143,1
2020-08-26,Monterey,053,433212,8015,7439,22,7461,51
2020-08-26,Napa,055,140530,1467,1382,5,1387,10
2020-08-26,Nevada,057,99092,453,432,13,445,2
2020-08-26,Orange,059,3164182,49950,46157,1162,47319,905
2020-08-26,Placer,061,380077,3067,2846,10,2856,32
2020-08-26,Plumas,063,18699,39,39,0,39,0
2020-08-26,Riverside,065,2383286,53297,51138,58,51196,987
2020-08-26,Sacramento,067,1510023,18233,16708,16,16724,271
2020-08-26,San Benito,069,59416,1099,978,0,978,3
2020-08-26,San Bernardino,071,2135413,48798,45840,299,46139,743
2020-08-26,San Diego,073,3302833,39142,37224,397,37621,668
2020-08-26,San Francisco,075,870044,9556,8938,11,8949,81
2020-08-26,San Joaquin,077,732212,18423,16845,35,16880,309
2020-08-26,San Luis Obispo,079,281455,3087,2761,17,2778,20
2020-08-26,San Mateo,081,765935,8458,7655,8,7663,121
2020-08-26,Santa Barbara,083,443738,8175,7904,69,7973,90
2020-08-26,Santa Clara,085,1922200,18235,16283,38,16321,198
2020-08-26,Santa Cruz,087,273765,1870,1726,17,1743,7
2020-08-26,Shasta,089,179085,611,511,3,514,9
2020-08-26,Sierra,091,2930,6,6,0,6,0
2020-08-26,Siskiyou,093,43540,133,109,8,117,0
2020-08-26,Solano,095,438530,5479,5131,38,5169,34
2020-08-26,Sonoma,097,501317,5866,5283,19,5302,58
2020-08-26,Stanislaus,099,539301,15102,13964,334,14298,186
2020-08-26,Sutter,101,95872,1369,1275,1,1276,9
2020-08-26,Tehama,103,63373,424,396,2,398,1
2020-08-26,Trinity,105,12862,45,10,6,16,0
2020-08-26,Tulare,107,460477,14548,13568,58,13626,232
2020-08-26,Tuolumne,109,53932,201,172,3,175,1
2020-08-26,Ventura,111,848112,11269,10412,87,10499,100
2020-08-26,Yolo,113,214977,2467,2279,4,2283,49
2020-08-26,Yuba,115,75493,860,779,3,782,1
2020-08-25,Alameda,001,1643700,18560,17278,125,17403,232
2020-08-25,Alpine,003,1148,2,2,0,2,0
2020-08-25,Amador,005,37829,273,227,0,227,13
2020-08-25,Butte,007,227075,2088,1718,18,1736,24
2020-08-25,Calaveras,009,45235,241,196,0,196,1
2020-08-25,Colusa,011,21464,455,430,0,430,5
2020-08-25,Contra Costa,013,1133247,14228,13181,49,13230,156
2020-08-25,Del Norte,015,27424,113,83,0,83,1
2020-08-25,El Dorado,017,186661,1006,928,3,931,2
2020-08-25,Fresno,019,978130,27307,23932,302,24234,250
2020-08-25,Glenn,021,27897,446,429,0,429,3
2020-08-25,Humboldt,023,135768,382,342,1,343,4
2020-08-25,Imperial,025,180216,11190,9381,6,9387,217
2020-08-25,Inyo,027,18085,175,144,3,147,1
2020-08-25,Kern,029,883053,29559,28416,217,28633,285
2020-08-25,Kings,031,150075,6215,5702,35,5737,59
2020-08-25,Lake,033,64148,344,304,0,304,2
2020-08-25,Lassen,035,31185,721,692,2,694,0
2020-08-25,Los Angeles,037,10098052,240072,233961,1177,235138,5612
2020-08-25,Madera,039,155013,3866,3446,25,3471,32
2020-08-25,Marin,041,260295,6143,5860,15,5875,56
2020-08-25,Mariposa,043,17540,73,67,0,67,2
2020-08-25,Mendocino,045,87422,619,571,0,571,10
2020-08-25,Merced,047,269075,7946,7693,9,7702,69
2020-08-25,Modoc,049,8938,8,5,0,5,0
2020-08-25,Mono,051,14174,163,129,2,131,1
2020-08-25,Monterey,053,433212,7935,7333,22,7355,51
2020-08-25,Napa,055,140530,1460,1374,5,1379,10
2020-08-25,Nevada,057,99092,449,430,13,443,2
2020-08-25,Orange,059,3164182,49756,45737,1146,46883,902
2020-08-25,Placer,061,380077,3048,2829,7,2836,31
2020-08-25,Plumas,063,18699,39,39,0,39,0
2020-08-25,Riverside,065,2383286,53065,50889,58,50947,981
2020-08-25,Sacramento,067,1510023,18080,16601,16,16617,265
2020-08-25,San Benito,069,59416,1083,973,0,973,3
2020-08-25,San Bernardino,071,2135413,48563,45544,296,45840,727
2020-08-25,San Diego,073,3302833,38863,36996,375,37371,665
2020-08-25,San Francisco,075,870044,9478,8848,11,8859,81
2020-08-25,San Joaquin,077,732212,18296,16795,35,16830,306
2020-08-25,San Luis Obispo,079,281455,3028,2731,16,2747,20
2020-08-25,San Mateo,081,765935,8398,7636,8,7644,120
2020-08-25,Santa Barbara,083,443738,8123,7854,69,7923,90
2020-08-25,Santa Clara,085,1922200,18063,16199,38,16237,194
2020-08-25,Santa Cruz,087,273765,1851,1708,17,1725,7
2020-08-25,Shasta,089,179085,607,511,3,514,9
2020-08-25,Sierra,091,2930,6,6,0,6,0
2020-08-25,Siskiyou,093,43540,132,109,8,117,0
2020-08-25,Solano,095,438530,5418,5114,38,5152,34
2020-08-25,Sonoma,097,501317,5780,5148,19,5167,56
2020-08-25,Stanislaus,099,539301,14994,13886,323,14209,182
2020-08-25,Sutter,101,95872,1352,1259,1,1260,9
2020-08-25,Tehama,103,63373,421,394,2,396,1
2020-08-25,Trinity,105,12862,44,10,6,16,0
2020-08-25,Tulare,107,460477,14444,13514,57,13571,224
2020-08-25,Tuolumne,109,53932,199,172,3,175,1
2020-08-25,Ventura,111,848112,11184,10313,82,10395,99
2020-08-25,Yolo,113,214977,2454,2254,4,2258,50
2020-08-25,Yuba,115,75493,850,775,3,778,1
2020-08-24,Alameda,001,1643700,18365,16913,124,17037,231
2020-08-24,Alpine,003,1148,2,2,0,2,0
2020-08-24,Amador,005,37829,271,227,0,227,13
2020-08-24,Butte,007,227075,2004,1649,18,1667,23
2020-08-24,Calaveras,009,45235,232,187,0,187,1
2020-08-24,Colusa,011,21464,451,425,0,425,5
2020-08-24,Contra Costa,013,1133247,14112,12906,47,12953,153
2020-08-24,Del Norte,015,27424,113,80,0,80,1
2020-08-24,El Dorado,017,186661,998,908,3,911,2
2020-08-24,Fresno,019,978130,27119,23618,295,23913,235
2020-08-24,Glenn,021,27897,444,421,0,421,2
2020-08-24,Humboldt,023,135768,378,340,1,341,4
2020-08-24,Imperial,025,180216,11157,9323,6,9329,210
2020-08-24,Inyo,027,18085,171,144,3,147,2
2020-08-24,Kern,029,883053,29461,28157,211,28368,277
2020-08-24,Kings,031,150075,6127,5652,35,5687,60
2020-08-24,Lake,033,64148,329,302,0,302,2
2020-08-24,Lassen,035,31185,721,693,2,695,0
2020-08-24,Los Angeles,037,10098052,238711,233036,1158,234194,5562
2020-08-24,Madera,039,155013,3839,3418,25,3443,32
2020-08-24,Marin,041,260295,6080,5834,15,5849,56
2020-08-24,Mariposa,043,17540,71,66,0,66,2
2020-08-24,Mendocino,045,87422,604,550,0,550,10
2020-08-24,Merced,047,269075,7868,7605,9,7614,69
2020-08-24,Modoc,049,8938,8,5,0,5,0
2020-08-24,Mono,051,14174,163,129,2,131,1
2020-08-24,Monterey,053,433212,7826,7212,21,7233,50
2020-08-24,Napa,055,140530,1447,1358,5,1363,10
2020-08-24,Nevada,057,99092,444,423,13,436,2
2020-08-24,Orange,059,3164182,49563,45536,1136,46672,887
2020-08-24,Placer,061,380077,3002,2793,7,2800,31
2020-08-24,Plumas,063,18699,39,37,0,37,0
2020-08-24,Riverside,065,2383286,52787,50496,58,50554,975
2020-08-24,Sacramento,067,1510023,17883,16318,16,16334,249
2020-08-24,San Benito,069,59416,1062,961,0,961,3
2020-08-24,San Bernardino,071,2135413,48300,45199,294,45493,720
2020-08-24,San Diego,073,3302833,38575,36729,347,37076,660
2020-08-24,San Francisco,075,870044,9395,8621,10,8631,81
2020-08-24,San Joaquin,077,732212,18155,16565,34,16599,305
2020-08-24,San Luis Obispo,079,281455,3000,2705,16,2721,20
2020-08-24,San Mateo,081,765935,8331,7502,8,7510,120
2020-08-24,Santa Barbara,083,443738,8082,7784,69,7853,90
2020-08-24,Santa Clara,085,1922200,17859,16049,38,16087,192
2020-08-24,Santa Cruz,087,273765,1831,1627,16,1643,6
2020-08-24,Shasta,089,179085,605,505,3,508,9
2020-08-24,Sierra,091,2930,6,6,0,6,0
2020-08-24,Siskiyou,093,43540,128,107,8,115,0
2020-08-24,Solano,095,438530,5369,4979,36,5015,32
2020-08-24,Sonoma,097,501317,5678,5071,19,5090,56
2020-08-24,Stanislaus,099,539301,14896,13521,309,13830,171
2020-08-24,Sutter,101,95872,1333,1219,1,1220,9
2020-08-24,Tehama,103,63373,416,388,2,390,1
2020-08-24,Trinity,105,12862,44,10,6,16,0
2020-08-24,Tulare,107,460477,14337,13360,56,13416,223
2020-08-24,Tuolumne,109,53932,198,170,3,173,1
2020-08-24,Ventura,111,848112,11104,10261,78,10339,99
2020-08-24,Yolo,113,214977,2420,2239,4,2243,47
2020-08-24,Yuba,115,75493,833,750,3,753,1
2020-08-23,Alameda,001,1643700,18141,16786,123,16909,231
2020-08-23,Alpine,003,1148,2,2,0,2,0
2020-08-23,Amador,005,37829,268,227,0,227,13
2020-08-23,Butte,007,227075,1889,1637,18,1655,23
2020-08-23,Calaveras,009,45235,222,187,0,187,1
2020-08-23,Colusa,011,21464,444,424,0,424,5
2020-08-23,Contra Costa,013,1133247,13952,12642,47,12689,153
2020-08-23,Del Norte,015,27424,113,80,0,80,1
2020-08-23,El Dorado,017,186661,985,901,3,904,2
2020-08-23,Fresno,019,978130,26914,23414,291,23705,235
2020-08-23,Glenn,021,27897,437,421,0,421,2
2020-08-23,Humboldt,023,135768,376,341,1,342,4
2020-08-23,Imperial,025,180216,11128,9243,6,9249,210
2020-08-23,Inyo,027,18085,168,144,3,147,2
2020-08-23,Kern,029,883053,29312,28028,206,28234,277
2020-08-23,Kings,031,150075,6084,5628,35,5663,60
2020-08-23,Lake,033,64148,325,299,0,299,2
2020-08-23,Lassen,035,31185,720,693,2,695,0
2020-08-23,Los Angeles,037,10098052,237115,231833,1088,232921,5549
2020-08-23,Madera,039,155013,3807,3401,24,3425,32
2020-08-23,Marin,041,260295,6041,5807,14,5821,50
2020-08-23,Mariposa,043,17540,71,66,0,66,2
2020-08-23,Mendocino,045,87422,600,550,0,550,10
2020-08-23,Merced,047,269075,7799,7574,8,7582,69
2020-08-23,Modoc,049,8938,7,5,0,5,0
2020-08-23,Mono,051,14174,163,129,2,131,1
2020-08-23,Monterey,053,433212,7736,7173,21,7194,50
2020-08-23,Napa,055,140530,1435,1348,5,1353,10
2020-08-23,Nevada,057,99092,439,421,13,434,2
2020-08-23,Orange,059,3164182,49325,45267,1124,46391,887
2020-08-23,Placer,061,380077,2963,2772,7,2779,31
2020-08-23,Plumas,063,18699,39,37,0,37,0
2020-08-23,Riverside,065,2383286,52517,50293,56,50349,955
2020-08-23,Sacramento,067,1510023,17659,16084,15,16099,243
2020-08-23,San Benito,069,59416,1049,938,0,938,3
2020-08-23,San Bernardino,071,2135413,48032,45010,284,45294,719
2020-08-23,San Diego,073,3302833,38254,36542,320,36862,660
2020-08-23,San Francisco,075,870044,9300,8564,9,8573,80
2020-08-23,San Joaquin,077,732212,18022,16069,33,16102,305
2020-08-23,San Luis Obispo,079,281455,2958,2679,16,2695,20
2020-08-23,San Mateo,081,765935,8236,7450,8,7458,120
2020-08-23,Santa Barbara,083,443738,8014,7725,69,7794,90
2020-08-23,Santa Clara,085,1922200,17664,15912,36,15948,191
2020-08-23,Santa Cruz,087,273765,1805,1627,16,1643,6
2020-08-23,Shasta,089,179085,600,501,3,504,9
2020-08-23,Sierra,091,2930,6,6,0,6,0
2020-08-23,Siskiyou,093,43540,123,107,8,115,0
2020-08-23,Solano,095,438530,5311,4977,34,5011,32
2020-08-23,Sonoma,097,501317,5590,5018,19,5037,56
2020-08-23,Stanislaus,099,539301,14761,13483,286,13769,171
2020-08-23,Sutter,101,95872,1311,1203,1,1204,9
2020-08-23,Tehama,103,63373,406,381,2,383,1
2020-08-23,Trinity,105,12862,44,10,6,16,0
2020-08-23,Tulare,107,460477,14205,13303,53,13356,223
2020-08-23,Tuolumne,109,53932,195,164,3,167,1
2020-08-23,Ventura,111,848112,11003,10126,74,10200,99
2020-08-23,Yolo,113,214977,2392,2210,4,2214,47
2020-08-23,Yuba,115,75493,812,750,3,753,1
2020-08-22,Alameda,001,1643700,18047,16648,122,16770,231
2020-08-22,Alpine,003,1148,2,2,0,2,0
2020-08-22,Amador,005,37829,267,224,0,224,13
2020-08-22,Butte,007,227075,1838,1618,18,1636,22
2020-08-22,Calaveras,009,45235,218,187,0,187,1
2020-08-22,Colusa,011,21464,440,419,0,419,5
2020-08-22,Contra Costa,013,1133247,13865,12522,47,12569,153
2020-08-22,Del Norte,015,27424,112,80,0,80,1
2020-08-22,El Dorado,017,186661,983,900,3,903,2
2020-08-22,Fresno,019,978130,26817,23197,290,23487,235
2020-08-22,Glenn,021,27897,436,421,0,421,2
2020-08-22,Humboldt,023,135768,366,334,1,335,4
2020-08-22,Imperial,025,180216,11120,9244,6,9250,210
2020-08-22,Inyo,027,18085,168,144,3,147,1
2020-08-22,Kern,029,883053,29258,27807,206,28013,277
2020-08-22,Kings,031,150075,6075,5447,35,5482,60
2020-08-22,Lake,033,64148,323,291,0,291,2
2020-08-22,Lassen,035,31185,720,693,2,695,0
2020-08-22,Los Angeles,037,10098052,236455,230858,1070,231928,5540
2020-08-22,Madera,039,155013,3788,3330,24,3354,32
2020-08-22,Marin,041,260295,6029,5789,14,5803,49
2020-08-22,Mariposa,043,17540,71,66,0,66,2
2020-08-22,Mendocino,045,87422,597,529,0,529,10
2020-08-22,Merced,047,269075,7771,7493,8,7501,69
2020-08-22,Modoc,049,8938,7,5,0,5,0
2020-08-22,Mono,051,14174,163,129,2,131,1
2020-08-22,Monterey,053,433212,7688,7081,21,7102,50
2020-08-22,Napa,055,140530,1430,1328,5,1333,11
2020-08-22,Nevada,057,99092,439,411,13,424,2
2020-08-22,Orange,059,3164182,49184,45131,1118,46249,885
2020-08-22,Placer,061,380077,2949,2734,7,2741,30
2020-08-22,Plumas,063,18699,39,37,0,37,0
2020-08-22,Riverside,065,2383286,52369,49944,55,49999,953
2020-08-22,Sacramento,067,1510023,17547,15516,15,15531,239
2020-08-22,San Benito,069,59416,1033,912,0,912,3
2020-08-22,San Bernardino,071,2135413,47903,44803,280,45083,719
2020-08-22,San Diego,073,3302833,38072,36205,309,36514,673
2020-08-22,San Francisco,075,870044,9240,8568,9,8577,80
2020-08-22,San Joaquin,077,732212,17966,16068,33,16101,305
2020-08-22,San Luis Obispo,079,281455,2932,2660,16,2676,20
2020-08-22,San Mateo,081,765935,8189,7361,8,7369,120
2020-08-22,Santa Barbara,083,443738,7988,7685,69,7754,90
2020-08-22,Santa Clara,085,1922200,17556,15590,36,15626,190
2020-08-22,Santa Cruz,087,273765,1789,1628,15,1643,6
2020-08-22,Shasta,089,179085,598,493,3,496,9
2020-08-22,Sierra,091,2930,6,6,0,6,0
2020-08-22,Siskiyou,093,43540,123,106,8,114,0
2020-08-22,Solano,095,438530,5281,4944,33,4977,32
2020-08-22,Sonoma,097,501317,5544,4891,19,4910,57
2020-08-22,Stanislaus,099,539301,14711,13380,269,13649,170
2020-08-22,Sutter,101,95872,1304,1189,1,1190,8
2020-08-22,Tehama,103,63373,405,368,2,370,1
2020-08-22,Trinity,105,12862,44,8,6,14,0
2020-08-22,Tulare,107,460477,14138,13196,53,13249,222
2020-08-22,Tuolumne,109,53932,193,162,3,165,1
2020-08-22,Ventura,111,848112,10948,9959,72,10031,99
2020-08-22,Yolo,113,214977,2376,2188,4,2192,47
2020-08-22,Yuba,115,75493,800,738,3,741,1
2020-08-21,Alameda,001,1643700,17955,16413,122,16535,232
2020-08-21,Alpine,003,1148,2,2,0,2,0
2020-08-21,Amador,005,37829,266,223,0,223,11
2020-08-21,Butte,007,227075,1800,1582,18,1600,19
2020-08-21,Calaveras,009,45235,218,182,0,182,1
2020-08-21,Colusa,011,21464,438,418,0,418,5
2020-08-21,Contra Costa,013,1133247,13775,12333,46,12379,149
2020-08-21,Del Norte,015,27424,112,78,0,78,1
2020-08-21,El Dorado,017,186661,979,885,3,888,2
2020-08-21,Fresno,019,978130,26647,22840,289,23129,232
2020-08-21,Glenn,021,27897,432,418,0,418,2
2020-08-21,Humboldt,023,135768,363,331,1,332,4
2020-08-21,Imperial,025,180216,11104,9166,6,9172,204
2020-08-21,Inyo,027,18085,168,144,3,147,1
2020-08-21,Kern,029,883053,29199,27567,204,27771,269
2020-08-21,Kings,031,150075,6053,5391,35,5426,60
2020-08-21,Lake,033,64148,321,281,0,281,2
2020-08-21,Lassen,035,31185,720,693,2,695,0
2020-08-21,Los Angeles,037,10098052,235581,229235,1050,230285,5494
2020-08-21,Madera,039,155013,3758,3271,24,3295,31
2020-08-21,Marin,041,260295,6009,5762,14,5776,49
2020-08-21,Mariposa,043,17540,71,66,0,66,2
2020-08-21,Mendocino,045,87422,587,505,0,505,10
2020-08-21,Merced,047,269075,7742,7357,8,7365,69
2020-08-21,Modoc,049,8938,7,5,0,5,0
2020-08-21,Mono,051,14174,163,128,2,130,1
2020-08-21,Monterey,053,433212,7616,6974,21,6995,49
2020-08-21,Napa,055,140530,1421,1317,5,1322,10
2020-08-21,Nevada,057,99092,438,406,13,419,2
2020-08-21,Orange,059,3164182,49043,44625,1109,45734,875
2020-08-21,Placer,061,380077,2932,2698,6,2704,30
2020-08-21,Plumas,063,18699,39,36,0,36,0
2020-08-21,Riverside,065,2383286,52174,49409,55,49464,932
2020-08-21,Sacramento,067,1510023,17424,15247,15,15262,237
2020-08-21,San Benito,069,59416,1023,891,0,891,3
2020-08-21,San Bernardino,071,2135413,47783,44249,276,44525,668
2020-08-21,San Diego,073,3302833,37868,35914,292,36206,652
2020-08-21,San Francisco,075,870044,9190,8375,9,8384,80
2020-08-21,San Joaquin,077,732212,17883,15888,31,15919,301
2020-08-21,San Luis Obispo,079,281455,2909,2640,16,2656,19
2020-08-21,San Mateo,081,765935,8131,7253,8,7261,120
2020-08-21,Santa Barbara,083,443738,7947,7645,69,7714,86
2020-08-21,Santa Clara,085,1922200,17404,15399,36,15435,190
2020-08-21,Santa Cruz,087,273765,1777,1617,15,1632,6
2020-08-21,Shasta,089,179085,598,486,3,489,9
2020-08-21,Sierra,091,2930,6,6,0,6,0
2020-08-21,Siskiyou,093,43540,123,103,6,109,0
2020-08-21,Solano,095,438530,5258,4891,32,4923,32
2020-08-21,Sonoma,097,501317,5474,4816,19,4835,57
2020-08-21,Stanislaus,099,539301,14642,13282,254,13536,161
2020-08-21,Sutter,101,95872,1291,1173,1,1174,8
2020-08-21,Tehama,103,63373,403,357,2,359,1
2020-08-21,Trinity,105,12862,44,8,6,14,0
2020-08-21,Tulare,107,460477,14066,13002,52,13054,217
2020-08-21,Tuolumne,109,53932,185,161,3,164,1
2020-08-21,Ventura,111,848112,10883,9865,70,9935,98
2020-08-21,Yolo,113,214977,2361,2164,4,2168,46
2020-08-21,Yuba,115,75493,796,717,3,720,1
2020-08-20,Alameda,001,1643700,17796,16174,122,16296,229
2020-08-20,Alpine,003,1148,2,2,0,2,0
2020-08-20,Amador,005,37829,264,222,0,222,11
2020-08-20,Butte,007,227075,1749,1549,18,1567,18
2020-08-20,Calaveras,009,45235,215,179,0,179,1
2020-08-20,Colusa,011,21464,436,415,0,415,5
2020-08-20,Contra Costa,013,1133247,13647,12108,45,12153,144
2020-08-20,Del Norte,015,27424,112,78,0,78,1
2020-08-20,El Dorado,017,186661,975,881,3,884,2
2020-08-20,Fresno,019,978130,26465,22535,284,22819,228
2020-08-20,Glenn,021,27897,427,414,0,414,2
2020-08-20,Humboldt,023,135768,358,318,1,319,4
2020-08-20,Imperial,025,180216,11085,9086,6,9092,196
2020-08-20,Inyo,027,18085,167,144,3,147,1
2020-08-20,Kern,029,883053,29031,27337,193,27530,267
2020-08-20,Kings,031,150075,6013,5347,34,5381,59
2020-08-20,Lake,033,64148,316,280,0,280,2
2020-08-20,Lassen,035,31185,719,693,2,695,0
2020-08-20,Los Angeles,037,10098052,234351,227492,1031,228523,5445
2020-08-20,Madera,039,155013,3732,3197,24,3221,31
2020-08-20,Marin,041,260295,5991,5745,14,5759,47
2020-08-20,Mariposa,043,17540,71,67,0,67,2
2020-08-20,Mendocino,045,87422,576,497,0,497,10
2020-08-20,Merced,047,269075,7667,7173,8,7181,68
2020-08-20,Modoc,049,8938,7,5,0,5,0
2020-08-20,Mono,051,14174,163,128,2,130,1
2020-08-20,Monterey,053,433212,7545,6892,21,6913,47
2020-08-20,Napa,055,140530,1413,1306,5,1311,10
2020-08-20,Nevada,057,99092,437,401,13,414,2
2020-08-20,Orange,059,3164182,48816,44299,1098,45397,849
2020-08-20,Placer,061,380077,2916,2681,6,2687,30
2020-08-20,Plumas,063,18699,39,36,0,36,0
2020-08-20,Riverside,065,2383286,51955,48953,54,49007,927
2020-08-20,Sacramento,067,1510023,17182,14992,15,15007,231
2020-08-20,San Benito,069,59416,1010,866,0,866,3
2020-08-20,San Bernardino,071,2135413,47527,43627,272,43899,665
2020-08-20,San Diego,073,3302833,37648,35610,274,35884,644
2020-08-20,San Francisco,075,870044,9104,8262,9,8271,72
2020-08-20,San Joaquin,077,732212,17790,15778,31,15809,297
2020-08-20,San Luis Obispo,079,281455,2889,2590,16,2606,19
2020-08-20,San Mateo,081,765935,8066,7188,8,7196,120
2020-08-20,Santa Barbara,083,443738,7909,7571,69,7640,81
2020-08-20,Santa Clara,085,1922200,17231,15162,36,15198,190
2020-08-20,Santa Cruz,087,273765,1764,1581,15,1596,6
2020-08-20,Shasta,089,179085,597,478,3,481,9
2020-08-20,Sierra,091,2930,6,6,0,6,0
2020-08-20,Siskiyou,093,43540,122,102,1,103,0
2020-08-20,Solano,095,438530,5214,4843,32,4875,31
2020-08-20,Sonoma,097,501317,5402,4737,19,4756,54
2020-08-20,Stanislaus,099,539301,14546,13120,245,13365,161
2020-08-20,Sutter,101,95872,1267,1158,1,1159,8
2020-08-20,Tehama,103,63373,398,350,2,352,1
2020-08-20,Trinity,105,12862,44,8,6,14,0
2020-08-20,Tulare,107,460477,13958,12907,51,12958,217
2020-08-20,Tuolumne,109,53932,181,159,3,162,1
2020-08-20,Ventura,111,848112,10770,9744,69,9813,93
2020-08-20,Yolo,113,214977,2339,2150,4,2154,47
2020-08-20,Yuba,115,75493,779,709,3,712,1
2020-08-19,Alameda,001,1643700,17638,15874,121,15995,226
2020-08-19,Alpine,003,1148,2,2,0,2,0
2020-08-19,Amador,005,37829,263,219,0,219,9
2020-08-19,Butte,007,227075,1706,1517,18,1535,16
2020-08-19,Calaveras,009,45235,213,177,0,177,1
2020-08-19,Colusa,011,21464,435,415,0,415,5
2020-08-19,Contra Costa,013,1133247,13535,11895,43,11938,142
2020-08-19,Del Norte,015,27424,112,78,0,78,1
2020-08-19,El Dorado,017,186661,969,870,3,873,2
2020-08-19,Fresno,019,978130,26276,22167,275,22442,221
2020-08-19,Glenn,021,27897,425,414,0,414,2
2020-08-19,Humboldt,023,135768,355,316,1,317,4
2020-08-19,Imperial,025,180216,11057,9041,6,9047,192
2020-08-19,Inyo,027,18085,165,140,3,143,1
2020-08-19,Kern,029,883053,28914,27142,189,27331,263
2020-08-19,Kings,031,150075,5840,5301,32,5333,59
2020-08-19,Lake,033,64148,313,277,0,277,2
2020-08-19,Lassen,035,31185,711,693,2,695,0
2020-08-19,Los Angeles,037,10098052,233075,226006,991,226997,5399
2020-08-19,Madera,039,155013,3698,3158,22,3180,30
2020-08-19,Marin,041,260295,5967,5723,13,5736,46
2020-08-19,Mariposa,043,17540,71,64,0,64,2
2020-08-19,Mendocino,045,87422,560,495,0,495,8
2020-08-19,Merced,047,269075,7540,7082,5,7087,66
2020-08-19,Modoc,049,8938,7,5,0,5,0
2020-08-19,Mono,051,14174,163,128,2,130,1
2020-08-19,Monterey,053,433212,7445,6693,21,6714,45
2020-08-19,Napa,055,140530,1408,1293,5,1298,10
2020-08-19,Nevada,057,99092,430,398,13,411,2
2020-08-19,Orange,059,3164182,48611,43938,1095,45033,829
2020-08-19,Placer,061,380077,2894,2659,6,2665,28
2020-08-19,Plumas,063,18699,39,36,0,36,0
2020-08-19,Riverside,065,2383286,51706,48741,54,48795,922
2020-08-19,Sacramento,067,1510023,17002,14764,15,14779,229
2020-08-19,San Benito,069,59416,993,853,0,853,3
2020-08-19,San Bernardino,071,2135413,47229,43224,266,43490,661
2020-08-19,San Diego,073,3302833,37398,35378,259,35637,638
2020-08-19,San Francisco,075,870044,9039,8236,9,8245,72
2020-08-19,San Joaquin,077,732212,17664,15677,30,15707,296
2020-08-19,San Luis Obispo,079,281455,2849,2553,16,2569,19
2020-08-19,San Mateo,081,765935,7997,7146,8,7154,119
2020-08-19,Santa Barbara,083,443738,7860,7499,69,7568,80
2020-08-19,Santa Clara,085,1922200,17085,14994,36,15030,189
2020-08-19,Santa Cruz,087,273765,1738,1554,15,1569,6
2020-08-19,Shasta,089,179085,593,475,3,478,9
2020-08-19,Sierra,091,2930,6,6,0,6,0
2020-08-19,Siskiyou,093,43540,121,103,1,104,0
2020-08-19,Solano,095,438530,5173,4807,32,4839,31
2020-08-19,Sonoma,097,501317,5323,4614,19,4633,54
2020-08-19,Stanislaus,099,539301,14443,13084,223,13307,160
2020-08-19,Sutter,101,95872,1233,1146,1,1147,8
2020-08-19,Tehama,103,63373,392,342,2,344,1
2020-08-19,Trinity,105,12862,43,8,6,14,0
2020-08-19,Tulare,107,460477,13860,12756,51,12807,217
2020-08-19,Tuolumne,109,53932,178,159,3,162,1
2020-08-19,Ventura,111,848112,10678,9587,67,9654,91
2020-08-19,Yolo,113,214977,2317,2126,4,2130,47
2020-08-19,Yuba,115,75493,767,701,3,704,1
2020-08-18,Alameda,001,1643700,17461,15627,119,15746,223
2020-08-18,Alpine,003,1148,2,2,0,2,0
2020-08-18,Amador,005,37829,262,215,0,215,9
2020-08-18,Butte,007,227075,1673,1491,18,1509,16
2020-08-18,Calaveras,009,45235,209,174,0,174,1
2020-08-18,Colusa,011,21464,434,415,0,415,5
2020-08-18,Contra Costa,013,1133247,13415,11689,41,11730,141
2020-08-18,Del Norte,015,27424,111,78,0,78,0
2020-08-18,El Dorado,017,186661,964,866,3,869,2
2020-08-18,Fresno,019,978130,26055,21798,269,22067,212
2020-08-18,Glenn,021,27897,425,407,0,407,2
2020-08-18,Humboldt,023,135768,353,315,1,316,4
2020-08-18,Imperial,025,180216,11023,8968,6,8974,189
2020-08-18,Inyo,027,18085,164,140,3,143,1
2020-08-18,Kern,029,883053,28761,26978,185,27163,263
2020-08-18,Kings,031,150075,5805,5269,31,5300,58
2020-08-18,Lake,033,64148,310,274,0,274,2
2020-08-18,Lassen,035,31185,711,693,2,695,0
2020-08-18,Los Angeles,037,10098052,231813,224218,954,225172,5339
2020-08-18,Madera,039,155013,3670,3125,22,3147,28
2020-08-18,Marin,041,260295,5937,5708,13,5721,47
2020-08-18,Mariposa,043,17540,71,61,0,61,2
2020-08-18,Mendocino,045,87422,551,468,0,468,8
2020-08-18,Merced,047,269075,7492,6940,5,6945,66
2020-08-18,Modoc,049,8938,7,5,0,5,0
2020-08-18,Mono,051,14174,162,129,2,131,1
2020-08-18,Monterey,053,433212,7353,6691,20,6711,44
2020-08-18,Napa,055,140530,1405,1274,5,1279,10
2020-08-18,Nevada,057,99092,423,389,13,402,2
2020-08-18,Orange,059,3164182,48386,43659,1080,44739,809
2020-08-18,Placer,061,380077,2868,2644,5,2649,28
2020-08-18,Plumas,063,18699,39,34,0,34,0
2020-08-18,Riverside,065,2383286,51374,48447,54,48501,917
2020-08-18,Sacramento,067,1510023,16772,14610,14,14624,222
2020-08-18,San Benito,069,59416,973,836,0,836,3
2020-08-18,San Bernardino,071,2135413,46948,42827,260,43087,648
2020-08-18,San Diego,073,3302833,37105,35164,227,35391,633
2020-08-18,San Francisco,075,870044,8953,8016,9,8025,72
2020-08-18,San Joaquin,077,732212,17548,15509,29,15538,290
2020-08-18,San Luis Obispo,079,281455,2824,2535,15,2550,18
2020-08-18,San Mateo,081,765935,7936,7074,8,7082,119
2020-08-18,Santa Barbara,083,443738,7818,7472,69,7541,81
2020-08-18,Santa Clara,085,1922200,16912,14786,35,14821,184
2020-08-18,Santa Cruz,087,273765,1725,1509,15,1524,6
2020-08-18,Shasta,089,179085,589,468,3,471,9
2020-08-18,Sierra,091,2930,6,6,0,6,0
2020-08-18,Siskiyou,093,43540,120,103,1,104,0
2020-08-18,Solano,095,438530,5146,4700,32,4732,31
2020-08-18,Sonoma,097,501317,5254,4506,19,4525,48
2020-08-18,Stanislaus,099,539301,14345,12935,207,13142,149
2020-08-18,Sutter,101,95872,1214,1126,1,1127,8
2020-08-18,Tehama,103,63373,382,333,2,335,1
2020-08-18,Trinity,105,12862,41,8,6,14,0
2020-08-18,Tulare,107,460477,13729,12637,48,12685,212
2020-08-18,Tuolumne,109,53932,175,159,3,162,1
2020-08-18,Ventura,111,848112,10588,9536,62,9598,89
2020-08-18,Yolo,113,214977,2295,2102,4,2106,47
2020-08-18,Yuba,115,75493,759,679,3,682,1
2020-08-17,Alameda,001,1643700,17268,15454,118,15572,221
2020-08-17,Alpine,003,1148,2,2,0,2,0
2020-08-17,Amador,005,37829,262,215,0,215,9
2020-08-17,Butte,007,227075,1628,1463,18,1481,15
2020-08-17,Calaveras,009,45235,205,167,0,167,1
2020-08-17,Colusa,011,21464,431,408,0,408,5
2020-08-17,Contra Costa,013,1133247,13278,11442,41,11483,141
2020-08-17,Del Norte,015,27424,107,77,0,77,0
2020-08-17,El Dorado,017,186661,961,846,3,849,2
2020-08-17,Fresno,019,978130,25847,21316,262,21578,211
2020-08-17,Glenn,021,27897,424,402,0,402,2
2020-08-17,Humboldt,023,135768,349,302,1,303,4
2020-08-17,Imperial,025,180216,10982,8897,6,8903,188
2020-08-17,Inyo,027,18085,156,124,3,127,1
2020-08-17,Kern,029,883053,28614,26773,174,26947,249
2020-08-17,Kings,031,150075,5767,5249,31,5280,58
2020-08-17,Lake,033,64148,305,270,0,270,2
2020-08-17,Lassen,035,31185,711,666,2,668,0
2020-08-17,Los Angeles,037,10098052,230294,223418,907,224325,5282
2020-08-17,Madera,039,155013,3627,3050,21,3071,26
2020-08-17,Marin,041,260295,5914,5683,12,5695,46
2020-08-17,Mariposa,043,17540,71,61,0,61,2
2020-08-17,Mendocino,045,87422,533,454,0,454,8
2020-08-17,Merced,047,269075,7397,6814,5,6819,66
2020-08-17,Modoc,049,8938,7,5,0,5,0
2020-08-17,Mono,051,14174,162,126,2,128,1
2020-08-17,Monterey,053,433212,7253,6553,20,6573,44
2020-08-17,Napa,055,140530,1384,1255,5,1260,10
2020-08-17,Nevada,057,99092,418,383,13,396,2
2020-08-17,Orange,059,3164182,48176,43621,1067,44688,804
2020-08-17,Placer,061,380077,2843,2609,5,2614,28
2020-08-17,Plumas,063,18699,39,33,0,33,0
2020-08-17,Riverside,065,2383286,51042,48062,52,48114,916
2020-08-17,Sacramento,067,1510023,16552,14333,14,14347,219
2020-08-17,San Benito,069,59416,958,822,0,822,2
2020-08-17,San Bernardino,071,2135413,46604,42005,252,42257,604
2020-08-17,San Diego,073,3302833,36839,34962,213,35175,626
2020-08-17,San Francisco,075,870044,8882,7600,9,7609,72
2020-08-17,San Joaquin,077,732212,17386,15323,28,15351,280
2020-08-17,San Luis Obispo,079,281455,2791,2527,15,2542,18
2020-08-17,San Mateo,081,765935,7879,6987,7,6994,118
2020-08-17,Santa Barbara,083,443738,7776,7438,69,7507,80
2020-08-17,Santa Clara,085,1922200,16690,14546,35,14581,183
2020-08-17,Santa Cruz,087,273765,1709,1453,14,1467,6
2020-08-17,Shasta,089,179085,583,467,3,470,9
2020-08-17,Sierra,091,2930,6,6,0,6,0
2020-08-17,Siskiyou,093,43540,119,103,0,103,0
2020-08-17,Solano,095,438530,5089,4479,32,4511,31
2020-08-17,Sonoma,097,501317,5166,4402,17,4419,48
2020-08-17,Stanislaus,099,539301,14220,12745,200,12945,148
2020-08-17,Sutter,101,95872,1198,1071,1,1072,8
2020-08-17,Tehama,103,63373,372,324,2,326,1
2020-08-17,Trinity,105,12862,41,8,6,14,0
2020-08-17,Tulare,107,460477,13616,12487,47,12534,210
2020-08-17,Tuolumne,109,53932,172,157,3,160,1
2020-08-17,Ventura,111,848112,10465,9490,57,9547,89
2020-08-17,Yolo,113,214977,2268,2083,4,2087,47
2020-08-17,Yuba,115,75493,744,647,3,650,1
2020-08-16,Alameda,001,1643700,16977,15338,118,15456,221
2020-08-16,Alpine,003,1148,2,2,0,2,0
2020-08-16,Amador,005,37829,259,215,0,215,9
2020-08-16,Butte,007,227075,1590,1432,18,1450,15
2020-08-16,Calaveras,009,45235,198,167,0,167,1
2020-08-16,Colusa,011,21464,429,407,0,407,5
2020-08-16,Contra Costa,013,1133247,13092,11255,41,11296,140
2020-08-16,Del Norte,015,27424,103,77,0,77,0
2020-08-16,El Dorado,017,186661,949,843,3,846,2
2020-08-16,Fresno,019,978130,25626,21010,257,21267,211
2020-08-16,Glenn,021,27897,422,400,0,400,2
2020-08-16,Humboldt,023,135768,347,301,1,302,4
2020-08-16,Imperial,025,180216,10938,8883,6,8889,188
2020-08-16,Inyo,027,18085,149,125,2,127,1
2020-08-16,Kern,029,883053,28415,26520,166,26686,249
2020-08-16,Kings,031,150075,5736,5146,31,5177,58
2020-08-16,Lake,033,64148,301,269,0,269,2
2020-08-16,Lassen,035,31185,711,666,2,668,0
2020-08-16,Los Angeles,037,10098052,228721,222236,877,223113,5263
2020-08-16,Madera,039,155013,3582,3013,21,3034,26
2020-08-16,Marin,041,260295,5888,5664,12,5676,46
2020-08-16,Mariposa,043,17540,71,61,0,61,2
2020-08-16,Mendocino,045,87422,525,451,0,451,8
2020-08-16,Merced,047,269075,7315,6744,5,6749,66
2020-08-16,Modoc,049,8938,7,5,0,5,0
2020-08-16,Mono,051,14174,162,126,2,128,1
2020-08-16,Monterey,053,433212,7155,6516,19,6535,44
2020-08-16,Napa,055,140530,1366,1241,3,1244,10
2020-08-16,Nevada,057,99092,409,379,13,392,2
2020-08-16,Orange,059,3164182,47927,43303,1056,44359,803
2020-08-16,Placer,061,380077,2814,2583,4,2587,28
2020-08-16,Plumas,063,18699,39,33,0,33,0
2020-08-16,Riverside,065,2383286,50711,47669,51,47720,910
2020-08-16,Sacramento,067,1510023,16312,14210,14,14224,219
2020-08-16,San Benito,069,59416,929,815,0,815,2
2020-08-16,San Bernardino,071,2135413,46180,41724,244,41968,603
2020-08-16,San Diego,073,3302833,36575,34680,198,34878,626
2020-08-16,San Francisco,075,870044,8795,7602,9,7611,72
2020-08-16,San Joaquin,077,732212,17183,15288,28,15316,280
2020-08-16,San Luis Obispo,079,281455,2762,2494,15,2509,17
2020-08-16,San Mateo,081,765935,7805,6942,7,6949,118
2020-08-16,Santa Barbara,083,443738,7727,7368,69,7437,79
2020-08-16,Santa Clara,085,1922200,16492,14329,35,14364,183
2020-08-16,Santa Cruz,087,273765,1682,1449,13,1462,6
2020-08-16,Shasta,089,179085,576,465,3,468,9
2020-08-16,Sierra,091,2930,6,6,0,6,0
2020-08-16,Siskiyou,093,43540,118,102,0,102,0
2020-08-16,Solano,095,438530,5029,4479,32,4511,31
2020-08-16,Sonoma,097,501317,5062,4329,17,4346,46
2020-08-16,Stanislaus,099,539301,14062,12668,190,12858,148
2020-08-16,Sutter,101,95872,1180,1071,1,1072,8
2020-08-16,Tehama,103,63373,363,318,2,320,1
2020-08-16,Trinity,105,12862,38,8,6,14,0
2020-08-16,Tulare,107,460477,13484,12334,44,12378,211
2020-08-16,Tuolumne,109,53932,172,156,3,159,1
2020-08-16,Ventura,111,848112,10356,9408,52,9460,89
2020-08-16,Yolo,113,214977,2249,2057,4,2061,47
2020-08-16,Yuba,115,75493,735,647,2,649,1
2020-08-15,Alameda,001,1643700,16900,15165,118,15283,221
2020-08-15,Alpine,003,1148,2,2,0,2,0
2020-08-15,Amador,005,37829,259,210,0,210,9
2020-08-15,Butte,007,227075,1568,1409,18,1427,15
2020-08-15,Calaveras,009,45235,196,167,0,167,1
2020-08-15,Colusa,011,21464,428,401,0,401,5
2020-08-15,Contra Costa,013,1133247,12996,11106,41,11147,138
2020-08-15,Del Norte,015,27424,103,77,0,77,0
2020-08-15,El Dorado,017,186661,944,838,3,841,2
2020-08-15,Fresno,019,978130,25510,20603,255,20858,211
2020-08-15,Glenn,021,27897,422,398,0,398,2
2020-08-15,Humboldt,023,135768,346,301,1,302,4
2020-08-15,Imperial,025,180216,10918,8794,6,8800,188
2020-08-15,Inyo,027,18085,149,123,2,125,1
2020-08-15,Kern,029,883053,28327,26338,166,26504,249
2020-08-15,Kings,031,150075,5718,5039,31,5070,56
2020-08-15,Lake,033,64148,299,268,0,268,2
2020-08-15,Lassen,035,31185,711,666,2,668,0
2020-08-15,Los Angeles,037,10098052,227971,221043,867,221910,5252
2020-08-15,Madera,039,155013,3532,2950,21,2971,26
2020-08-15,Marin,041,260295,5881,5628,12,5640,46
2020-08-15,Mariposa,043,17540,71,61,0,61,2
2020-08-15,Mendocino,045,87422,521,444,0,444,8
2020-08-15,Merced,047,269075,7281,6656,5,6661,66
2020-08-15,Modoc,049,8938,7,5,0,5,0
2020-08-15,Mono,051,14174,162,126,2,128,1
2020-08-15,Monterey,053,433212,7110,6162,19,6181,44
2020-08-15,Napa,055,140530,1356,1232,3,1235,10
2020-08-15,Nevada,057,99092,409,376,13,389,2
2020-08-15,Orange,059,3164182,47814,42811,1045,43856,801
2020-08-15,Placer,061,380077,2793,2551,4,2555,27
2020-08-15,Plumas,063,18699,39,33,0,33,0
2020-08-15,Riverside,065,2383286,50560,46720,51,46771,910
2020-08-15,Sacramento,067,1510023,16202,14018,14,14032,219
2020-08-15,San Benito,069,59416,916,805,0,805,2
2020-08-15,San Bernardino,071,2135413,46028,41231,242,41473,602
2020-08-15,San Diego,073,3302833,36409,34346,184,34530,639
2020-08-15,San Francisco,075,870044,8732,7601,9,7610,69
2020-08-15,San Joaquin,077,732212,17110,15113,28,15141,280
2020-08-15,San Luis Obispo,079,281455,2745,2461,15,2476,17
2020-08-15,San Mateo,081,765935,7768,6860,7,6867,118
2020-08-15,Santa Barbara,083,443738,7699,7338,69,7407,79
2020-08-15,Santa Clara,085,1922200,16396,14105,35,14140,183
2020-08-15,Santa Cruz,087,273765,1661,1449,13,1462,6
2020-08-15,Shasta,089,179085,573,458,3,461,9
2020-08-15,Sierra,091,2930,6,6,0,6,0
2020-08-15,Siskiyou,093,43540,117,100,0,100,0
2020-08-15,Solano,095,438530,5007,4477,32,4509,31
2020-08-15,Sonoma,097,501317,5007,4134,17,4151,45
2020-08-15,Stanislaus,099,539301,13998,12541,189,12730,149
2020-08-15,Sutter,101,95872,1169,1046,1,1047,8
2020-08-15,Tehama,103,63373,362,312,2,314,1
2020-08-15,Trinity,105,12862,36,6,6,12,0
2020-08-15,Tulare,107,460477,13446,12262,44,12306,211
2020-08-15,Tuolumne,109,53932,172,155,3,158,1
2020-08-15,Ventura,111,848112,10297,9379,50,9429,89
2020-08-15,Yolo,113,214977,2237,2031,4,2035,46
2020-08-15,Yuba,115,75493,731,623,2,625,1
2020-08-14,Alameda,001,1643700,16761,14909,118,15027,221
2020-08-14,Alpine,003,1148,2,2,0,2,0
2020-08-14,Amador,005,37829,259,209,0,209,9
2020-08-14,Butte,007,227075,1559,1384,18,1402,15
2020-08-14,Calaveras,009,45235,192,165,0,165,1
2020-08-14,Colusa,011,21464,426,399,0,399,5
2020-08-14,Contra Costa,013,1133247,12884,10893,41,10934,137
2020-08-14,Del Norte,015,27424,103,76,0,76,0
2020-08-14,El Dorado,017,186661,936,827,3,830,2
2020-08-14,Fresno,019,978130,25376,19900,255,20155,208
2020-08-14,Glenn,021,27897,420,395,0,395,2
2020-08-14,Humboldt,023,135768,340,294,1,295,4
2020-08-14,Imperial,025,180216,10894,8756,6,8762,185
2020-08-14,Inyo,027,18085,148,115,2,117,1
2020-08-14,Kern,029,883053,28223,25893,165,26058,249
2020-08-14,Kings,031,150075,5704,4953,31,4984,56
2020-08-14,Lake,033,64148,290,267,0,267,2
2020-08-14,Lassen,035,31185,711,665,2,667,0
2020-08-14,Los Angeles,037,10098052,226801,219083,850,219933,5222
2020-08-14,Madera,039,155013,3502,2876,21,2897,26
2020-08-14,Marin,041,260295,5870,5601,12,5613,46
2020-08-14,Mariposa,043,17540,70,61,0,61,2
2020-08-14,Mendocino,045,87422,512,432,0,432,8
2020-08-14,Merced,047,269075,7251,6466,5,6471,67
2020-08-14,Modoc,049,8938,7,5,0,5,0
2020-08-14,Mono,051,14174,162,126,2,128,1
2020-08-14,Monterey,053,433212,7059,6121,19,6140,41
2020-08-14,Napa,055,140530,1346,1230,3,1233,10
2020-08-14,Nevada,057,99092,405,377,13,390,2
2020-08-14,Orange,059,3164182,47664,42399,1032,43431,798
2020-08-14,Placer,061,380077,2774,2546,4,2550,26
2020-08-14,Plumas,063,18699,38,33,0,33,0
2020-08-14,Riverside,065,2383286,50331,46456,51,46507,891
2020-08-14,Sacramento,067,1510023,16053,13645,14,13659,212
2020-08-14,San Benito,069,59416,899,783,0,783,2
2020-08-14,San Bernardino,071,2135413,45841,40442,239,40681,594
2020-08-14,San Diego,073,3302833,36215,34067,177,34244,622
2020-08-14,San Francisco,075,870044,8673,7467,9,7476,69
2020-08-14,San Joaquin,077,732212,17010,14925,28,14953,276
2020-08-14,San Luis Obispo,079,281455,2730,2422,15,2437,17
2020-08-14,San Mateo,081,765935,7709,6655,7,6662,118
2020-08-14,Santa Barbara,083,443738,7649,7302,69,7371,77
2020-08-14,Santa Clara,085,1922200,16230,13785,34,13819,183
2020-08-14,Santa Cruz,087,273765,1639,1418,12,1430,6
2020-08-14,Shasta,089,179085,568,446,3,449,9
2020-08-14,Sierra,091,2930,6,5,0,5,0
2020-08-14,Siskiyou,093,43540,117,98,0,98,0
2020-08-14,Solano,095,438530,4986,4421,32,4453,31
2020-08-14,Sonoma,097,501317,4947,4087,14,4101,45
2020-08-14,Stanislaus,099,539301,13920,12379,185,12564,140
2020-08-14,Sutter,101,95872,1161,1039,1,1040,8
2020-08-14,Tehama,103,63373,357,305,2,307,1
2020-08-14,Trinity,105,12862,36,6,6,12,0
2020-08-14,Tulare,107,460477,13369,12009,44,12053,211
2020-08-14,Tuolumne,109,53932,171,155,3,158,1
2020-08-14,Ventura,111,848112,10222,9313,50,9363,89
2020-08-14,Yolo,113,214977,2223,1991,4,1995,45
2020-08-14,Yuba,115,75493,715,606,2,608,1
2020-08-13,Alameda,001,1643700,16483,14385,118,14503,218
2020-08-13,Alpine,003,1148,2,2,0,2,0
2020-08-13,Amador,005,37829,259,198,0,198,8
2020-08-13,Butte,007,227075,1534,1345,18,1363,15
2020-08-13,Calaveras,009,45235,190,162,0,162,1
2020-08-13,Colusa,011,21464,426,395,0,395,5
2020-08-13,Contra Costa,013,1133247,12730,10545,40,10585,136
2020-08-13,Del Norte,015,27424,102,74,0,74,0
2020-08-13,El Dorado,017,186661,931,803,3,806,2
2020-08-13,Fresno,019,978130,25149,19157,249,19406,201
2020-08-13,Glenn,021,27897,416,392,0,392,1
2020-08-13,Humboldt,023,135768,332,281,1,282,4
2020-08-13,Imperial,025,180216,10863,8640,6,8646,170
2020-08-13,Inyo,027,18085,144,97,2,99,1
2020-08-13,Kern,029,883053,28056,25472,162,25634,242
2020-08-13,Kings,031,150075,5669,4824,31,4855,52
2020-08-13,Lake,033,64148,285,263,0,263,2
2020-08-13,Lassen,035,31185,711,652,2,654,0
2020-08-13,Los Angeles,037,10098052,225421,216497,829,217326,5179
2020-08-13,Madera,039,155013,3458,2675,20,2695,25
2020-08-13,Marin,041,260295,5854,5503,12,5515,44
2020-08-13,Mariposa,043,17540,69,61,0,61,2
2020-08-13,Mendocino,045,87422,507,401,0,401,8
2020-08-13,Merced,047,269075,7134,5945,5,5950,63
2020-08-13,Modoc,049,8938,7,5,0,5,0
2020-08-13,Mono,051,14174,162,124,2,126,1
2020-08-13,Monterey,053,433212,6976,5925,19,5944,38
2020-08-13,Napa,055,140530,1337,1179,3,1182,10
2020-08-13,Nevada,057,99092,401,362,13,375,1
2020-08-13,Orange,059,3164182,47425,42019,1020,43039,773
2020-08-13,Placer,061,380077,2751,2460,4,2464,26
2020-08-13,Plumas,063,18699,38,32,0,32,0
2020-08-13,Riverside,065,2383286,50035,45327,51,45378,885
2020-08-13,Sacramento,067,1510023,15850,13237,14,13251,197
2020-08-13,San Benito,069,59416,870,757,0,757,2
2020-08-13,San Bernardino,071,2135413,45446,39395,233,39628,591
2020-08-13,San Diego,073,3302833,35979,33661,159,33820,627
2020-08-13,San Francisco,075,870044,8579,7277,9,7286,69
2020-08-13,San Joaquin,077,732212,16855,14537,27,14564,261
2020-08-13,San Luis Obispo,079,281455,2708,2283,15,2298,16
2020-08-13,San Mateo,081,765935,7647,6503,7,6510,117
2020-08-13,Santa Barbara,083,443738,7604,7129,68,7197,74
2020-08-13,Santa Clara,085,1922200,16007,13257,34,13291,182
2020-08-13,Santa Cruz,087,273765,1614,1383,12,1395,6
2020-08-13,Shasta,089,179085,563,428,3,431,9
2020-08-13,Sierra,091,2930,6,5,0,5,0
2020-08-13,Siskiyou,093,43540,117,95,0,95,0
2020-08-13,Solano,095,438530,4949,4305,32,4337,31
2020-08-13,Sonoma,097,501317,4873,3902,14,3916,45
2020-08-13,Stanislaus,099,539301,13790,11953,169,12122,136
2020-08-13,Sutter,101,95872,1139,992,1,993,8
2020-08-13,Tehama,103,63373,348,302,2,304,1
2020-08-13,Trinity,105,12862,35,6,6,12,0
2020-08-13,Tulare,107,460477,13225,11692,41,11733,210
2020-08-13,Tuolumne,109,53932,170,152,3,155,1
2020-08-13,Ventura,111,848112,10133,9114,50,9164,90
2020-08-13,Yolo,113,214977,2196,1938,4,1942,44
2020-08-13,Yuba,115,75493,699,568,2,570,1
2020-08-12,Alameda,001,1643700,16270,14214,118,14332,215
2020-08-12,Alpine,003,1148,2,2,0,2,0
2020-08-12,Amador,005,37829,256,197,0,197,8
2020-08-12,Butte,007,227075,1506,1317,18,1335,15
2020-08-12,Calaveras,009,45235,187,157,0,157,1
2020-08-12,Colusa,011,21464,421,394,0,394,5
2020-08-12,Contra Costa,013,1133247,12585,10304,39,10343,134
2020-08-12,Del Norte,015,27424,101,74,0,74,0
2020-08-12,El Dorado,017,186661,913,794,3,797,2
2020-08-12,Fresno,019,978130,24919,18690,243,18933,194
2020-08-12,Glenn,021,27897,413,388,0,388,1
2020-08-12,Humboldt,023,135768,325,281,1,282,4
2020-08-12,Imperial,025,180216,10840,8566,6,8572,167
2020-08-12,Inyo,027,18085,127,97,2,99,1
2020-08-12,Kern,029,883053,27864,25191,160,25351,232
2020-08-12,Kings,031,150075,5630,4736,31,4767,50
2020-08-12,Lake,033,64148,283,253,0,253,2
2020-08-12,Lassen,035,31185,710,651,2,653,0
2020-08-12,Los Angeles,037,10098052,224020,214542,813,215355,5119
2020-08-12,Madera,039,155013,3424,2681,18,2699,23
2020-08-12,Marin,041,260295,5832,5423,12,5435,44
2020-08-12,Mariposa,043,17540,69,61,0,61,2
2020-08-12,Mendocino,045,87422,488,386,0,386,9
2020-08-12,Merced,047,269075,7072,5777,5,5782,66
2020-08-12,Modoc,049,8938,7,5,0,5,0
2020-08-12,Mono,051,14174,161,124,2,126,1
2020-08-12,Monterey,053,433212,6872,5919,19,5938,38
2020-08-12,Napa,055,140530,1327,1161,3,1164,10
2020-08-12,Nevada,057,99092,396,357,13,370,1
2020-08-12,Orange,059,3164182,47174,41576,996,42572,754
2020-08-12,Placer,061,380077,2719,2417,4,2421,25
2020-08-12,Plumas,063,18699,38,31,0,31,0
2020-08-12,Riverside,065,2383286,49687,44747,51,44798,867
2020-08-12,Sacramento,067,1510023,15638,12528,14,12542,189
2020-08-12,San Benito,069,59416,857,751,0,751,2
2020-08-12,San Bernardino,071,2135413,45103,38811,224,39035,589
2020-08-12,San Diego,073,3302833,35770,33395,139,33534,608
2020-08-12,San Francisco,075,870044,8496,7194,9,7203,66
2020-08-12,San Joaquin,077,732212,16709,14154,27,14181,253
2020-08-12,San Luis Obispo,079,281455,2683,2263,15,2278,15
2020-08-12,San Mateo,081,765935,7568,6427,7,6434,117
2020-08-12,Santa Barbara,083,443738,7544,7049,66,7115,74
2020-08-12,Santa Clara,085,1922200,15831,13002,34,13036,182
2020-08-12,Santa Cruz,087,273765,1585,1382,11,1393,6
2020-08-12,Shasta,089,179085,559,417,3,420,9
2020-08-12,Sierra,091,2930,5,4,0,4,0
2020-08-12,Siskiyou,093,43540,116,90,0,90,0
2020-08-12,Solano,095,438530,4904,4258,32,4290,31
2020-08-12,Sonoma,097,501317,4799,3847,14,3861,47
2020-08-12,Stanislaus,099,539301,13651,11682,161,11843,136
2020-08-12,Sutter,101,95872,1115,987,1,988,7
2020-08-12,Tehama,103,63373,338,289,2,291,1
2020-08-12,Trinity,105,12862,34,6,6,12,0
2020-08-12,Tulare,107,460477,13097,11460,41,11501,211
2020-08-12,Tuolumne,109,53932,169,150,3,153,1
2020-08-12,Ventura,111,848112,10046,9005,50,9055,87
2020-08-12,Yolo,113,214977,2172,1921,4,1925,44
2020-08-12,Yuba,115,75493,677,549,1,550,1
2020-08-11,Alameda,001,1643700,16009,13960,115,14075,204
2020-08-11,Alpine,003,1148,2,2,0,2,0
2020-08-11,Amador,005,37829,250,187,0,187,3
2020-08-11,Butte,007,227075,1479,1296,18,1314,15
2020-08-11,Calaveras,009,45235,185,161,0,161,1
2020-08-11,Colusa,011,21464,416,390,0,390,5
2020-08-11,Contra Costa,013,1133247,12396,10012,37,10049,131
2020-08-11,Del Norte,015,27424,100,73,0,73,0
2020-08-11,El Dorado,017,186661,906,786,3,789,2
2020-08-11,Fresno,019,978130,24597,18344,240,18584,187
2020-08-11,Glenn,021,27897,411,380,0,380,1
2020-08-11,Humboldt,023,135768,320,283,1,284,4
2020-08-11,Imperial,025,180216,10785,8518,6,8524,165
2020-08-11,Inyo,027,18085,122,97,2,99,1
2020-08-11,Kern,029,883053,27529,25042,158,25200,230
2020-08-11,Kings,031,150075,5439,4696,31,4727,50
2020-08-11,Lake,033,64148,280,243,0,243,2
2020-08-11,Lassen,035,31185,704,605,2,607,0
2020-08-11,Los Angeles,037,10098052,222520,212421,788,213209,5065
2020-08-11,Madera,039,155013,3370,2673,18,2691,22
2020-08-11,Marin,041,260295,5805,5287,11,5298,44
2020-08-11,Mariposa,043,17540,68,60,0,60,2
2020-08-11,Mendocino,045,87422,478,385,0,385,9
2020-08-11,Merced,047,269075,6977,5322,4,5326,65
2020-08-11,Modoc,049,8938,7,5,0,5,0
2020-08-11,Mono,051,14174,161,124,2,126,1
2020-08-11,Monterey,053,433212,6763,5624,19,5643,36
2020-08-11,Napa,055,140530,1316,1143,2,1145,11
2020-08-11,Nevada,057,99092,393,358,13,371,1
2020-08-11,Orange,059,3164182,46954,41205,974,42179,742
2020-08-11,Placer,061,380077,2687,2393,4,2397,24
2020-08-11,Plumas,063,18699,38,31,0,31,0
2020-08-11,Riverside,065,2383286,49330,44237,51,44288,836
2020-08-11,Sacramento,067,1510023,15347,12298,14,12312,182
2020-08-11,San Benito,069,59416,845,750,0,750,2
2020-08-11,San Bernardino,071,2135413,44762,38467,217,38684,584
2020-08-11,San Diego,073,3302833,35503,33159,120,33279,602
2020-08-11,San Francisco,075,870044,8400,6988,9,6997,66
2020-08-11,San Joaquin,077,732212,16531,13997,22,14019,251
2020-08-11,San Luis Obispo,079,281455,2626,2234,15,2249,15
2020-08-11,San Mateo,081,765935,7494,6339,7,6346,117
2020-08-11,Santa Barbara,083,443738,7495,6942,66,7008,70
2020-08-11,Santa Clara,085,1922200,15610,12920,34,12954,183
2020-08-11,Santa Cruz,087,273765,1562,1352,11,1363,4
2020-08-11,Shasta,089,179085,555,416,3,419,9
2020-08-11,Sierra,091,2930,5,4,0,4,0
2020-08-11,Siskiyou,093,43540,116,90,0,90,0
2020-08-11,Solano,095,438530,4856,4206,31,4237,31
2020-08-11,Sonoma,097,501317,4704,3752,14,3766,45
2020-08-11,Stanislaus,099,539301,13547,11592,149,11741,128
2020-08-11,Sutter,101,95872,1093,964,1,965,7
2020-08-11,Tehama,103,63373,334,289,2,291,1
2020-08-11,Trinity,105,12862,34,5,6,11,0
2020-08-11,Tulare,107,460477,12972,11392,40,11432,201
2020-08-11,Tuolumne,109,53932,164,146,3,149,1
2020-08-11,Ventura,111,848112,9978,8953,49,9002,88
2020-08-11,Yolo,113,214977,2150,1912,4,1916,44
2020-08-11,Yuba,115,75493,666,540,1,541,1
2020-08-10,Alameda,001,1643700,15769,13420,114,13534,203
2020-08-10,Alpine,003,1148,2,2,0,2,0
2020-08-10,Amador,005,37829,249,172,0,172,2
2020-08-10,Butte,007,227075,1455,1174,16,1190,15
2020-08-10,Calaveras,009,45235,174,121,0,121,1
2020-08-10,Colusa,011,21464,414,387,0,387,4
2020-08-10,Contra Costa,013,1133247,12243,9454,35,9489,130
2020-08-10,Del Norte,015,27424,98,69,0,69,0
2020-08-10,El Dorado,017,186661,894,771,3,774,2
2020-08-10,Fresno,019,978130,24316,17978,239,18217,183
2020-08-10,Glenn,021,27897,408,381,0,381,1
2020-08-10,Humboldt,023,135768,314,277,1,278,4
2020-08-10,Imperial,025,180216,10741,8465,6,8471,165
2020-08-10,Inyo,027,18085,122,97,2,99,1
2020-08-10,Kern,029,883053,27303,24499,157,24656,215
2020-08-10,Kings,031,150075,5333,4588,31,4619,50
2020-08-10,Lake,033,64148,273,239,0,239,2
2020-08-10,Lassen,035,31185,704,588,2,590,0
2020-08-10,Los Angeles,037,10098052,220943,211035,770,211805,5003
2020-08-10,Madera,039,155013,3337,2365,17,2382,22
2020-08-10,Marin,041,260295,5760,5242,10,5252,44
2020-08-10,Mariposa,043,17540,68,57,0,57,2
2020-08-10,Mendocino,045,87422,454,364,0,364,1
2020-08-10,Merced,047,269075,6896,4913,4,4917,51
2020-08-10,Modoc,049,8938,7,5,0,5,0
2020-08-10,Mono,051,14174,161,123,2,125,1
2020-08-10,Monterey,053,433212,6653,5358,19,5377,34
2020-08-10,Napa,055,140530,1298,1084,2,1086,8
2020-08-10,Nevada,057,99092,385,356,13,369,1
2020-08-10,Orange,059,3164182,46684,40445,956,41401,721
2020-08-10,Placer,061,380077,2648,2298,4,2302,21
2020-08-10,Plumas,063,18699,38,27,0,27,0
2020-08-10,Riverside,065,2383286,48945,43296,50,43346,830
2020-08-10,Sacramento,067,1510023,15036,12059,14,12073,168
2020-08-10,San Benito,069,59416,832,743,0,743,2
2020-08-10,San Bernardino,071,2135413,44385,37367,208,37575,579
2020-08-10,San Diego,073,3302833,35237,32977,104,33081,594
2020-08-10,San Francisco,075,870044,8310,6816,8,6824,66
2020-08-10,San Joaquin,077,732212,16349,13308,22,13330,240
2020-08-10,San Luis Obispo,079,281455,2527,2208,14,2222,15
2020-08-10,San Mateo,081,765935,7417,6222,7,6229,117
2020-08-10,Santa Barbara,083,443738,7440,6869,66,6935,66
2020-08-10,Santa Clara,085,1922200,15350,12615,33,12648,182
2020-08-10,Santa Cruz,087,273765,1542,1239,10,1249,4
2020-08-10,Shasta,089,179085,551,384,3,387,9
2020-08-10,Sierra,091,2930,5,3,0,3,0
2020-08-10,Siskiyou,093,43540,113,88,0,88,0
2020-08-10,Solano,095,438530,4796,4101,31,4132,31
2020-08-10,Sonoma,097,501317,4535,3640,10,3650,42
2020-08-10,Stanislaus,099,539301,13365,10855,132,10987,106
2020-08-10,Sutter,101,95872,1068,865,1,866,7
2020-08-10,Tehama,103,63373,327,282,2,284,1
2020-08-10,Trinity,105,12862,31,5,6,11,0
2020-08-10,Tulare,107,460477,12799,10750,38,10788,194
2020-08-10,Tuolumne,109,53932,164,143,2,145,1
2020-08-10,Ventura,111,848112,9894,8851,48,8899,85
2020-08-10,Yolo,113,214977,2127,1840,4,1844,45
2020-08-10,Yuba,115,75493,649,527,1,528,1
2020-08-09,Alameda,001,1643700,15489,13241,112,13353,203
2020-08-09,Alpine,003,1148,2,2,0,2,0
2020-08-09,Amador,005,37829,244,153,0,153,2
2020-08-09,Butte,007,227075,1411,1155,16,1171,15
2020-08-09,Calaveras,009,45235,169,122,0,122,1
2020-08-09,Colusa,011,21464,410,371,0,371,4
2020-08-09,Contra Costa,013,1133247,12016,9214,34,9248,130
2020-08-09,Del Norte,015,27424,98,69,0,69,0
2020-08-09,El Dorado,017,186661,886,748,3,751,2
2020-08-09,Fresno,019,978130,24007,17846,235,18081,183
2020-08-09,Glenn,021,27897,406,354,0,354,1
2020-08-09,Humboldt,023,135768,308,279,1,280,4
2020-08-09,Imperial,025,180216,10698,8310,5,8315,165
2020-08-09,Inyo,027,18085,117,86,1,87,1
2020-08-09,Kern,029,883053,27047,23680,157,23837,215
2020-08-09,Kings,031,150075,5290,4446,30,4476,50
2020-08-09,Lake,033,64148,266,225,0,225,2
2020-08-09,Lassen,035,31185,698,589,2,591,0
2020-08-09,Los Angeles,037,10098052,218881,208810,748,209558,4984
2020-08-09,Madera,039,155013,3278,2322,13,2335,22
2020-08-09,Marin,041,260295,5717,5204,10,5214,44
2020-08-09,Mariposa,043,17540,66,56,0,56,2
2020-08-09,Mendocino,045,87422,444,283,0,283,1
2020-08-09,Merced,047,269075,6799,4735,3,4738,51
2020-08-09,Modoc,049,8938,7,4,0,4,0
2020-08-09,Mono,051,14174,160,113,2,115,1
2020-08-09,Monterey,053,433212,6529,5199,19,5218,34
2020-08-09,Napa,055,140530,1279,1062,2,1064,8
2020-08-09,Nevada,057,99092,377,332,13,345,1
2020-08-09,Orange,059,3164182,46385,39244,941,40185,722
2020-08-09,Placer,061,380077,2619,2211,4,2215,20
2020-08-09,Plumas,063,18699,38,27,0,27,0
2020-08-09,Riverside,065,2383286,48600,41894,50,41944,828
2020-08-09,Sacramento,067,1510023,14756,11301,14,11315,167
2020-08-09,San Benito,069,59416,813,687,0,687,2
2020-08-09,San Bernardino,071,2135413,43907,36092,208,36300,579
2020-08-09,San Diego,073,3302833,34946,32749,93,32842,594
2020-08-09,San Francisco,075,870044,8195,6820,8,6828,66
2020-08-09,San Joaquin,077,732212,16145,12933,21,12954,240
2020-08-09,San Luis Obispo,079,281455,2491,2124,14,2138,15
2020-08-09,San Mateo,081,765935,7322,6094,7,6101,117
2020-08-09,Santa Barbara,083,443738,7352,6669,66,6735,66
2020-08-09,Santa Clara,085,1922200,15080,11878,33,11911,181
2020-08-09,Santa Cruz,087,273765,1518,1246,10,1256,4
2020-08-09,Shasta,089,179085,547,361,3,364,9
2020-08-09,Sierra,091,2930,5,3,0,3,0
2020-08-09,Siskiyou,093,43540,112,74,0,74,0
2020-08-09,Solano,095,438530,4743,3954,30,3984,31
2020-08-09,Sonoma,097,501317,4399,3531,8,3539,41
2020-08-09,Stanislaus,099,539301,13157,10264,119,10383,106
2020-08-09,Sutter,101,95872,1034,857,1,858,7
2020-08-09,Tehama,103,63373,319,265,2,267,1
2020-08-09,Trinity,105,12862,31,5,6,11,0
2020-08-09,Tulare,107,460477,12607,10630,35,10665,194
2020-08-09,Tuolumne,109,53932,161,143,2,145,1
2020-08-09,Ventura,111,848112,9746,8633,47,8680,85
2020-08-09,Yolo,113,214977,2096,1765,4,1769,44
2020-08-09,Yuba,115,75493,629,442,1,443,1
2020-08-08,Alameda,001,1643700,15379,13087,112,13199,204
2020-08-08,Alpine,003,1148,2,2,0,2,0
2020-08-08,Amador,005,37829,244,139,0,139,2
2020-08-08,Butte,007,227075,1393,1140,16,1156,15
2020-08-08,Calaveras,009,45235,168,122,0,122,1
2020-08-08,Colusa,011,21464,409,368,0,368,4
2020-08-08,Contra Costa,013,1133247,11907,9104,34,9138,129
2020-08-08,Del Norte,015,27424,97,69,0,69,0
2020-08-08,El Dorado,017,186661,879,734,3,737,2
2020-08-08,Fresno,019,978130,23870,17538,233,17771,183
2020-08-08,Glenn,021,27897,406,344,0,344,1
2020-08-08,Humboldt,023,135768,305,277,1,278,4
2020-08-08,Imperial,025,180216,10683,8213,5,8218,165
2020-08-08,Inyo,027,18085,113,86,1,87,1
2020-08-08,Kern,029,883053,26933,22803,157,22960,215
2020-08-08,Kings,031,150075,5276,4367,30,4397,49
2020-08-08,Lake,033,64148,264,221,0,221,2
2020-08-08,Lassen,035,31185,698,589,2,591,0
2020-08-08,Los Angeles,037,10098052,217996,206971,737,207708,4974
2020-08-08,Madera,039,155013,3247,2275,13,2288,22
2020-08-08,Marin,041,260295,5697,5118,10,5128,44
2020-08-08,Mariposa,043,17540,65,55,0,55,2
2020-08-08,Mendocino,045,87422,442,264,0,264,1
2020-08-08,Merced,047,269075,6759,4570,3,4573,51
2020-08-08,Modoc,049,8938,7,4,0,4,0
2020-08-08,Mono,051,14174,160,113,2,115,1
2020-08-08,Monterey,053,433212,6471,5101,19,5120,33
2020-08-08,Napa,055,140530,1271,1062,2,1064,8
2020-08-08,Nevada,057,99092,375,325,13,338,1
2020-08-08,Orange,059,3164182,46255,38688,932,39620,718
2020-08-08,Placer,061,380077,2602,2153,4,2157,20
2020-08-08,Plumas,063,18699,38,27,0,27,0
2020-08-08,Riverside,065,2383286,48396,41412,50,41462,823
2020-08-08,Sacramento,067,1510023,14627,11144,14,11158,166
2020-08-08,San Benito,069,59416,805,684,0,684,2
2020-08-08,San Bernardino,071,2135413,43711,35691,207,35898,531
2020-08-08,San Diego,073,3302833,34757,32332,84,32416,593
2020-08-08,San Francisco,075,870044,8129,6820,8,6828,66
2020-08-08,San Joaquin,077,732212,16064,12559,20,12579,240
2020-08-08,San Luis Obispo,079,281455,2468,2081,14,2095,15
2020-08-08,San Mateo,081,765935,7264,6021,7,6028,117
2020-08-08,Santa Barbara,083,443738,7314,6598,66,6664,66
2020-08-08,Santa Clara,085,1922200,14928,11615,33,11648,181
2020-08-08,Santa Cruz,087,273765,1504,1247,10,1257,4
2020-08-08,Shasta,089,179085,545,343,3,346,9
2020-08-08,Sierra,091,2930,5,3,0,3,0
2020-08-08,Siskiyou,093,43540,112,73,0,73,0
2020-08-08,Solano,095,438530,4722,3889,29,3918,31
2020-08-08,Sonoma,097,501317,4368,3399,8,3407,41
2020-08-08,Stanislaus,099,539301,13082,9963,114,10077,105
2020-08-08,Sutter,101,95872,1024,830,1,831,7
2020-08-08,Tehama,103,63373,318,251,2,253,1
2020-08-08,Trinity,105,12862,31,5,6,11,0
2020-08-08,Tulare,107,460477,12532,10505,35,10540,192
2020-08-08,Tuolumne,109,53932,161,143,2,145,1
2020-08-08,Ventura,111,848112,9691,8462,46,8508,85
2020-08-08,Yolo,113,214977,2083,1725,4,1729,44
2020-08-08,Yuba,115,75493,620,430,1,431,1
2020-08-07,Alameda,001,1643700,15269,12805,112,12917,204
2020-08-07,Alpine,003,1148,2,2,0,2,0
2020-08-07,Amador,005,37829,242,125,0,125,2
2020-08-07,Butte,007,227075,1375,1092,16,1108,13
2020-08-07,Calaveras,009,45235,168,119,0,119,1
2020-08-07,Colusa,011,21464,408,358,0,358,4
2020-08-07,Contra Costa,013,1133247,11759,8810,34,8844,126
2020-08-07,Del Norte,015,27424,97,69,0,69,0
2020-08-07,El Dorado,017,186661,874,724,3,727,2
2020-08-07,Fresno,019,978130,23710,17290,233,17523,171
2020-08-07,Glenn,021,27897,405,339,0,339,1
2020-08-07,Humboldt,023,135768,301,274,1,275,4
2020-08-07,Imperial,025,180216,10658,8085,5,8090,164
2020-08-07,Inyo,027,18085,112,81,1,82,1
2020-08-07,Kern,029,883053,26807,22143,154,22297,206
2020-08-07,Kings,031,150075,5259,4315,30,4345,48
2020-08-07,Lake,033,64148,262,215,0,215,1
2020-08-07,Lassen,035,31185,697,588,2,590,0
2020-08-07,Los Angeles,037,10098052,216529,204406,725,205131,4924
2020-08-07,Madera,039,155013,3215,2245,13,2258,20
2020-08-07,Marin,041,260295,5668,5094,10,5104,43
2020-08-07,Mariposa,043,17540,65,53,0,53,2
2020-08-07,Mendocino,045,87422,428,262,0,262,1
2020-08-07,Merced,047,269075,6716,4358,3,4361,30
2020-08-07,Modoc,049,8938,7,4,0,4,0
2020-08-07,Mono,051,14174,160,112,2,114,1
2020-08-07,Monterey,053,433212,6396,5041,19,5060,33
2020-08-07,Napa,055,140530,1266,1055,2,1057,8
2020-08-07,Nevada,057,99092,372,324,13,337,1
2020-08-07,Orange,059,3164182,46043,38459,915,39374,701
2020-08-07,Placer,061,380077,2584,2078,4,2082,20
2020-08-07,Plumas,063,18699,38,25,0,25,0
2020-08-07,Riverside,065,2383286,48132,40902,49,40951,810
2020-08-07,Sacramento,067,1510023,14482,10798,14,10812,160
2020-08-07,San Benito,069,59416,799,647,0,647,2
2020-08-07,San Bernardino,071,2135413,43464,35200,206,35406,524
2020-08-07,San Diego,073,3302833,34572,31781,81,31862,586
2020-08-07,San Francisco,075,870044,8051,6765,8,6773,66
2020-08-07,San Joaquin,077,732212,15979,12392,20,12412,223
2020-08-07,San Luis Obispo,079,281455,2437,2050,14,2064,14
2020-08-07,San Mateo,081,765935,7204,5948,7,5955,117
2020-08-07,Santa Barbara,083,443738,7263,6509,66,6575,66
2020-08-07,Santa Clara,085,1922200,14729,11409,33,11442,180
2020-08-07,Santa Cruz,087,273765,1486,1234,10,1244,5
2020-08-07,Shasta,089,179085,540,342,3,345,9
2020-08-07,Sierra,091,2930,5,3,0,3,0
2020-08-07,Siskiyou,093,43540,109,73,0,73,0
2020-08-07,Solano,095,438530,4690,3844,28,3872,31
2020-08-07,Sonoma,097,501317,4304,3329,8,3337,34
2020-08-07,Stanislaus,099,539301,12960,9665,104,9769,98
2020-08-07,Sutter,101,95872,1020,807,1,808,6
2020-08-07,Tehama,103,63373,314,246,2,248,1
2020-08-07,Trinity,105,12862,30,5,6,11,0
2020-08-07,Tulare,107,460477,12455,10292,35,10327,195
2020-08-07,Tuolumne,109,53932,160,136,2,138,1
2020-08-07,Ventura,111,848112,9631,8356,44,8400,84
2020-08-07,Yolo,113,214977,2056,1689,4,1693,37
2020-08-07,Yuba,115,75493,615,413,1,414,1
2020-08-06,Alameda,001,1643700,15047,12474,111,12585,200
2020-08-06,Alpine,003,1148,2,2,0,2,0
2020-08-06,Amador,005,37829,228,125,0,125,0
2020-08-06,Butte,007,227075,1356,1060,16,1076,13
2020-08-06,Calaveras,009,45235,166,117,0,117,1
2020-08-06,Colusa,011,21464,405,358,0,358,3
2020-08-06,Contra Costa,013,1133247,11565,8583,33,8616,124
2020-08-06,Del Norte,015,27424,97,69,0,69,0
2020-08-06,El Dorado,017,186661,863,703,3,706,1
2020-08-06,Fresno,019,978130,23412,17031,226,17257,161
2020-08-06,Glenn,021,27897,400,332,0,332,1
2020-08-06,Humboldt,023,135768,296,266,1,267,4
2020-08-06,Imperial,025,180216,10615,8064,5,8069,163
2020-08-06,Inyo,027,18085,104,83,1,84,1
2020-08-06,Kern,029,883053,26571,21843,153,21996,197
2020-08-06,Kings,031,150075,5197,4264,29,4293,47
2020-08-06,Lake,033,64148,259,209,0,209,1
2020-08-06,Lassen,035,31185,695,588,2,590,0
2020-08-06,Los Angeles,037,10098052,214456,201372,709,202081,4874
2020-08-06,Madera,039,155013,3167,2240,12,2252,19
2020-08-06,Marin,041,260295,5636,5058,10,5068,43
2020-08-06,Mariposa,043,17540,64,52,0,52,2
2020-08-06,Mendocino,045,87422,414,260,0,260,1
2020-08-06,Merced,047,269075,6614,4235,3,4238,30
2020-08-06,Modoc,049,8938,7,4,0,4,0
2020-08-06,Mono,051,14174,159,111,2,113,1
2020-08-06,Monterey,053,433212,6287,5001,18,5019,33
2020-08-06,Napa,055,140530,1252,1032,2,1034,8
2020-08-06,Nevada,057,99092,367,321,13,334,1
2020-08-06,Orange,059,3164182,45751,38399,910,39309,694
2020-08-06,Placer,061,380077,2558,2045,4,2049,20
2020-08-06,Plumas,063,18699,37,25,0,25,0
2020-08-06,Riverside,065,2383286,47738,40269,49,40318,781
2020-08-06,Sacramento,067,1510023,14253,10548,14,10562,153
2020-08-06,San Benito,069,59416,791,626,0,626,2
2020-08-06,San Bernardino,071,2135413,43059,34819,204,35023,516
2020-08-06,San Diego,073,3302833,34305,31129,74,31203,583
2020-08-06,San Francisco,075,870044,7958,6737,7,6744,60
2020-08-06,San Joaquin,077,732212,15819,12269,20,12289,203
2020-08-06,San Luis Obispo,079,281455,2413,2000,13,2013,13
2020-08-06,San Mateo,081,765935,7104,5885,7,5892,117
2020-08-06,Santa Barbara,083,443738,7203,6620,66,6686,65
2020-08-06,Santa Clara,085,1922200,14500,11280,33,11313,178
2020-08-06,Santa Cruz,087,273765,1465,1215,10,1225,4
2020-08-06,Shasta,089,179085,531,343,3,346,9
2020-08-06,Sierra,091,2930,5,3,0,3,0
2020-08-06,Siskiyou,093,43540,109,73,0,73,0
2020-08-06,Solano,095,438530,4646,3784,28,3812,29
2020-08-06,Sonoma,097,501317,4240,3259,8,3267,33
2020-08-06,Stanislaus,099,539301,12810,9566,88,9654,98
2020-08-06,Sutter,101,95872,989,797,1,798,6
2020-08-06,Tehama,103,63373,311,242,2,244,1
2020-08-06,Trinity,105,12862,27,5,6,11,0
2020-08-06,Tulare,107,460477,12295,10169,35,10204,195
2020-08-06,Tuolumne,109,53932,159,136,2,138,1
2020-08-06,Ventura,111,848112,9516,8245,41,8286,80
2020-08-06,Yolo,113,214977,2032,1662,4,1666,36
2020-08-06,Yuba,115,75493,606,407,0,407,1
2020-08-05,Alameda,001,1643700,14833,12140,111,12251,193
2020-08-05,Alpine,003,1148,2,2,0,2,0
2020-08-05,Amador,005,37829,218,123,0,123,0
2020-08-05,Butte,007,227075,1322,1038,15,1053,13
2020-08-05,Calaveras,009,45235,163,116,0,116,1
2020-08-05,Colusa,011,21464,401,354,0,354,3
2020-08-05,Contra Costa,013,1133247,11396,8362,33,8395,122
2020-08-05,Del Norte,015,27424,96,69,0,69,0
2020-08-05,El Dorado,017,186661,855,692,3,695,1
2020-08-05,Fresno,019,978130,23168,16625,221,16846,159
2020-08-05,Glenn,021,27897,397,330,0,330,1
2020-08-05,Humboldt,023,135768,294,249,1,250,4
2020-08-05,Imperial,025,180216,10580,8036,5,8041,163
2020-08-05,Inyo,027,18085,102,62,1,63,1
2020-08-05,Kern,029,883053,26383,21540,148,21688,194
2020-08-05,Kings,031,150075,5152,4192,27,4219,47
2020-08-05,Lake,033,64148,252,209,0,209,1
2020-08-05,Lassen,035,31185,648,557,2,559,0
2020-08-05,Los Angeles,037,10098052,212536,198355,689,199044,4832
2020-08-05,Madera,039,155013,3125,2172,12,2184,19
2020-08-05,Marin,041,260295,5604,5036,10,5046,43
2020-08-05,Mariposa,043,17540,64,52,0,52,2
2020-08-05,Mendocino,045,87422,402,248,0,248,1
2020-08-05,Merced,047,269075,6479,4119,3,4122,30
2020-08-05,Modoc,049,8938,7,3,0,3,0
2020-08-05,Mono,051,14174,159,104,2,106,1
2020-08-05,Monterey,053,433212,6172,4936,18,4954,32
2020-08-05,Napa,055,140530,1240,1020,2,1022,8
2020-08-05,Nevada,057,99092,358,327,13,340,2
2020-08-05,Orange,059,3164182,45442,37907,902,38809,663
2020-08-05,Placer,061,380077,2517,1989,4,1993,18
2020-08-05,Plumas,063,18699,36,25,0,25,0
2020-08-05,Riverside,065,2383286,47346,39454,47,39501,761
2020-08-05,Sacramento,067,1510023,14034,10261,13,10274,151
2020-08-05,San Benito,069,59416,782,613,0,613,2
2020-08-05,San Bernardino,071,2135413,42597,34442,199,34641,504
2020-08-05,San Diego,073,3302833,34081,30866,58,30924,578
2020-08-05,San Francisco,075,870044,7865,6701,7,6708,60
2020-08-05,San Joaquin,077,732212,15656,12148,20,12168,199
2020-08-05,San Luis Obispo,079,281455,2389,1928,13,1941,13
2020-08-05,San Mateo,081,765935,7008,5695,7,5702,116
2020-08-05,Santa Barbara,083,443738,7143,6597,66,6663,63
2020-08-05,Santa Clara,085,1922200,14266,11074,33,11107,176
2020-08-05,Santa Cruz,087,273765,1445,1192,8,1200,4
2020-08-05,Shasta,089,179085,525,338,3,341,9
2020-08-05,Sierra,091,2930,5,3,0,3,0
2020-08-05,Siskiyou,093,43540,105,72,0,72,0
2020-08-05,Solano,095,438530,4595,3750,27,3777,29
2020-08-05,Sonoma,097,501317,4157,3173,8,3181,33
2020-08-05,Stanislaus,099,539301,12651,9408,83,9491,97
2020-08-05,Sutter,101,95872,978,780,1,781,6
2020-08-05,Tehama,103,63373,308,231,2,233,1
2020-08-05,Trinity,105,12862,27,5,6,11,0
2020-08-05,Tulare,107,460477,12154,9924,35,9959,192
2020-08-05,Tuolumne,109,53932,159,137,2,139,0
2020-08-05,Ventura,111,848112,9400,8162,37,8199,75
2020-08-05,Yolo,113,214977,2004,1634,4,1638,36
2020-08-05,Yuba,115,75493,589,400,0,400,1
2020-08-04,Alameda,001,1643700,14616,11983,110,12093,192
2020-08-04,Alpine,003,1148,2,2,0,2,0
2020-08-04,Amador,005,37829,203,123,0,123,0
2020-08-04,Butte,007,227075,1298,1011,15,1026,10
2020-08-04,Calaveras,009,45235,159,116,0,116,1
2020-08-04,Colusa,011,21464,396,354,0,354,3
2020-08-04,Contra Costa,013,1133247,11229,8210,33,8243,122
2020-08-04,Del Norte,015,27424,94,69,0,69,0
2020-08-04,El Dorado,017,186661,845,668,3,671,1
2020-08-04,Fresno,019,978130,22883,16272,214,16486,154
2020-08-04,Glenn,021,27897,396,325,0,325,1
2020-08-04,Humboldt,023,135768,284,241,1,242,4
2020-08-04,Imperial,025,180216,10543,7974,5,7979,163
2020-08-04,Inyo,027,18085,88,59,1,60,1
2020-08-04,Kern,029,883053,26100,21403,148,21551,190
2020-08-04,Kings,031,150075,5087,4163,27,4190,47
2020-08-04,Lake,033,64148,252,206,0,206,1
2020-08-04,Lassen,035,31185,645,556,2,558,0
2020-08-04,Los Angeles,037,10098052,210601,196014,658,196672,4764
2020-08-04,Madera,039,155013,3082,2161,8,2169,19
2020-08-04,Marin,041,260295,5573,5020,9,5029,43
2020-08-04,Mariposa,043,17540,64,51,0,51,2
2020-08-04,Mendocino,045,87422,377,248,0,248,1
2020-08-04,Merced,047,269075,6365,4085,3,4088,30
2020-08-04,Modoc,049,8938,7,3,0,3,0
2020-08-04,Mono,051,14174,158,104,1,105,1
2020-08-04,Monterey,053,433212,6058,4892,18,4910,32
2020-08-04,Napa,055,140530,1227,994,0,994,8
2020-08-04,Nevada,057,99092,357,322,13,335,2
2020-08-04,Orange,059,3164182,45066,37844,895,38739,659
2020-08-04,Placer,061,380077,2480,1964,4,1968,17
2020-08-04,Plumas,063,18699,36,25,0,25,0
2020-08-04,Riverside,065,2383286,46961,38991,46,39037,743
2020-08-04,Sacramento,067,1510023,13816,10205,13,10218,146
2020-08-04,San Benito,069,59416,766,608,0,608,2
2020-08-04,San Bernardino,071,2135413,42047,34215,194,34409,495
2020-08-04,San Diego,073,3302833,33788,30518,46,30564,568
2020-08-04,San Francisco,075,870044,7777,6568,7,6575,60
2020-08-04,San Joaquin,077,732212,15527,12087,17,12104,189
2020-08-04,San Luis Obispo,079,281455,2359,1886,13,1899,13
2020-08-04,San Mateo,081,765935,6902,5690,7,5697,116
2020-08-04,Santa Barbara,083,443738,7083,6591,66,6657,61
2020-08-04,Santa Clara,085,1922200,13965,10986,32,11018,175
2020-08-04,Santa Cruz,087,273765,1426,1202,8,1210,4
2020-08-04,Shasta,089,179085,519,335,3,338,9
2020-08-04,Sierra,091,2930,5,1,0,1,0
2020-08-04,Siskiyou,093,43540,103,71,0,71,0
2020-08-04,Solano,095,438530,4524,3690,27,3717,29
2020-08-04,Sonoma,097,501317,4090,3108,8,3116,33
2020-08-04,Stanislaus,099,539301,12482,9359,75,9434,97
2020-08-04,Sutter,101,95872,964,761,1,762,6
2020-08-04,Tehama,103,63373,301,226,2,228,1
2020-08-04,Trinity,105,12862,27,5,6,11,0
2020-08-04,Tulare,107,460477,11974,9866,35,9901,192
2020-08-04,Tuolumne,109,53932,158,127,2,129,0
2020-08-04,Ventura,111,848112,9286,8134,35,8169,75
2020-08-04,Yolo,113,214977,1978,1626,4,1630,37
2020-08-04,Yuba,115,75493,574,398,0,398,1
2020-08-03,Alameda,001,1643700,14432,11817,106,11923,189
2020-08-03,Alpine,003,1148,2,2,0,2,0
2020-08-03,Amador,005,37829,199,119,0,119,0
2020-08-03,Butte,007,227075,1252,989,14,1003,9
2020-08-03,Calaveras,009,45235,156,117,0,117,1
2020-08-03,Colusa,011,21464,392,336,0,336,2
2020-08-03,Contra Costa,013,1133247,11032,8069,30,8099,120
2020-08-03,Del Norte,015,27424,90,68,0,68,0
2020-08-03,El Dorado,017,186661,834,645,3,648,1
2020-08-03,Fresno,019,978130,22589,15945,208,16153,151
2020-08-03,Glenn,021,27897,389,316,0,316,1
2020-08-03,Humboldt,023,135768,277,234,1,235,4
2020-08-03,Imperial,025,180216,10488,7953,5,7958,161
2020-08-03,Inyo,027,18085,85,57,1,58,1
2020-08-03,Kern,029,883053,25733,21285,141,21426,176
2020-08-03,Kings,031,150075,4975,4107,26,4133,47
2020-08-03,Lake,033,64148,245,201,0,201,1
2020-08-03,Lassen,035,31185,645,555,2,557,0
2020-08-03,Los Angeles,037,10098052,208567,194103,628,194731,4706
2020-08-03,Madera,039,155013,3033,2143,7,2150,18
2020-08-03,Marin,041,260295,5526,5001,9,5010,43
2020-08-03,Mariposa,043,17540,63,52,0,52,2
2020-08-03,Mendocino,045,87422,354,248,0,248,1
2020-08-03,Merced,047,269075,6243,4028,3,4031,29
2020-08-03,Modoc,049,8938,7,2,0,2,0
2020-08-03,Mono,051,14174,158,104,1,105,1
2020-08-03,Monterey,053,433212,5907,4806,15,4821,28
2020-08-03,Napa,055,140530,1213,973,0,973,8
2020-08-03,Nevada,057,99092,352,315,13,328,2
2020-08-03,Orange,059,3164182,44672,37705,885,38590,651
2020-08-03,Placer,061,380077,2425,1947,3,1950,16
2020-08-03,Plumas,063,18699,36,25,0,25,0
2020-08-03,Riverside,065,2383286,46493,38642,46,38688,740
2020-08-03,Sacramento,067,1510023,13621,10143,13,10156,142
2020-08-03,San Benito,069,59416,754,603,0,603,2
2020-08-03,San Bernardino,071,2135413,41520,33979,188,34167,444
2020-08-03,San Diego,073,3302833,33474,30228,36,30264,565
2020-08-03,San Francisco,075,870044,7683,6319,7,6326,60
2020-08-03,San Joaquin,077,732212,15331,12007,16,12023,189
2020-08-03,San Luis Obispo,079,281455,2317,1863,10,1873,14
2020-08-03,San Mateo,081,765935,6821,5661,7,5668,115
2020-08-03,Santa Barbara,083,443738,7039,6580,66,6646,59
2020-08-03,Santa Clara,085,1922200,13689,10747,32,10779,172
2020-08-03,Santa Cruz,087,273765,1406,1154,8,1162,4
2020-08-03,Shasta,089,179085,512,322,3,325,9
2020-08-03,Sierra,091,2930,5,1,0,1,0
2020-08-03,Siskiyou,093,43540,99,67,0,67,0
2020-08-03,Solano,095,438530,4455,3610,26,3636,29
2020-08-03,Sonoma,097,501317,3989,3079,7,3086,33
2020-08-03,Stanislaus,099,539301,12273,9308,67,9375,96
2020-08-03,Sutter,101,95872,940,713,1,714,6
2020-08-03,Tehama,103,63373,293,225,2,227,1
2020-08-03,Trinity,105,12862,27,5,6,11,0
2020-08-03,Tulare,107,460477,11790,9703,35,9738,188
2020-08-03,Tuolumne,109,53932,158,123,2,125,0
2020-08-03,Ventura,111,848112,9195,8084,32,8116,74
2020-08-03,Yolo,113,214977,1943,1598,3,1601,37
2020-08-03,Yuba,115,75493,550,393,0,393,1
2020-08-02,Alameda,001,1643700,14186,11696,94,11790,188
2020-08-02,Alpine,003,1148,2,2,0,2,0
2020-08-02,Amador,005,37829,194,117,0,117,0
2020-08-02,Butte,007,227075,1217,987,14,1001,9
2020-08-02,Calaveras,009,45235,153,116,0,116,1
2020-08-02,Colusa,011,21464,387,335,0,335,2
2020-08-02,Contra Costa,013,1133247,10793,7995,30,8025,118
2020-08-02,Del Norte,015,27424,89,68,0,68,0
2020-08-02,El Dorado,017,186661,824,643,3,646,1
2020-08-02,Fresno,019,978130,22314,15759,202,15961,151
2020-08-02,Glenn,021,27897,388,315,0,315,1
2020-08-02,Humboldt,023,135768,272,232,1,233,4
2020-08-02,Imperial,025,180216,10425,7919,5,7924,157
2020-08-02,Inyo,027,18085,84,45,1,46,1
2020-08-02,Kern,029,883053,25435,21162,139,21301,176
2020-08-02,Kings,031,150075,4913,3964,25,3989,47
2020-08-02,Lake,033,64148,240,201,0,201,1
2020-08-02,Lassen,035,31185,645,555,2,557,0
2020-08-02,Los Angeles,037,10098052,206479,192480,610,193090,4698
2020-08-02,Madera,039,155013,2967,2123,5,2128,18
2020-08-02,Marin,041,260295,5491,4985,9,4994,43
2020-08-02,Mariposa,043,17540,61,52,0,52,2
2020-08-02,Mendocino,045,87422,344,247,0,247,1
2020-08-02,Merced,047,269075,6101,4011,3,4014,29
2020-08-02,Modoc,049,8938,7,2,0,2,0
2020-08-02,Mono,051,14174,151,104,1,105,1
2020-08-02,Monterey,053,433212,5781,4698,15,4713,28
2020-08-02,Napa,055,140530,1198,956,0,956,8
2020-08-02,Nevada,057,99092,349,314,13,327,2
2020-08-02,Orange,059,3164182,44291,37266,874,38140,651
2020-08-02,Placer,061,380077,2386,1920,3,1923,15
2020-08-02,Plumas,063,18699,36,25,0,25,0
2020-08-02,Riverside,065,2383286,46060,38507,45,38552,735
2020-08-02,Sacramento,067,1510023,13342,10099,13,10112,142
2020-08-02,San Benito,069,59416,740,599,0,599,2
2020-08-02,San Bernardino,071,2135413,40918,33643,184,33827,443
2020-08-02,San Diego,073,3302833,33134,29885,27,29912,565
2020-08-02,San Francisco,075,870044,7565,6297,7,6304,60
2020-08-02,San Joaquin,077,732212,15045,11937,14,11951,189
2020-08-02,San Luis Obispo,079,281455,2254,1821,10,1831,14
2020-08-02,San Mateo,081,765935,6706,5618,7,5625,115
2020-08-02,Santa Barbara,083,443738,6949,6532,66,6598,59
2020-08-02,Santa Clara,085,1922200,13470,10577,32,10609,172
2020-08-02,Santa Cruz,087,273765,1386,1162,8,1170,4
2020-08-02,Shasta,089,179085,508,318,3,321,9
2020-08-02,Sierra,091,2930,4,1,0,1,0
2020-08-02,Siskiyou,093,43540,99,65,0,65,0
2020-08-02,Solano,095,438530,4397,3609,26,3635,29
2020-08-02,Sonoma,097,501317,3905,3005,7,3012,33
2020-08-02,Stanislaus,099,539301,12058,9277,62,9339,96
2020-08-02,Sutter,101,95872,905,714,1,715,6
2020-08-02,Tehama,103,63373,287,222,2,224,1
2020-08-02,Trinity,105,12862,27,5,6,11,0
2020-08-02,Tulare,107,460477,11581,9593,35,9628,188
2020-08-02,Tuolumne,109,53932,155,123,2,125,0
2020-08-02,Ventura,111,848112,9048,8014,32,8046,73
2020-08-02,Yolo,113,214977,1918,1588,3,1591,37
2020-08-02,Yuba,115,75493,530,393,0,393,1
2020-08-01,Alameda,001,1643700,14074,11590,94,11684,188
2020-08-01,Alpine,003,1148,2,2,0,2,0
2020-08-01,Amador,005,37829,190,109,0,109,0
2020-08-01,Butte,007,227075,1203,976,14,990,9
2020-08-01,Calaveras,009,45235,149,116,0,116,1
2020-08-01,Colusa,011,21464,386,327,0,327,2
2020-08-01,Contra Costa,013,1133247,10660,7867,29,7896,116
2020-08-01,Del Norte,015,27424,89,68,0,68,0
2020-08-01,El Dorado,017,186661,821,637,3,640,1
2020-08-01,Fresno,019,978130,22177,15448,202,15650,149
2020-08-01,Glenn,021,27897,387,311,0,311,1
2020-08-01,Humboldt,023,135768,271,232,1,233,4
2020-08-01,Imperial,025,180216,10389,7919,5,7924,156
2020-08-01,Inyo,027,18085,82,45,1,46,1
2020-08-01,Kern,029,883053,25277,20796,135,20931,176
2020-08-01,Kings,031,150075,4887,3948,25,3973,47
2020-08-01,Lake,033,64148,238,194,0,194,1
2020-08-01,Lassen,035,31185,644,555,2,557,0
2020-08-01,Los Angeles,037,10098052,205586,191023,583,191606,4674
2020-08-01,Madera,039,155013,2928,2103,5,2108,18
2020-08-01,Marin,041,260295,5476,4945,9,4954,43
2020-08-01,Mariposa,043,17540,61,50,0,50,2
2020-08-01,Mendocino,045,87422,337,243,0,243,1
2020-08-01,Merced,047,269075,6053,3972,3,3975,29
2020-08-01,Modoc,049,8938,7,2,0,2,0
2020-08-01,Mono,051,14174,150,104,1,105,1
2020-08-01,Monterey,053,433212,5714,4611,14,4625,28
2020-08-01,Napa,055,140530,1189,923,0,923,8
2020-08-01,Nevada,057,99092,345,305,13,318,2
2020-08-01,Orange,059,3164182,44064,36703,868,37571,648
2020-08-01,Placer,061,380077,2352,1891,3,1894,14
2020-08-01,Plumas,063,18699,35,25,0,25,0
2020-08-01,Riverside,065,2383286,45848,38216,43,38259,704
2020-08-01,Sacramento,067,1510023,13191,10044,13,10057,141
2020-08-01,San Benito,069,59416,729,579,0,579,2
2020-08-01,San Bernardino,071,2135413,40682,32947,183,33130,440
2020-08-01,San Diego,073,3302833,32917,29579,19,29598,565
2020-08-01,San Francisco,075,870044,7503,6296,7,6303,60
2020-08-01,San Joaquin,077,732212,14972,11807,13,11820,189
2020-08-01,San Luis Obispo,079,281455,2225,1798,10,1808,13
2020-08-01,San Mateo,081,765935,6652,5520,7,5527,115
2020-08-01,Santa Barbara,083,443738,6909,6465,66,6531,59
2020-08-01,Santa Clara,085,1922200,13319,10281,31,10312,171
2020-08-01,Santa Cruz,087,273765,1370,1164,8,1172,4
2020-08-01,Shasta,089,179085,503,312,3,315,9
2020-08-01,Sierra,091,2930,3,1,0,1,0
2020-08-01,Siskiyou,093,43540,99,64,0,64,0
2020-08-01,Solano,095,438530,4363,3591,25,3616,29
2020-08-01,Sonoma,097,501317,3859,2890,7,2897,29
2020-08-01,Stanislaus,099,539301,11940,9221,54,9275,96
2020-08-01,Sutter,101,95872,901,714,1,715,6
2020-08-01,Tehama,103,63373,284,220,2,222,1
2020-08-01,Trinity,105,12862,27,5,6,11,0
2020-08-01,Tulare,107,460477,11513,9520,35,9555,188
2020-08-01,Tuolumne,109,53932,155,123,2,125,0
2020-08-01,Ventura,111,848112,9002,7819,32,7851,73
2020-08-01,Yolo,113,214977,1908,1557,3,1560,37
2020-08-01,Yuba,115,75493,525,387,0,387,1
2020-07-31,Alameda,001,1643700,13943,11441,94,11535,187
2020-07-31,Alpine,003,1148,2,2,0,2,0
2020-07-31,Amador,005,37829,189,98,0,98,0
2020-07-31,Butte,007,227075,1180,925,14,939,7
2020-07-31,Calaveras,009,45235,149,112,0,112,1
2020-07-31,Colusa,011,21464,376,319,0,319,2
2020-07-31,Contra Costa,013,1133247,10512,7697,28,7725,113
2020-07-31,Del Norte,015,27424,88,68,0,68,0
2020-07-31,El Dorado,017,186661,810,616,3,619,1
2020-07-31,Fresno,019,978130,21957,15083,202,15285,133
2020-07-31,Glenn,021,27897,380,304,0,304,1
2020-07-31,Humboldt,023,135768,264,229,1,230,4
2020-07-31,Imperial,025,180216,10357,7886,5,7891,155
2020-07-31,Inyo,027,18085,72,45,1,46,1
2020-07-31,Kern,029,883053,25036,20061,131,20192,173
2020-07-31,Kings,031,150075,4859,3807,25,3832,45
2020-07-31,Lake,033,64148,237,191,0,191,1
2020-07-31,Lassen,035,31185,639,544,2,546,0
2020-07-31,Los Angeles,037,10098052,203986,188688,570,189258,4628
2020-07-31,Madera,039,155013,2881,2036,5,2041,19
2020-07-31,Marin,041,260295,5432,4885,6,4891,43
2020-07-31,Mariposa,043,17540,61,49,0,49,2
2020-07-31,Mendocino,045,87422,322,232,0,232,1
2020-07-31,Merced,047,269075,5970,3789,3,3792,30
2020-07-31,Modoc,049,8938,6,0,0,0,0
2020-07-31,Mono,051,14174,149,104,1,105,1
2020-07-31,Monterey,053,433212,5622,4493,14,4507,24
2020-07-31,Napa,055,140530,1177,897,0,897,7
2020-07-31,Nevada,057,99092,343,302,13,315,2
2020-07-31,Orange,059,3164182,43765,36196,852,37048,620
2020-07-31,Placer,061,380077,2327,1853,3,1856,14
2020-07-31,Plumas,063,18699,34,25,0,25,0
2020-07-31,Riverside,065,2383286,45458,37612,42,37654,694
2020-07-31,Sacramento,067,1510023,13013,9872,13,9885,132
2020-07-31,San Benito,069,59416,721,567,0,567,2
2020-07-31,San Bernardino,071,2135413,40352,32332,182,32514,434
2020-07-31,San Diego,073,3302833,32683,29050,11,29061,561
2020-07-31,San Francisco,075,870044,7404,6126,7,6133,60
2020-07-31,San Joaquin,077,732212,14832,11561,13,11574,177
2020-07-31,San Luis Obispo,079,281455,2156,1746,10,1756,12
2020-07-31,San Mateo,081,765935,6580,5416,7,5423,115
2020-07-31,Santa Barbara,083,443738,6842,6375,66,6441,58
2020-07-31,Santa Clara,085,1922200,13098,9863,31,9894,171
2020-07-31,Santa Cruz,087,273765,1347,1118,8,1126,4
2020-07-31,Shasta,089,179085,493,305,3,308,9
2020-07-31,Sierra,091,2930,3,1,0,1,0
2020-07-31,Siskiyou,093,43540,97,61,0,61,0
2020-07-31,Solano,095,438530,4316,3510,24,3534,29
2020-07-31,Sonoma,097,501317,3801,2745,7,2752,27
2020-07-31,Stanislaus,099,539301,11833,9061,49,9110,94
2020-07-31,Sutter,101,95872,896,714,1,715,6
2020-07-31,Tehama,103,63373,281,213,2,215,1
2020-07-31,Trinity,105,12862,27,5,6,11,0
2020-07-31,Tulare,107,460477,11392,9365,35,9400,184
2020-07-31,Tuolumne,109,53932,155,120,2,122,0
2020-07-31,Ventura,111,848112,8927,7521,32,7553,71
2020-07-31,Yolo,113,214977,1882,1522,3,1525,38
2020-07-31,Yuba,115,75493,516,369,0,369,1
2020-07-30,Alameda,001,1643700,13740,11303,54,11357,185
2020-07-30,Alpine,003,1148,2,2,0,2,0
2020-07-30,Amador,005,37829,171,97,0,97,0
2020-07-30,Butte,007,227075,1164,915,14,929,7
2020-07-30,Calaveras,009,45235,145,111,0,111,1
2020-07-30,Colusa,011,21464,373,315,0,315,2
2020-07-30,Contra Costa,013,1133247,10327,7615,27,7642,112
2020-07-30,Del Norte,015,27424,88,68,0,68,0
2020-07-30,El Dorado,017,186661,803,608,3,611,1
2020-07-30,Fresno,019,978130,21621,14793,196,14989,133
2020-07-30,Glenn,021,27897,373,297,0,297,1
2020-07-30,Humboldt,023,135768,262,228,1,229,4
2020-07-30,Imperial,025,180216,10298,7849,5,7854,151
2020-07-30,Inyo,027,18085,68,44,1,45,1
2020-07-30,Kern,029,883053,24743,19552,127,19679,171
2020-07-30,Kings,031,150075,4755,3785,25,3810,43
2020-07-30,Lake,033,64148,231,181,0,181,1
2020-07-30,Lassen,035,31185,636,544,2,546,0
2020-07-30,Los Angeles,037,10098052,201955,186177,538,186715,4564
2020-07-30,Madera,039,155013,2811,2007,5,2012,18
2020-07-30,Marin,041,260295,5390,4835,5,4840,39
2020-07-30,Mariposa,043,17540,61,49,0,49,1
2020-07-30,Mendocino,045,87422,315,232,0,232,1
2020-07-30,Merced,047,269075,5805,3695,3,3698,30
2020-07-30,Modoc,049,8938,6,0,0,0,0
2020-07-30,Mono,051,14174,148,104,1,105,1
2020-07-30,Monterey,053,433212,5510,4352,14,4366,24
2020-07-30,Napa,055,140530,1160,874,0,874,7
2020-07-30,Nevada,057,99092,338,292,13,305,2
2020-07-30,Orange,059,3164182,43350,36105,827,36932,607
2020-07-30,Placer,061,380077,2277,1821,3,1824,14
2020-07-30,Plumas,063,18699,33,25,0,25,0
2020-07-30,Riverside,065,2383286,44917,37308,42,37350,685
2020-07-30,Sacramento,067,1510023,12794,9704,13,9717,126
2020-07-30,San Benito,069,59416,708,558,0,558,2
2020-07-30,San Bernardino,071,2135413,39829,32010,182,32192,427
2020-07-30,San Diego,073,3302833,32336,28670,9,28679,558
2020-07-30,San Francisco,075,870044,7304,6107,7,6114,59
2020-07-30,San Joaquin,077,732212,14638,11435,13,11448,161
2020-07-30,San Luis Obispo,079,281455,2120,1703,10,1713,12
2020-07-30,San Mateo,081,765935,6485,5369,7,5376,115
2020-07-30,Santa Barbara,083,443738,6762,6273,66,6339,52
2020-07-30,Santa Clara,085,1922200,12863,9708,30,9738,170
2020-07-30,Santa Cruz,087,273765,1319,1087,8,1095,4
2020-07-30,Shasta,089,179085,489,306,3,309,8
2020-07-30,Sierra,091,2930,3,1,0,1,0
2020-07-30,Siskiyou,093,43540,96,60,0,60,0
2020-07-30,Solano,095,438530,4265,3463,24,3487,29
2020-07-30,Sonoma,097,501317,3730,2684,7,2691,25
2020-07-30,Stanislaus,099,539301,11620,8890,41,8931,94
2020-07-30,Sutter,101,95872,877,698,1,699,6
2020-07-30,Tehama,103,63373,278,208,2,210,1
2020-07-30,Trinity,105,12862,26,4,6,10,0
2020-07-30,Tulare,107,460477,11263,9167,35,9202,177
2020-07-30,Tuolumne,109,53932,154,119,2,121,0
2020-07-30,Ventura,111,848112,8815,7304,30,7334,69
2020-07-30,Yolo,113,214977,1862,1511,3,1514,37
2020-07-30,Yuba,115,75493,503,362,0,362,1
2020-07-29,Alameda,001,1643700,13520,11177,49,11226,180
2020-07-29,Alpine,003,1148,2,2,0,2,0
2020-07-29,Amador,005,37829,163,80,0,80,0
2020-07-29,Butte,007,227075,1138,889,12,901,7
2020-07-29,Calaveras,009,45235,139,107,0,107,1
2020-07-29,Colusa,011,21464,369,302,0,302,2
2020-07-29,Contra Costa,013,1133247,10123,7520,27,7547,108
2020-07-29,Del Norte,015,27424,88,68,0,68,0
2020-07-29,El Dorado,017,186661,793,588,3,591,1
2020-07-29,Fresno,019,978130,21329,14312,196,14508,125
2020-07-29,Glenn,021,27897,366,294,0,294,1
2020-07-29,Humboldt,023,135768,259,221,1,222,4
2020-07-29,Imperial,025,180216,10250,7825,5,7830,147
2020-07-29,Inyo,027,18085,63,44,1,45,1
2020-07-29,Kern,029,883053,24405,19073,124,19197,162
2020-07-29,Kings,031,150075,4707,3755,25,3780,43
2020-07-29,Lake,033,64148,229,179,0,179,1
2020-07-29,Lassen,035,31185,621,513,2,515,0
2020-07-29,Los Angeles,037,10098052,199926,183600,521,184121,4523
2020-07-29,Madera,039,155013,2757,1941,5,1946,18
2020-07-29,Marin,041,260295,5352,4747,5,4752,34
2020-07-29,Mariposa,043,17540,60,47,0,47,1
2020-07-29,Mendocino,045,87422,307,228,0,228,0
2020-07-29,Merced,047,269075,5665,3605,3,3608,25
2020-07-29,Modoc,049,8938,5,0,0,0,0
2020-07-29,Mono,051,14174,145,102,1,103,1
2020-07-29,Monterey,053,433212,5410,4252,14,4266,24
2020-07-29,Napa,055,140530,1132,866,0,866,7
2020-07-29,Nevada,057,99092,334,288,13,301,1
2020-07-29,Orange,059,3164182,42916,35339,816,36155,589
2020-07-29,Placer,061,380077,2245,1798,3,1801,14
2020-07-29,Plumas,063,18699,33,25,0,25,0
2020-07-29,Riverside,065,2383286,44325,36968,42,37010,678
2020-07-29,Sacramento,067,1510023,12548,9538,13,9551,122
2020-07-29,San Benito,069,59416,693,537,0,537,2
2020-07-29,San Bernardino,071,2135413,39340,31168,171,31339,417
2020-07-29,San Diego,073,3302833,32011,28289,8,28297,552
2020-07-29,San Francisco,075,870044,7210,6041,7,6048,56
2020-07-29,San Joaquin,077,732212,14390,11249,10,11259,154
2020-07-29,San Luis Obispo,079,281455,2099,1673,10,1683,11
2020-07-29,San Mateo,081,765935,6397,5305,7,5312,114
2020-07-29,Santa Barbara,083,443738,6695,6215,66,6281,31
2020-07-29,Santa Clara,085,1922200,12656,9567,30,9597,165
2020-07-29,Santa Cruz,087,273765,1295,1051,8,1059,4
2020-07-29,Shasta,089,179085,477,297,3,300,8
2020-07-29,Sierra,091,2930,2,1,0,1,0
2020-07-29,Siskiyou,093,43540,94,58,0,58,0
2020-07-29,Solano,095,438530,4211,3380,24,3404,29
2020-07-29,Sonoma,097,501317,3652,2598,7,2605,26
2020-07-29,Stanislaus,099,539301,11399,8745,35,8780,94
2020-07-29,Sutter,101,95872,849,678,1,679,6
2020-07-29,Tehama,103,63373,274,206,2,208,1
2020-07-29,Trinity,105,12862,26,4,6,10,0
2020-07-29,Tulare,107,460477,11092,9028,35,9063,156
2020-07-29,Tuolumne,109,53932,154,118,2,120,0
2020-07-29,Ventura,111,848112,8710,7161,30,7191,68
2020-07-29,Yolo,113,214977,1836,1488,3,1491,36
2020-07-29,Yuba,115,75493,487,350,0,350,1
2020-07-28,Alameda,001,1643700,13290,10875,48,10923,180
2020-07-28,Alpine,003,1148,2,2,0,2,0
2020-07-28,Amador,005,37829,153,77,0,77,0
2020-07-28,Butte,007,227075,1103,857,12,869,7
2020-07-28,Calaveras,009,45235,138,105,0,105,1
2020-07-28,Colusa,011,21464,363,290,0,290,2
2020-07-28,Contra Costa,013,1133247,9900,7426,27,7453,107
2020-07-28,Del Norte,015,27424,87,68,0,68,0
2020-07-28,El Dorado,017,186661,778,558,3,561,1
2020-07-28,Fresno,019,978130,20993,13933,190,14123,125
2020-07-28,Glenn,021,27897,364,289,0,289,1
2020-07-28,Humboldt,023,135768,258,218,1,219,4
2020-07-28,Imperial,025,180216,10214,7804,5,7809,145
2020-07-28,Inyo,027,18085,61,43,1,44,1
2020-07-28,Kern,029,883053,24042,18834,118,18952,155
2020-07-28,Kings,031,150075,4661,3721,25,3746,41
2020-07-28,Lake,033,64148,225,179,0,179,1
2020-07-28,Lassen,035,31185,615,508,2,510,0
2020-07-28,Los Angeles,037,10098052,197694,179107,498,179605,4435
2020-07-28,Madera,039,155013,2691,1889,5,1894,18
2020-07-28,Marin,041,260295,5283,4698,5,4703,23
2020-07-28,Mariposa,043,17540,58,45,0,45,1
2020-07-28,Mendocino,045,87422,296,222,0,222,0
2020-07-28,Merced,047,269075,5520,3446,3,3449,23
2020-07-28,Modoc,049,8938,4,0,0,0,0
2020-07-28,Mono,051,14174,144,102,1,103,1
2020-07-28,Monterey,053,433212,5290,4047,14,4061,22
2020-07-28,Napa,055,140530,1110,824,0,824,6
2020-07-28,Nevada,057,99092,329,278,13,291,1
2020-07-28,Orange,059,3164182,42458,34832,802,35634,582
2020-07-28,Placer,061,380077,2209,1759,3,1762,14
2020-07-28,Plumas,063,18699,33,22,0,22,0
2020-07-28,Riverside,065,2383286,43723,36458,42,36500,668
2020-07-28,Sacramento,067,1510023,12289,9429,12,9441,117
2020-07-28,San Benito,069,59416,683,503,0,503,2
2020-07-28,San Bernardino,071,2135413,38817,30493,167,30660,412
2020-07-28,San Diego,073,3302833,31661,28007,6,28013,547
2020-07-28,San Francisco,075,870044,7097,5888,7,5895,56
2020-07-28,San Joaquin,077,732212,14107,10958,7,10965,141
2020-07-28,San Luis Obispo,079,281455,2066,1636,10,1646,9
2020-07-28,San Mateo,081,765935,6324,5171,7,5178,114
2020-07-28,Santa Barbara,083,443738,6632,6110,64,6174,31
2020-07-28,Santa Clara,085,1922200,12422,9307,30,9337,165
2020-07-28,Santa Cruz,087,273765,1268,1018,8,1026,4
2020-07-28,Shasta,089,179085,465,275,3,278,8
2020-07-28,Sierra,091,2930,2,1,0,1,0
2020-07-28,Siskiyou,093,43540,90,57,0,57,0
2020-07-28,Solano,095,438530,4164,3292,23,3315,29
2020-07-28,Sonoma,097,501317,3578,2553,7,2560,20
2020-07-28,Stanislaus,099,539301,11177,8492,27,8519,92
2020-07-28,Sutter,101,95872,812,653,0,653,2
2020-07-28,Tehama,103,63373,269,199,2,201,1
2020-07-28,Trinity,105,12862,26,3,6,9,0
2020-07-28,Tulare,107,460477,10905,8787,35,8822,96
2020-07-28,Tuolumne,109,53932,153,116,2,118,0
2020-07-28,Ventura,111,848112,8584,7045,29,7074,68
2020-07-28,Yolo,113,214977,1808,1459,3,1462,36
2020-07-28,Yuba,115,75493,470,333,0,333,1
2020-07-27,Alameda,001,1643700,13063,10645,45,10690,176
2020-07-27,Alpine,003,1148,2,2,0,2,0
2020-07-27,Amador,005,37829,148,72,0,72,0
2020-07-27,Butte,007,227075,1076,843,12,855,7
2020-07-27,Calaveras,009,45235,134,103,0,103,1
2020-07-27,Colusa,011,21464,356,271,0,271,2
2020-07-27,Contra Costa,013,1133247,9678,7256,27,7283,104
2020-07-27,Del Norte,015,27424,86,67,0,67,0
2020-07-27,El Dorado,017,186661,766,548,3,551,1
2020-07-27,Fresno,019,978130,20645,13485,184,13669,117
2020-07-27,Glenn,021,27897,362,277,0,277,1
2020-07-27,Humboldt,023,135768,253,218,1,219,4
2020-07-27,Imperial,025,180216,10164,7789,5,7794,144
2020-07-27,Inyo,027,18085,61,43,1,44,1
2020-07-27,Kern,029,883053,23540,17994,112,18106,148
2020-07-27,Kings,031,150075,4412,3685,25,3710,39
2020-07-27,Lake,033,64148,221,176,0,176,1
2020-07-27,Lassen,035,31185,615,503,2,505,0
2020-07-27,Los Angeles,037,10098052,195266,176351,480,176831,4379
2020-07-27,Madera,039,155013,2626,1793,5,1798,17
2020-07-27,Marin,041,260295,5195,4669,5,4674,22
2020-07-27,Mariposa,043,17540,58,43,0,43,1
2020-07-27,Mendocino,045,87422,282,209,0,209,0
2020-07-27,Merced,047,269075,5380,3292,3,3295,23
2020-07-27,Modoc,049,8938,3,0,0,0,0
2020-07-27,Mono,051,14174,140,99,1,100,1
2020-07-27,Monterey,053,433212,5101,3960,14,3974,21
2020-07-27,Napa,055,140530,1095,769,0,769,6
2020-07-27,Nevada,057,99092,325,268,13,281,1
2020-07-27,Orange,059,3164182,42018,34649,786,35435,566
2020-07-27,Placer,061,380077,2159,1679,3,1682,12
2020-07-27,Plumas,063,18699,33,22,0,22,0
2020-07-27,Riverside,065,2383286,43044,35822,42,35864,667
2020-07-27,Sacramento,067,1510023,11996,9091,12,9103,114
2020-07-27,San Benito,069,59416,668,498,0,498,2
2020-07-27,San Bernardino,071,2135413,38224,29928,157,30085,401
2020-07-27,San Diego,073,3302833,31287,27509,5,27514,533
2020-07-27,San Francisco,075,870044,7010,5825,7,5832,55
2020-07-27,San Joaquin,077,732212,13818,10728,7,10735,129
2020-07-27,San Luis Obispo,079,281455,2021,1612,10,1622,9
2020-07-27,San Mateo,081,765935,6215,5108,7,5115,113
2020-07-27,Santa Barbara,083,443738,6553,6026,62,6088,30
2020-07-27,Santa Clara,085,1922200,12153,9157,29,9186,166
2020-07-27,Santa Cruz,087,273765,1244,984,8,992,4
2020-07-27,Shasta,089,179085,458,275,3,278,8
2020-07-27,Sierra,091,2930,2,1,0,1,0
2020-07-27,Siskiyou,093,43540,88,54,0,54,0
2020-07-27,Solano,095,438530,4097,3198,22,3220,29
2020-07-27,Sonoma,097,501317,3487,2504,7,2511,20
2020-07-27,Stanislaus,099,539301,10951,8288,19,8307,84
2020-07-27,Sutter,101,95872,786,620,0,620,2
2020-07-27,Tehama,103,63373,261,192,2,194,1
2020-07-27,Trinity,105,12862,26,3,6,9,0
2020-07-27,Tulare,107,460477,10687,8462,35,8497,172
2020-07-27,Tuolumne,109,53932,150,115,2,117,0
2020-07-27,Ventura,111,848112,8456,6998,28,7026,68
2020-07-27,Yolo,113,214977,1763,1439,3,1442,33
2020-07-27,Yuba,115,75493,450,328,0,328,1
2020-07-26,Alameda,001,1643700,12825,10489,44,10533,176
2020-07-26,Alpine,003,1148,2,2,0,2,0
2020-07-26,Amador,005,37829,142,67,0,67,0
2020-07-26,Butte,007,227075,1039,822,12,834,5
2020-07-26,Calaveras,009,45235,131,103,0,103,1
2020-07-26,Colusa,011,21464,347,270,0,270,2
2020-07-26,Contra Costa,013,1133247,9441,7095,27,7122,104
2020-07-26,Del Norte,015,27424,84,67,0,67,0
2020-07-26,El Dorado,017,186661,748,539,3,542,1
2020-07-26,Fresno,019,978130,20254,13209,176,13385,117
2020-07-26,Glenn,021,27897,354,265,0,265,1
2020-07-26,Humboldt,023,135768,247,214,1,215,4
2020-07-26,Imperial,025,180216,10091,7781,5,7786,144
2020-07-26,Inyo,027,18085,56,43,1,44,1
2020-07-26,Kern,029,883053,23015,17394,109,17503,148
2020-07-26,Kings,031,150075,4353,3591,25,3616,39
2020-07-26,Lake,033,64148,213,174,0,174,1
2020-07-26,Lassen,035,31185,574,503,2,505,0
2020-07-26,Los Angeles,037,10098052,192695,174322,462,174784,4364
2020-07-26,Madera,039,155013,2539,1744,5,1749,17
2020-07-26,Marin,041,260295,5149,4595,5,4600,22
2020-07-26,Mariposa,043,17540,56,43,0,43,1
2020-07-26,Mendocino,045,87422,273,206,0,206,0
2020-07-26,Merced,047,269075,5200,3251,2,3253,23
2020-07-26,Modoc,049,8938,3,0,0,0,0
2020-07-26,Mono,051,14174,136,82,1,83,1
2020-07-26,Monterey,053,433212,4935,3901,14,3915,21
2020-07-26,Napa,055,140530,1076,769,0,769,6
2020-07-26,Nevada,057,99092,322,261,13,274,1
2020-07-26,Orange,059,3164182,41493,34352,754,35106,564
2020-07-26,Placer,061,380077,2095,1628,3,1631,12
2020-07-26,Plumas,063,18699,33,22,0,22,0
2020-07-26,Riverside,065,2383286,42483,35636,42,35678,665
2020-07-26,Sacramento,067,1510023,11691,8972,12,8984,114
2020-07-26,San Benito,069,59416,656,495,0,495,2
2020-07-26,San Bernardino,071,2135413,37583,29545,148,29693,400
2020-07-26,San Diego,073,3302833,30891,26986,4,26990,533
2020-07-26,San Francisco,075,870044,6902,5823,7,5830,55
2020-07-26,San Joaquin,077,732212,13525,10637,7,10644,129
2020-07-26,San Luis Obispo,079,281455,1978,1565,10,1575,8
2020-07-26,San Mateo,081,765935,6109,5078,7,5085,113
2020-07-26,Santa Barbara,083,443738,6452,5939,62,6001,30
2020-07-26,Santa Clara,085,1922200,11924,8986,29,9015,166
2020-07-26,Santa Cruz,087,273765,1217,970,8,978,4
2020-07-26,Shasta,089,179085,451,265,3,268,8
2020-07-26,Sierra,091,2930,2,1,0,1,0
2020-07-26,Siskiyou,093,43540,86,54,0,54,0
2020-07-26,Solano,095,438530,4017,3197,20,3217,29
2020-07-26,Sonoma,097,501317,3398,2503,6,2509,20
2020-07-26,Stanislaus,099,539301,10690,8228,18,8246,84
2020-07-26,Sutter,101,95872,772,612,0,612,2
2020-07-26,Tehama,103,63373,254,175,2,177,1
2020-07-26,Trinity,105,12862,26,3,6,9,0
2020-07-26,Tulare,107,460477,10481,8392,35,8427,172
2020-07-26,Tuolumne,109,53932,145,113,2,115,0
2020-07-26,Ventura,111,848112,8249,6844,28,6872,67
2020-07-26,Yolo,113,214977,1732,1408,3,1411,33
2020-07-26,Yuba,115,75493,431,313,0,313,1
2020-07-25,Alameda,001,1643700,12728,10361,42,10403,176
2020-07-25,Alpine,003,1148,2,2,0,2,0
2020-07-25,Amador,005,37829,139,67,0,67,0
2020-07-25,Butte,007,227075,1030,810,12,822,5
2020-07-25,Calaveras,009,45235,127,103,0,103,1
2020-07-25,Colusa,011,21464,340,265,0,265,2
2020-07-25,Contra Costa,013,1133247,9296,6920,27,6947,104
2020-07-25,Del Norte,015,27424,84,67,0,67,0
2020-07-25,El Dorado,017,186661,737,528,3,531,1
2020-07-25,Fresno,019,978130,20067,12866,176,13042,117
2020-07-25,Glenn,021,27897,352,260,0,260,1
2020-07-25,Humboldt,023,135768,244,212,1,213,4
2020-07-25,Imperial,025,180216,10065,7727,5,7732,144
2020-07-25,Inyo,027,18085,55,43,1,44,1
2020-07-25,Kern,029,883053,22797,16910,108,17018,148
2020-07-25,Kings,031,150075,4336,3516,25,3541,39
2020-07-25,Lake,033,64148,211,173,0,173,1
2020-07-25,Lassen,035,31185,574,503,2,505,0
2020-07-25,Los Angeles,037,10098052,191564,172611,455,173066,4357
2020-07-25,Madera,039,155013,2507,1724,5,1729,17
2020-07-25,Marin,041,260295,5133,4562,5,4567,22
2020-07-25,Mariposa,043,17540,55,43,0,43,1
2020-07-25,Mendocino,045,87422,267,190,0,190,0
2020-07-25,Merced,047,269075,5121,3176,2,3178,23
2020-07-25,Modoc,049,8938,3,0,0,0,0
2020-07-25,Mono,051,14174,136,82,1,83,1
2020-07-25,Monterey,053,433212,4858,3805,14,3819,21
2020-07-25,Napa,055,140530,1063,746,0,746,6
2020-07-25,Nevada,057,99092,320,257,13,270,1
2020-07-25,Orange,059,3164182,41274,33978,733,34711,561
2020-07-25,Placer,061,380077,2079,1596,3,1599,12
2020-07-25,Plumas,063,18699,33,22,0,22,0
2020-07-25,Riverside,065,2383286,42214,34921,42,34963,655
2020-07-25,Sacramento,067,1510023,11545,8674,12,8686,113
2020-07-25,San Benito,069,59416,640,492,0,492,2
2020-07-25,San Bernardino,071,2135413,37305,29265,145,29410,394
2020-07-25,San Diego,073,3302833,30630,26703,3,26706,533
2020-07-25,San Francisco,075,870044,6844,5644,7,5651,55
2020-07-25,San Joaquin,077,732212,13399,10347,6,10353,129
2020-07-25,San Luis Obispo,079,281455,1958,1530,9,1539,8
2020-07-25,San Mateo,081,765935,6046,5023,7,5030,113
2020-07-25,Santa Barbara,083,443738,6417,5880,62,5942,30
2020-07-25,Santa Clara,085,1922200,11790,8767,29,8796,166
2020-07-25,Santa Cruz,087,273765,1200,939,8,947,4
2020-07-25,Shasta,089,179085,446,263,1,264,8
2020-07-25,Sierra,091,2930,2,1,0,1,0
2020-07-25,Siskiyou,093,43540,84,54,0,54,0
2020-07-25,Solano,095,438530,3977,3107,18,3125,29
2020-07-25,Sonoma,097,501317,3359,2412,6,2418,20
2020-07-25,Stanislaus,099,539301,10587,7994,15,8009,84
2020-07-25,Sutter,101,95872,753,603,0,603,2
2020-07-25,Tehama,103,63373,253,169,2,171,1
2020-07-25,Trinity,105,12862,26,3,6,9,0
2020-07-25,Tulare,107,460477,10381,8310,35,8345,172
2020-07-25,Tuolumne,109,53932,144,99,2,101,0
2020-07-25,Ventura,111,848112,8176,6662,28,6690,62
2020-07-25,Yolo,113,214977,1717,1357,3,1360,35
2020-07-25,Yuba,115,75493,425,312,0,312,1
2020-07-24,Alameda,001,1643700,12586,10216,39,10255,176
2020-07-24,Alpine,003,1148,2,2,0,2,0
2020-07-24,Amador,005,37829,137,66,0,66,0
2020-07-24,Butte,007,227075,1018,751,12,763,5
2020-07-24,Calaveras,009,45235,123,102,0,102,0
2020-07-24,Colusa,011,21464,337,255,0,255,2
2020-07-24,Contra Costa,013,1133247,9150,6814,27,6841,100
2020-07-24,Del Norte,015,27424,84,66,0,66,0
2020-07-24,El Dorado,017,186661,715,516,3,519,1
2020-07-24,Fresno,019,978130,19841,12564,176,12740,115
2020-07-24,Glenn,021,27897,349,251,0,251,1
2020-07-24,Humboldt,023,135768,241,210,1,211,4
2020-07-24,Imperial,025,180216,10043,7686,5,7691,141
2020-07-24,Inyo,027,18085,55,41,1,42,1
2020-07-24,Kern,029,883053,22556,16124,108,16232,143
2020-07-24,Kings,031,150075,4306,3471,25,3496,39
2020-07-24,Lake,033,64148,209,167,0,167,1
2020-07-24,Lassen,035,31185,574,503,2,505,0
2020-07-24,Los Angeles,037,10098052,189546,169078,444,169522,4302
2020-07-24,Madera,039,155013,2474,1679,5,1684,16
2020-07-24,Marin,041,260295,5106,4517,5,4522,22
2020-07-24,Mariposa,043,17540,55,41,0,41,1
2020-07-24,Mendocino,045,87422,260,188,0,188,0
2020-07-24,Merced,047,269075,5036,3100,2,3102,23
2020-07-24,Modoc,049,8938,3,0,0,0,0
2020-07-24,Mono,051,14174,135,82,1,83,1
2020-07-24,Monterey,053,433212,4786,3748,14,3762,21
2020-07-24,Napa,055,140530,1050,741,0,741,6
2020-07-24,Nevada,057,99092,317,255,13,268,1
2020-07-24,Orange,059,3164182,40987,33530,717,34247,557
2020-07-24,Placer,061,380077,2048,1551,3,1554,12
2020-07-24,Plumas,063,18699,33,22,0,22,0
2020-07-24,Riverside,065,2383286,41791,34513,41,34554,631
2020-07-24,Sacramento,067,1510023,11357,8570,12,8582,110
2020-07-24,San Benito,069,59416,633,485,0,485,2
2020-07-24,San Bernardino,071,2135413,36932,28990,140,29130,386
2020-07-24,San Diego,073,3302833,30330,26100,3,26103,524
2020-07-24,San Francisco,075,870044,6750,5611,7,5618,55
2020-07-24,San Joaquin,077,732212,13250,10190,6,10196,118
2020-07-24,San Luis Obispo,079,281455,1934,1476,9,1485,8
2020-07-24,San Mateo,081,765935,5983,4954,7,4961,112
2020-07-24,Santa Barbara,083,443738,6364,5776,60,5836,30
2020-07-24,Santa Clara,085,1922200,11625,8658,29,8687,165
2020-07-24,Santa Cruz,087,273765,1180,930,8,938,4
2020-07-24,Shasta,089,179085,438,262,1,263,8
2020-07-24,Sierra,091,2930,2,1,0,1,0
2020-07-24,Siskiyou,093,43540,84,53,0,53,0
2020-07-24,Solano,095,438530,3941,3062,15,3077,29
2020-07-24,Sonoma,097,501317,3307,2345,6,2351,20
2020-07-24,Stanislaus,099,539301,10415,7861,12,7873,82
2020-07-24,Sutter,101,95872,742,593,0,593,2
2020-07-24,Tehama,103,63373,245,170,2,172,1
2020-07-24,Trinity,105,12862,25,3,6,9,0
2020-07-24,Tulare,107,460477,10287,8167,33,8200,167
2020-07-24,Tuolumne,109,53932,138,99,2,101,0
2020-07-24,Ventura,111,848112,8091,6553,28,6581,60
2020-07-24,Yolo,113,214977,1703,1329,3,1332,35
2020-07-24,Yuba,115,75493,410,307,0,307,1
2020-07-23,Alameda,001,1643700,12345,9924,39,9963,171
2020-07-23,Alpine,003,1148,2,2,0,2,0
2020-07-23,Amador,005,37829,120,61,0,61,0
2020-07-23,Butte,007,227075,1003,726,11,737,5
2020-07-23,Calaveras,009,45235,116,102,0,102,0
2020-07-23,Colusa,011,21464,329,242,0,242,2
2020-07-23,Contra Costa,013,1133247,8950,6619,25,6644,98
2020-07-23,Del Norte,015,27424,84,66,0,66,0
2020-07-23,El Dorado,017,186661,704,491,3,494,1
2020-07-23,Fresno,019,978130,19485,12164,173,12337,112
2020-07-23,Glenn,021,27897,344,246,0,246,1
2020-07-23,Humboldt,023,135768,240,208,1,209,4
2020-07-23,Imperial,025,180216,9993,7604,5,7609,138
2020-07-23,Inyo,027,18085,53,38,1,39,1
2020-07-23,Kern,029,883053,22149,14491,104,14595,128
2020-07-23,Kings,031,150075,4194,3371,25,3396,39
2020-07-23,Lake,033,64148,200,160,0,160,1
2020-07-23,Lassen,035,31185,571,503,2,505,0
2020-07-23,Los Angeles,037,10098052,186997,167198,417,167615,4265
2020-07-23,Madera,039,155013,2408,1659,4,1663,13
2020-07-23,Marin,041,260295,5054,4423,5,4428,22
2020-07-23,Mariposa,043,17540,55,40,0,40,1
2020-07-23,Mendocino,045,87422,250,178,0,178,0
2020-07-23,Merced,047,269075,4879,2972,2,2974,22
2020-07-23,Modoc,049,8938,3,0,0,0,0
2020-07-23,Mono,051,14174,131,82,1,83,1
2020-07-23,Monterey,053,433212,4669,3655,14,3669,21
2020-07-23,Napa,055,140530,1026,713,0,713,5
2020-07-23,Nevada,057,99092,314,247,13,260,1
2020-07-23,Orange,059,3164182,40490,32863,687,33550,544
2020-07-23,Placer,061,380077,2004,1519,3,1522,12
2020-07-23,Plumas,063,18699,32,21,0,21,0
2020-07-23,Riverside,065,2383286,41186,33833,41,33874,630
2020-07-23,Sacramento,067,1510023,11124,8222,12,8234,108
2020-07-23,San Benito,069,59416,618,478,0,478,2
2020-07-23,San Bernardino,071,2135413,36412,28121,134,28255,369
2020-07-23,San Diego,073,3302833,29956,25109,3,25112,505
2020-07-23,San Francisco,075,870044,6649,5543,7,5550,55
2020-07-23,San Joaquin,077,732212,13031,9861,6,9867,111
2020-07-23,San Luis Obispo,079,281455,1905,1438,9,1447,7
2020-07-23,San Mateo,081,765935,5878,4895,7,4902,113
2020-07-23,Santa Barbara,083,443738,6291,5628,60,5688,30
2020-07-23,Santa Clara,085,1922200,11407,8458,29,8487,165
2020-07-23,Santa Cruz,087,273765,1144,887,8,895,3
2020-07-23,Shasta,089,179085,427,254,1,255,9
2020-07-23,Sierra,091,2930,2,1,0,1,0
2020-07-23,Siskiyou,093,43540,82,53,0,53,0
2020-07-23,Solano,095,438530,3877,2962,13,2975,29
2020-07-23,Sonoma,097,501317,3231,2289,6,2295,18
2020-07-23,Stanislaus,099,539301,10173,7603,12,7615,71
2020-07-23,Sutter,101,95872,709,570,0,570,2
2020-07-23,Tehama,103,63373,239,158,2,160,1
2020-07-23,Trinity,105,12862,24,3,6,9,0
2020-07-23,Tulare,107,460477,10098,7898,33,7931,168
2020-07-23,Tuolumne,109,53932,138,93,2,95,0
2020-07-23,Ventura,111,848112,7967,6303,28,6331,56
2020-07-23,Yolo,113,214977,1684,1279,3,1282,35
2020-07-23,Yuba,115,75493,390,297,0,297,1
2020-07-22,Alameda,001,1643700,12127,9678,38,9716,169
2020-07-22,Alpine,003,1148,2,2,0,2,0
2020-07-22,Amador,005,37829,118,58,0,58,0
2020-07-22,Butte,007,227075,967,694,11,705,5
2020-07-22,Calaveras,009,45235,116,98,0,98,0
2020-07-22,Colusa,011,21464,322,236,0,236,0
2020-07-22,Contra Costa,013,1133247,8724,6401,25,6426,98
2020-07-22,Del Norte,015,27424,84,66,0,66,0
2020-07-22,El Dorado,017,186661,691,466,3,469,1
2020-07-22,Fresno,019,978130,19122,11756,167,11923,110
2020-07-22,Glenn,021,27897,338,236,0,236,1
2020-07-22,Humboldt,023,135768,238,201,1,202,4
2020-07-22,Imperial,025,180216,9933,7533,5,7538,134
2020-07-22,Inyo,027,18085,49,38,1,39,1
2020-07-22,Kern,029,883053,21717,13513,96,13609,127
2020-07-22,Kings,031,150075,4138,3271,25,3296,38
2020-07-22,Lake,033,64148,197,160,0,160,1
2020-07-22,Lassen,035,31185,568,500,2,502,0
2020-07-22,Los Angeles,037,10098052,184345,165242,394,165636,4218
2020-07-22,Madera,039,155013,2333,1578,4,1582,10
2020-07-22,Marin,041,260295,4998,4373,5,4378,23
2020-07-22,Mariposa,043,17540,55,38,0,38,1
2020-07-22,Mendocino,045,87422,243,166,0,166,0
2020-07-22,Merced,047,269075,4753,2828,2,2830,15
2020-07-22,Modoc,049,8938,3,0,0,0,0
2020-07-22,Mono,051,14174,128,82,1,83,1
2020-07-22,Monterey,053,433212,4568,3533,14,3547,20
2020-07-22,Napa,055,140530,1004,687,0,687,5
2020-07-22,Nevada,057,99092,308,239,12,251,1
2020-07-22,Orange,059,3164182,39991,32047,678,32725,522
2020-07-22,Placer,061,380077,1948,1469,3,1472,12
2020-07-22,Plumas,063,18699,31,20,0,20,0
2020-07-22,Riverside,065,2383286,40550,33093,41,33134,612
2020-07-22,Sacramento,067,1510023,10862,8028,11,8039,106
2020-07-22,San Benito,069,59416,604,465,0,465,2
2020-07-22,San Bernardino,071,2135413,35890,26820,123,26943,348
2020-07-22,San Diego,073,3302833,29568,25109,2,25111,505
2020-07-22,San Francisco,075,870044,6545,5473,6,5479,53
2020-07-22,San Joaquin,077,732212,12755,9628,6,9634,102
2020-07-22,San Luis Obispo,079,281455,1859,1373,9,1382,7
2020-07-22,San Mateo,081,765935,5789,4796,7,4803,112
2020-07-22,Santa Barbara,083,443738,6207,5508,58,5566,29
2020-07-22,Santa Clara,085,1922200,11162,8266,29,8295,166
2020-07-22,Santa Cruz,087,273765,1120,866,8,874,3
2020-07-22,Shasta,089,179085,417,246,1,247,9
2020-07-22,Sierra,091,2930,1,1,0,1,0
2020-07-22,Siskiyou,093,43540,81,52,0,52,0
2020-07-22,Solano,095,438530,3816,2839,12,2851,29
2020-07-22,Sonoma,097,501317,3154,2255,6,2261,17
2020-07-22,Stanislaus,099,539301,10002,7401,12,7413,71
2020-07-22,Sutter,101,95872,685,551,0,551,2
2020-07-22,Tehama,103,63373,231,155,2,157,1
2020-07-22,Trinity,105,12862,23,3,6,9,0
2020-07-22,Tulare,107,460477,9865,7640,33,7673,167
2020-07-22,Tuolumne,109,53932,134,91,2,93,0
2020-07-22,Ventura,111,848112,7839,6223,26,6249,56
2020-07-22,Yolo,113,214977,1641,1233,3,1236,34
2020-07-22,Yuba,115,75493,375,288,0,288,1
2020-07-21,Alameda,001,1643700,11913,9390,38,9428,166
2020-07-21,Alpine,003,1148,2,2,0,2,0
2020-07-21,Amador,005,37829,113,55,0,55,0
2020-07-21,Butte,007,227075,922,659,10,669,5
2020-07-21,Calaveras,009,45235,110,96,0,96,0
2020-07-21,Colusa,011,21464,298,227,0,227,0
2020-07-21,Contra Costa,013,1133247,8482,6210,25,6235,98
2020-07-21,Del Norte,015,27424,84,66,0,66,0
2020-07-21,El Dorado,017,186661,683,440,3,443,1
2020-07-21,Fresno,019,978130,18723,11412,161,11573,107
2020-07-21,Glenn,021,27897,331,229,0,229,1
2020-07-21,Humboldt,023,135768,236,198,1,199,4
2020-07-21,Imperial,025,180216,9884,7458,5,7463,128
2020-07-21,Inyo,027,18085,48,38,1,39,1
2020-07-21,Kern,029,883053,21295,11998,90,12088,119
2020-07-21,Kings,031,150075,4073,3187,24,3211,38
2020-07-21,Lake,033,64148,197,157,0,157,1
2020-07-21,Lassen,035,31185,566,474,2,476,0
2020-07-21,Los Angeles,037,10098052,181356,162205,371,162576,4159
2020-07-21,Madera,039,155013,2268,1508,3,1511,10
2020-07-21,Marin,041,260295,4926,4318,5,4323,21
2020-07-21,Mariposa,043,17540,54,37,0,37,1
2020-07-21,Mendocino,045,87422,232,160,0,160,0
2020-07-21,Merced,047,269075,4574,2725,2,2727,15
2020-07-21,Modoc,049,8938,3,0,0,0,0
2020-07-21,Mono,051,14174,124,79,1,80,1
2020-07-21,Monterey,053,433212,4436,3404,13,3417,20
2020-07-21,Napa,055,140530,977,660,0,660,5
2020-07-21,Nevada,057,99092,306,228,10,238,1
2020-07-21,Orange,059,3164182,39494,31356,646,32002,515
2020-07-21,Placer,061,380077,1907,1413,3,1416,11
2020-07-21,Plumas,063,18699,31,19,0,19,0
2020-07-21,Riverside,065,2383286,39848,32231,41,32272,583
2020-07-21,Sacramento,067,1510023,10590,7789,10,7799,102
2020-07-21,San Benito,069,59416,593,444,0,444,2
2020-07-21,San Bernardino,071,2135413,35241,25323,116,25439,343
2020-07-21,San Diego,073,3302833,29119,24522,2,24524,487
2020-07-21,San Francisco,075,870044,6436,5377,6,5383,53
2020-07-21,San Joaquin,077,732212,12426,9150,6,9156,99
2020-07-21,San Luis Obispo,079,281455,1810,1338,9,1347,7
2020-07-21,San Mateo,081,765935,5697,4733,7,4740,111
2020-07-21,Santa Barbara,083,443738,6127,5422,57,5479,29
2020-07-21,Santa Clara,085,1922200,10899,7989,29,8018,164
2020-07-21,Santa Cruz,087,273765,1087,835,8,843,3
2020-07-21,Shasta,089,179085,409,241,1,242,9
2020-07-21,Sierra,091,2930,1,1,0,1,0
2020-07-21,Siskiyou,093,43540,81,48,0,48,0
2020-07-21,Solano,095,438530,3743,2727,12,2739,27
2020-07-21,Sonoma,097,501317,3097,2200,6,2206,17
2020-07-21,Stanislaus,099,539301,9739,6984,12,6996,69
2020-07-21,Sutter,101,95872,669,533,0,533,2
2020-07-21,Tehama,103,63373,221,150,2,152,1
2020-07-21,Trinity,105,12862,23,2,6,8,0
2020-07-21,Tulare,107,460477,9663,7447,33,7480,167
2020-07-21,Tuolumne,109,53932,132,75,2,77,0
2020-07-21,Ventura,111,848112,7707,6131,26,6157,55
2020-07-21,Yolo,113,214977,1587,1204,3,1207,34
2020-07-21,Yuba,115,75493,369,269,0,269,1
2020-07-20,Alameda,001,1643700,11658,9244,37,9281,162
2020-07-20,Alpine,003,1148,2,2,0,2,0
2020-07-20,Amador,005,37829,110,53,0,53,0
2020-07-20,Butte,007,227075,885,586,10,596,4
2020-07-20,Calaveras,009,45235,107,90,0,90,0
2020-07-20,Colusa,011,21464,287,217,0,217,0
2020-07-20,Contra Costa,013,1133247,8274,5823,25,5848,97
2020-07-20,Del Norte,015,27424,84,61,0,61,0
2020-07-20,El Dorado,017,186661,660,407,3,410,0
2020-07-20,Fresno,019,978130,18282,10891,160,11051,106
2020-07-20,Glenn,021,27897,323,225,0,225,1
2020-07-20,Humboldt,023,135768,229,194,1,195,4
2020-07-20,Imperial,025,180216,9844,7337,5,7342,124
2020-07-20,Inyo,027,18085,46,38,1,39,1
2020-07-20,Kern,029,883053,20785,10908,86,10994,118
2020-07-20,Kings,031,150075,4023,3093,24,3117,37
2020-07-20,Lake,033,64148,194,147,0,147,1
2020-07-20,Lassen,035,31185,564,474,2,476,0
2020-07-20,Los Angeles,037,10098052,178393,159202,344,159546,4108
2020-07-20,Madera,039,155013,2193,1433,3,1436,10
2020-07-20,Marin,041,260295,4844,4255,5,4260,21
2020-07-20,Mariposa,043,17540,53,36,0,36,1
2020-07-20,Mendocino,045,87422,219,153,0,153,0
2020-07-20,Merced,047,269075,4404,2584,2,2586,15
2020-07-20,Modoc,049,8938,3,0,0,0,0
2020-07-20,Mono,051,14174,118,78,1,79,1
2020-07-20,Monterey,053,433212,4330,3205,13,3218,19
2020-07-20,Napa,055,140530,942,632,0,632,5
2020-07-20,Nevada,057,99092,298,218,10,228,1
2020-07-20,Orange,059,3164182,38884,30337,616,30953,507
2020-07-20,Placer,061,380077,1856,1364,3,1367,11
2020-07-20,Plumas,063,18699,30,17,0,17,0
2020-07-20,Riverside,065,2383286,39017,31163,41,31204,581
2020-07-20,Sacramento,067,1510023,10262,7369,10,7379,99
2020-07-20,San Benito,069,59416,575,433,0,433,2
2020-07-20,San Bernardino,071,2135413,34430,24226,112,24338,338
2020-07-20,San Diego,073,3302833,28677,24137,2,24139,478
2020-07-20,San Francisco,075,870044,6315,5090,6,5096,53
2020-07-20,San Joaquin,077,732212,12070,8583,6,8589,97
2020-07-20,San Luis Obispo,079,281455,1768,1282,9,1291,6
2020-07-20,San Mateo,081,765935,5596,4609,7,4616,111
2020-07-20,Santa Barbara,083,443738,6017,5266,55,5321,29
2020-07-20,Santa Clara,085,1922200,10670,7711,28,7739,164
2020-07-20,Santa Cruz,087,273765,1055,758,8,766,3
2020-07-20,Shasta,089,179085,394,233,1,234,9
2020-07-20,Sierra,091,2930,1,1,0,1,0
2020-07-20,Siskiyou,093,43540,77,42,0,42,0
2020-07-20,Solano,095,438530,3660,2537,12,2549,26
2020-07-20,Sonoma,097,501317,2990,2148,6,2154,17
2020-07-20,Stanislaus,099,539301,9456,6835,12,6847,58
2020-07-20,Sutter,101,95872,636,507,0,507,2
2020-07-20,Tehama,103,63373,211,146,2,148,1
2020-07-20,Trinity,105,12862,23,2,6,8,0
2020-07-20,Tulare,107,460477,9429,6974,33,7007,166
2020-07-20,Tuolumne,109,53932,131,75,2,77,0
2020-07-20,Ventura,111,848112,7573,5912,26,5938,52
2020-07-20,Yolo,113,214977,1547,1155,3,1158,30
2020-07-20,Yuba,115,75493,349,258,0,258,1
2020-07-19,Alameda,001,1643700,11418,9227,31,9258,162
2020-07-19,Alpine,003,1148,2,2,0,2,0
2020-07-19,Amador,005,37829,103,51,0,51,0
2020-07-19,Butte,007,227075,860,555,10,565,4
2020-07-19,Calaveras,009,45235,105,89,0,89,0
2020-07-19,Colusa,011,21464,279,187,0,187,0
2020-07-19,Contra Costa,013,1133247,7983,5691,23,5714,95
2020-07-19,Del Norte,015,27424,83,61,0,61,0
2020-07-19,El Dorado,017,186661,642,385,3,388,0
2020-07-19,Fresno,019,978130,17758,10639,148,10787,106
2020-07-19,Glenn,021,27897,309,215,0,215,0
2020-07-19,Humboldt,023,135768,221,195,1,196,4
2020-07-19,Imperial,025,180216,9753,7280,5,7285,124
2020-07-19,Inyo,027,18085,42,38,1,39,1
2020-07-19,Kern,029,883053,20168,10094,79,10173,115
2020-07-19,Kings,031,150075,3937,3035,24,3059,37
2020-07-19,Lake,033,64148,189,144,0,144,1
2020-07-19,Lassen,035,31185,545,474,2,476,0
2020-07-19,Los Angeles,037,10098052,174945,156039,321,156360,4100
2020-07-19,Madera,039,155013,2116,1301,3,1304,10
2020-07-19,Marin,041,260295,4789,4172,5,4177,21
2020-07-19,Mariposa,043,17540,49,35,0,35,1
2020-07-19,Mendocino,045,87422,214,137,0,137,0
2020-07-19,Merced,047,269075,4197,2460,2,2462,15
2020-07-19,Modoc,049,8938,3,0,0,0,0
2020-07-19,Mono,051,14174,107,63,1,64,1
2020-07-19,Monterey,053,433212,4210,3079,13,3092,18
2020-07-19,Napa,055,140530,913,612,0,612,5
2020-07-19,Nevada,057,99092,292,210,10,220,1
2020-07-19,Orange,059,3164182,38320,29941,603,30544,505
2020-07-19,Placer,061,380077,1808,1246,3,1249,11
2020-07-19,Plumas,063,18699,30,17,0,17,0
2020-07-19,Riverside,065,2383286,38312,30340,41,30381,581
2020-07-19,Sacramento,067,1510023,9869,6985,10,6995,97
2020-07-19,San Benito,069,59416,559,412,0,412,2
2020-07-19,San Bernardino,071,2135413,33656,23928,100,24028,337
2020-07-19,San Diego,073,3302833,28176,23684,2,23686,478
2020-07-19,San Francisco,075,870044,6169,5094,6,5100,52
2020-07-19,San Joaquin,077,732212,11664,8308,6,8314,93
2020-07-19,San Luis Obispo,079,281455,1724,1262,8,1270,6
2020-07-19,San Mateo,081,765935,5490,4522,7,4529,110
2020-07-19,Santa Barbara,083,443738,5915,5145,52,5197,29
2020-07-19,Santa Clara,085,1922200,10426,7403,28,7431,164
2020-07-19,Santa Cruz,087,273765,1011,753,8,761,3
2020-07-19,Shasta,089,179085,381,218,1,219,9
2020-07-19,Sierra,091,2930,1,1,0,1,0
2020-07-19,Siskiyou,093,43540,75,42,0,42,0
2020-07-19,Solano,095,438530,3555,2551,12,2563,26
2020-07-19,Sonoma,097,501317,2890,2074,6,2080,17
2020-07-19,Stanislaus,099,539301,9160,6508,12,6520,58
2020-07-19,Sutter,101,95872,605,480,0,480,2
2020-07-19,Tehama,103,63373,207,138,2,140,1
2020-07-19,Trinity,105,12862,23,2,6,8,0
2020-07-19,Tulare,107,460477,9181,6856,33,6889,166
2020-07-19,Tuolumne,109,53932,126,75,2,77,0
2020-07-19,Ventura,111,848112,7383,5706,26,5732,52
2020-07-19,Yolo,113,214977,1507,1127,3,1130,30
2020-07-19,Yuba,115,75493,329,240,0,240,1
2020-07-18,Alameda,001,1643700,11281,9089,30,9119,162
2020-07-18,Alpine,003,1148,2,2,0,2,0
2020-07-18,Amador,005,37829,99,49,0,49,0
2020-07-18,Butte,007,227075,851,551,10,561,4
2020-07-18,Calaveras,009,45235,101,89,0,89,0
2020-07-18,Colusa,011,21464,274,182,0,182,0
2020-07-18,Contra Costa,013,1133247,7849,5617,23,5640,95
2020-07-18,Del Norte,015,27424,83,61,0,61,0
2020-07-18,El Dorado,017,186661,639,385,3,388,0
2020-07-18,Fresno,019,978130,17509,10381,146,10527,106
2020-07-18,Glenn,021,27897,303,212,0,212,0
2020-07-18,Humboldt,023,135768,218,189,1,190,4
2020-07-18,Imperial,025,180216,9722,7268,5,7273,124
2020-07-18,Inyo,027,18085,42,38,1,39,1
2020-07-18,Kern,029,883053,19865,9250,76,9326,114
2020-07-18,Kings,031,150075,3897,2996,23,3019,37
2020-07-18,Lake,033,64148,186,142,0,142,1
2020-07-18,Lassen,035,31185,544,474,2,476,0
2020-07-18,Los Angeles,037,10098052,173499,153265,311,153576,4088
2020-07-18,Madera,039,155013,2070,1260,3,1263,9
2020-07-18,Marin,041,260295,4760,4089,5,4094,21
2020-07-18,Mariposa,043,17540,49,35,0,35,1
2020-07-18,Mendocino,045,87422,208,137,0,137,0
2020-07-18,Merced,047,269075,4078,2424,2,2426,15
2020-07-18,Modoc,049,8938,3,0,0,0,0
2020-07-18,Mono,051,14174,105,54,1,55,1
2020-07-18,Monterey,053,433212,4142,3020,13,3033,17
2020-07-18,Napa,055,140530,902,609,0,609,5
2020-07-18,Nevada,057,99092,288,204,9,213,1
2020-07-18,Orange,059,3164182,38001,29603,582,30185,493
2020-07-18,Placer,061,380077,1785,1233,3,1236,11
2020-07-18,Plumas,063,18699,30,17,0,17,0
2020-07-18,Riverside,065,2383286,37958,30245,40,30285,581
2020-07-18,Sacramento,067,1510023,9624,6739,10,6749,95
2020-07-18,San Benito,069,59416,544,407,0,407,2
2020-07-18,San Bernardino,071,2135413,33196,23680,93,23773,336
2020-07-18,San Diego,073,3302833,27873,23116,2,23118,478
2020-07-18,San Francisco,075,870044,6067,5051,6,5057,52
2020-07-18,San Joaquin,077,732212,11451,8118,6,8124,93
2020-07-18,San Luis Obispo,079,281455,1689,1234,8,1242,6
2020-07-18,San Mateo,081,765935,5430,4488,7,4495,110
2020-07-18,Santa Barbara,083,443738,5855,5110,50,5160,29
2020-07-18,Santa Clara,085,1922200,10276,7255,27,7282,164
2020-07-18,Santa Cruz,087,273765,994,751,8,759,3
2020-07-18,Shasta,089,179085,372,216,1,217,9
2020-07-18,Sierra,091,2930,1,1,0,1,0
2020-07-18,Siskiyou,093,43540,71,42,0,42,0
2020-07-18,Solano,095,438530,3514,2503,12,2515,26
2020-07-18,Sonoma,097,501317,2839,2019,6,2025,15
2020-07-18,Stanislaus,099,539301,9025,6344,12,6356,58
2020-07-18,Sutter,101,95872,599,473,0,473,2
2020-07-18,Tehama,103,63373,202,136,2,138,1
2020-07-18,Trinity,105,12862,23,2,6,8,0
2020-07-18,Tulare,107,460477,9090,6810,32,6842,167
2020-07-18,Tuolumne,109,53932,123,75,2,77,0
2020-07-18,Ventura,111,848112,7301,5630,26,5656,52
2020-07-18,Yolo,113,214977,1479,1077,3,1080,30
2020-07-18,Yuba,115,75493,318,237,0,237,1
2020-07-17,Alameda,001,1643700,11141,8893,29,8922,160
2020-07-17,Alpine,003,1148,2,1,0,1,0
2020-07-17,Amador,005,37829,97,48,0,48,0
2020-07-17,Butte,007,227075,837,497,10,507,4
2020-07-17,Calaveras,009,45235,99,86,0,86,0
2020-07-17,Colusa,011,21464,272,146,0,146,0
2020-07-17,Contra Costa,013,1133247,7701,5483,23,5506,93
2020-07-17,Del Norte,015,27424,82,60,0,60,0
2020-07-17,El Dorado,017,186661,623,368,3,371,0
2020-07-17,Fresno,019,978130,17211,9954,146,10100,104
2020-07-17,Glenn,021,27897,296,203,0,203,0
2020-07-17,Humboldt,023,135768,217,185,1,186,4
2020-07-17,Imperial,025,180216,9700,7193,5,7198,120
2020-07-17,Inyo,027,18085,42,38,1,39,1
2020-07-17,Kern,029,883053,19545,8291,75,8366,113
2020-07-17,Kings,031,150075,3858,2978,23,3001,37
2020-07-17,Lake,033,64148,184,139,0,139,1
2020-07-17,Lassen,035,31185,525,391,2,393,0
2020-07-17,Los Angeles,037,10098052,171128,150481,299,150780,4052
2020-07-17,Madera,039,155013,2026,1214,3,1217,9
2020-07-17,Marin,041,260295,4723,3839,5,3844,21
2020-07-17,Mariposa,043,17540,47,35,0,35,1
2020-07-17,Mendocino,045,87422,200,126,0,126,0
2020-07-17,Merced,047,269075,4002,2328,2,2330,12
2020-07-17,Modoc,049,8938,2,0,0,0,0
2020-07-17,Mono,051,14174,100,54,1,55,1
2020-07-17,Monterey,053,433212,4013,2922,13,2935,18
2020-07-17,Napa,055,140530,888,598,0,598,5
2020-07-17,Nevada,057,99092,281,200,9,209,1
2020-07-17,Orange,059,3164182,37538,28962,549,29511,485
2020-07-17,Placer,061,380077,1756,1207,3,1210,11
2020-07-17,Plumas,063,18699,27,16,0,16,0
2020-07-17,Riverside,065,2383286,37359,29639,40,29679,580
2020-07-17,Sacramento,067,1510023,9380,6563,10,6573,95
2020-07-17,San Benito,069,59416,529,399,0,399,2
2020-07-17,San Bernardino,071,2135413,32676,23057,90,23147,322
2020-07-17,San Diego,073,3302833,27485,22491,2,22493,472
2020-07-17,San Francisco,075,870044,5973,4967,6,4973,52
2020-07-17,San Joaquin,077,732212,11207,7925,6,7931,86
2020-07-17,San Luis Obispo,079,281455,1652,1190,8,1198,6
2020-07-17,San Mateo,081,765935,5333,4407,7,4414,110
2020-07-17,Santa Barbara,083,443738,5783,5001,49,5050,29
2020-07-17,Santa Clara,085,1922200,10058,7080,27,7107,164
2020-07-17,Santa Cruz,087,273765,972,716,8,724,3
2020-07-17,Shasta,089,179085,360,213,1,214,8
2020-07-17,Sierra,091,2930,1,1,0,1,0
2020-07-17,Siskiyou,093,43540,70,40,0,40,0
2020-07-17,Solano,095,438530,3465,2452,12,2464,26
2020-07-17,Sonoma,097,501317,2790,1982,6,1988,15
2020-07-17,Stanislaus,099,539301,8851,6220,12,6232,56
2020-07-17,Sutter,101,95872,586,458,0,458,2
2020-07-17,Tehama,103,63373,198,128,2,130,1
2020-07-17,Trinity,105,12862,23,2,6,8,0
2020-07-17,Tulare,107,460477,8954,6671,32,6703,166
2020-07-17,Tuolumne,109,53932,122,73,2,75,0
2020-07-17,Ventura,111,848112,7217,5451,26,5477,51
2020-07-17,Yolo,113,214977,1455,1055,3,1058,30
2020-07-17,Yuba,115,75493,308,231,0,231,1
2020-07-16,Alameda,001,1643700,10907,8719,24,8743,153
2020-07-16,Alpine,003,1148,2,1,0,1,0
2020-07-16,Amador,005,37829,94,46,0,46,0
2020-07-16,Butte,007,227075,800,465,9,474,4
2020-07-16,Calaveras,009,45235,97,82,0,82,0
2020-07-16,Colusa,011,21464,263,140,0,140,0
2020-07-16,Contra Costa,013,1133247,7489,5338,17,5355,91
2020-07-16,Del Norte,015,27424,82,60,0,60,0
2020-07-16,El Dorado,017,186661,606,357,3,360,0
2020-07-16,Fresno,019,978130,16700,9481,137,9618,101
2020-07-16,Glenn,021,27897,287,190,0,190,0
2020-07-16,Humboldt,023,135768,215,184,1,185,4
2020-07-16,Imperial,025,180216,9606,7148,5,7153,113
2020-07-16,Inyo,027,18085,42,38,1,39,1
2020-07-16,Kern,029,883053,19023,7435,73,7508,112
2020-07-16,Kings,031,150075,3691,2937,23,2960,37
2020-07-16,Lake,033,64148,179,128,0,128,1
2020-07-16,Lassen,035,31185,524,355,2,357,0
2020-07-16,Los Angeles,037,10098052,167907,147759,274,148033,3994
2020-07-16,Madera,039,155013,1962,1192,3,1195,8
2020-07-16,Marin,041,260295,4651,3546,5,3551,21
2020-07-16,Mariposa,043,17540,45,34,0,34,1
2020-07-16,Mendocino,045,87422,195,121,0,121,0
2020-07-16,Merced,047,269075,3840,2228,2,2230,12
2020-07-16,Modoc,049,8938,1,0,0,0,0
2020-07-16,Mono,051,14174,97,53,1,54,1
2020-07-16,Monterey,053,433212,3908,2857,12,2869,18
2020-07-16,Napa,055,140530,859,581,0,581,5
2020-07-16,Nevada,057,99092,278,191,9,200,1
2020-07-16,Orange,059,3164182,36836,28525,513,29038,471
2020-07-16,Placer,061,380077,1708,1168,3,1171,11
2020-07-16,Plumas,063,18699,25,16,0,16,0
2020-07-16,Riverside,065,2383286,36614,28904,38,28942,577
2020-07-16,Sacramento,067,1510023,9067,6440,9,6449,91
2020-07-16,San Benito,069,59416,512,389,0,389,2
2020-07-16,San Bernardino,071,2135413,31815,22355,72,22427,321
2020-07-16,San Diego,073,3302833,26998,21857,2,21859,465
2020-07-16,San Francisco,075,870044,5832,4838,6,4844,52
2020-07-16,San Joaquin,077,732212,10844,7713,6,7719,82
2020-07-16,San Luis Obispo,079,281455,1608,1146,8,1154,6
2020-07-16,San Mateo,081,765935,5229,4336,7,4343,110
2020-07-16,Santa Barbara,083,443738,5688,4872,48,4920,28
2020-07-16,Santa Clara,085,1922200,9778,6990,25,7015,164
2020-07-16,Santa Cruz,087,273765,931,698,8,706,3
2020-07-16,Shasta,089,179085,345,208,1,209,7
2020-07-16,Sierra,091,2930,1,1,0,1,0
2020-07-16,Siskiyou,093,43540,67,39,0,39,0
2020-07-16,Solano,095,438530,3371,2372,12,2384,25
2020-07-16,Sonoma,097,501317,2700,1954,6,1960,14
2020-07-16,Stanislaus,099,539301,8568,6077,11,6088,56
2020-07-16,Sutter,101,95872,570,444,0,444,2
2020-07-16,Tehama,103,63373,188,126,2,128,1
2020-07-16,Trinity,105,12862,23,2,5,7,0
2020-07-16,Tulare,107,460477,8738,6467,31,6498,163
2020-07-16,Tuolumne,109,53932,117,71,2,73,0
2020-07-16,Ventura,111,848112,7055,5231,26,5257,50
2020-07-16,Yolo,113,214977,1413,1034,3,1037,29
2020-07-16,Yuba,115,75493,290,221,0,221,1
2020-07-15,Alameda,001,1643700,10702,8615,19,8634,153
2020-07-15,Alpine,003,1148,2,1,0,1,0
2020-07-15,Amador,005,37829,73,44,0,44,0
2020-07-15,Butte,007,227075,758,420,9,429,4
2020-07-15,Calaveras,009,45235,97,75,0,75,0
2020-07-15,Colusa,011,21464,258,135,0,135,0
2020-07-15,Contra Costa,013,1133247,7258,5246,17,5263,90
2020-07-15,Del Norte,015,27424,81,60,0,60,0
2020-07-15,El Dorado,017,186661,582,339,3,342,0
2020-07-15,Fresno,019,978130,16226,9124,130,9254,101
2020-07-15,Glenn,021,27897,278,184,0,184,0
2020-07-15,Humboldt,023,135768,213,181,1,182,4
2020-07-15,Imperial,025,180216,9539,7110,5,7115,110
2020-07-15,Inyo,027,18085,42,36,1,37,1
2020-07-15,Kern,029,883053,18403,7155,70,7225,108
2020-07-15,Kings,031,150075,3630,2906,23,2929,37
2020-07-15,Lake,033,64148,177,122,0,122,1
2020-07-15,Lassen,035,31185,520,319,2,321,0
2020-07-15,Los Angeles,037,10098052,164441,143343,259,143602,3946
2020-07-15,Madera,039,155013,1893,1147,3,1150,4
2020-07-15,Marin,041,260295,4596,3458,5,3463,21
2020-07-15,Mariposa,043,17540,45,34,0,34,1
2020-07-15,Mendocino,045,87422,192,119,0,119,0
2020-07-15,Merced,047,269075,3690,2156,2,2158,12
2020-07-15,Modoc,049,8938,1,0,0,0,0
2020-07-15,Mono,051,14174,95,52,1,53,1
2020-07-15,Monterey,053,433212,3796,2780,12,2792,18
2020-07-15,Napa,055,140530,833,573,0,573,5
2020-07-15,Nevada,057,99092,274,185,7,192,1
2020-07-15,Orange,059,3164182,36036,27718,479,28197,454
2020-07-15,Placer,061,380077,1650,1145,3,1148,11
2020-07-15,Plumas,063,18699,25,16,0,16,0
2020-07-15,Riverside,065,2383286,35832,28492,36,28528,568
2020-07-15,Sacramento,067,1510023,8686,6217,9,6226,91
2020-07-15,San Benito,069,59416,503,388,0,388,2
2020-07-15,San Bernardino,071,2135413,31027,21508,56,21564,317
2020-07-15,San Diego,073,3302833,26531,21448,2,21450,448
2020-07-15,San Francisco,075,870044,5718,4757,6,4763,50
2020-07-15,San Joaquin,077,732212,10412,7381,5,7386,75
2020-07-15,San Luis Obispo,079,281455,1565,1097,8,1105,6
2020-07-15,San Mateo,081,765935,5116,4258,7,4265,109
2020-07-15,Santa Barbara,083,443738,5574,4733,48,4781,28
2020-07-15,Santa Clara,085,1922200,9474,6900,25,6925,164
2020-07-15,Santa Cruz,087,273765,895,660,7,667,3
2020-07-15,Shasta,089,179085,336,193,1,194,7
2020-07-15,Sierra,091,2930,1,1,0,1,0
2020-07-15,Siskiyou,093,43540,66,38,0,38,0
2020-07-15,Solano,095,438530,3276,2343,12,2355,25
2020-07-15,Sonoma,097,501317,2602,1920,6,1926,14
2020-07-15,Stanislaus,099,539301,8271,5777,11,5788,56
2020-07-15,Sutter,101,95872,544,433,0,433,2
2020-07-15,Tehama,103,63373,180,126,2,128,1
2020-07-15,Trinity,105,12862,22,2,5,7,0
2020-07-15,Tulare,107,460477,8527,6320,30,6350,156
2020-07-15,Tuolumne,109,53932,110,68,2,70,0
2020-07-15,Ventura,111,848112,6878,5087,26,5113,50
2020-07-15,Yolo,113,214977,1380,1002,3,1005,27
2020-07-15,Yuba,115,75493,278,221,0,221,1
2020-07-14,Alameda,001,1643700,10361,8388,13,8401,151
2020-07-14,Alpine,003,1148,2,1,0,1,0
2020-07-14,Amador,005,37829,69,44,0,44,0
2020-07-14,Butte,007,227075,712,382,9,391,4
2020-07-14,Calaveras,009,45235,95,74,0,74,0
2020-07-14,Colusa,011,21464,248,128,0,128,0
2020-07-14,Contra Costa,013,1133247,7021,5110,15,5125,90
2020-07-14,Del Norte,015,27424,80,60,0,60,0
2020-07-14,El Dorado,017,186661,567,324,3,327,0
2020-07-14,Fresno,019,978130,15806,8941,125,9066,98
2020-07-14,Glenn,021,27897,268,177,0,177,0
2020-07-14,Humboldt,023,135768,210,175,1,176,4
2020-07-14,Imperial,025,180216,9411,7095,5,7100,109
2020-07-14,Inyo,027,18085,42,35,1,36,1
2020-07-14,Kern,029,883053,17644,6979,57,7036,107
2020-07-14,Kings,031,150075,3563,2867,22,2889,37
2020-07-14,Lake,033,64148,171,120,0,120,1
2020-07-14,Lassen,035,31185,503,263,2,265,0
2020-07-14,Los Angeles,037,10098052,161305,140632,230,140862,3900
2020-07-14,Madera,039,155013,1819,1118,3,1121,4
2020-07-14,Marin,041,260295,4482,3451,5,3456,21
2020-07-14,Mariposa,043,17540,41,32,0,32,1
2020-07-14,Mendocino,045,87422,184,110,0,110,0
2020-07-14,Merced,047,269075,3511,2084,2,2086,12
2020-07-14,Modoc,049,8938,1,0,0,0,0
2020-07-14,Mono,051,14174,85,48,1,49,1
2020-07-14,Monterey,053,433212,3683,2724,12,2736,18
2020-07-14,Napa,055,140530,777,557,0,557,4
2020-07-14,Nevada,057,99092,257,180,6,186,1
2020-07-14,Orange,059,3164182,35156,26915,431,27346,432
2020-07-14,Placer,061,380077,1592,1122,3,1125,11
2020-07-14,Plumas,063,18699,24,14,0,14,0
2020-07-14,Riverside,065,2383286,35075,27850,35,27885,547
2020-07-14,Sacramento,067,1510023,8332,5978,9,5987,87
2020-07-14,San Benito,069,59416,484,360,0,360,2
2020-07-14,San Bernardino,071,2135413,30176,20489,46,20535,316
2020-07-14,San Diego,073,3302833,25911,20887,2,20889,436
2020-07-14,San Francisco,075,870044,5567,4659,5,4664,50
2020-07-14,San Joaquin,077,732212,9984,7143,5,7148,75
2020-07-14,San Luis Obispo,079,281455,1527,1060,8,1068,5
2020-07-14,San Mateo,081,765935,5023,4173,7,4180,108
2020-07-14,Santa Barbara,083,443738,5450,4641,46,4687,28
2020-07-14,Santa Clara,085,1922200,9146,6686,22,6708,164
2020-07-14,Santa Cruz,087,273765,856,639,7,646,3
2020-07-14,Shasta,089,179085,327,190,1,191,7
2020-07-14,Sierra,091,2930,1,1,0,1,0
2020-07-14,Siskiyou,093,43540,65,38,0,38,0
2020-07-14,Solano,095,438530,3177,2266,10,2276,25
2020-07-14,Sonoma,097,501317,2509,1866,6,1872,14
2020-07-14,Stanislaus,099,539301,7897,5631,10,5641,53
2020-07-14,Sutter,101,95872,525,405,0,405,2
2020-07-14,Tehama,103,63373,168,123,2,125,1
2020-07-14,Trinity,105,12862,21,2,5,7,0
2020-07-14,Tulare,107,460477,8281,6199,30,6229,156
2020-07-14,Tuolumne,109,53932,105,68,2,70,0
2020-07-14,Ventura,111,848112,6717,4950,26,4976,50
2020-07-14,Yolo,113,214977,1332,966,3,969,27
2020-07-14,Yuba,115,75493,261,210,0,210,1
2020-07-13,Alameda,001,1643700,10051,8115,13,8128,148
2020-07-13,Alpine,003,1148,2,1,0,1,0
2020-07-13,Amador,005,37829,65,42,0,42,0
2020-07-13,Butte,007,227075,676,354,9,363,4
2020-07-13,Calaveras,009,45235,87,63,0,63,0
2020-07-13,Colusa,011,21464,242,116,0,116,0
2020-07-13,Contra Costa,013,1133247,6749,4882,13,4895,88
2020-07-13,Del Norte,015,27424,74,59,0,59,0
2020-07-13,El Dorado,017,186661,536,298,3,301,0
2020-07-13,Fresno,019,978130,15377,8666,120,8786,95
2020-07-13,Glenn,021,27897,261,168,0,168,0
2020-07-13,Humboldt,023,135768,205,174,1,175,4
2020-07-13,Imperial,025,180216,9326,7052,5,7057,109
2020-07-13,Inyo,027,18085,41,35,1,36,1
2020-07-13,Kern,029,883053,16959,6808,52,6860,107
2020-07-13,Kings,031,150075,3512,2824,22,2846,37
2020-07-13,Lake,033,64148,166,118,0,118,1
2020-07-13,Lassen,035,31185,498,237,2,239,0
2020-07-13,Los Angeles,037,10098052,158071,136368,216,136584,3829
2020-07-13,Madera,039,155013,1750,1059,3,1062,4
2020-07-13,Marin,041,260295,4378,3402,5,3407,21
2020-07-13,Mariposa,043,17540,40,31,0,31,1
2020-07-13,Mendocino,045,87422,180,87,0,87,0
2020-07-13,Merced,047,269075,3362,2007,2,2009,12
2020-07-13,Modoc,049,8938,1,0,0,0,0
2020-07-13,Mono,051,14174,81,47,0,47,1
2020-07-13,Monterey,053,433212,3560,2613,9,2622,18
2020-07-13,Napa,055,140530,741,534,0,534,4
2020-07-13,Nevada,057,99092,243,172,6,178,1
2020-07-13,Orange,059,3164182,34291,25978,399,26377,423
2020-07-13,Placer,061,380077,1547,1096,3,1099,11
2020-07-13,Plumas,063,18699,22,14,0,14,0
2020-07-13,Riverside,065,2383286,34150,27136,33,27169,545
2020-07-13,Sacramento,067,1510023,8035,5747,9,5756,85
2020-07-13,San Benito,069,59416,471,343,0,343,2
2020-07-13,San Bernardino,071,2135413,29299,19610,40,19650,313
2020-07-13,San Diego,073,3302833,25344,20348,2,20350,422
2020-07-13,San Francisco,075,870044,5440,4534,4,4538,50
2020-07-13,San Joaquin,077,732212,9568,6927,5,6932,71
2020-07-13,San Luis Obispo,079,281455,1496,989,8,997,5
2020-07-13,San Mateo,081,765935,4892,4057,7,4064,108
2020-07-13,Santa Barbara,083,443738,5336,4441,45,4486,28
2020-07-13,Santa Clara,085,1922200,8823,6488,21,6509,164
2020-07-13,Santa Cruz,087,273765,818,574,7,581,3
2020-07-13,Shasta,089,179085,316,185,1,186,6
2020-07-13,Sierra,091,2930,1,1,0,1,0
2020-07-13,Siskiyou,093,43540,61,37,0,37,0
2020-07-13,Solano,095,438530,3065,2046,10,2056,23
2020-07-13,Sonoma,097,501317,2398,1818,6,1824,14
2020-07-13,Stanislaus,099,539301,7594,5324,9,5333,53
2020-07-13,Sutter,101,95872,487,379,0,379,2
2020-07-13,Tehama,103,63373,155,112,2,114,1
2020-07-13,Trinity,105,12862,21,2,5,7,0
2020-07-13,Tulare,107,460477,8020,5930,28,5958,147
2020-07-13,Tuolumne,109,53932,97,56,2,58,0
2020-07-13,Ventura,111,848112,6527,4800,23,4823,50
2020-07-13,Yolo,113,214977,1286,941,3,944,27
2020-07-13,Yuba,115,75493,246,194,0,194,1
2020-07-12,Alameda,001,1643700,9780,8056,13,8069,148
2020-07-12,Alpine,003,1148,2,1,0,1,0
2020-07-12,Amador,005,37829,55,40,0,40,0
2020-07-12,Butte,007,227075,626,341,8,349,4
2020-07-12,Calaveras,009,45235,87,62,0,62,0
2020-07-12,Colusa,011,21464,208,116,0,116,0
2020-07-12,Contra Costa,013,1133247,6478,4708,11,4719,88
2020-07-12,Del Norte,015,27424,63,59,0,59,0
2020-07-12,El Dorado,017,186661,514,290,3,293,0
2020-07-12,Fresno,019,978130,14951,8407,115,8522,95
2020-07-12,Glenn,021,27897,248,166,0,166,0
2020-07-12,Humboldt,023,135768,201,174,1,175,4
2020-07-12,Imperial,025,180216,9209,6999,5,7004,109
2020-07-12,Inyo,027,18085,39,35,1,36,1
2020-07-12,Kern,029,883053,16215,6662,49,6711,105
2020-07-12,Kings,031,150075,3450,2779,22,2801,34
2020-07-12,Lake,033,64148,157,114,0,114,1
2020-07-12,Lassen,035,31185,491,237,2,239,0
2020-07-12,Los Angeles,037,10098052,154647,133830,187,134017,3816
2020-07-12,Madera,039,155013,1695,1025,3,1028,4
2020-07-12,Marin,041,260295,4301,3358,5,3363,21
2020-07-12,Mariposa,043,17540,39,31,0,31,1
2020-07-12,Mendocino,045,87422,161,88,0,88,0
2020-07-12,Merced,047,269075,3232,1908,2,1910,12
2020-07-12,Modoc,049,8938,1,0,0,0,0
2020-07-12,Mono,051,14174,71,45,0,45,1
2020-07-12,Monterey,053,433212,3445,2521,9,2530,18
2020-07-12,Napa,055,140530,709,519,0,519,4
2020-07-12,Nevada,057,99092,233,166,6,172,1
2020-07-12,Orange,059,3164182,33415,25399,390,25789,422
2020-07-12,Placer,061,380077,1491,1058,3,1061,11
2020-07-12,Plumas,063,18699,21,14,0,14,0
2020-07-12,Riverside,065,2383286,33392,26404,32,26436,542
2020-07-12,Sacramento,067,1510023,7723,5515,7,5522,85
2020-07-12,San Benito,069,59416,456,324,0,324,2
2020-07-12,San Bernardino,071,2135413,28387,19042,36,19078,312
2020-07-12,San Diego,073,3302833,24714,19929,2,19931,422
2020-07-12,San Francisco,075,870044,5290,4535,4,4539,50
2020-07-12,San Joaquin,077,732212,9206,6703,5,6708,71
2020-07-12,San Luis Obispo,079,281455,1449,972,7,979,5
2020-07-12,San Mateo,081,765935,4774,3988,7,3995,108
2020-07-12,Santa Barbara,083,443738,5206,4353,44,4397,28
2020-07-12,Santa Clara,085,1922200,8585,6252,20,6272,164
2020-07-12,Santa Cruz,087,273765,776,573,5,578,3
2020-07-12,Shasta,089,179085,310,173,1,174,6
2020-07-12,Sierra,091,2930,1,1,0,1,0
2020-07-12,Siskiyou,093,43540,59,36,0,36,0
2020-07-12,Solano,095,438530,2940,2037,10,2047,23
2020-07-12,Sonoma,097,501317,2304,1743,6,1749,13
2020-07-12,Stanislaus,099,539301,7290,5177,9,5186,53
2020-07-12,Sutter,101,95872,469,362,0,362,2
2020-07-12,Tehama,103,63373,148,111,2,113,1
2020-07-12,Trinity,105,12862,21,2,5,7,0
2020-07-12,Tulare,107,460477,7765,5864,27,5891,146
2020-07-12,Tuolumne,109,53932,89,52,2,54,0
2020-07-12,Ventura,111,848112,6311,4724,22,4746,50
2020-07-12,Yolo,113,214977,1245,889,3,892,27
2020-07-12,Yuba,115,75493,235,188,0,188,1
2020-07-11,Alameda,001,1643700,9678,7845,13,7858,148
2020-07-11,Alpine,003,1148,2,1,0,1,0
2020-07-11,Amador,005,37829,51,37,0,37,0
2020-07-11,Butte,007,227075,610,325,8,333,4
2020-07-11,Calaveras,009,45235,84,62,0,62,0
2020-07-11,Colusa,011,21464,203,110,0,110,0
2020-07-11,Contra Costa,013,1133247,6362,4650,11,4661,87
2020-07-11,Del Norte,015,27424,63,59,0,59,0
2020-07-11,El Dorado,017,186661,503,283,3,286,0
2020-07-11,Fresno,019,978130,14691,8086,113,8199,95
2020-07-11,Glenn,021,27897,240,161,0,161,0
2020-07-11,Humboldt,023,135768,200,174,1,175,4
2020-07-11,Imperial,025,180216,9170,6884,5,6889,109
2020-07-11,Inyo,027,18085,39,35,1,36,1
2020-07-11,Kern,029,883053,15858,6509,48,6557,103
2020-07-11,Kings,031,150075,3423,2753,22,2775,33
2020-07-11,Lake,033,64148,156,110,0,110,1
2020-07-11,Lassen,035,31185,490,237,2,239,0
2020-07-11,Los Angeles,037,10098052,152929,130479,177,130656,3802
2020-07-11,Madera,039,155013,1654,988,3,991,4
2020-07-11,Marin,041,260295,4273,3191,5,3196,21
2020-07-11,Mariposa,043,17540,39,31,0,31,1
2020-07-11,Mendocino,045,87422,157,88,0,88,0
2020-07-11,Merced,047,269075,3151,1851,2,1853,12
2020-07-11,Modoc,049,8938,1,0,0,0,0
2020-07-11,Mono,051,14174,68,45,0,45,1
2020-07-11,Monterey,053,433212,3356,2376,8,2384,18
2020-07-11,Napa,055,140530,697,509,0,509,4
2020-07-11,Nevada,057,99092,224,163,5,168,1
2020-07-11,Orange,059,3164182,33038,24430,376,24806,422
2020-07-11,Placer,061,380077,1456,1029,3,1032,11
2020-07-11,Plumas,063,18699,21,12,0,12,0
2020-07-11,Riverside,065,2383286,33001,25994,32,26026,538
2020-07-11,Sacramento,067,1510023,7549,5367,7,5374,84
2020-07-11,San Benito,069,59416,441,314,0,314,2
2020-07-11,San Bernardino,071,2135413,27950,18907,34,18941,310
2020-07-11,San Diego,073,3302833,24322,19371,2,19373,422
2020-07-11,San Francisco,075,870044,5194,4430,3,4433,50
2020-07-11,San Joaquin,077,732212,9028,6518,5,6523,72
2020-07-11,San Luis Obispo,079,281455,1401,930,7,937,4
2020-07-11,San Mateo,081,765935,4706,3956,7,3963,108
2020-07-11,Santa Barbara,083,443738,5137,4283,43,4326,28
2020-07-11,Santa Clara,085,1922200,8426,5959,20,5979,164
2020-07-11,Santa Cruz,087,273765,745,571,5,576,3
2020-07-11,Shasta,089,179085,303,168,1,169,6
2020-07-11,Sierra,091,2930,1,1,0,1,0
2020-07-11,Siskiyou,093,43540,59,36,0,36,0
2020-07-11,Solano,095,438530,2899,2034,10,2044,23
2020-07-11,Sonoma,097,501317,2266,1690,6,1696,13
2020-07-11,Stanislaus,099,539301,7149,4911,9,4920,51
2020-07-11,Sutter,101,95872,453,352,0,352,2
2020-07-11,Tehama,103,63373,146,111,2,113,1
2020-07-11,Trinity,105,12862,21,2,5,7,0
2020-07-11,Tulare,107,460477,7659,5780,27,5807,149
2020-07-11,Tuolumne,109,53932,87,50,2,52,0
2020-07-11,Ventura,111,848112,6215,4545,21,4566,49
2020-07-11,Yolo,113,214977,1216,833,3,836,27
2020-07-11,Yuba,115,75493,225,175,0,175,1
2020-07-10,Alameda,001,1643700,9521,7551,13,7564,147
2020-07-10,Alpine,003,1148,2,1,0,1,0
2020-07-10,Amador,005,37829,47,37,0,37,0
2020-07-10,Butte,007,227075,599,318,8,326,4
2020-07-10,Calaveras,009,45235,84,61,0,61,0
2020-07-10,Colusa,011,21464,197,103,0,103,0
2020-07-10,Contra Costa,013,1133247,6220,4482,11,4493,86
2020-07-10,Del Norte,015,27424,63,57,0,57,0
2020-07-10,El Dorado,017,186661,485,266,3,269,0
2020-07-10,Fresno,019,978130,14359,7760,110,7870,93
2020-07-10,Glenn,021,27897,235,157,0,157,0
2020-07-10,Humboldt,023,135768,199,168,1,169,4
2020-07-10,Imperial,025,180216,9125,6878,4,6882,98
2020-07-10,Inyo,027,18085,39,35,1,36,1
2020-07-10,Kern,029,883053,15425,6344,47,6391,102
2020-07-10,Kings,031,150075,3387,2707,22,2729,33
2020-07-10,Lake,033,64148,149,104,0,104,1
2020-07-10,Lassen,035,31185,489,235,2,237,0
2020-07-10,Los Angeles,037,10098052,150509,127503,171,127674,3750
2020-07-10,Madera,039,155013,1608,914,3,917,4
2020-07-10,Marin,041,260295,4210,3101,5,3106,21
2020-07-10,Mariposa,043,17540,38,31,0,31,1
2020-07-10,Mendocino,045,87422,149,88,0,88,0
2020-07-10,Merced,047,269075,3072,1802,2,1804,12
2020-07-10,Modoc,049,8938,1,0,0,0,0
2020-07-10,Mono,051,14174,67,45,0,45,1
2020-07-10,Monterey,053,433212,3278,2285,8,2293,18
2020-07-10,Napa,055,140530,686,496,0,496,4
2020-07-10,Nevada,057,99092,219,161,5,166,1
2020-07-10,Orange,059,3164182,32451,23692,373,24065,416
2020-07-10,Placer,061,380077,1414,1002,3,1005,11
2020-07-10,Plumas,063,18699,19,12,0,12,0
2020-07-10,Riverside,065,2383286,32483,25481,32,25513,533
2020-07-10,Sacramento,067,1510023,7294,5181,7,5188,81
2020-07-10,San Benito,069,59416,432,302,0,302,2
2020-07-10,San Bernardino,071,2135413,27426,18242,31,18273,308
2020-07-10,San Diego,073,3302833,23938,18862,2,18864,420
2020-07-10,San Francisco,075,870044,5103,4305,3,4308,50
2020-07-10,San Joaquin,077,732212,8795,6225,5,6230,67
2020-07-10,San Luis Obispo,079,281455,1363,891,7,898,4
2020-07-10,San Mateo,081,765935,4641,3844,7,3851,107
2020-07-10,Santa Barbara,083,443738,5040,4177,42,4219,28
2020-07-10,Santa Clara,085,1922200,8202,5819,20,5839,164
2020-07-10,Santa Cruz,087,273765,717,540,5,545,3
2020-07-10,Shasta,089,179085,299,158,1,159,6
2020-07-10,Sierra,091,2930,1,1,0,1,0
2020-07-10,Siskiyou,093,43540,59,31,0,31,0
2020-07-10,Solano,095,438530,2852,1950,10,1960,23
2020-07-10,Sonoma,097,501317,2219,1606,5,1611,13
2020-07-10,Stanislaus,099,539301,6979,4781,9,4790,46
2020-07-10,Sutter,101,95872,446,338,0,338,2
2020-07-10,Tehama,103,63373,145,107,2,109,1
2020-07-10,Trinity,105,12862,21,2,5,7,0
2020-07-10,Tulare,107,460477,7522,5677,27,5704,150
2020-07-10,Tuolumne,109,53932,86,49,2,51,0
2020-07-10,Ventura,111,848112,6101,4416,21,4437,48
2020-07-10,Yolo,113,214977,1192,794,3,797,27
2020-07-10,Yuba,115,75493,211,164,0,164,1
2020-07-09,Alameda,001,1643700,9285,7433,13,7446,146
2020-07-09,Alpine,003,1148,2,1,0,1,0
2020-07-09,Amador,005,37829,44,36,0,36,0
2020-07-09,Butte,007,227075,567,295,8,303,4
2020-07-09,Calaveras,009,45235,83,59,0,59,0
2020-07-09,Colusa,011,21464,189,97,0,97,0
2020-07-09,Contra Costa,013,1133247,5976,4388,11,4399,86
2020-07-09,Del Norte,015,27424,63,57,0,57,0
2020-07-09,El Dorado,017,186661,460,255,3,258,0
2020-07-09,Fresno,019,978130,13905,7385,107,7492,90
2020-07-09,Glenn,021,27897,225,150,0,150,0
2020-07-09,Humboldt,023,135768,196,166,1,167,4
2020-07-09,Imperial,025,180216,9028,6778,4,6782,87
2020-07-09,Inyo,027,18085,37,35,1,36,1
2020-07-09,Kern,029,883053,14780,6100,45,6145,95
2020-07-09,Kings,031,150075,3323,2686,21,2707,33
2020-07-09,Lake,033,64148,146,99,0,99,1
2020-07-09,Lassen,035,31185,433,221,2,223,0
2020-07-09,Los Angeles,037,10098052,147249,125062,147,125209,3698
2020-07-09,Madera,039,155013,1531,850,3,853,4
2020-07-09,Marin,041,260295,4058,2975,4,2979,20
2020-07-09,Mariposa,043,17540,38,32,0,32,1
2020-07-09,Mendocino,045,87422,145,88,0,88,0
2020-07-09,Merced,047,269075,2939,1728,2,1730,11
2020-07-09,Modoc,049,8938,1,0,0,0,0
2020-07-09,Mono,051,14174,63,45,0,45,1
2020-07-09,Monterey,053,433212,3153,2223,8,2231,17
2020-07-09,Napa,055,140530,669,468,0,468,4
2020-07-09,Nevada,057,99092,213,156,5,161,1
2020-07-09,Orange,059,3164182,31481,22960,355,23315,407
2020-07-09,Placer,061,380077,1372,982,3,985,11
2020-07-09,Plumas,063,18699,19,12,0,12,0
2020-07-09,Riverside,065,2383286,31590,24980,31,25011,529
2020-07-09,Sacramento,067,1510023,6967,4950,7,4957,81
2020-07-09,San Benito,069,59416,416,295,0,295,2
2020-07-09,San Bernardino,071,2135413,26553,17339,25,17364,307
2020-07-09,San Diego,073,3302833,23346,18404,2,18406,415
2020-07-09,San Francisco,075,870044,4971,4143,3,4146,50
2020-07-09,San Joaquin,077,732212,8436,6004,5,6009,66
2020-07-09,San Luis Obispo,079,281455,1323,869,7,876,3
2020-07-09,San Mateo,081,765935,4515,3792,7,3799,106
2020-07-09,Santa Barbara,083,443738,4908,4068,42,4110,28
2020-07-09,Santa Clara,085,1922200,7945,5638,19,5657,164
2020-07-09,Santa Cruz,087,273765,690,526,5,531,3
2020-07-09,Shasta,089,179085,293,155,1,156,5
2020-07-09,Sierra,091,2930,1,1,0,1,0
2020-07-09,Siskiyou,093,43540,55,31,0,31,0
2020-07-09,Solano,095,438530,2754,1892,10,1902,23
2020-07-09,Sonoma,097,501317,2133,1584,5,1589,13
2020-07-09,Stanislaus,099,539301,6664,4633,8,4641,46
2020-07-09,Sutter,101,95872,429,321,0,321,2
2020-07-09,Tehama,103,63373,140,102,2,104,1
2020-07-09,Trinity,105,12862,21,2,5,7,0
2020-07-09,Tulare,107,460477,7303,5501,26,5527,146
2020-07-09,Tuolumne,109,53932,85,47,2,49,0
2020-07-09,Ventura,111,848112,5933,4278,21,4299,47
2020-07-09,Yolo,113,214977,1144,764,3,767,27
2020-07-09,Yuba,115,75493,194,152,0,152,1
2020-07-08,Alameda,001,1643700,8993,7335,13,7348,142
2020-07-08,Alpine,003,1148,2,1,0,1,0
2020-07-08,Amador,005,37829,41,35,0,35,0
2020-07-08,Butte,007,227075,530,281,8,289,3
2020-07-08,Calaveras,009,45235,78,58,0,58,0
2020-07-08,Colusa,011,21464,176,90,0,90,0
2020-07-08,Contra Costa,013,1133247,5730,4268,9,4277,84
2020-07-08,Del Norte,015,27424,61,57,0,57,0
2020-07-08,El Dorado,017,186661,438,248,3,251,0
2020-07-08,Fresno,019,978130,13489,7102,99,7201,86
2020-07-08,Glenn,021,27897,214,146,0,146,0
2020-07-08,Humboldt,023,135768,193,162,1,163,4
2020-07-08,Imperial,025,180216,8941,6727,4,6731,76
2020-07-08,Inyo,027,18085,37,35,1,36,1
2020-07-08,Kern,029,883053,14202,5873,43,5916,91
2020-07-08,Kings,031,150075,3263,2629,18,2647,33
2020-07-08,Lake,033,64148,139,97,0,97,1
2020-07-08,Lassen,035,31185,337,221,2,223,0
2020-07-08,Los Angeles,037,10098052,144047,123462,120,123582,3650
2020-07-08,Madera,039,155013,1461,828,3,831,4
2020-07-08,Marin,041,260295,3959,2756,4,2760,17
2020-07-08,Mariposa,043,17540,38,31,0,31,1
2020-07-08,Mendocino,045,87422,132,84,0,84,0
2020-07-08,Merced,047,269075,2819,1578,2,1580,11
2020-07-08,Modoc,049,8938,1,0,0,0,0
2020-07-08,Mono,051,14174,60,45,0,45,1
2020-07-08,Monterey,053,433212,3035,2182,7,2189,17
2020-07-08,Napa,055,140530,647,468,0,468,4
2020-07-08,Nevada,057,99092,204,156,5,161,1
2020-07-08,Orange,059,3164182,30530,22088,350,22438,378
2020-07-08,Placer,061,380077,1325,948,3,951,11
2020-07-08,Plumas,063,18699,19,12,0,12,0
2020-07-08,Riverside,065,2383286,30626,24042,30,24072,508
2020-07-08,Sacramento,067,1510023,6679,4799,7,4806,80
2020-07-08,San Benito,069,59416,400,282,0,282,2
2020-07-08,San Bernardino,071,2135413,25699,16510,21,16531,296
2020-07-08,San Diego,073,3302833,22776,17844,2,17846,406
2020-07-08,San Francisco,075,870044,4882,4093,3,4096,50
2020-07-08,San Joaquin,077,732212,8093,5759,5,5764,61
2020-07-08,San Luis Obispo,079,281455,1271,825,7,832,2
2020-07-08,San Mateo,081,765935,4394,3733,7,3740,106
2020-07-08,Santa Barbara,083,443738,4789,3985,42,4027,28
2020-07-08,Santa Clara,085,1922200,7712,5510,19,5529,164
2020-07-08,Santa Cruz,087,273765,657,509,4,513,3
2020-07-08,Shasta,089,179085,284,148,1,149,6
2020-07-08,Sierra,091,2930,1,1,0,1,0
2020-07-08,Siskiyou,093,43540,55,31,0,31,0
2020-07-08,Solano,095,438530,2638,1821,10,1831,23
2020-07-08,Sonoma,097,501317,2057,1495,5,1500,9
2020-07-08,Stanislaus,099,539301,6364,4344,8,4352,46
2020-07-08,Sutter,101,95872,404,298,0,298,2
2020-07-08,Tehama,103,63373,134,100,2,102,1
2020-07-08,Trinity,105,12862,20,2,5,7,0
2020-07-08,Tulare,107,460477,7111,5307,21,5328,138
2020-07-08,Tuolumne,109,53932,81,42,2,44,0
2020-07-08,Ventura,111,848112,5768,4139,21,4160,47
2020-07-08,Yolo,113,214977,1100,727,3,730,26
2020-07-08,Yuba,115,75493,181,145,0,145,1
2020-07-07,Alameda,001,1643700,8672,7097,12,7109,141
2020-07-07,Alpine,003,1148,2,1,0,1,0
2020-07-07,Amador,005,37829,41,33,0,33,0
2020-07-07,Butte,007,227075,487,269,8,277,3
2020-07-07,Calaveras,009,45235,76,58,0,58,0
2020-07-07,Colusa,011,21464,143,84,0,84,0
2020-07-07,Contra Costa,013,1133247,5494,4131,8,4139,84
2020-07-07,Del Norte,015,27424,61,57,0,57,0
2020-07-07,El Dorado,017,186661,418,244,3,247,0
2020-07-07,Fresno,019,978130,13036,6738,99,6837,84
2020-07-07,Glenn,021,27897,205,145,0,145,0
2020-07-07,Humboldt,023,135768,190,150,1,151,4
2020-07-07,Imperial,025,180216,8842,6678,4,6682,51
2020-07-07,Inyo,027,18085,36,32,1,33,1
2020-07-07,Kern,029,883053,13503,5645,39,5684,88
2020-07-07,Kings,031,150075,3200,2623,16,2639,33
2020-07-07,Lake,033,64148,129,94,0,94,1
2020-07-07,Lassen,035,31185,266,219,2,221,0
2020-07-07,Los Angeles,037,10098052,140475,121026,112,121138,3588
2020-07-07,Madera,039,155013,1417,794,3,797,4
2020-07-07,Marin,041,260295,3870,2627,4,2631,17
2020-07-07,Mariposa,043,17540,38,31,0,31,1
2020-07-07,Mendocino,045,87422,124,82,0,82,0
2020-07-07,Merced,047,269075,2645,1531,2,1533,10
2020-07-07,Modoc,049,8938,1,0,0,0,0
2020-07-07,Mono,051,14174,59,42,0,42,1
2020-07-07,Monterey,053,433212,2892,2166,7,2173,17
2020-07-07,Napa,055,140530,628,459,0,459,4
2020-07-07,Nevada,057,99092,198,150,5,155,1
2020-07-07,Orange,059,3164182,29519,21741,336,22077,373
2020-07-07,Placer,061,380077,1284,930,3,933,11
2020-07-07,Plumas,063,18699,17,12,0,12,0
2020-07-07,Riverside,065,2383286,29610,23279,30,23309,499
2020-07-07,Sacramento,067,1510023,6337,4592,7,4599,76
2020-07-07,San Benito,069,59416,382,274,0,274,2
2020-07-07,San Bernardino,071,2135413,24830,16004,19,16023,277
2020-07-07,San Diego,073,3302833,22057,17580,2,17582,399
2020-07-07,San Francisco,075,870044,4789,4045,2,4047,50
2020-07-07,San Joaquin,077,732212,7751,5547,5,5552,59
2020-07-07,San Luis Obispo,079,281455,1210,795,7,802,2
2020-07-07,San Mateo,081,765935,4279,3691,7,3698,106
2020-07-07,Santa Barbara,083,443738,4661,3866,41,3907,27
2020-07-07,Santa Clara,085,1922200,7443,5438,19,5457,164
2020-07-07,Santa Cruz,087,273765,623,502,3,505,2
2020-07-07,Shasta,089,179085,271,144,1,145,6
2020-07-07,Sierra,091,2930,1,1,0,1,0
2020-07-07,Siskiyou,093,43540,54,30,0,30,0
2020-07-07,Solano,095,438530,2527,1776,9,1785,22
2020-07-07,Sonoma,097,501317,1987,1473,5,1478,8
2020-07-07,Stanislaus,099,539301,6025,4101,8,4109,46
2020-07-07,Sutter,101,95872,378,273,0,273,2
2020-07-07,Tehama,103,63373,125,95,2,97,1
2020-07-07,Trinity,105,12862,20,2,5,7,0
2020-07-07,Tulare,107,460477,6931,5189,19,5208,137
2020-07-07,Tuolumne,109,53932,75,40,2,42,0
2020-07-07,Ventura,111,848112,5599,3992,19,4011,46
2020-07-07,Yolo,113,214977,1032,706,3,709,26
2020-07-07,Yuba,115,75493,161,138,0,138,1
2020-07-06,Alameda,001,1643700,8434,6970,12,6982,141
2020-07-06,Alpine,003,1148,1,1,0,1,0
2020-07-06,Amador,005,37829,39,33,0,33,0
2020-07-06,Butte,007,227075,431,257,8,265,2
2020-07-06,Calaveras,009,45235,73,45,0,45,0
2020-07-06,Colusa,011,21464,134,80,0,80,0
2020-07-06,Contra Costa,013,1133247,5264,3901,7,3908,83
2020-07-06,Del Norte,015,27424,60,57,0,57,0
2020-07-06,El Dorado,017,186661,403,232,2,234,0
2020-07-06,Fresno,019,978130,12568,6364,93,6457,82
2020-07-06,Glenn,021,27897,197,129,0,129,0
2020-07-06,Humboldt,023,135768,188,148,1,149,3
2020-07-06,Imperial,025,180216,8723,6443,4,6447,47
2020-07-06,Inyo,027,18085,36,32,1,33,1
2020-07-06,Kern,029,883053,12697,5491,38,5529,82
2020-07-06,Kings,031,150075,3149,2583,11,2594,33
2020-07-06,Lake,033,64148,122,93,0,93,1
2020-07-06,Lassen,035,31185,264,219,2,221,0
2020-07-06,Los Angeles,037,10098052,136870,116707,98,116805,3541
2020-07-06,Madera,039,155013,1347,734,3,737,4
2020-07-06,Marin,041,260295,3630,2136,4,2140,17
2020-07-06,Mariposa,043,17540,36,31,0,31,1
2020-07-06,Mendocino,045,87422,107,72,0,72,0
2020-07-06,Merced,047,269075,2494,1396,2,1398,10
2020-07-06,Modoc,049,8938,1,0,0,0,0
2020-07-06,Mono,051,14174,58,40,0,40,1
2020-07-06,Monterey,053,433212,2803,2078,7,2085,15
2020-07-06,Napa,055,140530,610,454,0,454,4
2020-07-06,Nevada,057,99092,192,146,5,151,1
2020-07-06,Orange,059,3164182,28457,20167,298,20465,372
2020-07-06,Placer,061,380077,1222,904,3,907,11
2020-07-06,Plumas,063,18699,17,11,0,11,0
2020-07-06,Riverside,065,2383286,28555,22485,29,22514,477
2020-07-06,Sacramento,067,1510023,5986,4420,7,4427,71
2020-07-06,San Benito,069,59416,367,264,0,264,2
2020-07-06,San Bernardino,071,2135413,23976,15346,16,15362,272
2020-07-06,San Diego,073,3302833,21325,17002,2,17004,387
2020-07-06,San Francisco,075,870044,4668,3861,2,3863,50
2020-07-06,San Joaquin,077,732212,7381,5104,5,5109,57
2020-07-06,San Luis Obispo,079,281455,1152,751,7,758,2
2020-07-06,San Mateo,081,765935,4187,3650,6,3656,106
2020-07-06,Santa Barbara,083,443738,4524,3763,40,3803,27
2020-07-06,Santa Clara,085,1922200,7172,5369,19,5388,165
2020-07-06,Santa Cruz,087,273765,601,466,2,468,2
2020-07-06,Shasta,089,179085,261,143,1,144,6
2020-07-06,Sierra,091,2930,1,1,0,1,0
2020-07-06,Siskiyou,093,43540,50,30,0,30,0
2020-07-06,Solano,095,438530,2394,1668,9,1677,22
2020-07-06,Sonoma,097,501317,1923,1369,5,1374,8
2020-07-06,Stanislaus,099,539301,5623,3983,8,3991,46
2020-07-06,Sutter,101,95872,351,250,0,250,2
2020-07-06,Tehama,103,63373,122,95,2,97,1
2020-07-06,Trinity,105,12862,19,2,5,7,0
2020-07-06,Tulare,107,460477,6726,5039,17,5056,136
2020-07-06,Tuolumne,109,53932,72,30,2,32,0
2020-07-06,Ventura,111,848112,5406,3912,19,3931,44
2020-07-06,Yolo,113,214977,976,685,3,688,26
2020-07-06,Yuba,115,75493,147,124,0,124,1
2020-07-05,Alameda,001,1643700,8182,6861,12,6873,141
2020-07-05,Alpine,003,1148,1,1,0,1,0
2020-07-05,Amador,005,37829,37,31,0,31,0
2020-07-05,Butte,007,227075,396,248,8,256,2
2020-07-05,Calaveras,009,45235,69,45,0,45,0
2020-07-05,Colusa,011,21464,124,79,0,79,0
2020-07-05,Contra Costa,013,1133247,5024,3665,6,3671,80
2020-07-05,Del Norte,015,27424,60,57,0,57,0
2020-07-05,El Dorado,017,186661,385,227,2,229,0
2020-07-05,Fresno,019,978130,12002,6186,92,6278,82
2020-07-05,Glenn,021,27897,194,129,0,129,0
2020-07-05,Humboldt,023,135768,184,147,1,148,3
2020-07-05,Imperial,025,180216,8589,6441,4,6445,47
2020-07-05,Inyo,027,18085,35,32,1,33,1
2020-07-05,Kern,029,883053,11988,5351,38,5389,82
2020-07-05,Kings,031,150075,3066,2546,10,2556,31
2020-07-05,Lake,033,64148,122,92,0,92,1
2020-07-05,Lassen,035,31185,258,219,2,221,0
2020-07-05,Los Angeles,037,10098052,133644,115133,92,115225,3495
2020-07-05,Madera,039,155013,1269,564,3,567,4
2020-07-05,Marin,041,260295,3447,2080,4,2084,17
2020-07-05,Mariposa,043,17540,36,31,0,31,1
2020-07-05,Mendocino,045,87422,104,72,0,72,0
2020-07-05,Merced,047,269075,2349,1340,2,1342,10
2020-07-05,Modoc,049,8938,1,0,0,0,0
2020-07-05,Mono,051,14174,54,39,0,39,1
2020-07-05,Monterey,053,433212,2700,1994,7,2001,15
2020-07-05,Napa,055,140530,580,450,0,450,4
2020-07-05,Nevada,057,99092,186,141,5,146,1
2020-07-05,Orange,059,3164182,27516,19430,285,19715,372
2020-07-05,Placer,061,380077,1165,855,3,858,11
2020-07-05,Plumas,063,18699,16,11,0,11,0
2020-07-05,Riverside,065,2383286,27699,21511,29,21540,474
2020-07-05,Sacramento,067,1510023,5670,4265,6,4271,71
2020-07-05,San Benito,069,59416,348,258,0,258,2
2020-07-05,San Bernardino,071,2135413,23098,15026,16,15042,270
2020-07-05,San Diego,073,3302833,20634,16728,2,16730,387
2020-07-05,San Francisco,075,870044,4550,3861,2,3863,50
2020-07-05,San Joaquin,077,732212,7062,5015,5,5020,57
2020-07-05,San Luis Obispo,079,281455,1073,730,7,737,2
2020-07-05,San Mateo,081,765935,4076,3575,6,3581,106
2020-07-05,Santa Barbara,083,443738,4377,3671,37,3708,27
2020-07-05,Santa Clara,085,1922200,6879,5237,19,5256,162
2020-07-05,Santa Cruz,087,273765,583,467,0,467,2
2020-07-05,Shasta,089,179085,255,138,1,139,6
2020-07-05,Sierra,091,2930,1,1,0,1,0
2020-07-05,Siskiyou,093,43540,46,30,0,30,0
2020-07-05,Solano,095,438530,2274,1547,9,1556,22
2020-07-05,Sonoma,097,501317,1842,1369,5,1374,8
2020-07-05,Stanislaus,099,539301,5292,3777,7,3784,45
2020-07-05,Sutter,101,95872,323,241,0,241,2
2020-07-05,Tehama,103,63373,120,95,2,97,1
2020-07-05,Trinity,105,12862,19,2,5,7,0
2020-07-05,Tulare,107,460477,6467,4981,15,4996,135
2020-07-05,Tuolumne,109,53932,67,30,2,32,0
2020-07-05,Ventura,111,848112,5203,3866,19,3885,44
2020-07-05,Yolo,113,214977,936,644,3,647,26
2020-07-05,Yuba,115,75493,137,115,0,115,1
2020-07-04,Alameda,001,1643700,8070,6737,12,6749,141
2020-07-04,Alpine,003,1148,1,1,0,1,0
2020-07-04,Amador,005,37829,36,31,0,31,0
2020-07-04,Butte,007,227075,378,224,8,232,2
2020-07-04,Calaveras,009,45235,69,45,0,45,0
2020-07-04,Colusa,011,21464,123,76,0,76,0
2020-07-04,Contra Costa,013,1133247,4876,3583,6,3589,80
2020-07-04,Del Norte,015,27424,60,50,0,50,0
2020-07-04,El Dorado,017,186661,366,211,2,213,0
2020-07-04,Fresno,019,978130,11685,5999,90,6089,82
2020-07-04,Glenn,021,27897,187,128,0,128,0
2020-07-04,Humboldt,023,135768,177,144,1,145,3
2020-07-04,Imperial,025,180216,8540,6441,4,6445,47
2020-07-04,Inyo,027,18085,35,32,1,33,1
2020-07-04,Kern,029,883053,11684,5231,38,5269,81
2020-07-04,Kings,031,150075,3023,2509,10,2519,31
2020-07-04,Lake,033,64148,115,86,0,86,1
2020-07-04,Lassen,035,31185,258,219,2,221,0
2020-07-04,Los Angeles,037,10098052,131828,107256,81,107337,3462
2020-07-04,Madera,039,155013,1223,568,3,571,4
2020-07-04,Marin,041,260295,3418,1962,4,1966,17
2020-07-04,Mariposa,043,17540,36,28,0,28,1
2020-07-04,Mendocino,045,87422,104,72,0,72,0
2020-07-04,Merced,047,269075,2247,1252,2,1254,10
2020-07-04,Modoc,049,8938,1,0,0,0,0
2020-07-04,Mono,051,14174,54,37,0,37,1
2020-07-04,Monterey,053,433212,2620,1878,7,1885,15
2020-07-04,Napa,055,140530,571,426,0,426,4
2020-07-04,Nevada,057,99092,183,125,5,130,1
2020-07-04,Orange,059,3164182,27083,19247,272,19519,372
2020-07-04,Placer,061,380077,1130,796,3,799,11
2020-07-04,Plumas,063,18699,16,11,0,11,0
2020-07-04,Riverside,065,2383286,27332,21508,29,21537,474
2020-07-04,Sacramento,067,1510023,5499,4039,6,4045,71
2020-07-04,San Benito,069,59416,335,255,0,255,2
2020-07-04,San Bernardino,071,2135413,22673,14636,14,14650,270
2020-07-04,San Diego,073,3302833,20174,16166,2,16168,387
2020-07-04,San Francisco,075,870044,4458,3861,2,3863,50
2020-07-04,San Joaquin,077,732212,6849,4807,5,4812,57
2020-07-04,San Luis Obispo,079,281455,1033,699,7,706,2
2020-07-04,San Mateo,081,765935,4013,3532,6,3538,106
2020-07-04,Santa Barbara,083,443738,4302,3520,35,3555,27
2020-07-04,Santa Clara,085,1922200,6687,5045,18,5063,161
2020-07-04,Santa Cruz,087,273765,573,466,0,466,2
2020-07-04,Shasta,089,179085,252,135,1,136,6
2020-07-04,Sierra,091,2930,1,1,0,1,0
2020-07-04,Siskiyou,093,43540,39,30,0,30,0
2020-07-04,Solano,095,438530,2238,1548,9,1557,22
2020-07-04,Sonoma,097,501317,1816,1370,5,1375,8
2020-07-04,Stanislaus,099,539301,5134,3572,7,3579,44
2020-07-04,Sutter,101,95872,304,225,0,225,2
2020-07-04,Tehama,103,63373,117,92,2,94,1
2020-07-04,Trinity,105,12862,19,2,5,7,0
2020-07-04,Tulare,107,460477,6355,4802,14,4816,135
2020-07-04,Tuolumne,109,53932,63,30,2,32,0
2020-07-04,Ventura,111,848112,5079,3687,19,3706,44
2020-07-04,Yolo,113,214977,911,615,3,618,26
2020-07-04,Yuba,115,75493,130,102,0,102,1
2020-07-03,Alameda,001,1643700,7949,6486,12,6498,141
2020-07-03,Alpine,003,1148,1,1,0,1,0
2020-07-03,Amador,005,37829,36,25,0,25,0
2020-07-03,Butte,007,227075,366,212,8,220,2
2020-07-03,Calaveras,009,45235,69,44,0,44,0
2020-07-03,Colusa,011,21464,117,70,0,70,0
2020-07-03,Contra Costa,013,1133247,4742,3447,6,3453,78
2020-07-03,Del Norte,015,27424,60,50,0,50,0
2020-07-03,El Dorado,017,186661,354,201,2,203,0
2020-07-03,Fresno,019,978130,11380,5783,87,5870,81
2020-07-03,Glenn,021,27897,182,122,0,122,0
2020-07-03,Humboldt,023,135768,173,143,1,144,3
2020-07-03,Imperial,025,180216,8492,6345,4,6349,47
2020-07-03,Inyo,027,18085,35,32,1,33,1
2020-07-03,Kern,029,883053,11423,5213,38,5251,81
2020-07-03,Kings,031,150075,2987,2492,10,2502,31
2020-07-03,Lake,033,64148,108,83,0,83,0
2020-07-03,Lassen,035,31185,258,219,2,221,0
2020-07-03,Los Angeles,037,10098052,130312,107236,77,107313,3461
2020-07-03,Madera,039,155013,1178,565,3,568,4
2020-07-03,Marin,041,260295,3390,1776,4,1780,17
2020-07-03,Mariposa,043,17540,36,28,0,28,1
2020-07-03,Mendocino,045,87422,103,72,0,72,0
2020-07-03,Merced,047,269075,2181,1188,2,1190,10
2020-07-03,Modoc,049,8938,1,0,0,0,0
2020-07-03,Mono,051,14174,54,37,0,37,1
2020-07-03,Monterey,053,433212,2550,1804,7,1811,15
2020-07-03,Napa,055,140530,553,388,0,388,4
2020-07-03,Nevada,057,99092,182,125,5,130,1
2020-07-03,Orange,059,3164182,26692,18819,264,19083,366
2020-07-03,Placer,061,380077,1103,745,3,748,11
2020-07-03,Plumas,063,18699,16,11,0,11,0
2020-07-03,Riverside,065,2383286,27026,21171,29,21200,472
2020-07-03,Sacramento,067,1510023,5365,3711,6,3717,71
2020-07-03,San Benito,069,59416,328,243,0,243,2
2020-07-03,San Bernardino,071,2135413,22284,14040,14,14054,269
2020-07-03,San Diego,073,3302833,19719,15698,2,15700,387
2020-07-03,San Francisco,075,870044,4411,3781,2,3783,50
2020-07-03,San Joaquin,077,732212,6710,4416,4,4420,56
2020-07-03,San Luis Obispo,079,281455,998,676,7,683,2
2020-07-03,San Mateo,081,765935,3956,3439,6,3445,106
2020-07-03,Santa Barbara,083,443738,4215,3406,34,3440,27
2020-07-03,Santa Clara,085,1922200,6575,4820,18,4838,161
2020-07-03,Santa Cruz,087,273765,559,436,0,436,2
2020-07-03,Shasta,089,179085,244,113,1,114,6
2020-07-03,Sierra,091,2930,1,1,0,1,0
2020-07-03,Siskiyou,093,43540,36,30,0,30,0
2020-07-03,Solano,095,438530,2194,1496,8,1504,22
2020-07-03,Sonoma,097,501317,1767,1282,5,1287,8
2020-07-03,Stanislaus,099,539301,5010,3021,7,3028,43
2020-07-03,Sutter,101,95872,294,205,0,205,2
2020-07-03,Tehama,103,63373,115,89,2,91,1
2020-07-03,Trinity,105,12862,19,2,5,7,0
2020-07-03,Tulare,107,460477,6240,4656,14,4670,134
2020-07-03,Tuolumne,109,53932,61,27,2,29,0
2020-07-03,Ventura,111,848112,4983,3536,19,3555,44
2020-07-03,Yolo,113,214977,877,586,3,589,25
2020-07-03,Yuba,115,75493,125,96,0,96,1
2020-07-02,Alameda,001,1643700,7823,6386,12,6398,139
2020-07-02,Alpine,003,1148,1,1,0,1,0
2020-07-02,Amador,005,37829,35,23,0,23,0
2020-07-02,Butte,007,227075,349,199,8,207,2
2020-07-02,Calaveras,009,45235,65,42,0,42,0
2020-07-02,Colusa,011,21464,109,60,0,60,0
2020-07-02,Contra Costa,013,1133247,4558,3347,6,3353,77
2020-07-02,Del Norte,015,27424,59,50,0,50,0
2020-07-02,El Dorado,017,186661,343,193,2,195,0
2020-07-02,Fresno,019,978130,10920,5402,86,5488,78
2020-07-02,Glenn,021,27897,176,114,0,114,0
2020-07-02,Humboldt,023,135768,169,138,1,139,3
2020-07-02,Imperial,025,180216,8391,6236,4,6240,47
2020-07-02,Inyo,027,18085,35,29,1,30,1
2020-07-02,Kern,029,883053,10887,5036,36,5072,78
2020-07-02,Kings,031,150075,2936,2419,10,2429,31
2020-07-02,Lake,033,64148,104,81,0,81,0
2020-07-02,Lassen,035,31185,256,218,2,220,0
2020-07-02,Los Angeles,037,10098052,128294,107144,54,107198,3458
2020-07-02,Madera,039,155013,1110,548,3,551,4
2020-07-02,Marin,041,260295,3304,1706,4,1710,17
2020-07-02,Mariposa,043,17540,35,28,0,28,1
2020-07-02,Mendocino,045,87422,99,71,0,71,0
2020-07-02,Merced,047,269075,2084,1122,2,1124,10
2020-07-02,Modoc,049,8938,1,0,0,0,0
2020-07-02,Mono,051,14174,54,37,0,37,1
2020-07-02,Monterey,053,433212,2490,1796,7,1803,15
2020-07-02,Napa,055,140530,536,352,0,352,4
2020-07-02,Nevada,057,99092,176,118,4,122,1
2020-07-02,Orange,059,3164182,25928,17056,251,17307,360
2020-07-02,Placer,061,380077,1079,740,3,743,11
2020-07-02,Plumas,063,18699,15,8,0,8,0
2020-07-02,Riverside,065,2383286,26453,20253,29,20282,458
2020-07-02,Sacramento,067,1510023,5138,3587,6,3593,70
2020-07-02,San Benito,069,59416,320,236,0,236,2
2020-07-02,San Bernardino,071,2135413,21748,13185,14,13199,260
2020-07-02,San Diego,073,3302833,19254,15208,2,15210,377
2020-07-02,San Francisco,075,870044,4316,3676,2,3678,50
2020-07-02,San Joaquin,077,732212,6363,4243,4,4247,56
2020-07-02,San Luis Obispo,079,281455,953,659,7,666,2
2020-07-02,San Mateo,081,765935,3876,3390,6,3396,107
2020-07-02,Santa Barbara,083,443738,4115,3385,32,3417,27
2020-07-02,Santa Clara,085,1922200,6449,4722,18,4740,160
2020-07-02,Santa Cruz,087,273765,536,414,0,414,2
2020-07-02,Shasta,089,179085,241,110,1,111,5
2020-07-02,Sierra,091,2930,1,1,0,1,0
2020-07-02,Siskiyou,093,43540,36,30,0,30,0
2020-07-02,Solano,095,438530,2111,1429,8,1437,21
2020-07-02,Sonoma,097,501317,1709,1244,5,1249,6
2020-07-02,Stanislaus,099,539301,4838,2850,7,2857,41
2020-07-02,Sutter,101,95872,282,195,0,195,2
2020-07-02,Tehama,103,63373,113,86,2,88,1
2020-07-02,Trinity,105,12862,19,2,5,7,0
2020-07-02,Tulare,107,460477,6073,4559,13,4572,132
2020-07-02,Tuolumne,109,53932,58,23,2,25,0
2020-07-02,Ventura,111,848112,4827,3394,19,3413,42
2020-07-02,Yolo,113,214977,845,554,3,557,24
2020-07-02,Yuba,115,75493,115,93,0,93,1
2020-07-01,Alameda,001,1643700,7601,6125,12,6137,137
2020-07-01,Alpine,003,1148,1,1,0,1,0
2020-07-01,Amador,005,37829,34,22,0,22,0
2020-07-01,Butte,007,227075,324,185,8,193,2
2020-07-01,Calaveras,009,45235,63,37,0,37,0
2020-07-01,Colusa,011,21464,103,53,0,53,0
2020-07-01,Contra Costa,013,1133247,4346,3259,6,3265,76
2020-07-01,Del Norte,015,27424,59,50,0,50,0
2020-07-01,El Dorado,017,186661,316,183,2,185,0
2020-07-01,Fresno,019,978130,10486,5111,83,5194,76
2020-07-01,Glenn,021,27897,170,110,0,110,0
2020-07-01,Humboldt,023,135768,164,134,0,134,3
2020-07-01,Imperial,025,180216,8294,6150,4,6154,46
2020-07-01,Inyo,027,18085,34,30,1,31,1
2020-07-01,Kern,029,883053,10254,4853,34,4887,78
2020-07-01,Kings,031,150075,2868,2360,10,2370,30
2020-07-01,Lake,033,64148,103,75,0,75,0
2020-07-01,Lassen,035,31185,255,217,2,219,0
2020-07-01,Los Angeles,037,10098052,125089,105325,45,105370,3408
2020-07-01,Madera,039,155013,1069,519,3,522,4
2020-07-01,Marin,041,260295,3147,1636,4,1640,17
2020-07-01,Mariposa,043,17540,35,29,0,29,1
2020-07-01,Mendocino,045,87422,95,70,0,70,0
2020-07-01,Merced,047,269075,1986,1052,2,1054,10
2020-07-01,Modoc,049,8938,1,0,0,0,0
2020-07-01,Mono,051,14174,51,37,0,37,1
2020-07-01,Monterey,053,433212,2382,1703,6,1709,15
2020-07-01,Napa,055,140530,513,347,0,347,4
2020-07-01,Nevada,057,99092,166,115,4,119,1
2020-07-01,Orange,059,3164182,25043,15662,230,15892,343
2020-07-01,Placer,061,380077,1032,713,3,716,11
2020-07-01,Plumas,063,18699,13,8,0,8,0
2020-07-01,Riverside,065,2383286,25611,19537,28,19565,457
2020-07-01,Sacramento,067,1510023,4883,3425,6,3431,64
2020-07-01,San Benito,069,59416,311,219,0,219,2
2020-07-01,San Bernardino,071,2135413,20853,12712,11,12723,253
2020-07-01,San Diego,073,3302833,18686,14624,2,14626,372
2020-07-01,San Francisco,075,870044,4223,3626,2,3628,50
2020-07-01,San Joaquin,077,732212,6005,3990,4,3994,54
2020-07-01,San Luis Obispo,079,281455,926,613,7,620,1
2020-07-01,San Mateo,081,765935,3814,3326,6,3332,84
2020-07-01,Santa Barbara,083,443738,3995,3268,31,3299,27
2020-07-01,Santa Clara,085,1922200,6261,4547,17,4564,159
2020-07-01,Santa Cruz,087,273765,512,398,0,398,2
2020-07-01,Shasta,089,179085,236,104,1,105,5
2020-07-01,Sierra,091,2930,1,1,0,1,0
2020-07-01,Siskiyou,093,43540,36,28,0,28,0
2020-07-01,Solano,095,438530,2022,1350,8,1358,21
2020-07-01,Sonoma,097,501317,1614,1178,5,1183,6
2020-07-01,Stanislaus,099,539301,4559,2619,7,2626,41
2020-07-01,Sutter,101,95872,269,188,0,188,2
2020-07-01,Tehama,103,63373,106,80,2,82,1
2020-07-01,Trinity,105,12862,19,2,4,6,0
2020-07-01,Tulare,107,460477,5895,4359,13,4372,128
2020-07-01,Tuolumne,109,53932,55,17,2,19,0
2020-07-01,Ventura,111,848112,4684,3224,17,3241,41
2020-07-01,Yolo,113,214977,794,526,3,529,24
2020-07-01,Yuba,115,75493,110,57,0,57,1
2020-06-30,Alameda,001,1643700,7352,5959,10,5969,137
2020-06-30,Alpine,003,1148,1,1,0,1,0
2020-06-30,Amador,005,37829,34,21,0,21,0
2020-06-30,Butte,007,227075,307,163,8,171,2
2020-06-30,Calaveras,009,45235,58,31,0,31,0
2020-06-30,Colusa,011,21464,94,33,0,33,0
2020-06-30,Contra Costa,013,1133247,4139,3140,6,3146,75
2020-06-30,Del Norte,015,27424,59,48,0,48,0
2020-06-30,El Dorado,017,186661,303,175,2,177,0
2020-06-30,Fresno,019,978130,10039,4826,77,4903,75
2020-06-30,Glenn,021,27897,165,96,0,96,0
2020-06-30,Humboldt,023,135768,160,132,0,132,3
2020-06-30,Imperial,025,180216,8196,5968,4,5972,45
2020-06-30,Inyo,027,18085,34,30,1,31,1
2020-06-30,Kern,029,883053,9607,4721,31,4752,75
2020-06-30,Kings,031,150075,2819,2315,7,2322,30
2020-06-30,Lake,033,64148,95,56,0,56,0
2020-06-30,Lassen,035,31185,248,215,2,217,0
2020-06-30,Los Angeles,037,10098052,121507,103640,42,103682,3378
2020-06-30,Madera,039,155013,1012,475,3,478,4
2020-06-30,Marin,041,260295,3076,1614,4,1618,17
2020-06-30,Mariposa,043,17540,34,27,0,27,1
2020-06-30,Mendocino,045,87422,90,65,0,65,0
2020-06-30,Merced,047,269075,1849,970,2,972,10
2020-06-30,Modoc,049,8938,1,0,0,0,0
2020-06-30,Mono,051,14174,49,36,0,36,1
2020-06-30,Monterey,053,433212,2285,1657,6,1663,15
2020-06-30,Napa,055,140530,488,342,0,342,4
2020-06-30,Nevada,057,99092,158,113,4,117,1
2020-06-30,Orange,059,3164182,24112,14354,220,14574,335
2020-06-30,Placer,061,380077,1005,667,3,670,11
2020-06-30,Plumas,063,18699,12,8,0,8,0
2020-06-30,Riverside,065,2383286,24894,18656,27,18683,449
2020-06-30,Sacramento,067,1510023,4594,3246,6,3252,64
2020-06-30,San Benito,069,59416,300,200,0,200,2
2020-06-30,San Bernardino,071,2135413,19871,12375,10,12385,249
2020-06-30,San Diego,073,3302833,17981,14150,2,14152,365
2020-06-30,San Francisco,075,870044,4118,3555,1,3556,50
2020-06-30,San Joaquin,077,732212,5630,3744,4,3748,52
2020-06-30,San Luis Obispo,079,281455,888,583,7,590,1
2020-06-30,San Mateo,081,765935,3736,3268,6,3274,84
2020-06-30,Santa Barbara,083,443738,3879,3102,31,3133,25
2020-06-30,Santa Clara,085,1922200,6059,4346,17,4363,157
2020-06-30,Santa Cruz,087,273765,486,379,0,379,2
2020-06-30,Shasta,089,179085,220,100,1,101,5
2020-06-30,Sierra,091,2930,1,1,0,1,0
2020-06-30,Siskiyou,093,43540,35,26,0,26,0
2020-06-30,Solano,095,438530,1930,1256,8,1264,21
2020-06-30,Sonoma,097,501317,1550,1122,5,1127,6
2020-06-30,Stanislaus,099,539301,4261,2578,7,2585,41
2020-06-30,Sutter,101,95872,246,168,0,168,2
2020-06-30,Tehama,103,63373,104,75,2,77,1
2020-06-30,Trinity,105,12862,19,2,4,6,0
2020-06-30,Tulare,107,460477,5686,4207,13,4220,117
2020-06-30,Tuolumne,109,53932,51,16,2,18,0
2020-06-30,Ventura,111,848112,4550,3030,17,3047,40
2020-06-30,Yolo,113,214977,756,515,3,518,24
2020-06-30,Yuba,115,75493,106,55,0,55,1
2020-06-29,Alameda,001,1643700,7143,5766,10,5776,135
2020-06-29,Alpine,003,1148,1,1,0,1,0
2020-06-29,Amador,005,37829,31,20,0,20,0
2020-06-29,Butte,007,227075,286,157,8,165,2
2020-06-29,Calaveras,009,45235,56,30,0,30,0
2020-06-29,Colusa,011,21464,89,17,0,17,0
2020-06-29,Contra Costa,013,1133247,3976,2976,5,2981,75
2020-06-29,Del Norte,015,27424,59,47,0,47,0
2020-06-29,El Dorado,017,186661,289,163,0,163,0
2020-06-29,Fresno,019,978130,9691,4531,75,4606,74
2020-06-29,Glenn,021,27897,156,77,0,77,0
2020-06-29,Humboldt,023,135768,159,128,0,128,3
2020-06-29,Imperial,025,180216,8065,5512,4,5516,45
2020-06-29,Inyo,027,18085,33,29,0,29,1
2020-06-29,Kern,029,883053,8944,4613,29,4642,73
2020-06-29,Kings,031,150075,2754,2280,7,2287,20
2020-06-29,Lake,033,64148,88,53,0,53,0
2020-06-29,Lassen,035,31185,240,77,2,79,0
2020-06-29,Los Angeles,037,10098052,118469,100846,36,100882,3337
2020-06-29,Madera,039,155013,955,422,3,425,4
2020-06-29,Marin,041,260295,3000,1517,4,1521,17
2020-06-29,Mariposa,043,17540,32,25,0,25,1
2020-06-29,Mendocino,045,87422,87,63,0,63,0
2020-06-29,Merced,047,269075,1743,848,2,850,10
2020-06-29,Modoc,049,8938,1,0,0,0,0
2020-06-29,Mono,051,14174,47,35,0,35,1
2020-06-29,Monterey,053,433212,2213,1614,6,1620,14
2020-06-29,Napa,055,140530,466,317,0,317,4
2020-06-29,Nevada,057,99092,155,107,3,110,1
2020-06-29,Orange,059,3164182,23122,13682,204,13886,324
2020-06-29,Placer,061,380077,969,628,3,631,11
2020-06-29,Plumas,063,18699,12,6,0,6,0
2020-06-29,Riverside,065,2383286,23860,17683,27,17710,432
2020-06-29,Sacramento,067,1510023,4307,2985,6,2991,62
2020-06-29,San Benito,069,59416,285,193,0,193,2
2020-06-29,San Bernardino,071,2135413,18910,11643,10,11653,245
2020-06-29,San Diego,073,3302833,17403,13834,2,13836,361
2020-06-29,San Francisco,075,870044,4041,3389,1,3390,50
2020-06-29,San Joaquin,077,732212,5272,3202,4,3206,52
2020-06-29,San Luis Obispo,079,281455,854,544,7,551,1
2020-06-29,San Mateo,081,765935,3682,3170,6,3176,84
2020-06-29,Santa Barbara,083,443738,3770,2933,30,2963,25
2020-06-29,Santa Clara,085,1922200,5888,4231,17,4248,157
2020-06-29,Santa Cruz,087,273765,468,348,0,348,2
2020-06-29,Shasta,089,179085,212,94,1,95,5
2020-06-29,Sierra,091,2930,1,1,0,1,0
2020-06-29,Siskiyou,093,43540,35,25,0,25,0
2020-06-29,Solano,095,438530,1828,1077,8,1085,21
2020-06-29,Sonoma,097,501317,1478,1103,5,1108,5
2020-06-29,Stanislaus,099,539301,4055,2400,6,2406,36
2020-06-29,Sutter,101,95872,224,152,0,152,2
2020-06-29,Tehama,103,63373,100,63,2,65,1
2020-06-29,Trinity,105,12862,18,2,4,6,0
2020-06-29,Tulare,107,460477,5531,3906,12,3918,117
2020-06-29,Tuolumne,109,53932,47,16,2,18,0
2020-06-29,Ventura,111,848112,4403,2794,17,2811,40
2020-06-29,Yolo,113,214977,723,483,3,486,24
2020-06-29,Yuba,115,75493,93,55,0,55,1
2020-06-28,Alameda,001,1643700,6884,5698,10,5708,135
2020-06-28,Alpine,003,1148,1,1,0,1,0
2020-06-28,Amador,005,37829,29,20,0,20,0
2020-06-28,Butte,007,227075,266,150,8,158,2
2020-06-28,Calaveras,009,45235,51,30,0,30,0
2020-06-28,Colusa,011,21464,74,17,0,17,0
2020-06-28,Contra Costa,013,1133247,3786,2803,4,2807,73
2020-06-28,Del Norte,015,27424,58,47,0,47,0
2020-06-28,El Dorado,017,186661,277,162,0,162,0
2020-06-28,Fresno,019,978130,9329,4365,75,4440,74
2020-06-28,Glenn,021,27897,148,77,0,77,0
2020-06-28,Humboldt,023,135768,156,127,0,127,3
2020-06-28,Imperial,025,180216,7876,5513,4,5517,45
2020-06-28,Inyo,027,18085,33,29,0,29,1
2020-06-28,Kern,029,883053,8393,4541,27,4568,72
2020-06-28,Kings,031,150075,2694,2234,7,2241,18
2020-06-28,Lake,033,64148,84,53,0,53,0
2020-06-28,Lassen,035,31185,240,77,2,79,0
2020-06-28,Los Angeles,037,10098052,115267,98003,32,98035,3316
2020-06-28,Madera,039,155013,907,424,3,427,4
2020-06-28,Marin,041,260295,2654,1473,4,1477,17
2020-06-28,Mariposa,043,17540,32,24,0,24,1
2020-06-28,Mendocino,045,87422,85,63,0,63,0
2020-06-28,Merced,047,269075,1630,814,2,816,10
2020-06-28,Modoc,049,8938,1,0,0,0,0
2020-06-28,Mono,051,14174,47,35,0,35,1
2020-06-28,Monterey,053,433212,2131,1560,6,1566,13
2020-06-28,Napa,055,140530,432,307,0,307,4
2020-06-28,Nevada,057,99092,144,102,3,105,1
2020-06-28,Orange,059,3164182,22148,13213,186,13399,324
2020-06-28,Placer,061,380077,930,618,3,621,11
2020-06-28,Plumas,063,18699,11,6,0,6,0
2020-06-28,Riverside,065,2383286,23032,16848,26,16874,432
2020-06-28,Sacramento,067,1510023,4079,2803,6,2809,63
2020-06-28,San Benito,069,59416,274,190,0,190,2
2020-06-28,San Bernardino,071,2135413,18157,11344,9,11353,245
2020-06-28,San Diego,073,3302833,16858,13333,2,13335,361
2020-06-28,San Francisco,075,870044,3962,3388,1,3389,50
2020-06-28,San Joaquin,077,732212,4935,3201,4,3205,52
2020-06-28,San Luis Obispo,079,281455,815,531,6,537,1
2020-06-28,San Mateo,081,765935,3604,3124,6,3130,84
2020-06-28,Santa Barbara,083,443738,3625,2872,30,2902,25
2020-06-28,Santa Clara,085,1922200,5726,4131,17,4148,156
2020-06-28,Santa Cruz,087,273765,445,349,0,349,2
2020-06-28,Shasta,089,179085,199,89,0,89,5
2020-06-28,Sierra,091,2930,1,1,0,1,0
2020-06-28,Siskiyou,093,43540,35,25,0,25,0
2020-06-28,Solano,095,438530,1753,1077,8,1085,21
2020-06-28,Sonoma,097,501317,1424,1084,5,1089,5
2020-06-28,Stanislaus,099,539301,3849,2376,6,2382,36
2020-06-28,Sutter,101,95872,198,145,0,145,2
2020-06-28,Tehama,103,63373,93,63,2,65,1
2020-06-28,Trinity,105,12862,17,2,4,6,0
2020-06-28,Tulare,107,460477,5363,3812,12,3824,117
2020-06-28,Tuolumne,109,53932,42,14,2,16,0
2020-06-28,Ventura,111,848112,4245,2650,17,2667,40
2020-06-28,Yolo,113,214977,688,468,3,471,24
2020-06-28,Yuba,115,75493,89,39,0,39,1
2020-06-27,Alameda,001,1643700,6788,5581,10,5591,135
2020-06-27,Alpine,003,1148,1,1,0,1,0
2020-06-27,Amador,005,37829,27,20,0,20,0
2020-06-27,Butte,007,227075,258,137,8,145,2
2020-06-27,Calaveras,009,45235,49,30,0,30,0
2020-06-27,Colusa,011,21464,68,17,0,17,0
2020-06-27,Contra Costa,013,1133247,3691,2717,3,2720,72
2020-06-27,Del Norte,015,27424,58,47,0,47,0
2020-06-27,El Dorado,017,186661,271,159,0,159,0
2020-06-27,Fresno,019,978130,9083,4238,75,4313,74
2020-06-27,Glenn,021,27897,144,77,0,77,0
2020-06-27,Humboldt,023,135768,154,127,0,127,3
2020-06-27,Imperial,025,180216,7815,5513,4,5517,45
2020-06-27,Inyo,027,18085,33,29,0,29,1
2020-06-27,Kern,029,883053,8129,4411,26,4437,70
2020-06-27,Kings,031,150075,2668,2187,7,2194,18
2020-06-27,Lake,033,64148,81,42,0,42,0
2020-06-27,Lassen,035,31185,240,33,2,35,0
2020-06-27,Los Angeles,037,10098052,113525,95341,29,95370,3291
2020-06-27,Madera,039,155013,864,427,2,429,4
2020-06-27,Marin,041,260295,2609,1423,4,1427,17
2020-06-27,Mariposa,043,17540,31,22,0,22,1
2020-06-27,Mendocino,045,87422,85,63,0,63,0
2020-06-27,Merced,047,269075,1572,807,1,808,10
2020-06-27,Modoc,049,8938,1,0,0,0,0
2020-06-27,Mono,051,14174,46,35,0,35,1
2020-06-27,Monterey,053,433212,2067,1455,6,1461,12
2020-06-27,Napa,055,140530,422,282,0,282,3
2020-06-27,Nevada,057,99092,140,102,2,104,1
2020-06-27,Orange,059,3164182,21637,12951,181,13132,320
2020-06-27,Placer,061,380077,909,584,3,587,10
2020-06-27,Plumas,063,18699,11,6,0,6,0
2020-06-27,Riverside,065,2383286,22643,16209,26,16235,432
2020-06-27,Sacramento,067,1510023,3962,2685,6,2691,63
2020-06-27,San Benito,069,59416,267,182,0,182,2
2020-06-27,San Bernardino,071,2135413,17779,11238,9,11247,243
2020-06-27,San Diego,073,3302833,16493,12836,2,12838,360
2020-06-27,San Francisco,075,870044,3907,3332,1,3333,49
2020-06-27,San Joaquin,077,732212,4769,2995,4,2999,52
2020-06-27,San Luis Obispo,079,281455,792,505,6,511,1
2020-06-27,San Mateo,081,765935,3547,3083,6,3089,83
2020-06-27,Santa Barbara,083,443738,3553,2799,30,2829,25
2020-06-27,Santa Clara,085,1922200,5620,4006,17,4023,157
2020-06-27,Santa Cruz,087,273765,438,347,0,347,2
2020-06-27,Shasta,089,179085,193,87,0,87,5
2020-06-27,Sierra,091,2930,1,1,0,1,0
2020-06-27,Siskiyou,093,43540,35,25,0,25,0
2020-06-27,Solano,095,438530,1720,1076,8,1084,21
2020-06-27,Sonoma,097,501317,1392,1004,5,1009,5
2020-06-27,Stanislaus,099,539301,3749,2164,6,2170,36
2020-06-27,Sutter,101,95872,191,141,0,141,2
2020-06-27,Tehama,103,63373,90,63,2,65,1
2020-06-27,Trinity,105,12862,17,2,4,6,0
2020-06-27,Tulare,107,460477,5267,3810,12,3822,117
2020-06-27,Tuolumne,109,53932,41,13,2,15,0
2020-06-27,Ventura,111,848112,4145,2471,17,2488,40
2020-06-27,Yolo,113,214977,664,432,3,435,24
2020-06-27,Yuba,115,75493,81,39,0,39,1
2020-06-26,Alameda,001,1643700,6702,5502,9,5511,132
2020-06-26,Alpine,003,1148,1,1,0,1,0
2020-06-26,Amador,005,37829,26,20,0,20,0
2020-06-26,Butte,007,227075,243,135,8,143,2
2020-06-26,Calaveras,009,45235,47,30,0,30,0
2020-06-26,Colusa,011,21464,63,17,0,17,0
2020-06-26,Contra Costa,013,1133247,3579,2676,3,2679,72
2020-06-26,Del Norte,015,27424,57,47,0,47,0
2020-06-26,El Dorado,017,186661,263,159,0,159,0
2020-06-26,Fresno,019,978130,8857,4166,75,4241,74
2020-06-26,Glenn,021,27897,137,71,0,71,0
2020-06-26,Humboldt,023,135768,152,126,0,126,3
2020-06-26,Imperial,025,180216,7752,5400,4,5404,44
2020-06-26,Inyo,027,18085,32,29,0,29,1
2020-06-26,Kern,029,883053,7799,4366,26,4392,70
2020-06-26,Kings,031,150075,2636,2176,6,2182,18
2020-06-26,Lake,033,64148,80,42,0,42,0
2020-06-26,Lassen,035,31185,239,30,2,32,0
2020-06-26,Los Angeles,037,10098052,111360,93328,29,93357,3275
2020-06-26,Madera,039,155013,832,409,2,411,4
2020-06-26,Marin,041,260295,2572,1406,4,1410,17
2020-06-26,Mariposa,043,17540,30,21,0,21,1
2020-06-26,Mendocino,045,87422,82,63,0,63,0
2020-06-26,Merced,047,269075,1526,797,1,798,10
2020-06-26,Modoc,049,8938,1,0,0,0,0
2020-06-26,Mono,051,14174,45,35,0,35,1
2020-06-26,Monterey,053,433212,2015,1449,6,1455,12
2020-06-26,Napa,055,140530,412,277,0,277,3
2020-06-26,Nevada,057,99092,136,101,1,102,1
2020-06-26,Orange,059,3164182,20961,12659,178,12837,320
2020-06-26,Placer,061,380077,880,584,3,587,10
2020-06-26,Plumas,063,18699,11,6,0,6,0
2020-06-26,Riverside,065,2383286,22180,15858,26,15884,430
2020-06-26,Sacramento,067,1510023,3797,2687,6,2693,63
2020-06-26,San Benito,069,59416,263,176,0,176,2
2020-06-26,San Bernardino,071,2135413,17403,11111,9,11120,243
2020-06-26,San Diego,073,3302833,16128,12402,2,12404,358
2020-06-26,San Francisco,075,870044,3852,3330,1,3331,49
2020-06-26,San Joaquin,077,732212,4555,2943,4,2947,52
2020-06-26,San Luis Obispo,079,281455,777,498,6,504,1
2020-06-26,San Mateo,081,765935,3495,3055,6,3061,83
2020-06-26,Santa Barbara,083,443738,3463,2784,28,2812,25
2020-06-26,Santa Clara,085,1922200,5519,3968,17,3985,156
2020-06-26,Santa Cruz,087,273765,431,344,0,344,2
2020-06-26,Shasta,089,179085,186,86,0,86,5
2020-06-26,Sierra,091,2930,1,1,0,1,0
2020-06-26,Siskiyou,093,43540,34,24,0,24,0
2020-06-26,Solano,095,438530,1678,1068,8,1076,21
2020-06-26,Sonoma,097,501317,1361,977,5,982,5
2020-06-26,Stanislaus,099,539301,3636,2157,6,2163,36
2020-06-26,Sutter,101,95872,184,138,0,138,2
2020-06-26,Tehama,103,63373,87,63,2,65,1
2020-06-26,Trinity,105,12862,17,2,4,6,0
2020-06-26,Tulare,107,460477,5178,3720,12,3732,117
2020-06-26,Tuolumne,109,53932,39,10,2,12,0
2020-06-26,Ventura,111,848112,4059,2444,17,2461,40
2020-06-26,Yolo,113,214977,641,418,3,421,24
2020-06-26,Yuba,115,75493,75,38,0,38,1
2020-06-25,Alameda,001,1643700,6513,5398,9,5407,130
2020-06-25,Alpine,003,1148,1,1,0,1,0
2020-06-25,Amador,005,37829,25,18,0,18,0
2020-06-25,Butte,007,227075,238,127,8,135,1
2020-06-25,Calaveras,009,45235,42,26,0,26,0
2020-06-25,Colusa,011,21464,53,14,0,14,0
2020-06-25,Contra Costa,013,1133247,3394,2591,3,2594,71
2020-06-25,Del Norte,015,27424,55,47,0,47,0
2020-06-25,El Dorado,017,186661,255,150,0,150,0
2020-06-25,Fresno,019,978130,8544,3938,74,4012,71
2020-06-25,Glenn,021,27897,132,59,0,59,0
2020-06-25,Humboldt,023,135768,151,121,0,121,3
2020-06-25,Imperial,025,180216,7623,5192,4,5196,44
2020-06-25,Inyo,027,18085,29,27,0,27,1
2020-06-25,Kern,029,883053,7374,4236,23,4259,69
2020-06-25,Kings,031,150075,2584,2110,6,2116,17
2020-06-25,Lake,033,64148,79,42,0,42,0
2020-06-25,Lassen,035,31185,233,13,2,15,0
2020-06-25,Los Angeles,037,10098052,108594,91524,29,91553,3239
2020-06-25,Madera,039,155013,788,380,2,382,4
2020-06-25,Marin,041,260295,2470,1321,4,1325,17
2020-06-25,Mariposa,043,17540,29,20,0,20,1
2020-06-25,Mendocino,045,87422,79,61,0,61,0
2020-06-25,Merced,047,269075,1439,747,1,748,10
2020-06-25,Modoc,049,8938,1,0,0,0,0
2020-06-25,Mono,051,14174,44,35,0,35,1
2020-06-25,Monterey,053,433212,1927,1426,5,1431,12
2020-06-25,Napa,055,140530,394,260,0,260,3
2020-06-25,Nevada,057,99092,128,92,1,93,1
2020-06-25,Orange,059,3164182,20039,12221,176,12397,311
2020-06-25,Placer,061,380077,826,574,3,577,10
2020-06-25,Plumas,063,18699,10,6,0,6,0
2020-06-25,Riverside,065,2383286,21425,15224,26,15250,427
2020-06-25,Sacramento,067,1510023,3574,2519,6,2525,62
2020-06-25,San Benito,069,59416,255,174,0,174,2
2020-06-25,San Bernardino,071,2135413,16650,10590,9,10599,242
2020-06-25,San Diego,073,3302833,15589,11963,2,11965,352
2020-06-25,San Francisco,075,870044,3786,3252,1,3253,48
2020-06-25,San Joaquin,077,732212,4282,2803,4,2807,50
2020-06-25,San Luis Obispo,079,281455,745,473,6,479,1
2020-06-25,San Mateo,081,765935,3427,2996,6,3002,82
2020-06-25,Santa Barbara,083,443738,3358,2622,27,2649,25
2020-06-25,Santa Clara,085,1922200,5370,3871,17,3888,156
2020-06-25,Santa Cruz,087,273765,419,335,0,335,2
2020-06-25,Shasta,089,179085,176,84,0,84,5
2020-06-25,Sierra,091,2930,1,1,0,1,0
2020-06-25,Siskiyou,093,43540,33,24,0,24,0
2020-06-25,Solano,095,438530,1625,1034,8,1042,21
2020-06-25,Sonoma,097,501317,1312,953,4,957,5
2020-06-25,Stanislaus,099,539301,3424,2130,6,2136,36
2020-06-25,Sutter,101,95872,172,126,0,126,2
2020-06-25,Tehama,103,63373,83,59,2,61,1
2020-06-25,Trinity,105,12862,17,2,4,6,0
2020-06-25,Tulare,107,460477,5047,3656,12,3668,117
2020-06-25,Tuolumne,109,53932,38,10,1,11,0
2020-06-25,Ventura,111,848112,3877,2346,16,2362,40
2020-06-25,Yolo,113,214977,612,397,3,400,24
2020-06-25,Yuba,115,75493,64,38,0,38,1
2020-06-24,Alameda,001,1643700,6351,5242,9,5251,123
2020-06-24,Alpine,003,1148,1,1,0,1,0
2020-06-24,Amador,005,37829,23,16,0,16,0
2020-06-24,Butte,007,227075,222,119,7,126,1
2020-06-24,Calaveras,009,45235,40,26,0,26,0
2020-06-24,Colusa,011,21464,44,11,0,11,0
2020-06-24,Contra Costa,013,1133247,3239,2520,3,2523,66
2020-06-24,Del Norte,015,27424,49,47,0,47,0
2020-06-24,El Dorado,017,186661,239,149,0,149,0
2020-06-24,Fresno,019,978130,8213,3765,74,3839,71
2020-06-24,Glenn,021,27897,124,54,0,54,0
2020-06-24,Humboldt,023,135768,151,117,0,117,3
2020-06-24,Imperial,025,180216,7505,5138,4,5142,38
2020-06-24,Inyo,027,18085,29,28,0,28,1
2020-06-24,Kern,029,883053,6981,4155,21,4176,67
2020-06-24,Kings,031,150075,2520,2063,6,2069,16
2020-06-24,Lake,033,64148,66,40,0,40,0
2020-06-24,Lassen,035,31185,232,9,2,11,0
2020-06-24,Los Angeles,037,10098052,105830,89566,29,89595,3186
2020-06-24,Madera,039,155013,766,373,2,375,4
2020-06-24,Marin,041,260295,2242,1261,4,1265,17
2020-06-24,Mariposa,043,17540,28,19,0,19,1
2020-06-24,Mendocino,045,87422,79,60,0,60,0
2020-06-24,Merced,047,269075,1353,696,1,697,8
2020-06-24,Modoc,049,8938,1,0,0,0,0
2020-06-24,Mono,051,14174,42,35,0,35,1
2020-06-24,Monterey,053,433212,1850,1407,5,1412,12
2020-06-24,Napa,055,140530,377,258,0,258,3
2020-06-24,Nevada,057,99092,122,92,1,93,1
2020-06-24,Orange,059,3164182,19042,11804,158,11962,303
2020-06-24,Placer,061,380077,787,548,3,551,10
2020-06-24,Plumas,063,18699,10,6,0,6,0
2020-06-24,Riverside,065,2383286,20577,14946,26,14972,410
2020-06-24,Sacramento,067,1510023,3370,2446,5,2451,62
2020-06-24,San Benito,069,59416,251,171,0,171,2
2020-06-24,San Bernardino,071,2135413,15836,10211,9,10220,239
2020-06-24,San Diego,073,3302833,15086,11628,2,11630,347
2020-06-24,San Francisco,075,870044,3723,3216,1,3217,48
2020-06-24,San Joaquin,077,732212,4061,2680,4,2684,49
2020-06-24,San Luis Obispo,079,281455,714,461,5,466,1
2020-06-24,San Mateo,081,765935,3370,2964,6,2970,82
2020-06-24,Santa Barbara,083,443738,3239,2569,25,2594,22
2020-06-24,Santa Clara,085,1922200,5239,3812,17,3829,155
2020-06-24,Santa Cruz,087,273765,407,329,0,329,2
2020-06-24,Shasta,089,179085,168,83,0,83,5
2020-06-24,Sierra,091,2930,1,1,0,1,0
2020-06-24,Siskiyou,093,43540,32,24,0,24,0
2020-06-24,Solano,095,438530,1535,979,7,986,21
2020-06-24,Sonoma,097,501317,1263,933,4,937,4
2020-06-24,Stanislaus,099,539301,3245,2039,6,2045,36
2020-06-24,Sutter,101,95872,159,118,0,118,2
2020-06-24,Tehama,103,63373,81,55,2,57,1
2020-06-24,Trinity,105,12862,16,2,3,5,0
2020-06-24,Tulare,107,460477,4892,3541,10,3551,116
2020-06-24,Tuolumne,109,53932,33,9,1,10,0
2020-06-24,Ventura,111,848112,3536,2314,16,2330,42
2020-06-24,Yolo,113,214977,577,376,3,379,24
2020-06-24,Yuba,115,75493,58,37,0,37,1
2020-06-23,Alameda,001,1643700,6170,5159,9,5168,121
2020-06-23,Alpine,003,1148,1,1,0,1,0
2020-06-23,Amador,005,37829,22,13,0,13,0
2020-06-23,Butte,007,227075,204,111,7,118,1
2020-06-23,Calaveras,009,45235,40,26,0,26,0
2020-06-23,Colusa,011,21464,40,7,0,7,0
2020-06-23,Contra Costa,013,1133247,3113,2453,3,2456,60
2020-06-23,Del Norte,015,27424,48,46,0,46,0
2020-06-23,El Dorado,017,186661,230,142,0,142,0
2020-06-23,Fresno,019,978130,7561,3569,72,3641,67
2020-06-23,Glenn,021,27897,120,47,0,47,0
2020-06-23,Humboldt,023,135768,151,110,0,110,3
2020-06-23,Imperial,025,180216,7342,5025,4,5029,38
2020-06-23,Inyo,027,18085,29,26,0,26,1
2020-06-23,Kern,029,883053,6613,4087,18,4105,64
2020-06-23,Kings,031,150075,2455,1727,6,1733,16
2020-06-23,Lake,033,64148,60,40,0,40,0
2020-06-23,Lassen,035,31185,228,9,2,11,0
2020-06-23,Los Angeles,037,10098052,102885,88433,28,88461,3152
2020-06-23,Madera,039,155013,727,369,2,371,4
2020-06-23,Marin,041,260295,1974,1139,4,1143,17
2020-06-23,Mariposa,043,17540,26,18,0,18,1
2020-06-23,Mendocino,045,87422,78,61,0,61,0
2020-06-23,Merced,047,269075,1255,656,1,657,8
2020-06-23,Modoc,049,8938,1,0,0,0,0
2020-06-23,Mono,051,14174,42,35,0,35,1
2020-06-23,Monterey,053,433212,1780,1346,5,1351,12
2020-06-23,Napa,055,140530,362,230,0,230,3
2020-06-23,Nevada,057,99092,116,81,1,82,1
2020-06-23,Orange,059,3164182,18073,11071,155,11226,278
2020-06-23,Placer,061,380077,761,525,3,528,10
2020-06-23,Plumas,063,18699,9,6,0,6,0
2020-06-23,Riverside,065,2383286,19558,14469,26,14495,406
2020-06-23,Sacramento,067,1510023,3191,2374,5,2379,62
2020-06-23,San Benito,069,59416,237,167,0,167,2
2020-06-23,San Bernardino,071,2135413,15055,9771,9,9780,229
2020-06-23,San Diego,073,3302833,14566,11296,2,11298,341
2020-06-23,San Francisco,075,870044,3649,3177,1,3178,48
2020-06-23,San Joaquin,077,732212,3802,2502,4,2506,48
2020-06-23,San Luis Obispo,079,281455,683,445,5,450,1
2020-06-23,San Mateo,081,765935,3305,2907,6,2913,81
2020-06-23,Santa Barbara,083,443738,3144,2498,25,2523,22
2020-06-23,Santa Clara,085,1922200,5093,3700,17,3717,155
2020-06-23,Santa Cruz,087,273765,397,313,0,313,2
2020-06-23,Shasta,089,179085,159,81,0,81,5
2020-06-23,Sierra,091,2930,1,1,0,1,0
2020-06-23,Siskiyou,093,43540,30,24,0,24,0
2020-06-23,Solano,095,438530,1478,941,6,947,21
2020-06-23,Sonoma,097,501317,1210,912,4,916,4
2020-06-23,Stanislaus,099,539301,3069,1850,6,1856,35
2020-06-23,Sutter,101,95872,149,112,0,112,2
2020-06-23,Tehama,103,63373,79,50,2,52,1
2020-06-23,Trinity,105,12862,16,2,3,5,0
2020-06-23,Tulare,107,460477,4770,3456,10,3466,111
2020-06-23,Tuolumne,109,53932,28,9,0,9,0
2020-06-23,Ventura,111,848112,3376,2209,15,2224,40
2020-06-23,Yolo,113,214977,551,350,0,350,24
2020-06-23,Yuba,115,75493,55,35,0,35,1
2020-06-22,Alameda,001,1643700,6019,4944,9,4953,121
2020-06-22,Alpine,003,1148,1,1,0,1,0
2020-06-22,Amador,005,37829,19,12,0,12,0
2020-06-22,Butte,007,227075,185,104,7,111,1
2020-06-22,Calaveras,009,45235,38,20,0,20,0
2020-06-22,Colusa,011,21464,37,7,0,7,0
2020-06-22,Contra Costa,013,1133247,2971,2363,3,2366,60
2020-06-22,Del Norte,015,27424,48,46,0,46,0
2020-06-22,El Dorado,017,186661,221,137,0,137,0
2020-06-22,Fresno,019,978130,7029,3425,72,3497,67
2020-06-22,Glenn,021,27897,111,40,0,40,0
2020-06-22,Humboldt,023,135768,148,110,0,110,3
2020-06-22,Imperial,025,180216,7185,4700,4,4704,38
2020-06-22,Inyo,027,18085,29,26,0,26,1
2020-06-22,Kern,029,883053,6261,3982,16,3998,60
2020-06-22,Kings,031,150075,2406,1513,6,1519,13
2020-06-22,Lake,033,64148,54,37,0,37,0
2020-06-22,Lassen,035,31185,118,7,2,9,0
2020-06-22,Los Angeles,037,10098052,99987,85925,26,85951,3117
2020-06-22,Madera,039,155013,702,333,2,335,4
2020-06-22,Marin,041,260295,1717,1029,4,1033,17
2020-06-22,Mariposa,043,17540,25,18,0,18,1
2020-06-22,Mendocino,045,87422,73,48,0,48,0
2020-06-22,Merced,047,269075,1166,619,1,620,8
2020-06-22,Modoc,049,8938,1,0,0,0,0
2020-06-22,Mono,051,14174,42,34,0,34,1
2020-06-22,Monterey,053,433212,1719,1293,5,1298,12
2020-06-22,Napa,055,140530,338,222,0,222,3
2020-06-22,Nevada,057,99092,111,79,1,80,1
2020-06-22,Orange,059,3164182,17141,10711,152,10863,275
2020-06-22,Placer,061,380077,735,512,3,515,9
2020-06-22,Plumas,063,18699,7,6,0,6,0
2020-06-22,Riverside,065,2383286,18586,13948,26,13974,403
2020-06-22,Sacramento,067,1510023,2974,2243,5,2248,62
2020-06-22,San Benito,069,59416,228,164,0,164,2
2020-06-22,San Bernardino,071,2135413,14281,9133,9,9142,229
2020-06-22,San Diego,073,3302833,14074,11098,2,11100,338
2020-06-22,San Francisco,075,870044,3556,3000,1,3001,47
2020-06-22,San Joaquin,077,732212,3554,2332,4,2336,48
2020-06-22,San Luis Obispo,079,281455,650,422,5,427,1
2020-06-22,San Mateo,081,765935,3232,2813,5,2818,81
2020-06-22,Santa Barbara,083,443738,3052,2447,25,2472,21
2020-06-22,Santa Clara,085,1922200,4930,3580,17,3597,155
2020-06-22,Santa Cruz,087,273765,384,290,0,290,3
2020-06-22,Shasta,089,179085,156,77,0,77,5
2020-06-22,Sierra,091,2930,1,1,0,1,0
2020-06-22,Siskiyou,093,43540,30,23,0,23,0
2020-06-22,Solano,095,438530,1400,784,5,789,21
2020-06-22,Sonoma,097,501317,1166,860,2,862,4
2020-06-22,Stanislaus,099,539301,2884,1784,6,1790,35
2020-06-22,Sutter,101,95872,140,100,0,100,2
2020-06-22,Tehama,103,63373,75,38,2,40,1
2020-06-22,Trinity,105,12862,16,2,3,5,0
2020-06-22,Tulare,107,460477,4633,3185,10,3195,111
2020-06-22,Tuolumne,109,53932,19,8,0,8,0
2020-06-22,Ventura,111,848112,3227,2065,15,2080,39
2020-06-22,Yolo,113,214977,525,333,0,333,24
2020-06-22,Yuba,115,75493,50,36,0,36,1
2020-06-21,Alameda,001,1643700,5824,4835,9,4844,121
2020-06-21,Alpine,003,1148,1,1,0,1,0
2020-06-21,Amador,005,37829,14,12,0,12,0
2020-06-21,Butte,007,227075,171,97,7,104,1
2020-06-21,Calaveras,009,45235,38,20,0,20,0
2020-06-21,Colusa,011,21464,29,7,0,7,0
2020-06-21,Contra Costa,013,1133247,2845,2282,3,2285,60
2020-06-21,Del Norte,015,27424,47,46,0,46,0
2020-06-21,El Dorado,017,186661,212,132,0,132,0
2020-06-21,Fresno,019,978130,6459,3296,70,3366,67
2020-06-21,Glenn,021,27897,102,40,0,40,0
2020-06-21,Humboldt,023,135768,143,108,0,108,3
2020-06-21,Imperial,025,180216,7002,4701,4,4705,38
2020-06-21,Inyo,027,18085,27,26,0,26,1
2020-06-21,Kern,029,883053,5969,3918,14,3932,60
2020-06-21,Kings,031,150075,2342,1334,6,1340,11
2020-06-21,Lake,033,64148,49,36,0,36,0
2020-06-21,Lassen,035,31185,25,7,2,9,0
2020-06-21,Los Angeles,037,10098052,97096,83383,25,83408,3101
2020-06-21,Madera,039,155013,668,319,2,321,4
2020-06-21,Marin,041,260295,1560,907,4,911,17
2020-06-21,Mariposa,043,17540,22,18,0,18,1
2020-06-21,Mendocino,045,87422,70,48,0,48,0
2020-06-21,Merced,047,269075,1071,577,1,578,8
2020-06-21,Modoc,049,8938,1,0,0,0,0
2020-06-21,Mono,051,14174,42,34,0,34,1
2020-06-21,Monterey,053,433212,1646,1227,5,1232,12
2020-06-21,Napa,055,140530,323,218,0,218,3
2020-06-21,Nevada,057,99092,108,79,1,80,1
2020-06-21,Orange,059,3164182,16308,10563,148,10711,275
2020-06-21,Placer,061,380077,695,498,3,501,9
2020-06-21,Plumas,063,18699,7,6,0,6,0
2020-06-21,Riverside,065,2383286,17880,13528,25,13553,402
2020-06-21,Sacramento,067,1510023,2773,2156,4,2160,62
2020-06-21,San Benito,069,59416,214,151,0,151,2
2020-06-21,San Bernardino,071,2135413,13507,8925,8,8933,229
2020-06-21,San Diego,073,3302833,13528,10796,2,10798,338
2020-06-21,San Francisco,075,870044,3450,3000,1,3001,47
2020-06-21,San Joaquin,077,732212,3318,2188,4,2192,48
2020-06-21,San Luis Obispo,079,281455,624,418,5,423,1
2020-06-21,San Mateo,081,765935,3174,2781,5,2786,81
2020-06-21,Santa Barbara,083,443738,2945,2430,24,2454,21
2020-06-21,Santa Clara,085,1922200,4793,3514,17,3531,154
2020-06-21,Santa Cruz,087,273765,374,290,0,290,3
2020-06-21,Shasta,089,179085,146,75,0,75,5
2020-06-21,Sierra,091,2930,1,1,0,1,0
2020-06-21,Siskiyou,093,43540,30,23,0,23,0
2020-06-21,Solano,095,438530,1300,783,4,787,21
2020-06-21,Sonoma,097,501317,1116,836,2,838,4
2020-06-21,Stanislaus,099,539301,2698,1688,6,1694,35
2020-06-21,Sutter,101,95872,132,96,0,96,2
2020-06-21,Tehama,103,63373,64,35,2,37,1
2020-06-21,Trinity,105,12862,15,2,3,5,0
2020-06-21,Tulare,107,460477,4464,3173,10,3183,111
2020-06-21,Tuolumne,109,53932,17,8,0,8,0
2020-06-21,Ventura,111,848112,3049,2021,15,2036,39
2020-06-21,Yolo,113,214977,493,323,0,323,24
2020-06-21,Yuba,115,75493,46,35,0,35,1
2020-06-20,Alameda,001,1643700,5762,4758,9,4767,119
2020-06-20,Alpine,003,1148,1,1,0,1,0
2020-06-20,Amador,005,37829,14,12,0,12,0
2020-06-20,Butte,007,227075,164,94,7,101,1
2020-06-20,Calaveras,009,45235,38,20,0,20,0
2020-06-20,Colusa,011,21464,26,7,0,7,0
2020-06-20,Contra Costa,013,1133247,2786,2231,3,2234,54
2020-06-20,Del Norte,015,27424,47,46,0,46,0
2020-06-20,El Dorado,017,186661,207,130,0,130,0
2020-06-20,Fresno,019,978130,6333,3222,67,3289,67
2020-06-20,Glenn,021,27897,97,40,0,40,0
2020-06-20,Humboldt,023,135768,143,108,0,108,3
2020-06-20,Imperial,025,180216,6921,4616,4,4620,37
2020-06-20,Inyo,027,18085,27,26,0,26,1
2020-06-20,Kern,029,883053,5804,3836,14,3850,59
2020-06-20,Kings,031,150075,2318,1331,6,1337,9
2020-06-20,Lake,033,64148,49,37,0,37,0
2020-06-20,Lassen,035,31185,24,7,2,9,0
2020-06-20,Los Angeles,037,10098052,95525,81604,24,81628,3093
2020-06-20,Madera,039,155013,635,321,2,323,4
2020-06-20,Marin,041,260295,1540,879,4,883,17
2020-06-20,Mariposa,043,17540,22,18,0,18,1
2020-06-20,Mendocino,045,87422,69,48,0,48,0
2020-06-20,Merced,047,269075,1031,566,1,567,8
2020-06-20,Modoc,049,8938,1,0,0,0,0
2020-06-20,Mono,051,14174,42,34,0,34,1
2020-06-20,Monterey,053,433212,1610,1181,5,1186,12
2020-06-20,Napa,055,140530,314,212,0,212,3
2020-06-20,Nevada,057,99092,105,73,1,74,1
2020-06-20,Orange,059,3164182,15958,10284,144,10428,273
2020-06-20,Placer,061,380077,670,483,3,486,9
2020-06-20,Plumas,063,18699,6,6,0,6,0
2020-06-20,Riverside,065,2383286,17580,13021,25,13046,402
2020-06-20,Sacramento,067,1510023,2702,2069,4,2073,63
2020-06-20,San Benito,069,59416,210,139,0,139,2
2020-06-20,San Bernardino,071,2135413,13145,8718,8,8726,229
2020-06-20,San Diego,073,3302833,13205,10486,2,10488,338
2020-06-20,San Francisco,075,870044,3406,2999,1,3000,47
2020-06-20,San Joaquin,077,732212,3236,2046,4,2050,48
2020-06-20,San Luis Obispo,079,281455,610,405,5,410,1
2020-06-20,San Mateo,081,765935,3126,2755,5,2760,81
2020-06-20,Santa Barbara,083,443738,2888,2358,23,2381,21
2020-06-20,Santa Clara,085,1922200,4719,3435,17,3452,154
2020-06-20,Santa Cruz,087,273765,372,287,0,287,3
2020-06-20,Shasta,089,179085,140,66,0,66,5
2020-06-20,Sierra,091,2930,1,1,0,1,0
2020-06-20,Siskiyou,093,43540,29,22,0,22,0
2020-06-20,Solano,095,438530,1276,784,4,788,21
2020-06-20,Sonoma,097,501317,1080,806,2,808,4
2020-06-20,Stanislaus,099,539301,2590,1598,6,1604,35
2020-06-20,Sutter,101,95872,130,89,0,89,2
2020-06-20,Tehama,103,63373,62,35,2,37,1
2020-06-20,Trinity,105,12862,15,2,3,5,0
2020-06-20,Tulare,107,460477,4391,3172,10,3182,111
2020-06-20,Tuolumne,109,53932,14,8,0,8,0
2020-06-20,Ventura,111,848112,2983,1946,15,1961,37
2020-06-20,Yolo,113,214977,477,309,0,309,24
2020-06-20,Yuba,115,75493,44,34,0,34,1
2020-06-19,Alameda,001,1643700,5690,4646,9,4655,119
2020-06-19,Alpine,003,1148,1,1,0,1,0
2020-06-19,Amador,005,37829,14,12,0,12,0
2020-06-19,Butte,007,227075,159,91,7,98,1
2020-06-19,Calaveras,009,45235,37,20,0,20,0
2020-06-19,Colusa,011,21464,24,7,0,7,0
2020-06-19,Contra Costa,013,1133247,2706,2106,3,2109,54
2020-06-19,Del Norte,015,27424,47,46,0,46,0
2020-06-19,El Dorado,017,186661,198,124,0,124,0
2020-06-19,Fresno,019,978130,6171,3109,65,3174,61
2020-06-19,Glenn,021,27897,91,40,0,40,0
2020-06-19,Humboldt,023,135768,141,106,0,106,3
2020-06-19,Imperial,025,180216,6830,4504,4,4508,36
2020-06-19,Inyo,027,18085,27,26,0,26,1
2020-06-19,Kern,029,883053,5581,3742,13,3755,57
2020-06-19,Kings,031,150075,2297,1285,6,1291,9
2020-06-19,Lake,033,64148,46,36,0,36,0
2020-06-19,Lassen,035,31185,23,7,2,9,0
2020-06-19,Los Angeles,037,10098052,93538,79572,23,79595,3047
2020-06-19,Madera,039,155013,616,300,2,302,4
2020-06-19,Marin,041,260295,1511,829,4,833,17
2020-06-19,Mariposa,043,17540,21,18,0,18,1
2020-06-19,Mendocino,045,87422,68,48,0,48,0
2020-06-19,Merced,047,269075,986,529,1,530,8
2020-06-19,Modoc,049,8938,1,0,0,0,0
2020-06-19,Mono,051,14174,42,34,0,34,1
2020-06-19,Monterey,053,433212,1581,1159,5,1164,12
2020-06-19,Napa,055,140530,304,209,0,209,3
2020-06-19,Nevada,057,99092,102,71,1,72,1
2020-06-19,Orange,059,3164182,15425,9972,137,10109,260
2020-06-19,Placer,061,380077,652,464,3,467,9
2020-06-19,Plumas,063,18699,6,5,0,5,0
2020-06-19,Riverside,065,2383286,17175,12710,25,12735,398
2020-06-19,Sacramento,067,1510023,2619,1976,4,1980,64
2020-06-19,San Benito,069,59416,209,136,0,136,2
2020-06-19,San Bernardino,071,2135413,12740,8454,7,8461,226
2020-06-19,San Diego,073,3302833,12842,10352,2,10354,332
2020-06-19,San Francisco,075,870044,3351,2968,1,2969,47
2020-06-19,San Joaquin,077,732212,3113,1969,4,1973,48
2020-06-19,San Luis Obispo,079,281455,594,392,5,397,1
2020-06-19,San Mateo,081,765935,3087,2713,5,2718,81
2020-06-19,Santa Barbara,083,443738,2815,2284,21,2305,21
2020-06-19,Santa Clara,085,1922200,4645,3376,17,3393,154
2020-06-19,Santa Cruz,087,273765,362,283,0,283,3
2020-06-19,Shasta,089,179085,137,58,0,58,5
2020-06-19,Sierra,091,2930,1,1,0,1,0
2020-06-19,Siskiyou,093,43540,29,21,0,21,0
2020-06-19,Solano,095,438530,1238,755,4,759,21
2020-06-19,Sonoma,097,501317,1053,803,2,805,4
2020-06-19,Stanislaus,099,539301,2480,1549,6,1555,35
2020-06-19,Sutter,101,95872,129,89,0,89,2
2020-06-19,Tehama,103,63373,61,35,2,37,1
2020-06-19,Trinity,105,12862,15,2,3,5,0
2020-06-19,Tulare,107,460477,4321,3053,10,3063,107
2020-06-19,Tuolumne,109,53932,13,8,0,8,0
2020-06-19,Ventura,111,848112,2899,1865,15,1880,37
2020-06-19,Yolo,113,214977,458,303,0,303,24
2020-06-19,Yuba,115,75493,43,33,0,33,1
2020-06-18,Alameda,001,1643700,5560,4589,9,4598,118
2020-06-18,Alpine,003,1148,1,1,0,1,0
2020-06-18,Amador,005,37829,13,12,0,12,0
2020-06-18,Butte,007,227075,154,88,7,95,1
2020-06-18,Calaveras,009,45235,37,20,0,20,0
2020-06-18,Colusa,011,21464,20,7,0,7,0
2020-06-18,Contra Costa,013,1133247,2599,2072,3,2075,53
2020-06-18,Del Norte,015,27424,47,46,0,46,0
2020-06-18,El Dorado,017,186661,194,121,0,121,0
2020-06-18,Fresno,019,978130,5904,2947,64,3011,57
2020-06-18,Glenn,021,27897,82,35,0,35,0
2020-06-18,Humboldt,023,135768,140,106,0,106,3
2020-06-18,Imperial,025,180216,6680,4366,4,4370,36
2020-06-18,Inyo,027,18085,26,25,0,25,1
2020-06-18,Kern,029,883053,5363,3634,13,3647,57
2020-06-18,Kings,031,150075,2238,1141,6,1147,8
2020-06-18,Lake,033,64148,45,36,0,36,0
2020-06-18,Lassen,035,31185,22,5,2,7,0
2020-06-18,Los Angeles,037,10098052,91269,78244,23,78267,3009
2020-06-18,Madera,039,155013,581,288,2,290,4
2020-06-18,Marin,041,260295,1448,819,4,823,17
2020-06-18,Mariposa,043,17540,19,18,0,18,1
2020-06-18,Mendocino,045,87422,64,45,0,45,0
2020-06-18,Merced,047,269075,934,486,1,487,7
2020-06-18,Modoc,049,8938,1,0,0,0,0
2020-06-18,Mono,051,14174,42,34,0,34,1
2020-06-18,Monterey,053,433212,1513,1127,5,1132,12
2020-06-18,Napa,055,140530,289,205,0,205,3
2020-06-18,Nevada,057,99092,98,68,1,69,1
2020-06-18,Orange,059,3164182,14770,9597,118,9715,255
2020-06-18,Placer,061,380077,629,457,3,460,9
2020-06-18,Plumas,063,18699,6,5,0,5,0
2020-06-18,Riverside,065,2383286,16559,12410,25,12435,392
2020-06-18,Sacramento,067,1510023,2503,1938,4,1942,63
2020-06-18,San Benito,069,59416,203,134,0,134,2
2020-06-18,San Bernardino,071,2135413,12100,8141,7,8148,226
2020-06-18,San Diego,073,3302833,12420,10094,2,10096,331
2020-06-18,San Francisco,075,870044,3302,2951,1,2952,47
2020-06-18,San Joaquin,077,732212,2961,1908,4,1912,47
2020-06-18,San Luis Obispo,079,281455,574,378,5,383,1
2020-06-18,San Mateo,081,765935,3048,2674,5,2679,78
2020-06-18,Santa Barbara,083,443738,2741,2201,21,2222,19
2020-06-18,Santa Clara,085,1922200,4542,3338,17,3355,152
2020-06-18,Santa Cruz,087,273765,345,275,0,275,3
2020-06-18,Shasta,089,179085,126,51,0,51,4
2020-06-18,Sierra,091,2930,1,1,0,1,0
2020-06-18,Siskiyou,093,43540,29,18,0,18,0
2020-06-18,Solano,095,438530,1200,735,4,739,21
2020-06-18,Sonoma,097,501317,1011,789,2,791,4
2020-06-18,Stanislaus,099,539301,2346,1495,6,1501,35
2020-06-18,Sutter,101,95872,125,85,0,85,2
2020-06-18,Tehama,103,63373,56,31,2,33,1
2020-06-18,Trinity,105,12862,15,2,3,5,0
2020-06-18,Tulare,107,460477,4198,3005,10,3015,107
2020-06-18,Tuolumne,109,53932,12,8,0,8,0
2020-06-18,Ventura,111,848112,2773,1781,15,1796,37
2020-06-18,Yolo,113,214977,425,294,0,294,24
2020-06-18,Yuba,115,75493,42,32,0,32,1
2020-06-17,Alameda,001,1643700,5437,4485,9,4494,117
2020-06-17,Alpine,003,1148,1,1,0,1,0
2020-06-17,Amador,005,37829,12,10,0,10,0
2020-06-17,Butte,007,227075,145,81,7,88,1
2020-06-17,Calaveras,009,45235,37,20,0,20,0
2020-06-17,Colusa,011,21464,19,7,0,7,0
2020-06-17,Contra Costa,013,1133247,2502,2020,3,2023,45
2020-06-17,Del Norte,015,27424,47,45,0,45,0
2020-06-17,El Dorado,017,186661,187,116,0,116,0
2020-06-17,Fresno,019,978130,5678,2801,61,2862,56
2020-06-17,Glenn,021,27897,75,31,0,31,0
2020-06-17,Humboldt,023,135768,138,105,0,105,3
2020-06-17,Imperial,025,180216,6507,4108,4,4112,36
2020-06-17,Inyo,027,18085,25,25,0,25,1
2020-06-17,Kern,029,883053,5162,3547,13,3560,56
2020-06-17,Kings,031,150075,2208,1097,6,1103,7
2020-06-17,Lake,033,64148,44,32,0,32,0
2020-06-17,Lassen,035,31185,18,5,2,7,0
2020-06-17,Los Angeles,037,10098052,88959,77166,22,77188,2973
2020-06-17,Madera,039,155013,559,258,2,260,4
2020-06-17,Marin,041,260295,1256,771,3,774,17
2020-06-17,Mariposa,043,17540,18,18,0,18,1
2020-06-17,Mendocino,045,87422,62,42,0,42,0
2020-06-17,Merced,047,269075,862,460,1,461,7
2020-06-17,Modoc,049,8938,1,0,0,0,0
2020-06-17,Mono,051,14174,42,34,0,34,1
2020-06-17,Monterey,053,433212,1461,1077,5,1082,12
2020-06-17,Napa,055,140530,274,202,0,202,3
2020-06-17,Nevada,057,99092,94,57,1,58,1
2020-06-17,Orange,059,3164182,14164,9278,112,9390,230
2020-06-17,Placer,061,380077,609,427,3,430,9
2020-06-17,Plumas,063,18699,6,5,0,5,0
2020-06-17,Riverside,065,2383286,15923,11859,25,11884,370
2020-06-17,Sacramento,067,1510023,2396,1889,4,1893,63
2020-06-17,San Benito,069,59416,198,116,0,116,2
2020-06-17,San Bernardino,071,2135413,11551,7670,7,7677,225
2020-06-17,San Diego,073,3302833,12041,9856,2,9858,327
2020-06-17,San Francisco,075,870044,3263,2906,1,2907,46
2020-06-17,San Joaquin,077,732212,2788,1825,4,1829,46
2020-06-17,San Luis Obispo,079,281455,555,362,5,367,1
2020-06-17,San Mateo,081,765935,3001,2649,5,2654,78
2020-06-17,Santa Barbara,083,443738,2668,2147,19,2166,19
2020-06-17,Santa Clara,085,1922200,4449,3264,16,3280,148
2020-06-17,Santa Cruz,087,273765,339,265,0,265,2
2020-06-17,Shasta,089,179085,124,51,0,51,4
2020-06-17,Sierra,091,2930,1,1,0,1,0
2020-06-17,Siskiyou,093,43540,28,16,0,16,0
2020-06-17,Solano,095,438530,1150,722,4,726,21
2020-06-17,Sonoma,097,501317,985,748,2,750,4
2020-06-17,Stanislaus,099,539301,2223,1387,6,1393,35
2020-06-17,Sutter,101,95872,119,79,0,79,2
2020-06-17,Tehama,103,63373,41,24,2,26,1
2020-06-17,Trinity,105,12862,14,2,3,5,0
2020-06-17,Tulare,107,460477,4088,2882,10,2892,106
2020-06-17,Tuolumne,109,53932,12,7,0,7,0
2020-06-17,Ventura,111,848112,2673,1729,15,1744,37
2020-06-17,Yolo,113,214977,405,277,0,277,24
2020-06-17,Yuba,115,75493,41,30,0,30,1
2020-06-16,Alameda,001,1643700,5319,4428,9,4437,113
2020-06-16,Alpine,003,1148,1,1,0,1,0
2020-06-16,Amador,005,37829,12,10,0,10,0
2020-06-16,Butte,007,227075,141,79,7,86,1
2020-06-16,Calaveras,009,45235,34,19,0,19,0
2020-06-16,Colusa,011,21464,16,7,0,7,0
2020-06-16,Contra Costa,013,1133247,2411,1971,2,1973,45
2020-06-16,Del Norte,015,27424,47,45,0,45,0
2020-06-16,El Dorado,017,186661,181,115,0,115,0
2020-06-16,Fresno,019,978130,5440,2731,59,2790,50
2020-06-16,Glenn,021,27897,71,30,0,30,0
2020-06-16,Humboldt,023,135768,135,105,0,105,3
2020-06-16,Imperial,025,180216,6348,3939,4,3943,36
2020-06-16,Inyo,027,18085,25,24,0,24,1
2020-06-16,Kern,029,883053,4939,3496,13,3509,55
2020-06-16,Kings,031,150075,2162,1044,6,1050,6
2020-06-16,Lake,033,64148,44,31,0,31,0
2020-06-16,Lassen,035,31185,15,5,2,7,0
2020-06-16,Los Angeles,037,10098052,86636,75051,22,75073,2942
2020-06-16,Madera,039,155013,533,239,2,241,3
2020-06-16,Marin,041,260295,1203,725,3,728,17
2020-06-16,Mariposa,043,17540,18,17,0,17,1
2020-06-16,Mendocino,045,87422,61,35,0,35,0
2020-06-16,Merced,047,269075,814,436,1,437,7
2020-06-16,Modoc,049,8938,1,0,0,0,0
2020-06-16,Mono,051,14174,42,34,0,34,1
2020-06-16,Monterey,053,433212,1413,1019,5,1024,12
2020-06-16,Napa,055,140530,259,196,0,196,3
2020-06-16,Nevada,057,99092,91,53,1,54,1
2020-06-16,Orange,059,3164182,13580,9163,107,9270,223
2020-06-16,Placer,061,380077,577,392,3,395,9
2020-06-16,Plumas,063,18699,6,5,0,5,0
2020-06-16,Riverside,065,2383286,15248,11638,25,11663,364
2020-06-16,Sacramento,067,1510023,2286,1825,4,1829,60
2020-06-16,San Benito,069,59416,190,110,0,110,2
2020-06-16,San Bernardino,071,2135413,11007,7463,7,7470,225
2020-06-16,San Diego,073,3302833,11679,9732,1,9733,323
2020-06-16,San Francisco,075,870044,3212,2893,1,2894,46
2020-06-16,San Joaquin,077,732212,2635,1718,4,1722,47
2020-06-16,San Luis Obispo,079,281455,531,343,5,348,1
2020-06-16,San Mateo,081,765935,2947,2618,5,2623,77
2020-06-16,Santa Barbara,083,443738,2601,2090,19,2109,16
2020-06-16,Santa Clara,085,1922200,4338,3228,15,3243,148
2020-06-16,Santa Cruz,087,273765,323,257,0,257,2
2020-06-16,Shasta,089,179085,115,51,0,51,4
2020-06-16,Sierra,091,2930,1,1,0,1,0
2020-06-16,Siskiyou,093,43540,27,15,0,15,0
2020-06-16,Solano,095,438530,1060,694,4,698,19
2020-06-16,Sonoma,097,501317,953,739,2,741,4
2020-06-16,Stanislaus,099,539301,2070,1278,6,1284,36
2020-06-16,Sutter,101,95872,112,73,0,73,2
2020-06-16,Tehama,103,63373,37,24,2,26,1
2020-06-16,Trinity,105,12862,14,2,3,5,0
2020-06-16,Tulare,107,460477,3969,2802,10,2812,96
2020-06-16,Tuolumne,109,53932,12,7,0,7,0
2020-06-16,Ventura,111,848112,2573,1676,15,1691,37
2020-06-16,Yolo,113,214977,382,262,0,262,24
2020-06-16,Yuba,115,75493,39,29,0,29,1
2020-06-15,Alameda,001,1643700,5193,4323,9,4332,112
2020-06-15,Alpine,003,1148,1,1,0,1,0
2020-06-15,Amador,005,37829,12,10,0,10,0
2020-06-15,Butte,007,227075,133,78,7,85,1
2020-06-15,Calaveras,009,45235,34,18,0,18,0
2020-06-15,Colusa,011,21464,14,7,0,7,0
2020-06-15,Contra Costa,013,1133247,2334,1918,2,1920,43
2020-06-15,Del Norte,015,27424,47,45,0,45,0
2020-06-15,El Dorado,017,186661,171,114,0,114,0
2020-06-15,Fresno,019,978130,5228,2616,58,2674,48
2020-06-15,Glenn,021,27897,66,21,0,21,0
2020-06-15,Humboldt,023,135768,133,105,0,105,3
2020-06-15,Imperial,025,180216,6173,3726,4,3730,36
2020-06-15,Inyo,027,18085,25,23,0,23,1
2020-06-15,Kern,029,883053,4716,3417,13,3430,55
2020-06-15,Kings,031,150075,2085,1022,6,1028,6
2020-06-15,Lake,033,64148,44,31,0,31,0
2020-06-15,Lassen,035,31185,15,5,2,7,0
2020-06-15,Los Angeles,037,10098052,84448,73705,22,73727,2908
2020-06-15,Madera,039,155013,511,203,2,205,3
2020-06-15,Marin,041,260295,1036,708,3,711,17
2020-06-15,Mariposa,043,17540,18,17,0,17,1
2020-06-15,Mendocino,045,87422,52,33,0,33,0
2020-06-15,Merced,047,269075,768,414,1,415,7
2020-06-15,Modoc,049,8938,1,0,0,0,0
2020-06-15,Mono,051,14174,42,34,0,34,1
2020-06-15,Monterey,053,433212,1347,998,5,1003,12
2020-06-15,Napa,055,140530,251,187,0,187,3
2020-06-15,Nevada,057,99092,85,52,1,53,1
2020-06-15,Orange,059,3164182,13012,8944,99,9043,212
2020-06-15,Placer,061,380077,555,386,3,389,9
2020-06-15,Plumas,063,18699,6,4,0,4,0
2020-06-15,Riverside,065,2383286,14630,11376,24,11400,364
2020-06-15,Sacramento,067,1510023,2170,1791,4,1795,60
2020-06-15,San Benito,069,59416,184,108,0,108,2
2020-06-15,San Bernardino,071,2135413,10504,7189,7,7196,224
2020-06-15,San Diego,073,3302833,11339,9612,1,9613,320
2020-06-15,San Francisco,075,870044,3168,2833,1,2834,45
2020-06-15,San Joaquin,077,732212,2499,1667,4,1671,43
2020-06-15,San Luis Obispo,079,281455,516,332,5,337,1
2020-06-15,San Mateo,081,765935,2900,2591,5,2596,75
2020-06-15,Santa Barbara,083,443738,2533,2054,19,2073,16
2020-06-15,Santa Clara,085,1922200,4238,3204,15,3219,148
2020-06-15,Santa Cruz,087,273765,312,254,0,254,2
2020-06-15,Shasta,089,179085,109,50,0,50,4
2020-06-15,Sierra,091,2930,1,1,0,1,0
2020-06-15,Siskiyou,093,43540,26,14,0,14,0
2020-06-15,Solano,095,438530,1000,638,4,642,19
2020-06-15,Sonoma,097,501317,924,726,2,728,4
2020-06-15,Stanislaus,099,539301,1953,1253,6,1259,35
2020-06-15,Sutter,101,95872,102,71,0,71,2
2020-06-15,Tehama,103,63373,37,17,2,19,1
2020-06-15,Trinity,105,12862,13,2,3,5,0
2020-06-15,Tulare,107,460477,3855,2662,10,2672,96
2020-06-15,Tuolumne,109,53932,11,7,0,7,0
2020-06-15,Ventura,111,848112,2492,1656,15,1671,37
2020-06-15,Yolo,113,214977,362,255,0,255,24
2020-06-15,Yuba,115,75493,39,28,0,28,1
2020-06-14,Alameda,001,1643700,5047,4271,9,4280,112
2020-06-14,Alpine,003,1148,1,1,0,1,0
2020-06-14,Amador,005,37829,12,10,0,10,0
2020-06-14,Butte,007,227075,125,78,7,85,1
2020-06-14,Calaveras,009,45235,33,18,0,18,0
2020-06-14,Colusa,011,21464,13,7,0,7,0
2020-06-14,Contra Costa,013,1133247,2266,1893,2,1895,43
2020-06-14,Del Norte,015,27424,47,45,0,45,0
2020-06-14,El Dorado,017,186661,167,110,0,110,0
2020-06-14,Fresno,019,978130,5043,2585,57,2642,48
2020-06-14,Glenn,021,27897,51,21,0,21,0
2020-06-14,Humboldt,023,135768,129,105,0,105,3
2020-06-14,Imperial,025,180216,5942,3730,4,3734,36
2020-06-14,Inyo,027,18085,24,23,0,23,1
2020-06-14,Kern,029,883053,4505,3328,13,3341,55
2020-06-14,Kings,031,150075,2034,1022,5,1027,6
2020-06-14,Lake,033,64148,41,31,0,31,0
2020-06-14,Lassen,035,31185,15,5,2,7,0
2020-06-14,Los Angeles,037,10098052,82119,72932,21,72953,2887
2020-06-14,Madera,039,155013,492,203,2,205,3
2020-06-14,Marin,041,260295,871,689,2,691,17
2020-06-14,Mariposa,043,17540,18,16,0,16,1
2020-06-14,Mendocino,045,87422,49,33,0,33,0
2020-06-14,Merced,047,269075,717,403,1,404,7
2020-06-14,Modoc,049,8938,1,0,0,0,0
2020-06-14,Mono,051,14174,42,34,0,34,1
2020-06-14,Monterey,053,433212,1286,949,5,954,12
2020-06-14,Napa,055,140530,229,181,0,181,3
2020-06-14,Nevada,057,99092,81,52,1,53,1
2020-06-14,Orange,059,3164182,12585,8744,94,8838,211
2020-06-14,Placer,061,380077,529,369,3,372,9
2020-06-14,Plumas,063,18699,5,4,0,4,0
2020-06-14,Riverside,065,2383286,14187,11218,24,11242,364
2020-06-14,Sacramento,067,1510023,2083,1750,4,1754,60
2020-06-14,San Benito,069,59416,173,104,0,104,2
2020-06-14,San Bernardino,071,2135413,9964,7015,7,7022,224
2020-06-14,San Diego,073,3302833,10964,9442,1,9443,319
2020-06-14,San Francisco,075,870044,3128,2834,1,2835,45
2020-06-14,San Joaquin,077,732212,2348,1603,4,1607,43
2020-06-14,San Luis Obispo,079,281455,501,330,5,335,1
2020-06-14,San Mateo,081,765935,2842,2571,5,2576,75
2020-06-14,Santa Barbara,083,443738,2456,2049,19,2068,17
2020-06-14,Santa Clara,085,1922200,4143,3178,15,3193,148
2020-06-14,Santa Cruz,087,273765,298,254,0,254,2
2020-06-14,Shasta,089,179085,103,48,0,48,4
2020-06-14,Sierra,091,2930,1,1,0,1,0
2020-06-14,Siskiyou,093,43540,25,13,0,13,0
2020-06-14,Solano,095,438530,951,638,4,642,19
2020-06-14,Sonoma,097,501317,896,724,2,726,4
2020-06-14,Stanislaus,099,539301,1805,1159,6,1165,35
2020-06-14,Sutter,101,95872,97,63,0,63,2
2020-06-14,Tehama,103,63373,34,17,2,19,1
2020-06-14,Trinity,105,12862,13,2,3,5,0
2020-06-14,Tulare,107,460477,3721,2646,10,2656,96
2020-06-14,Tuolumne,109,53932,11,7,0,7,0
2020-06-14,Ventura,111,848112,2393,1610,14,1624,37
2020-06-14,Yolo,113,214977,346,254,0,254,24
2020-06-14,Yuba,115,75493,38,28,0,28,1
2020-06-13,Alameda,001,1643700,4984,4196,9,4205,112
2020-06-13,Alpine,003,1148,1,1,0,1,0
2020-06-13,Amador,005,37829,11,10,0,10,0
2020-06-13,Butte,007,227075,116,72,7,79,1
2020-06-13,Calaveras,009,45235,31,18,0,18,0
2020-06-13,Colusa,011,21464,12,7,0,7,0
2020-06-13,Contra Costa,013,1133247,2230,1868,2,1870,43
2020-06-13,Del Norte,015,27424,47,45,0,45,0
2020-06-13,El Dorado,017,186661,163,110,0,110,0
2020-06-13,Fresno,019,978130,4945,2499,57,2556,48
2020-06-13,Glenn,021,27897,49,21,0,21,0
2020-06-13,Humboldt,023,135768,128,104,0,104,3
2020-06-13,Imperial,025,180216,5869,3646,4,3650,36
2020-06-13,Inyo,027,18085,24,23,0,23,1
2020-06-13,Kern,029,883053,4396,3239,13,3252,55
2020-06-13,Kings,031,150075,2014,1023,5,1028,6
2020-06-13,Lake,033,64148,40,29,0,29,0
2020-06-13,Lassen,035,31185,15,5,2,7,0
2020-06-13,Los Angeles,037,10098052,81077,71938,21,71959,2874
2020-06-13,Madera,039,155013,488,203,2,205,3
2020-06-13,Marin,041,260295,840,677,2,679,17
2020-06-13,Mariposa,043,17540,18,16,0,16,1
2020-06-13,Mendocino,045,87422,49,33,0,33,0
2020-06-13,Merced,047,269075,699,376,1,377,7
2020-06-13,Modoc,049,8938,1,0,0,0,0
2020-06-13,Mono,051,14174,42,35,0,35,1
2020-06-13,Monterey,053,433212,1248,900,5,905,11
2020-06-13,Napa,055,140530,226,171,0,171,3
2020-06-13,Nevada,057,99092,79,52,1,53,1
2020-06-13,Orange,059,3164182,12341,8581,91,8672,211
2020-06-13,Placer,061,380077,512,346,3,349,9
2020-06-13,Plumas,063,18699,5,4,0,4,0
2020-06-13,Riverside,065,2383286,13908,10931,24,10955,364
2020-06-13,Sacramento,067,1510023,2028,1713,4,1717,60
2020-06-13,San Benito,069,59416,166,99,0,99,2
2020-06-13,San Bernardino,071,2135413,9741,6885,7,6892,224
2020-06-13,San Diego,073,3302833,10792,9316,1,9317,319
2020-06-13,San Francisco,075,870044,3108,2834,1,2835,44
2020-06-13,San Joaquin,077,732212,2267,1461,4,1465,43
2020-06-13,San Luis Obispo,079,281455,490,326,5,331,1
2020-06-13,San Mateo,081,765935,2819,2551,5,2556,75
2020-06-13,Santa Barbara,083,443738,2398,1999,19,2018,15
2020-06-13,Santa Clara,085,1922200,4100,3141,15,3156,148
2020-06-13,Santa Cruz,087,273765,292,254,0,254,2
2020-06-13,Shasta,089,179085,101,48,0,48,4
2020-06-13,Sierra,091,2930,1,1,0,1,0
2020-06-13,Siskiyou,093,43540,25,13,0,13,0
2020-06-13,Solano,095,438530,923,637,4,641,19
2020-06-13,Sonoma,097,501317,881,711,2,713,4
2020-06-13,Stanislaus,099,539301,1748,1122,6,1128,33
2020-06-13,Sutter,101,95872,96,62,0,62,2
2020-06-13,Tehama,103,63373,33,17,2,19,1
2020-06-13,Trinity,105,12862,13,2,3,5,0
2020-06-13,Tulare,107,460477,3689,2626,10,2636,96
2020-06-13,Tuolumne,109,53932,10,7,0,7,0
2020-06-13,Ventura,111,848112,2347,1567,14,1581,37
2020-06-13,Yolo,113,214977,326,251,0,251,24
2020-06-13,Yuba,115,75493,38,28,0,28,1
2020-06-12,Alameda,001,1643700,4911,4167,9,4176,109
2020-06-12,Alpine,003,1148,1,1,0,1,0
2020-06-12,Amador,005,37829,11,10,0,10,0
2020-06-12,Butte,007,227075,112,71,7,78,1
2020-06-12,Calaveras,009,45235,28,18,0,18,0
2020-06-12,Colusa,011,21464,12,7,0,7,0
2020-06-12,Contra Costa,013,1133247,2193,1827,2,1829,43
2020-06-12,Del Norte,015,27424,47,45,0,45,0
2020-06-12,El Dorado,017,186661,163,110,0,110,0
2020-06-12,Fresno,019,978130,4807,2428,57,2485,47
2020-06-12,Glenn,021,27897,46,21,0,21,0
2020-06-12,Humboldt,023,135768,126,105,0,105,3
2020-06-12,Imperial,025,180216,5785,3543,4,3547,36
2020-06-12,Inyo,027,18085,24,23,0,23,1
2020-06-12,Kern,029,883053,4279,3152,13,3165,54
2020-06-12,Kings,031,150075,2001,987,5,992,6
2020-06-12,Lake,033,64148,39,29,0,29,0
2020-06-12,Lassen,035,31185,15,5,2,7,0
2020-06-12,Los Angeles,037,10098052,79672,70385,21,70406,2814
2020-06-12,Madera,039,155013,463,187,2,189,3
2020-06-12,Marin,041,260295,837,649,2,651,17
2020-06-12,Mariposa,043,17540,18,16,0,16,1
2020-06-12,Mendocino,045,87422,49,33,0,33,0
2020-06-12,Merced,047,269075,665,372,1,373,7
2020-06-12,Modoc,049,8938,1,0,0,0,0
2020-06-12,Mono,051,14174,39,35,0,35,1
2020-06-12,Monterey,053,433212,1207,864,4,868,11
2020-06-12,Napa,055,140530,223,162,0,162,3
2020-06-12,Nevada,057,99092,73,52,1,53,1
2020-06-12,Orange,059,3164182,12035,8440,90,8530,203
2020-06-12,Placer,061,380077,495,333,3,336,9
2020-06-12,Plumas,063,18699,5,4,0,4,0
2020-06-12,Riverside,065,2383286,13570,10616,24,10640,364
2020-06-12,Sacramento,067,1510023,1973,1702,4,1706,60
2020-06-12,San Benito,069,59416,159,96,0,96,2
2020-06-12,San Bernardino,071,2135413,9473,6707,7,6714,223
2020-06-12,San Diego,073,3302833,10622,9132,1,9133,313
2020-06-12,San Francisco,075,870044,3074,2823,1,2824,44
2020-06-12,San Joaquin,077,732212,2187,1406,4,1410,43
2020-06-12,San Luis Obispo,079,281455,474,321,5,326,1
2020-06-12,San Mateo,081,765935,2784,2533,5,2538,75
2020-06-12,Santa Barbara,083,443738,2344,1969,19,1988,14
2020-06-12,Santa Clara,085,1922200,4056,3099,15,3114,149
2020-06-12,Santa Cruz,087,273765,284,251,0,251,2
2020-06-12,Shasta,089,179085,94,48,0,48,5
2020-06-12,Sierra,091,2930,1,1,0,1,0
2020-06-12,Siskiyou,093,43540,25,13,0,13,0
2020-06-12,Solano,095,438530,909,620,4,624,19
2020-06-12,Sonoma,097,501317,862,696,2,698,4
2020-06-12,Stanislaus,099,539301,1689,1092,6,1098,33
2020-06-12,Sutter,101,95872,95,56,0,56,2
2020-06-12,Tehama,103,63373,32,13,2,15,1
2020-06-12,Trinity,105,12862,13,2,3,5,0
2020-06-12,Tulare,107,460477,3635,2552,10,2562,95
2020-06-12,Tuolumne,109,53932,10,7,0,7,0
2020-06-12,Ventura,111,848112,2295,1534,14,1548,35
2020-06-12,Yolo,113,214977,314,243,0,243,24
2020-06-12,Yuba,115,75493,36,27,0,27,1
2020-06-11,Alameda,001,1643700,4781,4073,8,4081,108
2020-06-11,Alpine,003,1148,1,1,0,1,0
2020-06-11,Amador,005,37829,10,10,0,10,0
2020-06-11,Butte,007,227075,106,72,7,79,1
2020-06-11,Calaveras,009,45235,27,16,0,16,0
2020-06-11,Colusa,011,21464,12,7,0,7,0
2020-06-11,Contra Costa,013,1133247,2140,1797,2,1799,43
2020-06-11,Del Norte,015,27424,47,45,0,45,0
2020-06-11,El Dorado,017,186661,155,109,0,109,0
2020-06-11,Fresno,019,978130,4653,2338,57,2395,45
2020-06-11,Glenn,021,27897,42,21,0,21,0
2020-06-11,Humboldt,023,135768,122,113,0,113,3
2020-06-11,Imperial,025,180216,5629,3463,4,3467,36
2020-06-11,Inyo,027,18085,22,23,0,23,1
2020-06-11,Kern,029,883053,4127,3047,11,3058,54
2020-06-11,Kings,031,150075,1968,963,5,968,6
2020-06-11,Lake,033,64148,39,28,0,28,0
2020-06-11,Lassen,035,31185,15,5,2,7,0
2020-06-11,Los Angeles,037,10098052,78007,68807,20,68827,2800
2020-06-11,Madera,039,155013,445,178,2,180,3
2020-06-11,Marin,041,260295,789,637,2,639,17
2020-06-11,Mariposa,043,17540,18,16,0,16,1
2020-06-11,Mendocino,045,87422,40,35,0,35,0
2020-06-11,Merced,047,269075,625,370,1,371,7
2020-06-11,Modoc,049,8938,1,0,0,0,0
2020-06-11,Mono,051,14174,39,35,0,35,1
2020-06-11,Monterey,053,433212,1160,813,4,817,11
2020-06-11,Napa,055,140530,214,162,0,162,3
2020-06-11,Nevada,057,99092,67,50,1,51,1
2020-06-11,Orange,059,3164182,11727,8304,89,8393,188
2020-06-11,Placer,061,380077,476,321,3,324,9
2020-06-11,Plumas,063,18699,5,4,0,4,0
2020-06-11,Riverside,065,2383286,13217,10014,24,10038,361
2020-06-11,Sacramento,067,1510023,1925,1669,4,1673,60
2020-06-11,San Benito,069,59416,153,94,0,94,2
2020-06-11,San Bernardino,071,2135413,9176,6509,7,6516,221
2020-06-11,San Diego,073,3302833,10392,9000,0,9000,308
2020-06-11,San Francisco,075,870044,3045,2766,1,2767,44
2020-06-11,San Joaquin,077,732212,2075,1351,4,1355,43
2020-06-11,San Luis Obispo,079,281455,460,307,5,312,1
2020-06-11,San Mateo,081,765935,2746,2499,5,2504,74
2020-06-11,Santa Barbara,083,443738,2283,1895,19,1914,14
2020-06-11,Santa Clara,085,1922200,3989,3049,15,3064,149
2020-06-11,Santa Cruz,087,273765,280,247,0,247,2
2020-06-11,Shasta,089,179085,87,47,0,47,5
2020-06-11,Sierra,091,2930,1,1,0,1,0
2020-06-11,Siskiyou,093,43540,25,14,0,14,0
2020-06-11,Solano,095,438530,883,616,4,620,19
2020-06-11,Sonoma,097,501317,840,682,2,684,4
2020-06-11,Stanislaus,099,539301,1598,1062,6,1068,30
2020-06-11,Sutter,101,95872,92,56,0,56,2
2020-06-11,Tehama,103,63373,27,10,2,12,1
2020-06-11,Trinity,105,12862,11,2,3,5,0
2020-06-11,Tulare,107,460477,3536,2473,10,2483,95
2020-06-11,Tuolumne,109,53932,10,7,0,7,0
2020-06-11,Ventura,111,848112,2218,1491,13,1504,34
2020-06-11,Yolo,113,214977,306,230,0,230,24
2020-06-11,Yuba,115,75493,36,27,0,27,1
2020-06-10,Alameda,001,1643700,4681,4027,7,4034,107
2020-06-10,Alpine,003,1148,1,1,0,1,0
2020-06-10,Amador,005,37829,10,10,0,10,0
2020-06-10,Butte,007,227075,102,71,7,78,1
2020-06-10,Calaveras,009,45235,27,16,0,16,0
2020-06-10,Colusa,011,21464,11,7,0,7,0
2020-06-10,Contra Costa,013,1133247,2096,1778,2,1780,43
2020-06-10,Del Norte,015,27424,47,45,0,45,0
2020-06-10,El Dorado,017,186661,152,109,0,109,0
2020-06-10,Fresno,019,978130,4476,2324,57,2381,45
2020-06-10,Glenn,021,27897,39,21,0,21,0
2020-06-10,Humboldt,023,135768,118,112,0,112,3
2020-06-10,Imperial,025,180216,5481,3454,4,3458,36
2020-06-10,Inyo,027,18085,22,23,0,23,1
2020-06-10,Kern,029,883053,4002,3000,10,3010,54
2020-06-10,Kings,031,150075,1922,952,4,956,6
2020-06-10,Lake,033,64148,39,28,0,28,0
2020-06-10,Lassen,035,31185,15,5,2,7,0
2020-06-10,Los Angeles,037,10098052,76486,67018,20,67038,2752
2020-06-10,Madera,039,155013,431,176,1,177,3
2020-06-10,Marin,041,260295,757,633,2,635,17
2020-06-10,Mariposa,043,17540,17,16,0,16,1
2020-06-10,Mendocino,045,87422,39,35,0,35,0
2020-06-10,Merced,047,269075,592,370,1,371,7
2020-06-10,Modoc,049,8938,1,0,0,0,0
2020-06-10,Mono,051,14174,39,35,0,35,1
2020-06-10,Monterey,053,433212,1106,791,4,795,11
2020-06-10,Napa,055,140530,211,159,0,159,3
2020-06-10,Nevada,057,99092,65,50,1,51,1
2020-06-10,Orange,059,3164182,11451,8222,85,8307,184
2020-06-10,Placer,061,380077,451,309,3,312,9
2020-06-10,Plumas,063,18699,5,4,0,4,0
2020-06-10,Riverside,065,2383286,12894,9857,24,9881,361
2020-06-10,Sacramento,067,1510023,1886,1643,2,1645,59
2020-06-10,San Benito,069,59416,144,94,0,94,2
2020-06-10,San Bernardino,071,2135413,8883,6438,7,6445,219
2020-06-10,San Diego,073,3302833,10228,8839,0,8839,305
2020-06-10,San Francisco,075,870044,3020,2774,1,2775,44
2020-06-10,San Joaquin,077,732212,1946,1282,4,1286,41
2020-06-10,San Luis Obispo,079,281455,440,306,5,311,1
2020-06-10,San Mateo,081,765935,2706,2492,5,2497,74
2020-06-10,Santa Barbara,083,443738,2227,1878,19,1897,13
2020-06-10,Santa Clara,085,1922200,3938,3032,15,3047,149
2020-06-10,Santa Cruz,087,273765,276,242,0,242,2
2020-06-10,Shasta,089,179085,82,45,0,45,5
2020-06-10,Sierra,091,2930,1,1,0,1,0
2020-06-10,Siskiyou,093,43540,25,14,0,14,0
2020-06-10,Solano,095,438530,847,608,4,612,19
2020-06-10,Sonoma,097,501317,822,673,2,675,4
2020-06-10,Stanislaus,099,539301,1508,1030,6,1036,29
2020-06-10,Sutter,101,95872,91,56,0,56,2
2020-06-10,Tehama,103,63373,25,10,2,12,1
2020-06-10,Trinity,105,12862,11,2,3,5,0
2020-06-10,Tulare,107,460477,3443,2455,10,2465,95
2020-06-10,Tuolumne,109,53932,10,7,0,7,0
2020-06-10,Ventura,111,848112,2172,1446,12,1458,34
2020-06-10,Yolo,113,214977,298,226,0,226,24
2020-06-10,Yuba,115,75493,35,27,0,27,1
2020-06-09,Alameda,001,1643700,4571,3963,7,3970,103
2020-06-09,Alpine,003,1148,1,1,0,1,0
2020-06-09,Amador,005,37829,10,10,0,10,0
2020-06-09,Butte,007,227075,101,70,6,76,1
2020-06-09,Calaveras,009,45235,27,16,0,16,0
2020-06-09,Colusa,011,21464,10,7,0,7,0
2020-06-09,Contra Costa,013,1133247,2055,1744,2,1746,42
2020-06-09,Del Norte,015,27424,47,45,0,45,0
2020-06-09,El Dorado,017,186661,142,108,0,108,0
2020-06-09,Fresno,019,978130,4324,2278,57,2335,43
2020-06-09,Glenn,021,27897,38,19,0,19,0
2020-06-09,Humboldt,023,135768,116,113,0,113,2
2020-06-09,Imperial,025,180216,5329,3067,4,3071,36
2020-06-09,Inyo,027,18085,22,22,0,22,1
2020-06-09,Kern,029,883053,3874,2920,10,2930,51
2020-06-09,Kings,031,150075,1890,934,4,938,6
2020-06-09,Lake,033,64148,39,28,0,28,0
2020-06-09,Lassen,035,31185,15,5,2,7,0
2020-06-09,Los Angeles,037,10098052,74825,65827,20,65847,2692
2020-06-09,Madera,039,155013,416,172,1,173,3
2020-06-09,Marin,041,260295,721,616,2,618,17
2020-06-09,Mariposa,043,17540,17,16,0,16,1
2020-06-09,Mendocino,045,87422,35,35,0,35,0
2020-06-09,Merced,047,269075,563,349,1,350,7
2020-06-09,Modoc,049,8938,1,0,0,0,0
2020-06-09,Mono,051,14174,39,35,0,35,1
2020-06-09,Monterey,053,433212,1065,772,4,776,11
2020-06-09,Napa,055,140530,201,156,0,156,3
2020-06-09,Nevada,057,99092,57,50,1,51,1
2020-06-09,Orange,059,3164182,11210,7991,83,8074,174
2020-06-09,Placer,061,380077,438,301,3,304,9
2020-06-09,Plumas,063,18699,5,4,0,4,0
2020-06-09,Riverside,065,2383286,12516,9511,24,9535,354
2020-06-09,Sacramento,067,1510023,1832,1625,2,1627,59
2020-06-09,San Benito,069,59416,138,95,0,95,2
2020-06-09,San Bernardino,071,2135413,8559,6268,6,6274,217
2020-06-09,San Diego,073,3302833,10043,8731,0,8731,301
2020-06-09,San Francisco,075,870044,2995,2749,1,2750,44
2020-06-09,San Joaquin,077,732212,1840,1240,4,1244,41
2020-06-09,San Luis Obispo,079,281455,427,301,4,305,1
2020-06-09,San Mateo,081,765935,2675,2463,5,2468,74
2020-06-09,Santa Barbara,083,443738,2171,1854,19,1873,13
2020-06-09,Santa Clara,085,1922200,3870,3006,14,3020,147
2020-06-09,Santa Cruz,087,273765,270,237,0,237,2
2020-06-09,Shasta,089,179085,78,44,0,44,4
2020-06-09,Sierra,091,2930,1,1,0,1,0
2020-06-09,Siskiyou,093,43540,20,10,0,10,0
2020-06-09,Solano,095,438530,812,596,4,600,18
2020-06-09,Sonoma,097,501317,799,661,2,663,4
2020-06-09,Stanislaus,099,539301,1407,993,6,999,25
2020-06-09,Sutter,101,95872,88,56,0,56,2
2020-06-09,Tehama,103,63373,25,9,2,11,1
2020-06-09,Trinity,105,12862,10,2,3,5,0
2020-06-09,Tulare,107,460477,3377,2393,10,2403,91
2020-06-09,Tuolumne,109,53932,10,8,0,8,0
2020-06-09,Ventura,111,848112,2106,1407,12,1419,34
2020-06-09,Yolo,113,214977,287,226,0,226,24
2020-06-09,Yuba,115,75493,34,27,0,27,1
2020-06-08,Alameda,001,1643700,4490,3937,7,3944,103
2020-06-08,Alpine,003,1148,1,1,0,1,0
2020-06-08,Amador,005,37829,10,10,0,10,0
2020-06-08,Butte,007,227075,97,68,6,74,1
2020-06-08,Calaveras,009,45235,27,16,0,16,0
2020-06-08,Colusa,011,21464,9,7,0,7,0
2020-06-08,Contra Costa,013,1133247,2012,1714,2,1716,41
2020-06-08,Del Norte,015,27424,47,45,0,45,0
2020-06-08,El Dorado,017,186661,138,107,0,107,0
2020-06-08,Fresno,019,978130,4200,2194,56,2250,42
2020-06-08,Glenn,021,27897,36,17,0,17,0
2020-06-08,Humboldt,023,135768,116,112,0,112,2
2020-06-08,Imperial,025,180216,5177,3051,4,3055,21
2020-06-08,Inyo,027,18085,22,22,0,22,1
2020-06-08,Kern,029,883053,3743,2853,9,2862,49
2020-06-08,Kings,031,150075,1814,892,4,896,6
2020-06-08,Lake,033,64148,39,28,0,28,0
2020-06-08,Lassen,035,31185,15,4,2,6,0
2020-06-08,Los Angeles,037,10098052,73363,64634,20,64654,2640
2020-06-08,Madera,039,155013,386,154,1,155,3
2020-06-08,Marin,041,260295,680,596,2,598,17
2020-06-08,Mariposa,043,17540,16,16,0,16,1
2020-06-08,Mendocino,045,87422,33,32,0,32,0
2020-06-08,Merced,047,269075,529,331,1,332,7
2020-06-08,Modoc,049,8938,1,0,0,0,0
2020-06-08,Mono,051,14174,39,35,0,35,1
2020-06-08,Monterey,053,433212,1014,751,3,754,10
2020-06-08,Napa,055,140530,185,151,0,151,3
2020-06-08,Nevada,057,99092,56,50,1,51,1
2020-06-08,Orange,059,3164182,10959,7786,81,7867,160
2020-06-08,Placer,061,380077,421,290,3,293,9
2020-06-08,Plumas,063,18699,5,4,0,4,0
2020-06-08,Riverside,065,2383286,12147,9246,24,9270,347
2020-06-08,Sacramento,067,1510023,1782,1591,2,1593,59
2020-06-08,San Benito,069,59416,131,93,0,93,2
2020-06-08,San Bernardino,071,2135413,8240,6122,6,6128,214
2020-06-08,San Diego,073,3302833,9886,8621,0,8621,296
2020-06-08,San Francisco,075,870044,2968,2715,1,2716,43
2020-06-08,San Joaquin,077,732212,1733,1198,4,1202,40
2020-06-08,San Luis Obispo,079,281455,421,300,4,304,1
2020-06-08,San Mateo,081,765935,2644,2431,4,2435,74
2020-06-08,Santa Barbara,083,443738,2116,1824,17,1841,13
2020-06-08,Santa Clara,085,1922200,3824,2971,14,2985,146
2020-06-08,Santa Cruz,087,273765,269,234,0,234,2
2020-06-08,Shasta,089,179085,74,43,0,43,4
2020-06-08,Sierra,091,2930,1,1,0,1,0
2020-06-08,Siskiyou,093,43540,20,8,0,8,0
2020-06-08,Solano,095,438530,785,560,4,564,19
2020-06-08,Sonoma,097,501317,783,654,2,656,4
2020-06-08,Stanislaus,099,539301,1325,956,6,962,28
2020-06-08,Sutter,101,95872,81,55,0,55,2
2020-06-08,Tehama,103,63373,19,8,2,10,1
2020-06-08,Trinity,105,12862,10,2,3,5,0
2020-06-08,Tulare,107,460477,3294,2301,10,2311,91
2020-06-08,Tuolumne,109,53932,9,8,0,8,0
2020-06-08,Ventura,111,848112,2048,1382,12,1394,30
2020-06-08,Yolo,113,214977,276,228,0,228,24
2020-06-08,Yuba,115,75493,32,27,0,27,1
2020-06-07,Alameda,001,1643700,4377,3866,7,3873,102
2020-06-07,Alpine,003,1148,1,1,0,1,0
2020-06-07,Amador,005,37829,10,10,0,10,0
2020-06-07,Butte,007,227075,95,64,5,69,1
2020-06-07,Calaveras,009,45235,25,16,0,16,0
2020-06-07,Colusa,011,21464,9,7,0,7,0
2020-06-07,Contra Costa,013,1133247,1961,1653,1,1654,38
2020-06-07,Del Norte,015,27424,45,45,0,45,0
2020-06-07,El Dorado,017,186661,138,104,0,104,0
2020-06-07,Fresno,019,978130,4070,2144,56,2200,41
2020-06-07,Glenn,021,27897,29,16,0,16,0
2020-06-07,Humboldt,023,135768,116,112,0,112,2
2020-06-07,Imperial,025,180216,5026,3048,4,3052,19
2020-06-07,Inyo,027,18085,22,21,0,21,1
2020-06-07,Kern,029,883053,3612,2771,9,2780,46
2020-06-07,Kings,031,150075,1765,882,4,886,6
2020-06-07,Lake,033,64148,36,28,0,28,0
2020-06-07,Lassen,035,31185,14,4,2,6,0
2020-06-07,Los Angeles,037,10098052,71659,63750,20,63770,2629
2020-06-07,Madera,039,155013,369,149,1,150,3
2020-06-07,Marin,041,260295,666,584,2,586,17
2020-06-07,Mariposa,043,17540,16,16,0,16,1
2020-06-07,Mendocino,045,87422,33,32,0,32,0
2020-06-07,Merced,047,269075,496,318,1,319,7
2020-06-07,Modoc,049,8938,1,0,0,0,0
2020-06-07,Mono,051,14174,39,35,0,35,1
2020-06-07,Monterey,053,433212,968,732,3,735,10
2020-06-07,Napa,055,140530,177,142,0,142,3
2020-06-07,Nevada,057,99092,55,50,1,51,1
2020-06-07,Orange,059,3164182,10702,7643,79,7722,158
2020-06-07,Placer,061,380077,400,273,2,275,9
2020-06-07,Plumas,063,18699,5,4,0,4,0
2020-06-07,Riverside,065,2383286,11851,9105,24,9129,344
2020-06-07,Sacramento,067,1510023,1734,1568,2,1570,59
2020-06-07,San Benito,069,59416,128,92,0,92,2
2020-06-07,San Bernardino,071,2135413,7954,6033,6,6039,214
2020-06-07,San Diego,073,3302833,9707,8478,0,8478,296
2020-06-07,San Francisco,075,870044,2924,2674,0,2674,43
2020-06-07,San Joaquin,077,732212,1632,1126,4,1130,37
2020-06-07,San Luis Obispo,079,281455,411,296,4,300,1
2020-06-07,San Mateo,081,765935,2617,2399,4,2403,73
2020-06-07,Santa Barbara,083,443738,2061,1818,17,1835,13
2020-06-07,Santa Clara,085,1922200,3772,2947,14,2961,146
2020-06-07,Santa Cruz,087,273765,261,230,0,230,2
2020-06-07,Shasta,089,179085,73,41,0,41,4
2020-06-07,Sierra,091,2930,1,1,0,1,0
2020-06-07,Siskiyou,093,43540,20,8,0,8,0
2020-06-07,Solano,095,438530,762,560,4,564,19
2020-06-07,Sonoma,097,501317,752,639,2,641,4
2020-06-07,Stanislaus,099,539301,1245,905,5,910,28
2020-06-07,Sutter,101,95872,73,55,0,55,2
2020-06-07,Tehama,103,63373,16,8,2,10,1
2020-06-07,Trinity,105,12862,8,2,3,5,0
2020-06-07,Tulare,107,460477,3172,2219,10,2229,90
2020-06-07,Tuolumne,109,53932,9,4,0,4,0
2020-06-07,Ventura,111,848112,1982,1337,12,1349,30
2020-06-07,Yolo,113,214977,266,224,0,224,24
2020-06-07,Yuba,115,75493,32,27,0,27,1
2020-06-06,Alameda,001,1643700,4332,3801,7,3808,102
2020-06-06,Alpine,003,1148,1,1,0,1,0
2020-06-06,Amador,005,37829,10,10,0,10,0
2020-06-06,Butte,007,227075,94,63,5,68,1
2020-06-06,Calaveras,009,45235,23,16,0,16,0
2020-06-06,Colusa,011,21464,9,7,0,7,0
2020-06-06,Contra Costa,013,1133247,1940,1619,1,1620,37
2020-06-06,Del Norte,015,27424,45,45,0,45,0
2020-06-06,El Dorado,017,186661,133,104,0,104,0
2020-06-06,Fresno,019,978130,4015,2117,56,2173,41
2020-06-06,Glenn,021,27897,27,16,0,16,0
2020-06-06,Humboldt,023,135768,116,112,0,112,2
2020-06-06,Imperial,025,180216,4950,3047,4,3051,19
2020-06-06,Inyo,027,18085,22,21,0,21,1
2020-06-06,Kern,029,883053,3541,2695,9,2704,46
2020-06-06,Kings,031,150075,1746,882,4,886,6
2020-06-06,Lake,033,64148,36,28,0,28,0
2020-06-06,Lassen,035,31185,14,4,2,6,0
2020-06-06,Los Angeles,037,10098052,70910,62269,20,62289,2607
2020-06-06,Madera,039,155013,360,149,1,150,3
2020-06-06,Marin,041,260295,661,556,2,558,17
2020-06-06,Mariposa,043,17540,16,16,0,16,1
2020-06-06,Mendocino,045,87422,33,32,0,32,0
2020-06-06,Merced,047,269075,495,315,1,316,7
2020-06-06,Modoc,049,8938,1,0,0,0,0
2020-06-06,Mono,051,14174,39,35,0,35,1
2020-06-06,Monterey,053,433212,944,679,3,682,10
2020-06-06,Napa,055,140530,171,136,0,136,3
2020-06-06,Nevada,057,99092,54,50,1,51,1
2020-06-06,Orange,059,3164182,10543,7576,78,7654,157
2020-06-06,Placer,061,380077,388,270,2,272,9
2020-06-06,Plumas,063,18699,5,4,0,4,0
2020-06-06,Riverside,065,2383286,11673,8935,24,8959,345
2020-06-06,Sacramento,067,1510023,1711,1533,2,1535,59
2020-06-06,San Benito,069,59416,118,92,0,92,2
2020-06-06,San Bernardino,071,2135413,7806,5946,6,5952,214
2020-06-06,San Diego,073,3302833,9586,8347,0,8347,296
2020-06-06,San Francisco,075,870044,2909,2674,0,2674,43
2020-06-06,San Joaquin,077,732212,1592,1076,4,1080,37
2020-06-06,San Luis Obispo,079,281455,405,295,4,299,1
2020-06-06,San Mateo,081,765935,2602,2342,4,2346,72
2020-06-06,Santa Barbara,083,443738,2022,1815,17,1832,13
2020-06-06,Santa Clara,085,1922200,3731,2934,14,2948,144
2020-06-06,Santa Cruz,087,273765,259,226,0,226,2
2020-06-06,Shasta,089,179085,73,40,0,40,4
2020-06-06,Sierra,091,2930,1,1,0,1,0
2020-06-06,Siskiyou,093,43540,18,8,0,8,0
2020-06-06,Solano,095,438530,747,560,4,564,19
2020-06-06,Sonoma,097,501317,740,622,2,624,4
2020-06-06,Stanislaus,099,539301,1211,858,5,863,27
2020-06-06,Sutter,101,95872,73,51,0,51,2
2020-06-06,Tehama,103,63373,15,8,2,10,1
2020-06-06,Trinity,105,12862,8,2,2,4,0
2020-06-06,Tulare,107,460477,3139,2213,10,2223,90
2020-06-06,Tuolumne,109,53932,9,4,0,4,0
2020-06-06,Ventura,111,848112,1958,1303,12,1315,30
2020-06-06,Yolo,113,214977,264,223,0,223,24
2020-06-06,Yuba,115,75493,32,27,0,27,1
2020-06-05,Alameda,001,1643700,4281,3734,7,3741,102
2020-06-05,Alpine,003,1148,1,1,0,1,0
2020-06-05,Amador,005,37829,10,10,0,10,0
2020-06-05,Butte,007,227075,91,61,5,66,1
2020-06-05,Calaveras,009,45235,22,16,0,16,0
2020-06-05,Colusa,011,21464,9,7,0,7,0
2020-06-05,Contra Costa,013,1133247,1925,1575,1,1576,37
2020-06-05,Del Norte,015,27424,45,45,0,45,0
2020-06-05,El Dorado,017,186661,131,101,0,101,0
2020-06-05,Fresno,019,978130,3951,2051,55,2106,38
2020-06-05,Glenn,021,27897,25,16,0,16,0
2020-06-05,Humboldt,023,135768,115,111,0,111,2
2020-06-05,Imperial,025,180216,4844,2778,4,2782,19
2020-06-05,Inyo,027,18085,22,21,0,21,1
2020-06-05,Kern,029,883053,3452,2624,9,2633,46
2020-06-05,Kings,031,150075,1731,865,4,869,6
2020-06-05,Lake,033,64148,35,28,0,28,0
2020-06-05,Lassen,035,31185,13,4,2,6,0
2020-06-05,Los Angeles,037,10098052,69762,60955,20,60975,2553
2020-06-05,Madera,039,155013,338,144,1,145,3
2020-06-05,Marin,041,260295,652,546,2,548,17
2020-06-05,Mariposa,043,17540,16,16,0,16,1
2020-06-05,Mendocino,045,87422,33,32,0,32,0
2020-06-05,Merced,047,269075,493,309,1,310,7
2020-06-05,Modoc,049,8938,1,0,0,0,0
2020-06-05,Mono,051,14174,39,35,0,35,1
2020-06-05,Monterey,053,433212,912,649,3,652,10
2020-06-05,Napa,055,140530,168,123,0,123,3
2020-06-05,Nevada,057,99092,54,50,1,51,1
2020-06-05,Orange,059,3164182,10348,7391,76,7467,153
2020-06-05,Placer,061,380077,378,265,2,267,9
2020-06-05,Plumas,063,18699,5,4,0,4,0
2020-06-05,Riverside,065,2383286,11414,8700,24,8724,345
2020-06-05,Sacramento,067,1510023,1689,1514,2,1516,59
2020-06-05,San Benito,069,59416,116,92,0,92,2
2020-06-05,San Bernardino,071,2135413,7624,5869,5,5874,212
2020-06-05,San Diego,073,3302833,9471,8182,0,8182,294
2020-06-05,San Francisco,075,870044,2891,2675,0,2675,43
2020-06-05,San Joaquin,077,732212,1513,1046,4,1050,36
2020-06-05,San Luis Obispo,079,281455,398,293,4,297,1
2020-06-05,San Mateo,081,765935,2577,2331,4,2335,72
2020-06-05,Santa Barbara,083,443738,1991,1795,17,1812,13
2020-06-05,Santa Clara,085,1922200,3696,2902,14,2916,144
2020-06-05,Santa Cruz,087,273765,256,222,0,222,2
2020-06-05,Shasta,089,179085,72,40,0,40,4
2020-06-05,Sierra,091,2930,1,1,0,1,0
2020-06-05,Siskiyou,093,43540,16,8,0,8,0
2020-06-05,Solano,095,438530,740,558,4,562,19
2020-06-05,Sonoma,097,501317,719,618,2,620,4
2020-06-05,Stanislaus,099,539301,1178,842,5,847,27
2020-06-05,Sutter,101,95872,73,49,0,49,2
2020-06-05,Tehama,103,63373,15,7,2,9,1
2020-06-05,Trinity,105,12862,8,1,2,3,0
2020-06-05,Tulare,107,460477,3090,2180,10,2190,90
2020-06-05,Tuolumne,109,53932,9,4,0,4,0
2020-06-05,Ventura,111,848112,1925,1274,12,1286,30
2020-06-05,Yolo,113,214977,263,216,0,216,24
2020-06-05,Yuba,115,75493,32,27,0,27,1
2020-06-04,Alameda,001,1643700,4182,3643,7,3650,99
2020-06-04,Alpine,003,1148,1,1,0,1,0
2020-06-04,Amador,005,37829,10,10,0,10,0
2020-06-04,Butte,007,227075,87,57,4,61,1
2020-06-04,Calaveras,009,45235,22,15,0,15,0
2020-06-04,Colusa,011,21464,9,7,0,7,0
2020-06-04,Contra Costa,013,1133247,1867,1551,1,1552,37
2020-06-04,Del Norte,015,27424,45,45,0,45,0
2020-06-04,El Dorado,017,186661,129,101,0,101,0
2020-06-04,Fresno,019,978130,3845,2007,54,2061,35
2020-06-04,Glenn,021,27897,22,16,0,16,0
2020-06-04,Humboldt,023,135768,115,109,0,109,2
2020-06-04,Imperial,025,180216,4662,2631,4,2635,19
2020-06-04,Inyo,027,18085,22,20,0,20,1
2020-06-04,Kern,029,883053,3336,2530,9,2539,46
2020-06-04,Kings,031,150075,1661,842,4,846,6
2020-06-04,Lake,033,64148,34,27,0,27,0
2020-06-04,Lassen,035,31185,11,4,2,6,0
2020-06-04,Los Angeles,037,10098052,68294,59596,20,59616,2515
2020-06-04,Madera,039,155013,330,127,1,128,3
2020-06-04,Marin,041,260295,630,533,2,535,14
2020-06-04,Mariposa,043,17540,16,16,0,16,1
2020-06-04,Mendocino,045,87422,33,29,0,29,0
2020-06-04,Merced,047,269075,473,304,1,305,7
2020-06-04,Modoc,049,8938,1,0,0,0,0
2020-06-04,Mono,051,14174,39,35,0,35,1
2020-06-04,Monterey,053,433212,877,621,2,623,10
2020-06-04,Napa,055,140530,164,117,0,117,3
2020-06-04,Nevada,057,99092,53,49,1,50,1
2020-06-04,Orange,059,3164182,10096,7192,75,7267,148
2020-06-04,Placer,061,380077,362,256,2,258,9
2020-06-04,Plumas,063,18699,4,4,0,4,0
2020-06-04,Riverside,065,2383286,11136,8473,24,8497,341
2020-06-04,Sacramento,067,1510023,1662,1492,2,1494,58
2020-06-04,San Benito,069,59416,114,88,0,88,2
2020-06-04,San Bernardino,071,2135413,7355,5726,5,5731,207
2020-06-04,San Diego,073,3302833,9308,7942,0,7942,288
2020-06-04,San Francisco,075,870044,2858,2636,0,2636,43
2020-06-04,San Joaquin,077,732212,1451,1016,4,1020,36
2020-06-04,San Luis Obispo,079,281455,387,288,4,292,1
2020-06-04,San Mateo,081,765935,2550,2284,4,2288,72
2020-06-04,Santa Barbara,083,443738,1960,1750,16,1766,13
2020-06-04,Santa Clara,085,1922200,3662,2871,14,2885,144
2020-06-04,Santa Cruz,087,273765,250,218,0,218,2
2020-06-04,Shasta,089,179085,66,40,0,40,4
2020-06-04,Sierra,091,2930,1,1,0,1,0
2020-06-04,Siskiyou,093,43540,15,8,0,8,0
2020-06-04,Solano,095,438530,723,551,4,555,19
2020-06-04,Sonoma,097,501317,700,591,1,592,4
2020-06-04,Stanislaus,099,539301,1102,806,5,811,28
2020-06-04,Sutter,101,95872,68,46,0,46,2
2020-06-04,Tehama,103,63373,14,6,1,7,1
2020-06-04,Trinity,105,12862,8,1,2,3,0
2020-06-04,Tulare,107,460477,2973,2086,10,2096,90
2020-06-04,Tuolumne,109,53932,8,4,0,4,0
2020-06-04,Ventura,111,848112,1881,1236,11,1247,30
2020-06-04,Yolo,113,214977,258,216,0,216,24
2020-06-04,Yuba,115,75493,31,27,0,27,1
2020-06-03,Alameda,001,1643700,4123,3589,6,3595,99
2020-06-03,Alpine,003,1148,1,1,0,1,0
2020-06-03,Amador,005,37829,10,10,0,10,0
2020-06-03,Butte,007,227075,85,53,4,57,1
2020-06-03,Calaveras,009,45235,21,15,0,15,0
2020-06-03,Colusa,011,21464,9,7,0,7,0
2020-06-03,Contra Costa,013,1133247,1819,1511,1,1512,37
2020-06-03,Del Norte,015,27424,45,39,0,39,0
2020-06-03,El Dorado,017,186661,126,90,0,90,0
2020-06-03,Fresno,019,978130,3746,1943,54,1997,35
2020-06-03,Glenn,021,27897,22,16,0,16,0
2020-06-03,Humboldt,023,135768,115,103,0,103,2
2020-06-03,Imperial,025,180216,4489,2540,4,2544,19
2020-06-03,Inyo,027,18085,22,20,0,20,1
2020-06-03,Kern,029,883053,3240,2452,8,2460,44
2020-06-03,Kings,031,150075,1596,744,4,748,6
2020-06-03,Lake,033,64148,32,26,0,26,0
2020-06-03,Lassen,035,31185,11,4,2,6,0
2020-06-03,Los Angeles,037,10098052,66682,58166,20,58186,2472
2020-06-03,Madera,039,155013,322,117,1,118,3
2020-06-03,Marin,041,260295,612,527,2,529,14
2020-06-03,Mariposa,043,17540,16,16,0,16,1
2020-06-03,Mendocino,045,87422,32,29,0,29,0
2020-06-03,Merced,047,269075,459,299,1,300,7
2020-06-03,Modoc,049,8938,1,0,0,0,0
2020-06-03,Mono,051,14174,39,35,0,35,1
2020-06-03,Monterey,053,433212,849,592,2,594,10
2020-06-03,Napa,055,140530,163,116,0,116,3
2020-06-03,Nevada,057,99092,52,43,1,44,1
2020-06-03,Orange,059,3164182,9870,6939,73,7012,145
2020-06-03,Placer,061,380077,342,243,2,245,9
2020-06-03,Plumas,063,18699,4,4,0,4,0
2020-06-03,Riverside,065,2383286,10862,8208,24,8232,335
2020-06-03,Sacramento,067,1510023,1632,1457,2,1459,58
2020-06-03,San Benito,069,59416,108,88,0,88,2
2020-06-03,San Bernardino,071,2135413,7132,5565,5,5570,203
2020-06-03,San Diego,073,3302833,9160,7800,0,7800,283
2020-06-03,San Francisco,075,870044,2827,2608,0,2608,43
2020-06-03,San Joaquin,077,732212,1387,1004,4,1008,35
2020-06-03,San Luis Obispo,079,281455,382,279,4,283,1
2020-06-03,San Mateo,081,765935,2522,2243,4,2247,71
2020-06-03,Santa Barbara,083,443738,1926,1722,15,1737,12
2020-06-03,Santa Clara,085,1922200,3620,2836,14,2850,144
2020-06-03,Santa Cruz,087,273765,244,217,0,217,2
2020-06-03,Shasta,089,179085,63,40,0,40,4
2020-06-03,Sierra,091,2930,1,1,0,1,0
2020-06-03,Siskiyou,093,43540,14,8,0,8,0
2020-06-03,Solano,095,438530,698,543,2,545,18
2020-06-03,Sonoma,097,501317,688,578,1,579,4
2020-06-03,Stanislaus,099,539301,1062,780,5,785,27
2020-06-03,Sutter,101,95872,60,45,0,45,2
2020-06-03,Tehama,103,63373,14,6,1,7,1
2020-06-03,Trinity,105,12862,8,1,2,3,0
2020-06-03,Tulare,107,460477,2904,2041,10,2051,88
2020-06-03,Tuolumne,109,53932,6,4,0,4,0
2020-06-03,Ventura,111,848112,1814,1202,11,1213,30
2020-06-03,Yolo,113,214977,254,213,0,213,24
2020-06-03,Yuba,115,75493,31,27,0,27,1
2020-06-02,Alameda,001,1643700,4047,3517,6,3523,99
2020-06-02,Alpine,003,1148,1,1,0,1,0
2020-06-02,Amador,005,37829,10,10,0,10,0
2020-06-02,Butte,007,227075,81,51,3,54,1
2020-06-02,Calaveras,009,45235,21,15,0,15,0
2020-06-02,Colusa,011,21464,9,7,0,7,0
2020-06-02,Contra Costa,013,1133247,1787,1505,1,1506,37
2020-06-02,Del Norte,015,27424,45,39,0,39,0
2020-06-02,El Dorado,017,186661,125,88,0,88,0
2020-06-02,Fresno,019,978130,3633,1917,54,1971,34
2020-06-02,Glenn,021,27897,21,16,0,16,0
2020-06-02,Humboldt,023,135768,115,101,0,101,2
2020-06-02,Imperial,025,180216,4296,2459,4,2463,19
2020-06-02,Inyo,027,18085,20,20,0,20,1
2020-06-02,Kern,029,883053,3141,2406,6,2412,41
2020-06-02,Kings,031,150075,1568,720,4,724,5
2020-06-02,Lake,033,64148,32,25,0,25,0
2020-06-02,Lassen,035,31185,10,4,2,6,0
2020-06-02,Los Angeles,037,10098052,65276,57144,20,57164,2430
2020-06-02,Madera,039,155013,301,110,1,111,2
2020-06-02,Marin,041,260295,585,509,2,511,14
2020-06-02,Mariposa,043,17540,16,16,0,16,1
2020-06-02,Mendocino,045,87422,32,29,0,29,0
2020-06-02,Merced,047,269075,443,297,1,298,6
2020-06-02,Modoc,049,8938,1,0,0,0,0
2020-06-02,Mono,051,14174,39,35,0,35,1
2020-06-02,Monterey,053,433212,819,582,2,584,10
2020-06-02,Napa,055,140530,154,116,0,116,3
2020-06-02,Nevada,057,99092,51,41,1,42,1
2020-06-02,Orange,059,3164182,9669,6790,72,6862,142
2020-06-02,Placer,061,380077,328,226,2,228,9
2020-06-02,Plumas,063,18699,4,4,0,4,0
2020-06-02,Riverside,065,2383286,10566,8091,22,8113,330
2020-06-02,Sacramento,067,1510023,1603,1428,2,1430,58
2020-06-02,San Benito,069,59416,107,86,0,86,2
2020-06-02,San Bernardino,071,2135413,6925,5438,5,5443,202
2020-06-02,San Diego,073,3302833,9014,7676,0,7676,276
2020-06-02,San Francisco,075,870044,2792,2554,0,2554,43
2020-06-02,San Joaquin,077,732212,1321,985,4,989,35
2020-06-02,San Luis Obispo,079,281455,377,275,4,279,1
2020-06-02,San Mateo,081,765935,2487,2203,4,2207,71
2020-06-02,Santa Barbara,083,443738,1886,1703,15,1718,12
2020-06-02,Santa Clara,085,1922200,3570,2819,14,2833,144
2020-06-02,Santa Cruz,087,273765,239,215,0,215,2
2020-06-02,Shasta,089,179085,62,38,0,38,4
2020-06-02,Sierra,091,2930,1,1,0,1,0
2020-06-02,Siskiyou,093,43540,13,8,0,8,0
2020-06-02,Solano,095,438530,683,537,1,538,18
2020-06-02,Sonoma,097,501317,677,571,1,572,4
2020-06-02,Stanislaus,099,539301,1003,772,5,777,27
2020-06-02,Sutter,101,95872,57,43,0,43,2
2020-06-02,Tehama,103,63373,14,6,1,7,1
2020-06-02,Trinity,105,12862,8,1,2,3,0
2020-06-02,Tulare,107,460477,2824,2012,10,2022,86
2020-06-02,Tuolumne,109,53932,6,4,0,4,0
2020-06-02,Ventura,111,848112,1761,1178,11,1189,30
2020-06-02,Yolo,113,214977,252,213,0,213,24
2020-06-02,Yuba,115,75493,31,27,0,27,1
2020-06-01,Alameda,001,1643700,3981,3460,6,3466,98
2020-06-01,Alpine,003,1148,1,1,0,1,0
2020-06-01,Amador,005,37829,10,10,0,10,0
2020-06-01,Butte,007,227075,80,50,2,52,1
2020-06-01,Calaveras,009,45235,21,15,0,15,0
2020-06-01,Colusa,011,21464,9,7,0,7,0
2020-06-01,Contra Costa,013,1133247,1751,1486,1,1487,37
2020-06-01,Del Norte,015,27424,45,38,0,38,0
2020-06-01,El Dorado,017,186661,123,88,0,88,0
2020-06-01,Fresno,019,978130,3538,1854,52,1906,33
2020-06-01,Glenn,021,27897,21,16,0,16,0
2020-06-01,Humboldt,023,135768,115,98,0,98,2
2020-06-01,Imperial,025,180216,4074,2366,4,2370,14
2020-06-01,Inyo,027,18085,20,20,0,20,1
2020-06-01,Kern,029,883053,3058,2366,6,2372,38
2020-06-01,Kings,031,150075,1300,703,4,707,4
2020-06-01,Lake,033,64148,32,22,0,22,0
2020-06-01,Lassen,035,31185,10,4,2,6,0
2020-06-01,Los Angeles,037,10098052,63807,55899,20,55919,2367
2020-06-01,Madera,039,155013,289,103,1,104,2
2020-06-01,Marin,041,260295,544,495,2,497,14
2020-06-01,Mariposa,043,17540,16,16,0,16,1
2020-06-01,Mendocino,045,87422,32,28,0,28,0
2020-06-01,Merced,047,269075,424,289,1,290,6
2020-06-01,Modoc,049,8938,1,0,0,0,0
2020-06-01,Mono,051,14174,39,35,0,35,1
2020-06-01,Monterey,053,433212,795,554,2,556,10
2020-06-01,Napa,055,140530,151,114,0,114,3
2020-06-01,Nevada,057,99092,51,41,1,42,1
2020-06-01,Orange,059,3164182,9472,6640,71,6711,135
2020-06-01,Placer,061,380077,316,218,2,220,9
2020-06-01,Plumas,063,18699,4,4,0,4,0
2020-06-01,Riverside,065,2383286,10114,7921,21,7942,322
2020-06-01,Sacramento,067,1510023,1564,1415,2,1417,58
2020-06-01,San Benito,069,59416,104,86,0,86,2
2020-06-01,San Bernardino,071,2135413,6719,5310,5,5315,202
2020-06-01,San Diego,073,3302833,8834,7556,0,7556,269
2020-06-01,San Francisco,075,870044,2755,2546,0,2546,43
2020-06-01,San Joaquin,077,732212,1256,957,4,961,35
2020-06-01,San Luis Obispo,079,281455,373,275,4,279,1
2020-06-01,San Mateo,081,765935,2457,2190,4,2194,71
2020-06-01,Santa Barbara,083,443738,1852,1671,14,1685,10
2020-06-01,Santa Clara,085,1922200,3532,2797,13,2810,142
2020-06-01,Santa Cruz,087,273765,235,215,0,215,2
2020-06-01,Shasta,089,179085,62,38,0,38,4
2020-06-01,Sierra,091,2930,1,1,0,1,0
2020-06-01,Siskiyou,093,43540,13,7,0,7,0
2020-06-01,Solano,095,438530,659,529,1,530,17
2020-06-01,Sonoma,097,501317,661,565,1,566,4
2020-06-01,Stanislaus,099,539301,966,758,5,763,27
2020-06-01,Sutter,101,95872,52,43,0,43,2
2020-06-01,Tehama,103,63373,11,5,1,6,1
2020-06-01,Trinity,105,12862,7,1,2,3,0
2020-06-01,Tulare,107,460477,2709,1976,10,1986,84
2020-06-01,Tuolumne,109,53932,5,4,0,4,0
2020-06-01,Ventura,111,848112,1708,1163,11,1174,29
2020-06-01,Yolo,113,214977,249,212,0,212,24
2020-06-01,Yuba,115,75493,30,26,0,26,1
2020-05-31,Alameda,001,1643700,3876,3362,6,3368,98
2020-05-31,Alpine,003,1148,1,1,0,1,0
2020-05-31,Amador,005,37829,10,10,0,10,0
2020-05-31,Butte,007,227075,78,51,2,53,0
2020-05-31,Calaveras,009,45235,18,15,0,15,0
2020-05-31,Colusa,011,21464,9,5,0,5,0
2020-05-31,Contra Costa,013,1133247,1717,1458,1,1459,37
2020-05-31,Del Norte,015,27424,45,37,0,37,0
2020-05-31,El Dorado,017,186661,119,88,0,88,0
2020-05-31,Fresno,019,978130,3373,1780,46,1826,31
2020-05-31,Glenn,021,27897,20,16,0,16,0
2020-05-31,Humboldt,023,135768,113,98,0,98,2
2020-05-31,Imperial,025,180216,3807,2197,4,2201,14
2020-05-31,Inyo,027,18085,20,20,0,20,1
2020-05-31,Kern,029,883053,2923,2300,6,2306,38
2020-05-31,Kings,031,150075,1263,703,4,707,3
2020-05-31,Lake,033,64148,32,19,0,19,0
2020-05-31,Lassen,035,31185,10,4,2,6,0
2020-05-31,Los Angeles,037,10098052,62515,54925,20,54945,2344
2020-05-31,Madera,039,155013,271,101,1,102,2
2020-05-31,Marin,041,260295,534,486,2,488,14
2020-05-31,Mariposa,043,17540,16,16,0,16,1
2020-05-31,Mendocino,045,87422,32,24,0,24,0
2020-05-31,Merced,047,269075,397,288,0,288,6
2020-05-31,Modoc,049,8938,0,0,0,0,0
2020-05-31,Mono,051,14174,39,34,0,34,1
2020-05-31,Monterey,053,433212,721,545,2,547,10
2020-05-31,Napa,055,140530,149,114,0,114,3
2020-05-31,Nevada,057,99092,50,41,1,42,1
2020-05-31,Orange,059,3164182,9262,6532,70,6602,135
2020-05-31,Placer,061,380077,294,215,2,217,9
2020-05-31,Plumas,063,18699,4,4,0,4,0
2020-05-31,Riverside,065,2383286,9858,7704,21,7725,321
2020-05-31,Sacramento,067,1510023,1533,1398,2,1400,57
2020-05-31,San Benito,069,59416,98,85,0,85,2
2020-05-31,San Bernardino,071,2135413,6451,5185,5,5190,198
2020-05-31,San Diego,073,3302833,8640,7483,0,7483,269
2020-05-31,San Francisco,075,870044,2719,2501,0,2501,43
2020-05-31,San Joaquin,077,732212,1191,888,4,892,34
2020-05-31,San Luis Obispo,079,281455,363,271,4,275,1
2020-05-31,San Mateo,081,765935,2411,2169,4,2173,71
2020-05-31,Santa Barbara,083,443738,1801,1662,13,1675,9
2020-05-31,Santa Clara,085,1922200,3488,2785,13,2798,142
2020-05-31,Santa Cruz,087,273765,232,210,0,210,2
2020-05-31,Shasta,089,179085,60,38,0,38,4
2020-05-31,Sierra,091,2930,1,1,0,1,0
2020-05-31,Siskiyou,093,43540,12,7,0,7,0
2020-05-31,Solano,095,438530,633,512,1,513,6
2020-05-31,Sonoma,097,501317,641,555,1,556,4
2020-05-31,Stanislaus,099,539301,912,738,5,743,27
2020-05-31,Sutter,101,95872,50,42,0,42,2
2020-05-31,Tehama,103,63373,10,4,1,5,1
2020-05-31,Trinity,105,12862,7,1,2,3,0
2020-05-31,Tulare,107,460477,2636,1884,10,1894,82
2020-05-31,Tuolumne,109,53932,5,4,0,4,0
2020-05-31,Ventura,111,848112,1647,1151,11,1162,30
2020-05-31,Yolo,113,214977,243,211,0,211,24
2020-05-31,Yuba,115,75493,30,26,0,26,1
2020-05-30,Alameda,001,1643700,3850,3304,6,3310,96
2020-05-30,Alpine,003,1148,1,1,0,1,0
2020-05-30,Amador,005,37829,10,10,0,10,0
2020-05-30,Butte,007,227075,77,44,2,46,0
2020-05-30,Calaveras,009,45235,17,15,0,15,0
2020-05-30,Colusa,011,21464,8,5,0,5,0
2020-05-30,Contra Costa,013,1133247,1701,1429,1,1430,37
2020-05-30,Del Norte,015,27424,45,37,0,37,0
2020-05-30,El Dorado,017,186661,118,86,0,86,0
2020-05-30,Fresno,019,978130,3312,1744,45,1789,31
2020-05-30,Glenn,021,27897,19,16,0,16,0
2020-05-30,Humboldt,023,135768,112,98,0,98,2
2020-05-30,Imperial,025,180216,3717,2091,4,2095,14
2020-05-30,Inyo,027,18085,20,20,0,20,1
2020-05-30,Kern,029,883053,2854,2217,6,2223,38
2020-05-30,Kings,031,150075,1249,703,4,707,3
2020-05-30,Lake,033,64148,31,18,0,18,0
2020-05-30,Lassen,035,31185,10,4,2,6,0
2020-05-30,Los Angeles,037,10098052,61977,53627,20,53647,2319
2020-05-30,Madera,039,155013,266,101,1,102,2
2020-05-30,Marin,041,260295,534,462,2,464,14
2020-05-30,Mariposa,043,17540,16,16,0,16,1
2020-05-30,Mendocino,045,87422,32,24,0,24,0
2020-05-30,Merced,047,269075,396,285,0,285,6
2020-05-30,Modoc,049,8938,0,0,0,0,0
2020-05-30,Mono,051,14174,39,34,0,34,1
2020-05-30,Monterey,053,433212,705,520,2,522,10
2020-05-30,Napa,055,140530,147,113,0,113,3
2020-05-30,Nevada,057,99092,50,41,1,42,1
2020-05-30,Orange,059,3164182,9105,6354,70,6424,134
2020-05-30,Placer,061,380077,286,199,1,200,9
2020-05-30,Plumas,063,18699,4,4,0,4,0
2020-05-30,Riverside,065,2383286,9714,7492,21,7513,316
2020-05-30,Sacramento,067,1510023,1522,1384,2,1386,57
2020-05-30,San Benito,069,59416,97,85,0,85,2
2020-05-30,San Bernardino,071,2135413,6342,5122,5,5127,198
2020-05-30,San Diego,073,3302833,8547,7387,0,7387,269
2020-05-30,San Francisco,075,870044,2694,2496,0,2496,41
2020-05-30,San Joaquin,077,732212,1153,888,4,892,34
2020-05-30,San Luis Obispo,079,281455,358,270,4,274,1
2020-05-30,San Mateo,081,765935,2387,2129,4,2133,71
2020-05-30,Santa Barbara,083,443738,1782,1660,13,1673,9
2020-05-30,Santa Clara,085,1922200,3472,2741,13,2754,141
2020-05-30,Santa Cruz,087,273765,232,206,0,206,2
2020-05-30,Shasta,089,179085,60,36,0,36,4
2020-05-30,Sierra,091,2930,1,1,0,1,0
2020-05-30,Siskiyou,093,43540,11,7,0,7,0
2020-05-30,Solano,095,438530,626,512,1,513,6
2020-05-30,Sonoma,097,501317,631,551,1,552,4
2020-05-30,Stanislaus,099,539301,895,712,5,717,27
2020-05-30,Sutter,101,95872,49,40,0,40,2
2020-05-30,Tehama,103,63373,10,4,1,5,1
2020-05-30,Trinity,105,12862,7,1,2,3,0
2020-05-30,Tulare,107,460477,2599,1879,10,1889,81
2020-05-30,Tuolumne,109,53932,5,4,0,4,0
2020-05-30,Ventura,111,848112,1630,1116,11,1127,30
2020-05-30,Yolo,113,214977,239,210,0,210,24
2020-05-30,Yuba,115,75493,30,25,0,25,1
2020-05-29,Alameda,001,1643700,3815,3209,6,3215,96
2020-05-29,Alpine,003,1148,1,1,0,1,0
2020-05-29,Amador,005,37829,10,10,0,10,0
2020-05-29,Butte,007,227075,72,41,2,43,0
2020-05-29,Calaveras,009,45235,17,15,0,15,0
2020-05-29,Colusa,011,21464,8,5,0,5,0
2020-05-29,Contra Costa,013,1133247,1685,1411,1,1412,37
2020-05-29,Del Norte,015,27424,45,37,0,37,0
2020-05-29,El Dorado,017,186661,117,85,0,85,0
2020-05-29,Fresno,019,978130,3262,1687,45,1732,31
2020-05-29,Glenn,021,27897,19,14,0,14,0
2020-05-29,Humboldt,023,135768,111,98,0,98,2
2020-05-29,Imperial,025,180216,3599,1607,4,1611,14
2020-05-29,Inyo,027,18085,20,20,0,20,1
2020-05-29,Kern,029,883053,2796,2128,6,2134,36
2020-05-29,Kings,031,150075,1238,693,4,697,3
2020-05-29,Lake,033,64148,30,17,0,17,0
2020-05-29,Lassen,035,31185,10,0,2,2,0
2020-05-29,Los Angeles,037,10098052,61022,51578,20,51598,2273
2020-05-29,Madera,039,155013,251,98,1,99,2
2020-05-29,Marin,041,260295,526,448,2,450,14
2020-05-29,Mariposa,043,17540,16,16,0,16,1
2020-05-29,Mendocino,045,87422,30,25,0,25,0
2020-05-29,Merced,047,269075,391,285,0,285,7
2020-05-29,Modoc,049,8938,0,0,0,0,0
2020-05-29,Mono,051,14174,38,34,0,34,1
2020-05-29,Monterey,053,433212,675,479,2,481,10
2020-05-29,Napa,055,140530,144,113,0,113,3
2020-05-29,Nevada,057,99092,50,41,1,42,1
2020-05-29,Orange,059,3164182,8920,6176,67,6243,133
2020-05-29,Placer,061,380077,264,199,1,200,9
2020-05-29,Plumas,063,18699,4,4,0,4,0
2020-05-29,Riverside,065,2383286,9528,7376,21,7397,313
2020-05-29,Sacramento,067,1510023,1499,1360,2,1362,57
2020-05-29,San Benito,069,59416,97,84,0,84,2
2020-05-29,San Bernardino,071,2135413,6234,4983,5,4988,196
2020-05-29,San Diego,073,3302833,8424,7242,0,7242,266
2020-05-29,San Francisco,075,870044,2670,2453,0,2453,41
2020-05-29,San Joaquin,077,732212,1116,855,4,859,34
2020-05-29,San Luis Obispo,079,281455,354,270,4,274,1
2020-05-29,San Mateo,081,765935,2371,2103,4,2107,71
2020-05-29,Santa Barbara,083,443738,1755,1656,13,1669,9
2020-05-29,Santa Clara,085,1922200,3444,2707,13,2720,141
2020-05-29,Santa Cruz,087,273765,229,203,0,203,2
2020-05-29,Shasta,089,179085,60,36,0,36,4
2020-05-29,Sierra,091,2930,1,1,0,1,0
2020-05-29,Siskiyou,093,43540,11,7,0,7,0
2020-05-29,Solano,095,438530,618,498,1,499,6
2020-05-29,Sonoma,097,501317,620,537,1,538,4
2020-05-29,Stanislaus,099,539301,865,698,5,703,27
2020-05-29,Sutter,101,95872,47,40,0,40,2
2020-05-29,Tehama,103,63373,9,4,1,5,1
2020-05-29,Trinity,105,12862,7,1,2,3,0
2020-05-29,Tulare,107,460477,2561,1852,10,1862,80
2020-05-29,Tuolumne,109,53932,5,4,0,4,0
2020-05-29,Ventura,111,848112,1606,1093,11,1104,29
2020-05-29,Yolo,113,214977,235,211,0,211,24
2020-05-29,Yuba,115,75493,29,25,0,25,1
2020-05-28,Alameda,001,1643700,3715,3083,6,3089,94
2020-05-28,Alpine,003,1148,1,1,0,1,0
2020-05-28,Amador,005,37829,10,10,0,10,0
2020-05-28,Butte,007,227075,71,40,2,42,0
2020-05-28,Calaveras,009,45235,16,15,0,15,0
2020-05-28,Colusa,011,21464,8,5,0,5,0
2020-05-28,Contra Costa,013,1133247,1646,1392,1,1393,37
2020-05-28,Del Norte,015,27424,45,37,0,37,0
2020-05-28,El Dorado,017,186661,114,82,0,82,0
2020-05-28,Fresno,019,978130,3181,1653,44,1697,31
2020-05-28,Glenn,021,27897,18,14,0,14,0
2020-05-28,Humboldt,023,135768,110,97,0,97,2
2020-05-28,Imperial,025,180216,3404,1430,4,1434,14
2020-05-28,Inyo,027,18085,20,20,0,20,1
2020-05-28,Kern,029,883053,2718,2069,6,2075,36
2020-05-28,Kings,031,150075,901,626,4,630,3
2020-05-28,Lake,033,64148,29,17,0,17,0
2020-05-28,Lassen,035,31185,10,0,2,2,0
2020-05-28,Los Angeles,037,10098052,59440,49861,20,49881,2222
2020-05-28,Madera,039,155013,233,93,1,94,2
2020-05-28,Marin,041,260295,501,443,2,445,14
2020-05-28,Mariposa,043,17540,16,16,0,16,1
2020-05-28,Mendocino,045,87422,28,24,0,24,0
2020-05-28,Merced,047,269075,382,283,0,283,7
2020-05-28,Modoc,049,8938,0,0,0,0,0
2020-05-28,Mono,051,14174,38,34,0,34,1
2020-05-28,Monterey,053,433212,643,471,2,473,10
2020-05-28,Napa,055,140530,141,113,0,113,3
2020-05-28,Nevada,057,99092,45,41,1,42,1
2020-05-28,Orange,059,3164182,8724,6045,67,6112,130
2020-05-28,Placer,061,380077,257,196,1,197,9
2020-05-28,Plumas,063,18699,4,4,0,4,0
2020-05-28,Riverside,065,2383286,9124,7240,20,7260,304
2020-05-28,Sacramento,067,1510023,1479,1339,2,1341,57
2020-05-28,San Benito,069,59416,96,82,0,82,2
2020-05-28,San Bernardino,071,2135413,6069,4831,5,4836,191
2020-05-28,San Diego,073,3302833,8267,7102,0,7102,260
2020-05-28,San Francisco,075,870044,2636,2417,0,2417,40
2020-05-28,San Joaquin,077,732212,1081,840,4,844,34
2020-05-28,San Luis Obispo,079,281455,351,267,4,271,1
2020-05-28,San Mateo,081,765935,2344,2070,4,2074,71
2020-05-28,Santa Barbara,083,443738,1727,1642,12,1654,9
2020-05-28,Santa Clara,085,1922200,3404,2698,13,2711,140
2020-05-28,Santa Cruz,087,273765,228,201,0,201,2
2020-05-28,Shasta,089,179085,58,36,0,36,4
2020-05-28,Sierra,091,2930,1,1,0,1,0
2020-05-28,Siskiyou,093,43540,9,6,0,6,0
2020-05-28,Solano,095,438530,601,489,1,490,6
2020-05-28,Sonoma,097,501317,598,529,1,530,4
2020-05-28,Stanislaus,099,539301,824,684,5,689,27
2020-05-28,Sutter,101,95872,47,40,0,40,2
2020-05-28,Tehama,103,63373,9,4,1,5,1
2020-05-28,Trinity,105,12862,6,1,2,3,0
2020-05-28,Tulare,107,460477,2525,1832,10,1842,79
2020-05-28,Tuolumne,109,53932,5,4,0,4,0
2020-05-28,Ventura,111,848112,1573,1083,11,1094,29
2020-05-28,Yolo,113,214977,232,206,0,206,22
2020-05-28,Yuba,115,75493,28,24,0,24,1
2020-05-27,Alameda,001,1643700,3632,3037,6,3043,94
2020-05-27,Alpine,003,1148,1,1,0,1,0
2020-05-27,Amador,005,37829,10,10,0,10,0
2020-05-27,Butte,007,227075,68,40,1,41,0
2020-05-27,Calaveras,009,45235,15,15,0,15,0
2020-05-27,Colusa,011,21464,8,5,0,5,0
2020-05-27,Contra Costa,013,1133247,1606,1373,1,1374,37
2020-05-27,Del Norte,015,27424,45,34,0,34,0
2020-05-27,El Dorado,017,186661,113,82,0,82,0
2020-05-27,Fresno,019,978130,3093,1620,44,1664,27
2020-05-27,Glenn,021,27897,18,14,0,14,0
2020-05-27,Humboldt,023,135768,110,86,0,86,2
2020-05-27,Imperial,025,180216,3224,1369,4,1373,14
2020-05-27,Inyo,027,18085,20,20,0,20,1
2020-05-27,Kern,029,883053,2653,1999,6,2005,37
2020-05-27,Kings,031,150075,874,586,4,590,3
2020-05-27,Lake,033,64148,29,13,0,13,0
2020-05-27,Lassen,035,31185,10,0,2,2,0
2020-05-27,Los Angeles,037,10098052,58065,48711,20,48731,2177
2020-05-27,Madera,039,155013,224,91,1,92,2
2020-05-27,Marin,041,260295,472,439,2,441,14
2020-05-27,Mariposa,043,17540,16,16,0,16,1
2020-05-27,Mendocino,045,87422,27,21,0,21,0
2020-05-27,Merced,047,269075,378,278,0,278,7
2020-05-27,Modoc,049,8938,0,0,0,0,0
2020-05-27,Mono,051,14174,38,34,0,34,1
2020-05-27,Monterey,053,433212,603,443,2,445,8
2020-05-27,Napa,055,140530,136,112,0,112,3
2020-05-27,Nevada,057,99092,44,41,1,42,1
2020-05-27,Orange,059,3164182,8569,5849,67,5916,121
2020-05-27,Placer,061,380077,238,196,0,196,9
2020-05-27,Plumas,063,18699,4,4,0,4,0
2020-05-27,Riverside,065,2383286,8745,7156,20,7176,299
2020-05-27,Sacramento,067,1510023,1451,1318,2,1320,50
2020-05-27,San Benito,069,59416,93,74,0,74,2
2020-05-27,San Bernardino,071,2135413,5885,4708,5,4713,183
2020-05-27,San Diego,073,3302833,8116,6985,0,6985,255
2020-05-27,San Francisco,075,870044,2607,2394,0,2394,40
2020-05-27,San Joaquin,077,732212,1039,825,4,829,34
2020-05-27,San Luis Obispo,079,281455,346,266,4,270,1
2020-05-27,San Mateo,081,765935,2304,2045,4,2049,71
2020-05-27,Santa Barbara,083,443738,1712,1629,12,1641,9
2020-05-27,Santa Clara,085,1922200,3371,2680,13,2693,140
2020-05-27,Santa Cruz,087,273765,224,202,0,202,2
2020-05-27,Shasta,089,179085,55,36,0,36,4
2020-05-27,Sierra,091,2930,1,1,0,1,0
2020-05-27,Siskiyou,093,43540,9,6,0,6,0
2020-05-27,Solano,095,438530,581,477,1,478,5
2020-05-27,Sonoma,097,501317,584,521,1,522,4
2020-05-27,Stanislaus,099,539301,799,675,5,680,27
2020-05-27,Sutter,101,95872,46,40,0,40,2
2020-05-27,Tehama,103,63373,9,3,1,4,1
2020-05-27,Trinity,105,12862,6,1,2,3,0
2020-05-27,Tulare,107,460477,2473,1817,10,1827,77
2020-05-27,Tuolumne,109,53932,5,4,0,4,0
2020-05-27,Ventura,111,848112,1548,1065,11,1076,28
2020-05-27,Yolo,113,214977,231,204,0,204,22
2020-05-27,Yuba,115,75493,28,24,0,24,1
2020-05-26,Alameda,001,1643700,3537,2956,6,2962,92
2020-05-26,Alpine,003,1148,1,1,0,1,0
2020-05-26,Amador,005,37829,10,10,0,10,0
2020-05-26,Butte,007,227075,66,37,1,38,0
2020-05-26,Calaveras,009,45235,15,13,0,13,0
2020-05-26,Colusa,011,21464,8,4,0,4,0
2020-05-26,Contra Costa,013,1133247,1571,1352,1,1353,37
2020-05-26,Del Norte,015,27424,44,30,0,30,0
2020-05-26,El Dorado,017,186661,109,79,0,79,0
2020-05-26,Fresno,019,978130,3006,1496,44,1540,22
2020-05-26,Glenn,021,27897,16,12,0,12,0
2020-05-26,Humboldt,023,135768,108,81,0,81,2
2020-05-26,Imperial,025,180216,3009,1369,4,1373,14
2020-05-26,Inyo,027,18085,20,20,0,20,1
2020-05-26,Kern,029,883053,2575,1890,6,1896,31
2020-05-26,Kings,031,150075,806,449,3,452,2
2020-05-26,Lake,033,64148,27,12,0,12,0
2020-05-26,Lassen,035,31185,9,0,2,2,0
2020-05-26,Los Angeles,037,10098052,56598,47760,20,47780,2121
2020-05-26,Madera,039,155013,209,83,1,84,2
2020-05-26,Marin,041,260295,460,424,2,426,14
2020-05-26,Mariposa,043,17540,16,16,0,16,1
2020-05-26,Mendocino,045,87422,25,20,0,20,0
2020-05-26,Merced,047,269075,363,266,0,266,7
2020-05-26,Modoc,049,8938,0,1,0,1,0
2020-05-26,Mono,051,14174,37,34,0,34,1
2020-05-26,Monterey,053,433212,575,424,1,425,8
2020-05-26,Napa,055,140530,131,109,0,109,3
2020-05-26,Nevada,057,99092,43,41,1,42,1
2020-05-26,Orange,059,3164182,8299,5651,66,5717,115
2020-05-26,Placer,061,380077,233,188,0,188,9
2020-05-26,Plumas,063,18699,4,4,0,4,0
2020-05-26,Riverside,065,2383286,8298,6917,20,6937,284
2020-05-26,Sacramento,067,1510023,1425,1298,2,1300,50
2020-05-26,San Benito,069,59416,88,69,0,69,2
2020-05-26,San Bernardino,071,2135413,5717,4430,5,4435,175
2020-05-26,San Diego,073,3302833,7973,6884,0,6884,249
2020-05-26,San Francisco,075,870044,2574,2363,0,2363,40
2020-05-26,San Joaquin,077,732212,992,760,4,764,33
2020-05-26,San Luis Obispo,079,281455,344,260,4,264,1
2020-05-26,San Mateo,081,765935,2266,1967,3,1970,71
2020-05-26,Santa Barbara,083,443738,1695,1590,11,1601,9
2020-05-26,Santa Clara,085,1922200,3339,2659,13,2672,139
2020-05-26,Santa Cruz,087,273765,222,197,0,197,2
2020-05-26,Shasta,089,179085,55,36,0,36,4
2020-05-26,Sierra,091,2930,1,1,0,1,0
2020-05-26,Siskiyou,093,43540,8,6,0,6,0
2020-05-26,Solano,095,438530,563,470,1,471,5
2020-05-26,Sonoma,097,501317,576,509,0,509,4
2020-05-26,Stanislaus,099,539301,779,663,5,668,27
2020-05-26,Sutter,101,95872,45,39,0,39,2
2020-05-26,Tehama,103,63373,8,2,1,3,1
2020-05-26,Trinity,105,12862,6,1,2,3,0
2020-05-26,Tulare,107,460477,2417,1768,10,1778,76
2020-05-26,Tuolumne,109,53932,5,2,0,2,0
2020-05-26,Ventura,111,848112,1511,1033,8,1041,27
2020-05-26,Yolo,113,214977,225,198,0,198,22
2020-05-26,Yuba,115,75493,27,24,0,24,1
2020-05-25,Alameda,001,1643700,3443,2900,5,2905,92
2020-05-25,Alpine,003,1148,1,1,0,1,0
2020-05-25,Amador,005,37829,10,10,0,10,0
2020-05-25,Butte,007,227075,63,37,1,38,0
2020-05-25,Calaveras,009,45235,15,13,0,13,0
2020-05-25,Colusa,011,21464,7,4,0,4,0
2020-05-25,Contra Costa,013,1133247,1539,1348,1,1349,37
2020-05-25,Del Norte,015,27424,44,20,0,20,0
2020-05-25,El Dorado,017,186661,101,78,0,78,0
2020-05-25,Fresno,019,978130,2902,1496,42,1538,22
2020-05-25,Glenn,021,27897,16,12,0,12,0
2020-05-25,Humboldt,023,135768,107,81,0,81,2
2020-05-25,Imperial,025,180216,2798,1369,4,1373,14
2020-05-25,Inyo,027,18085,19,20,0,20,1
2020-05-25,Kern,029,883053,2504,1890,6,1896,31
2020-05-25,Kings,031,150075,776,447,3,450,2
2020-05-25,Lake,033,64148,25,13,0,13,0
2020-05-25,Lassen,035,31185,9,0,2,2,0
2020-05-25,Los Angeles,037,10098052,54787,45952,19,45971,2094
2020-05-25,Madera,039,155013,196,83,1,84,2
2020-05-25,Marin,041,260295,442,415,2,417,14
2020-05-25,Mariposa,043,17540,16,15,0,15,1
2020-05-25,Mendocino,045,87422,22,19,0,19,0
2020-05-25,Merced,047,269075,356,262,0,262,6
2020-05-25,Modoc,049,8938,0,1,0,1,0
2020-05-25,Mono,051,14174,37,34,0,34,1
2020-05-25,Monterey,053,433212,545,418,1,419,8
2020-05-25,Napa,055,140530,131,107,0,107,3
2020-05-25,Nevada,057,99092,43,41,1,42,1
2020-05-25,Orange,059,3164182,8077,5601,65,5666,115
2020-05-25,Placer,061,380077,229,186,0,186,9
2020-05-25,Plumas,063,18699,4,4,0,4,0
2020-05-25,Riverside,065,2383286,8067,6900,20,6920,284
2020-05-25,Sacramento,067,1510023,1405,1290,1,1291,50
2020-05-25,San Benito,069,59416,87,70,0,70,2
2020-05-25,San Bernardino,071,2135413,5527,4393,4,4397,175
2020-05-25,San Diego,073,3302833,7797,6799,0,6799,249
2020-05-25,San Francisco,075,870044,2537,2358,0,2358,40
2020-05-25,San Joaquin,077,732212,966,760,4,764,33
2020-05-25,San Luis Obispo,079,281455,341,260,4,264,1
2020-05-25,San Mateo,081,765935,2229,1938,3,1941,71
2020-05-25,Santa Barbara,083,443738,1685,1590,11,1601,9
2020-05-25,Santa Clara,085,1922200,3306,2647,13,2660,139
2020-05-25,Santa Cruz,087,273765,220,191,0,191,2
2020-05-25,Shasta,089,179085,54,36,0,36,4
2020-05-25,Sierra,091,2930,1,1,0,1,0
2020-05-25,Siskiyou,093,43540,8,6,0,6,0
2020-05-25,Solano,095,438530,549,437,1,438,5
2020-05-25,Sonoma,097,501317,564,496,0,496,4
2020-05-25,Stanislaus,099,539301,749,651,5,656,27
2020-05-25,Sutter,101,95872,45,38,0,38,2
2020-05-25,Tehama,103,63373,7,2,1,3,1
2020-05-25,Trinity,105,12862,6,1,2,3,0
2020-05-25,Tulare,107,460477,2353,1747,10,1757,76
2020-05-25,Tuolumne,109,53932,5,2,0,2,0
2020-05-25,Ventura,111,848112,1470,1020,8,1028,27
2020-05-25,Yolo,113,214977,223,197,0,197,22
2020-05-25,Yuba,115,75493,26,24,0,24,1
2020-05-24,Alameda,001,1643700,3370,2830,5,2835,92
2020-05-24,Alpine,003,1148,1,1,0,1,0
2020-05-24,Amador,005,37829,10,9,0,9,0
2020-05-24,Butte,007,227075,61,35,1,36,0
2020-05-24,Calaveras,009,45235,15,13,0,13,0
2020-05-24,Colusa,011,21464,7,4,0,4,0
2020-05-24,Contra Costa,013,1133247,1511,1325,1,1326,37
2020-05-24,Del Norte,015,27424,43,16,0,16,0
2020-05-24,El Dorado,017,186661,100,76,0,76,0
2020-05-24,Fresno,019,978130,2835,1455,41,1496,22
2020-05-24,Glenn,021,27897,15,12,0,12,0
2020-05-24,Humboldt,023,135768,107,81,0,81,2
2020-05-24,Imperial,025,180216,2672,1369,4,1373,14
2020-05-24,Inyo,027,18085,19,20,0,20,1
2020-05-24,Kern,029,883053,2431,1861,5,1866,31
2020-05-24,Kings,031,150075,765,446,3,449,2
2020-05-24,Lake,033,64148,24,12,0,12,0
2020-05-24,Lassen,035,31185,8,0,2,2,0
2020-05-24,Los Angeles,037,10098052,53772,44954,19,44973,2085
2020-05-24,Madera,039,155013,190,83,1,84,2
2020-05-24,Marin,041,260295,440,401,2,403,14
2020-05-24,Mariposa,043,17540,16,15,0,15,1
2020-05-24,Mendocino,045,87422,21,19,0,19,0
2020-05-24,Merced,047,269075,355,258,0,258,6
2020-05-24,Modoc,049,8938,0,0,0,0,0
2020-05-24,Mono,051,14174,37,34,0,34,1
2020-05-24,Monterey,053,433212,517,405,1,406,8
2020-05-24,Napa,055,140530,129,104,0,104,3
2020-05-24,Nevada,057,99092,43,41,1,42,1
2020-05-24,Orange,059,3164182,7923,5439,64,5503,113
2020-05-24,Placer,061,380077,221,184,0,184,9
2020-05-24,Plumas,063,18699,4,4,0,4,0
2020-05-24,Riverside,065,2383286,7926,6571,20,6591,284
2020-05-24,Sacramento,067,1510023,1389,1283,1,1284,50
2020-05-24,San Benito,069,59416,86,67,0,67,2
2020-05-24,San Bernardino,071,2135413,5419,4262,4,4266,175
2020-05-24,San Diego,073,3302833,7654,6703,0,6703,249
2020-05-24,San Francisco,075,870044,2513,2318,0,2318,40
2020-05-24,San Joaquin,077,732212,947,760,4,764,33
2020-05-24,San Luis Obispo,079,281455,339,257,4,261,1
2020-05-24,San Mateo,081,765935,2194,1925,3,1928,71
2020-05-24,Santa Barbara,083,443738,1673,1573,11,1584,9
2020-05-24,Santa Clara,085,1922200,3286,2623,13,2636,139
2020-05-24,Santa Cruz,087,273765,217,185,0,185,2
2020-05-24,Shasta,089,179085,53,36,0,36,4
2020-05-24,Sierra,091,2930,1,1,0,1,0
2020-05-24,Siskiyou,093,43540,7,6,0,6,0
2020-05-24,Solano,095,438530,541,436,0,436,5
2020-05-24,Sonoma,097,501317,553,485,0,485,4
2020-05-24,Stanislaus,099,539301,729,634,5,639,27
2020-05-24,Sutter,101,95872,45,38,0,38,2
2020-05-24,Tehama,103,63373,5,2,1,3,1
2020-05-24,Trinity,105,12862,6,1,2,3,0
2020-05-24,Tulare,107,460477,2307,1684,10,1694,74
2020-05-24,Tuolumne,109,53932,5,2,0,2,0
2020-05-24,Ventura,111,848112,1458,982,8,990,27
2020-05-24,Yolo,113,214977,221,192,0,192,22
2020-05-24,Yuba,115,75493,26,24,0,24,1
2020-05-23,Alameda,001,1643700,3329,2783,5,2788,91
2020-05-23,Alpine,003,1148,1,1,0,1,0
2020-05-23,Amador,005,37829,10,9,0,9,0
2020-05-23,Butte,007,227075,60,34,1,35,0
2020-05-23,Calaveras,009,45235,15,13,0,13,0
2020-05-23,Colusa,011,21464,7,4,0,4,0
2020-05-23,Contra Costa,013,1133247,1500,1302,1,1303,36
2020-05-23,Del Norte,015,27424,43,10,0,10,0
2020-05-23,El Dorado,017,186661,100,74,0,74,0
2020-05-23,Fresno,019,978130,2815,1447,41,1488,21
2020-05-23,Glenn,021,27897,15,12,0,12,0
2020-05-23,Humboldt,023,135768,105,80,0,80,2
2020-05-23,Imperial,025,180216,2584,1283,4,1287,14
2020-05-23,Inyo,027,18085,19,20,0,20,1
2020-05-23,Kern,029,883053,2388,1806,5,1811,31
2020-05-23,Kings,031,150075,761,444,3,447,2
2020-05-23,Lake,033,64148,23,10,0,10,0
2020-05-23,Lassen,035,31185,8,0,2,2,0
2020-05-23,Los Angeles,037,10098052,53230,44029,19,44048,2069
2020-05-23,Madera,039,155013,186,83,1,84,2
2020-05-23,Marin,041,260295,440,393,1,394,14
2020-05-23,Mariposa,043,17540,16,15,0,15,1
2020-05-23,Mendocino,045,87422,21,13,0,13,0
2020-05-23,Merced,047,269075,352,247,0,247,6
2020-05-23,Modoc,049,8938,0,0,0,0,0
2020-05-23,Mono,051,14174,36,34,0,34,1
2020-05-23,Monterey,053,433212,503,397,1,398,8
2020-05-23,Napa,055,140530,125,101,0,101,3
2020-05-23,Nevada,057,99092,43,41,1,42,1
2020-05-23,Orange,059,3164182,7764,5313,63,5376,113
2020-05-23,Placer,061,380077,215,184,0,184,9
2020-05-23,Plumas,063,18699,4,4,0,4,0
2020-05-23,Riverside,065,2383286,7835,6460,20,6480,284
2020-05-23,Sacramento,067,1510023,1373,1275,1,1276,50
2020-05-23,San Benito,069,59416,81,67,0,67,2
2020-05-23,San Bernardino,071,2135413,5325,4172,4,4176,175
2020-05-23,San Diego,073,3302833,7563,6561,0,6561,249
2020-05-23,San Francisco,075,870044,2494,2312,0,2312,40
2020-05-23,San Joaquin,077,732212,932,759,4,763,33
2020-05-23,San Luis Obispo,079,281455,335,256,4,260,1
2020-05-23,San Mateo,081,765935,2166,1862,3,1865,71
2020-05-23,Santa Barbara,083,443738,1665,1566,11,1577,9
2020-05-23,Santa Clara,085,1922200,3272,2593,12,2605,139
2020-05-23,Santa Cruz,087,273765,215,177,0,177,2
2020-05-23,Shasta,089,179085,53,35,0,35,4
2020-05-23,Sierra,091,2930,1,1,0,1,0
2020-05-23,Siskiyou,093,43540,7,6,0,6,0
2020-05-23,Solano,095,438530,536,435,0,435,5
2020-05-23,Sonoma,097,501317,539,462,0,462,4
2020-05-23,Stanislaus,099,539301,721,625,5,630,27
2020-05-23,Sutter,101,95872,44,38,0,38,2
2020-05-23,Tehama,103,63373,5,2,1,3,1
2020-05-23,Trinity,105,12862,6,1,2,3,0
2020-05-23,Tulare,107,460477,2286,1682,10,1692,73
2020-05-23,Tuolumne,109,53932,5,2,0,2,0
2020-05-23,Ventura,111,848112,1438,961,8,969,27
2020-05-23,Yolo,113,214977,220,188,0,188,22
2020-05-23,Yuba,115,75493,26,24,0,24,1
2020-05-22,Alameda,001,1643700,3275,2722,5,2727,91
2020-05-22,Alpine,003,1148,1,1,0,1,0
2020-05-22,Amador,005,37829,10,9,0,9,0
2020-05-22,Butte,007,227075,58,34,1,35,0
2020-05-22,Calaveras,009,45235,15,13,0,13,0
2020-05-22,Colusa,011,21464,7,4,0,4,0
2020-05-22,Contra Costa,013,1133247,1488,1272,1,1273,36
2020-05-22,Del Norte,015,27424,41,9,0,9,0
2020-05-22,El Dorado,017,186661,97,74,0,74,0
2020-05-22,Fresno,019,978130,2756,1399,40,1439,20
2020-05-22,Glenn,021,27897,15,12,0,12,0
2020-05-22,Humboldt,023,135768,105,80,0,80,2
2020-05-22,Imperial,025,180216,2483,1214,4,1218,14
2020-05-22,Inyo,027,18085,19,20,0,20,1
2020-05-22,Kern,029,883053,2339,1749,5,1754,28
2020-05-22,Kings,031,150075,758,428,3,431,2
2020-05-22,Lake,033,64148,22,10,0,10,0
2020-05-22,Lassen,035,31185,6,0,2,2,0
2020-05-22,Los Angeles,037,10098052,52436,43025,19,43044,2027
2020-05-22,Madera,039,155013,182,82,1,83,2
2020-05-22,Marin,041,260295,436,372,1,373,14
2020-05-22,Mariposa,043,17540,16,15,0,15,1
2020-05-22,Mendocino,045,87422,20,13,0,13,0
2020-05-22,Merced,047,269075,352,233,0,233,6
2020-05-22,Modoc,049,8938,0,0,0,0,0
2020-05-22,Mono,051,14174,36,34,0,34,1
2020-05-22,Monterey,053,433212,492,372,1,373,8
2020-05-22,Napa,055,140530,123,97,0,97,3
2020-05-22,Nevada,057,99092,42,41,1,42,1
2020-05-22,Orange,059,3164182,7567,5144,61,5205,113
2020-05-22,Placer,061,380077,215,181,0,181,9
2020-05-22,Plumas,063,18699,4,4,0,4,0
2020-05-22,Riverside,065,2383286,7720,6351,20,6371,283
2020-05-22,Sacramento,067,1510023,1357,1262,1,1263,50
2020-05-22,San Benito,069,59416,80,64,0,64,2
2020-05-22,San Bernardino,071,2135413,5250,4107,4,4111,173
2020-05-22,San Diego,073,3302833,7477,6436,0,6436,242
2020-05-22,San Francisco,075,870044,2476,2251,0,2251,40
2020-05-22,San Joaquin,077,732212,919,747,4,751,33
2020-05-22,San Luis Obispo,079,281455,334,254,4,258,1
2020-05-22,San Mateo,081,765935,2147,1847,3,1850,71
2020-05-22,Santa Barbara,083,443738,1655,1554,11,1565,9
2020-05-22,Santa Clara,085,1922200,3252,2537,12,2549,139
2020-05-22,Santa Cruz,087,273765,212,171,0,171,2
2020-05-22,Shasta,089,179085,53,34,0,34,4
2020-05-22,Sierra,091,2930,1,0,0,0,0
2020-05-22,Siskiyou,093,43540,7,6,0,6,0
2020-05-22,Solano,095,438530,533,431,0,431,4
2020-05-22,Sonoma,097,501317,535,444,0,444,4
2020-05-22,Stanislaus,099,539301,711,616,5,621,27
2020-05-22,Sutter,101,95872,44,38,0,38,2
2020-05-22,Tehama,103,63373,5,2,0,2,1
2020-05-22,Trinity,105,12862,6,1,2,3,0
2020-05-22,Tulare,107,460477,2256,1662,10,1672,73
2020-05-22,Tuolumne,109,53932,5,2,0,2,0
2020-05-22,Ventura,111,848112,1420,937,8,945,27
2020-05-22,Yolo,113,214977,218,187,0,187,22
2020-05-22,Yuba,115,75493,26,24,0,24,1
2020-05-21,Alameda,001,1643700,3209,2606,5,2611,89
2020-05-21,Alpine,003,1148,1,1,0,1,0
2020-05-21,Amador,005,37829,10,9,0,9,0
2020-05-21,Butte,007,227075,57,31,1,32,0
2020-05-21,Calaveras,009,45235,14,13,0,13,0
2020-05-21,Colusa,011,21464,7,4,0,4,0
2020-05-21,Contra Costa,013,1133247,1452,1243,1,1244,36
2020-05-21,Del Norte,015,27424,38,9,0,9,0
2020-05-21,El Dorado,017,186661,95,67,0,67,0
2020-05-21,Fresno,019,978130,2664,1362,39,1401,20
2020-05-21,Glenn,021,27897,14,12,0,12,0
2020-05-21,Humboldt,023,135768,104,79,0,79,0
2020-05-21,Imperial,025,180216,2322,1096,4,1100,14
2020-05-21,Inyo,027,18085,19,20,0,20,1
2020-05-21,Kern,029,883053,2263,1684,4,1688,27
2020-05-21,Kings,031,150075,737,417,2,419,2
2020-05-21,Lake,033,64148,17,10,0,10,0
2020-05-21,Lassen,035,31185,6,0,2,2,0
2020-05-21,Los Angeles,037,10098052,51399,42063,19,42082,1996
2020-05-21,Madera,039,155013,179,82,1,83,2
2020-05-21,Marin,041,260295,425,359,1,360,14
2020-05-21,Mariposa,043,17540,16,15,0,15,1
2020-05-21,Mendocino,045,87422,20,12,0,12,0
2020-05-21,Merced,047,269075,341,226,0,226,6
2020-05-21,Modoc,049,8938,0,0,0,0,0
2020-05-21,Mono,051,14174,36,33,0,33,1
2020-05-21,Monterey,053,433212,481,363,1,364,8
2020-05-21,Napa,055,140530,121,96,0,96,3
2020-05-21,Nevada,057,99092,42,41,1,42,1
2020-05-21,Orange,059,3164182,7364,4975,60,5035,106
2020-05-21,Placer,061,380077,208,176,0,176,8
2020-05-21,Plumas,063,18699,4,4,0,4,0
2020-05-21,Riverside,065,2383286,7534,6245,20,6265,279
2020-05-21,Sacramento,067,1510023,1344,1258,1,1259,56
2020-05-21,San Benito,069,59416,77,61,0,61,2
2020-05-21,San Bernardino,071,2135413,5103,3950,4,3954,167
2020-05-21,San Diego,073,3302833,7341,6317,0,6317,241
2020-05-21,San Francisco,075,870044,2452,2248,0,2248,37
2020-05-21,San Joaquin,077,732212,883,730,4,734,33
2020-05-21,San Luis Obispo,079,281455,334,251,3,254,1
2020-05-21,San Mateo,081,765935,2111,1791,3,1794,74
2020-05-21,Santa Barbara,083,443738,1640,1541,11,1552,10
2020-05-21,Santa Clara,085,1922200,3229,2520,12,2532,138
2020-05-21,Santa Cruz,087,273765,204,164,0,164,3
2020-05-21,Shasta,089,179085,51,34,0,34,4
2020-05-21,Sierra,091,2930,1,0,0,0,0
2020-05-21,Siskiyou,093,43540,7,6,0,6,0
2020-05-21,Solano,095,438530,524,424,0,424,4
2020-05-21,Sonoma,097,501317,517,427,0,427,4
2020-05-21,Stanislaus,099,539301,700,602,5,607,27
2020-05-21,Sutter,101,95872,43,38,0,38,2
2020-05-21,Tehama,103,63373,4,2,0,2,1
2020-05-21,Trinity,105,12862,5,1,2,3,0
2020-05-21,Tulare,107,460477,2206,1606,8,1614,73
2020-05-21,Tuolumne,109,53932,3,2,0,2,0
2020-05-21,Ventura,111,848112,1371,907,8,915,30
2020-05-21,Yolo,113,214977,215,185,0,185,22
2020-05-21,Yuba,115,75493,26,24,0,24,1
2020-05-20,Alameda,001,1643700,3136,2554,5,2559,89
2020-05-20,Alpine,003,1148,1,1,0,1,0
2020-05-20,Amador,005,37829,10,9,0,9,0
2020-05-20,Butte,007,227075,54,30,1,31,0
2020-05-20,Calaveras,009,45235,14,13,0,13,0
2020-05-20,Colusa,011,21464,7,3,0,3,0
2020-05-20,Contra Costa,013,1133247,1422,1223,1,1224,33
2020-05-20,Del Norte,015,27424,31,9,0,9,0
2020-05-20,El Dorado,017,186661,94,67,0,67,0
2020-05-20,Fresno,019,978130,2591,1329,38,1367,17
2020-05-20,Glenn,021,27897,13,12,0,12,0
2020-05-20,Humboldt,023,135768,101,73,0,73,0
2020-05-20,Imperial,025,180216,2209,1047,4,1051,14
2020-05-20,Inyo,027,18085,19,20,0,20,1
2020-05-20,Kern,029,883053,2200,1639,3,1642,27
2020-05-20,Kings,031,150075,593,403,2,405,2
2020-05-20,Lake,033,64148,17,9,0,9,0
2020-05-20,Lassen,035,31185,5,0,2,2,0
2020-05-20,Los Angeles,037,10098052,50404,40932,19,40951,1955
2020-05-20,Madera,039,155013,177,82,1,83,2
2020-05-20,Marin,041,260295,398,348,1,349,14
2020-05-20,Mariposa,043,17540,16,15,0,15,1
2020-05-20,Mendocino,045,87422,20,12,0,12,0
2020-05-20,Merced,047,269075,334,225,0,225,6
2020-05-20,Modoc,049,8938,0,0,0,0,0
2020-05-20,Mono,051,14174,36,33,0,33,1
2020-05-20,Monterey,053,433212,467,356,1,357,8
2020-05-20,Napa,055,140530,114,93,0,93,3
2020-05-20,Nevada,057,99092,42,41,1,42,1
2020-05-20,Orange,059,3164182,7156,4866,58,4924,96
2020-05-20,Placer,061,380077,206,176,0,176,8
2020-05-20,Plumas,063,18699,4,4,0,4,0
2020-05-20,Riverside,065,2383286,7391,6090,20,6110,265
2020-05-20,Sacramento,067,1510023,1334,1244,1,1245,56
2020-05-20,San Benito,069,59416,76,61,0,61,2
2020-05-20,San Bernardino,071,2135413,4975,3771,4,3775,161
2020-05-20,San Diego,073,3302833,7224,6142,0,6142,230
2020-05-20,San Francisco,075,870044,2429,2199,0,2199,37
2020-05-20,San Joaquin,077,732212,847,713,4,717,33
2020-05-20,San Luis Obispo,079,281455,327,249,3,252,1
2020-05-20,San Mateo,081,765935,2058,1739,3,1742,74
2020-05-20,Santa Barbara,083,443738,1621,1524,11,1535,10
2020-05-20,Santa Clara,085,1922200,3208,2508,11,2519,138
2020-05-20,Santa Cruz,087,273765,201,163,0,163,3
2020-05-20,Shasta,089,179085,51,34,0,34,4
2020-05-20,Sierra,091,2930,1,0,0,0,0
2020-05-20,Siskiyou,093,43540,7,6,0,6,0
2020-05-20,Solano,095,438530,519,418,0,418,4
2020-05-20,Sonoma,097,501317,508,411,0,411,4
2020-05-20,Stanislaus,099,539301,684,584,4,588,25
2020-05-20,Sutter,101,95872,43,38,0,38,2
2020-05-20,Tehama,103,63373,4,2,0,2,1
2020-05-20,Trinity,105,12862,4,1,1,2,0
2020-05-20,Tulare,107,460477,2165,1585,8,1593,71
2020-05-20,Tuolumne,109,53932,3,2,0,2,0
2020-05-20,Ventura,111,848112,1335,879,8,887,29
2020-05-20,Yolo,113,214977,212,184,0,184,22
2020-05-20,Yuba,115,75493,26,23,0,23,1
2020-05-19,Alameda,001,1643700,3059,2493,3,2496,88
2020-05-19,Alpine,003,1148,1,1,0,1,0
2020-05-19,Amador,005,37829,10,9,0,9,0
2020-05-19,Butte,007,227075,52,25,1,26,0
2020-05-19,Calaveras,009,45235,14,13,0,13,0
2020-05-19,Colusa,011,21464,5,3,0,3,0
2020-05-19,Contra Costa,013,1133247,1398,1205,1,1206,33
2020-05-19,Del Norte,015,27424,28,8,0,8,0
2020-05-19,El Dorado,017,186661,91,67,0,67,0
2020-05-19,Fresno,019,978130,2477,1288,37,1325,15
2020-05-19,Glenn,021,27897,13,12,0,12,0
2020-05-19,Humboldt,023,135768,101,72,0,72,0
2020-05-19,Imperial,025,180216,2047,1012,4,1016,14
2020-05-19,Inyo,027,18085,19,20,0,20,1
2020-05-19,Kern,029,883053,2102,1601,3,1604,26
2020-05-19,Kings,031,150075,582,393,2,395,2
2020-05-19,Lake,033,64148,14,11,0,11,0
2020-05-19,Lassen,035,31185,5,0,2,2,0
2020-05-19,Los Angeles,037,10098052,49199,39670,19,39689,1906
2020-05-19,Madera,039,155013,173,80,1,81,2
2020-05-19,Marin,041,260295,374,340,1,341,14
2020-05-19,Mariposa,043,17540,16,15,0,15,1
2020-05-19,Mendocino,045,87422,20,12,0,12,0
2020-05-19,Merced,047,269075,326,222,0,222,5
2020-05-19,Modoc,049,8938,0,0,0,0,0
2020-05-19,Mono,051,14174,36,33,0,33,1
2020-05-19,Monterey,053,433212,455,350,1,351,8
2020-05-19,Napa,055,140530,113,93,0,93,3
2020-05-19,Nevada,057,99092,42,41,1,42,1
2020-05-19,Orange,059,3164182,6962,4746,56,4802,90
2020-05-19,Placer,061,380077,204,177,0,177,8
2020-05-19,Plumas,063,18699,4,5,0,5,0
2020-05-19,Riverside,065,2383286,7231,5963,19,5982,265
2020-05-19,Sacramento,067,1510023,1320,1239,1,1240,57
2020-05-19,San Benito,069,59416,74,59,0,59,2
2020-05-19,San Bernardino,071,2135413,4825,3656,4,3660,158
2020-05-19,San Diego,073,3302833,7080,6028,0,6028,222
2020-05-19,San Francisco,075,870044,2395,2186,0,2186,37
2020-05-19,San Joaquin,077,732212,825,705,4,709,33
2020-05-19,San Luis Obispo,079,281455,327,245,3,248,1
2020-05-19,San Mateo,081,765935,2017,1704,3,1707,71
2020-05-19,Santa Barbara,083,443738,1607,1521,11,1532,10
2020-05-19,Santa Clara,085,1922200,3158,2480,11,2491,138
2020-05-19,Santa Cruz,087,273765,190,161,0,161,3
2020-05-19,Shasta,089,179085,51,34,0,34,4
2020-05-19,Sierra,091,2930,0,0,0,0,0
2020-05-19,Siskiyou,093,43540,7,6,0,6,0
2020-05-19,Solano,095,438530,505,415,0,415,4
2020-05-19,Sonoma,097,501317,497,389,0,389,4
2020-05-19,Stanislaus,099,539301,670,582,4,586,25
2020-05-19,Sutter,101,95872,43,38,0,38,2
2020-05-19,Tehama,103,63373,4,2,0,2,1
2020-05-19,Trinity,105,12862,3,1,0,1,0
2020-05-19,Tulare,107,460477,2117,1551,8,1559,68
2020-05-19,Tuolumne,109,53932,3,2,0,2,0
2020-05-19,Ventura,111,848112,1294,861,7,868,28
2020-05-19,Yolo,113,214977,210,183,0,183,22
2020-05-19,Yuba,115,75493,26,23,0,23,1
2020-05-18,Alameda,001,1643700,2986,2442,3,2445,84
2020-05-18,Alpine,003,1148,1,1,0,1,0
2020-05-18,Amador,005,37829,10,8,0,8,0
2020-05-18,Butte,007,227075,50,24,1,25,0
2020-05-18,Calaveras,009,45235,14,13,0,13,0
2020-05-18,Colusa,011,21464,5,3,0,3,0
2020-05-18,Contra Costa,013,1133247,1367,1173,1,1174,33
2020-05-18,Del Norte,015,27424,23,8,0,8,0
2020-05-18,El Dorado,017,186661,89,67,0,67,0
2020-05-18,Fresno,019,978130,2399,1244,36,1280,14
2020-05-18,Glenn,021,27897,13,11,0,11,0
2020-05-18,Humboldt,023,135768,101,70,0,70,0
2020-05-18,Imperial,025,180216,1894,767,4,771,14
2020-05-18,Inyo,027,18085,19,20,0,20,1
2020-05-18,Kern,029,883053,2053,1566,3,1569,26
2020-05-18,Kings,031,150075,551,381,2,383,2
2020-05-18,Lake,033,64148,13,9,0,9,0
2020-05-18,Lassen,035,31185,5,0,2,2,0
2020-05-18,Los Angeles,037,10098052,48174,38477,19,38496,1825
2020-05-18,Madera,039,155013,167,74,1,75,2
2020-05-18,Marin,041,260295,361,329,1,330,14
2020-05-18,Mariposa,043,17540,16,15,0,15,1
2020-05-18,Mendocino,045,87422,15,12,0,12,0
2020-05-18,Merced,047,269075,317,217,0,217,5
2020-05-18,Modoc,049,8938,0,0,0,0,0
2020-05-18,Mono,051,14174,36,33,0,33,1
2020-05-18,Monterey,053,433212,444,345,1,346,8
2020-05-18,Napa,055,140530,109,92,0,92,3
2020-05-18,Nevada,057,99092,42,41,1,42,1
2020-05-18,Orange,059,3164182,6773,4558,54,4612,88
2020-05-18,Placer,061,380077,202,176,0,176,8
2020-05-18,Plumas,063,18699,4,5,0,5,0
2020-05-18,Riverside,065,2383286,7031,5873,18,5891,253
2020-05-18,Sacramento,067,1510023,1314,1233,0,1233,57
2020-05-18,San Benito,069,59416,72,59,0,59,2
2020-05-18,San Bernardino,071,2135413,4678,3558,4,3562,156
2020-05-18,San Diego,073,3302833,6947,5948,0,5948,211
2020-05-18,San Francisco,075,870044,2372,2183,0,2183,36
2020-05-18,San Joaquin,077,732212,813,697,4,701,33
2020-05-18,San Luis Obispo,079,281455,323,243,3,246,1
2020-05-18,San Mateo,081,765935,1979,1701,3,1704,68
2020-05-18,Santa Barbara,083,443738,1596,1501,11,1512,10
2020-05-18,Santa Clara,085,1922200,3125,2468,11,2479,137
2020-05-18,Santa Cruz,087,273765,188,160,0,160,3
2020-05-18,Shasta,089,179085,50,34,0,34,4
2020-05-18,Sierra,091,2930,0,0,0,0,0
2020-05-18,Siskiyou,093,43540,7,6,0,6,0
2020-05-18,Solano,095,438530,495,398,0,398,4
2020-05-18,Sonoma,097,501317,479,387,0,387,4
2020-05-18,Stanislaus,099,539301,658,572,4,576,25
2020-05-18,Sutter,101,95872,43,38,0,38,2
2020-05-18,Tehama,103,63373,4,2,0,2,1
2020-05-18,Trinity,105,12862,3,1,0,1,0
2020-05-18,Tulare,107,460477,2073,1491,8,1499,63
2020-05-18,Tuolumne,109,53932,3,2,0,2,0
2020-05-18,Ventura,111,848112,1271,850,6,856,27
2020-05-18,Yolo,113,214977,205,183,0,183,22
2020-05-18,Yuba,115,75493,26,23,0,23,1
2020-05-17,Alameda,001,1643700,2891,2389,3,2392,83
2020-05-17,Alpine,003,1148,1,1,0,1,0
2020-05-17,Amador,005,37829,10,8,0,8,0
2020-05-17,Butte,007,227075,49,23,1,24,0
2020-05-17,Calaveras,009,45235,14,13,0,13,0
2020-05-17,Colusa,011,21464,3,3,0,3,0
2020-05-17,Contra Costa,013,1133247,1328,1155,1,1156,33
2020-05-17,Del Norte,015,27424,23,7,0,7,0
2020-05-17,El Dorado,017,186661,89,65,0,65,0
2020-05-17,Fresno,019,978130,2293,1213,33,1246,14
2020-05-17,Glenn,021,27897,13,9,0,9,0
2020-05-17,Humboldt,023,135768,94,70,0,70,0
2020-05-17,Imperial,025,180216,1746,715,4,719,14
2020-05-17,Inyo,027,18085,19,20,0,20,1
2020-05-17,Kern,029,883053,1975,1546,3,1549,26
2020-05-17,Kings,031,150075,504,356,2,358,2
2020-05-17,Lake,033,64148,13,7,0,7,0
2020-05-17,Lassen,035,31185,5,0,2,2,0
2020-05-17,Los Angeles,037,10098052,46933,37996,19,38015,1807
2020-05-17,Madera,039,155013,165,69,1,70,2
2020-05-17,Marin,041,260295,350,315,1,316,14
2020-05-17,Mariposa,043,17540,15,15,0,15,1
2020-05-17,Mendocino,045,87422,14,10,0,10,0
2020-05-17,Merced,047,269075,306,214,0,214,5
2020-05-17,Modoc,049,8938,0,0,0,0,0
2020-05-17,Mono,051,14174,36,32,0,32,1
2020-05-17,Monterey,053,433212,424,342,1,343,8
2020-05-17,Napa,055,140530,105,89,0,89,3
2020-05-17,Nevada,057,99092,42,41,1,42,1
2020-05-17,Orange,059,3164182,6594,4466,53,4519,88
2020-05-17,Placer,061,380077,197,175,0,175,8
2020-05-17,Plumas,063,18699,4,4,0,4,0
2020-05-17,Riverside,065,2383286,6858,5776,18,5794,245
2020-05-17,Sacramento,067,1510023,1303,1224,0,1224,56
2020-05-17,San Benito,069,59416,71,59,0,59,2
2020-05-17,San Bernardino,071,2135413,4528,3467,4,3471,155
2020-05-17,San Diego,073,3302833,6815,5838,0,5838,209
2020-05-17,San Francisco,075,870044,2345,2132,0,2132,36
2020-05-17,San Joaquin,077,732212,783,688,4,692,32
2020-05-17,San Luis Obispo,079,281455,321,242,3,245,1
2020-05-17,San Mateo,081,765935,1942,1680,3,1683,68
2020-05-17,Santa Barbara,083,443738,1576,1457,11,1468,10
2020-05-17,Santa Clara,085,1922200,3087,2453,11,2464,135
2020-05-17,Santa Cruz,087,273765,177,155,0,155,3
2020-05-17,Shasta,089,179085,49,34,0,34,4
2020-05-17,Sierra,091,2930,0,0,0,0,0
2020-05-17,Siskiyou,093,43540,7,6,0,6,0
2020-05-17,Solano,095,438530,483,392,0,392,4
2020-05-17,Sonoma,097,501317,458,376,0,376,4
2020-05-17,Stanislaus,099,539301,647,566,4,570,25
2020-05-17,Sutter,101,95872,42,38,0,38,2
2020-05-17,Tehama,103,63373,3,2,0,2,1
2020-05-17,Trinity,105,12862,2,1,0,1,0
2020-05-17,Tulare,107,460477,1997,1430,7,1437,63
2020-05-17,Tuolumne,109,53932,3,2,0,2,0
2020-05-17,Ventura,111,848112,1226,838,6,844,27
2020-05-17,Yolo,113,214977,203,182,0,182,22
2020-05-17,Yuba,115,75493,26,21,0,21,1
2020-05-16,Alameda,001,1643700,2841,2327,3,2330,83
2020-05-16,Alpine,003,1148,1,1,0,1,0
2020-05-16,Amador,005,37829,10,8,0,8,0
2020-05-16,Butte,007,227075,44,22,1,23,0
2020-05-16,Calaveras,009,45235,14,13,0,13,0
2020-05-16,Colusa,011,21464,3,3,0,3,0
2020-05-16,Contra Costa,013,1133247,1310,1136,1,1137,33
2020-05-16,Del Norte,015,27424,19,4,0,4,0
2020-05-16,El Dorado,017,186661,89,65,0,65,0
2020-05-16,Fresno,019,978130,2236,1177,33,1210,14
2020-05-16,Glenn,021,27897,13,9,0,9,0
2020-05-16,Humboldt,023,135768,92,69,0,69,0
2020-05-16,Imperial,025,180216,1682,712,4,716,14
2020-05-16,Inyo,027,18085,19,20,0,20,1
2020-05-16,Kern,029,883053,1939,1509,3,1512,26
2020-05-16,Kings,031,150075,494,356,2,358,2
2020-05-16,Lake,033,64148,13,7,0,7,0
2020-05-16,Lassen,035,31185,4,0,2,2,0
2020-05-16,Los Angeles,037,10098052,46356,37352,19,37371,1778
2020-05-16,Madera,039,155013,163,70,1,71,2
2020-05-16,Marin,041,260295,346,297,1,298,14
2020-05-16,Mariposa,043,17540,15,15,0,15,1
2020-05-16,Mendocino,045,87422,14,10,0,10,0
2020-05-16,Merced,047,269075,304,201,0,201,5
2020-05-16,Modoc,049,8938,0,0,0,0,0
2020-05-16,Mono,051,14174,36,32,0,32,1
2020-05-16,Monterey,053,433212,409,329,1,330,8
2020-05-16,Napa,055,140530,105,86,0,86,3
2020-05-16,Nevada,057,99092,42,41,1,42,1
2020-05-16,Orange,059,3164182,6518,4396,52,4448,87
2020-05-16,Placer,061,380077,195,174,0,174,8
2020-05-16,Plumas,063,18699,4,4,0,4,0
2020-05-16,Riverside,065,2383286,6773,5633,18,5651,243
2020-05-16,Sacramento,067,1510023,1296,1209,0,1209,55
2020-05-16,San Benito,069,59416,66,58,0,58,2
2020-05-16,San Bernardino,071,2135413,4456,3362,4,3366,155
2020-05-16,San Diego,073,3302833,6729,5664,0,5664,209
2020-05-16,San Francisco,075,870044,2322,2094,0,2094,36
2020-05-16,San Joaquin,077,732212,775,668,4,672,32
2020-05-16,San Luis Obispo,079,281455,320,240,3,243,1
2020-05-16,San Mateo,081,765935,1927,1652,3,1655,68
2020-05-16,Santa Barbara,083,443738,1565,1422,10,1432,10
2020-05-16,Santa Clara,085,1922200,3069,2420,11,2431,135
2020-05-16,Santa Cruz,087,273765,174,154,0,154,3
2020-05-16,Shasta,089,179085,49,33,0,33,4
2020-05-16,Sierra,091,2930,0,0,0,0,0
2020-05-16,Siskiyou,093,43540,7,6,0,6,0
2020-05-16,Solano,095,438530,478,392,0,392,4
2020-05-16,Sonoma,097,501317,445,356,0,356,4
2020-05-16,Stanislaus,099,539301,638,546,4,550,24
2020-05-16,Sutter,101,95872,42,35,0,35,2
2020-05-16,Tehama,103,63373,3,2,0,2,1
2020-05-16,Trinity,105,12862,2,1,0,1,0
2020-05-16,Tulare,107,460477,1979,1426,7,1433,63
2020-05-16,Tuolumne,109,53932,3,2,0,2,0
2020-05-16,Ventura,111,848112,1200,813,6,819,25
2020-05-16,Yolo,113,214977,202,181,0,181,22
2020-05-16,Yuba,115,75493,26,21,0,21,1
2020-05-15,Alameda,001,1643700,2807,2289,3,2292,83
2020-05-15,Alpine,003,1148,1,1,0,1,0
2020-05-15,Amador,005,37829,10,8,0,8,0
2020-05-15,Butte,007,227075,42,22,1,23,0
2020-05-15,Calaveras,009,45235,14,13,0,13,0
2020-05-15,Colusa,011,21464,3,3,0,3,0
2020-05-15,Contra Costa,013,1133247,1292,1106,1,1107,33
2020-05-15,Del Norte,015,27424,14,4,0,4,0
2020-05-15,El Dorado,017,186661,89,64,0,64,0
2020-05-15,Fresno,019,978130,2169,1126,33,1159,14
2020-05-15,Glenn,021,27897,13,9,0,9,0
2020-05-15,Humboldt,023,135768,91,60,0,60,0
2020-05-15,Imperial,025,180216,1598,680,0,680,14
2020-05-15,Inyo,027,18085,19,20,0,20,1
2020-05-15,Kern,029,883053,1883,1472,3,1475,25
2020-05-15,Kings,031,150075,491,347,2,349,2
2020-05-15,Lake,033,64148,13,7,0,7,0
2020-05-15,Lassen,035,31185,4,0,2,2,0
2020-05-15,Los Angeles,037,10098052,45569,36317,19,36336,1734
2020-05-15,Madera,039,155013,162,71,1,72,2
2020-05-15,Marin,041,260295,338,295,1,296,14
2020-05-15,Mariposa,043,17540,15,15,0,15,1
2020-05-15,Mendocino,045,87422,14,10,0,10,0
2020-05-15,Merced,047,269075,301,191,0,191,5
2020-05-15,Modoc,049,8938,0,0,0,0,0
2020-05-15,Mono,051,14174,36,31,0,31,1
2020-05-15,Monterey,053,433212,403,321,1,322,8
2020-05-15,Napa,055,140530,105,83,0,83,3
2020-05-15,Nevada,057,99092,42,41,1,42,1
2020-05-15,Orange,059,3164182,6345,4281,52,4333,87
2020-05-15,Placer,061,380077,193,174,0,174,8
2020-05-15,Plumas,063,18699,4,4,0,4,0
2020-05-15,Riverside,065,2383286,6659,5496,18,5514,233
2020-05-15,Sacramento,067,1510023,1286,1203,0,1203,55
2020-05-15,San Benito,069,59416,63,57,0,57,2
2020-05-15,San Bernardino,071,2135413,4378,3225,4,3229,153
2020-05-15,San Diego,073,3302833,6622,5525,0,5525,208
2020-05-15,San Francisco,075,870044,2306,2062,0,2062,36
2020-05-15,San Joaquin,077,732212,769,656,4,660,32
2020-05-15,San Luis Obispo,079,281455,318,237,3,240,1
2020-05-15,San Mateo,081,765935,1905,1612,3,1615,68
2020-05-15,Santa Barbara,083,443738,1556,1409,9,1418,10
2020-05-15,Santa Clara,085,1922200,3026,2395,10,2405,135
2020-05-15,Santa Cruz,087,273765,173,146,0,146,3
2020-05-15,Shasta,089,179085,48,33,0,33,4
2020-05-15,Sierra,091,2930,0,0,0,0,0
2020-05-15,Siskiyou,093,43540,6,5,0,5,0
2020-05-15,Solano,095,438530,474,388,0,388,4
2020-05-15,Sonoma,097,501317,437,349,0,349,4
2020-05-15,Stanislaus,099,539301,631,540,4,544,23
2020-05-15,Sutter,101,95872,41,35,0,35,2
2020-05-15,Tehama,103,63373,3,1,0,1,1
2020-05-15,Trinity,105,12862,2,1,0,1,0
2020-05-15,Tulare,107,460477,1951,1356,7,1363,61
2020-05-15,Tuolumne,109,53932,3,2,0,2,0
2020-05-15,Ventura,111,848112,1182,789,5,794,25
2020-05-15,Yolo,113,214977,201,182,0,182,22
2020-05-15,Yuba,115,75493,26,21,0,21,1
2020-05-14,Alameda,001,1643700,2714,2255,3,2258,80
2020-05-14,Alpine,003,1148,1,1,0,1,0
2020-05-14,Amador,005,37829,10,8,0,8,0
2020-05-14,Butte,007,227075,40,22,1,23,0
2020-05-14,Calaveras,009,45235,14,13,0,13,0
2020-05-14,Colusa,011,21464,3,3,0,3,0
2020-05-14,Contra Costa,013,1133247,1266,1090,1,1091,32
2020-05-14,Del Norte,015,27424,14,4,0,4,0
2020-05-14,El Dorado,017,186661,80,59,0,59,0
2020-05-14,Fresno,019,978130,2109,1038,29,1067,12
2020-05-14,Glenn,021,27897,12,8,0,8,0
2020-05-14,Humboldt,023,135768,89,59,0,59,0
2020-05-14,Imperial,025,180216,1481,652,0,652,13
2020-05-14,Inyo,027,18085,19,20,0,20,1
2020-05-14,Kern,029,883053,1841,1430,3,1433,21
2020-05-14,Kings,031,150075,475,342,2,344,1
2020-05-14,Lake,033,64148,13,7,0,7,0
2020-05-14,Lassen,035,31185,4,0,2,2,0
2020-05-14,Los Angeles,037,10098052,44394,35427,19,35446,1693
2020-05-14,Madera,039,155013,153,69,1,70,2
2020-05-14,Marin,041,260295,320,283,1,284,14
2020-05-14,Mariposa,043,17540,15,15,0,15,0
2020-05-14,Mendocino,045,87422,13,10,0,10,0
2020-05-14,Merced,047,269075,290,182,0,182,3
2020-05-14,Modoc,049,8938,0,0,0,0,0
2020-05-14,Mono,051,14174,36,31,0,31,1
2020-05-14,Monterey,053,433212,393,317,1,318,7
2020-05-14,Napa,055,140530,103,83,0,83,3
2020-05-14,Nevada,057,99092,41,41,1,42,1
2020-05-14,Orange,059,3164182,6169,4163,50,4213,83
2020-05-14,Placer,061,380077,193,172,0,172,8
2020-05-14,Plumas,063,18699,4,4,0,4,0
2020-05-14,Riverside,065,2383286,6475,5339,18,5357,224
2020-05-14,Sacramento,067,1510023,1274,1181,0,1181,55
2020-05-14,San Benito,069,59416,61,56,0,56,2
2020-05-14,San Bernardino,071,2135413,4199,3149,4,3153,149
2020-05-14,San Diego,073,3302833,6487,5393,0,5393,200
2020-05-14,San Francisco,075,870044,2273,2029,0,2029,36
2020-05-14,San Joaquin,077,732212,754,643,4,647,31
2020-05-14,San Luis Obispo,079,281455,315,236,3,239,1
2020-05-14,San Mateo,081,765935,1873,1588,3,1591,67
2020-05-14,Santa Barbara,083,443738,1544,1395,9,1404,11
2020-05-14,Santa Clara,085,1922200,3003,2380,10,2390,134
2020-05-14,Santa Cruz,087,273765,171,145,0,145,3
2020-05-14,Shasta,089,179085,48,33,0,33,4
2020-05-14,Sierra,091,2930,0,0,0,0,0
2020-05-14,Siskiyou,093,43540,6,5,0,5,0
2020-05-14,Solano,095,438530,465,372,0,372,4
2020-05-14,Sonoma,097,501317,420,333,0,333,4
2020-05-14,Stanislaus,099,539301,612,533,4,537,23
2020-05-14,Sutter,101,95872,41,34,0,34,2
2020-05-14,Tehama,103,63373,3,1,0,1,1
2020-05-14,Trinity,105,12862,2,1,0,1,0
2020-05-14,Tulare,107,460477,1912,1317,7,1324,55
2020-05-14,Tuolumne,109,53932,3,2,0,2,0
2020-05-14,Ventura,111,848112,1151,760,5,765,25
2020-05-14,Yolo,113,214977,201,180,0,180,22
2020-05-14,Yuba,115,75493,26,21,0,21,1
2020-05-13,Alameda,001,1643700,2656,2181,3,2184,78
2020-05-13,Alpine,003,1148,1,1,0,1,0
2020-05-13,Amador,005,37829,10,8,0,8,0
2020-05-13,Butte,007,227075,40,21,1,22,0
2020-05-13,Calaveras,009,45235,14,13,0,13,0
2020-05-13,Colusa,011,21464,3,3,0,3,0
2020-05-13,Contra Costa,013,1133247,1244,1082,1,1083,32
2020-05-13,Del Norte,015,27424,13,4,0,4,0
2020-05-13,El Dorado,017,186661,79,58,0,58,0
2020-05-13,Fresno,019,978130,2011,993,29,1022,10
2020-05-13,Glenn,021,27897,11,6,0,6,0
2020-05-13,Humboldt,023,135768,83,58,0,58,0
2020-05-13,Imperial,025,180216,1411,610,0,610,11
2020-05-13,Inyo,027,18085,19,20,0,20,1
2020-05-13,Kern,029,883053,1795,1390,3,1393,19
2020-05-13,Kings,031,150075,461,314,2,316,1
2020-05-13,Lake,033,64148,13,7,0,7,0
2020-05-13,Lassen,035,31185,4,0,2,2,0
2020-05-13,Los Angeles,037,10098052,43085,34574,19,34593,1643
2020-05-13,Madera,039,155013,144,69,1,70,2
2020-05-13,Marin,041,260295,307,278,1,279,14
2020-05-13,Mariposa,043,17540,15,15,0,15,0
2020-05-13,Mendocino,045,87422,13,10,0,10,0
2020-05-13,Merced,047,269075,287,176,0,176,3
2020-05-13,Modoc,049,8938,0,0,0,0,0
2020-05-13,Mono,051,14174,35,31,0,31,1
2020-05-13,Monterey,053,433212,383,309,1,310,6
2020-05-13,Napa,055,140530,103,81,0,81,3
2020-05-13,Nevada,057,99092,41,41,1,42,1
2020-05-13,Orange,059,3164182,5923,4025,48,4073,79
2020-05-13,Placer,061,380077,192,170,0,170,8
2020-05-13,Plumas,063,18699,4,4,0,4,0
2020-05-13,Riverside,065,2383286,6352,5204,18,5222,216
2020-05-13,Sacramento,067,1510023,1259,1173,0,1173,53
2020-05-13,San Benito,069,59416,61,55,0,55,2
2020-05-13,San Bernardino,071,2135413,3943,3064,3,3067,140
2020-05-13,San Diego,073,3302833,6351,5280,0,5280,194
2020-05-13,San Francisco,075,870044,2245,2004,0,2004,35
2020-05-13,San Joaquin,077,732212,733,639,3,642,31
2020-05-13,San Luis Obispo,079,281455,313,231,3,234,1
2020-05-13,San Mateo,081,765935,1841,1550,3,1553,66
2020-05-13,Santa Barbara,083,443738,1533,1382,9,1391,10
2020-05-13,Santa Clara,085,1922200,2983,2370,10,2380,132
2020-05-13,Santa Cruz,087,273765,167,142,0,142,2
2020-05-13,Shasta,089,179085,48,32,0,32,4
2020-05-13,Sierra,091,2930,0,0,0,0,0
2020-05-13,Siskiyou,093,43540,6,5,0,5,0
2020-05-13,Solano,095,438530,452,368,0,368,4
2020-05-13,Sonoma,097,501317,410,330,0,330,4
2020-05-13,Stanislaus,099,539301,603,521,4,525,15
2020-05-13,Sutter,101,95872,41,33,0,33,2
2020-05-13,Tehama,103,63373,3,1,0,1,1
2020-05-13,Trinity,105,12862,2,2,0,2,0
2020-05-13,Tulare,107,460477,1879,1283,7,1290,54
2020-05-13,Tuolumne,109,53932,3,2,0,2,0
2020-05-13,Ventura,111,848112,1120,742,5,747,25
2020-05-13,Yolo,113,214977,199,178,0,178,22
2020-05-13,Yuba,115,75493,24,19,0,19,1
2020-05-12,Alameda,001,1643700,2592,2146,3,2149,74
2020-05-12,Alpine,003,1148,1,1,0,1,0
2020-05-12,Amador,005,37829,10,8,0,8,0
2020-05-12,Butte,007,227075,38,20,1,21,0
2020-05-12,Calaveras,009,45235,13,13,0,13,0
2020-05-12,Colusa,011,21464,3,3,0,3,0
2020-05-12,Contra Costa,013,1133247,1213,1067,1,1068,32
2020-05-12,Del Norte,015,27424,10,3,0,3,0
2020-05-12,El Dorado,017,186661,76,56,0,56,0
2020-05-12,Fresno,019,978130,1927,978,27,1005,9
2020-05-12,Glenn,021,27897,10,6,0,6,0
2020-05-12,Humboldt,023,135768,80,58,0,58,0
2020-05-12,Imperial,025,180216,1280,602,0,602,9
2020-05-12,Inyo,027,18085,19,20,0,20,1
2020-05-12,Kern,029,883053,1754,1363,3,1366,18
2020-05-12,Kings,031,150075,440,302,2,304,1
2020-05-12,Lake,033,64148,13,7,0,7,0
2020-05-12,Lassen,035,31185,4,0,2,2,0
2020-05-12,Los Angeles,037,10098052,42088,33281,18,33299,1601
2020-05-12,Madera,039,155013,138,69,1,70,2
2020-05-12,Marin,041,260295,302,274,1,275,14
2020-05-12,Mariposa,043,17540,15,15,0,15,0
2020-05-12,Mendocino,045,87422,13,10,0,10,0
2020-05-12,Merced,047,269075,276,175,0,175,3
2020-05-12,Modoc,049,8938,0,0,0,0,0
2020-05-12,Mono,051,14174,35,31,0,31,1
2020-05-12,Monterey,053,433212,376,298,1,299,6
2020-05-12,Napa,055,140530,101,80,0,80,3
2020-05-12,Nevada,057,99092,41,41,1,42,1
2020-05-12,Orange,059,3164182,5740,3843,46,3889,78
2020-05-12,Placer,061,380077,191,170,0,170,8
2020-05-12,Plumas,063,18699,4,4,0,4,0
2020-05-12,Riverside,065,2383286,6229,5134,18,5152,210
2020-05-12,Sacramento,067,1510023,1239,1166,0,1166,52
2020-05-12,San Benito,069,59416,61,55,0,55,2
2020-05-12,San Bernardino,071,2135413,3791,2997,3,3000,131
2020-05-12,San Diego,073,3302833,6207,3,0,3,0
2020-05-12,San Francisco,075,870044,2210,1981,0,1981,35
2020-05-12,San Joaquin,077,732212,718,625,3,628,30
2020-05-12,San Luis Obispo,079,281455,310,226,3,229,1
2020-05-12,San Mateo,081,765935,1815,1533,3,1536,66
2020-05-12,Santa Barbara,083,443738,1502,1377,9,1386,10
2020-05-12,Santa Clara,085,1922200,2953,2362,10,2372,131
2020-05-12,Santa Cruz,087,273765,165,141,0,141,2
2020-05-12,Shasta,089,179085,47,33,0,33,4
2020-05-12,Sierra,091,2930,0,0,0,0,0
2020-05-12,Siskiyou,093,43540,6,5,0,5,0
2020-05-12,Solano,095,438530,444,361,0,361,4
2020-05-12,Sonoma,097,501317,387,308,0,308,4
2020-05-12,Stanislaus,099,539301,596,515,4,519,15
2020-05-12,Sutter,101,95872,41,33,0,33,2
2020-05-12,Tehama,103,63373,3,1,0,1,1
2020-05-12,Trinity,105,12862,2,1,0,1,0
2020-05-12,Tulare,107,460477,1847,1261,7,1268,52
2020-05-12,Tuolumne,109,53932,3,2,0,2,0
2020-05-12,Ventura,111,848112,1064,718,5,723,20
2020-05-12,Yolo,113,214977,198,176,0,176,22
2020-05-12,Yuba,115,75493,24,19,0,19,1
2020-05-11,Alameda,001,1643700,2542,2103,3,2106,71
2020-05-11,Alpine,003,1148,1,1,0,1,0
2020-05-11,Amador,005,37829,10,8,0,8,0
2020-05-11,Butte,007,227075,37,19,1,20,0
2020-05-11,Calaveras,009,45235,13,13,0,13,0
2020-05-11,Colusa,011,21464,3,3,0,3,0
2020-05-11,Contra Costa,013,1133247,1199,1052,1,1053,32
2020-05-11,Del Norte,015,27424,8,3,0,3,0
2020-05-11,El Dorado,017,186661,76,55,0,55,0
2020-05-11,Fresno,019,978130,1835,937,26,963,8
2020-05-11,Glenn,021,27897,10,6,0,6,0
2020-05-11,Humboldt,023,135768,77,56,0,56,0
2020-05-11,Imperial,025,180216,1174,562,0,562,9
2020-05-11,Inyo,027,18085,19,20,0,20,1
2020-05-11,Kern,029,883053,1702,1331,3,1334,17
2020-05-11,Kings,031,150075,417,289,1,290,1
2020-05-11,Lake,033,64148,12,7,0,7,0
2020-05-11,Lassen,035,31185,4,0,2,2,0
2020-05-11,Los Angeles,037,10098052,40909,32279,18,32297,1553
2020-05-11,Madera,039,155013,129,68,1,69,2
2020-05-11,Marin,041,260295,293,271,1,272,14
2020-05-11,Mariposa,043,17540,15,15,0,15,0
2020-05-11,Mendocino,045,87422,13,10,0,10,0
2020-05-11,Merced,047,269075,261,158,0,158,3
2020-05-11,Modoc,049,8938,0,0,0,0,0
2020-05-11,Mono,051,14174,35,30,0,30,1
2020-05-11,Monterey,053,433212,373,286,1,287,6
2020-05-11,Napa,055,140530,95,79,0,79,2
2020-05-11,Nevada,057,99092,41,41,1,42,1
2020-05-11,Orange,059,3164182,5526,3699,39,3738,77
2020-05-11,Placer,061,380077,191,170,0,170,8
2020-05-11,Plumas,063,18699,4,4,0,4,0
2020-05-11,Riverside,065,2383286,6071,5082,17,5099,203
2020-05-11,Sacramento,067,1510023,1224,1160,0,1160,52
2020-05-11,San Benito,069,59416,59,52,0,52,2
2020-05-11,San Bernardino,071,2135413,3681,2945,3,2948,124
2020-05-11,San Diego,073,3302833,6054,5067,0,5067,175
2020-05-11,San Francisco,075,870044,2163,1974,0,1974,35
2020-05-11,San Joaquin,077,732212,708,620,3,623,30
2020-05-11,San Luis Obispo,079,281455,308,224,3,227,1
2020-05-11,San Mateo,081,765935,1789,1499,2,1501,66
2020-05-11,Santa Barbara,083,443738,1491,1372,8,1380,10
2020-05-11,Santa Clara,085,1922200,2936,2340,10,2350,129
2020-05-11,Santa Cruz,087,273765,162,140,0,140,2
2020-05-11,Shasta,089,179085,47,31,0,31,4
2020-05-11,Sierra,091,2930,0,0,0,0,0
2020-05-11,Siskiyou,093,43540,6,5,0,5,0
2020-05-11,Solano,095,438530,439,354,0,354,4
2020-05-11,Sonoma,097,501317,377,303,0,303,3
2020-05-11,Stanislaus,099,539301,586,507,4,511,14
2020-05-11,Sutter,101,95872,40,32,0,32,2
2020-05-11,Tehama,103,63373,3,1,0,1,1
2020-05-11,Trinity,105,12862,2,1,0,1,0
2020-05-11,Tulare,107,460477,1798,1203,7,1210,49
2020-05-11,Tuolumne,109,53932,3,2,0,2,0
2020-05-11,Ventura,111,848112,1003,698,4,702,19
2020-05-11,Yolo,113,214977,198,174,0,174,20
2020-05-11,Yuba,115,75493,24,18,0,18,1
2020-05-10,Alameda,001,1643700,2465,2047,3,2050,71
2020-05-10,Alpine,003,1148,1,1,0,1,0
2020-05-10,Amador,005,37829,10,8,0,8,0
2020-05-10,Butte,007,227075,32,18,1,19,0
2020-05-10,Calaveras,009,45235,13,13,0,13,0
2020-05-10,Colusa,011,21464,3,3,0,3,0
2020-05-10,Contra Costa,013,1133247,1185,1046,0,1046,31
2020-05-10,Del Norte,015,27424,7,3,0,3,0
2020-05-10,El Dorado,017,186661,76,55,0,55,0
2020-05-10,Fresno,019,978130,1750,894,26,920,8
2020-05-10,Glenn,021,27897,10,6,0,6,0
2020-05-10,Humboldt,023,135768,73,56,0,56,0
2020-05-10,Imperial,025,180216,1079,509,0,509,7
2020-05-10,Inyo,027,18085,19,20,0,20,1
2020-05-10,Kern,029,883053,1651,1300,2,1302,16
2020-05-10,Kings,031,150075,404,266,1,267,1
2020-05-10,Lake,033,64148,12,7,0,7,0
2020-05-10,Lassen,035,31185,4,0,2,2,0
2020-05-10,Los Angeles,037,10098052,39649,31711,18,31729,1514
2020-05-10,Madera,039,155013,127,65,1,66,2
2020-05-10,Marin,041,260295,285,267,1,268,14
2020-05-10,Mariposa,043,17540,15,15,0,15,0
2020-05-10,Mendocino,045,87422,12,10,0,10,0
2020-05-10,Merced,047,269075,246,154,0,154,3
2020-05-10,Modoc,049,8938,0,0,0,0,0
2020-05-10,Mono,051,14174,35,27,0,27,1
2020-05-10,Monterey,053,433212,359,282,1,283,6
2020-05-10,Napa,055,140530,89,79,0,79,2
2020-05-10,Nevada,057,99092,41,41,1,42,1
2020-05-10,Orange,059,3164182,5383,3627,39,3666,76
2020-05-10,Placer,061,380077,190,168,0,168,8
2020-05-10,Plumas,063,18699,4,4,0,4,0
2020-05-10,Riverside,065,2383286,5949,4951,17,4968,193
2020-05-10,Sacramento,067,1510023,1208,1152,0,1152,52
2020-05-10,San Benito,069,59416,59,52,0,52,2
2020-05-10,San Bernardino,071,2135413,3583,2910,3,2913,121
2020-05-10,San Diego,073,3302833,5902,4928,0,4928,175
2020-05-10,San Francisco,075,870044,2145,1953,0,1953,35
2020-05-10,San Joaquin,077,732212,693,611,3,614,29
2020-05-10,San Luis Obispo,079,281455,305,218,3,221,1
2020-05-10,San Mateo,081,765935,1767,1463,2,1465,65
2020-05-10,Santa Barbara,083,443738,1480,1323,8,1331,10
2020-05-10,Santa Clara,085,1922200,2909,2331,10,2341,129
2020-05-10,Santa Cruz,087,273765,161,139,0,139,2
2020-05-10,Shasta,089,179085,47,31,0,31,4
2020-05-10,Sierra,091,2930,0,0,0,0,0
2020-05-10,Siskiyou,093,43540,5,5,0,5,0
2020-05-10,Solano,095,438530,429,322,0,322,4
2020-05-10,Sonoma,097,501317,367,290,0,290,3
2020-05-10,Stanislaus,099,539301,579,498,4,502,14
2020-05-10,Sutter,101,95872,37,31,0,31,2
2020-05-10,Tehama,103,63373,3,1,0,1,1
2020-05-10,Trinity,105,12862,2,1,0,1,0
2020-05-10,Tulare,107,460477,1727,1143,7,1150,47
2020-05-10,Tuolumne,109,53932,3,2,0,2,0
2020-05-10,Ventura,111,848112,945,690,2,692,19
2020-05-10,Yolo,113,214977,198,173,0,173,20
2020-05-10,Yuba,115,75493,23,17,0,17,1
2020-05-09,Alameda,001,1643700,2421,2011,3,2014,71
2020-05-09,Alpine,003,1148,1,1,0,1,0
2020-05-09,Amador,005,37829,9,8,0,8,0
2020-05-09,Butte,007,227075,31,18,1,19,0
2020-05-09,Calaveras,009,45235,13,13,0,13,0
2020-05-09,Colusa,011,21464,3,3,0,3,0
2020-05-09,Contra Costa,013,1133247,1171,1039,0,1039,31
2020-05-09,Del Norte,015,27424,7,3,0,3,0
2020-05-09,El Dorado,017,186661,73,54,0,54,0
2020-05-09,Fresno,019,978130,1712,861,25,886,8
2020-05-09,Glenn,021,27897,9,6,0,6,0
2020-05-09,Humboldt,023,135768,71,55,0,55,0
2020-05-09,Imperial,025,180216,1023,474,0,474,7
2020-05-09,Inyo,027,18085,19,20,0,20,1
2020-05-09,Kern,029,883053,1615,1262,1,1263,15
2020-05-09,Kings,031,150075,399,264,1,265,1
2020-05-09,Lake,033,64148,12,7,0,7,0
2020-05-09,Lassen,035,31185,4,0,2,2,0
2020-05-09,Los Angeles,037,10098052,39026,31268,18,31286,1499
2020-05-09,Madera,039,155013,126,61,1,62,2
2020-05-09,Marin,041,260295,284,261,1,262,14
2020-05-09,Mariposa,043,17540,15,15,0,15,0
2020-05-09,Mendocino,045,87422,12,10,0,10,0
2020-05-09,Merced,047,269075,242,153,0,153,3
2020-05-09,Modoc,049,8938,0,0,0,0,0
2020-05-09,Mono,051,14174,35,27,0,27,1
2020-05-09,Monterey,053,433212,352,273,0,273,6
2020-05-09,Napa,055,140530,88,78,0,78,2
2020-05-09,Nevada,057,99092,41,41,1,42,1
2020-05-09,Orange,059,3164182,5301,3506,38,3544,75
2020-05-09,Placer,061,380077,189,168,0,168,8
2020-05-09,Plumas,063,18699,4,4,0,4,0
2020-05-09,Riverside,065,2383286,5854,4871,17,4888,183
2020-05-09,Sacramento,067,1510023,1204,1150,0,1150,52
2020-05-09,San Benito,069,59416,58,52,0,52,2
2020-05-09,San Bernardino,071,2135413,3527,2825,3,2828,121
2020-05-09,San Diego,073,3302833,5790,4778,0,4778,175
2020-05-09,San Francisco,075,870044,2130,1944,0,1944,34
2020-05-09,San Joaquin,077,732212,684,605,3,608,28
2020-05-09,San Luis Obispo,079,281455,301,213,3,216,1
2020-05-09,San Mateo,081,765935,1748,1453,2,1455,65
2020-05-09,Santa Barbara,083,443738,1472,1245,8,1253,10
2020-05-09,Santa Clara,085,1922200,2895,2317,10,2327,128
2020-05-09,Santa Cruz,087,273765,160,138,0,138,2
2020-05-09,Shasta,089,179085,47,31,0,31,4
2020-05-09,Sierra,091,2930,0,0,0,0,0
2020-05-09,Siskiyou,093,43540,5,5,0,5,0
2020-05-09,Solano,095,438530,423,321,0,321,4
2020-05-09,Sonoma,097,501317,363,288,0,288,3
2020-05-09,Stanislaus,099,539301,571,491,4,495,12
2020-05-09,Sutter,101,95872,37,31,0,31,2
2020-05-09,Tehama,103,63373,2,1,0,1,1
2020-05-09,Trinity,105,12862,2,1,0,1,0
2020-05-09,Tulare,107,460477,1699,1083,7,1090,47
2020-05-09,Tuolumne,109,53932,3,2,0,2,0
2020-05-09,Ventura,111,848112,924,679,2,681,19
2020-05-09,Yolo,113,214977,198,172,0,172,18
2020-05-09,Yuba,115,75493,23,17,0,17,1
2020-05-08,Alameda,001,1643700,2378,1955,3,1958,70
2020-05-08,Alpine,003,1148,1,1,0,1,0
2020-05-08,Amador,005,37829,9,8,0,8,0
2020-05-08,Butte,007,227075,31,18,1,19,0
2020-05-08,Calaveras,009,45235,13,13,0,13,0
2020-05-08,Colusa,011,21464,3,3,0,3,0
2020-05-08,Contra Costa,013,1133247,1159,1024,0,1024,29
2020-05-08,Del Norte,015,27424,7,3,0,3,0
2020-05-08,El Dorado,017,186661,72,54,0,54,0
2020-05-08,Fresno,019,978130,1670,838,23,861,8
2020-05-08,Glenn,021,27897,8,6,0,6,0
2020-05-08,Humboldt,023,135768,68,54,0,54,0
2020-05-08,Imperial,025,180216,978,467,0,467,7
2020-05-08,Inyo,027,18085,19,20,0,20,1
2020-05-08,Kern,029,883053,1584,1214,1,1215,13
2020-05-08,Kings,031,150075,390,236,1,237,1
2020-05-08,Lake,033,64148,12,7,0,7,0
2020-05-08,Lassen,035,31185,4,0,2,2,0
2020-05-08,Los Angeles,037,10098052,38294,30357,18,30375,1447
2020-05-08,Madera,039,155013,123,57,1,58,2
2020-05-08,Marin,041,260295,284,257,1,258,14
2020-05-08,Mariposa,043,17540,15,15,0,15,0
2020-05-08,Mendocino,045,87422,12,10,0,10,0
2020-05-08,Merced,047,269075,241,151,0,151,3
2020-05-08,Modoc,049,8938,0,0,0,0,0
2020-05-08,Mono,051,14174,32,27,0,27,1
2020-05-08,Monterey,053,433212,344,265,0,265,6
2020-05-08,Napa,055,140530,87,78,0,78,2
2020-05-08,Nevada,057,99092,41,41,1,42,1
2020-05-08,Orange,059,3164182,5154,3395,38,3433,72
2020-05-08,Placer,061,380077,187,166,0,166,8
2020-05-08,Plumas,063,18699,4,4,0,4,0
2020-05-08,Riverside,065,2383286,5754,4672,16,4688,181
2020-05-08,Sacramento,067,1510023,1199,1145,0,1145,51
2020-05-08,San Benito,069,59416,58,51,0,51,2
2020-05-08,San Bernardino,071,2135413,3479,2631,3,2634,119
2020-05-08,San Diego,073,3302833,5683,4664,0,4664,169
2020-05-08,San Francisco,075,870044,2112,1890,0,1890,33
2020-05-08,San Joaquin,077,732212,677,595,3,598,28
2020-05-08,San Luis Obispo,079,281455,298,210,3,213,1
2020-05-08,San Mateo,081,765935,1663,1423,2,1425,62
2020-05-08,Santa Barbara,083,443738,1463,1054,6,1060,8
2020-05-08,Santa Clara,085,1922200,2872,2285,10,2295,128
2020-05-08,Santa Cruz,087,273765,156,137,0,137,2
2020-05-08,Shasta,089,179085,47,31,0,31,4
2020-05-08,Sierra,091,2930,0,0,0,0,0
2020-05-08,Siskiyou,093,43540,5,5,0,5,0
2020-05-08,Solano,095,438530,418,314,0,314,4
2020-05-08,Sonoma,097,501317,358,285,0,285,3
2020-05-08,Stanislaus,099,539301,557,487,4,491,12
2020-05-08,Sutter,101,95872,37,30,0,30,2
2020-05-08,Tehama,103,63373,2,1,0,1,1
2020-05-08,Trinity,105,12862,2,0,0,0,0
2020-05-08,Tulare,107,460477,1654,1050,6,1056,43
2020-05-08,Tuolumne,109,53932,3,2,0,2,0
2020-05-08,Ventura,111,848112,906,665,2,667,19
2020-05-08,Yolo,113,214977,197,172,0,172,18
2020-05-08,Yuba,115,75493,22,16,0,16,1
2020-05-07,Alameda,001,1643700,2318,1914,3,1917,68
2020-05-07,Alpine,003,1148,1,1,0,1,0
2020-05-07,Amador,005,37829,9,8,0,8,0
2020-05-07,Butte,007,227075,31,19,1,20,0
2020-05-07,Calaveras,009,45235,13,13,0,13,0
2020-05-07,Colusa,011,21464,3,3,0,3,0
2020-05-07,Contra Costa,013,1133247,1145,1005,0,1005,29
2020-05-07,Del Norte,015,27424,6,3,0,3,0
2020-05-07,El Dorado,017,186661,71,54,0,54,0
2020-05-07,Fresno,019,978130,1584,812,22,834,8
2020-05-07,Glenn,021,27897,8,5,0,5,0
2020-05-07,Humboldt,023,135768,67,54,0,54,0
2020-05-07,Imperial,025,180216,915,442,0,442,6
2020-05-07,Inyo,027,18085,19,20,0,20,1
2020-05-07,Kern,029,883053,1540,1176,1,1177,13
2020-05-07,Kings,031,150075,367,219,1,220,1
2020-05-07,Lake,033,64148,11,7,0,7,0
2020-05-07,Lassen,035,31185,4,0,2,2,0
2020-05-07,Los Angeles,037,10098052,37173,29544,18,29562,1399
2020-05-07,Madera,039,155013,119,54,1,55,2
2020-05-07,Marin,041,260295,277,252,1,253,14
2020-05-07,Mariposa,043,17540,15,15,0,15,0
2020-05-07,Mendocino,045,87422,12,10,0,10,0
2020-05-07,Merced,047,269075,233,146,0,146,3
2020-05-07,Modoc,049,8938,0,0,0,0,0
2020-05-07,Mono,051,14174,32,26,0,26,1
2020-05-07,Monterey,053,433212,336,249,0,249,6
2020-05-07,Napa,055,140530,87,78,0,78,2
2020-05-07,Nevada,057,99092,41,41,1,42,1
2020-05-07,Orange,059,3164182,4969,3283,37,3320,69
2020-05-07,Placer,061,380077,187,165,0,165,8
2020-05-07,Plumas,063,18699,4,4,0,4,0
2020-05-07,Riverside,065,2383286,5638,4608,16,4624,170
2020-05-07,Sacramento,067,1510023,1193,1139,0,1139,50
2020-05-07,San Benito,069,59416,58,50,0,50,2
2020-05-07,San Bernardino,071,2135413,3387,2522,3,2525,115
2020-05-07,San Diego,073,3302833,5526,4431,0,4431,165
2020-05-07,San Francisco,075,870044,2081,1852,0,1852,33
2020-05-07,San Joaquin,077,732212,664,583,3,586,28
2020-05-07,San Luis Obispo,079,281455,287,209,3,212,1
2020-05-07,San Mateo,081,765935,1641,1398,2,1400,58
2020-05-07,Santa Barbara,083,443738,1436,720,5,725,8
2020-05-07,Santa Clara,085,1922200,2834,2281,10,2291,127
2020-05-07,Santa Cruz,087,273765,153,136,0,136,2
2020-05-07,Shasta,089,179085,46,31,0,31,4
2020-05-07,Sierra,091,2930,0,0,0,0,0
2020-05-07,Siskiyou,093,43540,5,5,0,5,0
2020-05-07,Solano,095,438530,412,307,0,307,4
2020-05-07,Sonoma,097,501317,346,282,0,282,3
2020-05-07,Stanislaus,099,539301,548,466,4,470,10
2020-05-07,Sutter,101,95872,37,29,0,29,2
2020-05-07,Tehama,103,63373,2,1,0,1,1
2020-05-07,Trinity,105,12862,2,0,0,0,0
2020-05-07,Tulare,107,460477,1586,1001,6,1007,41
2020-05-07,Tuolumne,109,53932,3,2,0,2,0
2020-05-07,Ventura,111,848112,882,647,1,648,19
2020-05-07,Yolo,113,214977,196,172,0,172,18
2020-05-07,Yuba,115,75493,22,16,0,16,1
2020-05-06,Alameda,001,1643700,2280,1864,3,1867,67
2020-05-06,Alpine,003,1148,1,1,0,1,0
2020-05-06,Amador,005,37829,9,8,0,8,0
2020-05-06,Butte,007,227075,30,19,1,20,0
2020-05-06,Calaveras,009,45235,13,13,0,13,0
2020-05-06,Colusa,011,21464,3,3,0,3,0
2020-05-06,Contra Costa,013,1133247,1124,990,0,990,29
2020-05-06,Del Norte,015,27424,6,3,0,3,0
2020-05-06,El Dorado,017,186661,69,53,0,53,0
2020-05-06,Fresno,019,978130,1521,773,20,793,8
2020-05-06,Glenn,021,27897,8,3,0,3,0
2020-05-06,Humboldt,023,135768,66,54,0,54,0
2020-05-06,Imperial,025,180216,847,399,0,399,6
2020-05-06,Inyo,027,18085,19,20,0,20,1
2020-05-06,Kern,029,883053,1484,1112,1,1113,12
2020-05-06,Kings,031,150075,349,208,1,209,1
2020-05-06,Lake,033,64148,11,7,0,7,0
2020-05-06,Lassen,035,31185,4,0,2,2,0
2020-05-06,Los Angeles,037,10098052,36168,28687,18,28705,1347
2020-05-06,Madera,039,155013,117,55,1,56,2
2020-05-06,Marin,041,260295,270,244,1,245,14
2020-05-06,Mariposa,043,17540,15,14,0,14,0
2020-05-06,Mendocino,045,87422,12,10,0,10,0
2020-05-06,Merced,047,269075,226,140,0,140,3
2020-05-06,Modoc,049,8938,0,0,0,0,0
2020-05-06,Mono,051,14174,32,26,0,26,1
2020-05-06,Monterey,053,433212,328,246,0,246,6
2020-05-06,Napa,055,140530,86,78,0,78,2
2020-05-06,Nevada,057,99092,41,41,1,42,1
2020-05-06,Orange,059,3164182,4785,3156,36,3192,66
2020-05-06,Placer,061,380077,184,164,0,164,8
2020-05-06,Plumas,063,18699,4,4,0,4,0
2020-05-06,Riverside,065,2383286,5494,4535,16,4551,163
2020-05-06,Sacramento,067,1510023,1187,1135,0,1135,49
2020-05-06,San Benito,069,59416,57,50,0,50,2
2020-05-06,San Bernardino,071,2135413,3265,2426,2,2428,110
2020-05-06,San Diego,073,3302833,5393,4321,0,4321,158
2020-05-06,San Francisco,075,870044,2056,1804,0,1804,32
2020-05-06,San Joaquin,077,732212,651,581,3,584,28
2020-05-06,San Luis Obispo,079,281455,284,207,3,210,1
2020-05-06,San Mateo,081,765935,1610,1348,2,1350,57
2020-05-06,Santa Barbara,083,443738,1395,565,4,569,8
2020-05-06,Santa Clara,085,1922200,2817,2270,9,2279,127
2020-05-06,Santa Cruz,087,273765,149,135,0,135,2
2020-05-06,Shasta,089,179085,45,31,0,31,4
2020-05-06,Sierra,091,2930,0,0,0,0,0
2020-05-06,Siskiyou,093,43540,5,5,0,5,0
2020-05-06,Solano,095,438530,402,300,0,300,4
2020-05-06,Sonoma,097,501317,330,269,0,269,3
2020-05-06,Stanislaus,099,539301,532,434,4,438,9
2020-05-06,Sutter,101,95872,37,29,0,29,2
2020-05-06,Tehama,103,63373,2,1,0,1,1
2020-05-06,Trinity,105,12862,2,0,0,0,0
2020-05-06,Tulare,107,460477,1538,963,6,969,40
2020-05-06,Tuolumne,109,53932,3,2,0,2,0
2020-05-06,Ventura,111,848112,855,619,1,620,19
2020-05-06,Yolo,113,214977,195,172,0,172,18
2020-05-06,Yuba,115,75493,22,15,0,15,1
2020-05-05,Alameda,001,1643700,2237,1819,3,1822,67
2020-05-05,Alpine,003,1148,1,1,0,1,0
2020-05-05,Amador,005,37829,9,8,0,8,0
2020-05-05,Butte,007,227075,29,19,1,20,0
2020-05-05,Calaveras,009,45235,13,13,0,13,0
2020-05-05,Colusa,011,21464,3,3,0,3,0
2020-05-05,Contra Costa,013,1133247,1106,976,0,976,29
2020-05-05,Del Norte,015,27424,6,3,0,3,0
2020-05-05,El Dorado,017,186661,67,54,0,54,0
2020-05-05,Fresno,019,978130,1448,726,18,744,8
2020-05-05,Glenn,021,27897,8,3,0,3,0
2020-05-05,Humboldt,023,135768,63,54,0,54,0
2020-05-05,Imperial,025,180216,792,389,0,389,6
2020-05-05,Inyo,027,18085,19,20,0,20,1
2020-05-05,Kern,029,883053,1432,1084,1,1085,11
2020-05-05,Kings,031,150075,331,187,1,188,1
2020-05-05,Lake,033,64148,10,7,0,7,0
2020-05-05,Lassen,035,31185,4,0,2,2,0
2020-05-05,Los Angeles,037,10098052,35096,27867,18,27885,1289
2020-05-05,Madera,039,155013,113,53,1,54,2
2020-05-05,Marin,041,260295,264,244,1,245,14
2020-05-05,Mariposa,043,17540,15,14,0,14,0
2020-05-05,Mendocino,045,87422,12,10,0,10,0
2020-05-05,Merced,047,269075,221,141,0,141,3
2020-05-05,Modoc,049,8938,0,0,0,0,0
2020-05-05,Mono,051,14174,32,25,0,25,1
2020-05-05,Monterey,053,433212,314,240,0,240,6
2020-05-05,Napa,055,140530,86,74,0,74,2
2020-05-05,Nevada,057,99092,41,41,1,42,1
2020-05-05,Orange,059,3164182,4661,3041,36,3077,63
2020-05-05,Placer,061,380077,184,162,0,162,8
2020-05-05,Plumas,063,18699,4,4,0,4,0
2020-05-05,Riverside,065,2383286,5384,4309,16,4325,161
2020-05-05,Sacramento,067,1510023,1180,1125,0,1125,48
2020-05-05,San Benito,069,59416,56,50,0,50,2
2020-05-05,San Bernardino,071,2135413,3172,2345,2,2347,104
2020-05-05,San Diego,073,3302833,5250,4162,0,4162,150
2020-05-05,San Francisco,075,870044,2021,1779,0,1779,31
2020-05-05,San Joaquin,077,732212,642,577,3,580,26
2020-05-05,San Luis Obispo,079,281455,282,203,3,206,1
2020-05-05,San Mateo,081,765935,1578,1335,2,1337,56
2020-05-05,Santa Barbara,083,443738,1174,541,4,545,7
2020-05-05,Santa Clara,085,1922200,2771,2249,8,2257,124
2020-05-05,Santa Cruz,087,273765,146,134,0,134,2
2020-05-05,Shasta,089,179085,44,31,0,31,4
2020-05-05,Sierra,091,2930,0,0,0,0,0
2020-05-05,Siskiyou,093,43540,5,5,0,5,0
2020-05-05,Solano,095,438530,386,299,0,299,4
2020-05-05,Sonoma,097,501317,327,263,0,263,3
2020-05-05,Stanislaus,099,539301,520,430,4,434,9
2020-05-05,Sutter,101,95872,36,29,0,29,2
2020-05-05,Tehama,103,63373,2,1,0,1,1
2020-05-05,Trinity,105,12862,2,0,0,0,0
2020-05-05,Tulare,107,460477,1440,869,6,875,40
2020-05-05,Tuolumne,109,53932,3,2,0,2,0
2020-05-05,Ventura,111,848112,831,607,1,608,19
2020-05-05,Yolo,113,214977,193,171,0,171,18
2020-05-05,Yuba,115,75493,22,15,0,15,1
2020-05-04,Alameda,001,1643700,2178,1762,3,1765,65
2020-05-04,Alpine,003,1148,1,1,0,1,0
2020-05-04,Amador,005,37829,8,8,0,8,0
2020-05-04,Butte,007,227075,28,16,1,17,0
2020-05-04,Calaveras,009,45235,13,13,0,13,0
2020-05-04,Colusa,011,21464,3,3,0,3,0
2020-05-04,Contra Costa,013,1133247,1088,949,0,949,28
2020-05-04,Del Norte,015,27424,5,3,0,3,0
2020-05-04,El Dorado,017,186661,66,51,0,51,0
2020-05-04,Fresno,019,978130,1378,680,17,697,8
2020-05-04,Glenn,021,27897,8,4,0,4,0
2020-05-04,Humboldt,023,135768,61,54,0,54,0
2020-05-04,Imperial,025,180216,740,351,0,351,6
2020-05-04,Inyo,027,18085,19,20,0,20,1
2020-05-04,Kern,029,883053,1390,1047,1,1048,8
2020-05-04,Kings,031,150075,314,153,1,154,1
2020-05-04,Lake,033,64148,9,7,0,7,0
2020-05-04,Lassen,035,31185,3,0,2,2,0
2020-05-04,Los Angeles,037,10098052,33796,26243,16,26259,1235
2020-05-04,Madera,039,155013,110,52,1,53,2
2020-05-04,Marin,041,260295,259,244,1,245,13
2020-05-04,Mariposa,043,17540,15,13,0,13,0
2020-05-04,Mendocino,045,87422,12,10,0,10,0
2020-05-04,Merced,047,269075,221,138,0,138,3
2020-05-04,Modoc,049,8938,0,0,0,0,0
2020-05-04,Mono,051,14174,32,25,0,25,1
2020-05-04,Monterey,053,433212,303,237,0,237,6
2020-05-04,Napa,055,140530,86,72,0,72,2
2020-05-04,Nevada,057,99092,41,41,1,42,1
2020-05-04,Orange,059,3164182,4523,2931,33,2964,57
2020-05-04,Placer,061,380077,182,162,0,162,8
2020-05-04,Plumas,063,18699,4,4,0,4,0
2020-05-04,Riverside,065,2383286,5290,4221,16,4237,147
2020-05-04,Sacramento,067,1510023,1170,1119,0,1119,44
2020-05-04,San Benito,069,59416,54,49,0,49,2
2020-05-04,San Bernardino,071,2135413,3032,2184,2,2186,99
2020-05-04,San Diego,073,3302833,5109,4022,0,4022,144
2020-05-04,San Francisco,075,870044,1983,1760,0,1760,31
2020-05-04,San Joaquin,077,732212,628,574,3,577,26
2020-05-04,San Luis Obispo,079,281455,279,202,3,205,1
2020-05-04,San Mateo,081,765935,1553,1313,2,1315,53
2020-05-04,Santa Barbara,083,443738,927,524,4,528,7
2020-05-04,Santa Clara,085,1922200,2756,2238,8,2246,119
2020-05-04,Santa Cruz,087,273765,145,133,0,133,2
2020-05-04,Shasta,089,179085,42,31,0,31,4
2020-05-04,Sierra,091,2930,0,0,0,0,0
2020-05-04,Siskiyou,093,43540,5,5,0,5,0
2020-05-04,Solano,095,438530,372,293,0,293,4
2020-05-04,Sonoma,097,501317,313,256,0,256,4
2020-05-04,Stanislaus,099,539301,514,422,4,426,8
2020-05-04,Sutter,101,95872,33,28,0,28,2
2020-05-04,Tehama,103,63373,2,1,0,1,1
2020-05-04,Trinity,105,12862,1,0,0,0,0
2020-05-04,Tulare,107,460477,1361,760,6,766,40
2020-05-04,Tuolumne,109,53932,3,3,0,3,0
2020-05-04,Ventura,111,848112,810,590,1,591,19
2020-05-04,Yolo,113,214977,192,171,0,171,18
2020-05-04,Yuba,115,75493,19,16,0,16,1
2020-05-03,Alameda,001,1643700,2121,1731,3,1734,64
2020-05-03,Alpine,003,1148,1,1,0,1,0
2020-05-03,Amador,005,37829,8,8,0,8,0
2020-05-03,Butte,007,227075,28,17,1,18,0
2020-05-03,Calaveras,009,45235,13,13,0,13,0
2020-05-03,Colusa,011,21464,3,3,0,3,0
2020-05-03,Contra Costa,013,1133247,1072,945,0,945,28
2020-05-03,Del Norte,015,27424,5,3,0,3,0
2020-05-03,El Dorado,017,186661,64,49,0,49,0
2020-05-03,Fresno,019,978130,1286,646,15,661,8
2020-05-03,Glenn,021,27897,7,5,0,5,0
2020-05-03,Humboldt,023,135768,60,54,0,54,0
2020-05-03,Imperial,025,180216,684,351,0,351,6
2020-05-03,Inyo,027,18085,19,20,0,20,1
2020-05-03,Kern,029,883053,1335,1025,1,1026,8
2020-05-03,Kings,031,150075,294,137,1,138,1
2020-05-03,Lake,033,64148,9,7,0,7,0
2020-05-03,Lassen,035,31185,3,0,2,2,0
2020-05-03,Los Angeles,037,10098052,32811,25708,16,25724,1210
2020-05-03,Madera,039,155013,103,46,1,47,2
2020-05-03,Marin,041,260295,254,243,1,244,13
2020-05-03,Mariposa,043,17540,15,13,0,13,0
2020-05-03,Mendocino,045,87422,12,10,0,10,0
2020-05-03,Merced,047,269075,213,134,0,134,3
2020-05-03,Modoc,049,8938,0,0,0,0,0
2020-05-03,Mono,051,14174,32,25,0,25,1
2020-05-03,Monterey,053,433212,294,235,0,235,6
2020-05-03,Napa,055,140530,86,72,0,72,2
2020-05-03,Nevada,057,99092,41,41,1,42,1
2020-05-03,Orange,059,3164182,4349,2859,32,2891,55
2020-05-03,Placer,061,380077,182,161,0,161,8
2020-05-03,Plumas,063,18699,4,4,0,4,0
2020-05-03,Riverside,065,2383286,5185,4034,16,4050,139
2020-05-03,Sacramento,067,1510023,1161,1109,0,1109,43
2020-05-03,San Benito,069,59416,54,49,0,49,2
2020-05-03,San Bernardino,071,2135413,2971,2123,2,2125,99
2020-05-03,San Diego,073,3302833,4972,3929,0,3929,142
2020-05-03,San Francisco,075,870044,1954,1692,0,1692,30
2020-05-03,San Joaquin,077,732212,621,570,3,573,26
2020-05-03,San Luis Obispo,079,281455,276,200,3,203,1
2020-05-03,San Mateo,081,765935,1525,1277,2,1279,53
2020-05-03,Santa Barbara,083,443738,568,512,4,516,7
2020-05-03,Santa Clara,085,1922200,2719,2235,8,2243,116
2020-05-03,Santa Cruz,087,273765,145,133,0,133,2
2020-05-03,Shasta,089,179085,40,31,0,31,4
2020-05-03,Sierra,091,2930,0,0,0,0,0
2020-05-03,Siskiyou,093,43540,5,5,0,5,0
2020-05-03,Solano,095,438530,362,266,0,266,4
2020-05-03,Sonoma,097,501317,304,254,0,254,4
2020-05-03,Stanislaus,099,539301,486,411,4,415,8
2020-05-03,Sutter,101,95872,31,28,0,28,2
2020-05-03,Tehama,103,63373,2,1,0,1,1
2020-05-03,Trinity,105,12862,1,0,0,0,0
2020-05-03,Tulare,107,460477,1282,736,6,742,40
2020-05-03,Tuolumne,109,53932,3,3,0,3,0
2020-05-03,Ventura,111,848112,776,583,1,584,19
2020-05-03,Yolo,113,214977,191,171,0,171,18
2020-05-03,Yuba,115,75493,19,16,0,16,1
2020-05-02,Alameda,001,1643700,2084,1678,3,1681,63
2020-05-02,Alpine,003,1148,1,1,0,1,0
2020-05-02,Amador,005,37829,8,8,0,8,0
2020-05-02,Butte,007,227075,28,17,1,18,0
2020-05-02,Calaveras,009,45235,13,13,0,13,0
2020-05-02,Colusa,011,21464,3,3,0,3,0
2020-05-02,Contra Costa,013,1133247,1054,929,0,929,28
2020-05-02,Del Norte,015,27424,5,3,0,3,0
2020-05-02,El Dorado,017,186661,64,47,0,47,0
2020-05-02,Fresno,019,978130,1260,629,14,643,8
2020-05-02,Glenn,021,27897,7,5,0,5,0
2020-05-02,Humboldt,023,135768,60,54,0,54,0
2020-05-02,Imperial,025,180216,657,345,0,345,6
2020-05-02,Inyo,027,18085,19,20,0,20,1
2020-05-02,Kern,029,883053,1309,1007,1,1008,8
2020-05-02,Kings,031,150075,291,120,1,121,1
2020-05-02,Lake,033,64148,9,7,0,7,0
2020-05-02,Lassen,035,31185,3,0,2,2,0
2020-05-02,Los Angeles,037,10098052,32281,24955,16,24971,1192
2020-05-02,Madera,039,155013,103,46,1,47,2
2020-05-02,Marin,041,260295,253,243,1,244,13
2020-05-02,Mariposa,043,17540,15,13,0,13,0
2020-05-02,Mendocino,045,87422,12,10,0,10,0
2020-05-02,Merced,047,269075,210,131,0,131,3
2020-05-02,Modoc,049,8938,0,0,0,0,0
2020-05-02,Mono,051,14174,32,25,0,25,1
2020-05-02,Monterey,053,433212,288,225,0,225,5
2020-05-02,Napa,055,140530,86,71,0,71,2
2020-05-02,Nevada,057,99092,41,41,1,42,1
2020-05-02,Orange,059,3164182,4235,2774,32,2806,52
2020-05-02,Placer,061,380077,180,150,0,150,8
2020-05-02,Plumas,063,18699,4,4,0,4,0
2020-05-02,Riverside,065,2383286,5119,3997,16,4013,137
2020-05-02,Sacramento,067,1510023,1158,1097,0,1097,43
2020-05-02,San Benito,069,59416,54,49,0,49,2
2020-05-02,San Bernardino,071,2135413,2932,2124,2,2126,99
2020-05-02,San Diego,073,3302833,4870,3844,0,3844,138
2020-05-02,San Francisco,075,870044,1931,1632,0,1632,29
2020-05-02,San Joaquin,077,732212,613,559,3,562,25
2020-05-02,San Luis Obispo,079,281455,270,193,3,196,1
2020-05-02,San Mateo,081,765935,1509,1272,2,1274,52
2020-05-02,Santa Barbara,083,443738,560,506,4,510,7
2020-05-02,Santa Clara,085,1922200,2709,2203,8,2211,115
2020-05-02,Santa Cruz,087,273765,144,131,0,131,2
2020-05-02,Shasta,089,179085,40,31,0,31,4
2020-05-02,Sierra,091,2930,0,0,0,0,0
2020-05-02,Siskiyou,093,43540,5,5,0,5,0
2020-05-02,Solano,095,438530,355,267,0,267,4
2020-05-02,Sonoma,097,501317,301,250,0,250,3
2020-05-02,Stanislaus,099,539301,478,388,4,392,8
2020-05-02,Sutter,101,95872,31,28,0,28,2
2020-05-02,Tehama,103,63373,2,1,0,1,1
2020-05-02,Trinity,105,12862,1,0,0,0,0
2020-05-02,Tulare,107,460477,1239,711,6,717,35
2020-05-02,Tuolumne,109,53932,3,3,0,3,0
2020-05-02,Ventura,111,848112,762,564,1,565,19
2020-05-02,Yolo,113,214977,191,169,0,169,17
2020-05-02,Yuba,115,75493,19,16,0,16,1
2020-05-01,Alameda,001,1643700,2047,1630,3,1633,63
2020-05-01,Alpine,003,1148,1,1,0,1,0
2020-05-01,Amador,005,37829,8,8,0,8,0
2020-05-01,Butte,007,227075,28,17,1,18,0
2020-05-01,Calaveras,009,45235,13,13,0,13,0
2020-05-01,Colusa,011,21464,3,3,0,3,0
2020-05-01,Contra Costa,013,1133247,1040,915,0,915,28
2020-05-01,Del Norte,015,27424,5,3,0,3,0
2020-05-01,El Dorado,017,186661,64,47,0,47,0
2020-05-01,Fresno,019,978130,1229,617,14,631,7
2020-05-01,Glenn,021,27897,7,4,0,4,0
2020-05-01,Humboldt,023,135768,60,54,0,54,0
2020-05-01,Imperial,025,180216,620,337,0,337,6
2020-05-01,Inyo,027,18085,19,20,0,20,1
2020-05-01,Kern,029,883053,1282,972,1,973,8
2020-05-01,Kings,031,150075,274,112,1,113,1
2020-05-01,Lake,033,64148,9,6,0,6,0
2020-05-01,Lassen,035,31185,3,0,2,2,0
2020-05-01,Los Angeles,037,10098052,31524,24306,16,24322,1155
2020-05-01,Madera,039,155013,99,46,1,47,2
2020-05-01,Marin,041,260295,253,242,1,243,13
2020-05-01,Mariposa,043,17540,15,10,0,10,0
2020-05-01,Mendocino,045,87422,12,11,0,11,0
2020-05-01,Merced,047,269075,207,131,0,131,3
2020-05-01,Modoc,049,8938,0,0,0,0,0
2020-05-01,Mono,051,14174,32,25,0,25,1
2020-05-01,Monterey,053,433212,284,222,0,222,5
2020-05-01,Napa,055,140530,86,69,0,69,2
2020-05-01,Nevada,057,99092,41,41,1,42,1
2020-05-01,Orange,059,3164182,4158,2660,30,2690,51
2020-05-01,Placer,061,380077,179,149,0,149,8
2020-05-01,Plumas,063,18699,4,4,0,4,0
2020-05-01,Riverside,065,2383286,5055,3893,16,3909,132
2020-05-01,Sacramento,067,1510023,1153,1081,0,1081,43
2020-05-01,San Benito,069,59416,54,49,0,49,2
2020-05-01,San Bernardino,071,2135413,2877,2084,2,2086,98
2020-05-01,San Diego,073,3302833,4779,3713,0,3713,134
2020-05-01,San Francisco,075,870044,1887,1552,0,1552,29
2020-05-01,San Joaquin,077,732212,609,554,3,557,25
2020-05-01,San Luis Obispo,079,281455,267,186,3,189,1
2020-05-01,San Mateo,081,765935,1487,1222,2,1224,52
2020-05-01,Santa Barbara,083,443738,554,499,3,502,7
2020-05-01,Santa Clara,085,1922200,2697,2176,8,2184,112
2020-05-01,Santa Cruz,087,273765,144,127,0,127,2
2020-05-01,Shasta,089,179085,40,31,0,31,4
2020-05-01,Sierra,091,2930,0,0,0,0,0
2020-05-01,Siskiyou,093,43540,5,5,0,5,0
2020-05-01,Solano,095,438530,347,266,0,266,4
2020-05-01,Sonoma,097,501317,298,242,0,242,3
2020-05-01,Stanislaus,099,539301,473,384,4,388,8
2020-05-01,Sutter,101,95872,31,28,0,28,2
2020-05-01,Tehama,103,63373,2,1,0,1,1
2020-05-01,Trinity,105,12862,1,0,0,0,0
2020-05-01,Tulare,107,460477,1195,685,6,691,32
2020-05-01,Tuolumne,109,53932,3,3,0,3,0
2020-05-01,Ventura,111,848112,749,556,1,557,18
2020-05-01,Yolo,113,214977,191,165,0,165,18
2020-05-01,Yuba,115,75493,19,16,0,16,1
2020-04-30,Alameda,001,1643700,1987,1599,3,1602,60
2020-04-30,Alpine,003,1148,1,1,0,1,0
2020-04-30,Amador,005,37829,8,8,0,8,0
2020-04-30,Butte,007,227075,28,16,1,17,0
2020-04-30,Calaveras,009,45235,13,13,0,13,0
2020-04-30,Colusa,011,21464,3,3,0,3,0
2020-04-30,Contra Costa,013,1133247,1018,900,0,900,25
2020-04-30,Del Norte,015,27424,4,3,0,3,0
2020-04-30,El Dorado,017,186661,64,44,0,44,0
2020-04-30,Fresno,019,978130,1163,562,11,573,7
2020-04-30,Glenn,021,27897,7,4,0,4,0
2020-04-30,Humboldt,023,135768,60,54,0,54,0
2020-04-30,Imperial,025,180216,574,322,0,322,6
2020-04-30,Inyo,027,18085,19,20,0,20,1
2020-04-30,Kern,029,883053,1250,941,1,942,8
2020-04-30,Kings,031,150075,262,87,1,88,1
2020-04-30,Lake,033,64148,9,6,0,6,0
2020-04-30,Lassen,035,31185,3,0,2,2,0
2020-04-30,Los Angeles,037,10098052,30517,23284,16,23300,1099
2020-04-30,Madera,039,155013,88,46,1,47,2
2020-04-30,Marin,041,260295,253,240,1,241,13
2020-04-30,Mariposa,043,17540,15,3,0,3,0
2020-04-30,Mendocino,045,87422,12,11,0,11,0
2020-04-30,Merced,047,269075,200,122,0,122,3
2020-04-30,Modoc,049,8938,0,0,0,0,0
2020-04-30,Mono,051,14174,31,25,0,25,1
2020-04-30,Monterey,053,433212,274,213,0,213,5
2020-04-30,Napa,055,140530,84,69,0,69,2
2020-04-30,Nevada,057,99092,41,41,1,42,1
2020-04-30,Orange,059,3164182,3935,2591,27,2618,46
2020-04-30,Placer,061,380077,178,148,0,148,8
2020-04-30,Plumas,063,18699,4,4,0,4,0
2020-04-30,Riverside,065,2383286,4955,3820,15,3835,124
2020-04-30,Sacramento,067,1510023,1147,1071,0,1071,43
2020-04-30,San Benito,069,59416,54,48,0,48,2
2020-04-30,San Bernardino,071,2135413,2675,2020,2,2022,96
2020-04-30,San Diego,073,3302833,4608,3566,0,3566,124
2020-04-30,San Francisco,075,870044,1853,1518,0,1518,26
2020-04-30,San Joaquin,077,732212,601,548,3,551,25
2020-04-30,San Luis Obispo,079,281455,264,182,3,185,1
2020-04-30,San Mateo,081,765935,1457,1194,2,1196,52
2020-04-30,Santa Barbara,083,443738,542,490,3,493,7
2020-04-30,Santa Clara,085,1922200,2657,2172,8,2180,111
2020-04-30,Santa Cruz,087,273765,143,126,0,126,2
2020-04-30,Shasta,089,179085,39,31,0,31,4
2020-04-30,Sierra,091,2930,0,0,0,0,0
2020-04-30,Siskiyou,093,43540,5,5,0,5,0
2020-04-30,Solano,095,438530,337,262,0,262,4
2020-04-30,Sonoma,097,501317,289,233,0,233,3
2020-04-30,Stanislaus,099,539301,466,378,4,382,7
2020-04-30,Sutter,101,95872,31,28,0,28,2
2020-04-30,Tehama,103,63373,1,1,0,1,1
2020-04-30,Trinity,105,12862,1,0,0,0,0
2020-04-30,Tulare,107,460477,1129,637,6,643,31
2020-04-30,Tuolumne,109,53932,3,3,0,3,0
2020-04-30,Ventura,111,848112,721,547,1,548,18
2020-04-30,Yolo,113,214977,190,164,0,164,16
2020-04-30,Yuba,115,75493,19,15,0,15,1
2020-04-29,Alameda,001,1643700,1929,1564,2,1566,60
2020-04-29,Alpine,003,1148,1,1,0,1,0
2020-04-29,Amador,005,37829,8,8,0,8,0
2020-04-29,Butte,007,227075,28,16,1,17,0
2020-04-29,Calaveras,009,45235,13,13,0,13,0
2020-04-29,Colusa,011,21464,3,3,0,3,0
2020-04-29,Contra Costa,013,1133247,999,885,0,885,25
2020-04-29,Del Norte,015,27424,4,3,0,3,0
2020-04-29,El Dorado,017,186661,62,44,0,44,0
2020-04-29,Fresno,019,978130,1111,544,11,555,7
2020-04-29,Glenn,021,27897,7,4,0,4,0
2020-04-29,Humboldt,023,135768,60,53,0,53,0
2020-04-29,Imperial,025,180216,544,300,0,300,6
2020-04-29,Inyo,027,18085,19,20,0,20,1
2020-04-29,Kern,029,883053,1207,910,1,911,6
2020-04-29,Kings,031,150075,243,80,1,81,1
2020-04-29,Lake,033,64148,9,6,0,6,0
2020-04-29,Lassen,035,31185,3,0,2,2,0
2020-04-29,Los Angeles,037,10098052,29540,22560,15,22575,1043
2020-04-29,Madera,039,155013,86,45,1,46,2
2020-04-29,Marin,041,260295,250,234,1,235,13
2020-04-29,Mariposa,043,17540,15,1,0,1,0
2020-04-29,Mendocino,045,87422,12,11,0,11,0
2020-04-29,Merced,047,269075,193,116,0,116,3
2020-04-29,Modoc,049,8938,0,0,0,0,0
2020-04-29,Mono,051,14174,31,25,0,25,1
2020-04-29,Monterey,053,433212,266,204,0,204,5
2020-04-29,Napa,055,140530,82,68,0,68,2
2020-04-29,Nevada,057,99092,41,41,1,42,1
2020-04-29,Orange,059,3164182,3800,2421,26,2447,43
2020-04-29,Placer,061,380077,176,145,0,145,8
2020-04-29,Plumas,063,18699,4,4,0,4,0
2020-04-29,Riverside,065,2383286,4878,3700,15,3715,116
2020-04-29,Sacramento,067,1510023,1125,1055,0,1055,41
2020-04-29,San Benito,069,59416,54,48,0,48,2
2020-04-29,San Bernardino,071,2135413,2588,1975,1,1976,91
2020-04-29,San Diego,073,3302833,4466,3434,0,3434,120
2020-04-29,San Francisco,075,870044,1825,1489,0,1489,23
2020-04-29,San Joaquin,077,732212,593,540,3,543,25
2020-04-29,San Luis Obispo,079,281455,262,181,3,184,1
2020-04-29,San Mateo,081,765935,1431,1170,2,1172,50
2020-04-29,Santa Barbara,083,443738,529,477,3,480,7
2020-04-29,Santa Clara,085,1922200,2630,2147,8,2155,108
2020-04-29,Santa Cruz,087,273765,142,124,0,124,2
2020-04-29,Shasta,089,179085,38,31,0,31,4
2020-04-29,Sierra,091,2930,0,0,0,0,0
2020-04-29,Siskiyou,093,43540,5,5,0,5,0
2020-04-29,Solano,095,438530,313,252,0,252,3
2020-04-29,Sonoma,097,501317,281,230,0,230,2
2020-04-29,Stanislaus,099,539301,453,374,4,378,5
2020-04-29,Sutter,101,95872,31,28,0,28,2
2020-04-29,Tehama,103,63373,1,1,0,1,1
2020-04-29,Trinity,105,12862,1,0,0,0,0
2020-04-29,Tulare,107,460477,1056,615,5,620,30
2020-04-29,Tuolumne,109,53932,3,4,0,4,0
2020-04-29,Ventura,111,848112,697,530,1,531,18
2020-04-29,Yolo,113,214977,187,161,0,161,11
2020-04-29,Yuba,115,75493,19,15,0,15,1
2020-04-28,Alameda,001,1643700,1872,1525,2,1527,55
2020-04-28,Alpine,003,1148,1,1,0,1,0
2020-04-28,Amador,005,37829,8,8,0,8,0
2020-04-28,Butte,007,227075,28,16,1,17,0
2020-04-28,Calaveras,009,45235,13,13,0,13,0
2020-04-28,Colusa,011,21464,3,3,0,3,0
2020-04-28,Contra Costa,013,1133247,992,866,0,866,25
2020-04-28,Del Norte,015,27424,4,3,0,3,0
2020-04-28,El Dorado,017,186661,61,43,0,43,0
2020-04-28,Fresno,019,978130,1060,525,9,534,7
2020-04-28,Glenn,021,27897,5,4,0,4,0
2020-04-28,Humboldt,023,135768,59,53,0,53,0
2020-04-28,Imperial,025,180216,510,295,0,295,6
2020-04-28,Inyo,027,18085,19,20,0,20,1
2020-04-28,Kern,029,883053,1164,882,1,883,5
2020-04-28,Kings,031,150075,230,57,1,58,1
2020-04-28,Lake,033,64148,9,6,0,6,0
2020-04-28,Lassen,035,31185,3,0,2,2,0
2020-04-28,Los Angeles,037,10098052,28475,21029,15,21044,984
2020-04-28,Madera,039,155013,86,44,1,45,2
2020-04-28,Marin,041,260295,249,228,1,229,12
2020-04-28,Mariposa,043,17540,15,0,0,0,0
2020-04-28,Mendocino,045,87422,12,10,0,10,0
2020-04-28,Merced,047,269075,186,108,0,108,3
2020-04-28,Modoc,049,8938,0,0,0,0,0
2020-04-28,Mono,051,14174,31,25,0,25,1
2020-04-28,Monterey,053,433212,260,191,0,191,5
2020-04-28,Napa,055,140530,81,67,0,67,2
2020-04-28,Nevada,057,99092,41,41,1,42,1
2020-04-28,Orange,059,3164182,3637,2324,25,2349,42
2020-04-28,Placer,061,380077,166,143,0,143,8
2020-04-28,Plumas,063,18699,4,4,0,4,0
2020-04-28,Riverside,065,2383286,4783,3504,15,3519,113
2020-04-28,Sacramento,067,1510023,1110,1044,0,1044,41
2020-04-28,San Benito,069,59416,52,46,0,46,2
2020-04-28,San Bernardino,071,2135413,2511,1891,1,1892,89
2020-04-28,San Diego,073,3302833,4336,3316,0,3316,118
2020-04-28,San Francisco,075,870044,1790,1471,0,1471,23
2020-04-28,San Joaquin,077,732212,587,532,3,535,25
2020-04-28,San Luis Obispo,079,281455,255,172,3,175,1
2020-04-28,San Mateo,081,765935,1418,1129,2,1131,48
2020-04-28,Santa Barbara,083,443738,524,469,2,471,7
2020-04-28,Santa Clara,085,1922200,2596,2130,8,2138,106
2020-04-28,Santa Cruz,087,273765,142,123,0,123,2
2020-04-28,Shasta,089,179085,38,29,0,29,4
2020-04-28,Sierra,091,2930,0,0,0,0,0
2020-04-28,Siskiyou,093,43540,5,5,0,5,0
2020-04-28,Solano,095,438530,294,246,0,246,3
2020-04-28,Sonoma,097,501317,278,226,0,226,1
2020-04-28,Stanislaus,099,539301,437,330,4,334,5
2020-04-28,Sutter,101,95872,31,25,0,25,2
2020-04-28,Tehama,103,63373,1,1,0,1,1
2020-04-28,Trinity,105,12862,1,0,0,0,0
2020-04-28,Tulare,107,460477,960,579,5,584,30
2020-04-28,Tuolumne,109,53932,3,4,0,4,0
2020-04-28,Ventura,111,848112,677,517,1,518,17
2020-04-28,Yolo,113,214977,187,160,0,160,10
2020-04-28,Yuba,115,75493,19,15,0,15,1
2020-04-27,Alameda,001,1643700,1812,1494,2,1496,53
2020-04-27,Alpine,003,1148,1,1,0,1,0
2020-04-27,Amador,005,37829,8,8,0,8,0
2020-04-27,Butte,007,227075,27,16,1,17,0
2020-04-27,Calaveras,009,45235,13,13,0,13,0
2020-04-27,Colusa,011,21464,3,3,0,3,0
2020-04-27,Contra Costa,013,1133247,980,843,0,843,25
2020-04-27,Del Norte,015,27424,4,3,0,3,0
2020-04-27,El Dorado,017,186661,60,43,0,43,0
2020-04-27,Fresno,019,978130,957,504,8,512,7
2020-04-27,Glenn,021,27897,5,4,0,4,0
2020-04-27,Humboldt,023,135768,59,52,0,52,0
2020-04-27,Imperial,025,180216,480,290,0,290,6
2020-04-27,Inyo,027,18085,19,20,0,20,1
2020-04-27,Kern,029,883053,1125,865,1,866,4
2020-04-27,Kings,031,150075,207,48,1,49,1
2020-04-27,Lake,033,64148,8,6,0,6,0
2020-04-27,Lassen,035,31185,3,0,2,2,0
2020-04-27,Los Angeles,037,10098052,27457,20456,15,20471,931
2020-04-27,Madera,039,155013,84,42,1,43,2
2020-04-27,Marin,041,260295,244,227,1,228,12
2020-04-27,Mariposa,043,17540,14,0,0,0,0
2020-04-27,Mendocino,045,87422,12,10,0,10,0
2020-04-27,Merced,047,269075,183,108,0,108,3
2020-04-27,Modoc,049,8938,0,0,0,0,0
2020-04-27,Mono,051,14174,31,23,0,23,1
2020-04-27,Monterey,053,433212,253,185,0,185,4
2020-04-27,Napa,055,140530,77,64,0,64,2
2020-04-27,Nevada,057,99092,41,39,1,40,1
2020-04-27,Orange,059,3164182,3468,2198,25,2223,42
2020-04-27,Placer,061,380077,166,142,0,142,8
2020-04-27,Plumas,063,18699,4,4,0,4,0
2020-04-27,Riverside,065,2383286,4660,3381,15,3396,100
2020-04-27,Sacramento,067,1510023,1095,1035,0,1035,41
2020-04-27,San Benito,069,59416,50,45,0,45,2
2020-04-27,San Bernardino,071,2135413,2397,1742,1,1743,82
2020-04-27,San Diego,073,3302833,4210,3143,0,3143,113
2020-04-27,San Francisco,075,870044,1736,1453,0,1453,23
2020-04-27,San Joaquin,077,732212,581,522,3,525,25
2020-04-27,San Luis Obispo,079,281455,247,166,3,169,1
2020-04-27,San Mateo,081,765935,1396,1092,2,1094,46
2020-04-27,Santa Barbara,083,443738,516,466,2,468,7
2020-04-27,Santa Clara,085,1922200,2571,2104,7,2111,105
2020-04-27,Santa Cruz,087,273765,142,123,0,123,2
2020-04-27,Shasta,089,179085,38,29,0,29,4
2020-04-27,Sierra,091,2930,0,0,0,0,0
2020-04-27,Siskiyou,093,43540,5,5,0,5,0
2020-04-27,Solano,095,438530,294,222,0,222,3
2020-04-27,Sonoma,097,501317,269,220,0,220,1
2020-04-27,Stanislaus,099,539301,421,316,4,320,5
2020-04-27,Sutter,101,95872,29,26,0,26,2
2020-04-27,Tehama,103,63373,1,1,0,1,1
2020-04-27,Trinity,105,12862,1,0,0,0,0
2020-04-27,Tulare,107,460477,889,535,5,540,28
2020-04-27,Tuolumne,109,53932,3,3,0,3,0
2020-04-27,Ventura,111,848112,658,513,1,514,17
2020-04-27,Yolo,113,214977,184,160,0,160,9
2020-04-27,Yuba,115,75493,19,15,0,15,1
2020-04-26,Alameda,001,1643700,1751,1449,2,1451,52
2020-04-26,Alpine,003,1148,1,1,0,1,0
2020-04-26,Amador,005,37829,8,8,0,8,0
2020-04-26,Butte,007,227075,27,16,1,17,0
2020-04-26,Calaveras,009,45235,13,13,0,13,0
2020-04-26,Colusa,011,21464,3,3,0,3,0
2020-04-26,Contra Costa,013,1133247,964,830,0,830,25
2020-04-26,Del Norte,015,27424,3,3,0,3,0
2020-04-26,El Dorado,017,186661,58,41,0,41,0
2020-04-26,Fresno,019,978130,863,476,7,483,7
2020-04-26,Glenn,021,27897,5,4,0,4,0
2020-04-26,Humboldt,023,135768,59,53,0,53,0
2020-04-26,Imperial,025,180216,446,272,0,272,6
2020-04-26,Inyo,027,18085,19,20,0,20,1
2020-04-26,Kern,029,883053,1075,831,1,832,4
2020-04-26,Kings,031,150075,182,33,1,34,1
2020-04-26,Lake,033,64148,8,6,0,6,0
2020-04-26,Lassen,035,31185,3,0,2,2,0
2020-04-26,Los Angeles,037,10098052,26300,19570,15,19585,901
2020-04-26,Madera,039,155013,82,39,1,40,2
2020-04-26,Marin,041,260295,238,225,1,226,12
2020-04-26,Mariposa,043,17540,14,0,0,0,0
2020-04-26,Mendocino,045,87422,12,5,0,5,0
2020-04-26,Merced,047,269075,166,104,0,104,3
2020-04-26,Modoc,049,8938,0,0,0,0,0
2020-04-26,Mono,051,14174,31,23,0,23,1
2020-04-26,Monterey,053,433212,246,182,0,182,4
2020-04-26,Napa,055,140530,76,62,0,62,2
2020-04-26,Nevada,057,99092,41,37,1,38,1
2020-04-26,Orange,059,3164182,3303,2124,25,2149,40
2020-04-26,Placer,061,380077,165,141,0,141,8
2020-04-26,Plumas,063,18699,4,4,0,4,0
2020-04-26,Riverside,065,2383286,4517,3301,15,3316,95
2020-04-26,Sacramento,067,1510023,1086,1027,0,1027,41
2020-04-26,San Benito,069,59416,50,45,0,45,2
2020-04-26,San Bernardino,071,2135413,2301,1681,1,1682,82
2020-04-26,San Diego,073,3302833,4068,3045,0,3045,111
2020-04-26,San Francisco,075,870044,1697,1403,0,1403,23
2020-04-26,San Joaquin,077,732212,573,514,3,517,25
2020-04-26,San Luis Obispo,079,281455,244,165,3,168,1
2020-04-26,San Mateo,081,765935,1370,1070,2,1072,46
2020-04-26,Santa Barbara,083,443738,509,464,2,466,7
2020-04-26,Santa Clara,085,1922200,2548,2097,6,2103,102
2020-04-26,Santa Cruz,087,273765,142,116,0,116,2
2020-04-26,Shasta,089,179085,35,29,0,29,4
2020-04-26,Sierra,091,2930,0,0,0,0,0
2020-04-26,Siskiyou,093,43540,5,5,0,5,0
2020-04-26,Solano,095,438530,285,205,0,205,3
2020-04-26,Sonoma,097,501317,258,216,0,216,1
2020-04-26,Stanislaus,099,539301,406,294,4,298,4
2020-04-26,Sutter,101,95872,29,26,0,26,2
2020-04-26,Tehama,103,63373,1,1,0,1,1
2020-04-26,Trinity,105,12862,1,0,0,0,0
2020-04-26,Tulare,107,460477,830,497,5,502,28
2020-04-26,Tuolumne,109,53932,3,3,0,3,0
2020-04-26,Ventura,111,848112,640,509,1,510,17
2020-04-26,Yolo,113,214977,183,158,0,158,8
2020-04-26,Yuba,115,75493,18,15,0,15,1
2020-04-25,Alameda,001,1643700,1726,1396,2,1398,52
2020-04-25,Alpine,003,1148,1,1,0,1,0
2020-04-25,Amador,005,37829,8,8,0,8,0
2020-04-25,Butte,007,227075,26,16,1,17,0
2020-04-25,Calaveras,009,45235,13,12,0,12,0
2020-04-25,Colusa,011,21464,3,3,0,3,0
2020-04-25,Contra Costa,013,1133247,950,821,0,821,24
2020-04-25,Del Norte,015,27424,2,2,0,2,0
2020-04-25,El Dorado,017,186661,57,41,0,41,0
2020-04-25,Fresno,019,978130,831,459,6,465,7
2020-04-25,Glenn,021,27897,5,4,0,4,0
2020-04-25,Humboldt,023,135768,59,53,0,53,0
2020-04-25,Imperial,025,180216,429,232,0,232,6
2020-04-25,Inyo,027,18085,19,20,0,20,1
2020-04-25,Kern,029,883053,1044,802,1,803,4
2020-04-25,Kings,031,150075,170,33,1,34,1
2020-04-25,Lake,033,64148,6,6,0,6,0
2020-04-25,Lassen,035,31185,3,0,2,2,0
2020-04-25,Los Angeles,037,10098052,25666,19144,15,19159,881
2020-04-25,Madera,039,155013,79,39,1,40,2
2020-04-25,Marin,041,260295,238,215,1,216,12
2020-04-25,Mariposa,043,17540,14,0,0,0,0
2020-04-25,Mendocino,045,87422,11,5,0,5,0
2020-04-25,Merced,047,269075,166,103,0,103,3
2020-04-25,Modoc,049,8938,0,0,0,0,0
2020-04-25,Mono,051,14174,31,23,0,23,1
2020-04-25,Monterey,053,433212,244,173,0,173,4
2020-04-25,Napa,055,140530,76,60,0,60,2
2020-04-25,Nevada,057,99092,41,37,1,38,1
2020-04-25,Orange,059,3164182,3195,2047,25,2072,40
2020-04-25,Placer,061,380077,165,137,0,137,8
2020-04-25,Plumas,063,18699,4,4,0,4,0
2020-04-25,Riverside,065,2383286,4427,3037,15,3052,93
2020-04-25,Sacramento,067,1510023,1084,1015,0,1015,41
2020-04-25,San Benito,069,59416,50,45,0,45,2
2020-04-25,San Bernardino,071,2135413,2255,1675,1,1676,82
2020-04-25,San Diego,073,3302833,3967,2945,0,2945,111
2020-04-25,San Francisco,075,870044,1672,1341,0,1341,22
2020-04-25,San Joaquin,077,732212,566,497,3,500,24
2020-04-25,San Luis Obispo,079,281455,243,159,3,162,1
2020-04-25,San Mateo,081,765935,1352,1054,2,1056,46
2020-04-25,Santa Barbara,083,443738,502,457,2,459,7
2020-04-25,Santa Clara,085,1922200,2526,2045,5,2050,99
2020-04-25,Santa Cruz,087,273765,142,112,0,112,2
2020-04-25,Shasta,089,179085,35,29,0,29,4
2020-04-25,Sierra,091,2930,0,0,0,0,0
2020-04-25,Siskiyou,093,43540,5,5,0,5,0
2020-04-25,Solano,095,438530,281,203,0,203,3
2020-04-25,Sonoma,097,501317,254,199,0,199,1
2020-04-25,Stanislaus,099,539301,398,276,4,280,4
2020-04-25,Sutter,101,95872,29,24,0,24,2
2020-04-25,Tehama,103,63373,1,1,0,1,1
2020-04-25,Trinity,105,12862,0,0,0,0,0
2020-04-25,Tulare,107,460477,797,478,5,483,28
2020-04-25,Tuolumne,109,53932,3,2,0,2,0
2020-04-25,Ventura,111,848112,626,494,1,495,16
2020-04-25,Yolo,113,214977,183,157,0,157,8
2020-04-25,Yuba,115,75493,17,15,0,15,1
2020-04-24,Alameda,001,1643700,1695,1385,2,1387,50
2020-04-24,Alpine,003,1148,1,1,0,1,0
2020-04-24,Amador,005,37829,8,8,0,8,0
2020-04-24,Butte,007,227075,25,15,1,16,0
2020-04-24,Calaveras,009,45235,13,12,0,12,0
2020-04-24,Colusa,011,21464,3,3,0,3,0
2020-04-24,Contra Costa,013,1133247,941,806,0,806,23
2020-04-24,Del Norte,015,27424,2,2,0,2,0
2020-04-24,El Dorado,017,186661,56,41,0,41,0
2020-04-24,Fresno,019,978130,808,449,6,455,7
2020-04-24,Glenn,021,27897,5,4,0,4,0
2020-04-24,Humboldt,023,135768,59,53,0,53,0
2020-04-24,Imperial,025,180216,413,232,0,232,6
2020-04-24,Inyo,027,18085,19,20,0,20,0
2020-04-24,Kern,029,883053,1020,770,1,771,4
2020-04-24,Kings,031,150075,141,30,1,31,1
2020-04-24,Lake,033,64148,6,6,0,6,0
2020-04-24,Lassen,035,31185,3,0,2,2,0
2020-04-24,Los Angeles,037,10098052,24736,18553,15,18568,836
2020-04-24,Madera,039,155013,79,39,1,40,2
2020-04-24,Marin,041,260295,238,211,1,212,11
2020-04-24,Mariposa,043,17540,8,0,0,0,0
2020-04-24,Mendocino,045,87422,11,5,0,5,0
2020-04-24,Merced,047,269075,163,102,0,102,3
2020-04-24,Modoc,049,8938,0,0,0,0,0
2020-04-24,Mono,051,14174,30,23,0,23,1
2020-04-24,Monterey,053,433212,237,167,0,167,4
2020-04-24,Napa,055,140530,75,59,0,59,2
2020-04-24,Nevada,057,99092,41,36,1,37,1
2020-04-24,Orange,059,3164182,3088,1945,25,1970,39
2020-04-24,Placer,061,380077,163,137,0,137,8
2020-04-24,Plumas,063,18699,4,4,0,4,0
2020-04-24,Riverside,065,2383286,4346,3044,15,3059,87
2020-04-24,Sacramento,067,1510023,1078,1009,0,1009,41
2020-04-24,San Benito,069,59416,50,45,0,45,2
2020-04-24,San Bernardino,071,2135413,2220,1667,1,1668,80
2020-04-24,San Diego,073,3302833,3856,2828,0,2828,102
2020-04-24,San Francisco,075,870044,1614,1345,0,1345,22
2020-04-24,San Joaquin,077,732212,559,484,3,487,24
2020-04-24,San Luis Obispo,079,281455,240,151,3,154,1
2020-04-24,San Mateo,081,765935,1329,1004,2,1006,43
2020-04-24,Santa Barbara,083,443738,496,450,2,452,6
2020-04-24,Santa Clara,085,1922200,2484,2026,5,2031,98
2020-04-24,Santa Cruz,087,273765,138,111,0,111,2
2020-04-24,Shasta,089,179085,35,28,0,28,4
2020-04-24,Sierra,091,2930,0,0,0,0,0
2020-04-24,Siskiyou,093,43540,5,5,0,5,0
2020-04-24,Solano,095,438530,279,203,0,203,3
2020-04-24,Sonoma,097,501317,250,199,0,199,1
2020-04-24,Stanislaus,099,539301,395,273,4,277,4
2020-04-24,Sutter,101,95872,28,24,0,24,2
2020-04-24,Tehama,103,63373,1,1,0,1,1
2020-04-24,Trinity,105,12862,0,0,0,0,0
2020-04-24,Tulare,107,460477,769,459,5,464,27
2020-04-24,Tuolumne,109,53932,3,2,0,2,0
2020-04-24,Ventura,111,848112,616,489,1,490,16
2020-04-24,Yolo,113,214977,182,155,0,155,8
2020-04-24,Yuba,115,75493,16,15,0,15,1
2020-04-23,Alameda,001,1643700,1657,1336,2,1338,46
2020-04-23,Alpine,003,1148,1,1,0,1,0
2020-04-23,Amador,005,37829,8,8,0,8,0
2020-04-23,Butte,007,227075,25,15,1,16,0
2020-04-23,Calaveras,009,45235,13,12,0,12,0
2020-04-23,Colusa,011,21464,3,3,0,3,0
2020-04-23,Contra Costa,013,1133247,920,786,0,786,23
2020-04-23,Del Norte,015,27424,2,2,0,2,0
2020-04-23,El Dorado,017,186661,55,39,0,39,0
2020-04-23,Fresno,019,978130,770,426,6,432,7
2020-04-23,Glenn,021,27897,5,3,0,3,0
2020-04-23,Humboldt,023,135768,59,53,0,53,0
2020-04-23,Imperial,025,180216,392,181,0,181,4
2020-04-23,Inyo,027,18085,19,19,0,19,0
2020-04-23,Kern,029,883053,972,732,1,733,4
2020-04-23,Kings,031,150075,126,28,1,29,1
2020-04-23,Lake,033,64148,6,6,0,6,0
2020-04-23,Lassen,035,31185,3,0,2,2,0
2020-04-23,Los Angeles,037,10098052,23675,17548,14,17562,784
2020-04-23,Madera,039,155013,77,37,1,38,2
2020-04-23,Marin,041,260295,225,209,1,210,11
2020-04-23,Mariposa,043,17540,7,0,0,0,0
2020-04-23,Mendocino,045,87422,9,5,0,5,0
2020-04-23,Merced,047,269075,159,98,0,98,3
2020-04-23,Modoc,049,8938,0,0,0,0,0
2020-04-23,Mono,051,14174,30,23,0,23,1
2020-04-23,Monterey,053,433212,233,161,0,161,4
2020-04-23,Napa,055,140530,68,59,0,59,2
2020-04-23,Nevada,057,99092,41,36,1,37,1
2020-04-23,Orange,059,3164182,2910,1841,24,1865,37
2020-04-23,Placer,061,380077,160,136,0,136,8
2020-04-23,Plumas,063,18699,4,4,0,4,0
2020-04-23,Riverside,065,2383286,4232,2935,14,2949,78
2020-04-23,Sacramento,067,1510023,1066,978,0,978,41
2020-04-23,San Benito,069,59416,47,43,0,43,2
2020-04-23,San Bernardino,071,2135413,2155,1604,1,1605,79
2020-04-23,San Diego,073,3302833,3695,2645,0,2645,100
2020-04-23,San Francisco,075,870044,1589,1312,0,1312,21
2020-04-23,San Joaquin,077,732212,549,479,3,482,20
2020-04-23,San Luis Obispo,079,281455,236,146,3,149,1
2020-04-23,San Mateo,081,765935,1290,970,2,972,42
2020-04-23,Santa Barbara,083,443738,490,445,2,447,6
2020-04-23,Santa Clara,085,1922200,2449,1996,5,2001,95
2020-04-23,Santa Cruz,087,273765,137,110,0,110,2
2020-04-23,Shasta,089,179085,35,27,0,27,3
2020-04-23,Sierra,091,2930,0,0,0,0,0
2020-04-23,Siskiyou,093,43540,5,5,0,5,0
2020-04-23,Solano,095,438530,265,196,0,196,3
2020-04-23,Sonoma,097,501317,238,187,0,187,1
2020-04-23,Stanislaus,099,539301,391,254,4,258,4
2020-04-23,Sutter,101,95872,28,24,0,24,2
2020-04-23,Tehama,103,63373,1,1,0,1,1
2020-04-23,Trinity,105,12862,0,0,0,0,0
2020-04-23,Tulare,107,460477,740,440,5,445,25
2020-04-23,Tuolumne,109,53932,3,2,0,2,0
2020-04-23,Ventura,111,848112,602,479,1,480,16
2020-04-23,Yolo,113,214977,179,151,0,151,8
2020-04-23,Yuba,115,75493,16,15,0,15,1
2020-04-22,Alameda,001,1643700,1608,1275,2,1277,46
2020-04-22,Alpine,003,1148,1,1,0,1,0
2020-04-22,Amador,005,37829,8,7,0,7,0
2020-04-22,Butte,007,227075,24,15,1,16,0
2020-04-22,Calaveras,009,45235,13,12,0,12,0
2020-04-22,Colusa,011,21464,3,3,0,3,0
2020-04-22,Contra Costa,013,1133247,905,772,0,772,22
2020-04-22,Del Norte,015,27424,2,2,0,2,0
2020-04-22,El Dorado,017,186661,55,39,0,39,0
2020-04-22,Fresno,019,978130,730,388,6,394,7
2020-04-22,Glenn,021,27897,5,3,0,3,0
2020-04-22,Humboldt,023,135768,59,53,0,53,0
2020-04-22,Imperial,025,180216,381,170,0,170,3
2020-04-22,Inyo,027,18085,19,18,0,18,0
2020-04-22,Kern,029,883053,950,713,1,714,4
2020-04-22,Kings,031,150075,105,28,1,29,1
2020-04-22,Lake,033,64148,6,6,0,6,0
2020-04-22,Lassen,035,31185,3,0,2,2,0
2020-04-22,Los Angeles,037,10098052,22648,16400,14,16414,715
2020-04-22,Madera,039,155013,75,37,1,38,2
2020-04-22,Marin,041,260295,223,202,1,203,11
2020-04-22,Mariposa,043,17540,6,0,0,0,0
2020-04-22,Mendocino,045,87422,6,5,0,5,0
2020-04-22,Merced,047,269075,147,92,0,92,3
2020-04-22,Modoc,049,8938,0,0,0,0,0
2020-04-22,Mono,051,14174,29,23,0,23,1
2020-04-22,Monterey,053,433212,226,154,0,154,4
2020-04-22,Napa,055,140530,67,58,0,58,2
2020-04-22,Nevada,057,99092,41,36,1,37,1
2020-04-22,Orange,059,3164182,2816,1785,23,1808,36
2020-04-22,Placer,061,380077,158,133,0,133,8
2020-04-22,Plumas,063,18699,4,4,0,4,0
2020-04-22,Riverside,065,2383286,4128,2822,14,2836,76
2020-04-22,Sacramento,067,1510023,1061,959,0,959,36
2020-04-22,San Benito,069,59416,46,43,0,43,2
2020-04-22,San Bernardino,071,2135413,2092,1564,1,1565,74
2020-04-22,San Diego,073,3302833,3567,2493,0,2493,96
2020-04-22,San Francisco,075,870044,1552,1255,0,1255,21
2020-04-22,San Joaquin,077,732212,538,462,3,465,20
2020-04-22,San Luis Obispo,079,281455,227,142,3,145,1
2020-04-22,San Mateo,081,765935,1267,945,2,947,40
2020-04-22,Santa Barbara,083,443738,485,437,2,439,6
2020-04-22,Santa Clara,085,1922200,2433,1969,5,1974,95
2020-04-22,Santa Cruz,087,273765,133,106,0,106,2
2020-04-22,Shasta,089,179085,34,26,0,26,3
2020-04-22,Sierra,091,2930,0,0,0,0,0
2020-04-22,Siskiyou,093,43540,5,5,0,5,0
2020-04-22,Solano,095,438530,247,195,0,195,3
2020-04-22,Sonoma,097,501317,235,185,0,185,1
2020-04-22,Stanislaus,099,539301,334,247,4,251,4
2020-04-22,Sutter,101,95872,28,22,0,22,2
2020-04-22,Tehama,103,63373,1,1,0,1,1
2020-04-22,Trinity,105,12862,0,0,0,0,0
2020-04-22,Tulare,107,460477,706,425,5,430,23
2020-04-22,Tuolumne,109,53932,3,2,0,2,0
2020-04-22,Ventura,111,848112,591,465,1,466,15
2020-04-22,Yolo,113,214977,178,147,0,147,8
2020-04-22,Yuba,115,75493,16,15,0,15,1
2020-04-21,Alameda,001,1643700,1578,1234,2,1236,46
2020-04-21,Alpine,003,1148,1,1,0,1,0
2020-04-21,Amador,005,37829,8,7,0,7,0
2020-04-21,Butte,007,227075,23,15,1,16,0
2020-04-21,Calaveras,009,45235,12,12,0,12,0
2020-04-21,Colusa,011,21464,3,3,0,3,0
2020-04-21,Contra Costa,013,1133247,891,766,0,766,22
2020-04-21,Del Norte,015,27424,2,2,0,2,0
2020-04-21,El Dorado,017,186661,54,36,0,36,0
2020-04-21,Fresno,019,978130,696,372,6,378,7
2020-04-21,Glenn,021,27897,5,3,0,3,0
2020-04-21,Humboldt,023,135768,58,53,0,53,0
2020-04-21,Imperial,025,180216,361,165,0,165,2
2020-04-21,Inyo,027,18085,19,18,0,18,0
2020-04-21,Kern,029,883053,908,676,1,677,4
2020-04-21,Kings,031,150075,91,28,1,29,1
2020-04-21,Lake,033,64148,6,6,0,6,0
2020-04-21,Lassen,035,31185,3,0,2,2,0
2020-04-21,Los Angeles,037,10098052,21788,15096,14,15110,650
2020-04-21,Madera,039,155013,75,37,1,38,2
2020-04-21,Marin,041,260295,217,202,1,203,10
2020-04-21,Mariposa,043,17540,5,0,0,0,0
2020-04-21,Mendocino,045,87422,6,5,0,5,0
2020-04-21,Merced,047,269075,143,89,0,89,3
2020-04-21,Modoc,049,8938,0,0,0,0,0
2020-04-21,Mono,051,14174,29,23,0,23,1
2020-04-21,Monterey,053,433212,223,151,0,151,4
2020-04-21,Napa,055,140530,66,58,0,58,2
2020-04-21,Nevada,057,99092,41,36,1,37,1
2020-04-21,Orange,059,3164182,2693,1717,22,1739,36
2020-04-21,Placer,061,380077,156,133,0,133,8
2020-04-21,Plumas,063,18699,4,4,0,4,0
2020-04-21,Riverside,065,2383286,3996,2631,14,2645,68
2020-04-21,Sacramento,067,1510023,1051,941,0,941,33
2020-04-21,San Benito,069,59416,44,43,0,43,2
2020-04-21,San Bernardino,071,2135413,2031,1499,1,1500,71
2020-04-21,San Diego,073,3302833,3411,2436,0,2436,87
2020-04-21,San Francisco,075,870044,1522,1232,0,1232,20
2020-04-21,San Joaquin,077,732212,528,447,3,450,20
2020-04-21,San Luis Obispo,079,281455,219,134,3,137,1
2020-04-21,San Mateo,081,765935,1221,933,2,935,34
2020-04-21,Santa Barbara,083,443738,476,414,2,416,5
2020-04-21,Santa Clara,085,1922200,2383,1943,5,1948,91
2020-04-21,Santa Cruz,087,273765,131,104,0,104,2
2020-04-21,Shasta,089,179085,33,26,0,26,3
2020-04-21,Sierra,091,2930,0,0,0,0,0
2020-04-21,Siskiyou,093,43540,5,5,0,5,0
2020-04-21,Solano,095,438530,239,193,0,193,3
2020-04-21,Sonoma,097,501317,225,182,0,182,1
2020-04-21,Stanislaus,099,539301,315,235,4,239,4
2020-04-21,Sutter,101,95872,28,22,0,22,2
2020-04-21,Tehama,103,63373,1,1,0,1,1
2020-04-21,Trinity,105,12862,0,0,0,0,0
2020-04-21,Tulare,107,460477,669,410,5,415,23
2020-04-21,Tuolumne,109,53932,3,2,0,2,0
2020-04-21,Ventura,111,848112,579,455,1,456,14
2020-04-21,Yolo,113,214977,176,143,0,143,8
2020-04-21,Yuba,115,75493,16,15,0,15,1
2020-04-20,Alameda,001,1643700,1545,1181,2,1183,42
2020-04-20,Alpine,003,1148,1,1,0,1,0
2020-04-20,Amador,005,37829,8,7,0,7,0
2020-04-20,Butte,007,227075,23,15,1,16,0
2020-04-20,Calaveras,009,45235,12,12,0,12,0
2020-04-20,Colusa,011,21464,3,3,0,3,0
2020-04-20,Contra Costa,013,1133247,881,753,0,753,22
2020-04-20,Del Norte,015,27424,2,2,0,2,0
2020-04-20,El Dorado,017,186661,54,36,0,36,0
2020-04-20,Fresno,019,978130,678,356,6,362,7
2020-04-20,Glenn,021,27897,4,3,0,3,0
2020-04-20,Humboldt,023,135768,58,53,0,53,0
2020-04-20,Imperial,025,180216,342,149,0,149,2
2020-04-20,Inyo,027,18085,19,17,0,17,0
2020-04-20,Kern,029,883053,876,651,1,652,3
2020-04-20,Kings,031,150075,80,19,1,20,1
2020-04-20,Lake,033,64148,6,6,0,6,0
2020-04-20,Lassen,035,31185,3,0,2,2,0
2020-04-20,Los Angeles,037,10098052,20871,13787,14,13801,608
2020-04-20,Madera,039,155013,74,35,1,36,2
2020-04-20,Marin,041,260295,213,200,1,201,10
2020-04-20,Mariposa,043,17540,5,0,0,0,0
2020-04-20,Mendocino,045,87422,6,5,0,5,0
2020-04-20,Merced,047,269075,136,88,0,88,3
2020-04-20,Modoc,049,8938,0,0,0,0,0
2020-04-20,Mono,051,14174,29,23,0,23,1
2020-04-20,Monterey,053,433212,214,147,0,147,4
2020-04-20,Napa,055,140530,66,55,0,55,2
2020-04-20,Nevada,057,99092,41,34,1,35,1
2020-04-20,Orange,059,3164182,2609,1679,22,1701,33
2020-04-20,Placer,061,380077,155,132,0,132,8
2020-04-20,Plumas,063,18699,4,4,0,4,0
2020-04-20,Riverside,065,2383286,3871,2477,14,2491,61
2020-04-20,Sacramento,067,1510023,1041,924,0,924,32
2020-04-20,San Benito,069,59416,44,43,0,43,2
2020-04-20,San Bernardino,071,2135413,1944,1344,1,1345,63
2020-04-20,San Diego,073,3302833,3269,2327,0,2327,72
2020-04-20,San Francisco,075,870044,1490,1223,0,1223,19
2020-04-20,San Joaquin,077,732212,524,422,3,425,17
2020-04-20,San Luis Obispo,079,281455,205,132,3,135,1
2020-04-20,San Mateo,081,765935,1198,890,2,892,31
2020-04-20,Santa Barbara,083,443738,469,388,2,390,4
2020-04-20,Santa Clara,085,1922200,2352,1920,5,1925,84
2020-04-20,Santa Cruz,087,273765,129,102,0,102,2
2020-04-20,Shasta,089,179085,33,26,0,26,3
2020-04-20,Sierra,091,2930,0,0,0,0,0
2020-04-20,Siskiyou,093,43540,5,5,0,5,0
2020-04-20,Solano,095,438530,236,185,0,185,2
2020-04-20,Sonoma,097,501317,217,178,0,178,1
2020-04-20,Stanislaus,099,539301,301,228,4,232,3
2020-04-20,Sutter,101,95872,27,22,0,22,2
2020-04-20,Tehama,103,63373,1,1,0,1,1
2020-04-20,Trinity,105,12862,0,0,0,0,0
2020-04-20,Tulare,107,460477,659,401,5,406,20
2020-04-20,Tuolumne,109,53932,3,2,0,2,0
2020-04-20,Ventura,111,848112,565,426,1,427,13
2020-04-20,Yolo,113,214977,175,125,0,125,5
2020-04-20,Yuba,115,75493,16,15,0,15,1
2020-04-19,Alameda,001,1643700,1495,1134,2,1136,41
2020-04-19,Alpine,003,1148,1,1,0,1,0
2020-04-19,Amador,005,37829,7,7,0,7,0
2020-04-19,Butte,007,227075,22,15,1,16,0
2020-04-19,Calaveras,009,45235,12,12,0,12,0
2020-04-19,Colusa,011,21464,3,3,0,3,0
2020-04-19,Contra Costa,013,1133247,865,731,0,731,20
2020-04-19,Del Norte,015,27424,2,2,0,2,0
2020-04-19,El Dorado,017,186661,54,36,0,36,0
2020-04-19,Fresno,019,978130,642,326,6,332,7
2020-04-19,Glenn,021,27897,4,3,0,3,0
2020-04-19,Humboldt,023,135768,58,53,0,53,0
2020-04-19,Imperial,025,180216,316,144,0,144,2
2020-04-19,Inyo,027,18085,19,17,0,17,0
2020-04-19,Kern,029,883053,851,629,1,630,3
2020-04-19,Kings,031,150075,70,17,1,18,1
2020-04-19,Lake,033,64148,6,6,0,6,0
2020-04-19,Lassen,035,31185,3,0,2,2,0
2020-04-19,Los Angeles,037,10098052,19874,12299,14,12313,589
2020-04-19,Madera,039,155013,72,34,1,35,2
2020-04-19,Marin,041,260295,212,194,1,195,10
2020-04-19,Mariposa,043,17540,2,0,0,0,0
2020-04-19,Mendocino,045,87422,6,4,0,4,0
2020-04-19,Merced,047,269075,131,85,0,85,3
2020-04-19,Modoc,049,8938,0,0,0,0,0
2020-04-19,Mono,051,14174,29,23,0,23,1
2020-04-19,Monterey,053,433212,205,140,0,140,4
2020-04-19,Napa,055,140530,64,49,0,49,2
2020-04-19,Nevada,057,99092,40,34,1,35,1
2020-04-19,Orange,059,3164182,2512,1591,21,1612,32
2020-04-19,Placer,061,380077,154,131,0,131,8
2020-04-19,Plumas,063,18699,4,4,0,4,0
2020-04-19,Riverside,065,2383286,3728,2316,14,2330,56
2020-04-19,Sacramento,067,1510023,1014,912,0,912,32
2020-04-19,San Benito,069,59416,42,40,0,40,2
2020-04-19,San Bernardino,071,2135413,1881,1262,1,1263,58
2020-04-19,San Diego,073,3302833,3102,2270,0,2270,71
2020-04-19,San Francisco,075,870044,1457,1153,0,1153,19
2020-04-19,San Joaquin,077,732212,506,404,3,407,17
2020-04-19,San Luis Obispo,079,281455,200,132,3,135,1
2020-04-19,San Mateo,081,765935,1162,845,2,847,31
2020-04-19,Santa Barbara,083,443738,462,377,2,379,3
2020-04-19,Santa Clara,085,1922200,2307,1878,5,1883,81
2020-04-19,Santa Cruz,087,273765,126,98,0,98,2
2020-04-19,Shasta,089,179085,31,26,0,26,3
2020-04-19,Sierra,091,2930,0,0,0,0,0
2020-04-19,Siskiyou,093,43540,5,5,0,5,0
2020-04-19,Solano,095,438530,228,174,0,174,2
2020-04-19,Sonoma,097,501317,211,172,0,172,1
2020-04-19,Stanislaus,099,539301,293,221,4,225,3
2020-04-19,Sutter,101,95872,26,21,0,21,2
2020-04-19,Tehama,103,63373,1,1,0,1,1
2020-04-19,Trinity,105,12862,0,0,0,0,0
2020-04-19,Tulare,107,460477,613,391,5,396,17
2020-04-19,Tuolumne,109,53932,3,2,0,2,0
2020-04-19,Ventura,111,848112,557,418,1,419,13
2020-04-19,Yolo,113,214977,175,120,0,120,5
2020-04-19,Yuba,115,75493,16,15,0,15,1
2020-04-18,Alameda,001,1643700,1470,1085,2,1087,40
2020-04-18,Alpine,003,1148,1,1,0,1,0
2020-04-18,Amador,005,37829,7,7,0,7,0
2020-04-18,Butte,007,227075,21,15,1,16,0
2020-04-18,Calaveras,009,45235,12,12,0,12,0
2020-04-18,Colusa,011,21464,3,3,0,3,0
2020-04-18,Contra Costa,013,1133247,853,721,0,721,17
2020-04-18,Del Norte,015,27424,2,2,0,2,0
2020-04-18,El Dorado,017,186661,54,36,0,36,0
2020-04-18,Fresno,019,978130,622,319,6,325,7
2020-04-18,Glenn,021,27897,4,3,0,3,0
2020-04-18,Humboldt,023,135768,58,52,0,52,0
2020-04-18,Imperial,025,180216,307,137,0,137,2
2020-04-18,Inyo,027,18085,19,17,0,17,0
2020-04-18,Kern,029,883053,829,626,1,627,3
2020-04-18,Kings,031,150075,69,17,1,18,1
2020-04-18,Lake,033,64148,6,6,0,6,0
2020-04-18,Lassen,035,31185,3,0,2,2,0
2020-04-18,Los Angeles,037,10098052,19346,11984,14,11998,566
2020-04-18,Madera,039,155013,71,34,1,35,2
2020-04-18,Marin,041,260295,210,193,1,194,10
2020-04-18,Mariposa,043,17540,2,0,0,0,0
2020-04-18,Mendocino,045,87422,6,4,0,4,0
2020-04-18,Merced,047,269075,129,82,0,82,3
2020-04-18,Modoc,049,8938,0,0,0,0,0
2020-04-18,Mono,051,14174,29,22,0,22,1
2020-04-18,Monterey,053,433212,201,135,0,135,3
2020-04-18,Napa,055,140530,64,49,0,49,2
2020-04-18,Nevada,057,99092,39,34,1,35,1
2020-04-18,Orange,059,3164182,2448,1569,20,1589,32
2020-04-18,Placer,061,380077,152,130,0,130,8
2020-04-18,Plumas,063,18699,4,4,0,4,0
2020-04-18,Riverside,065,2383286,3653,2257,14,2271,56
2020-04-18,Sacramento,067,1510023,1002,901,0,901,32
2020-04-18,San Benito,069,59416,42,40,0,40,2
2020-04-18,San Bernardino,071,2135413,1836,1255,1,1256,58
2020-04-18,San Diego,073,3302833,3000,2215,0,2215,71
2020-04-18,San Francisco,075,870044,1418,1144,0,1144,19
2020-04-18,San Joaquin,077,732212,497,392,3,395,17
2020-04-18,San Luis Obispo,079,281455,196,129,3,132,1
2020-04-18,San Mateo,081,765935,1140,821,2,823,31
2020-04-18,Santa Barbara,083,443738,456,372,2,374,3
2020-04-18,Santa Clara,085,1922200,2274,1862,5,1867,79
2020-04-18,Santa Cruz,087,273765,124,96,0,96,2
2020-04-18,Shasta,089,179085,31,26,0,26,3
2020-04-18,Sierra,091,2930,0,0,0,0,0
2020-04-18,Siskiyou,093,43540,5,5,0,5,0
2020-04-18,Solano,095,438530,225,175,0,175,2
2020-04-18,Sonoma,097,501317,207,168,0,168,1
2020-04-18,Stanislaus,099,539301,285,216,4,220,3
2020-04-18,Sutter,101,95872,26,21,0,21,2
2020-04-18,Tehama,103,63373,1,1,0,1,1
2020-04-18,Trinity,105,12862,0,0,0,0,0
2020-04-18,Tulare,107,460477,602,385,5,390,17
2020-04-18,Tuolumne,109,53932,3,2,0,2,0
2020-04-18,Ventura,111,848112,549,416,1,417,13
2020-04-18,Yolo,113,214977,173,118,0,118,5
2020-04-18,Yuba,115,75493,16,14,0,14,1
2020-04-17,Alameda,001,1643700,1414,1043,1,1044,40
2020-04-17,Alpine,003,1148,1,1,0,1,0
2020-04-17,Amador,005,37829,7,7,0,7,0
2020-04-17,Butte,007,227075,21,15,1,16,0
2020-04-17,Calaveras,009,45235,12,11,0,11,0
2020-04-17,Colusa,011,21464,3,3,0,3,0
2020-04-17,Contra Costa,013,1133247,842,687,0,687,15
2020-04-17,Del Norte,015,27424,2,2,0,2,0
2020-04-17,El Dorado,017,186661,54,35,0,35,0
2020-04-17,Fresno,019,978130,600,315,6,321,7
2020-04-17,Glenn,021,27897,4,3,0,3,0
2020-04-17,Humboldt,023,135768,57,52,0,52,0
2020-04-17,Imperial,025,180216,298,135,0,135,2
2020-04-17,Inyo,027,18085,19,17,0,17,0
2020-04-17,Kern,029,883053,809,612,1,613,3
2020-04-17,Kings,031,150075,67,15,1,16,1
2020-04-17,Lake,033,64148,6,6,0,6,0
2020-04-17,Lassen,035,31185,3,0,2,2,0
2020-04-17,Los Angeles,037,10098052,18705,11354,14,11368,489
2020-04-17,Madera,039,155013,71,34,1,35,2
2020-04-17,Marin,041,260295,207,189,1,190,10
2020-04-17,Mariposa,043,17540,1,0,0,0,0
2020-04-17,Mendocino,045,87422,6,4,0,4,0
2020-04-17,Merced,047,269075,128,80,0,80,3
2020-04-17,Modoc,049,8938,0,0,0,0,0
2020-04-17,Mono,051,14174,29,22,0,22,1
2020-04-17,Monterey,053,433212,196,119,0,119,3
2020-04-17,Napa,055,140530,62,46,0,46,2
2020-04-17,Nevada,057,99092,38,34,1,35,1
2020-04-17,Orange,059,3164182,2397,1496,20,1516,31
2020-04-17,Placer,061,380077,152,130,0,130,8
2020-04-17,Plumas,063,18699,4,4,0,4,0
2020-04-17,Riverside,065,2383286,3526,2080,14,2094,50
2020-04-17,Sacramento,067,1510023,995,882,0,882,32
2020-04-17,San Benito,069,59416,42,38,0,38,2
2020-04-17,San Bernardino,071,2135413,1797,1229,1,1230,57
2020-04-17,San Diego,073,3302833,2910,2160,0,2160,70
2020-04-17,San Francisco,075,870044,1392,1090,0,1090,19
2020-04-17,San Joaquin,077,732212,486,356,3,359,17
2020-04-17,San Luis Obispo,079,281455,189,116,3,119,1
2020-04-17,San Mateo,081,765935,1124,768,2,770,31
2020-04-17,Santa Barbara,083,443738,451,349,2,351,3
2020-04-17,Santa Clara,085,1922200,2238,1834,5,1839,74
2020-04-17,Santa Cruz,087,273765,123,94,0,94,2
2020-04-17,Shasta,089,179085,31,26,0,26,3
2020-04-17,Sierra,091,2930,0,0,0,0,0
2020-04-17,Siskiyou,093,43540,5,5,0,5,0
2020-04-17,Solano,095,438530,224,173,0,173,2
2020-04-17,Sonoma,097,501317,204,167,0,167,1
2020-04-17,Stanislaus,099,539301,283,201,4,205,3
2020-04-17,Sutter,101,95872,26,20,0,20,2
2020-04-17,Tehama,103,63373,1,1,0,1,1
2020-04-17,Trinity,105,12862,0,0,0,0,0
2020-04-17,Tulare,107,460477,595,370,5,375,17
2020-04-17,Tuolumne,109,53932,3,2,0,2,0
2020-04-17,Ventura,111,848112,544,398,1,399,13
2020-04-17,Yolo,113,214977,172,117,0,117,5
2020-04-17,Yuba,115,75493,16,14,0,14,1
2020-04-16,Alameda,001,1643700,1380,981,1,982,39
2020-04-16,Alpine,003,1148,1,1,0,1,0
2020-04-16,Amador,005,37829,7,7,0,7,0
2020-04-16,Butte,007,227075,20,15,1,16,0
2020-04-16,Calaveras,009,45235,12,10,0,10,0
2020-04-16,Colusa,011,21464,3,3,0,3,0
2020-04-16,Contra Costa,013,1133247,828,675,0,675,14
2020-04-16,Del Norte,015,27424,2,2,0,2,0
2020-04-16,El Dorado,017,186661,53,34,0,34,0
2020-04-16,Fresno,019,978130,570,289,6,295,7
2020-04-16,Glenn,021,27897,4,3,0,3,0
2020-04-16,Humboldt,023,135768,57,47,0,47,0
2020-04-16,Imperial,025,180216,284,132,0,132,2
2020-04-16,Inyo,027,18085,17,17,0,17,0
2020-04-16,Kern,029,883053,782,587,1,588,3
2020-04-16,Kings,031,150075,63,12,1,13,1
2020-04-16,Lake,033,64148,6,6,0,6,0
2020-04-16,Lassen,035,31185,3,0,2,2,0
2020-04-16,Los Angeles,037,10098052,17814,10786,14,10800,447
2020-04-16,Madera,039,155013,69,34,1,35,2
2020-04-16,Marin,041,260295,203,170,1,171,10
2020-04-16,Mariposa,043,17540,1,1,0,1,0
2020-04-16,Mendocino,045,87422,6,4,0,4,0
2020-04-16,Merced,047,269075,122,76,0,76,3
2020-04-16,Modoc,049,8938,0,0,0,0,0
2020-04-16,Mono,051,14174,29,22,0,22,1
2020-04-16,Monterey,053,433212,193,116,0,116,3
2020-04-16,Napa,055,140530,59,44,0,44,2
2020-04-16,Nevada,057,99092,38,34,1,35,1
2020-04-16,Orange,059,3164182,2332,1439,19,1458,28
2020-04-16,Placer,061,380077,150,129,0,129,7
2020-04-16,Plumas,063,18699,4,4,0,4,0
2020-04-16,Riverside,065,2383286,3406,1913,14,1927,45
2020-04-16,Sacramento,067,1510023,987,865,0,865,32
2020-04-16,San Benito,069,59416,42,36,0,36,2
2020-04-16,San Bernardino,071,2135413,1715,1143,0,1143,54
2020-04-16,San Diego,073,3302833,2802,2089,0,2089,63
2020-04-16,San Francisco,075,870044,1348,1039,0,1039,16
2020-04-16,San Joaquin,077,732212,471,345,3,348,17
2020-04-16,San Luis Obispo,079,281455,185,113,3,116,1
2020-04-16,San Mateo,081,765935,1095,745,2,747,29
2020-04-16,Santa Barbara,083,443738,440,331,2,333,3
2020-04-16,Santa Clara,085,1922200,2201,1789,5,1794,70
2020-04-16,Santa Cruz,087,273765,121,90,0,90,2
2020-04-16,Shasta,089,179085,31,25,0,25,3
2020-04-16,Sierra,091,2930,0,0,0,0,0
2020-04-16,Siskiyou,093,43540,5,5,0,5,0
2020-04-16,Solano,095,438530,221,162,0,162,2
2020-04-16,Sonoma,097,501317,199,145,0,145,1
2020-04-16,Stanislaus,099,539301,280,185,4,189,3
2020-04-16,Sutter,101,95872,25,21,0,21,2
2020-04-16,Tehama,103,63373,1,1,0,1,1
2020-04-16,Trinity,105,12862,0,0,0,0,0
2020-04-16,Tulare,107,460477,578,305,5,310,16
2020-04-16,Tuolumne,109,53932,3,1,0,1,0
2020-04-16,Ventura,111,848112,532,384,1,385,13
2020-04-16,Yolo,113,214977,170,98,0,98,4
2020-04-16,Yuba,115,75493,15,14,0,14,1
2020-04-15,Alameda,001,1643700,1330,915,1,916,38
2020-04-15,Alpine,003,1148,1,1,0,1,0
2020-04-15,Amador,005,37829,7,7,0,7,0
2020-04-15,Butte,007,227075,20,14,1,15,0
2020-04-15,Calaveras,009,45235,11,9,0,9,0
2020-04-15,Colusa,011,21464,3,3,0,3,0
2020-04-15,Contra Costa,013,1133247,806,645,0,645,14
2020-04-15,Del Norte,015,27424,2,2,0,2,0
2020-04-15,El Dorado,017,186661,51,33,0,33,0
2020-04-15,Fresno,019,978130,544,264,6,270,7
2020-04-15,Glenn,021,27897,4,3,0,3,0
2020-04-15,Humboldt,023,135768,57,47,0,47,0
2020-04-15,Imperial,025,180216,257,115,0,115,2
2020-04-15,Inyo,027,18085,17,12,0,12,0
2020-04-15,Kern,029,883053,760,500,1,501,3
2020-04-15,Kings,031,150075,59,12,1,13,1
2020-04-15,Lake,033,64148,6,4,0,4,0
2020-04-15,Lassen,035,31185,3,0,2,2,0
2020-04-15,Los Angeles,037,10098052,16984,10416,13,10429,394
2020-04-15,Madera,039,155013,69,30,1,31,2
2020-04-15,Marin,041,260295,200,162,1,163,10
2020-04-15,Mariposa,043,17540,0,0,0,0,0
2020-04-15,Mendocino,045,87422,5,4,0,4,0
2020-04-15,Merced,047,269075,120,74,0,74,3
2020-04-15,Modoc,049,8938,0,0,0,0,0
2020-04-15,Mono,051,14174,29,22,0,22,1
2020-04-15,Monterey,053,433212,185,106,0,106,3
2020-04-15,Napa,055,140530,56,34,0,34,2
2020-04-15,Nevada,057,99092,37,34,1,35,1
2020-04-15,Orange,059,3164182,2229,1377,19,1396,24
2020-04-15,Placer,061,380077,149,123,0,123,6
2020-04-15,Plumas,063,18699,4,4,0,4,0
2020-04-15,Riverside,065,2383286,3211,1723,14,1737,42
2020-04-15,Sacramento,067,1510023,978,839,0,839,32
2020-04-15,San Benito,069,59416,42,34,0,34,2
2020-04-15,San Bernardino,071,2135413,1645,1063,0,1063,45
2020-04-15,San Diego,073,3302833,2714,2014,0,2014,60
2020-04-15,San Francisco,075,870044,1312,1006,0,1006,16
2020-04-15,San Joaquin,077,732212,463,329,3,332,17
2020-04-15,San Luis Obispo,079,281455,177,112,3,115,1
2020-04-15,San Mateo,081,765935,1046,707,2,709,28
2020-04-15,Santa Barbara,083,443738,424,317,2,319,2
2020-04-15,Santa Clara,085,1922200,2162,1692,5,1697,69
2020-04-15,Santa Cruz,087,273765,117,92,0,92,2
2020-04-15,Shasta,089,179085,31,25,0,25,3
2020-04-15,Sierra,091,2930,0,0,0,0,0
2020-04-15,Siskiyou,093,43540,5,5,0,5,0
2020-04-15,Solano,095,438530,216,153,0,153,2
2020-04-15,Sonoma,097,501317,197,140,0,140,1
2020-04-15,Stanislaus,099,539301,273,174,4,178,3
2020-04-15,Sutter,101,95872,25,19,0,19,2
2020-04-15,Tehama,103,63373,1,1,0,1,1
2020-04-15,Trinity,105,12862,0,0,0,0,0
2020-04-15,Tulare,107,460477,560,289,5,294,14
2020-04-15,Tuolumne,109,53932,3,1,0,1,0
2020-04-15,Ventura,111,848112,517,365,1,366,13
2020-04-15,Yolo,113,214977,163,93,0,93,3
2020-04-15,Yuba,115,75493,15,15,0,15,1
2020-04-14,Alameda,001,1643700,1285,843,1,844,30
2020-04-14,Alpine,003,1148,1,1,0,1,0
2020-04-14,Amador,005,37829,7,6,0,6,0
2020-04-14,Butte,007,227075,20,13,1,14,0
2020-04-14,Calaveras,009,45235,11,5,0,5,0
2020-04-14,Colusa,011,21464,3,3,0,3,0
2020-04-14,Contra Costa,013,1133247,794,617,0,617,12
2020-04-14,Del Norte,015,27424,2,2,0,2,0
2020-04-14,El Dorado,017,186661,51,30,0,30,0
2020-04-14,Fresno,019,978130,521,244,6,250,6
2020-04-14,Glenn,021,27897,4,3,0,3,0
2020-04-14,Humboldt,023,135768,57,44,0,44,0
2020-04-14,Imperial,025,180216,237,86,0,86,2
2020-04-14,Inyo,027,18085,17,12,0,12,0
2020-04-14,Kern,029,883053,736,453,1,454,3
2020-04-14,Kings,031,150075,58,12,1,13,1
2020-04-14,Lake,033,64148,6,3,0,3,0
2020-04-14,Lassen,035,31185,3,0,2,2,0
2020-04-14,Los Angeles,037,10098052,16088,9948,12,9960,357
2020-04-14,Madera,039,155013,68,29,1,30,2
2020-04-14,Marin,041,260295,196,147,1,148,9
2020-04-14,Mariposa,043,17540,0,0,0,0,0
2020-04-14,Mendocino,045,87422,5,4,0,4,0
2020-04-14,Merced,047,269075,113,61,0,61,3
2020-04-14,Modoc,049,8938,0,0,0,0,0
2020-04-14,Mono,051,14174,29,22,0,22,1
2020-04-14,Monterey,053,433212,180,98,0,98,3
2020-04-14,Napa,055,140530,56,33,0,33,2
2020-04-14,Nevada,057,99092,37,34,1,35,1
2020-04-14,Orange,059,3164182,2127,1362,19,1381,24
2020-04-14,Placer,061,380077,148,117,0,117,5
2020-04-14,Plumas,063,18699,4,3,0,3,0
2020-04-14,Riverside,065,2383286,3076,1467,14,1481,40
2020-04-14,Sacramento,067,1510023,969,737,0,737,29
2020-04-14,San Benito,069,59416,39,34,0,34,2
2020-04-14,San Bernardino,071,2135413,1590,933,0,933,37
2020-04-14,San Diego,073,3302833,2619,1932,0,1932,53
2020-04-14,San Francisco,075,870044,1258,968,0,968,14
2020-04-14,San Joaquin,077,732212,453,280,3,283,17
2020-04-14,San Luis Obispo,079,281455,174,109,3,112,1
2020-04-14,San Mateo,081,765935,1012,681,2,683,28
2020-04-14,Santa Barbara,083,443738,400,292,2,294,2
2020-04-14,Santa Clara,085,1922200,2129,1561,5,1566,63
2020-04-14,Santa Cruz,087,273765,109,84,0,84,2
2020-04-14,Shasta,089,179085,31,24,0,24,3
2020-04-14,Sierra,091,2930,0,0,0,0,0
2020-04-14,Siskiyou,093,43540,5,5,0,5,0
2020-04-14,Solano,095,438530,213,140,0,140,2
2020-04-14,Sonoma,097,501317,193,133,0,133,1
2020-04-14,Stanislaus,099,539301,260,136,4,140,3
2020-04-14,Sutter,101,95872,24,19,0,19,2
2020-04-14,Tehama,103,63373,1,1,0,1,1
2020-04-14,Trinity,105,12862,0,0,0,0,0
2020-04-14,Tulare,107,460477,536,228,5,233,12
2020-04-14,Tuolumne,109,53932,3,0,0,0,0
2020-04-14,Ventura,111,848112,504,328,1,329,11
2020-04-14,Yolo,113,214977,160,81,0,81,3
2020-04-14,Yuba,115,75493,14,14,0,14,1
2020-04-13,Alameda,001,1643700,1246,821,1,822,23
2020-04-13,Alpine,003,1148,1,1,0,1,0
2020-04-13,Amador,005,37829,7,6,0,6,0
2020-04-13,Butte,007,227075,19,13,1,14,0
2020-04-13,Calaveras,009,45235,10,5,0,5,0
2020-04-13,Colusa,011,21464,3,3,0,3,0
2020-04-13,Contra Costa,013,1133247,778,569,0,569,12
2020-04-13,Del Norte,015,27424,2,2,0,2,0
2020-04-13,El Dorado,017,186661,49,29,0,29,0
2020-04-13,Fresno,019,978130,499,205,5,210,4
2020-04-13,Glenn,021,27897,4,3,0,3,0
2020-04-13,Humboldt,023,135768,57,44,0,44,0
2020-04-13,Imperial,025,180216,219,82,0,82,2
2020-04-13,Inyo,027,18085,17,12,0,12,0
2020-04-13,Kern,029,883053,711,346,1,347,3
2020-04-13,Kings,031,150075,54,9,1,10,0
2020-04-13,Lake,033,64148,6,3,0,3,0
2020-04-13,Lassen,035,31185,3,0,2,2,0
2020-04-13,Los Angeles,037,10098052,15372,9367,12,9379,317
2020-04-13,Madera,039,155013,66,29,1,30,2
2020-04-13,Marin,041,260295,192,144,1,145,6
2020-04-13,Mariposa,043,17540,0,0,0,0,0
2020-04-13,Mendocino,045,87422,5,4,0,4,0
2020-04-13,Merced,047,269075,112,60,0,60,3
2020-04-13,Modoc,049,8938,0,0,0,0,0
2020-04-13,Mono,051,14174,29,21,0,21,1
2020-04-13,Monterey,053,433212,173,86,0,86,3
2020-04-13,Napa,055,140530,55,30,0,30,2
2020-04-13,Nevada,057,99092,37,24,1,25,1
2020-04-13,Orange,059,3164182,2054,1313,19,1332,21
2020-04-13,Placer,061,380077,147,116,0,116,5
2020-04-13,Plumas,063,18699,4,3,0,3,0
2020-04-13,Riverside,065,2383286,2935,1460,13,1473,35
2020-04-13,Sacramento,067,1510023,957,723,0,723,25
2020-04-13,San Benito,069,59416,38,33,0,33,2
2020-04-13,San Bernardino,071,2135413,1515,920,0,920,30
2020-04-13,San Diego,073,3302833,2536,1849,0,1849,47
2020-04-13,San Francisco,075,870044,1220,948,0,948,12
2020-04-13,San Joaquin,077,732212,438,255,3,258,16
2020-04-13,San Luis Obispo,079,281455,169,106,3,109,1
2020-04-13,San Mateo,081,765935,972,679,2,681,25
2020-04-13,Santa Barbara,083,443738,381,271,1,272,2
2020-04-13,Santa Clara,085,1922200,2083,1540,5,1545,58
2020-04-13,Santa Cruz,087,273765,103,82,0,82,1
2020-04-13,Shasta,089,179085,30,24,0,24,3
2020-04-13,Sierra,091,2930,0,0,0,0,0
2020-04-13,Siskiyou,093,43540,5,5,0,5,0
2020-04-13,Solano,095,438530,210,136,0,136,2
2020-04-13,Sonoma,097,501317,186,133,0,133,1
2020-04-13,Stanislaus,099,539301,254,130,4,134,1
2020-04-13,Sutter,101,95872,24,18,0,18,2
2020-04-13,Tehama,103,63373,1,1,0,1,0
2020-04-13,Trinity,105,12862,0,0,0,0,0
2020-04-13,Tulare,107,460477,500,185,5,190,11
2020-04-13,Tuolumne,109,53932,3,0,0,0,0
2020-04-13,Ventura,111,848112,483,309,0,309,9
2020-04-13,Yolo,113,214977,153,81,0,81,3
2020-04-13,Yuba,115,75493,14,13,0,13,1
2020-04-12,Alameda,001,1643700,1203,774,1,775,23
2020-04-12,Alpine,003,1148,1,1,0,1,0
2020-04-12,Amador,005,37829,7,6,0,6,0
2020-04-12,Butte,007,227075,19,13,1,14,0
2020-04-12,Calaveras,009,45235,10,5,0,5,0
2020-04-12,Colusa,011,21464,3,3,0,3,0
2020-04-12,Contra Costa,013,1133247,765,553,0,553,12
2020-04-12,Del Norte,015,27424,2,2,0,2,0
2020-04-12,El Dorado,017,186661,49,28,0,28,0
2020-04-12,Fresno,019,978130,470,205,5,210,4
2020-04-12,Glenn,021,27897,4,3,0,3,0
2020-04-12,Humboldt,023,135768,57,43,0,43,0
2020-04-12,Imperial,025,180216,196,78,0,78,2
2020-04-12,Inyo,027,18085,15,12,0,12,0
2020-04-12,Kern,029,883053,679,319,0,319,3
2020-04-12,Kings,031,150075,52,9,1,10,0
2020-04-12,Lake,033,64148,6,3,0,3,0
2020-04-12,Lassen,035,31185,3,0,2,2,0
2020-04-12,Los Angeles,037,10098052,14654,9133,12,9145,294
2020-04-12,Madera,039,155013,65,29,1,30,2
2020-04-12,Marin,041,260295,181,138,1,139,6
2020-04-12,Mariposa,043,17540,0,0,0,0,0
2020-04-12,Mendocino,045,87422,5,4,0,4,0
2020-04-12,Merced,047,269075,106,58,0,58,3
2020-04-12,Modoc,049,8938,0,0,0,0,0
2020-04-12,Mono,051,14174,29,20,0,20,1
2020-04-12,Monterey,053,433212,159,85,0,85,3
2020-04-12,Napa,055,140530,53,29,0,29,2
2020-04-12,Nevada,057,99092,37,24,1,25,1
2020-04-12,Orange,059,3164182,1994,1283,18,1301,21
2020-04-12,Placer,061,380077,146,114,0,114,4
2020-04-12,Plumas,063,18699,4,3,0,3,0
2020-04-12,Riverside,065,2383286,2753,1330,13,1343,34
2020-04-12,Sacramento,067,1510023,920,689,0,689,25
2020-04-12,San Benito,069,59416,36,33,0,33,2
2020-04-12,San Bernardino,071,2135413,1439,827,0,827,30
2020-04-12,San Diego,073,3302833,2446,1806,0,1806,45
2020-04-12,San Francisco,075,870044,1193,886,0,886,11
2020-04-12,San Joaquin,077,732212,420,246,3,249,15
2020-04-12,San Luis Obispo,079,281455,166,102,2,104,1
2020-04-12,San Mateo,081,765935,946,664,2,666,25
2020-04-12,Santa Barbara,083,443738,362,261,1,262,2
2020-04-12,Santa Clara,085,1922200,2055,1461,5,1466,53
2020-04-12,Santa Cruz,087,273765,102,80,0,80,1
2020-04-12,Shasta,089,179085,30,24,0,24,3
2020-04-12,Sierra,091,2930,0,0,0,0,0
2020-04-12,Siskiyou,093,43540,5,5,0,5,0
2020-04-12,Solano,095,438530,204,136,0,136,2
2020-04-12,Sonoma,097,501317,183,131,0,131,1
2020-04-12,Stanislaus,099,539301,246,117,4,121,1
2020-04-12,Sutter,101,95872,23,18,0,18,2
2020-04-12,Tehama,103,63373,1,1,0,1,0
2020-04-12,Trinity,105,12862,0,0,0,0,0
2020-04-12,Tulare,107,460477,488,166,5,171,11
2020-04-12,Tuolumne,109,53932,3,0,0,0,0
2020-04-12,Ventura,111,848112,473,306,0,306,9
2020-04-12,Yolo,113,214977,139,67,0,67,3
2020-04-12,Yuba,115,75493,14,13,0,13,1
2020-04-11,Alameda,001,1643700,1162,751,1,752,23
2020-04-11,Alpine,003,1148,1,1,0,1,0
2020-04-11,Amador,005,37829,7,6,0,6,0
2020-04-11,Butte,007,227075,19,13,1,14,0
2020-04-11,Calaveras,009,45235,10,5,0,5,0
2020-04-11,Colusa,011,21464,3,3,0,3,0
2020-04-11,Contra Costa,013,1133247,756,550,0,550,12
2020-04-11,Del Norte,015,27424,2,2,0,2,0
2020-04-11,El Dorado,017,186661,48,29,0,29,0
2020-04-11,Fresno,019,978130,460,201,5,206,4
2020-04-11,Glenn,021,27897,4,3,0,3,0
2020-04-11,Humboldt,023,135768,57,38,0,38,0
2020-04-11,Imperial,025,180216,186,78,0,78,2
2020-04-11,Inyo,027,18085,15,12,0,12,0
2020-04-11,Kern,029,883053,651,304,0,304,3
2020-04-11,Kings,031,150075,49,9,1,10,0
2020-04-11,Lake,033,64148,6,3,0,3,0
2020-04-11,Lassen,035,31185,3,0,2,2,0
2020-04-11,Los Angeles,037,10098052,14181,8823,12,8835,262
2020-04-11,Madera,039,155013,64,29,1,30,2
2020-04-11,Marin,041,260295,178,136,1,137,6
2020-04-11,Mariposa,043,17540,0,0,0,0,0
2020-04-11,Mendocino,045,87422,5,4,0,4,0
2020-04-11,Merced,047,269075,103,59,0,59,3
2020-04-11,Modoc,049,8938,0,0,0,0,0
2020-04-11,Mono,051,14174,29,20,0,20,1
2020-04-11,Monterey,053,433212,153,78,0,78,3
2020-04-11,Napa,055,140530,53,29,0,29,2
2020-04-11,Nevada,057,99092,37,24,1,25,1
2020-04-11,Orange,059,3164182,1932,1267,18,1285,21
2020-04-11,Placer,061,380077,146,113,0,113,4
2020-04-11,Plumas,063,18699,4,3,0,3,0
2020-04-11,Riverside,065,2383286,2674,1260,13,1273,33
2020-04-11,Sacramento,067,1510023,909,685,0,685,25
2020-04-11,San Benito,069,59416,36,33,0,33,2
2020-04-11,San Bernardino,071,2135413,1403,826,0,826,28
2020-04-11,San Diego,073,3302833,2380,1763,0,1763,45
2020-04-11,San Francisco,075,870044,1171,860,0,860,11
2020-04-11,San Joaquin,077,732212,415,244,3,247,15
2020-04-11,San Luis Obispo,079,281455,166,100,1,101,1
2020-04-11,San Mateo,081,765935,934,662,2,664,25
2020-04-11,Santa Barbara,083,443738,354,258,1,259,2
2020-04-11,Santa Clara,085,1922200,1996,1441,5,1446,51
2020-04-11,Santa Cruz,087,273765,102,79,0,79,1
2020-04-11,Shasta,089,179085,30,24,0,24,3
2020-04-11,Sierra,091,2930,0,0,0,0,0
2020-04-11,Siskiyou,093,43540,5,5,0,5,0
2020-04-11,Solano,095,438530,200,138,0,138,2
2020-04-11,Sonoma,097,501317,181,131,0,131,1
2020-04-11,Stanislaus,099,539301,238,119,3,122,1
2020-04-11,Sutter,101,95872,23,18,0,18,2
2020-04-11,Tehama,103,63373,1,1,0,1,0
2020-04-11,Trinity,105,12862,0,0,0,0,0
2020-04-11,Tulare,107,460477,466,168,5,173,10
2020-04-11,Tuolumne,109,53932,3,0,0,0,0
2020-04-11,Ventura,111,848112,463,304,0,304,9
2020-04-11,Yolo,113,214977,136,67,0,67,3
2020-04-11,Yuba,115,75493,14,13,0,13,1
2020-04-10,Alameda,001,1643700,1121,706,1,707,21
2020-04-10,Alpine,003,1148,1,1,0,1,0
2020-04-10,Amador,005,37829,7,5,0,5,0
2020-04-10,Butte,007,227075,19,13,1,14,0
2020-04-10,Calaveras,009,45235,10,5,0,5,0
2020-04-10,Colusa,011,21464,3,3,0,3,0
2020-04-10,Contra Costa,013,1133247,743,537,0,537,10
2020-04-10,Del Norte,015,27424,2,2,0,2,0
2020-04-10,El Dorado,017,186661,48,26,0,26,0
2020-04-10,Fresno,019,978130,453,186,4,190,3
2020-04-10,Glenn,021,27897,4,3,0,3,0
2020-04-10,Humboldt,023,135768,57,36,0,36,0
2020-04-10,Imperial,025,180216,179,70,0,70,2
2020-04-10,Inyo,027,18085,13,11,0,11,0
2020-04-10,Kern,029,883053,627,272,0,272,3
2020-04-10,Kings,031,150075,46,7,1,8,0
2020-04-10,Lake,033,64148,6,3,0,3,0
2020-04-10,Lassen,035,31185,3,0,2,2,0
2020-04-10,Los Angeles,037,10098052,13665,8384,11,8395,239
2020-04-10,Madera,039,155013,63,29,1,30,2
2020-04-10,Marin,041,260295,173,128,1,129,6
2020-04-10,Mariposa,043,17540,0,0,0,0,0
2020-04-10,Mendocino,045,87422,5,4,0,4,0
2020-04-10,Merced,047,269075,100,56,0,56,3
2020-04-10,Modoc,049,8938,0,0,0,0,0
2020-04-10,Mono,051,14174,29,20,0,20,1
2020-04-10,Monterey,053,433212,142,78,0,78,3
2020-04-10,Napa,055,140530,50,28,0,28,2
2020-04-10,Nevada,057,99092,37,23,1,24,1
2020-04-10,Orange,059,3164182,1885,1167,18,1185,21
2020-04-10,Placer,061,380077,145,112,0,112,4
2020-04-10,Plumas,063,18699,4,3,0,3,0
2020-04-10,Riverside,065,2383286,2608,1162,13,1175,30
2020-04-10,Sacramento,067,1510023,900,642,0,642,24
2020-04-10,San Benito,069,59416,36,32,0,32,2
2020-04-10,San Bernardino,071,2135413,1355,779,0,779,27
2020-04-10,San Diego,073,3302833,2320,1695,0,1695,44
2020-04-10,San Francisco,075,870044,1140,797,0,797,10
2020-04-10,San Joaquin,077,732212,403,234,3,237,14
2020-04-10,San Luis Obispo,079,281455,166,97,1,98,1
2020-04-10,San Mateo,081,765935,918,642,2,644,24
2020-04-10,Santa Barbara,083,443738,346,254,1,255,2
2020-04-10,Santa Clara,085,1922200,1944,1351,5,1356,50
2020-04-10,Santa Cruz,087,273765,101,75,0,75,1
2020-04-10,Shasta,089,179085,30,24,0,24,3
2020-04-10,Sierra,091,2930,0,0,0,0,0
2020-04-10,Siskiyou,093,43540,5,5,0,5,0
2020-04-10,Solano,095,438530,197,129,0,129,2
2020-04-10,Sonoma,097,501317,180,129,0,129,1
2020-04-10,Stanislaus,099,539301,231,101,3,104,0
2020-04-10,Sutter,101,95872,23,18,0,18,2
2020-04-10,Tehama,103,63373,1,1,0,1,0
2020-04-10,Trinity,105,12862,0,0,0,0,0
2020-04-10,Tulare,107,460477,424,163,5,168,10
2020-04-10,Tuolumne,109,53932,3,0,0,0,0
2020-04-10,Ventura,111,848112,454,290,0,290,9
2020-04-10,Yolo,113,214977,134,62,0,62,3
2020-04-10,Yuba,115,75493,14,13,0,13,1
2020-04-09,Alameda,001,1643700,1071,641,1,642,17
2020-04-09,Alpine,003,1148,1,1,0,1,0
2020-04-09,Amador,005,37829,7,2,0,2,0
2020-04-09,Butte,007,227075,19,12,1,13,0
2020-04-09,Calaveras,009,45235,10,5,0,5,0
2020-04-09,Colusa,011,21464,3,3,0,3,0
2020-04-09,Contra Costa,013,1133247,700,505,0,505,7
2020-04-09,Del Norte,015,27424,2,2,0,2,0
2020-04-09,El Dorado,017,186661,47,25,0,25,0
2020-04-09,Fresno,019,978130,428,165,4,169,3
2020-04-09,Glenn,021,27897,4,2,0,2,0
2020-04-09,Humboldt,023,135768,57,36,0,36,0
2020-04-09,Imperial,025,180216,158,67,0,67,2
2020-04-09,Inyo,027,18085,12,11,0,11,0
2020-04-09,Kern,029,883053,591,241,0,241,2
2020-04-09,Kings,031,150075,43,5,1,6,0
2020-04-09,Lake,033,64148,5,1,0,1,0
2020-04-09,Lassen,035,31185,3,0,2,2,0
2020-04-09,Los Angeles,037,10098052,13034,7919,11,7930,220
2020-04-09,Madera,039,155013,63,28,1,29,2
2020-04-09,Marin,041,260295,171,126,1,127,7
2020-04-09,Mariposa,043,17540,0,0,0,0,0
2020-04-09,Mendocino,045,87422,5,4,0,4,0
2020-04-09,Merced,047,269075,97,41,0,41,3
2020-04-09,Modoc,049,8938,0,0,0,0,0
2020-04-09,Mono,051,14174,29,19,0,19,1
2020-04-09,Monterey,053,433212,124,70,0,70,3
2020-04-09,Napa,055,140530,46,27,0,27,2
2020-04-09,Nevada,057,99092,36,23,1,24,1
2020-04-09,Orange,059,3164182,1811,1105,18,1123,19
2020-04-09,Placer,061,380077,144,107,0,107,4
2020-04-09,Plumas,063,18699,4,3,0,3,0
2020-04-09,Riverside,065,2383286,2465,1083,13,1096,29
2020-04-09,Sacramento,067,1510023,877,601,0,601,21
2020-04-09,San Benito,069,59416,36,32,0,32,2
2020-04-09,San Bernardino,071,2135413,1286,717,0,717,27
2020-04-09,San Diego,073,3302833,2224,1630,0,1630,40
2020-04-09,San Francisco,075,870044,1120,748,0,748,8
2020-04-09,San Joaquin,077,732212,382,223,3,226,14
2020-04-09,San Luis Obispo,079,281455,158,93,1,94,1
2020-04-09,San Mateo,081,765935,902,630,2,632,23
2020-04-09,Santa Barbara,083,443738,336,232,1,233,2
2020-04-09,Santa Clara,085,1922200,1874,1301,5,1306,49
2020-04-09,Santa Cruz,087,273765,101,73,0,73,1
2020-04-09,Shasta,089,179085,30,22,0,22,3
2020-04-09,Sierra,091,2930,0,0,0,0,0
2020-04-09,Siskiyou,093,43540,5,4,0,4,0
2020-04-09,Solano,095,438530,188,118,0,118,2
2020-04-09,Sonoma,097,501317,176,113,0,113,1
2020-04-09,Stanislaus,099,539301,219,93,3,96,0
2020-04-09,Sutter,101,95872,23,17,0,17,2
2020-04-09,Tehama,103,63373,1,1,0,1,0
2020-04-09,Trinity,105,12862,0,0,0,0,0
2020-04-09,Tulare,107,460477,395,147,5,152,9
2020-04-09,Tuolumne,109,53932,3,0,0,0,0
2020-04-09,Ventura,111,848112,435,273,0,273,9
2020-04-09,Yolo,113,214977,125,59,0,59,3
2020-04-09,Yuba,115,75493,14,13,0,13,0
2020-04-08,Alameda,001,1643700,1029,594,1,595,15
2020-04-08,Alpine,003,1148,1,1,0,1,0
2020-04-08,Amador,005,37829,7,2,0,2,0
2020-04-08,Butte,007,227075,18,11,1,12,0
2020-04-08,Calaveras,009,45235,10,5,0,5,0
2020-04-08,Colusa,011,21464,3,3,0,3,0
2020-04-08,Contra Costa,013,1133247,687,481,0,481,7
2020-04-08,Del Norte,015,27424,2,2,0,2,0
2020-04-08,El Dorado,017,186661,47,25,0,25,0
2020-04-08,Fresno,019,978130,408,151,4,155,3
2020-04-08,Glenn,021,27897,4,2,0,2,0
2020-04-08,Humboldt,023,135768,57,40,0,40,0
2020-04-08,Imperial,025,180216,147,59,0,59,2
2020-04-08,Inyo,027,18085,12,11,0,11,0
2020-04-08,Kern,029,883053,550,198,0,198,2
2020-04-08,Kings,031,150075,43,5,1,6,0
2020-04-08,Lake,033,64148,5,1,0,1,0
2020-04-08,Lassen,035,31185,3,0,2,2,0
2020-04-08,Los Angeles,037,10098052,12432,7505,11,7516,196
2020-04-08,Madera,039,155013,62,28,1,29,2
2020-04-08,Marin,041,260295,165,125,1,126,7
2020-04-08,Mariposa,043,17540,0,0,0,0,0
2020-04-08,Mendocino,045,87422,5,4,0,4,0
2020-04-08,Merced,047,269075,82,35,0,35,1
2020-04-08,Modoc,049,8938,0,0,0,0,0
2020-04-08,Mono,051,14174,29,19,0,19,1
2020-04-08,Monterey,053,433212,115,68,0,68,3
2020-04-08,Napa,055,140530,44,21,0,21,2
2020-04-08,Nevada,057,99092,36,21,1,22,1
2020-04-08,Orange,059,3164182,1748,1034,18,1052,19
2020-04-08,Placer,061,380077,144,102,0,102,4
2020-04-08,Plumas,063,18699,4,3,0,3,0
2020-04-08,Riverside,065,2383286,2308,974,13,987,28
2020-04-08,Sacramento,067,1510023,843,565,0,565,21
2020-04-08,San Benito,069,59416,36,31,0,31,2
2020-04-08,San Bernardino,071,2135413,1229,635,0,635,22
2020-04-08,San Diego,073,3302833,2150,1532,0,1532,36
2020-04-08,San Francisco,075,870044,1053,687,0,687,7
2020-04-08,San Joaquin,077,732212,365,211,3,214,12
2020-04-08,San Luis Obispo,079,281455,156,90,1,91,1
2020-04-08,San Mateo,081,765935,887,608,2,610,22
2020-04-08,Santa Barbara,083,443738,319,221,1,222,2
2020-04-08,Santa Clara,085,1922200,1829,1257,5,1262,47
2020-04-08,Santa Cruz,087,273765,100,69,0,69,1
2020-04-08,Shasta,089,179085,30,18,0,18,3
2020-04-08,Sierra,091,2930,0,0,0,0,0
2020-04-08,Siskiyou,093,43540,5,4,0,4,0
2020-04-08,Solano,095,438530,175,111,0,111,2
2020-04-08,Sonoma,097,501317,170,107,0,107,1
2020-04-08,Stanislaus,099,539301,203,86,3,89,0
2020-04-08,Sutter,101,95872,22,17,0,17,2
2020-04-08,Tehama,103,63373,1,1,0,1,0
2020-04-08,Trinity,105,12862,0,0,0,0,0
2020-04-08,Tulare,107,460477,364,145,5,150,6
2020-04-08,Tuolumne,109,53932,3,0,0,0,0
2020-04-08,Ventura,111,848112,426,263,0,263,7
2020-04-08,Yolo,113,214977,108,56,0,56,3
2020-04-08,Yuba,115,75493,14,10,0,10,0
2020-04-07,Alameda,001,1643700,994,560,1,561,14
2020-04-07,Alpine,003,1148,1,1,0,1,0
2020-04-07,Amador,005,37829,7,2,0,2,0
2020-04-07,Butte,007,227075,17,11,1,12,0
2020-04-07,Calaveras,009,45235,9,5,0,5,0
2020-04-07,Colusa,011,21464,3,2,0,2,0
2020-04-07,Contra Costa,013,1133247,667,471,0,471,7
2020-04-07,Del Norte,015,27424,2,2,0,2,0
2020-04-07,El Dorado,017,186661,46,22,0,22,0
2020-04-07,Fresno,019,978130,393,138,4,142,3
2020-04-07,Glenn,021,27897,4,2,0,2,0
2020-04-07,Humboldt,023,135768,56,40,0,40,0
2020-04-07,Imperial,025,180216,128,53,0,53,2
2020-04-07,Inyo,027,18085,12,11,0,11,0
2020-04-07,Kern,029,883053,507,134,0,134,2
2020-04-07,Kings,031,150075,40,5,1,6,0
2020-04-07,Lake,033,64148,4,1,0,1,0
2020-04-07,Lassen,035,31185,3,0,2,2,0
2020-04-07,Los Angeles,037,10098052,11783,6885,11,6896,170
2020-04-07,Madera,039,155013,60,28,0,28,2
2020-04-07,Marin,041,260295,163,122,1,123,7
2020-04-07,Mariposa,043,17540,0,0,0,0,0
2020-04-07,Mendocino,045,87422,5,4,0,4,0
2020-04-07,Merced,047,269075,67,27,0,27,1
2020-04-07,Modoc,049,8938,0,0,0,0,0
2020-04-07,Mono,051,14174,28,18,0,18,1
2020-04-07,Monterey,053,433212,107,63,0,63,2
2020-04-07,Napa,055,140530,42,18,0,18,2
2020-04-07,Nevada,057,99092,36,20,1,21,1
2020-04-07,Orange,059,3164182,1701,971,16,987,19
2020-04-07,Placer,061,380077,139,94,0,94,3
2020-04-07,Plumas,063,18699,4,3,0,3,0
2020-04-07,Riverside,065,2383286,2151,905,13,918,25
2020-04-07,Sacramento,067,1510023,813,513,0,513,18
2020-04-07,San Benito,069,59416,36,26,0,26,2
2020-04-07,San Bernardino,071,2135413,1162,554,0,554,19
2020-04-07,San Diego,073,3302833,2073,1456,0,1456,31
2020-04-07,San Francisco,075,870044,993,636,0,636,6
2020-04-07,San Joaquin,077,732212,347,198,3,201,12
2020-04-07,San Luis Obispo,079,281455,149,87,1,88,1
2020-04-07,San Mateo,081,765935,866,573,2,575,22
2020-04-07,Santa Barbara,083,443738,305,209,1,210,2
2020-04-07,Santa Clara,085,1922200,1760,1193,4,1197,46
2020-04-07,Santa Cruz,087,273765,100,67,0,67,1
2020-04-07,Shasta,089,179085,29,16,0,16,3
2020-04-07,Sierra,091,2930,0,0,0,0,0
2020-04-07,Siskiyou,093,43540,5,4,0,4,0
2020-04-07,Solano,095,438530,170,99,0,99,1
2020-04-07,Sonoma,097,501317,167,102,0,102,1
2020-04-07,Stanislaus,099,539301,186,83,3,86,0
2020-04-07,Sutter,101,95872,22,16,0,16,2
2020-04-07,Tehama,103,63373,1,1,0,1,0
2020-04-07,Trinity,105,12862,0,0,0,0,0
2020-04-07,Tulare,107,460477,335,144,5,149,5
2020-04-07,Tuolumne,109,53932,3,1,0,1,0
2020-04-07,Ventura,111,848112,409,247,0,247,6
2020-04-07,Yolo,113,214977,101,51,0,51,2
2020-04-07,Yuba,115,75493,14,10,0,10,0
2020-04-06,Alameda,001,1643700,964,527,1,528,13
2020-04-06,Alpine,003,1148,1,1,0,1,0
2020-04-06,Amador,005,37829,6,2,0,2,0
2020-04-06,Butte,007,227075,16,11,1,12,0
2020-04-06,Calaveras,009,45235,9,4,0,4,0
2020-04-06,Colusa,011,21464,3,1,0,1,0
2020-04-06,Contra Costa,013,1133247,642,447,0,447,7
2020-04-06,Del Norte,015,27424,2,2,0,2,0
2020-04-06,El Dorado,017,186661,44,23,0,23,0
2020-04-06,Fresno,019,978130,371,122,4,126,1
2020-04-06,Glenn,021,27897,4,2,0,2,0
2020-04-06,Humboldt,023,135768,55,37,0,37,0
2020-04-06,Imperial,025,180216,121,47,0,47,1
2020-04-06,Inyo,027,18085,11,11,0,11,0
2020-04-06,Kern,029,883053,470,117,0,117,2
2020-04-06,Kings,031,150075,40,3,1,4,0
2020-04-06,Lake,033,64148,4,1,0,1,0
2020-04-06,Lassen,035,31185,3,0,2,2,0
2020-04-06,Los Angeles,037,10098052,11048,6346,11,6357,145
2020-04-06,Madera,039,155013,58,29,0,29,2
2020-04-06,Marin,041,260295,160,119,1,120,7
2020-04-06,Mariposa,043,17540,0,0,0,0,0
2020-04-06,Mendocino,045,87422,5,4,0,4,0
2020-04-06,Merced,047,269075,60,25,0,25,1
2020-04-06,Modoc,049,8938,0,0,0,0,0
2020-04-06,Mono,051,14174,28,18,0,18,1
2020-04-06,Monterey,053,433212,102,62,0,62,2
2020-04-06,Napa,055,140530,42,18,0,18,2
2020-04-06,Nevada,057,99092,36,19,1,20,1
2020-04-06,Orange,059,3164182,1657,910,15,925,17
2020-04-06,Placer,061,380077,139,90,0,90,3
2020-04-06,Plumas,063,18699,4,2,0,2,0
2020-04-06,Riverside,065,2383286,2025,854,13,867,17
2020-04-06,Sacramento,067,1510023,783,448,0,448,15
2020-04-06,San Benito,069,59416,34,25,0,25,1
2020-04-06,San Bernardino,071,2135413,1103,550,0,550,13
2020-04-06,San Diego,073,3302833,1991,1406,0,1406,19
2020-04-06,San Francisco,075,870044,953,586,0,586,6
2020-04-06,San Joaquin,077,732212,332,191,3,194,10
2020-04-06,San Luis Obispo,079,281455,147,85,1,86,1
2020-04-06,San Mateo,081,765935,848,569,2,571,20
2020-04-06,Santa Barbara,083,443738,296,189,1,190,2
2020-04-06,Santa Clara,085,1922200,1707,1128,4,1132,43
2020-04-06,Santa Cruz,087,273765,98,65,0,65,1
2020-04-06,Shasta,089,179085,29,16,0,16,3
2020-04-06,Sierra,091,2930,0,0,0,0,0
2020-04-06,Siskiyou,093,43540,4,4,0,4,0
2020-04-06,Solano,095,438530,163,95,0,95,1
2020-04-06,Sonoma,097,501317,166,102,0,102,1
2020-04-06,Stanislaus,099,539301,170,72,3,75,0
2020-04-06,Sutter,101,95872,22,14,0,14,2
2020-04-06,Tehama,103,63373,1,1,0,1,0
2020-04-06,Trinity,105,12862,0,0,0,0,0
2020-04-06,Tulare,107,460477,319,126,5,131,5
2020-04-06,Tuolumne,109,53932,3,1,0,1,0
2020-04-06,Ventura,111,848112,391,234,0,234,6
2020-04-06,Yolo,113,214977,97,43,0,43,1
2020-04-06,Yuba,115,75493,14,8,0,8,0
2020-04-05,Alameda,001,1643700,922,475,1,476,12
2020-04-05,Alpine,003,1148,1,1,0,1,0
2020-04-05,Amador,005,37829,6,2,0,2,0
2020-04-05,Butte,007,227075,16,10,1,11,0
2020-04-05,Calaveras,009,45235,9,3,0,3,0
2020-04-05,Colusa,011,21464,3,1,0,1,0
2020-04-05,Contra Costa,013,1133247,625,415,0,415,6
2020-04-05,Del Norte,015,27424,2,1,0,1,0
2020-04-05,El Dorado,017,186661,42,19,0,19,0
2020-04-05,Fresno,019,978130,337,102,4,106,1
2020-04-05,Glenn,021,27897,4,2,0,2,0
2020-04-05,Humboldt,023,135768,55,29,0,29,0
2020-04-05,Imperial,025,180216,113,42,0,42,1
2020-04-05,Inyo,027,18085,11,10,0,10,0
2020-04-05,Kern,029,883053,415,109,0,109,2
2020-04-05,Kings,031,150075,39,4,1,5,0
2020-04-05,Lake,033,64148,4,0,0,0,0
2020-04-05,Lassen,035,31185,3,0,2,2,0
2020-04-05,Los Angeles,037,10098052,10477,5892,11,5903,130
2020-04-05,Madera,039,155013,57,27,0,27,2
2020-04-05,Marin,041,260295,160,113,1,114,6
2020-04-05,Mariposa,043,17540,0,0,0,0,0
2020-04-05,Mendocino,045,87422,5,4,0,4,0
2020-04-05,Merced,047,269075,53,16,0,16,0
2020-04-05,Modoc,049,8938,0,0,0,0,0
2020-04-05,Mono,051,14174,28,18,0,18,1
2020-04-05,Monterey,053,433212,95,61,0,61,2
2020-04-05,Napa,055,140530,40,15,0,15,2
2020-04-05,Nevada,057,99092,36,19,1,20,1
2020-04-05,Orange,059,3164182,1600,820,15,835,15
2020-04-05,Placer,061,380077,136,86,0,86,3
2020-04-05,Plumas,063,18699,3,2,0,2,0
2020-04-05,Riverside,065,2383286,1896,669,13,682,17
2020-04-05,Sacramento,067,1510023,752,393,0,393,11
2020-04-05,San Benito,069,59416,34,22,0,22,1
2020-04-05,San Bernardino,071,2135413,1030,375,0,375,13
2020-04-05,San Diego,073,3302833,1909,1328,0,1328,19
2020-04-05,San Francisco,075,870044,906,559,0,559,6
2020-04-05,San Joaquin,077,732212,317,179,3,182,10
2020-04-05,San Luis Obispo,079,281455,145,83,1,84,1
2020-04-05,San Mateo,081,765935,828,528,2,530,19
2020-04-05,Santa Barbara,083,443738,280,171,1,172,1
2020-04-05,Santa Clara,085,1922200,1660,1052,4,1056,42
2020-04-05,Santa Cruz,087,273765,98,59,0,59,1
2020-04-05,Shasta,089,179085,28,11,0,11,2
2020-04-05,Sierra,091,2930,0,0,0,0,0
2020-04-05,Siskiyou,093,43540,4,3,0,3,0
2020-04-05,Solano,095,438530,159,78,0,78,1
2020-04-05,Sonoma,097,501317,164,88,0,88,1
2020-04-05,Stanislaus,099,539301,156,51,3,54,0
2020-04-05,Sutter,101,95872,22,14,0,14,1
2020-04-05,Tehama,103,63373,1,1,0,1,0
2020-04-05,Trinity,105,12862,0,0,0,0,0
2020-04-05,Tulare,107,460477,282,81,5,86,4
2020-04-05,Tuolumne,109,53932,3,1,0,1,0
2020-04-05,Ventura,111,848112,377,196,0,196,6
2020-04-05,Yolo,113,214977,78,37,0,37,2
2020-04-05,Yuba,115,75493,14,7,0,7,0
2020-04-04,Alameda,001,1643700,899,468,1,469,12
2020-04-04,Alpine,003,1148,1,1,0,1,0
2020-04-04,Amador,005,37829,5,2,0,2,0
2020-04-04,Butte,007,227075,16,10,1,11,0
2020-04-04,Calaveras,009,45235,9,3,0,3,0
2020-04-04,Colusa,011,21464,3,1,0,1,0
2020-04-04,Contra Costa,013,1133247,617,382,0,382,5
2020-04-04,Del Norte,015,27424,2,1,0,1,0
2020-04-04,El Dorado,017,186661,42,19,0,19,0
2020-04-04,Fresno,019,978130,327,102,4,106,1
2020-04-04,Glenn,021,27897,4,2,0,2,0
2020-04-04,Humboldt,023,135768,55,29,0,29,0
2020-04-04,Imperial,025,180216,112,42,0,42,1
2020-04-04,Inyo,027,18085,11,10,0,10,0
2020-04-04,Kern,029,883053,385,103,0,103,2
2020-04-04,Kings,031,150075,39,3,1,4,0
2020-04-04,Lake,033,64148,4,0,0,0,0
2020-04-04,Lassen,035,31185,3,0,2,2,0
2020-04-04,Los Angeles,037,10098052,9857,5275,11,5286,117
2020-04-04,Madera,039,155013,55,27,0,27,2
2020-04-04,Marin,041,260295,158,111,0,111,6
2020-04-04,Mariposa,043,17540,0,0,0,0,0
2020-04-04,Mendocino,045,87422,5,4,0,4,0
2020-04-04,Merced,047,269075,49,11,0,11,0
2020-04-04,Modoc,049,8938,0,0,0,0,0
2020-04-04,Mono,051,14174,28,18,0,18,1
2020-04-04,Monterey,053,433212,91,61,0,61,2
2020-04-04,Napa,055,140530,40,15,0,15,2
2020-04-04,Nevada,057,99092,36,19,1,20,1
2020-04-04,Orange,059,3164182,1558,781,14,795,15
2020-04-04,Placer,061,380077,135,87,0,87,2
2020-04-04,Plumas,063,18699,3,2,0,2,0
2020-04-04,Riverside,065,2383286,1795,652,13,665,15
2020-04-04,Sacramento,067,1510023,734,393,0,393,11
2020-04-04,San Benito,069,59416,34,22,0,22,1
2020-04-04,San Bernardino,071,2135413,982,373,0,373,13
2020-04-04,San Diego,073,3302833,1861,1211,0,1211,18
2020-04-04,San Francisco,075,870044,868,537,0,537,6
2020-04-04,San Joaquin,077,732212,294,171,3,174,10
2020-04-04,San Luis Obispo,079,281455,145,82,1,83,0
2020-04-04,San Mateo,081,765935,816,520,2,522,17
2020-04-04,Santa Barbara,083,443738,271,167,1,168,1
2020-04-04,Santa Clara,085,1922200,1608,1045,4,1049,39
2020-04-04,Santa Cruz,087,273765,98,56,0,56,1
2020-04-04,Shasta,089,179085,27,11,0,11,2
2020-04-04,Sierra,091,2930,0,0,0,0,0
2020-04-04,Siskiyou,093,43540,4,3,0,3,0
2020-04-04,Solano,095,438530,154,79,0,79,1
2020-04-04,Sonoma,097,501317,161,88,0,88,1
2020-04-04,Stanislaus,099,539301,145,51,3,54,0
2020-04-04,Sutter,101,95872,22,14,0,14,1
2020-04-04,Tehama,103,63373,1,1,0,1,0
2020-04-04,Trinity,105,12862,0,0,0,0,0
2020-04-04,Tulare,107,460477,268,79,5,84,4
2020-04-04,Tuolumne,109,53932,3,1,0,1,0
2020-04-04,Ventura,111,848112,364,194,0,194,6
2020-04-04,Yolo,113,214977,76,40,0,40,2
2020-04-04,Yuba,115,75493,13,7,0,7,0
2020-04-03,Alameda,001,1643700,863,395,1,396,11
2020-04-03,Alpine,003,1148,1,1,0,1,0
2020-04-03,Amador,005,37829,5,2,0,2,0
2020-04-03,Butte,007,227075,16,8,1,9,0
2020-04-03,Calaveras,009,45235,9,3,0,3,0
2020-04-03,Colusa,011,21464,3,1,0,1,0
2020-04-03,Contra Costa,013,1133247,594,327,0,327,5
2020-04-03,Del Norte,015,27424,2,1,0,1,0
2020-04-03,El Dorado,017,186661,40,16,0,16,0
2020-04-03,Fresno,019,978130,315,98,4,102,1
2020-04-03,Glenn,021,27897,4,2,0,2,0
2020-04-03,Humboldt,023,135768,55,34,0,34,0
2020-04-03,Imperial,025,180216,103,35,0,35,0
2020-04-03,Inyo,027,18085,11,10,0,10,0
2020-04-03,Kern,029,883053,359,87,0,87,1
2020-04-03,Kings,031,150075,37,3,1,4,0
2020-04-03,Lake,033,64148,3,0,0,0,0
2020-04-03,Lassen,035,31185,3,0,2,2,0
2020-04-03,Los Angeles,037,10098052,9240,4566,11,4577,91
2020-04-03,Madera,039,155013,54,28,0,28,2
2020-04-03,Marin,041,260295,156,106,0,106,6
2020-04-03,Mariposa,043,17540,0,0,0,0,0
2020-04-03,Mendocino,045,87422,5,4,0,4,0
2020-04-03,Merced,047,269075,46,9,0,9,0
2020-04-03,Modoc,049,8938,0,0,0,0,0
2020-04-03,Mono,051,14174,28,18,0,18,1
2020-04-03,Monterey,053,433212,88,58,0,58,2
2020-04-03,Napa,055,140530,39,13,0,13,1
2020-04-03,Nevada,057,99092,36,19,1,20,1
2020-04-03,Orange,059,3164182,1519,713,14,727,13
2020-04-03,Placer,061,380077,131,76,0,76,2
2020-04-03,Plumas,063,18699,3,2,0,2,0
2020-04-03,Riverside,065,2383286,1715,540,13,553,14
2020-04-03,Sacramento,067,1510023,713,363,0,363,11
2020-04-03,San Benito,069,59416,34,22,0,22,1
2020-04-03,San Bernardino,071,2135413,937,356,0,356,11
2020-04-03,San Diego,073,3302833,1800,1114,0,1114,17
2020-04-03,San Francisco,075,870044,844,506,0,506,6
2020-04-03,San Joaquin,077,732212,282,162,3,165,10
2020-04-03,San Luis Obispo,079,281455,144,82,1,83,0
2020-04-03,San Mateo,081,765935,799,474,2,476,13
2020-04-03,Santa Barbara,083,443738,260,154,1,155,1
2020-04-03,Santa Clara,085,1922200,1572,983,4,987,39
2020-04-03,Santa Cruz,087,273765,98,52,0,52,1
2020-04-03,Shasta,089,179085,27,10,0,10,1
2020-04-03,Sierra,091,2930,0,0,0,0,0
2020-04-03,Siskiyou,093,43540,4,3,0,3,0
2020-04-03,Solano,095,438530,146,72,0,72,1
2020-04-03,Sonoma,097,501317,161,84,0,84,1
2020-04-03,Stanislaus,099,539301,139,48,3,51,0
2020-04-03,Sutter,101,95872,22,12,0,12,1
2020-04-03,Tehama,103,63373,1,1,0,1,0
2020-04-03,Trinity,105,12862,0,0,0,0,0
2020-04-03,Tulare,107,460477,254,73,5,78,3
2020-04-03,Tuolumne,109,53932,3,1,0,1,0
2020-04-03,Ventura,111,848112,354,186,0,186,6
2020-04-03,Yolo,113,214977,75,33,0,33,1
2020-04-03,Yuba,115,75493,13,6,0,6,0
2020-04-02,Alameda,001,1643700,812,345,1,346,10
2020-04-02,Alpine,003,1148,1,1,0,1,0
2020-04-02,Amador,005,37829,5,2,0,2,0
2020-04-02,Butte,007,227075,16,7,0,7,0
2020-04-02,Calaveras,009,45235,7,3,0,3,0
2020-04-02,Colusa,011,21464,3,1,0,1,0
2020-04-02,Contra Costa,013,1133247,564,297,0,297,3
2020-04-02,Del Norte,015,27424,2,0,0,0,0
2020-04-02,El Dorado,017,186661,38,16,0,16,0
2020-04-02,Fresno,019,978130,299,92,4,96,0
2020-04-02,Glenn,021,27897,3,2,0,2,0
2020-04-02,Humboldt,023,135768,51,23,0,23,0
2020-04-02,Imperial,025,180216,99,24,0,24,0
2020-04-02,Inyo,027,18085,10,8,0,8,0
2020-04-02,Kern,029,883053,332,74,0,74,0
2020-04-02,Kings,031,150075,37,3,1,4,0
2020-04-02,Lake,033,64148,3,0,0,0,0
2020-04-02,Lassen,035,31185,3,0,2,2,0
2020-04-02,Los Angeles,037,10098052,8405,4040,11,4051,79
2020-04-02,Madera,039,155013,52,25,0,25,1
2020-04-02,Marin,041,260295,150,102,0,102,1
2020-04-02,Mariposa,043,17540,0,0,0,0,0
2020-04-02,Mendocino,045,87422,5,4,0,4,0
2020-04-02,Merced,047,269075,41,9,0,9,0
2020-04-02,Modoc,049,8938,0,0,0,0,0
2020-04-02,Mono,051,14174,28,16,0,16,1
2020-04-02,Monterey,053,433212,86,50,0,50,2
2020-04-02,Napa,055,140530,39,13,0,13,0
2020-04-02,Nevada,057,99092,35,17,1,18,0
2020-04-02,Orange,059,3164182,1467,640,13,653,12
2020-04-02,Placer,061,380077,130,72,0,72,2
2020-04-02,Plumas,063,18699,3,1,0,1,0
2020-04-02,Riverside,065,2383286,1598,438,13,451,13
2020-04-02,Sacramento,067,1510023,695,322,0,322,9
2020-04-02,San Benito,069,59416,32,18,0,18,1
2020-04-02,San Bernardino,071,2135413,882,335,0,335,8
2020-04-02,San Diego,073,3302833,1733,968,0,968,16
2020-04-02,San Francisco,075,870044,817,473,0,473,6
2020-04-02,San Joaquin,077,732212,263,148,3,151,9
2020-04-02,San Luis Obispo,079,281455,139,79,1,80,0
2020-04-02,San Mateo,081,765935,778,423,2,425,13
2020-04-02,Santa Barbara,083,443738,249,125,1,126,1
2020-04-02,Santa Clara,085,1922200,1521,908,4,912,38
2020-04-02,Santa Cruz,087,273765,96,49,0,49,1
2020-04-02,Shasta,089,179085,26,7,0,7,1
2020-04-02,Sierra,091,2930,0,0,0,0,0
2020-04-02,Siskiyou,093,43540,4,3,0,3,0
2020-04-02,Solano,095,438530,136,65,0,65,0
2020-04-02,Sonoma,097,501317,157,76,0,76,1
2020-04-02,Stanislaus,099,539301,128,40,3,43,0
2020-04-02,Sutter,101,95872,21,10,0,10,1
2020-04-02,Tehama,103,63373,1,1,0,1,0
2020-04-02,Trinity,105,12862,0,0,0,0,0
2020-04-02,Tulare,107,460477,220,64,5,69,1
2020-04-02,Tuolumne,109,53932,3,1,0,1,0
2020-04-02,Ventura,111,848112,336,178,0,178,5
2020-04-02,Yolo,113,214977,73,29,0,29,1
2020-04-02,Yuba,115,75493,10,5,0,5,0
2020-04-01,Alameda,001,1643700,785,287,1,288,8
2020-04-01,Alpine,003,1148,1,1,0,1,0
2020-04-01,Amador,005,37829,5,1,0,1,0
2020-04-01,Butte,007,227075,16,6,0,6,0
2020-04-01,Calaveras,009,45235,6,3,0,3,0
2020-04-01,Colusa,011,21464,3,1,0,1,0
2020-04-01,Contra Costa,013,1133247,521,267,0,267,3
2020-04-01,Del Norte,015,27424,2,0,0,0,0
2020-04-01,El Dorado,017,186661,37,14,0,14,0
2020-04-01,Fresno,019,978130,277,75,3,78,0
2020-04-01,Glenn,021,27897,3,2,0,2,0
2020-04-01,Humboldt,023,135768,51,19,0,19,0
2020-04-01,Imperial,025,180216,93,25,0,25,0
2020-04-01,Inyo,027,18085,10,8,0,8,0
2020-04-01,Kern,029,883053,305,53,0,53,0
2020-04-01,Kings,031,150075,35,3,1,4,0
2020-04-01,Lake,033,64148,3,0,0,0,0
2020-04-01,Lassen,035,31185,3,0,2,2,0
2020-04-01,Los Angeles,037,10098052,7754,3502,11,3513,66
2020-04-01,Madera,039,155013,50,17,0,17,1
2020-04-01,Marin,041,260295,146,87,0,87,1
2020-04-01,Mariposa,043,17540,0,0,0,0,0
2020-04-01,Mendocino,045,87422,5,4,0,4,0
2020-04-01,Merced,047,269075,38,7,0,7,0
2020-04-01,Modoc,049,8938,0,0,0,0,0
2020-04-01,Mono,051,14174,28,12,0,12,1
2020-04-01,Monterey,053,433212,85,47,0,47,2
2020-04-01,Napa,055,140530,36,11,0,11,0
2020-04-01,Nevada,057,99092,35,15,1,16,0
2020-04-01,Orange,059,3164182,1415,579,13,592,11
2020-04-01,Placer,061,380077,128,52,0,52,2
2020-04-01,Plumas,063,18699,3,1,0,1,0
2020-04-01,Riverside,065,2383286,1430,306,12,318,11
2020-04-01,Sacramento,067,1510023,662,299,0,299,8
2020-04-01,San Benito,069,59416,29,14,0,14,1
2020-04-01,San Bernardino,071,2135413,833,245,0,245,5
2020-04-01,San Diego,073,3302833,1663,851,0,851,11
2020-04-01,San Francisco,075,870044,789,432,0,432,6
2020-04-01,San Joaquin,077,732212,251,132,3,135,8
2020-04-01,San Luis Obispo,079,281455,133,69,1,70,0
2020-04-01,San Mateo,081,765935,760,354,2,356,13
2020-04-01,Santa Barbara,083,443738,236,103,1,104,0
2020-04-01,Santa Clara,085,1922200,1479,805,4,809,33
2020-04-01,Santa Cruz,087,273765,91,44,0,44,1
2020-04-01,Shasta,089,179085,25,5,0,5,1
2020-04-01,Sierra,091,2930,0,0,0,0,0
2020-04-01,Siskiyou,093,43540,4,3,0,3,0
2020-04-01,Solano,095,438530,131,57,0,57,0
2020-04-01,Sonoma,097,501317,153,60,0,60,1
2020-04-01,Stanislaus,099,539301,117,29,3,32,0
2020-04-01,Sutter,101,95872,21,9,0,9,1
2020-04-01,Tehama,103,63373,1,0,0,0,0
2020-04-01,Trinity,105,12862,0,0,0,0,0
2020-04-01,Tulare,107,460477,182,43,5,48,1
2020-04-01,Tuolumne,109,53932,3,1,0,1,0
2020-04-01,Ventura,111,848112,323,154,0,154,5
2020-04-01,Yolo,113,214977,68,22,0,22,1
2020-04-01,Yuba,115,75493,9,5,0,5,0
2020-03-31,Alameda,001,1643700,717,269,1,270,7
2020-03-31,Alpine,003,1148,1,1,0,1,0
2020-03-31,Amador,005,37829,5,1,0,1,0
2020-03-31,Butte,007,227075,16,6,0,6,0
2020-03-31,Calaveras,009,45235,6,3,0,3,0
2020-03-31,Colusa,011,21464,3,1,0,1,0
2020-03-31,Contra Costa,013,1133247,496,246,0,246,3
2020-03-31,Del Norte,015,27424,1,0,0,0,0
2020-03-31,El Dorado,017,186661,33,14,0,14,0
2020-03-31,Fresno,019,978130,252,59,3,62,0
2020-03-31,Glenn,021,27897,3,2,0,2,0
2020-03-31,Humboldt,023,135768,51,18,0,18,0
2020-03-31,Imperial,025,180216,88,17,0,17,0
2020-03-31,Inyo,027,18085,10,8,0,8,0
2020-03-31,Kern,029,883053,281,47,0,47,0
2020-03-31,Kings,031,150075,33,2,1,3,0
2020-03-31,Lake,033,64148,1,0,0,0,0
2020-03-31,Lassen,035,31185,3,0,2,2,0
2020-03-31,Los Angeles,037,10098052,7090,3001,11,3012,53
2020-03-31,Madera,039,155013,49,17,0,17,1
2020-03-31,Marin,041,260295,137,85,0,85,1
2020-03-31,Mariposa,043,17540,0,0,0,0,0
2020-03-31,Mendocino,045,87422,5,4,0,4,0
2020-03-31,Merced,047,269075,33,6,0,6,0
2020-03-31,Modoc,049,8938,0,0,0,0,0
2020-03-31,Mono,051,14174,26,12,0,12,0
2020-03-31,Monterey,053,433212,83,43,0,43,2
2020-03-31,Napa,055,140530,35,9,0,9,0
2020-03-31,Nevada,057,99092,35,15,1,16,0
2020-03-31,Orange,059,3164182,1345,506,13,519,7
2020-03-31,Placer,061,380077,121,49,0,49,2
2020-03-31,Plumas,063,18699,1,0,0,0,0
2020-03-31,Riverside,065,2383286,1284,284,12,296,8
2020-03-31,Sacramento,067,1510023,610,271,0,271,8
2020-03-31,San Benito,069,59416,29,14,0,14,1
2020-03-31,San Bernardino,071,2135413,748,193,0,193,5
2020-03-31,San Diego,073,3302833,1581,736,0,736,9
2020-03-31,San Francisco,075,870044,754,404,0,404,5
2020-03-31,San Joaquin,077,732212,235,122,3,125,7
2020-03-31,San Luis Obispo,079,281455,129,67,1,68,0
2020-03-31,San Mateo,081,765935,741,297,2,299,12
2020-03-31,Santa Barbara,083,443738,221,89,1,90,0
2020-03-31,Santa Clara,085,1922200,1429,777,4,781,30
2020-03-31,Santa Cruz,087,273765,84,40,0,40,1
2020-03-31,Shasta,089,179085,22,5,0,5,1
2020-03-31,Sierra,091,2930,0,0,0,0,0
2020-03-31,Siskiyou,093,43540,4,3,0,3,0
2020-03-31,Solano,095,438530,117,56,0,56,0
2020-03-31,Sonoma,097,501317,148,58,0,58,1
2020-03-31,Stanislaus,099,539301,102,28,3,31,0
2020-03-31,Sutter,101,95872,21,8,0,8,0
2020-03-31,Tehama,103,63373,1,0,0,0,0
2020-03-31,Trinity,105,12862,0,0,0,0,0
2020-03-31,Tulare,107,460477,159,42,4,46,1
2020-03-31,Tuolumne,109,53932,3,1,0,1,0
2020-03-31,Ventura,111,848112,312,143,0,143,4
2020-03-31,Yolo,113,214977,61,21,0,21,1
2020-03-31,Yuba,115,75493,9,5,0,5,0
2020-03-30,Alameda,001,1643700,677,250,1,251,7
2020-03-30,Alpine,003,1148,1,1,0,1,0
2020-03-30,Amador,005,37829,5,1,0,1,0
2020-03-30,Butte,007,227075,14,5,0,5,0
2020-03-30,Calaveras,009,45235,6,3,0,3,0
2020-03-30,Colusa,011,21464,3,1,0,1,0
2020-03-30,Contra Costa,013,1133247,470,212,0,212,3
2020-03-30,Del Norte,015,27424,0,0,0,0,0
2020-03-30,El Dorado,017,186661,33,11,0,11,0
2020-03-30,Fresno,019,978130,227,46,3,49,0
2020-03-30,Glenn,021,27897,3,2,0,2,0
2020-03-30,Humboldt,023,135768,49,11,0,11,0
2020-03-30,Imperial,025,180216,85,9,0,9,0
2020-03-30,Inyo,027,18085,10,5,0,5,0
2020-03-30,Kern,029,883053,248,30,0,30,0
2020-03-30,Kings,031,150075,33,1,1,2,0
2020-03-30,Lake,033,64148,1,0,0,0,0
2020-03-30,Lassen,035,31185,3,0,1,1,0
2020-03-30,Los Angeles,037,10098052,6430,2467,11,2478,44
2020-03-30,Madera,039,155013,48,14,0,14,1
2020-03-30,Marin,041,260295,130,78,0,78,0
2020-03-30,Mariposa,043,17540,0,0,0,0,0
2020-03-30,Mendocino,045,87422,5,2,0,2,0
2020-03-30,Merced,047,269075,29,6,0,6,0
2020-03-30,Modoc,049,8938,0,0,0,0,0
2020-03-30,Mono,051,14174,26,11,0,11,0
2020-03-30,Monterey,053,433212,78,41,0,41,1
2020-03-30,Napa,055,140530,34,9,0,9,0
2020-03-30,Nevada,057,99092,34,14,1,15,0
2020-03-30,Orange,059,3164182,1280,418,13,431,5
2020-03-30,Placer,061,380077,118,44,0,44,2
2020-03-30,Plumas,063,18699,1,0,0,0,0
2020-03-30,Riverside,065,2383286,1203,204,12,216,7
2020-03-30,Sacramento,067,1510023,586,238,0,238,8
2020-03-30,San Benito,069,59416,29,11,0,11,1
2020-03-30,San Bernardino,071,2135413,704,145,0,145,4
2020-03-30,San Diego,073,3302833,1511,605,0,605,7
2020-03-30,San Francisco,075,870044,714,368,0,368,5
2020-03-30,San Joaquin,077,732212,228,112,3,115,5
2020-03-30,San Luis Obispo,079,281455,126,62,1,63,0
2020-03-30,San Mateo,081,765935,717,257,2,259,11
2020-03-30,Santa Barbara,083,443738,212,79,1,80,0
2020-03-30,Santa Clara,085,1922200,1398,745,3,748,31
2020-03-30,Santa Cruz,087,273765,81,36,0,36,1
2020-03-30,Shasta,089,179085,21,4,0,4,1
2020-03-30,Sierra,091,2930,0,0,0,0,0
2020-03-30,Siskiyou,093,43540,4,2,0,2,0
2020-03-30,Solano,095,438530,111,50,0,50,0
2020-03-30,Sonoma,097,501317,145,57,0,57,1
2020-03-30,Stanislaus,099,539301,95,28,3,31,0
2020-03-30,Sutter,101,95872,20,6,0,6,0
2020-03-30,Tehama,103,63373,1,0,0,0,0
2020-03-30,Trinity,105,12862,0,0,0,0,0
2020-03-30,Tulare,107,460477,147,40,3,43,1
2020-03-30,Tuolumne,109,53932,3,1,0,1,0
2020-03-30,Ventura,111,848112,301,118,0,118,2
2020-03-30,Yolo,113,214977,58,17,0,17,1
2020-03-30,Yuba,115,75493,8,5,0,5,0
2020-03-29,Alameda,001,1643700,643,207,1,208,6
2020-03-29,Alpine,003,1148,1,0,0,0,0
2020-03-29,Amador,005,37829,5,1,0,1,0
2020-03-29,Butte,007,227075,14,4,0,4,0
2020-03-29,Calaveras,009,45235,6,2,0,2,0
2020-03-29,Colusa,011,21464,3,1,0,1,0
2020-03-29,Contra Costa,013,1133247,440,187,0,187,3
2020-03-29,Del Norte,015,27424,0,0,0,0,0
2020-03-29,El Dorado,017,186661,32,9,0,9,0
2020-03-29,Fresno,019,978130,203,31,3,34,0
2020-03-29,Glenn,021,27897,2,1,0,1,0
2020-03-29,Humboldt,023,135768,46,9,0,9,0
2020-03-29,Imperial,025,180216,79,9,0,9,0
2020-03-29,Inyo,027,18085,9,0,0,0,0
2020-03-29,Kern,029,883053,230,20,0,20,0
2020-03-29,Kings,031,150075,30,1,1,2,0
2020-03-29,Lake,033,64148,0,0,0,0,0
2020-03-29,Lassen,035,31185,3,0,1,1,0
2020-03-29,Los Angeles,037,10098052,5784,2119,11,2130,37
2020-03-29,Madera,039,155013,43,11,0,11,1
2020-03-29,Marin,041,260295,125,60,0,60,0
2020-03-29,Mariposa,043,17540,0,0,0,0,0
2020-03-29,Mendocino,045,87422,5,2,0,2,0
2020-03-29,Merced,047,269075,28,4,0,4,0
2020-03-29,Modoc,049,8938,0,0,0,0,0
2020-03-29,Mono,051,14174,26,8,0,8,0
2020-03-29,Monterey,053,433212,73,36,0,36,1
2020-03-29,Napa,055,140530,32,5,0,5,0
2020-03-29,Nevada,057,99092,32,13,1,14,0
2020-03-29,Orange,059,3164182,1207,343,13,356,2
2020-03-29,Placer,061,380077,117,35,0,35,2
2020-03-29,Plumas,063,18699,1,0,0,0,0
2020-03-29,Riverside,065,2383286,1079,122,12,134,7
2020-03-29,Sacramento,067,1510023,546,217,0,217,7
2020-03-29,San Benito,069,59416,28,10,0,10,1
2020-03-29,San Bernardino,071,2135413,652,94,0,94,2
2020-03-29,San Diego,073,3302833,1439,521,0,521,7
2020-03-29,San Francisco,075,870044,670,333,0,333,5
2020-03-29,San Joaquin,077,732212,219,86,3,89,4
2020-03-29,San Luis Obispo,079,281455,119,55,0,55,0
2020-03-29,San Mateo,081,765935,692,234,2,236,12
2020-03-29,Santa Barbara,083,443738,204,52,1,53,0
2020-03-29,Santa Clara,085,1922200,1341,591,3,594,30
2020-03-29,Santa Cruz,087,273765,81,33,0,33,1
2020-03-29,Shasta,089,179085,20,4,0,4,1
2020-03-29,Sierra,091,2930,0,0,0,0,0
2020-03-29,Siskiyou,093,43540,4,2,0,2,0
2020-03-29,Solano,095,438530,103,48,0,48,0
2020-03-29,Sonoma,097,501317,143,35,0,35,1
2020-03-29,Stanislaus,099,539301,90,19,3,22,0
2020-03-29,Sutter,101,95872,17,6,0,6,0
2020-03-29,Tehama,103,63373,1,0,0,0,0
2020-03-29,Trinity,105,12862,0,0,0,0,0
2020-03-29,Tulare,107,460477,122,24,3,27,1
2020-03-29,Tuolumne,109,53932,2,1,0,1,0
2020-03-29,Ventura,111,848112,274,92,0,92,2
2020-03-29,Yolo,113,214977,53,13,0,13,1
2020-03-29,Yuba,115,75493,8,3,0,3,0
2020-03-28,Alameda,001,1643700,616,410,1,411,12
2020-03-28,Alpine,003,1148,1,0,0,0,0
2020-03-28,Amador,005,37829,5,2,0,2,0
2020-03-28,Butte,007,227075,14,8,0,8,0
2020-03-28,Calaveras,009,45235,6,4,0,4,0
2020-03-28,Colusa,011,21464,3,2,0,2,0
2020-03-28,Contra Costa,013,1133247,417,350,0,350,4
2020-03-28,Del Norte,015,27424,0,0,0,0,0
2020-03-28,El Dorado,017,186661,31,18,0,18,0
2020-03-28,Fresno,019,978130,193,62,3,65,0
2020-03-28,Glenn,021,27897,2,2,0,2,0
2020-03-28,Humboldt,023,135768,46,18,0,18,0
2020-03-28,Imperial,025,180216,74,18,0,18,0
2020-03-28,Inyo,027,18085,9,0,0,0,0
2020-03-28,Kern,029,883053,213,40,0,40,0
2020-03-28,Kings,031,150075,29,2,1,3,0
2020-03-28,Lake,033,64148,0,0,0,0,0
2020-03-28,Lassen,035,31185,3,0,1,1,0
2020-03-28,Los Angeles,037,10098052,5399,3600,10,3610,64
2020-03-28,Madera,039,155013,43,22,0,22,2
2020-03-28,Marin,041,260295,120,116,0,116,0
2020-03-28,Mariposa,043,17540,0,0,0,0,0
2020-03-28,Mendocino,045,87422,5,4,0,4,0
2020-03-28,Merced,047,269075,27,8,0,8,0
2020-03-28,Modoc,049,8938,0,0,0,0,0
2020-03-28,Mono,051,14174,24,12,0,12,0
2020-03-28,Monterey,053,433212,72,64,0,64,2
2020-03-28,Napa,055,140530,27,10,0,10,0
2020-03-28,Nevada,057,99092,32,22,1,23,0
2020-03-28,Orange,059,3164182,1171,656,13,669,4
2020-03-28,Placer,061,380077,112,70,0,70,2
2020-03-28,Plumas,063,18699,1,0,0,0,0
2020-03-28,Riverside,065,2383286,1011,242,12,254,14
2020-03-28,Sacramento,067,1510023,528,406,0,406,14
2020-03-28,San Benito,069,59416,28,20,0,20,2
2020-03-28,San Bernardino,071,2135413,604,162,0,162,4
2020-03-28,San Diego,073,3302833,1380,980,0,980,14
2020-03-28,San Francisco,075,870044,646,600,0,600,6
2020-03-28,San Joaquin,077,732212,212,166,3,169,8
2020-03-28,San Luis Obispo,079,281455,117,104,0,104,0
2020-03-28,San Mateo,081,765935,672,462,2,464,17
2020-03-28,Santa Barbara,083,443738,194,98,1,99,0
2020-03-28,Santa Clara,085,1922200,1322,1174,3,1177,54
2020-03-28,Santa Cruz,087,273765,80,62,0,62,0
2020-03-28,Shasta,089,179085,20,8,0,8,2
2020-03-28,Sierra,091,2930,0,0,0,0,0
2020-03-28,Siskiyou,093,43540,4,4,0,4,0
2020-03-28,Solano,095,438530,99,96,0,96,0
2020-03-28,Sonoma,097,501317,141,70,0,70,2
2020-03-28,Stanislaus,099,539301,85,34,3,37,0
2020-03-28,Sutter,101,95872,17,6,0,6,0
2020-03-28,Tehama,103,63373,1,0,0,0,0
2020-03-28,Trinity,105,12862,0,0,0,0,0
2020-03-28,Tulare,107,460477,114,46,3,49,0
2020-03-28,Tuolumne,109,53932,2,2,0,2,0
2020-03-28,Ventura,111,848112,270,178,0,178,4
2020-03-28,Yolo,113,214977,52,26,0,26,2
2020-03-28,Yuba,115,75493,8,6,0,6,0
2020-03-27,Alameda,001,1643700,597,185,1,186,4
2020-03-27,Alpine,003,1148,1,0,0,0,0
2020-03-27,Amador,005,37829,4,1,0,1,0
2020-03-27,Butte,007,227075,12,4,0,4,0
2020-03-27,Calaveras,009,45235,6,2,0,2,0
2020-03-27,Colusa,011,21464,3,0,0,0,0
2020-03-27,Contra Costa,013,1133247,396,161,0,161,2
2020-03-27,Del Norte,015,27424,0,0,0,0,0
2020-03-27,El Dorado,017,186661,29,9,0,9,0
2020-03-27,Fresno,019,978130,181,29,2,31,0
2020-03-27,Glenn,021,27897,2,0,0,0,0
2020-03-27,Humboldt,023,135768,42,9,0,9,0
2020-03-27,Imperial,025,180216,69,9,0,9,0
2020-03-27,Inyo,027,18085,9,0,0,0,0
2020-03-27,Kern,029,883053,200,20,0,20,0
2020-03-27,Kings,031,150075,28,0,1,1,0
2020-03-27,Lake,033,64148,0,0,0,0,0
2020-03-27,Lassen,035,31185,3,0,1,1,0
2020-03-27,Los Angeles,037,10098052,4989,1474,10,1484,26
2020-03-27,Madera,039,155013,41,10,0,10,1
2020-03-27,Marin,041,260295,115,58,0,58,0
2020-03-27,Mariposa,043,17540,0,0,0,0,0
2020-03-27,Mendocino,045,87422,5,2,0,2,0
2020-03-27,Merced,047,269075,26,3,0,3,0
2020-03-27,Modoc,049,8938,0,0,0,0,0
2020-03-27,Mono,051,14174,24,6,0,6,0
2020-03-27,Monterey,053,433212,69,26,0,26,1
2020-03-27,Napa,055,140530,27,5,0,5,0
2020-03-27,Nevada,057,99092,32,6,1,7,0
2020-03-27,Orange,059,3164182,1121,299,13,312,2
2020-03-27,Placer,061,380077,109,33,0,33,1
2020-03-27,Plumas,063,18699,0,0,0,0,0
2020-03-27,Riverside,065,2383286,955,121,12,133,7
2020-03-27,Sacramento,067,1510023,505,163,0,163,6
2020-03-27,San Benito,069,59416,27,9,0,9,1
2020-03-27,San Bernardino,071,2135413,514,77,0,77,2
2020-03-27,San Diego,073,3302833,1323,419,0,419,5
2020-03-27,San Francisco,075,870044,621,285,0,285,2
2020-03-27,San Joaquin,077,732212,201,73,3,76,3
2020-03-27,San Luis Obispo,079,281455,115,46,0,46,0
2020-03-27,San Mateo,081,765935,646,213,2,215,7
2020-03-27,Santa Barbara,083,443738,180,37,1,38,0
2020-03-27,Santa Clara,085,1922200,1284,557,3,560,25
2020-03-27,Santa Cruz,087,273765,79,31,0,31,0
2020-03-27,Shasta,089,179085,17,3,0,3,1
2020-03-27,Sierra,091,2930,0,0,0,0,0
2020-03-27,Siskiyou,093,43540,4,2,0,2,0
2020-03-27,Solano,095,438530,93,48,0,48,0
2020-03-27,Sonoma,097,501317,133,35,0,35,1
2020-03-27,Stanislaus,099,539301,83,16,3,19,0
2020-03-27,Sutter,101,95872,16,2,0,2,0
2020-03-27,Tehama,103,63373,1,0,0,0,0
2020-03-27,Trinity,105,12862,0,0,0,0,0
2020-03-27,Tulare,107,460477,106,15,3,18,0
2020-03-27,Tuolumne,109,53932,2,1,0,1,0
2020-03-27,Ventura,111,848112,261,80,0,80,2
2020-03-27,Yolo,113,214977,51,13,0,13,1
2020-03-27,Yuba,115,75493,7,3,0,3,0
2020-03-26,Alameda,001,1643700,557,172,1,173,4
2020-03-26,Alpine,003,1148,1,0,0,0,0
2020-03-26,Amador,005,37829,4,1,0,1,0
2020-03-26,Butte,007,227075,12,4,0,4,0
2020-03-26,Calaveras,009,45235,6,2,0,2,0
2020-03-26,Colusa,011,21464,3,0,0,0,0
2020-03-26,Contra Costa,013,1133247,385,147,0,147,2
2020-03-26,Del Norte,015,27424,0,0,0,0,0
2020-03-26,El Dorado,017,186661,27,7,0,7,0
2020-03-26,Fresno,019,978130,172,25,2,27,0
2020-03-26,Glenn,021,27897,2,0,0,0,0
2020-03-26,Humboldt,023,135768,38,8,0,8,0
2020-03-26,Imperial,025,180216,65,8,0,8,0
2020-03-26,Inyo,027,18085,8,0,0,0,0
2020-03-26,Kern,029,883053,184,20,0,20,0
2020-03-26,Kings,031,150075,28,0,1,1,0
2020-03-26,Lake,033,64148,0,0,0,0,0
2020-03-26,Lassen,035,31185,3,0,1,1,0
2020-03-26,Los Angeles,037,10098052,4581,1075,10,1085,19
2020-03-26,Madera,039,155013,39,8,0,8,0
2020-03-26,Marin,041,260295,106,56,0,56,0
2020-03-26,Mariposa,043,17540,0,0,0,0,0
2020-03-26,Mendocino,045,87422,4,1,0,1,0
2020-03-26,Merced,047,269075,23,1,0,1,0
2020-03-26,Modoc,049,8938,0,0,0,0,0
2020-03-26,Mono,051,14174,23,5,0,5,0
2020-03-26,Monterey,053,433212,66,25,0,25,1
2020-03-26,Napa,055,140530,26,5,0,5,0
2020-03-26,Nevada,057,99092,32,7,1,8,0
2020-03-26,Orange,059,3164182,1059,279,11,290,1
2020-03-26,Placer,061,380077,106,34,0,34,1
2020-03-26,Plumas,063,18699,0,0,0,0,0
2020-03-26,Riverside,065,2383286,884,118,12,130,7
2020-03-26,Sacramento,067,1510023,472,147,0,147,5
2020-03-26,San Benito,069,59416,27,8,0,8,1
2020-03-26,San Bernardino,071,2135413,448,57,0,57,1
2020-03-26,San Diego,073,3302833,1256,299,0,299,2
2020-03-26,San Francisco,075,870044,594,261,0,261,1
2020-03-26,San Joaquin,077,732212,190,69,3,72,3
2020-03-26,San Luis Obispo,079,281455,110,38,0,38,0
2020-03-26,San Mateo,081,765935,612,122,2,124,5
2020-03-26,Santa Barbara,083,443738,167,33,1,34,0
2020-03-26,Santa Clara,085,1922200,1239,487,2,489,20
2020-03-26,Santa Cruz,087,273765,75,30,0,30,0
2020-03-26,Shasta,089,179085,17,3,0,3,1
2020-03-26,Sierra,091,2930,0,0,0,0,0
2020-03-26,Siskiyou,093,43540,4,2,0,2,0
2020-03-26,Solano,095,438530,85,41,0,41,0
2020-03-26,Sonoma,097,501317,128,33,0,33,1
2020-03-26,Stanislaus,099,539301,81,15,3,18,0
2020-03-26,Sutter,101,95872,12,2,0,2,0
2020-03-26,Tehama,103,63373,1,0,0,0,0
2020-03-26,Trinity,105,12862,0,0,0,0,0
2020-03-26,Tulare,107,460477,97,15,3,18,0
2020-03-26,Tuolumne,109,53932,2,0,0,0,0
2020-03-26,Ventura,111,848112,245,70,0,70,1
2020-03-26,Yolo,113,214977,47,13,0,13,1
2020-03-26,Yuba,115,75493,7,3,0,3,0
2020-03-25,Alameda,001,1643700,536,134,1,135,3
2020-03-25,Alpine,003,1148,1,0,0,0,0
2020-03-25,Amador,005,37829,4,1,0,1,0
2020-03-25,Butte,007,227075,12,4,0,4,0
2020-03-25,Calaveras,009,45235,6,2,0,2,0
2020-03-25,Colusa,011,21464,2,0,0,0,0
2020-03-25,Contra Costa,013,1133247,371,131,0,131,1
2020-03-25,Del Norte,015,27424,0,0,0,0,0
2020-03-25,El Dorado,017,186661,27,5,0,5,0
2020-03-25,Fresno,019,978130,152,21,2,23,0
2020-03-25,Glenn,021,27897,2,0,0,0,0
2020-03-25,Humboldt,023,135768,35,3,0,3,0
2020-03-25,Imperial,025,180216,57,8,0,8,0
2020-03-25,Inyo,027,18085,5,0,0,0,0
2020-03-25,Kern,029,883053,164,13,0,13,0
2020-03-25,Kings,031,150075,26,0,1,1,0
2020-03-25,Lake,033,64148,0,0,0,0,0
2020-03-25,Lassen,035,31185,3,0,1,1,0
2020-03-25,Los Angeles,037,10098052,4183,725,10,735,10
2020-03-25,Madera,039,155013,37,6,0,6,0
2020-03-25,Marin,041,260295,100,47,0,47,0
2020-03-25,Mariposa,043,17540,0,0,0,0,0
2020-03-25,Mendocino,045,87422,3,1,0,1,0
2020-03-25,Merced,047,269075,19,0,0,0,0
2020-03-25,Modoc,049,8938,0,0,0,0,0
2020-03-25,Mono,051,14174,22,4,0,4,0
2020-03-25,Monterey,053,433212,63,23,0,23,1
2020-03-25,Napa,055,140530,26,5,0,5,0
2020-03-25,Nevada,057,99092,31,5,1,6,0
2020-03-25,Orange,059,3164182,1001,214,9,223,1
2020-03-25,Placer,061,380077,100,30,0,30,1
2020-03-25,Plumas,063,18699,0,1,0,1,0
2020-03-25,Riverside,065,2383286,813,87,12,99,5
2020-03-25,Sacramento,067,1510023,446,114,0,114,5
2020-03-25,San Benito,069,59416,26,4,0,4,1
2020-03-25,San Bernardino,071,2135413,409,46,0,46,1
2020-03-25,San Diego,073,3302833,1194,238,0,238,2
2020-03-25,San Francisco,075,870044,553,212,0,212,1
2020-03-25,San Joaquin,077,732212,177,64,3,67,2
2020-03-25,San Luis Obispo,079,281455,105,35,0,35,0
2020-03-25,San Mateo,081,765935,577,111,2,113,5
2020-03-25,Santa Barbara,083,443738,157,25,1,26,0
2020-03-25,Santa Clara,085,1922200,1195,452,2,454,20
2020-03-25,Santa Cruz,087,273765,72,26,0,26,0
2020-03-25,Shasta,089,179085,16,3,0,3,1
2020-03-25,Sierra,091,2930,0,0,0,0,0
2020-03-25,Siskiyou,093,43540,4,2,0,2,0
2020-03-25,Solano,095,438530,80,39,0,39,0
2020-03-25,Sonoma,097,501317,123,31,0,31,1
2020-03-25,Stanislaus,099,539301,74,14,3,17,0
2020-03-25,Sutter,101,95872,9,1,0,1,0
2020-03-25,Tehama,103,63373,1,0,0,0,0
2020-03-25,Trinity,105,12862,0,0,0,0,0
2020-03-25,Tulare,107,460477,87,11,3,14,0
2020-03-25,Tuolumne,109,53932,2,0,0,0,0
2020-03-25,Ventura,111,848112,229,53,0,53,1
2020-03-25,Yolo,113,214977,45,9,0,9,1
2020-03-25,Yuba,115,75493,7,2,0,2,0
2020-03-24,Alameda,001,1643700,503,96,1,97,2
2020-03-24,Alpine,003,1148,1,0,0,0,0
2020-03-24,Amador,005,37829,2,1,0,1,0
2020-03-24,Butte,007,227075,11,3,0,3,0
2020-03-24,Calaveras,009,45235,5,2,0,2,0
2020-03-24,Colusa,011,21464,2,0,0,0,0
2020-03-24,Contra Costa,013,1133247,358,108,0,108,1
2020-03-24,Del Norte,015,27424,0,0,0,0,0
2020-03-24,El Dorado,017,186661,27,3,0,3,0
2020-03-24,Fresno,019,978130,133,18,2,20,0
2020-03-24,Glenn,021,27897,2,0,0,0,0
2020-03-24,Humboldt,023,135768,33,2,0,2,0
2020-03-24,Imperial,025,180216,54,3,0,3,0
2020-03-24,Inyo,027,18085,5,0,0,0,0
2020-03-24,Kern,029,883053,144,5,0,5,0
2020-03-24,Kings,031,150075,25,0,1,1,0
2020-03-24,Lake,033,64148,0,0,0,0,0
2020-03-24,Lassen,035,31185,3,0,1,1,0
2020-03-24,Los Angeles,037,10098052,3730,633,10,643,7
2020-03-24,Madera,039,155013,36,6,0,6,0
2020-03-24,Marin,041,260295,89,44,0,44,0
2020-03-24,Mariposa,043,17540,0,0,0,0,0
2020-03-24,Mendocino,045,87422,3,1,0,1,0
2020-03-24,Merced,047,269075,17,0,0,0,0
2020-03-24,Modoc,049,8938,0,0,0,0,0
2020-03-24,Mono,051,14174,21,1,0,1,0
2020-03-24,Monterey,053,433212,59,23,0,23,1
2020-03-24,Napa,055,140530,23,2,0,2,0
2020-03-24,Nevada,057,99092,30,4,1,5,0
2020-03-24,Orange,059,3164182,939,166,9,175,0
2020-03-24,Placer,061,380077,93,22,0,22,1
2020-03-24,Plumas,063,18699,0,1,0,1,0
2020-03-24,Riverside,065,2383286,746,56,12,68,5
2020-03-24,Sacramento,067,1510023,426,93,0,93,4
2020-03-24,San Benito,069,59416,25,4,0,4,1
2020-03-24,San Bernardino,071,2135413,365,27,0,27,0
2020-03-24,San Diego,073,3302833,1127,231,0,231,2
2020-03-24,San Francisco,075,870044,521,181,0,181,1
2020-03-24,San Joaquin,077,732212,166,52,3,55,2
2020-03-24,San Luis Obispo,079,281455,102,32,0,32,0
2020-03-24,San Mateo,081,765935,536,100,2,102,2
2020-03-24,Santa Barbara,083,443738,151,20,1,21,0
2020-03-24,Santa Clara,085,1922200,1126,389,2,391,17
2020-03-24,Santa Cruz,087,273765,67,22,0,22,0
2020-03-24,Shasta,089,179085,15,3,0,3,0
2020-03-24,Sierra,091,2930,0,0,0,0,0
2020-03-24,Siskiyou,093,43540,4,2,0,2,0
2020-03-24,Solano,095,438530,78,34,0,34,0
2020-03-24,Sonoma,097,501317,116,27,0,27,1
2020-03-24,Stanislaus,099,539301,65,13,3,16,0
2020-03-24,Sutter,101,95872,9,0,0,0,0
2020-03-24,Tehama,103,63373,1,0,0,0,0
2020-03-24,Trinity,105,12862,0,0,0,0,0
2020-03-24,Tulare,107,460477,77,10,3,13,0
2020-03-24,Tuolumne,109,53932,2,0,0,0,0
2020-03-24,Ventura,111,848112,213,44,0,44,1
2020-03-24,Yolo,113,214977,41,8,0,8,0
2020-03-24,Yuba,115,75493,7,2,0,2,0
2020-03-23,Alameda,001,1643700,472,88,1,89,1
2020-03-23,Alpine,003,1148,1,0,0,0,0
2020-03-23,Amador,005,37829,2,1,0,1,0
2020-03-23,Butte,007,227075,11,2,0,2,0
2020-03-23,Calaveras,009,45235,5,2,0,2,0
2020-03-23,Colusa,011,21464,1,0,0,0,0
2020-03-23,Contra Costa,013,1133247,338,91,0,91,2
2020-03-23,Del Norte,015,27424,0,0,0,0,0
2020-03-23,El Dorado,017,186661,26,3,0,3,0
2020-03-23,Fresno,019,978130,123,10,2,12,0
2020-03-23,Glenn,021,27897,2,0,0,0,0
2020-03-23,Humboldt,023,135768,31,2,0,2,0
2020-03-23,Imperial,025,180216,50,2,0,2,0
2020-03-23,Inyo,027,18085,3,0,0,0,0
2020-03-23,Kern,029,883053,130,5,0,5,0
2020-03-23,Kings,031,150075,25,0,1,1,0
2020-03-23,Lake,033,64148,0,0,0,0,0
2020-03-23,Lassen,035,31185,3,0,1,1,0
2020-03-23,Los Angeles,037,10098052,3419,389,10,399,4
2020-03-23,Madera,039,155013,36,4,0,4,0
2020-03-23,Marin,041,260295,84,30,0,30,0
2020-03-23,Mariposa,043,17540,0,0,0,0,0
2020-03-23,Mendocino,045,87422,3,1,0,1,0
2020-03-23,Merced,047,269075,11,0,0,0,0
2020-03-23,Modoc,049,8938,0,0,0,0,0
2020-03-23,Mono,051,14174,19,1,0,1,0
2020-03-23,Monterey,053,433212,54,14,0,14,1
2020-03-23,Napa,055,140530,21,1,0,1,0
2020-03-23,Nevada,057,99092,27,2,1,3,0
2020-03-23,Orange,059,3164182,884,138,7,145,0
2020-03-23,Placer,061,380077,90,19,0,19,1
2020-03-23,Plumas,063,18699,0,0,0,0,0
2020-03-23,Riverside,065,2383286,703,39,12,51,5
2020-03-23,Sacramento,067,1510023,393,87,0,87,4
2020-03-23,San Benito,069,59416,24,4,0,4,1
2020-03-23,San Bernardino,071,2135413,335,17,0,17,0
2020-03-23,San Diego,073,3302833,1068,178,0,178,1
2020-03-23,San Francisco,075,870044,492,152,0,152,0
2020-03-23,San Joaquin,077,732212,154,37,3,40,2
2020-03-23,San Luis Obispo,079,281455,96,23,0,23,0
2020-03-23,San Mateo,081,765935,497,88,2,90,1
2020-03-23,Santa Barbara,083,443738,133,18,1,19,0
2020-03-23,Santa Clara,085,1922200,1077,336,2,338,13
2020-03-23,Santa Cruz,087,273765,65,21,0,21,0
2020-03-23,Shasta,089,179085,13,2,0,2,0
2020-03-23,Sierra,091,2930,0,0,0,0,0
2020-03-23,Siskiyou,093,43540,4,2,0,2,0
2020-03-23,Solano,095,438530,74,33,0,33,0
2020-03-23,Sonoma,097,501317,104,19,0,19,1
2020-03-23,Stanislaus,099,539301,57,10,3,13,0
2020-03-23,Sutter,101,95872,9,0,0,0,0
2020-03-23,Tehama,103,63373,1,0,0,0,0
2020-03-23,Trinity,105,12862,0,0,0,0,0
2020-03-23,Tulare,107,460477,68,9,3,12,0
2020-03-23,Tuolumne,109,53932,2,0,0,0,0
2020-03-23,Ventura,111,848112,196,30,0,30,0
2020-03-23,Yolo,113,214977,40,8,0,8,0
2020-03-23,Yuba,115,75493,7,2,0,2,0
2020-03-22,Alameda,001,1643700,433,72,1,73,1
2020-03-22,Alpine,003,1148,1,0,0,0,0
2020-03-22,Amador,005,37829,2,1,0,1,0
2020-03-22,Butte,007,227075,8,1,0,1,0
2020-03-22,Calaveras,009,45235,4,2,0,2,0
2020-03-22,Colusa,011,21464,1,0,0,0,0
2020-03-22,Contra Costa,013,1133247,311,79,0,79,1
2020-03-22,Del Norte,015,27424,0,0,0,0,0
2020-03-22,El Dorado,017,186661,24,1,0,1,0
2020-03-22,Fresno,019,978130,103,8,2,10,0
2020-03-22,Glenn,021,27897,2,0,0,0,0
2020-03-22,Humboldt,023,135768,28,1,0,1,0
2020-03-22,Imperial,025,180216,48,2,0,2,0
2020-03-22,Inyo,027,18085,1,0,0,0,0
2020-03-22,Kern,029,883053,114,3,0,3,0
2020-03-22,Kings,031,150075,22,0,1,1,0
2020-03-22,Lake,033,64148,0,0,0,0,0
2020-03-22,Lassen,035,31185,3,0,1,1,0
2020-03-22,Los Angeles,037,10098052,3093,384,10,394,3
2020-03-22,Madera,039,155013,33,4,0,4,0
2020-03-22,Marin,041,260295,74,30,0,30,0
2020-03-22,Mariposa,043,17540,0,0,0,0,0
2020-03-22,Mendocino,045,87422,3,1,0,1,0
2020-03-22,Merced,047,269075,7,0,0,0,0
2020-03-22,Modoc,049,8938,0,0,0,0,0
2020-03-22,Mono,051,14174,14,1,0,1,0
2020-03-22,Monterey,053,433212,51,14,0,14,1
2020-03-22,Napa,055,140530,17,1,0,1,0
2020-03-22,Nevada,057,99092,23,2,1,3,0
2020-03-22,Orange,059,3164182,811,102,4,106,0
2020-03-22,Placer,061,380077,88,18,0,18,1
2020-03-22,Plumas,063,18699,0,0,0,0,0
2020-03-22,Riverside,065,2383286,613,26,8,34,5
2020-03-22,Sacramento,067,1510023,361,82,0,82,4
2020-03-22,San Benito,069,59416,19,4,0,4,1
2020-03-22,San Bernardino,071,2135413,291,16,0,16,0
2020-03-22,San Diego,073,3302833,980,161,0,161,0
2020-03-22,San Francisco,075,870044,455,134,0,134,0
2020-03-22,San Joaquin,077,732212,140,30,3,33,2
2020-03-22,San Luis Obispo,079,281455,89,19,0,19,0
2020-03-22,San Mateo,081,765935,464,82,2,84,1
2020-03-22,Santa Barbara,083,443738,119,16,1,17,0
2020-03-22,Santa Clara,085,1922200,1013,284,2,286,13
2020-03-22,Santa Cruz,087,273765,64,19,0,19,0
2020-03-22,Shasta,089,179085,13,1,0,1,0
2020-03-22,Sierra,091,2930,0,0,0,0,0
2020-03-22,Siskiyou,093,43540,4,2,0,2,0
2020-03-22,Solano,095,438530,65,30,0,30,0
2020-03-22,Sonoma,097,501317,99,18,0,18,1
2020-03-22,Stanislaus,099,539301,51,8,3,11,0
2020-03-22,Sutter,101,95872,8,0,0,0,0
2020-03-22,Tehama,103,63373,0,0,0,0,0
2020-03-22,Trinity,105,12862,0,0,0,0,0
2020-03-22,Tulare,107,460477,62,5,3,8,0
2020-03-22,Tuolumne,109,53932,2,0,0,0,0
2020-03-22,Ventura,111,848112,174,26,0,26,0
2020-03-22,Yolo,113,214977,34,6,0,6,0
2020-03-22,Yuba,115,75493,7,2,0,2,0
2020-03-21,Alameda,001,1643700,409,62,1,63,0
2020-03-21,Alpine,003,1148,1,0,0,0,0
2020-03-21,Amador,005,37829,2,1,0,1,0
2020-03-21,Butte,007,227075,7,1,0,1,0
2020-03-21,Calaveras,009,45235,4,2,0,2,0
2020-03-21,Colusa,011,21464,1,0,0,0,0
2020-03-21,Contra Costa,013,1133247,300,62,0,62,1
2020-03-21,Del Norte,015,27424,0,0,0,0,0
2020-03-21,El Dorado,017,186661,21,1,0,1,0
2020-03-21,Fresno,019,978130,99,8,2,10,0
2020-03-21,Glenn,021,27897,2,0,0,0,0
2020-03-21,Humboldt,023,135768,25,1,0,1,0
2020-03-21,Imperial,025,180216,44,2,0,2,0
2020-03-21,Inyo,027,18085,1,0,0,0,0
2020-03-21,Kern,029,883053,108,3,0,3,0
2020-03-21,Kings,031,150075,22,0,1,1,0
2020-03-21,Lake,033,64148,0,0,0,0,0
2020-03-21,Lassen,035,31185,3,0,1,1,0
2020-03-21,Los Angeles,037,10098052,2820,322,10,332,2
2020-03-21,Madera,039,155013,33,4,0,4,0
2020-03-21,Marin,041,260295,69,30,0,30,0
2020-03-21,Mariposa,043,17540,0,0,0,0,0
2020-03-21,Mendocino,045,87422,3,1,0,1,0
2020-03-21,Merced,047,269075,6,0,0,0,0
2020-03-21,Modoc,049,8938,0,0,0,0,0
2020-03-21,Mono,051,14174,14,1,0,1,0
2020-03-21,Monterey,053,433212,48,8,0,8,1
2020-03-21,Napa,055,140530,17,0,0,0,0
2020-03-21,Nevada,057,99092,23,2,1,3,0
2020-03-21,Orange,059,3164182,762,85,4,89,0
2020-03-21,Placer,061,380077,78,11,0,11,1
2020-03-21,Plumas,063,18699,0,0,0,0,0
2020-03-21,Riverside,065,2383286,566,20,8,28,3
2020-03-21,Sacramento,067,1510023,334,66,0,66,3
2020-03-21,San Benito,069,59416,17,4,0,4,1
2020-03-21,San Bernardino,071,2135413,271,13,0,13,0
2020-03-21,San Diego,073,3302833,903,121,0,121,0
2020-03-21,San Francisco,075,870044,419,106,0,106,0
2020-03-21,San Joaquin,077,732212,131,26,3,29,2
2020-03-21,San Luis Obispo,079,281455,84,16,0,16,0
2020-03-21,San Mateo,081,765935,426,78,2,80,1
2020-03-21,Santa Barbara,083,443738,109,8,1,9,0
2020-03-21,Santa Clara,085,1922200,951,269,2,271,10
2020-03-21,Santa Cruz,087,273765,62,17,0,17,0
2020-03-21,Shasta,089,179085,12,1,0,1,0
2020-03-21,Sierra,091,2930,0,0,0,0,0
2020-03-21,Siskiyou,093,43540,4,0,0,0,0
2020-03-21,Solano,095,438530,63,30,0,30,0
2020-03-21,Sonoma,097,501317,98,15,0,15,1
2020-03-21,Stanislaus,099,539301,45,7,3,10,0
2020-03-21,Sutter,101,95872,7,0,0,0,0
2020-03-21,Tehama,103,63373,0,0,0,0,0
2020-03-21,Trinity,105,12862,0,0,0,0,0
2020-03-21,Tulare,107,460477,54,5,3,8,0
2020-03-21,Tuolumne,109,53932,2,0,0,0,0
2020-03-21,Ventura,111,848112,166,22,0,22,0
2020-03-21,Yolo,113,214977,34,6,0,6,0
2020-03-21,Yuba,115,75493,7,1,0,1,0
2020-03-20,Alameda,001,1643700,388,42,1,43,0
2020-03-20,Alpine,003,1148,1,0,0,0,0
2020-03-20,Amador,005,37829,1,0,0,0,0
2020-03-20,Butte,007,227075,7,0,0,0,0
2020-03-20,Calaveras,009,45235,4,2,0,2,0
2020-03-20,Colusa,011,21464,1,0,0,0,0
2020-03-20,Contra Costa,013,1133247,270,52,0,52,1
2020-03-20,Del Norte,015,27424,0,0,0,0,0
2020-03-20,El Dorado,017,186661,20,1,0,1,0
2020-03-20,Fresno,019,978130,96,7,2,9,0
2020-03-20,Glenn,021,27897,1,0,0,0,0
2020-03-20,Humboldt,023,135768,25,1,0,1,0
2020-03-20,Imperial,025,180216,43,2,0,2,0
2020-03-20,Inyo,027,18085,0,0,0,0,0
2020-03-20,Kern,029,883053,93,3,0,3,0
2020-03-20,Kings,031,150075,21,0,1,1,0
2020-03-20,Lake,033,64148,0,0,0,0,0
2020-03-20,Lassen,035,31185,3,0,1,1,0
2020-03-20,Los Angeles,037,10098052,2591,267,9,276,1
2020-03-20,Madera,039,155013,32,4,0,4,0
2020-03-20,Marin,041,260295,66,30,0,30,0
2020-03-20,Mariposa,043,17540,0,0,0,0,0
2020-03-20,Mendocino,045,87422,3,1,0,1,0
2020-03-20,Merced,047,269075,6,0,0,0,0
2020-03-20,Modoc,049,8938,0,0,0,0,0
2020-03-20,Mono,051,14174,14,0,0,0,0
2020-03-20,Monterey,053,433212,47,4,0,4,0
2020-03-20,Napa,055,140530,16,0,0,0,0
2020-03-20,Nevada,057,99092,20,2,1,3,0
2020-03-20,Orange,059,3164182,715,71,4,75,2
2020-03-20,Placer,061,380077,72,9,0,9,1
2020-03-20,Plumas,063,18699,0,0,0,0,0
2020-03-20,Riverside,065,2383286,507,19,8,27,3
2020-03-20,Sacramento,067,1510023,313,56,0,56,4
2020-03-20,San Benito,069,59416,17,4,0,4,1
2020-03-20,San Bernardino,071,2135413,244,9,0,9,0
2020-03-20,San Diego,073,3302833,851,98,0,98,0
2020-03-20,San Francisco,075,870044,387,87,0,87,0
2020-03-20,San Joaquin,077,732212,116,18,3,21,2
2020-03-20,San Luis Obispo,079,281455,80,11,0,11,0
2020-03-20,San Mateo,081,765935,396,71,2,73,1
2020-03-20,Santa Barbara,083,443738,97,7,1,8,0
2020-03-20,Santa Clara,085,1922200,914,246,2,248,8
2020-03-20,Santa Cruz,087,273765,60,13,0,13,0
2020-03-20,Shasta,089,179085,11,1,0,1,0
2020-03-20,Sierra,091,2930,0,0,0,0,0
2020-03-20,Siskiyou,093,43540,4,0,0,0,0
2020-03-20,Solano,095,438530,59,29,0,29,0
2020-03-20,Sonoma,097,501317,90,7,0,7,0
2020-03-20,Stanislaus,099,539301,39,7,3,10,0
2020-03-20,Sutter,101,95872,7,0,0,0,0
2020-03-20,Tehama,103,63373,0,0,0,0,0
2020-03-20,Trinity,105,12862,0,0,0,0,0
2020-03-20,Tulare,107,460477,50,4,3,7,0
2020-03-20,Tuolumne,109,53932,2,0,0,0,0
2020-03-20,Ventura,111,848112,156,18,0,18,0
2020-03-20,Yolo,113,214977,32,5,0,5,0
2020-03-20,Yuba,115,75493,6,0,0,0,0
2020-03-19,Alameda,001,1643700,352,36,1,37,0
2020-03-19,Alpine,003,1148,1,0,0,0,0
2020-03-19,Amador,005,37829,1,0,0,0,0
2020-03-19,Butte,007,227075,5,0,0,0,0
2020-03-19,Calaveras,009,45235,4,2,0,2,0
2020-03-19,Colusa,011,21464,0,0,0,0,0
2020-03-19,Contra Costa,013,1133247,254,46,0,46,0
2020-03-19,Del Norte,015,27424,0,0,0,0,0
2020-03-19,El Dorado,017,186661,18,0,0,0,0
2020-03-19,Fresno,019,978130,87,6,2,8,0
2020-03-19,Glenn,021,27897,1,0,0,0,0
2020-03-19,Humboldt,023,135768,23,1,0,1,0
2020-03-19,Imperial,025,180216,36,2,0,2,0
2020-03-19,Inyo,027,18085,0,0,0,0,0
2020-03-19,Kern,029,883053,81,3,0,3,0
2020-03-19,Kings,031,150075,17,0,1,1,0
2020-03-19,Lake,033,64148,0,0,0,0,0
2020-03-19,Lassen,035,31185,2,0,1,1,0
2020-03-19,Los Angeles,037,10098052,2302,233,9,242,0
2020-03-19,Madera,039,155013,31,3,0,3,0
2020-03-19,Marin,041,260295,63,19,0,19,0
2020-03-19,Mariposa,043,17540,0,0,0,0,0
2020-03-19,Mendocino,045,87422,2,1,0,1,0
2020-03-19,Merced,047,269075,5,0,0,0,0
2020-03-19,Modoc,049,8938,0,0,0,0,0
2020-03-19,Mono,051,14174,12,0,0,0,0
2020-03-19,Monterey,053,433212,39,3,0,3,0
2020-03-19,Napa,055,140530,14,0,0,0,0
2020-03-19,Nevada,057,99092,18,2,1,3,0
2020-03-19,Orange,059,3164182,634,59,4,63,0
2020-03-19,Placer,061,380077,64,8,0,8,1
2020-03-19,Plumas,063,18699,0,0,0,0,0
2020-03-19,Riverside,065,2383286,396,14,6,20,3
2020-03-19,Sacramento,067,1510023,280,52,0,52,3
2020-03-19,San Benito,069,59416,14,3,0,3,0
2020-03-19,San Bernardino,071,2135413,214,7,0,7,0
2020-03-19,San Diego,073,3302833,768,68,0,68,0
2020-03-19,San Francisco,075,870044,351,80,0,80,0
2020-03-19,San Joaquin,077,732212,102,15,3,18,2
2020-03-19,San Luis Obispo,079,281455,77,6,0,6,0
2020-03-19,San Mateo,081,765935,361,58,2,60,1
2020-03-19,Santa Barbara,083,443738,85,5,0,5,0
2020-03-19,Santa Clara,085,1922200,847,183,2,185,8
2020-03-19,Santa Cruz,087,273765,57,13,0,13,0
2020-03-19,Shasta,089,179085,10,1,0,1,0
2020-03-19,Sierra,091,2930,0,0,0,0,0
2020-03-19,Siskiyou,093,43540,3,0,0,0,0
2020-03-19,Solano,095,438530,55,26,0,26,0
2020-03-19,Sonoma,097,501317,87,8,0,8,0
2020-03-19,Stanislaus,099,539301,38,7,3,10,0
2020-03-19,Sutter,101,95872,7,0,0,0,0
2020-03-19,Tehama,103,63373,0,0,0,0,0
2020-03-19,Trinity,105,12862,0,0,0,0,0
2020-03-19,Tulare,107,460477,44,3,3,6,0
2020-03-19,Tuolumne,109,53932,2,0,0,0,0
2020-03-19,Ventura,111,848112,134,15,0,15,0
2020-03-19,Yolo,113,214977,28,5,0,5,0
2020-03-19,Yuba,115,75493,5,0,0,0,0
2020-03-18,Alameda,001,1643700,324,29,1,30,0
2020-03-18,Alpine,003,1148,1,0,0,0,0
2020-03-18,Amador,005,37829,1,0,0,0,0
2020-03-18,Butte,007,227075,4,0,0,0,0
2020-03-18,Calaveras,009,45235,4,2,0,2,0
2020-03-18,Colusa,011,21464,0,0,0,0,0
2020-03-18,Contra Costa,013,1133247,232,44,0,44,0
2020-03-18,Del Norte,015,27424,0,0,0,0,0
2020-03-18,El Dorado,017,186661,17,0,0,0,0
2020-03-18,Fresno,019,978130,78,3,1,4,0
2020-03-18,Glenn,021,27897,1,0,0,0,0
2020-03-18,Humboldt,023,135768,19,1,0,1,0
2020-03-18,Imperial,025,180216,30,2,0,2,0
2020-03-18,Inyo,027,18085,0,0,0,0,0
2020-03-18,Kern,029,883053,66,1,0,1,0
2020-03-18,Kings,031,150075,15,0,1,1,0
2020-03-18,Lake,033,64148,0,0,0,0,0
2020-03-18,Lassen,035,31185,1,0,1,1,0
2020-03-18,Los Angeles,037,10098052,2057,47,9,56,0
2020-03-18,Madera,039,155013,30,2,0,2,0
2020-03-18,Marin,041,260295,58,10,0,10,0
2020-03-18,Mariposa,043,17540,0,0,0,0,0
2020-03-18,Mendocino,045,87422,2,0,0,0,0
2020-03-18,Merced,047,269075,5,0,0,0,0
2020-03-18,Modoc,049,8938,0,0,0,0,0
2020-03-18,Mono,051,14174,11,0,0,0,0
2020-03-18,Monterey,053,433212,31,1,0,1,0
2020-03-18,Napa,055,140530,11,0,0,0,0
2020-03-18,Nevada,057,99092,16,2,1,3,0
2020-03-18,Orange,059,3164182,576,38,4,42,0
2020-03-18,Placer,061,380077,57,8,0,8,1
2020-03-18,Plumas,063,18699,0,0,0,0,0
2020-03-18,Riverside,065,2383286,333,11,5,16,2
2020-03-18,Sacramento,067,1510023,257,46,0,46,3
2020-03-18,San Benito,069,59416,13,3,0,3,0
2020-03-18,San Bernardino,071,2135413,192,3,0,3,0
2020-03-18,San Diego,073,3302833,683,40,0,40,0
2020-03-18,San Francisco,075,870044,332,65,0,65,0
2020-03-18,San Joaquin,077,732212,90,14,3,17,2
2020-03-18,San Luis Obispo,079,281455,70,5,0,5,0
2020-03-18,San Mateo,081,765935,340,57,2,59,1
2020-03-18,Santa Barbara,083,443738,77,2,0,2,0
2020-03-18,Santa Clara,085,1922200,796,151,2,153,6
2020-03-18,Santa Cruz,087,273765,55,11,0,11,0
2020-03-18,Shasta,089,179085,9,1,0,1,0
2020-03-18,Sierra,091,2930,0,0,0,0,0
2020-03-18,Siskiyou,093,43540,3,0,0,0,0
2020-03-18,Solano,095,438530,51,26,0,26,0
2020-03-18,Sonoma,097,501317,78,6,0,6,0
2020-03-18,Stanislaus,099,539301,34,5,2,7,0
2020-03-18,Sutter,101,95872,5,0,0,0,0
2020-03-18,Tehama,103,63373,0,0,0,0,0
2020-03-18,Trinity,105,12862,0,0,0,0,0
2020-03-18,Tulare,107,460477,34,3,3,6,0
2020-03-18,Tuolumne,109,53932,2,0,0,0,0
2020-03-18,Ventura,111,848112,115,11,0,11,0
2020-03-18,Yolo,113,214977,25,4,0,4,0
2020-03-18,Yuba,115,75493,4,0,0,0,0
2020-03-17,Alameda,001,1643700,292,19,0,19,0
2020-03-17,Alpine,003,1148,0,0,0,0,0
2020-03-17,Amador,005,37829,1,0,0,0,0
2020-03-17,Butte,007,227075,4,0,0,0,0
2020-03-17,Calaveras,009,45235,4,2,0,2,0
2020-03-17,Colusa,011,21464,0,0,0,0,0
2020-03-17,Contra Costa,013,1133247,210,37,0,37,0
2020-03-17,Del Norte,015,27424,0,0,0,0,0
2020-03-17,El Dorado,017,186661,16,0,0,0,0
2020-03-17,Fresno,019,978130,68,2,1,3,0
2020-03-17,Glenn,021,27897,1,0,0,0,0
2020-03-17,Humboldt,023,135768,17,1,0,1,0
2020-03-17,Imperial,025,180216,24,2,0,2,0
2020-03-17,Inyo,027,18085,0,0,0,0,0
2020-03-17,Kern,029,883053,52,0,0,0,0
2020-03-17,Kings,031,150075,12,0,1,1,0
2020-03-17,Lake,033,64148,0,0,0,0,0
2020-03-17,Lassen,035,31185,1,0,1,1,0
2020-03-17,Los Angeles,037,10098052,1851,41,9,50,0
2020-03-17,Madera,039,155013,22,2,0,2,0
2020-03-17,Marin,041,260295,51,4,0,4,0
2020-03-17,Mariposa,043,17540,0,0,0,0,0
2020-03-17,Mendocino,045,87422,2,0,0,0,0
2020-03-17,Merced,047,269075,5,0,0,0,0
2020-03-17,Modoc,049,8938,0,0,0,0,0
2020-03-17,Mono,051,14174,9,0,0,0,0
2020-03-17,Monterey,053,433212,29,0,0,0,0
2020-03-17,Napa,055,140530,8,0,0,0,0
2020-03-17,Nevada,057,99092,15,1,1,2,0
2020-03-17,Orange,059,3164182,498,24,3,27,0
2020-03-17,Placer,061,380077,47,7,0,7,1
2020-03-17,Plumas,063,18699,0,0,0,0,0
2020-03-17,Riverside,065,2383286,271,11,5,16,0
2020-03-17,Sacramento,067,1510023,237,36,0,36,1
2020-03-17,San Benito,069,59416,12,2,0,2,0
2020-03-17,San Bernardino,071,2135413,164,2,0,2,0
2020-03-17,San Diego,073,3302833,616,17,0,17,0
2020-03-17,San Francisco,075,870044,305,46,0,46,0
2020-03-17,San Joaquin,077,732212,84,11,3,14,0
2020-03-17,San Luis Obispo,079,281455,62,1,0,1,0
2020-03-17,San Mateo,081,765935,308,46,2,48,1
2020-03-17,Santa Barbara,083,443738,65,0,0,0,0
2020-03-17,Santa Clara,085,1922200,738,121,2,123,4
2020-03-17,Santa Cruz,087,273765,52,10,0,10,0
2020-03-17,Shasta,089,179085,5,1,0,1,0
2020-03-17,Sierra,091,2930,0,0,0,0,0
2020-03-17,Siskiyou,093,43540,3,0,0,0,0
2020-03-17,Solano,095,438530,48,27,0,27,0
2020-03-17,Sonoma,097,501317,70,4,0,4,0
2020-03-17,Stanislaus,099,539301,31,4,2,6,0
2020-03-17,Sutter,101,95872,5,0,0,0,0
2020-03-17,Tehama,103,63373,0,0,0,0,0
2020-03-17,Trinity,105,12862,0,0,0,0,0
2020-03-17,Tulare,107,460477,29,2,3,5,0
2020-03-17,Tuolumne,109,53932,2,0,0,0,0
2020-03-17,Ventura,111,848112,98,7,0,7,0
2020-03-17,Yolo,113,214977,21,2,0,2,0
2020-03-17,Yuba,115,75493,4,0,0,0,0
2020-03-16,Alameda,001,1643700,263,17,0,17,0
2020-03-16,Alpine,003,1148,0,0,0,0,0
2020-03-16,Amador,005,37829,1,0,0,0,0
2020-03-16,Butte,007,227075,3,0,0,0,0
2020-03-16,Calaveras,009,45235,4,2,0,2,0
2020-03-16,Colusa,011,21464,0,0,0,0,0
2020-03-16,Contra Costa,013,1133247,186,36,0,36,0
2020-03-16,Del Norte,015,27424,0,0,0,0,0
2020-03-16,El Dorado,017,186661,15,0,0,0,0
2020-03-16,Fresno,019,978130,53,2,1,3,0
2020-03-16,Glenn,021,27897,0,0,0,0,0
2020-03-16,Humboldt,023,135768,13,1,0,1,0
2020-03-16,Imperial,025,180216,19,2,0,2,0
2020-03-16,Inyo,027,18085,0,0,0,0,0
2020-03-16,Kern,029,883053,43,0,0,0,0
2020-03-16,Kings,031,150075,11,0,1,1,0
2020-03-16,Lake,033,64148,0,0,0,0,0
2020-03-16,Lassen,035,31185,1,0,0,0,0
2020-03-16,Los Angeles,037,10098052,1613,43,9,52,0
2020-03-16,Madera,039,155013,21,2,0,2,0
2020-03-16,Marin,041,260295,48,4,0,4,0
2020-03-16,Mariposa,043,17540,0,0,0,0,0
2020-03-16,Mendocino,045,87422,2,0,0,0,0
2020-03-16,Merced,047,269075,5,0,0,0,0
2020-03-16,Modoc,049,8938,0,0,0,0,0
2020-03-16,Mono,051,14174,7,0,0,0,0
2020-03-16,Monterey,053,433212,28,0,0,0,0
2020-03-16,Napa,055,140530,7,0,0,0,0
2020-03-16,Nevada,057,99092,11,1,1,2,0
2020-03-16,Orange,059,3164182,415,18,3,21,0
2020-03-16,Placer,061,380077,39,7,0,7,1
2020-03-16,Plumas,063,18699,0,0,0,0,0
2020-03-16,Riverside,065,2383286,235,10,5,15,0
2020-03-16,Sacramento,067,1510023,210,34,0,34,1
2020-03-16,San Benito,069,59416,8,2,0,2,0
2020-03-16,San Bernardino,071,2135413,144,1,0,1,0
2020-03-16,San Diego,073,3302833,525,17,0,17,0
2020-03-16,San Francisco,075,870044,267,40,0,40,0
2020-03-16,San Joaquin,077,732212,74,9,3,12,0
2020-03-16,San Luis Obispo,079,281455,55,1,0,1,0
2020-03-16,San Mateo,081,765935,269,42,2,44,1
2020-03-16,Santa Barbara,083,443738,55,0,0,0,0
2020-03-16,Santa Clara,085,1922200,658,115,1,116,2
2020-03-16,Santa Cruz,087,273765,45,9,0,9,0
2020-03-16,Shasta,089,179085,5,1,0,1,0
2020-03-16,Sierra,091,2930,0,0,0,0,0
2020-03-16,Siskiyou,093,43540,2,0,0,0,0
2020-03-16,Solano,095,438530,43,27,0,27,0
2020-03-16,Sonoma,097,501317,62,4,0,4,0
2020-03-16,Stanislaus,099,539301,27,2,2,4,0
2020-03-16,Sutter,101,95872,3,0,0,0,0
2020-03-16,Tehama,103,63373,0,0,0,0,0
2020-03-16,Trinity,105,12862,0,0,0,0,0
2020-03-16,Tulare,107,460477,25,2,3,5,0
2020-03-16,Tuolumne,109,53932,2,0,0,0,0
2020-03-16,Ventura,111,848112,88,7,0,7,0
2020-03-16,Yolo,113,214977,19,2,0,2,0
2020-03-16,Yuba,115,75493,3,0,0,0,0
2020-03-15,Alameda,001,1643700,215,17,0,17,0
2020-03-15,Alpine,003,1148,0,0,0,0,0
2020-03-15,Amador,005,37829,1,0,0,0,0
2020-03-15,Butte,007,227075,3,0,0,0,0
2020-03-15,Calaveras,009,45235,2,2,0,2,0
2020-03-15,Colusa,011,21464,0,0,0,0,0
2020-03-15,Contra Costa,013,1133247,161,34,0,34,0
2020-03-15,Del Norte,015,27424,0,0,0,0,0
2020-03-15,El Dorado,017,186661,14,0,0,0,0
2020-03-15,Fresno,019,978130,33,1,1,2,0
2020-03-15,Glenn,021,27897,0,0,0,0,0
2020-03-15,Humboldt,023,135768,11,1,0,1,0
2020-03-15,Imperial,025,180216,14,2,0,2,0
2020-03-15,Inyo,027,18085,0,0,0,0,0
2020-03-15,Kern,029,883053,37,0,0,0,0
2020-03-15,Kings,031,150075,11,0,1,1,0
2020-03-15,Lake,033,64148,0,0,0,0,0
2020-03-15,Lassen,035,31185,1,0,0,0,0
2020-03-15,Los Angeles,037,10098052,1366,41,9,50,0
2020-03-15,Madera,039,155013,20,2,0,2,0
2020-03-15,Marin,041,260295,41,3,0,3,0
2020-03-15,Mariposa,043,17540,0,0,0,0,0
2020-03-15,Mendocino,045,87422,2,0,0,0,0
2020-03-15,Merced,047,269075,3,0,0,0,0
2020-03-15,Modoc,049,8938,0,0,0,0,0
2020-03-15,Mono,051,14174,6,0,0,0,0
2020-03-15,Monterey,053,433212,21,0,0,0,0
2020-03-15,Napa,055,140530,7,0,0,0,0
2020-03-15,Nevada,057,99092,11,0,1,1,0
2020-03-15,Orange,059,3164182,347,16,1,17,0
2020-03-15,Placer,061,380077,33,7,0,7,1
2020-03-15,Plumas,063,18699,0,0,0,0,0
2020-03-15,Riverside,065,2383286,183,10,5,15,0
2020-03-15,Sacramento,067,1510023,174,30,0,30,1
2020-03-15,San Benito,069,59416,8,2,0,2,0
2020-03-15,San Bernardino,071,2135413,122,0,0,0,0
2020-03-15,San Diego,073,3302833,438,16,0,16,0
2020-03-15,San Francisco,075,870044,209,31,0,31,0
2020-03-15,San Joaquin,077,732212,63,6,3,9,0
2020-03-15,San Luis Obispo,079,281455,45,1,0,1,0
2020-03-15,San Mateo,081,765935,235,29,1,30,1
2020-03-15,Santa Barbara,083,443738,46,0,0,0,0
2020-03-15,Santa Clara,085,1922200,586,79,1,80,2
2020-03-15,Santa Cruz,087,273765,38,8,0,8,0
2020-03-15,Shasta,089,179085,5,1,0,1,0
2020-03-15,Sierra,091,2930,0,0,0,0,0
2020-03-15,Siskiyou,093,43540,2,0,0,0,0
2020-03-15,Solano,095,438530,42,26,0,26,0
2020-03-15,Sonoma,097,501317,53,4,0,4,0
2020-03-15,Stanislaus,099,539301,26,2,2,4,0
2020-03-15,Sutter,101,95872,2,0,0,0,0
2020-03-15,Tehama,103,63373,0,0,0,0,0
2020-03-15,Trinity,105,12862,0,0,0,0,0
2020-03-15,Tulare,107,460477,19,2,3,5,0
2020-03-15,Tuolumne,109,53932,1,0,0,0,0
2020-03-15,Ventura,111,848112,77,5,0,5,0
2020-03-15,Yolo,113,214977,15,2,0,2,0
2020-03-15,Yuba,115,75493,2,0,0,0,0
2020-03-14,Alameda,001,1643700,196,11,0,11,0
2020-03-14,Alpine,003,1148,0,0,0,0,0
2020-03-14,Amador,005,37829,1,0,0,0,0
2020-03-14,Butte,007,227075,2,0,0,0,0
2020-03-14,Calaveras,009,45235,2,2,0,2,0
2020-03-14,Colusa,011,21464,0,0,0,0,0
2020-03-14,Contra Costa,013,1133247,139,30,0,30,0
2020-03-14,Del Norte,015,27424,0,0,0,0,0
2020-03-14,El Dorado,017,186661,12,0,0,0,0
2020-03-14,Fresno,019,978130,25,1,1,2,0
2020-03-14,Glenn,021,27897,0,0,0,0,0
2020-03-14,Humboldt,023,135768,7,1,0,1,0
2020-03-14,Imperial,025,180216,10,2,0,2,0
2020-03-14,Inyo,027,18085,0,0,0,0,0
2020-03-14,Kern,029,883053,32,0,0,0,0
2020-03-14,Kings,031,150075,11,0,1,1,0
2020-03-14,Lake,033,64148,0,0,0,0,0
2020-03-14,Lassen,035,31185,1,0,0,0,0
2020-03-14,Los Angeles,037,10098052,1186,35,9,44,0
2020-03-14,Madera,039,155013,19,2,0,2,0
2020-03-14,Marin,041,260295,37,3,0,3,0
2020-03-14,Mariposa,043,17540,0,0,0,0,0
2020-03-14,Mendocino,045,87422,2,0,0,0,0
2020-03-14,Merced,047,269075,3,0,0,0,0
2020-03-14,Modoc,049,8938,0,0,0,0,0
2020-03-14,Mono,051,14174,5,0,0,0,0
2020-03-14,Monterey,053,433212,15,0,0,0,0
2020-03-14,Napa,055,140530,5,0,0,0,0
2020-03-14,Nevada,057,99092,8,0,1,1,0
2020-03-14,Orange,059,3164182,308,14,0,14,0
2020-03-14,Placer,061,380077,29,6,0,6,1
2020-03-14,Plumas,063,18699,0,0,0,0,0
2020-03-14,Riverside,065,2383286,163,10,5,15,0
2020-03-14,Sacramento,067,1510023,152,31,0,31,1
2020-03-14,San Benito,069,59416,8,2,0,2,0
2020-03-14,San Bernardino,071,2135413,103,0,0,0,0
2020-03-14,San Diego,073,3302833,363,10,0,10,0
2020-03-14,San Francisco,075,870044,188,29,0,29,0
2020-03-14,San Joaquin,077,732212,54,6,3,9,0
2020-03-14,San Luis Obispo,079,281455,40,0,0,0,0
2020-03-14,San Mateo,081,765935,212,27,1,28,0
2020-03-14,Santa Barbara,083,443738,37,0,0,0,0
2020-03-14,Santa Clara,085,1922200,530,62,1,63,2
2020-03-14,Santa Cruz,087,273765,33,8,0,8,0
2020-03-14,Shasta,089,179085,5,1,0,1,0
2020-03-14,Sierra,091,2930,0,0,0,0,0
2020-03-14,Siskiyou,093,43540,1,0,0,0,0
2020-03-14,Solano,095,438530,40,26,0,26,0
2020-03-14,Sonoma,097,501317,40,2,0,2,0
2020-03-14,Stanislaus,099,539301,22,2,2,4,0
2020-03-14,Sutter,101,95872,2,0,0,0,0
2020-03-14,Tehama,103,63373,0,0,0,0,0
2020-03-14,Trinity,105,12862,0,0,0,0,0
2020-03-14,Tulare,107,460477,17,2,2,4,0
2020-03-14,Tuolumne,109,53932,1,0,0,0,0
2020-03-14,Ventura,111,848112,68,5,0,5,0
2020-03-14,Yolo,113,214977,15,2,0,2,0
2020-03-14,Yuba,115,75493,1,0,0,0,0
2020-03-13,Alameda,001,1643700,177,12,0,12,0
2020-03-13,Alpine,003,1148,0,0,0,0,0
2020-03-13,Amador,005,37829,1,0,0,0,0
2020-03-13,Butte,007,227075,0,0,0,0,0
2020-03-13,Calaveras,009,45235,2,2,0,2,0
2020-03-13,Colusa,011,21464,0,0,0,0,0
2020-03-13,Contra Costa,013,1133247,125,22,0,22,0
2020-03-13,Del Norte,015,27424,0,0,0,0,0
2020-03-13,El Dorado,017,186661,11,0,0,0,0
2020-03-13,Fresno,019,978130,20,1,1,2,0
2020-03-13,Glenn,021,27897,0,0,0,0,0
2020-03-13,Humboldt,023,135768,7,1,0,1,0
2020-03-13,Imperial,025,180216,9,2,0,2,0
2020-03-13,Inyo,027,18085,0,0,0,0,0
2020-03-13,Kern,029,883053,27,0,0,0,0
2020-03-13,Kings,031,150075,10,0,1,1,0
2020-03-13,Lake,033,64148,0,0,0,0,0
2020-03-13,Lassen,035,31185,1,0,0,0,0
2020-03-13,Los Angeles,037,10098052,1030,30,7,37,0
2020-03-13,Madera,039,155013,18,1,0,1,0
2020-03-13,Marin,041,260295,34,3,0,3,0
2020-03-13,Mariposa,043,17540,0,0,0,0,0
2020-03-13,Mendocino,045,87422,2,0,0,0,0
2020-03-13,Merced,047,269075,2,0,0,0,0
2020-03-13,Modoc,049,8938,0,0,0,0,0
2020-03-13,Mono,051,14174,3,0,0,0,0
2020-03-13,Monterey,053,433212,10,0,0,0,0
2020-03-13,Napa,055,140530,3,0,0,0,0
2020-03-13,Nevada,057,99092,7,0,1,1,0
2020-03-13,Orange,059,3164182,268,10,0,10,0
2020-03-13,Placer,061,380077,27,6,0,6,1
2020-03-13,Plumas,063,18699,0,0,0,0,0
2020-03-13,Riverside,065,2383286,133,5,4,9,0
2020-03-13,Sacramento,067,1510023,130,18,0,18,1
2020-03-13,San Benito,069,59416,6,2,0,2,0
2020-03-13,San Bernardino,071,2135413,96,0,0,0,0
2020-03-13,San Diego,073,3302833,313,8,0,8,0
2020-03-13,San Francisco,075,870044,174,28,0,28,0
2020-03-13,San Joaquin,077,732212,50,6,3,9,0
2020-03-13,San Luis Obispo,079,281455,33,0,0,0,0
2020-03-13,San Mateo,081,765935,191,24,1,25,0
2020-03-13,Santa Barbara,083,443738,33,0,0,0,0
2020-03-13,Santa Clara,085,1922200,468,59,1,60,1
2020-03-13,Santa Cruz,087,273765,32,7,0,7,0
2020-03-13,Shasta,089,179085,3,1,0,1,0
2020-03-13,Sierra,091,2930,0,0,0,0,0
2020-03-13,Siskiyou,093,43540,0,0,0,0,0
2020-03-13,Solano,095,438530,39,26,0,26,0
2020-03-13,Sonoma,097,501317,39,2,0,2,0
2020-03-13,Stanislaus,099,539301,17,2,2,4,0
2020-03-13,Sutter,101,95872,2,0,0,0,0
2020-03-13,Tehama,103,63373,0,0,0,0,0
2020-03-13,Trinity,105,12862,0,0,0,0,0
2020-03-13,Tulare,107,460477,14,2,2,4,0
2020-03-13,Tuolumne,109,53932,1,0,0,0,0
2020-03-13,Ventura,111,848112,54,5,0,5,0
2020-03-13,Yolo,113,214977,14,1,0,1,0
2020-03-13,Yuba,115,75493,1,0,0,0,0
2020-03-12,Alameda,001,1643700,151,9,0,9,0
2020-03-12,Alpine,003,1148,0,0,0,0,0
2020-03-12,Amador,005,37829,1,0,0,0,0
2020-03-12,Butte,007,227075,0,0,0,0,0
2020-03-12,Calaveras,009,45235,2,2,0,2,0
2020-03-12,Colusa,011,21464,0,0,0,0,0
2020-03-12,Contra Costa,013,1133247,108,18,0,18,0
2020-03-12,Del Norte,015,27424,0,0,0,0,0
2020-03-12,El Dorado,017,186661,9,0,0,0,0
2020-03-12,Fresno,019,978130,12,1,1,2,0
2020-03-12,Glenn,021,27897,0,0,0,0,0
2020-03-12,Humboldt,023,135768,6,1,0,1,0
2020-03-12,Imperial,025,180216,8,2,0,2,0
2020-03-12,Inyo,027,18085,0,0,0,0,0
2020-03-12,Kern,029,883053,18,0,0,0,0
2020-03-12,Kings,031,150075,7,0,1,1,0
2020-03-12,Lake,033,64148,0,0,0,0,0
2020-03-12,Lassen,035,31185,1,0,0,0,0
2020-03-12,Los Angeles,037,10098052,867,30,7,37,0
2020-03-12,Madera,039,155013,15,1,0,1,0
2020-03-12,Marin,041,260295,24,1,0,1,0
2020-03-12,Mariposa,043,17540,0,0,0,0,0
2020-03-12,Mendocino,045,87422,2,0,0,0,0
2020-03-12,Merced,047,269075,2,0,0,0,0
2020-03-12,Modoc,049,8938,0,0,0,0,0
2020-03-12,Mono,051,14174,3,0,0,0,0
2020-03-12,Monterey,053,433212,8,0,0,0,0
2020-03-12,Napa,055,140530,3,0,0,0,0
2020-03-12,Nevada,057,99092,4,0,1,1,0
2020-03-12,Orange,059,3164182,231,7,0,7,0
2020-03-12,Placer,061,380077,23,6,0,6,1
2020-03-12,Plumas,063,18699,0,0,0,0,0
2020-03-12,Riverside,065,2383286,107,5,2,7,0
2020-03-12,Sacramento,067,1510023,106,17,0,17,1
2020-03-12,San Benito,069,59416,5,2,0,2,0
2020-03-12,San Bernardino,071,2135413,80,0,0,0,0
2020-03-12,San Diego,073,3302833,258,9,0,9,0
2020-03-12,San Francisco,075,870044,149,20,0,20,0
2020-03-12,San Joaquin,077,732212,44,3,3,6,1
2020-03-12,San Luis Obispo,079,281455,26,0,0,0,0
2020-03-12,San Mateo,081,765935,157,21,1,22,0
2020-03-12,Santa Barbara,083,443738,22,0,0,0,0
2020-03-12,Santa Clara,085,1922200,410,51,1,52,1
2020-03-12,Santa Cruz,087,273765,29,5,0,5,0
2020-03-12,Shasta,089,179085,2,1,0,1,0
2020-03-12,Sierra,091,2930,0,0,0,0,0
2020-03-12,Siskiyou,093,43540,0,0,0,0,0
2020-03-12,Solano,095,438530,34,26,0,26,0
2020-03-12,Sonoma,097,501317,34,2,0,2,0
2020-03-12,Stanislaus,099,539301,15,2,2,4,0
2020-03-12,Sutter,101,95872,0,0,0,0,0
2020-03-12,Tehama,103,63373,0,0,0,0,0
2020-03-12,Trinity,105,12862,0,0,0,0,0
2020-03-12,Tulare,107,460477,12,1,1,2,0
2020-03-12,Tuolumne,109,53932,1,0,0,0,0
2020-03-12,Ventura,111,848112,45,3,0,3,0
2020-03-12,Yolo,113,214977,13,1,0,1,0
2020-03-12,Yuba,115,75493,1,0,0,0,0
2020-03-11,Alameda,001,1643700,119,5,0,5,0
2020-03-11,Alpine,003,1148,0,0,0,0,0
2020-03-11,Amador,005,37829,1,0,0,0,0
2020-03-11,Butte,007,227075,0,0,0,0,0
2020-03-11,Calaveras,009,45235,2,2,0,2,0
2020-03-11,Colusa,011,21464,0,0,0,0,0
2020-03-11,Contra Costa,013,1133247,93,16,0,16,0
2020-03-11,Del Norte,015,27424,0,0,0,0,0
2020-03-11,El Dorado,017,186661,8,0,0,0,0
2020-03-11,Fresno,019,978130,9,1,1,2,0
2020-03-11,Glenn,021,27897,0,0,0,0,0
2020-03-11,Humboldt,023,135768,6,1,0,1,0
2020-03-11,Imperial,025,180216,6,0,0,0,0
2020-03-11,Inyo,027,18085,0,0,0,0,0
2020-03-11,Kern,029,883053,16,0,0,0,0
2020-03-11,Kings,031,150075,5,0,1,1,0
2020-03-11,Lake,033,64148,0,0,0,0,0
2020-03-11,Lassen,035,31185,1,0,0,0,0
2020-03-11,Los Angeles,037,10098052,699,21,7,28,0
2020-03-11,Madera,039,155013,12,1,0,1,0
2020-03-11,Marin,041,260295,17,1,0,1,0
2020-03-11,Mariposa,043,17540,0,0,0,0,0
2020-03-11,Mendocino,045,87422,1,0,0,0,0
2020-03-11,Merced,047,269075,2,0,0,0,0
2020-03-11,Modoc,049,8938,0,0,0,0,0
2020-03-11,Mono,051,14174,3,0,0,0,0
2020-03-11,Monterey,053,433212,7,0,0,0,0
2020-03-11,Napa,055,140530,2,0,0,0,0
2020-03-11,Nevada,057,99092,4,0,1,1,0
2020-03-11,Orange,059,3164182,202,6,0,6,0
2020-03-11,Placer,061,380077,18,6,0,6,1
2020-03-11,Plumas,063,18699,0,0,0,0,0
2020-03-11,Riverside,065,2383286,81,4,1,5,0
2020-03-11,Sacramento,067,1510023,88,9,0,9,1
2020-03-11,San Benito,069,59416,5,2,0,2,0
2020-03-11,San Bernardino,071,2135413,73,0,0,0,0
2020-03-11,San Diego,073,3302833,208,4,0,4,0
2020-03-11,San Francisco,075,870044,124,17,0,17,0
2020-03-11,San Joaquin,077,732212,33,1,3,4,0
2020-03-11,San Luis Obispo,079,281455,23,0,0,0,0
2020-03-11,San Mateo,081,765935,139,16,0,16,0
2020-03-11,Santa Barbara,083,443738,13,0,0,0,0
2020-03-11,Santa Clara,085,1922200,370,48,1,49,1
2020-03-11,Santa Cruz,087,273765,26,2,0,2,0
2020-03-11,Shasta,089,179085,2,1,0,1,0
2020-03-11,Sierra,091,2930,0,0,0,0,0
2020-03-11,Siskiyou,093,43540,0,0,0,0,0
2020-03-11,Solano,095,438530,29,26,0,26,0
2020-03-11,Sonoma,097,501317,30,2,0,2,0
2020-03-11,Stanislaus,099,539301,15,2,2,4,0
2020-03-11,Sutter,101,95872,0,0,0,0,0
2020-03-11,Tehama,103,63373,0,0,0,0,0
2020-03-11,Trinity,105,12862,0,0,0,0,0
2020-03-11,Tulare,107,460477,10,0,1,1,0
2020-03-11,Tuolumne,109,53932,1,0,0,0,0
2020-03-11,Ventura,111,848112,37,3,0,3,0
2020-03-11,Yolo,113,214977,9,1,0,1,0
2020-03-11,Yuba,115,75493,1,0,0,0,0
2020-03-10,Alameda,001,1643700,98,4,0,4,0
2020-03-10,Alpine,003,1148,0,0,0,0,0
2020-03-10,Amador,005,37829,1,0,0,0,0
2020-03-10,Butte,007,227075,0,0,0,0,0
2020-03-10,Calaveras,009,45235,2,2,0,2,0
2020-03-10,Colusa,011,21464,0,0,0,0,0
2020-03-10,Contra Costa,013,1133247,84,11,0,11,0
2020-03-10,Del Norte,015,27424,0,0,0,0,0
2020-03-10,El Dorado,017,186661,7,0,0,0,0
2020-03-10,Fresno,019,978130,7,1,1,2,0
2020-03-10,Glenn,021,27897,0,0,0,0,0
2020-03-10,Humboldt,023,135768,6,1,0,1,0
2020-03-10,Imperial,025,180216,5,0,0,0,0
2020-03-10,Inyo,027,18085,0,0,0,0,0
2020-03-10,Kern,029,883053,11,0,0,0,0
2020-03-10,Kings,031,150075,5,0,1,1,0
2020-03-10,Lake,033,64148,0,0,0,0,0
2020-03-10,Lassen,035,31185,1,0,0,0,0
2020-03-10,Los Angeles,037,10098052,563,20,7,27,0
2020-03-10,Madera,039,155013,7,1,0,1,0
2020-03-10,Marin,041,260295,16,1,0,1,0
2020-03-10,Mariposa,043,17540,0,0,0,0,0
2020-03-10,Mendocino,045,87422,0,0,0,0,0
2020-03-10,Merced,047,269075,2,0,0,0,0
2020-03-10,Modoc,049,8938,0,0,0,0,0
2020-03-10,Mono,051,14174,3,0,0,0,0
2020-03-10,Monterey,053,433212,5,0,0,0,0
2020-03-10,Napa,055,140530,2,0,0,0,0
2020-03-10,Nevada,057,99092,3,0,1,1,0
2020-03-10,Orange,059,3164182,182,5,0,5,1
2020-03-10,Placer,061,380077,14,7,0,7,1
2020-03-10,Plumas,063,18699,0,0,0,0,0
2020-03-10,Riverside,065,2383286,59,4,1,5,0
2020-03-10,Sacramento,067,1510023,79,8,0,8,0
2020-03-10,San Benito,069,59416,5,2,0,2,0
2020-03-10,San Bernardino,071,2135413,65,0,0,0,0
2020-03-10,San Diego,073,3302833,165,3,0,3,0
2020-03-10,San Francisco,075,870044,92,16,0,16,0
2020-03-10,San Joaquin,077,732212,30,1,3,4,0
2020-03-10,San Luis Obispo,079,281455,15,0,0,0,0
2020-03-10,San Mateo,081,765935,123,11,0,11,0
2020-03-10,Santa Barbara,083,443738,10,0,0,0,0
2020-03-10,Santa Clara,085,1922200,322,45,1,46,1
2020-03-10,Santa Cruz,087,273765,22,2,0,2,0
2020-03-10,Shasta,089,179085,2,1,0,1,0
2020-03-10,Sierra,091,2930,0,0,0,0,0
2020-03-10,Siskiyou,093,43540,0,0,0,0,0
2020-03-10,Solano,095,438530,27,26,0,26,0
2020-03-10,Sonoma,097,501317,27,2,0,2,0
2020-03-10,Stanislaus,099,539301,11,0,2,2,0
2020-03-10,Sutter,101,95872,0,0,0,0,0
2020-03-10,Tehama,103,63373,0,0,0,0,0
2020-03-10,Trinity,105,12862,0,0,0,0,0
2020-03-10,Tulare,107,460477,9,0,1,1,0
2020-03-10,Tuolumne,109,53932,1,0,0,0,0
2020-03-10,Ventura,111,848112,29,1,0,1,0
2020-03-10,Yolo,113,214977,6,2,0,2,0
2020-03-10,Yuba,115,75493,1,0,0,0,0
2020-03-09,Alameda,001,1643700,71,4,0,4,0
2020-03-09,Alpine,003,1148,0,0,0,0,0
2020-03-09,Amador,005,37829,0,0,0,0,0
2020-03-09,Butte,007,227075,0,0,0,0,0
2020-03-09,Calaveras,009,45235,2,0,0,0,0
2020-03-09,Colusa,011,21464,0,0,0,0,0
2020-03-09,Contra Costa,013,1133247,72,9,0,9,0
2020-03-09,Del Norte,015,27424,0,0,0,0,0
2020-03-09,El Dorado,017,186661,5,0,0,0,0
2020-03-09,Fresno,019,978130,7,1,1,2,0
2020-03-09,Glenn,021,27897,0,0,0,0,0
2020-03-09,Humboldt,023,135768,5,1,0,1,0
2020-03-09,Imperial,025,180216,5,0,0,0,0
2020-03-09,Inyo,027,18085,0,0,0,0,0
2020-03-09,Kern,029,883053,8,0,0,0,0
2020-03-09,Kings,031,150075,4,0,1,1,0
2020-03-09,Lake,033,64148,0,0,0,0,0
2020-03-09,Lassen,035,31185,1,0,0,0,0
2020-03-09,Los Angeles,037,10098052,460,17,6,23,0
2020-03-09,Madera,039,155013,7,1,0,1,0
2020-03-09,Marin,041,260295,15,1,0,1,0
2020-03-09,Mariposa,043,17540,0,0,0,0,0
2020-03-09,Mendocino,045,87422,0,0,0,0,0
2020-03-09,Merced,047,269075,2,0,0,0,0
2020-03-09,Modoc,049,8938,0,0,0,0,0
2020-03-09,Mono,051,14174,3,0,0,0,0
2020-03-09,Monterey,053,433212,3,0,0,0,0
2020-03-09,Napa,055,140530,2,0,0,0,0
2020-03-09,Nevada,057,99092,2,0,1,1,0
2020-03-09,Orange,059,3164182,154,4,0,4,0
2020-03-09,Placer,061,380077,12,7,0,7,1
2020-03-09,Plumas,063,18699,0,0,0,0,0
2020-03-09,Riverside,065,2383286,49,4,1,5,0
2020-03-09,Sacramento,067,1510023,75,8,0,8,0
2020-03-09,San Benito,069,59416,3,2,0,2,0
2020-03-09,San Bernardino,071,2135413,54,0,0,0,0
2020-03-09,San Diego,073,3302833,126,2,0,2,0
2020-03-09,San Francisco,075,870044,72,14,0,14,0
2020-03-09,San Joaquin,077,732212,21,0,3,3,0
2020-03-09,San Luis Obispo,079,281455,15,0,0,0,0
2020-03-09,San Mateo,081,765935,109,6,0,6,0
2020-03-09,Santa Barbara,083,443738,8,0,0,0,0
2020-03-09,Santa Clara,085,1922200,278,42,1,43,1
2020-03-09,Santa Cruz,087,273765,19,2,0,2,0
2020-03-09,Shasta,089,179085,2,1,0,1,0
2020-03-09,Sierra,091,2930,0,0,0,0,0
2020-03-09,Siskiyou,093,43540,0,0,0,0,0
2020-03-09,Solano,095,438530,25,26,0,26,0
2020-03-09,Sonoma,097,501317,22,2,0,2,0
2020-03-09,Stanislaus,099,539301,11,0,2,2,0
2020-03-09,Sutter,101,95872,0,0,0,0,0
2020-03-09,Tehama,103,63373,0,0,0,0,0
2020-03-09,Trinity,105,12862,0,0,0,0,0
2020-03-09,Tulare,107,460477,9,0,1,1,0
2020-03-09,Tuolumne,109,53932,1,0,0,0,0
2020-03-09,Ventura,111,848112,25,1,0,1,0
2020-03-09,Yolo,113,214977,5,2,0,2,0
2020-03-09,Yuba,115,75493,0,0,0,0,0
2020-03-08,Alameda,001,1643700,46,4,0,4,0
2020-03-08,Alpine,003,1148,0,0,0,0,0
2020-03-08,Amador,005,37829,0,0,0,0,0
2020-03-08,Butte,007,227075,0,0,0,0,0
2020-03-08,Calaveras,009,45235,2,0,0,0,0
2020-03-08,Colusa,011,21464,0,0,0,0,0
2020-03-08,Contra Costa,013,1133247,58,9,0,9,0
2020-03-08,Del Norte,015,27424,0,0,0,0,0
2020-03-08,El Dorado,017,186661,5,0,0,0,0
2020-03-08,Fresno,019,978130,5,1,1,2,0
2020-03-08,Glenn,021,27897,0,0,0,0,0
2020-03-08,Humboldt,023,135768,5,1,0,1,0
2020-03-08,Imperial,025,180216,5,0,0,0,0
2020-03-08,Inyo,027,18085,0,0,0,0,0
2020-03-08,Kern,029,883053,8,0,0,0,0
2020-03-08,Kings,031,150075,3,0,1,1,0
2020-03-08,Lake,033,64148,0,0,0,0,0
2020-03-08,Lassen,035,31185,0,0,0,0,0
2020-03-08,Los Angeles,037,10098052,367,14,6,20,0
2020-03-08,Madera,039,155013,7,1,0,1,0
2020-03-08,Marin,041,260295,13,1,0,1,0
2020-03-08,Mariposa,043,17540,0,0,0,0,0
2020-03-08,Mendocino,045,87422,0,0,0,0,0
2020-03-08,Merced,047,269075,2,0,0,0,0
2020-03-08,Modoc,049,8938,0,0,0,0,0
2020-03-08,Mono,051,14174,3,0,0,0,0
2020-03-08,Monterey,053,433212,3,0,0,0,0
2020-03-08,Napa,055,140530,2,0,0,0,0
2020-03-08,Nevada,057,99092,1,0,1,1,0
2020-03-08,Orange,059,3164182,129,4,0,4,0
2020-03-08,Placer,061,380077,11,7,0,7,1
2020-03-08,Plumas,063,18699,0,0,0,0,0
2020-03-08,Riverside,065,2383286,41,1,1,2,0
2020-03-08,Sacramento,067,1510023,65,5,0,5,0
2020-03-08,San Benito,069,59416,3,2,0,2,0
2020-03-08,San Bernardino,071,2135413,43,0,0,0,0
2020-03-08,San Diego,073,3302833,92,2,0,2,0
2020-03-08,San Francisco,075,870044,53,9,0,9,0
2020-03-08,San Joaquin,077,732212,18,0,3,3,0
2020-03-08,San Luis Obispo,079,281455,9,0,0,0,0
2020-03-08,San Mateo,081,765935,96,4,0,4,0
2020-03-08,Santa Barbara,083,443738,5,0,0,0,0
2020-03-08,Santa Clara,085,1922200,236,36,1,37,0
2020-03-08,Santa Cruz,087,273765,17,1,0,1,0
2020-03-08,Shasta,089,179085,2,0,0,0,0
2020-03-08,Sierra,091,2930,0,0,0,0,0
2020-03-08,Siskiyou,093,43540,0,0,0,0,0
2020-03-08,Solano,095,438530,24,26,0,26,0
2020-03-08,Sonoma,097,501317,17,2,0,2,0
2020-03-08,Stanislaus,099,539301,10,0,2,2,0
2020-03-08,Sutter,101,95872,0,0,0,0,0
2020-03-08,Tehama,103,63373,0,0,0,0,0
2020-03-08,Trinity,105,12862,0,0,0,0,0
2020-03-08,Tulare,107,460477,9,0,0,0,0
2020-03-08,Tuolumne,109,53932,1,0,0,0,0
2020-03-08,Ventura,111,848112,21,1,0,1,0
2020-03-08,Yolo,113,214977,2,2,0,2,0
2020-03-08,Yuba,115,75493,0,0,0,0,0
2020-03-07,Alameda,001,1643700,41,3,0,3,0
2020-03-07,Alpine,003,1148,0,0,0,0,0
2020-03-07,Amador,005,37829,0,0,0,0,0
2020-03-07,Butte,007,227075,0,0,0,0,0
2020-03-07,Calaveras,009,45235,2,0,0,0,0
2020-03-07,Colusa,011,21464,0,0,0,0,0
2020-03-07,Contra Costa,013,1133247,55,4,0,4,0
2020-03-07,Del Norte,015,27424,0,0,0,0,0
2020-03-07,El Dorado,017,186661,4,0,0,0,0
2020-03-07,Fresno,019,978130,4,1,1,2,0
2020-03-07,Glenn,021,27897,0,0,0,0,0
2020-03-07,Humboldt,023,135768,5,1,0,1,0
2020-03-07,Imperial,025,180216,4,0,0,0,0
2020-03-07,Inyo,027,18085,0,0,0,0,0
2020-03-07,Kern,029,883053,7,0,0,0,0
2020-03-07,Kings,031,150075,3,0,1,1,0
2020-03-07,Lake,033,64148,0,0,0,0,0
2020-03-07,Lassen,035,31185,0,0,0,0,0
2020-03-07,Los Angeles,037,10098052,317,14,6,20,0
2020-03-07,Madera,039,155013,6,1,0,1,0
2020-03-07,Marin,041,260295,11,0,0,0,0
2020-03-07,Mariposa,043,17540,0,0,0,0,0
2020-03-07,Mendocino,045,87422,0,0,0,0,0
2020-03-07,Merced,047,269075,2,0,0,0,0
2020-03-07,Modoc,049,8938,0,0,0,0,0
2020-03-07,Mono,051,14174,3,0,0,0,0
2020-03-07,Monterey,053,433212,3,0,0,0,0
2020-03-07,Napa,055,140530,1,0,0,0,0
2020-03-07,Nevada,057,99092,1,0,1,1,0
2020-03-07,Orange,059,3164182,121,4,0,4,0
2020-03-07,Placer,061,380077,11,6,0,6,1
2020-03-07,Plumas,063,18699,0,0,0,0,0
2020-03-07,Riverside,065,2383286,31,0,1,1,0
2020-03-07,Sacramento,067,1510023,52,4,0,4,0
2020-03-07,San Benito,069,59416,3,2,0,2,0
2020-03-07,San Bernardino,071,2135413,41,0,0,0,0
2020-03-07,San Diego,073,3302833,74,2,0,2,0
2020-03-07,San Francisco,075,870044,47,9,0,9,0
2020-03-07,San Joaquin,077,732212,16,0,3,3,0
2020-03-07,San Luis Obispo,079,281455,6,0,0,0,0
2020-03-07,San Mateo,081,765935,86,1,0,1,0
2020-03-07,Santa Barbara,083,443738,5,0,0,0,0
2020-03-07,Santa Clara,085,1922200,206,31,1,32,0
2020-03-07,Santa Cruz,087,273765,17,1,0,1,0
2020-03-07,Shasta,089,179085,2,0,0,0,0
2020-03-07,Sierra,091,2930,0,0,0,0,0
2020-03-07,Siskiyou,093,43540,0,0,0,0,0
2020-03-07,Solano,095,438530,23,25,0,25,0
2020-03-07,Sonoma,097,501317,13,2,0,2,0
2020-03-07,Stanislaus,099,539301,9,0,2,2,0
2020-03-07,Sutter,101,95872,0,0,0,0,0
2020-03-07,Tehama,103,63373,0,0,0,0,0
2020-03-07,Trinity,105,12862,0,0,0,0,0
2020-03-07,Tulare,107,460477,6,0,0,0,0
2020-03-07,Tuolumne,109,53932,1,0,0,0,0
2020-03-07,Ventura,111,848112,18,1,0,1,0
2020-03-07,Yolo,113,214977,2,2,0,2,0
2020-03-07,Yuba,115,75493,0,0,0,0,0
2020-03-06,Alameda,001,1643700,39,3,0,3,0
2020-03-06,Alpine,003,1148,0,0,0,0,0
2020-03-06,Amador,005,37829,0,0,0,0,0
2020-03-06,Butte,007,227075,0,0,0,0,0
2020-03-06,Calaveras,009,45235,2,0,0,0,0
2020-03-06,Colusa,011,21464,0,0,0,0,0
2020-03-06,Contra Costa,013,1133247,46,4,0,4,0
2020-03-06,Del Norte,015,27424,0,0,0,0,0
2020-03-06,El Dorado,017,186661,3,0,0,0,0
2020-03-06,Fresno,019,978130,3,0,1,1,0
2020-03-06,Glenn,021,27897,0,0,0,0,0
2020-03-06,Humboldt,023,135768,4,1,0,1,0
2020-03-06,Imperial,025,180216,3,0,0,0,0
2020-03-06,Inyo,027,18085,0,0,0,0,0
2020-03-06,Kern,029,883053,6,0,0,0,0
2020-03-06,Kings,031,150075,3,0,1,1,0
2020-03-06,Lake,033,64148,0,0,0,0,0
2020-03-06,Lassen,035,31185,0,0,0,0,0
2020-03-06,Los Angeles,037,10098052,274,13,6,19,0
2020-03-06,Madera,039,155013,5,0,0,0,0
2020-03-06,Marin,041,260295,10,0,0,0,0
2020-03-06,Mariposa,043,17540,0,0,0,0,0
2020-03-06,Mendocino,045,87422,0,0,0,0,0
2020-03-06,Merced,047,269075,2,0,0,0,0
2020-03-06,Modoc,049,8938,0,0,0,0,0
2020-03-06,Mono,051,14174,1,0,0,0,0
2020-03-06,Monterey,053,433212,3,0,0,0,0
2020-03-06,Napa,055,140530,1,0,0,0,0
2020-03-06,Nevada,057,99092,1,0,1,1,0
2020-03-06,Orange,059,3164182,95,4,0,4,0
2020-03-06,Placer,061,380077,10,5,0,5,1
2020-03-06,Plumas,063,18699,0,0,0,0,0
2020-03-06,Riverside,065,2383286,30,0,1,1,0
2020-03-06,Sacramento,067,1510023,43,2,0,2,0
2020-03-06,San Benito,069,59416,3,2,0,2,0
2020-03-06,San Bernardino,071,2135413,39,0,0,0,0
2020-03-06,San Diego,073,3302833,61,2,0,2,0
2020-03-06,San Francisco,075,870044,41,2,0,2,0
2020-03-06,San Joaquin,077,732212,13,0,3,3,0
2020-03-06,San Luis Obispo,079,281455,4,0,0,0,0
2020-03-06,San Mateo,081,765935,78,1,0,1,0
2020-03-06,Santa Barbara,083,443738,3,0,0,0,0
2020-03-06,Santa Clara,085,1922200,188,20,1,21,0
2020-03-06,Santa Cruz,087,273765,15,0,0,0,0
2020-03-06,Shasta,089,179085,2,0,0,0,0
2020-03-06,Sierra,091,2930,0,0,0,0,0
2020-03-06,Siskiyou,093,43540,0,0,0,0,0
2020-03-06,Solano,095,438530,22,25,0,25,0
2020-03-06,Sonoma,097,501317,13,2,0,2,0
2020-03-06,Stanislaus,099,539301,5,0,2,2,0
2020-03-06,Sutter,101,95872,0,0,0,0,0
2020-03-06,Tehama,103,63373,0,0,0,0,0
2020-03-06,Trinity,105,12862,0,0,0,0,0
2020-03-06,Tulare,107,460477,6,0,0,0,0
2020-03-06,Tuolumne,109,53932,1,0,0,0,0
2020-03-06,Ventura,111,848112,15,1,0,1,0
2020-03-06,Yolo,113,214977,2,1,0,1,0
2020-03-06,Yuba,115,75493,0,0,0,0,0
2020-03-05,Alameda,001,1643700,34,2,0,2,0
2020-03-05,Alpine,003,1148,0,0,0,0,0
2020-03-05,Amador,005,37829,0,0,0,0,0
2020-03-05,Butte,007,227075,0,0,0,0,0
2020-03-05,Calaveras,009,45235,2,0,0,0,0
2020-03-05,Colusa,011,21464,0,0,0,0,0
2020-03-05,Contra Costa,013,1133247,39,1,0,1,0
2020-03-05,Del Norte,015,27424,0,0,0,0,0
2020-03-05,El Dorado,017,186661,1,0,0,0,0
2020-03-05,Fresno,019,978130,3,0,1,1,0
2020-03-05,Glenn,021,27897,0,0,0,0,0
2020-03-05,Humboldt,023,135768,4,1,0,1,0
2020-03-05,Imperial,025,180216,2,0,0,0,0
2020-03-05,Inyo,027,18085,0,0,0,0,0
2020-03-05,Kern,029,883053,6,0,0,0,0
2020-03-05,Kings,031,150075,3,0,1,1,0
2020-03-05,Lake,033,64148,0,0,0,0,0
2020-03-05,Lassen,035,31185,0,0,0,0,0
2020-03-05,Los Angeles,037,10098052,227,11,6,17,0
2020-03-05,Madera,039,155013,5,0,0,0,0
2020-03-05,Marin,041,260295,10,0,0,0,0
2020-03-05,Mariposa,043,17540,0,0,0,0,0
2020-03-05,Mendocino,045,87422,0,0,0,0,0
2020-03-05,Merced,047,269075,2,0,0,0,0
2020-03-05,Modoc,049,8938,0,0,0,0,0
2020-03-05,Mono,051,14174,1,0,0,0,0
2020-03-05,Monterey,053,433212,3,0,0,0,0
2020-03-05,Napa,055,140530,1,0,0,0,0
2020-03-05,Nevada,057,99092,0,0,1,1,0
2020-03-05,Orange,059,3164182,80,3,0,3,0
2020-03-05,Placer,061,380077,10,2,0,2,1
2020-03-05,Plumas,063,18699,0,0,0,0,0
2020-03-05,Riverside,065,2383286,27,0,1,1,0
2020-03-05,Sacramento,067,1510023,37,2,0,2,0
2020-03-05,San Benito,069,59416,1,2,0,2,0
2020-03-05,San Bernardino,071,2135413,34,0,0,0,0
2020-03-05,San Diego,073,3302833,54,2,0,2,0
2020-03-05,San Francisco,075,870044,31,2,0,2,0
2020-03-05,San Joaquin,077,732212,10,0,3,3,0
2020-03-05,San Luis Obispo,079,281455,4,0,0,0,0
2020-03-05,San Mateo,081,765935,65,1,0,1,0
2020-03-05,Santa Barbara,083,443738,2,0,0,0,0
2020-03-05,Santa Clara,085,1922200,164,14,1,15,0
2020-03-05,Santa Cruz,087,273765,13,0,0,0,0
2020-03-05,Shasta,089,179085,2,0,0,0,0
2020-03-05,Sierra,091,2930,0,0,0,0,0
2020-03-05,Siskiyou,093,43540,0,0,0,0,0
2020-03-05,Solano,095,438530,22,24,0,24,0
2020-03-05,Sonoma,097,501317,12,2,0,2,0
2020-03-05,Stanislaus,099,539301,4,0,2,2,0
2020-03-05,Sutter,101,95872,0,0,0,0,0
2020-03-05,Tehama,103,63373,0,0,0,0,0
2020-03-05,Trinity,105,12862,0,0,0,0,0
2020-03-05,Tulare,107,460477,6,0,0,0,0
2020-03-05,Tuolumne,109,53932,1,0,0,0,0
2020-03-05,Ventura,111,848112,13,0,0,0,0
2020-03-05,Yolo,113,214977,2,0,0,0,0
2020-03-05,Yuba,115,75493,0,0,0,0,0
2020-03-04,Alameda,001,1643700,30,2,0,2,0
2020-03-04,Alpine,003,1148,0,0,0,0,0
2020-03-04,Amador,005,37829,0,0,0,0,0
2020-03-04,Butte,007,227075,0,0,0,0,0
2020-03-04,Calaveras,009,45235,0,0,0,0,0
2020-03-04,Colusa,011,21464,0,0,0,0,0
2020-03-04,Contra Costa,013,1133247,34,1,0,1,0
2020-03-04,Del Norte,015,27424,0,0,0,0,0
2020-03-04,El Dorado,017,186661,1,0,0,0,0
2020-03-04,Fresno,019,978130,3,0,1,1,0
2020-03-04,Glenn,021,27897,0,0,0,0,0
2020-03-04,Humboldt,023,135768,1,1,0,1,0
2020-03-04,Imperial,025,180216,2,0,0,0,0
2020-03-04,Inyo,027,18085,0,0,0,0,0
2020-03-04,Kern,029,883053,6,0,0,0,0
2020-03-04,Kings,031,150075,3,0,1,1,0
2020-03-04,Lake,033,64148,0,0,0,0,0
2020-03-04,Lassen,035,31185,0,0,0,0,0
2020-03-04,Los Angeles,037,10098052,191,7,6,13,0
2020-03-04,Madera,039,155013,5,0,0,0,0
2020-03-04,Marin,041,260295,10,0,0,0,0
2020-03-04,Mariposa,043,17540,0,0,0,0,0
2020-03-04,Mendocino,045,87422,0,0,0,0,0
2020-03-04,Merced,047,269075,2,0,0,0,0
2020-03-04,Modoc,049,8938,0,0,0,0,0
2020-03-04,Mono,051,14174,1,0,0,0,0
2020-03-04,Monterey,053,433212,3,0,0,0,0
2020-03-04,Napa,055,140530,1,0,0,0,0
2020-03-04,Nevada,057,99092,0,0,1,1,0
2020-03-04,Orange,059,3164182,77,3,0,3,0
2020-03-04,Placer,061,380077,9,2,0,2,1
2020-03-04,Plumas,063,18699,0,0,0,0,0
2020-03-04,Riverside,065,2383286,23,0,1,1,0
2020-03-04,Sacramento,067,1510023,32,1,0,1,0
2020-03-04,San Benito,069,59416,1,2,0,2,0
2020-03-04,San Bernardino,071,2135413,31,0,0,0,0
2020-03-04,San Diego,073,3302833,41,2,0,2,0
2020-03-04,San Francisco,075,870044,26,0,0,0,0
2020-03-04,San Joaquin,077,732212,9,0,3,3,0
2020-03-04,San Luis Obispo,079,281455,4,0,0,0,0
2020-03-04,San Mateo,081,765935,60,1,0,1,0
2020-03-04,Santa Barbara,083,443738,2,0,0,0,0
2020-03-04,Santa Clara,085,1922200,147,12,1,13,0
2020-03-04,Santa Cruz,087,273765,13,0,0,0,0
2020-03-04,Shasta,089,179085,2,0,0,0,0
2020-03-04,Sierra,091,2930,0,0,0,0,0
2020-03-04,Siskiyou,093,43540,0,0,0,0,0
2020-03-04,Solano,095,438530,21,24,0,24,0
2020-03-04,Sonoma,097,501317,11,2,0,2,0
2020-03-04,Stanislaus,099,539301,4,0,2,2,0
2020-03-04,Sutter,101,95872,0,0,0,0,0
2020-03-04,Tehama,103,63373,0,0,0,0,0
2020-03-04,Trinity,105,12862,0,0,0,0,0
2020-03-04,Tulare,107,460477,6,0,0,0,0
2020-03-04,Tuolumne,109,53932,0,0,0,0,0
2020-03-04,Ventura,111,848112,12,0,0,0,0
2020-03-04,Yolo,113,214977,2,0,0,0,0
2020-03-04,Yuba,115,75493,0,0,0,0,0
2020-03-03,Alameda,001,1643700,24,2,0,2,0
2020-03-03,Alpine,003,1148,0,0,0,0,0
2020-03-03,Amador,005,37829,0,0,0,0,0
2020-03-03,Butte,007,227075,0,0,0,0,0
2020-03-03,Calaveras,009,45235,0,0,0,0,0
2020-03-03,Colusa,011,21464,0,0,0,0,0
2020-03-03,Contra Costa,013,1133247,30,0,0,0,0
2020-03-03,Del Norte,015,27424,0,0,0,0,0
2020-03-03,El Dorado,017,186661,1,0,0,0,0
2020-03-03,Fresno,019,978130,2,0,1,1,0
2020-03-03,Glenn,021,27897,0,0,0,0,0
2020-03-03,Humboldt,023,135768,1,1,0,1,0
2020-03-03,Imperial,025,180216,2,0,0,0,0
2020-03-03,Inyo,027,18085,0,0,0,0,0
2020-03-03,Kern,029,883053,4,0,0,0,0
2020-03-03,Kings,031,150075,3,0,1,1,0
2020-03-03,Lake,033,64148,0,0,0,0,0
2020-03-03,Lassen,035,31185,0,0,0,0,0
2020-03-03,Los Angeles,037,10098052,172,5,6,11,0
2020-03-03,Madera,039,155013,4,0,0,0,0
2020-03-03,Marin,041,260295,6,0,0,0,0
2020-03-03,Mariposa,043,17540,0,0,0,0,0
2020-03-03,Mendocino,045,87422,0,0,0,0,0
2020-03-03,Merced,047,269075,2,0,0,0,0
2020-03-03,Modoc,049,8938,0,0,0,0,0
2020-03-03,Mono,051,14174,1,0,0,0,0
2020-03-03,Monterey,053,433212,2,0,0,0,0
2020-03-03,Napa,055,140530,1,0,0,0,0
2020-03-03,Nevada,057,99092,0,0,1,1,0
2020-03-03,Orange,059,3164182,69,1,0,1,0
2020-03-03,Placer,061,380077,8,2,0,2,0
2020-03-03,Plumas,063,18699,0,0,0,0,0
2020-03-03,Riverside,065,2383286,20,0,1,1,0
2020-03-03,Sacramento,067,1510023,31,1,0,1,0
2020-03-03,San Benito,069,59416,1,2,0,2,0
2020-03-03,San Bernardino,071,2135413,28,0,0,0,0
2020-03-03,San Diego,073,3302833,34,2,0,2,0
2020-03-03,San Francisco,075,870044,24,0,0,0,0
2020-03-03,San Joaquin,077,732212,8,0,3,3,0
2020-03-03,San Luis Obispo,079,281455,2,0,0,0,0
2020-03-03,San Mateo,081,765935,53,1,0,1,0
2020-03-03,Santa Barbara,083,443738,1,0,0,0,0
2020-03-03,Santa Clara,085,1922200,132,11,1,12,0
2020-03-03,Santa Cruz,087,273765,10,0,0,0,0
2020-03-03,Shasta,089,179085,2,0,0,0,0
2020-03-03,Sierra,091,2930,0,0,0,0,0
2020-03-03,Siskiyou,093,43540,0,0,0,0,0
2020-03-03,Solano,095,438530,20,24,0,24,0
2020-03-03,Sonoma,097,501317,11,1,0,1,0
2020-03-03,Stanislaus,099,539301,4,0,2,2,0
2020-03-03,Sutter,101,95872,0,0,0,0,0
2020-03-03,Tehama,103,63373,0,0,0,0,0
2020-03-03,Trinity,105,12862,0,0,0,0,0
2020-03-03,Tulare,107,460477,6,0,0,0,0
2020-03-03,Tuolumne,109,53932,0,0,0,0,0
2020-03-03,Ventura,111,848112,11,0,0,0,0
2020-03-03,Yolo,113,214977,1,0,0,0,0
2020-03-03,Yuba,115,75493,0,0,0,0,0
2020-03-02,Alameda,001,1643700,21,1,0,1,0
2020-03-02,Alpine,003,1148,0,0,0,0,0
2020-03-02,Amador,005,37829,0,0,0,0,0
2020-03-02,Butte,007,227075,0,0,0,0,0
2020-03-02,Calaveras,009,45235,0,0,0,0,0
2020-03-02,Colusa,011,21464,0,0,0,0,0
2020-03-02,Contra Costa,013,1133247,27,0,0,0,0
2020-03-02,Del Norte,015,27424,0,0,0,0,0
2020-03-02,El Dorado,017,186661,1,0,0,0,0
2020-03-02,Fresno,019,978130,2,0,1,1,0
2020-03-02,Glenn,021,27897,0,0,0,0,0
2020-03-02,Humboldt,023,135768,1,1,0,1,0
2020-03-02,Imperial,025,180216,2,0,0,0,0
2020-03-02,Inyo,027,18085,0,0,0,0,0
2020-03-02,Kern,029,883053,4,0,0,0,0
2020-03-02,Kings,031,150075,3,0,1,1,0
2020-03-02,Lake,033,64148,0,0,0,0,0
2020-03-02,Lassen,035,31185,0,0,0,0,0
2020-03-02,Los Angeles,037,10098052,157,1,6,7,0
2020-03-02,Madera,039,155013,4,0,0,0,0
2020-03-02,Marin,041,260295,6,0,0,0,0
2020-03-02,Mariposa,043,17540,0,0,0,0,0
2020-03-02,Mendocino,045,87422,0,0,0,0,0
2020-03-02,Merced,047,269075,1,0,0,0,0
2020-03-02,Modoc,049,8938,0,0,0,0,0
2020-03-02,Mono,051,14174,1,0,0,0,0
2020-03-02,Monterey,053,433212,2,0,0,0,0
2020-03-02,Napa,055,140530,1,0,0,0,0
2020-03-02,Nevada,057,99092,0,0,1,1,0
2020-03-02,Orange,059,3164182,64,1,0,1,0
2020-03-02,Placer,061,380077,8,1,0,1,0
2020-03-02,Plumas,063,18699,0,0,0,0,0
2020-03-02,Riverside,065,2383286,19,0,1,1,0
2020-03-02,Sacramento,067,1510023,25,1,0,1,0
2020-03-02,San Benito,069,59416,1,2,0,2,0
2020-03-02,San Bernardino,071,2135413,28,0,0,0,0
2020-03-02,San Diego,073,3302833,28,2,0,2,0
2020-03-02,San Francisco,075,870044,17,0,0,0,0
2020-03-02,San Joaquin,077,732212,7,0,3,3,0
2020-03-02,San Luis Obispo,079,281455,2,0,0,0,0
2020-03-02,San Mateo,081,765935,44,1,0,1,0
2020-03-02,Santa Barbara,083,443738,1,0,0,0,0
2020-03-02,Santa Clara,085,1922200,110,7,1,8,0
2020-03-02,Santa Cruz,087,273765,9,0,0,0,0
2020-03-02,Shasta,089,179085,2,0,0,0,0
2020-03-02,Sierra,091,2930,0,0,0,0,0
2020-03-02,Siskiyou,093,43540,0,0,0,0,0
2020-03-02,Solano,095,438530,19,24,0,24,0
2020-03-02,Sonoma,097,501317,10,1,0,1,0
2020-03-02,Stanislaus,099,539301,2,0,2,2,0
2020-03-02,Sutter,101,95872,0,0,0,0,0
2020-03-02,Tehama,103,63373,0,0,0,0,0
2020-03-02,Trinity,105,12862,0,0,0,0,0
2020-03-02,Tulare,107,460477,6,0,0,0,0
2020-03-02,Tuolumne,109,53932,0,0,0,0,0
2020-03-02,Ventura,111,848112,10,0,0,0,0
2020-03-02,Yolo,113,214977,1,0,0,0,0
2020-03-02,Yuba,115,75493,0,0,0,0,0
2020-03-01,Alameda,001,1643700,20,1,0,1,0
2020-03-01,Alpine,003,1148,0,0,0,0,0
2020-03-01,Amador,005,37829,0,0,0,0,0
2020-03-01,Butte,007,227075,0,0,0,0,0
2020-03-01,Calaveras,009,45235,0,0,0,0,0
2020-03-01,Colusa,011,21464,0,0,0,0,0
2020-03-01,Contra Costa,013,1133247,24,0,0,0,0
2020-03-01,Del Norte,015,27424,0,0,0,0,0
2020-03-01,El Dorado,017,186661,1,0,0,0,0
2020-03-01,Fresno,019,978130,1,0,1,1,0
2020-03-01,Glenn,021,27897,0,0,0,0,0
2020-03-01,Humboldt,023,135768,1,1,0,1,0
2020-03-01,Imperial,025,180216,2,0,0,0,0
2020-03-01,Inyo,027,18085,0,0,0,0,0
2020-03-01,Kern,029,883053,2,0,0,0,0
2020-03-01,Kings,031,150075,3,0,1,1,0
2020-03-01,Lake,033,64148,0,0,0,0,0
2020-03-01,Lassen,035,31185,0,0,0,0,0
2020-03-01,Los Angeles,037,10098052,138,1,6,7,0
2020-03-01,Madera,039,155013,2,0,0,0,0
2020-03-01,Marin,041,260295,5,0,0,0,0
2020-03-01,Mariposa,043,17540,0,0,0,0,0
2020-03-01,Mendocino,045,87422,0,0,0,0,0
2020-03-01,Merced,047,269075,1,0,0,0,0
2020-03-01,Modoc,049,8938,0,0,0,0,0
2020-03-01,Mono,051,14174,1,0,0,0,0
2020-03-01,Monterey,053,433212,1,0,0,0,0
2020-03-01,Napa,055,140530,1,0,0,0,0
2020-03-01,Nevada,057,99092,0,0,1,1,0
2020-03-01,Orange,059,3164182,61,1,0,1,0
2020-03-01,Placer,061,380077,8,0,0,0,0
2020-03-01,Plumas,063,18699,0,0,0,0,0
2020-03-01,Riverside,065,2383286,18,0,1,1,0
2020-03-01,Sacramento,067,1510023,21,1,0,1,0
2020-03-01,San Benito,069,59416,0,2,0,2,0
2020-03-01,San Bernardino,071,2135413,27,0,0,0,0
2020-03-01,San Diego,073,3302833,21,2,0,2,0
2020-03-01,San Francisco,075,870044,13,0,0,0,0
2020-03-01,San Joaquin,077,732212,7,0,3,3,0
2020-03-01,San Luis Obispo,079,281455,2,0,0,0,0
2020-03-01,San Mateo,081,765935,36,0,0,0,0
2020-03-01,Santa Barbara,083,443738,1,0,0,0,0
2020-03-01,Santa Clara,085,1922200,97,6,1,7,0
2020-03-01,Santa Cruz,087,273765,8,0,0,0,0
2020-03-01,Shasta,089,179085,2,0,0,0,0
2020-03-01,Sierra,091,2930,0,0,0,0,0
2020-03-01,Siskiyou,093,43540,0,0,0,0,0
2020-03-01,Solano,095,438530,19,24,0,24,0
2020-03-01,Sonoma,097,501317,9,0,0,0,0
2020-03-01,Stanislaus,099,539301,2,0,2,2,0
2020-03-01,Sutter,101,95872,0,0,0,0,0
2020-03-01,Tehama,103,63373,0,0,0,0,0
2020-03-01,Trinity,105,12862,0,0,0,0,0
2020-03-01,Tulare,107,460477,6,0,0,0,0
2020-03-01,Tuolumne,109,53932,0,0,0,0,0
2020-03-01,Ventura,111,848112,8,0,0,0,0
2020-03-01,Yolo,113,214977,1,0,0,0,0
2020-03-01,Yuba,115,75493,0,0,0,0,0
2020-02-29,Alameda,001,1643700,16,0,0,0,0
2020-02-29,Alpine,003,1148,0,0,0,0,0
2020-02-29,Amador,005,37829,0,0,0,0,0
2020-02-29,Butte,007,227075,0,0,0,0,0
2020-02-29,Calaveras,009,45235,0,0,0,0,0
2020-02-29,Colusa,011,21464,0,0,0,0,0
2020-02-29,Contra Costa,013,1133247,20,0,0,0,0
2020-02-29,Del Norte,015,27424,0,0,0,0,0
2020-02-29,El Dorado,017,186661,1,0,0,0,0
2020-02-29,Fresno,019,978130,1,0,0,0,0
2020-02-29,Glenn,021,27897,0,0,0,0,0
2020-02-29,Humboldt,023,135768,1,1,0,1,0
2020-02-29,Imperial,025,180216,1,0,0,0,0
2020-02-29,Inyo,027,18085,0,0,0,0,0
2020-02-29,Kern,029,883053,2,0,0,0,0
2020-02-29,Kings,031,150075,3,0,1,1,0
2020-02-29,Lake,033,64148,0,0,0,0,0
2020-02-29,Lassen,035,31185,0,0,0,0,0
2020-02-29,Los Angeles,037,10098052,110,1,6,7,0
2020-02-29,Madera,039,155013,2,0,0,0,0
2020-02-29,Marin,041,260295,4,0,0,0,0
2020-02-29,Mariposa,043,17540,0,0,0,0,0
2020-02-29,Mendocino,045,87422,0,0,0,0,0
2020-02-29,Merced,047,269075,1,0,0,0,0
2020-02-29,Modoc,049,8938,0,0,0,0,0
2020-02-29,Mono,051,14174,1,0,0,0,0
2020-02-29,Monterey,053,433212,1,0,0,0,0
2020-02-29,Napa,055,140530,1,0,0,0,0
2020-02-29,Nevada,057,99092,0,0,1,1,0
2020-02-29,Orange,059,3164182,56,1,0,1,0
2020-02-29,Placer,061,380077,7,0,0,0,0
2020-02-29,Plumas,063,18699,0,0,0,0,0
2020-02-29,Riverside,065,2383286,15,0,1,1,0
2020-02-29,Sacramento,067,1510023,16,1,0,1,0
2020-02-29,San Benito,069,59416,0,2,0,2,0
2020-02-29,San Bernardino,071,2135413,25,0,0,0,0
2020-02-29,San Diego,073,3302833,16,2,0,2,0
2020-02-29,San Francisco,075,870044,12,0,0,0,0
2020-02-29,San Joaquin,077,732212,6,0,3,3,0
2020-02-29,San Luis Obispo,079,281455,2,0,0,0,0
2020-02-29,San Mateo,081,765935,29,0,0,0,0
2020-02-29,Santa Barbara,083,443738,0,0,0,0,0
2020-02-29,Santa Clara,085,1922200,75,3,1,4,0
2020-02-29,Santa Cruz,087,273765,8,0,0,0,0
2020-02-29,Shasta,089,179085,2,0,0,0,0
2020-02-29,Sierra,091,2930,0,0,0,0,0
2020-02-29,Siskiyou,093,43540,0,0,0,0,0
2020-02-29,Solano,095,438530,18,23,0,23,0
2020-02-29,Sonoma,097,501317,6,0,0,0,0
2020-02-29,Stanislaus,099,539301,2,0,2,2,0
2020-02-29,Sutter,101,95872,0,0,0,0,0
2020-02-29,Tehama,103,63373,0,0,0,0,0
2020-02-29,Trinity,105,12862,0,0,0,0,0
2020-02-29,Tulare,107,460477,4,0,0,0,0
2020-02-29,Tuolumne,109,53932,0,0,0,0,0
2020-02-29,Ventura,111,848112,6,0,0,0,0
2020-02-29,Yolo,113,214977,1,0,0,0,0
2020-02-29,Yuba,115,75493,0,0,0,0,0
2020-02-28,Alameda,001,1643700,14,0,0,0,0
2020-02-28,Alpine,003,1148,0,0,0,0,0
2020-02-28,Amador,005,37829,0,0,0,0,0
2020-02-28,Butte,007,227075,0,0,0,0,0
2020-02-28,Calaveras,009,45235,0,0,0,0,0
2020-02-28,Colusa,011,21464,0,0,0,0,0
2020-02-28,Contra Costa,013,1133247,20,0,0,0,0
2020-02-28,Del Norte,015,27424,0,0,0,0,0
2020-02-28,El Dorado,017,186661,0,0,0,0,0
2020-02-28,Fresno,019,978130,1,0,0,0,0
2020-02-28,Glenn,021,27897,0,0,0,0,0
2020-02-28,Humboldt,023,135768,1,1,0,1,0
2020-02-28,Imperial,025,180216,1,0,0,0,0
2020-02-28,Inyo,027,18085,0,0,0,0,0
2020-02-28,Kern,029,883053,2,0,0,0,0
2020-02-28,Kings,031,150075,3,0,1,1,0
2020-02-28,Lake,033,64148,0,0,0,0,0
2020-02-28,Lassen,035,31185,0,0,0,0,0
2020-02-28,Los Angeles,037,10098052,102,1,6,7,0
2020-02-28,Madera,039,155013,2,0,0,0,0
2020-02-28,Marin,041,260295,2,0,0,0,0
2020-02-28,Mariposa,043,17540,0,0,0,0,0
2020-02-28,Mendocino,045,87422,0,0,0,0,0
2020-02-28,Merced,047,269075,1,0,0,0,0
2020-02-28,Modoc,049,8938,0,0,0,0,0
2020-02-28,Mono,051,14174,0,0,0,0,0
2020-02-28,Monterey,053,433212,1,0,0,0,0
2020-02-28,Napa,055,140530,1,0,0,0,0
2020-02-28,Nevada,057,99092,0,0,1,1,0
2020-02-28,Orange,059,3164182,54,1,0,1,0
2020-02-28,Placer,061,380077,7,0,0,0,0
2020-02-28,Plumas,063,18699,0,0,0,0,0
2020-02-28,Riverside,065,2383286,13,0,1,1,0
2020-02-28,Sacramento,067,1510023,10,1,0,1,0
2020-02-28,San Benito,069,59416,0,2,0,2,0
2020-02-28,San Bernardino,071,2135413,25,0,0,0,0
2020-02-28,San Diego,073,3302833,13,2,0,2,0
2020-02-28,San Francisco,075,870044,10,0,0,0,0
2020-02-28,San Joaquin,077,732212,6,0,3,3,0
2020-02-28,San Luis Obispo,079,281455,2,0,0,0,0
2020-02-28,San Mateo,081,765935,24,0,0,0,0
2020-02-28,Santa Barbara,083,443738,0,0,0,0,0
2020-02-28,Santa Clara,085,1922200,70,3,1,4,0
2020-02-28,Santa Cruz,087,273765,8,0,0,0,0
2020-02-28,Shasta,089,179085,2,0,0,0,0
2020-02-28,Sierra,091,2930,0,0,0,0,0
2020-02-28,Siskiyou,093,43540,0,0,0,0,0
2020-02-28,Solano,095,438530,17,23,0,23,0
2020-02-28,Sonoma,097,501317,6,0,0,0,0
2020-02-28,Stanislaus,099,539301,2,0,2,2,0
2020-02-28,Sutter,101,95872,0,0,0,0,0
2020-02-28,Tehama,103,63373,0,0,0,0,0
2020-02-28,Trinity,105,12862,0,0,0,0,0
2020-02-28,Tulare,107,460477,3,0,0,0,0
2020-02-28,Tuolumne,109,53932,0,0,0,0,0
2020-02-28,Ventura,111,848112,6,0,0,0,0
2020-02-28,Yolo,113,214977,1,0,0,0,0
2020-02-28,Yuba,115,75493,0,0,0,0,0
2020-02-27,Alameda,001,1643700,13,0,0,0,0
2020-02-27,Alpine,003,1148,0,0,0,0,0
2020-02-27,Amador,005,37829,0,0,0,0,0
2020-02-27,Butte,007,227075,0,0,0,0,0
2020-02-27,Calaveras,009,45235,0,0,0,0,0
2020-02-27,Colusa,011,21464,0,0,0,0,0
2020-02-27,Contra Costa,013,1133247,14,0,0,0,0
2020-02-27,Del Norte,015,27424,0,0,0,0,0
2020-02-27,El Dorado,017,186661,0,0,0,0,0
2020-02-27,Fresno,019,978130,1,0,0,0,0
2020-02-27,Glenn,021,27897,0,0,0,0,0
2020-02-27,Humboldt,023,135768,1,1,0,1,0
2020-02-27,Imperial,025,180216,1,0,0,0,0
2020-02-27,Inyo,027,18085,0,0,0,0,0
2020-02-27,Kern,029,883053,2,0,0,0,0
2020-02-27,Kings,031,150075,3,0,1,1,0
2020-02-27,Lake,033,64148,0,0,0,0,0
2020-02-27,Lassen,035,31185,0,0,0,0,0
2020-02-27,Los Angeles,037,10098052,94,1,6,7,0
2020-02-27,Madera,039,155013,2,0,0,0,0
2020-02-27,Marin,041,260295,1,0,0,0,0
2020-02-27,Mariposa,043,17540,0,0,0,0,0
2020-02-27,Mendocino,045,87422,0,0,0,0,0
2020-02-27,Merced,047,269075,1,0,0,0,0
2020-02-27,Modoc,049,8938,0,0,0,0,0
2020-02-27,Mono,051,14174,0,0,0,0,0
2020-02-27,Monterey,053,433212,1,0,0,0,0
2020-02-27,Napa,055,140530,1,0,0,0,0
2020-02-27,Nevada,057,99092,0,0,1,1,0
2020-02-27,Orange,059,3164182,48,1,0,1,0
2020-02-27,Placer,061,380077,6,0,0,0,0
2020-02-27,Plumas,063,18699,0,0,0,0,0
2020-02-27,Riverside,065,2383286,12,0,1,1,0
2020-02-27,Sacramento,067,1510023,10,1,0,1,0
2020-02-27,San Benito,069,59416,0,2,0,2,0
2020-02-27,San Bernardino,071,2135413,25,0,0,0,0
2020-02-27,San Diego,073,3302833,12,2,0,2,0
2020-02-27,San Francisco,075,870044,9,0,0,0,0
2020-02-27,San Joaquin,077,732212,5,0,3,3,0
2020-02-27,San Luis Obispo,079,281455,2,0,0,0,0
2020-02-27,San Mateo,081,765935,20,0,0,0,0
2020-02-27,Santa Barbara,083,443738,0,0,0,0,0
2020-02-27,Santa Clara,085,1922200,59,2,1,3,0
2020-02-27,Santa Cruz,087,273765,6,0,0,0,0
2020-02-27,Shasta,089,179085,0,0,0,0,0
2020-02-27,Sierra,091,2930,0,0,0,0,0
2020-02-27,Siskiyou,093,43540,0,0,0,0,0
2020-02-27,Solano,095,438530,17,23,0,23,0
2020-02-27,Sonoma,097,501317,5,0,0,0,0
2020-02-27,Stanislaus,099,539301,2,0,2,2,0
2020-02-27,Sutter,101,95872,0,0,0,0,0
2020-02-27,Tehama,103,63373,0,0,0,0,0
2020-02-27,Trinity,105,12862,0,0,0,0,0
2020-02-27,Tulare,107,460477,3,0,0,0,0
2020-02-27,Tuolumne,109,53932,0,0,0,0,0
2020-02-27,Ventura,111,848112,4,0,0,0,0
2020-02-27,Yolo,113,214977,1,0,0,0,0
2020-02-27,Yuba,115,75493,0,0,0,0,0
2020-02-26,Alameda,001,1643700,13,0,0,0,0
2020-02-26,Alpine,003,1148,0,0,0,0,0
2020-02-26,Amador,005,37829,0,0,0,0,0
2020-02-26,Butte,007,227075,0,0,0,0,0
2020-02-26,Calaveras,009,45235,0,0,0,0,0
2020-02-26,Colusa,011,21464,0,0,0,0,0
2020-02-26,Contra Costa,013,1133247,13,0,0,0,0
2020-02-26,Del Norte,015,27424,0,0,0,0,0
2020-02-26,El Dorado,017,186661,0,0,0,0,0
2020-02-26,Fresno,019,978130,1,0,0,0,0
2020-02-26,Glenn,021,27897,0,0,0,0,0
2020-02-26,Humboldt,023,135768,1,1,0,1,0
2020-02-26,Imperial,025,180216,1,0,0,0,0
2020-02-26,Inyo,027,18085,0,0,0,0,0
2020-02-26,Kern,029,883053,2,0,0,0,0
2020-02-26,Kings,031,150075,3,0,1,1,0
2020-02-26,Lake,033,64148,0,0,0,0,0
2020-02-26,Lassen,035,31185,0,0,0,0,0
2020-02-26,Los Angeles,037,10098052,88,1,6,7,0
2020-02-26,Madera,039,155013,2,0,0,0,0
2020-02-26,Marin,041,260295,1,0,0,0,0
2020-02-26,Mariposa,043,17540,0,0,0,0,0
2020-02-26,Mendocino,045,87422,0,0,0,0,0
2020-02-26,Merced,047,269075,1,0,0,0,0
2020-02-26,Modoc,049,8938,0,0,0,0,0
2020-02-26,Mono,051,14174,0,0,0,0,0
2020-02-26,Monterey,053,433212,1,0,0,0,0
2020-02-26,Napa,055,140530,0,0,0,0,0
2020-02-26,Nevada,057,99092,0,0,1,1,0
2020-02-26,Orange,059,3164182,47,1,0,1,0
2020-02-26,Placer,061,380077,5,0,0,0,0
2020-02-26,Plumas,063,18699,0,0,0,0,0
2020-02-26,Riverside,065,2383286,10,0,1,1,0
2020-02-26,Sacramento,067,1510023,10,1,0,1,0
2020-02-26,San Benito,069,59416,0,2,0,2,0
2020-02-26,San Bernardino,071,2135413,23,0,0,0,0
2020-02-26,San Diego,073,3302833,11,2,0,2,0
2020-02-26,San Francisco,075,870044,9,0,0,0,0
2020-02-26,San Joaquin,077,732212,5,0,3,3,0
2020-02-26,San Luis Obispo,079,281455,2,0,0,0,0
2020-02-26,San Mateo,081,765935,18,0,0,0,0
2020-02-26,Santa Barbara,083,443738,0,0,0,0,0
2020-02-26,Santa Clara,085,1922200,50,2,1,3,0
2020-02-26,Santa Cruz,087,273765,6,0,0,0,0
2020-02-26,Shasta,089,179085,0,0,0,0,0
2020-02-26,Sierra,091,2930,0,0,0,0,0
2020-02-26,Siskiyou,093,43540,0,0,0,0,0
2020-02-26,Solano,095,438530,17,23,0,23,0
2020-02-26,Sonoma,097,501317,5,0,0,0,0
2020-02-26,Stanislaus,099,539301,2,0,2,2,0
2020-02-26,Sutter,101,95872,0,0,0,0,0
2020-02-26,Tehama,103,63373,0,0,0,0,0
2020-02-26,Trinity,105,12862,0,0,0,0,0
2020-02-26,Tulare,107,460477,3,0,0,0,0
2020-02-26,Tuolumne,109,53932,0,0,0,0,0
2020-02-26,Ventura,111,848112,4,0,0,0,0
2020-02-26,Yolo,113,214977,1,0,0,0,0
2020-02-26,Yuba,115,75493,0,0,0,0,0
2020-02-25,Alameda,001,1643700,13,0,0,0,0
2020-02-25,Alpine,003,1148,0,0,0,0,0
2020-02-25,Amador,005,37829,0,0,0,0,0
2020-02-25,Butte,007,227075,0,0,0,0,0
2020-02-25,Calaveras,009,45235,0,0,0,0,0
2020-02-25,Colusa,011,21464,0,0,0,0,0
2020-02-25,Contra Costa,013,1133247,11,0,0,0,0
2020-02-25,Del Norte,015,27424,0,0,0,0,0
2020-02-25,El Dorado,017,186661,0,0,0,0,0
2020-02-25,Fresno,019,978130,1,0,0,0,0
2020-02-25,Glenn,021,27897,0,0,0,0,0
2020-02-25,Humboldt,023,135768,1,1,0,1,0
2020-02-25,Imperial,025,180216,1,0,0,0,0
2020-02-25,Inyo,027,18085,0,0,0,0,0
2020-02-25,Kern,029,883053,2,0,0,0,0
2020-02-25,Kings,031,150075,3,0,1,1,0
2020-02-25,Lake,033,64148,0,0,0,0,0
2020-02-25,Lassen,035,31185,0,0,0,0,0
2020-02-25,Los Angeles,037,10098052,76,1,6,7,0
2020-02-25,Madera,039,155013,2,0,0,0,0
2020-02-25,Marin,041,260295,1,0,0,0,0
2020-02-25,Mariposa,043,17540,0,0,0,0,0
2020-02-25,Mendocino,045,87422,0,0,0,0,0
2020-02-25,Merced,047,269075,0,0,0,0,0
2020-02-25,Modoc,049,8938,0,0,0,0,0
2020-02-25,Mono,051,14174,0,0,0,0,0
2020-02-25,Monterey,053,433212,1,0,0,0,0
2020-02-25,Napa,055,140530,0,0,0,0,0
2020-02-25,Nevada,057,99092,0,0,1,1,0
2020-02-25,Orange,059,3164182,46,1,0,1,0
2020-02-25,Placer,061,380077,5,0,0,0,0
2020-02-25,Plumas,063,18699,0,0,0,0,0
2020-02-25,Riverside,065,2383286,10,0,1,1,0
2020-02-25,Sacramento,067,1510023,8,1,0,1,0
2020-02-25,San Benito,069,59416,0,2,0,2,0
2020-02-25,San Bernardino,071,2135413,21,0,0,0,0
2020-02-25,San Diego,073,3302833,7,2,0,2,0
2020-02-25,San Francisco,075,870044,7,0,0,0,0
2020-02-25,San Joaquin,077,732212,5,0,2,2,0
2020-02-25,San Luis Obispo,079,281455,2,0,0,0,0
2020-02-25,San Mateo,081,765935,17,0,0,0,0
2020-02-25,Santa Barbara,083,443738,0,0,0,0,0
2020-02-25,Santa Clara,085,1922200,40,2,1,3,0
2020-02-25,Santa Cruz,087,273765,5,0,0,0,0
2020-02-25,Shasta,089,179085,0,0,0,0,0
2020-02-25,Sierra,091,2930,0,0,0,0,0
2020-02-25,Siskiyou,093,43540,0,0,0,0,0
2020-02-25,Solano,095,438530,16,21,0,21,0
2020-02-25,Sonoma,097,501317,5,0,0,0,0
2020-02-25,Stanislaus,099,539301,2,0,2,2,0
2020-02-25,Sutter,101,95872,0,0,0,0,0
2020-02-25,Tehama,103,63373,0,0,0,0,0
2020-02-25,Trinity,105,12862,0,0,0,0,0
2020-02-25,Tulare,107,460477,3,0,0,0,0
2020-02-25,Tuolumne,109,53932,0,0,0,0,0
2020-02-25,Ventura,111,848112,4,0,0,0,0
2020-02-25,Yolo,113,214977,1,0,0,0,0
2020-02-25,Yuba,115,75493,0,0,0,0,0
2020-02-24,Alameda,001,1643700,13,0,0,0,0
2020-02-24,Alpine,003,1148,0,0,0,0,0
2020-02-24,Amador,005,37829,0,0,0,0,0
2020-02-24,Butte,007,227075,0,0,0,0,0
2020-02-24,Calaveras,009,45235,0,0,0,0,0
2020-02-24,Colusa,011,21464,0,0,0,0,0
2020-02-24,Contra Costa,013,1133247,9,0,0,0,0
2020-02-24,Del Norte,015,27424,0,0,0,0,0
2020-02-24,El Dorado,017,186661,0,0,0,0,0
2020-02-24,Fresno,019,978130,1,0,0,0,0
2020-02-24,Glenn,021,27897,0,0,0,0,0
2020-02-24,Humboldt,023,135768,1,1,0,1,0
2020-02-24,Imperial,025,180216,1,0,0,0,0
2020-02-24,Inyo,027,18085,0,0,0,0,0
2020-02-24,Kern,029,883053,2,0,0,0,0
2020-02-24,Kings,031,150075,3,0,1,1,0
2020-02-24,Lake,033,64148,0,0,0,0,0
2020-02-24,Lassen,035,31185,0,0,0,0,0
2020-02-24,Los Angeles,037,10098052,71,1,6,7,0
2020-02-24,Madera,039,155013,1,0,0,0,0
2020-02-24,Marin,041,260295,1,0,0,0,0
2020-02-24,Mariposa,043,17540,0,0,0,0,0
2020-02-24,Mendocino,045,87422,0,0,0,0,0
2020-02-24,Merced,047,269075,0,0,0,0,0
2020-02-24,Modoc,049,8938,0,0,0,0,0
2020-02-24,Mono,051,14174,0,0,0,0,0
2020-02-24,Monterey,053,433212,1,0,0,0,0
2020-02-24,Napa,055,140530,0,0,0,0,0
2020-02-24,Nevada,057,99092,0,0,1,1,0
2020-02-24,Orange,059,3164182,44,1,0,1,0
2020-02-24,Placer,061,380077,3,0,0,0,0
2020-02-24,Plumas,063,18699,0,0,0,0,0
2020-02-24,Riverside,065,2383286,9,0,1,1,0
2020-02-24,Sacramento,067,1510023,7,1,0,1,0
2020-02-24,San Benito,069,59416,0,2,0,2,0
2020-02-24,San Bernardino,071,2135413,21,0,0,0,0
2020-02-24,San Diego,073,3302833,7,2,0,2,0
2020-02-24,San Francisco,075,870044,6,0,0,0,0
2020-02-24,San Joaquin,077,732212,5,0,1,1,0
2020-02-24,San Luis Obispo,079,281455,2,0,0,0,0
2020-02-24,San Mateo,081,765935,13,0,0,0,0
2020-02-24,Santa Barbara,083,443738,0,0,0,0,0
2020-02-24,Santa Clara,085,1922200,38,2,1,3,0
2020-02-24,Santa Cruz,087,273765,5,0,0,0,0
2020-02-24,Shasta,089,179085,0,0,0,0,0
2020-02-24,Sierra,091,2930,0,0,0,0,0
2020-02-24,Siskiyou,093,43540,0,0,0,0,0
2020-02-24,Solano,095,438530,13,15,0,15,0
2020-02-24,Sonoma,097,501317,5,0,0,0,0
2020-02-24,Stanislaus,099,539301,2,0,2,2,0
2020-02-24,Sutter,101,95872,0,0,0,0,0
2020-02-24,Tehama,103,63373,0,0,0,0,0
2020-02-24,Trinity,105,12862,0,0,0,0,0
2020-02-24,Tulare,107,460477,3,0,0,0,0
2020-02-24,Tuolumne,109,53932,0,0,0,0,0
2020-02-24,Ventura,111,848112,4,0,0,0,0
2020-02-24,Yolo,113,214977,1,0,0,0,0
2020-02-24,Yuba,115,75493,0,0,0,0,0
2020-02-23,Alameda,001,1643700,11,0,0,0,0
2020-02-23,Alpine,003,1148,0,0,0,0,0
2020-02-23,Amador,005,37829,0,0,0,0,0
2020-02-23,Butte,007,227075,0,0,0,0,0
2020-02-23,Calaveras,009,45235,0,0,0,0,0
2020-02-23,Colusa,011,21464,0,0,0,0,0
2020-02-23,Contra Costa,013,1133247,6,0,0,0,0
2020-02-23,Del Norte,015,27424,0,0,0,0,0
2020-02-23,El Dorado,017,186661,0,0,0,0,0
2020-02-23,Fresno,019,978130,1,0,0,0,0
2020-02-23,Glenn,021,27897,0,0,0,0,0
2020-02-23,Humboldt,023,135768,1,1,0,1,0
2020-02-23,Imperial,025,180216,1,0,0,0,0
2020-02-23,Inyo,027,18085,0,0,0,0,0
2020-02-23,Kern,029,883053,2,0,0,0,0
2020-02-23,Kings,031,150075,3,0,1,1,0
2020-02-23,Lake,033,64148,0,0,0,0,0
2020-02-23,Lassen,035,31185,0,0,0,0,0
2020-02-23,Los Angeles,037,10098052,63,1,6,7,0
2020-02-23,Madera,039,155013,1,0,0,0,0
2020-02-23,Marin,041,260295,1,0,0,0,0
2020-02-23,Mariposa,043,17540,0,0,0,0,0
2020-02-23,Mendocino,045,87422,0,0,0,0,0
2020-02-23,Merced,047,269075,0,0,0,0,0
2020-02-23,Modoc,049,8938,0,0,0,0,0
2020-02-23,Mono,051,14174,0,0,0,0,0
2020-02-23,Monterey,053,433212,1,0,0,0,0
2020-02-23,Napa,055,140530,0,0,0,0,0
2020-02-23,Nevada,057,99092,0,0,1,1,0
2020-02-23,Orange,059,3164182,44,1,0,1,0
2020-02-23,Placer,061,380077,3,0,0,0,0
2020-02-23,Plumas,063,18699,0,0,0,0,0
2020-02-23,Riverside,065,2383286,9,0,0,0,0
2020-02-23,Sacramento,067,1510023,6,1,0,1,0
2020-02-23,San Benito,069,59416,0,2,0,2,0
2020-02-23,San Bernardino,071,2135413,20,0,0,0,0
2020-02-23,San Diego,073,3302833,6,2,0,2,0
2020-02-23,San Francisco,075,870044,5,0,0,0,0
2020-02-23,San Joaquin,077,732212,4,0,1,1,0
2020-02-23,San Luis Obispo,079,281455,2,0,0,0,0
2020-02-23,San Mateo,081,765935,10,0,0,0,0
2020-02-23,Santa Barbara,083,443738,0,0,0,0,0
2020-02-23,Santa Clara,085,1922200,26,2,1,3,0
2020-02-23,Santa Cruz,087,273765,2,0,0,0,0
2020-02-23,Shasta,089,179085,0,0,0,0,0
2020-02-23,Sierra,091,2930,0,0,0,0,0
2020-02-23,Siskiyou,093,43540,0,0,0,0,0
2020-02-23,Solano,095,438530,11,15,0,15,0
2020-02-23,Sonoma,097,501317,5,0,0,0,0
2020-02-23,Stanislaus,099,539301,2,0,2,2,0
2020-02-23,Sutter,101,95872,0,0,0,0,0
2020-02-23,Tehama,103,63373,0,0,0,0,0
2020-02-23,Trinity,105,12862,0,0,0,0,0
2020-02-23,Tulare,107,460477,2,0,0,0,0
2020-02-23,Tuolumne,109,53932,0,0,0,0,0
2020-02-23,Ventura,111,848112,4,0,0,0,0
2020-02-23,Yolo,113,214977,1,0,0,0,0
2020-02-23,Yuba,115,75493,0,0,0,0,0
2020-02-22,Alameda,001,1643700,10,0,0,0,0
2020-02-22,Alpine,003,1148,0,0,0,0,0
2020-02-22,Amador,005,37829,0,0,0,0,0
2020-02-22,Butte,007,227075,0,0,0,0,0
2020-02-22,Calaveras,009,45235,0,0,0,0,0
2020-02-22,Colusa,011,21464,0,0,0,0,0
2020-02-22,Contra Costa,013,1133247,5,0,0,0,0
2020-02-22,Del Norte,015,27424,0,0,0,0,0
2020-02-22,El Dorado,017,186661,0,0,0,0,0
2020-02-22,Fresno,019,978130,1,0,0,0,0
2020-02-22,Glenn,021,27897,0,0,0,0,0
2020-02-22,Humboldt,023,135768,1,1,0,1,0
2020-02-22,Imperial,025,180216,0,0,0,0,0
2020-02-22,Inyo,027,18085,0,0,0,0,0
2020-02-22,Kern,029,883053,2,0,0,0,0
2020-02-22,Kings,031,150075,3,0,1,1,0
2020-02-22,Lake,033,64148,0,0,0,0,0
2020-02-22,Lassen,035,31185,0,0,0,0,0
2020-02-22,Los Angeles,037,10098052,61,1,6,7,0
2020-02-22,Madera,039,155013,0,0,0,0,0
2020-02-22,Marin,041,260295,1,0,0,0,0
2020-02-22,Mariposa,043,17540,0,0,0,0,0
2020-02-22,Mendocino,045,87422,0,0,0,0,0
2020-02-22,Merced,047,269075,0,0,0,0,0
2020-02-22,Modoc,049,8938,0,0,0,0,0
2020-02-22,Mono,051,14174,0,0,0,0,0
2020-02-22,Monterey,053,433212,1,0,0,0,0
2020-02-22,Napa,055,140530,0,0,0,0,0
2020-02-22,Nevada,057,99092,0,0,1,1,0
2020-02-22,Orange,059,3164182,43,1,0,1,0
2020-02-22,Placer,061,380077,3,0,0,0,0
2020-02-22,Plumas,063,18699,0,0,0,0,0
2020-02-22,Riverside,065,2383286,9,0,0,0,0
2020-02-22,Sacramento,067,1510023,6,1,0,1,0
2020-02-22,San Benito,069,59416,0,2,0,2,0
2020-02-22,San Bernardino,071,2135413,18,0,0,0,0
2020-02-22,San Diego,073,3302833,5,2,0,2,0
2020-02-22,San Francisco,075,870044,3,0,0,0,0
2020-02-22,San Joaquin,077,732212,4,0,1,1,0
2020-02-22,San Luis Obispo,079,281455,2,0,0,0,0
2020-02-22,San Mateo,081,765935,8,0,0,0,0
2020-02-22,Santa Barbara,083,443738,0,0,0,0,0
2020-02-22,Santa Clara,085,1922200,23,2,1,3,0
2020-02-22,Santa Cruz,087,273765,2,0,0,0,0
2020-02-22,Shasta,089,179085,0,0,0,0,0
2020-02-22,Sierra,091,2930,0,0,0,0,0
2020-02-22,Siskiyou,093,43540,0,0,0,0,0
2020-02-22,Solano,095,438530,11,11,0,11,0
2020-02-22,Sonoma,097,501317,4,0,0,0,0
2020-02-22,Stanislaus,099,539301,2,0,2,2,0
2020-02-22,Sutter,101,95872,0,0,0,0,0
2020-02-22,Tehama,103,63373,0,0,0,0,0
2020-02-22,Trinity,105,12862,0,0,0,0,0
2020-02-22,Tulare,107,460477,2,0,0,0,0
2020-02-22,Tuolumne,109,53932,0,0,0,0,0
2020-02-22,Ventura,111,848112,4,0,0,0,0
2020-02-22,Yolo,113,214977,0,0,0,0,0
2020-02-22,Yuba,115,75493,0,0,0,0,0
2020-02-21,Alameda,001,1643700,9,0,0,0,0
2020-02-21,Alpine,003,1148,0,0,0,0,0
2020-02-21,Amador,005,37829,0,0,0,0,0
2020-02-21,Butte,007,227075,0,0,0,0,0
2020-02-21,Calaveras,009,45235,0,0,0,0,0
2020-02-21,Colusa,011,21464,0,0,0,0,0
2020-02-21,Contra Costa,013,1133247,4,0,0,0,0
2020-02-21,Del Norte,015,27424,0,0,0,0,0
2020-02-21,El Dorado,017,186661,0,0,0,0,0
2020-02-21,Fresno,019,978130,1,0,0,0,0
2020-02-21,Glenn,021,27897,0,0,0,0,0
2020-02-21,Humboldt,023,135768,1,1,0,1,0
2020-02-21,Imperial,025,180216,0,0,0,0,0
2020-02-21,Inyo,027,18085,0,0,0,0,0
2020-02-21,Kern,029,883053,2,0,0,0,0
2020-02-21,Kings,031,150075,3,0,1,1,0
2020-02-21,Lake,033,64148,0,0,0,0,0
2020-02-21,Lassen,035,31185,0,0,0,0,0
2020-02-21,Los Angeles,037,10098052,57,1,6,7,0
2020-02-21,Madera,039,155013,0,0,0,0,0
2020-02-21,Marin,041,260295,1,0,0,0,0
2020-02-21,Mariposa,043,17540,0,0,0,0,0
2020-02-21,Mendocino,045,87422,0,0,0,0,0
2020-02-21,Merced,047,269075,0,0,0,0,0
2020-02-21,Modoc,049,8938,0,0,0,0,0
2020-02-21,Mono,051,14174,0,0,0,0,0
2020-02-21,Monterey,053,433212,1,0,0,0,0
2020-02-21,Napa,055,140530,0,0,0,0,0
2020-02-21,Nevada,057,99092,0,0,1,1,0
2020-02-21,Orange,059,3164182,41,1,0,1,0
2020-02-21,Placer,061,380077,2,0,0,0,0
2020-02-21,Plumas,063,18699,0,0,0,0,0
2020-02-21,Riverside,065,2383286,9,0,0,0,0
2020-02-21,Sacramento,067,1510023,5,1,0,1,0
2020-02-21,San Benito,069,59416,0,2,0,2,0
2020-02-21,San Bernardino,071,2135413,17,0,0,0,0
2020-02-21,San Diego,073,3302833,5,2,0,2,0
2020-02-21,San Francisco,075,870044,3,0,0,0,0
2020-02-21,San Joaquin,077,732212,2,0,1,1,0
2020-02-21,San Luis Obispo,079,281455,2,0,0,0,0
2020-02-21,San Mateo,081,765935,8,0,0,0,0
2020-02-21,Santa Barbara,083,443738,0,0,0,0,0
2020-02-21,Santa Clara,085,1922200,21,2,1,3,0
2020-02-21,Santa Cruz,087,273765,2,0,0,0,0
2020-02-21,Shasta,089,179085,0,0,0,0,0
2020-02-21,Sierra,091,2930,0,0,0,0,0
2020-02-21,Siskiyou,093,43540,0,0,0,0,0
2020-02-21,Solano,095,438530,10,11,0,11,0
2020-02-21,Sonoma,097,501317,3,0,0,0,0
2020-02-21,Stanislaus,099,539301,2,0,2,2,0
2020-02-21,Sutter,101,95872,0,0,0,0,0
2020-02-21,Tehama,103,63373,0,0,0,0,0
2020-02-21,Trinity,105,12862,0,0,0,0,0
2020-02-21,Tulare,107,460477,2,0,0,0,0
2020-02-21,Tuolumne,109,53932,0,0,0,0,0
2020-02-21,Ventura,111,848112,4,0,0,0,0
2020-02-21,Yolo,113,214977,0,0,0,0,0
2020-02-21,Yuba,115,75493,0,0,0,0,0
2020-02-20,Alameda,001,1643700,7,0,0,0,0
2020-02-20,Alpine,003,1148,0,0,0,0,0
2020-02-20,Amador,005,37829,0,0,0,0,0
2020-02-20,Butte,007,227075,0,0,0,0,0
2020-02-20,Calaveras,009,45235,0,0,0,0,0
2020-02-20,Colusa,011,21464,0,0,0,0,0
2020-02-20,Contra Costa,013,1133247,3,0,0,0,0
2020-02-20,Del Norte,015,27424,0,0,0,0,0
2020-02-20,El Dorado,017,186661,0,0,0,0,0
2020-02-20,Fresno,019,978130,1,0,0,0,0
2020-02-20,Glenn,021,27897,0,0,0,0,0
2020-02-20,Humboldt,023,135768,1,1,0,1,0
2020-02-20,Imperial,025,180216,0,0,0,0,0
2020-02-20,Inyo,027,18085,0,0,0,0,0
2020-02-20,Kern,029,883053,2,0,0,0,0
2020-02-20,Kings,031,150075,3,0,1,1,0
2020-02-20,Lake,033,64148,0,0,0,0,0
2020-02-20,Lassen,035,31185,0,0,0,0,0
2020-02-20,Los Angeles,037,10098052,56,1,5,6,0
2020-02-20,Madera,039,155013,0,0,0,0,0
2020-02-20,Marin,041,260295,0,0,0,0,0
2020-02-20,Mariposa,043,17540,0,0,0,0,0
2020-02-20,Mendocino,045,87422,0,0,0,0,0
2020-02-20,Merced,047,269075,0,0,0,0,0
2020-02-20,Modoc,049,8938,0,0,0,0,0
2020-02-20,Mono,051,14174,0,0,0,0,0
2020-02-20,Monterey,053,433212,1,0,0,0,0
2020-02-20,Napa,055,140530,0,0,0,0,0
2020-02-20,Nevada,057,99092,0,0,1,1,0
2020-02-20,Orange,059,3164182,41,1,0,1,0
2020-02-20,Placer,061,380077,2,0,0,0,0
2020-02-20,Plumas,063,18699,0,0,0,0,0
2020-02-20,Riverside,065,2383286,7,0,0,0,0
2020-02-20,Sacramento,067,1510023,2,1,0,1,0
2020-02-20,San Benito,069,59416,0,2,0,2,0
2020-02-20,San Bernardino,071,2135413,15,0,0,0,0
2020-02-20,San Diego,073,3302833,5,2,0,2,0
2020-02-20,San Francisco,075,870044,3,0,0,0,0
2020-02-20,San Joaquin,077,732212,2,0,1,1,0
2020-02-20,San Luis Obispo,079,281455,2,0,0,0,0
2020-02-20,San Mateo,081,765935,7,0,0,0,0
2020-02-20,Santa Barbara,083,443738,0,0,0,0,0
2020-02-20,Santa Clara,085,1922200,17,2,1,3,0
2020-02-20,Santa Cruz,087,273765,2,0,0,0,0
2020-02-20,Shasta,089,179085,0,0,0,0,0
2020-02-20,Sierra,091,2930,0,0,0,0,0
2020-02-20,Siskiyou,093,43540,0,0,0,0,0
2020-02-20,Solano,095,438530,8,7,0,7,0
2020-02-20,Sonoma,097,501317,2,0,0,0,0
2020-02-20,Stanislaus,099,539301,2,0,2,2,0
2020-02-20,Sutter,101,95872,0,0,0,0,0
2020-02-20,Tehama,103,63373,0,0,0,0,0
2020-02-20,Trinity,105,12862,0,0,0,0,0
2020-02-20,Tulare,107,460477,2,0,0,0,0
2020-02-20,Tuolumne,109,53932,0,0,0,0,0
2020-02-20,Ventura,111,848112,4,0,0,0,0
2020-02-20,Yolo,113,214977,0,0,0,0,0
2020-02-20,Yuba,115,75493,0,0,0,0,0
2020-02-19,Alameda,001,1643700,6,0,0,0,0
2020-02-19,Alpine,003,1148,0,0,0,0,0
2020-02-19,Amador,005,37829,0,0,0,0,0
2020-02-19,Butte,007,227075,0,0,0,0,0
2020-02-19,Calaveras,009,45235,0,0,0,0,0
2020-02-19,Colusa,011,21464,0,0,0,0,0
2020-02-19,Contra Costa,013,1133247,3,0,0,0,0
2020-02-19,Del Norte,015,27424,0,0,0,0,0
2020-02-19,El Dorado,017,186661,0,0,0,0,0
2020-02-19,Fresno,019,978130,1,0,0,0,0
2020-02-19,Glenn,021,27897,0,0,0,0,0
2020-02-19,Humboldt,023,135768,1,0,0,0,0
2020-02-19,Imperial,025,180216,0,0,0,0,0
2020-02-19,Inyo,027,18085,0,0,0,0,0
2020-02-19,Kern,029,883053,2,0,0,0,0
2020-02-19,Kings,031,150075,3,0,1,1,0
2020-02-19,Lake,033,64148,0,0,0,0,0
2020-02-19,Lassen,035,31185,0,0,0,0,0
2020-02-19,Los Angeles,037,10098052,53,1,5,6,0
2020-02-19,Madera,039,155013,0,0,0,0,0
2020-02-19,Marin,041,260295,0,0,0,0,0
2020-02-19,Mariposa,043,17540,0,0,0,0,0
2020-02-19,Mendocino,045,87422,0,0,0,0,0
2020-02-19,Merced,047,269075,0,0,0,0,0
2020-02-19,Modoc,049,8938,0,0,0,0,0
2020-02-19,Mono,051,14174,0,0,0,0,0
2020-02-19,Monterey,053,433212,1,0,0,0,0
2020-02-19,Napa,055,140530,0,0,0,0,0
2020-02-19,Nevada,057,99092,0,0,1,1,0
2020-02-19,Orange,059,3164182,40,1,0,1,0
2020-02-19,Placer,061,380077,2,0,0,0,0
2020-02-19,Plumas,063,18699,0,0,0,0,0
2020-02-19,Riverside,065,2383286,5,0,0,0,0
2020-02-19,Sacramento,067,1510023,2,0,0,0,0
2020-02-19,San Benito,069,59416,0,2,0,2,0
2020-02-19,San Bernardino,071,2135413,14,0,0,0,0
2020-02-19,San Diego,073,3302833,4,2,0,2,0
2020-02-19,San Francisco,075,870044,2,0,0,0,0
2020-02-19,San Joaquin,077,732212,2,0,1,1,0
2020-02-19,San Luis Obispo,079,281455,2,0,0,0,0
2020-02-19,San Mateo,081,765935,6,0,0,0,0
2020-02-19,Santa Barbara,083,443738,0,0,0,0,0
2020-02-19,Santa Clara,085,1922200,15,2,1,3,0
2020-02-19,Santa Cruz,087,273765,0,0,0,0,0
2020-02-19,Shasta,089,179085,0,0,0,0,0
2020-02-19,Sierra,091,2930,0,0,0,0,0
2020-02-19,Siskiyou,093,43540,0,0,0,0,0
2020-02-19,Solano,095,438530,5,7,0,7,0
2020-02-19,Sonoma,097,501317,2,0,0,0,0
2020-02-19,Stanislaus,099,539301,1,0,2,2,0
2020-02-19,Sutter,101,95872,0,0,0,0,0
2020-02-19,Tehama,103,63373,0,0,0,0,0
2020-02-19,Trinity,105,12862,0,0,0,0,0
2020-02-19,Tulare,107,460477,2,0,0,0,0
2020-02-19,Tuolumne,109,53932,0,0,0,0,0
2020-02-19,Ventura,111,848112,2,0,0,0,0
2020-02-19,Yolo,113,214977,0,0,0,0,0
2020-02-19,Yuba,115,75493,0,0,0,0,0
2020-02-18,Alameda,001,1643700,6,0,0,0,0
2020-02-18,Alpine,003,1148,0,0,0,0,0
2020-02-18,Amador,005,37829,0,0,0,0,0
2020-02-18,Butte,007,227075,0,0,0,0,0
2020-02-18,Calaveras,009,45235,0,0,0,0,0
2020-02-18,Colusa,011,21464,0,0,0,0,0
2020-02-18,Contra Costa,013,1133247,3,0,0,0,0
2020-02-18,Del Norte,015,27424,0,0,0,0,0
2020-02-18,El Dorado,017,186661,0,0,0,0,0
2020-02-18,Fresno,019,978130,0,0,0,0,0
2020-02-18,Glenn,021,27897,0,0,0,0,0
2020-02-18,Humboldt,023,135768,1,0,0,0,0
2020-02-18,Imperial,025,180216,0,0,0,0,0
2020-02-18,Inyo,027,18085,0,0,0,0,0
2020-02-18,Kern,029,883053,2,0,0,0,0
2020-02-18,Kings,031,150075,3,0,1,1,0
2020-02-18,Lake,033,64148,0,0,0,0,0
2020-02-18,Lassen,035,31185,0,0,0,0,0
2020-02-18,Los Angeles,037,10098052,50,1,4,5,0
2020-02-18,Madera,039,155013,0,0,0,0,0
2020-02-18,Marin,041,260295,0,0,0,0,0
2020-02-18,Mariposa,043,17540,0,0,0,0,0
2020-02-18,Mendocino,045,87422,0,0,0,0,0
2020-02-18,Merced,047,269075,0,0,0,0,0
2020-02-18,Modoc,049,8938,0,0,0,0,0
2020-02-18,Mono,051,14174,0,0,0,0,0
2020-02-18,Monterey,053,433212,1,0,0,0,0
2020-02-18,Napa,055,140530,0,0,0,0,0
2020-02-18,Nevada,057,99092,0,0,1,1,0
2020-02-18,Orange,059,3164182,39,1,0,1,0
2020-02-18,Placer,061,380077,0,0,0,0,0
2020-02-18,Plumas,063,18699,0,0,0,0,0
2020-02-18,Riverside,065,2383286,5,0,0,0,0
2020-02-18,Sacramento,067,1510023,2,0,0,0,0
2020-02-18,San Benito,069,59416,0,2,0,2,0
2020-02-18,San Bernardino,071,2135413,13,0,0,0,0
2020-02-18,San Diego,073,3302833,4,2,0,2,0
2020-02-18,San Francisco,075,870044,2,0,0,0,0
2020-02-18,San Joaquin,077,732212,1,0,1,1,0
2020-02-18,San Luis Obispo,079,281455,2,0,0,0,0
2020-02-18,San Mateo,081,765935,5,0,0,0,0
2020-02-18,Santa Barbara,083,443738,0,0,0,0,0
2020-02-18,Santa Clara,085,1922200,14,2,1,3,0
2020-02-18,Santa Cruz,087,273765,0,0,0,0,0
2020-02-18,Shasta,089,179085,0,0,0,0,0
2020-02-18,Sierra,091,2930,0,0,0,0,0
2020-02-18,Siskiyou,093,43540,0,0,0,0,0
2020-02-18,Solano,095,438530,5,7,0,7,0
2020-02-18,Sonoma,097,501317,1,0,0,0,0
2020-02-18,Stanislaus,099,539301,1,0,2,2,0
2020-02-18,Sutter,101,95872,0,0,0,0,0
2020-02-18,Tehama,103,63373,0,0,0,0,0
2020-02-18,Trinity,105,12862,0,0,0,0,0
2020-02-18,Tulare,107,460477,2,0,0,0,0
2020-02-18,Tuolumne,109,53932,0,0,0,0,0
2020-02-18,Ventura,111,848112,2,0,0,0,0
2020-02-18,Yolo,113,214977,0,0,0,0,0
2020-02-18,Yuba,115,75493,0,0,0,0,0
2020-02-17,Alameda,001,1643700,6,0,0,0,0
2020-02-17,Alpine,003,1148,0,0,0,0,0
2020-02-17,Amador,005,37829,0,0,0,0,0
2020-02-17,Butte,007,227075,0,0,0,0,0
2020-02-17,Calaveras,009,45235,0,0,0,0,0
2020-02-17,Colusa,011,21464,0,0,0,0,0
2020-02-17,Contra Costa,013,1133247,3,0,0,0,0
2020-02-17,Del Norte,015,27424,0,0,0,0,0
2020-02-17,El Dorado,017,186661,0,0,0,0,0
2020-02-17,Fresno,019,978130,0,0,0,0,0
2020-02-17,Glenn,021,27897,0,0,0,0,0
2020-02-17,Humboldt,023,135768,1,0,0,0,0
2020-02-17,Imperial,025,180216,0,0,0,0,0
2020-02-17,Inyo,027,18085,0,0,0,0,0
2020-02-17,Kern,029,883053,2,0,0,0,0
2020-02-17,Kings,031,150075,3,0,0,0,0
2020-02-17,Lake,033,64148,0,0,0,0,0
2020-02-17,Lassen,035,31185,0,0,0,0,0
2020-02-17,Los Angeles,037,10098052,47,1,4,5,0
2020-02-17,Madera,039,155013,0,0,0,0,0
2020-02-17,Marin,041,260295,0,0,0,0,0
2020-02-17,Mariposa,043,17540,0,0,0,0,0
2020-02-17,Mendocino,045,87422,0,0,0,0,0
2020-02-17,Merced,047,269075,0,0,0,0,0
2020-02-17,Modoc,049,8938,0,0,0,0,0
2020-02-17,Mono,051,14174,0,0,0,0,0
2020-02-17,Monterey,053,433212,1,0,0,0,0
2020-02-17,Napa,055,140530,0,0,0,0,0
2020-02-17,Nevada,057,99092,0,0,1,1,0
2020-02-17,Orange,059,3164182,39,1,0,1,0
2020-02-17,Placer,061,380077,0,0,0,0,0
2020-02-17,Plumas,063,18699,0,0,0,0,0
2020-02-17,Riverside,065,2383286,5,0,0,0,0
2020-02-17,Sacramento,067,1510023,2,0,0,0,0
2020-02-17,San Benito,069,59416,0,2,0,2,0
2020-02-17,San Bernardino,071,2135413,11,0,0,0,0
2020-02-17,San Diego,073,3302833,4,2,0,2,0
2020-02-17,San Francisco,075,870044,2,0,0,0,0
2020-02-17,San Joaquin,077,732212,1,0,1,1,0
2020-02-17,San Luis Obispo,079,281455,1,0,0,0,0
2020-02-17,San Mateo,081,765935,5,0,0,0,0
2020-02-17,Santa Barbara,083,443738,0,0,0,0,0
2020-02-17,Santa Clara,085,1922200,12,2,1,3,0
2020-02-17,Santa Cruz,087,273765,0,0,0,0,0
2020-02-17,Shasta,089,179085,0,0,0,0,0
2020-02-17,Sierra,091,2930,0,0,0,0,0
2020-02-17,Siskiyou,093,43540,0,0,0,0,0
2020-02-17,Solano,095,438530,3,5,0,5,0
2020-02-17,Sonoma,097,501317,1,0,0,0,0
2020-02-17,Stanislaus,099,539301,1,0,2,2,0
2020-02-17,Sutter,101,95872,0,0,0,0,0
2020-02-17,Tehama,103,63373,0,0,0,0,0
2020-02-17,Trinity,105,12862,0,0,0,0,0
2020-02-17,Tulare,107,460477,2,0,0,0,0
2020-02-17,Tuolumne,109,53932,0,0,0,0,0
2020-02-17,Ventura,111,848112,2,0,0,0,0
2020-02-17,Yolo,113,214977,0,0,0,0,0
2020-02-17,Yuba,115,75493,0,0,0,0,0
2020-02-16,Alameda,001,1643700,5,0,0,0,0
2020-02-16,Alpine,003,1148,0,0,0,0,0
2020-02-16,Amador,005,37829,0,0,0,0,0
2020-02-16,Butte,007,227075,0,0,0,0,0
2020-02-16,Calaveras,009,45235,0,0,0,0,0
2020-02-16,Colusa,011,21464,0,0,0,0,0
2020-02-16,Contra Costa,013,1133247,3,0,0,0,0
2020-02-16,Del Norte,015,27424,0,0,0,0,0
2020-02-16,El Dorado,017,186661,0,0,0,0,0
2020-02-16,Fresno,019,978130,0,0,0,0,0
2020-02-16,Glenn,021,27897,0,0,0,0,0
2020-02-16,Humboldt,023,135768,1,0,0,0,0
2020-02-16,Imperial,025,180216,0,0,0,0,0
2020-02-16,Inyo,027,18085,0,0,0,0,0
2020-02-16,Kern,029,883053,2,0,0,0,0
2020-02-16,Kings,031,150075,3,0,0,0,0
2020-02-16,Lake,033,64148,0,0,0,0,0
2020-02-16,Lassen,035,31185,0,0,0,0,0
2020-02-16,Los Angeles,037,10098052,41,1,4,5,0
2020-02-16,Madera,039,155013,0,0,0,0,0
2020-02-16,Marin,041,260295,0,0,0,0,0
2020-02-16,Mariposa,043,17540,0,0,0,0,0
2020-02-16,Mendocino,045,87422,0,0,0,0,0
2020-02-16,Merced,047,269075,0,0,0,0,0
2020-02-16,Modoc,049,8938,0,0,0,0,0
2020-02-16,Mono,051,14174,0,0,0,0,0
2020-02-16,Monterey,053,433212,1,0,0,0,0
2020-02-16,Napa,055,140530,0,0,0,0,0
2020-02-16,Nevada,057,99092,0,0,0,0,0
2020-02-16,Orange,059,3164182,38,1,0,1,0
2020-02-16,Placer,061,380077,0,0,0,0,0
2020-02-16,Plumas,063,18699,0,0,0,0,0
2020-02-16,Riverside,065,2383286,5,0,0,0,0
2020-02-16,Sacramento,067,1510023,2,0,0,0,0
2020-02-16,San Benito,069,59416,0,2,0,2,0
2020-02-16,San Bernardino,071,2135413,10,0,0,0,0
2020-02-16,San Diego,073,3302833,4,2,0,2,0
2020-02-16,San Francisco,075,870044,2,0,0,0,0
2020-02-16,San Joaquin,077,732212,1,0,1,1,0
2020-02-16,San Luis Obispo,079,281455,1,0,0,0,0
2020-02-16,San Mateo,081,765935,4,0,0,0,0
2020-02-16,Santa Barbara,083,443738,0,0,0,0,0
2020-02-16,Santa Clara,085,1922200,10,2,1,3,0
2020-02-16,Santa Cruz,087,273765,0,0,0,0,0
2020-02-16,Shasta,089,179085,0,0,0,0,0
2020-02-16,Sierra,091,2930,0,0,0,0,0
2020-02-16,Siskiyou,093,43540,0,0,0,0,0
2020-02-16,Solano,095,438530,1,0,0,0,0
2020-02-16,Sonoma,097,501317,1,0,0,0,0
2020-02-16,Stanislaus,099,539301,1,0,2,2,0
2020-02-16,Sutter,101,95872,0,0,0,0,0
2020-02-16,Tehama,103,63373,0,0,0,0,0
2020-02-16,Trinity,105,12862,0,0,0,0,0
2020-02-16,Tulare,107,460477,2,0,0,0,0
2020-02-16,Tuolumne,109,53932,0,0,0,0,0
2020-02-16,Ventura,111,848112,2,0,0,0,0
2020-02-16,Yolo,113,214977,0,0,0,0,0
2020-02-16,Yuba,115,75493,0,0,0,0,0
2020-02-15,Alameda,001,1643700,5,0,0,0,0
2020-02-15,Alpine,003,1148,0,0,0,0,0
2020-02-15,Amador,005,37829,0,0,0,0,0
2020-02-15,Butte,007,227075,0,0,0,0,0
2020-02-15,Calaveras,009,45235,0,0,0,0,0
2020-02-15,Colusa,011,21464,0,0,0,0,0
2020-02-15,Contra Costa,013,1133247,3,0,0,0,0
2020-02-15,Del Norte,015,27424,0,0,0,0,0
2020-02-15,El Dorado,017,186661,0,0,0,0,0
2020-02-15,Fresno,019,978130,0,0,0,0,0
2020-02-15,Glenn,021,27897,0,0,0,0,0
2020-02-15,Humboldt,023,135768,1,0,0,0,0
2020-02-15,Imperial,025,180216,0,0,0,0,0
2020-02-15,Inyo,027,18085,0,0,0,0,0
2020-02-15,Kern,029,883053,2,0,0,0,0
2020-02-15,Kings,031,150075,3,0,0,0,0
2020-02-15,Lake,033,64148,0,0,0,0,0
2020-02-15,Lassen,035,31185,0,0,0,0,0
2020-02-15,Los Angeles,037,10098052,38,1,4,5,0
2020-02-15,Madera,039,155013,0,0,0,0,0
2020-02-15,Marin,041,260295,0,0,0,0,0
2020-02-15,Mariposa,043,17540,0,0,0,0,0
2020-02-15,Mendocino,045,87422,0,0,0,0,0
2020-02-15,Merced,047,269075,0,0,0,0,0
2020-02-15,Modoc,049,8938,0,0,0,0,0
2020-02-15,Mono,051,14174,0,0,0,0,0
2020-02-15,Monterey,053,433212,1,0,0,0,0
2020-02-15,Napa,055,140530,0,0,0,0,0
2020-02-15,Nevada,057,99092,0,0,0,0,0
2020-02-15,Orange,059,3164182,37,1,0,1,0
2020-02-15,Placer,061,380077,0,0,0,0,0
2020-02-15,Plumas,063,18699,0,0,0,0,0
2020-02-15,Riverside,065,2383286,4,0,0,0,0
2020-02-15,Sacramento,067,1510023,2,0,0,0,0
2020-02-15,San Benito,069,59416,0,2,0,2,0
2020-02-15,San Bernardino,071,2135413,9,0,0,0,0
2020-02-15,San Diego,073,3302833,4,2,0,2,0
2020-02-15,San Francisco,075,870044,2,0,0,0,0
2020-02-15,San Joaquin,077,732212,1,0,1,1,0
2020-02-15,San Luis Obispo,079,281455,1,0,0,0,0
2020-02-15,San Mateo,081,765935,4,0,0,0,0
2020-02-15,Santa Barbara,083,443738,0,0,0,0,0
2020-02-15,Santa Clara,085,1922200,10,2,1,3,0
2020-02-15,Santa Cruz,087,273765,0,0,0,0,0
2020-02-15,Shasta,089,179085,0,0,0,0,0
2020-02-15,Sierra,091,2930,0,0,0,0,0
2020-02-15,Siskiyou,093,43540,0,0,0,0,0
2020-02-15,Solano,095,438530,1,0,0,0,0
2020-02-15,Sonoma,097,501317,0,0,0,0,0
2020-02-15,Stanislaus,099,539301,1,0,2,2,0
2020-02-15,Sutter,101,95872,0,0,0,0,0
2020-02-15,Tehama,103,63373,0,0,0,0,0
2020-02-15,Trinity,105,12862,0,0,0,0,0
2020-02-15,Tulare,107,460477,2,0,0,0,0
2020-02-15,Tuolumne,109,53932,0,0,0,0,0
2020-02-15,Ventura,111,848112,2,0,0,0,0
2020-02-15,Yolo,113,214977,0,0,0,0,0
2020-02-15,Yuba,115,75493,0,0,0,0,0
2020-02-14,Alameda,001,1643700,4,0,0,0,0
2020-02-14,Alpine,003,1148,0,0,0,0,0
2020-02-14,Amador,005,37829,0,0,0,0,0
2020-02-14,Butte,007,227075,0,0,0,0,0
2020-02-14,Calaveras,009,45235,0,0,0,0,0
2020-02-14,Colusa,011,21464,0,0,0,0,0
2020-02-14,Contra Costa,013,1133247,3,0,0,0,0
2020-02-14,Del Norte,015,27424,0,0,0,0,0
2020-02-14,El Dorado,017,186661,0,0,0,0,0
2020-02-14,Fresno,019,978130,0,0,0,0,0
2020-02-14,Glenn,021,27897,0,0,0,0,0
2020-02-14,Humboldt,023,135768,1,0,0,0,0
2020-02-14,Imperial,025,180216,0,0,0,0,0
2020-02-14,Inyo,027,18085,0,0,0,0,0
2020-02-14,Kern,029,883053,2,0,0,0,0
2020-02-14,Kings,031,150075,1,0,0,0,0
2020-02-14,Lake,033,64148,0,0,0,0,0
2020-02-14,Lassen,035,31185,0,0,0,0,0
2020-02-14,Los Angeles,037,10098052,33,1,4,5,0
2020-02-14,Madera,039,155013,0,0,0,0,0
2020-02-14,Marin,041,260295,0,0,0,0,0
2020-02-14,Mariposa,043,17540,0,0,0,0,0
2020-02-14,Mendocino,045,87422,0,0,0,0,0
2020-02-14,Merced,047,269075,0,0,0,0,0
2020-02-14,Modoc,049,8938,0,0,0,0,0
2020-02-14,Mono,051,14174,0,0,0,0,0
2020-02-14,Monterey,053,433212,1,0,0,0,0
2020-02-14,Napa,055,140530,0,0,0,0,0
2020-02-14,Nevada,057,99092,0,0,0,0,0
2020-02-14,Orange,059,3164182,37,1,0,1,0
2020-02-14,Placer,061,380077,0,0,0,0,0
2020-02-14,Plumas,063,18699,0,0,0,0,0
2020-02-14,Riverside,065,2383286,4,0,0,0,0
2020-02-14,Sacramento,067,1510023,1,0,0,0,0
2020-02-14,San Benito,069,59416,0,2,0,2,0
2020-02-14,San Bernardino,071,2135413,9,0,0,0,0
2020-02-14,San Diego,073,3302833,3,2,0,2,0
2020-02-14,San Francisco,075,870044,2,0,0,0,0
2020-02-14,San Joaquin,077,732212,1,0,1,1,0
2020-02-14,San Luis Obispo,079,281455,0,0,0,0,0
2020-02-14,San Mateo,081,765935,3,0,0,0,0
2020-02-14,Santa Barbara,083,443738,0,0,0,0,0
2020-02-14,Santa Clara,085,1922200,8,2,1,3,0
2020-02-14,Santa Cruz,087,273765,0,0,0,0,0
2020-02-14,Shasta,089,179085,0,0,0,0,0
2020-02-14,Sierra,091,2930,0,0,0,0,0
2020-02-14,Siskiyou,093,43540,0,0,0,0,0
2020-02-14,Solano,095,438530,1,0,0,0,0
2020-02-14,Sonoma,097,501317,0,0,0,0,0
2020-02-14,Stanislaus,099,539301,1,0,2,2,0
2020-02-14,Sutter,101,95872,0,0,0,0,0
2020-02-14,Tehama,103,63373,0,0,0,0,0
2020-02-14,Trinity,105,12862,0,0,0,0,0
2020-02-14,Tulare,107,460477,2,0,0,0,0
2020-02-14,Tuolumne,109,53932,0,0,0,0,0
2020-02-14,Ventura,111,848112,2,0,0,0,0
2020-02-14,Yolo,113,214977,0,0,0,0,0
2020-02-14,Yuba,115,75493,0,0,0,0,0
2020-02-13,Alameda,001,1643700,4,0,0,0,0
2020-02-13,Alpine,003,1148,0,0,0,0,0
2020-02-13,Amador,005,37829,0,0,0,0,0
2020-02-13,Butte,007,227075,0,0,0,0,0
2020-02-13,Calaveras,009,45235,0,0,0,0,0
2020-02-13,Colusa,011,21464,0,0,0,0,0
2020-02-13,Contra Costa,013,1133247,3,0,0,0,0
2020-02-13,Del Norte,015,27424,0,0,0,0,0
2020-02-13,El Dorado,017,186661,0,0,0,0,0
2020-02-13,Fresno,019,978130,0,0,0,0,0
2020-02-13,Glenn,021,27897,0,0,0,0,0
2020-02-13,Humboldt,023,135768,1,0,0,0,0
2020-02-13,Imperial,025,180216,0,0,0,0,0
2020-02-13,Inyo,027,18085,0,0,0,0,0
2020-02-13,Kern,029,883053,2,0,0,0,0
2020-02-13,Kings,031,150075,1,0,0,0,0
2020-02-13,Lake,033,64148,0,0,0,0,0
2020-02-13,Lassen,035,31185,0,0,0,0,0
2020-02-13,Los Angeles,037,10098052,30,1,3,4,0
2020-02-13,Madera,039,155013,0,0,0,0,0
2020-02-13,Marin,041,260295,0,0,0,0,0
2020-02-13,Mariposa,043,17540,0,0,0,0,0
2020-02-13,Mendocino,045,87422,0,0,0,0,0
2020-02-13,Merced,047,269075,0,0,0,0,0
2020-02-13,Modoc,049,8938,0,0,0,0,0
2020-02-13,Mono,051,14174,0,0,0,0,0
2020-02-13,Monterey,053,433212,1,0,0,0,0
2020-02-13,Napa,055,140530,0,0,0,0,0
2020-02-13,Nevada,057,99092,0,0,0,0,0
2020-02-13,Orange,059,3164182,36,1,0,1,0
2020-02-13,Placer,061,380077,0,0,0,0,0
2020-02-13,Plumas,063,18699,0,0,0,0,0
2020-02-13,Riverside,065,2383286,4,0,0,0,0
2020-02-13,Sacramento,067,1510023,1,0,0,0,0
2020-02-13,San Benito,069,59416,0,2,0,2,0
2020-02-13,San Bernardino,071,2135413,8,0,0,0,0
2020-02-13,San Diego,073,3302833,2,2,0,2,0
2020-02-13,San Francisco,075,870044,2,0,0,0,0
2020-02-13,San Joaquin,077,732212,1,0,1,1,0
2020-02-13,San Luis Obispo,079,281455,0,0,0,0,0
2020-02-13,San Mateo,081,765935,2,0,0,0,0
2020-02-13,Santa Barbara,083,443738,0,0,0,0,0
2020-02-13,Santa Clara,085,1922200,7,2,0,2,0
2020-02-13,Santa Cruz,087,273765,0,0,0,0,0
2020-02-13,Shasta,089,179085,0,0,0,0,0
2020-02-13,Sierra,091,2930,0,0,0,0,0
2020-02-13,Siskiyou,093,43540,0,0,0,0,0
2020-02-13,Solano,095,438530,0,0,0,0,0
2020-02-13,Sonoma,097,501317,0,0,0,0,0
2020-02-13,Stanislaus,099,539301,1,0,1,1,0
2020-02-13,Sutter,101,95872,0,0,0,0,0
2020-02-13,Tehama,103,63373,0,0,0,0,0
2020-02-13,Trinity,105,12862,0,0,0,0,0
2020-02-13,Tulare,107,460477,2,0,0,0,0
2020-02-13,Tuolumne,109,53932,0,0,0,0,0
2020-02-13,Ventura,111,848112,2,0,0,0,0
2020-02-13,Yolo,113,214977,0,0,0,0,0
2020-02-13,Yuba,115,75493,0,0,0,0,0
2020-02-12,Alameda,001,1643700,4,0,0,0,0
2020-02-12,Alpine,003,1148,0,0,0,0,0
2020-02-12,Amador,005,37829,0,0,0,0,0
2020-02-12,Butte,007,227075,0,0,0,0,0
2020-02-12,Calaveras,009,45235,0,0,0,0,0
2020-02-12,Colusa,011,21464,0,0,0,0,0
2020-02-12,Contra Costa,013,1133247,3,0,0,0,0
2020-02-12,Del Norte,015,27424,0,0,0,0,0
2020-02-12,El Dorado,017,186661,0,0,0,0,0
2020-02-12,Fresno,019,978130,0,0,0,0,0
2020-02-12,Glenn,021,27897,0,0,0,0,0
2020-02-12,Humboldt,023,135768,1,0,0,0,0
2020-02-12,Imperial,025,180216,0,0,0,0,0
2020-02-12,Inyo,027,18085,0,0,0,0,0
2020-02-12,Kern,029,883053,2,0,0,0,0
2020-02-12,Kings,031,150075,1,0,0,0,0
2020-02-12,Lake,033,64148,0,0,0,0,0
2020-02-12,Lassen,035,31185,0,0,0,0,0
2020-02-12,Los Angeles,037,10098052,29,1,3,4,0
2020-02-12,Madera,039,155013,0,0,0,0,0
2020-02-12,Marin,041,260295,0,0,0,0,0
2020-02-12,Mariposa,043,17540,0,0,0,0,0
2020-02-12,Mendocino,045,87422,0,0,0,0,0
2020-02-12,Merced,047,269075,0,0,0,0,0
2020-02-12,Modoc,049,8938,0,0,0,0,0
2020-02-12,Mono,051,14174,0,0,0,0,0
2020-02-12,Monterey,053,433212,1,0,0,0,0
2020-02-12,Napa,055,140530,0,0,0,0,0
2020-02-12,Nevada,057,99092,0,0,0,0,0
2020-02-12,Orange,059,3164182,36,1,0,1,0
2020-02-12,Placer,061,380077,0,0,0,0,0
2020-02-12,Plumas,063,18699,0,0,0,0,0
2020-02-12,Riverside,065,2383286,4,0,0,0,0
2020-02-12,Sacramento,067,1510023,1,0,0,0,0
2020-02-12,San Benito,069,59416,0,2,0,2,0
2020-02-12,San Bernardino,071,2135413,8,0,0,0,0
2020-02-12,San Diego,073,3302833,2,2,0,2,0
2020-02-12,San Francisco,075,870044,2,0,0,0,0
2020-02-12,San Joaquin,077,732212,1,0,1,1,0
2020-02-12,San Luis Obispo,079,281455,0,0,0,0,0
2020-02-12,San Mateo,081,765935,2,0,0,0,0
2020-02-12,Santa Barbara,083,443738,0,0,0,0,0
2020-02-12,Santa Clara,085,1922200,6,2,0,2,0
2020-02-12,Santa Cruz,087,273765,0,0,0,0,0
2020-02-12,Shasta,089,179085,0,0,0,0,0
2020-02-12,Sierra,091,2930,0,0,0,0,0
2020-02-12,Siskiyou,093,43540,0,0,0,0,0
2020-02-12,Solano,095,438530,0,0,0,0,0
2020-02-12,Sonoma,097,501317,0,0,0,0,0
2020-02-12,Stanislaus,099,539301,1,0,1,1,0
2020-02-12,Sutter,101,95872,0,0,0,0,0
2020-02-12,Tehama,103,63373,0,0,0,0,0
2020-02-12,Trinity,105,12862,0,0,0,0,0
2020-02-12,Tulare,107,460477,2,0,0,0,0
2020-02-12,Tuolumne,109,53932,0,0,0,0,0
2020-02-12,Ventura,111,848112,2,0,0,0,0
2020-02-12,Yolo,113,214977,0,0,0,0,0
2020-02-12,Yuba,115,75493,0,0,0,0,0
2020-02-11,Alameda,001,1643700,4,0,0,0,0
2020-02-11,Alpine,003,1148,0,0,0,0,0
2020-02-11,Amador,005,37829,0,0,0,0,0
2020-02-11,Butte,007,227075,0,0,0,0,0
2020-02-11,Calaveras,009,45235,0,0,0,0,0
2020-02-11,Colusa,011,21464,0,0,0,0,0
2020-02-11,Contra Costa,013,1133247,3,0,0,0,0
2020-02-11,Del Norte,015,27424,0,0,0,0,0
2020-02-11,El Dorado,017,186661,0,0,0,0,0
2020-02-11,Fresno,019,978130,0,0,0,0,0
2020-02-11,Glenn,021,27897,0,0,0,0,0
2020-02-11,Humboldt,023,135768,1,0,0,0,0
2020-02-11,Imperial,025,180216,0,0,0,0,0
2020-02-11,Inyo,027,18085,0,0,0,0,0
2020-02-11,Kern,029,883053,2,0,0,0,0
2020-02-11,Kings,031,150075,1,0,0,0,0
2020-02-11,Lake,033,64148,0,0,0,0,0
2020-02-11,Lassen,035,31185,0,0,0,0,0
2020-02-11,Los Angeles,037,10098052,29,1,3,4,0
2020-02-11,Madera,039,155013,0,0,0,0,0
2020-02-11,Marin,041,260295,0,0,0,0,0
2020-02-11,Mariposa,043,17540,0,0,0,0,0
2020-02-11,Mendocino,045,87422,0,0,0,0,0
2020-02-11,Merced,047,269075,0,0,0,0,0
2020-02-11,Modoc,049,8938,0,0,0,0,0
2020-02-11,Mono,051,14174,0,0,0,0,0
2020-02-11,Monterey,053,433212,1,0,0,0,0
2020-02-11,Napa,055,140530,0,0,0,0,0
2020-02-11,Nevada,057,99092,0,0,0,0,0
2020-02-11,Orange,059,3164182,35,1,0,1,0
2020-02-11,Placer,061,380077,0,0,0,0,0
2020-02-11,Plumas,063,18699,0,0,0,0,0
2020-02-11,Riverside,065,2383286,4,0,0,0,0
2020-02-11,Sacramento,067,1510023,1,0,0,0,0
2020-02-11,San Benito,069,59416,0,2,0,2,0
2020-02-11,San Bernardino,071,2135413,8,0,0,0,0
2020-02-11,San Diego,073,3302833,2,1,0,1,0
2020-02-11,San Francisco,075,870044,2,0,0,0,0
2020-02-11,San Joaquin,077,732212,0,0,1,1,0
2020-02-11,San Luis Obispo,079,281455,0,0,0,0,0
2020-02-11,San Mateo,081,765935,2,0,0,0,0
2020-02-11,Santa Barbara,083,443738,0,0,0,0,0
2020-02-11,Santa Clara,085,1922200,5,2,0,2,0
2020-02-11,Santa Cruz,087,273765,0,0,0,0,0
2020-02-11,Shasta,089,179085,0,0,0,0,0
2020-02-11,Sierra,091,2930,0,0,0,0,0
2020-02-11,Siskiyou,093,43540,0,0,0,0,0
2020-02-11,Solano,095,438530,0,0,0,0,0
2020-02-11,Sonoma,097,501317,0,0,0,0,0
2020-02-11,Stanislaus,099,539301,1,0,1,1,0
2020-02-11,Sutter,101,95872,0,0,0,0,0
2020-02-11,Tehama,103,63373,0,0,0,0,0
2020-02-11,Trinity,105,12862,0,0,0,0,0
2020-02-11,Tulare,107,460477,2,0,0,0,0
2020-02-11,Tuolumne,109,53932,0,0,0,0,0
2020-02-11,Ventura,111,848112,2,0,0,0,0
2020-02-11,Yolo,113,214977,0,0,0,0,0
2020-02-11,Yuba,115,75493,0,0,0,0,0
2020-02-10,Alameda,001,1643700,4,0,0,0,0
2020-02-10,Alpine,003,1148,0,0,0,0,0
2020-02-10,Amador,005,37829,0,0,0,0,0
2020-02-10,Butte,007,227075,0,0,0,0,0
2020-02-10,Calaveras,009,45235,0,0,0,0,0
2020-02-10,Colusa,011,21464,0,0,0,0,0
2020-02-10,Contra Costa,013,1133247,3,0,0,0,0
2020-02-10,Del Norte,015,27424,0,0,0,0,0
2020-02-10,El Dorado,017,186661,0,0,0,0,0
2020-02-10,Fresno,019,978130,0,0,0,0,0
2020-02-10,Glenn,021,27897,0,0,0,0,0
2020-02-10,Humboldt,023,135768,0,0,0,0,0
2020-02-10,Imperial,025,180216,0,0,0,0,0
2020-02-10,Inyo,027,18085,0,0,0,0,0
2020-02-10,Kern,029,883053,2,0,0,0,0
2020-02-10,Kings,031,150075,1,0,0,0,0
2020-02-10,Lake,033,64148,0,0,0,0,0
2020-02-10,Lassen,035,31185,0,0,0,0,0
2020-02-10,Los Angeles,037,10098052,27,1,3,4,0
2020-02-10,Madera,039,155013,0,0,0,0,0
2020-02-10,Marin,041,260295,0,0,0,0,0
2020-02-10,Mariposa,043,17540,0,0,0,0,0
2020-02-10,Mendocino,045,87422,0,0,0,0,0
2020-02-10,Merced,047,269075,0,0,0,0,0
2020-02-10,Modoc,049,8938,0,0,0,0,0
2020-02-10,Mono,051,14174,0,0,0,0,0
2020-02-10,Monterey,053,433212,1,0,0,0,0
2020-02-10,Napa,055,140530,0,0,0,0,0
2020-02-10,Nevada,057,99092,0,0,0,0,0
2020-02-10,Orange,059,3164182,35,1,0,1,0
2020-02-10,Placer,061,380077,0,0,0,0,0
2020-02-10,Plumas,063,18699,0,0,0,0,0
2020-02-10,Riverside,065,2383286,4,0,0,0,0
2020-02-10,Sacramento,067,1510023,1,0,0,0,0
2020-02-10,San Benito,069,59416,0,2,0,2,0
2020-02-10,San Bernardino,071,2135413,7,0,0,0,0
2020-02-10,San Diego,073,3302833,2,0,0,0,0
2020-02-10,San Francisco,075,870044,2,0,0,0,0
2020-02-10,San Joaquin,077,732212,0,0,1,1,0
2020-02-10,San Luis Obispo,079,281455,0,0,0,0,0
2020-02-10,San Mateo,081,765935,2,0,0,0,0
2020-02-10,Santa Barbara,083,443738,0,0,0,0,0
2020-02-10,Santa Clara,085,1922200,5,2,0,2,0
2020-02-10,Santa Cruz,087,273765,0,0,0,0,0
2020-02-10,Shasta,089,179085,0,0,0,0,0
2020-02-10,Sierra,091,2930,0,0,0,0,0
2020-02-10,Siskiyou,093,43540,0,0,0,0,0
2020-02-10,Solano,095,438530,0,0,0,0,0
2020-02-10,Sonoma,097,501317,0,0,0,0,0
2020-02-10,Stanislaus,099,539301,1,0,0,0,0
2020-02-10,Sutter,101,95872,0,0,0,0,0
2020-02-10,Tehama,103,63373,0,0,0,0,0
2020-02-10,Trinity,105,12862,0,0,0,0,0
2020-02-10,Tulare,107,460477,2,0,0,0,0
2020-02-10,Tuolumne,109,53932,0,0,0,0,0
2020-02-10,Ventura,111,848112,2,0,0,0,0
2020-02-10,Yolo,113,214977,0,0,0,0,0
2020-02-10,Yuba,115,75493,0,0,0,0,0
2020-02-09,Alameda,001,1643700,4,0,0,0,0
2020-02-09,Alpine,003,1148,0,0,0,0,0
2020-02-09,Amador,005,37829,0,0,0,0,0
2020-02-09,Butte,007,227075,0,0,0,0,0
2020-02-09,Calaveras,009,45235,0,0,0,0,0
2020-02-09,Colusa,011,21464,0,0,0,0,0
2020-02-09,Contra Costa,013,1133247,3,0,0,0,0
2020-02-09,Del Norte,015,27424,0,0,0,0,0
2020-02-09,El Dorado,017,186661,0,0,0,0,0
2020-02-09,Fresno,019,978130,0,0,0,0,0
2020-02-09,Glenn,021,27897,0,0,0,0,0
2020-02-09,Humboldt,023,135768,0,0,0,0,0
2020-02-09,Imperial,025,180216,0,0,0,0,0
2020-02-09,Inyo,027,18085,0,0,0,0,0
2020-02-09,Kern,029,883053,2,0,0,0,0
2020-02-09,Kings,031,150075,1,0,0,0,0
2020-02-09,Lake,033,64148,0,0,0,0,0
2020-02-09,Lassen,035,31185,0,0,0,0,0
2020-02-09,Los Angeles,037,10098052,26,1,3,4,0
2020-02-09,Madera,039,155013,0,0,0,0,0
2020-02-09,Marin,041,260295,0,0,0,0,0
2020-02-09,Mariposa,043,17540,0,0,0,0,0
2020-02-09,Mendocino,045,87422,0,0,0,0,0
2020-02-09,Merced,047,269075,0,0,0,0,0
2020-02-09,Modoc,049,8938,0,0,0,0,0
2020-02-09,Mono,051,14174,0,0,0,0,0
2020-02-09,Monterey,053,433212,1,0,0,0,0
2020-02-09,Napa,055,140530,0,0,0,0,0
2020-02-09,Nevada,057,99092,0,0,0,0,0
2020-02-09,Orange,059,3164182,35,1,0,1,0
2020-02-09,Placer,061,380077,0,0,0,0,0
2020-02-09,Plumas,063,18699,0,0,0,0,0
2020-02-09,Riverside,065,2383286,4,0,0,0,0
2020-02-09,Sacramento,067,1510023,0,0,0,0,0
2020-02-09,San Benito,069,59416,0,2,0,2,0
2020-02-09,San Bernardino,071,2135413,7,0,0,0,0
2020-02-09,San Diego,073,3302833,2,0,0,0,0
2020-02-09,San Francisco,075,870044,1,0,0,0,0
2020-02-09,San Joaquin,077,732212,0,0,1,1,0
2020-02-09,San Luis Obispo,079,281455,0,0,0,0,0
2020-02-09,San Mateo,081,765935,2,0,0,0,0
2020-02-09,Santa Barbara,083,443738,0,0,0,0,0
2020-02-09,Santa Clara,085,1922200,4,2,0,2,0
2020-02-09,Santa Cruz,087,273765,0,0,0,0,0
2020-02-09,Shasta,089,179085,0,0,0,0,0
2020-02-09,Sierra,091,2930,0,0,0,0,0
2020-02-09,Siskiyou,093,43540,0,0,0,0,0
2020-02-09,Solano,095,438530,0,0,0,0,0
2020-02-09,Sonoma,097,501317,0,0,0,0,0
2020-02-09,Stanislaus,099,539301,0,0,0,0,0
2020-02-09,Sutter,101,95872,0,0,0,0,0
2020-02-09,Tehama,103,63373,0,0,0,0,0
2020-02-09,Trinity,105,12862,0,0,0,0,0
2020-02-09,Tulare,107,460477,2,0,0,0,0
2020-02-09,Tuolumne,109,53932,0,0,0,0,0
2020-02-09,Ventura,111,848112,1,0,0,0,0
2020-02-09,Yolo,113,214977,0,0,0,0,0
2020-02-09,Yuba,115,75493,0,0,0,0,0
2020-02-08,Alameda,001,1643700,3,0,0,0,0
2020-02-08,Alpine,003,1148,0,0,0,0,0
2020-02-08,Amador,005,37829,0,0,0,0,0
2020-02-08,Butte,007,227075,0,0,0,0,0
2020-02-08,Calaveras,009,45235,0,0,0,0,0
2020-02-08,Colusa,011,21464,0,0,0,0,0
2020-02-08,Contra Costa,013,1133247,2,0,0,0,0
2020-02-08,Del Norte,015,27424,0,0,0,0,0
2020-02-08,El Dorado,017,186661,0,0,0,0,0
2020-02-08,Fresno,019,978130,0,0,0,0,0
2020-02-08,Glenn,021,27897,0,0,0,0,0
2020-02-08,Humboldt,023,135768,0,0,0,0,0
2020-02-08,Imperial,025,180216,0,0,0,0,0
2020-02-08,Inyo,027,18085,0,0,0,0,0
2020-02-08,Kern,029,883053,2,0,0,0,0
2020-02-08,Kings,031,150075,1,0,0,0,0
2020-02-08,Lake,033,64148,0,0,0,0,0
2020-02-08,Lassen,035,31185,0,0,0,0,0
2020-02-08,Los Angeles,037,10098052,23,1,1,2,0
2020-02-08,Madera,039,155013,0,0,0,0,0
2020-02-08,Marin,041,260295,0,0,0,0,0
2020-02-08,Mariposa,043,17540,0,0,0,0,0
2020-02-08,Mendocino,045,87422,0,0,0,0,0
2020-02-08,Merced,047,269075,0,0,0,0,0
2020-02-08,Modoc,049,8938,0,0,0,0,0
2020-02-08,Mono,051,14174,0,0,0,0,0
2020-02-08,Monterey,053,433212,1,0,0,0,0
2020-02-08,Napa,055,140530,0,0,0,0,0
2020-02-08,Nevada,057,99092,0,0,0,0,0
2020-02-08,Orange,059,3164182,35,1,0,1,0
2020-02-08,Placer,061,380077,0,0,0,0,0
2020-02-08,Plumas,063,18699,0,0,0,0,0
2020-02-08,Riverside,065,2383286,4,0,0,0,0
2020-02-08,Sacramento,067,1510023,0,0,0,0,0
2020-02-08,San Benito,069,59416,0,2,0,2,0
2020-02-08,San Bernardino,071,2135413,7,0,0,0,0
2020-02-08,San Diego,073,3302833,1,0,0,0,0
2020-02-08,San Francisco,075,870044,1,0,0,0,0
2020-02-08,San Joaquin,077,732212,0,0,1,1,0
2020-02-08,San Luis Obispo,079,281455,0,0,0,0,0
2020-02-08,San Mateo,081,765935,2,0,0,0,0
2020-02-08,Santa Barbara,083,443738,0,0,0,0,0
2020-02-08,Santa Clara,085,1922200,4,2,0,2,0
2020-02-08,Santa Cruz,087,273765,0,0,0,0,0
2020-02-08,Shasta,089,179085,0,0,0,0,0
2020-02-08,Sierra,091,2930,0,0,0,0,0
2020-02-08,Siskiyou,093,43540,0,0,0,0,0
2020-02-08,Solano,095,438530,0,0,0,0,0
2020-02-08,Sonoma,097,501317,0,0,0,0,0
2020-02-08,Stanislaus,099,539301,0,0,0,0,0
2020-02-08,Sutter,101,95872,0,0,0,0,0
2020-02-08,Tehama,103,63373,0,0,0,0,0
2020-02-08,Trinity,105,12862,0,0,0,0,0
2020-02-08,Tulare,107,460477,2,0,0,0,0
2020-02-08,Tuolumne,109,53932,0,0,0,0,0
2020-02-08,Ventura,111,848112,1,0,0,0,0
2020-02-08,Yolo,113,214977,0,0,0,0,0
2020-02-08,Yuba,115,75493,0,0,0,0,0
2020-02-07,Alameda,001,1643700,3,0,0,0,0
2020-02-07,Alpine,003,1148,0,0,0,0,0
2020-02-07,Amador,005,37829,0,0,0,0,0
2020-02-07,Butte,007,227075,0,0,0,0,0
2020-02-07,Calaveras,009,45235,0,0,0,0,0
2020-02-07,Colusa,011,21464,0,0,0,0,0
2020-02-07,Contra Costa,013,1133247,2,0,0,0,0
2020-02-07,Del Norte,015,27424,0,0,0,0,0
2020-02-07,El Dorado,017,186661,0,0,0,0,0
2020-02-07,Fresno,019,978130,0,0,0,0,0
2020-02-07,Glenn,021,27897,0,0,0,0,0
2020-02-07,Humboldt,023,135768,0,0,0,0,0
2020-02-07,Imperial,025,180216,0,0,0,0,0
2020-02-07,Inyo,027,18085,0,0,0,0,0
2020-02-07,Kern,029,883053,2,0,0,0,0
2020-02-07,Kings,031,150075,1,0,0,0,0
2020-02-07,Lake,033,64148,0,0,0,0,0
2020-02-07,Lassen,035,31185,0,0,0,0,0
2020-02-07,Los Angeles,037,10098052,22,1,0,1,0
2020-02-07,Madera,039,155013,0,0,0,0,0
2020-02-07,Marin,041,260295,0,0,0,0,0
2020-02-07,Mariposa,043,17540,0,0,0,0,0
2020-02-07,Mendocino,045,87422,0,0,0,0,0
2020-02-07,Merced,047,269075,0,0,0,0,0
2020-02-07,Modoc,049,8938,0,0,0,0,0
2020-02-07,Mono,051,14174,0,0,0,0,0
2020-02-07,Monterey,053,433212,1,0,0,0,0
2020-02-07,Napa,055,140530,0,0,0,0,0
2020-02-07,Nevada,057,99092,0,0,0,0,0
2020-02-07,Orange,059,3164182,33,1,0,1,0
2020-02-07,Placer,061,380077,0,0,0,0,0
2020-02-07,Plumas,063,18699,0,0,0,0,0
2020-02-07,Riverside,065,2383286,4,0,0,0,0
2020-02-07,Sacramento,067,1510023,0,0,0,0,0
2020-02-07,San Benito,069,59416,0,2,0,2,0
2020-02-07,San Bernardino,071,2135413,4,0,0,0,0
2020-02-07,San Diego,073,3302833,1,0,0,0,0
2020-02-07,San Francisco,075,870044,1,0,0,0,0
2020-02-07,San Joaquin,077,732212,0,0,1,1,0
2020-02-07,San Luis Obispo,079,281455,0,0,0,0,0
2020-02-07,San Mateo,081,765935,1,0,0,0,0
2020-02-07,Santa Barbara,083,443738,0,0,0,0,0
2020-02-07,Santa Clara,085,1922200,4,2,0,2,0
2020-02-07,Santa Cruz,087,273765,0,0,0,0,0
2020-02-07,Shasta,089,179085,0,0,0,0,0
2020-02-07,Sierra,091,2930,0,0,0,0,0
2020-02-07,Siskiyou,093,43540,0,0,0,0,0
2020-02-07,Solano,095,438530,0,0,0,0,0
2020-02-07,Sonoma,097,501317,0,0,0,0,0
2020-02-07,Stanislaus,099,539301,0,0,0,0,0
2020-02-07,Sutter,101,95872,0,0,0,0,0
2020-02-07,Tehama,103,63373,0,0,0,0,0
2020-02-07,Trinity,105,12862,0,0,0,0,0
2020-02-07,Tulare,107,460477,2,0,0,0,0
2020-02-07,Tuolumne,109,53932,0,0,0,0,0
2020-02-07,Ventura,111,848112,1,0,0,0,0
2020-02-07,Yolo,113,214977,0,0,0,0,0
2020-02-07,Yuba,115,75493,0,0,0,0,0
2020-02-06,Alameda,001,1643700,3,0,0,0,0
2020-02-06,Alpine,003,1148,0,0,0,0,0
2020-02-06,Amador,005,37829,0,0,0,0,0
2020-02-06,Butte,007,227075,0,0,0,0,0
2020-02-06,Calaveras,009,45235,0,0,0,0,0
2020-02-06,Colusa,011,21464,0,0,0,0,0
2020-02-06,Contra Costa,013,1133247,2,0,0,0,0
2020-02-06,Del Norte,015,27424,0,0,0,0,0
2020-02-06,El Dorado,017,186661,0,0,0,0,0
2020-02-06,Fresno,019,978130,0,0,0,0,0
2020-02-06,Glenn,021,27897,0,0,0,0,0
2020-02-06,Humboldt,023,135768,0,0,0,0,0
2020-02-06,Imperial,025,180216,0,0,0,0,0
2020-02-06,Inyo,027,18085,0,0,0,0,0
2020-02-06,Kern,029,883053,2,0,0,0,0
2020-02-06,Kings,031,150075,0,0,0,0,0
2020-02-06,Lake,033,64148,0,0,0,0,0
2020-02-06,Lassen,035,31185,0,0,0,0,0
2020-02-06,Los Angeles,037,10098052,21,1,0,1,0
2020-02-06,Madera,039,155013,0,0,0,0,0
2020-02-06,Marin,041,260295,0,0,0,0,0
2020-02-06,Mariposa,043,17540,0,0,0,0,0
2020-02-06,Mendocino,045,87422,0,0,0,0,0
2020-02-06,Merced,047,269075,0,0,0,0,0
2020-02-06,Modoc,049,8938,0,0,0,0,0
2020-02-06,Mono,051,14174,0,0,0,0,0
2020-02-06,Monterey,053,433212,1,0,0,0,0
2020-02-06,Napa,055,140530,0,0,0,0,0
2020-02-06,Nevada,057,99092,0,0,0,0,0
2020-02-06,Orange,059,3164182,3,1,0,1,0
2020-02-06,Placer,061,380077,0,0,0,0,0
2020-02-06,Plumas,063,18699,0,0,0,0,0
2020-02-06,Riverside,065,2383286,4,0,0,0,0
2020-02-06,Sacramento,067,1510023,0,0,0,0,0
2020-02-06,San Benito,069,59416,0,2,0,2,0
2020-02-06,San Bernardino,071,2135413,4,0,0,0,0
2020-02-06,San Diego,073,3302833,1,0,0,0,0
2020-02-06,San Francisco,075,870044,1,0,0,0,0
2020-02-06,San Joaquin,077,732212,0,0,1,1,0
2020-02-06,San Luis Obispo,079,281455,0,0,0,0,0
2020-02-06,San Mateo,081,765935,1,0,0,0,0
2020-02-06,Santa Barbara,083,443738,0,0,0,0,0
2020-02-06,Santa Clara,085,1922200,4,2,0,2,0
2020-02-06,Santa Cruz,087,273765,0,0,0,0,0
2020-02-06,Shasta,089,179085,0,0,0,0,0
2020-02-06,Sierra,091,2930,0,0,0,0,0
2020-02-06,Siskiyou,093,43540,0,0,0,0,0
2020-02-06,Solano,095,438530,0,0,0,0,0
2020-02-06,Sonoma,097,501317,0,0,0,0,0
2020-02-06,Stanislaus,099,539301,0,0,0,0,0
2020-02-06,Sutter,101,95872,0,0,0,0,0
2020-02-06,Tehama,103,63373,0,0,0,0,0
2020-02-06,Trinity,105,12862,0,0,0,0,0
2020-02-06,Tulare,107,460477,2,0,0,0,0
2020-02-06,Tuolumne,109,53932,0,0,0,0,0
2020-02-06,Ventura,111,848112,1,0,0,0,0
2020-02-06,Yolo,113,214977,0,0,0,0,0
2020-02-06,Yuba,115,75493,0,0,0,0,0
2020-02-05,Alameda,001,1643700,3,0,0,0,0
2020-02-05,Alpine,003,1148,0,0,0,0,0
2020-02-05,Amador,005,37829,0,0,0,0,0
2020-02-05,Butte,007,227075,0,0,0,0,0
2020-02-05,Calaveras,009,45235,0,0,0,0,0
2020-02-05,Colusa,011,21464,0,0,0,0,0
2020-02-05,Contra Costa,013,1133247,2,0,0,0,0
2020-02-05,Del Norte,015,27424,0,0,0,0,0
2020-02-05,El Dorado,017,186661,0,0,0,0,0
2020-02-05,Fresno,019,978130,0,0,0,0,0
2020-02-05,Glenn,021,27897,0,0,0,0,0
2020-02-05,Humboldt,023,135768,0,0,0,0,0
2020-02-05,Imperial,025,180216,0,0,0,0,0
2020-02-05,Inyo,027,18085,0,0,0,0,0
2020-02-05,Kern,029,883053,1,0,0,0,0
2020-02-05,Kings,031,150075,0,0,0,0,0
2020-02-05,Lake,033,64148,0,0,0,0,0
2020-02-05,Lassen,035,31185,0,0,0,0,0
2020-02-05,Los Angeles,037,10098052,21,1,0,1,0
2020-02-05,Madera,039,155013,0,0,0,0,0
2020-02-05,Marin,041,260295,0,0,0,0,0
2020-02-05,Mariposa,043,17540,0,0,0,0,0
2020-02-05,Mendocino,045,87422,0,0,0,0,0
2020-02-05,Merced,047,269075,0,0,0,0,0
2020-02-05,Modoc,049,8938,0,0,0,0,0
2020-02-05,Mono,051,14174,0,0,0,0,0
2020-02-05,Monterey,053,433212,1,0,0,0,0
2020-02-05,Napa,055,140530,0,0,0,0,0
2020-02-05,Nevada,057,99092,0,0,0,0,0
2020-02-05,Orange,059,3164182,1,1,0,1,0
2020-02-05,Placer,061,380077,0,0,0,0,0
2020-02-05,Plumas,063,18699,0,0,0,0,0
2020-02-05,Riverside,065,2383286,4,0,0,0,0
2020-02-05,Sacramento,067,1510023,0,0,0,0,0
2020-02-05,San Benito,069,59416,0,2,0,2,0
2020-02-05,San Bernardino,071,2135413,4,0,0,0,0
2020-02-05,San Diego,073,3302833,0,0,0,0,0
2020-02-05,San Francisco,075,870044,1,0,0,0,0
2020-02-05,San Joaquin,077,732212,0,0,1,1,0
2020-02-05,San Luis Obispo,079,281455,0,0,0,0,0
2020-02-05,San Mateo,081,765935,1,0,0,0,0
2020-02-05,Santa Barbara,083,443738,0,0,0,0,0
2020-02-05,Santa Clara,085,1922200,2,2,0,2,0
2020-02-05,Santa Cruz,087,273765,0,0,0,0,0
2020-02-05,Shasta,089,179085,0,0,0,0,0
2020-02-05,Sierra,091,2930,0,0,0,0,0
2020-02-05,Siskiyou,093,43540,0,0,0,0,0
2020-02-05,Solano,095,438530,0,0,0,0,0
2020-02-05,Sonoma,097,501317,0,0,0,0,0
2020-02-05,Stanislaus,099,539301,0,0,0,0,0
2020-02-05,Sutter,101,95872,0,0,0,0,0
2020-02-05,Tehama,103,63373,0,0,0,0,0
2020-02-05,Trinity,105,12862,0,0,0,0,0
2020-02-05,Tulare,107,460477,2,0,0,0,0
2020-02-05,Tuolumne,109,53932,0,0,0,0,0
2020-02-05,Ventura,111,848112,0,0,0,0,0
2020-02-05,Yolo,113,214977,0,0,0,0,0
2020-02-05,Yuba,115,75493,0,0,0,0,0
2020-02-04,Alameda,001,1643700,3,0,0,0,0
2020-02-04,Alpine,003,1148,0,0,0,0,0
2020-02-04,Amador,005,37829,0,0,0,0,0
2020-02-04,Butte,007,227075,0,0,0,0,0
2020-02-04,Calaveras,009,45235,0,0,0,0,0
2020-02-04,Colusa,011,21464,0,0,0,0,0
2020-02-04,Contra Costa,013,1133247,2,0,0,0,0
2020-02-04,Del Norte,015,27424,0,0,0,0,0
2020-02-04,El Dorado,017,186661,0,0,0,0,0
2020-02-04,Fresno,019,978130,0,0,0,0,0
2020-02-04,Glenn,021,27897,0,0,0,0,0
2020-02-04,Humboldt,023,135768,0,0,0,0,0
2020-02-04,Imperial,025,180216,0,0,0,0,0
2020-02-04,Inyo,027,18085,0,0,0,0,0
2020-02-04,Kern,029,883053,0,0,0,0,0
2020-02-04,Kings,031,150075,0,0,0,0,0
2020-02-04,Lake,033,64148,0,0,0,0,0
2020-02-04,Lassen,035,31185,0,0,0,0,0
2020-02-04,Los Angeles,037,10098052,21,1,0,1,0
2020-02-04,Madera,039,155013,0,0,0,0,0
2020-02-04,Marin,041,260295,0,0,0,0,0
2020-02-04,Mariposa,043,17540,0,0,0,0,0
2020-02-04,Mendocino,045,87422,0,0,0,0,0
2020-02-04,Merced,047,269075,0,0,0,0,0
2020-02-04,Modoc,049,8938,0,0,0,0,0
2020-02-04,Mono,051,14174,0,0,0,0,0
2020-02-04,Monterey,053,433212,1,0,0,0,0
2020-02-04,Napa,055,140530,0,0,0,0,0
2020-02-04,Nevada,057,99092,0,0,0,0,0
2020-02-04,Orange,059,3164182,1,1,0,1,0
2020-02-04,Placer,061,380077,0,0,0,0,0
2020-02-04,Plumas,063,18699,0,0,0,0,0
2020-02-04,Riverside,065,2383286,4,0,0,0,0
2020-02-04,Sacramento,067,1510023,0,0,0,0,0
2020-02-04,San Benito,069,59416,0,2,0,2,0
2020-02-04,San Bernardino,071,2135413,3,0,0,0,0
2020-02-04,San Diego,073,3302833,0,0,0,0,0
2020-02-04,San Francisco,075,870044,1,0,0,0,0
2020-02-04,San Joaquin,077,732212,0,0,1,1,0
2020-02-04,San Luis Obispo,079,281455,0,0,0,0,0
2020-02-04,San Mateo,081,765935,0,0,0,0,0
2020-02-04,Santa Barbara,083,443738,0,0,0,0,0
2020-02-04,Santa Clara,085,1922200,2,2,0,2,0
2020-02-04,Santa Cruz,087,273765,0,0,0,0,0
2020-02-04,Shasta,089,179085,0,0,0,0,0
2020-02-04,Sierra,091,2930,0,0,0,0,0
2020-02-04,Siskiyou,093,43540,0,0,0,0,0
2020-02-04,Solano,095,438530,0,0,0,0,0
2020-02-04,Sonoma,097,501317,0,0,0,0,0
2020-02-04,Stanislaus,099,539301,0,0,0,0,0
2020-02-04,Sutter,101,95872,0,0,0,0,0
2020-02-04,Tehama,103,63373,0,0,0,0,0
2020-02-04,Trinity,105,12862,0,0,0,0,0
2020-02-04,Tulare,107,460477,2,0,0,0,0
2020-02-04,Tuolumne,109,53932,0,0,0,0,0
2020-02-04,Ventura,111,848112,0,0,0,0,0
2020-02-04,Yolo,113,214977,0,0,0,0,0
2020-02-04,Yuba,115,75493,0,0,0,0,0
2020-02-03,Alameda,001,1643700,3,0,0,0,0
2020-02-03,Alpine,003,1148,0,0,0,0,0
2020-02-03,Amador,005,37829,0,0,0,0,0
2020-02-03,Butte,007,227075,0,0,0,0,0
2020-02-03,Calaveras,009,45235,0,0,0,0,0
2020-02-03,Colusa,011,21464,0,0,0,0,0
2020-02-03,Contra Costa,013,1133247,2,0,0,0,0
2020-02-03,Del Norte,015,27424,0,0,0,0,0
2020-02-03,El Dorado,017,186661,0,0,0,0,0
2020-02-03,Fresno,019,978130,0,0,0,0,0
2020-02-03,Glenn,021,27897,0,0,0,0,0
2020-02-03,Humboldt,023,135768,0,0,0,0,0
2020-02-03,Imperial,025,180216,0,0,0,0,0
2020-02-03,Inyo,027,18085,0,0,0,0,0
2020-02-03,Kern,029,883053,0,0,0,0,0
2020-02-03,Kings,031,150075,0,0,0,0,0
2020-02-03,Lake,033,64148,0,0,0,0,0
2020-02-03,Lassen,035,31185,0,0,0,0,0
2020-02-03,Los Angeles,037,10098052,21,1,0,1,0
2020-02-03,Madera,039,155013,0,0,0,0,0
2020-02-03,Marin,041,260295,0,0,0,0,0
2020-02-03,Mariposa,043,17540,0,0,0,0,0
2020-02-03,Mendocino,045,87422,0,0,0,0,0
2020-02-03,Merced,047,269075,0,0,0,0,0
2020-02-03,Modoc,049,8938,0,0,0,0,0
2020-02-03,Mono,051,14174,0,0,0,0,0
2020-02-03,Monterey,053,433212,1,0,0,0,0
2020-02-03,Napa,055,140530,0,0,0,0,0
2020-02-03,Nevada,057,99092,0,0,0,0,0
2020-02-03,Orange,059,3164182,1,1,0,1,0
2020-02-03,Placer,061,380077,0,0,0,0,0
2020-02-03,Plumas,063,18699,0,0,0,0,0
2020-02-03,Riverside,065,2383286,4,0,0,0,0
2020-02-03,Sacramento,067,1510023,0,0,0,0,0
2020-02-03,San Benito,069,59416,0,2,0,2,0
2020-02-03,San Bernardino,071,2135413,3,0,0,0,0
2020-02-03,San Diego,073,3302833,0,0,0,0,0
2020-02-03,San Francisco,075,870044,1,0,0,0,0
2020-02-03,San Joaquin,077,732212,0,0,1,1,0
2020-02-03,San Luis Obispo,079,281455,0,0,0,0,0
2020-02-03,San Mateo,081,765935,0,0,0,0,0
2020-02-03,Santa Barbara,083,443738,0,0,0,0,0
2020-02-03,Santa Clara,085,1922200,2,2,0,2,0
2020-02-03,Santa Cruz,087,273765,0,0,0,0,0
2020-02-03,Shasta,089,179085,0,0,0,0,0
2020-02-03,Sierra,091,2930,0,0,0,0,0
2020-02-03,Siskiyou,093,43540,0,0,0,0,0
2020-02-03,Solano,095,438530,0,0,0,0,0
2020-02-03,Sonoma,097,501317,0,0,0,0,0
2020-02-03,Stanislaus,099,539301,0,0,0,0,0
2020-02-03,Sutter,101,95872,0,0,0,0,0
2020-02-03,Tehama,103,63373,0,0,0,0,0
2020-02-03,Trinity,105,12862,0,0,0,0,0
2020-02-03,Tulare,107,460477,2,0,0,0,0
2020-02-03,Tuolumne,109,53932,0,0,0,0,0
2020-02-03,Ventura,111,848112,0,0,0,0,0
2020-02-03,Yolo,113,214977,0,0,0,0,0
2020-02-03,Yuba,115,75493,0,0,0,0,0
2020-02-02,Alameda,001,1643700,3,0,0,0,0
2020-02-02,Alpine,003,1148,0,0,0,0,0
2020-02-02,Amador,005,37829,0,0,0,0,0
2020-02-02,Butte,007,227075,0,0,0,0,0
2020-02-02,Calaveras,009,45235,0,0,0,0,0
2020-02-02,Colusa,011,21464,0,0,0,0,0
2020-02-02,Contra Costa,013,1133247,1,0,0,0,0
2020-02-02,Del Norte,015,27424,0,0,0,0,0
2020-02-02,El Dorado,017,186661,0,0,0,0,0
2020-02-02,Fresno,019,978130,0,0,0,0,0
2020-02-02,Glenn,021,27897,0,0,0,0,0
2020-02-02,Humboldt,023,135768,0,0,0,0,0
2020-02-02,Imperial,025,180216,0,0,0,0,0
2020-02-02,Inyo,027,18085,0,0,0,0,0
2020-02-02,Kern,029,883053,0,0,0,0,0
2020-02-02,Kings,031,150075,0,0,0,0,0
2020-02-02,Lake,033,64148,0,0,0,0,0
2020-02-02,Lassen,035,31185,0,0,0,0,0
2020-02-02,Los Angeles,037,10098052,17,1,0,1,0
2020-02-02,Madera,039,155013,0,0,0,0,0
2020-02-02,Marin,041,260295,0,0,0,0,0
2020-02-02,Mariposa,043,17540,0,0,0,0,0
2020-02-02,Mendocino,045,87422,0,0,0,0,0
2020-02-02,Merced,047,269075,0,0,0,0,0
2020-02-02,Modoc,049,8938,0,0,0,0,0
2020-02-02,Mono,051,14174,0,0,0,0,0
2020-02-02,Monterey,053,433212,1,0,0,0,0
2020-02-02,Napa,055,140530,0,0,0,0,0
2020-02-02,Nevada,057,99092,0,0,0,0,0
2020-02-02,Orange,059,3164182,1,1,0,1,0
2020-02-02,Placer,061,380077,0,0,0,0,0
2020-02-02,Plumas,063,18699,0,0,0,0,0
2020-02-02,Riverside,065,2383286,3,0,0,0,0
2020-02-02,Sacramento,067,1510023,0,0,0,0,0
2020-02-02,San Benito,069,59416,0,2,0,2,0
2020-02-02,San Bernardino,071,2135413,2,0,0,0,0
2020-02-02,San Diego,073,3302833,0,0,0,0,0
2020-02-02,San Francisco,075,870044,1,0,0,0,0
2020-02-02,San Joaquin,077,732212,0,0,1,1,0
2020-02-02,San Luis Obispo,079,281455,0,0,0,0,0
2020-02-02,San Mateo,081,765935,0,0,0,0,0
2020-02-02,Santa Barbara,083,443738,0,0,0,0,0
2020-02-02,Santa Clara,085,1922200,2,2,0,2,0
2020-02-02,Santa Cruz,087,273765,0,0,0,0,0
2020-02-02,Shasta,089,179085,0,0,0,0,0
2020-02-02,Sierra,091,2930,0,0,0,0,0
2020-02-02,Siskiyou,093,43540,0,0,0,0,0
2020-02-02,Solano,095,438530,0,0,0,0,0
2020-02-02,Sonoma,097,501317,0,0,0,0,0
2020-02-02,Stanislaus,099,539301,0,0,0,0,0
2020-02-02,Sutter,101,95872,0,0,0,0,0
2020-02-02,Tehama,103,63373,0,0,0,0,0
2020-02-02,Trinity,105,12862,0,0,0,0,0
2020-02-02,Tulare,107,460477,2,0,0,0,0
2020-02-02,Tuolumne,109,53932,0,0,0,0,0
2020-02-02,Ventura,111,848112,0,0,0,0,0
2020-02-02,Yolo,113,214977,0,0,0,0,0
2020-02-02,Yuba,115,75493,0,0,0,0,0
2020-02-01,Alameda,001,1643700,3,0,0,0,0
2020-02-01,Alpine,003,1148,0,0,0,0,0
2020-02-01,Amador,005,37829,0,0,0,0,0
2020-02-01,Butte,007,227075,0,0,0,0,0
2020-02-01,Calaveras,009,45235,0,0,0,0,0
2020-02-01,Colusa,011,21464,0,0,0,0,0
2020-02-01,Contra Costa,013,1133247,0,0,0,0,0
2020-02-01,Del Norte,015,27424,0,0,0,0,0
2020-02-01,El Dorado,017,186661,0,0,0,0,0
2020-02-01,Fresno,019,978130,0,0,0,0,0
2020-02-01,Glenn,021,27897,0,0,0,0,0
2020-02-01,Humboldt,023,135768,0,0,0,0,0
2020-02-01,Imperial,025,180216,0,0,0,0,0
2020-02-01,Inyo,027,18085,0,0,0,0,0
2020-02-01,Kern,029,883053,0,0,0,0,0
2020-02-01,Kings,031,150075,0,0,0,0,0
2020-02-01,Lake,033,64148,0,0,0,0,0
2020-02-01,Lassen,035,31185,0,0,0,0,0
2020-02-01,Los Angeles,037,10098052,13,1,0,1,0
2020-02-01,Madera,039,155013,0,0,0,0,0
2020-02-01,Marin,041,260295,0,0,0,0,0
2020-02-01,Mariposa,043,17540,0,0,0,0,0
2020-02-01,Mendocino,045,87422,0,0,0,0,0
2020-02-01,Merced,047,269075,0,0,0,0,0
2020-02-01,Modoc,049,8938,0,0,0,0,0
2020-02-01,Mono,051,14174,0,0,0,0,0
2020-02-01,Monterey,053,433212,0,0,0,0,0
2020-02-01,Napa,055,140530,0,0,0,0,0
2020-02-01,Nevada,057,99092,0,0,0,0,0
2020-02-01,Orange,059,3164182,1,1,0,1,0
2020-02-01,Placer,061,380077,0,0,0,0,0
2020-02-01,Plumas,063,18699,0,0,0,0,0
2020-02-01,Riverside,065,2383286,2,0,0,0,0
2020-02-01,Sacramento,067,1510023,0,0,0,0,0
2020-02-01,San Benito,069,59416,0,0,0,0,0
2020-02-01,San Bernardino,071,2135413,1,0,0,0,0
2020-02-01,San Diego,073,3302833,0,0,0,0,0
2020-02-01,San Francisco,075,870044,1,0,0,0,0
2020-02-01,San Joaquin,077,732212,0,0,1,1,0
2020-02-01,San Luis Obispo,079,281455,0,0,0,0,0
2020-02-01,San Mateo,081,765935,0,0,0,0,0
2020-02-01,Santa Barbara,083,443738,0,0,0,0,0
2020-02-01,Santa Clara,085,1922200,2,1,0,1,0
2020-02-01,Santa Cruz,087,273765,0,0,0,0,0
2020-02-01,Shasta,089,179085,0,0,0,0,0
2020-02-01,Sierra,091,2930,0,0,0,0,0
2020-02-01,Siskiyou,093,43540,0,0,0,0,0
2020-02-01,Solano,095,438530,0,0,0,0,0
2020-02-01,Sonoma,097,501317,0,0,0,0,0
2020-02-01,Stanislaus,099,539301,0,0,0,0,0
2020-02-01,Sutter,101,95872,0,0,0,0,0
2020-02-01,Tehama,103,63373,0,0,0,0,0
2020-02-01,Trinity,105,12862,0,0,0,0,0
2020-02-01,Tulare,107,460477,1,0,0,0,0
2020-02-01,Tuolumne,109,53932,0,0,0,0,0
2020-02-01,Ventura,111,848112,0,0,0,0,0
2020-02-01,Yolo,113,214977,0,0,0,0,0
2020-02-01,Yuba,115,75493,0,0,0,0,0
