date,county,fips,population,confirmed_cases,reported_cases,probable_cases,reported_and_probable_cases,reported_deaths
2022-10-25,Alameda,001,1643700,350413,350419,19828,370247,2040
2022-10-25,Alpine,003,1148,136,136,1,137,0
2022-10-25,Amador,005,37829,10037,10038,930,10968,94
2022-10-25,Butte,007,227075,39707,39707,9078,48785,457
2022-10-25,Calaveras,009,45235,8561,8561,559,9120,134
2022-10-25,Colusa,011,21464,3811,3813,1285,5098,22
2022-10-25,Contra Costa,013,1133247,252394,252398,20736,273134,1458
2022-10-25,Del Norte,015,27424,7454,7455,404,7859,56
2022-10-25,El Dorado,017,186661,32513,32513,4302,36815,231
2022-10-25,Fresno,019,978130,275921,275924,31267,307191,2885
2022-10-25,Glenn,021,27897,5553,5553,1875,7428,48
2022-10-25,Humboldt,023,135768,22062,22065,5064,27129,160
2022-10-25,Imperial,025,180216,65903,65903,15916,81819,959
2022-10-25,Inyo,027,18085,4500,4500,997,5497,60
2022-10-25,Kern,029,883053,219932,219943,64213,284156,2425
2022-10-25,Kings,031,150075,59740,59742,4090,63832,459
2022-10-25,Lake,033,64148,12868,12868,1209,14077,148
2022-10-25,Lassen,035,31185,9989,9989,992,10981,65
2022-10-25,Los Angeles,037,10098052,3298293,3298549,182829,3481378,33679
2022-10-25,Madera,039,155013,44170,44172,8276,52448,375
2022-10-25,Marin,041,260295,45645,45649,5347,50996,314
2022-10-25,Mariposa,043,17540,3107,3107,362,3469,31
2022-10-25,Mendocino,045,87422,16104,16104,4515,20619,153
2022-10-25,Merced,047,269075,72603,72606,11807,84413,870
2022-10-25,Modoc,049,8938,884,884,325,1209,11
2022-10-25,Mono,051,14174,3215,3215,257,3472,7
2022-10-25,Monterey,053,433212,94424,94425,21109,115534,769
2022-10-25,Napa,055,140530,32447,32448,1431,33879,160
2022-10-25,Nevada,057,99092,19089,19094,1867,20961,132
2022-10-25,Orange,059,3164182,671140,671141,62311,733452,7502
2022-10-25,Placer,061,380077,76178,76178,9573,85751,662
2022-10-25,Plumas,063,18699,3705,3705,432,4137,13
2022-10-25,Riverside,065,2383286,698329,698387,35394,733781,6659
2022-10-25,Sacramento,067,1510023,348937,348942,33927,382869,3346
2022-10-25,San Benito,069,59416,16282,16284,980,17264,108
2022-10-25,San Bernardino,071,2135413,673896,673959,31047,705006,8120
2022-10-25,San Diego,073,3302833,929768,929768,72399,1002167,5524
2022-10-25,San Francisco,075,870044,180401,180409,12113,192522,1066
2022-10-25,San Joaquin,077,732212,198368,198376,14746,213122,2335
2022-10-25,San Luis Obispo,079,281455,63505,63519,7241,70760,525
2022-10-25,San Mateo,081,765935,169938,169941,10668,180609,741
2022-10-25,Santa Barbara,083,443738,106291,106291,6945,113236,729
2022-10-25,Santa Clara,085,1922200,435770,435788,18951,454739,2528
2022-10-25,Santa Cruz,087,273765,63885,63885,3457,67342,274
2022-10-25,Shasta,089,179085,35117,35117,7490,42607,595
2022-10-25,Sierra,091,2930,308,308,60,368,5
2022-10-25,Siskiyou,093,43540,5307,5307,3320,8627,94
2022-10-25,Solano,095,438530,105784,105796,7813,113609,467
2022-10-25,Sonoma,097,501317,107685,107692,5345,113037,524
2022-10-25,Stanislaus,099,539301,138403,138423,21621,160044,1785
2022-10-25,Sutter,101,95872,24420,24425,2470,26895,233
2022-10-25,Tehama,103,63373,13681,13681,3086,16767,210
2022-10-25,Trinity,105,12862,1398,1398,393,1791,20
2022-10-25,Tulare,107,460477,122140,122140,36526,158666,1541
2022-10-25,Tuolumne,109,53932,15657,15658,935,16593,196
2022-10-25,Ventura,111,848112,209743,209746,15857,225603,1582
2022-10-25,Yolo,113,214977,47703,47703,4455,52158,349
2022-10-25,Yuba,115,75493,19005,19009,1727,20736,133
2022-10-24,Alameda,001,1643700,350413,349337,19828,369165,2031
2022-10-24,Alpine,003,1148,136,136,1,137,0
2022-10-24,Amador,005,37829,10037,10025,930,10955,94
2022-10-24,Butte,007,227075,39707,39607,9078,48685,456
2022-10-24,Calaveras,009,45235,8561,8541,559,9100,135
2022-10-24,Colusa,011,21464,3811,3807,1285,5092,22
2022-10-24,Contra Costa,013,1133247,252394,251722,20736,272458,1444
2022-10-24,Del Norte,015,27424,7454,7450,404,7854,56
2022-10-24,El Dorado,017,186661,32513,32443,4302,36745,232
2022-10-24,Fresno,019,978130,275921,275502,31267,306769,2893
2022-10-24,Glenn,021,27897,5553,5543,1875,7418,48
2022-10-24,Humboldt,023,135768,22062,21979,5064,27043,160
2022-10-24,Imperial,025,180216,65903,65801,15916,81717,961
2022-10-24,Inyo,027,18085,4500,4497,997,5494,60
2022-10-24,Kern,029,883053,219932,219679,64213,283892,2424
2022-10-24,Kings,031,150075,59740,59632,4090,63722,460
2022-10-24,Lake,033,64148,12868,12847,1209,14056,148
2022-10-24,Lassen,035,31185,9989,9977,992,10969,65
2022-10-24,Los Angeles,037,10098052,3298293,3289814,182829,3472643,33533
2022-10-24,Madera,039,155013,44170,44121,8276,52397,375
2022-10-24,Marin,041,260295,45645,45521,5347,50868,314
2022-10-24,Mariposa,043,17540,3107,3096,362,3458,31
2022-10-24,Mendocino,045,87422,16104,16059,4515,20574,136
2022-10-24,Merced,047,269075,72603,72442,11807,84249,869
2022-10-24,Modoc,049,8938,884,883,325,1208,11
2022-10-24,Mono,051,14174,3215,3212,257,3469,7
2022-10-24,Monterey,053,433212,94424,94275,21109,115384,768
2022-10-24,Napa,055,140530,32447,32395,1431,33826,160
2022-10-24,Nevada,057,99092,19089,19056,1867,20923,132
2022-10-24,Orange,059,3164182,671140,669923,62311,732234,7536
2022-10-24,Placer,061,380077,76178,76022,9573,85595,662
2022-10-24,Plumas,063,18699,3705,3691,432,4123,13
2022-10-24,Riverside,065,2383286,698329,697500,35394,732894,6569
2022-10-24,Sacramento,067,1510023,348937,348260,33927,382187,3337
2022-10-24,San Benito,069,59416,16282,16251,980,17231,107
2022-10-24,San Bernardino,071,2135413,673896,673189,31047,704236,8152
2022-10-24,San Diego,073,3302833,929768,928182,72399,1000581,5517
2022-10-24,San Francisco,075,870044,180401,179967,12113,192080,1056
2022-10-24,San Joaquin,077,732212,198368,198041,14746,212787,2336
2022-10-24,San Luis Obispo,079,281455,63505,63410,7241,70651,525
2022-10-24,San Mateo,081,765935,169938,169484,10668,180152,732
2022-10-24,Santa Barbara,083,443738,106291,106125,6945,113070,726
2022-10-24,Santa Clara,085,1922200,435770,434684,18951,453635,2523
2022-10-24,Santa Cruz,087,273765,63885,63592,3457,67049,275
2022-10-24,Shasta,089,179085,35117,35031,7490,42521,595
2022-10-24,Sierra,091,2930,308,305,60,365,5
2022-10-24,Siskiyou,093,43540,5307,5298,3320,8618,94
2022-10-24,Solano,095,438530,105784,105561,7813,113374,466
2022-10-24,Sonoma,097,501317,107685,107436,5345,112781,527
2022-10-24,Stanislaus,099,539301,138403,138223,21621,159844,1785
2022-10-24,Sutter,101,95872,24420,24393,2470,26863,233
2022-10-24,Tehama,103,63373,13681,13647,3086,16733,209
2022-10-24,Trinity,105,12862,1398,1396,393,1789,20
2022-10-24,Tulare,107,460477,122140,122035,36526,158561,1540
2022-10-24,Tuolumne,109,53932,15657,15626,935,16561,196
2022-10-24,Ventura,111,848112,209743,209427,15857,225284,1571
2022-10-24,Yolo,113,214977,47703,47611,4455,52066,346
2022-10-24,Yuba,115,75493,19005,18969,1727,20696,130
2022-10-23,Alameda,001,1643700,350327,349337,19828,369165,2031
2022-10-23,Alpine,003,1148,136,136,1,137,0
2022-10-23,Amador,005,37829,10036,10025,930,10955,94
2022-10-23,Butte,007,227075,39701,39607,9078,48685,456
2022-10-23,Calaveras,009,45235,8558,8541,559,9100,135
2022-10-23,Colusa,011,21464,3810,3807,1285,5092,22
2022-10-23,Contra Costa,013,1133247,252334,251722,20736,272458,1444
2022-10-23,Del Norte,015,27424,7453,7450,404,7854,56
2022-10-23,El Dorado,017,186661,32512,32443,4302,36745,232
2022-10-23,Fresno,019,978130,275895,275502,31267,306769,2893
2022-10-23,Glenn,021,27897,5552,5543,1875,7418,48
2022-10-23,Humboldt,023,135768,22059,21979,5064,27043,160
2022-10-23,Imperial,025,180216,65897,65801,15916,81717,961
2022-10-23,Inyo,027,18085,4500,4497,997,5494,60
2022-10-23,Kern,029,883053,219923,219679,64213,283892,2424
2022-10-23,Kings,031,150075,59726,59632,4090,63722,460
2022-10-23,Lake,033,64148,12868,12847,1209,14056,148
2022-10-23,Lassen,035,31185,9989,9977,992,10969,65
2022-10-23,Los Angeles,037,10098052,3298257,3289814,182829,3472643,33533
2022-10-23,Madera,039,155013,44167,44121,8276,52397,375
2022-10-23,Marin,041,260295,45634,45521,5347,50868,314
2022-10-23,Mariposa,043,17540,3105,3096,362,3458,31
2022-10-23,Mendocino,045,87422,16102,16059,4515,20574,136
2022-10-23,Merced,047,269075,72601,72442,11807,84249,869
2022-10-23,Modoc,049,8938,884,883,325,1208,11
2022-10-23,Mono,051,14174,3214,3212,257,3469,7
2022-10-23,Monterey,053,433212,94421,94275,21109,115384,768
2022-10-23,Napa,055,140530,32436,32395,1431,33826,160
2022-10-23,Nevada,057,99092,19087,19056,1867,20923,132
2022-10-23,Orange,059,3164182,671090,669923,62311,732234,7536
2022-10-23,Placer,061,380077,76166,76022,9573,85595,662
2022-10-23,Plumas,063,18699,3705,3691,432,4123,13
2022-10-23,Riverside,065,2383286,698296,697500,35394,732894,6569
2022-10-23,Sacramento,067,1510023,348880,348260,33927,382187,3337
2022-10-23,San Benito,069,59416,16281,16251,980,17231,107
2022-10-23,San Bernardino,071,2135413,673880,673189,31047,704236,8152
2022-10-23,San Diego,073,3302833,929702,928182,72399,1000581,5517
2022-10-23,San Francisco,075,870044,180372,179967,12113,192080,1056
2022-10-23,San Joaquin,077,732212,198339,198041,14746,212787,2336
2022-10-23,San Luis Obispo,079,281455,63502,63410,7241,70651,525
2022-10-23,San Mateo,081,765935,169902,169484,10668,180152,732
2022-10-23,Santa Barbara,083,443738,106284,106125,6945,113070,726
2022-10-23,Santa Clara,085,1922200,435701,434684,18951,453635,2523
2022-10-23,Santa Cruz,087,273765,63883,63592,3457,67049,275
2022-10-23,Shasta,089,179085,35115,35031,7490,42521,595
2022-10-23,Sierra,091,2930,308,305,60,365,5
2022-10-23,Siskiyou,093,43540,5307,5298,3320,8618,94
2022-10-23,Solano,095,438530,105747,105561,7813,113374,466
2022-10-23,Sonoma,097,501317,107652,107436,5345,112781,527
2022-10-23,Stanislaus,099,539301,138390,138223,21621,159844,1785
2022-10-23,Sutter,101,95872,24415,24393,2470,26863,233
2022-10-23,Tehama,103,63373,13681,13647,3086,16733,209
2022-10-23,Trinity,105,12862,1398,1396,393,1789,20
2022-10-23,Tulare,107,460477,122130,122035,36526,158561,1540
2022-10-23,Tuolumne,109,53932,15652,15626,935,16561,196
2022-10-23,Ventura,111,848112,209734,209427,15857,225284,1571
2022-10-23,Yolo,113,214977,47696,47611,4455,52066,346
2022-10-23,Yuba,115,75493,19003,18969,1727,20696,130
2022-10-22,Alameda,001,1643700,350280,349337,19828,369165,2031
2022-10-22,Alpine,003,1148,136,136,1,137,0
2022-10-22,Amador,005,37829,10035,10025,930,10955,94
2022-10-22,Butte,007,227075,39698,39607,9078,48685,456
2022-10-22,Calaveras,009,45235,8557,8541,559,9100,135
2022-10-22,Colusa,011,21464,3810,3807,1285,5092,22
2022-10-22,Contra Costa,013,1133247,252291,251722,20736,272458,1444
2022-10-22,Del Norte,015,27424,7452,7450,404,7854,56
2022-10-22,El Dorado,017,186661,32511,32443,4302,36745,232
2022-10-22,Fresno,019,978130,275884,275502,31267,306769,2893
2022-10-22,Glenn,021,27897,5551,5543,1875,7418,48
2022-10-22,Humboldt,023,135768,22057,21979,5064,27043,160
2022-10-22,Imperial,025,180216,65892,65801,15916,81717,961
2022-10-22,Inyo,027,18085,4500,4497,997,5494,60
2022-10-22,Kern,029,883053,219913,219679,64213,283892,2424
2022-10-22,Kings,031,150075,59721,59632,4090,63722,460
2022-10-22,Lake,033,64148,12867,12847,1209,14056,148
2022-10-22,Lassen,035,31185,9989,9977,992,10969,65
2022-10-22,Los Angeles,037,10098052,3298053,3289814,182829,3472643,33533
2022-10-22,Madera,039,155013,44164,44121,8276,52397,375
2022-10-22,Marin,041,260295,45622,45521,5347,50868,314
2022-10-22,Mariposa,043,17540,3105,3096,362,3458,31
2022-10-22,Mendocino,045,87422,16100,16059,4515,20574,136
2022-10-22,Merced,047,269075,72597,72442,11807,84249,869
2022-10-22,Modoc,049,8938,884,883,325,1208,11
2022-10-22,Mono,051,14174,3214,3212,257,3469,7
2022-10-22,Monterey,053,433212,94413,94275,21109,115384,768
2022-10-22,Napa,055,140530,32432,32395,1431,33826,160
2022-10-22,Nevada,057,99092,19087,19056,1867,20923,132
2022-10-22,Orange,059,3164182,671022,669923,62311,732234,7536
2022-10-22,Placer,061,380077,76153,76022,9573,85595,662
2022-10-22,Plumas,063,18699,3705,3691,432,4123,13
2022-10-22,Riverside,065,2383286,698245,697500,35394,732894,6569
2022-10-22,Sacramento,067,1510023,348848,348260,33927,382187,3337
2022-10-22,San Benito,069,59416,16273,16251,980,17231,107
2022-10-22,San Bernardino,071,2135413,673835,673189,31047,704236,8152
2022-10-22,San Diego,073,3302833,929607,928182,72399,1000581,5517
2022-10-22,San Francisco,075,870044,180344,179967,12113,192080,1056
2022-10-22,San Joaquin,077,732212,198323,198041,14746,212787,2336
2022-10-22,San Luis Obispo,079,281455,63502,63410,7241,70651,525
2022-10-22,San Mateo,081,765935,169871,169484,10668,180152,732
2022-10-22,Santa Barbara,083,443738,106276,106125,6945,113070,726
2022-10-22,Santa Clara,085,1922200,435605,434684,18951,453635,2523
2022-10-22,Santa Cruz,087,273765,63875,63592,3457,67049,275
2022-10-22,Shasta,089,179085,35115,35031,7490,42521,595
2022-10-22,Sierra,091,2930,308,305,60,365,5
2022-10-22,Siskiyou,093,43540,5305,5298,3320,8618,94
2022-10-22,Solano,095,438530,105730,105561,7813,113374,466
2022-10-22,Sonoma,097,501317,107642,107436,5345,112781,527
2022-10-22,Stanislaus,099,539301,138377,138223,21621,159844,1785
2022-10-22,Sutter,101,95872,24413,24393,2470,26863,233
2022-10-22,Tehama,103,63373,13681,13647,3086,16733,209
2022-10-22,Trinity,105,12862,1398,1396,393,1789,20
2022-10-22,Tulare,107,460477,122125,122035,36526,158561,1540
2022-10-22,Tuolumne,109,53932,15647,15626,935,16561,196
2022-10-22,Ventura,111,848112,209721,209427,15857,225284,1571
2022-10-22,Yolo,113,214977,47695,47611,4455,52066,346
2022-10-22,Yuba,115,75493,19000,18969,1727,20696,130
2022-10-21,Alameda,001,1643700,350228,349337,19828,369165,2031
2022-10-21,Alpine,003,1148,136,136,1,137,0
2022-10-21,Amador,005,37829,10035,10025,930,10955,94
2022-10-21,Butte,007,227075,39690,39607,9078,48685,456
2022-10-21,Calaveras,009,45235,8556,8541,559,9100,135
2022-10-21,Colusa,011,21464,3809,3807,1285,5092,22
2022-10-21,Contra Costa,013,1133247,252257,251722,20736,272458,1444
2022-10-21,Del Norte,015,27424,7452,7450,404,7854,56
2022-10-21,El Dorado,017,186661,32507,32443,4302,36745,232
2022-10-21,Fresno,019,978130,275855,275502,31267,306769,2893
2022-10-21,Glenn,021,27897,5550,5543,1875,7418,48
2022-10-21,Humboldt,023,135768,22053,21979,5064,27043,160
2022-10-21,Imperial,025,180216,65890,65801,15916,81717,961
2022-10-21,Inyo,027,18085,4500,4497,997,5494,60
2022-10-21,Kern,029,883053,219896,219679,64213,283892,2424
2022-10-21,Kings,031,150075,59716,59632,4090,63722,460
2022-10-21,Lake,033,64148,12866,12847,1209,14056,148
2022-10-21,Lassen,035,31185,9987,9977,992,10969,65
2022-10-21,Los Angeles,037,10098052,3297642,3289814,182829,3472643,33533
2022-10-21,Madera,039,155013,44159,44121,8276,52397,375
2022-10-21,Marin,041,260295,45608,45521,5347,50868,314
2022-10-21,Mariposa,043,17540,3104,3096,362,3458,31
2022-10-21,Mendocino,045,87422,16093,16059,4515,20574,136
2022-10-21,Merced,047,269075,72597,72442,11807,84249,869
2022-10-21,Modoc,049,8938,884,883,325,1208,11
2022-10-21,Mono,051,14174,3214,3212,257,3469,7
2022-10-21,Monterey,053,433212,94400,94275,21109,115384,768
2022-10-21,Napa,055,140530,32430,32395,1431,33826,160
2022-10-21,Nevada,057,99092,19085,19056,1867,20923,132
2022-10-21,Orange,059,3164182,670909,669923,62311,732234,7536
2022-10-21,Placer,061,380077,76141,76022,9573,85595,662
2022-10-21,Plumas,063,18699,3704,3691,432,4123,13
2022-10-21,Riverside,065,2383286,698184,697500,35394,732894,6569
2022-10-21,Sacramento,067,1510023,348792,348260,33927,382187,3337
2022-10-21,San Benito,069,59416,16272,16251,980,17231,107
2022-10-21,San Bernardino,071,2135413,673790,673189,31047,704236,8152
2022-10-21,San Diego,073,3302833,929486,928182,72399,1000581,5517
2022-10-21,San Francisco,075,870044,180316,179967,12113,192080,1056
2022-10-21,San Joaquin,077,732212,198307,198041,14746,212787,2336
2022-10-21,San Luis Obispo,079,281455,63497,63410,7241,70651,525
2022-10-21,San Mateo,081,765935,169849,169484,10668,180152,732
2022-10-21,Santa Barbara,083,443738,106269,106125,6945,113070,726
2022-10-21,Santa Clara,085,1922200,435507,434684,18951,453635,2523
2022-10-21,Santa Cruz,087,273765,63864,63592,3457,67049,275
2022-10-21,Shasta,089,179085,35115,35031,7490,42521,595
2022-10-21,Sierra,091,2930,308,305,60,365,5
2022-10-21,Siskiyou,093,43540,5305,5298,3320,8618,94
2022-10-21,Solano,095,438530,105707,105561,7813,113374,466
2022-10-21,Sonoma,097,501317,107628,107436,5345,112781,527
2022-10-21,Stanislaus,099,539301,138369,138223,21621,159844,1785
2022-10-21,Sutter,101,95872,24407,24393,2470,26863,233
2022-10-21,Tehama,103,63373,13680,13647,3086,16733,209
2022-10-21,Trinity,105,12862,1398,1396,393,1789,20
2022-10-21,Tulare,107,460477,122119,122035,36526,158561,1540
2022-10-21,Tuolumne,109,53932,15646,15626,935,16561,196
2022-10-21,Ventura,111,848112,209697,209427,15857,225284,1571
2022-10-21,Yolo,113,214977,47687,47611,4455,52066,346
2022-10-21,Yuba,115,75493,18992,18969,1727,20696,130
2022-10-20,Alameda,001,1643700,350105,349337,19828,369165,2031
2022-10-20,Alpine,003,1148,136,136,1,137,0
2022-10-20,Amador,005,37829,10032,10025,930,10955,94
2022-10-20,Butte,007,227075,39684,39607,9078,48685,456
2022-10-20,Calaveras,009,45235,8555,8541,559,9100,135
2022-10-20,Colusa,011,21464,3809,3807,1285,5092,22
2022-10-20,Contra Costa,013,1133247,252176,251722,20736,272458,1444
2022-10-20,Del Norte,015,27424,7452,7450,404,7854,56
2022-10-20,El Dorado,017,186661,32498,32443,4302,36745,232
2022-10-20,Fresno,019,978130,275812,275502,31267,306769,2893
2022-10-20,Glenn,021,27897,5549,5543,1875,7418,48
2022-10-20,Humboldt,023,135768,22046,21979,5064,27043,160
2022-10-20,Imperial,025,180216,65881,65801,15916,81717,961
2022-10-20,Inyo,027,18085,4498,4497,997,5494,60
2022-10-20,Kern,029,883053,219863,219679,64213,283892,2424
2022-10-20,Kings,031,150075,59701,59632,4090,63722,460
2022-10-20,Lake,033,64148,12862,12847,1209,14056,148
2022-10-20,Lassen,035,31185,9984,9977,992,10969,65
2022-10-20,Los Angeles,037,10098052,3296972,3289814,182829,3472643,33533
2022-10-20,Madera,039,155013,44151,44121,8276,52397,375
2022-10-20,Marin,041,260295,45596,45521,5347,50868,314
2022-10-20,Mariposa,043,17540,3103,3096,362,3458,31
2022-10-20,Mendocino,045,87422,16089,16059,4515,20574,136
2022-10-20,Merced,047,269075,72587,72442,11807,84249,869
2022-10-20,Modoc,049,8938,883,883,325,1208,11
2022-10-20,Mono,051,14174,3214,3212,257,3469,7
2022-10-20,Monterey,053,433212,94389,94275,21109,115384,768
2022-10-20,Napa,055,140530,32425,32395,1431,33826,160
2022-10-20,Nevada,057,99092,19082,19056,1867,20923,132
2022-10-20,Orange,059,3164182,670787,669923,62311,732234,7536
2022-10-20,Placer,061,380077,76120,76022,9573,85595,662
2022-10-20,Plumas,063,18699,3704,3691,432,4123,13
2022-10-20,Riverside,065,2383286,698076,697500,35394,732894,6569
2022-10-20,Sacramento,067,1510023,348680,348260,33927,382187,3337
2022-10-20,San Benito,069,59416,16270,16251,980,17231,107
2022-10-20,San Bernardino,071,2135413,673700,673189,31047,704236,8152
2022-10-20,San Diego,073,3302833,929327,928182,72399,1000581,5517
2022-10-20,San Francisco,075,870044,180272,179967,12113,192080,1056
2022-10-20,San Joaquin,077,732212,198278,198041,14746,212787,2336
2022-10-20,San Luis Obispo,079,281455,63488,63410,7241,70651,525
2022-10-20,San Mateo,081,765935,169794,169484,10668,180152,732
2022-10-20,Santa Barbara,083,443738,106245,106125,6945,113070,726
2022-10-20,Santa Clara,085,1922200,435387,434684,18951,453635,2523
2022-10-20,Santa Cruz,087,273765,63829,63592,3457,67049,275
2022-10-20,Shasta,089,179085,35103,35031,7490,42521,595
2022-10-20,Sierra,091,2930,308,305,60,365,5
2022-10-20,Siskiyou,093,43540,5304,5298,3320,8618,94
2022-10-20,Solano,095,438530,105673,105561,7813,113374,466
2022-10-20,Sonoma,097,501317,107602,107436,5345,112781,527
2022-10-20,Stanislaus,099,539301,138339,138223,21621,159844,1785
2022-10-20,Sutter,101,95872,24404,24393,2470,26863,233
2022-10-20,Tehama,103,63373,13674,13647,3086,16733,209
2022-10-20,Trinity,105,12862,1398,1396,393,1789,20
2022-10-20,Tulare,107,460477,122107,122035,36526,158561,1540
2022-10-20,Tuolumne,109,53932,15641,15626,935,16561,196
2022-10-20,Ventura,111,848112,209665,209427,15857,225284,1571
2022-10-20,Yolo,113,214977,47678,47611,4455,52066,346
2022-10-20,Yuba,115,75493,18986,18969,1727,20696,130
2022-10-19,Alameda,001,1643700,349976,349337,19828,369165,2031
2022-10-19,Alpine,003,1148,136,136,1,137,0
2022-10-19,Amador,005,37829,10030,10025,930,10955,94
2022-10-19,Butte,007,227075,39679,39607,9078,48685,456
2022-10-19,Calaveras,009,45235,8553,8541,559,9100,135
2022-10-19,Colusa,011,21464,3808,3807,1285,5092,22
2022-10-19,Contra Costa,013,1133247,252104,251722,20736,272458,1444
2022-10-19,Del Norte,015,27424,7452,7450,404,7854,56
2022-10-19,El Dorado,017,186661,32489,32443,4302,36745,232
2022-10-19,Fresno,019,978130,275754,275502,31267,306769,2893
2022-10-19,Glenn,021,27897,5547,5543,1875,7418,48
2022-10-19,Humboldt,023,135768,22032,21979,5064,27043,160
2022-10-19,Imperial,025,180216,65870,65801,15916,81717,961
2022-10-19,Inyo,027,18085,4498,4497,997,5494,60
2022-10-19,Kern,029,883053,219821,219679,64213,283892,2424
2022-10-19,Kings,031,150075,59689,59632,4090,63722,460
2022-10-19,Lake,033,64148,12858,12847,1209,14056,148
2022-10-19,Lassen,035,31185,9981,9977,992,10969,65
2022-10-19,Los Angeles,037,10098052,3296211,3289814,182829,3472643,33533
2022-10-19,Madera,039,155013,44146,44121,8276,52397,375
2022-10-19,Marin,041,260295,45582,45521,5347,50868,314
2022-10-19,Mariposa,043,17540,3101,3096,362,3458,31
2022-10-19,Mendocino,045,87422,16085,16059,4515,20574,136
2022-10-19,Merced,047,269075,72576,72442,11807,84249,869
2022-10-19,Modoc,049,8938,883,883,325,1208,11
2022-10-19,Mono,051,14174,3212,3212,257,3469,7
2022-10-19,Monterey,053,433212,94378,94275,21109,115384,768
2022-10-19,Napa,055,140530,32420,32395,1431,33826,160
2022-10-19,Nevada,057,99092,19078,19056,1867,20923,132
2022-10-19,Orange,059,3164182,670580,669923,62311,732234,7536
2022-10-19,Placer,061,380077,76099,76022,9573,85595,662
2022-10-19,Plumas,063,18699,3702,3691,432,4123,13
2022-10-19,Riverside,065,2383286,697981,697500,35394,732894,6569
2022-10-19,Sacramento,067,1510023,348583,348260,33927,382187,3337
2022-10-19,San Benito,069,59416,16268,16251,980,17231,107
2022-10-19,San Bernardino,071,2135413,673595,673189,31047,704236,8152
2022-10-19,San Diego,073,3302833,929084,928182,72399,1000581,5517
2022-10-19,San Francisco,075,870044,180212,179967,12113,192080,1056
2022-10-19,San Joaquin,077,732212,198237,198041,14746,212787,2336
2022-10-19,San Luis Obispo,079,281455,63478,63410,7241,70651,525
2022-10-19,San Mateo,081,765935,169738,169484,10668,180152,732
2022-10-19,Santa Barbara,083,443738,106229,106125,6945,113070,726
2022-10-19,Santa Clara,085,1922200,435246,434684,18951,453635,2523
2022-10-19,Santa Cruz,087,273765,63782,63592,3457,67049,275
2022-10-19,Shasta,089,179085,35101,35031,7490,42521,595
2022-10-19,Sierra,091,2930,308,305,60,365,5
2022-10-19,Siskiyou,093,43540,5303,5298,3320,8618,94
2022-10-19,Solano,095,438530,105641,105561,7813,113374,466
2022-10-19,Sonoma,097,501317,107576,107436,5345,112781,527
2022-10-19,Stanislaus,099,539301,138308,138223,21621,159844,1785
2022-10-19,Sutter,101,95872,24401,24393,2470,26863,233
2022-10-19,Tehama,103,63373,13670,13647,3086,16733,209
2022-10-19,Trinity,105,12862,1397,1396,393,1789,20
2022-10-19,Tulare,107,460477,122095,122035,36526,158561,1540
2022-10-19,Tuolumne,109,53932,15638,15626,935,16561,196
2022-10-19,Ventura,111,848112,209634,209427,15857,225284,1571
2022-10-19,Yolo,113,214977,47669,47611,4455,52066,346
2022-10-19,Yuba,115,75493,18980,18969,1727,20696,130
2022-10-18,Alameda,001,1643700,349861,349337,19828,369165,2031
2022-10-18,Alpine,003,1148,136,136,1,137,0
2022-10-18,Amador,005,37829,10028,10025,930,10955,94
2022-10-18,Butte,007,227075,39671,39607,9078,48685,456
2022-10-18,Calaveras,009,45235,8548,8541,559,9100,135
2022-10-18,Colusa,011,21464,3807,3807,1285,5092,22
2022-10-18,Contra Costa,013,1133247,252016,251722,20736,272458,1444
2022-10-18,Del Norte,015,27424,7448,7450,404,7854,56
2022-10-18,El Dorado,017,186661,32473,32443,4302,36745,232
2022-10-18,Fresno,019,978130,275699,275502,31267,306769,2893
2022-10-18,Glenn,021,27897,5546,5543,1875,7418,48
2022-10-18,Humboldt,023,135768,22019,21979,5064,27043,160
2022-10-18,Imperial,025,180216,65850,65801,15916,81717,961
2022-10-18,Inyo,027,18085,4498,4497,997,5494,60
2022-10-18,Kern,029,883053,219781,219679,64213,283892,2424
2022-10-18,Kings,031,150075,59673,59632,4090,63722,460
2022-10-18,Lake,033,64148,12852,12847,1209,14056,148
2022-10-18,Lassen,035,31185,9978,9977,992,10969,65
2022-10-18,Los Angeles,037,10098052,3295402,3289814,182829,3472643,33533
2022-10-18,Madera,039,155013,44138,44121,8276,52397,375
2022-10-18,Marin,041,260295,45566,45521,5347,50868,314
2022-10-18,Mariposa,043,17540,3099,3096,362,3458,31
2022-10-18,Mendocino,045,87422,16076,16059,4515,20574,136
2022-10-18,Merced,047,269075,72558,72442,11807,84249,869
2022-10-18,Modoc,049,8938,883,883,325,1208,11
2022-10-18,Mono,051,14174,3212,3212,257,3469,7
2022-10-18,Monterey,053,433212,94355,94275,21109,115384,768
2022-10-18,Napa,055,140530,32416,32395,1431,33826,160
2022-10-18,Nevada,057,99092,19073,19056,1867,20923,132
2022-10-18,Orange,059,3164182,670409,669923,62311,732234,7536
2022-10-18,Placer,061,380077,76081,76022,9573,85595,662
2022-10-18,Plumas,063,18699,3702,3691,432,4123,13
2022-10-18,Riverside,065,2383286,697857,697500,35394,732894,6569
2022-10-18,Sacramento,067,1510023,348482,348260,33927,382187,3337
2022-10-18,San Benito,069,59416,16263,16251,980,17231,107
2022-10-18,San Bernardino,071,2135413,673496,673189,31047,704236,8152
2022-10-18,San Diego,073,3302833,928819,928182,72399,1000581,5517
2022-10-18,San Francisco,075,870044,180148,179967,12113,192080,1056
2022-10-18,San Joaquin,077,732212,198202,198041,14746,212787,2336
2022-10-18,San Luis Obispo,079,281455,63457,63410,7241,70651,525
2022-10-18,San Mateo,081,765935,169675,169484,10668,180152,732
2022-10-18,Santa Barbara,083,443738,106209,106125,6945,113070,726
2022-10-18,Santa Clara,085,1922200,435092,434684,18951,453635,2523
2022-10-18,Santa Cruz,087,273765,63764,63592,3457,67049,275
2022-10-18,Shasta,089,179085,35093,35031,7490,42521,595
2022-10-18,Sierra,091,2930,308,305,60,365,5
2022-10-18,Siskiyou,093,43540,5303,5298,3320,8618,94
2022-10-18,Solano,095,438530,105607,105561,7813,113374,466
2022-10-18,Sonoma,097,501317,107533,107436,5345,112781,527
2022-10-18,Stanislaus,099,539301,138286,138223,21621,159844,1785
2022-10-18,Sutter,101,95872,24397,24393,2470,26863,233
2022-10-18,Tehama,103,63373,13664,13647,3086,16733,209
2022-10-18,Trinity,105,12862,1397,1396,393,1789,20
2022-10-18,Tulare,107,460477,122078,122035,36526,158561,1540
2022-10-18,Tuolumne,109,53932,15635,15626,935,16561,196
2022-10-18,Ventura,111,848112,209576,209427,15857,225284,1571
2022-10-18,Yolo,113,214977,47661,47611,4455,52066,346
2022-10-18,Yuba,115,75493,18975,18969,1727,20696,130
2022-10-17,Alameda,001,1643700,349721,348487,19828,368315,2027
2022-10-17,Alpine,003,1148,136,135,1,136,0
2022-10-17,Amador,005,37829,10025,10013,930,10943,93
2022-10-17,Butte,007,227075,39656,39567,9078,48645,456
2022-10-17,Calaveras,009,45235,8545,8523,559,9082,133
2022-10-17,Colusa,011,21464,3807,3805,1285,5090,22
2022-10-17,Contra Costa,013,1133247,251911,250897,20736,271633,1440
2022-10-17,Del Norte,015,27424,7448,7440,404,7844,56
2022-10-17,El Dorado,017,186661,32462,32373,4302,36675,231
2022-10-17,Fresno,019,978130,275642,275035,31267,306302,2873
2022-10-17,Glenn,021,27897,5544,5532,1875,7407,48
2022-10-17,Humboldt,023,135768,22008,21914,5064,26978,159
2022-10-17,Imperial,025,180216,65834,65691,15916,81607,958
2022-10-17,Inyo,027,18085,4498,4492,997,5489,60
2022-10-17,Kern,029,883053,219742,219487,64213,283700,2420
2022-10-17,Kings,031,150075,59661,59560,4090,63650,459
2022-10-17,Lake,033,64148,12849,12815,1209,14024,146
2022-10-17,Lassen,035,31185,9977,9970,992,10962,65
2022-10-17,Los Angeles,037,10098052,3294579,3285385,182829,3468214,33525
2022-10-17,Madera,039,155013,44134,44078,8276,52354,375
2022-10-17,Marin,041,260295,45551,45378,5347,50725,315
2022-10-17,Mariposa,043,17540,3097,3091,362,3453,31
2022-10-17,Mendocino,045,87422,16071,16023,4515,20538,136
2022-10-17,Merced,047,269075,72541,72326,11807,84133,868
2022-10-17,Modoc,049,8938,883,882,325,1207,11
2022-10-17,Mono,051,14174,3212,3206,257,3463,7
2022-10-17,Monterey,053,433212,94336,94183,21109,115292,768
2022-10-17,Napa,055,140530,32408,32326,1431,33757,161
2022-10-17,Nevada,057,99092,19068,19023,1867,20890,132
2022-10-17,Orange,059,3164182,670238,668814,62311,731125,7473
2022-10-17,Placer,061,380077,76059,75902,9573,85475,660
2022-10-17,Plumas,063,18699,3699,3682,432,4114,13
2022-10-17,Riverside,065,2383286,697725,696402,35394,731796,6561
2022-10-17,Sacramento,067,1510023,348355,347495,33927,381422,3324
2022-10-17,San Benito,069,59416,16251,16223,980,17203,107
2022-10-17,San Bernardino,071,2135413,673378,672221,31047,703268,8148
2022-10-17,San Diego,073,3302833,928542,926574,72399,998973,5507
2022-10-17,San Francisco,075,870044,180071,179482,12113,191595,1048
2022-10-17,San Joaquin,077,732212,198157,197672,14746,212418,2322
2022-10-17,San Luis Obispo,079,281455,63442,63321,7241,70562,524
2022-10-17,San Mateo,081,765935,169616,168944,10668,179612,732
2022-10-17,Santa Barbara,083,443738,106192,105931,6945,112876,726
2022-10-17,Santa Clara,085,1922200,434900,433458,18951,452409,2513
2022-10-17,Santa Cruz,087,273765,63717,63316,3457,66773,273
2022-10-17,Shasta,089,179085,35075,34971,7490,42461,595
2022-10-17,Sierra,091,2930,306,305,60,365,5
2022-10-17,Siskiyou,093,43540,5300,5287,3320,8607,92
2022-10-17,Solano,095,438530,105569,105287,7813,113100,465
2022-10-17,Sonoma,097,501317,107496,107199,5345,112544,520
2022-10-17,Stanislaus,099,539301,138258,137994,21621,159615,1782
2022-10-17,Sutter,101,95872,24396,24357,2470,26827,233
2022-10-17,Tehama,103,63373,13660,13624,3086,16710,209
2022-10-17,Trinity,105,12862,1397,1396,393,1789,20
2022-10-17,Tulare,107,460477,122062,121902,36526,158428,1538
2022-10-17,Tuolumne,109,53932,15630,15586,935,16521,196
2022-10-17,Ventura,111,848112,209539,209051,15857,224908,1571
2022-10-17,Yolo,113,214977,47641,47498,4455,51953,343
2022-10-17,Yuba,115,75493,18970,18934,1727,20661,129
2022-10-16,Alameda,001,1643700,349571,348487,19828,368315,2027
2022-10-16,Alpine,003,1148,136,135,1,136,0
2022-10-16,Amador,005,37829,10023,10013,930,10943,93
2022-10-16,Butte,007,227075,39638,39567,9078,48645,456
2022-10-16,Calaveras,009,45235,8544,8523,559,9082,133
2022-10-16,Colusa,011,21464,3806,3805,1285,5090,22
2022-10-16,Contra Costa,013,1133247,251795,250897,20736,271633,1440
2022-10-16,Del Norte,015,27424,7447,7440,404,7844,56
2022-10-16,El Dorado,017,186661,32454,32373,4302,36675,231
2022-10-16,Fresno,019,978130,275562,275035,31267,306302,2873
2022-10-16,Glenn,021,27897,5544,5532,1875,7407,48
2022-10-16,Humboldt,023,135768,21987,21914,5064,26978,159
2022-10-16,Imperial,025,180216,65803,65691,15916,81607,958
2022-10-16,Inyo,027,18085,4498,4492,997,5489,60
2022-10-16,Kern,029,883053,219705,219487,64212,283699,2420
2022-10-16,Kings,031,150075,59652,59560,4090,63650,459
2022-10-16,Lake,033,64148,12845,12815,1209,14024,146
2022-10-16,Lassen,035,31185,9976,9970,992,10962,65
2022-10-16,Los Angeles,037,10098052,3293786,3285385,182829,3468214,33525
2022-10-16,Madera,039,155013,44121,44078,8276,52354,375
2022-10-16,Marin,041,260295,45531,45378,5347,50725,315
2022-10-16,Mariposa,043,17540,3096,3091,362,3453,31
2022-10-16,Mendocino,045,87422,16064,16023,4515,20538,136
2022-10-16,Merced,047,269075,72521,72326,11807,84133,868
2022-10-16,Modoc,049,8938,883,882,325,1207,11
2022-10-16,Mono,051,14174,3211,3206,257,3463,7
2022-10-16,Monterey,053,433212,94313,94183,21109,115292,768
2022-10-16,Napa,055,140530,32400,32326,1431,33757,161
2022-10-16,Nevada,057,99092,19065,19023,1867,20890,132
2022-10-16,Orange,059,3164182,670045,668814,62303,731117,7473
2022-10-16,Placer,061,380077,76043,75902,9573,85475,660
2022-10-16,Plumas,063,18699,3696,3682,432,4114,13
2022-10-16,Riverside,065,2383286,697577,696402,35392,731794,6561
2022-10-16,Sacramento,067,1510023,348195,347495,33927,381422,3324
2022-10-16,San Benito,069,59416,16249,16223,979,17202,107
2022-10-16,San Bernardino,071,2135413,673224,672221,31047,703268,8148
2022-10-16,San Diego,073,3302833,928230,926574,72356,998930,5507
2022-10-16,San Francisco,075,870044,179976,179482,12113,191595,1048
2022-10-16,San Joaquin,077,732212,198088,197672,14744,212416,2322
2022-10-16,San Luis Obispo,079,281455,63420,63321,7241,70562,524
2022-10-16,San Mateo,081,765935,169524,168944,10668,179612,732
2022-10-16,Santa Barbara,083,443738,106168,105931,6945,112876,726
2022-10-16,Santa Clara,085,1922200,434716,433458,18951,452409,2513
2022-10-16,Santa Cruz,087,273765,63640,63316,3457,66773,273
2022-10-16,Shasta,089,179085,35061,34971,7490,42461,595
2022-10-16,Sierra,091,2930,306,305,60,365,5
2022-10-16,Siskiyou,093,43540,5297,5287,3320,8607,92
2022-10-16,Solano,095,438530,105524,105287,7813,113100,465
2022-10-16,Sonoma,097,501317,107445,107199,5345,112544,520
2022-10-16,Stanislaus,099,539301,138232,137994,21619,159613,1782
2022-10-16,Sutter,101,95872,24390,24357,2470,26827,233
2022-10-16,Tehama,103,63373,13655,13624,3086,16710,209
2022-10-16,Trinity,105,12862,1397,1396,393,1789,20
2022-10-16,Tulare,107,460477,122037,121902,36523,158425,1538
2022-10-16,Tuolumne,109,53932,15629,15586,935,16521,196
2022-10-16,Ventura,111,848112,209472,209051,15857,224908,1571
2022-10-16,Yolo,113,214977,47626,47498,4455,51953,343
2022-10-16,Yuba,115,75493,18965,18934,1727,20661,129
2022-10-15,Alameda,001,1643700,349477,348487,19828,368315,2027
2022-10-15,Alpine,003,1148,136,135,1,136,0
2022-10-15,Amador,005,37829,10021,10013,930,10943,93
2022-10-15,Butte,007,227075,39635,39567,9078,48645,456
2022-10-15,Calaveras,009,45235,8541,8523,559,9082,133
2022-10-15,Colusa,011,21464,3806,3805,1285,5090,22
2022-10-15,Contra Costa,013,1133247,251728,250897,20736,271633,1440
2022-10-15,Del Norte,015,27424,7447,7440,404,7844,56
2022-10-15,El Dorado,017,186661,32445,32373,4302,36675,231
2022-10-15,Fresno,019,978130,275538,275035,31267,306302,2873
2022-10-15,Glenn,021,27897,5543,5532,1875,7407,48
2022-10-15,Humboldt,023,135768,21980,21914,5064,26978,159
2022-10-15,Imperial,025,180216,65797,65691,15916,81607,958
2022-10-15,Inyo,027,18085,4498,4492,997,5489,60
2022-10-15,Kern,029,883053,219683,219487,64207,283694,2420
2022-10-15,Kings,031,150075,59636,59560,4090,63650,459
2022-10-15,Lake,033,64148,12844,12815,1209,14024,146
2022-10-15,Lassen,035,31185,9975,9970,992,10962,65
2022-10-15,Los Angeles,037,10098052,3293409,3285385,182827,3468212,33525
2022-10-15,Madera,039,155013,44118,44078,8276,52354,375
2022-10-15,Marin,041,260295,45518,45378,5347,50725,315
2022-10-15,Mariposa,043,17540,3096,3091,362,3453,31
2022-10-15,Mendocino,045,87422,16058,16023,4515,20538,136
2022-10-15,Merced,047,269075,72510,72326,11807,84133,868
2022-10-15,Modoc,049,8938,883,882,325,1207,11
2022-10-15,Mono,051,14174,3209,3206,257,3463,7
2022-10-15,Monterey,053,433212,94300,94183,21109,115292,768
2022-10-15,Napa,055,140530,32397,32326,1431,33757,161
2022-10-15,Nevada,057,99092,19063,19023,1867,20890,132
2022-10-15,Orange,059,3164182,669943,668814,62303,731117,7473
2022-10-15,Placer,061,380077,76038,75902,9573,85475,660
2022-10-15,Plumas,063,18699,3695,3682,432,4114,13
2022-10-15,Riverside,065,2383286,697498,696402,35392,731794,6561
2022-10-15,Sacramento,067,1510023,348118,347495,33927,381422,3324
2022-10-15,San Benito,069,59416,16247,16223,979,17202,107
2022-10-15,San Bernardino,071,2135413,673161,672221,31047,703268,8148
2022-10-15,San Diego,073,3302833,928118,926574,72348,998922,5507
2022-10-15,San Francisco,075,870044,179928,179482,12113,191595,1048
2022-10-15,San Joaquin,077,732212,198052,197672,14743,212415,2322
2022-10-15,San Luis Obispo,079,281455,63412,63321,7241,70562,524
2022-10-15,San Mateo,081,765935,169475,168944,10668,179612,732
2022-10-15,Santa Barbara,083,443738,106145,105931,6945,112876,726
2022-10-15,Santa Clara,085,1922200,434618,433458,18951,452409,2513
2022-10-15,Santa Cruz,087,273765,63617,63316,3457,66773,273
2022-10-15,Shasta,089,179085,35054,34971,7490,42461,595
2022-10-15,Sierra,091,2930,306,305,60,365,5
2022-10-15,Siskiyou,093,43540,5296,5287,3320,8607,92
2022-10-15,Solano,095,438530,105507,105287,7813,113100,465
2022-10-15,Sonoma,097,501317,107424,107199,5345,112544,520
2022-10-15,Stanislaus,099,539301,138215,137994,21619,159613,1782
2022-10-15,Sutter,101,95872,24388,24357,2470,26827,233
2022-10-15,Tehama,103,63373,13654,13624,3086,16710,209
2022-10-15,Trinity,105,12862,1397,1396,393,1789,20
2022-10-15,Tulare,107,460477,122026,121902,36523,158425,1538
2022-10-15,Tuolumne,109,53932,15623,15586,935,16521,196
2022-10-15,Ventura,111,848112,209443,209051,15857,224908,1571
2022-10-15,Yolo,113,214977,47618,47498,4454,51952,343
2022-10-15,Yuba,115,75493,18964,18934,1727,20661,129
2022-10-14,Alameda,001,1643700,349404,348487,19828,368315,2027
2022-10-14,Alpine,003,1148,136,135,1,136,0
2022-10-14,Amador,005,37829,10021,10013,930,10943,93
2022-10-14,Butte,007,227075,39627,39567,9078,48645,456
2022-10-14,Calaveras,009,45235,8538,8523,559,9082,133
2022-10-14,Colusa,011,21464,3806,3805,1285,5090,22
2022-10-14,Contra Costa,013,1133247,251671,250897,20736,271633,1440
2022-10-14,Del Norte,015,27424,7447,7440,404,7844,56
2022-10-14,El Dorado,017,186661,32439,32373,4302,36675,231
2022-10-14,Fresno,019,978130,275507,275035,31267,306302,2873
2022-10-14,Glenn,021,27897,5543,5532,1875,7407,48
2022-10-14,Humboldt,023,135768,21978,21914,5064,26978,159
2022-10-14,Imperial,025,180216,65787,65691,15916,81607,958
2022-10-14,Inyo,027,18085,4498,4492,997,5489,60
2022-10-14,Kern,029,883053,219668,219487,64200,283687,2420
2022-10-14,Kings,031,150075,59630,59560,4090,63650,459
2022-10-14,Lake,033,64148,12843,12815,1209,14024,146
2022-10-14,Lassen,035,31185,9975,9970,992,10962,65
2022-10-14,Los Angeles,037,10098052,3292992,3285385,182825,3468210,33525
2022-10-14,Madera,039,155013,44113,44078,8276,52354,375
2022-10-14,Marin,041,260295,45508,45378,5345,50723,315
2022-10-14,Mariposa,043,17540,3096,3091,362,3453,31
2022-10-14,Mendocino,045,87422,16052,16023,4515,20538,136
2022-10-14,Merced,047,269075,72498,72326,11806,84132,868
2022-10-14,Modoc,049,8938,883,882,325,1207,11
2022-10-14,Mono,051,14174,3209,3206,257,3463,7
2022-10-14,Monterey,053,433212,94282,94183,21108,115291,768
2022-10-14,Napa,055,140530,32390,32326,1431,33757,161
2022-10-14,Nevada,057,99092,19056,19023,1867,20890,132
2022-10-14,Orange,059,3164182,669844,668814,62303,731117,7473
2022-10-14,Placer,061,380077,76023,75902,9570,85472,660
2022-10-14,Plumas,063,18699,3694,3682,432,4114,13
2022-10-14,Riverside,065,2383286,697410,696402,35392,731794,6561
2022-10-14,Sacramento,067,1510023,348046,347495,33927,381422,3324
2022-10-14,San Benito,069,59416,16243,16223,979,17202,107
2022-10-14,San Bernardino,071,2135413,673090,672221,31047,703268,8148
2022-10-14,San Diego,073,3302833,927919,926574,72325,998899,5507
2022-10-14,San Francisco,075,870044,179882,179482,12113,191595,1048
2022-10-14,San Joaquin,077,732212,198022,197672,14743,212415,2322
2022-10-14,San Luis Obispo,079,281455,63402,63321,7241,70562,524
2022-10-14,San Mateo,081,765935,169430,168944,10668,179612,732
2022-10-14,Santa Barbara,083,443738,106130,105931,6945,112876,726
2022-10-14,Santa Clara,085,1922200,434479,433458,18951,452409,2513
2022-10-14,Santa Cruz,087,273765,63587,63316,3457,66773,273
2022-10-14,Shasta,089,179085,35049,34971,7490,42461,595
2022-10-14,Sierra,091,2930,306,305,60,365,5
2022-10-14,Siskiyou,093,43540,5295,5287,3320,8607,92
2022-10-14,Solano,095,438530,105476,105287,7813,113100,465
2022-10-14,Sonoma,097,501317,107405,107199,5345,112544,520
2022-10-14,Stanislaus,099,539301,138192,137994,21618,159612,1782
2022-10-14,Sutter,101,95872,24381,24357,2470,26827,233
2022-10-14,Tehama,103,63373,13650,13624,3086,16710,209
2022-10-14,Trinity,105,12862,1397,1396,393,1789,20
2022-10-14,Tulare,107,460477,122012,121902,36523,158425,1538
2022-10-14,Tuolumne,109,53932,15620,15586,935,16521,196
2022-10-14,Ventura,111,848112,209398,209051,15857,224908,1571
2022-10-14,Yolo,113,214977,47608,47498,4454,51952,343
2022-10-14,Yuba,115,75493,18958,18934,1727,20661,129
2022-10-13,Alameda,001,1643700,349270,348487,19828,368315,2027
2022-10-13,Alpine,003,1148,136,135,1,136,0
2022-10-13,Amador,005,37829,10019,10013,930,10943,93
2022-10-13,Butte,007,227075,39618,39567,9078,48645,456
2022-10-13,Calaveras,009,45235,8536,8523,559,9082,133
2022-10-13,Colusa,011,21464,3806,3805,1285,5090,22
2022-10-13,Contra Costa,013,1133247,251585,250897,20736,271633,1440
2022-10-13,Del Norte,015,27424,7445,7440,404,7844,56
2022-10-13,El Dorado,017,186661,32433,32373,4302,36675,231
2022-10-13,Fresno,019,978130,275466,275035,31267,306302,2873
2022-10-13,Glenn,021,27897,5543,5532,1875,7407,48
2022-10-13,Humboldt,023,135768,21967,21914,5064,26978,159
2022-10-13,Imperial,025,180216,65773,65691,15916,81607,958
2022-10-13,Inyo,027,18085,4497,4492,997,5489,60
2022-10-13,Kern,029,883053,219636,219487,64181,283668,2420
2022-10-13,Kings,031,150075,59621,59560,4090,63650,459
2022-10-13,Lake,033,64148,12842,12815,1209,14024,146
2022-10-13,Lassen,035,31185,9974,9970,992,10962,65
2022-10-13,Los Angeles,037,10098052,3292290,3285385,182755,3468140,33525
2022-10-13,Madera,039,155013,44107,44078,8276,52354,375
2022-10-13,Marin,041,260295,45481,45378,5343,50721,315
2022-10-13,Mariposa,043,17540,3095,3091,362,3453,31
2022-10-13,Mendocino,045,87422,16046,16023,4515,20538,136
2022-10-13,Merced,047,269075,72483,72326,11805,84131,868
2022-10-13,Modoc,049,8938,883,882,325,1207,11
2022-10-13,Mono,051,14174,3209,3206,257,3463,7
2022-10-13,Monterey,053,433212,94271,94183,21106,115289,768
2022-10-13,Napa,055,140530,32376,32326,1429,33755,161
2022-10-13,Nevada,057,99092,19046,19023,1867,20890,132
2022-10-13,Orange,059,3164182,669694,668814,62300,731114,7473
2022-10-13,Placer,061,380077,76012,75902,9569,85471,660
2022-10-13,Plumas,063,18699,3692,3682,432,4114,13
2022-10-13,Riverside,065,2383286,697292,696402,35392,731794,6561
2022-10-13,Sacramento,067,1510023,347923,347495,33927,381422,3324
2022-10-13,San Benito,069,59416,16242,16223,979,17202,107
2022-10-13,San Bernardino,071,2135413,672999,672221,31047,703268,8148
2022-10-13,San Diego,073,3302833,927723,926574,72301,998875,5507
2022-10-13,San Francisco,075,870044,179801,179482,12113,191595,1048
2022-10-13,San Joaquin,077,732212,197978,197672,14743,212415,2322
2022-10-13,San Luis Obispo,079,281455,63396,63321,7240,70561,524
2022-10-13,San Mateo,081,765935,169343,168944,10668,179612,732
2022-10-13,Santa Barbara,083,443738,106110,105931,6944,112875,726
2022-10-13,Santa Clara,085,1922200,434345,433458,18951,452409,2513
2022-10-13,Santa Cruz,087,273765,63562,63316,3457,66773,273
2022-10-13,Shasta,089,179085,35039,34971,7490,42461,595
2022-10-13,Sierra,091,2930,306,305,60,365,5
2022-10-13,Siskiyou,093,43540,5292,5287,3320,8607,92
2022-10-13,Solano,095,438530,105439,105287,7812,113099,465
2022-10-13,Sonoma,097,501317,107371,107199,5345,112544,520
2022-10-13,Stanislaus,099,539301,138161,137994,21618,159612,1782
2022-10-13,Sutter,101,95872,24376,24357,2470,26827,233
2022-10-13,Tehama,103,63373,13647,13624,3086,16710,209
2022-10-13,Trinity,105,12862,1397,1396,393,1789,20
2022-10-13,Tulare,107,460477,121999,121902,36521,158423,1538
2022-10-13,Tuolumne,109,53932,15613,15586,935,16521,196
2022-10-13,Ventura,111,848112,209352,209051,15857,224908,1571
2022-10-13,Yolo,113,214977,47589,47498,4454,51952,343
2022-10-13,Yuba,115,75493,18952,18934,1727,20661,129
2022-10-12,Alameda,001,1643700,349151,348487,19828,368315,2027
2022-10-12,Alpine,003,1148,135,135,1,136,0
2022-10-12,Amador,005,37829,10017,10013,930,10943,93
2022-10-12,Butte,007,227075,39609,39567,9078,48645,456
2022-10-12,Calaveras,009,45235,8530,8523,559,9082,133
2022-10-12,Colusa,011,21464,3806,3805,1285,5090,22
2022-10-12,Contra Costa,013,1133247,251496,250897,20736,271633,1440
2022-10-12,Del Norte,015,27424,7445,7440,404,7844,56
2022-10-12,El Dorado,017,186661,32426,32373,4302,36675,231
2022-10-12,Fresno,019,978130,275423,275035,31267,306302,2873
2022-10-12,Glenn,021,27897,5542,5532,1875,7407,48
2022-10-12,Humboldt,023,135768,21962,21914,5063,26977,159
2022-10-12,Imperial,025,180216,65752,65691,15916,81607,958
2022-10-12,Inyo,027,18085,4496,4492,997,5489,60
2022-10-12,Kern,029,883053,219600,219487,64159,283646,2420
2022-10-12,Kings,031,150075,59616,59560,4090,63650,459
2022-10-12,Lake,033,64148,12833,12815,1209,14024,146
2022-10-12,Lassen,035,31185,9971,9970,992,10962,65
2022-10-12,Los Angeles,037,10098052,3291568,3285385,182651,3468036,33525
2022-10-12,Madera,039,155013,44097,44078,8276,52354,375
2022-10-12,Marin,041,260295,45462,45378,5341,50719,315
2022-10-12,Mariposa,043,17540,3094,3091,362,3453,31
2022-10-12,Mendocino,045,87422,16044,16023,4515,20538,136
2022-10-12,Merced,047,269075,72459,72326,11803,84129,868
2022-10-12,Modoc,049,8938,883,882,325,1207,11
2022-10-12,Mono,051,14174,3208,3206,257,3463,7
2022-10-12,Monterey,053,433212,94255,94183,21105,115288,768
2022-10-12,Napa,055,140530,32366,32326,1429,33755,161
2022-10-12,Nevada,057,99092,19040,19023,1867,20890,132
2022-10-12,Orange,059,3164182,669530,668814,62299,731113,7473
2022-10-12,Placer,061,380077,76000,75902,9568,85470,660
2022-10-12,Plumas,063,18699,3690,3682,432,4114,13
2022-10-12,Riverside,065,2383286,697172,696402,35392,731794,6561
2022-10-12,Sacramento,067,1510023,347829,347495,33927,381422,3324
2022-10-12,San Benito,069,59416,16237,16223,978,17201,107
2022-10-12,San Bernardino,071,2135413,672875,672221,31046,703267,8148
2022-10-12,San Diego,073,3302833,927484,926574,72264,998838,5507
2022-10-12,San Francisco,075,870044,179731,179482,12113,191595,1048
2022-10-12,San Joaquin,077,732212,197921,197672,14739,212411,2322
2022-10-12,San Luis Obispo,079,281455,63384,63321,7240,70561,524
2022-10-12,San Mateo,081,765935,169264,168944,10668,179612,732
2022-10-12,Santa Barbara,083,443738,106096,105931,6944,112875,726
2022-10-12,Santa Clara,085,1922200,434167,433458,18951,452409,2513
2022-10-12,Santa Cruz,087,273765,63524,63316,3457,66773,273
2022-10-12,Shasta,089,179085,35026,34971,7490,42461,595
2022-10-12,Sierra,091,2930,306,305,60,365,5
2022-10-12,Siskiyou,093,43540,5292,5287,3320,8607,92
2022-10-12,Solano,095,438530,105397,105287,7812,113099,465
2022-10-12,Sonoma,097,501317,107341,107199,5345,112544,520
2022-10-12,Stanislaus,099,539301,138116,137994,21616,159610,1782
2022-10-12,Sutter,101,95872,24369,24357,2470,26827,233
2022-10-12,Tehama,103,63373,13645,13624,3086,16710,209
2022-10-12,Trinity,105,12862,1397,1396,393,1789,20
2022-10-12,Tulare,107,460477,121975,121902,36520,158422,1538
2022-10-12,Tuolumne,109,53932,15609,15586,935,16521,196
2022-10-12,Ventura,111,848112,209303,209051,15857,224908,1571
2022-10-12,Yolo,113,214977,47570,47498,4454,51952,343
2022-10-12,Yuba,115,75493,18946,18934,1727,20661,129
2022-10-11,Alameda,001,1643700,348995,348487,19828,368315,2027
2022-10-11,Alpine,003,1148,135,135,1,136,0
2022-10-11,Amador,005,37829,10015,10013,930,10943,93
2022-10-11,Butte,007,227075,39594,39567,9077,48644,456
2022-10-11,Calaveras,009,45235,8526,8523,559,9082,133
2022-10-11,Colusa,011,21464,3805,3805,1285,5090,22
2022-10-11,Contra Costa,013,1133247,251388,250897,20736,271633,1440
2022-10-11,Del Norte,015,27424,7441,7440,404,7844,56
2022-10-11,El Dorado,017,186661,32411,32373,4302,36675,231
2022-10-11,Fresno,019,978130,275370,275035,31266,306301,2873
2022-10-11,Glenn,021,27897,5541,5532,1875,7407,48
2022-10-11,Humboldt,023,135768,21956,21914,5061,26975,159
2022-10-11,Imperial,025,180216,65739,65691,15916,81607,958
2022-10-11,Inyo,027,18085,4495,4492,997,5489,60
2022-10-11,Kern,029,883053,219578,219487,64140,283627,2420
2022-10-11,Kings,031,150075,59602,59560,4088,63648,459
2022-10-11,Lake,033,64148,12829,12815,1209,14024,146
2022-10-11,Lassen,035,31185,9970,9970,992,10962,65
2022-10-11,Los Angeles,037,10098052,3290792,3285385,182541,3467926,33525
2022-10-11,Madera,039,155013,44090,44078,8276,52354,375
2022-10-11,Marin,041,260295,45445,45378,5340,50718,315
2022-10-11,Mariposa,043,17540,3093,3091,362,3453,31
2022-10-11,Mendocino,045,87422,16039,16023,4515,20538,136
2022-10-11,Merced,047,269075,72436,72326,11802,84128,868
2022-10-11,Modoc,049,8938,882,882,325,1207,11
2022-10-11,Mono,051,14174,3208,3206,257,3463,7
2022-10-11,Monterey,053,433212,94245,94183,21103,115286,768
2022-10-11,Napa,055,140530,32362,32326,1429,33755,161
2022-10-11,Nevada,057,99092,19030,19023,1867,20890,132
2022-10-11,Orange,059,3164182,669362,668814,62298,731112,7473
2022-10-11,Placer,061,380077,75982,75902,9567,85469,660
2022-10-11,Plumas,063,18699,3690,3682,432,4114,13
2022-10-11,Riverside,065,2383286,697048,696402,35391,731793,6561
2022-10-11,Sacramento,067,1510023,347686,347495,33927,381422,3324
2022-10-11,San Benito,069,59416,16231,16223,978,17201,107
2022-10-11,San Bernardino,071,2135413,672739,672221,31044,703265,8148
2022-10-11,San Diego,073,3302833,927206,926574,72233,998807,5507
2022-10-11,San Francisco,075,870044,179646,179482,12113,191595,1048
2022-10-11,San Joaquin,077,732212,197880,197672,14738,212410,2322
2022-10-11,San Luis Obispo,079,281455,63364,63321,7231,70552,524
2022-10-11,San Mateo,081,765935,169190,168944,10668,179612,732
2022-10-11,Santa Barbara,083,443738,106068,105931,6944,112875,726
2022-10-11,Santa Clara,085,1922200,433999,433458,18951,452409,2513
2022-10-11,Santa Cruz,087,273765,63482,63316,3457,66773,273
2022-10-11,Shasta,089,179085,35016,34971,7490,42461,595
2022-10-11,Sierra,091,2930,306,305,60,365,5
2022-10-11,Siskiyou,093,43540,5291,5287,3320,8607,92
2022-10-11,Solano,095,438530,105361,105287,7812,113099,465
2022-10-11,Sonoma,097,501317,107296,107199,5345,112544,520
2022-10-11,Stanislaus,099,539301,138084,137994,21614,159608,1782
2022-10-11,Sutter,101,95872,24365,24357,2470,26827,233
2022-10-11,Tehama,103,63373,13644,13624,3086,16710,209
2022-10-11,Trinity,105,12862,1397,1396,393,1789,20
2022-10-11,Tulare,107,460477,121951,121902,36519,158421,1538
2022-10-11,Tuolumne,109,53932,15602,15586,935,16521,196
2022-10-11,Ventura,111,848112,209253,209051,15857,224908,1571
2022-10-11,Yolo,113,214977,47564,47498,4454,51952,343
2022-10-11,Yuba,115,75493,18936,18934,1726,20660,129
2022-10-10,Alameda,001,1643700,348854,347497,19828,367325,2023
2022-10-10,Alpine,003,1148,135,135,1,136,0
2022-10-10,Amador,005,37829,10012,9999,930,10929,93
2022-10-10,Butte,007,227075,39583,39453,9076,48529,454
2022-10-10,Calaveras,009,45235,8526,8511,559,9070,133
2022-10-10,Colusa,011,21464,3804,3794,1285,5079,22
2022-10-10,Contra Costa,013,1133247,251272,250136,20735,270871,1430
2022-10-10,Del Norte,015,27424,7438,7433,404,7837,56
2022-10-10,El Dorado,017,186661,32398,32320,4300,36620,231
2022-10-10,Fresno,019,978130,275312,274628,31266,305894,2865
2022-10-10,Glenn,021,27897,5540,5510,1875,7385,48
2022-10-10,Humboldt,023,135768,21937,21831,5059,26890,159
2022-10-10,Imperial,025,180216,65721,65532,15915,81447,958
2022-10-10,Inyo,027,18085,4494,4489,997,5486,59
2022-10-10,Kern,029,883053,219535,219191,64113,283304,2418
2022-10-10,Kings,031,150075,59593,59489,4088,63577,458
2022-10-10,Lake,033,64148,12824,12795,1209,14004,147
2022-10-10,Lassen,035,31185,9970,9967,992,10959,65
2022-10-10,Los Angeles,037,10098052,3289963,3278961,182384,3461345,33467
2022-10-10,Madera,039,155013,44080,44029,8276,52305,374
2022-10-10,Marin,041,260295,45427,45190,5336,50526,313
2022-10-10,Mariposa,043,17540,3092,3088,362,3450,31
2022-10-10,Mendocino,045,87422,16029,15992,4515,20507,136
2022-10-10,Merced,047,269075,72419,72236,11801,84037,865
2022-10-10,Modoc,049,8938,882,876,325,1201,11
2022-10-10,Mono,051,14174,3206,3205,257,3462,7
2022-10-10,Monterey,053,433212,94230,94111,21103,115214,766
2022-10-10,Napa,055,140530,32351,32258,1429,33687,160
2022-10-10,Nevada,057,99092,19027,18989,1867,20856,132
2022-10-10,Orange,059,3164182,669179,667297,62297,729594,7452
2022-10-10,Placer,061,380077,75959,75768,9564,85332,660
2022-10-10,Plumas,063,18699,3689,3669,432,4101,13
2022-10-10,Riverside,065,2383286,696896,695315,35390,730705,6567
2022-10-10,Sacramento,067,1510023,347570,346748,33901,380649,3310
2022-10-10,San Benito,069,59416,16227,16188,978,17166,106
2022-10-10,San Bernardino,071,2135413,672585,670906,31043,701949,8116
2022-10-10,San Diego,073,3302833,926948,924672,72192,996864,5498
2022-10-10,San Francisco,075,870044,179564,178943,12113,191056,1045
2022-10-10,San Joaquin,077,732212,197824,197390,14737,212127,2319
2022-10-10,San Luis Obispo,079,281455,63343,63219,7230,70449,524
2022-10-10,San Mateo,081,765935,169105,168413,10668,179081,737
2022-10-10,Santa Barbara,083,443738,106028,105695,6944,112639,725
2022-10-10,Santa Clara,085,1922200,433799,432327,18951,451278,2506
2022-10-10,Santa Cruz,087,273765,63448,63099,3457,66556,273
2022-10-10,Shasta,089,179085,35001,34904,7490,42394,593
2022-10-10,Sierra,091,2930,306,305,60,365,5
2022-10-10,Siskiyou,093,43540,5288,5272,3320,8592,92
2022-10-10,Solano,095,438530,105316,105042,7811,112853,465
2022-10-10,Sonoma,097,501317,107260,106940,5345,112285,520
2022-10-10,Stanislaus,099,539301,138043,137838,21612,159450,1781
2022-10-10,Sutter,101,95872,24356,24326,2470,26796,232
2022-10-10,Tehama,103,63373,13640,13603,3086,16689,210
2022-10-10,Trinity,105,12862,1397,1394,393,1787,20
2022-10-10,Tulare,107,460477,121933,121787,36512,158299,1531
2022-10-10,Tuolumne,109,53932,15596,15558,935,16493,196
2022-10-10,Ventura,111,848112,209184,208632,15857,224489,1567
2022-10-10,Yolo,113,214977,47541,47422,4454,51876,341
2022-10-10,Yuba,115,75493,18930,18914,1726,20640,129
2022-10-09,Alameda,001,1643700,348702,347497,19828,367325,2023
2022-10-09,Alpine,003,1148,135,135,1,136,0
2022-10-09,Amador,005,37829,10010,9999,930,10929,93
2022-10-09,Butte,007,227075,39575,39453,9076,48529,454
2022-10-09,Calaveras,009,45235,8523,8511,559,9070,133
2022-10-09,Colusa,011,21464,3804,3794,1285,5079,22
2022-10-09,Contra Costa,013,1133247,251165,250136,20734,270870,1430
2022-10-09,Del Norte,015,27424,7437,7433,404,7837,56
2022-10-09,El Dorado,017,186661,32391,32320,4300,36620,231
2022-10-09,Fresno,019,978130,275224,274628,31266,305894,2865
2022-10-09,Glenn,021,27897,5537,5510,1875,7385,48
2022-10-09,Humboldt,023,135768,21924,21831,5058,26889,159
2022-10-09,Imperial,025,180216,65693,65532,15914,81446,958
2022-10-09,Inyo,027,18085,4494,4489,997,5486,59
2022-10-09,Kern,029,883053,219504,219191,64058,283249,2418
2022-10-09,Kings,031,150075,59576,59489,4088,63577,458
2022-10-09,Lake,033,64148,12817,12795,1209,14004,147
2022-10-09,Lassen,035,31185,9970,9967,992,10959,65
2022-10-09,Los Angeles,037,10098052,3289040,3278961,182250,3461211,33467
2022-10-09,Madera,039,155013,44070,44029,8276,52305,374
2022-10-09,Marin,041,260295,45394,45190,5332,50522,313
2022-10-09,Mariposa,043,17540,3090,3088,362,3450,31
2022-10-09,Mendocino,045,87422,16023,15992,4515,20507,136
2022-10-09,Merced,047,269075,72401,72236,11801,84037,865
2022-10-09,Modoc,049,8938,882,876,325,1201,11
2022-10-09,Mono,051,14174,3206,3205,257,3462,7
2022-10-09,Monterey,053,433212,94214,94111,21102,115213,766
2022-10-09,Napa,055,140530,32338,32258,1428,33686,160
2022-10-09,Nevada,057,99092,19022,18989,1867,20856,132
2022-10-09,Orange,059,3164182,668964,667297,62292,729589,7452
2022-10-09,Placer,061,380077,75946,75768,9562,85330,660
2022-10-09,Plumas,063,18699,3687,3669,432,4101,13
2022-10-09,Riverside,065,2383286,696717,695315,35390,730705,6567
2022-10-09,Sacramento,067,1510023,347421,346748,33901,380649,3310
2022-10-09,San Benito,069,59416,16225,16188,978,17166,106
2022-10-09,San Bernardino,071,2135413,672436,670906,31043,701949,8116
2022-10-09,San Diego,073,3302833,926676,924672,72165,996837,5498
2022-10-09,San Francisco,075,870044,179478,178943,12113,191056,1045
2022-10-09,San Joaquin,077,732212,197746,197390,14737,212127,2319
2022-10-09,San Luis Obispo,079,281455,63337,63219,7228,70447,524
2022-10-09,San Mateo,081,765935,169005,168413,10668,179081,737
2022-10-09,Santa Barbara,083,443738,105995,105695,6944,112639,725
2022-10-09,Santa Clara,085,1922200,433595,432327,18951,451278,2506
2022-10-09,Santa Cruz,087,273765,63383,63099,3457,66556,273
2022-10-09,Shasta,089,179085,34978,34904,7490,42394,593
2022-10-09,Sierra,091,2930,306,305,60,365,5
2022-10-09,Siskiyou,093,43540,5288,5272,3319,8591,92
2022-10-09,Solano,095,438530,105261,105042,7811,112853,465
2022-10-09,Sonoma,097,501317,107213,106940,5345,112285,520
2022-10-09,Stanislaus,099,539301,138020,137838,21605,159443,1781
2022-10-09,Sutter,101,95872,24345,24326,2470,26796,232
2022-10-09,Tehama,103,63373,13638,13603,3085,16688,210
2022-10-09,Trinity,105,12862,1397,1394,393,1787,20
2022-10-09,Tulare,107,460477,121909,121787,36510,158297,1531
2022-10-09,Tuolumne,109,53932,15589,15558,935,16493,196
2022-10-09,Ventura,111,848112,209140,208632,15857,224489,1567
2022-10-09,Yolo,113,214977,47518,47422,4453,51875,341
2022-10-09,Yuba,115,75493,18927,18914,1726,20640,129
2022-10-08,Alameda,001,1643700,348616,347497,19828,367325,2023
2022-10-08,Alpine,003,1148,135,135,1,136,0
2022-10-08,Amador,005,37829,10009,9999,930,10929,93
2022-10-08,Butte,007,227075,39570,39453,9075,48528,454
2022-10-08,Calaveras,009,45235,8521,8511,559,9070,133
2022-10-08,Colusa,011,21464,3803,3794,1285,5079,22
2022-10-08,Contra Costa,013,1133247,251092,250136,20734,270870,1430
2022-10-08,Del Norte,015,27424,7437,7433,404,7837,56
2022-10-08,El Dorado,017,186661,32382,32320,4300,36620,231
2022-10-08,Fresno,019,978130,275196,274628,31266,305894,2865
2022-10-08,Glenn,021,27897,5536,5510,1875,7385,48
2022-10-08,Humboldt,023,135768,21915,21831,5057,26888,159
2022-10-08,Imperial,025,180216,65669,65532,15914,81446,958
2022-10-08,Inyo,027,18085,4494,4489,995,5484,59
2022-10-08,Kern,029,883053,219471,219191,64039,283230,2418
2022-10-08,Kings,031,150075,59572,59489,4088,63577,458
2022-10-08,Lake,033,64148,12814,12795,1209,14004,147
2022-10-08,Lassen,035,31185,9970,9967,992,10959,65
2022-10-08,Los Angeles,037,10098052,3288511,3278961,182196,3461157,33467
2022-10-08,Madera,039,155013,44065,44029,8276,52305,374
2022-10-08,Marin,041,260295,45377,45190,5325,50515,313
2022-10-08,Mariposa,043,17540,3090,3088,362,3450,31
2022-10-08,Mendocino,045,87422,16023,15992,4515,20507,136
2022-10-08,Merced,047,269075,72391,72236,11800,84036,865
2022-10-08,Modoc,049,8938,880,876,325,1201,11
2022-10-08,Mono,051,14174,3206,3205,257,3462,7
2022-10-08,Monterey,053,433212,94204,94111,21102,115213,766
2022-10-08,Napa,055,140530,32331,32258,1428,33686,160
2022-10-08,Nevada,057,99092,19021,18989,1867,20856,132
2022-10-08,Orange,059,3164182,668853,667297,62289,729586,7452
2022-10-08,Placer,061,380077,75928,75768,9561,85329,660
2022-10-08,Plumas,063,18699,3686,3669,432,4101,13
2022-10-08,Riverside,065,2383286,696619,695315,35390,730705,6567
2022-10-08,Sacramento,067,1510023,347364,346748,33901,380649,3310
2022-10-08,San Benito,069,59416,16222,16188,978,17166,106
2022-10-08,San Bernardino,071,2135413,672360,670906,31041,701947,8116
2022-10-08,San Diego,073,3302833,926541,924672,72151,996823,5498
2022-10-08,San Francisco,075,870044,179432,178943,12113,191056,1045
2022-10-08,San Joaquin,077,732212,197713,197390,14734,212124,2319
2022-10-08,San Luis Obispo,079,281455,63331,63219,7227,70446,524
2022-10-08,San Mateo,081,765935,168955,168413,10668,179081,737
2022-10-08,Santa Barbara,083,443738,105971,105695,6943,112638,725
2022-10-08,Santa Clara,085,1922200,433481,432327,18951,451278,2506
2022-10-08,Santa Cruz,087,273765,63361,63099,3457,66556,273
2022-10-08,Shasta,089,179085,34972,34904,7490,42394,593
2022-10-08,Sierra,091,2930,306,305,60,365,5
2022-10-08,Siskiyou,093,43540,5288,5272,3319,8591,92
2022-10-08,Solano,095,438530,105241,105042,7811,112853,465
2022-10-08,Sonoma,097,501317,107186,106940,5345,112285,520
2022-10-08,Stanislaus,099,539301,138005,137838,21603,159441,1781
2022-10-08,Sutter,101,95872,24342,24326,2470,26796,232
2022-10-08,Tehama,103,63373,13637,13603,3085,16688,210
2022-10-08,Trinity,105,12862,1397,1394,393,1787,20
2022-10-08,Tulare,107,460477,121886,121787,36509,158296,1531
2022-10-08,Tuolumne,109,53932,15584,15558,935,16493,196
2022-10-08,Ventura,111,848112,209107,208632,15857,224489,1567
2022-10-08,Yolo,113,214977,47508,47422,4453,51875,341
2022-10-08,Yuba,115,75493,18924,18914,1726,20640,129
2022-10-07,Alameda,001,1643700,348498,347497,19828,367325,2023
2022-10-07,Alpine,003,1148,135,135,1,136,0
2022-10-07,Amador,005,37829,10007,9999,930,10929,93
2022-10-07,Butte,007,227075,39569,39453,9075,48528,454
2022-10-07,Calaveras,009,45235,8520,8511,559,9070,133
2022-10-07,Colusa,011,21464,3803,3794,1284,5078,22
2022-10-07,Contra Costa,013,1133247,251013,250136,20734,270870,1430
2022-10-07,Del Norte,015,27424,7437,7433,404,7837,56
2022-10-07,El Dorado,017,186661,32373,32320,4300,36620,231
2022-10-07,Fresno,019,978130,275166,274628,31266,305894,2865
2022-10-07,Glenn,021,27897,5535,5510,1874,7384,48
2022-10-07,Humboldt,023,135768,21911,21831,5053,26884,159
2022-10-07,Imperial,025,180216,65657,65532,15914,81446,958
2022-10-07,Inyo,027,18085,4493,4489,995,5484,59
2022-10-07,Kern,029,883053,219443,219191,64012,283203,2418
2022-10-07,Kings,031,150075,59564,59489,4088,63577,458
2022-10-07,Lake,033,64148,12810,12795,1209,14004,147
2022-10-07,Lassen,035,31185,9970,9967,992,10959,65
2022-10-07,Los Angeles,037,10098052,3287923,3278961,182108,3461069,33467
2022-10-07,Madera,039,155013,44062,44029,8276,52305,374
2022-10-07,Marin,041,260295,45358,45190,5325,50515,313
2022-10-07,Mariposa,043,17540,3087,3088,362,3450,31
2022-10-07,Mendocino,045,87422,16019,15992,4515,20507,136
2022-10-07,Merced,047,269075,72386,72236,11800,84036,865
2022-10-07,Modoc,049,8938,880,876,325,1201,11
2022-10-07,Mono,051,14174,3205,3205,257,3462,7
2022-10-07,Monterey,053,433212,94189,94111,21101,115212,766
2022-10-07,Napa,055,140530,32323,32258,1428,33686,160
2022-10-07,Nevada,057,99092,19020,18989,1867,20856,132
2022-10-07,Orange,059,3164182,668738,667297,62288,729585,7452
2022-10-07,Placer,061,380077,75910,75768,9559,85327,660
2022-10-07,Plumas,063,18699,3683,3669,432,4101,13
2022-10-07,Riverside,065,2383286,696532,695315,35390,730705,6567
2022-10-07,Sacramento,067,1510023,347279,346748,33901,380649,3310
2022-10-07,San Benito,069,59416,16220,16188,978,17166,106
2022-10-07,San Bernardino,071,2135413,672279,670906,31041,701947,8116
2022-10-07,San Diego,073,3302833,926375,924672,72132,996804,5498
2022-10-07,San Francisco,075,870044,179371,178943,12113,191056,1045
2022-10-07,San Joaquin,077,732212,197681,197390,14734,212124,2319
2022-10-07,San Luis Obispo,079,281455,63320,63219,7226,70445,524
2022-10-07,San Mateo,081,765935,168885,168413,10668,179081,737
2022-10-07,Santa Barbara,083,443738,105946,105695,6943,112638,725
2022-10-07,Santa Clara,085,1922200,433353,432327,18951,451278,2506
2022-10-07,Santa Cruz,087,273765,63330,63099,3457,66556,273
2022-10-07,Shasta,089,179085,34966,34904,7490,42394,593
2022-10-07,Sierra,091,2930,306,305,60,365,5
2022-10-07,Siskiyou,093,43540,5287,5272,3319,8591,92
2022-10-07,Solano,095,438530,105212,105042,7810,112852,465
2022-10-07,Sonoma,097,501317,107159,106940,5344,112284,520
2022-10-07,Stanislaus,099,539301,137988,137838,21602,159440,1781
2022-10-07,Sutter,101,95872,24335,24326,2470,26796,232
2022-10-07,Tehama,103,63373,13637,13603,3085,16688,210
2022-10-07,Trinity,105,12862,1396,1394,393,1787,20
2022-10-07,Tulare,107,460477,121870,121787,36508,158295,1531
2022-10-07,Tuolumne,109,53932,15580,15558,935,16493,196
2022-10-07,Ventura,111,848112,209067,208632,15857,224489,1567
2022-10-07,Yolo,113,214977,47501,47422,4453,51875,341
2022-10-07,Yuba,115,75493,18924,18914,1726,20640,129
2022-10-06,Alameda,001,1643700,348363,347497,19828,367325,2023
2022-10-06,Alpine,003,1148,135,135,1,136,0
2022-10-06,Amador,005,37829,10005,9999,930,10929,93
2022-10-06,Butte,007,227075,39560,39453,9074,48527,454
2022-10-06,Calaveras,009,45235,8518,8511,559,9070,133
2022-10-06,Colusa,011,21464,3803,3794,1284,5078,22
2022-10-06,Contra Costa,013,1133247,250924,250136,20734,270870,1430
2022-10-06,Del Norte,015,27424,7435,7433,404,7837,56
2022-10-06,El Dorado,017,186661,32363,32320,4299,36619,231
2022-10-06,Fresno,019,978130,275120,274628,31266,305894,2865
2022-10-06,Glenn,021,27897,5534,5510,1874,7384,48
2022-10-06,Humboldt,023,135768,21900,21831,5049,26880,159
2022-10-06,Imperial,025,180216,65634,65532,15907,81439,958
2022-10-06,Inyo,027,18085,4493,4489,995,5484,59
2022-10-06,Kern,029,883053,219414,219191,63994,283185,2418
2022-10-06,Kings,031,150075,59550,59489,4088,63577,458
2022-10-06,Lake,033,64148,12809,12795,1209,14004,147
2022-10-06,Lassen,035,31185,9970,9967,992,10959,65
2022-10-06,Los Angeles,037,10098052,3287103,3278961,181982,3460943,33467
2022-10-06,Madera,039,155013,44053,44029,8276,52305,374
2022-10-06,Marin,041,260295,45340,45190,5324,50514,313
2022-10-06,Mariposa,043,17540,3087,3088,362,3450,31
2022-10-06,Mendocino,045,87422,16017,15992,4515,20507,136
2022-10-06,Merced,047,269075,72374,72236,11800,84036,865
2022-10-06,Modoc,049,8938,879,876,325,1201,11
2022-10-06,Mono,051,14174,3205,3205,257,3462,7
2022-10-06,Monterey,053,433212,94180,94111,21100,115211,766
2022-10-06,Napa,055,140530,32316,32258,1428,33686,160
2022-10-06,Nevada,057,99092,19014,18989,1867,20856,132
2022-10-06,Orange,059,3164182,668553,667297,62283,729580,7452
2022-10-06,Placer,061,380077,75892,75768,9557,85325,660
2022-10-06,Plumas,063,18699,3681,3669,432,4101,13
2022-10-06,Riverside,065,2383286,696401,695315,35389,730704,6567
2022-10-06,Sacramento,067,1510023,347174,346748,33901,380649,3310
2022-10-06,San Benito,069,59416,16217,16188,978,17166,106
2022-10-06,San Bernardino,071,2135413,672144,670906,31039,701945,8116
2022-10-06,San Diego,073,3302833,926133,924672,72083,996755,5498
2022-10-06,San Francisco,075,870044,179295,178943,12113,191056,1045
2022-10-06,San Joaquin,077,732212,197630,197390,14729,212119,2319
2022-10-06,San Luis Obispo,079,281455,63302,63219,7225,70444,524
2022-10-06,San Mateo,081,765935,168822,168413,10668,179081,737
2022-10-06,Santa Barbara,083,443738,105919,105695,6943,112638,725
2022-10-06,Santa Clara,085,1922200,433192,432327,18951,451278,2506
2022-10-06,Santa Cruz,087,273765,63291,63099,3457,66556,273
2022-10-06,Shasta,089,179085,34955,34904,7490,42394,593
2022-10-06,Sierra,091,2930,306,305,60,365,5
2022-10-06,Siskiyou,093,43540,5285,5272,3319,8591,92
2022-10-06,Solano,095,438530,105182,105042,7810,112852,465
2022-10-06,Sonoma,097,501317,107135,106940,5343,112283,520
2022-10-06,Stanislaus,099,539301,137959,137838,21600,159438,1781
2022-10-06,Sutter,101,95872,24326,24326,2470,26796,232
2022-10-06,Tehama,103,63373,13632,13603,3085,16688,210
2022-10-06,Trinity,105,12862,1396,1394,393,1787,20
2022-10-06,Tulare,107,460477,121853,121787,36507,158294,1531
2022-10-06,Tuolumne,109,53932,15577,15558,935,16493,196
2022-10-06,Ventura,111,848112,209009,208632,15856,224488,1567
2022-10-06,Yolo,113,214977,47490,47422,4451,51873,341
2022-10-06,Yuba,115,75493,18923,18914,1726,20640,129
2022-10-05,Alameda,001,1643700,348206,347497,19827,367324,2023
2022-10-05,Alpine,003,1148,135,135,1,136,0
2022-10-05,Amador,005,37829,10003,9999,930,10929,93
2022-10-05,Butte,007,227075,39553,39453,9074,48527,454
2022-10-05,Calaveras,009,45235,8516,8511,559,9070,133
2022-10-05,Colusa,011,21464,3802,3794,1284,5078,22
2022-10-05,Contra Costa,013,1133247,250834,250136,20733,270869,1430
2022-10-05,Del Norte,015,27424,7432,7433,404,7837,56
2022-10-05,El Dorado,017,186661,32351,32320,4299,36619,231
2022-10-05,Fresno,019,978130,275051,274628,31266,305894,2865
2022-10-05,Glenn,021,27897,5534,5510,1873,7383,48
2022-10-05,Humboldt,023,135768,21886,21831,5048,26879,159
2022-10-05,Imperial,025,180216,65611,65532,15897,81429,958
2022-10-05,Inyo,027,18085,4493,4489,995,5484,59
2022-10-05,Kern,029,883053,219368,219191,63963,283154,2418
2022-10-05,Kings,031,150075,59541,59489,4087,63576,458
2022-10-05,Lake,033,64148,12807,12795,1209,14004,147
2022-10-05,Lassen,035,31185,9970,9967,992,10959,65
2022-10-05,Los Angeles,037,10098052,3286281,3278961,181843,3460804,33467
2022-10-05,Madera,039,155013,44045,44029,8276,52305,374
2022-10-05,Marin,041,260295,45316,45190,5318,50508,313
2022-10-05,Mariposa,043,17540,3086,3088,362,3450,31
2022-10-05,Mendocino,045,87422,16015,15992,4515,20507,136
2022-10-05,Merced,047,269075,72362,72236,11799,84035,865
2022-10-05,Modoc,049,8938,879,876,325,1201,11
2022-10-05,Mono,051,14174,3205,3205,257,3462,7
2022-10-05,Monterey,053,433212,94166,94111,21100,115211,766
2022-10-05,Napa,055,140530,32307,32258,1428,33686,160
2022-10-05,Nevada,057,99092,19006,18989,1867,20856,132
2022-10-05,Orange,059,3164182,668373,667297,62279,729576,7452
2022-10-05,Placer,061,380077,75874,75768,9555,85323,660
2022-10-05,Plumas,063,18699,3678,3669,432,4101,13
2022-10-05,Riverside,065,2383286,696255,695315,35387,730702,6567
2022-10-05,Sacramento,067,1510023,347086,346748,33901,380649,3310
2022-10-05,San Benito,069,59416,16214,16188,978,17166,106
2022-10-05,San Bernardino,071,2135413,671986,670906,31039,701945,8116
2022-10-05,San Diego,073,3302833,925911,924672,72058,996730,5498
2022-10-05,San Francisco,075,870044,179205,178943,12113,191056,1045
2022-10-05,San Joaquin,077,732212,197586,197390,14726,212116,2319
2022-10-05,San Luis Obispo,079,281455,63298,63219,7225,70444,524
2022-10-05,San Mateo,081,765935,168745,168413,10668,179081,737
2022-10-05,Santa Barbara,083,443738,105892,105695,6943,112638,725
2022-10-05,Santa Clara,085,1922200,433017,432327,18951,451278,2506
2022-10-05,Santa Cruz,087,273765,63259,63099,3457,66556,273
2022-10-05,Shasta,089,179085,34948,34904,7490,42394,593
2022-10-05,Sierra,091,2930,306,305,60,365,5
2022-10-05,Siskiyou,093,43540,5280,5272,3319,8591,92
2022-10-05,Solano,095,438530,105147,105042,7810,112852,465
2022-10-05,Sonoma,097,501317,107103,106940,5343,112283,520
2022-10-05,Stanislaus,099,539301,137930,137838,21597,159435,1781
2022-10-05,Sutter,101,95872,24323,24326,2470,26796,232
2022-10-05,Tehama,103,63373,13629,13603,3085,16688,210
2022-10-05,Trinity,105,12862,1396,1394,393,1787,20
2022-10-05,Tulare,107,460477,121836,121787,36502,158289,1531
2022-10-05,Tuolumne,109,53932,15571,15558,935,16493,196
2022-10-05,Ventura,111,848112,208952,208632,15856,224488,1567
2022-10-05,Yolo,113,214977,47475,47422,4450,51872,341
2022-10-05,Yuba,115,75493,18918,18914,1724,20638,129
2022-10-04,Alameda,001,1643700,348065,347497,19826,367323,2023
2022-10-04,Alpine,003,1148,135,135,1,136,0
2022-10-04,Amador,005,37829,10001,9999,930,10929,93
2022-10-04,Butte,007,227075,39540,39453,9073,48526,454
2022-10-04,Calaveras,009,45235,8515,8511,559,9070,133
2022-10-04,Colusa,011,21464,3802,3794,1284,5078,22
2022-10-04,Contra Costa,013,1133247,250756,250136,20733,270869,1430
2022-10-04,Del Norte,015,27424,7430,7433,404,7837,56
2022-10-04,El Dorado,017,186661,32347,32320,4299,36619,231
2022-10-04,Fresno,019,978130,274992,274628,31266,305894,2865
2022-10-04,Glenn,021,27897,5533,5510,1873,7383,48
2022-10-04,Humboldt,023,135768,21874,21831,5048,26879,159
2022-10-04,Imperial,025,180216,65578,65532,15883,81415,958
2022-10-04,Inyo,027,18085,4492,4489,994,5483,59
2022-10-04,Kern,029,883053,219312,219191,63928,283119,2418
2022-10-04,Kings,031,150075,59526,59489,4087,63576,458
2022-10-04,Lake,033,64148,12802,12795,1209,14004,147
2022-10-04,Lassen,035,31185,9969,9967,992,10959,65
2022-10-04,Los Angeles,037,10098052,3285415,3278961,181698,3460659,33467
2022-10-04,Madera,039,155013,44033,44029,8276,52305,374
2022-10-04,Marin,041,260295,45285,45190,5318,50508,313
2022-10-04,Mariposa,043,17540,3086,3088,362,3450,31
2022-10-04,Mendocino,045,87422,16013,15992,4515,20507,136
2022-10-04,Merced,047,269075,72343,72236,11799,84035,865
2022-10-04,Modoc,049,8938,879,876,325,1201,11
2022-10-04,Mono,051,14174,3205,3205,257,3462,7
2022-10-04,Monterey,053,433212,94154,94111,21100,115211,766
2022-10-04,Napa,055,140530,32303,32258,1428,33686,160
2022-10-04,Nevada,057,99092,19004,18989,1867,20856,132
2022-10-04,Orange,059,3164182,668165,667297,62265,729562,7452
2022-10-04,Placer,061,380077,75847,75768,9552,85320,660
2022-10-04,Plumas,063,18699,3672,3669,432,4101,13
2022-10-04,Riverside,065,2383286,696098,695315,35386,730701,6567
2022-10-04,Sacramento,067,1510023,346977,346748,33897,380645,3310
2022-10-04,San Benito,069,59416,16202,16188,977,17165,106
2022-10-04,San Bernardino,071,2135413,671835,670906,31037,701943,8116
2022-10-04,San Diego,073,3302833,925587,924672,72007,996679,5498
2022-10-04,San Francisco,075,870044,179129,178943,12113,191056,1045
2022-10-04,San Joaquin,077,732212,197545,197390,14724,212114,2319
2022-10-04,San Luis Obispo,079,281455,63283,63219,7221,70440,524
2022-10-04,San Mateo,081,765935,168661,168413,10668,179081,737
2022-10-04,Santa Barbara,083,443738,105862,105695,6943,112638,725
2022-10-04,Santa Clara,085,1922200,432828,432327,18951,451278,2506
2022-10-04,Santa Cruz,087,273765,63223,63099,3457,66556,273
2022-10-04,Shasta,089,179085,34937,34904,7490,42394,593
2022-10-04,Sierra,091,2930,306,305,60,365,5
2022-10-04,Siskiyou,093,43540,5278,5272,3319,8591,92
2022-10-04,Solano,095,438530,105101,105042,7810,112852,465
2022-10-04,Sonoma,097,501317,107065,106940,5342,112282,520
2022-10-04,Stanislaus,099,539301,137903,137838,21595,159433,1781
2022-10-04,Sutter,101,95872,24313,24326,2470,26796,232
2022-10-04,Tehama,103,63373,13627,13603,3085,16688,210
2022-10-04,Trinity,105,12862,1396,1394,393,1787,20
2022-10-04,Tulare,107,460477,121811,121787,36500,158287,1531
2022-10-04,Tuolumne,109,53932,15570,15558,935,16493,196
2022-10-04,Ventura,111,848112,208888,208632,15855,224487,1567
2022-10-04,Yolo,113,214977,47459,47422,4447,51869,341
2022-10-04,Yuba,115,75493,18913,18914,1722,20636,129
2022-10-03,Alameda,001,1643700,347885,346369,19826,366195,2020
2022-10-03,Alpine,003,1148,135,134,1,135,0
2022-10-03,Amador,005,37829,9999,9987,930,10917,90
2022-10-03,Butte,007,227075,39526,39378,9072,48450,454
2022-10-03,Calaveras,009,45235,8514,8497,559,9056,133
2022-10-03,Colusa,011,21464,3802,3782,1283,5065,22
2022-10-03,Contra Costa,013,1133247,250653,249273,20733,270006,1426
2022-10-03,Del Norte,015,27424,7429,7421,404,7825,56
2022-10-03,El Dorado,017,186661,32339,32238,4299,36537,231
2022-10-03,Fresno,019,978130,274935,274028,31266,305294,2859
2022-10-03,Glenn,021,27897,5533,5509,1873,7382,48
2022-10-03,Humboldt,023,135768,21859,21744,5048,26792,157
2022-10-03,Imperial,025,180216,65561,65425,15866,81291,958
2022-10-03,Inyo,027,18085,4491,4483,992,5475,59
2022-10-03,Kern,029,883053,219264,218846,63888,282734,2417
2022-10-03,Kings,031,150075,59508,59394,4087,63481,459
2022-10-03,Lake,033,64148,12798,12761,1209,13970,147
2022-10-03,Lassen,035,31185,9967,9962,992,10954,65
2022-10-03,Los Angeles,037,10098052,3284408,3271661,181566,3453227,33336
2022-10-03,Madera,039,155013,44025,43953,8276,52229,374
2022-10-03,Marin,041,260295,45257,45002,5317,50319,310
2022-10-03,Mariposa,043,17540,3086,3079,362,3441,31
2022-10-03,Mendocino,045,87422,16008,15950,4515,20465,136
2022-10-03,Merced,047,269075,72331,72117,11799,83916,863
2022-10-03,Modoc,049,8938,877,873,325,1198,11
2022-10-03,Mono,051,14174,3205,3201,257,3458,7
2022-10-03,Monterey,053,433212,94140,93991,21100,115091,766
2022-10-03,Napa,055,140530,32288,32171,1428,33599,160
2022-10-03,Nevada,057,99092,18998,18923,1865,20788,132
2022-10-03,Orange,059,3164182,667940,665825,62261,728086,7435
2022-10-03,Placer,061,380077,75827,75573,9550,85123,661
2022-10-03,Plumas,063,18699,3671,3645,432,4077,13
2022-10-03,Riverside,065,2383286,695933,694250,35385,729635,6543
2022-10-03,Sacramento,067,1510023,346838,345905,33897,379802,3294
2022-10-03,San Benito,069,59416,16195,16152,977,17129,106
2022-10-03,San Bernardino,071,2135413,671658,668798,31030,699828,8106
2022-10-03,San Diego,073,3302833,925273,922323,71966,994289,5491
2022-10-03,San Francisco,075,870044,179030,178486,12111,190597,1043
2022-10-03,San Joaquin,077,732212,197480,197009,14724,211733,2319
2022-10-03,San Luis Obispo,079,281455,63269,63060,7221,70281,524
2022-10-03,San Mateo,081,765935,168583,167790,10668,178458,736
2022-10-03,Santa Barbara,083,443738,105822,105437,6942,112379,722
2022-10-03,Santa Clara,085,1922200,432611,430899,18951,449850,2494
2022-10-03,Santa Cruz,087,273765,63177,62866,3457,66323,273
2022-10-03,Shasta,089,179085,34930,34849,7490,42339,592
2022-10-03,Sierra,091,2930,306,304,60,364,5
2022-10-03,Siskiyou,093,43540,5278,5261,3319,8580,91
2022-10-03,Solano,095,438530,105044,104704,7810,112514,464
2022-10-03,Sonoma,097,501317,107023,106624,5340,111964,519
2022-10-03,Stanislaus,099,539301,137869,137589,21591,159180,1780
2022-10-03,Sutter,101,95872,24311,24265,2470,26735,232
2022-10-03,Tehama,103,63373,13624,13564,3085,16649,210
2022-10-03,Trinity,105,12862,1396,1392,393,1785,20
2022-10-03,Tulare,107,460477,121792,121589,36495,158084,1531
2022-10-03,Tuolumne,109,53932,15567,15516,935,16451,196
2022-10-03,Ventura,111,848112,208818,208124,15852,223976,1565
2022-10-03,Yolo,113,214977,47442,47279,4444,51723,341
2022-10-03,Yuba,115,75493,18909,18881,1718,20599,132
2022-10-02,Alameda,001,1643700,347685,346369,19826,366195,2020
2022-10-02,Alpine,003,1148,135,134,1,135,0
2022-10-02,Amador,005,37829,9999,9987,930,10917,90
2022-10-02,Butte,007,227075,39514,39378,9072,48450,454
2022-10-02,Calaveras,009,45235,8511,8497,559,9056,133
2022-10-02,Colusa,011,21464,3800,3782,1283,5065,22
2022-10-02,Contra Costa,013,1133247,250554,249273,20732,270005,1426
2022-10-02,Del Norte,015,27424,7426,7421,404,7825,56
2022-10-02,El Dorado,017,186661,32330,32238,4298,36536,231
2022-10-02,Fresno,019,978130,274860,274028,31266,305294,2859
2022-10-02,Glenn,021,27897,5530,5509,1873,7382,48
2022-10-02,Humboldt,023,135768,21842,21744,5043,26787,157
2022-10-02,Imperial,025,180216,65527,65425,15844,81269,958
2022-10-02,Inyo,027,18085,4491,4483,992,5475,59
2022-10-02,Kern,029,883053,219216,218846,63850,282696,2417
2022-10-02,Kings,031,150075,59492,59394,4087,63481,459
2022-10-02,Lake,033,64148,12794,12761,1209,13970,147
2022-10-02,Lassen,035,31185,9966,9962,992,10954,65
2022-10-02,Los Angeles,037,10098052,3283290,3271661,181425,3453086,33336
2022-10-02,Madera,039,155013,44017,43953,8276,52229,374
2022-10-02,Marin,041,260295,45226,45002,5315,50317,310
2022-10-02,Mariposa,043,17540,3086,3079,362,3441,31
2022-10-02,Mendocino,045,87422,16001,15950,4515,20465,136
2022-10-02,Merced,047,269075,72306,72117,11799,83916,863
2022-10-02,Modoc,049,8938,877,873,325,1198,11
2022-10-02,Mono,051,14174,3205,3201,257,3458,7
2022-10-02,Monterey,053,433212,94124,93991,21099,115090,766
2022-10-02,Napa,055,140530,32277,32171,1426,33597,160
2022-10-02,Nevada,057,99092,18994,18923,1865,20788,132
2022-10-02,Orange,059,3164182,667675,665825,62259,728084,7435
2022-10-02,Placer,061,380077,75809,75573,9549,85122,661
2022-10-02,Plumas,063,18699,3667,3645,432,4077,13
2022-10-02,Riverside,065,2383286,695741,694250,35385,729635,6543
2022-10-02,Sacramento,067,1510023,346678,345905,33892,379797,3294
2022-10-02,San Benito,069,59416,16191,16152,977,17129,106
2022-10-02,San Bernardino,071,2135413,671428,668798,31023,699821,8106
2022-10-02,San Diego,073,3302833,924902,922323,71919,994242,5491
2022-10-02,San Francisco,075,870044,178912,178486,12110,190596,1043
2022-10-02,San Joaquin,077,732212,197406,197009,14721,211730,2319
2022-10-02,San Luis Obispo,079,281455,63236,63060,7218,70278,524
2022-10-02,San Mateo,081,765935,168466,167790,10668,178458,736
2022-10-02,Santa Barbara,083,443738,105776,105437,6941,112378,722
2022-10-02,Santa Clara,085,1922200,432397,430899,18951,449850,2494
2022-10-02,Santa Cruz,087,273765,63140,62866,3457,66323,273
2022-10-02,Shasta,089,179085,34918,34849,7490,42339,592
2022-10-02,Sierra,091,2930,306,304,60,364,5
2022-10-02,Siskiyou,093,43540,5278,5261,3319,8580,91
2022-10-02,Solano,095,438530,104983,104704,7810,112514,464
2022-10-02,Sonoma,097,501317,106972,106624,5340,111964,519
2022-10-02,Stanislaus,099,539301,137837,137589,21587,159176,1780
2022-10-02,Sutter,101,95872,24301,24265,2470,26735,232
2022-10-02,Tehama,103,63373,13619,13564,3085,16649,210
2022-10-02,Trinity,105,12862,1396,1392,393,1785,20
2022-10-02,Tulare,107,460477,121767,121589,36494,158083,1531
2022-10-02,Tuolumne,109,53932,15563,15516,935,16451,196
2022-10-02,Ventura,111,848112,208741,208124,15852,223976,1565
2022-10-02,Yolo,113,214977,47430,47279,4440,51719,341
2022-10-02,Yuba,115,75493,18903,18881,1716,20597,132
2022-10-01,Alameda,001,1643700,347572,346369,19826,366195,2020
2022-10-01,Alpine,003,1148,135,134,1,135,0
2022-10-01,Amador,005,37829,9997,9987,930,10917,90
2022-10-01,Butte,007,227075,39504,39378,9066,48444,454
2022-10-01,Calaveras,009,45235,8511,8497,559,9056,133
2022-10-01,Colusa,011,21464,3800,3782,1281,5063,22
2022-10-01,Contra Costa,013,1133247,250481,249273,20732,270005,1426
2022-10-01,Del Norte,015,27424,7424,7421,404,7825,56
2022-10-01,El Dorado,017,186661,32324,32238,4298,36536,231
2022-10-01,Fresno,019,978130,274829,274028,31266,305294,2859
2022-10-01,Glenn,021,27897,5529,5509,1873,7382,48
2022-10-01,Humboldt,023,135768,21839,21744,5042,26786,157
2022-10-01,Imperial,025,180216,65510,65425,15834,81259,958
2022-10-01,Inyo,027,18085,4491,4483,992,5475,59
2022-10-01,Kern,029,883053,219199,218846,63821,282667,2417
2022-10-01,Kings,031,150075,59483,59394,4087,63481,459
2022-10-01,Lake,033,64148,12791,12761,1209,13970,147
2022-10-01,Lassen,035,31185,9964,9962,992,10954,65
2022-10-01,Los Angeles,037,10098052,3282672,3271661,181320,3452981,33336
2022-10-01,Madera,039,155013,44013,43953,8276,52229,374
2022-10-01,Marin,041,260295,45204,45002,5315,50317,310
2022-10-01,Mariposa,043,17540,3086,3079,362,3441,31
2022-10-01,Mendocino,045,87422,15994,15950,4515,20465,136
2022-10-01,Merced,047,269075,72298,72117,11799,83916,863
2022-10-01,Modoc,049,8938,877,873,325,1198,11
2022-10-01,Mono,051,14174,3205,3201,257,3458,7
2022-10-01,Monterey,053,433212,94111,93991,21098,115089,766
2022-10-01,Napa,055,140530,32272,32171,1426,33597,160
2022-10-01,Nevada,057,99092,18991,18923,1865,20788,132
2022-10-01,Orange,059,3164182,667533,665825,62257,728082,7435
2022-10-01,Placer,061,380077,75793,75573,9548,85121,661
2022-10-01,Plumas,063,18699,3666,3645,432,4077,13
2022-10-01,Riverside,065,2383286,695621,694250,35383,729633,6543
2022-10-01,Sacramento,067,1510023,346608,345905,33892,379797,3294
2022-10-01,San Benito,069,59416,16183,16152,977,17129,106
2022-10-01,San Bernardino,071,2135413,671330,668798,31020,699818,8106
2022-10-01,San Diego,073,3302833,924786,922323,71888,994211,5491
2022-10-01,San Francisco,075,870044,178862,178486,12109,190595,1043
2022-10-01,San Joaquin,077,732212,197374,197009,14716,211725,2319
2022-10-01,San Luis Obispo,079,281455,63226,63060,7216,70276,524
2022-10-01,San Mateo,081,765935,168422,167790,10668,178458,736
2022-10-01,Santa Barbara,083,443738,105746,105437,6941,112378,722
2022-10-01,Santa Clara,085,1922200,432228,430899,18951,449850,2494
2022-10-01,Santa Cruz,087,273765,63126,62866,3457,66323,273
2022-10-01,Shasta,089,179085,34912,34849,7490,42339,592
2022-10-01,Sierra,091,2930,306,304,60,364,5
2022-10-01,Siskiyou,093,43540,5276,5261,3319,8580,91
2022-10-01,Solano,095,438530,104975,104704,7810,112514,464
2022-10-01,Sonoma,097,501317,106946,106624,5340,111964,519
2022-10-01,Stanislaus,099,539301,137815,137589,21585,159174,1780
2022-10-01,Sutter,101,95872,24296,24265,2470,26735,232
2022-10-01,Tehama,103,63373,13618,13564,3085,16649,210
2022-10-01,Trinity,105,12862,1396,1392,393,1785,20
2022-10-01,Tulare,107,460477,121760,121589,36492,158081,1531
2022-10-01,Tuolumne,109,53932,15561,15516,935,16451,196
2022-10-01,Ventura,111,848112,208697,208124,15852,223976,1565
2022-10-01,Yolo,113,214977,47421,47279,4439,51718,341
2022-10-01,Yuba,115,75493,18896,18881,1716,20597,132
2022-09-30,Alameda,001,1643700,347461,346369,19825,366194,2020
2022-09-30,Alpine,003,1148,135,134,1,135,0
2022-09-30,Amador,005,37829,9995,9987,930,10917,90
2022-09-30,Butte,007,227075,39494,39378,9064,48442,454
2022-09-30,Calaveras,009,45235,8508,8497,559,9056,133
2022-09-30,Colusa,011,21464,3799,3782,1280,5062,22
2022-09-30,Contra Costa,013,1133247,250396,249273,20732,270005,1426
2022-09-30,Del Norte,015,27424,7424,7421,404,7825,56
2022-09-30,El Dorado,017,186661,32315,32238,4297,36535,231
2022-09-30,Fresno,019,978130,274774,274028,31263,305291,2859
2022-09-30,Glenn,021,27897,5528,5509,1873,7382,48
2022-09-30,Humboldt,023,135768,21825,21744,5042,26786,157
2022-09-30,Imperial,025,180216,65500,65425,15826,81251,958
2022-09-30,Inyo,027,18085,4490,4483,992,5475,59
2022-09-30,Kern,029,883053,219180,218846,63792,282638,2417
2022-09-30,Kings,031,150075,59477,59394,4087,63481,459
2022-09-30,Lake,033,64148,12789,12761,1209,13970,147
2022-09-30,Lassen,035,31185,9964,9962,992,10954,65
2022-09-30,Los Angeles,037,10098052,3281940,3271661,181217,3452878,33336
2022-09-30,Madera,039,155013,44007,43953,8276,52229,374
2022-09-30,Marin,041,260295,45182,45002,5315,50317,310
2022-09-30,Mariposa,043,17540,3085,3079,362,3441,31
2022-09-30,Mendocino,045,87422,15987,15950,4515,20465,136
2022-09-30,Merced,047,269075,72287,72117,11799,83916,863
2022-09-30,Modoc,049,8938,877,873,325,1198,11
2022-09-30,Mono,051,14174,3205,3201,257,3458,7
2022-09-30,Monterey,053,433212,94092,93991,21096,115087,766
2022-09-30,Napa,055,140530,32261,32171,1426,33597,160
2022-09-30,Nevada,057,99092,18987,18923,1865,20788,132
2022-09-30,Orange,059,3164182,667396,665825,62256,728081,7435
2022-09-30,Placer,061,380077,75776,75573,9547,85120,661
2022-09-30,Plumas,063,18699,3665,3645,432,4077,13
2022-09-30,Riverside,065,2383286,695510,694250,35383,729633,6543
2022-09-30,Sacramento,067,1510023,346524,345905,33892,379797,3294
2022-09-30,San Benito,069,59416,16180,16152,977,17129,106
2022-09-30,San Bernardino,071,2135413,671210,668798,31017,699815,8106
2022-09-30,San Diego,073,3302833,924572,922323,71858,994181,5491
2022-09-30,San Francisco,075,870044,178800,178486,12108,190594,1043
2022-09-30,San Joaquin,077,732212,197340,197009,14715,211724,2319
2022-09-30,San Luis Obispo,079,281455,63221,63060,7213,70273,524
2022-09-30,San Mateo,081,765935,168358,167790,10668,178458,736
2022-09-30,Santa Barbara,083,443738,105720,105437,6941,112378,722
2022-09-30,Santa Clara,085,1922200,432051,430899,18951,449850,2494
2022-09-30,Santa Cruz,087,273765,63106,62866,3457,66323,273
2022-09-30,Shasta,089,179085,34909,34849,7490,42339,592
2022-09-30,Sierra,091,2930,306,304,60,364,5
2022-09-30,Siskiyou,093,43540,5275,5261,3319,8580,91
2022-09-30,Solano,095,438530,104945,104704,7810,112514,464
2022-09-30,Sonoma,097,501317,106912,106624,5340,111964,519
2022-09-30,Stanislaus,099,539301,137795,137589,21582,159171,1780
2022-09-30,Sutter,101,95872,24294,24265,2470,26735,232
2022-09-30,Tehama,103,63373,13616,13564,3085,16649,210
2022-09-30,Trinity,105,12862,1395,1392,393,1785,20
2022-09-30,Tulare,107,460477,121740,121589,36489,158078,1531
2022-09-30,Tuolumne,109,53932,15558,15516,935,16451,196
2022-09-30,Ventura,111,848112,208645,208124,15852,223976,1565
2022-09-30,Yolo,113,214977,47410,47279,4439,51718,341
2022-09-30,Yuba,115,75493,18891,18881,1716,20597,132
2022-09-29,Alameda,001,1643700,347298,346369,19824,366193,2020
2022-09-29,Alpine,003,1148,135,134,1,135,0
2022-09-29,Amador,005,37829,9992,9987,930,10917,90
2022-09-29,Butte,007,227075,39489,39378,9064,48442,454
2022-09-29,Calaveras,009,45235,8503,8497,559,9056,133
2022-09-29,Colusa,011,21464,3798,3782,1280,5062,22
2022-09-29,Contra Costa,013,1133247,250298,249273,20732,270005,1426
2022-09-29,Del Norte,015,27424,7421,7421,404,7825,56
2022-09-29,El Dorado,017,186661,32306,32238,4294,36532,231
2022-09-29,Fresno,019,978130,274675,274028,31261,305289,2859
2022-09-29,Glenn,021,27897,5528,5509,1873,7382,48
2022-09-29,Humboldt,023,135768,21813,21744,5042,26786,157
2022-09-29,Imperial,025,180216,65480,65425,15815,81240,958
2022-09-29,Inyo,027,18085,4490,4483,992,5475,59
2022-09-29,Kern,029,883053,219152,218846,63758,282604,2417
2022-09-29,Kings,031,150075,59469,59394,4087,63481,459
2022-09-29,Lake,033,64148,12785,12761,1209,13970,147
2022-09-29,Lassen,035,31185,9963,9962,992,10954,65
2022-09-29,Los Angeles,037,10098052,3280960,3271661,181114,3452775,33336
2022-09-29,Madera,039,155013,43998,43953,8276,52229,374
2022-09-29,Marin,041,260295,45158,45002,5312,50314,310
2022-09-29,Mariposa,043,17540,3083,3079,362,3441,31
2022-09-29,Mendocino,045,87422,15983,15950,4515,20465,136
2022-09-29,Merced,047,269075,72272,72117,11799,83916,863
2022-09-29,Modoc,049,8938,877,873,325,1198,11
2022-09-29,Mono,051,14174,3204,3201,257,3458,7
2022-09-29,Monterey,053,433212,94081,93991,21096,115087,766
2022-09-29,Napa,055,140530,32250,32171,1426,33597,160
2022-09-29,Nevada,057,99092,18978,18923,1865,20788,132
2022-09-29,Orange,059,3164182,667173,665825,62252,728077,7435
2022-09-29,Placer,061,380077,75759,75573,9539,85112,661
2022-09-29,Plumas,063,18699,3664,3645,432,4077,13
2022-09-29,Riverside,065,2383286,695359,694250,35382,729632,6543
2022-09-29,Sacramento,067,1510023,346398,345905,33889,379794,3294
2022-09-29,San Benito,069,59416,16175,16152,976,17128,106
2022-09-29,San Bernardino,071,2135413,671062,668798,31016,699814,8106
2022-09-29,San Diego,073,3302833,924324,922323,71827,994150,5491
2022-09-29,San Francisco,075,870044,178721,178486,12106,190592,1043
2022-09-29,San Joaquin,077,732212,197296,197009,14709,211718,2319
2022-09-29,San Luis Obispo,079,281455,63202,63060,7210,70270,524
2022-09-29,San Mateo,081,765935,168277,167790,10668,178458,736
2022-09-29,Santa Barbara,083,443738,105686,105437,6941,112378,722
2022-09-29,Santa Clara,085,1922200,431858,430899,18951,449850,2494
2022-09-29,Santa Cruz,087,273765,63062,62866,3457,66323,273
2022-09-29,Shasta,089,179085,34902,34849,7490,42339,592
2022-09-29,Sierra,091,2930,306,304,60,364,5
2022-09-29,Siskiyou,093,43540,5272,5261,3319,8580,91
2022-09-29,Solano,095,438530,104911,104704,7810,112514,464
2022-09-29,Sonoma,097,501317,106855,106624,5340,111964,519
2022-09-29,Stanislaus,099,539301,137765,137589,21580,159169,1780
2022-09-29,Sutter,101,95872,24291,24265,2470,26735,232
2022-09-29,Tehama,103,63373,13614,13564,3085,16649,210
2022-09-29,Trinity,105,12862,1395,1392,393,1785,20
2022-09-29,Tulare,107,460477,121723,121589,36484,158073,1531
2022-09-29,Tuolumne,109,53932,15554,15516,935,16451,196
2022-09-29,Ventura,111,848112,208585,208124,15852,223976,1565
2022-09-29,Yolo,113,214977,47398,47279,4436,51715,341
2022-09-29,Yuba,115,75493,18889,18881,1716,20597,132
2022-09-28,Alameda,001,1643700,347138,346369,19810,366179,2020
2022-09-28,Alpine,003,1148,134,134,1,135,0
2022-09-28,Amador,005,37829,9990,9987,930,10917,90
2022-09-28,Butte,007,227075,39482,39378,9060,48438,454
2022-09-28,Calaveras,009,45235,8502,8497,559,9056,133
2022-09-28,Colusa,011,21464,3798,3782,1280,5062,22
2022-09-28,Contra Costa,013,1133247,250191,249273,20725,269998,1426
2022-09-28,Del Norte,015,27424,7419,7421,404,7825,56
2022-09-28,El Dorado,017,186661,32299,32238,4292,36530,231
2022-09-28,Fresno,019,978130,274595,274028,31255,305283,2859
2022-09-28,Glenn,021,27897,5528,5509,1872,7381,48
2022-09-28,Humboldt,023,135768,21803,21744,5039,26783,157
2022-09-28,Imperial,025,180216,65465,65425,15807,81232,958
2022-09-28,Inyo,027,18085,4488,4483,992,5475,59
2022-09-28,Kern,029,883053,219104,218846,63713,282559,2417
2022-09-28,Kings,031,150075,59449,59394,4084,63478,459
2022-09-28,Lake,033,64148,12776,12761,1209,13970,147
2022-09-28,Lassen,035,31185,9962,9962,992,10954,65
2022-09-28,Los Angeles,037,10098052,3279844,3271661,181006,3452667,33336
2022-09-28,Madera,039,155013,43992,43953,8276,52229,374
2022-09-28,Marin,041,260295,45132,45002,5311,50313,310
2022-09-28,Mariposa,043,17540,3083,3079,362,3441,31
2022-09-28,Mendocino,045,87422,15981,15950,4510,20460,136
2022-09-28,Merced,047,269075,72261,72117,11798,83915,863
2022-09-28,Modoc,049,8938,877,873,324,1197,11
2022-09-28,Mono,051,14174,3204,3201,257,3458,7
2022-09-28,Monterey,053,433212,94067,93991,21089,115080,766
2022-09-28,Napa,055,140530,32235,32171,1425,33596,160
2022-09-28,Nevada,057,99092,18970,18923,1854,20777,132
2022-09-28,Orange,059,3164182,666950,665825,62216,728041,7435
2022-09-28,Placer,061,380077,75731,75573,9536,85109,661
2022-09-28,Plumas,063,18699,3662,3645,432,4077,13
2022-09-28,Riverside,065,2383286,695194,694250,35372,729622,6543
2022-09-28,Sacramento,067,1510023,346286,345905,33869,379774,3294
2022-09-28,San Benito,069,59416,16171,16152,972,17124,106
2022-09-28,San Bernardino,071,2135413,670903,668798,31004,699802,8106
2022-09-28,San Diego,073,3302833,924008,922323,71795,994118,5491
2022-09-28,San Francisco,075,870044,178628,178486,12105,190591,1043
2022-09-28,San Joaquin,077,732212,197258,197009,14708,211717,2319
2022-09-28,San Luis Obispo,079,281455,63187,63060,7202,70262,524
2022-09-28,San Mateo,081,765935,168201,167790,10665,178455,736
2022-09-28,Santa Barbara,083,443738,105652,105437,6936,112373,722
2022-09-28,Santa Clara,085,1922200,431692,430899,18948,449847,2494
2022-09-28,Santa Cruz,087,273765,63026,62866,3456,66322,273
2022-09-28,Shasta,089,179085,34897,34849,7490,42339,592
2022-09-28,Sierra,091,2930,306,304,60,364,5
2022-09-28,Siskiyou,093,43540,5270,5261,3318,8579,91
2022-09-28,Solano,095,438530,104883,104704,7809,112513,464
2022-09-28,Sonoma,097,501317,106821,106624,5336,111960,519
2022-09-28,Stanislaus,099,539301,137731,137589,21575,159164,1780
2022-09-28,Sutter,101,95872,24277,24265,2469,26734,232
2022-09-28,Tehama,103,63373,13610,13564,3085,16649,210
2022-09-28,Trinity,105,12862,1395,1392,391,1783,20
2022-09-28,Tulare,107,460477,121700,121589,36474,158063,1531
2022-09-28,Tuolumne,109,53932,15551,15516,935,16451,196
2022-09-28,Ventura,111,848112,208521,208124,15851,223975,1565
2022-09-28,Yolo,113,214977,47375,47279,4434,51713,341
2022-09-28,Yuba,115,75493,18884,18881,1713,20594,132
2022-09-27,Alameda,001,1643700,346975,346369,19800,366169,2020
2022-09-27,Alpine,003,1148,134,134,1,135,0
2022-09-27,Amador,005,37829,9987,9987,928,10915,90
2022-09-27,Butte,007,227075,39474,39378,9056,48434,454
2022-09-27,Calaveras,009,45235,8501,8497,558,9055,133
2022-09-27,Colusa,011,21464,3798,3782,1280,5062,22
2022-09-27,Contra Costa,013,1133247,250091,249273,20714,269987,1426
2022-09-27,Del Norte,015,27424,7419,7421,404,7825,56
2022-09-27,El Dorado,017,186661,32287,32238,4290,36528,231
2022-09-27,Fresno,019,978130,274533,274028,31250,305278,2859
2022-09-27,Glenn,021,27897,5527,5509,1871,7380,48
2022-09-27,Humboldt,023,135768,21793,21744,5033,26777,157
2022-09-27,Imperial,025,180216,65443,65425,15801,81226,958
2022-09-27,Inyo,027,18085,4486,4483,990,5473,59
2022-09-27,Kern,029,883053,219047,218846,63685,282531,2417
2022-09-27,Kings,031,150075,59433,59394,4084,63478,459
2022-09-27,Lake,033,64148,12773,12761,1207,13968,147
2022-09-27,Lassen,035,31185,9960,9962,992,10954,65
2022-09-27,Los Angeles,037,10098052,3278668,3271661,180853,3452514,33336
2022-09-27,Madera,039,155013,43981,43953,8276,52229,374
2022-09-27,Marin,041,260295,45104,45002,5308,50310,310
2022-09-27,Mariposa,043,17540,3082,3079,362,3441,31
2022-09-27,Mendocino,045,87422,15972,15950,4504,20454,136
2022-09-27,Merced,047,269075,72248,72117,11794,83911,863
2022-09-27,Modoc,049,8938,877,873,324,1197,11
2022-09-27,Mono,051,14174,3203,3201,257,3458,7
2022-09-27,Monterey,053,433212,94047,93991,21076,115067,766
2022-09-27,Napa,055,140530,32218,32171,1425,33596,160
2022-09-27,Nevada,057,99092,18960,18923,1853,20776,132
2022-09-27,Orange,059,3164182,666687,665825,62152,727977,7435
2022-09-27,Placer,061,380077,75700,75573,9531,85104,661
2022-09-27,Plumas,063,18699,3659,3645,432,4077,13
2022-09-27,Riverside,065,2383286,694997,694250,35352,729602,6543
2022-09-27,Sacramento,067,1510023,346159,345905,33850,379755,3294
2022-09-27,San Benito,069,59416,16170,16152,972,17124,106
2022-09-27,San Bernardino,071,2135413,670658,668798,30988,699786,8106
2022-09-27,San Diego,073,3302833,923614,922323,71758,994081,5491
2022-09-27,San Francisco,075,870044,178525,178486,12103,190589,1043
2022-09-27,San Joaquin,077,732212,197206,197009,14702,211711,2319
2022-09-27,San Luis Obispo,079,281455,63159,63060,7200,70260,524
2022-09-27,San Mateo,081,765935,168130,167790,10662,178452,736
2022-09-27,Santa Barbara,083,443738,105610,105437,6929,112366,722
2022-09-27,Santa Clara,085,1922200,431473,430899,18933,449832,2494
2022-09-27,Santa Cruz,087,273765,62995,62866,3454,66320,273
2022-09-27,Shasta,089,179085,34886,34849,7484,42333,592
2022-09-27,Sierra,091,2930,304,304,60,364,5
2022-09-27,Siskiyou,093,43540,5268,5261,3318,8579,91
2022-09-27,Solano,095,438530,104840,104704,7807,112511,464
2022-09-27,Sonoma,097,501317,106770,106624,5333,111957,519
2022-09-27,Stanislaus,099,539301,137704,137589,21574,159163,1780
2022-09-27,Sutter,101,95872,24263,24265,2469,26734,232
2022-09-27,Tehama,103,63373,13608,13564,3085,16649,210
2022-09-27,Trinity,105,12862,1395,1392,389,1781,20
2022-09-27,Tulare,107,460477,121677,121589,36459,158048,1531
2022-09-27,Tuolumne,109,53932,15546,15516,934,16450,196
2022-09-27,Ventura,111,848112,208444,208124,15842,223966,1565
2022-09-27,Yolo,113,214977,47346,47279,4433,51712,341
2022-09-27,Yuba,115,75493,18880,18881,1712,20593,132
2022-09-26,Alameda,001,1643700,346786,345351,19796,365147,2012
2022-09-26,Alpine,003,1148,134,134,1,135,0
2022-09-26,Amador,005,37829,9986,9954,927,10881,90
2022-09-26,Butte,007,227075,39462,39282,9052,48334,453
2022-09-26,Calaveras,009,45235,8498,8475,555,9030,133
2022-09-26,Colusa,011,21464,3795,3775,1278,5053,22
2022-09-26,Contra Costa,013,1133247,249961,248053,20697,268750,1424
2022-09-26,Del Norte,015,27424,7418,7403,404,7807,57
2022-09-26,El Dorado,017,186661,32273,32159,4288,36447,231
2022-09-26,Fresno,019,978130,274458,273381,31234,304615,2850
2022-09-26,Glenn,021,27897,5527,5494,1871,7365,48
2022-09-26,Humboldt,023,135768,21781,21641,5028,26669,156
2022-09-26,Imperial,025,180216,65422,65297,15786,81083,957
2022-09-26,Inyo,027,18085,4486,4481,989,5470,59
2022-09-26,Kern,029,883053,218991,218413,63656,282069,2408
2022-09-26,Kings,031,150075,59421,59288,4082,63370,456
2022-09-26,Lake,033,64148,12767,12731,1207,13938,146
2022-09-26,Lassen,035,31185,9960,9947,991,10938,65
2022-09-26,Los Angeles,037,10098052,3277518,3263510,180694,3444204,33258
2022-09-26,Madera,039,155013,43962,43910,8272,52182,374
2022-09-26,Marin,041,260295,45074,44823,5305,50128,310
2022-09-26,Mariposa,043,17540,3081,3074,362,3436,31
2022-09-26,Mendocino,045,87422,15965,15911,4502,20413,136
2022-09-26,Merced,047,269075,72235,71875,11790,83665,862
2022-09-26,Modoc,049,8938,875,872,324,1196,11
2022-09-26,Mono,051,14174,3201,3198,257,3455,7
2022-09-26,Monterey,053,433212,94031,93829,21055,114884,766
2022-09-26,Napa,055,140530,32200,32094,1425,33519,160
2022-09-26,Nevada,057,99092,18952,18861,1851,20712,132
2022-09-26,Orange,059,3164182,666432,664263,62095,726358,7425
2022-09-26,Placer,061,380077,75666,75381,9524,84905,660
2022-09-26,Plumas,063,18699,3659,3632,432,4064,13
2022-09-26,Riverside,065,2383286,694795,693038,35341,728379,6610
2022-09-26,Sacramento,067,1510023,346009,344748,33824,378572,3282
2022-09-26,San Benito,069,59416,16164,16114,971,17085,106
2022-09-26,San Bernardino,071,2135413,670473,667124,30978,698102,8097
2022-09-26,San Diego,073,3302833,923197,920118,71725,991843,5487
2022-09-26,San Francisco,075,870044,178433,176887,12100,188987,1031
2022-09-26,San Joaquin,077,732212,197141,196573,14692,211265,2306
2022-09-26,San Luis Obispo,079,281455,63129,62950,7193,70143,522
2022-09-26,San Mateo,081,765935,168043,167123,10659,177782,736
2022-09-26,Santa Barbara,083,443738,105572,105185,6924,112109,720
2022-09-26,Santa Clara,085,1922200,431223,429334,18919,448253,2486
2022-09-26,Santa Cruz,087,273765,62958,62704,3452,66156,274
2022-09-26,Shasta,089,179085,34878,34762,7477,42239,592
2022-09-26,Sierra,091,2930,304,303,60,363,5
2022-09-26,Siskiyou,093,43540,5268,5243,3316,8559,90
2022-09-26,Solano,095,438530,104799,104383,7802,112185,463
2022-09-26,Sonoma,097,501317,106702,106322,5328,111650,519
2022-09-26,Stanislaus,099,539301,137676,137340,21566,158906,1752
2022-09-26,Sutter,101,95872,24254,24198,2469,26667,232
2022-09-26,Tehama,103,63373,13605,13528,3085,16613,210
2022-09-26,Trinity,105,12862,1395,1390,388,1778,20
2022-09-26,Tulare,107,460477,121638,121446,36446,157892,1530
2022-09-26,Tuolumne,109,53932,15545,15469,932,16401,196
2022-09-26,Ventura,111,848112,208357,207684,15834,223518,1566
2022-09-26,Yolo,113,214977,47320,47147,4426,51573,335
2022-09-26,Yuba,115,75493,18874,18834,1710,20544,129
2022-09-25,Alameda,001,1643700,346573,345351,19775,365126,2012
2022-09-25,Alpine,003,1148,134,134,1,135,0
2022-09-25,Amador,005,37829,9983,9954,924,10878,90
2022-09-25,Butte,007,227075,39439,39282,9044,48326,453
2022-09-25,Calaveras,009,45235,8494,8475,550,9025,133
2022-09-25,Colusa,011,21464,3793,3775,1272,5047,22
2022-09-25,Contra Costa,013,1133247,249817,248053,20681,268734,1424
2022-09-25,Del Norte,015,27424,7413,7403,404,7807,57
2022-09-25,El Dorado,017,186661,32262,32159,4286,36445,231
2022-09-25,Fresno,019,978130,274354,273381,31209,304590,2850
2022-09-25,Glenn,021,27897,5527,5494,1871,7365,48
2022-09-25,Humboldt,023,135768,21772,21641,5023,26664,156
2022-09-25,Imperial,025,180216,65403,65297,15773,81070,957
2022-09-25,Inyo,027,18085,4483,4481,988,5469,59
2022-09-25,Kern,029,883053,218930,218413,63585,281998,2408
2022-09-25,Kings,031,150075,59402,59288,4081,63369,456
2022-09-25,Lake,033,64148,12762,12731,1205,13936,146
2022-09-25,Lassen,035,31185,9959,9947,991,10938,65
2022-09-25,Los Angeles,037,10098052,3276101,3263510,180502,3444012,33258
2022-09-25,Madera,039,155013,43949,43910,8266,52176,374
2022-09-25,Marin,041,260295,45034,44823,5305,50128,310
2022-09-25,Mariposa,043,17540,3081,3074,362,3436,31
2022-09-25,Mendocino,045,87422,15955,15911,4496,20407,136
2022-09-25,Merced,047,269075,72212,71875,11783,83658,862
2022-09-25,Modoc,049,8938,875,872,324,1196,11
2022-09-25,Mono,051,14174,3201,3198,255,3453,7
2022-09-25,Monterey,053,433212,94009,93829,21043,114872,766
2022-09-25,Napa,055,140530,32182,32094,1424,33518,160
2022-09-25,Nevada,057,99092,18942,18861,1849,20710,132
2022-09-25,Orange,059,3164182,666138,664263,62029,726292,7425
2022-09-25,Placer,061,380077,75629,75381,9514,84895,660
2022-09-25,Plumas,063,18699,3653,3632,432,4064,13
2022-09-25,Riverside,065,2383286,694578,693038,35323,728361,6610
2022-09-25,Sacramento,067,1510023,345861,344748,33791,378539,3282
2022-09-25,San Benito,069,59416,16152,16114,971,17085,106
2022-09-25,San Bernardino,071,2135413,670243,667124,30956,698080,8097
2022-09-25,San Diego,073,3302833,922751,920118,71687,991805,5487
2022-09-25,San Francisco,075,870044,178318,176887,12095,188982,1031
2022-09-25,San Joaquin,077,732212,197056,196573,14673,211246,2306
2022-09-25,San Luis Obispo,079,281455,63096,62950,7185,70135,522
2022-09-25,San Mateo,081,765935,167921,167123,10650,177773,736
2022-09-25,Santa Barbara,083,443738,105519,105185,6921,112106,720
2022-09-25,Santa Clara,085,1922200,430980,429334,18904,448238,2486
2022-09-25,Santa Cruz,087,273765,62911,62704,3449,66153,274
2022-09-25,Shasta,089,179085,34868,34762,7465,42227,592
2022-09-25,Sierra,091,2930,304,303,60,363,5
2022-09-25,Siskiyou,093,43540,5266,5243,3315,8558,90
2022-09-25,Solano,095,438530,104735,104383,7798,112181,463
2022-09-25,Sonoma,097,501317,106647,106322,5325,111647,519
2022-09-25,Stanislaus,099,539301,137624,137340,21563,158903,1752
2022-09-25,Sutter,101,95872,24239,24198,2468,26666,232
2022-09-25,Tehama,103,63373,13597,13528,3085,16613,210
2022-09-25,Trinity,105,12862,1395,1390,388,1778,20
2022-09-25,Tulare,107,460477,121607,121446,36427,157873,1530
2022-09-25,Tuolumne,109,53932,15539,15469,930,16399,196
2022-09-25,Ventura,111,848112,208259,207684,15817,223501,1566
2022-09-25,Yolo,113,214977,47294,47147,4421,51568,335
2022-09-25,Yuba,115,75493,18870,18834,1710,20544,129
2022-09-24,Alameda,001,1643700,346461,345351,19768,365119,2012
2022-09-24,Alpine,003,1148,134,134,1,135,0
2022-09-24,Amador,005,37829,9981,9954,923,10877,90
2022-09-24,Butte,007,227075,39433,39282,9042,48324,453
2022-09-24,Calaveras,009,45235,8492,8475,550,9025,133
2022-09-24,Colusa,011,21464,3792,3775,1271,5046,22
2022-09-24,Contra Costa,013,1133247,249734,248053,20676,268729,1424
2022-09-24,Del Norte,015,27424,7410,7403,404,7807,57
2022-09-24,El Dorado,017,186661,32251,32159,4281,36440,231
2022-09-24,Fresno,019,978130,274316,273381,31202,304583,2850
2022-09-24,Glenn,021,27897,5526,5494,1871,7365,48
2022-09-24,Humboldt,023,135768,21761,21641,5021,26662,156
2022-09-24,Imperial,025,180216,65388,65297,15767,81064,957
2022-09-24,Inyo,027,18085,4483,4481,988,5469,59
2022-09-24,Kern,029,883053,218902,218413,63547,281960,2408
2022-09-24,Kings,031,150075,59390,59288,4081,63369,456
2022-09-24,Lake,033,64148,12760,12731,1204,13935,146
2022-09-24,Lassen,035,31185,9958,9947,991,10938,65
2022-09-24,Los Angeles,037,10098052,3275375,3263510,180358,3443868,33258
2022-09-24,Madera,039,155013,43946,43910,8263,52173,374
2022-09-24,Marin,041,260295,45019,44823,5305,50128,310
2022-09-24,Mariposa,043,17540,3079,3074,362,3436,31
2022-09-24,Mendocino,045,87422,15953,15911,4493,20404,136
2022-09-24,Merced,047,269075,72197,71875,11783,83658,862
2022-09-24,Modoc,049,8938,875,872,323,1195,11
2022-09-24,Mono,051,14174,3201,3198,255,3453,7
2022-09-24,Monterey,053,433212,94000,93829,21038,114867,766
2022-09-24,Napa,055,140530,32173,32094,1423,33517,160
2022-09-24,Nevada,057,99092,18937,18861,1847,20708,132
2022-09-24,Orange,059,3164182,665984,664263,61972,726235,7425
2022-09-24,Placer,061,380077,75609,75381,9510,84891,660
2022-09-24,Plumas,063,18699,3650,3632,432,4064,13
2022-09-24,Riverside,065,2383286,694454,693038,35313,728351,6610
2022-09-24,Sacramento,067,1510023,345793,344748,33782,378530,3282
2022-09-24,San Benito,069,59416,16145,16114,970,17084,106
2022-09-24,San Bernardino,071,2135413,670129,667124,30948,698072,8097
2022-09-24,San Diego,073,3302833,922548,920118,71673,991791,5487
2022-09-24,San Francisco,075,870044,178239,176887,12089,188976,1031
2022-09-24,San Joaquin,077,732212,197030,196573,14666,211239,2306
2022-09-24,San Luis Obispo,079,281455,63084,62950,7184,70134,522
2022-09-24,San Mateo,081,765935,167854,167123,10640,177763,736
2022-09-24,Santa Barbara,083,443738,105497,105185,6919,112104,720
2022-09-24,Santa Clara,085,1922200,430824,429334,18895,448229,2486
2022-09-24,Santa Cruz,087,273765,62894,62704,3446,66150,274
2022-09-24,Shasta,089,179085,34863,34762,7463,42225,592
2022-09-24,Sierra,091,2930,304,303,60,363,5
2022-09-24,Siskiyou,093,43540,5263,5243,3315,8558,90
2022-09-24,Solano,095,438530,104717,104383,7797,112180,463
2022-09-24,Sonoma,097,501317,106619,106322,5322,111644,519
2022-09-24,Stanislaus,099,539301,137599,137340,21555,158895,1752
2022-09-24,Sutter,101,95872,24232,24198,2468,26666,232
2022-09-24,Tehama,103,63373,13592,13528,3084,16612,210
2022-09-24,Trinity,105,12862,1395,1390,388,1778,20
2022-09-24,Tulare,107,460477,121588,121446,36410,157856,1530
2022-09-24,Tuolumne,109,53932,15531,15469,930,16399,196
2022-09-24,Ventura,111,848112,208215,207684,15808,223492,1566
2022-09-24,Yolo,113,214977,47279,47147,4420,51567,335
2022-09-24,Yuba,115,75493,18865,18834,1709,20543,129
2022-09-23,Alameda,001,1643700,346320,345351,19757,365108,2012
2022-09-23,Alpine,003,1148,134,134,1,135,0
2022-09-23,Amador,005,37829,9977,9954,923,10877,90
2022-09-23,Butte,007,227075,39425,39282,9039,48321,453
2022-09-23,Calaveras,009,45235,8491,8475,550,9025,133
2022-09-23,Colusa,011,21464,3792,3775,1271,5046,22
2022-09-23,Contra Costa,013,1133247,249658,248053,20671,268724,1424
2022-09-23,Del Norte,015,27424,7407,7403,404,7807,57
2022-09-23,El Dorado,017,186661,32237,32159,4279,36438,231
2022-09-23,Fresno,019,978130,274268,273381,31197,304578,2850
2022-09-23,Glenn,021,27897,5524,5494,1870,7364,48
2022-09-23,Humboldt,023,135768,21744,21641,5014,26655,156
2022-09-23,Imperial,025,180216,65378,65297,15760,81057,957
2022-09-23,Inyo,027,18085,4483,4481,984,5465,59
2022-09-23,Kern,029,883053,218873,218413,63521,281934,2408
2022-09-23,Kings,031,150075,59383,59288,4080,63368,456
2022-09-23,Lake,033,64148,12760,12731,1204,13935,146
2022-09-23,Lassen,035,31185,9956,9947,991,10938,65
2022-09-23,Los Angeles,037,10098052,3274613,3263510,180277,3443787,33258
2022-09-23,Madera,039,155013,43937,43910,8262,52172,374
2022-09-23,Marin,041,260295,44996,44823,5303,50126,310
2022-09-23,Mariposa,043,17540,3079,3074,361,3435,31
2022-09-23,Mendocino,045,87422,15951,15911,4493,20404,136
2022-09-23,Merced,047,269075,72188,71875,11781,83656,862
2022-09-23,Modoc,049,8938,875,872,323,1195,11
2022-09-23,Mono,051,14174,3201,3198,255,3453,7
2022-09-23,Monterey,053,433212,93992,93829,21029,114858,766
2022-09-23,Napa,055,140530,32164,32094,1423,33517,160
2022-09-23,Nevada,057,99092,18933,18861,1846,20707,132
2022-09-23,Orange,059,3164182,665815,664263,61941,726204,7425
2022-09-23,Placer,061,380077,75587,75381,9505,84886,660
2022-09-23,Plumas,063,18699,3647,3632,432,4064,13
2022-09-23,Riverside,065,2383286,694322,693038,35304,728342,6610
2022-09-23,Sacramento,067,1510023,345721,344748,33778,378526,3282
2022-09-23,San Benito,069,59416,16145,16114,970,17084,106
2022-09-23,San Bernardino,071,2135413,669999,667124,30942,698066,8097
2022-09-23,San Diego,073,3302833,922301,920118,71639,991757,5487
2022-09-23,San Francisco,075,870044,178165,176887,12084,188971,1031
2022-09-23,San Joaquin,077,732212,196995,196573,14653,211226,2306
2022-09-23,San Luis Obispo,079,281455,63074,62950,7183,70133,522
2022-09-23,San Mateo,081,765935,167783,167123,10635,177758,736
2022-09-23,Santa Barbara,083,443738,105470,105185,6919,112104,720
2022-09-23,Santa Clara,085,1922200,430661,429334,18882,448216,2486
2022-09-23,Santa Cruz,087,273765,62878,62704,3446,66150,274
2022-09-23,Shasta,089,179085,34859,34762,7457,42219,592
2022-09-23,Sierra,091,2930,304,303,60,363,5
2022-09-23,Siskiyou,093,43540,5261,5243,3315,8558,90
2022-09-23,Solano,095,438530,104688,104383,7795,112178,463
2022-09-23,Sonoma,097,501317,106593,106322,5321,111643,519
2022-09-23,Stanislaus,099,539301,137574,137340,21551,158891,1752
2022-09-23,Sutter,101,95872,24224,24198,2468,26666,232
2022-09-23,Tehama,103,63373,13588,13528,3082,16610,210
2022-09-23,Trinity,105,12862,1394,1390,388,1778,20
2022-09-23,Tulare,107,460477,121568,121446,36392,157838,1530
2022-09-23,Tuolumne,109,53932,15525,15469,930,16399,196
2022-09-23,Ventura,111,848112,208154,207684,15802,223486,1566
2022-09-23,Yolo,113,214977,47263,47147,4418,51565,335
2022-09-23,Yuba,115,75493,18863,18834,1709,20543,129
2022-09-22,Alameda,001,1643700,346152,345351,19751,365102,2012
2022-09-22,Alpine,003,1148,134,134,1,135,0
2022-09-22,Amador,005,37829,9973,9954,923,10877,90
2022-09-22,Butte,007,227075,39414,39282,9034,48316,453
2022-09-22,Calaveras,009,45235,8489,8475,544,9019,133
2022-09-22,Colusa,011,21464,3790,3775,1271,5046,22
2022-09-22,Contra Costa,013,1133247,249543,248053,20657,268710,1424
2022-09-22,Del Norte,015,27424,7406,7403,404,7807,57
2022-09-22,El Dorado,017,186661,32227,32159,4275,36434,231
2022-09-22,Fresno,019,978130,274187,273381,31180,304561,2850
2022-09-22,Glenn,021,27897,5523,5494,1870,7364,48
2022-09-22,Humboldt,023,135768,21731,21641,5011,26652,156
2022-09-22,Imperial,025,180216,65366,65297,15746,81043,957
2022-09-22,Inyo,027,18085,4483,4481,982,5463,59
2022-09-22,Kern,029,883053,218831,218413,63479,281892,2408
2022-09-22,Kings,031,150075,59368,59288,4080,63368,456
2022-09-22,Lake,033,64148,12758,12731,1203,13934,146
2022-09-22,Lassen,035,31185,9955,9947,991,10938,65
2022-09-22,Los Angeles,037,10098052,3273583,3263510,180129,3443639,33258
2022-09-22,Madera,039,155013,43931,43910,8260,52170,374
2022-09-22,Marin,041,260295,44981,44823,5301,50124,310
2022-09-22,Mariposa,043,17540,3078,3074,361,3435,31
2022-09-22,Mendocino,045,87422,15946,15911,4493,20404,136
2022-09-22,Merced,047,269075,72169,71875,11777,83652,862
2022-09-22,Modoc,049,8938,875,872,323,1195,11
2022-09-22,Mono,051,14174,3200,3198,254,3452,7
2022-09-22,Monterey,053,433212,93971,93829,21020,114849,766
2022-09-22,Napa,055,140530,32147,32094,1421,33515,160
2022-09-22,Nevada,057,99092,18928,18861,1845,20706,132
2022-09-22,Orange,059,3164182,665596,664263,61891,726154,7425
2022-09-22,Placer,061,380077,75558,75381,9501,84882,660
2022-09-22,Plumas,063,18699,3644,3632,432,4064,13
2022-09-22,Riverside,065,2383286,694145,693038,35296,728334,6610
2022-09-22,Sacramento,067,1510023,345570,344748,33760,378508,3282
2022-09-22,San Benito,069,59416,16145,16114,969,17083,106
2022-09-22,San Bernardino,071,2135413,669855,667124,30927,698051,8097
2022-09-22,San Diego,073,3302833,921940,920118,71598,991716,5487
2022-09-22,San Francisco,075,870044,178060,176887,12078,188965,1031
2022-09-22,San Joaquin,077,732212,196949,196573,14645,211218,2306
2022-09-22,San Luis Obispo,079,281455,63056,62950,7181,70131,522
2022-09-22,San Mateo,081,765935,167719,167123,10633,177756,736
2022-09-22,Santa Barbara,083,443738,105441,105185,6915,112100,720
2022-09-22,Santa Clara,085,1922200,430486,429334,18867,448201,2486
2022-09-22,Santa Cruz,087,273765,62836,62704,3439,66143,274
2022-09-22,Shasta,089,179085,34846,34762,7449,42211,592
2022-09-22,Sierra,091,2930,304,303,60,363,5
2022-09-22,Siskiyou,093,43540,5260,5243,3314,8557,90
2022-09-22,Solano,095,438530,104629,104383,7791,112174,463
2022-09-22,Sonoma,097,501317,106558,106322,5319,111641,519
2022-09-22,Stanislaus,099,539301,137540,137340,21547,158887,1752
2022-09-22,Sutter,101,95872,24213,24198,2468,26666,232
2022-09-22,Tehama,103,63373,13584,13528,3079,16607,210
2022-09-22,Trinity,105,12862,1392,1390,388,1778,20
2022-09-22,Tulare,107,460477,121550,121446,36377,157823,1530
2022-09-22,Tuolumne,109,53932,15518,15469,929,16398,196
2022-09-22,Ventura,111,848112,208070,207684,15794,223478,1566
2022-09-22,Yolo,113,214977,47248,47147,4412,51559,335
2022-09-22,Yuba,115,75493,18856,18834,1707,20541,129
2022-09-21,Alameda,001,1643700,345989,345351,19736,365087,2012
2022-09-21,Alpine,003,1148,134,134,1,135,0
2022-09-21,Amador,005,37829,9972,9954,923,10877,90
2022-09-21,Butte,007,227075,39401,39282,9025,48307,453
2022-09-21,Calaveras,009,45235,8486,8475,543,9018,133
2022-09-21,Colusa,011,21464,3790,3775,1271,5046,22
2022-09-21,Contra Costa,013,1133247,249432,248053,20646,268699,1424
2022-09-21,Del Norte,015,27424,7405,7403,404,7807,57
2022-09-21,El Dorado,017,186661,32215,32159,4272,36431,231
2022-09-21,Fresno,019,978130,274111,273381,31169,304550,2850
2022-09-21,Glenn,021,27897,5522,5494,1869,7363,48
2022-09-21,Humboldt,023,135768,21715,21641,5008,26649,156
2022-09-21,Imperial,025,180216,65350,65297,15736,81033,957
2022-09-21,Inyo,027,18085,4483,4481,979,5460,59
2022-09-21,Kern,029,883053,218777,218413,63433,281846,2408
2022-09-21,Kings,031,150075,59352,59288,4080,63368,456
2022-09-21,Lake,033,64148,12752,12731,1201,13932,146
2022-09-21,Lassen,035,31185,9955,9947,991,10938,65
2022-09-21,Los Angeles,037,10098052,3272429,3263510,179965,3443475,33258
2022-09-21,Madera,039,155013,43916,43910,8260,52170,374
2022-09-21,Marin,041,260295,44957,44823,5301,50124,310
2022-09-21,Mariposa,043,17540,3078,3074,361,3435,31
2022-09-21,Mendocino,045,87422,15940,15911,4491,20402,136
2022-09-21,Merced,047,269075,72154,71875,11776,83651,862
2022-09-21,Modoc,049,8938,875,872,323,1195,11
2022-09-21,Mono,051,14174,3200,3198,254,3452,7
2022-09-21,Monterey,053,433212,93950,93829,21012,114841,766
2022-09-21,Napa,055,140530,32140,32094,1421,33515,160
2022-09-21,Nevada,057,99092,18918,18861,1845,20706,132
2022-09-21,Orange,059,3164182,665356,664263,61836,726099,7425
2022-09-21,Placer,061,380077,75525,75381,9496,84877,660
2022-09-21,Plumas,063,18699,3642,3632,432,4064,13
2022-09-21,Riverside,065,2383286,693967,693038,35277,728315,6610
2022-09-21,Sacramento,067,1510023,345417,344748,33745,378493,3282
2022-09-21,San Benito,069,59416,16133,16114,966,17080,106
2022-09-21,San Bernardino,071,2135413,669706,667124,30920,698044,8097
2022-09-21,San Diego,073,3302833,921564,920118,71548,991666,5487
2022-09-21,San Francisco,075,870044,177973,176887,12068,188955,1031
2022-09-21,San Joaquin,077,732212,196895,196573,14639,211212,2306
2022-09-21,San Luis Obispo,079,281455,63038,62950,7174,70124,522
2022-09-21,San Mateo,081,765935,167643,167123,10632,177755,736
2022-09-21,Santa Barbara,083,443738,105397,105185,6911,112096,720
2022-09-21,Santa Clara,085,1922200,430298,429334,18859,448193,2486
2022-09-21,Santa Cruz,087,273765,62790,62704,3435,66139,274
2022-09-21,Shasta,089,179085,34840,34762,7444,42206,592
2022-09-21,Sierra,091,2930,303,303,60,363,5
2022-09-21,Siskiyou,093,43540,5257,5243,3313,8556,90
2022-09-21,Solano,095,438530,104585,104383,7788,112171,463
2022-09-21,Sonoma,097,501317,106524,106322,5313,111635,519
2022-09-21,Stanislaus,099,539301,137505,137340,21538,158878,1752
2022-09-21,Sutter,101,95872,24203,24198,2468,26666,232
2022-09-21,Tehama,103,63373,13579,13528,3078,16606,210
2022-09-21,Trinity,105,12862,1392,1390,388,1778,20
2022-09-21,Tulare,107,460477,121521,121446,36361,157807,1530
2022-09-21,Tuolumne,109,53932,15513,15469,927,16396,196
2022-09-21,Ventura,111,848112,207999,207684,15784,223468,1566
2022-09-21,Yolo,113,214977,47229,47147,4404,51551,335
2022-09-21,Yuba,115,75493,18849,18834,1707,20541,129
2022-09-20,Alameda,001,1643700,345836,345351,19720,365071,2012
2022-09-20,Alpine,003,1148,134,134,1,135,0
2022-09-20,Amador,005,37829,9965,9954,923,10877,90
2022-09-20,Butte,007,227075,39386,39282,9016,48298,453
2022-09-20,Calaveras,009,45235,8484,8475,543,9018,133
2022-09-20,Colusa,011,21464,3790,3775,1271,5046,22
2022-09-20,Contra Costa,013,1133247,249312,248053,20631,268684,1424
2022-09-20,Del Norte,015,27424,7400,7403,404,7807,57
2022-09-20,El Dorado,017,186661,32201,32159,4269,36428,231
2022-09-20,Fresno,019,978130,274038,273381,31152,304533,2850
2022-09-20,Glenn,021,27897,5521,5494,1868,7362,48
2022-09-20,Humboldt,023,135768,21702,21641,5005,26646,156
2022-09-20,Imperial,025,180216,65328,65297,15725,81022,957
2022-09-20,Inyo,027,18085,4482,4481,976,5457,59
2022-09-20,Kern,029,883053,218724,218413,63396,281809,2408
2022-09-20,Kings,031,150075,59329,59288,4079,63367,456
2022-09-20,Lake,033,64148,12749,12731,1201,13932,146
2022-09-20,Lassen,035,31185,9952,9947,991,10938,65
2022-09-20,Los Angeles,037,10098052,3271284,3263510,179818,3443328,33258
2022-09-20,Madera,039,155013,43907,43910,8255,52165,374
2022-09-20,Marin,041,260295,44933,44823,5295,50118,310
2022-09-20,Mariposa,043,17540,3078,3074,361,3435,31
2022-09-20,Mendocino,045,87422,15936,15911,4488,20399,136
2022-09-20,Merced,047,269075,72130,71875,11771,83646,862
2022-09-20,Modoc,049,8938,875,872,323,1195,11
2022-09-20,Mono,051,14174,3200,3198,254,3452,7
2022-09-20,Monterey,053,433212,93931,93829,21003,114832,766
2022-09-20,Napa,055,140530,32131,32094,1420,33514,160
2022-09-20,Nevada,057,99092,18913,18861,1845,20706,132
2022-09-20,Orange,059,3164182,665075,664263,61792,726055,7425
2022-09-20,Placer,061,380077,75496,75381,9491,84872,660
2022-09-20,Plumas,063,18699,3640,3632,432,4064,13
2022-09-20,Riverside,065,2383286,693766,693038,35249,728287,6610
2022-09-20,Sacramento,067,1510023,345267,344748,33722,378470,3282
2022-09-20,San Benito,069,59416,16127,16114,966,17080,106
2022-09-20,San Bernardino,071,2135413,669502,667124,30905,698029,8097
2022-09-20,San Diego,073,3302833,921155,920118,71490,991608,5487
2022-09-20,San Francisco,075,870044,177882,176887,12062,188949,1031
2022-09-20,San Joaquin,077,732212,196834,196573,14634,211207,2306
2022-09-20,San Luis Obispo,079,281455,63023,62950,7164,70114,522
2022-09-20,San Mateo,081,765935,167562,167123,10628,177751,736
2022-09-20,Santa Barbara,083,443738,105361,105185,6906,112091,720
2022-09-20,Santa Clara,085,1922200,430094,429334,18849,448183,2486
2022-09-20,Santa Cruz,087,273765,62768,62704,3430,66134,274
2022-09-20,Shasta,089,179085,34829,34762,7440,42202,592
2022-09-20,Sierra,091,2930,303,303,60,363,5
2022-09-20,Siskiyou,093,43540,5253,5243,3313,8556,90
2022-09-20,Solano,095,438530,104542,104383,7784,112167,463
2022-09-20,Sonoma,097,501317,106472,106322,5311,111633,519
2022-09-20,Stanislaus,099,539301,137462,137340,21530,158870,1752
2022-09-20,Sutter,101,95872,24199,24198,2468,26666,232
2022-09-20,Tehama,103,63373,13577,13528,3078,16606,210
2022-09-20,Trinity,105,12862,1392,1390,388,1778,20
2022-09-20,Tulare,107,460477,121502,121446,36336,157782,1530
2022-09-20,Tuolumne,109,53932,15507,15469,926,16395,196
2022-09-20,Ventura,111,848112,207916,207684,15779,223463,1566
2022-09-20,Yolo,113,214977,47209,47147,4400,51547,335
2022-09-20,Yuba,115,75493,18845,18834,1707,20541,129
2022-09-19,Alameda,001,1643700,345667,344045,19705,363750,2007
2022-09-19,Alpine,003,1148,134,134,1,135,0
2022-09-19,Amador,005,37829,9961,9908,923,10831,90
2022-09-19,Butte,007,227075,39373,39155,9008,48163,453
2022-09-19,Calaveras,009,45235,8479,8455,542,8997,133
2022-09-19,Colusa,011,21464,3788,3765,1271,5036,22
2022-09-19,Contra Costa,013,1133247,249216,247095,20608,267703,1423
2022-09-19,Del Norte,015,27424,7397,7381,404,7785,56
2022-09-19,El Dorado,017,186661,32192,32088,4265,36353,231
2022-09-19,Fresno,019,978130,273951,272774,31143,303917,2839
2022-09-19,Glenn,021,27897,5520,5481,1867,7348,48
2022-09-19,Humboldt,023,135768,21689,21561,5000,26561,155
2022-09-19,Imperial,025,180216,65310,65099,15710,80809,956
2022-09-19,Inyo,027,18085,4481,4472,974,5446,59
2022-09-19,Kern,029,883053,218662,217694,63336,281030,2405
2022-09-19,Kings,031,150075,59315,59122,4079,63201,456
2022-09-19,Lake,033,64148,12744,12696,1200,13896,144
2022-09-19,Lassen,035,31185,9947,9938,991,10929,65
2022-09-19,Los Angeles,037,10098052,3269919,3253906,179639,3433545,33160
2022-09-19,Madera,039,155013,43883,43782,8249,52031,373
2022-09-19,Marin,041,260295,44904,44702,5290,49992,309
2022-09-19,Mariposa,043,17540,3078,3064,361,3425,31
2022-09-19,Mendocino,045,87422,15930,15872,4485,20357,136
2022-09-19,Merced,047,269075,72115,71732,11767,83499,862
2022-09-19,Modoc,049,8938,875,872,323,1195,11
2022-09-19,Mono,051,14174,3200,3191,254,3445,7
2022-09-19,Monterey,053,433212,93897,93692,20990,114682,762
2022-09-19,Napa,055,140530,32116,31979,1419,33398,160
2022-09-19,Nevada,057,99092,18907,18824,1843,20667,132
2022-09-19,Orange,059,3164182,664796,662784,61737,724521,7398
2022-09-19,Placer,061,380077,75475,75159,9488,84647,660
2022-09-19,Plumas,063,18699,3638,3609,432,4041,13
2022-09-19,Riverside,065,2383286,693532,691630,35235,726865,6608
2022-09-19,Sacramento,067,1510023,345119,343926,33702,377628,3267
2022-09-19,San Benito,069,59416,16117,16057,966,17023,106
2022-09-19,San Bernardino,071,2135413,669283,664360,30886,695246,8074
2022-09-19,San Diego,073,3302833,920736,917229,71402,988631,5479
2022-09-19,San Francisco,075,870044,177792,176724,12053,188777,1025
2022-09-19,San Joaquin,077,732212,196741,196128,14628,210756,2304
2022-09-19,San Luis Obispo,079,281455,63004,62716,7155,69871,520
2022-09-19,San Mateo,081,765935,167467,166572,10622,177194,735
2022-09-19,Santa Barbara,083,443738,105321,104912,6899,111811,718
2022-09-19,Santa Clara,085,1922200,429866,428065,18833,446898,2473
2022-09-19,Santa Cruz,087,273765,62738,62480,3425,65905,274
2022-09-19,Shasta,089,179085,34810,34648,7433,42081,591
2022-09-19,Sierra,091,2930,303,303,60,363,5
2022-09-19,Siskiyou,093,43540,5250,5226,3311,8537,90
2022-09-19,Solano,095,438530,104498,104085,7782,111867,462
2022-09-19,Sonoma,097,501317,106414,106028,5311,111339,518
2022-09-19,Stanislaus,099,539301,137416,136981,21519,158500,1727
2022-09-19,Sutter,101,95872,24185,24119,2468,26587,232
2022-09-19,Tehama,103,63373,13572,13503,3077,16580,210
2022-09-19,Trinity,105,12862,1392,1385,388,1773,20
2022-09-19,Tulare,107,460477,121476,121230,36313,157543,1531
2022-09-19,Tuolumne,109,53932,15501,15411,926,16337,196
2022-09-19,Ventura,111,848112,207828,207049,15768,222817,1563
2022-09-19,Yolo,113,214977,47194,47085,4398,51483,334
2022-09-19,Yuba,115,75493,18835,18764,1701,20465,129
2022-09-18,Alameda,001,1643700,345465,344045,19690,363735,2007
2022-09-18,Alpine,003,1148,134,134,1,135,0
2022-09-18,Amador,005,37829,9955,9908,923,10831,90
2022-09-18,Butte,007,227075,39356,39155,8997,48152,453
2022-09-18,Calaveras,009,45235,8473,8455,539,8994,133
2022-09-18,Colusa,011,21464,3787,3765,1271,5036,22
2022-09-18,Contra Costa,013,1133247,249068,247095,20593,267688,1423
2022-09-18,Del Norte,015,27424,7391,7381,404,7785,56
2022-09-18,El Dorado,017,186661,32178,32088,4262,36350,231
2022-09-18,Fresno,019,978130,273856,272774,31119,303893,2839
2022-09-18,Glenn,021,27897,5515,5481,1867,7348,48
2022-09-18,Humboldt,023,135768,21676,21561,4991,26552,155
2022-09-18,Imperial,025,180216,65291,65099,15688,80787,956
2022-09-18,Inyo,027,18085,4479,4472,973,5445,59
2022-09-18,Kern,029,883053,218589,217694,63261,280955,2405
2022-09-18,Kings,031,150075,59297,59122,4075,63197,456
2022-09-18,Lake,033,64148,12738,12696,1197,13893,144
2022-09-18,Lassen,035,31185,9943,9938,991,10929,65
2022-09-18,Los Angeles,037,10098052,3268392,3253906,179473,3433379,33160
2022-09-18,Madera,039,155013,43861,43782,8244,52026,373
2022-09-18,Marin,041,260295,44881,44702,5286,49988,309
2022-09-18,Mariposa,043,17540,3077,3064,361,3425,31
2022-09-18,Mendocino,045,87422,15926,15872,4480,20352,136
2022-09-18,Merced,047,269075,72089,71732,11758,83490,862
2022-09-18,Modoc,049,8938,874,872,323,1195,11
2022-09-18,Mono,051,14174,3200,3191,253,3444,7
2022-09-18,Monterey,053,433212,93868,93692,20974,114666,762
2022-09-18,Napa,055,140530,32102,31979,1417,33396,160
2022-09-18,Nevada,057,99092,18895,18824,1841,20665,132
2022-09-18,Orange,059,3164182,664518,662784,61660,724444,7398
2022-09-18,Placer,061,380077,75439,75159,9479,84638,660
2022-09-18,Plumas,063,18699,3632,3609,432,4041,13
2022-09-18,Riverside,065,2383286,693300,691630,35205,726835,6608
2022-09-18,Sacramento,067,1510023,344935,343926,33672,377598,3267
2022-09-18,San Benito,069,59416,16111,16057,963,17020,106
2022-09-18,San Bernardino,071,2135413,669049,664360,30863,695223,8074
2022-09-18,San Diego,073,3302833,920262,917229,71350,988579,5479
2022-09-18,San Francisco,075,870044,177662,176724,12047,188771,1025
2022-09-18,San Joaquin,077,732212,196665,196128,14623,210751,2304
2022-09-18,San Luis Obispo,079,281455,62984,62716,7146,69862,520
2022-09-18,San Mateo,081,765935,167363,166572,10613,177185,735
2022-09-18,Santa Barbara,083,443738,105276,104912,6895,111807,718
2022-09-18,Santa Clara,085,1922200,429621,428065,18812,446877,2473
2022-09-18,Santa Cruz,087,273765,62708,62480,3420,65900,274
2022-09-18,Shasta,089,179085,34792,34648,7420,42068,591
2022-09-18,Sierra,091,2930,303,303,60,363,5
2022-09-18,Siskiyou,093,43540,5247,5226,3309,8535,90
2022-09-18,Solano,095,438530,104443,104085,7773,111858,462
2022-09-18,Sonoma,097,501317,106361,106028,5307,111335,518
2022-09-18,Stanislaus,099,539301,137363,136981,21507,158488,1727
2022-09-18,Sutter,101,95872,24172,24119,2468,26587,232
2022-09-18,Tehama,103,63373,13562,13503,3075,16578,210
2022-09-18,Trinity,105,12862,1392,1385,385,1770,20
2022-09-18,Tulare,107,460477,121429,121230,36282,157512,1531
2022-09-18,Tuolumne,109,53932,15492,15411,924,16335,196
2022-09-18,Ventura,111,848112,207720,207049,15755,222804,1563
2022-09-18,Yolo,113,214977,47181,47085,4395,51480,334
2022-09-18,Yuba,115,75493,18825,18764,1701,20465,129
2022-09-17,Alameda,001,1643700,345346,344045,19686,363731,2007
2022-09-17,Alpine,003,1148,134,134,1,135,0
2022-09-17,Amador,005,37829,9953,9908,923,10831,90
2022-09-17,Butte,007,227075,39345,39155,8992,48147,453
2022-09-17,Calaveras,009,45235,8469,8455,537,8992,133
2022-09-17,Colusa,011,21464,3783,3765,1271,5036,22
2022-09-17,Contra Costa,013,1133247,248984,247095,20589,267684,1423
2022-09-17,Del Norte,015,27424,7390,7381,404,7785,56
2022-09-17,El Dorado,017,186661,32173,32088,4260,36348,231
2022-09-17,Fresno,019,978130,273810,272774,31109,303883,2839
2022-09-17,Glenn,021,27897,5511,5481,1865,7346,48
2022-09-17,Humboldt,023,135768,21668,21561,4985,26546,155
2022-09-17,Imperial,025,180216,65270,65099,15680,80779,956
2022-09-17,Inyo,027,18085,4479,4472,971,5443,59
2022-09-17,Kern,029,883053,218553,217694,63216,280910,2405
2022-09-17,Kings,031,150075,59286,59122,4073,63195,456
2022-09-17,Lake,033,64148,12737,12696,1197,13893,144
2022-09-17,Lassen,035,31185,9943,9938,991,10929,65
2022-09-17,Los Angeles,037,10098052,3267571,3253906,179327,3433233,33160
2022-09-17,Madera,039,155013,43854,43782,8244,52026,373
2022-09-17,Marin,041,260295,44865,44702,5282,49984,309
2022-09-17,Mariposa,043,17540,3076,3064,361,3425,31
2022-09-17,Mendocino,045,87422,15924,15872,4480,20352,136
2022-09-17,Merced,047,269075,72075,71732,11755,83487,862
2022-09-17,Modoc,049,8938,874,872,323,1195,11
2022-09-17,Mono,051,14174,3200,3191,253,3444,7
2022-09-17,Monterey,053,433212,93855,93692,20964,114656,762
2022-09-17,Napa,055,140530,32096,31979,1416,33395,160
2022-09-17,Nevada,057,99092,18887,18824,1838,20662,132
2022-09-17,Orange,059,3164182,664344,662784,61622,724406,7398
2022-09-17,Placer,061,380077,75407,75159,9472,84631,660
2022-09-17,Plumas,063,18699,3630,3609,432,4041,13
2022-09-17,Riverside,065,2383286,693158,691630,35186,726816,6608
2022-09-17,Sacramento,067,1510023,344858,343926,33654,377580,3267
2022-09-17,San Benito,069,59416,16105,16057,961,17018,106
2022-09-17,San Bernardino,071,2135413,668918,664360,30852,695212,8074
2022-09-17,San Diego,073,3302833,920080,917229,71329,988558,5479
2022-09-17,San Francisco,075,870044,177601,176724,12043,188767,1025
2022-09-17,San Joaquin,077,732212,196640,196128,14622,210750,2304
2022-09-17,San Luis Obispo,079,281455,62973,62716,7146,69862,520
2022-09-17,San Mateo,081,765935,167299,166572,10605,177177,735
2022-09-17,Santa Barbara,083,443738,105247,104912,6893,111805,718
2022-09-17,Santa Clara,085,1922200,429483,428065,18805,446870,2473
2022-09-17,Santa Cruz,087,273765,62700,62480,3420,65900,274
2022-09-17,Shasta,089,179085,34782,34648,7414,42062,591
2022-09-17,Sierra,091,2930,303,303,60,363,5
2022-09-17,Siskiyou,093,43540,5246,5226,3308,8534,90
2022-09-17,Solano,095,438530,104432,104085,7771,111856,462
2022-09-17,Sonoma,097,501317,106327,106028,5306,111334,518
2022-09-17,Stanislaus,099,539301,137340,136981,21499,158480,1727
2022-09-17,Sutter,101,95872,24166,24119,2468,26587,232
2022-09-17,Tehama,103,63373,13560,13503,3074,16577,210
2022-09-17,Trinity,105,12862,1392,1385,385,1770,20
2022-09-17,Tulare,107,460477,121412,121230,36269,157499,1531
2022-09-17,Tuolumne,109,53932,15487,15411,923,16334,196
2022-09-17,Ventura,111,848112,207676,207049,15744,222793,1563
2022-09-17,Yolo,113,214977,47172,47085,4390,51475,334
2022-09-17,Yuba,115,75493,18822,18764,1701,20465,129
2022-09-16,Alameda,001,1643700,345210,344045,19672,363717,2007
2022-09-16,Alpine,003,1148,134,134,1,135,0
2022-09-16,Amador,005,37829,9951,9908,923,10831,90
2022-09-16,Butte,007,227075,39329,39155,8989,48144,453
2022-09-16,Calaveras,009,45235,8466,8455,537,8992,133
2022-09-16,Colusa,011,21464,3782,3765,1271,5036,22
2022-09-16,Contra Costa,013,1133247,248899,247095,20582,267677,1423
2022-09-16,Del Norte,015,27424,7389,7381,404,7785,56
2022-09-16,El Dorado,017,186661,32167,32088,4258,36346,231
2022-09-16,Fresno,019,978130,273771,272774,31102,303876,2839
2022-09-16,Glenn,021,27897,5511,5481,1865,7346,48
2022-09-16,Humboldt,023,135768,21658,21561,4985,26546,155
2022-09-16,Imperial,025,180216,65257,65099,15675,80774,956
2022-09-16,Inyo,027,18085,4479,4472,969,5441,59
2022-09-16,Kern,029,883053,218513,217694,63193,280887,2405
2022-09-16,Kings,031,150075,59271,59122,4073,63195,456
2022-09-16,Lake,033,64148,12733,12696,1197,13893,144
2022-09-16,Lassen,035,31185,9942,9938,990,10928,65
2022-09-16,Los Angeles,037,10098052,3266681,3253906,179223,3433129,33160
2022-09-16,Madera,039,155013,43840,43782,8244,52026,373
2022-09-16,Marin,041,260295,44843,44702,5279,49981,309
2022-09-16,Mariposa,043,17540,3075,3064,361,3425,31
2022-09-16,Mendocino,045,87422,15919,15872,4479,20351,136
2022-09-16,Merced,047,269075,72060,71732,11753,83485,862
2022-09-16,Modoc,049,8938,874,872,323,1195,11
2022-09-16,Mono,051,14174,3200,3191,253,3444,7
2022-09-16,Monterey,053,433212,93838,93692,20961,114653,762
2022-09-16,Napa,055,140530,32086,31979,1414,33393,160
2022-09-16,Nevada,057,99092,18882,18824,1838,20662,132
2022-09-16,Orange,059,3164182,664185,662784,61566,724350,7398
2022-09-16,Placer,061,380077,75389,75159,9467,84626,660
2022-09-16,Plumas,063,18699,3628,3609,432,4041,13
2022-09-16,Riverside,065,2383286,693041,691630,35167,726797,6608
2022-09-16,Sacramento,067,1510023,344765,343926,33645,377571,3267
2022-09-16,San Benito,069,59416,16098,16057,961,17018,106
2022-09-16,San Bernardino,071,2135413,668775,664360,30840,695200,8074
2022-09-16,San Diego,073,3302833,919801,917229,71304,988533,5479
2022-09-16,San Francisco,075,870044,177543,176724,12037,188761,1025
2022-09-16,San Joaquin,077,732212,196604,196128,14620,210748,2304
2022-09-16,San Luis Obispo,079,281455,62957,62716,7145,69861,520
2022-09-16,San Mateo,081,765935,167232,166572,10600,177172,735
2022-09-16,Santa Barbara,083,443738,105222,104912,6891,111803,718
2022-09-16,Santa Clara,085,1922200,429344,428065,18795,446860,2473
2022-09-16,Santa Cruz,087,273765,62679,62480,3420,65900,274
2022-09-16,Shasta,089,179085,34776,34648,7410,42058,591
2022-09-16,Sierra,091,2930,303,303,60,363,5
2022-09-16,Siskiyou,093,43540,5244,5226,3308,8534,90
2022-09-16,Solano,095,438530,104407,104085,7768,111853,462
2022-09-16,Sonoma,097,501317,106297,106028,5306,111334,518
2022-09-16,Stanislaus,099,539301,137303,136981,21496,158477,1727
2022-09-16,Sutter,101,95872,24152,24119,2468,26587,232
2022-09-16,Tehama,103,63373,13558,13503,3073,16576,210
2022-09-16,Trinity,105,12862,1392,1385,385,1770,20
2022-09-16,Tulare,107,460477,121387,121230,36250,157480,1531
2022-09-16,Tuolumne,109,53932,15476,15411,923,16334,196
2022-09-16,Ventura,111,848112,207611,207049,15730,222779,1563
2022-09-16,Yolo,113,214977,47162,47085,4384,51469,334
2022-09-16,Yuba,115,75493,18813,18764,1701,20465,129
2022-09-15,Alameda,001,1643700,345036,344045,19659,363704,2007
2022-09-15,Alpine,003,1148,134,134,1,135,0
2022-09-15,Amador,005,37829,9947,9908,923,10831,90
2022-09-15,Butte,007,227075,39319,39155,8984,48139,453
2022-09-15,Calaveras,009,45235,8464,8455,534,8989,133
2022-09-15,Colusa,011,21464,3781,3765,1271,5036,22
2022-09-15,Contra Costa,013,1133247,248769,247095,20562,267657,1423
2022-09-15,Del Norte,015,27424,7386,7381,404,7785,56
2022-09-15,El Dorado,017,186661,32158,32088,4256,36344,231
2022-09-15,Fresno,019,978130,273672,272774,31090,303864,2839
2022-09-15,Glenn,021,27897,5511,5481,1864,7345,48
2022-09-15,Humboldt,023,135768,21641,21561,4977,26538,155
2022-09-15,Imperial,025,180216,65234,65099,15659,80758,956
2022-09-15,Inyo,027,18085,4479,4472,966,5438,59
2022-09-15,Kern,029,883053,218455,217694,63138,280832,2405
2022-09-15,Kings,031,150075,59254,59122,4073,63195,456
2022-09-15,Lake,033,64148,12730,12696,1196,13892,144
2022-09-15,Lassen,035,31185,9941,9938,990,10928,65
2022-09-15,Los Angeles,037,10098052,3265541,3253906,179062,3432968,33160
2022-09-15,Madera,039,155013,43829,43782,8241,52023,373
2022-09-15,Marin,041,260295,44825,44702,5276,49978,309
2022-09-15,Mariposa,043,17540,3074,3064,360,3424,31
2022-09-15,Mendocino,045,87422,15909,15872,4476,20348,136
2022-09-15,Merced,047,269075,72038,71732,11749,83481,862
2022-09-15,Modoc,049,8938,874,872,322,1194,11
2022-09-15,Mono,051,14174,3200,3191,251,3442,7
2022-09-15,Monterey,053,433212,93817,93692,20951,114643,762
2022-09-15,Napa,055,140530,32073,31979,1414,33393,160
2022-09-15,Nevada,057,99092,18874,18824,1835,20659,132
2022-09-15,Orange,059,3164182,663958,662784,61492,724276,7398
2022-09-15,Placer,061,380077,75352,75159,9462,84621,660
2022-09-15,Plumas,063,18699,3628,3609,432,4041,13
2022-09-15,Riverside,065,2383286,692871,691630,35149,726779,6608
2022-09-15,Sacramento,067,1510023,344614,343926,33616,377542,3267
2022-09-15,San Benito,069,59416,16092,16057,961,17018,106
2022-09-15,San Bernardino,071,2135413,668583,664360,30820,695180,8074
2022-09-15,San Diego,073,3302833,919442,917229,71265,988494,5479
2022-09-15,San Francisco,075,870044,177439,176724,12030,188754,1025
2022-09-15,San Joaquin,077,732212,196538,196128,14607,210735,2304
2022-09-15,San Luis Obispo,079,281455,62933,62716,7142,69858,520
2022-09-15,San Mateo,081,765935,167143,166572,10590,177162,735
2022-09-15,Santa Barbara,083,443738,105185,104912,6882,111794,718
2022-09-15,Santa Clara,085,1922200,429134,428065,18781,446846,2473
2022-09-15,Santa Cruz,087,273765,62658,62480,3416,65896,274
2022-09-15,Shasta,089,179085,34770,34648,7402,42050,591
2022-09-15,Sierra,091,2930,303,303,60,363,5
2022-09-15,Siskiyou,093,43540,5240,5226,3305,8531,90
2022-09-15,Solano,095,438530,104365,104085,7762,111847,462
2022-09-15,Sonoma,097,501317,106260,106028,5303,111331,518
2022-09-15,Stanislaus,099,539301,137262,136981,21489,158470,1727
2022-09-15,Sutter,101,95872,24144,24119,2468,26587,232
2022-09-15,Tehama,103,63373,13553,13503,3071,16574,210
2022-09-15,Trinity,105,12862,1391,1385,384,1769,20
2022-09-15,Tulare,107,460477,121360,121230,36230,157460,1531
2022-09-15,Tuolumne,109,53932,15467,15411,923,16334,196
2022-09-15,Ventura,111,848112,207518,207049,15714,222763,1563
2022-09-15,Yolo,113,214977,47149,47085,4382,51467,334
2022-09-15,Yuba,115,75493,18805,18764,1699,20463,129
2022-09-14,Alameda,001,1643700,344854,344045,19647,363692,2007
2022-09-14,Alpine,003,1148,134,134,1,135,0
2022-09-14,Amador,005,37829,9941,9908,923,10831,90
2022-09-14,Butte,007,227075,39301,39155,8976,48131,453
2022-09-14,Calaveras,009,45235,8458,8455,532,8987,133
2022-09-14,Colusa,011,21464,3778,3765,1271,5036,22
2022-09-14,Contra Costa,013,1133247,248663,247095,20543,267638,1423
2022-09-14,Del Norte,015,27424,7383,7381,404,7785,56
2022-09-14,El Dorado,017,186661,32148,32088,4249,36337,231
2022-09-14,Fresno,019,978130,273578,272774,31073,303847,2839
2022-09-14,Glenn,021,27897,5511,5481,1861,7342,48
2022-09-14,Humboldt,023,135768,21620,21561,4973,26534,155
2022-09-14,Imperial,025,180216,65208,65099,15641,80740,956
2022-09-14,Inyo,027,18085,4477,4472,964,5436,59
2022-09-14,Kern,029,883053,218394,217694,63083,280777,2405
2022-09-14,Kings,031,150075,59232,59122,4069,63191,456
2022-09-14,Lake,033,64148,12722,12696,1195,13891,144
2022-09-14,Lassen,035,31185,9941,9938,988,10926,65
2022-09-14,Los Angeles,037,10098052,3264302,3253906,178922,3432828,33160
2022-09-14,Madera,039,155013,43799,43782,8236,52018,373
2022-09-14,Marin,041,260295,44803,44702,5268,49970,309
2022-09-14,Mariposa,043,17540,3073,3064,360,3424,31
2022-09-14,Mendocino,045,87422,15906,15872,4473,20345,136
2022-09-14,Merced,047,269075,72013,71732,11736,83468,862
2022-09-14,Modoc,049,8938,873,872,321,1193,11
2022-09-14,Mono,051,14174,3200,3191,250,3441,7
2022-09-14,Monterey,053,433212,93799,93692,20941,114633,762
2022-09-14,Napa,055,140530,32060,31979,1410,33389,160
2022-09-14,Nevada,057,99092,18865,18824,1832,20656,132
2022-09-14,Orange,059,3164182,663679,662784,61443,724227,7398
2022-09-14,Placer,061,380077,75322,75159,9458,84617,660
2022-09-14,Plumas,063,18699,3622,3609,432,4041,13
2022-09-14,Riverside,065,2383286,692638,691630,35119,726749,6608
2022-09-14,Sacramento,067,1510023,344459,343926,33575,377501,3267
2022-09-14,San Benito,069,59416,16084,16057,961,17018,106
2022-09-14,San Bernardino,071,2135413,668395,664360,30802,695162,8074
2022-09-14,San Diego,073,3302833,919062,917229,71220,988449,5479
2022-09-14,San Francisco,075,870044,177350,176724,12023,188747,1025
2022-09-14,San Joaquin,077,732212,196471,196128,14596,210724,2304
2022-09-14,San Luis Obispo,079,281455,62910,62716,7136,69852,520
2022-09-14,San Mateo,081,765935,167068,166572,10585,177157,735
2022-09-14,Santa Barbara,083,443738,105151,104912,6880,111792,718
2022-09-14,Santa Clara,085,1922200,428941,428065,18770,446835,2473
2022-09-14,Santa Cruz,087,273765,62644,62480,3415,65895,274
2022-09-14,Shasta,089,179085,34760,34648,7392,42040,591
2022-09-14,Sierra,091,2930,303,303,60,363,5
2022-09-14,Siskiyou,093,43540,5236,5226,3304,8530,90
2022-09-14,Solano,095,438530,104333,104085,7759,111844,462
2022-09-14,Sonoma,097,501317,106208,106028,5299,111327,518
2022-09-14,Stanislaus,099,539301,137197,136981,21476,158457,1727
2022-09-14,Sutter,101,95872,24131,24119,2468,26587,232
2022-09-14,Tehama,103,63373,13552,13503,3068,16571,210
2022-09-14,Trinity,105,12862,1391,1385,380,1765,20
2022-09-14,Tulare,107,460477,121336,121230,36207,157437,1531
2022-09-14,Tuolumne,109,53932,15459,15411,923,16334,196
2022-09-14,Ventura,111,848112,207432,207049,15701,222750,1563
2022-09-14,Yolo,113,214977,47141,47085,4375,51460,334
2022-09-14,Yuba,115,75493,18798,18764,1698,20462,129
2022-09-13,Alameda,001,1643700,344664,344045,19635,363680,2007
2022-09-13,Alpine,003,1148,134,134,1,135,0
2022-09-13,Amador,005,37829,9936,9908,923,10831,90
2022-09-13,Butte,007,227075,39275,39155,8969,48124,453
2022-09-13,Calaveras,009,45235,8455,8455,530,8985,133
2022-09-13,Colusa,011,21464,3777,3765,1271,5036,22
2022-09-13,Contra Costa,013,1133247,248533,247095,20531,267626,1423
2022-09-13,Del Norte,015,27424,7379,7381,404,7785,56
2022-09-13,El Dorado,017,186661,32134,32088,4246,36334,231
2022-09-13,Fresno,019,978130,273485,272774,31055,303829,2839
2022-09-13,Glenn,021,27897,5510,5481,1859,7340,48
2022-09-13,Humboldt,023,135768,21602,21561,4964,26525,155
2022-09-13,Imperial,025,180216,65186,65099,15630,80729,956
2022-09-13,Inyo,027,18085,4475,4472,961,5433,59
2022-09-13,Kern,029,883053,218304,217694,63000,280694,2405
2022-09-13,Kings,031,150075,59196,59122,4067,63189,456
2022-09-13,Lake,033,64148,12717,12696,1194,13890,144
2022-09-13,Lassen,035,31185,9941,9938,985,10923,65
2022-09-13,Los Angeles,037,10098052,3262985,3253906,178772,3432678,33160
2022-09-13,Madera,039,155013,43789,43782,8228,52010,373
2022-09-13,Marin,041,260295,44787,44702,5264,49966,309
2022-09-13,Mariposa,043,17540,3071,3064,360,3424,31
2022-09-13,Mendocino,045,87422,15901,15872,4469,20341,136
2022-09-13,Merced,047,269075,71989,71732,11732,83464,862
2022-09-13,Modoc,049,8938,873,872,321,1193,11
2022-09-13,Mono,051,14174,3200,3191,250,3441,7
2022-09-13,Monterey,053,433212,93771,93692,20928,114620,762
2022-09-13,Napa,055,140530,32041,31979,1410,33389,160
2022-09-13,Nevada,057,99092,18854,18824,1830,20654,132
2022-09-13,Orange,059,3164182,663396,662784,61374,724158,7398
2022-09-13,Placer,061,380077,75288,75159,9454,84613,660
2022-09-13,Plumas,063,18699,3620,3609,432,4041,13
2022-09-13,Riverside,065,2383286,692417,691630,35095,726725,6608
2022-09-13,Sacramento,067,1510023,344280,343926,33539,377465,3267
2022-09-13,San Benito,069,59416,16075,16057,961,17018,106
2022-09-13,San Bernardino,071,2135413,668153,664360,30781,695141,8074
2022-09-13,San Diego,073,3302833,918659,917229,71180,988409,5479
2022-09-13,San Francisco,075,870044,177253,176724,12016,188740,1025
2022-09-13,San Joaquin,077,732212,196392,196128,14589,210717,2304
2022-09-13,San Luis Obispo,079,281455,62880,62716,7128,69844,520
2022-09-13,San Mateo,081,765935,166985,166572,10581,177153,735
2022-09-13,Santa Barbara,083,443738,105097,104912,6872,111784,718
2022-09-13,Santa Clara,085,1922200,428709,428065,18759,446824,2473
2022-09-13,Santa Cruz,087,273765,62619,62480,3413,65893,274
2022-09-13,Shasta,089,179085,34737,34648,7387,42035,591
2022-09-13,Sierra,091,2930,303,303,60,363,5
2022-09-13,Siskiyou,093,43540,5232,5226,3303,8529,90
2022-09-13,Solano,095,438530,104278,104085,7751,111836,462
2022-09-13,Sonoma,097,501317,106150,106028,5297,111325,518
2022-09-13,Stanislaus,099,539301,137148,136981,21471,158452,1727
2022-09-13,Sutter,101,95872,24120,24119,2467,26586,232
2022-09-13,Tehama,103,63373,13542,13503,3067,16570,210
2022-09-13,Trinity,105,12862,1390,1385,380,1765,20
2022-09-13,Tulare,107,460477,121308,121230,36176,157406,1531
2022-09-13,Tuolumne,109,53932,15453,15411,923,16334,196
2022-09-13,Ventura,111,848112,207341,207049,15681,222730,1563
2022-09-13,Yolo,113,214977,47129,47085,4370,51455,334
2022-09-13,Yuba,115,75493,18789,18764,1697,20461,129
2022-09-12,Alameda,001,1643700,344444,343017,19616,362633,2006
2022-09-12,Alpine,003,1148,134,134,1,135,0
2022-09-12,Amador,005,37829,9928,9890,922,10812,89
2022-09-12,Butte,007,227075,39257,39049,8959,48008,453
2022-09-12,Calaveras,009,45235,8451,8444,530,8974,133
2022-09-12,Colusa,011,21464,3776,3755,1270,5025,22
2022-09-12,Contra Costa,013,1133247,248404,246174,20512,266686,1415
2022-09-12,Del Norte,015,27424,7376,7354,404,7758,56
2022-09-12,El Dorado,017,186661,32117,32027,4240,36267,229
2022-09-12,Fresno,019,978130,273361,272161,31036,303197,2835
2022-09-12,Glenn,021,27897,5506,5473,1859,7332,48
2022-09-12,Humboldt,023,135768,21587,21494,4952,26446,155
2022-09-12,Imperial,025,180216,65163,64926,15611,80537,956
2022-09-12,Inyo,027,18085,4473,4465,959,5424,59
2022-09-12,Kern,029,883053,218229,217203,62928,280131,2404
2022-09-12,Kings,031,150075,59179,58980,4063,63043,455
2022-09-12,Lake,033,64148,12709,12663,1190,13853,144
2022-09-12,Lassen,035,31185,9940,9931,985,10916,64
2022-09-12,Los Angeles,037,10098052,3261469,3246402,178587,3424989,33094
2022-09-12,Madera,039,155013,43777,43599,8218,51817,373
2022-09-12,Marin,041,260295,44767,44584,5261,49845,305
2022-09-12,Mariposa,043,17540,3068,3058,358,3416,31
2022-09-12,Mendocino,045,87422,15894,15853,4460,20313,135
2022-09-12,Merced,047,269075,71950,71563,11716,83279,856
2022-09-12,Modoc,049,8938,873,872,319,1191,11
2022-09-12,Mono,051,14174,3196,3188,250,3438,7
2022-09-12,Monterey,053,433212,93737,93513,20905,114418,762
2022-09-12,Napa,055,140530,32019,31910,1410,33320,158
2022-09-12,Nevada,057,99092,18845,18784,1829,20613,132
2022-09-12,Orange,059,3164182,663101,661329,61301,722630,7371
2022-09-12,Placer,061,380077,75257,74994,9449,84443,657
2022-09-12,Plumas,063,18699,3618,3594,431,4025,13
2022-09-12,Riverside,065,2383286,692132,690018,35072,725090,6596
2022-09-12,Sacramento,067,1510023,344113,343048,33508,376556,3254
2022-09-12,San Benito,069,59416,16062,16000,961,16961,103
2022-09-12,San Bernardino,071,2135413,667841,662248,30764,693012,8057
2022-09-12,San Diego,073,3302833,918178,915648,71128,986776,5474
2022-09-12,San Francisco,075,870044,177140,176512,12009,188521,1022
2022-09-12,San Joaquin,077,732212,196298,195697,14578,210275,2303
2022-09-12,San Luis Obispo,079,281455,62853,62569,7121,69690,519
2022-09-12,San Mateo,081,765935,166894,166165,10570,176735,735
2022-09-12,Santa Barbara,083,443738,105061,104627,6868,111495,717
2022-09-12,Santa Clara,085,1922200,428451,426854,18746,445600,2478
2022-09-12,Santa Cruz,087,273765,62591,62255,3412,65667,274
2022-09-12,Shasta,089,179085,34716,34531,7380,41911,591
2022-09-12,Sierra,091,2930,303,303,60,363,5
2022-09-12,Siskiyou,093,43540,5229,5197,3300,8497,90
2022-09-12,Solano,095,438530,104226,103841,7744,111585,461
2022-09-12,Sonoma,097,501317,106103,105778,5288,111066,521
2022-09-12,Stanislaus,099,539301,137090,136674,21465,158139,1726
2022-09-12,Sutter,101,95872,24109,24037,2465,26502,228
2022-09-12,Tehama,103,63373,13536,13471,3066,16537,210
2022-09-12,Trinity,105,12862,1389,1383,379,1762,20
2022-09-12,Tulare,107,460477,121255,120972,36138,157110,1529
2022-09-12,Tuolumne,109,53932,15444,15362,923,16285,196
2022-09-12,Ventura,111,848112,207235,206442,15663,222105,1558
2022-09-12,Yolo,113,214977,47114,46989,4368,51357,334
2022-09-12,Yuba,115,75493,18775,18709,1692,20401,129
2022-09-11,Alameda,001,1643700,344179,343017,19594,362611,2006
2022-09-11,Alpine,003,1148,134,134,1,135,0
2022-09-11,Amador,005,37829,9921,9890,919,10809,89
2022-09-11,Butte,007,227075,39224,39049,8949,47998,453
2022-09-11,Calaveras,009,45235,8448,8444,529,8973,133
2022-09-11,Colusa,011,21464,3774,3755,1268,5023,22
2022-09-11,Contra Costa,013,1133247,248242,246174,20481,266655,1415
2022-09-11,Del Norte,015,27424,7371,7354,403,7757,56
2022-09-11,El Dorado,017,186661,32101,32027,4232,36259,229
2022-09-11,Fresno,019,978130,273254,272161,31014,303175,2835
2022-09-11,Glenn,021,27897,5503,5473,1859,7332,48
2022-09-11,Humboldt,023,135768,21571,21494,4937,26431,155
2022-09-11,Imperial,025,180216,65121,64926,15582,80508,956
2022-09-11,Inyo,027,18085,4472,4465,950,5415,59
2022-09-11,Kern,029,883053,218123,217203,62826,280029,2404
2022-09-11,Kings,031,150075,59142,58980,4060,63040,455
2022-09-11,Lake,033,64148,12695,12663,1187,13850,144
2022-09-11,Lassen,035,31185,9935,9931,985,10916,64
2022-09-11,Los Angeles,037,10098052,3259731,3246402,178353,3424755,33094
2022-09-11,Madera,039,155013,43747,43599,8209,51808,373
2022-09-11,Marin,041,260295,44740,44584,5259,49843,305
2022-09-11,Mariposa,043,17540,3065,3058,358,3416,31
2022-09-11,Mendocino,045,87422,15885,15853,4453,20306,135
2022-09-11,Merced,047,269075,71915,71563,11704,83267,856
2022-09-11,Modoc,049,8938,873,872,318,1190,11
2022-09-11,Mono,051,14174,3193,3188,250,3438,7
2022-09-11,Monterey,053,433212,93709,93513,20886,114399,762
2022-09-11,Napa,055,140530,31999,31910,1408,33318,158
2022-09-11,Nevada,057,99092,18835,18784,1825,20609,132
2022-09-11,Orange,059,3164182,662805,661329,61232,722561,7371
2022-09-11,Placer,061,380077,75224,74994,9443,84437,657
2022-09-11,Plumas,063,18699,3612,3594,431,4025,13
2022-09-11,Riverside,065,2383286,691851,690018,35041,725059,6596
2022-09-11,Sacramento,067,1510023,343912,343048,33446,376494,3254
2022-09-11,San Benito,069,59416,16054,16000,956,16956,103
2022-09-11,San Bernardino,071,2135413,667519,662248,30746,692994,8057
2022-09-11,San Diego,073,3302833,917636,915648,71064,986712,5474
2022-09-11,San Francisco,075,870044,176995,176512,11994,188506,1022
2022-09-11,San Joaquin,077,732212,196197,195697,14557,210254,2303
2022-09-11,San Luis Obispo,079,281455,62825,62569,7103,69672,519
2022-09-11,San Mateo,081,765935,166782,166165,10565,176730,735
2022-09-11,Santa Barbara,083,443738,105020,104627,6864,111491,717
2022-09-11,Santa Clara,085,1922200,428163,426854,18731,445585,2478
2022-09-11,Santa Cruz,087,273765,62555,62255,3408,65663,274
2022-09-11,Shasta,089,179085,34687,34531,7372,41903,591
2022-09-11,Sierra,091,2930,303,303,60,363,5
2022-09-11,Siskiyou,093,43540,5227,5197,3294,8491,90
2022-09-11,Solano,095,438530,104146,103841,7739,111580,461
2022-09-11,Sonoma,097,501317,106037,105778,5281,111059,521
2022-09-11,Stanislaus,099,539301,137021,136674,21449,158123,1726
2022-09-11,Sutter,101,95872,24088,24037,2463,26500,228
2022-09-11,Tehama,103,63373,13522,13471,3063,16534,210
2022-09-11,Trinity,105,12862,1389,1383,379,1762,20
2022-09-11,Tulare,107,460477,121207,120972,36103,157075,1529
2022-09-11,Tuolumne,109,53932,15436,15362,922,16284,196
2022-09-11,Ventura,111,848112,207097,206442,15636,222078,1558
2022-09-11,Yolo,113,214977,47086,46989,4365,51354,334
2022-09-11,Yuba,115,75493,18766,18709,1689,20398,129
2022-09-10,Alameda,001,1643700,344041,343017,19587,362604,2006
2022-09-10,Alpine,003,1148,134,134,1,135,0
2022-09-10,Amador,005,37829,9918,9890,918,10808,89
2022-09-10,Butte,007,227075,39207,39049,8948,47997,453
2022-09-10,Calaveras,009,45235,8446,8444,529,8973,133
2022-09-10,Colusa,011,21464,3773,3755,1268,5023,22
2022-09-10,Contra Costa,013,1133247,248135,246174,20469,266643,1415
2022-09-10,Del Norte,015,27424,7369,7354,402,7756,56
2022-09-10,El Dorado,017,186661,32092,32027,4231,36258,229
2022-09-10,Fresno,019,978130,273170,272161,31003,303164,2835
2022-09-10,Glenn,021,27897,5500,5473,1858,7331,48
2022-09-10,Humboldt,023,135768,21562,21494,4933,26427,155
2022-09-10,Imperial,025,180216,65099,64926,15571,80497,956
2022-09-10,Inyo,027,18085,4472,4465,950,5415,59
2022-09-10,Kern,029,883053,218068,217203,62785,279988,2404
2022-09-10,Kings,031,150075,59132,58980,4060,63040,455
2022-09-10,Lake,033,64148,12692,12663,1187,13850,144
2022-09-10,Lassen,035,31185,9934,9931,985,10916,64
2022-09-10,Los Angeles,037,10098052,3258799,3246402,178215,3424617,33094
2022-09-10,Madera,039,155013,43730,43599,8206,51805,373
2022-09-10,Marin,041,260295,44715,44584,5254,49838,305
2022-09-10,Mariposa,043,17540,3065,3058,357,3415,31
2022-09-10,Mendocino,045,87422,15883,15853,4451,20304,135
2022-09-10,Merced,047,269075,71901,71563,11701,83264,856
2022-09-10,Modoc,049,8938,873,872,317,1189,11
2022-09-10,Mono,051,14174,3192,3188,250,3438,7
2022-09-10,Monterey,053,433212,93689,93513,20880,114393,762
2022-09-10,Napa,055,140530,31991,31910,1408,33318,158
2022-09-10,Nevada,057,99092,18831,18784,1825,20609,132
2022-09-10,Orange,059,3164182,662633,661329,61193,722522,7371
2022-09-10,Placer,061,380077,75195,74994,9441,84435,657
2022-09-10,Plumas,063,18699,3608,3594,431,4025,13
2022-09-10,Riverside,065,2383286,691672,690018,35027,725045,6596
2022-09-10,Sacramento,067,1510023,343819,343048,33437,376485,3254
2022-09-10,San Benito,069,59416,16048,16000,955,16955,103
2022-09-10,San Bernardino,071,2135413,667358,662248,30731,692979,8057
2022-09-10,San Diego,073,3302833,917409,915648,71041,986689,5474
2022-09-10,San Francisco,075,870044,176936,176512,11991,188503,1022
2022-09-10,San Joaquin,077,732212,196146,195697,14549,210246,2303
2022-09-10,San Luis Obispo,079,281455,62813,62569,7100,69669,519
2022-09-10,San Mateo,081,765935,166708,166165,10556,176721,735
2022-09-10,Santa Barbara,083,443738,105003,104627,6860,111487,717
2022-09-10,Santa Clara,085,1922200,427936,426854,18723,445577,2478
2022-09-10,Santa Cruz,087,273765,62545,62255,3404,65659,274
2022-09-10,Shasta,089,179085,34678,34531,7367,41898,591
2022-09-10,Sierra,091,2930,303,303,60,363,5
2022-09-10,Siskiyou,093,43540,5227,5197,3294,8491,90
2022-09-10,Solano,095,438530,104121,103841,7737,111578,461
2022-09-10,Sonoma,097,501317,106015,105778,5280,111058,521
2022-09-10,Stanislaus,099,539301,136981,136674,21443,158117,1726
2022-09-10,Sutter,101,95872,24073,24037,2463,26500,228
2022-09-10,Tehama,103,63373,13521,13471,3063,16534,210
2022-09-10,Trinity,105,12862,1389,1383,379,1762,20
2022-09-10,Tulare,107,460477,121182,120972,36091,157063,1529
2022-09-10,Tuolumne,109,53932,15430,15362,922,16284,196
2022-09-10,Ventura,111,848112,207029,206442,15621,222063,1558
2022-09-10,Yolo,113,214977,47076,46989,4362,51351,334
2022-09-10,Yuba,115,75493,18758,18709,1688,20397,129
2022-09-09,Alameda,001,1643700,343864,343017,19577,362594,2006
2022-09-09,Alpine,003,1148,134,134,1,135,0
2022-09-09,Amador,005,37829,9913,9890,918,10808,89
2022-09-09,Butte,007,227075,39194,39049,8943,47992,453
2022-09-09,Calaveras,009,45235,8444,8444,529,8973,133
2022-09-09,Colusa,011,21464,3771,3755,1267,5022,22
2022-09-09,Contra Costa,013,1133247,248058,246174,20458,266632,1415
2022-09-09,Del Norte,015,27424,7368,7354,402,7756,56
2022-09-09,El Dorado,017,186661,32084,32027,4229,36256,229
2022-09-09,Fresno,019,978130,273105,272161,30990,303151,2835
2022-09-09,Glenn,021,27897,5498,5473,1858,7331,48
2022-09-09,Humboldt,023,135768,21556,21494,4927,26421,155
2022-09-09,Imperial,025,180216,65075,64926,15561,80487,956
2022-09-09,Inyo,027,18085,4470,4465,942,5407,59
2022-09-09,Kern,029,883053,218007,217203,62739,279942,2404
2022-09-09,Kings,031,150075,59113,58980,4060,63040,455
2022-09-09,Lake,033,64148,12689,12663,1186,13849,144
2022-09-09,Lassen,035,31185,9934,9931,985,10916,64
2022-09-09,Los Angeles,037,10098052,3257765,3246402,178069,3424471,33094
2022-09-09,Madera,039,155013,43712,43599,8204,51803,373
2022-09-09,Marin,041,260295,44702,44584,5253,49837,305
2022-09-09,Mariposa,043,17540,3064,3058,357,3415,31
2022-09-09,Mendocino,045,87422,15878,15853,4446,20299,135
2022-09-09,Merced,047,269075,71880,71563,11699,83262,856
2022-09-09,Modoc,049,8938,873,872,317,1189,11
2022-09-09,Mono,051,14174,3192,3188,250,3438,7
2022-09-09,Monterey,053,433212,93675,93513,20871,114384,762
2022-09-09,Napa,055,140530,31979,31910,1408,33318,158
2022-09-09,Nevada,057,99092,18824,18784,1825,20609,132
2022-09-09,Orange,059,3164182,662445,661329,61151,722480,7371
2022-09-09,Placer,061,380077,75173,74994,9438,84432,657
2022-09-09,Plumas,063,18699,3607,3594,431,4025,13
2022-09-09,Riverside,065,2383286,691487,690018,35012,725030,6596
2022-09-09,Sacramento,067,1510023,343683,343048,33425,376473,3254
2022-09-09,San Benito,069,59416,16038,16000,955,16955,103
2022-09-09,San Bernardino,071,2135413,667183,662248,30721,692969,8057
2022-09-09,San Diego,073,3302833,917145,915648,71014,986662,5474
2022-09-09,San Francisco,075,870044,176865,176512,11983,188495,1022
2022-09-09,San Joaquin,077,732212,196092,195697,14533,210230,2303
2022-09-09,San Luis Obispo,079,281455,62807,62569,7097,69666,519
2022-09-09,San Mateo,081,765935,166653,166165,10554,176719,735
2022-09-09,Santa Barbara,083,443738,104966,104627,6857,111484,717
2022-09-09,Santa Clara,085,1922200,427748,426854,18710,445564,2478
2022-09-09,Santa Cruz,087,273765,62524,62255,3402,65657,274
2022-09-09,Shasta,089,179085,34664,34531,7359,41890,591
2022-09-09,Sierra,091,2930,303,303,60,363,5
2022-09-09,Siskiyou,093,43540,5220,5197,3294,8491,90
2022-09-09,Solano,095,438530,104087,103841,7732,111573,461
2022-09-09,Sonoma,097,501317,105988,105778,5280,111058,521
2022-09-09,Stanislaus,099,539301,136955,136674,21434,158108,1726
2022-09-09,Sutter,101,95872,24066,24037,2462,26499,228
2022-09-09,Tehama,103,63373,13516,13471,3063,16534,210
2022-09-09,Trinity,105,12862,1388,1383,379,1762,20
2022-09-09,Tulare,107,460477,121146,120972,36070,157042,1529
2022-09-09,Tuolumne,109,53932,15429,15362,922,16284,196
2022-09-09,Ventura,111,848112,206960,206442,15606,222048,1558
2022-09-09,Yolo,113,214977,47061,46989,4362,51351,334
2022-09-09,Yuba,115,75493,18749,18709,1688,20397,129
2022-09-08,Alameda,001,1643700,343640,343017,19559,362576,2006
2022-09-08,Alpine,003,1148,134,134,1,135,0
2022-09-08,Amador,005,37829,9906,9890,918,10808,89
2022-09-08,Butte,007,227075,39173,39049,8932,47981,453
2022-09-08,Calaveras,009,45235,8444,8444,528,8972,133
2022-09-08,Colusa,011,21464,3771,3755,1267,5022,22
2022-09-08,Contra Costa,013,1133247,247932,246174,20436,266610,1415
2022-09-08,Del Norte,015,27424,7358,7354,402,7756,56
2022-09-08,El Dorado,017,186661,32070,32027,4224,36251,229
2022-09-08,Fresno,019,978130,272990,272161,30970,303131,2835
2022-09-08,Glenn,021,27897,5497,5473,1858,7331,48
2022-09-08,Humboldt,023,135768,21533,21494,4920,26414,155
2022-09-08,Imperial,025,180216,65045,64926,15539,80465,956
2022-09-08,Inyo,027,18085,4468,4465,940,5405,59
2022-09-08,Kern,029,883053,217917,217203,62649,279852,2404
2022-09-08,Kings,031,150075,59084,58980,4057,63037,455
2022-09-08,Lake,033,64148,12680,12663,1186,13849,144
2022-09-08,Lassen,035,31185,9933,9931,985,10916,64
2022-09-08,Los Angeles,037,10098052,3256313,3246402,177870,3424272,33094
2022-09-08,Madera,039,155013,43683,43599,8197,51796,373
2022-09-08,Marin,041,260295,44677,44584,5249,49833,305
2022-09-08,Mariposa,043,17540,3062,3058,356,3414,31
2022-09-08,Mendocino,045,87422,15871,15853,4446,20299,135
2022-09-08,Merced,047,269075,71852,71563,11686,83249,856
2022-09-08,Modoc,049,8938,873,872,317,1189,11
2022-09-08,Mono,051,14174,3192,3188,249,3437,7
2022-09-08,Monterey,053,433212,93646,93513,20847,114360,762
2022-09-08,Napa,055,140530,31966,31910,1408,33318,158
2022-09-08,Nevada,057,99092,18815,18784,1823,20607,132
2022-09-08,Orange,059,3164182,662173,661329,61085,722414,7371
2022-09-08,Placer,061,380077,75142,74994,9433,84427,657
2022-09-08,Plumas,063,18699,3604,3594,431,4025,13
2022-09-08,Riverside,065,2383286,691215,690018,34983,725001,6596
2022-09-08,Sacramento,067,1510023,343506,343048,33402,376450,3254
2022-09-08,San Benito,069,59416,16027,16000,955,16955,103
2022-09-08,San Bernardino,071,2135413,666888,662248,30708,692956,8057
2022-09-08,San Diego,073,3302833,916768,915648,70960,986608,5474
2022-09-08,San Francisco,075,870044,176746,176512,11975,188487,1022
2022-09-08,San Joaquin,077,732212,196008,195697,14515,210212,2303
2022-09-08,San Luis Obispo,079,281455,62790,62569,7089,69658,519
2022-09-08,San Mateo,081,765935,166572,166165,10548,176713,735
2022-09-08,Santa Barbara,083,443738,104926,104627,6850,111477,717
2022-09-08,Santa Clara,085,1922200,427481,426854,18698,445552,2478
2022-09-08,Santa Cruz,087,273765,62493,62255,3398,65653,274
2022-09-08,Shasta,089,179085,34643,34531,7349,41880,591
2022-09-08,Sierra,091,2930,303,303,60,363,5
2022-09-08,Siskiyou,093,43540,5215,5197,3293,8490,90
2022-09-08,Solano,095,438530,104032,103841,7723,111564,461
2022-09-08,Sonoma,097,501317,105910,105778,5272,111050,521
2022-09-08,Stanislaus,099,539301,136890,136674,21418,158092,1726
2022-09-08,Sutter,101,95872,24055,24037,2462,26499,228
2022-09-08,Tehama,103,63373,13509,13471,3060,16531,210
2022-09-08,Trinity,105,12862,1388,1383,379,1762,20
2022-09-08,Tulare,107,460477,121099,120972,36040,157012,1529
2022-09-08,Tuolumne,109,53932,15422,15362,921,16283,196
2022-09-08,Ventura,111,848112,206846,206442,15578,222020,1558
2022-09-08,Yolo,113,214977,47040,46989,4354,51343,334
2022-09-08,Yuba,115,75493,18739,18709,1684,20393,129
2022-09-07,Alameda,001,1643700,343396,342480,19550,362030,1999
2022-09-07,Alpine,003,1148,134,133,1,134,0
2022-09-07,Amador,005,37829,9903,9877,918,10795,89
2022-09-07,Butte,007,227075,39144,38969,8920,47889,453
2022-09-07,Calaveras,009,45235,8442,8437,526,8963,133
2022-09-07,Colusa,011,21464,3768,3748,1267,5015,22
2022-09-07,Contra Costa,013,1133247,247794,245708,20419,266127,1415
2022-09-07,Del Norte,015,27424,7356,7346,402,7748,56
2022-09-07,El Dorado,017,186661,32057,31979,4223,36202,229
2022-09-07,Fresno,019,978130,272830,271753,30941,302694,2835
2022-09-07,Glenn,021,27897,5495,5468,1857,7325,48
2022-09-07,Humboldt,023,135768,21515,21459,4917,26376,155
2022-09-07,Imperial,025,180216,65010,64755,15516,80271,956
2022-09-07,Inyo,027,18085,4464,4456,932,5388,59
2022-09-07,Kern,029,883053,217817,216932,62555,279487,2404
2022-09-07,Kings,031,150075,59049,58922,4053,62975,455
2022-09-07,Lake,033,64148,12672,12647,1184,13831,143
2022-09-07,Lassen,035,31185,9933,9918,984,10902,64
2022-09-07,Los Angeles,037,10098052,3254730,3242352,177670,3420022,32971
2022-09-07,Madera,039,155013,43636,43533,8197,51730,373
2022-09-07,Marin,041,260295,44654,44489,5247,49736,305
2022-09-07,Mariposa,043,17540,3060,3046,356,3402,31
2022-09-07,Mendocino,045,87422,15867,15813,4439,20252,135
2022-09-07,Merced,047,269075,71819,71448,11672,83120,856
2022-09-07,Modoc,049,8938,873,868,317,1185,11
2022-09-07,Mono,051,14174,3191,3184,249,3433,7
2022-09-07,Monterey,053,433212,93616,93430,20828,114258,762
2022-09-07,Napa,055,140530,31946,31854,1408,33262,156
2022-09-07,Nevada,057,99092,18804,18761,1819,20580,132
2022-09-07,Orange,059,3164182,661867,660580,61014,721594,7362
2022-09-07,Placer,061,380077,75116,74884,9423,84307,658
2022-09-07,Plumas,063,18699,3602,3588,430,4018,13
2022-09-07,Riverside,065,2383286,690885,688794,34956,723750,6591
2022-09-07,Sacramento,067,1510023,343346,342602,33369,375971,3248
2022-09-07,San Benito,069,59416,16014,15933,954,16887,103
2022-09-07,San Bernardino,071,2135413,666632,660303,30691,690994,8023
2022-09-07,San Diego,073,3302833,916276,914552,70917,985469,5468
2022-09-07,San Francisco,075,870044,176648,176386,11965,188351,1018
2022-09-07,San Joaquin,077,732212,195896,195359,14502,209861,2303
2022-09-07,San Luis Obispo,079,281455,62771,62548,7084,69632,517
2022-09-07,San Mateo,081,765935,166471,165893,10541,176434,736
2022-09-07,Santa Barbara,083,443738,104884,104452,6843,111295,717
2022-09-07,Santa Clara,085,1922200,427204,426178,18685,444863,2472
2022-09-07,Santa Cruz,087,273765,62460,62187,3395,65582,274
2022-09-07,Shasta,089,179085,34622,34484,7331,41815,591
2022-09-07,Sierra,091,2930,303,303,60,363,5
2022-09-07,Siskiyou,093,43540,5210,5190,3292,8482,89
2022-09-07,Solano,095,438530,103975,103665,7716,111381,463
2022-09-07,Sonoma,097,501317,105848,105389,5268,110657,517
2022-09-07,Stanislaus,099,539301,136813,136477,21407,157884,1726
2022-09-07,Sutter,101,95872,24041,23984,2462,26446,228
2022-09-07,Tehama,103,63373,13506,13453,3056,16509,210
2022-09-07,Trinity,105,12862,1388,1382,379,1761,20
2022-09-07,Tulare,107,460477,121047,120846,36009,156855,1529
2022-09-07,Tuolumne,109,53932,15415,15327,921,16248,196
2022-09-07,Ventura,111,848112,206732,206121,15555,221676,1557
2022-09-07,Yolo,113,214977,47011,46966,4348,51314,334
2022-09-07,Yuba,115,75493,18725,18665,1683,20348,129
2022-09-06,Alameda,001,1643700,343131,342480,19536,362016,1999
2022-09-06,Alpine,003,1148,133,133,1,134,0
2022-09-06,Amador,005,37829,9900,9877,918,10795,89
2022-09-06,Butte,007,227075,39113,38969,8909,47878,453
2022-09-06,Calaveras,009,45235,8440,8437,524,8961,133
2022-09-06,Colusa,011,21464,3766,3748,1267,5015,22
2022-09-06,Contra Costa,013,1133247,247630,245708,20390,266098,1415
2022-09-06,Del Norte,015,27424,7348,7346,402,7748,56
2022-09-06,El Dorado,017,186661,32039,31979,4217,36196,229
2022-09-06,Fresno,019,978130,272699,271753,30913,302666,2835
2022-09-06,Glenn,021,27897,5493,5468,1855,7323,48
2022-09-06,Humboldt,023,135768,21498,21459,4911,26370,155
2022-09-06,Imperial,025,180216,64960,64755,15488,80243,956
2022-09-06,Inyo,027,18085,4462,4456,925,5381,59
2022-09-06,Kern,029,883053,217724,216932,62453,279385,2404
2022-09-06,Kings,031,150075,59009,58922,4049,62971,455
2022-09-06,Lake,033,64148,12669,12647,1168,13815,143
2022-09-06,Lassen,035,31185,9930,9918,982,10900,64
2022-09-06,Los Angeles,037,10098052,3252953,3242352,177457,3419809,32971
2022-09-06,Madera,039,155013,43594,43533,8192,51725,373
2022-09-06,Marin,041,260295,44623,44489,5243,49732,305
2022-09-06,Mariposa,043,17540,3059,3046,355,3401,31
2022-09-06,Mendocino,045,87422,15862,15813,4431,20244,135
2022-09-06,Merced,047,269075,71784,71448,11654,83102,856
2022-09-06,Modoc,049,8938,872,868,317,1185,11
2022-09-06,Mono,051,14174,3191,3184,248,3432,7
2022-09-06,Monterey,053,433212,93581,93430,20809,114239,762
2022-09-06,Napa,055,140530,31930,31854,1408,33262,156
2022-09-06,Nevada,057,99092,18795,18761,1814,20575,132
2022-09-06,Orange,059,3164182,661509,660580,60940,721520,7362
2022-09-06,Placer,061,380077,75072,74884,9421,84305,658
2022-09-06,Plumas,063,18699,3598,3588,430,4018,13
2022-09-06,Riverside,065,2383286,690415,688794,34921,723715,6591
2022-09-06,Sacramento,067,1510023,343132,342602,33326,375928,3248
2022-09-06,San Benito,069,59416,15998,15933,954,16887,103
2022-09-06,San Bernardino,071,2135413,666361,660303,30673,690976,8023
2022-09-06,San Diego,073,3302833,915767,914552,70864,985416,5468
2022-09-06,San Francisco,075,870044,176518,176386,11953,188339,1018
2022-09-06,San Joaquin,077,732212,195808,195359,14486,209845,2303
2022-09-06,San Luis Obispo,079,281455,62730,62548,7082,69630,517
2022-09-06,San Mateo,081,765935,166368,165893,10529,176422,736
2022-09-06,Santa Barbara,083,443738,104829,104452,6837,111289,717
2022-09-06,Santa Clara,085,1922200,426943,426178,18671,444849,2472
2022-09-06,Santa Cruz,087,273765,62380,62187,3395,65582,274
2022-09-06,Shasta,089,179085,34576,34484,7308,41792,591
2022-09-06,Sierra,091,2930,303,303,60,363,5
2022-09-06,Siskiyou,093,43540,5207,5190,3288,8478,89
2022-09-06,Solano,095,438530,103911,103665,7704,111369,463
2022-09-06,Sonoma,097,501317,105788,105389,5264,110653,517
2022-09-06,Stanislaus,099,539301,136744,136477,21391,157868,1726
2022-09-06,Sutter,101,95872,24016,23984,2462,26446,228
2022-09-06,Tehama,103,63373,13497,13453,3053,16506,210
2022-09-06,Trinity,105,12862,1387,1382,379,1761,20
2022-09-06,Tulare,107,460477,120997,120846,35970,156816,1529
2022-09-06,Tuolumne,109,53932,15404,15327,921,16248,196
2022-09-06,Ventura,111,848112,206590,206121,15535,221656,1557
2022-09-06,Yolo,113,214977,46995,46966,4337,51303,334
2022-09-06,Yuba,115,75493,18704,18665,1682,20347,129
2022-09-05,Alameda,001,1643700,342839,342480,19526,362006,1999
2022-09-05,Alpine,003,1148,133,133,1,134,0
2022-09-05,Amador,005,37829,9896,9877,918,10795,89
2022-09-05,Butte,007,227075,39068,38969,8895,47864,453
2022-09-05,Calaveras,009,45235,8437,8437,523,8960,133
2022-09-05,Colusa,011,21464,3759,3748,1264,5012,22
2022-09-05,Contra Costa,013,1133247,247443,245708,20370,266078,1415
2022-09-05,Del Norte,015,27424,7343,7346,400,7746,56
2022-09-05,El Dorado,017,186661,32017,31979,4209,36188,229
2022-09-05,Fresno,019,978130,272470,271753,30850,302603,2835
2022-09-05,Glenn,021,27897,5491,5468,1851,7319,48
2022-09-05,Humboldt,023,135768,21483,21459,4903,26362,155
2022-09-05,Imperial,025,180216,64907,64755,15444,80199,956
2022-09-05,Inyo,027,18085,4460,4456,923,5379,59
2022-09-05,Kern,029,883053,217595,216932,62324,279256,2404
2022-09-05,Kings,031,150075,58951,58922,4045,62967,455
2022-09-05,Lake,033,64148,12663,12647,1165,13812,143
2022-09-05,Lassen,035,31185,9921,9918,981,10899,64
2022-09-05,Los Angeles,037,10098052,3250532,3242352,177196,3419548,32971
2022-09-05,Madera,039,155013,43540,43533,8170,51703,373
2022-09-05,Marin,041,260295,44596,44489,5241,49730,305
2022-09-05,Mariposa,043,17540,3054,3046,355,3401,31
2022-09-05,Mendocino,045,87422,15843,15813,4418,20231,135
2022-09-05,Merced,047,269075,71721,71448,11623,83071,856
2022-09-05,Modoc,049,8938,871,868,316,1184,11
2022-09-05,Mono,051,14174,3189,3184,245,3429,7
2022-09-05,Monterey,053,433212,93520,93430,20788,114218,762
2022-09-05,Napa,055,140530,31903,31854,1404,33258,156
2022-09-05,Nevada,057,99092,18788,18761,1809,20570,132
2022-09-05,Orange,059,3164182,661040,660580,60841,721421,7362
2022-09-05,Placer,061,380077,75022,74884,9417,84301,658
2022-09-05,Plumas,063,18699,3597,3588,430,4018,13
2022-09-05,Riverside,065,2383286,689905,688794,34869,723663,6591
2022-09-05,Sacramento,067,1510023,342844,342602,33261,375863,3248
2022-09-05,San Benito,069,59416,15973,15933,950,16883,103
2022-09-05,San Bernardino,071,2135413,665933,660303,30638,690941,8023
2022-09-05,San Diego,073,3302833,915141,914552,70774,985326,5468
2022-09-05,San Francisco,075,870044,176359,176386,11946,188332,1018
2022-09-05,San Joaquin,077,732212,195669,195359,14473,209832,2303
2022-09-05,San Luis Obispo,079,281455,62677,62548,7064,69612,517
2022-09-05,San Mateo,081,765935,166251,165893,10520,176413,736
2022-09-05,Santa Barbara,083,443738,104744,104452,6830,111282,717
2022-09-05,Santa Clara,085,1922200,426581,426178,18654,444832,2472
2022-09-05,Santa Cruz,087,273765,62322,62187,3390,65577,274
2022-09-05,Shasta,089,179085,34545,34484,7295,41779,591
2022-09-05,Sierra,091,2930,303,303,60,363,5
2022-09-05,Siskiyou,093,43540,5201,5190,3288,8478,89
2022-09-05,Solano,095,438530,103815,103665,7687,111352,463
2022-09-05,Sonoma,097,501317,105717,105389,5257,110646,517
2022-09-05,Stanislaus,099,539301,136646,136477,21374,157851,1726
2022-09-05,Sutter,101,95872,23992,23984,2460,26444,228
2022-09-05,Tehama,103,63373,13489,13453,3052,16505,210
2022-09-05,Trinity,105,12862,1387,1382,378,1760,20
2022-09-05,Tulare,107,460477,120901,120846,35909,156755,1529
2022-09-05,Tuolumne,109,53932,15385,15327,920,16247,196
2022-09-05,Ventura,111,848112,206416,206121,15495,221616,1557
2022-09-05,Yolo,113,214977,46972,46966,4329,51295,334
2022-09-05,Yuba,115,75493,18682,18665,1681,20346,129
2022-09-04,Alameda,001,1643700,342700,341621,19513,361134,1998
2022-09-04,Alpine,003,1148,133,133,1,134,0
2022-09-04,Amador,005,37829,9892,9855,917,10772,89
2022-09-04,Butte,007,227075,39047,38851,8887,47738,453
2022-09-04,Calaveras,009,45235,8435,8422,522,8944,133
2022-09-04,Colusa,011,21464,3758,3742,1261,5003,22
2022-09-04,Contra Costa,013,1133247,247339,245022,20363,265385,1410
2022-09-04,Del Norte,015,27424,7342,7340,399,7739,56
2022-09-04,El Dorado,017,186661,32001,31929,4205,36134,229
2022-09-04,Fresno,019,978130,272362,271062,30839,301901,2835
2022-09-04,Glenn,021,27897,5490,5462,1851,7313,48
2022-09-04,Humboldt,023,135768,21473,21390,4899,26289,154
2022-09-04,Imperial,025,180216,64880,64678,15432,80110,956
2022-09-04,Inyo,027,18085,4458,4449,920,5369,59
2022-09-04,Kern,029,883053,217512,216471,62228,278699,2404
2022-09-04,Kings,031,150075,58937,58753,4045,62798,455
2022-09-04,Lake,033,64148,12656,12608,1164,13772,143
2022-09-04,Lassen,035,31185,9918,9908,981,10889,64
2022-09-04,Los Angeles,037,10098052,3249598,3235242,177078,3412320,32927
2022-09-04,Madera,039,155013,43527,43403,8162,51565,373
2022-09-04,Marin,041,260295,44570,44394,5236,49630,305
2022-09-04,Mariposa,043,17540,3053,3036,355,3391,31
2022-09-04,Mendocino,045,87422,15839,15781,4417,20198,134
2022-09-04,Merced,047,269075,71697,71280,11618,82898,856
2022-09-04,Modoc,049,8938,871,868,316,1184,11
2022-09-04,Mono,051,14174,3189,3183,245,3428,7
2022-09-04,Monterey,053,433212,93488,93246,20766,114012,761
2022-09-04,Napa,055,140530,31894,31799,1404,33203,156
2022-09-04,Nevada,057,99092,18779,18705,1806,20511,132
2022-09-04,Orange,059,3164182,660867,659290,60790,720080,7347
2022-09-04,Placer,061,380077,74987,74754,9415,84169,657
2022-09-04,Plumas,063,18699,3595,3587,430,4017,13
2022-09-04,Riverside,065,2383286,689715,687184,34851,722035,6581
2022-09-04,Sacramento,067,1510023,342746,341766,33245,375011,3243
2022-09-04,San Benito,069,59416,15968,15900,950,16850,103
2022-09-04,San Bernardino,071,2135413,665787,658354,30622,688976,8006
2022-09-04,San Diego,073,3302833,914905,912824,70756,983580,5464
2022-09-04,San Francisco,075,870044,176282,176131,11941,188072,1015
2022-09-04,San Joaquin,077,732212,195546,194904,14459,209363,2301
2022-09-04,San Luis Obispo,079,281455,62667,62455,7060,69515,517
2022-09-04,San Mateo,081,765935,166195,165520,10516,176036,738
2022-09-04,Santa Barbara,083,443738,104693,104161,6825,110986,716
2022-09-04,Santa Clara,085,1922200,426383,425040,18640,443680,2473
2022-09-04,Santa Cruz,087,273765,62303,61989,3389,65378,273
2022-09-04,Shasta,089,179085,34538,34422,7288,41710,591
2022-09-04,Sierra,091,2930,303,303,60,363,5
2022-09-04,Siskiyou,093,43540,5198,5168,3285,8453,89
2022-09-04,Solano,095,438530,103797,103457,7683,111140,461
2022-09-04,Sonoma,097,501317,105691,105162,5252,110414,517
2022-09-04,Stanislaus,099,539301,136586,136168,21366,157534,1726
2022-09-04,Sutter,101,95872,23977,23927,2460,26387,228
2022-09-04,Tehama,103,63373,13481,13406,3049,16455,210
2022-09-04,Trinity,105,12862,1387,1377,377,1754,20
2022-09-04,Tulare,107,460477,120859,120592,35873,156465,1527
2022-09-04,Tuolumne,109,53932,15371,15294,919,16213,196
2022-09-04,Ventura,111,848112,206327,205627,15484,221111,1558
2022-09-04,Yolo,113,214977,46962,46882,4323,51205,334
2022-09-04,Yuba,115,75493,18678,18615,1681,20296,129
2022-09-03,Alameda,001,1643700,342577,341621,19507,361128,1998
2022-09-03,Alpine,003,1148,133,133,1,134,0
2022-09-03,Amador,005,37829,9887,9855,916,10771,89
2022-09-03,Butte,007,227075,39030,38851,8879,47730,453
2022-09-03,Calaveras,009,45235,8434,8422,522,8944,133
2022-09-03,Colusa,011,21464,3758,3742,1260,5002,22
2022-09-03,Contra Costa,013,1133247,247231,245022,20353,265375,1410
2022-09-03,Del Norte,015,27424,7342,7340,399,7739,56
2022-09-03,El Dorado,017,186661,31993,31929,4203,36132,229
2022-09-03,Fresno,019,978130,272282,271062,30824,301886,2835
2022-09-03,Glenn,021,27897,5489,5462,1851,7313,48
2022-09-03,Humboldt,023,135768,21465,21390,4899,26289,154
2022-09-03,Imperial,025,180216,64861,64678,15422,80100,956
2022-09-03,Inyo,027,18085,4457,4449,918,5367,59
2022-09-03,Kern,029,883053,217443,216471,62162,278633,2404
2022-09-03,Kings,031,150075,58924,58753,4045,62798,455
2022-09-03,Lake,033,64148,12650,12608,1164,13772,143
2022-09-03,Lassen,035,31185,9918,9908,981,10889,64
2022-09-03,Los Angeles,037,10098052,3248653,3235242,176943,3412185,32927
2022-09-03,Madera,039,155013,43508,43403,8161,51564,373
2022-09-03,Marin,041,260295,44556,44394,5233,49627,305
2022-09-03,Mariposa,043,17540,3052,3036,354,3390,31
2022-09-03,Mendocino,045,87422,15827,15781,4414,20195,134
2022-09-03,Merced,047,269075,71671,71280,11615,82895,856
2022-09-03,Modoc,049,8938,871,868,316,1184,11
2022-09-03,Mono,051,14174,3189,3183,244,3427,7
2022-09-03,Monterey,053,433212,93473,93246,20754,114000,761
2022-09-03,Napa,055,140530,31888,31799,1404,33203,156
2022-09-03,Nevada,057,99092,18773,18705,1806,20511,132
2022-09-03,Orange,059,3164182,660672,659290,60735,720025,7347
2022-09-03,Placer,061,380077,74955,74754,9413,84167,657
2022-09-03,Plumas,063,18699,3593,3587,430,4017,13
2022-09-03,Riverside,065,2383286,689513,687184,34825,722009,6581
2022-09-03,Sacramento,067,1510023,342627,341766,33235,375001,3243
2022-09-03,San Benito,069,59416,15962,15900,949,16849,103
2022-09-03,San Bernardino,071,2135413,665601,658354,30597,688951,8006
2022-09-03,San Diego,073,3302833,914658,912824,70736,983560,5464
2022-09-03,San Francisco,075,870044,176228,176131,11936,188067,1015
2022-09-03,San Joaquin,077,732212,195491,194904,14449,209353,2301
2022-09-03,San Luis Obispo,079,281455,62657,62455,7057,69512,517
2022-09-03,San Mateo,081,765935,166134,165520,10506,176026,738
2022-09-03,Santa Barbara,083,443738,104648,104161,6820,110981,716
2022-09-03,Santa Clara,085,1922200,426204,425040,18633,443673,2473
2022-09-03,Santa Cruz,087,273765,62284,61989,3388,65377,273
2022-09-03,Shasta,089,179085,34526,34422,7284,41706,591
2022-09-03,Sierra,091,2930,303,303,60,363,5
2022-09-03,Siskiyou,093,43540,5195,5168,3285,8453,89
2022-09-03,Solano,095,438530,103783,103457,7679,111136,461
2022-09-03,Sonoma,097,501317,105668,105162,5252,110414,517
2022-09-03,Stanislaus,099,539301,136545,136168,21361,157529,1726
2022-09-03,Sutter,101,95872,23967,23927,2459,26386,228
2022-09-03,Tehama,103,63373,13476,13406,3048,16454,210
2022-09-03,Trinity,105,12862,1387,1377,377,1754,20
2022-09-03,Tulare,107,460477,120827,120592,35835,156427,1527
2022-09-03,Tuolumne,109,53932,15367,15294,918,16212,196
2022-09-03,Ventura,111,848112,206248,205627,15471,221098,1558
2022-09-03,Yolo,113,214977,46952,46882,4321,51203,334
2022-09-03,Yuba,115,75493,18669,18615,1680,20295,129
2022-09-02,Alameda,001,1643700,342445,341621,19500,361121,1998
2022-09-02,Alpine,003,1148,133,133,1,134,0
2022-09-02,Amador,005,37829,9885,9855,916,10771,89
2022-09-02,Butte,007,227075,39018,38851,8867,47718,453
2022-09-02,Calaveras,009,45235,8430,8422,521,8943,133
2022-09-02,Colusa,011,21464,3757,3742,1260,5002,22
2022-09-02,Contra Costa,013,1133247,247137,245022,20340,265362,1410
2022-09-02,Del Norte,015,27424,7342,7340,397,7737,56
2022-09-02,El Dorado,017,186661,31982,31929,4201,36130,229
2022-09-02,Fresno,019,978130,272168,271062,30804,301866,2835
2022-09-02,Glenn,021,27897,5485,5462,1851,7313,48
2022-09-02,Humboldt,023,135768,21458,21390,4895,26285,154
2022-09-02,Imperial,025,180216,64840,64678,15409,80087,956
2022-09-02,Inyo,027,18085,4454,4449,917,5366,59
2022-09-02,Kern,029,883053,217361,216471,62094,278565,2404
2022-09-02,Kings,031,150075,58912,58753,4042,62795,455
2022-09-02,Lake,033,64148,12646,12608,1163,13771,143
2022-09-02,Lassen,035,31185,9917,9908,981,10889,64
2022-09-02,Los Angeles,037,10098052,3247607,3235242,176785,3412027,32927
2022-09-02,Madera,039,155013,43495,43403,8156,51559,373
2022-09-02,Marin,041,260295,44538,44394,5223,49617,305
2022-09-02,Mariposa,043,17540,3049,3036,352,3388,31
2022-09-02,Mendocino,045,87422,15825,15781,4413,20194,134
2022-09-02,Merced,047,269075,71645,71280,11612,82892,856
2022-09-02,Modoc,049,8938,871,868,316,1184,11
2022-09-02,Mono,051,14174,3189,3183,244,3427,7
2022-09-02,Monterey,053,433212,93446,93246,20737,113983,761
2022-09-02,Napa,055,140530,31875,31799,1404,33203,156
2022-09-02,Nevada,057,99092,18768,18705,1804,20509,132
2022-09-02,Orange,059,3164182,660484,659290,60673,719963,7347
2022-09-02,Placer,061,380077,74938,74754,9407,84161,657
2022-09-02,Plumas,063,18699,3592,3587,430,4017,13
2022-09-02,Riverside,065,2383286,689266,687184,34810,721994,6581
2022-09-02,Sacramento,067,1510023,342481,341766,33228,374994,3243
2022-09-02,San Benito,069,59416,15955,15900,949,16849,103
2022-09-02,San Bernardino,071,2135413,665425,658354,30581,688935,8006
2022-09-02,San Diego,073,3302833,914389,912824,70709,983533,5464
2022-09-02,San Francisco,075,870044,176162,176131,11919,188050,1015
2022-09-02,San Joaquin,077,732212,195388,194904,14429,209333,2301
2022-09-02,San Luis Obispo,079,281455,62641,62455,7056,69511,517
2022-09-02,San Mateo,081,765935,166051,165520,10503,176023,738
2022-09-02,Santa Barbara,083,443738,104602,104161,6816,110977,716
2022-09-02,Santa Clara,085,1922200,426007,425040,18620,443660,2473
2022-09-02,Santa Cruz,087,273765,62261,61989,3386,65375,273
2022-09-02,Shasta,089,179085,34520,34422,7282,41704,591
2022-09-02,Sierra,091,2930,303,303,60,363,5
2022-09-02,Siskiyou,093,43540,5192,5168,3285,8453,89
2022-09-02,Solano,095,438530,103749,103457,7675,111132,461
2022-09-02,Sonoma,097,501317,105634,105162,5248,110410,517
2022-09-02,Stanislaus,099,539301,136499,136168,21355,157523,1726
2022-09-02,Sutter,101,95872,23956,23927,2459,26386,228
2022-09-02,Tehama,103,63373,13474,13406,3045,16451,210
2022-09-02,Trinity,105,12862,1386,1377,377,1754,20
2022-09-02,Tulare,107,460477,120785,120592,35811,156403,1527
2022-09-02,Tuolumne,109,53932,15365,15294,917,16211,196
2022-09-02,Ventura,111,848112,206157,205627,15458,221085,1558
2022-09-02,Yolo,113,214977,46941,46882,4318,51200,334
2022-09-02,Yuba,115,75493,18661,18615,1677,20292,129
2022-09-01,Alameda,001,1643700,342216,341621,19484,361105,1998
2022-09-01,Alpine,003,1148,133,133,1,134,0
2022-09-01,Amador,005,37829,9881,9855,916,10771,89
2022-09-01,Butte,007,227075,38990,38851,8852,47703,453
2022-09-01,Calaveras,009,45235,8424,8422,520,8942,133
2022-09-01,Colusa,011,21464,3753,3742,1260,5002,22
2022-09-01,Contra Costa,013,1133247,246988,245022,20315,265337,1410
2022-09-01,Del Norte,015,27424,7341,7340,395,7735,56
2022-09-01,El Dorado,017,186661,31972,31929,4200,36129,229
2022-09-01,Fresno,019,978130,271990,271062,30742,301804,2835
2022-09-01,Glenn,021,27897,5483,5462,1851,7313,48
2022-09-01,Humboldt,023,135768,21445,21390,4888,26278,154
2022-09-01,Imperial,025,180216,64793,64678,15387,80065,956
2022-09-01,Inyo,027,18085,4452,4449,916,5365,59
2022-09-01,Kern,029,883053,217286,216471,61978,278449,2404
2022-09-01,Kings,031,150075,58884,58753,4040,62793,455
2022-09-01,Lake,033,64148,12636,12608,1161,13769,143
2022-09-01,Lassen,035,31185,9917,9908,979,10887,64
2022-09-01,Los Angeles,037,10098052,3246037,3235242,176564,3411806,32927
2022-09-01,Madera,039,155013,43458,43403,8153,51556,373
2022-09-01,Marin,041,260295,44505,44394,5215,49609,305
2022-09-01,Mariposa,043,17540,3048,3036,352,3388,31
2022-09-01,Mendocino,045,87422,15820,15781,4411,20192,134
2022-09-01,Merced,047,269075,71612,71280,11595,82875,856
2022-09-01,Modoc,049,8938,871,868,315,1183,11
2022-09-01,Mono,051,14174,3189,3183,243,3426,7
2022-09-01,Monterey,053,433212,93407,93246,20716,113962,761
2022-09-01,Napa,055,140530,31856,31799,1404,33203,156
2022-09-01,Nevada,057,99092,18759,18705,1804,20509,132
2022-09-01,Orange,059,3164182,660174,659290,60595,719885,7347
2022-09-01,Placer,061,380077,74901,74754,9400,84154,657
2022-09-01,Plumas,063,18699,3591,3587,430,4017,13
2022-09-01,Riverside,065,2383286,688928,687184,34771,721955,6581
2022-09-01,Sacramento,067,1510023,342287,341766,33188,374954,3243
2022-09-01,San Benito,069,59416,15947,15900,948,16848,103
2022-09-01,San Bernardino,071,2135413,665097,658354,30547,688901,8006
2022-09-01,San Diego,073,3302833,913976,912824,70661,983485,5464
2022-09-01,San Francisco,075,870044,176028,176131,11907,188038,1015
2022-09-01,San Joaquin,077,732212,195297,194904,14408,209312,2301
2022-09-01,San Luis Obispo,079,281455,62605,62455,7047,69502,517
2022-09-01,San Mateo,081,765935,165957,165520,10494,176014,738
2022-09-01,Santa Barbara,083,443738,104541,104161,6807,110968,716
2022-09-01,Santa Clara,085,1922200,425720,425040,18611,443651,2473
2022-09-01,Santa Cruz,087,273765,62208,61989,3381,65370,273
2022-09-01,Shasta,089,179085,34500,34422,7277,41699,591
2022-09-01,Sierra,091,2930,303,303,60,363,5
2022-09-01,Siskiyou,093,43540,5191,5168,3284,8452,89
2022-09-01,Solano,095,438530,103681,103457,7672,111129,461
2022-09-01,Sonoma,097,501317,105567,105162,5239,110401,517
2022-09-01,Stanislaus,099,539301,136418,136168,21340,157508,1726
2022-09-01,Sutter,101,95872,23938,23927,2456,26383,228
2022-09-01,Tehama,103,63373,13468,13406,3042,16448,210
2022-09-01,Trinity,105,12862,1385,1377,374,1751,20
2022-09-01,Tulare,107,460477,120731,120592,35767,156359,1527
2022-09-01,Tuolumne,109,53932,15357,15294,917,16211,196
2022-09-01,Ventura,111,848112,206012,205627,15440,221067,1558
2022-09-01,Yolo,113,214977,46914,46882,4309,51191,334
2022-09-01,Yuba,115,75493,18647,18615,1677,20292,129
2022-08-31,Alameda,001,1643700,341984,340789,19469,360258,1986
2022-08-31,Alpine,003,1148,133,133,1,134,0
2022-08-31,Amador,005,37829,9877,9829,914,10743,89
2022-08-31,Butte,007,227075,38954,38720,8836,47556,452
2022-08-31,Calaveras,009,45235,8420,8404,519,8923,133
2022-08-31,Colusa,011,21464,3752,3744,1260,5004,22
2022-08-31,Contra Costa,013,1133247,246831,244168,20288,264456,1409
2022-08-31,Del Norte,015,27424,7338,7333,395,7728,56
2022-08-31,El Dorado,017,186661,31965,31864,4194,36058,226
2022-08-31,Fresno,019,978130,271809,270456,30608,301064,2829
2022-08-31,Glenn,021,27897,5482,5448,1850,7298,48
2022-08-31,Humboldt,023,135768,21420,21325,4883,26208,154
2022-08-31,Imperial,025,180216,64763,64562,15365,79927,953
2022-08-31,Inyo,027,18085,4450,4444,915,5359,59
2022-08-31,Kern,029,883053,217173,216037,61839,277876,2404
2022-08-31,Kings,031,150075,58848,58629,4035,62664,455
2022-08-31,Lake,033,64148,12624,12563,1161,13724,142
2022-08-31,Lassen,035,31185,9912,9889,978,10867,64
2022-08-31,Los Angeles,037,10098052,3244230,3228552,176330,3404882,32877
2022-08-31,Madera,039,155013,43423,43269,8139,51408,372
2022-08-31,Marin,041,260295,44475,44330,5209,49539,305
2022-08-31,Mariposa,043,17540,3048,3025,351,3376,31
2022-08-31,Mendocino,045,87422,15813,15733,4406,20139,134
2022-08-31,Merced,047,269075,71584,71089,11570,82659,852
2022-08-31,Modoc,049,8938,869,865,315,1180,11
2022-08-31,Mono,051,14174,3188,3181,242,3423,7
2022-08-31,Monterey,053,433212,93364,93046,20694,113740,762
2022-08-31,Napa,055,140530,31840,31725,1402,33127,156
2022-08-31,Nevada,057,99092,18742,18649,1803,20452,132
2022-08-31,Orange,059,3164182,659767,658076,60506,718582,7340
2022-08-31,Placer,061,380077,74860,74612,9393,84005,657
2022-08-31,Plumas,063,18699,3590,3581,430,4011,13
2022-08-31,Riverside,065,2383286,688521,685704,34731,720435,6581
2022-08-31,Sacramento,067,1510023,342078,340949,33142,374091,3230
2022-08-31,San Benito,069,59416,15935,15860,946,16806,103
2022-08-31,San Bernardino,071,2135413,664668,656343,30508,686851,8014
2022-08-31,San Diego,073,3302833,913508,910878,70605,981483,5459
2022-08-31,San Francisco,075,870044,175913,175752,11898,187650,1001
2022-08-31,San Joaquin,077,732212,195139,194437,14390,208827,2298
2022-08-31,San Luis Obispo,079,281455,62576,62312,7034,69346,515
2022-08-31,San Mateo,081,765935,165854,165161,10487,175648,738
2022-08-31,Santa Barbara,083,443738,104453,103894,6798,110692,717
2022-08-31,Santa Clara,085,1922200,425417,424011,18594,442605,2467
2022-08-31,Santa Cruz,087,273765,62159,61812,3378,65190,272
2022-08-31,Shasta,089,179085,34485,34355,7270,41625,590
2022-08-31,Sierra,091,2930,303,302,60,362,5
2022-08-31,Siskiyou,093,43540,5183,5152,3283,8435,89
2022-08-31,Solano,095,438530,103618,103173,7669,110842,461
2022-08-31,Sonoma,097,501317,105495,104964,5228,110192,527
2022-08-31,Stanislaus,099,539301,136329,135801,21316,157117,1722
2022-08-31,Sutter,101,95872,23923,23856,2455,26311,228
2022-08-31,Tehama,103,63373,13455,13370,3037,16407,210
2022-08-31,Trinity,105,12862,1385,1373,374,1747,20
2022-08-31,Tulare,107,460477,120655,120346,35719,156065,1527
2022-08-31,Tuolumne,109,53932,15348,15250,915,16165,196
2022-08-31,Ventura,111,848112,205867,205157,15423,220580,1557
2022-08-31,Yolo,113,214977,46881,46807,4300,51107,334
2022-08-31,Yuba,115,75493,18625,18558,1673,20231,129
2022-08-30,Alameda,001,1643700,341737,340789,19451,360240,1986
2022-08-30,Alpine,003,1148,133,133,1,134,0
2022-08-30,Amador,005,37829,9866,9829,914,10743,89
2022-08-30,Butte,007,227075,38918,38720,8821,47541,452
2022-08-30,Calaveras,009,45235,8417,8404,517,8921,133
2022-08-30,Colusa,011,21464,3752,3744,1258,5002,22
2022-08-30,Contra Costa,013,1133247,246678,244168,20268,264436,1409
2022-08-30,Del Norte,015,27424,7337,7333,395,7728,56
2022-08-30,El Dorado,017,186661,31948,31864,4190,36054,226
2022-08-30,Fresno,019,978130,271611,270456,30508,300964,2829
2022-08-30,Glenn,021,27897,5482,5448,1849,7297,48
2022-08-30,Humboldt,023,135768,21399,21325,4879,26204,154
2022-08-30,Imperial,025,180216,64717,64562,15329,79891,953
2022-08-30,Inyo,027,18085,4449,4444,912,5356,59
2022-08-30,Kern,029,883053,217045,216037,61691,277728,2404
2022-08-30,Kings,031,150075,58792,58629,4031,62660,455
2022-08-30,Lake,033,64148,12614,12563,1159,13722,142
2022-08-30,Lassen,035,31185,9908,9889,978,10867,64
2022-08-30,Los Angeles,037,10098052,3242148,3228552,176069,3404621,32877
2022-08-30,Madera,039,155013,43374,43269,8122,51391,372
2022-08-30,Marin,041,260295,44443,44330,5204,49534,305
2022-08-30,Mariposa,043,17540,3046,3025,349,3374,31
2022-08-30,Mendocino,045,87422,15802,15733,4396,20129,134
2022-08-30,Merced,047,269075,71534,71089,11548,82637,852
2022-08-30,Modoc,049,8938,869,865,315,1180,11
2022-08-30,Mono,051,14174,3186,3181,242,3423,7
2022-08-30,Monterey,053,433212,93318,93046,20679,113725,762
2022-08-30,Napa,055,140530,31822,31725,1401,33126,156
2022-08-30,Nevada,057,99092,18724,18649,1783,20432,132
2022-08-30,Orange,059,3164182,659323,658076,60397,718473,7340
2022-08-30,Placer,061,380077,74825,74612,9385,83997,657
2022-08-30,Plumas,063,18699,3589,3581,430,4011,13
2022-08-30,Riverside,065,2383286,688079,685704,34692,720396,6581
2022-08-30,Sacramento,067,1510023,341883,340949,33103,374052,3230
2022-08-30,San Benito,069,59416,15922,15860,942,16802,103
2022-08-30,San Bernardino,071,2135413,664198,656343,30475,686818,8014
2022-08-30,San Diego,073,3302833,912978,910878,70511,981389,5459
2022-08-30,San Francisco,075,870044,175794,175752,11888,187640,1001
2022-08-30,San Joaquin,077,732212,194988,194437,14356,208793,2298
2022-08-30,San Luis Obispo,079,281455,62539,62312,7018,69330,515
2022-08-30,San Mateo,081,765935,165749,165161,10477,175638,738
2022-08-30,Santa Barbara,083,443738,104360,103894,6786,110680,717
2022-08-30,Santa Clara,085,1922200,425090,424011,18579,442590,2467
2022-08-30,Santa Cruz,087,273765,62110,61812,3369,65181,272
2022-08-30,Shasta,089,179085,34462,34355,7265,41620,590
2022-08-30,Sierra,091,2930,303,302,60,362,5
2022-08-30,Siskiyou,093,43540,5175,5152,3281,8433,89
2022-08-30,Solano,095,438530,103531,103173,7662,110835,461
2022-08-30,Sonoma,097,501317,105430,104964,5221,110185,527
2022-08-30,Stanislaus,099,539301,136223,135801,21301,157102,1722
2022-08-30,Sutter,101,95872,23905,23856,2455,26311,228
2022-08-30,Tehama,103,63373,13448,13370,3030,16400,210
2022-08-30,Trinity,105,12862,1384,1373,373,1746,20
2022-08-30,Tulare,107,460477,120573,120346,35664,156010,1527
2022-08-30,Tuolumne,109,53932,15333,15250,915,16165,196
2022-08-30,Ventura,111,848112,205710,205157,15380,220537,1557
2022-08-30,Yolo,113,214977,46862,46807,4295,51102,334
2022-08-30,Yuba,115,75493,18613,18558,1671,20229,129
2022-08-29,Alameda,001,1643700,341415,340789,19420,360209,1986
2022-08-29,Alpine,003,1148,133,133,1,134,0
2022-08-29,Amador,005,37829,9852,9829,913,10742,89
2022-08-29,Butte,007,227075,38876,38720,8805,47525,452
2022-08-29,Calaveras,009,45235,8416,8404,515,8919,133
2022-08-29,Colusa,011,21464,3752,3744,1258,5002,22
2022-08-29,Contra Costa,013,1133247,246501,244168,20243,264411,1409
2022-08-29,Del Norte,015,27424,7336,7333,395,7728,56
2022-08-29,El Dorado,017,186661,31932,31864,4184,36048,226
2022-08-29,Fresno,019,978130,271385,270456,30466,300922,2829
2022-08-29,Glenn,021,27897,5480,5448,1846,7294,48
2022-08-29,Humboldt,023,135768,21376,21325,4872,26197,154
2022-08-29,Imperial,025,180216,64675,64562,15289,79851,953
2022-08-29,Inyo,027,18085,4448,4444,908,5352,59
2022-08-29,Kern,029,883053,216884,216037,61555,277592,2404
2022-08-29,Kings,031,150075,58722,58629,4027,62656,455
2022-08-29,Lake,033,64148,12600,12563,1158,13721,142
2022-08-29,Lassen,035,31185,9902,9889,978,10867,64
2022-08-29,Los Angeles,037,10098052,3239934,3228552,175792,3404344,32877
2022-08-29,Madera,039,155013,43336,43269,8101,51370,372
2022-08-29,Marin,041,260295,44409,44330,5198,49528,305
2022-08-29,Mariposa,043,17540,3043,3025,347,3372,31
2022-08-29,Mendocino,045,87422,15789,15733,4383,20116,134
2022-08-29,Merced,047,269075,71476,71089,11516,82605,852
2022-08-29,Modoc,049,8938,868,865,314,1179,11
2022-08-29,Mono,051,14174,3185,3181,242,3423,7
2022-08-29,Monterey,053,433212,93282,93046,20648,113694,762
2022-08-29,Napa,055,140530,31802,31725,1401,33126,156
2022-08-29,Nevada,057,99092,18708,18649,1781,20430,132
2022-08-29,Orange,059,3164182,658885,658076,60312,718388,7340
2022-08-29,Placer,061,380077,74786,74612,9372,83984,657
2022-08-29,Plumas,063,18699,3588,3581,430,4011,13
2022-08-29,Riverside,065,2383286,687512,685704,34633,720337,6581
2022-08-29,Sacramento,067,1510023,341609,340949,33047,373996,3230
2022-08-29,San Benito,069,59416,15909,15860,940,16800,103
2022-08-29,San Bernardino,071,2135413,663623,656343,30435,686778,8014
2022-08-29,San Diego,073,3302833,912353,910878,70441,981319,5459
2022-08-29,San Francisco,075,870044,175692,175752,11877,187629,1001
2022-08-29,San Joaquin,077,732212,194846,194437,14332,208769,2298
2022-08-29,San Luis Obispo,079,281455,62506,62312,7005,69317,515
2022-08-29,San Mateo,081,765935,165642,165161,10469,175630,738
2022-08-29,Santa Barbara,083,443738,104265,103894,6775,110669,717
2022-08-29,Santa Clara,085,1922200,424697,424011,18553,442564,2467
2022-08-29,Santa Cruz,087,273765,62043,61812,3361,65173,272
2022-08-29,Shasta,089,179085,34443,34355,7252,41607,590
2022-08-29,Sierra,091,2930,303,302,60,362,5
2022-08-29,Siskiyou,093,43540,5171,5152,3280,8432,89
2022-08-29,Solano,095,438530,103451,103173,7652,110825,461
2022-08-29,Sonoma,097,501317,105351,104964,5214,110178,527
2022-08-29,Stanislaus,099,539301,136103,135801,21267,157068,1722
2022-08-29,Sutter,101,95872,23878,23856,2451,26307,228
2022-08-29,Tehama,103,63373,13439,13370,3029,16399,210
2022-08-29,Trinity,105,12862,1383,1373,373,1746,20
2022-08-29,Tulare,107,460477,120485,120346,35592,155938,1527
2022-08-29,Tuolumne,109,53932,15318,15250,915,16165,196
2022-08-29,Ventura,111,848112,205565,205157,15354,220511,1557
2022-08-29,Yolo,113,214977,46836,46807,4285,51092,334
2022-08-29,Yuba,115,75493,18595,18558,1666,20224,129
2022-08-28,Alameda,001,1643700,341092,339618,19396,359014,1978
2022-08-28,Alpine,003,1148,133,133,1,134,0
2022-08-28,Amador,005,37829,9845,9802,911,10713,89
2022-08-28,Butte,007,227075,38826,38606,8793,47399,452
2022-08-28,Calaveras,009,45235,8408,8368,514,8882,133
2022-08-28,Colusa,011,21464,3750,3736,1254,4990,22
2022-08-28,Contra Costa,013,1133247,246283,243331,20221,263552,1404
2022-08-28,Del Norte,015,27424,7330,7316,394,7710,55
2022-08-28,El Dorado,017,186661,31902,31760,4175,35935,226
2022-08-28,Fresno,019,978130,271140,269680,30408,300088,2829
2022-08-28,Glenn,021,27897,5477,5434,1844,7278,49
2022-08-28,Humboldt,023,135768,21352,21264,4857,26121,154
2022-08-28,Imperial,025,180216,64623,64391,15240,79631,953
2022-08-28,Inyo,027,18085,4447,4443,905,5348,59
2022-08-28,Kern,029,883053,216757,215612,61376,276988,2399
2022-08-28,Kings,031,150075,58665,58443,4016,62459,455
2022-08-28,Lake,033,64148,12588,12524,1154,13678,142
2022-08-28,Lassen,035,31185,9891,9871,978,10849,64
2022-08-28,Los Angeles,037,10098052,3237261,3219328,175442,3394770,32833
2022-08-28,Madera,039,155013,43288,43105,8068,51173,372
2022-08-28,Marin,041,260295,44377,44192,5189,49381,305
2022-08-28,Mariposa,043,17540,3037,3018,346,3364,31
2022-08-28,Mendocino,045,87422,15775,15698,4379,20077,134
2022-08-28,Merced,047,269075,71405,70906,11463,82369,851
2022-08-28,Modoc,049,8938,868,865,314,1179,11
2022-08-28,Mono,051,14174,3184,3181,242,3423,7
2022-08-28,Monterey,053,433212,93215,92844,20619,113463,760
2022-08-28,Napa,055,140530,31775,31668,1400,33068,156
2022-08-28,Nevada,057,99092,18686,18592,1780,20372,132
2022-08-28,Orange,059,3164182,658426,656440,60204,716644,7326
2022-08-28,Placer,061,380077,74741,74391,9359,83750,657
2022-08-28,Plumas,063,18699,3585,3571,430,4001,13
2022-08-28,Riverside,065,2383286,686881,683511,34563,718074,6580
2022-08-28,Sacramento,067,1510023,341290,339846,32975,372821,3222
2022-08-28,San Benito,069,59416,15896,15805,937,16742,103
2022-08-28,San Bernardino,071,2135413,663028,653843,30374,684217,8017
2022-08-28,San Diego,073,3302833,911599,908809,70348,979157,5456
2022-08-28,San Francisco,075,870044,175539,175204,11866,187070,1000
2022-08-28,San Joaquin,077,732212,194618,193880,14299,208179,2296
2022-08-28,San Luis Obispo,079,281455,62461,62105,6983,69088,515
2022-08-28,San Mateo,081,765935,165492,164675,10456,175131,738
2022-08-28,Santa Barbara,083,443738,104133,103496,6754,110250,717
2022-08-28,Santa Clara,085,1922200,424287,422650,18532,441182,2459
2022-08-28,Santa Cruz,087,273765,61942,61594,3347,64941,273
2022-08-28,Shasta,089,179085,34413,34283,7233,41516,590
2022-08-28,Sierra,091,2930,302,300,60,360,5
2022-08-28,Siskiyou,093,43540,5165,5140,3278,8418,89
2022-08-28,Solano,095,438530,103358,102855,7643,110498,460
2022-08-28,Sonoma,097,501317,105268,104646,5203,109849,557
2022-08-28,Stanislaus,099,539301,135953,135310,21238,156548,1722
2022-08-28,Sutter,101,95872,23851,23759,2448,26207,228
2022-08-28,Tehama,103,63373,13419,13340,3027,16367,210
2022-08-28,Trinity,105,12862,1383,1370,371,1741,20
2022-08-28,Tulare,107,460477,120373,119942,35482,155424,1527
2022-08-28,Tuolumne,109,53932,15312,15193,910,16103,196
2022-08-28,Ventura,111,848112,205372,204567,15279,219846,1553
2022-08-28,Yolo,113,214977,46789,46744,4273,51017,334
2022-08-28,Yuba,115,75493,18576,18482,1660,20142,129
2022-08-27,Alameda,001,1643700,340905,339618,19385,359003,1978
2022-08-27,Alpine,003,1148,133,133,1,134,0
2022-08-27,Amador,005,37829,9839,9802,910,10712,89
2022-08-27,Butte,007,227075,38798,38606,8780,47386,452
2022-08-27,Calaveras,009,45235,8403,8368,514,8882,133
2022-08-27,Colusa,011,21464,3748,3736,1249,4985,22
2022-08-27,Contra Costa,013,1133247,246143,243331,20210,263541,1404
2022-08-27,Del Norte,015,27424,7329,7316,393,7709,55
2022-08-27,El Dorado,017,186661,31890,31760,4171,35931,226
2022-08-27,Fresno,019,978130,271019,269680,30392,300072,2829
2022-08-27,Glenn,021,27897,5475,5434,1844,7278,49
2022-08-27,Humboldt,023,135768,21336,21264,4849,26113,154
2022-08-27,Imperial,025,180216,64600,64391,15230,79621,953
2022-08-27,Inyo,027,18085,4446,4443,905,5348,59
2022-08-27,Kern,029,883053,216682,215612,61265,276877,2399
2022-08-27,Kings,031,150075,58635,58443,4013,62456,455
2022-08-27,Lake,033,64148,12584,12524,1150,13674,142
2022-08-27,Lassen,035,31185,9887,9871,978,10849,64
2022-08-27,Los Angeles,037,10098052,3235946,3219328,175230,3394558,32833
2022-08-27,Madera,039,155013,43253,43105,8064,51169,372
2022-08-27,Marin,041,260295,44356,44192,5180,49372,305
2022-08-27,Mariposa,043,17540,3036,3018,345,3363,31
2022-08-27,Mendocino,045,87422,15769,15698,4377,20075,134
2022-08-27,Merced,047,269075,71363,70906,11455,82361,851
2022-08-27,Modoc,049,8938,868,865,314,1179,11
2022-08-27,Mono,051,14174,3183,3181,242,3423,7
2022-08-27,Monterey,053,433212,93184,92844,20603,113447,760
2022-08-27,Napa,055,140530,31760,31668,1398,33066,156
2022-08-27,Nevada,057,99092,18675,18592,1778,20370,132
2022-08-27,Orange,059,3164182,658167,656440,60101,716541,7326
2022-08-27,Placer,061,380077,74704,74391,9355,83746,657
2022-08-27,Plumas,063,18699,3584,3571,430,4001,13
2022-08-27,Riverside,065,2383286,686548,683511,34537,718048,6580
2022-08-27,Sacramento,067,1510023,341160,339846,32961,372807,3222
2022-08-27,San Benito,069,59416,15881,15805,932,16737,103
2022-08-27,San Bernardino,071,2135413,662716,653843,30340,684183,8017
2022-08-27,San Diego,073,3302833,911259,908809,70317,979126,5456
2022-08-27,San Francisco,075,870044,175466,175204,11859,187063,1000
2022-08-27,San Joaquin,077,732212,194560,193880,14277,208157,2296
2022-08-27,San Luis Obispo,079,281455,62446,62105,6976,69081,515
2022-08-27,San Mateo,081,765935,165398,164675,10452,175127,738
2022-08-27,Santa Barbara,083,443738,104071,103496,6743,110239,717
2022-08-27,Santa Clara,085,1922200,424076,422650,18519,441169,2459
2022-08-27,Santa Cruz,087,273765,61929,61594,3346,64940,273
2022-08-27,Shasta,089,179085,34403,34283,7227,41510,590
2022-08-27,Sierra,091,2930,302,300,60,360,5
2022-08-27,Siskiyou,093,43540,5163,5140,3278,8418,89
2022-08-27,Solano,095,438530,103321,102855,7636,110491,460
2022-08-27,Sonoma,097,501317,105226,104646,5200,109846,557
2022-08-27,Stanislaus,099,539301,135879,135310,21212,156522,1722
2022-08-27,Sutter,101,95872,23836,23759,2448,26207,228
2022-08-27,Tehama,103,63373,13413,13340,3026,16366,210
2022-08-27,Trinity,105,12862,1382,1370,369,1739,20
2022-08-27,Tulare,107,460477,120314,119942,35432,155374,1527
2022-08-27,Tuolumne,109,53932,15306,15193,908,16101,196
2022-08-27,Ventura,111,848112,205288,204567,15266,219833,1553
2022-08-27,Yolo,113,214977,46768,46744,4272,51016,334
2022-08-27,Yuba,115,75493,18564,18482,1659,20141,129
2022-08-26,Alameda,001,1643700,340738,339618,19375,358993,1978
2022-08-26,Alpine,003,1148,133,133,1,134,0
2022-08-26,Amador,005,37829,9836,9802,908,10710,89
2022-08-26,Butte,007,227075,38784,38606,8768,47374,452
2022-08-26,Calaveras,009,45235,8398,8368,514,8882,133
2022-08-26,Colusa,011,21464,3747,3736,1249,4985,22
2022-08-26,Contra Costa,013,1133247,245990,243331,20201,263532,1404
2022-08-26,Del Norte,015,27424,7327,7316,393,7709,55
2022-08-26,El Dorado,017,186661,31870,31760,4170,35930,226
2022-08-26,Fresno,019,978130,270862,269680,30355,300035,2829
2022-08-26,Glenn,021,27897,5472,5434,1842,7276,49
2022-08-26,Humboldt,023,135768,21330,21264,4846,26110,154
2022-08-26,Imperial,025,180216,64577,64391,15216,79607,953
2022-08-26,Inyo,027,18085,4445,4443,898,5341,59
2022-08-26,Kern,029,883053,216613,215612,61165,276777,2399
2022-08-26,Kings,031,150075,58621,58443,4011,62454,455
2022-08-26,Lake,033,64148,12576,12524,1149,13673,142
2022-08-26,Lassen,035,31185,9885,9871,978,10849,64
2022-08-26,Los Angeles,037,10098052,3234540,3219328,175017,3394345,32833
2022-08-26,Madera,039,155013,43224,43105,8057,51162,372
2022-08-26,Marin,041,260295,44324,44192,5177,49369,305
2022-08-26,Mariposa,043,17540,3032,3018,340,3358,31
2022-08-26,Mendocino,045,87422,15763,15698,4375,20073,134
2022-08-26,Merced,047,269075,71326,70906,11446,82352,851
2022-08-26,Modoc,049,8938,867,865,314,1179,11
2022-08-26,Mono,051,14174,3183,3181,242,3423,7
2022-08-26,Monterey,053,433212,93145,92844,20587,113431,760
2022-08-26,Napa,055,140530,31747,31668,1397,33065,156
2022-08-26,Nevada,057,99092,18663,18592,1776,20368,132
2022-08-26,Orange,059,3164182,657908,656440,60039,716479,7326
2022-08-26,Placer,061,380077,74669,74391,9344,83735,657
2022-08-26,Plumas,063,18699,3583,3571,430,4001,13
2022-08-26,Riverside,065,2383286,686199,683511,34500,718011,6580
2022-08-26,Sacramento,067,1510023,340977,339846,32950,372796,3222
2022-08-26,San Benito,069,59416,15870,15805,932,16737,103
2022-08-26,San Bernardino,071,2135413,662403,653843,30313,684156,8017
2022-08-26,San Diego,073,3302833,910836,908809,70295,979104,5456
2022-08-26,San Francisco,075,870044,175383,175204,11853,187057,1000
2022-08-26,San Joaquin,077,732212,194487,193880,14259,208139,2296
2022-08-26,San Luis Obispo,079,281455,62424,62105,6972,69077,515
2022-08-26,San Mateo,081,765935,165308,164675,10445,175120,738
2022-08-26,Santa Barbara,083,443738,104019,103496,6737,110233,717
2022-08-26,Santa Clara,085,1922200,423862,422650,18507,441157,2459
2022-08-26,Santa Cruz,087,273765,61882,61594,3342,64936,273
2022-08-26,Shasta,089,179085,34391,34283,7223,41506,590
2022-08-26,Sierra,091,2930,302,300,60,360,5
2022-08-26,Siskiyou,093,43540,5160,5140,3278,8418,89
2022-08-26,Solano,095,438530,103263,102855,7626,110481,460
2022-08-26,Sonoma,097,501317,105184,104646,5198,109844,557
2022-08-26,Stanislaus,099,539301,135802,135310,21203,156513,1722
2022-08-26,Sutter,101,95872,23817,23759,2447,26206,228
2022-08-26,Tehama,103,63373,13402,13340,3024,16364,210
2022-08-26,Trinity,105,12862,1382,1370,369,1739,20
2022-08-26,Tulare,107,460477,120256,119942,35382,155324,1527
2022-08-26,Tuolumne,109,53932,15294,15193,908,16101,196
2022-08-26,Ventura,111,848112,205209,204567,15250,219817,1553
2022-08-26,Yolo,113,214977,46756,46744,4268,51012,334
2022-08-26,Yuba,115,75493,18551,18482,1659,20141,129
2022-08-25,Alameda,001,1643700,340447,339618,19348,358966,1978
2022-08-25,Alpine,003,1148,133,133,1,134,0
2022-08-25,Amador,005,37829,9829,9802,908,10710,89
2022-08-25,Butte,007,227075,38760,38606,8760,47366,452
2022-08-25,Calaveras,009,45235,8392,8368,514,8882,133
2022-08-25,Colusa,011,21464,3747,3736,1247,4983,22
2022-08-25,Contra Costa,013,1133247,245792,243331,20173,263504,1404
2022-08-25,Del Norte,015,27424,7318,7316,393,7709,55
2022-08-25,El Dorado,017,186661,31849,31760,4165,35925,226
2022-08-25,Fresno,019,978130,270667,269680,30306,299986,2829
2022-08-25,Glenn,021,27897,5467,5434,1841,7275,49
2022-08-25,Humboldt,023,135768,21309,21264,4836,26100,154
2022-08-25,Imperial,025,180216,64536,64391,15187,79578,953
2022-08-25,Inyo,027,18085,4445,4443,891,5334,59
2022-08-25,Kern,029,883053,216497,215612,61060,276672,2399
2022-08-25,Kings,031,150075,58565,58443,4003,62446,455
2022-08-25,Lake,033,64148,12563,12524,1146,13670,142
2022-08-25,Lassen,035,31185,9884,9871,977,10848,64
2022-08-25,Los Angeles,037,10098052,3232398,3219328,174728,3394056,32833
2022-08-25,Madera,039,155013,43179,43105,8042,51147,372
2022-08-25,Marin,041,260295,44296,44192,5169,49361,305
2022-08-25,Mariposa,043,17540,3030,3018,340,3358,31
2022-08-25,Mendocino,045,87422,15754,15698,4374,20072,134
2022-08-25,Merced,047,269075,71283,70906,11412,82318,851
2022-08-25,Modoc,049,8938,867,865,314,1179,11
2022-08-25,Mono,051,14174,3183,3181,242,3423,7
2022-08-25,Monterey,053,433212,93094,92844,20565,113409,760
2022-08-25,Napa,055,140530,31729,31668,1396,33064,156
2022-08-25,Nevada,057,99092,18641,18592,1771,20363,132
2022-08-25,Orange,059,3164182,657503,656440,59949,716389,7326
2022-08-25,Placer,061,380077,74618,74391,9336,83727,657
2022-08-25,Plumas,063,18699,3581,3571,430,4001,13
2022-08-25,Riverside,065,2383286,685679,683511,34450,717961,6580
2022-08-25,Sacramento,067,1510023,340705,339846,32910,372756,3222
2022-08-25,San Benito,069,59416,15858,15805,930,16735,103
2022-08-25,San Bernardino,071,2135413,661875,653843,30277,684120,8017
2022-08-25,San Diego,073,3302833,910295,908809,70224,979033,5456
2022-08-25,San Francisco,075,870044,175273,175204,11848,187052,1000
2022-08-25,San Joaquin,077,732212,194341,193880,14235,208115,2296
2022-08-25,San Luis Obispo,079,281455,62325,62105,6961,69066,515
2022-08-25,San Mateo,081,765935,165181,164675,10437,175112,738
2022-08-25,Santa Barbara,083,443738,103925,103496,6721,110217,717
2022-08-25,Santa Clara,085,1922200,423554,422650,18486,441136,2459
2022-08-25,Santa Cruz,087,273765,61823,61594,3337,64931,273
2022-08-25,Shasta,089,179085,34372,34283,7211,41494,590
2022-08-25,Sierra,091,2930,302,300,60,360,5
2022-08-25,Siskiyou,093,43540,5155,5140,3273,8413,89
2022-08-25,Solano,095,438530,103179,102855,7617,110472,460
2022-08-25,Sonoma,097,501317,105108,104646,5191,109837,557
2022-08-25,Stanislaus,099,539301,135677,135310,21179,156489,1722
2022-08-25,Sutter,101,95872,23794,23759,2445,26204,228
2022-08-25,Tehama,103,63373,13395,13340,3016,16356,210
2022-08-25,Trinity,105,12862,1382,1370,368,1738,20
2022-08-25,Tulare,107,460477,120163,119942,35309,155251,1527
2022-08-25,Tuolumne,109,53932,15276,15193,907,16100,196
2022-08-25,Ventura,111,848112,205056,204567,15200,219767,1553
2022-08-25,Yolo,113,214977,46728,46744,4262,51006,334
2022-08-25,Yuba,115,75493,18532,18482,1656,20138,129
2022-08-24,Alameda,001,1643700,340136,338591,19322,357913,1976
2022-08-24,Alpine,003,1148,133,131,1,132,0
2022-08-24,Amador,005,37829,9822,9786,905,10691,89
2022-08-24,Butte,007,227075,38722,38458,8744,47202,449
2022-08-24,Calaveras,009,45235,8377,8334,513,8847,132
2022-08-24,Colusa,011,21464,3747,3722,1244,4966,22
2022-08-24,Contra Costa,013,1133247,245607,242633,20145,262778,1399
2022-08-24,Del Norte,015,27424,7314,7308,391,7699,55
2022-08-24,El Dorado,017,186661,31835,31682,4159,35841,225
2022-08-24,Fresno,019,978130,270476,269025,30247,299272,2822
2022-08-24,Glenn,021,27897,5465,5423,1841,7264,48
2022-08-24,Humboldt,023,135768,21288,21195,4825,26020,153
2022-08-24,Imperial,025,180216,64500,64271,15169,79440,951
2022-08-24,Inyo,027,18085,4444,4440,890,5330,59
2022-08-24,Kern,029,883053,216352,215225,60937,276162,2399
2022-08-24,Kings,031,150075,58512,58324,3999,62323,454
2022-08-24,Lake,033,64148,12556,12476,1142,13618,142
2022-08-24,Lassen,035,31185,9881,9867,974,10841,64
2022-08-24,Los Angeles,037,10098052,3230047,3211321,174417,3385738,32783
2022-08-24,Madera,039,155013,43140,42984,8016,51000,372
2022-08-24,Marin,041,260295,44262,44082,5158,49240,305
2022-08-24,Mariposa,043,17540,3030,3010,340,3350,31
2022-08-24,Mendocino,045,87422,15743,15623,4364,19987,134
2022-08-24,Merced,047,269075,71233,70665,11381,82046,849
2022-08-24,Modoc,049,8938,867,864,313,1177,11
2022-08-24,Mono,051,14174,3183,3181,242,3423,7
2022-08-24,Monterey,053,433212,93033,92590,20525,113115,760
2022-08-24,Napa,055,140530,31719,31602,1394,32996,156
2022-08-24,Nevada,057,99092,18625,18565,1768,20333,132
2022-08-24,Orange,059,3164182,657056,654893,59863,714756,7312
2022-08-24,Placer,061,380077,74558,74226,9331,83557,657
2022-08-24,Plumas,063,18699,3577,3555,430,3985,13
2022-08-24,Riverside,065,2383286,685147,681805,34391,716196,6573
2022-08-24,Sacramento,067,1510023,340427,339009,32865,371874,3208
2022-08-24,San Benito,069,59416,15836,15745,927,16672,103
2022-08-24,San Bernardino,071,2135413,661369,651496,30232,681728,8018
2022-08-24,San Diego,073,3302833,909731,906885,70160,977045,5453
2022-08-24,San Francisco,075,870044,175134,174731,11843,186574,974
2022-08-24,San Joaquin,077,732212,194192,193370,14209,207579,2288
2022-08-24,San Luis Obispo,079,281455,62286,61962,6948,68910,515
2022-08-24,San Mateo,081,765935,165067,164307,10431,174738,738
2022-08-24,Santa Barbara,083,443738,103850,103237,6703,109940,716
2022-08-24,Santa Clara,085,1922200,423208,421483,18474,439957,2454
2022-08-24,Santa Cruz,087,273765,61796,61387,3332,64719,270
2022-08-24,Shasta,089,179085,34358,34180,7197,41377,589
2022-08-24,Sierra,091,2930,302,301,60,361,5
2022-08-24,Siskiyou,093,43540,5151,5133,3272,8405,88
2022-08-24,Solano,095,438530,103092,102631,7607,110238,459
2022-08-24,Sonoma,097,501317,105030,104444,5190,109634,520
2022-08-24,Stanislaus,099,539301,135548,134894,21154,156048,1720
2022-08-24,Sutter,101,95872,23762,23673,2444,26117,228
2022-08-24,Tehama,103,63373,13390,13312,3012,16324,209
2022-08-24,Trinity,105,12862,1381,1369,368,1737,20
2022-08-24,Tulare,107,460477,120058,119644,35208,154852,1525
2022-08-24,Tuolumne,109,53932,15266,15140,907,16047,196
2022-08-24,Ventura,111,848112,204890,204064,15159,219223,1551
2022-08-24,Yolo,113,214977,46699,46665,4254,50919,333
2022-08-24,Yuba,115,75493,18507,18425,1650,20075,129
2022-08-23,Alameda,001,1643700,339818,338591,19299,357890,1976
2022-08-23,Alpine,003,1148,133,131,1,132,0
2022-08-23,Amador,005,37829,9811,9786,904,10690,89
2022-08-23,Butte,007,227075,38691,38458,8723,47181,449
2022-08-23,Calaveras,009,45235,8368,8334,509,8843,132
2022-08-23,Colusa,011,21464,3744,3722,1240,4962,22
2022-08-23,Contra Costa,013,1133247,245411,242633,20114,262747,1399
2022-08-23,Del Norte,015,27424,7310,7308,391,7699,55
2022-08-23,El Dorado,017,186661,31815,31682,4156,35838,225
2022-08-23,Fresno,019,978130,270227,269025,30186,299211,2822
2022-08-23,Glenn,021,27897,5458,5423,1840,7263,48
2022-08-23,Humboldt,023,135768,21275,21195,4813,26008,153
2022-08-23,Imperial,025,180216,64458,64271,15150,79421,951
2022-08-23,Inyo,027,18085,4443,4440,882,5322,59
2022-08-23,Kern,029,883053,216223,215225,60770,275995,2399
2022-08-23,Kings,031,150075,58461,58324,3994,62318,454
2022-08-23,Lake,033,64148,12536,12476,1141,13617,142
2022-08-23,Lassen,035,31185,9877,9867,974,10841,64
2022-08-23,Los Angeles,037,10098052,3227414,3211321,174091,3385412,32783
2022-08-23,Madera,039,155013,43096,42984,7993,50977,372
2022-08-23,Marin,041,260295,44231,44082,5154,49236,305
2022-08-23,Mariposa,043,17540,3027,3010,335,3345,31
2022-08-23,Mendocino,045,87422,15725,15623,4356,19979,134
2022-08-23,Merced,047,269075,71178,70665,11336,82001,849
2022-08-23,Modoc,049,8938,867,864,313,1177,11
2022-08-23,Mono,051,14174,3183,3181,242,3423,7
2022-08-23,Monterey,053,433212,92965,92590,20480,113070,760
2022-08-23,Napa,055,140530,31702,31602,1394,32996,156
2022-08-23,Nevada,057,99092,18611,18565,1760,20325,132
2022-08-23,Orange,059,3164182,656551,654893,59750,714643,7312
2022-08-23,Placer,061,380077,74493,74226,9317,83543,657
2022-08-23,Plumas,063,18699,3571,3555,430,3985,13
2022-08-23,Riverside,065,2383286,684533,681805,34326,716131,6573
2022-08-23,Sacramento,067,1510023,340110,339009,32810,371819,3208
2022-08-23,San Benito,069,59416,15813,15745,923,16668,103
2022-08-23,San Bernardino,071,2135413,660763,651496,30168,681664,8018
2022-08-23,San Diego,073,3302833,909109,906885,70087,976972,5453
2022-08-23,San Francisco,075,870044,174983,174731,11834,186565,974
2022-08-23,San Joaquin,077,732212,194039,193370,14166,207536,2288
2022-08-23,San Luis Obispo,079,281455,62242,61962,6933,68895,515
2022-08-23,San Mateo,081,765935,164946,164307,10427,174734,738
2022-08-23,Santa Barbara,083,443738,103757,103237,6686,109923,716
2022-08-23,Santa Clara,085,1922200,422834,421483,18459,439942,2454
2022-08-23,Santa Cruz,087,273765,61743,61387,3329,64716,270
2022-08-23,Shasta,089,179085,34336,34180,7189,41369,589
2022-08-23,Sierra,091,2930,302,301,60,361,5
2022-08-23,Siskiyou,093,43540,5151,5133,3270,8403,88
2022-08-23,Solano,095,438530,103000,102631,7601,110232,459
2022-08-23,Sonoma,097,501317,104949,104444,5179,109623,520
2022-08-23,Stanislaus,099,539301,135428,134894,21111,156005,1720
2022-08-23,Sutter,101,95872,23743,23673,2439,26112,228
2022-08-23,Tehama,103,63373,13380,13312,3010,16322,209
2022-08-23,Trinity,105,12862,1379,1369,368,1737,20
2022-08-23,Tulare,107,460477,119946,119644,35105,154749,1525
2022-08-23,Tuolumne,109,53932,15251,15140,906,16046,196
2022-08-23,Ventura,111,848112,204717,204064,15121,219185,1551
2022-08-23,Yolo,113,214977,46675,46665,4252,50917,333
2022-08-23,Yuba,115,75493,18486,18425,1646,20071,129
2022-08-22,Alameda,001,1643700,339454,338591,19270,357861,1976
2022-08-22,Alpine,003,1148,133,131,1,132,0
2022-08-22,Amador,005,37829,9806,9786,903,10689,89
2022-08-22,Butte,007,227075,38641,38458,8706,47164,449
2022-08-22,Calaveras,009,45235,8357,8334,507,8841,132
2022-08-22,Colusa,011,21464,3742,3722,1236,4958,22
2022-08-22,Contra Costa,013,1133247,245170,242633,20071,262704,1399
2022-08-22,Del Norte,015,27424,7309,7308,391,7699,55
2022-08-22,El Dorado,017,186661,31789,31682,4152,35834,225
2022-08-22,Fresno,019,978130,269987,269025,30099,299124,2822
2022-08-22,Glenn,021,27897,5457,5423,1838,7261,48
2022-08-22,Humboldt,023,135768,21254,21195,4798,25993,153
2022-08-22,Imperial,025,180216,64384,64271,15108,79379,951
2022-08-22,Inyo,027,18085,4441,4440,882,5322,59
2022-08-22,Kern,029,883053,216074,215225,60581,275806,2399
2022-08-22,Kings,031,150075,58409,58324,3986,62310,454
2022-08-22,Lake,033,64148,12514,12476,1136,13612,142
2022-08-22,Lassen,035,31185,9875,9867,974,10841,64
2022-08-22,Los Angeles,037,10098052,3224506,3211321,173747,3385068,32783
2022-08-22,Madera,039,155013,43043,42984,7967,50951,372
2022-08-22,Marin,041,260295,44198,44082,5145,49227,305
2022-08-22,Mariposa,043,17540,3020,3010,334,3344,31
2022-08-22,Mendocino,045,87422,15704,15623,4338,19961,134
2022-08-22,Merced,047,269075,71103,70665,11293,81958,849
2022-08-22,Modoc,049,8938,867,864,313,1177,11
2022-08-22,Mono,051,14174,3183,3181,242,3423,7
2022-08-22,Monterey,053,433212,92890,92590,20429,113019,760
2022-08-22,Napa,055,140530,31676,31602,1391,32993,156
2022-08-22,Nevada,057,99092,18593,18565,1754,20319,132
2022-08-22,Orange,059,3164182,655969,654893,59627,714520,7312
2022-08-22,Placer,061,380077,74420,74226,9307,83533,657
2022-08-22,Plumas,063,18699,3570,3555,430,3985,13
2022-08-22,Riverside,065,2383286,683874,681805,34254,716059,6573
2022-08-22,Sacramento,067,1510023,339770,339009,32734,371743,3208
2022-08-22,San Benito,069,59416,15792,15745,921,16666,103
2022-08-22,San Bernardino,071,2135413,660031,651496,30098,681594,8018
2022-08-22,San Diego,073,3302833,908425,906885,69974,976859,5453
2022-08-22,San Francisco,075,870044,174834,174731,11820,186551,974
2022-08-22,San Joaquin,077,732212,193864,193370,14126,207496,2288
2022-08-22,San Luis Obispo,079,281455,62192,61962,6918,68880,515
2022-08-22,San Mateo,081,765935,164806,164307,10415,174722,738
2022-08-22,Santa Barbara,083,443738,103635,103237,6668,109905,716
2022-08-22,Santa Clara,085,1922200,422409,421483,18432,439915,2454
2022-08-22,Santa Cruz,087,273765,61660,61387,3325,64712,270
2022-08-22,Shasta,089,179085,34321,34180,7179,41359,589
2022-08-22,Sierra,091,2930,302,301,60,361,5
2022-08-22,Siskiyou,093,43540,5147,5133,3268,8401,88
2022-08-22,Solano,095,438530,102913,102631,7589,110220,459
2022-08-22,Sonoma,097,501317,104869,104444,5163,109607,520
2022-08-22,Stanislaus,099,539301,135266,134894,21073,155967,1720
2022-08-22,Sutter,101,95872,23709,23673,2438,26111,228
2022-08-22,Tehama,103,63373,13374,13312,3007,16319,209
2022-08-22,Trinity,105,12862,1376,1369,365,1734,20
2022-08-22,Tulare,107,460477,119820,119644,35001,154645,1525
2022-08-22,Tuolumne,109,53932,15228,15140,906,16046,196
2022-08-22,Ventura,111,848112,204558,204064,15044,219108,1551
2022-08-22,Yolo,113,214977,46636,46665,4243,50908,333
2022-08-22,Yuba,115,75493,18459,18425,1642,20067,129
2022-08-21,Alameda,001,1643700,339027,337238,19247,356485,1970
2022-08-21,Alpine,003,1148,132,131,1,132,0
2022-08-21,Amador,005,37829,9799,9761,898,10659,89
2022-08-21,Butte,007,227075,38596,38316,8688,47004,449
2022-08-21,Calaveras,009,45235,8344,8313,505,8818,132
2022-08-21,Colusa,011,21464,3736,3718,1230,4948,22
2022-08-21,Contra Costa,013,1133247,244888,241665,20034,261699,1399
2022-08-21,Del Norte,015,27424,7302,7290,390,7680,55
2022-08-21,El Dorado,017,186661,31758,31600,4145,35745,225
2022-08-21,Fresno,019,978130,269713,268147,30012,298159,2822
2022-08-21,Glenn,021,27897,5453,5413,1837,7250,48
2022-08-21,Humboldt,023,135768,21230,21104,4780,25884,153
2022-08-21,Imperial,025,180216,64325,64092,15067,79159,951
2022-08-21,Inyo,027,18085,4441,4435,878,5313,59
2022-08-21,Kern,029,883053,215886,214656,60392,275048,2389
2022-08-21,Kings,031,150075,58338,58109,3975,62084,454
2022-08-21,Lake,033,64148,12492,12426,1132,13558,142
2022-08-21,Lassen,035,31185,9869,9843,973,10816,64
2022-08-21,Los Angeles,037,10098052,3221261,3200023,173347,3373370,32746
2022-08-21,Madera,039,155013,42993,42822,7929,50751,372
2022-08-21,Marin,041,260295,44150,43966,5125,49091,305
2022-08-21,Mariposa,043,17540,3019,3003,333,3336,31
2022-08-21,Mendocino,045,87422,15673,15578,4315,19893,134
2022-08-21,Merced,047,269075,71011,70449,11219,81668,846
2022-08-21,Modoc,049,8938,866,862,313,1175,11
2022-08-21,Mono,051,14174,3183,3177,240,3417,7
2022-08-21,Monterey,053,433212,92788,92287,20372,112659,760
2022-08-21,Napa,055,140530,31654,31534,1390,32924,156
2022-08-21,Nevada,057,99092,18582,18497,1749,20246,132
2022-08-21,Orange,059,3164182,655321,652703,59494,712197,7280
2022-08-21,Placer,061,380077,74359,74027,9302,83329,657
2022-08-21,Plumas,063,18699,3563,3550,430,3980,13
2022-08-21,Riverside,065,2383286,683043,679298,34169,713467,6574
2022-08-21,Sacramento,067,1510023,339398,337745,32664,370409,3208
2022-08-21,San Benito,069,59416,15769,15698,918,16616,103
2022-08-21,San Bernardino,071,2135413,659189,648583,30032,678615,8014
2022-08-21,San Diego,073,3302833,907571,904015,69895,973910,5448
2022-08-21,San Francisco,075,870044,174633,174151,11801,185952,973
2022-08-21,San Joaquin,077,732212,193617,192738,14092,206830,2288
2022-08-21,San Luis Obispo,079,281455,62143,61764,6890,68654,516
2022-08-21,San Mateo,081,765935,164651,163705,10407,174112,738
2022-08-21,Santa Barbara,083,443738,103508,102795,6640,109435,713
2022-08-21,Santa Clara,085,1922200,421883,419723,18400,438123,2437
2022-08-21,Santa Cruz,087,273765,61545,61098,3320,64418,269
2022-08-21,Shasta,089,179085,34282,34105,7164,41269,588
2022-08-21,Sierra,091,2930,302,298,60,358,4
2022-08-21,Siskiyou,093,43540,5146,5119,3261,8380,88
2022-08-21,Solano,095,438530,102829,102355,7578,109933,457
2022-08-21,Sonoma,097,501317,104763,104090,5149,109239,511
2022-08-21,Stanislaus,099,539301,135101,134407,21001,155408,1719
2022-08-21,Sutter,101,95872,23676,23587,2431,26018,228
2022-08-21,Tehama,103,63373,13363,13289,3003,16292,209
2022-08-21,Trinity,105,12862,1374,1366,364,1730,20
2022-08-21,Tulare,107,460477,119696,119251,34847,154098,1521
2022-08-21,Tuolumne,109,53932,15212,15085,904,15989,196
2022-08-21,Ventura,111,848112,204332,203318,14967,218285,1547
2022-08-21,Yolo,113,214977,46596,46567,4238,50805,333
2022-08-21,Yuba,115,75493,18437,18363,1635,19998,129
2022-08-20,Alameda,001,1643700,338817,337238,19230,356468,1970
2022-08-20,Alpine,003,1148,132,131,1,132,0
2022-08-20,Amador,005,37829,9796,9761,898,10659,89
2022-08-20,Butte,007,227075,38568,38316,8683,46999,449
2022-08-20,Calaveras,009,45235,8341,8313,504,8817,132
2022-08-20,Colusa,011,21464,3732,3718,1224,4942,22
2022-08-20,Contra Costa,013,1133247,244751,241665,20019,261684,1399
2022-08-20,Del Norte,015,27424,7301,7290,390,7680,55
2022-08-20,El Dorado,017,186661,31739,31600,4143,35743,225
2022-08-20,Fresno,019,978130,269571,268147,29987,298134,2822
2022-08-20,Glenn,021,27897,5450,5413,1837,7250,48
2022-08-20,Humboldt,023,135768,21214,21104,4765,25869,153
2022-08-20,Imperial,025,180216,64290,64092,15047,79139,951
2022-08-20,Inyo,027,18085,4441,4435,878,5313,59
2022-08-20,Kern,029,883053,215797,214656,60267,274923,2389
2022-08-20,Kings,031,150075,58311,58109,3970,62079,454
2022-08-20,Lake,033,64148,12482,12426,1128,13554,142
2022-08-20,Lassen,035,31185,9866,9843,973,10816,64
2022-08-20,Los Angeles,037,10098052,3219676,3200023,173124,3373147,32746
2022-08-20,Madera,039,155013,42970,42822,7922,50744,372
2022-08-20,Marin,041,260295,44132,43966,5123,49089,305
2022-08-20,Mariposa,043,17540,3019,3003,333,3336,31
2022-08-20,Mendocino,045,87422,15659,15578,4312,19890,134
2022-08-20,Merced,047,269075,70987,70449,11211,81660,846
2022-08-20,Modoc,049,8938,866,862,313,1175,11
2022-08-20,Mono,051,14174,3183,3177,238,3415,7
2022-08-20,Monterey,053,433212,92743,92287,20344,112631,760
2022-08-20,Napa,055,140530,31646,31534,1390,32924,156
2022-08-20,Nevada,057,99092,18579,18497,1747,20244,132
2022-08-20,Orange,059,3164182,655003,652703,59408,712111,7280
2022-08-20,Placer,061,380077,74312,74027,9296,83323,657
2022-08-20,Plumas,063,18699,3563,3550,430,3980,13
2022-08-20,Riverside,065,2383286,682620,679298,34138,713436,6574
2022-08-20,Sacramento,067,1510023,339235,337745,32643,370388,3208
2022-08-20,San Benito,069,59416,15750,15698,915,16613,103
2022-08-20,San Bernardino,071,2135413,658773,648583,29991,678574,8014
2022-08-20,San Diego,073,3302833,907187,904015,69870,973885,5448
2022-08-20,San Francisco,075,870044,174511,174151,11800,185951,973
2022-08-20,San Joaquin,077,732212,193518,192738,14066,206804,2288
2022-08-20,San Luis Obispo,079,281455,62125,61764,6882,68646,516
2022-08-20,San Mateo,081,765935,164552,163705,10402,174107,738
2022-08-20,Santa Barbara,083,443738,103438,102795,6632,109427,713
2022-08-20,Santa Clara,085,1922200,421616,419723,18384,438107,2437
2022-08-20,Santa Cruz,087,273765,61517,61098,3314,64412,269
2022-08-20,Shasta,089,179085,34257,34105,7162,41267,588
2022-08-20,Sierra,091,2930,302,298,60,358,4
2022-08-20,Siskiyou,093,43540,5141,5119,3260,8379,88
2022-08-20,Solano,095,438530,102783,102355,7571,109926,457
2022-08-20,Sonoma,097,501317,104714,104090,5143,109233,511
2022-08-20,Stanislaus,099,539301,135012,134407,20984,155391,1719
2022-08-20,Sutter,101,95872,23648,23587,2431,26018,228
2022-08-20,Tehama,103,63373,13357,13289,3000,16289,209
2022-08-20,Trinity,105,12862,1374,1366,364,1730,20
2022-08-20,Tulare,107,460477,119616,119251,34794,154045,1521
2022-08-20,Tuolumne,109,53932,15203,15085,902,15987,196
2022-08-20,Ventura,111,848112,204224,203318,14950,218268,1547
2022-08-20,Yolo,113,214977,46568,46567,4230,50797,333
2022-08-20,Yuba,115,75493,18430,18363,1634,19997,129
2022-08-19,Alameda,001,1643700,338608,337238,19207,356445,1970
2022-08-19,Alpine,003,1148,132,131,1,132,0
2022-08-19,Amador,005,37829,9795,9761,898,10659,89
2022-08-19,Butte,007,227075,38547,38316,8672,46988,449
2022-08-19,Calaveras,009,45235,8336,8313,504,8817,132
2022-08-19,Colusa,011,21464,3731,3718,1223,4941,22
2022-08-19,Contra Costa,013,1133247,244608,241665,20005,261670,1399
2022-08-19,Del Norte,015,27424,7296,7290,390,7680,55
2022-08-19,El Dorado,017,186661,31727,31600,4139,35739,225
2022-08-19,Fresno,019,978130,269408,268147,29961,298108,2822
2022-08-19,Glenn,021,27897,5449,5413,1837,7250,48
2022-08-19,Humboldt,023,135768,21204,21104,4755,25859,153
2022-08-19,Imperial,025,180216,64262,64092,15032,79124,951
2022-08-19,Inyo,027,18085,4441,4435,874,5309,59
2022-08-19,Kern,029,883053,215708,214656,60175,274831,2389
2022-08-19,Kings,031,150075,58268,58109,3963,62072,454
2022-08-19,Lake,033,64148,12470,12426,1125,13551,142
2022-08-19,Lassen,035,31185,9863,9843,973,10816,64
2022-08-19,Los Angeles,037,10098052,3217858,3200023,172902,3372925,32746
2022-08-19,Madera,039,155013,42948,42822,7918,50740,372
2022-08-19,Marin,041,260295,44097,43966,5117,49083,305
2022-08-19,Mariposa,043,17540,3017,3003,333,3336,31
2022-08-19,Mendocino,045,87422,15647,15578,4303,19881,134
2022-08-19,Merced,047,269075,70947,70449,11206,81655,846
2022-08-19,Modoc,049,8938,866,862,313,1175,11
2022-08-19,Mono,051,14174,3183,3177,238,3415,7
2022-08-19,Monterey,053,433212,92689,92287,20314,112601,760
2022-08-19,Napa,055,140530,31629,31534,1388,32922,156
2022-08-19,Nevada,057,99092,18575,18497,1745,20242,132
2022-08-19,Orange,059,3164182,654642,652703,59326,712029,7280
2022-08-19,Placer,061,380077,74276,74027,9289,83316,657
2022-08-19,Plumas,063,18699,3562,3550,430,3980,13
2022-08-19,Riverside,065,2383286,682200,679298,34107,713405,6574
2022-08-19,Sacramento,067,1510023,339046,337745,32622,370367,3208
2022-08-19,San Benito,069,59416,15747,15698,914,16612,103
2022-08-19,San Bernardino,071,2135413,658328,648583,29974,678557,8014
2022-08-19,San Diego,073,3302833,906690,904015,69819,973834,5448
2022-08-19,San Francisco,075,870044,174370,174151,11783,185934,973
2022-08-19,San Joaquin,077,732212,193417,192738,14047,206785,2288
2022-08-19,San Luis Obispo,079,281455,62110,61764,6880,68644,516
2022-08-19,San Mateo,081,765935,164438,163705,10397,174102,738
2022-08-19,Santa Barbara,083,443738,103359,102795,6627,109422,713
2022-08-19,Santa Clara,085,1922200,421306,419723,18368,438091,2437
2022-08-19,Santa Cruz,087,273765,61454,61098,3309,64407,269
2022-08-19,Shasta,089,179085,34241,34105,7162,41267,588
2022-08-19,Sierra,091,2930,302,298,60,358,4
2022-08-19,Siskiyou,093,43540,5134,5119,3260,8379,88
2022-08-19,Solano,095,438530,102726,102355,7564,109919,457
2022-08-19,Sonoma,097,501317,104655,104090,5139,109229,511
2022-08-19,Stanislaus,099,539301,134930,134407,20967,155374,1719
2022-08-19,Sutter,101,95872,23631,23587,2430,26017,228
2022-08-19,Tehama,103,63373,13347,13289,2994,16283,209
2022-08-19,Trinity,105,12862,1373,1366,364,1730,20
2022-08-19,Tulare,107,460477,119531,119251,34742,153993,1521
2022-08-19,Tuolumne,109,53932,15196,15085,901,15986,196
2022-08-19,Ventura,111,848112,204099,203318,14928,218246,1547
2022-08-19,Yolo,113,214977,46546,46567,4227,50794,333
2022-08-19,Yuba,115,75493,18415,18363,1634,19997,129
2022-08-18,Alameda,001,1643700,338312,337238,19173,356411,1970
2022-08-18,Alpine,003,1148,131,131,1,132,0
2022-08-18,Amador,005,37829,9790,9761,897,10658,89
2022-08-18,Butte,007,227075,38518,38316,8657,46973,449
2022-08-18,Calaveras,009,45235,8331,8313,504,8817,132
2022-08-18,Colusa,011,21464,3731,3718,1219,4937,22
2022-08-18,Contra Costa,013,1133247,244400,241665,19972,261637,1399
2022-08-18,Del Norte,015,27424,7291,7290,389,7679,55
2022-08-18,El Dorado,017,186661,31712,31600,4136,35736,225
2022-08-18,Fresno,019,978130,269193,268147,29901,298048,2822
2022-08-18,Glenn,021,27897,5444,5413,1836,7249,48
2022-08-18,Humboldt,023,135768,21180,21104,4727,25831,153
2022-08-18,Imperial,025,180216,64238,64092,14990,79082,951
2022-08-18,Inyo,027,18085,4440,4435,869,5304,59
2022-08-18,Kern,029,883053,215560,214656,60043,274699,2389
2022-08-18,Kings,031,150075,58223,58109,3952,62061,454
2022-08-18,Lake,033,64148,12458,12426,1122,13548,142
2022-08-18,Lassen,035,31185,9862,9843,972,10815,64
2022-08-18,Los Angeles,037,10098052,3215395,3200023,172620,3372643,32746
2022-08-18,Madera,039,155013,42908,42822,7899,50721,372
2022-08-18,Marin,041,260295,44065,43966,5106,49072,305
2022-08-18,Mariposa,043,17540,3015,3003,333,3336,31
2022-08-18,Mendocino,045,87422,15633,15578,4302,19880,134
2022-08-18,Merced,047,269075,70870,70449,11170,81619,846
2022-08-18,Modoc,049,8938,866,862,313,1175,11
2022-08-18,Mono,051,14174,3181,3177,237,3414,7
2022-08-18,Monterey,053,433212,92604,92287,20275,112562,760
2022-08-18,Napa,055,140530,31609,31534,1388,32922,156
2022-08-18,Nevada,057,99092,18559,18497,1740,20237,132
2022-08-18,Orange,059,3164182,654180,652703,59216,711919,7280
2022-08-18,Placer,061,380077,74221,74027,9286,83313,657
2022-08-18,Plumas,063,18699,3558,3550,430,3980,13
2022-08-18,Riverside,065,2383286,681622,679298,34057,713355,6574
2022-08-18,Sacramento,067,1510023,338747,337745,32564,370309,3208
2022-08-18,San Benito,069,59416,15735,15698,911,16609,103
2022-08-18,San Bernardino,071,2135413,657659,648583,29920,678503,8014
2022-08-18,San Diego,073,3302833,906042,904015,69749,973764,5448
2022-08-18,San Francisco,075,870044,174225,174151,11759,185910,973
2022-08-18,San Joaquin,077,732212,193248,192738,14018,206756,2288
2022-08-18,San Luis Obispo,079,281455,62068,61764,6865,68629,516
2022-08-18,San Mateo,081,765935,164260,163705,10388,174093,738
2022-08-18,Santa Barbara,083,443738,103253,102795,6615,109410,713
2022-08-18,Santa Clara,085,1922200,420871,419723,18337,438060,2437
2022-08-18,Santa Cruz,087,273765,61383,61098,3303,64401,269
2022-08-18,Shasta,089,179085,34221,34105,7157,41262,588
2022-08-18,Sierra,091,2930,301,298,60,358,4
2022-08-18,Siskiyou,093,43540,5132,5119,3258,8377,88
2022-08-18,Solano,095,438530,102655,102355,7554,109909,457
2022-08-18,Sonoma,097,501317,104568,104090,5129,109219,511
2022-08-18,Stanislaus,099,539301,134802,134407,20933,155340,1719
2022-08-18,Sutter,101,95872,23610,23587,2428,26015,228
2022-08-18,Tehama,103,63373,13340,13289,2990,16279,209
2022-08-18,Trinity,105,12862,1372,1366,361,1727,20
2022-08-18,Tulare,107,460477,119435,119251,34645,153896,1521
2022-08-18,Tuolumne,109,53932,15155,15085,896,15981,196
2022-08-18,Ventura,111,848112,203926,203318,14886,218204,1547
2022-08-18,Yolo,113,214977,46522,46567,4218,50785,333
2022-08-18,Yuba,115,75493,18395,18363,1631,19994,129
2022-08-17,Alameda,001,1643700,337978,336198,19139,355337,1948
2022-08-17,Alpine,003,1148,131,131,1,132,0
2022-08-17,Amador,005,37829,9782,9728,897,10625,89
2022-08-17,Butte,007,227075,38479,38203,8646,46849,447
2022-08-17,Calaveras,009,45235,8324,8295,501,8796,131
2022-08-17,Colusa,011,21464,3730,3716,1217,4933,22
2022-08-17,Contra Costa,013,1133247,244172,240894,19935,260829,1394
2022-08-17,Del Norte,015,27424,7287,7274,389,7663,55
2022-08-17,El Dorado,017,186661,31694,31523,4132,35655,225
2022-08-17,Fresno,019,978130,268968,267367,29835,297202,2818
2022-08-17,Glenn,021,27897,5443,5403,1833,7236,48
2022-08-17,Humboldt,023,135768,21157,21029,4712,25741,153
2022-08-17,Imperial,025,180216,64196,63972,14959,78931,950
2022-08-17,Inyo,027,18085,4438,4421,866,5287,58
2022-08-17,Kern,029,883053,215429,214040,59913,273953,2389
2022-08-17,Kings,031,150075,58159,57948,3949,61897,454
2022-08-17,Lake,033,64148,12448,12383,1121,13504,142
2022-08-17,Lassen,035,31185,9853,9813,972,10785,64
2022-08-17,Los Angeles,037,10098052,3212613,3190808,172302,3363110,32701
2022-08-17,Madera,039,155013,42861,42677,7861,50538,372
2022-08-17,Marin,041,260295,44032,43852,5102,48954,305
2022-08-17,Mariposa,043,17540,3011,2998,332,3330,31
2022-08-17,Mendocino,045,87422,15623,15504,4296,19800,132
2022-08-17,Merced,047,269075,70812,70232,11126,81358,843
2022-08-17,Modoc,049,8938,865,857,313,1170,11
2022-08-17,Mono,051,14174,3181,3175,237,3412,7
2022-08-17,Monterey,053,433212,92540,91984,20220,112204,759
2022-08-17,Napa,055,140530,31593,31454,1386,32840,155
2022-08-17,Nevada,057,99092,18542,18443,1738,20181,132
2022-08-17,Orange,059,3164182,653574,650827,59099,709926,7266
2022-08-17,Placer,061,380077,74173,73852,9278,83130,655
2022-08-17,Plumas,063,18699,3556,3544,429,3973,13
2022-08-17,Riverside,065,2383286,680984,677437,33995,711432,6562
2022-08-17,Sacramento,067,1510023,338420,336667,32521,369188,3194
2022-08-17,San Benito,069,59416,15719,15655,910,16565,103
2022-08-17,San Bernardino,071,2135413,657022,646584,29860,676444,7999
2022-08-17,San Diego,073,3302833,905300,901794,69681,971475,5442
2022-08-17,San Francisco,075,870044,174096,173590,11747,185337,971
2022-08-17,San Joaquin,077,732212,193099,192078,13982,206060,2283
2022-08-17,San Luis Obispo,079,281455,62015,61604,6852,68456,514
2022-08-17,San Mateo,081,765935,164164,163218,10381,173599,738
2022-08-17,Santa Barbara,083,443738,103141,102430,6596,109026,712
2022-08-17,Santa Clara,085,1922200,420410,418231,18328,436559,2424
2022-08-17,Santa Cruz,087,273765,61294,60880,3297,64177,269
2022-08-17,Shasta,089,179085,34203,33984,7148,41132,587
2022-08-17,Sierra,091,2930,301,297,60,357,4
2022-08-17,Siskiyou,093,43540,5129,5102,3255,8357,88
2022-08-17,Solano,095,438530,102571,102115,7549,109664,459
2022-08-17,Sonoma,097,501317,104468,103844,5122,108966,504
2022-08-17,Stanislaus,099,539301,134657,133989,20895,154884,1715
2022-08-17,Sutter,101,95872,23576,23489,2422,25911,228
2022-08-17,Tehama,103,63373,13337,13259,2985,16244,209
2022-08-17,Trinity,105,12862,1372,1362,359,1721,20
2022-08-17,Tulare,107,460477,119327,118997,34538,153535,1521
2022-08-17,Tuolumne,109,53932,15147,15044,894,15938,196
2022-08-17,Ventura,111,848112,203746,202609,14830,217439,1546
2022-08-17,Yolo,113,214977,46490,46414,4213,50627,331
2022-08-17,Yuba,115,75493,18375,18305,1628,19933,129
2022-08-16,Alameda,001,1643700,337609,336198,19119,355317,1948
2022-08-16,Alpine,003,1148,131,131,1,132,0
2022-08-16,Amador,005,37829,9769,9728,892,10620,89
2022-08-16,Butte,007,227075,38447,38203,8631,46834,447
2022-08-16,Calaveras,009,45235,8316,8295,501,8796,131
2022-08-16,Colusa,011,21464,3729,3716,1215,4931,22
2022-08-16,Contra Costa,013,1133247,243935,240894,19893,260787,1394
2022-08-16,Del Norte,015,27424,7282,7274,389,7663,55
2022-08-16,El Dorado,017,186661,31674,31523,4125,35648,225
2022-08-16,Fresno,019,978130,268721,267367,29789,297156,2818
2022-08-16,Glenn,021,27897,5442,5403,1830,7233,48
2022-08-16,Humboldt,023,135768,21130,21029,4685,25714,153
2022-08-16,Imperial,025,180216,64146,63972,14920,78892,950
2022-08-16,Inyo,027,18085,4434,4421,862,5283,58
2022-08-16,Kern,029,883053,215294,214040,59770,273810,2389
2022-08-16,Kings,031,150075,58113,57948,3946,61894,454
2022-08-16,Lake,033,64148,12432,12383,1117,13500,142
2022-08-16,Lassen,035,31185,9840,9813,971,10784,64
2022-08-16,Los Angeles,037,10098052,3209560,3190808,171953,3362761,32701
2022-08-16,Madera,039,155013,42803,42677,7840,50517,372
2022-08-16,Marin,041,260295,43994,43852,5096,48948,305
2022-08-16,Mariposa,043,17540,3010,2998,331,3329,31
2022-08-16,Mendocino,045,87422,15605,15504,4282,19786,132
2022-08-16,Merced,047,269075,70735,70232,11081,81313,843
2022-08-16,Modoc,049,8938,865,857,313,1170,11
2022-08-16,Mono,051,14174,3181,3175,236,3411,7
2022-08-16,Monterey,053,433212,92460,91984,20149,112133,759
2022-08-16,Napa,055,140530,31574,31454,1385,32839,155
2022-08-16,Nevada,057,99092,18527,18443,1734,20177,132
2022-08-16,Orange,059,3164182,652911,650827,58966,709793,7266
2022-08-16,Placer,061,380077,74106,73852,9267,83119,655
2022-08-16,Plumas,063,18699,3554,3544,429,3973,13
2022-08-16,Riverside,065,2383286,680297,677437,33946,711383,6562
2022-08-16,Sacramento,067,1510023,338091,336667,32486,369153,3194
2022-08-16,San Benito,069,59416,15706,15655,906,16561,103
2022-08-16,San Bernardino,071,2135413,656295,646584,29789,676373,7999
2022-08-16,San Diego,073,3302833,904484,901794,69592,971386,5442
2022-08-16,San Francisco,075,870044,173937,173590,11741,185331,971
2022-08-16,San Joaquin,077,732212,192886,192078,13952,206030,2283
2022-08-16,San Luis Obispo,079,281455,61978,61604,6845,68449,514
2022-08-16,San Mateo,081,765935,164004,163218,10367,173585,738
2022-08-16,Santa Barbara,083,443738,103013,102430,6573,109003,712
2022-08-16,Santa Clara,085,1922200,419935,418231,18303,436534,2424
2022-08-16,Santa Cruz,087,273765,61241,60880,3293,64173,269
2022-08-16,Shasta,089,179085,34176,33984,7139,41123,587
2022-08-16,Sierra,091,2930,300,297,60,357,4
2022-08-16,Siskiyou,093,43540,5125,5102,3250,8352,88
2022-08-16,Solano,095,438530,102499,102115,7533,109648,459
2022-08-16,Sonoma,097,501317,104365,103844,5114,108958,504
2022-08-16,Stanislaus,099,539301,134522,133989,20833,154822,1715
2022-08-16,Sutter,101,95872,23552,23489,2416,25905,228
2022-08-16,Tehama,103,63373,13331,13259,2980,16239,209
2022-08-16,Trinity,105,12862,1369,1362,359,1721,20
2022-08-16,Tulare,107,460477,119240,118997,34418,153415,1521
2022-08-16,Tuolumne,109,53932,15133,15044,894,15938,196
2022-08-16,Ventura,111,848112,203517,202609,14774,217383,1546
2022-08-16,Yolo,113,214977,46471,46414,4208,50622,331
2022-08-16,Yuba,115,75493,18356,18305,1622,19927,129
2022-08-15,Alameda,001,1643700,337226,336198,19089,355287,1948
2022-08-15,Alpine,003,1148,131,131,1,132,0
2022-08-15,Amador,005,37829,9757,9728,892,10620,89
2022-08-15,Butte,007,227075,38425,38203,8612,46815,447
2022-08-15,Calaveras,009,45235,8314,8295,500,8795,131
2022-08-15,Colusa,011,21464,3726,3716,1214,4930,22
2022-08-15,Contra Costa,013,1133247,243653,240894,19860,260754,1394
2022-08-15,Del Norte,015,27424,7278,7274,388,7662,55
2022-08-15,El Dorado,017,186661,31644,31523,4118,35641,225
2022-08-15,Fresno,019,978130,268417,267367,29726,297093,2818
2022-08-15,Glenn,021,27897,5434,5403,1829,7232,48
2022-08-15,Humboldt,023,135768,21107,21029,4664,25693,153
2022-08-15,Imperial,025,180216,64099,63972,14883,78855,950
2022-08-15,Inyo,027,18085,4433,4421,860,5281,58
2022-08-15,Kern,029,883053,215110,214040,59632,273672,2389
2022-08-15,Kings,031,150075,58039,57948,3937,61885,454
2022-08-15,Lake,033,64148,12416,12383,1115,13498,142
2022-08-15,Lassen,035,31185,9839,9813,971,10784,64
2022-08-15,Los Angeles,037,10098052,3206158,3190808,171612,3362420,32701
2022-08-15,Madera,039,155013,42751,42677,7798,50475,372
2022-08-15,Marin,041,260295,43950,43852,5090,48942,305
2022-08-15,Mariposa,043,17540,3008,2998,330,3328,31
2022-08-15,Mendocino,045,87422,15588,15504,4276,19780,132
2022-08-15,Merced,047,269075,70671,70232,11028,81260,843
2022-08-15,Modoc,049,8938,861,857,313,1170,11
2022-08-15,Mono,051,14174,3179,3175,236,3411,7
2022-08-15,Monterey,053,433212,92350,91984,20079,112063,759
2022-08-15,Napa,055,140530,31549,31454,1385,32839,155
2022-08-15,Nevada,057,99092,18513,18443,1733,20176,132
2022-08-15,Orange,059,3164182,652200,650827,58846,709673,7266
2022-08-15,Placer,061,380077,74048,73852,9257,83109,655
2022-08-15,Plumas,063,18699,3550,3544,429,3973,13
2022-08-15,Riverside,065,2383286,679504,677437,33886,711323,6562
2022-08-15,Sacramento,067,1510023,337696,336667,32449,369116,3194
2022-08-15,San Benito,069,59416,15690,15655,904,16559,103
2022-08-15,San Bernardino,071,2135413,655469,646584,29713,676297,7999
2022-08-15,San Diego,073,3302833,903638,901794,69484,971278,5442
2022-08-15,San Francisco,075,870044,173763,173590,11736,185326,971
2022-08-15,San Joaquin,077,732212,192680,192078,13913,205991,2283
2022-08-15,San Luis Obispo,079,281455,61941,61604,6827,68431,514
2022-08-15,San Mateo,081,765935,163802,163218,10361,173579,738
2022-08-15,Santa Barbara,083,443738,102916,102430,6550,108980,712
2022-08-15,Santa Clara,085,1922200,419415,418231,18273,436504,2424
2022-08-15,Santa Cruz,087,273765,61161,60880,3288,64168,269
2022-08-15,Shasta,089,179085,34151,33984,7129,41113,587
2022-08-15,Sierra,091,2930,300,297,60,357,4
2022-08-15,Siskiyou,093,43540,5122,5102,3246,8348,88
2022-08-15,Solano,095,438530,102393,102115,7518,109633,459
2022-08-15,Sonoma,097,501317,104275,103844,5106,108950,504
2022-08-15,Stanislaus,099,539301,134382,133989,20797,154786,1715
2022-08-15,Sutter,101,95872,23520,23489,2414,25903,228
2022-08-15,Tehama,103,63373,13323,13259,2973,16232,209
2022-08-15,Trinity,105,12862,1366,1362,357,1719,20
2022-08-15,Tulare,107,460477,119109,118997,34301,153298,1521
2022-08-15,Tuolumne,109,53932,15125,15044,894,15938,196
2022-08-15,Ventura,111,848112,203268,202609,14709,217318,1546
2022-08-15,Yolo,113,214977,46436,46414,4205,50619,331
2022-08-15,Yuba,115,75493,18333,18305,1617,19922,129
2022-08-14,Alameda,001,1643700,336768,334944,19063,354007,1948
2022-08-14,Alpine,003,1148,131,131,1,132,0
2022-08-14,Amador,005,37829,9748,9705,890,10595,89
2022-08-14,Butte,007,227075,38375,38062,8596,46658,447
2022-08-14,Calaveras,009,45235,8305,8271,499,8770,131
2022-08-14,Colusa,011,21464,3726,3704,1211,4915,22
2022-08-14,Contra Costa,013,1133247,243385,239735,19806,259541,1393
2022-08-14,Del Norte,015,27424,7270,7245,386,7631,54
2022-08-14,El Dorado,017,186661,31613,31430,4113,35543,225
2022-08-14,Fresno,019,978130,268119,266211,29672,295883,2816
2022-08-14,Glenn,021,27897,5430,5393,1828,7221,48
2022-08-14,Humboldt,023,135768,21078,20954,4650,25604,153
2022-08-14,Imperial,025,180216,64034,63766,14841,78607,950
2022-08-14,Inyo,027,18085,4426,4418,856,5274,58
2022-08-14,Kern,029,883053,214927,213071,59459,272530,2380
2022-08-14,Kings,031,150075,57983,57748,3930,61678,454
2022-08-14,Lake,033,64148,12398,12324,1112,13436,142
2022-08-14,Lassen,035,31185,9819,9795,970,10765,64
2022-08-14,Los Angeles,037,10098052,3202610,3177769,171212,3348981,32657
2022-08-14,Madera,039,155013,42690,42517,7755,50272,372
2022-08-14,Marin,041,260295,43905,43662,5084,48746,305
2022-08-14,Mariposa,043,17540,3006,2986,329,3315,31
2022-08-14,Mendocino,045,87422,15569,15456,4269,19725,132
2022-08-14,Merced,047,269075,70565,69974,10962,80936,842
2022-08-14,Modoc,049,8938,860,856,313,1169,11
2022-08-14,Mono,051,14174,3177,3170,236,3406,7
2022-08-14,Monterey,053,433212,92226,91612,20007,111619,759
2022-08-14,Napa,055,140530,31511,31312,1384,32696,156
2022-08-14,Nevada,057,99092,18493,18398,1730,20128,132
2022-08-14,Orange,059,3164182,651474,648171,58697,706868,7248
2022-08-14,Placer,061,380077,73988,73588,9240,82828,656
2022-08-14,Plumas,063,18699,3548,3539,429,3968,13
2022-08-14,Riverside,065,2383286,678689,674362,33801,708163,6561
2022-08-14,Sacramento,067,1510023,337213,335292,32396,367688,3190
2022-08-14,San Benito,069,59416,15668,15578,895,16473,103
2022-08-14,San Bernardino,071,2135413,654606,643895,29638,673533,7983
2022-08-14,San Diego,073,3302833,902745,898646,69380,968026,5437
2022-08-14,San Francisco,075,870044,173549,172876,11722,184598,955
2022-08-14,San Joaquin,077,732212,192385,191272,13852,205124,2283
2022-08-14,San Luis Obispo,079,281455,61880,61403,6799,68202,512
2022-08-14,San Mateo,081,765935,163597,162531,10347,172878,738
2022-08-14,Santa Barbara,083,443738,102779,101942,6524,108466,712
2022-08-14,Santa Clara,085,1922200,418842,416369,18238,434607,2422
2022-08-14,Santa Cruz,087,273765,61056,60594,3281,63875,273
2022-08-14,Shasta,089,179085,34107,33895,7115,41010,584
2022-08-14,Sierra,091,2930,300,296,60,356,4
2022-08-14,Siskiyou,093,43540,5115,5086,3244,8330,88
2022-08-14,Solano,095,438530,102254,101761,7509,109270,458
2022-08-14,Sonoma,097,501317,104169,103496,5090,108586,504
2022-08-14,Stanislaus,099,539301,134201,133490,20741,154231,1702
2022-08-14,Sutter,101,95872,23478,23386,2410,25796,228
2022-08-14,Tehama,103,63373,13315,13213,2972,16185,209
2022-08-14,Trinity,105,12862,1365,1356,357,1713,20
2022-08-14,Tulare,107,460477,118960,118563,34180,152743,1520
2022-08-14,Tuolumne,109,53932,15105,14964,893,15857,196
2022-08-14,Ventura,111,848112,203004,201765,14666,216431,1541
2022-08-14,Yolo,113,214977,46390,46225,4200,50425,331
2022-08-14,Yuba,115,75493,18311,18232,1614,19846,129
2022-08-13,Alameda,001,1643700,336518,334944,19048,353992,1948
2022-08-13,Alpine,003,1148,131,131,1,132,0
2022-08-13,Amador,005,37829,9744,9705,890,10595,89
2022-08-13,Butte,007,227075,38351,38062,8585,46647,447
2022-08-13,Calaveras,009,45235,8301,8271,498,8769,131
2022-08-13,Colusa,011,21464,3723,3704,1211,4915,22
2022-08-13,Contra Costa,013,1133247,243220,239735,19780,259515,1393
2022-08-13,Del Norte,015,27424,7268,7245,386,7631,54
2022-08-13,El Dorado,017,186661,31600,31430,4112,35542,225
2022-08-13,Fresno,019,978130,267980,266211,29642,295853,2816
2022-08-13,Glenn,021,27897,5430,5393,1826,7219,48
2022-08-13,Humboldt,023,135768,21062,20954,4640,25594,153
2022-08-13,Imperial,025,180216,63993,63766,14823,78589,950
2022-08-13,Inyo,027,18085,4424,4418,855,5273,58
2022-08-13,Kern,029,883053,214836,213071,59379,272450,2380
2022-08-13,Kings,031,150075,57958,57748,3930,61678,454
2022-08-13,Lake,033,64148,12387,12324,1112,13436,142
2022-08-13,Lassen,035,31185,9813,9795,969,10764,64
2022-08-13,Los Angeles,037,10098052,3200755,3177769,170951,3348720,32657
2022-08-13,Madera,039,155013,42674,42517,7748,50265,372
2022-08-13,Marin,041,260295,43885,43662,5081,48743,305
2022-08-13,Mariposa,043,17540,3006,2986,328,3314,31
2022-08-13,Mendocino,045,87422,15557,15456,4266,19722,132
2022-08-13,Merced,047,269075,70527,69974,10956,80930,842
2022-08-13,Modoc,049,8938,860,856,313,1169,11
2022-08-13,Mono,051,14174,3177,3170,235,3405,7
2022-08-13,Monterey,053,433212,92162,91612,19971,111583,759
2022-08-13,Napa,055,140530,31498,31312,1382,32694,156
2022-08-13,Nevada,057,99092,18482,18398,1728,20126,132
2022-08-13,Orange,059,3164182,651083,648171,58623,706794,7248
2022-08-13,Placer,061,380077,73942,73588,9234,82822,656
2022-08-13,Plumas,063,18699,3546,3539,429,3968,13
2022-08-13,Riverside,065,2383286,678254,674362,33768,708130,6561
2022-08-13,Sacramento,067,1510023,337022,335292,32385,367677,3190
2022-08-13,San Benito,069,59416,15662,15578,889,16467,103
2022-08-13,San Bernardino,071,2135413,654137,643895,29608,673503,7983
2022-08-13,San Diego,073,3302833,902293,898646,69337,967983,5437
2022-08-13,San Francisco,075,870044,173432,172876,11716,184592,955
2022-08-13,San Joaquin,077,732212,192261,191272,13829,205101,2283
2022-08-13,San Luis Obispo,079,281455,61861,61403,6794,68197,512
2022-08-13,San Mateo,081,765935,163485,162531,10335,172866,738
2022-08-13,Santa Barbara,083,443738,102701,101942,6509,108451,712
2022-08-13,Santa Clara,085,1922200,418527,416369,18217,434586,2422
2022-08-13,Santa Cruz,087,273765,61019,60594,3275,63869,273
2022-08-13,Shasta,089,179085,34069,33895,7111,41006,584
2022-08-13,Sierra,091,2930,300,296,60,356,4
2022-08-13,Siskiyou,093,43540,5113,5086,3241,8327,88
2022-08-13,Solano,095,438530,102214,101761,7502,109263,458
2022-08-13,Sonoma,097,501317,104117,103496,5089,108585,504
2022-08-13,Stanislaus,099,539301,134100,133490,20717,154207,1702
2022-08-13,Sutter,101,95872,23464,23386,2410,25796,228
2022-08-13,Tehama,103,63373,13310,13213,2971,16184,209
2022-08-13,Trinity,105,12862,1364,1356,357,1713,20
2022-08-13,Tulare,107,460477,118889,118563,34123,152686,1520
2022-08-13,Tuolumne,109,53932,15091,14964,888,15852,196
2022-08-13,Ventura,111,848112,202841,201765,14651,216416,1541
2022-08-13,Yolo,113,214977,46362,46225,4197,50422,331
2022-08-13,Yuba,115,75493,18302,18232,1612,19844,129
2022-08-12,Alameda,001,1643700,336269,334944,19033,353977,1948
2022-08-12,Alpine,003,1148,131,131,1,132,0
2022-08-12,Amador,005,37829,9734,9705,887,10592,89
2022-08-12,Butte,007,227075,38331,38062,8576,46638,447
2022-08-12,Calaveras,009,45235,8293,8271,495,8766,131
2022-08-12,Colusa,011,21464,3720,3704,1211,4915,22
2022-08-12,Contra Costa,013,1133247,243052,239735,19762,259497,1393
2022-08-12,Del Norte,015,27424,7264,7245,386,7631,54
2022-08-12,El Dorado,017,186661,31582,31430,4108,35538,225
2022-08-12,Fresno,019,978130,267774,266211,29615,295826,2816
2022-08-12,Glenn,021,27897,5430,5393,1826,7219,48
2022-08-12,Humboldt,023,135768,21040,20954,4632,25586,153
2022-08-12,Imperial,025,180216,63966,63766,14808,78574,950
2022-08-12,Inyo,027,18085,4423,4418,853,5271,58
2022-08-12,Kern,029,883053,214738,213071,59290,272361,2380
2022-08-12,Kings,031,150075,57938,57748,3928,61676,454
2022-08-12,Lake,033,64148,12383,12324,1109,13433,142
2022-08-12,Lassen,035,31185,9811,9795,969,10764,64
2022-08-12,Los Angeles,037,10098052,3198664,3177769,170706,3348475,32657
2022-08-12,Madera,039,155013,42645,42517,7742,50259,372
2022-08-12,Marin,041,260295,43855,43662,5073,48735,305
2022-08-12,Mariposa,043,17540,3006,2986,328,3314,31
2022-08-12,Mendocino,045,87422,15546,15456,4258,19714,132
2022-08-12,Merced,047,269075,70494,69974,10950,80924,842
2022-08-12,Modoc,049,8938,860,856,313,1169,11
2022-08-12,Mono,051,14174,3177,3170,235,3405,7
2022-08-12,Monterey,053,433212,92105,91612,19938,111550,759
2022-08-12,Napa,055,140530,31477,31312,1381,32693,156
2022-08-12,Nevada,057,99092,18478,18398,1726,20124,132
2022-08-12,Orange,059,3164182,650673,648171,58531,706702,7248
2022-08-12,Placer,061,380077,73891,73588,9224,82812,656
2022-08-12,Plumas,063,18699,3544,3539,429,3968,13
2022-08-12,Riverside,065,2383286,677833,674362,33735,708097,6561
2022-08-12,Sacramento,067,1510023,336807,335292,32368,367660,3190
2022-08-12,San Benito,069,59416,15645,15578,888,16466,103
2022-08-12,San Bernardino,071,2135413,653731,643895,29590,673485,7983
2022-08-12,San Diego,073,3302833,901768,898646,69262,967908,5437
2022-08-12,San Francisco,075,870044,173305,172876,11708,184584,955
2022-08-12,San Joaquin,077,732212,192140,191272,13811,205083,2283
2022-08-12,San Luis Obispo,079,281455,61839,61403,6787,68190,512
2022-08-12,San Mateo,081,765935,163358,162531,10330,172861,738
2022-08-12,Santa Barbara,083,443738,102619,101942,6504,108446,712
2022-08-12,Santa Clara,085,1922200,418184,416369,18196,434565,2422
2022-08-12,Santa Cruz,087,273765,60966,60594,3273,63867,273
2022-08-12,Shasta,089,179085,34055,33895,7103,40998,584
2022-08-12,Sierra,091,2930,298,296,59,355,4
2022-08-12,Siskiyou,093,43540,5110,5086,3241,8327,88
2022-08-12,Solano,095,438530,102141,101761,7491,109252,458
2022-08-12,Sonoma,097,501317,104059,103496,5088,108584,504
2022-08-12,Stanislaus,099,539301,134014,133490,20705,154195,1702
2022-08-12,Sutter,101,95872,23449,23386,2410,25796,228
2022-08-12,Tehama,103,63373,13302,13213,2970,16183,209
2022-08-12,Trinity,105,12862,1361,1356,356,1712,20
2022-08-12,Tulare,107,460477,118830,118563,34065,152628,1520
2022-08-12,Tuolumne,109,53932,15084,14964,887,15851,196
2022-08-12,Ventura,111,848112,202696,201765,14633,216398,1541
2022-08-12,Yolo,113,214977,46340,46225,4192,50417,331
2022-08-12,Yuba,115,75493,18291,18232,1611,19843,129
2022-08-11,Alameda,001,1643700,335947,334944,18999,353943,1948
2022-08-11,Alpine,003,1148,131,131,1,132,0
2022-08-11,Amador,005,37829,9731,9705,884,10589,89
2022-08-11,Butte,007,227075,38295,38062,8562,46624,447
2022-08-11,Calaveras,009,45235,8287,8271,493,8764,131
2022-08-11,Colusa,011,21464,3717,3704,1210,4914,22
2022-08-11,Contra Costa,013,1133247,242794,239735,19728,259463,1393
2022-08-11,Del Norte,015,27424,7258,7245,384,7629,54
2022-08-11,El Dorado,017,186661,31551,31430,4101,35531,225
2022-08-11,Fresno,019,978130,267527,266211,29568,295779,2816
2022-08-11,Glenn,021,27897,5428,5393,1825,7218,48
2022-08-11,Humboldt,023,135768,21010,20954,4623,25577,153
2022-08-11,Imperial,025,180216,63919,63766,14763,78529,950
2022-08-11,Inyo,027,18085,4422,4418,847,5265,58
2022-08-11,Kern,029,883053,214558,213071,59146,272217,2380
2022-08-11,Kings,031,150075,57880,57748,3921,61669,454
2022-08-11,Lake,033,64148,12373,12324,1108,13432,142
2022-08-11,Lassen,035,31185,9806,9795,969,10764,64
2022-08-11,Los Angeles,037,10098052,3195687,3177769,170331,3348100,32657
2022-08-11,Madera,039,155013,42598,42517,7716,50233,372
2022-08-11,Marin,041,260295,43816,43662,5066,48728,305
2022-08-11,Mariposa,043,17540,3006,2986,325,3311,31
2022-08-11,Mendocino,045,87422,15535,15456,4255,19711,132
2022-08-11,Merced,047,269075,70442,69974,10915,80889,842
2022-08-11,Modoc,049,8938,859,856,313,1169,11
2022-08-11,Mono,051,14174,3177,3170,235,3405,7
2022-08-11,Monterey,053,433212,92005,91612,19883,111495,759
2022-08-11,Napa,055,140530,31439,31312,1379,32691,156
2022-08-11,Nevada,057,99092,18460,18398,1722,20120,132
2022-08-11,Orange,059,3164182,650022,648171,58395,706566,7248
2022-08-11,Placer,061,380077,73825,73588,9214,82802,656
2022-08-11,Plumas,063,18699,3543,3539,428,3967,13
2022-08-11,Riverside,065,2383286,677226,674362,33689,708051,6561
2022-08-11,Sacramento,067,1510023,336494,335292,32336,367628,3190
2022-08-11,San Benito,069,59416,15629,15578,887,16465,103
2022-08-11,San Bernardino,071,2135413,652989,643895,29538,673433,7983
2022-08-11,San Diego,073,3302833,900995,898646,69138,967784,5437
2022-08-11,San Francisco,075,870044,173156,172876,11691,184567,955
2022-08-11,San Joaquin,077,732212,191950,191272,13785,205057,2283
2022-08-11,San Luis Obispo,079,281455,61790,61403,6760,68163,512
2022-08-11,San Mateo,081,765935,163197,162531,10318,172849,738
2022-08-11,Santa Barbara,083,443738,102511,101942,6482,108424,712
2022-08-11,Santa Clara,085,1922200,417753,416369,18174,434543,2422
2022-08-11,Santa Cruz,087,273765,60901,60594,3269,63863,273
2022-08-11,Shasta,089,179085,34036,33895,7089,40984,584
2022-08-11,Sierra,091,2930,297,296,59,355,4
2022-08-11,Siskiyou,093,43540,5107,5086,3237,8323,88
2022-08-11,Solano,095,438530,102074,101761,7478,109239,458
2022-08-11,Sonoma,097,501317,103965,103496,5081,108577,504
2022-08-11,Stanislaus,099,539301,133857,133490,20664,154154,1702
2022-08-11,Sutter,101,95872,23419,23386,2410,25796,228
2022-08-11,Tehama,103,63373,13294,13213,2970,16183,209
2022-08-11,Trinity,105,12862,1361,1356,355,1711,20
2022-08-11,Tulare,107,460477,118733,118563,33976,152539,1520
2022-08-11,Tuolumne,109,53932,15076,14964,885,15849,196
2022-08-11,Ventura,111,848112,202494,201765,14596,216361,1541
2022-08-11,Yolo,113,214977,46306,46225,4188,50413,331
2022-08-11,Yuba,115,75493,18268,18232,1608,19840,129
2022-08-10,Alameda,001,1643700,335552,333587,18975,352562,1944
2022-08-10,Alpine,003,1148,131,131,1,132,0
2022-08-10,Amador,005,37829,9726,9677,881,10558,88
2022-08-10,Butte,007,227075,38260,37892,8552,46444,446
2022-08-10,Calaveras,009,45235,8281,8251,490,8741,130
2022-08-10,Colusa,011,21464,3713,3700,1210,4910,22
2022-08-10,Contra Costa,013,1133247,242545,238658,19687,258345,1382
2022-08-10,Del Norte,015,27424,7253,7220,384,7604,54
2022-08-10,El Dorado,017,186661,31525,31354,4086,35440,225
2022-08-10,Fresno,019,978130,267257,265300,29504,294804,2815
2022-08-10,Glenn,021,27897,5426,5387,1822,7209,48
2022-08-10,Humboldt,023,135768,20996,20843,4605,25448,153
2022-08-10,Imperial,025,180216,63860,63532,14721,78253,949
2022-08-10,Inyo,027,18085,4422,4416,846,5262,57
2022-08-10,Kern,029,883053,214379,212602,59002,271604,2380
2022-08-10,Kings,031,150075,57833,57569,3919,61488,453
2022-08-10,Lake,033,64148,12359,12281,1108,13389,142
2022-08-10,Lassen,035,31185,9799,9682,969,10651,64
2022-08-10,Los Angeles,037,10098052,3192487,3168105,169970,3338075,32609
2022-08-10,Madera,039,155013,42561,42350,7700,50050,372
2022-08-10,Marin,041,260295,43770,43532,5063,48595,302
2022-08-10,Mariposa,043,17540,3005,2980,325,3305,31
2022-08-10,Mendocino,045,87422,15521,15394,4253,19647,132
2022-08-10,Merced,047,269075,70370,69740,10890,80630,839
2022-08-10,Modoc,049,8938,858,855,312,1167,11
2022-08-10,Mono,051,14174,3175,3165,235,3400,7
2022-08-10,Monterey,053,433212,91904,91307,19817,111124,758
2022-08-10,Napa,055,140530,31402,31223,1377,32600,153
2022-08-10,Nevada,057,99092,18446,18354,1720,20074,132
2022-08-10,Orange,059,3164182,649310,646005,58273,704278,7235
2022-08-10,Placer,061,380077,73769,73348,9205,82553,650
2022-08-10,Plumas,063,18699,3541,3525,428,3953,13
2022-08-10,Riverside,065,2383286,676503,672334,33628,705962,6555
2022-08-10,Sacramento,067,1510023,336169,334382,32307,366689,3177
2022-08-10,San Benito,069,59416,15600,15507,880,16387,101
2022-08-10,San Bernardino,071,2135413,652351,641936,29482,671418,7977
2022-08-10,San Diego,073,3302833,900145,895482,69021,964503,5429
2022-08-10,San Francisco,075,870044,172993,172265,11673,183938,945
2022-08-10,San Joaquin,077,732212,191727,190596,13744,204340,2281
2022-08-10,San Luis Obispo,079,281455,61745,61207,6745,67952,510
2022-08-10,San Mateo,081,765935,163003,161882,10309,172191,738
2022-08-10,Santa Barbara,083,443738,102384,101558,6462,108020,711
2022-08-10,Santa Clara,085,1922200,417230,414659,18151,432810,2398
2022-08-10,Santa Cruz,087,273765,60820,60360,3267,63627,269
2022-08-10,Shasta,089,179085,34015,33816,7080,40896,584
2022-08-10,Sierra,091,2930,297,295,59,354,4
2022-08-10,Siskiyou,093,43540,5102,5074,3231,8305,87
2022-08-10,Solano,095,438530,101984,101393,7473,108866,457
2022-08-10,Sonoma,097,501317,103873,103168,5073,108241,501
2022-08-10,Stanislaus,099,539301,133718,133071,20631,153702,1702
2022-08-10,Sutter,101,95872,23391,23279,2408,25687,228
2022-08-10,Tehama,103,63373,13287,13187,2969,16156,209
2022-08-10,Trinity,105,12862,1360,1350,355,1705,20
2022-08-10,Tulare,107,460477,118648,118239,33897,152136,1520
2022-08-10,Tuolumne,109,53932,15041,14922,883,15805,196
2022-08-10,Ventura,111,848112,202270,201179,14558,215737,1539
2022-08-10,Yolo,113,214977,46272,46069,4181,50250,330
2022-08-10,Yuba,115,75493,18248,18179,1604,19783,129
2022-08-09,Alameda,001,1643700,335128,333587,18934,352521,1944
2022-08-09,Alpine,003,1148,131,131,1,132,0
2022-08-09,Amador,005,37829,9716,9677,880,10557,88
2022-08-09,Butte,007,227075,38222,37892,8541,46433,446
2022-08-09,Calaveras,009,45235,8274,8251,490,8741,130
2022-08-09,Colusa,011,21464,3710,3700,1209,4909,22
2022-08-09,Contra Costa,013,1133247,242270,238658,19642,258300,1382
2022-08-09,Del Norte,015,27424,7236,7220,383,7603,54
2022-08-09,El Dorado,017,186661,31496,31354,4080,35434,225
2022-08-09,Fresno,019,978130,266928,265300,29469,294769,2815
2022-08-09,Glenn,021,27897,5424,5387,1822,7209,48
2022-08-09,Humboldt,023,135768,20971,20843,4595,25438,153
2022-08-09,Imperial,025,180216,63797,63532,14664,78196,949
2022-08-09,Inyo,027,18085,4421,4416,842,5258,57
2022-08-09,Kern,029,883053,214186,212602,58866,271468,2380
2022-08-09,Kings,031,150075,57767,57569,3917,61486,453
2022-08-09,Lake,033,64148,12335,12281,1107,13388,142
2022-08-09,Lassen,035,31185,9793,9682,969,10651,64
2022-08-09,Los Angeles,037,10098052,3188992,3168105,169598,3337703,32609
2022-08-09,Madera,039,155013,42507,42350,7689,50039,372
2022-08-09,Marin,041,260295,43715,43532,5059,48591,302
2022-08-09,Mariposa,043,17540,3001,2980,324,3304,31
2022-08-09,Mendocino,045,87422,15502,15394,4243,19637,132
2022-08-09,Merced,047,269075,70306,69740,10861,80601,839
2022-08-09,Modoc,049,8938,858,855,311,1166,11
2022-08-09,Mono,051,14174,3175,3165,234,3399,7
2022-08-09,Monterey,053,433212,91792,91307,19752,111059,758
2022-08-09,Napa,055,140530,31374,31223,1375,32598,153
2022-08-09,Nevada,057,99092,18434,18354,1718,20072,132
2022-08-09,Orange,059,3164182,648491,646005,58123,704128,7235
2022-08-09,Placer,061,380077,73704,73348,9197,82545,650
2022-08-09,Plumas,063,18699,3536,3525,428,3953,13
2022-08-09,Riverside,065,2383286,675749,672334,33573,705907,6555
2022-08-09,Sacramento,067,1510023,335749,334382,32274,366656,3177
2022-08-09,San Benito,069,59416,15583,15507,875,16382,101
2022-08-09,San Bernardino,071,2135413,651669,641936,29418,671354,7977
2022-08-09,San Diego,073,3302833,899251,895482,68884,964366,5429
2022-08-09,San Francisco,075,870044,172747,172265,11653,183918,945
2022-08-09,San Joaquin,077,732212,191513,190596,13705,204301,2281
2022-08-09,San Luis Obispo,079,281455,61688,61207,6721,67928,510
2022-08-09,San Mateo,081,765935,162811,161882,10293,172175,738
2022-08-09,Santa Barbara,083,443738,102227,101558,6433,107991,711
2022-08-09,Santa Clara,085,1922200,416703,414659,18131,432790,2398
2022-08-09,Santa Cruz,087,273765,60746,60360,3258,63618,269
2022-08-09,Shasta,089,179085,33993,33816,7077,40893,584
2022-08-09,Sierra,091,2930,297,295,59,354,4
2022-08-09,Siskiyou,093,43540,5098,5074,3227,8301,87
2022-08-09,Solano,095,438530,101881,101393,7461,108854,457
2022-08-09,Sonoma,097,501317,103770,103168,5065,108233,501
2022-08-09,Stanislaus,099,539301,133576,133071,20599,153670,1702
2022-08-09,Sutter,101,95872,23361,23279,2406,25685,228
2022-08-09,Tehama,103,63373,13274,13187,2959,16146,209
2022-08-09,Trinity,105,12862,1358,1350,354,1704,20
2022-08-09,Tulare,107,460477,118536,118239,33811,152050,1520
2022-08-09,Tuolumne,109,53932,15025,14922,883,15805,196
2022-08-09,Ventura,111,848112,202036,201179,14523,215702,1539
2022-08-09,Yolo,113,214977,46230,46069,4169,50238,330
2022-08-09,Yuba,115,75493,18229,18179,1594,19773,129
2022-08-08,Alameda,001,1643700,334671,333587,18892,352479,1944
2022-08-08,Alpine,003,1148,131,131,1,132,0
2022-08-08,Amador,005,37829,9710,9677,879,10556,88
2022-08-08,Butte,007,227075,38169,37892,8527,46419,446
2022-08-08,Calaveras,009,45235,8269,8251,487,8738,130
2022-08-08,Colusa,011,21464,3710,3700,1208,4908,22
2022-08-08,Contra Costa,013,1133247,241898,238658,19594,258252,1382
2022-08-08,Del Norte,015,27424,7229,7220,382,7602,54
2022-08-08,El Dorado,017,186661,31467,31354,4073,35427,225
2022-08-08,Fresno,019,978130,266564,265300,29419,294719,2815
2022-08-08,Glenn,021,27897,5418,5387,1821,7208,48
2022-08-08,Humboldt,023,135768,20933,20843,4578,25421,153
2022-08-08,Imperial,025,180216,63738,63532,14596,78128,949
2022-08-08,Inyo,027,18085,4420,4416,841,5257,57
2022-08-08,Kern,029,883053,213929,212602,58709,271311,2380
2022-08-08,Kings,031,150075,57707,57569,3908,61477,453
2022-08-08,Lake,033,64148,12313,12281,1104,13385,142
2022-08-08,Lassen,035,31185,9780,9682,966,10648,64
2022-08-08,Los Angeles,037,10098052,3185354,3168105,169176,3337281,32609
2022-08-08,Madera,039,155013,42450,42350,7666,50016,372
2022-08-08,Marin,041,260295,43660,43532,5046,48578,302
2022-08-08,Mariposa,043,17540,2997,2980,320,3300,31
2022-08-08,Mendocino,045,87422,15488,15394,4233,19627,132
2022-08-08,Merced,047,269075,70235,69740,10833,80573,839
2022-08-08,Modoc,049,8938,857,855,311,1166,11
2022-08-08,Mono,051,14174,3175,3165,234,3399,7
2022-08-08,Monterey,053,433212,91692,91307,19671,110978,758
2022-08-08,Napa,055,140530,31339,31223,1374,32597,153
2022-08-08,Nevada,057,99092,18419,18354,1710,20064,132
2022-08-08,Orange,059,3164182,647656,646005,57963,703968,7235
2022-08-08,Placer,061,380077,73645,73348,9188,82536,650
2022-08-08,Plumas,063,18699,3533,3525,427,3952,13
2022-08-08,Riverside,065,2383286,674948,672334,33521,705855,6555
2022-08-08,Sacramento,067,1510023,335347,334382,32236,366618,3177
2022-08-08,San Benito,069,59416,15558,15507,872,16379,101
2022-08-08,San Bernardino,071,2135413,650834,641936,29353,671289,7977
2022-08-08,San Diego,073,3302833,898156,895482,68760,964242,5429
2022-08-08,San Francisco,075,870044,172533,172265,11635,183900,945
2022-08-08,San Joaquin,077,732212,191248,190596,13665,204261,2281
2022-08-08,San Luis Obispo,079,281455,61622,61207,6699,67906,510
2022-08-08,San Mateo,081,765935,162602,161882,10282,172164,738
2022-08-08,Santa Barbara,083,443738,102094,101558,6416,107974,711
2022-08-08,Santa Clara,085,1922200,416095,414659,18108,432767,2398
2022-08-08,Santa Cruz,087,273765,60670,60360,3255,63615,269
2022-08-08,Shasta,089,179085,33963,33816,7068,40884,584
2022-08-08,Sierra,091,2930,297,295,59,354,4
2022-08-08,Siskiyou,093,43540,5095,5074,3224,8298,87
2022-08-08,Solano,095,438530,101739,101393,7446,108839,457
2022-08-08,Sonoma,097,501317,103656,103168,5056,108224,501
2022-08-08,Stanislaus,099,539301,133452,133071,20572,153643,1702
2022-08-08,Sutter,101,95872,23325,23279,2406,25685,228
2022-08-08,Tehama,103,63373,13264,13187,2957,16144,209
2022-08-08,Trinity,105,12862,1358,1350,353,1703,20
2022-08-08,Tulare,107,460477,118395,118239,33727,151966,1520
2022-08-08,Tuolumne,109,53932,15017,14922,882,15804,196
2022-08-08,Ventura,111,848112,201791,201179,14472,215651,1539
2022-08-08,Yolo,113,214977,46176,46069,4163,50232,330
2022-08-08,Yuba,115,75493,18205,18179,1592,19771,129
2022-08-07,Alameda,001,1643700,334113,331755,18851,350606,1945
2022-08-07,Alpine,003,1148,131,130,1,131,0
2022-08-07,Amador,005,37829,9703,9655,877,10532,88
2022-08-07,Butte,007,227075,38099,37717,8513,46230,446
2022-08-07,Calaveras,009,45235,8256,8219,483,8702,129
2022-08-07,Colusa,011,21464,3706,3696,1207,4903,22
2022-08-07,Contra Costa,013,1133247,241507,237436,19547,256983,1383
2022-08-07,Del Norte,015,27424,7217,7191,379,7570,54
2022-08-07,El Dorado,017,186661,31427,31240,4068,35308,225
2022-08-07,Fresno,019,978130,266148,263912,29345,293257,2815
2022-08-07,Glenn,021,27897,5416,5379,1818,7197,48
2022-08-07,Humboldt,023,135768,20896,20746,4557,25303,153
2022-08-07,Imperial,025,180216,63656,63198,14524,77722,949
2022-08-07,Inyo,027,18085,4420,4408,838,5246,57
2022-08-07,Kern,029,883053,213699,211798,58508,270306,2375
2022-08-07,Kings,031,150075,57610,57294,3900,61194,453
2022-08-07,Lake,033,64148,12300,12220,1104,13324,142
2022-08-07,Lassen,035,31185,9724,9654,966,10620,64
2022-08-07,Los Angeles,037,10098052,3180925,3153757,168792,3322549,32563
2022-08-07,Madera,039,155013,42393,42139,7627,49766,372
2022-08-07,Marin,041,260295,43604,43295,5036,48331,302
2022-08-07,Mariposa,043,17540,2994,2965,319,3284,31
2022-08-07,Mendocino,045,87422,15469,15335,4214,19549,132
2022-08-07,Merced,047,269075,70113,69498,10781,80279,838
2022-08-07,Modoc,049,8938,856,853,311,1164,11
2022-08-07,Mono,051,14174,3172,3161,234,3395,7
2022-08-07,Monterey,053,433212,91559,90884,19582,110466,757
2022-08-07,Napa,055,140530,31296,31052,1372,32424,151
2022-08-07,Nevada,057,99092,18395,18309,1704,20013,132
2022-08-07,Orange,059,3164182,646757,643029,57779,700808,7213
2022-08-07,Placer,061,380077,73555,73064,9173,82237,648
2022-08-07,Plumas,063,18699,3532,3516,427,3943,13
2022-08-07,Riverside,065,2383286,674019,669230,33440,702670,6555
2022-08-07,Sacramento,067,1510023,334860,332928,32186,365114,3175
2022-08-07,San Benito,069,59416,15532,15403,869,16272,101
2022-08-07,San Bernardino,071,2135413,649944,639120,29286,668406,7956
2022-08-07,San Diego,073,3302833,896879,891504,68648,960152,5424
2022-08-07,San Francisco,075,870044,172259,171486,11609,183095,946
2022-08-07,San Joaquin,077,732212,190953,189696,13610,203306,2276
2022-08-07,San Luis Obispo,079,281455,61524,60903,6667,67570,510
2022-08-07,San Mateo,081,765935,162356,161011,10265,171276,734
2022-08-07,Santa Barbara,083,443738,101908,100995,6389,107384,711
2022-08-07,Santa Clara,085,1922200,415383,412411,18088,430499,2386
2022-08-07,Santa Cruz,087,273765,60549,59982,3239,63221,269
2022-08-07,Shasta,089,179085,33915,33727,7054,40781,583
2022-08-07,Sierra,091,2930,296,295,59,354,4
2022-08-07,Siskiyou,093,43540,5089,5045,3219,8264,87
2022-08-07,Solano,095,438530,101582,100081,7429,107510,457
2022-08-07,Sonoma,097,501317,103538,102682,5048,107730,502
2022-08-07,Stanislaus,099,539301,133258,132406,20539,152945,1701
2022-08-07,Sutter,101,95872,23289,23178,2405,25583,228
2022-08-07,Tehama,103,63373,13254,13155,2953,16108,209
2022-08-07,Trinity,105,12862,1356,1347,352,1699,20
2022-08-07,Tulare,107,460477,118245,117668,33627,151295,1516
2022-08-07,Tuolumne,109,53932,15000,14844,882,15726,196
2022-08-07,Ventura,111,848112,201533,200270,14426,214696,1537
2022-08-07,Yolo,113,214977,46126,45902,4153,50055,331
2022-08-07,Yuba,115,75493,18186,18099,1588,19687,124
2022-08-06,Alameda,001,1643700,333870,331755,18839,350594,1945
2022-08-06,Alpine,003,1148,131,130,1,131,0
2022-08-06,Amador,005,37829,9696,9655,875,10530,88
2022-08-06,Butte,007,227075,38061,37717,8502,46219,446
2022-08-06,Calaveras,009,45235,8249,8219,482,8701,129
2022-08-06,Colusa,011,21464,3704,3696,1204,4900,22
2022-08-06,Contra Costa,013,1133247,241261,237436,19528,256964,1383
2022-08-06,Del Norte,015,27424,7211,7191,379,7570,54
2022-08-06,El Dorado,017,186661,31410,31240,4065,35305,225
2022-08-06,Fresno,019,978130,265970,263912,29321,293233,2815
2022-08-06,Glenn,021,27897,5416,5379,1817,7196,48
2022-08-06,Humboldt,023,135768,20875,20746,4549,25295,153
2022-08-06,Imperial,025,180216,63609,63198,14496,77694,949
2022-08-06,Inyo,027,18085,4420,4408,837,5245,57
2022-08-06,Kern,029,883053,213601,211798,58394,270192,2375
2022-08-06,Kings,031,150075,57570,57294,3900,61194,453
2022-08-06,Lake,033,64148,12295,12220,1103,13323,142
2022-08-06,Lassen,035,31185,9691,9654,966,10620,64
2022-08-06,Los Angeles,037,10098052,3178727,3153757,168512,3322269,32563
2022-08-06,Madera,039,155013,42349,42139,7621,49760,372
2022-08-06,Marin,041,260295,43575,43295,5031,48326,302
2022-08-06,Mariposa,043,17540,2993,2965,319,3284,31
2022-08-06,Mendocino,045,87422,15460,15335,4213,19548,132
2022-08-06,Merced,047,269075,70084,69498,10775,80273,838
2022-08-06,Modoc,049,8938,856,853,311,1164,11
2022-08-06,Mono,051,14174,3170,3161,233,3394,7
2022-08-06,Monterey,053,433212,91506,90884,19538,110422,757
2022-08-06,Napa,055,140530,31275,31052,1371,32423,151
2022-08-06,Nevada,057,99092,18387,18309,1702,20011,132
2022-08-06,Orange,059,3164182,646317,643029,57668,700697,7213
2022-08-06,Placer,061,380077,73498,73064,9166,82230,648
2022-08-06,Plumas,063,18699,3530,3516,427,3943,13
2022-08-06,Riverside,065,2383286,673505,669230,33399,702629,6555
2022-08-06,Sacramento,067,1510023,334686,332928,32177,365105,3175
2022-08-06,San Benito,069,59416,15515,15403,867,16270,101
2022-08-06,San Bernardino,071,2135413,649492,639120,29247,668367,7956
2022-08-06,San Diego,073,3302833,896322,891504,68606,960110,5424
2022-08-06,San Francisco,075,870044,172103,171486,11598,183084,946
2022-08-06,San Joaquin,077,732212,190824,189696,13574,203270,2276
2022-08-06,San Luis Obispo,079,281455,61496,60903,6662,67565,510
2022-08-06,San Mateo,081,765935,162220,161011,10258,171269,734
2022-08-06,Santa Barbara,083,443738,101836,100995,6375,107370,711
2022-08-06,Santa Clara,085,1922200,414920,412411,18070,430481,2386
2022-08-06,Santa Cruz,087,273765,60492,59982,3232,63214,269
2022-08-06,Shasta,089,179085,33884,33727,7044,40771,583
2022-08-06,Sierra,091,2930,296,295,59,354,4
2022-08-06,Siskiyou,093,43540,5082,5045,3217,8262,87
2022-08-06,Solano,095,438530,101535,100081,7424,107505,457
2022-08-06,Sonoma,097,501317,103474,102682,5039,107721,502
2022-08-06,Stanislaus,099,539301,133155,132406,20529,152935,1701
2022-08-06,Sutter,101,95872,23265,23178,2405,25583,228
2022-08-06,Tehama,103,63373,13249,13155,2949,16104,209
2022-08-06,Trinity,105,12862,1356,1347,352,1699,20
2022-08-06,Tulare,107,460477,118164,117668,33585,151253,1516
2022-08-06,Tuolumne,109,53932,14992,14844,881,15725,196
2022-08-06,Ventura,111,848112,201425,200270,14403,214673,1537
2022-08-06,Yolo,113,214977,46094,45902,4146,50048,331
2022-08-06,Yuba,115,75493,18171,18099,1587,19686,124
2022-08-05,Alameda,001,1643700,333561,331755,18828,350583,1945
2022-08-05,Alpine,003,1148,131,130,1,131,0
2022-08-05,Amador,005,37829,9694,9655,874,10529,88
2022-08-05,Butte,007,227075,38023,37717,8491,46208,446
2022-08-05,Calaveras,009,45235,8245,8219,482,8701,129
2022-08-05,Colusa,011,21464,3703,3696,1204,4900,22
2022-08-05,Contra Costa,013,1133247,241070,237436,19500,256936,1383
2022-08-05,Del Norte,015,27424,7207,7191,378,7569,54
2022-08-05,El Dorado,017,186661,31402,31240,4064,35304,225
2022-08-05,Fresno,019,978130,265789,263912,29297,293209,2815
2022-08-05,Glenn,021,27897,5415,5379,1816,7195,48
2022-08-05,Humboldt,023,135768,20858,20746,4536,25282,153
2022-08-05,Imperial,025,180216,63534,63198,14457,77655,949
2022-08-05,Inyo,027,18085,4420,4408,837,5245,57
2022-08-05,Kern,029,883053,213488,211798,58300,270098,2375
2022-08-05,Kings,031,150075,57545,57294,3899,61193,453
2022-08-05,Lake,033,64148,12285,12220,1103,13323,142
2022-08-05,Lassen,035,31185,9679,9654,965,10619,64
2022-08-05,Los Angeles,037,10098052,3176237,3153757,168234,3321991,32563
2022-08-05,Madera,039,155013,42306,42139,7611,49750,372
2022-08-05,Marin,041,260295,43532,43295,5025,48320,302
2022-08-05,Mariposa,043,17540,2989,2965,317,3282,31
2022-08-05,Mendocino,045,87422,15445,15335,4210,19545,132
2022-08-05,Merced,047,269075,70034,69498,10768,80266,838
2022-08-05,Modoc,049,8938,856,853,311,1164,11
2022-08-05,Mono,051,14174,3169,3161,233,3394,7
2022-08-05,Monterey,053,433212,91439,90884,19502,110386,757
2022-08-05,Napa,055,140530,31246,31052,1370,32422,151
2022-08-05,Nevada,057,99092,18378,18309,1700,20009,132
2022-08-05,Orange,059,3164182,645814,643029,57564,700593,7213
2022-08-05,Placer,061,380077,73447,73064,9157,82221,648
2022-08-05,Plumas,063,18699,3528,3516,427,3943,13
2022-08-05,Riverside,065,2383286,672947,669230,33350,702580,6555
2022-08-05,Sacramento,067,1510023,334441,332928,32157,365085,3175
2022-08-05,San Benito,069,59416,15495,15403,865,16268,101
2022-08-05,San Bernardino,071,2135413,649036,639120,29218,668338,7956
2022-08-05,San Diego,073,3302833,895659,891504,68526,960030,5424
2022-08-05,San Francisco,075,870044,171960,171486,11578,183064,946
2022-08-05,San Joaquin,077,732212,190696,189696,13544,203240,2276
2022-08-05,San Luis Obispo,079,281455,61461,60903,6654,67557,510
2022-08-05,San Mateo,081,765935,162048,161011,10247,171258,734
2022-08-05,Santa Barbara,083,443738,101734,100995,6367,107362,711
2022-08-05,Santa Clara,085,1922200,414418,412411,18042,430453,2386
2022-08-05,Santa Cruz,087,273765,60425,59982,3228,63210,269
2022-08-05,Shasta,089,179085,33874,33727,7041,40768,583
2022-08-05,Sierra,091,2930,296,295,59,354,4
2022-08-05,Siskiyou,093,43540,5077,5045,3215,8260,87
2022-08-05,Solano,095,438530,101458,100081,7416,107497,457
2022-08-05,Sonoma,097,501317,103398,102682,5034,107716,502
2022-08-05,Stanislaus,099,539301,133053,132406,20518,152924,1701
2022-08-05,Sutter,101,95872,23246,23178,2403,25581,228
2022-08-05,Tehama,103,63373,13241,13155,2949,16104,209
2022-08-05,Trinity,105,12862,1355,1347,352,1699,20
2022-08-05,Tulare,107,460477,118077,117668,33532,151200,1516
2022-08-05,Tuolumne,109,53932,14979,14844,880,15724,196
2022-08-05,Ventura,111,848112,201276,200270,14374,214644,1537
2022-08-05,Yolo,113,214977,46076,45902,4131,50033,331
2022-08-05,Yuba,115,75493,18163,18099,1586,19685,124
2022-08-04,Alameda,001,1643700,333100,331755,18781,350536,1945
2022-08-04,Alpine,003,1148,130,130,1,131,0
2022-08-04,Amador,005,37829,9683,9655,870,10525,88
2022-08-04,Butte,007,227075,37979,37717,8475,46192,446
2022-08-04,Calaveras,009,45235,8238,8219,481,8700,129
2022-08-04,Colusa,011,21464,3702,3696,1204,4900,22
2022-08-04,Contra Costa,013,1133247,240797,237436,19461,256897,1383
2022-08-04,Del Norte,015,27424,7199,7191,377,7568,54
2022-08-04,El Dorado,017,186661,31370,31240,4061,35301,225
2022-08-04,Fresno,019,978130,265462,263912,29241,293153,2815
2022-08-04,Glenn,021,27897,5410,5379,1813,7192,48
2022-08-04,Humboldt,023,135768,20833,20746,4524,25270,153
2022-08-04,Imperial,025,180216,63466,63198,14403,77601,949
2022-08-04,Inyo,027,18085,4419,4408,836,5244,57
2022-08-04,Kern,029,883053,213282,211798,58169,269967,2375
2022-08-04,Kings,031,150075,57478,57294,3891,61185,453
2022-08-04,Lake,033,64148,12271,12220,1102,13322,142
2022-08-04,Lassen,035,31185,9674,9654,962,10616,64
2022-08-04,Los Angeles,037,10098052,3172550,3153757,167855,3321612,32563
2022-08-04,Madera,039,155013,42265,42139,7568,49707,372
2022-08-04,Marin,041,260295,43478,43295,4996,48291,302
2022-08-04,Mariposa,043,17540,2984,2965,315,3280,31
2022-08-04,Mendocino,045,87422,15432,15335,4202,19537,132
2022-08-04,Merced,047,269075,69963,69498,10728,80226,838
2022-08-04,Modoc,049,8938,856,853,311,1164,11
2022-08-04,Mono,051,14174,3169,3161,233,3394,7
2022-08-04,Monterey,053,433212,91331,90884,19436,110320,757
2022-08-04,Napa,055,140530,31210,31052,1369,32421,151
2022-08-04,Nevada,057,99092,18366,18309,1693,20002,132
2022-08-04,Orange,059,3164182,645047,643029,57425,700454,7213
2022-08-04,Placer,061,380077,73377,73064,9144,82208,648
2022-08-04,Plumas,063,18699,3522,3516,427,3943,13
2022-08-04,Riverside,065,2383286,672230,669230,33305,702535,6555
2022-08-04,Sacramento,067,1510023,334019,332928,32134,365062,3175
2022-08-04,San Benito,069,59416,15468,15403,858,16261,101
2022-08-04,San Bernardino,071,2135413,648338,639120,29159,668279,7956
2022-08-04,San Diego,073,3302833,894677,891504,68423,959927,5424
2022-08-04,San Francisco,075,870044,171753,171486,11550,183036,946
2022-08-04,San Joaquin,077,732212,190494,189696,13507,203203,2276
2022-08-04,San Luis Obispo,079,281455,61393,60903,6627,67530,510
2022-08-04,San Mateo,081,765935,161827,161011,10239,171250,734
2022-08-04,Santa Barbara,083,443738,101601,100995,6346,107341,711
2022-08-04,Santa Clara,085,1922200,413836,412411,18012,430423,2386
2022-08-04,Santa Cruz,087,273765,60337,59982,3227,63209,269
2022-08-04,Shasta,089,179085,33851,33727,7027,40754,583
2022-08-04,Sierra,091,2930,296,295,59,354,4
2022-08-04,Siskiyou,093,43540,5071,5045,3209,8254,87
2022-08-04,Solano,095,438530,101347,100081,7406,107487,457
2022-08-04,Sonoma,097,501317,103292,102682,5023,107705,502
2022-08-04,Stanislaus,099,539301,132896,132406,20494,152900,1701
2022-08-04,Sutter,101,95872,23220,23178,2401,25579,228
2022-08-04,Tehama,103,63373,13227,13155,2944,16099,209
2022-08-04,Trinity,105,12862,1354,1347,351,1698,20
2022-08-04,Tulare,107,460477,117962,117668,33471,151139,1516
2022-08-04,Tuolumne,109,53932,14955,14844,878,15722,196
2022-08-04,Ventura,111,848112,201045,200270,14335,214605,1537
2022-08-04,Yolo,113,214977,46040,45902,4123,50025,331
2022-08-04,Yuba,115,75493,18144,18099,1585,19684,124
2022-08-03,Alameda,001,1643700,332588,330158,18746,348904,1941
2022-08-03,Alpine,003,1148,130,130,1,131,0
2022-08-03,Amador,005,37829,9677,9627,867,10494,88
2022-08-03,Butte,007,227075,37934,37567,8465,46032,444
2022-08-03,Calaveras,009,45235,8230,8194,480,8674,128
2022-08-03,Colusa,011,21464,3702,3676,1204,4880,22
2022-08-03,Contra Costa,013,1133247,240473,236190,19410,255600,1381
2022-08-03,Del Norte,015,27424,7195,7156,377,7533,54
2022-08-03,El Dorado,017,186661,31334,31165,4052,35217,222
2022-08-03,Fresno,019,978130,265063,262758,29193,291951,2806
2022-08-03,Glenn,021,27897,5408,5363,1809,7172,48
2022-08-03,Humboldt,023,135768,20800,20640,4506,25146,153
2022-08-03,Imperial,025,180216,63388,62884,14352,77236,949
2022-08-03,Inyo,027,18085,4419,4398,830,5228,57
2022-08-03,Kern,029,883053,213097,211047,57996,269043,2375
2022-08-03,Kings,031,150075,57414,57065,3889,60954,453
2022-08-03,Lake,033,64148,12254,12172,1099,13271,142
2022-08-03,Lassen,035,31185,9671,9563,962,10525,64
2022-08-03,Los Angeles,037,10098052,3168838,3140955,167469,3308424,32500
2022-08-03,Madera,039,155013,42222,41918,7550,49468,372
2022-08-03,Marin,041,260295,43417,43127,4981,48108,300
2022-08-03,Mariposa,043,17540,2980,2950,315,3265,30
2022-08-03,Mendocino,045,87422,15414,15260,4194,19454,132
2022-08-03,Merced,047,269075,69897,69198,10696,79894,838
2022-08-03,Modoc,049,8938,855,842,311,1153,11
2022-08-03,Mono,051,14174,3168,3157,232,3389,7
2022-08-03,Monterey,053,433212,91226,90456,19371,109827,754
2022-08-03,Napa,055,140530,31173,30935,1364,32299,151
2022-08-03,Nevada,057,99092,18355,18253,1690,19943,132
2022-08-03,Orange,059,3164182,644228,640110,57253,697363,7202
2022-08-03,Placer,061,380077,73295,72834,9126,81960,646
2022-08-03,Plumas,063,18699,3519,3496,427,3923,13
2022-08-03,Riverside,065,2383286,671380,666773,33238,700011,6547
2022-08-03,Sacramento,067,1510023,333590,331584,32102,363686,3162
2022-08-03,San Benito,069,59416,15440,15338,851,16189,100
2022-08-03,San Bernardino,071,2135413,647608,636510,29101,665611,7951
2022-08-03,San Diego,073,3302833,893463,887729,68300,956029,5417
2022-08-03,San Francisco,075,870044,171551,170637,11531,182168,939
2022-08-03,San Joaquin,077,732212,190252,188962,13477,202439,2276
2022-08-03,San Luis Obispo,079,281455,61309,60648,6611,67259,504
2022-08-03,San Mateo,081,765935,161640,160258,10227,170485,725
2022-08-03,Santa Barbara,083,443738,101479,100558,6324,106882,710
2022-08-03,Santa Clara,085,1922200,413361,410394,17983,428377,2383
2022-08-03,Santa Cruz,087,273765,60248,59661,3224,62885,269
2022-08-03,Shasta,089,179085,33822,33630,7022,40652,582
2022-08-03,Sierra,091,2930,296,295,59,354,4
2022-08-03,Siskiyou,093,43540,5067,5021,3207,8228,86
2022-08-03,Solano,095,438530,101230,99608,7394,107002,459
2022-08-03,Sonoma,097,501317,103168,102306,5010,107316,500
2022-08-03,Stanislaus,099,539301,132753,131869,20468,152337,1701
2022-08-03,Sutter,101,95872,23191,23056,2399,25455,228
2022-08-03,Tehama,103,63373,13215,13135,2940,16075,209
2022-08-03,Trinity,105,12862,1354,1342,350,1692,20
2022-08-03,Tulare,107,460477,117828,117288,33403,150691,1516
2022-08-03,Tuolumne,109,53932,14936,14778,877,15655,196
2022-08-03,Ventura,111,848112,200810,199530,14297,213827,1536
2022-08-03,Yolo,113,214977,45993,45757,4104,49861,330
2022-08-03,Yuba,115,75493,18115,18036,1584,19620,124
2022-08-02,Alameda,001,1643700,332048,330158,18714,348872,1941
2022-08-02,Alpine,003,1148,130,130,1,131,0
2022-08-02,Amador,005,37829,9668,9627,860,10487,88
2022-08-02,Butte,007,227075,37895,37567,8453,46020,444
2022-08-02,Calaveras,009,45235,8215,8194,478,8672,128
2022-08-02,Colusa,011,21464,3699,3676,1203,4879,22
2022-08-02,Contra Costa,013,1133247,240125,236190,19347,255537,1381
2022-08-02,Del Norte,015,27424,7185,7156,377,7533,54
2022-08-02,El Dorado,017,186661,31300,31165,4046,35211,222
2022-08-02,Fresno,019,978130,264637,262758,29110,291868,2806
2022-08-02,Glenn,021,27897,5404,5363,1807,7170,48
2022-08-02,Humboldt,023,135768,20763,20640,4483,25123,153
2022-08-02,Imperial,025,180216,63306,62884,14304,77188,949
2022-08-02,Inyo,027,18085,4416,4398,820,5218,57
2022-08-02,Kern,029,883053,212859,211047,57796,268843,2375
2022-08-02,Kings,031,150075,57333,57065,3886,60951,453
2022-08-02,Lake,033,64148,12242,12172,1097,13269,142
2022-08-02,Lassen,035,31185,9668,9563,961,10524,64
2022-08-02,Los Angeles,037,10098052,3164519,3140955,166988,3307943,32500
2022-08-02,Madera,039,155013,42154,41918,7527,49445,372
2022-08-02,Marin,041,260295,43359,43127,4973,48100,300
2022-08-02,Mariposa,043,17540,2976,2950,315,3265,30
2022-08-02,Mendocino,045,87422,15383,15260,4180,19440,132
2022-08-02,Merced,047,269075,69821,69198,10653,79851,838
2022-08-02,Modoc,049,8938,855,842,311,1153,11
2022-08-02,Mono,051,14174,3167,3157,230,3387,7
2022-08-02,Monterey,053,433212,91104,90456,19299,109755,754
2022-08-02,Napa,055,140530,31137,30935,1361,32296,151
2022-08-02,Nevada,057,99092,18340,18253,1689,19942,132
2022-08-02,Orange,059,3164182,643350,640110,57084,697194,7202
2022-08-02,Placer,061,380077,73208,72834,9111,81945,646
2022-08-02,Plumas,063,18699,3514,3496,427,3923,13
2022-08-02,Riverside,065,2383286,670461,666773,33186,699959,6547
2022-08-02,Sacramento,067,1510023,333179,331584,32058,363642,3162
2022-08-02,San Benito,069,59416,15406,15338,848,16186,100
2022-08-02,San Bernardino,071,2135413,646760,636510,29045,665555,7951
2022-08-02,San Diego,073,3302833,892304,887729,68170,955899,5417
2022-08-02,San Francisco,075,870044,171316,170637,11516,182153,939
2022-08-02,San Joaquin,077,732212,190016,188962,13439,202401,2276
2022-08-02,San Luis Obispo,079,281455,61222,60648,6582,67230,504
2022-08-02,San Mateo,081,765935,161395,160258,10222,170480,725
2022-08-02,Santa Barbara,083,443738,101316,100558,6295,106853,710
2022-08-02,Santa Clara,085,1922200,412734,410394,17948,428342,2383
2022-08-02,Santa Cruz,087,273765,60159,59661,3216,62877,269
2022-08-02,Shasta,089,179085,33800,33630,7008,40638,582
2022-08-02,Sierra,091,2930,296,295,59,354,4
2022-08-02,Siskiyou,093,43540,5053,5021,3203,8224,86
2022-08-02,Solano,095,438530,101049,99608,7372,106980,459
2022-08-02,Sonoma,097,501317,102997,102306,4993,107299,500
2022-08-02,Stanislaus,099,539301,132595,131869,20427,152296,1701
2022-08-02,Sutter,101,95872,23157,23056,2398,25454,228
2022-08-02,Tehama,103,63373,13205,13135,2936,16071,209
2022-08-02,Trinity,105,12862,1354,1342,348,1690,20
2022-08-02,Tulare,107,460477,117691,117288,33319,150607,1516
2022-08-02,Tuolumne,109,53932,14919,14778,875,15653,196
2022-08-02,Ventura,111,848112,200558,199530,14252,213782,1536
2022-08-02,Yolo,113,214977,45946,45757,4098,49855,330
2022-08-02,Yuba,115,75493,18094,18036,1580,19616,124
2022-08-01,Alameda,001,1643700,331390,330158,18679,348837,1941
2022-08-01,Alpine,003,1148,130,130,1,131,0
2022-08-01,Amador,005,37829,9661,9627,858,10485,88
2022-08-01,Butte,007,227075,37838,37567,8438,46005,444
2022-08-01,Calaveras,009,45235,8212,8194,477,8671,128
2022-08-01,Colusa,011,21464,3695,3676,1194,4870,22
2022-08-01,Contra Costa,013,1133247,239731,236190,19291,255481,1381
2022-08-01,Del Norte,015,27424,7180,7156,377,7533,54
2022-08-01,El Dorado,017,186661,31272,31165,4041,35206,222
2022-08-01,Fresno,019,978130,264183,262758,29032,291790,2806
2022-08-01,Glenn,021,27897,5396,5363,1806,7169,48
2022-08-01,Humboldt,023,135768,20732,20640,4465,25105,153
2022-08-01,Imperial,025,180216,63191,62884,14244,77128,949
2022-08-01,Inyo,027,18085,4412,4398,816,5214,57
2022-08-01,Kern,029,883053,212620,211047,57625,268672,2375
2022-08-01,Kings,031,150075,57241,57065,3875,60940,453
2022-08-01,Lake,033,64148,12213,12172,1096,13268,142
2022-08-01,Lassen,035,31185,9648,9563,961,10524,64
2022-08-01,Los Angeles,037,10098052,3159796,3140955,166510,3307465,32500
2022-08-01,Madera,039,155013,42073,41918,7496,49414,372
2022-08-01,Marin,041,260295,43306,43127,4948,48075,300
2022-08-01,Mariposa,043,17540,2972,2950,313,3263,30
2022-08-01,Mendocino,045,87422,15359,15260,4171,19431,132
2022-08-01,Merced,047,269075,69713,69198,10619,79817,838
2022-08-01,Modoc,049,8938,855,842,311,1153,11
2022-08-01,Mono,051,14174,3166,3157,228,3385,7
2022-08-01,Monterey,053,433212,90960,90456,19224,109680,754
2022-08-01,Napa,055,140530,31088,30935,1358,32293,151
2022-08-01,Nevada,057,99092,18328,18253,1684,19937,132
2022-08-01,Orange,059,3164182,642405,640110,56918,697028,7202
2022-08-01,Placer,061,380077,73141,72834,9097,81931,646
2022-08-01,Plumas,063,18699,3510,3496,427,3923,13
2022-08-01,Riverside,065,2383286,669455,666773,33138,699911,6547
2022-08-01,Sacramento,067,1510023,332744,331584,32017,363601,3162
2022-08-01,San Benito,069,59416,15387,15338,848,16186,100
2022-08-01,San Bernardino,071,2135413,645842,636510,28985,665495,7951
2022-08-01,San Diego,073,3302833,890877,887729,67996,955725,5417
2022-08-01,San Francisco,075,870044,171061,170637,11502,182139,939
2022-08-01,San Joaquin,077,732212,189747,188962,13398,202360,2276
2022-08-01,San Luis Obispo,079,281455,61126,60648,6565,67213,504
2022-08-01,San Mateo,081,765935,161103,160258,10209,170467,725
2022-08-01,Santa Barbara,083,443738,101141,100558,6270,106828,710
2022-08-01,Santa Clara,085,1922200,411959,410394,17922,428316,2383
2022-08-01,Santa Cruz,087,273765,60054,59661,3204,62865,269
2022-08-01,Shasta,089,179085,33774,33630,6996,40626,582
2022-08-01,Sierra,091,2930,296,295,59,354,4
2022-08-01,Siskiyou,093,43540,5045,5021,3195,8216,86
2022-08-01,Solano,095,438530,100868,99608,7353,106961,459
2022-08-01,Sonoma,097,501317,102828,102306,4982,107288,500
2022-08-01,Stanislaus,099,539301,132423,131869,20400,152269,1701
2022-08-01,Sutter,101,95872,23102,23056,2397,25453,228
2022-08-01,Tehama,103,63373,13189,13135,2930,16065,209
2022-08-01,Trinity,105,12862,1353,1342,347,1689,20
2022-08-01,Tulare,107,460477,117520,117288,33237,150525,1516
2022-08-01,Tuolumne,109,53932,14900,14778,875,15653,196
2022-08-01,Ventura,111,848112,200306,199530,14203,213733,1536
2022-08-01,Yolo,113,214977,45895,45757,4082,49839,330
2022-08-01,Yuba,115,75493,18070,18036,1576,19612,124
2022-07-31,Alameda,001,1643700,330657,327608,18641,346249,1941
2022-07-31,Alpine,003,1148,130,130,1,131,0
2022-07-31,Amador,005,37829,9648,9609,853,10462,88
2022-07-31,Butte,007,227075,37762,37349,8418,45767,444
2022-07-31,Calaveras,009,45235,8200,8145,474,8619,128
2022-07-31,Colusa,011,21464,3691,3664,1192,4856,22
2022-07-31,Contra Costa,013,1133247,239259,234635,19221,253856,1375
2022-07-31,Del Norte,015,27424,7168,7136,374,7510,54
2022-07-31,El Dorado,017,186661,31245,31007,4032,35039,222
2022-07-31,Fresno,019,978130,263632,260858,28950,289808,2805
2022-07-31,Glenn,021,27897,5393,5350,1804,7154,48
2022-07-31,Humboldt,023,135768,20693,20523,4433,24956,151
2022-07-31,Imperial,025,180216,63086,62471,14164,76635,949
2022-07-31,Inyo,027,18085,4407,4388,811,5199,57
2022-07-31,Kern,029,883053,212309,210190,57378,267568,2375
2022-07-31,Kings,031,150075,57114,56673,3866,60539,454
2022-07-31,Lake,033,64148,12197,12102,1094,13196,142
2022-07-31,Lassen,035,31185,9569,9548,961,10509,64
2022-07-31,Los Angeles,037,10098052,3154557,3122700,165888,3288588,32445
2022-07-31,Madera,039,155013,41984,41641,7462,49103,372
2022-07-31,Marin,041,260295,43234,42840,4935,47775,300
2022-07-31,Mariposa,043,17540,2966,2940,312,3252,30
2022-07-31,Mendocino,045,87422,15340,15172,4162,19334,132
2022-07-31,Merced,047,269075,69585,68853,10571,79424,838
2022-07-31,Modoc,049,8938,851,841,311,1152,11
2022-07-31,Mono,051,14174,3165,3155,225,3380,7
2022-07-31,Monterey,053,433212,90801,89974,19140,109114,754
2022-07-31,Napa,055,140530,31022,30777,1354,32131,150
2022-07-31,Nevada,057,99092,18291,18187,1681,19868,131
2022-07-31,Orange,059,3164182,641381,636403,56719,693122,7194
2022-07-31,Placer,061,380077,73038,72444,9080,81524,647
2022-07-31,Plumas,063,18699,3504,3490,426,3916,13
2022-07-31,Riverside,065,2383286,668364,662929,33053,695982,6543
2022-07-31,Sacramento,067,1510023,332143,329639,31961,361600,3156
2022-07-31,San Benito,069,59416,15359,15256,842,16098,100
2022-07-31,San Bernardino,071,2135413,644697,633131,28882,662013,7941
2022-07-31,San Diego,073,3302833,889270,881822,67847,949669,5409
2022-07-31,San Francisco,075,870044,170663,169564,11462,181026,937
2022-07-31,San Joaquin,077,732212,189392,187937,13312,201249,2276
2022-07-31,San Luis Obispo,079,281455,60979,60370,6530,66900,503
2022-07-31,San Mateo,081,765935,160857,159145,10181,169326,726
2022-07-31,Santa Barbara,083,443738,100914,99946,6223,106169,708
2022-07-31,Santa Clara,085,1922200,411189,407392,17887,425279,2381
2022-07-31,Santa Cruz,087,273765,59887,59227,3188,62415,269
2022-07-31,Shasta,089,179085,33723,33454,6973,40427,581
2022-07-31,Sierra,091,2930,296,293,59,352,4
2022-07-31,Siskiyou,093,43540,5034,4997,3192,8189,86
2022-07-31,Solano,095,438530,100674,99034,7339,106373,457
2022-07-31,Sonoma,097,501317,102676,101747,4953,106700,500
2022-07-31,Stanislaus,099,539301,132188,131081,20357,151438,1696
2022-07-31,Sutter,101,95872,23058,22931,2386,25317,228
2022-07-31,Tehama,103,63373,13181,13079,2921,16000,208
2022-07-31,Trinity,105,12862,1351,1340,346,1686,20
2022-07-31,Tulare,107,460477,117331,116640,33116,149756,1514
2022-07-31,Tuolumne,109,53932,14876,14701,872,15573,196
2022-07-31,Ventura,111,848112,199990,198498,14121,212619,1530
2022-07-31,Yolo,113,214977,45834,45511,4073,49584,327
2022-07-31,Yuba,115,75493,18039,17951,1567,19518,124
2022-07-30,Alameda,001,1643700,330319,327608,18623,346231,1941
2022-07-30,Alpine,003,1148,130,130,1,131,0
2022-07-30,Amador,005,37829,9645,9609,847,10456,88
2022-07-30,Butte,007,227075,37733,37349,8409,45758,444
2022-07-30,Calaveras,009,45235,8190,8145,473,8618,128
2022-07-30,Colusa,011,21464,3686,3664,1192,4856,22
2022-07-30,Contra Costa,013,1133247,238984,234635,19182,253817,1375
2022-07-30,Del Norte,015,27424,7163,7136,372,7508,54
2022-07-30,El Dorado,017,186661,31226,31007,4028,35035,222
2022-07-30,Fresno,019,978130,263427,260858,28907,289765,2805
2022-07-30,Glenn,021,27897,5388,5350,1803,7153,48
2022-07-30,Humboldt,023,135768,20674,20523,4421,24944,151
2022-07-30,Imperial,025,180216,63040,62471,14135,76606,949
2022-07-30,Inyo,027,18085,4406,4388,807,5195,57
2022-07-30,Kern,029,883053,212185,210190,57234,267424,2375
2022-07-30,Kings,031,150075,57081,56673,3866,60539,454
2022-07-30,Lake,033,64148,12187,12102,1093,13195,142
2022-07-30,Lassen,035,31185,9568,9548,959,10507,64
2022-07-30,Los Angeles,037,10098052,3152085,3122700,165504,3288204,32445
2022-07-30,Madera,039,155013,41950,41641,7457,49098,372
2022-07-30,Marin,041,260295,43202,42840,4933,47773,300
2022-07-30,Mariposa,043,17540,2964,2940,311,3251,30
2022-07-30,Mendocino,045,87422,15316,15172,4158,19330,132
2022-07-30,Merced,047,269075,69534,68853,10563,79416,838
2022-07-30,Modoc,049,8938,851,841,311,1152,11
2022-07-30,Mono,051,14174,3165,3155,223,3378,7
2022-07-30,Monterey,053,433212,90709,89974,19095,109069,754
2022-07-30,Napa,055,140530,30994,30777,1351,32128,150
2022-07-30,Nevada,057,99092,18282,18187,1677,19864,131
2022-07-30,Orange,059,3164182,640827,636403,56612,693015,7194
2022-07-30,Placer,061,380077,72999,72444,9067,81511,647
2022-07-30,Plumas,063,18699,3503,3490,426,3916,13
2022-07-30,Riverside,065,2383286,667813,662929,33024,695953,6543
2022-07-30,Sacramento,067,1510023,331902,329639,31952,361591,3156
2022-07-30,San Benito,069,59416,15347,15256,839,16095,100
2022-07-30,San Bernardino,071,2135413,644207,633131,28839,661970,7941
2022-07-30,San Diego,073,3302833,888624,881822,67790,949612,5409
2022-07-30,San Francisco,075,870044,170512,169564,11451,181015,937
2022-07-30,San Joaquin,077,732212,189266,187937,13283,201220,2276
2022-07-30,San Luis Obispo,079,281455,60939,60370,6517,66887,503
2022-07-30,San Mateo,081,765935,160672,159145,10163,169308,726
2022-07-30,Santa Barbara,083,443738,100823,99946,6202,106148,708
2022-07-30,Santa Clara,085,1922200,410701,407392,17868,425260,2381
2022-07-30,Santa Cruz,087,273765,59821,59227,3181,62408,269
2022-07-30,Shasta,089,179085,33703,33454,6972,40426,581
2022-07-30,Sierra,091,2930,296,293,59,352,4
2022-07-30,Siskiyou,093,43540,5031,4997,3190,8187,86
2022-07-30,Solano,095,438530,100616,99034,7326,106360,457
2022-07-30,Sonoma,097,501317,102587,101747,4945,106692,500
2022-07-30,Stanislaus,099,539301,132056,131081,20332,151413,1696
2022-07-30,Sutter,101,95872,23033,22931,2385,25316,228
2022-07-30,Tehama,103,63373,13175,13079,2918,15997,208
2022-07-30,Trinity,105,12862,1351,1340,346,1686,20
2022-07-30,Tulare,107,460477,117240,116640,33051,149691,1514
2022-07-30,Tuolumne,109,53932,14857,14701,872,15573,196
2022-07-30,Ventura,111,848112,199819,198498,14088,212586,1530
2022-07-30,Yolo,113,214977,45807,45511,4070,49581,327
2022-07-30,Yuba,115,75493,18026,17951,1567,19518,124
2022-07-29,Alameda,001,1643700,329953,327608,18595,346203,1941
2022-07-29,Alpine,003,1148,130,130,1,131,0
2022-07-29,Amador,005,37829,9644,9609,846,10455,88
2022-07-29,Butte,007,227075,37702,37349,8392,45741,444
2022-07-29,Calaveras,009,45235,8186,8145,473,8618,128
2022-07-29,Colusa,011,21464,3686,3664,1192,4856,22
2022-07-29,Contra Costa,013,1133247,238757,234635,19158,253793,1375
2022-07-29,Del Norte,015,27424,7158,7136,371,7507,54
2022-07-29,El Dorado,017,186661,31204,31007,4027,35034,222
2022-07-29,Fresno,019,978130,263183,260858,28859,289717,2805
2022-07-29,Glenn,021,27897,5386,5350,1801,7151,48
2022-07-29,Humboldt,023,135768,20648,20523,4411,24934,151
2022-07-29,Imperial,025,180216,62979,62471,14107,76578,949
2022-07-29,Inyo,027,18085,4405,4388,806,5194,57
2022-07-29,Kern,029,883053,212021,210190,57093,267283,2375
2022-07-29,Kings,031,150075,57044,56673,3865,60538,454
2022-07-29,Lake,033,64148,12172,12102,1090,13192,142
2022-07-29,Lassen,035,31185,9566,9548,959,10507,64
2022-07-29,Los Angeles,037,10098052,3149227,3122700,165176,3287876,32445
2022-07-29,Madera,039,155013,41905,41641,7445,49086,372
2022-07-29,Marin,041,260295,43155,42840,4925,47765,300
2022-07-29,Mariposa,043,17540,2963,2940,311,3251,30
2022-07-29,Mendocino,045,87422,15298,15172,4146,19318,132
2022-07-29,Merced,047,269075,69477,68853,10547,79400,838
2022-07-29,Modoc,049,8938,851,841,311,1152,11
2022-07-29,Mono,051,14174,3164,3155,222,3377,7
2022-07-29,Monterey,053,433212,90616,89974,19060,109034,754
2022-07-29,Napa,055,140530,30968,30777,1350,32127,150
2022-07-29,Nevada,057,99092,18271,18187,1675,19862,131
2022-07-29,Orange,059,3164182,640233,636403,56480,692883,7194
2022-07-29,Placer,061,380077,72929,72444,9053,81497,647
2022-07-29,Plumas,063,18699,3502,3490,426,3916,13
2022-07-29,Riverside,065,2383286,667271,662929,32978,695907,6543
2022-07-29,Sacramento,067,1510023,331592,329639,31933,361572,3156
2022-07-29,San Benito,069,59416,15332,15256,838,16094,100
2022-07-29,San Bernardino,071,2135413,643672,633131,28804,661935,7941
2022-07-29,San Diego,073,3302833,887768,881822,67679,949501,5409
2022-07-29,San Francisco,075,870044,170334,169564,11439,181003,937
2022-07-29,San Joaquin,077,732212,189153,187937,13262,201199,2276
2022-07-29,San Luis Obispo,079,281455,60903,60370,6505,66875,503
2022-07-29,San Mateo,081,765935,160496,159145,10154,169299,726
2022-07-29,Santa Barbara,083,443738,100701,99946,6192,106138,708
2022-07-29,Santa Clara,085,1922200,410226,407392,17848,425240,2381
2022-07-29,Santa Cruz,087,273765,59745,59227,3178,62405,269
2022-07-29,Shasta,089,179085,33677,33454,6964,40418,581
2022-07-29,Sierra,091,2930,296,293,58,351,4
2022-07-29,Siskiyou,093,43540,5026,4997,3189,8186,86
2022-07-29,Solano,095,438530,100486,99034,7316,106350,457
2022-07-29,Sonoma,097,501317,102484,101747,4933,106680,500
2022-07-29,Stanislaus,099,539301,131952,131081,20320,151401,1696
2022-07-29,Sutter,101,95872,23013,22931,2385,25316,228
2022-07-29,Tehama,103,63373,13168,13079,2916,15995,208
2022-07-29,Trinity,105,12862,1347,1340,345,1685,20
2022-07-29,Tulare,107,460477,117138,116640,32991,149631,1514
2022-07-29,Tuolumne,109,53932,14844,14701,871,15572,196
2022-07-29,Ventura,111,848112,199669,198498,14049,212547,1530
2022-07-29,Yolo,113,214977,45772,45511,4057,49568,327
2022-07-29,Yuba,115,75493,18005,17951,1565,19516,124
2022-07-28,Alameda,001,1643700,329469,327608,18547,346155,1941
2022-07-28,Alpine,003,1148,130,130,1,131,0
2022-07-28,Amador,005,37829,9637,9609,845,10454,88
2022-07-28,Butte,007,227075,37650,37349,8379,45728,444
2022-07-28,Calaveras,009,45235,8175,8145,472,8617,128
2022-07-28,Colusa,011,21464,3680,3664,1192,4856,22
2022-07-28,Contra Costa,013,1133247,238394,234635,19103,253738,1375
2022-07-28,Del Norte,015,27424,7152,7136,370,7506,54
2022-07-28,El Dorado,017,186661,31169,31007,4022,35029,222
2022-07-28,Fresno,019,978130,262753,260858,28786,289644,2805
2022-07-28,Glenn,021,27897,5384,5350,1797,7147,48
2022-07-28,Humboldt,023,135768,20614,20523,4400,24923,151
2022-07-28,Imperial,025,180216,62880,62471,14043,76514,949
2022-07-28,Inyo,027,18085,4401,4388,804,5192,57
2022-07-28,Kern,029,883053,211772,210190,56927,267117,2375
2022-07-28,Kings,031,150075,56942,56673,3862,60535,454
2022-07-28,Lake,033,64148,12155,12102,1089,13191,142
2022-07-28,Lassen,035,31185,9561,9548,959,10507,64
2022-07-28,Los Angeles,037,10098052,3144926,3122700,164628,3287328,32445
2022-07-28,Madera,039,155013,41848,41641,7436,49077,372
2022-07-28,Marin,041,260295,43107,42840,4920,47760,300
2022-07-28,Mariposa,043,17540,2960,2940,308,3248,30
2022-07-28,Mendocino,045,87422,15277,15172,4135,19307,132
2022-07-28,Merced,047,269075,69399,68853,10507,79360,838
2022-07-28,Modoc,049,8938,848,841,311,1152,11
2022-07-28,Mono,051,14174,3164,3155,221,3376,7
2022-07-28,Monterey,053,433212,90462,89974,18983,108957,754
2022-07-28,Napa,055,140530,30929,30777,1348,32125,150
2022-07-28,Nevada,057,99092,18258,18187,1669,19856,131
2022-07-28,Orange,059,3164182,639282,636403,56329,692732,7194
2022-07-28,Placer,061,380077,72838,72444,9032,81476,647
2022-07-28,Plumas,063,18699,3501,3490,426,3916,13
2022-07-28,Riverside,065,2383286,666466,662929,32925,695854,6543
2022-07-28,Sacramento,067,1510023,331175,329639,31904,361543,3156
2022-07-28,San Benito,069,59416,15304,15256,833,16089,100
2022-07-28,San Bernardino,071,2135413,642838,633131,28759,661890,7941
2022-07-28,San Diego,073,3302833,886417,881822,67546,949368,5409
2022-07-28,San Francisco,075,870044,170101,169564,11409,180973,937
2022-07-28,San Joaquin,077,732212,188900,187937,13222,201159,2276
2022-07-28,San Luis Obispo,079,281455,60818,60370,6483,66853,503
2022-07-28,San Mateo,081,765935,160242,159145,10140,169285,726
2022-07-28,Santa Barbara,083,443738,100564,99946,6159,106105,708
2022-07-28,Santa Clara,085,1922200,409582,407392,17816,425208,2381
2022-07-28,Santa Cruz,087,273765,59627,59227,3166,62393,269
2022-07-28,Shasta,089,179085,33650,33454,6949,40403,581
2022-07-28,Sierra,091,2930,296,293,58,351,4
2022-07-28,Siskiyou,093,43540,5022,4997,3182,8179,86
2022-07-28,Solano,095,438530,100337,99034,7305,106339,457
2022-07-28,Sonoma,097,501317,102360,101747,4907,106654,500
2022-07-28,Stanislaus,099,539301,131803,131081,20279,151360,1696
2022-07-28,Sutter,101,95872,22982,22931,2380,25311,228
2022-07-28,Tehama,103,63373,13150,13079,2907,15986,208
2022-07-28,Trinity,105,12862,1346,1340,344,1684,20
2022-07-28,Tulare,107,460477,117012,116640,32893,149533,1514
2022-07-28,Tuolumne,109,53932,14825,14701,869,15570,196
2022-07-28,Ventura,111,848112,199401,198498,14008,212506,1530
2022-07-28,Yolo,113,214977,45723,45511,4045,49556,327
2022-07-28,Yuba,115,75493,17991,17951,1556,19507,124
2022-07-27,Alameda,001,1643700,328943,325669,18500,344169,1938
2022-07-27,Alpine,003,1148,130,130,1,131,0
2022-07-27,Amador,005,37829,9629,9568,844,10412,87
2022-07-27,Butte,007,227075,37606,37146,8367,45513,441
2022-07-27,Calaveras,009,45235,8165,8105,471,8576,130
2022-07-27,Colusa,011,21464,3671,3649,1192,4841,22
2022-07-27,Contra Costa,013,1133247,238039,233236,19052,252288,1374
2022-07-27,Del Norte,015,27424,7148,7161,370,7531,54
2022-07-27,El Dorado,017,186661,31122,30891,4013,34904,222
2022-07-27,Fresno,019,978130,262341,259483,28709,288192,2801
2022-07-27,Glenn,021,27897,5380,5327,1796,7123,48
2022-07-27,Humboldt,023,135768,20574,20406,4392,24798,150
2022-07-27,Imperial,025,180216,62795,62014,13988,76002,948
2022-07-27,Inyo,027,18085,4397,4381,800,5181,57
2022-07-27,Kern,029,883053,211546,209400,56714,266114,2368
2022-07-27,Kings,031,150075,56867,56417,3854,60271,451
2022-07-27,Lake,033,64148,12139,12025,1087,13112,142
2022-07-27,Lassen,035,31185,9556,9509,958,10467,64
2022-07-27,Los Angeles,037,10098052,3140186,3107063,164118,3271181,32392
2022-07-27,Madera,039,155013,41761,41423,7423,48846,372
2022-07-27,Marin,041,260295,43035,42624,4912,47536,300
2022-07-27,Mariposa,043,17540,2955,2927,308,3235,30
2022-07-27,Mendocino,045,87422,15248,15066,4120,19186,131
2022-07-27,Merced,047,269075,69283,68455,10477,78932,838
2022-07-27,Modoc,049,8938,846,840,311,1151,10
2022-07-27,Mono,051,14174,3162,3148,219,3367,7
2022-07-27,Monterey,053,433212,90331,89520,18909,108429,752
2022-07-27,Napa,055,140530,30886,30647,1346,31993,150
2022-07-27,Nevada,057,99092,18240,18134,1668,19802,132
2022-07-27,Orange,059,3164182,638290,632871,56156,689027,7188
2022-07-27,Placer,061,380077,72757,72194,9011,81205,647
2022-07-27,Plumas,063,18699,3495,3472,426,3898,13
2022-07-27,Riverside,065,2383286,665455,659650,32845,692495,6528
2022-07-27,Sacramento,067,1510023,330714,328249,31850,360099,3146
2022-07-27,San Benito,069,59416,15284,15188,831,16019,100
2022-07-27,San Bernardino,071,2135413,641964,629895,28704,658599,7937
2022-07-27,San Diego,073,3302833,884973,876507,67408,943915,5386
2022-07-27,San Francisco,075,870044,169853,168570,11393,179963,931
2022-07-27,San Joaquin,077,732212,188613,187066,13182,200248,2267
2022-07-27,San Luis Obispo,079,281455,60736,60180,6449,66629,502
2022-07-27,San Mateo,081,765935,159995,158343,10130,168473,724
2022-07-27,Santa Barbara,083,443738,100406,99460,6122,105582,707
2022-07-27,Santa Clara,085,1922200,408893,404896,17796,422692,2380
2022-07-27,Santa Cruz,087,273765,59532,58873,3153,62026,269
2022-07-27,Shasta,089,179085,33617,33314,6939,40253,578
2022-07-27,Sierra,091,2930,295,293,58,351,4
2022-07-27,Siskiyou,093,43540,5009,4975,3178,8153,84
2022-07-27,Solano,095,438530,100173,98579,7295,105874,457
2022-07-27,Sonoma,097,501317,102218,101316,4893,106209,499
2022-07-27,Stanislaus,099,539301,131602,130451,20238,150689,1695
2022-07-27,Sutter,101,95872,22946,22811,2374,25185,228
2022-07-27,Tehama,103,63373,13136,13036,2902,15938,207
2022-07-27,Trinity,105,12862,1345,1337,343,1680,20
2022-07-27,Tulare,107,460477,116850,116167,32821,148988,1514
2022-07-27,Tuolumne,109,53932,14795,14594,866,15460,196
2022-07-27,Ventura,111,848112,199123,197572,13941,211513,1527
2022-07-27,Yolo,113,214977,45678,45359,4028,49387,326
2022-07-27,Yuba,115,75493,17967,17873,1548,19421,124
2022-07-26,Alameda,001,1643700,328304,325669,18454,344123,1938
2022-07-26,Alpine,003,1148,130,130,1,131,0
2022-07-26,Amador,005,37829,9620,9568,840,10408,87
2022-07-26,Butte,007,227075,37546,37146,8350,45496,441
2022-07-26,Calaveras,009,45235,8155,8105,469,8574,130
2022-07-26,Colusa,011,21464,3670,3649,1192,4841,22
2022-07-26,Contra Costa,013,1133247,237608,233236,18995,252231,1374
2022-07-26,Del Norte,015,27424,7135,7161,370,7531,54
2022-07-26,El Dorado,017,186661,31077,30891,4007,34898,222
2022-07-26,Fresno,019,978130,261806,259483,28616,288099,2801
2022-07-26,Glenn,021,27897,5377,5327,1792,7119,48
2022-07-26,Humboldt,023,135768,20542,20406,4378,24784,150
2022-07-26,Imperial,025,180216,62674,62014,13909,75923,948
2022-07-26,Inyo,027,18085,4394,4381,798,5179,57
2022-07-26,Kern,029,883053,211228,209400,56492,265892,2368
2022-07-26,Kings,031,150075,56752,56417,3852,60269,451
2022-07-26,Lake,033,64148,12109,12025,1085,13110,142
2022-07-26,Lassen,035,31185,9553,9509,956,10465,64
2022-07-26,Los Angeles,037,10098052,3135178,3107063,163526,3270589,32392
2022-07-26,Madera,039,155013,41697,41423,7398,48821,372
2022-07-26,Marin,041,260295,42969,42624,4901,47525,300
2022-07-26,Mariposa,043,17540,2953,2927,308,3235,30
2022-07-26,Mendocino,045,87422,15224,15066,4109,19175,131
2022-07-26,Merced,047,269075,69191,68455,10452,78907,838
2022-07-26,Modoc,049,8938,844,840,311,1151,10
2022-07-26,Mono,051,14174,3160,3148,218,3366,7
2022-07-26,Monterey,053,433212,90192,89520,18822,108342,752
2022-07-26,Napa,055,140530,30849,30647,1340,31987,150
2022-07-26,Nevada,057,99092,18217,18134,1665,19799,132
2022-07-26,Orange,059,3164182,637191,632871,55936,688807,7188
2022-07-26,Placer,061,380077,72639,72194,8992,81186,647
2022-07-26,Plumas,063,18699,3492,3472,425,3897,13
2022-07-26,Riverside,065,2383286,664429,659650,32766,692416,6528
2022-07-26,Sacramento,067,1510023,330181,328249,31785,360034,3146
2022-07-26,San Benito,069,59416,15255,15188,830,16018,100
2022-07-26,San Bernardino,071,2135413,640964,629895,28636,658531,7937
2022-07-26,San Diego,073,3302833,883286,876507,67219,943726,5386
2022-07-26,San Francisco,075,870044,169568,168570,11379,179949,931
2022-07-26,San Joaquin,077,732212,188318,187066,13125,200191,2267
2022-07-26,San Luis Obispo,079,281455,60657,60180,6422,66602,502
2022-07-26,San Mateo,081,765935,159713,158343,10119,168462,724
2022-07-26,Santa Barbara,083,443738,100228,99460,6098,105558,707
2022-07-26,Santa Clara,085,1922200,408042,404896,17758,422654,2380
2022-07-26,Santa Cruz,087,273765,59428,58873,3136,62009,269
2022-07-26,Shasta,089,179085,33584,33314,6923,40237,578
2022-07-26,Sierra,091,2930,294,293,58,351,4
2022-07-26,Siskiyou,093,43540,5004,4975,3170,8145,84
2022-07-26,Solano,095,438530,99981,98579,7279,105858,457
2022-07-26,Sonoma,097,501317,102070,101316,4865,106181,499
2022-07-26,Stanislaus,099,539301,131388,130451,20212,150663,1695
2022-07-26,Sutter,101,95872,22916,22811,2373,25184,228
2022-07-26,Tehama,103,63373,13117,13036,2898,15934,207
2022-07-26,Trinity,105,12862,1344,1337,341,1678,20
2022-07-26,Tulare,107,460477,116700,116167,32734,148901,1514
2022-07-26,Tuolumne,109,53932,14776,14594,864,15458,196
2022-07-26,Ventura,111,848112,198812,197572,13883,211455,1527
2022-07-26,Yolo,113,214977,45629,45359,4017,49376,326
2022-07-26,Yuba,115,75493,17949,17873,1547,19420,124
2022-07-25,Alameda,001,1643700,327563,325669,18383,344052,1938
2022-07-25,Alpine,003,1148,130,130,1,131,0
2022-07-25,Amador,005,37829,9607,9568,837,10405,87
2022-07-25,Butte,007,227075,37471,37146,8335,45481,441
2022-07-25,Calaveras,009,45235,8144,8105,468,8573,130
2022-07-25,Colusa,011,21464,3669,3649,1189,4838,22
2022-07-25,Contra Costa,013,1133247,237126,233236,18912,252148,1374
2022-07-25,Del Norte,015,27424,7128,7161,369,7530,54
2022-07-25,El Dorado,017,186661,31038,30891,3993,34884,222
2022-07-25,Fresno,019,978130,261219,259483,28515,287998,2801
2022-07-25,Glenn,021,27897,5369,5327,1789,7116,48
2022-07-25,Humboldt,023,135768,20510,20406,4357,24763,150
2022-07-25,Imperial,025,180216,62555,62014,13823,75837,948
2022-07-25,Inyo,027,18085,4392,4381,792,5173,57
2022-07-25,Kern,029,883053,210937,209400,56265,265665,2368
2022-07-25,Kings,031,150075,56617,56417,3842,60259,451
2022-07-25,Lake,033,64148,12088,12025,1084,13109,142
2022-07-25,Lassen,035,31185,9546,9509,955,10464,64
2022-07-25,Los Angeles,037,10098052,3129357,3107063,162967,3270030,32392
2022-07-25,Madera,039,155013,41610,41423,7373,48796,372
2022-07-25,Marin,041,260295,42895,42624,4894,47518,300
2022-07-25,Mariposa,043,17540,2950,2927,305,3232,30
2022-07-25,Mendocino,045,87422,15187,15066,4097,19163,131
2022-07-25,Merced,047,269075,69077,68455,10421,78876,838
2022-07-25,Modoc,049,8938,839,840,309,1149,10
2022-07-25,Mono,051,14174,3158,3148,217,3365,7
2022-07-25,Monterey,053,433212,90037,89520,18712,108232,752
2022-07-25,Napa,055,140530,30806,30647,1339,31986,150
2022-07-25,Nevada,057,99092,18205,18134,1657,19791,132
2022-07-25,Orange,059,3164182,635944,632871,55732,688603,7188
2022-07-25,Placer,061,380077,72555,72194,8986,81180,647
2022-07-25,Plumas,063,18699,3486,3472,424,3896,13
2022-07-25,Riverside,065,2383286,663339,659650,32687,692337,6528
2022-07-25,Sacramento,067,1510023,329648,328249,31723,359972,3146
2022-07-25,San Benito,069,59416,15223,15188,828,16016,100
2022-07-25,San Bernardino,071,2135413,639790,629895,28579,658474,7937
2022-07-25,San Diego,073,3302833,881502,876507,67028,943535,5386
2022-07-25,San Francisco,075,870044,169260,168570,11364,179934,931
2022-07-25,San Joaquin,077,732212,188029,187066,13054,200120,2267
2022-07-25,San Luis Obispo,079,281455,60552,60180,6390,66570,502
2022-07-25,San Mateo,081,765935,159343,158343,10097,168440,724
2022-07-25,Santa Barbara,083,443738,100036,99460,6073,105533,707
2022-07-25,Santa Clara,085,1922200,407150,404896,17678,422574,2380
2022-07-25,Santa Cruz,087,273765,59307,58873,3123,61996,269
2022-07-25,Shasta,089,179085,33533,33314,6915,40229,578
2022-07-25,Sierra,091,2930,293,293,58,351,4
2022-07-25,Siskiyou,093,43540,4998,4975,3161,8136,84
2022-07-25,Solano,095,438530,99735,98579,7264,105843,457
2022-07-25,Sonoma,097,501317,101911,101316,4847,106163,499
2022-07-25,Stanislaus,099,539301,131191,130451,20185,150636,1695
2022-07-25,Sutter,101,95872,22870,22811,2372,25183,228
2022-07-25,Tehama,103,63373,13100,13036,2890,15926,207
2022-07-25,Trinity,105,12862,1342,1337,341,1678,20
2022-07-25,Tulare,107,460477,116489,116167,32637,148804,1514
2022-07-25,Tuolumne,109,53932,14757,14594,864,15458,196
2022-07-25,Ventura,111,848112,198505,197572,13827,211399,1527
2022-07-25,Yolo,113,214977,45565,45359,4001,49360,326
2022-07-25,Yuba,115,75493,17911,17873,1546,19419,124
2022-07-24,Alameda,001,1643700,326755,323165,18339,341504,1933
2022-07-24,Alpine,003,1148,130,130,1,131,0
2022-07-24,Amador,005,37829,9585,9526,834,10360,87
2022-07-24,Butte,007,227075,37406,36994,8307,45301,440
2022-07-24,Calaveras,009,45235,8127,8064,466,8530,128
2022-07-24,Colusa,011,21464,3663,3639,1189,4828,22
2022-07-24,Contra Costa,013,1133247,236593,231714,18832,250546,1363
2022-07-24,Del Norte,015,27424,7110,7128,365,7493,54
2022-07-24,El Dorado,017,186661,30991,30722,3976,34698,222
2022-07-24,Fresno,019,978130,260564,257571,28415,285986,2792
2022-07-24,Glenn,021,27897,5363,5311,1787,7098,48
2022-07-24,Humboldt,023,135768,20477,20283,4340,24623,150
2022-07-24,Imperial,025,180216,62393,61671,13702,75373,948
2022-07-24,Inyo,027,18085,4388,4366,781,5147,57
2022-07-24,Kern,029,883053,210568,208535,56025,264560,2366
2022-07-24,Kings,031,150075,56492,56103,3829,59932,451
2022-07-24,Lake,033,64148,12062,11957,1081,13038,142
2022-07-24,Lassen,035,31185,9520,9504,952,10456,64
2022-07-24,Los Angeles,037,10098052,3122888,3085376,162286,3247662,32340
2022-07-24,Madera,039,155013,41513,41145,7343,48488,372
2022-07-24,Marin,041,260295,42825,42347,4882,47229,300
2022-07-24,Mariposa,043,17540,2947,2897,304,3201,30
2022-07-24,Mendocino,045,87422,15137,14988,4065,19053,131
2022-07-24,Merced,047,269075,68920,68127,10362,78489,837
2022-07-24,Modoc,049,8938,839,829,308,1137,10
2022-07-24,Mono,051,14174,3157,3141,217,3358,7
2022-07-24,Monterey,053,433212,89860,89067,18611,107678,747
2022-07-24,Napa,055,140530,30753,30495,1338,31833,148
2022-07-24,Nevada,057,99092,18186,18073,1648,19721,131
2022-07-24,Orange,059,3164182,634592,627948,55494,683442,7181
2022-07-24,Placer,061,380077,72430,71870,8973,80843,644
2022-07-24,Plumas,063,18699,3485,3464,424,3888,13
2022-07-24,Riverside,065,2383286,662047,655603,32573,688176,6527
2022-07-24,Sacramento,067,1510023,328969,326216,31655,357871,3136
2022-07-24,San Benito,069,59416,15202,15049,827,15876,100
2022-07-24,San Bernardino,071,2135413,638399,626059,28498,654557,7933
2022-07-24,San Diego,073,3302833,879425,870102,66837,936939,5380
2022-07-24,San Francisco,075,870044,168816,167260,11334,178594,931
2022-07-24,San Joaquin,077,732212,187669,186142,12984,199126,2267
2022-07-24,San Luis Obispo,079,281455,60405,59919,6357,66276,500
2022-07-24,San Mateo,081,765935,159005,157266,10074,167340,724
2022-07-24,Santa Barbara,083,443738,99810,98826,6033,104859,706
2022-07-24,Santa Clara,085,1922200,406193,401495,17638,419133,2381
2022-07-24,Santa Cruz,087,273765,59135,58386,3102,61488,268
2022-07-24,Shasta,089,179085,33469,33185,6900,40085,578
2022-07-24,Sierra,091,2930,293,293,58,351,4
2022-07-24,Siskiyou,093,43540,4994,4938,3145,8083,84
2022-07-24,Solano,095,438530,99520,98016,7250,105266,457
2022-07-24,Sonoma,097,501317,101708,100735,4826,105561,499
2022-07-24,Stanislaus,099,539301,130897,129813,20149,149962,1695
2022-07-24,Sutter,101,95872,22820,22687,2369,25056,228
2022-07-24,Tehama,103,63373,13090,12974,2880,15854,207
2022-07-24,Trinity,105,12862,1341,1330,339,1669,20
2022-07-24,Tulare,107,460477,116304,115548,32534,148082,1513
2022-07-24,Tuolumne,109,53932,14723,14514,863,15377,196
2022-07-24,Ventura,111,848112,198096,196127,13725,209852,1525
2022-07-24,Yolo,113,214977,45490,45141,3989,49130,327
2022-07-24,Yuba,115,75493,17884,17770,1544,19314,124
2022-07-23,Alameda,001,1643700,326338,323165,18320,341485,1933
2022-07-23,Alpine,003,1148,130,130,1,131,0
2022-07-23,Amador,005,37829,9576,9526,834,10360,87
2022-07-23,Butte,007,227075,37359,36994,8300,45294,440
2022-07-23,Calaveras,009,45235,8116,8064,466,8530,128
2022-07-23,Colusa,011,21464,3658,3639,1189,4828,22
2022-07-23,Contra Costa,013,1133247,236296,231714,18803,250517,1363
2022-07-23,Del Norte,015,27424,7107,7128,364,7492,54
2022-07-23,El Dorado,017,186661,30973,30722,3974,34696,222
2022-07-23,Fresno,019,978130,260339,257571,28362,285933,2792
2022-07-23,Glenn,021,27897,5361,5311,1785,7096,48
2022-07-23,Humboldt,023,135768,20450,20283,4327,24610,150
2022-07-23,Imperial,025,180216,62332,61671,13680,75351,948
2022-07-23,Inyo,027,18085,4386,4366,780,5146,57
2022-07-23,Kern,029,883053,210400,208535,55882,264417,2366
2022-07-23,Kings,031,150075,56449,56103,3826,59929,451
2022-07-23,Lake,033,64148,12051,11957,1080,13037,142
2022-07-23,Lassen,035,31185,9518,9504,952,10456,64
2022-07-23,Los Angeles,037,10098052,3120051,3085376,161841,3247217,32340
2022-07-23,Madera,039,155013,41453,41145,7338,48483,372
2022-07-23,Marin,041,260295,42750,42347,4872,47219,300
2022-07-23,Mariposa,043,17540,2944,2897,304,3201,30
2022-07-23,Mendocino,045,87422,15117,14988,4058,19046,131
2022-07-23,Merced,047,269075,68852,68127,10344,78471,837
2022-07-23,Modoc,049,8938,839,829,308,1137,10
2022-07-23,Mono,051,14174,3156,3141,217,3358,7
2022-07-23,Monterey,053,433212,89772,89067,18590,107657,747
2022-07-23,Napa,055,140530,30720,30495,1337,31832,148
2022-07-23,Nevada,057,99092,18174,18073,1646,19719,131
2022-07-23,Orange,059,3164182,633893,627948,55303,683251,7181
2022-07-23,Placer,061,380077,72358,71870,8963,80833,644
2022-07-23,Plumas,063,18699,3484,3464,424,3888,13
2022-07-23,Riverside,065,2383286,661339,655603,32533,688136,6527
2022-07-23,Sacramento,067,1510023,328694,326216,31639,357855,3136
2022-07-23,San Benito,069,59416,15193,15049,818,15867,100
2022-07-23,San Bernardino,071,2135413,637778,626059,28455,654514,7933
2022-07-23,San Diego,073,3302833,878598,870102,66777,936879,5380
2022-07-23,San Francisco,075,870044,168624,167260,11319,178579,931
2022-07-23,San Joaquin,077,732212,187513,186142,12962,199104,2267
2022-07-23,San Luis Obispo,079,281455,60376,59919,6346,66265,500
2022-07-23,San Mateo,081,765935,158830,157266,10060,167326,724
2022-07-23,Santa Barbara,083,443738,99711,98826,6002,104828,706
2022-07-23,Santa Clara,085,1922200,405579,401495,17613,419108,2381
2022-07-23,Santa Cruz,087,273765,59084,58386,3090,61476,268
2022-07-23,Shasta,089,179085,33430,33185,6894,40079,578
2022-07-23,Sierra,091,2930,293,293,58,351,4
2022-07-23,Siskiyou,093,43540,4990,4938,3143,8081,84
2022-07-23,Solano,095,438530,99455,98016,7244,105260,457
2022-07-23,Sonoma,097,501317,101620,100735,4816,105551,499
2022-07-23,Stanislaus,099,539301,130766,129813,20113,149926,1695
2022-07-23,Sutter,101,95872,22799,22687,2369,25056,228
2022-07-23,Tehama,103,63373,13076,12974,2877,15851,207
2022-07-23,Trinity,105,12862,1341,1330,338,1668,20
2022-07-23,Tulare,107,460477,116188,115548,32465,148013,1513
2022-07-23,Tuolumne,109,53932,14700,14514,863,15377,196
2022-07-23,Ventura,111,848112,197912,196127,13690,209817,1525
2022-07-23,Yolo,113,214977,45456,45141,3981,49122,327
2022-07-23,Yuba,115,75493,17871,17770,1540,19310,124
2022-07-22,Alameda,001,1643700,325929,323165,18291,341456,1933
2022-07-22,Alpine,003,1148,130,130,1,131,0
2022-07-22,Amador,005,37829,9570,9526,833,10359,87
2022-07-22,Butte,007,227075,37324,36994,8284,45278,440
2022-07-22,Calaveras,009,45235,8107,8064,466,8530,128
2022-07-22,Colusa,011,21464,3657,3639,1185,4824,22
2022-07-22,Contra Costa,013,1133247,236002,231714,18766,250480,1363
2022-07-22,Del Norte,015,27424,7100,7128,364,7492,54
2022-07-22,El Dorado,017,186661,30944,30722,3969,34691,222
2022-07-22,Fresno,019,978130,260058,257571,28314,285885,2792
2022-07-22,Glenn,021,27897,5356,5311,1784,7095,48
2022-07-22,Humboldt,023,135768,20426,20283,4317,24600,150
2022-07-22,Imperial,025,180216,62241,61671,13648,75319,948
2022-07-22,Inyo,027,18085,4386,4366,773,5139,57
2022-07-22,Kern,029,883053,210199,208535,55729,264264,2366
2022-07-22,Kings,031,150075,56413,56103,3825,59928,451
2022-07-22,Lake,033,64148,12037,11957,1078,13035,142
2022-07-22,Lassen,035,31185,9518,9504,952,10456,64
2022-07-22,Los Angeles,037,10098052,3116531,3085376,161391,3246767,32340
2022-07-22,Madera,039,155013,41410,41145,7327,48472,372
2022-07-22,Marin,041,260295,42695,42347,4864,47211,300
2022-07-22,Mariposa,043,17540,2942,2897,304,3201,30
2022-07-22,Mendocino,045,87422,15093,14988,4050,19038,131
2022-07-22,Merced,047,269075,68780,68127,10332,78459,837
2022-07-22,Modoc,049,8938,839,829,308,1137,10
2022-07-22,Mono,051,14174,3155,3141,216,3357,7
2022-07-22,Monterey,053,433212,89682,89067,18556,107623,747
2022-07-22,Napa,055,140530,30689,30495,1337,31832,148
2022-07-22,Nevada,057,99092,18162,18073,1639,19712,131
2022-07-22,Orange,059,3164182,633119,627948,55149,683097,7181
2022-07-22,Placer,061,380077,72313,71870,8955,80825,644
2022-07-22,Plumas,063,18699,3483,3464,424,3888,13
2022-07-22,Riverside,065,2383286,660596,655603,32470,688073,6527
2022-07-22,Sacramento,067,1510023,328337,326216,31612,357828,3136
2022-07-22,San Benito,069,59416,15184,15049,818,15867,100
2022-07-22,San Bernardino,071,2135413,637155,626059,28410,654469,7933
2022-07-22,San Diego,073,3302833,877518,870102,66640,936742,5380
2022-07-22,San Francisco,075,870044,168431,167260,11290,178550,931
2022-07-22,San Joaquin,077,732212,187357,186142,12932,199074,2267
2022-07-22,San Luis Obispo,079,281455,60321,59919,6334,66253,500
2022-07-22,San Mateo,081,765935,158602,157266,10047,167313,724
2022-07-22,Santa Barbara,083,443738,99609,98826,5996,104822,706
2022-07-22,Santa Clara,085,1922200,404925,401495,17587,419082,2381
2022-07-22,Santa Cruz,087,273765,58978,58386,3082,61468,268
2022-07-22,Shasta,089,179085,33399,33185,6889,40074,578
2022-07-22,Sierra,091,2930,293,293,58,351,4
2022-07-22,Siskiyou,093,43540,4983,4938,3140,8078,84
2022-07-22,Solano,095,438530,99317,98016,7234,105250,457
2022-07-22,Sonoma,097,501317,101514,100735,4798,105533,499
2022-07-22,Stanislaus,099,539301,130636,129813,20088,149901,1695
2022-07-22,Sutter,101,95872,22775,22687,2368,25055,228
2022-07-22,Tehama,103,63373,13067,12974,2875,15849,207
2022-07-22,Trinity,105,12862,1339,1330,337,1667,20
2022-07-22,Tulare,107,460477,116076,115548,32405,147953,1513
2022-07-22,Tuolumne,109,53932,14676,14514,859,15373,196
2022-07-22,Ventura,111,848112,197725,196127,13655,209782,1525
2022-07-22,Yolo,113,214977,45402,45141,3964,49105,327
2022-07-22,Yuba,115,75493,17857,17770,1538,19308,124
2022-07-21,Alameda,001,1643700,325251,323165,18242,341407,1933
2022-07-21,Alpine,003,1148,130,130,1,131,0
2022-07-21,Amador,005,37829,9563,9526,831,10357,87
2022-07-21,Butte,007,227075,37283,36994,8264,45258,440
2022-07-21,Calaveras,009,45235,8092,8064,464,8528,128
2022-07-21,Colusa,011,21464,3653,3639,1183,4822,22
2022-07-21,Contra Costa,013,1133247,235621,231714,18709,250423,1363
2022-07-21,Del Norte,015,27424,7090,7128,364,7492,54
2022-07-21,El Dorado,017,186661,30893,30722,3966,34688,222
2022-07-21,Fresno,019,978130,259583,257571,28233,285804,2792
2022-07-21,Glenn,021,27897,5350,5311,1784,7095,48
2022-07-21,Humboldt,023,135768,20395,20283,4294,24577,150
2022-07-21,Imperial,025,180216,62128,61671,13552,75223,948
2022-07-21,Inyo,027,18085,4382,4366,766,5132,57
2022-07-21,Kern,029,883053,209925,208535,55546,264081,2366
2022-07-21,Kings,031,150075,56339,56103,3812,59915,451
2022-07-21,Lake,033,64148,12024,11957,1075,13032,142
2022-07-21,Lassen,035,31185,9515,9504,952,10456,64
2022-07-21,Los Angeles,037,10098052,3110941,3085376,160783,3246159,32340
2022-07-21,Madera,039,155013,41335,41145,7305,48450,372
2022-07-21,Marin,041,260295,42630,42347,4861,47208,300
2022-07-21,Mariposa,043,17540,2938,2897,303,3200,30
2022-07-21,Mendocino,045,87422,15067,14988,4044,19032,131
2022-07-21,Merced,047,269075,68678,68127,10305,78432,837
2022-07-21,Modoc,049,8938,837,829,308,1137,10
2022-07-21,Mono,051,14174,3151,3141,215,3356,7
2022-07-21,Monterey,053,433212,89558,89067,18481,107548,747
2022-07-21,Napa,055,140530,30645,30495,1337,31832,148
2022-07-21,Nevada,057,99092,18143,18073,1633,19706,131
2022-07-21,Orange,059,3164182,631994,627948,54930,682878,7181
2022-07-21,Placer,061,380077,72206,71870,8933,80803,644
2022-07-21,Plumas,063,18699,3482,3464,424,3888,13
2022-07-21,Riverside,065,2383286,659532,655603,32397,688000,6527
2022-07-21,Sacramento,067,1510023,327825,326216,31571,357787,3136
2022-07-21,San Benito,069,59416,15142,15049,815,15864,100
2022-07-21,San Bernardino,071,2135413,636116,626059,28345,654404,7933
2022-07-21,San Diego,073,3302833,875837,870102,66448,936550,5380
2022-07-21,San Francisco,075,870044,168078,167260,11238,178498,931
2022-07-21,San Joaquin,077,732212,187106,186142,12897,199039,2267
2022-07-21,San Luis Obispo,079,281455,60265,59919,6304,66223,500
2022-07-21,San Mateo,081,765935,158303,157266,10032,167298,724
2022-07-21,Santa Barbara,083,443738,99448,98826,5976,104802,706
2022-07-21,Santa Clara,085,1922200,404122,401495,17549,419044,2381
2022-07-21,Santa Cruz,087,273765,58860,58386,3067,61453,268
2022-07-21,Shasta,089,179085,33349,33185,6875,40060,578
2022-07-21,Sierra,091,2930,293,293,58,351,4
2022-07-21,Siskiyou,093,43540,4972,4938,3134,8072,84
2022-07-21,Solano,095,438530,99174,98016,7226,105242,457
2022-07-21,Sonoma,097,501317,101370,100735,4784,105519,499
2022-07-21,Stanislaus,099,539301,130445,129813,20065,149878,1695
2022-07-21,Sutter,101,95872,22748,22687,2366,25053,228
2022-07-21,Tehama,103,63373,13050,12974,2864,15838,207
2022-07-21,Trinity,105,12862,1335,1330,337,1667,20
2022-07-21,Tulare,107,460477,115924,115548,32324,147872,1513
2022-07-21,Tuolumne,109,53932,14644,14514,856,15370,196
2022-07-21,Ventura,111,848112,197399,196127,13565,209692,1525
2022-07-21,Yolo,113,214977,45341,45141,3951,49092,327
2022-07-21,Yuba,115,75493,17829,17770,1535,19305,124
2022-07-20,Alameda,001,1643700,324572,321347,18201,339548,1915
2022-07-20,Alpine,003,1148,130,130,1,131,0
2022-07-20,Amador,005,37829,9545,9478,829,10307,87
2022-07-20,Butte,007,227075,37234,36820,8244,45064,440
2022-07-20,Calaveras,009,45235,8083,8035,463,8498,126
2022-07-20,Colusa,011,21464,3649,3627,1181,4808,22
2022-07-20,Contra Costa,013,1133247,235221,230356,18660,249016,1362
2022-07-20,Del Norte,015,27424,7081,7081,364,7445,54
2022-07-20,El Dorado,017,186661,30862,30628,3956,34584,221
2022-07-20,Fresno,019,978130,259067,256217,28163,284380,2790
2022-07-20,Glenn,021,27897,5346,5287,1781,7068,48
2022-07-20,Humboldt,023,135768,20356,20149,4276,24425,150
2022-07-20,Imperial,025,180216,61984,61170,13456,74626,944
2022-07-20,Inyo,027,18085,4380,4355,761,5116,56
2022-07-20,Kern,029,883053,209632,207603,55359,262962,2366
2022-07-20,Kings,031,150075,56255,55836,3801,59637,449
2022-07-20,Lake,033,64148,12003,11895,1070,12965,142
2022-07-20,Lassen,035,31185,9506,9455,952,10407,64
2022-07-20,Los Angeles,037,10098052,3105354,3068779,160171,3228950,32292
2022-07-20,Madera,039,155013,41263,40902,7285,48187,372
2022-07-20,Marin,041,260295,42550,42153,4854,47007,300
2022-07-20,Mariposa,043,17540,2923,2884,301,3185,30
2022-07-20,Mendocino,045,87422,15052,14890,4032,18922,131
2022-07-20,Merced,047,269075,68582,67775,10278,78053,833
2022-07-20,Modoc,049,8938,836,799,307,1106,9
2022-07-20,Mono,051,14174,3148,3138,212,3350,7
2022-07-20,Monterey,053,433212,89420,88606,18400,107006,747
2022-07-20,Napa,055,140530,30607,30353,1335,31688,145
2022-07-20,Nevada,057,99092,18117,18020,1627,19647,131
2022-07-20,Orange,059,3164182,630726,624998,54689,679687,7173
2022-07-20,Placer,061,380077,72124,71614,8915,80529,639
2022-07-20,Plumas,063,18699,3476,3433,423,3856,13
2022-07-20,Riverside,065,2383286,658435,652192,32298,684490,6510
2022-07-20,Sacramento,067,1510023,327276,324765,31526,356291,3123
2022-07-20,San Benito,069,59416,15110,14966,812,15778,100
2022-07-20,San Bernardino,071,2135413,635079,622760,28284,651044,7921
2022-07-20,San Diego,073,3302833,874007,864434,66267,930701,5375
2022-07-20,San Francisco,075,870044,167746,166241,11219,177460,929
2022-07-20,San Joaquin,077,732212,186817,185319,12853,198172,2262
2022-07-20,San Luis Obispo,079,281455,60195,59727,6275,66002,499
2022-07-20,San Mateo,081,765935,158016,156191,10007,166198,724
2022-07-20,Santa Barbara,083,443738,99269,98322,5949,104271,703
2022-07-20,Santa Clara,085,1922200,403316,398816,17514,416330,2374
2022-07-20,Santa Cruz,087,273765,58746,58004,3054,61058,267
2022-07-20,Shasta,089,179085,33307,33017,6868,39885,576
2022-07-20,Sierra,091,2930,293,292,58,350,4
2022-07-20,Siskiyou,093,43540,4957,4921,3127,8048,84
2022-07-20,Solano,095,438530,99009,97577,7206,104783,459
2022-07-20,Sonoma,097,501317,101182,100304,4771,105075,499
2022-07-20,Stanislaus,099,539301,130278,129200,20027,149227,1695
2022-07-20,Sutter,101,95872,22713,22592,2363,24955,228
2022-07-20,Tehama,103,63373,13034,12923,2860,15783,205
2022-07-20,Trinity,105,12862,1335,1319,336,1655,20
2022-07-20,Tulare,107,460477,115743,115073,32210,147283,1510
2022-07-20,Tuolumne,109,53932,14618,14389,855,15244,196
2022-07-20,Ventura,111,848112,197080,195189,13492,208681,1522
2022-07-20,Yolo,113,214977,45285,44950,3940,48890,325
2022-07-20,Yuba,115,75493,17805,17661,1534,19195,124
2022-07-19,Alameda,001,1643700,323898,321347,18176,339523,1915
2022-07-19,Alpine,003,1148,130,130,1,131,0
2022-07-19,Amador,005,37829,9533,9478,825,10303,87
2022-07-19,Butte,007,227075,37181,36820,8230,45050,440
2022-07-19,Calaveras,009,45235,8073,8035,463,8498,126
2022-07-19,Colusa,011,21464,3646,3627,1177,4804,22
2022-07-19,Contra Costa,013,1133247,234772,230356,18603,248959,1362
2022-07-19,Del Norte,015,27424,7073,7081,363,7444,54
2022-07-19,El Dorado,017,186661,30818,30628,3947,34575,221
2022-07-19,Fresno,019,978130,258462,256217,28076,284293,2790
2022-07-19,Glenn,021,27897,5339,5287,1780,7067,48
2022-07-19,Humboldt,023,135768,20321,20149,4262,24411,150
2022-07-19,Imperial,025,180216,61849,61170,13366,74536,944
2022-07-19,Inyo,027,18085,4378,4355,759,5114,56
2022-07-19,Kern,029,883053,209355,207603,55166,262769,2366
2022-07-19,Kings,031,150075,56152,55836,3782,59618,449
2022-07-19,Lake,033,64148,11982,11895,1062,12957,142
2022-07-19,Lassen,035,31185,9498,9455,952,10407,64
2022-07-19,Los Angeles,037,10098052,3099193,3068779,159478,3228257,32292
2022-07-19,Madera,039,155013,41184,40902,7262,48164,372
2022-07-19,Marin,041,260295,42487,42153,4841,46994,300
2022-07-19,Mariposa,043,17540,2918,2884,300,3184,30
2022-07-19,Mendocino,045,87422,15020,14890,4021,18911,131
2022-07-19,Merced,047,269075,68476,67775,10246,78021,833
2022-07-19,Modoc,049,8938,835,799,307,1106,9
2022-07-19,Mono,051,14174,3144,3138,212,3350,7
2022-07-19,Monterey,053,433212,89271,88606,18319,106925,747
2022-07-19,Napa,055,140530,30551,30353,1331,31684,145
2022-07-19,Nevada,057,99092,18103,18020,1620,19640,131
2022-07-19,Orange,059,3164182,629440,624998,54440,679438,7173
2022-07-19,Placer,061,380077,72037,71614,8899,80513,639
2022-07-19,Plumas,063,18699,3470,3433,421,3854,13
2022-07-19,Riverside,065,2383286,657125,652192,32204,684396,6510
2022-07-19,Sacramento,067,1510023,326646,324765,31487,356252,3123
2022-07-19,San Benito,069,59416,15066,14966,810,15776,100
2022-07-19,San Bernardino,071,2135413,633957,622760,28211,650971,7921
2022-07-19,San Diego,073,3302833,871912,864434,66040,930474,5375
2022-07-19,San Francisco,075,870044,167392,166241,11200,177441,929
2022-07-19,San Joaquin,077,732212,186540,185319,12796,198115,2262
2022-07-19,San Luis Obispo,079,281455,60111,59727,6237,65964,499
2022-07-19,San Mateo,081,765935,157721,156191,9983,166174,724
2022-07-19,Santa Barbara,083,443738,99058,98322,5927,104249,703
2022-07-19,Santa Clara,085,1922200,402368,398816,17463,416279,2374
2022-07-19,Santa Cruz,087,273765,58624,58004,3039,61043,267
2022-07-19,Shasta,089,179085,33275,33017,6854,39871,576
2022-07-19,Sierra,091,2930,293,292,58,350,4
2022-07-19,Siskiyou,093,43540,4950,4921,3120,8041,84
2022-07-19,Solano,095,438530,98785,97577,7181,104758,459
2022-07-19,Sonoma,097,501317,101025,100304,4743,105047,499
2022-07-19,Stanislaus,099,539301,130035,129200,19995,149195,1695
2022-07-19,Sutter,101,95872,22683,22592,2360,24952,228
2022-07-19,Tehama,103,63373,13020,12923,2853,15776,205
2022-07-19,Trinity,105,12862,1332,1319,335,1654,20
2022-07-19,Tulare,107,460477,115560,115073,32102,147175,1510
2022-07-19,Tuolumne,109,53932,14594,14389,846,15235,196
2022-07-19,Ventura,111,848112,196734,195189,13414,208603,1522
2022-07-19,Yolo,113,214977,45224,44950,3931,48881,325
2022-07-19,Yuba,115,75493,17772,17661,1533,19194,124
2022-07-18,Alameda,001,1643700,323161,321347,18140,339487,1915
2022-07-18,Alpine,003,1148,130,130,1,131,0
2022-07-18,Amador,005,37829,9518,9478,825,10303,87
2022-07-18,Butte,007,227075,37111,36820,8217,45037,440
2022-07-18,Calaveras,009,45235,8062,8035,460,8495,126
2022-07-18,Colusa,011,21464,3643,3627,1171,4798,22
2022-07-18,Contra Costa,013,1133247,234308,230356,18532,248888,1362
2022-07-18,Del Norte,015,27424,7062,7081,361,7442,54
2022-07-18,El Dorado,017,186661,30766,30628,3938,34566,221
2022-07-18,Fresno,019,978130,257870,256217,27996,284213,2790
2022-07-18,Glenn,021,27897,5337,5287,1780,7067,48
2022-07-18,Humboldt,023,135768,20280,20149,4242,24391,150
2022-07-18,Imperial,025,180216,61684,61170,13269,74439,944
2022-07-18,Inyo,027,18085,4374,4355,758,5113,56
2022-07-18,Kern,029,883053,209043,207603,54913,262516,2366
2022-07-18,Kings,031,150075,56045,55836,3774,59610,449
2022-07-18,Lake,033,64148,11960,11895,1056,12951,142
2022-07-18,Lassen,035,31185,9494,9455,951,10406,64
2022-07-18,Los Angeles,037,10098052,3092381,3068779,158817,3227596,32292
2022-07-18,Madera,039,155013,41077,40902,7234,48136,372
2022-07-18,Marin,041,260295,42407,42153,4831,46984,300
2022-07-18,Mariposa,043,17540,2910,2884,299,3183,30
2022-07-18,Mendocino,045,87422,14991,14890,4010,18900,131
2022-07-18,Merced,047,269075,68354,67775,10220,77995,833
2022-07-18,Modoc,049,8938,834,799,307,1106,9
2022-07-18,Mono,051,14174,3143,3138,212,3350,7
2022-07-18,Monterey,053,433212,89107,88606,18239,106845,747
2022-07-18,Napa,055,140530,30511,30353,1328,31681,145
2022-07-18,Nevada,057,99092,18089,18020,1608,19628,131
2022-07-18,Orange,059,3164182,627960,624998,54190,679188,7173
2022-07-18,Placer,061,380077,71951,71614,8882,80496,639
2022-07-18,Plumas,063,18699,3461,3433,420,3853,13
2022-07-18,Riverside,065,2383286,655842,652192,32093,684285,6510
2022-07-18,Sacramento,067,1510023,326026,324765,31429,356194,3123
2022-07-18,San Benito,069,59416,15027,14966,805,15771,100
2022-07-18,San Bernardino,071,2135413,632695,622760,28138,650898,7921
2022-07-18,San Diego,073,3302833,869596,864434,65769,930203,5375
2022-07-18,San Francisco,075,870044,166972,166241,11175,177416,929
2022-07-18,San Joaquin,077,732212,186207,185319,12748,198067,2262
2022-07-18,San Luis Obispo,079,281455,60015,59727,6212,65939,499
2022-07-18,San Mateo,081,765935,157349,156191,9963,166154,724
2022-07-18,Santa Barbara,083,443738,98860,98322,5906,104228,703
2022-07-18,Santa Clara,085,1922200,401386,398816,17413,416229,2374
2022-07-18,Santa Cruz,087,273765,58475,58004,3027,61031,267
2022-07-18,Shasta,089,179085,33226,33017,6838,39855,576
2022-07-18,Sierra,091,2930,293,292,58,350,4
2022-07-18,Siskiyou,093,43540,4946,4921,3113,8034,84
2022-07-18,Solano,095,438530,98553,97577,7165,104742,459
2022-07-18,Sonoma,097,501317,100846,100304,4725,105029,499
2022-07-18,Stanislaus,099,539301,129812,129200,19955,149155,1695
2022-07-18,Sutter,101,95872,22649,22592,2360,24952,228
2022-07-18,Tehama,103,63373,12999,12923,2853,15776,205
2022-07-18,Trinity,105,12862,1330,1319,334,1653,20
2022-07-18,Tulare,107,460477,115370,115073,32013,147086,1510
2022-07-18,Tuolumne,109,53932,14558,14389,844,15233,196
2022-07-18,Ventura,111,848112,196351,195189,13342,208531,1522
2022-07-18,Yolo,113,214977,45154,44950,3920,48870,325
2022-07-18,Yuba,115,75493,17737,17661,1524,19185,124
2022-07-17,Alameda,001,1643700,322260,318442,18082,336524,1911
2022-07-17,Alpine,003,1148,130,130,1,131,0
2022-07-17,Amador,005,37829,9509,9437,821,10258,87
2022-07-17,Butte,007,227075,37050,36644,8195,44839,440
2022-07-17,Calaveras,009,45235,8045,7994,450,8444,126
2022-07-17,Colusa,011,21464,3637,3617,1165,4782,22
2022-07-17,Contra Costa,013,1133247,233746,228634,18458,247092,1356
2022-07-17,Del Norte,015,27424,7035,6860,359,7219,54
2022-07-17,El Dorado,017,186661,30718,30461,3924,34385,219
2022-07-17,Fresno,019,978130,257180,254088,27892,281980,2790
2022-07-17,Glenn,021,27897,5331,5273,1778,7051,48
2022-07-17,Humboldt,023,135768,20225,20016,4225,24241,150
2022-07-17,Imperial,025,180216,61490,60550,13123,73673,944
2022-07-17,Inyo,027,18085,4363,4343,754,5097,56
2022-07-17,Kern,029,883053,208548,206466,54683,261149,2364
2022-07-17,Kings,031,150075,55908,55432,3751,59183,449
2022-07-17,Lake,033,64148,11928,11835,1052,12887,141
2022-07-17,Lassen,035,31185,9468,9425,947,10372,64
2022-07-17,Los Angeles,037,10098052,3085097,3042708,158026,3200734,32248
2022-07-17,Madera,039,155013,40968,40627,7189,47816,372
2022-07-17,Marin,041,260295,42309,41829,4825,46654,300
2022-07-17,Mariposa,043,17540,2903,2866,299,3165,30
2022-07-17,Mendocino,045,87422,14951,14799,3992,18791,131
2022-07-17,Merced,047,269075,68218,67416,10180,77596,833
2022-07-17,Modoc,049,8938,831,799,307,1106,9
2022-07-17,Mono,051,14174,3141,3131,208,3339,7
2022-07-17,Monterey,053,433212,88914,88118,18169,106287,747
2022-07-17,Napa,055,140530,30452,30176,1327,31503,145
2022-07-17,Nevada,057,99092,18062,17941,1600,19541,131
2022-07-17,Orange,059,3164182,626386,620414,53920,674334,7161
2022-07-17,Placer,061,380077,71863,71232,8863,80095,637
2022-07-17,Plumas,063,18699,3446,3406,420,3826,13
2022-07-17,Riverside,065,2383286,654375,647328,31977,679305,6508
2022-07-17,Sacramento,067,1510023,325363,322788,31370,354158,3119
2022-07-17,San Benito,069,59416,15001,14869,799,15668,100
2022-07-17,San Bernardino,071,2135413,631272,618482,28028,646510,7914
2022-07-17,San Diego,073,3302833,867216,857262,65568,922830,5370
2022-07-17,San Francisco,075,870044,166504,164853,11132,175985,928
2022-07-17,San Joaquin,077,732212,185834,184187,12679,196866,2262
2022-07-17,San Luis Obispo,079,281455,59896,59437,6173,65610,499
2022-07-17,San Mateo,081,765935,156982,154961,9941,164902,723
2022-07-17,Santa Barbara,083,443738,98591,97600,5879,103479,702
2022-07-17,Santa Clara,085,1922200,400329,395466,17359,412825,2371
2022-07-17,Santa Cruz,087,273765,58278,57531,3009,60540,267
2022-07-17,Shasta,089,179085,33174,32871,6812,39683,575
2022-07-17,Sierra,091,2930,293,291,58,349,4
2022-07-17,Siskiyou,093,43540,4936,4899,3099,7998,83
2022-07-17,Solano,095,438530,98355,96974,7141,104115,457
2022-07-17,Sonoma,097,501317,100651,99679,4707,104386,499
2022-07-17,Stanislaus,099,539301,129544,128436,19920,148356,1692
2022-07-17,Sutter,101,95872,22596,22452,2357,24809,228
2022-07-17,Tehama,103,63373,12975,12860,2845,15705,205
2022-07-17,Trinity,105,12862,1327,1304,332,1636,20
2022-07-17,Tulare,107,460477,115147,114399,31920,146319,1510
2022-07-17,Tuolumne,109,53932,14525,14280,836,15116,196
2022-07-17,Ventura,111,848112,195892,193965,13225,207190,1519
2022-07-17,Yolo,113,214977,45077,44703,3903,48606,324
2022-07-17,Yuba,115,75493,17697,17567,1514,19081,124
2022-07-16,Alameda,001,1643700,321846,318442,18066,336508,1911
2022-07-16,Alpine,003,1148,130,130,1,131,0
2022-07-16,Amador,005,37829,9501,9437,821,10258,87
2022-07-16,Butte,007,227075,37029,36644,8180,44824,440
2022-07-16,Calaveras,009,45235,8040,7994,444,8438,126
2022-07-16,Colusa,011,21464,3633,3617,1161,4778,22
2022-07-16,Contra Costa,013,1133247,233439,228634,18407,247041,1356
2022-07-16,Del Norte,015,27424,7024,6860,359,7219,54
2022-07-16,El Dorado,017,186661,30697,30461,3922,34383,219
2022-07-16,Fresno,019,978130,256892,254088,27852,281940,2790
2022-07-16,Glenn,021,27897,5326,5273,1775,7048,48
2022-07-16,Humboldt,023,135768,20194,20016,4213,24229,150
2022-07-16,Imperial,025,180216,61405,60550,13079,73629,944
2022-07-16,Inyo,027,18085,4362,4343,753,5096,56
2022-07-16,Kern,029,883053,208375,206466,54515,260981,2364
2022-07-16,Kings,031,150075,55867,55432,3747,59179,449
2022-07-16,Lake,033,64148,11912,11835,1052,12887,141
2022-07-16,Lassen,035,31185,9466,9425,946,10371,64
2022-07-16,Los Angeles,037,10098052,3081633,3042708,157555,3200263,32248
2022-07-16,Madera,039,155013,40925,40627,7176,47803,372
2022-07-16,Marin,041,260295,42273,41829,4818,46647,300
2022-07-16,Mariposa,043,17540,2901,2866,299,3165,30
2022-07-16,Mendocino,045,87422,14943,14799,3989,18788,131
2022-07-16,Merced,047,269075,68130,67416,10169,77585,833
2022-07-16,Modoc,049,8938,831,799,307,1106,9
2022-07-16,Mono,051,14174,3140,3131,207,3338,7
2022-07-16,Monterey,053,433212,88820,88118,18127,106245,747
2022-07-16,Napa,055,140530,30423,30176,1325,31501,145
2022-07-16,Nevada,057,99092,18048,17941,1593,19534,131
2022-07-16,Orange,059,3164182,625660,620414,53775,674189,7161
2022-07-16,Placer,061,380077,71778,71232,8847,80079,637
2022-07-16,Plumas,063,18699,3442,3406,419,3825,13
2022-07-16,Riverside,065,2383286,653587,647328,31926,679254,6508
2022-07-16,Sacramento,067,1510023,325090,322788,31356,354144,3119
2022-07-16,San Benito,069,59416,14984,14869,795,15664,100
2022-07-16,San Bernardino,071,2135413,630535,618482,27966,646448,7914
2022-07-16,San Diego,073,3302833,866307,857262,65488,922750,5370
2022-07-16,San Francisco,075,870044,166319,164853,11116,175969,928
2022-07-16,San Joaquin,077,732212,185675,184187,12655,196842,2262
2022-07-16,San Luis Obispo,079,281455,59868,59437,6153,65590,499
2022-07-16,San Mateo,081,765935,156741,154961,9931,164892,723
2022-07-16,Santa Barbara,083,443738,98475,97600,5859,103459,702
2022-07-16,Santa Clara,085,1922200,399661,395466,17333,412799,2371
2022-07-16,Santa Cruz,087,273765,58206,57531,3004,60535,267
2022-07-16,Shasta,089,179085,33154,32871,6808,39679,575
2022-07-16,Sierra,091,2930,293,291,58,349,4
2022-07-16,Siskiyou,093,43540,4934,4899,3094,7993,83
2022-07-16,Solano,095,438530,98284,96974,7125,104099,457
2022-07-16,Sonoma,097,501317,100564,99679,4696,104375,499
2022-07-16,Stanislaus,099,539301,129413,128436,19886,148322,1692
2022-07-16,Sutter,101,95872,22573,22452,2356,24808,228
2022-07-16,Tehama,103,63373,12966,12860,2840,15700,205
2022-07-16,Trinity,105,12862,1325,1304,332,1636,20
2022-07-16,Tulare,107,460477,115040,114399,31860,146259,1510
2022-07-16,Tuolumne,109,53932,14501,14280,836,15116,196
2022-07-16,Ventura,111,848112,195666,193965,13184,207149,1519
2022-07-16,Yolo,113,214977,45031,44703,3891,48594,324
2022-07-16,Yuba,115,75493,17673,17567,1514,19081,124
2022-07-15,Alameda,001,1643700,321384,318442,18030,336472,1911
2022-07-15,Alpine,003,1148,130,130,1,131,0
2022-07-15,Amador,005,37829,9498,9437,820,10257,87
2022-07-15,Butte,007,227075,36990,36644,8175,44819,440
2022-07-15,Calaveras,009,45235,8034,7994,440,8434,126
2022-07-15,Colusa,011,21464,3631,3617,1159,4776,22
2022-07-15,Contra Costa,013,1133247,233164,228634,18357,246991,1356
2022-07-15,Del Norte,015,27424,7013,6860,356,7216,54
2022-07-15,El Dorado,017,186661,30669,30461,3919,34380,219
2022-07-15,Fresno,019,978130,256500,254088,27786,281874,2790
2022-07-15,Glenn,021,27897,5323,5273,1772,7045,48
2022-07-15,Humboldt,023,135768,20170,20016,4201,24217,150
2022-07-15,Imperial,025,180216,61331,60550,13037,73587,944
2022-07-15,Inyo,027,18085,4357,4343,748,5091,56
2022-07-15,Kern,029,883053,208160,206466,54344,260810,2364
2022-07-15,Kings,031,150075,55804,55432,3740,59172,449
2022-07-15,Lake,033,64148,11900,11835,1049,12884,141
2022-07-15,Lassen,035,31185,9464,9425,944,10369,64
2022-07-15,Los Angeles,037,10098052,3077448,3042708,157047,3199755,32248
2022-07-15,Madera,039,155013,40862,40627,7157,47784,372
2022-07-15,Marin,041,260295,42213,41829,4807,46636,300
2022-07-15,Mariposa,043,17540,2898,2866,298,3164,30
2022-07-15,Mendocino,045,87422,14920,14799,3984,18783,131
2022-07-15,Merced,047,269075,68069,67416,10160,77576,833
2022-07-15,Modoc,049,8938,830,799,307,1106,9
2022-07-15,Mono,051,14174,3138,3131,206,3337,7
2022-07-15,Monterey,053,433212,88707,88118,18100,106218,747
2022-07-15,Napa,055,140530,30391,30176,1324,31500,145
2022-07-15,Nevada,057,99092,18036,17941,1591,19532,131
2022-07-15,Orange,059,3164182,624820,620414,53612,674026,7161
2022-07-15,Placer,061,380077,71705,71232,8820,80052,637
2022-07-15,Plumas,063,18699,3435,3406,417,3823,13
2022-07-15,Riverside,065,2383286,652759,647328,31864,679192,6508
2022-07-15,Sacramento,067,1510023,324722,322788,31335,354123,3119
2022-07-15,San Benito,069,59416,14969,14869,795,15664,100
2022-07-15,San Bernardino,071,2135413,629794,618482,27925,646407,7914
2022-07-15,San Diego,073,3302833,865032,857262,65323,922585,5370
2022-07-15,San Francisco,075,870044,166066,164853,11074,175927,928
2022-07-15,San Joaquin,077,732212,185498,184187,12625,196812,2262
2022-07-15,San Luis Obispo,079,281455,59836,59437,6141,65578,499
2022-07-15,San Mateo,081,765935,156504,154961,9914,164875,723
2022-07-15,Santa Barbara,083,443738,98346,97600,5852,103452,702
2022-07-15,Santa Clara,085,1922200,398975,395466,17307,412773,2371
2022-07-15,Santa Cruz,087,273765,58116,57531,2992,60523,267
2022-07-15,Shasta,089,179085,33131,32871,6801,39672,575
2022-07-15,Sierra,091,2930,293,291,58,349,4
2022-07-15,Siskiyou,093,43540,4931,4899,3092,7991,83
2022-07-15,Solano,095,438530,98135,96974,7114,104088,457
2022-07-15,Sonoma,097,501317,100441,99679,4687,104366,499
2022-07-15,Stanislaus,099,539301,129289,128436,19866,148302,1692
2022-07-15,Sutter,101,95872,22546,22452,2355,24807,228
2022-07-15,Tehama,103,63373,12959,12860,2832,15692,205
2022-07-15,Trinity,105,12862,1321,1304,332,1636,20
2022-07-15,Tulare,107,460477,114889,114399,31775,146174,1510
2022-07-15,Tuolumne,109,53932,14458,14280,833,15113,196
2022-07-15,Ventura,111,848112,195440,193965,13145,207110,1519
2022-07-15,Yolo,113,214977,44985,44703,3880,48583,324
2022-07-15,Yuba,115,75493,17647,17567,1514,19081,124
2022-07-14,Alameda,001,1643700,320624,318442,17967,336409,1911
2022-07-14,Alpine,003,1148,130,130,1,131,0
2022-07-14,Amador,005,37829,9485,9437,814,10251,87
2022-07-14,Butte,007,227075,36950,36644,8169,44813,440
2022-07-14,Calaveras,009,45235,8027,7994,436,8430,126
2022-07-14,Colusa,011,21464,3631,3617,1157,4774,22
2022-07-14,Contra Costa,013,1133247,232722,228634,18271,246905,1356
2022-07-14,Del Norte,015,27424,6992,6860,354,7214,54
2022-07-14,El Dorado,017,186661,30633,30461,3910,34371,219
2022-07-14,Fresno,019,978130,255968,254088,27692,281780,2790
2022-07-14,Glenn,021,27897,5314,5273,1769,7042,48
2022-07-14,Humboldt,023,135768,20130,20016,4186,24202,150
2022-07-14,Imperial,025,180216,61152,60550,12921,73471,944
2022-07-14,Inyo,027,18085,4355,4343,743,5086,56
2022-07-14,Kern,029,883053,207831,206466,54145,260611,2364
2022-07-14,Kings,031,150075,55709,55432,3729,59161,449
2022-07-14,Lake,033,64148,11884,11835,1047,12882,141
2022-07-14,Lassen,035,31185,9459,9425,943,10368,64
2022-07-14,Los Angeles,037,10098052,3071276,3042708,156335,3199043,32248
2022-07-14,Madera,039,155013,40788,40627,7099,47726,372
2022-07-14,Marin,041,260295,42123,41829,4802,46631,300
2022-07-14,Mariposa,043,17540,2892,2866,293,3159,30
2022-07-14,Mendocino,045,87422,14906,14799,3979,18778,131
2022-07-14,Merced,047,269075,67974,67416,10133,77549,833
2022-07-14,Modoc,049,8938,830,799,307,1106,9
2022-07-14,Mono,051,14174,3137,3131,206,3337,7
2022-07-14,Monterey,053,433212,88589,88118,18022,106140,747
2022-07-14,Napa,055,140530,30347,30176,1320,31496,145
2022-07-14,Nevada,057,99092,18011,17941,1582,19523,131
2022-07-14,Orange,059,3164182,623557,620414,53401,673815,7161
2022-07-14,Placer,061,380077,71595,71232,8800,80032,637
2022-07-14,Plumas,063,18699,3426,3406,416,3822,13
2022-07-14,Riverside,065,2383286,651523,647328,31790,679118,6508
2022-07-14,Sacramento,067,1510023,324175,322788,31294,354082,3119
2022-07-14,San Benito,069,59416,14939,14869,791,15660,100
2022-07-14,San Bernardino,071,2135413,628639,618482,27846,646328,7914
2022-07-14,San Diego,073,3302833,863153,857262,65092,922354,5370
2022-07-14,San Francisco,075,870044,165730,164853,11027,175880,928
2022-07-14,San Joaquin,077,732212,185190,184187,12584,196771,2262
2022-07-14,San Luis Obispo,079,281455,59749,59437,6096,65533,499
2022-07-14,San Mateo,081,765935,156216,154961,9892,164853,723
2022-07-14,Santa Barbara,083,443738,98167,97600,5840,103440,702
2022-07-14,Santa Clara,085,1922200,398122,395466,17264,412730,2371
2022-07-14,Santa Cruz,087,273765,58024,57531,2978,60509,267
2022-07-14,Shasta,089,179085,33083,32871,6789,39660,575
2022-07-14,Sierra,091,2930,293,291,58,349,4
2022-07-14,Siskiyou,093,43540,4923,4899,3084,7983,83
2022-07-14,Solano,095,438530,97958,96974,7102,104076,457
2022-07-14,Sonoma,097,501317,100308,99679,4664,104343,499
2022-07-14,Stanislaus,099,539301,129082,128436,19834,148270,1692
2022-07-14,Sutter,101,95872,22520,22452,2354,24806,228
2022-07-14,Tehama,103,63373,12936,12860,2827,15687,205
2022-07-14,Trinity,105,12862,1321,1304,328,1632,20
2022-07-14,Tulare,107,460477,114760,114399,31676,146075,1510
2022-07-14,Tuolumne,109,53932,14418,14280,829,15109,196
2022-07-14,Ventura,111,848112,195091,193965,13071,207036,1519
2022-07-14,Yolo,113,214977,44920,44703,3867,48570,324
2022-07-14,Yuba,115,75493,17615,17567,1505,19072,124
2022-07-13,Alameda,001,1643700,319924,316026,17928,333954,1911
2022-07-13,Alpine,003,1148,130,129,1,130,0
2022-07-13,Amador,005,37829,9474,9388,813,10201,87
2022-07-13,Butte,007,227075,36894,36405,8155,44560,439
2022-07-13,Calaveras,009,45235,8014,7945,435,8380,125
2022-07-13,Colusa,011,21464,3626,3606,1157,4763,22
2022-07-13,Contra Costa,013,1133247,232243,226833,18184,245017,1356
2022-07-13,Del Norte,015,27424,6973,6790,354,7144,54
2022-07-13,El Dorado,017,186661,30584,30273,3904,34177,218
2022-07-13,Fresno,019,978130,255415,252573,27580,280153,2786
2022-07-13,Glenn,021,27897,5309,5256,1768,7024,48
2022-07-13,Humboldt,023,135768,20097,19854,4171,24025,150
2022-07-13,Imperial,025,180216,60997,60011,12839,72850,944
2022-07-13,Inyo,027,18085,4354,4324,738,5062,56
2022-07-13,Kern,029,883053,207420,205428,53909,259337,2359
2022-07-13,Kings,031,150075,55599,55138,3720,58858,449
2022-07-13,Lake,033,64148,11866,11773,1046,12819,140
2022-07-13,Lassen,035,31185,9437,9381,942,10323,64
2022-07-13,Los Angeles,037,10098052,3064624,3024953,155628,3180581,32206
2022-07-13,Madera,039,155013,40721,40378,7071,47449,372
2022-07-13,Marin,041,260295,42056,41616,4794,46410,300
2022-07-13,Mariposa,043,17540,2887,2847,292,3139,30
2022-07-13,Mendocino,045,87422,14886,14713,3962,18675,128
2022-07-13,Merced,047,269075,67842,67028,10102,77130,832
2022-07-13,Modoc,049,8938,829,791,306,1097,9
2022-07-13,Mono,051,14174,3136,3131,202,3333,7
2022-07-13,Monterey,053,433212,88445,87575,17945,105520,745
2022-07-13,Napa,055,140530,30308,30032,1318,31350,145
2022-07-13,Nevada,057,99092,17993,17849,1574,19423,131
2022-07-13,Orange,059,3164182,622178,616278,53164,669442,7147
2022-07-13,Placer,061,380077,71488,70890,8786,79676,637
2022-07-13,Plumas,063,18699,3418,3354,415,3769,13
2022-07-13,Riverside,065,2383286,650313,643472,31692,675164,6504
2022-07-13,Sacramento,067,1510023,323647,321076,31253,352329,3114
2022-07-13,San Benito,069,59416,14912,14774,785,15559,100
2022-07-13,San Bernardino,071,2135413,627462,614957,27749,642706,7907
2022-07-13,San Diego,073,3302833,861248,851596,64865,916461,5363
2022-07-13,San Francisco,075,870044,165329,163635,10999,174634,919
2022-07-13,San Joaquin,077,732212,184862,183283,12540,195823,2260
2022-07-13,San Luis Obispo,079,281455,59643,59134,6048,65182,498
2022-07-13,San Mateo,081,765935,155875,153875,9875,163750,723
2022-07-13,Santa Barbara,083,443738,97988,97053,5827,102880,699
2022-07-13,Santa Clara,085,1922200,397235,392415,17224,409639,2365
2022-07-13,Santa Cruz,087,273765,57888,57124,2971,60095,267
2022-07-13,Shasta,089,179085,33026,32708,6774,39482,574
2022-07-13,Sierra,091,2930,293,289,58,347,4
2022-07-13,Siskiyou,093,43540,4916,4873,3082,7955,82
2022-07-13,Solano,095,438530,97753,96479,7079,103558,455
2022-07-13,Sonoma,097,501317,100150,99173,4647,103820,499
2022-07-13,Stanislaus,099,539301,128883,127845,19780,147625,1689
2022-07-13,Sutter,101,95872,22474,22331,2352,24683,228
2022-07-13,Tehama,103,63373,12923,12793,2824,15617,205
2022-07-13,Trinity,105,12862,1320,1293,326,1619,20
2022-07-13,Tulare,107,460477,114567,113830,31583,145413,1508
2022-07-13,Tuolumne,109,53932,14394,14159,824,14983,194
2022-07-13,Ventura,111,848112,194754,192923,12988,205911,1518
2022-07-13,Yolo,113,214977,44858,44447,3857,48304,326
2022-07-13,Yuba,115,75493,17588,17464,1497,18961,124
2022-07-12,Alameda,001,1643700,319151,316026,17888,333914,1911
2022-07-12,Alpine,003,1148,130,129,1,130,0
2022-07-12,Amador,005,37829,9441,9388,806,10194,87
2022-07-12,Butte,007,227075,36837,36405,8136,44541,439
2022-07-12,Calaveras,009,45235,7999,7945,433,8378,125
2022-07-12,Colusa,011,21464,3624,3606,1154,4760,22
2022-07-12,Contra Costa,013,1133247,231740,226833,18108,244941,1356
2022-07-12,Del Norte,015,27424,6926,6790,351,7141,54
2022-07-12,El Dorado,017,186661,30544,30273,3898,34171,218
2022-07-12,Fresno,019,978130,254875,252573,27491,280064,2786
2022-07-12,Glenn,021,27897,5306,5256,1764,7020,48
2022-07-12,Humboldt,023,135768,20047,19854,4154,24008,150
2022-07-12,Imperial,025,180216,60821,60011,12739,72750,944
2022-07-12,Inyo,027,18085,4346,4324,738,5062,56
2022-07-12,Kern,029,883053,207090,205428,53698,259126,2359
2022-07-12,Kings,031,150075,55488,55138,3710,58848,449
2022-07-12,Lake,033,64148,11854,11773,1041,12814,140
2022-07-12,Lassen,035,31185,9423,9381,936,10317,64
2022-07-12,Los Angeles,037,10098052,3057830,3024953,154934,3179887,32206
2022-07-12,Madera,039,155013,40635,40378,7056,47434,372
2022-07-12,Marin,041,260295,41982,41616,4784,46400,300
2022-07-12,Mariposa,043,17540,2876,2847,292,3139,30
2022-07-12,Mendocino,045,87422,14846,14713,3938,18651,128
2022-07-12,Merced,047,269075,67733,67028,10069,77097,832
2022-07-12,Modoc,049,8938,827,791,303,1094,9
2022-07-12,Mono,051,14174,3133,3131,202,3333,7
2022-07-12,Monterey,053,433212,88292,87575,17857,105432,745
2022-07-12,Napa,055,140530,30254,30032,1315,31347,145
2022-07-12,Nevada,057,99092,17971,17849,1567,19416,131
2022-07-12,Orange,059,3164182,620772,616278,52929,669207,7147
2022-07-12,Placer,061,380077,71378,70890,8771,79661,637
2022-07-12,Plumas,063,18699,3412,3354,414,3768,13
2022-07-12,Riverside,065,2383286,649028,643472,31597,675069,6504
2022-07-12,Sacramento,067,1510023,323054,321076,31216,352292,3114
2022-07-12,San Benito,069,59416,14866,14774,779,15553,100
2022-07-12,San Bernardino,071,2135413,626130,614957,27661,642618,7907
2022-07-12,San Diego,073,3302833,858887,851596,64633,916229,5363
2022-07-12,San Francisco,075,870044,164926,163635,10975,174610,919
2022-07-12,San Joaquin,077,732212,184550,183283,12482,195765,2260
2022-07-12,San Luis Obispo,079,281455,59564,59134,6018,65152,498
2022-07-12,San Mateo,081,765935,155480,153875,9856,163731,723
2022-07-12,Santa Barbara,083,443738,97773,97053,5810,102863,699
2022-07-12,Santa Clara,085,1922200,396279,392415,17181,409596,2365
2022-07-12,Santa Cruz,087,273765,57751,57124,2962,60086,267
2022-07-12,Shasta,089,179085,32963,32708,6755,39463,574
2022-07-12,Sierra,091,2930,292,289,58,347,4
2022-07-12,Siskiyou,093,43540,4907,4873,3080,7953,82
2022-07-12,Solano,095,438530,97540,96479,7055,103534,455
2022-07-12,Sonoma,097,501317,99989,99173,4619,103792,499
2022-07-12,Stanislaus,099,539301,128636,127845,19742,147587,1689
2022-07-12,Sutter,101,95872,22440,22331,2350,24681,228
2022-07-12,Tehama,103,63373,12903,12793,2817,15610,205
2022-07-12,Trinity,105,12862,1312,1293,326,1619,20
2022-07-12,Tulare,107,460477,114374,113830,31483,145313,1508
2022-07-12,Tuolumne,109,53932,14359,14159,820,14979,194
2022-07-12,Ventura,111,848112,194422,192923,12888,205811,1518
2022-07-12,Yolo,113,214977,44788,44447,3849,48296,326
2022-07-12,Yuba,115,75493,17560,17464,1484,18948,124
2022-07-11,Alameda,001,1643700,318240,316026,17829,333855,1911
2022-07-11,Alpine,003,1148,130,129,1,130,0
2022-07-11,Amador,005,37829,9433,9388,800,10188,87
2022-07-11,Butte,007,227075,36777,36405,8117,44522,439
2022-07-11,Calaveras,009,45235,7983,7945,431,8376,125
2022-07-11,Colusa,011,21464,3620,3606,1151,4757,22
2022-07-11,Contra Costa,013,1133247,231262,226833,18048,244881,1356
2022-07-11,Del Norte,015,27424,6895,6790,341,7131,54
2022-07-11,El Dorado,017,186661,30487,30273,3887,34160,218
2022-07-11,Fresno,019,978130,254207,252573,27408,279981,2786
2022-07-11,Glenn,021,27897,5303,5256,1762,7018,48
2022-07-11,Humboldt,023,135768,19988,19854,4135,23989,150
2022-07-11,Imperial,025,180216,60661,60011,12628,72639,944
2022-07-11,Inyo,027,18085,4343,4324,734,5058,56
2022-07-11,Kern,029,883053,206752,205428,53493,258921,2359
2022-07-11,Kings,031,150075,55340,55138,3700,58838,449
2022-07-11,Lake,033,64148,11828,11773,1039,12812,140
2022-07-11,Lassen,035,31185,9417,9381,936,10317,64
2022-07-11,Los Angeles,037,10098052,3050706,3024953,154150,3179103,32206
2022-07-11,Madera,039,155013,40549,40378,7011,47389,372
2022-07-11,Marin,041,260295,41893,41616,4775,46391,300
2022-07-11,Mariposa,043,17540,2868,2847,290,3137,30
2022-07-11,Mendocino,045,87422,14807,14713,3924,18637,128
2022-07-11,Merced,047,269075,67606,67028,10034,77062,832
2022-07-11,Modoc,049,8938,821,791,301,1092,9
2022-07-11,Mono,051,14174,3133,3131,201,3332,7
2022-07-11,Monterey,053,433212,88126,87575,17788,105363,745
2022-07-11,Napa,055,140530,30193,30032,1315,31347,145
2022-07-11,Nevada,057,99092,17954,17849,1565,19414,131
2022-07-11,Orange,059,3164182,619197,616278,52697,668975,7147
2022-07-11,Placer,061,380077,71270,70890,8756,79646,637
2022-07-11,Plumas,063,18699,3401,3354,412,3766,13
2022-07-11,Riverside,065,2383286,647590,643472,31511,674983,6504
2022-07-11,Sacramento,067,1510023,322507,321076,31170,352246,3114
2022-07-11,San Benito,069,59416,14830,14774,775,15549,100
2022-07-11,San Bernardino,071,2135413,624767,614957,27571,642528,7907
2022-07-11,San Diego,073,3302833,856504,851596,64388,915984,5363
2022-07-11,San Francisco,075,870044,164512,163635,10947,174582,919
2022-07-11,San Joaquin,077,732212,184171,183283,12436,195719,2260
2022-07-11,San Luis Obispo,079,281455,59455,59134,5986,65120,498
2022-07-11,San Mateo,081,765935,155081,153875,9821,163696,723
2022-07-11,Santa Barbara,083,443738,97564,97053,5797,102850,699
2022-07-11,Santa Clara,085,1922200,395211,392415,17127,409542,2365
2022-07-11,Santa Cruz,087,273765,57601,57124,2948,60072,267
2022-07-11,Shasta,089,179085,32905,32708,6725,39433,574
2022-07-11,Sierra,091,2930,292,289,58,347,4
2022-07-11,Siskiyou,093,43540,4900,4873,3073,7946,82
2022-07-11,Solano,095,438530,97327,96479,7040,103519,455
2022-07-11,Sonoma,097,501317,99795,99173,4599,103772,499
2022-07-11,Stanislaus,099,539301,128411,127845,19702,147547,1689
2022-07-11,Sutter,101,95872,22398,22331,2343,24674,228
2022-07-11,Tehama,103,63373,12889,12793,2810,15603,205
2022-07-11,Trinity,105,12862,1310,1293,325,1618,20
2022-07-11,Tulare,107,460477,114187,113830,31378,145208,1508
2022-07-11,Tuolumne,109,53932,14319,14159,818,14977,194
2022-07-11,Ventura,111,848112,194026,192923,12800,205723,1518
2022-07-11,Yolo,113,214977,44722,44447,3834,48281,326
2022-07-11,Yuba,115,75493,17524,17464,1481,18945,124
2022-07-10,Alameda,001,1643700,317242,312651,17749,330400,1912
2022-07-10,Alpine,003,1148,130,129,1,130,0
2022-07-10,Amador,005,37829,9423,9335,797,10132,87
2022-07-10,Butte,007,227075,36678,36165,8095,44260,438
2022-07-10,Calaveras,009,45235,7974,7895,430,8325,125
2022-07-10,Colusa,011,21464,3616,3586,1143,4729,22
2022-07-10,Contra Costa,013,1133247,230649,224718,17954,242672,1351
2022-07-10,Del Norte,015,27424,6855,6666,335,7001,54
2022-07-10,El Dorado,017,186661,30404,30070,3879,33949,218
2022-07-10,Fresno,019,978130,253534,250379,27314,277693,2786
2022-07-10,Glenn,021,27897,5298,5231,1758,6989,48
2022-07-10,Humboldt,023,135768,19929,19677,4121,23798,149
2022-07-10,Imperial,025,180216,60437,59558,12487,72045,944
2022-07-10,Inyo,027,18085,4338,4297,728,5025,56
2022-07-10,Kern,029,883053,206236,204128,53252,257380,2359
2022-07-10,Kings,031,150075,55164,54725,3694,58419,449
2022-07-10,Lake,033,64148,11803,11685,1036,12721,140
2022-07-10,Lassen,035,31185,9402,9362,934,10296,64
2022-07-10,Los Angeles,037,10098052,3043419,3002013,153346,3155359,32151
2022-07-10,Madera,039,155013,40440,40081,6977,47058,372
2022-07-10,Marin,041,260295,41796,41271,4766,46037,302
2022-07-10,Mariposa,043,17540,2861,2805,286,3091,30
2022-07-10,Mendocino,045,87422,14777,14610,3907,18517,128
2022-07-10,Merced,047,269075,67449,66616,9977,76593,832
2022-07-10,Modoc,049,8938,820,789,293,1082,9
2022-07-10,Mono,051,14174,3132,3119,199,3318,7
2022-07-10,Monterey,053,433212,87935,87002,17708,104710,745
2022-07-10,Napa,055,140530,30131,29807,1313,31120,145
2022-07-10,Nevada,057,99092,17893,17693,1556,19249,131
2022-07-10,Orange,059,3164182,617500,610975,52387,663362,7132
2022-07-10,Placer,061,380077,71154,70401,8737,79138,632
2022-07-10,Plumas,063,18699,3388,3339,408,3747,13
2022-07-10,Riverside,065,2383286,645998,638193,31381,669574,6506
2022-07-10,Sacramento,067,1510023,321808,318556,31097,349653,3108
2022-07-10,San Benito,069,59416,14794,14628,764,15392,100
2022-07-10,San Bernardino,071,2135413,623313,610086,27490,637576,7893
2022-07-10,San Diego,073,3302833,854010,844085,64117,908202,5357
2022-07-10,San Francisco,075,870044,163976,161931,10872,172803,914
2022-07-10,San Joaquin,077,732212,183799,181958,12375,194333,2257
2022-07-10,San Luis Obispo,079,281455,59334,58636,5947,64583,498
2022-07-10,San Mateo,081,765935,154616,152319,9793,162112,723
2022-07-10,Santa Barbara,083,443738,97331,96266,5771,102037,697
2022-07-10,Santa Clara,085,1922200,394087,388270,17065,405335,2360
2022-07-10,Santa Cruz,087,273765,57411,56455,2931,59386,266
2022-07-10,Shasta,089,179085,32838,32536,6702,39238,576
2022-07-10,Sierra,091,2930,290,291,58,349,4
2022-07-10,Siskiyou,093,43540,4895,4855,3059,7914,82
2022-07-10,Solano,095,438530,97079,95651,7012,102663,455
2022-07-10,Sonoma,097,501317,99592,98430,4567,102997,496
2022-07-10,Stanislaus,099,539301,128171,126897,19659,146556,1686
2022-07-10,Sutter,101,95872,22349,22165,2342,24507,228
2022-07-10,Tehama,103,63373,12862,12716,2797,15513,205
2022-07-10,Trinity,105,12862,1304,1272,323,1595,20
2022-07-10,Tulare,107,460477,113932,113002,31282,144284,1508
2022-07-10,Tuolumne,109,53932,14284,14019,810,14829,194
2022-07-10,Ventura,111,848112,193551,191462,12696,204158,1518
2022-07-10,Yolo,113,214977,44644,44152,3819,47971,323
2022-07-10,Yuba,115,75493,17485,17345,1479,18824,125
2022-07-09,Alameda,001,1643700,316754,312651,17725,330376,1912
2022-07-09,Alpine,003,1148,130,129,1,130,0
2022-07-09,Amador,005,37829,9415,9335,795,10130,87
2022-07-09,Butte,007,227075,36633,36165,8081,44246,438
2022-07-09,Calaveras,009,45235,7959,7895,429,8324,125
2022-07-09,Colusa,011,21464,3615,3586,1142,4728,22
2022-07-09,Contra Costa,013,1133247,230342,224718,17896,242614,1351
2022-07-09,Del Norte,015,27424,6847,6666,335,7001,54
2022-07-09,El Dorado,017,186661,30361,30070,3874,33944,218
2022-07-09,Fresno,019,978130,253273,250379,27276,277655,2786
2022-07-09,Glenn,021,27897,5291,5231,1758,6989,48
2022-07-09,Humboldt,023,135768,19911,19677,4111,23788,149
2022-07-09,Imperial,025,180216,60358,59558,12434,71992,944
2022-07-09,Inyo,027,18085,4332,4297,727,5024,56
2022-07-09,Kern,029,883053,206054,204128,53107,257235,2359
2022-07-09,Kings,031,150075,55125,54725,3692,58417,449
2022-07-09,Lake,033,64148,11795,11685,1035,12720,140
2022-07-09,Lassen,035,31185,9401,9362,934,10296,64
2022-07-09,Los Angeles,037,10098052,3039923,3002013,152855,3154868,32151
2022-07-09,Madera,039,155013,40400,40081,6969,47050,372
2022-07-09,Marin,041,260295,41740,41271,4755,46026,302
2022-07-09,Mariposa,043,17540,2856,2805,286,3091,30
2022-07-09,Mendocino,045,87422,14762,14610,3897,18507,128
2022-07-09,Merced,047,269075,67398,66616,9972,76588,832
2022-07-09,Modoc,049,8938,820,789,289,1078,9
2022-07-09,Mono,051,14174,3131,3119,199,3318,7
2022-07-09,Monterey,053,433212,87838,87002,17658,104660,745
2022-07-09,Napa,055,140530,30099,29807,1310,31117,145
2022-07-09,Nevada,057,99092,17881,17693,1552,19245,131
2022-07-09,Orange,059,3164182,616638,610975,52218,663193,7132
2022-07-09,Placer,061,380077,71065,70401,8729,79130,632
2022-07-09,Plumas,063,18699,3381,3339,406,3745,13
2022-07-09,Riverside,065,2383286,645102,638193,31326,669519,6506
2022-07-09,Sacramento,067,1510023,321507,318556,31078,349634,3108
2022-07-09,San Benito,069,59416,14774,14628,763,15391,100
2022-07-09,San Bernardino,071,2135413,622596,610086,27439,637525,7893
2022-07-09,San Diego,073,3302833,853104,844085,64030,908115,5357
2022-07-09,San Francisco,075,870044,163747,161931,10851,172782,914
2022-07-09,San Joaquin,077,732212,183631,181958,12346,194304,2257
2022-07-09,San Luis Obispo,079,281455,59277,58636,5928,64564,498
2022-07-09,San Mateo,081,765935,154372,152319,9777,162096,723
2022-07-09,Santa Barbara,083,443738,97198,96266,5761,102027,697
2022-07-09,Santa Clara,085,1922200,393351,388270,17036,405306,2360
2022-07-09,Santa Cruz,087,273765,57334,56455,2922,59377,266
2022-07-09,Shasta,089,179085,32816,32536,6692,39228,576
2022-07-09,Sierra,091,2930,290,291,58,349,4
2022-07-09,Siskiyou,093,43540,4891,4855,3057,7912,82
2022-07-09,Solano,095,438530,96994,95651,7002,102653,455
2022-07-09,Sonoma,097,501317,99504,98430,4561,102991,496
2022-07-09,Stanislaus,099,539301,128008,126897,19628,146525,1686
2022-07-09,Sutter,101,95872,22320,22165,2342,24507,228
2022-07-09,Tehama,103,63373,12846,12716,2788,15504,205
2022-07-09,Trinity,105,12862,1304,1272,322,1594,20
2022-07-09,Tulare,107,460477,113822,113002,31224,144226,1508
2022-07-09,Tuolumne,109,53932,14246,14019,808,14827,194
2022-07-09,Ventura,111,848112,193289,191462,12649,204111,1518
2022-07-09,Yolo,113,214977,44594,44152,3805,47957,323
2022-07-09,Yuba,115,75493,17462,17345,1479,18824,125
2022-07-08,Alameda,001,1643700,316232,312651,17682,330333,1912
2022-07-08,Alpine,003,1148,130,129,1,130,0
2022-07-08,Amador,005,37829,9405,9335,793,10128,87
2022-07-08,Butte,007,227075,36602,36165,8067,44232,438
2022-07-08,Calaveras,009,45235,7944,7895,429,8324,125
2022-07-08,Colusa,011,21464,3611,3586,1142,4728,22
2022-07-08,Contra Costa,013,1133247,229990,224718,17847,242565,1351
2022-07-08,Del Norte,015,27424,6836,6666,333,6999,54
2022-07-08,El Dorado,017,186661,30336,30070,3867,33937,218
2022-07-08,Fresno,019,978130,252903,250379,27223,277602,2786
2022-07-08,Glenn,021,27897,5286,5231,1755,6986,48
2022-07-08,Humboldt,023,135768,19898,19677,4100,23777,149
2022-07-08,Imperial,025,180216,60269,59558,12394,71952,944
2022-07-08,Inyo,027,18085,4331,4297,723,5020,56
2022-07-08,Kern,029,883053,205808,204128,52968,257096,2359
2022-07-08,Kings,031,150075,55083,54725,3691,58416,449
2022-07-08,Lake,033,64148,11778,11685,1032,12717,140
2022-07-08,Lassen,035,31185,9395,9362,933,10295,64
2022-07-08,Los Angeles,037,10098052,3035657,3002013,152283,3154296,32151
2022-07-08,Madera,039,155013,40346,40081,6955,47036,372
2022-07-08,Marin,041,260295,41654,41271,4739,46010,302
2022-07-08,Mariposa,043,17540,2853,2805,285,3090,30
2022-07-08,Mendocino,045,87422,14744,14610,3893,18503,128
2022-07-08,Merced,047,269075,67331,66616,9962,76578,832
2022-07-08,Modoc,049,8938,820,789,289,1078,9
2022-07-08,Mono,051,14174,3129,3119,198,3317,7
2022-07-08,Monterey,053,433212,87725,87002,17628,104630,745
2022-07-08,Napa,055,140530,30075,29807,1309,31116,145
2022-07-08,Nevada,057,99092,17873,17693,1550,19243,131
2022-07-08,Orange,059,3164182,615739,610975,52042,663017,7132
2022-07-08,Placer,061,380077,70990,70401,8715,79116,632
2022-07-08,Plumas,063,18699,3376,3339,406,3745,13
2022-07-08,Riverside,065,2383286,644189,638193,31269,669462,6506
2022-07-08,Sacramento,067,1510023,321071,318556,31057,349613,3108
2022-07-08,San Benito,069,59416,14757,14628,760,15388,100
2022-07-08,San Bernardino,071,2135413,621840,610086,27396,637482,7893
2022-07-08,San Diego,073,3302833,851850,844085,63870,907955,5357
2022-07-08,San Francisco,075,870044,163484,161931,10825,172756,914
2022-07-08,San Joaquin,077,732212,183459,181958,12330,194288,2257
2022-07-08,San Luis Obispo,079,281455,59241,58636,5913,64549,498
2022-07-08,San Mateo,081,765935,154081,152319,9763,162082,723
2022-07-08,Santa Barbara,083,443738,97071,96266,5757,102023,697
2022-07-08,Santa Clara,085,1922200,392580,388270,17015,405285,2360
2022-07-08,Santa Cruz,087,273765,57246,56455,2914,59369,266
2022-07-08,Shasta,089,179085,32786,32536,6684,39220,576
2022-07-08,Sierra,091,2930,290,291,58,349,4
2022-07-08,Siskiyou,093,43540,4886,4855,3054,7909,82
2022-07-08,Solano,095,438530,96876,95651,6991,102642,455
2022-07-08,Sonoma,097,501317,99358,98430,4544,102974,496
2022-07-08,Stanislaus,099,539301,127870,126897,19615,146512,1686
2022-07-08,Sutter,101,95872,22295,22165,2341,24506,228
2022-07-08,Tehama,103,63373,12834,12716,2786,15502,205
2022-07-08,Trinity,105,12862,1302,1272,321,1593,20
2022-07-08,Tulare,107,460477,113702,113002,31156,144158,1508
2022-07-08,Tuolumne,109,53932,14215,14019,802,14821,194
2022-07-08,Ventura,111,848112,193050,191462,12610,204072,1518
2022-07-08,Yolo,113,214977,44542,44152,3793,47945,323
2022-07-08,Yuba,115,75493,17446,17345,1478,18823,125
2022-07-07,Alameda,001,1643700,315427,312651,17635,330286,1912
2022-07-07,Alpine,003,1148,129,129,1,130,0
2022-07-07,Amador,005,37829,9389,9335,786,10121,87
2022-07-07,Butte,007,227075,36538,36165,8047,44212,438
2022-07-07,Calaveras,009,45235,7935,7895,424,8319,125
2022-07-07,Colusa,011,21464,3606,3586,1141,4727,22
2022-07-07,Contra Costa,013,1133247,229443,224718,17771,242489,1351
2022-07-07,Del Norte,015,27424,6810,6666,329,6995,54
2022-07-07,El Dorado,017,186661,30285,30070,3856,33926,218
2022-07-07,Fresno,019,978130,252357,250379,27120,277499,2786
2022-07-07,Glenn,021,27897,5280,5231,1753,6984,48
2022-07-07,Humboldt,023,135768,19853,19677,4084,23761,149
2022-07-07,Imperial,025,180216,60094,59558,12284,71842,944
2022-07-07,Inyo,027,18085,4328,4297,715,5012,56
2022-07-07,Kern,029,883053,205507,204128,52761,256889,2359
2022-07-07,Kings,031,150075,55006,54725,3687,58412,449
2022-07-07,Lake,033,64148,11757,11685,1032,12717,140
2022-07-07,Lassen,035,31185,9394,9362,933,10295,64
2022-07-07,Los Angeles,037,10098052,3029346,3002013,151601,3153614,32151
2022-07-07,Madera,039,155013,40267,40081,6939,47020,372
2022-07-07,Marin,041,260295,41576,41271,4728,45999,302
2022-07-07,Mariposa,043,17540,2846,2805,282,3087,30
2022-07-07,Mendocino,045,87422,14727,14610,3888,18498,128
2022-07-07,Merced,047,269075,67219,66616,9929,76545,832
2022-07-07,Modoc,049,8938,815,789,286,1075,9
2022-07-07,Mono,051,14174,3128,3119,196,3315,7
2022-07-07,Monterey,053,433212,87566,87002,17565,104567,745
2022-07-07,Napa,055,140530,30005,29807,1301,31108,145
2022-07-07,Nevada,057,99092,17843,17693,1545,19238,131
2022-07-07,Orange,059,3164182,614353,610975,51838,662813,7132
2022-07-07,Placer,061,380077,70880,70401,8690,79091,632
2022-07-07,Plumas,063,18699,3369,3339,405,3744,13
2022-07-07,Riverside,065,2383286,642871,638193,31206,669399,6506
2022-07-07,Sacramento,067,1510023,320435,318556,31008,349564,3108
2022-07-07,San Benito,069,59416,14727,14628,760,15388,100
2022-07-07,San Bernardino,071,2135413,620525,610086,27332,637418,7893
2022-07-07,San Diego,073,3302833,849935,844085,63640,907725,5357
2022-07-07,San Francisco,075,870044,163104,161931,10772,172703,914
2022-07-07,San Joaquin,077,732212,183125,181958,12279,194237,2257
2022-07-07,San Luis Obispo,079,281455,59162,58636,5881,64517,498
2022-07-07,San Mateo,081,765935,153741,152319,9754,162073,723
2022-07-07,Santa Barbara,083,443738,96877,96266,5742,102008,697
2022-07-07,Santa Clara,085,1922200,391599,388270,16968,405238,2360
2022-07-07,Santa Cruz,087,273765,57090,56455,2900,59355,266
2022-07-07,Shasta,089,179085,32751,32536,6667,39203,576
2022-07-07,Sierra,091,2930,289,291,57,348,4
2022-07-07,Siskiyou,093,43540,4879,4855,3048,7903,82
2022-07-07,Solano,095,438530,96604,95651,6980,102631,455
2022-07-07,Sonoma,097,501317,99221,98430,4525,102955,496
2022-07-07,Stanislaus,099,539301,127670,126897,19578,146475,1686
2022-07-07,Sutter,101,95872,22249,22165,2339,24504,228
2022-07-07,Tehama,103,63373,12817,12716,2777,15493,205
2022-07-07,Trinity,105,12862,1297,1272,320,1592,20
2022-07-07,Tulare,107,460477,113494,113002,31063,144065,1508
2022-07-07,Tuolumne,109,53932,14178,14019,797,14816,194
2022-07-07,Ventura,111,848112,192730,191462,12529,203991,1518
2022-07-07,Yolo,113,214977,44485,44152,3780,47932,323
2022-07-07,Yuba,115,75493,17412,17345,1476,18821,125
2022-07-06,Alameda,001,1643700,314591,310551,17591,328142,1899
2022-07-06,Alpine,003,1148,129,129,1,130,0
2022-07-06,Amador,005,37829,9370,9301,786,10087,87
2022-07-06,Butte,007,227075,36474,36053,8031,44084,436
2022-07-06,Calaveras,009,45235,7926,7873,422,8295,124
2022-07-06,Colusa,011,21464,3603,3579,1140,4719,22
2022-07-06,Contra Costa,013,1133247,228928,223500,17716,241216,1348
2022-07-06,Del Norte,015,27424,6780,6623,327,6950,54
2022-07-06,El Dorado,017,186661,30241,29953,3844,33797,218
2022-07-06,Fresno,019,978130,251801,249480,27040,276520,2786
2022-07-06,Glenn,021,27897,5275,5222,1753,6975,48
2022-07-06,Humboldt,023,135768,19806,19608,4073,23681,149
2022-07-06,Imperial,025,180216,59895,59184,12196,71380,944
2022-07-06,Inyo,027,18085,4322,4282,709,4991,56
2022-07-06,Kern,029,883053,205184,203587,52544,256131,2353
2022-07-06,Kings,031,150075,54889,54560,3682,58242,449
2022-07-06,Lake,033,64148,11738,11659,1032,12691,140
2022-07-06,Lassen,035,31185,9377,9350,933,10283,64
2022-07-06,Los Angeles,037,10098052,3022912,2991161,150894,3142055,32116
2022-07-06,Madera,039,155013,40197,39952,6917,46869,372
2022-07-06,Marin,041,260295,41508,41036,4718,45754,302
2022-07-06,Mariposa,043,17540,2836,2797,282,3079,30
2022-07-06,Mendocino,045,87422,14699,14540,3876,18416,127
2022-07-06,Merced,047,269075,67096,66420,9906,76326,832
2022-07-06,Modoc,049,8938,809,788,284,1072,8
2022-07-06,Mono,051,14174,3127,3109,196,3305,7
2022-07-06,Monterey,053,433212,87408,86639,17499,104138,744
2022-07-06,Napa,055,140530,29944,29690,1299,30989,144
2022-07-06,Nevada,057,99092,17814,17660,1539,19199,131
2022-07-06,Orange,059,3164182,612832,608084,51637,659721,7125
2022-07-06,Placer,061,380077,70766,70113,8669,78782,632
2022-07-06,Plumas,063,18699,3358,3316,404,3720,13
2022-07-06,Riverside,065,2383286,641511,636209,31134,667343,6505
2022-07-06,Sacramento,067,1510023,319751,317315,30963,348278,3104
2022-07-06,San Benito,069,59416,14685,14556,749,15305,100
2022-07-06,San Bernardino,071,2135413,619278,608119,27255,635374,7870
2022-07-06,San Diego,073,3302833,847809,839970,63387,903357,5349
2022-07-06,San Francisco,075,870044,162688,160612,10740,171352,910
2022-07-06,San Joaquin,077,732212,182810,181448,12249,193697,2256
2022-07-06,San Luis Obispo,079,281455,59050,58488,5842,64330,496
2022-07-06,San Mateo,081,765935,153342,151344,9723,161067,723
2022-07-06,Santa Barbara,083,443738,96686,95918,5721,101639,702
2022-07-06,Santa Clara,085,1922200,390505,385553,16903,402456,2358
2022-07-06,Santa Cruz,087,273765,56948,56307,2882,59189,267
2022-07-06,Shasta,089,179085,32698,32444,6644,39088,570
2022-07-06,Sierra,091,2930,289,290,57,347,4
2022-07-06,Siskiyou,093,43540,4872,4841,3042,7883,82
2022-07-06,Solano,095,438530,96353,95181,6955,102136,455
2022-07-06,Sonoma,097,501317,99038,98031,4507,102538,495
2022-07-06,Stanislaus,099,539301,127447,126492,19547,146039,1682
2022-07-06,Sutter,101,95872,22198,22089,2338,24427,228
2022-07-06,Tehama,103,63373,12806,12680,2771,15451,205
2022-07-06,Trinity,105,12862,1289,1263,316,1579,20
2022-07-06,Tulare,107,460477,113281,112684,30971,143655,1500
2022-07-06,Tuolumne,109,53932,14145,13960,785,14745,189
2022-07-06,Ventura,111,848112,192347,190794,12454,203248,1517
2022-07-06,Yolo,113,214977,44402,43171,3760,46931,324
2022-07-06,Yuba,115,75493,17374,17277,1470,18747,124
2022-07-05,Alameda,001,1643700,313601,310551,17536,328087,1899
2022-07-05,Alpine,003,1148,129,129,1,130,0
2022-07-05,Amador,005,37829,9355,9301,782,10083,87
2022-07-05,Butte,007,227075,36391,36053,8010,44063,436
2022-07-05,Calaveras,009,45235,7915,7873,421,8294,124
2022-07-05,Colusa,011,21464,3598,3579,1138,4717,22
2022-07-05,Contra Costa,013,1133247,228298,223500,17640,241140,1348
2022-07-05,Del Norte,015,27424,6754,6623,322,6945,54
2022-07-05,El Dorado,017,186661,30191,29953,3835,33788,218
2022-07-05,Fresno,019,978130,251204,249480,26953,276433,2786
2022-07-05,Glenn,021,27897,5266,5222,1752,6974,48
2022-07-05,Humboldt,023,135768,19768,19608,4062,23670,149
2022-07-05,Imperial,025,180216,59754,59184,12097,71281,944
2022-07-05,Inyo,027,18085,4308,4282,699,4981,56
2022-07-05,Kern,029,883053,204749,203587,52309,255896,2353
2022-07-05,Kings,031,150075,54761,54560,3669,58229,449
2022-07-05,Lake,033,64148,11715,11659,1029,12688,140
2022-07-05,Lassen,035,31185,9366,9350,933,10283,64
2022-07-05,Los Angeles,037,10098052,3016009,2991161,150135,3141296,32116
2022-07-05,Madera,039,155013,40112,39952,6892,46844,372
2022-07-05,Marin,041,260295,41407,41036,4708,45744,302
2022-07-05,Mariposa,043,17540,2826,2797,279,3076,30
2022-07-05,Mendocino,045,87422,14653,14540,3860,18400,127
2022-07-05,Merced,047,269075,66976,66420,9875,76295,832
2022-07-05,Modoc,049,8938,801,788,284,1072,8
2022-07-05,Mono,051,14174,3124,3109,193,3302,7
2022-07-05,Monterey,053,433212,87244,86639,17447,104086,744
2022-07-05,Napa,055,140530,29892,29690,1294,30984,144
2022-07-05,Nevada,057,99092,17775,17660,1529,19189,131
2022-07-05,Orange,059,3164182,611281,608084,51397,659481,7125
2022-07-05,Placer,061,380077,70661,70113,8648,78761,632
2022-07-05,Plumas,063,18699,3348,3316,403,3719,13
2022-07-05,Riverside,065,2383286,640044,636209,31048,667257,6505
2022-07-05,Sacramento,067,1510023,319105,317315,30895,348210,3104
2022-07-05,San Benito,069,59416,14651,14556,742,15298,100
2022-07-05,San Bernardino,071,2135413,617953,608119,27177,635296,7870
2022-07-05,San Diego,073,3302833,845457,839970,63154,903124,5349
2022-07-05,San Francisco,075,870044,162179,160612,10714,171326,910
2022-07-05,San Joaquin,077,732212,182450,181448,12178,193626,2256
2022-07-05,San Luis Obispo,079,281455,58892,58488,5799,64287,496
2022-07-05,San Mateo,081,765935,152865,151344,9700,161044,723
2022-07-05,Santa Barbara,083,443738,96462,95918,5692,101610,702
2022-07-05,Santa Clara,085,1922200,389342,385553,16849,402402,2358
2022-07-05,Santa Cruz,087,273765,56773,56307,2866,59173,267
2022-07-05,Shasta,089,179085,32655,32444,6620,39064,570
2022-07-05,Sierra,091,2930,289,290,57,347,4
2022-07-05,Siskiyou,093,43540,4865,4841,3030,7871,82
2022-07-05,Solano,095,438530,96076,95181,6932,102113,455
2022-07-05,Sonoma,097,501317,98793,98031,4489,102520,495
2022-07-05,Stanislaus,099,539301,127206,126492,19507,145999,1682
2022-07-05,Sutter,101,95872,22156,22089,2336,24425,228
2022-07-05,Tehama,103,63373,12781,12680,2767,15447,205
2022-07-05,Trinity,105,12862,1280,1263,314,1577,20
2022-07-05,Tulare,107,460477,113043,112684,30890,143574,1500
2022-07-05,Tuolumne,109,53932,14111,13960,778,14738,189
2022-07-05,Ventura,111,848112,191948,190794,12391,203185,1517
2022-07-05,Yolo,113,214977,44316,43171,3750,46921,324
2022-07-05,Yuba,115,75493,17345,17277,1469,18746,124
2022-07-04,Alameda,001,1643700,312451,310551,17451,328002,1899
2022-07-04,Alpine,003,1148,129,129,1,130,0
2022-07-04,Amador,005,37829,9342,9301,781,10082,87
2022-07-04,Butte,007,227075,36281,36053,7992,44045,436
2022-07-04,Calaveras,009,45235,7905,7873,421,8294,124
2022-07-04,Colusa,011,21464,3594,3579,1136,4715,22
2022-07-04,Contra Costa,013,1133247,227586,223500,17539,241039,1348
2022-07-04,Del Norte,015,27424,6721,6623,318,6941,54
2022-07-04,El Dorado,017,186661,30106,29953,3817,33770,218
2022-07-04,Fresno,019,978130,250565,249480,26823,276303,2786
2022-07-04,Glenn,021,27897,5258,5222,1746,6968,48
2022-07-04,Humboldt,023,135768,19697,19608,4048,23656,149
2022-07-04,Imperial,025,180216,59546,59184,11977,71161,944
2022-07-04,Inyo,027,18085,4305,4282,689,4971,56
2022-07-04,Kern,029,883053,204301,203587,52032,255619,2353
2022-07-04,Kings,031,150075,54611,54560,3665,58225,449
2022-07-04,Lake,033,64148,11702,11659,1027,12686,140
2022-07-04,Lassen,035,31185,9358,9350,932,10282,64
2022-07-04,Los Angeles,037,10098052,3007556,2991161,149226,3140387,32116
2022-07-04,Madera,039,155013,40018,39952,6866,46818,372
2022-07-04,Marin,041,260295,41290,41036,4697,45733,302
2022-07-04,Mariposa,043,17540,2816,2797,274,3071,30
2022-07-04,Mendocino,045,87422,14617,14540,3814,18354,127
2022-07-04,Merced,047,269075,66847,66420,9827,76247,832
2022-07-04,Modoc,049,8938,793,788,280,1068,8
2022-07-04,Mono,051,14174,3122,3109,191,3300,7
2022-07-04,Monterey,053,433212,87051,86639,17376,104015,744
2022-07-04,Napa,055,140530,29828,29690,1290,30980,144
2022-07-04,Nevada,057,99092,17733,17660,1521,19181,131
2022-07-04,Orange,059,3164182,609487,608084,51095,659179,7125
2022-07-04,Placer,061,380077,70485,70113,8618,78731,632
2022-07-04,Plumas,063,18699,3330,3316,402,3718,13
2022-07-04,Riverside,065,2383286,638400,636209,30953,667162,6505
2022-07-04,Sacramento,067,1510023,318334,317315,30803,348118,3104
2022-07-04,San Benito,069,59416,14595,14556,737,15293,100
2022-07-04,San Bernardino,071,2135413,616352,608119,27102,635221,7870
2022-07-04,San Diego,073,3302833,842828,839970,62823,902793,5349
2022-07-04,San Francisco,075,870044,161570,160612,10653,171265,910
2022-07-04,San Joaquin,077,732212,182052,181448,12111,193559,2256
2022-07-04,San Luis Obispo,079,281455,58703,58488,5728,64216,496
2022-07-04,San Mateo,081,765935,152357,151344,9660,161004,723
2022-07-04,Santa Barbara,083,443738,96238,95918,5669,101587,702
2022-07-04,Santa Clara,085,1922200,387849,385553,16796,402349,2358
2022-07-04,Santa Cruz,087,273765,56575,56307,2844,59151,267
2022-07-04,Shasta,089,179085,32578,32444,6591,39035,570
2022-07-04,Sierra,091,2930,289,290,57,347,4
2022-07-04,Siskiyou,093,43540,4858,4841,3022,7863,82
2022-07-04,Solano,095,438530,95748,95181,6898,102079,455
2022-07-04,Sonoma,097,501317,98498,98031,4462,102493,495
2022-07-04,Stanislaus,099,539301,126916,126492,19456,145948,1682
2022-07-04,Sutter,101,95872,22110,22089,2334,24423,228
2022-07-04,Tehama,103,63373,12755,12680,2753,15433,205
2022-07-04,Trinity,105,12862,1275,1263,312,1575,20
2022-07-04,Tulare,107,460477,112805,112684,30778,143462,1500
2022-07-04,Tuolumne,109,53932,14069,13960,774,14734,189
2022-07-04,Ventura,111,848112,191478,190794,12285,203079,1517
2022-07-04,Yolo,113,214977,44223,43171,3732,46903,324
2022-07-04,Yuba,115,75493,17306,17277,1469,18746,124
2022-07-03,Alameda,001,1643700,311893,307672,17421,325093,1898
2022-07-03,Alpine,003,1148,129,129,1,130,0
2022-07-03,Amador,005,37829,9334,9243,778,10021,87
2022-07-03,Butte,007,227075,36267,35846,7985,43831,436
2022-07-03,Calaveras,009,45235,7889,7836,421,8257,124
2022-07-03,Colusa,011,21464,3592,3566,1134,4700,22
2022-07-03,Contra Costa,013,1133247,227233,221545,17507,239052,1343
2022-07-03,Del Norte,015,27424,6712,6543,317,6860,53
2022-07-03,El Dorado,017,186661,30074,29764,3811,33575,217
2022-07-03,Fresno,019,978130,250314,247952,26787,274739,2783
2022-07-03,Glenn,021,27897,5257,5211,1743,6954,48
2022-07-03,Humboldt,023,135768,19675,19516,4039,23555,149
2022-07-03,Imperial,025,180216,59471,58768,11938,70706,944
2022-07-03,Inyo,027,18085,4301,4261,687,4948,56
2022-07-03,Kern,029,883053,204159,202502,51876,254378,2352
2022-07-03,Kings,031,150075,54586,54262,3663,57925,449
2022-07-03,Lake,033,64148,11691,11595,1027,12622,140
2022-07-03,Lassen,035,31185,9355,9336,931,10267,64
2022-07-03,Los Angeles,037,10098052,3004789,2969395,148860,3118255,32089
2022-07-03,Madera,039,155013,39991,39738,6861,46599,372
2022-07-03,Marin,041,260295,41220,40653,4688,45341,297
2022-07-03,Mariposa,043,17540,2812,2780,273,3053,30
2022-07-03,Mendocino,045,87422,14605,14464,3813,18277,127
2022-07-03,Merced,047,269075,66798,66093,9822,75915,832
2022-07-03,Modoc,049,8938,793,787,280,1067,8
2022-07-03,Mono,051,14174,3121,3099,190,3289,7
2022-07-03,Monterey,053,433212,86939,86212,17322,103534,744
2022-07-03,Napa,055,140530,29808,29486,1287,30773,145
2022-07-03,Nevada,057,99092,17714,17546,1514,19060,131
2022-07-03,Orange,059,3164182,608946,603511,50957,654468,7114
2022-07-03,Placer,061,380077,70399,69606,8604,78210,631
2022-07-03,Plumas,063,18699,3323,3294,402,3696,13
2022-07-03,Riverside,065,2383286,637829,632038,30910,662948,6502
2022-07-03,Sacramento,067,1510023,318064,315165,30782,345947,3100
2022-07-03,San Benito,069,59416,14588,14420,736,15156,100
2022-07-03,San Bernardino,071,2135413,615751,604093,27067,631160,7860
2022-07-03,San Diego,073,3302833,842098,834116,62750,896866,5341
2022-07-03,San Francisco,075,870044,161235,158871,10641,169512,910
2022-07-03,San Joaquin,077,732212,181881,180368,12073,192441,2256
2022-07-03,San Luis Obispo,079,281455,58634,58079,5718,63797,489
2022-07-03,San Mateo,081,765935,152052,149812,9643,159455,723
2022-07-03,Santa Barbara,083,443738,96130,95214,5657,100871,699
2022-07-03,Santa Clara,085,1922200,387124,381630,16766,398396,2355
2022-07-03,Santa Cruz,087,273765,56514,55757,2823,58580,267
2022-07-03,Shasta,089,179085,32543,32280,6581,38861,570
2022-07-03,Sierra,091,2930,288,283,57,340,4
2022-07-03,Siskiyou,093,43540,4854,4808,3020,7828,82
2022-07-03,Solano,095,438530,95673,94437,6893,101330,455
2022-07-03,Sonoma,097,501317,98388,97379,4457,101836,495
2022-07-03,Stanislaus,099,539301,126796,125788,19441,145229,1681
2022-07-03,Sutter,101,95872,22089,21935,2333,24268,228
2022-07-03,Tehama,103,63373,12737,12615,2751,15366,205
2022-07-03,Trinity,105,12862,1274,1256,309,1565,20
2022-07-03,Tulare,107,460477,112707,112118,30740,142858,1500
2022-07-03,Tuolumne,109,53932,14046,13886,771,14657,189
2022-07-03,Ventura,111,848112,191267,189493,12264,201757,1517
2022-07-03,Yolo,113,214977,44180,42760,3722,46482,324
2022-07-03,Yuba,115,75493,17292,17168,1468,18636,124
2022-07-02,Alameda,001,1643700,311514,307672,17393,325065,1898
2022-07-02,Alpine,003,1148,129,129,1,130,0
2022-07-02,Amador,005,37829,9318,9243,777,10020,87
2022-07-02,Butte,007,227075,36242,35846,7972,43818,436
2022-07-02,Calaveras,009,45235,7883,7836,421,8257,124
2022-07-02,Colusa,011,21464,3588,3566,1132,4698,22
2022-07-02,Contra Costa,013,1133247,226887,221545,17455,239000,1343
2022-07-02,Del Norte,015,27424,6702,6543,317,6860,53
2022-07-02,El Dorado,017,186661,30040,29764,3807,33571,217
2022-07-02,Fresno,019,978130,250088,247952,26750,274702,2783
2022-07-02,Glenn,021,27897,5252,5211,1742,6953,48
2022-07-02,Humboldt,023,135768,19649,19516,4035,23551,149
2022-07-02,Imperial,025,180216,59393,58768,11917,70685,944
2022-07-02,Inyo,027,18085,4297,4261,685,4946,56
2022-07-02,Kern,029,883053,204006,202502,51716,254218,2352
2022-07-02,Kings,031,150075,54541,54262,3663,57925,449
2022-07-02,Lake,033,64148,11682,11595,1025,12620,140
2022-07-02,Lassen,035,31185,9354,9336,930,10266,64
2022-07-02,Los Angeles,037,10098052,3002076,2969395,148435,3117830,32089
2022-07-02,Madera,039,155013,39961,39738,6857,46595,372
2022-07-02,Marin,041,260295,41158,40653,4671,45324,297
2022-07-02,Mariposa,043,17540,2808,2780,272,3052,30
2022-07-02,Mendocino,045,87422,14577,14464,3813,18277,127
2022-07-02,Merced,047,269075,66739,66093,9813,75906,832
2022-07-02,Modoc,049,8938,793,787,279,1066,8
2022-07-02,Mono,051,14174,3118,3099,190,3289,7
2022-07-02,Monterey,053,433212,86849,86212,17284,103496,744
2022-07-02,Napa,055,140530,29779,29486,1286,30772,145
2022-07-02,Nevada,057,99092,17699,17546,1508,19054,131
2022-07-02,Orange,059,3164182,608296,603511,50801,654312,7114
2022-07-02,Placer,061,380077,70307,69606,8590,78196,631
2022-07-02,Plumas,063,18699,3314,3294,402,3696,13
2022-07-02,Riverside,065,2383286,637234,632038,30865,662903,6502
2022-07-02,Sacramento,067,1510023,317730,315165,30759,345924,3100
2022-07-02,San Benito,069,59416,14569,14420,727,15147,100
2022-07-02,San Bernardino,071,2135413,615213,604093,27032,631125,7860
2022-07-02,San Diego,073,3302833,841292,834116,62687,896803,5341
2022-07-02,San Francisco,075,870044,160951,158871,10617,169488,910
2022-07-02,San Joaquin,077,732212,181749,180368,12047,192415,2256
2022-07-02,San Luis Obispo,079,281455,58585,58079,5704,63783,489
2022-07-02,San Mateo,081,765935,151795,149812,9623,159435,723
2022-07-02,Santa Barbara,083,443738,96003,95214,5646,100860,699
2022-07-02,Santa Clara,085,1922200,386388,381630,16736,398366,2355
2022-07-02,Santa Cruz,087,273765,56455,55757,2813,58570,267
2022-07-02,Shasta,089,179085,32514,32280,6570,38850,570
2022-07-02,Sierra,091,2930,288,283,57,340,4
2022-07-02,Siskiyou,093,43540,4847,4808,3019,7827,82
2022-07-02,Solano,095,438530,95602,94437,6879,101316,455
2022-07-02,Sonoma,097,501317,98283,97379,4449,101828,495
2022-07-02,Stanislaus,099,539301,126677,125788,19425,145213,1681
2022-07-02,Sutter,101,95872,22070,21935,2333,24268,228
2022-07-02,Tehama,103,63373,12714,12615,2750,15365,205
2022-07-02,Trinity,105,12862,1272,1256,308,1564,20
2022-07-02,Tulare,107,460477,112605,112118,30698,142816,1500
2022-07-02,Tuolumne,109,53932,14033,13886,762,14648,189
2022-07-02,Ventura,111,848112,191095,189493,12239,201732,1517
2022-07-02,Yolo,113,214977,44135,42760,3715,46475,324
2022-07-02,Yuba,115,75493,17280,17168,1468,18636,124
2022-07-01,Alameda,001,1643700,311031,307672,17365,325037,1898
2022-07-01,Alpine,003,1148,129,129,1,130,0
2022-07-01,Amador,005,37829,9313,9243,775,10018,87
2022-07-01,Butte,007,227075,36215,35846,7954,43800,436
2022-07-01,Calaveras,009,45235,7872,7836,421,8257,124
2022-07-01,Colusa,011,21464,3585,3566,1132,4698,22
2022-07-01,Contra Costa,013,1133247,226585,221545,17412,238957,1343
2022-07-01,Del Norte,015,27424,6682,6543,315,6858,53
2022-07-01,El Dorado,017,186661,30015,29764,3799,33563,217
2022-07-01,Fresno,019,978130,249801,247952,26695,274647,2783
2022-07-01,Glenn,021,27897,5252,5211,1742,6953,48
2022-07-01,Humboldt,023,135768,19627,19516,4026,23542,149
2022-07-01,Imperial,025,180216,59317,58768,11890,70658,944
2022-07-01,Inyo,027,18085,4290,4261,679,4940,56
2022-07-01,Kern,029,883053,203800,202502,51581,254083,2352
2022-07-01,Kings,031,150075,54508,54262,3659,57921,449
2022-07-01,Lake,033,64148,11671,11595,1024,12619,140
2022-07-01,Lassen,035,31185,9351,9336,930,10266,64
2022-07-01,Los Angeles,037,10098052,2998604,2969395,147924,3117319,32089
2022-07-01,Madera,039,155013,39918,39738,6843,46581,372
2022-07-01,Marin,041,260295,41085,40653,4658,45311,297
2022-07-01,Mariposa,043,17540,2806,2780,271,3051,30
2022-07-01,Mendocino,045,87422,14557,14464,3809,18273,127
2022-07-01,Merced,047,269075,66655,66093,9809,75902,832
2022-07-01,Modoc,049,8938,793,787,278,1065,8
2022-07-01,Mono,051,14174,3110,3099,189,3288,7
2022-07-01,Monterey,053,433212,86766,86212,17253,103465,744
2022-07-01,Napa,055,140530,29735,29486,1286,30772,145
2022-07-01,Nevada,057,99092,17679,17546,1503,19049,131
2022-07-01,Orange,059,3164182,607583,603511,50645,654156,7114
2022-07-01,Placer,061,380077,70240,69606,8569,78175,631
2022-07-01,Plumas,063,18699,3312,3294,402,3696,13
2022-07-01,Riverside,065,2383286,636519,632038,30812,662850,6502
2022-07-01,Sacramento,067,1510023,317350,315165,30742,345907,3100
2022-07-01,San Benito,069,59416,14551,14420,726,15146,100
2022-07-01,San Bernardino,071,2135413,614565,604093,26998,631091,7860
2022-07-01,San Diego,073,3302833,840256,834116,62548,896664,5341
2022-07-01,San Francisco,075,870044,160676,158871,10577,169448,910
2022-07-01,San Joaquin,077,732212,181607,180368,12015,192383,2256
2022-07-01,San Luis Obispo,079,281455,58557,58079,5692,63771,489
2022-07-01,San Mateo,081,765935,151519,149812,9603,159415,723
2022-07-01,Santa Barbara,083,443738,95887,95214,5637,100851,699
2022-07-01,Santa Clara,085,1922200,385689,381630,16700,398330,2355
2022-07-01,Santa Cruz,087,273765,56389,55757,2800,58557,267
2022-07-01,Shasta,089,179085,32494,32280,6560,38840,570
2022-07-01,Sierra,091,2930,288,283,57,340,4
2022-07-01,Siskiyou,093,43540,4843,4808,3017,7825,82
2022-07-01,Solano,095,438530,95436,94437,6865,101302,455
2022-07-01,Sonoma,097,501317,98163,97379,4430,101809,495
2022-07-01,Stanislaus,099,539301,126548,125788,19399,145187,1681
2022-07-01,Sutter,101,95872,22041,21935,2333,24268,228
2022-07-01,Tehama,103,63373,12705,12615,2748,15363,205
2022-07-01,Trinity,105,12862,1271,1256,308,1564,20
2022-07-01,Tulare,107,460477,112509,112118,30656,142774,1500
2022-07-01,Tuolumne,109,53932,14014,13886,755,14641,189
2022-07-01,Ventura,111,848112,190884,189493,12203,201696,1517
2022-07-01,Yolo,113,214977,44100,42760,3700,46460,324
2022-07-01,Yuba,115,75493,17259,17168,1468,18636,124
2022-06-30,Alameda,001,1643700,310208,307672,17310,324982,1898
2022-06-30,Alpine,003,1148,129,129,1,130,0
2022-06-30,Amador,005,37829,9303,9243,772,10015,87
2022-06-30,Butte,007,227075,36165,35846,7937,43783,436
2022-06-30,Calaveras,009,45235,7861,7836,420,8256,124
2022-06-30,Colusa,011,21464,3581,3566,1130,4696,22
2022-06-30,Contra Costa,013,1133247,226035,221545,17341,238886,1343
2022-06-30,Del Norte,015,27424,6665,6543,312,6855,53
2022-06-30,El Dorado,017,186661,29970,29764,3790,33554,217
2022-06-30,Fresno,019,978130,249404,247952,26649,274601,2783
2022-06-30,Glenn,021,27897,5249,5211,1742,6953,48
2022-06-30,Humboldt,023,135768,19590,19516,4020,23536,149
2022-06-30,Imperial,025,180216,59203,58768,11858,70626,944
2022-06-30,Inyo,027,18085,4284,4261,679,4940,56
2022-06-30,Kern,029,883053,203482,202502,51397,253899,2352
2022-06-30,Kings,031,150075,54432,54262,3656,57918,449
2022-06-30,Lake,033,64148,11652,11595,1021,12616,140
2022-06-30,Lassen,035,31185,9348,9336,929,10265,64
2022-06-30,Los Angeles,037,10098052,2993219,2969395,147332,3116727,32089
2022-06-30,Madera,039,155013,39852,39738,6816,46554,372
2022-06-30,Marin,041,260295,41001,40653,4651,45304,297
2022-06-30,Mariposa,043,17540,2799,2780,269,3049,30
2022-06-30,Mendocino,045,87422,14541,14464,3803,18267,127
2022-06-30,Merced,047,269075,66555,66093,9792,75885,832
2022-06-30,Modoc,049,8938,792,787,277,1064,8
2022-06-30,Mono,051,14174,3108,3099,188,3287,7
2022-06-30,Monterey,053,433212,86618,86212,17190,103402,744
2022-06-30,Napa,055,140530,29677,29486,1280,30766,145
2022-06-30,Nevada,057,99092,17651,17546,1496,19042,131
2022-06-30,Orange,059,3164182,606417,603511,50454,653965,7114
2022-06-30,Placer,061,380077,70091,69606,8552,78158,631
2022-06-30,Plumas,063,18699,3307,3294,401,3695,13
2022-06-30,Riverside,065,2383286,635419,632038,30742,662780,6502
2022-06-30,Sacramento,067,1510023,316766,315165,30701,345866,3100
2022-06-30,San Benito,069,59416,14515,14420,723,15143,100
2022-06-30,San Bernardino,071,2135413,613516,604093,26956,631049,7860
2022-06-30,San Diego,073,3302833,838737,834116,62337,896453,5341
2022-06-30,San Francisco,075,870044,160256,158871,10547,169418,910
2022-06-30,San Joaquin,077,732212,181327,180368,11983,192351,2256
2022-06-30,San Luis Obispo,079,281455,58457,58079,5664,63743,489
2022-06-30,San Mateo,081,765935,151108,149812,9569,159381,723
2022-06-30,Santa Barbara,083,443738,95689,95214,5625,100839,699
2022-06-30,Santa Clara,085,1922200,384591,381630,16656,398286,2355
2022-06-30,Santa Cruz,087,273765,56270,55757,2786,58543,267
2022-06-30,Shasta,089,179085,32454,32280,6541,38821,570
2022-06-30,Sierra,091,2930,288,283,57,340,4
2022-06-30,Siskiyou,093,43540,4835,4808,3010,7818,82
2022-06-30,Solano,095,438530,95236,94437,6836,101273,455
2022-06-30,Sonoma,097,501317,97999,97379,4409,101788,495
2022-06-30,Stanislaus,099,539301,126353,125788,19369,145157,1681
2022-06-30,Sutter,101,95872,22008,21935,2331,24266,228
2022-06-30,Tehama,103,63373,12684,12615,2745,15360,205
2022-06-30,Trinity,105,12862,1265,1256,306,1562,20
2022-06-30,Tulare,107,460477,112360,112118,30580,142698,1500
2022-06-30,Tuolumne,109,53932,13995,13886,749,14635,189
2022-06-30,Ventura,111,848112,190540,189493,12128,201621,1517
2022-06-30,Yolo,113,214977,44029,42760,3682,46442,324
2022-06-30,Yuba,115,75493,17231,17168,1462,18630,124
2022-06-29,Alameda,001,1643700,309408,305288,17269,322557,1895
2022-06-29,Alpine,003,1148,129,129,1,130,0
2022-06-29,Amador,005,37829,9296,9205,772,9977,87
2022-06-29,Butte,007,227075,36118,35651,7921,43572,434
2022-06-29,Calaveras,009,45235,7849,7798,417,8215,124
2022-06-29,Colusa,011,21464,3578,3548,1128,4676,22
2022-06-29,Contra Costa,013,1133247,225551,219921,17287,237208,1339
2022-06-29,Del Norte,015,27424,6640,6484,308,6792,53
2022-06-29,El Dorado,017,186661,29912,29549,3774,33323,216
2022-06-29,Fresno,019,978130,249013,246740,26585,273325,2777
2022-06-29,Glenn,021,27897,5248,5192,1740,6932,48
2022-06-29,Humboldt,023,135768,19564,19411,4010,23421,149
2022-06-29,Imperial,025,180216,59084,58498,11811,70309,944
2022-06-29,Inyo,027,18085,4280,4243,674,4917,56
2022-06-29,Kern,029,883053,203197,201537,51220,252757,2343
2022-06-29,Kings,031,150075,54342,54031,3654,57685,448
2022-06-29,Lake,033,64148,11625,11548,1017,12565,140
2022-06-29,Lassen,035,31185,9343,9310,929,10239,64
2022-06-29,Los Angeles,037,10098052,2987609,2955489,146738,3102227,32062
2022-06-29,Madera,039,155013,39801,39554,6807,46361,372
2022-06-29,Marin,041,260295,40897,40397,4645,45042,297
2022-06-29,Mariposa,043,17540,2797,2753,269,3022,30
2022-06-29,Mendocino,045,87422,14512,14383,3787,18170,127
2022-06-29,Merced,047,269075,66461,65733,9780,75513,830
2022-06-29,Modoc,049,8938,790,780,276,1056,8
2022-06-29,Mono,051,14174,3108,3081,186,3267,7
2022-06-29,Monterey,053,433212,86487,85711,17140,102851,743
2022-06-29,Napa,055,140530,29625,29285,1276,30561,144
2022-06-29,Nevada,057,99092,17617,17439,1492,18931,129
2022-06-29,Orange,059,3164182,605254,599951,50288,650239,7095
2022-06-29,Placer,061,380077,69956,69244,8543,77787,629
2022-06-29,Plumas,063,18699,3304,3267,399,3666,13
2022-06-29,Riverside,065,2383286,634362,629035,30675,659710,6493
2022-06-29,Sacramento,067,1510023,316175,313224,30653,343877,3082
2022-06-29,San Benito,069,59416,14479,14302,715,15017,100
2022-06-29,San Bernardino,071,2135413,612517,600960,26860,627820,7825
2022-06-29,San Diego,073,3302833,837007,828907,62103,891010,5336
2022-06-29,San Francisco,075,870044,159775,157419,10513,167932,902
2022-06-29,San Joaquin,077,732212,181034,179476,11947,191423,2252
2022-06-29,San Luis Obispo,079,281455,58322,57783,5626,63409,486
2022-06-29,San Mateo,081,765935,150730,148533,9548,158081,723
2022-06-29,Santa Barbara,083,443738,95538,94683,5614,100297,699
2022-06-29,Santa Clara,085,1922200,383598,378000,16598,394598,2348
2022-06-29,Santa Cruz,087,273765,56145,55432,2772,58204,266
2022-06-29,Shasta,089,179085,32407,32106,6525,38631,570
2022-06-29,Sierra,091,2930,286,283,57,340,4
2022-06-29,Siskiyou,093,43540,4827,4773,3009,7782,82
2022-06-29,Solano,095,438530,95010,92975,6818,99793,455
2022-06-29,Sonoma,097,501317,97816,96854,4397,101251,493
2022-06-29,Stanislaus,099,539301,126177,125189,19339,144528,1674
2022-06-29,Sutter,101,95872,21955,21836,2326,24162,227
2022-06-29,Tehama,103,63373,12665,12561,2744,15305,205
2022-06-29,Trinity,105,12862,1263,1245,305,1550,20
2022-06-29,Tulare,107,460477,112227,111707,30507,142214,1499
2022-06-29,Tuolumne,109,53932,13971,13779,733,14512,189
2022-06-29,Ventura,111,848112,190233,188519,12064,200583,1514
2022-06-29,Yolo,113,214977,43927,42410,3671,46081,323
2022-06-29,Yuba,115,75493,17202,17082,1460,18542,124
2022-06-28,Alameda,001,1643700,308566,305288,17232,322520,1895
2022-06-28,Alpine,003,1148,129,129,1,130,0
2022-06-28,Amador,005,37829,9291,9205,771,9976,87
2022-06-28,Butte,007,227075,36052,35651,7903,43554,434
2022-06-28,Calaveras,009,45235,7837,7798,417,8215,124
2022-06-28,Colusa,011,21464,3577,3548,1127,4675,22
2022-06-28,Contra Costa,013,1133247,224946,219921,17224,237145,1339
2022-06-28,Del Norte,015,27424,6603,6484,306,6790,53
2022-06-28,El Dorado,017,186661,29864,29549,3763,33312,216
2022-06-28,Fresno,019,978130,248580,246740,26529,273269,2777
2022-06-28,Glenn,021,27897,5240,5192,1735,6927,48
2022-06-28,Humboldt,023,135768,19544,19411,4003,23414,149
2022-06-28,Imperial,025,180216,58988,58498,11733,70231,944
2022-06-28,Inyo,027,18085,4274,4243,668,4911,56
2022-06-28,Kern,029,883053,202903,201537,51007,252544,2343
2022-06-28,Kings,031,150075,54261,54031,3649,57680,448
2022-06-28,Lake,033,64148,11614,11548,1015,12563,140
2022-06-28,Lassen,035,31185,9336,9310,929,10239,64
2022-06-28,Los Angeles,037,10098052,2981694,2955489,146135,3101624,32062
2022-06-28,Madera,039,155013,39742,39554,6790,46344,372
2022-06-28,Marin,041,260295,40789,40397,4638,45035,297
2022-06-28,Mariposa,043,17540,2789,2753,267,3020,30
2022-06-28,Mendocino,045,87422,14484,14383,3775,18158,127
2022-06-28,Merced,047,269075,66359,65733,9762,75495,830
2022-06-28,Modoc,049,8938,788,780,275,1055,8
2022-06-28,Mono,051,14174,3101,3081,184,3265,7
2022-06-28,Monterey,053,433212,86362,85711,17093,102804,743
2022-06-28,Napa,055,140530,29557,29285,1273,30558,144
2022-06-28,Nevada,057,99092,17586,17439,1488,18927,129
2022-06-28,Orange,059,3164182,603906,599951,50110,650061,7095
2022-06-28,Placer,061,380077,69793,69244,8534,77778,629
2022-06-28,Plumas,063,18699,3304,3267,398,3665,13
2022-06-28,Riverside,065,2383286,633165,629035,30628,659663,6493
2022-06-28,Sacramento,067,1510023,315503,313224,30596,343820,3082
2022-06-28,San Benito,069,59416,14440,14302,714,15016,100
2022-06-28,San Bernardino,071,2135413,611397,600960,26814,627774,7825
2022-06-28,San Diego,073,3302833,835148,828907,61862,890769,5336
2022-06-28,San Francisco,075,870044,159259,157419,10489,167908,902
2022-06-28,San Joaquin,077,732212,180724,179476,11912,191388,2252
2022-06-28,San Luis Obispo,079,281455,58203,57783,5589,63372,486
2022-06-28,San Mateo,081,765935,150279,148533,9521,158054,723
2022-06-28,Santa Barbara,083,443738,95368,94683,5597,100280,699
2022-06-28,Santa Clara,085,1922200,382485,378000,16542,394542,2348
2022-06-28,Santa Cruz,087,273765,56013,55432,2764,58196,266
2022-06-28,Shasta,089,179085,32360,32106,6512,38618,570
2022-06-28,Sierra,091,2930,286,283,57,340,4
2022-06-28,Siskiyou,093,43540,4820,4773,3003,7776,82
2022-06-28,Solano,095,438530,94740,92975,6801,99776,455
2022-06-28,Sonoma,097,501317,97606,96854,4381,101235,493
2022-06-28,Stanislaus,099,539301,125975,125189,19317,144506,1674
2022-06-28,Sutter,101,95872,21919,21836,2324,24160,227
2022-06-28,Tehama,103,63373,12645,12561,2740,15301,205
2022-06-28,Trinity,105,12862,1260,1245,303,1548,20
2022-06-28,Tulare,107,460477,112041,111707,30433,142140,1499
2022-06-28,Tuolumne,109,53932,13940,13779,727,14506,189
2022-06-28,Ventura,111,848112,189910,188519,11985,200504,1514
2022-06-28,Yolo,113,214977,43814,42410,3665,46075,323
2022-06-28,Yuba,115,75493,17167,17082,1456,18538,124
2022-06-27,Alameda,001,1643700,307634,305288,17178,322466,1895
2022-06-27,Alpine,003,1148,129,129,1,130,0
2022-06-27,Amador,005,37829,9276,9205,769,9974,87
2022-06-27,Butte,007,227075,35998,35651,7883,43534,434
2022-06-27,Calaveras,009,45235,7823,7798,417,8215,124
2022-06-27,Colusa,011,21464,3573,3548,1125,4673,22
2022-06-27,Contra Costa,013,1133247,224266,219921,17160,237081,1339
2022-06-27,Del Norte,015,27424,6583,6484,300,6784,53
2022-06-27,El Dorado,017,186661,29799,29549,3745,33294,216
2022-06-27,Fresno,019,978130,248113,246740,26462,273202,2777
2022-06-27,Glenn,021,27897,5234,5192,1728,6920,48
2022-06-27,Humboldt,023,135768,19509,19411,3991,23402,149
2022-06-27,Imperial,025,180216,58848,58498,11667,70165,944
2022-06-27,Inyo,027,18085,4264,4243,659,4902,56
2022-06-27,Kern,029,883053,202545,201537,50799,252336,2343
2022-06-27,Kings,031,150075,54174,54031,3646,57677,448
2022-06-27,Lake,033,64148,11595,11548,1010,12558,140
2022-06-27,Lassen,035,31185,9327,9310,929,10239,64
2022-06-27,Los Angeles,037,10098052,2975491,2955489,145573,3101062,32062
2022-06-27,Madera,039,155013,39677,39554,6778,46332,372
2022-06-27,Marin,041,260295,40683,40397,4625,45022,297
2022-06-27,Mariposa,043,17540,2780,2753,265,3018,30
2022-06-27,Mendocino,045,87422,14454,14383,3769,18152,127
2022-06-27,Merced,047,269075,66250,65733,9726,75459,830
2022-06-27,Modoc,049,8938,783,780,274,1054,8
2022-06-27,Mono,051,14174,3100,3081,184,3265,7
2022-06-27,Monterey,053,433212,86212,85711,17032,102743,743
2022-06-27,Napa,055,140530,29487,29285,1270,30555,144
2022-06-27,Nevada,057,99092,17556,17439,1474,18913,129
2022-06-27,Orange,059,3164182,602548,599951,49891,649842,7095
2022-06-27,Placer,061,380077,69680,69244,8510,77754,629
2022-06-27,Plumas,063,18699,3299,3267,397,3664,13
2022-06-27,Riverside,065,2383286,632016,629035,30562,659597,6493
2022-06-27,Sacramento,067,1510023,314780,313224,30547,343771,3082
2022-06-27,San Benito,069,59416,14385,14302,711,15013,100
2022-06-27,San Bernardino,071,2135413,610283,600960,26767,627727,7825
2022-06-27,San Diego,073,3302833,833223,828907,61634,890541,5336
2022-06-27,San Francisco,075,870044,158715,157419,10463,167882,902
2022-06-27,San Joaquin,077,732212,180382,179476,11870,191346,2252
2022-06-27,San Luis Obispo,079,281455,58089,57783,5552,63335,486
2022-06-27,San Mateo,081,765935,149811,148533,9485,158018,723
2022-06-27,Santa Barbara,083,443738,95181,94683,5583,100266,699
2022-06-27,Santa Clara,085,1922200,381061,378000,16487,394487,2348
2022-06-27,Santa Cruz,087,273765,55843,55432,2756,58188,266
2022-06-27,Shasta,089,179085,32299,32106,6494,38600,570
2022-06-27,Sierra,091,2930,286,283,57,340,4
2022-06-27,Siskiyou,093,43540,4810,4773,2996,7769,82
2022-06-27,Solano,095,438530,94430,92975,6769,99744,455
2022-06-27,Sonoma,097,501317,97413,96854,4362,101216,493
2022-06-27,Stanislaus,099,539301,125748,125189,19296,144485,1674
2022-06-27,Sutter,101,95872,21879,21836,2321,24157,227
2022-06-27,Tehama,103,63373,12623,12561,2738,15299,205
2022-06-27,Trinity,105,12862,1258,1245,301,1546,20
2022-06-27,Tulare,107,460477,111861,111707,30347,142054,1499
2022-06-27,Tuolumne,109,53932,13905,13779,718,14497,189
2022-06-27,Ventura,111,848112,189530,188519,11923,200442,1514
2022-06-27,Yolo,113,214977,43688,42410,3657,46067,323
2022-06-27,Yuba,115,75493,17139,17082,1453,18535,124
2022-06-26,Alameda,001,1643700,306556,302071,17121,319192,1891
2022-06-26,Alpine,003,1148,129,129,1,130,0
2022-06-26,Amador,005,37829,9237,9135,767,9902,87
2022-06-26,Butte,007,227075,35925,35406,7858,43264,433
2022-06-26,Calaveras,009,45235,7808,7754,414,8168,124
2022-06-26,Colusa,011,21464,3564,3540,1121,4661,22
2022-06-26,Contra Costa,013,1133247,223642,218053,17076,235129,1335
2022-06-26,Del Norte,015,27424,6561,6398,296,6694,52
2022-06-26,El Dorado,017,186661,29715,29313,3720,33033,216
2022-06-26,Fresno,019,978130,247576,245118,26400,271518,2777
2022-06-26,Glenn,021,27897,5229,5178,1725,6903,48
2022-06-26,Humboldt,023,135768,19474,19234,3980,23214,149
2022-06-26,Imperial,025,180216,58703,58127,11574,69701,944
2022-06-26,Inyo,027,18085,4253,4228,646,4874,56
2022-06-26,Kern,029,883053,202238,200556,50597,251153,2344
2022-06-26,Kings,031,150075,54066,53783,3643,57426,448
2022-06-26,Lake,033,64148,11576,11471,1008,12479,140
2022-06-26,Lassen,035,31185,9318,9287,929,10216,64
2022-06-26,Los Angeles,037,10098052,2968909,2936815,144942,3081757,32036
2022-06-26,Madera,039,155013,39608,39319,6758,46077,372
2022-06-26,Marin,041,260295,40562,39979,4604,44583,297
2022-06-26,Mariposa,043,17540,2772,2713,265,2978,30
2022-06-26,Mendocino,045,87422,14425,14292,3743,18035,127
2022-06-26,Merced,047,269075,66118,65408,9698,75106,828
2022-06-26,Modoc,049,8938,782,777,272,1049,8
2022-06-26,Mono,051,14174,3090,3076,184,3260,7
2022-06-26,Monterey,053,433212,86040,85275,16971,102246,743
2022-06-26,Napa,055,140530,29407,29054,1267,30321,144
2022-06-26,Nevada,057,99092,17512,17339,1470,18809,129
2022-06-26,Orange,059,3164182,601063,595761,49685,645446,7090
2022-06-26,Placer,061,380077,69544,68785,8487,77272,628
2022-06-26,Plumas,063,18699,3287,3241,397,3638,13
2022-06-26,Riverside,065,2383286,630790,625794,30505,656299,6493
2022-06-26,Sacramento,067,1510023,313960,310837,30478,341315,3077
2022-06-26,San Benito,069,59416,14340,14192,708,14900,99
2022-06-26,San Bernardino,071,2135413,609077,598062,26708,624770,7803
2022-06-26,San Diego,073,3302833,831040,822848,61461,884309,5332
2022-06-26,San Francisco,075,870044,158081,155609,10411,166020,899
2022-06-26,San Joaquin,077,732212,180007,178447,11826,190273,2252
2022-06-26,San Luis Obispo,079,281455,57954,57472,5501,62973,485
2022-06-26,San Mateo,081,765935,149299,146955,9454,156409,723
2022-06-26,Santa Barbara,083,443738,94973,94017,5555,99572,699
2022-06-26,Santa Clara,085,1922200,379683,373961,16410,390371,2338
2022-06-26,Santa Cruz,087,273765,55686,54874,2747,57621,265
2022-06-26,Shasta,089,179085,32217,31921,6476,38397,570
2022-06-26,Sierra,091,2930,285,283,57,340,4
2022-06-26,Siskiyou,093,43540,4792,4744,2989,7733,81
2022-06-26,Solano,095,438530,94160,92248,6730,98978,455
2022-06-26,Sonoma,097,501317,97179,95981,4326,100307,493
2022-06-26,Stanislaus,099,539301,125547,124493,19268,143761,1672
2022-06-26,Sutter,101,95872,21839,21733,2320,24053,227
2022-06-26,Tehama,103,63373,12606,12510,2732,15242,205
2022-06-26,Trinity,105,12862,1253,1233,299,1532,20
2022-06-26,Tulare,107,460477,111681,111188,30265,141453,1496
2022-06-26,Tuolumne,109,53932,13877,13688,711,14399,189
2022-06-26,Ventura,111,848112,189135,187389,11844,199233,1514
2022-06-26,Yolo,113,214977,43573,41932,3643,45575,323
2022-06-26,Yuba,115,75493,17102,16994,1444,18438,124
2022-06-25,Alameda,001,1643700,306088,302071,17107,319178,1891
2022-06-25,Alpine,003,1148,129,129,1,130,0
2022-06-25,Amador,005,37829,9227,9135,766,9901,87
2022-06-25,Butte,007,227075,35886,35406,7836,43242,433
2022-06-25,Calaveras,009,45235,7799,7754,414,8168,124
2022-06-25,Colusa,011,21464,3559,3540,1121,4661,22
2022-06-25,Contra Costa,013,1133247,223281,218053,17033,235086,1335
2022-06-25,Del Norte,015,27424,6547,6398,293,6691,52
2022-06-25,El Dorado,017,186661,29675,29313,3714,33027,216
2022-06-25,Fresno,019,978130,247346,245118,26375,271493,2777
2022-06-25,Glenn,021,27897,5224,5178,1723,6901,48
2022-06-25,Humboldt,023,135768,19453,19234,3969,23203,149
2022-06-25,Imperial,025,180216,58622,58127,11549,69676,944
2022-06-25,Inyo,027,18085,4251,4228,642,4870,56
2022-06-25,Kern,029,883053,202079,200556,50492,251048,2344
2022-06-25,Kings,031,150075,54029,53783,3643,57426,448
2022-06-25,Lake,033,64148,11567,11471,1007,12478,140
2022-06-25,Lassen,035,31185,9312,9287,927,10214,64
2022-06-25,Los Angeles,037,10098052,2965897,2936815,144559,3081374,32036
2022-06-25,Madera,039,155013,39575,39319,6755,46074,372
2022-06-25,Marin,041,260295,40509,39979,4597,44576,297
2022-06-25,Mariposa,043,17540,2770,2713,265,2978,30
2022-06-25,Mendocino,045,87422,14413,14292,3738,18030,127
2022-06-25,Merced,047,269075,66041,65408,9695,75103,828
2022-06-25,Modoc,049,8938,782,777,272,1049,8
2022-06-25,Mono,051,14174,3085,3076,184,3260,7
2022-06-25,Monterey,053,433212,85939,85275,16942,102217,743
2022-06-25,Napa,055,140530,29376,29054,1263,30317,144
2022-06-25,Nevada,057,99092,17488,17339,1466,18805,129
2022-06-25,Orange,059,3164182,600364,595761,49547,645308,7090
2022-06-25,Placer,061,380077,69449,68785,8467,77252,628
2022-06-25,Plumas,063,18699,3283,3241,397,3638,13
2022-06-25,Riverside,065,2383286,630147,625794,30463,656257,6493
2022-06-25,Sacramento,067,1510023,313650,310837,30452,341289,3077
2022-06-25,San Benito,069,59416,14315,14192,707,14899,99
2022-06-25,San Bernardino,071,2135413,608487,598062,26680,624742,7803
2022-06-25,San Diego,073,3302833,830134,822848,61397,884245,5332
2022-06-25,San Francisco,075,870044,157787,155609,10388,165997,899
2022-06-25,San Joaquin,077,732212,179858,178447,11812,190259,2252
2022-06-25,San Luis Obispo,079,281455,57883,57472,5491,62963,485
2022-06-25,San Mateo,081,765935,149025,146955,9431,156386,723
2022-06-25,Santa Barbara,083,443738,94830,94017,5542,99559,699
2022-06-25,Santa Clara,085,1922200,378831,373961,16382,390343,2338
2022-06-25,Santa Cruz,087,273765,55616,54874,2744,57618,265
2022-06-25,Shasta,089,179085,32179,31921,6462,38383,570
2022-06-25,Sierra,091,2930,285,283,57,340,4
2022-06-25,Siskiyou,093,43540,4789,4744,2986,7730,81
2022-06-25,Solano,095,438530,94075,92248,6710,98958,455
2022-06-25,Sonoma,097,501317,97068,95981,4315,100296,493
2022-06-25,Stanislaus,099,539301,125417,124493,19249,143742,1672
2022-06-25,Sutter,101,95872,21818,21733,2319,24052,227
2022-06-25,Tehama,103,63373,12595,12510,2727,15237,205
2022-06-25,Trinity,105,12862,1252,1233,297,1530,20
2022-06-25,Tulare,107,460477,111602,111188,30223,141411,1496
2022-06-25,Tuolumne,109,53932,13859,13688,708,14396,189
2022-06-25,Ventura,111,848112,188927,187389,11815,199204,1514
2022-06-25,Yolo,113,214977,43509,41932,3637,45569,323
2022-06-25,Yuba,115,75493,17081,16994,1443,18437,124
2022-06-24,Alameda,001,1643700,305515,302071,17073,319144,1891
2022-06-24,Alpine,003,1148,129,129,1,130,0
2022-06-24,Amador,005,37829,9220,9135,764,9899,87
2022-06-24,Butte,007,227075,35856,35406,7822,43228,433
2022-06-24,Calaveras,009,45235,7794,7754,413,8167,124
2022-06-24,Colusa,011,21464,3558,3540,1118,4658,22
2022-06-24,Contra Costa,013,1133247,222939,218053,17007,235060,1335
2022-06-24,Del Norte,015,27424,6536,6398,291,6689,52
2022-06-24,El Dorado,017,186661,29632,29313,3710,33023,216
2022-06-24,Fresno,019,978130,247059,245118,26340,271458,2777
2022-06-24,Glenn,021,27897,5222,5178,1723,6901,48
2022-06-24,Humboldt,023,135768,19422,19234,3964,23198,149
2022-06-24,Imperial,025,180216,58550,58127,11519,69646,944
2022-06-24,Inyo,027,18085,4249,4228,638,4866,56
2022-06-24,Kern,029,883053,201906,200556,50396,250952,2344
2022-06-24,Kings,031,150075,53985,53783,3639,57422,448
2022-06-24,Lake,033,64148,11556,11471,1007,12478,140
2022-06-24,Lassen,035,31185,9309,9287,926,10213,64
2022-06-24,Los Angeles,037,10098052,2962616,2936815,144232,3081047,32036
2022-06-24,Madera,039,155013,39529,39319,6749,46068,372
2022-06-24,Marin,041,260295,40433,39979,4585,44564,297
2022-06-24,Mariposa,043,17540,2763,2713,265,2978,30
2022-06-24,Mendocino,045,87422,14404,14292,3735,18027,127
2022-06-24,Merced,047,269075,66004,65408,9686,75094,828
2022-06-24,Modoc,049,8938,782,777,272,1049,8
2022-06-24,Mono,051,14174,3081,3076,183,3259,7
2022-06-24,Monterey,053,433212,85858,85275,16915,102190,743
2022-06-24,Napa,055,140530,29348,29054,1262,30316,144
2022-06-24,Nevada,057,99092,17472,17339,1460,18799,129
2022-06-24,Orange,059,3164182,599675,595761,49403,645164,7090
2022-06-24,Placer,061,380077,69373,68785,8455,77240,628
2022-06-24,Plumas,063,18699,3279,3241,397,3638,13
2022-06-24,Riverside,065,2383286,629501,625794,30419,656213,6493
2022-06-24,Sacramento,067,1510023,313255,310837,30430,341267,3077
2022-06-24,San Benito,069,59416,14302,14192,706,14898,99
2022-06-24,San Bernardino,071,2135413,607904,598062,26655,624717,7803
2022-06-24,San Diego,073,3302833,829097,822848,61318,884166,5332
2022-06-24,San Francisco,075,870044,157473,155609,10361,165970,899
2022-06-24,San Joaquin,077,732212,179679,178447,11787,190234,2252
2022-06-24,San Luis Obispo,079,281455,57838,57472,5486,62958,485
2022-06-24,San Mateo,081,765935,148693,146955,9418,156373,723
2022-06-24,Santa Barbara,083,443738,94699,94017,5539,99556,699
2022-06-24,Santa Clara,085,1922200,378006,373961,16333,390294,2338
2022-06-24,Santa Cruz,087,273765,55515,54874,2733,57607,265
2022-06-24,Shasta,089,179085,32149,31921,6453,38374,570
2022-06-24,Sierra,091,2930,285,283,57,340,4
2022-06-24,Siskiyou,093,43540,4781,4744,2985,7729,81
2022-06-24,Solano,095,438530,93923,92248,6696,98944,455
2022-06-24,Sonoma,097,501317,96929,95981,4298,100279,493
2022-06-24,Stanislaus,099,539301,125292,124493,19227,143720,1672
2022-06-24,Sutter,101,95872,21803,21733,2318,24051,227
2022-06-24,Tehama,103,63373,12580,12510,2721,15231,205
2022-06-24,Trinity,105,12862,1249,1233,297,1530,20
2022-06-24,Tulare,107,460477,111501,111188,30166,141354,1496
2022-06-24,Tuolumne,109,53932,13840,13688,702,14390,189
2022-06-24,Ventura,111,848112,188700,187389,11786,199175,1514
2022-06-24,Yolo,113,214977,43415,41932,3628,45560,323
2022-06-24,Yuba,115,75493,17063,16994,1443,18437,124
2022-06-23,Alameda,001,1643700,304699,302071,17013,319084,1891
2022-06-23,Alpine,003,1148,129,129,1,130,0
2022-06-23,Amador,005,37829,9211,9135,763,9898,87
2022-06-23,Butte,007,227075,35796,35406,7803,43209,433
2022-06-23,Calaveras,009,45235,7783,7754,412,8166,124
2022-06-23,Colusa,011,21464,3551,3540,1116,4656,22
2022-06-23,Contra Costa,013,1133247,222427,218053,16913,234966,1335
2022-06-23,Del Norte,015,27424,6504,6398,289,6687,52
2022-06-23,El Dorado,017,186661,29574,29313,3698,33011,216
2022-06-23,Fresno,019,978130,246655,245118,26280,271398,2777
2022-06-23,Glenn,021,27897,5219,5178,1714,6892,48
2022-06-23,Humboldt,023,135768,19400,19234,3960,23194,149
2022-06-23,Imperial,025,180216,58476,58127,11466,69593,944
2022-06-23,Inyo,027,18085,4246,4228,635,4863,56
2022-06-23,Kern,029,883053,201625,200556,50247,250803,2344
2022-06-23,Kings,031,150075,53926,53783,3636,57419,448
2022-06-23,Lake,033,64148,11535,11471,1007,12478,140
2022-06-23,Lassen,035,31185,9299,9287,925,10212,64
2022-06-23,Los Angeles,037,10098052,2957955,2936815,143693,3080508,32036
2022-06-23,Madera,039,155013,39468,39319,6734,46053,372
2022-06-23,Marin,041,260295,40319,39979,4561,44540,297
2022-06-23,Mariposa,043,17540,2751,2713,265,2978,30
2022-06-23,Mendocino,045,87422,14375,14292,3731,18023,127
2022-06-23,Merced,047,269075,65927,65408,9670,75078,828
2022-06-23,Modoc,049,8938,781,777,272,1049,8
2022-06-23,Mono,051,14174,3079,3076,182,3258,7
2022-06-23,Monterey,053,433212,85712,85275,16862,102137,743
2022-06-23,Napa,055,140530,29291,29054,1261,30315,144
2022-06-23,Nevada,057,99092,17439,17339,1460,18799,129
2022-06-23,Orange,059,3164182,598666,595761,49225,644986,7090
2022-06-23,Placer,061,380077,69235,68785,8435,77220,628
2022-06-23,Plumas,063,18699,3274,3241,395,3636,13
2022-06-23,Riverside,065,2383286,628580,625794,30370,656164,6493
2022-06-23,Sacramento,067,1510023,312651,310837,30386,341223,3077
2022-06-23,San Benito,069,59416,14271,14192,704,14896,99
2022-06-23,San Bernardino,071,2135413,607110,598062,26621,624683,7803
2022-06-23,San Diego,073,3302833,827626,822848,61120,883968,5332
2022-06-23,San Francisco,075,870044,157007,155609,10328,165937,899
2022-06-23,San Joaquin,077,732212,179402,178447,11761,190208,2252
2022-06-23,San Luis Obispo,079,281455,57749,57472,5454,62926,485
2022-06-23,San Mateo,081,765935,148345,146955,9383,156338,723
2022-06-23,Santa Barbara,083,443738,94534,94017,5511,99528,699
2022-06-23,Santa Clara,085,1922200,377024,373961,16286,390247,2338
2022-06-23,Santa Cruz,087,273765,55404,54874,2721,57595,265
2022-06-23,Shasta,089,179085,32107,31921,6441,38362,570
2022-06-23,Sierra,091,2930,284,283,57,340,4
2022-06-23,Siskiyou,093,43540,4775,4744,2978,7722,81
2022-06-23,Solano,095,438530,93676,92248,6654,98902,455
2022-06-23,Sonoma,097,501317,96732,95981,4278,100259,493
2022-06-23,Stanislaus,099,539301,125111,124493,19197,143690,1672
2022-06-23,Sutter,101,95872,21769,21733,2318,24051,227
2022-06-23,Tehama,103,63373,12571,12510,2718,15228,205
2022-06-23,Trinity,105,12862,1247,1233,297,1530,20
2022-06-23,Tulare,107,460477,111376,111188,30098,141286,1496
2022-06-23,Tuolumne,109,53932,13813,13688,690,14378,189
2022-06-23,Ventura,111,848112,188404,187389,11749,199138,1514
2022-06-23,Yolo,113,214977,43311,41932,3616,45548,323
2022-06-23,Yuba,115,75493,17042,16994,1437,18431,124
2022-06-22,Alameda,001,1643700,303874,299567,16954,316521,1888
2022-06-22,Alpine,003,1148,129,129,1,130,0
2022-06-22,Amador,005,37829,9205,9049,762,9811,87
2022-06-22,Butte,007,227075,35730,35203,7785,42988,433
2022-06-22,Calaveras,009,45235,7771,7716,412,8128,122
2022-06-22,Colusa,011,21464,3548,3529,1116,4645,21
2022-06-22,Contra Costa,013,1133247,221907,216355,16858,233213,1328
2022-06-22,Del Norte,015,27424,6486,6367,288,6655,52
2022-06-22,El Dorado,017,186661,29511,29139,3685,32824,215
2022-06-22,Fresno,019,978130,246234,244129,26225,270354,2772
2022-06-22,Glenn,021,27897,5217,5161,1709,6870,48
2022-06-22,Humboldt,023,135768,19348,19111,3940,23051,148
2022-06-22,Imperial,025,180216,58375,57866,11433,69299,944
2022-06-22,Inyo,027,18085,4241,4222,634,4856,56
2022-06-22,Kern,029,883053,201353,199721,50113,249834,2341
2022-06-22,Kings,031,150075,53862,53568,3632,57200,448
2022-06-22,Lake,033,64148,11518,11426,1001,12427,140
2022-06-22,Lassen,035,31185,9291,9259,923,10182,64
2022-06-22,Los Angeles,037,10098052,2952991,2925667,143237,3068904,32015
2022-06-22,Madera,039,155013,39411,39139,6715,45854,372
2022-06-22,Marin,041,260295,40216,39687,4555,44242,297
2022-06-22,Mariposa,043,17540,2745,2695,262,2957,30
2022-06-22,Mendocino,045,87422,14359,14201,3710,17911,127
2022-06-22,Merced,047,269075,65830,65120,9646,74766,827
2022-06-22,Modoc,049,8938,780,773,268,1041,8
2022-06-22,Mono,051,14174,3078,3073,180,3253,7
2022-06-22,Monterey,053,433212,85585,84752,16819,101571,742
2022-06-22,Napa,055,140530,29220,28894,1257,30151,144
2022-06-22,Nevada,057,99092,17420,17280,1450,18730,129
2022-06-22,Orange,059,3164182,597477,592215,49037,641252,7084
2022-06-22,Placer,061,380077,69119,68447,8425,76872,628
2022-06-22,Plumas,063,18699,3264,3220,395,3615,13
2022-06-22,Riverside,065,2383286,627731,623584,30314,653898,6491
2022-06-22,Sacramento,067,1510023,312026,309105,30350,339455,3071
2022-06-22,San Benito,069,59416,14246,14128,701,14829,99
2022-06-22,San Bernardino,071,2135413,606306,595517,26591,622108,7774
2022-06-22,San Diego,073,3302833,826023,815124,60935,876059,5318
2022-06-22,San Francisco,075,870044,156527,154213,10299,164512,897
2022-06-22,San Joaquin,077,732212,179144,177637,11736,189373,2251
2022-06-22,San Luis Obispo,079,281455,57659,57177,5419,62596,485
2022-06-22,San Mateo,081,765935,147937,145781,9360,155141,723
2022-06-22,Santa Barbara,083,443738,94387,93576,5497,99073,700
2022-06-22,Santa Clara,085,1922200,375936,370678,16176,386854,2340
2022-06-22,Santa Cruz,087,273765,55285,54525,2708,57233,265
2022-06-22,Shasta,089,179085,32062,31786,6426,38212,570
2022-06-22,Sierra,091,2930,284,283,57,340,4
2022-06-22,Siskiyou,093,43540,4768,4711,2975,7686,81
2022-06-22,Solano,095,438530,93427,91528,6589,98117,454
2022-06-22,Sonoma,097,501317,96520,95363,4257,99620,493
2022-06-22,Stanislaus,099,539301,124915,124023,19140,143163,1670
2022-06-22,Sutter,101,95872,21737,21649,2317,23966,227
2022-06-22,Tehama,103,63373,12561,12465,2716,15181,205
2022-06-22,Trinity,105,12862,1245,1223,297,1520,20
2022-06-22,Tulare,107,460477,111242,110768,30018,140786,1496
2022-06-22,Tuolumne,109,53932,13794,13596,684,14280,189
2022-06-22,Ventura,111,848112,188099,186601,11697,198298,1514
2022-06-22,Yolo,113,214977,43190,41689,3605,45294,323
2022-06-22,Yuba,115,75493,17022,16912,1433,18345,124
2022-06-21,Alameda,001,1643700,303075,299567,16919,316486,1888
2022-06-21,Alpine,003,1148,129,129,1,130,0
2022-06-21,Amador,005,37829,9198,9049,759,9808,87
2022-06-21,Butte,007,227075,35658,35203,7774,42977,433
2022-06-21,Calaveras,009,45235,7762,7716,411,8127,122
2022-06-21,Colusa,011,21464,3546,3529,1114,4643,21
2022-06-21,Contra Costa,013,1133247,221345,216355,16809,233164,1328
2022-06-21,Del Norte,015,27424,6455,6367,286,6653,52
2022-06-21,El Dorado,017,186661,29438,29139,3678,32817,215
2022-06-21,Fresno,019,978130,245798,244129,26159,270288,2772
2022-06-21,Glenn,021,27897,5210,5161,1707,6868,48
2022-06-21,Humboldt,023,135768,19296,19111,3927,23038,148
2022-06-21,Imperial,025,180216,58280,57866,11397,69263,944
2022-06-21,Inyo,027,18085,4236,4222,628,4850,56
2022-06-21,Kern,029,883053,201032,199721,49930,249651,2341
2022-06-21,Kings,031,150075,53787,53568,3631,57199,448
2022-06-21,Lake,033,64148,11495,11426,998,12424,140
2022-06-21,Lassen,035,31185,9281,9259,920,10179,64
2022-06-21,Los Angeles,037,10098052,2948176,2925667,142728,3068395,32015
2022-06-21,Madera,039,155013,39327,39139,6704,45843,372
2022-06-21,Marin,041,260295,40126,39687,4543,44230,297
2022-06-21,Mariposa,043,17540,2739,2695,261,2956,30
2022-06-21,Mendocino,045,87422,14330,14201,3701,17902,127
2022-06-21,Merced,047,269075,65730,65120,9614,74734,827
2022-06-21,Modoc,049,8938,777,773,267,1040,8
2022-06-21,Mono,051,14174,3076,3073,179,3252,7
2022-06-21,Monterey,053,433212,85429,84752,16777,101529,742
2022-06-21,Napa,055,140530,29167,28894,1256,30150,144
2022-06-21,Nevada,057,99092,17392,17280,1447,18727,129
2022-06-21,Orange,059,3164182,596283,592215,48897,641112,7084
2022-06-21,Placer,061,380077,68992,68447,8414,76861,628
2022-06-21,Plumas,063,18699,3255,3220,394,3614,13
2022-06-21,Riverside,065,2383286,626770,623584,30255,653839,6491
2022-06-21,Sacramento,067,1510023,311332,309105,30305,339410,3071
2022-06-21,San Benito,069,59416,14210,14128,698,14826,99
2022-06-21,San Bernardino,071,2135413,605482,595517,26544,622061,7774
2022-06-21,San Diego,073,3302833,824342,815124,60732,875856,5318
2022-06-21,San Francisco,075,870044,156049,154213,10268,164481,897
2022-06-21,San Joaquin,077,732212,178825,177637,11706,189343,2251
2022-06-21,San Luis Obispo,079,281455,57548,57177,5374,62551,485
2022-06-21,San Mateo,081,765935,147449,145781,9339,155120,723
2022-06-21,Santa Barbara,083,443738,94220,93576,5483,99059,700
2022-06-21,Santa Clara,085,1922200,374778,370678,16128,386806,2340
2022-06-21,Santa Cruz,087,273765,55155,54525,2700,57225,265
2022-06-21,Shasta,089,179085,32016,31786,6408,38194,570
2022-06-21,Sierra,091,2930,284,283,57,340,4
2022-06-21,Siskiyou,093,43540,4760,4711,2967,7678,81
2022-06-21,Solano,095,438530,93167,91528,6571,98099,454
2022-06-21,Sonoma,097,501317,96284,95363,4233,99596,493
2022-06-21,Stanislaus,099,539301,124722,124023,19110,143133,1670
2022-06-21,Sutter,101,95872,21713,21649,2315,23964,227
2022-06-21,Tehama,103,63373,12547,12465,2716,15181,205
2022-06-21,Trinity,105,12862,1239,1223,297,1520,20
2022-06-21,Tulare,107,460477,111102,110768,29958,140726,1496
2022-06-21,Tuolumne,109,53932,13770,13596,678,14274,189
2022-06-21,Ventura,111,848112,187776,186601,11642,198243,1514
2022-06-21,Yolo,113,214977,43057,41689,3594,45283,323
2022-06-21,Yuba,115,75493,16993,16912,1432,18344,124
2022-06-20,Alameda,001,1643700,302176,299567,16861,316428,1888
2022-06-20,Alpine,003,1148,129,129,1,130,0
2022-06-20,Amador,005,37829,9188,9049,757,9806,87
2022-06-20,Butte,007,227075,35589,35203,7759,42962,433
2022-06-20,Calaveras,009,45235,7755,7716,411,8127,122
2022-06-20,Colusa,011,21464,3545,3529,1113,4642,21
2022-06-20,Contra Costa,013,1133247,220745,216355,16742,233097,1328
2022-06-20,Del Norte,015,27424,6443,6367,282,6649,52
2022-06-20,El Dorado,017,186661,29367,29139,3660,32799,215
2022-06-20,Fresno,019,978130,245311,244129,26094,270223,2772
2022-06-20,Glenn,021,27897,5205,5161,1704,6865,48
2022-06-20,Humboldt,023,135768,19248,19111,3910,23021,148
2022-06-20,Imperial,025,180216,58147,57866,11364,69230,944
2022-06-20,Inyo,027,18085,4232,4222,623,4845,56
2022-06-20,Kern,029,883053,200735,199721,49782,249503,2341
2022-06-20,Kings,031,150075,53706,53568,3629,57197,448
2022-06-20,Lake,033,64148,11474,11426,996,12422,140
2022-06-20,Lassen,035,31185,9276,9259,919,10178,64
2022-06-20,Los Angeles,037,10098052,2942769,2925667,142252,3067919,32015
2022-06-20,Madera,039,155013,39265,39139,6686,45825,372
2022-06-20,Marin,041,260295,40024,39687,4520,44207,297
2022-06-20,Mariposa,043,17540,2725,2695,261,2956,30
2022-06-20,Mendocino,045,87422,14301,14201,3696,17897,127
2022-06-20,Merced,047,269075,65636,65120,9588,74708,827
2022-06-20,Modoc,049,8938,776,773,266,1039,8
2022-06-20,Mono,051,14174,3076,3073,176,3249,7
2022-06-20,Monterey,053,433212,85280,84752,16712,101464,742
2022-06-20,Napa,055,140530,29095,28894,1253,30147,144
2022-06-20,Nevada,057,99092,17367,17280,1438,18718,129
2022-06-20,Orange,059,3164182,595021,592215,48742,640957,7084
2022-06-20,Placer,061,380077,68875,68447,8402,76849,628
2022-06-20,Plumas,063,18699,3249,3220,394,3614,13
2022-06-20,Riverside,065,2383286,625832,623584,30187,653771,6491
2022-06-20,Sacramento,067,1510023,310629,309105,30233,339338,3071
2022-06-20,San Benito,069,59416,14164,14128,692,14820,99
2022-06-20,San Bernardino,071,2135413,604577,595517,26506,622023,7774
2022-06-20,San Diego,073,3302833,822357,815124,60478,875602,5318
2022-06-20,San Francisco,075,870044,155434,154213,10229,164442,897
2022-06-20,San Joaquin,077,732212,178499,177637,11662,189299,2251
2022-06-20,San Luis Obispo,079,281455,57444,57177,5326,62503,485
2022-06-20,San Mateo,081,765935,146943,145781,9314,155095,723
2022-06-20,Santa Barbara,083,443738,94036,93576,5458,99034,700
2022-06-20,Santa Clara,085,1922200,373569,370678,16066,386744,2340
2022-06-20,Santa Cruz,087,273765,54982,54525,2693,57218,265
2022-06-20,Shasta,089,179085,31959,31786,6396,38182,570
2022-06-20,Sierra,091,2930,284,283,56,339,4
2022-06-20,Siskiyou,093,43540,4747,4711,2955,7666,81
2022-06-20,Solano,095,438530,92837,91528,6551,98079,454
2022-06-20,Sonoma,097,501317,96045,95363,4207,99570,493
2022-06-20,Stanislaus,099,539301,124537,124023,19082,143105,1670
2022-06-20,Sutter,101,95872,21682,21649,2296,23945,227
2022-06-20,Tehama,103,63373,12532,12465,2713,15178,205
2022-06-20,Trinity,105,12862,1234,1223,297,1520,20
2022-06-20,Tulare,107,460477,110958,110768,29893,140661,1496
2022-06-20,Tuolumne,109,53932,13734,13596,678,14274,189
2022-06-20,Ventura,111,848112,187440,186601,11602,198203,1514
2022-06-20,Yolo,113,214977,42896,41689,3576,45265,323
2022-06-20,Yuba,115,75493,16968,16912,1426,18338,124
2022-06-19,Alameda,001,1643700,301248,296062,16830,312892,1883
2022-06-19,Alpine,003,1148,129,129,1,130,0
2022-06-19,Amador,005,37829,9138,8985,744,9729,87
2022-06-19,Butte,007,227075,35528,34920,7736,42656,432
2022-06-19,Calaveras,009,45235,7737,7664,410,8074,122
2022-06-19,Colusa,011,21464,3540,3519,1109,4628,21
2022-06-19,Contra Costa,013,1133247,220061,213994,16674,230668,1323
2022-06-19,Del Norte,015,27424,6426,6307,279,6586,52
2022-06-19,El Dorado,017,186661,29285,28904,3644,32548,215
2022-06-19,Fresno,019,978130,244863,242214,26025,268239,2768
2022-06-19,Glenn,021,27897,5196,5131,1702,6833,48
2022-06-19,Humboldt,023,135768,19203,18885,3885,22770,148
2022-06-19,Imperial,025,180216,58024,57450,11331,68781,944
2022-06-19,Inyo,027,18085,4231,4209,622,4831,56
2022-06-19,Kern,029,883053,200371,198567,49612,248179,2340
2022-06-19,Kings,031,150075,53612,53242,3626,56868,448
2022-06-19,Lake,033,64148,11460,11318,995,12313,140
2022-06-19,Lassen,035,31185,9263,9225,919,10144,64
2022-06-19,Los Angeles,037,10098052,2937878,2909197,141698,3050895,31999
2022-06-19,Madera,039,155013,39173,38859,6665,45524,372
2022-06-19,Marin,041,260295,39896,39214,4510,43724,294
2022-06-19,Mariposa,043,17540,2718,2662,260,2922,30
2022-06-19,Mendocino,045,87422,14274,14090,3683,17773,127
2022-06-19,Merced,047,269075,65536,64734,9558,74292,827
2022-06-19,Modoc,049,8938,773,771,265,1036,8
2022-06-19,Mono,051,14174,3074,3066,175,3241,6
2022-06-19,Monterey,053,433212,85132,84032,16666,100698,744
2022-06-19,Napa,055,140530,29035,28619,1249,29868,144
2022-06-19,Nevada,057,99092,17337,17134,1430,18564,129
2022-06-19,Orange,059,3164182,593769,587176,48552,635728,7074
2022-06-19,Placer,061,380077,68757,67961,8381,76342,628
2022-06-19,Plumas,063,18699,3241,3201,394,3595,13
2022-06-19,Riverside,065,2383286,624959,619760,30138,649898,6488
2022-06-19,Sacramento,067,1510023,309901,306215,30177,336392,3072
2022-06-19,San Benito,069,59416,14145,13985,690,14675,99
2022-06-19,San Bernardino,071,2135413,603754,591926,26469,618395,7765
2022-06-19,San Diego,073,3302833,820826,815124,60358,875482,5318
2022-06-19,San Francisco,075,870044,154916,151898,10190,162088,897
2022-06-19,San Joaquin,077,732212,178177,176323,11624,187947,2251
2022-06-19,San Luis Obispo,079,281455,57306,56767,5269,62036,485
2022-06-19,San Mateo,081,765935,146489,143879,9280,153159,723
2022-06-19,Santa Barbara,083,443738,93866,92906,5442,98348,699
2022-06-19,Santa Clara,085,1922200,372399,365638,16005,381643,2328
2022-06-19,Santa Cruz,087,273765,54819,53866,2674,56540,264
2022-06-19,Shasta,089,179085,31900,31647,6385,38032,568
2022-06-19,Sierra,091,2930,284,281,56,337,4
2022-06-19,Siskiyou,093,43540,4735,4672,2949,7621,81
2022-06-19,Solano,095,438530,92580,90548,6537,97085,454
2022-06-19,Sonoma,097,501317,95801,94318,4186,98504,493
2022-06-19,Stanislaus,099,539301,124351,123264,19034,142298,1668
2022-06-19,Sutter,101,95872,21647,21501,2288,23789,227
2022-06-19,Tehama,103,63373,12523,12410,2707,15117,205
2022-06-19,Trinity,105,12862,1231,1220,297,1517,20
2022-06-19,Tulare,107,460477,110776,110041,29837,139878,1496
2022-06-19,Tuolumne,109,53932,13707,13487,678,14165,189
2022-06-19,Ventura,111,848112,187088,185219,11557,196776,1513
2022-06-19,Yolo,113,214977,42807,41135,3563,44698,323
2022-06-19,Yuba,115,75493,16937,16786,1423,18209,124
2022-06-18,Alameda,001,1643700,300783,296062,16809,312871,1883
2022-06-18,Alpine,003,1148,129,129,1,130,0
2022-06-18,Amador,005,37829,9131,8985,740,9725,87
2022-06-18,Butte,007,227075,35477,34920,7725,42645,432
2022-06-18,Calaveras,009,45235,7725,7664,410,8074,122
2022-06-18,Colusa,011,21464,3537,3519,1109,4628,21
2022-06-18,Contra Costa,013,1133247,219749,213994,16645,230639,1323
2022-06-18,Del Norte,015,27424,6420,6307,278,6585,52
2022-06-18,El Dorado,017,186661,29256,28904,3641,32545,215
2022-06-18,Fresno,019,978130,244660,242214,26008,268222,2768
2022-06-18,Glenn,021,27897,5193,5131,1701,6832,48
2022-06-18,Humboldt,023,135768,19174,18885,3878,22763,148
2022-06-18,Imperial,025,180216,57954,57450,11318,68768,944
2022-06-18,Inyo,027,18085,4230,4209,621,4830,56
2022-06-18,Kern,029,883053,200248,198567,49525,248092,2340
2022-06-18,Kings,031,150075,53576,53242,3625,56867,448
2022-06-18,Lake,033,64148,11449,11318,993,12311,140
2022-06-18,Lassen,035,31185,9259,9225,919,10144,64
2022-06-18,Los Angeles,037,10098052,2935444,2909197,141407,3050604,31999
2022-06-18,Madera,039,155013,39150,38859,6659,45518,372
2022-06-18,Marin,041,260295,39832,39214,4500,43714,294
2022-06-18,Mariposa,043,17540,2713,2662,260,2922,30
2022-06-18,Mendocino,045,87422,14252,14090,3680,17770,127
2022-06-18,Merced,047,269075,65473,64734,9548,74282,827
2022-06-18,Modoc,049,8938,773,771,265,1036,8
2022-06-18,Mono,051,14174,3073,3066,175,3241,6
2022-06-18,Monterey,053,433212,85040,84032,16638,100670,744
2022-06-18,Napa,055,140530,29010,28619,1248,29867,144
2022-06-18,Nevada,057,99092,17325,17134,1429,18563,129
2022-06-18,Orange,059,3164182,593148,587176,48441,635617,7074
2022-06-18,Placer,061,380077,68692,67961,8368,76329,628
2022-06-18,Plumas,063,18699,3233,3201,394,3595,13
2022-06-18,Riverside,065,2383286,624425,619760,30123,649883,6488
2022-06-18,Sacramento,067,1510023,309584,306215,30155,336370,3072
2022-06-18,San Benito,069,59416,14130,13985,683,14668,99
2022-06-18,San Bernardino,071,2135413,603323,591926,26447,618373,7765
2022-06-18,San Diego,073,3302833,820107,815124,60297,875421,5318
2022-06-18,San Francisco,075,870044,154583,151898,10172,162070,897
2022-06-18,San Joaquin,077,732212,178014,176323,11615,187938,2251
2022-06-18,San Luis Obispo,079,281455,57261,56767,5260,62027,485
2022-06-18,San Mateo,081,765935,146220,143879,9257,153136,723
2022-06-18,Santa Barbara,083,443738,93755,92906,5432,98338,699
2022-06-18,Santa Clara,085,1922200,371641,365638,15960,381598,2328
2022-06-18,Santa Cruz,087,273765,54743,53866,2664,56530,264
2022-06-18,Shasta,089,179085,31879,31647,6382,38029,568
2022-06-18,Sierra,091,2930,284,281,56,337,4
2022-06-18,Siskiyou,093,43540,4727,4672,2945,7617,81
2022-06-18,Solano,095,438530,92497,90548,6528,97076,454
2022-06-18,Sonoma,097,501317,95664,94318,4168,98486,493
2022-06-18,Stanislaus,099,539301,124243,123264,19013,142277,1668
2022-06-18,Sutter,101,95872,21626,21501,2285,23786,227
2022-06-18,Tehama,103,63373,12514,12410,2703,15113,205
2022-06-18,Trinity,105,12862,1230,1220,297,1517,20
2022-06-18,Tulare,107,460477,110695,110041,29796,139837,1496
2022-06-18,Tuolumne,109,53932,13685,13487,675,14162,189
2022-06-18,Ventura,111,848112,186913,185219,11534,196753,1513
2022-06-18,Yolo,113,214977,42738,41135,3558,44693,323
2022-06-18,Yuba,115,75493,16924,16786,1423,18209,124
2022-06-17,Alameda,001,1643700,300313,296062,16795,312857,1883
2022-06-17,Alpine,003,1148,129,129,1,130,0
2022-06-17,Amador,005,37829,9122,8985,740,9725,87
2022-06-17,Butte,007,227075,35446,34920,7715,42635,432
2022-06-17,Calaveras,009,45235,7717,7664,410,8074,122
2022-06-17,Colusa,011,21464,3536,3519,1104,4623,21
2022-06-17,Contra Costa,013,1133247,219450,213994,16619,230613,1323
2022-06-17,Del Norte,015,27424,6406,6307,278,6585,52
2022-06-17,El Dorado,017,186661,29224,28904,3637,32541,215
2022-06-17,Fresno,019,978130,244417,242214,25982,268196,2768
2022-06-17,Glenn,021,27897,5192,5131,1695,6826,48
2022-06-17,Humboldt,023,135768,19147,18885,3874,22759,148
2022-06-17,Imperial,025,180216,57901,57450,11306,68756,944
2022-06-17,Inyo,027,18085,4226,4209,615,4824,56
2022-06-17,Kern,029,883053,200094,198567,49484,248051,2340
2022-06-17,Kings,031,150075,53549,53242,3624,56866,448
2022-06-17,Lake,033,64148,11441,11318,992,12310,140
2022-06-17,Lassen,035,31185,9258,9225,918,10143,64
2022-06-17,Los Angeles,037,10098052,2932600,2909197,141109,3050306,31999
2022-06-17,Madera,039,155013,39125,38859,6653,45512,372
2022-06-17,Marin,041,260295,39737,39214,4488,43702,294
2022-06-17,Mariposa,043,17540,2709,2662,260,2922,30
2022-06-17,Mendocino,045,87422,14236,14090,3676,17766,127
2022-06-17,Merced,047,269075,65415,64734,9544,74278,827
2022-06-17,Modoc,049,8938,773,771,265,1036,8
2022-06-17,Mono,051,14174,3073,3066,175,3241,6
2022-06-17,Monterey,053,433212,84950,84032,16608,100640,744
2022-06-17,Napa,055,140530,28971,28619,1245,29864,144
2022-06-17,Nevada,057,99092,17307,17134,1424,18558,129
2022-06-17,Orange,059,3164182,592469,587176,48308,635484,7074
2022-06-17,Placer,061,380077,68632,67961,8356,76317,628
2022-06-17,Plumas,063,18699,3232,3201,393,3594,13
2022-06-17,Riverside,065,2383286,623874,619760,30087,649847,6488
2022-06-17,Sacramento,067,1510023,309196,306215,30135,336350,3072
2022-06-17,San Benito,069,59416,14118,13985,683,14668,99
2022-06-17,San Bernardino,071,2135413,602884,591926,26416,618342,7765
2022-06-17,San Diego,073,3302833,819145,815124,60191,875315,5318
2022-06-17,San Francisco,075,870044,154267,151898,10137,162035,897
2022-06-17,San Joaquin,077,732212,177865,176323,11605,187928,2251
2022-06-17,San Luis Obispo,079,281455,57224,56767,5254,62021,485
2022-06-17,San Mateo,081,765935,145918,143879,9238,153117,723
2022-06-17,Santa Barbara,083,443738,93650,92906,5420,98326,699
2022-06-17,Santa Clara,085,1922200,370814,365638,15927,381565,2328
2022-06-17,Santa Cruz,087,273765,54677,53866,2659,56525,264
2022-06-17,Shasta,089,179085,31853,31647,6374,38021,568
2022-06-17,Sierra,091,2930,284,281,56,337,4
2022-06-17,Siskiyou,093,43540,4720,4672,2945,7617,81
2022-06-17,Solano,095,438530,92353,90548,6516,97064,454
2022-06-17,Sonoma,097,501317,95499,94318,4151,98469,493
2022-06-17,Stanislaus,099,539301,124146,123264,19004,142268,1668
2022-06-17,Sutter,101,95872,21604,21501,2279,23780,227
2022-06-17,Tehama,103,63373,12499,12410,2700,15110,205
2022-06-17,Trinity,105,12862,1230,1220,297,1517,20
2022-06-17,Tulare,107,460477,110613,110041,29759,139800,1496
2022-06-17,Tuolumne,109,53932,13672,13487,674,14161,189
2022-06-17,Ventura,111,848112,186733,185219,11513,196732,1513
2022-06-17,Yolo,113,214977,42655,41135,3545,44680,323
2022-06-17,Yuba,115,75493,16917,16786,1420,18206,124
2022-06-16,Alameda,001,1643700,299531,296062,16744,312806,1883
2022-06-16,Alpine,003,1148,129,129,1,130,0
2022-06-16,Amador,005,37829,9115,8985,735,9720,87
2022-06-16,Butte,007,227075,35371,34920,7699,42619,432
2022-06-16,Calaveras,009,45235,7705,7664,409,8073,122
2022-06-16,Colusa,011,21464,3534,3519,1103,4622,21
2022-06-16,Contra Costa,013,1133247,218986,213994,16568,230562,1323
2022-06-16,Del Norte,015,27424,6392,6307,277,6584,52
2022-06-16,El Dorado,017,186661,29172,28904,3625,32529,215
2022-06-16,Fresno,019,978130,244046,242214,25920,268134,2768
2022-06-16,Glenn,021,27897,5183,5131,1691,6822,48
2022-06-16,Humboldt,023,135768,19117,18885,3860,22745,148
2022-06-16,Imperial,025,180216,57802,57450,11277,68727,944
2022-06-16,Inyo,027,18085,4225,4209,612,4821,56
2022-06-16,Kern,029,883053,199883,198567,49369,247936,2340
2022-06-16,Kings,031,150075,53482,53242,3620,56862,448
2022-06-16,Lake,033,64148,11425,11318,992,12310,140
2022-06-16,Lassen,035,31185,9251,9225,918,10143,64
2022-06-16,Los Angeles,037,10098052,2928608,2909197,140754,3049951,31999
2022-06-16,Madera,039,155013,39094,38859,6643,45502,372
2022-06-16,Marin,041,260295,39638,39214,4475,43689,294
2022-06-16,Mariposa,043,17540,2701,2662,258,2920,30
2022-06-16,Mendocino,045,87422,14207,14090,3666,17756,127
2022-06-16,Merced,047,269075,65337,64734,9525,74259,827
2022-06-16,Modoc,049,8938,773,771,265,1036,8
2022-06-16,Mono,051,14174,3072,3066,174,3240,6
2022-06-16,Monterey,053,433212,84801,84032,16553,100585,744
2022-06-16,Napa,055,140530,28927,28619,1242,29861,144
2022-06-16,Nevada,057,99092,17284,17134,1419,18553,129
2022-06-16,Orange,059,3164182,591447,587176,48174,635350,7074
2022-06-16,Placer,061,380077,68547,67961,8333,76294,628
2022-06-16,Plumas,063,18699,3225,3201,392,3593,13
2022-06-16,Riverside,065,2383286,623126,619760,30043,649803,6488
2022-06-16,Sacramento,067,1510023,308615,306215,30102,336317,3072
2022-06-16,San Benito,069,59416,14094,13985,680,14665,99
2022-06-16,San Bernardino,071,2135413,602228,591926,26378,618304,7765
2022-06-16,San Diego,073,3302833,817625,815124,60032,875156,5318
2022-06-16,San Francisco,075,870044,153820,151898,10097,161995,897
2022-06-16,San Joaquin,077,732212,177613,176323,11589,187912,2251
2022-06-16,San Luis Obispo,079,281455,57146,56767,5234,62001,485
2022-06-16,San Mateo,081,765935,145553,143879,9222,153101,723
2022-06-16,Santa Barbara,083,443738,93501,92906,5406,98312,699
2022-06-16,Santa Clara,085,1922200,369869,365638,15878,381516,2328
2022-06-16,Santa Cruz,087,273765,54544,53866,2647,56513,264
2022-06-16,Shasta,089,179085,31823,31647,6363,38010,568
2022-06-16,Sierra,091,2930,283,281,56,337,4
2022-06-16,Siskiyou,093,43540,4711,4672,2936,7608,81
2022-06-16,Solano,095,438530,92160,90548,6503,97051,454
2022-06-16,Sonoma,097,501317,95313,94318,4134,98452,493
2022-06-16,Stanislaus,099,539301,123987,123264,18987,142251,1668
2022-06-16,Sutter,101,95872,21579,21501,2277,23778,227
2022-06-16,Tehama,103,63373,12480,12410,2698,15108,205
2022-06-16,Trinity,105,12862,1228,1220,294,1514,20
2022-06-16,Tulare,107,460477,110483,110041,29716,139757,1496
2022-06-16,Tuolumne,109,53932,13648,13487,670,14157,189
2022-06-16,Ventura,111,848112,186462,185219,11468,196687,1513
2022-06-16,Yolo,113,214977,42564,41135,3534,44669,323
2022-06-16,Yuba,115,75493,16893,16786,1416,18202,124
2022-06-15,Alameda,001,1643700,298748,295002,16716,311718,1880
2022-06-15,Alpine,003,1148,129,129,1,130,0
2022-06-15,Amador,005,37829,9107,8972,735,9707,87
2022-06-15,Butte,007,227075,35308,34841,7680,42521,430
2022-06-15,Calaveras,009,45235,7702,7648,407,8055,122
2022-06-15,Colusa,011,21464,3530,3515,1101,4616,21
2022-06-15,Contra Costa,013,1133247,218525,213219,16523,229742,1321
2022-06-15,Del Norte,015,27424,6381,6298,276,6574,52
2022-06-15,El Dorado,017,186661,29118,28829,3613,32442,215
2022-06-15,Fresno,019,978130,243680,241768,25874,267642,2767
2022-06-15,Glenn,021,27897,5178,5128,1683,6811,48
2022-06-15,Humboldt,023,135768,19079,18836,3835,22671,148
2022-06-15,Imperial,025,180216,57719,57373,11254,68627,941
2022-06-15,Inyo,027,18085,4223,4205,611,4816,56
2022-06-15,Kern,029,883053,199618,198216,49262,247478,2338
2022-06-15,Kings,031,150075,53427,53170,3618,56788,448
2022-06-15,Lake,033,64148,11405,11303,987,12290,140
2022-06-15,Lassen,035,31185,9247,9209,917,10126,64
2022-06-15,Los Angeles,037,10098052,2924310,2897298,140396,3037694,31971
2022-06-15,Madera,039,155013,39050,38776,6626,45402,372
2022-06-15,Marin,041,260295,39549,39027,4468,43495,294
2022-06-15,Mariposa,043,17540,2697,2651,256,2907,30
2022-06-15,Mendocino,045,87422,14175,14052,3656,17708,127
2022-06-15,Merced,047,269075,65256,64595,9513,74108,825
2022-06-15,Modoc,049,8938,772,772,265,1037,8
2022-06-15,Mono,051,14174,3072,3060,173,3233,6
2022-06-15,Monterey,053,433212,84660,83837,16513,100350,741
2022-06-15,Napa,055,140530,28867,28518,1233,29751,144
2022-06-15,Nevada,057,99092,17259,17107,1415,18522,127
2022-06-15,Orange,059,3164182,590418,585496,48005,633501,7067
2022-06-15,Placer,061,380077,68424,67805,8317,76122,628
2022-06-15,Plumas,063,18699,3220,3185,390,3575,13
2022-06-15,Riverside,065,2383286,622402,618584,29991,648575,6482
2022-06-15,Sacramento,067,1510023,308021,305361,30055,335416,3059
2022-06-15,San Benito,069,59416,14054,13953,673,14626,99
2022-06-15,San Bernardino,071,2135413,601580,590328,26338,616666,7735
2022-06-15,San Diego,073,3302833,816080,811093,59864,870957,5316
2022-06-15,San Francisco,075,870044,153390,151170,10072,161242,890
2022-06-15,San Joaquin,077,732212,177369,175966,11558,187524,2244
2022-06-15,San Luis Obispo,079,281455,57060,56535,5197,61732,486
2022-06-15,San Mateo,081,765935,145156,143277,9206,152483,722
2022-06-15,Santa Barbara,083,443738,93368,92710,5399,98109,698
2022-06-15,Santa Clara,085,1922200,368866,364014,15842,379856,2323
2022-06-15,Santa Cruz,087,273765,54429,53718,2642,56360,265
2022-06-15,Shasta,089,179085,31783,31598,6356,37954,568
2022-06-15,Sierra,091,2930,281,280,56,336,4
2022-06-15,Siskiyou,093,43540,4700,4656,2926,7582,81
2022-06-15,Solano,095,438530,91931,90265,6492,96757,453
2022-06-15,Sonoma,097,501317,95120,94041,4122,98163,492
2022-06-15,Stanislaus,099,539301,123844,122944,18962,141906,1668
2022-06-15,Sutter,101,95872,21552,21448,2272,23720,227
2022-06-15,Tehama,103,63373,12472,12392,2692,15084,205
2022-06-15,Trinity,105,12862,1227,1217,292,1509,20
2022-06-15,Tulare,107,460477,110378,109930,29679,139609,1495
2022-06-15,Tuolumne,109,53932,13637,13459,670,14129,189
2022-06-15,Ventura,111,848112,186190,184750,11419,196169,1509
2022-06-15,Yolo,113,214977,42458,40756,3519,44275,322
2022-06-15,Yuba,115,75493,16868,16754,1411,18165,124
2022-06-14,Alameda,001,1643700,298053,295002,16672,311674,1880
2022-06-14,Alpine,003,1148,129,129,1,130,0
2022-06-14,Amador,005,37829,9091,8972,730,9702,87
2022-06-14,Butte,007,227075,35253,34841,7664,42505,430
2022-06-14,Calaveras,009,45235,7691,7648,406,8054,122
2022-06-14,Colusa,011,21464,3528,3515,1100,4615,21
2022-06-14,Contra Costa,013,1133247,217991,213219,16464,229683,1321
2022-06-14,Del Norte,015,27424,6373,6298,273,6571,52
2022-06-14,El Dorado,017,186661,29066,28829,3605,32434,215
2022-06-14,Fresno,019,978130,243289,241768,25812,267580,2767
2022-06-14,Glenn,021,27897,5169,5128,1680,6808,48
2022-06-14,Humboldt,023,135768,19029,18836,3818,22654,148
2022-06-14,Imperial,025,180216,57645,57373,11224,68597,941
2022-06-14,Inyo,027,18085,4218,4205,610,4815,56
2022-06-14,Kern,029,883053,199356,198216,49146,247362,2338
2022-06-14,Kings,031,150075,53357,53170,3616,56786,448
2022-06-14,Lake,033,64148,11379,11303,986,12289,140
2022-06-14,Lassen,035,31185,9241,9209,914,10123,64
2022-06-14,Los Angeles,037,10098052,2919786,2897298,139980,3037278,31971
2022-06-14,Madera,039,155013,38997,38776,6617,45393,372
2022-06-14,Marin,041,260295,39440,39027,4457,43484,294
2022-06-14,Mariposa,043,17540,2686,2651,253,2904,30
2022-06-14,Mendocino,045,87422,14147,14052,3643,17695,127
2022-06-14,Merced,047,269075,65174,64595,9488,74083,825
2022-06-14,Modoc,049,8938,772,772,264,1036,8
2022-06-14,Mono,051,14174,3072,3060,172,3232,6
2022-06-14,Monterey,053,433212,84521,83837,16467,100304,741
2022-06-14,Napa,055,140530,28804,28518,1232,29750,144
2022-06-14,Nevada,057,99092,17228,17107,1410,18517,127
2022-06-14,Orange,059,3164182,589292,585496,47844,633340,7067
2022-06-14,Placer,061,380077,68301,67805,8302,76107,628
2022-06-14,Plumas,063,18699,3215,3185,390,3575,13
2022-06-14,Riverside,065,2383286,621621,618584,29956,648540,6482
2022-06-14,Sacramento,067,1510023,307390,305361,29973,335334,3059
2022-06-14,San Benito,069,59416,14019,13953,671,14624,99
2022-06-14,San Bernardino,071,2135413,600867,590328,26294,616622,7735
2022-06-14,San Diego,073,3302833,814371,811093,59715,870808,5316
2022-06-14,San Francisco,075,870044,152910,151170,10045,161215,890
2022-06-14,San Joaquin,077,732212,177101,175966,11523,187489,2244
2022-06-14,San Luis Obispo,079,281455,56951,56535,5149,61684,486
2022-06-14,San Mateo,081,765935,144774,143277,9192,152469,722
2022-06-14,Santa Barbara,083,443738,93232,92710,5383,98093,698
2022-06-14,Santa Clara,085,1922200,367801,364014,15796,379810,2323
2022-06-14,Santa Cruz,087,273765,54302,53718,2631,56349,265
2022-06-14,Shasta,089,179085,31753,31598,6348,37946,568
2022-06-14,Sierra,091,2930,281,280,56,336,4
2022-06-14,Siskiyou,093,43540,4690,4656,2920,7576,81
2022-06-14,Solano,095,438530,91672,90265,6471,96736,453
2022-06-14,Sonoma,097,501317,94904,94041,4108,98149,492
2022-06-14,Stanislaus,099,539301,123667,122944,18933,141877,1668
2022-06-14,Sutter,101,95872,21514,21448,2268,23716,227
2022-06-14,Tehama,103,63373,12454,12392,2691,15083,205
2022-06-14,Trinity,105,12862,1226,1217,292,1509,20
2022-06-14,Tulare,107,460477,110238,109930,29633,139563,1495
2022-06-14,Tuolumne,109,53932,13616,13459,666,14125,189
2022-06-14,Ventura,111,848112,185897,184750,11381,196131,1509
2022-06-14,Yolo,113,214977,42351,40756,3508,44264,322
2022-06-14,Yuba,115,75493,16838,16754,1408,18162,124
2022-06-13,Alameda,001,1643700,297230,295002,16623,311625,1880
2022-06-13,Alpine,003,1148,129,129,1,130,0
2022-06-13,Amador,005,37829,9084,8972,728,9700,87
2022-06-13,Butte,007,227075,35175,34841,7639,42480,430
2022-06-13,Calaveras,009,45235,7673,7648,406,8054,122
2022-06-13,Colusa,011,21464,3528,3515,1097,4612,21
2022-06-13,Contra Costa,013,1133247,217414,213219,16397,229616,1321
2022-06-13,Del Norte,015,27424,6361,6298,269,6567,52
2022-06-13,El Dorado,017,186661,29016,28829,3593,32422,215
2022-06-13,Fresno,019,978130,242868,241768,25756,267524,2767
2022-06-13,Glenn,021,27897,5165,5128,1676,6804,48
2022-06-13,Humboldt,023,135768,18976,18836,3794,22630,148
2022-06-13,Imperial,025,180216,57545,57373,11180,68553,941
2022-06-13,Inyo,027,18085,4214,4205,605,4810,56
2022-06-13,Kern,029,883053,199088,198216,49011,247227,2338
2022-06-13,Kings,031,150075,53292,53170,3612,56782,448
2022-06-13,Lake,033,64148,11354,11303,985,12288,140
2022-06-13,Lassen,035,31185,9233,9209,911,10120,64
2022-06-13,Los Angeles,037,10098052,2915222,2897298,139589,3036887,31971
2022-06-13,Madera,039,155013,38930,38776,6599,45375,372
2022-06-13,Marin,041,260295,39333,39027,4429,43456,294
2022-06-13,Mariposa,043,17540,2672,2651,252,2903,30
2022-06-13,Mendocino,045,87422,14123,14052,3627,17679,127
2022-06-13,Merced,047,269075,65097,64595,9460,74055,825
2022-06-13,Modoc,049,8938,771,772,264,1036,8
2022-06-13,Mono,051,14174,3070,3060,172,3232,6
2022-06-13,Monterey,053,433212,84386,83837,16416,100253,741
2022-06-13,Napa,055,140530,28733,28518,1228,29746,144
2022-06-13,Nevada,057,99092,17197,17107,1407,18514,127
2022-06-13,Orange,059,3164182,588052,585496,47665,633161,7067
2022-06-13,Placer,061,380077,68204,67805,8280,76085,628
2022-06-13,Plumas,063,18699,3210,3185,389,3574,13
2022-06-13,Riverside,065,2383286,620879,618584,29921,648505,6482
2022-06-13,Sacramento,067,1510023,306714,305361,29909,335270,3059
2022-06-13,San Benito,069,59416,13992,13953,665,14618,99
2022-06-13,San Bernardino,071,2135413,600074,590328,26263,616591,7735
2022-06-13,San Diego,073,3302833,812664,811093,59609,870702,5316
2022-06-13,San Francisco,075,870044,152376,151170,10027,161197,890
2022-06-13,San Joaquin,077,732212,176837,175966,11486,187452,2244
2022-06-13,San Luis Obispo,079,281455,56849,56535,5097,61632,486
2022-06-13,San Mateo,081,765935,144334,143277,9170,152447,722
2022-06-13,Santa Barbara,083,443738,93103,92710,5370,98080,698
2022-06-13,Santa Clara,085,1922200,366790,364014,15744,379758,2323
2022-06-13,Santa Cruz,087,273765,54164,53718,2624,56342,265
2022-06-13,Shasta,089,179085,31719,31598,6341,37939,568
2022-06-13,Sierra,091,2930,281,280,56,336,4
2022-06-13,Siskiyou,093,43540,4686,4656,2912,7568,81
2022-06-13,Solano,095,438530,91433,90265,6446,96711,453
2022-06-13,Sonoma,097,501317,94648,94041,4089,98130,492
2022-06-13,Stanislaus,099,539301,123499,122944,18908,141852,1668
2022-06-13,Sutter,101,95872,21486,21448,2264,23712,227
2022-06-13,Tehama,103,63373,12434,12392,2688,15080,205
2022-06-13,Trinity,105,12862,1224,1217,292,1509,20
2022-06-13,Tulare,107,460477,110087,109930,29584,139514,1495
2022-06-13,Tuolumne,109,53932,13593,13459,663,14122,189
2022-06-13,Ventura,111,848112,185605,184750,11329,196079,1509
2022-06-13,Yolo,113,214977,42213,40756,3496,44252,322
2022-06-13,Yuba,115,75493,16820,16754,1404,18158,124
2022-06-12,Alameda,001,1643700,296410,292112,16565,308677,1877
2022-06-12,Alpine,003,1148,129,129,1,130,0
2022-06-12,Amador,005,37829,9061,8869,727,9596,87
2022-06-12,Butte,007,227075,35118,34596,7618,42214,427
2022-06-12,Calaveras,009,45235,7659,7604,403,8007,122
2022-06-12,Colusa,011,21464,3527,3505,1096,4601,21
2022-06-12,Contra Costa,013,1133247,216826,211229,16325,227554,1315
2022-06-12,Del Norte,015,27424,6347,6253,269,6522,52
2022-06-12,El Dorado,017,186661,28955,28641,3576,32217,215
2022-06-12,Fresno,019,978130,242406,240345,25703,266048,2766
2022-06-12,Glenn,021,27897,5161,5104,1674,6778,48
2022-06-12,Humboldt,023,135768,18911,18696,3758,22454,148
2022-06-12,Imperial,025,180216,57468,57129,11136,68265,941
2022-06-12,Inyo,027,18085,4212,4194,604,4798,56
2022-06-12,Kern,029,883053,198806,197353,48892,246245,2338
2022-06-12,Kings,031,150075,53214,52978,3607,56585,447
2022-06-12,Lake,033,64148,11330,11202,984,12186,139
2022-06-12,Lassen,035,31185,9215,9172,909,10081,64
2022-06-12,Los Angeles,037,10098052,2910284,2878981,139108,3018089,31947
2022-06-12,Madera,039,155013,38837,38567,6573,45140,372
2022-06-12,Marin,041,260295,39225,38593,4405,42998,294
2022-06-12,Mariposa,043,17540,2666,2625,251,2876,30
2022-06-12,Mendocino,045,87422,14100,13945,3621,17566,127
2022-06-12,Merced,047,269075,64981,64286,9431,73717,825
2022-06-12,Modoc,049,8938,771,767,264,1031,8
2022-06-12,Mono,051,14174,3066,3052,171,3223,6
2022-06-12,Monterey,053,433212,84229,83391,16338,99729,739
2022-06-12,Napa,055,140530,28671,28202,1219,29421,143
2022-06-12,Nevada,057,99092,17153,16989,1401,18390,127
2022-06-12,Orange,059,3164182,586780,581624,47483,629107,7057
2022-06-12,Placer,061,380077,68091,67306,8256,75562,628
2022-06-12,Plumas,063,18699,3204,3172,388,3560,13
2022-06-12,Riverside,065,2383286,619933,615556,29853,645409,6481
2022-06-12,Sacramento,067,1510023,305969,302721,29808,332529,3058
2022-06-12,San Benito,069,59416,13958,13832,659,14491,99
2022-06-12,San Bernardino,071,2135413,599157,587385,26214,613599,7708
2022-06-12,San Diego,073,3302833,810931,805360,59472,864832,5315
2022-06-12,San Francisco,075,870044,151821,149278,9982,159260,890
2022-06-12,San Joaquin,077,732212,176483,174822,11460,186282,2244
2022-06-12,San Luis Obispo,079,281455,56712,56160,5036,61196,485
2022-06-12,San Mateo,081,765935,143869,141719,9128,150847,715
2022-06-12,Santa Barbara,083,443738,92930,92177,5355,97532,694
2022-06-12,Santa Clara,085,1922200,365615,359925,15698,375623,2322
2022-06-12,Santa Cruz,087,273765,54004,53171,2619,55790,264
2022-06-12,Shasta,089,179085,31672,31483,6327,37810,566
2022-06-12,Sierra,091,2930,281,278,56,334,4
2022-06-12,Siskiyou,093,43540,4678,4633,2907,7540,81
2022-06-12,Solano,095,438530,91141,89424,6427,95851,453
2022-06-12,Sonoma,097,501317,94392,93218,4065,97283,492
2022-06-12,Stanislaus,099,539301,123300,122267,18867,141134,1665
2022-06-12,Sutter,101,95872,21445,21333,2249,23582,227
2022-06-12,Tehama,103,63373,12416,12343,2683,15026,205
2022-06-12,Trinity,105,12862,1221,1213,292,1505,20
2022-06-12,Tulare,107,460477,109892,109467,29518,138985,1495
2022-06-12,Tuolumne,109,53932,13565,13382,661,14043,189
2022-06-12,Ventura,111,848112,185251,183680,11282,194962,1508
2022-06-12,Yolo,113,214977,42092,40202,3491,43693,323
2022-06-12,Yuba,115,75493,16792,16653,1396,18049,123
2022-06-11,Alameda,001,1643700,295995,292112,16545,308657,1877
2022-06-11,Alpine,003,1148,129,129,1,130,0
2022-06-11,Amador,005,37829,9047,8869,727,9596,87
2022-06-11,Butte,007,227075,35083,34596,7602,42198,427
2022-06-11,Calaveras,009,45235,7652,7604,402,8006,122
2022-06-11,Colusa,011,21464,3525,3505,1095,4600,21
2022-06-11,Contra Costa,013,1133247,216514,211229,16290,227519,1315
2022-06-11,Del Norte,015,27424,6339,6253,269,6522,52
2022-06-11,El Dorado,017,186661,28936,28641,3574,32215,215
2022-06-11,Fresno,019,978130,242211,240345,25682,266027,2766
2022-06-11,Glenn,021,27897,5159,5104,1674,6778,48
2022-06-11,Humboldt,023,135768,18891,18696,3750,22446,148
2022-06-11,Imperial,025,180216,57412,57129,11122,68251,941
2022-06-11,Inyo,027,18085,4212,4194,602,4796,56
2022-06-11,Kern,029,883053,198684,197353,48819,246172,2338
2022-06-11,Kings,031,150075,53182,52978,3606,56584,447
2022-06-11,Lake,033,64148,11322,11202,981,12183,139
2022-06-11,Lassen,035,31185,9210,9172,908,10080,64
2022-06-11,Los Angeles,037,10098052,2907946,2878981,138818,3017799,31947
2022-06-11,Madera,039,155013,38816,38567,6571,45138,372
2022-06-11,Marin,041,260295,39148,38593,4371,42964,294
2022-06-11,Mariposa,043,17540,2662,2625,250,2875,30
2022-06-11,Mendocino,045,87422,14089,13945,3617,17562,127
2022-06-11,Merced,047,269075,64933,64286,9427,73713,825
2022-06-11,Modoc,049,8938,771,767,264,1031,8
2022-06-11,Mono,051,14174,3066,3052,171,3223,6
2022-06-11,Monterey,053,433212,84146,83391,16306,99697,739
2022-06-11,Napa,055,140530,28632,28202,1215,29417,143
2022-06-11,Nevada,057,99092,17139,16989,1399,18388,127
2022-06-11,Orange,059,3164182,586139,581624,47347,628971,7057
2022-06-11,Placer,061,380077,68003,67306,8247,75553,628
2022-06-11,Plumas,063,18699,3201,3172,388,3560,13
2022-06-11,Riverside,065,2383286,619407,615556,29824,645380,6481
2022-06-11,Sacramento,067,1510023,305662,302721,29772,332493,3058
2022-06-11,San Benito,069,59416,13948,13832,656,14488,99
2022-06-11,San Bernardino,071,2135413,598737,587385,26191,613576,7708
2022-06-11,San Diego,073,3302833,810229,805360,59427,864787,5315
2022-06-11,San Francisco,075,870044,151499,149278,9962,159240,890
2022-06-11,San Joaquin,077,732212,176329,174822,11442,186264,2244
2022-06-11,San Luis Obispo,079,281455,56678,56160,5026,61186,485
2022-06-11,San Mateo,081,765935,143646,141719,9106,150825,715
2022-06-11,Santa Barbara,083,443738,92864,92177,5341,97518,694
2022-06-11,Santa Clara,085,1922200,364853,359925,15660,375585,2322
2022-06-11,Santa Cruz,087,273765,53949,53171,2605,55776,264
2022-06-11,Shasta,089,179085,31656,31483,6321,37804,566
2022-06-11,Sierra,091,2930,281,278,56,334,4
2022-06-11,Siskiyou,093,43540,4672,4633,2899,7532,81
2022-06-11,Solano,095,438530,91052,89424,6417,95841,453
2022-06-11,Sonoma,097,501317,94285,93218,4040,97258,492
2022-06-11,Stanislaus,099,539301,123198,122267,18844,141111,1665
2022-06-11,Sutter,101,95872,21427,21333,2248,23581,227
2022-06-11,Tehama,103,63373,12409,12343,2683,15026,205
2022-06-11,Trinity,105,12862,1220,1213,292,1505,20
2022-06-11,Tulare,107,460477,109809,109467,29490,138957,1495
2022-06-11,Tuolumne,109,53932,13539,13382,660,14042,189
2022-06-11,Ventura,111,848112,185073,183680,11250,194930,1508
2022-06-11,Yolo,113,214977,42028,40202,3485,43687,323
2022-06-11,Yuba,115,75493,16773,16653,1392,18045,123
2022-06-10,Alameda,001,1643700,295522,292112,16522,308634,1877
2022-06-10,Alpine,003,1148,129,129,1,130,0
2022-06-10,Amador,005,37829,9034,8869,726,9595,87
2022-06-10,Butte,007,227075,35051,34596,7588,42184,427
2022-06-10,Calaveras,009,45235,7647,7604,401,8005,122
2022-06-10,Colusa,011,21464,3520,3505,1094,4599,21
2022-06-10,Contra Costa,013,1133247,216246,211229,16259,227488,1315
2022-06-10,Del Norte,015,27424,6333,6253,268,6521,52
2022-06-10,El Dorado,017,186661,28906,28641,3571,32212,215
2022-06-10,Fresno,019,978130,241982,240345,25659,266004,2766
2022-06-10,Glenn,021,27897,5157,5104,1671,6775,48
2022-06-10,Humboldt,023,135768,18869,18696,3743,22439,148
2022-06-10,Imperial,025,180216,57366,57129,11119,68248,941
2022-06-10,Inyo,027,18085,4211,4194,599,4793,56
2022-06-10,Kern,029,883053,198538,197353,48728,246081,2338
2022-06-10,Kings,031,150075,53162,52978,3605,56583,447
2022-06-10,Lake,033,64148,11307,11202,980,12182,139
2022-06-10,Lassen,035,31185,9207,9172,906,10078,64
2022-06-10,Los Angeles,037,10098052,2905219,2878981,138550,3017531,31947
2022-06-10,Madera,039,155013,38788,38567,6563,45130,372
2022-06-10,Marin,041,260295,39053,38593,4344,42937,294
2022-06-10,Mariposa,043,17540,2658,2625,249,2874,30
2022-06-10,Mendocino,045,87422,14071,13945,3609,17554,127
2022-06-10,Merced,047,269075,64890,64286,9422,73708,825
2022-06-10,Modoc,049,8938,771,767,264,1031,8
2022-06-10,Mono,051,14174,3066,3052,170,3222,6
2022-06-10,Monterey,053,433212,84054,83391,16266,99657,739
2022-06-10,Napa,055,140530,28601,28202,1214,29416,143
2022-06-10,Nevada,057,99092,17126,16989,1398,18387,127
2022-06-10,Orange,059,3164182,585477,581624,47234,628858,7057
2022-06-10,Placer,061,380077,67932,67306,8229,75535,628
2022-06-10,Plumas,063,18699,3197,3172,388,3560,13
2022-06-10,Riverside,065,2383286,618885,615556,29795,645351,6481
2022-06-10,Sacramento,067,1510023,305266,302721,29749,332470,3058
2022-06-10,San Benito,069,59416,13935,13832,655,14487,99
2022-06-10,San Bernardino,071,2135413,598330,587385,26160,613545,7708
2022-06-10,San Diego,073,3302833,809314,805360,59391,864751,5315
2022-06-10,San Francisco,075,870044,151185,149278,9924,159202,890
2022-06-10,San Joaquin,077,732212,176214,174822,11427,186249,2244
2022-06-10,San Luis Obispo,079,281455,56643,56160,5019,61179,485
2022-06-10,San Mateo,081,765935,143391,141719,9093,150812,715
2022-06-10,Santa Barbara,083,443738,92765,92177,5337,97514,694
2022-06-10,Santa Clara,085,1922200,364107,359925,15626,375551,2322
2022-06-10,Santa Cruz,087,273765,53850,53171,2595,55766,264
2022-06-10,Shasta,089,179085,31636,31483,6312,37795,566
2022-06-10,Sierra,091,2930,280,278,56,334,4
2022-06-10,Siskiyou,093,43540,4665,4633,2893,7526,81
2022-06-10,Solano,095,438530,90890,89424,6404,95828,453
2022-06-10,Sonoma,097,501317,94124,93218,4017,97235,492
2022-06-10,Stanislaus,099,539301,123079,122267,18830,141097,1665
2022-06-10,Sutter,101,95872,21412,21333,2246,23579,227
2022-06-10,Tehama,103,63373,12401,12343,2682,15025,205
2022-06-10,Trinity,105,12862,1218,1213,292,1505,20
2022-06-10,Tulare,107,460477,109742,109467,29469,138936,1495
2022-06-10,Tuolumne,109,53932,13525,13382,658,14040,189
2022-06-10,Ventura,111,848112,184887,183680,11216,194896,1508
2022-06-10,Yolo,113,214977,41938,40202,3477,43679,323
2022-06-10,Yuba,115,75493,16752,16653,1389,18042,123
2022-06-09,Alameda,001,1643700,294611,292112,16471,308583,1877
2022-06-09,Alpine,003,1148,129,129,1,130,0
2022-06-09,Amador,005,37829,9023,8869,723,9592,87
2022-06-09,Butte,007,227075,34991,34596,7577,42173,427
2022-06-09,Calaveras,009,45235,7637,7604,401,8005,122
2022-06-09,Colusa,011,21464,3519,3505,1092,4597,21
2022-06-09,Contra Costa,013,1133247,215732,211229,16213,227442,1315
2022-06-09,Del Norte,015,27424,6320,6253,265,6518,52
2022-06-09,El Dorado,017,186661,28849,28641,3562,32203,215
2022-06-09,Fresno,019,978130,241628,240345,25612,265957,2766
2022-06-09,Glenn,021,27897,5151,5104,1669,6773,48
2022-06-09,Humboldt,023,135768,18820,18696,3732,22428,148
2022-06-09,Imperial,025,180216,57308,57129,11102,68231,941
2022-06-09,Inyo,027,18085,4208,4194,594,4788,56
2022-06-09,Kern,029,883053,198336,197353,48630,245983,2338
2022-06-09,Kings,031,150075,53121,52978,3602,56580,447
2022-06-09,Lake,033,64148,11282,11202,978,12180,139
2022-06-09,Lassen,035,31185,9188,9172,904,10076,64
2022-06-09,Los Angeles,037,10098052,2900825,2878981,138169,3017150,31947
2022-06-09,Madera,039,155013,38735,38567,6549,45116,372
2022-06-09,Marin,041,260295,38950,38593,4319,42912,294
2022-06-09,Mariposa,043,17540,2654,2625,248,2873,30
2022-06-09,Mendocino,045,87422,14043,13945,3607,17552,127
2022-06-09,Merced,047,269075,64812,64286,9413,73699,825
2022-06-09,Modoc,049,8938,770,767,264,1031,8
2022-06-09,Mono,051,14174,3060,3052,168,3220,6
2022-06-09,Monterey,053,433212,83934,83391,16197,99588,739
2022-06-09,Napa,055,140530,28541,28202,1212,29414,143
2022-06-09,Nevada,057,99092,17092,16989,1397,18386,127
2022-06-09,Orange,059,3164182,584413,581624,47087,628711,7057
2022-06-09,Placer,061,380077,67811,67306,8216,75522,628
2022-06-09,Plumas,063,18699,3191,3172,388,3560,13
2022-06-09,Riverside,065,2383286,618193,615556,29755,645311,6481
2022-06-09,Sacramento,067,1510023,304685,302721,29667,332388,3058
2022-06-09,San Benito,069,59416,13917,13832,653,14485,99
2022-06-09,San Bernardino,071,2135413,597663,587385,26127,613512,7708
2022-06-09,San Diego,073,3302833,807904,805360,59252,864612,5315
2022-06-09,San Francisco,075,870044,150792,149278,9894,159172,890
2022-06-09,San Joaquin,077,732212,175921,174822,11409,186231,2244
2022-06-09,San Luis Obispo,079,281455,56556,56160,4990,61150,485
2022-06-09,San Mateo,081,765935,143006,141719,9066,150785,715
2022-06-09,Santa Barbara,083,443738,92634,92177,5332,97509,694
2022-06-09,Santa Clara,085,1922200,363141,359925,15557,375482,2322
2022-06-09,Santa Cruz,087,273765,53718,53171,2585,55756,264
2022-06-09,Shasta,089,179085,31605,31483,6302,37785,566
2022-06-09,Sierra,091,2930,280,278,56,334,4
2022-06-09,Siskiyou,093,43540,4658,4633,2879,7512,81
2022-06-09,Solano,095,438530,90645,89424,6389,95813,453
2022-06-09,Sonoma,097,501317,93967,93218,3998,97216,492
2022-06-09,Stanislaus,099,539301,122911,122267,18816,141083,1665
2022-06-09,Sutter,101,95872,21375,21333,2246,23579,227
2022-06-09,Tehama,103,63373,12383,12343,2681,15024,205
2022-06-09,Trinity,105,12862,1217,1213,292,1505,20
2022-06-09,Tulare,107,460477,109621,109467,29433,138900,1495
2022-06-09,Tuolumne,109,53932,13494,13382,655,14037,189
2022-06-09,Ventura,111,848112,184619,183680,11182,194862,1508
2022-06-09,Yolo,113,214977,41825,40202,3462,43664,323
2022-06-09,Yuba,115,75493,16729,16653,1386,18039,123
2022-06-08,Alameda,001,1643700,293850,289661,16423,306084,1873
2022-06-08,Alpine,003,1148,129,128,1,129,0
2022-06-08,Amador,005,37829,9015,8818,721,9539,87
2022-06-08,Butte,007,227075,34924,34380,7559,41939,427
2022-06-08,Calaveras,009,45235,7623,7564,401,7965,122
2022-06-08,Colusa,011,21464,3517,3495,1089,4584,21
2022-06-08,Contra Costa,013,1133247,215220,209384,16148,225532,1310
2022-06-08,Del Norte,015,27424,6298,6229,265,6494,52
2022-06-08,El Dorado,017,186661,28797,28478,3553,32031,215
2022-06-08,Fresno,019,978130,241290,239376,25540,264916,2766
2022-06-08,Glenn,021,27897,5147,5095,1666,6761,48
2022-06-08,Humboldt,023,135768,18790,18598,3706,22304,147
2022-06-08,Imperial,025,180216,57232,56912,11082,67994,941
2022-06-08,Inyo,027,18085,4206,4189,594,4783,56
2022-06-08,Kern,029,883053,198067,196763,48520,245283,2338
2022-06-08,Kings,031,150075,53051,52821,3598,56419,447
2022-06-08,Lake,033,64148,11261,11158,975,12133,137
2022-06-08,Lassen,035,31185,9175,9148,904,10052,64
2022-06-08,Los Angeles,037,10098052,2896198,2865901,137784,3003685,31920
2022-06-08,Madera,039,155013,38690,38408,6536,44944,372
2022-06-08,Marin,041,260295,38857,38338,4302,42640,294
2022-06-08,Mariposa,043,17540,2644,2614,247,2861,30
2022-06-08,Mendocino,045,87422,14023,13859,3595,17454,127
2022-06-08,Merced,047,269075,64747,64080,9391,73471,825
2022-06-08,Modoc,049,8938,766,761,264,1025,8
2022-06-08,Mono,051,14174,3056,3044,168,3212,6
2022-06-08,Monterey,053,433212,83823,83063,16147,99210,740
2022-06-08,Napa,055,140530,28452,27996,1207,29203,143
2022-06-08,Nevada,057,99092,17066,16907,1393,18300,127
2022-06-08,Orange,059,3164182,583307,578530,46901,625431,7044
2022-06-08,Placer,061,380077,67682,66951,8204,75155,627
2022-06-08,Plumas,063,18699,3188,3150,387,3537,13
2022-06-08,Riverside,065,2383286,617507,613469,29720,643189,6480
2022-06-08,Sacramento,067,1510023,304047,300875,29584,330459,3054
2022-06-08,San Benito,069,59416,13883,13734,651,14385,99
2022-06-08,San Bernardino,071,2135413,596966,585029,26083,611112,7685
2022-06-08,San Diego,073,3302833,806405,800840,59076,859916,5308
2022-06-08,San Francisco,075,870044,150370,147960,9868,157828,885
2022-06-08,San Joaquin,077,732212,175646,173887,11382,185269,2241
2022-06-08,San Luis Obispo,079,281455,56400,55822,4927,60749,484
2022-06-08,San Mateo,081,765935,142606,140569,9017,149586,710
2022-06-08,Santa Barbara,083,443738,92495,91747,5321,97068,693
2022-06-08,Santa Clara,085,1922200,362175,356452,15506,371958,2321
2022-06-08,Santa Cruz,087,273765,53578,52753,2574,55327,264
2022-06-08,Shasta,089,179085,31572,31394,6291,37685,565
2022-06-08,Sierra,091,2930,280,278,56,334,4
2022-06-08,Siskiyou,093,43540,4653,4609,2877,7486,81
2022-06-08,Solano,095,438530,90379,88522,6367,94889,453
2022-06-08,Sonoma,097,501317,93782,92644,3964,96608,491
2022-06-08,Stanislaus,099,539301,122728,121787,18781,140568,1662
2022-06-08,Sutter,101,95872,21351,21256,2240,23496,227
2022-06-08,Tehama,103,63373,12376,12306,2680,14986,205
2022-06-08,Trinity,105,12862,1216,1211,291,1502,20
2022-06-08,Tulare,107,460477,109535,109091,29379,138470,1494
2022-06-08,Tuolumne,109,53932,13478,13335,654,13989,189
2022-06-08,Ventura,111,848112,184343,182847,11132,193979,1506
2022-06-08,Yolo,113,214977,41719,39962,3448,43410,321
2022-06-08,Yuba,115,75493,16704,16558,1378,17936,122
2022-06-07,Alameda,001,1643700,293039,289661,16379,306040,1873
2022-06-07,Alpine,003,1148,129,128,1,129,0
2022-06-07,Amador,005,37829,9005,8818,718,9536,87
2022-06-07,Butte,007,227075,34845,34380,7534,41914,427
2022-06-07,Calaveras,009,45235,7615,7564,399,7963,122
2022-06-07,Colusa,011,21464,3517,3495,1086,4581,21
2022-06-07,Contra Costa,013,1133247,214661,209384,16095,225479,1310
2022-06-07,Del Norte,015,27424,6290,6229,262,6491,52
2022-06-07,El Dorado,017,186661,28733,28478,3542,32020,215
2022-06-07,Fresno,019,978130,240908,239376,25475,264851,2766
2022-06-07,Glenn,021,27897,5140,5095,1666,6761,48
2022-06-07,Humboldt,023,135768,18752,18598,3690,22288,147
2022-06-07,Imperial,025,180216,57173,56912,11049,67961,941
2022-06-07,Inyo,027,18085,4205,4189,586,4775,56
2022-06-07,Kern,029,883053,197812,196763,48412,245175,2338
2022-06-07,Kings,031,150075,52993,52821,3594,56415,447
2022-06-07,Lake,033,64148,11236,11158,969,12127,137
2022-06-07,Lassen,035,31185,9166,9148,903,10051,64
2022-06-07,Los Angeles,037,10098052,2890868,2865901,137348,3003249,31920
2022-06-07,Madera,039,155013,38618,38408,6520,44928,372
2022-06-07,Marin,041,260295,38773,38338,4275,42613,294
2022-06-07,Mariposa,043,17540,2637,2614,245,2859,30
2022-06-07,Mendocino,045,87422,13991,13859,3564,17423,127
2022-06-07,Merced,047,269075,64656,64080,9375,73455,825
2022-06-07,Modoc,049,8938,766,761,262,1023,8
2022-06-07,Mono,051,14174,3054,3044,166,3210,6
2022-06-07,Monterey,053,433212,83695,83063,16093,99156,740
2022-06-07,Napa,055,140530,28378,27996,1199,29195,143
2022-06-07,Nevada,057,99092,17039,16907,1387,18294,127
2022-06-07,Orange,059,3164182,582190,578530,46741,625271,7044
2022-06-07,Placer,061,380077,67530,66951,8172,75123,627
2022-06-07,Plumas,063,18699,3183,3150,386,3536,13
2022-06-07,Riverside,065,2383286,616627,613469,29669,643138,6480
2022-06-07,Sacramento,067,1510023,303325,300875,29481,330356,3054
2022-06-07,San Benito,069,59416,13841,13734,647,14381,99
2022-06-07,San Bernardino,071,2135413,596188,585029,26055,611084,7685
2022-06-07,San Diego,073,3302833,804828,800840,58866,859706,5308
2022-06-07,San Francisco,075,870044,149855,147960,9846,157806,885
2022-06-07,San Joaquin,077,732212,175313,173887,11344,185231,2241
2022-06-07,San Luis Obispo,079,281455,56297,55822,4882,60704,484
2022-06-07,San Mateo,081,765935,142187,140569,8961,149530,710
2022-06-07,Santa Barbara,083,443738,92349,91747,5308,97055,693
2022-06-07,Santa Clara,085,1922200,361040,356452,15425,371877,2321
2022-06-07,Santa Cruz,087,273765,53477,52753,2567,55320,264
2022-06-07,Shasta,089,179085,31535,31394,6284,37678,565
2022-06-07,Sierra,091,2930,279,278,56,334,4
2022-06-07,Siskiyou,093,43540,4646,4609,2873,7482,81
2022-06-07,Solano,095,438530,90053,88522,6349,94871,453
2022-06-07,Sonoma,097,501317,93552,92644,3932,96576,491
2022-06-07,Stanislaus,099,539301,122555,121787,18761,140548,1662
2022-06-07,Sutter,101,95872,21322,21256,2238,23494,227
2022-06-07,Tehama,103,63373,12360,12306,2676,14982,205
2022-06-07,Trinity,105,12862,1215,1211,291,1502,20
2022-06-07,Tulare,107,460477,109408,109091,29329,138420,1494
2022-06-07,Tuolumne,109,53932,13465,13335,652,13987,189
2022-06-07,Ventura,111,848112,183978,182847,11088,193935,1506
2022-06-07,Yolo,113,214977,41602,39962,3439,43401,321
2022-06-07,Yuba,115,75493,16675,16558,1377,17935,122
2022-06-06,Alameda,001,1643700,292157,289661,16326,305987,1873
2022-06-06,Alpine,003,1148,129,128,1,129,0
2022-06-06,Amador,005,37829,8954,8818,716,9534,87
2022-06-06,Butte,007,227075,34781,34380,7520,41900,427
2022-06-06,Calaveras,009,45235,7604,7564,399,7963,122
2022-06-06,Colusa,011,21464,3516,3495,1082,4577,21
2022-06-06,Contra Costa,013,1133247,214009,209384,16013,225397,1310
2022-06-06,Del Norte,015,27424,6282,6229,261,6490,52
2022-06-06,El Dorado,017,186661,28684,28478,3530,32008,215
2022-06-06,Fresno,019,978130,240491,239376,25407,264783,2766
2022-06-06,Glenn,021,27897,5132,5095,1663,6758,48
2022-06-06,Humboldt,023,135768,18714,18598,3677,22275,147
2022-06-06,Imperial,025,180216,57099,56912,11016,67928,941
2022-06-06,Inyo,027,18085,4201,4189,583,4772,56
2022-06-06,Kern,029,883053,197530,196763,48282,245045,2338
2022-06-06,Kings,031,150075,52933,52821,3591,56412,447
2022-06-06,Lake,033,64148,11216,11158,963,12121,137
2022-06-06,Lassen,035,31185,9156,9148,902,10050,64
2022-06-06,Los Angeles,037,10098052,2885230,2865901,136932,3002833,31920
2022-06-06,Madera,039,155013,38550,38408,6492,44900,372
2022-06-06,Marin,041,260295,38648,38338,4238,42576,294
2022-06-06,Mariposa,043,17540,2627,2614,243,2857,30
2022-06-06,Mendocino,045,87422,13962,13859,3553,17412,127
2022-06-06,Merced,047,269075,64534,64080,9351,73431,825
2022-06-06,Modoc,049,8938,764,761,260,1021,8
2022-06-06,Mono,051,14174,3051,3044,165,3209,6
2022-06-06,Monterey,053,433212,83552,83063,16028,99091,740
2022-06-06,Napa,055,140530,28300,27996,1190,29186,143
2022-06-06,Nevada,057,99092,17011,16907,1383,18290,127
2022-06-06,Orange,059,3164182,581063,578530,46582,625112,7044
2022-06-06,Placer,061,380077,67414,66951,8140,75091,627
2022-06-06,Plumas,063,18699,3176,3150,385,3535,13
2022-06-06,Riverside,065,2383286,615834,613469,29619,643088,6480
2022-06-06,Sacramento,067,1510023,302552,300875,29378,330253,3054
2022-06-06,San Benito,069,59416,13793,13734,643,14377,99
2022-06-06,San Bernardino,071,2135413,595418,585029,26013,611042,7685
2022-06-06,San Diego,073,3302833,803038,800840,58631,859471,5308
2022-06-06,San Francisco,075,870044,149336,147960,9823,157783,885
2022-06-06,San Joaquin,077,732212,174932,173887,11313,185200,2241
2022-06-06,San Luis Obispo,079,281455,56188,55822,4849,60671,484
2022-06-06,San Mateo,081,765935,141707,140569,8923,149492,710
2022-06-06,Santa Barbara,083,443738,92172,91747,5290,97037,693
2022-06-06,Santa Clara,085,1922200,359779,356452,15342,371794,2321
2022-06-06,Santa Cruz,087,273765,53322,52753,2555,55308,264
2022-06-06,Shasta,089,179085,31500,31394,6272,37666,565
2022-06-06,Sierra,091,2930,279,278,56,334,4
2022-06-06,Siskiyou,093,43540,4636,4609,2863,7472,81
2022-06-06,Solano,095,438530,89763,88522,6330,94852,453
2022-06-06,Sonoma,097,501317,93311,92644,3904,96548,491
2022-06-06,Stanislaus,099,539301,122368,121787,18736,140523,1662
2022-06-06,Sutter,101,95872,21292,21256,2232,23488,227
2022-06-06,Tehama,103,63373,12348,12306,2674,14980,205
2022-06-06,Trinity,105,12862,1213,1211,291,1502,20
2022-06-06,Tulare,107,460477,109269,109091,29274,138365,1494
2022-06-06,Tuolumne,109,53932,13446,13335,651,13986,189
2022-06-06,Ventura,111,848112,183671,182847,11045,193892,1506
2022-06-06,Yolo,113,214977,41444,39962,3428,43390,321
2022-06-06,Yuba,115,75493,16632,16558,1370,17928,122
2022-06-05,Alameda,001,1643700,291106,285785,16265,302050,1873
2022-06-05,Alpine,003,1148,128,128,1,129,0
2022-06-05,Amador,005,37829,8916,8775,713,9488,87
2022-06-05,Butte,007,227075,34702,34129,7502,41631,427
2022-06-05,Calaveras,009,45235,7588,7525,393,7918,121
2022-06-05,Colusa,011,21464,3510,3484,1082,4566,21
2022-06-05,Contra Costa,013,1133247,213299,206711,15900,222611,1310
2022-06-05,Del Norte,015,27424,6271,6206,257,6463,52
2022-06-05,El Dorado,017,186661,28608,28241,3522,31763,214
2022-06-05,Fresno,019,978130,240029,237945,25318,263263,2766
2022-06-05,Glenn,021,27897,5125,5063,1663,6726,48
2022-06-05,Humboldt,023,135768,18665,18433,3655,22088,147
2022-06-05,Imperial,025,180216,57003,56690,10968,67658,941
2022-06-05,Inyo,027,18085,4197,4176,578,4754,56
2022-06-05,Kern,029,883053,197219,195863,48168,244031,2338
2022-06-05,Kings,031,150075,52858,52597,3585,56182,447
2022-06-05,Lake,033,64148,11197,11064,959,12023,137
2022-06-05,Lassen,035,31185,9148,9106,898,10004,64
2022-06-05,Los Angeles,037,10098052,2879166,2846989,136407,2983396,31899
2022-06-05,Madera,039,155013,38488,38188,6476,44664,372
2022-06-05,Marin,041,260295,38535,37879,4205,42084,294
2022-06-05,Mariposa,043,17540,2625,2557,242,2799,30
2022-06-05,Mendocino,045,87422,13926,13738,3506,17244,125
2022-06-05,Merced,047,269075,64443,63756,9318,73074,825
2022-06-05,Modoc,049,8938,763,759,260,1019,8
2022-06-05,Mono,051,14174,3048,3037,163,3200,6
2022-06-05,Monterey,053,433212,83392,82451,15945,98396,738
2022-06-05,Napa,055,140530,28171,27686,1181,28867,143
2022-06-05,Nevada,057,99092,16967,16728,1367,18095,127
2022-06-05,Orange,059,3164182,579799,574146,46398,620544,7038
2022-06-05,Placer,061,380077,67273,66428,8107,74535,627
2022-06-05,Plumas,063,18699,3168,3138,385,3523,13
2022-06-05,Riverside,065,2383286,614898,610369,29556,639925,6481
2022-06-05,Sacramento,067,1510023,301637,297787,29236,327023,3052
2022-06-05,San Benito,069,59416,13748,13572,637,14209,99
2022-06-05,San Bernardino,071,2135413,594440,582305,25968,608273,7664
2022-06-05,San Diego,073,3302833,801135,794822,58440,853262,5303
2022-06-05,San Francisco,075,870044,148748,145876,9770,155646,881
2022-06-05,San Joaquin,077,732212,174498,172621,11267,183888,2242
2022-06-05,San Luis Obispo,079,281455,56026,55333,4776,60109,484
2022-06-05,San Mateo,081,765935,141193,138536,8875,147411,710
2022-06-05,Santa Barbara,083,443738,91980,90911,5271,96182,693
2022-06-05,Santa Clara,085,1922200,358371,351492,15252,366744,2317
2022-06-05,Santa Cruz,087,273765,53130,52333,2542,54875,263
2022-06-05,Shasta,089,179085,31459,31272,6261,37533,565
2022-06-05,Sierra,091,2930,279,278,56,334,4
2022-06-05,Siskiyou,093,43540,4631,4591,2851,7442,81
2022-06-05,Solano,095,438530,89421,87571,6313,93884,452
2022-06-05,Sonoma,097,501317,93032,91518,3875,95393,491
2022-06-05,Stanislaus,099,539301,122171,121001,18708,139709,1661
2022-06-05,Sutter,101,95872,21260,21125,2225,23350,227
2022-06-05,Tehama,103,63373,12329,12262,2671,14933,204
2022-06-05,Trinity,105,12862,1213,1204,291,1495,20
2022-06-05,Tulare,107,460477,109081,108598,29198,137796,1490
2022-06-05,Tuolumne,109,53932,13417,13251,638,13889,189
2022-06-05,Ventura,111,848112,183318,181709,10988,192697,1505
2022-06-05,Yolo,113,214977,41312,39561,3416,42977,321
2022-06-05,Yuba,115,75493,16592,16467,1362,17829,122
2022-06-04,Alameda,001,1643700,290605,285785,16245,302030,1873
2022-06-04,Alpine,003,1148,128,128,1,129,0
2022-06-04,Amador,005,37829,8907,8775,711,9486,87
2022-06-04,Butte,007,227075,34663,34129,7497,41626,427
2022-06-04,Calaveras,009,45235,7574,7525,393,7918,121
2022-06-04,Colusa,011,21464,3507,3484,1077,4561,21
2022-06-04,Contra Costa,013,1133247,212911,206711,15861,222572,1310
2022-06-04,Del Norte,015,27424,6270,6206,257,6463,52
2022-06-04,El Dorado,017,186661,28569,28241,3518,31759,214
2022-06-04,Fresno,019,978130,239858,237945,25301,263246,2766
2022-06-04,Glenn,021,27897,5121,5063,1662,6725,48
2022-06-04,Humboldt,023,135768,18643,18433,3649,22082,147
2022-06-04,Imperial,025,180216,56952,56690,10956,67646,941
2022-06-04,Inyo,027,18085,4197,4176,577,4753,56
2022-06-04,Kern,029,883053,197096,195863,48099,243962,2338
2022-06-04,Kings,031,150075,52816,52597,3585,56182,447
2022-06-04,Lake,033,64148,11182,11064,953,12017,137
2022-06-04,Lassen,035,31185,9143,9106,897,10003,64
2022-06-04,Los Angeles,037,10098052,2876715,2846989,136131,2983120,31899
2022-06-04,Madera,039,155013,38454,38188,6472,44660,372
2022-06-04,Marin,041,260295,38458,37879,4164,42043,294
2022-06-04,Mariposa,043,17540,2622,2557,242,2799,30
2022-06-04,Mendocino,045,87422,13913,13738,3505,17243,125
2022-06-04,Merced,047,269075,64393,63756,9310,73066,825
2022-06-04,Modoc,049,8938,762,759,259,1018,8
2022-06-04,Mono,051,14174,3048,3037,163,3200,6
2022-06-04,Monterey,053,433212,83307,82451,15910,98361,738
2022-06-04,Napa,055,140530,28129,27686,1179,28865,143
2022-06-04,Nevada,057,99092,16954,16728,1366,18094,127
2022-06-04,Orange,059,3164182,579159,574146,46272,620418,7038
2022-06-04,Placer,061,380077,67191,66428,8090,74518,627
2022-06-04,Plumas,063,18699,3164,3138,384,3522,13
2022-06-04,Riverside,065,2383286,614363,610369,29531,639900,6481
2022-06-04,Sacramento,067,1510023,301280,297787,29208,326995,3052
2022-06-04,San Benito,069,59416,13722,13572,634,14206,99
2022-06-04,San Bernardino,071,2135413,593990,582305,25939,608244,7664
2022-06-04,San Diego,073,3302833,800406,794822,58393,853215,5303
2022-06-04,San Francisco,075,870044,148420,145876,9749,155625,881
2022-06-04,San Joaquin,077,732212,174353,172621,11233,183854,2242
2022-06-04,San Luis Obispo,079,281455,55988,55333,4769,60102,484
2022-06-04,San Mateo,081,765935,140889,138536,8847,147383,710
2022-06-04,Santa Barbara,083,443738,91882,90911,5250,96161,693
2022-06-04,Santa Clara,085,1922200,357494,351492,15211,366703,2317
2022-06-04,Santa Cruz,087,273765,53045,52333,2529,54862,263
2022-06-04,Shasta,089,179085,31436,31272,6258,37530,565
2022-06-04,Sierra,091,2930,279,278,56,334,4
2022-06-04,Siskiyou,093,43540,4627,4591,2845,7436,81
2022-06-04,Solano,095,438530,89337,87571,6296,93867,452
2022-06-04,Sonoma,097,501317,92879,91518,3861,95379,491
2022-06-04,Stanislaus,099,539301,122033,121001,18693,139694,1661
2022-06-04,Sutter,101,95872,21233,21125,2222,23347,227
2022-06-04,Tehama,103,63373,12315,12262,2670,14932,204
2022-06-04,Trinity,105,12862,1213,1204,291,1495,20
2022-06-04,Tulare,107,460477,109015,108598,29156,137754,1490
2022-06-04,Tuolumne,109,53932,13407,13251,635,13886,189
2022-06-04,Ventura,111,848112,183133,181709,10971,192680,1505
2022-06-04,Yolo,113,214977,41234,39561,3411,42972,321
2022-06-04,Yuba,115,75493,16576,16467,1358,17825,122
2022-06-03,Alameda,001,1643700,290071,285785,16219,302004,1873
2022-06-03,Alpine,003,1148,128,128,1,129,0
2022-06-03,Amador,005,37829,8901,8775,709,9484,87
2022-06-03,Butte,007,227075,34612,34129,7488,41617,427
2022-06-03,Calaveras,009,45235,7569,7525,393,7918,121
2022-06-03,Colusa,011,21464,3507,3484,1075,4559,21
2022-06-03,Contra Costa,013,1133247,212600,206711,15832,222543,1310
2022-06-03,Del Norte,015,27424,6266,6206,254,6460,52
2022-06-03,El Dorado,017,186661,28540,28241,3515,31756,214
2022-06-03,Fresno,019,978130,239629,237945,25269,263214,2766
2022-06-03,Glenn,021,27897,5115,5063,1659,6722,48
2022-06-03,Humboldt,023,135768,18623,18433,3644,22077,147
2022-06-03,Imperial,025,180216,56906,56690,10946,67636,941
2022-06-03,Inyo,027,18085,4196,4176,577,4753,56
2022-06-03,Kern,029,883053,196955,195863,48031,243894,2338
2022-06-03,Kings,031,150075,52792,52597,3585,56182,447
2022-06-03,Lake,033,64148,11171,11064,950,12014,137
2022-06-03,Lassen,035,31185,9138,9106,897,10003,64
2022-06-03,Los Angeles,037,10098052,2873814,2846989,135848,2982837,31899
2022-06-03,Madera,039,155013,38410,38188,6463,44651,372
2022-06-03,Marin,041,260295,38389,37879,4129,42008,294
2022-06-03,Mariposa,043,17540,2618,2557,242,2799,30
2022-06-03,Mendocino,045,87422,13891,13738,3504,17242,125
2022-06-03,Merced,047,269075,64342,63756,9307,73063,825
2022-06-03,Modoc,049,8938,762,759,259,1018,8
2022-06-03,Mono,051,14174,3045,3037,163,3200,6
2022-06-03,Monterey,053,433212,83208,82451,15863,98314,738
2022-06-03,Napa,055,140530,28079,27686,1171,28857,143
2022-06-03,Nevada,057,99092,16933,16728,1365,18093,127
2022-06-03,Orange,059,3164182,578475,574146,46168,620314,7038
2022-06-03,Placer,061,380077,67110,66428,8073,74501,627
2022-06-03,Plumas,063,18699,3162,3138,383,3521,13
2022-06-03,Riverside,065,2383286,613838,610369,29501,639870,6481
2022-06-03,Sacramento,067,1510023,300810,297787,29175,326962,3052
2022-06-03,San Benito,069,59416,13709,13572,630,14202,99
2022-06-03,San Bernardino,071,2135413,593529,582305,25904,608209,7664
2022-06-03,San Diego,073,3302833,799456,794822,58270,853092,5303
2022-06-03,San Francisco,075,870044,148052,145876,9717,155593,881
2022-06-03,San Joaquin,077,732212,174190,172621,11215,183836,2242
2022-06-03,San Luis Obispo,079,281455,55943,55333,4760,60093,484
2022-06-03,San Mateo,081,765935,140606,138536,8834,147370,710
2022-06-03,Santa Barbara,083,443738,91763,90911,5248,96159,693
2022-06-03,Santa Clara,085,1922200,356601,351492,15165,366657,2317
2022-06-03,Santa Cruz,087,273765,52913,52333,2516,54849,263
2022-06-03,Shasta,089,179085,31424,31272,6257,37529,565
2022-06-03,Sierra,091,2930,279,278,56,334,4
2022-06-03,Siskiyou,093,43540,4622,4591,2844,7435,81
2022-06-03,Solano,095,438530,89221,87571,6287,93858,452
2022-06-03,Sonoma,097,501317,92734,91518,3852,95370,491
2022-06-03,Stanislaus,099,539301,121926,121001,18672,139673,1661
2022-06-03,Sutter,101,95872,21210,21125,2221,23346,227
2022-06-03,Tehama,103,63373,12309,12262,2669,14931,204
2022-06-03,Trinity,105,12862,1211,1204,291,1495,20
2022-06-03,Tulare,107,460477,108947,108598,29121,137719,1490
2022-06-03,Tuolumne,109,53932,13396,13251,632,13883,189
2022-06-03,Ventura,111,848112,182945,181709,10946,192655,1505
2022-06-03,Yolo,113,214977,41171,39561,3397,42958,321
2022-06-03,Yuba,115,75493,16551,16467,1356,17823,122
2022-06-02,Alameda,001,1643700,289172,285785,16156,301941,1873
2022-06-02,Alpine,003,1148,128,128,1,129,0
2022-06-02,Amador,005,37829,8878,8775,707,9482,87
2022-06-02,Butte,007,227075,34537,34129,7472,41601,427
2022-06-02,Calaveras,009,45235,7556,7525,392,7917,121
2022-06-02,Colusa,011,21464,3504,3484,1075,4559,21
2022-06-02,Contra Costa,013,1133247,212013,206711,15740,222451,1310
2022-06-02,Del Norte,015,27424,6256,6206,253,6459,52
2022-06-02,El Dorado,017,186661,28473,28241,3503,31744,214
2022-06-02,Fresno,019,978130,239286,237945,25212,263157,2766
2022-06-02,Glenn,021,27897,5108,5063,1654,6717,48
2022-06-02,Humboldt,023,135768,18582,18433,3623,22056,147
2022-06-02,Imperial,025,180216,56847,56690,10935,67625,941
2022-06-02,Inyo,027,18085,4196,4176,574,4750,56
2022-06-02,Kern,029,883053,196672,195863,47927,243790,2338
2022-06-02,Kings,031,150075,52739,52597,3580,56177,447
2022-06-02,Lake,033,64148,11149,11064,948,12012,137
2022-06-02,Lassen,035,31185,9127,9106,897,10003,64
2022-06-02,Los Angeles,037,10098052,2868898,2846989,135425,2982414,31899
2022-06-02,Madera,039,155013,38357,38188,6450,44638,372
2022-06-02,Marin,041,260295,38291,37879,4102,41981,294
2022-06-02,Mariposa,043,17540,2613,2557,241,2798,30
2022-06-02,Mendocino,045,87422,13862,13738,3496,17234,125
2022-06-02,Merced,047,269075,64264,63756,9298,73054,825
2022-06-02,Modoc,049,8938,761,759,259,1018,8
2022-06-02,Mono,051,14174,3045,3037,163,3200,6
2022-06-02,Monterey,053,433212,83056,82451,15799,98250,738
2022-06-02,Napa,055,140530,28003,27686,1168,28854,143
2022-06-02,Nevada,057,99092,16896,16728,1360,18088,127
2022-06-02,Orange,059,3164182,577447,574146,46023,620169,7038
2022-06-02,Placer,061,380077,66989,66428,8049,74477,627
2022-06-02,Plumas,063,18699,3153,3138,383,3521,13
2022-06-02,Riverside,065,2383286,613152,610369,29442,639811,6481
2022-06-02,Sacramento,067,1510023,300171,297787,29069,326856,3052
2022-06-02,San Benito,069,59416,13676,13572,628,14200,99
2022-06-02,San Bernardino,071,2135413,592847,582305,25859,608164,7664
2022-06-02,San Diego,073,3302833,798083,794822,58101,852923,5303
2022-06-02,San Francisco,075,870044,147635,145876,9667,155543,881
2022-06-02,San Joaquin,077,732212,173881,172621,11184,183805,2242
2022-06-02,San Luis Obispo,079,281455,55813,55333,4725,60058,484
2022-06-02,San Mateo,081,765935,140228,138536,8781,147317,710
2022-06-02,Santa Barbara,083,443738,91589,90911,5233,96144,693
2022-06-02,Santa Clara,085,1922200,355507,351492,15045,366537,2317
2022-06-02,Santa Cruz,087,273765,52797,52333,2505,54838,263
2022-06-02,Shasta,089,179085,31394,31272,6250,37522,565
2022-06-02,Sierra,091,2930,279,278,56,334,4
2022-06-02,Siskiyou,093,43540,4615,4591,2835,7426,81
2022-06-02,Solano,095,438530,88948,87571,6276,93847,452
2022-06-02,Sonoma,097,501317,92508,91518,3826,95344,491
2022-06-02,Stanislaus,099,539301,121768,121001,18643,139644,1661
2022-06-02,Sutter,101,95872,21183,21125,2215,23340,227
2022-06-02,Tehama,103,63373,12297,12262,2662,14924,204
2022-06-02,Trinity,105,12862,1209,1204,291,1495,20
2022-06-02,Tulare,107,460477,108817,108598,29055,137653,1490
2022-06-02,Tuolumne,109,53932,13377,13251,630,13881,189
2022-06-02,Ventura,111,848112,182674,181709,10912,192621,1505
2022-06-02,Yolo,113,214977,41062,39561,3387,42948,321
2022-06-02,Yuba,115,75493,16530,16467,1349,17816,122
2022-06-01,Alameda,001,1643700,288168,284051,16100,300151,1868
2022-06-01,Alpine,003,1148,128,128,1,129,0
2022-06-01,Amador,005,37829,8872,8741,705,9446,87
2022-06-01,Butte,007,227075,34467,34059,7458,41517,427
2022-06-01,Calaveras,009,45235,7551,7502,389,7891,120
2022-06-01,Colusa,011,21464,3501,3476,1075,4551,21
2022-06-01,Contra Costa,013,1133247,211368,205699,15663,221362,1310
2022-06-01,Del Norte,015,27424,6246,6188,252,6440,51
2022-06-01,El Dorado,017,186661,28411,28133,3485,31618,214
2022-06-01,Fresno,019,978130,238929,237367,25157,262524,2765
2022-06-01,Glenn,021,27897,5103,5059,1654,6713,48
2022-06-01,Humboldt,023,135768,18539,18371,3600,21971,147
2022-06-01,Imperial,025,180216,56780,56445,10908,67353,938
2022-06-01,Inyo,027,18085,4192,4171,568,4739,56
2022-06-01,Kern,029,883053,196446,195438,47848,243286,2336
2022-06-01,Kings,031,150075,52682,52491,3576,56067,447
2022-06-01,Lake,033,64148,11128,11024,943,11967,137
2022-06-01,Lassen,035,31185,9114,9083,896,9979,64
2022-06-01,Los Angeles,037,10098052,2863502,2836856,134995,2971851,31882
2022-06-01,Madera,039,155013,38319,38115,6436,44551,372
2022-06-01,Marin,041,260295,38176,37654,4061,41715,293
2022-06-01,Mariposa,043,17540,2598,2549,240,2789,30
2022-06-01,Mendocino,045,87422,13835,13692,3480,17172,125
2022-06-01,Merced,047,269075,64182,63637,9280,72917,824
2022-06-01,Modoc,049,8938,758,755,258,1013,8
2022-06-01,Mono,051,14174,3043,3035,162,3197,6
2022-06-01,Monterey,053,433212,82901,82215,15736,97951,737
2022-06-01,Napa,055,140530,27927,27580,1158,28738,143
2022-06-01,Nevada,057,99092,16857,16693,1351,18044,127
2022-06-01,Orange,059,3164182,576197,571973,45868,617841,7032
2022-06-01,Placer,061,380077,66846,66199,8016,74215,627
2022-06-01,Plumas,063,18699,3146,3117,382,3499,13
2022-06-01,Riverside,065,2383286,612418,608913,29396,638309,6480
2022-06-01,Sacramento,067,1510023,299419,296457,28964,325421,3045
2022-06-01,San Benito,069,59416,13638,13510,617,14127,98
2022-06-01,San Bernardino,071,2135413,592136,580767,25821,606588,7641
2022-06-01,San Diego,073,3302833,796389,791557,57902,849459,5292
2022-06-01,San Francisco,075,870044,147115,144476,9628,154104,879
2022-06-01,San Joaquin,077,732212,173583,172170,11155,183325,2241
2022-06-01,San Luis Obispo,079,281455,55646,55099,4692,59791,482
2022-06-01,San Mateo,081,765935,139747,137566,8706,146272,710
2022-06-01,Santa Barbara,083,443738,91406,90531,5218,95749,693
2022-06-01,Santa Clara,085,1922200,354343,348742,14962,363704,2317
2022-06-01,Santa Cruz,087,273765,52684,52141,2495,54636,263
2022-06-01,Shasta,089,179085,31363,31247,6247,37494,564
2022-06-01,Sierra,091,2930,279,280,56,336,4
2022-06-01,Siskiyou,093,43540,4610,4574,2830,7404,81
2022-06-01,Solano,095,438530,88714,87206,6248,93454,452
2022-06-01,Sonoma,097,501317,92255,91174,3802,94976,491
2022-06-01,Stanislaus,099,539301,121577,120778,18621,139399,1656
2022-06-01,Sutter,101,95872,21154,21065,2211,23276,227
2022-06-01,Tehama,103,63373,12290,12245,2658,14903,204
2022-06-01,Trinity,105,12862,1208,1200,290,1490,20
2022-06-01,Tulare,107,460477,108705,108401,28998,137399,1490
2022-06-01,Tuolumne,109,53932,13363,13221,629,13850,189
2022-06-01,Ventura,111,848112,182391,181163,10881,192044,1503
2022-06-01,Yolo,113,214977,40978,39371,3376,42747,320
2022-06-01,Yuba,115,75493,16506,16406,1341,17747,122
2022-05-31,Alameda,001,1643700,287065,284051,16046,300097,1868
2022-05-31,Alpine,003,1148,128,128,1,129,0
2022-05-31,Amador,005,37829,8854,8741,699,9440,87
2022-05-31,Butte,007,227075,34406,34059,7440,41499,427
2022-05-31,Calaveras,009,45235,7540,7502,389,7891,120
2022-05-31,Colusa,011,21464,3496,3476,1074,4550,21
2022-05-31,Contra Costa,013,1133247,210619,205699,15568,221267,1310
2022-05-31,Del Norte,015,27424,6237,6188,250,6438,51
2022-05-31,El Dorado,017,186661,28349,28133,3465,31598,214
2022-05-31,Fresno,019,978130,238527,237367,25089,262456,2765
2022-05-31,Glenn,021,27897,5095,5059,1652,6711,48
2022-05-31,Humboldt,023,135768,18508,18371,3580,21951,147
2022-05-31,Imperial,025,180216,56716,56445,10884,67329,938
2022-05-31,Inyo,027,18085,4186,4171,566,4737,56
2022-05-31,Kern,029,883053,196203,195438,47752,243190,2336
2022-05-31,Kings,031,150075,52631,52491,3569,56060,447
2022-05-31,Lake,033,64148,11109,11024,939,11963,137
2022-05-31,Lassen,035,31185,9102,9083,895,9978,64
2022-05-31,Los Angeles,037,10098052,2857428,2836856,134531,2971387,31882
2022-05-31,Madera,039,155013,38255,38115,6416,44531,372
2022-05-31,Marin,041,260295,38038,37654,4025,41679,293
2022-05-31,Mariposa,043,17540,2592,2549,235,2784,30
2022-05-31,Mendocino,045,87422,13800,13692,3463,17155,125
2022-05-31,Merced,047,269075,64096,63637,9257,72894,824
2022-05-31,Modoc,049,8938,756,755,258,1013,8
2022-05-31,Mono,051,14174,3039,3035,162,3197,6
2022-05-31,Monterey,053,433212,82741,82215,15670,97885,737
2022-05-31,Napa,055,140530,27834,27580,1155,28735,143
2022-05-31,Nevada,057,99092,16810,16693,1349,18042,127
2022-05-31,Orange,059,3164182,574970,571973,45686,617659,7032
2022-05-31,Placer,061,380077,66686,66199,7986,74185,627
2022-05-31,Plumas,063,18699,3142,3117,381,3498,13
2022-05-31,Riverside,065,2383286,611505,608913,29334,638247,6480
2022-05-31,Sacramento,067,1510023,298567,296457,28824,325281,3045
2022-05-31,San Benito,069,59416,13583,13510,612,14122,98
2022-05-31,San Bernardino,071,2135413,591246,580767,25786,606553,7641
2022-05-31,San Diego,073,3302833,794510,791557,57697,849254,5292
2022-05-31,San Francisco,075,870044,146473,144476,9586,154062,879
2022-05-31,San Joaquin,077,732212,173206,172170,11116,183286,2241
2022-05-31,San Luis Obispo,079,281455,55496,55099,4627,59726,482
2022-05-31,San Mateo,081,765935,139189,137566,8664,146230,710
2022-05-31,Santa Barbara,083,443738,91182,90531,5195,95726,693
2022-05-31,Santa Clara,085,1922200,352830,348742,14885,363627,2317
2022-05-31,Santa Cruz,087,273765,52564,52141,2475,54616,263
2022-05-31,Shasta,089,179085,31329,31247,6236,37483,564
2022-05-31,Sierra,091,2930,278,280,55,335,4
2022-05-31,Siskiyou,093,43540,4605,4574,2824,7398,81
2022-05-31,Solano,095,438530,88382,87206,6225,93431,452
2022-05-31,Sonoma,097,501317,91966,91174,3763,94937,491
2022-05-31,Stanislaus,099,539301,121373,120778,18596,139374,1656
2022-05-31,Sutter,101,95872,21125,21065,2205,23270,227
2022-05-31,Tehama,103,63373,12281,12245,2653,14898,204
2022-05-31,Trinity,105,12862,1207,1200,290,1490,20
2022-05-31,Tulare,107,460477,108567,108401,28939,137340,1490
2022-05-31,Tuolumne,109,53932,13348,13221,626,13847,189
2022-05-31,Ventura,111,848112,182071,181163,10832,191995,1503
2022-05-31,Yolo,113,214977,40804,39371,3365,42736,320
2022-05-31,Yuba,115,75493,16474,16406,1335,17741,122
2022-05-30,Alameda,001,1643700,285692,284051,15956,300007,1868
2022-05-30,Alpine,003,1148,128,128,1,129,0
2022-05-30,Amador,005,37829,8839,8741,698,9439,87
2022-05-30,Butte,007,227075,34329,34059,7417,41476,427
2022-05-30,Calaveras,009,45235,7531,7502,389,7891,120
2022-05-30,Colusa,011,21464,3494,3476,1073,4549,21
2022-05-30,Contra Costa,013,1133247,209778,205699,15432,221131,1310
2022-05-30,Del Norte,015,27424,6219,6188,249,6437,51
2022-05-30,El Dorado,017,186661,28273,28133,3445,31578,214
2022-05-30,Fresno,019,978130,238054,237367,25014,262381,2765
2022-05-30,Glenn,021,27897,5090,5059,1649,6708,48
2022-05-30,Humboldt,023,135768,18454,18371,3552,21923,147
2022-05-30,Imperial,025,180216,56635,56445,10857,67302,938
2022-05-30,Inyo,027,18085,4181,4171,565,4736,56
2022-05-30,Kern,029,883053,195923,195438,47638,243076,2336
2022-05-30,Kings,031,150075,52535,52491,3569,56060,447
2022-05-30,Lake,033,64148,11080,11024,930,11954,137
2022-05-30,Lassen,035,31185,9087,9083,892,9975,64
2022-05-30,Los Angeles,037,10098052,2850099,2836856,134026,2970882,31882
2022-05-30,Madera,039,155013,38199,38115,6376,44491,372
2022-05-30,Marin,041,260295,37913,37654,3983,41637,293
2022-05-30,Mariposa,043,17540,2569,2549,231,2780,30
2022-05-30,Mendocino,045,87422,13753,13692,3445,17137,125
2022-05-30,Merced,047,269075,64000,63637,9220,72857,824
2022-05-30,Modoc,049,8938,753,755,256,1011,8
2022-05-30,Mono,051,14174,3036,3035,162,3197,6
2022-05-30,Monterey,053,433212,82552,82215,15582,97797,737
2022-05-30,Napa,055,140530,27757,27580,1147,28727,143
2022-05-30,Nevada,057,99092,16763,16693,1344,18037,127
2022-05-30,Orange,059,3164182,573505,571973,45474,617447,7032
2022-05-30,Placer,061,380077,66545,66199,7956,74155,627
2022-05-30,Plumas,063,18699,3136,3117,378,3495,13
2022-05-30,Riverside,065,2383286,610501,608913,29256,638169,6480
2022-05-30,Sacramento,067,1510023,297614,296457,28665,325122,3045
2022-05-30,San Benito,069,59416,13521,13510,604,14114,98
2022-05-30,San Bernardino,071,2135413,590244,580767,25750,606517,7641
2022-05-30,San Diego,073,3302833,792237,791557,57404,848961,5292
2022-05-30,San Francisco,075,870044,145816,144476,9532,154008,879
2022-05-30,San Joaquin,077,732212,172811,172170,11077,183247,2241
2022-05-30,San Luis Obispo,079,281455,55291,55099,4555,59654,482
2022-05-30,San Mateo,081,765935,138511,137566,8612,146178,710
2022-05-30,Santa Barbara,083,443738,90926,90531,5161,95692,693
2022-05-30,Santa Clara,085,1922200,351273,348742,14794,363536,2317
2022-05-30,Santa Cruz,087,273765,52426,52141,2465,54606,263
2022-05-30,Shasta,089,179085,31291,31247,6229,37476,564
2022-05-30,Sierra,091,2930,278,280,55,335,4
2022-05-30,Siskiyou,093,43540,4596,4574,2812,7386,81
2022-05-30,Solano,095,438530,88037,87206,6168,93374,452
2022-05-30,Sonoma,097,501317,91679,91174,3719,94893,491
2022-05-30,Stanislaus,099,539301,121181,120778,18567,139345,1656
2022-05-30,Sutter,101,95872,21086,21065,2199,23264,227
2022-05-30,Tehama,103,63373,12265,12245,2649,14894,204
2022-05-30,Trinity,105,12862,1206,1200,290,1490,20
2022-05-30,Tulare,107,460477,108407,108401,28850,137251,1490
2022-05-30,Tuolumne,109,53932,13323,13221,622,13843,189
2022-05-30,Ventura,111,848112,181699,181163,10780,191943,1503
2022-05-30,Yolo,113,214977,40613,39371,3355,42726,320
2022-05-30,Yuba,115,75493,16446,16406,1331,17737,122
2022-05-29,Alameda,001,1643700,285212,280775,15932,296707,1863
2022-05-29,Alpine,003,1148,128,126,1,127,0
2022-05-29,Amador,005,37829,8834,8696,695,9391,86
2022-05-29,Butte,007,227075,34313,33876,7410,41286,426
2022-05-29,Calaveras,009,45235,7520,7469,389,7858,120
2022-05-29,Colusa,011,21464,3493,3474,1072,4546,21
2022-05-29,Contra Costa,013,1133247,209433,203528,15407,218935,1306
2022-05-29,Del Norte,015,27424,6217,6166,248,6414,51
2022-05-29,El Dorado,017,186661,28246,27898,3442,31340,214
2022-05-29,Fresno,019,978130,237925,236250,24994,261244,2764
2022-05-29,Glenn,021,27897,5085,5048,1649,6697,48
2022-05-29,Humboldt,023,135768,18433,18257,3541,21798,147
2022-05-29,Imperial,025,180216,56598,56323,10843,67166,939
2022-05-29,Inyo,027,18085,4180,4161,565,4726,56
2022-05-29,Kern,029,883053,195825,194687,47573,242260,2334
2022-05-29,Kings,031,150075,52510,52292,3569,55861,447
2022-05-29,Lake,033,64148,11071,10958,928,11886,137
2022-05-29,Lassen,035,31185,9083,9049,892,9941,64
2022-05-29,Los Angeles,037,10098052,2847898,2819145,133759,2952904,31862
2022-05-29,Madera,039,155013,38176,37955,6371,44326,371
2022-05-29,Marin,041,260295,37844,37215,3951,41166,293
2022-05-29,Mariposa,043,17540,2564,2526,231,2757,31
2022-05-29,Mendocino,045,87422,13732,13612,3444,17056,124
2022-05-29,Merced,047,269075,63979,63389,9217,72606,824
2022-05-29,Modoc,049,8938,753,751,256,1007,8
2022-05-29,Mono,051,14174,3035,3030,162,3192,6
2022-05-29,Monterey,053,433212,82487,81875,15538,97413,737
2022-05-29,Napa,055,140530,27729,27376,1146,28522,144
2022-05-29,Nevada,057,99092,16748,16568,1342,17910,127
2022-05-29,Orange,059,3164182,572927,568369,45301,613670,7028
2022-05-29,Placer,061,380077,66476,65672,7947,73619,626
2022-05-29,Plumas,063,18699,3129,3096,378,3474,13
2022-05-29,Riverside,065,2383286,610158,606444,29221,635665,6480
2022-05-29,Sacramento,067,1510023,297162,294000,28643,322643,3032
2022-05-29,San Benito,069,59416,13515,13402,602,14004,98
2022-05-29,San Bernardino,071,2135413,589955,578656,25734,604390,7610
2022-05-29,San Diego,073,3302833,791500,786243,57324,843567,5288
2022-05-29,San Francisco,075,870044,145391,142456,9523,151979,879
2022-05-29,San Joaquin,077,732212,172649,171282,11059,182341,2241
2022-05-29,San Luis Obispo,079,281455,55239,54701,4543,59244,481
2022-05-29,San Mateo,081,765935,138259,135746,8599,144345,710
2022-05-29,Santa Barbara,083,443738,90797,89940,5160,95100,693
2022-05-29,Santa Clara,085,1922200,350475,344223,14755,358978,2304
2022-05-29,Santa Cruz,087,273765,52350,51819,2458,54277,263
2022-05-29,Shasta,089,179085,31279,31165,6225,37390,564
2022-05-29,Sierra,091,2930,278,278,55,333,4
2022-05-29,Siskiyou,093,43540,4591,4537,2810,7347,81
2022-05-29,Solano,095,438530,87984,86565,6157,92722,452
2022-05-29,Sonoma,097,501317,91587,90364,3704,94068,490
2022-05-29,Stanislaus,099,539301,121082,120241,18548,138789,1657
2022-05-29,Sutter,101,95872,21066,20976,2199,23175,227
2022-05-29,Tehama,103,63373,12255,12210,2648,14858,204
2022-05-29,Trinity,105,12862,1205,1196,290,1486,20
2022-05-29,Tulare,107,460477,108324,108029,28805,136834,1484
2022-05-29,Tuolumne,109,53932,13308,13141,622,13763,189
2022-05-29,Ventura,111,848112,181554,179953,10770,190723,1503
2022-05-29,Yolo,113,214977,40561,39016,3352,42368,319
2022-05-29,Yuba,115,75493,16430,16314,1327,17641,122
2022-05-28,Alameda,001,1643700,284838,280775,15906,296681,1863
2022-05-28,Alpine,003,1148,128,126,1,127,0
2022-05-28,Amador,005,37829,8825,8696,695,9391,86
2022-05-28,Butte,007,227075,34289,33876,7394,41270,426
2022-05-28,Calaveras,009,45235,7516,7469,389,7858,120
2022-05-28,Colusa,011,21464,3488,3474,1071,4545,21
2022-05-28,Contra Costa,013,1133247,209166,203528,15383,218911,1306
2022-05-28,Del Norte,015,27424,6213,6166,246,6412,51
2022-05-28,El Dorado,017,186661,28216,27898,3441,31339,214
2022-05-28,Fresno,019,978130,237767,236250,24963,261213,2764
2022-05-28,Glenn,021,27897,5082,5048,1649,6697,48
2022-05-28,Humboldt,023,135768,18409,18257,3531,21788,147
2022-05-28,Imperial,025,180216,56572,56323,10833,67156,939
2022-05-28,Inyo,027,18085,4180,4161,563,4724,56
2022-05-28,Kern,029,883053,195726,194687,47523,242210,2334
2022-05-28,Kings,031,150075,52486,52292,3568,55860,447
2022-05-28,Lake,033,64148,11061,10958,928,11886,137
2022-05-28,Lassen,035,31185,9078,9049,892,9941,64
2022-05-28,Los Angeles,037,10098052,2845918,2819145,133492,2952637,31862
2022-05-28,Madera,039,155013,38159,37955,6368,44323,371
2022-05-28,Marin,041,260295,37777,37215,3921,41136,293
2022-05-28,Mariposa,043,17540,2560,2526,231,2757,31
2022-05-28,Mendocino,045,87422,13720,13612,3444,17056,124
2022-05-28,Merced,047,269075,63945,63389,9213,72602,824
2022-05-28,Modoc,049,8938,753,751,256,1007,8
2022-05-28,Mono,051,14174,3035,3030,161,3191,6
2022-05-28,Monterey,053,433212,82419,81875,15506,97381,737
2022-05-28,Napa,055,140530,27684,27376,1145,28521,144
2022-05-28,Nevada,057,99092,16736,16568,1340,17908,127
2022-05-28,Orange,059,3164182,572415,568369,45182,613551,7028
2022-05-28,Placer,061,380077,66401,65672,7933,73605,626
2022-05-28,Plumas,063,18699,3123,3096,377,3473,13
2022-05-28,Riverside,065,2383286,609780,606444,29193,635637,6480
2022-05-28,Sacramento,067,1510023,296888,294000,28626,322626,3032
2022-05-28,San Benito,069,59416,13500,13402,602,14004,98
2022-05-28,San Bernardino,071,2135413,589590,578656,25707,604363,7610
2022-05-28,San Diego,073,3302833,790841,786243,57272,843515,5288
2022-05-28,San Francisco,075,870044,145088,142456,9502,151958,879
2022-05-28,San Joaquin,077,732212,172545,171282,11043,182325,2241
2022-05-28,San Luis Obispo,079,281455,55204,54701,4540,59241,481
2022-05-28,San Mateo,081,765935,137986,135746,8572,144318,710
2022-05-28,Santa Barbara,083,443738,90697,89940,5150,95090,693
2022-05-28,Santa Clara,085,1922200,349689,344223,14728,358951,2304
2022-05-28,Santa Cruz,087,273765,52309,51819,2450,54269,263
2022-05-28,Shasta,089,179085,31268,31165,6220,37385,564
2022-05-28,Sierra,091,2930,278,278,54,332,4
2022-05-28,Siskiyou,093,43540,4583,4537,2806,7343,81
2022-05-28,Solano,095,438530,87910,86565,6147,92712,452
2022-05-28,Sonoma,097,501317,91446,90364,3693,94057,490
2022-05-28,Stanislaus,099,539301,120983,120241,18540,138781,1657
2022-05-28,Sutter,101,95872,21051,20976,2197,23173,227
2022-05-28,Tehama,103,63373,12243,12210,2645,14855,204
2022-05-28,Trinity,105,12862,1204,1196,290,1486,20
2022-05-28,Tulare,107,460477,108267,108029,28772,136801,1484
2022-05-28,Tuolumne,109,53932,13293,13141,621,13762,189
2022-05-28,Ventura,111,848112,181387,179953,10750,190703,1503
2022-05-28,Yolo,113,214977,40507,39016,3345,42361,319
2022-05-28,Yuba,115,75493,16416,16314,1325,17639,122
2022-05-27,Alameda,001,1643700,284364,280775,15869,296644,1863
2022-05-27,Alpine,003,1148,127,126,1,127,0
2022-05-27,Amador,005,37829,8820,8696,695,9391,86
2022-05-27,Butte,007,227075,34263,33876,7378,41254,426
2022-05-27,Calaveras,009,45235,7509,7469,389,7858,120
2022-05-27,Colusa,011,21464,3488,3474,1071,4545,21
2022-05-27,Contra Costa,013,1133247,208885,203528,15351,218879,1306
2022-05-27,Del Norte,015,27424,6207,6166,246,6412,51
2022-05-27,El Dorado,017,186661,28192,27898,3433,31331,214
2022-05-27,Fresno,019,978130,237595,236250,24931,261181,2764
2022-05-27,Glenn,021,27897,5080,5048,1648,6696,48
2022-05-27,Humboldt,023,135768,18399,18257,3525,21782,147
2022-05-27,Imperial,025,180216,56488,56323,10828,67151,939
2022-05-27,Inyo,027,18085,4178,4161,562,4723,56
2022-05-27,Kern,029,883053,195617,194687,47455,242142,2334
2022-05-27,Kings,031,150075,52458,52292,3565,55857,447
2022-05-27,Lake,033,64148,11055,10958,926,11884,137
2022-05-27,Lassen,035,31185,9074,9049,892,9941,64
2022-05-27,Los Angeles,037,10098052,2843568,2819145,133244,2952389,31862
2022-05-27,Madera,039,155013,38125,37955,6359,44314,371
2022-05-27,Marin,041,260295,37710,37215,3887,41102,293
2022-05-27,Mariposa,043,17540,2554,2526,231,2757,31
2022-05-27,Mendocino,045,87422,13703,13612,3440,17052,124
2022-05-27,Merced,047,269075,63900,63389,9211,72600,824
2022-05-27,Modoc,049,8938,753,751,256,1007,8
2022-05-27,Mono,051,14174,3034,3030,161,3191,6
2022-05-27,Monterey,053,433212,82360,81875,15460,97335,737
2022-05-27,Napa,055,140530,27651,27376,1142,28518,144
2022-05-27,Nevada,057,99092,16725,16568,1336,17904,127
2022-05-27,Orange,059,3164182,571864,568369,45072,613441,7028
2022-05-27,Placer,061,380077,66332,65672,7923,73595,626
2022-05-27,Plumas,063,18699,3120,3096,377,3473,13
2022-05-27,Riverside,065,2383286,609367,606444,29161,635605,6480
2022-05-27,Sacramento,067,1510023,296513,294000,28588,322588,3032
2022-05-27,San Benito,069,59416,13488,13402,602,14004,98
2022-05-27,San Bernardino,071,2135413,589253,578656,25682,604338,7610
2022-05-27,San Diego,073,3302833,789962,786243,57180,843423,5288
2022-05-27,San Francisco,075,870044,144758,142456,9462,151918,879
2022-05-27,San Joaquin,077,732212,172415,171282,11024,182306,2241
2022-05-27,San Luis Obispo,079,281455,55143,54701,4527,59228,481
2022-05-27,San Mateo,081,765935,137736,135746,8547,144293,710
2022-05-27,Santa Barbara,083,443738,90608,89940,5149,95089,693
2022-05-27,Santa Clara,085,1922200,348939,344223,14710,358933,2304
2022-05-27,Santa Cruz,087,273765,52254,51819,2438,54257,263
2022-05-27,Shasta,089,179085,31258,31165,6214,37379,564
2022-05-27,Sierra,091,2930,278,278,54,332,4
2022-05-27,Siskiyou,093,43540,4580,4537,2804,7341,81
2022-05-27,Solano,095,438530,87782,86565,6136,92701,452
2022-05-27,Sonoma,097,501317,91301,90364,3681,94045,490
2022-05-27,Stanislaus,099,539301,120900,120241,18525,138766,1657
2022-05-27,Sutter,101,95872,21034,20976,2196,23172,227
2022-05-27,Tehama,103,63373,12240,12210,2644,14854,204
2022-05-27,Trinity,105,12862,1204,1196,290,1486,20
2022-05-27,Tulare,107,460477,108200,108029,28735,136764,1484
2022-05-27,Tuolumne,109,53932,13283,13141,620,13761,189
2022-05-27,Ventura,111,848112,181211,179953,10727,190680,1503
2022-05-27,Yolo,113,214977,40436,39016,3337,42353,319
2022-05-27,Yuba,115,75493,16402,16314,1324,17638,122
2022-05-26,Alameda,001,1643700,283515,280775,15790,296565,1863
2022-05-26,Alpine,003,1148,127,126,1,127,0
2022-05-26,Amador,005,37829,8807,8696,695,9391,86
2022-05-26,Butte,007,227075,34208,33876,7356,41232,426
2022-05-26,Calaveras,009,45235,7499,7469,389,7858,120
2022-05-26,Colusa,011,21464,3485,3474,1068,4542,21
2022-05-26,Contra Costa,013,1133247,208406,203528,15278,218806,1306
2022-05-26,Del Norte,015,27424,6199,6166,242,6408,51
2022-05-26,El Dorado,017,186661,28143,27898,3422,31320,214
2022-05-26,Fresno,019,978130,237340,236250,24876,261126,2764
2022-05-26,Glenn,021,27897,5074,5048,1648,6696,48
2022-05-26,Humboldt,023,135768,18358,18257,3512,21769,147
2022-05-26,Imperial,025,180216,56456,56323,10813,67136,939
2022-05-26,Inyo,027,18085,4177,4161,559,4720,56
2022-05-26,Kern,029,883053,195453,194687,47381,242068,2334
2022-05-26,Kings,031,150075,52412,52292,3562,55854,447
2022-05-26,Lake,033,64148,11040,10958,926,11884,137
2022-05-26,Lassen,035,31185,9065,9049,892,9941,64
2022-05-26,Los Angeles,037,10098052,2839400,2819145,132910,2952055,31862
2022-05-26,Madera,039,155013,38081,37955,6348,44303,371
2022-05-26,Marin,041,260295,37615,37215,3846,41061,293
2022-05-26,Mariposa,043,17540,2549,2526,229,2755,31
2022-05-26,Mendocino,045,87422,13677,13612,3431,17043,124
2022-05-26,Merced,047,269075,63834,63389,9202,72591,824
2022-05-26,Modoc,049,8938,752,751,256,1007,8
2022-05-26,Mono,051,14174,3033,3030,160,3190,6
2022-05-26,Monterey,053,433212,82282,81875,15407,97282,737
2022-05-26,Napa,055,140530,27599,27376,1140,28516,144
2022-05-26,Nevada,057,99092,16694,16568,1327,17895,127
2022-05-26,Orange,059,3164182,570963,568369,44954,613323,7028
2022-05-26,Placer,061,380077,66196,65672,7903,73575,626
2022-05-26,Plumas,063,18699,3116,3096,376,3472,13
2022-05-26,Riverside,065,2383286,608756,606444,29109,635553,6480
2022-05-26,Sacramento,067,1510023,295857,294000,28500,322500,3032
2022-05-26,San Benito,069,59416,13472,13402,600,14002,98
2022-05-26,San Bernardino,071,2135413,588708,578656,25666,604322,7610
2022-05-26,San Diego,073,3302833,788657,786243,57037,843280,5288
2022-05-26,San Francisco,075,870044,144307,142456,9415,151871,879
2022-05-26,San Joaquin,077,732212,172193,171282,10999,182281,2241
2022-05-26,San Luis Obispo,079,281455,55047,54701,4494,59195,481
2022-05-26,San Mateo,081,765935,137348,135746,8509,144255,710
2022-05-26,Santa Barbara,083,443738,90460,89940,5129,95069,693
2022-05-26,Santa Clara,085,1922200,347971,344223,14623,358846,2304
2022-05-26,Santa Cruz,087,273765,52163,51819,2430,54249,263
2022-05-26,Shasta,089,179085,31231,31165,6211,37376,564
2022-05-26,Sierra,091,2930,278,278,54,332,4
2022-05-26,Siskiyou,093,43540,4576,4537,2802,7339,81
2022-05-26,Solano,095,438530,87579,86565,6127,92692,452
2022-05-26,Sonoma,097,501317,91110,90364,3654,94018,490
2022-05-26,Stanislaus,099,539301,120796,120241,18506,138747,1657
2022-05-26,Sutter,101,95872,21014,20976,2192,23168,227
2022-05-26,Tehama,103,63373,12230,12210,2643,14853,204
2022-05-26,Trinity,105,12862,1202,1196,290,1486,20
2022-05-26,Tulare,107,460477,108133,108029,28679,136708,1484
2022-05-26,Tuolumne,109,53932,13263,13141,616,13757,189
2022-05-26,Ventura,111,848112,180949,179953,10690,190643,1503
2022-05-26,Yolo,113,214977,40332,39016,3328,42344,319
2022-05-26,Yuba,115,75493,16386,16314,1322,17636,122
2022-05-25,Alameda,001,1643700,282613,278228,15728,293956,1860
2022-05-25,Alpine,003,1148,126,126,1,127,0
2022-05-25,Amador,005,37829,8790,8654,693,9347,86
2022-05-25,Butte,007,227075,34146,33755,7333,41088,426
2022-05-25,Calaveras,009,45235,7491,7450,387,7837,120
2022-05-25,Colusa,011,21464,3484,3471,1066,4537,21
2022-05-25,Contra Costa,013,1133247,207854,201866,15205,217071,1306
2022-05-25,Del Norte,015,27424,6193,6145,236,6381,50
2022-05-25,El Dorado,017,186661,28090,27715,3413,31128,213
2022-05-25,Fresno,019,978130,237055,235569,24824,260393,2763
2022-05-25,Glenn,021,27897,5069,5030,1646,6676,48
2022-05-25,Humboldt,023,135768,18331,18133,3493,21626,147
2022-05-25,Imperial,025,180216,56399,56203,10802,67005,923
2022-05-25,Inyo,027,18085,4174,4152,559,4711,56
2022-05-25,Kern,029,883053,195260,194251,47294,241545,2336
2022-05-25,Kings,031,150075,52359,52178,3558,55736,447
2022-05-25,Lake,033,64148,11027,10908,925,11833,137
2022-05-25,Lassen,035,31185,9058,9028,892,9920,64
2022-05-25,Los Angeles,037,10098052,2834776,2806770,132545,2939315,31845
2022-05-25,Madera,039,155013,38042,37867,6335,44202,370
2022-05-25,Marin,041,260295,37515,36890,3818,40708,293
2022-05-25,Mariposa,043,17540,2539,2514,227,2741,30
2022-05-25,Mendocino,045,87422,13662,13545,3425,16970,124
2022-05-25,Merced,047,269075,63768,63220,9172,72392,823
2022-05-25,Modoc,049,8938,751,750,255,1005,8
2022-05-25,Mono,051,14174,3033,3024,159,3183,6
2022-05-25,Monterey,053,433212,82216,81592,15364,96956,737
2022-05-25,Napa,055,140530,27549,27240,1134,28374,143
2022-05-25,Nevada,057,99092,16659,16517,1321,17838,127
2022-05-25,Orange,059,3164182,569957,565564,44801,610365,7026
2022-05-25,Placer,061,380077,66045,65309,7882,73191,626
2022-05-25,Plumas,063,18699,3110,3065,375,3440,13
2022-05-25,Riverside,065,2383286,608080,604465,29057,633522,6480
2022-05-25,Sacramento,067,1510023,295214,292211,28391,320602,3028
2022-05-25,San Benito,069,59416,13438,13338,593,13931,98
2022-05-25,San Bernardino,071,2135413,588169,576982,25640,602622,7568
2022-05-25,San Diego,073,3302833,787190,782420,56851,839271,5284
2022-05-25,San Francisco,075,870044,143808,141015,9388,150403,872
2022-05-25,San Joaquin,077,732212,171956,170626,10979,181605,2238
2022-05-25,San Luis Obispo,079,281455,54941,54342,4441,58783,481
2022-05-25,San Mateo,081,765935,136891,134441,8443,142884,710
2022-05-25,Santa Barbara,083,443738,90293,89426,5114,94540,693
2022-05-25,Santa Clara,085,1922200,346902,340868,14516,355384,2304
2022-05-25,Santa Cruz,087,273765,52079,51644,2415,54059,263
2022-05-25,Shasta,089,179085,31206,31072,6202,37274,564
2022-05-25,Sierra,091,2930,278,277,54,331,4
2022-05-25,Siskiyou,093,43540,4565,4516,2799,7315,81
2022-05-25,Solano,095,438530,87369,86024,6109,92133,451
2022-05-25,Sonoma,097,501317,90917,89810,3615,93425,490
2022-05-25,Stanislaus,099,539301,120660,119894,18483,138377,1654
2022-05-25,Sutter,101,95872,20990,20904,2188,23092,226
2022-05-25,Tehama,103,63373,12224,12189,2639,14828,201
2022-05-25,Trinity,105,12862,1202,1194,290,1484,20
2022-05-25,Tulare,107,460477,108051,107790,28636,136426,1482
2022-05-25,Tuolumne,109,53932,13241,13086,613,13699,182
2022-05-25,Ventura,111,848112,180658,179116,10653,189769,1499
2022-05-25,Yolo,113,214977,40238,38782,3318,42100,319
2022-05-25,Yuba,115,75493,16359,16260,1316,17576,122
2022-05-24,Alameda,001,1643700,281735,278228,15671,293899,1860
2022-05-24,Alpine,003,1148,126,126,1,127,0
2022-05-24,Amador,005,37829,8784,8654,689,9343,86
2022-05-24,Butte,007,227075,34102,33755,7311,41066,426
2022-05-24,Calaveras,009,45235,7484,7450,385,7835,120
2022-05-24,Colusa,011,21464,3482,3471,1064,4535,21
2022-05-24,Contra Costa,013,1133247,207202,201866,15105,216971,1306
2022-05-24,Del Norte,015,27424,6188,6145,234,6379,50
2022-05-24,El Dorado,017,186661,28022,27715,3406,31121,213
2022-05-24,Fresno,019,978130,236737,235569,24788,260357,2763
2022-05-24,Glenn,021,27897,5067,5030,1646,6676,48
2022-05-24,Humboldt,023,135768,18299,18133,3475,21608,147
2022-05-24,Imperial,025,180216,56346,56203,10789,66992,923
2022-05-24,Inyo,027,18085,4166,4152,556,4708,56
2022-05-24,Kern,029,883053,195066,194251,47188,241439,2336
2022-05-24,Kings,031,150075,52293,52178,3553,55731,447
2022-05-24,Lake,033,64148,11010,10908,923,11831,137
2022-05-24,Lassen,035,31185,9045,9028,888,9916,64
2022-05-24,Los Angeles,037,10098052,2829485,2806770,132159,2938929,31845
2022-05-24,Madera,039,155013,37995,37867,6320,44187,370
2022-05-24,Marin,041,260295,37408,36890,3767,40657,293
2022-05-24,Mariposa,043,17540,2532,2514,225,2739,30
2022-05-24,Mendocino,045,87422,13638,13545,3415,16960,124
2022-05-24,Merced,047,269075,63707,63220,9141,72361,823
2022-05-24,Modoc,049,8938,750,750,254,1004,8
2022-05-24,Mono,051,14174,3030,3024,159,3183,6
2022-05-24,Monterey,053,433212,82125,81592,15303,96895,737
2022-05-24,Napa,055,140530,27501,27240,1122,28362,143
2022-05-24,Nevada,057,99092,16617,16517,1314,17831,127
2022-05-24,Orange,059,3164182,568926,565564,44633,610197,7026
2022-05-24,Placer,061,380077,65945,65309,7866,73175,626
2022-05-24,Plumas,063,18699,3104,3065,375,3440,13
2022-05-24,Riverside,065,2383286,607387,604465,29008,633473,6480
2022-05-24,Sacramento,067,1510023,294530,292211,28270,320481,3028
2022-05-24,San Benito,069,59416,13403,13338,591,13929,98
2022-05-24,San Bernardino,071,2135413,587545,576982,25611,602593,7568
2022-05-24,San Diego,073,3302833,785537,782420,56634,839054,5284
2022-05-24,San Francisco,075,870044,143271,141015,9361,150376,872
2022-05-24,San Joaquin,077,732212,171692,170626,10949,181575,2238
2022-05-24,San Luis Obispo,079,281455,54791,54342,4387,58729,481
2022-05-24,San Mateo,081,765935,136360,134441,8386,142827,710
2022-05-24,Santa Barbara,083,443738,90131,89426,5087,94513,693
2022-05-24,Santa Clara,085,1922200,345621,340868,14423,355291,2304
2022-05-24,Santa Cruz,087,273765,52002,51644,2405,54049,263
2022-05-24,Shasta,089,179085,31181,31072,6190,37262,564
2022-05-24,Sierra,091,2930,278,277,54,331,4
2022-05-24,Siskiyou,093,43540,4555,4516,2791,7307,81
2022-05-24,Solano,095,438530,87138,86024,6079,92103,451
2022-05-24,Sonoma,097,501317,90709,89810,3577,93387,490
2022-05-24,Stanislaus,099,539301,120521,119894,18447,138341,1654
2022-05-24,Sutter,101,95872,20969,20904,2184,23088,226
2022-05-24,Tehama,103,63373,12215,12189,2637,14826,201
2022-05-24,Trinity,105,12862,1199,1194,290,1484,20
2022-05-24,Tulare,107,460477,107934,107790,28582,136372,1482
2022-05-24,Tuolumne,109,53932,13226,13086,613,13699,182
2022-05-24,Ventura,111,848112,180345,179116,10603,189719,1499
2022-05-24,Yolo,113,214977,40134,38782,3313,42095,319
2022-05-24,Yuba,115,75493,16331,16260,1308,17568,122
2022-05-23,Alameda,001,1643700,280796,278228,15585,293813,1860
2022-05-23,Alpine,003,1148,126,126,1,127,0
2022-05-23,Amador,005,37829,8751,8654,686,9340,86
2022-05-23,Butte,007,227075,34054,33755,7284,41039,426
2022-05-23,Calaveras,009,45235,7477,7450,383,7833,120
2022-05-23,Colusa,011,21464,3481,3471,1062,4533,21
2022-05-23,Contra Costa,013,1133247,206465,201866,15022,216888,1306
2022-05-23,Del Norte,015,27424,6183,6145,230,6375,50
2022-05-23,El Dorado,017,186661,27940,27715,3397,31112,213
2022-05-23,Fresno,019,978130,236390,235569,24720,260289,2763
2022-05-23,Glenn,021,27897,5063,5030,1642,6672,48
2022-05-23,Humboldt,023,135768,18272,18133,3453,21586,147
2022-05-23,Imperial,025,180216,56302,56203,10768,66971,923
2022-05-23,Inyo,027,18085,4163,4152,555,4707,56
2022-05-23,Kern,029,883053,194848,194251,47102,241353,2336
2022-05-23,Kings,031,150075,52245,52178,3548,55726,447
2022-05-23,Lake,033,64148,10991,10908,921,11829,137
2022-05-23,Lassen,035,31185,9037,9028,885,9913,64
2022-05-23,Los Angeles,037,10098052,2824055,2806770,131791,2938561,31845
2022-05-23,Madera,039,155013,37964,37867,6297,44164,370
2022-05-23,Marin,041,260295,37266,36890,3722,40612,293
2022-05-23,Mariposa,043,17540,2530,2514,223,2737,30
2022-05-23,Mendocino,045,87422,13616,13545,3401,16946,124
2022-05-23,Merced,047,269075,63628,63220,9113,72333,823
2022-05-23,Modoc,049,8938,749,750,254,1004,8
2022-05-23,Mono,051,14174,3030,3024,159,3183,6
2022-05-23,Monterey,053,433212,82026,81592,15238,96830,737
2022-05-23,Napa,055,140530,27444,27240,1115,28355,143
2022-05-23,Nevada,057,99092,16582,16517,1311,17828,127
2022-05-23,Orange,059,3164182,567917,565564,44487,610051,7026
2022-05-23,Placer,061,380077,65799,65309,7834,73143,626
2022-05-23,Plumas,063,18699,3101,3065,374,3439,13
2022-05-23,Riverside,065,2383286,606665,604465,28955,633420,6480
2022-05-23,Sacramento,067,1510023,293781,292211,28147,320358,3028
2022-05-23,San Benito,069,59416,13368,13338,588,13926,98
2022-05-23,San Bernardino,071,2135413,586898,576982,25578,602560,7568
2022-05-23,San Diego,073,3302833,783819,782420,56420,838840,5284
2022-05-23,San Francisco,075,870044,142702,141015,9327,150342,872
2022-05-23,San Joaquin,077,732212,171423,170626,10918,181544,2238
2022-05-23,San Luis Obispo,079,281455,54645,54342,4340,58682,481
2022-05-23,San Mateo,081,765935,135788,134441,8334,142775,710
2022-05-23,Santa Barbara,083,443738,89896,89426,5063,94489,693
2022-05-23,Santa Clara,085,1922200,344248,340868,14335,355203,2304
2022-05-23,Santa Cruz,087,273765,51899,51644,2390,54034,263
2022-05-23,Shasta,089,179085,31158,31072,6184,37256,564
2022-05-23,Sierra,091,2930,278,277,54,331,4
2022-05-23,Siskiyou,093,43540,4541,4516,2787,7303,81
2022-05-23,Solano,095,438530,86867,86024,6059,92083,451
2022-05-23,Sonoma,097,501317,90481,89810,3528,93338,490
2022-05-23,Stanislaus,099,539301,120381,119894,18407,138301,1654
2022-05-23,Sutter,101,95872,20929,20904,2179,23083,226
2022-05-23,Tehama,103,63373,12203,12189,2636,14825,201
2022-05-23,Trinity,105,12862,1198,1194,290,1484,20
2022-05-23,Tulare,107,460477,107811,107790,28513,136303,1482
2022-05-23,Tuolumne,109,53932,13202,13086,609,13695,182
2022-05-23,Ventura,111,848112,180014,179116,10572,189688,1499
2022-05-23,Yolo,113,214977,40001,38782,3297,42079,319
2022-05-23,Yuba,115,75493,16302,16260,1304,17564,122
2022-05-22,Alameda,001,1643700,279703,274996,15477,290473,1858
2022-05-22,Alpine,003,1148,126,126,1,127,0
2022-05-22,Amador,005,37829,8734,8628,680,9308,86
2022-05-22,Butte,007,227075,34002,33606,7257,40863,426
2022-05-22,Calaveras,009,45235,7466,7424,379,7803,120
2022-05-22,Colusa,011,21464,3477,3468,1059,4527,21
2022-05-22,Contra Costa,013,1133247,205738,199703,14888,214591,1305
2022-05-22,Del Norte,015,27424,6167,6045,219,6264,50
2022-05-22,El Dorado,017,186661,27863,27517,3381,30898,213
2022-05-22,Fresno,019,978130,236051,234657,24669,259326,2760
2022-05-22,Glenn,021,27897,5053,5020,1641,6661,48
2022-05-22,Humboldt,023,135768,18218,17984,3426,21410,146
2022-05-22,Imperial,025,180216,56234,56014,10753,66767,923
2022-05-22,Inyo,027,18085,4155,4135,553,4688,56
2022-05-22,Kern,029,883053,194612,193705,47002,240707,2334
2022-05-22,Kings,031,150075,52182,52038,3542,55580,447
2022-05-22,Lake,033,64148,10959,10867,919,11786,137
2022-05-22,Lassen,035,31185,9021,9011,882,9893,64
2022-05-22,Los Angeles,037,10098052,2818174,2791671,131363,2923034,31815
2022-05-22,Madera,039,155013,37918,37744,6262,44006,370
2022-05-22,Marin,041,260295,37120,36394,3678,40072,293
2022-05-22,Mariposa,043,17540,2526,2490,222,2712,30
2022-05-22,Mendocino,045,87422,13588,13461,3372,16833,124
2022-05-22,Merced,047,269075,63551,62969,9082,72051,823
2022-05-22,Modoc,049,8938,748,750,254,1004,8
2022-05-22,Mono,051,14174,3029,3012,159,3171,6
2022-05-22,Monterey,053,433212,81869,81224,15138,96362,735
2022-05-22,Napa,055,140530,27373,27034,1107,28141,143
2022-05-22,Nevada,057,99092,16548,16410,1299,17709,127
2022-05-22,Orange,059,3164182,566823,562531,44307,606838,7025
2022-05-22,Placer,061,380077,65640,64802,7802,72604,626
2022-05-22,Plumas,063,18699,3094,3052,372,3424,13
2022-05-22,Riverside,065,2383286,605834,601808,28889,630697,6476
2022-05-22,Sacramento,067,1510023,292983,289972,27986,317958,3027
2022-05-22,San Benito,069,59416,13336,13234,582,13816,98
2022-05-22,San Bernardino,071,2135413,586180,575194,25539,600733,7523
2022-05-22,San Diego,073,3302833,782198,777404,56225,833629,5282
2022-05-22,San Francisco,075,870044,142015,138922,9310,148232,871
2022-05-22,San Joaquin,077,732212,171119,169745,10879,180624,2237
2022-05-22,San Luis Obispo,079,281455,54490,54012,4279,58291,481
2022-05-22,San Mateo,081,765935,135220,132636,8279,140915,711
2022-05-22,Santa Barbara,083,443738,89663,88783,5028,93811,692
2022-05-22,Santa Clara,085,1922200,342811,336488,14256,350744,2301
2022-05-22,Santa Cruz,087,273765,51806,51333,2376,53709,263
2022-05-22,Shasta,089,179085,31109,30966,6172,37138,564
2022-05-22,Sierra,091,2930,278,276,54,330,4
2022-05-22,Siskiyou,093,43540,4532,4501,2786,7287,81
2022-05-22,Solano,095,438530,86583,85038,6026,91064,451
2022-05-22,Sonoma,097,501317,90194,88889,3473,92362,489
2022-05-22,Stanislaus,099,539301,120207,119396,18382,137778,1653
2022-05-22,Sutter,101,95872,20900,20809,2171,22980,226
2022-05-22,Tehama,103,63373,12195,12162,2631,14793,201
2022-05-22,Trinity,105,12862,1198,1191,289,1480,20
2022-05-22,Tulare,107,460477,107706,107485,28430,135915,1477
2022-05-22,Tuolumne,109,53932,13182,12977,607,13584,182
2022-05-22,Ventura,111,848112,179668,178024,10520,188544,1499
2022-05-22,Yolo,113,214977,39875,38377,3273,41650,319
2022-05-22,Yuba,115,75493,16275,16180,1295,17475,122
2022-05-21,Alameda,001,1643700,279241,274996,15456,290452,1858
2022-05-21,Alpine,003,1148,126,126,1,127,0
2022-05-21,Amador,005,37829,8723,8628,680,9308,86
2022-05-21,Butte,007,227075,33981,33606,7243,40849,426
2022-05-21,Calaveras,009,45235,7460,7424,379,7803,120
2022-05-21,Colusa,011,21464,3477,3468,1058,4526,21
2022-05-21,Contra Costa,013,1133247,205378,199703,14855,214558,1305
2022-05-21,Del Norte,015,27424,6163,6045,217,6262,50
2022-05-21,El Dorado,017,186661,27827,27517,3379,30896,213
2022-05-21,Fresno,019,978130,235921,234657,24648,259305,2760
2022-05-21,Glenn,021,27897,5049,5020,1640,6660,48
2022-05-21,Humboldt,023,135768,18193,17984,3418,21402,146
2022-05-21,Imperial,025,180216,56200,56014,10751,66765,923
2022-05-21,Inyo,027,18085,4153,4135,551,4686,56
2022-05-21,Kern,029,883053,194515,193705,46942,240647,2334
2022-05-21,Kings,031,150075,52159,52038,3541,55579,447
2022-05-21,Lake,033,64148,10951,10867,919,11786,137
2022-05-21,Lassen,035,31185,9018,9011,882,9893,64
2022-05-21,Los Angeles,037,10098052,2815873,2791671,131122,2922793,31815
2022-05-21,Madera,039,155013,37900,37744,6256,44000,370
2022-05-21,Marin,041,260295,37025,36394,3634,40028,293
2022-05-21,Mariposa,043,17540,2524,2490,222,2712,30
2022-05-21,Mendocino,045,87422,13577,13461,3367,16828,124
2022-05-21,Merced,047,269075,63516,62969,9076,72045,823
2022-05-21,Modoc,049,8938,747,750,254,1004,8
2022-05-21,Mono,051,14174,3029,3012,159,3171,6
2022-05-21,Monterey,053,433212,81803,81224,15082,96306,735
2022-05-21,Napa,055,140530,27340,27034,1104,28138,143
2022-05-21,Nevada,057,99092,16542,16410,1299,17709,127
2022-05-21,Orange,059,3164182,566311,562531,44199,606730,7025
2022-05-21,Placer,061,380077,65532,64802,7789,72591,626
2022-05-21,Plumas,063,18699,3087,3052,372,3424,13
2022-05-21,Riverside,065,2383286,605361,601808,28864,630672,6476
2022-05-21,Sacramento,067,1510023,292658,289972,27957,317929,3027
2022-05-21,San Benito,069,59416,13324,13234,574,13808,98
2022-05-21,San Bernardino,071,2135413,585842,575194,25514,600708,7523
2022-05-21,San Diego,073,3302833,781500,777404,56161,833565,5282
2022-05-21,San Francisco,075,870044,141709,138922,9297,148219,871
2022-05-21,San Joaquin,077,732212,171001,169745,10861,180606,2237
2022-05-21,San Luis Obispo,079,281455,54411,54012,4265,58277,481
2022-05-21,San Mateo,081,765935,134909,132636,8251,140887,711
2022-05-21,Santa Barbara,083,443738,89571,88783,5015,93798,692
2022-05-21,Santa Clara,085,1922200,341962,336488,14214,350702,2301
2022-05-21,Santa Cruz,087,273765,51761,51333,2357,53690,263
2022-05-21,Shasta,089,179085,31098,30966,6170,37136,564
2022-05-21,Sierra,091,2930,277,276,54,330,4
2022-05-21,Siskiyou,093,43540,4528,4501,2784,7285,81
2022-05-21,Solano,095,438530,86499,85038,6020,91058,451
2022-05-21,Sonoma,097,501317,90068,88889,3464,92353,489
2022-05-21,Stanislaus,099,539301,120128,119396,18358,137754,1653
2022-05-21,Sutter,101,95872,20890,20809,2166,22975,226
2022-05-21,Tehama,103,63373,12193,12162,2630,14792,201
2022-05-21,Trinity,105,12862,1198,1191,289,1480,20
2022-05-21,Tulare,107,460477,107644,107485,28394,135879,1477
2022-05-21,Tuolumne,109,53932,13175,12977,607,13584,182
2022-05-21,Ventura,111,848112,179493,178024,10501,188525,1499
2022-05-21,Yolo,113,214977,39811,38377,3262,41639,319
2022-05-21,Yuba,115,75493,16262,16180,1293,17473,122
2022-05-20,Alameda,001,1643700,278698,274996,15429,290425,1858
2022-05-20,Alpine,003,1148,126,126,1,127,0
2022-05-20,Amador,005,37829,8716,8628,680,9308,86
2022-05-20,Butte,007,227075,33959,33606,7231,40837,426
2022-05-20,Calaveras,009,45235,7452,7424,379,7803,120
2022-05-20,Colusa,011,21464,3477,3468,1058,4526,21
2022-05-20,Contra Costa,013,1133247,205021,199703,14838,214541,1305
2022-05-20,Del Norte,015,27424,6158,6045,216,6261,50
2022-05-20,El Dorado,017,186661,27795,27517,3376,30893,213
2022-05-20,Fresno,019,978130,235764,234657,24618,259275,2760
2022-05-20,Glenn,021,27897,5046,5020,1640,6660,48
2022-05-20,Humboldt,023,135768,18171,17984,3410,21394,146
2022-05-20,Imperial,025,180216,56176,56014,10748,66762,923
2022-05-20,Inyo,027,18085,4150,4135,547,4682,56
2022-05-20,Kern,029,883053,194411,193705,46894,240599,2334
2022-05-20,Kings,031,150075,52144,52038,3540,55578,447
2022-05-20,Lake,033,64148,10934,10867,919,11786,137
2022-05-20,Lassen,035,31185,9016,9011,882,9893,64
2022-05-20,Los Angeles,037,10098052,2813521,2791671,130896,2922567,31815
2022-05-20,Madera,039,155013,37881,37744,6248,43992,370
2022-05-20,Marin,041,260295,36951,36394,3595,39989,293
2022-05-20,Mariposa,043,17540,2519,2490,222,2712,30
2022-05-20,Mendocino,045,87422,13562,13461,3363,16824,124
2022-05-20,Merced,047,269075,63482,62969,9073,72042,823
2022-05-20,Modoc,049,8938,747,750,254,1004,8
2022-05-20,Mono,051,14174,3025,3012,159,3171,6
2022-05-20,Monterey,053,433212,81745,81224,15042,96266,735
2022-05-20,Napa,055,140530,27310,27034,1100,28134,143
2022-05-20,Nevada,057,99092,16534,16410,1297,17707,127
2022-05-20,Orange,059,3164182,565739,562531,44103,606634,7025
2022-05-20,Placer,061,380077,65457,64802,7773,72575,626
2022-05-20,Plumas,063,18699,3085,3052,372,3424,13
2022-05-20,Riverside,065,2383286,604912,601808,28841,630649,6476
2022-05-20,Sacramento,067,1510023,292283,289972,27936,317908,3027
2022-05-20,San Benito,069,59416,13308,13234,573,13807,98
2022-05-20,San Bernardino,071,2135413,585522,575194,25495,600689,7523
2022-05-20,San Diego,073,3302833,780703,777404,56069,833473,5282
2022-05-20,San Francisco,075,870044,141377,138922,9266,148188,871
2022-05-20,San Joaquin,077,732212,170880,169745,10854,180599,2237
2022-05-20,San Luis Obispo,079,281455,54375,54012,4260,58272,481
2022-05-20,San Mateo,081,765935,134594,132636,8228,140864,711
2022-05-20,Santa Barbara,083,443738,89487,88783,5010,93793,692
2022-05-20,Santa Clara,085,1922200,341172,336488,14161,350649,2301
2022-05-20,Santa Cruz,087,273765,51716,51333,2339,53672,263
2022-05-20,Shasta,089,179085,31084,30966,6167,37133,564
2022-05-20,Sierra,091,2930,277,276,54,330,4
2022-05-20,Siskiyou,093,43540,4525,4501,2782,7283,81
2022-05-20,Solano,095,438530,86357,85038,6012,91050,451
2022-05-20,Sonoma,097,501317,89941,88889,3451,92340,489
2022-05-20,Stanislaus,099,539301,120046,119396,18345,137741,1653
2022-05-20,Sutter,101,95872,20881,20809,2165,22974,226
2022-05-20,Tehama,103,63373,12190,12162,2629,14791,201
2022-05-20,Trinity,105,12862,1198,1191,289,1480,20
2022-05-20,Tulare,107,460477,107588,107485,28355,135840,1477
2022-05-20,Tuolumne,109,53932,13156,12977,605,13582,182
2022-05-20,Ventura,111,848112,179296,178024,10483,188507,1499
2022-05-20,Yolo,113,214977,39742,38377,3256,41633,319
2022-05-20,Yuba,115,75493,16247,16180,1289,17469,122
2022-05-19,Alameda,001,1643700,277859,274996,15359,290355,1858
2022-05-19,Alpine,003,1148,126,126,1,127,0
2022-05-19,Amador,005,37829,8708,8628,680,9308,86
2022-05-19,Butte,007,227075,33921,33606,7222,40828,426
2022-05-19,Calaveras,009,45235,7446,7424,376,7800,120
2022-05-19,Colusa,011,21464,3476,3468,1057,4525,21
2022-05-19,Contra Costa,013,1133247,204476,199703,14764,214467,1305
2022-05-19,Del Norte,015,27424,6154,6045,211,6256,50
2022-05-19,El Dorado,017,186661,27743,27517,3361,30878,213
2022-05-19,Fresno,019,978130,235540,234657,24578,259235,2760
2022-05-19,Glenn,021,27897,5045,5020,1636,6656,48
2022-05-19,Humboldt,023,135768,18137,17984,3395,21379,146
2022-05-19,Imperial,025,180216,56130,56014,10747,66761,923
2022-05-19,Inyo,027,18085,4146,4135,546,4681,56
2022-05-19,Kern,029,883053,194270,193705,46819,240524,2334
2022-05-19,Kings,031,150075,52117,52038,3539,55577,447
2022-05-19,Lake,033,64148,10926,10867,917,11784,137
2022-05-19,Lassen,035,31185,9012,9011,882,9893,64
2022-05-19,Los Angeles,037,10098052,2809562,2791671,130567,2922238,31815
2022-05-19,Madera,039,155013,37845,37744,6232,43976,370
2022-05-19,Marin,041,260295,36855,36394,3562,39956,293
2022-05-19,Mariposa,043,17540,2511,2490,222,2712,30
2022-05-19,Mendocino,045,87422,13539,13461,3356,16817,124
2022-05-19,Merced,047,269075,63421,62969,9057,72026,823
2022-05-19,Modoc,049,8938,747,750,254,1004,8
2022-05-19,Mono,051,14174,3024,3012,155,3167,6
2022-05-19,Monterey,053,433212,81665,81224,14977,96201,735
2022-05-19,Napa,055,140530,27253,27034,1097,28131,143
2022-05-19,Nevada,057,99092,16500,16410,1290,17700,127
2022-05-19,Orange,059,3164182,564908,562531,43977,606508,7025
2022-05-19,Placer,061,380077,65339,64802,7757,72559,626
2022-05-19,Plumas,063,18699,3079,3052,372,3424,13
2022-05-19,Riverside,065,2383286,604281,601808,28799,630607,6476
2022-05-19,Sacramento,067,1510023,291726,289972,27853,317825,3027
2022-05-19,San Benito,069,59416,13280,13234,570,13804,98
2022-05-19,San Bernardino,071,2135413,585006,575194,25474,600668,7523
2022-05-19,San Diego,073,3302833,779465,777404,55904,833308,5282
2022-05-19,San Francisco,075,870044,140909,138922,9231,148153,871
2022-05-19,San Joaquin,077,732212,170639,169745,10837,180582,2237
2022-05-19,San Luis Obispo,079,281455,54272,54012,4228,58240,481
2022-05-19,San Mateo,081,765935,134129,132636,8169,140805,711
2022-05-19,Santa Barbara,083,443738,89333,88783,4983,93766,692
2022-05-19,Santa Clara,085,1922200,340097,336488,14068,350556,2301
2022-05-19,Santa Cruz,087,273765,51638,51333,2325,53658,263
2022-05-19,Shasta,089,179085,31055,30966,6161,37127,564
2022-05-19,Sierra,091,2930,277,276,54,330,4
2022-05-19,Siskiyou,093,43540,4522,4501,2780,7281,81
2022-05-19,Solano,095,438530,86171,85038,5987,91025,451
2022-05-19,Sonoma,097,501317,89737,88889,3417,92306,489
2022-05-19,Stanislaus,099,539301,119917,119396,18323,137719,1653
2022-05-19,Sutter,101,95872,20845,20809,2162,22971,226
2022-05-19,Tehama,103,63373,12180,12162,2626,14788,201
2022-05-19,Trinity,105,12862,1197,1191,289,1480,20
2022-05-19,Tulare,107,460477,107496,107485,28309,135794,1477
2022-05-19,Tuolumne,109,53932,13132,12977,602,13579,182
2022-05-19,Ventura,111,848112,179021,178024,10444,188468,1499
2022-05-19,Yolo,113,214977,39651,38377,3248,41625,319
2022-05-19,Yuba,115,75493,16227,16180,1281,17461,122
2022-05-18,Alameda,001,1643700,277008,272530,15289,287819,1859
2022-05-18,Alpine,003,1148,126,126,1,127,0
2022-05-18,Amador,005,37829,8690,8592,680,9272,86
2022-05-18,Butte,007,227075,33880,33486,7207,40693,426
2022-05-18,Calaveras,009,45235,7438,7400,376,7776,120
2022-05-18,Colusa,011,21464,3476,3467,1057,4524,21
2022-05-18,Contra Costa,013,1133247,203917,198207,14677,212884,1303
2022-05-18,Del Norte,015,27424,6146,6001,207,6208,50
2022-05-18,El Dorado,017,186661,27692,27388,3353,30741,212
2022-05-18,Fresno,019,978130,235280,234055,24537,258592,2759
2022-05-18,Glenn,021,27897,5044,5012,1636,6648,48
2022-05-18,Humboldt,023,135768,18112,17868,3374,21242,146
2022-05-18,Imperial,025,180216,56068,55915,10741,66656,918
2022-05-18,Inyo,027,18085,4142,4120,540,4660,56
2022-05-18,Kern,029,883053,194153,193338,46759,240097,2327
2022-05-18,Kings,031,150075,52088,51903,3536,55439,447
2022-05-18,Lake,033,64148,10917,10831,916,11747,137
2022-05-18,Lassen,035,31185,9006,8994,882,9876,65
2022-05-18,Los Angeles,037,10098052,2805220,2780354,130287,2910641,31789
2022-05-18,Madera,039,155013,37807,37644,6223,43867,365
2022-05-18,Marin,041,260295,36765,36024,3521,39545,293
2022-05-18,Mariposa,043,17540,2504,2481,222,2703,30
2022-05-18,Mendocino,045,87422,13518,13403,3341,16744,124
2022-05-18,Merced,047,269075,63356,62802,9030,71832,818
2022-05-18,Modoc,049,8938,747,748,254,1002,8
2022-05-18,Mono,051,14174,3023,3010,153,3163,6
2022-05-18,Monterey,053,433212,81557,80955,14921,95876,735
2022-05-18,Napa,055,140530,27212,26912,1090,28002,143
2022-05-18,Nevada,057,99092,16480,16361,1285,17646,127
2022-05-18,Orange,059,3164182,564105,560094,43871,603965,7021
2022-05-18,Placer,061,380077,65194,64432,7742,72174,626
2022-05-18,Plumas,063,18699,3071,3022,369,3391,13
2022-05-18,Riverside,065,2383286,603639,599947,28747,628694,6471
2022-05-18,Sacramento,067,1510023,291204,288335,27770,316105,3022
2022-05-18,San Benito,069,59416,13256,13186,566,13752,98
2022-05-18,San Bernardino,071,2135413,584533,573790,25447,599237,7455
2022-05-18,San Diego,073,3302833,778029,773934,55740,829674,5277
2022-05-18,San Francisco,075,870044,140383,137341,9204,146545,869
2022-05-18,San Joaquin,077,732212,170406,169045,10751,179796,2236
2022-05-18,San Luis Obispo,079,281455,54173,53756,4194,57950,478
2022-05-18,San Mateo,081,765935,133706,131330,8100,139430,709
2022-05-18,Santa Barbara,083,443738,89173,88317,4962,93279,693
2022-05-18,Santa Clara,085,1922200,338953,333230,13973,347203,2300
2022-05-18,Santa Cruz,087,273765,51548,51020,2312,53332,263
2022-05-18,Shasta,089,179085,31032,30899,6156,37055,558
2022-05-18,Sierra,091,2930,277,275,54,329,4
2022-05-18,Siskiyou,093,43540,4517,4495,2778,7273,81
2022-05-18,Solano,095,438530,85908,84476,5969,90445,451
2022-05-18,Sonoma,097,501317,89538,88195,3378,91573,489
2022-05-18,Stanislaus,099,539301,119807,119025,18290,137315,1645
2022-05-18,Sutter,101,95872,20823,20763,2153,22916,226
2022-05-18,Tehama,103,63373,12174,12133,2623,14756,201
2022-05-18,Trinity,105,12862,1197,1189,289,1478,20
2022-05-18,Tulare,107,460477,107428,107292,28251,135543,1477
2022-05-18,Tuolumne,109,53932,13113,12917,600,13517,182
2022-05-18,Ventura,111,848112,178751,177233,10400,187633,1497
2022-05-18,Yolo,113,214977,39538,38139,3236,41375,316
2022-05-18,Yuba,115,75493,16203,16109,1272,17381,122
2022-05-17,Alameda,001,1643700,276176,272530,15222,287752,1859
2022-05-17,Alpine,003,1148,126,126,1,127,0
2022-05-17,Amador,005,37829,8681,8592,678,9270,86
2022-05-17,Butte,007,227075,33828,33486,7186,40672,426
2022-05-17,Calaveras,009,45235,7431,7400,376,7776,120
2022-05-17,Colusa,011,21464,3475,3467,1056,4523,21
2022-05-17,Contra Costa,013,1133247,203278,198207,14592,212799,1303
2022-05-17,Del Norte,015,27424,6132,6001,207,6208,50
2022-05-17,El Dorado,017,186661,27636,27388,3347,30735,212
2022-05-17,Fresno,019,978130,235029,234055,24506,258561,2759
2022-05-17,Glenn,021,27897,5041,5012,1635,6647,48
2022-05-17,Humboldt,023,135768,18072,17868,3357,21225,146
2022-05-17,Imperial,025,180216,56025,55915,10731,66646,918
2022-05-17,Inyo,027,18085,4140,4120,531,4651,56
2022-05-17,Kern,029,883053,193996,193338,46703,240041,2327
2022-05-17,Kings,031,150075,52045,51903,3532,55435,447
2022-05-17,Lake,033,64148,10902,10831,914,11745,137
2022-05-17,Lassen,035,31185,9001,8994,881,9875,65
2022-05-17,Los Angeles,037,10098052,2800670,2780354,129984,2910338,31789
2022-05-17,Madera,039,155013,37781,37644,6208,43852,365
2022-05-17,Marin,041,260295,36631,36024,3460,39484,293
2022-05-17,Mariposa,043,17540,2499,2481,221,2702,30
2022-05-17,Mendocino,045,87422,13492,13403,3331,16734,124
2022-05-17,Merced,047,269075,63291,62802,9011,71813,818
2022-05-17,Modoc,049,8938,747,748,254,1002,8
2022-05-17,Mono,051,14174,3019,3010,153,3163,6
2022-05-17,Monterey,053,433212,81440,80955,14856,95811,735
2022-05-17,Napa,055,140530,27164,26912,1082,27994,143
2022-05-17,Nevada,057,99092,16451,16361,1277,17638,127
2022-05-17,Orange,059,3164182,563206,560094,43733,603827,7021
2022-05-17,Placer,061,380077,65030,64432,7704,72136,626
2022-05-17,Plumas,063,18699,3065,3022,368,3390,13
2022-05-17,Riverside,065,2383286,602956,599947,28703,628650,6471
2022-05-17,Sacramento,067,1510023,290574,288335,27668,316003,3022
2022-05-17,San Benito,069,59416,13219,13186,565,13751,98
2022-05-17,San Bernardino,071,2135413,584036,573790,25433,599223,7455
2022-05-17,San Diego,073,3302833,776515,773934,55573,829507,5277
2022-05-17,San Francisco,075,870044,139807,137341,9173,146514,869
2022-05-17,San Joaquin,077,732212,170166,169045,10711,179756,2236
2022-05-17,San Luis Obispo,079,281455,54080,53756,4150,57906,478
2022-05-17,San Mateo,081,765935,133211,131330,8060,139390,709
2022-05-17,Santa Barbara,083,443738,88975,88317,4944,93261,693
2022-05-17,Santa Clara,085,1922200,337772,333230,13900,347130,2300
2022-05-17,Santa Cruz,087,273765,51471,51020,2304,53324,263
2022-05-17,Shasta,089,179085,30994,30899,6153,37052,558
2022-05-17,Sierra,091,2930,277,275,54,329,4
2022-05-17,Siskiyou,093,43540,4515,4495,2776,7271,81
2022-05-17,Solano,095,438530,85628,84476,5939,90415,451
2022-05-17,Sonoma,097,501317,89295,88195,3332,91527,489
2022-05-17,Stanislaus,099,539301,119658,119025,18261,137286,1645
2022-05-17,Sutter,101,95872,20803,20763,2149,22912,226
2022-05-17,Tehama,103,63373,12162,12133,2620,14753,201
2022-05-17,Trinity,105,12862,1196,1189,289,1478,20
2022-05-17,Tulare,107,460477,107334,107292,28211,135503,1477
2022-05-17,Tuolumne,109,53932,13098,12917,600,13517,182
2022-05-17,Ventura,111,848112,178428,177233,10346,187579,1497
2022-05-17,Yolo,113,214977,39401,38139,3229,41368,316
2022-05-17,Yuba,115,75493,16179,16109,1269,17378,122
2022-05-16,Alameda,001,1643700,275168,272530,15141,287671,1859
2022-05-16,Alpine,003,1148,126,126,1,127,0
2022-05-16,Amador,005,37829,8671,8592,677,9269,86
2022-05-16,Butte,007,227075,33770,33486,7170,40656,426
2022-05-16,Calaveras,009,45235,7425,7400,374,7774,120
2022-05-16,Colusa,011,21464,3474,3467,1056,4523,21
2022-05-16,Contra Costa,013,1133247,202635,198207,14511,212718,1303
2022-05-16,Del Norte,015,27424,6119,6001,204,6205,50
2022-05-16,El Dorado,017,186661,27580,27388,3339,30727,212
2022-05-16,Fresno,019,978130,234766,234055,24464,258519,2759
2022-05-16,Glenn,021,27897,5037,5012,1630,6642,48
2022-05-16,Humboldt,023,135768,18027,17868,3343,21211,146
2022-05-16,Imperial,025,180216,55961,55915,10718,66633,918
2022-05-16,Inyo,027,18085,4136,4120,528,4648,56
2022-05-16,Kern,029,883053,193844,193338,46637,239975,2327
2022-05-16,Kings,031,150075,51995,51903,3531,55434,447
2022-05-16,Lake,033,64148,10895,10831,913,11744,137
2022-05-16,Lassen,035,31185,8996,8994,879,9873,65
2022-05-16,Los Angeles,037,10098052,2796224,2780354,129700,2910054,31789
2022-05-16,Madera,039,155013,37750,37644,6186,43830,365
2022-05-16,Marin,041,260295,36467,36024,3412,39436,293
2022-05-16,Mariposa,043,17540,2498,2481,220,2701,30
2022-05-16,Mendocino,045,87422,13466,13403,3319,16722,124
2022-05-16,Merced,047,269075,63221,62802,8975,71777,818
2022-05-16,Modoc,049,8938,747,748,254,1002,8
2022-05-16,Mono,051,14174,3016,3010,153,3163,6
2022-05-16,Monterey,053,433212,81329,80955,14769,95724,735
2022-05-16,Napa,055,140530,27113,26912,1077,27989,143
2022-05-16,Nevada,057,99092,16432,16361,1271,17632,127
2022-05-16,Orange,059,3164182,562352,560094,43607,603701,7021
2022-05-16,Placer,061,380077,64922,64432,7673,72105,626
2022-05-16,Plumas,063,18699,3055,3022,367,3389,13
2022-05-16,Riverside,065,2383286,602247,599947,28648,628595,6471
2022-05-16,Sacramento,067,1510023,289912,288335,27577,315912,3022
2022-05-16,San Benito,069,59416,13201,13186,560,13746,98
2022-05-16,San Bernardino,071,2135413,583568,573790,25403,599193,7455
2022-05-16,San Diego,073,3302833,774972,773934,55404,829338,5277
2022-05-16,San Francisco,075,870044,139103,137341,9141,146482,869
2022-05-16,San Joaquin,077,732212,169886,169045,10526,179571,2236
2022-05-16,San Luis Obispo,079,281455,53977,53756,4121,57877,478
2022-05-16,San Mateo,081,765935,132668,131330,8004,139334,709
2022-05-16,Santa Barbara,083,443738,88830,88317,4933,93250,693
2022-05-16,Santa Clara,085,1922200,336453,333230,13813,347043,2300
2022-05-16,Santa Cruz,087,273765,51392,51020,2289,53309,263
2022-05-16,Shasta,089,179085,30961,30899,6145,37044,558
2022-05-16,Sierra,091,2930,277,275,53,328,4
2022-05-16,Siskiyou,093,43540,4512,4495,2769,7264,81
2022-05-16,Solano,095,438530,85367,84476,5912,90388,451
2022-05-16,Sonoma,097,501317,88995,88195,3294,91489,489
2022-05-16,Stanislaus,099,539301,119514,119025,18228,137253,1645
2022-05-16,Sutter,101,95872,20789,20763,2142,22905,226
2022-05-16,Tehama,103,63373,12154,12133,2617,14750,201
2022-05-16,Trinity,105,12862,1195,1189,289,1478,20
2022-05-16,Tulare,107,460477,107259,107292,28160,135452,1477
2022-05-16,Tuolumne,109,53932,13065,12917,597,13514,182
2022-05-16,Ventura,111,848112,178097,177233,10288,187521,1497
2022-05-16,Yolo,113,214977,39266,38139,3220,41359,316
2022-05-16,Yuba,115,75493,16152,16109,1266,17375,122
2022-05-15,Alameda,001,1643700,274097,268944,15072,284016,1857
2022-05-15,Alpine,003,1148,126,125,1,126,0
2022-05-15,Amador,005,37829,8655,8574,672,9246,86
2022-05-15,Butte,007,227075,33712,33377,7149,40526,424
2022-05-15,Calaveras,009,45235,7406,7378,372,7750,120
2022-05-15,Colusa,011,21464,3471,3463,1054,4517,21
2022-05-15,Contra Costa,013,1133247,201871,195925,14429,210354,1301
2022-05-15,Del Norte,015,27424,6046,5919,202,6121,50
2022-05-15,El Dorado,017,186661,27519,27216,3324,30540,212
2022-05-15,Fresno,019,978130,234499,233305,24429,257734,2757
2022-05-15,Glenn,021,27897,5034,5004,1629,6633,48
2022-05-15,Humboldt,023,135768,17977,17633,3303,20936,146
2022-05-15,Imperial,025,180216,55925,55756,10697,66453,917
2022-05-15,Inyo,027,18085,4132,4114,524,4638,56
2022-05-15,Kern,029,883053,193668,192939,46556,239495,2314
2022-05-15,Kings,031,150075,51935,51779,3527,55306,447
2022-05-15,Lake,033,64148,10878,10790,910,11700,137
2022-05-15,Lassen,035,31185,8988,8987,878,9865,65
2022-05-15,Los Angeles,037,10098052,2791608,2768726,129331,2898057,31768
2022-05-15,Madera,039,155013,37708,37520,6168,43688,365
2022-05-15,Marin,041,260295,36296,35486,3373,38859,293
2022-05-15,Mariposa,043,17540,2493,2463,219,2682,30
2022-05-15,Mendocino,045,87422,13447,13349,3292,16641,124
2022-05-15,Merced,047,269075,63136,62627,8929,71556,818
2022-05-15,Modoc,049,8938,746,747,254,1001,8
2022-05-15,Mono,051,14174,3013,3002,151,3153,6
2022-05-15,Monterey,053,433212,81221,80620,14682,95302,735
2022-05-15,Napa,055,140530,27058,26698,1073,27771,143
2022-05-15,Nevada,057,99092,16402,16240,1268,17508,127
2022-05-15,Orange,059,3164182,561406,557134,43469,600603,7017
2022-05-15,Placer,061,380077,64740,63963,7643,71606,626
2022-05-15,Plumas,063,18699,3049,3006,367,3373,13
2022-05-15,Riverside,065,2383286,601531,597914,28580,626494,6471
2022-05-15,Sacramento,067,1510023,289201,286403,27445,313848,3022
2022-05-15,San Benito,069,59416,13175,13106,558,13664,98
2022-05-15,San Bernardino,071,2135413,583021,572057,25375,597432,7423
2022-05-15,San Diego,073,3302833,773466,770323,55205,825528,5271
2022-05-15,San Francisco,075,870044,138390,134916,9107,144023,866
2022-05-15,San Joaquin,077,732212,169646,168174,10450,178624,2236
2022-05-15,San Luis Obispo,079,281455,53850,53502,4079,57581,478
2022-05-15,San Mateo,081,765935,132136,129480,7930,137410,709
2022-05-15,Santa Barbara,083,443738,88600,87773,4898,92671,693
2022-05-15,Santa Clara,085,1922200,335046,328609,13723,342332,2297
2022-05-15,Santa Cruz,087,273765,51287,50268,2273,52541,263
2022-05-15,Shasta,089,179085,30920,30799,6139,36938,557
2022-05-15,Sierra,091,2930,277,275,53,328,4
2022-05-15,Siskiyou,093,43540,4510,4482,2766,7248,81
2022-05-15,Solano,095,438530,85047,83669,5878,89547,451
2022-05-15,Sonoma,097,501317,88670,87070,3269,90339,488
2022-05-15,Stanislaus,099,539301,119345,118586,18196,136782,1645
2022-05-15,Sutter,101,95872,20762,20690,2132,22822,226
2022-05-15,Tehama,103,63373,12137,12115,2611,14726,201
2022-05-15,Trinity,105,12862,1194,1188,289,1477,20
2022-05-15,Tulare,107,460477,107159,107077,28111,135188,1469
2022-05-15,Tuolumne,109,53932,13011,12851,596,13447,182
2022-05-15,Ventura,111,848112,177752,176317,10226,186543,1497
2022-05-15,Yolo,113,214977,39151,37737,3208,40945,316
2022-05-15,Yuba,115,75493,16118,16028,1257,17285,122
2022-05-14,Alameda,001,1643700,273676,268944,15053,283997,1857
2022-05-14,Alpine,003,1148,125,125,1,126,0
2022-05-14,Amador,005,37829,8649,8574,672,9246,86
2022-05-14,Butte,007,227075,33692,33377,7141,40518,424
2022-05-14,Calaveras,009,45235,7404,7378,372,7750,120
2022-05-14,Colusa,011,21464,3471,3463,1054,4517,21
2022-05-14,Contra Costa,013,1133247,201493,195925,14399,210324,1301
2022-05-14,Del Norte,015,27424,6038,5919,200,6119,50
2022-05-14,El Dorado,017,186661,27489,27216,3319,30535,212
2022-05-14,Fresno,019,978130,234376,233305,24420,257725,2757
2022-05-14,Glenn,021,27897,5033,5004,1625,6629,48
2022-05-14,Humboldt,023,135768,17951,17633,3296,20929,146
2022-05-14,Imperial,025,180216,55894,55756,10694,66450,917
2022-05-14,Inyo,027,18085,4127,4114,524,4638,56
2022-05-14,Kern,029,883053,193598,192939,46510,239449,2314
2022-05-14,Kings,031,150075,51908,51779,3527,55306,447
2022-05-14,Lake,033,64148,10868,10790,905,11695,137
2022-05-14,Lassen,035,31185,8986,8987,878,9865,65
2022-05-14,Los Angeles,037,10098052,2789696,2768726,129111,2897837,31768
2022-05-14,Madera,039,155013,37693,37520,6168,43688,365
2022-05-14,Marin,041,260295,36189,35486,3324,38810,293
2022-05-14,Mariposa,043,17540,2492,2463,219,2682,30
2022-05-14,Mendocino,045,87422,13437,13349,3288,16637,124
2022-05-14,Merced,047,269075,63100,62627,8926,71553,818
2022-05-14,Modoc,049,8938,745,747,254,1001,8
2022-05-14,Mono,051,14174,3013,3002,150,3152,6
2022-05-14,Monterey,053,433212,81156,80620,14628,95248,735
2022-05-14,Napa,055,140530,27034,26698,1066,27764,143
2022-05-14,Nevada,057,99092,16387,16240,1267,17507,127
2022-05-14,Orange,059,3164182,560961,557134,43385,600519,7017
2022-05-14,Placer,061,380077,64634,63963,7621,71584,626
2022-05-14,Plumas,063,18699,3045,3006,367,3373,13
2022-05-14,Riverside,065,2383286,601124,597914,28545,626459,6471
2022-05-14,Sacramento,067,1510023,288928,286403,27424,313827,3022
2022-05-14,San Benito,069,59416,13165,13106,555,13661,98
2022-05-14,San Bernardino,071,2135413,582744,572057,25363,597420,7423
2022-05-14,San Diego,073,3302833,772866,770323,55158,825481,5271
2022-05-14,San Francisco,075,870044,138033,134916,9083,143999,866
2022-05-14,San Joaquin,077,732212,169503,168174,10434,178608,2236
2022-05-14,San Luis Obispo,079,281455,53823,53502,4076,57578,478
2022-05-14,San Mateo,081,765935,131813,129480,7901,137381,709
2022-05-14,Santa Barbara,083,443738,88493,87773,4893,92666,693
2022-05-14,Santa Clara,085,1922200,334214,328609,13684,342293,2297
2022-05-14,Santa Cruz,087,273765,51240,50268,2259,52527,263
2022-05-14,Shasta,089,179085,30915,30799,6138,36937,557
2022-05-14,Sierra,091,2930,277,275,53,328,4
2022-05-14,Siskiyou,093,43540,4507,4482,2764,7246,81
2022-05-14,Solano,095,438530,84985,83669,5868,89537,451
2022-05-14,Sonoma,097,501317,88526,87070,3257,90327,488
2022-05-14,Stanislaus,099,539301,119261,118586,18185,136771,1645
2022-05-14,Sutter,101,95872,20755,20690,2131,22821,226
2022-05-14,Tehama,103,63373,12131,12115,2610,14725,201
2022-05-14,Trinity,105,12862,1194,1188,289,1477,20
2022-05-14,Tulare,107,460477,107114,107077,28083,135160,1469
2022-05-14,Tuolumne,109,53932,13000,12851,596,13447,182
2022-05-14,Ventura,111,848112,177590,176317,10201,186518,1497
2022-05-14,Yolo,113,214977,39081,37737,3201,40938,316
2022-05-14,Yuba,115,75493,16111,16028,1256,17284,122
2022-05-13,Alameda,001,1643700,273198,268944,15021,283965,1857
2022-05-13,Alpine,003,1148,125,125,1,126,0
2022-05-13,Amador,005,37829,8644,8574,671,9245,86
2022-05-13,Butte,007,227075,33675,33377,7139,40516,424
2022-05-13,Calaveras,009,45235,7401,7378,372,7750,120
2022-05-13,Colusa,011,21464,3470,3463,1054,4517,21
2022-05-13,Contra Costa,013,1133247,201150,195925,14370,210295,1301
2022-05-13,Del Norte,015,27424,6035,5919,200,6119,50
2022-05-13,El Dorado,017,186661,27461,27216,3319,30535,212
2022-05-13,Fresno,019,978130,234267,233305,24401,257706,2757
2022-05-13,Glenn,021,27897,5031,5004,1624,6628,48
2022-05-13,Humboldt,023,135768,17927,17633,3288,20921,146
2022-05-13,Imperial,025,180216,55875,55756,10693,66449,917
2022-05-13,Inyo,027,18085,4127,4114,523,4637,56
2022-05-13,Kern,029,883053,193525,192939,46480,239419,2314
2022-05-13,Kings,031,150075,51884,51779,3527,55306,447
2022-05-13,Lake,033,64148,10865,10790,905,11695,137
2022-05-13,Lassen,035,31185,8985,8987,878,9865,65
2022-05-13,Los Angeles,037,10098052,2787754,2768726,128921,2897647,31768
2022-05-13,Madera,039,155013,37673,37520,6159,43679,365
2022-05-13,Marin,041,260295,36086,35486,3281,38767,293
2022-05-13,Mariposa,043,17540,2490,2463,219,2682,30
2022-05-13,Mendocino,045,87422,13423,13349,3281,16630,124
2022-05-13,Merced,047,269075,63065,62627,8917,71544,818
2022-05-13,Modoc,049,8938,745,747,254,1001,8
2022-05-13,Mono,051,14174,3011,3002,149,3151,6
2022-05-13,Monterey,053,433212,81100,80620,14589,95209,735
2022-05-13,Napa,055,140530,26998,26698,1064,27762,143
2022-05-13,Nevada,057,99092,16372,16240,1266,17506,127
2022-05-13,Orange,059,3164182,560494,557134,43312,600446,7017
2022-05-13,Placer,061,380077,64555,63963,7612,71575,626
2022-05-13,Plumas,063,18699,3038,3006,367,3373,13
2022-05-13,Riverside,065,2383286,600738,597914,28516,626430,6471
2022-05-13,Sacramento,067,1510023,288594,286403,27406,313809,3022
2022-05-13,San Benito,069,59416,13161,13106,555,13661,98
2022-05-13,San Bernardino,071,2135413,582505,572057,25355,597412,7423
2022-05-13,San Diego,073,3302833,772228,770323,55078,825401,5271
2022-05-13,San Francisco,075,870044,137683,134916,9063,143979,866
2022-05-13,San Joaquin,077,732212,169384,168174,10422,178596,2236
2022-05-13,San Luis Obispo,079,281455,53787,53502,4072,57574,478
2022-05-13,San Mateo,081,765935,131524,129480,7880,137360,709
2022-05-13,Santa Barbara,083,443738,88399,87773,4890,92663,693
2022-05-13,Santa Clara,085,1922200,333419,328609,13651,342260,2297
2022-05-13,Santa Cruz,087,273765,51153,50268,2251,52519,263
2022-05-13,Shasta,089,179085,30911,30799,6138,36937,557
2022-05-13,Sierra,091,2930,276,275,50,325,4
2022-05-13,Siskiyou,093,43540,4506,4482,2764,7246,81
2022-05-13,Solano,095,438530,84861,83669,5861,89530,451
2022-05-13,Sonoma,097,501317,88349,87070,3243,90313,488
2022-05-13,Stanislaus,099,539301,119167,118586,18171,136757,1645
2022-05-13,Sutter,101,95872,20743,20690,2130,22820,226
2022-05-13,Tehama,103,63373,12129,12115,2608,14723,201
2022-05-13,Trinity,105,12862,1193,1188,289,1477,20
2022-05-13,Tulare,107,460477,107068,107077,28047,135124,1469
2022-05-13,Tuolumne,109,53932,12984,12851,596,13447,182
2022-05-13,Ventura,111,848112,177410,176317,10187,186504,1497
2022-05-13,Yolo,113,214977,39018,37737,3197,40934,316
2022-05-13,Yuba,115,75493,16098,16028,1253,17281,122
2022-05-12,Alameda,001,1643700,272453,268944,14965,283909,1857
2022-05-12,Alpine,003,1148,125,125,1,126,0
2022-05-12,Amador,005,37829,8635,8574,671,9245,86
2022-05-12,Butte,007,227075,33648,33377,7125,40502,424
2022-05-12,Calaveras,009,45235,7397,7378,371,7749,120
2022-05-12,Colusa,011,21464,3470,3463,1053,4516,21
2022-05-12,Contra Costa,013,1133247,200630,195925,14307,210232,1301
2022-05-12,Del Norte,015,27424,6018,5919,199,6118,50
2022-05-12,El Dorado,017,186661,27421,27216,3310,30526,212
2022-05-12,Fresno,019,978130,234116,233305,24380,257685,2757
2022-05-12,Glenn,021,27897,5027,5004,1622,6626,48
2022-05-12,Humboldt,023,135768,17885,17633,3275,20908,146
2022-05-12,Imperial,025,180216,55848,55756,10680,66436,917
2022-05-12,Inyo,027,18085,4123,4114,518,4632,56
2022-05-12,Kern,029,883053,193460,192939,46432,239371,2314
2022-05-12,Kings,031,150075,51863,51779,3525,55304,447
2022-05-12,Lake,033,64148,10847,10790,899,11689,137
2022-05-12,Lassen,035,31185,8984,8987,878,9865,65
2022-05-12,Los Angeles,037,10098052,2784541,2768726,128652,2897378,31768
2022-05-12,Madera,039,155013,37648,37520,6147,43667,365
2022-05-12,Marin,041,260295,35986,35486,3258,38744,293
2022-05-12,Mariposa,043,17540,2485,2463,218,2681,30
2022-05-12,Mendocino,045,87422,13406,13349,3269,16618,124
2022-05-12,Merced,047,269075,63032,62627,8906,71533,818
2022-05-12,Modoc,049,8938,744,747,254,1001,8
2022-05-12,Mono,051,14174,3011,3002,148,3150,6
2022-05-12,Monterey,053,433212,81042,80620,14546,95166,735
2022-05-12,Napa,055,140530,26953,26698,1062,27760,143
2022-05-12,Nevada,057,99092,16350,16240,1265,17505,127
2022-05-12,Orange,059,3164182,559855,557134,43203,600337,7017
2022-05-12,Placer,061,380077,64457,63963,7589,71552,626
2022-05-12,Plumas,063,18699,3032,3006,367,3373,13
2022-05-12,Riverside,065,2383286,600283,597914,28483,626397,6471
2022-05-12,Sacramento,067,1510023,288136,286403,27342,313745,3022
2022-05-12,San Benito,069,59416,13146,13106,554,13660,98
2022-05-12,San Bernardino,071,2135413,582153,572057,25338,597395,7423
2022-05-12,San Diego,073,3302833,771274,770323,54988,825311,5271
2022-05-12,San Francisco,075,870044,137303,134916,9025,143941,866
2022-05-12,San Joaquin,077,732212,169203,168174,10379,178553,2236
2022-05-12,San Luis Obispo,079,281455,53728,53502,4043,57545,478
2022-05-12,San Mateo,081,765935,131116,129480,7829,137309,709
2022-05-12,Santa Barbara,083,443738,88293,87773,4879,92652,693
2022-05-12,Santa Clara,085,1922200,332450,328609,13563,342172,2297
2022-05-12,Santa Cruz,087,273765,51009,50268,2245,52513,263
2022-05-12,Shasta,089,179085,30898,30799,6135,36934,557
2022-05-12,Sierra,091,2930,275,275,50,325,4
2022-05-12,Siskiyou,093,43540,4501,4482,2762,7244,81
2022-05-12,Solano,095,438530,84642,83669,5848,89517,451
2022-05-12,Sonoma,097,501317,88132,87070,3216,90286,488
2022-05-12,Stanislaus,099,539301,119065,118586,18143,136729,1645
2022-05-12,Sutter,101,95872,20727,20690,2129,22819,226
2022-05-12,Tehama,103,63373,12122,12115,2606,14721,201
2022-05-12,Trinity,105,12862,1192,1188,288,1476,20
2022-05-12,Tulare,107,460477,107016,107077,27997,135074,1469
2022-05-12,Tuolumne,109,53932,12964,12851,594,13445,182
2022-05-12,Ventura,111,848112,177180,176317,10144,186461,1497
2022-05-12,Yolo,113,214977,38905,37737,3187,40924,316
2022-05-12,Yuba,115,75493,16082,16028,1250,17278,122
2022-05-11,Alameda,001,1643700,271741,267982,14910,282892,1853
2022-05-11,Alpine,003,1148,125,125,1,126,0
2022-05-11,Amador,005,37829,8627,8564,671,9235,86
2022-05-11,Butte,007,227075,33616,33339,7119,40458,423
2022-05-11,Calaveras,009,45235,7392,7368,367,7735,120
2022-05-11,Colusa,011,21464,3469,3462,1053,4515,21
2022-05-11,Contra Costa,013,1133247,200111,195153,14252,209405,1302
2022-05-11,Del Norte,015,27424,6008,5911,199,6110,50
2022-05-11,El Dorado,017,186661,27385,27172,3303,30475,212
2022-05-11,Fresno,019,978130,233952,233021,24347,257368,2754
2022-05-11,Glenn,021,27897,5027,5001,1620,6621,48
2022-05-11,Humboldt,023,135768,17842,17585,3259,20844,146
2022-05-11,Imperial,025,180216,55822,55751,10670,66421,917
2022-05-11,Inyo,027,18085,4122,4093,517,4610,56
2022-05-11,Kern,029,883053,193363,192795,46387,239182,2292
2022-05-11,Kings,031,150075,51835,51752,3523,55275,447
2022-05-11,Lake,033,64148,10834,10786,898,11684,137
2022-05-11,Lassen,035,31185,8983,8984,877,9861,65
2022-05-11,Los Angeles,037,10098052,2781401,2761410,128424,2889834,31747
2022-05-11,Madera,039,155013,37616,37496,6136,43632,365
2022-05-11,Marin,041,260295,35885,35336,3216,38552,292
2022-05-11,Mariposa,043,17540,2480,2461,218,2679,30
2022-05-11,Mendocino,045,87422,13391,13320,3252,16572,124
2022-05-11,Merced,047,269075,62990,62567,8885,71452,818
2022-05-11,Modoc,049,8938,743,747,254,1001,8
2022-05-11,Mono,051,14174,3011,2999,147,3146,6
2022-05-11,Monterey,053,433212,80979,80534,14495,95029,733
2022-05-11,Napa,055,140530,26902,26660,1060,27720,143
2022-05-11,Nevada,057,99092,16334,16230,1260,17490,127
2022-05-11,Orange,059,3164182,559178,556265,43125,599390,7009
2022-05-11,Placer,061,380077,64359,63823,7573,71396,625
2022-05-11,Plumas,063,18699,3024,2998,367,3365,13
2022-05-11,Riverside,065,2383286,599835,597302,28447,625749,6468
2022-05-11,Sacramento,067,1510023,287720,285799,27294,313093,3020
2022-05-11,San Benito,069,59416,13126,13088,550,13638,98
2022-05-11,San Bernardino,071,2135413,581787,571372,25329,596701,7354
2022-05-11,San Diego,073,3302833,770292,768135,54857,822992,5257
2022-05-11,San Francisco,075,870044,136807,134027,9000,143027,864
2022-05-11,San Joaquin,077,732212,169028,167949,10357,178306,2233
2022-05-11,San Luis Obispo,079,281455,53681,53420,4026,57446,478
2022-05-11,San Mateo,081,765935,130719,128821,7785,136606,711
2022-05-11,Santa Barbara,083,443738,88164,87593,4867,92460,693
2022-05-11,Santa Clara,085,1922200,331447,327177,13515,340692,2294
2022-05-11,Santa Cruz,087,273765,50851,50031,2231,52262,263
2022-05-11,Shasta,089,179085,30866,30768,6132,36900,564
2022-05-11,Sierra,091,2930,275,275,50,325,4
2022-05-11,Siskiyou,093,43540,4499,4478,2762,7240,81
2022-05-11,Solano,095,438530,84442,83464,5835,89299,450
2022-05-11,Sonoma,097,501317,87928,86798,3203,90001,488
2022-05-11,Stanislaus,099,539301,118963,118445,18122,136567,1644
2022-05-11,Sutter,101,95872,20712,20668,2128,22796,225
2022-05-11,Tehama,103,63373,12122,12106,2606,14712,201
2022-05-11,Trinity,105,12862,1190,1188,288,1476,20
2022-05-11,Tulare,107,460477,106958,107068,27964,135032,1468
2022-05-11,Tuolumne,109,53932,12946,12829,594,13423,181
2022-05-11,Ventura,111,848112,176981,175955,10102,186057,1491
2022-05-11,Yolo,113,214977,38790,37654,3182,40836,316
2022-05-11,Yuba,115,75493,16063,15997,1240,17237,122
2022-05-10,Alameda,001,1643700,270962,267982,14857,282839,1853
2022-05-10,Alpine,003,1148,125,125,1,126,0
2022-05-10,Amador,005,37829,8623,8564,670,9234,86
2022-05-10,Butte,007,227075,33590,33339,7115,40454,423
2022-05-10,Calaveras,009,45235,7388,7368,366,7734,120
2022-05-10,Colusa,011,21464,3469,3462,1052,4514,21
2022-05-10,Contra Costa,013,1133247,199629,195153,14210,209363,1302
2022-05-10,Del Norte,015,27424,5955,5911,199,6110,50
2022-05-10,El Dorado,017,186661,27348,27172,3297,30469,212
2022-05-10,Fresno,019,978130,233792,233021,24318,257339,2754
2022-05-10,Glenn,021,27897,5024,5001,1620,6621,48
2022-05-10,Humboldt,023,135768,17804,17585,3242,20827,146
2022-05-10,Imperial,025,180216,55787,55751,10652,66403,917
2022-05-10,Inyo,027,18085,4120,4093,511,4604,56
2022-05-10,Kern,029,883053,193261,192795,46346,239141,2292
2022-05-10,Kings,031,150075,51804,51752,3523,55275,447
2022-05-10,Lake,033,64148,10829,10786,898,11684,137
2022-05-10,Lassen,035,31185,8978,8984,877,9861,65
2022-05-10,Los Angeles,037,10098052,2778105,2761410,128189,2889599,31747
2022-05-10,Madera,039,155013,37583,37496,6123,43619,365
2022-05-10,Marin,041,260295,35772,35336,3173,38509,292
2022-05-10,Mariposa,043,17540,2480,2461,218,2679,30
2022-05-10,Mendocino,045,87422,13379,13320,3239,16559,124
2022-05-10,Merced,047,269075,62945,62567,8866,71433,818
2022-05-10,Modoc,049,8938,743,747,254,1001,8
2022-05-10,Mono,051,14174,3007,2999,144,3143,6
2022-05-10,Monterey,053,433212,80913,80534,14447,94981,733
2022-05-10,Napa,055,140530,26864,26660,1058,27718,143
2022-05-10,Nevada,057,99092,16314,16230,1257,17487,127
2022-05-10,Orange,059,3164182,558473,556265,43034,599299,7009
2022-05-10,Placer,061,380077,64246,63823,7558,71381,625
2022-05-10,Plumas,063,18699,3016,2998,366,3364,13
2022-05-10,Riverside,065,2383286,599410,597302,28418,625720,6468
2022-05-10,Sacramento,067,1510023,287220,285799,27227,313026,3020
2022-05-10,San Benito,069,59416,13109,13088,545,13633,98
2022-05-10,San Bernardino,071,2135413,581429,571372,25303,596675,7354
2022-05-10,San Diego,073,3302833,769274,768135,54735,822870,5257
2022-05-10,San Francisco,075,870044,136258,134027,8973,143000,864
2022-05-10,San Joaquin,077,732212,168870,167949,10296,178245,2233
2022-05-10,San Luis Obispo,079,281455,53605,53420,4001,57421,478
2022-05-10,San Mateo,081,765935,130343,128821,7745,136566,711
2022-05-10,Santa Barbara,083,443738,88048,87593,4852,92445,693
2022-05-10,Santa Clara,085,1922200,330425,327177,13434,340611,2294
2022-05-10,Santa Cruz,087,273765,50725,50031,2220,52251,263
2022-05-10,Shasta,089,179085,30846,30768,6131,36899,564
2022-05-10,Sierra,091,2930,275,275,49,324,4
2022-05-10,Siskiyou,093,43540,4495,4478,2762,7240,81
2022-05-10,Solano,095,438530,84255,83464,5816,89280,450
2022-05-10,Sonoma,097,501317,87688,86798,3165,89963,488
2022-05-10,Stanislaus,099,539301,118869,118445,18102,136547,1644
2022-05-10,Sutter,101,95872,20693,20668,2125,22793,225
2022-05-10,Tehama,103,63373,12119,12106,2599,14705,201
2022-05-10,Trinity,105,12862,1190,1188,288,1476,20
2022-05-10,Tulare,107,460477,106915,107068,27936,135004,1468
2022-05-10,Tuolumne,109,53932,12934,12829,594,13423,181
2022-05-10,Ventura,111,848112,176763,175955,10064,186019,1491
2022-05-10,Yolo,113,214977,38686,37654,3171,40825,316
2022-05-10,Yuba,115,75493,16042,15997,1237,17234,122
2022-05-09,Alameda,001,1643700,270191,267982,14812,282794,1853
2022-05-09,Alpine,003,1148,125,125,1,126,0
2022-05-09,Amador,005,37829,8617,8564,670,9234,86
2022-05-09,Butte,007,227075,33564,33339,7106,40445,423
2022-05-09,Calaveras,009,45235,7382,7368,366,7734,120
2022-05-09,Colusa,011,21464,3467,3462,1050,4512,21
2022-05-09,Contra Costa,013,1133247,199158,195153,14152,209305,1302
2022-05-09,Del Norte,015,27424,5946,5911,198,6109,50
2022-05-09,El Dorado,017,186661,27313,27172,3289,30461,212
2022-05-09,Fresno,019,978130,233633,233021,24296,257317,2754
2022-05-09,Glenn,021,27897,5022,5001,1618,6619,48
2022-05-09,Humboldt,023,135768,17753,17585,3220,20805,146
2022-05-09,Imperial,025,180216,55754,55751,10639,66390,917
2022-05-09,Inyo,027,18085,4117,4093,508,4601,56
2022-05-09,Kern,029,883053,193164,192795,46289,239084,2292
2022-05-09,Kings,031,150075,51773,51752,3522,55274,447
2022-05-09,Lake,033,64148,10821,10786,897,11683,137
2022-05-09,Lassen,035,31185,8976,8984,877,9861,65
2022-05-09,Los Angeles,037,10098052,2774746,2761410,127946,2889356,31747
2022-05-09,Madera,039,155013,37551,37496,6114,43610,365
2022-05-09,Marin,041,260295,35655,35336,3138,38474,292
2022-05-09,Mariposa,043,17540,2475,2461,218,2679,30
2022-05-09,Mendocino,045,87422,13368,13320,3228,16548,124
2022-05-09,Merced,047,269075,62904,62567,8847,71414,818
2022-05-09,Modoc,049,8938,743,747,254,1001,8
2022-05-09,Mono,051,14174,3005,2999,142,3141,6
2022-05-09,Monterey,053,433212,80821,80534,14394,94928,733
2022-05-09,Napa,055,140530,26814,26660,1056,27716,143
2022-05-09,Nevada,057,99092,16286,16230,1251,17481,127
2022-05-09,Orange,059,3164182,557804,556265,42954,599219,7009
2022-05-09,Placer,061,380077,64185,63823,7542,71365,625
2022-05-09,Plumas,063,18699,3007,2998,366,3364,13
2022-05-09,Riverside,065,2383286,598920,597302,28382,625684,6468
2022-05-09,Sacramento,067,1510023,286791,285799,27155,312954,3020
2022-05-09,San Benito,069,59416,13090,13088,543,13631,98
2022-05-09,San Bernardino,071,2135413,581098,571372,25292,596664,7354
2022-05-09,San Diego,073,3302833,768295,768135,54594,822729,5257
2022-05-09,San Francisco,075,870044,135703,134027,8949,142976,864
2022-05-09,San Joaquin,077,732212,168687,167949,10274,178223,2233
2022-05-09,San Luis Obispo,079,281455,53552,53420,3980,57400,478
2022-05-09,San Mateo,081,765935,129916,128821,7707,136528,711
2022-05-09,Santa Barbara,083,443738,87918,87593,4841,92434,693
2022-05-09,Santa Clara,085,1922200,329293,327177,13371,340548,2294
2022-05-09,Santa Cruz,087,273765,50584,50031,2212,52243,263
2022-05-09,Shasta,089,179085,30833,30768,6129,36897,564
2022-05-09,Sierra,091,2930,275,275,49,324,4
2022-05-09,Siskiyou,093,43540,4493,4478,2762,7240,81
2022-05-09,Solano,095,438530,84098,83464,5803,89267,450
2022-05-09,Sonoma,097,501317,87428,86798,3139,89937,488
2022-05-09,Stanislaus,099,539301,118773,118445,18084,136529,1644
2022-05-09,Sutter,101,95872,20680,20668,2124,22792,225
2022-05-09,Tehama,103,63373,12117,12106,2597,14703,201
2022-05-09,Trinity,105,12862,1190,1188,288,1476,20
2022-05-09,Tulare,107,460477,106868,107068,27899,134967,1468
2022-05-09,Tuolumne,109,53932,12926,12829,594,13423,181
2022-05-09,Ventura,111,848112,176546,175955,10015,185970,1491
2022-05-09,Yolo,113,214977,38577,37654,3162,40816,316
2022-05-09,Yuba,115,75493,16033,15997,1236,17233,122
2022-05-08,Alameda,001,1643700,269297,265198,14744,279942,1855
2022-05-08,Alpine,003,1148,125,125,1,126,0
2022-05-08,Amador,005,37829,8606,8556,667,9223,86
2022-05-08,Butte,007,227075,33542,33269,7095,40364,421
2022-05-08,Calaveras,009,45235,7375,7353,365,7718,120
2022-05-08,Colusa,011,21464,3466,3459,1050,4509,21
2022-05-08,Contra Costa,013,1133247,198644,193961,14071,208032,1302
2022-05-08,Del Norte,015,27424,5930,5884,198,6082,50
2022-05-08,El Dorado,017,186661,27275,27081,3284,30365,210
2022-05-08,Fresno,019,978130,233467,232655,24273,256928,2754
2022-05-08,Glenn,021,27897,5020,4996,1618,6614,48
2022-05-08,Humboldt,023,135768,17700,17410,3181,20591,146
2022-05-08,Imperial,025,180216,55720,55683,10630,66313,917
2022-05-08,Inyo,027,18085,4110,4087,508,4595,56
2022-05-08,Kern,029,883053,193070,192590,46243,238833,2287
2022-05-08,Kings,031,150075,51756,51702,3522,55224,447
2022-05-08,Lake,033,64148,10814,10766,897,11663,137
2022-05-08,Lassen,035,31185,8972,8978,877,9855,65
2022-05-08,Los Angeles,037,10098052,2771161,2751478,127657,2879135,31738
2022-05-08,Madera,039,155013,37529,37420,6095,43515,365
2022-05-08,Marin,041,260295,35530,34934,3091,38025,292
2022-05-08,Mariposa,043,17540,2468,2438,217,2655,30
2022-05-08,Mendocino,045,87422,13349,13270,3202,16472,124
2022-05-08,Merced,047,269075,62854,62471,8818,71289,818
2022-05-08,Modoc,049,8938,743,745,254,999,8
2022-05-08,Mono,051,14174,3004,2997,140,3137,6
2022-05-08,Monterey,053,433212,80728,80246,14312,94558,733
2022-05-08,Napa,055,140530,26773,26524,1053,27577,143
2022-05-08,Nevada,057,99092,16262,16171,1249,17420,127
2022-05-08,Orange,059,3164182,557126,554411,42851,597262,7007
2022-05-08,Placer,061,380077,64068,63577,7515,71092,625
2022-05-08,Plumas,063,18699,3003,2996,366,3362,13
2022-05-08,Riverside,065,2383286,598433,596022,28346,624368,6467
2022-05-08,Sacramento,067,1510023,286284,284564,27083,311647,3016
2022-05-08,San Benito,069,59416,13075,13047,540,13587,98
2022-05-08,San Bernardino,071,2135413,580666,570381,25259,595640,7306
2022-05-08,San Diego,073,3302833,767265,765377,54490,819867,5244
2022-05-08,San Francisco,075,870044,135051,132659,8919,141578,861
2022-05-08,San Joaquin,077,732212,168499,167568,10241,177809,2229
2022-05-08,San Luis Obispo,079,281455,53481,53273,3960,57233,477
2022-05-08,San Mateo,081,765935,129455,127615,7653,135268,709
2022-05-08,Santa Barbara,083,443738,87784,87305,4832,92137,692
2022-05-08,Santa Clara,085,1922200,328225,324946,13297,338243,2287
2022-05-08,Santa Cruz,087,273765,50404,49605,2208,51813,262
2022-05-08,Shasta,089,179085,30805,30721,6125,36846,563
2022-05-08,Sierra,091,2930,275,275,49,324,4
2022-05-08,Siskiyou,093,43540,4490,4470,2757,7227,81
2022-05-08,Solano,095,438530,83927,83038,5778,88816,450
2022-05-08,Sonoma,097,501317,87209,86150,3104,89254,488
2022-05-08,Stanislaus,099,539301,118665,118235,18059,136294,1643
2022-05-08,Sutter,101,95872,20659,20694,2120,22814,225
2022-05-08,Tehama,103,63373,12111,12098,2594,14692,201
2022-05-08,Trinity,105,12862,1189,1180,288,1468,20
2022-05-08,Tulare,107,460477,106828,106987,27864,134851,1468
2022-05-08,Tuolumne,109,53932,12913,12793,590,13383,181
2022-05-08,Ventura,111,848112,176309,175454,9969,185423,1491
2022-05-08,Yolo,113,214977,38471,37456,3148,40604,315
2022-05-08,Yuba,115,75493,16011,15964,1232,17196,122
2022-05-07,Alameda,001,1643700,268920,265198,14726,279924,1855
2022-05-07,Alpine,003,1148,125,125,1,126,0
2022-05-07,Amador,005,37829,8604,8556,667,9223,86
2022-05-07,Butte,007,227075,33534,33269,7089,40358,421
2022-05-07,Calaveras,009,45235,7368,7353,365,7718,120
2022-05-07,Colusa,011,21464,3466,3459,1050,4509,21
2022-05-07,Contra Costa,013,1133247,198402,193961,14054,208015,1302
2022-05-07,Del Norte,015,27424,5928,5884,198,6082,50
2022-05-07,El Dorado,017,186661,27257,27081,3283,30364,210
2022-05-07,Fresno,019,978130,233411,232655,24266,256921,2754
2022-05-07,Glenn,021,27897,5019,4996,1618,6614,48
2022-05-07,Humboldt,023,135768,17672,17410,3173,20583,146
2022-05-07,Imperial,025,180216,55697,55683,10624,66307,917
2022-05-07,Inyo,027,18085,4107,4087,508,4595,56
2022-05-07,Kern,029,883053,193035,192590,46222,238812,2287
2022-05-07,Kings,031,150075,51745,51702,3522,55224,447
2022-05-07,Lake,033,64148,10810,10766,897,11663,137
2022-05-07,Lassen,035,31185,8972,8978,877,9855,65
2022-05-07,Los Angeles,037,10098052,2769568,2751478,127488,2878966,31738
2022-05-07,Madera,039,155013,37522,37420,6095,43515,365
2022-05-07,Marin,041,260295,35456,34934,3059,37993,292
2022-05-07,Mariposa,043,17540,2465,2438,217,2655,30
2022-05-07,Mendocino,045,87422,13340,13270,3199,16469,124
2022-05-07,Merced,047,269075,62841,62471,8818,71289,818
2022-05-07,Modoc,049,8938,743,745,254,999,8
2022-05-07,Mono,051,14174,3003,2997,139,3136,6
2022-05-07,Monterey,053,433212,80668,80246,14286,94532,733
2022-05-07,Napa,055,140530,26743,26524,1052,27576,143
2022-05-07,Nevada,057,99092,16252,16171,1244,17415,127
2022-05-07,Orange,059,3164182,556799,554411,42800,597211,7007
2022-05-07,Placer,061,380077,64004,63577,7507,71084,625
2022-05-07,Plumas,063,18699,3003,2996,365,3361,13
2022-05-07,Riverside,065,2383286,598178,596022,28319,624341,6467
2022-05-07,Sacramento,067,1510023,286090,284564,27070,311634,3016
2022-05-07,San Benito,069,59416,13066,13047,535,13582,98
2022-05-07,San Bernardino,071,2135413,580453,570381,25254,595635,7306
2022-05-07,San Diego,073,3302833,766779,765377,54459,819836,5244
2022-05-07,San Francisco,075,870044,134723,132659,8899,141558,861
2022-05-07,San Joaquin,077,732212,168394,167568,10233,177801,2229
2022-05-07,San Luis Obispo,079,281455,53469,53273,3949,57222,477
2022-05-07,San Mateo,081,765935,129171,127615,7631,135246,709
2022-05-07,Santa Barbara,083,443738,87704,87305,4829,92134,692
2022-05-07,Santa Clara,085,1922200,327605,324946,13267,338213,2287
2022-05-07,Santa Cruz,087,273765,50351,49605,2198,51803,262
2022-05-07,Shasta,089,179085,30797,30721,6125,36846,563
2022-05-07,Sierra,091,2930,275,275,49,324,4
2022-05-07,Siskiyou,093,43540,4488,4470,2757,7227,81
2022-05-07,Solano,095,438530,83870,83038,5773,88811,450
2022-05-07,Sonoma,097,501317,87084,86150,3095,89245,488
2022-05-07,Stanislaus,099,539301,118618,118235,18050,136285,1643
2022-05-07,Sutter,101,95872,20650,20694,2120,22814,225
2022-05-07,Tehama,103,63373,12109,12098,2593,14691,201
2022-05-07,Trinity,105,12862,1189,1180,288,1468,20
2022-05-07,Tulare,107,460477,106804,106987,27852,134839,1468
2022-05-07,Tuolumne,109,53932,12906,12793,590,13383,181
2022-05-07,Ventura,111,848112,176198,175454,9945,185399,1491
2022-05-07,Yolo,113,214977,38426,37456,3146,40602,315
2022-05-07,Yuba,115,75493,16002,15964,1232,17196,122
2022-05-06,Alameda,001,1643700,268537,265198,14705,279903,1855
2022-05-06,Alpine,003,1148,125,125,1,126,0
2022-05-06,Amador,005,37829,8603,8556,666,9222,86
2022-05-06,Butte,007,227075,33525,33269,7086,40355,421
2022-05-06,Calaveras,009,45235,7366,7353,365,7718,120
2022-05-06,Colusa,011,21464,3466,3459,1050,4509,21
2022-05-06,Contra Costa,013,1133247,198170,193961,14042,208003,1302
2022-05-06,Del Norte,015,27424,5918,5884,198,6082,50
2022-05-06,El Dorado,017,186661,27232,27081,3281,30362,210
2022-05-06,Fresno,019,978130,233335,232655,24257,256912,2754
2022-05-06,Glenn,021,27897,5019,4996,1618,6614,48
2022-05-06,Humboldt,023,135768,17645,17410,3166,20576,146
2022-05-06,Imperial,025,180216,55688,55683,10621,66304,917
2022-05-06,Inyo,027,18085,4098,4087,505,4592,56
2022-05-06,Kern,029,883053,192983,192590,46193,238783,2287
2022-05-06,Kings,031,150075,51737,51702,3522,55224,447
2022-05-06,Lake,033,64148,10808,10766,897,11663,137
2022-05-06,Lassen,035,31185,8972,8978,877,9855,65
2022-05-06,Los Angeles,037,10098052,2767742,2751478,127341,2878819,31738
2022-05-06,Madera,039,155013,37508,37420,6092,43512,365
2022-05-06,Marin,041,260295,35378,34934,3013,37947,292
2022-05-06,Mariposa,043,17540,2464,2438,210,2648,30
2022-05-06,Mendocino,045,87422,13328,13270,3197,16467,124
2022-05-06,Merced,047,269075,62824,62471,8817,71288,818
2022-05-06,Modoc,049,8938,743,745,254,999,8
2022-05-06,Mono,051,14174,3002,2997,139,3136,6
2022-05-06,Monterey,053,433212,80629,80246,14249,94495,733
2022-05-06,Napa,055,140530,26726,26524,1052,27576,143
2022-05-06,Nevada,057,99092,16240,16171,1242,17413,127
2022-05-06,Orange,059,3164182,556455,554411,42734,597145,7007
2022-05-06,Placer,061,380077,63943,63577,7495,71072,625
2022-05-06,Plumas,063,18699,3001,2996,365,3361,13
2022-05-06,Riverside,065,2383286,597950,596022,28299,624321,6467
2022-05-06,Sacramento,067,1510023,285834,284564,27050,311614,3016
2022-05-06,San Benito,069,59416,13062,13047,535,13582,98
2022-05-06,San Bernardino,071,2135413,580276,570381,25248,595629,7306
2022-05-06,San Diego,073,3302833,766269,765377,54422,819799,5244
2022-05-06,San Francisco,075,870044,134396,132659,8878,141537,861
2022-05-06,San Joaquin,077,732212,168305,167568,10221,177789,2229
2022-05-06,San Luis Obispo,079,281455,53443,53273,3944,57217,477
2022-05-06,San Mateo,081,765935,128945,127615,7622,135237,709
2022-05-06,Santa Barbara,083,443738,87650,87305,4827,92132,692
2022-05-06,Santa Clara,085,1922200,327016,324946,13252,338198,2287
2022-05-06,Santa Cruz,087,273765,50286,49605,2194,51799,262
2022-05-06,Shasta,089,179085,30791,30721,6124,36845,563
2022-05-06,Sierra,091,2930,275,275,49,324,4
2022-05-06,Siskiyou,093,43540,4486,4470,2755,7225,81
2022-05-06,Solano,095,438530,83780,83038,5765,88803,450
2022-05-06,Sonoma,097,501317,86962,86150,3080,89230,488
2022-05-06,Stanislaus,099,539301,118561,118235,18043,136278,1643
2022-05-06,Sutter,101,95872,20644,20694,2120,22814,225
2022-05-06,Tehama,103,63373,12104,12098,2593,14691,201
2022-05-06,Trinity,105,12862,1188,1180,288,1468,20
2022-05-06,Tulare,107,460477,106785,106987,27841,134828,1468
2022-05-06,Tuolumne,109,53932,12899,12793,589,13382,181
2022-05-06,Ventura,111,848112,176082,175454,9915,185369,1491
2022-05-06,Yolo,113,214977,38379,37456,3142,40598,315
2022-05-06,Yuba,115,75493,15991,15964,1231,17195,122
2022-05-05,Alameda,001,1643700,267950,265198,14660,279858,1855
2022-05-05,Alpine,003,1148,125,125,1,126,0
2022-05-05,Amador,005,37829,8601,8556,665,9221,86
2022-05-05,Butte,007,227075,33506,33269,7079,40348,421
2022-05-05,Calaveras,009,45235,7362,7353,363,7716,120
2022-05-05,Colusa,011,21464,3466,3459,1047,4506,21
2022-05-05,Contra Costa,013,1133247,197776,193961,13998,207959,1302
2022-05-05,Del Norte,015,27424,5917,5884,198,6082,50
2022-05-05,El Dorado,017,186661,27207,27081,3274,30355,210
2022-05-05,Fresno,019,978130,233234,232655,24234,256889,2754
2022-05-05,Glenn,021,27897,5019,4996,1618,6614,48
2022-05-05,Humboldt,023,135768,17607,17410,3152,20562,146
2022-05-05,Imperial,025,180216,55681,55683,10610,66293,917
2022-05-05,Inyo,027,18085,4094,4087,504,4591,56
2022-05-05,Kern,029,883053,192925,192590,46155,238745,2287
2022-05-05,Kings,031,150075,51729,51702,3522,55224,447
2022-05-05,Lake,033,64148,10804,10766,897,11663,137
2022-05-05,Lassen,035,31185,8972,8978,877,9855,65
2022-05-05,Los Angeles,037,10098052,2765154,2751478,127117,2878595,31738
2022-05-05,Madera,039,155013,37491,37420,6087,43507,365
2022-05-05,Marin,041,260295,35268,34934,2991,37925,292
2022-05-05,Mariposa,043,17540,2462,2438,209,2647,30
2022-05-05,Mendocino,045,87422,13317,13270,3189,16459,124
2022-05-05,Merced,047,269075,62791,62471,8813,71284,818
2022-05-05,Modoc,049,8938,743,745,252,997,8
2022-05-05,Mono,051,14174,3001,2997,138,3135,6
2022-05-05,Monterey,053,433212,80574,80246,14220,94466,733
2022-05-05,Napa,055,140530,26693,26524,1051,27575,143
2022-05-05,Nevada,057,99092,16230,16171,1239,17410,127
2022-05-05,Orange,059,3164182,555946,554411,42677,597088,7007
2022-05-05,Placer,061,380077,63882,63577,7486,71063,625
2022-05-05,Plumas,063,18699,3000,2996,365,3361,13
2022-05-05,Riverside,065,2383286,597613,596022,28272,624294,6467
2022-05-05,Sacramento,067,1510023,285499,284564,26997,311561,3016
2022-05-05,San Benito,069,59416,13051,13047,533,13580,98
2022-05-05,San Bernardino,071,2135413,579986,570381,25232,595613,7306
2022-05-05,San Diego,073,3302833,765528,765377,54352,819729,5244
2022-05-05,San Francisco,075,870044,133980,132659,8844,141503,861
2022-05-05,San Joaquin,077,732212,168214,167568,10193,177761,2229
2022-05-05,San Luis Obispo,079,281455,53407,53273,3929,57202,477
2022-05-05,San Mateo,081,765935,128608,127615,7597,135212,709
2022-05-05,Santa Barbara,083,443738,87575,87305,4822,92127,692
2022-05-05,Santa Clara,085,1922200,326223,324946,13190,338136,2287
2022-05-05,Santa Cruz,087,273765,50188,49605,2190,51795,262
2022-05-05,Shasta,089,179085,30781,30721,6122,36843,563
2022-05-05,Sierra,091,2930,275,275,49,324,4
2022-05-05,Siskiyou,093,43540,4484,4470,2755,7225,81
2022-05-05,Solano,095,438530,83659,83038,5747,88785,450
2022-05-05,Sonoma,097,501317,86789,86150,3062,89212,488
2022-05-05,Stanislaus,099,539301,118503,118235,18029,136264,1643
2022-05-05,Sutter,101,95872,20642,20694,2118,22812,225
2022-05-05,Tehama,103,63373,12100,12098,2591,14689,201
2022-05-05,Trinity,105,12862,1188,1180,288,1468,20
2022-05-05,Tulare,107,460477,106755,106987,27823,134810,1468
2022-05-05,Tuolumne,109,53932,12881,12793,586,13379,181
2022-05-05,Ventura,111,848112,175895,175454,9872,185326,1491
2022-05-05,Yolo,113,214977,38308,37456,3131,40587,315
2022-05-05,Yuba,115,75493,15981,15964,1228,17192,122
2022-05-04,Alameda,001,1643700,267287,263736,14618,278354,1850
2022-05-04,Alpine,003,1148,125,124,1,125,0
2022-05-04,Amador,005,37829,8598,8546,664,9210,86
2022-05-04,Butte,007,227075,33489,33220,7074,40294,417
2022-05-04,Calaveras,009,45235,7357,7344,363,7707,120
2022-05-04,Colusa,011,21464,3465,3460,1047,4507,21
2022-05-04,Contra Costa,013,1133247,197410,193175,13943,207118,1302
2022-05-04,Del Norte,015,27424,5909,5866,198,6064,50
2022-05-04,El Dorado,017,186661,27182,27021,3267,30288,210
2022-05-04,Fresno,019,978130,233117,232332,24223,256555,2751
2022-05-04,Glenn,021,27897,5017,4995,1618,6613,48
2022-05-04,Humboldt,023,135768,17567,17316,3142,20458,146
2022-05-04,Imperial,025,180216,55659,55548,10602,66150,910
2022-05-04,Inyo,027,18085,4094,4085,501,4586,56
2022-05-04,Kern,029,883053,192860,192432,46119,238551,2281
2022-05-04,Kings,031,150075,51711,51663,3521,55184,447
2022-05-04,Lake,033,64148,10799,10758,897,11655,137
2022-05-04,Lassen,035,31185,8971,8972,875,9847,65
2022-05-04,Los Angeles,037,10098052,2762373,2744894,126926,2871820,31722
2022-05-04,Madera,039,155013,37467,37395,6082,43477,365
2022-05-04,Marin,041,260295,35181,34727,2969,37696,291
2022-05-04,Mariposa,043,17540,2456,2435,204,2639,30
2022-05-04,Mendocino,045,87422,13309,13247,3181,16428,123
2022-05-04,Merced,047,269075,62764,62419,8802,71221,818
2022-05-04,Modoc,049,8938,743,746,252,998,8
2022-05-04,Mono,051,14174,3000,2993,135,3128,6
2022-05-04,Monterey,053,433212,80512,80038,14196,94234,732
2022-05-04,Napa,055,140530,26656,26434,1048,27482,143
2022-05-04,Nevada,057,99092,16214,16136,1235,17371,127
2022-05-04,Orange,059,3164182,555362,553177,42602,595779,7006
2022-05-04,Placer,061,380077,63799,63410,7480,70890,625
2022-05-04,Plumas,063,18699,2998,2947,365,3312,13
2022-05-04,Riverside,065,2383286,597278,594981,28246,623227,6457
2022-05-04,Sacramento,067,1510023,285170,283939,26961,310900,3013
2022-05-04,San Benito,069,59416,13042,13019,527,13546,98
2022-05-04,San Bernardino,071,2135413,579724,569570,25219,594789,7240
2022-05-04,San Diego,073,3302833,764780,763453,54259,817712,5239
2022-05-04,San Francisco,075,870044,133573,131599,8822,140421,860
2022-05-04,San Joaquin,077,732212,168111,167280,10165,177445,2225
2022-05-04,San Luis Obispo,079,281455,53363,53156,3918,57074,477
2022-05-04,San Mateo,081,765935,128285,126800,7562,134362,710
2022-05-04,Santa Barbara,083,443738,87470,87058,4807,91865,688
2022-05-04,Santa Clara,085,1922200,325417,322805,13137,335942,2285
2022-05-04,Santa Cruz,087,273765,50073,49230,2187,51417,262
2022-05-04,Shasta,089,179085,30765,30681,6120,36801,556
2022-05-04,Sierra,091,2930,275,275,49,324,4
2022-05-04,Siskiyou,093,43540,4480,4463,2753,7216,81
2022-05-04,Solano,095,438530,83513,82796,5737,88533,449
2022-05-04,Sonoma,097,501317,86613,85694,3037,88731,488
2022-05-04,Stanislaus,099,539301,118440,118123,18018,136141,1643
2022-05-04,Sutter,101,95872,20631,20672,2116,22788,224
2022-05-04,Tehama,103,63373,12098,12090,2586,14676,201
2022-05-04,Trinity,105,12862,1188,1180,288,1468,20
2022-05-04,Tulare,107,460477,106737,106935,27808,134743,1464
2022-05-04,Tuolumne,109,53932,12874,12757,584,13341,181
2022-05-04,Ventura,111,848112,175727,175066,9830,184896,1486
2022-05-04,Yolo,113,214977,38232,37344,3126,40470,315
2022-05-04,Yuba,115,75493,15972,15940,1225,17165,122
2022-05-03,Alameda,001,1643700,266672,263736,14575,278311,1850
2022-05-03,Alpine,003,1148,125,124,1,125,0
2022-05-03,Amador,005,37829,8595,8546,663,9209,86
2022-05-03,Butte,007,227075,33473,33220,7069,40289,417
2022-05-03,Calaveras,009,45235,7350,7344,363,7707,120
2022-05-03,Colusa,011,21464,3464,3460,1047,4507,21
2022-05-03,Contra Costa,013,1133247,197017,193175,13900,207075,1302
2022-05-03,Del Norte,015,27424,5902,5866,196,6062,50
2022-05-03,El Dorado,017,186661,27160,27021,3263,30284,210
2022-05-03,Fresno,019,978130,233005,232332,24204,256536,2751
2022-05-03,Glenn,021,27897,5016,4995,1616,6611,48
2022-05-03,Humboldt,023,135768,17531,17316,3123,20439,146
2022-05-03,Imperial,025,180216,55638,55548,10596,66144,910
2022-05-03,Inyo,027,18085,4092,4085,501,4586,56
2022-05-03,Kern,029,883053,192782,192432,46087,238519,2281
2022-05-03,Kings,031,150075,51699,51663,3521,55184,447
2022-05-03,Lake,033,64148,10795,10758,896,11654,137
2022-05-03,Lassen,035,31185,8971,8972,875,9847,65
2022-05-03,Los Angeles,037,10098052,2759310,2744894,126694,2871588,31722
2022-05-03,Madera,039,155013,37436,37395,6077,43472,365
2022-05-03,Marin,041,260295,35071,34727,2946,37673,291
2022-05-03,Mariposa,043,17540,2448,2435,204,2639,30
2022-05-03,Mendocino,045,87422,13294,13247,3163,16410,123
2022-05-03,Merced,047,269075,62736,62419,8778,71197,818
2022-05-03,Modoc,049,8938,742,746,252,998,8
2022-05-03,Mono,051,14174,2998,2993,134,3127,6
2022-05-03,Monterey,053,433212,80460,80038,14162,94200,732
2022-05-03,Napa,055,140530,26621,26434,1041,27475,143
2022-05-03,Nevada,057,99092,16203,16136,1235,17371,127
2022-05-03,Orange,059,3164182,554841,553177,42524,595701,7006
2022-05-03,Placer,061,380077,63705,63410,7466,70876,625
2022-05-03,Plumas,063,18699,2994,2947,365,3312,13
2022-05-03,Riverside,065,2383286,596912,594981,28222,623203,6457
2022-05-03,Sacramento,067,1510023,284858,283939,26910,310849,3013
2022-05-03,San Benito,069,59416,13029,13019,524,13543,98
2022-05-03,San Bernardino,071,2135413,579455,569570,25207,594777,7240
2022-05-03,San Diego,073,3302833,763935,763453,54159,817612,5239
2022-05-03,San Francisco,075,870044,133098,131599,8792,140391,860
2022-05-03,San Joaquin,077,732212,168028,167280,10139,177419,2225
2022-05-03,San Luis Obispo,079,281455,53316,53156,3909,57065,477
2022-05-03,San Mateo,081,765935,127941,126800,7525,134325,710
2022-05-03,Santa Barbara,083,443738,87381,87058,4805,91863,688
2022-05-03,Santa Clara,085,1922200,324601,322805,13087,335892,2285
2022-05-03,Santa Cruz,087,273765,49981,49230,2181,51411,262
2022-05-03,Shasta,089,179085,30746,30681,6119,36800,556
2022-05-03,Sierra,091,2930,275,275,49,324,4
2022-05-03,Siskiyou,093,43540,4479,4463,2753,7216,81
2022-05-03,Solano,095,438530,83324,82796,5725,88521,449
2022-05-03,Sonoma,097,501317,86432,85694,3013,88707,488
2022-05-03,Stanislaus,099,539301,118386,118123,18005,136128,1643
2022-05-03,Sutter,101,95872,20626,20672,2114,22786,224
2022-05-03,Tehama,103,63373,12094,12090,2585,14675,201
2022-05-03,Trinity,105,12862,1187,1180,288,1468,20
2022-05-03,Tulare,107,460477,106708,106935,27794,134729,1464
2022-05-03,Tuolumne,109,53932,12861,12757,584,13341,181
2022-05-03,Ventura,111,848112,175558,175066,9787,184853,1486
2022-05-03,Yolo,113,214977,38163,37344,3125,40469,315
2022-05-03,Yuba,115,75493,15961,15940,1217,17157,122
2022-05-02,Alameda,001,1643700,266041,263736,14530,278266,1850
2022-05-02,Alpine,003,1148,125,124,1,125,0
2022-05-02,Amador,005,37829,8592,8546,660,9206,86
2022-05-02,Butte,007,227075,33450,33220,7066,40286,417
2022-05-02,Calaveras,009,45235,7349,7344,362,7706,120
2022-05-02,Colusa,011,21464,3464,3460,1047,4507,21
2022-05-02,Contra Costa,013,1133247,196642,193175,13862,207037,1302
2022-05-02,Del Norte,015,27424,5897,5866,191,6057,50
2022-05-02,El Dorado,017,186661,27137,27021,3257,30278,210
2022-05-02,Fresno,019,978130,232894,232332,24175,256507,2751
2022-05-02,Glenn,021,27897,5014,4995,1616,6611,48
2022-05-02,Humboldt,023,135768,17480,17316,3109,20425,146
2022-05-02,Imperial,025,180216,55625,55548,10589,66137,910
2022-05-02,Inyo,027,18085,4091,4085,499,4584,56
2022-05-02,Kern,029,883053,192698,192432,46058,238490,2281
2022-05-02,Kings,031,150075,51682,51663,3521,55184,447
2022-05-02,Lake,033,64148,10791,10758,896,11654,137
2022-05-02,Lassen,035,31185,8970,8972,875,9847,65
2022-05-02,Los Angeles,037,10098052,2756265,2744894,126480,2871374,31722
2022-05-02,Madera,039,155013,37419,37395,6070,43465,365
2022-05-02,Marin,041,260295,34946,34727,2923,37650,291
2022-05-02,Mariposa,043,17540,2443,2435,204,2639,30
2022-05-02,Mendocino,045,87422,13276,13247,3150,16397,123
2022-05-02,Merced,047,269075,62705,62419,8771,71190,818
2022-05-02,Modoc,049,8938,741,746,252,998,8
2022-05-02,Mono,051,14174,2996,2993,133,3126,6
2022-05-02,Monterey,053,433212,80382,80038,14121,94159,732
2022-05-02,Napa,055,140530,26581,26434,1039,27473,143
2022-05-02,Nevada,057,99092,16185,16136,1233,17369,127
2022-05-02,Orange,059,3164182,554300,553177,42429,595606,7006
2022-05-02,Placer,061,380077,63648,63410,7459,70869,625
2022-05-02,Plumas,063,18699,2994,2947,365,3312,13
2022-05-02,Riverside,065,2383286,596522,594981,28195,623176,6457
2022-05-02,Sacramento,067,1510023,284552,283939,26870,310809,3013
2022-05-02,San Benito,069,59416,13017,13019,524,13543,98
2022-05-02,San Bernardino,071,2135413,579167,569570,25188,594758,7240
2022-05-02,San Diego,073,3302833,763070,763453,54063,817516,5239
2022-05-02,San Francisco,075,870044,132664,131599,8765,140364,860
2022-05-02,San Joaquin,077,732212,167912,167280,10129,177409,2225
2022-05-02,San Luis Obispo,079,281455,53263,53156,3900,57056,477
2022-05-02,San Mateo,081,765935,127618,126800,7510,134310,710
2022-05-02,Santa Barbara,083,443738,87280,87058,4801,91859,688
2022-05-02,Santa Clara,085,1922200,323690,322805,13040,335845,2285
2022-05-02,Santa Cruz,087,273765,49855,49230,2177,51407,262
2022-05-02,Shasta,089,179085,30727,30681,6118,36799,556
2022-05-02,Sierra,091,2930,275,275,49,324,4
2022-05-02,Siskiyou,093,43540,4476,4463,2751,7214,81
2022-05-02,Solano,095,438530,83184,82796,5715,88511,449
2022-05-02,Sonoma,097,501317,86249,85694,2992,88686,488
2022-05-02,Stanislaus,099,539301,118313,118123,17991,136114,1643
2022-05-02,Sutter,101,95872,20619,20672,2111,22783,224
2022-05-02,Tehama,103,63373,12089,12090,2582,14672,201
2022-05-02,Trinity,105,12862,1186,1180,288,1468,20
2022-05-02,Tulare,107,460477,106686,106935,27778,134713,1464
2022-05-02,Tuolumne,109,53932,12855,12757,584,13341,181
2022-05-02,Ventura,111,848112,175395,175066,9755,184821,1486
2022-05-02,Yolo,113,214977,38084,37344,3119,40463,315
2022-05-02,Yuba,115,75493,15956,15940,1215,17155,122
2022-05-01,Alameda,001,1643700,265339,262027,14480,276507,1851
2022-05-01,Alpine,003,1148,125,124,1,125,0
2022-05-01,Amador,005,37829,8592,8533,660,9193,86
2022-05-01,Butte,007,227075,33423,33172,7061,40233,418
2022-05-01,Calaveras,009,45235,7345,7328,356,7684,120
2022-05-01,Colusa,011,21464,3464,3457,1047,4504,21
2022-05-01,Contra Costa,013,1133247,196257,192136,13791,205927,1301
2022-05-01,Del Norte,015,27424,5889,5841,191,6032,50
2022-05-01,El Dorado,017,186661,27105,26946,3253,30199,210
2022-05-01,Fresno,019,978130,232790,232067,24154,256221,2748
2022-05-01,Glenn,021,27897,5014,4995,1616,6611,48
2022-05-01,Humboldt,023,135768,17416,17194,3084,20278,145
2022-05-01,Imperial,025,180216,55601,55503,10586,66089,910
2022-05-01,Inyo,027,18085,4090,4084,498,4582,56
2022-05-01,Kern,029,883053,192635,192250,46012,238262,2265
2022-05-01,Kings,031,150075,51661,51640,3517,55157,447
2022-05-01,Lake,033,64148,10784,10742,894,11636,137
2022-05-01,Lassen,035,31185,8970,8966,875,9841,65
2022-05-01,Los Angeles,037,10098052,2753250,2736900,126245,2863145,31712
2022-05-01,Madera,039,155013,37401,37360,6059,43419,365
2022-05-01,Marin,041,260295,34859,34519,2890,37409,291
2022-05-01,Mariposa,043,17540,2442,2430,204,2634,30
2022-05-01,Mendocino,045,87422,13257,13219,3134,16353,123
2022-05-01,Merced,047,269075,62673,62357,8755,71112,818
2022-05-01,Modoc,049,8938,741,745,252,997,8
2022-05-01,Mono,051,14174,2993,2989,131,3120,6
2022-05-01,Monterey,053,433212,80303,79881,14079,93960,731
2022-05-01,Napa,055,140530,26536,26319,1035,27354,143
2022-05-01,Nevada,057,99092,16166,16100,1232,17332,127
2022-05-01,Orange,059,3164182,553749,551822,42331,594153,6998
2022-05-01,Placer,061,380077,63575,63273,7445,70718,625
2022-05-01,Plumas,063,18699,2993,2946,365,3311,13
2022-05-01,Riverside,065,2383286,596064,593965,28161,622126,6457
2022-05-01,Sacramento,067,1510023,284221,283048,26809,309857,3007
2022-05-01,San Benito,069,59416,13009,12988,524,13512,98
2022-05-01,San Bernardino,071,2135413,578848,568758,25171,593929,7191
2022-05-01,San Diego,073,3302833,762188,761253,53971,815224,5238
2022-05-01,San Francisco,075,870044,132172,130241,8736,138977,860
2022-05-01,San Joaquin,077,732212,167768,167028,10099,177127,2225
2022-05-01,San Luis Obispo,079,281455,53191,53040,3884,56924,477
2022-05-01,San Mateo,081,765935,127252,125807,7471,133278,705
2022-05-01,Santa Barbara,083,443738,87176,86768,4791,91559,688
2022-05-01,Santa Clara,085,1922200,322752,320709,12987,333696,2281
2022-05-01,Santa Cruz,087,273765,49703,48798,2169,50967,262
2022-05-01,Shasta,089,179085,30711,30649,6116,36765,554
2022-05-01,Sierra,091,2930,275,274,49,323,4
2022-05-01,Siskiyou,093,43540,4475,4458,2745,7203,81
2022-05-01,Solano,095,438530,83052,82459,5700,88159,449
2022-05-01,Sonoma,097,501317,86029,85290,2964,88254,488
2022-05-01,Stanislaus,099,539301,118258,117943,17975,135918,1643
2022-05-01,Sutter,101,95872,20611,20644,2104,22748,224
2022-05-01,Tehama,103,63373,12088,12078,2581,14659,202
2022-05-01,Trinity,105,12862,1186,1179,288,1467,20
2022-05-01,Tulare,107,460477,106653,106856,27758,134614,1458
2022-05-01,Tuolumne,109,53932,12836,12713,578,13291,181
2022-05-01,Ventura,111,848112,175223,174679,9702,184381,1486
2022-05-01,Yolo,113,214977,38019,37173,3108,40281,314
2022-05-01,Yuba,115,75493,15946,15917,1213,17130,121
2022-04-30,Alameda,001,1643700,264938,262027,14465,276492,1851
2022-04-30,Alpine,003,1148,125,124,1,125,0
2022-04-30,Amador,005,37829,8590,8533,660,9193,86
2022-04-30,Butte,007,227075,33417,33172,7057,40229,418
2022-04-30,Calaveras,009,45235,7342,7328,355,7683,120
2022-04-30,Colusa,011,21464,3463,3457,1047,4504,21
2022-04-30,Contra Costa,013,1133247,196011,192136,13781,205917,1301
2022-04-30,Del Norte,015,27424,5884,5841,191,6032,50
2022-04-30,El Dorado,017,186661,27087,26946,3249,30195,210
2022-04-30,Fresno,019,978130,232744,232067,24146,256213,2748
2022-04-30,Glenn,021,27897,5013,4995,1615,6610,48
2022-04-30,Humboldt,023,135768,17374,17194,3075,20269,145
2022-04-30,Imperial,025,180216,55588,55503,10584,66087,910
2022-04-30,Inyo,027,18085,4090,4084,498,4582,56
2022-04-30,Kern,029,883053,192599,192250,45994,238244,2265
2022-04-30,Kings,031,150075,51655,51640,3516,55156,447
2022-04-30,Lake,033,64148,10781,10742,894,11636,137
2022-04-30,Lassen,035,31185,8970,8966,875,9841,65
2022-04-30,Los Angeles,037,10098052,2751874,2736900,126070,2862970,31712
2022-04-30,Madera,039,155013,37390,37360,6058,43418,365
2022-04-30,Marin,041,260295,34813,34519,2860,37379,291
2022-04-30,Mariposa,043,17540,2440,2430,203,2633,30
2022-04-30,Mendocino,045,87422,13253,13219,3134,16353,123
2022-04-30,Merced,047,269075,62660,62357,8753,71110,818
2022-04-30,Modoc,049,8938,741,745,252,997,8
2022-04-30,Mono,051,14174,2992,2989,129,3118,6
2022-04-30,Monterey,053,433212,80235,79881,14056,93937,731
2022-04-30,Napa,055,140530,26513,26319,1034,27353,143
2022-04-30,Nevada,057,99092,16151,16100,1231,17331,127
2022-04-30,Orange,059,3164182,553483,551822,42293,594115,6998
2022-04-30,Placer,061,380077,63530,63273,7437,70710,625
2022-04-30,Plumas,063,18699,2990,2946,365,3311,13
2022-04-30,Riverside,065,2383286,595820,593965,28143,622108,6457
2022-04-30,Sacramento,067,1510023,284099,283048,26796,309844,3007
2022-04-30,San Benito,069,59416,13006,12988,524,13512,98
2022-04-30,San Bernardino,071,2135413,578673,568758,25162,593920,7191
2022-04-30,San Diego,073,3302833,761815,761253,53941,815194,5238
2022-04-30,San Francisco,075,870044,131887,130241,8714,138955,860
2022-04-30,San Joaquin,077,732212,167713,167028,10094,177122,2225
2022-04-30,San Luis Obispo,079,281455,53180,53040,3881,56921,477
2022-04-30,San Mateo,081,765935,127034,125807,7452,133259,705
2022-04-30,Santa Barbara,083,443738,87120,86768,4788,91556,688
2022-04-30,Santa Clara,085,1922200,322180,320709,12963,333672,2281
2022-04-30,Santa Cruz,087,273765,49657,48798,2169,50967,262
2022-04-30,Shasta,089,179085,30705,30649,6114,36763,554
2022-04-30,Sierra,091,2930,275,274,49,323,4
2022-04-30,Siskiyou,093,43540,4473,4458,2744,7202,81
2022-04-30,Solano,095,438530,83034,82459,5698,88157,449
2022-04-30,Sonoma,097,501317,85912,85290,2952,88242,488
2022-04-30,Stanislaus,099,539301,118227,117943,17969,135912,1643
2022-04-30,Sutter,101,95872,20606,20644,2104,22748,224
2022-04-30,Tehama,103,63373,12084,12078,2579,14657,202
2022-04-30,Trinity,105,12862,1186,1179,288,1467,20
2022-04-30,Tulare,107,460477,106633,106856,27746,134602,1458
2022-04-30,Tuolumne,109,53932,12827,12713,578,13291,181
2022-04-30,Ventura,111,848112,175139,174679,9670,184349,1486
2022-04-30,Yolo,113,214977,37973,37173,3107,40280,314
2022-04-30,Yuba,115,75493,15939,15917,1212,17129,121
2022-04-29,Alameda,001,1643700,264626,262027,14452,276479,1851
2022-04-29,Alpine,003,1148,124,124,1,125,0
2022-04-29,Amador,005,37829,8583,8533,658,9191,86
2022-04-29,Butte,007,227075,33412,33172,7051,40223,418
2022-04-29,Calaveras,009,45235,7340,7328,355,7683,120
2022-04-29,Colusa,011,21464,3462,3457,1047,4504,21
2022-04-29,Contra Costa,013,1133247,195815,192136,13762,205898,1301
2022-04-29,Del Norte,015,27424,5880,5841,191,6032,50
2022-04-29,El Dorado,017,186661,27075,26946,3247,30193,210
2022-04-29,Fresno,019,978130,232694,232067,24138,256205,2748
2022-04-29,Glenn,021,27897,5013,4995,1614,6609,48
2022-04-29,Humboldt,023,135768,17349,17194,3067,20261,145
2022-04-29,Imperial,025,180216,55572,55503,10583,66086,910
2022-04-29,Inyo,027,18085,4090,4084,496,4580,56
2022-04-29,Kern,029,883053,192572,192250,45982,238232,2265
2022-04-29,Kings,031,150075,51650,51640,3516,55156,447
2022-04-29,Lake,033,64148,10780,10742,894,11636,137
2022-04-29,Lassen,035,31185,8969,8966,875,9841,65
2022-04-29,Los Angeles,037,10098052,2750568,2736900,125920,2862820,31712
2022-04-29,Madera,039,155013,37380,37360,6057,43417,365
2022-04-29,Marin,041,260295,34747,34519,2840,37359,291
2022-04-29,Mariposa,043,17540,2438,2430,203,2633,30
2022-04-29,Mendocino,045,87422,13248,13219,3133,16352,123
2022-04-29,Merced,047,269075,62648,62357,8752,71109,818
2022-04-29,Modoc,049,8938,741,745,252,997,8
2022-04-29,Mono,051,14174,2992,2989,129,3118,6
2022-04-29,Monterey,053,433212,80201,79881,14042,93923,731
2022-04-29,Napa,055,140530,26485,26319,1032,27351,143
2022-04-29,Nevada,057,99092,16144,16100,1230,17330,127
2022-04-29,Orange,059,3164182,553217,551822,42246,594068,6998
2022-04-29,Placer,061,380077,63501,63273,7430,70703,625
2022-04-29,Plumas,063,18699,2989,2946,365,3311,13
2022-04-29,Riverside,065,2383286,595601,593965,28122,622087,6457
2022-04-29,Sacramento,067,1510023,283952,283048,26788,309836,3007
2022-04-29,San Benito,069,59416,13001,12988,524,13512,98
2022-04-29,San Bernardino,071,2135413,578515,568758,25152,593910,7191
2022-04-29,San Diego,073,3302833,761397,761253,53915,815168,5238
2022-04-29,San Francisco,075,870044,131665,130241,8694,138935,860
2022-04-29,San Joaquin,077,732212,167658,167028,10090,177118,2225
2022-04-29,San Luis Obispo,079,281455,53165,53040,3876,56916,477
2022-04-29,San Mateo,081,765935,126836,125807,7438,133245,705
2022-04-29,Santa Barbara,083,443738,87080,86768,4786,91554,688
2022-04-29,Santa Clara,085,1922200,321671,320709,12933,333642,2281
2022-04-29,Santa Cruz,087,273765,49601,48798,2165,50963,262
2022-04-29,Shasta,089,179085,30703,30649,6113,36762,554
2022-04-29,Sierra,091,2930,275,274,49,323,4
2022-04-29,Siskiyou,093,43540,4472,4458,2744,7202,81
2022-04-29,Solano,095,438530,82977,82459,5693,88152,449
2022-04-29,Sonoma,097,501317,85804,85290,2939,88229,488
2022-04-29,Stanislaus,099,539301,118204,117943,17963,135906,1643
2022-04-29,Sutter,101,95872,20599,20644,2103,22747,224
2022-04-29,Tehama,103,63373,12082,12078,2579,14657,202
2022-04-29,Trinity,105,12862,1186,1179,288,1467,20
2022-04-29,Tulare,107,460477,106615,106856,27730,134586,1458
2022-04-29,Tuolumne,109,53932,12820,12713,575,13288,181
2022-04-29,Ventura,111,848112,175063,174679,9648,184327,1486
2022-04-29,Yolo,113,214977,37940,37173,3104,40277,314
2022-04-29,Yuba,115,75493,15934,15917,1212,17129,121
2022-04-28,Alameda,001,1643700,264188,262027,14416,276443,1851
2022-04-28,Alpine,003,1148,124,124,1,125,0
2022-04-28,Amador,005,37829,8580,8533,658,9191,86
2022-04-28,Butte,007,227075,33403,33172,7045,40217,418
2022-04-28,Calaveras,009,45235,7336,7328,355,7683,120
2022-04-28,Colusa,011,21464,3462,3457,1047,4504,21
2022-04-28,Contra Costa,013,1133247,195555,192136,13721,205857,1301
2022-04-28,Del Norte,015,27424,5876,5841,191,6032,50
2022-04-28,El Dorado,017,186661,27053,26946,3243,30189,210
2022-04-28,Fresno,019,978130,232635,232067,24129,256196,2748
2022-04-28,Glenn,021,27897,5010,4995,1614,6609,48
2022-04-28,Humboldt,023,135768,17315,17194,3051,20245,145
2022-04-28,Imperial,025,180216,55560,55503,10578,66081,910
2022-04-28,Inyo,027,18085,4090,4084,496,4580,56
2022-04-28,Kern,029,883053,192533,192250,45968,238218,2265
2022-04-28,Kings,031,150075,51644,51640,3516,55156,447
2022-04-28,Lake,033,64148,10776,10742,894,11636,137
2022-04-28,Lassen,035,31185,8969,8966,875,9841,65
2022-04-28,Los Angeles,037,10098052,2748503,2736900,125738,2862638,31712
2022-04-28,Madera,039,155013,37374,37360,6054,43414,365
2022-04-28,Marin,041,260295,34697,34519,2825,37344,291
2022-04-28,Mariposa,043,17540,2438,2430,203,2633,30
2022-04-28,Mendocino,045,87422,13237,13219,3116,16335,123
2022-04-28,Merced,047,269075,62627,62357,8744,71101,818
2022-04-28,Modoc,049,8938,741,745,252,997,8
2022-04-28,Mono,051,14174,2990,2989,129,3118,6
2022-04-28,Monterey,053,433212,80162,79881,14018,93899,731
2022-04-28,Napa,055,140530,26454,26319,1029,27348,143
2022-04-28,Nevada,057,99092,16136,16100,1227,17327,127
2022-04-28,Orange,059,3164182,552857,551822,42184,594006,6998
2022-04-28,Placer,061,380077,63454,63273,7422,70695,625
2022-04-28,Plumas,063,18699,2988,2946,365,3311,13
2022-04-28,Riverside,065,2383286,595318,593965,28100,622065,6457
2022-04-28,Sacramento,067,1510023,283770,283048,26749,309797,3007
2022-04-28,San Benito,069,59416,12991,12988,522,13510,98
2022-04-28,San Bernardino,071,2135413,578315,568758,25144,593902,7191
2022-04-28,San Diego,073,3302833,760856,761253,53851,815104,5238
2022-04-28,San Francisco,075,870044,131363,130241,8660,138901,860
2022-04-28,San Joaquin,077,732212,167587,167028,10075,177103,2225
2022-04-28,San Luis Obispo,079,281455,53137,53040,3858,56898,477
2022-04-28,San Mateo,081,765935,126592,125807,7411,133218,705
2022-04-28,Santa Barbara,083,443738,87027,86768,4783,91551,688
2022-04-28,Santa Clara,085,1922200,321130,320709,12899,333608,2281
2022-04-28,Santa Cruz,087,273765,49503,48798,2159,50957,262
2022-04-28,Shasta,089,179085,30695,30649,6113,36762,554
2022-04-28,Sierra,091,2930,275,274,49,323,4
2022-04-28,Siskiyou,093,43540,4469,4458,2744,7202,81
2022-04-28,Solano,095,438530,82893,82459,5688,88147,449
2022-04-28,Sonoma,097,501317,85689,85290,2925,88215,488
2022-04-28,Stanislaus,099,539301,118166,117943,17956,135899,1643
2022-04-28,Sutter,101,95872,20589,20644,2100,22744,224
2022-04-28,Tehama,103,63373,12081,12078,2578,14656,202
2022-04-28,Trinity,105,12862,1186,1179,288,1467,20
2022-04-28,Tulare,107,460477,106593,106856,27720,134576,1458
2022-04-28,Tuolumne,109,53932,12808,12713,574,13287,181
2022-04-28,Ventura,111,848112,174974,174679,9612,184291,1486
2022-04-28,Yolo,113,214977,37902,37173,3101,40274,314
2022-04-28,Yuba,115,75493,15925,15917,1210,17127,121
2022-04-27,Alameda,001,1643700,263707,260871,14373,275244,1843
2022-04-27,Alpine,003,1148,124,124,1,125,0
2022-04-27,Amador,005,37829,8579,8518,658,9176,86
2022-04-27,Butte,007,227075,33392,33118,7040,40158,411
2022-04-27,Calaveras,009,45235,7333,7307,355,7662,119
2022-04-27,Colusa,011,21464,3462,3457,1047,4504,21
2022-04-27,Contra Costa,013,1133247,195291,191412,13691,205103,1300
2022-04-27,Del Norte,015,27424,5871,5833,191,6024,50
2022-04-27,El Dorado,017,186661,27042,26898,3238,30136,209
2022-04-27,Fresno,019,978130,232569,231951,24115,256066,2744
2022-04-27,Glenn,021,27897,5010,4993,1614,6607,48
2022-04-27,Humboldt,023,135768,17285,17138,3040,20178,145
2022-04-27,Imperial,025,180216,55542,55480,10575,66055,910
2022-04-27,Inyo,027,18085,4089,4080,495,4575,56
2022-04-27,Kern,029,883053,192497,192157,45949,238106,2271
2022-04-27,Kings,031,150075,51639,51617,3515,55132,444
2022-04-27,Lake,033,64148,10772,10732,894,11626,135
2022-04-27,Lassen,035,31185,8968,8965,875,9840,65
2022-04-27,Los Angeles,037,10098052,2746171,2731988,125554,2857542,31691
2022-04-27,Madera,039,155013,37365,37339,6053,43392,354
2022-04-27,Marin,041,260295,34636,34354,2811,37165,288
2022-04-27,Mariposa,043,17540,2436,2427,203,2630,30
2022-04-27,Mendocino,045,87422,13230,13188,3108,16296,123
2022-04-27,Merced,047,269075,62613,62315,8740,71055,815
2022-04-27,Modoc,049,8938,741,745,252,997,8
2022-04-27,Mono,051,14174,2990,2989,129,3118,6
2022-04-27,Monterey,053,433212,80120,79695,13978,93673,729
2022-04-27,Napa,055,140530,26425,26210,1024,27234,143
2022-04-27,Nevada,057,99092,16120,16080,1224,17304,127
2022-04-27,Orange,059,3164182,552484,550859,42126,592985,6991
2022-04-27,Placer,061,380077,63412,63154,7406,70560,623
2022-04-27,Plumas,063,18699,2987,2934,365,3299,13
2022-04-27,Riverside,065,2383286,595053,593397,28084,621481,6453
2022-04-27,Sacramento,067,1510023,283570,281802,26717,308519,3001
2022-04-27,San Benito,069,59416,12978,12989,520,13509,98
2022-04-27,San Bernardino,071,2135413,578116,568018,25137,593155,7105
2022-04-27,San Diego,073,3302833,760283,759873,53788,813661,5236
2022-04-27,San Francisco,075,870044,131012,129284,8636,137920,857
2022-04-27,San Joaquin,077,732212,167512,166848,10060,176908,2225
2022-04-27,San Luis Obispo,079,281455,53092,52911,3847,56758,476
2022-04-27,San Mateo,081,765935,126362,125018,7358,132376,702
2022-04-27,Santa Barbara,083,443738,86963,86557,4776,91333,685
2022-04-27,Santa Clara,085,1922200,320565,319077,12852,331929,2282
2022-04-27,Santa Cruz,087,273765,49419,48500,2151,50651,262
2022-04-27,Shasta,089,179085,30684,30633,6110,36743,554
2022-04-27,Sierra,091,2930,274,276,49,325,4
2022-04-27,Siskiyou,093,43540,4469,4455,2740,7195,81
2022-04-27,Solano,095,438530,82780,82220,5680,87900,448
2022-04-27,Sonoma,097,501317,85580,84983,2907,87890,487
2022-04-27,Stanislaus,099,539301,118124,117841,17946,135787,1643
2022-04-27,Sutter,101,95872,20585,20627,2096,22723,224
2022-04-27,Tehama,103,63373,12081,12073,2578,14651,201
2022-04-27,Trinity,105,12862,1186,1179,288,1467,20
2022-04-27,Tulare,107,460477,106575,106580,27711,134291,1453
2022-04-27,Tuolumne,109,53932,12791,12684,573,13257,181
2022-04-27,Ventura,111,848112,174871,174425,9597,184022,1480
2022-04-27,Yolo,113,214977,37853,37096,3095,40191,314
2022-04-27,Yuba,115,75493,15921,15902,1205,17107,121
2022-04-26,Alameda,001,1643700,263189,260871,14331,275202,1843
2022-04-26,Alpine,003,1148,124,124,1,125,0
2022-04-26,Amador,005,37829,8576,8518,657,9175,86
2022-04-26,Butte,007,227075,33375,33118,7033,40151,411
2022-04-26,Calaveras,009,45235,7329,7307,354,7661,119
2022-04-26,Colusa,011,21464,3462,3457,1047,4504,21
2022-04-26,Contra Costa,013,1133247,195029,191412,13654,205066,1300
2022-04-26,Del Norte,015,27424,5863,5833,191,6024,50
2022-04-26,El Dorado,017,186661,27021,26898,3234,30132,209
2022-04-26,Fresno,019,978130,232489,231951,24105,256056,2744
2022-04-26,Glenn,021,27897,5010,4993,1613,6606,48
2022-04-26,Humboldt,023,135768,17254,17138,3034,20172,145
2022-04-26,Imperial,025,180216,55522,55480,10570,66050,910
2022-04-26,Inyo,027,18085,4089,4080,495,4575,56
2022-04-26,Kern,029,883053,192450,192157,45925,238082,2271
2022-04-26,Kings,031,150075,51633,51617,3515,55132,444
2022-04-26,Lake,033,64148,10765,10732,894,11626,135
2022-04-26,Lassen,035,31185,8963,8965,875,9840,65
2022-04-26,Los Angeles,037,10098052,2743780,2731988,125370,2857358,31691
2022-04-26,Madera,039,155013,37357,37339,6046,43385,354
2022-04-26,Marin,041,260295,34583,34354,2792,37146,288
2022-04-26,Mariposa,043,17540,2436,2427,203,2630,30
2022-04-26,Mendocino,045,87422,13226,13188,3102,16290,123
2022-04-26,Merced,047,269075,62590,62315,8723,71038,815
2022-04-26,Modoc,049,8938,741,745,252,997,8
2022-04-26,Mono,051,14174,2990,2989,128,3117,6
2022-04-26,Monterey,053,433212,80066,79695,13939,93634,729
2022-04-26,Napa,055,140530,26394,26210,1020,27230,143
2022-04-26,Nevada,057,99092,16111,16080,1224,17304,127
2022-04-26,Orange,059,3164182,552076,550859,42069,592928,6991
2022-04-26,Placer,061,380077,63381,63154,7404,70558,623
2022-04-26,Plumas,063,18699,2987,2934,365,3299,13
2022-04-26,Riverside,065,2383286,594745,593397,28058,621455,6453
2022-04-26,Sacramento,067,1510023,283333,281802,26695,308497,3001
2022-04-26,San Benito,069,59416,12974,12989,519,13508,98
2022-04-26,San Bernardino,071,2135413,577905,568018,25123,593141,7105
2022-04-26,San Diego,073,3302833,759622,759873,53683,813556,5236
2022-04-26,San Francisco,075,870044,130614,129284,8611,137895,857
2022-04-26,San Joaquin,077,732212,167451,166848,10050,176898,2225
2022-04-26,San Luis Obispo,079,281455,53063,52911,3836,56747,476
2022-04-26,San Mateo,081,765935,126092,125018,7324,132342,702
2022-04-26,Santa Barbara,083,443738,86902,86557,4771,91328,685
2022-04-26,Santa Clara,085,1922200,320009,319077,12806,331883,2282
2022-04-26,Santa Cruz,087,273765,49319,48500,2148,50648,262
2022-04-26,Shasta,089,179085,30672,30633,6110,36743,554
2022-04-26,Sierra,091,2930,274,276,49,325,4
2022-04-26,Siskiyou,093,43540,4467,4455,2738,7193,81
2022-04-26,Solano,095,438530,82681,82220,5669,87889,448
2022-04-26,Sonoma,097,501317,85474,84983,2891,87874,487
2022-04-26,Stanislaus,099,539301,118089,117841,17936,135777,1643
2022-04-26,Sutter,101,95872,20575,20627,2096,22723,224
2022-04-26,Tehama,103,63373,12072,12073,2578,14651,201
2022-04-26,Trinity,105,12862,1186,1179,288,1467,20
2022-04-26,Tulare,107,460477,106547,106580,27697,134277,1453
2022-04-26,Tuolumne,109,53932,12772,12684,571,13255,181
2022-04-26,Ventura,111,848112,174762,174425,9571,183996,1480
2022-04-26,Yolo,113,214977,37794,37096,3090,40186,314
2022-04-26,Yuba,115,75493,15919,15902,1205,17107,121
2022-04-25,Alameda,001,1643700,262679,260871,14290,275161,1843
2022-04-25,Alpine,003,1148,124,124,1,125,0
2022-04-25,Amador,005,37829,8573,8518,657,9175,86
2022-04-25,Butte,007,227075,33360,33118,7024,40142,411
2022-04-25,Calaveras,009,45235,7326,7307,354,7661,119
2022-04-25,Colusa,011,21464,3462,3457,1047,4504,21
2022-04-25,Contra Costa,013,1133247,194763,191412,13617,205029,1300
2022-04-25,Del Norte,015,27424,5857,5833,189,6022,50
2022-04-25,El Dorado,017,186661,27000,26898,3232,30130,209
2022-04-25,Fresno,019,978130,232398,231951,24092,256043,2744
2022-04-25,Glenn,021,27897,5010,4993,1613,6606,48
2022-04-25,Humboldt,023,135768,17212,17138,3026,20164,145
2022-04-25,Imperial,025,180216,55503,55480,10565,66045,910
2022-04-25,Inyo,027,18085,4089,4080,495,4575,56
2022-04-25,Kern,029,883053,192406,192157,45907,238064,2271
2022-04-25,Kings,031,150075,51624,51617,3514,55131,444
2022-04-25,Lake,033,64148,10762,10732,893,11625,135
2022-04-25,Lassen,035,31185,8962,8965,875,9840,65
2022-04-25,Los Angeles,037,10098052,2741395,2731988,125204,2857192,31691
2022-04-25,Madera,039,155013,37344,37339,6042,43381,354
2022-04-25,Marin,041,260295,34519,34354,2768,37122,288
2022-04-25,Mariposa,043,17540,2436,2427,202,2629,30
2022-04-25,Mendocino,045,87422,13216,13188,3085,16273,123
2022-04-25,Merced,047,269075,62577,62315,8721,71036,815
2022-04-25,Modoc,049,8938,741,745,252,997,8
2022-04-25,Mono,051,14174,2990,2989,128,3117,6
2022-04-25,Monterey,053,433212,80028,79695,13914,93609,729
2022-04-25,Napa,055,140530,26353,26210,1018,27228,143
2022-04-25,Nevada,057,99092,16105,16080,1222,17302,127
2022-04-25,Orange,059,3164182,551671,550859,42007,592866,6991
2022-04-25,Placer,061,380077,63345,63154,7399,70553,623
2022-04-25,Plumas,063,18699,2985,2934,365,3299,13
2022-04-25,Riverside,065,2383286,594483,593397,28041,621438,6453
2022-04-25,Sacramento,067,1510023,283168,281802,26662,308464,3001
2022-04-25,San Benito,069,59416,12967,12989,519,13508,98
2022-04-25,San Bernardino,071,2135413,577675,568018,25106,593124,7105
2022-04-25,San Diego,073,3302833,758939,759873,53605,813478,5236
2022-04-25,San Francisco,075,870044,130253,129284,8595,137879,857
2022-04-25,San Joaquin,077,732212,167367,166848,10036,176884,2225
2022-04-25,San Luis Obispo,079,281455,53014,52911,3828,56739,476
2022-04-25,San Mateo,081,765935,125820,125018,7304,132322,702
2022-04-25,Santa Barbara,083,443738,86841,86557,4765,91322,685
2022-04-25,Santa Clara,085,1922200,319363,319077,12762,331839,2282
2022-04-25,Santa Cruz,087,273765,49177,48500,2139,50639,262
2022-04-25,Shasta,089,179085,30660,30633,6107,36740,554
2022-04-25,Sierra,091,2930,274,276,49,325,4
2022-04-25,Siskiyou,093,43540,4467,4455,2737,7192,81
2022-04-25,Solano,095,438530,82562,82220,5658,87878,448
2022-04-25,Sonoma,097,501317,85351,84983,2872,87855,487
2022-04-25,Stanislaus,099,539301,118044,117841,17929,135770,1643
2022-04-25,Sutter,101,95872,20572,20627,2096,22723,224
2022-04-25,Tehama,103,63373,12072,12073,2578,14651,201
2022-04-25,Trinity,105,12862,1185,1179,288,1467,20
2022-04-25,Tulare,107,460477,106522,106580,27687,134267,1453
2022-04-25,Tuolumne,109,53932,12763,12684,571,13255,181
2022-04-25,Ventura,111,848112,174652,174425,9547,183972,1480
2022-04-25,Yolo,113,214977,37731,37096,3086,40182,314
2022-04-25,Yuba,115,75493,15909,15902,1204,17106,121
2022-04-24,Alameda,001,1643700,262096,259619,14245,273864,1837
2022-04-24,Alpine,003,1148,124,124,1,125,0
2022-04-24,Amador,005,37829,8564,8509,656,9165,86
2022-04-24,Butte,007,227075,33343,33105,7017,40122,411
2022-04-24,Calaveras,009,45235,7317,7296,352,7648,119
2022-04-24,Colusa,011,21464,3461,3453,1047,4500,21
2022-04-24,Contra Costa,013,1133247,194456,190611,13584,204195,1298
2022-04-24,Del Norte,015,27424,5848,5827,187,6014,50
2022-04-24,El Dorado,017,186661,26982,26837,3230,30067,209
2022-04-24,Fresno,019,978130,232318,231751,24078,255829,2744
2022-04-24,Glenn,021,27897,5010,4989,1611,6600,48
2022-04-24,Humboldt,023,135768,17187,17033,3012,20045,145
2022-04-24,Imperial,025,180216,55491,55434,10557,65991,910
2022-04-24,Inyo,027,18085,4085,4079,494,4573,56
2022-04-24,Kern,029,883053,192354,192012,45893,237905,2267
2022-04-24,Kings,031,150075,51615,51588,3514,55102,444
2022-04-24,Lake,033,64148,10754,10720,890,11610,134
2022-04-24,Lassen,035,31185,8961,8966,875,9841,65
2022-04-24,Los Angeles,037,10098052,2739044,2725630,125057,2850687,31667
2022-04-24,Madera,039,155013,37329,37333,6036,43369,354
2022-04-24,Marin,041,260295,34465,34150,2734,36884,288
2022-04-24,Mariposa,043,17540,2433,2422,202,2624,30
2022-04-24,Mendocino,045,87422,13211,13158,3073,16231,122
2022-04-24,Merced,047,269075,62553,62286,8712,70998,815
2022-04-24,Modoc,049,8938,741,745,252,997,8
2022-04-24,Mono,051,14174,2988,2986,128,3114,6
2022-04-24,Monterey,053,433212,79975,79560,13881,93441,729
2022-04-24,Napa,055,140530,26316,26093,1017,27110,143
2022-04-24,Nevada,057,99092,16089,16052,1220,17272,127
2022-04-24,Orange,059,3164182,551249,549765,41947,591712,6989
2022-04-24,Placer,061,380077,63290,63037,7391,70428,622
2022-04-24,Plumas,063,18699,2983,2934,365,3299,13
2022-04-24,Riverside,065,2383286,594204,592683,28006,620689,6450
2022-04-24,Sacramento,067,1510023,282961,280551,26628,307179,2993
2022-04-24,San Benito,069,59416,12962,12966,519,13485,98
2022-04-24,San Bernardino,071,2135413,577443,566806,25084,591890,7047
2022-04-24,San Diego,073,3302833,758308,758311,53542,811853,5233
2022-04-24,San Francisco,075,870044,129808,128323,8570,136893,857
2022-04-24,San Joaquin,077,732212,167280,166626,10000,176626,2224
2022-04-24,San Luis Obispo,079,281455,52938,52826,3817,56643,476
2022-04-24,San Mateo,081,765935,125511,124106,7269,131375,703
2022-04-24,Santa Barbara,083,443738,86772,86376,4763,91139,685
2022-04-24,Santa Clara,085,1922200,318681,317487,12710,330197,2277
2022-04-24,Santa Cruz,087,273765,49064,48255,2133,50388,261
2022-04-24,Shasta,089,179085,30648,30607,6105,36712,557
2022-04-24,Sierra,091,2930,274,276,49,325,4
2022-04-24,Siskiyou,093,43540,4465,4453,2735,7188,81
2022-04-24,Solano,095,438530,82454,81982,5649,87631,448
2022-04-24,Sonoma,097,501317,85215,84581,2850,87431,486
2022-04-24,Stanislaus,099,539301,117993,117737,17923,135660,1632
2022-04-24,Sutter,101,95872,20563,20605,2093,22698,224
2022-04-24,Tehama,103,63373,12068,12064,2578,14642,201
2022-04-24,Trinity,105,12862,1185,1177,288,1465,20
2022-04-24,Tulare,107,460477,106495,106354,27676,134030,1446
2022-04-24,Tuolumne,109,53932,12750,12664,570,13234,181
2022-04-24,Ventura,111,848112,174540,174091,9526,183617,1479
2022-04-24,Yolo,113,214977,37691,36990,3083,40073,314
2022-04-24,Yuba,115,75493,15905,15888,1204,17092,121
2022-04-23,Alameda,001,1643700,261852,259619,14232,273851,1837
2022-04-23,Alpine,003,1148,124,124,1,125,0
2022-04-23,Amador,005,37829,8558,8509,656,9165,86
2022-04-23,Butte,007,227075,33334,33105,7014,40119,411
2022-04-23,Calaveras,009,45235,7309,7296,352,7648,119
2022-04-23,Colusa,011,21464,3461,3453,1047,4500,21
2022-04-23,Contra Costa,013,1133247,194300,190611,13566,204177,1298
2022-04-23,Del Norte,015,27424,5846,5827,186,6013,50
2022-04-23,El Dorado,017,186661,26972,26837,3229,30066,209
2022-04-23,Fresno,019,978130,232285,231751,24072,255823,2744
2022-04-23,Glenn,021,27897,5010,4989,1611,6600,48
2022-04-23,Humboldt,023,135768,17171,17033,3009,20042,145
2022-04-23,Imperial,025,180216,55480,55434,10556,65990,910
2022-04-23,Inyo,027,18085,4085,4079,493,4572,56
2022-04-23,Kern,029,883053,192326,192012,45879,237891,2267
2022-04-23,Kings,031,150075,51610,51588,3513,55101,444
2022-04-23,Lake,033,64148,10753,10720,890,11610,134
2022-04-23,Lassen,035,31185,8961,8966,875,9841,65
2022-04-23,Los Angeles,037,10098052,2738108,2725630,124961,2850591,31667
2022-04-23,Madera,039,155013,37322,37333,6035,43368,354
2022-04-23,Marin,041,260295,34430,34150,2688,36838,288
2022-04-23,Mariposa,043,17540,2433,2422,202,2624,30
2022-04-23,Mendocino,045,87422,13204,13158,3073,16231,122
2022-04-23,Merced,047,269075,62543,62286,8712,70998,815
2022-04-23,Modoc,049,8938,741,745,252,997,8
2022-04-23,Mono,051,14174,2988,2986,128,3114,6
2022-04-23,Monterey,053,433212,79906,79560,13866,93426,729
2022-04-23,Napa,055,140530,26295,26093,1015,27108,143
2022-04-23,Nevada,057,99092,16083,16052,1218,17270,127
2022-04-23,Orange,059,3164182,551033,549765,41899,591664,6989
2022-04-23,Placer,061,380077,63260,63037,7391,70428,622
2022-04-23,Plumas,063,18699,2983,2934,365,3299,13
2022-04-23,Riverside,065,2383286,594068,592683,27996,620679,6450
2022-04-23,Sacramento,067,1510023,282861,280551,26625,307176,2993
2022-04-23,San Benito,069,59416,12961,12966,519,13485,98
2022-04-23,San Bernardino,071,2135413,577321,566806,25081,591887,7047
2022-04-23,San Diego,073,3302833,758046,758311,53524,811835,5233
2022-04-23,San Francisco,075,870044,129604,128323,8545,136868,857
2022-04-23,San Joaquin,077,732212,167239,166626,9992,176618,2224
2022-04-23,San Luis Obispo,079,281455,52923,52826,3813,56639,476
2022-04-23,San Mateo,081,765935,125354,124106,7259,131365,703
2022-04-23,Santa Barbara,083,443738,86736,86376,4762,91138,685
2022-04-23,Santa Clara,085,1922200,318302,317487,12683,330170,2277
2022-04-23,Santa Cruz,087,273765,49014,48255,2131,50386,261
2022-04-23,Shasta,089,179085,30645,30607,6105,36712,557
2022-04-23,Sierra,091,2930,274,276,49,325,4
2022-04-23,Siskiyou,093,43540,4463,4453,2735,7188,81
2022-04-23,Solano,095,438530,82427,81982,5645,87627,448
2022-04-23,Sonoma,097,501317,85147,84581,2841,87422,486
2022-04-23,Stanislaus,099,539301,117957,117737,17921,135658,1632
2022-04-23,Sutter,101,95872,20557,20605,2093,22698,224
2022-04-23,Tehama,103,63373,12067,12064,2578,14642,201
2022-04-23,Trinity,105,12862,1185,1177,288,1465,20
2022-04-23,Tulare,107,460477,106487,106354,27667,134021,1446
2022-04-23,Tuolumne,109,53932,12745,12664,570,13234,181
2022-04-23,Ventura,111,848112,174477,174091,9518,183609,1479
2022-04-23,Yolo,113,214977,37663,36990,3079,40069,314
2022-04-23,Yuba,115,75493,15903,15888,1204,17092,121
2022-04-22,Alameda,001,1643700,261617,259619,14213,273832,1837
2022-04-22,Alpine,003,1148,124,124,1,125,0
2022-04-22,Amador,005,37829,8557,8509,654,9163,86
2022-04-22,Butte,007,227075,33328,33105,7009,40114,411
2022-04-22,Calaveras,009,45235,7308,7296,352,7648,119
2022-04-22,Colusa,011,21464,3461,3453,1047,4500,21
2022-04-22,Contra Costa,013,1133247,194164,190611,13550,204161,1298
2022-04-22,Del Norte,015,27424,5846,5827,186,6013,50
2022-04-22,El Dorado,017,186661,26959,26837,3225,30062,209
2022-04-22,Fresno,019,978130,232255,231751,24068,255819,2744
2022-04-22,Glenn,021,27897,5008,4989,1611,6600,48
2022-04-22,Humboldt,023,135768,17155,17033,3003,20036,145
2022-04-22,Imperial,025,180216,55474,55434,10556,65990,910
2022-04-22,Inyo,027,18085,4085,4079,492,4571,56
2022-04-22,Kern,029,883053,192306,192012,45876,237888,2267
2022-04-22,Kings,031,150075,51606,51588,3512,55100,444
2022-04-22,Lake,033,64148,10752,10720,890,11610,134
2022-04-22,Lassen,035,31185,8961,8966,875,9841,65
2022-04-22,Los Angeles,037,10098052,2737011,2725630,124902,2850532,31667
2022-04-22,Madera,039,155013,37317,37333,6034,43367,354
2022-04-22,Marin,041,260295,34393,34150,2677,36827,288
2022-04-22,Mariposa,043,17540,2432,2422,202,2624,30
2022-04-22,Mendocino,045,87422,13199,13158,3068,16226,122
2022-04-22,Merced,047,269075,62536,62286,8701,70987,815
2022-04-22,Modoc,049,8938,741,745,252,997,8
2022-04-22,Mono,051,14174,2988,2986,127,3113,6
2022-04-22,Monterey,053,433212,79871,79560,13852,93412,729
2022-04-22,Napa,055,140530,26278,26093,1013,27106,143
2022-04-22,Nevada,057,99092,16083,16052,1218,17270,127
2022-04-22,Orange,059,3164182,550848,549765,41847,591612,6989
2022-04-22,Placer,061,380077,63237,63037,7388,70425,622
2022-04-22,Plumas,063,18699,2983,2934,365,3299,13
2022-04-22,Riverside,065,2383286,593924,592683,27981,620664,6450
2022-04-22,Sacramento,067,1510023,282774,280551,26613,307164,2993
2022-04-22,San Benito,069,59416,12956,12966,519,13485,98
2022-04-22,San Bernardino,071,2135413,577208,566806,25073,591879,7047
2022-04-22,San Diego,073,3302833,757725,758311,53496,811807,5233
2022-04-22,San Francisco,075,870044,129440,128323,8519,136842,857
2022-04-22,San Joaquin,077,732212,167209,166626,9991,176617,2224
2022-04-22,San Luis Obispo,079,281455,52917,52826,3812,56638,476
2022-04-22,San Mateo,081,765935,125192,124106,7246,131352,703
2022-04-22,Santa Barbara,083,443738,86689,86376,4761,91137,685
2022-04-22,Santa Clara,085,1922200,317956,317487,12669,330156,2277
2022-04-22,Santa Cruz,087,273765,48974,48255,2130,50385,261
2022-04-22,Shasta,089,179085,30640,30607,6104,36711,557
2022-04-22,Sierra,091,2930,274,276,48,324,4
2022-04-22,Siskiyou,093,43540,4463,4453,2735,7188,81
2022-04-22,Solano,095,438530,82370,81982,5643,87625,448
2022-04-22,Sonoma,097,501317,85083,84581,2837,87418,486
2022-04-22,Stanislaus,099,539301,117935,117737,17916,135653,1632
2022-04-22,Sutter,101,95872,20551,20605,2093,22698,224
2022-04-22,Tehama,103,63373,12062,12064,2577,14641,201
2022-04-22,Trinity,105,12862,1185,1177,287,1464,20
2022-04-22,Tulare,107,460477,106477,106354,27659,134013,1446
2022-04-22,Tuolumne,109,53932,12739,12664,568,13232,181
2022-04-22,Ventura,111,848112,174402,174091,9507,183598,1479
2022-04-22,Yolo,113,214977,37642,36990,3077,40067,314
2022-04-22,Yuba,115,75493,15900,15888,1203,17091,121
2022-04-21,Alameda,001,1643700,261259,259619,14173,273792,1837
2022-04-21,Alpine,003,1148,124,124,1,125,0
2022-04-21,Amador,005,37829,8554,8509,654,9163,86
2022-04-21,Butte,007,227075,33321,33105,7001,40106,411
2022-04-21,Calaveras,009,45235,7305,7296,352,7648,119
2022-04-21,Colusa,011,21464,3460,3453,1047,4500,21
2022-04-21,Contra Costa,013,1133247,193969,190611,13529,204140,1298
2022-04-21,Del Norte,015,27424,5845,5827,186,6013,50
2022-04-21,El Dorado,017,186661,26943,26837,3224,30061,209
2022-04-21,Fresno,019,978130,232213,231751,24059,255810,2744
2022-04-21,Glenn,021,27897,5008,4989,1610,6599,48
2022-04-21,Humboldt,023,135768,17132,17033,2995,20028,145
2022-04-21,Imperial,025,180216,55465,55434,10556,65990,910
2022-04-21,Inyo,027,18085,4085,4079,492,4571,56
2022-04-21,Kern,029,883053,192273,192012,45861,237873,2267
2022-04-21,Kings,031,150075,51598,51588,3512,55100,444
2022-04-21,Lake,033,64148,10749,10720,890,11610,134
2022-04-21,Lassen,035,31185,8961,8966,875,9841,65
2022-04-21,Los Angeles,037,10098052,2735362,2725630,124788,2850418,31667
2022-04-21,Madera,039,155013,37314,37333,6033,43366,354
2022-04-21,Marin,041,260295,34345,34150,2667,36817,288
2022-04-21,Mariposa,043,17540,2431,2422,202,2624,30
2022-04-21,Mendocino,045,87422,13192,13158,3065,16223,122
2022-04-21,Merced,047,269075,62518,62286,8698,70984,815
2022-04-21,Modoc,049,8938,741,745,252,997,8
2022-04-21,Mono,051,14174,2987,2986,126,3112,6
2022-04-21,Monterey,053,433212,79844,79560,13838,93398,729
2022-04-21,Napa,055,140530,26247,26093,1012,27105,143
2022-04-21,Nevada,057,99092,16079,16052,1218,17270,127
2022-04-21,Orange,059,3164182,550595,549765,41810,591575,6989
2022-04-21,Placer,061,380077,63199,63037,7384,70421,622
2022-04-21,Plumas,063,18699,2983,2934,365,3299,13
2022-04-21,Riverside,065,2383286,593764,592683,27963,620646,6450
2022-04-21,Sacramento,067,1510023,282626,280551,26593,307144,2993
2022-04-21,San Benito,069,59416,12950,12966,519,13485,98
2022-04-21,San Bernardino,071,2135413,577017,566806,25061,591867,7047
2022-04-21,San Diego,073,3302833,757300,758311,53452,811763,5233
2022-04-21,San Francisco,075,870044,129217,128323,8491,136814,857
2022-04-21,San Joaquin,077,732212,167155,166626,9986,176612,2224
2022-04-21,San Luis Obispo,079,281455,52897,52826,3805,56631,476
2022-04-21,San Mateo,081,765935,124991,124106,7226,131332,703
2022-04-21,Santa Barbara,083,443738,86630,86376,4758,91134,685
2022-04-21,Santa Clara,085,1922200,317505,317487,12647,330134,2277
2022-04-21,Santa Cruz,087,273765,48928,48255,2128,50383,261
2022-04-21,Shasta,089,179085,30632,30607,6104,36711,557
2022-04-21,Sierra,091,2930,274,276,48,324,4
2022-04-21,Siskiyou,093,43540,4463,4453,2735,7188,81
2022-04-21,Solano,095,438530,82308,81982,5636,87618,448
2022-04-21,Sonoma,097,501317,84969,84581,2817,87398,486
2022-04-21,Stanislaus,099,539301,117896,117737,17908,135645,1632
2022-04-21,Sutter,101,95872,20542,20605,2091,22696,224
2022-04-21,Tehama,103,63373,12062,12064,2577,14641,201
2022-04-21,Trinity,105,12862,1185,1177,287,1464,20
2022-04-21,Tulare,107,460477,106470,106354,27655,134009,1446
2022-04-21,Tuolumne,109,53932,12734,12664,568,13232,181
2022-04-21,Ventura,111,848112,174320,174091,9501,183592,1479
2022-04-21,Yolo,113,214977,37612,36990,3077,40067,314
2022-04-21,Yuba,115,75493,15898,15888,1203,17091,121
2022-04-20,Alameda,001,1643700,260896,258734,14143,272877,1832
2022-04-20,Alpine,003,1148,124,124,1,125,0
2022-04-20,Amador,005,37829,8552,8494,654,9148,86
2022-04-20,Butte,007,227075,33305,33083,6994,40077,408
2022-04-20,Calaveras,009,45235,7299,7288,351,7639,119
2022-04-20,Colusa,011,21464,3460,3453,1047,4500,21
2022-04-20,Contra Costa,013,1133247,193734,190042,13504,203546,1299
2022-04-20,Del Norte,015,27424,5839,5814,186,6000,50
2022-04-20,El Dorado,017,186661,26928,26821,3219,30040,209
2022-04-20,Fresno,019,978130,232164,231568,24058,255626,2740
2022-04-20,Glenn,021,27897,5007,4988,1607,6595,48
2022-04-20,Humboldt,023,135768,17110,16976,2991,19967,145
2022-04-20,Imperial,025,180216,55457,55405,10553,65958,910
2022-04-20,Inyo,027,18085,4085,4075,491,4566,56
2022-04-20,Kern,029,883053,192238,191915,45845,237760,2262
2022-04-20,Kings,031,150075,51589,51571,3510,55081,445
2022-04-20,Lake,033,64148,10749,10711,890,11601,134
2022-04-20,Lassen,035,31185,8961,8951,875,9826,65
2022-04-20,Los Angeles,037,10098052,2733623,2721699,124669,2846368,31630
2022-04-20,Madera,039,155013,37311,37333,6030,43363,354
2022-04-20,Marin,041,260295,34304,33985,2644,36629,288
2022-04-20,Mariposa,043,17540,2429,2412,202,2614,30
2022-04-20,Mendocino,045,87422,13186,13128,3057,16185,122
2022-04-20,Merced,047,269075,62508,62322,8685,71007,813
2022-04-20,Modoc,049,8938,741,744,252,996,8
2022-04-20,Mono,051,14174,2987,2984,126,3110,6
2022-04-20,Monterey,053,433212,79799,79419,13819,93238,727
2022-04-20,Napa,055,140530,26213,26016,1008,27024,143
2022-04-20,Nevada,057,99092,16069,16034,1215,17249,127
2022-04-20,Orange,059,3164182,550267,549136,41763,590899,6963
2022-04-20,Placer,061,380077,63173,62928,7379,70307,619
2022-04-20,Plumas,063,18699,2983,2932,365,3297,13
2022-04-20,Riverside,065,2383286,593572,592224,27941,620165,6447
2022-04-20,Sacramento,067,1510023,282483,279326,26576,305902,2987
2022-04-20,San Benito,069,59416,12944,12971,516,13487,98
2022-04-20,San Bernardino,071,2135413,576810,565405,25044,590449,6977
2022-04-20,San Diego,073,3302833,756857,757138,53392,810530,5231
2022-04-20,San Francisco,075,870044,128910,127594,8473,136067,854
2022-04-20,San Joaquin,077,732212,167084,166531,9979,176510,2222
2022-04-20,San Luis Obispo,079,281455,52870,52740,3798,56538,476
2022-04-20,San Mateo,081,765935,124773,123279,7194,130473,701
2022-04-20,Santa Barbara,083,443738,86594,86214,4752,90966,685
2022-04-20,Santa Clara,085,1922200,317094,316355,12609,328964,2274
2022-04-20,Santa Cruz,087,273765,48864,47997,2124,50121,261
2022-04-20,Shasta,089,179085,30629,30590,6103,36693,554
2022-04-20,Sierra,091,2930,274,276,48,324,4
2022-04-20,Siskiyou,093,43540,4462,4446,2734,7180,80
2022-04-20,Solano,095,438530,82237,81841,5633,87474,447
2022-04-20,Sonoma,097,501317,84881,84429,2793,87222,485
2022-04-20,Stanislaus,099,539301,117860,117540,17897,135437,1630
2022-04-20,Sutter,101,95872,20535,20632,2091,22723,224
2022-04-20,Tehama,103,63373,12060,12061,2577,14638,199
2022-04-20,Trinity,105,12862,1185,1178,287,1465,20
2022-04-20,Tulare,107,460477,106462,105974,27644,133618,1439
2022-04-20,Tuolumne,109,53932,12729,12648,567,13215,180
2022-04-20,Ventura,111,848112,174232,173904,9492,183396,1475
2022-04-20,Yolo,113,214977,37562,36785,3074,39859,311
2022-04-20,Yuba,115,75493,15894,15868,1201,17069,121
2022-04-19,Alameda,001,1643700,260534,258734,14111,272845,1832
2022-04-19,Alpine,003,1148,124,124,1,125,0
2022-04-19,Amador,005,37829,8548,8494,651,9145,86
2022-04-19,Butte,007,227075,33298,33083,6990,40073,408
2022-04-19,Calaveras,009,45235,7296,7288,351,7639,119
2022-04-19,Colusa,011,21464,3460,3453,1047,4500,21
2022-04-19,Contra Costa,013,1133247,193488,190042,13486,203528,1299
2022-04-19,Del Norte,015,27424,5837,5814,184,5998,50
2022-04-19,El Dorado,017,186661,26913,26821,3216,30037,209
2022-04-19,Fresno,019,978130,232110,231568,24048,255616,2740
2022-04-19,Glenn,021,27897,5006,4988,1607,6595,48
2022-04-19,Humboldt,023,135768,17073,16976,2980,19956,145
2022-04-19,Imperial,025,180216,55450,55405,10550,65955,910
2022-04-19,Inyo,027,18085,4082,4075,491,4566,56
2022-04-19,Kern,029,883053,192202,191915,45835,237750,2262
2022-04-19,Kings,031,150075,51575,51571,3509,55080,445
2022-04-19,Lake,033,64148,10745,10711,889,11600,134
2022-04-19,Lassen,035,31185,8961,8951,875,9826,65
2022-04-19,Los Angeles,037,10098052,2731823,2721699,124543,2846242,31630
2022-04-19,Madera,039,155013,37308,37333,6029,43362,354
2022-04-19,Marin,041,260295,34254,33985,2628,36613,288
2022-04-19,Mariposa,043,17540,2429,2412,201,2613,30
2022-04-19,Mendocino,045,87422,13178,13128,3046,16174,122
2022-04-19,Merced,047,269075,62489,62322,8681,71003,813
2022-04-19,Modoc,049,8938,741,744,252,996,8
2022-04-19,Mono,051,14174,2987,2984,126,3110,6
2022-04-19,Monterey,053,433212,79779,79419,13806,93225,727
2022-04-19,Napa,055,140530,26191,26016,999,27015,143
2022-04-19,Nevada,057,99092,16063,16034,1213,17247,127
2022-04-19,Orange,059,3164182,549988,549136,41719,590855,6963
2022-04-19,Placer,061,380077,63141,62928,7374,70302,619
2022-04-19,Plumas,063,18699,2983,2932,365,3297,13
2022-04-19,Riverside,065,2383286,593390,592224,27929,620153,6447
2022-04-19,Sacramento,067,1510023,282309,279326,26553,305879,2987
2022-04-19,San Benito,069,59416,12938,12971,515,13486,98
2022-04-19,San Bernardino,071,2135413,576594,565405,25022,590427,6977
2022-04-19,San Diego,073,3302833,756391,757138,53327,810465,5231
2022-04-19,San Francisco,075,870044,128577,127594,8455,136049,854
2022-04-19,San Joaquin,077,732212,167033,166531,9975,176506,2222
2022-04-19,San Luis Obispo,079,281455,52834,52740,3792,56532,476
2022-04-19,San Mateo,081,765935,124542,123279,7173,130452,701
2022-04-19,Santa Barbara,083,443738,86540,86214,4744,90958,685
2022-04-19,Santa Clara,085,1922200,316674,316355,12580,328935,2274
2022-04-19,Santa Cruz,087,273765,48809,47997,2122,50119,261
2022-04-19,Shasta,089,179085,30617,30590,6102,36692,554
2022-04-19,Sierra,091,2930,274,276,48,324,4
2022-04-19,Siskiyou,093,43540,4461,4446,2732,7178,80
2022-04-19,Solano,095,438530,82153,81841,5626,87467,447
2022-04-19,Sonoma,097,501317,84779,84429,2764,87193,485
2022-04-19,Stanislaus,099,539301,117834,117540,17892,135432,1630
2022-04-19,Sutter,101,95872,20535,20632,2091,22723,224
2022-04-19,Tehama,103,63373,12059,12061,2577,14638,199
2022-04-19,Trinity,105,12862,1184,1178,287,1465,20
2022-04-19,Tulare,107,460477,106447,105974,27638,133612,1439
2022-04-19,Tuolumne,109,53932,12727,12648,567,13215,180
2022-04-19,Ventura,111,848112,174139,173904,9479,183383,1475
2022-04-19,Yolo,113,214977,37517,36785,3072,39857,311
2022-04-19,Yuba,115,75493,15887,15868,1201,17069,121
2022-04-18,Alameda,001,1643700,260151,258734,14089,272823,1832
2022-04-18,Alpine,003,1148,124,124,1,125,0
2022-04-18,Amador,005,37829,8547,8494,650,9144,86
2022-04-18,Butte,007,227075,33294,33083,6985,40068,408
2022-04-18,Calaveras,009,45235,7292,7288,350,7638,119
2022-04-18,Colusa,011,21464,3459,3453,1047,4500,21
2022-04-18,Contra Costa,013,1133247,193253,190042,13461,203503,1299
2022-04-18,Del Norte,015,27424,5832,5814,184,5998,50
2022-04-18,El Dorado,017,186661,26896,26821,3213,30034,209
2022-04-18,Fresno,019,978130,232068,231568,24037,255605,2740
2022-04-18,Glenn,021,27897,5006,4988,1606,6594,48
2022-04-18,Humboldt,023,135768,17044,16976,2977,19953,145
2022-04-18,Imperial,025,180216,55438,55405,10548,65953,910
2022-04-18,Inyo,027,18085,4082,4075,491,4566,56
2022-04-18,Kern,029,883053,192157,191915,45823,237738,2262
2022-04-18,Kings,031,150075,51570,51571,3509,55080,445
2022-04-18,Lake,033,64148,10741,10711,888,11599,134
2022-04-18,Lassen,035,31185,8961,8951,875,9826,65
2022-04-18,Los Angeles,037,10098052,2729990,2721699,124429,2846128,31630
2022-04-18,Madera,039,155013,37300,37333,6028,43361,354
2022-04-18,Marin,041,260295,34190,33985,2605,36590,288
2022-04-18,Mariposa,043,17540,2427,2412,201,2613,30
2022-04-18,Mendocino,045,87422,13161,13128,3041,16169,122
2022-04-18,Merced,047,269075,62477,62322,8675,70997,813
2022-04-18,Modoc,049,8938,740,744,252,996,8
2022-04-18,Mono,051,14174,2986,2984,126,3110,6
2022-04-18,Monterey,053,433212,79706,79419,13790,93209,727
2022-04-18,Napa,055,140530,26155,26016,998,27014,143
2022-04-18,Nevada,057,99092,16053,16034,1211,17245,127
2022-04-18,Orange,059,3164182,549701,549136,41684,590820,6963
2022-04-18,Placer,061,380077,63108,62928,7372,70300,619
2022-04-18,Plumas,063,18699,2983,2932,365,3297,13
2022-04-18,Riverside,065,2383286,593181,592224,27909,620133,6447
2022-04-18,Sacramento,067,1510023,282152,279326,26541,305867,2987
2022-04-18,San Benito,069,59416,12932,12971,515,13486,98
2022-04-18,San Bernardino,071,2135413,576382,565405,25004,590409,6977
2022-04-18,San Diego,073,3302833,755921,757138,53268,810406,5231
2022-04-18,San Francisco,075,870044,128260,127594,8443,136037,854
2022-04-18,San Joaquin,077,732212,166973,166531,9968,176499,2222
2022-04-18,San Luis Obispo,079,281455,52805,52740,3787,56527,476
2022-04-18,San Mateo,081,765935,124310,123279,7153,130432,701
2022-04-18,Santa Barbara,083,443738,86469,86214,4739,90953,685
2022-04-18,Santa Clara,085,1922200,316228,316355,12556,328911,2274
2022-04-18,Santa Cruz,087,273765,48704,47997,2120,50117,261
2022-04-18,Shasta,089,179085,30611,30590,6099,36689,554
2022-04-18,Sierra,091,2930,274,276,48,324,4
2022-04-18,Siskiyou,093,43540,4460,4446,2731,7177,80
2022-04-18,Solano,095,438530,82088,81841,5620,87461,447
2022-04-18,Sonoma,097,501317,84679,84429,2749,87178,485
2022-04-18,Stanislaus,099,539301,117804,117540,17889,135429,1630
2022-04-18,Sutter,101,95872,20533,20632,2089,22721,224
2022-04-18,Tehama,103,63373,12055,12061,2577,14638,199
2022-04-18,Trinity,105,12862,1184,1178,287,1465,20
2022-04-18,Tulare,107,460477,106432,105974,27630,133604,1439
2022-04-18,Tuolumne,109,53932,12720,12648,566,13214,180
2022-04-18,Ventura,111,848112,174048,173904,9469,183373,1475
2022-04-18,Yolo,113,214977,37460,36785,3072,39857,311
2022-04-18,Yuba,115,75493,15878,15868,1200,17068,121
2022-04-17,Alameda,001,1643700,259759,257897,14063,271960,1829
2022-04-17,Alpine,003,1148,124,124,1,125,0
2022-04-17,Amador,005,37829,8542,8491,648,9139,86
2022-04-17,Butte,007,227075,33291,33053,6982,40035,405
2022-04-17,Calaveras,009,45235,7289,7275,349,7624,119
2022-04-17,Colusa,011,21464,3458,3450,1047,4497,21
2022-04-17,Contra Costa,013,1133247,193025,189742,13425,203167,1298
2022-04-17,Del Norte,015,27424,5827,5809,184,5993,50
2022-04-17,El Dorado,017,186661,26884,26796,3211,30007,209
2022-04-17,Fresno,019,978130,231991,231455,24032,255487,2739
2022-04-17,Glenn,021,27897,5006,4991,1606,6597,48
2022-04-17,Humboldt,023,135768,17009,16929,2971,19900,143
2022-04-17,Imperial,025,180216,55429,55371,10546,65917,910
2022-04-17,Inyo,027,18085,4080,4075,491,4566,56
2022-04-17,Kern,029,883053,192122,191866,45808,237674,2258
2022-04-17,Kings,031,150075,51559,51544,3507,55051,445
2022-04-17,Lake,033,64148,10740,10702,888,11590,134
2022-04-17,Lassen,035,31185,8961,8950,875,9825,65
2022-04-17,Los Angeles,037,10098052,2727995,2717479,124311,2841790,31598
2022-04-17,Madera,039,155013,37294,37362,6028,43390,354
2022-04-17,Marin,041,260295,34123,33829,2575,36404,288
2022-04-17,Mariposa,043,17540,2419,2406,201,2607,30
2022-04-17,Mendocino,045,87422,13146,13107,3037,16144,122
2022-04-17,Merced,047,269075,62457,62295,8669,70964,813
2022-04-17,Modoc,049,8938,740,743,252,995,8
2022-04-17,Mono,051,14174,2985,2977,126,3103,6
2022-04-17,Monterey,053,433212,79673,79311,13770,93081,727
2022-04-17,Napa,055,140530,26111,25929,992,26921,143
2022-04-17,Nevada,057,99092,16037,16014,1206,17220,123
2022-04-17,Orange,059,3164182,549338,548311,41636,589947,6945
2022-04-17,Placer,061,380077,63068,62882,7365,70247,618
2022-04-17,Plumas,063,18699,2983,2929,365,3294,13
2022-04-17,Riverside,065,2383286,592961,591772,27889,619661,6443
2022-04-17,Sacramento,067,1510023,281991,278523,26516,305039,2978
2022-04-17,San Benito,069,59416,12929,12926,514,13440,98
2022-04-17,San Bernardino,071,2135413,576144,564397,24990,589387,6948
2022-04-17,San Diego,073,3302833,755430,756165,53200,809365,5229
2022-04-17,San Francisco,075,870044,127942,126976,8427,135403,854
2022-04-17,San Joaquin,077,732212,166923,166645,9962,176607,2220
2022-04-17,San Luis Obispo,079,281455,52736,52698,3782,56480,476
2022-04-17,San Mateo,081,765935,124074,122652,7137,129789,699
2022-04-17,Santa Barbara,083,443738,86411,86030,4732,90762,684
2022-04-17,Santa Clara,085,1922200,315735,315296,12529,327825,2268
2022-04-17,Santa Cruz,087,273765,48582,47895,2118,50013,261
2022-04-17,Shasta,089,179085,30600,30578,6095,36673,554
2022-04-17,Sierra,091,2930,274,276,48,324,4
2022-04-17,Siskiyou,093,43540,4455,4444,2730,7174,80
2022-04-17,Solano,095,438530,82021,81781,5614,87395,447
2022-04-17,Sonoma,097,501317,84567,84172,2742,86914,485
2022-04-17,Stanislaus,099,539301,117774,117567,17882,135449,1619
2022-04-17,Sutter,101,95872,20528,20621,2088,22709,224
2022-04-17,Tehama,103,63373,12054,12061,2577,14638,199
2022-04-17,Trinity,105,12862,1183,1178,287,1465,20
2022-04-17,Tulare,107,460477,106418,105757,27621,133378,1428
2022-04-17,Tuolumne,109,53932,12714,12640,566,13206,180
2022-04-17,Ventura,111,848112,173951,173665,9450,183115,1474
2022-04-17,Yolo,113,214977,37411,36752,3070,39822,311
2022-04-17,Yuba,115,75493,15872,15857,1200,17057,121
2022-04-16,Alameda,001,1643700,259607,257897,14053,271950,1829
2022-04-16,Alpine,003,1148,124,124,1,125,0
2022-04-16,Amador,005,37829,8540,8491,648,9139,86
2022-04-16,Butte,007,227075,33287,33053,6980,40033,405
2022-04-16,Calaveras,009,45235,7287,7275,349,7624,119
2022-04-16,Colusa,011,21464,3458,3450,1047,4497,21
2022-04-16,Contra Costa,013,1133247,192934,189742,13419,203161,1298
2022-04-16,Del Norte,015,27424,5827,5809,184,5993,50
2022-04-16,El Dorado,017,186661,26873,26796,3211,30007,209
2022-04-16,Fresno,019,978130,231963,231455,24031,255486,2739
2022-04-16,Glenn,021,27897,5006,4991,1606,6597,48
2022-04-16,Humboldt,023,135768,17001,16929,2966,19895,143
2022-04-16,Imperial,025,180216,55423,55371,10545,65916,910
2022-04-16,Inyo,027,18085,4080,4075,491,4566,56
2022-04-16,Kern,029,883053,192111,191866,45796,237662,2258
2022-04-16,Kings,031,150075,51556,51544,3507,55051,445
2022-04-16,Lake,033,64148,10738,10702,888,11590,134
2022-04-16,Lassen,035,31185,8961,8950,875,9825,65
2022-04-16,Los Angeles,037,10098052,2727287,2717479,124261,2841740,31598
2022-04-16,Madera,039,155013,37292,37362,6028,43390,354
2022-04-16,Marin,041,260295,34085,33829,2549,36378,288
2022-04-16,Mariposa,043,17540,2418,2406,201,2607,30
2022-04-16,Mendocino,045,87422,13140,13107,3037,16144,122
2022-04-16,Merced,047,269075,62454,62295,8668,70963,813
2022-04-16,Modoc,049,8938,740,743,252,995,8
2022-04-16,Mono,051,14174,2985,2977,126,3103,6
2022-04-16,Monterey,053,433212,79658,79311,13761,93072,727
2022-04-16,Napa,055,140530,26088,25929,990,26919,143
2022-04-16,Nevada,057,99092,16034,16014,1203,17217,123
2022-04-16,Orange,059,3164182,549222,548311,41607,589918,6945
2022-04-16,Placer,061,380077,63052,62882,7363,70245,618
2022-04-16,Plumas,063,18699,2981,2929,365,3294,13
2022-04-16,Riverside,065,2383286,592881,591772,27883,619655,6443
2022-04-16,Sacramento,067,1510023,281941,278523,26511,305034,2978
2022-04-16,San Benito,069,59416,12928,12926,514,13440,98
2022-04-16,San Bernardino,071,2135413,576044,564397,24986,589383,6948
2022-04-16,San Diego,073,3302833,755283,756165,53186,809351,5229
2022-04-16,San Francisco,075,870044,127786,126976,8418,135394,854
2022-04-16,San Joaquin,077,732212,166883,166645,9958,176603,2220
2022-04-16,San Luis Obispo,079,281455,52730,52698,3781,56479,476
2022-04-16,San Mateo,081,765935,123978,122652,7130,129782,699
2022-04-16,Santa Barbara,083,443738,86381,86030,4732,90762,684
2022-04-16,Santa Clara,085,1922200,315494,315296,12521,327817,2268
2022-04-16,Santa Cruz,087,273765,48554,47895,2118,50013,261
2022-04-16,Shasta,089,179085,30596,30578,6095,36673,554
2022-04-16,Sierra,091,2930,274,276,48,324,4
2022-04-16,Siskiyou,093,43540,4455,4444,2730,7174,80
2022-04-16,Solano,095,438530,82006,81781,5612,87393,447
2022-04-16,Sonoma,097,501317,84518,84172,2733,86905,485
2022-04-16,Stanislaus,099,539301,117754,117567,17877,135444,1619
2022-04-16,Sutter,101,95872,20524,20621,2088,22709,224
2022-04-16,Tehama,103,63373,12053,12061,2577,14638,199
2022-04-16,Trinity,105,12862,1183,1178,287,1465,20
2022-04-16,Tulare,107,460477,106408,105757,27619,133376,1428
2022-04-16,Tuolumne,109,53932,12713,12640,566,13206,180
2022-04-16,Ventura,111,848112,173923,173665,9446,183111,1474
2022-04-16,Yolo,113,214977,37402,36752,3069,39821,311
2022-04-16,Yuba,115,75493,15868,15857,1200,17057,121
2022-04-15,Alameda,001,1643700,259425,257897,14045,271942,1829
2022-04-15,Alpine,003,1148,124,124,1,125,0
2022-04-15,Amador,005,37829,8539,8491,646,9137,86
2022-04-15,Butte,007,227075,33285,33053,6978,40031,405
2022-04-15,Calaveras,009,45235,7285,7275,349,7624,119
2022-04-15,Colusa,011,21464,3458,3450,1047,4497,21
2022-04-15,Contra Costa,013,1133247,192817,189742,13412,203154,1298
2022-04-15,Del Norte,015,27424,5826,5809,184,5993,50
2022-04-15,El Dorado,017,186661,26859,26796,3210,30006,209
2022-04-15,Fresno,019,978130,231934,231455,24030,255485,2739
2022-04-15,Glenn,021,27897,5005,4991,1606,6597,48
2022-04-15,Humboldt,023,135768,16989,16929,2965,19894,143
2022-04-15,Imperial,025,180216,55421,55371,10545,65916,910
2022-04-15,Inyo,027,18085,4080,4075,490,4565,56
2022-04-15,Kern,029,883053,192096,191866,45785,237651,2258
2022-04-15,Kings,031,150075,51552,51544,3507,55051,445
2022-04-15,Lake,033,64148,10733,10702,888,11590,134
2022-04-15,Lassen,035,31185,8961,8950,875,9825,65
2022-04-15,Los Angeles,037,10098052,2726513,2717479,124195,2841674,31598
2022-04-15,Madera,039,155013,37290,37362,6028,43390,354
2022-04-15,Marin,041,260295,34051,33829,2528,36357,288
2022-04-15,Mariposa,043,17540,2417,2406,201,2607,30
2022-04-15,Mendocino,045,87422,13134,13107,3035,16142,122
2022-04-15,Merced,047,269075,62450,62295,8668,70963,813
2022-04-15,Modoc,049,8938,740,743,252,995,8
2022-04-15,Mono,051,14174,2980,2977,125,3102,6
2022-04-15,Monterey,053,433212,79631,79311,13755,93066,727
2022-04-15,Napa,055,140530,26071,25929,989,26918,143
2022-04-15,Nevada,057,99092,16032,16014,1202,17216,123
2022-04-15,Orange,059,3164182,549101,548311,41577,589888,6945
2022-04-15,Placer,061,380077,63037,62882,7362,70244,618
2022-04-15,Plumas,063,18699,2981,2929,365,3294,13
2022-04-15,Riverside,065,2383286,592780,591772,27877,619649,6443
2022-04-15,Sacramento,067,1510023,281862,278523,26507,305030,2978
2022-04-15,San Benito,069,59416,12926,12926,513,13439,98
2022-04-15,San Bernardino,071,2135413,575962,564397,24983,589380,6948
2022-04-15,San Diego,073,3302833,755090,756165,53166,809331,5229
2022-04-15,San Francisco,075,870044,127636,126976,8403,135379,854
2022-04-15,San Joaquin,077,732212,166860,166645,9956,176601,2220
2022-04-15,San Luis Obispo,079,281455,52722,52698,3781,56479,476
2022-04-15,San Mateo,081,765935,123847,122652,7119,129771,699
2022-04-15,Santa Barbara,083,443738,86348,86030,4731,90761,684
2022-04-15,Santa Clara,085,1922200,315204,315296,12513,327809,2268
2022-04-15,Santa Cruz,087,273765,48526,47895,2117,50012,261
2022-04-15,Shasta,089,179085,30587,30578,6095,36673,554
2022-04-15,Sierra,091,2930,274,276,48,324,4
2022-04-15,Siskiyou,093,43540,4453,4444,2730,7174,80
2022-04-15,Solano,095,438530,81981,81781,5612,87393,447
2022-04-15,Sonoma,097,501317,84465,84172,2717,86889,485
2022-04-15,Stanislaus,099,539301,117734,117567,17875,135442,1619
2022-04-15,Sutter,101,95872,20521,20621,2088,22709,224
2022-04-15,Tehama,103,63373,12053,12061,2577,14638,199
2022-04-15,Trinity,105,12862,1183,1178,287,1465,20
2022-04-15,Tulare,107,460477,106402,105757,27613,133370,1428
2022-04-15,Tuolumne,109,53932,12710,12640,563,13203,180
2022-04-15,Ventura,111,848112,173894,173665,9440,183105,1474
2022-04-15,Yolo,113,214977,37385,36752,3069,39821,311
2022-04-15,Yuba,115,75493,15865,15857,1200,17057,121
2022-04-14,Alameda,001,1643700,259160,257897,14035,271932,1829
2022-04-14,Alpine,003,1148,124,124,1,125,0
2022-04-14,Amador,005,37829,8539,8491,646,9137,86
2022-04-14,Butte,007,227075,33280,33053,6975,40028,405
2022-04-14,Calaveras,009,45235,7284,7275,349,7624,119
2022-04-14,Colusa,011,21464,3458,3450,1047,4497,21
2022-04-14,Contra Costa,013,1133247,192661,189742,13400,203142,1298
2022-04-14,Del Norte,015,27424,5824,5809,184,5993,50
2022-04-14,El Dorado,017,186661,26856,26796,3208,30004,209
2022-04-14,Fresno,019,978130,231908,231455,24029,255484,2739
2022-04-14,Glenn,021,27897,5005,4991,1604,6595,48
2022-04-14,Humboldt,023,135768,16975,16929,2964,19893,143
2022-04-14,Imperial,025,180216,55411,55371,10545,65916,910
2022-04-14,Inyo,027,18085,4080,4075,489,4564,56
2022-04-14,Kern,029,883053,192077,191866,45777,237643,2258
2022-04-14,Kings,031,150075,51544,51544,3507,55051,445
2022-04-14,Lake,033,64148,10732,10702,888,11590,134
2022-04-14,Lassen,035,31185,8961,8950,874,9824,65
2022-04-14,Los Angeles,037,10098052,2725426,2717479,124106,2841585,31598
2022-04-14,Madera,039,155013,37288,37362,6028,43390,354
2022-04-14,Marin,041,260295,34018,33829,2500,36329,288
2022-04-14,Mariposa,043,17540,2416,2406,201,2607,30
2022-04-14,Mendocino,045,87422,13129,13107,3035,16142,122
2022-04-14,Merced,047,269075,62445,62295,8667,70962,813
2022-04-14,Modoc,049,8938,739,743,252,995,8
2022-04-14,Mono,051,14174,2980,2977,124,3101,6
2022-04-14,Monterey,053,433212,79606,79311,13750,93061,727
2022-04-14,Napa,055,140530,26049,25929,988,26917,143
2022-04-14,Nevada,057,99092,16025,16014,1201,17215,123
2022-04-14,Orange,059,3164182,548912,548311,41550,589861,6945
2022-04-14,Placer,061,380077,63019,62882,7357,70239,618
2022-04-14,Plumas,063,18699,2981,2929,365,3294,13
2022-04-14,Riverside,065,2383286,592660,591772,27867,619639,6443
2022-04-14,Sacramento,067,1510023,281743,278523,26493,305016,2978
2022-04-14,San Benito,069,59416,12920,12926,513,13439,98
2022-04-14,San Bernardino,071,2135413,575791,564397,24978,589375,6948
2022-04-14,San Diego,073,3302833,754812,756165,53128,809293,5229
2022-04-14,San Francisco,075,870044,127435,126976,8391,135367,854
2022-04-14,San Joaquin,077,732212,166828,166645,9955,176600,2220
2022-04-14,San Luis Obispo,079,281455,52706,52698,3777,56475,476
2022-04-14,San Mateo,081,765935,123692,122652,7101,129753,699
2022-04-14,Santa Barbara,083,443738,86303,86030,4729,90759,684
2022-04-14,Santa Clara,085,1922200,314905,315296,12504,327800,2268
2022-04-14,Santa Cruz,087,273765,48496,47895,2116,50011,261
2022-04-14,Shasta,089,179085,30585,30578,6094,36672,554
2022-04-14,Sierra,091,2930,274,276,48,324,4
2022-04-14,Siskiyou,093,43540,4453,4444,2729,7173,80
2022-04-14,Solano,095,438530,81941,81781,5606,87387,447
2022-04-14,Sonoma,097,501317,84374,84172,2712,86884,485
2022-04-14,Stanislaus,099,539301,117714,117567,17872,135439,1619
2022-04-14,Sutter,101,95872,20519,20621,2079,22700,224
2022-04-14,Tehama,103,63373,12052,12061,2576,14637,199
2022-04-14,Trinity,105,12862,1183,1178,287,1465,20
2022-04-14,Tulare,107,460477,106388,105757,27609,133366,1428
2022-04-14,Tuolumne,109,53932,12706,12640,562,13202,180
2022-04-14,Ventura,111,848112,173845,173665,9434,183099,1474
2022-04-14,Yolo,113,214977,37358,36752,3066,39818,311
2022-04-14,Yuba,115,75493,15862,15857,1200,17057,121
2022-04-13,Alameda,001,1643700,258908,257440,14015,271455,1833
2022-04-13,Alpine,003,1148,124,124,1,125,0
2022-04-13,Amador,005,37829,8537,8490,646,9136,86
2022-04-13,Butte,007,227075,33271,33044,6975,40019,402
2022-04-13,Calaveras,009,45235,7283,7270,349,7619,119
2022-04-13,Colusa,011,21464,3458,3451,1047,4498,21
2022-04-13,Contra Costa,013,1133247,192528,189471,13386,202857,1298
2022-04-13,Del Norte,015,27424,5822,5812,184,5996,50
2022-04-13,El Dorado,017,186661,26852,26794,3208,30002,208
2022-04-13,Fresno,019,978130,231875,231325,24017,255342,2738
2022-04-13,Glenn,021,27897,5003,4989,1604,6593,48
2022-04-13,Humboldt,023,135768,16961,16922,2963,19885,143
2022-04-13,Imperial,025,180216,55398,55353,10543,65896,910
2022-04-13,Inyo,027,18085,4080,4074,486,4560,56
2022-04-13,Kern,029,883053,192053,191859,45771,237630,2249
2022-04-13,Kings,031,150075,51538,51535,3507,55042,443
2022-04-13,Lake,033,64148,10730,10695,888,11583,134
2022-04-13,Lassen,035,31185,8960,8949,874,9823,65
2022-04-13,Los Angeles,037,10098052,2724165,2715722,124030,2839752,31578
2022-04-13,Madera,039,155013,37285,37361,6028,43389,354
2022-04-13,Marin,041,260295,33979,33747,2471,36218,288
2022-04-13,Mariposa,043,17540,2410,2402,201,2603,29
2022-04-13,Mendocino,045,87422,13120,13101,3033,16134,120
2022-04-13,Merced,047,269075,62435,62276,8666,70942,811
2022-04-13,Modoc,049,8938,739,743,252,995,8
2022-04-13,Mono,051,14174,2978,2971,124,3095,6
2022-04-13,Monterey,053,433212,79593,79179,13743,92922,727
2022-04-13,Napa,055,140530,26032,25892,985,26877,143
2022-04-13,Nevada,057,99092,16019,16002,1201,17203,123
2022-04-13,Orange,059,3164182,548717,547783,41527,589310,6935
2022-04-13,Placer,061,380077,62992,62851,7353,70204,615
2022-04-13,Plumas,063,18699,2980,2923,365,3288,13
2022-04-13,Riverside,065,2383286,592522,591659,27860,619519,6437
2022-04-13,Sacramento,067,1510023,281657,277866,26490,304356,2974
2022-04-13,San Benito,069,59416,12914,12927,513,13440,98
2022-04-13,San Bernardino,071,2135413,575645,563709,24973,588682,6905
2022-04-13,San Diego,073,3302833,754527,755584,53096,808680,5223
2022-04-13,San Francisco,075,870044,127266,126608,8371,134979,850
2022-04-13,San Joaquin,077,732212,166793,166654,9953,176607,2219
2022-04-13,San Luis Obispo,079,281455,52682,52660,3777,56437,476
2022-04-13,San Mateo,081,765935,123541,122167,7077,129244,699
2022-04-13,Santa Barbara,083,443738,86265,85938,4724,90662,684
2022-04-13,Santa Clara,085,1922200,314636,314863,12487,327350,2267
2022-04-13,Santa Cruz,087,273765,48442,47765,2115,49880,260
2022-04-13,Shasta,089,179085,30583,30569,6094,36663,551
2022-04-13,Sierra,091,2930,274,276,48,324,4
2022-04-13,Siskiyou,093,43540,4452,4444,2728,7172,80
2022-04-13,Solano,095,438530,81903,81843,5603,87446,448
2022-04-13,Sonoma,097,501317,84304,84033,2698,86731,485
2022-04-13,Stanislaus,099,539301,117696,117573,17867,135440,1577
2022-04-13,Sutter,101,95872,20515,20610,2079,22689,223
2022-04-13,Tehama,103,63373,12051,12062,2575,14637,200
2022-04-13,Trinity,105,12862,1183,1177,287,1464,20
2022-04-13,Tulare,107,460477,106380,105519,27604,133123,1426
2022-04-13,Tuolumne,109,53932,12700,12639,562,13201,180
2022-04-13,Ventura,111,848112,173788,173558,9428,182986,1474
2022-04-13,Yolo,113,214977,37319,36684,3064,39748,311
2022-04-13,Yuba,115,75493,15858,15851,1200,17051,121
2022-04-12,Alameda,001,1643700,258665,257440,14006,271446,1833
2022-04-12,Alpine,003,1148,124,124,1,125,0
2022-04-12,Amador,005,37829,8536,8490,646,9136,86
2022-04-12,Butte,007,227075,33259,33044,6969,40013,402
2022-04-12,Calaveras,009,45235,7279,7270,348,7618,119
2022-04-12,Colusa,011,21464,3458,3451,1047,4498,21
2022-04-12,Contra Costa,013,1133247,192374,189471,13372,202843,1298
2022-04-12,Del Norte,015,27424,5819,5812,184,5996,50
2022-04-12,El Dorado,017,186661,26840,26794,3208,30002,208
2022-04-12,Fresno,019,978130,231845,231325,24010,255335,2738
2022-04-12,Glenn,021,27897,5003,4989,1604,6593,48
2022-04-12,Humboldt,023,135768,16953,16922,2961,19883,143
2022-04-12,Imperial,025,180216,55394,55353,10534,65887,910
2022-04-12,Inyo,027,18085,4080,4074,486,4560,56
2022-04-12,Kern,029,883053,192033,191859,45762,237621,2249
2022-04-12,Kings,031,150075,51530,51535,3505,55040,443
2022-04-12,Lake,033,64148,10726,10695,887,11582,134
2022-04-12,Lassen,035,31185,8960,8949,874,9823,65
2022-04-12,Los Angeles,037,10098052,2722917,2715722,123930,2839652,31578
2022-04-12,Madera,039,155013,37284,37361,6028,43389,354
2022-04-12,Marin,041,260295,33934,33747,2444,36191,288
2022-04-12,Mariposa,043,17540,2410,2402,201,2603,29
2022-04-12,Mendocino,045,87422,13112,13101,3027,16128,120
2022-04-12,Merced,047,269075,62421,62276,8664,70940,811
2022-04-12,Modoc,049,8938,739,743,251,994,8
2022-04-12,Mono,051,14174,2978,2971,124,3095,6
2022-04-12,Monterey,053,433212,79569,79179,13736,92915,727
2022-04-12,Napa,055,140530,26009,25892,975,26867,143
2022-04-12,Nevada,057,99092,16016,16002,1200,17202,123
2022-04-12,Orange,059,3164182,548466,547783,41495,589278,6935
2022-04-12,Placer,061,380077,62969,62851,7348,70199,615
2022-04-12,Plumas,063,18699,2979,2923,365,3288,13
2022-04-12,Riverside,065,2383286,592379,591659,27840,619499,6437
2022-04-12,Sacramento,067,1510023,281542,277866,26488,304354,2974
2022-04-12,San Benito,069,59416,12909,12927,512,13439,98
2022-04-12,San Bernardino,071,2135413,575470,563709,24970,588679,6905
2022-04-12,San Diego,073,3302833,754194,755584,53054,808638,5223
2022-04-12,San Francisco,075,870044,127054,126608,8357,134965,850
2022-04-12,San Joaquin,077,732212,166763,166654,9951,176605,2219
2022-04-12,San Luis Obispo,079,281455,52648,52660,3771,56431,476
2022-04-12,San Mateo,081,765935,123384,122167,7055,129222,699
2022-04-12,Santa Barbara,083,443738,86219,85938,4720,90658,684
2022-04-12,Santa Clara,085,1922200,314345,314863,12476,327339,2267
2022-04-12,Santa Cruz,087,273765,48362,47765,2112,49877,260
2022-04-12,Shasta,089,179085,30583,30569,6093,36662,551
2022-04-12,Sierra,091,2930,274,276,48,324,4
2022-04-12,Siskiyou,093,43540,4452,4444,2726,7170,80
2022-04-12,Solano,095,438530,81863,81843,5601,87444,448
2022-04-12,Sonoma,097,501317,84245,84033,2692,86725,485
2022-04-12,Stanislaus,099,539301,117676,117573,17863,135436,1577
2022-04-12,Sutter,101,95872,20512,20610,2079,22689,223
2022-04-12,Tehama,103,63373,12049,12062,2575,14637,200
2022-04-12,Trinity,105,12862,1183,1177,287,1464,20
2022-04-12,Tulare,107,460477,106365,105519,27599,133118,1426
2022-04-12,Tuolumne,109,53932,12698,12639,560,13199,180
2022-04-12,Ventura,111,848112,173740,173558,9422,182980,1474
2022-04-12,Yolo,113,214977,37279,36684,3058,39742,311
2022-04-12,Yuba,115,75493,15853,15851,1200,17051,121
2022-04-11,Alameda,001,1643700,258373,256649,13989,270638,1826
2022-04-11,Alpine,003,1148,124,124,1,125,0
2022-04-11,Amador,005,37829,8535,8489,646,9135,86
2022-04-11,Butte,007,227075,33246,33031,6965,39996,399
2022-04-11,Calaveras,009,45235,7276,7260,348,7608,119
2022-04-11,Colusa,011,21464,3456,3449,1047,4496,21
2022-04-11,Contra Costa,013,1133247,192207,189154,13355,202509,1296
2022-04-11,Del Norte,015,27424,5818,5811,184,5995,50
2022-04-11,El Dorado,017,186661,26827,26757,3207,29964,207
2022-04-11,Fresno,019,978130,231823,231090,24009,255099,2731
2022-04-11,Glenn,021,27897,5002,4988,1603,6591,47
2022-04-11,Humboldt,023,135768,16938,16913,2959,19872,141
2022-04-11,Imperial,025,180216,55389,55267,10532,65799,910
2022-04-11,Inyo,027,18085,4080,4071,486,4557,56
2022-04-11,Kern,029,883053,192008,191542,45760,237302,2244
2022-04-11,Kings,031,150075,51526,51519,3505,55024,443
2022-04-11,Lake,033,64148,10725,10690,886,11576,134
2022-04-11,Lassen,035,31185,8960,8948,874,9822,65
2022-04-11,Los Angeles,037,10098052,2721657,2709735,123856,2833591,31509
2022-04-11,Madera,039,155013,37277,37356,6028,43384,354
2022-04-11,Marin,041,260295,33878,33648,2425,36073,288
2022-04-11,Mariposa,043,17540,2409,2394,201,2595,29
2022-04-11,Mendocino,045,87422,13108,13087,3025,16112,120
2022-04-11,Merced,047,269075,62412,62231,8662,70893,811
2022-04-11,Modoc,049,8938,739,743,251,994,8
2022-04-11,Mono,051,14174,2977,2967,123,3090,6
2022-04-11,Monterey,053,433212,79549,79103,13727,92830,727
2022-04-11,Napa,055,140530,25992,25824,973,26797,144
2022-04-11,Nevada,057,99092,16012,15976,1200,17176,123
2022-04-11,Orange,059,3164182,548261,546983,41462,588445,6912
2022-04-11,Placer,061,380077,62947,62831,7347,70178,616
2022-04-11,Plumas,063,18699,2977,2887,365,3252,13
2022-04-11,Riverside,065,2383286,592252,591268,27823,619091,6429
2022-04-11,Sacramento,067,1510023,281442,277125,26486,303611,2972
2022-04-11,San Benito,069,59416,12908,12917,512,13429,98
2022-04-11,San Bernardino,071,2135413,575319,562571,24962,587533,6892
2022-04-11,San Diego,073,3302833,753867,754281,53014,807295,5210
2022-04-11,San Francisco,075,870044,126822,125963,8345,134308,844
2022-04-11,San Joaquin,077,732212,166725,166547,9945,176492,2212
2022-04-11,San Luis Obispo,079,281455,52625,52609,3770,56379,476
2022-04-11,San Mateo,081,765935,123198,121514,7041,128555,698
2022-04-11,Santa Barbara,083,443738,86170,85754,4715,90469,680
2022-04-11,Santa Clara,085,1922200,314001,313965,12461,326426,2266
2022-04-11,Santa Cruz,087,273765,48267,47624,2109,49733,259
2022-04-11,Shasta,089,179085,30578,30586,6092,36678,549
2022-04-11,Sierra,091,2930,274,272,48,320,4
2022-04-11,Siskiyou,093,43540,4452,4444,2724,7168,80
2022-04-11,Solano,095,438530,81835,81886,5600,87486,448
2022-04-11,Sonoma,097,501317,84177,83600,2680,86280,485
2022-04-11,Stanislaus,099,539301,117642,117528,17855,135383,1578
2022-04-11,Sutter,101,95872,20509,20591,2079,22670,223
2022-04-11,Tehama,103,63373,12048,12059,2574,14633,201
2022-04-11,Trinity,105,12862,1183,1177,287,1464,20
2022-04-11,Tulare,107,460477,106354,105278,27591,132869,1415
2022-04-11,Tuolumne,109,53932,12695,12632,560,13192,180
2022-04-11,Ventura,111,848112,173681,173343,9421,182764,1467
2022-04-11,Yolo,113,214977,37242,36587,3056,39643,312
2022-04-11,Yuba,115,75493,15850,15848,1199,17047,121
2022-04-10,Alameda,001,1643700,258040,256649,13978,270627,1826
2022-04-10,Alpine,003,1148,124,124,1,125,0
2022-04-10,Amador,005,37829,8533,8489,646,9135,86
2022-04-10,Butte,007,227075,33242,33031,6961,39992,399
2022-04-10,Calaveras,009,45235,7273,7260,348,7608,119
2022-04-10,Colusa,011,21464,3455,3449,1047,4496,21
2022-04-10,Contra Costa,013,1133247,192047,189154,13335,202489,1296
2022-04-10,Del Norte,015,27424,5815,5811,184,5995,50
2022-04-10,El Dorado,017,186661,26820,26757,3205,29962,207
2022-04-10,Fresno,019,978130,231785,231090,24007,255097,2731
2022-04-10,Glenn,021,27897,5002,4988,1603,6591,47
2022-04-10,Humboldt,023,135768,16928,16913,2957,19870,141
2022-04-10,Imperial,025,180216,55385,55267,10530,65797,910
2022-04-10,Inyo,027,18085,4080,4071,484,4555,56
2022-04-10,Kern,029,883053,191989,191542,45755,237297,2244
2022-04-10,Kings,031,150075,51524,51519,3505,55024,443
2022-04-10,Lake,033,64148,10721,10690,884,11574,134
2022-04-10,Lassen,035,31185,8959,8948,874,9822,65
2022-04-10,Los Angeles,037,10098052,2720329,2709735,123764,2833499,31509
2022-04-10,Madera,039,155013,37272,37356,6027,43383,354
2022-04-10,Marin,041,260295,33838,33648,2396,36044,288
2022-04-10,Mariposa,043,17540,2407,2394,201,2595,29
2022-04-10,Mendocino,045,87422,13100,13087,3024,16111,120
2022-04-10,Merced,047,269075,62401,62231,8660,70891,811
2022-04-10,Modoc,049,8938,739,743,251,994,8
2022-04-10,Mono,051,14174,2974,2967,123,3090,6
2022-04-10,Monterey,053,433212,79533,79103,13717,92820,727
2022-04-10,Napa,055,140530,25970,25824,971,26795,144
2022-04-10,Nevada,057,99092,15995,15976,1200,17176,123
2022-04-10,Orange,059,3164182,548011,546983,41424,588407,6912
2022-04-10,Placer,061,380077,62913,62831,7346,70177,616
2022-04-10,Plumas,063,18699,2975,2887,365,3252,13
2022-04-10,Riverside,065,2383286,592100,591268,27810,619078,6429
2022-04-10,Sacramento,067,1510023,281344,277125,26477,303602,2972
2022-04-10,San Benito,069,59416,12905,12917,512,13429,98
2022-04-10,San Bernardino,071,2135413,575087,562571,24953,587524,6892
2022-04-10,San Diego,073,3302833,753541,754281,52966,807247,5210
2022-04-10,San Francisco,075,870044,126583,125963,8329,134292,844
2022-04-10,San Joaquin,077,732212,166678,166547,9938,176485,2212
2022-04-10,San Luis Obispo,079,281455,52591,52609,3767,56376,476
2022-04-10,San Mateo,081,765935,123031,121514,7026,128540,698
2022-04-10,Santa Barbara,083,443738,86086,85754,4705,90459,680
2022-04-10,Santa Clara,085,1922200,313674,313965,12447,326412,2266
2022-04-10,Santa Cruz,087,273765,48178,47624,2108,49732,259
2022-04-10,Shasta,089,179085,30571,30586,6092,36678,549
2022-04-10,Sierra,091,2930,274,272,48,320,4
2022-04-10,Siskiyou,093,43540,4452,4444,2723,7167,80
2022-04-10,Solano,095,438530,81788,81886,5595,87481,448
2022-04-10,Sonoma,097,501317,84076,83600,2673,86273,485
2022-04-10,Stanislaus,099,539301,117619,117528,17848,135376,1578
2022-04-10,Sutter,101,95872,20505,20591,2075,22666,223
2022-04-10,Tehama,103,63373,12046,12059,2574,14633,201
2022-04-10,Trinity,105,12862,1183,1177,287,1464,20
2022-04-10,Tulare,107,460477,106340,105278,27584,132862,1415
2022-04-10,Tuolumne,109,53932,12688,12632,560,13192,180
2022-04-10,Ventura,111,848112,173602,173343,9416,182759,1467
2022-04-10,Yolo,113,214977,37211,36587,3051,39638,312
2022-04-10,Yuba,115,75493,15849,15848,1199,17047,121
2022-04-09,Alameda,001,1643700,257864,256649,13973,270622,1826
2022-04-09,Alpine,003,1148,124,124,1,125,0
2022-04-09,Amador,005,37829,8533,8489,645,9134,86
2022-04-09,Butte,007,227075,33239,33031,6961,39992,399
2022-04-09,Calaveras,009,45235,7272,7260,348,7608,119
2022-04-09,Colusa,011,21464,3454,3449,1047,4496,21
2022-04-09,Contra Costa,013,1133247,191951,189154,13328,202482,1296
2022-04-09,Del Norte,015,27424,5814,5811,184,5995,50
2022-04-09,El Dorado,017,186661,26813,26757,3205,29962,207
2022-04-09,Fresno,019,978130,231764,231090,24007,255097,2731
2022-04-09,Glenn,021,27897,5002,4988,1603,6591,47
2022-04-09,Humboldt,023,135768,16921,16913,2957,19870,141
2022-04-09,Imperial,025,180216,55380,55267,10530,65797,910
2022-04-09,Inyo,027,18085,4080,4071,484,4555,56
2022-04-09,Kern,029,883053,191980,191542,45750,237292,2244
2022-04-09,Kings,031,150075,51518,51519,3505,55024,443
2022-04-09,Lake,033,64148,10719,10690,884,11574,134
2022-04-09,Lassen,035,31185,8959,8948,874,9822,65
2022-04-09,Los Angeles,037,10098052,2719649,2709735,123691,2833426,31509
2022-04-09,Madera,039,155013,37269,37356,6027,43383,354
2022-04-09,Marin,041,260295,33805,33648,2353,36001,288
2022-04-09,Mariposa,043,17540,2407,2394,201,2595,29
2022-04-09,Mendocino,045,87422,13098,13087,3024,16111,120
2022-04-09,Merced,047,269075,62389,62231,8658,70889,811
2022-04-09,Modoc,049,8938,739,743,251,994,8
2022-04-09,Mono,051,14174,2973,2967,122,3089,6
2022-04-09,Monterey,053,433212,79524,79103,13713,92816,727
2022-04-09,Napa,055,140530,25945,25824,971,26795,144
2022-04-09,Nevada,057,99092,15992,15976,1200,17176,123
2022-04-09,Orange,059,3164182,547890,546983,41403,588386,6912
2022-04-09,Placer,061,380077,62898,62831,7344,70175,616
2022-04-09,Plumas,063,18699,2975,2887,365,3252,13
2022-04-09,Riverside,065,2383286,592010,591268,27800,619068,6429
2022-04-09,Sacramento,067,1510023,281297,277125,26475,303600,2972
2022-04-09,San Benito,069,59416,12904,12917,511,13428,98
2022-04-09,San Bernardino,071,2135413,575021,562571,24950,587521,6892
2022-04-09,San Diego,073,3302833,753393,754281,52952,807233,5210
2022-04-09,San Francisco,075,870044,126459,125963,8322,134285,844
2022-04-09,San Joaquin,077,732212,166662,166547,9935,176482,2212
2022-04-09,San Luis Obispo,079,281455,52591,52609,3764,56373,476
2022-04-09,San Mateo,081,765935,122941,121514,7019,128533,698
2022-04-09,Santa Barbara,083,443738,86053,85754,4705,90459,680
2022-04-09,Santa Clara,085,1922200,313478,313965,12444,326409,2266
2022-04-09,Santa Cruz,087,273765,48145,47624,2106,49730,259
2022-04-09,Shasta,089,179085,30569,30586,6092,36678,549
2022-04-09,Sierra,091,2930,274,272,48,320,4
2022-04-09,Siskiyou,093,43540,4451,4444,2722,7166,80
2022-04-09,Solano,095,438530,81770,81886,5593,87479,448
2022-04-09,Sonoma,097,501317,84037,83600,2669,86269,485
2022-04-09,Stanislaus,099,539301,117606,117528,17846,135374,1578
2022-04-09,Sutter,101,95872,20505,20591,2075,22666,223
2022-04-09,Tehama,103,63373,12046,12059,2574,14633,201
2022-04-09,Trinity,105,12862,1183,1177,287,1464,20
2022-04-09,Tulare,107,460477,106337,105278,27582,132860,1415
2022-04-09,Tuolumne,109,53932,12686,12632,560,13192,180
2022-04-09,Ventura,111,848112,173565,173343,9413,182756,1467
2022-04-09,Yolo,113,214977,37192,36587,3051,39638,312
2022-04-09,Yuba,115,75493,15848,15848,1199,17047,121
2022-04-08,Alameda,001,1643700,257705,256649,13967,270616,1826
2022-04-08,Alpine,003,1148,124,124,1,125,0
2022-04-08,Amador,005,37829,8531,8489,644,9133,86
2022-04-08,Butte,007,227075,33233,33031,6958,39989,399
2022-04-08,Calaveras,009,45235,7270,7260,348,7608,119
2022-04-08,Colusa,011,21464,3454,3449,1047,4496,21
2022-04-08,Contra Costa,013,1133247,191873,189154,13315,202469,1296
2022-04-08,Del Norte,015,27424,5812,5811,184,5995,50
2022-04-08,El Dorado,017,186661,26811,26757,3205,29962,207
2022-04-08,Fresno,019,978130,231744,231090,24005,255095,2731
2022-04-08,Glenn,021,27897,5002,4988,1603,6591,47
2022-04-08,Humboldt,023,135768,16917,16913,2955,19868,141
2022-04-08,Imperial,025,180216,55376,55267,10530,65797,910
2022-04-08,Inyo,027,18085,4078,4071,483,4554,56
2022-04-08,Kern,029,883053,191961,191542,45749,237291,2244
2022-04-08,Kings,031,150075,51513,51519,3505,55024,443
2022-04-08,Lake,033,64148,10719,10690,884,11574,134
2022-04-08,Lassen,035,31185,8959,8948,874,9822,65
2022-04-08,Los Angeles,037,10098052,2719020,2709735,123636,2833371,31509
2022-04-08,Madera,039,155013,37267,37356,6026,43382,354
2022-04-08,Marin,041,260295,33785,33648,2337,35985,288
2022-04-08,Mariposa,043,17540,2407,2394,200,2594,29
2022-04-08,Mendocino,045,87422,13096,13087,3024,16111,120
2022-04-08,Merced,047,269075,62384,62231,8655,70886,811
2022-04-08,Modoc,049,8938,739,743,251,994,8
2022-04-08,Mono,051,14174,2971,2967,122,3089,6
2022-04-08,Monterey,053,433212,79514,79103,13712,92815,727
2022-04-08,Napa,055,140530,25933,25824,963,26787,144
2022-04-08,Nevada,057,99092,15989,15976,1200,17176,123
2022-04-08,Orange,059,3164182,547771,546983,41389,588372,6912
2022-04-08,Placer,061,380077,62880,62831,7342,70173,616
2022-04-08,Plumas,063,18699,2972,2887,365,3252,13
2022-04-08,Riverside,065,2383286,591934,591268,27797,619065,6429
2022-04-08,Sacramento,067,1510023,281251,277125,26474,303599,2972
2022-04-08,San Benito,069,59416,12904,12917,511,13428,98
2022-04-08,San Bernardino,071,2135413,574968,562571,24947,587518,6892
2022-04-08,San Diego,073,3302833,753223,754281,52941,807222,5210
2022-04-08,San Francisco,075,870044,126363,125963,8317,134280,844
2022-04-08,San Joaquin,077,732212,166644,166547,9933,176480,2212
2022-04-08,San Luis Obispo,079,281455,52586,52609,3764,56373,476
2022-04-08,San Mateo,081,765935,122834,121514,7014,128528,698
2022-04-08,Santa Barbara,083,443738,86032,85754,4705,90459,680
2022-04-08,Santa Clara,085,1922200,313292,313965,12437,326402,2266
2022-04-08,Santa Cruz,087,273765,48128,47624,2103,49727,259
2022-04-08,Shasta,089,179085,30566,30586,6092,36678,549
2022-04-08,Sierra,091,2930,274,272,48,320,4
2022-04-08,Siskiyou,093,43540,4451,4444,2722,7166,80
2022-04-08,Solano,095,438530,81750,81886,5592,87478,448
2022-04-08,Sonoma,097,501317,83986,83600,2665,86265,485
2022-04-08,Stanislaus,099,539301,117591,117528,17844,135372,1578
2022-04-08,Sutter,101,95872,20505,20591,2075,22666,223
2022-04-08,Tehama,103,63373,12046,12059,2574,14633,201
2022-04-08,Trinity,105,12862,1183,1177,287,1464,20
2022-04-08,Tulare,107,460477,106332,105278,27578,132856,1415
2022-04-08,Tuolumne,109,53932,12685,12632,559,13191,180
2022-04-08,Ventura,111,848112,173536,173343,9411,182754,1467
2022-04-08,Yolo,113,214977,37183,36587,3050,39637,312
2022-04-08,Yuba,115,75493,15847,15848,1199,17047,121
2022-04-07,Alameda,001,1643700,257511,256649,13960,270609,1826
2022-04-07,Alpine,003,1148,124,124,1,125,0
2022-04-07,Amador,005,37829,8530,8489,641,9130,86
2022-04-07,Butte,007,227075,33229,33031,6956,39987,399
2022-04-07,Calaveras,009,45235,7268,7260,348,7608,119
2022-04-07,Colusa,011,21464,3453,3449,1047,4496,21
2022-04-07,Contra Costa,013,1133247,191754,189154,13303,202457,1296
2022-04-07,Del Norte,015,27424,5811,5811,184,5995,50
2022-04-07,El Dorado,017,186661,26799,26757,3203,29960,207
2022-04-07,Fresno,019,978130,231718,231090,24004,255094,2731
2022-04-07,Glenn,021,27897,5001,4988,1602,6590,47
2022-04-07,Humboldt,023,135768,16910,16913,2953,19866,141
2022-04-07,Imperial,025,180216,55374,55267,10528,65795,910
2022-04-07,Inyo,027,18085,4078,4071,483,4554,56
2022-04-07,Kern,029,883053,191937,191542,45746,237288,2244
2022-04-07,Kings,031,150075,51505,51519,3505,55024,443
2022-04-07,Lake,033,64148,10715,10690,884,11574,134
2022-04-07,Lassen,035,31185,8959,8948,874,9822,65
2022-04-07,Los Angeles,037,10098052,2718103,2709735,123562,2833297,31509
2022-04-07,Madera,039,155013,37263,37356,6026,43382,354
2022-04-07,Marin,041,260295,33766,33648,2318,35966,288
2022-04-07,Mariposa,043,17540,2404,2394,199,2593,29
2022-04-07,Mendocino,045,87422,13092,13087,3023,16110,120
2022-04-07,Merced,047,269075,62374,62231,8650,70881,811
2022-04-07,Modoc,049,8938,739,743,251,994,8
2022-04-07,Mono,051,14174,2970,2967,122,3089,6
2022-04-07,Monterey,053,433212,79492,79103,13708,92811,727
2022-04-07,Napa,055,140530,25917,25824,959,26783,144
2022-04-07,Nevada,057,99092,15981,15976,1199,17175,123
2022-04-07,Orange,059,3164182,547615,546983,41361,588344,6912
2022-04-07,Placer,061,380077,62863,62831,7339,70170,616
2022-04-07,Plumas,063,18699,2972,2887,365,3252,13
2022-04-07,Riverside,065,2383286,591832,591268,27783,619051,6429
2022-04-07,Sacramento,067,1510023,281185,277125,26467,303592,2972
2022-04-07,San Benito,069,59416,12903,12917,511,13428,98
2022-04-07,San Bernardino,071,2135413,574808,562571,24934,587505,6892
2022-04-07,San Diego,073,3302833,752955,754281,52909,807190,5210
2022-04-07,San Francisco,075,870044,126206,125963,8302,134265,844
2022-04-07,San Joaquin,077,732212,166604,166547,9930,176477,2212
2022-04-07,San Luis Obispo,079,281455,52568,52609,3762,56371,476
2022-04-07,San Mateo,081,765935,122712,121514,6997,128511,698
2022-04-07,Santa Barbara,083,443738,85988,85754,4703,90457,680
2022-04-07,Santa Clara,085,1922200,313069,313965,12425,326390,2266
2022-04-07,Santa Cruz,087,273765,48109,47624,2099,49723,259
2022-04-07,Shasta,089,179085,30564,30586,6092,36678,549
2022-04-07,Sierra,091,2930,274,272,48,320,4
2022-04-07,Siskiyou,093,43540,4451,4444,2721,7165,80
2022-04-07,Solano,095,438530,81720,81886,5592,87478,448
2022-04-07,Sonoma,097,501317,83943,83600,2659,86259,485
2022-04-07,Stanislaus,099,539301,117569,117528,17841,135369,1578
2022-04-07,Sutter,101,95872,20501,20591,2074,22665,223
2022-04-07,Tehama,103,63373,12045,12059,2574,14633,201
2022-04-07,Trinity,105,12862,1183,1177,287,1464,20
2022-04-07,Tulare,107,460477,106326,105278,27577,132855,1415
2022-04-07,Tuolumne,109,53932,12683,12632,558,13190,180
2022-04-07,Ventura,111,848112,173507,173343,9409,182752,1467
2022-04-07,Yolo,113,214977,37165,36587,3050,39637,312
2022-04-07,Yuba,115,75493,15845,15848,1199,17047,121
2022-04-06,Alameda,001,1643700,257326,256143,13953,270096,1814
2022-04-06,Alpine,003,1148,124,124,1,125,0
2022-04-06,Amador,005,37829,8529,8488,641,9129,86
2022-04-06,Butte,007,227075,33224,32997,6954,39951,396
2022-04-06,Calaveras,009,45235,7266,7258,348,7606,120
2022-04-06,Colusa,011,21464,3453,3447,1047,4494,21
2022-04-06,Contra Costa,013,1133247,191688,188850,13288,202138,1296
2022-04-06,Del Norte,015,27424,5811,5809,184,5993,50
2022-04-06,El Dorado,017,186661,26796,26744,3203,29947,205
2022-04-06,Fresno,019,978130,231683,230942,24000,254942,2725
2022-04-06,Glenn,021,27897,5001,4986,1601,6587,47
2022-04-06,Humboldt,023,135768,16906,16904,2952,19856,140
2022-04-06,Imperial,025,180216,55368,55294,10528,65822,908
2022-04-06,Inyo,027,18085,4077,4068,481,4549,56
2022-04-06,Kern,029,883053,191915,191449,45744,237193,2234
2022-04-06,Kings,031,150075,51504,51491,3504,54995,443
2022-04-06,Lake,033,64148,10711,10679,884,11563,136
2022-04-06,Lassen,035,31185,8959,8945,874,9819,65
2022-04-06,Los Angeles,037,10098052,2717054,2707306,123495,2830801,31465
2022-04-06,Madera,039,155013,37259,37349,6026,43375,354
2022-04-06,Marin,041,260295,33746,33566,2310,35876,288
2022-04-06,Mariposa,043,17540,2403,2392,199,2591,29
2022-04-06,Mendocino,045,87422,13088,13074,3022,16096,119
2022-04-06,Merced,047,269075,62365,62195,8646,70841,810
2022-04-06,Modoc,049,8938,739,741,251,992,8
2022-04-06,Mono,051,14174,2969,2967,122,3089,6
2022-04-06,Monterey,053,433212,79479,79019,13700,92719,727
2022-04-06,Napa,055,140530,25898,25790,955,26745,143
2022-04-06,Nevada,057,99092,15979,15974,1199,17173,123
2022-04-06,Orange,059,3164182,547447,546491,41338,587829,6887
2022-04-06,Placer,061,380077,62857,62787,7338,70125,615
2022-04-06,Plumas,063,18699,2972,2850,365,3215,13
2022-04-06,Riverside,065,2383286,591736,590826,27778,618604,6424
2022-04-06,Sacramento,067,1510023,281107,276567,26463,303030,2953
2022-04-06,San Benito,069,59416,12902,12908,511,13419,98
2022-04-06,San Bernardino,071,2135413,574676,561648,24932,586580,6883
2022-04-06,San Diego,073,3302833,752659,753402,52870,806272,5192
2022-04-06,San Francisco,075,870044,126047,125536,8296,133832,843
2022-04-06,San Joaquin,077,732212,166572,166415,9927,176342,2207
2022-04-06,San Luis Obispo,079,281455,52546,52557,3760,56317,475
2022-04-06,San Mateo,081,765935,122604,121041,6985,128026,693
2022-04-06,Santa Barbara,083,443738,85948,85630,4699,90329,679
2022-04-06,Santa Clara,085,1922200,312872,313278,12405,325683,2265
2022-04-06,Santa Cruz,087,273765,48055,47446,2094,49540,259
2022-04-06,Shasta,089,179085,30563,30565,6092,36657,529
2022-04-06,Sierra,091,2930,274,272,48,320,4
2022-04-06,Siskiyou,093,43540,4451,4442,2721,7163,80
2022-04-06,Solano,095,438530,81685,81789,5587,87376,447
2022-04-06,Sonoma,097,501317,83879,83361,2654,86015,485
2022-04-06,Stanislaus,099,539301,117553,117534,17835,135369,1578
2022-04-06,Sutter,101,95872,20496,20581,2074,22655,222
2022-04-06,Tehama,103,63373,12043,12049,2574,14623,198
2022-04-06,Trinity,105,12862,1183,1173,287,1460,20
2022-04-06,Tulare,107,460477,106319,104826,27572,132398,1414
2022-04-06,Tuolumne,109,53932,12681,12621,558,13179,180
2022-04-06,Ventura,111,848112,173454,173179,9403,182582,1460
2022-04-06,Yolo,113,214977,37140,36393,3049,39442,314
2022-04-06,Yuba,115,75493,15840,15839,1199,17038,121
2022-04-05,Alameda,001,1643700,257114,256143,13944,270087,1814
2022-04-05,Alpine,003,1148,124,124,1,125,0
2022-04-05,Amador,005,37829,8527,8488,641,9129,86
2022-04-05,Butte,007,227075,33219,32997,6951,39948,396
2022-04-05,Calaveras,009,45235,7262,7258,348,7606,120
2022-04-05,Colusa,011,21464,3451,3447,1046,4493,21
2022-04-05,Contra Costa,013,1133247,191594,188850,13281,202131,1296
2022-04-05,Del Norte,015,27424,5809,5809,184,5993,50
2022-04-05,El Dorado,017,186661,26784,26744,3203,29947,205
2022-04-05,Fresno,019,978130,231647,230942,23992,254934,2725
2022-04-05,Glenn,021,27897,5001,4986,1600,6586,47
2022-04-05,Humboldt,023,135768,16900,16904,2952,19856,140
2022-04-05,Imperial,025,180216,55366,55294,10528,65822,908
2022-04-05,Inyo,027,18085,4076,4068,480,4548,56
2022-04-05,Kern,029,883053,191895,191449,45741,237190,2234
2022-04-05,Kings,031,150075,51501,51491,3504,54995,443
2022-04-05,Lake,033,64148,10708,10679,884,11563,136
2022-04-05,Lassen,035,31185,8959,8945,874,9819,65
2022-04-05,Los Angeles,037,10098052,2715994,2707306,123421,2830727,31465
2022-04-05,Madera,039,155013,37252,37349,6024,43373,354
2022-04-05,Marin,041,260295,33691,33566,2295,35861,288
2022-04-05,Mariposa,043,17540,2403,2392,199,2591,29
2022-04-05,Mendocino,045,87422,13082,13074,3021,16095,119
2022-04-05,Merced,047,269075,62354,62195,8641,70836,810
2022-04-05,Modoc,049,8938,739,741,251,992,8
2022-04-05,Mono,051,14174,2968,2967,122,3089,6
2022-04-05,Monterey,053,433212,79456,79019,13689,92708,727
2022-04-05,Napa,055,140530,25889,25790,950,26740,143
2022-04-05,Nevada,057,99092,15971,15974,1199,17173,123
2022-04-05,Orange,059,3164182,547266,546491,41309,587800,6887
2022-04-05,Placer,061,380077,62831,62787,7338,70125,615
2022-04-05,Plumas,063,18699,2972,2850,365,3215,13
2022-04-05,Riverside,065,2383286,591616,590826,27766,618592,6424
2022-04-05,Sacramento,067,1510023,281028,276567,26458,303025,2953
2022-04-05,San Benito,069,59416,12895,12908,511,13419,98
2022-04-05,San Bernardino,071,2135413,574545,561648,24922,586570,6883
2022-04-05,San Diego,073,3302833,752351,753402,52826,806228,5192
2022-04-05,San Francisco,075,870044,125844,125536,8288,133824,843
2022-04-05,San Joaquin,077,732212,166529,166415,9924,176339,2207
2022-04-05,San Luis Obispo,079,281455,52529,52557,3755,56312,475
2022-04-05,San Mateo,081,765935,122488,121041,6974,128015,693
2022-04-05,Santa Barbara,083,443738,85912,85630,4698,90328,679
2022-04-05,Santa Clara,085,1922200,312612,313278,12392,325670,2265
2022-04-05,Santa Cruz,087,273765,47988,47446,2091,49537,259
2022-04-05,Shasta,089,179085,30563,30565,6090,36655,529
2022-04-05,Sierra,091,2930,274,272,48,320,4
2022-04-05,Siskiyou,093,43540,4451,4442,2721,7163,80
2022-04-05,Solano,095,438530,81632,81789,5584,87373,447
2022-04-05,Sonoma,097,501317,83815,83361,2645,86006,485
2022-04-05,Stanislaus,099,539301,117539,117534,17826,135360,1578
2022-04-05,Sutter,101,95872,20492,20581,2073,22654,222
2022-04-05,Tehama,103,63373,12041,12049,2573,14622,198
2022-04-05,Trinity,105,12862,1183,1173,287,1460,20
2022-04-05,Tulare,107,460477,106309,104826,27569,132395,1414
2022-04-05,Tuolumne,109,53932,12680,12621,558,13179,180
2022-04-05,Ventura,111,848112,173398,173179,9396,182575,1460
2022-04-05,Yolo,113,214977,37125,36393,3046,39439,314
2022-04-05,Yuba,115,75493,15838,15839,1199,17038,121
2022-04-04,Alameda,001,1643700,256884,256143,13930,270073,1814
2022-04-04,Alpine,003,1148,124,124,1,125,0
2022-04-04,Amador,005,37829,8526,8488,640,9128,86
2022-04-04,Butte,007,227075,33213,32997,6948,39945,396
2022-04-04,Calaveras,009,45235,7262,7258,348,7606,120
2022-04-04,Colusa,011,21464,3450,3447,1046,4493,21
2022-04-04,Contra Costa,013,1133247,191494,188850,13273,202123,1296
2022-04-04,Del Norte,015,27424,5809,5809,184,5993,50
2022-04-04,El Dorado,017,186661,26779,26744,3203,29947,205
2022-04-04,Fresno,019,978130,231629,230942,23987,254929,2725
2022-04-04,Glenn,021,27897,5000,4986,1600,6586,47
2022-04-04,Humboldt,023,135768,16892,16904,2947,19851,140
2022-04-04,Imperial,025,180216,55361,55294,10528,65822,908
2022-04-04,Inyo,027,18085,4076,4068,478,4546,56
2022-04-04,Kern,029,883053,191873,191449,45736,237185,2234
2022-04-04,Kings,031,150075,51495,51491,3504,54995,443
2022-04-04,Lake,033,64148,10703,10679,884,11563,136
2022-04-04,Lassen,035,31185,8959,8945,874,9819,65
2022-04-04,Los Angeles,037,10098052,2714890,2707306,123374,2830680,31465
2022-04-04,Madera,039,155013,37248,37349,6024,43373,354
2022-04-04,Marin,041,260295,33674,33566,2286,35852,288
2022-04-04,Mariposa,043,17540,2402,2392,199,2591,29
2022-04-04,Mendocino,045,87422,13076,13074,3019,16093,119
2022-04-04,Merced,047,269075,62344,62195,8636,70831,810
2022-04-04,Modoc,049,8938,739,741,251,992,8
2022-04-04,Mono,051,14174,2968,2967,122,3089,6
2022-04-04,Monterey,053,433212,79440,79019,13683,92702,727
2022-04-04,Napa,055,140530,25872,25790,949,26739,143
2022-04-04,Nevada,057,99092,15967,15974,1198,17172,123
2022-04-04,Orange,059,3164182,547100,546491,41283,587774,6887
2022-04-04,Placer,061,380077,62821,62787,7337,70124,615
2022-04-04,Plumas,063,18699,2971,2850,365,3215,13
2022-04-04,Riverside,065,2383286,591525,590826,27754,618580,6424
2022-04-04,Sacramento,067,1510023,280937,276567,26450,303017,2953
2022-04-04,San Benito,069,59416,12892,12908,511,13419,98
2022-04-04,San Bernardino,071,2135413,574407,561648,24915,586563,6883
2022-04-04,San Diego,073,3302833,752030,753402,52789,806191,5192
2022-04-04,San Francisco,075,870044,125646,125536,8279,133815,843
2022-04-04,San Joaquin,077,732212,166502,166415,9921,176336,2207
2022-04-04,San Luis Obispo,079,281455,52506,52557,3753,56310,475
2022-04-04,San Mateo,081,765935,122352,121041,6960,128001,693
2022-04-04,Santa Barbara,083,443738,85867,85630,4697,90327,679
2022-04-04,Santa Clara,085,1922200,312343,313278,12380,325658,2265
2022-04-04,Santa Cruz,087,273765,47941,47446,2091,49537,259
2022-04-04,Shasta,089,179085,30560,30565,6089,36654,529
2022-04-04,Sierra,091,2930,274,272,48,320,4
2022-04-04,Siskiyou,093,43540,4451,4442,2721,7163,80
2022-04-04,Solano,095,438530,81586,81789,5581,87370,447
2022-04-04,Sonoma,097,501317,83761,83361,2638,85999,485
2022-04-04,Stanislaus,099,539301,117518,117534,17819,135353,1578
2022-04-04,Sutter,101,95872,20489,20581,2073,22654,222
2022-04-04,Tehama,103,63373,12039,12049,2573,14622,198
2022-04-04,Trinity,105,12862,1183,1173,287,1460,20
2022-04-04,Tulare,107,460477,106299,104826,27566,132392,1414
2022-04-04,Tuolumne,109,53932,12673,12621,558,13179,180
2022-04-04,Ventura,111,848112,173358,173179,9393,182572,1460
2022-04-04,Yolo,113,214977,37111,36393,3044,39437,314
2022-04-04,Yuba,115,75493,15835,15839,1199,17038,121
2022-04-03,Alameda,001,1643700,256629,255650,13928,269578,1813
2022-04-03,Alpine,003,1148,124,124,1,125,0
2022-04-03,Amador,005,37829,8525,8485,640,9125,86
2022-04-03,Butte,007,227075,33206,32981,6946,39927,396
2022-04-03,Calaveras,009,45235,7262,7254,348,7602,119
2022-04-03,Colusa,011,21464,3450,3445,1046,4491,21
2022-04-03,Contra Costa,013,1133247,191388,188658,13263,201921,1291
2022-04-03,Del Norte,015,27424,5809,5812,184,5996,50
2022-04-03,El Dorado,017,186661,26765,26732,3201,29933,200
2022-04-03,Fresno,019,978130,231597,230559,23984,254543,2722
2022-04-03,Glenn,021,27897,5000,4982,1600,6582,47
2022-04-03,Humboldt,023,135768,16887,16898,2947,19845,140
2022-04-03,Imperial,025,180216,55359,55266,10525,65791,908
2022-04-03,Inyo,027,18085,4074,4063,478,4541,56
2022-04-03,Kern,029,883053,191847,191384,45731,237115,2224
2022-04-03,Kings,031,150075,51489,51470,3502,54972,443
2022-04-03,Lake,033,64148,10701,10674,884,11558,136
2022-04-03,Lassen,035,31185,8958,8943,874,9817,65
2022-04-03,Los Angeles,037,10098052,2713696,2703576,123289,2826865,31410
2022-04-03,Madera,039,155013,37246,37333,6023,43356,354
2022-04-03,Marin,041,260295,33639,33493,2278,35771,287
2022-04-03,Mariposa,043,17540,2401,2391,199,2590,29
2022-04-03,Mendocino,045,87422,13070,13058,3018,16076,119
2022-04-03,Merced,047,269075,62329,62149,8630,70779,808
2022-04-03,Modoc,049,8938,738,741,251,992,8
2022-04-03,Mono,051,14174,2968,2967,122,3089,6
2022-04-03,Monterey,053,433212,79423,78964,13658,92622,726
2022-04-03,Napa,055,140530,25853,25757,948,26705,143
2022-04-03,Nevada,057,99092,15961,15962,1197,17159,123
2022-04-03,Orange,059,3164182,546901,546047,41258,587305,6880
2022-04-03,Placer,061,380077,62795,62740,7332,70072,614
2022-04-03,Plumas,063,18699,2970,2803,365,3168,14
2022-04-03,Riverside,065,2383286,591369,590563,27739,618302,6418
2022-04-03,Sacramento,067,1510023,280861,276218,26437,302655,2950
2022-04-03,San Benito,069,59416,12888,12901,511,13412,98
2022-04-03,San Bernardino,071,2135413,574261,561362,24912,586274,6865
2022-04-03,San Diego,073,3302833,751700,752281,52752,805033,5178
2022-04-03,San Francisco,075,870044,125415,125075,8273,133348,843
2022-04-03,San Joaquin,077,732212,166445,166336,9916,176252,2202
2022-04-03,San Luis Obispo,079,281455,52487,52512,3753,56265,475
2022-04-03,San Mateo,081,765935,122212,120717,6953,127670,693
2022-04-03,Santa Barbara,083,443738,85822,85611,4695,90306,678
2022-04-03,Santa Clara,085,1922200,312044,312517,12371,324888,2258
2022-04-03,Santa Cruz,087,273765,47886,47371,2089,49460,259
2022-04-03,Shasta,089,179085,30550,30556,6088,36644,530
2022-04-03,Sierra,091,2930,274,273,48,321,4
2022-04-03,Siskiyou,093,43540,4451,4439,2721,7160,80
2022-04-03,Solano,095,438530,81545,81848,5575,87423,446
2022-04-03,Sonoma,097,501317,83683,83235,2630,85865,485
2022-04-03,Stanislaus,099,539301,117487,117536,17813,135349,1581
2022-04-03,Sutter,101,95872,20486,20570,2073,22643,222
2022-04-03,Tehama,103,63373,12037,12046,2573,14619,198
2022-04-03,Trinity,105,12862,1183,1173,287,1460,20
2022-04-03,Tulare,107,460477,106292,104736,27557,132293,1410
2022-04-03,Tuolumne,109,53932,12672,12618,558,13176,180
2022-04-03,Ventura,111,848112,173305,173044,9389,182433,1460
2022-04-03,Yolo,113,214977,37090,36347,3042,39389,313
2022-04-03,Yuba,115,75493,15833,15835,1199,17034,120
2022-04-02,Alameda,001,1643700,256527,255650,13928,269578,1813
2022-04-02,Alpine,003,1148,124,124,1,125,0
2022-04-02,Amador,005,37829,8525,8485,640,9125,86
2022-04-02,Butte,007,227075,33202,32981,6945,39926,396
2022-04-02,Calaveras,009,45235,7262,7254,348,7602,119
2022-04-02,Colusa,011,21464,3450,3445,1046,4491,21
2022-04-02,Contra Costa,013,1133247,191329,188658,13260,201918,1291
2022-04-02,Del Norte,015,27424,5808,5812,184,5996,50
2022-04-02,El Dorado,017,186661,26762,26732,3201,29933,200
2022-04-02,Fresno,019,978130,231568,230559,23984,254543,2722
2022-04-02,Glenn,021,27897,5000,4982,1600,6582,47
2022-04-02,Humboldt,023,135768,16883,16898,2947,19845,140
2022-04-02,Imperial,025,180216,55356,55266,10525,65791,908
2022-04-02,Inyo,027,18085,4074,4063,478,4541,56
2022-04-02,Kern,029,883053,191832,191384,45727,237111,2224
2022-04-02,Kings,031,150075,51486,51470,3502,54972,443
2022-04-02,Lake,033,64148,10700,10674,884,11558,136
2022-04-02,Lassen,035,31185,8958,8943,874,9817,65
2022-04-02,Los Angeles,037,10098052,2713185,2703576,123248,2826824,31410
2022-04-02,Madera,039,155013,37243,37333,6023,43356,354
2022-04-02,Marin,041,260295,33616,33493,2270,35763,287
2022-04-02,Mariposa,043,17540,2400,2391,199,2590,29
2022-04-02,Mendocino,045,87422,13068,13058,3018,16076,119
2022-04-02,Merced,047,269075,62326,62149,8630,70779,808
2022-04-02,Modoc,049,8938,738,741,251,992,8
2022-04-02,Mono,051,14174,2968,2967,121,3088,6
2022-04-02,Monterey,053,433212,79410,78964,13652,92616,726
2022-04-02,Napa,055,140530,25839,25757,947,26704,143
2022-04-02,Nevada,057,99092,15957,15962,1196,17158,123
2022-04-02,Orange,059,3164182,546795,546047,41246,587293,6880
2022-04-02,Placer,061,380077,62784,62740,7330,70070,614
2022-04-02,Plumas,063,18699,2970,2803,365,3168,14
2022-04-02,Riverside,065,2383286,591295,590563,27734,618297,6418
2022-04-02,Sacramento,067,1510023,280822,276218,26436,302654,2950
2022-04-02,San Benito,069,59416,12887,12901,511,13412,98
2022-04-02,San Bernardino,071,2135413,574210,561362,24909,586271,6865
2022-04-02,San Diego,073,3302833,751576,752281,52742,805023,5178
2022-04-02,San Francisco,075,870044,125311,125075,8265,133340,843
2022-04-02,San Joaquin,077,732212,166424,166336,9914,176250,2202
2022-04-02,San Luis Obispo,079,281455,52482,52512,3753,56265,475
2022-04-02,San Mateo,081,765935,122117,120717,6944,127661,693
2022-04-02,Santa Barbara,083,443738,85803,85611,4694,90305,678
2022-04-02,Santa Clara,085,1922200,311878,312517,12367,324884,2258
2022-04-02,Santa Cruz,087,273765,47874,47371,2088,49459,259
2022-04-02,Shasta,089,179085,30549,30556,6088,36644,530
2022-04-02,Sierra,091,2930,274,273,48,321,4
2022-04-02,Siskiyou,093,43540,4450,4439,2720,7159,80
2022-04-02,Solano,095,438530,81530,81848,5574,87422,446
2022-04-02,Sonoma,097,501317,83635,83235,2624,85859,485
2022-04-02,Stanislaus,099,539301,117478,117536,17811,135347,1581
2022-04-02,Sutter,101,95872,20481,20570,2073,22643,222
2022-04-02,Tehama,103,63373,12037,12046,2573,14619,198
2022-04-02,Trinity,105,12862,1183,1173,287,1460,20
2022-04-02,Tulare,107,460477,106288,104736,27557,132293,1410
2022-04-02,Tuolumne,109,53932,12670,12618,558,13176,180
2022-04-02,Ventura,111,848112,173264,173044,9389,182433,1460
2022-04-02,Yolo,113,214977,37078,36347,3039,39386,313
2022-04-02,Yuba,115,75493,15832,15835,1199,17034,120
2022-04-01,Alameda,001,1643700,256411,255650,13923,269573,1813
2022-04-01,Alpine,003,1148,124,124,1,125,0
2022-04-01,Amador,005,37829,8525,8485,640,9125,86
2022-04-01,Butte,007,227075,33198,32981,6942,39923,396
2022-04-01,Calaveras,009,45235,7260,7254,348,7602,119
2022-04-01,Colusa,011,21464,3449,3445,1046,4491,21
2022-04-01,Contra Costa,013,1133247,191277,188658,13259,201917,1291
2022-04-01,Del Norte,015,27424,5806,5812,184,5996,50
2022-04-01,El Dorado,017,186661,26759,26732,3200,29932,200
2022-04-01,Fresno,019,978130,231543,230559,23982,254541,2722
2022-04-01,Glenn,021,27897,5000,4982,1600,6582,47
2022-04-01,Humboldt,023,135768,16881,16898,2947,19845,140
2022-04-01,Imperial,025,180216,55354,55266,10525,65791,908
2022-04-01,Inyo,027,18085,4072,4063,477,4540,56
2022-04-01,Kern,029,883053,191821,191384,45724,237108,2224
2022-04-01,Kings,031,150075,51483,51470,3502,54972,443
2022-04-01,Lake,033,64148,10697,10674,884,11558,136
2022-04-01,Lassen,035,31185,8957,8943,874,9817,65
2022-04-01,Los Angeles,037,10098052,2712688,2703576,123205,2826781,31410
2022-04-01,Madera,039,155013,37242,37333,6023,43356,354
2022-04-01,Marin,041,260295,33598,33493,2263,35756,287
2022-04-01,Mariposa,043,17540,2397,2391,199,2590,29
2022-04-01,Mendocino,045,87422,13065,13058,3017,16075,119
2022-04-01,Merced,047,269075,62319,62149,8629,70778,808
2022-04-01,Modoc,049,8938,738,741,251,992,8
2022-04-01,Mono,051,14174,2968,2967,121,3088,6
2022-04-01,Monterey,053,433212,79392,78964,13649,92613,726
2022-04-01,Napa,055,140530,25829,25757,947,26704,143
2022-04-01,Nevada,057,99092,15957,15962,1195,17157,123
2022-04-01,Orange,059,3164182,546688,546047,41238,587285,6880
2022-04-01,Placer,061,380077,62770,62740,7330,70070,614
2022-04-01,Plumas,063,18699,2970,2803,364,3167,14
2022-04-01,Riverside,065,2383286,591229,590563,27721,618284,6418
2022-04-01,Sacramento,067,1510023,280783,276218,26432,302650,2950
2022-04-01,San Benito,069,59416,12886,12901,511,13412,98
2022-04-01,San Bernardino,071,2135413,574154,561362,24905,586267,6865
2022-04-01,San Diego,073,3302833,751429,752281,52726,805007,5178
2022-04-01,San Francisco,075,870044,125200,125075,8259,133334,843
2022-04-01,San Joaquin,077,732212,166404,166336,9912,176248,2202
2022-04-01,San Luis Obispo,079,281455,52476,52512,3752,56264,475
2022-04-01,San Mateo,081,765935,122055,120717,6938,127655,693
2022-04-01,Santa Barbara,083,443738,85783,85611,4694,90305,678
2022-04-01,Santa Clara,085,1922200,311728,312517,12366,324883,2258
2022-04-01,Santa Cruz,087,273765,47859,47371,2086,49457,259
2022-04-01,Shasta,089,179085,30548,30556,6088,36644,530
2022-04-01,Sierra,091,2930,274,273,48,321,4
2022-04-01,Siskiyou,093,43540,4450,4439,2719,7158,80
2022-04-01,Solano,095,438530,81515,81848,5574,87422,446
2022-04-01,Sonoma,097,501317,83591,83235,2623,85858,485
2022-04-01,Stanislaus,099,539301,117466,117536,17808,135344,1581
2022-04-01,Sutter,101,95872,20481,20570,2073,22643,222
2022-04-01,Tehama,103,63373,12037,12046,2573,14619,198
2022-04-01,Trinity,105,12862,1183,1173,287,1460,20
2022-04-01,Tulare,107,460477,106283,104736,27553,132289,1410
2022-04-01,Tuolumne,109,53932,12669,12618,558,13176,180
2022-04-01,Ventura,111,848112,173233,173044,9385,182429,1460
2022-04-01,Yolo,113,214977,37064,36347,3038,39385,313
2022-04-01,Yuba,115,75493,15831,15835,1199,17034,120
2022-03-31,Alameda,001,1643700,256234,255650,13910,269560,1813
2022-03-31,Alpine,003,1148,124,124,1,125,0
2022-03-31,Amador,005,37829,8525,8485,640,9125,86
2022-03-31,Butte,007,227075,33194,32981,6939,39920,396
2022-03-31,Calaveras,009,45235,7257,7254,348,7602,119
2022-03-31,Colusa,011,21464,3448,3445,1046,4491,21
2022-03-31,Contra Costa,013,1133247,191181,188658,13253,201911,1291
2022-03-31,Del Norte,015,27424,5805,5812,184,5996,50
2022-03-31,El Dorado,017,186661,26751,26732,3200,29932,200
2022-03-31,Fresno,019,978130,231508,230559,23961,254520,2722
2022-03-31,Glenn,021,27897,4999,4982,1600,6582,47
2022-03-31,Humboldt,023,135768,16877,16898,2947,19845,140
2022-03-31,Imperial,025,180216,55351,55266,10524,65790,908
2022-03-31,Inyo,027,18085,4071,4063,474,4537,56
2022-03-31,Kern,029,883053,191806,191384,45715,237099,2224
2022-03-31,Kings,031,150075,51474,51470,3502,54972,443
2022-03-31,Lake,033,64148,10696,10674,883,11557,136
2022-03-31,Lassen,035,31185,8955,8943,874,9817,65
2022-03-31,Los Angeles,037,10098052,2711943,2703576,123152,2826728,31410
2022-03-31,Madera,039,155013,37239,37333,6023,43356,354
2022-03-31,Marin,041,260295,33572,33493,2251,35744,287
2022-03-31,Mariposa,043,17540,2396,2391,198,2589,29
2022-03-31,Mendocino,045,87422,13061,13058,3017,16075,119
2022-03-31,Merced,047,269075,62314,62149,8626,70775,808
2022-03-31,Modoc,049,8938,738,741,251,992,8
2022-03-31,Mono,051,14174,2968,2967,121,3088,6
2022-03-31,Monterey,053,433212,79375,78964,13638,92602,726
2022-03-31,Napa,055,140530,25822,25757,945,26702,143
2022-03-31,Nevada,057,99092,15950,15962,1194,17156,123
2022-03-31,Orange,059,3164182,546541,546047,41224,587271,6880
2022-03-31,Placer,061,380077,62745,62740,7327,70067,614
2022-03-31,Plumas,063,18699,2970,2803,363,3166,14
2022-03-31,Riverside,065,2383286,591119,590563,27718,618281,6418
2022-03-31,Sacramento,067,1510023,280709,276218,26424,302642,2950
2022-03-31,San Benito,069,59416,12885,12901,511,13412,98
2022-03-31,San Bernardino,071,2135413,574057,561362,24894,586256,6865
2022-03-31,San Diego,073,3302833,751193,752281,52698,804979,5178
2022-03-31,San Francisco,075,870044,125043,125075,8247,133322,843
2022-03-31,San Joaquin,077,732212,166370,166336,9898,176234,2202
2022-03-31,San Luis Obispo,079,281455,52462,52512,3751,56263,475
2022-03-31,San Mateo,081,765935,121945,120717,6936,127653,693
2022-03-31,Santa Barbara,083,443738,85753,85611,4694,90305,678
2022-03-31,Santa Clara,085,1922200,311501,312517,12354,324871,2258
2022-03-31,Santa Cruz,087,273765,47840,47371,2084,49455,259
2022-03-31,Shasta,089,179085,30542,30556,6088,36644,530
2022-03-31,Sierra,091,2930,271,273,48,321,4
2022-03-31,Siskiyou,093,43540,4448,4439,2719,7158,80
2022-03-31,Solano,095,438530,81486,81848,5571,87419,446
2022-03-31,Sonoma,097,501317,83548,83235,2617,85852,485
2022-03-31,Stanislaus,099,539301,117449,117536,17803,135339,1581
2022-03-31,Sutter,101,95872,20478,20570,2072,22642,222
2022-03-31,Tehama,103,63373,12036,12046,2572,14618,198
2022-03-31,Trinity,105,12862,1183,1173,287,1460,20
2022-03-31,Tulare,107,460477,106273,104736,27545,132281,1410
2022-03-31,Tuolumne,109,53932,12668,12618,558,13176,180
2022-03-31,Ventura,111,848112,173193,173044,9382,182426,1460
2022-03-31,Yolo,113,214977,37048,36347,3038,39385,313
2022-03-31,Yuba,115,75493,15831,15835,1196,17031,120
2022-03-30,Alameda,001,1643700,256101,255467,13902,269369,1812
2022-03-30,Alpine,003,1148,124,124,1,125,0
2022-03-30,Amador,005,37829,8525,8485,640,9125,86
2022-03-30,Butte,007,227075,33189,32968,6933,39901,396
2022-03-30,Calaveras,009,45235,7255,7253,347,7600,119
2022-03-30,Colusa,011,21464,3448,3445,1046,4491,21
2022-03-30,Contra Costa,013,1133247,191119,188496,13242,201738,1291
2022-03-30,Del Norte,015,27424,5803,5808,184,5992,50
2022-03-30,El Dorado,017,186661,26743,26722,3200,29922,200
2022-03-30,Fresno,019,978130,231497,230448,23955,254403,2720
2022-03-30,Glenn,021,27897,4998,4982,1600,6582,47
2022-03-30,Humboldt,023,135768,16874,16894,2947,19841,140
2022-03-30,Imperial,025,180216,55347,55252,10521,65773,908
2022-03-30,Inyo,027,18085,4070,4062,472,4534,56
2022-03-30,Kern,029,883053,191778,191363,45710,237073,2219
2022-03-30,Kings,031,150075,51468,51446,3501,54947,443
2022-03-30,Lake,033,64148,10695,10674,883,11557,136
2022-03-30,Lassen,035,31185,8955,8943,874,9817,65
2022-03-30,Los Angeles,037,10098052,2711117,2702536,123097,2825633,31384
2022-03-30,Madera,039,155013,37233,37330,6022,43352,354
2022-03-30,Marin,041,260295,33552,33453,2232,35685,287
2022-03-30,Mariposa,043,17540,2396,2390,198,2588,27
2022-03-30,Mendocino,045,87422,13057,13055,3014,16069,118
2022-03-30,Merced,047,269075,62309,62136,8621,70757,808
2022-03-30,Modoc,049,8938,738,739,251,990,8
2022-03-30,Mono,051,14174,2967,2967,121,3088,6
2022-03-30,Monterey,053,433212,79358,78911,13631,92542,726
2022-03-30,Napa,055,140530,25810,25745,944,26689,141
2022-03-30,Nevada,057,99092,15947,15960,1192,17152,123
2022-03-30,Orange,059,3164182,546391,545895,41202,587097,6876
2022-03-30,Placer,061,380077,62730,62705,7323,70028,614
2022-03-30,Plumas,063,18699,2970,2762,361,3123,13
2022-03-30,Riverside,065,2383286,591036,590437,27705,618142,6411
2022-03-30,Sacramento,067,1510023,280641,276081,26417,302498,2949
2022-03-30,San Benito,069,59416,12881,12898,511,13409,98
2022-03-30,San Bernardino,071,2135413,573974,561153,24890,586043,6863
2022-03-30,San Diego,073,3302833,750961,751684,52671,804355,5169
2022-03-30,San Francisco,075,870044,124938,124930,8238,133168,841
2022-03-30,San Joaquin,077,732212,166342,166299,9892,176191,2201
2022-03-30,San Luis Obispo,079,281455,52448,52484,3747,56231,475
2022-03-30,San Mateo,081,765935,121845,120548,6936,127484,693
2022-03-30,Santa Barbara,083,443738,85731,85488,4691,90179,677
2022-03-30,Santa Clara,085,1922200,311320,312253,12334,324587,2258
2022-03-30,Santa Cruz,087,273765,47784,47340,2083,49423,259
2022-03-30,Shasta,089,179085,30539,30555,6088,36643,530
2022-03-30,Sierra,091,2930,271,273,48,321,4
2022-03-30,Siskiyou,093,43540,4448,4439,2719,7158,80
2022-03-30,Solano,095,438530,81467,81816,5567,87383,443
2022-03-30,Sonoma,097,501317,83511,83163,2616,85779,485
2022-03-30,Stanislaus,099,539301,117436,117593,17800,135393,1559
2022-03-30,Sutter,101,95872,20473,20565,2072,22637,222
2022-03-30,Tehama,103,63373,12035,12045,2571,14616,198
2022-03-30,Trinity,105,12862,1182,1173,287,1460,20
2022-03-30,Tulare,107,460477,106267,104667,27538,132205,1410
2022-03-30,Tuolumne,109,53932,12666,12616,558,13174,180
2022-03-30,Ventura,111,848112,173152,172984,9374,182358,1460
2022-03-30,Yolo,113,214977,37038,36325,3035,39360,313
2022-03-30,Yuba,115,75493,15829,15830,1196,17026,120
2022-03-29,Alameda,001,1643700,255975,255261,13892,269153,1810
2022-03-29,Alpine,003,1148,124,124,1,125,0
2022-03-29,Amador,005,37829,8525,8483,640,9123,86
2022-03-29,Butte,007,227075,33186,32954,6933,39887,396
2022-03-29,Calaveras,009,45235,7254,7250,346,7596,119
2022-03-29,Colusa,011,21464,3448,3445,1046,4491,21
2022-03-29,Contra Costa,013,1133247,191030,188359,13234,201593,1290
2022-03-29,Del Norte,015,27424,5803,5806,183,5989,50
2022-03-29,El Dorado,017,186661,26738,26706,3200,29906,200
2022-03-29,Fresno,019,978130,231469,230256,23951,254207,2718
2022-03-29,Glenn,021,27897,4998,4983,1600,6583,47
2022-03-29,Humboldt,023,135768,16871,16892,2944,19836,140
2022-03-29,Imperial,025,180216,55333,55233,10520,65753,908
2022-03-29,Inyo,027,18085,4068,4062,471,4533,56
2022-03-29,Kern,029,883053,191746,191338,45703,237041,2220
2022-03-29,Kings,031,150075,51461,51416,3500,54916,443
2022-03-29,Lake,033,64148,10691,10674,883,11557,136
2022-03-29,Lassen,035,31185,8954,8943,874,9817,65
2022-03-29,Los Angeles,037,10098052,2710288,2702005,123051,2825056,31378
2022-03-29,Madera,039,155013,37225,37325,6019,43344,354
2022-03-29,Marin,041,260295,33532,33431,2227,35658,287
2022-03-29,Mariposa,043,17540,2396,2388,198,2586,23
2022-03-29,Mendocino,045,87422,13053,13053,3013,16066,119
2022-03-29,Merced,047,269075,62296,62123,8620,70743,806
2022-03-29,Modoc,049,8938,736,737,251,988,8
2022-03-29,Mono,051,14174,2967,2966,121,3087,5
2022-03-29,Monterey,053,433212,79345,78774,13623,92397,725
2022-03-29,Napa,055,140530,25803,25732,944,26676,141
2022-03-29,Nevada,057,99092,15939,15956,1192,17148,123
2022-03-29,Orange,059,3164182,546243,545832,41186,587018,6871
2022-03-29,Placer,061,380077,62712,62687,7318,70005,614
2022-03-29,Plumas,063,18699,2968,2761,361,3122,13
2022-03-29,Riverside,065,2383286,590936,590359,27697,618056,6403
2022-03-29,Sacramento,067,1510023,280575,276040,26406,302446,2946
2022-03-29,San Benito,069,59416,12879,12892,511,13403,97
2022-03-29,San Bernardino,071,2135413,573877,561026,24882,585908,6860
2022-03-29,San Diego,073,3302833,750717,751240,52648,803888,5159
2022-03-29,San Francisco,075,870044,124787,124789,8232,133021,840
2022-03-29,San Joaquin,077,732212,166306,166241,9884,176125,2198
2022-03-29,San Luis Obispo,079,281455,52432,52455,3743,56198,472
2022-03-29,San Mateo,081,765935,121751,120435,6933,127368,686
2022-03-29,Santa Barbara,083,443738,85708,85464,4691,90155,676
2022-03-29,Santa Clara,085,1922200,311080,312067,12317,324384,2259
2022-03-29,Santa Cruz,087,273765,47764,47323,2082,49405,259
2022-03-29,Shasta,089,179085,30532,30552,6086,36638,529
2022-03-29,Sierra,091,2930,271,273,48,321,4
2022-03-29,Siskiyou,093,43540,4448,4439,2718,7157,80
2022-03-29,Solano,095,438530,81445,81713,5564,87277,441
2022-03-29,Sonoma,097,501317,83478,83130,2610,85740,485
2022-03-29,Stanislaus,099,539301,117417,117683,17794,135477,1559
2022-03-29,Sutter,101,95872,20471,20556,2071,22627,221
2022-03-29,Tehama,103,63373,12033,12045,2571,14616,198
2022-03-29,Trinity,105,12862,1182,1173,287,1460,20
2022-03-29,Tulare,107,460477,106262,104622,27533,132155,1406
2022-03-29,Tuolumne,109,53932,12664,12615,558,13173,180
2022-03-29,Ventura,111,848112,173097,172946,9373,182319,1460
2022-03-29,Yolo,113,214977,37025,36296,3034,39330,313
2022-03-29,Yuba,115,75493,15825,15824,1195,17019,117
2022-03-28,Alameda,001,1643700,255822,255192,13882,269074,1808
2022-03-28,Alpine,003,1148,124,124,1,125,0
2022-03-28,Amador,005,37829,8524,8480,640,9120,86
2022-03-28,Butte,007,227075,33169,32947,6933,39880,392
2022-03-28,Calaveras,009,45235,7254,7247,346,7593,119
2022-03-28,Colusa,011,21464,3448,3445,1046,4491,21
2022-03-28,Contra Costa,013,1133247,190950,188305,13229,201534,1290
2022-03-28,Del Norte,015,27424,5801,5834,183,6017,50
2022-03-28,El Dorado,017,186661,26731,26703,3198,29901,200
2022-03-28,Fresno,019,978130,231441,230144,23934,254078,2717
2022-03-28,Glenn,021,27897,4997,4983,1600,6583,47
2022-03-28,Humboldt,023,135768,16870,16916,2944,19860,140
2022-03-28,Imperial,025,180216,55323,55245,10520,65765,909
2022-03-28,Inyo,027,18085,4067,4062,471,4533,56
2022-03-28,Kern,029,883053,191720,191333,45694,237027,2212
2022-03-28,Kings,031,150075,51448,51405,3500,54905,443
2022-03-28,Lake,033,64148,10689,10673,883,11556,136
2022-03-28,Lassen,035,31185,8954,8946,874,9820,63
2022-03-28,Los Angeles,037,10098052,2709408,2700997,123012,2824009,31349
2022-03-28,Madera,039,155013,37221,37324,6019,43343,354
2022-03-28,Marin,041,260295,33507,33391,2222,35613,287
2022-03-28,Mariposa,043,17540,2395,2388,198,2586,23
2022-03-28,Mendocino,045,87422,13051,13046,3012,16058,118
2022-03-28,Merced,047,269075,62286,62116,8615,70731,805
2022-03-28,Modoc,049,8938,735,736,251,987,7
2022-03-28,Mono,051,14174,2967,2966,121,3087,5
2022-03-28,Monterey,053,433212,79312,78784,13619,92403,724
2022-03-28,Napa,055,140530,25797,25723,943,26666,140
2022-03-28,Nevada,057,99092,15937,15969,1192,17161,123
2022-03-28,Orange,059,3164182,546114,545700,41160,586860,6860
2022-03-28,Placer,061,380077,62692,62687,7317,70004,613
2022-03-28,Plumas,063,18699,2967,2760,361,3121,13
2022-03-28,Riverside,065,2383286,590837,590298,27689,617987,6397
2022-03-28,Sacramento,067,1510023,280506,275889,26394,302283,2946
2022-03-28,San Benito,069,59416,12879,12889,511,13400,97
2022-03-28,San Bernardino,071,2135413,573794,560836,24871,585707,6858
2022-03-28,San Diego,073,3302833,750478,750659,52614,803273,5155
2022-03-28,San Francisco,075,870044,124647,124678,8222,132900,839
2022-03-28,San Joaquin,077,732212,166274,166247,9882,176129,2196
2022-03-28,San Luis Obispo,079,281455,52407,52434,3740,56174,470
2022-03-28,San Mateo,081,765935,121637,120337,6926,127263,686
2022-03-28,Santa Barbara,083,443738,85680,85442,4689,90131,675
2022-03-28,Santa Clara,085,1922200,310851,311953,12308,324261,2257
2022-03-28,Santa Cruz,087,273765,47731,47324,2082,49406,259
2022-03-28,Shasta,089,179085,30531,30550,6085,36635,527
2022-03-28,Sierra,091,2930,271,273,48,321,4
2022-03-28,Siskiyou,093,43540,4447,4438,2718,7156,80
2022-03-28,Solano,095,438530,81417,81704,5559,87263,441
2022-03-28,Sonoma,097,501317,83432,83105,2605,85710,485
2022-03-28,Stanislaus,099,539301,117405,117783,17789,135572,1562
2022-03-28,Sutter,101,95872,20465,20549,2071,22620,221
2022-03-28,Tehama,103,63373,12033,12041,2571,14612,200
2022-03-28,Trinity,105,12862,1182,1173,287,1460,20
2022-03-28,Tulare,107,460477,106250,104576,27527,132103,1404
2022-03-28,Tuolumne,109,53932,12664,12627,558,13185,180
2022-03-28,Ventura,111,848112,173058,172867,9372,182239,1455
2022-03-28,Yolo,113,214977,37007,36282,3032,39314,312
2022-03-28,Yuba,115,75493,15824,15821,1193,17014,117
2022-03-27,Alameda,001,1643700,255636,255132,13873,269005,1809
2022-03-27,Alpine,003,1148,124,124,1,125,0
2022-03-27,Amador,005,37829,8521,8480,640,9120,86
2022-03-27,Butte,007,227075,33156,32943,6927,39870,392
2022-03-27,Calaveras,009,45235,7252,7245,346,7591,119
2022-03-27,Colusa,011,21464,3448,3445,1046,4491,21
2022-03-27,Contra Costa,013,1133247,190835,188251,13212,201463,1290
2022-03-27,Del Norte,015,27424,5800,5836,183,6019,50
2022-03-27,El Dorado,017,186661,26717,26699,3195,29894,200
2022-03-27,Fresno,019,978130,231394,230049,23916,253965,2717
2022-03-27,Glenn,021,27897,4995,4983,1600,6583,47
2022-03-27,Humboldt,023,135768,16866,16920,2944,19864,140
2022-03-27,Imperial,025,180216,55310,55240,10519,65759,909
2022-03-27,Inyo,027,18085,4066,4062,469,4531,56
2022-03-27,Kern,029,883053,191682,191332,45688,237020,2213
2022-03-27,Kings,031,150075,51439,51400,3500,54900,443
2022-03-27,Lake,033,64148,10688,10672,882,11554,136
2022-03-27,Lassen,035,31185,8954,8946,874,9820,63
2022-03-27,Los Angeles,037,10098052,2708598,2700983,122965,2823948,31348
2022-03-27,Madera,039,155013,37217,37323,6017,43340,354
2022-03-27,Marin,041,260295,33470,33391,2212,35603,287
2022-03-27,Mariposa,043,17540,2395,2390,198,2588,23
2022-03-27,Mendocino,045,87422,13047,13046,3010,16056,118
2022-03-27,Merced,047,269075,62276,62110,8614,70724,805
2022-03-27,Modoc,049,8938,734,736,249,985,7
2022-03-27,Mono,051,14174,2967,2966,121,3087,5
2022-03-27,Monterey,053,433212,79291,78778,13607,92385,724
2022-03-27,Napa,055,140530,25781,25723,943,26666,140
2022-03-27,Nevada,057,99092,15933,15967,1190,17157,123
2022-03-27,Orange,059,3164182,545980,545644,41126,586770,6860
2022-03-27,Placer,061,380077,62674,62680,7316,69996,613
2022-03-27,Plumas,063,18699,2966,2760,359,3119,13
2022-03-27,Riverside,065,2383286,590751,590251,27678,617929,6395
2022-03-27,Sacramento,067,1510023,280425,275854,26387,302241,2941
2022-03-27,San Benito,069,59416,12874,12889,510,13399,97
2022-03-27,San Bernardino,071,2135413,573678,560853,24869,585722,6862
2022-03-27,San Diego,073,3302833,750222,750659,52591,803250,5155
2022-03-27,San Francisco,075,870044,124461,124619,8211,132830,839
2022-03-27,San Joaquin,077,732212,166238,166238,9878,176116,2196
2022-03-27,San Luis Obispo,079,281455,52386,52430,3738,56168,470
2022-03-27,San Mateo,081,765935,121533,120324,6920,127244,686
2022-03-27,Santa Barbara,083,443738,85644,85434,4687,90121,675
2022-03-27,Santa Clara,085,1922200,310640,311822,12301,324123,2257
2022-03-27,Santa Cruz,087,273765,47698,47321,2080,49401,259
2022-03-27,Shasta,089,179085,30527,30550,6083,36633,527
2022-03-27,Sierra,091,2930,271,273,48,321,4
2022-03-27,Siskiyou,093,43540,4447,4436,2717,7153,80
2022-03-27,Solano,095,438530,81375,81691,5556,87247,441
2022-03-27,Sonoma,097,501317,83379,83088,2601,85689,485
2022-03-27,Stanislaus,099,539301,117385,117778,17786,135564,1562
2022-03-27,Sutter,101,95872,20459,20545,2071,22616,221
2022-03-27,Tehama,103,63373,12033,12040,2571,14611,200
2022-03-27,Trinity,105,12862,1182,1173,287,1460,20
2022-03-27,Tulare,107,460477,106241,104582,27518,132100,1404
2022-03-27,Tuolumne,109,53932,12663,12628,558,13186,180
2022-03-27,Ventura,111,848112,173013,172831,9370,182201,1455
2022-03-27,Yolo,113,214977,36986,36232,3029,39261,312
2022-03-27,Yuba,115,75493,15821,15821,1186,17007,117
2022-03-26,Alameda,001,1643700,255556,254691,13872,268563,1803
2022-03-26,Alpine,003,1148,124,124,1,125,0
2022-03-26,Amador,005,37829,8521,8476,640,9116,86
2022-03-26,Butte,007,227075,33152,32929,6925,39854,391
2022-03-26,Calaveras,009,45235,7250,7240,346,7586,120
2022-03-26,Colusa,011,21464,3446,3445,1046,4491,21
2022-03-26,Contra Costa,013,1133247,190782,187990,13209,201199,1285
2022-03-26,Del Norte,015,27424,5798,5831,183,6014,50
2022-03-26,El Dorado,017,186661,26709,26674,3193,29867,200
2022-03-26,Fresno,019,978130,231371,229799,23915,253714,2710
2022-03-26,Glenn,021,27897,4994,4978,1600,6578,47
2022-03-26,Humboldt,023,135768,16862,16911,2944,19855,139
2022-03-26,Imperial,025,180216,55304,55230,10518,65748,913
2022-03-26,Inyo,027,18085,4066,4060,468,4528,56
2022-03-26,Kern,029,883053,191668,191288,45684,236972,2201
2022-03-26,Kings,031,150075,51438,51397,3500,54897,444
2022-03-26,Lake,033,64148,10688,10659,882,11541,136
2022-03-26,Lassen,035,31185,8954,8944,874,9818,63
2022-03-26,Los Angeles,037,10098052,2708142,2698028,122923,2820951,31291
2022-03-26,Madera,039,155013,37214,37321,6015,43336,354
2022-03-26,Marin,041,260295,33460,33317,2208,35525,287
2022-03-26,Mariposa,043,17540,2395,2386,198,2584,23
2022-03-26,Mendocino,045,87422,13043,13038,3010,16048,118
2022-03-26,Merced,047,269075,62270,62083,8612,70695,805
2022-03-26,Modoc,049,8938,734,736,249,985,7
2022-03-26,Mono,051,14174,2967,2966,121,3087,5
2022-03-26,Monterey,053,433212,79284,78688,13605,92293,724
2022-03-26,Napa,055,140530,25777,25701,943,26644,139
2022-03-26,Nevada,057,99092,15929,15960,1190,17150,123
2022-03-26,Orange,059,3164182,545903,545294,41115,586409,6853
2022-03-26,Placer,061,380077,62662,62634,7312,69946,613
2022-03-26,Plumas,063,18699,2966,2758,358,3116,13
2022-03-26,Riverside,065,2383286,590682,590060,27677,617737,6397
2022-03-26,Sacramento,067,1510023,280392,275529,26385,301914,2935
2022-03-26,San Benito,069,59416,12874,12885,510,13395,97
2022-03-26,San Bernardino,071,2135413,573619,560742,24865,585607,6840
2022-03-26,San Diego,073,3302833,750098,750170,52584,802754,5146
2022-03-26,San Francisco,075,870044,124355,124265,8205,132470,839
2022-03-26,San Joaquin,077,732212,166217,166079,9877,175956,2195
2022-03-26,San Luis Obispo,079,281455,52380,52369,3738,56107,469
2022-03-26,San Mateo,081,765935,121474,120165,6912,127077,684
2022-03-26,Santa Barbara,083,443738,85624,85477,4685,90162,674
2022-03-26,Santa Clara,085,1922200,310482,311189,12294,323483,2250
2022-03-26,Santa Cruz,087,273765,47687,47329,2080,49409,259
2022-03-26,Shasta,089,179085,30526,30542,6082,36624,527
2022-03-26,Sierra,091,2930,271,273,48,321,4
2022-03-26,Siskiyou,093,43540,4446,4433,2717,7150,80
2022-03-26,Solano,095,438530,81366,81659,5556,87215,441
2022-03-26,Sonoma,097,501317,83349,83113,2596,85709,485
2022-03-26,Stanislaus,099,539301,117378,117962,17785,135747,1565
2022-03-26,Sutter,101,95872,20457,20536,2071,22607,221
2022-03-26,Tehama,103,63373,12033,12036,2570,14606,195
2022-03-26,Trinity,105,12862,1182,1174,287,1461,20
2022-03-26,Tulare,107,460477,106234,104538,27517,132055,1400
2022-03-26,Tuolumne,109,53932,12661,12628,558,13186,180
2022-03-26,Ventura,111,848112,172972,172690,9366,182056,1455
2022-03-26,Yolo,113,214977,36977,36234,3029,39263,311
2022-03-26,Yuba,115,75493,15820,15807,1186,16993,117
2022-03-25,Alameda,001,1643700,255492,254691,13869,268560,1803
2022-03-25,Alpine,003,1148,124,124,1,125,0
2022-03-25,Amador,005,37829,8520,8476,640,9116,86
2022-03-25,Butte,007,227075,33147,32929,6925,39854,391
2022-03-25,Calaveras,009,45235,7249,7240,346,7586,120
2022-03-25,Colusa,011,21464,3446,3445,1046,4491,21
2022-03-25,Contra Costa,013,1133247,190735,187990,13206,201196,1285
2022-03-25,Del Norte,015,27424,5798,5831,183,6014,50
2022-03-25,El Dorado,017,186661,26705,26674,3193,29867,200
2022-03-25,Fresno,019,978130,231342,229799,23907,253706,2710
2022-03-25,Glenn,021,27897,4994,4978,1600,6578,47
2022-03-25,Humboldt,023,135768,16862,16911,2944,19855,139
2022-03-25,Imperial,025,180216,55299,55230,10517,65747,913
2022-03-25,Inyo,027,18085,4065,4060,468,4528,56
2022-03-25,Kern,029,883053,191658,191288,45683,236971,2201
2022-03-25,Kings,031,150075,51437,51397,3500,54897,444
2022-03-25,Lake,033,64148,10688,10659,882,11541,136
2022-03-25,Lassen,035,31185,8953,8944,874,9818,63
2022-03-25,Los Angeles,037,10098052,2707720,2698028,122892,2820920,31291
2022-03-25,Madera,039,155013,37213,37321,6014,43335,354
2022-03-25,Marin,041,260295,33445,33317,2199,35516,287
2022-03-25,Mariposa,043,17540,2395,2386,198,2584,23
2022-03-25,Mendocino,045,87422,13043,13038,3010,16048,118
2022-03-25,Merced,047,269075,62264,62083,8611,70694,805
2022-03-25,Modoc,049,8938,734,736,249,985,7
2022-03-25,Mono,051,14174,2966,2966,121,3087,5
2022-03-25,Monterey,053,433212,79273,78688,13602,92290,724
2022-03-25,Napa,055,140530,25770,25701,943,26644,139
2022-03-25,Nevada,057,99092,15928,15960,1190,17150,123
2022-03-25,Orange,059,3164182,545829,545294,41099,586393,6853
2022-03-25,Placer,061,380077,62656,62634,7309,69943,613
2022-03-25,Plumas,063,18699,2965,2758,358,3116,13
2022-03-25,Riverside,065,2383286,590622,590060,27666,617726,6397
2022-03-25,Sacramento,067,1510023,280350,275529,26383,301912,2935
2022-03-25,San Benito,069,59416,12874,12885,510,13395,97
2022-03-25,San Bernardino,071,2135413,573580,560742,24862,585604,6840
2022-03-25,San Diego,073,3302833,749975,750170,52573,802743,5146
2022-03-25,San Francisco,075,870044,124274,124265,8192,132457,839
2022-03-25,San Joaquin,077,732212,166203,166079,9874,175953,2195
2022-03-25,San Luis Obispo,079,281455,52377,52369,3737,56106,469
2022-03-25,San Mateo,081,765935,121422,120165,6912,127077,684
2022-03-25,Santa Barbara,083,443738,85609,85477,4683,90160,674
2022-03-25,Santa Clara,085,1922200,310331,311189,12289,323478,2250
2022-03-25,Santa Cruz,087,273765,47679,47329,2080,49409,259
2022-03-25,Shasta,089,179085,30522,30542,6081,36623,527
2022-03-25,Sierra,091,2930,271,273,48,321,4
2022-03-25,Siskiyou,093,43540,4444,4433,2715,7148,80
2022-03-25,Solano,095,438530,81352,81659,5554,87213,441
2022-03-25,Sonoma,097,501317,83312,83113,2596,85709,485
2022-03-25,Stanislaus,099,539301,117364,117962,17784,135746,1565
2022-03-25,Sutter,101,95872,20452,20536,2071,22607,221
2022-03-25,Tehama,103,63373,12031,12036,2570,14606,195
2022-03-25,Trinity,105,12862,1182,1174,287,1461,20
2022-03-25,Tulare,107,460477,106230,104538,27517,132055,1400
2022-03-25,Tuolumne,109,53932,12660,12628,558,13186,180
2022-03-25,Ventura,111,848112,172934,172690,9366,182056,1455
2022-03-25,Yolo,113,214977,36965,36234,3028,39262,311
2022-03-25,Yuba,115,75493,15815,15807,1185,16992,117
2022-03-24,Alameda,001,1643700,255375,254691,13853,268544,1803
2022-03-24,Alpine,003,1148,124,124,1,125,0
2022-03-24,Amador,005,37829,8520,8476,640,9116,86
2022-03-24,Butte,007,227075,33141,32929,6925,39854,391
2022-03-24,Calaveras,009,45235,7247,7240,346,7586,120
2022-03-24,Colusa,011,21464,3446,3445,1046,4491,21
2022-03-24,Contra Costa,013,1133247,190656,187990,13203,201193,1285
2022-03-24,Del Norte,015,27424,5794,5831,183,6014,50
2022-03-24,El Dorado,017,186661,26695,26674,3193,29867,200
2022-03-24,Fresno,019,978130,231300,229799,23898,253697,2710
2022-03-24,Glenn,021,27897,4993,4978,1600,6578,47
2022-03-24,Humboldt,023,135768,16857,16911,2942,19853,139
2022-03-24,Imperial,025,180216,55292,55230,10517,65747,913
2022-03-24,Inyo,027,18085,4064,4060,468,4528,56
2022-03-24,Kern,029,883053,191648,191288,45681,236969,2201
2022-03-24,Kings,031,150075,51428,51397,3498,54895,444
2022-03-24,Lake,033,64148,10687,10659,882,11541,136
2022-03-24,Lassen,035,31185,8952,8944,874,9818,63
2022-03-24,Los Angeles,037,10098052,2707151,2698028,122847,2820875,31291
2022-03-24,Madera,039,155013,37211,37321,6012,43333,354
2022-03-24,Marin,041,260295,33424,33317,2190,35507,287
2022-03-24,Mariposa,043,17540,2395,2386,198,2584,23
2022-03-24,Mendocino,045,87422,13037,13038,3007,16045,118
2022-03-24,Merced,047,269075,62257,62083,8610,70693,805
2022-03-24,Modoc,049,8938,734,736,249,985,7
2022-03-24,Mono,051,14174,2966,2966,121,3087,5
2022-03-24,Monterey,053,433212,79247,78688,13588,92276,724
2022-03-24,Napa,055,140530,25761,25701,943,26644,139
2022-03-24,Nevada,057,99092,15924,15960,1189,17149,123
2022-03-24,Orange,059,3164182,545727,545294,41084,586378,6853
2022-03-24,Placer,061,380077,62636,62634,7308,69942,613
2022-03-24,Plumas,063,18699,2965,2758,358,3116,13
2022-03-24,Riverside,065,2383286,590545,590060,27658,617718,6397
2022-03-24,Sacramento,067,1510023,280281,275529,26378,301907,2935
2022-03-24,San Benito,069,59416,12873,12885,509,13394,97
2022-03-24,San Bernardino,071,2135413,573498,560742,24858,585600,6840
2022-03-24,San Diego,073,3302833,749767,750170,52560,802730,5146
2022-03-24,San Francisco,075,870044,124192,124265,8186,132451,839
2022-03-24,San Joaquin,077,732212,166176,166079,9874,175953,2195
2022-03-24,San Luis Obispo,079,281455,52361,52369,3736,56105,469
2022-03-24,San Mateo,081,765935,121374,120165,6908,127073,684
2022-03-24,Santa Barbara,083,443738,85594,85477,4680,90157,674
2022-03-24,Santa Clara,085,1922200,310185,311189,12272,323461,2250
2022-03-24,Santa Cruz,087,273765,47661,47329,2079,49408,259
2022-03-24,Shasta,089,179085,30514,30542,6081,36623,527
2022-03-24,Sierra,091,2930,271,273,48,321,4
2022-03-24,Siskiyou,093,43540,4441,4433,2715,7148,80
2022-03-24,Solano,095,438530,81333,81659,5553,87212,441
2022-03-24,Sonoma,097,501317,83277,83113,2594,85707,485
2022-03-24,Stanislaus,099,539301,117356,117962,17781,135743,1565
2022-03-24,Sutter,101,95872,20447,20536,2071,22607,221
2022-03-24,Tehama,103,63373,12029,12036,2569,14605,195
2022-03-24,Trinity,105,12862,1182,1174,287,1461,20
2022-03-24,Tulare,107,460477,106219,104538,27512,132050,1400
2022-03-24,Tuolumne,109,53932,12658,12628,558,13186,180
2022-03-24,Ventura,111,848112,172891,172690,9365,182055,1455
2022-03-24,Yolo,113,214977,36959,36234,3024,39258,311
2022-03-24,Yuba,115,75493,15811,15807,1183,16990,117
2022-03-23,Alameda,001,1643700,255240,254559,13842,268401,1802
2022-03-23,Alpine,003,1148,124,124,1,125,0
2022-03-23,Amador,005,37829,8520,8475,640,9115,86
2022-03-23,Butte,007,227075,33126,32920,6924,39844,387
2022-03-23,Calaveras,009,45235,7242,7237,346,7583,120
2022-03-23,Colusa,011,21464,3445,3444,1046,4490,21
2022-03-23,Contra Costa,013,1133247,190558,187898,13192,201090,1279
2022-03-23,Del Norte,015,27424,5792,5830,183,6013,50
2022-03-23,El Dorado,017,186661,26689,26670,3193,29863,200
2022-03-23,Fresno,019,978130,231264,229656,23885,253541,2710
2022-03-23,Glenn,021,27897,4993,4975,1600,6575,47
2022-03-23,Humboldt,023,135768,16856,16908,2941,19849,139
2022-03-23,Imperial,025,180216,55286,55211,10516,65727,909
2022-03-23,Inyo,027,18085,4064,4060,468,4528,56
2022-03-23,Kern,029,883053,191631,191241,45676,236917,2196
2022-03-23,Kings,031,150075,51417,51384,3498,54882,442
2022-03-23,Lake,033,64148,10683,10658,881,11539,135
2022-03-23,Lassen,035,31185,8951,8944,873,9817,63
2022-03-23,Los Angeles,037,10098052,2706468,2697227,122818,2820045,31267
2022-03-23,Madera,039,155013,37206,37317,6009,43326,354
2022-03-23,Marin,041,260295,33398,33274,2185,35459,287
2022-03-23,Mariposa,043,17540,2393,2382,197,2579,11
2022-03-23,Mendocino,045,87422,13033,13033,3006,16039,118
2022-03-23,Merced,047,269075,62247,62056,8607,70663,805
2022-03-23,Modoc,049,8938,734,736,249,985,7
2022-03-23,Mono,051,14174,2966,2966,121,3087,5
2022-03-23,Monterey,053,433212,79230,78655,13564,92219,724
2022-03-23,Napa,055,140530,25748,25691,941,26632,139
2022-03-23,Nevada,057,99092,15922,15958,1189,17147,123
2022-03-23,Orange,059,3164182,545596,545158,41071,586229,6852
2022-03-23,Placer,061,380077,62617,62622,7306,69928,613
2022-03-23,Plumas,063,18699,2965,2747,358,3105,13
2022-03-23,Riverside,065,2383286,590472,589947,27653,617600,6388
2022-03-23,Sacramento,067,1510023,280218,275398,26371,301769,2934
2022-03-23,San Benito,069,59416,12872,12884,509,13393,97
2022-03-23,San Bernardino,071,2135413,573424,560550,24854,585404,6828
2022-03-23,San Diego,073,3302833,749573,749871,52537,802408,5143
2022-03-23,San Francisco,075,870044,124079,124110,8179,132289,838
2022-03-23,San Joaquin,077,732212,166139,166041,9867,175908,2187
2022-03-23,San Luis Obispo,079,281455,52344,52344,3731,56075,469
2022-03-23,San Mateo,081,765935,121290,120080,6898,126978,685
2022-03-23,Santa Barbara,083,443738,85577,85464,4679,90143,673
2022-03-23,Santa Clara,085,1922200,310021,310956,12260,323216,2250
2022-03-23,Santa Cruz,087,273765,47642,47314,2075,49389,259
2022-03-23,Shasta,089,179085,30510,30524,6080,36604,526
2022-03-23,Sierra,091,2930,271,273,48,321,4
2022-03-23,Siskiyou,093,43540,4440,4433,2715,7148,80
2022-03-23,Solano,095,438530,81299,81615,5552,87167,441
2022-03-23,Sonoma,097,501317,83244,83074,2591,85665,482
2022-03-23,Stanislaus,099,539301,117339,118041,17778,135819,1568
2022-03-23,Sutter,101,95872,20444,20532,2071,22603,218
2022-03-23,Tehama,103,63373,12026,12035,2569,14604,195
2022-03-23,Trinity,105,12862,1182,1174,287,1461,20
2022-03-23,Tulare,107,460477,106202,104489,27507,131996,1394
2022-03-23,Tuolumne,109,53932,12657,12629,558,13187,180
2022-03-23,Ventura,111,848112,172843,172647,9363,182010,1455
2022-03-23,Yolo,113,214977,36939,36197,3022,39219,308
2022-03-23,Yuba,115,75493,15804,15801,1182,16983,117
2022-03-22,Alameda,001,1643700,255118,254467,13543,268010,1802
2022-03-22,Alpine,003,1148,124,122,1,123,0
2022-03-22,Amador,005,37829,8519,8462,639,9101,86
2022-03-22,Butte,007,227075,33116,32907,6920,39827,387
2022-03-22,Calaveras,009,45235,7240,7237,346,7583,120
2022-03-22,Colusa,011,21464,3444,3445,1046,4491,21
2022-03-22,Contra Costa,013,1133247,190482,187813,13171,200984,1279
2022-03-22,Del Norte,015,27424,5786,5824,183,6007,50
2022-03-22,El Dorado,017,186661,26682,26661,3193,29854,200
2022-03-22,Fresno,019,978130,231215,229551,23876,253427,2708
2022-03-22,Glenn,021,27897,4991,4971,1600,6571,47
2022-03-22,Humboldt,023,135768,16853,16911,2941,19852,139
2022-03-22,Imperial,025,180216,55274,55170,10513,65683,908
2022-03-22,Inyo,027,18085,4064,4060,468,4528,56
2022-03-22,Kern,029,883053,191608,191213,45668,236881,2195
2022-03-22,Kings,031,150075,51405,51369,3497,54866,442
2022-03-22,Lake,033,64148,10681,10657,880,11537,135
2022-03-22,Lassen,035,31185,8951,8940,873,9813,63
2022-03-22,Los Angeles,037,10098052,2705805,2696746,122771,2819517,31250
2022-03-22,Madera,039,155013,37203,37304,6006,43310,354
2022-03-22,Marin,041,260295,33373,33253,2181,35434,287
2022-03-22,Mariposa,043,17540,2391,2382,197,2579,6
2022-03-22,Mendocino,045,87422,13028,13030,3004,16034,118
2022-03-22,Merced,047,269075,62236,62056,8603,70659,805
2022-03-22,Modoc,049,8938,734,735,249,984,7
2022-03-22,Mono,051,14174,2966,2963,121,3084,5
2022-03-22,Monterey,053,433212,79213,78614,13554,92168,724
2022-03-22,Napa,055,140530,25738,25688,940,26628,139
2022-03-22,Nevada,057,99092,15914,15950,1189,17139,123
2022-03-22,Orange,059,3164182,545454,545075,41054,586129,6843
2022-03-22,Placer,061,380077,62604,62604,7304,69908,610
2022-03-22,Plumas,063,18699,2964,2744,358,3102,13
2022-03-22,Riverside,065,2383286,590397,589816,27650,617466,6383
2022-03-22,Sacramento,067,1510023,280142,275374,26360,301734,2927
2022-03-22,San Benito,069,59416,12871,12884,508,13392,97
2022-03-22,San Bernardino,071,2135413,573342,560371,24834,585205,6811
2022-03-22,San Diego,073,3302833,749373,749647,52517,802164,5141
2022-03-22,San Francisco,075,870044,123972,123998,8173,132171,838
2022-03-22,San Joaquin,077,732212,166111,165992,9864,175856,2187
2022-03-22,San Luis Obispo,079,281455,52336,52257,3731,55988,465
2022-03-22,San Mateo,081,765935,121217,119975,6895,126870,686
2022-03-22,Santa Barbara,083,443738,85560,85457,4678,90135,672
2022-03-22,Santa Clara,085,1922200,309852,310787,12248,323035,2249
2022-03-22,Santa Cruz,087,273765,47622,47287,2074,49361,259
2022-03-22,Shasta,089,179085,30504,30528,6080,36608,525
2022-03-22,Sierra,091,2930,271,273,48,321,4
2022-03-22,Siskiyou,093,43540,4440,4429,2714,7143,80
2022-03-22,Solano,095,438530,81276,81587,5549,87136,440
2022-03-22,Sonoma,097,501317,83215,83042,2588,85630,482
2022-03-22,Stanislaus,099,539301,117322,118025,17774,135799,1568
2022-03-22,Sutter,101,95872,20443,20525,2068,22593,218
2022-03-22,Tehama,103,63373,12024,12034,2569,14603,162
2022-03-22,Trinity,105,12862,1182,1174,287,1461,20
2022-03-22,Tulare,107,460477,106191,104431,27499,131930,1391
2022-03-22,Tuolumne,109,53932,12657,12628,558,13186,180
2022-03-22,Ventura,111,848112,172794,172590,9361,181951,1455
2022-03-22,Yolo,113,214977,36919,36184,3021,39205,308
2022-03-22,Yuba,115,75493,15801,15795,1181,16976,117
2022-03-21,Alameda,001,1643700,254897,254354,13535,267889,1799
2022-03-21,Alpine,003,1148,124,122,1,123,0
2022-03-21,Amador,005,37829,8516,8461,638,9099,85
2022-03-21,Butte,007,227075,33105,32895,6917,39812,385
2022-03-21,Calaveras,009,45235,7239,7237,346,7583,119
2022-03-21,Colusa,011,21464,3444,3445,1046,4491,21
2022-03-21,Contra Costa,013,1133247,190418,187509,13156,200665,1276
2022-03-21,Del Norte,015,27424,5785,5824,183,6007,50
2022-03-21,El Dorado,017,186661,26671,26610,3193,29803,199
2022-03-21,Fresno,019,978130,231167,229374,23868,253242,2707
2022-03-21,Glenn,021,27897,4989,4972,1595,6567,46
2022-03-21,Humboldt,023,135768,16843,16912,2928,19840,139
2022-03-21,Imperial,025,180216,55261,55133,10512,65645,908
2022-03-21,Inyo,027,18085,4063,4060,468,4528,56
2022-03-21,Kern,029,883053,191575,191184,45662,236846,2187
2022-03-21,Kings,031,150075,51391,51366,3495,54861,441
2022-03-21,Lake,033,64148,10679,10655,880,11535,135
2022-03-21,Lassen,035,31185,8950,8939,873,9812,63
2022-03-21,Los Angeles,037,10098052,2704936,2694711,122722,2817433,31218
2022-03-21,Madera,039,155013,37197,37288,6003,43291,354
2022-03-21,Marin,041,260295,33329,33242,2176,35418,287
2022-03-21,Mariposa,043,17540,2390,2383,196,2579,6
2022-03-21,Mendocino,045,87422,13020,13028,3002,16030,118
2022-03-21,Merced,047,269075,62223,62048,8598,70646,803
2022-03-21,Modoc,049,8938,732,734,249,983,7
2022-03-21,Mono,051,14174,2966,2962,121,3083,5
2022-03-21,Monterey,053,433212,79164,78572,13541,92113,724
2022-03-21,Napa,055,140530,25730,25684,938,26622,138
2022-03-21,Nevada,057,99092,15910,15963,1188,17151,123
2022-03-21,Orange,059,3164182,545301,544943,41037,585980,6841
2022-03-21,Placer,061,380077,62585,62550,7303,69853,610
2022-03-21,Plumas,063,18699,2964,2744,358,3102,13
2022-03-21,Riverside,065,2383286,590316,589707,27646,617353,6376
2022-03-21,Sacramento,067,1510023,280052,275334,26346,301680,2925
2022-03-21,San Benito,069,59416,12865,12872,508,13380,97
2022-03-21,San Bernardino,071,2135413,573254,560210,24821,585031,6807
2022-03-21,San Diego,073,3302833,749148,748833,52497,801330,5138
2022-03-21,San Francisco,075,870044,123804,123912,8164,132076,835
2022-03-21,San Joaquin,077,732212,166085,165939,9861,175800,2185
2022-03-21,San Luis Obispo,079,281455,52311,52219,3726,55945,463
2022-03-21,San Mateo,081,765935,121058,119899,6893,126792,684
2022-03-21,Santa Barbara,083,443738,85545,85416,4676,90092,672
2022-03-21,Santa Clara,085,1922200,309592,310509,12245,322754,2245
2022-03-21,Santa Cruz,087,273765,47586,47267,2073,49340,259
2022-03-21,Shasta,089,179085,30498,30523,6078,36601,525
2022-03-21,Sierra,091,2930,271,273,48,321,4
2022-03-21,Siskiyou,093,43540,4440,4426,2714,7140,80
2022-03-21,Solano,095,438530,81248,81399,5548,86947,441
2022-03-21,Sonoma,097,501317,83176,82979,2583,85562,482
2022-03-21,Stanislaus,099,539301,117289,118144,17772,135916,1571
2022-03-21,Sutter,101,95872,20440,20523,2056,22579,218
2022-03-21,Tehama,103,63373,12020,12030,2569,14599,160
2022-03-21,Trinity,105,12862,1182,1174,287,1461,20
2022-03-21,Tulare,107,460477,106171,104350,27494,131844,1389
2022-03-21,Tuolumne,109,53932,12657,12620,558,13178,180
2022-03-21,Ventura,111,848112,172724,172537,9357,181894,1452
2022-03-21,Yolo,113,214977,36903,36141,3019,39160,307
2022-03-21,Yuba,115,75493,15798,15790,1180,16970,117
2022-03-20,Alameda,001,1643700,254760,254293,13525,267818,1801
2022-03-20,Alpine,003,1148,122,122,1,123,0
2022-03-20,Amador,005,37829,8513,8460,638,9098,85
2022-03-20,Butte,007,227075,33090,32892,6913,39805,385
2022-03-20,Calaveras,009,45235,7239,7233,343,7576,119
2022-03-20,Colusa,011,21464,3444,3446,1046,4492,21
2022-03-20,Contra Costa,013,1133247,190315,187467,13146,200613,1276
2022-03-20,Del Norte,015,27424,5783,5821,183,6004,50
2022-03-20,El Dorado,017,186661,26663,26608,3193,29801,199
2022-03-20,Fresno,019,978130,231089,229297,23857,253154,2707
2022-03-20,Glenn,021,27897,4988,4972,1595,6567,46
2022-03-20,Humboldt,023,135768,16841,16913,2926,19839,139
2022-03-20,Imperial,025,180216,55250,55133,10511,65644,908
2022-03-20,Inyo,027,18085,4063,4060,468,4528,56
2022-03-20,Kern,029,883053,191531,191170,45657,236827,2187
2022-03-20,Kings,031,150075,51380,51360,3495,54855,441
2022-03-20,Lake,033,64148,10675,10652,880,11532,135
2022-03-20,Lassen,035,31185,8948,8938,873,9811,63
2022-03-20,Los Angeles,037,10098052,2704140,2694698,122678,2817376,31219
2022-03-20,Madera,039,155013,37192,37284,6000,43284,354
2022-03-20,Marin,041,260295,33312,33232,2175,35407,275
2022-03-20,Mariposa,043,17540,2390,2383,196,2579,6
2022-03-20,Mendocino,045,87422,13013,13027,2997,16024,118
2022-03-20,Merced,047,269075,62212,62041,8595,70636,803
2022-03-20,Modoc,049,8938,732,734,249,983,7
2022-03-20,Mono,051,14174,2964,2962,121,3083,5
2022-03-20,Monterey,053,433212,79131,78566,13530,92096,723
2022-03-20,Napa,055,140530,25718,25682,937,26619,138
2022-03-20,Nevada,057,99092,15906,15964,1188,17152,123
2022-03-20,Orange,059,3164182,545179,544862,41019,585881,6841
2022-03-20,Placer,061,380077,62565,62525,7303,69828,610
2022-03-20,Plumas,063,18699,2964,2744,358,3102,13
2022-03-20,Riverside,065,2383286,590219,589657,27642,617299,6376
2022-03-20,Sacramento,067,1510023,279974,275317,26331,301648,2927
2022-03-20,San Benito,069,59416,12865,12869,507,13376,97
2022-03-20,San Bernardino,071,2135413,573173,560220,24812,585032,6805
2022-03-20,San Diego,073,3302833,748912,748833,52464,801297,5138
2022-03-20,San Francisco,075,870044,123654,123858,8152,132010,835
2022-03-20,San Joaquin,077,732212,166052,165927,9857,175784,2185
2022-03-20,San Luis Obispo,079,281455,52287,52217,3723,55940,463
2022-03-20,San Mateo,081,765935,120998,119901,6887,126788,684
2022-03-20,Santa Barbara,083,443738,85520,85412,4675,90087,672
2022-03-20,Santa Clara,085,1922200,309384,310412,12237,322649,2243
2022-03-20,Santa Cruz,087,273765,47559,47265,2072,49337,259
2022-03-20,Shasta,089,179085,30488,30522,6077,36599,525
2022-03-20,Sierra,091,2930,271,273,48,321,4
2022-03-20,Siskiyou,093,43540,4439,4426,2714,7140,80
2022-03-20,Solano,095,438530,81218,81393,5546,86939,441
2022-03-20,Sonoma,097,501317,83133,82965,2582,85547,481
2022-03-20,Stanislaus,099,539301,117263,118146,17769,135915,1572
2022-03-20,Sutter,101,95872,20433,20519,2048,22567,218
2022-03-20,Tehama,103,63373,12018,12030,2569,14599,160
2022-03-20,Trinity,105,12862,1182,1174,287,1461,20
2022-03-20,Tulare,107,460477,106150,104353,27482,131835,1389
2022-03-20,Tuolumne,109,53932,12652,12617,558,13175,180
2022-03-20,Ventura,111,848112,172674,172514,9352,181866,1451
2022-03-20,Yolo,113,214977,36883,36135,3018,39153,307
2022-03-20,Yuba,115,75493,15789,15787,1178,16965,117
2022-03-19,Alameda,001,1643700,254684,253936,13523,267459,1797
2022-03-19,Alpine,003,1148,122,122,1,123,0
2022-03-19,Amador,005,37829,8510,8456,638,9094,85
2022-03-19,Butte,007,227075,33082,32856,6913,39769,385
2022-03-19,Calaveras,009,45235,7239,7229,343,7572,119
2022-03-19,Colusa,011,21464,3442,3445,1046,4491,21
2022-03-19,Contra Costa,013,1133247,190279,187225,13145,200370,1276
2022-03-19,Del Norte,015,27424,5780,5815,183,5998,48
2022-03-19,El Dorado,017,186661,26659,26618,3193,29811,199
2022-03-19,Fresno,019,978130,231066,228965,23856,252821,2694
2022-03-19,Glenn,021,27897,4988,4971,1595,6566,44
2022-03-19,Humboldt,023,135768,16835,16901,2926,19827,138
2022-03-19,Imperial,025,180216,55249,55038,10510,65548,898
2022-03-19,Inyo,027,18085,4063,4061,468,4529,56
2022-03-19,Kern,029,883053,191516,190943,45649,236592,2184
2022-03-19,Kings,031,150075,51375,51334,3495,54829,441
2022-03-19,Lake,033,64148,10675,10641,880,11521,135
2022-03-19,Lassen,035,31185,8948,8925,873,9798,63
2022-03-19,Los Angeles,037,10098052,2703768,2686759,122644,2809403,31133
2022-03-19,Madera,039,155013,37192,37273,6000,43273,354
2022-03-19,Marin,041,260295,33294,33163,2171,35334,272
2022-03-19,Mariposa,043,17540,2389,2378,196,2574,6
2022-03-19,Mendocino,045,87422,13013,13012,2997,16009,117
2022-03-19,Merced,047,269075,62206,61985,8593,70578,800
2022-03-19,Modoc,049,8938,732,734,249,983,7
2022-03-19,Mono,051,14174,2964,2961,121,3082,5
2022-03-19,Monterey,053,433212,79120,78483,13523,92006,720
2022-03-19,Napa,055,140530,25715,25654,937,26591,138
2022-03-19,Nevada,057,99092,15904,15960,1188,17148,123
2022-03-19,Orange,059,3164182,545107,543907,41003,584910,6817
2022-03-19,Placer,061,380077,62551,62483,7303,69786,605
2022-03-19,Plumas,063,18699,2964,2724,358,3082,13
2022-03-19,Riverside,065,2383286,590169,589017,27635,616652,6359
2022-03-19,Sacramento,067,1510023,279933,274855,26327,301182,2913
2022-03-19,San Benito,069,59416,12864,12859,507,13366,97
2022-03-19,San Bernardino,071,2135413,573127,559935,24810,584745,6778
2022-03-19,San Diego,073,3302833,748812,747344,52450,799794,5133
2022-03-19,San Francisco,075,870044,123584,123587,8150,131737,833
2022-03-19,San Joaquin,077,732212,166027,165765,9854,175619,2181
2022-03-19,San Luis Obispo,079,281455,52281,52174,3723,55897,463
2022-03-19,San Mateo,081,765935,120961,119782,6886,126668,667
2022-03-19,Santa Barbara,083,443738,85506,85336,4674,90010,671
2022-03-19,Santa Clara,085,1922200,309262,309918,12228,322146,2225
2022-03-19,Santa Cruz,087,273765,47551,47203,2068,49271,256
2022-03-19,Shasta,089,179085,30484,30495,6077,36572,525
2022-03-19,Sierra,091,2930,271,273,48,321,4
2022-03-19,Siskiyou,093,43540,4438,4422,2714,7136,76
2022-03-19,Solano,095,438530,81209,81340,5543,86883,441
2022-03-19,Sonoma,097,501317,83116,82838,2579,85417,472
2022-03-19,Stanislaus,099,539301,117253,118138,17767,135905,1568
2022-03-19,Sutter,101,95872,20430,20503,2048,22551,218
2022-03-19,Tehama,103,63373,12018,12007,2569,14576,160
2022-03-19,Trinity,105,12862,1182,1173,287,1460,20
2022-03-19,Tulare,107,460477,106141,104290,27477,131767,1384
2022-03-19,Tuolumne,109,53932,12651,12617,558,13175,180
2022-03-19,Ventura,111,848112,172643,172380,9351,181731,1451
2022-03-19,Yolo,113,214977,36874,36086,3018,39104,306
2022-03-19,Yuba,115,75493,15785,15768,1177,16945,117
2022-03-18,Alameda,001,1643700,254624,253936,13520,267456,1797
2022-03-18,Alpine,003,1148,122,122,1,123,0
2022-03-18,Amador,005,37829,8510,8456,638,9094,85
2022-03-18,Butte,007,227075,33077,32856,6910,39766,385
2022-03-18,Calaveras,009,45235,7239,7229,343,7572,119
2022-03-18,Colusa,011,21464,3442,3445,1046,4491,21
2022-03-18,Contra Costa,013,1133247,190247,187225,13143,200368,1276
2022-03-18,Del Norte,015,27424,5778,5815,183,5998,48
2022-03-18,El Dorado,017,186661,26654,26618,3191,29809,199
2022-03-18,Fresno,019,978130,231033,228965,23856,252821,2694
2022-03-18,Glenn,021,27897,4987,4971,1595,6566,44
2022-03-18,Humboldt,023,135768,16832,16901,2925,19826,138
2022-03-18,Imperial,025,180216,55247,55038,10510,65548,898
2022-03-18,Inyo,027,18085,4063,4061,468,4529,56
2022-03-18,Kern,029,883053,191505,190943,45646,236589,2184
2022-03-18,Kings,031,150075,51367,51334,3495,54829,441
2022-03-18,Lake,033,64148,10673,10641,879,11520,135
2022-03-18,Lassen,035,31185,8947,8925,873,9798,63
2022-03-18,Los Angeles,037,10098052,2703420,2686759,122618,2809377,31133
2022-03-18,Madera,039,155013,37187,37273,6000,43273,354
2022-03-18,Marin,041,260295,33280,33163,2171,35334,272
2022-03-18,Mariposa,043,17540,2388,2378,196,2574,6
2022-03-18,Mendocino,045,87422,13009,13012,2997,16009,117
2022-03-18,Merced,047,269075,62195,61985,8593,70578,800
2022-03-18,Modoc,049,8938,732,734,249,983,7
2022-03-18,Mono,051,14174,2963,2961,121,3082,5
2022-03-18,Monterey,053,433212,79102,78483,13521,92004,720
2022-03-18,Napa,055,140530,25712,25654,937,26591,138
2022-03-18,Nevada,057,99092,15901,15960,1187,17147,123
2022-03-18,Orange,059,3164182,545040,543907,40994,584901,6817
2022-03-18,Placer,061,380077,62542,62483,7303,69786,605
2022-03-18,Plumas,063,18699,2964,2724,358,3082,13
2022-03-18,Riverside,065,2383286,590109,589017,27631,616648,6359
2022-03-18,Sacramento,067,1510023,279897,274855,26323,301178,2913
2022-03-18,San Benito,069,59416,12862,12859,507,13366,97
2022-03-18,San Bernardino,071,2135413,573089,559935,24808,584743,6778
2022-03-18,San Diego,073,3302833,748704,747344,52435,799779,5133
2022-03-18,San Francisco,075,870044,123505,123587,8145,131732,833
2022-03-18,San Joaquin,077,732212,166012,165765,9849,175614,2181
2022-03-18,San Luis Obispo,079,281455,52274,52174,3723,55897,463
2022-03-18,San Mateo,081,765935,120926,119782,6883,126665,667
2022-03-18,Santa Barbara,083,443738,85496,85336,4673,90009,671
2022-03-18,Santa Clara,085,1922200,309158,309918,12225,322143,2225
2022-03-18,Santa Cruz,087,273765,47539,47203,2067,49270,256
2022-03-18,Shasta,089,179085,30483,30495,6077,36572,525
2022-03-18,Sierra,091,2930,271,273,48,321,4
2022-03-18,Siskiyou,093,43540,4438,4422,2714,7136,76
2022-03-18,Solano,095,438530,81198,81340,5537,86877,441
2022-03-18,Sonoma,097,501317,83095,82838,2578,85416,472
2022-03-18,Stanislaus,099,539301,117240,118138,17767,135905,1568
2022-03-18,Sutter,101,95872,20427,20503,2048,22551,218
2022-03-18,Tehama,103,63373,12017,12007,2569,14576,160
2022-03-18,Trinity,105,12862,1182,1173,287,1460,20
2022-03-18,Tulare,107,460477,106135,104290,27472,131762,1384
2022-03-18,Tuolumne,109,53932,12650,12617,558,13175,180
2022-03-18,Ventura,111,848112,172623,172380,9346,181726,1451
2022-03-18,Yolo,113,214977,36863,36086,3018,39104,306
2022-03-18,Yuba,115,75493,15783,15768,1177,16945,117
2022-03-17,Alameda,001,1643700,254526,253936,13514,267450,1797
2022-03-17,Alpine,003,1148,122,122,1,123,0
2022-03-17,Amador,005,37829,8503,8456,638,9094,85
2022-03-17,Butte,007,227075,33064,32856,6908,39764,385
2022-03-17,Calaveras,009,45235,7236,7229,343,7572,119
2022-03-17,Colusa,011,21464,3442,3445,1046,4491,21
2022-03-17,Contra Costa,013,1133247,190183,187225,13132,200357,1276
2022-03-17,Del Norte,015,27424,5776,5815,183,5998,48
2022-03-17,El Dorado,017,186661,26648,26618,3191,29809,199
2022-03-17,Fresno,019,978130,230984,228965,23853,252818,2694
2022-03-17,Glenn,021,27897,4987,4971,1595,6566,44
2022-03-17,Humboldt,023,135768,16828,16901,2923,19824,138
2022-03-17,Imperial,025,180216,55236,55038,10510,65548,898
2022-03-17,Inyo,027,18085,4063,4061,468,4529,56
2022-03-17,Kern,029,883053,191476,190943,45643,236586,2184
2022-03-17,Kings,031,150075,51364,51334,3494,54828,441
2022-03-17,Lake,033,64148,10670,10641,879,11520,135
2022-03-17,Lassen,035,31185,8945,8925,873,9798,63
2022-03-17,Los Angeles,037,10098052,2702757,2686759,122583,2809342,31133
2022-03-17,Madera,039,155013,37183,37273,6000,43273,354
2022-03-17,Marin,041,260295,33268,33163,2170,35333,272
2022-03-17,Mariposa,043,17540,2388,2378,196,2574,6
2022-03-17,Mendocino,045,87422,13005,13012,2994,16006,117
2022-03-17,Merced,047,269075,62189,61985,8591,70576,800
2022-03-17,Modoc,049,8938,732,734,249,983,7
2022-03-17,Mono,051,14174,2963,2961,120,3081,5
2022-03-17,Monterey,053,433212,79079,78483,13515,91998,720
2022-03-17,Napa,055,140530,25707,25654,937,26591,138
2022-03-17,Nevada,057,99092,15898,15960,1187,17147,123
2022-03-17,Orange,059,3164182,544946,543907,40984,584891,6817
2022-03-17,Placer,061,380077,62526,62483,7301,69784,605
2022-03-17,Plumas,063,18699,2963,2724,358,3082,13
2022-03-17,Riverside,065,2383286,590029,589017,27624,616641,6359
2022-03-17,Sacramento,067,1510023,279831,274855,26317,301172,2913
2022-03-17,San Benito,069,59416,12861,12859,507,13366,97
2022-03-17,San Bernardino,071,2135413,573025,559935,24805,584740,6778
2022-03-17,San Diego,073,3302833,748528,747344,52419,799763,5133
2022-03-17,San Francisco,075,870044,123424,123587,8140,131727,833
2022-03-17,San Joaquin,077,732212,165992,165765,9847,175612,2181
2022-03-17,San Luis Obispo,079,281455,52260,52174,3721,55895,463
2022-03-17,San Mateo,081,765935,120878,119782,6879,126661,667
2022-03-17,Santa Barbara,083,443738,85480,85336,4673,90009,671
2022-03-17,Santa Clara,085,1922200,309038,309918,12220,322138,2225
2022-03-17,Santa Cruz,087,273765,47523,47203,2065,49268,256
2022-03-17,Shasta,089,179085,30479,30495,6075,36570,525
2022-03-17,Sierra,091,2930,271,273,48,321,4
2022-03-17,Siskiyou,093,43540,4437,4422,2714,7136,76
2022-03-17,Solano,095,438530,81169,81340,5533,86873,441
2022-03-17,Sonoma,097,501317,83067,82838,2576,85414,472
2022-03-17,Stanislaus,099,539301,117226,118138,17762,135900,1568
2022-03-17,Sutter,101,95872,20417,20503,2037,22540,218
2022-03-17,Tehama,103,63373,12017,12007,2569,14576,160
2022-03-17,Trinity,105,12862,1182,1173,287,1460,20
2022-03-17,Tulare,107,460477,106119,104290,27462,131752,1384
2022-03-17,Tuolumne,109,53932,12648,12617,557,13174,180
2022-03-17,Ventura,111,848112,172574,172380,9344,181724,1451
2022-03-17,Yolo,113,214977,36849,36086,3018,39104,306
2022-03-17,Yuba,115,75493,15781,15768,1176,16944,117
2022-03-16,Alameda,001,1643700,254427,253792,13511,267303,1794
2022-03-16,Alpine,003,1148,122,122,1,123,0
2022-03-16,Amador,005,37829,8495,8449,638,9087,85
2022-03-16,Butte,007,227075,33053,32837,6903,39740,385
2022-03-16,Calaveras,009,45235,7234,7229,343,7572,120
2022-03-16,Colusa,011,21464,3442,3445,1046,4491,22
2022-03-16,Contra Costa,013,1133247,190125,187100,13121,200221,1266
2022-03-16,Del Norte,015,27424,5775,5811,181,5992,48
2022-03-16,El Dorado,017,186661,26635,26602,3190,29792,199
2022-03-16,Fresno,019,978130,230937,228786,23842,252628,2689
2022-03-16,Glenn,021,27897,4986,4969,1595,6564,44
2022-03-16,Humboldt,023,135768,16825,16893,2923,19816,138
2022-03-16,Imperial,025,180216,55224,55002,10509,65511,897
2022-03-16,Inyo,027,18085,4062,4061,468,4529,56
2022-03-16,Kern,029,883053,191434,190835,45636,236471,2170
2022-03-16,Kings,031,150075,51349,51321,3494,54815,437
2022-03-16,Lake,033,64148,10668,10633,878,11511,133
2022-03-16,Lassen,035,31185,8942,8924,873,9797,62
2022-03-16,Los Angeles,037,10098052,2702125,2685789,122541,2808330,31102
2022-03-16,Madera,039,155013,37173,37262,5999,43261,354
2022-03-16,Marin,041,260295,33247,33136,2168,35304,272
2022-03-16,Mariposa,043,17540,2386,2376,196,2572,6
2022-03-16,Mendocino,045,87422,13002,13011,2993,16004,117
2022-03-16,Merced,047,269075,62173,61959,8587,70546,798
2022-03-16,Modoc,049,8938,731,734,249,983,7
2022-03-16,Mono,051,14174,2963,2960,120,3080,5
2022-03-16,Monterey,053,433212,79057,78416,13510,91926,720
2022-03-16,Napa,055,140530,25698,25638,937,26575,138
2022-03-16,Nevada,057,99092,15896,15960,1187,17147,123
2022-03-16,Orange,059,3164182,544823,543326,40961,584287,6791
2022-03-16,Placer,061,380077,62510,62435,7299,69734,605
2022-03-16,Plumas,063,18699,2963,2723,358,3081,13
2022-03-16,Riverside,065,2383286,589933,588761,27621,616382,6351
2022-03-16,Sacramento,067,1510023,279765,274709,26310,301019,2910
2022-03-16,San Benito,069,59416,12856,12854,507,13361,97
2022-03-16,San Bernardino,071,2135413,572944,559746,24798,584544,6775
2022-03-16,San Diego,073,3302833,748323,746970,52395,799365,5126
2022-03-16,San Francisco,075,870044,123324,123446,8133,131579,831
2022-03-16,San Joaquin,077,732212,165945,165703,9844,175547,2169
2022-03-16,San Luis Obispo,079,281455,52242,52132,3717,55849,462
2022-03-16,San Mateo,081,765935,120815,119680,6871,126551,660
2022-03-16,Santa Barbara,083,443738,85447,85322,4669,89991,670
2022-03-16,Santa Clara,085,1922200,308852,309689,12205,321894,2224
2022-03-16,Santa Cruz,087,273765,47494,47161,2065,49226,255
2022-03-16,Shasta,089,179085,30470,30489,6071,36560,527
2022-03-16,Sierra,091,2930,271,273,48,321,4
2022-03-16,Siskiyou,093,43540,4434,4419,2712,7131,76
2022-03-16,Solano,095,438530,81146,81277,5531,86808,440
2022-03-16,Sonoma,097,501317,83024,82791,2566,85357,472
2022-03-16,Stanislaus,099,539301,117200,118072,17760,135832,1567
2022-03-16,Sutter,101,95872,20415,20494,2036,22530,218
2022-03-16,Tehama,103,63373,12015,11999,2569,14568,160
2022-03-16,Trinity,105,12862,1182,1173,287,1460,20
2022-03-16,Tulare,107,460477,106106,104217,27456,131673,1377
2022-03-16,Tuolumne,109,53932,12643,12610,557,13167,180
2022-03-16,Ventura,111,848112,172533,172212,9340,181552,1451
2022-03-16,Yolo,113,214977,36826,36079,3017,39096,307
2022-03-16,Yuba,115,75493,15776,15758,1176,16934,117
2022-03-15,Alameda,001,1643700,254295,253694,13502,267196,1793
2022-03-15,Alpine,003,1148,122,122,1,123,0
2022-03-15,Amador,005,37829,8492,8448,638,9086,85
2022-03-15,Butte,007,227075,33040,32822,6902,39724,385
2022-03-15,Calaveras,009,45235,7232,7236,343,7579,118
2022-03-15,Colusa,011,21464,3442,3445,1046,4491,21
2022-03-15,Contra Costa,013,1133247,190044,187021,13114,200135,1265
2022-03-15,Del Norte,015,27424,5772,5806,178,5984,48
2022-03-15,El Dorado,017,186661,26632,26596,3190,29786,199
2022-03-15,Fresno,019,978130,230893,228631,23833,252464,2689
2022-03-15,Glenn,021,27897,4984,4966,1595,6561,44
2022-03-15,Humboldt,023,135768,16819,16889,2922,19811,138
2022-03-15,Imperial,025,180216,55214,54981,10505,65486,896
2022-03-15,Inyo,027,18085,4062,4062,467,4529,56
2022-03-15,Kern,029,883053,191405,190645,45626,236271,2168
2022-03-15,Kings,031,150075,51329,51317,3490,54807,437
2022-03-15,Lake,033,64148,10664,10631,878,11509,131
2022-03-15,Lassen,035,31185,8940,8926,873,9799,62
2022-03-15,Los Angeles,037,10098052,2701440,2685071,122484,2807555,31077
2022-03-15,Madera,039,155013,37164,37258,5998,43256,354
2022-03-15,Marin,041,260295,33224,33111,2167,35278,272
2022-03-15,Mariposa,043,17540,2384,2377,196,2573,6
2022-03-15,Mendocino,045,87422,12997,13005,2992,15997,117
2022-03-15,Merced,047,269075,62155,61916,8578,70494,798
2022-03-15,Modoc,049,8938,731,733,249,982,7
2022-03-15,Mono,051,14174,2963,2961,120,3081,5
2022-03-15,Monterey,053,433212,79027,78400,13502,91902,718
2022-03-15,Napa,055,140530,25690,25657,935,26592,138
2022-03-15,Nevada,057,99092,15894,15960,1185,17145,123
2022-03-15,Orange,059,3164182,544684,543197,40954,584151,6780
2022-03-15,Placer,061,380077,62493,62398,7295,69693,604
2022-03-15,Plumas,063,18699,2962,2722,358,3080,13
2022-03-15,Riverside,065,2383286,589834,588622,27613,616235,6333
2022-03-15,Sacramento,067,1510023,279680,274633,26304,300937,2907
2022-03-15,San Benito,069,59416,12852,12849,507,13356,95
2022-03-15,San Bernardino,071,2135413,572868,559605,24795,584400,6770
2022-03-15,San Diego,073,3302833,748080,746474,52373,798847,5116
2022-03-15,San Francisco,075,870044,123207,123526,8124,131650,831
2022-03-15,San Joaquin,077,732212,165902,165664,9838,175502,2161
2022-03-15,San Luis Obispo,079,281455,52232,52060,3713,55773,458
2022-03-15,San Mateo,081,765935,120764,119586,6865,126451,649
2022-03-15,Santa Barbara,083,443738,85422,85353,4665,90018,668
2022-03-15,Santa Clara,085,1922200,308692,309535,12193,321728,2224
2022-03-15,Santa Cruz,087,273765,47441,47117,2065,49182,255
2022-03-15,Shasta,089,179085,30461,30476,6068,36544,524
2022-03-15,Sierra,091,2930,271,273,48,321,4
2022-03-15,Siskiyou,093,43540,4434,4420,2712,7132,76
2022-03-15,Solano,095,438530,81110,81260,5530,86790,440
2022-03-15,Sonoma,097,501317,82984,82737,2566,85303,472
2022-03-15,Stanislaus,099,539301,117182,118085,17757,135842,1567
2022-03-15,Sutter,101,95872,20412,20480,2027,22507,217
2022-03-15,Tehama,103,63373,12012,11997,2569,14566,160
2022-03-15,Trinity,105,12862,1182,1173,287,1460,20
2022-03-15,Tulare,107,460477,106087,104153,27444,131597,1375
2022-03-15,Tuolumne,109,53932,12639,12602,557,13159,180
2022-03-15,Ventura,111,848112,172488,172150,9337,181487,1451
2022-03-15,Yolo,113,214977,36810,36079,3013,39092,308
2022-03-15,Yuba,115,75493,15768,15756,1176,16932,116
2022-03-14,Alameda,001,1643700,254185,253629,13498,267127,1791
2022-03-14,Alpine,003,1148,122,122,1,123,0
2022-03-14,Amador,005,37829,8487,8448,638,9086,85
2022-03-14,Butte,007,227075,33024,32812,6902,39714,385
2022-03-14,Calaveras,009,45235,7231,7245,343,7588,118
2022-03-14,Colusa,011,21464,3441,3445,1046,4491,21
2022-03-14,Contra Costa,013,1133247,189952,186969,13106,200075,1265
2022-03-14,Del Norte,015,27424,5766,5807,178,5985,48
2022-03-14,El Dorado,017,186661,26627,26570,3190,29760,199
2022-03-14,Fresno,019,978130,230819,228470,23823,252293,2682
2022-03-14,Glenn,021,27897,4982,4966,1595,6561,44
2022-03-14,Humboldt,023,135768,16812,16890,2920,19810,137
2022-03-14,Imperial,025,180216,55203,54933,10504,65437,897
2022-03-14,Inyo,027,18085,4062,4062,467,4529,56
2022-03-14,Kern,029,883053,191370,190526,45615,236141,2166
2022-03-14,Kings,031,150075,51311,51293,3489,54782,437
2022-03-14,Lake,033,64148,10661,10631,878,11509,131
2022-03-14,Lassen,035,31185,8940,8927,872,9799,62
2022-03-14,Los Angeles,037,10098052,2700807,2683369,122417,2805786,31034
2022-03-14,Madera,039,155013,37157,37255,5997,43252,354
2022-03-14,Marin,041,260295,33196,33099,2167,35266,272
2022-03-14,Mariposa,043,17540,2383,2376,196,2572,6
2022-03-14,Mendocino,045,87422,12992,12992,2985,15977,117
2022-03-14,Merced,047,269075,62136,61905,8576,70481,795
2022-03-14,Modoc,049,8938,730,731,249,980,7
2022-03-14,Mono,051,14174,2962,2961,120,3081,5
2022-03-14,Monterey,053,433212,79012,78376,13466,91842,718
2022-03-14,Napa,055,140530,25676,25649,935,26584,138
2022-03-14,Nevada,057,99092,15892,15954,1185,17139,123
2022-03-14,Orange,059,3164182,544547,543099,40945,584044,6775
2022-03-14,Placer,061,380077,62475,62389,7293,69682,601
2022-03-14,Plumas,063,18699,2962,2711,358,3069,13
2022-03-14,Riverside,065,2383286,589700,588531,27603,616134,6332
2022-03-14,Sacramento,067,1510023,279599,274682,26299,300981,2899
2022-03-14,San Benito,069,59416,12847,12846,507,13353,95
2022-03-14,San Bernardino,071,2135413,572780,559505,24790,584295,6767
2022-03-14,San Diego,073,3302833,747777,745515,52344,797859,5108
2022-03-14,San Francisco,075,870044,123116,123575,8118,131693,824
2022-03-14,San Joaquin,077,732212,165863,165662,9837,175499,2142
2022-03-14,San Luis Obispo,079,281455,52204,52046,3710,55756,458
2022-03-14,San Mateo,081,765935,120691,119564,6863,126427,649
2022-03-14,Santa Barbara,083,443738,85385,85396,4664,90060,667
2022-03-14,Santa Clara,085,1922200,308508,309600,12189,321789,2223
2022-03-14,Santa Cruz,087,273765,47403,47107,2063,49170,255
2022-03-14,Shasta,089,179085,30456,30462,6065,36527,520
2022-03-14,Sierra,091,2930,271,273,48,321,4
2022-03-14,Siskiyou,093,43540,4429,4419,2711,7130,76
2022-03-14,Solano,095,438530,81061,81233,5525,86758,440
2022-03-14,Sonoma,097,501317,82948,82731,2562,85293,473
2022-03-14,Stanislaus,099,539301,117146,118088,17753,135841,1567
2022-03-14,Sutter,101,95872,20405,20478,2027,22505,217
2022-03-14,Tehama,103,63373,12010,11996,2569,14565,160
2022-03-14,Trinity,105,12862,1182,1172,287,1459,20
2022-03-14,Tulare,107,460477,106059,104121,27437,131558,1365
2022-03-14,Tuolumne,109,53932,12638,12567,556,13123,180
2022-03-14,Ventura,111,848112,172435,172107,9335,181442,1442
2022-03-14,Yolo,113,214977,36794,36059,3011,39070,308
2022-03-14,Yuba,115,75493,15756,15748,1176,16924,116
2022-03-13,Alameda,001,1643700,254062,253547,13490,267037,1792
2022-03-13,Alpine,003,1148,122,122,1,123,0
2022-03-13,Amador,005,37829,8485,8444,638,9082,85
2022-03-13,Butte,007,227075,33005,32806,6899,39705,384
2022-03-13,Calaveras,009,45235,7226,7253,343,7596,118
2022-03-13,Colusa,011,21464,3441,3444,1044,4488,21
2022-03-13,Contra Costa,013,1133247,189855,186911,13093,200004,1265
2022-03-13,Del Norte,015,27424,5762,5808,178,5986,48
2022-03-13,El Dorado,017,186661,26622,26563,3189,29752,199
2022-03-13,Fresno,019,978130,230739,228421,23809,252230,2683
2022-03-13,Glenn,021,27897,4979,4966,1594,6560,44
2022-03-13,Humboldt,023,135768,16804,16883,2920,19803,137
2022-03-13,Imperial,025,180216,55192,54934,10502,65436,897
2022-03-13,Inyo,027,18085,4062,4062,466,4528,56
2022-03-13,Kern,029,883053,191316,190495,45603,236098,2166
2022-03-13,Kings,031,150075,51303,51273,3489,54762,437
2022-03-13,Lake,033,64148,10658,10626,878,11504,131
2022-03-13,Lassen,035,31185,8939,8929,871,9800,62
2022-03-13,Los Angeles,037,10098052,2700082,2683351,122373,2805724,31034
2022-03-13,Madera,039,155013,37149,37248,5997,43245,354
2022-03-13,Marin,041,260295,33172,33083,2165,35248,272
2022-03-13,Mariposa,043,17540,2381,2376,196,2572,6
2022-03-13,Mendocino,045,87422,12986,12987,2980,15967,117
2022-03-13,Merced,047,269075,62114,61895,8567,70462,795
2022-03-13,Modoc,049,8938,730,731,249,980,7
2022-03-13,Mono,051,14174,2962,2961,120,3081,5
2022-03-13,Monterey,053,433212,78976,78366,13418,91784,718
2022-03-13,Napa,055,140530,25662,25639,934,26573,138
2022-03-13,Nevada,057,99092,15885,15959,1185,17144,123
2022-03-13,Orange,059,3164182,544427,543036,40920,583956,6774
2022-03-13,Placer,061,380077,62448,62372,7290,69662,601
2022-03-13,Plumas,063,18699,2962,2711,358,3069,13
2022-03-13,Riverside,065,2383286,589567,588487,27597,616084,6332
2022-03-13,Sacramento,067,1510023,279501,274715,26287,301002,2899
2022-03-13,San Benito,069,59416,12841,12844,505,13349,95
2022-03-13,San Bernardino,071,2135413,572690,559450,24780,584230,6767
2022-03-13,San Diego,073,3302833,747436,745515,52310,797825,5108
2022-03-13,San Francisco,075,870044,122995,123622,8112,131734,824
2022-03-13,San Joaquin,077,732212,165814,165641,9835,175476,2142
2022-03-13,San Luis Obispo,079,281455,52175,52040,3707,55747,458
2022-03-13,San Mateo,081,765935,120613,119521,6854,126375,649
2022-03-13,Santa Barbara,083,443738,85345,85453,4662,90115,667
2022-03-13,Santa Clara,085,1922200,308337,309493,12181,321674,2225
2022-03-13,Santa Cruz,087,273765,47351,47087,2063,49150,255
2022-03-13,Shasta,089,179085,30439,30457,6063,36520,520
2022-03-13,Sierra,091,2930,271,273,48,321,4
2022-03-13,Siskiyou,093,43540,4429,4418,2711,7129,76
2022-03-13,Solano,095,438530,81026,81217,5520,86737,440
2022-03-13,Sonoma,097,501317,82913,82711,2558,85269,473
2022-03-13,Stanislaus,099,539301,117113,118075,17748,135823,1567
2022-03-13,Sutter,101,95872,20401,20474,2027,22501,217
2022-03-13,Tehama,103,63373,12009,11997,2568,14565,160
2022-03-13,Trinity,105,12862,1182,1172,287,1459,20
2022-03-13,Tulare,107,460477,106026,104119,27429,131548,1365
2022-03-13,Tuolumne,109,53932,12635,12565,556,13121,180
2022-03-13,Ventura,111,848112,172377,172080,9328,181408,1442
2022-03-13,Yolo,113,214977,36775,36019,3009,39028,308
2022-03-13,Yuba,115,75493,15751,15741,1176,16917,116
2022-03-12,Alameda,001,1643700,253994,253079,13485,266564,1783
2022-03-12,Alpine,003,1148,122,122,1,123,0
2022-03-12,Amador,005,37829,8481,8427,638,9065,84
2022-03-12,Butte,007,227075,33000,32774,6897,39671,380
2022-03-12,Calaveras,009,45235,7225,7253,343,7596,118
2022-03-12,Colusa,011,21464,3441,3440,1044,4484,21
2022-03-12,Contra Costa,013,1133247,189813,186618,13092,199710,1256
2022-03-12,Del Norte,015,27424,5761,5791,178,5969,48
2022-03-12,El Dorado,017,186661,26618,26538,3189,29727,199
2022-03-12,Fresno,019,978130,230717,228041,23809,251850,2653
2022-03-12,Glenn,021,27897,4979,4955,1594,6549,44
2022-03-12,Humboldt,023,135768,16800,16862,2919,19781,137
2022-03-12,Imperial,025,180216,55187,54837,10499,65336,896
2022-03-12,Inyo,027,18085,4062,4056,466,4522,56
2022-03-12,Kern,029,883053,191299,190330,45598,235928,2162
2022-03-12,Kings,031,150075,51297,51145,3489,54634,436
2022-03-12,Lake,033,64148,10656,10594,877,11471,131
2022-03-12,Lassen,035,31185,8938,8915,871,9786,62
2022-03-12,Los Angeles,037,10098052,2699753,2678858,122353,2801211,30901
2022-03-12,Madera,039,155013,37144,37223,5997,43220,354
2022-03-12,Marin,041,260295,33147,33015,2164,35179,272
2022-03-12,Mariposa,043,17540,2381,2372,196,2568,6
2022-03-12,Mendocino,045,87422,12982,12965,2980,15945,117
2022-03-12,Merced,047,269075,62107,61840,8566,70406,795
2022-03-12,Modoc,049,8938,730,730,249,979,7
2022-03-12,Mono,051,14174,2962,2960,119,3079,5
2022-03-12,Monterey,053,433212,78969,78285,13416,91701,716
2022-03-12,Napa,055,140530,25652,25584,933,26517,138
2022-03-12,Nevada,057,99092,15879,15947,1185,17132,123
2022-03-12,Orange,059,3164182,544363,542354,40911,583265,6718
2022-03-12,Placer,061,380077,62439,62282,7290,69572,598
2022-03-12,Plumas,063,18699,2962,2707,358,3065,13
2022-03-12,Riverside,065,2383286,589502,588022,27592,615614,6317
2022-03-12,Sacramento,067,1510023,279461,274519,26283,300802,2886
2022-03-12,San Benito,069,59416,12838,12868,505,13373,95
2022-03-12,San Bernardino,071,2135413,572646,559013,24779,583792,6734
2022-03-12,San Diego,073,3302833,747314,744386,52288,796674,5090
2022-03-12,San Francisco,075,870044,122930,123610,8106,131716,823
2022-03-12,San Joaquin,077,732212,165797,165516,9832,175348,2117
2022-03-12,San Luis Obispo,079,281455,52166,51947,3704,55651,457
2022-03-12,San Mateo,081,765935,120577,119288,6853,126141,641
2022-03-12,Santa Barbara,083,443738,85326,85421,4662,90083,664
2022-03-12,Santa Clara,085,1922200,308239,308989,12176,321165,2208
2022-03-12,Santa Cruz,087,273765,47338,46982,2062,49044,254
2022-03-12,Shasta,089,179085,30427,30419,6061,36480,517
2022-03-12,Sierra,091,2930,271,273,48,321,4
2022-03-12,Siskiyou,093,43540,4429,4405,2711,7116,75
2022-03-12,Solano,095,438530,81012,81058,5520,86578,436
2022-03-12,Sonoma,097,501317,82896,82622,2556,85178,473
2022-03-12,Stanislaus,099,539301,117099,117884,17747,135631,1564
2022-03-12,Sutter,101,95872,20400,20429,2027,22456,217
2022-03-12,Tehama,103,63373,12009,11983,2568,14551,159
2022-03-12,Trinity,105,12862,1181,1172,287,1459,20
2022-03-12,Tulare,107,460477,106021,103994,27425,131419,1358
2022-03-12,Tuolumne,109,53932,12634,12476,556,13032,180
2022-03-12,Ventura,111,848112,172352,171932,9327,181259,1442
2022-03-12,Yolo,113,214977,36768,35982,3007,38989,308
2022-03-12,Yuba,115,75493,15751,15722,1176,16898,116
2022-03-11,Alameda,001,1643700,253929,253079,13485,266564,1783
2022-03-11,Alpine,003,1148,122,122,1,123,0
2022-03-11,Amador,005,37829,8479,8427,638,9065,84
2022-03-11,Butte,007,227075,32996,32774,6896,39670,380
2022-03-11,Calaveras,009,45235,7225,7253,343,7596,118
2022-03-11,Colusa,011,21464,3441,3440,1044,4484,21
2022-03-11,Contra Costa,013,1133247,189765,186618,13090,199708,1256
2022-03-11,Del Norte,015,27424,5757,5791,178,5969,48
2022-03-11,El Dorado,017,186661,26614,26538,3189,29727,199
2022-03-11,Fresno,019,978130,230663,228041,23805,251846,2653
2022-03-11,Glenn,021,27897,4979,4955,1594,6549,44
2022-03-11,Humboldt,023,135768,16795,16862,2918,19780,137
2022-03-11,Imperial,025,180216,55181,54837,10498,65335,896
2022-03-11,Inyo,027,18085,4062,4056,466,4522,56
2022-03-11,Kern,029,883053,191278,190330,45593,235923,2162
2022-03-11,Kings,031,150075,51277,51145,3489,54634,436
2022-03-11,Lake,033,64148,10652,10594,877,11471,131
2022-03-11,Lassen,035,31185,8937,8915,871,9786,62
2022-03-11,Los Angeles,037,10098052,2699430,2678858,122328,2801186,30901
2022-03-11,Madera,039,155013,37139,37223,5997,43220,354
2022-03-11,Marin,041,260295,33131,33015,2163,35178,272
2022-03-11,Mariposa,043,17540,2380,2372,196,2568,6
2022-03-11,Mendocino,045,87422,12976,12965,2980,15945,117
2022-03-11,Merced,047,269075,62098,61840,8564,70404,795
2022-03-11,Modoc,049,8938,730,730,249,979,7
2022-03-11,Mono,051,14174,2961,2960,119,3079,5
2022-03-11,Monterey,053,433212,78956,78285,13409,91694,716
2022-03-11,Napa,055,140530,25641,25584,933,26517,138
2022-03-11,Nevada,057,99092,15876,15947,1185,17132,123
2022-03-11,Orange,059,3164182,544294,542354,40897,583251,6718
2022-03-11,Placer,061,380077,62428,62282,7289,69571,598
2022-03-11,Plumas,063,18699,2960,2707,358,3065,13
2022-03-11,Riverside,065,2383286,589425,588022,27588,615610,6317
2022-03-11,Sacramento,067,1510023,279393,274519,26280,300799,2886
2022-03-11,San Benito,069,59416,12837,12868,505,13373,95
2022-03-11,San Bernardino,071,2135413,572589,559013,24774,583787,6734
2022-03-11,San Diego,073,3302833,747148,744386,52274,796660,5090
2022-03-11,San Francisco,075,870044,122879,123610,8102,131712,823
2022-03-11,San Joaquin,077,732212,165763,165516,9829,175345,2117
2022-03-11,San Luis Obispo,079,281455,52158,51947,3703,55650,457
2022-03-11,San Mateo,081,765935,120528,119288,6850,126138,641
2022-03-11,Santa Barbara,083,443738,85306,85421,4661,90082,664
2022-03-11,Santa Clara,085,1922200,308139,308989,12173,321162,2208
2022-03-11,Santa Cruz,087,273765,47323,46982,2062,49044,254
2022-03-11,Shasta,089,179085,30422,30419,6058,36477,517
2022-03-11,Sierra,091,2930,271,273,48,321,4
2022-03-11,Siskiyou,093,43540,4427,4405,2709,7114,75
2022-03-11,Solano,095,438530,80998,81058,5519,86577,436
2022-03-11,Sonoma,097,501317,82871,82622,2554,85176,473
2022-03-11,Stanislaus,099,539301,117085,117884,17745,135629,1564
2022-03-11,Sutter,101,95872,20398,20429,2027,22456,217
2022-03-11,Tehama,103,63373,12007,11983,2568,14551,159
2022-03-11,Trinity,105,12862,1181,1172,287,1459,20
2022-03-11,Tulare,107,460477,106007,103994,27419,131413,1358
2022-03-11,Tuolumne,109,53932,12632,12476,556,13032,180
2022-03-11,Ventura,111,848112,172316,171932,9322,181254,1442
2022-03-11,Yolo,113,214977,36757,35982,3007,38989,308
2022-03-11,Yuba,115,75493,15748,15722,1176,16898,116
2022-03-10,Alameda,001,1643700,253818,253079,13479,266558,1783
2022-03-10,Alpine,003,1148,122,122,1,123,0
2022-03-10,Amador,005,37829,8478,8427,638,9065,84
2022-03-10,Butte,007,227075,32980,32774,6894,39668,380
2022-03-10,Calaveras,009,45235,7224,7253,342,7595,118
2022-03-10,Colusa,011,21464,3441,3440,1044,4484,21
2022-03-10,Contra Costa,013,1133247,189681,186618,13080,199698,1256
2022-03-10,Del Norte,015,27424,5748,5791,178,5969,48
2022-03-10,El Dorado,017,186661,26602,26538,3188,29726,199
2022-03-10,Fresno,019,978130,230590,228041,23795,251836,2653
2022-03-10,Glenn,021,27897,4976,4955,1594,6549,44
2022-03-10,Humboldt,023,135768,16786,16862,2917,19779,137
2022-03-10,Imperial,025,180216,55171,54837,10497,65334,896
2022-03-10,Inyo,027,18085,4061,4056,466,4522,56
2022-03-10,Kern,029,883053,191245,190330,45579,235909,2162
2022-03-10,Kings,031,150075,51248,51145,3488,54633,436
2022-03-10,Lake,033,64148,10642,10594,876,11470,131
2022-03-10,Lassen,035,31185,8937,8915,871,9786,62
2022-03-10,Los Angeles,037,10098052,2698875,2678858,122289,2801147,30901
2022-03-10,Madera,039,155013,37133,37223,5990,43213,354
2022-03-10,Marin,041,260295,33118,33015,2159,35174,272
2022-03-10,Mariposa,043,17540,2380,2372,196,2568,6
2022-03-10,Mendocino,045,87422,12973,12965,2980,15945,117
2022-03-10,Merced,047,269075,62082,61840,8559,70399,795
2022-03-10,Modoc,049,8938,729,730,249,979,7
2022-03-10,Mono,051,14174,2961,2960,119,3079,5
2022-03-10,Monterey,053,433212,78933,78285,13384,91669,716
2022-03-10,Napa,055,140530,25632,25584,932,26516,138
2022-03-10,Nevada,057,99092,15869,15947,1185,17132,123
2022-03-10,Orange,059,3164182,544173,542354,40880,583234,6718
2022-03-10,Placer,061,380077,62406,62282,7284,69566,598
2022-03-10,Plumas,063,18699,2959,2707,358,3065,13
2022-03-10,Riverside,065,2383286,589310,588022,27583,615605,6317
2022-03-10,Sacramento,067,1510023,279315,274519,26274,300793,2886
2022-03-10,San Benito,069,59416,12836,12868,504,13372,95
2022-03-10,San Bernardino,071,2135413,572516,559013,24770,583783,6734
2022-03-10,San Diego,073,3302833,746890,744386,52243,796629,5090
2022-03-10,San Francisco,075,870044,122811,123610,8096,131706,823
2022-03-10,San Joaquin,077,732212,165732,165516,9827,175343,2117
2022-03-10,San Luis Obispo,079,281455,52135,51947,3700,55647,457
2022-03-10,San Mateo,081,765935,120465,119288,6848,126136,641
2022-03-10,Santa Barbara,083,443738,85274,85421,4660,90081,664
2022-03-10,Santa Clara,085,1922200,308013,308989,12165,321154,2208
2022-03-10,Santa Cruz,087,273765,47291,46982,2062,49044,254
2022-03-10,Shasta,089,179085,30413,30419,6056,36475,517
2022-03-10,Sierra,091,2930,271,273,48,321,4
2022-03-10,Siskiyou,093,43540,4427,4405,2709,7114,75
2022-03-10,Solano,095,438530,80962,81058,5514,86572,436
2022-03-10,Sonoma,097,501317,82844,82622,2554,85176,473
2022-03-10,Stanislaus,099,539301,117051,117884,17743,135627,1564
2022-03-10,Sutter,101,95872,20394,20429,2027,22456,217
2022-03-10,Tehama,103,63373,12006,11983,2568,14551,159
2022-03-10,Trinity,105,12862,1181,1172,287,1459,20
2022-03-10,Tulare,107,460477,105989,103994,27413,131407,1358
2022-03-10,Tuolumne,109,53932,12629,12476,556,13032,180
2022-03-10,Ventura,111,848112,172275,171932,9319,181251,1442
2022-03-10,Yolo,113,214977,36744,35982,3006,38988,308
2022-03-10,Yuba,115,75493,15738,15722,1175,16897,116
2022-03-09,Alameda,001,1643700,253695,252893,13474,266367,1781
2022-03-09,Alpine,003,1148,122,125,1,126,0
2022-03-09,Amador,005,37829,8472,8409,638,9047,84
2022-03-09,Butte,007,227075,32971,32767,6890,39657,380
2022-03-09,Calaveras,009,45235,7222,7249,342,7591,117
2022-03-09,Colusa,011,21464,3440,3439,1044,4483,21
2022-03-09,Contra Costa,013,1133247,189587,186483,13065,199548,1256
2022-03-09,Del Norte,015,27424,5744,5765,178,5943,48
2022-03-09,El Dorado,017,186661,26597,26515,3188,29703,198
2022-03-09,Fresno,019,978130,230491,227885,23788,251673,2653
2022-03-09,Glenn,021,27897,4975,4953,1593,6546,44
2022-03-09,Humboldt,023,135768,16781,16854,2914,19768,137
2022-03-09,Imperial,025,180216,55166,54764,10495,65259,894
2022-03-09,Inyo,027,18085,4061,4056,466,4522,56
2022-03-09,Kern,029,883053,191197,190254,45567,235821,2159
2022-03-09,Kings,031,150075,51227,51122,3488,54610,435
2022-03-09,Lake,033,64148,10635,10586,876,11462,130
2022-03-09,Lassen,035,31185,8937,8901,871,9772,62
2022-03-09,Los Angeles,037,10098052,2698227,2677901,122250,2800151,30842
2022-03-09,Madera,039,155013,37126,37207,5989,43196,354
2022-03-09,Marin,041,260295,33100,32967,2159,35126,272
2022-03-09,Mariposa,043,17540,2377,2372,196,2568,6
2022-03-09,Mendocino,045,87422,12969,12957,2975,15932,117
2022-03-09,Merced,047,269075,62066,61792,8553,70345,792
2022-03-09,Modoc,049,8938,728,730,248,978,7
2022-03-09,Mono,051,14174,2961,2962,119,3081,5
2022-03-09,Monterey,053,433212,78911,78258,13341,91599,716
2022-03-09,Napa,055,140530,25611,25561,931,26492,138
2022-03-09,Nevada,057,99092,15860,15938,1184,17122,123
2022-03-09,Orange,059,3164182,544043,542278,40868,583146,6700
2022-03-09,Placer,061,380077,62385,62242,7280,69522,598
2022-03-09,Plumas,063,18699,2958,2708,358,3066,13
2022-03-09,Riverside,065,2383286,589214,587833,27573,615406,6305
2022-03-09,Sacramento,067,1510023,279231,274373,26258,300631,2877
2022-03-09,San Benito,069,59416,12833,12864,504,13368,95
2022-03-09,San Bernardino,071,2135413,572424,558795,24759,583554,6723
2022-03-09,San Diego,073,3302833,746619,743956,52216,796172,5083
2022-03-09,San Francisco,075,870044,122721,123676,8092,131768,812
2022-03-09,San Joaquin,077,732212,165692,165444,9821,175265,2113
2022-03-09,San Luis Obispo,079,281455,52116,51923,3698,55621,457
2022-03-09,San Mateo,081,765935,120407,119194,6836,126030,639
2022-03-09,Santa Barbara,083,443738,85260,85382,4658,90040,661
2022-03-09,Santa Clara,085,1922200,307877,308765,12155,320920,2206
2022-03-09,Santa Cruz,087,273765,47251,46917,2061,48978,254
2022-03-09,Shasta,089,179085,30391,30407,6055,36462,493
2022-03-09,Sierra,091,2930,271,273,48,321,4
2022-03-09,Siskiyou,093,43540,4425,4403,2708,7111,75
2022-03-09,Solano,095,438530,80926,80984,5513,86497,436
2022-03-09,Sonoma,097,501317,82811,82574,2552,85126,473
2022-03-09,Stanislaus,099,539301,117014,117827,17738,135565,1541
2022-03-09,Sutter,101,95872,20383,20409,2023,22432,217
2022-03-09,Tehama,103,63373,12002,11980,2568,14548,159
2022-03-09,Trinity,105,12862,1181,1174,287,1461,20
2022-03-09,Tulare,107,460477,105961,103932,27400,131332,1350
2022-03-09,Tuolumne,109,53932,12627,12444,556,13000,180
2022-03-09,Ventura,111,848112,172225,171852,9316,181168,1448
2022-03-09,Yolo,113,214977,36725,35973,2994,38967,308
2022-03-09,Yuba,115,75493,15733,15714,1174,16888,115
2022-03-08,Alameda,001,1643700,253540,252744,13462,266206,1769
2022-03-08,Alpine,003,1148,122,125,1,126,0
2022-03-08,Amador,005,37829,8458,8407,638,9045,84
2022-03-08,Butte,007,227075,32957,32759,6886,39645,380
2022-03-08,Calaveras,009,45235,7218,7245,342,7587,117
2022-03-08,Colusa,011,21464,3437,3439,1043,4482,21
2022-03-08,Contra Costa,013,1133247,189500,186396,13052,199448,1256
2022-03-08,Del Norte,015,27424,5739,5763,178,5941,48
2022-03-08,El Dorado,017,186661,26587,26503,3182,29685,197
2022-03-08,Fresno,019,978130,230393,227808,23779,251587,2653
2022-03-08,Glenn,021,27897,4973,4944,1592,6536,43
2022-03-08,Humboldt,023,135768,16769,16837,2901,19738,137
2022-03-08,Imperial,025,180216,55151,54721,10493,65214,890
2022-03-08,Inyo,027,18085,4058,4056,466,4522,56
2022-03-08,Kern,029,883053,191133,190208,45553,235761,2154
2022-03-08,Kings,031,150075,51185,51089,3486,54575,434
2022-03-08,Lake,033,64148,10625,10571,876,11447,130
2022-03-08,Lassen,035,31185,8936,8897,871,9768,62
2022-03-08,Los Angeles,037,10098052,2697534,2677166,122212,2799378,30803
2022-03-08,Madera,039,155013,37116,37185,5988,43173,354
2022-03-08,Marin,041,260295,33063,32943,2158,35101,272
2022-03-08,Mariposa,043,17540,2375,2371,196,2567,6
2022-03-08,Mendocino,045,87422,12965,12950,2974,15924,117
2022-03-08,Merced,047,269075,62047,61767,8543,70310,791
2022-03-08,Modoc,049,8938,727,729,248,977,7
2022-03-08,Mono,051,14174,2960,2961,119,3080,5
2022-03-08,Monterey,053,433212,78891,78247,13304,91551,711
2022-03-08,Napa,055,140530,25585,25528,930,26458,137
2022-03-08,Nevada,057,99092,15849,15939,1183,17122,122
2022-03-08,Orange,059,3164182,543898,542164,40848,583012,6692
2022-03-08,Placer,061,380077,62358,62221,7279,69500,594
2022-03-08,Plumas,063,18699,2958,2703,358,3061,13
2022-03-08,Riverside,065,2383286,589106,587686,27566,615252,6294
2022-03-08,Sacramento,067,1510023,279136,274276,26239,300515,2872
2022-03-08,San Benito,069,59416,12831,12855,504,13359,94
2022-03-08,San Bernardino,071,2135413,572331,558512,24750,583262,6715
2022-03-08,San Diego,073,3302833,746275,743604,52199,795803,5077
2022-03-08,San Francisco,075,870044,122632,123675,8087,131762,807
2022-03-08,San Joaquin,077,732212,165658,165381,9817,175198,2104
2022-03-08,San Luis Obispo,079,281455,52088,51900,3695,55595,451
2022-03-08,San Mateo,081,765935,120326,119103,6826,125929,638
2022-03-08,Santa Barbara,083,443738,85228,85363,4658,90021,659
2022-03-08,Santa Clara,085,1922200,307668,308528,12147,320675,2206
2022-03-08,Santa Cruz,087,273765,47214,46875,2060,48935,254
2022-03-08,Shasta,089,179085,30372,30372,6052,36424,493
2022-03-08,Sierra,091,2930,271,273,48,321,4
2022-03-08,Siskiyou,093,43540,4421,4404,2708,7112,74
2022-03-08,Solano,095,438530,80898,80924,5510,86434,434
2022-03-08,Sonoma,097,501317,82763,82571,2551,85122,473
2022-03-08,Stanislaus,099,539301,116970,117782,17729,135511,1541
2022-03-08,Sutter,101,95872,20375,20403,2023,22426,217
2022-03-08,Tehama,103,63373,11998,11972,2567,14539,158
2022-03-08,Trinity,105,12862,1181,1174,287,1461,20
2022-03-08,Tulare,107,460477,105922,103893,27389,131282,1334
2022-03-08,Tuolumne,109,53932,12622,12427,554,12981,180
2022-03-08,Ventura,111,848112,172161,171806,9309,181115,1447
2022-03-08,Yolo,113,214977,36699,35946,2993,38939,306
2022-03-08,Yuba,115,75493,15728,15705,1173,16878,115
2022-03-07,Alameda,001,1643700,253337,252578,13446,266024,1766
2022-03-07,Alpine,003,1148,122,125,1,126,0
2022-03-07,Amador,005,37829,8455,8368,638,9006,84
2022-03-07,Butte,007,227075,32942,32734,6882,39616,378
2022-03-07,Calaveras,009,45235,7214,7242,342,7584,116
2022-03-07,Colusa,011,21464,3437,3437,1043,4480,21
2022-03-07,Contra Costa,013,1133247,189400,186087,13031,199118,1256
2022-03-07,Del Norte,015,27424,5735,5758,178,5936,48
2022-03-07,El Dorado,017,186661,26581,26487,3181,29668,196
2022-03-07,Fresno,019,978130,230303,227670,23756,251426,2653
2022-03-07,Glenn,021,27897,4970,4939,1592,6531,43
2022-03-07,Humboldt,023,135768,16755,16829,2896,19725,137
2022-03-07,Imperial,025,180216,55129,54712,10488,65200,890
2022-03-07,Inyo,027,18085,4056,4054,466,4520,56
2022-03-07,Kern,029,883053,191070,190163,45530,235693,2152
2022-03-07,Kings,031,150075,51155,51065,3481,54546,433
2022-03-07,Lake,033,64148,10613,10562,875,11437,130
2022-03-07,Lassen,035,31185,8935,8896,871,9767,62
2022-03-07,Los Angeles,037,10098052,2696724,2675497,122173,2797670,30759
2022-03-07,Madera,039,155013,37106,37164,5986,43150,354
2022-03-07,Marin,041,260295,33026,32919,2155,35074,272
2022-03-07,Mariposa,043,17540,2374,2369,196,2565,6
2022-03-07,Mendocino,045,87422,12958,12940,2973,15913,117
2022-03-07,Merced,047,269075,62007,61751,8536,70287,791
2022-03-07,Modoc,049,8938,727,729,248,977,7
2022-03-07,Mono,051,14174,2960,2960,119,3079,5
2022-03-07,Monterey,053,433212,78857,78161,13256,91417,706
2022-03-07,Napa,055,140530,25556,25500,930,26430,136
2022-03-07,Nevada,057,99092,15842,15935,1177,17112,122
2022-03-07,Orange,059,3164182,543727,542028,40822,582850,6687
2022-03-07,Placer,061,380077,62329,62215,7278,69493,591
2022-03-07,Plumas,063,18699,2958,2702,358,3060,13
2022-03-07,Riverside,065,2383286,588979,587537,27558,615095,6279
2022-03-07,Sacramento,067,1510023,279035,274079,26226,300305,2866
2022-03-07,San Benito,069,59416,12825,12843,504,13347,94
2022-03-07,San Bernardino,071,2135413,572226,558265,24740,583005,6703
2022-03-07,San Diego,073,3302833,745933,742287,52156,794443,5068
2022-03-07,San Francisco,075,870044,122520,123655,8081,131736,807
2022-03-07,San Joaquin,077,732212,165608,165343,9810,175153,2091
2022-03-07,San Luis Obispo,079,281455,52044,51874,3692,55566,448
2022-03-07,San Mateo,081,765935,120250,119035,6819,125854,630
2022-03-07,Santa Barbara,083,443738,85190,85345,4657,90002,659
2022-03-07,Santa Clara,085,1922200,307481,308517,12141,320658,2202
2022-03-07,Santa Cruz,087,273765,47164,46823,2059,48882,254
2022-03-07,Shasta,089,179085,30359,30352,6049,36401,493
2022-03-07,Sierra,091,2930,271,273,48,321,4
2022-03-07,Siskiyou,093,43540,4417,4398,2707,7105,74
2022-03-07,Solano,095,438530,80841,80886,5508,86394,435
2022-03-07,Sonoma,097,501317,82720,82530,2550,85080,473
2022-03-07,Stanislaus,099,539301,116931,117713,17722,135435,1537
2022-03-07,Sutter,101,95872,20364,20400,2022,22422,217
2022-03-07,Tehama,103,63373,11993,11966,2566,14532,158
2022-03-07,Trinity,105,12862,1179,1173,287,1460,20
2022-03-07,Tulare,107,460477,105886,103834,27379,131213,1316
2022-03-07,Tuolumne,109,53932,12616,12408,553,12961,179
2022-03-07,Ventura,111,848112,172110,171886,9307,181193,1436
2022-03-07,Yolo,113,214977,36676,35934,2987,38921,306
2022-03-07,Yuba,115,75493,15721,15701,1172,16873,115
2022-03-06,Alameda,001,1643700,253150,252460,13437,265897,1766
2022-03-06,Alpine,003,1148,122,125,1,126,0
2022-03-06,Amador,005,37829,8452,8367,636,9003,84
2022-03-06,Butte,007,227075,32930,32714,6877,39591,376
2022-03-06,Calaveras,009,45235,7212,7236,341,7577,116
2022-03-06,Colusa,011,21464,3435,3435,1042,4477,21
2022-03-06,Contra Costa,013,1133247,189286,185974,13006,198980,1256
2022-03-06,Del Norte,015,27424,5720,5744,177,5921,48
2022-03-06,El Dorado,017,186661,26573,26478,3179,29657,196
2022-03-06,Fresno,019,978130,230160,227514,23746,251260,2653
2022-03-06,Glenn,021,27897,4967,4939,1592,6531,43
2022-03-06,Humboldt,023,135768,16745,16813,2893,19706,137
2022-03-06,Imperial,025,180216,55111,54719,10478,65197,890
2022-03-06,Inyo,027,18085,4054,4053,466,4519,56
2022-03-06,Kern,029,883053,191014,190088,45510,235598,2152
2022-03-06,Kings,031,150075,51085,51050,3479,54529,432
2022-03-06,Lake,033,64148,10599,10539,874,11413,130
2022-03-06,Lassen,035,31185,8922,8887,870,9757,62
2022-03-06,Los Angeles,037,10098052,2695792,2675456,122116,2797572,30759
2022-03-06,Madera,039,155013,37076,37135,5979,43114,354
2022-03-06,Marin,041,260295,33000,32879,2154,35033,272
2022-03-06,Mariposa,043,17540,2373,2365,195,2560,6
2022-03-06,Mendocino,045,87422,12946,12923,2969,15892,116
2022-03-06,Merced,047,269075,61975,61722,8519,70241,791
2022-03-06,Modoc,049,8938,727,729,248,977,7
2022-03-06,Mono,051,14174,2960,2959,119,3078,5
2022-03-06,Monterey,053,433212,78811,78154,13225,91379,706
2022-03-06,Napa,055,140530,25521,25457,928,26385,136
2022-03-06,Nevada,057,99092,15831,15924,1176,17100,122
2022-03-06,Orange,059,3164182,543569,541903,40776,582679,6688
2022-03-06,Placer,061,380077,62296,62185,7274,69459,591
2022-03-06,Plumas,063,18699,2953,2704,358,3062,13
2022-03-06,Riverside,065,2383286,588817,587388,27538,614926,6279
2022-03-06,Sacramento,067,1510023,278900,273935,26203,300138,2869
2022-03-06,San Benito,069,59416,12814,12835,503,13338,94
2022-03-06,San Bernardino,071,2135413,572104,558139,24728,582867,6701
2022-03-06,San Diego,073,3302833,745538,742287,52107,794394,5068
2022-03-06,San Francisco,075,870044,122387,123742,8078,131820,806
2022-03-06,San Joaquin,077,732212,165526,165252,9804,175056,2091
2022-03-06,San Luis Obispo,079,281455,52006,51828,3690,55518,448
2022-03-06,San Mateo,081,765935,120167,118916,6810,125726,630
2022-03-06,Santa Barbara,083,443738,85149,85317,4652,89969,659
2022-03-06,Santa Clara,085,1922200,307223,308250,12139,320389,2201
2022-03-06,Santa Cruz,087,273765,47113,46755,2058,48813,254
2022-03-06,Shasta,089,179085,30336,30332,6033,36365,493
2022-03-06,Sierra,091,2930,271,273,48,321,4
2022-03-06,Siskiyou,093,43540,4413,4398,2705,7103,74
2022-03-06,Solano,095,438530,80784,80833,5502,86335,435
2022-03-06,Sonoma,097,501317,82685,82458,2546,85004,473
2022-03-06,Stanislaus,099,539301,116885,117680,17710,135390,1536
2022-03-06,Sutter,101,95872,20354,20390,2018,22408,217
2022-03-06,Tehama,103,63373,11985,11963,2566,14529,158
2022-03-06,Trinity,105,12862,1179,1172,286,1458,20
2022-03-06,Tulare,107,460477,105830,103794,27367,131161,1316
2022-03-06,Tuolumne,109,53932,12610,12379,551,12930,179
2022-03-06,Ventura,111,848112,172041,171819,9305,181124,1436
2022-03-06,Yolo,113,214977,36650,35882,2984,38866,306
2022-03-06,Yuba,115,75493,15717,15694,1171,16865,115
2022-03-05,Alameda,001,1643700,253034,251988,13432,265420,1760
2022-03-05,Alpine,003,1148,122,125,1,126,0
2022-03-05,Amador,005,37829,8449,8344,636,8980,83
2022-03-05,Butte,007,227075,32922,32663,6873,39536,372
2022-03-05,Calaveras,009,45235,7209,7236,341,7577,116
2022-03-05,Colusa,011,21464,3435,3433,1042,4475,21
2022-03-05,Contra Costa,013,1133247,189223,185734,13001,198735,1235
2022-03-05,Del Norte,015,27424,5717,5725,177,5902,48
2022-03-05,El Dorado,017,186661,26567,26446,3176,29622,193
2022-03-05,Fresno,019,978130,230108,227154,23745,250899,2640
2022-03-05,Glenn,021,27897,4963,4927,1592,6519,43
2022-03-05,Humboldt,023,135768,16739,16781,2891,19672,136
2022-03-05,Imperial,025,180216,55101,54650,10476,65126,880
2022-03-05,Inyo,027,18085,4053,4043,465,4508,56
2022-03-05,Kern,029,883053,190981,189817,45492,235309,2141
2022-03-05,Kings,031,150075,51078,50926,3478,54404,431
2022-03-05,Lake,033,64148,10591,10512,873,11385,130
2022-03-05,Lassen,035,31185,8914,8818,870,9688,62
2022-03-05,Los Angeles,037,10098052,2695432,2671564,122079,2793643,30608
2022-03-05,Madera,039,155013,37061,37100,5979,43079,354
2022-03-05,Marin,041,260295,32988,32829,2154,34983,272
2022-03-05,Mariposa,043,17540,2373,2363,195,2558,6
2022-03-05,Mendocino,045,87422,12943,12845,2969,15814,113
2022-03-05,Merced,047,269075,61965,61653,8519,70172,789
2022-03-05,Modoc,049,8938,727,729,248,977,7
2022-03-05,Mono,051,14174,2960,2961,119,3080,5
2022-03-05,Monterey,053,433212,78792,78028,13218,91246,704
2022-03-05,Napa,055,140530,25503,25405,928,26333,134
2022-03-05,Nevada,057,99092,15827,15907,1176,17083,122
2022-03-05,Orange,059,3164182,543444,541463,40765,582228,6638
2022-03-05,Placer,061,380077,62282,62117,7267,69384,591
2022-03-05,Plumas,063,18699,2952,2701,358,3059,13
2022-03-05,Riverside,065,2383286,588726,586785,27534,614319,6239
2022-03-05,Sacramento,067,1510023,278836,273487,26198,299685,2847
2022-03-05,San Benito,069,59416,12812,12820,503,13323,94
2022-03-05,San Bernardino,071,2135413,572046,557421,24722,582143,6641
2022-03-05,San Diego,073,3302833,745348,740747,52095,792842,5045
2022-03-05,San Francisco,075,870044,122318,123537,8075,131612,798
2022-03-05,San Joaquin,077,732212,165486,165085,9796,174881,2069
2022-03-05,San Luis Obispo,079,281455,51998,51739,3689,55428,446
2022-03-05,San Mateo,081,765935,120112,118646,6806,125452,621
2022-03-05,Santa Barbara,083,443738,85134,85249,4652,89901,655
2022-03-05,Santa Clara,085,1922200,307106,307689,12136,319825,2195
2022-03-05,Santa Cruz,087,273765,47093,46622,2058,48680,253
2022-03-05,Shasta,089,179085,30324,30282,6033,36315,492
2022-03-05,Sierra,091,2930,271,273,47,320,4
2022-03-05,Siskiyou,093,43540,4412,4389,2704,7093,74
2022-03-05,Solano,095,438530,80767,80690,5502,86192,435
2022-03-05,Sonoma,097,501317,82663,82313,2546,84859,473
2022-03-05,Stanislaus,099,539301,116859,117501,17708,135209,1531
2022-03-05,Sutter,101,95872,20346,20346,2018,22364,217
2022-03-05,Tehama,103,63373,11982,11939,2566,14505,158
2022-03-05,Trinity,105,12862,1179,1170,284,1454,20
2022-03-05,Tulare,107,460477,105816,103534,27358,130892,1305
2022-03-05,Tuolumne,109,53932,12606,12325,550,12875,178
2022-03-05,Ventura,111,848112,172000,171666,9303,180969,1436
2022-03-05,Yolo,113,214977,36636,35856,2984,38840,306
2022-03-05,Yuba,115,75493,15709,15666,1171,16837,115
2022-03-04,Alameda,001,1643700,252938,251988,13424,265412,1760
2022-03-04,Alpine,003,1148,122,125,1,126,0
2022-03-04,Amador,005,37829,8448,8344,636,8980,83
2022-03-04,Butte,007,227075,32916,32663,6868,39531,372
2022-03-04,Calaveras,009,45235,7208,7236,341,7577,116
2022-03-04,Colusa,011,21464,3433,3433,1042,4475,21
2022-03-04,Contra Costa,013,1133247,189155,185734,12998,198732,1235
2022-03-04,Del Norte,015,27424,5707,5725,177,5902,48
2022-03-04,El Dorado,017,186661,26563,26446,3176,29622,193
2022-03-04,Fresno,019,978130,230045,227154,23738,250892,2640
2022-03-04,Glenn,021,27897,4962,4927,1592,6519,43
2022-03-04,Humboldt,023,135768,16735,16781,2891,19672,136
2022-03-04,Imperial,025,180216,55094,54650,10472,65122,880
2022-03-04,Inyo,027,18085,4053,4043,465,4508,56
2022-03-04,Kern,029,883053,190939,189817,45482,235299,2141
2022-03-04,Kings,031,150075,51065,50926,3478,54404,431
2022-03-04,Lake,033,64148,10590,10512,873,11385,130
2022-03-04,Lassen,035,31185,8912,8818,870,9688,62
2022-03-04,Los Angeles,037,10098052,2694904,2671564,122050,2793614,30608
2022-03-04,Madera,039,155013,37052,37100,5979,43079,354
2022-03-04,Marin,041,260295,32966,32829,2152,34981,272
2022-03-04,Mariposa,043,17540,2368,2363,195,2558,6
2022-03-04,Mendocino,045,87422,12937,12845,2969,15814,113
2022-03-04,Merced,047,269075,61955,61653,8517,70170,789
2022-03-04,Modoc,049,8938,727,729,248,977,7
2022-03-04,Mono,051,14174,2960,2961,119,3080,5
2022-03-04,Monterey,053,433212,78772,78028,13212,91240,704
2022-03-04,Napa,055,140530,25488,25405,927,26332,134
2022-03-04,Nevada,057,99092,15822,15907,1176,17083,122
2022-03-04,Orange,059,3164182,543325,541463,40747,582210,6638
2022-03-04,Placer,061,380077,62270,62117,7264,69381,591
2022-03-04,Plumas,063,18699,2952,2701,357,3058,13
2022-03-04,Riverside,065,2383286,588639,586785,27533,614318,6239
2022-03-04,Sacramento,067,1510023,278763,273487,26195,299682,2847
2022-03-04,San Benito,069,59416,12808,12820,503,13323,94
2022-03-04,San Bernardino,071,2135413,571964,557421,24721,582142,6641
2022-03-04,San Diego,073,3302833,745110,740747,52078,792825,5045
2022-03-04,San Francisco,075,870044,122254,123537,8068,131605,798
2022-03-04,San Joaquin,077,732212,165454,165085,9795,174880,2069
2022-03-04,San Luis Obispo,079,281455,51989,51739,3688,55427,446
2022-03-04,San Mateo,081,765935,120054,118646,6804,125450,621
2022-03-04,Santa Barbara,083,443738,85111,85249,4652,89901,655
2022-03-04,Santa Clara,085,1922200,306956,307689,12133,319822,2195
2022-03-04,Santa Cruz,087,273765,47071,46622,2058,48680,253
2022-03-04,Shasta,089,179085,30316,30282,6030,36312,492
2022-03-04,Sierra,091,2930,271,273,47,320,4
2022-03-04,Siskiyou,093,43540,4410,4389,2700,7089,74
2022-03-04,Solano,095,438530,80734,80690,5499,86189,435
2022-03-04,Sonoma,097,501317,82632,82313,2545,84858,473
2022-03-04,Stanislaus,099,539301,116840,117501,17706,135207,1531
2022-03-04,Sutter,101,95872,20342,20346,2018,22364,217
2022-03-04,Tehama,103,63373,11979,11939,2566,14505,158
2022-03-04,Trinity,105,12862,1179,1170,284,1454,20
2022-03-04,Tulare,107,460477,105797,103534,27353,130887,1305
2022-03-04,Tuolumne,109,53932,12601,12325,550,12875,178
2022-03-04,Ventura,111,848112,171953,171666,9300,180966,1436
2022-03-04,Yolo,113,214977,36619,35856,2984,38840,306
2022-03-04,Yuba,115,75493,15704,15666,1170,16836,115
2022-03-03,Alameda,001,1643700,252819,251988,13412,265400,1760
2022-03-03,Alpine,003,1148,122,125,1,126,0
2022-03-03,Amador,005,37829,8447,8344,636,8980,83
2022-03-03,Butte,007,227075,32899,32663,6861,39524,372
2022-03-03,Calaveras,009,45235,7196,7236,341,7577,116
2022-03-03,Colusa,011,21464,3433,3433,1042,4475,21
2022-03-03,Contra Costa,013,1133247,189080,185734,12983,198717,1235
2022-03-03,Del Norte,015,27424,5700,5725,177,5902,48
2022-03-03,El Dorado,017,186661,26545,26446,3175,29621,193
2022-03-03,Fresno,019,978130,229918,227154,23730,250884,2640
2022-03-03,Glenn,021,27897,4959,4927,1591,6518,43
2022-03-03,Humboldt,023,135768,16720,16781,2890,19671,136
2022-03-03,Imperial,025,180216,55077,54650,10470,65120,880
2022-03-03,Inyo,027,18085,4052,4043,465,4508,56
2022-03-03,Kern,029,883053,190871,189817,45464,235281,2141
2022-03-03,Kings,031,150075,51042,50926,3476,54402,431
2022-03-03,Lake,033,64148,10585,10512,871,11383,130
2022-03-03,Lassen,035,31185,8904,8818,870,9688,62
2022-03-03,Los Angeles,037,10098052,2694177,2671564,122009,2793573,30608
2022-03-03,Madera,039,155013,37036,37100,5974,43074,354
2022-03-03,Marin,041,260295,32940,32829,2151,34980,272
2022-03-03,Mariposa,043,17540,2367,2363,195,2558,6
2022-03-03,Mendocino,045,87422,12926,12845,2967,15812,113
2022-03-03,Merced,047,269075,61937,61653,8511,70164,789
2022-03-03,Modoc,049,8938,727,729,248,977,7
2022-03-03,Mono,051,14174,2959,2961,119,3080,5
2022-03-03,Monterey,053,433212,78742,78028,13195,91223,704
2022-03-03,Napa,055,140530,25464,25405,926,26331,134
2022-03-03,Nevada,057,99092,15817,15907,1171,17078,122
2022-03-03,Orange,059,3164182,543149,541463,40721,582184,6638
2022-03-03,Placer,061,380077,62248,62117,7261,69378,591
2022-03-03,Plumas,063,18699,2951,2701,357,3058,13
2022-03-03,Riverside,065,2383286,588506,586785,27528,614313,6239
2022-03-03,Sacramento,067,1510023,278652,273487,26178,299665,2847
2022-03-03,San Benito,069,59416,12805,12820,503,13323,94
2022-03-03,San Bernardino,071,2135413,571862,557421,24715,582136,6641
2022-03-03,San Diego,073,3302833,744767,740747,52060,792807,5045
2022-03-03,San Francisco,075,870044,122180,123537,8057,131594,798
2022-03-03,San Joaquin,077,732212,165380,165085,9792,174877,2069
2022-03-03,San Luis Obispo,079,281455,51934,51739,3680,55419,446
2022-03-03,San Mateo,081,765935,119979,118646,6794,125440,621
2022-03-03,Santa Barbara,083,443738,85092,85249,4643,89892,655
2022-03-03,Santa Clara,085,1922200,306775,307689,12118,319807,2195
2022-03-03,Santa Cruz,087,273765,47021,46622,2056,48678,253
2022-03-03,Shasta,089,179085,30298,30282,6028,36310,492
2022-03-03,Sierra,091,2930,271,273,47,320,4
2022-03-03,Siskiyou,093,43540,4407,4389,2700,7089,74
2022-03-03,Solano,095,438530,80685,80690,5497,86187,435
2022-03-03,Sonoma,097,501317,82584,82313,2540,84853,473
2022-03-03,Stanislaus,099,539301,116807,117501,17698,135199,1531
2022-03-03,Sutter,101,95872,20334,20346,2018,22364,217
2022-03-03,Tehama,103,63373,11976,11939,2566,14505,158
2022-03-03,Trinity,105,12862,1178,1170,284,1454,20
2022-03-03,Tulare,107,460477,105754,103534,27345,130879,1305
2022-03-03,Tuolumne,109,53932,12590,12325,550,12875,178
2022-03-03,Ventura,111,848112,171901,171666,9298,180964,1436
2022-03-03,Yolo,113,214977,36595,35856,2979,38835,306
2022-03-03,Yuba,115,75493,15698,15666,1165,16831,115
2022-03-02,Alameda,001,1643700,252641,251886,13395,265281,1759
2022-03-02,Alpine,003,1148,122,125,1,126,0
2022-03-02,Amador,005,37829,8434,8341,636,8977,83
2022-03-02,Butte,007,227075,32887,32636,6857,39493,372
2022-03-02,Calaveras,009,45235,7195,7225,341,7566,116
2022-03-02,Colusa,011,21464,3430,3428,1042,4470,21
2022-03-02,Contra Costa,013,1133247,188987,185589,12965,198554,1236
2022-03-02,Del Norte,015,27424,5693,5708,175,5883,47
2022-03-02,El Dorado,017,186661,26534,26433,3172,29605,192
2022-03-02,Fresno,019,978130,229786,226932,23719,250651,2629
2022-03-02,Glenn,021,27897,4958,4922,1590,6512,43
2022-03-02,Humboldt,023,135768,16710,16747,2883,19630,135
2022-03-02,Imperial,025,180216,55051,54629,10465,65094,878
2022-03-02,Inyo,027,18085,4050,4041,464,4505,56
2022-03-02,Kern,029,883053,190804,189656,45445,235101,2136
2022-03-02,Kings,031,150075,51016,50819,3473,54292,431
2022-03-02,Lake,033,64148,10572,10495,869,11364,130
2022-03-02,Lassen,035,31185,8901,8811,869,9680,62
2022-03-02,Los Angeles,037,10098052,2693296,2670287,121963,2792250,30535
2022-03-02,Madera,039,155013,37019,37077,5972,43049,354
2022-03-02,Marin,041,260295,32922,32794,2150,34944,272
2022-03-02,Mariposa,043,17540,2367,2359,195,2554,6
2022-03-02,Mendocino,045,87422,12913,12832,2962,15794,112
2022-03-02,Merced,047,269075,61911,61606,8502,70108,785
2022-03-02,Modoc,049,8938,727,729,248,977,7
2022-03-02,Mono,051,14174,2959,2961,119,3080,5
2022-03-02,Monterey,053,433212,78705,77963,13172,91135,703
2022-03-02,Napa,055,140530,25415,25382,925,26307,134
2022-03-02,Nevada,057,99092,15806,15920,1170,17090,122
2022-03-02,Orange,059,3164182,542945,541230,40695,581925,6623
2022-03-02,Placer,061,380077,62226,62066,7258,69324,589
2022-03-02,Plumas,063,18699,2951,2700,357,3057,13
2022-03-02,Riverside,065,2383286,588356,586513,27518,614031,6229
2022-03-02,Sacramento,067,1510023,278534,273291,26167,299458,2837
2022-03-02,San Benito,069,59416,12794,12814,503,13317,94
2022-03-02,San Bernardino,071,2135413,571753,557082,24709,581791,6619
2022-03-02,San Diego,073,3302833,744406,739803,52012,791815,5034
2022-03-02,San Francisco,075,870044,122085,123442,8055,131497,792
2022-03-02,San Joaquin,077,732212,165322,164968,9787,174755,2063
2022-03-02,San Luis Obispo,079,281455,51896,51686,3675,55361,446
2022-03-02,San Mateo,081,765935,119892,118518,6778,125296,617
2022-03-02,Santa Barbara,083,443738,85067,85183,4642,89825,655
2022-03-02,Santa Clara,085,1922200,306562,307354,12104,319458,2184
2022-03-02,Santa Cruz,087,273765,46950,46534,2055,48589,253
2022-03-02,Shasta,089,179085,30273,30253,6018,36271,490
2022-03-02,Sierra,091,2930,271,273,47,320,4
2022-03-02,Siskiyou,093,43540,4405,4384,2697,7081,74
2022-03-02,Solano,095,438530,80619,80626,5494,86120,433
2022-03-02,Sonoma,097,501317,82538,82208,2536,84744,473
2022-03-02,Stanislaus,099,539301,116771,117411,17673,135084,1519
2022-03-02,Sutter,101,95872,20312,20317,2001,22318,216
2022-03-02,Tehama,103,63373,11971,11930,2565,14495,158
2022-03-02,Trinity,105,12862,1176,1160,284,1444,20
2022-03-02,Tulare,107,460477,105714,103451,27330,130781,1302
2022-03-02,Tuolumne,109,53932,12585,12297,550,12847,179
2022-03-02,Ventura,111,848112,171848,171770,9294,181064,1427
2022-03-02,Yolo,113,214977,36577,35799,2974,38773,305
2022-03-02,Yuba,115,75493,15685,15653,1160,16813,115
2022-03-01,Alameda,001,1643700,252476,251830,13384,265214,1749
2022-03-01,Alpine,003,1148,122,125,1,126,0
2022-03-01,Amador,005,37829,8386,8334,634,8968,83
2022-03-01,Butte,007,227075,32863,32575,6852,39427,372
2022-03-01,Calaveras,009,45235,7192,7223,340,7563,116
2022-03-01,Colusa,011,21464,3429,3423,1042,4465,21
2022-03-01,Contra Costa,013,1133247,188877,185378,12950,198328,1231
2022-03-01,Del Norte,015,27424,5690,5701,174,5875,45
2022-03-01,El Dorado,017,186661,26515,26413,3170,29583,192
2022-03-01,Fresno,019,978130,229646,226594,23705,250299,2628
2022-03-01,Glenn,021,27897,4956,4919,1588,6507,40
2022-03-01,Humboldt,023,135768,16689,16727,2876,19603,135
2022-03-01,Imperial,025,180216,55034,54570,10459,65029,875
2022-03-01,Inyo,027,18085,4046,4041,463,4504,56
2022-03-01,Kern,029,883053,190730,189365,45421,234786,2120
2022-03-01,Kings,031,150075,50994,50763,3469,54232,427
2022-03-01,Lake,033,64148,10561,10471,867,11338,128
2022-03-01,Lassen,035,31185,8897,8801,869,9670,61
2022-03-01,Los Angeles,037,10098052,2692344,2669489,121905,2791394,30486
2022-03-01,Madera,039,155013,36999,37046,5966,43012,354
2022-03-01,Marin,041,260295,32896,32764,2149,34913,272
2022-03-01,Mariposa,043,17540,2366,2357,194,2551,6
2022-03-01,Mendocino,045,87422,12902,12818,2960,15778,112
2022-03-01,Merced,047,269075,61881,61549,8489,70038,781
2022-03-01,Modoc,049,8938,727,729,248,977,7
2022-03-01,Mono,051,14174,2958,2960,119,3079,6
2022-03-01,Monterey,053,433212,78679,77911,13162,91073,696
2022-03-01,Napa,055,140530,25384,25344,925,26269,134
2022-03-01,Nevada,057,99092,15798,15916,1167,17083,121
2022-03-01,Orange,059,3164182,542729,541054,40660,581714,6612
2022-03-01,Placer,061,380077,62198,62021,7253,69274,583
2022-03-01,Plumas,063,18699,2951,2694,357,3051,13
2022-03-01,Riverside,065,2383286,588192,586184,27517,613701,6198
2022-03-01,Sacramento,067,1510023,278404,273089,26154,299243,2831
2022-03-01,San Benito,069,59416,12790,12806,503,13309,94
2022-03-01,San Bernardino,071,2135413,571624,556743,24707,581450,6588
2022-03-01,San Diego,073,3302833,743980,739136,51970,791106,5029
2022-03-01,San Francisco,075,870044,121982,123481,8049,131530,792
2022-03-01,San Joaquin,077,732212,165255,164894,9783,174677,2062
2022-03-01,San Luis Obispo,079,281455,51860,51592,3671,55263,445
2022-03-01,San Mateo,081,765935,119815,118358,6771,125129,613
2022-03-01,Santa Barbara,083,443738,85031,85134,4638,89772,654
2022-03-01,Santa Clara,085,1922200,306311,306978,12092,319070,2190
2022-03-01,Santa Cruz,087,273765,46900,46471,2052,48523,253
2022-03-01,Shasta,089,179085,30244,30227,6015,36242,489
2022-03-01,Sierra,091,2930,271,274,47,321,5
2022-03-01,Siskiyou,093,43540,4401,4384,2692,7076,74
2022-03-01,Solano,095,438530,80556,80556,5491,86047,434
2022-03-01,Sonoma,097,501317,82468,82103,2530,84633,477
2022-03-01,Stanislaus,099,539301,116719,117308,17648,134956,1521
2022-03-01,Sutter,101,95872,20298,20288,1997,22285,217
2022-03-01,Tehama,103,63373,11965,11923,2562,14485,158
2022-03-01,Trinity,105,12862,1175,1159,284,1443,20
2022-03-01,Tulare,107,460477,105632,103371,27310,130681,1302
2022-03-01,Tuolumne,109,53932,12578,12276,548,12824,175
2022-03-01,Ventura,111,848112,171778,171672,9287,180959,1427
2022-03-01,Yolo,113,214977,36552,35801,2968,38769,299
2022-03-01,Yuba,115,75493,15677,15637,1160,16797,116
2022-02-28,Alameda,001,1643700,252256,251714,13369,265083,1742
2022-02-28,Alpine,003,1148,122,125,1,126,0
2022-02-28,Amador,005,37829,8380,8308,633,8941,83
2022-02-28,Butte,007,227075,32844,32550,6846,39396,368
2022-02-28,Calaveras,009,45235,7189,7220,339,7559,110
2022-02-28,Colusa,011,21464,3428,3422,1040,4462,21
2022-02-28,Contra Costa,013,1133247,188771,185272,12931,198203,1231
2022-02-28,Del Norte,015,27424,5685,5699,173,5872,45
2022-02-28,El Dorado,017,186661,26505,26409,3165,29574,191
2022-02-28,Fresno,019,978130,229445,226519,23684,250203,2622
2022-02-28,Glenn,021,27897,4952,4918,1588,6506,40
2022-02-28,Humboldt,023,135768,16674,16717,2872,19589,135
2022-02-28,Imperial,025,180216,55007,54517,10455,64972,875
2022-02-28,Inyo,027,18085,4046,4041,462,4503,56
2022-02-28,Kern,029,883053,190639,189245,45392,234637,2115
2022-02-28,Kings,031,150075,50954,50741,3468,54209,427
2022-02-28,Lake,033,64148,10549,10468,863,11331,128
2022-02-28,Lassen,035,31185,8840,8794,869,9663,55
2022-02-28,Los Angeles,037,10098052,2691171,2666804,121809,2788613,30410
2022-02-28,Madera,039,155013,36973,37023,5950,42973,354
2022-02-28,Marin,041,260295,32871,32775,2149,34924,272
2022-02-28,Mariposa,043,17540,2363,2354,192,2546,6
2022-02-28,Mendocino,045,87422,12893,12800,2952,15752,112
2022-02-28,Merced,047,269075,61837,61519,8472,69991,781
2022-02-28,Modoc,049,8938,727,727,248,975,7
2022-02-28,Mono,051,14174,2958,2961,119,3080,5
2022-02-28,Monterey,053,433212,78612,77865,13141,91006,693
2022-02-28,Napa,055,140530,25357,25317,925,26242,129
2022-02-28,Nevada,057,99092,15792,15908,1161,17069,121
2022-02-28,Orange,059,3164182,542476,540839,40646,581485,6605
2022-02-28,Placer,061,380077,62167,61976,7248,69224,577
2022-02-28,Plumas,063,18699,2951,2691,356,3047,13
2022-02-28,Riverside,065,2383286,587997,585891,27485,613376,6179
2022-02-28,Sacramento,067,1510023,278265,273038,26130,299168,2825
2022-02-28,San Benito,069,59416,12785,12798,503,13301,94
2022-02-28,San Bernardino,071,2135413,571440,556540,24693,581233,6576
2022-02-28,San Diego,073,3302833,743591,737760,51940,789700,5018
2022-02-28,San Francisco,075,870044,121822,123402,8042,131444,792
2022-02-28,San Joaquin,077,732212,165169,164833,9773,174606,2060
2022-02-28,San Luis Obispo,079,281455,51799,51565,3664,55229,440
2022-02-28,San Mateo,081,765935,119716,118301,6765,125066,611
2022-02-28,Santa Barbara,083,443738,84988,85076,4633,89709,653
2022-02-28,Santa Clara,085,1922200,306036,306930,12070,319000,2180
2022-02-28,Santa Cruz,087,273765,46830,46447,2052,48499,253
2022-02-28,Shasta,089,179085,30219,30213,6011,36224,488
2022-02-28,Sierra,091,2930,271,273,47,320,4
2022-02-28,Siskiyou,093,43540,4398,4382,2687,7069,74
2022-02-28,Solano,095,438530,80488,80544,5479,86023,430
2022-02-28,Sonoma,097,501317,82400,82058,2527,84585,477
2022-02-28,Stanislaus,099,539301,116655,117231,17631,134862,1521
2022-02-28,Sutter,101,95872,20285,20285,1994,22279,214
2022-02-28,Tehama,103,63373,11952,11917,2562,14479,158
2022-02-28,Trinity,105,12862,1175,1160,284,1444,20
2022-02-28,Tulare,107,460477,105583,103304,27294,130598,1300
2022-02-28,Tuolumne,109,53932,12568,12247,548,12795,175
2022-02-28,Ventura,111,848112,171694,171614,9286,180900,1423
2022-02-28,Yolo,113,214977,36516,35754,2961,38715,299
2022-02-28,Yuba,115,75493,15662,15625,1159,16784,115
2022-02-27,Alameda,001,1643700,251982,251624,13360,264984,1744
2022-02-27,Alpine,003,1148,122,125,1,126,0
2022-02-27,Amador,005,37829,8376,8305,630,8935,83
2022-02-27,Butte,007,227075,32807,32551,6833,39384,368
2022-02-27,Calaveras,009,45235,7181,7214,339,7553,110
2022-02-27,Colusa,011,21464,3426,3422,1040,4462,21
2022-02-27,Contra Costa,013,1133247,188644,185185,12911,198096,1230
2022-02-27,Del Norte,015,27424,5668,5691,171,5862,45
2022-02-27,El Dorado,017,186661,26487,26410,3163,29573,191
2022-02-27,Fresno,019,978130,229246,226397,23657,250054,2621
2022-02-27,Glenn,021,27897,4950,4915,1588,6503,40
2022-02-27,Humboldt,023,135768,16652,16713,2865,19578,135
2022-02-27,Imperial,025,180216,54959,54509,10438,64947,875
2022-02-27,Inyo,027,18085,4045,4041,458,4499,56
2022-02-27,Kern,029,883053,190522,189219,45354,234573,2115
2022-02-27,Kings,031,150075,50926,50733,3467,54200,428
2022-02-27,Lake,033,64148,10530,10463,863,11326,128
2022-02-27,Lassen,035,31185,8832,8786,869,9655,55
2022-02-27,Los Angeles,037,10098052,2689861,2666789,121727,2788516,30410
2022-02-27,Madera,039,155013,36946,37009,5942,42951,354
2022-02-27,Marin,041,260295,32833,32756,2147,34903,272
2022-02-27,Mariposa,043,17540,2360,2352,192,2544,6
2022-02-27,Mendocino,045,87422,12877,12798,2939,15737,112
2022-02-27,Merced,047,269075,61784,61491,8455,69946,779
2022-02-27,Modoc,049,8938,726,727,248,975,7
2022-02-27,Mono,051,14174,2957,2960,119,3079,5
2022-02-27,Monterey,053,433212,78555,77851,13117,90968,693
2022-02-27,Napa,055,140530,25320,25316,925,26241,129
2022-02-27,Nevada,057,99092,15784,15900,1157,17057,121
2022-02-27,Orange,059,3164182,542230,540659,40617,581276,6605
2022-02-27,Placer,061,380077,62127,61965,7244,69209,577
2022-02-27,Plumas,063,18699,2948,2691,356,3047,13
2022-02-27,Riverside,065,2383286,587756,585833,27461,613294,6179
2022-02-27,Sacramento,067,1510023,278078,272927,26101,299028,2822
2022-02-27,San Benito,069,59416,12778,12798,503,13301,94
2022-02-27,San Bernardino,071,2135413,571256,556457,24683,581140,6572
2022-02-27,San Diego,073,3302833,743119,737760,51894,789654,5018
2022-02-27,San Francisco,075,870044,121699,123327,8031,131358,791
2022-02-27,San Joaquin,077,732212,165065,164814,9767,174581,2060
2022-02-27,San Luis Obispo,079,281455,51707,51564,3657,55221,439
2022-02-27,San Mateo,081,765935,119603,118244,6760,125004,611
2022-02-27,Santa Barbara,083,443738,84950,85050,4629,89679,653
2022-02-27,Santa Clara,085,1922200,305748,306756,12042,318798,2180
2022-02-27,Santa Cruz,087,273765,46769,46411,2052,48463,253
2022-02-27,Shasta,089,179085,30187,30206,6006,36212,488
2022-02-27,Sierra,091,2930,271,273,47,320,4
2022-02-27,Siskiyou,093,43540,4393,4378,2675,7053,74
2022-02-27,Solano,095,438530,80414,80515,5466,85981,430
2022-02-27,Sonoma,097,501317,82318,82041,2520,84561,476
2022-02-27,Stanislaus,099,539301,116589,117200,17610,134810,1522
2022-02-27,Sutter,101,95872,20268,20280,1988,22268,214
2022-02-27,Tehama,103,63373,11939,11915,2561,14476,158
2022-02-27,Trinity,105,12862,1174,1158,284,1442,20
2022-02-27,Tulare,107,460477,105514,103270,27245,130515,1300
2022-02-27,Tuolumne,109,53932,12555,12243,547,12790,175
2022-02-27,Ventura,111,848112,171619,171660,9282,180942,1423
2022-02-27,Yolo,113,214977,36488,35744,2956,38700,299
2022-02-27,Yuba,115,75493,15652,15619,1157,16776,113
2022-02-26,Alameda,001,1643700,251873,250867,13355,264222,1716
2022-02-26,Alpine,003,1148,122,125,1,126,0
2022-02-26,Amador,005,37829,8374,8282,629,8911,83
2022-02-26,Butte,007,227075,32793,32466,6830,39296,368
2022-02-26,Calaveras,009,45235,7180,7192,339,7531,110
2022-02-26,Colusa,011,21464,3426,3414,1040,4454,21
2022-02-26,Contra Costa,013,1133247,188575,184686,12893,197579,1209
2022-02-26,Del Norte,015,27424,5663,5639,171,5810,45
2022-02-26,El Dorado,017,186661,26476,26355,3160,29515,191
2022-02-26,Fresno,019,978130,229156,225679,23657,249336,2597
2022-02-26,Glenn,021,27897,4948,4909,1587,6496,40
2022-02-26,Humboldt,023,135768,16627,16619,2864,19483,133
2022-02-26,Imperial,025,180216,54932,54367,10436,64803,871
2022-02-26,Inyo,027,18085,4044,4034,453,4487,56
2022-02-26,Kern,029,883053,190469,188584,45335,233919,2106
2022-02-26,Kings,031,150075,50913,50579,3467,54046,423
2022-02-26,Lake,033,64148,10525,10383,863,11246,128
2022-02-26,Lassen,035,31185,8831,8761,869,9630,55
2022-02-26,Los Angeles,037,10098052,2689287,2660973,121687,2782660,30202
2022-02-26,Madera,039,155013,36931,36933,5940,42873,330
2022-02-26,Marin,041,260295,32817,32651,2145,34796,267
2022-02-26,Mariposa,043,17540,2359,2332,192,2524,6
2022-02-26,Mendocino,045,87422,12870,12762,2939,15701,111
2022-02-26,Merced,047,269075,61763,61348,8454,69802,775
2022-02-26,Modoc,049,8938,726,726,248,974,7
2022-02-26,Mono,051,14174,2957,2959,118,3077,5
2022-02-26,Monterey,053,433212,78523,77610,13111,90721,692
2022-02-26,Napa,055,140530,25305,25221,924,26145,130
2022-02-26,Nevada,057,99092,15780,15850,1155,17005,121
2022-02-26,Orange,059,3164182,542119,539992,40600,580592,6540
2022-02-26,Placer,061,380077,62108,61803,7241,69044,573
2022-02-26,Plumas,063,18699,2948,2673,356,3029,13
2022-02-26,Riverside,065,2383286,587636,584835,27452,612287,6143
2022-02-26,Sacramento,067,1510023,277981,272339,26091,298430,2793
2022-02-26,San Benito,069,59416,12774,12770,503,13273,92
2022-02-26,San Bernardino,071,2135413,571165,555668,24676,580344,6505
2022-02-26,San Diego,073,3302833,742896,736049,51870,787919,5002
2022-02-26,San Francisco,075,870044,121629,123079,8023,131102,769
2022-02-26,San Joaquin,077,732212,165032,164418,9766,174184,2048
2022-02-26,San Luis Obispo,079,281455,51695,51358,3655,55013,438
2022-02-26,San Mateo,081,765935,119549,117860,6759,124619,603
2022-02-26,Santa Barbara,083,443738,84919,84830,4629,89459,652
2022-02-26,Santa Clara,085,1922200,305599,305895,12038,317933,2166
2022-02-26,Santa Cruz,087,273765,46746,46186,2052,48238,251
2022-02-26,Shasta,089,179085,30178,30108,6000,36108,485
2022-02-26,Sierra,091,2930,271,270,47,317,1
2022-02-26,Siskiyou,093,43540,4393,4359,2673,7032,72
2022-02-26,Solano,095,438530,80379,80225,5462,85687,428
2022-02-26,Sonoma,097,501317,82284,81702,2518,84220,432
2022-02-26,Stanislaus,099,539301,116551,116896,17605,134501,1503
2022-02-26,Sutter,101,95872,20259,20230,1988,22218,214
2022-02-26,Tehama,103,63373,11933,11878,2559,14437,158
2022-02-26,Trinity,105,12862,1173,1156,284,1440,20
2022-02-26,Tulare,107,460477,105478,102983,27230,130213,1295
2022-02-26,Tuolumne,109,53932,12552,12169,547,12716,175
2022-02-26,Ventura,111,848112,171587,171292,9279,180571,1411
2022-02-26,Yolo,113,214977,36467,35615,2953,38568,296
2022-02-26,Yuba,115,75493,15640,15587,1157,16744,113
2022-02-25,Alameda,001,1643700,251750,250867,13346,264213,1716
2022-02-25,Alpine,003,1148,122,125,1,126,0
2022-02-25,Amador,005,37829,8363,8282,629,8911,83
2022-02-25,Butte,007,227075,32780,32466,6827,39293,368
2022-02-25,Calaveras,009,45235,7178,7192,339,7531,110
2022-02-25,Colusa,011,21464,3426,3414,1040,4454,21
2022-02-25,Contra Costa,013,1133247,188491,184686,12872,197558,1209
2022-02-25,Del Norte,015,27424,5654,5639,171,5810,45
2022-02-25,El Dorado,017,186661,26467,26355,3160,29515,191
2022-02-25,Fresno,019,978130,229059,225679,23650,249329,2597
2022-02-25,Glenn,021,27897,4946,4909,1587,6496,40
2022-02-25,Humboldt,023,135768,16616,16619,2864,19483,133
2022-02-25,Imperial,025,180216,54914,54367,10435,64802,871
2022-02-25,Inyo,027,18085,4043,4034,453,4487,56
2022-02-25,Kern,029,883053,190404,188584,45322,233906,2106
2022-02-25,Kings,031,150075,50899,50579,3465,54044,423
2022-02-25,Lake,033,64148,10507,10383,863,11246,128
2022-02-25,Lassen,035,31185,8828,8761,869,9630,55
2022-02-25,Los Angeles,037,10098052,2688698,2660973,121656,2782629,30202
2022-02-25,Madera,039,155013,36911,36933,5939,42872,330
2022-02-25,Marin,041,260295,32803,32651,2145,34796,267
2022-02-25,Mariposa,043,17540,2356,2332,192,2524,6
2022-02-25,Mendocino,045,87422,12868,12762,2939,15701,111
2022-02-25,Merced,047,269075,61731,61348,8450,69798,775
2022-02-25,Modoc,049,8938,726,726,248,974,7
2022-02-25,Mono,051,14174,2956,2959,118,3077,5
2022-02-25,Monterey,053,433212,78495,77610,13105,90715,692
2022-02-25,Napa,055,140530,25296,25221,924,26145,130
2022-02-25,Nevada,057,99092,15769,15850,1152,17002,121
2022-02-25,Orange,059,3164182,541984,539992,40577,580569,6540
2022-02-25,Placer,061,380077,62093,61803,7235,69038,573
2022-02-25,Plumas,063,18699,2946,2673,356,3029,13
2022-02-25,Riverside,065,2383286,587481,584835,27440,612275,6143
2022-02-25,Sacramento,067,1510023,277879,272339,26086,298425,2793
2022-02-25,San Benito,069,59416,12772,12770,503,13273,92
2022-02-25,San Bernardino,071,2135413,571058,555668,24669,580337,6505
2022-02-25,San Diego,073,3302833,742613,736049,51851,787900,5002
2022-02-25,San Francisco,075,870044,121549,123079,8020,131099,769
2022-02-25,San Joaquin,077,732212,164992,164418,9761,174179,2048
2022-02-25,San Luis Obispo,079,281455,51691,51358,3646,55004,438
2022-02-25,San Mateo,081,765935,119487,117860,6755,124615,603
2022-02-25,Santa Barbara,083,443738,84882,84830,4629,89459,652
2022-02-25,Santa Clara,085,1922200,305414,305895,12035,317930,2166
2022-02-25,Santa Cruz,087,273765,46712,46186,2050,48236,251
2022-02-25,Shasta,089,179085,30169,30108,5998,36106,485
2022-02-25,Sierra,091,2930,271,270,47,317,1
2022-02-25,Siskiyou,093,43540,4393,4359,2672,7031,72
2022-02-25,Solano,095,438530,80350,80225,5461,85686,428
2022-02-25,Sonoma,097,501317,82233,81702,2516,84218,432
2022-02-25,Stanislaus,099,539301,116523,116896,17601,134497,1503
2022-02-25,Sutter,101,95872,20250,20230,1988,22218,214
2022-02-25,Tehama,103,63373,11931,11878,2559,14437,158
2022-02-25,Trinity,105,12862,1173,1156,284,1440,20
2022-02-25,Tulare,107,460477,105444,102983,27208,130191,1295
2022-02-25,Tuolumne,109,53932,12549,12169,547,12716,175
2022-02-25,Ventura,111,848112,171536,171292,9278,180570,1411
2022-02-25,Yolo,113,214977,36452,35615,2953,38568,296
2022-02-25,Yuba,115,75493,15633,15587,1157,16744,113
2022-02-24,Alameda,001,1643700,251545,250867,13337,264204,1716
2022-02-24,Alpine,003,1148,122,125,1,126,0
2022-02-24,Amador,005,37829,8358,8282,628,8910,83
2022-02-24,Butte,007,227075,32758,32466,6823,39289,368
2022-02-24,Calaveras,009,45235,7176,7192,337,7529,110
2022-02-24,Colusa,011,21464,3425,3414,1039,4453,21
2022-02-24,Contra Costa,013,1133247,188362,184686,12863,197549,1209
2022-02-24,Del Norte,015,27424,5639,5639,170,5809,45
2022-02-24,El Dorado,017,186661,26452,26355,3160,29515,191
2022-02-24,Fresno,019,978130,228865,225679,23635,249314,2597
2022-02-24,Glenn,021,27897,4944,4909,1586,6495,40
2022-02-24,Humboldt,023,135768,16600,16619,2863,19482,133
2022-02-24,Imperial,025,180216,54874,54367,10426,64793,871
2022-02-24,Inyo,027,18085,4042,4034,452,4486,56
2022-02-24,Kern,029,883053,190264,188584,45289,233873,2106
2022-02-24,Kings,031,150075,50869,50579,3460,54039,423
2022-02-24,Lake,033,64148,10490,10383,863,11246,128
2022-02-24,Lassen,035,31185,8824,8761,868,9629,55
2022-02-24,Los Angeles,037,10098052,2687537,2660973,121600,2782573,30202
2022-02-24,Madera,039,155013,36885,36933,5937,42870,330
2022-02-24,Marin,041,260295,32783,32651,2144,34795,267
2022-02-24,Mariposa,043,17540,2350,2332,191,2523,6
2022-02-24,Mendocino,045,87422,12861,12762,2935,15697,111
2022-02-24,Merced,047,269075,61701,61348,8442,69790,775
2022-02-24,Modoc,049,8938,725,726,248,974,7
2022-02-24,Mono,051,14174,2955,2959,118,3077,5
2022-02-24,Monterey,053,433212,78443,77610,13097,90707,692
2022-02-24,Napa,055,140530,25255,25221,920,26141,130
2022-02-24,Nevada,057,99092,15755,15850,1152,17002,121
2022-02-24,Orange,059,3164182,541734,539992,40543,580535,6540
2022-02-24,Placer,061,380077,62056,61803,7233,69036,573
2022-02-24,Plumas,063,18699,2941,2673,355,3028,13
2022-02-24,Riverside,065,2383286,587229,584835,27414,612249,6143
2022-02-24,Sacramento,067,1510023,277706,272339,26070,298409,2793
2022-02-24,San Benito,069,59416,12761,12770,503,13273,92
2022-02-24,San Bernardino,071,2135413,570865,555668,24657,580325,6505
2022-02-24,San Diego,073,3302833,742200,736049,51804,787853,5002
2022-02-24,San Francisco,075,870044,121427,123079,8013,131092,769
2022-02-24,San Joaquin,077,732212,164864,164418,9757,174175,2048
2022-02-24,San Luis Obispo,079,281455,51645,51358,3644,55002,438
2022-02-24,San Mateo,081,765935,119395,117860,6748,124608,603
2022-02-24,Santa Barbara,083,443738,84817,84830,4628,89458,652
2022-02-24,Santa Clara,085,1922200,305179,305895,12022,317917,2166
2022-02-24,Santa Cruz,087,273765,46632,46186,2048,48234,251
2022-02-24,Shasta,089,179085,30150,30108,5992,36100,485
2022-02-24,Sierra,091,2930,271,270,47,317,1
2022-02-24,Siskiyou,093,43540,4390,4359,2669,7028,72
2022-02-24,Solano,095,438530,80271,80225,5457,85682,428
2022-02-24,Sonoma,097,501317,82179,81702,2511,84213,432
2022-02-24,Stanislaus,099,539301,116448,116896,17588,134484,1503
2022-02-24,Sutter,101,95872,20236,20230,1972,22202,214
2022-02-24,Tehama,103,63373,11925,11878,2558,14436,158
2022-02-24,Trinity,105,12862,1171,1156,284,1440,20
2022-02-24,Tulare,107,460477,105388,102983,27178,130161,1295
2022-02-24,Tuolumne,109,53932,12539,12169,545,12714,175
2022-02-24,Ventura,111,848112,171458,171292,9275,180567,1411
2022-02-24,Yolo,113,214977,36426,35615,2951,38566,296
2022-02-24,Yuba,115,75493,15619,15587,1157,16744,113
2022-02-23,Alameda,001,1643700,251323,247686,13318,261004,1713
2022-02-23,Alpine,003,1148,122,125,1,126,0
2022-02-23,Amador,005,37829,8340,8274,628,8902,79
2022-02-23,Butte,007,227075,32731,32417,6820,39237,367
2022-02-23,Calaveras,009,45235,7166,7182,336,7518,107
2022-02-23,Colusa,011,21464,3421,3411,1039,4450,21
2022-02-23,Contra Costa,013,1133247,188219,184013,12850,196863,1209
2022-02-23,Del Norte,015,27424,5628,5625,169,5794,45
2022-02-23,El Dorado,017,186661,26436,26317,3156,29473,189
2022-02-23,Fresno,019,978130,228679,225308,23613,248921,2596
2022-02-23,Glenn,021,27897,4940,4909,1584,6493,40
2022-02-23,Humboldt,023,135768,16584,16601,2860,19461,132
2022-02-23,Imperial,025,180216,54835,54292,10413,64705,871
2022-02-23,Inyo,027,18085,4041,4031,449,4480,54
2022-02-23,Kern,029,883053,190161,188432,45242,233674,2106
2022-02-23,Kings,031,150075,50836,50416,3459,53875,423
2022-02-23,Lake,033,64148,10472,10368,862,11230,126
2022-02-23,Lassen,035,31185,8808,8749,868,9617,55
2022-02-23,Los Angeles,037,10098052,2686165,2659569,121555,2781124,30167
2022-02-23,Madera,039,155013,36854,36876,5927,42803,330
2022-02-23,Marin,041,260295,32760,32625,2143,34768,267
2022-02-23,Mariposa,043,17540,2345,2325,190,2515,6
2022-02-23,Mendocino,045,87422,12851,12747,2931,15678,111
2022-02-23,Merced,047,269075,61670,61295,8437,69732,772
2022-02-23,Modoc,049,8938,725,723,247,970,7
2022-02-23,Mono,051,14174,2954,2960,118,3078,5
2022-02-23,Monterey,053,433212,78405,77472,13074,90546,691
2022-02-23,Napa,055,140530,25230,25185,915,26100,128
2022-02-23,Nevada,057,99092,15749,15825,1149,16974,121
2022-02-23,Orange,059,3164182,541429,539631,40521,580152,6520
2022-02-23,Placer,061,380077,62009,61758,7226,68984,573
2022-02-23,Plumas,063,18699,2937,2663,355,3018,13
2022-02-23,Riverside,065,2383286,586937,584381,27378,611759,6119
2022-02-23,Sacramento,067,1510023,277547,272057,26050,298107,2796
2022-02-23,San Benito,069,59416,12754,12756,502,13258,92
2022-02-23,San Bernardino,071,2135413,570706,555238,24641,579879,6479
2022-02-23,San Diego,073,3302833,741696,735406,51754,787160,4988
2022-02-23,San Francisco,075,870044,121300,122127,8011,130138,769
2022-02-23,San Joaquin,077,732212,164771,164257,9751,174008,2042
2022-02-23,San Luis Obispo,079,281455,51597,51264,3642,54906,434
2022-02-23,San Mateo,081,765935,119304,117585,6739,124324,603
2022-02-23,Santa Barbara,083,443738,84756,84760,4624,89384,651
2022-02-23,Santa Clara,085,1922200,304923,305484,12013,317497,2157
2022-02-23,Santa Cruz,087,273765,46562,46059,2047,48106,251
2022-02-23,Shasta,089,179085,30122,30066,5989,36055,481
2022-02-23,Sierra,091,2930,271,270,47,317,1
2022-02-23,Siskiyou,093,43540,4387,4356,2667,7023,71
2022-02-23,Solano,095,438530,80181,80103,5455,85558,427
2022-02-23,Sonoma,097,501317,82125,81594,2509,84103,432
2022-02-23,Stanislaus,099,539301,116371,116789,17579,134368,1482
2022-02-23,Sutter,101,95872,20219,20194,1968,22162,213
2022-02-23,Tehama,103,63373,11915,11863,2558,14421,154
2022-02-23,Trinity,105,12862,1171,1156,284,1440,20
2022-02-23,Tulare,107,460477,105321,102812,27155,129967,1290
2022-02-23,Tuolumne,109,53932,12530,12158,544,12702,175
2022-02-23,Ventura,111,848112,171370,171163,9268,180431,1401
2022-02-23,Yolo,113,214977,36389,35590,2944,38534,296
2022-02-23,Yuba,115,75493,15616,15571,1155,16726,113
2022-02-22,Alameda,001,1643700,251078,247434,13304,260738,1706
2022-02-22,Alpine,003,1148,122,124,1,125,0
2022-02-22,Amador,005,37829,8330,8243,628,8871,79
2022-02-22,Butte,007,227075,32696,32359,6813,39172,366
2022-02-22,Calaveras,009,45235,7157,7178,336,7514,107
2022-02-22,Colusa,011,21464,3420,3402,1037,4439,21
2022-02-22,Contra Costa,013,1133247,188066,183812,12831,196643,1201
2022-02-22,Del Norte,015,27424,5619,5611,168,5779,45
2022-02-22,El Dorado,017,186661,26426,26289,3156,29445,189
2022-02-22,Fresno,019,978130,228455,225104,23587,248691,2592
2022-02-22,Glenn,021,27897,4939,4900,1583,6483,40
2022-02-22,Humboldt,023,135768,16561,16559,2856,19415,132
2022-02-22,Imperial,025,180216,54803,54227,10409,64636,864
2022-02-22,Inyo,027,18085,4039,4026,447,4473,54
2022-02-22,Kern,029,883053,190041,188237,45206,233443,2102
2022-02-22,Kings,031,150075,50774,50359,3457,53816,423
2022-02-22,Lake,033,64148,10461,10353,860,11213,126
2022-02-22,Lassen,035,31185,8804,8730,868,9598,55
2022-02-22,Los Angeles,037,10098052,2684699,2658230,121468,2779698,30129
2022-02-22,Madera,039,155013,36821,36833,5917,42750,330
2022-02-22,Marin,041,260295,32735,32591,2142,34733,267
2022-02-22,Mariposa,043,17540,2337,2322,190,2512,6
2022-02-22,Mendocino,045,87422,12837,12714,2921,15635,110
2022-02-22,Merced,047,269075,61610,61241,8431,69672,770
2022-02-22,Modoc,049,8938,722,720,247,967,6
2022-02-22,Mono,051,14174,2954,2961,118,3079,5
2022-02-22,Monterey,053,433212,78351,77359,13055,90414,690
2022-02-22,Napa,055,140530,25201,25151,914,26065,128
2022-02-22,Nevada,057,99092,15732,15815,1148,16963,121
2022-02-22,Orange,059,3164182,541143,539390,40488,579878,6502
2022-02-22,Placer,061,380077,61971,61709,7221,68930,572
2022-02-22,Plumas,063,18699,2931,2659,354,3013,13
2022-02-22,Riverside,065,2383286,586680,583969,27358,611327,6097
2022-02-22,Sacramento,067,1510023,277357,271789,26027,297816,2775
2022-02-22,San Benito,069,59416,12743,12742,501,13243,92
2022-02-22,San Bernardino,071,2135413,570505,554903,24622,579525,6451
2022-02-22,San Diego,073,3302833,741171,734536,51699,786235,4974
2022-02-22,San Francisco,075,870044,121171,121954,8007,129961,769
2022-02-22,San Joaquin,077,732212,164649,164111,9741,173852,2040
2022-02-22,San Luis Obispo,079,281455,51512,51193,3636,54829,431
2022-02-22,San Mateo,081,765935,119210,117418,6734,124152,603
2022-02-22,Santa Barbara,083,443738,84695,84701,4620,89321,650
2022-02-22,Santa Clara,085,1922200,304641,305045,12007,317052,2155
2022-02-22,Santa Cruz,087,273765,46497,45958,2047,48005,251
2022-02-22,Shasta,089,179085,30097,30024,5984,36008,479
2022-02-22,Sierra,091,2930,271,269,46,315,0
2022-02-22,Siskiyou,093,43540,4384,4350,2662,7012,70
2022-02-22,Solano,095,438530,80105,79968,5453,85421,425
2022-02-22,Sonoma,097,501317,82059,81412,2505,83917,431
2022-02-22,Stanislaus,099,539301,116290,116676,17559,134235,1475
2022-02-22,Sutter,101,95872,20203,20164,1966,22130,210
2022-02-22,Tehama,103,63373,11906,11852,2557,14409,152
2022-02-22,Trinity,105,12862,1171,1147,283,1430,20
2022-02-22,Tulare,107,460477,105215,102717,27125,129842,1287
2022-02-22,Tuolumne,109,53932,12512,12136,543,12679,175
2022-02-22,Ventura,111,848112,171285,171064,9262,180326,1401
2022-02-22,Yolo,113,214977,36352,35527,2939,38466,292
2022-02-22,Yuba,115,75493,15606,15550,1154,16704,110
2022-02-21,Alameda,001,1643700,250793,247434,13288,260722,1704
2022-02-21,Alpine,003,1148,122,124,1,125,0
2022-02-21,Amador,005,37829,8324,8246,628,8874,79
2022-02-21,Butte,007,227075,32654,32356,6789,39145,366
2022-02-21,Calaveras,009,45235,7149,7175,336,7511,107
2022-02-21,Colusa,011,21464,3418,3401,1035,4436,21
2022-02-21,Contra Costa,013,1133247,187839,183701,12817,196518,1201
2022-02-21,Del Norte,015,27424,5601,5601,167,5768,45
2022-02-21,El Dorado,017,186661,26398,26273,3151,29424,189
2022-02-21,Fresno,019,978130,228142,224923,23531,248454,2592
2022-02-21,Glenn,021,27897,4934,4897,1583,6480,40
2022-02-21,Humboldt,023,135768,16518,16548,2848,19396,132
2022-02-21,Imperial,025,180216,54743,54208,10396,64604,864
2022-02-21,Inyo,027,18085,4036,4023,447,4470,54
2022-02-21,Kern,029,883053,189847,188188,45154,233342,2102
2022-02-21,Kings,031,150075,50708,50188,3454,53642,422
2022-02-21,Lake,033,64148,10439,10334,858,11192,126
2022-02-21,Lassen,035,31185,8796,8705,863,9568,55
2022-02-21,Los Angeles,037,10098052,2682920,2656873,121372,2778245,30108
2022-02-21,Madera,039,155013,36783,36796,5896,42692,330
2022-02-21,Marin,041,260295,32711,32570,2142,34712,258
2022-02-21,Mariposa,043,17540,2334,2321,190,2511,6
2022-02-21,Mendocino,045,87422,12811,12706,2909,15615,110
2022-02-21,Merced,047,269075,61553,61209,8414,69623,770
2022-02-21,Modoc,049,8938,721,718,247,965,6
2022-02-21,Mono,051,14174,2953,2960,118,3078,5
2022-02-21,Monterey,053,433212,78257,77354,13014,90368,690
2022-02-21,Napa,055,140530,25162,25126,914,26040,128
2022-02-21,Nevada,057,99092,15721,15810,1145,16955,121
2022-02-21,Orange,059,3164182,540793,539068,40463,579531,6502
2022-02-21,Placer,061,380077,61917,61727,7217,68944,572
2022-02-21,Plumas,063,18699,2928,2657,349,3006,13
2022-02-21,Riverside,065,2383286,586312,583712,27311,611023,6097
2022-02-21,Sacramento,067,1510023,277102,271588,25994,297582,2769
2022-02-21,San Benito,069,59416,12730,12731,501,13232,92
2022-02-21,San Bernardino,071,2135413,570266,554662,24601,579263,6441
2022-02-21,San Diego,073,3302833,740555,732298,51621,783919,4974
2022-02-21,San Francisco,075,870044,120990,121865,8003,129868,769
2022-02-21,San Joaquin,077,732212,164505,164036,9729,173765,2040
2022-02-21,San Luis Obispo,079,281455,51421,51184,3629,54813,429
2022-02-21,San Mateo,081,765935,119117,117259,6726,123985,605
2022-02-21,Santa Barbara,083,443738,84619,84626,4612,89238,650
2022-02-21,Santa Clara,085,1922200,304313,304858,12001,316859,2158
2022-02-21,Santa Cruz,087,273765,46371,45941,2046,47987,251
2022-02-21,Shasta,089,179085,30051,30004,5976,35980,479
2022-02-21,Sierra,091,2930,271,269,46,315,0
2022-02-21,Siskiyou,093,43540,4372,4337,2657,6994,70
2022-02-21,Solano,095,438530,80012,79906,5448,85354,425
2022-02-21,Sonoma,097,501317,81945,81361,2498,83859,431
2022-02-21,Stanislaus,099,539301,116178,116597,17535,134132,1475
2022-02-21,Sutter,101,95872,20178,20152,1964,22116,210
2022-02-21,Tehama,103,63373,11893,11842,2556,14398,152
2022-02-21,Trinity,105,12862,1170,1147,283,1430,20
2022-02-21,Tulare,107,460477,105121,102614,27081,129695,1287
2022-02-21,Tuolumne,109,53932,12501,12126,540,12666,175
2022-02-21,Ventura,111,848112,171146,170939,9253,180192,1401
2022-02-21,Yolo,113,214977,36309,35518,2930,38448,292
2022-02-21,Yuba,115,75493,15587,15546,1145,16691,110
2022-02-20,Alameda,001,1643700,250563,246028,13280,259308,1700
2022-02-20,Alpine,003,1148,122,124,1,125,0
2022-02-20,Amador,005,37829,8312,8203,628,8831,79
2022-02-20,Butte,007,227075,32625,32173,6784,38957,364
2022-02-20,Calaveras,009,45235,7146,7136,335,7471,107
2022-02-20,Colusa,011,21464,3415,3389,1034,4423,21
2022-02-20,Contra Costa,013,1133247,187710,182797,12812,195609,1190
2022-02-20,Del Norte,015,27424,5586,5511,167,5678,45
2022-02-20,El Dorado,017,186661,26377,26101,3150,29251,189
2022-02-20,Fresno,019,978130,227951,223594,23515,247109,2544
2022-02-20,Glenn,021,27897,4931,4881,1583,6464,39
2022-02-20,Humboldt,023,135768,16506,16393,2844,19237,132
2022-02-20,Imperial,025,180216,54677,53967,10386,64353,862
2022-02-20,Inyo,027,18085,4036,4018,446,4464,52
2022-02-20,Kern,029,883053,189712,187158,45110,232268,2095
2022-02-20,Kings,031,150075,50680,49724,3451,53175,421
2022-02-20,Lake,033,64148,10406,10184,857,11041,126
2022-02-20,Lassen,035,31185,8784,8640,863,9503,55
2022-02-20,Los Angeles,037,10098052,2681594,2642878,121289,2764167,29842
2022-02-20,Madera,039,155013,36752,36526,5892,42418,330
2022-02-20,Marin,041,260295,32694,32441,2142,34583,258
2022-02-20,Mariposa,043,17540,2328,2310,188,2498,6
2022-02-20,Mendocino,045,87422,12801,12625,2906,15531,110
2022-02-20,Merced,047,269075,61525,60886,8413,69299,769
2022-02-20,Modoc,049,8938,720,714,247,961,6
2022-02-20,Mono,051,14174,2953,2956,118,3074,5
2022-02-20,Monterey,053,433212,78197,76765,13001,89766,682
2022-02-20,Napa,055,140530,25140,24970,912,25882,127
2022-02-20,Nevada,057,99092,15710,15715,1144,16859,121
2022-02-20,Orange,059,3164182,540474,538019,40427,578446,6416
2022-02-20,Placer,061,380077,61885,61417,7209,68626,560
2022-02-20,Plumas,063,18699,2924,2646,347,2993,13
2022-02-20,Riverside,065,2383286,586045,581788,27285,609073,6087
2022-02-20,Sacramento,067,1510023,276923,270080,25970,296050,2747
2022-02-20,San Benito,069,59416,12727,12665,501,13166,92
2022-02-20,San Bernardino,071,2135413,570058,553151,24584,577735,6400
2022-02-20,San Diego,073,3302833,739983,729549,51557,781106,4947
2022-02-20,San Francisco,075,870044,120851,121197,7993,129190,756
2022-02-20,San Joaquin,077,732212,164387,163083,9718,172801,2033
2022-02-20,San Luis Obispo,079,281455,51392,50823,3625,54448,424
2022-02-20,San Mateo,081,765935,119043,116648,6719,123367,598
2022-02-20,Santa Barbara,083,443738,84575,83988,4610,88598,642
2022-02-20,Santa Clara,085,1922200,304035,303077,11993,315070,2138
2022-02-20,Santa Cruz,087,273765,46305,45532,2043,47575,250
2022-02-20,Shasta,089,179085,30022,29847,5969,35816,479
2022-02-20,Sierra,091,2930,271,269,46,315,0
2022-02-20,Siskiyou,093,43540,4367,4307,2656,6963,70
2022-02-20,Solano,095,438530,79937,78914,5444,84358,424
2022-02-20,Sonoma,097,501317,81870,80843,2495,83338,431
2022-02-20,Stanislaus,099,539301,116112,115976,17518,133494,1454
2022-02-20,Sutter,101,95872,20166,20060,1961,22021,210
2022-02-20,Tehama,103,63373,11881,11760,2553,14313,152
2022-02-20,Trinity,105,12862,1169,1130,283,1413,20
2022-02-20,Tulare,107,460477,105033,101996,27055,129051,1286
2022-02-20,Tuolumne,109,53932,12480,12036,540,12576,175
2022-02-20,Ventura,111,848112,171050,170331,9246,179577,1384
2022-02-20,Yolo,113,214977,36283,35363,2927,38290,293
2022-02-20,Yuba,115,75493,15572,15449,1144,16593,112
2022-02-19,Alameda,001,1643700,250388,246028,13276,259304,1700
2022-02-19,Alpine,003,1148,122,124,1,125,0
2022-02-19,Amador,005,37829,8308,8203,628,8831,79
2022-02-19,Butte,007,227075,32601,32173,6781,38954,364
2022-02-19,Calaveras,009,45235,7146,7136,335,7471,107
2022-02-19,Colusa,011,21464,3414,3389,1032,4421,21
2022-02-19,Contra Costa,013,1133247,187613,182797,12811,195608,1190
2022-02-19,Del Norte,015,27424,5576,5511,167,5678,45
2022-02-19,El Dorado,017,186661,26359,26101,3148,29249,189
2022-02-19,Fresno,019,978130,227833,223594,23508,247102,2544
2022-02-19,Glenn,021,27897,4926,4881,1583,6464,39
2022-02-19,Humboldt,023,135768,16491,16393,2844,19237,132
2022-02-19,Imperial,025,180216,54661,53967,10381,64348,862
2022-02-19,Inyo,027,18085,4035,4018,445,4463,52
2022-02-19,Kern,029,883053,189609,187158,45086,232244,2095
2022-02-19,Kings,031,150075,50657,49724,3450,53174,421
2022-02-19,Lake,033,64148,10397,10184,857,11041,126
2022-02-19,Lassen,035,31185,8772,8640,862,9502,55
2022-02-19,Los Angeles,037,10098052,2680802,2642878,121248,2764126,29842
2022-02-19,Madera,039,155013,36730,36526,5890,42416,330
2022-02-19,Marin,041,260295,32671,32441,2141,34582,258
2022-02-19,Mariposa,043,17540,2325,2310,188,2498,6
2022-02-19,Mendocino,045,87422,12791,12625,2906,15531,110
2022-02-19,Merced,047,269075,61481,60886,8409,69295,769
2022-02-19,Modoc,049,8938,720,714,246,960,6
2022-02-19,Mono,051,14174,2952,2956,118,3074,5
2022-02-19,Monterey,053,433212,78108,76765,12990,89755,682
2022-02-19,Napa,055,140530,25130,24970,912,25882,127
2022-02-19,Nevada,057,99092,15702,15715,1144,16859,121
2022-02-19,Orange,059,3164182,540272,538019,40402,578421,6416
2022-02-19,Placer,061,380077,61838,61417,7209,68626,560
2022-02-19,Plumas,063,18699,2923,2646,347,2993,13
2022-02-19,Riverside,065,2383286,585863,581788,27273,609061,6087
2022-02-19,Sacramento,067,1510023,276780,270080,25959,296039,2747
2022-02-19,San Benito,069,59416,12714,12665,500,13165,92
2022-02-19,San Bernardino,071,2135413,569896,553151,24577,577728,6400
2022-02-19,San Diego,073,3302833,739638,729549,51510,781059,4947
2022-02-19,San Francisco,075,870044,120765,121197,7989,129186,756
2022-02-19,San Joaquin,077,732212,164315,163083,9707,172790,2033
2022-02-19,San Luis Obispo,079,281455,51379,50823,3621,54444,424
2022-02-19,San Mateo,081,765935,119002,116648,6718,123366,598
2022-02-19,Santa Barbara,083,443738,84508,83988,4609,88597,642
2022-02-19,Santa Clara,085,1922200,303842,303077,11991,315068,2138
2022-02-19,Santa Cruz,087,273765,46267,45532,2041,47573,250
2022-02-19,Shasta,089,179085,30008,29847,5966,35813,479
2022-02-19,Sierra,091,2930,271,269,46,315,0
2022-02-19,Siskiyou,093,43540,4364,4307,2656,6963,70
2022-02-19,Solano,095,438530,79895,78914,5443,84357,424
2022-02-19,Sonoma,097,501317,81828,80843,2495,83338,431
2022-02-19,Stanislaus,099,539301,116040,115976,17512,133488,1454
2022-02-19,Sutter,101,95872,20158,20060,1961,22021,210
2022-02-19,Tehama,103,63373,11874,11760,2553,14313,152
2022-02-19,Trinity,105,12862,1167,1130,283,1413,20
2022-02-19,Tulare,107,460477,104986,101996,27030,129026,1286
2022-02-19,Tuolumne,109,53932,12471,12036,540,12576,175
2022-02-19,Ventura,111,848112,170975,170331,9242,179573,1384
2022-02-19,Yolo,113,214977,36252,35363,2923,38286,293
2022-02-19,Yuba,115,75493,15563,15449,1144,16593,112
2022-02-18,Alameda,001,1643700,250222,246028,13268,259296,1700
2022-02-18,Alpine,003,1148,121,124,1,125,0
2022-02-18,Amador,005,37829,8301,8203,626,8829,79
2022-02-18,Butte,007,227075,32580,32173,6775,38948,364
2022-02-18,Calaveras,009,45235,7141,7136,334,7470,107
2022-02-18,Colusa,011,21464,3412,3389,1032,4421,21
2022-02-18,Contra Costa,013,1133247,187506,182797,12805,195602,1190
2022-02-18,Del Norte,015,27424,5565,5511,167,5678,45
2022-02-18,El Dorado,017,186661,26348,26101,3148,29249,189
2022-02-18,Fresno,019,978130,227645,223594,23497,247091,2544
2022-02-18,Glenn,021,27897,4925,4881,1582,6463,39
2022-02-18,Humboldt,023,135768,16474,16393,2839,19232,132
2022-02-18,Imperial,025,180216,54635,53967,10370,64337,862
2022-02-18,Inyo,027,18085,4033,4018,445,4463,52
2022-02-18,Kern,029,883053,189497,187158,45041,232199,2095
2022-02-18,Kings,031,150075,50570,49724,3450,53174,421
2022-02-18,Lake,033,64148,10379,10184,855,11039,126
2022-02-18,Lassen,035,31185,8752,8640,861,9501,55
2022-02-18,Los Angeles,037,10098052,2679816,2642878,121193,2764071,29842
2022-02-18,Madera,039,155013,36707,36526,5888,42414,330
2022-02-18,Marin,041,260295,32653,32441,2139,34580,258
2022-02-18,Mariposa,043,17540,2323,2310,188,2498,6
2022-02-18,Mendocino,045,87422,12781,12625,2906,15531,110
2022-02-18,Merced,047,269075,61438,60886,8400,69286,769
2022-02-18,Modoc,049,8938,720,714,246,960,6
2022-02-18,Mono,051,14174,2952,2956,118,3074,5
2022-02-18,Monterey,053,433212,78035,76765,12982,89747,682
2022-02-18,Napa,055,140530,25112,24970,912,25882,127
2022-02-18,Nevada,057,99092,15694,15715,1144,16859,121
2022-02-18,Orange,059,3164182,540036,538019,40363,578382,6416
2022-02-18,Placer,061,380077,61809,61417,7202,68619,560
2022-02-18,Plumas,063,18699,2919,2646,347,2993,13
2022-02-18,Riverside,065,2383286,585683,581788,27265,609053,6087
2022-02-18,Sacramento,067,1510023,276589,270080,25951,296031,2747
2022-02-18,San Benito,069,59416,12706,12665,500,13165,92
2022-02-18,San Bernardino,071,2135413,569718,553151,24572,577723,6400
2022-02-18,San Diego,073,3302833,739214,729549,51484,781033,4947
2022-02-18,San Francisco,075,870044,120677,121197,7981,129178,756
2022-02-18,San Joaquin,077,732212,164246,163083,9700,172783,2033
2022-02-18,San Luis Obispo,079,281455,51363,50823,3618,54441,424
2022-02-18,San Mateo,081,765935,118937,116648,6715,123363,598
2022-02-18,Santa Barbara,083,443738,84468,83988,4607,88595,642
2022-02-18,Santa Clara,085,1922200,303606,303077,11990,315067,2138
2022-02-18,Santa Cruz,087,273765,46233,45532,2040,47572,250
2022-02-18,Shasta,089,179085,29994,29847,5965,35812,479
2022-02-18,Sierra,091,2930,271,269,46,315,0
2022-02-18,Siskiyou,093,43540,4361,4307,2654,6961,70
2022-02-18,Solano,095,438530,79825,78914,5442,84356,424
2022-02-18,Sonoma,097,501317,81772,80843,2494,83337,431
2022-02-18,Stanislaus,099,539301,115990,115976,17498,133474,1454
2022-02-18,Sutter,101,95872,20146,20060,1961,22021,210
2022-02-18,Tehama,103,63373,11863,11760,2553,14313,152
2022-02-18,Trinity,105,12862,1166,1130,282,1412,20
2022-02-18,Tulare,107,460477,104935,101996,26989,128985,1286
2022-02-18,Tuolumne,109,53932,12465,12036,539,12575,175
2022-02-18,Ventura,111,848112,170885,170331,9237,179568,1384
2022-02-18,Yolo,113,214977,36224,35363,2921,38284,293
2022-02-18,Yuba,115,75493,15548,15449,1144,16593,112
2022-02-17,Alameda,001,1643700,249959,246028,13248,259276,1700
2022-02-17,Alpine,003,1148,121,124,1,125,0
2022-02-17,Amador,005,37829,8297,8203,624,8827,79
2022-02-17,Butte,007,227075,32547,32173,6771,38944,364
2022-02-17,Calaveras,009,45235,7132,7136,331,7467,107
2022-02-17,Colusa,011,21464,3409,3389,1032,4421,21
2022-02-17,Contra Costa,013,1133247,187310,182797,12773,195570,1190
2022-02-17,Del Norte,015,27424,5544,5511,167,5678,45
2022-02-17,El Dorado,017,186661,26322,26101,3138,29239,189
2022-02-17,Fresno,019,978130,227353,223594,23466,247060,2544
2022-02-17,Glenn,021,27897,4923,4881,1579,6460,39
2022-02-17,Humboldt,023,135768,16434,16393,2838,19231,132
2022-02-17,Imperial,025,180216,54564,53967,10354,64321,862
2022-02-17,Inyo,027,18085,4031,4018,444,4462,52
2022-02-17,Kern,029,883053,189343,187158,44992,232150,2095
2022-02-17,Kings,031,150075,50506,49724,3445,53169,421
2022-02-17,Lake,033,64148,10349,10184,851,11035,126
2022-02-17,Lassen,035,31185,8742,8640,859,9499,55
2022-02-17,Los Angeles,037,10098052,2677976,2642878,121113,2763991,29842
2022-02-17,Madera,039,155013,36663,36526,5881,42407,330
2022-02-17,Marin,041,260295,32627,32441,2138,34579,258
2022-02-17,Mariposa,043,17540,2321,2310,187,2497,6
2022-02-17,Mendocino,045,87422,12764,12625,2903,15528,110
2022-02-17,Merced,047,269075,61364,60886,8384,69270,769
2022-02-17,Modoc,049,8938,719,714,246,960,6
2022-02-17,Mono,051,14174,2950,2956,118,3074,5
2022-02-17,Monterey,053,433212,77923,76765,12940,89705,682
2022-02-17,Napa,055,140530,25080,24970,910,25880,127
2022-02-17,Nevada,057,99092,15682,15715,1143,16858,121
2022-02-17,Orange,059,3164182,539697,538019,40336,578355,6416
2022-02-17,Placer,061,380077,61767,61417,7194,68611,560
2022-02-17,Plumas,063,18699,2916,2646,347,2993,13
2022-02-17,Riverside,065,2383286,585311,581788,27238,609026,6087
2022-02-17,Sacramento,067,1510023,276303,270080,25903,295983,2747
2022-02-17,San Benito,069,59416,12695,12665,500,13165,92
2022-02-17,San Bernardino,071,2135413,569414,553151,24558,577709,6400
2022-02-17,San Diego,073,3302833,738617,729549,51431,780980,4947
2022-02-17,San Francisco,075,870044,120543,121197,7971,129168,756
2022-02-17,San Joaquin,077,732212,164082,163083,9687,172770,2033
2022-02-17,San Luis Obispo,079,281455,51258,50823,3610,54433,424
2022-02-17,San Mateo,081,765935,118843,116648,6706,123354,598
2022-02-17,Santa Barbara,083,443738,84368,83988,4600,88588,642
2022-02-17,Santa Clara,085,1922200,303243,303077,11976,315053,2138
2022-02-17,Santa Cruz,087,273765,46151,45532,2038,47570,250
2022-02-17,Shasta,089,179085,29967,29847,5962,35809,479
2022-02-17,Sierra,091,2930,271,269,46,315,0
2022-02-17,Siskiyou,093,43540,4352,4307,2650,6957,70
2022-02-17,Solano,095,438530,79744,78914,5435,84349,424
2022-02-17,Sonoma,097,501317,81706,80843,2487,83330,431
2022-02-17,Stanislaus,099,539301,115886,115976,17481,133457,1454
2022-02-17,Sutter,101,95872,20131,20060,1953,22013,210
2022-02-17,Tehama,103,63373,11855,11760,2552,14312,152
2022-02-17,Trinity,105,12862,1164,1130,280,1410,20
2022-02-17,Tulare,107,460477,104822,101996,26965,128961,1286
2022-02-17,Tuolumne,109,53932,12454,12036,539,12575,175
2022-02-17,Ventura,111,848112,170745,170331,9236,179567,1384
2022-02-17,Yolo,113,214977,36186,35363,2920,38283,293
2022-02-17,Yuba,115,75493,15533,15449,1144,16593,112
2022-02-16,Alameda,001,1643700,249648,245662,13210,258872,1691
2022-02-16,Alpine,003,1148,121,124,1,125,0
2022-02-16,Amador,005,37829,8279,8197,623,8820,77
2022-02-16,Butte,007,227075,32501,32095,6758,38853,363
2022-02-16,Calaveras,009,45235,7128,7129,328,7457,107
2022-02-16,Colusa,011,21464,3404,3384,1032,4416,21
2022-02-16,Contra Costa,013,1133247,187075,182423,12737,195160,1179
2022-02-16,Del Norte,015,27424,5524,5473,164,5637,45
2022-02-16,El Dorado,017,186661,26295,26061,3134,29195,189
2022-02-16,Fresno,019,978130,226993,223056,23417,246473,2542
2022-02-16,Glenn,021,27897,4920,4873,1574,6447,39
2022-02-16,Humboldt,023,135768,16410,16342,2828,19170,132
2022-02-16,Imperial,025,180216,54486,53901,10326,64227,861
2022-02-16,Inyo,027,18085,4028,4013,443,4456,52
2022-02-16,Kern,029,883053,189126,186740,44907,231647,2084
2022-02-16,Kings,031,150075,50453,49575,3437,53012,420
2022-02-16,Lake,033,64148,10324,10145,851,10996,125
2022-02-16,Lassen,035,31185,8709,8618,859,9477,55
2022-02-16,Los Angeles,037,10098052,2675882,2640005,121004,2761009,29749
2022-02-16,Madera,039,155013,36596,36382,5867,42249,330
2022-02-16,Marin,041,260295,32591,32381,2136,34517,257
2022-02-16,Mariposa,043,17540,2319,2305,187,2492,6
2022-02-16,Mendocino,045,87422,12742,12605,2893,15498,108
2022-02-16,Merced,047,269075,61297,60776,8352,69128,767
2022-02-16,Modoc,049,8938,719,711,242,953,6
2022-02-16,Mono,051,14174,2948,2953,118,3071,5
2022-02-16,Monterey,053,433212,77776,76624,12899,89523,682
2022-02-16,Napa,055,140530,25041,24897,907,25804,128
2022-02-16,Nevada,057,99092,15665,15677,1139,16816,121
2022-02-16,Orange,059,3164182,539295,537934,40292,578226,6392
2022-02-16,Placer,061,380077,61724,61278,7182,68460,556
2022-02-16,Plumas,063,18699,2913,2644,345,2989,13
2022-02-16,Riverside,065,2383286,584914,580828,27192,608020,6064
2022-02-16,Sacramento,067,1510023,275979,269416,25846,295262,2736
2022-02-16,San Benito,069,59416,12668,12644,500,13144,92
2022-02-16,San Bernardino,071,2135413,569139,552353,24536,576889,6379
2022-02-16,San Diego,073,3302833,737857,728610,51354,779964,4931
2022-02-16,San Francisco,075,870044,120370,120987,7968,128955,756
2022-02-16,San Joaquin,077,732212,163915,162752,9677,172429,2032
2022-02-16,San Luis Obispo,079,281455,51186,50704,3598,54302,425
2022-02-16,San Mateo,081,765935,118725,116438,6688,123126,595
2022-02-16,Santa Barbara,083,443738,84292,83968,4588,88556,642
2022-02-16,Santa Clara,085,1922200,302857,302439,11943,314382,2130
2022-02-16,Santa Cruz,087,273765,46061,45274,2036,47310,250
2022-02-16,Shasta,089,179085,29929,29767,5950,35717,477
2022-02-16,Sierra,091,2930,270,269,46,315,0
2022-02-16,Siskiyou,093,43540,4345,4302,2644,6946,71
2022-02-16,Solano,095,438530,79629,78742,5429,84171,422
2022-02-16,Sonoma,097,501317,81578,80642,2477,83119,431
2022-02-16,Stanislaus,099,539301,115767,115751,17448,133199,1443
2022-02-16,Sutter,101,95872,20114,20020,1950,21970,210
2022-02-16,Tehama,103,63373,11838,11738,2550,14288,152
2022-02-16,Trinity,105,12862,1164,1130,279,1409,20
2022-02-16,Tulare,107,460477,104702,101817,26915,128732,1281
2022-02-16,Tuolumne,109,53932,12442,11991,538,12529,171
2022-02-16,Ventura,111,848112,170610,170117,9228,179345,1372
2022-02-16,Yolo,113,214977,36135,35284,2918,38202,292
2022-02-16,Yuba,115,75493,15511,15405,1141,16546,110
2022-02-15,Alameda,001,1643700,249297,245265,13182,258447,1683
2022-02-15,Alpine,003,1148,121,124,1,125,0
2022-02-15,Amador,005,37829,8269,8183,622,8805,77
2022-02-15,Butte,007,227075,32451,32011,6744,38755,361
2022-02-15,Calaveras,009,45235,7118,7115,328,7443,106
2022-02-15,Colusa,011,21464,3396,3374,1031,4405,21
2022-02-15,Contra Costa,013,1133247,186818,182041,12707,194748,1179
2022-02-15,Del Norte,015,27424,5496,5439,163,5602,45
2022-02-15,El Dorado,017,186661,26276,25988,3129,29117,189
2022-02-15,Fresno,019,978130,226616,222673,23359,246032,2543
2022-02-15,Glenn,021,27897,4911,4862,1573,6435,39
2022-02-15,Humboldt,023,135768,16365,16297,2813,19110,132
2022-02-15,Imperial,025,180216,54422,53813,10311,64124,860
2022-02-15,Inyo,027,18085,4027,4009,442,4451,52
2022-02-15,Kern,029,883053,188906,186324,44816,231140,2072
2022-02-15,Kings,031,150075,50360,49473,3428,52901,418
2022-02-15,Lake,033,64148,10292,10112,845,10957,123
2022-02-15,Lassen,035,31185,8695,8587,857,9444,55
2022-02-15,Los Angeles,037,10098052,2673624,2638266,120872,2759138,29691
2022-02-15,Madera,039,155013,36530,36260,5847,42107,330
2022-02-15,Marin,041,260295,32549,32355,2134,34489,255
2022-02-15,Mariposa,043,17540,2318,2302,187,2489,6
2022-02-15,Mendocino,045,87422,12725,12580,2874,15454,108
2022-02-15,Merced,047,269075,61216,60674,8321,68995,763
2022-02-15,Modoc,049,8938,717,710,239,949,6
2022-02-15,Mono,051,14174,2947,2952,118,3070,5
2022-02-15,Monterey,053,433212,77650,75530,12841,88371,682
2022-02-15,Napa,055,140530,24991,24832,900,25732,127
2022-02-15,Nevada,057,99092,15639,15643,1138,16781,121
2022-02-15,Orange,059,3164182,538838,537478,40250,577728,6374
2022-02-15,Placer,061,380077,61663,61170,7171,68341,554
2022-02-15,Plumas,063,18699,2909,2638,345,2983,13
2022-02-15,Riverside,065,2383286,584428,579940,27133,607073,6049
2022-02-15,Sacramento,067,1510023,275593,268950,25768,294718,2721
2022-02-15,San Benito,069,59416,12649,12616,500,13116,91
2022-02-15,San Bernardino,071,2135413,568777,551803,24516,576319,6372
2022-02-15,San Diego,073,3302833,736896,727486,51251,778737,4914
2022-02-15,San Francisco,075,870044,120199,120759,7957,128716,756
2022-02-15,San Joaquin,077,732212,163696,162518,9664,172182,2021
2022-02-15,San Luis Obispo,079,281455,51089,50534,3583,54117,419
2022-02-15,San Mateo,081,765935,118589,116253,6668,122921,595
2022-02-15,Santa Barbara,083,443738,84157,83734,4574,88308,640
2022-02-15,Santa Clara,085,1922200,302364,301831,11906,313737,2130
2022-02-15,Santa Cruz,087,273765,45957,45171,2031,47202,250
2022-02-15,Shasta,089,179085,29878,29684,5936,35620,477
2022-02-15,Sierra,091,2930,270,269,46,315,0
2022-02-15,Siskiyou,093,43540,4338,4288,2637,6925,70
2022-02-15,Solano,095,438530,79495,78626,5424,84050,426
2022-02-15,Sonoma,097,501317,81457,80433,2471,82904,431
2022-02-15,Stanislaus,099,539301,115626,115549,17417,132966,1429
2022-02-15,Sutter,101,95872,20086,19980,1945,21925,208
2022-02-15,Tehama,103,63373,11820,11717,2548,14265,151
2022-02-15,Trinity,105,12862,1158,1125,276,1401,20
2022-02-15,Tulare,107,460477,104550,101645,26860,128505,1278
2022-02-15,Tuolumne,109,53932,12423,11945,536,12481,171
2022-02-15,Ventura,111,848112,170436,169942,9221,179163,1372
2022-02-15,Yolo,113,214977,36084,35241,2910,38151,289
2022-02-15,Yuba,115,75493,15483,15372,1136,16508,109
2022-02-14,Alameda,001,1643700,248861,244315,13150,257465,1677
2022-02-14,Alpine,003,1148,121,125,1,126,0
2022-02-14,Amador,005,37829,8254,8164,619,8783,77
2022-02-14,Butte,007,227075,32396,31946,6729,38675,360
2022-02-14,Calaveras,009,45235,7105,7097,326,7423,106
2022-02-14,Colusa,011,21464,3393,3367,1027,4394,21
2022-02-14,Contra Costa,013,1133247,186534,181753,12669,194422,1167
2022-02-14,Del Norte,015,27424,5473,5426,162,5588,45
2022-02-14,El Dorado,017,186661,26241,25915,3120,29035,188
2022-02-14,Fresno,019,978130,226134,222360,23272,245632,2538
2022-02-14,Glenn,021,27897,4906,4854,1573,6427,39
2022-02-14,Humboldt,023,135768,16325,16264,2788,19052,132
2022-02-14,Imperial,025,180216,54351,53765,10285,64050,860
2022-02-14,Inyo,027,18085,4026,4010,441,4451,52
2022-02-14,Kern,029,883053,188563,186037,44708,230745,2063
2022-02-14,Kings,031,150075,50254,49395,3419,52814,419
2022-02-14,Lake,033,64148,10255,10090,842,10932,123
2022-02-14,Lassen,035,31185,8685,8539,855,9394,55
2022-02-14,Los Angeles,037,10098052,2671041,2636064,120744,2756808,29650
2022-02-14,Madera,039,155013,36466,36194,5824,42018,330
2022-02-14,Marin,041,260295,32513,32304,2131,34435,255
2022-02-14,Mariposa,043,17540,2311,2295,187,2482,6
2022-02-14,Mendocino,045,87422,12698,12541,2842,15383,108
2022-02-14,Merced,047,269075,61127,60591,8279,68870,758
2022-02-14,Modoc,049,8938,712,707,239,946,6
2022-02-14,Mono,051,14174,2946,2954,118,3072,5
2022-02-14,Monterey,053,433212,77479,75407,12761,88168,678
2022-02-14,Napa,055,140530,24932,24776,900,25676,127
2022-02-14,Nevada,057,99092,15620,15629,1137,16766,121
2022-02-14,Orange,059,3164182,538333,536924,40184,577108,6355
2022-02-14,Placer,061,380077,61593,61123,7156,68279,554
2022-02-14,Plumas,063,18699,2907,2631,345,2976,13
2022-02-14,Riverside,065,2383286,583882,579174,27065,606239,5994
2022-02-14,Sacramento,067,1510023,275152,268547,25657,294204,2717
2022-02-14,San Benito,069,59416,12625,12598,499,13097,91
2022-02-14,San Bernardino,071,2135413,568361,551338,24496,575834,6372
2022-02-14,San Diego,073,3302833,735928,723902,51148,775050,4894
2022-02-14,San Francisco,075,870044,120009,120581,7947,128528,756
2022-02-14,San Joaquin,077,732212,163456,162363,9641,172004,2018
2022-02-14,San Luis Obispo,079,281455,50981,50465,3573,54038,416
2022-02-14,San Mateo,081,765935,118425,116129,6660,122789,592
2022-02-14,Santa Barbara,083,443738,84011,83697,4564,88261,636
2022-02-14,Santa Clara,085,1922200,301832,301319,11882,313201,2127
2022-02-14,Santa Cruz,087,273765,45794,45042,2027,47069,250
2022-02-14,Shasta,089,179085,29792,29595,5919,35514,474
2022-02-14,Sierra,091,2930,270,269,46,315,0
2022-02-14,Siskiyou,093,43540,4325,4278,2623,6901,69
2022-02-14,Solano,095,438530,79316,78533,5412,83945,427
2022-02-14,Sonoma,097,501317,81316,80336,2459,82795,431
2022-02-14,Stanislaus,099,539301,115448,115426,17374,132800,1406
2022-02-14,Sutter,101,95872,20058,19957,1939,21896,209
2022-02-14,Tehama,103,63373,11797,11686,2547,14233,151
2022-02-14,Trinity,105,12862,1155,1123,276,1399,20
2022-02-14,Tulare,107,460477,104343,101448,26765,128213,1276
2022-02-14,Tuolumne,109,53932,12394,11920,533,12453,170
2022-02-14,Ventura,111,848112,170259,169725,9209,178934,1361
2022-02-14,Yolo,113,214977,36025,35112,2900,38012,286
2022-02-14,Yuba,115,75493,15453,15375,1132,16507,108
2022-02-13,Alameda,001,1643700,248372,243681,13116,256797,1677
2022-02-13,Alpine,003,1148,121,125,1,126,0
2022-02-13,Amador,005,37829,8225,8146,616,8762,77
2022-02-13,Butte,007,227075,32321,31865,6707,38572,360
2022-02-13,Calaveras,009,45235,7098,7083,323,7406,106
2022-02-13,Colusa,011,21464,3391,3366,1025,4391,21
2022-02-13,Contra Costa,013,1133247,186170,181313,12605,193918,1159
2022-02-13,Del Norte,015,27424,5441,5379,162,5541,45
2022-02-13,El Dorado,017,186661,26204,25871,3112,28983,188
2022-02-13,Fresno,019,978130,225595,221686,23212,244898,2537
2022-02-13,Glenn,021,27897,4899,4847,1570,6417,39
2022-02-13,Humboldt,023,135768,16278,16210,2760,18970,132
2022-02-13,Imperial,025,180216,54253,53658,10250,63908,860
2022-02-13,Inyo,027,18085,4023,4006,439,4445,52
2022-02-13,Kern,029,883053,188311,185640,44623,230263,2063
2022-02-13,Kings,031,150075,50127,49243,3408,52651,416
2022-02-13,Lake,033,64148,10192,10042,835,10877,123
2022-02-13,Lassen,035,31185,8660,8503,853,9356,55
2022-02-13,Los Angeles,037,10098052,2667867,2631267,120604,2751871,29595
2022-02-13,Madera,039,155013,36349,36054,5796,41850,330
2022-02-13,Marin,041,260295,32442,32222,2124,34346,255
2022-02-13,Mariposa,043,17540,2305,2292,185,2477,6
2022-02-13,Mendocino,045,87422,12669,12521,2803,15324,108
2022-02-13,Merced,047,269075,60985,60460,8226,68686,758
2022-02-13,Modoc,049,8938,710,704,232,936,6
2022-02-13,Mono,051,14174,2945,2949,118,3067,5
2022-02-13,Monterey,053,433212,77272,75295,12687,87982,678
2022-02-13,Napa,055,140530,24855,24743,897,25640,127
2022-02-13,Nevada,057,99092,15586,15590,1130,16720,121
2022-02-13,Orange,059,3164182,537707,536134,40122,576256,6355
2022-02-13,Placer,061,380077,61517,61020,7135,68155,554
2022-02-13,Plumas,063,18699,2899,2626,342,2968,13
2022-02-13,Riverside,065,2383286,583290,578363,27024,605387,5995
2022-02-13,Sacramento,067,1510023,274640,267947,25528,293475,2699
2022-02-13,San Benito,069,59416,12592,12578,498,13076,91
2022-02-13,San Bernardino,071,2135413,567874,550632,24463,575095,6367
2022-02-13,San Diego,073,3302833,734790,723902,51028,774930,4894
2022-02-13,San Francisco,075,870044,119757,120295,7935,128230,756
2022-02-13,San Joaquin,077,732212,163150,162028,9613,171641,2018
2022-02-13,San Luis Obispo,079,281455,50836,50384,3565,53949,415
2022-02-13,San Mateo,081,765935,118204,115876,6634,122510,592
2022-02-13,Santa Barbara,083,443738,83846,83547,4557,88104,635
2022-02-13,Santa Clara,085,1922200,301194,300412,11845,312257,2114
2022-02-13,Santa Cruz,087,273765,45639,44887,2025,46912,240
2022-02-13,Shasta,089,179085,29713,29531,5896,35427,474
2022-02-13,Sierra,091,2930,270,269,46,315,0
2022-02-13,Siskiyou,093,43540,4318,4264,2607,6871,69
2022-02-13,Solano,095,438530,79159,78424,5388,83812,426
2022-02-13,Sonoma,097,501317,81150,80172,2447,82619,431
2022-02-13,Stanislaus,099,539301,115255,115156,17334,132490,1406
2022-02-13,Sutter,101,95872,20019,19900,1939,21839,209
2022-02-13,Tehama,103,63373,11772,11644,2544,14188,151
2022-02-13,Trinity,105,12862,1152,1120,273,1393,20
2022-02-13,Tulare,107,460477,104128,101135,26677,127812,1276
2022-02-13,Tuolumne,109,53932,12368,11891,528,12419,170
2022-02-13,Ventura,111,848112,170065,169422,9189,178611,1361
2022-02-13,Yolo,113,214977,35958,35057,2888,37945,286
2022-02-13,Yuba,115,75493,15419,15346,1131,16477,107
2022-02-12,Alameda,001,1643700,248152,242137,13102,255239,1668
2022-02-12,Alpine,003,1148,121,124,1,125,0
2022-02-12,Amador,005,37829,8219,8091,616,8707,76
2022-02-12,Butte,007,227075,32292,31601,6701,38302,360
2022-02-12,Calaveras,009,45235,7095,7022,322,7344,106
2022-02-12,Colusa,011,21464,3388,3345,1025,4370,21
2022-02-12,Contra Costa,013,1133247,185979,180270,12598,192868,1141
2022-02-12,Del Norte,015,27424,5422,5262,162,5424,45
2022-02-12,El Dorado,017,186661,26188,25692,3112,28804,188
2022-02-12,Fresno,019,978130,225384,219909,23197,243106,2509
2022-02-12,Glenn,021,27897,4898,4818,1569,6387,39
2022-02-12,Humboldt,023,135768,16254,16058,2757,18815,132
2022-02-12,Imperial,025,180216,54209,53304,10240,63544,860
2022-02-12,Inyo,027,18085,4021,3991,439,4430,52
2022-02-12,Kern,029,883053,188200,184639,44586,229225,2037
2022-02-12,Kings,031,150075,50087,48893,3401,52294,415
2022-02-12,Lake,033,64148,10171,9926,831,10757,123
2022-02-12,Lassen,035,31185,8637,8477,852,9329,55
2022-02-12,Los Angeles,037,10098052,2666705,2616426,120532,2736958,29364
2022-02-12,Madera,039,155013,36315,35710,5789,41499,330
2022-02-12,Marin,041,260295,32410,32048,2121,34169,255
2022-02-12,Mariposa,043,17540,2305,2286,185,2471,6
2022-02-12,Mendocino,045,87422,12653,12439,2803,15242,107
2022-02-12,Merced,047,269075,60931,60187,8221,68408,758
2022-02-12,Modoc,049,8938,710,697,232,929,6
2022-02-12,Mono,051,14174,2944,2939,118,3057,5
2022-02-12,Monterey,053,433212,77211,74842,12665,87507,672
2022-02-12,Napa,055,140530,24827,24530,897,25427,124
2022-02-12,Nevada,057,99092,15573,15499,1129,16628,119
2022-02-12,Orange,059,3164182,537417,534503,40086,574589,6305
2022-02-12,Placer,061,380077,61460,60636,7132,67768,554
2022-02-12,Plumas,063,18699,2898,2617,341,2958,13
2022-02-12,Riverside,065,2383286,582928,575566,27001,602567,5961
2022-02-12,Sacramento,067,1510023,274405,266347,25519,291866,2686
2022-02-12,San Benito,069,59416,12580,12526,498,13024,91
2022-02-12,San Bernardino,071,2135413,567639,548822,24451,573273,6360
2022-02-12,San Diego,073,3302833,734291,720287,50977,771264,4854
2022-02-12,San Francisco,075,870044,119635,119113,7924,127037,740
2022-02-12,San Joaquin,077,732212,163019,161234,9607,170841,2014
2022-02-12,San Luis Obispo,079,281455,50800,50064,3562,53626,416
2022-02-12,San Mateo,081,765935,118116,115235,6627,121862,589
2022-02-12,Santa Barbara,083,443738,83760,83390,4550,87940,631
2022-02-12,Santa Clara,085,1922200,300856,298176,11837,310013,2093
2022-02-12,Santa Cruz,087,273765,45603,44447,2023,46470,239
2022-02-12,Shasta,089,179085,29684,29370,5892,35262,473
2022-02-12,Sierra,091,2930,270,268,46,314,0
2022-02-12,Siskiyou,093,43540,4310,4231,2604,6835,68
2022-02-12,Solano,095,438530,79117,77865,5383,83248,424
2022-02-12,Sonoma,097,501317,81046,79533,2445,81978,431
2022-02-12,Stanislaus,099,539301,115130,114531,17321,131852,1406
2022-02-12,Sutter,101,95872,20004,19800,1939,21739,211
2022-02-12,Tehama,103,63373,11756,11580,2544,14124,151
2022-02-12,Trinity,105,12862,1151,1115,273,1388,20
2022-02-12,Tulare,107,460477,104033,100434,26640,127074,1273
2022-02-12,Tuolumne,109,53932,12350,11754,528,12282,125
2022-02-12,Ventura,111,848112,169958,168736,9184,177920,1340
2022-02-12,Yolo,113,214977,35917,34773,2885,37658,286
2022-02-12,Yuba,115,75493,15405,15242,1130,16372,107
2022-02-11,Alameda,001,1643700,247872,242137,13087,255224,1668
2022-02-11,Alpine,003,1148,121,124,1,125,0
2022-02-11,Amador,005,37829,8207,8091,616,8707,76
2022-02-11,Butte,007,227075,32248,31601,6690,38291,360
2022-02-11,Calaveras,009,45235,7092,7022,322,7344,106
2022-02-11,Colusa,011,21464,3386,3345,1024,4369,21
2022-02-11,Contra Costa,013,1133247,185774,180270,12579,192849,1141
2022-02-11,Del Norte,015,27424,5406,5262,161,5423,45
2022-02-11,El Dorado,017,186661,26169,25692,3111,28803,188
2022-02-11,Fresno,019,978130,225088,219909,23179,243088,2509
2022-02-11,Glenn,021,27897,4894,4818,1569,6387,39
2022-02-11,Humboldt,023,135768,16225,16058,2752,18810,132
2022-02-11,Imperial,025,180216,54180,53304,10229,63533,860
2022-02-11,Inyo,027,18085,4017,3991,435,4426,52
2022-02-11,Kern,029,883053,188042,184639,44535,229174,2037
2022-02-11,Kings,031,150075,50047,48893,3400,52293,415
2022-02-11,Lake,033,64148,10146,9926,829,10755,123
2022-02-11,Lassen,035,31185,8597,8477,852,9329,55
2022-02-11,Los Angeles,037,10098052,2665073,2616426,120443,2736869,29364
2022-02-11,Madera,039,155013,36273,35710,5783,41493,330
2022-02-11,Marin,041,260295,32378,32048,2118,34166,255
2022-02-11,Mariposa,043,17540,2300,2286,185,2471,6
2022-02-11,Mendocino,045,87422,12637,12439,2803,15242,107
2022-02-11,Merced,047,269075,60881,60187,8214,68401,758
2022-02-11,Modoc,049,8938,708,697,232,929,6
2022-02-11,Mono,051,14174,2943,2939,118,3057,5
2022-02-11,Monterey,053,433212,77095,74842,12652,87494,672
2022-02-11,Napa,055,140530,24800,24530,897,25427,124
2022-02-11,Nevada,057,99092,15559,15499,1126,16625,119
2022-02-11,Orange,059,3164182,537066,534503,40026,574529,6305
2022-02-11,Placer,061,380077,61408,60636,7130,67766,554
2022-02-11,Plumas,063,18699,2894,2617,339,2956,13
2022-02-11,Riverside,065,2383286,582511,575566,26985,602551,5961
2022-02-11,Sacramento,067,1510023,274141,266347,25507,291854,2686
2022-02-11,San Benito,069,59416,12575,12526,498,13024,91
2022-02-11,San Bernardino,071,2135413,567324,548822,24437,573259,6360
2022-02-11,San Diego,073,3302833,733588,720287,50918,771205,4854
2022-02-11,San Francisco,075,870044,119514,119113,7908,127021,740
2022-02-11,San Joaquin,077,732212,162851,161234,9595,170829,2014
2022-02-11,San Luis Obispo,079,281455,50763,50064,3558,53622,416
2022-02-11,San Mateo,081,765935,117998,115235,6618,121853,589
2022-02-11,Santa Barbara,083,443738,83676,83390,4549,87939,631
2022-02-11,Santa Clara,085,1922200,300433,298176,11820,309996,2093
2022-02-11,Santa Cruz,087,273765,45511,44447,2023,46470,239
2022-02-11,Shasta,089,179085,29653,29370,5884,35254,473
2022-02-11,Sierra,091,2930,269,268,45,313,0
2022-02-11,Siskiyou,093,43540,4299,4231,2598,6829,68
2022-02-11,Solano,095,438530,78992,77865,5377,83242,424
2022-02-11,Sonoma,097,501317,80959,79533,2440,81973,431
2022-02-11,Stanislaus,099,539301,115030,114531,17306,131837,1406
2022-02-11,Sutter,101,95872,19981,19800,1937,21737,211
2022-02-11,Tehama,103,63373,11742,11580,2544,14124,151
2022-02-11,Trinity,105,12862,1150,1115,272,1387,20
2022-02-11,Tulare,107,460477,103915,100434,26589,127023,1273
2022-02-11,Tuolumne,109,53932,12335,11754,526,12280,125
2022-02-11,Ventura,111,848112,169819,168736,9179,177915,1340
2022-02-11,Yolo,113,214977,35884,34773,2883,37656,286
2022-02-11,Yuba,115,75493,15388,15242,1129,16371,107
2022-02-10,Alameda,001,1643700,247350,242137,13040,255177,1668
2022-02-10,Alpine,003,1148,121,124,1,125,0
2022-02-10,Amador,005,37829,8195,8091,610,8701,76
2022-02-10,Butte,007,227075,32196,31601,6676,38277,360
2022-02-10,Calaveras,009,45235,7080,7022,320,7342,106
2022-02-10,Colusa,011,21464,3380,3345,1022,4367,21
2022-02-10,Contra Costa,013,1133247,185413,180270,12515,192785,1141
2022-02-10,Del Norte,015,27424,5377,5262,159,5421,45
2022-02-10,El Dorado,017,186661,26124,25692,3104,28796,188
2022-02-10,Fresno,019,978130,224508,219909,23095,243004,2509
2022-02-10,Glenn,021,27897,4888,4818,1567,6385,39
2022-02-10,Humboldt,023,135768,16175,16058,2730,18788,132
2022-02-10,Imperial,025,180216,54111,53304,10186,63490,860
2022-02-10,Inyo,027,18085,4013,3991,435,4426,52
2022-02-10,Kern,029,883053,187734,184639,44426,229065,2037
2022-02-10,Kings,031,150075,49936,48893,3389,52282,415
2022-02-10,Lake,033,64148,10115,9926,827,10753,123
2022-02-10,Lassen,035,31185,8583,8477,850,9327,55
2022-02-10,Los Angeles,037,10098052,2661917,2616426,120257,2736683,29364
2022-02-10,Madera,039,155013,36176,35710,5752,41462,330
2022-02-10,Marin,041,260295,32320,32048,2106,34154,255
2022-02-10,Mariposa,043,17540,2296,2286,184,2470,6
2022-02-10,Mendocino,045,87422,12615,12439,2779,15218,107
2022-02-10,Merced,047,269075,60757,60187,8161,68348,758
2022-02-10,Modoc,049,8938,707,697,231,928,6
2022-02-10,Mono,051,14174,2941,2939,117,3056,5
2022-02-10,Monterey,053,433212,76914,74842,12572,87414,672
2022-02-10,Napa,055,140530,24736,24530,895,25425,124
2022-02-10,Nevada,057,99092,15534,15499,1125,16624,119
2022-02-10,Orange,059,3164182,536417,534503,39959,574462,6305
2022-02-10,Placer,061,380077,61327,60636,7121,67757,554
2022-02-10,Plumas,063,18699,2891,2617,332,2949,13
2022-02-10,Riverside,065,2383286,581794,575566,26930,602496,5961
2022-02-10,Sacramento,067,1510023,273659,266347,25419,291766,2686
2022-02-10,San Benito,069,59416,12554,12526,496,13022,91
2022-02-10,San Bernardino,071,2135413,566778,548822,24407,573229,6360
2022-02-10,San Diego,073,3302833,732482,720287,50792,771079,4854
2022-02-10,San Francisco,075,870044,119301,119113,7891,127004,740
2022-02-10,San Joaquin,077,732212,162538,161234,9587,170821,2014
2022-02-10,San Luis Obispo,079,281455,50664,50064,3547,53611,416
2022-02-10,San Mateo,081,765935,117772,115235,6601,121836,589
2022-02-10,Santa Barbara,083,443738,83492,83390,4543,87933,631
2022-02-10,Santa Clara,085,1922200,299765,298176,11764,309940,2093
2022-02-10,Santa Cruz,087,273765,45367,44447,2022,46469,239
2022-02-10,Shasta,089,179085,29591,29370,5864,35234,473
2022-02-10,Sierra,091,2930,269,268,45,313,0
2022-02-10,Siskiyou,093,43540,4294,4231,2585,6816,68
2022-02-10,Solano,095,438530,78799,77865,5358,83223,424
2022-02-10,Sonoma,097,501317,80823,79533,2423,81956,431
2022-02-10,Stanislaus,099,539301,114850,114531,17267,131798,1406
2022-02-10,Sutter,101,95872,19942,19800,1922,21722,211
2022-02-10,Tehama,103,63373,11712,11580,2541,14121,151
2022-02-10,Trinity,105,12862,1147,1115,271,1386,20
2022-02-10,Tulare,107,460477,103727,100434,26512,126946,1273
2022-02-10,Tuolumne,109,53932,12313,11754,521,12275,125
2022-02-10,Ventura,111,848112,169538,168736,9165,177901,1340
2022-02-10,Yolo,113,214977,35807,34773,2877,37650,286
2022-02-10,Yuba,115,75493,15356,15242,1124,16366,107
2022-02-09,Alameda,001,1643700,246818,241141,12984,254125,1668
2022-02-09,Alpine,003,1148,120,124,1,125,0
2022-02-09,Amador,005,37829,8181,8069,605,8674,76
2022-02-09,Butte,007,227075,32103,31433,6662,38095,359
2022-02-09,Calaveras,009,45235,7066,7005,316,7321,106
2022-02-09,Colusa,011,21464,3377,3331,1021,4352,21
2022-02-09,Contra Costa,013,1133247,185056,179695,12469,192164,1132
2022-02-09,Del Norte,015,27424,5330,5204,158,5362,45
2022-02-09,El Dorado,017,186661,26087,25572,3092,28664,186
2022-02-09,Fresno,019,978130,223893,218989,23007,241996,2502
2022-02-09,Glenn,021,27897,4873,4804,1566,6370,39
2022-02-09,Humboldt,023,135768,16128,15929,2705,18634,131
2022-02-09,Imperial,025,180216,54008,53102,10114,63216,858
2022-02-09,Inyo,027,18085,4007,3989,434,4423,52
2022-02-09,Kern,029,883053,187358,184068,44312,228380,2021
2022-02-09,Kings,031,150075,49825,48718,3383,52101,410
2022-02-09,Lake,033,64148,10075,9880,822,10702,124
2022-02-09,Lassen,035,31185,8558,8459,849,9308,55
2022-02-09,Los Angeles,037,10098052,2658237,2611611,120123,2731734,29263
2022-02-09,Madera,039,155013,36078,35559,5722,41281,330
2022-02-09,Marin,041,260295,32270,31965,2099,34064,255
2022-02-09,Mariposa,043,17540,2293,2279,184,2463,6
2022-02-09,Mendocino,045,87422,12581,12378,2750,15128,107
2022-02-09,Merced,047,269075,60627,59952,8109,68061,755
2022-02-09,Modoc,049,8938,704,691,230,921,6
2022-02-09,Mono,051,14174,2939,2937,117,3054,5
2022-02-09,Monterey,053,433212,76712,74500,12486,86986,670
2022-02-09,Napa,055,140530,24690,24429,890,25319,123
2022-02-09,Nevada,057,99092,15513,15446,1123,16569,119
2022-02-09,Orange,059,3164182,535787,534316,39879,574195,6263
2022-02-09,Placer,061,380077,61232,60490,7101,67591,553
2022-02-09,Plumas,063,18699,2886,2609,328,2937,13
2022-02-09,Riverside,065,2383286,581054,573907,26885,600792,5911
2022-02-09,Sacramento,067,1510023,273093,265624,25303,290927,2673
2022-02-09,San Benito,069,59416,12530,12492,496,12988,91
2022-02-09,San Bernardino,071,2135413,566169,547768,24381,572149,6349
2022-02-09,San Diego,073,3302833,731125,717896,50680,768576,4832
2022-02-09,San Francisco,075,870044,119050,118550,7880,126430,731
2022-02-09,San Joaquin,077,732212,162233,160618,9577,170195,2014
2022-02-09,San Luis Obispo,079,281455,50518,49833,3542,53375,414
2022-02-09,San Mateo,081,765935,117584,114890,6561,121451,589
2022-02-09,Santa Barbara,083,443738,83310,82830,4537,87367,629
2022-02-09,Santa Clara,085,1922200,299048,297157,11706,308863,2090
2022-02-09,Santa Cruz,087,273765,45186,44200,2015,46215,239
2022-02-09,Shasta,089,179085,29522,29215,5843,35058,471
2022-02-09,Sierra,091,2930,268,268,44,312,0
2022-02-09,Siskiyou,093,43540,4280,4217,2579,6796,68
2022-02-09,Solano,095,438530,78608,77299,5347,82646,423
2022-02-09,Sonoma,097,501317,80649,79165,2416,81581,431
2022-02-09,Stanislaus,099,539301,114601,114039,17035,131074,1406
2022-02-09,Sutter,101,95872,19900,19758,1909,21667,207
2022-02-09,Tehama,103,63373,11687,11542,2537,14079,149
2022-02-09,Trinity,105,12862,1143,1110,270,1380,20
2022-02-09,Tulare,107,460477,103513,100049,26426,126475,1271
2022-02-09,Tuolumne,109,53932,12275,11702,518,12220,95
2022-02-09,Ventura,111,848112,169301,168253,9152,177405,1325
2022-02-09,Yolo,113,214977,35737,34588,2861,37449,285
2022-02-09,Yuba,115,75493,15325,15187,1113,16300,105
2022-02-08,Alameda,001,1643700,246183,240587,12911,253498,1651
2022-02-08,Alpine,003,1148,120,124,1,125,0
2022-02-08,Amador,005,37829,8173,8050,598,8648,76
2022-02-08,Butte,007,227075,32021,31353,6638,37991,359
2022-02-08,Calaveras,009,45235,7049,6981,314,7295,101
2022-02-08,Colusa,011,21464,3369,3320,1020,4340,21
2022-02-08,Contra Costa,013,1133247,184626,179078,12392,191470,1132
2022-02-08,Del Norte,015,27424,5305,5156,153,5309,44
2022-02-08,El Dorado,017,186661,26042,25446,3081,28527,186
2022-02-08,Fresno,019,978130,223148,218416,22902,241318,2502
2022-02-08,Glenn,021,27897,4856,4784,1562,6346,39
2022-02-08,Humboldt,023,135768,16067,15865,2673,18538,130
2022-02-08,Imperial,025,180216,53878,52977,10070,63047,855
2022-02-08,Inyo,027,18085,4002,3983,434,4417,52
2022-02-08,Kern,029,883053,187022,183519,44182,227701,2010
2022-02-08,Kings,031,150075,49665,48479,3371,51850,411
2022-02-08,Lake,033,64148,10045,9806,816,10622,125
2022-02-08,Lassen,035,31185,8549,8423,845,9268,55
2022-02-08,Los Angeles,037,10098052,2653899,2611204,119936,2731140,29259
2022-02-08,Madera,039,155013,35970,35381,5666,41047,330
2022-02-08,Marin,041,260295,32196,31878,2094,33972,255
2022-02-08,Mariposa,043,17540,2292,2266,176,2442,6
2022-02-08,Mendocino,045,87422,12549,12336,2719,15055,107
2022-02-08,Merced,047,269075,60519,59789,8050,67839,751
2022-02-08,Modoc,049,8938,700,684,230,914,6
2022-02-08,Mono,051,14174,2938,2932,117,3049,5
2022-02-08,Monterey,053,433212,76506,74316,12400,86716,670
2022-02-08,Napa,055,140530,24617,24346,883,25229,121
2022-02-08,Nevada,057,99092,15486,15383,1120,16503,117
2022-02-08,Orange,059,3164182,535100,533507,39791,573298,6205
2022-02-08,Placer,061,380077,61124,60301,7089,67390,553
2022-02-08,Plumas,063,18699,2875,2596,321,2917,13
2022-02-08,Riverside,065,2383286,580225,571892,26813,598705,5908
2022-02-08,Sacramento,067,1510023,272423,264479,25127,289606,2664
2022-02-08,San Benito,069,59416,12506,12434,494,12928,91
2022-02-08,San Bernardino,071,2135413,565457,544658,24337,568995,6335
2022-02-08,San Diego,073,3302833,729552,717896,50548,768444,4832
2022-02-08,San Francisco,075,870044,118739,117942,7871,125813,731
2022-02-08,San Joaquin,077,732212,161850,160147,9559,169706,2005
2022-02-08,San Luis Obispo,079,281455,50353,49556,3512,53068,410
2022-02-08,San Mateo,081,765935,117366,114541,6532,121073,589
2022-02-08,Santa Barbara,083,443738,83142,82461,4512,86973,627
2022-02-08,Santa Clara,085,1922200,298167,295679,11659,307338,2091
2022-02-08,Santa Cruz,087,273765,45031,43884,2010,45894,239
2022-02-08,Shasta,089,179085,29439,29084,5815,34899,470
2022-02-08,Sierra,091,2930,268,267,44,311,0
2022-02-08,Siskiyou,093,43540,4270,4191,2570,6761,68
2022-02-08,Solano,095,438530,78375,77031,5332,82363,421
2022-02-08,Sonoma,097,501317,80435,78798,2392,81190,431
2022-02-08,Stanislaus,099,539301,114348,113733,16957,130690,1406
2022-02-08,Sutter,101,95872,19862,19717,1897,21614,203
2022-02-08,Tehama,103,63373,11660,11491,2530,14021,149
2022-02-08,Trinity,105,12862,1137,1110,270,1380,20
2022-02-08,Tulare,107,460477,103222,99694,26295,125989,1267
2022-02-08,Tuolumne,109,53932,12250,11665,516,12181,92
2022-02-08,Ventura,111,848112,169064,167830,9137,176967,1325
2022-02-08,Yolo,113,214977,35655,34462,2848,37310,281
2022-02-08,Yuba,115,75493,15280,15126,1091,16217,107
2022-02-07,Alameda,001,1643700,245465,238678,12844,251522,1643
2022-02-07,Alpine,003,1148,120,124,1,125,0
2022-02-07,Amador,005,37829,8145,7980,590,8570,75
2022-02-07,Butte,007,227075,31931,31184,6609,37793,355
2022-02-07,Calaveras,009,45235,7027,6910,313,7223,100
2022-02-07,Colusa,011,21464,3358,3283,1016,4299,21
2022-02-07,Contra Costa,013,1133247,184157,177767,12320,190087,1130
2022-02-07,Del Norte,015,27424,5264,5093,148,5241,44
2022-02-07,El Dorado,017,186661,25979,25257,3070,28327,185
2022-02-07,Fresno,019,978130,222293,216495,22757,239252,2493
2022-02-07,Glenn,021,27897,4848,4762,1558,6320,39
2022-02-07,Humboldt,023,135768,15992,15764,2648,18412,129
2022-02-07,Imperial,025,180216,53763,52689,10001,62690,853
2022-02-07,Inyo,027,18085,3997,3976,428,4404,51
2022-02-07,Kern,029,883053,186549,182047,44018,226065,1998
2022-02-07,Kings,031,150075,49481,48147,3354,51501,403
2022-02-07,Lake,033,64148,9999,9519,808,10327,125
2022-02-07,Lassen,035,31185,8531,8362,839,9201,55
2022-02-07,Los Angeles,037,10098052,2649435,2607438,119721,2727159,29210
2022-02-07,Madera,039,155013,35846,35083,5619,40702,330
2022-02-07,Marin,041,260295,32130,31670,2083,33753,255
2022-02-07,Mariposa,043,17540,2287,2253,172,2425,6
2022-02-07,Mendocino,045,87422,12491,12237,2681,14918,107
2022-02-07,Merced,047,269075,60392,59472,7957,67429,748
2022-02-07,Modoc,049,8938,696,679,230,909,6
2022-02-07,Mono,051,14174,2936,2917,117,3034,5
2022-02-07,Monterey,053,433212,76252,69433,12293,81726,670
2022-02-07,Napa,055,140530,24531,23237,874,24111,120
2022-02-07,Nevada,057,99092,15451,15268,1114,16382,113
2022-02-07,Orange,059,3164182,534338,531442,39711,571153,6179
2022-02-07,Placer,061,380077,61000,59894,7074,66968,546
2022-02-07,Plumas,063,18699,2864,2573,312,2885,13
2022-02-07,Riverside,065,2383286,579282,568874,26729,595603,5868
2022-02-07,Sacramento,067,1510023,271738,262834,24945,287779,2631
2022-02-07,San Benito,069,59416,12468,12285,492,12777,90
2022-02-07,San Bernardino,071,2135413,564658,542846,24298,567144,6335
2022-02-07,San Diego,073,3302833,727833,716244,50359,766603,4811
2022-02-07,San Francisco,075,870044,118399,113945,7846,121791,727
2022-02-07,San Joaquin,077,732212,161467,159358,9540,168898,1998
2022-02-07,San Luis Obispo,079,281455,50183,48994,3493,52487,406
2022-02-07,San Mateo,081,765935,117080,107060,6503,113563,589
2022-02-07,Santa Barbara,083,443738,82954,81608,4497,86105,624
2022-02-07,Santa Clara,085,1922200,297216,293360,11612,304972,2085
2022-02-07,Santa Cruz,087,273765,44815,43244,2006,45250,239
2022-02-07,Shasta,089,179085,29349,28900,5789,34689,468
2022-02-07,Sierra,091,2930,268,265,44,309,0
2022-02-07,Siskiyou,093,43540,4259,4157,2554,6711,68
2022-02-07,Solano,095,438530,78118,73934,5303,79237,420
2022-02-07,Sonoma,097,501317,80178,78296,2376,80672,431
2022-02-07,Stanislaus,099,539301,114090,113029,16813,129842,1406
2022-02-07,Sutter,101,95872,19829,19599,1870,21469,203
2022-02-07,Tehama,103,63373,11618,11418,2522,13940,146
2022-02-07,Trinity,105,12862,1133,1109,267,1376,20
2022-02-07,Tulare,107,460477,102863,98774,26165,124939,1263
2022-02-07,Tuolumne,109,53932,12202,11578,512,12090,92
2022-02-07,Ventura,111,848112,168747,166904,9122,176026,1324
2022-02-07,Yolo,113,214977,35545,34007,2834,36841,281
2022-02-07,Yuba,115,75493,15233,14998,1084,16082,105
2022-02-06,Alameda,001,1643700,244551,237188,12762,249950,1643
2022-02-06,Alpine,003,1148,120,123,1,124,0
2022-02-06,Amador,005,37829,8114,7922,578,8500,73
2022-02-06,Butte,007,227075,31802,31021,6558,37579,355
2022-02-06,Calaveras,009,45235,7000,6870,308,7178,99
2022-02-06,Colusa,011,21464,3348,3282,1015,4297,21
2022-02-06,Contra Costa,013,1133247,183518,176863,12164,189027,1128
2022-02-06,Del Norte,015,27424,5208,5038,146,5184,44
2022-02-06,El Dorado,017,186661,25916,25165,3058,28223,185
2022-02-06,Fresno,019,978130,221446,214726,22501,237227,2489
2022-02-06,Glenn,021,27897,4834,4738,1549,6287,39
2022-02-06,Humboldt,023,135768,15908,15658,2608,18266,128
2022-02-06,Imperial,025,180216,53576,52396,9955,62351,853
2022-02-06,Inyo,027,18085,3995,3970,425,4395,51
2022-02-06,Kern,029,883053,185997,181188,43779,224967,1996
2022-02-06,Kings,031,150075,49258,47669,3329,50998,401
2022-02-06,Lake,033,64148,9930,9468,791,10259,125
2022-02-06,Lassen,035,31185,8511,8326,834,9160,55
2022-02-06,Los Angeles,037,10098052,2643893,2602620,119461,2722081,29180
2022-02-06,Madera,039,155013,35662,34901,5527,40428,330
2022-02-06,Marin,041,260295,32033,31488,2070,33558,255
2022-02-06,Mariposa,043,17540,2279,2244,161,2405,6
2022-02-06,Mendocino,045,87422,12448,12169,2611,14780,107
2022-02-06,Merced,047,269075,60174,59112,7795,66907,748
2022-02-06,Modoc,049,8938,691,675,229,904,6
2022-02-06,Mono,051,14174,2931,2901,115,3016,5
2022-02-06,Monterey,053,433212,75886,67912,12136,80048,670
2022-02-06,Napa,055,140530,24412,23230,867,24097,120
2022-02-06,Nevada,057,99092,15386,15192,1101,16293,113
2022-02-06,Orange,059,3164182,533386,527906,39610,567516,6171
2022-02-06,Placer,061,380077,60824,59507,7048,66555,544
2022-02-06,Plumas,063,18699,2851,2559,303,2862,13
2022-02-06,Riverside,065,2383286,578146,568276,26652,594928,5865
2022-02-06,Sacramento,067,1510023,270870,261353,24685,286038,2631
2022-02-06,San Benito,069,59416,12413,12186,484,12670,90
2022-02-06,San Bernardino,071,2135413,563678,541103,24228,565331,6334
2022-02-06,San Diego,073,3302833,725771,709938,50116,760054,4786
2022-02-06,San Francisco,075,870044,118018,113115,7820,120935,728
2022-02-06,San Joaquin,077,732212,160902,158510,9501,168011,1997
2022-02-06,San Luis Obispo,079,281455,49958,48843,3436,52279,405
2022-02-06,San Mateo,081,765935,116741,105556,6464,112020,587
2022-02-06,Santa Barbara,083,443738,82636,81118,4460,85578,623
2022-02-06,Santa Clara,085,1922200,296110,291732,11496,303228,2075
2022-02-06,Santa Cruz,087,273765,44502,42952,1992,44944,239
2022-02-06,Shasta,089,179085,29226,28762,5740,34502,468
2022-02-06,Sierra,091,2930,268,265,44,309,0
2022-02-06,Siskiyou,093,43540,4238,4118,2528,6646,68
2022-02-06,Solano,095,438530,77821,73475,5260,78735,419
2022-02-06,Sonoma,097,501317,79843,77887,2356,80243,431
2022-02-06,Stanislaus,099,539301,113694,112521,16666,129187,1406
2022-02-06,Sutter,101,95872,19787,19523,1832,21355,203
2022-02-06,Tehama,103,63373,11578,11366,2502,13868,146
2022-02-06,Trinity,105,12862,1132,1102,266,1368,20
2022-02-06,Tulare,107,460477,102430,98260,25981,124241,1262
2022-02-06,Tuolumne,109,53932,12150,11507,495,12002,92
2022-02-06,Ventura,111,848112,168371,166235,9111,175346,1323
2022-02-06,Yolo,113,214977,35406,33784,2817,36601,281
2022-02-06,Yuba,115,75493,15188,14917,1075,15992,104
2022-02-05,Alameda,001,1643700,244133,235698,12754,248452,1638
2022-02-05,Alpine,003,1148,120,124,1,125,0
2022-02-05,Amador,005,37829,8105,7855,576,8431,71
2022-02-05,Butte,007,227075,31748,30733,6544,37277,355
2022-02-05,Calaveras,009,45235,6984,6789,308,7097,99
2022-02-05,Colusa,011,21464,3341,3234,1015,4249,21
2022-02-05,Contra Costa,013,1133247,183246,175871,12148,188019,1115
2022-02-05,Del Norte,015,27424,5166,4978,146,5124,44
2022-02-05,El Dorado,017,186661,25885,24813,3056,27869,185
2022-02-05,Fresno,019,978130,221101,213539,22480,236019,2477
2022-02-05,Glenn,021,27897,4832,4691,1543,6234,39
2022-02-05,Humboldt,023,135768,15859,15514,2605,18119,127
2022-02-05,Imperial,025,180216,53514,52153,9942,62095,853
2022-02-05,Inyo,027,18085,3992,3948,425,4373,51
2022-02-05,Kern,029,883053,185788,180296,43678,223974,1987
2022-02-05,Kings,031,150075,49171,47538,3322,50860,402
2022-02-05,Lake,033,64148,9911,9289,784,10073,124
2022-02-05,Lassen,035,31185,8500,8288,832,9120,55
2022-02-05,Los Angeles,037,10098052,2641709,2572702,119336,2692038,28947
2022-02-05,Madera,039,155013,35609,34471,5514,39985,329
2022-02-05,Marin,041,260295,31986,31299,2066,33365,255
2022-02-05,Mariposa,043,17540,2278,2222,160,2382,6
2022-02-05,Mendocino,045,87422,12420,12066,2609,14675,107
2022-02-05,Merced,047,269075,60081,58908,7788,66696,744
2022-02-05,Modoc,049,8938,690,664,229,893,6
2022-02-05,Mono,051,14174,2930,2904,115,3019,5
2022-02-05,Monterey,053,433212,75770,67342,12092,79434,666
2022-02-05,Napa,055,140530,24356,22973,866,23839,118
2022-02-05,Nevada,057,99092,15365,15002,1096,16098,113
2022-02-05,Orange,059,3164182,532945,527516,39519,567035,6134
2022-02-05,Placer,061,380077,60698,59043,7035,66078,533
2022-02-05,Plumas,063,18699,2850,2550,302,2852,13
2022-02-05,Riverside,065,2383286,577544,563991,26582,590573,5827
2022-02-05,Sacramento,067,1510023,270478,259437,24651,284088,2610
2022-02-05,San Benito,069,59416,12368,12142,484,12626,90
2022-02-05,San Bernardino,071,2135413,563164,539312,24208,563520,6322
2022-02-05,San Diego,073,3302833,724911,703957,50039,753996,4735
2022-02-05,San Francisco,075,870044,117808,112481,7793,120274,720
2022-02-05,San Joaquin,077,732212,160717,157420,9489,166909,1989
2022-02-05,San Luis Obispo,079,281455,49921,48361,3434,51795,404
2022-02-05,San Mateo,081,765935,116553,104810,6456,111266,587
2022-02-05,Santa Barbara,083,443738,82473,80478,4448,84926,617
2022-02-05,Santa Clara,085,1922200,295456,289262,11480,300742,2067
2022-02-05,Santa Cruz,087,273765,44428,42553,1989,44542,239
2022-02-05,Shasta,089,179085,29183,28604,5730,34334,466
2022-02-05,Sierra,091,2930,268,262,44,306,0
2022-02-05,Siskiyou,093,43540,4231,4106,2515,6621,67
2022-02-05,Solano,095,438530,77746,73112,5251,78363,415
2022-02-05,Sonoma,097,501317,79677,77213,2352,79565,431
2022-02-05,Stanislaus,099,539301,113492,111783,16643,128426,1406
2022-02-05,Sutter,101,95872,19757,19406,1826,21232,203
2022-02-05,Tehama,103,63373,11559,11259,2495,13754,146
2022-02-05,Trinity,105,12862,1130,1085,266,1351,20
2022-02-05,Tulare,107,460477,102261,97414,25900,123314,1254
2022-02-05,Tuolumne,109,53932,12124,11409,492,11901,91
2022-02-05,Ventura,111,848112,168145,165532,9095,174627,1308
2022-02-05,Yolo,113,214977,35321,33614,2802,36416,281
2022-02-05,Yuba,115,75493,15157,14801,1067,15868,105
2022-02-04,Alameda,001,1643700,243645,235698,12743,248441,1638
2022-02-04,Alpine,003,1148,120,124,1,125,0
2022-02-04,Amador,005,37829,8089,7855,572,8427,71
2022-02-04,Butte,007,227075,31689,30733,6532,37265,355
2022-02-04,Calaveras,009,45235,6974,6789,306,7095,99
2022-02-04,Colusa,011,21464,3337,3234,1013,4247,21
2022-02-04,Contra Costa,013,1133247,182919,175871,12120,187991,1115
2022-02-04,Del Norte,015,27424,5145,4978,146,5124,44
2022-02-04,El Dorado,017,186661,25849,24813,3053,27866,185
2022-02-04,Fresno,019,978130,220617,213539,22445,235984,2477
2022-02-04,Glenn,021,27897,4823,4691,1540,6231,39
2022-02-04,Humboldt,023,135768,15832,15514,2602,18116,127
2022-02-04,Imperial,025,180216,53437,52153,9925,62078,853
2022-02-04,Inyo,027,18085,3989,3948,425,4373,51
2022-02-04,Kern,029,883053,185563,180296,43554,223850,1987
2022-02-04,Kings,031,150075,49096,47538,3315,50853,402
2022-02-04,Lake,033,64148,9889,9289,781,10070,124
2022-02-04,Lassen,035,31185,8477,8288,832,9120,55
2022-02-04,Los Angeles,037,10098052,2639072,2572702,119206,2691908,28947
2022-02-04,Madera,039,155013,35526,34471,5506,39977,329
2022-02-04,Marin,041,260295,31922,31299,2057,33356,255
2022-02-04,Mariposa,043,17540,2276,2222,158,2380,6
2022-02-04,Mendocino,045,87422,12389,12066,2607,14673,107
2022-02-04,Merced,047,269075,60001,58908,7778,66686,744
2022-02-04,Modoc,049,8938,690,664,229,893,6
2022-02-04,Mono,051,14174,2928,2904,115,3019,5
2022-02-04,Monterey,053,433212,75580,67342,12049,79391,666
2022-02-04,Napa,055,140530,24309,22973,862,23835,118
2022-02-04,Nevada,057,99092,15331,15002,1092,16094,113
2022-02-04,Orange,059,3164182,532395,527516,39461,566977,6134
2022-02-04,Placer,061,380077,60594,59043,7024,66067,533
2022-02-04,Plumas,063,18699,2843,2550,301,2851,13
2022-02-04,Riverside,065,2383286,576832,563991,26570,590561,5827
2022-02-04,Sacramento,067,1510023,269975,259437,24628,284065,2610
2022-02-04,San Benito,069,59416,12349,12142,482,12624,90
2022-02-04,San Bernardino,071,2135413,562584,539312,24187,563499,6322
2022-02-04,San Diego,073,3302833,723778,703957,49952,753909,4735
2022-02-04,San Francisco,075,870044,117567,112481,7768,120249,720
2022-02-04,San Joaquin,077,732212,160487,157420,9477,166897,1989
2022-02-04,San Luis Obispo,079,281455,49860,48361,3427,51788,404
2022-02-04,San Mateo,081,765935,116322,104810,6442,111252,587
2022-02-04,Santa Barbara,083,443738,82324,80478,4447,84925,617
2022-02-04,Santa Clara,085,1922200,294788,289262,11459,300721,2067
2022-02-04,Santa Cruz,087,273765,44223,42553,1985,44538,239
2022-02-04,Shasta,089,179085,29130,28604,5719,34323,466
2022-02-04,Sierra,091,2930,268,262,44,306,0
2022-02-04,Siskiyou,093,43540,4223,4106,2508,6614,67
2022-02-04,Solano,095,438530,77554,73112,5213,78325,415
2022-02-04,Sonoma,097,501317,79518,77213,2271,79484,431
2022-02-04,Stanislaus,099,539301,113311,111783,16617,128400,1406
2022-02-04,Sutter,101,95872,19733,19406,1819,21225,203
2022-02-04,Tehama,103,63373,11544,11259,2494,13753,146
2022-02-04,Trinity,105,12862,1129,1085,265,1350,20
2022-02-04,Tulare,107,460477,102078,97414,25820,123234,1254
2022-02-04,Tuolumne,109,53932,12112,11409,491,11900,91
2022-02-04,Ventura,111,848112,167876,165532,9087,174619,1308
2022-02-04,Yolo,113,214977,35228,33614,2796,36410,281
2022-02-04,Yuba,115,75493,15139,14801,1067,15868,105
2022-02-03,Alameda,001,1643700,242868,235698,12681,248379,1638
2022-02-03,Alpine,003,1148,120,124,1,125,0
2022-02-03,Amador,005,37829,8069,7855,567,8422,71
2022-02-03,Butte,007,227075,31584,30733,6503,37236,355
2022-02-03,Calaveras,009,45235,6944,6789,303,7092,99
2022-02-03,Colusa,011,21464,3324,3234,1011,4245,21
2022-02-03,Contra Costa,013,1133247,182310,175871,12022,187893,1115
2022-02-03,Del Norte,015,27424,5103,4978,143,5121,44
2022-02-03,El Dorado,017,186661,25779,24813,3047,27860,185
2022-02-03,Fresno,019,978130,219684,213539,22282,235821,2477
2022-02-03,Glenn,021,27897,4806,4691,1523,6214,39
2022-02-03,Humboldt,023,135768,15756,15514,2566,18080,127
2022-02-03,Imperial,025,180216,53293,52153,9875,62028,853
2022-02-03,Inyo,027,18085,3986,3948,421,4369,51
2022-02-03,Kern,029,883053,185100,180296,43340,223636,1987
2022-02-03,Kings,031,150075,48939,47538,3308,50846,402
2022-02-03,Lake,033,64148,9835,9289,775,10064,124
2022-02-03,Lassen,035,31185,8453,8288,831,9119,55
2022-02-03,Los Angeles,037,10098052,2633643,2572702,118943,2691645,28947
2022-02-03,Madera,039,155013,35389,34471,5462,39933,329
2022-02-03,Marin,041,260295,31826,31299,2052,33351,255
2022-02-03,Mariposa,043,17540,2264,2222,155,2377,6
2022-02-03,Mendocino,045,87422,12345,12066,2584,14650,107
2022-02-03,Merced,047,269075,59850,58908,7682,66590,744
2022-02-03,Modoc,049,8938,687,664,229,893,6
2022-02-03,Mono,051,14174,2923,2904,114,3018,5
2022-02-03,Monterey,053,433212,75294,67342,11857,79199,666
2022-02-03,Napa,055,140530,24177,22973,862,23835,118
2022-02-03,Nevada,057,99092,15291,15002,1082,16084,113
2022-02-03,Orange,059,3164182,531471,527516,39369,566885,6134
2022-02-03,Placer,061,380077,60397,59043,7001,66044,533
2022-02-03,Plumas,063,18699,2829,2550,297,2847,13
2022-02-03,Riverside,065,2383286,575632,563991,26499,590490,5827
2022-02-03,Sacramento,067,1510023,269020,259437,24440,283877,2610
2022-02-03,San Benito,069,59416,12322,12142,479,12621,90
2022-02-03,San Bernardino,071,2135413,561567,539312,24148,563460,6322
2022-02-03,San Diego,073,3302833,721807,703957,49780,753737,4735
2022-02-03,San Francisco,075,870044,117233,112481,7738,120219,720
2022-02-03,San Joaquin,077,732212,160005,157420,9447,166867,1989
2022-02-03,San Luis Obispo,079,281455,49661,48361,3412,51773,404
2022-02-03,San Mateo,081,765935,115970,104810,6409,111219,587
2022-02-03,Santa Barbara,083,443738,81966,80478,4418,84896,617
2022-02-03,Santa Clara,085,1922200,293621,289262,11350,300612,2067
2022-02-03,Santa Cruz,087,273765,43883,42553,1978,44531,239
2022-02-03,Shasta,089,179085,29026,28604,5692,34296,466
2022-02-03,Sierra,091,2930,268,262,44,306,0
2022-02-03,Siskiyou,093,43540,4208,4106,2492,6598,67
2022-02-03,Solano,095,438530,77223,73112,5194,78306,415
2022-02-03,Sonoma,097,501317,79222,77213,2264,79477,431
2022-02-03,Stanislaus,099,539301,112933,111783,16530,128313,1406
2022-02-03,Sutter,101,95872,19681,19406,1803,21209,203
2022-02-03,Tehama,103,63373,11514,11259,2486,13745,146
2022-02-03,Trinity,105,12862,1127,1085,264,1349,20
2022-02-03,Tulare,107,460477,101675,97414,25681,123095,1254
2022-02-03,Tuolumne,109,53932,12071,11409,479,11888,91
2022-02-03,Ventura,111,848112,167491,165532,9075,174607,1308
2022-02-03,Yolo,113,214977,35118,33614,2782,36396,281
2022-02-03,Yuba,115,75493,15089,14801,1051,15852,105
2022-02-02,Alameda,001,1643700,241917,234300,12578,246878,1632
2022-02-02,Alpine,003,1148,120,123,1,124,0
2022-02-02,Amador,005,37829,8039,7781,558,8339,71
2022-02-02,Butte,007,227075,31474,30550,6466,37016,355
2022-02-02,Calaveras,009,45235,6918,6753,299,7052,99
2022-02-02,Colusa,011,21464,3309,3211,1010,4221,21
2022-02-02,Contra Costa,013,1133247,181706,174876,11931,186807,1113
2022-02-02,Del Norte,015,27424,5061,4924,139,5063,44
2022-02-02,El Dorado,017,186661,25712,24690,3029,27719,185
2022-02-02,Fresno,019,978130,218669,211976,22151,234127,2463
2022-02-02,Glenn,021,27897,4787,4667,1513,6180,39
2022-02-02,Humboldt,023,135768,15695,15392,2527,17919,127
2022-02-02,Imperial,025,180216,53097,51875,9748,61623,853
2022-02-02,Inyo,027,18085,3980,3944,420,4364,51
2022-02-02,Kern,029,883053,184504,179386,43127,222513,1974
2022-02-02,Kings,031,150075,48748,47061,3283,50344,401
2022-02-02,Lake,033,64148,9777,9235,768,10003,120
2022-02-02,Lassen,035,31185,8440,8258,822,9080,55
2022-02-02,Los Angeles,037,10098052,2627417,2561902,118559,2680461,28850
2022-02-02,Madera,039,155013,35221,34265,5390,39655,329
2022-02-02,Marin,041,260295,31723,31149,2042,33191,255
2022-02-02,Mariposa,043,17540,2253,2215,151,2366,6
2022-02-02,Mendocino,045,87422,12292,11996,2545,14541,105
2022-02-02,Merced,047,269075,59674,58532,7598,66130,744
2022-02-02,Modoc,049,8938,681,662,229,891,6
2022-02-02,Mono,051,14174,2912,2887,114,3001,5
2022-02-02,Monterey,053,433212,74903,66852,11677,78529,666
2022-02-02,Napa,055,140530,24056,22859,849,23708,117
2022-02-02,Nevada,057,99092,15233,14895,1060,15955,112
2022-02-02,Orange,059,3164182,530415,524418,39275,563693,6127
2022-02-02,Placer,061,380077,60205,58654,6972,65626,533
2022-02-02,Plumas,063,18699,2813,2540,294,2834,12
2022-02-02,Riverside,065,2383286,574355,561220,26452,587672,5827
2022-02-02,Sacramento,067,1510023,268015,258078,24235,282313,2602
2022-02-02,San Benito,069,59416,12282,12058,475,12533,90
2022-02-02,San Bernardino,071,2135413,560545,537485,24085,561570,6317
2022-02-02,San Diego,073,3302833,719605,703957,49591,753548,4735
2022-02-02,San Francisco,075,870044,116862,112008,7722,119730,714
2022-02-02,San Joaquin,077,732212,159428,156537,9422,165959,1986
2022-02-02,San Luis Obispo,079,281455,49463,48119,3399,51518,403
2022-02-02,San Mateo,081,765935,115595,104201,6345,110546,587
2022-02-02,Santa Barbara,083,443738,81623,79979,4387,84366,612
2022-02-02,Santa Clara,085,1922200,292478,287443,11237,298680,2051
2022-02-02,Santa Cruz,087,273765,43593,42127,1967,44094,239
2022-02-02,Shasta,089,179085,28924,28429,5647,34076,465
2022-02-02,Sierra,091,2930,268,262,44,306,0
2022-02-02,Siskiyou,093,43540,4198,4078,2463,6541,67
2022-02-02,Solano,095,438530,76865,72711,5167,77878,414
2022-02-02,Sonoma,097,501317,78909,76681,2251,78932,431
2022-02-02,Stanislaus,099,539301,112538,111167,16399,127566,1403
2022-02-02,Sutter,101,95872,19616,19290,1774,21064,203
2022-02-02,Tehama,103,63373,11457,11193,2467,13660,146
2022-02-02,Trinity,105,12862,1124,1074,262,1336,20
2022-02-02,Tulare,107,460477,101287,96820,25529,122349,1249
2022-02-02,Tuolumne,109,53932,11994,11342,476,11818,91
2022-02-02,Ventura,111,848112,167092,164905,9056,173961,1292
2022-02-02,Yolo,113,214977,34992,33332,2759,36091,281
2022-02-02,Yuba,115,75493,15024,14720,1043,15763,104
2022-02-01,Alameda,001,1643700,240838,233782,12474,246256,1620
2022-02-01,Alpine,003,1148,120,123,1,124,0
2022-02-01,Amador,005,37829,7993,7783,552,8335,73
2022-02-01,Butte,007,227075,31331,30496,6423,36919,355
2022-02-01,Calaveras,009,45235,6881,6749,295,7044,98
2022-02-01,Colusa,011,21464,3296,3202,992,4194,21
2022-02-01,Contra Costa,013,1133247,180958,174379,11792,186171,1115
2022-02-01,Del Norte,015,27424,5013,4907,136,5043,44
2022-02-01,El Dorado,017,186661,25653,24664,3012,27676,184
2022-02-01,Fresno,019,978130,217501,211352,21988,233340,2464
2022-02-01,Glenn,021,27897,4771,4649,1503,6152,39
2022-02-01,Humboldt,023,135768,15614,15354,2499,17853,127
2022-02-01,Imperial,025,180216,52884,51675,9683,61358,846
2022-02-01,Inyo,027,18085,3970,3928,417,4345,51
2022-02-01,Kern,029,883053,183857,178987,42882,221869,1967
2022-02-01,Kings,031,150075,48488,46959,3260,50219,400
2022-02-01,Lake,033,64148,9721,9211,761,9972,119
2022-02-01,Lassen,035,31185,8422,8231,818,9049,55
2022-02-01,Los Angeles,037,10098052,2620227,2548794,118188,2666982,28752
2022-02-01,Madera,039,155013,35001,34124,5309,39433,329
2022-02-01,Marin,041,260295,31599,31099,2026,33125,255
2022-02-01,Mariposa,043,17540,2246,2210,150,2360,6
2022-02-01,Mendocino,045,87422,12230,11978,2508,14486,105
2022-02-01,Merced,047,269075,59489,58362,7475,65837,743
2022-02-01,Modoc,049,8938,674,664,229,893,6
2022-02-01,Mono,051,14174,2906,2888,114,3002,5
2022-02-01,Monterey,053,433212,74482,66553,11483,78036,665
2022-02-01,Napa,055,140530,23957,22795,833,23628,116
2022-02-01,Nevada,057,99092,15172,14863,1048,15911,112
2022-02-01,Orange,059,3164182,529266,523741,39132,562873,6108
2022-02-01,Placer,061,380077,59958,58486,6934,65420,532
2022-02-01,Plumas,063,18699,2798,2526,291,2817,12
2022-02-01,Riverside,065,2383286,572970,560010,26404,586414,5825
2022-02-01,Sacramento,067,1510023,266964,257504,23971,281475,2593
2022-02-01,San Benito,069,59416,12216,12053,472,12525,90
2022-02-01,San Bernardino,071,2135413,559251,536591,24020,560611,6311
2022-02-01,San Diego,073,3302833,717084,701009,49363,750372,4710
2022-02-01,San Francisco,075,870044,116395,111606,7703,119309,713
2022-02-01,San Joaquin,077,732212,158898,156300,9399,165699,1987
2022-02-01,San Luis Obispo,079,281455,49235,47842,3337,51179,403
2022-02-01,San Mateo,081,765935,115127,103868,6303,110171,589
2022-02-01,Santa Barbara,083,443738,81178,79659,4350,84009,608
2022-02-01,Santa Clara,085,1922200,290959,286109,11132,297241,2070
2022-02-01,Santa Cruz,087,273765,43294,41782,1951,43733,239
2022-02-01,Shasta,089,179085,28804,28382,5594,33976,465
2022-02-01,Sierra,091,2930,266,262,44,306,0
2022-02-01,Siskiyou,093,43540,4184,4072,2436,6508,66
2022-02-01,Solano,095,438530,76588,72494,5145,77639,415
2022-02-01,Sonoma,097,501317,78549,76379,2228,78607,431
2022-02-01,Stanislaus,099,539301,112128,110925,16295,127220,1403
2022-02-01,Sutter,101,95872,19548,19256,1741,20997,202
2022-02-01,Tehama,103,63373,11400,11165,2454,13619,146
2022-02-01,Trinity,105,12862,1120,1073,262,1335,19
2022-02-01,Tulare,107,460477,100797,96467,25331,121798,1247
2022-02-01,Tuolumne,109,53932,11944,11318,467,11785,91
2022-02-01,Ventura,111,848112,166587,164721,9031,173752,1293
2022-02-01,Yolo,113,214977,34840,33257,2733,35990,275
2022-02-01,Yuba,115,75493,14963,14693,1036,15729,103
2022-01-31,Alameda,001,1643700,239478,232743,12359,245102,1607
2022-01-31,Alpine,003,1148,119,123,1,124,0
2022-01-31,Amador,005,37829,7940,7682,535,8217,73
2022-01-31,Butte,007,227075,31161,30371,6375,36746,354
2022-01-31,Calaveras,009,45235,6845,6700,284,6984,96
2022-01-31,Colusa,011,21464,3285,3187,983,4170,21
2022-01-31,Contra Costa,013,1133247,180140,173466,11668,185134,1115
2022-01-31,Del Norte,015,27424,4979,4879,133,5012,43
2022-01-31,El Dorado,017,186661,25551,24545,2983,27528,184
2022-01-31,Fresno,019,978130,216006,210589,21783,232372,2464
2022-01-31,Glenn,021,27897,4735,4641,1491,6132,39
2022-01-31,Humboldt,023,135768,15524,15308,2466,17774,126
2022-01-31,Imperial,025,180216,52668,51472,9574,61046,846
2022-01-31,Inyo,027,18085,3959,3922,411,4333,50
2022-01-31,Kern,029,883053,183075,178375,42566,220941,1967
2022-01-31,Kings,031,150075,48131,46845,3226,50071,398
2022-01-31,Lake,033,64148,9648,9141,749,9890,119
2022-01-31,Lassen,035,31185,8391,8162,812,8974,55
2022-01-31,Los Angeles,037,10098052,2611990,2541189,117783,2658972,28718
2022-01-31,Madera,039,155013,34787,33886,5213,39099,329
2022-01-31,Marin,041,260295,31474,31023,2009,33032,253
2022-01-31,Mariposa,043,17540,2236,2203,141,2344,6
2022-01-31,Mendocino,045,87422,12164,11896,2467,14363,104
2022-01-31,Merced,047,269075,59210,58198,7286,65484,740
2022-01-31,Modoc,049,8938,671,661,229,890,6
2022-01-31,Mono,051,14174,2892,2889,114,3003,5
2022-01-31,Monterey,053,433212,74031,66117,11270,77387,661
2022-01-31,Napa,055,140530,23789,22707,816,23523,113
2022-01-31,Nevada,057,99092,15095,14813,1035,15848,112
2022-01-31,Orange,059,3164182,527941,522358,38996,561354,6098
2022-01-31,Placer,061,380077,59711,58252,6903,65155,523
2022-01-31,Plumas,063,18699,2785,2513,289,2802,12
2022-01-31,Riverside,065,2383286,571154,558166,26340,584506,5785
2022-01-31,Sacramento,067,1510023,265672,256594,23719,280313,2571
2022-01-31,San Benito,069,59416,12157,11976,471,12447,90
2022-01-31,San Bernardino,071,2135413,557603,535276,23938,559214,6302
2022-01-31,San Diego,073,3302833,714178,698571,49091,747662,4686
2022-01-31,San Francisco,075,870044,115987,111119,7669,118788,712
2022-01-31,San Joaquin,077,732212,158141,155736,9368,165104,1985
2022-01-31,San Luis Obispo,079,281455,48981,47656,3280,50936,395
2022-01-31,San Mateo,081,765935,114617,103313,6245,109558,589
2022-01-31,Santa Barbara,083,443738,80672,79267,4308,83575,606
2022-01-31,Santa Clara,085,1922200,289285,284562,11025,295587,2041
2022-01-31,Santa Cruz,087,273765,42915,41630,1944,43574,239
2022-01-31,Shasta,089,179085,28673,28190,5553,33743,462
2022-01-31,Sierra,091,2930,266,261,44,305,0
2022-01-31,Siskiyou,093,43540,4168,4054,2420,6474,66
2022-01-31,Solano,095,438530,75882,72258,5098,77356,414
2022-01-31,Sonoma,097,501317,78095,76199,2198,78397,431
2022-01-31,Stanislaus,099,539301,111601,110493,16114,126607,1403
2022-01-31,Sutter,101,95872,19468,19189,1691,20880,202
2022-01-31,Tehama,103,63373,11337,11112,2426,13538,145
2022-01-31,Trinity,105,12862,1115,1071,259,1330,19
2022-01-31,Tulare,107,460477,100162,96053,25098,121151,1245
2022-01-31,Tuolumne,109,53932,11855,11278,460,11738,91
2022-01-31,Ventura,111,848112,166051,164060,9006,173066,1286
2022-01-31,Yolo,113,214977,34679,33175,2706,35881,274
2022-01-31,Yuba,115,75493,14900,14652,1016,15668,103
2022-01-30,Alameda,001,1643700,237925,231838,12207,244045,1607
2022-01-30,Alpine,003,1148,119,123,1,124,0
2022-01-30,Amador,005,37829,7890,7644,512,8156,73
2022-01-30,Butte,007,227075,30957,30255,6295,36550,354
2022-01-30,Calaveras,009,45235,6790,6676,273,6949,96
2022-01-30,Colusa,011,21464,3264,3168,974,4142,21
2022-01-30,Contra Costa,013,1133247,179173,172902,11469,184371,1102
2022-01-30,Del Norte,015,27424,4938,4833,130,4963,43
2022-01-30,El Dorado,017,186661,25430,24491,2956,27447,184
2022-01-30,Fresno,019,978130,214445,209645,21521,231166,2463
2022-01-30,Glenn,021,27897,4702,4619,1482,6101,39
2022-01-30,Humboldt,023,135768,15413,15247,2410,17657,126
2022-01-30,Imperial,025,180216,52343,51415,9405,60820,846
2022-01-30,Inyo,027,18085,3942,3921,408,4329,50
2022-01-30,Kern,029,883053,182211,177924,42245,220169,1967
2022-01-30,Kings,031,150075,47779,46654,3169,49823,398
2022-01-30,Lake,033,64148,9559,9080,728,9808,119
2022-01-30,Lassen,035,31185,8367,8158,804,8962,55
2022-01-30,Los Angeles,037,10098052,2601911,2530739,117311,2648050,28678
2022-01-30,Madera,039,155013,34489,33752,5029,38781,329
2022-01-30,Marin,041,260295,31326,30875,1995,32870,253
2022-01-30,Mariposa,043,17540,2224,2177,136,2313,6
2022-01-30,Mendocino,045,87422,12091,11860,2361,14221,104
2022-01-30,Merced,047,269075,58845,58006,6995,65001,740
2022-01-30,Modoc,049,8938,668,661,229,890,6
2022-01-30,Mono,051,14174,2886,2888,114,3002,5
2022-01-30,Monterey,053,433212,73442,65996,10991,76987,661
2022-01-30,Napa,055,140530,23621,22588,799,23387,114
2022-01-30,Nevada,057,99092,15007,14741,1019,15760,112
2022-01-30,Orange,059,3164182,526305,521334,38846,560180,6098
2022-01-30,Placer,061,380077,59381,58030,6863,64893,523
2022-01-30,Plumas,063,18699,2760,2510,275,2785,12
2022-01-30,Riverside,065,2383286,569089,557088,26240,583328,5767
2022-01-30,Sacramento,067,1510023,264213,255715,23227,278942,2572
2022-01-30,San Benito,069,59416,12091,11945,466,12411,90
2022-01-30,San Bernardino,071,2135413,555834,534050,23828,557878,6302
2022-01-30,San Diego,073,3302833,710639,687145,48655,735800,4665
2022-01-30,San Francisco,075,870044,115439,110772,7635,118407,712
2022-01-30,San Joaquin,077,732212,157155,155165,9330,164495,1985
2022-01-30,San Luis Obispo,079,281455,48584,47599,3244,50843,394
2022-01-30,San Mateo,081,765935,114043,102979,6200,109179,589
2022-01-30,Santa Barbara,083,443738,79995,79072,4247,83319,606
2022-01-30,Santa Clara,085,1922200,287321,282846,10894,293740,2035
2022-01-30,Santa Cruz,087,273765,42456,41330,1936,43266,239
2022-01-30,Shasta,089,179085,28513,28105,5469,33574,462
2022-01-30,Sierra,091,2930,266,261,44,305,0
2022-01-30,Siskiyou,093,43540,4138,4039,2373,6412,66
2022-01-30,Solano,095,438530,75357,71857,5047,76904,414
2022-01-30,Sonoma,097,501317,77577,75890,2169,78059,431
2022-01-30,Stanislaus,099,539301,110948,110111,15911,126022,1403
2022-01-30,Sutter,101,95872,19376,19108,1594,20702,202
2022-01-30,Tehama,103,63373,11265,11071,2396,13467,145
2022-01-30,Trinity,105,12862,1109,1068,259,1327,19
2022-01-30,Tulare,107,460477,99419,95676,24840,120516,1245
2022-01-30,Tuolumne,109,53932,11747,11242,423,11665,91
2022-01-30,Ventura,111,848112,165472,163521,8976,172497,1286
2022-01-30,Yolo,113,214977,34460,33043,2673,35716,274
2022-01-30,Yuba,115,75493,14810,14584,996,15580,103
2022-01-29,Alameda,001,1643700,237256,225602,12190,237792,1605
2022-01-29,Alpine,003,1148,119,123,1,124,0
2022-01-29,Amador,005,37829,7868,7505,509,8014,73
2022-01-29,Butte,007,227075,30868,29557,6264,35821,353
2022-01-29,Calaveras,009,45235,6771,6484,273,6757,96
2022-01-29,Colusa,011,21464,3259,3107,970,4077,21
2022-01-29,Contra Costa,013,1133247,178639,168003,11439,179442,1101
2022-01-29,Del Norte,015,27424,4920,4589,128,4717,43
2022-01-29,El Dorado,017,186661,25387,24008,2949,26957,184
2022-01-29,Fresno,019,978130,213988,202691,21482,224173,2457
2022-01-29,Glenn,021,27897,4694,4516,1475,5991,39
2022-01-29,Humboldt,023,135768,15366,14812,2403,17215,126
2022-01-29,Imperial,025,180216,52227,50153,9349,59502,845
2022-01-29,Inyo,027,18085,3940,3895,400,4295,50
2022-01-29,Kern,029,883053,181871,174456,42083,216539,1962
2022-01-29,Kings,031,150075,47660,45047,3162,48209,397
2022-01-29,Lake,033,64148,9526,8747,724,9471,119
2022-01-29,Lassen,035,31185,8346,7961,801,8762,55
2022-01-29,Los Angeles,037,10098052,2598007,2473332,117045,2590377,28467
2022-01-29,Madera,039,155013,34380,32753,5001,37754,329
2022-01-29,Marin,041,260295,31261,30137,1993,32130,253
2022-01-29,Mariposa,043,17540,2222,2117,134,2251,6
2022-01-29,Mendocino,045,87422,12067,11591,2345,13936,104
2022-01-29,Merced,047,269075,58738,56472,6990,63462,735
2022-01-29,Modoc,049,8938,668,654,229,883,6
2022-01-29,Mono,051,14174,2884,2860,114,2974,5
2022-01-29,Monterey,053,433212,73287,64090,10929,75019,658
2022-01-29,Napa,055,140530,23564,22121,797,22918,113
2022-01-29,Nevada,057,99092,14973,14337,1016,15353,112
2022-01-29,Orange,059,3164182,525602,511255,38740,549995,6038
2022-01-29,Placer,061,380077,59189,56562,6847,63409,523
2022-01-29,Plumas,063,18699,2750,2463,271,2734,12
2022-01-29,Riverside,065,2383286,568067,548121,26198,574319,5726
2022-01-29,Sacramento,067,1510023,263568,249130,23181,272311,2558
2022-01-29,San Benito,069,59416,12033,11670,465,12135,90
2022-01-29,San Bernardino,071,2135413,555083,525249,23784,549033,6297
2022-01-29,San Diego,073,3302833,709304,683027,48555,731582,4643
2022-01-29,San Francisco,075,870044,115165,108265,7587,115852,712
2022-01-29,San Joaquin,077,732212,156910,150849,9308,160157,1971
2022-01-29,San Luis Obispo,079,281455,48494,46374,3241,49615,391
2022-01-29,San Mateo,081,765935,113707,100306,6177,106483,586
2022-01-29,Santa Barbara,083,443738,79773,76546,4241,80787,604
2022-01-29,Santa Clara,085,1922200,286386,273879,10866,284745,2019
2022-01-29,Santa Cruz,087,273765,42325,39228,1934,41162,240
2022-01-29,Shasta,089,179085,28453,27504,5456,32960,452
2022-01-29,Sierra,091,2930,266,260,43,303,0
2022-01-29,Siskiyou,093,43540,4128,3987,2366,6353,66
2022-01-29,Solano,095,438530,75212,69862,5034,74896,407
2022-01-29,Sonoma,097,501317,77363,73439,2164,75603,427
2022-01-29,Stanislaus,099,539301,110698,107668,15860,123528,1403
2022-01-29,Sutter,101,95872,19328,18797,1578,20375,202
2022-01-29,Tehama,103,63373,11230,10880,2387,13267,145
2022-01-29,Trinity,105,12862,1106,1033,258,1291,19
2022-01-29,Tulare,107,460477,99164,93154,24768,117922,1237
2022-01-29,Tuolumne,109,53932,11721,10806,415,11221,91
2022-01-29,Ventura,111,848112,165142,160466,8957,169423,1271
2022-01-29,Yolo,113,214977,34345,32123,2657,34780,275
2022-01-29,Yuba,115,75493,14770,14295,994,15289,103
2022-01-28,Alameda,001,1643700,236310,225602,12173,237775,1605
2022-01-28,Alpine,003,1148,119,123,1,124,0
2022-01-28,Amador,005,37829,7842,7505,508,8013,73
2022-01-28,Butte,007,227075,30793,29557,6242,35799,353
2022-01-28,Calaveras,009,45235,6753,6484,272,6756,96
2022-01-28,Colusa,011,21464,3254,3107,969,4076,21
2022-01-28,Contra Costa,013,1133247,178105,168003,11402,179405,1101
2022-01-28,Del Norte,015,27424,4896,4589,127,4716,43
2022-01-28,El Dorado,017,186661,25340,24008,2943,26951,184
2022-01-28,Fresno,019,978130,213119,202691,21427,224118,2457
2022-01-28,Glenn,021,27897,4681,4516,1473,5989,39
2022-01-28,Humboldt,023,135768,15330,14812,2393,17205,126
2022-01-28,Imperial,025,180216,52098,50153,9319,59472,845
2022-01-28,Inyo,027,18085,3936,3895,397,4292,50
2022-01-28,Kern,029,883053,181460,174456,41926,216382,1962
2022-01-28,Kings,031,150075,47529,45047,3152,48199,397
2022-01-28,Lake,033,64148,9494,8747,722,9469,119
2022-01-28,Lassen,035,31185,8276,7961,799,8760,55
2022-01-28,Los Angeles,037,10098052,2592285,2473332,116830,2590162,28467
2022-01-28,Madera,039,155013,34252,32753,4985,37738,329
2022-01-28,Marin,041,260295,31168,30137,1973,32110,253
2022-01-28,Mariposa,043,17540,2212,2117,132,2249,6
2022-01-28,Mendocino,045,87422,12024,11591,2343,13934,104
2022-01-28,Merced,047,269075,58642,56472,6975,63447,735
2022-01-28,Modoc,049,8938,667,654,229,883,6
2022-01-28,Mono,051,14174,2879,2860,113,2973,5
2022-01-28,Monterey,053,433212,73085,64090,10880,74970,658
2022-01-28,Napa,055,140530,23486,22121,795,22916,113
2022-01-28,Nevada,057,99092,14936,14337,1014,15351,112
2022-01-28,Orange,059,3164182,524533,511255,38651,549906,6038
2022-01-28,Placer,061,380077,58989,56562,6824,63386,523
2022-01-28,Plumas,063,18699,2742,2463,269,2732,12
2022-01-28,Riverside,065,2383286,566745,548121,26157,574278,5726
2022-01-28,Sacramento,067,1510023,262786,249130,23129,272259,2558
2022-01-28,San Benito,069,59416,12011,11670,460,12130,90
2022-01-28,San Bernardino,071,2135413,554040,525249,23747,548996,6297
2022-01-28,San Diego,073,3302833,707480,683027,48476,731503,4643
2022-01-28,San Francisco,075,870044,114810,108265,7538,115803,712
2022-01-28,San Joaquin,077,732212,156620,150849,9294,160143,1971
2022-01-28,San Luis Obispo,079,281455,48410,46374,3234,49608,391
2022-01-28,San Mateo,081,765935,113355,100306,6156,106462,586
2022-01-28,Santa Barbara,083,443738,79524,76546,4239,80785,604
2022-01-28,Santa Clara,085,1922200,285204,273879,10817,284696,2019
2022-01-28,Santa Cruz,087,273765,42132,39228,1923,41151,240
2022-01-28,Shasta,089,179085,28393,27504,5442,32946,452
2022-01-28,Sierra,091,2930,266,260,43,303,0
2022-01-28,Siskiyou,093,43540,4118,3987,2362,6349,66
2022-01-28,Solano,095,438530,74660,69862,4968,74830,407
2022-01-28,Sonoma,097,501317,77157,73439,2157,75596,427
2022-01-28,Stanislaus,099,539301,110425,107668,15813,123481,1403
2022-01-28,Sutter,101,95872,19283,18797,1576,20373,202
2022-01-28,Tehama,103,63373,11198,10880,2380,13260,145
2022-01-28,Trinity,105,12862,1097,1033,258,1291,19
2022-01-28,Tulare,107,460477,98890,93154,24661,117815,1237
2022-01-28,Tuolumne,109,53932,11688,10806,411,11217,91
2022-01-28,Ventura,111,848112,164688,160466,8938,169404,1271
2022-01-28,Yolo,113,214977,34240,32123,2651,34774,275
2022-01-28,Yuba,115,75493,14731,14295,990,15285,103
2022-01-27,Alameda,001,1643700,234724,225602,12040,237642,1605
2022-01-27,Alpine,003,1148,119,123,1,124,0
2022-01-27,Amador,005,37829,7795,7505,497,8002,73
2022-01-27,Butte,007,227075,30641,29557,6189,35746,353
2022-01-27,Calaveras,009,45235,6727,6484,256,6740,96
2022-01-27,Colusa,011,21464,3239,3107,965,4072,21
2022-01-27,Contra Costa,013,1133247,177075,168003,11232,179235,1101
2022-01-27,Del Norte,015,27424,4852,4589,123,4712,43
2022-01-27,El Dorado,017,186661,25229,24008,2923,26931,184
2022-01-27,Fresno,019,978130,211487,202691,21207,223898,2457
2022-01-27,Glenn,021,27897,4649,4516,1465,5981,39
2022-01-27,Humboldt,023,135768,15241,14812,2356,17168,126
2022-01-27,Imperial,025,180216,51829,50153,9207,59360,845
2022-01-27,Inyo,027,18085,3929,3895,388,4283,50
2022-01-27,Kern,029,883053,180680,174456,41566,216022,1962
2022-01-27,Kings,031,150075,47189,45047,3114,48161,397
2022-01-27,Lake,033,64148,9440,8747,705,9452,119
2022-01-27,Lassen,035,31185,8235,7961,793,8754,55
2022-01-27,Los Angeles,037,10098052,2581135,2473332,116323,2589655,28467
2022-01-27,Madera,039,155013,34043,32753,4883,37636,329
2022-01-27,Marin,041,260295,31005,30137,1958,32095,253
2022-01-27,Mariposa,043,17540,2189,2117,129,2246,6
2022-01-27,Mendocino,045,87422,11973,11591,2294,13885,104
2022-01-27,Merced,047,269075,58380,56472,6812,63284,735
2022-01-27,Modoc,049,8938,665,654,228,882,6
2022-01-27,Mono,051,14174,2874,2860,113,2973,5
2022-01-27,Monterey,053,433212,72463,64090,10635,74725,658
2022-01-27,Napa,055,140530,23329,22121,768,22889,113
2022-01-27,Nevada,057,99092,14863,14337,987,15324,112
2022-01-27,Orange,059,3164182,522807,511255,38514,549769,6038
2022-01-27,Placer,061,380077,58672,56562,6772,63334,523
2022-01-27,Plumas,063,18699,2731,2463,257,2720,12
2022-01-27,Riverside,065,2383286,564570,548121,26088,574209,5726
2022-01-27,Sacramento,067,1510023,261504,249130,22803,271933,2558
2022-01-27,San Benito,069,59416,11956,11670,455,12125,90
2022-01-27,San Bernardino,071,2135413,552099,525249,23646,548895,6297
2022-01-27,San Diego,073,3302833,704135,683027,48117,731144,4643
2022-01-27,San Francisco,075,870044,114305,108265,7479,115744,712
2022-01-27,San Joaquin,077,732212,155762,150849,9227,160076,1971
2022-01-27,San Luis Obispo,079,281455,48139,46374,3199,49573,391
2022-01-27,San Mateo,081,765935,112770,100306,6087,106393,586
2022-01-27,Santa Barbara,083,443738,79045,76546,4184,80730,604
2022-01-27,Santa Clara,085,1922200,283145,273879,10670,284549,2019
2022-01-27,Santa Cruz,087,273765,41468,39228,1905,41133,240
2022-01-27,Shasta,089,179085,28267,27504,5393,32897,452
2022-01-27,Sierra,091,2930,265,260,42,302,0
2022-01-27,Siskiyou,093,43540,4097,3987,2325,6312,66
2022-01-27,Solano,095,438530,74021,69862,4911,74773,407
2022-01-27,Sonoma,097,501317,76690,73439,2143,75582,427
2022-01-27,Stanislaus,099,539301,109897,107668,15658,123326,1403
2022-01-27,Sutter,101,95872,19178,18797,1551,20348,202
2022-01-27,Tehama,103,63373,11146,10880,2364,13244,145
2022-01-27,Trinity,105,12862,1093,1033,257,1290,19
2022-01-27,Tulare,107,460477,98224,93154,24399,117553,1237
2022-01-27,Tuolumne,109,53932,11635,10806,402,11208,91
2022-01-27,Ventura,111,848112,164037,160466,8902,169368,1271
2022-01-27,Yolo,113,214977,34094,32123,2636,34759,275
2022-01-27,Yuba,115,75493,14653,14295,974,15269,103
2022-01-26,Alameda,001,1643700,232831,222680,11870,234550,1596
2022-01-26,Alpine,003,1148,119,123,1,124,0
2022-01-26,Amador,005,37829,7721,7427,482,7909,73
2022-01-26,Butte,007,227075,30446,29229,6125,35354,353
2022-01-26,Calaveras,009,45235,6689,6387,250,6637,96
2022-01-26,Colusa,011,21464,3220,3094,960,4054,21
2022-01-26,Contra Costa,013,1133247,175914,165972,11066,177038,1095
2022-01-26,Del Norte,015,27424,4794,4542,122,4664,43
2022-01-26,El Dorado,017,186661,25110,23819,2900,26719,181
2022-01-26,Fresno,019,978130,209626,199689,20991,220680,2452
2022-01-26,Glenn,021,27897,4616,4472,1460,5932,39
2022-01-26,Humboldt,023,135768,15143,14715,2313,17028,126
2022-01-26,Imperial,025,180216,51472,49477,9067,58544,839
2022-01-26,Inyo,027,18085,3926,3889,358,4247,50
2022-01-26,Kern,029,883053,179740,173052,41227,214279,1953
2022-01-26,Kings,031,150075,46784,44367,3085,47452,396
2022-01-26,Lake,033,64148,9358,8645,695,9340,119
2022-01-26,Lassen,035,31185,8195,7888,793,8681,55
2022-01-26,Los Angeles,037,10098052,2568935,2450620,115877,2566497,28382
2022-01-26,Madera,039,155013,33805,32323,4746,37069,329
2022-01-26,Marin,041,260295,30823,29813,1941,31754,253
2022-01-26,Mariposa,043,17540,2172,2108,122,2230,6
2022-01-26,Mendocino,045,87422,11925,11453,2243,13696,103
2022-01-26,Merced,047,269075,58012,56060,6635,62695,733
2022-01-26,Modoc,049,8938,664,652,227,879,6
2022-01-26,Mono,051,14174,2871,2852,113,2965,4
2022-01-26,Monterey,053,433212,71906,63264,10346,73610,659
2022-01-26,Napa,055,140530,23173,21864,758,22622,112
2022-01-26,Nevada,057,99092,14769,14128,975,15103,112
2022-01-26,Orange,059,3164182,520818,506419,38352,544771,6007
2022-01-26,Placer,061,380077,58335,55892,6711,62603,524
2022-01-26,Plumas,063,18699,2704,2425,255,2680,12
2022-01-26,Riverside,065,2383286,562045,543788,25972,569760,5701
2022-01-26,Sacramento,067,1510023,259812,246416,22476,268892,2559
2022-01-26,San Benito,069,59416,11885,11563,443,12006,90
2022-01-26,San Bernardino,071,2135413,549822,521699,23539,545238,6291
2022-01-26,San Diego,073,3302833,699913,676392,47759,724151,4622
2022-01-26,San Francisco,075,870044,113664,107174,7446,114620,704
2022-01-26,San Joaquin,077,732212,154774,148770,9173,157943,1971
2022-01-26,San Luis Obispo,079,281455,47835,45716,3172,48888,391
2022-01-26,San Mateo,081,765935,112104,99016,5962,104978,586
2022-01-26,Santa Barbara,083,443738,78516,75548,4124,79672,600
2022-01-26,Santa Clara,085,1922200,281058,270470,10500,280970,2015
2022-01-26,Santa Cruz,087,273765,40949,38298,1891,40189,239
2022-01-26,Shasta,089,179085,28119,27255,5348,32603,452
2022-01-26,Sierra,091,2930,264,260,41,301,0
2022-01-26,Siskiyou,093,43540,4081,3971,2300,6271,66
2022-01-26,Solano,095,438530,73325,69150,4844,73994,401
2022-01-26,Sonoma,097,501317,76130,72509,2108,74617,423
2022-01-26,Stanislaus,099,539301,109340,106582,15441,122023,1396
2022-01-26,Sutter,101,95872,19068,18670,1507,20177,202
2022-01-26,Tehama,103,63373,11092,10749,2350,13099,145
2022-01-26,Trinity,105,12862,1088,1008,257,1265,19
2022-01-26,Tulare,107,460477,97415,91904,24160,116064,1234
2022-01-26,Tuolumne,109,53932,11451,10699,391,11090,91
2022-01-26,Ventura,111,848112,163327,159077,8860,167937,1263
2022-01-26,Yolo,113,214977,33876,31913,2598,34511,275
2022-01-26,Yuba,115,75493,14568,14171,952,15123,103
2022-01-25,Alameda,001,1643700,230934,219753,11694,231447,1589
2022-01-25,Alpine,003,1148,119,122,1,123,0
2022-01-25,Amador,005,37829,7644,7352,471,7823,73
2022-01-25,Butte,007,227075,30242,28887,6048,34935,351
2022-01-25,Calaveras,009,45235,6631,6266,237,6503,95
2022-01-25,Colusa,011,21464,3199,3074,958,4032,21
2022-01-25,Contra Costa,013,1133247,174556,163792,10850,174642,1092
2022-01-25,Del Norte,015,27424,4724,4514,117,4631,43
2022-01-25,El Dorado,017,186661,24974,23339,2874,26213,179
2022-01-25,Fresno,019,978130,207465,198262,20700,218962,2434
2022-01-25,Glenn,021,27897,4584,4418,1444,5862,39
2022-01-25,Humboldt,023,135768,15051,14574,2287,16861,126
2022-01-25,Imperial,025,180216,51016,48913,8846,57759,832
2022-01-25,Inyo,027,18085,3910,3857,316,4173,50
2022-01-25,Kern,029,883053,178735,171695,40779,212474,1947
2022-01-25,Kings,031,150075,46315,43853,3040,46893,396
2022-01-25,Lake,033,64148,9279,8543,683,9226,118
2022-01-25,Lassen,035,31185,8164,7834,784,8618,55
2022-01-25,Los Angeles,037,10098052,2553992,2433516,115244,2548760,28293
2022-01-25,Madera,039,155013,33484,31794,4613,36407,329
2022-01-25,Marin,041,260295,30645,29589,1928,31517,253
2022-01-25,Mariposa,043,17540,2160,2069,116,2185,6
2022-01-25,Mendocino,045,87422,11805,11280,2140,13420,103
2022-01-25,Merced,047,269075,57630,55555,6497,62052,733
2022-01-25,Modoc,049,8938,662,652,227,879,6
2022-01-25,Mono,051,14174,2861,2826,112,2938,4
2022-01-25,Monterey,053,433212,71332,62498,9945,72443,654
2022-01-25,Napa,055,140530,22977,21668,724,22392,111
2022-01-25,Nevada,057,99092,14656,13944,953,14897,112
2022-01-25,Orange,059,3164182,518538,504274,38157,542431,5980
2022-01-25,Placer,061,380077,57933,55465,6638,62103,518
2022-01-25,Plumas,063,18699,2680,2397,251,2648,12
2022-01-25,Riverside,065,2383286,558956,540723,25808,566531,5686
2022-01-25,Sacramento,067,1510023,257870,244468,21950,266418,2545
2022-01-25,San Benito,069,59416,11786,11446,439,11885,88
2022-01-25,San Bernardino,071,2135413,547235,519150,23425,542575,6288
2022-01-25,San Diego,073,3302833,694919,670110,47307,717417,4604
2022-01-25,San Francisco,075,870044,112903,106254,7404,113658,703
2022-01-25,San Joaquin,077,732212,153782,147271,9110,156381,1972
2022-01-25,San Luis Obispo,079,281455,47474,45130,3124,48254,391
2022-01-25,San Mateo,081,765935,111271,98010,5851,103861,586
2022-01-25,Santa Barbara,083,443738,77848,74686,4045,78731,594
2022-01-25,Santa Clara,085,1922200,278444,268031,10298,278329,2006
2022-01-25,Santa Cruz,087,273765,40278,37850,1876,39726,237
2022-01-25,Shasta,089,179085,27957,27090,5282,32372,452
2022-01-25,Sierra,091,2930,264,260,37,297,0
2022-01-25,Siskiyou,093,43540,4057,3958,2265,6223,65
2022-01-25,Solano,095,438530,72756,68657,4785,73442,399
2022-01-25,Sonoma,097,501317,75440,71633,2068,73701,423
2022-01-25,Stanislaus,099,539301,108668,105965,15215,121180,1396
2022-01-25,Sutter,101,95872,18965,18508,1467,19975,200
2022-01-25,Tehama,103,63373,11029,10669,2326,12995,145
2022-01-25,Trinity,105,12862,1081,999,255,1254,19
2022-01-25,Tulare,107,460477,96548,91237,23841,115078,1229
2022-01-25,Tuolumne,109,53932,11270,10516,367,10883,91
2022-01-25,Ventura,111,848112,162473,157971,8811,166782,1263
2022-01-25,Yolo,113,214977,33616,31677,2554,34231,274
2022-01-25,Yuba,115,75493,14483,14038,925,14963,103
2022-01-24,Alameda,001,1643700,228465,216252,11424,227676,1581
2022-01-24,Alpine,003,1148,119,120,1,121,0
2022-01-24,Amador,005,37829,7593,7166,434,7600,73
2022-01-24,Butte,007,227075,30015,28607,5983,34590,350
2022-01-24,Calaveras,009,45235,6583,6172,223,6395,95
2022-01-24,Colusa,011,21464,3179,3052,942,3994,21
2022-01-24,Contra Costa,013,1133247,173033,162161,10636,172797,1092
2022-01-24,Del Norte,015,27424,4664,4460,117,4577,43
2022-01-24,El Dorado,017,186661,24807,23128,2845,25973,179
2022-01-24,Fresno,019,978130,205145,196092,20375,216467,2430
2022-01-24,Glenn,021,27897,4544,4367,1435,5802,39
2022-01-24,Humboldt,023,135768,14940,14416,2242,16658,126
2022-01-24,Imperial,025,180216,50475,48228,8566,56794,824
2022-01-24,Inyo,027,18085,3904,3805,292,4097,50
2022-01-24,Kern,029,883053,177428,169892,40310,210202,1946
2022-01-24,Kings,031,150075,45743,43260,2969,46229,396
2022-01-24,Lake,033,64148,9170,8423,668,9091,118
2022-01-24,Lassen,035,31185,8080,7732,765,8497,55
2022-01-24,Los Angeles,037,10098052,2537472,2391045,114469,2505514,28230
2022-01-24,Madera,039,155013,33048,31339,4429,35768,329
2022-01-24,Marin,041,260295,30413,29301,1892,31193,253
2022-01-24,Mariposa,043,17540,2135,2033,112,2145,6
2022-01-24,Mendocino,045,87422,11701,11002,2061,13063,103
2022-01-24,Merced,047,269075,57137,54970,6216,61186,730
2022-01-24,Modoc,049,8938,659,648,226,874,6
2022-01-24,Mono,051,14174,2851,2802,111,2913,4
2022-01-24,Monterey,053,433212,70472,61975,9590,71565,654
2022-01-24,Napa,055,140530,22797,21494,712,22206,111
2022-01-24,Nevada,057,99092,14529,13774,930,14704,112
2022-01-24,Orange,059,3164182,515965,501634,37893,539527,5969
2022-01-24,Placer,061,380077,57452,54933,6589,61522,518
2022-01-24,Plumas,063,18699,2648,2370,237,2607,12
2022-01-24,Riverside,065,2383286,555230,535962,25600,561562,5661
2022-01-24,Sacramento,067,1510023,255509,241522,21395,262917,2526
2022-01-24,San Benito,069,59416,11689,11331,426,11757,88
2022-01-24,San Bernardino,071,2135413,544245,515604,23262,538866,6285
2022-01-24,San Diego,073,3302833,689261,663580,46756,710336,4586
2022-01-24,San Francisco,075,870044,111946,105418,7309,112727,703
2022-01-24,San Joaquin,077,732212,152471,145984,9032,155016,1959
2022-01-24,San Luis Obispo,079,281455,47003,44616,3070,47686,387
2022-01-24,San Mateo,081,765935,110308,96968,5737,102705,586
2022-01-24,Santa Barbara,083,443738,77037,73866,3952,77818,591
2022-01-24,Santa Clara,085,1922200,275573,265341,10087,275428,2006
2022-01-24,Santa Cruz,087,273765,39478,37188,1858,39046,237
2022-01-24,Shasta,089,179085,27774,26871,5194,32065,452
2022-01-24,Sierra,091,2930,264,258,37,295,0
2022-01-24,Siskiyou,093,43540,4048,3934,2226,6160,64
2022-01-24,Solano,095,438530,72074,68094,4708,72802,400
2022-01-24,Sonoma,097,501317,74525,70733,2031,72764,423
2022-01-24,Stanislaus,099,539301,107911,104933,14928,119861,1395
2022-01-24,Sutter,101,95872,18850,18336,1381,19717,200
2022-01-24,Tehama,103,63373,10959,10567,2306,12873,145
2022-01-24,Trinity,105,12862,1072,978,253,1231,19
2022-01-24,Tulare,107,460477,95477,90089,23481,113570,1219
2022-01-24,Tuolumne,109,53932,11149,10374,359,10733,91
2022-01-24,Ventura,111,848112,161450,156551,8766,165317,1261
2022-01-24,Yolo,113,214977,33323,31480,2525,34005,273
2022-01-24,Yuba,115,75493,14377,13862,886,14748,103
2022-01-23,Alameda,001,1643700,225762,214003,11101,225104,1583
2022-01-23,Alpine,003,1148,119,120,1,121,0
2022-01-23,Amador,005,37829,7537,7090,394,7484,73
2022-01-23,Butte,007,227075,29715,28340,5857,34197,350
2022-01-23,Calaveras,009,45235,6518,6095,202,6297,95
2022-01-23,Colusa,011,21464,3154,3040,935,3975,21
2022-01-23,Contra Costa,013,1133247,171154,160798,10281,171079,1092
2022-01-23,Del Norte,015,27424,4596,4419,111,4530,43
2022-01-23,El Dorado,017,186661,24617,22925,2798,25723,179
2022-01-23,Fresno,019,978130,202664,193642,19894,213536,2430
2022-01-23,Glenn,021,27897,4497,4340,1413,5753,39
2022-01-23,Humboldt,023,135768,14818,14296,2160,16456,126
2022-01-23,Imperial,025,180216,49877,47935,8284,56219,824
2022-01-23,Inyo,027,18085,3877,3781,278,4059,50
2022-01-23,Kern,029,883053,176065,168585,39785,208370,1946
2022-01-23,Kings,031,150075,45108,42622,2867,45489,397
2022-01-23,Lake,033,64148,9000,8363,642,9005,118
2022-01-23,Lassen,035,31185,8031,7710,741,8451,55
2022-01-23,Los Angeles,037,10098052,2517162,2390590,113326,2503916,28231
2022-01-23,Madera,039,155013,32690,30962,4193,35155,329
2022-01-23,Marin,041,260295,30160,29025,1854,30879,253
2022-01-23,Mariposa,043,17540,2120,2011,109,2120,6
2022-01-23,Mendocino,045,87422,11576,10889,1933,12822,103
2022-01-23,Merced,047,269075,56584,54644,5769,60413,730
2022-01-23,Modoc,049,8938,657,645,223,868,6
2022-01-23,Mono,051,14174,2843,2788,109,2897,4
2022-01-23,Monterey,053,433212,69635,61522,9157,70679,654
2022-01-23,Napa,055,140530,22535,21281,699,21980,111
2022-01-23,Nevada,057,99092,14368,13629,901,14530,112
2022-01-23,Orange,059,3164182,512862,498968,37602,536570,5970
2022-01-23,Placer,061,380077,56882,54568,6501,61069,518
2022-01-23,Plumas,063,18699,2615,2368,208,2576,12
2022-01-23,Riverside,065,2383286,550786,532273,25298,557571,5661
2022-01-23,Sacramento,067,1510023,252864,239589,20457,260046,2530
2022-01-23,San Benito,069,59416,11567,11225,415,11640,88
2022-01-23,San Bernardino,071,2135413,540743,512657,22984,535641,6281
2022-01-23,San Diego,073,3302833,682653,640215,45947,686162,4566
2022-01-23,San Francisco,075,870044,110879,104485,7202,111687,704
2022-01-23,San Joaquin,077,732212,150859,144621,8950,153571,1959
2022-01-23,San Luis Obispo,079,281455,46307,44183,2996,47179,386
2022-01-23,San Mateo,081,765935,109190,95940,5593,101533,586
2022-01-23,Santa Barbara,083,443738,75913,73041,3829,76870,590
2022-01-23,Santa Clara,085,1922200,272271,261991,9768,271759,2005
2022-01-23,Santa Cruz,087,273765,38948,36547,1827,38374,237
2022-01-23,Shasta,089,179085,27494,26732,5074,31806,452
2022-01-23,Sierra,091,2930,263,252,37,289,0
2022-01-23,Siskiyou,093,43540,4023,3916,2169,6085,64
2022-01-23,Solano,095,438530,71274,67457,4614,72071,400
2022-01-23,Sonoma,097,501317,73571,69791,1975,71766,423
2022-01-23,Stanislaus,099,539301,107051,104067,14639,118706,1395
2022-01-23,Sutter,101,95872,18692,18175,1268,19443,200
2022-01-23,Tehama,103,63373,10860,10481,2274,12755,145
2022-01-23,Trinity,105,12862,1069,961,251,1212,19
2022-01-23,Tulare,107,460477,94224,89120,23069,112189,1219
2022-01-23,Tuolumne,109,53932,10957,10243,342,10585,91
2022-01-23,Ventura,111,848112,160268,155052,8689,163741,1261
2022-01-23,Yolo,113,214977,32946,30908,2485,33393,273
2022-01-23,Yuba,115,75493,14253,13762,833,14595,103
2022-01-22,Alameda,001,1643700,224697,203927,11073,215000,1575
2022-01-22,Alpine,003,1148,118,119,1,120,0
2022-01-22,Amador,005,37829,7503,6845,389,7234,73
2022-01-22,Butte,007,227075,29594,27232,5826,33058,350
2022-01-22,Calaveras,009,45235,6488,5835,201,6036,95
2022-01-22,Colusa,011,21464,3137,2954,932,3886,21
2022-01-22,Contra Costa,013,1133247,170211,154111,10251,164362,1091
2022-01-22,Del Norte,015,27424,4557,4269,107,4376,43
2022-01-22,El Dorado,017,186661,24550,22273,2788,25061,179
2022-01-22,Fresno,019,978130,201835,185292,19824,205116,2429
2022-01-22,Glenn,021,27897,4490,4174,1410,5584,39
2022-01-22,Humboldt,023,135768,14750,13628,2147,15775,125
2022-01-22,Imperial,025,180216,49687,45741,8226,53967,820
2022-01-22,Inyo,027,18085,3873,3706,254,3960,50
2022-01-22,Kern,029,883053,175440,162902,39485,202387,1946
2022-01-22,Kings,031,150075,44900,40580,2854,43434,396
2022-01-22,Lake,033,64148,8966,8056,634,8690,118
2022-01-22,Lassen,035,31185,7997,7545,734,8279,55
2022-01-22,Los Angeles,037,10098052,2509752,2286280,112821,2399101,28038
2022-01-22,Madera,039,155013,32571,29595,4178,33773,329
2022-01-22,Marin,041,260295,30033,27893,1849,29742,253
2022-01-22,Mariposa,043,17540,2116,1920,109,2029,6
2022-01-22,Mendocino,045,87422,11526,10395,1911,12306,103
2022-01-22,Merced,047,269075,56431,53025,5762,58787,727
2022-01-22,Modoc,049,8938,656,639,223,862,6
2022-01-22,Mono,051,14174,2842,2723,105,2828,4
2022-01-22,Monterey,053,433212,69429,59038,9115,68153,651
2022-01-22,Napa,055,140530,22440,20402,689,21091,111
2022-01-22,Nevada,057,99092,14300,12957,893,13850,112
2022-01-22,Orange,059,3164182,511254,480329,37354,517683,5946
2022-01-22,Placer,061,380077,56611,52557,6464,59021,512
2022-01-22,Plumas,063,18699,2598,2289,204,2493,12
2022-01-22,Riverside,065,2383286,548871,513567,25225,538792,5623
2022-01-22,Sacramento,067,1510023,251812,230206,20357,250563,2510
2022-01-22,San Benito,069,59416,11509,10743,410,11153,88
2022-01-22,San Bernardino,071,2135413,539205,495209,22890,518099,6267
2022-01-22,San Diego,073,3302833,680164,628904,45726,674630,4559
2022-01-22,San Francisco,075,870044,110222,100238,7054,107292,702
2022-01-22,San Joaquin,077,732212,150418,138264,8909,147173,1960
2022-01-22,San Luis Obispo,079,281455,46188,42154,2990,45144,385
2022-01-22,San Mateo,081,765935,108605,91440,5531,96971,585
2022-01-22,Santa Barbara,083,443738,75491,69555,3823,73378,589
2022-01-22,Santa Clara,085,1922200,270590,249205,9702,258907,1993
2022-01-22,Santa Cruz,087,273765,38766,33741,1821,35562,237
2022-01-22,Shasta,089,179085,27398,25919,5052,30971,450
2022-01-22,Sierra,091,2930,263,248,36,284,0
2022-01-22,Siskiyou,093,43540,4005,3845,2148,5993,62
2022-01-22,Solano,095,438530,71051,63882,4576,68458,391
2022-01-22,Sonoma,097,501317,73151,66013,1965,67978,422
2022-01-22,Stanislaus,099,539301,106593,100092,14541,114633,1393
2022-01-22,Sutter,101,95872,18624,17616,1255,18871,199
2022-01-22,Tehama,103,63373,10825,10171,2263,12434,142
2022-01-22,Trinity,105,12862,1067,925,251,1176,19
2022-01-22,Tulare,107,460477,93846,85223,22947,108170,1211
2022-01-22,Tuolumne,109,53932,10889,9731,336,10067,91
2022-01-22,Ventura,111,848112,159577,148742,8649,157391,1250
2022-01-22,Yolo,113,214977,32768,30061,2468,32529,273
2022-01-22,Yuba,115,75493,14164,13288,829,14117,103
2022-01-21,Alameda,001,1643700,223112,203927,11040,214967,1575
2022-01-21,Alpine,003,1148,118,119,1,120,0
2022-01-21,Amador,005,37829,7446,6845,386,7231,73
2022-01-21,Butte,007,227075,29468,27232,5783,33015,350
2022-01-21,Calaveras,009,45235,6442,5835,201,6036,95
2022-01-21,Colusa,011,21464,3130,2954,927,3881,21
2022-01-21,Contra Costa,013,1133247,169136,154111,10173,164284,1091
2022-01-21,Del Norte,015,27424,4517,4269,107,4376,43
2022-01-21,El Dorado,017,186661,24467,22273,2774,25047,179
2022-01-21,Fresno,019,978130,200587,185292,19727,205019,2429
2022-01-21,Glenn,021,27897,4468,4174,1406,5580,39
2022-01-21,Humboldt,023,135768,14680,13628,2128,15756,125
2022-01-21,Imperial,025,180216,49498,45741,8150,53891,820
2022-01-21,Inyo,027,18085,3860,3706,249,3955,50
2022-01-21,Kern,029,883053,174722,162902,39115,202017,1946
2022-01-21,Kings,031,150075,44703,40580,2846,43426,396
2022-01-21,Lake,033,64148,8909,8056,622,8678,118
2022-01-21,Lassen,035,31185,7948,7545,730,8275,55
2022-01-21,Los Angeles,037,10098052,2498455,2286280,112361,2398641,28038
2022-01-21,Madera,039,155013,32280,29595,4150,33745,329
2022-01-21,Marin,041,260295,29856,27893,1830,29723,253
2022-01-21,Mariposa,043,17540,2104,1920,108,2028,6
2022-01-21,Mendocino,045,87422,11445,10395,1908,12303,103
2022-01-21,Merced,047,269075,56272,53025,5758,58783,727
2022-01-21,Modoc,049,8938,655,639,223,862,6
2022-01-21,Mono,051,14174,2828,2723,102,2825,4
2022-01-21,Monterey,053,433212,68958,59038,8989,68027,651
2022-01-21,Napa,055,140530,22320,20402,681,21083,111
2022-01-21,Nevada,057,99092,14202,12957,889,13846,112
2022-01-21,Orange,059,3164182,509016,480329,37109,517438,5946
2022-01-21,Placer,061,380077,56219,52557,6402,58959,512
2022-01-21,Plumas,063,18699,2585,2289,199,2488,12
2022-01-21,Riverside,065,2383286,546216,513567,25146,538713,5623
2022-01-21,Sacramento,067,1510023,250368,230206,20256,250462,2510
2022-01-21,San Benito,069,59416,11473,10743,407,11150,88
2022-01-21,San Bernardino,071,2135413,537132,495209,22815,518024,6267
2022-01-21,San Diego,073,3302833,675996,628904,45548,674452,4559
2022-01-21,San Francisco,075,870044,109463,100238,6966,107204,702
2022-01-21,San Joaquin,077,732212,149819,138264,8853,147117,1960
2022-01-21,San Luis Obispo,079,281455,46062,42154,2987,45141,385
2022-01-21,San Mateo,081,765935,107933,91440,5493,96933,585
2022-01-21,Santa Barbara,083,443738,74989,69555,3814,73369,589
2022-01-21,Santa Clara,085,1922200,268766,249205,9594,258799,1993
2022-01-21,Santa Cruz,087,273765,38047,33741,1808,35549,237
2022-01-21,Shasta,089,179085,27309,25919,5005,30924,450
2022-01-21,Sierra,091,2930,261,248,35,283,0
2022-01-21,Siskiyou,093,43540,3996,3845,2130,5975,62
2022-01-21,Solano,095,438530,70640,63882,4493,68375,391
2022-01-21,Sonoma,097,501317,72626,66013,1955,67968,422
2022-01-21,Stanislaus,099,539301,106090,100092,14466,114558,1393
2022-01-21,Sutter,101,95872,18538,17616,1241,18857,199
2022-01-21,Tehama,103,63373,10789,10171,2261,12432,142
2022-01-21,Trinity,105,12862,1061,925,250,1175,19
2022-01-21,Tulare,107,460477,93369,85223,22793,108016,1211
2022-01-21,Tuolumne,109,53932,10806,9731,329,10060,91
2022-01-21,Ventura,111,848112,158768,148742,8618,157360,1250
2022-01-21,Yolo,113,214977,32605,30061,2447,32508,273
2022-01-21,Yuba,115,75493,14092,13288,822,14110,103
2022-01-20,Alameda,001,1643700,220045,203927,10804,214731,1575
2022-01-20,Alpine,003,1148,118,119,1,120,0
2022-01-20,Amador,005,37829,7382,6845,368,7213,73
2022-01-20,Butte,007,227075,29206,27232,5704,32936,350
2022-01-20,Calaveras,009,45235,6337,5835,192,6027,95
2022-01-20,Colusa,011,21464,3103,2954,915,3869,21
2022-01-20,Contra Costa,013,1133247,167138,154111,9909,164020,1091
2022-01-20,Del Norte,015,27424,4477,4269,104,4373,43
2022-01-20,El Dorado,017,186661,24262,22273,2731,25004,179
2022-01-20,Fresno,019,978130,197971,185292,19346,204638,2429
2022-01-20,Glenn,021,27897,4434,4174,1397,5571,39
2022-01-20,Humboldt,023,135768,14553,13628,2078,15706,125
2022-01-20,Imperial,025,180216,48981,45741,7975,53716,820
2022-01-20,Inyo,027,18085,3848,3706,238,3944,50
2022-01-20,Kern,029,883053,173198,162902,38577,201479,1946
2022-01-20,Kings,031,150075,44148,40580,2806,43386,396
2022-01-20,Lake,033,64148,8813,8056,594,8650,118
2022-01-20,Lassen,035,31185,7895,7545,715,8260,55
2022-01-20,Los Angeles,037,10098052,2473729,2286280,111391,2397671,28038
2022-01-20,Madera,039,155013,31893,29595,4025,33620,329
2022-01-20,Marin,041,260295,29563,27893,1793,29686,253
2022-01-20,Mariposa,043,17540,2077,1920,105,2025,6
2022-01-20,Mendocino,045,87422,11347,10395,1830,12225,103
2022-01-20,Merced,047,269075,55843,53025,5529,58554,727
2022-01-20,Modoc,049,8938,653,639,223,862,6
2022-01-20,Mono,051,14174,2820,2723,101,2824,4
2022-01-20,Monterey,053,433212,68195,59038,8576,67614,651
2022-01-20,Napa,055,140530,22054,20402,642,21044,111
2022-01-20,Nevada,057,99092,14057,12957,867,13824,112
2022-01-20,Orange,059,3164182,505080,480329,36741,517070,5946
2022-01-20,Placer,061,380077,55735,52557,6342,58899,512
2022-01-20,Plumas,063,18699,2558,2289,195,2484,12
2022-01-20,Riverside,065,2383286,541650,513567,24915,538482,5623
2022-01-20,Sacramento,067,1510023,248075,230206,19625,249831,2510
2022-01-20,San Benito,069,59416,11362,10743,394,11137,88
2022-01-20,San Bernardino,071,2135413,532894,495209,22537,517746,6267
2022-01-20,San Diego,073,3302833,668897,628904,44843,673747,4559
2022-01-20,San Francisco,075,870044,108314,100238,6826,107064,702
2022-01-20,San Joaquin,077,732212,148185,138264,8727,146991,1960
2022-01-20,San Luis Obispo,079,281455,45551,42154,2953,45107,385
2022-01-20,San Mateo,081,765935,106708,91440,5290,96730,585
2022-01-20,Santa Barbara,083,443738,74091,69555,3702,73257,589
2022-01-20,Santa Clara,085,1922200,265461,249205,9267,258472,1993
2022-01-20,Santa Cruz,087,273765,37163,33741,1785,35526,237
2022-01-20,Shasta,089,179085,27119,25919,4938,30857,450
2022-01-20,Sierra,091,2930,261,248,33,281,0
2022-01-20,Siskiyou,093,43540,3984,3845,2097,5942,62
2022-01-20,Solano,095,438530,69693,63882,4404,68286,391
2022-01-20,Sonoma,097,501317,71600,66013,1904,67917,422
2022-01-20,Stanislaus,099,539301,105133,100092,14260,114352,1393
2022-01-20,Sutter,101,95872,18373,17616,1213,18829,199
2022-01-20,Tehama,103,63373,10716,10171,2243,12414,142
2022-01-20,Trinity,105,12862,1047,925,249,1174,19
2022-01-20,Tulare,107,460477,92320,85223,22509,107732,1211
2022-01-20,Tuolumne,109,53932,10664,9731,319,10050,91
2022-01-20,Ventura,111,848112,157383,148742,8541,157283,1250
2022-01-20,Yolo,113,214977,32317,30061,2414,32475,273
2022-01-20,Yuba,115,75493,13986,13288,789,14077,103
2022-01-19,Alameda,001,1643700,216662,199739,10475,210214,1571
2022-01-19,Alpine,003,1148,117,119,1,120,0
2022-01-19,Amador,005,37829,7301,6789,326,7115,73
2022-01-19,Butte,007,227075,28902,26839,5618,32457,351
2022-01-19,Calaveras,009,45235,6247,5765,183,5948,95
2022-01-19,Colusa,011,21464,3069,2938,908,3846,21
2022-01-19,Contra Costa,013,1133247,164778,151543,9669,161212,1091
2022-01-19,Del Norte,015,27424,4438,4240,103,4343,43
2022-01-19,El Dorado,017,186661,24007,21953,2689,24642,177
2022-01-19,Fresno,019,978130,195034,181526,19020,200546,2430
2022-01-19,Glenn,021,27897,4382,4127,1387,5514,39
2022-01-19,Humboldt,023,135768,14395,13391,2028,15419,125
2022-01-19,Imperial,025,180216,48246,45156,7777,52933,820
2022-01-19,Inyo,027,18085,3825,3680,199,3879,49
2022-01-19,Kern,029,883053,171433,160747,37899,198646,1946
2022-01-19,Kings,031,150075,43452,40027,2738,42765,395
2022-01-19,Lake,033,64148,8686,7972,581,8553,118
2022-01-19,Lassen,035,31185,7838,7507,693,8200,55
2022-01-19,Los Angeles,037,10098052,2445350,2251718,109972,2361690,27934
2022-01-19,Madera,039,155013,31514,29021,3855,32876,329
2022-01-19,Marin,041,260295,29267,27375,1751,29126,251
2022-01-19,Mariposa,043,17540,2052,1896,99,1995,6
2022-01-19,Mendocino,045,87422,11176,10252,1737,11989,103
2022-01-19,Merced,047,269075,55299,52355,5173,57528,724
2022-01-19,Modoc,049,8938,651,635,222,857,6
2022-01-19,Mono,051,14174,2798,2677,99,2776,4
2022-01-19,Monterey,053,433212,67287,58426,8120,66546,651
2022-01-19,Napa,055,140530,21801,20090,615,20705,110
2022-01-19,Nevada,057,99092,13900,12703,840,13543,112
2022-01-19,Orange,059,3164182,500596,468460,36372,504832,5943
2022-01-19,Placer,061,380077,55172,51545,6274,57819,511
2022-01-19,Plumas,063,18699,2518,2239,189,2428,12
2022-01-19,Riverside,065,2383286,536131,503575,24680,528255,5604
2022-01-19,Sacramento,067,1510023,245185,226035,18910,244945,2512
2022-01-19,San Benito,069,59416,11221,10639,382,11021,88
2022-01-19,San Bernardino,071,2135413,528137,487846,22158,510004,6265
2022-01-19,San Diego,073,3302833,660122,614709,44106,658815,4553
2022-01-19,San Francisco,075,870044,106940,98652,6749,105401,694
2022-01-19,San Joaquin,077,732212,146294,135953,8604,144557,1959
2022-01-19,San Luis Obispo,079,281455,44952,41374,2887,44261,382
2022-01-19,San Mateo,081,765935,105296,89715,5026,94741,585
2022-01-19,Santa Barbara,083,443738,73094,68531,3603,72134,586
2022-01-19,Santa Clara,085,1922200,261730,244922,8907,253829,1991
2022-01-19,Santa Cruz,087,273765,35861,33026,1761,34787,237
2022-01-19,Shasta,089,179085,26852,25355,4866,30221,450
2022-01-19,Sierra,091,2930,261,245,32,277,0
2022-01-19,Siskiyou,093,43540,3960,3821,2044,5865,62
2022-01-19,Solano,095,438530,68849,63003,4274,67277,392
2022-01-19,Sonoma,097,501317,70501,64689,1858,66547,420
2022-01-19,Stanislaus,099,539301,104082,98952,13967,112919,1381
2022-01-19,Sutter,101,95872,18205,17436,1125,18561,199
2022-01-19,Tehama,103,63373,10601,10064,2198,12262,142
2022-01-19,Trinity,105,12862,1035,916,248,1164,19
2022-01-19,Tulare,107,460477,91037,83743,22042,105785,1200
2022-01-19,Tuolumne,109,53932,10504,9613,295,9908,91
2022-01-19,Ventura,111,848112,155868,144738,8466,153204,1234
2022-01-19,Yolo,113,214977,31953,29392,2378,31770,273
2022-01-19,Yuba,115,75493,13824,13114,776,13890,104
2022-01-18,Alameda,001,1643700,213292,195728,10157,205885,1566
2022-01-18,Alpine,003,1148,117,118,1,119,0
2022-01-18,Amador,005,37829,7163,6691,290,6981,73
2022-01-18,Butte,007,227075,28512,26514,5536,32050,347
2022-01-18,Calaveras,009,45235,6158,5684,168,5852,94
2022-01-18,Colusa,011,21464,3025,2903,903,3806,21
2022-01-18,Contra Costa,013,1133247,162692,149446,9295,158741,1085
2022-01-18,Del Norte,015,27424,4368,4229,98,4327,43
2022-01-18,El Dorado,017,186661,23627,21707,2644,24351,175
2022-01-18,Fresno,019,978130,191512,178922,18572,197494,2425
2022-01-18,Glenn,021,27897,4348,4070,1375,5445,39
2022-01-18,Humboldt,023,135768,14231,13218,1956,15174,125
2022-01-18,Imperial,025,180216,47550,44742,7596,52338,819
2022-01-18,Inyo,027,18085,3784,3654,189,3843,49
2022-01-18,Kern,029,883053,169410,158864,37147,196011,1943
2022-01-18,Kings,031,150075,42577,39440,2660,42100,392
2022-01-18,Lake,033,64148,8573,7919,562,8481,117
2022-01-18,Lassen,035,31185,7755,7461,654,8115,55
2022-01-18,Los Angeles,037,10098052,2411933,2227360,108506,2335866,27871
2022-01-18,Madera,039,155013,30992,28717,3666,32383,329
2022-01-18,Marin,041,260295,28964,27036,1709,28745,251
2022-01-18,Mariposa,043,17540,2027,1872,95,1967,6
2022-01-18,Mendocino,045,87422,11007,10114,1652,11766,103
2022-01-18,Merced,047,269075,54687,51746,4886,56632,718
2022-01-18,Modoc,049,8938,649,633,217,850,6
2022-01-18,Mono,051,14174,2777,2643,98,2741,4
2022-01-18,Monterey,053,433212,66512,57846,7641,65487,650
2022-01-18,Napa,055,140530,21467,19911,600,20511,109
2022-01-18,Nevada,057,99092,13716,12584,798,13382,111
2022-01-18,Orange,059,3164182,495265,461324,35867,497191,5938
2022-01-18,Placer,061,380077,54527,50983,6201,57184,508
2022-01-18,Plumas,063,18699,2480,2218,183,2401,12
2022-01-18,Riverside,065,2383286,530154,497278,24373,521651,5599
2022-01-18,Sacramento,067,1510023,242101,223745,17930,241675,2496
2022-01-18,San Benito,069,59416,11080,10520,368,10888,88
2022-01-18,San Bernardino,071,2135413,522683,483753,21730,505483,6258
2022-01-18,San Diego,073,3302833,649923,605137,43066,648203,4547
2022-01-18,San Francisco,075,870044,105474,96505,6633,103138,694
2022-01-18,San Joaquin,077,732212,144349,134365,8387,142752,1957
2022-01-18,San Luis Obispo,079,281455,44270,40848,2801,43649,381
2022-01-18,San Mateo,081,765935,103785,88225,4829,93054,585
2022-01-18,Santa Barbara,083,443738,71876,67216,3430,70646,581
2022-01-18,Santa Clara,085,1922200,257617,240281,8510,248791,1986
2022-01-18,Santa Cruz,087,273765,35211,32203,1726,33929,237
2022-01-18,Shasta,089,179085,26570,25162,4772,29934,448
2022-01-18,Sierra,091,2930,257,244,32,276,0
2022-01-18,Siskiyou,093,43540,3927,3799,1991,5790,62
2022-01-18,Solano,095,438530,67999,62204,4163,66367,391
2022-01-18,Sonoma,097,501317,69114,63714,1803,65517,419
2022-01-18,Stanislaus,099,539301,102865,98000,13591,111591,1379
2022-01-18,Sutter,101,95872,18015,17295,1054,18349,198
2022-01-18,Tehama,103,63373,10505,9975,2146,12121,142
2022-01-18,Trinity,105,12862,1022,907,247,1154,19
2022-01-18,Tulare,107,460477,89574,82667,21638,104305,1196
2022-01-18,Tuolumne,109,53932,10336,9528,284,9812,91
2022-01-18,Ventura,111,848112,154154,143384,8380,151764,1233
2022-01-18,Yolo,113,214977,31556,28786,2328,31114,270
2022-01-18,Yuba,115,75493,13663,12971,751,13722,101
2022-01-17,Alameda,001,1643700,208600,193276,9572,202848,1565
2022-01-17,Alpine,003,1148,116,118,0,118,0
2022-01-17,Amador,005,37829,7048,6640,232,6872,73
2022-01-17,Butte,007,227075,28121,26303,5428,31731,348
2022-01-17,Calaveras,009,45235,6027,5584,140,5724,94
2022-01-17,Colusa,011,21464,3001,2905,896,3801,21
2022-01-17,Contra Costa,013,1133247,159799,147993,8807,156800,1086
2022-01-17,Del Norte,015,27424,4317,4209,91,4300,43
2022-01-17,El Dorado,017,186661,23381,21540,2562,24102,175
2022-01-17,Fresno,019,978130,187797,176959,18055,195014,2426
2022-01-17,Glenn,021,27897,4295,4055,1362,5417,39
2022-01-17,Humboldt,023,135768,14025,13120,1790,14910,125
2022-01-17,Imperial,025,180216,46864,44412,7434,51846,821
2022-01-17,Inyo,027,18085,3762,3650,163,3813,49
2022-01-17,Kern,029,883053,166867,157645,36272,193917,1944
2022-01-17,Kings,031,150075,41443,39143,2540,41683,392
2022-01-17,Lake,033,64148,8424,7864,522,8386,117
2022-01-17,Lassen,035,31185,7662,7417,617,8034,55
2022-01-17,Los Angeles,037,10098052,2372726,2205740,106549,2312289,27832
2022-01-17,Madera,039,155013,30340,28568,3486,32054,329
2022-01-17,Marin,041,260295,28559,26633,1653,28286,251
2022-01-17,Mariposa,043,17540,2001,1862,89,1951,6
2022-01-17,Mendocino,045,87422,10784,10030,1512,11542,103
2022-01-17,Merced,047,269075,54008,51227,4324,55551,718
2022-01-17,Modoc,049,8938,645,630,217,847,6
2022-01-17,Mono,051,14174,2754,2642,97,2739,4
2022-01-17,Monterey,053,433212,65395,57318,7226,64544,647
2022-01-17,Napa,055,140530,21122,19647,577,20224,109
2022-01-17,Nevada,057,99092,13530,12414,761,13175,111
2022-01-17,Orange,059,3164182,489314,457418,35393,492811,5933
2022-01-17,Placer,061,380077,53795,50511,6058,56569,508
2022-01-17,Plumas,063,18699,2434,2205,151,2356,12
2022-01-17,Riverside,065,2383286,523340,491322,23920,515242,5600
2022-01-17,Sacramento,067,1510023,238023,221143,16586,237729,2497
2022-01-17,San Benito,069,59416,10913,10432,340,10772,88
2022-01-17,San Bernardino,071,2135413,516193,480243,21187,501430,6259
2022-01-17,San Diego,073,3302833,637704,569241,41859,611100,4545
2022-01-17,San Francisco,075,870044,103845,95292,6438,101730,694
2022-01-17,San Joaquin,077,732212,141510,133414,8196,141610,1958
2022-01-17,San Luis Obispo,079,281455,43441,40425,2700,43125,379
2022-01-17,San Mateo,081,765935,101815,87013,4575,91588,585
2022-01-17,Santa Barbara,083,443738,70554,66704,3230,69934,581
2022-01-17,Santa Clara,085,1922200,253129,237934,8075,246009,1985
2022-01-17,Santa Cruz,087,273765,34440,31714,1689,33403,237
2022-01-17,Shasta,089,179085,26290,25025,4651,29676,448
2022-01-17,Sierra,091,2930,256,242,32,274,0
2022-01-17,Siskiyou,093,43540,3888,3764,1911,5675,62
2022-01-17,Solano,095,438530,66958,61497,3904,65401,391
2022-01-17,Sonoma,097,501317,67611,62763,1737,64500,419
2022-01-17,Stanislaus,099,539301,101551,96951,13100,110051,1379
2022-01-17,Sutter,101,95872,17805,17159,918,18077,198
2022-01-17,Tehama,103,63373,10381,9912,2088,12000,142
2022-01-17,Trinity,105,12862,1009,906,243,1149,19
2022-01-17,Tulare,107,460477,87828,81741,21090,102831,1199
2022-01-17,Tuolumne,109,53932,10197,9416,252,9668,91
2022-01-17,Ventura,111,848112,152038,142070,8262,150332,1234
2022-01-17,Yolo,113,214977,31025,28638,2262,30900,270
2022-01-17,Yuba,115,75493,13466,12871,695,13566,101
2022-01-16,Alameda,001,1643700,205547,190691,9317,200008,1564
2022-01-16,Alpine,003,1148,116,118,0,118,0
2022-01-16,Amador,005,37829,6975,6618,224,6842,73
2022-01-16,Butte,007,227075,27773,26139,5375,31514,348
2022-01-16,Calaveras,009,45235,5926,5537,136,5673,94
2022-01-16,Colusa,011,21464,2984,2886,884,3770,21
2022-01-16,Contra Costa,013,1133247,157803,146307,8600,154907,1086
2022-01-16,Del Norte,015,27424,4275,4177,89,4266,43
2022-01-16,El Dorado,017,186661,23110,21303,2523,23826,175
2022-01-16,Fresno,019,978130,185081,174818,17657,192475,2425
2022-01-16,Glenn,021,27897,4238,4049,1340,5389,39
2022-01-16,Humboldt,023,135768,13878,13075,1771,14846,125
2022-01-16,Imperial,025,180216,46293,44035,7270,51305,821
2022-01-16,Inyo,027,18085,3725,3602,141,3743,49
2022-01-16,Kern,029,883053,165596,156655,35485,192140,1944
2022-01-16,Kings,031,150075,41069,38861,2520,41381,392
2022-01-16,Lake,033,64148,8320,7823,488,8311,117
2022-01-16,Lassen,035,31185,7617,7391,604,7995,55
2022-01-16,Los Angeles,037,10098052,2349547,2174403,105028,2279431,27805
2022-01-16,Madera,039,155013,29971,28313,3436,31749,329
2022-01-16,Marin,041,260295,28265,26292,1639,27931,251
2022-01-16,Mariposa,043,17540,1974,1851,84,1935,6
2022-01-16,Mendocino,045,87422,10637,9992,1396,11388,102
2022-01-16,Merced,047,269075,53417,50882,4298,55180,718
2022-01-16,Modoc,049,8938,642,629,217,846,6
2022-01-16,Mono,051,14174,2750,2614,95,2709,4
2022-01-16,Monterey,053,433212,64628,57012,7081,64093,647
2022-01-16,Napa,055,140530,20855,19521,566,20087,109
2022-01-16,Nevada,057,99092,13317,12307,743,13050,111
2022-01-16,Orange,059,3164182,483930,451962,34846,486808,5932
2022-01-16,Placer,061,380077,53088,50076,5947,56023,508
2022-01-16,Plumas,063,18699,2399,2204,142,2346,12
2022-01-16,Riverside,065,2383286,517836,485191,23700,508891,5600
2022-01-16,Sacramento,067,1510023,235070,218819,15870,234689,2491
2022-01-16,San Benito,069,59416,10755,10377,338,10715,88
2022-01-16,San Bernardino,071,2135413,512180,474425,20932,495357,6259
2022-01-16,San Diego,073,3302833,630116,569241,41422,610663,4545
2022-01-16,San Francisco,075,870044,102326,94139,6300,100439,694
2022-01-16,San Joaquin,077,732212,139725,132214,8053,140267,1958
2022-01-16,San Luis Obispo,079,281455,42784,40113,2661,42774,379
2022-01-16,San Mateo,081,765935,100290,85966,4482,90448,585
2022-01-16,Santa Barbara,083,443738,69526,66111,3189,69300,582
2022-01-16,Santa Clara,085,1922200,249462,234293,7921,242214,1984
2022-01-16,Santa Cruz,087,273765,33812,31469,1667,33136,237
2022-01-16,Shasta,089,179085,26036,24980,4583,29563,449
2022-01-16,Sierra,091,2930,252,238,31,269,0
2022-01-16,Siskiyou,093,43540,3860,3748,1872,5620,62
2022-01-16,Solano,095,438530,66282,60885,3773,64658,391
2022-01-16,Sonoma,097,501317,66533,61842,1720,63562,419
2022-01-16,Stanislaus,099,539301,100488,96370,12935,109305,1379
2022-01-16,Sutter,101,95872,17605,16996,896,17892,198
2022-01-16,Tehama,103,63373,10296,9868,2067,11935,142
2022-01-16,Trinity,105,12862,1004,889,241,1130,19
2022-01-16,Tulare,107,460477,86517,80867,20836,101703,1199
2022-01-16,Tuolumne,109,53932,10091,9369,244,9613,91
2022-01-16,Ventura,111,848112,150463,140715,8183,148898,1234
2022-01-16,Yolo,113,214977,30633,28481,2209,30690,270
2022-01-16,Yuba,115,75493,13289,12760,689,13449,101
2022-01-15,Alameda,001,1643700,204183,177768,9263,187031,1561
2022-01-15,Alpine,003,1148,116,117,0,117,0
2022-01-15,Amador,005,37829,6943,6434,210,6644,72
2022-01-15,Butte,007,227075,27617,25032,5325,30357,348
2022-01-15,Calaveras,009,45235,5894,5258,136,5394,93
2022-01-15,Colusa,011,21464,2970,2796,877,3673,21
2022-01-15,Contra Costa,013,1133247,156545,137643,8553,146196,1082
2022-01-15,Del Norte,015,27424,4260,4065,87,4152,43
2022-01-15,El Dorado,017,186661,23007,20434,2507,22941,175
2022-01-15,Fresno,019,978130,184152,167361,17560,184921,2415
2022-01-15,Glenn,021,27897,4231,3906,1331,5237,39
2022-01-15,Humboldt,023,135768,13775,12419,1755,14174,123
2022-01-15,Imperial,025,180216,46155,42508,7162,49670,817
2022-01-15,Inyo,027,18085,3715,3395,141,3536,49
2022-01-15,Kern,029,883053,164752,150085,35095,185180,1938
2022-01-15,Kings,031,150075,40820,37221,2508,39729,391
2022-01-15,Lake,033,64148,8281,7641,475,8116,117
2022-01-15,Lassen,035,31185,7576,7274,598,7872,55
2022-01-15,Los Angeles,037,10098052,2338018,2047927,104079,2152006,27641
2022-01-15,Madera,039,155013,29825,27294,3412,30706,329
2022-01-15,Marin,041,260295,28078,25248,1632,26880,251
2022-01-15,Mariposa,043,17540,1967,1762,84,1846,6
2022-01-15,Mendocino,045,87422,10564,9534,1390,10924,102
2022-01-15,Merced,047,269075,53250,48904,4286,53190,715
2022-01-15,Modoc,049,8938,640,628,217,845,6
2022-01-15,Mono,051,14174,2745,2508,94,2602,4
2022-01-15,Monterey,053,433212,64114,55315,7017,62332,647
2022-01-15,Napa,055,140530,20734,17648,562,18210,109
2022-01-15,Nevada,057,99092,13257,11773,730,12503,111
2022-01-15,Orange,059,3164182,481334,433141,34573,467714,5914
2022-01-15,Placer,061,380077,52797,47780,5911,53691,501
2022-01-15,Plumas,063,18699,2378,2158,136,2294,12
2022-01-15,Riverside,065,2383286,515155,466381,23565,489946,5578
2022-01-15,Sacramento,067,1510023,233913,208156,15771,223927,2491
2022-01-15,San Benito,069,59416,10656,9868,333,10201,87
2022-01-15,San Bernardino,071,2135413,509816,454395,20783,475178,6233
2022-01-15,San Diego,073,3302833,626327,559385,41166,600551,4540
2022-01-15,San Francisco,075,870044,101330,88004,6165,94169,692
2022-01-15,San Joaquin,077,732212,139160,125136,7956,133092,1954
2022-01-15,San Luis Obispo,079,281455,42595,38231,2648,40879,374
2022-01-15,San Mateo,081,765935,99334,80494,4441,84935,582
2022-01-15,Santa Barbara,083,443738,68930,62312,3178,65490,579
2022-01-15,Santa Clara,085,1922200,247258,218986,7801,226787,1974
2022-01-15,Santa Cruz,087,273765,33458,29414,1659,31073,235
2022-01-15,Shasta,089,179085,25946,24482,4551,29033,445
2022-01-15,Sierra,091,2930,251,232,30,262,0
2022-01-15,Siskiyou,093,43540,3848,3661,1862,5523,62
2022-01-15,Solano,095,438530,66003,58061,3724,61785,389
2022-01-15,Sonoma,097,501317,65947,58181,1714,59895,418
2022-01-15,Stanislaus,099,539301,99906,92986,12832,105818,1379
2022-01-15,Sutter,101,95872,17514,16345,886,17231,197
2022-01-15,Tehama,103,63373,10247,9572,2049,11621,141
2022-01-15,Trinity,105,12862,1001,872,241,1113,19
2022-01-15,Tulare,107,460477,86071,77769,20725,98494,1192
2022-01-15,Tuolumne,109,53932,9990,9042,239,9281,91
2022-01-15,Ventura,111,848112,149688,134736,8145,142881,1227
2022-01-15,Yolo,113,214977,30453,27311,2189,29500,270
2022-01-15,Yuba,115,75493,13226,12200,685,12885,101
2022-01-14,Alameda,001,1643700,202147,177768,9215,186983,1561
2022-01-14,Alpine,003,1148,116,117,0,117,0
2022-01-14,Amador,005,37829,6867,6434,201,6635,72
2022-01-14,Butte,007,227075,27436,25032,5293,30325,348
2022-01-14,Calaveras,009,45235,5857,5258,135,5393,93
2022-01-14,Colusa,011,21464,2961,2796,867,3663,21
2022-01-14,Contra Costa,013,1133247,155039,137643,8448,146091,1082
2022-01-14,Del Norte,015,27424,4235,4065,86,4151,43
2022-01-14,El Dorado,017,186661,22856,20434,2489,22923,175
2022-01-14,Fresno,019,978130,182497,167361,17467,184828,2415
2022-01-14,Glenn,021,27897,4208,3906,1323,5229,39
2022-01-14,Humboldt,023,135768,13669,12419,1722,14141,123
2022-01-14,Imperial,025,180216,45984,42508,7142,49650,817
2022-01-14,Inyo,027,18085,3690,3395,137,3532,49
2022-01-14,Kern,029,883053,163753,150085,34661,184746,1938
2022-01-14,Kings,031,150075,40568,37221,2500,39721,391
2022-01-14,Lake,033,64148,8224,7641,463,8104,117
2022-01-14,Lassen,035,31185,7542,7274,586,7860,55
2022-01-14,Los Angeles,037,10098052,2318694,2047927,103047,2150974,27641
2022-01-14,Madera,039,155013,29590,27294,3384,30678,329
2022-01-14,Marin,041,260295,27819,25248,1597,26845,251
2022-01-14,Mariposa,043,17540,1952,1762,84,1846,6
2022-01-14,Mendocino,045,87422,10452,9534,1377,10911,102
2022-01-14,Merced,047,269075,53067,48904,4271,53175,715
2022-01-14,Modoc,049,8938,639,628,217,845,6
2022-01-14,Mono,051,14174,2724,2508,92,2600,4
2022-01-14,Monterey,053,433212,63417,55315,6924,62239,647
2022-01-14,Napa,055,140530,20564,17648,557,18205,109
2022-01-14,Nevada,057,99092,13135,11773,717,12490,111
2022-01-14,Orange,059,3164182,477604,433141,34257,467398,5914
2022-01-14,Placer,061,380077,52361,47780,5825,53605,501
2022-01-14,Plumas,063,18699,2370,2158,129,2287,12
2022-01-14,Riverside,065,2383286,511633,466381,23422,489803,5578
2022-01-14,Sacramento,067,1510023,231965,208156,15622,223778,2491
2022-01-14,San Benito,069,59416,10604,9868,332,10200,87
2022-01-14,San Bernardino,071,2135413,506592,454395,20596,474991,6233
2022-01-14,San Diego,073,3302833,620677,559385,40858,600243,4540
2022-01-14,San Francisco,075,870044,100158,88004,5990,93994,692
2022-01-14,San Joaquin,077,732212,138310,125136,7876,133012,1954
2022-01-14,San Luis Obispo,079,281455,42428,38231,2627,40858,374
2022-01-14,San Mateo,081,765935,98105,80494,4412,84906,582
2022-01-14,Santa Barbara,083,443738,68411,62312,3168,65480,579
2022-01-14,Santa Clara,085,1922200,244685,218986,7695,226681,1974
2022-01-14,Santa Cruz,087,273765,33080,29414,1650,31064,235
2022-01-14,Shasta,089,179085,25825,24482,4518,29000,445
2022-01-14,Sierra,091,2930,249,232,28,260,0
2022-01-14,Siskiyou,093,43540,3837,3661,1849,5510,62
2022-01-14,Solano,095,438530,65158,58061,3636,61697,389
2022-01-14,Sonoma,097,501317,65406,58181,1688,59869,418
2022-01-14,Stanislaus,099,539301,99300,92986,12724,105710,1379
2022-01-14,Sutter,101,95872,17388,16345,878,17223,197
2022-01-14,Tehama,103,63373,10194,9572,2037,11609,141
2022-01-14,Trinity,105,12862,996,872,239,1111,19
2022-01-14,Tulare,107,460477,85543,77769,20564,98333,1192
2022-01-14,Tuolumne,109,53932,9867,9042,235,9277,91
2022-01-14,Ventura,111,848112,148584,134736,8086,142822,1227
2022-01-14,Yolo,113,214977,30212,27311,2161,29472,270
2022-01-14,Yuba,115,75493,13123,12200,680,12880,101
2022-01-13,Alameda,001,1643700,197846,177768,8865,186633,1561
2022-01-13,Alpine,003,1148,115,117,0,117,0
2022-01-13,Amador,005,37829,6807,6434,180,6614,72
2022-01-13,Butte,007,227075,27130,25032,5178,30210,348
2022-01-13,Calaveras,009,45235,5767,5258,132,5390,93
2022-01-13,Colusa,011,21464,2933,2796,857,3653,21
2022-01-13,Contra Costa,013,1133247,152393,137643,7983,145626,1082
2022-01-13,Del Norte,015,27424,4199,4065,85,4150,43
2022-01-13,El Dorado,017,186661,22605,20434,2443,22877,175
2022-01-13,Fresno,019,978130,179677,167361,17077,184438,2415
2022-01-13,Glenn,021,27897,4161,3906,1297,5203,39
2022-01-13,Humboldt,023,135768,13517,12419,1660,14079,123
2022-01-13,Imperial,025,180216,45443,42508,6929,49437,817
2022-01-13,Inyo,027,18085,3634,3395,120,3515,49
2022-01-13,Kern,029,883053,162168,150085,34072,184157,1938
2022-01-13,Kings,031,150075,40087,37221,2456,39677,391
2022-01-13,Lake,033,64148,8124,7641,442,8083,117
2022-01-13,Lassen,035,31185,7508,7274,570,7844,55
2022-01-13,Los Angeles,037,10098052,2282224,2047927,101249,2149176,27641
2022-01-13,Madera,039,155013,29124,27294,3291,30585,329
2022-01-13,Marin,041,260295,27475,25248,1554,26802,251
2022-01-13,Mariposa,043,17540,1929,1762,81,1843,6
2022-01-13,Mendocino,045,87422,10361,9534,1309,10843,102
2022-01-13,Merced,047,269075,52409,48904,4009,52913,715
2022-01-13,Modoc,049,8938,636,628,217,845,6
2022-01-13,Mono,051,14174,2701,2508,89,2597,4
2022-01-13,Monterey,053,433212,62480,55315,6639,61954,647
2022-01-13,Napa,055,140530,20265,17648,547,18195,109
2022-01-13,Nevada,057,99092,12943,11773,687,12460,111
2022-01-13,Orange,059,3164182,471166,433141,33801,466942,5914
2022-01-13,Placer,061,380077,51732,47780,5710,53490,501
2022-01-13,Plumas,063,18699,2350,2158,119,2277,12
2022-01-13,Riverside,065,2383286,505334,466381,23095,489476,5578
2022-01-13,Sacramento,067,1510023,228873,208156,14838,222994,2491
2022-01-13,San Benito,069,59416,10500,9868,324,10192,87
2022-01-13,San Bernardino,071,2135413,500711,454395,20132,474527,6233
2022-01-13,San Diego,073,3302833,612161,559385,39983,599368,4540
2022-01-13,San Francisco,075,870044,98420,88004,5796,93800,692
2022-01-13,San Joaquin,077,732212,136241,125136,7726,132862,1954
2022-01-13,San Luis Obispo,079,281455,41825,38231,2522,40753,374
2022-01-13,San Mateo,081,765935,96324,80494,4176,84670,582
2022-01-13,Santa Barbara,083,443738,67414,62312,2992,65304,579
2022-01-13,Santa Clara,085,1922200,240432,218986,7365,226351,1974
2022-01-13,Santa Cruz,087,273765,32265,29414,1628,31042,235
2022-01-13,Shasta,089,179085,25616,24482,4446,28928,445
2022-01-13,Sierra,091,2930,248,232,28,260,0
2022-01-13,Siskiyou,093,43540,3815,3661,1809,5470,62
2022-01-13,Solano,095,438530,64026,58061,3525,61586,389
2022-01-13,Sonoma,097,501317,64341,58181,1632,59813,418
2022-01-13,Stanislaus,099,539301,98183,92986,12431,105417,1379
2022-01-13,Sutter,101,95872,17192,16345,814,17159,197
2022-01-13,Tehama,103,63373,10095,9572,1989,11561,141
2022-01-13,Trinity,105,12862,988,872,239,1111,19
2022-01-13,Tulare,107,460477,84262,77769,20275,98044,1192
2022-01-13,Tuolumne,109,53932,9725,9042,217,9259,91
2022-01-13,Ventura,111,848112,146802,134736,7992,142728,1227
2022-01-13,Yolo,113,214977,29796,27311,2117,29428,270
2022-01-13,Yuba,115,75493,12988,12200,651,12851,101
2022-01-12,Alameda,001,1643700,193244,173001,8410,181411,1563
2022-01-12,Alpine,003,1148,115,117,0,117,0
2022-01-12,Amador,005,37829,6759,6354,166,6520,71
2022-01-12,Butte,007,227075,26803,24631,5087,29718,348
2022-01-12,Calaveras,009,45235,5690,5151,126,5277,93
2022-01-12,Colusa,011,21464,2895,2772,844,3616,21
2022-01-12,Contra Costa,013,1133247,149707,134579,7607,142186,1077
2022-01-12,Del Norte,015,27424,4173,4019,83,4102,43
2022-01-12,El Dorado,017,186661,22285,20092,2402,22494,175
2022-01-12,Fresno,019,978130,176938,165316,16658,181974,2413
2022-01-12,Glenn,021,27897,4109,3859,1275,5134,39
2022-01-12,Humboldt,023,135768,13344,12081,1578,13659,122
2022-01-12,Imperial,025,180216,44788,41985,6630,48615,814
2022-01-12,Inyo,027,18085,3588,3334,104,3438,49
2022-01-12,Kern,029,883053,160029,148435,33350,181785,1933
2022-01-12,Kings,031,150075,39457,36780,2414,39194,391
2022-01-12,Lake,033,64148,8008,7535,398,7933,117
2022-01-12,Lassen,035,31185,7466,7223,543,7766,55
2022-01-12,Los Angeles,037,10098052,2242483,2005065,99012,2104077,27601
2022-01-12,Madera,039,155013,28810,26952,3192,30144,329
2022-01-12,Marin,041,260295,26984,24704,1503,26207,251
2022-01-12,Mariposa,043,17540,1900,1725,79,1804,6
2022-01-12,Mendocino,045,87422,10197,9379,1211,10590,103
2022-01-12,Merced,047,269075,51710,48441,3736,52177,710
2022-01-12,Modoc,049,8938,634,627,217,844,6
2022-01-12,Mono,051,14174,2665,2466,85,2551,4
2022-01-12,Monterey,053,433212,61494,54524,6278,60802,647
2022-01-12,Napa,055,140530,20005,17347,524,17871,109
2022-01-12,Nevada,057,99092,12728,11552,641,12193,111
2022-01-12,Orange,059,3164182,464399,425737,33217,458954,5912
2022-01-12,Placer,061,380077,51072,47004,5595,52599,501
2022-01-12,Plumas,063,18699,2311,2135,108,2243,12
2022-01-12,Riverside,065,2383286,498108,458881,22755,481636,5565
2022-01-12,Sacramento,067,1510023,225299,204696,13962,218658,2479
2022-01-12,San Benito,069,59416,10369,9737,312,10049,87
2022-01-12,San Bernardino,071,2135413,494188,447869,19510,467379,6222
2022-01-12,San Diego,073,3302833,601657,551669,39125,590794,4529
2022-01-12,San Francisco,075,870044,96586,85700,5683,91383,691
2022-01-12,San Joaquin,077,732212,133954,122850,7599,130449,1948
2022-01-12,San Luis Obispo,079,281455,41099,37727,2439,40166,373
2022-01-12,San Mateo,081,765935,94290,78476,3802,82278,582
2022-01-12,Santa Barbara,083,443738,66271,60815,2890,63705,578
2022-01-12,Santa Clara,085,1922200,235936,213177,6986,220163,1971
2022-01-12,Santa Cruz,087,273765,31611,28463,1580,30043,235
2022-01-12,Shasta,089,179085,25404,24324,4381,28705,446
2022-01-12,Sierra,091,2930,247,228,28,256,0
2022-01-12,Siskiyou,093,43540,3787,3639,1762,5401,62
2022-01-12,Solano,095,438530,62976,57052,3404,60456,386
2022-01-12,Sonoma,097,501317,63057,56394,1549,57943,417
2022-01-12,Stanislaus,099,539301,96951,91738,12086,103824,1373
2022-01-12,Sutter,101,95872,16997,16135,781,16916,197
2022-01-12,Tehama,103,63373,10007,9475,1928,11403,141
2022-01-12,Trinity,105,12862,984,868,238,1106,19
2022-01-12,Tulare,107,460477,83146,76943,19896,96839,1192
2022-01-12,Tuolumne,109,53932,9596,8870,200,9070,91
2022-01-12,Ventura,111,848112,144895,132180,7906,140086,1220
2022-01-12,Yolo,113,214977,29381,26888,2044,28932,270
2022-01-12,Yuba,115,75493,12828,12015,624,12639,101
2022-01-11,Alameda,001,1643700,188747,169181,8011,177192,1561
2022-01-11,Alpine,003,1148,115,116,0,116,0
2022-01-11,Amador,005,37829,6675,6317,151,6468,71
2022-01-11,Butte,007,227075,26408,24479,4993,29472,347
2022-01-11,Calaveras,009,45235,5561,5083,112,5195,93
2022-01-11,Colusa,011,21464,2869,2766,831,3597,21
2022-01-11,Contra Costa,013,1133247,146572,132410,7113,139523,1077
2022-01-11,Del Norte,015,27424,4140,4006,81,4087,43
2022-01-11,El Dorado,017,186661,21950,19842,2329,22171,174
2022-01-11,Fresno,019,978130,173887,163509,16277,179786,2404
2022-01-11,Glenn,021,27897,4047,3844,1231,5075,39
2022-01-11,Humboldt,023,135768,13125,11960,1485,13445,122
2022-01-11,Imperial,025,180216,44183,41444,6431,47875,813
2022-01-11,Inyo,027,18085,3490,3278,97,3375,49
2022-01-11,Kern,029,883053,157747,146942,32528,179470,1929
2022-01-11,Kings,031,150075,38869,36524,2383,38907,389
2022-01-11,Lake,033,64148,7930,7494,382,7876,117
2022-01-11,Lassen,035,31185,7416,7210,529,7739,55
2022-01-11,Los Angeles,037,10098052,2200027,1966319,96774,2063093,27563
2022-01-11,Madera,039,155013,28395,26688,3113,29801,329
2022-01-11,Marin,041,260295,26627,24387,1458,25845,251
2022-01-11,Mariposa,043,17540,1878,1718,75,1793,6
2022-01-11,Mendocino,045,87422,10036,9301,1113,10414,102
2022-01-11,Merced,047,269075,50929,48068,3555,51623,708
2022-01-11,Modoc,049,8938,633,626,216,842,6
2022-01-11,Mono,051,14174,2622,2425,84,2509,4
2022-01-11,Monterey,053,433212,60451,53911,5930,59841,646
2022-01-11,Napa,055,140530,19563,17020,477,17497,109
2022-01-11,Nevada,057,99092,12502,11467,606,12073,110
2022-01-11,Orange,059,3164182,456734,417703,32587,450290,5909
2022-01-11,Placer,061,380077,50317,46459,5451,51910,500
2022-01-11,Plumas,063,18699,2276,2099,100,2199,12
2022-01-11,Riverside,065,2383286,490376,453766,22441,476207,5551
2022-01-11,Sacramento,067,1510023,221118,201058,12938,213996,2489
2022-01-11,San Benito,069,59416,10233,9624,299,9923,83
2022-01-11,San Bernardino,071,2135413,486220,442960,18902,461862,6198
2022-01-11,San Diego,073,3302833,589654,536954,38015,574969,4520
2022-01-11,San Francisco,075,870044,94385,83678,5525,89203,691
2022-01-11,San Joaquin,077,732212,131573,121139,7433,128572,1944
2022-01-11,San Luis Obispo,079,281455,40324,37183,2320,39503,372
2022-01-11,San Mateo,081,765935,91998,76756,3580,80336,582
2022-01-11,Santa Barbara,083,443738,64966,59758,2753,62511,578
2022-01-11,Santa Clara,085,1922200,230545,208425,6535,214960,1971
2022-01-11,Santa Cruz,087,273765,31103,27709,1530,29239,232
2022-01-11,Shasta,089,179085,25146,24132,4288,28420,446
2022-01-11,Sierra,091,2930,245,228,28,256,0
2022-01-11,Siskiyou,093,43540,3763,3621,1712,5333,62
2022-01-11,Solano,095,438530,61573,56349,3250,59599,388
2022-01-11,Sonoma,097,501317,61540,55411,1469,56880,416
2022-01-11,Stanislaus,099,539301,95584,90998,11713,102711,1372
2022-01-11,Sutter,101,95872,16797,15993,727,16720,197
2022-01-11,Tehama,103,63373,9880,9406,1880,11286,140
2022-01-11,Trinity,105,12862,972,858,236,1094,19
2022-01-11,Tulare,107,460477,81841,76267,19496,95763,1188
2022-01-11,Tuolumne,109,53932,9437,8811,193,9004,91
2022-01-11,Ventura,111,848112,142666,129548,7760,137308,1220
2022-01-11,Yolo,113,214977,28803,26482,1983,28465,270
2022-01-11,Yuba,115,75493,12654,11912,603,12515,101
2022-01-10,Alameda,001,1643700,183609,165657,7490,173147,1559
2022-01-10,Alpine,003,1148,115,116,0,116,0
2022-01-10,Amador,005,37829,6572,6279,136,6415,71
2022-01-10,Butte,007,227075,26067,24217,4897,29114,347
2022-01-10,Calaveras,009,45235,5463,5025,106,5131,93
2022-01-10,Colusa,011,21464,2839,2758,822,3580,21
2022-01-10,Contra Costa,013,1133247,143696,129951,6591,136542,1077
2022-01-10,Del Norte,015,27424,4117,3970,81,4051,43
2022-01-10,El Dorado,017,186661,21390,19606,2274,21880,172
2022-01-10,Fresno,019,978130,170844,161593,15855,177448,2404
2022-01-10,Glenn,021,27897,3988,3807,1217,5024,39
2022-01-10,Humboldt,023,135768,12883,11778,1352,13130,121
2022-01-10,Imperial,025,180216,43457,41080,6214,47294,811
2022-01-10,Inyo,027,18085,3435,3227,85,3312,49
2022-01-10,Kern,029,883053,155175,145744,31785,177529,1929
2022-01-10,Kings,031,150075,38250,36286,2357,38643,389
2022-01-10,Lake,033,64148,7841,7416,358,7774,117
2022-01-10,Lassen,035,31185,7378,7192,507,7699,55
2022-01-10,Los Angeles,037,10098052,2154491,1932475,94265,2026740,27546
2022-01-10,Madera,039,155013,27947,26501,3011,29512,328
2022-01-10,Marin,041,260295,26137,24023,1385,25408,251
2022-01-10,Mariposa,043,17540,1838,1684,70,1754,6
2022-01-10,Mendocino,045,87422,9863,9163,1026,10189,101
2022-01-10,Merced,047,269075,50097,47632,3271,50903,707
2022-01-10,Modoc,049,8938,632,622,214,836,6
2022-01-10,Mono,051,14174,2556,2415,79,2494,4
2022-01-10,Monterey,053,433212,59496,53485,5616,59101,645
2022-01-10,Napa,055,140530,19185,16775,463,17238,109
2022-01-10,Nevada,057,99092,12278,11300,568,11868,110
2022-01-10,Orange,059,3164182,448048,406170,31743,437913,5906
2022-01-10,Placer,061,380077,49470,45642,5289,50931,498
2022-01-10,Plumas,063,18699,2241,2086,98,2184,12
2022-01-10,Riverside,065,2383286,482125,445536,21992,467528,5546
2022-01-10,Sacramento,067,1510023,216612,198023,11895,209918,2474
2022-01-10,San Benito,069,59416,10062,9467,289,9756,83
2022-01-10,San Bernardino,071,2135413,477745,437207,18175,455382,6184
2022-01-10,San Diego,073,3302833,576959,530506,36877,567383,4500
2022-01-10,San Francisco,075,870044,92594,82209,5266,87475,690
2022-01-10,San Joaquin,077,732212,128903,119587,7149,126736,1927
2022-01-10,San Luis Obispo,079,281455,39508,36618,2225,38843,371
2022-01-10,San Mateo,081,765935,89350,75210,3324,78534,582
2022-01-10,Santa Barbara,083,443738,63705,58957,2564,61521,578
2022-01-10,Santa Clara,085,1922200,224761,203540,6056,209596,1971
2022-01-10,Santa Cruz,087,273765,30264,26906,1492,28398,232
2022-01-10,Shasta,089,179085,24949,23983,4211,28194,446
2022-01-10,Sierra,091,2930,242,223,28,251,0
2022-01-10,Siskiyou,093,43540,3730,3592,1668,5260,62
2022-01-10,Solano,095,438530,60532,55663,3053,58716,385
2022-01-10,Sonoma,097,501317,59993,54478,1423,55901,412
2022-01-10,Stanislaus,099,539301,94248,89997,11362,101359,1372
2022-01-10,Sutter,101,95872,16553,15823,681,16504,196
2022-01-10,Tehama,103,63373,9766,9360,1825,11185,140
2022-01-10,Trinity,105,12862,968,849,234,1083,19
2022-01-10,Tulare,107,460477,80350,75498,19112,94610,1186
2022-01-10,Tuolumne,109,53932,9311,8685,181,8866,91
2022-01-10,Ventura,111,848112,140063,126240,7610,133850,1217
2022-01-10,Yolo,113,214977,28207,26065,1930,27995,270
2022-01-10,Yuba,115,75493,12406,11776,569,12345,101
2022-01-09,Alameda,001,1643700,179091,162701,6820,169521,1561
2022-01-09,Alpine,003,1148,115,116,0,116,0
2022-01-09,Amador,005,37829,6484,6215,124,6339,71
2022-01-09,Butte,007,227075,25675,24018,4779,28797,347
2022-01-09,Calaveras,009,45235,5333,4976,97,5073,93
2022-01-09,Colusa,011,21464,2811,2750,799,3549,21
2022-01-09,Contra Costa,013,1133247,140694,128050,5924,133974,1077
2022-01-09,Del Norte,015,27424,4078,3950,77,4027,43
2022-01-09,El Dorado,017,186661,21021,19430,2208,21638,172
2022-01-09,Fresno,019,978130,168259,159989,15458,175447,2405
2022-01-09,Glenn,021,27897,3931,3797,1196,4993,39
2022-01-09,Humboldt,023,135768,12638,11582,1230,12812,121
2022-01-09,Imperial,025,180216,42622,40608,5954,46562,811
2022-01-09,Inyo,027,18085,3332,3149,76,3225,49
2022-01-09,Kern,029,883053,152722,144819,31046,175865,1927
2022-01-09,Kings,031,150075,37573,36041,2321,38362,389
2022-01-09,Lake,033,64148,7730,7393,314,7707,117
2022-01-09,Lassen,035,31185,7314,7172,478,7650,55
2022-01-09,Los Angeles,037,10098052,2106462,1887830,91202,1979032,27532
2022-01-09,Madera,039,155013,27567,26325,2914,29239,328
2022-01-09,Marin,041,260295,25688,23708,1295,25003,251
2022-01-09,Mariposa,043,17540,1788,1660,69,1729,6
2022-01-09,Mendocino,045,87422,9655,9097,914,10011,101
2022-01-09,Merced,047,269075,49217,47294,2999,50293,706
2022-01-09,Modoc,049,8938,630,619,214,833,6
2022-01-09,Mono,051,14174,2521,2390,72,2462,4
2022-01-09,Monterey,053,433212,58435,53251,5348,58599,645
2022-01-09,Napa,055,140530,18690,16614,447,17061,109
2022-01-09,Nevada,057,99092,12025,11152,507,11659,110
2022-01-09,Orange,059,3164182,438052,400563,30793,431356,5905
2022-01-09,Placer,061,380077,48475,45081,5139,50220,498
2022-01-09,Plumas,063,18699,2202,2081,78,2159,12
2022-01-09,Riverside,065,2383286,473139,440413,21451,461864,5546
2022-01-09,Sacramento,067,1510023,211819,195444,10780,206224,2475
2022-01-09,San Benito,069,59416,9876,9363,261,9624,83
2022-01-09,San Bernardino,071,2135413,469241,430257,17357,447614,6180
2022-01-09,San Diego,073,3302833,563842,478206,35022,513228,4500
2022-01-09,San Francisco,075,870044,90728,80463,5020,85483,690
2022-01-09,San Joaquin,077,732212,125825,118422,6981,125403,1927
2022-01-09,San Luis Obispo,079,281455,38703,36291,2119,38410,371
2022-01-09,San Mateo,081,765935,86838,73867,2998,76865,582
2022-01-09,Santa Barbara,083,443738,62020,58280,2302,60582,578
2022-01-09,Santa Clara,085,1922200,218712,199889,5521,205410,1976
2022-01-09,Santa Cruz,087,273765,29514,26513,1460,27973,232
2022-01-09,Shasta,089,179085,24709,23926,4124,28050,446
2022-01-09,Sierra,091,2930,239,223,26,249,0
2022-01-09,Siskiyou,093,43540,3701,3580,1609,5189,62
2022-01-09,Solano,095,438530,59377,54985,2772,57757,384
2022-01-09,Sonoma,097,501317,58318,53543,1386,54929,412
2022-01-09,Stanislaus,099,539301,92878,89248,11066,100314,1372
2022-01-09,Sutter,101,95872,16265,15695,601,16296,196
2022-01-09,Tehama,103,63373,9649,9306,1774,11080,140
2022-01-09,Trinity,105,12862,964,848,232,1080,19
2022-01-09,Tulare,107,460477,78943,75085,18742,93827,1186
2022-01-09,Tuolumne,109,53932,9153,8595,162,8757,91
2022-01-09,Ventura,111,848112,137012,124269,7367,131636,1217
2022-01-09,Yolo,113,214977,27599,25632,1885,27517,270
2022-01-09,Yuba,115,75493,12208,11666,538,12204,101
2022-01-08,Alameda,001,1643700,177187,148560,6679,155239,1558
2022-01-08,Alpine,003,1148,115,114,0,114,0
2022-01-08,Amador,005,37829,6453,6091,119,6210,71
2022-01-08,Butte,007,227075,25484,23429,4739,28168,347
2022-01-08,Calaveras,009,45235,5287,4823,93,4916,93
2022-01-08,Colusa,011,21464,2803,2713,796,3509,21
2022-01-08,Contra Costa,013,1133247,139133,119907,5841,125748,1077
2022-01-08,Del Norte,015,27424,4061,3902,77,3979,43
2022-01-08,El Dorado,017,186661,20836,18599,2174,20773,172
2022-01-08,Fresno,019,978130,167369,155394,15322,170716,2393
2022-01-08,Glenn,021,27897,3923,3732,1191,4923,39
2022-01-08,Humboldt,023,135768,12514,11149,1204,12353,121
2022-01-08,Imperial,025,180216,42434,39429,5812,45241,800
2022-01-08,Inyo,027,18085,3318,3020,73,3093,49
2022-01-08,Kern,029,883053,151585,140410,30616,171026,1921
2022-01-08,Kings,031,150075,37332,35275,2304,37579,390
2022-01-08,Lake,033,64148,7690,7209,306,7515,117
2022-01-08,Lassen,035,31185,7284,7127,462,7589,55
2022-01-08,Los Angeles,037,10098052,2088066,1765787,89473,1855260,27476
2022-01-08,Madera,039,155013,27400,25767,2876,28643,328
2022-01-08,Marin,041,260295,25403,22377,1284,23661,251
2022-01-08,Mariposa,043,17540,1778,1588,69,1657,6
2022-01-08,Mendocino,045,87422,9581,8792,912,9704,101
2022-01-08,Merced,047,269075,49039,46094,2975,49069,703
2022-01-08,Modoc,049,8938,630,610,214,824,6
2022-01-08,Mono,051,14174,2510,2240,67,2307,4
2022-01-08,Monterey,053,433212,58049,51721,5255,56976,644
2022-01-08,Napa,055,140530,18536,15819,421,16240,109
2022-01-08,Nevada,057,99092,11940,10765,494,11259,110
2022-01-08,Orange,059,3164182,434262,375124,29946,405070,5903
2022-01-08,Placer,061,380077,48032,43172,5097,48269,495
2022-01-08,Plumas,063,18699,2192,2053,73,2126,12
2022-01-08,Riverside,065,2383286,469618,422591,21183,443774,5535
2022-01-08,Sacramento,067,1510023,210382,185118,10623,195741,2470
2022-01-08,San Benito,069,59416,9715,9016,258,9274,83
2022-01-08,San Bernardino,071,2135413,465758,411724,16957,428681,6122
2022-01-08,San Diego,073,3302833,558941,472273,34479,506752,4495
2022-01-08,San Francisco,075,870044,89533,73660,4741,78401,690
2022-01-08,San Joaquin,077,732212,124857,112514,6882,119396,1916
2022-01-08,San Luis Obispo,079,281455,38500,34489,2076,36565,369
2022-01-08,San Mateo,081,765935,85454,67918,2911,70829,582
2022-01-08,Santa Barbara,083,443738,61325,54617,2268,56885,575
2022-01-08,Santa Clara,085,1922200,215673,183842,5313,189155,1966
2022-01-08,Santa Cruz,087,273765,29087,24678,1440,26118,230
2022-01-08,Shasta,089,179085,24618,23585,4093,27678,445
2022-01-08,Sierra,091,2930,235,215,25,240,0
2022-01-08,Siskiyou,093,43540,3689,3545,1595,5140,62
2022-01-08,Solano,095,438530,58969,52452,2700,55152,383
2022-01-08,Sonoma,097,501317,57795,50130,1352,51482,411
2022-01-08,Stanislaus,099,539301,92238,87049,10943,97992,1372
2022-01-08,Sutter,101,95872,16146,15261,588,15849,195
2022-01-08,Tehama,103,63373,9618,9109,1766,10875,140
2022-01-08,Trinity,105,12862,958,836,232,1068,19
2022-01-08,Tulare,107,460477,78547,73600,18608,92208,1185
2022-01-08,Tuolumne,109,53932,9047,8360,159,8519,91
2022-01-08,Ventura,111,848112,135844,117229,7233,124462,1216
2022-01-08,Yolo,113,214977,27305,24006,1857,25863,270
2022-01-08,Yuba,115,75493,12121,11277,535,11812,101
2022-01-07,Alameda,001,1643700,174504,148560,6564,155124,1558
2022-01-07,Alpine,003,1148,115,114,0,114,0
2022-01-07,Amador,005,37829,6404,6091,116,6207,71
2022-01-07,Butte,007,227075,25278,23429,4705,28134,347
2022-01-07,Calaveras,009,45235,5248,4823,93,4916,93
2022-01-07,Colusa,011,21464,2794,2713,785,3498,21
2022-01-07,Contra Costa,013,1133247,137193,119907,5717,125624,1077
2022-01-07,Del Norte,015,27424,4045,3902,76,3978,43
2022-01-07,El Dorado,017,186661,20667,18599,2161,20760,172
2022-01-07,Fresno,019,978130,166008,155394,15222,170616,2393
2022-01-07,Glenn,021,27897,3903,3732,1188,4920,39
2022-01-07,Humboldt,023,135768,12370,11149,1177,12326,121
2022-01-07,Imperial,025,180216,42276,39429,5729,45158,800
2022-01-07,Inyo,027,18085,3299,3020,71,3091,49
2022-01-07,Kern,029,883053,150614,140410,30174,170584,1921
2022-01-07,Kings,031,150075,37151,35275,2290,37565,390
2022-01-07,Lake,033,64148,7642,7209,281,7490,117
2022-01-07,Lassen,035,31185,7268,7127,459,7586,55
2022-01-07,Los Angeles,037,10098052,2056890,1765787,88012,1853799,27476
2022-01-07,Madera,039,155013,27218,25767,2839,28606,328
2022-01-07,Marin,041,260295,25022,22377,1266,23643,251
2022-01-07,Mariposa,043,17540,1762,1588,69,1657,6
2022-01-07,Mendocino,045,87422,9488,8792,911,9703,101
2022-01-07,Merced,047,269075,48866,46094,2951,49045,703
2022-01-07,Modoc,049,8938,629,610,214,824,6
2022-01-07,Mono,051,14174,2472,2240,61,2301,4
2022-01-07,Monterey,053,433212,57629,51721,5160,56881,644
2022-01-07,Napa,055,140530,18309,15819,400,16219,109
2022-01-07,Nevada,057,99092,11810,10765,473,11238,110
2022-01-07,Orange,059,3164182,429453,375124,29327,404451,5903
2022-01-07,Placer,061,380077,47527,43172,5047,48219,495
2022-01-07,Plumas,063,18699,2183,2053,72,2125,12
2022-01-07,Riverside,065,2383286,465790,422591,20954,443545,5535
2022-01-07,Sacramento,067,1510023,208116,185118,10470,195588,2470
2022-01-07,San Benito,069,59416,9670,9016,257,9273,83
2022-01-07,San Bernardino,071,2135413,461665,411724,16728,428452,6122
2022-01-07,San Diego,073,3302833,551829,472273,33931,506204,4495
2022-01-07,San Francisco,075,870044,88091,73660,4483,78143,690
2022-01-07,San Joaquin,077,732212,123904,112514,6821,119335,1916
2022-01-07,San Luis Obispo,079,281455,38285,34489,2021,36510,369
2022-01-07,San Mateo,081,765935,83988,67918,2852,70770,582
2022-01-07,Santa Barbara,083,443738,60630,54617,2247,56864,575
2022-01-07,Santa Clara,085,1922200,212428,183842,5204,189046,1966
2022-01-07,Santa Cruz,087,273765,28607,24678,1424,26102,230
2022-01-07,Shasta,089,179085,24519,23585,4059,27644,445
2022-01-07,Sierra,091,2930,232,215,25,240,0
2022-01-07,Siskiyou,093,43540,3678,3545,1583,5128,62
2022-01-07,Solano,095,438530,58286,52452,2655,55107,383
2022-01-07,Sonoma,097,501317,57193,50130,1267,51397,411
2022-01-07,Stanislaus,099,539301,91710,87049,10842,97891,1372
2022-01-07,Sutter,101,95872,15996,15261,575,15836,195
2022-01-07,Tehama,103,63373,9582,9109,1753,10862,140
2022-01-07,Trinity,105,12862,951,836,231,1067,19
2022-01-07,Tulare,107,460477,78121,73600,18468,92068,1185
2022-01-07,Tuolumne,109,53932,8959,8360,155,8515,91
2022-01-07,Ventura,111,848112,134218,117229,7098,124327,1216
2022-01-07,Yolo,113,214977,26930,24006,1838,25844,270
2022-01-07,Yuba,115,75493,12015,11277,530,11807,101
2022-01-06,Alameda,001,1643700,169242,148560,6159,154719,1558
2022-01-06,Alpine,003,1148,114,114,0,114,0
2022-01-06,Amador,005,37829,6353,6091,111,6202,71
2022-01-06,Butte,007,227075,24984,23429,4621,28050,347
2022-01-06,Calaveras,009,45235,5131,4823,91,4914,93
2022-01-06,Colusa,011,21464,2775,2713,777,3490,21
2022-01-06,Contra Costa,013,1133247,134110,119907,5295,125202,1077
2022-01-06,Del Norte,015,27424,4011,3902,74,3976,43
2022-01-06,El Dorado,017,186661,20330,18599,2124,20723,172
2022-01-06,Fresno,019,978130,163877,155394,14963,170357,2393
2022-01-06,Glenn,021,27897,3876,3732,1162,4894,39
2022-01-06,Humboldt,023,135768,12143,11149,1136,12285,121
2022-01-06,Imperial,025,180216,41692,39429,5529,44958,800
2022-01-06,Inyo,027,18085,3261,3020,71,3091,49
2022-01-06,Kern,029,883053,148946,140410,29508,169918,1921
2022-01-06,Kings,031,150075,36826,35275,2265,37540,390
2022-01-06,Lake,033,64148,7568,7209,270,7479,117
2022-01-06,Lassen,035,31185,7245,7127,453,7580,55
2022-01-06,Los Angeles,037,10098052,2002735,1765787,85665,1851452,27476
2022-01-06,Madera,039,155013,26913,25767,2781,28548,328
2022-01-06,Marin,041,260295,24619,22377,1233,23610,251
2022-01-06,Mariposa,043,17540,1743,1588,69,1657,6
2022-01-06,Mendocino,045,87422,9391,8792,872,9664,101
2022-01-06,Merced,047,269075,48306,46094,2805,48899,703
2022-01-06,Modoc,049,8938,628,610,214,824,6
2022-01-06,Mono,051,14174,2449,2240,58,2298,4
2022-01-06,Monterey,053,433212,56906,51721,4909,56630,644
2022-01-06,Napa,055,140530,17912,15819,391,16210,109
2022-01-06,Nevada,057,99092,11612,10765,461,11226,110
2022-01-06,Orange,059,3164182,420003,375124,28588,403712,5903
2022-01-06,Placer,061,380077,46788,43172,4959,48131,495
2022-01-06,Plumas,063,18699,2165,2053,64,2117,12
2022-01-06,Riverside,065,2383286,458321,422591,20667,443258,5535
2022-01-06,Sacramento,067,1510023,204063,185118,9734,194852,2470
2022-01-06,San Benito,069,59416,9569,9016,250,9266,83
2022-01-06,San Bernardino,071,2135413,453992,411724,16239,427963,6122
2022-01-06,San Diego,073,3302833,540193,472273,32929,505202,4495
2022-01-06,San Francisco,075,870044,85763,73660,4229,77889,690
2022-01-06,San Joaquin,077,732212,121733,112514,6734,119248,1916
2022-01-06,San Luis Obispo,079,281455,37586,34489,1951,36440,369
2022-01-06,San Mateo,081,765935,81565,67918,2672,70590,582
2022-01-06,Santa Barbara,083,443738,59462,54617,2188,56805,575
2022-01-06,Santa Clara,085,1922200,207526,183842,4818,188660,1966
2022-01-06,Santa Cruz,087,273765,28047,24678,1400,26078,230
2022-01-06,Shasta,089,179085,24372,23585,4009,27594,445
2022-01-06,Sierra,091,2930,229,215,25,240,0
2022-01-06,Siskiyou,093,43540,3662,3545,1537,5082,62
2022-01-06,Solano,095,438530,57274,52452,2470,54922,383
2022-01-06,Sonoma,097,501317,55801,50130,1234,51364,411
2022-01-06,Stanislaus,099,539301,90559,87049,10672,97721,1372
2022-01-06,Sutter,101,95872,15819,15261,547,15808,195
2022-01-06,Tehama,103,63373,9504,9109,1726,10835,140
2022-01-06,Trinity,105,12862,944,836,230,1066,19
2022-01-06,Tulare,107,460477,77417,73600,18299,91899,1185
2022-01-06,Tuolumne,109,53932,8847,8360,149,8509,91
2022-01-06,Ventura,111,848112,131533,117229,6938,124167,1216
2022-01-06,Yolo,113,214977,26370,24006,1794,25800,270
2022-01-06,Yuba,115,75493,11880,11277,513,11790,101
2022-01-05,Alameda,001,1643700,164206,144824,5747,150571,1548
2022-01-05,Alpine,003,1148,114,112,0,112,0
2022-01-05,Amador,005,37829,6310,6012,108,6120,70
2022-01-05,Butte,007,227075,24671,23134,4560,27694,343
2022-01-05,Calaveras,009,45235,5076,4758,89,4847,90
2022-01-05,Colusa,011,21464,2762,2704,766,3470,21
2022-01-05,Contra Costa,013,1133247,130892,117188,4842,122030,1071
2022-01-05,Del Norte,015,27424,3991,3862,72,3934,43
2022-01-05,El Dorado,017,186661,19941,18367,2094,20461,171
2022-01-05,Fresno,019,978130,161858,153033,14695,167728,2377
2022-01-05,Glenn,021,27897,3827,3700,1152,4852,39
2022-01-05,Humboldt,023,135768,11939,10938,1088,12026,120
2022-01-05,Imperial,025,180216,41065,38789,5376,44165,800
2022-01-05,Inyo,027,18085,3179,2939,67,3006,49
2022-01-05,Kern,029,883053,147165,138186,28938,167124,1913
2022-01-05,Kings,031,150075,36483,34893,2246,37139,387
2022-01-05,Lake,033,64148,7485,7129,254,7383,117
2022-01-05,Lassen,035,31185,7225,7077,445,7522,55
2022-01-05,Los Angeles,037,10098052,1946440,1729640,83286,1812926,27443
2022-01-05,Madera,039,155013,26673,25392,2689,28081,327
2022-01-05,Marin,041,260295,24273,21829,1184,23013,251
2022-01-05,Mariposa,043,17540,1717,1564,68,1632,6
2022-01-05,Mendocino,045,87422,9260,8625,837,9462,101
2022-01-05,Merced,047,269075,47638,45721,2670,48391,700
2022-01-05,Modoc,049,8938,625,603,214,817,6
2022-01-05,Mono,051,14174,2430,2201,54,2255,4
2022-01-05,Monterey,053,433212,56082,51241,4711,55952,639
2022-01-05,Napa,055,140530,17549,15494,361,15855,108
2022-01-05,Nevada,057,99092,11416,10624,444,11068,110
2022-01-05,Orange,059,3164182,409960,366139,27534,393673,5869
2022-01-05,Placer,061,380077,45904,42456,4866,47322,492
2022-01-05,Plumas,063,18699,2145,2020,62,2082,12
2022-01-05,Riverside,065,2383286,450870,415253,20316,435569,5502
2022-01-05,Sacramento,067,1510023,199289,181488,8786,190274,2455
2022-01-05,San Benito,069,59416,9375,8829,238,9067,83
2022-01-05,San Bernardino,071,2135413,445241,405323,15680,421003,6085
2022-01-05,San Diego,073,3302833,526609,466602,31948,498550,4495
2022-01-05,San Francisco,075,870044,83188,71405,4091,75496,686
2022-01-05,San Joaquin,077,732212,119200,110497,6654,117151,1903
2022-01-05,San Luis Obispo,079,281455,36789,34066,1874,35940,369
2022-01-05,San Mateo,081,765935,79391,66018,2474,68492,578
2022-01-05,Santa Barbara,083,443738,58157,53082,2109,55191,570
2022-01-05,Santa Clara,085,1922200,201761,178629,4401,183030,1961
2022-01-05,Santa Cruz,087,273765,27292,24394,1379,25773,229
2022-01-05,Shasta,089,179085,24216,23361,3980,27341,441
2022-01-05,Sierra,091,2930,226,210,23,233,0
2022-01-05,Siskiyou,093,43540,3652,3513,1508,5021,60
2022-01-05,Solano,095,438530,56228,51505,2335,53840,380
2022-01-05,Sonoma,097,501317,54537,49120,1077,50197,412
2022-01-05,Stanislaus,099,539301,89568,86248,10499,96747,1360
2022-01-05,Sutter,101,95872,15617,15117,508,15625,193
2022-01-05,Tehama,103,63373,9407,9011,1695,10706,140
2022-01-05,Trinity,105,12862,940,822,228,1050,19
2022-01-05,Tulare,107,460477,76639,72718,18125,90843,1173
2022-01-05,Tuolumne,109,53932,8755,8223,142,8365,90
2022-01-05,Ventura,111,848112,128785,114752,6730,121482,1211
2022-01-05,Yolo,113,214977,25758,23401,1755,25156,269
2022-01-05,Yuba,115,75493,11697,11138,487,11625,100
2022-01-04,Alameda,001,1643700,158719,143360,5337,148697,1532
2022-01-04,Alpine,003,1148,114,113,0,113,0
2022-01-04,Amador,005,37829,6243,6025,102,6127,71
2022-01-04,Butte,007,227075,24370,23094,4489,27583,346
2022-01-04,Calaveras,009,45235,5002,4767,86,4853,93
2022-01-04,Colusa,011,21464,2745,2689,760,3449,21
2022-01-04,Contra Costa,013,1133247,127593,116005,4472,120477,1075
2022-01-04,Del Norte,015,27424,3959,3882,69,3951,43
2022-01-04,El Dorado,017,186661,19581,18339,2073,20412,172
2022-01-04,Fresno,019,978130,159710,153244,14451,167695,2380
2022-01-04,Glenn,021,27897,3797,3705,1137,4842,39
2022-01-04,Humboldt,023,135768,11692,10865,1038,11903,120
2022-01-04,Imperial,025,180216,40464,38596,5115,43711,800
2022-01-04,Inyo,027,18085,3096,2870,66,2936,49
2022-01-04,Kern,029,883053,145237,138245,28358,166603,1916
2022-01-04,Kings,031,150075,36159,34931,2229,37160,388
2022-01-04,Lake,033,64148,7444,7152,245,7397,117
2022-01-04,Lassen,035,31185,7202,7111,441,7552,55
2022-01-04,Los Angeles,037,10098052,1886488,1705253,80952,1786205,27419
2022-01-04,Madera,039,155013,26330,25425,2618,28043,328
2022-01-04,Marin,041,260295,23792,21675,1125,22800,251
2022-01-04,Mariposa,043,17540,1681,1564,67,1631,6
2022-01-04,Mendocino,045,87422,9137,8636,813,9449,101
2022-01-04,Merced,047,269075,47017,45583,2541,48124,700
2022-01-04,Modoc,049,8938,622,611,214,825,6
2022-01-04,Mono,051,14174,2381,2190,44,2234,4
2022-01-04,Monterey,053,433212,55350,51176,4487,55663,643
2022-01-04,Napa,055,140530,17045,15370,331,15701,107
2022-01-04,Nevada,057,99092,11258,10608,431,11039,110
2022-01-04,Orange,059,3164182,399209,362051,26392,388443,5897
2022-01-04,Placer,061,380077,45069,42285,4750,47035,494
2022-01-04,Plumas,063,18699,2119,2014,60,2074,12
2022-01-04,Riverside,065,2383286,442346,413366,19968,433334,5504
2022-01-04,Sacramento,067,1510023,194310,181271,8066,189337,2453
2022-01-04,San Benito,069,59416,9187,8763,230,8993,79
2022-01-04,San Bernardino,071,2135413,436049,404409,15141,419550,6060
2022-01-04,San Diego,073,3302833,510274,458499,30982,489481,4487
2022-01-04,San Francisco,075,870044,80338,70666,3950,74616,688
2022-01-04,San Joaquin,077,732212,116784,110374,6500,116874,1911
2022-01-04,San Luis Obispo,079,281455,35983,33788,1787,35575,371
2022-01-04,San Mateo,081,765935,77083,65157,2286,67443,582
2022-01-04,Santa Barbara,083,443738,56633,52449,2032,54481,574
2022-01-04,Santa Clara,085,1922200,195793,176854,3934,180788,1964
2022-01-04,Santa Cruz,087,273765,26531,23904,1344,25248,228
2022-01-04,Shasta,089,179085,24071,23366,3926,27292,442
2022-01-04,Sierra,091,2930,225,214,22,236,0
2022-01-04,Siskiyou,093,43540,3637,3509,1489,4998,61
2022-01-04,Solano,095,438530,54920,51300,2138,53438,383
2022-01-04,Sonoma,097,501317,52830,48653,957,49610,410
2022-01-04,Stanislaus,099,539301,88508,86107,10329,96436,1361
2022-01-04,Sutter,101,95872,15464,15032,484,15516,193
2022-01-04,Tehama,103,63373,9329,9020,1673,10693,140
2022-01-04,Trinity,105,12862,935,833,224,1057,18
2022-01-04,Tulare,107,460477,75850,72893,17927,90820,1172
2022-01-04,Tuolumne,109,53932,8643,8235,137,8372,91
2022-01-04,Ventura,111,848112,125728,114079,6500,120579,1213
2022-01-04,Yolo,113,214977,25106,22938,1711,24649,270
2022-01-04,Yuba,115,75493,11517,11104,471,11575,101
2022-01-03,Alameda,001,1643700,152754,142090,4901,146991,1529
2022-01-03,Alpine,003,1148,113,113,0,113,0
2022-01-03,Amador,005,37829,6181,6004,97,6101,71
2022-01-03,Butte,007,227075,24071,22924,4432,27356,345
2022-01-03,Calaveras,009,45235,4941,4742,80,4822,93
2022-01-03,Colusa,011,21464,2735,2683,753,3436,21
2022-01-03,Contra Costa,013,1133247,124185,114966,3887,118853,1073
2022-01-03,Del Norte,015,27424,3939,3873,65,3938,43
2022-01-03,El Dorado,017,186661,19188,18183,2045,20228,172
2022-01-03,Fresno,019,978130,157729,152674,14252,166926,2379
2022-01-03,Glenn,021,27897,3768,3703,1102,4805,39
2022-01-03,Humboldt,023,135768,11482,10784,990,11774,119
2022-01-03,Imperial,025,180216,39833,38411,4940,43351,800
2022-01-03,Inyo,027,18085,3027,2845,62,2907,49
2022-01-03,Kern,029,883053,143243,137773,27763,165536,1916
2022-01-03,Kings,031,150075,35836,34817,2200,37017,387
2022-01-03,Lake,033,64148,7342,7134,227,7361,117
2022-01-03,Lassen,035,31185,7184,7103,438,7541,55
2022-01-03,Los Angeles,037,10098052,1825685,1686203,78207,1764410,27394
2022-01-03,Madera,039,155013,26037,25323,2574,27897,320
2022-01-03,Marin,041,260295,23199,21532,1086,22618,251
2022-01-03,Mariposa,043,17540,1639,1559,67,1626,6
2022-01-03,Mendocino,045,87422,8989,8573,763,9336,101
2022-01-03,Merced,047,269075,46414,45459,2429,47888,696
2022-01-03,Modoc,049,8938,619,602,214,816,6
2022-01-03,Mono,051,14174,2303,2172,39,2211,4
2022-01-03,Monterey,053,433212,54522,51047,4281,55328,644
2022-01-03,Napa,055,140530,16536,15260,299,15559,107
2022-01-03,Nevada,057,99092,11094,10572,422,10994,110
2022-01-03,Orange,059,3164182,388038,358052,25185,383237,5894
2022-01-03,Placer,061,380077,44245,42054,4689,46743,489
2022-01-03,Plumas,063,18699,2099,2005,60,2065,12
2022-01-03,Riverside,065,2383286,433874,410155,19474,429629,5504
2022-01-03,Sacramento,067,1510023,189150,179992,7514,187506,2452
2022-01-03,San Benito,069,59416,9025,8688,223,8911,79
2022-01-03,San Bernardino,071,2135413,427118,401938,14673,416611,6056
2022-01-03,San Diego,073,3302833,494183,451154,30021,481175,4476
2022-01-03,San Francisco,075,870044,77525,69315,3698,73013,686
2022-01-03,San Joaquin,077,732212,114465,109757,6374,116131,1903
2022-01-03,San Luis Obispo,079,281455,35173,33667,1694,35361,367
2022-01-03,San Mateo,081,765935,74366,64470,2129,66599,582
2022-01-03,Santa Barbara,083,443738,55172,51912,1939,53851,571
2022-01-03,Santa Clara,085,1922200,189856,174215,3461,177676,1963
2022-01-03,Santa Cruz,087,273765,25723,23765,1313,25078,228
2022-01-03,Shasta,089,179085,23894,23301,3899,27200,440
2022-01-03,Sierra,091,2930,218,213,21,234,0
2022-01-03,Siskiyou,093,43540,3610,3500,1467,4967,61
2022-01-03,Solano,095,438530,53621,51030,1952,52982,380
2022-01-03,Sonoma,097,501317,51132,48391,861,49252,410
2022-01-03,Stanislaus,099,539301,87516,85793,10139,95932,1332
2022-01-03,Sutter,101,95872,15306,14973,464,15437,193
2022-01-03,Tehama,103,63373,9254,9005,1647,10652,140
2022-01-03,Trinity,105,12862,930,833,223,1056,18
2022-01-03,Tulare,107,460477,75153,72664,17724,90388,1167
2022-01-03,Tuolumne,109,53932,8507,8179,133,8312,91
2022-01-03,Ventura,111,848112,122559,112762,6261,119023,1211
2022-01-03,Yolo,113,214977,24423,22563,1647,24210,270
2022-01-03,Yuba,115,75493,11384,11037,452,11489,99
2022-01-02,Alameda,001,1643700,148292,133486,4417,137903,1528
2022-01-02,Alpine,003,1148,111,113,0,113,0
2022-01-02,Amador,005,37829,6113,5913,92,6005,70
2022-01-02,Butte,007,227075,23729,22469,4370,26839,341
2022-01-02,Calaveras,009,45235,4870,4668,72,4740,93
2022-01-02,Colusa,011,21464,2729,2659,742,3401,21
2022-01-02,Contra Costa,013,1133247,120610,109593,3451,113044,1073
2022-01-02,Del Norte,015,27424,3907,3841,63,3904,43
2022-01-02,El Dorado,017,186661,18851,17621,1994,19615,172
2022-01-02,Fresno,019,978130,155999,149927,14028,163955,2379
2022-01-02,Glenn,021,27897,3749,3663,1093,4756,39
2022-01-02,Humboldt,023,135768,11240,10381,914,11295,119
2022-01-02,Imperial,025,180216,39177,37672,4731,42403,800
2022-01-02,Inyo,027,18085,2957,2726,51,2777,49
2022-01-02,Kern,029,883053,141326,136123,27171,163294,1917
2022-01-02,Kings,031,150075,35513,34318,2166,36484,386
2022-01-02,Lake,033,64148,7271,7060,213,7273,117
2022-01-02,Lassen,035,31185,7168,7089,436,7525,55
2022-01-02,Los Angeles,037,10098052,1774506,1596123,75337,1671460,27371
2022-01-02,Madera,039,155013,25785,25002,2521,27523,320
2022-01-02,Marin,041,260295,22635,20475,1015,21490,249
2022-01-02,Mariposa,043,17540,1608,1509,65,1574,6
2022-01-02,Mendocino,045,87422,8865,8422,745,9167,101
2022-01-02,Merced,047,269075,45872,44769,2329,47098,694
2022-01-02,Modoc,049,8938,617,601,213,814,6
2022-01-02,Mono,051,14174,2274,2101,34,2135,4
2022-01-02,Monterey,053,433212,53896,50251,4071,54322,643
2022-01-02,Napa,055,140530,15997,14439,288,14727,107
2022-01-02,Nevada,057,99092,10906,10299,407,10706,110
2022-01-02,Orange,059,3164182,377019,339526,24032,363558,5890
2022-01-02,Placer,061,380077,43519,40857,4602,45459,489
2022-01-02,Plumas,063,18699,2083,1994,56,2050,12
2022-01-02,Riverside,065,2383286,425537,397124,18958,416082,5501
2022-01-02,Sacramento,067,1510023,185064,173562,6682,180244,2448
2022-01-02,San Benito,069,59416,8845,8320,208,8528,79
2022-01-02,San Bernardino,071,2135413,418974,386278,14115,400393,6051
2022-01-02,San Diego,073,3302833,479162,427087,28843,455930,4469
2022-01-02,San Francisco,075,870044,74584,64498,3458,67956,682
2022-01-02,San Joaquin,077,732212,112583,106640,6230,112870,1902
2022-01-02,San Luis Obispo,079,281455,34438,32342,1611,33953,365
2022-01-02,San Mateo,081,765935,71799,60504,1889,62393,581
2022-01-02,Santa Barbara,083,443738,53738,49555,1878,51433,568
2022-01-02,Santa Clara,085,1922200,183707,164547,3062,167609,1969
2022-01-02,Santa Cruz,087,273765,25056,22980,1280,24260,228
2022-01-02,Shasta,089,179085,23702,23161,3850,27011,435
2022-01-02,Sierra,091,2930,217,206,21,227,0
2022-01-02,Siskiyou,093,43540,3585,3474,1444,4918,61
2022-01-02,Solano,095,438530,52678,48957,1788,50745,379
2022-01-02,Sonoma,097,501317,49813,46040,824,46864,410
2022-01-02,Stanislaus,099,539301,86661,84367,10002,94369,1332
2022-01-02,Sutter,101,95872,15133,14741,445,15186,193
2022-01-02,Tehama,103,63373,9191,8944,1624,10568,139
2022-01-02,Trinity,105,12862,928,832,222,1054,17
2022-01-02,Tulare,107,460477,74491,71941,17532,89473,1160
2022-01-02,Tuolumne,109,53932,8400,8044,128,8172,91
2022-01-02,Ventura,111,848112,119636,107992,6041,114033,1211
2022-01-02,Yolo,113,214977,23746,21747,1581,23328,270
2022-01-02,Yuba,115,75493,11260,10844,436,11280,99
2022-01-01,Alameda,001,1643700,146461,133486,4163,137649,1528
2022-01-01,Alpine,003,1148,111,113,0,113,0
2022-01-01,Amador,005,37829,6077,5913,87,6000,70
2022-01-01,Butte,007,227075,23533,22469,4332,26801,341
2022-01-01,Calaveras,009,45235,4831,4668,70,4738,93
2022-01-01,Colusa,011,21464,2725,2659,732,3391,21
2022-01-01,Contra Costa,013,1133247,119243,109593,3326,112919,1073
2022-01-01,Del Norte,015,27424,3902,3841,63,3904,43
2022-01-01,El Dorado,017,186661,18702,17621,1979,19600,172
2022-01-01,Fresno,019,978130,155327,149927,13949,163876,2379
2022-01-01,Glenn,021,27897,3742,3663,1093,4756,39
2022-01-01,Humboldt,023,135768,11101,10381,893,11274,119
2022-01-01,Imperial,025,180216,39029,37672,4682,42354,800
2022-01-01,Inyo,027,18085,2928,2726,49,2775,49
2022-01-01,Kern,029,883053,140626,136123,26866,162989,1917
2022-01-01,Kings,031,150075,35371,34318,2139,36457,386
2022-01-01,Lake,033,64148,7233,7060,208,7268,117
2022-01-01,Lassen,035,31185,7162,7089,431,7520,55
2022-01-01,Los Angeles,037,10098052,1754382,1596123,73395,1669518,27371
2022-01-01,Madera,039,155013,25701,25002,2507,27509,320
2022-01-01,Marin,041,260295,22322,20475,974,21449,249
2022-01-01,Mariposa,043,17540,1597,1509,65,1574,6
2022-01-01,Mendocino,045,87422,8773,8422,739,9161,101
2022-01-01,Merced,047,269075,45739,44769,2315,47084,694
2022-01-01,Modoc,049,8938,614,601,213,814,6
2022-01-01,Mono,051,14174,2250,2101,29,2130,4
2022-01-01,Monterey,053,433212,53587,50251,3984,54235,643
2022-01-01,Napa,055,140530,15847,14439,273,14712,107
2022-01-01,Nevada,057,99092,10830,10299,400,10699,110
2022-01-01,Orange,059,3164182,372799,339526,23324,362850,5890
2022-01-01,Placer,061,380077,43216,40857,4536,45393,489
2022-01-01,Plumas,063,18699,2071,1994,56,2050,12
2022-01-01,Riverside,065,2383286,422045,397124,18756,415880,5501
2022-01-01,Sacramento,067,1510023,183790,173562,6426,179988,2448
2022-01-01,San Benito,069,59416,8755,8320,208,8528,79
2022-01-01,San Bernardino,071,2135413,415708,386278,13835,400113,6051
2022-01-01,San Diego,073,3302833,473212,427087,28324,455411,4469
2022-01-01,San Francisco,075,870044,73185,64498,3247,67745,682
2022-01-01,San Joaquin,077,732212,111877,106640,6157,112797,1902
2022-01-01,San Luis Obispo,079,281455,34235,32342,1602,33944,365
2022-01-01,San Mateo,081,765935,70330,60504,1740,62244,581
2022-01-01,Santa Barbara,083,443738,52998,49555,1843,51398,568
2022-01-01,Santa Clara,085,1922200,180670,164547,2866,167413,1969
2022-01-01,Santa Cruz,087,273765,24735,22980,1262,24242,228
2022-01-01,Shasta,089,179085,23618,23161,3832,26993,435
2022-01-01,Sierra,091,2930,216,206,21,227,0
2022-01-01,Siskiyou,093,43540,3582,3474,1434,4908,61
2022-01-01,Solano,095,438530,52411,48957,1729,50686,379
2022-01-01,Sonoma,097,501317,49419,46040,794,46834,410
2022-01-01,Stanislaus,099,539301,86254,84367,9915,94282,1332
2022-01-01,Sutter,101,95872,15056,14741,443,15184,193
2022-01-01,Tehama,103,63373,9159,8944,1612,10556,139
2022-01-01,Trinity,105,12862,925,832,222,1054,17
2022-01-01,Tulare,107,460477,74246,71941,17432,89373,1160
2022-01-01,Tuolumne,109,53932,8340,8044,125,8169,91
2022-01-01,Ventura,111,848112,118251,107992,5912,113904,1211
2022-01-01,Yolo,113,214977,23327,21747,1541,23288,270
2022-01-01,Yuba,115,75493,11194,10844,430,11274,99
2021-12-31,Alameda,001,1643700,145677,133486,4063,137549,1528
2021-12-31,Alpine,003,1148,111,113,0,113,0
2021-12-31,Amador,005,37829,6053,5913,86,5999,70
2021-12-31,Butte,007,227075,23426,22469,4297,26766,341
2021-12-31,Calaveras,009,45235,4798,4668,70,4738,93
2021-12-31,Colusa,011,21464,2716,2659,726,3385,21
2021-12-31,Contra Costa,013,1133247,118351,109593,3247,112840,1073
2021-12-31,Del Norte,015,27424,3893,3841,61,3902,43
2021-12-31,El Dorado,017,186661,18619,17621,1961,19582,172
2021-12-31,Fresno,019,978130,155019,149927,13927,163854,2379
2021-12-31,Glenn,021,27897,3741,3663,1091,4754,39
2021-12-31,Humboldt,023,135768,11014,10381,874,11255,119
2021-12-31,Imperial,025,180216,38897,37672,4666,42338,800
2021-12-31,Inyo,027,18085,2901,2726,48,2774,49
2021-12-31,Kern,029,883053,140118,136123,26729,162852,1917
2021-12-31,Kings,031,150075,35261,34318,2129,36447,386
2021-12-31,Lake,033,64148,7210,7060,203,7263,117
2021-12-31,Lassen,035,31185,7148,7089,431,7520,55
2021-12-31,Los Angeles,037,10098052,1743606,1596123,72647,1668770,27371
2021-12-31,Madera,039,155013,25632,25002,2490,27492,320
2021-12-31,Marin,041,260295,22166,20475,943,21418,249
2021-12-31,Mariposa,043,17540,1590,1509,64,1573,6
2021-12-31,Mendocino,045,87422,8740,8422,736,9158,101
2021-12-31,Merced,047,269075,45655,44769,2297,47066,694
2021-12-31,Modoc,049,8938,610,601,211,812,6
2021-12-31,Mono,051,14174,2238,2101,28,2129,4
2021-12-31,Monterey,053,433212,53460,50251,3918,54169,643
2021-12-31,Napa,055,140530,15735,14439,263,14702,107
2021-12-31,Nevada,057,99092,10763,10299,394,10693,110
2021-12-31,Orange,059,3164182,370285,339526,22901,362427,5890
2021-12-31,Placer,061,380077,42983,40857,4470,45327,489
2021-12-31,Plumas,063,18699,2066,1994,56,2050,12
2021-12-31,Riverside,065,2383286,420357,397124,18601,415725,5501
2021-12-31,Sacramento,067,1510023,182924,173562,6320,179882,2448
2021-12-31,San Benito,069,59416,8741,8320,207,8527,79
2021-12-31,San Bernardino,071,2135413,413396,386278,13644,399922,6051
2021-12-31,San Diego,073,3302833,469994,427087,28006,455093,4469
2021-12-31,San Francisco,075,870044,72258,64498,3189,67687,682
2021-12-31,San Joaquin,077,732212,111249,106640,6091,112731,1902
2021-12-31,San Luis Obispo,079,281455,34127,32342,1590,33932,365
2021-12-31,San Mateo,081,765935,69451,60504,1688,62192,581
2021-12-31,Santa Barbara,083,443738,52599,49555,1831,51386,568
2021-12-31,Santa Clara,085,1922200,178715,164547,2727,167274,1969
2021-12-31,Santa Cruz,087,273765,24498,22980,1241,24221,228
2021-12-31,Shasta,089,179085,23555,23161,3811,26972,435
2021-12-31,Sierra,091,2930,216,206,21,227,0
2021-12-31,Siskiyou,093,43540,3575,3474,1423,4897,61
2021-12-31,Solano,095,438530,52255,48957,1703,50660,379
2021-12-31,Sonoma,097,501317,49166,46040,781,46821,410
2021-12-31,Stanislaus,099,539301,85926,84367,9854,94221,1332
2021-12-31,Sutter,101,95872,14995,14741,437,15178,193
2021-12-31,Tehama,103,63373,9127,8944,1603,10547,139
2021-12-31,Trinity,105,12862,924,832,222,1054,17
2021-12-31,Tulare,107,460477,74042,71941,17348,89289,1160
2021-12-31,Tuolumne,109,53932,8295,8044,124,8168,91
2021-12-31,Ventura,111,848112,117277,107992,5830,113822,1211
2021-12-31,Yolo,113,214977,23106,21747,1519,23266,270
2021-12-31,Yuba,115,75493,11137,10844,424,11268,99
2021-12-30,Alameda,001,1643700,144386,133486,3928,137414,1528
2021-12-30,Alpine,003,1148,110,113,0,113,0
2021-12-30,Amador,005,37829,6034,5913,85,5998,70
2021-12-30,Butte,007,227075,23293,22469,4272,26741,341
2021-12-30,Calaveras,009,45235,4779,4668,70,4738,93
2021-12-30,Colusa,011,21464,2715,2659,724,3383,21
2021-12-30,Contra Costa,013,1133247,117254,109593,3137,112730,1073
2021-12-30,Del Norte,015,27424,3882,3841,60,3901,43
2021-12-30,El Dorado,017,186661,18514,17621,1940,19561,172
2021-12-30,Fresno,019,978130,154486,149927,13857,163784,2379
2021-12-30,Glenn,021,27897,3735,3663,1088,4751,39
2021-12-30,Humboldt,023,135768,10947,10381,862,11243,119
2021-12-30,Imperial,025,180216,38729,37672,4556,42228,800
2021-12-30,Inyo,027,18085,2882,2726,46,2772,49
2021-12-30,Kern,029,883053,139584,136123,26429,162552,1917
2021-12-30,Kings,031,150075,35143,34318,2114,36432,386
2021-12-30,Lake,033,64148,7195,7060,198,7258,117
2021-12-30,Lassen,035,31185,7142,7089,431,7520,55
2021-12-30,Los Angeles,037,10098052,1720293,1596123,71395,1667518,27371
2021-12-30,Madera,039,155013,25556,25002,2470,27472,320
2021-12-30,Marin,041,260295,21988,20475,918,21393,249
2021-12-30,Mariposa,043,17540,1584,1509,64,1573,6
2021-12-30,Mendocino,045,87422,8723,8422,725,9147,101
2021-12-30,Merced,047,269075,45553,44769,2282,47051,694
2021-12-30,Modoc,049,8938,609,601,211,812,6
2021-12-30,Mono,051,14174,2233,2101,27,2128,4
2021-12-30,Monterey,053,433212,53148,50251,3857,54108,643
2021-12-30,Napa,055,140530,15591,14439,254,14693,107
2021-12-30,Nevada,057,99092,10699,10299,385,10684,110
2021-12-30,Orange,059,3164182,365195,339526,22348,361874,5890
2021-12-30,Placer,061,380077,42707,40857,4423,45280,489
2021-12-30,Plumas,063,18699,2062,1994,55,2049,12
2021-12-30,Riverside,065,2383286,417088,397124,18449,415573,5501
2021-12-30,Sacramento,067,1510023,181668,173562,6175,179737,2448
2021-12-30,San Benito,069,59416,8695,8320,205,8525,79
2021-12-30,San Bernardino,071,2135413,410776,386278,13496,399774,6051
2021-12-30,San Diego,073,3302833,464851,427087,27495,454582,4469
2021-12-30,San Francisco,075,870044,71168,64498,3117,67615,682
2021-12-30,San Joaquin,077,732212,110653,106640,6047,112687,1902
2021-12-30,San Luis Obispo,079,281455,34008,32342,1577,33919,365
2021-12-30,San Mateo,081,765935,68407,60504,1559,62063,581
2021-12-30,Santa Barbara,083,443738,52121,49555,1812,51367,568
2021-12-30,Santa Clara,085,1922200,176439,164547,2603,167150,1969
2021-12-30,Santa Cruz,087,273765,24259,22980,1207,24187,228
2021-12-30,Shasta,089,179085,23502,23161,3805,26966,435
2021-12-30,Sierra,091,2930,216,206,21,227,0
2021-12-30,Siskiyou,093,43540,3566,3474,1421,4895,61
2021-12-30,Solano,095,438530,51906,48957,1656,50613,379
2021-12-30,Sonoma,097,501317,48830,46040,772,46812,410
2021-12-30,Stanislaus,099,539301,85612,84367,9794,94161,1332
2021-12-30,Sutter,101,95872,14933,14741,436,15177,193
2021-12-30,Tehama,103,63373,9100,8944,1597,10541,139
2021-12-30,Trinity,105,12862,921,832,222,1054,17
2021-12-30,Tulare,107,460477,73856,71941,17271,89212,1160
2021-12-30,Tuolumne,109,53932,8256,8044,124,8168,91
2021-12-30,Ventura,111,848112,116020,107992,5727,113719,1211
2021-12-30,Yolo,113,214977,22967,21747,1493,23240,270
2021-12-30,Yuba,115,75493,11090,10844,422,11266,99
2021-12-29,Alameda,001,1643700,141164,131586,3776,135362,1529
2021-12-29,Alpine,003,1148,110,113,0,113,0
2021-12-29,Amador,005,37829,6011,5905,82,5987,70
2021-12-29,Butte,007,227075,23151,22353,4233,26586,338
2021-12-29,Calaveras,009,45235,4751,4646,68,4714,93
2021-12-29,Colusa,011,21464,2705,2657,719,3376,21
2021-12-29,Contra Costa,013,1133247,115161,108165,3014,111179,1072
2021-12-29,Del Norte,015,27424,3868,3826,58,3884,43
2021-12-29,El Dorado,017,186661,18291,17489,1922,19411,172
2021-12-29,Fresno,019,978130,153356,149318,13745,163063,2364
2021-12-29,Glenn,021,27897,3725,3653,1085,4738,39
2021-12-29,Humboldt,023,135768,10837,10249,840,11089,119
2021-12-29,Imperial,025,180216,38493,37460,4488,41948,800
2021-12-29,Inyo,027,18085,2849,2703,46,2749,49
2021-12-29,Kern,029,883053,138781,135648,26043,161691,1913
2021-12-29,Kings,031,150075,35028,34216,2108,36324,386
2021-12-29,Lake,033,64148,7164,7048,196,7244,117
2021-12-29,Lassen,035,31185,7138,7085,430,7515,55
2021-12-29,Los Angeles,037,10098052,1690292,1576414,69686,1646100,27349
2021-12-29,Madera,039,155013,25452,24923,2459,27382,320
2021-12-29,Marin,041,260295,21632,20025,897,20922,249
2021-12-29,Mariposa,043,17540,1562,1507,64,1571,6
2021-12-29,Mendocino,045,87422,8664,8386,721,9107,99
2021-12-29,Merced,047,269075,45337,44548,2267,46815,693
2021-12-29,Modoc,049,8938,606,600,211,811,6
2021-12-29,Mono,051,14174,2209,2056,26,2082,4
2021-12-29,Monterey,053,433212,52739,50097,3751,53848,641
2021-12-29,Napa,055,140530,15267,14247,235,14482,107
2021-12-29,Nevada,057,99092,10608,10274,384,10658,110
2021-12-29,Orange,059,3164182,357668,334557,21672,356229,5887
2021-12-29,Placer,061,380077,42220,40545,4348,44893,489
2021-12-29,Plumas,063,18699,2050,1990,55,2045,12
2021-12-29,Riverside,065,2383286,411667,392989,18242,411231,5486
2021-12-29,Sacramento,067,1510023,179339,172145,6017,178162,2437
2021-12-29,San Benito,069,59416,8552,8239,204,8443,79
2021-12-29,San Bernardino,071,2135413,405190,382872,13282,396154,6049
2021-12-29,San Diego,073,3302833,454018,421045,26777,447822,4461
2021-12-29,San Francisco,075,870044,69472,63117,3047,66164,684
2021-12-29,San Joaquin,077,732212,109470,106063,5976,112039,1891
2021-12-29,San Luis Obispo,079,281455,33613,31936,1528,33464,365
2021-12-29,San Mateo,081,765935,66778,59478,1451,60929,581
2021-12-29,Santa Barbara,083,443738,51281,49003,1787,50790,568
2021-12-29,Santa Clara,085,1922200,173290,162008,2472,164480,1962
2021-12-29,Santa Cruz,087,273765,23980,22669,1175,23844,228
2021-12-29,Shasta,089,179085,23427,23083,3793,26876,435
2021-12-29,Sierra,091,2930,215,206,21,227,0
2021-12-29,Siskiyou,093,43540,3554,3472,1410,4882,61
2021-12-29,Solano,095,438530,51201,48562,1603,50165,379
2021-12-29,Sonoma,097,501317,48028,45479,750,46229,410
2021-12-29,Stanislaus,099,539301,85129,84083,9734,93817,1332
2021-12-29,Sutter,101,95872,14864,14688,434,15122,193
2021-12-29,Tehama,103,63373,9075,8914,1584,10498,138
2021-12-29,Trinity,105,12862,919,832,222,1054,17
2021-12-29,Tulare,107,460477,73566,71752,17154,88906,1160
2021-12-29,Tuolumne,109,53932,8203,8012,123,8135,91
2021-12-29,Ventura,111,848112,114083,106974,5549,112523,1207
2021-12-29,Yolo,113,214977,22728,21564,1462,23026,270
2021-12-29,Yuba,115,75493,11029,10808,418,11226,99
2021-12-28,Alameda,001,1643700,138007,130427,3620,134047,1522
2021-12-28,Alpine,003,1148,110,113,0,113,0
2021-12-28,Amador,005,37829,5991,5900,81,5981,70
2021-12-28,Butte,007,227075,23007,22285,4216,26501,338
2021-12-28,Calaveras,009,45235,4733,4641,67,4708,91
2021-12-28,Colusa,011,21464,2699,2653,717,3370,21
2021-12-28,Contra Costa,013,1133247,112857,107160,2900,110060,1072
2021-12-28,Del Norte,015,27424,3862,3815,58,3873,43
2021-12-28,El Dorado,017,186661,18067,17419,1912,19331,172
2021-12-28,Fresno,019,978130,152275,148987,13664,162651,2365
2021-12-28,Glenn,021,27897,3700,3639,1081,4720,39
2021-12-28,Humboldt,023,135768,10716,10198,816,11014,119
2021-12-28,Imperial,025,180216,38197,37223,4388,41611,800
2021-12-28,Inyo,027,18085,2791,2676,45,2721,48
2021-12-28,Kern,029,883053,138060,135346,25694,161040,1909
2021-12-28,Kings,031,150075,34892,34165,2093,36258,386
2021-12-28,Lake,033,64148,7145,7044,191,7235,116
2021-12-28,Lassen,035,31185,7129,7083,430,7513,55
2021-12-28,Los Angeles,037,10098052,1658045,1561791,68039,1629830,27323
2021-12-28,Madera,039,155013,25326,24865,2439,27304,320
2021-12-28,Marin,041,260295,21220,19739,867,20606,249
2021-12-28,Mariposa,043,17540,1551,1499,63,1562,6
2021-12-28,Mendocino,045,87422,8604,8366,713,9079,98
2021-12-28,Merced,047,269075,45097,44434,2255,46689,691
2021-12-28,Modoc,049,8938,606,599,210,809,6
2021-12-28,Mono,051,14174,2186,2045,24,2069,4
2021-12-28,Monterey,053,433212,52363,49973,3678,53651,639
2021-12-28,Napa,055,140530,14950,14131,208,14339,107
2021-12-28,Nevada,057,99092,10517,10250,381,10631,110
2021-12-28,Orange,059,3164182,350004,331279,20936,352215,5882
2021-12-28,Placer,061,380077,41752,40410,4278,44688,489
2021-12-28,Plumas,063,18699,2047,1989,55,2044,12
2021-12-28,Riverside,065,2383286,406427,390343,17999,408342,5470
2021-12-28,Sacramento,067,1510023,177058,171290,5888,177178,2426
2021-12-28,San Benito,069,59416,8408,8170,202,8372,79
2021-12-28,San Bernardino,071,2135413,399293,381316,13063,394379,6047
2021-12-28,San Diego,073,3302833,443325,417383,26221,443604,4450
2021-12-28,San Francisco,075,870044,67850,61745,2989,64734,682
2021-12-28,San Joaquin,077,732212,108415,105572,5932,111504,1884
2021-12-28,San Luis Obispo,079,281455,33147,31759,1512,33271,365
2021-12-28,San Mateo,081,765935,65265,58712,1363,60075,582
2021-12-28,Santa Barbara,083,443738,50636,48493,1767,50260,568
2021-12-28,Santa Clara,085,1922200,170155,160811,2377,163188,1962
2021-12-28,Santa Cruz,087,273765,23607,22513,1137,23650,228
2021-12-28,Shasta,089,179085,23357,23035,3788,26823,434
2021-12-28,Sierra,091,2930,212,206,21,227,0
2021-12-28,Siskiyou,093,43540,3545,3468,1405,4873,60
2021-12-28,Solano,095,438530,50287,48318,1549,49867,378
2021-12-28,Sonoma,097,501317,47168,45086,725,45811,410
2021-12-28,Stanislaus,099,539301,84647,83946,9673,93619,1331
2021-12-28,Sutter,101,95872,14815,14662,431,15093,193
2021-12-28,Tehama,103,63373,9058,8893,1582,10475,138
2021-12-28,Trinity,105,12862,917,831,221,1052,17
2021-12-28,Tulare,107,460477,73287,71630,17038,88668,1156
2021-12-28,Tuolumne,109,53932,8161,8006,123,8129,91
2021-12-28,Ventura,111,848112,111977,105883,5419,111302,1207
2021-12-28,Yolo,113,214977,22394,21320,1413,22733,270
2021-12-28,Yuba,115,75493,10973,10778,415,11193,99
2021-12-27,Alameda,001,1643700,135359,129910,3488,133398,1530
2021-12-27,Alpine,003,1148,110,113,0,113,0
2021-12-27,Amador,005,37829,5963,5891,81,5972,70
2021-12-27,Butte,007,227075,22868,22234,4189,26423,335
2021-12-27,Calaveras,009,45235,4707,4630,66,4696,91
2021-12-27,Colusa,011,21464,2688,2652,711,3363,21
2021-12-27,Contra Costa,013,1133247,110692,106692,2819,109511,1071
2021-12-27,Del Norte,015,27424,3853,3802,57,3859,43
2021-12-27,El Dorado,017,186661,17908,17361,1900,19261,172
2021-12-27,Fresno,019,978130,151317,148826,13583,162409,2364
2021-12-27,Glenn,021,27897,3692,3634,1075,4709,39
2021-12-27,Humboldt,023,135768,10602,10164,794,10958,119
2021-12-27,Imperial,025,180216,37956,37180,4294,41474,800
2021-12-27,Inyo,027,18085,2762,2662,43,2705,48
2021-12-27,Kern,029,883053,137409,135119,25391,160510,1907
2021-12-27,Kings,031,150075,34743,34126,2080,36206,382
2021-12-27,Lake,033,64148,7122,7037,181,7218,116
2021-12-27,Lassen,035,31185,7123,7080,430,7510,55
2021-12-27,Los Angeles,037,10098052,1621708,1554074,66298,1620372,27300
2021-12-27,Madera,039,155013,25206,24840,2420,27260,320
2021-12-27,Marin,041,260295,20832,19601,840,20441,249
2021-12-27,Mariposa,043,17540,1536,1495,63,1558,6
2021-12-27,Mendocino,045,87422,8537,8351,708,9059,98
2021-12-27,Merced,047,269075,44867,44383,2237,46620,690
2021-12-27,Modoc,049,8938,604,599,210,809,6
2021-12-27,Mono,051,14174,2123,2026,24,2050,4
2021-12-27,Monterey,053,433212,52062,49918,3627,53545,639
2021-12-27,Napa,055,140530,14680,14083,199,14282,107
2021-12-27,Nevada,057,99092,10448,10239,373,10612,110
2021-12-27,Orange,059,3164182,342523,329222,20134,349356,5875
2021-12-27,Placer,061,380077,41375,40263,4230,44493,489
2021-12-27,Plumas,063,18699,2045,1988,53,2041,12
2021-12-27,Riverside,065,2383286,401846,389096,17743,406839,5470
2021-12-27,Sacramento,067,1510023,175031,170858,5719,176577,2422
2021-12-27,San Benito,069,59416,8289,8133,198,8331,79
2021-12-27,San Bernardino,071,2135413,393307,380526,12863,393389,6047
2021-12-27,San Diego,073,3302833,433117,414968,25731,440699,4445
2021-12-27,San Francisco,075,870044,66103,60920,2924,63844,682
2021-12-27,San Joaquin,077,732212,107496,105413,5868,111281,1876
2021-12-27,San Luis Obispo,079,281455,32702,31671,1491,33162,365
2021-12-27,San Mateo,081,765935,63740,58397,1264,59661,581
2021-12-27,Santa Barbara,083,443738,49850,48209,1747,49956,568
2021-12-27,Santa Clara,085,1922200,167184,159904,2252,162156,1961
2021-12-27,Santa Cruz,087,273765,23320,22456,1119,23575,228
2021-12-27,Shasta,089,179085,23296,23015,3777,26792,432
2021-12-27,Sierra,091,2930,212,206,21,227,0
2021-12-27,Siskiyou,093,43540,3536,3466,1400,4866,60
2021-12-27,Solano,095,438530,49554,48172,1501,49673,378
2021-12-27,Sonoma,097,501317,46592,44990,707,45697,410
2021-12-27,Stanislaus,099,539301,84196,83833,9632,93465,1331
2021-12-27,Sutter,101,95872,14759,14642,426,15068,191
2021-12-27,Tehama,103,63373,9043,8887,1575,10462,136
2021-12-27,Trinity,105,12862,917,827,221,1048,17
2021-12-27,Tulare,107,460477,73023,71562,16943,88505,1146
2021-12-27,Tuolumne,109,53932,8123,7978,122,8100,91
2021-12-27,Ventura,111,848112,109892,105212,5284,110496,1206
2021-12-27,Yolo,113,214977,22102,21300,1379,22679,270
2021-12-27,Yuba,115,75493,10912,10759,414,11173,98
2021-12-26,Alameda,001,1643700,133263,127221,3416,130637,1525
2021-12-26,Alpine,003,1148,110,113,0,113,0
2021-12-26,Amador,005,37829,5947,5861,79,5940,70
2021-12-26,Butte,007,227075,22714,22087,4159,26246,330
2021-12-26,Calaveras,009,45235,4685,4591,66,4657,91
2021-12-26,Colusa,011,21464,2677,2647,705,3352,21
2021-12-26,Contra Costa,013,1133247,108931,105022,2720,107742,1071
2021-12-26,Del Norte,015,27424,3848,3795,57,3852,43
2021-12-26,El Dorado,017,186661,17753,17188,1892,19080,172
2021-12-26,Fresno,019,978130,150613,148027,13504,161531,2358
2021-12-26,Glenn,021,27897,3680,3611,1061,4672,39
2021-12-26,Humboldt,023,135768,10459,10052,771,10823,119
2021-12-26,Imperial,025,180216,37654,36878,4204,41082,800
2021-12-26,Inyo,027,18085,2738,2636,40,2676,47
2021-12-26,Kern,029,883053,136686,134591,25136,159727,1908
2021-12-26,Kings,031,150075,34590,34009,2074,36083,379
2021-12-26,Lake,033,64148,7100,7019,178,7197,116
2021-12-26,Lassen,035,31185,7117,7072,429,7501,55
2021-12-26,Los Angeles,037,10098052,1591852,1515469,64507,1579976,27257
2021-12-26,Madera,039,155013,25087,24741,2404,27145,320
2021-12-26,Marin,041,260295,20453,19085,781,19866,249
2021-12-26,Mariposa,043,17540,1530,1480,63,1543,6
2021-12-26,Mendocino,045,87422,8486,8314,706,9020,98
2021-12-26,Merced,047,269075,44616,44208,2223,46431,690
2021-12-26,Modoc,049,8938,603,597,208,805,6
2021-12-26,Mono,051,14174,2097,2000,24,2024,4
2021-12-26,Monterey,053,433212,51781,49709,3578,53287,638
2021-12-26,Napa,055,140530,14443,13809,194,14003,107
2021-12-26,Nevada,057,99092,10388,10153,366,10519,110
2021-12-26,Orange,059,3164182,336189,322991,19338,342329,5863
2021-12-26,Placer,061,380077,41024,39852,4160,44012,489
2021-12-26,Plumas,063,18699,2037,1987,52,2039,12
2021-12-26,Riverside,065,2383286,397660,384567,17574,402141,5470
2021-12-26,Sacramento,067,1510023,173307,169144,5573,174717,2418
2021-12-26,San Benito,069,59416,8200,7991,194,8185,79
2021-12-26,San Bernardino,071,2135413,388454,376052,12686,388738,6043
2021-12-26,San Diego,073,3302833,424121,406616,25237,431853,4442
2021-12-26,San Francisco,075,870044,64522,58229,2862,61091,682
2021-12-26,San Joaquin,077,732212,106682,104590,5815,110405,1872
2021-12-26,San Luis Obispo,079,281455,32256,31290,1473,32763,365
2021-12-26,San Mateo,081,765935,62337,56973,1217,58190,581
2021-12-26,Santa Barbara,083,443738,49174,47553,1717,49270,567
2021-12-26,Santa Clara,085,1922200,164483,156872,2120,158992,1967
2021-12-26,Santa Cruz,087,273765,23036,22176,1105,23281,228
2021-12-26,Shasta,089,179085,23214,22959,3765,26724,432
2021-12-26,Sierra,091,2930,212,202,21,223,0
2021-12-26,Siskiyou,093,43540,3528,3460,1391,4851,60
2021-12-26,Solano,095,438530,49052,47646,1463,49109,377
2021-12-26,Sonoma,097,501317,46096,44358,675,45033,408
2021-12-26,Stanislaus,099,539301,83823,83368,9590,92958,1331
2021-12-26,Sutter,101,95872,14694,14533,423,14956,191
2021-12-26,Tehama,103,63373,9010,8861,1571,10432,136
2021-12-26,Trinity,105,12862,917,826,220,1046,17
2021-12-26,Tulare,107,460477,72773,71292,16837,88129,1137
2021-12-26,Tuolumne,109,53932,8086,7919,122,8041,91
2021-12-26,Ventura,111,848112,108058,103498,5137,108635,1206
2021-12-26,Yolo,113,214977,21815,21084,1340,22424,270
2021-12-26,Yuba,115,75493,10861,10694,412,11106,98
2021-12-25,Alameda,001,1643700,132179,127221,3352,130573,1525
2021-12-25,Alpine,003,1148,110,113,0,113,0
2021-12-25,Amador,005,37829,5928,5861,79,5940,70
2021-12-25,Butte,007,227075,22616,22087,4142,26229,330
2021-12-25,Calaveras,009,45235,4656,4591,65,4656,91
2021-12-25,Colusa,011,21464,2672,2647,699,3346,21
2021-12-25,Contra Costa,013,1133247,108107,105022,2667,107689,1071
2021-12-25,Del Norte,015,27424,3841,3795,56,3851,43
2021-12-25,El Dorado,017,186661,17700,17188,1881,19069,172
2021-12-25,Fresno,019,978130,150298,148027,13456,161483,2358
2021-12-25,Glenn,021,27897,3669,3611,1057,4668,39
2021-12-25,Humboldt,023,135768,10377,10052,764,10816,119
2021-12-25,Imperial,025,180216,37532,36878,4182,41060,800
2021-12-25,Inyo,027,18085,2718,2636,40,2676,47
2021-12-25,Kern,029,883053,136339,134591,25010,159601,1908
2021-12-25,Kings,031,150075,34500,34009,2067,36076,379
2021-12-25,Lake,033,64148,7088,7019,176,7195,116
2021-12-25,Lassen,035,31185,7115,7072,429,7501,55
2021-12-25,Los Angeles,037,10098052,1579034,1515469,63190,1578659,27257
2021-12-25,Madera,039,155013,25037,24741,2398,27139,320
2021-12-25,Marin,041,260295,20111,19085,732,19817,249
2021-12-25,Mariposa,043,17540,1524,1480,63,1543,6
2021-12-25,Mendocino,045,87422,8448,8314,706,9020,98
2021-12-25,Merced,047,269075,44515,44208,2221,46429,690
2021-12-25,Modoc,049,8938,603,597,208,805,6
2021-12-25,Mono,051,14174,2080,2000,24,2024,4
2021-12-25,Monterey,053,433212,51614,49709,3544,53253,638
2021-12-25,Napa,055,140530,14328,13809,186,13995,107
2021-12-25,Nevada,057,99092,10359,10153,366,10519,110
2021-12-25,Orange,059,3164182,333322,322991,18769,341760,5863
2021-12-25,Placer,061,380077,40841,39852,4126,43978,489
2021-12-25,Plumas,063,18699,2035,1987,52,2039,12
2021-12-25,Riverside,065,2383286,395379,384567,17455,402022,5470
2021-12-25,Sacramento,067,1510023,172491,169144,5468,174612,2418
2021-12-25,San Benito,069,59416,8135,7991,194,8185,79
2021-12-25,San Bernardino,071,2135413,386218,376052,12553,388605,6043
2021-12-25,San Diego,073,3302833,420055,406616,24967,431583,4442
2021-12-25,San Francisco,075,870044,63493,58229,2826,61055,682
2021-12-25,San Joaquin,077,732212,106345,104590,5783,110373,1872
2021-12-25,San Luis Obispo,079,281455,32103,31290,1464,32754,365
2021-12-25,San Mateo,081,765935,61304,56973,1174,58147,581
2021-12-25,Santa Barbara,083,443738,48810,47553,1705,49258,567
2021-12-25,Santa Clara,085,1922200,163006,156872,2053,158925,1967
2021-12-25,Santa Cruz,087,273765,22876,22176,1099,23275,228
2021-12-25,Shasta,089,179085,23181,22959,3759,26718,432
2021-12-25,Sierra,091,2930,212,202,21,223,0
2021-12-25,Siskiyou,093,43540,3525,3460,1385,4845,60
2021-12-25,Solano,095,438530,48927,47646,1445,49091,377
2021-12-25,Sonoma,097,501317,45711,44358,649,45007,408
2021-12-25,Stanislaus,099,539301,83609,83368,9564,92932,1331
2021-12-25,Sutter,101,95872,14653,14533,421,14954,191
2021-12-25,Tehama,103,63373,8990,8861,1567,10428,136
2021-12-25,Trinity,105,12862,916,826,220,1046,17
2021-12-25,Tulare,107,460477,72637,71292,16758,88050,1137
2021-12-25,Tuolumne,109,53932,8055,7919,122,8041,91
2021-12-25,Ventura,111,848112,106885,103498,5031,108529,1206
2021-12-25,Yolo,113,214977,21705,21084,1319,22403,270
2021-12-25,Yuba,115,75493,10834,10694,411,11105,98
2021-12-24,Alameda,001,1643700,131556,127221,3336,130557,1525
2021-12-24,Alpine,003,1148,110,113,0,113,0
2021-12-24,Amador,005,37829,5920,5861,78,5939,70
2021-12-24,Butte,007,227075,22559,22087,4125,26212,330
2021-12-24,Calaveras,009,45235,4650,4591,65,4656,91
2021-12-24,Colusa,011,21464,2670,2647,698,3345,21
2021-12-24,Contra Costa,013,1133247,107790,105022,2636,107658,1071
2021-12-24,Del Norte,015,27424,3834,3795,56,3851,43
2021-12-24,El Dorado,017,186661,17646,17188,1876,19064,172
2021-12-24,Fresno,019,978130,150132,148027,13443,161470,2358
2021-12-24,Glenn,021,27897,3668,3611,1057,4668,39
2021-12-24,Humboldt,023,135768,10322,10052,759,10811,119
2021-12-24,Imperial,025,180216,37449,36878,4178,41056,800
2021-12-24,Inyo,027,18085,2698,2636,40,2676,47
2021-12-24,Kern,029,883053,136216,134591,24968,159559,1908
2021-12-24,Kings,031,150075,34431,34009,2066,36075,379
2021-12-24,Lake,033,64148,7084,7019,176,7195,116
2021-12-24,Lassen,035,31185,7112,7072,429,7501,55
2021-12-24,Los Angeles,037,10098052,1574164,1515469,62662,1578131,27257
2021-12-24,Madera,039,155013,25002,24741,2393,27134,320
2021-12-24,Marin,041,260295,19965,19085,701,19786,249
2021-12-24,Mariposa,043,17540,1522,1480,63,1543,6
2021-12-24,Mendocino,045,87422,8431,8314,706,9020,98
2021-12-24,Merced,047,269075,44465,44208,2219,46427,690
2021-12-24,Modoc,049,8938,603,597,208,805,6
2021-12-24,Mono,051,14174,2067,2000,24,2024,4
2021-12-24,Monterey,053,433212,51517,49709,3518,53227,638
2021-12-24,Napa,055,140530,14262,13809,182,13991,107
2021-12-24,Nevada,057,99092,10333,10153,364,10517,110
2021-12-24,Orange,059,3164182,332268,322991,18611,341602,5863
2021-12-24,Placer,061,380077,40721,39852,4110,43962,489
2021-12-24,Plumas,063,18699,2034,1987,52,2039,12
2021-12-24,Riverside,065,2383286,394383,384567,17365,401932,5470
2021-12-24,Sacramento,067,1510023,172175,169144,5433,174577,2418
2021-12-24,San Benito,069,59416,8126,7991,193,8184,79
2021-12-24,San Bernardino,071,2135413,385074,376052,12480,388532,6043
2021-12-24,San Diego,073,3302833,418932,406616,24840,431456,4442
2021-12-24,San Francisco,075,870044,62985,58229,2809,61038,682
2021-12-24,San Joaquin,077,732212,106150,104590,5775,110365,1872
2021-12-24,San Luis Obispo,079,281455,32041,31290,1454,32744,365
2021-12-24,San Mateo,081,765935,60872,56973,1151,58124,581
2021-12-24,Santa Barbara,083,443738,48605,47553,1698,49251,567
2021-12-24,Santa Clara,085,1922200,162182,156872,2019,158891,1967
2021-12-24,Santa Cruz,087,273765,22793,22176,1096,23272,228
2021-12-24,Shasta,089,179085,23147,22959,3755,26714,432
2021-12-24,Sierra,091,2930,211,202,21,223,0
2021-12-24,Siskiyou,093,43540,3520,3460,1381,4841,60
2021-12-24,Solano,095,438530,48875,47646,1443,49089,377
2021-12-24,Sonoma,097,501317,45545,44358,641,44999,408
2021-12-24,Stanislaus,099,539301,83498,83368,9541,92909,1331
2021-12-24,Sutter,101,95872,14633,14533,418,14951,191
2021-12-24,Tehama,103,63373,8981,8861,1564,10425,136
2021-12-24,Trinity,105,12862,914,826,220,1046,17
2021-12-24,Tulare,107,460477,72570,71292,16715,88007,1137
2021-12-24,Tuolumne,109,53932,8030,7919,122,8041,91
2021-12-24,Ventura,111,848112,106438,103498,4975,108473,1206
2021-12-24,Yolo,113,214977,21631,21084,1301,22385,270
2021-12-24,Yuba,115,75493,10811,10694,410,11104,98
2021-12-23,Alameda,001,1643700,130837,127221,3301,130522,1525
2021-12-23,Alpine,003,1148,110,113,0,113,0
2021-12-23,Amador,005,37829,5908,5861,76,5937,70
2021-12-23,Butte,007,227075,22506,22087,4114,26201,330
2021-12-23,Calaveras,009,45235,4639,4591,65,4656,91
2021-12-23,Colusa,011,21464,2664,2647,694,3341,21
2021-12-23,Contra Costa,013,1133247,107361,105022,2592,107614,1071
2021-12-23,Del Norte,015,27424,3831,3795,56,3851,43
2021-12-23,El Dorado,017,186661,17583,17188,1870,19058,172
2021-12-23,Fresno,019,978130,149927,148027,13424,161451,2358
2021-12-23,Glenn,021,27897,3664,3611,1057,4668,39
2021-12-23,Humboldt,023,135768,10269,10052,756,10808,119
2021-12-23,Imperial,025,180216,37375,36878,4151,41029,800
2021-12-23,Inyo,027,18085,2685,2636,40,2676,47
2021-12-23,Kern,029,883053,136066,134591,24872,159463,1908
2021-12-23,Kings,031,150075,34390,34009,2065,36074,379
2021-12-23,Lake,033,64148,7072,7019,174,7193,116
2021-12-23,Lassen,035,31185,7111,7072,429,7501,55
2021-12-23,Los Angeles,037,10098052,1564618,1515469,61581,1577050,27257
2021-12-23,Madera,039,155013,24969,24741,2389,27130,320
2021-12-23,Marin,041,260295,19831,19085,684,19769,249
2021-12-23,Mariposa,043,17540,1517,1480,63,1543,6
2021-12-23,Mendocino,045,87422,8422,8314,706,9020,98
2021-12-23,Merced,047,269075,44416,44208,2217,46425,690
2021-12-23,Modoc,049,8938,603,597,208,805,6
2021-12-23,Mono,051,14174,2046,2000,23,2023,4
2021-12-23,Monterey,053,433212,51395,49709,3497,53206,638
2021-12-23,Napa,055,140530,14181,13809,177,13986,107
2021-12-23,Nevada,057,99092,10309,10153,363,10516,110
2021-12-23,Orange,059,3164182,330577,322991,18282,341273,5863
2021-12-23,Placer,061,380077,40598,39852,4094,43946,489
2021-12-23,Plumas,063,18699,2034,1987,52,2039,12
2021-12-23,Riverside,065,2383286,393166,384567,17296,401863,5470
2021-12-23,Sacramento,067,1510023,171719,169144,5386,174530,2418
2021-12-23,San Benito,069,59416,8107,7991,191,8182,79
2021-12-23,San Bernardino,071,2135413,383886,376052,12375,388427,6043
2021-12-23,San Diego,073,3302833,417080,406616,24642,431258,4442
2021-12-23,San Francisco,075,870044,62254,58229,2781,61010,682
2021-12-23,San Joaquin,077,732212,105932,104590,5762,110352,1872
2021-12-23,San Luis Obispo,079,281455,31969,31290,1450,32740,365
2021-12-23,San Mateo,081,765935,60310,56973,1131,58104,581
2021-12-23,Santa Barbara,083,443738,48406,47553,1696,49249,567
2021-12-23,Santa Clara,085,1922200,161275,156872,1960,158832,1967
2021-12-23,Santa Cruz,087,273765,22678,22176,1084,23260,228
2021-12-23,Shasta,089,179085,23116,22959,3752,26711,432
2021-12-23,Sierra,091,2930,208,202,21,223,0
2021-12-23,Siskiyou,093,43540,3520,3460,1379,4839,60
2021-12-23,Solano,095,438530,48768,47646,1427,49073,377
2021-12-23,Sonoma,097,501317,45368,44358,640,44998,408
2021-12-23,Stanislaus,099,539301,83369,83368,9521,92889,1331
2021-12-23,Sutter,101,95872,14616,14533,417,14950,191
2021-12-23,Tehama,103,63373,8969,8861,1560,10421,136
2021-12-23,Trinity,105,12862,914,826,220,1046,17
2021-12-23,Tulare,107,460477,72495,71292,16672,87964,1137
2021-12-23,Tuolumne,109,53932,8012,7919,121,8040,91
2021-12-23,Ventura,111,848112,105903,103498,4909,108407,1206
2021-12-23,Yolo,113,214977,21559,21084,1283,22367,270
2021-12-23,Yuba,115,75493,10798,10694,410,11104,98
2021-12-22,Alameda,001,1643700,129903,126533,3220,129753,1522
2021-12-22,Alpine,003,1148,110,112,0,112,0
2021-12-22,Amador,005,37829,5895,5850,75,5925,70
2021-12-22,Butte,007,227075,22454,22070,4100,26170,330
2021-12-22,Calaveras,009,45235,4630,4580,65,4645,91
2021-12-22,Colusa,011,21464,2664,2645,691,3336,21
2021-12-22,Contra Costa,013,1133247,106722,104559,2550,107109,1070
2021-12-22,Del Norte,015,27424,3831,3794,56,3850,43
2021-12-22,El Dorado,017,186661,17521,17140,1861,19001,172
2021-12-22,Fresno,019,978130,149649,147838,13393,161231,2349
2021-12-22,Glenn,021,27897,3659,3604,1057,4661,39
2021-12-22,Humboldt,023,135768,10208,10022,751,10773,119
2021-12-22,Imperial,025,180216,37289,36755,4114,40869,798
2021-12-22,Inyo,027,18085,2667,2632,40,2672,47
2021-12-22,Kern,029,883053,135831,134433,24790,159223,1900
2021-12-22,Kings,031,150075,34340,33953,2058,36011,376
2021-12-22,Lake,033,64148,7065,7008,172,7180,116
2021-12-22,Lassen,035,31185,7106,7069,428,7497,55
2021-12-22,Los Angeles,037,10098052,1551066,1507110,60425,1567535,27234
2021-12-22,Madera,039,155013,24931,24702,2385,27087,320
2021-12-22,Marin,041,260295,19610,18927,661,19588,249
2021-12-22,Mariposa,043,17540,1510,1480,63,1543,6
2021-12-22,Mendocino,045,87422,8413,8299,706,9005,99
2021-12-22,Merced,047,269075,44345,44137,2215,46352,689
2021-12-22,Modoc,049,8938,603,595,208,803,6
2021-12-22,Mono,051,14174,2042,1979,23,2002,4
2021-12-22,Monterey,053,433212,51238,49650,3480,53130,639
2021-12-22,Napa,055,140530,14054,13746,167,13913,107
2021-12-22,Nevada,057,99092,10281,10101,358,10459,110
2021-12-22,Orange,059,3164182,328283,321765,17854,339619,5858
2021-12-22,Placer,061,380077,40415,39758,4057,43815,489
2021-12-22,Plumas,063,18699,2030,1986,52,2038,12
2021-12-22,Riverside,065,2383286,391335,383319,17183,400502,5472
2021-12-22,Sacramento,067,1510023,171060,168695,5326,174021,2422
2021-12-22,San Benito,069,59416,8055,7971,189,8160,79
2021-12-22,San Bernardino,071,2135413,382161,375044,12290,387334,6039
2021-12-22,San Diego,073,3302833,412960,404269,24313,428582,4434
2021-12-22,San Francisco,075,870044,61268,57520,2738,60258,682
2021-12-22,San Joaquin,077,732212,105662,104385,5748,110133,1870
2021-12-22,San Luis Obispo,079,281455,31828,31175,1430,32605,365
2021-12-22,San Mateo,081,765935,59627,56604,1101,57705,581
2021-12-22,Santa Barbara,083,443738,48149,47372,1680,49052,566
2021-12-22,Santa Clara,085,1922200,160154,156258,1919,158177,1954
2021-12-22,Santa Cruz,087,273765,22571,22075,1079,23154,228
2021-12-22,Shasta,089,179085,23087,22937,3747,26684,432
2021-12-22,Sierra,091,2930,208,202,21,223,0
2021-12-22,Siskiyou,093,43540,3517,3458,1376,4834,59
2021-12-22,Solano,095,438530,48539,47531,1414,48945,375
2021-12-22,Sonoma,097,501317,45093,44201,629,44830,408
2021-12-22,Stanislaus,099,539301,83228,83245,9501,92746,1331
2021-12-22,Sutter,101,95872,14580,14513,414,14927,191
2021-12-22,Tehama,103,63373,8956,8853,1556,10409,136
2021-12-22,Trinity,105,12862,914,826,220,1046,17
2021-12-22,Tulare,107,460477,72396,71226,16623,87849,1137
2021-12-22,Tuolumne,109,53932,7991,7903,121,8024,91
2021-12-22,Ventura,111,848112,105297,103089,4804,107893,1206
2021-12-22,Yolo,113,214977,21483,21012,1269,22281,270
2021-12-22,Yuba,115,75493,10781,10681,410,11091,98
2021-12-21,Alameda,001,1643700,128896,126007,3166,129173,1518
2021-12-21,Alpine,003,1148,110,112,0,112,0
2021-12-21,Amador,005,37829,5885,5845,75,5920,70
2021-12-21,Butte,007,227075,22390,22041,4086,26127,330
2021-12-21,Calaveras,009,45235,4617,4575,65,4640,91
2021-12-21,Colusa,011,21464,2662,2643,690,3333,21
2021-12-21,Contra Costa,013,1133247,106092,104255,2486,106741,1068
2021-12-21,Del Norte,015,27424,3830,3793,56,3849,43
2021-12-21,El Dorado,017,186661,17456,17098,1849,18947,172
2021-12-21,Fresno,019,978130,149362,147707,13358,161065,2341
2021-12-21,Glenn,021,27897,3645,3602,1057,4659,39
2021-12-21,Humboldt,023,135768,10144,9989,746,10735,118
2021-12-21,Imperial,025,180216,37191,36580,4073,40653,792
2021-12-21,Inyo,027,18085,2656,2627,40,2667,47
2021-12-21,Kern,029,883053,135622,134321,24685,159006,1892
2021-12-21,Kings,031,150075,34280,33914,2057,35971,376
2021-12-21,Lake,033,64148,7060,7004,170,7174,116
2021-12-21,Lassen,035,31185,7104,7069,428,7497,55
2021-12-21,Los Angeles,037,10098052,1537164,1501169,59405,1560574,27220
2021-12-21,Madera,039,155013,24894,24688,2378,27066,320
2021-12-21,Marin,041,260295,19440,18828,626,19454,249
2021-12-21,Mariposa,043,17540,1509,1480,62,1542,6
2021-12-21,Mendocino,045,87422,8397,8282,704,8986,97
2021-12-21,Merced,047,269075,44273,44096,2212,46308,688
2021-12-21,Modoc,049,8938,601,595,206,801,6
2021-12-21,Mono,051,14174,2023,1979,23,2002,4
2021-12-21,Monterey,053,433212,51147,49586,3463,53049,638
2021-12-21,Napa,055,140530,13953,13703,156,13859,107
2021-12-21,Nevada,057,99092,10252,10095,358,10453,110
2021-12-21,Orange,059,3164182,326161,320705,17405,338110,5855
2021-12-21,Placer,061,380077,40274,39649,4028,43677,487
2021-12-21,Plumas,063,18699,2030,1975,52,2027,12
2021-12-21,Riverside,065,2383286,389609,382415,17064,399479,5465
2021-12-21,Sacramento,067,1510023,170411,168422,5271,173693,2419
2021-12-21,San Benito,069,59416,8016,7950,186,8136,79
2021-12-21,San Bernardino,071,2135413,380487,374219,12178,386397,6026
2021-12-21,San Diego,073,3302833,409230,402386,23976,426362,4424
2021-12-21,San Francisco,075,870044,60307,56950,2705,59655,681
2021-12-21,San Joaquin,077,732212,105376,104238,5729,109967,1870
2021-12-21,San Luis Obispo,079,281455,31664,31103,1418,32521,365
2021-12-21,San Mateo,081,765935,59010,56381,1078,57459,581
2021-12-21,Santa Barbara,083,443738,47921,47194,1665,48859,564
2021-12-21,Santa Clara,085,1922200,159130,155769,1877,157646,1951
2021-12-21,Santa Cruz,087,273765,22454,22028,1069,23097,228
2021-12-21,Shasta,089,179085,23056,22920,3743,26663,429
2021-12-21,Sierra,091,2930,206,201,21,222,0
2021-12-21,Siskiyou,093,43540,3516,3455,1376,4831,59
2021-12-21,Solano,095,438530,48385,47474,1407,48881,372
2021-12-21,Sonoma,097,501317,44870,44051,619,44670,408
2021-12-21,Stanislaus,099,539301,83071,83167,9470,92637,1331
2021-12-21,Sutter,101,95872,14557,14492,413,14905,190
2021-12-21,Tehama,103,63373,8948,8849,1551,10400,136
2021-12-21,Trinity,105,12862,913,826,220,1046,17
2021-12-21,Tulare,107,460477,72302,71166,16582,87748,1137
2021-12-21,Tuolumne,109,53932,7967,7893,121,8014,91
2021-12-21,Ventura,111,848112,104679,102631,4691,107322,1205
2021-12-21,Yolo,113,214977,21374,20944,1265,22209,267
2021-12-21,Yuba,115,75493,10764,10668,410,11078,98
2021-12-20,Alameda,001,1643700,127955,125762,3097,128859,1515
2021-12-20,Alpine,003,1148,110,112,0,112,0
2021-12-20,Amador,005,37829,5871,5838,75,5913,70
2021-12-20,Butte,007,227075,22328,22030,4072,26102,329
2021-12-20,Calaveras,009,45235,4607,4569,65,4634,91
2021-12-20,Colusa,011,21464,2661,2644,690,3334,21
2021-12-20,Contra Costa,013,1133247,105559,104051,2439,106490,1068
2021-12-20,Del Norte,015,27424,3828,3792,56,3848,43
2021-12-20,El Dorado,017,186661,17395,17083,1841,18924,172
2021-12-20,Fresno,019,978130,149118,147605,13329,160934,2341
2021-12-20,Glenn,021,27897,3639,3597,1057,4654,39
2021-12-20,Humboldt,023,135768,10102,9973,742,10715,118
2021-12-20,Imperial,025,180216,37075,36532,4043,40575,792
2021-12-20,Inyo,027,18085,2653,2615,40,2655,47
2021-12-20,Kern,029,883053,135423,134203,24625,158828,1883
2021-12-20,Kings,031,150075,34238,33898,2056,35954,376
2021-12-20,Lake,033,64148,7055,6999,170,7169,116
2021-12-20,Lassen,035,31185,7102,7065,427,7492,55
2021-12-20,Los Angeles,037,10098052,1525685,1495251,58681,1553932,27188
2021-12-20,Madera,039,155013,24865,24668,2374,27042,313
2021-12-20,Marin,041,260295,19225,18747,608,19355,249
2021-12-20,Mariposa,043,17540,1500,1479,62,1541,6
2021-12-20,Mendocino,045,87422,8385,8264,702,8966,96
2021-12-20,Merced,047,269075,44216,44071,2207,46278,687
2021-12-20,Modoc,049,8938,601,595,203,798,6
2021-12-20,Mono,051,14174,2000,1973,23,1996,4
2021-12-20,Monterey,053,433212,51051,49556,3443,52999,636
2021-12-20,Napa,055,140530,13868,13672,146,13818,107
2021-12-20,Nevada,057,99092,10212,10079,357,10436,109
2021-12-20,Orange,059,3164182,324555,320235,17090,337325,5852
2021-12-20,Placer,061,380077,40144,39579,3998,43577,485
2021-12-20,Plumas,063,18699,2027,1971,50,2021,12
2021-12-20,Riverside,065,2383286,388159,381841,16975,398816,5452
2021-12-20,Sacramento,067,1510023,169840,168153,5231,173384,2414
2021-12-20,San Benito,069,59416,7972,7934,184,8118,79
2021-12-20,San Bernardino,071,2135413,378955,373881,12093,385974,6023
2021-12-20,San Diego,073,3302833,406014,401483,23736,425219,4412
2021-12-20,San Francisco,075,870044,59247,56661,2648,59309,681
2021-12-20,San Joaquin,077,732212,105133,104188,5718,109906,1865
2021-12-20,San Luis Obispo,079,281455,31550,31075,1410,32485,365
2021-12-20,San Mateo,081,765935,58462,56247,1059,57306,581
2021-12-20,Santa Barbara,083,443738,47709,47131,1660,48791,562
2021-12-20,Santa Clara,085,1922200,158172,155427,1829,157256,1950
2021-12-20,Santa Cruz,087,273765,22374,21989,1064,23053,227
2021-12-20,Shasta,089,179085,23035,22888,3738,26626,429
2021-12-20,Sierra,091,2930,205,201,21,222,0
2021-12-20,Siskiyou,093,43540,3515,3453,1374,4827,59
2021-12-20,Solano,095,438530,48257,47394,1399,48793,370
2021-12-20,Sonoma,097,501317,44680,43982,611,44593,408
2021-12-20,Stanislaus,099,539301,82945,83110,9441,92551,1331
2021-12-20,Sutter,101,95872,14534,14480,413,14893,190
2021-12-20,Tehama,103,63373,8940,8840,1548,10388,136
2021-12-20,Trinity,105,12862,913,826,220,1046,17
2021-12-20,Tulare,107,460477,72208,71124,16524,87648,1129
2021-12-20,Tuolumne,109,53932,7953,7867,117,7984,91
2021-12-20,Ventura,111,848112,104172,102452,4615,107067,1203
2021-12-20,Yolo,113,214977,21281,20903,1253,22156,267
2021-12-20,Yuba,115,75493,10748,10656,407,11063,97
2021-12-19,Alameda,001,1643700,127066,125464,3057,128521,1519
2021-12-19,Alpine,003,1148,110,112,0,112,0
2021-12-19,Amador,005,37829,5859,5832,74,5906,70
2021-12-19,Butte,007,227075,22273,22022,4064,26086,329
2021-12-19,Calaveras,009,45235,4591,4563,64,4627,91
2021-12-19,Colusa,011,21464,2661,2643,687,3330,21
2021-12-19,Contra Costa,013,1133247,105067,103906,2405,106311,1068
2021-12-19,Del Norte,015,27424,3824,3797,56,3853,43
2021-12-19,El Dorado,017,186661,17337,17067,1839,18906,172
2021-12-19,Fresno,019,978130,148877,147505,13304,160809,2341
2021-12-19,Glenn,021,27897,3635,3596,1056,4652,39
2021-12-19,Humboldt,023,135768,10059,9957,737,10694,118
2021-12-19,Imperial,025,180216,36946,36501,4000,40501,792
2021-12-19,Inyo,027,18085,2644,2613,40,2653,47
2021-12-19,Kern,029,883053,135224,134136,24557,158693,1883
2021-12-19,Kings,031,150075,34180,33874,2052,35926,378
2021-12-19,Lake,033,64148,7046,6999,167,7166,116
2021-12-19,Lassen,035,31185,7098,7065,427,7492,55
2021-12-19,Los Angeles,037,10098052,1516687,1495082,58084,1553166,27189
2021-12-19,Madera,039,155013,24840,24642,2368,27010,313
2021-12-19,Marin,041,260295,19049,18707,585,19292,249
2021-12-19,Mariposa,043,17540,1494,1475,62,1537,6
2021-12-19,Mendocino,045,87422,8368,8257,699,8956,96
2021-12-19,Merced,047,269075,44121,44045,2200,46245,687
2021-12-19,Modoc,049,8938,600,595,203,798,6
2021-12-19,Mono,051,14174,1989,1968,22,1990,4
2021-12-19,Monterey,053,433212,50950,49516,3422,52938,636
2021-12-19,Napa,055,140530,13795,13659,137,13796,107
2021-12-19,Nevada,057,99092,10176,10057,354,10411,109
2021-12-19,Orange,059,3164182,323153,319615,16864,336479,5852
2021-12-19,Placer,061,380077,40023,39525,3982,43507,485
2021-12-19,Plumas,063,18699,2024,1971,50,2021,12
2021-12-19,Riverside,065,2383286,386713,381305,16900,398205,5452
2021-12-19,Sacramento,067,1510023,169345,167933,5202,173135,2415
2021-12-19,San Benito,069,59416,7947,7929,183,8112,79
2021-12-19,San Bernardino,071,2135413,377625,373480,12055,385535,6023
2021-12-19,San Diego,073,3302833,403534,398197,23540,421737,4406
2021-12-19,San Francisco,075,870044,58368,56358,2592,58950,681
2021-12-19,San Joaquin,077,732212,104876,104125,5704,109829,1865
2021-12-19,San Luis Obispo,079,281455,31427,31035,1398,32433,366
2021-12-19,San Mateo,081,765935,57998,56132,1044,57176,581
2021-12-19,Santa Barbara,083,443738,47486,47070,1653,48723,562
2021-12-19,Santa Clara,085,1922200,157285,155049,1803,156852,1950
2021-12-19,Santa Cruz,087,273765,22275,21960,1059,23019,227
2021-12-19,Shasta,089,179085,22998,22875,3734,26609,429
2021-12-19,Sierra,091,2930,204,201,21,222,0
2021-12-19,Siskiyou,093,43540,3512,3452,1374,4826,59
2021-12-19,Solano,095,438530,48135,47341,1393,48734,370
2021-12-19,Sonoma,097,501317,44496,43944,609,44553,408
2021-12-19,Stanislaus,099,539301,82807,83040,9409,92449,1331
2021-12-19,Sutter,101,95872,14494,14475,412,14887,190
2021-12-19,Tehama,103,63373,8932,8840,1548,10388,136
2021-12-19,Trinity,105,12862,913,826,220,1046,17
2021-12-19,Tulare,107,460477,72115,71085,16482,87567,1129
2021-12-19,Tuolumne,109,53932,7936,7865,116,7981,91
2021-12-19,Ventura,111,848112,103592,102170,4550,106720,1203
2021-12-19,Yolo,113,214977,21200,20887,1234,22121,267
2021-12-19,Yuba,115,75493,10731,10646,405,11051,97
2021-12-18,Alameda,001,1643700,126659,124583,3030,127613,1512
2021-12-18,Alpine,003,1148,110,110,0,110,0
2021-12-18,Amador,005,37829,5853,5821,74,5895,69
2021-12-18,Butte,007,227075,22257,21956,4059,26015,328
2021-12-18,Calaveras,009,45235,4584,4534,64,4598,91
2021-12-18,Colusa,011,21464,2657,2635,685,3320,21
2021-12-18,Contra Costa,013,1133247,104852,103380,2391,105771,1065
2021-12-18,Del Norte,015,27424,3821,3791,56,3847,43
2021-12-18,El Dorado,017,186661,17309,16968,1836,18804,171
2021-12-18,Fresno,019,978130,148774,147038,13291,160329,2335
2021-12-18,Glenn,021,27897,3632,3590,1056,4646,39
2021-12-18,Humboldt,023,135768,10043,9889,737,10626,118
2021-12-18,Imperial,025,180216,36873,36280,3988,40268,790
2021-12-18,Inyo,027,18085,2638,2607,40,2647,47
2021-12-18,Kern,029,883053,135134,133754,24512,158266,1873
2021-12-18,Kings,031,150075,34147,33783,2048,35831,374
2021-12-18,Lake,033,64148,7045,6976,167,7143,115
2021-12-18,Lassen,035,31185,7096,7061,426,7487,55
2021-12-18,Los Angeles,037,10098052,1512594,1484840,57772,1542612,27135
2021-12-18,Madera,039,155013,24825,24575,2366,26941,313
2021-12-18,Marin,041,260295,18948,18537,573,19110,249
2021-12-18,Mariposa,043,17540,1493,1468,62,1530,6
2021-12-18,Mendocino,045,87422,8362,8219,699,8918,95
2021-12-18,Merced,047,269075,44086,43929,2199,46128,686
2021-12-18,Modoc,049,8938,598,595,203,798,6
2021-12-18,Mono,051,14174,1987,1956,22,1978,4
2021-12-18,Monterey,053,433212,50892,49343,3417,52760,635
2021-12-18,Napa,055,140530,13769,13581,135,13716,107
2021-12-18,Nevada,057,99092,10154,9991,352,10343,108
2021-12-18,Orange,059,3164182,322488,318149,16728,334877,5844
2021-12-18,Placer,061,380077,39922,39336,3968,43304,485
2021-12-18,Plumas,063,18699,2024,1964,50,2014,13
2021-12-18,Riverside,065,2383286,386015,379354,16859,396213,5439
2021-12-18,Sacramento,067,1510023,169109,167046,5183,172229,2404
2021-12-18,San Benito,069,59416,7932,7894,183,8077,79
2021-12-18,San Bernardino,071,2135413,376955,371658,12027,383685,6017
2021-12-18,San Diego,073,3302833,402569,397130,23488,420618,4399
2021-12-18,San Francisco,075,870044,57874,55562,2562,58124,679
2021-12-18,San Joaquin,077,732212,104789,103698,5694,109392,1858
2021-12-18,San Luis Obispo,079,281455,31385,30873,1392,32265,365
2021-12-18,San Mateo,081,765935,57758,55730,1039,56769,580
2021-12-18,Santa Barbara,083,443738,47390,46776,1651,48427,562
2021-12-18,Santa Clara,085,1922200,156829,154243,1790,156033,1946
2021-12-18,Santa Cruz,087,273765,22223,21805,1057,22862,225
2021-12-18,Shasta,089,179085,22977,22811,3734,26545,429
2021-12-18,Sierra,091,2930,204,199,21,220,0
2021-12-18,Siskiyou,093,43540,3510,3441,1373,4814,58
2021-12-18,Solano,095,438530,48089,47174,1391,48565,369
2021-12-18,Sonoma,097,501317,44386,43658,605,44263,407
2021-12-18,Stanislaus,099,539301,82725,82736,9397,92133,1330
2021-12-18,Sutter,101,95872,14476,14435,412,14847,190
2021-12-18,Tehama,103,63373,8925,8814,1547,10361,136
2021-12-18,Trinity,105,12862,913,823,220,1043,17
2021-12-18,Tulare,107,460477,72077,70922,16457,87379,1120
2021-12-18,Tuolumne,109,53932,7922,7834,116,7950,91
2021-12-18,Ventura,111,848112,103307,101612,4528,106140,1201
2021-12-18,Yolo,113,214977,21160,20793,1228,22021,267
2021-12-18,Yuba,115,75493,10720,10599,405,11004,96
2021-12-17,Alameda,001,1643700,126319,124583,3011,127594,1512
2021-12-17,Alpine,003,1148,110,110,0,110,0
2021-12-17,Amador,005,37829,5846,5821,74,5895,69
2021-12-17,Butte,007,227075,22236,21956,4052,26008,328
2021-12-17,Calaveras,009,45235,4580,4534,64,4598,91
2021-12-17,Colusa,011,21464,2656,2635,684,3319,21
2021-12-17,Contra Costa,013,1133247,104649,103380,2387,105767,1065
2021-12-17,Del Norte,015,27424,3820,3791,56,3847,43
2021-12-17,El Dorado,017,186661,17281,16968,1833,18801,171
2021-12-17,Fresno,019,978130,148671,147038,13291,160329,2335
2021-12-17,Glenn,021,27897,3625,3590,1056,4646,39
2021-12-17,Humboldt,023,135768,10023,9889,735,10624,118
2021-12-17,Imperial,025,180216,36810,36280,3970,40250,790
2021-12-17,Inyo,027,18085,2633,2607,40,2647,47
2021-12-17,Kern,029,883053,135042,133754,24471,158225,1873
2021-12-17,Kings,031,150075,34128,33783,2048,35831,374
2021-12-17,Lake,033,64148,7041,6976,167,7143,115
2021-12-17,Lassen,035,31185,7096,7061,425,7486,55
2021-12-17,Los Angeles,037,10098052,1508653,1484840,57533,1542373,27135
2021-12-17,Madera,039,155013,24809,24575,2361,26936,313
2021-12-17,Marin,041,260295,18872,18537,569,19106,249
2021-12-17,Mariposa,043,17540,1489,1468,62,1530,6
2021-12-17,Mendocino,045,87422,8351,8219,699,8918,95
2021-12-17,Merced,047,269075,44060,43929,2198,46127,686
2021-12-17,Modoc,049,8938,598,595,203,798,6
2021-12-17,Mono,051,14174,1984,1956,22,1978,4
2021-12-17,Monterey,053,433212,50834,49343,3412,52755,635
2021-12-17,Napa,055,140530,13742,13581,134,13715,107
2021-12-17,Nevada,057,99092,10143,9991,352,10343,108
2021-12-17,Orange,059,3164182,321925,318149,16660,334809,5844
2021-12-17,Placer,061,380077,39867,39336,3962,43298,485
2021-12-17,Plumas,063,18699,2023,1964,50,2014,13
2021-12-17,Riverside,065,2383286,385363,379354,16849,396203,5439
2021-12-17,Sacramento,067,1510023,168876,167046,5170,172216,2404
2021-12-17,San Benito,069,59416,7930,7894,183,8077,79
2021-12-17,San Bernardino,071,2135413,376394,371658,12010,383668,6017
2021-12-17,San Diego,073,3302833,401640,397130,23440,420570,4399
2021-12-17,San Francisco,075,870044,57547,55562,2532,58094,679
2021-12-17,San Joaquin,077,732212,104714,103698,5677,109375,1858
2021-12-17,San Luis Obispo,079,281455,31356,30873,1388,32261,365
2021-12-17,San Mateo,081,765935,57570,55730,1032,56762,580
2021-12-17,Santa Barbara,083,443738,47313,46776,1645,48421,562
2021-12-17,Santa Clara,085,1922200,156457,154243,1776,156019,1946
2021-12-17,Santa Cruz,087,273765,22176,21805,1053,22858,225
2021-12-17,Shasta,089,179085,22965,22811,3732,26543,429
2021-12-17,Sierra,091,2930,203,199,21,220,0
2021-12-17,Siskiyou,093,43540,3506,3441,1371,4812,58
2021-12-17,Solano,095,438530,48021,47174,1387,48561,369
2021-12-17,Sonoma,097,501317,44289,43658,602,44260,407
2021-12-17,Stanislaus,099,539301,82674,82736,9390,92126,1330
2021-12-17,Sutter,101,95872,14464,14435,410,14845,190
2021-12-17,Tehama,103,63373,8918,8814,1546,10360,136
2021-12-17,Trinity,105,12862,913,823,220,1043,17
2021-12-17,Tulare,107,460477,72035,70922,16427,87349,1120
2021-12-17,Tuolumne,109,53932,7910,7834,116,7950,91
2021-12-17,Ventura,111,848112,103057,101612,4516,106128,1201
2021-12-17,Yolo,113,214977,21127,20793,1223,22016,267
2021-12-17,Yuba,115,75493,10709,10599,403,11002,96
2021-12-16,Alameda,001,1643700,125941,124583,2996,127579,1512
2021-12-16,Alpine,003,1148,108,110,0,110,0
2021-12-16,Amador,005,37829,5838,5821,74,5895,69
2021-12-16,Butte,007,227075,22216,21956,4048,26004,328
2021-12-16,Calaveras,009,45235,4573,4534,64,4598,91
2021-12-16,Colusa,011,21464,2656,2635,684,3319,21
2021-12-16,Contra Costa,013,1133247,104426,103380,2377,105757,1065
2021-12-16,Del Norte,015,27424,3817,3791,56,3847,43
2021-12-16,El Dorado,017,186661,17246,16968,1828,18796,171
2021-12-16,Fresno,019,978130,148512,147038,13284,160322,2335
2021-12-16,Glenn,021,27897,3625,3590,1053,4643,39
2021-12-16,Humboldt,023,135768,9999,9889,725,10614,118
2021-12-16,Imperial,025,180216,36726,36280,3942,40222,790
2021-12-16,Inyo,027,18085,2629,2607,39,2646,47
2021-12-16,Kern,029,883053,134898,133754,24422,158176,1873
2021-12-16,Kings,031,150075,34104,33783,2047,35830,374
2021-12-16,Lake,033,64148,7037,6976,167,7143,115
2021-12-16,Lassen,035,31185,7093,7061,424,7485,55
2021-12-16,Los Angeles,037,10098052,1504437,1484840,57268,1542108,27135
2021-12-16,Madera,039,155013,24780,24575,2357,26932,313
2021-12-16,Marin,041,260295,18826,18537,562,19099,249
2021-12-16,Mariposa,043,17540,1487,1468,62,1530,6
2021-12-16,Mendocino,045,87422,8340,8219,694,8913,95
2021-12-16,Merced,047,269075,44021,43929,2197,46126,686
2021-12-16,Modoc,049,8938,598,595,203,798,6
2021-12-16,Mono,051,14174,1981,1956,22,1978,4
2021-12-16,Monterey,053,433212,50763,49343,3395,52738,635
2021-12-16,Napa,055,140530,13710,13581,134,13715,107
2021-12-16,Nevada,057,99092,10117,9991,352,10343,108
2021-12-16,Orange,059,3164182,321313,318149,16582,334731,5844
2021-12-16,Placer,061,380077,39790,39336,3957,43293,485
2021-12-16,Plumas,063,18699,2023,1964,50,2014,13
2021-12-16,Riverside,065,2383286,384557,379354,16835,396189,5439
2021-12-16,Sacramento,067,1510023,168593,167046,5146,172192,2404
2021-12-16,San Benito,069,59416,7923,7894,183,8077,79
2021-12-16,San Bernardino,071,2135413,375728,371658,11991,383649,6017
2021-12-16,San Diego,073,3302833,400471,397130,23374,420504,4399
2021-12-16,San Francisco,075,870044,57170,55562,2510,58072,679
2021-12-16,San Joaquin,077,732212,104590,103698,5670,109368,1858
2021-12-16,San Luis Obispo,079,281455,31286,30873,1382,32255,365
2021-12-16,San Mateo,081,765935,57370,55730,1029,56759,580
2021-12-16,Santa Barbara,083,443738,47192,46776,1641,48417,562
2021-12-16,Santa Clara,085,1922200,156126,154243,1766,156009,1946
2021-12-16,Santa Cruz,087,273765,22130,21805,1052,22857,225
2021-12-16,Shasta,089,179085,22935,22811,3730,26541,429
2021-12-16,Sierra,091,2930,203,199,21,220,0
2021-12-16,Siskiyou,093,43540,3505,3441,1367,4808,58
2021-12-16,Solano,095,438530,47953,47174,1380,48554,369
2021-12-16,Sonoma,097,501317,44190,43658,600,44258,407
2021-12-16,Stanislaus,099,539301,82587,82736,9376,92112,1330
2021-12-16,Sutter,101,95872,14450,14435,409,14844,190
2021-12-16,Tehama,103,63373,8911,8814,1545,10359,136
2021-12-16,Trinity,105,12862,913,823,220,1043,17
2021-12-16,Tulare,107,460477,71986,70922,16402,87324,1120
2021-12-16,Tuolumne,109,53932,7889,7834,116,7950,91
2021-12-16,Ventura,111,848112,102790,101612,4509,106121,1201
2021-12-16,Yolo,113,214977,21076,20793,1218,22011,267
2021-12-16,Yuba,115,75493,10693,10599,402,11001,96
2021-12-15,Alameda,001,1643700,125613,124342,2985,127327,1509
2021-12-15,Alpine,003,1148,108,109,0,109,0
2021-12-15,Amador,005,37829,5832,5810,74,5884,69
2021-12-15,Butte,007,227075,22192,21922,4047,25969,327
2021-12-15,Calaveras,009,45235,4567,4523,64,4587,89
2021-12-15,Colusa,011,21464,2655,2632,683,3315,21
2021-12-15,Contra Costa,013,1133247,104206,103236,2374,105610,1064
2021-12-15,Del Norte,015,27424,3816,3789,55,3844,43
2021-12-15,El Dorado,017,186661,17216,16936,1822,18758,171
2021-12-15,Fresno,019,978130,148385,146859,13270,160129,2319
2021-12-15,Glenn,021,27897,3624,3589,1053,4642,39
2021-12-15,Humboldt,023,135768,9979,9854,724,10578,118
2021-12-15,Imperial,025,180216,36646,36187,3898,40085,789
2021-12-15,Inyo,027,18085,2624,2606,39,2645,47
2021-12-15,Kern,029,883053,134759,133590,24376,157966,1866
2021-12-15,Kings,031,150075,34075,33716,2043,35759,374
2021-12-15,Lake,033,64148,7029,6968,166,7134,115
2021-12-15,Lassen,035,31185,7093,7062,424,7486,55
2021-12-15,Los Angeles,037,10098052,1500542,1482735,57075,1539810,27116
2021-12-15,Madera,039,155013,24762,24549,2351,26900,313
2021-12-15,Marin,041,260295,18767,18514,557,19071,249
2021-12-15,Mariposa,043,17540,1484,1463,62,1525,6
2021-12-15,Mendocino,045,87422,8335,8209,691,8900,95
2021-12-15,Merced,047,269075,43979,43890,2185,46075,685
2021-12-15,Modoc,049,8938,598,595,203,798,6
2021-12-15,Mono,051,14174,1977,1955,22,1977,4
2021-12-15,Monterey,053,433212,50708,49279,3377,52656,635
2021-12-15,Napa,055,140530,13681,13557,132,13689,107
2021-12-15,Nevada,057,99092,10096,9958,352,10310,107
2021-12-15,Orange,059,3164182,320735,317808,16540,334348,5838
2021-12-15,Placer,061,380077,39733,39264,3947,43211,485
2021-12-15,Plumas,063,18699,2019,1957,50,2007,12
2021-12-15,Riverside,065,2383286,383837,378769,16824,395593,5438
2021-12-15,Sacramento,067,1510023,168285,166793,5126,171919,2401
2021-12-15,San Benito,069,59416,7908,7877,183,8060,79
2021-12-15,San Bernardino,071,2135413,375162,371122,11958,383080,6013
2021-12-15,San Diego,073,3302833,399276,396546,23304,419850,4395
2021-12-15,San Francisco,075,870044,56852,55414,2492,57906,679
2021-12-15,San Joaquin,077,732212,104433,103579,5660,109239,1853
2021-12-15,San Luis Obispo,079,281455,31237,30784,1375,32159,365
2021-12-15,San Mateo,081,765935,57228,55657,1019,56676,580
2021-12-15,Santa Barbara,083,443738,47111,46681,1639,48320,562
2021-12-15,Santa Clara,085,1922200,155816,153928,1746,155674,1944
2021-12-15,Santa Cruz,087,273765,22090,21753,1045,22798,225
2021-12-15,Shasta,089,179085,22920,22778,3726,26504,427
2021-12-15,Sierra,091,2930,203,199,21,220,0
2021-12-15,Siskiyou,093,43540,3504,3434,1366,4800,58
2021-12-15,Solano,095,438530,47882,47098,1374,48472,367
2021-12-15,Sonoma,097,501317,44108,43580,595,44175,407
2021-12-15,Stanislaus,099,539301,82481,82628,9368,91996,1298
2021-12-15,Sutter,101,95872,14430,14428,408,14836,189
2021-12-15,Tehama,103,63373,8904,8806,1544,10350,136
2021-12-15,Trinity,105,12862,912,822,220,1042,17
2021-12-15,Tulare,107,460477,71935,70846,16373,87219,1120
2021-12-15,Tuolumne,109,53932,7880,7818,115,7933,91
2021-12-15,Ventura,111,848112,102575,101447,4503,105950,1199
2021-12-15,Yolo,113,214977,21048,20749,1213,21962,267
2021-12-15,Yuba,115,75493,10682,10587,401,10988,96
2021-12-14,Alameda,001,1643700,125282,124272,2973,127245,1506
2021-12-14,Alpine,003,1148,107,109,0,109,0
2021-12-14,Amador,005,37829,5826,5808,73,5881,69
2021-12-14,Butte,007,227075,22159,21901,4045,25946,326
2021-12-14,Calaveras,009,45235,4555,4517,64,4581,89
2021-12-14,Colusa,011,21464,2653,2628,683,3311,21
2021-12-14,Contra Costa,013,1133247,104022,103135,2370,105505,1064
2021-12-14,Del Norte,015,27424,3813,3788,55,3843,43
2021-12-14,El Dorado,017,186661,17181,16915,1820,18735,170
2021-12-14,Fresno,019,978130,148213,146756,13262,160018,2316
2021-12-14,Glenn,021,27897,3623,3589,1053,4642,39
2021-12-14,Humboldt,023,135768,9967,9836,716,10552,118
2021-12-14,Imperial,025,180216,36573,36049,3855,39904,789
2021-12-14,Inyo,027,18085,2623,2601,39,2640,46
2021-12-14,Kern,029,883053,134621,133498,24327,157825,1863
2021-12-14,Kings,031,150075,34038,33693,2040,35733,373
2021-12-14,Lake,033,64148,7020,6961,166,7127,115
2021-12-14,Lassen,035,31185,7092,7061,424,7485,55
2021-12-14,Los Angeles,037,10098052,1496878,1481131,56897,1538028,27099
2021-12-14,Madera,039,155013,24735,24535,2343,26878,313
2021-12-14,Marin,041,260295,18719,18491,555,19046,249
2021-12-14,Mariposa,043,17540,1481,1463,61,1524,6
2021-12-14,Mendocino,045,87422,8307,8206,689,8895,95
2021-12-14,Merced,047,269075,43933,43870,2183,46053,684
2021-12-14,Modoc,049,8938,597,595,203,798,6
2021-12-14,Mono,051,14174,1970,1955,22,1977,4
2021-12-14,Monterey,053,433212,50624,49237,3366,52603,635
2021-12-14,Napa,055,140530,13652,13528,132,13660,107
2021-12-14,Nevada,057,99092,10070,9956,351,10307,106
2021-12-14,Orange,059,3164182,320181,317465,16486,333951,5827
2021-12-14,Placer,061,380077,39658,39221,3942,43163,482
2021-12-14,Plumas,063,18699,2015,1950,48,1998,12
2021-12-14,Riverside,065,2383286,383144,378227,16807,395034,5427
2021-12-14,Sacramento,067,1510023,167975,166605,5103,171708,2394
2021-12-14,San Benito,069,59416,7889,7871,183,8054,79
2021-12-14,San Bernardino,071,2135413,374532,370604,11927,382531,6013
2021-12-14,San Diego,073,3302833,398137,395876,23253,419129,4393
2021-12-14,San Francisco,075,870044,56536,55278,2481,57759,679
2021-12-14,San Joaquin,077,732212,104287,103488,5643,109131,1848
2021-12-14,San Luis Obispo,079,281455,31177,30753,1371,32124,363
2021-12-14,San Mateo,081,765935,57064,55601,1012,56613,580
2021-12-14,Santa Barbara,083,443738,47009,46648,1635,48283,560
2021-12-14,Santa Clara,085,1922200,155494,153814,1733,155547,1945
2021-12-14,Santa Cruz,087,273765,22025,21737,1040,22777,225
2021-12-14,Shasta,089,179085,22893,22756,3725,26481,427
2021-12-14,Sierra,091,2930,201,199,21,220,0
2021-12-14,Siskiyou,093,43540,3499,3430,1365,4795,58
2021-12-14,Solano,095,438530,47835,47065,1368,48433,367
2021-12-14,Sonoma,097,501317,44025,43538,593,44131,407
2021-12-14,Stanislaus,099,539301,82395,82581,9352,91933,1293
2021-12-14,Sutter,101,95872,14418,14421,407,14828,189
2021-12-14,Tehama,103,63373,8900,8805,1544,10349,134
2021-12-14,Trinity,105,12862,912,821,220,1041,17
2021-12-14,Tulare,107,460477,71863,70803,16343,87146,1120
2021-12-14,Tuolumne,109,53932,7867,7815,115,7930,91
2021-12-14,Ventura,111,848112,102351,101343,4496,105839,1199
2021-12-14,Yolo,113,214977,21014,20734,1200,21934,267
2021-12-14,Yuba,115,75493,10665,10574,401,10975,92
2021-12-13,Alameda,001,1643700,124992,124174,2956,127130,1501
2021-12-13,Alpine,003,1148,107,109,0,109,0
2021-12-13,Amador,005,37829,5822,5797,73,5870,69
2021-12-13,Butte,007,227075,22135,21889,4041,25930,326
2021-12-13,Calaveras,009,45235,4548,4507,63,4570,89
2021-12-13,Colusa,011,21464,2650,2627,683,3310,21
2021-12-13,Contra Costa,013,1133247,103871,103041,2359,105400,1064
2021-12-13,Del Norte,015,27424,3809,3787,55,3842,42
2021-12-13,El Dorado,017,186661,17158,16896,1818,18714,170
2021-12-13,Fresno,019,978130,148062,146641,13252,159893,2312
2021-12-13,Glenn,021,27897,3619,3589,1051,4640,37
2021-12-13,Humboldt,023,135768,9938,9821,712,10533,118
2021-12-13,Imperial,025,180216,36489,35974,3834,39808,787
2021-12-13,Inyo,027,18085,2622,2592,39,2631,46
2021-12-13,Kern,029,883053,134495,133381,24274,157655,1863
2021-12-13,Kings,031,150075,33995,33680,2035,35715,372
2021-12-13,Lake,033,64148,7018,6958,164,7122,115
2021-12-13,Lassen,035,31185,7091,7057,424,7481,55
2021-12-13,Los Angeles,037,10098052,1494094,1480195,56736,1536931,27085
2021-12-13,Madera,039,155013,24706,24527,2338,26865,311
2021-12-13,Marin,041,260295,18659,18471,552,19023,249
2021-12-13,Mariposa,043,17540,1479,1462,61,1523,6
2021-12-13,Mendocino,045,87422,8294,8196,687,8883,95
2021-12-13,Merced,047,269075,43893,43848,2179,46027,682
2021-12-13,Modoc,049,8938,596,595,203,798,6
2021-12-13,Mono,051,14174,1963,1952,22,1974,4
2021-12-13,Monterey,053,433212,50572,49222,3347,52569,631
2021-12-13,Napa,055,140530,13639,13518,132,13650,107
2021-12-13,Nevada,057,99092,10051,9946,350,10296,106
2021-12-13,Orange,059,3164182,319711,317112,16434,333546,5824
2021-12-13,Placer,061,380077,39597,39168,3931,43099,481
2021-12-13,Plumas,063,18699,2011,1943,48,1991,12
2021-12-13,Riverside,065,2383286,382563,377728,16792,394520,5414
2021-12-13,Sacramento,067,1510023,167697,166439,5071,171510,2392
2021-12-13,San Benito,069,59416,7880,7856,183,8039,79
2021-12-13,San Bernardino,071,2135413,373950,370274,11919,382193,6011
2021-12-13,San Diego,073,3302833,397332,395266,23200,418466,4389
2021-12-13,San Francisco,075,870044,56266,55245,2468,57713,678
2021-12-13,San Joaquin,077,732212,104171,103449,5634,109083,1846
2021-12-13,San Luis Obispo,079,281455,31127,30746,1367,32113,363
2021-12-13,San Mateo,081,765935,56905,55569,1003,56572,580
2021-12-13,Santa Barbara,083,443738,46921,46608,1630,48238,560
2021-12-13,Santa Clara,085,1922200,155229,153672,1722,155394,1944
2021-12-13,Santa Cruz,087,273765,21970,21698,1037,22735,225
2021-12-13,Shasta,089,179085,22871,22731,3723,26454,426
2021-12-13,Sierra,091,2930,201,199,21,220,0
2021-12-13,Siskiyou,093,43540,3495,3426,1362,4788,57
2021-12-13,Solano,095,438530,47761,47045,1363,48408,365
2021-12-13,Sonoma,097,501317,43929,43492,591,44083,407
2021-12-13,Stanislaus,099,539301,82279,82507,9329,91836,1282
2021-12-13,Sutter,101,95872,14411,14408,407,14815,188
2021-12-13,Tehama,103,63373,8888,8800,1544,10344,134
2021-12-13,Trinity,105,12862,912,820,220,1040,17
2021-12-13,Tulare,107,460477,71805,70758,16319,87077,1114
2021-12-13,Tuolumne,109,53932,7856,7804,115,7919,91
2021-12-13,Ventura,111,848112,102126,101180,4485,105665,1197
2021-12-13,Yolo,113,214977,20965,20706,1195,21901,267
2021-12-13,Yuba,115,75493,10648,10570,401,10971,92
2021-12-12,Alameda,001,1643700,124709,124075,2944,127019,1503
2021-12-12,Alpine,003,1148,107,109,0,109,0
2021-12-12,Amador,005,37829,5814,5797,72,5869,69
2021-12-12,Butte,007,227075,22111,21874,4035,25909,326
2021-12-12,Calaveras,009,45235,4537,4501,63,4564,89
2021-12-12,Colusa,011,21464,2645,2627,680,3307,21
2021-12-12,Contra Costa,013,1133247,103684,102976,2357,105333,1065
2021-12-12,Del Norte,015,27424,3806,3793,55,3848,42
2021-12-12,El Dorado,017,186661,17122,16890,1810,18700,170
2021-12-12,Fresno,019,978130,147900,146518,13237,159755,2310
2021-12-12,Glenn,021,27897,3616,3589,1051,4640,37
2021-12-12,Humboldt,023,135768,9913,9804,705,10509,118
2021-12-12,Imperial,025,180216,36355,35926,3803,39729,787
2021-12-12,Inyo,027,18085,2617,2592,39,2631,46
2021-12-12,Kern,029,883053,134329,133314,24233,157547,1861
2021-12-12,Kings,031,150075,33944,33661,2033,35694,372
2021-12-12,Lake,033,64148,7011,6955,162,7117,115
2021-12-12,Lassen,035,31185,7090,7057,424,7481,55
2021-12-12,Los Angeles,037,10098052,1491181,1479054,56555,1535609,27074
2021-12-12,Madera,039,155013,24677,24493,2331,26824,311
2021-12-12,Marin,041,260295,18606,18451,548,18999,249
2021-12-12,Mariposa,043,17540,1478,1461,61,1522,6
2021-12-12,Mendocino,045,87422,8281,8190,686,8876,95
2021-12-12,Merced,047,269075,43860,43821,2172,45993,682
2021-12-12,Modoc,049,8938,596,595,202,797,6
2021-12-12,Mono,051,14174,1959,1947,22,1969,4
2021-12-12,Monterey,053,433212,50519,49192,3321,52513,631
2021-12-12,Napa,055,140530,13596,13508,130,13638,107
2021-12-12,Nevada,057,99092,10024,9938,349,10287,106
2021-12-12,Orange,059,3164182,319205,316918,16369,333287,5825
2021-12-12,Placer,061,380077,39532,39139,3925,43064,481
2021-12-12,Plumas,063,18699,2007,1942,46,1988,12
2021-12-12,Riverside,065,2383286,381885,377467,16767,394234,5414
2021-12-12,Sacramento,067,1510023,167430,166291,5050,171341,2392
2021-12-12,San Benito,069,59416,7860,7853,183,8036,79
2021-12-12,San Bernardino,071,2135413,373303,369977,11895,381872,6011
2021-12-12,San Diego,073,3302833,396437,393307,23162,416469,4378
2021-12-12,San Francisco,075,870044,56010,55180,2456,57636,678
2021-12-12,San Joaquin,077,732212,104032,103405,5624,109029,1846
2021-12-12,San Luis Obispo,079,281455,31074,30719,1365,32084,363
2021-12-12,San Mateo,081,765935,56788,55505,999,56504,580
2021-12-12,Santa Barbara,083,443738,46846,46586,1628,48214,560
2021-12-12,Santa Clara,085,1922200,154949,153452,1708,155160,1945
2021-12-12,Santa Cruz,087,273765,21921,21671,1035,22706,225
2021-12-12,Shasta,089,179085,22843,22732,3722,26454,426
2021-12-12,Sierra,091,2930,201,199,21,220,0
2021-12-12,Siskiyou,093,43540,3495,3424,1362,4786,57
2021-12-12,Solano,095,438530,47695,47021,1360,48381,365
2021-12-12,Sonoma,097,501317,43836,43424,588,44012,407
2021-12-12,Stanislaus,099,539301,82181,82460,9316,91776,1282
2021-12-12,Sutter,101,95872,14400,14396,407,14803,189
2021-12-12,Tehama,103,63373,8877,8796,1542,10338,134
2021-12-12,Trinity,105,12862,910,820,220,1040,17
2021-12-12,Tulare,107,460477,71728,70733,16277,87010,1115
2021-12-12,Tuolumne,109,53932,7839,7794,115,7909,91
2021-12-12,Ventura,111,848112,101933,101105,4471,105576,1197
2021-12-12,Yolo,113,214977,20915,20685,1183,21868,267
2021-12-12,Yuba,115,75493,10634,10565,398,10963,92
2021-12-11,Alameda,001,1643700,124572,123572,2942,126514,1496
2021-12-11,Alpine,003,1148,107,109,0,109,0
2021-12-11,Amador,005,37829,5809,5787,72,5859,69
2021-12-11,Butte,007,227075,22097,21819,4033,25852,326
2021-12-11,Calaveras,009,45235,4529,4469,62,4531,89
2021-12-11,Colusa,011,21464,2641,2619,679,3298,21
2021-12-11,Contra Costa,013,1133247,103598,102618,2355,104973,1061
2021-12-11,Del Norte,015,27424,3806,3778,55,3833,42
2021-12-11,El Dorado,017,186661,17102,16796,1809,18605,170
2021-12-11,Fresno,019,978130,147813,145988,13228,159216,2294
2021-12-11,Glenn,021,27897,3614,3585,1051,4636,37
2021-12-11,Humboldt,023,135768,9896,9721,702,10423,118
2021-12-11,Imperial,025,180216,36297,35635,3794,39429,782
2021-12-11,Inyo,027,18085,2612,2576,39,2615,46
2021-12-11,Kern,029,883053,134260,132852,24199,157051,1854
2021-12-11,Kings,031,150075,33931,33530,2031,35561,371
2021-12-11,Lake,033,64148,7010,6932,160,7092,114
2021-12-11,Lassen,035,31185,7089,7049,424,7473,55
2021-12-11,Los Angeles,037,10098052,1489967,1474030,56464,1530494,27031
2021-12-11,Madera,039,155013,24671,24417,2330,26747,311
2021-12-11,Marin,041,260295,18572,18339,545,18884,249
2021-12-11,Mariposa,043,17540,1477,1450,61,1511,6
2021-12-11,Mendocino,045,87422,8274,8130,686,8816,95
2021-12-11,Merced,047,269075,43841,43690,2171,45861,681
2021-12-11,Modoc,049,8938,596,594,202,796,6
2021-12-11,Mono,051,14174,1955,1926,22,1948,4
2021-12-11,Monterey,053,433212,50491,49008,3318,52326,631
2021-12-11,Napa,055,140530,13579,13459,130,13589,107
2021-12-11,Nevada,057,99092,10011,9880,349,10229,106
2021-12-11,Orange,059,3164182,318955,315759,16342,332101,5805
2021-12-11,Placer,061,380077,39474,38959,3918,42877,481
2021-12-11,Plumas,063,18699,2001,1934,46,1980,12
2021-12-11,Riverside,065,2383286,381465,375649,16752,392401,5408
2021-12-11,Sacramento,067,1510023,167299,165530,5043,170573,2386
2021-12-11,San Benito,069,59416,7846,7808,183,7991,79
2021-12-11,San Bernardino,071,2135413,372938,368145,11885,380030,6007
2021-12-11,San Diego,073,3302833,396014,392274,23124,415398,4374
2021-12-11,San Francisco,075,870044,55858,54869,2451,57320,678
2021-12-11,San Joaquin,077,732212,103971,103013,5620,108633,1842
2021-12-11,San Luis Obispo,079,281455,31052,30567,1361,31928,362
2021-12-11,San Mateo,081,765935,56709,55284,997,56281,580
2021-12-11,Santa Barbara,083,443738,46811,46309,1628,47937,559
2021-12-11,Santa Clara,085,1922200,154751,152846,1696,154542,1941
2021-12-11,Santa Cruz,087,273765,21897,21557,1035,22592,225
2021-12-11,Shasta,089,179085,22828,22660,3718,26378,419
2021-12-11,Sierra,091,2930,201,199,21,220,0
2021-12-11,Siskiyou,093,43540,3489,3418,1359,4777,57
2021-12-11,Solano,095,438530,47666,46891,1356,48247,365
2021-12-11,Sonoma,097,501317,43788,43227,588,43815,407
2021-12-11,Stanislaus,099,539301,82132,82133,9307,91440,1264
2021-12-11,Sutter,101,95872,14391,14354,407,14761,187
2021-12-11,Tehama,103,63373,8874,8776,1540,10316,134
2021-12-11,Trinity,105,12862,910,819,220,1039,17
2021-12-11,Tulare,107,460477,71684,70523,16267,86790,1103
2021-12-11,Tuolumne,109,53932,7830,7760,115,7875,91
2021-12-11,Ventura,111,848112,101858,100711,4464,105175,1195
2021-12-11,Yolo,113,214977,20896,20608,1179,21787,267
2021-12-11,Yuba,115,75493,10622,10519,397,10916,92
2021-12-10,Alameda,001,1643700,124448,123572,2934,126506,1496
2021-12-10,Alpine,003,1148,106,109,0,109,0
2021-12-10,Amador,005,37829,5802,5787,72,5859,69
2021-12-10,Butte,007,227075,22084,21819,4031,25850,326
2021-12-10,Calaveras,009,45235,4526,4469,62,4531,89
2021-12-10,Colusa,011,21464,2640,2619,679,3298,21
2021-12-10,Contra Costa,013,1133247,103502,102618,2354,104972,1061
2021-12-10,Del Norte,015,27424,3806,3778,55,3833,42
2021-12-10,El Dorado,017,186661,17089,16796,1809,18605,170
2021-12-10,Fresno,019,978130,147725,145988,13217,159205,2294
2021-12-10,Glenn,021,27897,3614,3585,1051,4636,37
2021-12-10,Humboldt,023,135768,9879,9721,700,10421,118
2021-12-10,Imperial,025,180216,36242,35635,3779,39414,782
2021-12-10,Inyo,027,18085,2609,2576,39,2615,46
2021-12-10,Kern,029,883053,134171,132852,24175,157027,1854
2021-12-10,Kings,031,150075,33916,33530,2029,35559,371
2021-12-10,Lake,033,64148,7003,6932,160,7092,114
2021-12-10,Lassen,035,31185,7088,7049,424,7473,55
2021-12-10,Los Angeles,037,10098052,1488880,1474030,56377,1530407,27031
2021-12-10,Madera,039,155013,24653,24417,2328,26745,311
2021-12-10,Marin,041,260295,18550,18339,545,18884,249
2021-12-10,Mariposa,043,17540,1474,1450,61,1511,6
2021-12-10,Mendocino,045,87422,8267,8130,685,8815,95
2021-12-10,Merced,047,269075,43823,43690,2169,45859,681
2021-12-10,Modoc,049,8938,596,594,202,796,6
2021-12-10,Mono,051,14174,1952,1926,22,1948,4
2021-12-10,Monterey,053,433212,50454,49008,3312,52320,631
2021-12-10,Napa,055,140530,13567,13459,129,13588,107
2021-12-10,Nevada,057,99092,10002,9880,349,10229,106
2021-12-10,Orange,059,3164182,318688,315759,16310,332069,5805
2021-12-10,Placer,061,380077,39432,38959,3915,42874,481
2021-12-10,Plumas,063,18699,1999,1934,46,1980,12
2021-12-10,Riverside,065,2383286,381059,375649,16742,392391,5408
2021-12-10,Sacramento,067,1510023,167146,165530,5041,170571,2386
2021-12-10,San Benito,069,59416,7842,7808,183,7991,79
2021-12-10,San Bernardino,071,2135413,372566,368145,11862,380007,6007
2021-12-10,San Diego,073,3302833,395534,392274,23110,415384,4374
2021-12-10,San Francisco,075,870044,55773,54869,2445,57314,678
2021-12-10,San Joaquin,077,732212,103916,103013,5616,108629,1842
2021-12-10,San Luis Obispo,079,281455,31042,30567,1358,31925,362
2021-12-10,San Mateo,081,765935,56652,55284,994,56278,580
2021-12-10,Santa Barbara,083,443738,46774,46309,1627,47936,559
2021-12-10,Santa Clara,085,1922200,154581,152846,1683,154529,1941
2021-12-10,Santa Cruz,087,273765,21877,21557,1034,22591,225
2021-12-10,Shasta,089,179085,22817,22660,3715,26375,419
2021-12-10,Sierra,091,2930,201,199,21,220,0
2021-12-10,Siskiyou,093,43540,3482,3418,1359,4777,57
2021-12-10,Solano,095,438530,47624,46891,1352,48243,365
2021-12-10,Sonoma,097,501317,43754,43227,587,43814,407
2021-12-10,Stanislaus,099,539301,82066,82133,9301,91434,1264
2021-12-10,Sutter,101,95872,14383,14354,407,14761,187
2021-12-10,Tehama,103,63373,8872,8776,1538,10314,134
2021-12-10,Trinity,105,12862,910,819,220,1039,17
2021-12-10,Tulare,107,460477,71655,70523,16243,86766,1103
2021-12-10,Tuolumne,109,53932,7824,7760,115,7875,91
2021-12-10,Ventura,111,848112,101754,100711,4461,105172,1195
2021-12-10,Yolo,113,214977,20882,20608,1177,21785,267
2021-12-10,Yuba,115,75493,10610,10519,396,10915,92
2021-12-09,Alameda,001,1643700,124305,123572,2929,126501,1496
2021-12-09,Alpine,003,1148,106,109,0,109,0
2021-12-09,Amador,005,37829,5799,5787,71,5858,69
2021-12-09,Butte,007,227075,22064,21819,4027,25846,326
2021-12-09,Calaveras,009,45235,4517,4469,62,4531,89
2021-12-09,Colusa,011,21464,2638,2619,679,3298,21
2021-12-09,Contra Costa,013,1133247,103383,102618,2348,104966,1061
2021-12-09,Del Norte,015,27424,3805,3778,55,3833,42
2021-12-09,El Dorado,017,186661,17061,16796,1804,18600,170
2021-12-09,Fresno,019,978130,147578,145988,13205,159193,2294
2021-12-09,Glenn,021,27897,3614,3585,1051,4636,37
2021-12-09,Humboldt,023,135768,9856,9721,699,10420,118
2021-12-09,Imperial,025,180216,36171,35635,3750,39385,782
2021-12-09,Inyo,027,18085,2607,2576,39,2615,46
2021-12-09,Kern,029,883053,134045,132852,24142,156994,1854
2021-12-09,Kings,031,150075,33889,33530,2026,35556,371
2021-12-09,Lake,033,64148,6995,6932,160,7092,114
2021-12-09,Lassen,035,31185,7086,7049,424,7473,55
2021-12-09,Los Angeles,037,10098052,1487340,1474030,56292,1530322,27031
2021-12-09,Madera,039,155013,24628,24417,2325,26742,311
2021-12-09,Marin,041,260295,18536,18339,543,18882,249
2021-12-09,Mariposa,043,17540,1473,1450,61,1511,6
2021-12-09,Mendocino,045,87422,8254,8130,682,8812,95
2021-12-09,Merced,047,269075,43785,43690,2157,45847,681
2021-12-09,Modoc,049,8938,596,594,202,796,6
2021-12-09,Mono,051,14174,1948,1926,22,1948,4
2021-12-09,Monterey,053,433212,50407,49008,3301,52309,631
2021-12-09,Napa,055,140530,13547,13459,125,13584,107
2021-12-09,Nevada,057,99092,9983,9880,349,10229,106
2021-12-09,Orange,059,3164182,318352,315759,16271,332030,5805
2021-12-09,Placer,061,380077,39388,38959,3902,42861,481
2021-12-09,Plumas,063,18699,1991,1934,46,1980,12
2021-12-09,Riverside,065,2383286,380509,375649,16726,392375,5408
2021-12-09,Sacramento,067,1510023,166925,165530,5026,170556,2386
2021-12-09,San Benito,069,59416,7830,7808,182,7990,79
2021-12-09,San Bernardino,071,2135413,372052,368145,11838,379983,6007
2021-12-09,San Diego,073,3302833,394887,392274,23080,415354,4374
2021-12-09,San Francisco,075,870044,55688,54869,2438,57307,678
2021-12-09,San Joaquin,077,732212,103824,103013,5610,108623,1842
2021-12-09,San Luis Obispo,079,281455,31014,30567,1356,31923,362
2021-12-09,San Mateo,081,765935,56564,55284,992,56276,580
2021-12-09,Santa Barbara,083,443738,46694,46309,1621,47930,559
2021-12-09,Santa Clara,085,1922200,154366,152846,1672,154518,1941
2021-12-09,Santa Cruz,087,273765,21849,21557,1034,22591,225
2021-12-09,Shasta,089,179085,22801,22660,3714,26374,419
2021-12-09,Sierra,091,2930,201,199,21,220,0
2021-12-09,Siskiyou,093,43540,3478,3418,1358,4776,57
2021-12-09,Solano,095,438530,47587,46891,1350,48241,365
2021-12-09,Sonoma,097,501317,43697,43227,585,43812,407
2021-12-09,Stanislaus,099,539301,81996,82133,9286,91419,1264
2021-12-09,Sutter,101,95872,14368,14354,407,14761,187
2021-12-09,Tehama,103,63373,8865,8776,1536,10312,134
2021-12-09,Trinity,105,12862,910,819,220,1039,17
2021-12-09,Tulare,107,460477,71600,70523,16214,86737,1103
2021-12-09,Tuolumne,109,53932,7813,7760,114,7874,91
2021-12-09,Ventura,111,848112,101609,100711,4449,105160,1195
2021-12-09,Yolo,113,214977,20859,20608,1169,21777,267
2021-12-09,Yuba,115,75493,10602,10519,393,10912,92
2021-12-08,Alameda,001,1643700,124155,123438,2919,126357,1496
2021-12-08,Alpine,003,1148,106,108,0,108,0
2021-12-08,Amador,005,37829,5794,5781,71,5852,69
2021-12-08,Butte,007,227075,22047,21780,4024,25804,326
2021-12-08,Calaveras,009,45235,4509,4455,62,4517,89
2021-12-08,Colusa,011,21464,2635,2619,678,3297,21
2021-12-08,Contra Costa,013,1133247,103254,102506,2348,104854,1058
2021-12-08,Del Norte,015,27424,3804,3767,55,3822,42
2021-12-08,El Dorado,017,186661,17029,16757,1804,18561,170
2021-12-08,Fresno,019,978130,147418,145830,13191,159021,2293
2021-12-08,Glenn,021,27897,3614,3584,1047,4631,37
2021-12-08,Humboldt,023,135768,9835,9704,697,10401,117
2021-12-08,Imperial,025,180216,36090,35537,3720,39257,782
2021-12-08,Inyo,027,18085,2604,2570,39,2609,46
2021-12-08,Kern,029,883053,133922,132709,24094,156803,1846
2021-12-08,Kings,031,150075,33855,33468,2025,35493,371
2021-12-08,Lake,033,64148,6989,6927,159,7086,114
2021-12-08,Lassen,035,31185,7085,7041,422,7463,55
2021-12-08,Los Angeles,037,10098052,1485793,1472410,56182,1528592,27018
2021-12-08,Madera,039,155013,24607,24396,2318,26714,311
2021-12-08,Marin,041,260295,18515,18305,540,18845,249
2021-12-08,Mariposa,043,17540,1470,1447,61,1508,6
2021-12-08,Mendocino,045,87422,8241,8118,681,8799,95
2021-12-08,Merced,047,269075,43753,43631,2150,45781,680
2021-12-08,Modoc,049,8938,596,594,202,796,6
2021-12-08,Mono,051,14174,1942,1924,22,1946,4
2021-12-08,Monterey,053,433212,50342,48957,3286,52243,631
2021-12-08,Napa,055,140530,13533,13421,125,13546,107
2021-12-08,Nevada,057,99092,9967,9862,349,10211,106
2021-12-08,Orange,059,3164182,318005,315421,16234,331655,5795
2021-12-08,Placer,061,380077,39337,38934,3898,42832,478
2021-12-08,Plumas,063,18699,1989,1924,46,1970,12
2021-12-08,Riverside,065,2383286,379997,375099,16703,391802,5404
2021-12-08,Sacramento,067,1510023,166670,165278,4999,170277,2373
2021-12-08,San Benito,069,59416,7821,7793,182,7975,79
2021-12-08,San Bernardino,071,2135413,371570,367516,11813,379329,6006
2021-12-08,San Diego,073,3302833,394237,391676,23048,414724,4369
2021-12-08,San Francisco,075,870044,55601,54792,2430,57222,677
2021-12-08,San Joaquin,077,732212,103722,102877,5601,108478,1841
2021-12-08,San Luis Obispo,079,281455,30965,30519,1351,31870,361
2021-12-08,San Mateo,081,765935,56497,55220,986,56206,580
2021-12-08,Santa Barbara,083,443738,46639,46250,1618,47868,558
2021-12-08,Santa Clara,085,1922200,154202,152674,1661,154335,1937
2021-12-08,Santa Cruz,087,273765,21803,21505,1032,22537,224
2021-12-08,Shasta,089,179085,22781,22616,3708,26324,419
2021-12-08,Sierra,091,2930,201,199,21,220,0
2021-12-08,Siskiyou,093,43540,3477,3415,1356,4771,57
2021-12-08,Solano,095,438530,47557,46837,1349,48186,365
2021-12-08,Sonoma,097,501317,43635,43179,584,43763,405
2021-12-08,Stanislaus,099,539301,81915,82038,9273,91311,1264
2021-12-08,Sutter,101,95872,14352,14336,405,14741,187
2021-12-08,Tehama,103,63373,8856,8768,1536,10304,133
2021-12-08,Trinity,105,12862,910,818,220,1038,17
2021-12-08,Tulare,107,460477,71537,70472,16189,86661,1102
2021-12-08,Tuolumne,109,53932,7800,7749,114,7863,91
2021-12-08,Ventura,111,848112,101480,100647,4446,105093,1194
2021-12-08,Yolo,113,214977,20833,20575,1163,21738,267
2021-12-08,Yuba,115,75493,10588,10499,390,10889,92
2021-12-07,Alameda,001,1643700,123981,123325,2911,126236,1497
2021-12-07,Alpine,003,1148,106,108,0,108,0
2021-12-07,Amador,005,37829,5791,5778,70,5848,69
2021-12-07,Butte,007,227075,22022,21761,4018,25779,324
2021-12-07,Calaveras,009,45235,4492,4445,62,4507,88
2021-12-07,Colusa,011,21464,2633,2619,678,3297,21
2021-12-07,Contra Costa,013,1133247,103135,102421,2340,104761,1058
2021-12-07,Del Norte,015,27424,3803,3766,55,3821,42
2021-12-07,El Dorado,017,186661,17003,16742,1801,18543,170
2021-12-07,Fresno,019,978130,147270,145715,13177,158892,2289
2021-12-07,Glenn,021,27897,3613,3579,1047,4626,36
2021-12-07,Humboldt,023,135768,9809,9693,692,10385,117
2021-12-07,Imperial,025,180216,36012,35502,3699,39201,778
2021-12-07,Inyo,027,18085,2601,2567,39,2606,46
2021-12-07,Kern,029,883053,133762,132564,24041,156605,1838
2021-12-07,Kings,031,150075,33823,33441,2022,35463,372
2021-12-07,Lake,033,64148,6984,6925,159,7084,113
2021-12-07,Lassen,035,31185,7083,7040,421,7461,55
2021-12-07,Los Angeles,037,10098052,1484016,1470904,56082,1526986,27007
2021-12-07,Madera,039,155013,24584,24367,2311,26678,311
2021-12-07,Marin,041,260295,18482,18284,534,18818,249
2021-12-07,Mariposa,043,17540,1468,1446,61,1507,6
2021-12-07,Mendocino,045,87422,8222,8107,681,8788,95
2021-12-07,Merced,047,269075,43712,43600,2143,45743,675
2021-12-07,Modoc,049,8938,596,594,201,795,6
2021-12-07,Mono,051,14174,1940,1921,22,1943,4
2021-12-07,Monterey,053,433212,50259,48880,3269,52149,631
2021-12-07,Napa,055,140530,13515,13409,125,13534,107
2021-12-07,Nevada,057,99092,9952,9858,348,10206,105
2021-12-07,Orange,059,3164182,317671,315138,16185,331323,5784
2021-12-07,Placer,061,380077,39261,38860,3894,42754,474
2021-12-07,Plumas,063,18699,1985,1915,46,1961,12
2021-12-07,Riverside,065,2383286,379464,374552,16687,391239,5397
2021-12-07,Sacramento,067,1510023,166423,165148,4985,170133,2375
2021-12-07,San Benito,069,59416,7804,7776,182,7958,78
2021-12-07,San Bernardino,071,2135413,370977,366981,11795,378776,6007
2021-12-07,San Diego,073,3302833,393394,391110,23010,414120,4357
2021-12-07,San Francisco,075,870044,55490,54729,2425,57154,676
2021-12-07,San Joaquin,077,732212,103605,102797,5589,108386,1839
2021-12-07,San Luis Obispo,079,281455,30925,30495,1349,31844,361
2021-12-07,San Mateo,081,765935,56405,55163,980,56143,580
2021-12-07,Santa Barbara,083,443738,46567,46205,1616,47821,556
2021-12-07,Santa Clara,085,1922200,154016,152465,1652,154117,1941
2021-12-07,Santa Cruz,087,273765,21756,21493,1032,22525,224
2021-12-07,Shasta,089,179085,22759,22594,3705,26299,418
2021-12-07,Sierra,091,2930,201,199,21,220,0
2021-12-07,Siskiyou,093,43540,3475,3412,1356,4768,57
2021-12-07,Solano,095,438530,47517,46812,1347,48159,365
2021-12-07,Sonoma,097,501317,43561,43154,583,43737,405
2021-12-07,Stanislaus,099,539301,81838,81980,9262,91242,1258
2021-12-07,Sutter,101,95872,14344,14322,404,14726,186
2021-12-07,Tehama,103,63373,8848,8765,1535,10300,133
2021-12-07,Trinity,105,12862,910,818,220,1038,17
2021-12-07,Tulare,107,460477,71481,70411,16161,86572,1103
2021-12-07,Tuolumne,109,53932,7792,7743,114,7857,91
2021-12-07,Ventura,111,848112,101383,100569,4436,105005,1194
2021-12-07,Yolo,113,214977,20807,20560,1160,21720,263
2021-12-07,Yuba,115,75493,10570,10491,389,10880,91
2021-12-06,Alameda,001,1643700,123815,123227,2908,126135,1496
2021-12-06,Alpine,003,1148,106,108,0,108,0
2021-12-06,Amador,005,37829,5784,5769,69,5838,67
2021-12-06,Butte,007,227075,22004,21732,4015,25747,321
2021-12-06,Calaveras,009,45235,4485,4443,62,4505,88
2021-12-06,Colusa,011,21464,2632,2615,674,3289,21
2021-12-06,Contra Costa,013,1133247,103014,102327,2336,104663,1058
2021-12-06,Del Norte,015,27424,3801,3744,55,3799,42
2021-12-06,El Dorado,017,186661,16978,16726,1799,18525,168
2021-12-06,Fresno,019,978130,147073,145539,13167,158706,2285
2021-12-06,Glenn,021,27897,3610,3577,1046,4623,36
2021-12-06,Humboldt,023,135768,9789,9671,685,10356,117
2021-12-06,Imperial,025,180216,35931,35453,3681,39134,778
2021-12-06,Inyo,027,18085,2595,2562,38,2600,46
2021-12-06,Kern,029,883053,133574,132366,23985,156351,1835
2021-12-06,Kings,031,150075,33790,33399,2017,35416,368
2021-12-06,Lake,033,64148,6980,6922,159,7081,113
2021-12-06,Lassen,035,31185,7078,7032,419,7451,51
2021-12-06,Los Angeles,037,10098052,1482353,1470059,55990,1526049,26993
2021-12-06,Madera,039,155013,24557,24334,2308,26642,307
2021-12-06,Marin,041,260295,18454,18252,532,18784,249
2021-12-06,Mariposa,043,17540,1465,1443,61,1504,6
2021-12-06,Mendocino,045,87422,8209,8079,677,8756,95
2021-12-06,Merced,047,269075,43672,43549,2133,45682,672
2021-12-06,Modoc,049,8938,596,593,201,794,6
2021-12-06,Mono,051,14174,1935,1913,22,1935,4
2021-12-06,Monterey,053,433212,50182,48831,3250,52081,626
2021-12-06,Napa,055,140530,13492,13387,123,13510,107
2021-12-06,Nevada,057,99092,9924,9847,347,10194,105
2021-12-06,Orange,059,3164182,317291,314859,16143,331002,5771
2021-12-06,Placer,061,380077,39203,38785,3889,42674,473
2021-12-06,Plumas,063,18699,1977,1913,46,1959,10
2021-12-06,Riverside,065,2383286,378939,374116,16673,390789,5388
2021-12-06,Sacramento,067,1510023,166147,164926,4964,169890,2367
2021-12-06,San Benito,069,59416,7788,7755,182,7937,78
2021-12-06,San Bernardino,071,2135413,370415,366606,11768,378374,5998
2021-12-06,San Diego,073,3302833,392548,390389,22965,413354,4352
2021-12-06,San Francisco,075,870044,55382,54659,2420,57079,674
2021-12-06,San Joaquin,077,732212,103477,102728,5582,108310,1837
2021-12-06,San Luis Obispo,079,281455,30888,30464,1347,31811,361
2021-12-06,San Mateo,081,765935,56331,55112,977,56089,580
2021-12-06,Santa Barbara,083,443738,46474,46146,1615,47761,556
2021-12-06,Santa Clara,085,1922200,153807,152310,1635,153945,1937
2021-12-06,Santa Cruz,087,273765,21721,21450,1029,22479,224
2021-12-06,Shasta,089,179085,22736,22556,3697,26253,416
2021-12-06,Sierra,091,2930,200,198,21,219,0
2021-12-06,Siskiyou,093,43540,3473,3409,1351,4760,57
2021-12-06,Solano,095,438530,47472,46748,1346,48094,360
2021-12-06,Sonoma,097,501317,43490,43114,575,43689,405
2021-12-06,Stanislaus,099,539301,81744,81889,9228,91117,1241
2021-12-06,Sutter,101,95872,14332,14319,404,14723,186
2021-12-06,Tehama,103,63373,8840,8760,1535,10295,133
2021-12-06,Trinity,105,12862,910,815,219,1034,17
2021-12-06,Tulare,107,460477,71404,70285,16122,86407,1101
2021-12-06,Tuolumne,109,53932,7778,7726,114,7840,91
2021-12-06,Ventura,111,848112,101282,100426,4428,104854,1194
2021-12-06,Yolo,113,214977,20783,20548,1159,21707,263
2021-12-06,Yuba,115,75493,10555,10480,384,10864,91
2021-12-05,Alameda,001,1643700,123629,123104,2901,126005,1496
2021-12-05,Alpine,003,1148,105,108,0,108,0
2021-12-05,Amador,005,37829,5781,5761,69,5830,67
2021-12-05,Butte,007,227075,21970,21720,4009,25729,320
2021-12-05,Calaveras,009,45235,4469,4434,62,4496,88
2021-12-05,Colusa,011,21464,2631,2615,673,3288,21
2021-12-05,Contra Costa,013,1133247,102882,102251,2326,104577,1058
2021-12-05,Del Norte,015,27424,3799,3751,55,3806,42
2021-12-05,El Dorado,017,186661,16940,16717,1794,18511,168
2021-12-05,Fresno,019,978130,146899,145452,13146,158598,2284
2021-12-05,Glenn,021,27897,3608,3577,1045,4622,36
2021-12-05,Humboldt,023,135768,9758,9662,682,10344,117
2021-12-05,Imperial,025,180216,35837,35422,3652,39074,778
2021-12-05,Inyo,027,18085,2588,2559,38,2597,46
2021-12-05,Kern,029,883053,133410,132286,23933,156219,1833
2021-12-05,Kings,031,150075,33727,33360,2017,35377,369
2021-12-05,Lake,033,64148,6975,6919,158,7077,113
2021-12-05,Lassen,035,31185,7076,7031,419,7450,51
2021-12-05,Los Angeles,037,10098052,1480503,1468937,55855,1524792,26991
2021-12-05,Madera,039,155013,24516,24311,2305,26616,307
2021-12-05,Marin,041,260295,18407,18216,524,18740,249
2021-12-05,Mariposa,043,17540,1462,1440,60,1500,6
2021-12-05,Mendocino,045,87422,8190,8069,671,8740,95
2021-12-05,Merced,047,269075,43628,43534,2124,45658,672
2021-12-05,Modoc,049,8938,596,593,201,794,6
2021-12-05,Mono,051,14174,1928,1907,22,1929,4
2021-12-05,Monterey,053,433212,50110,48813,3218,52031,626
2021-12-05,Napa,055,140530,13466,13382,120,13502,107
2021-12-05,Nevada,057,99092,9903,9827,346,10173,105
2021-12-05,Orange,059,3164182,316855,314560,16101,330661,5771
2021-12-05,Placer,061,380077,39145,38738,3880,42618,473
2021-12-05,Plumas,063,18699,1973,1913,45,1958,9
2021-12-05,Riverside,065,2383286,378281,373827,16643,390470,5388
2021-12-05,Sacramento,067,1510023,165842,164721,4946,169667,2367
2021-12-05,San Benito,069,59416,7771,7748,181,7929,78
2021-12-05,San Bernardino,071,2135413,369707,366282,11721,378003,5998
2021-12-05,San Diego,073,3302833,391753,387979,22916,410895,4351
2021-12-05,San Francisco,075,870044,55281,54603,2418,57021,674
2021-12-05,San Joaquin,077,732212,103336,102698,5577,108275,1837
2021-12-05,San Luis Obispo,079,281455,30818,30454,1344,31798,360
2021-12-05,San Mateo,081,765935,56242,55050,967,56017,580
2021-12-05,Santa Barbara,083,443738,46391,46097,1607,47704,555
2021-12-05,Santa Clara,085,1922200,153554,152114,1616,153730,1933
2021-12-05,Santa Cruz,087,273765,21671,21424,1029,22453,224
2021-12-05,Shasta,089,179085,22680,22550,3696,26246,416
2021-12-05,Sierra,091,2930,200,198,21,219,0
2021-12-05,Siskiyou,093,43540,3471,3409,1350,4759,57
2021-12-05,Solano,095,438530,47409,46715,1344,48059,360
2021-12-05,Sonoma,097,501317,43413,43038,570,43608,405
2021-12-05,Stanislaus,099,539301,81610,81847,9218,91065,1241
2021-12-05,Sutter,101,95872,14309,14303,399,14702,186
2021-12-05,Tehama,103,63373,8832,8755,1533,10288,133
2021-12-05,Trinity,105,12862,909,815,219,1034,17
2021-12-05,Tulare,107,460477,71323,70254,16074,86328,1102
2021-12-05,Tuolumne,109,53932,7765,7718,114,7832,91
2021-12-05,Ventura,111,848112,101146,100367,4415,104782,1194
2021-12-05,Yolo,113,214977,20741,20512,1157,21669,263
2021-12-05,Yuba,115,75493,10542,10467,377,10844,91
2021-12-04,Alameda,001,1643700,123516,122508,2898,125406,1494
2021-12-04,Alpine,003,1148,105,108,0,108,0
2021-12-04,Amador,005,37829,5778,5729,69,5798,67
2021-12-04,Butte,007,227075,21951,21638,4005,25643,318
2021-12-04,Calaveras,009,45235,4461,4392,61,4453,88
2021-12-04,Colusa,011,21464,2631,2600,671,3271,21
2021-12-04,Contra Costa,013,1133247,102810,101824,2320,104144,1056
2021-12-04,Del Norte,015,27424,3796,3726,55,3781,42
2021-12-04,El Dorado,017,186661,16931,16621,1793,18414,168
2021-12-04,Fresno,019,978130,146810,144734,13137,157871,2270
2021-12-04,Glenn,021,27897,3608,3559,1045,4604,36
2021-12-04,Humboldt,023,135768,9743,9596,678,10274,117
2021-12-04,Imperial,025,180216,35784,35206,3639,38845,776
2021-12-04,Inyo,027,18085,2583,2538,38,2576,46
2021-12-04,Kern,029,883053,133330,131771,23910,155681,1817
2021-12-04,Kings,031,150075,33703,33183,2016,35199,367
2021-12-04,Lake,033,64148,6966,6903,158,7061,113
2021-12-04,Lassen,035,31185,7075,7014,417,7431,51
2021-12-04,Los Angeles,037,10098052,1479627,1463270,55778,1519048,26952
2021-12-04,Madera,039,155013,24502,24188,2301,26489,307
2021-12-04,Marin,041,260295,18386,18075,523,18598,249
2021-12-04,Mariposa,043,17540,1458,1421,60,1481,6
2021-12-04,Mendocino,045,87422,8185,7981,671,8652,91
2021-12-04,Merced,047,269075,43601,43337,2122,45459,671
2021-12-04,Modoc,049,8938,596,591,201,792,6
2021-12-04,Mono,051,14174,1928,1883,22,1905,4
2021-12-04,Monterey,053,433212,50078,48682,3211,51893,626
2021-12-04,Napa,055,140530,13456,13327,119,13446,106
2021-12-04,Nevada,057,99092,9895,9752,346,10098,105
2021-12-04,Orange,059,3164182,316623,313112,16075,329187,5748
2021-12-04,Placer,061,380077,39105,38460,3874,42334,473
2021-12-04,Plumas,063,18699,1970,1903,45,1948,7
2021-12-04,Riverside,065,2383286,377922,371768,16637,388405,5381
2021-12-04,Sacramento,067,1510023,165699,163900,4938,168838,2365
2021-12-04,San Benito,069,59416,7745,7688,181,7869,78
2021-12-04,San Bernardino,071,2135413,369318,364154,11708,375862,5983
2021-12-04,San Diego,073,3302833,391273,386710,22886,409596,4350
2021-12-04,San Francisco,075,870044,55213,54286,2415,56701,674
2021-12-04,San Joaquin,077,732212,103281,102286,5575,107861,1835
2021-12-04,San Luis Obispo,079,281455,30797,30318,1340,31658,360
2021-12-04,San Mateo,081,765935,56193,54774,964,55738,579
2021-12-04,Santa Barbara,083,443738,46346,45774,1607,47381,555
2021-12-04,Santa Clara,085,1922200,153400,151275,1602,152877,1928
2021-12-04,Santa Cruz,087,273765,21645,21286,1028,22314,224
2021-12-04,Shasta,089,179085,22663,22418,3694,26112,414
2021-12-04,Sierra,091,2930,200,196,21,217,0
2021-12-04,Siskiyou,093,43540,3469,3398,1350,4748,57
2021-12-04,Solano,095,438530,47389,46529,1343,47872,360
2021-12-04,Sonoma,097,501317,43368,42778,567,43345,405
2021-12-04,Stanislaus,099,539301,81539,81462,9211,90673,1231
2021-12-04,Sutter,101,95872,14301,14258,398,14656,186
2021-12-04,Tehama,103,63373,8830,8742,1533,10275,131
2021-12-04,Trinity,105,12862,908,801,219,1020,17
2021-12-04,Tulare,107,460477,71285,70014,16046,86060,1100
2021-12-04,Tuolumne,109,53932,7760,7676,114,7790,91
2021-12-04,Ventura,111,848112,101055,99751,4411,104162,1192
2021-12-04,Yolo,113,214977,20718,20442,1155,21597,261
2021-12-04,Yuba,115,75493,10531,10418,376,10794,91
2021-12-03,Alameda,001,1643700,123423,122508,2888,125396,1494
2021-12-03,Alpine,003,1148,105,108,0,108,0
2021-12-03,Amador,005,37829,5773,5729,68,5797,67
2021-12-03,Butte,007,227075,21938,21638,4000,25638,318
2021-12-03,Calaveras,009,45235,4452,4392,61,4453,88
2021-12-03,Colusa,011,21464,2629,2600,671,3271,21
2021-12-03,Contra Costa,013,1133247,102737,101824,2314,104138,1056
2021-12-03,Del Norte,015,27424,3794,3726,55,3781,42
2021-12-03,El Dorado,017,186661,16901,16621,1791,18412,168
2021-12-03,Fresno,019,978130,146696,144734,13134,157868,2270
2021-12-03,Glenn,021,27897,3607,3559,1044,4603,36
2021-12-03,Humboldt,023,135768,9726,9596,676,10272,117
2021-12-03,Imperial,025,180216,35742,35206,3609,38815,776
2021-12-03,Inyo,027,18085,2576,2538,38,2576,46
2021-12-03,Kern,029,883053,133258,131771,23875,155646,1817
2021-12-03,Kings,031,150075,33676,33183,2016,35199,367
2021-12-03,Lake,033,64148,6966,6903,158,7061,113
2021-12-03,Lassen,035,31185,7073,7014,416,7430,51
2021-12-03,Los Angeles,037,10098052,1478680,1463270,55702,1518972,26952
2021-12-03,Madera,039,155013,24476,24188,2297,26485,307
2021-12-03,Marin,041,260295,18353,18075,519,18594,249
2021-12-03,Mariposa,043,17540,1456,1421,60,1481,6
2021-12-03,Mendocino,045,87422,8178,7981,671,8652,91
2021-12-03,Merced,047,269075,43578,43337,2119,45456,671
2021-12-03,Modoc,049,8938,596,591,201,792,6
2021-12-03,Mono,051,14174,1922,1883,22,1905,4
2021-12-03,Monterey,053,433212,50039,48682,3200,51882,626
2021-12-03,Napa,055,140530,13444,13327,119,13446,106
2021-12-03,Nevada,057,99092,9884,9752,346,10098,105
2021-12-03,Orange,059,3164182,316355,313112,16044,329156,5748
2021-12-03,Placer,061,380077,39068,38460,3867,42327,473
2021-12-03,Plumas,063,18699,1967,1903,45,1948,7
2021-12-03,Riverside,065,2383286,377529,371768,16631,388399,5381
2021-12-03,Sacramento,067,1510023,165519,163900,4924,168824,2365
2021-12-03,San Benito,069,59416,7738,7688,181,7869,78
2021-12-03,San Bernardino,071,2135413,368869,364154,11697,375851,5983
2021-12-03,San Diego,073,3302833,390797,386710,22862,409572,4350
2021-12-03,San Francisco,075,870044,55143,54286,2411,56697,674
2021-12-03,San Joaquin,077,732212,103225,102286,5574,107860,1835
2021-12-03,San Luis Obispo,079,281455,30771,30318,1337,31655,360
2021-12-03,San Mateo,081,765935,56128,54774,961,55735,579
2021-12-03,Santa Barbara,083,443738,46310,45774,1607,47381,555
2021-12-03,Santa Clara,085,1922200,153218,151275,1587,152862,1928
2021-12-03,Santa Cruz,087,273765,21618,21286,1028,22314,224
2021-12-03,Shasta,089,179085,22648,22418,3694,26112,414
2021-12-03,Sierra,091,2930,200,196,21,217,0
2021-12-03,Siskiyou,093,43540,3466,3398,1348,4746,57
2021-12-03,Solano,095,438530,47347,46529,1342,47871,360
2021-12-03,Sonoma,097,501317,43332,42778,565,43343,405
2021-12-03,Stanislaus,099,539301,81482,81462,9202,90664,1231
2021-12-03,Sutter,101,95872,14288,14258,396,14654,186
2021-12-03,Tehama,103,63373,8829,8742,1532,10274,131
2021-12-03,Trinity,105,12862,908,801,219,1020,17
2021-12-03,Tulare,107,460477,71246,70014,16015,86029,1100
2021-12-03,Tuolumne,109,53932,7751,7676,114,7790,91
2021-12-03,Ventura,111,848112,100969,99751,4404,104155,1192
2021-12-03,Yolo,113,214977,20701,20442,1154,21596,261
2021-12-03,Yuba,115,75493,10523,10418,376,10794,91
2021-12-02,Alameda,001,1643700,123266,122508,2881,125389,1494
2021-12-02,Alpine,003,1148,105,108,0,108,0
2021-12-02,Amador,005,37829,5768,5729,67,5796,67
2021-12-02,Butte,007,227075,21913,21638,3995,25633,318
2021-12-02,Calaveras,009,45235,4442,4392,60,4452,88
2021-12-02,Colusa,011,21464,2628,2600,671,3271,21
2021-12-02,Contra Costa,013,1133247,102623,101824,2310,104134,1056
2021-12-02,Del Norte,015,27424,3786,3726,55,3781,42
2021-12-02,El Dorado,017,186661,16880,16621,1789,18410,168
2021-12-02,Fresno,019,978130,146526,144734,13122,157856,2270
2021-12-02,Glenn,021,27897,3607,3559,1041,4600,36
2021-12-02,Humboldt,023,135768,9707,9596,675,10271,117
2021-12-02,Imperial,025,180216,35674,35206,3587,38793,776
2021-12-02,Inyo,027,18085,2571,2538,38,2576,46
2021-12-02,Kern,029,883053,133087,131771,23823,155594,1817
2021-12-02,Kings,031,150075,33623,33183,2014,35197,367
2021-12-02,Lake,033,64148,6962,6903,158,7061,113
2021-12-02,Lassen,035,31185,7069,7014,416,7430,51
2021-12-02,Los Angeles,037,10098052,1477158,1463270,55615,1518885,26952
2021-12-02,Madera,039,155013,24439,24188,2288,26476,307
2021-12-02,Marin,041,260295,18322,18075,515,18590,249
2021-12-02,Mariposa,043,17540,1453,1421,60,1481,6
2021-12-02,Mendocino,045,87422,8162,7981,670,8651,91
2021-12-02,Merced,047,269075,43532,43337,2114,45451,671
2021-12-02,Modoc,049,8938,595,591,201,792,6
2021-12-02,Mono,051,14174,1916,1883,22,1905,4
2021-12-02,Monterey,053,433212,49964,48682,3178,51860,626
2021-12-02,Napa,055,140530,13431,13327,119,13446,106
2021-12-02,Nevada,057,99092,9866,9752,345,10097,105
2021-12-02,Orange,059,3164182,316011,313112,16007,329119,5748
2021-12-02,Placer,061,380077,39002,38460,3862,42322,473
2021-12-02,Plumas,063,18699,1964,1903,45,1948,7
2021-12-02,Riverside,065,2383286,377001,371768,16621,388389,5381
2021-12-02,Sacramento,067,1510023,165292,163900,4914,168814,2365
2021-12-02,San Benito,069,59416,7718,7688,181,7869,78
2021-12-02,San Bernardino,071,2135413,368315,364154,11676,375830,5983
2021-12-02,San Diego,073,3302833,390156,386710,22807,409517,4350
2021-12-02,San Francisco,075,870044,55048,54286,2406,56692,674
2021-12-02,San Joaquin,077,732212,103111,102286,5569,107855,1835
2021-12-02,San Luis Obispo,079,281455,30737,30318,1330,31648,360
2021-12-02,San Mateo,081,765935,56047,54774,953,55727,579
2021-12-02,Santa Barbara,083,443738,46229,45774,1604,47378,555
2021-12-02,Santa Clara,085,1922200,152972,151275,1570,152845,1928
2021-12-02,Santa Cruz,087,273765,21567,21286,1027,22313,224
2021-12-02,Shasta,089,179085,22615,22418,3693,26111,414
2021-12-02,Sierra,091,2930,200,196,21,217,0
2021-12-02,Siskiyou,093,43540,3465,3398,1341,4739,57
2021-12-02,Solano,095,438530,47297,46529,1340,47869,360
2021-12-02,Sonoma,097,501317,43258,42778,565,43343,405
2021-12-02,Stanislaus,099,539301,81390,81462,9194,90656,1231
2021-12-02,Sutter,101,95872,14275,14258,393,14651,186
2021-12-02,Tehama,103,63373,8822,8742,1530,10272,131
2021-12-02,Trinity,105,12862,908,801,219,1020,17
2021-12-02,Tulare,107,460477,71159,70014,15965,85979,1100
2021-12-02,Tuolumne,109,53932,7736,7676,113,7789,91
2021-12-02,Ventura,111,848112,100844,99751,4402,104153,1192
2021-12-02,Yolo,113,214977,20677,20442,1150,21592,261
2021-12-02,Yuba,115,75493,10507,10418,373,10791,91
2021-12-01,Alameda,001,1643700,123115,122298,2872,125170,1492
2021-12-01,Alpine,003,1148,105,108,0,108,0
2021-12-01,Amador,005,37829,5761,5723,67,5790,67
2021-12-01,Butte,007,227075,21895,21600,3990,25590,318
2021-12-01,Calaveras,009,45235,4437,4371,60,4431,88
2021-12-01,Colusa,011,21464,2621,2595,669,3264,20
2021-12-01,Contra Costa,013,1133247,102515,101651,2300,103951,1048
2021-12-01,Del Norte,015,27424,3784,3722,55,3777,42
2021-12-01,El Dorado,017,186661,16859,16575,1787,18362,166
2021-12-01,Fresno,019,978130,146319,144507,13114,157621,2264
2021-12-01,Glenn,021,27897,3601,3556,1040,4596,36
2021-12-01,Humboldt,023,135768,9683,9573,670,10243,117
2021-12-01,Imperial,025,180216,35594,35085,3560,38645,776
2021-12-01,Inyo,027,18085,2567,2533,38,2571,46
2021-12-01,Kern,029,883053,132940,131580,23768,155348,1804
2021-12-01,Kings,031,150075,33573,33112,2013,35125,364
2021-12-01,Lake,033,64148,6954,6896,157,7053,112
2021-12-01,Lassen,035,31185,7064,7008,414,7422,51
2021-12-01,Los Angeles,037,10098052,1475567,1461394,55520,1516914,26928
2021-12-01,Madera,039,155013,24408,24134,2279,26413,307
2021-12-01,Marin,041,260295,18284,18038,509,18547,249
2021-12-01,Mariposa,043,17540,1449,1415,60,1475,6
2021-12-01,Mendocino,045,87422,8148,7966,665,8631,90
2021-12-01,Merced,047,269075,43477,43259,2093,45352,670
2021-12-01,Modoc,049,8938,595,576,201,777,5
2021-12-01,Mono,051,14174,1911,1876,22,1898,4
2021-12-01,Monterey,053,433212,49915,48611,3169,51780,626
2021-12-01,Napa,055,140530,13414,13319,116,13435,107
2021-12-01,Nevada,057,99092,9853,9706,345,10051,105
2021-12-01,Orange,059,3164182,315644,312772,15971,328743,5735
2021-12-01,Placer,061,380077,38947,38373,3856,42229,472
2021-12-01,Plumas,063,18699,1960,1893,45,1938,7
2021-12-01,Riverside,065,2383286,376475,371189,16604,387793,5369
2021-12-01,Sacramento,067,1510023,165080,163616,4897,168513,2360
2021-12-01,San Benito,069,59416,7704,7669,181,7850,78
2021-12-01,San Bernardino,071,2135413,367721,363368,11650,375018,5973
2021-12-01,San Diego,073,3302833,389359,386056,22751,408807,4346
2021-12-01,San Francisco,075,870044,54966,54199,2399,56598,672
2021-12-01,San Joaquin,077,732212,103003,102109,5568,107677,1834
2021-12-01,San Luis Obispo,079,281455,30695,30238,1326,31564,360
2021-12-01,San Mateo,081,765935,55966,54711,950,55661,579
2021-12-01,Santa Barbara,083,443738,46159,45681,1602,47283,554
2021-12-01,Santa Clara,085,1922200,152752,150961,1552,152513,1925
2021-12-01,Santa Cruz,087,273765,21538,21191,1026,22217,224
2021-12-01,Shasta,089,179085,22584,22375,3687,26062,410
2021-12-01,Sierra,091,2930,200,195,21,216,0
2021-12-01,Siskiyou,093,43540,3462,3391,1341,4732,55
2021-12-01,Solano,095,438530,47252,46485,1340,47825,360
2021-12-01,Sonoma,097,501317,43182,42713,564,43277,405
2021-12-01,Stanislaus,099,539301,81297,81330,9181,90511,1231
2021-12-01,Sutter,101,95872,14260,14229,392,14621,186
2021-12-01,Tehama,103,63373,8812,8728,1530,10258,130
2021-12-01,Trinity,105,12862,903,801,219,1020,17
2021-12-01,Tulare,107,460477,71084,69953,15925,85878,1098
2021-12-01,Tuolumne,109,53932,7728,7655,113,7768,91
2021-12-01,Ventura,111,848112,100738,99680,4391,104071,1191
2021-12-01,Yolo,113,214977,20649,20393,1150,21543,260
2021-12-01,Yuba,115,75493,10496,10401,373,10774,89
2021-11-30,Alameda,001,1643700,122946,122196,2862,125058,1489
2021-11-30,Alpine,003,1148,105,108,0,108,0
2021-11-30,Amador,005,37829,5753,5716,67,5783,66
2021-11-30,Butte,007,227075,21866,21565,3979,25544,318
2021-11-30,Calaveras,009,45235,4419,4360,60,4420,88
2021-11-30,Colusa,011,21464,2620,2592,669,3261,21
2021-11-30,Contra Costa,013,1133247,102379,101538,2293,103831,1046
2021-11-30,Del Norte,015,27424,3778,3718,55,3773,42
2021-11-30,El Dorado,017,186661,16831,16558,1781,18339,166
2021-11-30,Fresno,019,978130,146119,144384,13106,157490,2259
2021-11-30,Glenn,021,27897,3596,3555,1039,4594,36
2021-11-30,Humboldt,023,135768,9652,9539,664,10203,116
2021-11-30,Imperial,025,180216,35486,34999,3533,38532,773
2021-11-30,Inyo,027,18085,2558,2530,38,2568,46
2021-11-30,Kern,029,883053,132769,131451,23711,155162,1799
2021-11-30,Kings,031,150075,33521,33074,2009,35083,362
2021-11-30,Lake,033,64148,6948,6892,155,7047,110
2021-11-30,Lassen,035,31185,7060,7003,413,7416,51
2021-11-30,Los Angeles,037,10098052,1473764,1460177,55420,1515597,26913
2021-11-30,Madera,039,155013,24374,24108,2274,26382,307
2021-11-30,Marin,041,260295,18240,18010,507,18517,249
2021-11-30,Mariposa,043,17540,1443,1412,60,1472,6
2021-11-30,Mendocino,045,87422,8119,7960,659,8619,89
2021-11-30,Merced,047,269075,43409,43200,2085,45285,668
2021-11-30,Modoc,049,8938,594,576,201,777,5
2021-11-30,Mono,051,14174,1908,1873,22,1895,4
2021-11-30,Monterey,053,433212,49852,48581,3159,51740,626
2021-11-30,Napa,055,140530,13394,13308,116,13424,105
2021-11-30,Nevada,057,99092,9837,9699,344,10043,105
2021-11-30,Orange,059,3164182,315222,312451,15929,328380,5724
2021-11-30,Placer,061,380077,38844,38324,3848,42172,470
2021-11-30,Plumas,063,18699,1955,1887,44,1931,7
2021-11-30,Riverside,065,2383286,375791,370739,16579,387318,5358
2021-11-30,Sacramento,067,1510023,164799,163420,4875,168295,2353
2021-11-30,San Benito,069,59416,7682,7645,180,7825,78
2021-11-30,San Bernardino,071,2135413,367035,363006,11627,374633,5967
2021-11-30,San Diego,073,3302833,388431,385405,22704,408109,4340
2021-11-30,San Francisco,075,870044,54860,54147,2390,56537,672
2021-11-30,San Joaquin,077,732212,102877,101972,5560,107532,1834
2021-11-30,San Luis Obispo,079,281455,30670,30200,1324,31524,360
2021-11-30,San Mateo,081,765935,55861,54656,940,55596,579
2021-11-30,Santa Barbara,083,443738,46063,45628,1596,47224,553
2021-11-30,Santa Clara,085,1922200,152493,150799,1535,152334,1929
2021-11-30,Santa Cruz,087,273765,21479,21169,1022,22191,224
2021-11-30,Shasta,089,179085,22554,22347,3684,26031,401
2021-11-30,Sierra,091,2930,197,195,21,216,0
2021-11-30,Siskiyou,093,43540,3458,3385,1338,4723,55
2021-11-30,Solano,095,438530,47189,46434,1334,47768,358
2021-11-30,Sonoma,097,501317,43103,42663,561,43224,405
2021-11-30,Stanislaus,099,539301,81197,81276,9153,90429,1227
2021-11-30,Sutter,101,95872,14249,14210,389,14599,186
2021-11-30,Tehama,103,63373,8805,8727,1529,10256,130
2021-11-30,Trinity,105,12862,902,799,219,1018,17
2021-11-30,Tulare,107,460477,70997,69900,15879,85779,1099
2021-11-30,Tuolumne,109,53932,7713,7643,113,7756,91
2021-11-30,Ventura,111,848112,100584,99601,4380,103981,1191
2021-11-30,Yolo,113,214977,20607,20376,1144,21520,260
2021-11-30,Yuba,115,75493,10477,10398,368,10766,89
2021-11-29,Alameda,001,1643700,122785,122136,2853,124989,1489
2021-11-29,Alpine,003,1148,105,108,0,108,0
2021-11-29,Amador,005,37829,5746,5706,67,5773,66
2021-11-29,Butte,007,227075,21836,21544,3971,25515,314
2021-11-29,Calaveras,009,45235,4403,4353,60,4413,88
2021-11-29,Colusa,011,21464,2618,2585,666,3251,20
2021-11-29,Contra Costa,013,1133247,102230,101441,2285,103726,1046
2021-11-29,Del Norte,015,27424,3775,3704,55,3759,42
2021-11-29,El Dorado,017,186661,16813,16534,1776,18310,166
2021-11-29,Fresno,019,978130,145912,144282,13083,157365,2254
2021-11-29,Glenn,021,27897,3593,3555,1038,4593,36
2021-11-29,Humboldt,023,135768,9635,9514,657,10171,115
2021-11-29,Imperial,025,180216,35421,34960,3512,38472,773
2021-11-29,Inyo,027,18085,2553,2529,38,2567,46
2021-11-29,Kern,029,883053,132585,131362,23670,155032,1789
2021-11-29,Kings,031,150075,33468,33059,2005,35064,363
2021-11-29,Lake,033,64148,6936,6889,155,7044,110
2021-11-29,Lassen,035,31185,7057,7003,411,7414,51
2021-11-29,Los Angeles,037,10098052,1471917,1459446,55335,1514781,26889
2021-11-29,Madera,039,155013,24338,24069,2266,26335,307
2021-11-29,Marin,041,260295,18193,17980,502,18482,249
2021-11-29,Mariposa,043,17540,1435,1409,60,1469,6
2021-11-29,Mendocino,045,87422,8102,7954,655,8609,89
2021-11-29,Merced,047,269075,43335,43167,2077,45244,667
2021-11-29,Modoc,049,8938,593,569,201,770,5
2021-11-29,Mono,051,14174,1891,1859,22,1881,4
2021-11-29,Monterey,053,433212,49791,48548,3143,51691,626
2021-11-29,Napa,055,140530,13384,13304,116,13420,104
2021-11-29,Nevada,057,99092,9823,9689,344,10033,105
2021-11-29,Orange,059,3164182,314819,312203,15883,328086,5709
2021-11-29,Placer,061,380077,38779,38261,3843,42104,470
2021-11-29,Plumas,063,18699,1952,1884,44,1928,7
2021-11-29,Riverside,065,2383286,375253,370334,16568,386902,5358
2021-11-29,Sacramento,067,1510023,164551,163282,4843,168125,2342
2021-11-29,San Benito,069,59416,7662,7631,179,7810,77
2021-11-29,San Bernardino,071,2135413,366431,362694,11593,374287,5962
2021-11-29,San Diego,073,3302833,387543,384853,22670,407523,4335
2021-11-29,San Francisco,075,870044,54761,54125,2386,56511,669
2021-11-29,San Joaquin,077,732212,102738,101927,5553,107480,1834
2021-11-29,San Luis Obispo,079,281455,30636,30165,1320,31485,359
2021-11-29,San Mateo,081,765935,55758,54622,936,55558,579
2021-11-29,Santa Barbara,083,443738,45966,45576,1592,47168,549
2021-11-29,Santa Clara,085,1922200,152219,150620,1529,152149,1925
2021-11-29,Santa Cruz,087,273765,21441,21149,1021,22170,224
2021-11-29,Shasta,089,179085,22519,22315,3680,25995,399
2021-11-29,Sierra,091,2930,197,195,21,216,0
2021-11-29,Siskiyou,093,43540,3455,3374,1331,4705,55
2021-11-29,Solano,095,438530,47137,46412,1332,47744,357
2021-11-29,Sonoma,097,501317,43026,42624,558,43182,405
2021-11-29,Stanislaus,099,539301,81115,81227,9135,90362,1223
2021-11-29,Sutter,101,95872,14233,14204,386,14590,186
2021-11-29,Tehama,103,63373,8800,8720,1524,10244,130
2021-11-29,Trinity,105,12862,897,798,219,1017,17
2021-11-29,Tulare,107,460477,70917,69850,15845,85695,1096
2021-11-29,Tuolumne,109,53932,7700,7627,113,7740,90
2021-11-29,Ventura,111,848112,100464,99520,4371,103891,1190
2021-11-29,Yolo,113,214977,20562,20344,1142,21486,257
2021-11-29,Yuba,115,75493,10460,10395,367,10762,89
2021-11-28,Alameda,001,1643700,122565,122082,2847,124929,1491
2021-11-28,Alpine,003,1148,105,108,0,108,0
2021-11-28,Amador,005,37829,5736,5703,67,5770,66
2021-11-28,Butte,007,227075,21795,21530,3968,25498,313
2021-11-28,Calaveras,009,45235,4382,4350,60,4410,88
2021-11-28,Colusa,011,21464,2614,2586,665,3251,19
2021-11-28,Contra Costa,013,1133247,102057,101355,2275,103630,1046
2021-11-28,Del Norte,015,27424,3770,3703,55,3758,42
2021-11-28,El Dorado,017,186661,16772,16527,1775,18302,166
2021-11-28,Fresno,019,978130,145666,144164,13057,157221,2252
2021-11-28,Glenn,021,27897,3590,3547,1036,4583,36
2021-11-28,Humboldt,023,135768,9603,9499,653,10152,115
2021-11-28,Imperial,025,180216,35313,34929,3488,38417,773
2021-11-28,Inyo,027,18085,2546,2531,38,2569,46
2021-11-28,Kern,029,883053,132379,131279,23613,154892,1789
2021-11-28,Kings,031,150075,33395,33057,1999,35056,364
2021-11-28,Lake,033,64148,6926,6885,154,7039,110
2021-11-28,Lassen,035,31185,7048,7002,407,7409,51
2021-11-28,Los Angeles,037,10098052,1469745,1458646,55249,1513895,26878
2021-11-28,Madera,039,155013,24290,24055,2259,26314,307
2021-11-28,Marin,041,260295,18145,17962,498,18460,249
2021-11-28,Mariposa,043,17540,1431,1406,60,1466,6
2021-11-28,Mendocino,045,87422,8072,7943,650,8593,89
2021-11-28,Merced,047,269075,43269,43166,2062,45228,667
2021-11-28,Modoc,049,8938,592,569,201,770,5
2021-11-28,Mono,051,14174,1885,1841,22,1863,4
2021-11-28,Monterey,053,433212,49726,48537,3124,51661,626
2021-11-28,Napa,055,140530,13371,13303,116,13419,104
2021-11-28,Nevada,057,99092,9797,9684,343,10027,105
2021-11-28,Orange,059,3164182,314434,312028,15841,327869,5693
2021-11-28,Placer,061,380077,38697,38240,3824,42064,470
2021-11-28,Plumas,063,18699,1946,1884,43,1927,7
2021-11-28,Riverside,065,2383286,374590,370051,16546,386597,5358
2021-11-28,Sacramento,067,1510023,164194,163170,4820,167990,2335
2021-11-28,San Benito,069,59416,7643,7623,178,7801,77
2021-11-28,San Bernardino,071,2135413,365688,362407,11565,373972,5958
2021-11-28,San Diego,073,3302833,386654,383025,22606,405631,4325
2021-11-28,San Francisco,075,870044,54685,54082,2381,56463,669
2021-11-28,San Joaquin,077,732212,102558,101895,5536,107431,1834
2021-11-28,San Luis Obispo,079,281455,30573,30152,1316,31468,358
2021-11-28,San Mateo,081,765935,55664,54567,932,55499,579
2021-11-28,Santa Barbara,083,443738,45887,45551,1581,47132,549
2021-11-28,Santa Clara,085,1922200,151918,150436,1514,151950,1920
2021-11-28,Santa Cruz,087,273765,21370,21110,1020,22130,224
2021-11-28,Shasta,089,179085,22480,22316,3678,25994,400
2021-11-28,Sierra,091,2930,197,195,21,216,0
2021-11-28,Siskiyou,093,43540,3449,3372,1327,4699,55
2021-11-28,Solano,095,438530,47075,46385,1331,47716,356
2021-11-28,Sonoma,097,501317,42940,42583,555,43138,405
2021-11-28,Stanislaus,099,539301,80996,81181,9113,90294,1223
2021-11-28,Sutter,101,95872,14211,14192,380,14572,186
2021-11-28,Tehama,103,63373,8792,8720,1520,10240,130
2021-11-28,Trinity,105,12862,896,797,219,1016,17
2021-11-28,Tulare,107,460477,70820,69833,15793,85626,1095
2021-11-28,Tuolumne,109,53932,7679,7620,113,7733,90
2021-11-28,Ventura,111,848112,100308,99486,4360,103846,1190
2021-11-28,Yolo,113,214977,20519,20333,1141,21474,257
2021-11-28,Yuba,115,75493,10442,10391,365,10756,89
2021-11-27,Alameda,001,1643700,122467,121618,2844,124462,1477
2021-11-27,Alpine,003,1148,105,106,0,106,0
2021-11-27,Amador,005,37829,5735,5670,67,5737,66
2021-11-27,Butte,007,227075,21772,21384,3963,25347,309
2021-11-27,Calaveras,009,45235,4376,4294,60,4354,85
2021-11-27,Colusa,011,21464,2613,2568,663,3231,19
2021-11-27,Contra Costa,013,1133247,101972,100961,2274,103235,1045
2021-11-27,Del Norte,015,27424,3763,3661,55,3716,42
2021-11-27,El Dorado,017,186661,16738,16399,1774,18173,161
2021-11-27,Fresno,019,978130,145554,143386,13051,156437,2246
2021-11-27,Glenn,021,27897,3586,3532,1035,4567,36
2021-11-27,Humboldt,023,135768,9575,9399,651,10050,115
2021-11-27,Imperial,025,180216,35231,34611,3472,38083,769
2021-11-27,Inyo,027,18085,2543,2506,38,2544,45
2021-11-27,Kern,029,883053,132295,130245,23584,153829,1773
2021-11-27,Kings,031,150075,33373,32891,1996,34887,358
2021-11-27,Lake,033,64148,6923,6836,153,6989,110
2021-11-27,Lassen,035,31185,7046,6959,406,7365,47
2021-11-27,Los Angeles,037,10098052,1468739,1454495,55181,1509676,26817
2021-11-27,Madera,039,155013,24269,23880,2254,26134,296
2021-11-27,Marin,041,260295,18106,17857,493,18350,248
2021-11-27,Mariposa,043,17540,1429,1374,60,1434,6
2021-11-27,Mendocino,045,87422,8053,7871,650,8521,89
2021-11-27,Merced,047,269075,43234,42921,2059,44980,664
2021-11-27,Modoc,049,8938,590,551,201,752,5
2021-11-27,Mono,051,14174,1883,1810,22,1832,4
2021-11-27,Monterey,053,433212,49693,48400,3110,51510,625
2021-11-27,Napa,055,140530,13357,13256,116,13372,104
2021-11-27,Nevada,057,99092,9775,9584,342,9926,103
2021-11-27,Orange,059,3164182,314183,310809,15804,326613,5665
2021-11-27,Placer,061,380077,38636,38001,3818,41819,468
2021-11-27,Plumas,063,18699,1942,1860,43,1903,7
2021-11-27,Riverside,065,2383286,374232,367601,16539,384140,5306
2021-11-27,Sacramento,067,1510023,164036,162328,4817,167145,2335
2021-11-27,San Benito,069,59416,7627,7575,178,7753,77
2021-11-27,San Bernardino,071,2135413,365253,360033,11556,371589,5932
2021-11-27,San Diego,073,3302833,386159,382634,22580,405214,4319
2021-11-27,San Francisco,075,870044,54635,53830,2378,56208,669
2021-11-27,San Joaquin,077,732212,102490,101368,5533,106901,1833
2021-11-27,San Luis Obispo,079,281455,30538,29983,1312,31295,358
2021-11-27,San Mateo,081,765935,55607,54360,929,55289,577
2021-11-27,Santa Barbara,083,443738,45833,45318,1579,46897,548
2021-11-27,Santa Clara,085,1922200,151711,149700,1507,151207,1922
2021-11-27,Santa Cruz,087,273765,21330,20929,1017,21946,222
2021-11-27,Shasta,089,179085,22457,22151,3677,25828,396
2021-11-27,Sierra,091,2930,196,194,21,215,0
2021-11-27,Siskiyou,093,43540,3446,3336,1325,4661,54
2021-11-27,Solano,095,438530,47039,46163,1328,47491,356
2021-11-27,Sonoma,097,501317,42877,42368,555,42923,405
2021-11-27,Stanislaus,099,539301,80928,80782,9096,89878,1220
2021-11-27,Sutter,101,95872,14203,14127,379,14506,181
2021-11-27,Tehama,103,63373,8790,8675,1519,10194,129
2021-11-27,Trinity,105,12862,896,789,219,1008,17
2021-11-27,Tulare,107,460477,70768,69377,15777,85154,1082
2021-11-27,Tuolumne,109,53932,7666,7574,113,7687,90
2021-11-27,Ventura,111,848112,100235,99163,4353,103516,1188
2021-11-27,Yolo,113,214977,20498,20237,1132,21369,257
2021-11-27,Yuba,115,75493,10431,10335,365,10700,88
2021-11-26,Alameda,001,1643700,122358,121618,2842,124460,1477
2021-11-26,Alpine,003,1148,105,106,0,106,0
2021-11-26,Amador,005,37829,5731,5670,67,5737,66
2021-11-26,Butte,007,227075,21749,21384,3958,25342,309
2021-11-26,Calaveras,009,45235,4367,4294,60,4354,85
2021-11-26,Colusa,011,21464,2611,2568,662,3230,19
2021-11-26,Contra Costa,013,1133247,101884,100961,2270,103231,1045
2021-11-26,Del Norte,015,27424,3760,3661,55,3716,42
2021-11-26,El Dorado,017,186661,16721,16399,1771,18170,161
2021-11-26,Fresno,019,978130,145421,143386,13041,156427,2246
2021-11-26,Glenn,021,27897,3583,3532,1035,4567,36
2021-11-26,Humboldt,023,135768,9556,9399,647,10046,115
2021-11-26,Imperial,025,180216,35174,34611,3459,38070,769
2021-11-26,Inyo,027,18085,2543,2506,38,2544,45
2021-11-26,Kern,029,883053,132212,130245,23540,153785,1773
2021-11-26,Kings,031,150075,33349,32891,1994,34885,358
2021-11-26,Lake,033,64148,6921,6836,153,6989,110
2021-11-26,Lassen,035,31185,7040,6959,406,7365,47
2021-11-26,Los Angeles,037,10098052,1467891,1454495,55120,1509615,26817
2021-11-26,Madera,039,155013,24242,23880,2252,26132,296
2021-11-26,Marin,041,260295,18077,17857,493,18350,248
2021-11-26,Mariposa,043,17540,1423,1374,59,1433,6
2021-11-26,Mendocino,045,87422,8043,7871,650,8521,89
2021-11-26,Merced,047,269075,43204,42921,2055,44976,664
2021-11-26,Modoc,049,8938,588,551,201,752,5
2021-11-26,Mono,051,14174,1872,1810,22,1832,4
2021-11-26,Monterey,053,433212,49650,48400,3103,51503,625
2021-11-26,Napa,055,140530,13341,13256,116,13372,104
2021-11-26,Nevada,057,99092,9763,9584,342,9926,103
2021-11-26,Orange,059,3164182,313914,310809,15772,326581,5665
2021-11-26,Placer,061,380077,38591,38001,3810,41811,468
2021-11-26,Plumas,063,18699,1937,1860,43,1903,7
2021-11-26,Riverside,065,2383286,373830,367601,16532,384133,5306
2021-11-26,Sacramento,067,1510023,163923,162328,4812,167140,2335
2021-11-26,San Benito,069,59416,7619,7575,178,7753,77
2021-11-26,San Bernardino,071,2135413,364820,360033,11549,371582,5932
2021-11-26,San Diego,073,3302833,385614,382634,22568,405202,4319
2021-11-26,San Francisco,075,870044,54588,53830,2376,56206,669
2021-11-26,San Joaquin,077,732212,102433,101368,5532,106900,1833
2021-11-26,San Luis Obispo,079,281455,30496,29983,1309,31292,358
2021-11-26,San Mateo,081,765935,55544,54360,928,55288,577
2021-11-26,Santa Barbara,083,443738,45786,45318,1578,46896,548
2021-11-26,Santa Clara,085,1922200,151542,149700,1499,151199,1922
2021-11-26,Santa Cruz,087,273765,21290,20929,1017,21946,222
2021-11-26,Shasta,089,179085,22437,22151,3675,25826,396
2021-11-26,Sierra,091,2930,196,194,21,215,0
2021-11-26,Siskiyou,093,43540,3443,3336,1324,4660,54
2021-11-26,Solano,095,438530,46998,46163,1327,47490,356
2021-11-26,Sonoma,097,501317,42827,42368,553,42921,405
2021-11-26,Stanislaus,099,539301,80855,80782,9085,89867,1220
2021-11-26,Sutter,101,95872,14190,14127,378,14505,181
2021-11-26,Tehama,103,63373,8788,8675,1518,10193,129
2021-11-26,Trinity,105,12862,895,789,219,1008,17
2021-11-26,Tulare,107,460477,70722,69377,15745,85122,1082
2021-11-26,Tuolumne,109,53932,7656,7574,113,7687,90
2021-11-26,Ventura,111,848112,100155,99163,4348,103511,1188
2021-11-26,Yolo,113,214977,20479,20237,1125,21362,257
2021-11-26,Yuba,115,75493,10425,10335,365,10700,88
2021-11-25,Alameda,001,1643700,122250,121618,2837,124455,1477
2021-11-25,Alpine,003,1148,105,106,0,106,0
2021-11-25,Amador,005,37829,5723,5670,67,5737,66
2021-11-25,Butte,007,227075,21731,21384,3956,25340,309
2021-11-25,Calaveras,009,45235,4362,4294,60,4354,85
2021-11-25,Colusa,011,21464,2608,2568,660,3228,19
2021-11-25,Contra Costa,013,1133247,101780,100961,2267,103228,1045
2021-11-25,Del Norte,015,27424,3755,3661,55,3716,42
2021-11-25,El Dorado,017,186661,16702,16399,1771,18170,161
2021-11-25,Fresno,019,978130,145287,143386,13032,156418,2246
2021-11-25,Glenn,021,27897,3580,3532,1034,4566,36
2021-11-25,Humboldt,023,135768,9537,9399,644,10043,115
2021-11-25,Imperial,025,180216,35129,34611,3448,38059,769
2021-11-25,Inyo,027,18085,2541,2506,38,2544,45
2021-11-25,Kern,029,883053,132114,130245,23494,153739,1773
2021-11-25,Kings,031,150075,33321,32891,1993,34884,358
2021-11-25,Lake,033,64148,6914,6836,153,6989,110
2021-11-25,Lassen,035,31185,7038,6959,405,7364,47
2021-11-25,Los Angeles,037,10098052,1466921,1454495,55063,1509558,26817
2021-11-25,Madera,039,155013,24206,23880,2251,26131,296
2021-11-25,Marin,041,260295,18050,17857,487,18344,248
2021-11-25,Mariposa,043,17540,1420,1374,59,1433,6
2021-11-25,Mendocino,045,87422,8025,7871,650,8521,89
2021-11-25,Merced,047,269075,43165,42921,2049,44970,664
2021-11-25,Modoc,049,8938,587,551,201,752,5
2021-11-25,Mono,051,14174,1861,1810,22,1832,4
2021-11-25,Monterey,053,433212,49606,48400,3094,51494,625
2021-11-25,Napa,055,140530,13334,13256,116,13372,104
2021-11-25,Nevada,057,99092,9744,9584,339,9923,103
2021-11-25,Orange,059,3164182,313651,310809,15741,326550,5665
2021-11-25,Placer,061,380077,38545,38001,3804,41805,468
2021-11-25,Plumas,063,18699,1935,1860,43,1903,7
2021-11-25,Riverside,065,2383286,373415,367601,16525,384126,5306
2021-11-25,Sacramento,067,1510023,163744,162328,4806,167134,2335
2021-11-25,San Benito,069,59416,7612,7575,178,7753,77
2021-11-25,San Bernardino,071,2135413,364419,360033,11532,371565,5932
2021-11-25,San Diego,073,3302833,385172,382634,22549,405183,4319
2021-11-25,San Francisco,075,870044,54538,53830,2373,56203,669
2021-11-25,San Joaquin,077,732212,102350,101368,5528,106896,1833
2021-11-25,San Luis Obispo,079,281455,30466,29983,1307,31290,358
2021-11-25,San Mateo,081,765935,55495,54360,926,55286,577
2021-11-25,Santa Barbara,083,443738,45747,45318,1576,46894,548
2021-11-25,Santa Clara,085,1922200,151385,149700,1494,151194,1922
2021-11-25,Santa Cruz,087,273765,21257,20929,1017,21946,222
2021-11-25,Shasta,089,179085,22411,22151,3675,25826,396
2021-11-25,Sierra,091,2930,196,194,21,215,0
2021-11-25,Siskiyou,093,43540,3440,3336,1324,4660,54
2021-11-25,Solano,095,438530,46961,46163,1326,47489,356
2021-11-25,Sonoma,097,501317,42770,42368,549,42917,405
2021-11-25,Stanislaus,099,539301,80789,80782,9071,89853,1220
2021-11-25,Sutter,101,95872,14174,14127,377,14504,181
2021-11-25,Tehama,103,63373,8780,8675,1518,10193,129
2021-11-25,Trinity,105,12862,895,789,219,1008,17
2021-11-25,Tulare,107,460477,70654,69377,15719,85096,1082
2021-11-25,Tuolumne,109,53932,7644,7574,113,7687,90
2021-11-25,Ventura,111,848112,100089,99163,4345,103508,1188
2021-11-25,Yolo,113,214977,20449,20237,1121,21358,257
2021-11-25,Yuba,115,75493,10416,10335,364,10699,88
2021-11-24,Alameda,001,1643700,122186,121618,2833,124451,1477
2021-11-24,Alpine,003,1148,105,106,0,106,0
2021-11-24,Amador,005,37829,5713,5670,67,5737,66
2021-11-24,Butte,007,227075,21715,21384,3955,25339,309
2021-11-24,Calaveras,009,45235,4355,4294,60,4354,85
2021-11-24,Colusa,011,21464,2608,2568,659,3227,19
2021-11-24,Contra Costa,013,1133247,101741,100961,2264,103225,1045
2021-11-24,Del Norte,015,27424,3752,3661,55,3716,42
2021-11-24,El Dorado,017,186661,16691,16399,1770,18169,161
2021-11-24,Fresno,019,978130,145233,143386,13031,156417,2246
2021-11-24,Glenn,021,27897,3575,3532,1033,4565,36
2021-11-24,Humboldt,023,135768,9522,9399,644,10043,115
2021-11-24,Imperial,025,180216,35100,34611,3442,38053,769
2021-11-24,Inyo,027,18085,2538,2506,38,2544,45
2021-11-24,Kern,029,883053,132052,130245,23482,153727,1773
2021-11-24,Kings,031,150075,33307,32891,1992,34883,358
2021-11-24,Lake,033,64148,6910,6836,153,6989,110
2021-11-24,Lassen,035,31185,7038,6959,405,7364,47
2021-11-24,Los Angeles,037,10098052,1466436,1454495,55021,1509516,26817
2021-11-24,Madera,039,155013,24183,23880,2245,26125,296
2021-11-24,Marin,041,260295,18038,17857,485,18342,248
2021-11-24,Mariposa,043,17540,1420,1374,59,1433,6
2021-11-24,Mendocino,045,87422,8013,7871,650,8521,89
2021-11-24,Merced,047,269075,43133,42921,2046,44967,664
2021-11-24,Modoc,049,8938,587,551,201,752,5
2021-11-24,Mono,051,14174,1858,1810,22,1832,4
2021-11-24,Monterey,053,433212,49593,48400,3093,51493,625
2021-11-24,Napa,055,140530,13330,13256,116,13372,104
2021-11-24,Nevada,057,99092,9729,9584,339,9923,103
2021-11-24,Orange,059,3164182,313496,310809,15726,326535,5665
2021-11-24,Placer,061,380077,38512,38001,3802,41803,468
2021-11-24,Plumas,063,18699,1933,1860,43,1903,7
2021-11-24,Riverside,065,2383286,373236,367601,16519,384120,5306
2021-11-24,Sacramento,067,1510023,163673,162328,4806,167134,2335
2021-11-24,San Benito,069,59416,7610,7575,178,7753,77
2021-11-24,San Bernardino,071,2135413,364208,360033,11522,371555,5932
2021-11-24,San Diego,073,3302833,384914,382634,22536,405170,4319
2021-11-24,San Francisco,075,870044,54507,53830,2371,56201,669
2021-11-24,San Joaquin,077,732212,102309,101368,5525,106893,1833
2021-11-24,San Luis Obispo,079,281455,30447,29983,1307,31290,358
2021-11-24,San Mateo,081,765935,55465,54360,925,55285,577
2021-11-24,Santa Barbara,083,443738,45720,45318,1576,46894,548
2021-11-24,Santa Clara,085,1922200,151289,149700,1493,151193,1922
2021-11-24,Santa Cruz,087,273765,21234,20929,1016,21945,222
2021-11-24,Shasta,089,179085,22400,22151,3672,25823,396
2021-11-24,Sierra,091,2930,196,194,21,215,0
2021-11-24,Siskiyou,093,43540,3437,3336,1324,4660,54
2021-11-24,Solano,095,438530,46933,46163,1324,47487,356
2021-11-24,Sonoma,097,501317,42738,42368,547,42915,405
2021-11-24,Stanislaus,099,539301,80752,80782,9066,89848,1220
2021-11-24,Sutter,101,95872,14161,14127,375,14502,181
2021-11-24,Tehama,103,63373,8777,8675,1517,10192,129
2021-11-24,Trinity,105,12862,895,789,219,1008,17
2021-11-24,Tulare,107,460477,70630,69377,15700,85077,1082
2021-11-24,Tuolumne,109,53932,7640,7574,113,7687,90
2021-11-24,Ventura,111,848112,100054,99163,4341,103504,1188
2021-11-24,Yolo,113,214977,20441,20237,1120,21357,257
2021-11-24,Yuba,115,75493,10412,10335,363,10698,88
2021-11-23,Alameda,001,1643700,122068,121618,2826,124444,1477
2021-11-23,Alpine,003,1148,105,106,0,106,0
2021-11-23,Amador,005,37829,5706,5670,67,5737,66
2021-11-23,Butte,007,227075,21686,21384,3951,25335,309
2021-11-23,Calaveras,009,45235,4349,4294,59,4353,85
2021-11-23,Colusa,011,21464,2604,2568,657,3225,19
2021-11-23,Contra Costa,013,1133247,101634,100961,2262,103223,1045
2021-11-23,Del Norte,015,27424,3749,3661,55,3716,42
2021-11-23,El Dorado,017,186661,16660,16399,1767,18166,161
2021-11-23,Fresno,019,978130,145094,143386,13022,156408,2246
2021-11-23,Glenn,021,27897,3570,3532,1033,4565,36
2021-11-23,Humboldt,023,135768,9500,9399,641,10040,115
2021-11-23,Imperial,025,180216,35031,34611,3423,38034,769
2021-11-23,Inyo,027,18085,2534,2506,38,2544,45
2021-11-23,Kern,029,883053,131944,130245,23433,153678,1773
2021-11-23,Kings,031,150075,33265,32891,1991,34882,358
2021-11-23,Lake,033,64148,6905,6836,153,6989,110
2021-11-23,Lassen,035,31185,7035,6959,402,7361,47
2021-11-23,Los Angeles,037,10098052,1465426,1454495,54953,1509448,26817
2021-11-23,Madera,039,155013,24157,23880,2243,26123,296
2021-11-23,Marin,041,260295,18007,17857,482,18339,248
2021-11-23,Mariposa,043,17540,1417,1374,59,1433,6
2021-11-23,Mendocino,045,87422,7992,7871,647,8518,89
2021-11-23,Merced,047,269075,43095,42921,2045,44966,664
2021-11-23,Modoc,049,8938,585,551,201,752,5
2021-11-23,Mono,051,14174,1844,1810,22,1832,4
2021-11-23,Monterey,053,433212,49557,48400,3087,51487,625
2021-11-23,Napa,055,140530,13322,13256,116,13372,104
2021-11-23,Nevada,057,99092,9700,9584,338,9922,103
2021-11-23,Orange,059,3164182,313246,310809,15690,326499,5665
2021-11-23,Placer,061,380077,38453,38001,3785,41786,468
2021-11-23,Plumas,063,18699,1929,1860,43,1903,7
2021-11-23,Riverside,065,2383286,372853,367601,16506,384107,5306
2021-11-23,Sacramento,067,1510023,163487,162328,4795,167123,2335
2021-11-23,San Benito,069,59416,7601,7575,176,7751,77
2021-11-23,San Bernardino,071,2135413,363791,360033,11507,371540,5932
2021-11-23,San Diego,073,3302833,384430,382634,22513,405147,4319
2021-11-23,San Francisco,075,870044,54448,53830,2369,56199,669
2021-11-23,San Joaquin,077,732212,102198,101368,5514,106882,1833
2021-11-23,San Luis Obispo,079,281455,30412,29983,1304,31287,358
2021-11-23,San Mateo,081,765935,55415,54360,924,55284,577
2021-11-23,Santa Barbara,083,443738,45667,45318,1576,46894,548
2021-11-23,Santa Clara,085,1922200,151079,149700,1481,151181,1922
2021-11-23,Santa Cruz,087,273765,21196,20929,1016,21945,222
2021-11-23,Shasta,089,179085,22364,22151,3670,25821,396
2021-11-23,Sierra,091,2930,196,194,21,215,0
2021-11-23,Siskiyou,093,43540,3432,3336,1323,4659,54
2021-11-23,Solano,095,438530,46879,46163,1320,47483,356
2021-11-23,Sonoma,097,501317,42687,42368,544,42912,405
2021-11-23,Stanislaus,099,539301,80682,80782,9054,89836,1220
2021-11-23,Sutter,101,95872,14145,14127,374,14501,181
2021-11-23,Tehama,103,63373,8764,8675,1516,10191,129
2021-11-23,Trinity,105,12862,894,789,219,1008,17
2021-11-23,Tulare,107,460477,70583,69377,15670,85047,1082
2021-11-23,Tuolumne,109,53932,7628,7574,112,7686,90
2021-11-23,Ventura,111,848112,99971,99163,4335,103498,1188
2021-11-23,Yolo,113,214977,20420,20237,1112,21349,257
2021-11-23,Yuba,115,75493,10400,10335,363,10698,88
2021-11-22,Alameda,001,1643700,121953,121566,2824,124390,1475
2021-11-22,Alpine,003,1148,105,106,0,106,0
2021-11-22,Amador,005,37829,5693,5670,67,5737,66
2021-11-22,Butte,007,227075,21647,21363,3946,25309,305
2021-11-22,Calaveras,009,45235,4337,4294,59,4353,84
2021-11-22,Colusa,011,21464,2601,2565,657,3222,19
2021-11-22,Contra Costa,013,1133247,101546,100877,2257,103134,1045
2021-11-22,Del Norte,015,27424,3746,3659,55,3714,42
2021-11-22,El Dorado,017,186661,16637,16378,1764,18142,161
2021-11-22,Fresno,019,978130,144961,143290,13014,156304,2243
2021-11-22,Glenn,021,27897,3565,3530,1032,4562,36
2021-11-22,Humboldt,023,135768,9474,9389,636,10025,115
2021-11-22,Imperial,025,180216,34970,34562,3409,37971,766
2021-11-22,Inyo,027,18085,2528,2501,38,2539,44
2021-11-22,Kern,029,883053,131783,130091,23384,153475,1762
2021-11-22,Kings,031,150075,33228,32867,1986,34853,358
2021-11-22,Lake,033,64148,6900,6837,153,6990,110
2021-11-22,Lassen,035,31185,7033,6954,401,7355,47
2021-11-22,Los Angeles,037,10098052,1464361,1453945,54871,1508816,26800
2021-11-22,Madera,039,155013,24123,23872,2235,26107,296
2021-11-22,Marin,041,260295,17976,17842,480,18322,248
2021-11-22,Mariposa,043,17540,1413,1372,59,1431,6
2021-11-22,Mendocino,045,87422,7976,7859,646,8505,89
2021-11-22,Merced,047,269075,43044,42898,2034,44932,660
2021-11-22,Modoc,049,8938,584,551,201,752,5
2021-11-22,Mono,051,14174,1837,1809,22,1831,4
2021-11-22,Monterey,053,433212,49529,48374,3083,51457,611
2021-11-22,Napa,055,140530,13313,13255,115,13370,104
2021-11-22,Nevada,057,99092,9683,9575,336,9911,96
2021-11-22,Orange,059,3164182,313005,310654,15664,326318,5663
2021-11-22,Placer,061,380077,38408,37956,3777,41733,465
2021-11-22,Plumas,063,18699,1926,1858,43,1901,7
2021-11-22,Riverside,065,2383286,372416,367301,16497,383798,5283
2021-11-22,Sacramento,067,1510023,163295,162222,4786,167008,2328
2021-11-22,San Benito,069,59416,7581,7567,176,7743,77
2021-11-22,San Bernardino,071,2135413,363375,359851,11496,371347,5916
2021-11-22,San Diego,073,3302833,383935,382132,22489,404621,4317
2021-11-22,San Francisco,075,870044,54356,53778,2363,56141,669
2021-11-22,San Joaquin,077,732212,102073,101299,5509,106808,1833
2021-11-22,San Luis Obispo,079,281455,30386,29963,1301,31264,358
2021-11-22,San Mateo,081,765935,55358,54330,922,55252,577
2021-11-22,Santa Barbara,083,443738,45591,45279,1576,46855,546
2021-11-22,Santa Clara,085,1922200,150894,149541,1471,151012,1919
2021-11-22,Santa Cruz,087,273765,21155,20891,1016,21907,222
2021-11-22,Shasta,089,179085,22350,22116,3665,25781,393
2021-11-22,Sierra,091,2930,196,193,21,214,0
2021-11-22,Siskiyou,093,43540,3427,3336,1321,4657,54
2021-11-22,Solano,095,438530,46830,46153,1318,47471,356
2021-11-22,Sonoma,097,501317,42626,42344,543,42887,404
2021-11-22,Stanislaus,099,539301,80594,80718,9044,89762,1209
2021-11-22,Sutter,101,95872,14129,14125,372,14497,181
2021-11-22,Tehama,103,63373,8757,8669,1511,10180,127
2021-11-22,Trinity,105,12862,893,785,219,1004,17
2021-11-22,Tulare,107,460477,70522,69314,15634,84948,1075
2021-11-22,Tuolumne,109,53932,7613,7567,112,7679,90
2021-11-22,Ventura,111,848112,99905,99114,4332,103446,1186
2021-11-22,Yolo,113,214977,20398,20227,1110,21337,257
2021-11-22,Yuba,115,75493,10391,10332,362,10694,88
2021-11-21,Alameda,001,1643700,121821,121443,2820,124263,1475
2021-11-21,Alpine,003,1148,103,106,0,106,0
2021-11-21,Amador,005,37829,5688,5662,66,5728,66
2021-11-21,Butte,007,227075,21605,21342,3941,25283,306
2021-11-21,Calaveras,009,45235,4328,4287,59,4346,84
2021-11-21,Colusa,011,21464,2597,2562,656,3218,19
2021-11-21,Contra Costa,013,1133247,101444,100807,2250,103057,1045
2021-11-21,Del Norte,015,27424,3742,3659,55,3714,42
2021-11-21,El Dorado,017,186661,16610,16370,1758,18128,161
2021-11-21,Fresno,019,978130,144789,143203,12994,156197,2242
2021-11-21,Glenn,021,27897,3560,3529,1032,4561,36
2021-11-21,Humboldt,023,135768,9452,9378,635,10013,115
2021-11-21,Imperial,025,180216,34882,34527,3399,37926,766
2021-11-21,Inyo,027,18085,2521,2501,38,2539,44
2021-11-21,Kern,029,883053,131620,130020,23338,153358,1762
2021-11-21,Kings,031,150075,33190,32843,1982,34825,356
2021-11-21,Lake,033,64148,6893,6834,153,6987,110
2021-11-21,Lassen,035,31185,7024,6953,401,7354,47
2021-11-21,Los Angeles,037,10098052,1463293,1453181,54816,1507997,26793
2021-11-21,Madera,039,155013,24098,23856,2230,26086,296
2021-11-21,Marin,041,260295,17947,17829,477,18306,248
2021-11-21,Mariposa,043,17540,1412,1371,58,1429,6
2021-11-21,Mendocino,045,87422,7970,7846,643,8489,89
2021-11-21,Merced,047,269075,42989,42881,2031,44912,660
2021-11-21,Modoc,049,8938,580,551,201,752,5
2021-11-21,Mono,051,14174,1827,1799,21,1820,4
2021-11-21,Monterey,053,433212,49483,48358,3074,51432,611
2021-11-21,Napa,055,140530,13300,13250,115,13365,104
2021-11-21,Nevada,057,99092,9657,9556,335,9891,96
2021-11-21,Orange,059,3164182,312749,310477,15633,326110,5663
2021-11-21,Placer,061,380077,38326,37929,3776,41705,465
2021-11-21,Plumas,063,18699,1921,1858,43,1901,7
2021-11-21,Riverside,065,2383286,371924,367093,16489,383582,5283
2021-11-21,Sacramento,067,1510023,163078,162087,4776,166863,2327
2021-11-21,San Benito,069,59416,7567,7563,175,7738,77
2021-11-21,San Bernardino,071,2135413,362881,359621,11460,371081,5912
2021-11-21,San Diego,073,3302833,383404,380747,22464,403211,4317
2021-11-21,San Francisco,075,870044,54287,53741,2358,56099,669
2021-11-21,San Joaquin,077,732212,101967,101264,5496,106760,1833
2021-11-21,San Luis Obispo,079,281455,30348,29948,1301,31249,358
2021-11-21,San Mateo,081,765935,55306,54290,920,55210,577
2021-11-21,Santa Barbara,083,443738,45531,45237,1573,46810,546
2021-11-21,Santa Clara,085,1922200,150689,149387,1452,150839,1918
2021-11-21,Santa Cruz,087,273765,21111,20866,1014,21880,222
2021-11-21,Shasta,089,179085,22319,22112,3663,25775,393
2021-11-21,Sierra,091,2930,196,193,21,214,0
2021-11-21,Siskiyou,093,43540,3422,3333,1320,4653,54
2021-11-21,Solano,095,438530,46774,46122,1311,47433,356
2021-11-21,Sonoma,097,501317,42566,42298,542,42840,404
2021-11-21,Stanislaus,099,539301,80499,80687,9029,89716,1209
2021-11-21,Sutter,101,95872,14115,14111,372,14483,181
2021-11-21,Tehama,103,63373,8751,8669,1510,10179,127
2021-11-21,Trinity,105,12862,891,784,217,1001,17
2021-11-21,Tulare,107,460477,70439,69285,15595,84880,1075
2021-11-21,Tuolumne,109,53932,7605,7560,111,7671,90
2021-11-21,Ventura,111,848112,99814,99081,4329,103410,1186
2021-11-21,Yolo,113,214977,20370,20209,1107,21316,257
2021-11-21,Yuba,115,75493,10382,10326,362,10688,88
2021-11-20,Alameda,001,1643700,121728,121059,2814,123873,1473
2021-11-20,Alpine,003,1148,103,105,0,105,0
2021-11-20,Amador,005,37829,5682,5652,65,5717,66
2021-11-20,Butte,007,227075,21590,21265,3937,25202,300
2021-11-20,Calaveras,009,45235,4318,4268,59,4327,84
2021-11-20,Colusa,011,21464,2596,2549,655,3204,19
2021-11-20,Contra Costa,013,1133247,101367,100491,2246,102737,1043
2021-11-20,Del Norte,015,27424,3739,3637,55,3692,42
2021-11-20,El Dorado,017,186661,16589,16308,1756,18064,161
2021-11-20,Fresno,019,978130,144720,142579,12985,155564,2233
2021-11-20,Glenn,021,27897,3559,3526,1031,4557,35
2021-11-20,Humboldt,023,135768,9439,9302,633,9935,115
2021-11-20,Imperial,025,180216,34830,34312,3393,37705,766
2021-11-20,Inyo,027,18085,2520,2467,38,2505,44
2021-11-20,Kern,029,883053,131519,129488,23301,152789,1750
2021-11-20,Kings,031,150075,33180,32720,1982,34702,354
2021-11-20,Lake,033,64148,6890,6808,153,6961,110
2021-11-20,Lassen,035,31185,7023,6931,401,7332,47
2021-11-20,Los Angeles,037,10098052,1462673,1448963,54768,1503731,26741
2021-11-20,Madera,039,155013,24084,23720,2226,25946,296
2021-11-20,Marin,041,260295,17932,17774,477,18251,248
2021-11-20,Mariposa,043,17540,1411,1354,58,1412,6
2021-11-20,Mendocino,045,87422,7962,7773,643,8416,89
2021-11-20,Merced,047,269075,42963,42692,2031,44723,656
2021-11-20,Modoc,049,8938,579,550,201,751,5
2021-11-20,Mono,051,14174,1821,1767,21,1788,4
2021-11-20,Monterey,053,433212,49470,48260,3069,51329,609
2021-11-20,Napa,055,140530,13297,13184,115,13299,103
2021-11-20,Nevada,057,99092,9641,9480,335,9815,92
2021-11-20,Orange,059,3164182,312550,309672,15616,325288,5658
2021-11-20,Placer,061,380077,38286,37800,3771,41571,462
2021-11-20,Plumas,063,18699,1917,1841,43,1884,7
2021-11-20,Riverside,065,2383286,371651,365809,16477,382286,5265
2021-11-20,Sacramento,067,1510023,162974,161533,4772,166305,2316
2021-11-20,San Benito,069,59416,7563,7533,175,7708,77
2021-11-20,San Bernardino,071,2135413,362601,358322,11449,369771,5897
2021-11-20,San Diego,073,3302833,383078,380147,22438,402585,4311
2021-11-20,San Francisco,075,870044,54248,53525,2357,55882,669
2021-11-20,San Joaquin,077,732212,101917,100922,5491,106413,1832
2021-11-20,San Luis Obispo,079,281455,30334,29815,1300,31115,355
2021-11-20,San Mateo,081,765935,55272,54132,919,55051,577
2021-11-20,Santa Barbara,083,443738,45499,45074,1573,46647,544
2021-11-20,Santa Clara,085,1922200,150582,148829,1451,150280,1917
2021-11-20,Santa Cruz,087,273765,21093,20756,1014,21770,222
2021-11-20,Shasta,089,179085,22295,21968,3662,25630,383
2021-11-20,Sierra,091,2930,196,191,21,212,0
2021-11-20,Siskiyou,093,43540,3419,3313,1320,4633,54
2021-11-20,Solano,095,438530,46753,46006,1311,47317,356
2021-11-20,Sonoma,097,501317,42535,42151,542,42693,403
2021-11-20,Stanislaus,099,539301,80453,80412,9025,89437,1205
2021-11-20,Sutter,101,95872,14107,14074,372,14446,181
2021-11-20,Tehama,103,63373,8746,8648,1510,10158,125
2021-11-20,Trinity,105,12862,887,771,217,988,17
2021-11-20,Tulare,107,460477,70400,69074,15574,84648,1054
2021-11-20,Tuolumne,109,53932,7597,7511,111,7622,90
2021-11-20,Ventura,111,848112,99765,98893,4322,103215,1186
2021-11-20,Yolo,113,214977,20362,20139,1103,21242,257
2021-11-20,Yuba,115,75493,10376,10290,361,10651,88
2021-11-19,Alameda,001,1643700,121654,121059,2811,123870,1473
2021-11-19,Alpine,003,1148,103,105,0,105,0
2021-11-19,Amador,005,37829,5672,5652,65,5717,66
2021-11-19,Butte,007,227075,21567,21265,3930,25195,300
2021-11-19,Calaveras,009,45235,4311,4268,59,4327,84
2021-11-19,Colusa,011,21464,2594,2549,654,3203,19
2021-11-19,Contra Costa,013,1133247,101310,100491,2241,102732,1043
2021-11-19,Del Norte,015,27424,3734,3637,55,3692,42
2021-11-19,El Dorado,017,186661,16567,16308,1754,18062,161
2021-11-19,Fresno,019,978130,144603,142579,12976,155555,2233
2021-11-19,Glenn,021,27897,3558,3526,1030,4556,35
2021-11-19,Humboldt,023,135768,9427,9302,630,9932,115
2021-11-19,Imperial,025,180216,34793,34312,3386,37698,766
2021-11-19,Inyo,027,18085,2516,2467,38,2505,44
2021-11-19,Kern,029,883053,131416,129488,23258,152746,1750
2021-11-19,Kings,031,150075,33155,32720,1980,34700,354
2021-11-19,Lake,033,64148,6887,6808,153,6961,110
2021-11-19,Lassen,035,31185,7018,6931,400,7331,47
2021-11-19,Los Angeles,037,10098052,1461983,1448963,54715,1503678,26741
2021-11-19,Madera,039,155013,24063,23720,2221,25941,296
2021-11-19,Marin,041,260295,17914,17774,475,18249,248
2021-11-19,Mariposa,043,17540,1409,1354,58,1412,6
2021-11-19,Mendocino,045,87422,7942,7773,643,8416,89
2021-11-19,Merced,047,269075,42937,42692,2030,44722,656
2021-11-19,Modoc,049,8938,578,550,201,751,5
2021-11-19,Mono,051,14174,1810,1767,21,1788,4
2021-11-19,Monterey,053,433212,49448,48260,3069,51329,609
2021-11-19,Napa,055,140530,13287,13184,114,13298,103
2021-11-19,Nevada,057,99092,9628,9480,335,9815,92
2021-11-19,Orange,059,3164182,312396,309672,15591,325263,5658
2021-11-19,Placer,061,380077,38249,37800,3767,41567,462
2021-11-19,Plumas,063,18699,1913,1841,43,1884,7
2021-11-19,Riverside,065,2383286,371377,365809,16473,382282,5265
2021-11-19,Sacramento,067,1510023,162849,161533,4768,166301,2316
2021-11-19,San Benito,069,59416,7557,7533,173,7706,77
2021-11-19,San Bernardino,071,2135413,362278,358322,11440,369762,5897
2021-11-19,San Diego,073,3302833,382687,380147,22412,402559,4311
2021-11-19,San Francisco,075,870044,54210,53525,2357,55882,669
2021-11-19,San Joaquin,077,732212,101860,100922,5487,106409,1832
2021-11-19,San Luis Obispo,079,281455,30316,29815,1298,31113,355
2021-11-19,San Mateo,081,765935,55224,54132,915,55047,577
2021-11-19,Santa Barbara,083,443738,45462,45074,1573,46647,544
2021-11-19,Santa Clara,085,1922200,150434,148829,1448,150277,1917
2021-11-19,Santa Cruz,087,273765,21066,20756,1011,21767,222
2021-11-19,Shasta,089,179085,22283,21968,3661,25629,383
2021-11-19,Sierra,091,2930,196,191,21,212,0
2021-11-19,Siskiyou,093,43540,3416,3313,1320,4633,54
2021-11-19,Solano,095,438530,46722,46006,1307,47313,356
2021-11-19,Sonoma,097,501317,42502,42151,539,42690,403
2021-11-19,Stanislaus,099,539301,80396,80412,9016,89428,1205
2021-11-19,Sutter,101,95872,14105,14074,372,14446,181
2021-11-19,Tehama,103,63373,8743,8648,1510,10158,125
2021-11-19,Trinity,105,12862,885,771,217,988,17
2021-11-19,Tulare,107,460477,70359,69074,15548,84622,1054
2021-11-19,Tuolumne,109,53932,7586,7511,111,7622,90
2021-11-19,Ventura,111,848112,99700,98893,4319,103212,1186
2021-11-19,Yolo,113,214977,20351,20139,1101,21240,257
2021-11-19,Yuba,115,75493,10373,10290,361,10651,88
2021-11-18,Alameda,001,1643700,121528,121059,2804,123863,1473
2021-11-18,Alpine,003,1148,103,105,0,105,0
2021-11-18,Amador,005,37829,5670,5652,65,5717,66
2021-11-18,Butte,007,227075,21550,21265,3923,25188,300
2021-11-18,Calaveras,009,45235,4304,4268,58,4326,84
2021-11-18,Colusa,011,21464,2586,2549,654,3203,19
2021-11-18,Contra Costa,013,1133247,101208,100491,2233,102724,1043
2021-11-18,Del Norte,015,27424,3731,3637,55,3692,42
2021-11-18,El Dorado,017,186661,16547,16308,1751,18059,161
2021-11-18,Fresno,019,978130,144463,142579,12966,155545,2233
2021-11-18,Glenn,021,27897,3557,3526,1029,4555,35
2021-11-18,Humboldt,023,135768,9410,9302,625,9927,115
2021-11-18,Imperial,025,180216,34738,34312,3370,37682,766
2021-11-18,Inyo,027,18085,2508,2467,38,2505,44
2021-11-18,Kern,029,883053,131270,129488,23211,152699,1750
2021-11-18,Kings,031,150075,33118,32720,1977,34697,354
2021-11-18,Lake,033,64148,6882,6808,153,6961,110
2021-11-18,Lassen,035,31185,7015,6931,395,7326,47
2021-11-18,Los Angeles,037,10098052,1460992,1448963,54654,1503617,26741
2021-11-18,Madera,039,155013,24038,23720,2217,25937,296
2021-11-18,Marin,041,260295,17897,17774,471,18245,248
2021-11-18,Mariposa,043,17540,1406,1354,58,1412,6
2021-11-18,Mendocino,045,87422,7920,7773,634,8407,89
2021-11-18,Merced,047,269075,42880,42692,2028,44720,656
2021-11-18,Modoc,049,8938,566,550,201,751,5
2021-11-18,Mono,051,14174,1802,1767,21,1788,4
2021-11-18,Monterey,053,433212,49423,48260,3064,51324,609
2021-11-18,Napa,055,140530,13275,13184,113,13297,103
2021-11-18,Nevada,057,99092,9604,9480,335,9815,92
2021-11-18,Orange,059,3164182,312159,309672,15571,325243,5658
2021-11-18,Placer,061,380077,38206,37800,3756,41556,462
2021-11-18,Plumas,063,18699,1912,1841,43,1884,7
2021-11-18,Riverside,065,2383286,371002,365809,16460,382269,5265
2021-11-18,Sacramento,067,1510023,162621,161533,4753,166286,2316
2021-11-18,San Benito,069,59416,7547,7533,173,7706,77
2021-11-18,San Bernardino,071,2135413,361845,358322,11421,369743,5897
2021-11-18,San Diego,073,3302833,382189,380147,22396,402543,4311
2021-11-18,San Francisco,075,870044,54158,53525,2353,55878,669
2021-11-18,San Joaquin,077,732212,101767,100922,5479,106401,1832
2021-11-18,San Luis Obispo,079,281455,30286,29815,1297,31112,355
2021-11-18,San Mateo,081,765935,55165,54132,912,55044,577
2021-11-18,Santa Barbara,083,443738,45416,45074,1566,46640,544
2021-11-18,Santa Clara,085,1922200,150247,148829,1440,150269,1917
2021-11-18,Santa Cruz,087,273765,21015,20756,1010,21766,222
2021-11-18,Shasta,089,179085,22247,21968,3656,25624,383
2021-11-18,Sierra,091,2930,195,191,21,212,0
2021-11-18,Siskiyou,093,43540,3416,3313,1316,4629,54
2021-11-18,Solano,095,438530,46680,46006,1304,47310,356
2021-11-18,Sonoma,097,501317,42453,42151,537,42688,403
2021-11-18,Stanislaus,099,539301,80329,80412,9008,89420,1205
2021-11-18,Sutter,101,95872,14094,14074,371,14445,181
2021-11-18,Tehama,103,63373,8738,8648,1510,10158,125
2021-11-18,Trinity,105,12862,884,771,217,988,17
2021-11-18,Tulare,107,460477,70285,69074,15504,84578,1054
2021-11-18,Tuolumne,109,53932,7576,7511,111,7622,90
2021-11-18,Ventura,111,848112,99623,98893,4315,103208,1186
2021-11-18,Yolo,113,214977,20334,20139,1097,21236,257
2021-11-18,Yuba,115,75493,10367,10290,361,10651,88
2021-11-17,Alameda,001,1643700,121406,120913,2803,123716,1472
2021-11-17,Alpine,003,1148,103,105,0,105,0
2021-11-17,Amador,005,37829,5664,5646,65,5711,66
2021-11-17,Butte,007,227075,21524,21230,3920,25150,300
2021-11-17,Calaveras,009,45235,4297,4259,58,4317,84
2021-11-17,Colusa,011,21464,2583,2546,653,3199,19
2021-11-17,Contra Costa,013,1133247,101116,100387,2229,102616,1039
2021-11-17,Del Norte,015,27424,3728,3630,55,3685,42
2021-11-17,El Dorado,017,186661,16527,16269,1750,18019,161
2021-11-17,Fresno,019,978130,144281,142366,12953,155319,2230
2021-11-17,Glenn,021,27897,3555,3527,1027,4554,34
2021-11-17,Humboldt,023,135768,9399,9270,622,9892,115
2021-11-17,Imperial,025,180216,34682,34256,3349,37605,766
2021-11-17,Inyo,027,18085,2502,2457,38,2495,44
2021-11-17,Kern,029,883053,131097,129307,23169,152476,1743
2021-11-17,Kings,031,150075,33091,32669,1973,34642,352
2021-11-17,Lake,033,64148,6878,6795,152,6947,110
2021-11-17,Lassen,035,31185,7013,6918,395,7313,47
2021-11-17,Los Angeles,037,10098052,1459892,1447947,54586,1502533,26721
2021-11-17,Madera,039,155013,24005,23673,2215,25888,287
2021-11-17,Marin,041,260295,17877,17757,469,18226,248
2021-11-17,Mariposa,043,17540,1402,1353,58,1411,6
2021-11-17,Mendocino,045,87422,7912,7735,633,8368,89
2021-11-17,Merced,047,269075,42821,42612,2023,44635,654
2021-11-17,Modoc,049,8938,562,540,201,741,5
2021-11-17,Mono,051,14174,1798,1765,21,1786,5
2021-11-17,Monterey,053,433212,49375,48221,3053,51274,609
2021-11-17,Napa,055,140530,13252,13167,113,13280,103
2021-11-17,Nevada,057,99092,9591,9447,335,9782,92
2021-11-17,Orange,059,3164182,311912,309396,15537,324933,5651
2021-11-17,Placer,061,380077,38158,37725,3748,41473,460
2021-11-17,Plumas,063,18699,1907,1833,43,1876,7
2021-11-17,Riverside,065,2383286,370591,365406,16447,381853,5229
2021-11-17,Sacramento,067,1510023,162451,161269,4746,166015,2302
2021-11-17,San Benito,069,59416,7540,7524,173,7697,77
2021-11-17,San Bernardino,071,2135413,361480,357947,11404,369351,5893
2021-11-17,San Diego,073,3302833,381698,379769,22370,402139,4301
2021-11-17,San Francisco,075,870044,54103,53469,2350,55819,667
2021-11-17,San Joaquin,077,732212,101665,100764,5474,106238,1828
2021-11-17,San Luis Obispo,079,281455,30260,29731,1294,31025,354
2021-11-17,San Mateo,081,765935,55097,54092,909,55001,577
2021-11-17,Santa Barbara,083,443738,45377,45000,1566,46566,542
2021-11-17,Santa Clara,085,1922200,150083,148626,1432,150058,1915
2021-11-17,Santa Cruz,087,273765,20980,20700,1010,21710,222
2021-11-17,Shasta,089,179085,22214,21883,3654,25537,382
2021-11-17,Sierra,091,2930,194,189,21,210,0
2021-11-17,Siskiyou,093,43540,3412,3307,1313,4620,54
2021-11-17,Solano,095,438530,46646,45948,1303,47251,353
2021-11-17,Sonoma,097,501317,42407,42093,534,42627,403
2021-11-17,Stanislaus,099,539301,80240,80276,8998,89274,1199
2021-11-17,Sutter,101,95872,14080,14064,369,14433,181
2021-11-17,Tehama,103,63373,8728,8633,1507,10140,125
2021-11-17,Trinity,105,12862,883,765,217,982,17
2021-11-17,Tulare,107,460477,70214,68977,15477,84454,1047
2021-11-17,Tuolumne,109,53932,7559,7485,111,7596,90
2021-11-17,Ventura,111,848112,99561,98812,4309,103121,1183
2021-11-17,Yolo,113,214977,20317,20100,1094,21194,257
2021-11-17,Yuba,115,75493,10355,10275,357,10632,88
2021-11-16,Alameda,001,1643700,121298,120809,2799,123608,1467
2021-11-16,Alpine,003,1148,103,105,0,105,0
2021-11-16,Amador,005,37829,5658,5644,65,5709,66
2021-11-16,Butte,007,227075,21498,21208,3915,25123,297
2021-11-16,Calaveras,009,45235,4288,4249,58,4307,83
2021-11-16,Colusa,011,21464,2577,2538,653,3191,19
2021-11-16,Contra Costa,013,1133247,100995,100320,2226,102546,1038
2021-11-16,Del Norte,015,27424,3722,3630,55,3685,42
2021-11-16,El Dorado,017,186661,16502,16248,1748,17996,159
2021-11-16,Fresno,019,978130,144095,142200,12931,155131,2218
2021-11-16,Glenn,021,27897,3554,3527,1024,4551,34
2021-11-16,Humboldt,023,135768,9378,9252,618,9870,115
2021-11-16,Imperial,025,180216,34598,34177,3335,37512,766
2021-11-16,Inyo,027,18085,2495,2449,38,2487,42
2021-11-16,Kern,029,883053,130937,129136,23108,152244,1735
2021-11-16,Kings,031,150075,33039,32614,1966,34580,350
2021-11-16,Lake,033,64148,6873,6789,152,6941,110
2021-11-16,Lassen,035,31185,7003,6915,395,7310,47
2021-11-16,Los Angeles,037,10098052,1458718,1446815,54514,1501329,26703
2021-11-16,Madera,039,155013,23967,23642,2209,25851,287
2021-11-16,Marin,041,260295,17858,17736,468,18204,248
2021-11-16,Mariposa,043,17540,1394,1349,57,1406,6
2021-11-16,Mendocino,045,87422,7870,7723,629,8352,89
2021-11-16,Merced,047,269075,42784,42578,2016,44594,653
2021-11-16,Modoc,049,8938,561,539,200,739,5
2021-11-16,Mono,051,14174,1789,1767,21,1788,4
2021-11-16,Monterey,053,433212,49345,48195,3039,51234,609
2021-11-16,Napa,055,140530,13241,13151,113,13264,103
2021-11-16,Nevada,057,99092,9574,9435,334,9769,92
2021-11-16,Orange,059,3164182,311645,309170,15503,324673,5651
2021-11-16,Placer,061,380077,38116,37676,3742,41418,459
2021-11-16,Plumas,063,18699,1898,1832,43,1875,7
2021-11-16,Riverside,065,2383286,370169,365078,16425,381503,5208
2021-11-16,Sacramento,067,1510023,162271,161102,4734,165836,2299
2021-11-16,San Benito,069,59416,7526,7513,173,7686,77
2021-11-16,San Bernardino,071,2135413,361055,357528,11351,368879,5901
2021-11-16,San Diego,073,3302833,381143,379435,22343,401778,4287
2021-11-16,San Francisco,075,870044,54030,53415,2342,55757,667
2021-11-16,San Joaquin,077,732212,101525,100637,5459,106096,1807
2021-11-16,San Luis Obispo,079,281455,30228,29703,1291,30994,356
2021-11-16,San Mateo,081,765935,55035,54034,907,54941,577
2021-11-16,Santa Barbara,083,443738,45309,44932,1563,46495,539
2021-11-16,Santa Clara,085,1922200,149902,148452,1420,149872,1916
2021-11-16,Santa Cruz,087,273765,20935,20684,1008,21692,222
2021-11-16,Shasta,089,179085,22175,21853,3650,25503,379
2021-11-16,Sierra,091,2930,194,189,21,210,0
2021-11-16,Siskiyou,093,43540,3409,3304,1311,4615,54
2021-11-16,Solano,095,438530,46606,45908,1302,47210,351
2021-11-16,Sonoma,097,501317,42358,42056,533,42589,401
2021-11-16,Stanislaus,099,539301,80144,80214,8975,89189,1196
2021-11-16,Sutter,101,95872,14068,14058,368,14426,181
2021-11-16,Tehama,103,63373,8721,8621,1500,10121,125
2021-11-16,Trinity,105,12862,883,762,216,978,17
2021-11-16,Tulare,107,460477,70134,68881,15442,84323,1039
2021-11-16,Tuolumne,109,53932,7549,7478,111,7589,90
2021-11-16,Ventura,111,848112,99486,98731,4306,103037,1183
2021-11-16,Yolo,113,214977,20278,20077,1092,21169,257
2021-11-16,Yuba,115,75493,10347,10262,355,10617,85
2021-11-15,Alameda,001,1643700,121141,120731,2795,123526,1464
2021-11-15,Alpine,003,1148,103,105,0,105,0
2021-11-15,Amador,005,37829,5653,5637,65,5702,66
2021-11-15,Butte,007,227075,21474,21182,3910,25092,296
2021-11-15,Calaveras,009,45235,4274,4237,58,4295,83
2021-11-15,Colusa,011,21464,2570,2535,650,3185,19
2021-11-15,Contra Costa,013,1133247,100889,100251,2223,102474,1038
2021-11-15,Del Norte,015,27424,3717,3630,54,3684,42
2021-11-15,El Dorado,017,186661,16478,16236,1744,17980,159
2021-11-15,Fresno,019,978130,143873,142015,12909,154924,2210
2021-11-15,Glenn,021,27897,3552,3526,1024,4550,34
2021-11-15,Humboldt,023,135768,9356,9230,610,9840,115
2021-11-15,Imperial,025,180216,34525,34130,3319,37449,766
2021-11-15,Inyo,027,18085,2490,2442,38,2480,42
2021-11-15,Kern,029,883053,130728,128928,23038,151966,1730
2021-11-15,Kings,031,150075,33005,32584,1961,34545,348
2021-11-15,Lake,033,64148,6869,6784,152,6936,109
2021-11-15,Lassen,035,31185,6992,6915,393,7308,47
2021-11-15,Los Angeles,037,10098052,1457528,1446114,54451,1500565,26677
2021-11-15,Madera,039,155013,23929,23605,2198,25803,287
2021-11-15,Marin,041,260295,17841,17723,467,18190,248
2021-11-15,Mariposa,043,17540,1393,1347,55,1402,6
2021-11-15,Mendocino,045,87422,7850,7694,623,8317,89
2021-11-15,Merced,047,269075,42727,42552,2005,44557,648
2021-11-15,Modoc,049,8938,560,538,199,737,5
2021-11-15,Mono,051,14174,1784,1763,21,1784,4
2021-11-15,Monterey,053,433212,49313,48154,3033,51187,609
2021-11-15,Napa,055,140530,13233,13143,113,13256,103
2021-11-15,Nevada,057,99092,9545,9420,333,9753,92
2021-11-15,Orange,059,3164182,311368,308859,15478,324337,5646
2021-11-15,Placer,061,380077,38052,37610,3738,41348,452
2021-11-15,Plumas,063,18699,1891,1829,43,1872,7
2021-11-15,Riverside,065,2383286,369721,364750,16406,381156,5199
2021-11-15,Sacramento,067,1510023,162050,160937,4722,165659,2293
2021-11-15,San Benito,069,59416,7521,7511,172,7683,77
2021-11-15,San Bernardino,071,2135413,360627,357306,11332,368638,5898
2021-11-15,San Diego,073,3302833,380606,378845,22318,401163,4284
2021-11-15,San Francisco,075,870044,53963,53374,2339,55713,667
2021-11-15,San Joaquin,077,732212,101371,100587,5448,106035,1799
2021-11-15,San Luis Obispo,079,281455,30185,29669,1279,30948,351
2021-11-15,San Mateo,081,765935,54982,54010,905,54915,576
2021-11-15,Santa Barbara,083,443738,45253,44879,1557,46436,539
2021-11-15,Santa Clara,085,1922200,149685,148313,1413,149726,1914
2021-11-15,Santa Cruz,087,273765,20893,20630,1007,21637,223
2021-11-15,Shasta,089,179085,22130,21779,3645,25424,374
2021-11-15,Sierra,091,2930,194,189,21,210,0
2021-11-15,Siskiyou,093,43540,3402,3302,1309,4611,54
2021-11-15,Solano,095,438530,46567,45885,1297,47182,351
2021-11-15,Sonoma,097,501317,42307,42021,532,42553,401
2021-11-15,Stanislaus,099,539301,80059,80129,8961,89090,1174
2021-11-15,Sutter,101,95872,14055,14043,367,14410,181
2021-11-15,Tehama,103,63373,8715,8615,1499,10114,125
2021-11-15,Trinity,105,12862,881,757,214,971,17
2021-11-15,Tulare,107,460477,70047,68826,15397,84223,1039
2021-11-15,Tuolumne,109,53932,7538,7461,111,7572,90
2021-11-15,Ventura,111,848112,99402,98605,4301,102906,1183
2021-11-15,Yolo,113,214977,20248,20065,1087,21152,255
2021-11-15,Yuba,115,75493,10328,10254,351,10605,85
2021-11-14,Alameda,001,1643700,120968,120629,2791,123420,1461
2021-11-14,Alpine,003,1148,102,105,0,105,0
2021-11-14,Amador,005,37829,5646,5632,64,5696,66
2021-11-14,Butte,007,227075,21442,21146,3901,25047,296
2021-11-14,Calaveras,009,45235,4263,4222,58,4280,83
2021-11-14,Colusa,011,21464,2568,2532,647,3179,19
2021-11-14,Contra Costa,013,1133247,100780,100188,2221,102409,1038
2021-11-14,Del Norte,015,27424,3714,3629,54,3683,42
2021-11-14,El Dorado,017,186661,16436,16212,1739,17951,159
2021-11-14,Fresno,019,978130,143591,141869,12876,154745,2209
2021-11-14,Glenn,021,27897,3550,3521,1024,4545,34
2021-11-14,Humboldt,023,135768,9325,9215,600,9815,115
2021-11-14,Imperial,025,180216,34422,34078,3304,37382,766
2021-11-14,Inyo,027,18085,2478,2441,38,2479,42
2021-11-14,Kern,029,883053,130488,128842,22968,151810,1730
2021-11-14,Kings,031,150075,32948,32545,1954,34499,349
2021-11-14,Lake,033,64148,6861,6777,152,6929,109
2021-11-14,Lassen,035,31185,6982,6911,392,7303,47
2021-11-14,Los Angeles,037,10098052,1456161,1445284,54375,1499659,26667
2021-11-14,Madera,039,155013,23879,23566,2189,25755,287
2021-11-14,Marin,041,260295,17826,17712,467,18179,247
2021-11-14,Mariposa,043,17540,1383,1337,51,1388,6
2021-11-14,Mendocino,045,87422,7817,7684,618,8302,89
2021-11-14,Merced,047,269075,42637,42513,1999,44512,648
2021-11-14,Modoc,049,8938,558,538,199,737,5
2021-11-14,Mono,051,14174,1772,1760,21,1781,4
2021-11-14,Monterey,053,433212,49258,48135,3015,51150,609
2021-11-14,Napa,055,140530,13215,13132,113,13245,103
2021-11-14,Nevada,057,99092,9517,9408,333,9741,92
2021-11-14,Orange,059,3164182,311049,308699,15457,324156,5646
2021-11-14,Placer,061,380077,37972,37569,3728,41297,452
2021-11-14,Plumas,063,18699,1888,1829,42,1871,7
2021-11-14,Riverside,065,2383286,369223,364490,16389,380879,5199
2021-11-14,Sacramento,067,1510023,161813,160761,4705,165466,2295
2021-11-14,San Benito,069,59416,7510,7507,171,7678,77
2021-11-14,San Bernardino,071,2135413,360045,357014,11315,368329,5897
2021-11-14,San Diego,073,3302833,380009,377633,22287,399920,4280
2021-11-14,San Francisco,075,870044,53887,53338,2334,55672,667
2021-11-14,San Joaquin,077,732212,101243,100518,5443,105961,1799
2021-11-14,San Luis Obispo,079,281455,30104,29645,1275,30920,352
2021-11-14,San Mateo,081,765935,54929,53978,903,54881,576
2021-11-14,Santa Barbara,083,443738,45174,44842,1554,46396,539
2021-11-14,Santa Clara,085,1922200,149487,148152,1405,149557,1913
2021-11-14,Santa Cruz,087,273765,20839,20609,1005,21614,223
2021-11-14,Shasta,089,179085,22078,21771,3632,25403,373
2021-11-14,Sierra,091,2930,194,189,21,210,0
2021-11-14,Siskiyou,093,43540,3393,3302,1308,4610,54
2021-11-14,Solano,095,438530,46512,45860,1290,47150,351
2021-11-14,Sonoma,097,501317,42241,41974,530,42504,401
2021-11-14,Stanislaus,099,539301,79924,80076,8943,89019,1174
2021-11-14,Sutter,101,95872,14038,14031,363,14394,181
2021-11-14,Tehama,103,63373,8705,8607,1497,10104,125
2021-11-14,Trinity,105,12862,878,754,212,966,17
2021-11-14,Tulare,107,460477,69930,68772,15339,84111,1037
2021-11-14,Tuolumne,109,53932,7520,7439,110,7549,90
2021-11-14,Ventura,111,848112,99287,98550,4300,102850,1183
2021-11-14,Yolo,113,214977,20221,20040,1081,21121,255
2021-11-14,Yuba,115,75493,10321,10238,350,10588,85
2021-11-13,Alameda,001,1643700,120899,120407,2790,123197,1454
2021-11-13,Alpine,003,1148,102,105,0,105,0
2021-11-13,Amador,005,37829,5645,5614,64,5678,66
2021-11-13,Butte,007,227075,21421,21104,3898,25002,296
2021-11-13,Calaveras,009,45235,4252,4203,58,4261,83
2021-11-13,Colusa,011,21464,2566,2522,647,3169,19
2021-11-13,Contra Costa,013,1133247,100708,100004,2215,102219,1028
2021-11-13,Del Norte,015,27424,3714,3629,54,3683,42
2021-11-13,El Dorado,017,186661,16423,16163,1736,17899,159
2021-11-13,Fresno,019,978130,143484,141452,12862,154314,2205
2021-11-13,Glenn,021,27897,3550,3514,1023,4537,34
2021-11-13,Humboldt,023,135768,9309,9177,595,9772,115
2021-11-13,Imperial,025,180216,34372,33990,3287,37277,766
2021-11-13,Inyo,027,18085,2472,2436,38,2474,42
2021-11-13,Kern,029,883053,130386,128472,22924,151396,1719
2021-11-13,Kings,031,150075,32931,32452,1953,34405,347
2021-11-13,Lake,033,64148,6856,6769,152,6921,109
2021-11-13,Lassen,035,31185,6977,6897,392,7289,47
2021-11-13,Los Angeles,037,10098052,1455506,1443088,54336,1497424,26649
2021-11-13,Madera,039,155013,23848,23462,2184,25646,287
2021-11-13,Marin,041,260295,17813,17684,465,18149,247
2021-11-13,Mariposa,043,17540,1380,1323,51,1374,6
2021-11-13,Mendocino,045,87422,7798,7652,617,8269,89
2021-11-13,Merced,047,269075,42599,42411,1996,44407,644
2021-11-13,Modoc,049,8938,557,536,199,735,5
2021-11-13,Mono,051,14174,1768,1750,21,1771,4
2021-11-13,Monterey,053,433212,49232,48087,3013,51100,609
2021-11-13,Napa,055,140530,13207,13110,113,13223,103
2021-11-13,Nevada,057,99092,9497,9369,331,9700,92
2021-11-13,Orange,059,3164182,310882,308211,15429,323640,5641
2021-11-13,Placer,061,380077,37922,37453,3725,41178,445
2021-11-13,Plumas,063,18699,1885,1828,42,1870,8
2021-11-13,Riverside,065,2383286,368917,363801,16382,380183,5187
2021-11-13,Sacramento,067,1510023,161677,160397,4693,165090,2291
2021-11-13,San Benito,069,59416,7497,7491,170,7661,77
2021-11-13,San Bernardino,071,2135413,359792,356325,11308,367633,5873
2021-11-13,San Diego,073,3302833,379679,377633,22259,399892,4280
2021-11-13,San Francisco,075,870044,53855,53195,2333,55528,667
2021-11-13,San Joaquin,077,732212,101186,100263,5434,105697,1799
2021-11-13,San Luis Obispo,079,281455,30074,29589,1273,30862,351
2021-11-13,San Mateo,081,765935,54891,53853,902,54755,574
2021-11-13,Santa Barbara,083,443738,45141,44734,1554,46288,537
2021-11-13,Santa Clara,085,1922200,149367,147821,1400,149221,1905
2021-11-13,Santa Cruz,087,273765,20824,20565,1004,21569,223
2021-11-13,Shasta,089,179085,22047,21713,3628,25341,366
2021-11-13,Sierra,091,2930,193,188,21,209,0
2021-11-13,Siskiyou,093,43540,3384,3299,1307,4606,54
2021-11-13,Solano,095,438530,46483,45774,1286,47060,350
2021-11-13,Sonoma,097,501317,42207,41882,529,42411,399
2021-11-13,Stanislaus,099,539301,79849,79872,8929,88801,1174
2021-11-13,Sutter,101,95872,14028,14017,362,14379,181
2021-11-13,Tehama,103,63373,8699,8592,1493,10085,125
2021-11-13,Trinity,105,12862,877,749,212,961,17
2021-11-13,Tulare,107,460477,69864,68619,15316,83935,1033
2021-11-13,Tuolumne,109,53932,7502,7392,110,7502,90
2021-11-13,Ventura,111,848112,99229,98452,4297,102749,1183
2021-11-13,Yolo,113,214977,20207,20009,1076,21085,255
2021-11-13,Yuba,115,75493,10311,10218,348,10566,85
2021-11-12,Alameda,001,1643700,120813,120407,2787,123194,1454
2021-11-12,Alpine,003,1148,102,105,0,105,0
2021-11-12,Amador,005,37829,5641,5614,63,5677,66
2021-11-12,Butte,007,227075,21403,21104,3894,24998,296
2021-11-12,Calaveras,009,45235,4241,4203,58,4261,83
2021-11-12,Colusa,011,21464,2562,2522,646,3168,19
2021-11-12,Contra Costa,013,1133247,100654,100004,2214,102218,1028
2021-11-12,Del Norte,015,27424,3713,3629,54,3683,42
2021-11-12,El Dorado,017,186661,16404,16163,1735,17898,159
2021-11-12,Fresno,019,978130,143341,141452,12849,154301,2205
2021-11-12,Glenn,021,27897,3547,3514,1022,4536,34
2021-11-12,Humboldt,023,135768,9302,9177,593,9770,115
2021-11-12,Imperial,025,180216,34345,33990,3278,37268,766
2021-11-12,Inyo,027,18085,2468,2436,38,2474,42
2021-11-12,Kern,029,883053,130249,128472,22892,151364,1719
2021-11-12,Kings,031,150075,32905,32452,1951,34403,347
2021-11-12,Lake,033,64148,6852,6769,152,6921,109
2021-11-12,Lassen,035,31185,6973,6897,391,7288,47
2021-11-12,Los Angeles,037,10098052,1454779,1443088,54291,1497379,26649
2021-11-12,Madera,039,155013,23819,23462,2179,25641,287
2021-11-12,Marin,041,260295,17797,17684,464,18148,247
2021-11-12,Mariposa,043,17540,1373,1323,51,1374,6
2021-11-12,Mendocino,045,87422,7786,7652,614,8266,89
2021-11-12,Merced,047,269075,42570,42411,1994,44405,644
2021-11-12,Modoc,049,8938,556,536,199,735,5
2021-11-12,Mono,051,14174,1766,1750,21,1771,4
2021-11-12,Monterey,053,433212,49200,48087,3007,51094,609
2021-11-12,Napa,055,140530,13198,13110,113,13223,103
2021-11-12,Nevada,057,99092,9483,9369,330,9699,92
2021-11-12,Orange,059,3164182,310694,308211,15411,323622,5641
2021-11-12,Placer,061,380077,37883,37453,3722,41175,445
2021-11-12,Plumas,063,18699,1879,1828,42,1870,8
2021-11-12,Riverside,065,2383286,368650,363801,16378,380179,5187
2021-11-12,Sacramento,067,1510023,161518,160397,4688,165085,2291
2021-11-12,San Benito,069,59416,7497,7491,170,7661,77
2021-11-12,San Bernardino,071,2135413,359483,356325,11298,367623,5873
2021-11-12,San Diego,073,3302833,379312,377633,22237,399870,4280
2021-11-12,San Francisco,075,870044,53821,53195,2329,55524,667
2021-11-12,San Joaquin,077,732212,101141,100263,5427,105690,1799
2021-11-12,San Luis Obispo,079,281455,30045,29589,1272,30861,351
2021-11-12,San Mateo,081,765935,54841,53853,899,54752,574
2021-11-12,Santa Barbara,083,443738,45086,44734,1553,46287,537
2021-11-12,Santa Clara,085,1922200,149225,147821,1396,149217,1905
2021-11-12,Santa Cruz,087,273765,20796,20565,1002,21567,223
2021-11-12,Shasta,089,179085,22014,21713,3625,25338,366
2021-11-12,Sierra,091,2930,192,188,21,209,0
2021-11-12,Siskiyou,093,43540,3383,3299,1305,4604,54
2021-11-12,Solano,095,438530,46456,45774,1282,47056,350
2021-11-12,Sonoma,097,501317,42167,41882,529,42411,399
2021-11-12,Stanislaus,099,539301,79797,79872,8921,88793,1174
2021-11-12,Sutter,101,95872,14021,14017,362,14379,181
2021-11-12,Tehama,103,63373,8695,8592,1492,10084,125
2021-11-12,Trinity,105,12862,870,749,212,961,17
2021-11-12,Tulare,107,460477,69822,68619,15281,83900,1033
2021-11-12,Tuolumne,109,53932,7489,7392,109,7501,90
2021-11-12,Ventura,111,848112,99164,98452,4296,102748,1183
2021-11-12,Yolo,113,214977,20193,20009,1070,21079,255
2021-11-12,Yuba,115,75493,10302,10218,347,10565,85
2021-11-11,Alameda,001,1643700,120699,120147,2779,122926,1453
2021-11-11,Alpine,003,1148,102,105,0,105,0
2021-11-11,Amador,005,37829,5638,5603,62,5665,66
2021-11-11,Butte,007,227075,21360,21047,3887,24934,293
2021-11-11,Calaveras,009,45235,4223,4179,58,4237,83
2021-11-11,Colusa,011,21464,2554,2518,644,3162,19
2021-11-11,Contra Costa,013,1133247,100550,99808,2210,102018,1028
2021-11-11,Del Norte,015,27424,3711,3622,54,3676,42
2021-11-11,El Dorado,017,186661,16370,16085,1732,17817,159
2021-11-11,Fresno,019,978130,143136,140833,12815,153648,2202
2021-11-11,Glenn,021,27897,3545,3503,1021,4524,34
2021-11-11,Humboldt,023,135768,9279,9125,590,9715,115
2021-11-11,Imperial,025,180216,34276,33844,3256,37100,766
2021-11-11,Inyo,027,18085,2463,2428,38,2466,42
2021-11-11,Kern,029,883053,130064,128023,22829,150852,1709
2021-11-11,Kings,031,150075,32855,32318,1949,34267,345
2021-11-11,Lake,033,64148,6845,6745,152,6897,107
2021-11-11,Lassen,035,31185,6967,6875,391,7266,47
2021-11-11,Los Angeles,037,10098052,1453684,1440436,54233,1494669,26614
2021-11-11,Madera,039,155013,23771,23316,2171,25487,287
2021-11-11,Marin,041,260295,17787,17639,464,18103,247
2021-11-11,Mariposa,043,17540,1363,1317,51,1368,6
2021-11-11,Mendocino,045,87422,7771,7612,605,8217,89
2021-11-11,Merced,047,269075,42514,42292,1991,44283,643
2021-11-11,Modoc,049,8938,554,536,199,735,5
2021-11-11,Mono,051,14174,1762,1743,21,1764,4
2021-11-11,Monterey,053,433212,49165,48008,2995,51003,609
2021-11-11,Napa,055,140530,13190,13075,113,13188,103
2021-11-11,Nevada,057,99092,9461,9308,330,9638,92
2021-11-11,Orange,059,3164182,310421,307674,15374,323048,5633
2021-11-11,Placer,061,380077,37832,37333,3714,41047,440
2021-11-11,Plumas,063,18699,1875,1814,42,1856,7
2021-11-11,Riverside,065,2383286,368215,362930,16360,379290,5175
2021-11-11,Sacramento,067,1510023,161306,159962,4669,164631,2289
2021-11-11,San Benito,069,59416,7489,7473,170,7643,76
2021-11-11,San Bernardino,071,2135413,359052,355413,11285,366698,5849
2021-11-11,San Diego,073,3302833,378803,376428,22214,398642,4272
2021-11-11,San Francisco,075,870044,53762,53063,2328,55391,666
2021-11-11,San Joaquin,077,732212,101046,99937,5411,105348,1799
2021-11-11,San Luis Obispo,079,281455,29994,29532,1270,30802,351
2021-11-11,San Mateo,081,765935,54792,53722,894,54616,574
2021-11-11,Santa Barbara,083,443738,45029,44603,1550,46153,534
2021-11-11,Santa Clara,085,1922200,149043,147458,1390,148848,1901
2021-11-11,Santa Cruz,087,273765,20751,20479,1002,21481,222
2021-11-11,Shasta,089,179085,21968,21600,3623,25223,364
2021-11-11,Sierra,091,2930,191,186,21,207,0
2021-11-11,Siskiyou,093,43540,3377,3297,1304,4601,53
2021-11-11,Solano,095,438530,46419,45679,1281,46960,350
2021-11-11,Sonoma,097,501317,42130,41774,529,42303,395
2021-11-11,Stanislaus,099,539301,79715,79570,8905,88475,1166
2021-11-11,Sutter,101,95872,14006,13993,361,14354,181
2021-11-11,Tehama,103,63373,8683,8565,1490,10055,125
2021-11-11,Trinity,105,12862,869,748,212,960,17
2021-11-11,Tulare,107,460477,69729,68367,15245,83612,1028
2021-11-11,Tuolumne,109,53932,7476,7354,109,7463,90
2021-11-11,Ventura,111,848112,99086,98297,4289,102586,1182
2021-11-11,Yolo,113,214977,20166,19946,1068,21014,255
2021-11-11,Yuba,115,75493,10286,10191,347,10538,85
2021-11-10,Alameda,001,1643700,120589,120147,2770,122917,1453
2021-11-10,Alpine,003,1148,102,105,0,105,0
2021-11-10,Amador,005,37829,5632,5603,62,5665,66
2021-11-10,Butte,007,227075,21333,21047,3883,24930,293
2021-11-10,Calaveras,009,45235,4212,4179,58,4237,83
2021-11-10,Colusa,011,21464,2548,2518,644,3162,19
2021-11-10,Contra Costa,013,1133247,100467,99808,2206,102014,1028
2021-11-10,Del Norte,015,27424,3710,3622,54,3676,42
2021-11-10,El Dorado,017,186661,16354,16085,1731,17816,159
2021-11-10,Fresno,019,978130,142958,140833,12802,153635,2202
2021-11-10,Glenn,021,27897,3545,3503,1020,4523,34
2021-11-10,Humboldt,023,135768,9261,9125,590,9715,115
2021-11-10,Imperial,025,180216,34228,33844,3237,37081,766
2021-11-10,Inyo,027,18085,2456,2428,38,2466,42
2021-11-10,Kern,029,883053,129914,128023,22774,150797,1709
2021-11-10,Kings,031,150075,32822,32318,1947,34265,345
2021-11-10,Lake,033,64148,6835,6745,152,6897,107
2021-11-10,Lassen,035,31185,6962,6875,391,7266,47
2021-11-10,Los Angeles,037,10098052,1452734,1440436,54175,1494611,26614
2021-11-10,Madera,039,155013,23721,23316,2165,25481,287
2021-11-10,Marin,041,260295,17774,17639,462,18101,247
2021-11-10,Mariposa,043,17540,1357,1317,51,1368,6
2021-11-10,Mendocino,045,87422,7759,7612,604,8216,89
2021-11-10,Merced,047,269075,42479,42292,1989,44281,643
2021-11-10,Modoc,049,8938,553,536,198,734,5
2021-11-10,Mono,051,14174,1760,1743,21,1764,4
2021-11-10,Monterey,053,433212,49131,48008,2984,50992,609
2021-11-10,Napa,055,140530,13176,13075,112,13187,103
2021-11-10,Nevada,057,99092,9454,9308,328,9636,92
2021-11-10,Orange,059,3164182,310157,307674,15342,323016,5633
2021-11-10,Placer,061,380077,37786,37333,3707,41040,440
2021-11-10,Plumas,063,18699,1869,1814,41,1855,7
2021-11-10,Riverside,065,2383286,367835,362930,16354,379284,5175
2021-11-10,Sacramento,067,1510023,161151,159962,4659,164621,2289
2021-11-10,San Benito,069,59416,7481,7473,170,7643,76
2021-11-10,San Bernardino,071,2135413,358711,355413,11278,366691,5849
2021-11-10,San Diego,073,3302833,378399,376428,22192,398620,4272
2021-11-10,San Francisco,075,870044,53701,53063,2325,55388,666
2021-11-10,San Joaquin,077,732212,100941,99937,5406,105343,1799
2021-11-10,San Luis Obispo,079,281455,29963,29532,1269,30801,351
2021-11-10,San Mateo,081,765935,54739,53722,893,54615,574
2021-11-10,Santa Barbara,083,443738,44991,44603,1549,46152,534
2021-11-10,Santa Clara,085,1922200,148896,147458,1384,148842,1901
2021-11-10,Santa Cruz,087,273765,20724,20479,1001,21480,222
2021-11-10,Shasta,089,179085,21932,21600,3621,25221,364
2021-11-10,Sierra,091,2930,190,186,21,207,0
2021-11-10,Siskiyou,093,43540,3375,3297,1304,4601,53
2021-11-10,Solano,095,438530,46389,45679,1279,46958,350
2021-11-10,Sonoma,097,501317,42079,41774,529,42303,395
2021-11-10,Stanislaus,099,539301,79613,79570,8889,88459,1166
2021-11-10,Sutter,101,95872,13998,13993,361,14354,181
2021-11-10,Tehama,103,63373,8671,8565,1484,10049,125
2021-11-10,Trinity,105,12862,865,748,211,959,17
2021-11-10,Tulare,107,460477,69668,68367,15206,83573,1028
2021-11-10,Tuolumne,109,53932,7452,7354,109,7463,90
2021-11-10,Ventura,111,848112,99015,98297,4289,102586,1182
2021-11-10,Yolo,113,214977,20147,19946,1067,21013,255
2021-11-10,Yuba,115,75493,10277,10191,347,10538,85
2021-11-09,Alameda,001,1643700,120451,120051,2761,122812,1450
2021-11-09,Alpine,003,1148,102,105,0,105,0
2021-11-09,Amador,005,37829,5626,5596,62,5658,66
2021-11-09,Butte,007,227075,21309,21022,3879,24901,291
2021-11-09,Calaveras,009,45235,4208,4174,58,4232,84
2021-11-09,Colusa,011,21464,2543,2517,643,3160,19
2021-11-09,Contra Costa,013,1133247,100372,99732,2198,101930,1028
2021-11-09,Del Norte,015,27424,3709,3620,54,3674,42
2021-11-09,El Dorado,017,186661,16316,16073,1726,17799,160
2021-11-09,Fresno,019,978130,142712,140666,12787,153453,2188
2021-11-09,Glenn,021,27897,3540,3499,1019,4518,34
2021-11-09,Humboldt,023,135768,9240,9112,585,9697,115
2021-11-09,Imperial,025,180216,34175,33751,3223,36974,766
2021-11-09,Inyo,027,18085,2452,2404,38,2442,42
2021-11-09,Kern,029,883053,129668,127901,22712,150613,1694
2021-11-09,Kings,031,150075,32755,32279,1943,34222,344
2021-11-09,Lake,033,64148,6826,6743,152,6895,106
2021-11-09,Lassen,035,31185,6950,6846,391,7237,47
2021-11-09,Los Angeles,037,10098052,1451472,1439125,54113,1493238,26581
2021-11-09,Madera,039,155013,23671,23285,2156,25441,287
2021-11-09,Marin,041,260295,17755,17630,460,18090,247
2021-11-09,Mariposa,043,17540,1349,1317,51,1368,5
2021-11-09,Mendocino,045,87422,7736,7598,598,8196,85
2021-11-09,Merced,047,269075,42438,42251,1983,44234,613
2021-11-09,Modoc,049,8938,552,536,196,732,5
2021-11-09,Mono,051,14174,1755,1738,21,1759,4
2021-11-09,Monterey,053,433212,49095,47975,2960,50935,609
2021-11-09,Napa,055,140530,13158,13051,112,13163,103
2021-11-09,Nevada,057,99092,9435,9288,328,9616,92
2021-11-09,Orange,059,3164182,309873,307412,15315,322727,5621
2021-11-09,Placer,061,380077,37731,37291,3690,40981,440
2021-11-09,Plumas,063,18699,1867,1802,41,1843,7
2021-11-09,Riverside,065,2383286,367369,362557,16340,378897,5160
2021-11-09,Sacramento,067,1510023,160910,159856,4650,164506,2286
2021-11-09,San Benito,069,59416,7471,7471,169,7640,76
2021-11-09,San Bernardino,071,2135413,358260,354972,11261,366233,5839
2021-11-09,San Diego,073,3302833,377904,375997,22166,398163,4272
2021-11-09,San Francisco,075,870044,53627,52996,2319,55315,666
2021-11-09,San Joaquin,077,732212,100767,99848,5393,105241,1794
2021-11-09,San Luis Obispo,079,281455,29921,29488,1268,30756,350
2021-11-09,San Mateo,081,765935,54693,53697,884,54581,574
2021-11-09,Santa Barbara,083,443738,44924,44579,1542,46121,533
2021-11-09,Santa Clara,085,1922200,148690,147281,1377,148658,1901
2021-11-09,Santa Cruz,087,273765,20690,20463,1000,21463,222
2021-11-09,Shasta,089,179085,21877,21558,3616,25174,364
2021-11-09,Sierra,091,2930,190,186,21,207,0
2021-11-09,Siskiyou,093,43540,3373,3295,1302,4597,52
2021-11-09,Solano,095,438530,46334,45639,1278,46917,350
2021-11-09,Sonoma,097,501317,42022,41727,527,42254,395
2021-11-09,Stanislaus,099,539301,79507,79505,8872,88377,1165
2021-11-09,Sutter,101,95872,13983,13988,359,14347,180
2021-11-09,Tehama,103,63373,8653,8555,1482,10037,125
2021-11-09,Trinity,105,12862,864,746,211,957,17
2021-11-09,Tulare,107,460477,69562,68298,15167,83465,1024
2021-11-09,Tuolumne,109,53932,7432,7347,109,7456,90
2021-11-09,Ventura,111,848112,98937,98202,4284,102486,1182
2021-11-09,Yolo,113,214977,20123,19931,1063,20994,255
2021-11-09,Yuba,115,75493,10260,10175,341,10516,85
2021-11-08,Alameda,001,1643700,120307,119983,2755,122738,1447
2021-11-08,Alpine,003,1148,102,105,0,105,0
2021-11-08,Amador,005,37829,5620,5590,62,5652,66
2021-11-08,Butte,007,227075,21281,21000,3870,24870,288
2021-11-08,Calaveras,009,45235,4200,4166,58,4224,82
2021-11-08,Colusa,011,21464,2542,2514,642,3156,19
2021-11-08,Contra Costa,013,1133247,100268,99669,2194,101863,1028
2021-11-08,Del Norte,015,27424,3705,3619,54,3673,42
2021-11-08,El Dorado,017,186661,16297,16055,1721,17776,156
2021-11-08,Fresno,019,978130,142411,140466,12765,153231,2179
2021-11-08,Glenn,021,27897,3538,3496,1015,4511,34
2021-11-08,Humboldt,023,135768,9214,9095,575,9670,109
2021-11-08,Imperial,025,180216,34095,33690,3205,36895,766
2021-11-08,Inyo,027,18085,2445,2398,38,2436,41
2021-11-08,Kern,029,883053,129432,127722,22629,150351,1692
2021-11-08,Kings,031,150075,32709,32248,1942,34190,344
2021-11-08,Lake,033,64148,6820,6737,152,6889,106
2021-11-08,Lassen,035,31185,6943,6830,389,7219,46
2021-11-08,Los Angeles,037,10098052,1450126,1438322,54056,1492378,26575
2021-11-08,Madera,039,155013,23622,23253,2145,25398,287
2021-11-08,Marin,041,260295,17738,17617,457,18074,247
2021-11-08,Mariposa,043,17540,1341,1316,50,1366,5
2021-11-08,Mendocino,045,87422,7723,7581,592,8173,85
2021-11-08,Merced,047,269075,42368,42224,1973,44197,607
2021-11-08,Modoc,049,8938,551,529,196,725,5
2021-11-08,Mono,051,14174,1751,1739,21,1760,4
2021-11-08,Monterey,053,433212,49054,47942,2940,50882,602
2021-11-08,Napa,055,140530,13144,13045,112,13157,103
2021-11-08,Nevada,057,99092,9416,9278,326,9604,92
2021-11-08,Orange,059,3164182,309601,307156,15284,322440,5616
2021-11-08,Placer,061,380077,37677,37250,3687,40937,439
2021-11-08,Plumas,063,18699,1866,1788,40,1828,7
2021-11-08,Riverside,065,2383286,366914,362201,16326,378527,5152
2021-11-08,Sacramento,067,1510023,160694,159735,4629,164364,2275
2021-11-08,San Benito,069,59416,7469,7461,169,7630,75
2021-11-08,San Bernardino,071,2135413,357748,354741,11243,365984,5836
2021-11-08,San Diego,073,3302833,377342,375557,22119,397676,4259
2021-11-08,San Francisco,075,870044,53574,52942,2313,55255,666
2021-11-08,San Joaquin,077,732212,100650,99736,5391,105127,1794
2021-11-08,San Luis Obispo,079,281455,29869,29464,1263,30727,350
2021-11-08,San Mateo,081,765935,54620,53658,879,54537,574
2021-11-08,Santa Barbara,083,443738,44870,44548,1541,46089,532
2021-11-08,Santa Clara,085,1922200,148464,147183,1371,148554,1899
2021-11-08,Santa Cruz,087,273765,20661,20435,1000,21435,222
2021-11-08,Shasta,089,179085,21830,21504,3610,25114,354
2021-11-08,Sierra,091,2930,190,183,21,204,0
2021-11-08,Siskiyou,093,43540,3369,3290,1291,4581,50
2021-11-08,Solano,095,438530,46293,45613,1274,46887,350
2021-11-08,Sonoma,097,501317,41954,41669,526,42195,395
2021-11-08,Stanislaus,099,539301,79355,79417,8858,88275,1150
2021-11-08,Sutter,101,95872,13975,13976,355,14331,180
2021-11-08,Tehama,103,63373,8644,8534,1482,10016,123
2021-11-08,Trinity,105,12862,864,743,210,953,13
2021-11-08,Tulare,107,460477,69445,68199,15129,83328,1020
2021-11-08,Tuolumne,109,53932,7413,7328,108,7436,90
2021-11-08,Ventura,111,848112,98844,98144,4282,102426,1182
2021-11-08,Yolo,113,214977,20085,19916,1058,20974,255
2021-11-08,Yuba,115,75493,10249,10172,338,10510,83
2021-11-07,Alameda,001,1643700,120149,119902,2749,122651,1444
2021-11-07,Alpine,003,1148,102,105,0,105,0
2021-11-07,Amador,005,37829,5612,5580,60,5640,66
2021-11-07,Butte,007,227075,21240,20969,3861,24830,288
2021-11-07,Calaveras,009,45235,4173,4158,57,4215,82
2021-11-07,Colusa,011,21464,2536,2511,640,3151,19
2021-11-07,Contra Costa,013,1133247,100157,99596,2185,101781,1028
2021-11-07,Del Norte,015,27424,3703,3617,54,3671,42
2021-11-07,El Dorado,017,186661,16260,16040,1718,17758,156
2021-11-07,Fresno,019,978130,142070,140263,12738,153001,2179
2021-11-07,Glenn,021,27897,3531,3493,1014,4507,34
2021-11-07,Humboldt,023,135768,9190,9074,571,9645,109
2021-11-07,Imperial,025,180216,34022,33674,3186,36860,766
2021-11-07,Inyo,027,18085,2432,2394,38,2432,41
2021-11-07,Kern,029,883053,129160,127583,22538,150121,1692
2021-11-07,Kings,031,150075,32618,32221,1939,34160,343
2021-11-07,Lake,033,64148,6804,6734,151,6885,106
2021-11-07,Lassen,035,31185,6935,6819,385,7204,46
2021-11-07,Los Angeles,037,10098052,1448632,1437314,53981,1491295,26573
2021-11-07,Madera,039,155013,23577,23225,2137,25362,287
2021-11-07,Marin,041,260295,17718,17594,456,18050,247
2021-11-07,Mariposa,043,17540,1339,1306,50,1356,5
2021-11-07,Mendocino,045,87422,7695,7567,588,8155,85
2021-11-07,Merced,047,269075,42290,42186,1942,44128,607
2021-11-07,Modoc,049,8938,548,528,195,723,5
2021-11-07,Mono,051,14174,1745,1739,21,1760,4
2021-11-07,Monterey,053,433212,49002,47924,2936,50860,602
2021-11-07,Napa,055,140530,13123,13041,112,13153,103
2021-11-07,Nevada,057,99092,9368,9254,326,9580,92
2021-11-07,Orange,059,3164182,309277,306954,15246,322200,5616
2021-11-07,Placer,061,380077,37601,37202,3672,40874,439
2021-11-07,Plumas,063,18699,1859,1787,39,1826,7
2021-11-07,Riverside,065,2383286,366377,361960,16306,378266,5152
2021-11-07,Sacramento,067,1510023,160461,159549,4612,164161,2277
2021-11-07,San Benito,069,59416,7456,7460,169,7629,75
2021-11-07,San Bernardino,071,2135413,357230,354488,11220,365708,5832
2021-11-07,San Diego,073,3302833,376761,375165,22086,397251,4250
2021-11-07,San Francisco,075,870044,53490,52868,2307,55175,666
2021-11-07,San Joaquin,077,732212,100466,99696,5385,105081,1794
2021-11-07,San Luis Obispo,079,281455,29819,29454,1259,30713,350
2021-11-07,San Mateo,081,765935,54561,53600,877,54477,574
2021-11-07,Santa Barbara,083,443738,44807,44501,1540,46041,532
2021-11-07,Santa Clara,085,1922200,148260,147054,1358,148412,1898
2021-11-07,Santa Cruz,087,273765,20603,20397,999,21396,222
2021-11-07,Shasta,089,179085,21782,21479,3604,25083,354
2021-11-07,Sierra,091,2930,188,183,21,204,0
2021-11-07,Siskiyou,093,43540,3363,3289,1289,4578,51
2021-11-07,Solano,095,438530,46238,45582,1267,46849,350
2021-11-07,Sonoma,097,501317,41904,41630,525,42155,395
2021-11-07,Stanislaus,099,539301,79200,79351,8836,88187,1150
2021-11-07,Sutter,101,95872,13962,13964,352,14316,180
2021-11-07,Tehama,103,63373,8619,8528,1480,10008,121
2021-11-07,Trinity,105,12862,863,742,209,951,13
2021-11-07,Tulare,107,460477,69292,68145,15086,83231,1020
2021-11-07,Tuolumne,109,53932,7395,7300,106,7406,90
2021-11-07,Ventura,111,848112,98753,98085,4280,102365,1182
2021-11-07,Yolo,113,214977,20064,19899,1054,20953,255
2021-11-07,Yuba,115,75493,10232,10162,333,10495,83
2021-11-06,Alameda,001,1643700,120086,119499,2746,122245,1436
2021-11-06,Alpine,003,1148,102,105,0,105,0
2021-11-06,Amador,005,37829,5606,5557,60,5617,66
2021-11-06,Butte,007,227075,21220,20796,3857,24653,288
2021-11-06,Calaveras,009,45235,4165,4105,57,4162,82
2021-11-06,Colusa,011,21464,2535,2501,639,3140,19
2021-11-06,Contra Costa,013,1133247,100102,99282,2183,101465,1025
2021-11-06,Del Norte,015,27424,3700,3607,54,3661,42
2021-11-06,El Dorado,017,186661,16243,15958,1718,17676,156
2021-11-06,Fresno,019,978130,141952,139249,12733,151982,2170
2021-11-06,Glenn,021,27897,3528,3479,1014,4493,33
2021-11-06,Humboldt,023,135768,9178,8972,567,9539,109
2021-11-06,Imperial,025,180216,33978,33471,3180,36651,766
2021-11-06,Inyo,027,18085,2426,2353,38,2391,41
2021-11-06,Kern,029,883053,129026,126848,22486,149334,1684
2021-11-06,Kings,031,150075,32585,32018,1934,33952,342
2021-11-06,Lake,033,64148,6802,6695,151,6846,106
2021-11-06,Lassen,035,31185,6930,6796,384,7180,46
2021-11-06,Los Angeles,037,10098052,1447861,1433081,53938,1487019,26533
2021-11-06,Madera,039,155013,23541,22994,2127,25121,287
2021-11-06,Marin,041,260295,17699,17520,453,17973,247
2021-11-06,Mariposa,043,17540,1337,1282,50,1332,5
2021-11-06,Mendocino,045,87422,7673,7486,588,8074,85
2021-11-06,Merced,047,269075,42266,41958,1934,43892,604
2021-11-06,Modoc,049,8938,547,523,195,718,5
2021-11-06,Mono,051,14174,1743,1725,21,1746,4
2021-11-06,Monterey,053,433212,48970,47830,2926,50756,602
2021-11-06,Napa,055,140530,13113,12950,112,13062,103
2021-11-06,Nevada,057,99092,9346,9169,325,9494,91
2021-11-06,Orange,059,3164182,309071,306049,15220,321269,5611
2021-11-06,Placer,061,380077,37560,36967,3669,40636,438
2021-11-06,Plumas,063,18699,1855,1755,38,1793,7
2021-11-06,Riverside,065,2383286,366058,360584,16298,376882,5138
2021-11-06,Sacramento,067,1510023,160368,158766,4607,163373,2263
2021-11-06,San Benito,069,59416,7449,7429,169,7598,75
2021-11-06,San Bernardino,071,2135413,356960,353142,11216,364358,5813
2021-11-06,San Diego,073,3302833,376425,373423,22068,395491,4246
2021-11-06,San Francisco,075,870044,53437,52556,2304,54860,666
2021-11-06,San Joaquin,077,732212,100408,99372,5384,104756,1782
2021-11-06,San Luis Obispo,079,281455,29791,29335,1255,30590,350
2021-11-06,San Mateo,081,765935,54526,53442,876,54318,574
2021-11-06,Santa Barbara,083,443738,44771,44301,1539,45840,532
2021-11-06,Santa Clara,085,1922200,148115,146519,1353,147872,1894
2021-11-06,Santa Cruz,087,273765,20584,20311,997,21308,222
2021-11-06,Shasta,089,179085,21763,21281,3599,24880,349
2021-11-06,Sierra,091,2930,188,181,21,202,0
2021-11-06,Siskiyou,093,43540,3363,3279,1287,4566,48
2021-11-06,Solano,095,438530,46208,45465,1266,46731,350
2021-11-06,Sonoma,097,501317,41854,41398,524,41922,395
2021-11-06,Stanislaus,099,539301,79132,78902,8828,87730,1193
2021-11-06,Sutter,101,95872,13958,13908,351,14259,180
2021-11-06,Tehama,103,63373,8607,8474,1478,9952,120
2021-11-06,Trinity,105,12862,860,732,209,941,11
2021-11-06,Tulare,107,460477,69242,67767,15057,82824,1010
2021-11-06,Tuolumne,109,53932,7383,7245,106,7351,90
2021-11-06,Ventura,111,848112,98686,97770,4275,102045,1180
2021-11-06,Yolo,113,214977,20047,19827,1050,20877,255
2021-11-06,Yuba,115,75493,10218,10107,333,10440,83
2021-11-05,Alameda,001,1643700,120002,119499,2744,122243,1436
2021-11-05,Alpine,003,1148,102,105,0,105,0
2021-11-05,Amador,005,37829,5601,5557,60,5617,66
2021-11-05,Butte,007,227075,21207,20796,3856,24652,288
2021-11-05,Calaveras,009,45235,4160,4105,57,4162,82
2021-11-05,Colusa,011,21464,2535,2501,638,3139,19
2021-11-05,Contra Costa,013,1133247,100037,99282,2181,101463,1025
2021-11-05,Del Norte,015,27424,3698,3607,54,3661,42
2021-11-05,El Dorado,017,186661,16226,15958,1712,17670,156
2021-11-05,Fresno,019,978130,141774,139249,12723,151972,2170
2021-11-05,Glenn,021,27897,3527,3479,1013,4492,33
2021-11-05,Humboldt,023,135768,9164,8972,567,9539,109
2021-11-05,Imperial,025,180216,33942,33471,3177,36648,766
2021-11-05,Inyo,027,18085,2418,2353,38,2391,41
2021-11-05,Kern,029,883053,128899,126848,22431,149279,1684
2021-11-05,Kings,031,150075,32561,32018,1933,33951,342
2021-11-05,Lake,033,64148,6796,6695,151,6846,106
2021-11-05,Lassen,035,31185,6926,6796,383,7179,46
2021-11-05,Los Angeles,037,10098052,1447039,1433081,53900,1486981,26533
2021-11-05,Madera,039,155013,23503,22994,2126,25120,287
2021-11-05,Marin,041,260295,17677,17520,452,17972,247
2021-11-05,Mariposa,043,17540,1334,1282,49,1331,5
2021-11-05,Mendocino,045,87422,7662,7486,587,8073,85
2021-11-05,Merced,047,269075,42240,41958,1925,43883,604
2021-11-05,Modoc,049,8938,547,523,195,718,5
2021-11-05,Mono,051,14174,1742,1725,21,1746,4
2021-11-05,Monterey,053,433212,48940,47830,2924,50754,602
2021-11-05,Napa,055,140530,13091,12950,112,13062,103
2021-11-05,Nevada,057,99092,9333,9169,325,9494,91
2021-11-05,Orange,059,3164182,308874,306049,15198,321247,5611
2021-11-05,Placer,061,380077,37533,36967,3660,40627,438
2021-11-05,Plumas,063,18699,1847,1755,38,1793,7
2021-11-05,Riverside,065,2383286,365717,360584,16288,376872,5138
2021-11-05,Sacramento,067,1510023,160245,158766,4601,163367,2263
2021-11-05,San Benito,069,59416,7447,7429,168,7597,75
2021-11-05,San Bernardino,071,2135413,356626,353142,11206,364348,5813
2021-11-05,San Diego,073,3302833,376072,373423,22056,395479,4246
2021-11-05,San Francisco,075,870044,53386,52556,2301,54857,666
2021-11-05,San Joaquin,077,732212,100355,99372,5375,104747,1782
2021-11-05,San Luis Obispo,079,281455,29768,29335,1255,30590,350
2021-11-05,San Mateo,081,765935,54484,53442,874,54316,574
2021-11-05,Santa Barbara,083,443738,44726,44301,1538,45839,532
2021-11-05,Santa Clara,085,1922200,147978,146519,1352,147871,1894
2021-11-05,Santa Cruz,087,273765,20560,20311,996,21307,222
2021-11-05,Shasta,089,179085,21731,21281,3594,24875,349
2021-11-05,Sierra,091,2930,188,181,21,202,0
2021-11-05,Siskiyou,093,43540,3358,3279,1286,4565,48
2021-11-05,Solano,095,438530,46163,45465,1264,46729,350
2021-11-05,Sonoma,097,501317,41814,41398,524,41922,395
2021-11-05,Stanislaus,099,539301,79074,78902,8816,87718,1193
2021-11-05,Sutter,101,95872,13950,13908,350,14258,180
2021-11-05,Tehama,103,63373,8600,8474,1477,9951,120
2021-11-05,Trinity,105,12862,860,732,209,941,11
2021-11-05,Tulare,107,460477,69170,67767,15020,82787,1010
2021-11-05,Tuolumne,109,53932,7366,7245,105,7350,90
2021-11-05,Ventura,111,848112,98646,97770,4273,102043,1180
2021-11-05,Yolo,113,214977,20036,19827,1049,20876,255
2021-11-05,Yuba,115,75493,10205,10107,331,10438,83
2021-11-04,Alameda,001,1643700,119887,119499,2738,122237,1436
2021-11-04,Alpine,003,1148,102,105,0,105,0
2021-11-04,Amador,005,37829,5593,5557,60,5617,66
2021-11-04,Butte,007,227075,21165,20796,3845,24641,288
2021-11-04,Calaveras,009,45235,4146,4105,55,4160,82
2021-11-04,Colusa,011,21464,2529,2501,637,3138,19
2021-11-04,Contra Costa,013,1133247,99946,99282,2176,101458,1025
2021-11-04,Del Norte,015,27424,3695,3607,54,3661,42
2021-11-04,El Dorado,017,186661,16200,15958,1708,17666,156
2021-11-04,Fresno,019,978130,141492,139249,12714,151963,2170
2021-11-04,Glenn,021,27897,3522,3479,1012,4491,33
2021-11-04,Humboldt,023,135768,9139,8972,564,9536,109
2021-11-04,Imperial,025,180216,33885,33471,3168,36639,766
2021-11-04,Inyo,027,18085,2410,2353,38,2391,41
2021-11-04,Kern,029,883053,128667,126848,22362,149210,1684
2021-11-04,Kings,031,150075,32482,32018,1924,33942,342
2021-11-04,Lake,033,64148,6786,6695,149,6844,106
2021-11-04,Lassen,035,31185,6916,6796,378,7174,46
2021-11-04,Los Angeles,037,10098052,1445720,1433081,53819,1486900,26533
2021-11-04,Madera,039,155013,23448,22994,2115,25109,287
2021-11-04,Marin,041,260295,17665,17520,450,17970,247
2021-11-04,Mariposa,043,17540,1327,1282,49,1331,5
2021-11-04,Mendocino,045,87422,7649,7486,581,8067,85
2021-11-04,Merced,047,269075,42186,41958,1921,43879,604
2021-11-04,Modoc,049,8938,546,523,195,718,5
2021-11-04,Mono,051,14174,1737,1725,21,1746,4
2021-11-04,Monterey,053,433212,48896,47830,2908,50738,602
2021-11-04,Napa,055,140530,13070,12950,112,13062,103
2021-11-04,Nevada,057,99092,9302,9169,324,9493,91
2021-11-04,Orange,059,3164182,308626,306049,15180,321229,5611
2021-11-04,Placer,061,380077,37461,36967,3651,40618,438
2021-11-04,Plumas,063,18699,1839,1755,34,1789,7
2021-11-04,Riverside,065,2383286,365319,360584,16279,376863,5138
2021-11-04,Sacramento,067,1510023,160010,158766,4581,163347,2263
2021-11-04,San Benito,069,59416,7441,7429,168,7597,75
2021-11-04,San Bernardino,071,2135413,356188,353142,11198,364340,5813
2021-11-04,San Diego,073,3302833,375603,373423,22035,395458,4246
2021-11-04,San Francisco,075,870044,53305,52556,2297,54853,666
2021-11-04,San Joaquin,077,732212,100248,99372,5363,104735,1782
2021-11-04,San Luis Obispo,079,281455,29744,29335,1249,30584,350
2021-11-04,San Mateo,081,765935,54425,53442,868,54310,574
2021-11-04,Santa Barbara,083,443738,44670,44301,1538,45839,532
2021-11-04,Santa Clara,085,1922200,147824,146519,1348,147867,1894
2021-11-04,Santa Cruz,087,273765,20525,20311,996,21307,222
2021-11-04,Shasta,089,179085,21673,21281,3588,24869,349
2021-11-04,Sierra,091,2930,186,181,21,202,0
2021-11-04,Siskiyou,093,43540,3354,3279,1279,4558,48
2021-11-04,Solano,095,438530,46121,45465,1263,46728,350
2021-11-04,Sonoma,097,501317,41754,41398,524,41922,395
2021-11-04,Stanislaus,099,539301,78936,78902,8808,87710,1193
2021-11-04,Sutter,101,95872,13939,13908,348,14256,180
2021-11-04,Tehama,103,63373,8591,8474,1473,9947,120
2021-11-04,Trinity,105,12862,859,732,209,941,11
2021-11-04,Tulare,107,460477,69054,67767,14974,82741,1010
2021-11-04,Tuolumne,109,53932,7344,7245,103,7348,90
2021-11-04,Ventura,111,848112,98558,97770,4270,102040,1180
2021-11-04,Yolo,113,214977,20011,19827,1044,20871,255
2021-11-04,Yuba,115,75493,10191,10107,329,10436,83
2021-11-03,Alameda,001,1643700,119747,119356,2734,122090,1428
2021-11-03,Alpine,003,1148,102,105,0,105,0
2021-11-03,Amador,005,37829,5587,5545,59,5604,66
2021-11-03,Butte,007,227075,21120,20769,3836,24605,284
2021-11-03,Calaveras,009,45235,4128,4087,54,4141,82
2021-11-03,Colusa,011,21464,2523,2499,637,3136,20
2021-11-03,Contra Costa,013,1133247,99847,99168,2171,101339,1025
2021-11-03,Del Norte,015,27424,3693,3600,53,3653,42
2021-11-03,El Dorado,017,186661,16173,15915,1704,17619,156
2021-11-03,Fresno,019,978130,141130,138873,12692,151565,2166
2021-11-03,Glenn,021,27897,3519,3470,1012,4482,33
2021-11-03,Humboldt,023,135768,9122,8949,559,9508,109
2021-11-03,Imperial,025,180216,33813,33402,3158,36560,766
2021-11-03,Inyo,027,18085,2389,2344,38,2382,41
2021-11-03,Kern,029,883053,128407,126523,22262,148785,1681
2021-11-03,Kings,031,150075,32428,31923,1917,33840,341
2021-11-03,Lake,033,64148,6770,6685,149,6834,106
2021-11-03,Lassen,035,31185,6900,6782,373,7155,46
2021-11-03,Los Angeles,037,10098052,1444366,1431209,53736,1484945,26517
2021-11-03,Madera,039,155013,23380,22893,2106,24999,287
2021-11-03,Marin,041,260295,17644,17491,446,17937,247
2021-11-03,Mariposa,043,17540,1317,1276,49,1325,5
2021-11-03,Mendocino,045,87422,7633,7457,573,8030,84
2021-11-03,Merced,047,269075,42125,41849,1911,43760,597
2021-11-03,Modoc,049,8938,546,521,193,714,5
2021-11-03,Mono,051,14174,1733,1719,21,1740,4
2021-11-03,Monterey,053,433212,48846,47794,2895,50689,601
2021-11-03,Napa,055,140530,13058,12937,111,13048,103
2021-11-03,Nevada,057,99092,9275,9131,323,9454,91
2021-11-03,Orange,059,3164182,308315,305661,15148,320809,5607
2021-11-03,Placer,061,380077,37391,36868,3646,40514,438
2021-11-03,Plumas,063,18699,1828,1739,33,1772,7
2021-11-03,Riverside,065,2383286,364861,360060,16275,376335,5131
2021-11-03,Sacramento,067,1510023,159785,158311,4571,162882,2259
2021-11-03,San Benito,069,59416,7433,7419,168,7587,75
2021-11-03,San Bernardino,071,2135413,355713,352225,11178,363403,5813
2021-11-03,San Diego,073,3302833,375103,372951,22012,394963,4241
2021-11-03,San Francisco,075,870044,53213,52493,2292,54785,663
2021-11-03,San Joaquin,077,732212,100136,99188,5353,104541,1776
2021-11-03,San Luis Obispo,079,281455,29702,29276,1243,30519,348
2021-11-03,San Mateo,081,765935,54361,53396,862,54258,571
2021-11-03,Santa Barbara,083,443738,44613,44220,1535,45755,531
2021-11-03,Santa Clara,085,1922200,147654,146259,1341,147600,1897
2021-11-03,Santa Cruz,087,273765,20490,20275,996,21271,222
2021-11-03,Shasta,089,179085,21615,21215,3581,24796,346
2021-11-03,Sierra,091,2930,184,180,21,201,0
2021-11-03,Siskiyou,093,43540,3350,3276,1277,4553,46
2021-11-03,Solano,095,438530,46094,45411,1261,46672,351
2021-11-03,Sonoma,097,501317,41677,41326,522,41848,395
2021-11-03,Stanislaus,099,539301,78805,78736,8792,87528,1193
2021-11-03,Sutter,101,95872,13926,13876,346,14222,179
2021-11-03,Tehama,103,63373,8579,8438,1473,9911,118
2021-11-03,Trinity,105,12862,858,730,209,939,11
2021-11-03,Tulare,107,460477,68927,67588,14933,82521,1007
2021-11-03,Tuolumne,109,53932,7326,7218,101,7319,90
2021-11-03,Ventura,111,848112,98450,97682,4266,101948,1178
2021-11-03,Yolo,113,214977,19993,19758,1036,20794,250
2021-11-03,Yuba,115,75493,10179,10092,329,10421,83
2021-11-02,Alameda,001,1643700,119600,119241,2728,121969,1425
2021-11-02,Alpine,003,1148,101,105,0,105,0
2021-11-02,Amador,005,37829,5582,5535,59,5594,66
2021-11-02,Butte,007,227075,21076,20744,3824,24568,282
2021-11-02,Calaveras,009,45235,4105,4075,54,4129,82
2021-11-02,Colusa,011,21464,2518,2497,636,3133,19
2021-11-02,Contra Costa,013,1133247,99743,99080,2159,101239,1025
2021-11-02,Del Norte,015,27424,3691,3596,53,3649,42
2021-11-02,El Dorado,017,186661,16144,15883,1704,17587,154
2021-11-02,Fresno,019,978130,140806,138644,12661,151305,2158
2021-11-02,Glenn,021,27897,3511,3469,1009,4478,33
2021-11-02,Humboldt,023,135768,9080,8937,558,9495,109
2021-11-02,Imperial,025,180216,33740,33371,3146,36517,766
2021-11-02,Inyo,027,18085,2382,2324,38,2362,41
2021-11-02,Kern,029,883053,128152,126311,22142,148453,1665
2021-11-02,Kings,031,150075,32369,31896,1912,33808,339
2021-11-02,Lake,033,64148,6765,6681,148,6829,106
2021-11-02,Lassen,035,31185,6888,6777,370,7147,45
2021-11-02,Los Angeles,037,10098052,1442919,1429601,53660,1483261,26496
2021-11-02,Madera,039,155013,23299,22837,2095,24932,287
2021-11-02,Marin,041,260295,17616,17482,446,17928,247
2021-11-02,Mariposa,043,17540,1306,1270,48,1318,5
2021-11-02,Mendocino,045,87422,7609,7447,561,8008,84
2021-11-02,Merced,047,269075,42058,41785,1903,43688,596
2021-11-02,Modoc,049,8938,543,520,192,712,5
2021-11-02,Mono,051,14174,1729,1718,21,1739,4
2021-11-02,Monterey,053,433212,48795,47775,2877,50652,599
2021-11-02,Napa,055,140530,13040,12930,111,13041,104
2021-11-02,Nevada,057,99092,9245,9122,322,9444,91
2021-11-02,Orange,059,3164182,307999,305369,15104,320473,5600
2021-11-02,Placer,061,380077,37319,36817,3631,40448,438
2021-11-02,Plumas,063,18699,1817,1721,33,1754,7
2021-11-02,Riverside,065,2383286,364407,359586,16256,375842,5116
2021-11-02,Sacramento,067,1510023,159529,158112,4549,162661,2250
2021-11-02,San Benito,069,59416,7417,7407,168,7575,75
2021-11-02,San Bernardino,071,2135413,355236,351832,11124,362956,5813
2021-11-02,San Diego,073,3302833,374518,372440,21982,394422,4232
2021-11-02,San Francisco,075,870044,53094,52450,2288,54738,663
2021-11-02,San Joaquin,077,732212,100003,99076,5342,104418,1772
2021-11-02,San Luis Obispo,079,281455,29669,29224,1239,30463,348
2021-11-02,San Mateo,081,765935,54289,53351,859,54210,571
2021-11-02,Santa Barbara,083,443738,44557,44177,1532,45709,531
2021-11-02,Santa Clara,085,1922200,147460,146115,1334,147449,1896
2021-11-02,Santa Cruz,087,273765,20457,20266,995,21261,222
2021-11-02,Shasta,089,179085,21541,21127,3571,24698,344
2021-11-02,Sierra,091,2930,184,180,20,200,0
2021-11-02,Siskiyou,093,43540,3348,3272,1274,4546,46
2021-11-02,Solano,095,438530,46054,45378,1255,46633,350
2021-11-02,Sonoma,097,501317,41596,41288,521,41809,395
2021-11-02,Stanislaus,099,539301,78650,78629,8772,87401,1193
2021-11-02,Sutter,101,95872,13906,13868,346,14214,179
2021-11-02,Tehama,103,63373,8563,8422,1470,9892,116
2021-11-02,Trinity,105,12862,858,729,209,938,11
2021-11-02,Tulare,107,460477,68802,67502,14885,82387,1002
2021-11-02,Tuolumne,109,53932,7304,7204,99,7303,90
2021-11-02,Ventura,111,848112,98345,97574,4262,101836,1178
2021-11-02,Yolo,113,214977,19963,19736,1034,20770,250
2021-11-02,Yuba,115,75493,10156,10080,327,10407,83
2021-11-01,Alameda,001,1643700,119462,119159,2726,121885,1421
2021-11-01,Alpine,003,1148,101,105,0,105,0
2021-11-01,Amador,005,37829,5580,5532,59,5591,64
2021-11-01,Butte,007,227075,21026,20710,3818,24528,281
2021-11-01,Calaveras,009,45235,4095,4059,53,4112,82
2021-11-01,Colusa,011,21464,2516,2494,633,3127,19
2021-11-01,Contra Costa,013,1133247,99619,99011,2151,101162,1025
2021-11-01,Del Norte,015,27424,3689,3594,53,3647,42
2021-11-01,El Dorado,017,186661,16120,15858,1699,17557,154
2021-11-01,Fresno,019,978130,140430,138421,12625,151046,2149
2021-11-01,Glenn,021,27897,3503,3461,1007,4468,33
2021-11-01,Humboldt,023,135768,9052,8929,555,9484,108
2021-11-01,Imperial,025,180216,33690,33342,3137,36479,766
2021-11-01,Inyo,027,18085,2370,2307,38,2345,41
2021-11-01,Kern,029,883053,127852,126092,22027,148119,1660
2021-11-01,Kings,031,150075,32316,31866,1908,33774,337
2021-11-01,Lake,033,64148,6754,6676,147,6823,106
2021-11-01,Lassen,035,31185,6873,6775,367,7142,42
2021-11-01,Los Angeles,037,10098052,1441536,1428891,53570,1482461,26483
2021-11-01,Madera,039,155013,23220,22801,2090,24891,283
2021-11-01,Marin,041,260295,17596,17460,445,17905,247
2021-11-01,Mariposa,043,17540,1298,1266,47,1313,5
2021-11-01,Mendocino,045,87422,7576,7422,543,7965,84
2021-11-01,Merced,047,269075,41967,41740,1901,43641,594
2021-11-01,Modoc,049,8938,538,520,190,710,5
2021-11-01,Mono,051,14174,1725,1714,21,1735,3
2021-11-01,Monterey,053,433212,48752,47756,2865,50621,597
2021-11-01,Napa,055,140530,13013,12916,110,13026,101
2021-11-01,Nevada,057,99092,9222,9108,321,9429,91
2021-11-01,Orange,059,3164182,307656,305192,15063,320255,5596
2021-11-01,Placer,061,380077,37236,36747,3619,40366,435
2021-11-01,Plumas,063,18699,1798,1719,33,1752,7
2021-11-01,Riverside,065,2383286,363904,359263,16234,375497,5115
2021-11-01,Sacramento,067,1510023,159259,157893,4526,162419,2239
2021-11-01,San Benito,069,59416,7407,7406,167,7573,73
2021-11-01,San Bernardino,071,2135413,354745,351620,11104,362724,5815
2021-11-01,San Diego,073,3302833,373953,372043,21964,394007,4232
2021-11-01,San Francisco,075,870044,53008,52418,2281,54699,661
2021-11-01,San Joaquin,077,732212,99841,98969,5335,104304,1772
2021-11-01,San Luis Obispo,079,281455,29625,29199,1234,30433,343
2021-11-01,San Mateo,081,765935,54222,53314,855,54169,571
2021-11-01,Santa Barbara,083,443738,44490,44146,1528,45674,529
2021-11-01,Santa Clara,085,1922200,147263,145978,1329,147307,1907
2021-11-01,Santa Cruz,087,273765,20422,20238,995,21233,221
2021-11-01,Shasta,089,179085,21488,21104,3564,24668,338
2021-11-01,Sierra,091,2930,184,180,20,200,0
2021-11-01,Siskiyou,093,43540,3341,3272,1269,4541,46
2021-11-01,Solano,095,438530,46000,45358,1255,46613,350
2021-11-01,Sonoma,097,501317,41523,41234,520,41754,395
2021-11-01,Stanislaus,099,539301,78520,78534,8757,87291,1193
2021-11-01,Sutter,101,95872,13882,13852,344,14196,179
2021-11-01,Tehama,103,63373,8535,8412,1467,9879,116
2021-11-01,Trinity,105,12862,856,727,209,936,11
2021-11-01,Tulare,107,460477,68659,67388,14833,82221,1002
2021-11-01,Tuolumne,109,53932,7288,7175,98,7273,90
2021-11-01,Ventura,111,848112,98255,97507,4260,101767,1178
2021-11-01,Yolo,113,214977,19943,19708,1027,20735,250
2021-11-01,Yuba,115,75493,10138,10066,325,10391,83
2021-10-31,Alameda,001,1643700,119318,119071,2722,121793,1419
2021-10-31,Alpine,003,1148,101,105,0,105,0
2021-10-31,Amador,005,37829,5569,5518,59,5577,64
2021-10-31,Butte,007,227075,20964,20689,3807,24496,281
2021-10-31,Calaveras,009,45235,4077,4052,52,4104,82
2021-10-31,Colusa,011,21464,2514,2493,630,3123,18
2021-10-31,Contra Costa,013,1133247,99491,98936,2149,101085,1025
2021-10-31,Del Norte,015,27424,3683,3591,53,3644,42
2021-10-31,El Dorado,017,186661,16074,15841,1696,17537,154
2021-10-31,Fresno,019,978130,140026,138165,12588,150753,2147
2021-10-31,Glenn,021,27897,3497,3459,1007,4466,33
2021-10-31,Humboldt,023,135768,9004,8919,549,9468,108
2021-10-31,Imperial,025,180216,33615,33334,3125,36459,766
2021-10-31,Inyo,027,18085,2351,2309,38,2347,41
2021-10-31,Kern,029,883053,127483,125917,21903,147820,1666
2021-10-31,Kings,031,150075,32230,31814,1896,33710,338
2021-10-31,Lake,033,64148,6743,6665,145,6810,106
2021-10-31,Lassen,035,31185,6858,6768,362,7130,42
2021-10-31,Los Angeles,037,10098052,1439984,1427933,53488,1481421,26474
2021-10-31,Madera,039,155013,23124,22744,2077,24821,283
2021-10-31,Marin,041,260295,17568,17443,444,17887,247
2021-10-31,Mariposa,043,17540,1292,1257,46,1303,5
2021-10-31,Mendocino,045,87422,7535,7403,526,7929,84
2021-10-31,Merced,047,269075,41874,41699,1881,43580,589
2021-10-31,Modoc,049,8938,532,517,187,704,5
2021-10-31,Mono,051,14174,1721,1711,21,1732,3
2021-10-31,Monterey,053,433212,48711,47744,2847,50591,596
2021-10-31,Napa,055,140530,12995,12906,108,13014,101
2021-10-31,Nevada,057,99092,9185,9084,316,9400,91
2021-10-31,Orange,059,3164182,307308,305032,14980,320012,5596
2021-10-31,Placer,061,380077,37139,36698,3606,40304,435
2021-10-31,Plumas,063,18699,1780,1716,33,1749,7
2021-10-31,Riverside,065,2383286,363323,359005,16220,375225,5104
2021-10-31,Sacramento,067,1510023,158907,157667,4513,162180,2243
2021-10-31,San Benito,069,59416,7398,7397,165,7562,73
2021-10-31,San Bernardino,071,2135413,354211,351411,11090,362501,5810
2021-10-31,San Diego,073,3302833,373400,371603,21933,393536,4218
2021-10-31,San Francisco,075,870044,52899,52370,2275,54645,661
2021-10-31,San Joaquin,077,732212,99677,98893,5320,104213,1772
2021-10-31,San Luis Obispo,079,281455,29572,29176,1233,30409,343
2021-10-31,San Mateo,081,765935,54163,53284,853,54137,571
2021-10-31,Santa Barbara,083,443738,44420,44113,1523,45636,529
2021-10-31,Santa Clara,085,1922200,147048,145829,1315,147144,1908
2021-10-31,Santa Cruz,087,273765,20387,20218,994,21212,221
2021-10-31,Shasta,089,179085,21405,21086,3552,24638,338
2021-10-31,Sierra,091,2930,184,180,20,200,0
2021-10-31,Siskiyou,093,43540,3335,3271,1268,4539,46
2021-10-31,Solano,095,438530,45952,45310,1248,46558,350
2021-10-31,Sonoma,097,501317,41453,41183,517,41700,395
2021-10-31,Stanislaus,099,539301,78331,78426,8740,87166,1193
2021-10-31,Sutter,101,95872,13863,13838,341,14179,179
2021-10-31,Tehama,103,63373,8504,8391,1463,9854,116
2021-10-31,Trinity,105,12862,856,724,209,933,11
2021-10-31,Tulare,107,460477,68464,67310,14745,82055,1002
2021-10-31,Tuolumne,109,53932,7259,7141,97,7238,90
2021-10-31,Ventura,111,848112,98133,97460,4255,101715,1178
2021-10-31,Yolo,113,214977,19899,19662,1021,20683,250
2021-10-31,Yuba,115,75493,10120,10051,315,10366,83
2021-10-30,Alameda,001,1643700,119258,118632,2719,121351,1419
2021-10-30,Alpine,003,1148,101,105,0,105,0
2021-10-30,Amador,005,37829,5560,5480,58,5538,64
2021-10-30,Butte,007,227075,20949,20516,3800,24316,277
2021-10-30,Calaveras,009,45235,4070,3992,52,4044,82
2021-10-30,Colusa,011,21464,2514,2484,629,3113,19
2021-10-30,Contra Costa,013,1133247,99428,98562,2148,100710,1024
2021-10-30,Del Norte,015,27424,3680,3574,53,3627,42
2021-10-30,El Dorado,017,186661,16058,15752,1692,17444,154
2021-10-30,Fresno,019,978130,139881,136901,12576,149477,2131
2021-10-30,Glenn,021,27897,3493,3442,1007,4449,33
2021-10-30,Humboldt,023,135768,8989,8871,547,9418,105
2021-10-30,Imperial,025,180216,33569,33156,3121,36277,766
2021-10-30,Inyo,027,18085,2348,2249,38,2287,41
2021-10-30,Kern,029,883053,127331,124892,21834,146726,1653
2021-10-30,Kings,031,150075,32196,31578,1892,33470,337
2021-10-30,Lake,033,64148,6738,6610,145,6755,106
2021-10-30,Lassen,035,31185,6852,6719,360,7079,42
2021-10-30,Los Angeles,037,10098052,1439262,1424257,53435,1477692,26625
2021-10-30,Madera,039,155013,23080,22524,2072,24596,283
2021-10-30,Marin,041,260295,17553,17380,442,17822,247
2021-10-30,Mariposa,043,17540,1289,1228,46,1274,5
2021-10-30,Mendocino,045,87422,7512,7338,524,7862,84
2021-10-30,Merced,047,269075,41834,41428,1879,43307,586
2021-10-30,Modoc,049,8938,530,513,186,699,5
2021-10-30,Mono,051,14174,1721,1684,21,1705,3
2021-10-30,Monterey,053,433212,48694,47649,2841,50490,588
2021-10-30,Napa,055,140530,12981,12863,107,12970,101
2021-10-30,Nevada,057,99092,9166,9015,316,9331,91
2021-10-30,Orange,059,3164182,307128,304120,14958,319078,5588
2021-10-30,Placer,061,380077,37093,36400,3600,40000,434
2021-10-30,Plumas,063,18699,1775,1695,33,1728,7
2021-10-30,Riverside,065,2383286,363021,357645,16212,373857,5088
2021-10-30,Sacramento,067,1510023,158749,157125,4504,161629,2233
2021-10-30,San Benito,069,59416,7391,7362,165,7527,71
2021-10-30,San Bernardino,071,2135413,353933,350076,11076,361152,5777
2021-10-30,San Diego,073,3302833,373037,370006,21911,391917,4213
2021-10-30,San Francisco,075,870044,52871,52161,2273,54434,661
2021-10-30,San Joaquin,077,732212,99621,98314,5319,103633,1768
2021-10-30,San Luis Obispo,079,281455,29540,29053,1230,30283,341
2021-10-30,San Mateo,081,765935,54124,53083,853,53936,571
2021-10-30,Santa Barbara,083,443738,44385,43972,1522,45494,528
2021-10-30,Santa Clara,085,1922200,146943,145262,1311,146573,1903
2021-10-30,Santa Cruz,087,273765,20369,20134,992,21126,221
2021-10-30,Shasta,089,179085,21361,20878,3546,24424,332
2021-10-30,Sierra,091,2930,184,175,20,195,0
2021-10-30,Siskiyou,093,43540,3334,3257,1265,4522,46
2021-10-30,Solano,095,438530,45931,45146,1246,46392,346
2021-10-30,Sonoma,097,501317,41414,40924,517,41441,393
2021-10-30,Stanislaus,099,539301,78261,77871,8733,86604,1191
2021-10-30,Sutter,101,95872,13849,13773,341,14114,178
2021-10-30,Tehama,103,63373,8492,8307,1459,9766,114
2021-10-30,Trinity,105,12862,854,708,208,916,11
2021-10-30,Tulare,107,460477,68393,66745,14701,81446,995
2021-10-30,Tuolumne,109,53932,7235,7050,96,7146,90
2021-10-30,Ventura,111,848112,98084,97182,4252,101434,1174
2021-10-30,Yolo,113,214977,19880,19568,1019,20587,250
2021-10-30,Yuba,115,75493,10109,9969,315,10284,82
2021-10-29,Alameda,001,1643700,119179,118632,2714,121346,1419
2021-10-29,Alpine,003,1148,101,105,0,105,0
2021-10-29,Amador,005,37829,5549,5480,58,5538,64
2021-10-29,Butte,007,227075,20924,20516,3789,24305,277
2021-10-29,Calaveras,009,45235,4063,3992,52,4044,82
2021-10-29,Colusa,011,21464,2514,2484,627,3111,19
2021-10-29,Contra Costa,013,1133247,99360,98562,2146,100708,1024
2021-10-29,Del Norte,015,27424,3673,3574,53,3627,42
2021-10-29,El Dorado,017,186661,16044,15752,1692,17444,154
2021-10-29,Fresno,019,978130,139667,136901,12562,149463,2131
2021-10-29,Glenn,021,27897,3492,3442,1006,4448,33
2021-10-29,Humboldt,023,135768,8984,8871,546,9417,105
2021-10-29,Imperial,025,180216,33542,33156,3118,36274,766
2021-10-29,Inyo,027,18085,2345,2249,38,2287,41
2021-10-29,Kern,029,883053,127154,124892,21744,146636,1653
2021-10-29,Kings,031,150075,32162,31578,1890,33468,337
2021-10-29,Lake,033,64148,6729,6610,142,6752,106
2021-10-29,Lassen,035,31185,6843,6719,358,7077,42
2021-10-29,Los Angeles,037,10098052,1438422,1424257,53391,1477648,26625
2021-10-29,Madera,039,155013,23028,22524,2067,24591,283
2021-10-29,Marin,041,260295,17537,17380,441,17821,247
2021-10-29,Mariposa,043,17540,1285,1228,46,1274,5
2021-10-29,Mendocino,045,87422,7504,7338,524,7862,84
2021-10-29,Merced,047,269075,41784,41428,1873,43301,586
2021-10-29,Modoc,049,8938,528,513,185,698,5
2021-10-29,Mono,051,14174,1719,1684,21,1705,3
2021-10-29,Monterey,053,433212,48671,47649,2841,50490,588
2021-10-29,Napa,055,140530,12960,12863,107,12970,101
2021-10-29,Nevada,057,99092,9154,9015,316,9331,91
2021-10-29,Orange,059,3164182,306903,304120,14938,319058,5588
2021-10-29,Placer,061,380077,37057,36400,3590,39990,434
2021-10-29,Plumas,063,18699,1769,1695,33,1728,7
2021-10-29,Riverside,065,2383286,362687,357645,16207,373852,5088
2021-10-29,Sacramento,067,1510023,158560,157125,4495,161620,2233
2021-10-29,San Benito,069,59416,7388,7362,165,7527,71
2021-10-29,San Bernardino,071,2135413,353630,350076,11065,361141,5777
2021-10-29,San Diego,073,3302833,372665,370006,21883,391889,4213
2021-10-29,San Francisco,075,870044,52811,52161,2267,54428,661
2021-10-29,San Joaquin,077,732212,99561,98314,5314,103628,1768
2021-10-29,San Luis Obispo,079,281455,29514,29053,1228,30281,341
2021-10-29,San Mateo,081,765935,54081,53083,851,53934,571
2021-10-29,Santa Barbara,083,443738,44345,43972,1519,45491,528
2021-10-29,Santa Clara,085,1922200,146829,145262,1304,146566,1903
2021-10-29,Santa Cruz,087,273765,20362,20134,991,21125,221
2021-10-29,Shasta,089,179085,21323,20878,3540,24418,332
2021-10-29,Sierra,091,2930,182,175,20,195,0
2021-10-29,Siskiyou,093,43540,3334,3257,1264,4521,46
2021-10-29,Solano,095,438530,45894,45146,1245,46391,346
2021-10-29,Sonoma,097,501317,41393,40924,517,41441,393
2021-10-29,Stanislaus,099,539301,78176,77871,8721,86592,1191
2021-10-29,Sutter,101,95872,13830,13773,341,14114,178
2021-10-29,Tehama,103,63373,8479,8307,1458,9765,114
2021-10-29,Trinity,105,12862,853,708,208,916,11
2021-10-29,Tulare,107,460477,68289,66745,14658,81403,995
2021-10-29,Tuolumne,109,53932,7222,7050,96,7146,90
2021-10-29,Ventura,111,848112,98029,97182,4248,101430,1174
2021-10-29,Yolo,113,214977,19862,19568,1014,20582,250
2021-10-29,Yuba,115,75493,10101,9969,311,10280,82
2021-10-28,Alameda,001,1643700,119056,118632,2707,121339,1419
2021-10-28,Alpine,003,1148,101,105,0,105,0
2021-10-28,Amador,005,37829,5536,5480,58,5538,64
2021-10-28,Butte,007,227075,20881,20516,3777,24293,277
2021-10-28,Calaveras,009,45235,4050,3992,52,4044,82
2021-10-28,Colusa,011,21464,2511,2484,626,3110,19
2021-10-28,Contra Costa,013,1133247,99230,98562,2142,100704,1024
2021-10-28,Del Norte,015,27424,3672,3574,53,3627,42
2021-10-28,El Dorado,017,186661,16017,15752,1689,17441,154
2021-10-28,Fresno,019,978130,139333,136901,12531,149432,2131
2021-10-28,Glenn,021,27897,3489,3442,1004,4446,33
2021-10-28,Humboldt,023,135768,8968,8871,541,9412,105
2021-10-28,Imperial,025,180216,33476,33156,3111,36267,766
2021-10-28,Inyo,027,18085,2328,2249,38,2287,41
2021-10-28,Kern,029,883053,126907,124892,21631,146523,1653
2021-10-28,Kings,031,150075,32093,31578,1885,33463,337
2021-10-28,Lake,033,64148,6719,6610,142,6752,106
2021-10-28,Lassen,035,31185,6834,6719,355,7074,42
2021-10-28,Los Angeles,037,10098052,1437284,1424257,53317,1477574,26625
2021-10-28,Madera,039,155013,22974,22524,2056,24580,283
2021-10-28,Marin,041,260295,17519,17380,440,17820,247
2021-10-28,Mariposa,043,17540,1281,1228,46,1274,5
2021-10-28,Mendocino,045,87422,7491,7338,513,7851,84
2021-10-28,Merced,047,269075,41699,41428,1863,43291,586
2021-10-28,Modoc,049,8938,527,513,185,698,5
2021-10-28,Mono,051,14174,1713,1684,21,1705,3
2021-10-28,Monterey,053,433212,48640,47649,2824,50473,588
2021-10-28,Napa,055,140530,12951,12863,106,12969,101
2021-10-28,Nevada,057,99092,9136,9015,316,9331,91
2021-10-28,Orange,059,3164182,306616,304120,14874,318994,5588
2021-10-28,Placer,061,380077,36978,36400,3581,39981,434
2021-10-28,Plumas,063,18699,1761,1695,33,1728,7
2021-10-28,Riverside,065,2383286,362248,357645,16184,373829,5088
2021-10-28,Sacramento,067,1510023,158294,157125,4484,161609,2233
2021-10-28,San Benito,069,59416,7380,7362,165,7527,71
2021-10-28,San Bernardino,071,2135413,353214,350076,11042,361118,5777
2021-10-28,San Diego,073,3302833,372209,370006,21860,391866,4213
2021-10-28,San Francisco,075,870044,52765,52161,2260,54421,661
2021-10-28,San Joaquin,077,732212,99433,98314,5313,103627,1768
2021-10-28,San Luis Obispo,079,281455,29485,29053,1225,30278,341
2021-10-28,San Mateo,081,765935,54036,53083,849,53932,571
2021-10-28,Santa Barbara,083,443738,44306,43972,1517,45489,528
2021-10-28,Santa Clara,085,1922200,146672,145262,1299,146561,1903
2021-10-28,Santa Cruz,087,273765,20338,20134,991,21125,221
2021-10-28,Shasta,089,179085,21248,20878,3533,24411,332
2021-10-28,Sierra,091,2930,181,175,20,195,0
2021-10-28,Siskiyou,093,43540,3333,3257,1264,4521,46
2021-10-28,Solano,095,438530,45855,45146,1244,46390,346
2021-10-28,Sonoma,097,501317,41325,40924,516,41440,393
2021-10-28,Stanislaus,099,539301,78023,77871,8705,86576,1191
2021-10-28,Sutter,101,95872,13817,13773,337,14110,178
2021-10-28,Tehama,103,63373,8442,8307,1455,9762,114
2021-10-28,Trinity,105,12862,850,708,208,916,11
2021-10-28,Tulare,107,460477,68150,66745,14602,81347,995
2021-10-28,Tuolumne,109,53932,7191,7050,96,7146,90
2021-10-28,Ventura,111,848112,97944,97182,4245,101427,1174
2021-10-28,Yolo,113,214977,19824,19568,1010,20578,250
2021-10-28,Yuba,115,75493,10072,9969,308,10277,82
2021-10-27,Alameda,001,1643700,118933,118487,2705,121192,1414
2021-10-27,Alpine,003,1148,101,105,0,105,0
2021-10-27,Amador,005,37829,5524,5470,57,5527,64
2021-10-27,Butte,007,227075,20836,20446,3762,24208,274
2021-10-27,Calaveras,009,45235,4032,3970,51,4021,82
2021-10-27,Colusa,011,21464,2511,2480,625,3105,18
2021-10-27,Contra Costa,013,1133247,99122,98442,2130,100572,1018
2021-10-27,Del Norte,015,27424,3665,3571,52,3623,42
2021-10-27,El Dorado,017,186661,15986,15723,1684,17407,154
2021-10-27,Fresno,019,978130,138951,136447,12497,148944,2128
2021-10-27,Glenn,021,27897,3487,3435,1003,4438,33
2021-10-27,Humboldt,023,135768,8948,8851,539,9390,105
2021-10-27,Imperial,025,180216,33436,33068,3106,36174,766
2021-10-27,Inyo,027,18085,2308,2236,38,2274,41
2021-10-27,Kern,029,883053,126638,124557,21531,146088,1647
2021-10-27,Kings,031,150075,32027,31437,1879,33316,335
2021-10-27,Lake,033,64148,6693,6589,142,6731,105
2021-10-27,Lassen,035,31185,6821,6706,353,7059,42
2021-10-27,Los Angeles,037,10098052,1436055,1422615,53259,1475874,26604
2021-10-27,Madera,039,155013,22890,22413,2032,24445,283
2021-10-27,Marin,041,260295,17504,17362,440,17802,247
2021-10-27,Mariposa,043,17540,1268,1228,46,1274,5
2021-10-27,Mendocino,045,87422,7477,7321,506,7827,84
2021-10-27,Merced,047,269075,41602,41310,1849,43159,583
2021-10-27,Modoc,049,8938,523,513,185,698,5
2021-10-27,Mono,051,14174,1710,1682,21,1703,3
2021-10-27,Monterey,053,433212,48603,47610,2803,50413,588
2021-10-27,Napa,055,140530,12936,12856,106,12962,101
2021-10-27,Nevada,057,99092,9118,8987,315,9302,90
2021-10-27,Orange,059,3164182,306296,303825,14825,318650,5584
2021-10-27,Placer,061,380077,36913,36296,3574,39870,434
2021-10-27,Plumas,063,18699,1753,1686,33,1719,7
2021-10-27,Riverside,065,2383286,361818,357152,16176,373328,5081
2021-10-27,Sacramento,067,1510023,158026,156830,4463,161293,2230
2021-10-27,San Benito,069,59416,7373,7337,165,7502,71
2021-10-27,San Bernardino,071,2135413,352789,349624,11020,360644,5770
2021-10-27,San Diego,073,3302833,371652,369579,21836,391415,4207
2021-10-27,San Francisco,075,870044,52714,52108,2256,54364,655
2021-10-27,San Joaquin,077,732212,99275,98168,5298,103466,1753
2021-10-27,San Luis Obispo,079,281455,29446,29002,1223,30225,341
2021-10-27,San Mateo,081,765935,53981,53032,841,53873,571
2021-10-27,Santa Barbara,083,443738,44253,43901,1514,45415,527
2021-10-27,Santa Clara,085,1922200,146495,145081,1291,146372,1902
2021-10-27,Santa Cruz,087,273765,20311,20091,989,21080,221
2021-10-27,Shasta,089,179085,21173,20813,3525,24338,331
2021-10-27,Sierra,091,2930,180,176,20,196,0
2021-10-27,Siskiyou,093,43540,3330,3256,1260,4516,46
2021-10-27,Solano,095,438530,45810,45089,1237,46326,346
2021-10-27,Sonoma,097,501317,41249,40829,514,41343,393
2021-10-27,Stanislaus,099,539301,77863,77687,8690,86377,1191
2021-10-27,Sutter,101,95872,13803,13754,337,14091,177
2021-10-27,Tehama,103,63373,8420,8265,1453,9718,113
2021-10-27,Trinity,105,12862,850,706,207,913,11
2021-10-27,Tulare,107,460477,67996,66568,14546,81114,991
2021-10-27,Tuolumne,109,53932,7164,7009,95,7104,90
2021-10-27,Ventura,111,848112,97852,97108,4240,101348,1172
2021-10-27,Yolo,113,214977,19795,19517,1003,20520,250
2021-10-27,Yuba,115,75493,10051,9945,306,10251,82
2021-10-26,Alameda,001,1643700,118797,118360,2703,121063,1407
2021-10-26,Alpine,003,1148,101,105,0,105,0
2021-10-26,Amador,005,37829,5516,5465,56,5521,64
2021-10-26,Butte,007,227075,20776,20387,3745,24132,274
2021-10-26,Calaveras,009,45235,4021,3966,51,4017,81
2021-10-26,Colusa,011,21464,2508,2478,624,3102,18
2021-10-26,Contra Costa,013,1133247,99000,98352,2120,100472,1017
2021-10-26,Del Norte,015,27424,3660,3563,52,3615,42
2021-10-26,El Dorado,017,186661,15957,15690,1675,17365,153
2021-10-26,Fresno,019,978130,138504,136211,12451,148662,2122
2021-10-26,Glenn,021,27897,3473,3431,1000,4431,33
2021-10-26,Humboldt,023,135768,8930,8830,533,9363,105
2021-10-26,Imperial,025,180216,33371,33012,3101,36113,766
2021-10-26,Inyo,027,18085,2293,2200,38,2238,41
2021-10-26,Kern,029,883053,126295,124351,21413,145764,1645
2021-10-26,Kings,031,150075,31960,31382,1872,33254,336
2021-10-26,Lake,033,64148,6683,6584,140,6724,105
2021-10-26,Lassen,035,31185,6800,6689,351,7040,42
2021-10-26,Los Angeles,037,10098052,1434713,1421795,53189,1474984,26599
2021-10-26,Madera,039,155013,22800,22363,2021,24384,283
2021-10-26,Marin,041,260295,17487,17354,439,17793,244
2021-10-26,Mariposa,043,17540,1263,1225,45,1270,5
2021-10-26,Mendocino,045,87422,7448,7308,490,7798,83
2021-10-26,Merced,047,269075,41524,41267,1842,43109,583
2021-10-26,Modoc,049,8938,523,513,185,698,5
2021-10-26,Mono,051,14174,1705,1680,21,1701,3
2021-10-26,Monterey,053,433212,48564,47572,2793,50365,588
2021-10-26,Napa,055,140530,12924,12849,106,12955,101
2021-10-26,Nevada,057,99092,9087,8971,314,9285,90
2021-10-26,Orange,059,3164182,306027,303533,14786,318319,5580
2021-10-26,Placer,061,380077,36816,36245,3568,39813,434
2021-10-26,Plumas,063,18699,1744,1645,33,1678,7
2021-10-26,Riverside,065,2383286,361329,356775,16166,372941,5068
2021-10-26,Sacramento,067,1510023,157725,156643,4446,161089,2228
2021-10-26,San Benito,069,59416,7350,7325,165,7490,71
2021-10-26,San Bernardino,071,2135413,352361,349346,11005,360351,5764
2021-10-26,San Diego,073,3302833,371135,369043,21806,390849,4198
2021-10-26,San Francisco,075,870044,52640,52063,2253,54316,655
2021-10-26,San Joaquin,077,732212,99098,98036,5283,103319,1748
2021-10-26,San Luis Obispo,079,281455,29407,28928,1217,30145,337
2021-10-26,San Mateo,081,765935,53909,52974,838,53812,571
2021-10-26,Santa Barbara,083,443738,44207,43835,1513,45348,525
2021-10-26,Santa Clara,085,1922200,146295,144932,1285,146217,1903
2021-10-26,Santa Cruz,087,273765,20280,20067,989,21056,221
2021-10-26,Shasta,089,179085,21112,20725,3507,24232,330
2021-10-26,Sierra,091,2930,180,169,20,189,0
2021-10-26,Siskiyou,093,43540,3324,3254,1258,4512,46
2021-10-26,Solano,095,438530,45754,45044,1236,46280,344
2021-10-26,Sonoma,097,501317,41167,40794,512,41306,393
2021-10-26,Stanislaus,099,539301,77689,77552,8665,86217,1157
2021-10-26,Sutter,101,95872,13774,13739,336,14075,176
2021-10-26,Tehama,103,63373,8392,8247,1448,9695,112
2021-10-26,Trinity,105,12862,846,705,207,912,11
2021-10-26,Tulare,107,460477,67836,66476,14489,80965,991
2021-10-26,Tuolumne,109,53932,7138,6995,93,7088,90
2021-10-26,Ventura,111,848112,97743,97014,4237,101251,1170
2021-10-26,Yolo,113,214977,19766,19490,1000,20490,248
2021-10-26,Yuba,115,75493,10033,9927,301,10228,82
2021-10-25,Alameda,001,1643700,118653,118319,2702,121021,1404
2021-10-25,Alpine,003,1148,101,105,0,105,0
2021-10-25,Amador,005,37829,5502,5455,56,5511,64
2021-10-25,Butte,007,227075,20703,20331,3737,24068,273
2021-10-25,Calaveras,009,45235,3991,3942,50,3992,82
2021-10-25,Colusa,011,21464,2506,2471,622,3093,18
2021-10-25,Contra Costa,013,1133247,98883,98267,2116,100383,1017
2021-10-25,Del Norte,015,27424,3653,3562,52,3614,42
2021-10-25,El Dorado,017,186661,15922,15663,1673,17336,149
2021-10-25,Fresno,019,978130,138070,135974,12416,148390,2112
2021-10-25,Glenn,021,27897,3470,3421,999,4420,33
2021-10-25,Humboldt,023,135768,8907,8825,528,9353,105
2021-10-25,Imperial,025,180216,33310,32968,3090,36058,766
2021-10-25,Inyo,027,18085,2275,2183,38,2221,41
2021-10-25,Kern,029,883053,125943,124078,21274,145352,1649
2021-10-25,Kings,031,150075,31871,31329,1863,33192,335
2021-10-25,Lake,033,64148,6669,6571,140,6711,105
2021-10-25,Lassen,035,31185,6789,6688,349,7037,42
2021-10-25,Los Angeles,037,10098052,1433358,1421061,53123,1474184,26579
2021-10-25,Madera,039,155013,22746,22325,2014,24339,281
2021-10-25,Marin,041,260295,17465,17334,437,17771,244
2021-10-25,Mariposa,043,17540,1249,1220,45,1265,5
2021-10-25,Mendocino,045,87422,7419,7296,486,7782,82
2021-10-25,Merced,047,269075,41456,41207,1815,43022,583
2021-10-25,Modoc,049,8938,521,512,183,695,5
2021-10-25,Mono,051,14174,1697,1677,21,1698,3
2021-10-25,Monterey,053,433212,48531,47547,2791,50338,587
2021-10-25,Napa,055,140530,12911,12841,106,12947,100
2021-10-25,Nevada,057,99092,9061,8958,314,9272,90
2021-10-25,Orange,059,3164182,305729,303279,14749,318028,5574
2021-10-25,Placer,061,380077,36708,36153,3558,39711,431
2021-10-25,Plumas,063,18699,1732,1641,33,1674,7
2021-10-25,Riverside,065,2383286,360901,356381,16151,372532,5056
2021-10-25,Sacramento,067,1510023,157421,156516,4423,160939,2235
2021-10-25,San Benito,069,59416,7337,7314,164,7478,71
2021-10-25,San Bernardino,071,2135413,351853,349075,10993,360068,5748
2021-10-25,San Diego,073,3302833,370566,368386,21778,390164,4196
2021-10-25,San Francisco,075,870044,52567,52041,2247,54288,649
2021-10-25,San Joaquin,077,732212,98896,97980,5274,103254,1740
2021-10-25,San Luis Obispo,079,281455,29359,28907,1212,30119,336
2021-10-25,San Mateo,081,765935,53848,52927,834,53761,571
2021-10-25,Santa Barbara,083,443738,44148,43775,1513,45288,525
2021-10-25,Santa Clara,085,1922200,146104,144895,1280,146175,1901
2021-10-25,Santa Cruz,087,273765,20251,20053,988,21041,221
2021-10-25,Shasta,089,179085,21040,20666,3500,24166,326
2021-10-25,Sierra,091,2930,180,168,20,188,0
2021-10-25,Siskiyou,093,43540,3320,3248,1253,4501,46
2021-10-25,Solano,095,438530,45693,45022,1234,46256,344
2021-10-25,Sonoma,097,501317,41094,40746,510,41256,393
2021-10-25,Stanislaus,099,539301,77497,77452,8637,86089,1145
2021-10-25,Sutter,101,95872,13760,13721,333,14054,176
2021-10-25,Tehama,103,63373,8365,8224,1444,9668,111
2021-10-25,Trinity,105,12862,841,699,206,905,11
2021-10-25,Tulare,107,460477,67641,66357,14427,80784,986
2021-10-25,Tuolumne,109,53932,7104,6952,92,7044,90
2021-10-25,Ventura,111,848112,97652,96932,4234,101166,1167
2021-10-25,Yolo,113,214977,19717,19457,996,20453,248
2021-10-25,Yuba,115,75493,10017,9924,297,10221,82
2021-10-24,Alameda,001,1643700,118521,117816,2697,120513,1397
2021-10-24,Alpine,003,1148,101,105,0,105,0
2021-10-24,Amador,005,37829,5497,5412,56,5468,64
2021-10-24,Butte,007,227075,20631,20101,3725,23826,273
2021-10-24,Calaveras,009,45235,3972,3865,49,3914,81
2021-10-24,Colusa,011,21464,2502,2458,619,3077,18
2021-10-24,Contra Costa,013,1133247,98765,97855,2107,99962,1008
2021-10-24,Del Norte,015,27424,3649,3540,52,3592,42
2021-10-24,El Dorado,017,186661,15886,15540,1669,17209,149
2021-10-24,Fresno,019,978130,137634,134466,12367,146833,2094
2021-10-24,Glenn,021,27897,3462,3399,997,4396,33
2021-10-24,Humboldt,023,135768,8894,8753,522,9275,105
2021-10-24,Imperial,025,180216,33232,32777,3084,35861,766
2021-10-24,Inyo,027,18085,2243,2108,38,2146,41
2021-10-24,Kern,029,883053,125609,122939,21158,144097,1636
2021-10-24,Kings,031,150075,31742,30942,1848,32790,325
2021-10-24,Lake,033,64148,6646,6501,139,6640,105
2021-10-24,Lassen,035,31185,6772,6632,348,6980,27
2021-10-24,Los Angeles,037,10098052,1431923,1415919,53055,1468974,26527
2021-10-24,Madera,039,155013,22669,22062,2002,24064,281
2021-10-24,Marin,041,260295,17449,17264,436,17700,244
2021-10-24,Mariposa,043,17540,1246,1184,45,1229,5
2021-10-24,Mendocino,045,87422,7395,7220,476,7696,82
2021-10-24,Merced,047,269075,41335,40808,1809,42617,581
2021-10-24,Modoc,049,8938,520,507,183,690,5
2021-10-24,Mono,051,14174,1692,1655,21,1676,3
2021-10-24,Monterey,053,433212,48483,47456,2781,50237,586
2021-10-24,Napa,055,140530,12900,12789,106,12895,100
2021-10-24,Nevada,057,99092,9038,8861,311,9172,90
2021-10-24,Orange,059,3164182,305379,302237,14712,316949,5546
2021-10-24,Placer,061,380077,36604,35822,3544,39366,426
2021-10-24,Plumas,063,18699,1722,1623,32,1655,7
2021-10-24,Riverside,065,2383286,360427,354688,16131,370819,5041
2021-10-24,Sacramento,067,1510023,157080,155125,4400,159525,2232
2021-10-24,San Benito,069,59416,7317,7280,164,7444,71
2021-10-24,San Bernardino,071,2135413,351295,347681,10981,358662,5688
2021-10-24,San Diego,073,3302833,369983,366085,21747,387832,4183
2021-10-24,San Francisco,075,870044,52504,51820,2241,54061,649
2021-10-24,San Joaquin,077,732212,98721,97440,5268,102708,1721
2021-10-24,San Luis Obispo,079,281455,29298,28755,1205,29960,333
2021-10-24,San Mateo,081,765935,53776,52719,834,53553,571
2021-10-24,Santa Barbara,083,443738,44081,43552,1511,45063,523
2021-10-24,Santa Clara,085,1922200,145913,144276,1270,145546,1897
2021-10-24,Santa Cruz,087,273765,20213,19967,987,20954,221
2021-10-24,Shasta,089,179085,20942,20386,3494,23880,321
2021-10-24,Sierra,091,2930,180,168,20,188,0
2021-10-24,Siskiyou,093,43540,3313,3231,1249,4480,46
2021-10-24,Solano,095,438530,45643,44861,1229,46090,341
2021-10-24,Sonoma,097,501317,41011,40476,510,40986,393
2021-10-24,Stanislaus,099,539301,77306,76812,8626,85438,1145
2021-10-24,Sutter,101,95872,13733,13616,325,13941,175
2021-10-24,Tehama,103,63373,8317,8105,1433,9538,110
2021-10-24,Trinity,105,12862,837,696,204,900,11
2021-10-24,Tulare,107,460477,67468,65585,14356,79941,978
2021-10-24,Tuolumne,109,53932,7064,6840,90,6930,90
2021-10-24,Ventura,111,848112,97545,96664,4233,100897,1167
2021-10-24,Yolo,113,214977,19668,19280,994,20274,248
2021-10-24,Yuba,115,75493,9993,9838,296,10134,82
2021-10-23,Alameda,001,1643700,118433,117816,2692,120508,1397
2021-10-23,Alpine,003,1148,101,105,0,105,0
2021-10-23,Amador,005,37829,5490,5412,56,5468,64
2021-10-23,Butte,007,227075,20594,20101,3717,23818,273
2021-10-23,Calaveras,009,45235,3965,3865,48,3913,81
2021-10-23,Colusa,011,21464,2500,2458,618,3076,18
2021-10-23,Contra Costa,013,1133247,98713,97855,2103,99958,1008
2021-10-23,Del Norte,015,27424,3647,3540,52,3592,42
2021-10-23,El Dorado,017,186661,15860,15540,1667,17207,149
2021-10-23,Fresno,019,978130,137456,134466,12354,146820,2094
2021-10-23,Glenn,021,27897,3460,3399,996,4395,33
2021-10-23,Humboldt,023,135768,8880,8753,517,9270,105
2021-10-23,Imperial,025,180216,33185,32777,3080,35857,766
2021-10-23,Inyo,027,18085,2232,2108,38,2146,41
2021-10-23,Kern,029,883053,125449,122939,21071,144010,1636
2021-10-23,Kings,031,150075,31696,30942,1846,32788,325
2021-10-23,Lake,033,64148,6641,6501,139,6640,105
2021-10-23,Lassen,035,31185,6769,6632,346,6978,27
2021-10-23,Los Angeles,037,10098052,1431241,1415919,53001,1468920,26527
2021-10-23,Madera,039,155013,22620,22062,1994,24056,281
2021-10-23,Marin,041,260295,17432,17264,436,17700,244
2021-10-23,Mariposa,043,17540,1243,1184,44,1228,5
2021-10-23,Mendocino,045,87422,7388,7220,475,7695,82
2021-10-23,Merced,047,269075,41294,40808,1804,42612,581
2021-10-23,Modoc,049,8938,518,507,183,690,5
2021-10-23,Mono,051,14174,1686,1655,21,1676,3
2021-10-23,Monterey,053,433212,48466,47456,2777,50233,586
2021-10-23,Napa,055,140530,12895,12789,106,12895,100
2021-10-23,Nevada,057,99092,9027,8861,309,9170,90
2021-10-23,Orange,059,3164182,305192,302237,14697,316934,5546
2021-10-23,Placer,061,380077,36542,35822,3538,39360,426
2021-10-23,Plumas,063,18699,1721,1623,32,1655,7
2021-10-23,Riverside,065,2383286,360106,354688,16124,370812,5041
2021-10-23,Sacramento,067,1510023,156951,155125,4392,159517,2232
2021-10-23,San Benito,069,59416,7307,7280,164,7444,71
2021-10-23,San Bernardino,071,2135413,351024,347681,10973,358654,5688
2021-10-23,San Diego,073,3302833,369642,366085,21716,387801,4183
2021-10-23,San Francisco,075,870044,52468,51820,2240,54060,649
2021-10-23,San Joaquin,077,732212,98653,97440,5259,102699,1721
2021-10-23,San Luis Obispo,079,281455,29261,28755,1203,29958,333
2021-10-23,San Mateo,081,765935,53738,52719,833,53552,571
2021-10-23,Santa Barbara,083,443738,44050,43552,1509,45061,523
2021-10-23,Santa Clara,085,1922200,145805,144276,1266,145542,1897
2021-10-23,Santa Cruz,087,273765,20201,19967,987,20954,221
2021-10-23,Shasta,089,179085,20906,20386,3482,23868,321
2021-10-23,Sierra,091,2930,179,168,20,188,0
2021-10-23,Siskiyou,093,43540,3311,3231,1249,4480,46
2021-10-23,Solano,095,438530,45618,44861,1226,46087,341
2021-10-23,Sonoma,097,501317,40971,40476,510,40986,393
2021-10-23,Stanislaus,099,539301,77217,76812,8606,85418,1145
2021-10-23,Sutter,101,95872,13727,13616,324,13940,175
2021-10-23,Tehama,103,63373,8305,8105,1432,9537,110
2021-10-23,Trinity,105,12862,836,696,204,900,11
2021-10-23,Tulare,107,460477,67380,65585,14297,79882,978
2021-10-23,Tuolumne,109,53932,7043,6840,90,6930,90
2021-10-23,Ventura,111,848112,97484,96664,4233,100897,1167
2021-10-23,Yolo,113,214977,19651,19280,991,20271,248
2021-10-23,Yuba,115,75493,9984,9838,296,10134,82
2021-10-22,Alameda,001,1643700,118351,117816,2689,120505,1397
2021-10-22,Alpine,003,1148,101,105,0,105,0
2021-10-22,Amador,005,37829,5479,5412,56,5468,64
2021-10-22,Butte,007,227075,20562,20101,3713,23814,273
2021-10-22,Calaveras,009,45235,3957,3865,48,3913,81
2021-10-22,Colusa,011,21464,2497,2458,618,3076,18
2021-10-22,Contra Costa,013,1133247,98622,97855,2101,99956,1008
2021-10-22,Del Norte,015,27424,3643,3540,52,3592,42
2021-10-22,El Dorado,017,186661,15847,15540,1665,17205,149
2021-10-22,Fresno,019,978130,137241,134466,12332,146798,2094
2021-10-22,Glenn,021,27897,3450,3399,996,4395,33
2021-10-22,Humboldt,023,135768,8866,8753,516,9269,105
2021-10-22,Imperial,025,180216,33141,32777,3080,35857,766
2021-10-22,Inyo,027,18085,2219,2108,38,2146,41
2021-10-22,Kern,029,883053,125262,122939,20998,143937,1636
2021-10-22,Kings,031,150075,31661,30942,1845,32787,325
2021-10-22,Lake,033,64148,6631,6501,139,6640,105
2021-10-22,Lassen,035,31185,6762,6632,343,6975,27
2021-10-22,Los Angeles,037,10098052,1430477,1415919,52942,1468861,26527
2021-10-22,Madera,039,155013,22570,22062,1982,24044,281
2021-10-22,Marin,041,260295,17420,17264,436,17700,244
2021-10-22,Mariposa,043,17540,1240,1184,44,1228,5
2021-10-22,Mendocino,045,87422,7374,7220,474,7694,82
2021-10-22,Merced,047,269075,41257,40808,1797,42605,581
2021-10-22,Modoc,049,8938,518,507,183,690,5
2021-10-22,Mono,051,14174,1684,1655,21,1676,3
2021-10-22,Monterey,053,433212,48433,47456,2775,50231,586
2021-10-22,Napa,055,140530,12889,12789,106,12895,100
2021-10-22,Nevada,057,99092,9010,8861,308,9169,90
2021-10-22,Orange,059,3164182,304976,302237,14667,316904,5546
2021-10-22,Placer,061,380077,36514,35822,3529,39351,426
2021-10-22,Plumas,063,18699,1715,1623,32,1655,7
2021-10-22,Riverside,065,2383286,359795,354688,16119,370807,5041
2021-10-22,Sacramento,067,1510023,156764,155125,4383,159508,2232
2021-10-22,San Benito,069,59416,7302,7280,164,7444,71
2021-10-22,San Bernardino,071,2135413,350694,347681,10958,358639,5688
2021-10-22,San Diego,073,3302833,369244,366085,21698,387783,4183
2021-10-22,San Francisco,075,870044,52432,51820,2233,54053,649
2021-10-22,San Joaquin,077,732212,98594,97440,5256,102696,1721
2021-10-22,San Luis Obispo,079,281455,29231,28755,1203,29958,333
2021-10-22,San Mateo,081,765935,53687,52719,827,53546,571
2021-10-22,Santa Barbara,083,443738,44009,43552,1509,45061,523
2021-10-22,Santa Clara,085,1922200,145649,144276,1259,145535,1897
2021-10-22,Santa Cruz,087,273765,20179,19967,987,20954,221
2021-10-22,Shasta,089,179085,20873,20386,3479,23865,321
2021-10-22,Sierra,091,2930,178,168,19,187,0
2021-10-22,Siskiyou,093,43540,3309,3231,1246,4477,46
2021-10-22,Solano,095,438530,45583,44861,1222,46083,341
2021-10-22,Sonoma,097,501317,40914,40476,510,40986,393
2021-10-22,Stanislaus,099,539301,77114,76812,8589,85401,1145
2021-10-22,Sutter,101,95872,13712,13616,324,13940,175
2021-10-22,Tehama,103,63373,8283,8105,1427,9532,110
2021-10-22,Trinity,105,12862,835,696,204,900,11
2021-10-22,Tulare,107,460477,67294,65585,14244,79829,978
2021-10-22,Tuolumne,109,53932,7008,6840,90,6930,90
2021-10-22,Ventura,111,848112,97431,96664,4227,100891,1167
2021-10-22,Yolo,113,214977,19624,19280,989,20269,248
2021-10-22,Yuba,115,75493,9970,9838,294,10132,82
2021-10-21,Alameda,001,1643700,118236,117816,2683,120499,1397
2021-10-21,Alpine,003,1148,101,105,0,105,0
2021-10-21,Amador,005,37829,5471,5412,56,5468,64
2021-10-21,Butte,007,227075,20478,20101,3699,23800,273
2021-10-21,Calaveras,009,45235,3938,3865,48,3913,81
2021-10-21,Colusa,011,21464,2493,2458,614,3072,18
2021-10-21,Contra Costa,013,1133247,98505,97855,2096,99951,1008
2021-10-21,Del Norte,015,27424,3637,3540,51,3591,42
2021-10-21,El Dorado,017,186661,15818,15540,1658,17198,149
2021-10-21,Fresno,019,978130,136891,134466,12288,146754,2094
2021-10-21,Glenn,021,27897,3446,3399,993,4392,33
2021-10-21,Humboldt,023,135768,8852,8753,512,9265,105
2021-10-21,Imperial,025,180216,33086,32777,3076,35853,766
2021-10-21,Inyo,027,18085,2197,2108,38,2146,41
2021-10-21,Kern,029,883053,125015,122939,20889,143828,1636
2021-10-21,Kings,031,150075,31563,30942,1839,32781,325
2021-10-21,Lake,033,64148,6617,6501,138,6639,105
2021-10-21,Lassen,035,31185,6749,6632,339,6971,27
2021-10-21,Los Angeles,037,10098052,1429357,1415919,52893,1468812,26527
2021-10-21,Madera,039,155013,22512,22062,1972,24034,281
2021-10-21,Marin,041,260295,17402,17264,436,17700,244
2021-10-21,Mariposa,043,17540,1234,1184,43,1227,5
2021-10-21,Mendocino,045,87422,7356,7220,467,7687,82
2021-10-21,Merced,047,269075,41160,40808,1786,42594,581
2021-10-21,Modoc,049,8938,518,507,183,690,5
2021-10-21,Mono,051,14174,1675,1655,21,1676,3
2021-10-21,Monterey,053,433212,48398,47456,2764,50220,586
2021-10-21,Napa,055,140530,12877,12789,106,12895,100
2021-10-21,Nevada,057,99092,8985,8861,308,9169,90
2021-10-21,Orange,059,3164182,304704,302237,14631,316868,5546
2021-10-21,Placer,061,380077,36425,35822,3516,39338,426
2021-10-21,Plumas,063,18699,1701,1623,32,1655,7
2021-10-21,Riverside,065,2383286,359348,354688,16109,370797,5041
2021-10-21,Sacramento,067,1510023,156444,155125,4357,159482,2232
2021-10-21,San Benito,069,59416,7295,7280,162,7442,71
2021-10-21,San Bernardino,071,2135413,350314,347681,10924,358605,5688
2021-10-21,San Diego,073,3302833,368732,366085,21668,387753,4183
2021-10-21,San Francisco,075,870044,52377,51820,2232,54052,649
2021-10-21,San Joaquin,077,732212,98455,97440,5249,102689,1721
2021-10-21,San Luis Obispo,079,281455,29189,28755,1201,29956,333
2021-10-21,San Mateo,081,765935,53640,52719,826,53545,571
2021-10-21,Santa Barbara,083,443738,43943,43552,1507,45059,523
2021-10-21,Santa Clara,085,1922200,145478,144276,1255,145531,1897
2021-10-21,Santa Cruz,087,273765,20155,19967,985,20952,221
2021-10-21,Shasta,089,179085,20812,20386,3464,23850,321
2021-10-21,Sierra,091,2930,177,168,18,186,0
2021-10-21,Siskiyou,093,43540,3304,3231,1244,4475,46
2021-10-21,Solano,095,438530,45531,44861,1220,46081,341
2021-10-21,Sonoma,097,501317,40845,40476,508,40984,393
2021-10-21,Stanislaus,099,539301,76945,76812,8578,85390,1145
2021-10-21,Sutter,101,95872,13684,13616,320,13936,175
2021-10-21,Tehama,103,63373,8256,8105,1420,9525,110
2021-10-21,Trinity,105,12862,833,696,204,900,11
2021-10-21,Tulare,107,460477,67105,65585,14175,79760,978
2021-10-21,Tuolumne,109,53932,6970,6840,89,6929,90
2021-10-21,Ventura,111,848112,97340,96664,4225,100889,1167
2021-10-21,Yolo,113,214977,19577,19280,987,20267,248
2021-10-21,Yuba,115,75493,9946,9838,293,10131,82
2021-10-20,Alameda,001,1643700,118116,117654,2683,120337,1390
2021-10-20,Alpine,003,1148,101,103,0,103,0
2021-10-20,Amador,005,37829,5463,5379,56,5435,64
2021-10-20,Butte,007,227075,20422,20021,3683,23704,270
2021-10-20,Calaveras,009,45235,3918,3844,47,3891,81
2021-10-20,Colusa,011,21464,2489,2454,612,3066,18
2021-10-20,Contra Costa,013,1133247,98389,97721,2092,99813,1008
2021-10-20,Del Norte,015,27424,3633,3536,51,3587,42
2021-10-20,El Dorado,017,186661,15789,15502,1655,17157,149
2021-10-20,Fresno,019,978130,136489,134025,12251,146276,2084
2021-10-20,Glenn,021,27897,3438,3382,992,4374,33
2021-10-20,Humboldt,023,135768,8830,8727,510,9237,105
2021-10-20,Imperial,025,180216,33012,32705,3068,35773,766
2021-10-20,Inyo,027,18085,2178,2077,37,2114,40
2021-10-20,Kern,029,883053,124721,122630,20770,143400,1623
2021-10-20,Kings,031,150075,31486,30805,1829,32634,322
2021-10-20,Lake,033,64148,6595,6475,137,6612,104
2021-10-20,Lassen,035,31185,6734,6622,339,6961,27
2021-10-20,Los Angeles,037,10098052,1428239,1414931,52823,1467754,26506
2021-10-20,Madera,039,155013,22442,21983,1963,23946,281
2021-10-20,Marin,041,260295,17381,17250,434,17684,244
2021-10-20,Mariposa,043,17540,1227,1174,43,1217,5
2021-10-20,Mendocino,045,87422,7328,7189,464,7653,82
2021-10-20,Merced,047,269075,41079,40685,1770,42455,581
2021-10-20,Modoc,049,8938,518,504,183,687,5
2021-10-20,Mono,051,14174,1675,1653,21,1674,3
2021-10-20,Monterey,053,433212,48366,47430,2755,50185,587
2021-10-20,Napa,055,140530,12863,12773,105,12878,100
2021-10-20,Nevada,057,99092,8957,8836,308,9144,90
2021-10-20,Orange,059,3164182,304418,301957,14609,316566,5534
2021-10-20,Placer,061,380077,36336,35729,3507,39236,425
2021-10-20,Plumas,063,18699,1694,1604,32,1636,7
2021-10-20,Riverside,065,2383286,358904,354311,16092,370403,5030
2021-10-20,Sacramento,067,1510023,156145,154822,4334,159156,2222
2021-10-20,San Benito,069,59416,7292,7275,160,7435,71
2021-10-20,San Bernardino,071,2135413,349913,347217,10893,358110,5663
2021-10-20,San Diego,073,3302833,368223,365698,21649,387347,4178
2021-10-20,San Francisco,075,870044,52328,51755,2231,53986,646
2021-10-20,San Joaquin,077,732212,98310,97246,5241,102487,1721
2021-10-20,San Luis Obispo,079,281455,29143,28727,1197,29924,332
2021-10-20,San Mateo,081,765935,53569,52663,818,53481,571
2021-10-20,Santa Barbara,083,443738,43880,43489,1506,44995,523
2021-10-20,Santa Clara,085,1922200,145343,144124,1250,145374,1896
2021-10-20,Santa Cruz,087,273765,20142,19951,985,20936,219
2021-10-20,Shasta,089,179085,20750,20313,3437,23750,320
2021-10-20,Sierra,091,2930,177,168,18,186,0
2021-10-20,Siskiyou,093,43540,3304,3224,1238,4462,46
2021-10-20,Solano,095,438530,45499,44819,1218,46037,341
2021-10-20,Sonoma,097,501317,40798,40404,508,40912,393
2021-10-20,Stanislaus,099,539301,76795,76631,8559,85190,1145
2021-10-20,Sutter,101,95872,13660,13592,314,13906,175
2021-10-20,Tehama,103,63373,8225,8081,1409,9490,110
2021-10-20,Trinity,105,12862,833,693,203,896,11
2021-10-20,Tulare,107,460477,66929,65413,14131,79544,967
2021-10-20,Tuolumne,109,53932,6947,6803,89,6892,89
2021-10-20,Ventura,111,848112,97258,96610,4221,100831,1166
2021-10-20,Yolo,113,214977,19532,19236,985,20221,248
2021-10-20,Yuba,115,75493,9929,9808,290,10098,82
2021-10-19,Alameda,001,1643700,117994,117542,2677,120219,1383
2021-10-19,Alpine,003,1148,101,103,0,103,0
2021-10-19,Amador,005,37829,5447,5367,56,5423,64
2021-10-19,Butte,007,227075,20369,19974,3675,23649,268
2021-10-19,Calaveras,009,45235,3901,3826,46,3872,80
2021-10-19,Colusa,011,21464,2486,2447,610,3057,18
2021-10-19,Contra Costa,013,1133247,98298,97613,2087,99700,1004
2021-10-19,Del Norte,015,27424,3626,3531,51,3582,42
2021-10-19,El Dorado,017,186661,15764,15478,1650,17128,149
2021-10-19,Fresno,019,978130,136125,133813,12203,146016,2073
2021-10-19,Glenn,021,27897,3435,3380,990,4370,33
2021-10-19,Humboldt,023,135768,8806,8714,504,9218,105
2021-10-19,Imperial,025,180216,32946,32632,3064,35696,764
2021-10-19,Inyo,027,18085,2147,2045,37,2082,40
2021-10-19,Kern,029,883053,124404,122391,20646,143037,1613
2021-10-19,Kings,031,150075,31393,30757,1822,32579,322
2021-10-19,Lake,033,64148,6591,6465,137,6602,104
2021-10-19,Lassen,035,31185,6728,6612,335,6947,27
2021-10-19,Los Angeles,037,10098052,1426992,1413882,52750,1466632,26473
2021-10-19,Madera,039,155013,22379,21950,1955,23905,281
2021-10-19,Marin,041,260295,17367,17241,431,17672,244
2021-10-19,Mariposa,043,17540,1221,1171,41,1212,5
2021-10-19,Mendocino,045,87422,7313,7172,461,7633,82
2021-10-19,Merced,047,269075,40964,40628,1749,42377,580
2021-10-19,Modoc,049,8938,516,502,183,685,5
2021-10-19,Mono,051,14174,1671,1651,21,1672,3
2021-10-19,Monterey,053,433212,48329,47412,2744,50156,583
2021-10-19,Napa,055,140530,12856,12769,105,12874,100
2021-10-19,Nevada,057,99092,8936,8829,307,9136,90
2021-10-19,Orange,059,3164182,304161,301700,14576,316276,5527
2021-10-19,Placer,061,380077,36215,35663,3492,39155,422
2021-10-19,Plumas,063,18699,1676,1586,32,1618,8
2021-10-19,Riverside,065,2383286,358482,353891,16085,369976,5020
2021-10-19,Sacramento,067,1510023,155838,154570,4308,158878,2227
2021-10-19,San Benito,069,59416,7277,7264,160,7424,71
2021-10-19,San Bernardino,071,2135413,349511,346814,10864,357678,5627
2021-10-19,San Diego,073,3302833,367642,365285,21618,386903,4170
2021-10-19,San Francisco,075,870044,52265,51704,2229,53933,645
2021-10-19,San Joaquin,077,732212,98144,97105,5230,102335,1721
2021-10-19,San Luis Obispo,079,281455,29095,28670,1194,29864,332
2021-10-19,San Mateo,081,765935,53511,52617,816,53433,571
2021-10-19,Santa Barbara,083,443738,43813,43413,1505,44918,522
2021-10-19,Santa Clara,085,1922200,145170,143989,1243,145232,1898
2021-10-19,Santa Cruz,087,273765,20118,19895,983,20878,218
2021-10-19,Shasta,089,179085,20674,20209,3429,23638,319
2021-10-19,Sierra,091,2930,174,168,18,186,0
2021-10-19,Siskiyou,093,43540,3300,3216,1233,4449,46
2021-10-19,Solano,095,438530,45458,44782,1212,45994,341
2021-10-19,Sonoma,097,501317,40724,40379,507,40886,392
2021-10-19,Stanislaus,099,539301,76653,76526,8547,85073,1145
2021-10-19,Sutter,101,95872,13636,13569,313,13882,174
2021-10-19,Tehama,103,63373,8195,8057,1393,9450,108
2021-10-19,Trinity,105,12862,826,691,203,894,11
2021-10-19,Tulare,107,460477,66742,65253,14063,79316,958
2021-10-19,Tuolumne,109,53932,6918,6782,88,6870,89
2021-10-19,Ventura,111,848112,97182,96539,4216,100755,1166
2021-10-19,Yolo,113,214977,19486,19206,981,20187,248
2021-10-19,Yuba,115,75493,9911,9796,289,10085,82
2021-10-18,Alameda,001,1643700,117857,117506,2667,120173,1381
2021-10-18,Alpine,003,1148,101,103,0,103,0
2021-10-18,Amador,005,37829,5436,5345,56,5401,64
2021-10-18,Butte,007,227075,20318,19921,3663,23584,265
2021-10-18,Calaveras,009,45235,3876,3819,45,3864,80
2021-10-18,Colusa,011,21464,2485,2444,608,3052,18
2021-10-18,Contra Costa,013,1133247,98186,97585,2083,99668,995
2021-10-18,Del Norte,015,27424,3619,3529,51,3580,41
2021-10-18,El Dorado,017,186661,15734,15452,1648,17100,149
2021-10-18,Fresno,019,978130,135723,133688,12161,145849,2063
2021-10-18,Glenn,021,27897,3431,3370,986,4356,32
2021-10-18,Humboldt,023,135768,8786,8699,496,9195,104
2021-10-18,Imperial,025,180216,32855,32558,3064,35622,764
2021-10-18,Inyo,027,18085,2129,2020,37,2057,40
2021-10-18,Kern,029,883053,124105,122231,20552,142783,1605
2021-10-18,Kings,031,150075,31279,30698,1809,32507,320
2021-10-18,Lake,033,64148,6572,6455,133,6588,104
2021-10-18,Lassen,035,31185,6708,6607,332,6939,26
2021-10-18,Los Angeles,037,10098052,1425747,1413291,52674,1465965,26446
2021-10-18,Madera,039,155013,22325,21909,1942,23851,277
2021-10-18,Marin,041,260295,17347,17232,428,17660,244
2021-10-18,Mariposa,043,17540,1213,1160,41,1201,5
2021-10-18,Mendocino,045,87422,7294,7156,453,7609,82
2021-10-18,Merced,047,269075,40841,40573,1739,42312,579
2021-10-18,Modoc,049,8938,516,498,183,681,5
2021-10-18,Mono,051,14174,1665,1648,20,1668,3
2021-10-18,Monterey,053,433212,48307,47389,2739,50128,583
2021-10-18,Napa,055,140530,12841,12762,105,12867,100
2021-10-18,Nevada,057,99092,8917,8816,307,9123,90
2021-10-18,Orange,059,3164182,303822,301573,14541,316114,5524
2021-10-18,Placer,061,380077,36138,35598,3488,39086,420
2021-10-18,Plumas,063,18699,1668,1579,32,1611,6
2021-10-18,Riverside,065,2383286,358067,353699,16071,369770,5008
2021-10-18,Sacramento,067,1510023,155533,154428,4278,158706,2203
2021-10-18,San Benito,069,59416,7265,7253,160,7413,71
2021-10-18,San Bernardino,071,2135413,349091,346742,10850,357592,5606
2021-10-18,San Diego,073,3302833,367086,364948,21580,386528,4169
2021-10-18,San Francisco,075,870044,52202,51671,2223,53894,644
2021-10-18,San Joaquin,077,732212,97979,97041,5220,102261,1721
2021-10-18,San Luis Obispo,079,281455,29056,28644,1191,29835,331
2021-10-18,San Mateo,081,765935,53446,52594,815,53409,571
2021-10-18,Santa Barbara,083,443738,43754,43386,1503,44889,522
2021-10-18,Santa Clara,085,1922200,145015,143891,1235,145126,1895
2021-10-18,Santa Cruz,087,273765,20104,19876,981,20857,218
2021-10-18,Shasta,089,179085,20594,20146,3418,23564,313
2021-10-18,Sierra,091,2930,174,166,18,184,0
2021-10-18,Siskiyou,093,43540,3297,3210,1225,4435,42
2021-10-18,Solano,095,438530,45414,44758,1209,45967,339
2021-10-18,Sonoma,097,501317,40660,40349,504,40853,392
2021-10-18,Stanislaus,099,539301,76488,76466,8533,84999,1145
2021-10-18,Sutter,101,95872,13602,13557,311,13868,172
2021-10-18,Tehama,103,63373,8160,8042,1381,9423,107
2021-10-18,Trinity,105,12862,825,688,203,891,11
2021-10-18,Tulare,107,460477,66567,65171,13999,79170,958
2021-10-18,Tuolumne,109,53932,6889,6755,88,6843,89
2021-10-18,Ventura,111,848112,97087,96506,4213,100719,1165
2021-10-18,Yolo,113,214977,19449,19197,978,20175,248
2021-10-18,Yuba,115,75493,9884,9782,287,10069,82
2021-10-17,Alameda,001,1643700,117706,117423,2662,120085,1376
2021-10-17,Alpine,003,1148,101,103,0,103,0
2021-10-17,Amador,005,37829,5413,5341,56,5397,64
2021-10-17,Butte,007,227075,20234,19897,3653,23550,265
2021-10-17,Calaveras,009,45235,3860,3805,45,3850,80
2021-10-17,Colusa,011,21464,2480,2442,601,3043,18
2021-10-17,Contra Costa,013,1133247,98065,97485,2072,99557,995
2021-10-17,Del Norte,015,27424,3614,3526,51,3577,41
2021-10-17,El Dorado,017,186661,15676,15438,1641,17079,149
2021-10-17,Fresno,019,978130,135256,133429,12118,145547,2063
2021-10-17,Glenn,021,27897,3421,3364,981,4345,32
2021-10-17,Humboldt,023,135768,8766,8690,493,9183,104
2021-10-17,Imperial,025,180216,32773,32520,3057,35577,764
2021-10-17,Inyo,027,18085,2101,2000,37,2037,40
2021-10-17,Kern,029,883053,123755,122085,20454,142539,1603
2021-10-17,Kings,031,150075,31166,30636,1801,32437,315
2021-10-17,Lake,033,64148,6556,6437,133,6570,104
2021-10-17,Lassen,035,31185,6696,6605,328,6933,26
2021-10-17,Los Angeles,037,10098052,1424407,1412371,52599,1464970,26443
2021-10-17,Madera,039,155013,22263,21869,1931,23800,277
2021-10-17,Marin,041,260295,17325,17211,428,17639,243
2021-10-17,Mariposa,043,17540,1206,1150,41,1191,5
2021-10-17,Mendocino,045,87422,7265,7148,447,7595,82
2021-10-17,Merced,047,269075,40715,40531,1723,42254,579
2021-10-17,Modoc,049,8938,513,498,181,679,5
2021-10-17,Mono,051,14174,1663,1640,19,1659,3
2021-10-17,Monterey,053,433212,48266,47369,2729,50098,583
2021-10-17,Napa,055,140530,12826,12753,102,12855,100
2021-10-17,Nevada,057,99092,8900,8794,306,9100,90
2021-10-17,Orange,059,3164182,303507,301414,14508,315922,5524
2021-10-17,Placer,061,380077,36038,35559,3473,39032,420
2021-10-17,Plumas,063,18699,1644,1571,31,1602,6
2021-10-17,Riverside,065,2383286,357583,353500,16057,369557,5008
2021-10-17,Sacramento,067,1510023,155134,154080,4261,158341,2213
2021-10-17,San Benito,069,59416,7256,7250,159,7409,71
2021-10-17,San Bernardino,071,2135413,348655,346524,10830,357354,5597
2021-10-17,San Diego,073,3302833,366495,364675,21552,386227,4163
2021-10-17,San Francisco,075,870044,52130,51625,2214,53839,644
2021-10-17,San Joaquin,077,732212,97806,96950,5211,102161,1721
2021-10-17,San Luis Obispo,079,281455,29004,28604,1183,29787,331
2021-10-17,San Mateo,081,765935,53394,52541,811,53352,571
2021-10-17,Santa Barbara,083,443738,43691,43344,1502,44846,522
2021-10-17,Santa Clara,085,1922200,144838,143768,1226,144994,1895
2021-10-17,Santa Cruz,087,273765,20076,19861,979,20840,218
2021-10-17,Shasta,089,179085,20504,20116,3408,23524,312
2021-10-17,Sierra,091,2930,172,165,18,183,0
2021-10-17,Siskiyou,093,43540,3289,3204,1222,4426,42
2021-10-17,Solano,095,438530,45357,44722,1208,45930,340
2021-10-17,Sonoma,097,501317,40584,40306,503,40809,392
2021-10-17,Stanislaus,099,539301,76290,76354,8519,84873,1145
2021-10-17,Sutter,101,95872,13585,13543,309,13852,172
2021-10-17,Tehama,103,63373,8128,8015,1365,9380,107
2021-10-17,Trinity,105,12862,822,686,202,888,11
2021-10-17,Tulare,107,460477,66384,65057,13927,78984,958
2021-10-17,Tuolumne,109,53932,6855,6735,87,6822,89
2021-10-17,Ventura,111,848112,96987,96458,4210,100668,1165
2021-10-17,Yolo,113,214977,19406,19171,970,20141,248
2021-10-17,Yuba,115,75493,9858,9771,285,10056,82
2021-10-16,Alameda,001,1643700,117616,117027,2660,119687,1365
2021-10-16,Alpine,003,1148,100,102,0,102,0
2021-10-16,Amador,005,37829,5406,5310,56,5366,64
2021-10-16,Butte,007,227075,20203,19612,3644,23256,260
2021-10-16,Calaveras,009,45235,3853,3771,45,3816,80
2021-10-16,Colusa,011,21464,2476,2431,598,3029,18
2021-10-16,Contra Costa,013,1133247,97973,97107,2065,99172,982
2021-10-16,Del Norte,015,27424,3611,3516,51,3567,41
2021-10-16,El Dorado,017,186661,15655,15315,1639,16954,149
2021-10-16,Fresno,019,978130,135102,132433,12101,144534,2051
2021-10-16,Glenn,021,27897,3415,3331,981,4312,26
2021-10-16,Humboldt,023,135768,8754,8621,488,9109,104
2021-10-16,Imperial,025,180216,32758,32368,3055,35423,764
2021-10-16,Inyo,027,18085,2087,1932,37,1969,39
2021-10-16,Kern,029,883053,123599,121354,20373,141727,1590
2021-10-16,Kings,031,150075,31120,30418,1798,32216,314
2021-10-16,Lake,033,64148,6545,6378,133,6511,104
2021-10-16,Lassen,035,31185,6687,6559,324,6883,26
2021-10-16,Los Angeles,037,10098052,1423752,1409418,52545,1461963,26398
2021-10-16,Madera,039,155013,22219,21707,1927,23634,277
2021-10-16,Marin,041,260295,17315,17148,428,17576,243
2021-10-16,Mariposa,043,17540,1203,1096,41,1137,5
2021-10-16,Mendocino,045,87422,7254,7099,447,7546,82
2021-10-16,Merced,047,269075,40683,40265,1721,41986,577
2021-10-16,Modoc,049,8938,510,492,181,673,5
2021-10-16,Mono,051,14174,1659,1628,19,1647,3
2021-10-16,Monterey,053,433212,48249,47293,2721,50014,582
2021-10-16,Napa,055,140530,12815,12706,102,12808,100
2021-10-16,Nevada,057,99092,8880,8739,306,9045,90
2021-10-16,Orange,059,3164182,303331,300722,14483,315205,5509
2021-10-16,Placer,061,380077,35954,35343,3467,38810,412
2021-10-16,Plumas,063,18699,1639,1542,30,1572,6
2021-10-16,Riverside,065,2383286,357313,352435,16045,368480,4990
2021-10-16,Sacramento,067,1510023,154935,153264,4257,157521,2192
2021-10-16,San Benito,069,59416,7243,7210,158,7368,71
2021-10-16,San Bernardino,071,2135413,348447,345418,10822,356240,5566
2021-10-16,San Diego,073,3302833,366179,363109,21536,384645,4151
2021-10-16,San Francisco,075,870044,52083,51436,2210,53646,645
2021-10-16,San Joaquin,077,732212,97734,96507,5208,101715,1708
2021-10-16,San Luis Obispo,079,281455,28978,28460,1182,29642,329
2021-10-16,San Mateo,081,765935,53345,52399,810,53209,569
2021-10-16,Santa Barbara,083,443738,43655,43175,1501,44676,521
2021-10-16,Santa Clara,085,1922200,144738,143282,1218,144500,1890
2021-10-16,Santa Cruz,087,273765,20061,19794,978,20772,218
2021-10-16,Shasta,089,179085,20454,19932,3397,23329,309
2021-10-16,Sierra,091,2930,170,160,18,178,0
2021-10-16,Siskiyou,093,43540,3287,3173,1215,4388,42
2021-10-16,Solano,095,438530,45331,44585,1204,45789,334
2021-10-16,Sonoma,097,501317,40544,40195,503,40698,390
2021-10-16,Stanislaus,099,539301,76204,75868,8509,84377,1142
2021-10-16,Sutter,101,95872,13566,13471,308,13779,169
2021-10-16,Tehama,103,63373,8115,7907,1360,9267,104
2021-10-16,Trinity,105,12862,822,679,202,881,11
2021-10-16,Tulare,107,460477,66246,64489,13896,78385,951
2021-10-16,Tuolumne,109,53932,6823,6666,87,6753,89
2021-10-16,Ventura,111,848112,96955,96181,4205,100386,1164
2021-10-16,Yolo,113,214977,19379,19078,964,20042,247
2021-10-16,Yuba,115,75493,9834,9705,282,9987,82
2021-10-15,Alameda,001,1643700,117544,117027,2656,119683,1365
2021-10-15,Alpine,003,1148,100,102,0,102,0
2021-10-15,Amador,005,37829,5382,5310,56,5366,64
2021-10-15,Butte,007,227075,20167,19612,3637,23249,260
2021-10-15,Calaveras,009,45235,3847,3771,45,3816,80
2021-10-15,Colusa,011,21464,2474,2431,595,3026,18
2021-10-15,Contra Costa,013,1133247,97891,97107,2062,99169,982
2021-10-15,Del Norte,015,27424,3609,3516,51,3567,41
2021-10-15,El Dorado,017,186661,15635,15315,1634,16949,149
2021-10-15,Fresno,019,978130,134849,132433,12092,144525,2051
2021-10-15,Glenn,021,27897,3409,3331,980,4311,26
2021-10-15,Humboldt,023,135768,8745,8621,486,9107,104
2021-10-15,Imperial,025,180216,32711,32368,3051,35419,764
2021-10-15,Inyo,027,18085,2069,1932,37,1969,39
2021-10-15,Kern,029,883053,123463,121354,20299,141653,1590
2021-10-15,Kings,031,150075,31065,30418,1794,32212,314
2021-10-15,Lake,033,64148,6536,6378,133,6511,104
2021-10-15,Lassen,035,31185,6675,6559,323,6882,26
2021-10-15,Los Angeles,037,10098052,1423059,1409418,52497,1461915,26398
2021-10-15,Madera,039,155013,22175,21707,1919,23626,277
2021-10-15,Marin,041,260295,17304,17148,428,17576,243
2021-10-15,Mariposa,043,17540,1195,1096,41,1137,5
2021-10-15,Mendocino,045,87422,7239,7099,447,7546,82
2021-10-15,Merced,047,269075,40653,40265,1718,41983,577
2021-10-15,Modoc,049,8938,509,492,181,673,5
2021-10-15,Mono,051,14174,1656,1628,19,1647,3
2021-10-15,Monterey,053,433212,48227,47293,2719,50012,582
2021-10-15,Napa,055,140530,12811,12706,102,12808,100
2021-10-15,Nevada,057,99092,8865,8739,306,9045,90
2021-10-15,Orange,059,3164182,303163,300722,14465,315187,5509
2021-10-15,Placer,061,380077,35900,35343,3461,38804,412
2021-10-15,Plumas,063,18699,1631,1542,30,1572,6
2021-10-15,Riverside,065,2383286,357071,352435,16040,368475,4990
2021-10-15,Sacramento,067,1510023,154747,153264,4247,157511,2192
2021-10-15,San Benito,069,59416,7240,7210,158,7368,71
2021-10-15,San Bernardino,071,2135413,348215,345418,10819,356237,5566
2021-10-15,San Diego,073,3302833,365819,363109,21511,384620,4151
2021-10-15,San Francisco,075,870044,52042,51436,2203,53639,645
2021-10-15,San Joaquin,077,732212,97656,96507,5201,101708,1708
2021-10-15,San Luis Obispo,079,281455,28957,28460,1180,29640,329
2021-10-15,San Mateo,081,765935,53301,52399,809,53208,569
2021-10-15,Santa Barbara,083,443738,43617,43175,1501,44676,521
2021-10-15,Santa Clara,085,1922200,144616,143282,1210,144492,1890
2021-10-15,Santa Cruz,087,273765,20050,19794,978,20772,218
2021-10-15,Shasta,089,179085,20398,19932,3389,23321,309
2021-10-15,Sierra,091,2930,170,160,18,178,0
2021-10-15,Siskiyou,093,43540,3286,3173,1212,4385,42
2021-10-15,Solano,095,438530,45305,44585,1204,45789,334
2021-10-15,Sonoma,097,501317,40510,40195,502,40697,390
2021-10-15,Stanislaus,099,539301,76124,75868,8493,84361,1142
2021-10-15,Sutter,101,95872,13549,13471,306,13777,169
2021-10-15,Tehama,103,63373,8093,7907,1355,9262,104
2021-10-15,Trinity,105,12862,822,679,202,881,11
2021-10-15,Tulare,107,460477,66167,64489,13859,78348,951
2021-10-15,Tuolumne,109,53932,6800,6666,85,6751,89
2021-10-15,Ventura,111,848112,96913,96181,4202,100383,1164
2021-10-15,Yolo,113,214977,19364,19078,960,20038,247
2021-10-15,Yuba,115,75493,9824,9705,281,9986,82
2021-10-14,Alameda,001,1643700,117436,117027,2651,119678,1365
2021-10-14,Alpine,003,1148,100,102,0,102,0
2021-10-14,Amador,005,37829,5371,5310,56,5366,64
2021-10-14,Butte,007,227075,20115,19612,3631,23243,260
2021-10-14,Calaveras,009,45235,3834,3771,44,3815,80
2021-10-14,Colusa,011,21464,2472,2431,593,3024,18
2021-10-14,Contra Costa,013,1133247,97757,97107,2055,99162,982
2021-10-14,Del Norte,015,27424,3603,3516,51,3567,41
2021-10-14,El Dorado,017,186661,15597,15315,1631,16946,149
2021-10-14,Fresno,019,978130,134554,132433,12063,144496,2051
2021-10-14,Glenn,021,27897,3404,3331,979,4310,26
2021-10-14,Humboldt,023,135768,8728,8621,483,9104,104
2021-10-14,Imperial,025,180216,32648,32368,3044,35412,764
2021-10-14,Inyo,027,18085,2050,1932,37,1969,39
2021-10-14,Kern,029,883053,123191,121354,20200,141554,1590
2021-10-14,Kings,031,150075,31000,30418,1786,32204,314
2021-10-14,Lake,033,64148,6515,6378,132,6510,104
2021-10-14,Lassen,035,31185,6669,6559,322,6881,26
2021-10-14,Los Angeles,037,10098052,1422067,1409418,52447,1461865,26398
2021-10-14,Madera,039,155013,22110,21707,1913,23620,277
2021-10-14,Marin,041,260295,17299,17148,426,17574,243
2021-10-14,Mariposa,043,17540,1182,1096,40,1136,5
2021-10-14,Mendocino,045,87422,7225,7099,445,7544,82
2021-10-14,Merced,047,269075,40564,40265,1704,41969,577
2021-10-14,Modoc,049,8938,509,492,181,673,5
2021-10-14,Mono,051,14174,1649,1628,19,1647,3
2021-10-14,Monterey,053,433212,48201,47293,2714,50007,582
2021-10-14,Napa,055,140530,12796,12706,102,12808,100
2021-10-14,Nevada,057,99092,8838,8739,304,9043,90
2021-10-14,Orange,059,3164182,302955,300722,14448,315170,5509
2021-10-14,Placer,061,380077,35833,35343,3447,38790,412
2021-10-14,Plumas,063,18699,1616,1542,30,1572,6
2021-10-14,Riverside,065,2383286,356674,352435,16029,368464,4990
2021-10-14,Sacramento,067,1510023,154496,153264,4227,157491,2192
2021-10-14,San Benito,069,59416,7229,7210,158,7368,71
2021-10-14,San Bernardino,071,2135413,347859,345418,10812,356230,5566
2021-10-14,San Diego,073,3302833,365379,363109,21484,384593,4151
2021-10-14,San Francisco,075,870044,51986,51436,2199,53635,645
2021-10-14,San Joaquin,077,732212,97527,96507,5192,101699,1708
2021-10-14,San Luis Obispo,079,281455,28912,28460,1176,29636,329
2021-10-14,San Mateo,081,765935,53253,52399,808,53207,569
2021-10-14,Santa Barbara,083,443738,43561,43175,1496,44671,521
2021-10-14,Santa Clara,085,1922200,144475,143282,1204,144486,1890
2021-10-14,Santa Cruz,087,273765,20027,19794,978,20772,218
2021-10-14,Shasta,089,179085,20341,19932,3377,23309,309
2021-10-14,Sierra,091,2930,169,160,18,178,0
2021-10-14,Siskiyou,093,43540,3283,3173,1204,4377,42
2021-10-14,Solano,095,438530,45255,44585,1196,45781,334
2021-10-14,Sonoma,097,501317,40460,40195,499,40694,390
2021-10-14,Stanislaus,099,539301,75978,75868,8480,84348,1142
2021-10-14,Sutter,101,95872,13529,13471,305,13776,169
2021-10-14,Tehama,103,63373,8062,7907,1348,9255,104
2021-10-14,Trinity,105,12862,821,679,201,880,11
2021-10-14,Tulare,107,460477,65982,64489,13812,78301,951
2021-10-14,Tuolumne,109,53932,6768,6666,84,6750,89
2021-10-14,Ventura,111,848112,96845,96181,4196,100377,1164
2021-10-14,Yolo,113,214977,19331,19078,953,20031,247
2021-10-14,Yuba,115,75493,9810,9705,272,9977,82
2021-10-13,Alameda,001,1643700,117330,116914,2645,119559,1360
2021-10-13,Alpine,003,1148,100,102,0,102,0
2021-10-13,Amador,005,37829,5357,5305,56,5361,63
2021-10-13,Butte,007,227075,20039,19546,3626,23172,257
2021-10-13,Calaveras,009,45235,3813,3756,42,3798,79
2021-10-13,Colusa,011,21464,2465,2430,589,3019,18
2021-10-13,Contra Costa,013,1133247,97641,96975,2054,99029,969
2021-10-13,Del Norte,015,27424,3598,3512,51,3563,39
2021-10-13,El Dorado,017,186661,15573,15302,1626,16928,149
2021-10-13,Fresno,019,978130,134220,132055,12032,144087,2048
2021-10-13,Glenn,021,27897,3399,3327,975,4302,26
2021-10-13,Humboldt,023,135768,8717,8604,479,9083,102
2021-10-13,Imperial,025,180216,32588,32317,3042,35359,762
2021-10-13,Inyo,027,18085,2013,1907,37,1944,39
2021-10-13,Kern,029,883053,122946,120956,20108,141064,1586
2021-10-13,Kings,031,150075,30919,30246,1779,32025,312
2021-10-13,Lake,033,64148,6495,6371,132,6503,103
2021-10-13,Lassen,035,31185,6658,6535,316,6851,25
2021-10-13,Los Angeles,037,10098052,1421014,1408384,52391,1460775,26379
2021-10-13,Madera,039,155013,22057,21609,1899,23508,277
2021-10-13,Marin,041,260295,17275,17137,425,17562,243
2021-10-13,Mariposa,043,17540,1168,1090,40,1130,5
2021-10-13,Mendocino,045,87422,7209,7088,437,7525,82
2021-10-13,Merced,047,269075,40479,40164,1693,41857,577
2021-10-13,Modoc,049,8938,507,490,179,669,5
2021-10-13,Mono,051,14174,1649,1612,19,1631,3
2021-10-13,Monterey,053,433212,48182,47273,2707,49980,582
2021-10-13,Napa,055,140530,12785,12695,100,12795,100
2021-10-13,Nevada,057,99092,8816,8725,304,9029,90
2021-10-13,Orange,059,3164182,302748,300468,14432,314900,5503
2021-10-13,Placer,061,380077,35766,35254,3438,38692,412
2021-10-13,Plumas,063,18699,1602,1514,30,1544,6
2021-10-13,Riverside,065,2383286,356344,352044,16016,368060,4978
2021-10-13,Sacramento,067,1510023,154247,153141,4206,157347,2182
2021-10-13,San Benito,069,59416,7223,7196,157,7353,71
2021-10-13,San Bernardino,071,2135413,347534,344951,10795,355746,5562
2021-10-13,San Diego,073,3302833,364948,362564,21462,384026,4141
2021-10-13,San Francisco,075,870044,51943,51379,2195,53574,644
2021-10-13,San Joaquin,077,732212,97383,96343,5188,101531,1696
2021-10-13,San Luis Obispo,079,281455,28874,28397,1173,29570,330
2021-10-13,San Mateo,081,765935,53201,52352,804,53156,569
2021-10-13,Santa Barbara,083,443738,43509,43109,1496,44605,518
2021-10-13,Santa Clara,085,1922200,144337,143064,1203,144267,1886
2021-10-13,Santa Cruz,087,273765,20001,19763,977,20740,217
2021-10-13,Shasta,089,179085,20271,19802,3357,23159,307
2021-10-13,Sierra,091,2930,169,155,18,173,0
2021-10-13,Siskiyou,093,43540,3275,3173,1203,4376,42
2021-10-13,Solano,095,438530,45216,44558,1193,45751,334
2021-10-13,Sonoma,097,501317,40404,40122,499,40621,390
2021-10-13,Stanislaus,099,539301,75836,75698,8470,84168,1136
2021-10-13,Sutter,101,95872,13499,13458,303,13761,169
2021-10-13,Tehama,103,63373,8026,7849,1342,9191,103
2021-10-13,Trinity,105,12862,818,677,201,878,11
2021-10-13,Tulare,107,460477,65801,64297,13758,78055,945
2021-10-13,Tuolumne,109,53932,6754,6644,83,6727,89
2021-10-13,Ventura,111,848112,96771,96099,4190,100289,1162
2021-10-13,Yolo,113,214977,19303,19023,951,19974,247
2021-10-13,Yuba,115,75493,9785,9690,259,9949,80
2021-10-12,Alameda,001,1643700,117227,116813,2641,119454,1357
2021-10-12,Alpine,003,1148,100,102,0,102,0
2021-10-12,Amador,005,37829,5346,5301,56,5357,63
2021-10-12,Butte,007,227075,19967,19506,3615,23121,256
2021-10-12,Calaveras,009,45235,3798,3750,42,3792,75
2021-10-12,Colusa,011,21464,2462,2428,587,3015,18
2021-10-12,Contra Costa,013,1133247,97528,96894,2045,98939,960
2021-10-12,Del Norte,015,27424,3592,3511,51,3562,39
2021-10-12,El Dorado,017,186661,15539,15287,1624,16911,148
2021-10-12,Fresno,019,978130,133859,131848,12001,143849,2042
2021-10-12,Glenn,021,27897,3385,3321,974,4295,26
2021-10-12,Humboldt,023,135768,8690,8587,473,9060,102
2021-10-12,Imperial,025,180216,32536,32267,3040,35307,762
2021-10-12,Inyo,027,18085,1981,1889,37,1926,39
2021-10-12,Kern,029,883053,122659,120826,19999,140825,1580
2021-10-12,Kings,031,150075,30845,30200,1768,31968,312
2021-10-12,Lake,033,64148,6480,6372,130,6502,97
2021-10-12,Lassen,035,31185,6648,6526,315,6841,25
2021-10-12,Los Angeles,037,10098052,1419954,1407462,52345,1459807,26362
2021-10-12,Madera,039,155013,21986,21574,1886,23460,277
2021-10-12,Marin,041,260295,17252,17126,425,17551,242
2021-10-12,Mariposa,043,17540,1154,1088,40,1128,5
2021-10-12,Mendocino,045,87422,7180,7077,434,7511,82
2021-10-12,Merced,047,269075,40400,40113,1687,41800,567
2021-10-12,Modoc,049,8938,502,485,178,663,5
2021-10-12,Mono,051,14174,1647,1608,19,1627,3
2021-10-12,Monterey,053,433212,48151,47254,2699,49953,582
2021-10-12,Napa,055,140530,12771,12671,100,12771,97
2021-10-12,Nevada,057,99092,8804,8720,303,9023,89
2021-10-12,Orange,059,3164182,302493,300256,14406,314662,5499
2021-10-12,Placer,061,380077,35703,35214,3430,38644,404
2021-10-12,Plumas,063,18699,1588,1488,29,1517,6
2021-10-12,Riverside,065,2383286,356018,351771,16002,367773,4973
2021-10-12,Sacramento,067,1510023,153943,152935,4181,157116,2170
2021-10-12,San Benito,069,59416,7209,7193,157,7350,71
2021-10-12,San Bernardino,071,2135413,347221,344788,10785,355573,5563
2021-10-12,San Diego,073,3302833,364435,362256,21433,383689,4137
2021-10-12,San Francisco,075,870044,51879,51301,2194,53495,643
2021-10-12,San Joaquin,077,732212,97246,96237,5183,101420,1690
2021-10-12,San Luis Obispo,079,281455,28827,28379,1172,29551,327
2021-10-12,San Mateo,081,765935,53150,52328,803,53131,569
2021-10-12,Santa Barbara,083,443738,43448,43076,1496,44572,515
2021-10-12,Santa Clara,085,1922200,144184,142954,1201,144155,1882
2021-10-12,Santa Cruz,087,273765,19976,19757,977,20734,218
2021-10-12,Shasta,089,179085,20195,19731,3336,23067,304
2021-10-12,Sierra,091,2930,169,153,18,171,0
2021-10-12,Siskiyou,093,43540,3264,3166,1197,4363,42
2021-10-12,Solano,095,438530,45174,44516,1187,45703,329
2021-10-12,Sonoma,097,501317,40363,40105,498,40603,390
2021-10-12,Stanislaus,099,539301,75684,75589,8458,84047,1126
2021-10-12,Sutter,101,95872,13476,13436,299,13735,168
2021-10-12,Tehama,103,63373,7994,7820,1338,9158,103
2021-10-12,Trinity,105,12862,815,676,201,877,11
2021-10-12,Tulare,107,460477,65616,64216,13703,77919,944
2021-10-12,Tuolumne,109,53932,6737,6637,82,6719,89
2021-10-12,Ventura,111,848112,96670,96022,4185,100207,1160
2021-10-12,Yolo,113,214977,19276,18987,943,19930,247
2021-10-12,Yuba,115,75493,9770,9676,255,9931,70
2021-10-11,Alameda,001,1643700,117085,116759,2640,119399,1358
2021-10-11,Alpine,003,1148,100,102,0,102,0
2021-10-11,Amador,005,37829,5334,5286,56,5342,62
2021-10-11,Butte,007,227075,19907,19452,3610,23062,253
2021-10-11,Calaveras,009,45235,3777,3750,42,3792,75
2021-10-11,Colusa,011,21464,2458,2427,579,3006,18
2021-10-11,Contra Costa,013,1133247,97392,96832,2040,98872,960
2021-10-11,Del Norte,015,27424,3589,3510,47,3557,39
2021-10-11,El Dorado,017,186661,15510,15273,1620,16893,146
2021-10-11,Fresno,019,978130,133529,131703,11966,143669,2036
2021-10-11,Glenn,021,27897,3368,3308,972,4280,26
2021-10-11,Humboldt,023,135768,8665,8571,466,9037,101
2021-10-11,Imperial,025,180216,32486,32207,3034,35241,762
2021-10-11,Inyo,027,18085,1958,1862,36,1898,39
2021-10-11,Kern,029,883053,122422,120684,19904,140588,1575
2021-10-11,Kings,031,150075,30756,30180,1758,31938,309
2021-10-11,Lake,033,64148,6464,6361,126,6487,97
2021-10-11,Lassen,035,31185,6628,6499,312,6811,25
2021-10-11,Los Angeles,037,10098052,1418907,1406826,52294,1459120,26346
2021-10-11,Madera,039,155013,21928,21555,1869,23424,272
2021-10-11,Marin,041,260295,17234,17121,421,17542,242
2021-10-11,Mariposa,043,17540,1124,1083,39,1122,5
2021-10-11,Mendocino,045,87422,7164,7064,430,7494,82
2021-10-11,Merced,047,269075,40284,40064,1662,41726,566
2021-10-11,Modoc,049,8938,499,482,175,657,5
2021-10-11,Mono,051,14174,1637,1604,19,1623,3
2021-10-11,Monterey,053,433212,48122,47241,2692,49933,580
2021-10-11,Napa,055,140530,12748,12654,98,12752,96
2021-10-11,Nevada,057,99092,8784,8716,302,9018,90
2021-10-11,Orange,059,3164182,302263,299941,14376,314317,5499
2021-10-11,Placer,061,380077,35634,35173,3413,38586,404
2021-10-11,Plumas,063,18699,1570,1469,27,1496,6
2021-10-11,Riverside,065,2383286,355673,351444,15997,367441,4973
2021-10-11,Sacramento,067,1510023,153653,152681,4150,156831,2169
2021-10-11,San Benito,069,59416,7188,7184,155,7339,71
2021-10-11,San Bernardino,071,2135413,346837,344594,10777,355371,5549
2021-10-11,San Diego,073,3302833,363923,361712,21401,383113,4124
2021-10-11,San Francisco,075,870044,51808,51275,2191,53466,643
2021-10-11,San Joaquin,077,732212,97091,96152,5172,101324,1681
2021-10-11,San Luis Obispo,079,281455,28779,28355,1167,29522,327
2021-10-11,San Mateo,081,765935,53102,52298,803,53101,569
2021-10-11,Santa Barbara,083,443738,43401,43018,1495,44513,515
2021-10-11,Santa Clara,085,1922200,144022,142836,1197,144033,1882
2021-10-11,Santa Cruz,087,273765,19952,19745,976,20721,217
2021-10-11,Shasta,089,179085,20116,19662,3320,22982,295
2021-10-11,Sierra,091,2930,166,147,17,164,0
2021-10-11,Siskiyou,093,43540,3257,3159,1193,4352,42
2021-10-11,Solano,095,438530,45125,44474,1184,45658,329
2021-10-11,Sonoma,097,501317,40318,40067,498,40565,390
2021-10-11,Stanislaus,099,539301,75513,75478,8437,83915,1118
2021-10-11,Sutter,101,95872,13457,13427,297,13724,165
2021-10-11,Tehama,103,63373,7953,7795,1329,9124,102
2021-10-11,Trinity,105,12862,809,675,200,875,11
2021-10-11,Tulare,107,460477,65437,64094,13636,77730,942
2021-10-11,Tuolumne,109,53932,6699,6602,82,6684,89
2021-10-11,Ventura,111,848112,96573,95876,4178,100054,1160
2021-10-11,Yolo,113,214977,19229,18977,940,19917,247
2021-10-11,Yuba,115,75493,9753,9657,243,9900,69
2021-10-10,Alameda,001,1643700,116966,116679,2636,119315,1358
2021-10-10,Alpine,003,1148,100,102,0,102,0
2021-10-10,Amador,005,37829,5320,5278,56,5334,62
2021-10-10,Butte,007,227075,19842,19430,3594,23024,253
2021-10-10,Calaveras,009,45235,3765,3747,42,3789,75
2021-10-10,Colusa,011,21464,2457,2425,578,3003,18
2021-10-10,Contra Costa,013,1133247,97293,96760,2034,98794,960
2021-10-10,Del Norte,015,27424,3585,3507,47,3554,39
2021-10-10,El Dorado,017,186661,15480,15250,1614,16864,146
2021-10-10,Fresno,019,978130,133199,131434,11935,143369,2035
2021-10-10,Glenn,021,27897,3363,3297,970,4267,26
2021-10-10,Humboldt,023,135768,8644,8554,462,9016,101
2021-10-10,Imperial,025,180216,32411,32167,3033,35200,762
2021-10-10,Inyo,027,18085,1937,1857,36,1893,39
2021-10-10,Kern,029,883053,122096,120552,19801,140353,1573
2021-10-10,Kings,031,150075,30667,30122,1748,31870,308
2021-10-10,Lake,033,64148,6448,6349,125,6474,97
2021-10-10,Lassen,035,31185,6609,6495,311,6806,26
2021-10-10,Los Angeles,037,10098052,1417718,1406034,52220,1458254,26338
2021-10-10,Madera,039,155013,21882,21486,1860,23346,272
2021-10-10,Marin,041,260295,17217,17112,421,17533,242
2021-10-10,Mariposa,043,17540,1121,1074,39,1113,5
2021-10-10,Mendocino,045,87422,7149,7060,422,7482,81
2021-10-10,Merced,047,269075,40201,40036,1643,41679,566
2021-10-10,Modoc,049,8938,499,482,175,657,5
2021-10-10,Mono,051,14174,1636,1596,19,1615,3
2021-10-10,Monterey,053,433212,48092,47228,2691,49919,580
2021-10-10,Napa,055,140530,12725,12641,98,12739,96
2021-10-10,Nevada,057,99092,8772,8689,302,8991,90
2021-10-10,Orange,059,3164182,302001,299787,14348,314135,5499
2021-10-10,Placer,061,380077,35541,35128,3401,38529,404
2021-10-10,Plumas,063,18699,1554,1468,25,1493,6
2021-10-10,Riverside,065,2383286,355299,351248,15979,367227,4973
2021-10-10,Sacramento,067,1510023,153388,152405,4133,156538,2178
2021-10-10,San Benito,069,59416,7183,7180,154,7334,71
2021-10-10,San Bernardino,071,2135413,346524,344423,10769,355192,5551
2021-10-10,San Diego,073,3302833,363407,361038,21353,382391,4113
2021-10-10,San Francisco,075,870044,51761,51216,2189,53405,643
2021-10-10,San Joaquin,077,732212,96920,96084,5158,101242,1681
2021-10-10,San Luis Obispo,079,281455,28735,28343,1167,29510,326
2021-10-10,San Mateo,081,765935,53060,52273,802,53075,569
2021-10-10,Santa Barbara,083,443738,43354,42987,1494,44481,515
2021-10-10,Santa Clara,085,1922200,143857,142768,1190,143958,1881
2021-10-10,Santa Cruz,087,273765,19932,19727,976,20703,217
2021-10-10,Shasta,089,179085,20028,19635,3311,22946,296
2021-10-10,Sierra,091,2930,164,147,17,164,0
2021-10-10,Siskiyou,093,43540,3243,3155,1186,4341,42
2021-10-10,Solano,095,438530,45069,44431,1184,45615,329
2021-10-10,Sonoma,097,501317,40266,40027,498,40525,390
2021-10-10,Stanislaus,099,539301,75335,75403,8423,83826,1118
2021-10-10,Sutter,101,95872,13433,13412,292,13704,165
2021-10-10,Tehama,103,63373,7915,7764,1320,9084,102
2021-10-10,Trinity,105,12862,808,669,199,868,11
2021-10-10,Tulare,107,460477,65265,63930,13587,77517,940
2021-10-10,Tuolumne,109,53932,6675,6580,81,6661,89
2021-10-10,Ventura,111,848112,96484,95829,4178,100007,1160
2021-10-10,Yolo,113,214977,19197,18952,935,19887,247
2021-10-10,Yuba,115,75493,9737,9641,238,9879,69
2021-10-09,Alameda,001,1643700,116868,116253,2634,118887,1356
2021-10-09,Alpine,003,1148,99,102,0,102,0
2021-10-09,Amador,005,37829,5318,5237,55,5292,62
2021-10-09,Butte,007,227075,19811,19277,3590,22867,250
2021-10-09,Calaveras,009,45235,3761,3716,42,3758,75
2021-10-09,Colusa,011,21464,2453,2419,577,2996,18
2021-10-09,Contra Costa,013,1133247,97224,96378,2028,98406,958
2021-10-09,Del Norte,015,27424,3584,3495,47,3542,39
2021-10-09,El Dorado,017,186661,15462,15153,1611,16764,144
2021-10-09,Fresno,019,978130,133067,130508,11917,142425,2018
2021-10-09,Glenn,021,27897,3359,3277,968,4245,26
2021-10-09,Humboldt,023,135768,8630,8448,460,8908,97
2021-10-09,Imperial,025,180216,32377,31989,3031,35020,760
2021-10-09,Inyo,027,18085,1928,1808,36,1844,39
2021-10-09,Kern,029,883053,121955,119795,19774,139569,1559
2021-10-09,Kings,031,150075,30618,29894,1746,31640,308
2021-10-09,Lake,033,64148,6429,6283,124,6407,97
2021-10-09,Lassen,035,31185,6604,6442,310,6752,25
2021-10-09,Los Angeles,037,10098052,1417130,1402810,52183,1454993,26280
2021-10-09,Madera,039,155013,21849,21313,1846,23159,271
2021-10-09,Marin,041,260295,17212,17049,419,17468,242
2021-10-09,Mariposa,043,17540,1114,1042,38,1080,5
2021-10-09,Mendocino,045,87422,7142,7011,421,7432,82
2021-10-09,Merced,047,269075,40158,39784,1643,41427,565
2021-10-09,Modoc,049,8938,497,477,174,651,5
2021-10-09,Mono,051,14174,1633,1577,19,1596,3
2021-10-09,Monterey,053,433212,48080,47168,2688,49856,577
2021-10-09,Napa,055,140530,12721,12586,98,12684,96
2021-10-09,Nevada,057,99092,8761,8613,301,8914,90
2021-10-09,Orange,059,3164182,301820,299089,14329,313418,5457
2021-10-09,Placer,061,380077,35503,34877,3394,38271,393
2021-10-09,Plumas,063,18699,1543,1418,25,1443,6
2021-10-09,Riverside,065,2383286,355047,350082,15963,366045,4965
2021-10-09,Sacramento,067,1510023,153178,151566,4120,155686,2160
2021-10-09,San Benito,069,59416,7175,7123,154,7277,71
2021-10-09,San Bernardino,071,2135413,346336,343452,10765,354217,5556
2021-10-09,San Diego,073,3302833,363101,359909,21348,381257,4111
2021-10-09,San Francisco,075,870044,51713,50960,2182,53142,643
2021-10-09,San Joaquin,077,732212,96854,95606,5153,100759,1669
2021-10-09,San Luis Obispo,079,281455,28718,28197,1165,29362,324
2021-10-09,San Mateo,081,765935,53029,52121,801,52922,569
2021-10-09,Santa Barbara,083,443738,43327,42735,1494,44229,514
2021-10-09,Santa Clara,085,1922200,143733,142298,1184,143482,1873
2021-10-09,Santa Cruz,087,273765,19922,19635,975,20610,217
2021-10-09,Shasta,089,179085,19977,19437,3306,22743,290
2021-10-09,Sierra,091,2930,161,141,17,158,0
2021-10-09,Siskiyou,093,43540,3242,3124,1185,4309,42
2021-10-09,Solano,095,438530,45052,44265,1183,45448,329
2021-10-09,Sonoma,097,501317,40222,39848,498,40346,387
2021-10-09,Stanislaus,099,539301,75245,74899,8412,83311,1114
2021-10-09,Sutter,101,95872,13424,13314,290,13604,165
2021-10-09,Tehama,103,63373,7904,7670,1315,8985,99
2021-10-09,Trinity,105,12862,807,660,199,859,11
2021-10-09,Tulare,107,460477,65157,63398,13566,76964,932
2021-10-09,Tuolumne,109,53932,6656,6521,81,6602,89
2021-10-09,Ventura,111,848112,96430,95542,4175,99717,1158
2021-10-09,Yolo,113,214977,19175,18850,933,19783,247
2021-10-09,Yuba,115,75493,9725,9551,237,9788,69
2021-10-08,Alameda,001,1643700,116787,116253,2630,118883,1356
2021-10-08,Alpine,003,1148,99,102,0,102,0
2021-10-08,Amador,005,37829,5305,5237,55,5292,62
2021-10-08,Butte,007,227075,19782,19277,3586,22863,250
2021-10-08,Calaveras,009,45235,3756,3716,42,3758,75
2021-10-08,Colusa,011,21464,2451,2419,577,2996,18
2021-10-08,Contra Costa,013,1133247,97180,96378,2023,98401,958
2021-10-08,Del Norte,015,27424,3583,3495,47,3542,39
2021-10-08,El Dorado,017,186661,15442,15153,1607,16760,144
2021-10-08,Fresno,019,978130,132871,130508,11896,142404,2018
2021-10-08,Glenn,021,27897,3351,3277,966,4243,26
2021-10-08,Humboldt,023,135768,8619,8448,457,8905,97
2021-10-08,Imperial,025,180216,32348,31989,3027,35016,760
2021-10-08,Inyo,027,18085,1910,1808,36,1844,39
2021-10-08,Kern,029,883053,121818,119795,19732,139527,1559
2021-10-08,Kings,031,150075,30524,29894,1745,31639,308
2021-10-08,Lake,033,64148,6421,6283,124,6407,97
2021-10-08,Lassen,035,31185,6590,6442,307,6749,25
2021-10-08,Los Angeles,037,10098052,1416470,1402810,52149,1454959,26280
2021-10-08,Madera,039,155013,21790,21313,1839,23152,271
2021-10-08,Marin,041,260295,17201,17049,418,17467,242
2021-10-08,Mariposa,043,17540,1107,1042,36,1078,5
2021-10-08,Mendocino,045,87422,7129,7011,421,7432,82
2021-10-08,Merced,047,269075,40126,39784,1640,41424,565
2021-10-08,Modoc,049,8938,495,477,174,651,5
2021-10-08,Mono,051,14174,1630,1577,19,1596,3
2021-10-08,Monterey,053,433212,48053,47168,2686,49854,577
2021-10-08,Napa,055,140530,12705,12586,98,12684,96
2021-10-08,Nevada,057,99092,8748,8613,301,8914,90
2021-10-08,Orange,059,3164182,301673,299089,14309,313398,5457
2021-10-08,Placer,061,380077,35465,34877,3387,38264,393
2021-10-08,Plumas,063,18699,1531,1418,25,1443,6
2021-10-08,Riverside,065,2383286,354778,350082,15952,366034,4965
2021-10-08,Sacramento,067,1510023,153013,151566,4106,155672,2160
2021-10-08,San Benito,069,59416,7171,7123,152,7275,71
2021-10-08,San Bernardino,071,2135413,346127,343452,10757,354209,5556
2021-10-08,San Diego,073,3302833,362775,359909,21329,381238,4111
2021-10-08,San Francisco,075,870044,51666,50960,2175,53135,643
2021-10-08,San Joaquin,077,732212,96786,95606,5147,100753,1669
2021-10-08,San Luis Obispo,079,281455,28691,28197,1164,29361,324
2021-10-08,San Mateo,081,765935,53001,52121,801,52922,569
2021-10-08,Santa Barbara,083,443738,43292,42735,1493,44228,514
2021-10-08,Santa Clara,085,1922200,143620,142298,1179,143477,1873
2021-10-08,Santa Cruz,087,273765,19907,19635,975,20610,217
2021-10-08,Shasta,089,179085,19935,19437,3300,22737,290
2021-10-08,Sierra,091,2930,159,141,15,156,0
2021-10-08,Siskiyou,093,43540,3234,3124,1184,4308,42
2021-10-08,Solano,095,438530,45013,44265,1183,45448,329
2021-10-08,Sonoma,097,501317,40186,39848,498,40346,387
2021-10-08,Stanislaus,099,539301,75176,74899,8403,83302,1114
2021-10-08,Sutter,101,95872,13410,13314,288,13602,165
2021-10-08,Tehama,103,63373,7887,7670,1313,8983,99
2021-10-08,Trinity,105,12862,806,660,199,859,11
2021-10-08,Tulare,107,460477,65039,63398,13534,76932,932
2021-10-08,Tuolumne,109,53932,6633,6521,81,6602,89
2021-10-08,Ventura,111,848112,96379,95542,4169,99711,1158
2021-10-08,Yolo,113,214977,19162,18850,929,19779,247
2021-10-08,Yuba,115,75493,9705,9551,236,9787,69
2021-10-07,Alameda,001,1643700,116668,116253,2629,118882,1356
2021-10-07,Alpine,003,1148,99,102,0,102,0
2021-10-07,Amador,005,37829,5298,5237,55,5292,62
2021-10-07,Butte,007,227075,19733,19277,3575,22852,250
2021-10-07,Calaveras,009,45235,3744,3716,42,3758,75
2021-10-07,Colusa,011,21464,2448,2419,571,2990,18
2021-10-07,Contra Costa,013,1133247,97057,96378,2020,98398,958
2021-10-07,Del Norte,015,27424,3580,3495,47,3542,39
2021-10-07,El Dorado,017,186661,15405,15153,1603,16756,144
2021-10-07,Fresno,019,978130,132597,130508,11872,142380,2018
2021-10-07,Glenn,021,27897,3344,3277,963,4240,26
2021-10-07,Humboldt,023,135768,8593,8448,454,8902,97
2021-10-07,Imperial,025,180216,32277,31989,3014,35003,760
2021-10-07,Inyo,027,18085,1891,1808,36,1844,39
2021-10-07,Kern,029,883053,121586,119795,19668,139463,1559
2021-10-07,Kings,031,150075,30459,29894,1739,31633,308
2021-10-07,Lake,033,64148,6410,6283,124,6407,97
2021-10-07,Lassen,035,31185,6572,6442,305,6747,25
2021-10-07,Los Angeles,037,10098052,1415514,1402810,52104,1454914,26280
2021-10-07,Madera,039,155013,21717,21313,1825,23138,271
2021-10-07,Marin,041,260295,17183,17049,418,17467,242
2021-10-07,Mariposa,043,17540,1099,1042,36,1078,5
2021-10-07,Mendocino,045,87422,7119,7011,417,7428,82
2021-10-07,Merced,047,269075,40059,39784,1623,41407,565
2021-10-07,Modoc,049,8938,492,477,173,650,5
2021-10-07,Mono,051,14174,1622,1577,19,1596,3
2021-10-07,Monterey,053,433212,48028,47168,2677,49845,577
2021-10-07,Napa,055,140530,12690,12586,98,12684,96
2021-10-07,Nevada,057,99092,8720,8613,301,8914,90
2021-10-07,Orange,059,3164182,301447,299089,14295,313384,5457
2021-10-07,Placer,061,380077,35403,34877,3380,38257,393
2021-10-07,Plumas,063,18699,1514,1418,25,1443,6
2021-10-07,Riverside,065,2383286,354446,350082,15940,366022,4965
2021-10-07,Sacramento,067,1510023,152731,151566,4079,155645,2160
2021-10-07,San Benito,069,59416,7155,7123,150,7273,71
2021-10-07,San Bernardino,071,2135413,345853,343452,10749,354201,5556
2021-10-07,San Diego,073,3302833,362380,359909,21308,381217,4111
2021-10-07,San Francisco,075,870044,51595,50960,2172,53132,643
2021-10-07,San Joaquin,077,732212,96632,95606,5139,100745,1669
2021-10-07,San Luis Obispo,079,281455,28640,28197,1162,29359,324
2021-10-07,San Mateo,081,765935,52961,52121,800,52921,569
2021-10-07,Santa Barbara,083,443738,43224,42735,1487,44222,514
2021-10-07,Santa Clara,085,1922200,143471,142298,1173,143471,1873
2021-10-07,Santa Cruz,087,273765,19887,19635,974,20609,217
2021-10-07,Shasta,089,179085,19846,19437,3285,22722,290
2021-10-07,Sierra,091,2930,158,141,15,156,0
2021-10-07,Siskiyou,093,43540,3230,3124,1179,4303,42
2021-10-07,Solano,095,438530,44968,44265,1179,45444,329
2021-10-07,Sonoma,097,501317,40149,39848,496,40344,387
2021-10-07,Stanislaus,099,539301,75014,74899,8378,83277,1114
2021-10-07,Sutter,101,95872,13388,13314,285,13599,165
2021-10-07,Tehama,103,63373,7854,7670,1307,8977,99
2021-10-07,Trinity,105,12862,804,660,199,859,11
2021-10-07,Tulare,107,460477,64872,63398,13498,76896,932
2021-10-07,Tuolumne,109,53932,6611,6521,81,6602,89
2021-10-07,Ventura,111,848112,96306,95542,4166,99708,1158
2021-10-07,Yolo,113,214977,19129,18850,925,19775,247
2021-10-07,Yuba,115,75493,9679,9551,229,9780,69
2021-10-06,Alameda,001,1643700,116531,116058,2623,118681,1353
2021-10-06,Alpine,003,1148,99,102,0,102,0
2021-10-06,Amador,005,37829,5295,5205,55,5260,62
2021-10-06,Butte,007,227075,19671,19208,3568,22776,247
2021-10-06,Calaveras,009,45235,3735,3669,42,3711,75
2021-10-06,Colusa,011,21464,2446,2414,564,2978,18
2021-10-06,Contra Costa,013,1133247,96933,96184,2016,98200,953
2021-10-06,Del Norte,015,27424,3577,3490,44,3534,39
2021-10-06,El Dorado,017,186661,15379,15078,1600,16678,140
2021-10-06,Fresno,019,978130,132307,130074,11848,141922,2008
2021-10-06,Glenn,021,27897,3335,3270,961,4231,26
2021-10-06,Humboldt,023,135768,8578,8416,448,8864,94
2021-10-06,Imperial,025,180216,32224,31930,3004,34934,760
2021-10-06,Inyo,027,18085,1876,1806,36,1842,39
2021-10-06,Kern,029,883053,121329,119491,19577,139068,1552
2021-10-06,Kings,031,150075,30393,29785,1731,31516,308
2021-10-06,Lake,033,64148,6396,6271,124,6395,97
2021-10-06,Lassen,035,31185,6556,6429,304,6733,25
2021-10-06,Los Angeles,037,10098052,1414558,1401675,52055,1453730,26252
2021-10-06,Madera,039,155013,21662,21230,1815,23045,269
2021-10-06,Marin,041,260295,17174,17042,415,17457,242
2021-10-06,Mariposa,043,17540,1092,1036,36,1072,5
2021-10-06,Mendocino,045,87422,7110,6986,415,7401,81
2021-10-06,Merced,047,269075,39984,39666,1611,41277,563
2021-10-06,Modoc,049,8938,492,477,171,648,5
2021-10-06,Mono,051,14174,1610,1568,19,1587,3
2021-10-06,Monterey,053,433212,47995,47136,2672,49808,577
2021-10-06,Napa,055,140530,12666,12552,97,12649,96
2021-10-06,Nevada,057,99092,8704,8582,300,8882,90
2021-10-06,Orange,059,3164182,301208,298785,14283,313068,5448
2021-10-06,Placer,061,380077,35352,34764,3374,38138,390
2021-10-06,Plumas,063,18699,1491,1383,25,1408,6
2021-10-06,Riverside,065,2383286,354090,349645,15919,365564,4953
2021-10-06,Sacramento,067,1510023,152478,151164,4048,155212,2141
2021-10-06,San Benito,069,59416,7140,7108,150,7258,69
2021-10-06,San Bernardino,071,2135413,345561,343022,10742,353764,5551
2021-10-06,San Diego,073,3302833,361888,359564,21282,380846,4104
2021-10-06,San Francisco,075,870044,51532,50894,2169,53063,641
2021-10-06,San Joaquin,077,732212,96498,95418,5127,100545,1658
2021-10-06,San Luis Obispo,079,281455,28590,28170,1156,29326,323
2021-10-06,San Mateo,081,765935,52911,52056,795,52851,569
2021-10-06,Santa Barbara,083,443738,43141,42687,1485,44172,513
2021-10-06,Santa Clara,085,1922200,143320,142124,1168,143292,1872
2021-10-06,Santa Cruz,087,273765,19858,19604,972,20576,217
2021-10-06,Shasta,089,179085,19771,19325,3272,22597,287
2021-10-06,Sierra,091,2930,156,138,15,153,0
2021-10-06,Siskiyou,093,43540,3220,3116,1172,4288,42
2021-10-06,Solano,095,438530,44934,44185,1178,45363,328
2021-10-06,Sonoma,097,501317,40099,39787,495,40282,383
2021-10-06,Stanislaus,099,539301,74872,74699,8365,83064,1114
2021-10-06,Sutter,101,95872,13367,13284,283,13567,164
2021-10-06,Tehama,103,63373,7818,7629,1299,8928,99
2021-10-06,Trinity,105,12862,801,656,199,855,11
2021-10-06,Tulare,107,460477,64693,63198,13442,76640,926
2021-10-06,Tuolumne,109,53932,6584,6486,81,6567,89
2021-10-06,Ventura,111,848112,96215,95449,4158,99607,1158
2021-10-06,Yolo,113,214977,19097,18815,921,19736,247
2021-10-06,Yuba,115,75493,9655,9520,228,9748,69
2021-10-05,Alameda,001,1643700,116387,115968,2618,118586,1350
2021-10-05,Alpine,003,1148,99,102,0,102,0
2021-10-05,Amador,005,37829,5274,5194,54,5248,61
2021-10-05,Butte,007,227075,19622,19137,3553,22690,246
2021-10-05,Calaveras,009,45235,3719,3657,42,3699,73
2021-10-05,Colusa,011,21464,2439,2414,563,2977,18
2021-10-05,Contra Costa,013,1133247,96816,96108,2011,98119,941
2021-10-05,Del Norte,015,27424,3575,3485,43,3528,39
2021-10-05,El Dorado,017,186661,15340,15052,1597,16649,140
2021-10-05,Fresno,019,978130,131968,129957,11812,141769,1987
2021-10-05,Glenn,021,27897,3324,3270,956,4226,26
2021-10-05,Humboldt,023,135768,8547,8398,444,8842,94
2021-10-05,Imperial,025,180216,32177,31909,2999,34908,759
2021-10-05,Inyo,027,18085,1859,1800,36,1836,39
2021-10-05,Kern,029,883053,121064,119260,19476,138736,1540
2021-10-05,Kings,031,150075,30318,29749,1726,31475,301
2021-10-05,Lake,033,64148,6375,6264,123,6387,97
2021-10-05,Lassen,035,31185,6537,6417,302,6719,25
2021-10-05,Los Angeles,037,10098052,1413415,1400300,52002,1452302,26223
2021-10-05,Madera,039,155013,21604,21183,1803,22986,269
2021-10-05,Marin,041,260295,17162,17024,415,17439,242
2021-10-05,Mariposa,043,17540,1073,1033,33,1066,5
2021-10-05,Mendocino,045,87422,7094,6972,408,7380,79
2021-10-05,Merced,047,269075,39918,39608,1603,41211,562
2021-10-05,Modoc,049,8938,488,475,170,645,5
2021-10-05,Mono,051,14174,1602,1565,19,1584,3
2021-10-05,Monterey,053,433212,47978,47087,2662,49749,573
2021-10-05,Napa,055,140530,12642,12533,97,12630,96
2021-10-05,Nevada,057,99092,8674,8576,300,8876,90
2021-10-05,Orange,059,3164182,300931,298589,14251,312840,5441
2021-10-05,Placer,061,380077,35272,34728,3367,38095,382
2021-10-05,Plumas,063,18699,1466,1357,25,1382,6
2021-10-05,Riverside,065,2383286,353731,349365,15904,365269,4942
2021-10-05,Sacramento,067,1510023,152204,151111,4020,155131,2126
2021-10-05,San Benito,069,59416,7122,7103,148,7251,69
2021-10-05,San Bernardino,071,2135413,345234,342711,10735,353446,5557
2021-10-05,San Diego,073,3302833,361313,359194,21255,380449,4092
2021-10-05,San Francisco,075,870044,51435,50826,2166,52992,641
2021-10-05,San Joaquin,077,732212,96345,95276,5101,100377,1651
2021-10-05,San Luis Obispo,079,281455,28546,28113,1154,29267,324
2021-10-05,San Mateo,081,765935,52864,52008,795,52803,569
2021-10-05,Santa Barbara,083,443738,43063,42595,1481,44076,511
2021-10-05,Santa Clara,085,1922200,143160,141971,1161,143132,1873
2021-10-05,Santa Cruz,087,273765,19816,19582,972,20554,216
2021-10-05,Shasta,089,179085,19697,19285,3259,22544,286
2021-10-05,Sierra,091,2930,152,136,15,151,0
2021-10-05,Siskiyou,093,43540,3206,3107,1172,4279,42
2021-10-05,Solano,095,438530,44863,44149,1177,45326,325
2021-10-05,Sonoma,097,501317,40044,39756,490,40246,383
2021-10-05,Stanislaus,099,539301,74710,74599,8348,82947,1114
2021-10-05,Sutter,101,95872,13339,13270,282,13552,164
2021-10-05,Tehama,103,63373,7788,7607,1290,8897,98
2021-10-05,Trinity,105,12862,798,655,199,854,11
2021-10-05,Tulare,107,460477,64486,63093,13389,76482,920
2021-10-05,Tuolumne,109,53932,6568,6473,80,6553,89
2021-10-05,Ventura,111,848112,96109,95351,4157,99508,1155
2021-10-05,Yolo,113,214977,19061,18782,915,19697,245
2021-10-05,Yuba,115,75493,9623,9504,225,9729,69
2021-10-04,Alameda,001,1643700,116226,115845,2615,118460,1347
2021-10-04,Alpine,003,1148,99,102,0,102,0
2021-10-04,Amador,005,37829,5264,5163,53,5216,61
2021-10-04,Butte,007,227075,19544,19081,3542,22623,245
2021-10-04,Calaveras,009,45235,3710,3641,42,3683,73
2021-10-04,Colusa,011,21464,2438,2414,561,2975,18
2021-10-04,Contra Costa,013,1133247,96674,95958,2006,97964,937
2021-10-04,Del Norte,015,27424,3573,3485,39,3524,39
2021-10-04,El Dorado,017,186661,15293,15031,1590,16621,138
2021-10-04,Fresno,019,978130,131658,129665,11782,141447,1978
2021-10-04,Glenn,021,27897,3317,3270,953,4223,26
2021-10-04,Humboldt,023,135768,8515,8355,437,8792,94
2021-10-04,Imperial,025,180216,32128,31866,2992,34858,757
2021-10-04,Inyo,027,18085,1847,1792,34,1826,39
2021-10-04,Kern,029,883053,120773,118984,19356,138340,1531
2021-10-04,Kings,031,150075,30225,29702,1723,31425,303
2021-10-04,Lake,033,64148,6362,6248,123,6371,97
2021-10-04,Lassen,035,31185,6520,6405,302,6707,25
2021-10-04,Los Angeles,037,10098052,1412296,1399604,51945,1451549,26186
2021-10-04,Madera,039,155013,21540,21126,1791,22917,266
2021-10-04,Marin,041,260295,17146,17008,414,17422,242
2021-10-04,Mariposa,043,17540,1061,1024,33,1057,5
2021-10-04,Mendocino,045,87422,7076,6947,405,7352,79
2021-10-04,Merced,047,269075,39801,39565,1587,41152,558
2021-10-04,Modoc,049,8938,485,473,170,643,5
2021-10-04,Mono,051,14174,1594,1561,19,1580,3
2021-10-04,Monterey,053,433212,47957,47058,2655,49713,571
2021-10-04,Napa,055,140530,12618,12506,97,12603,96
2021-10-04,Nevada,057,99092,8654,8563,300,8863,90
2021-10-04,Orange,059,3164182,300635,298165,14219,312384,5438
2021-10-04,Placer,061,380077,35190,34630,3340,37970,379
2021-10-04,Plumas,063,18699,1444,1329,25,1354,6
2021-10-04,Riverside,065,2383286,353351,348828,15894,364722,4923
2021-10-04,Sacramento,067,1510023,151879,150887,3993,154880,2115
2021-10-04,San Benito,069,59416,7109,7099,148,7247,69
2021-10-04,San Bernardino,071,2135413,344873,342418,10723,353141,5551
2021-10-04,San Diego,073,3302833,360747,358525,21224,379749,4090
2021-10-04,San Francisco,075,870044,51340,50798,2162,52960,638
2021-10-04,San Joaquin,077,732212,96149,95198,5081,100279,1649
2021-10-04,San Luis Obispo,079,281455,28501,28090,1148,29238,323
2021-10-04,San Mateo,081,765935,52804,51958,794,52752,569
2021-10-04,Santa Barbara,083,443738,42978,42585,1480,44065,511
2021-10-04,Santa Clara,085,1922200,143015,141840,1155,142995,1869
2021-10-04,Santa Cruz,087,273765,19787,19559,971,20530,216
2021-10-04,Shasta,089,179085,19590,19170,3245,22415,279
2021-10-04,Sierra,091,2930,145,136,14,150,0
2021-10-04,Siskiyou,093,43540,3197,3103,1157,4260,42
2021-10-04,Solano,095,438530,44804,44092,1173,45265,322
2021-10-04,Sonoma,097,501317,39978,39720,490,40210,381
2021-10-04,Stanislaus,099,539301,74559,74444,8329,82773,1106
2021-10-04,Sutter,101,95872,13310,13261,281,13542,164
2021-10-04,Tehama,103,63373,7747,7585,1284,8869,95
2021-10-04,Trinity,105,12862,797,649,198,847,11
2021-10-04,Tulare,107,460477,64300,62957,13321,76278,920
2021-10-04,Tuolumne,109,53932,6542,6442,80,6522,89
2021-10-04,Ventura,111,848112,96017,95170,4151,99321,1153
2021-10-04,Yolo,113,214977,19017,18761,911,19672,242
2021-10-04,Yuba,115,75493,9584,9481,223,9704,68
2021-10-03,Alameda,001,1643700,116082,115751,2605,118356,1349
2021-10-03,Alpine,003,1148,99,102,0,102,0
2021-10-03,Amador,005,37829,5246,5160,51,5211,61
2021-10-03,Butte,007,227075,19471,19066,3525,22591,245
2021-10-03,Calaveras,009,45235,3693,3632,42,3674,73
2021-10-03,Colusa,011,21464,2437,2413,558,2971,18
2021-10-03,Contra Costa,013,1133247,96542,95890,1999,97889,937
2021-10-03,Del Norte,015,27424,3567,3483,38,3521,39
2021-10-03,El Dorado,017,186661,15234,15014,1583,16597,139
2021-10-03,Fresno,019,978130,131277,129365,11741,141106,1978
2021-10-03,Glenn,021,27897,3310,3266,945,4211,26
2021-10-03,Humboldt,023,135768,8469,8352,433,8785,94
2021-10-03,Imperial,025,180216,32061,31844,2984,34828,757
2021-10-03,Inyo,027,18085,1826,1788,34,1822,39
2021-10-03,Kern,029,883053,120468,118851,19234,138085,1535
2021-10-03,Kings,031,150075,30126,29623,1716,31339,300
2021-10-03,Lake,033,64148,6336,6239,123,6362,97
2021-10-03,Lassen,035,31185,6498,6400,300,6700,25
2021-10-03,Los Angeles,037,10098052,1411034,1398790,51891,1450681,26179
2021-10-03,Madera,039,155013,21468,21066,1781,22847,266
2021-10-03,Marin,041,260295,17123,16995,409,17404,242
2021-10-03,Mariposa,043,17540,1054,1011,33,1044,5
2021-10-03,Mendocino,045,87422,7056,6939,397,7336,79
2021-10-03,Merced,047,269075,39694,39516,1567,41083,558
2021-10-03,Modoc,049,8938,484,472,169,641,5
2021-10-03,Mono,051,14174,1590,1554,19,1573,3
2021-10-03,Monterey,053,433212,47932,47049,2644,49693,571
2021-10-03,Napa,055,140530,12590,12489,95,12584,96
2021-10-03,Nevada,057,99092,8619,8545,300,8845,90
2021-10-03,Orange,059,3164182,300353,298027,14199,312226,5447
2021-10-03,Placer,061,380077,35052,34596,3324,37920,379
2021-10-03,Plumas,063,18699,1416,1328,25,1353,6
2021-10-03,Riverside,065,2383286,352920,348593,15874,364467,4924
2021-10-03,Sacramento,067,1510023,151590,150664,3964,154628,2120
2021-10-03,San Benito,069,59416,7100,7095,148,7243,69
2021-10-03,San Bernardino,071,2135413,344455,342302,10716,353018,5555
2021-10-03,San Diego,073,3302833,360167,358153,21192,379345,4081
2021-10-03,San Francisco,075,870044,51253,50733,2159,52892,638
2021-10-03,San Joaquin,077,732212,95960,95133,5073,100206,1649
2021-10-03,San Luis Obispo,079,281455,28434,28065,1143,29208,325
2021-10-03,San Mateo,081,765935,52737,51923,793,52716,569
2021-10-03,Santa Barbara,083,443738,42882,42550,1472,44022,511
2021-10-03,Santa Clara,085,1922200,142845,141737,1147,142884,1869
2021-10-03,Santa Cruz,087,273765,19747,19548,969,20517,216
2021-10-03,Shasta,089,179085,19485,19132,3217,22349,279
2021-10-03,Sierra,091,2930,142,136,14,150,0
2021-10-03,Siskiyou,093,43540,3184,3096,1147,4243,42
2021-10-03,Solano,095,438530,44740,44051,1170,45221,322
2021-10-03,Sonoma,097,501317,39912,39679,490,40169,381
2021-10-03,Stanislaus,099,539301,74371,74366,8311,82677,1106
2021-10-03,Sutter,101,95872,13295,13248,277,13525,164
2021-10-03,Tehama,103,63373,7704,7564,1279,8843,94
2021-10-03,Trinity,105,12862,793,647,196,843,11
2021-10-03,Tulare,107,460477,64097,62860,13249,76109,924
2021-10-03,Tuolumne,109,53932,6513,6430,78,6508,89
2021-10-03,Ventura,111,848112,95912,95108,4148,99256,1153
2021-10-03,Yolo,113,214977,18988,18720,903,19623,242
2021-10-03,Yuba,115,75493,9567,9462,222,9684,68
2021-10-02,Alameda,001,1643700,115974,115185,2600,117785,1343
2021-10-02,Alpine,003,1148,99,102,0,102,0
2021-10-02,Amador,005,37829,5237,5105,51,5156,61
2021-10-02,Butte,007,227075,19441,18911,3518,22429,243
2021-10-02,Calaveras,009,45235,3686,3585,42,3627,72
2021-10-02,Colusa,011,21464,2436,2403,556,2959,18
2021-10-02,Contra Costa,013,1133247,96471,95369,1995,97364,933
2021-10-02,Del Norte,015,27424,3562,3468,38,3506,39
2021-10-02,El Dorado,017,186661,15208,14887,1582,16469,136
2021-10-02,Fresno,019,978130,131106,128450,11728,140178,1964
2021-10-02,Glenn,021,27897,3305,3234,945,4179,26
2021-10-02,Humboldt,023,135768,8451,8244,433,8677,94
2021-10-02,Imperial,025,180216,32026,31674,2981,34655,757
2021-10-02,Inyo,027,18085,1817,1746,34,1780,39
2021-10-02,Kern,029,883053,120335,117962,19153,137115,1524
2021-10-02,Kings,031,150075,30077,29339,1712,31051,301
2021-10-02,Lake,033,64148,6327,6191,123,6314,97
2021-10-02,Lassen,035,31185,6493,6360,300,6660,25
2021-10-02,Los Angeles,037,10098052,1410423,1395070,51855,1446925,26126
2021-10-02,Madera,039,155013,21443,20931,1772,22703,266
2021-10-02,Marin,041,260295,17118,16936,406,17342,242
2021-10-02,Mariposa,043,17540,1052,967,33,1000,5
2021-10-02,Mendocino,045,87422,7046,6869,397,7266,78
2021-10-02,Merced,047,269075,39667,39196,1563,40759,552
2021-10-02,Modoc,049,8938,482,468,169,637,5
2021-10-02,Mono,051,14174,1588,1540,19,1559,3
2021-10-02,Monterey,053,433212,47877,46964,2643,49607,571
2021-10-02,Napa,055,140530,12579,12433,95,12528,96
2021-10-02,Nevada,057,99092,8608,8474,299,8773,87
2021-10-02,Orange,059,3164182,300188,297307,14179,311486,5435
2021-10-02,Placer,061,380077,34986,34377,3315,37692,381
2021-10-02,Plumas,063,18699,1405,1298,25,1323,6
2021-10-02,Riverside,065,2383286,352679,347227,15863,363090,4895
2021-10-02,Sacramento,067,1510023,151417,149897,3956,153853,2099
2021-10-02,San Benito,069,59416,7093,7055,148,7203,69
2021-10-02,San Bernardino,071,2135413,344268,341212,10664,351876,5540
2021-10-02,San Diego,073,3302833,359850,356454,21170,377624,4078
2021-10-02,San Francisco,075,870044,51204,50393,2154,52547,634
2021-10-02,San Joaquin,077,732212,95895,94599,5067,99666,1646
2021-10-02,San Luis Obispo,079,281455,28410,27915,1143,29058,323
2021-10-02,San Mateo,081,765935,52696,51767,789,52556,573
2021-10-02,Santa Barbara,083,443738,42842,42423,1472,43895,508
2021-10-02,Santa Clara,085,1922200,142731,141231,1143,142374,1862
2021-10-02,Santa Cruz,087,273765,19730,19461,968,20429,214
2021-10-02,Shasta,089,179085,19439,18912,3211,22123,270
2021-10-02,Sierra,091,2930,141,131,14,145,0
2021-10-02,Siskiyou,093,43540,3183,3053,1144,4197,42
2021-10-02,Solano,095,438530,44695,43800,1169,44969,321
2021-10-02,Sonoma,097,501317,39878,39497,489,39986,382
2021-10-02,Stanislaus,099,539301,74285,73859,8298,82157,1099
2021-10-02,Sutter,101,95872,13286,13160,276,13436,160
2021-10-02,Tehama,103,63373,7689,7453,1279,8732,93
2021-10-02,Trinity,105,12862,790,625,196,821,10
2021-10-02,Tulare,107,460477,64021,62247,13223,75470,908
2021-10-02,Tuolumne,109,53932,6499,6369,78,6447,89
2021-10-02,Ventura,111,848112,95840,94854,4143,98997,1148
2021-10-02,Yolo,113,214977,18963,18640,899,19539,242
2021-10-02,Yuba,115,75493,9548,9370,221,9591,66
2021-10-01,Alameda,001,1643700,115898,115185,2594,117779,1343
2021-10-01,Alpine,003,1148,99,102,0,102,0
2021-10-01,Amador,005,37829,5217,5105,51,5156,61
2021-10-01,Butte,007,227075,19400,18911,3511,22422,243
2021-10-01,Calaveras,009,45235,3676,3585,42,3627,72
2021-10-01,Colusa,011,21464,2434,2403,556,2959,18
2021-10-01,Contra Costa,013,1133247,96375,95369,1991,97360,933
2021-10-01,Del Norte,015,27424,3559,3468,37,3505,39
2021-10-01,El Dorado,017,186661,15191,14887,1578,16465,136
2021-10-01,Fresno,019,978130,130917,128450,11718,140168,1964
2021-10-01,Glenn,021,27897,3303,3234,944,4178,26
2021-10-01,Humboldt,023,135768,8434,8244,433,8677,94
2021-10-01,Imperial,025,180216,32007,31674,2972,34646,757
2021-10-01,Inyo,027,18085,1808,1746,34,1780,39
2021-10-01,Kern,029,883053,120182,117962,19097,137059,1524
2021-10-01,Kings,031,150075,30043,29339,1707,31046,301
2021-10-01,Lake,033,64148,6317,6191,123,6314,97
2021-10-01,Lassen,035,31185,6482,6360,299,6659,25
2021-10-01,Los Angeles,037,10098052,1409659,1395070,51811,1446881,26126
2021-10-01,Madera,039,155013,21393,20931,1763,22694,266
2021-10-01,Marin,041,260295,17103,16936,405,17341,242
2021-10-01,Mariposa,043,17540,1045,967,33,1000,5
2021-10-01,Mendocino,045,87422,7034,6869,397,7266,78
2021-10-01,Merced,047,269075,39623,39196,1554,40750,552
2021-10-01,Modoc,049,8938,481,468,169,637,5
2021-10-01,Mono,051,14174,1585,1540,19,1559,3
2021-10-01,Monterey,053,433212,47856,46964,2640,49604,571
2021-10-01,Napa,055,140530,12569,12433,94,12527,96
2021-10-01,Nevada,057,99092,8594,8474,298,8772,87
2021-10-01,Orange,059,3164182,300004,297307,14159,311466,5435
2021-10-01,Placer,061,380077,34952,34377,3311,37688,381
2021-10-01,Plumas,063,18699,1396,1298,25,1323,6
2021-10-01,Riverside,065,2383286,352386,347227,15856,363083,4895
2021-10-01,Sacramento,067,1510023,151265,149897,3945,153842,2099
2021-10-01,San Benito,069,59416,7091,7055,146,7201,69
2021-10-01,San Bernardino,071,2135413,344068,341212,10661,351873,5540
2021-10-01,San Diego,073,3302833,359490,356454,21149,377603,4078
2021-10-01,San Francisco,075,870044,51163,50393,2153,52546,634
2021-10-01,San Joaquin,077,732212,95825,94599,5063,99662,1646
2021-10-01,San Luis Obispo,079,281455,28386,27915,1140,29055,323
2021-10-01,San Mateo,081,765935,52656,51767,786,52553,573
2021-10-01,Santa Barbara,083,443738,42806,42423,1472,43895,508
2021-10-01,Santa Clara,085,1922200,142638,141231,1138,142369,1862
2021-10-01,Santa Cruz,087,273765,19710,19461,967,20428,214
2021-10-01,Shasta,089,179085,19385,18912,3204,22116,270
2021-10-01,Sierra,091,2930,141,131,14,145,0
2021-10-01,Siskiyou,093,43540,3182,3053,1141,4194,42
2021-10-01,Solano,095,438530,44643,43800,1163,44963,321
2021-10-01,Sonoma,097,501317,39846,39497,488,39985,382
2021-10-01,Stanislaus,099,539301,74201,73859,8287,82146,1099
2021-10-01,Sutter,101,95872,13270,13160,274,13434,160
2021-10-01,Tehama,103,63373,7677,7453,1277,8730,93
2021-10-01,Trinity,105,12862,788,625,196,821,10
2021-10-01,Tulare,107,460477,63918,62247,13188,75435,908
2021-10-01,Tuolumne,109,53932,6482,6369,78,6447,89
2021-10-01,Ventura,111,848112,95773,94854,4138,98992,1148
2021-10-01,Yolo,113,214977,18939,18640,897,19537,242
2021-10-01,Yuba,115,75493,9526,9370,221,9591,66
2021-09-30,Alameda,001,1643700,115753,115185,2590,117775,1343
2021-09-30,Alpine,003,1148,99,102,0,102,0
2021-09-30,Amador,005,37829,5205,5105,51,5156,61
2021-09-30,Butte,007,227075,19351,18911,3502,22413,243
2021-09-30,Calaveras,009,45235,3662,3585,42,3627,72
2021-09-30,Colusa,011,21464,2431,2403,555,2958,18
2021-09-30,Contra Costa,013,1133247,96270,95369,1986,97355,933
2021-09-30,Del Norte,015,27424,3555,3468,34,3502,39
2021-09-30,El Dorado,017,186661,15165,14887,1570,16457,136
2021-09-30,Fresno,019,978130,130642,128450,11684,140134,1964
2021-09-30,Glenn,021,27897,3293,3234,941,4175,26
2021-09-30,Humboldt,023,135768,8402,8244,427,8671,94
2021-09-30,Imperial,025,180216,31955,31674,2970,34644,757
2021-09-30,Inyo,027,18085,1798,1746,34,1780,39
2021-09-30,Kern,029,883053,119938,117962,19016,136978,1524
2021-09-30,Kings,031,150075,29953,29339,1703,31042,301
2021-09-30,Lake,033,64148,6299,6191,123,6314,97
2021-09-30,Lassen,035,31185,6468,6360,299,6659,25
2021-09-30,Los Angeles,037,10098052,1408451,1395070,51751,1446821,26126
2021-09-30,Madera,039,155013,21310,20931,1748,22679,266
2021-09-30,Marin,041,260295,17083,16936,404,17340,242
2021-09-30,Mariposa,043,17540,1023,967,33,1000,5
2021-09-30,Mendocino,045,87422,7025,6869,388,7257,78
2021-09-30,Merced,047,269075,39527,39196,1550,40746,552
2021-09-30,Modoc,049,8938,481,468,168,636,5
2021-09-30,Mono,051,14174,1577,1540,19,1559,3
2021-09-30,Monterey,053,433212,47826,46964,2629,49593,571
2021-09-30,Napa,055,140530,12549,12433,94,12527,96
2021-09-30,Nevada,057,99092,8577,8474,297,8771,87
2021-09-30,Orange,059,3164182,299732,297307,14121,311428,5435
2021-09-30,Placer,061,380077,34898,34377,3291,37668,381
2021-09-30,Plumas,063,18699,1378,1298,25,1323,6
2021-09-30,Riverside,065,2383286,351952,347227,15835,363062,4895
2021-09-30,Sacramento,067,1510023,151004,149897,3919,153816,2099
2021-09-30,San Benito,069,59416,7085,7055,146,7201,69
2021-09-30,San Bernardino,071,2135413,343755,341212,10647,351859,5540
2021-09-30,San Diego,073,3302833,359009,356454,21123,377577,4078
2021-09-30,San Francisco,075,870044,51086,50393,2149,52542,634
2021-09-30,San Joaquin,077,732212,95695,94599,5055,99654,1646
2021-09-30,San Luis Obispo,079,281455,28338,27915,1136,29051,323
2021-09-30,San Mateo,081,765935,52607,51767,783,52550,573
2021-09-30,Santa Barbara,083,443738,42749,42423,1471,43894,508
2021-09-30,Santa Clara,085,1922200,142488,141231,1135,142366,1862
2021-09-30,Santa Cruz,087,273765,19670,19461,966,20427,214
2021-09-30,Shasta,089,179085,19323,18912,3189,22101,270
2021-09-30,Sierra,091,2930,140,131,14,145,0
2021-09-30,Siskiyou,093,43540,3174,3053,1136,4189,42
2021-09-30,Solano,095,438530,44589,43800,1160,44960,321
2021-09-30,Sonoma,097,501317,39797,39497,488,39985,382
2021-09-30,Stanislaus,099,539301,74041,73859,8268,82127,1099
2021-09-30,Sutter,101,95872,13249,13160,274,13434,160
2021-09-30,Tehama,103,63373,7640,7453,1265,8718,93
2021-09-30,Trinity,105,12862,784,625,196,821,10
2021-09-30,Tulare,107,460477,63742,62247,13131,75378,908
2021-09-30,Tuolumne,109,53932,6459,6369,78,6447,89
2021-09-30,Ventura,111,848112,95668,94854,4131,98985,1148
2021-09-30,Yolo,113,214977,18899,18640,894,19534,242
2021-09-30,Yuba,115,75493,9503,9370,220,9590,66
2021-09-29,Alameda,001,1643700,115608,114998,2587,117585,1339
2021-09-29,Alpine,003,1148,99,101,0,101,0
2021-09-29,Amador,005,37829,5183,5058,51,5109,61
2021-09-29,Butte,007,227075,19297,18835,3495,22330,242
2021-09-29,Calaveras,009,45235,3645,3553,41,3594,72
2021-09-29,Colusa,011,21464,2429,2401,555,2956,18
2021-09-29,Contra Costa,013,1133247,96156,95213,1978,97191,929
2021-09-29,Del Norte,015,27424,3549,3467,34,3501,39
2021-09-29,El Dorado,017,186661,15131,14834,1563,16397,136
2021-09-29,Fresno,019,978130,130342,128068,11663,139731,1957
2021-09-29,Glenn,021,27897,3288,3213,939,4152,26
2021-09-29,Humboldt,023,135768,8379,8203,426,8629,94
2021-09-29,Imperial,025,180216,31890,31600,2965,34565,757
2021-09-29,Inyo,027,18085,1788,1740,33,1773,39
2021-09-29,Kern,029,883053,119703,117605,18940,136545,1513
2021-09-29,Kings,031,150075,29871,29195,1688,30883,299
2021-09-29,Lake,033,64148,6279,6164,123,6287,97
2021-09-29,Lassen,035,31185,6454,6347,299,6646,25
2021-09-29,Los Angeles,037,10098052,1407231,1393617,51682,1445299,26098
2021-09-29,Madera,039,155013,21266,20818,1732,22550,266
2021-09-29,Marin,041,260295,17065,16921,402,17323,242
2021-09-29,Mariposa,043,17540,1008,963,33,996,5
2021-09-29,Mendocino,045,87422,7013,6821,380,7201,78
2021-09-29,Merced,047,269075,39433,39026,1539,40565,552
2021-09-29,Modoc,049,8938,479,468,168,636,5
2021-09-29,Mono,051,14174,1575,1527,19,1546,3
2021-09-29,Monterey,053,433212,47788,46917,2615,49532,571
2021-09-29,Napa,055,140530,12529,12416,91,12507,96
2021-09-29,Nevada,057,99092,8564,8434,297,8731,87
2021-09-29,Orange,059,3164182,299464,296936,14085,311021,5429
2021-09-29,Placer,061,380077,34834,34271,3269,37540,379
2021-09-29,Plumas,063,18699,1359,1289,25,1314,6
2021-09-29,Riverside,065,2383286,351518,346558,15822,362380,4886
2021-09-29,Sacramento,067,1510023,150753,149686,3909,153595,2099
2021-09-29,San Benito,069,59416,7074,7039,146,7185,69
2021-09-29,San Bernardino,071,2135413,343435,340672,10632,351304,5539
2021-09-29,San Diego,073,3302833,358522,355899,21093,376992,4066
2021-09-29,San Francisco,075,870044,51002,50286,2145,52431,629
2021-09-29,San Joaquin,077,732212,95537,94356,5033,99389,1645
2021-09-29,San Luis Obispo,079,281455,28292,27800,1130,28930,323
2021-09-29,San Mateo,081,765935,52547,51673,781,52454,573
2021-09-29,Santa Barbara,083,443738,42677,42328,1468,43796,507
2021-09-29,Santa Clara,085,1922200,142353,141036,1129,142165,1861
2021-09-29,Santa Cruz,087,273765,19652,19425,965,20390,214
2021-09-29,Shasta,089,179085,19257,18805,3178,21983,271
2021-09-29,Sierra,091,2930,136,130,14,144,0
2021-09-29,Siskiyou,093,43540,3161,3043,1129,4172,42
2021-09-29,Solano,095,438530,44533,43724,1153,44877,321
2021-09-29,Sonoma,097,501317,39736,39426,486,39912,370
2021-09-29,Stanislaus,099,539301,73910,73634,8257,81891,1096
2021-09-29,Sutter,101,95872,13222,13135,271,13406,155
2021-09-29,Tehama,103,63373,7610,7409,1250,8659,88
2021-09-29,Trinity,105,12862,780,616,196,812,10
2021-09-29,Tulare,107,460477,63567,62046,13072,75118,908
2021-09-29,Tuolumne,109,53932,6442,6336,78,6414,89
2021-09-29,Ventura,111,848112,95578,94753,4127,98880,1144
2021-09-29,Yolo,113,214977,18866,18587,889,19476,239
2021-09-29,Yuba,115,75493,9472,9351,216,9567,66
2021-09-28,Alameda,001,1643700,115450,114869,2581,117450,1333
2021-09-28,Alpine,003,1148,99,101,0,101,0
2021-09-28,Amador,005,37829,5161,5049,51,5100,61
2021-09-28,Butte,007,227075,19248,18764,3480,22244,241
2021-09-28,Calaveras,009,45235,3625,3530,41,3571,72
2021-09-28,Colusa,011,21464,2426,2399,553,2952,18
2021-09-28,Contra Costa,013,1133247,96015,95115,1973,97088,929
2021-09-28,Del Norte,015,27424,3546,3462,34,3496,39
2021-09-28,El Dorado,017,186661,15085,14793,1559,16352,133
2021-09-28,Fresno,019,978130,129998,127877,11629,139506,1948
2021-09-28,Glenn,021,27897,3283,3205,938,4143,26
2021-09-28,Humboldt,023,135768,8339,8159,423,8582,91
2021-09-28,Imperial,025,180216,31845,31543,2961,34504,757
2021-09-28,Inyo,027,18085,1774,1708,32,1740,39
2021-09-28,Kern,029,883053,119434,117420,18845,136265,1506
2021-09-28,Kings,031,150075,29769,29141,1680,30821,295
2021-09-28,Lake,033,64148,6264,6155,123,6278,95
2021-09-28,Lassen,035,31185,6448,6340,295,6635,25
2021-09-28,Los Angeles,037,10098052,1405940,1392445,51616,1444061,26068
2021-09-28,Madera,039,155013,21212,20764,1717,22481,266
2021-09-28,Marin,041,260295,17046,16887,400,17287,242
2021-09-28,Mariposa,043,17540,1003,952,33,985,5
2021-09-28,Mendocino,045,87422,6991,6804,378,7182,78
2021-09-28,Merced,047,269075,39347,38953,1526,40479,551
2021-09-28,Modoc,049,8938,478,467,168,635,5
2021-09-28,Mono,051,14174,1565,1527,19,1546,3
2021-09-28,Monterey,053,433212,47751,46859,2606,49465,571
2021-09-28,Napa,055,140530,12512,12388,90,12478,96
2021-09-28,Nevada,057,99092,8541,8409,296,8705,84
2021-09-28,Orange,059,3164182,299210,296596,14056,310652,5421
2021-09-28,Placer,061,380077,34769,34187,3251,37438,370
2021-09-28,Plumas,063,18699,1350,1276,25,1301,6
2021-09-28,Riverside,065,2383286,351059,346096,15801,361897,4874
2021-09-28,Sacramento,067,1510023,150462,149310,3887,153197,2086
2021-09-28,San Benito,069,59416,7057,7028,145,7173,69
2021-09-28,San Bernardino,071,2135413,343088,340342,10614,350956,5540
2021-09-28,San Diego,073,3302833,357975,355373,21061,376434,4054
2021-09-28,San Francisco,075,870044,50901,50234,2144,52378,627
2021-09-28,San Joaquin,077,732212,95384,94194,5020,99214,1639
2021-09-28,San Luis Obispo,079,281455,28258,27755,1125,28880,321
2021-09-28,San Mateo,081,765935,52502,51620,781,52401,571
2021-09-28,Santa Barbara,083,443738,42604,42226,1467,43693,506
2021-09-28,Santa Clara,085,1922200,142192,140886,1120,142006,1858
2021-09-28,Santa Cruz,087,273765,19611,19324,964,20288,214
2021-09-28,Shasta,089,179085,19196,18701,3164,21865,267
2021-09-28,Sierra,091,2930,135,130,13,143,0
2021-09-28,Siskiyou,093,43540,3149,3032,1126,4158,42
2021-09-28,Solano,095,438530,44460,43652,1150,44802,316
2021-09-28,Sonoma,097,501317,39689,39395,485,39880,370
2021-09-28,Stanislaus,099,539301,73739,73528,8245,81773,1094
2021-09-28,Sutter,101,95872,13203,13102,267,13369,155
2021-09-28,Tehama,103,63373,7592,7382,1235,8617,88
2021-09-28,Trinity,105,12862,777,613,196,809,10
2021-09-28,Tulare,107,460477,63406,61916,13014,74930,905
2021-09-28,Tuolumne,109,53932,6415,6308,78,6386,89
2021-09-28,Ventura,111,848112,95452,94632,4124,98756,1143
2021-09-28,Yolo,113,214977,18840,18564,885,19449,239
2021-09-28,Yuba,115,75493,9453,9323,215,9538,66
2021-09-27,Alameda,001,1643700,115256,114731,2572,117303,1327
2021-09-27,Alpine,003,1148,99,101,0,101,0
2021-09-27,Amador,005,37829,5147,5017,51,5068,59
2021-09-27,Butte,007,227075,19188,18687,3463,22150,239
2021-09-27,Calaveras,009,45235,3605,3514,40,3554,70
2021-09-27,Colusa,011,21464,2425,2393,552,2945,18
2021-09-27,Contra Costa,013,1133247,95883,94979,1964,96943,924
2021-09-27,Del Norte,015,27424,3544,3468,32,3500,37
2021-09-27,El Dorado,017,186661,15046,14764,1552,16316,132
2021-09-27,Fresno,019,978130,129678,127475,11596,139071,1942
2021-09-27,Glenn,021,27897,3270,3189,934,4123,26
2021-09-27,Humboldt,023,135768,8299,8118,423,8541,91
2021-09-27,Imperial,025,180216,31782,31491,2954,34445,756
2021-09-27,Inyo,027,18085,1762,1698,32,1730,39
2021-09-27,Kern,029,883053,119159,117064,18750,135814,1503
2021-09-27,Kings,031,150075,29671,28998,1668,30666,297
2021-09-27,Lake,033,64148,6244,6126,122,6248,95
2021-09-27,Lassen,035,31185,6433,6327,291,6618,25
2021-09-27,Los Angeles,037,10098052,1404603,1391538,51548,1443086,26040
2021-09-27,Madera,039,155013,21147,20691,1709,22400,262
2021-09-27,Marin,041,260295,17025,16861,399,17260,242
2021-09-27,Mariposa,043,17540,993,931,33,964,5
2021-09-27,Mendocino,045,87422,6965,6761,371,7132,74
2021-09-27,Merced,047,269075,39247,38840,1520,40360,548
2021-09-27,Modoc,049,8938,477,465,166,631,5
2021-09-27,Mono,051,14174,1553,1525,19,1544,3
2021-09-27,Monterey,053,433212,47708,46811,2595,49406,571
2021-09-27,Napa,055,140530,12488,12354,89,12443,95
2021-09-27,Nevada,057,99092,8517,8379,293,8672,84
2021-09-27,Orange,059,3164182,298903,296334,14026,310360,5409
2021-09-27,Placer,061,380077,34682,34087,3246,37333,370
2021-09-27,Plumas,063,18699,1340,1269,25,1294,6
2021-09-27,Riverside,065,2383286,350617,345529,15791,361320,4864
2021-09-27,Sacramento,067,1510023,150146,149096,3865,152961,2076
2021-09-27,San Benito,069,59416,7040,7017,145,7162,67
2021-09-27,San Bernardino,071,2135413,342671,339952,10590,350542,5544
2021-09-27,San Diego,073,3302833,357323,354755,21036,375791,4054
2021-09-27,San Francisco,075,870044,50817,50157,2141,52298,622
2021-09-27,San Joaquin,077,732212,95199,94085,5017,99102,1633
2021-09-27,San Luis Obispo,079,281455,28203,27674,1122,28796,320
2021-09-27,San Mateo,081,765935,52426,51552,781,52333,571
2021-09-27,Santa Barbara,083,443738,42537,42012,1463,43475,505
2021-09-27,Santa Clara,085,1922200,142011,140802,1110,141912,1853
2021-09-27,Santa Cruz,087,273765,19587,19292,963,20255,214
2021-09-27,Shasta,089,179085,19116,18599,3137,21736,267
2021-09-27,Sierra,091,2930,135,128,13,141,0
2021-09-27,Siskiyou,093,43540,3137,3015,1121,4136,42
2021-09-27,Solano,095,438530,44385,43582,1144,44726,314
2021-09-27,Sonoma,097,501317,39635,39347,485,39832,370
2021-09-27,Stanislaus,099,539301,73585,73370,8225,81595,1091
2021-09-27,Sutter,101,95872,13172,13082,264,13346,155
2021-09-27,Tehama,103,63373,7552,7345,1226,8571,88
2021-09-27,Trinity,105,12862,766,605,195,800,9
2021-09-27,Tulare,107,460477,63207,61708,12943,74651,904
2021-09-27,Tuolumne,109,53932,6393,6264,78,6342,89
2021-09-27,Ventura,111,848112,95327,94477,4120,98597,1138
2021-09-27,Yolo,113,214977,18806,18524,884,19408,239
2021-09-27,Yuba,115,75493,9416,9292,211,9503,64
2021-09-26,Alameda,001,1643700,115061,114601,2565,117166,1326
2021-09-26,Alpine,003,1148,99,101,0,101,0
2021-09-26,Amador,005,37829,5115,5001,50,5051,59
2021-09-26,Butte,007,227075,19113,18634,3444,22078,238
2021-09-26,Calaveras,009,45235,3583,3505,40,3545,70
2021-09-26,Colusa,011,21464,2420,2392,550,2942,18
2021-09-26,Contra Costa,013,1133247,95708,94877,1951,96828,924
2021-09-26,Del Norte,015,27424,3539,3466,31,3497,37
2021-09-26,El Dorado,017,186661,15004,14738,1544,16282,132
2021-09-26,Fresno,019,978130,129321,127235,11550,138785,1939
2021-09-26,Glenn,021,27897,3262,3182,930,4112,26
2021-09-26,Humboldt,023,135768,8262,8098,422,8520,91
2021-09-26,Imperial,025,180216,31722,31462,2953,34415,756
2021-09-26,Inyo,027,18085,1747,1685,32,1717,39
2021-09-26,Kern,029,883053,118821,116927,18640,135567,1502
2021-09-26,Kings,031,150075,29570,28930,1657,30587,293
2021-09-26,Lake,033,64148,6227,6113,122,6235,95
2021-09-26,Lassen,035,31185,6423,6319,286,6605,25
2021-09-26,Los Angeles,037,10098052,1403113,1390577,51480,1442057,26035
2021-09-26,Madera,039,155013,21072,20629,1690,22319,262
2021-09-26,Marin,041,260295,17002,16860,399,17259,242
2021-09-26,Mariposa,043,17540,987,929,33,962,5
2021-09-26,Mendocino,045,87422,6931,6744,356,7100,74
2021-09-26,Merced,047,269075,39086,38717,1512,40229,548
2021-09-26,Modoc,049,8938,477,465,165,630,5
2021-09-26,Mono,051,14174,1549,1516,19,1535,3
2021-09-26,Monterey,053,433212,47661,46792,2582,49374,571
2021-09-26,Napa,055,140530,12464,12340,88,12428,95
2021-09-26,Nevada,057,99092,8486,8356,288,8644,84
2021-09-26,Orange,059,3164182,298563,296085,13993,310078,5409
2021-09-26,Placer,061,380077,34588,34043,3237,37280,370
2021-09-26,Plumas,063,18699,1322,1268,25,1293,6
2021-09-26,Riverside,065,2383286,350085,345257,15777,361034,4864
2021-09-26,Sacramento,067,1510023,149740,148745,3846,152591,2071
2021-09-26,San Benito,069,59416,7023,7012,144,7156,67
2021-09-26,San Bernardino,071,2135413,342213,339771,10576,350347,5545
2021-09-26,San Diego,073,3302833,356701,354414,20995,375409,4051
2021-09-26,San Francisco,075,870044,50691,50092,2132,52224,622
2021-09-26,San Joaquin,077,732212,94995,93935,5003,98938,1633
2021-09-26,San Luis Obispo,079,281455,28129,27624,1117,28741,319
2021-09-26,San Mateo,081,765935,52357,51496,779,52275,571
2021-09-26,Santa Barbara,083,443738,42451,41946,1460,43406,505
2021-09-26,Santa Clara,085,1922200,141810,140667,1107,141774,1852
2021-09-26,Santa Cruz,087,273765,19562,19279,963,20242,214
2021-09-26,Shasta,089,179085,19007,18566,3114,21680,266
2021-09-26,Sierra,091,2930,135,128,13,141,0
2021-09-26,Siskiyou,093,43540,3123,2998,1111,4109,42
2021-09-26,Solano,095,438530,44318,43537,1143,44680,314
2021-09-26,Sonoma,097,501317,39576,39302,485,39787,370
2021-09-26,Stanislaus,099,539301,73385,73243,8197,81440,1091
2021-09-26,Sutter,101,95872,13135,13045,263,13308,155
2021-09-26,Tehama,103,63373,7495,7323,1215,8538,88
2021-09-26,Trinity,105,12862,763,591,195,786,9
2021-09-26,Tulare,107,460477,62986,61560,12866,74426,904
2021-09-26,Tuolumne,109,53932,6365,6236,76,6312,89
2021-09-26,Ventura,111,848112,95213,94391,4113,98504,1138
2021-09-26,Yolo,113,214977,18769,18496,876,19372,239
2021-09-26,Yuba,115,75493,9389,9275,211,9486,64
2021-09-25,Alameda,001,1643700,114982,114014,2562,116576,1324
2021-09-25,Alpine,003,1148,99,101,0,101,0
2021-09-25,Amador,005,37829,5101,4934,50,4984,59
2021-09-25,Butte,007,227075,19084,18396,3436,21832,236
2021-09-25,Calaveras,009,45235,3580,3461,40,3501,70
2021-09-25,Colusa,011,21464,2417,2387,548,2935,16
2021-09-25,Contra Costa,013,1133247,95637,94337,1947,96284,924
2021-09-25,Del Norte,015,27424,3538,3404,31,3435,35
2021-09-25,El Dorado,017,186661,14981,14641,1540,16181,130
2021-09-25,Fresno,019,978130,129176,126299,11534,137833,1927
2021-09-25,Glenn,021,27897,3257,3144,929,4073,25
2021-09-25,Humboldt,023,135768,8243,8014,420,8434,88
2021-09-25,Imperial,025,180216,31695,31280,2953,34233,755
2021-09-25,Inyo,027,18085,1739,1657,32,1689,39
2021-09-25,Kern,029,883053,118666,116021,18573,134594,1485
2021-09-25,Kings,031,150075,29519,28636,1654,30290,293
2021-09-25,Lake,033,64148,6222,6046,120,6166,92
2021-09-25,Lassen,035,31185,6411,6248,285,6533,25
2021-09-25,Los Angeles,037,10098052,1402403,1386417,51439,1437856,25964
2021-09-25,Madera,039,155013,21047,20432,1684,22116,262
2021-09-25,Marin,041,260295,16993,16802,397,17199,242
2021-09-25,Mariposa,043,17540,982,906,33,939,5
2021-09-25,Mendocino,045,87422,6912,6657,355,7012,74
2021-09-25,Merced,047,269075,39040,38393,1510,39903,546
2021-09-25,Modoc,049,8938,477,460,165,625,5
2021-09-25,Mono,051,14174,1546,1501,19,1520,3
2021-09-25,Monterey,053,433212,47631,46653,2580,49233,567
2021-09-25,Napa,055,140530,12444,12266,88,12354,95
2021-09-25,Nevada,057,99092,8469,8285,288,8573,84
2021-09-25,Orange,059,3164182,298390,294514,13976,308490,5374
2021-09-25,Placer,061,380077,34524,33764,3235,36999,367
2021-09-25,Plumas,063,18699,1318,1238,25,1263,6
2021-09-25,Riverside,065,2383286,349762,343463,15769,359232,4843
2021-09-25,Sacramento,067,1510023,149565,147728,3838,151566,2049
2021-09-25,San Benito,069,59416,7018,6965,144,7109,67
2021-09-25,San Bernardino,071,2135413,341975,338413,10563,348976,5540
2021-09-25,San Diego,073,3302833,356356,352017,20969,372986,4039
2021-09-25,San Francisco,075,870044,50647,49840,2131,51971,615
2021-09-25,San Joaquin,077,732212,94909,93273,5001,98274,1628
2021-09-25,San Luis Obispo,079,281455,28091,27447,1113,28560,318
2021-09-25,San Mateo,081,765935,52293,51266,777,52043,568
2021-09-25,Santa Barbara,083,443738,42393,41728,1460,43188,505
2021-09-25,Santa Clara,085,1922200,141704,140023,1105,141128,1844
2021-09-25,Santa Cruz,087,273765,19546,19200,961,20161,214
2021-09-25,Shasta,089,179085,18956,18256,3105,21361,262
2021-09-25,Sierra,091,2930,134,127,13,140,0
2021-09-25,Siskiyou,093,43540,3116,2956,1101,4057,41
2021-09-25,Solano,095,438530,44277,43331,1140,44471,312
2021-09-25,Sonoma,097,501317,39535,39112,485,39597,369
2021-09-25,Stanislaus,099,539301,73275,72628,8183,80811,1091
2021-09-25,Sutter,101,95872,13117,12976,260,13236,154
2021-09-25,Tehama,103,63373,7479,7200,1213,8413,86
2021-09-25,Trinity,105,12862,763,576,195,771,9
2021-09-25,Tulare,107,460477,62904,60909,12823,73732,898
2021-09-25,Tuolumne,109,53932,6353,6168,76,6244,89
2021-09-25,Ventura,111,848112,95146,94059,4109,98168,1129
2021-09-25,Yolo,113,214977,18747,18393,875,19268,239
2021-09-25,Yuba,115,75493,9369,9191,211,9402,61
2021-09-24,Alameda,001,1643700,114877,114014,2558,116572,1324
2021-09-24,Alpine,003,1148,99,101,0,101,0
2021-09-24,Amador,005,37829,5071,4934,50,4984,59
2021-09-24,Butte,007,227075,19031,18396,3425,21821,236
2021-09-24,Calaveras,009,45235,3573,3461,39,3500,70
2021-09-24,Colusa,011,21464,2414,2387,547,2934,16
2021-09-24,Contra Costa,013,1133247,95527,94337,1943,96280,924
2021-09-24,Del Norte,015,27424,3535,3404,31,3435,35
2021-09-24,El Dorado,017,186661,14963,14641,1538,16179,130
2021-09-24,Fresno,019,978130,128978,126299,11522,137821,1927
2021-09-24,Glenn,021,27897,3249,3144,929,4073,25
2021-09-24,Humboldt,023,135768,8224,8014,417,8431,88
2021-09-24,Imperial,025,180216,31657,31280,2951,34231,755
2021-09-24,Inyo,027,18085,1730,1657,32,1689,39
2021-09-24,Kern,029,883053,118530,116021,18507,134528,1485
2021-09-24,Kings,031,150075,29478,28636,1650,30286,293
2021-09-24,Lake,033,64148,6214,6046,120,6166,92
2021-09-24,Lassen,035,31185,6403,6248,284,6532,25
2021-09-24,Los Angeles,037,10098052,1401516,1386417,51398,1437815,25964
2021-09-24,Madera,039,155013,21016,20432,1675,22107,262
2021-09-24,Marin,041,260295,16979,16802,396,17198,242
2021-09-24,Mariposa,043,17540,970,906,33,939,5
2021-09-24,Mendocino,045,87422,6899,6657,355,7012,74
2021-09-24,Merced,047,269075,38996,38393,1510,39903,546
2021-09-24,Modoc,049,8938,477,460,164,624,5
2021-09-24,Mono,051,14174,1541,1501,19,1520,3
2021-09-24,Monterey,053,433212,47610,46653,2572,49225,567
2021-09-24,Napa,055,140530,12425,12266,88,12354,95
2021-09-24,Nevada,057,99092,8455,8285,285,8570,84
2021-09-24,Orange,059,3164182,298183,294514,13958,308472,5374
2021-09-24,Placer,061,380077,34469,33764,3223,36987,367
2021-09-24,Plumas,063,18699,1314,1238,25,1263,6
2021-09-24,Riverside,065,2383286,349428,343463,15762,359225,4843
2021-09-24,Sacramento,067,1510023,149379,147728,3834,151562,2049
2021-09-24,San Benito,069,59416,7012,6965,144,7109,67
2021-09-24,San Bernardino,071,2135413,341706,338413,10553,348966,5540
2021-09-24,San Diego,073,3302833,356005,352017,20954,372971,4039
2021-09-24,San Francisco,075,870044,50583,49840,2124,51964,615
2021-09-24,San Joaquin,077,732212,94796,93273,4999,98272,1628
2021-09-24,San Luis Obispo,079,281455,28060,27447,1108,28555,318
2021-09-24,San Mateo,081,765935,52233,51266,776,52042,568
2021-09-24,Santa Barbara,083,443738,42353,41728,1459,43187,505
2021-09-24,Santa Clara,085,1922200,141592,140023,1104,141127,1844
2021-09-24,Santa Cruz,087,273765,19523,19200,960,20160,214
2021-09-24,Shasta,089,179085,18902,18256,3091,21347,262
2021-09-24,Sierra,091,2930,133,127,13,140,0
2021-09-24,Siskiyou,093,43540,3107,2956,1095,4051,41
2021-09-24,Solano,095,438530,44240,43331,1138,44469,312
2021-09-24,Sonoma,097,501317,39502,39112,485,39597,369
2021-09-24,Stanislaus,099,539301,73159,72628,8168,80796,1091
2021-09-24,Sutter,101,95872,13098,12976,259,13235,154
2021-09-24,Tehama,103,63373,7467,7200,1208,8408,86
2021-09-24,Trinity,105,12862,760,576,195,771,9
2021-09-24,Tulare,107,460477,62814,60909,12781,73690,898
2021-09-24,Tuolumne,109,53932,6324,6168,76,6244,89
2021-09-24,Ventura,111,848112,95068,94059,4102,98161,1129
2021-09-24,Yolo,113,214977,18716,18393,871,19264,239
2021-09-24,Yuba,115,75493,9350,9191,211,9402,61
2021-09-23,Alameda,001,1643700,114720,114014,2552,116566,1324
2021-09-23,Alpine,003,1148,99,101,0,101,0
2021-09-23,Amador,005,37829,5058,4934,50,4984,59
2021-09-23,Butte,007,227075,18969,18396,3400,21796,236
2021-09-23,Calaveras,009,45235,3552,3461,39,3500,70
2021-09-23,Colusa,011,21464,2412,2387,544,2931,16
2021-09-23,Contra Costa,013,1133247,95386,94337,1936,96273,924
2021-09-23,Del Norte,015,27424,3526,3404,30,3434,35
2021-09-23,El Dorado,017,186661,14937,14641,1532,16173,130
2021-09-23,Fresno,019,978130,128681,126299,11503,137802,1927
2021-09-23,Glenn,021,27897,3235,3144,926,4070,25
2021-09-23,Humboldt,023,135768,8200,8014,415,8429,88
2021-09-23,Imperial,025,180216,31621,31280,2951,34231,755
2021-09-23,Inyo,027,18085,1716,1657,32,1689,39
2021-09-23,Kern,029,883053,118272,116021,18427,134448,1485
2021-09-23,Kings,031,150075,29374,28636,1641,30277,293
2021-09-23,Lake,033,64148,6204,6046,120,6166,92
2021-09-23,Lassen,035,31185,6394,6248,279,6527,25
2021-09-23,Los Angeles,037,10098052,1400319,1386417,51334,1437751,25964
2021-09-23,Madera,039,155013,20932,20432,1671,22103,262
2021-09-23,Marin,041,260295,16964,16802,393,17195,242
2021-09-23,Mariposa,043,17540,957,906,33,939,5
2021-09-23,Mendocino,045,87422,6876,6657,350,7007,74
2021-09-23,Merced,047,269075,38892,38393,1503,39896,546
2021-09-23,Modoc,049,8938,476,460,164,624,5
2021-09-23,Mono,051,14174,1538,1501,19,1520,3
2021-09-23,Monterey,053,433212,47561,46653,2561,49214,567
2021-09-23,Napa,055,140530,12408,12266,88,12354,95
2021-09-23,Nevada,057,99092,8428,8285,285,8570,84
2021-09-23,Orange,059,3164182,297886,294514,13934,308448,5374
2021-09-23,Placer,061,380077,34393,33764,3217,36981,367
2021-09-23,Plumas,063,18699,1297,1238,24,1262,6
2021-09-23,Riverside,065,2383286,348975,343463,15755,359218,4843
2021-09-23,Sacramento,067,1510023,149056,147728,3815,151543,2049
2021-09-23,San Benito,069,59416,7001,6965,144,7109,67
2021-09-23,San Bernardino,071,2135413,341340,338413,10538,348951,5540
2021-09-23,San Diego,073,3302833,355549,352017,20915,372932,4039
2021-09-23,San Francisco,075,870044,50510,49840,2122,51962,615
2021-09-23,San Joaquin,077,732212,94623,93273,4984,98257,1628
2021-09-23,San Luis Obispo,079,281455,28017,27447,1106,28553,318
2021-09-23,San Mateo,081,765935,52158,51266,775,52041,568
2021-09-23,Santa Barbara,083,443738,42275,41728,1456,43184,505
2021-09-23,Santa Clara,085,1922200,141440,140023,1097,141120,1844
2021-09-23,Santa Cruz,087,273765,19492,19200,960,20160,214
2021-09-23,Shasta,089,179085,18822,18256,3074,21330,262
2021-09-23,Sierra,091,2930,133,127,13,140,0
2021-09-23,Siskiyou,093,43540,3103,2956,1084,4040,41
2021-09-23,Solano,095,438530,44172,43331,1135,44466,312
2021-09-23,Sonoma,097,501317,39443,39112,482,39594,369
2021-09-23,Stanislaus,099,539301,73002,72628,8136,80764,1091
2021-09-23,Sutter,101,95872,13069,12976,259,13235,154
2021-09-23,Tehama,103,63373,7426,7200,1203,8403,86
2021-09-23,Trinity,105,12862,746,576,194,770,9
2021-09-23,Tulare,107,460477,62637,60909,12727,73636,898
2021-09-23,Tuolumne,109,53932,6299,6168,75,6243,89
2021-09-23,Ventura,111,848112,94964,94059,4095,98154,1129
2021-09-23,Yolo,113,214977,18685,18393,866,19259,239
2021-09-23,Yuba,115,75493,9321,9191,210,9401,61
2021-09-22,Alameda,001,1643700,114565,113862,2548,116410,1322
2021-09-22,Alpine,003,1148,99,100,0,100,0
2021-09-22,Amador,005,37829,5042,4915,50,4965,59
2021-09-22,Butte,007,227075,18908,18337,3382,21719,235
2021-09-22,Calaveras,009,45235,3536,3448,39,3487,70
2021-09-22,Colusa,011,21464,2407,2384,543,2927,16
2021-09-22,Contra Costa,013,1133247,95199,94209,1927,96136,924
2021-09-22,Del Norte,015,27424,3515,3386,29,3415,35
2021-09-22,El Dorado,017,186661,14901,14605,1526,16131,127
2021-09-22,Fresno,019,978130,128425,126006,11488,137494,1908
2021-09-22,Glenn,021,27897,3228,3138,925,4063,25
2021-09-22,Humboldt,023,135768,8178,7998,407,8405,80
2021-09-22,Imperial,025,180216,31569,31243,2944,34187,755
2021-09-22,Inyo,027,18085,1706,1651,32,1683,39
2021-09-22,Kern,029,883053,118030,115757,18305,134062,1477
2021-09-22,Kings,031,150075,29289,28589,1635,30224,292
2021-09-22,Lake,033,64148,6192,6035,120,6155,93
2021-09-22,Lassen,035,31185,6374,6209,275,6484,25
2021-09-22,Los Angeles,037,10098052,1398996,1384719,51279,1435998,25930
2021-09-22,Madera,039,155013,20875,20382,1661,22043,262
2021-09-22,Marin,041,260295,16953,16782,390,17172,242
2021-09-22,Mariposa,043,17540,951,901,33,934,5
2021-09-22,Mendocino,045,87422,6850,6624,344,6968,70
2021-09-22,Merced,047,269075,38759,38305,1501,39806,541
2021-09-22,Modoc,049,8938,473,458,164,622,5
2021-09-22,Mono,051,14174,1529,1496,18,1514,3
2021-09-22,Monterey,053,433212,47510,46615,2554,49169,566
2021-09-22,Napa,055,140530,12385,12248,87,12335,95
2021-09-22,Nevada,057,99092,8405,8273,282,8555,84
2021-09-22,Orange,059,3164182,297610,294214,13917,308131,5366
2021-09-22,Placer,061,380077,34305,33661,3204,36865,367
2021-09-22,Plumas,063,18699,1284,1230,24,1254,6
2021-09-22,Riverside,065,2383286,348440,342946,15730,358676,4830
2021-09-22,Sacramento,067,1510023,148751,147533,3786,151319,2043
2021-09-22,San Benito,069,59416,6990,6961,142,7103,67
2021-09-22,San Bernardino,071,2135413,340946,337938,10529,348467,5528
2021-09-22,San Diego,073,3302833,355098,351132,20891,372023,4027
2021-09-22,San Francisco,075,870044,50425,49734,2117,51851,610
2021-09-22,San Joaquin,077,732212,94391,93010,4960,97970,1626
2021-09-22,San Luis Obispo,079,281455,27967,27398,1102,28500,315
2021-09-22,San Mateo,081,765935,52085,51197,771,51968,568
2021-09-22,Santa Barbara,083,443738,42212,41678,1455,43133,504
2021-09-22,Santa Clara,085,1922200,141277,139803,1090,140893,1844
2021-09-22,Santa Cruz,087,273765,19454,19177,959,20136,214
2021-09-22,Shasta,089,179085,18732,18153,3063,21216,260
2021-09-22,Sierra,091,2930,133,127,13,140,0
2021-09-22,Siskiyou,093,43540,3086,2947,1074,4021,41
2021-09-22,Solano,095,438530,44107,43269,1134,44403,312
2021-09-22,Sonoma,097,501317,39390,39063,481,39544,369
2021-09-22,Stanislaus,099,539301,72837,72355,8117,80472,1091
2021-09-22,Sutter,101,95872,13049,12960,256,13216,153
2021-09-22,Tehama,103,63373,7399,7173,1200,8373,86
2021-09-22,Trinity,105,12862,745,572,194,766,9
2021-09-22,Tulare,107,460477,62426,60776,12658,73434,896
2021-09-22,Tuolumne,109,53932,6278,6155,74,6229,89
2021-09-22,Ventura,111,848112,94859,93978,4090,98068,1122
2021-09-22,Yolo,113,214977,18646,18342,859,19201,239
2021-09-22,Yuba,115,75493,9292,9169,205,9374,61
2021-09-21,Alameda,001,1643700,114412,113765,2548,116313,1321
2021-09-21,Alpine,003,1148,99,100,0,100,0
2021-09-21,Amador,005,37829,5020,4897,50,4947,59
2021-09-21,Butte,007,227075,18812,18229,3342,21571,232
2021-09-21,Calaveras,009,45235,3519,3437,39,3476,70
2021-09-21,Colusa,011,21464,2404,2378,542,2920,16
2021-09-21,Contra Costa,013,1133247,95005,94101,1913,96014,924
2021-09-21,Del Norte,015,27424,3503,3378,29,3407,34
2021-09-21,El Dorado,017,186661,14871,14578,1519,16097,127
2021-09-21,Fresno,019,978130,128074,125789,11461,137250,1892
2021-09-21,Glenn,021,27897,3221,3134,921,4055,25
2021-09-21,Humboldt,023,135768,8146,7955,402,8357,80
2021-09-21,Imperial,025,180216,31513,31185,2942,34127,755
2021-09-21,Inyo,027,18085,1696,1646,32,1678,39
2021-09-21,Kern,029,883053,117737,115534,18192,133726,1467
2021-09-21,Kings,031,150075,29201,28545,1627,30172,291
2021-09-21,Lake,033,64148,6169,6013,120,6133,90
2021-09-21,Lassen,035,31185,6356,6159,271,6430,25
2021-09-21,Los Angeles,037,10098052,1397541,1383277,51224,1434501,25893
2021-09-21,Madera,039,155013,20815,20317,1651,21968,262
2021-09-21,Marin,041,260295,16938,16748,389,17137,242
2021-09-21,Mariposa,043,17540,946,894,32,926,5
2021-09-21,Mendocino,045,87422,6812,6580,333,6913,68
2021-09-21,Merced,047,269075,38637,38225,1497,39722,539
2021-09-21,Modoc,049,8938,470,458,164,622,5
2021-09-21,Mono,051,14174,1527,1495,17,1512,3
2021-09-21,Monterey,053,433212,47442,46583,2542,49125,565
2021-09-21,Napa,055,140530,12364,12238,87,12325,95
2021-09-21,Nevada,057,99092,8378,8259,274,8533,84
2021-09-21,Orange,059,3164182,297278,293898,13887,307785,5357
2021-09-21,Placer,061,380077,34204,33609,3193,36802,365
2021-09-21,Plumas,063,18699,1277,1225,24,1249,5
2021-09-21,Riverside,065,2383286,347881,342460,15706,358166,4817
2021-09-21,Sacramento,067,1510023,148370,147378,3758,151136,2027
2021-09-21,San Benito,069,59416,6979,6950,141,7091,67
2021-09-21,San Bernardino,071,2135413,340506,337387,10512,347899,5520
2021-09-21,San Diego,073,3302833,354492,350265,20865,371130,4021
2021-09-21,San Francisco,075,870044,50328,49653,2113,51766,609
2021-09-21,San Joaquin,077,732212,94157,92762,4949,97711,1621
2021-09-21,San Luis Obispo,079,281455,27908,27318,1098,28416,314
2021-09-21,San Mateo,081,765935,52016,51136,771,51907,568
2021-09-21,Santa Barbara,083,443738,42143,41644,1451,43095,503
2021-09-21,Santa Clara,085,1922200,141060,139657,1086,140743,1843
2021-09-21,Santa Cruz,087,273765,19424,19140,958,20098,212
2021-09-21,Shasta,089,179085,18604,18027,3039,21066,258
2021-09-21,Sierra,091,2930,133,127,13,140,0
2021-09-21,Siskiyou,093,43540,3072,2927,1060,3987,36
2021-09-21,Solano,095,438530,44031,43220,1134,44354,311
2021-09-21,Sonoma,097,501317,39337,39042,481,39523,369
2021-09-21,Stanislaus,099,539301,72653,72211,8097,80308,1091
2021-09-21,Sutter,101,95872,13026,12930,253,13183,153
2021-09-21,Tehama,103,63373,7353,7151,1196,8347,85
2021-09-21,Trinity,105,12862,734,572,192,764,9
2021-09-21,Tulare,107,460477,62211,60607,12597,73204,896
2021-09-21,Tuolumne,109,53932,6245,6139,74,6213,89
2021-09-21,Ventura,111,848112,94754,93818,4082,97900,1120
2021-09-21,Yolo,113,214977,18610,18313,856,19169,239
2021-09-21,Yuba,115,75493,9264,9135,205,9340,61
2021-09-20,Alameda,001,1643700,114231,113637,2544,116181,1320
2021-09-20,Alpine,003,1148,99,100,0,100,0
2021-09-20,Amador,005,37829,5002,4883,49,4932,59
2021-09-20,Butte,007,227075,18730,18135,3327,21462,231
2021-09-20,Calaveras,009,45235,3497,3395,38,3433,66
2021-09-20,Colusa,011,21464,2402,2376,539,2915,16
2021-09-20,Contra Costa,013,1133247,94855,93919,1907,95826,924
2021-09-20,Del Norte,015,27424,3495,3374,28,3402,34
2021-09-20,El Dorado,017,186661,14838,14545,1507,16052,127
2021-09-20,Fresno,019,978130,127661,125287,11435,136722,1889
2021-09-20,Glenn,021,27897,3210,3112,918,4030,25
2021-09-20,Humboldt,023,135768,8111,7938,397,8335,80
2021-09-20,Imperial,025,180216,31430,31146,2941,34087,755
2021-09-20,Inyo,027,18085,1688,1641,31,1672,39
2021-09-20,Kern,029,883053,117398,115271,18061,133332,1459
2021-09-20,Kings,031,150075,29114,28471,1621,30092,285
2021-09-20,Lake,033,64148,6154,5984,119,6103,87
2021-09-20,Lassen,035,31185,6326,6132,271,6403,25
2021-09-20,Los Angeles,037,10098052,1396017,1382206,51144,1433350,25858
2021-09-20,Madera,039,155013,20762,20203,1644,21847,257
2021-09-20,Marin,041,260295,16913,16732,387,17119,242
2021-09-20,Mariposa,043,17540,935,887,32,919,5
2021-09-20,Mendocino,045,87422,6778,6568,328,6896,67
2021-09-20,Merced,047,269075,38526,38144,1486,39630,536
2021-09-20,Modoc,049,8938,469,457,162,619,5
2021-09-20,Mono,051,14174,1521,1480,17,1497,3
2021-09-20,Monterey,053,433212,47400,46506,2524,49030,565
2021-09-20,Napa,055,140530,12339,12209,86,12295,95
2021-09-20,Nevada,057,99092,8358,8228,272,8500,84
2021-09-20,Orange,059,3164182,296935,293642,13860,307502,5354
2021-09-20,Placer,061,380077,34114,33531,3178,36709,364
2021-09-20,Plumas,063,18699,1272,1211,24,1235,5
2021-09-20,Riverside,065,2383286,347381,341961,15693,357654,4802
2021-09-20,Sacramento,067,1510023,147997,147016,3725,150741,2016
2021-09-20,San Benito,069,59416,6970,6947,140,7087,67
2021-09-20,San Bernardino,071,2135413,340104,337059,10496,347555,5507
2021-09-20,San Diego,073,3302833,353820,349579,20828,370407,4009
2021-09-20,San Francisco,075,870044,50221,49559,2112,51671,605
2021-09-20,San Joaquin,077,732212,93914,92614,4936,97550,1615
2021-09-20,San Luis Obispo,079,281455,27832,27259,1090,28349,313
2021-09-20,San Mateo,081,765935,51929,51100,768,51868,567
2021-09-20,Santa Barbara,083,443738,42044,41589,1447,43036,500
2021-09-20,Santa Clara,085,1922200,140860,139578,1084,140662,1841
2021-09-20,Santa Cruz,087,273765,19392,19121,958,20079,211
2021-09-20,Shasta,089,179085,18505,17893,3009,20902,258
2021-09-20,Sierra,091,2930,131,126,13,139,0
2021-09-20,Siskiyou,093,43540,3050,2902,1047,3949,35
2021-09-20,Solano,095,438530,43963,43152,1126,44278,312
2021-09-20,Sonoma,097,501317,39291,38991,481,39472,369
2021-09-20,Stanislaus,099,539301,72454,72031,8078,80109,1091
2021-09-20,Sutter,101,95872,12990,12896,248,13144,153
2021-09-20,Tehama,103,63373,7321,7121,1184,8305,84
2021-09-20,Trinity,105,12862,728,568,191,759,7
2021-09-20,Tulare,107,460477,62009,60302,12544,72846,896
2021-09-20,Tuolumne,109,53932,6219,6113,74,6187,89
2021-09-20,Ventura,111,848112,94641,93700,4076,97776,1120
2021-09-20,Yolo,113,214977,18564,18287,854,19141,239
2021-09-20,Yuba,115,75493,9229,9107,203,9310,61
2021-09-19,Alameda,001,1643700,114019,113446,2539,115985,1320
2021-09-19,Alpine,003,1148,99,100,0,100,0
2021-09-19,Amador,005,37829,4962,4875,48,4923,59
2021-09-19,Butte,007,227075,18636,18063,3298,21361,230
2021-09-19,Calaveras,009,45235,3473,3390,35,3425,66
2021-09-19,Colusa,011,21464,2400,2375,537,2912,16
2021-09-19,Contra Costa,013,1133247,94670,93788,1897,95685,924
2021-09-19,Del Norte,015,27424,3469,3344,27,3371,34
2021-09-19,El Dorado,017,186661,14785,14512,1501,16013,127
2021-09-19,Fresno,019,978130,127256,124985,11390,136375,1888
2021-09-19,Glenn,021,27897,3201,3102,915,4017,25
2021-09-19,Humboldt,023,135768,8065,7914,395,8309,80
2021-09-19,Imperial,025,180216,31361,31122,2938,34060,755
2021-09-19,Inyo,027,18085,1679,1639,31,1670,39
2021-09-19,Kern,029,883053,117086,115074,17955,133029,1459
2021-09-19,Kings,031,150075,28987,28416,1612,30028,284
2021-09-19,Lake,033,64148,6123,5962,119,6081,87
2021-09-19,Lassen,035,31185,6306,6129,265,6394,25
2021-09-19,Los Angeles,037,10098052,1394037,1381200,51050,1432250,25852
2021-09-19,Madera,039,155013,20684,20161,1634,21795,257
2021-09-19,Marin,041,260295,16884,16711,385,17096,242
2021-09-19,Mariposa,043,17540,927,881,32,913,5
2021-09-19,Mendocino,045,87422,6733,6538,322,6860,67
2021-09-19,Merced,047,269075,38369,38068,1477,39545,535
2021-09-19,Modoc,049,8938,466,457,160,617,5
2021-09-19,Mono,051,14174,1516,1480,17,1497,3
2021-09-19,Monterey,053,433212,47345,46486,2521,49007,565
2021-09-19,Napa,055,140530,12318,12190,84,12274,95
2021-09-19,Nevada,057,99092,8330,8203,270,8473,84
2021-09-19,Orange,059,3164182,296566,293258,13838,307096,5354
2021-09-19,Placer,061,380077,34001,33406,3160,36566,364
2021-09-19,Plumas,063,18699,1264,1211,24,1235,5
2021-09-19,Riverside,065,2383286,346788,341566,15684,357250,4804
2021-09-19,Sacramento,067,1510023,147635,146603,3681,150284,2012
2021-09-19,San Benito,069,59416,6951,6942,140,7082,67
2021-09-19,San Bernardino,071,2135413,339608,336688,10484,347172,5506
2021-09-19,San Diego,073,3302833,353116,349225,20791,370016,4006
2021-09-19,San Francisco,075,870044,50114,49458,2103,51561,605
2021-09-19,San Joaquin,077,732212,93618,92467,4925,97392,1615
2021-09-19,San Luis Obispo,079,281455,27731,27208,1081,28289,313
2021-09-19,San Mateo,081,765935,51831,51028,767,51795,567
2021-09-19,Santa Barbara,083,443738,41938,41512,1447,42959,500
2021-09-19,Santa Clara,085,1922200,140673,139410,1079,140489,1841
2021-09-19,Santa Cruz,087,273765,19353,19096,958,20054,211
2021-09-19,Shasta,089,179085,18391,17813,2974,20787,258
2021-09-19,Sierra,091,2930,130,126,13,139,0
2021-09-19,Siskiyou,093,43540,3024,2882,1038,3920,35
2021-09-19,Solano,095,438530,43874,43056,1121,44177,312
2021-09-19,Sonoma,097,501317,39219,38956,477,39433,369
2021-09-19,Stanislaus,099,539301,72209,71830,8053,79883,1091
2021-09-19,Sutter,101,95872,12963,12868,241,13109,153
2021-09-19,Tehama,103,63373,7267,7081,1175,8256,84
2021-09-19,Trinity,105,12862,717,562,189,751,7
2021-09-19,Tulare,107,460477,61748,60160,12451,72611,896
2021-09-19,Tuolumne,109,53932,6178,6097,74,6171,89
2021-09-19,Ventura,111,848112,94479,93491,4067,97558,1120
2021-09-19,Yolo,113,214977,18516,18238,848,19086,239
2021-09-19,Yuba,115,75493,9203,9087,202,9289,61
2021-09-18,Alameda,001,1643700,113919,113300,2538,115838,1320
2021-09-18,Alpine,003,1148,99,100,0,100,0
2021-09-18,Amador,005,37829,4952,4850,48,4898,59
2021-09-18,Butte,007,227075,18597,17961,3282,21243,230
2021-09-18,Calaveras,009,45235,3468,3361,34,3395,66
2021-09-18,Colusa,011,21464,2400,2373,536,2909,16
2021-09-18,Contra Costa,013,1133247,94580,93656,1893,95549,924
2021-09-18,Del Norte,015,27424,3461,3326,25,3351,34
2021-09-18,El Dorado,017,186661,14762,14472,1498,15970,127
2021-09-18,Fresno,019,978130,127114,124771,11372,136143,1889
2021-09-18,Glenn,021,27897,3192,3086,912,3998,25
2021-09-18,Humboldt,023,135768,8051,7881,394,8275,80
2021-09-18,Imperial,025,180216,31337,31096,2937,34033,755
2021-09-18,Inyo,027,18085,1673,1636,31,1667,39
2021-09-18,Kern,029,883053,116931,114781,17891,132672,1459
2021-09-18,Kings,031,150075,28939,28330,1607,29937,285
2021-09-18,Lake,033,64148,6106,5936,119,6055,87
2021-09-18,Lassen,035,31185,6296,6121,263,6384,25
2021-09-18,Los Angeles,037,10098052,1393274,1379880,51000,1430880,25849
2021-09-18,Madera,039,155013,20640,20126,1624,21750,257
2021-09-18,Marin,041,260295,16867,16685,384,17069,242
2021-09-18,Mariposa,043,17540,924,871,32,903,5
2021-09-18,Mendocino,045,87422,6712,6523,322,6845,67
2021-09-18,Merced,047,269075,38333,37977,1471,39448,535
2021-09-18,Modoc,049,8938,466,457,159,616,5
2021-09-18,Mono,051,14174,1513,1480,17,1497,3
2021-09-18,Monterey,053,433212,47307,46466,2518,48984,565
2021-09-18,Napa,055,140530,12306,12168,84,12252,95
2021-09-18,Nevada,057,99092,8313,8183,270,8453,84
2021-09-18,Orange,059,3164182,296372,293005,13824,306829,5354
2021-09-18,Placer,061,380077,33929,33309,3157,36466,364
2021-09-18,Plumas,063,18699,1263,1204,24,1228,5
2021-09-18,Riverside,065,2383286,346404,341136,15670,356806,4802
2021-09-18,Sacramento,067,1510023,147453,146162,3672,149834,2016
2021-09-18,San Benito,069,59416,6947,6937,140,7077,67
2021-09-18,San Bernardino,071,2135413,339334,336380,10471,346851,5501
2021-09-18,San Diego,073,3302833,352725,348848,20778,369626,4006
2021-09-18,San Francisco,075,870044,50051,49359,2098,51457,605
2021-09-18,San Joaquin,077,732212,93507,92242,4913,97155,1615
2021-09-18,San Luis Obispo,079,281455,27694,27181,1078,28259,313
2021-09-18,San Mateo,081,765935,51781,50961,765,51726,567
2021-09-18,Santa Barbara,083,443738,41873,41465,1447,42912,500
2021-09-18,Santa Clara,085,1922200,140553,139233,1076,140309,1841
2021-09-18,Santa Cruz,087,273765,19333,19079,958,20037,211
2021-09-18,Shasta,089,179085,18328,17777,2958,20735,258
2021-09-18,Sierra,091,2930,129,125,13,138,0
2021-09-18,Siskiyou,093,43540,3021,2875,1032,3907,35
2021-09-18,Solano,095,438530,43834,42966,1118,44084,312
2021-09-18,Sonoma,097,501317,39184,38891,475,39366,369
2021-09-18,Stanislaus,099,539301,72064,71587,8031,79618,1091
2021-09-18,Sutter,101,95872,12949,12829,241,13070,153
2021-09-18,Tehama,103,63373,7253,7055,1168,8223,84
2021-09-18,Trinity,105,12862,715,561,189,750,7
2021-09-18,Tulare,107,460477,61672,60003,12401,72404,896
2021-09-18,Tuolumne,109,53932,6163,6069,74,6143,89
2021-09-18,Ventura,111,848112,94411,93424,4062,97486,1120
2021-09-18,Yolo,113,214977,18489,18213,843,19056,239
2021-09-18,Yuba,115,75493,9189,9061,201,9262,61
2021-09-17,Alameda,001,1643700,113794,113070,2536,115606,1320
2021-09-17,Alpine,003,1148,99,99,0,99,0
2021-09-17,Amador,005,37829,4936,4835,47,4882,58
2021-09-17,Butte,007,227075,18545,17870,3273,21143,230
2021-09-17,Calaveras,009,45235,3456,3338,33,3371,66
2021-09-17,Colusa,011,21464,2399,2369,531,2900,16
2021-09-17,Contra Costa,013,1133247,94478,93485,1890,95375,924
2021-09-17,Del Norte,015,27424,3456,3311,23,3334,34
2021-09-17,El Dorado,017,186661,14743,14421,1496,15917,127
2021-09-17,Fresno,019,978130,126895,124296,11356,135652,1882
2021-09-17,Glenn,021,27897,3175,3072,908,3980,25
2021-09-17,Humboldt,023,135768,8030,7850,394,8244,80
2021-09-17,Imperial,025,180216,31311,31031,2936,33967,755
2021-09-17,Inyo,027,18085,1665,1634,31,1665,39
2021-09-17,Kern,029,883053,116740,114303,17794,132097,1456
2021-09-17,Kings,031,150075,28874,28240,1605,29845,281
2021-09-17,Lake,033,64148,6093,5915,119,6034,87
2021-09-17,Lassen,035,31185,6281,6080,261,6341,25
2021-09-17,Los Angeles,037,10098052,1392295,1377905,50934,1428839,25820
2021-09-17,Madera,039,155013,20589,20040,1612,21652,257
2021-09-17,Marin,041,260295,16854,16658,382,17040,242
2021-09-17,Mariposa,043,17540,922,869,32,901,5
2021-09-17,Mendocino,045,87422,6693,6498,322,6820,67
2021-09-17,Merced,047,269075,38286,37803,1469,39272,533
2021-09-17,Modoc,049,8938,466,456,159,615,5
2021-09-17,Mono,051,14174,1509,1457,17,1474,3
2021-09-17,Monterey,053,433212,47284,46421,2517,48938,564
2021-09-17,Napa,055,140530,12285,12153,84,12237,95
2021-09-17,Nevada,057,99092,8298,8157,270,8427,84
2021-09-17,Orange,059,3164182,296153,292685,13806,306491,5346
2021-09-17,Placer,061,380077,33869,33188,3147,36335,362
2021-09-17,Plumas,063,18699,1254,1192,23,1215,5
2021-09-17,Riverside,065,2383286,346004,340445,15659,356104,4792
2021-09-17,Sacramento,067,1510023,147253,145985,3661,149646,1999
2021-09-17,San Benito,069,59416,6944,6929,140,7069,67
2021-09-17,San Bernardino,071,2135413,338974,335810,10464,346274,5488
2021-09-17,San Diego,073,3302833,352301,348098,20761,368859,4002
2021-09-17,San Francisco,075,870044,49999,49249,2093,51342,605
2021-09-17,San Joaquin,077,732212,93369,91977,4902,96879,1610
2021-09-17,San Luis Obispo,079,281455,27660,27102,1067,28169,311
2021-09-17,San Mateo,081,765935,51728,50854,764,51618,564
2021-09-17,Santa Barbara,083,443738,41810,41354,1446,42800,498
2021-09-17,Santa Clara,085,1922200,140404,138939,1075,140014,1838
2021-09-17,Santa Cruz,087,273765,19309,19039,958,19997,211
2021-09-17,Shasta,089,179085,18258,17617,2945,20562,254
2021-09-17,Sierra,091,2930,129,124,13,137,0
2021-09-17,Siskiyou,093,43540,3006,2852,1032,3884,35
2021-09-17,Solano,095,438530,43771,42898,1114,44012,312
2021-09-17,Sonoma,097,501317,39147,38808,474,39282,369
2021-09-17,Stanislaus,099,539301,71957,71408,8013,79421,1091
2021-09-17,Sutter,101,95872,12933,12799,238,13037,153
2021-09-17,Tehama,103,63373,7230,7020,1156,8176,84
2021-09-17,Trinity,105,12862,710,556,188,744,7
2021-09-17,Tulare,107,460477,61557,59689,12366,72055,895
2021-09-17,Tuolumne,109,53932,6144,6047,74,6121,89
2021-09-17,Ventura,111,848112,94299,93273,4060,97333,1116
2021-09-17,Yolo,113,214977,18458,18177,839,19016,239
2021-09-17,Yuba,115,75493,9162,9019,200,9219,61
2021-09-16,Alameda,001,1643700,113619,112770,2533,115303,1318
2021-09-16,Alpine,003,1148,99,99,0,99,0
2021-09-16,Amador,005,37829,4916,4819,47,4866,58
2021-09-16,Butte,007,227075,18470,17750,3257,21007,230
2021-09-16,Calaveras,009,45235,3425,3313,33,3346,66
2021-09-16,Colusa,011,21464,2397,2363,529,2892,16
2021-09-16,Contra Costa,013,1133247,94307,93213,1882,95095,917
2021-09-16,Del Norte,015,27424,3438,3285,23,3308,34
2021-09-16,El Dorado,017,186661,14702,14372,1488,15860,127
2021-09-16,Fresno,019,978130,126538,123853,11315,135168,1868
2021-09-16,Glenn,021,27897,3165,3068,906,3974,24
2021-09-16,Humboldt,023,135768,7997,7809,386,8195,80
2021-09-16,Imperial,025,180216,31268,30966,2928,33894,753
2021-09-16,Inyo,027,18085,1663,1623,31,1654,39
2021-09-16,Kern,029,883053,116468,113828,17727,131555,1448
2021-09-16,Kings,031,150075,28788,28114,1597,29711,280
2021-09-16,Lake,033,64148,6069,5890,116,6006,87
2021-09-16,Lassen,035,31185,6246,6028,256,6284,25
2021-09-16,Los Angeles,037,10098052,1390902,1376277,50869,1427146,25796
2021-09-16,Madera,039,155013,20512,19974,1607,21581,257
2021-09-16,Marin,041,260295,16827,16625,381,17006,242
2021-09-16,Mariposa,043,17540,916,849,32,881,6
2021-09-16,Mendocino,045,87422,6655,6445,311,6756,67
2021-09-16,Merced,047,269075,38179,37675,1467,39142,532
2021-09-16,Modoc,049,8938,464,455,159,614,5
2021-09-16,Mono,051,14174,1503,1449,17,1466,3
2021-09-16,Monterey,053,433212,47230,46342,2511,48853,562
2021-09-16,Napa,055,140530,12260,12115,80,12195,95
2021-09-16,Nevada,057,99092,8271,8121,269,8390,84
2021-09-16,Orange,059,3164182,295807,292183,13786,305969,5340
2021-09-16,Placer,061,380077,33773,33037,3127,36164,354
2021-09-16,Plumas,063,18699,1245,1178,23,1201,5
2021-09-16,Riverside,065,2383286,345474,339770,15645,355415,4786
2021-09-16,Sacramento,067,1510023,146897,145754,3629,149383,1996
2021-09-16,San Benito,069,59416,6932,6913,139,7052,67
2021-09-16,San Bernardino,071,2135413,338551,335129,10457,345586,5474
2021-09-16,San Diego,073,3302833,351687,347472,20722,368194,3994
2021-09-16,San Francisco,075,870044,49913,49133,2085,51218,605
2021-09-16,San Joaquin,077,732212,93131,91650,4859,96509,1608
2021-09-16,San Luis Obispo,079,281455,27587,27044,1063,28107,310
2021-09-16,San Mateo,081,765935,51651,50773,762,51535,564
2021-09-16,Santa Barbara,083,443738,41744,41272,1443,42715,497
2021-09-16,Santa Clara,085,1922200,140250,138685,1071,139756,1835
2021-09-16,Santa Cruz,087,273765,19282,19011,958,19969,211
2021-09-16,Shasta,089,179085,18133,17438,2912,20350,251
2021-09-16,Sierra,091,2930,129,123,13,136,0
2021-09-16,Siskiyou,093,43540,2986,2819,1025,3844,35
2021-09-16,Solano,095,438530,43699,42792,1105,43897,312
2021-09-16,Sonoma,097,501317,39084,38707,473,39180,369
2021-09-16,Stanislaus,099,539301,71724,71105,7997,79102,1091
2021-09-16,Sutter,101,95872,12889,12729,233,12962,152
2021-09-16,Tehama,103,63373,7190,6953,1145,8098,83
2021-09-16,Trinity,105,12862,707,547,187,734,7
2021-09-16,Tulare,107,460477,61335,59459,12293,71752,894
2021-09-16,Tuolumne,109,53932,6123,5999,72,6071,89
2021-09-16,Ventura,111,848112,94159,93087,4056,97143,1110
2021-09-16,Yolo,113,214977,18426,18135,837,18972,239
2021-09-16,Yuba,115,75493,9128,8981,197,9178,61
2021-09-15,Alameda,001,1643700,113454,112498,2526,115024,1317
2021-09-15,Alpine,003,1148,99,99,0,99,0
2021-09-15,Amador,005,37829,4908,4792,47,4839,58
2021-09-15,Butte,007,227075,18372,17664,3237,20901,228
2021-09-15,Calaveras,009,45235,3396,3293,31,3324,66
2021-09-15,Colusa,011,21464,2395,2352,526,2878,16
2021-09-15,Contra Costa,013,1133247,94125,92989,1871,94860,913
2021-09-15,Del Norte,015,27424,3425,3271,21,3292,34
2021-09-15,El Dorado,017,186661,14676,14309,1478,15787,127
2021-09-15,Fresno,019,978130,126159,123370,11259,134629,1867
2021-09-15,Glenn,021,27897,3153,3051,901,3952,20
2021-09-15,Humboldt,023,135768,7961,7754,381,8135,52
2021-09-15,Imperial,025,180216,31213,30891,2923,33814,753
2021-09-15,Inyo,027,18085,1659,1614,31,1645,39
2021-09-15,Kern,029,883053,116121,113546,17629,131175,1434
2021-09-15,Kings,031,150075,28709,27991,1589,29580,279
2021-09-15,Lake,033,64148,6036,5852,115,5967,85
2021-09-15,Lassen,035,31185,6186,6018,251,6269,25
2021-09-15,Los Angeles,037,10098052,1389401,1374307,50800,1425107,25767
2021-09-15,Madera,039,155013,20437,19880,1600,21480,257
2021-09-15,Marin,041,260295,16792,16592,376,16968,242
2021-09-15,Mariposa,043,17540,904,843,32,875,5
2021-09-15,Mendocino,045,87422,6625,6399,306,6705,66
2021-09-15,Merced,047,269075,38071,37508,1465,38973,529
2021-09-15,Modoc,049,8938,464,454,159,613,5
2021-09-15,Mono,051,14174,1497,1445,17,1462,3
2021-09-15,Monterey,053,433212,47160,46317,2500,48817,562
2021-09-15,Napa,055,140530,12239,12082,80,12162,95
2021-09-15,Nevada,057,99092,8249,8081,266,8347,84
2021-09-15,Orange,059,3164182,295483,291834,13767,305601,5328
2021-09-15,Placer,061,380077,33661,32860,3106,35966,352
2021-09-15,Plumas,063,18699,1240,1164,22,1186,5
2021-09-15,Riverside,065,2383286,344891,339077,15621,354698,4769
2021-09-15,Sacramento,067,1510023,146472,145202,3598,148800,1981
2021-09-15,San Benito,069,59416,6929,6902,139,7041,67
2021-09-15,San Bernardino,071,2135413,338089,334556,10443,344999,5470
2021-09-15,San Diego,073,3302833,351068,346933,20694,367627,3983
2021-09-15,San Francisco,075,870044,49802,48999,2080,51079,605
2021-09-15,San Joaquin,077,732212,92855,91322,4819,96141,1607
2021-09-15,San Luis Obispo,079,281455,27504,26943,1057,28000,306
2021-09-15,San Mateo,081,765935,51569,50691,759,51450,564
2021-09-15,Santa Barbara,083,443738,41641,41077,1439,42516,497
2021-09-15,Santa Clara,085,1922200,140076,138410,1066,139476,1833
2021-09-15,Santa Cruz,087,273765,19244,18984,956,19940,210
2021-09-15,Shasta,089,179085,18022,17317,2891,20208,250
2021-09-15,Sierra,091,2930,129,123,13,136,0
2021-09-15,Siskiyou,093,43540,2966,2804,995,3799,35
2021-09-15,Solano,095,438530,43627,42682,1100,43782,312
2021-09-15,Sonoma,097,501317,39027,38629,473,39102,369
2021-09-15,Stanislaus,099,539301,71500,70852,7975,78827,1091
2021-09-15,Sutter,101,95872,12856,12699,228,12927,151
2021-09-15,Tehama,103,63373,7149,6894,1136,8030,79
2021-09-15,Trinity,105,12862,705,541,185,726,7
2021-09-15,Tulare,107,460477,61076,59149,12232,71381,890
2021-09-15,Tuolumne,109,53932,6097,5969,72,6041,89
2021-09-15,Ventura,111,848112,94016,92960,4049,97009,1109
2021-09-15,Yolo,113,214977,18392,18064,831,18895,239
2021-09-15,Yuba,115,75493,9094,8953,197,9150,61
2021-09-14,Alameda,001,1643700,113247,112329,2523,114852,1316
2021-09-14,Alpine,003,1148,99,98,0,98,0
2021-09-14,Amador,005,37829,4888,4790,47,4837,57
2021-09-14,Butte,007,227075,18238,17516,3213,20729,226
2021-09-14,Calaveras,009,45235,3376,3280,28,3308,66
2021-09-14,Colusa,011,21464,2391,2344,523,2867,16
2021-09-14,Contra Costa,013,1133247,93927,92822,1863,94685,908
2021-09-14,Del Norte,015,27424,3409,3252,21,3273,32
2021-09-14,El Dorado,017,186661,14623,14247,1470,15717,123
2021-09-14,Fresno,019,978130,125684,123151,11207,134358,1856
2021-09-14,Glenn,021,27897,3136,3045,897,3942,20
2021-09-14,Humboldt,023,135768,7927,7717,376,8093,52
2021-09-14,Imperial,025,180216,31164,30845,2920,33765,752
2021-09-14,Inyo,027,18085,1650,1605,30,1635,39
2021-09-14,Kern,029,883053,115738,113250,17506,130756,1428
2021-09-14,Kings,031,150075,28633,27955,1581,29536,278
2021-09-14,Lake,033,64148,6004,5845,115,5960,83
2021-09-14,Lassen,035,31185,6172,5977,246,6223,25
2021-09-14,Los Angeles,037,10098052,1387563,1372831,50718,1423549,25729
2021-09-14,Madera,039,155013,20355,19800,1589,21389,254
2021-09-14,Marin,041,260295,16764,16584,374,16958,242
2021-09-14,Mariposa,043,17540,893,834,31,865,5
2021-09-14,Mendocino,045,87422,6589,6372,295,6667,65
2021-09-14,Merced,047,269075,37921,37430,1461,38891,526
2021-09-14,Modoc,049,8938,463,453,159,612,5
2021-09-14,Mono,051,14174,1493,1440,17,1457,4
2021-09-14,Monterey,053,433212,47119,46224,2489,48713,558
2021-09-14,Napa,055,140530,12206,12070,79,12149,91
2021-09-14,Nevada,057,99092,8215,8056,266,8322,83
2021-09-14,Orange,059,3164182,295090,291423,13743,305166,5319
2021-09-14,Placer,061,380077,33529,32735,3086,35821,350
2021-09-14,Plumas,063,18699,1225,1148,22,1170,5
2021-09-14,Riverside,065,2383286,344250,338534,15590,354124,4748
2021-09-14,Sacramento,067,1510023,146087,145051,3550,148601,1977
2021-09-14,San Benito,069,59416,6919,6887,139,7026,64
2021-09-14,San Bernardino,071,2135413,337592,333968,10418,344386,5465
2021-09-14,San Diego,073,3302833,350408,346204,20643,366847,3966
2021-09-14,San Francisco,075,870044,49668,48998,2078,51076,603
2021-09-14,San Joaquin,077,732212,92616,91128,4810,95938,1596
2021-09-14,San Luis Obispo,079,281455,27431,26845,1052,27897,304
2021-09-14,San Mateo,081,765935,51472,50602,756,51358,564
2021-09-14,Santa Barbara,083,443738,41545,40783,1430,42213,495
2021-09-14,Santa Clara,085,1922200,139841,138321,1063,139384,1828
2021-09-14,Santa Cruz,087,273765,19204,18965,954,19919,210
2021-09-14,Shasta,089,179085,17891,17152,2870,20022,246
2021-09-14,Sierra,091,2930,129,123,13,136,0
2021-09-14,Siskiyou,093,43540,2942,2756,978,3734,35
2021-09-14,Solano,095,438530,43544,42599,1097,43696,307
2021-09-14,Sonoma,097,501317,38958,38595,469,39064,369
2021-09-14,Stanislaus,099,539301,71240,70697,7947,78644,1091
2021-09-14,Sutter,101,95872,12814,12670,221,12891,149
2021-09-14,Tehama,103,63373,7095,6859,1128,7987,80
2021-09-14,Trinity,105,12862,699,538,184,722,7
2021-09-14,Tulare,107,460477,60823,58961,12161,71122,888
2021-09-14,Tuolumne,109,53932,6076,5951,70,6021,89
2021-09-14,Ventura,111,848112,93831,92841,4032,96873,1107
2021-09-14,Yolo,113,214977,18348,18039,826,18865,239
2021-09-14,Yuba,115,75493,9058,8928,197,9125,61
2021-09-13,Alameda,001,1643700,113033,112159,2518,114677,1309
2021-09-13,Alpine,003,1148,98,98,0,98,0
2021-09-13,Amador,005,37829,4870,4761,47,4808,56
2021-09-13,Butte,007,227075,18113,17393,3185,20578,225
2021-09-13,Calaveras,009,45235,3350,3253,27,3280,65
2021-09-13,Colusa,011,21464,2382,2346,519,2865,16
2021-09-13,Contra Costa,013,1133247,93682,92658,1858,94516,908
2021-09-13,Del Norte,015,27424,3373,3232,21,3253,28
2021-09-13,El Dorado,017,186661,14562,14194,1462,15656,119
2021-09-13,Fresno,019,978130,125217,122650,11141,133791,1853
2021-09-13,Glenn,021,27897,3122,3026,891,3917,20
2021-09-13,Humboldt,023,135768,7894,7659,373,8032,52
2021-09-13,Imperial,025,180216,31111,30802,2917,33719,751
2021-09-13,Inyo,027,18085,1643,1602,30,1632,39
2021-09-13,Kern,029,883053,115354,112930,17383,130313,1424
2021-09-13,Kings,031,150075,28523,27858,1569,29427,275
2021-09-13,Lake,033,64148,5982,5809,115,5924,82
2021-09-13,Lassen,035,31185,6137,5953,245,6198,25
2021-09-13,Los Angeles,037,10098052,1385699,1371423,50651,1422074,25703
2021-09-13,Madera,039,155013,20286,19735,1574,21309,252
2021-09-13,Marin,041,260295,16728,16557,373,16930,242
2021-09-13,Mariposa,043,17540,879,825,31,856,5
2021-09-13,Mendocino,045,87422,6554,6323,286,6609,61
2021-09-13,Merced,047,269075,37771,37291,1456,38747,521
2021-09-13,Modoc,049,8938,462,451,159,610,5
2021-09-13,Mono,051,14174,1487,1435,17,1452,3
2021-09-13,Monterey,053,433212,47028,46188,2476,48664,558
2021-09-13,Napa,055,140530,12188,12039,79,12118,91
2021-09-13,Nevada,057,99092,8189,8021,264,8285,83
2021-09-13,Orange,059,3164182,294657,291128,13722,304850,5312
2021-09-13,Placer,061,380077,33364,32617,3069,35686,343
2021-09-13,Plumas,063,18699,1216,1142,22,1164,5
2021-09-13,Riverside,065,2383286,343605,337876,15572,353448,4731
2021-09-13,Sacramento,067,1510023,145600,144537,3517,148054,1956
2021-09-13,San Benito,069,59416,6904,6867,138,7005,64
2021-09-13,San Bernardino,071,2135413,337101,333613,10393,344006,5441
2021-09-13,San Diego,073,3302833,349621,345647,20591,366238,3961
2021-09-13,San Francisco,075,870044,49539,48914,2072,50986,603
2021-09-13,San Joaquin,077,732212,92331,90966,4792,95758,1581
2021-09-13,San Luis Obispo,079,281455,27334,26805,1049,27854,300
2021-09-13,San Mateo,081,765935,51380,50525,751,51276,564
2021-09-13,Santa Barbara,083,443738,41426,40661,1423,42084,494
2021-09-13,Santa Clara,085,1922200,139596,138152,1058,139210,1820
2021-09-13,Santa Cruz,087,273765,19164,18917,953,19870,210
2021-09-13,Shasta,089,179085,17761,17033,2830,19863,243
2021-09-13,Sierra,091,2930,129,123,13,136,0
2021-09-13,Siskiyou,093,43540,2927,2745,966,3711,35
2021-09-13,Solano,095,438530,43440,42501,1094,43595,306
2021-09-13,Sonoma,097,501317,38891,38513,466,38979,368
2021-09-13,Stanislaus,099,539301,70986,70477,7911,78388,1091
2021-09-13,Sutter,101,95872,12756,12624,217,12841,145
2021-09-13,Tehama,103,63373,7032,6803,1116,7919,79
2021-09-13,Trinity,105,12862,697,533,182,715,7
2021-09-13,Tulare,107,460477,60540,58768,12101,70869,887
2021-09-13,Tuolumne,109,53932,6045,5909,70,5979,89
2021-09-13,Ventura,111,848112,93670,92679,4025,96704,1107
2021-09-13,Yolo,113,214977,18303,17974,820,18794,239
2021-09-13,Yuba,115,75493,9013,8884,196,9080,61
2021-09-12,Alameda,001,1643700,112771,111961,2515,114476,1309
2021-09-12,Alpine,003,1148,98,98,0,98,0
2021-09-12,Amador,005,37829,4849,4752,47,4799,56
2021-09-12,Butte,007,227075,17968,17257,3137,20394,221
2021-09-12,Calaveras,009,45235,3319,3236,23,3259,65
2021-09-12,Colusa,011,21464,2379,2344,518,2862,16
2021-09-12,Contra Costa,013,1133247,93414,92498,1846,94344,908
2021-09-12,Del Norte,015,27424,3338,3200,21,3221,28
2021-09-12,El Dorado,017,186661,14489,14167,1446,15613,119
2021-09-12,Fresno,019,978130,124700,122407,11084,133491,1853
2021-09-12,Glenn,021,27897,3105,3016,885,3901,20
2021-09-12,Humboldt,023,135768,7824,7636,362,7998,52
2021-09-12,Imperial,025,180216,31048,30790,2912,33702,751
2021-09-12,Inyo,027,18085,1633,1596,30,1626,39
2021-09-12,Kern,029,883053,114942,112602,17224,129826,1424
2021-09-12,Kings,031,150075,28412,27764,1552,29316,274
2021-09-12,Lake,033,64148,5942,5781,113,5894,82
2021-09-12,Lassen,035,31185,6100,5943,236,6179,25
2021-09-12,Los Angeles,037,10098052,1383639,1365968,50579,1416547,25630
2021-09-12,Madera,039,155013,20199,19691,1562,21253,252
2021-09-12,Marin,041,260295,16705,16526,373,16899,242
2021-09-12,Mariposa,043,17540,868,811,29,840,5
2021-09-12,Mendocino,045,87422,6514,6283,277,6560,61
2021-09-12,Merced,047,269075,37599,37172,1445,38617,521
2021-09-12,Modoc,049,8938,462,451,158,609,5
2021-09-12,Mono,051,14174,1480,1431,17,1448,3
2021-09-12,Monterey,053,433212,46929,46167,2466,48633,558
2021-09-12,Napa,055,140530,12158,12011,79,12090,91
2021-09-12,Nevada,057,99092,8149,7987,263,8250,83
2021-09-12,Orange,059,3164182,294194,290718,13701,304419,5312
2021-09-12,Placer,061,380077,33215,32520,3047,35567,343
2021-09-12,Plumas,063,18699,1197,1138,22,1160,5
2021-09-12,Riverside,065,2383286,342921,337332,15538,352870,4731
2021-09-12,Sacramento,067,1510023,145093,144030,3478,147508,1959
2021-09-12,San Benito,069,59416,6885,6852,137,6989,64
2021-09-12,San Bernardino,071,2135413,336490,333049,10380,343429,5439
2021-09-12,San Diego,073,3302833,348811,345058,20515,365573,3942
2021-09-12,San Francisco,075,870044,49428,48819,2065,50884,603
2021-09-12,San Joaquin,077,732212,92002,90730,4784,95514,1581
2021-09-12,San Luis Obispo,079,281455,27215,26729,1036,27765,299
2021-09-12,San Mateo,081,765935,51270,50432,747,51179,564
2021-09-12,Santa Barbara,083,443738,41314,40600,1416,42016,494
2021-09-12,Santa Clara,085,1922200,139339,137899,1055,138954,1820
2021-09-12,Santa Cruz,087,273765,19131,18892,952,19844,210
2021-09-12,Shasta,089,179085,17596,16957,2772,19729,243
2021-09-12,Sierra,091,2930,129,123,13,136,0
2021-09-12,Siskiyou,093,43540,2899,2730,951,3681,35
2021-09-12,Solano,095,438530,43334,42409,1091,43500,306
2021-09-12,Sonoma,097,501317,38811,38456,464,38920,368
2021-09-12,Stanislaus,099,539301,70687,70184,7872,78056,1091
2021-09-12,Sutter,101,95872,12714,12589,211,12800,145
2021-09-12,Tehama,103,63373,6968,6732,1104,7836,79
2021-09-12,Trinity,105,12862,693,529,180,709,7
2021-09-12,Tulare,107,460477,60187,58582,12041,70623,887
2021-09-12,Tuolumne,109,53932,6012,5888,70,5958,89
2021-09-12,Ventura,111,848112,93543,92496,4019,96515,1107
2021-09-12,Yolo,113,214977,18237,17943,812,18755,239
2021-09-12,Yuba,115,75493,8978,8842,196,9038,61
2021-09-11,Alameda,001,1643700,112647,111715,2513,114228,1309
2021-09-11,Alpine,003,1148,98,98,0,98,0
2021-09-11,Amador,005,37829,4836,4728,46,4774,56
2021-09-11,Butte,007,227075,17885,17218,3110,20328,221
2021-09-11,Calaveras,009,45235,3311,3208,22,3230,65
2021-09-11,Colusa,011,21464,2378,2338,515,2853,16
2021-09-11,Contra Costa,013,1133247,93295,92269,1842,94111,908
2021-09-11,Del Norte,015,27424,3322,3184,21,3205,28
2021-09-11,El Dorado,017,186661,14470,14117,1439,15556,119
2021-09-11,Fresno,019,978130,124521,122224,11059,133283,1853
2021-09-11,Glenn,021,27897,3095,3007,882,3889,20
2021-09-11,Humboldt,023,135768,7802,7615,359,7974,52
2021-09-11,Imperial,025,180216,31023,30760,2909,33669,751
2021-09-11,Inyo,027,18085,1630,1590,30,1620,39
2021-09-11,Kern,029,883053,114692,112205,17110,129315,1424
2021-09-11,Kings,031,150075,28363,27631,1546,29177,275
2021-09-11,Lake,033,64148,5921,5761,113,5874,82
2021-09-11,Lassen,035,31185,6085,5930,232,6162,25
2021-09-11,Los Angeles,037,10098052,1382666,1365831,50515,1416346,25630
2021-09-11,Madera,039,155013,20146,19648,1557,21205,252
2021-09-11,Marin,041,260295,16677,16496,372,16868,242
2021-09-11,Mariposa,043,17540,863,799,29,828,5
2021-09-11,Mendocino,045,87422,6490,6257,277,6534,61
2021-09-11,Merced,047,269075,37545,37042,1442,38484,521
2021-09-11,Modoc,049,8938,462,449,158,607,5
2021-09-11,Mono,051,14174,1474,1431,17,1448,3
2021-09-11,Monterey,053,433212,46892,46140,2463,48603,558
2021-09-11,Napa,055,140530,12135,11991,79,12070,91
2021-09-11,Nevada,057,99092,8134,7967,263,8230,83
2021-09-11,Orange,059,3164182,293892,290429,13685,304114,5306
2021-09-11,Placer,061,380077,33132,32414,3036,35450,344
2021-09-11,Plumas,063,18699,1190,1112,22,1134,5
2021-09-11,Riverside,065,2383286,342483,336585,15525,352110,4731
2021-09-11,Sacramento,067,1510023,144793,143557,3466,147023,1955
2021-09-11,San Benito,069,59416,6872,6844,137,6981,64
2021-09-11,San Bernardino,071,2135413,336147,332512,10366,342878,5430
2021-09-11,San Diego,073,3302833,348327,344355,20491,364846,3942
2021-09-11,San Francisco,075,870044,49373,48660,2060,50720,603
2021-09-11,San Joaquin,077,732212,91859,90482,4777,95259,1581
2021-09-11,San Luis Obispo,079,281455,27169,26651,1035,27686,299
2021-09-11,San Mateo,081,765935,51198,50341,746,51087,564
2021-09-11,Santa Barbara,083,443738,41241,40451,1416,41867,494
2021-09-11,Santa Clara,085,1922200,139186,137659,1052,138711,1820
2021-09-11,Santa Cruz,087,273765,19102,18865,952,19817,210
2021-09-11,Shasta,089,179085,17502,16877,2752,19629,243
2021-09-11,Sierra,091,2930,129,123,13,136,0
2021-09-11,Siskiyou,093,43540,2882,2717,948,3665,35
2021-09-11,Solano,095,438530,43283,42344,1088,43432,306
2021-09-11,Sonoma,097,501317,38764,38399,462,38861,368
2021-09-11,Stanislaus,099,539301,70562,69974,7859,77833,1091
2021-09-11,Sutter,101,95872,12688,12538,208,12746,145
2021-09-11,Tehama,103,63373,6947,6703,1096,7799,79
2021-09-11,Trinity,105,12862,686,526,180,706,7
2021-09-11,Tulare,107,460477,60075,58321,11995,70316,889
2021-09-11,Tuolumne,109,53932,5993,5879,67,5946,89
2021-09-11,Ventura,111,848112,93461,92328,4014,96342,1107
2021-09-11,Yolo,113,214977,18213,17906,808,18714,239
2021-09-11,Yuba,115,75493,8953,8813,196,9009,61
2021-09-10,Alameda,001,1643700,112456,111386,2512,113898,1306
2021-09-10,Alpine,003,1148,97,97,0,97,0
2021-09-10,Amador,005,37829,4824,4706,46,4752,56
2021-09-10,Butte,007,227075,17810,17051,3092,20143,222
2021-09-10,Calaveras,009,45235,3303,3183,22,3205,65
2021-09-10,Colusa,011,21464,2374,2327,512,2839,16
2021-09-10,Contra Costa,013,1133247,93172,92024,1840,93864,908
2021-09-10,Del Norte,015,27424,3307,3128,20,3148,28
2021-09-10,El Dorado,017,186661,14440,14051,1435,15486,119
2021-09-10,Fresno,019,978130,124198,121659,11030,132689,1846
2021-09-10,Glenn,021,27897,3088,2977,881,3858,20
2021-09-10,Humboldt,023,135768,7770,7543,355,7898,52
2021-09-10,Imperial,025,180216,31000,30716,2907,33623,751
2021-09-10,Inyo,027,18085,1626,1590,30,1620,39
2021-09-10,Kern,029,883053,114438,111832,16994,128826,1419
2021-09-10,Kings,031,150075,28289,27473,1539,29012,274
2021-09-10,Lake,033,64148,5905,5713,111,5824,79
2021-09-10,Lassen,035,31185,6077,5914,229,6143,25
2021-09-10,Los Angeles,037,10098052,1381463,1365709,50450,1416159,25630
2021-09-10,Madera,039,155013,20100,19520,1550,21070,252
2021-09-10,Marin,041,260295,16657,16458,369,16827,242
2021-09-10,Mariposa,043,17540,858,795,29,824,5
2021-09-10,Mendocino,045,87422,6458,6184,276,6460,61
2021-09-10,Merced,047,269075,37493,36884,1441,38325,521
2021-09-10,Modoc,049,8938,462,448,158,606,5
2021-09-10,Mono,051,14174,1469,1422,17,1439,3
2021-09-10,Monterey,053,433212,46848,46084,2461,48545,557
2021-09-10,Napa,055,140530,12110,11948,79,12027,90
2021-09-10,Nevada,057,99092,8116,7932,262,8194,83
2021-09-10,Orange,059,3164182,293585,290022,13675,303697,5302
2021-09-10,Placer,061,380077,33030,32264,3023,35287,343
2021-09-10,Plumas,063,18699,1182,1111,22,1133,5
2021-09-10,Riverside,065,2383286,342010,335988,15518,351506,4720
2021-09-10,Sacramento,067,1510023,144450,143244,3458,146702,1950
2021-09-10,San Benito,069,59416,6868,6824,137,6961,64
2021-09-10,San Bernardino,071,2135413,335728,331894,10357,342251,5422
2021-09-10,San Diego,073,3302833,347780,343173,20454,363627,3941
2021-09-10,San Francisco,075,870044,49294,48518,2053,50571,602
2021-09-10,San Joaquin,077,732212,91678,90208,4771,94979,1573
2021-09-10,San Luis Obispo,079,281455,27136,26526,1033,27559,299
2021-09-10,San Mateo,081,765935,51131,50251,745,50996,564
2021-09-10,Santa Barbara,083,443738,41188,40321,1413,41734,492
2021-09-10,Santa Clara,085,1922200,139003,137337,1051,138388,1817
2021-09-10,Santa Cruz,087,273765,19083,18785,951,19736,210
2021-09-10,Shasta,089,179085,17408,16667,2724,19391,242
2021-09-10,Sierra,091,2930,129,117,13,130,0
2021-09-10,Siskiyou,093,43540,2870,2702,944,3646,35
2021-09-10,Solano,095,438530,43209,42230,1081,43311,305
2021-09-10,Sonoma,097,501317,38706,38271,461,38732,368
2021-09-10,Stanislaus,099,539301,70406,69617,7835,77452,1091
2021-09-10,Sutter,101,95872,12654,12468,208,12676,145
2021-09-10,Tehama,103,63373,6914,6652,1090,7742,77
2021-09-10,Trinity,105,12862,682,524,180,704,7
2021-09-10,Tulare,107,460477,59927,57930,11948,69878,883
2021-09-10,Tuolumne,109,53932,5973,5842,67,5909,89
2021-09-10,Ventura,111,848112,93364,92145,4010,96155,1104
2021-09-10,Yolo,113,214977,18188,17825,803,18628,239
2021-09-10,Yuba,115,75493,8934,8760,195,8955,62
2021-09-09,Alameda,001,1643700,112237,111014,2508,113522,1306
2021-09-09,Alpine,003,1148,97,94,0,94,0
2021-09-09,Amador,005,37829,4803,4698,45,4743,56
2021-09-09,Butte,007,227075,17663,16874,3065,19939,221
2021-09-09,Calaveras,009,45235,3269,3165,22,3187,65
2021-09-09,Colusa,011,21464,2367,2321,511,2832,16
2021-09-09,Contra Costa,013,1133247,92962,91687,1835,93522,904
2021-09-09,Del Norte,015,27424,3284,3102,20,3122,28
2021-09-09,El Dorado,017,186661,14383,13970,1425,15395,119
2021-09-09,Fresno,019,978130,123722,121040,10984,132024,1838
2021-09-09,Glenn,021,27897,3076,2947,877,3824,20
2021-09-09,Humboldt,023,135768,7720,7471,349,7820,52
2021-09-09,Imperial,025,180216,30962,30661,2904,33565,751
2021-09-09,Inyo,027,18085,1619,1586,30,1616,39
2021-09-09,Kern,029,883053,114091,111390,16838,128228,1414
2021-09-09,Kings,031,150075,28187,27282,1528,28810,273
2021-09-09,Lake,033,64148,5881,5638,109,5747,79
2021-09-09,Lassen,035,31185,6027,5860,223,6083,25
2021-09-09,Los Angeles,037,10098052,1379595,1363735,50376,1414111,25583
2021-09-09,Madera,039,155013,20027,19401,1537,20938,252
2021-09-09,Marin,041,260295,16634,16416,366,16782,242
2021-09-09,Mariposa,043,17540,845,779,28,807,5
2021-09-09,Mendocino,045,87422,6424,6089,267,6356,61
2021-09-09,Merced,047,269075,37339,36634,1428,38062,516
2021-09-09,Modoc,049,8938,462,448,158,606,5
2021-09-09,Mono,051,14174,1459,1420,17,1437,3
2021-09-09,Monterey,053,433212,46794,45991,2450,48441,556
2021-09-09,Napa,055,140530,12079,11878,79,11957,90
2021-09-09,Nevada,057,99092,8078,7855,262,8117,82
2021-09-09,Orange,059,3164182,293176,289109,13644,302753,5299
2021-09-09,Placer,061,380077,32912,32048,3008,35056,342
2021-09-09,Plumas,063,18699,1171,1098,22,1120,5
2021-09-09,Riverside,065,2383286,341371,334774,15500,350274,4701
2021-09-09,Sacramento,067,1510023,143971,142728,3413,146141,1929
2021-09-09,San Benito,069,59416,6858,6820,136,6956,64
2021-09-09,San Bernardino,071,2135413,335158,331040,10344,341384,5417
2021-09-09,San Diego,073,3302833,347066,342149,20397,362546,3929
2021-09-09,San Francisco,075,870044,49180,48404,2044,50448,597
2021-09-09,San Joaquin,077,732212,91405,89874,4753,94627,1570
2021-09-09,San Luis Obispo,079,281455,27054,26472,1030,27502,296
2021-09-09,San Mateo,081,765935,51010,50143,742,50885,561
2021-09-09,Santa Barbara,083,443738,41082,40180,1409,41589,490
2021-09-09,Santa Clara,085,1922200,138780,137017,1046,138063,1816
2021-09-09,Santa Cruz,087,273765,19037,18728,951,19679,210
2021-09-09,Shasta,089,179085,17261,16401,2683,19084,238
2021-09-09,Sierra,091,2930,129,115,13,128,0
2021-09-09,Siskiyou,093,43540,2847,2683,930,3613,35
2021-09-09,Solano,095,438530,43093,42081,1077,43158,303
2021-09-09,Sonoma,097,501317,38638,38171,460,38631,360
2021-09-09,Stanislaus,099,539301,70127,69178,7803,76981,1074
2021-09-09,Sutter,101,95872,12599,12396,206,12602,144
2021-09-09,Tehama,103,63373,6860,6554,1085,7639,75
2021-09-09,Trinity,105,12862,676,523,178,701,6
2021-09-09,Tulare,107,460477,59686,57564,11889,69453,879
2021-09-09,Tuolumne,109,53932,5945,5802,66,5868,89
2021-09-09,Ventura,111,848112,93219,91610,4001,95611,1098
2021-09-09,Yolo,113,214977,18130,17724,800,18524,239
2021-09-09,Yuba,115,75493,8889,8707,192,8899,55
2021-09-08,Alameda,001,1643700,111993,110781,2506,113287,1305
2021-09-08,Alpine,003,1148,97,94,0,94,0
2021-09-08,Amador,005,37829,4791,4693,45,4738,56
2021-09-08,Butte,007,227075,17528,16775,3046,19821,220
2021-09-08,Calaveras,009,45235,3251,3157,22,3179,63
2021-09-08,Colusa,011,21464,2365,2308,511,2819,16
2021-09-08,Contra Costa,013,1133247,92682,91471,1830,93301,900
2021-09-08,Del Norte,015,27424,3261,3085,20,3105,25
2021-09-08,El Dorado,017,186661,14303,13928,1405,15333,119
2021-09-08,Fresno,019,978130,123225,120644,10921,131565,1831
2021-09-08,Glenn,021,27897,3061,2942,868,3810,20
2021-09-08,Humboldt,023,135768,7675,7438,341,7779,52
2021-09-08,Imperial,025,180216,30929,30609,2891,33500,751
2021-09-08,Inyo,027,18085,1608,1580,30,1610,39
2021-09-08,Kern,029,883053,113693,110933,16700,127633,1409
2021-09-08,Kings,031,150075,28058,27235,1514,28749,267
2021-09-08,Lake,033,64148,5850,5618,107,5725,79
2021-09-08,Lassen,035,31185,6009,5848,216,6064,25
2021-09-08,Los Angeles,037,10098052,1377526,1362029,50288,1412317,25533
2021-09-08,Madera,039,155013,19967,19352,1524,20876,252
2021-09-08,Marin,041,260295,16606,16386,365,16751,242
2021-09-08,Mariposa,043,17540,833,777,27,804,5
2021-09-08,Mendocino,045,87422,6380,6069,258,6327,61
2021-09-08,Merced,047,269075,37178,36500,1416,37916,516
2021-09-08,Modoc,049,8938,462,448,158,606,5
2021-09-08,Mono,051,14174,1453,1418,17,1435,3
2021-09-08,Monterey,053,433212,46745,45959,2444,48403,554
2021-09-08,Napa,055,140530,12044,11842,77,11919,90
2021-09-08,Nevada,057,99092,8043,7843,261,8104,82
2021-09-08,Orange,059,3164182,292766,288511,13621,302132,5290
2021-09-08,Placer,061,380077,32775,31852,2991,34843,337
2021-09-08,Plumas,063,18699,1164,1072,22,1094,5
2021-09-08,Riverside,065,2383286,340612,334037,15475,349512,4683
2021-09-08,Sacramento,067,1510023,143492,142448,3365,145813,1921
2021-09-08,San Benito,069,59416,6840,6800,136,6936,64
2021-09-08,San Bernardino,071,2135413,334552,330279,10327,340606,5411
2021-09-08,San Diego,073,3302833,346149,341437,20346,361783,3926
2021-09-08,San Francisco,075,870044,49043,48263,2040,50303,589
2021-09-08,San Joaquin,077,732212,91125,89631,4729,94360,1561
2021-09-08,San Luis Obispo,079,281455,26960,26303,1025,27328,294
2021-09-08,San Mateo,081,765935,50905,50051,742,50793,561
2021-09-08,Santa Barbara,083,443738,40970,40000,1405,41405,490
2021-09-08,Santa Clara,085,1922200,138547,136836,1042,137878,1810
2021-09-08,Santa Cruz,087,273765,19000,18699,951,19650,210
2021-09-08,Shasta,089,179085,17106,16227,2636,18863,234
2021-09-08,Sierra,091,2930,129,113,13,126,0
2021-09-08,Siskiyou,093,43540,2814,2643,919,3562,35
2021-09-08,Solano,095,438530,43000,41971,1074,43045,302
2021-09-08,Sonoma,097,501317,38554,38075,459,38534,360
2021-09-08,Stanislaus,099,539301,69895,68945,7764,76709,1074
2021-09-08,Sutter,101,95872,12534,12349,203,12552,144
2021-09-08,Tehama,103,63373,6793,6520,1067,7587,75
2021-09-08,Trinity,105,12862,673,520,174,694,6
2021-09-08,Tulare,107,460477,59362,57425,11834,69259,876
2021-09-08,Tuolumne,109,53932,5913,5783,64,5847,89
2021-09-08,Ventura,111,848112,93067,91345,3983,95328,1096
2021-09-08,Yolo,113,214977,18049,17680,795,18475,239
2021-09-08,Yuba,115,75493,8847,8675,190,8865,55
2021-09-07,Alameda,001,1643700,111693,110550,2499,113049,1301
2021-09-07,Alpine,003,1148,96,94,0,94,0
2021-09-07,Amador,005,37829,4764,4679,45,4724,53
2021-09-07,Butte,007,227075,17372,16723,3010,19733,220
2021-09-07,Calaveras,009,45235,3210,3140,20,3160,63
2021-09-07,Colusa,011,21464,2355,2306,509,2815,16
2021-09-07,Contra Costa,013,1133247,92418,91167,1824,92991,891
2021-09-07,Del Norte,015,27424,3247,3081,20,3101,24
2021-09-07,El Dorado,017,186661,14231,13892,1390,15282,119
2021-09-07,Fresno,019,978130,122667,120268,10828,131096,1828
2021-09-07,Glenn,021,27897,3049,2937,862,3799,20
2021-09-07,Humboldt,023,135768,7615,7397,324,7721,52
2021-09-07,Imperial,025,180216,30889,30584,2883,33467,751
2021-09-07,Inyo,027,18085,1602,1579,29,1608,39
2021-09-07,Kern,029,883053,113261,110674,16542,127216,1408
2021-09-07,Kings,031,150075,27934,27169,1496,28665,267
2021-09-07,Lake,033,64148,5807,5597,99,5696,78
2021-09-07,Lassen,035,31185,5991,5842,210,6052,21
2021-09-07,Los Angeles,037,10098052,1375295,1360407,50197,1410604,25486
2021-09-07,Madera,039,155013,19880,19316,1516,20832,249
2021-09-07,Marin,041,260295,16567,16363,365,16728,242
2021-09-07,Mariposa,043,17540,817,771,27,798,5
2021-09-07,Mendocino,045,87422,6320,6036,248,6284,61
2021-09-07,Merced,047,269075,37004,36400,1410,37810,513
2021-09-07,Modoc,049,8938,460,449,158,607,5
2021-09-07,Mono,051,14174,1444,1416,17,1433,3
2021-09-07,Monterey,053,433212,46662,45911,2432,48343,543
2021-09-07,Napa,055,140530,12003,11814,77,11891,90
2021-09-07,Nevada,057,99092,8016,7829,261,8090,82
2021-09-07,Orange,059,3164182,292337,288225,13591,301816,5274
2021-09-07,Placer,061,380077,32622,31710,2963,34673,337
2021-09-07,Plumas,063,18699,1149,1071,22,1093,5
2021-09-07,Riverside,065,2383286,339824,333390,15456,348846,4666
2021-09-07,Sacramento,067,1510023,142954,142364,3319,145683,1905
2021-09-07,San Benito,069,59416,6822,6786,136,6922,64
2021-09-07,San Bernardino,071,2135413,333800,329962,10302,340264,5407
2021-09-07,San Diego,073,3302833,345151,340709,20280,360989,3922
2021-09-07,San Francisco,075,870044,48903,48175,2035,50210,589
2021-09-07,San Joaquin,077,732212,90789,89468,4715,94183,1548
2021-09-07,San Luis Obispo,079,281455,26843,26253,1016,27269,287
2021-09-07,San Mateo,081,765935,50810,49913,741,50654,561
2021-09-07,Santa Barbara,083,443738,40844,39957,1400,41357,489
2021-09-07,Santa Clara,085,1922200,138259,136631,1037,137668,1807
2021-09-07,Santa Cruz,087,273765,18951,18669,949,19618,210
2021-09-07,Shasta,089,179085,16950,16096,2584,18680,226
2021-09-07,Sierra,091,2930,129,111,13,124,0
2021-09-07,Siskiyou,093,43540,2788,2607,902,3509,34
2021-09-07,Solano,095,438530,42870,41862,1070,42932,300
2021-09-07,Sonoma,097,501317,38470,38013,457,38470,358
2021-09-07,Stanislaus,099,539301,69624,68831,7737,76568,1074
2021-09-07,Sutter,101,95872,12460,12310,197,12507,138
2021-09-07,Tehama,103,63373,6741,6482,1047,7529,74
2021-09-07,Trinity,105,12862,667,517,174,691,6
2021-09-07,Tulare,107,460477,59013,57228,11756,68984,874
2021-09-07,Tuolumne,109,53932,5876,5759,64,5823,88
2021-09-07,Ventura,111,848112,92856,91246,3973,95219,1093
2021-09-07,Yolo,113,214977,17980,17653,790,18443,235
2021-09-07,Yuba,115,75493,8804,8642,185,8827,55
2021-09-06,Alameda,001,1643700,111383,110357,2491,112848,1301
2021-09-06,Alpine,003,1148,94,94,0,94,0
2021-09-06,Amador,005,37829,4748,4648,44,4692,53
2021-09-06,Butte,007,227075,17180,16588,2967,19555,218
2021-09-06,Calaveras,009,45235,3188,3122,20,3142,63
2021-09-06,Colusa,011,21464,2347,2306,505,2811,16
2021-09-06,Contra Costa,013,1133247,92123,90971,1814,92785,891
2021-09-06,Del Norte,015,27424,3206,3037,19,3056,24
2021-09-06,El Dorado,017,186661,14162,13848,1374,15222,119
2021-09-06,Fresno,019,978130,122094,119738,10753,130491,1828
2021-09-06,Glenn,021,27897,3020,2912,854,3766,20
2021-09-06,Humboldt,023,135768,7539,7320,306,7626,52
2021-09-06,Imperial,025,180216,30826,30576,2877,33453,751
2021-09-06,Inyo,027,18085,1593,1578,17,1595,39
2021-09-06,Kern,029,883053,112748,110347,16354,126701,1408
2021-09-06,Kings,031,150075,27791,27094,1481,28575,264
2021-09-06,Lake,033,64148,5743,5548,92,5640,78
2021-09-06,Lassen,035,31185,5965,5822,200,6022,21
2021-09-06,Los Angeles,037,10098052,1372920,1359348,50082,1409430,25477
2021-09-06,Madera,039,155013,19777,19191,1493,20684,249
2021-09-06,Marin,041,260295,16527,16356,365,16721,242
2021-09-06,Mariposa,043,17540,805,764,27,791,5
2021-09-06,Mendocino,045,87422,6250,5984,235,6219,61
2021-09-06,Merced,047,269075,36790,36300,1396,37696,513
2021-09-06,Modoc,049,8938,457,449,158,607,5
2021-09-06,Mono,051,14174,1440,1416,17,1433,3
2021-09-06,Monterey,053,433212,46568,45833,2416,48249,541
2021-09-06,Napa,055,140530,11960,11792,76,11868,90
2021-09-06,Nevada,057,99092,7968,7748,259,8007,82
2021-09-06,Orange,059,3164182,291843,287948,13540,301488,5274
2021-09-06,Placer,061,380077,32445,31595,2925,34520,337
2021-09-06,Plumas,063,18699,1128,1068,19,1087,5
2021-09-06,Riverside,065,2383286,339008,333052,15436,348488,4666
2021-09-06,Sacramento,067,1510023,142318,141730,3251,144981,1905
2021-09-06,San Benito,069,59416,6799,6777,133,6910,64
2021-09-06,San Bernardino,071,2135413,332911,329693,10271,339964,5398
2021-09-06,San Diego,073,3302833,344152,340222,20183,360405,3922
2021-09-06,San Francisco,075,870044,48769,48120,2030,50150,589
2021-09-06,San Joaquin,077,732212,90445,89293,4689,93982,1548
2021-09-06,San Luis Obispo,079,281455,26714,26183,1012,27195,286
2021-09-06,San Mateo,081,765935,50680,49859,739,50598,561
2021-09-06,Santa Barbara,083,443738,40713,39876,1391,41267,489
2021-09-06,Santa Clara,085,1922200,137967,136458,1035,137493,1807
2021-09-06,Santa Cruz,087,273765,18902,18615,946,19561,210
2021-09-06,Shasta,089,179085,16769,15985,2530,18515,226
2021-09-06,Sierra,091,2930,129,109,13,122,0
2021-09-06,Siskiyou,093,43540,2744,2595,868,3463,34
2021-09-06,Solano,095,438530,42722,41774,1064,42838,300
2021-09-06,Sonoma,097,501317,38349,37929,456,38385,358
2021-09-06,Stanislaus,099,539301,69282,68596,7693,76289,1074
2021-09-06,Sutter,101,95872,12398,12238,188,12426,138
2021-09-06,Tehama,103,63373,6679,6413,1020,7433,74
2021-09-06,Trinity,105,12862,664,515,172,687,6
2021-09-06,Tulare,107,460477,58655,57068,11676,68744,874
2021-09-06,Tuolumne,109,53932,5840,5697,64,5761,88
2021-09-06,Ventura,111,848112,92679,91132,3961,95093,1093
2021-09-06,Yolo,113,214977,17895,17576,785,18361,235
2021-09-06,Yuba,115,75493,8754,8584,181,8765,55
2021-09-05,Alameda,001,1643700,111190,110173,2488,112661,1301
2021-09-05,Alpine,003,1148,94,94,0,94,0
2021-09-05,Amador,005,37829,4736,4642,44,4686,53
2021-09-05,Butte,007,227075,17090,16504,2939,19443,218
2021-09-05,Calaveras,009,45235,3182,3106,20,3126,63
2021-09-05,Colusa,011,21464,2339,2305,503,2808,16
2021-09-05,Contra Costa,013,1133247,91938,90862,1809,92671,891
2021-09-05,Del Norte,015,27424,3186,3023,19,3042,24
2021-09-05,El Dorado,017,186661,14133,13827,1361,15188,119
2021-09-05,Fresno,019,978130,121795,119384,10712,130096,1828
2021-09-05,Glenn,021,27897,3006,2899,852,3751,20
2021-09-05,Humboldt,023,135768,7506,7312,303,7615,52
2021-09-05,Imperial,025,180216,30797,30548,2875,33423,751
2021-09-05,Inyo,027,18085,1590,1572,17,1589,39
2021-09-05,Kern,029,883053,112449,110073,16195,126268,1408
2021-09-05,Kings,031,150075,27714,26989,1477,28466,264
2021-09-05,Lake,033,64148,5723,5525,92,5617,78
2021-09-05,Lassen,035,31185,5943,5820,196,6016,21
2021-09-05,Los Angeles,037,10098052,1371625,1357748,50014,1407762,25465
2021-09-05,Madera,039,155013,19736,19155,1482,20637,249
2021-09-05,Marin,041,260295,16508,16342,364,16706,242
2021-09-05,Mariposa,043,17540,801,761,27,788,5
2021-09-05,Mendocino,045,87422,6216,5965,235,6200,61
2021-09-05,Merced,047,269075,36715,36243,1394,37637,513
2021-09-05,Modoc,049,8938,457,447,158,605,5
2021-09-05,Mono,051,14174,1440,1416,17,1433,3
2021-09-05,Monterey,053,433212,46540,45795,2407,48202,540
2021-09-05,Napa,055,140530,11935,11770,76,11846,90
2021-09-05,Nevada,057,99092,7946,7722,258,7980,82
2021-09-05,Orange,059,3164182,291555,287614,13523,301137,5274
2021-09-05,Placer,061,380077,32317,31487,2911,34398,337
2021-09-05,Plumas,063,18699,1121,1067,19,1086,5
2021-09-05,Riverside,065,2383286,338553,332604,15424,348028,4654
2021-09-05,Sacramento,067,1510023,141880,141276,3234,144510,1905
2021-09-05,San Benito,069,59416,6798,6764,133,6897,64
2021-09-05,San Bernardino,071,2135413,332526,329062,10255,339317,5392
2021-09-05,San Diego,073,3302833,343600,339427,20142,359569,3914
2021-09-05,San Francisco,075,870044,48691,48035,2026,50061,589
2021-09-05,San Joaquin,077,732212,90279,89121,4672,93793,1548
2021-09-05,San Luis Obispo,079,281455,26664,26098,1011,27109,285
2021-09-05,San Mateo,081,765935,50612,49809,735,50544,561
2021-09-05,Santa Barbara,083,443738,40646,39762,1389,41151,489
2021-09-05,Santa Clara,085,1922200,137757,136146,1033,137179,1807
2021-09-05,Santa Cruz,087,273765,18882,18588,944,19532,210
2021-09-05,Shasta,089,179085,16687,15960,2504,18464,226
2021-09-05,Sierra,091,2930,128,109,13,122,0
2021-09-05,Siskiyou,093,43540,2727,2585,854,3439,34
2021-09-05,Solano,095,438530,42627,41687,1059,42746,300
2021-09-05,Sonoma,097,501317,38264,37881,455,38336,358
2021-09-05,Stanislaus,099,539301,69142,68434,7669,76103,1074
2021-09-05,Sutter,101,95872,12368,12179,182,12361,138
2021-09-05,Tehama,103,63373,6652,6400,1014,7414,74
2021-09-05,Trinity,105,12862,658,505,171,676,6
2021-09-05,Tulare,107,460477,58486,56915,11632,68547,874
2021-09-05,Tuolumne,109,53932,5828,5688,64,5752,88
2021-09-05,Ventura,111,848112,92543,91004,3957,94961,1093
2021-09-05,Yolo,113,214977,17858,17557,780,18337,235
2021-09-05,Yuba,115,75493,8728,8521,179,8700,55
2021-09-04,Alameda,001,1643700,111067,109944,2481,112425,1301
2021-09-04,Alpine,003,1148,94,94,0,94,0
2021-09-04,Amador,005,37829,4718,4637,43,4680,53
2021-09-04,Butte,007,227075,17032,16403,2924,19327,218
2021-09-04,Calaveras,009,45235,3170,3087,19,3106,63
2021-09-04,Colusa,011,21464,2337,2301,503,2804,16
2021-09-04,Contra Costa,013,1133247,91821,90623,1806,92429,891
2021-09-04,Del Norte,015,27424,3175,2984,19,3003,24
2021-09-04,El Dorado,017,186661,14107,13782,1353,15135,119
2021-09-04,Fresno,019,978130,121600,119033,10690,129723,1828
2021-09-04,Glenn,021,27897,2996,2878,846,3724,20
2021-09-04,Humboldt,023,135768,7475,7298,297,7595,52
2021-09-04,Imperial,025,180216,30774,30526,2873,33399,751
2021-09-04,Inyo,027,18085,1588,1571,17,1588,39
2021-09-04,Kern,029,883053,112206,109751,16065,125816,1408
2021-09-04,Kings,031,150075,27627,26896,1471,28367,263
2021-09-04,Lake,033,64148,5705,5507,92,5599,78
2021-09-04,Lassen,035,31185,5928,5814,188,6002,21
2021-09-04,Los Angeles,037,10098052,1370670,1355634,49956,1405590,25454
2021-09-04,Madera,039,155013,19703,19112,1475,20587,249
2021-09-04,Marin,041,260295,16492,16319,363,16682,242
2021-09-04,Mariposa,043,17540,796,759,27,786,5
2021-09-04,Mendocino,045,87422,6180,5933,235,6168,61
2021-09-04,Merced,047,269075,36671,36083,1389,37472,513
2021-09-04,Modoc,049,8938,457,447,158,605,5
2021-09-04,Mono,051,14174,1437,1417,17,1434,3
2021-09-04,Monterey,053,433212,46509,45756,2403,48159,540
2021-09-04,Napa,055,140530,11910,11760,74,11834,90
2021-09-04,Nevada,057,99092,7931,7691,257,7948,82
2021-09-04,Orange,059,3164182,291292,287244,13502,300746,5274
2021-09-04,Placer,061,380077,32213,31374,2894,34268,337
2021-09-04,Plumas,063,18699,1113,1067,19,1086,5
2021-09-04,Riverside,065,2383286,338083,331958,15412,347370,4654
2021-09-04,Sacramento,067,1510023,141586,140735,3226,143961,1896
2021-09-04,San Benito,069,59416,6789,6758,133,6891,64
2021-09-04,San Bernardino,071,2135413,332194,328425,10241,338666,5393
2021-09-04,San Diego,073,3302833,343165,338748,20120,358868,3914
2021-09-04,San Francisco,075,870044,48616,47937,2018,49955,589
2021-09-04,San Joaquin,077,732212,90164,88846,4664,93510,1548
2021-09-04,San Luis Obispo,079,281455,26632,26020,1011,27031,285
2021-09-04,San Mateo,081,765935,50558,49721,735,50456,560
2021-09-04,Santa Barbara,083,443738,40580,39667,1387,41054,489
2021-09-04,Santa Clara,085,1922200,137572,135845,1030,136875,1806
2021-09-04,Santa Cruz,087,273765,18864,18579,940,19519,210
2021-09-04,Shasta,089,179085,16610,15924,2478,18402,226
2021-09-04,Sierra,091,2930,126,108,13,121,0
2021-09-04,Siskiyou,093,43540,2701,2563,843,3406,34
2021-09-04,Solano,095,438530,42554,41614,1057,42671,300
2021-09-04,Sonoma,097,501317,38231,37809,455,38264,358
2021-09-04,Stanislaus,099,539301,68995,68210,7644,75854,1074
2021-09-04,Sutter,101,95872,12327,12137,181,12318,138
2021-09-04,Tehama,103,63373,6627,6367,996,7363,74
2021-09-04,Trinity,105,12862,656,497,171,668,6
2021-09-04,Tulare,107,460477,58378,56719,11589,68308,874
2021-09-04,Tuolumne,109,53932,5809,5667,62,5729,88
2021-09-04,Ventura,111,848112,92408,90904,3954,94858,1090
2021-09-04,Yolo,113,214977,17822,17522,776,18298,235
2021-09-04,Yuba,115,75493,8699,8475,178,8653,55
2021-09-03,Alameda,001,1643700,110907,109636,2479,112115,1301
2021-09-03,Alpine,003,1148,94,94,0,94,0
2021-09-03,Amador,005,37829,4696,4614,43,4657,53
2021-09-03,Butte,007,227075,16941,16259,2898,19157,215
2021-09-03,Calaveras,009,45235,3160,3069,19,3088,63
2021-09-03,Colusa,011,21464,2332,2295,502,2797,16
2021-09-03,Contra Costa,013,1133247,91669,90299,1803,92102,886
2021-09-03,Del Norte,015,27424,3147,2943,18,2961,24
2021-09-03,El Dorado,017,186661,14074,13710,1349,15059,119
2021-09-03,Fresno,019,978130,121264,118508,10668,129176,1822
2021-09-03,Glenn,021,27897,2987,2867,838,3705,20
2021-09-03,Humboldt,023,135768,7450,7194,292,7486,52
2021-09-03,Imperial,025,180216,30751,30475,2868,33343,751
2021-09-03,Inyo,027,18085,1583,1567,17,1584,39
2021-09-03,Kern,029,883053,111990,109296,15954,125250,1407
2021-09-03,Kings,031,150075,27543,26753,1468,28221,263
2021-09-03,Lake,033,64148,5685,5479,90,5569,78
2021-09-03,Lassen,035,31185,5911,5789,184,5973,21
2021-09-03,Los Angeles,037,10098052,1369340,1351185,49890,1401075,25384
2021-09-03,Madera,039,155013,19618,19021,1469,20490,247
2021-09-03,Marin,041,260295,16470,16293,362,16655,242
2021-09-03,Mariposa,043,17540,789,753,25,778,5
2021-09-03,Mendocino,045,87422,6145,5891,235,6126,61
2021-09-03,Merced,047,269075,36617,35941,1380,37321,512
2021-09-03,Modoc,049,8938,457,445,158,603,5
2021-09-03,Mono,051,14174,1436,1410,17,1427,3
2021-09-03,Monterey,053,433212,46471,45707,2399,48106,540
2021-09-03,Napa,055,140530,11889,11733,74,11807,89
2021-09-03,Nevada,057,99092,7897,7632,257,7889,82
2021-09-03,Orange,059,3164182,290974,286818,13475,300293,5253
2021-09-03,Placer,061,380077,32106,31238,2870,34108,335
2021-09-03,Plumas,063,18699,1102,1057,19,1076,5
2021-09-03,Riverside,065,2383286,337551,331011,15396,346407,4653
2021-09-03,Sacramento,067,1510023,141222,139982,3208,143190,1886
2021-09-03,San Benito,069,59416,6783,6746,133,6879,64
2021-09-03,San Bernardino,071,2135413,331777,327599,10231,337830,5381
2021-09-03,San Diego,073,3302833,342545,337627,20087,357714,3911
2021-09-03,San Francisco,075,870044,48540,47822,2012,49834,589
2021-09-03,San Joaquin,077,732212,90011,88366,4656,93022,1540
2021-09-03,San Luis Obispo,079,281455,26556,25917,1009,26926,283
2021-09-03,San Mateo,081,765935,50463,49617,733,50350,560
2021-09-03,Santa Barbara,083,443738,40513,39507,1384,40891,489
2021-09-03,Santa Clara,085,1922200,137370,135522,1026,136548,1801
2021-09-03,Santa Cruz,087,273765,18839,18532,940,19472,210
2021-09-03,Shasta,089,179085,16535,15778,2454,18232,226
2021-09-03,Sierra,091,2930,124,105,13,118,0
2021-09-03,Siskiyou,093,43540,2689,2529,830,3359,34
2021-09-03,Solano,095,438530,42458,41457,1054,42511,300
2021-09-03,Sonoma,097,501317,38168,37699,455,38154,358
2021-09-03,Stanislaus,099,539301,68819,67887,7618,75505,1074
2021-09-03,Sutter,101,95872,12288,12073,180,12253,139
2021-09-03,Tehama,103,63373,6588,6334,989,7323,72
2021-09-03,Trinity,105,12862,654,490,167,657,6
2021-09-03,Tulare,107,460477,58252,56401,11537,67938,872
2021-09-03,Tuolumne,109,53932,5767,5630,62,5692,88
2021-09-03,Ventura,111,848112,92274,90742,3950,94692,1088
2021-09-03,Yolo,113,214977,17799,17446,771,18217,235
2021-09-03,Yuba,115,75493,8668,8412,178,8590,55
2021-09-02,Alameda,001,1643700,110649,109377,2476,111853,1301
2021-09-02,Alpine,003,1148,93,92,0,92,0
2021-09-02,Amador,005,37829,4680,4606,43,4649,53
2021-09-02,Butte,007,227075,16814,16154,2879,19033,215
2021-09-02,Calaveras,009,45235,3147,3042,19,3061,62
2021-09-02,Colusa,011,21464,2328,2290,502,2792,16
2021-09-02,Contra Costa,013,1133247,91487,90038,1792,91830,886
2021-09-02,Del Norte,015,27424,3116,2891,18,2909,24
2021-09-02,El Dorado,017,186661,14015,13641,1324,14965,119
2021-09-02,Fresno,019,978130,120776,117974,10614,128588,1804
2021-09-02,Glenn,021,27897,2971,2855,832,3687,20
2021-09-02,Humboldt,023,135768,7403,7141,281,7422,52
2021-09-02,Imperial,025,180216,30707,30449,2863,33312,751
2021-09-02,Inyo,027,18085,1578,1564,16,1580,39
2021-09-02,Kern,029,883053,111577,108930,15810,124740,1404
2021-09-02,Kings,031,150075,27450,26638,1458,28096,263
2021-09-02,Lake,033,64148,5655,5432,86,5518,78
2021-09-02,Lassen,035,31185,5897,5747,177,5924,21
2021-09-02,Los Angeles,037,10098052,1367484,1351105,49797,1400902,25382
2021-09-02,Madera,039,155013,19527,18937,1451,20388,247
2021-09-02,Marin,041,260295,16457,16244,360,16604,242
2021-09-02,Mariposa,043,17540,782,745,22,767,5
2021-09-02,Mendocino,045,87422,6103,5848,232,6080,61
2021-09-02,Merced,047,269075,36454,35820,1373,37193,508
2021-09-02,Modoc,049,8938,457,437,158,595,5
2021-09-02,Mono,051,14174,1436,1409,17,1426,3
2021-09-02,Monterey,053,433212,46405,45648,2384,48032,539
2021-09-02,Napa,055,140530,11859,11684,74,11758,88
2021-09-02,Nevada,057,99092,7845,7575,256,7831,82
2021-09-02,Orange,059,3164182,290514,286326,13441,299767,5240
2021-09-02,Placer,061,380077,31968,31067,2841,33908,330
2021-09-02,Plumas,063,18699,1091,1045,18,1063,5
2021-09-02,Riverside,065,2383286,336837,330190,15372,345562,4644
2021-09-02,Sacramento,067,1510023,140641,139274,3169,142443,1882
2021-09-02,San Benito,069,59416,6778,6734,132,6866,64
2021-09-02,San Bernardino,071,2135413,331169,326940,10158,337098,5369
2021-09-02,San Diego,073,3302833,341587,336382,20034,356416,3909
2021-09-02,San Francisco,075,870044,48432,47674,2008,49682,587
2021-09-02,San Joaquin,077,732212,89727,88056,4632,92688,1540
2021-09-02,San Luis Obispo,079,281455,26470,25851,1004,26855,283
2021-09-02,San Mateo,081,765935,50362,49490,731,50221,558
2021-09-02,Santa Barbara,083,443738,40423,39386,1371,40757,486
2021-09-02,Santa Clara,085,1922200,137069,135216,1020,136236,1799
2021-09-02,Santa Cruz,087,273765,18805,18473,937,19410,210
2021-09-02,Shasta,089,179085,16397,15670,2425,18095,224
2021-09-02,Sierra,091,2930,124,105,13,118,0
2021-09-02,Siskiyou,093,43540,2668,2513,802,3315,34
2021-09-02,Solano,095,438530,42352,41293,1051,42344,294
2021-09-02,Sonoma,097,501317,38087,37558,455,38013,352
2021-09-02,Stanislaus,099,539301,68578,67576,7598,75174,1074
2021-09-02,Sutter,101,95872,12219,11995,176,12171,138
2021-09-02,Tehama,103,63373,6530,6265,970,7235,72
2021-09-02,Trinity,105,12862,650,484,165,649,6
2021-09-02,Tulare,107,460477,58022,56105,11486,67591,872
2021-09-02,Tuolumne,109,53932,5710,5578,62,5640,88
2021-09-02,Ventura,111,848112,92091,90610,3945,94555,1084
2021-09-02,Yolo,113,214977,17729,17357,760,18117,235
2021-09-02,Yuba,115,75493,8608,8363,178,8541,55
2021-09-01,Alameda,001,1643700,110382,109075,2471,111546,1299
2021-09-01,Alpine,003,1148,93,92,0,92,0
2021-09-01,Amador,005,37829,4664,4599,42,4641,53
2021-09-01,Butte,007,227075,16699,16046,2851,18897,215
2021-09-01,Calaveras,009,45235,3135,3023,19,3042,59
2021-09-01,Colusa,011,21464,2323,2281,501,2782,16
2021-09-01,Contra Costa,013,1133247,91252,89834,1785,91619,877
2021-09-01,Del Norte,015,27424,3083,2860,18,2878,24
2021-09-01,El Dorado,017,186661,13959,13577,1295,14872,119
2021-09-01,Fresno,019,978130,120285,117492,10545,128037,1800
2021-09-01,Glenn,021,27897,2946,2846,824,3670,20
2021-09-01,Humboldt,023,135768,7356,7090,274,7364,52
2021-09-01,Imperial,025,180216,30669,30393,2858,33251,750
2021-09-01,Inyo,027,18085,1574,1561,15,1576,39
2021-09-01,Kern,029,883053,111146,108449,15672,124121,1400
2021-09-01,Kings,031,150075,27337,26443,1447,27890,263
2021-09-01,Lake,033,64148,5614,5396,81,5477,77
2021-09-01,Lassen,035,31185,5875,5731,173,5904,21
2021-09-01,Los Angeles,037,10098052,1365218,1348589,49695,1398284,25341
2021-09-01,Madera,039,155013,19449,18852,1436,20288,247
2021-09-01,Marin,041,260295,16435,16224,355,16579,240
2021-09-01,Mariposa,043,17540,774,735,22,757,5
2021-09-01,Mendocino,045,87422,6060,5821,227,6048,59
2021-09-01,Merced,047,269075,36277,35686,1363,37049,500
2021-09-01,Modoc,049,8938,451,436,156,592,5
2021-09-01,Mono,051,14174,1436,1400,17,1417,3
2021-09-01,Monterey,053,433212,46325,45590,2369,47959,539
2021-09-01,Napa,055,140530,11826,11653,74,11727,88
2021-09-01,Nevada,057,99092,7792,7508,255,7763,82
2021-09-01,Orange,059,3164182,290039,285840,13404,299244,5233
2021-09-01,Placer,061,380077,31812,30902,2827,33729,330
2021-09-01,Plumas,063,18699,1083,1033,18,1051,5
2021-09-01,Riverside,065,2383286,336025,329388,15342,344730,4634
2021-09-01,Sacramento,067,1510023,140033,138499,3124,141623,1875
2021-09-01,San Benito,069,59416,6761,6716,132,6848,64
2021-09-01,San Bernardino,071,2135413,330522,326250,10129,336379,5364
2021-09-01,San Diego,073,3302833,340565,335302,19978,355280,3908
2021-09-01,San Francisco,075,870044,48324,47538,2001,49539,584
2021-09-01,San Joaquin,077,732212,89405,87640,4609,92249,1540
2021-09-01,San Luis Obispo,079,281455,26374,25691,999,26690,283
2021-09-01,San Mateo,081,765935,50242,49394,725,50119,558
2021-09-01,Santa Barbara,083,443738,40305,39263,1355,40618,483
2021-09-01,Santa Clara,085,1922200,136801,134855,1014,135869,1796
2021-09-01,Santa Cruz,087,273765,18758,18453,935,19388,210
2021-09-01,Shasta,089,179085,16265,15552,2385,17937,221
2021-09-01,Sierra,091,2930,123,98,13,111,0
2021-09-01,Siskiyou,093,43540,2638,2482,782,3264,34
2021-09-01,Solano,095,438530,42201,41194,1045,42239,293
2021-09-01,Sonoma,097,501317,37993,37454,454,37908,352
2021-09-01,Stanislaus,099,539301,68293,67287,7567,74854,1075
2021-09-01,Sutter,101,95872,12155,11945,169,12114,136
2021-09-01,Tehama,103,63373,6496,6228,953,7181,72
2021-09-01,Trinity,105,12862,649,482,162,644,5
2021-09-01,Tulare,107,460477,57739,55768,11449,67217,870
2021-09-01,Tuolumne,109,53932,5671,5553,62,5615,88
2021-09-01,Ventura,111,848112,91876,90471,3929,94400,1089
2021-09-01,Yolo,113,214977,17673,17264,754,18018,235
2021-09-01,Yuba,115,75493,8546,8308,178,8486,55
2021-08-31,Alameda,001,1643700,110088,108837,2465,111302,1297
2021-08-31,Alpine,003,1148,91,92,0,92,0
2021-08-31,Amador,005,37829,4643,4555,42,4597,53
2021-08-31,Butte,007,227075,16558,15896,2810,18706,216
2021-08-31,Calaveras,009,45235,3095,3008,19,3027,59
2021-08-31,Colusa,011,21464,2321,2275,499,2774,16
2021-08-31,Contra Costa,013,1133247,90957,89546,1773,91319,871
2021-08-31,Del Norte,015,27424,3047,2830,18,2848,19
2021-08-31,El Dorado,017,186661,13888,13539,1277,14816,119
2021-08-31,Fresno,019,978130,119709,117155,10466,127621,1801
2021-08-31,Glenn,021,27897,2930,2829,814,3643,20
2021-08-31,Humboldt,023,135768,7281,7030,261,7291,52
2021-08-31,Imperial,025,180216,30632,30348,2850,33198,750
2021-08-31,Inyo,027,18085,1570,1550,15,1565,39
2021-08-31,Kern,029,883053,110644,108151,15493,123644,1393
2021-08-31,Kings,031,150075,27196,26405,1433,27838,260
2021-08-31,Lake,033,64148,5570,5359,80,5439,74
2021-08-31,Lassen,035,31185,5849,5702,170,5872,21
2021-08-31,Los Angeles,037,10098052,1362627,1346686,49617,1396303,25303
2021-08-31,Madera,039,155013,19359,18811,1419,20230,247
2021-08-31,Marin,041,260295,16406,16215,352,16567,240
2021-08-31,Mariposa,043,17540,766,732,22,754,5
2021-08-31,Mendocino,045,87422,6018,5777,226,6003,59
2021-08-31,Merced,047,269075,36107,35512,1358,36870,498
2021-08-31,Modoc,049,8938,450,436,156,592,5
2021-08-31,Mono,051,14174,1424,1398,17,1415,3
2021-08-31,Monterey,053,433212,46241,45550,2356,47906,539
2021-08-31,Napa,055,140530,11778,11618,74,11692,88
2021-08-31,Nevada,057,99092,7726,7460,255,7715,82
2021-08-31,Orange,059,3164182,289440,285310,13372,298682,5229
2021-08-31,Placer,061,380077,31622,30745,2790,33535,325
2021-08-31,Plumas,063,18699,1079,1018,17,1035,5
2021-08-31,Riverside,065,2383286,335052,328556,15309,343865,4627
2021-08-31,Sacramento,067,1510023,139349,137879,3092,140971,1863
2021-08-31,San Benito,069,59416,6749,6694,130,6824,64
2021-08-31,San Bernardino,071,2135413,329773,325446,10109,335555,5350
2021-08-31,San Diego,073,3302833,339312,334377,19920,354297,3888
2021-08-31,San Francisco,075,870044,48174,47440,1990,49430,581
2021-08-31,San Joaquin,077,732212,88960,87365,4594,91959,1540
2021-08-31,San Luis Obispo,079,281455,26251,25518,995,26513,282
2021-08-31,San Mateo,081,765935,50130,49299,725,50024,556
2021-08-31,Santa Barbara,083,443738,40155,39091,1349,40440,481
2021-08-31,Santa Clara,085,1922200,136450,134637,1007,135644,1793
2021-08-31,Santa Cruz,087,273765,18720,18419,932,19351,210
2021-08-31,Shasta,089,179085,16113,15368,2358,17726,220
2021-08-31,Sierra,091,2930,120,95,13,108,0
2021-08-31,Siskiyou,093,43540,2618,2435,766,3201,33
2021-08-31,Solano,095,438530,42062,41067,1039,42106,289
2021-08-31,Sonoma,097,501317,37897,37379,453,37832,352
2021-08-31,Stanislaus,099,539301,67938,67004,7532,74536,1075
2021-08-31,Sutter,101,95872,12090,11901,165,12066,136
2021-08-31,Tehama,103,63373,6435,6169,922,7091,72
2021-08-31,Trinity,105,12862,643,480,162,642,3
2021-08-31,Tulare,107,460477,57405,55567,11379,66946,870
2021-08-31,Tuolumne,109,53932,5635,5516,62,5578,88
2021-08-31,Ventura,111,848112,91657,90292,3917,94209,1081
2021-08-31,Yolo,113,214977,17592,17205,746,17951,234
2021-08-31,Yuba,115,75493,8492,8253,178,8431,54
2021-08-30,Alameda,001,1643700,109771,107734,2454,110188,1296
2021-08-30,Alpine,003,1148,91,92,0,92,0
2021-08-30,Amador,005,37829,4632,4507,42,4549,53
2021-08-30,Butte,007,227075,16406,15719,2777,18496,214
2021-08-30,Calaveras,009,45235,3080,2975,19,2994,59
2021-08-30,Colusa,011,21464,2312,2271,496,2767,16
2021-08-30,Contra Costa,013,1133247,90697,87679,1763,89442,872
2021-08-30,Del Norte,015,27424,3005,2796,17,2813,11
2021-08-30,El Dorado,017,186661,13819,13217,1260,14477,119
2021-08-30,Fresno,019,978130,119137,115867,10394,126261,1790
2021-08-30,Glenn,021,27897,2919,2804,808,3612,20
2021-08-30,Humboldt,023,135768,7227,6930,255,7185,52
2021-08-30,Imperial,025,180216,30594,30311,2845,33156,750
2021-08-30,Inyo,027,18085,1565,1544,15,1559,39
2021-08-30,Kern,029,883053,110165,107615,15331,122946,1389
2021-08-30,Kings,031,150075,27079,26236,1418,27654,259
2021-08-30,Lake,033,64148,5535,5323,77,5400,74
2021-08-30,Lassen,035,31185,5827,5667,164,5831,21
2021-08-30,Los Angeles,037,10098052,1360165,1344949,49532,1394481,25269
2021-08-30,Madera,039,155013,19277,18622,1399,20021,247
2021-08-30,Marin,041,260295,16375,16160,352,16512,240
2021-08-30,Mariposa,043,17540,760,715,21,736,5
2021-08-30,Mendocino,045,87422,5984,5721,222,5943,55
2021-08-30,Merced,047,269075,35979,35335,1354,36689,497
2021-08-30,Modoc,049,8938,448,436,155,591,5
2021-08-30,Mono,051,14174,1423,1390,17,1407,3
2021-08-30,Monterey,053,433212,46179,45463,2339,47802,539
2021-08-30,Napa,055,140530,11729,11579,72,11651,87
2021-08-30,Nevada,057,99092,7667,7356,252,7608,82
2021-08-30,Orange,059,3164182,288859,284750,13323,298073,5223
2021-08-30,Placer,061,380077,31457,29825,2767,32592,319
2021-08-30,Plumas,063,18699,1062,998,17,1015,5
2021-08-30,Riverside,065,2383286,334161,327593,15278,342871,4623
2021-08-30,Sacramento,067,1510023,138691,134571,3046,137617,1847
2021-08-30,San Benito,069,59416,6740,6663,130,6793,64
2021-08-30,San Bernardino,071,2135413,329095,324870,10079,334949,5348
2021-08-30,San Diego,073,3302833,338041,333011,19840,352851,3885
2021-08-30,San Francisco,075,870044,48035,46966,1977,48943,581
2021-08-30,San Joaquin,077,732212,88629,86203,4573,90776,1528
2021-08-30,San Luis Obispo,079,281455,26126,25422,988,26410,280
2021-08-30,San Mateo,081,765935,50004,48839,719,49558,554
2021-08-30,Santa Barbara,083,443738,40003,38998,1344,40342,481
2021-08-30,Santa Clara,085,1922200,136129,133281,1000,134281,1789
2021-08-30,Santa Cruz,087,273765,18666,18326,928,19254,210
2021-08-30,Shasta,089,179085,15984,15238,2319,17557,217
2021-08-30,Sierra,091,2930,118,91,13,104,0
2021-08-30,Siskiyou,093,43540,2605,2411,755,3166,33
2021-08-30,Solano,095,438530,41901,39986,1035,41021,290
2021-08-30,Sonoma,097,501317,37792,36764,453,37217,352
2021-08-30,Stanislaus,099,539301,67599,66173,7501,73674,1074
2021-08-30,Sutter,101,95872,12020,11791,158,11949,136
2021-08-30,Tehama,103,63373,6356,6085,898,6983,71
2021-08-30,Trinity,105,12862,632,468,159,627,3
2021-08-30,Tulare,107,460477,57093,55140,11304,66444,870
2021-08-30,Tuolumne,109,53932,5589,5492,62,5554,74
2021-08-30,Ventura,111,848112,91441,90149,3905,94054,1082
2021-08-30,Yolo,113,214977,17530,17071,742,17813,231
2021-08-30,Yuba,115,75493,8418,8129,177,8306,54
2021-08-29,Alameda,001,1643700,109439,107494,2443,109937,1296
2021-08-29,Alpine,003,1148,91,92,0,92,0
2021-08-29,Amador,005,37829,4618,4501,42,4543,53
2021-08-29,Butte,007,227075,16236,15602,2740,18342,214
2021-08-29,Calaveras,009,45235,3048,2970,19,2989,59
2021-08-29,Colusa,011,21464,2305,2260,490,2750,16
2021-08-29,Contra Costa,013,1133247,90401,87439,1758,89197,872
2021-08-29,Del Norte,015,27424,2962,2752,17,2769,11
2021-08-29,El Dorado,017,186661,13763,13166,1249,14415,119
2021-08-29,Fresno,019,978130,118540,115502,10325,125827,1790
2021-08-29,Glenn,021,27897,2901,2778,801,3579,20
2021-08-29,Humboldt,023,135768,7183,6922,240,7162,52
2021-08-29,Imperial,025,180216,30533,30293,2834,33127,750
2021-08-29,Inyo,027,18085,1555,1543,14,1557,39
2021-08-29,Kern,029,883053,109714,107324,15161,122485,1389
2021-08-29,Kings,031,150075,26925,26143,1404,27547,259
2021-08-29,Lake,033,64148,5495,5293,67,5360,74
2021-08-29,Lassen,035,31185,5804,5666,160,5826,21
2021-08-29,Los Angeles,037,10098052,1357417,1342541,49421,1391962,25263
2021-08-29,Madera,039,155013,19190,18594,1383,19977,247
2021-08-29,Marin,041,260295,16344,16134,350,16484,240
2021-08-29,Mariposa,043,17540,754,709,19,728,5
2021-08-29,Mendocino,045,87422,5926,5689,209,5898,55
2021-08-29,Merced,047,269075,35740,35250,1342,36592,497
2021-08-29,Modoc,049,8938,445,436,155,591,5
2021-08-29,Mono,051,14174,1416,1387,17,1404,3
2021-08-29,Monterey,053,433212,46073,45424,2316,47740,539
2021-08-29,Napa,055,140530,11698,11552,72,11624,87
2021-08-29,Nevada,057,99092,7610,7294,251,7545,82
2021-08-29,Orange,059,3164182,288231,284432,13281,297713,5223
2021-08-29,Placer,061,380077,31285,29674,2726,32400,319
2021-08-29,Plumas,063,18699,1051,996,17,1013,5
2021-08-29,Riverside,065,2383286,333303,326987,15257,342244,4623
2021-08-29,Sacramento,067,1510023,137938,133981,2997,136978,1843
2021-08-29,San Benito,069,59416,6715,6646,130,6776,64
2021-08-29,San Bernardino,071,2135413,328310,324266,10045,334311,5347
2021-08-29,San Diego,073,3302833,336935,332014,19745,351759,3880
2021-08-29,San Francisco,075,870044,47900,46885,1965,48850,581
2021-08-29,San Joaquin,077,732212,88181,85922,4553,90475,1528
2021-08-29,San Luis Obispo,079,281455,25928,25288,980,26268,280
2021-08-29,San Mateo,081,765935,49891,48737,714,49451,554
2021-08-29,Santa Barbara,083,443738,39837,38900,1340,40240,481
2021-08-29,Santa Clara,085,1922200,135776,132979,994,133973,1789
2021-08-29,Santa Cruz,087,273765,18619,18285,926,19211,210
2021-08-29,Shasta,089,179085,15830,15198,2292,17490,217
2021-08-29,Sierra,091,2930,116,91,13,104,0
2021-08-29,Siskiyou,093,43540,2558,2407,735,3142,33
2021-08-29,Solano,095,438530,41747,39887,1028,40915,290
2021-08-29,Sonoma,097,501317,37657,36650,449,37099,352
2021-08-29,Stanislaus,099,539301,67254,65956,7465,73421,1074
2021-08-29,Sutter,101,95872,11961,11719,151,11870,136
2021-08-29,Tehama,103,63373,6285,6040,875,6915,71
2021-08-29,Trinity,105,12862,629,468,156,624,3
2021-08-29,Tulare,107,460477,56760,54974,11220,66194,870
2021-08-29,Tuolumne,109,53932,5563,5478,61,5539,74
2021-08-29,Ventura,111,848112,91183,90114,3896,94010,1082
2021-08-29,Yolo,113,214977,17430,17015,729,17744,231
2021-08-29,Yuba,115,75493,8354,8042,177,8219,54
2021-08-28,Alameda,001,1643700,109275,107007,2434,109441,1296
2021-08-28,Alpine,003,1148,91,92,0,92,0
2021-08-28,Amador,005,37829,4599,4484,41,4525,53
2021-08-28,Butte,007,227075,16176,15487,2712,18199,214
2021-08-28,Calaveras,009,45235,3038,2926,19,2945,59
2021-08-28,Colusa,011,21464,2301,2252,488,2740,16
2021-08-28,Contra Costa,013,1133247,90190,86938,1755,88693,872
2021-08-28,Del Norte,015,27424,2935,2734,16,2750,11
2021-08-28,El Dorado,017,186661,13724,13089,1243,14332,119
2021-08-28,Fresno,019,978130,118299,115079,10294,125373,1792
2021-08-28,Glenn,021,27897,2892,2773,794,3567,20
2021-08-28,Humboldt,023,135768,7148,6887,235,7122,52
2021-08-28,Imperial,025,180216,30506,30260,2831,33091,750
2021-08-28,Inyo,027,18085,1553,1539,14,1553,39
2021-08-28,Kern,029,883053,109476,107012,15021,122033,1389
2021-08-28,Kings,031,150075,26858,26059,1401,27460,257
2021-08-28,Lake,033,64148,5472,5267,63,5330,74
2021-08-28,Lassen,035,31185,5789,5665,159,5824,21
2021-08-28,Los Angeles,037,10098052,1356202,1337097,49350,1386447,25234
2021-08-28,Madera,039,155013,19139,18553,1369,19922,247
2021-08-28,Marin,041,260295,16329,16106,350,16456,240
2021-08-28,Mariposa,043,17540,752,704,19,723,5
2021-08-28,Mendocino,045,87422,5901,5658,209,5867,55
2021-08-28,Merced,047,269075,35688,35108,1339,36447,497
2021-08-28,Modoc,049,8938,445,436,154,590,5
2021-08-28,Mono,051,14174,1413,1385,17,1402,3
2021-08-28,Monterey,053,433212,46031,45394,2311,47705,539
2021-08-28,Napa,055,140530,11675,11512,71,11583,88
2021-08-28,Nevada,057,99092,7586,7238,249,7487,82
2021-08-28,Orange,059,3164182,287874,283953,13233,297186,5222
2021-08-28,Placer,061,380077,31176,29428,2713,32141,319
2021-08-28,Plumas,063,18699,1044,991,17,1008,5
2021-08-28,Riverside,065,2383286,332715,326222,15247,341469,4623
2021-08-28,Sacramento,067,1510023,137547,132985,2980,135965,1844
2021-08-28,San Benito,069,59416,6708,6636,130,6766,64
2021-08-28,San Bernardino,071,2135413,327862,323672,10037,333709,5348
2021-08-28,San Diego,073,3302833,336351,331330,19709,351039,3880
2021-08-28,San Francisco,075,870044,47828,46654,1958,48612,581
2021-08-28,San Joaquin,077,732212,88011,85481,4544,90025,1527
2021-08-28,San Luis Obispo,079,281455,25861,25138,975,26113,280
2021-08-28,San Mateo,081,765935,49817,48575,710,49285,554
2021-08-28,Santa Barbara,083,443738,39766,38780,1340,40120,481
2021-08-28,Santa Clara,085,1922200,135569,132488,992,133480,1789
2021-08-28,Santa Cruz,087,273765,18601,18240,923,19163,210
2021-08-28,Shasta,089,179085,15727,15147,2274,17421,217
2021-08-28,Sierra,091,2930,112,91,13,104,0
2021-08-28,Siskiyou,093,43540,2550,2402,724,3126,33
2021-08-28,Solano,095,438530,41698,39610,1027,40637,290
2021-08-28,Sonoma,097,501317,37584,36466,447,36913,352
2021-08-28,Stanislaus,099,539301,67096,65670,7448,73118,1074
2021-08-28,Sutter,101,95872,11940,11669,150,11819,136
2021-08-28,Tehama,103,63373,6259,6004,864,6868,71
2021-08-28,Trinity,105,12862,625,463,155,618,3
2021-08-28,Tulare,107,460477,56630,54746,11178,65924,870
2021-08-28,Tuolumne,109,53932,5547,5469,61,5530,74
2021-08-28,Ventura,111,848112,91065,89934,3894,93828,1081
2021-08-28,Yolo,113,214977,17395,16907,722,17629,231
2021-08-28,Yuba,115,75493,8323,7985,176,8161,55
2021-08-27,Alameda,001,1643700,109065,106622,2432,109054,1296
2021-08-27,Alpine,003,1148,91,92,0,92,0
2021-08-27,Amador,005,37829,4583,4458,40,4498,53
2021-08-27,Butte,007,227075,16096,15277,2690,17967,214
2021-08-27,Calaveras,009,45235,3024,2903,19,2922,59
2021-08-27,Colusa,011,21464,2295,2240,486,2726,16
2021-08-27,Contra Costa,013,1133247,89992,86386,1752,88138,872
2021-08-27,Del Norte,015,27424,2903,2695,16,2711,11
2021-08-27,El Dorado,017,186661,13685,12968,1239,14207,119
2021-08-27,Fresno,019,978130,117865,114481,10272,124753,1774
2021-08-27,Glenn,021,27897,2874,2754,785,3539,20
2021-08-27,Humboldt,023,135768,7115,6782,232,7014,52
2021-08-27,Imperial,025,180216,30486,30201,2829,33030,750
2021-08-27,Inyo,027,18085,1552,1529,14,1543,39
2021-08-27,Kern,029,883053,109182,106570,14911,121481,1385
2021-08-27,Kings,031,150075,26779,25957,1399,27356,257
2021-08-27,Lake,033,64148,5447,5228,62,5290,74
2021-08-27,Lassen,035,31185,5773,5646,154,5800,21
2021-08-27,Los Angeles,037,10098052,1354674,1337006,49287,1386293,25230
2021-08-27,Madera,039,155013,19083,18476,1356,19832,247
2021-08-27,Marin,041,260295,16313,16055,348,16403,240
2021-08-27,Mariposa,043,17540,746,690,19,709,5
2021-08-27,Mendocino,045,87422,5870,5602,208,5810,55
2021-08-27,Merced,047,269075,35634,34906,1331,36237,495
2021-08-27,Modoc,049,8938,445,434,154,588,5
2021-08-27,Mono,051,14174,1408,1385,17,1402,3
2021-08-27,Monterey,053,433212,45982,45337,2303,47640,539
2021-08-27,Napa,055,140530,11641,11460,71,11531,87
2021-08-27,Nevada,057,99092,7546,7169,247,7416,82
2021-08-27,Orange,059,3164182,287514,283407,13194,296601,5206
2021-08-27,Placer,061,380077,31046,29157,2694,31851,320
2021-08-27,Plumas,063,18699,1038,984,17,1001,5
2021-08-27,Riverside,065,2383286,332197,325379,15232,340611,4622
2021-08-27,Sacramento,067,1510023,137112,131921,2967,134888,1838
2021-08-27,San Benito,069,59416,6702,6622,130,6752,64
2021-08-27,San Bernardino,071,2135413,327337,322893,10019,332912,5342
2021-08-27,San Diego,073,3302833,335570,330162,19655,349817,3877
2021-08-27,San Francisco,075,870044,47752,46456,1940,48396,581
2021-08-27,San Joaquin,077,732212,87828,84949,4525,89474,1524
2021-08-27,San Luis Obispo,079,281455,25812,24952,972,25924,280
2021-08-27,San Mateo,081,765935,49742,48424,706,49130,553
2021-08-27,Santa Barbara,083,443738,39674,38675,1338,40013,480
2021-08-27,Santa Clara,085,1922200,135339,132011,989,133000,1783
2021-08-27,Santa Cruz,087,273765,18562,18163,919,19082,210
2021-08-27,Shasta,089,179085,15648,14996,2258,17254,217
2021-08-27,Sierra,091,2930,111,91,13,104,0
2021-08-27,Siskiyou,093,43540,2535,2358,710,3068,33
2021-08-27,Solano,095,438530,41584,39347,1023,40370,287
2021-08-27,Sonoma,097,501317,37513,36326,446,36772,342
2021-08-27,Stanislaus,099,539301,66887,65167,7411,72578,1061
2021-08-27,Sutter,101,95872,11894,11590,148,11738,135
2021-08-27,Tehama,103,63373,6227,5964,849,6813,71
2021-08-27,Trinity,105,12862,625,458,154,612,3
2021-08-27,Tulare,107,460477,56495,54443,11133,65576,870
2021-08-27,Tuolumne,109,53932,5515,5438,61,5499,74
2021-08-27,Ventura,111,848112,90936,89774,3890,93664,1076
2021-08-27,Yolo,113,214977,17352,16805,717,17522,231
2021-08-27,Yuba,115,75493,8266,7926,176,8102,54
2021-08-26,Alameda,001,1643700,108796,106146,2424,108570,1296
2021-08-26,Alpine,003,1148,91,92,0,92,0
2021-08-26,Amador,005,37829,4568,4442,39,4481,53
2021-08-26,Butte,007,227075,15961,15159,2652,17811,214
2021-08-26,Calaveras,009,45235,3013,2873,19,2892,59
2021-08-26,Colusa,011,21464,2288,2234,482,2716,16
2021-08-26,Contra Costa,013,1133247,89632,85808,1746,87554,866
2021-08-26,Del Norte,015,27424,2867,2625,16,2641,8
2021-08-26,El Dorado,017,186661,13616,12863,1225,14088,118
2021-08-26,Fresno,019,978130,117364,113854,10219,124073,1770
2021-08-26,Glenn,021,27897,2856,2740,776,3516,20
2021-08-26,Humboldt,023,135768,7057,6695,222,6917,53
2021-08-26,Imperial,025,180216,30437,30121,2822,32943,748
2021-08-26,Inyo,027,18085,1542,1521,13,1534,39
2021-08-26,Kern,029,883053,108754,106051,14769,120820,1380
2021-08-26,Kings,031,150075,26656,25838,1391,27229,260
2021-08-26,Lake,033,64148,5401,5196,59,5255,74
2021-08-26,Lassen,035,31185,5761,5626,152,5778,21
2021-08-26,Los Angeles,037,10098052,1352398,1334372,49194,1383566,25199
2021-08-26,Madera,039,155013,19013,18393,1343,19736,247
2021-08-26,Marin,041,260295,16284,15983,345,16328,240
2021-08-26,Mariposa,043,17540,736,677,19,696,5
2021-08-26,Mendocino,045,87422,5832,5533,203,5736,55
2021-08-26,Merced,047,269075,35467,34755,1310,36065,495
2021-08-26,Modoc,049,8938,445,433,154,587,5
2021-08-26,Mono,051,14174,1404,1385,17,1402,3
2021-08-26,Monterey,053,433212,45909,45265,2292,47557,539
2021-08-26,Napa,055,140530,11618,11394,70,11464,87
2021-08-26,Nevada,057,99092,7488,7086,244,7330,80
2021-08-26,Orange,059,3164182,287022,282814,13170,295984,5200
2021-08-26,Placer,061,380077,30876,28898,2668,31566,319
2021-08-26,Plumas,063,18699,1031,971,16,987,5
2021-08-26,Riverside,065,2383286,331405,324486,15212,339698,4615
2021-08-26,Sacramento,067,1510023,136578,130977,2926,133903,1827
2021-08-26,San Benito,069,59416,6692,6604,130,6734,64
2021-08-26,San Bernardino,071,2135413,326680,322100,9996,332096,5339
2021-08-26,San Diego,073,3302833,334543,328276,19589,347865,3869
2021-08-26,San Francisco,075,870044,47625,46288,1935,48223,581
2021-08-26,San Joaquin,077,732212,87450,84429,4504,88933,1513
2021-08-26,San Luis Obispo,079,281455,25662,24831,965,25796,278
2021-08-26,San Mateo,081,765935,49613,48263,704,48967,553
2021-08-26,Santa Barbara,083,443738,39589,38566,1337,39903,479
2021-08-26,Santa Clara,085,1922200,135014,131443,985,132428,1782
2021-08-26,Santa Cruz,087,273765,18502,18072,917,18989,210
2021-08-26,Shasta,089,179085,15526,14891,2230,17121,217
2021-08-26,Sierra,091,2930,109,90,13,103,0
2021-08-26,Siskiyou,093,43540,2513,2342,697,3039,33
2021-08-26,Solano,095,438530,41435,39027,1015,40042,286
2021-08-26,Sonoma,097,501317,37424,36102,446,36548,337
2021-08-26,Stanislaus,099,539301,66587,64785,7370,72155,1061
2021-08-26,Sutter,101,95872,11834,11499,145,11644,135
2021-08-26,Tehama,103,63373,6169,5913,836,6749,68
2021-08-26,Trinity,105,12862,620,450,152,602,3
2021-08-26,Tulare,107,460477,56238,54157,11087,65244,870
2021-08-26,Tuolumne,109,53932,5495,5387,61,5448,74
2021-08-26,Ventura,111,848112,90750,89595,3881,93476,1080
2021-08-26,Yolo,113,214977,17287,16727,706,17433,231
2021-08-26,Yuba,115,75493,8193,7834,174,8008,54
2021-08-25,Alameda,001,1643700,108479,105636,2417,108053,1296
2021-08-25,Alpine,003,1148,91,92,0,92,0
2021-08-25,Amador,005,37829,4553,4415,39,4454,53
2021-08-25,Butte,007,227075,15853,15039,2611,17650,214
2021-08-25,Calaveras,009,45235,2994,2851,19,2870,59
2021-08-25,Colusa,011,21464,2281,2227,473,2700,16
2021-08-25,Contra Costa,013,1133247,89244,85322,1740,87062,863
2021-08-25,Del Norte,015,27424,2822,2573,16,2589,8
2021-08-25,El Dorado,017,186661,13556,12787,1210,13997,118
2021-08-25,Fresno,019,978130,116823,113384,10177,123561,1761
2021-08-25,Glenn,021,27897,2838,2728,761,3489,20
2021-08-25,Humboldt,023,135768,6988,6653,213,6866,52
2021-08-25,Imperial,025,180216,30400,30085,2816,32901,748
2021-08-25,Inyo,027,18085,1538,1518,13,1531,39
2021-08-25,Kern,029,883053,108323,105687,14614,120301,1379
2021-08-25,Kings,031,150075,26549,25676,1385,27061,258
2021-08-25,Lake,033,64148,5371,5163,56,5219,74
2021-08-25,Lassen,035,31185,5744,5583,151,5734,21
2021-08-25,Los Angeles,037,10098052,1349799,1331400,49096,1380496,25170
2021-08-25,Madera,039,155013,18949,18311,1321,19632,247
2021-08-25,Marin,041,260295,16262,15938,339,16277,240
2021-08-25,Mariposa,043,17540,730,676,19,695,5
2021-08-25,Mendocino,045,87422,5798,5486,197,5683,53
2021-08-25,Merced,047,269075,35335,34600,1297,35897,492
2021-08-25,Modoc,049,8938,445,433,154,587,5
2021-08-25,Mono,051,14174,1400,1382,17,1399,3
2021-08-25,Monterey,053,433212,45835,45196,2277,47473,539
2021-08-25,Napa,055,140530,11584,11348,69,11417,87
2021-08-25,Nevada,057,99092,7422,7000,243,7243,77
2021-08-25,Orange,059,3164182,286495,282061,13136,295197,5193
2021-08-25,Placer,061,380077,30700,28740,2636,31376,319
2021-08-25,Plumas,063,18699,1016,962,16,978,5
2021-08-25,Riverside,065,2383286,330561,323548,15190,338738,4610
2021-08-25,Sacramento,067,1510023,135895,130046,2888,132934,1827
2021-08-25,San Benito,069,59416,6671,6587,129,6716,64
2021-08-25,San Bernardino,071,2135413,325988,321228,9975,331203,5337
2021-08-25,San Diego,073,3302833,333275,327166,19504,346670,3859
2021-08-25,San Francisco,075,870044,47475,46107,1930,48037,578
2021-08-25,San Joaquin,077,732212,87065,84002,4487,88489,1510
2021-08-25,San Luis Obispo,079,281455,25470,24607,961,25568,276
2021-08-25,San Mateo,081,765935,49491,48153,701,48854,553
2021-08-25,Santa Barbara,083,443738,39460,38450,1337,39787,479
2021-08-25,Santa Clara,085,1922200,134646,130995,983,131978,1783
2021-08-25,Santa Cruz,087,273765,18442,17987,914,18901,210
2021-08-25,Shasta,089,179085,15400,14752,2198,16950,217
2021-08-25,Sierra,091,2930,106,90,13,103,0
2021-08-25,Siskiyou,093,43540,2468,2322,679,3001,33
2021-08-25,Solano,095,438530,41263,38848,1003,39851,286
2021-08-25,Sonoma,097,501317,37300,35986,443,36429,336
2021-08-25,Stanislaus,099,539301,66305,64441,7338,71779,1061
2021-08-25,Sutter,101,95872,11766,11451,141,11592,134
2021-08-25,Tehama,103,63373,6110,5861,819,6680,68
2021-08-25,Trinity,105,12862,614,450,151,601,3
2021-08-25,Tulare,107,460477,55954,53877,11017,64894,866
2021-08-25,Tuolumne,109,53932,5469,5354,61,5415,74
2021-08-25,Ventura,111,848112,90566,89379,3867,93246,1068
2021-08-25,Yolo,113,214977,17222,16667,696,17363,231
2021-08-25,Yuba,115,75493,8127,7771,173,7944,54
2021-08-24,Alameda,001,1643700,108170,105319,2405,107724,1296
2021-08-24,Alpine,003,1148,91,92,0,92,0
2021-08-24,Amador,005,37829,4534,4380,39,4419,50
2021-08-24,Butte,007,227075,15699,14964,2578,17542,214
2021-08-24,Calaveras,009,45235,2955,2811,19,2830,59
2021-08-24,Colusa,011,21464,2273,2221,468,2689,16
2021-08-24,Contra Costa,013,1133247,88880,84963,1735,86698,857
2021-08-24,Del Norte,015,27424,2795,2543,16,2559,8
2021-08-24,El Dorado,017,186661,13479,12732,1195,13927,118
2021-08-24,Fresno,019,978130,116216,113024,10114,123138,1761
2021-08-24,Glenn,021,27897,2823,2717,754,3471,20
2021-08-24,Humboldt,023,135768,6925,6585,200,6785,52
2021-08-24,Imperial,025,180216,30339,30045,2811,32856,748
2021-08-24,Inyo,027,18085,1533,1512,13,1525,39
2021-08-24,Kern,029,883053,107859,105399,14450,119849,1375
2021-08-24,Kings,031,150075,26428,25629,1370,26999,258
2021-08-24,Lake,033,64148,5336,5135,56,5191,72
2021-08-24,Lassen,035,31185,5728,5576,149,5725,21
2021-08-24,Los Angeles,037,10098052,1346934,1328777,48990,1377767,25135
2021-08-24,Madera,039,155013,18873,18251,1304,19555,247
2021-08-24,Marin,041,260295,16226,15900,335,16235,240
2021-08-24,Mariposa,043,17540,723,670,19,689,5
2021-08-24,Mendocino,045,87422,5755,5416,190,5606,52
2021-08-24,Merced,047,269075,35167,34490,1286,35776,491
2021-08-24,Modoc,049,8938,445,432,154,586,5
2021-08-24,Mono,051,14174,1398,1382,17,1399,3
2021-08-24,Monterey,053,433212,45769,45126,2260,47386,539
2021-08-24,Napa,055,140530,11552,11299,68,11367,85
2021-08-24,Nevada,057,99092,7352,6981,241,7222,77
2021-08-24,Orange,059,3164182,285895,281461,13112,294573,5187
2021-08-24,Placer,061,380077,30495,28618,2597,31215,318
2021-08-24,Plumas,063,18699,1006,953,16,969,5
2021-08-24,Riverside,065,2383286,329688,322620,15161,337781,4605
2021-08-24,Sacramento,067,1510023,135211,129542,2842,132384,1812
2021-08-24,San Benito,069,59416,6658,6576,129,6705,64
2021-08-24,San Bernardino,071,2135413,325233,320300,9945,330245,5328
2021-08-24,San Diego,073,3302833,331832,325823,19395,345218,3851
2021-08-24,San Francisco,075,870044,47300,46010,1920,47930,574
2021-08-24,San Joaquin,077,732212,86625,83684,4450,88134,1508
2021-08-24,San Luis Obispo,079,281455,25293,24443,950,25393,274
2021-08-24,San Mateo,081,765935,49342,48050,699,48749,553
2021-08-24,Santa Barbara,083,443738,39329,38307,1336,39643,478
2021-08-24,Santa Clara,085,1922200,134222,130763,979,131742,1779
2021-08-24,Santa Cruz,087,273765,18367,17928,908,18836,209
2021-08-24,Shasta,089,179085,15292,14664,2167,16831,217
2021-08-24,Sierra,091,2930,103,90,13,103,0
2021-08-24,Siskiyou,093,43540,2446,2294,664,2958,33
2021-08-24,Solano,095,438530,41054,38724,991,39715,283
2021-08-24,Sonoma,097,501317,37172,35849,441,36290,336
2021-08-24,Stanislaus,099,539301,65976,64195,7284,71479,1058
2021-08-24,Sutter,101,95872,11699,11384,138,11522,134
2021-08-24,Tehama,103,63373,6064,5826,805,6631,67
2021-08-24,Trinity,105,12862,603,446,143,589,3
2021-08-24,Tulare,107,460477,55603,53702,10927,64629,856
2021-08-24,Tuolumne,109,53932,5438,5287,61,5348,74
2021-08-24,Ventura,111,848112,90382,89167,3856,93023,1068
2021-08-24,Yolo,113,214977,17143,16492,683,17175,231
2021-08-24,Yuba,115,75493,8044,7723,171,7894,54
2021-08-23,Alameda,001,1643700,107763,104922,2392,107314,1294
2021-08-23,Alpine,003,1148,91,91,0,91,0
2021-08-23,Amador,005,37829,4520,4369,39,4408,50
2021-08-23,Butte,007,227075,15553,14847,2540,17387,211
2021-08-23,Calaveras,009,45235,2928,2803,19,2822,59
2021-08-23,Colusa,011,21464,2269,2206,465,2671,16
2021-08-23,Contra Costa,013,1133247,88502,84651,1728,86379,857
2021-08-23,Del Norte,015,27424,2749,2499,16,2515,8
2021-08-23,El Dorado,017,186661,13376,12684,1173,13857,118
2021-08-23,Fresno,019,978130,115655,112445,10064,122509,1759
2021-08-23,Glenn,021,27897,2807,2696,744,3440,20
2021-08-23,Humboldt,023,135768,6852,6498,186,6684,52
2021-08-23,Imperial,025,180216,30288,30011,2808,32819,748
2021-08-23,Inyo,027,18085,1526,1509,13,1522,39
2021-08-23,Kern,029,883053,107404,104995,14296,119291,1375
2021-08-23,Kings,031,150075,26297,25465,1364,26829,257
2021-08-23,Lake,033,64148,5296,5099,54,5153,69
2021-08-23,Lassen,035,31185,5716,5562,149,5711,21
2021-08-23,Los Angeles,037,10098052,1343963,1326412,48860,1375272,25096
2021-08-23,Madera,039,155013,18787,18155,1289,19444,246
2021-08-23,Marin,041,260295,16178,15856,331,16187,240
2021-08-23,Mariposa,043,17540,712,645,19,664,5
2021-08-23,Mendocino,045,87422,5688,5374,183,5557,51
2021-08-23,Merced,047,269075,34985,34322,1281,35603,488
2021-08-23,Modoc,049,8938,442,431,153,584,6
2021-08-23,Mono,051,14174,1394,1384,17,1401,3
2021-08-23,Monterey,053,433212,45669,45047,2250,47297,538
2021-08-23,Napa,055,140530,11514,11257,68,11325,85
2021-08-23,Nevada,057,99092,7271,6930,239,7169,77
2021-08-23,Orange,059,3164182,285262,280891,13078,293969,5181
2021-08-23,Placer,061,380077,30295,28540,2559,31099,314
2021-08-23,Plumas,063,18699,998,934,16,950,5
2021-08-23,Riverside,065,2383286,328770,321650,15135,336785,4598
2021-08-23,Sacramento,067,1510023,134423,128969,2775,131744,1807
2021-08-23,San Benito,069,59416,6640,6562,127,6689,64
2021-08-23,San Bernardino,071,2135413,324426,319577,9906,329483,5324
2021-08-23,San Diego,073,3302833,330399,324536,19272,343808,3848
2021-08-23,San Francisco,075,870044,47145,45945,1911,47856,573
2021-08-23,San Joaquin,077,732212,86192,83466,4417,87883,1499
2021-08-23,San Luis Obispo,079,281455,25110,24317,948,25265,274
2021-08-23,San Mateo,081,765935,49204,47935,696,48631,553
2021-08-23,Santa Barbara,083,443738,39150,38181,1334,39515,478
2021-08-23,Santa Clara,085,1922200,133822,130489,975,131464,1778
2021-08-23,Santa Cruz,087,273765,18310,17871,907,18778,209
2021-08-23,Shasta,089,179085,15165,14537,2129,16666,216
2021-08-23,Sierra,091,2930,103,90,13,103,0
2021-08-23,Siskiyou,093,43540,2425,2274,643,2917,33
2021-08-23,Solano,095,438530,40900,38612,982,39594,283
2021-08-23,Sonoma,097,501317,37052,35769,440,36209,336
2021-08-23,Stanislaus,099,539301,65642,63922,7245,71167,1058
2021-08-23,Sutter,101,95872,11610,11314,130,11444,133
2021-08-23,Tehama,103,63373,6010,5805,789,6594,67
2021-08-23,Trinity,105,12862,600,435,140,575,3
2021-08-23,Tulare,107,460477,55295,53370,10855,64225,856
2021-08-23,Tuolumne,109,53932,5396,5240,61,5301,73
2021-08-23,Ventura,111,848112,90164,88960,3844,92804,1063
2021-08-23,Yolo,113,214977,17055,16445,669,17114,226
2021-08-23,Yuba,115,75493,7973,7653,169,7822,54
2021-08-22,Alameda,001,1643700,107317,104539,2365,106904,1294
2021-08-22,Alpine,003,1148,91,91,0,91,0
2021-08-22,Amador,005,37829,4490,4349,39,4388,50
2021-08-22,Butte,007,227075,15413,14791,2506,17297,211
2021-08-22,Calaveras,009,45235,2890,2771,19,2790,59
2021-08-22,Colusa,011,21464,2262,2201,459,2660,16
2021-08-22,Contra Costa,013,1133247,87959,84371,1715,86086,857
2021-08-22,Del Norte,015,27424,2689,2455,16,2471,8
2021-08-22,El Dorado,017,186661,13272,12629,1153,13782,118
2021-08-22,Fresno,019,978130,115057,112057,9996,122053,1759
2021-08-22,Glenn,021,27897,2780,2678,731,3409,20
2021-08-22,Humboldt,023,135768,6774,6483,168,6651,52
2021-08-22,Imperial,025,180216,30230,29993,2803,32796,748
2021-08-22,Inyo,027,18085,1520,1505,13,1518,39
2021-08-22,Kern,029,883053,106878,104691,14144,118835,1375
2021-08-22,Kings,031,150075,26139,25391,1347,26738,257
2021-08-22,Lake,033,64148,5251,5069,51,5120,69
2021-08-22,Lassen,035,31185,5684,5556,145,5701,21
2021-08-22,Los Angeles,037,10098052,1340640,1324151,48731,1372882,25089
2021-08-22,Madera,039,155013,18668,18120,1275,19395,246
2021-08-22,Marin,041,260295,16126,15822,323,16145,240
2021-08-22,Mariposa,043,17540,702,638,17,655,5
2021-08-22,Mendocino,045,87422,5629,5336,183,5519,51
2021-08-22,Merced,047,269075,34782,34234,1268,35502,488
2021-08-22,Modoc,049,8938,440,431,153,584,6
2021-08-22,Mono,051,14174,1392,1378,17,1395,3
2021-08-22,Monterey,053,433212,45570,45017,2236,47253,538
2021-08-22,Napa,055,140530,11469,11231,68,11299,85
2021-08-22,Nevada,057,99092,7197,6864,237,7101,77
2021-08-22,Orange,059,3164182,284568,280390,13034,293424,5181
2021-08-22,Placer,061,380077,30087,28395,2523,30918,314
2021-08-22,Plumas,063,18699,980,923,15,938,5
2021-08-22,Riverside,065,2383286,327749,320836,15088,335924,4594
2021-08-22,Sacramento,067,1510023,133648,128231,2735,130966,1802
2021-08-22,San Benito,069,59416,6624,6550,127,6677,64
2021-08-22,San Bernardino,071,2135413,323458,318839,9871,328710,5324
2021-08-22,San Diego,073,3302833,329077,323591,19166,342757,3848
2021-08-22,San Francisco,075,870044,46979,45831,1902,47733,573
2021-08-22,San Joaquin,077,732212,85734,83121,4382,87503,1498
2021-08-22,San Luis Obispo,079,281455,24904,24250,941,25191,274
2021-08-22,San Mateo,081,765935,49028,47821,691,48512,553
2021-08-22,Santa Barbara,083,443738,38969,38099,1326,39425,478
2021-08-22,Santa Clara,085,1922200,133405,130189,968,131157,1778
2021-08-22,Santa Cruz,087,273765,18252,17823,902,18725,209
2021-08-22,Shasta,089,179085,15028,14478,2093,16571,216
2021-08-22,Sierra,091,2930,103,87,13,100,0
2021-08-22,Siskiyou,093,43540,2396,2261,625,2886,33
2021-08-22,Solano,095,438530,40702,38489,969,39458,283
2021-08-22,Sonoma,097,501317,36895,35676,438,36114,336
2021-08-22,Stanislaus,099,539301,65289,63683,7155,70838,1058
2021-08-22,Sutter,101,95872,11528,11251,126,11377,133
2021-08-22,Tehama,103,63373,5964,5791,770,6561,67
2021-08-22,Trinity,105,12862,593,433,138,571,3
2021-08-22,Tulare,107,460477,54976,53220,10772,63992,856
2021-08-22,Tuolumne,109,53932,5353,5214,61,5275,73
2021-08-22,Ventura,111,848112,89955,88791,3827,92618,1063
2021-08-22,Yolo,113,214977,16952,16374,661,17035,226
2021-08-22,Yuba,115,75493,7900,7626,168,7794,54
2021-08-21,Alameda,001,1643700,107116,104281,2359,106640,1294
2021-08-21,Alpine,003,1148,91,91,0,91,0
2021-08-21,Amador,005,37829,4480,4338,38,4376,50
2021-08-21,Butte,007,227075,15345,14714,2487,17201,211
2021-08-21,Calaveras,009,45235,2874,2744,19,2763,59
2021-08-21,Colusa,011,21464,2256,2192,455,2647,16
2021-08-21,Contra Costa,013,1133247,87700,84136,1707,85843,857
2021-08-21,Del Norte,015,27424,2666,2409,16,2425,8
2021-08-21,El Dorado,017,186661,13228,12590,1149,13739,118
2021-08-21,Fresno,019,978130,114857,111765,9984,121749,1759
2021-08-21,Glenn,021,27897,2767,2654,723,3377,20
2021-08-21,Humboldt,023,135768,6736,6446,163,6609,52
2021-08-21,Imperial,025,180216,30187,29976,2800,32776,748
2021-08-21,Inyo,027,18085,1517,1500,13,1513,39
2021-08-21,Kern,029,883053,106623,104443,14021,118464,1375
2021-08-21,Kings,031,150075,26068,25313,1342,26655,257
2021-08-21,Lake,033,64148,5230,5055,49,5104,69
2021-08-21,Lassen,035,31185,5670,5553,145,5698,21
2021-08-21,Los Angeles,037,10098052,1339342,1321308,48639,1369947,25080
2021-08-21,Madera,039,155013,18630,18067,1269,19336,246
2021-08-21,Marin,041,260295,16092,15775,321,16096,240
2021-08-21,Mariposa,043,17540,692,634,17,651,5
2021-08-21,Mendocino,045,87422,5583,5307,182,5489,51
2021-08-21,Merced,047,269075,34677,34148,1263,35411,488
2021-08-21,Modoc,049,8938,440,430,153,583,6
2021-08-21,Mono,051,14174,1392,1378,17,1395,3
2021-08-21,Monterey,053,433212,45523,44969,2229,47198,538
2021-08-21,Napa,055,140530,11434,11211,68,11279,85
2021-08-21,Nevada,057,99092,7153,6810,236,7046,77
2021-08-21,Orange,059,3164182,284116,279855,13000,292855,5181
2021-08-21,Placer,061,380077,29949,28289,2499,30788,314
2021-08-21,Plumas,063,18699,976,916,14,930,5
2021-08-21,Riverside,065,2383286,327169,320086,15075,335161,4594
2021-08-21,Sacramento,067,1510023,133153,127751,2724,130475,1809
2021-08-21,San Benito,069,59416,6614,6542,126,6668,64
2021-08-21,San Bernardino,071,2135413,323008,318293,9850,328143,5324
2021-08-21,San Diego,073,3302833,328421,322620,19117,341737,3848
2021-08-21,San Francisco,075,870044,46877,45637,1895,47532,573
2021-08-21,San Joaquin,077,732212,85517,82825,4366,87191,1498
2021-08-21,San Luis Obispo,079,281455,24846,24169,941,25110,273
2021-08-21,San Mateo,081,765935,48933,47685,691,48376,553
2021-08-21,Santa Barbara,083,443738,38887,37951,1322,39273,478
2021-08-21,Santa Clara,085,1922200,133140,129911,964,130875,1778
2021-08-21,Santa Cruz,087,273765,18215,17763,897,18660,209
2021-08-21,Shasta,089,179085,14954,14417,2079,16496,217
2021-08-21,Sierra,091,2930,98,85,13,98,0
2021-08-21,Siskiyou,093,43540,2382,2246,614,2860,33
2021-08-21,Solano,095,438530,40591,38423,959,39382,281
2021-08-21,Sonoma,097,501317,36808,35582,437,36019,336
2021-08-21,Stanislaus,099,539301,65107,63512,7138,70650,1058
2021-08-21,Sutter,101,95872,11483,11204,124,11328,133
2021-08-21,Tehama,103,63373,5939,5757,763,6520,67
2021-08-21,Trinity,105,12862,588,431,136,567,3
2021-08-21,Tulare,107,460477,54831,53045,10729,63774,857
2021-08-21,Tuolumne,109,53932,5322,5193,61,5254,73
2021-08-21,Ventura,111,848112,89810,88558,3812,92370,1063
2021-08-21,Yolo,113,214977,16905,16322,655,16977,226
2021-08-21,Yuba,115,75493,7854,7580,167,7747,54
2021-08-20,Alameda,001,1643700,106881,103812,2351,106163,1294
2021-08-20,Alpine,003,1148,91,91,0,91,0
2021-08-20,Amador,005,37829,4454,4323,38,4361,50
2021-08-20,Butte,007,227075,15272,14617,2465,17082,211
2021-08-20,Calaveras,009,45235,2854,2717,19,2736,59
2021-08-20,Colusa,011,21464,2251,2178,453,2631,16
2021-08-20,Contra Costa,013,1133247,87425,83721,1700,85421,857
2021-08-20,Del Norte,015,27424,2634,2316,16,2332,8
2021-08-20,El Dorado,017,186661,13190,12495,1141,13636,118
2021-08-20,Fresno,019,978130,114500,111315,9950,121265,1759
2021-08-20,Glenn,021,27897,2760,2642,713,3355,20
2021-08-20,Humboldt,023,135768,6684,6349,158,6507,52
2021-08-20,Imperial,025,180216,30164,29934,2800,32734,747
2021-08-20,Inyo,027,18085,1511,1495,13,1508,39
2021-08-20,Kern,029,883053,106340,104048,13893,117941,1373
2021-08-20,Kings,031,150075,26002,25241,1340,26581,256
2021-08-20,Lake,033,64148,5215,5024,46,5070,69
2021-08-20,Lassen,035,31185,5650,5539,145,5684,21
2021-08-20,Los Angeles,037,10098052,1337463,1317541,48538,1366079,25049
2021-08-20,Madera,039,155013,18581,18018,1254,19272,246
2021-08-20,Marin,041,260295,16074,15727,317,16044,240
2021-08-20,Mariposa,043,17540,687,630,17,647,5
2021-08-20,Mendocino,045,87422,5537,5241,181,5422,51
2021-08-20,Merced,047,269075,34613,34035,1253,35288,486
2021-08-20,Modoc,049,8938,440,429,153,582,6
2021-08-20,Mono,051,14174,1391,1368,17,1385,3
2021-08-20,Monterey,053,433212,45485,44890,2223,47113,538
2021-08-20,Napa,055,140530,11402,11152,68,11220,83
2021-08-20,Nevada,057,99092,7111,6753,230,6983,77
2021-08-20,Orange,059,3164182,283671,279193,12979,292172,5179
2021-08-20,Placer,061,380077,29854,28156,2470,30626,313
2021-08-20,Plumas,063,18699,966,908,14,922,5
2021-08-20,Riverside,065,2383286,326473,319072,15044,334116,4594
2021-08-20,Sacramento,067,1510023,132677,127226,2707,129933,1797
2021-08-20,San Benito,069,59416,6600,6508,126,6634,64
2021-08-20,San Bernardino,071,2135413,322396,317372,9821,327193,5322
2021-08-20,San Diego,073,3302833,327512,321102,19047,340149,3846
2021-08-20,San Francisco,075,870044,46780,45432,1880,47312,573
2021-08-20,San Joaquin,077,732212,85286,82419,4347,86766,1496
2021-08-20,San Luis Obispo,079,281455,24768,23986,937,24923,273
2021-08-20,San Mateo,081,765935,48820,47561,688,48249,551
2021-08-20,Santa Barbara,083,443738,38802,37794,1317,39111,477
2021-08-20,Santa Clara,085,1922200,132857,129510,959,130469,1774
2021-08-20,Santa Cruz,087,273765,18175,17701,894,18595,209
2021-08-20,Shasta,089,179085,14874,14277,2061,16338,215
2021-08-20,Sierra,091,2930,97,83,13,96,0
2021-08-20,Siskiyou,093,43540,2366,2226,609,2835,33
2021-08-20,Solano,095,438530,40450,38214,948,39162,277
2021-08-20,Sonoma,097,501317,36740,35416,436,35852,336
2021-08-20,Stanislaus,099,539301,64918,63219,7114,70333,1047
2021-08-20,Sutter,101,95872,11427,11136,123,11259,133
2021-08-20,Tehama,103,63373,5923,5730,751,6481,66
2021-08-20,Trinity,105,12862,588,422,135,557,3
2021-08-20,Tulare,107,460477,54701,52855,10686,63541,856
2021-08-20,Tuolumne,109,53932,5298,5153,60,5213,73
2021-08-20,Ventura,111,848112,89642,88285,3809,92094,1061
2021-08-20,Yolo,113,214977,16850,16236,649,16885,225
2021-08-20,Yuba,115,75493,7813,7523,167,7690,54
2021-08-19,Alameda,001,1643700,106436,103276,2329,105605,1294
2021-08-19,Alpine,003,1148,91,91,0,91,0
2021-08-19,Amador,005,37829,4447,4317,38,4355,50
2021-08-19,Butte,007,227075,15138,14518,2437,16955,211
2021-08-19,Calaveras,009,45235,2832,2673,19,2692,59
2021-08-19,Colusa,011,21464,2242,2167,448,2615,16
2021-08-19,Contra Costa,013,1133247,86985,83296,1687,84983,852
2021-08-19,Del Norte,015,27424,2584,2257,16,2273,8
2021-08-19,El Dorado,017,186661,13104,12410,1122,13532,118
2021-08-19,Fresno,019,978130,114061,110947,9896,120843,1759
2021-08-19,Glenn,021,27897,2742,2629,706,3335,20
2021-08-19,Humboldt,023,135768,6623,6246,152,6398,52
2021-08-19,Imperial,025,180216,30118,29865,2795,32660,747
2021-08-19,Inyo,027,18085,1504,1494,13,1507,39
2021-08-19,Kern,029,883053,105944,103731,13752,117483,1371
2021-08-19,Kings,031,150075,25871,25128,1328,26456,256
2021-08-19,Lake,033,64148,5183,4991,42,5033,69
2021-08-19,Lassen,035,31185,5632,5520,144,5664,21
2021-08-19,Los Angeles,037,10098052,1334480,1314453,48397,1362850,25020
2021-08-19,Madera,039,155013,18519,17947,1239,19186,246
2021-08-19,Marin,041,260295,16041,15672,314,15986,240
2021-08-19,Mariposa,043,17540,672,618,17,635,5
2021-08-19,Mendocino,045,87422,5504,5167,178,5345,51
2021-08-19,Merced,047,269075,34478,33851,1239,35090,486
2021-08-19,Modoc,049,8938,440,427,153,580,6
2021-08-19,Mono,051,14174,1387,1349,17,1366,3
2021-08-19,Monterey,053,433212,45412,44821,2213,47034,538
2021-08-19,Napa,055,140530,11350,11104,68,11172,83
2021-08-19,Nevada,057,99092,7047,6695,227,6922,77
2021-08-19,Orange,059,3164182,283033,278562,12928,291490,5172
2021-08-19,Placer,061,380077,29673,27953,2453,30406,313
2021-08-19,Plumas,063,18699,953,896,14,910,5
2021-08-19,Riverside,065,2383286,325441,318056,15015,333071,4589
2021-08-19,Sacramento,067,1510023,131973,126720,2672,129392,1801
2021-08-19,San Benito,069,59416,6583,6493,125,6618,64
2021-08-19,San Bernardino,071,2135413,321572,316398,9798,326196,5318
2021-08-19,San Diego,073,3302833,326261,319582,18949,338531,3839
2021-08-19,San Francisco,075,870044,46617,45220,1867,47087,571
2021-08-19,San Joaquin,077,732212,84837,82047,4298,86345,1491
2021-08-19,San Luis Obispo,079,281455,24630,23878,930,24808,271
2021-08-19,San Mateo,081,765935,48688,47431,687,48118,551
2021-08-19,Santa Barbara,083,443738,38657,37693,1314,39007,477
2021-08-19,Santa Clara,085,1922200,132467,129133,952,130085,1774
2021-08-19,Santa Cruz,087,273765,18112,17644,887,18531,209
2021-08-19,Shasta,089,179085,14750,14200,2038,16238,214
2021-08-19,Sierra,091,2930,93,83,13,96,0
2021-08-19,Siskiyou,093,43540,2351,2218,597,2815,33
2021-08-19,Solano,095,438530,40292,38025,937,38962,273
2021-08-19,Sonoma,097,501317,36652,35233,435,35668,336
2021-08-19,Stanislaus,099,539301,64574,62928,7070,69998,1047
2021-08-19,Sutter,101,95872,11342,11057,122,11179,133
2021-08-19,Tehama,103,63373,5887,5683,725,6408,66
2021-08-19,Trinity,105,12862,584,414,133,547,3
2021-08-19,Tulare,107,460477,54469,52685,10623,63308,856
2021-08-19,Tuolumne,109,53932,5262,5112,59,5171,64
2021-08-19,Ventura,111,848112,89439,88073,3795,91868,1060
2021-08-19,Yolo,113,214977,16765,16153,641,16794,225
2021-08-19,Yuba,115,75493,7761,7458,166,7624,51
2021-08-18,Alameda,001,1643700,106030,102696,2308,105004,1294
2021-08-18,Alpine,003,1148,90,91,0,91,0
2021-08-18,Amador,005,37829,4431,4279,37,4316,50
2021-08-18,Butte,007,227075,15028,14426,2409,16835,208
2021-08-18,Calaveras,009,45235,2795,2643,18,2661,59
2021-08-18,Colusa,011,21464,2234,2160,444,2604,16
2021-08-18,Contra Costa,013,1133247,86485,82767,1681,84448,851
2021-08-18,Del Norte,015,27424,2527,2219,16,2235,8
2021-08-18,El Dorado,017,186661,13014,12306,1108,13414,118
2021-08-18,Fresno,019,978130,113606,110523,9835,120358,1759
2021-08-18,Glenn,021,27897,2709,2623,698,3321,20
2021-08-18,Humboldt,023,135768,6552,6195,147,6342,52
2021-08-18,Imperial,025,180216,30085,29821,2793,32614,746
2021-08-18,Inyo,027,18085,1501,1494,13,1507,39
2021-08-18,Kern,029,883053,105597,103440,13658,117098,1370
2021-08-18,Kings,031,150075,25762,24984,1320,26304,256
2021-08-18,Lake,033,64148,5142,4957,41,4998,69
2021-08-18,Lassen,035,31185,5613,5506,143,5649,21
2021-08-18,Los Angeles,037,10098052,1331327,1311477,48265,1359742,24984
2021-08-18,Madera,039,155013,18460,17871,1226,19097,246
2021-08-18,Marin,041,260295,16003,15610,311,15921,240
2021-08-18,Mariposa,043,17540,659,615,16,631,5
2021-08-18,Mendocino,045,87422,5453,5129,176,5305,51
2021-08-18,Merced,047,269075,34314,33708,1228,34936,484
2021-08-18,Modoc,049,8938,440,427,152,579,6
2021-08-18,Mono,051,14174,1384,1344,17,1361,3
2021-08-18,Monterey,053,433212,45328,44735,2196,46931,532
2021-08-18,Napa,055,140530,11311,11060,67,11127,83
2021-08-18,Nevada,057,99092,6981,6633,227,6860,76
2021-08-18,Orange,059,3164182,282395,277795,12876,290671,5168
2021-08-18,Placer,061,380077,29446,27741,2425,30166,312
2021-08-18,Plumas,063,18699,944,874,14,888,5
2021-08-18,Riverside,065,2383286,324443,317107,14982,332089,4585
2021-08-18,Sacramento,067,1510023,131212,125599,2640,128239,1781
2021-08-18,San Benito,069,59416,6572,6481,124,6605,64
2021-08-18,San Bernardino,071,2135413,320773,315477,9779,325256,5304
2021-08-18,San Diego,073,3302833,324921,318152,18883,337035,3834
2021-08-18,San Francisco,075,870044,46415,44957,1858,46815,568
2021-08-18,San Joaquin,077,732212,84384,81601,4267,85868,1491
2021-08-18,San Luis Obispo,079,281455,24480,23726,917,24643,270
2021-08-18,San Mateo,081,765935,48524,47255,686,47941,551
2021-08-18,Santa Barbara,083,443738,38526,37599,1308,38907,475
2021-08-18,Santa Clara,085,1922200,132103,128563,949,129512,1773
2021-08-18,Santa Cruz,087,273765,18057,17566,883,18449,209
2021-08-18,Shasta,089,179085,14651,14087,2019,16106,213
2021-08-18,Sierra,091,2930,92,83,13,96,0
2021-08-18,Siskiyou,093,43540,2322,2204,585,2789,33
2021-08-18,Solano,095,438530,40086,37812,922,38734,271
2021-08-18,Sonoma,097,501317,36508,35063,434,35497,333
2021-08-18,Stanislaus,099,539301,64243,62613,7027,69640,1047
2021-08-18,Sutter,101,95872,11270,11004,117,11121,130
2021-08-18,Tehama,103,63373,5852,5653,715,6368,66
2021-08-18,Trinity,105,12862,577,409,130,539,3
2021-08-18,Tulare,107,460477,54229,52486,10554,63040,856
2021-08-18,Tuolumne,109,53932,5226,5081,57,5138,64
2021-08-18,Ventura,111,848112,89207,87835,3785,91620,1055
2021-08-18,Yolo,113,214977,16682,16047,623,16670,225
2021-08-18,Yuba,115,75493,7696,7391,166,7557,51
2021-08-17,Alameda,001,1643700,105633,102379,2293,104672,1290
2021-08-17,Alpine,003,1148,90,91,0,91,0
2021-08-17,Amador,005,37829,4402,4266,37,4303,50
2021-08-17,Butte,007,227075,14921,14357,2374,16731,206
2021-08-17,Calaveras,009,45235,2761,2624,18,2642,59
2021-08-17,Colusa,011,21464,2225,2156,440,2596,16
2021-08-17,Contra Costa,013,1133247,86037,82482,1671,84153,848
2021-08-17,Del Norte,015,27424,2473,2188,16,2204,8
2021-08-17,El Dorado,017,186661,12927,12242,1094,13336,118
2021-08-17,Fresno,019,978130,113121,110263,9772,120035,1755
2021-08-17,Glenn,021,27897,2695,2608,689,3297,20
2021-08-17,Humboldt,023,135768,6472,6155,145,6300,52
2021-08-17,Imperial,025,180216,30034,29768,2789,32557,746
2021-08-17,Inyo,027,18085,1498,1492,13,1505,39
2021-08-17,Kern,029,883053,105203,103048,13537,116585,1367
2021-08-17,Kings,031,150075,25657,24930,1309,26239,254
2021-08-17,Lake,033,64148,5099,4930,35,4965,68
2021-08-17,Lassen,035,31185,5596,5499,141,5640,21
2021-08-17,Los Angeles,037,10098052,1327759,1307999,48136,1356135,24952
2021-08-17,Madera,039,155013,18386,17838,1208,19046,246
2021-08-17,Marin,041,260295,15947,15570,311,15881,240
2021-08-17,Mariposa,043,17540,651,609,15,624,5
2021-08-17,Mendocino,045,87422,5398,5097,176,5273,51
2021-08-17,Merced,047,269075,34164,33508,1217,34725,482
2021-08-17,Modoc,049,8938,437,424,150,574,6
2021-08-17,Mono,051,14174,1379,1341,17,1358,3
2021-08-17,Monterey,053,433212,45244,44672,2186,46858,528
2021-08-17,Napa,055,140530,11270,11007,66,11073,83
2021-08-17,Nevada,057,99092,6906,6605,225,6830,75
2021-08-17,Orange,059,3164182,281749,277121,12840,289961,5164
2021-08-17,Placer,061,380077,29231,27634,2396,30030,312
2021-08-17,Plumas,063,18699,932,860,14,874,5
2021-08-17,Riverside,065,2383286,323430,316051,14939,330990,4582
2021-08-17,Sacramento,067,1510023,130418,125151,2598,127749,1774
2021-08-17,San Benito,069,59416,6553,6470,124,6594,64
2021-08-17,San Bernardino,071,2135413,319834,314402,9739,324141,5302
2021-08-17,San Diego,073,3302833,323311,317058,18785,335843,3824
2021-08-17,San Francisco,075,870044,46215,44820,1852,46672,567
2021-08-17,San Joaquin,077,732212,83916,81300,4233,85533,1489
2021-08-17,San Luis Obispo,079,281455,24324,23556,914,24470,268
2021-08-17,San Mateo,081,765935,48369,47127,681,47808,551
2021-08-17,Santa Barbara,083,443738,38367,37478,1301,38779,475
2021-08-17,Santa Clara,085,1922200,131700,128354,943,129297,1773
2021-08-17,Santa Cruz,087,273765,17972,17528,882,18410,209
2021-08-17,Shasta,089,179085,14520,14012,2000,16012,214
2021-08-17,Sierra,091,2930,91,82,13,95,0
2021-08-17,Siskiyou,093,43540,2306,2183,572,2755,33
2021-08-17,Solano,095,438530,39857,37662,909,38571,269
2021-08-17,Sonoma,097,501317,36360,34943,430,35373,333
2021-08-17,Stanislaus,099,539301,63902,62385,6968,69353,1047
2021-08-17,Sutter,101,95872,11198,10973,117,11090,130
2021-08-17,Tehama,103,63373,5818,5612,693,6305,66
2021-08-17,Trinity,105,12862,572,406,128,534,3
2021-08-17,Tulare,107,460477,53961,52362,10489,62851,856
2021-08-17,Tuolumne,109,53932,5183,5042,56,5098,64
2021-08-17,Ventura,111,848112,88969,87601,3764,91365,1053
2021-08-17,Yolo,113,214977,16593,15975,609,16584,225
2021-08-17,Yuba,115,75493,7624,7355,166,7521,51
2021-08-16,Alameda,001,1643700,105137,102052,2285,104337,1287
2021-08-16,Alpine,003,1148,90,91,0,91,0
2021-08-16,Amador,005,37829,4392,4235,37,4272,50
2021-08-16,Butte,007,227075,14801,14283,2338,16621,206
2021-08-16,Calaveras,009,45235,2701,2609,17,2626,57
2021-08-16,Colusa,011,21464,2214,2147,436,2583,16
2021-08-16,Contra Costa,013,1133247,85495,82070,1661,83731,848
2021-08-16,Del Norte,015,27424,2396,2125,16,2141,8
2021-08-16,El Dorado,017,186661,12826,12139,1081,13220,118
2021-08-16,Fresno,019,978130,112624,109623,9720,119343,1753
2021-08-16,Glenn,021,27897,2676,2593,683,3276,20
2021-08-16,Humboldt,023,135768,6401,6064,124,6188,52
2021-08-16,Imperial,025,180216,29993,29737,2775,32512,746
2021-08-16,Inyo,027,18085,1495,1490,13,1503,39
2021-08-16,Kern,029,883053,104828,102690,13421,116111,1367
2021-08-16,Kings,031,150075,25554,24817,1300,26117,254
2021-08-16,Lake,033,64148,5072,4898,34,4932,68
2021-08-16,Lassen,035,31185,5580,5481,133,5614,21
2021-08-16,Los Angeles,037,10098052,1324378,1305330,47994,1353324,24923
2021-08-16,Madera,039,155013,18311,17756,1187,18943,246
2021-08-16,Marin,041,260295,15888,15497,310,15807,239
2021-08-16,Mariposa,043,17540,634,597,15,612,5
2021-08-16,Mendocino,045,87422,5342,5037,174,5211,49
2021-08-16,Merced,047,269075,33963,33364,1204,34568,481
2021-08-16,Modoc,049,8938,435,421,149,570,5
2021-08-16,Mono,051,14174,1374,1339,17,1356,3
2021-08-16,Monterey,053,433212,45165,44595,2174,46769,527
2021-08-16,Napa,055,140530,11241,10946,66,11012,83
2021-08-16,Nevada,057,99092,6851,6535,224,6759,74
2021-08-16,Orange,059,3164182,280955,275985,12794,288779,5161
2021-08-16,Placer,061,380077,29048,27384,2364,29748,306
2021-08-16,Plumas,063,18699,921,851,14,865,5
2021-08-16,Riverside,065,2383286,322334,314774,14902,329676,4582
2021-08-16,Sacramento,067,1510023,129607,124554,2555,127109,1762
2021-08-16,San Benito,069,59416,6529,6452,124,6576,64
2021-08-16,San Bernardino,071,2135413,318867,313617,9712,323329,5301
2021-08-16,San Diego,073,3302833,321713,315348,18645,333993,3824
2021-08-16,San Francisco,075,870044,46011,44681,1845,46526,567
2021-08-16,San Joaquin,077,732212,83412,81087,4205,85292,1488
2021-08-16,San Luis Obispo,079,281455,24174,23452,906,24358,265
2021-08-16,San Mateo,081,765935,48187,47024,675,47699,548
2021-08-16,Santa Barbara,083,443738,38197,37358,1296,38654,475
2021-08-16,Santa Clara,085,1922200,131236,127978,939,128917,1773
2021-08-16,Santa Cruz,087,273765,17908,17491,876,18367,209
2021-08-16,Shasta,089,179085,14431,13862,1984,15846,211
2021-08-16,Sierra,091,2930,88,82,13,95,0
2021-08-16,Siskiyou,093,43540,2289,2169,552,2721,33
2021-08-16,Solano,095,438530,39576,37436,897,38333,263
2021-08-16,Sonoma,097,501317,36192,34844,427,35271,333
2021-08-16,Stanislaus,099,539301,63563,62033,6916,68949,1039
2021-08-16,Sutter,101,95872,11129,10902,116,11018,130
2021-08-16,Tehama,103,63373,5755,5565,688,6253,66
2021-08-16,Trinity,105,12862,566,400,127,527,3
2021-08-16,Tulare,107,460477,53718,52162,10421,62583,856
2021-08-16,Tuolumne,109,53932,5144,4984,55,5039,64
2021-08-16,Ventura,111,848112,88724,86954,3746,90700,1052
2021-08-16,Yolo,113,214977,16492,15922,601,16523,225
2021-08-16,Yuba,115,75493,7540,7314,165,7479,51
2021-08-15,Alameda,001,1643700,104653,101660,2268,103928,1287
2021-08-15,Alpine,003,1148,90,91,0,91,0
2021-08-15,Amador,005,37829,4364,4231,37,4268,49
2021-08-15,Butte,007,227075,14676,14263,2315,16578,206
2021-08-15,Calaveras,009,45235,2659,2599,17,2616,57
2021-08-15,Colusa,011,21464,2202,2140,426,2566,16
2021-08-15,Contra Costa,013,1133247,85012,81781,1646,83427,848
2021-08-15,Del Norte,015,27424,2329,2060,16,2076,8
2021-08-15,El Dorado,017,186661,12691,12057,1064,13121,118
2021-08-15,Fresno,019,978130,112145,109382,9654,119036,1753
2021-08-15,Glenn,021,27897,2653,2592,671,3263,20
2021-08-15,Humboldt,023,135768,6327,6024,118,6142,52
2021-08-15,Imperial,025,180216,29927,29711,2771,32482,746
2021-08-15,Inyo,027,18085,1494,1489,13,1502,39
2021-08-15,Kern,029,883053,104384,102524,13309,115833,1367
2021-08-15,Kings,031,150075,25408,24736,1290,26026,254
2021-08-15,Lake,033,64148,5013,4886,33,4919,68
2021-08-15,Lassen,035,31185,5563,5482,132,5614,21
2021-08-15,Los Angeles,037,10098052,1320840,1302882,47825,1350707,24918
2021-08-15,Madera,039,155013,18223,17714,1171,18885,246
2021-08-15,Marin,041,260295,15829,15461,308,15769,239
2021-08-15,Mariposa,043,17540,627,591,14,605,5
2021-08-15,Mendocino,045,87422,5285,5022,168,5190,49
2021-08-15,Merced,047,269075,33719,33305,1193,34498,481
2021-08-15,Modoc,049,8938,433,421,149,570,5
2021-08-15,Mono,051,14174,1370,1334,17,1351,3
2021-08-15,Monterey,053,433212,45043,44567,2153,46720,527
2021-08-15,Napa,055,140530,11186,10919,66,10985,83
2021-08-15,Nevada,057,99092,6766,6486,224,6710,74
2021-08-15,Orange,059,3164182,280185,275447,12754,288201,5161
2021-08-15,Placer,061,380077,28826,27220,2316,29536,306
2021-08-15,Plumas,063,18699,909,850,14,864,5
2021-08-15,Riverside,065,2383286,321196,314133,14875,329008,4582
2021-08-15,Sacramento,067,1510023,128789,123924,2523,126447,1761
2021-08-15,San Benito,069,59416,6511,6446,123,6569,64
2021-08-15,San Bernardino,071,2135413,317795,313120,9681,322801,5301
2021-08-15,San Diego,073,3302833,320241,314247,18518,332765,3824
2021-08-15,San Francisco,075,870044,45787,44531,1830,46361,567
2021-08-15,San Joaquin,077,732212,82924,80832,4166,84998,1488
2021-08-15,San Luis Obispo,079,281455,23978,23404,896,24300,265
2021-08-15,San Mateo,081,765935,48000,46897,669,47566,548
2021-08-15,Santa Barbara,083,443738,38025,37276,1289,38565,475
2021-08-15,Santa Clara,085,1922200,130803,127715,933,128648,1773
2021-08-15,Santa Cruz,087,273765,17838,17440,869,18309,209
2021-08-15,Shasta,089,179085,14328,13835,1959,15794,211
2021-08-15,Sierra,091,2930,87,82,12,94,0
2021-08-15,Siskiyou,093,43540,2268,2169,538,2707,33
2021-08-15,Solano,095,438530,39320,37320,886,38206,263
2021-08-15,Sonoma,097,501317,35996,34706,419,35125,333
2021-08-15,Stanislaus,099,539301,63194,61795,6839,68634,1039
2021-08-15,Sutter,101,95872,11038,10863,116,10979,130
2021-08-15,Tehama,103,63373,5706,5550,682,6232,66
2021-08-15,Trinity,105,12862,562,400,126,526,3
2021-08-15,Tulare,107,460477,53462,52046,10362,62408,856
2021-08-15,Tuolumne,109,53932,5106,4934,53,4987,64
2021-08-15,Ventura,111,848112,88419,86797,3732,90529,1052
2021-08-15,Yolo,113,214977,16396,15873,591,16464,225
2021-08-15,Yuba,115,75493,7463,7265,164,7429,51
2021-08-14,Alameda,001,1643700,104437,101305,2264,103569,1287
2021-08-14,Alpine,003,1148,90,91,0,91,0
2021-08-14,Amador,005,37829,4346,4206,37,4243,49
2021-08-14,Butte,007,227075,14640,14192,2299,16491,206
2021-08-14,Calaveras,009,45235,2652,2579,17,2596,57
2021-08-14,Colusa,011,21464,2191,2134,422,2556,16
2021-08-14,Contra Costa,013,1133247,84764,81458,1638,83096,848
2021-08-14,Del Norte,015,27424,2302,2015,16,2031,8
2021-08-14,El Dorado,017,186661,12655,12019,1056,13075,118
2021-08-14,Fresno,019,978130,111983,109056,9624,118680,1753
2021-08-14,Glenn,021,27897,2642,2583,668,3251,20
2021-08-14,Humboldt,023,135768,6274,5998,115,6113,52
2021-08-14,Imperial,025,180216,29900,29671,2771,32442,746
2021-08-14,Inyo,027,18085,1492,1487,13,1500,39
2021-08-14,Kern,029,883053,104189,102306,13213,115519,1367
2021-08-14,Kings,031,150075,25310,24647,1282,25929,254
2021-08-14,Lake,033,64148,4996,4850,32,4882,68
2021-08-14,Lassen,035,31185,5556,5475,131,5606,21
2021-08-14,Los Angeles,037,10098052,1319067,1299346,47687,1347033,24911
2021-08-14,Madera,039,155013,18176,17691,1166,18857,246
2021-08-14,Marin,041,260295,15795,15441,308,15749,239
2021-08-14,Mariposa,043,17540,623,584,14,598,5
2021-08-14,Mendocino,045,87422,5249,4977,165,5142,49
2021-08-14,Merced,047,269075,33655,33234,1187,34421,481
2021-08-14,Modoc,049,8938,433,421,149,570,5
2021-08-14,Mono,051,14174,1365,1332,17,1349,3
2021-08-14,Monterey,053,433212,44998,44514,2150,46664,527
2021-08-14,Napa,055,140530,11156,10878,65,10943,83
2021-08-14,Nevada,057,99092,6731,6419,223,6642,74
2021-08-14,Orange,059,3164182,279751,274732,12727,287459,5161
2021-08-14,Placer,061,380077,28680,27115,2292,29407,306
2021-08-14,Plumas,063,18699,899,849,14,863,5
2021-08-14,Riverside,065,2383286,320480,313264,14854,328118,4582
2021-08-14,Sacramento,067,1510023,128295,123438,2505,125943,1758
2021-08-14,San Benito,069,59416,6498,6428,123,6551,64
2021-08-14,San Bernardino,071,2135413,317244,312142,9660,321802,5301
2021-08-14,San Diego,073,3302833,319570,313589,18450,332039,3824
2021-08-14,San Francisco,075,870044,45658,44353,1811,46164,567
2021-08-14,San Joaquin,077,732212,82707,80585,4151,84736,1488
2021-08-14,San Luis Obispo,079,281455,23917,23328,893,24221,265
2021-08-14,San Mateo,081,765935,47881,46792,665,47457,548
2021-08-14,Santa Barbara,083,443738,37931,37118,1287,38405,475
2021-08-14,Santa Clara,085,1922200,130524,127432,930,128362,1772
2021-08-14,Santa Cruz,087,273765,17799,17384,868,18252,209
2021-08-14,Shasta,089,179085,14253,13813,1938,15751,211
2021-08-14,Sierra,091,2930,86,81,12,93,0
2021-08-14,Siskiyou,093,43540,2258,2160,528,2688,33
2021-08-14,Solano,095,438530,39233,37237,874,38111,263
2021-08-14,Sonoma,097,501317,35873,34606,417,35023,333
2021-08-14,Stanislaus,099,539301,63018,61564,6795,68359,1039
2021-08-14,Sutter,101,95872,10993,10808,115,10923,130
2021-08-14,Tehama,103,63373,5682,5530,678,6208,66
2021-08-14,Trinity,105,12862,556,399,126,525,3
2021-08-14,Tulare,107,460477,53326,51951,10317,62268,856
2021-08-14,Tuolumne,109,53932,5071,4924,53,4977,64
2021-08-14,Ventura,111,848112,88263,86569,3712,90281,1052
2021-08-14,Yolo,113,214977,16351,15815,582,16397,225
2021-08-14,Yuba,115,75493,7414,7223,164,7387,51
2021-08-13,Alameda,001,1643700,104142,100930,2256,103186,1284
2021-08-13,Alpine,003,1148,90,91,0,91,0
2021-08-13,Amador,005,37829,4318,4169,37,4206,49
2021-08-13,Butte,007,227075,14570,14100,2283,16383,206
2021-08-13,Calaveras,009,45235,2646,2564,17,2581,57
2021-08-13,Colusa,011,21464,2184,2123,417,2540,16
2021-08-13,Contra Costa,013,1133247,84452,81046,1631,82677,848
2021-08-13,Del Norte,015,27424,2261,1973,16,1989,8
2021-08-13,El Dorado,017,186661,12615,11951,1044,12995,118
2021-08-13,Fresno,019,978130,111691,108638,9600,118238,1753
2021-08-13,Glenn,021,27897,2631,2574,665,3239,20
2021-08-13,Humboldt,023,135768,6227,5882,112,5994,52
2021-08-13,Imperial,025,180216,29873,29654,2770,32424,745
2021-08-13,Inyo,027,18085,1491,1484,13,1497,39
2021-08-13,Kern,029,883053,103980,102029,13104,115133,1364
2021-08-13,Kings,031,150075,25225,24531,1275,25806,253
2021-08-13,Lake,033,64148,4973,4811,31,4842,68
2021-08-13,Lassen,035,31185,5548,5455,130,5585,21
2021-08-13,Los Angeles,037,10098052,1316744,1295406,47549,1342955,24891
2021-08-13,Madera,039,155013,18127,17614,1157,18771,246
2021-08-13,Marin,041,260295,15764,15380,308,15688,239
2021-08-13,Mariposa,043,17540,617,577,14,591,5
2021-08-13,Mendocino,045,87422,5196,4924,163,5087,49
2021-08-13,Merced,047,269075,33608,33111,1181,34292,480
2021-08-13,Modoc,049,8938,432,421,148,569,5
2021-08-13,Mono,051,14174,1362,1331,17,1348,3
2021-08-13,Monterey,053,433212,44938,44450,2148,46598,527
2021-08-13,Napa,055,140530,11120,10830,65,10895,83
2021-08-13,Nevada,057,99092,6690,6356,222,6578,74
2021-08-13,Orange,059,3164182,279257,274004,12678,286682,5159
2021-08-13,Placer,061,380077,28579,26987,2265,29252,306
2021-08-13,Plumas,063,18699,885,842,14,856,5
2021-08-13,Riverside,065,2383286,319741,312408,14829,327237,4581
2021-08-13,Sacramento,067,1510023,127825,122868,2480,125348,1758
2021-08-13,San Benito,069,59416,6492,6422,121,6543,64
2021-08-13,San Bernardino,071,2135413,316576,311378,9641,321019,5301
2021-08-13,San Diego,073,3302833,318524,312293,18371,330664,3821
2021-08-13,San Francisco,075,870044,45522,44196,1788,45984,567
2021-08-13,San Joaquin,077,732212,82490,80232,4135,84367,1481
2021-08-13,San Luis Obispo,079,281455,23854,23226,890,24116,265
2021-08-13,San Mateo,081,765935,47762,46660,664,47324,548
2021-08-13,Santa Barbara,083,443738,37846,37023,1283,38306,474
2021-08-13,Santa Clara,085,1922200,130237,126958,924,127882,1769
2021-08-13,Santa Cruz,087,273765,17759,17332,861,18193,209
2021-08-13,Shasta,089,179085,14190,13698,1924,15622,211
2021-08-13,Sierra,091,2930,85,81,12,93,0
2021-08-13,Siskiyou,093,43540,2249,2147,524,2671,33
2021-08-13,Solano,095,438530,39099,37104,866,37970,264
2021-08-13,Sonoma,097,501317,35768,34464,417,34881,333
2021-08-13,Stanislaus,099,539301,62846,61294,6754,68048,1039
2021-08-13,Sutter,101,95872,10949,10751,114,10865,130
2021-08-13,Tehama,103,63373,5658,5496,676,6172,66
2021-08-13,Trinity,105,12862,552,392,126,518,3
2021-08-13,Tulare,107,460477,53222,51770,10244,62014,856
2021-08-13,Tuolumne,109,53932,5038,4899,52,4951,64
2021-08-13,Ventura,111,848112,88105,86368,3699,90067,1052
2021-08-13,Yolo,113,214977,16297,15761,572,16333,225
2021-08-13,Yuba,115,75493,7376,7184,164,7348,51
2021-08-12,Alameda,001,1643700,103653,100472,2243,102715,1284
2021-08-12,Alpine,003,1148,90,91,0,91,0
2021-08-12,Amador,005,37829,4288,4161,36,4197,49
2021-08-12,Butte,007,227075,14500,14006,2265,16271,206
2021-08-12,Calaveras,009,45235,2630,2531,17,2548,57
2021-08-12,Colusa,011,21464,2179,2111,416,2527,17
2021-08-12,Contra Costa,013,1133247,83968,80738,1616,82354,846
2021-08-12,Del Norte,015,27424,2189,1923,16,1939,8
2021-08-12,El Dorado,017,186661,12501,11880,1035,12915,118
2021-08-12,Fresno,019,978130,111269,108193,9532,117725,1753
2021-08-12,Glenn,021,27897,2623,2559,653,3212,20
2021-08-12,Humboldt,023,135768,6158,5845,108,5953,52
2021-08-12,Imperial,025,180216,29817,29585,2764,32349,745
2021-08-12,Inyo,027,18085,1489,1483,13,1496,39
2021-08-12,Kern,029,883053,103691,101698,13025,114723,1364
2021-08-12,Kings,031,150075,25125,24423,1267,25690,252
2021-08-12,Lake,033,64148,4947,4774,31,4805,68
2021-08-12,Lassen,035,31185,5526,5428,129,5557,21
2021-08-12,Los Angeles,037,10098052,1313553,1291875,47414,1339289,24874
2021-08-12,Madera,039,155013,18063,17564,1145,18709,246
2021-08-12,Marin,041,260295,15715,15277,305,15582,239
2021-08-12,Mariposa,043,17540,608,568,13,581,5
2021-08-12,Mendocino,045,87422,5166,4873,157,5030,49
2021-08-12,Merced,047,269075,33484,32960,1174,34134,480
2021-08-12,Modoc,049,8938,431,423,148,571,5
2021-08-12,Mono,051,14174,1357,1325,17,1342,3
2021-08-12,Monterey,053,433212,44862,44383,2133,46516,527
2021-08-12,Napa,055,140530,11071,10780,64,10844,83
2021-08-12,Nevada,057,99092,6629,6283,222,6505,74
2021-08-12,Orange,059,3164182,278579,273167,12620,285787,5158
2021-08-12,Placer,061,380077,28380,26856,2242,29098,306
2021-08-12,Plumas,063,18699,877,829,14,843,5
2021-08-12,Riverside,065,2383286,318732,311304,14797,326101,4575
2021-08-12,Sacramento,067,1510023,127053,122222,2450,124672,1758
2021-08-12,San Benito,069,59416,6475,6398,119,6517,64
2021-08-12,San Bernardino,071,2135413,315702,310420,9611,320031,5297
2021-08-12,San Diego,073,3302833,317154,310596,18282,328878,3821
2021-08-12,San Francisco,075,870044,45315,43774,1775,45549,564
2021-08-12,San Joaquin,077,732212,82095,79945,4111,84056,1479
2021-08-12,San Luis Obispo,079,281455,23754,23101,877,23978,264
2021-08-12,San Mateo,081,765935,47618,46435,661,47096,548
2021-08-12,Santa Barbara,083,443738,37709,36881,1275,38156,473
2021-08-12,Santa Clara,085,1922200,129788,126614,918,127532,1769
2021-08-12,Santa Cruz,087,273765,17695,17261,860,18121,209
2021-08-12,Shasta,089,179085,14104,13621,1897,15518,211
2021-08-12,Sierra,091,2930,85,81,12,93,0
2021-08-12,Siskiyou,093,43540,2242,2134,515,2649,33
2021-08-12,Solano,095,438530,38870,36980,857,37837,262
2021-08-12,Sonoma,097,501317,35620,34299,414,34713,333
2021-08-12,Stanislaus,099,539301,62581,61026,6695,67721,1039
2021-08-12,Sutter,101,95872,10888,10695,112,10807,130
2021-08-12,Tehama,103,63373,5628,5462,667,6129,66
2021-08-12,Trinity,105,12862,548,386,125,511,3
2021-08-12,Tulare,107,460477,53077,51632,10195,61827,856
2021-08-12,Tuolumne,109,53932,4991,4845,50,4895,64
2021-08-12,Ventura,111,848112,87868,86106,3675,89781,1052
2021-08-12,Yolo,113,214977,16225,15686,558,16244,224
2021-08-12,Yuba,115,75493,7328,7128,163,7291,51
2021-08-11,Alameda,001,1643700,103146,100040,2240,102280,1281
2021-08-11,Alpine,003,1148,90,91,0,91,0
2021-08-11,Amador,005,37829,4264,4127,36,4163,49
2021-08-11,Butte,007,227075,14399,13905,2240,16145,206
2021-08-11,Calaveras,009,45235,2608,2505,17,2522,57
2021-08-11,Colusa,011,21464,2169,2101,414,2515,16
2021-08-11,Contra Costa,013,1133247,83466,80275,1598,81873,843
2021-08-11,Del Norte,015,27424,2130,1893,16,1909,8
2021-08-11,El Dorado,017,186661,12390,11799,1023,12822,119
2021-08-11,Fresno,019,978130,110814,107773,9486,117259,1751
2021-08-11,Glenn,021,27897,2614,2547,643,3190,20
2021-08-11,Humboldt,023,135768,6111,5765,107,5872,52
2021-08-11,Imperial,025,180216,29774,29565,2760,32325,745
2021-08-11,Inyo,027,18085,1489,1483,13,1496,39
2021-08-11,Kern,029,883053,103377,101448,12918,114366,1363
2021-08-11,Kings,031,150075,25012,24304,1258,25562,250
2021-08-11,Lake,033,64148,4910,4713,30,4743,68
2021-08-11,Lassen,035,31185,5517,5408,127,5535,21
2021-08-11,Los Angeles,037,10098052,1310225,1288238,47228,1335466,24851
2021-08-11,Madera,039,155013,18012,17511,1134,18645,245
2021-08-11,Marin,041,260295,15666,15235,305,15540,239
2021-08-11,Mariposa,043,17540,598,554,12,566,5
2021-08-11,Mendocino,045,87422,5097,4796,148,4944,49
2021-08-11,Merced,047,269075,33351,32802,1170,33972,479
2021-08-11,Modoc,049,8938,431,421,148,569,5
2021-08-11,Mono,051,14174,1352,1320,17,1337,3
2021-08-11,Monterey,053,433212,44763,44314,2115,46429,527
2021-08-11,Napa,055,140530,11030,10732,64,10796,83
2021-08-11,Nevada,057,99092,6576,6172,219,6391,74
2021-08-11,Orange,059,3164182,277721,272212,12575,284787,5155
2021-08-11,Placer,061,380077,28168,26687,2216,28903,305
2021-08-11,Plumas,063,18699,868,824,14,838,5
2021-08-11,Riverside,065,2383286,317739,310265,14762,325027,4570
2021-08-11,Sacramento,067,1510023,126261,121603,2411,124014,1757
2021-08-11,San Benito,069,59416,6462,6381,119,6500,64
2021-08-11,San Bernardino,071,2135413,314809,309498,9592,319090,5296
2021-08-11,San Diego,073,3302833,315684,309406,18178,327584,3818
2021-08-11,San Francisco,075,870044,45090,43555,1767,45322,564
2021-08-11,San Joaquin,077,732212,81688,79641,4084,83725,1478
2021-08-11,San Luis Obispo,079,281455,23650,22920,870,23790,264
2021-08-11,San Mateo,081,765935,47450,46300,658,46958,548
2021-08-11,Santa Barbara,083,443738,37546,36699,1267,37966,472
2021-08-11,Santa Clara,085,1922200,129306,126301,910,127211,1769
2021-08-11,Santa Cruz,087,273765,17630,17191,857,18048,209
2021-08-11,Shasta,089,179085,14030,13546,1882,15428,211
2021-08-11,Sierra,091,2930,84,81,12,93,0
2021-08-11,Siskiyou,093,43540,2228,2124,508,2632,33
2021-08-11,Solano,095,438530,38635,36862,843,37705,262
2021-08-11,Sonoma,097,501317,35441,34188,409,34597,333
2021-08-11,Stanislaus,099,539301,62250,60767,6665,67432,1037
2021-08-11,Sutter,101,95872,10816,10628,112,10740,130
2021-08-11,Tehama,103,63373,5599,5410,651,6061,66
2021-08-11,Trinity,105,12862,546,385,125,510,3
2021-08-11,Tulare,107,460477,52909,51464,10150,61614,854
2021-08-11,Tuolumne,109,53932,4959,4794,50,4844,64
2021-08-11,Ventura,111,848112,87616,85863,3654,89517,1051
2021-08-11,Yolo,113,214977,16150,15593,542,16135,218
2021-08-11,Yuba,115,75493,7269,7063,162,7225,53
2021-08-10,Alameda,001,1643700,102677,99771,2233,102004,1281
2021-08-10,Alpine,003,1148,90,91,0,91,0
2021-08-10,Amador,005,37829,4248,4093,36,4129,49
2021-08-10,Butte,007,227075,14315,13853,2219,16072,205
2021-08-10,Calaveras,009,45235,2584,2491,15,2506,57
2021-08-10,Colusa,011,21464,2156,2088,405,2493,16
2021-08-10,Contra Costa,013,1133247,82921,80018,1588,81606,840
2021-08-10,Del Norte,015,27424,2086,1870,16,1886,8
2021-08-10,El Dorado,017,186661,12289,11734,1011,12745,117
2021-08-10,Fresno,019,978130,110357,107616,9431,117047,1747
2021-08-10,Glenn,021,27897,2601,2538,633,3171,20
2021-08-10,Humboldt,023,135768,6057,5718,104,5822,52
2021-08-10,Imperial,025,180216,29739,29522,2753,32275,745
2021-08-10,Inyo,027,18085,1489,1482,13,1495,39
2021-08-10,Kern,029,883053,103049,101254,12822,114076,1359
2021-08-10,Kings,031,150075,24886,24252,1242,25494,251
2021-08-10,Lake,033,64148,4869,4700,30,4730,67
2021-08-10,Lassen,035,31185,5499,5401,127,5528,21
2021-08-10,Los Angeles,037,10098052,1306469,1285140,47063,1332203,24821
2021-08-10,Madera,039,155013,17939,17481,1124,18605,245
2021-08-10,Marin,041,260295,15619,15194,305,15499,239
2021-08-10,Mariposa,043,17540,585,550,12,562,5
2021-08-10,Mendocino,045,87422,5052,4775,144,4919,49
2021-08-10,Merced,047,269075,33204,32721,1161,33882,477
2021-08-10,Modoc,049,8938,430,421,148,569,5
2021-08-10,Mono,051,14174,1347,1320,17,1337,3
2021-08-10,Monterey,053,433212,44701,44259,2100,46359,527
2021-08-10,Napa,055,140530,10974,10703,63,10766,83
2021-08-10,Nevada,057,99092,6511,6151,218,6369,73
2021-08-10,Orange,059,3164182,276841,271688,12528,284216,5155
2021-08-10,Placer,061,380077,27949,26561,2174,28735,305
2021-08-10,Plumas,063,18699,859,816,14,830,5
2021-08-10,Riverside,065,2383286,316624,309529,14736,324265,4564
2021-08-10,Sacramento,067,1510023,125408,121159,2380,123539,1755
2021-08-10,San Benito,069,59416,6448,6371,119,6490,64
2021-08-10,San Bernardino,071,2135413,313885,308672,9574,318246,5295
2021-08-10,San Diego,073,3302833,314042,308288,18086,326374,3815
2021-08-10,San Francisco,075,870044,44836,43389,1752,45141,564
2021-08-10,San Joaquin,077,732212,81290,79391,4066,83457,1478
2021-08-10,San Luis Obispo,079,281455,23524,22776,868,23644,264
2021-08-10,San Mateo,081,765935,47278,46184,656,46840,548
2021-08-10,Santa Barbara,083,443738,37381,36574,1260,37834,472
2021-08-10,Santa Clara,085,1922200,128843,126019,903,126922,1770
2021-08-10,Santa Cruz,087,273765,17547,17142,855,17997,209
2021-08-10,Shasta,089,179085,13952,13461,1859,15320,211
2021-08-10,Sierra,091,2930,84,76,12,88,0
2021-08-10,Siskiyou,093,43540,2219,2088,501,2589,33
2021-08-10,Solano,095,438530,38389,36767,832,37599,262
2021-08-10,Sonoma,097,501317,35296,34054,406,34460,333
2021-08-10,Stanislaus,099,539301,61904,60605,6628,67233,1037
2021-08-10,Sutter,101,95872,10751,10569,112,10681,130
2021-08-10,Tehama,103,63373,5570,5392,646,6038,66
2021-08-10,Trinity,105,12862,546,384,125,509,3
2021-08-10,Tulare,107,460477,52745,51390,10098,61488,854
2021-08-10,Tuolumne,109,53932,4930,4780,48,4828,64
2021-08-10,Ventura,111,848112,87326,85714,3633,89347,1051
2021-08-10,Yolo,113,214977,16063,15568,532,16100,218
2021-08-10,Yuba,115,75493,7220,7028,162,7190,50
2021-08-09,Alameda,001,1643700,102127,99496,2229,101725,1276
2021-08-09,Alpine,003,1148,90,91,0,91,0
2021-08-09,Amador,005,37829,4222,4078,36,4114,48
2021-08-09,Butte,007,227075,14216,13813,2190,16003,205
2021-08-09,Calaveras,009,45235,2559,2472,15,2487,57
2021-08-09,Colusa,011,21464,2146,2075,398,2473,16
2021-08-09,Contra Costa,013,1133247,82378,79740,1576,81316,840
2021-08-09,Del Norte,015,27424,2018,1848,16,1864,8
2021-08-09,El Dorado,017,186661,12182,11672,998,12670,117
2021-08-09,Fresno,019,978130,109863,107310,9393,116703,1747
2021-08-09,Glenn,021,27897,2590,2532,621,3153,20
2021-08-09,Humboldt,023,135768,5966,5632,102,5734,52
2021-08-09,Imperial,025,180216,29694,29512,2749,32261,745
2021-08-09,Inyo,027,18085,1489,1481,13,1494,39
2021-08-09,Kern,029,883053,102737,101069,12736,113805,1359
2021-08-09,Kings,031,150075,24779,24155,1228,25383,250
2021-08-09,Lake,033,64148,4834,4670,28,4698,66
2021-08-09,Lassen,035,31185,5477,5393,126,5519,21
2021-08-09,Los Angeles,037,10098052,1302456,1282891,46860,1329751,24798
2021-08-09,Madera,039,155013,17880,17429,1104,18533,245
2021-08-09,Marin,041,260295,15566,15154,304,15458,239
2021-08-09,Mariposa,043,17540,572,545,12,557,5
2021-08-09,Mendocino,045,87422,5001,4732,136,4868,49
2021-08-09,Merced,047,269075,33058,32666,1154,33820,477
2021-08-09,Modoc,049,8938,430,419,148,567,5
2021-08-09,Mono,051,14174,1344,1337,17,1354,3
2021-08-09,Monterey,053,433212,44629,44190,2085,46275,527
2021-08-09,Napa,055,140530,10927,10679,63,10742,83
2021-08-09,Nevada,057,99092,6439,6088,217,6305,73
2021-08-09,Orange,059,3164182,275801,271036,12473,283509,5153
2021-08-09,Placer,061,380077,27725,26457,2143,28600,305
2021-08-09,Plumas,063,18699,842,803,14,817,5
2021-08-09,Riverside,065,2383286,315548,308678,14718,323396,4562
2021-08-09,Sacramento,067,1510023,124573,120812,2355,123167,1748
2021-08-09,San Benito,069,59416,6428,6359,117,6476,63
2021-08-09,San Bernardino,071,2135413,312901,308038,9551,317589,5295
2021-08-09,San Diego,073,3302833,312384,306855,17987,324842,3811
2021-08-09,San Francisco,075,870044,44590,43261,1736,44997,564
2021-08-09,San Joaquin,077,732212,80907,79198,4048,83246,1469
2021-08-09,San Luis Obispo,079,281455,23385,22695,859,23554,264
2021-08-09,San Mateo,081,765935,47106,46040,653,46693,548
2021-08-09,Santa Barbara,083,443738,37197,36474,1252,37726,470
2021-08-09,Santa Clara,085,1922200,128340,125791,894,126685,2187
2021-08-09,Santa Cruz,087,273765,17485,17082,855,17937,209
2021-08-09,Shasta,089,179085,13835,13397,1848,15245,210
2021-08-09,Sierra,091,2930,83,75,12,87,0
2021-08-09,Siskiyou,093,43540,2207,2047,486,2533,32
2021-08-09,Solano,095,438530,38113,36653,830,37483,262
2021-08-09,Sonoma,097,501317,35115,33933,404,34337,333
2021-08-09,Stanislaus,099,539301,61625,60410,6579,66989,1037
2021-08-09,Sutter,101,95872,10702,10525,109,10634,129
2021-08-09,Tehama,103,63373,5528,5373,645,6018,66
2021-08-09,Trinity,105,12862,544,378,123,501,3
2021-08-09,Tulare,107,460477,52586,51274,10035,61309,854
2021-08-09,Tuolumne,109,53932,4888,4745,48,4793,64
2021-08-09,Ventura,111,848112,87054,85514,3622,89136,1047
2021-08-09,Yolo,113,214977,15985,15521,511,16032,218
2021-08-09,Yuba,115,75493,7161,6994,162,7156,50
2021-08-08,Alameda,001,1643700,101577,99135,2223,101358,1276
2021-08-08,Alpine,003,1148,90,91,0,91,0
2021-08-08,Amador,005,37829,4188,4057,35,4092,48
2021-08-08,Butte,007,227075,14134,13791,2170,15961,205
2021-08-08,Calaveras,009,45235,2526,2462,15,2477,57
2021-08-08,Colusa,011,21464,2129,2070,391,2461,16
2021-08-08,Contra Costa,013,1133247,81853,79454,1568,81022,840
2021-08-08,Del Norte,015,27424,1972,1810,16,1826,8
2021-08-08,El Dorado,017,186661,12061,11631,988,12619,117
2021-08-08,Fresno,019,978130,109420,107078,9356,116434,1747
2021-08-08,Glenn,021,27897,2582,2527,614,3141,20
2021-08-08,Humboldt,023,135768,5877,5571,102,5673,52
2021-08-08,Imperial,025,180216,29670,29485,2739,32224,745
2021-08-08,Inyo,027,18085,1489,1481,13,1494,39
2021-08-08,Kern,029,883053,102417,100909,12624,113533,1359
2021-08-08,Kings,031,150075,24665,24095,1219,25314,250
2021-08-08,Lake,033,64148,4784,4636,27,4663,66
2021-08-08,Lassen,035,31185,5462,5391,125,5516,21
2021-08-08,Los Angeles,037,10098052,1298203,1279982,46677,1326659,24793
2021-08-08,Madera,039,155013,17801,17398,1087,18485,245
2021-08-08,Marin,041,260295,15513,15124,302,15426,239
2021-08-08,Mariposa,043,17540,568,538,12,550,5
2021-08-08,Mendocino,045,87422,4939,4702,123,4825,49
2021-08-08,Merced,047,269075,32911,32634,1145,33779,477
2021-08-08,Modoc,049,8938,429,419,147,566,5
2021-08-08,Mono,051,14174,1340,1336,17,1353,3
2021-08-08,Monterey,053,433212,44559,44171,2074,46245,527
2021-08-08,Napa,055,140530,10891,10668,63,10731,83
2021-08-08,Nevada,057,99092,6355,6009,215,6224,73
2021-08-08,Orange,059,3164182,274888,270532,12431,282963,5153
2021-08-08,Placer,061,380077,27516,26332,2102,28434,305
2021-08-08,Plumas,063,18699,833,803,14,817,5
2021-08-08,Riverside,065,2383286,314427,308042,14695,322737,4562
2021-08-08,Sacramento,067,1510023,123745,120109,2343,122452,1744
2021-08-08,San Benito,069,59416,6411,6350,116,6466,63
2021-08-08,San Bernardino,071,2135413,311759,307378,9522,316900,5295
2021-08-08,San Diego,073,3302833,311043,305983,17889,323872,3811
2021-08-08,San Francisco,075,870044,44330,43098,1714,44812,564
2021-08-08,San Joaquin,077,732212,80458,79002,4032,83034,1469
2021-08-08,San Luis Obispo,079,281455,23211,22668,851,23519,263
2021-08-08,San Mateo,081,765935,46916,45927,650,46577,548
2021-08-08,Santa Barbara,083,443738,37020,36417,1245,37662,470
2021-08-08,Santa Clara,085,1922200,127889,125553,889,126442,2187
2021-08-08,Santa Cruz,087,273765,17414,17035,850,17885,209
2021-08-08,Shasta,089,179085,13750,13381,1837,15218,210
2021-08-08,Sierra,091,2930,83,74,12,86,0
2021-08-08,Siskiyou,093,43540,2191,2041,481,2522,32
2021-08-08,Solano,095,438530,37861,36551,826,37377,262
2021-08-08,Sonoma,097,501317,34870,33805,403,34208,333
2021-08-08,Stanislaus,099,539301,61299,60269,6534,66803,1037
2021-08-08,Sutter,101,95872,10642,10481,108,10589,129
2021-08-08,Tehama,103,63373,5492,5359,642,6001,66
2021-08-08,Trinity,105,12862,539,378,123,501,3
2021-08-08,Tulare,107,460477,52406,51220,9976,61196,854
2021-08-08,Tuolumne,109,53932,4848,4731,48,4779,64
2021-08-08,Ventura,111,848112,86763,85382,3612,88994,1047
2021-08-08,Yolo,113,214977,15893,15477,504,15981,218
2021-08-08,Yuba,115,75493,7122,6967,162,7129,50
2021-08-07,Alameda,001,1643700,101330,98812,2217,101029,1276
2021-08-07,Alpine,003,1148,90,91,0,91,0
2021-08-07,Amador,005,37829,4171,4041,34,4075,48
2021-08-07,Butte,007,227075,14082,13714,2158,15872,205
2021-08-07,Calaveras,009,45235,2516,2446,15,2461,57
2021-08-07,Colusa,011,21464,2124,2067,382,2449,16
2021-08-07,Contra Costa,013,1133247,81557,79168,1565,80733,840
2021-08-07,Del Norte,015,27424,1940,1791,16,1807,8
2021-08-07,El Dorado,017,186661,12013,11575,981,12556,117
2021-08-07,Fresno,019,978130,109217,106861,9330,116191,1747
2021-08-07,Glenn,021,27897,2574,2515,613,3128,20
2021-08-07,Humboldt,023,135768,5827,5510,99,5609,52
2021-08-07,Imperial,025,180216,29651,29470,2739,32209,745
2021-08-07,Inyo,027,18085,1487,1476,13,1489,39
2021-08-07,Kern,029,883053,102259,100693,12568,113261,1359
2021-08-07,Kings,031,150075,24604,24048,1213,25261,250
2021-08-07,Lake,033,64148,4763,4613,27,4640,66
2021-08-07,Lassen,035,31185,5458,5386,125,5511,21
2021-08-07,Los Angeles,037,10098052,1296165,1276853,46531,1323384,24786
2021-08-07,Madera,039,155013,17766,17366,1083,18449,245
2021-08-07,Marin,041,260295,15479,15085,301,15386,239
2021-08-07,Mariposa,043,17540,565,530,12,542,5
2021-08-07,Mendocino,045,87422,4903,4690,121,4811,49
2021-08-07,Merced,047,269075,32847,32569,1142,33711,477
2021-08-07,Modoc,049,8938,429,419,147,566,5
2021-08-07,Mono,051,14174,1337,1329,17,1346,3
2021-08-07,Monterey,053,433212,44507,44124,2069,46193,527
2021-08-07,Napa,055,140530,10870,10658,62,10720,83
2021-08-07,Nevada,057,99092,6305,5967,213,6180,73
2021-08-07,Orange,059,3164182,274296,269900,12401,282301,5153
2021-08-07,Placer,061,380077,27327,26244,2094,28338,305
2021-08-07,Plumas,063,18699,828,801,14,815,5
2021-08-07,Riverside,065,2383286,313755,307326,14688,322014,4562
2021-08-07,Sacramento,067,1510023,123244,119636,2339,121975,1744
2021-08-07,San Benito,069,59416,6401,6332,116,6448,63
2021-08-07,San Bernardino,071,2135413,311170,306663,9505,316168,5295
2021-08-07,San Diego,073,3302833,310288,304974,17854,322828,3811
2021-08-07,San Francisco,075,870044,44159,42926,1696,44622,564
2021-08-07,San Joaquin,077,732212,80294,78769,4017,82786,1469
2021-08-07,San Luis Obispo,079,281455,23142,22579,850,23429,263
2021-08-07,San Mateo,081,765935,46788,45804,648,46452,548
2021-08-07,Santa Barbara,083,443738,36924,36303,1239,37542,470
2021-08-07,Santa Clara,085,1922200,127618,125196,884,126080,2188
2021-08-07,Santa Cruz,087,273765,17371,16994,848,17842,209
2021-08-07,Shasta,089,179085,13694,13361,1830,15191,210
2021-08-07,Sierra,091,2930,83,74,12,86,0
2021-08-07,Siskiyou,093,43540,2179,2039,479,2518,32
2021-08-07,Solano,095,438530,37745,36458,818,37276,262
2021-08-07,Sonoma,097,501317,34748,33716,403,34119,333
2021-08-07,Stanislaus,099,539301,61128,60093,6504,66597,1037
2021-08-07,Sutter,101,95872,10605,10447,108,10555,129
2021-08-07,Tehama,103,63373,5481,5343,637,5980,66
2021-08-07,Trinity,105,12862,535,377,122,499,3
2021-08-07,Tulare,107,460477,52320,51133,9938,61071,854
2021-08-07,Tuolumne,109,53932,4818,4721,48,4769,64
2021-08-07,Ventura,111,848112,86583,85232,3598,88830,1047
2021-08-07,Yolo,113,214977,15849,15423,498,15921,218
2021-08-07,Yuba,115,75493,7097,6937,160,7097,50
2021-08-06,Alameda,001,1643700,101001,98487,2211,100698,1275
2021-08-06,Alpine,003,1148,90,91,0,91,0
2021-08-06,Amador,005,37829,4150,4002,34,4036,48
2021-08-06,Butte,007,227075,14032,13626,2143,15769,205
2021-08-06,Calaveras,009,45235,2505,2419,15,2434,57
2021-08-06,Colusa,011,21464,2117,2045,376,2421,16
2021-08-06,Contra Costa,013,1133247,81262,78796,1560,80356,840
2021-08-06,Del Norte,015,27424,1913,1755,15,1770,8
2021-08-06,El Dorado,017,186661,11963,11498,969,12467,117
2021-08-06,Fresno,019,978130,108953,106542,9303,115845,1747
2021-08-06,Glenn,021,27897,2559,2504,610,3114,20
2021-08-06,Humboldt,023,135768,5776,5421,96,5517,52
2021-08-06,Imperial,025,180216,29640,29404,2735,32139,745
2021-08-06,Inyo,027,18085,1484,1471,13,1484,39
2021-08-06,Kern,029,883053,102082,100427,12483,112910,1359
2021-08-06,Kings,031,150075,24549,23974,1209,25183,250
2021-08-06,Lake,033,64148,4740,4557,27,4584,66
2021-08-06,Lassen,035,31185,5436,5368,125,5493,21
2021-08-06,Los Angeles,037,10098052,1293672,1273081,46381,1319462,24772
2021-08-06,Madera,039,155013,17727,17324,1074,18398,245
2021-08-06,Marin,041,260295,15446,15051,301,15352,239
2021-08-06,Mariposa,043,17540,556,511,12,523,5
2021-08-06,Mendocino,045,87422,4861,4649,120,4769,49
2021-08-06,Merced,047,269075,32787,32456,1139,33595,477
2021-08-06,Modoc,049,8938,429,419,147,566,5
2021-08-06,Mono,051,14174,1336,1328,17,1345,3
2021-08-06,Monterey,053,433212,44439,44058,2056,46114,527
2021-08-06,Napa,055,140530,10843,10620,62,10682,83
2021-08-06,Nevada,057,99092,6249,5874,213,6087,73
2021-08-06,Orange,059,3164182,273731,269077,12384,281461,5151
2021-08-06,Placer,061,380077,27204,26086,2073,28159,305
2021-08-06,Plumas,063,18699,819,795,14,809,5
2021-08-06,Riverside,065,2383286,313045,306304,14677,320981,4562
2021-08-06,Sacramento,067,1510023,122752,119169,2320,121489,1740
2021-08-06,San Benito,069,59416,6384,6315,116,6431,63
2021-08-06,San Bernardino,071,2135413,310469,305806,9496,315302,5286
2021-08-06,San Diego,073,3302833,309249,303691,17805,321496,3810
2021-08-06,San Francisco,075,870044,44002,42659,1678,44337,565
2021-08-06,San Joaquin,077,732212,80144,78405,4005,82410,1469
2021-08-06,San Luis Obispo,079,281455,23074,22472,845,23317,263
2021-08-06,San Mateo,081,765935,46636,45665,643,46308,548
2021-08-06,Santa Barbara,083,443738,36835,36208,1235,37443,470
2021-08-06,Santa Clara,085,1922200,127328,124767,879,125646,2185
2021-08-06,Santa Cruz,087,273765,17327,16924,844,17768,207
2021-08-06,Shasta,089,179085,13628,13284,1824,15108,210
2021-08-06,Sierra,091,2930,83,73,12,85,0
2021-08-06,Siskiyou,093,43540,2169,2030,475,2505,32
2021-08-06,Solano,095,438530,37635,36351,809,37160,262
2021-08-06,Sonoma,097,501317,34662,33594,402,33996,333
2021-08-06,Stanislaus,099,539301,60990,59854,6484,66338,1037
2021-08-06,Sutter,101,95872,10562,10391,108,10499,128
2021-08-06,Tehama,103,63373,5457,5325,635,5960,66
2021-08-06,Trinity,105,12862,534,371,121,492,3
2021-08-06,Tulare,107,460477,52219,51018,9891,60909,854
2021-08-06,Tuolumne,109,53932,4791,4674,48,4722,64
2021-08-06,Ventura,111,848112,86412,85046,3586,88632,1047
2021-08-06,Yolo,113,214977,15796,15299,493,15792,218
2021-08-06,Yuba,115,75493,7074,6904,160,7064,50
2021-08-05,Alameda,001,1643700,100516,98052,2206,100258,1275
2021-08-05,Alpine,003,1148,90,91,0,91,0
2021-08-05,Amador,005,37829,4130,3992,34,4026,48
2021-08-05,Butte,007,227075,13971,13564,2120,15684,206
2021-08-05,Calaveras,009,45235,2486,2397,15,2412,57
2021-08-05,Colusa,011,21464,2105,2036,372,2408,16
2021-08-05,Contra Costa,013,1133247,80835,78514,1553,80067,840
2021-08-05,Del Norte,015,27424,1886,1731,15,1746,8
2021-08-05,El Dorado,017,186661,11878,11408,958,12366,117
2021-08-05,Fresno,019,978130,108582,106219,9267,115486,1747
2021-08-05,Glenn,021,27897,2553,2494,607,3101,20
2021-08-05,Humboldt,023,135768,5702,5328,95,5423,52
2021-08-05,Imperial,025,180216,29609,29383,2731,32114,745
2021-08-05,Inyo,027,18085,1480,1468,13,1481,38
2021-08-05,Kern,029,883053,101860,100091,12398,112489,1358
2021-08-05,Kings,031,150075,24465,23906,1204,25110,249
2021-08-05,Lake,033,64148,4701,4490,25,4515,66
2021-08-05,Lassen,035,31185,5428,5344,125,5469,21
2021-08-05,Los Angeles,037,10098052,1290452,1269445,46250,1315695,24756
2021-08-05,Madera,039,155013,17686,17301,1066,18367,245
2021-08-05,Marin,041,260295,15402,15005,297,15302,239
2021-08-05,Mariposa,043,17540,545,504,11,515,5
2021-08-05,Mendocino,045,87422,4818,4597,111,4708,49
2021-08-05,Merced,047,269075,32720,32381,1128,33509,477
2021-08-05,Modoc,049,8938,428,418,147,565,5
2021-08-05,Mono,051,14174,1328,1309,17,1326,3
2021-08-05,Monterey,053,433212,44382,43992,2038,46030,527
2021-08-05,Napa,055,140530,10807,10591,60,10651,83
2021-08-05,Nevada,057,99092,6167,5778,210,5988,73
2021-08-05,Orange,059,3164182,272950,268329,12358,280687,5149
2021-08-05,Placer,061,380077,27004,25965,2046,28011,305
2021-08-05,Plumas,063,18699,810,787,14,801,5
2021-08-05,Riverside,065,2383286,312128,305415,14651,320066,4562
2021-08-05,Sacramento,067,1510023,122043,118590,2307,120897,1739
2021-08-05,San Benito,069,59416,6366,6305,116,6421,63
2021-08-05,San Bernardino,071,2135413,309633,304956,9475,314431,5284
2021-08-05,San Diego,073,3302833,307977,302220,17723,319943,3806
2021-08-05,San Francisco,075,870044,43791,42301,1669,43970,564
2021-08-05,San Joaquin,077,732212,79782,78151,3987,82138,1468
2021-08-05,San Luis Obispo,079,281455,22959,22362,839,23201,263
2021-08-05,San Mateo,081,765935,46463,45554,641,46195,548
2021-08-05,Santa Barbara,083,443738,36728,36112,1232,37344,470
2021-08-05,Santa Clara,085,1922200,126995,124490,879,125369,2185
2021-08-05,Santa Cruz,087,273765,17283,16867,841,17708,207
2021-08-05,Shasta,089,179085,13570,13217,1816,15033,210
2021-08-05,Sierra,091,2930,78,73,12,85,0
2021-08-05,Siskiyou,093,43540,2148,2024,466,2490,32
2021-08-05,Solano,095,438530,37454,36250,802,37052,262
2021-08-05,Sonoma,097,501317,34527,33455,401,33856,330
2021-08-05,Stanislaus,099,539301,60768,59692,6445,66137,1037
2021-08-05,Sutter,101,95872,10507,10349,108,10457,127
2021-08-05,Tehama,103,63373,5439,5305,632,5937,66
2021-08-05,Trinity,105,12862,528,367,121,488,3
2021-08-05,Tulare,107,460477,52102,50889,9837,60726,854
2021-08-05,Tuolumne,109,53932,4761,4619,48,4667,64
2021-08-05,Ventura,111,848112,86161,84837,3572,88409,1047
2021-08-05,Yolo,113,214977,15729,15250,483,15733,218
2021-08-05,Yuba,115,75493,7031,6872,158,7030,50
2021-08-04,Alameda,001,1643700,100013,97477,2195,99672,1274
2021-08-04,Alpine,003,1148,90,91,0,91,0
2021-08-04,Amador,005,37829,4100,3962,33,3995,48
2021-08-04,Butte,007,227075,13903,13509,2103,15612,205
2021-08-04,Calaveras,009,45235,2461,2374,15,2389,57
2021-08-04,Colusa,011,21464,2093,2025,366,2391,16
2021-08-04,Contra Costa,013,1133247,80318,77966,1548,79514,840
2021-08-04,Del Norte,015,27424,1863,1701,15,1716,8
2021-08-04,El Dorado,017,186661,11798,11319,947,12266,117
2021-08-04,Fresno,019,978130,108214,105899,9228,115127,1747
2021-08-04,Glenn,021,27897,2545,2487,605,3092,20
2021-08-04,Humboldt,023,135768,5626,5271,94,5365,52
2021-08-04,Imperial,025,180216,29561,29375,2729,32104,745
2021-08-04,Inyo,027,18085,1479,1465,13,1478,38
2021-08-04,Kern,029,883053,101610,99868,12315,112183,1358
2021-08-04,Kings,031,150075,24393,23840,1196,25036,250
2021-08-04,Lake,033,64148,4671,4423,20,4443,65
2021-08-04,Lassen,035,31185,5420,5340,125,5465,21
2021-08-04,Los Angeles,037,10098052,1286957,1265788,46091,1311879,24737
2021-08-04,Madera,039,155013,17651,17251,1059,18310,245
2021-08-04,Marin,041,260295,15355,14950,295,15245,239
2021-08-04,Mariposa,043,17540,530,497,11,508,5
2021-08-04,Mendocino,045,87422,4794,4560,107,4667,49
2021-08-04,Merced,047,269075,32582,32274,1123,33397,476
2021-08-04,Modoc,049,8938,428,416,147,563,5
2021-08-04,Mono,051,14174,1324,1307,17,1324,3
2021-08-04,Monterey,053,433212,44317,43926,2027,45953,526
2021-08-04,Napa,055,140530,10770,10544,60,10604,82
2021-08-04,Nevada,057,99092,6103,5702,209,5911,73
2021-08-04,Orange,059,3164182,272075,267199,12321,279520,5146
2021-08-04,Placer,061,380077,26787,25688,2026,27714,305
2021-08-04,Plumas,063,18699,804,784,14,798,5
2021-08-04,Riverside,065,2383286,311203,304272,14626,318898,4562
2021-08-04,Sacramento,067,1510023,121286,117882,2281,120163,1736
2021-08-04,San Benito,069,59416,6351,6300,116,6416,63
2021-08-04,San Bernardino,071,2135413,308776,304164,9456,313620,5285
2021-08-04,San Diego,073,3302833,306464,301100,17656,318756,3805
2021-08-04,San Francisco,075,870044,43536,41913,1657,43570,562
2021-08-04,San Joaquin,077,732212,79425,77846,3975,81821,1466
2021-08-04,San Luis Obispo,079,281455,22849,22245,833,23078,262
2021-08-04,San Mateo,081,765935,46291,45392,640,46032,548
2021-08-04,Santa Barbara,083,443738,36599,36013,1224,37237,470
2021-08-04,Santa Clara,085,1922200,126604,124127,872,124999,2183
2021-08-04,Santa Cruz,087,273765,17221,16820,834,17654,208
2021-08-04,Shasta,089,179085,13519,13134,1805,14939,211
2021-08-04,Sierra,091,2930,78,73,12,85,0
2021-08-04,Siskiyou,093,43540,2128,2010,462,2472,32
2021-08-04,Solano,095,438530,37253,36025,793,36818,262
2021-08-04,Sonoma,097,501317,34355,33311,399,33710,330
2021-08-04,Stanislaus,099,539301,60542,59396,6407,65803,1037
2021-08-04,Sutter,101,95872,10470,10294,108,10402,127
2021-08-04,Tehama,103,63373,5413,5281,626,5907,66
2021-08-04,Trinity,105,12862,526,362,118,480,3
2021-08-04,Tulare,107,460477,51992,50797,9793,60590,855
2021-08-04,Tuolumne,109,53932,4736,4584,48,4632,64
2021-08-04,Ventura,111,848112,85903,84406,3550,87956,1047
2021-08-04,Yolo,113,214977,15649,15189,470,15659,215
2021-08-04,Yuba,115,75493,6991,6827,157,6984,50
2021-08-03,Alameda,001,1643700,99565,97275,2190,99465,1270
2021-08-03,Alpine,003,1148,90,91,0,91,0
2021-08-03,Amador,005,37829,4064,3953,33,3986,48
2021-08-03,Butte,007,227075,13835,13468,2088,15556,205
2021-08-03,Calaveras,009,45235,2439,2356,15,2371,57
2021-08-03,Colusa,011,21464,2080,2023,360,2383,16
2021-08-03,Contra Costa,013,1133247,79836,77739,1541,79280,836
2021-08-03,Del Norte,015,27424,1831,1691,14,1705,8
2021-08-03,El Dorado,017,186661,11705,11255,936,12191,117
2021-08-03,Fresno,019,978130,107852,105732,9197,114929,1746
2021-08-03,Glenn,021,27897,2538,2481,599,3080,20
2021-08-03,Humboldt,023,135768,5561,5199,89,5288,52
2021-08-03,Imperial,025,180216,29539,29333,2722,32055,745
2021-08-03,Inyo,027,18085,1476,1459,13,1472,38
2021-08-03,Kern,029,883053,101348,99708,12236,111944,1358
2021-08-03,Kings,031,150075,24305,23780,1189,24969,249
2021-08-03,Lake,033,64148,4615,4408,16,4424,66
2021-08-03,Lassen,035,31185,5410,5341,125,5466,21
2021-08-03,Los Angeles,037,10098052,1283213,1262678,45914,1308592,24721
2021-08-03,Madera,039,155013,17610,17220,1044,18264,245
2021-08-03,Marin,041,260295,15306,14906,292,15198,243
2021-08-03,Mariposa,043,17540,519,495,11,506,5
2021-08-03,Mendocino,045,87422,4745,4546,106,4652,49
2021-08-03,Merced,047,269075,32499,32197,1121,33318,476
2021-08-03,Modoc,049,8938,428,416,147,563,5
2021-08-03,Mono,051,14174,1319,1303,17,1320,3
2021-08-03,Monterey,053,433212,44254,43872,2014,45886,525
2021-08-03,Napa,055,140530,10727,10527,59,10586,82
2021-08-03,Nevada,057,99092,6022,5685,208,5893,73
2021-08-03,Orange,059,3164182,271336,266649,12291,278940,5146
2021-08-03,Placer,061,380077,26586,25624,2002,27626,305
2021-08-03,Plumas,063,18699,797,779,14,793,5
2021-08-03,Riverside,065,2383286,310278,303499,14600,318099,4562
2021-08-03,Sacramento,067,1510023,120541,117591,2261,119852,1732
2021-08-03,San Benito,069,59416,6336,6284,115,6399,63
2021-08-03,San Bernardino,071,2135413,307854,303386,9438,312824,5265
2021-08-03,San Diego,073,3302833,305025,300189,17546,317735,3803
2021-08-03,San Francisco,075,870044,43254,41758,1637,43395,562
2021-08-03,San Joaquin,077,732212,79074,77615,3954,81569,1461
2021-08-03,San Luis Obispo,079,281455,22709,22166,826,22992,264
2021-08-03,San Mateo,081,765935,46099,45255,635,45890,548
2021-08-03,Santa Barbara,083,443738,36480,35912,1218,37130,469
2021-08-03,Santa Clara,085,1922200,126183,123914,866,124780,2183
2021-08-03,Santa Cruz,087,273765,17155,16778,831,17609,207
2021-08-03,Shasta,089,179085,13444,13091,1794,14885,211
2021-08-03,Sierra,091,2930,78,72,12,84,0
2021-08-03,Siskiyou,093,43540,2117,1998,457,2455,32
2021-08-03,Solano,095,438530,37033,35953,781,36734,261
2021-08-03,Sonoma,097,501317,34174,33243,398,33641,330
2021-08-03,Stanislaus,099,539301,60320,59282,6388,65670,1037
2021-08-03,Sutter,101,95872,10430,10263,107,10370,127
2021-08-03,Tehama,103,63373,5386,5269,621,5890,66
2021-08-03,Trinity,105,12862,523,361,115,476,3
2021-08-03,Tulare,107,460477,51897,50729,9747,60476,854
2021-08-03,Tuolumne,109,53932,4701,4563,48,4611,64
2021-08-03,Ventura,111,848112,85659,84270,3529,87799,1046
2021-08-03,Yolo,113,214977,15557,15149,455,15604,215
2021-08-03,Yuba,115,75493,6954,6781,155,6936,50
2021-08-02,Alameda,001,1643700,99007,96954,2186,99140,1270
2021-08-02,Alpine,003,1148,90,91,0,91,0
2021-08-02,Amador,005,37829,4044,3927,33,3960,48
2021-08-02,Butte,007,227075,13755,13442,2069,15511,205
2021-08-02,Calaveras,009,45235,2414,2347,15,2362,57
2021-08-02,Colusa,011,21464,2068,2019,357,2376,16
2021-08-02,Contra Costa,013,1133247,79326,77516,1527,79043,836
2021-08-02,Del Norte,015,27424,1801,1653,14,1667,8
2021-08-02,El Dorado,017,186661,11602,11226,922,12148,116
2021-08-02,Fresno,019,978130,107506,105471,9160,114631,1744
2021-08-02,Glenn,021,27897,2530,2477,596,3073,20
2021-08-02,Humboldt,023,135768,5478,5161,87,5248,52
2021-08-02,Imperial,025,180216,29506,29302,2719,32021,743
2021-08-02,Inyo,027,18085,1470,1455,13,1468,38
2021-08-02,Kern,029,883053,101093,99556,12145,111701,1357
2021-08-02,Kings,031,150075,24235,23722,1183,24905,249
2021-08-02,Lake,033,64148,4572,4375,16,4391,66
2021-08-02,Lassen,035,31185,5387,5338,123,5461,21
2021-08-02,Los Angeles,037,10098052,1279491,1260807,45708,1306515,24705
2021-08-02,Madera,039,155013,17566,17158,1031,18189,245
2021-08-02,Marin,041,260295,15263,14859,291,15150,239
2021-08-02,Mariposa,043,17540,510,490,11,501,5
2021-08-02,Mendocino,045,87422,4705,4512,103,4615,49
2021-08-02,Merced,047,269075,32401,32163,1114,33277,474
2021-08-02,Modoc,049,8938,428,415,147,562,5
2021-08-02,Mono,051,14174,1312,1296,17,1313,3
2021-08-02,Monterey,053,433212,44194,43842,2006,45848,525
2021-08-02,Napa,055,140530,10684,10490,56,10546,82
2021-08-02,Nevada,057,99092,5951,5611,207,5818,73
2021-08-02,Orange,059,3164182,270422,266050,12246,278296,5146
2021-08-02,Placer,061,380077,26439,25516,1968,27484,306
2021-08-02,Plumas,063,18699,790,762,14,776,5
2021-08-02,Riverside,065,2383286,309340,302756,14585,317341,4562
2021-08-02,Sacramento,067,1510023,119844,117183,2241,119424,1728
2021-08-02,San Benito,069,59416,6317,6276,114,6390,63
2021-08-02,San Bernardino,071,2135413,306979,303000,9405,312405,5253
2021-08-02,San Diego,073,3302833,303545,299021,17466,316487,3798
2021-08-02,San Francisco,075,870044,42968,41553,1614,43167,562
2021-08-02,San Joaquin,077,732212,78731,77447,3929,81376,1461
2021-08-02,San Luis Obispo,079,281455,22615,22093,819,22912,261
2021-08-02,San Mateo,081,765935,45922,45154,623,45777,548
2021-08-02,Santa Barbara,083,443738,36342,35851,1212,37063,469
2021-08-02,Santa Clara,085,1922200,125713,123655,858,124513,2183
2021-08-02,Santa Cruz,087,273765,17097,16746,827,17573,207
2021-08-02,Shasta,089,179085,13382,13049,1780,14829,212
2021-08-02,Sierra,091,2930,78,71,12,83,0
2021-08-02,Siskiyou,093,43540,2106,1992,443,2435,31
2021-08-02,Solano,095,438530,36785,35852,768,36620,260
2021-08-02,Sonoma,097,501317,33948,33132,393,33525,330
2021-08-02,Stanislaus,099,539301,60101,59160,6361,65521,1037
2021-08-02,Sutter,101,95872,10384,10220,107,10327,127
2021-08-02,Tehama,103,63373,5363,5260,617,5877,66
2021-08-02,Trinity,105,12862,518,359,114,473,3
2021-08-02,Tulare,107,460477,51796,50640,9675,60315,854
2021-08-02,Tuolumne,109,53932,4634,4524,48,4572,64
2021-08-02,Ventura,111,848112,85474,84143,3506,87649,1044
2021-08-02,Yolo,113,214977,15459,15072,438,15510,215
2021-08-02,Yuba,115,75493,6912,6743,152,6895,50
2021-08-01,Alameda,001,1643700,98475,96775,2180,98955,1270
2021-08-01,Alpine,003,1148,90,91,0,91,0
2021-08-01,Amador,005,37829,4006,3923,33,3956,48
2021-08-01,Butte,007,227075,13677,13406,2052,15458,205
2021-08-01,Calaveras,009,45235,2390,2341,15,2356,57
2021-08-01,Colusa,011,21464,2057,2014,355,2369,16
2021-08-01,Contra Costa,013,1133247,78890,77360,1520,78880,836
2021-08-01,Del Norte,015,27424,1769,1642,14,1656,8
2021-08-01,El Dorado,017,186661,11502,11189,911,12100,116
2021-08-01,Fresno,019,978130,107180,105339,9115,114454,1744
2021-08-01,Glenn,021,27897,2524,2476,593,3069,20
2021-08-01,Humboldt,023,135768,5401,5118,83,5201,52
2021-08-01,Imperial,025,180216,29471,29297,2715,32012,743
2021-08-01,Inyo,027,18085,1468,1454,13,1467,38
2021-08-01,Kern,029,883053,100815,99396,12070,111466,1357
2021-08-01,Kings,031,150075,24148,23700,1178,24878,249
2021-08-01,Lake,033,64148,4493,4356,16,4372,66
2021-08-01,Lassen,035,31185,5374,5336,121,5457,21
2021-08-01,Los Angeles,037,10098052,1275800,1258461,45483,1303944,24700
2021-08-01,Madera,039,155013,17510,17146,1026,18172,245
2021-08-01,Marin,041,260295,15186,14844,290,15134,239
2021-08-01,Mariposa,043,17540,503,482,11,493,5
2021-08-01,Mendocino,045,87422,4659,4476,99,4575,49
2021-08-01,Merced,047,269075,32310,32144,1108,33252,474
2021-08-01,Modoc,049,8938,426,413,147,560,5
2021-08-01,Mono,051,14174,1309,1294,17,1311,3
2021-08-01,Monterey,053,433212,44147,43808,1993,45801,525
2021-08-01,Napa,055,140530,10635,10473,54,10527,82
2021-08-01,Nevada,057,99092,5864,5561,206,5767,73
2021-08-01,Orange,059,3164182,269609,265467,12203,277670,5146
2021-08-01,Placer,061,380077,26224,25464,1938,27402,306
2021-08-01,Plumas,063,18699,784,761,14,775,5
2021-08-01,Riverside,065,2383286,308407,302256,14567,316823,4562
2021-08-01,Sacramento,067,1510023,119108,116923,2227,119150,1727
2021-08-01,San Benito,069,59416,6300,6271,114,6385,63
2021-08-01,San Bernardino,071,2135413,306045,302542,9394,311936,5248
2021-08-01,San Diego,073,3302833,302359,298002,17401,315403,3798
2021-08-01,San Francisco,075,870044,42630,41432,1601,43033,562
2021-08-01,San Joaquin,077,732212,78364,77338,3904,81242,1461
2021-08-01,San Luis Obispo,079,281455,22513,22083,814,22897,261
2021-08-01,San Mateo,081,765935,45740,45036,616,45652,548
2021-08-01,Santa Barbara,083,443738,36218,35809,1208,37017,469
2021-08-01,Santa Clara,085,1922200,125301,123511,850,124361,2183
2021-08-01,Santa Cruz,087,273765,17018,16709,820,17529,207
2021-08-01,Shasta,089,179085,13311,13036,1771,14807,212
2021-08-01,Sierra,091,2930,76,71,12,83,0
2021-08-01,Siskiyou,093,43540,2100,1989,437,2426,31
2021-08-01,Solano,095,438530,36550,35800,759,36559,260
2021-08-01,Sonoma,097,501317,33756,33076,390,33466,330
2021-08-01,Stanislaus,099,539301,59864,59078,6329,65407,1037
2021-08-01,Sutter,101,95872,10329,10198,104,10302,127
2021-08-01,Tehama,103,63373,5346,5252,613,5865,66
2021-08-01,Trinity,105,12862,515,359,113,472,3
2021-08-01,Tulare,107,460477,51639,50600,9614,60214,854
2021-08-01,Tuolumne,109,53932,4596,4489,48,4537,64
2021-08-01,Ventura,111,848112,85244,84040,3491,87531,1044
2021-08-01,Yolo,113,214977,15387,15042,428,15470,215
2021-08-01,Yuba,115,75493,6875,6721,151,6872,50
2021-07-31,Alameda,001,1643700,98143,95279,2175,97454,1265
2021-07-31,Alpine,003,1148,90,89,0,89,0
2021-07-31,Amador,005,37829,3986,3877,33,3910,48
2021-07-31,Butte,007,227075,13643,13235,2032,15267,205
2021-07-31,Calaveras,009,45235,2381,2294,15,2309,57
2021-07-31,Colusa,011,21464,2051,2006,353,2359,16
2021-07-31,Contra Costa,013,1133247,78611,75866,1518,77384,832
2021-07-31,Del Norte,015,27424,1743,1576,14,1590,8
2021-07-31,El Dorado,017,186661,11449,11017,905,11922,116
2021-07-31,Fresno,019,978130,107021,104639,9102,113741,1744
2021-07-31,Glenn,021,27897,2519,2465,588,3053,20
2021-07-31,Humboldt,023,135768,5346,4978,82,5060,52
2021-07-31,Imperial,025,180216,29454,29164,2712,31876,743
2021-07-31,Inyo,027,18085,1465,1442,13,1455,38
2021-07-31,Kern,029,883053,100650,98903,12011,110914,1357
2021-07-31,Kings,031,150075,24095,23548,1173,24721,248
2021-07-31,Lake,033,64148,4468,4238,16,4254,66
2021-07-31,Lassen,035,31185,5367,5320,121,5441,21
2021-07-31,Los Angeles,037,10098052,1273595,1248545,45341,1293886,24691
2021-07-31,Madera,039,155013,17477,17058,1020,18078,245
2021-07-31,Marin,041,260295,15142,14701,289,14990,239
2021-07-31,Mariposa,043,17540,494,470,11,481,5
2021-07-31,Mendocino,045,87422,4634,4400,96,4496,49
2021-07-31,Merced,047,269075,32262,31959,1103,33062,474
2021-07-31,Modoc,049,8938,426,413,147,560,5
2021-07-31,Mono,051,14174,1307,1287,17,1304,3
2021-07-31,Monterey,053,433212,44107,43720,1983,45703,525
2021-07-31,Napa,055,140530,10616,10401,53,10454,82
2021-07-31,Nevada,057,99092,5825,5373,205,5578,72
2021-07-31,Orange,059,3164182,269035,263446,12185,275631,5144
2021-07-31,Placer,061,380077,26091,25104,1931,27035,306
2021-07-31,Plumas,063,18699,781,743,14,757,5
2021-07-31,Riverside,065,2383286,307791,300315,14557,314872,4554
2021-07-31,Sacramento,067,1510023,118696,115259,2221,117480,1720
2021-07-31,San Benito,069,59416,6289,6251,114,6365,63
2021-07-31,San Bernardino,071,2135413,305471,300726,9391,310117,5240
2021-07-31,San Diego,073,3302833,301686,295054,17355,312409,3798
2021-07-31,San Francisco,075,870044,42402,40412,1581,41993,562
2021-07-31,San Joaquin,077,732212,78199,76575,3891,80466,1443
2021-07-31,San Luis Obispo,079,281455,22459,21922,812,22734,260
2021-07-31,San Mateo,081,765935,45583,44622,611,45233,548
2021-07-31,Santa Barbara,083,443738,36137,35531,1207,36738,467
2021-07-31,Santa Clara,085,1922200,125046,122614,848,123462,2099
2021-07-31,Santa Cruz,087,273765,16979,16576,819,17395,207
2021-07-31,Shasta,089,179085,13274,12918,1763,14681,212
2021-07-31,Sierra,091,2930,76,68,12,80,0
2021-07-31,Siskiyou,093,43540,2091,1976,431,2407,31
2021-07-31,Solano,095,438530,36449,35340,752,36092,263
2021-07-31,Sonoma,097,501317,33630,32601,390,32991,329
2021-07-31,Stanislaus,099,539301,59705,58586,6307,64893,1035
2021-07-31,Sutter,101,95872,10295,10068,103,10171,127
2021-07-31,Tehama,103,63373,5331,5216,610,5826,66
2021-07-31,Trinity,105,12862,514,354,112,466,3
2021-07-31,Tulare,107,460477,51549,50409,9561,59970,854
2021-07-31,Tuolumne,109,53932,4557,4362,48,4410,64
2021-07-31,Ventura,111,848112,85083,83509,3475,86984,1044
2021-07-31,Yolo,113,214977,15339,14863,417,15280,215
2021-07-31,Yuba,115,75493,6852,6615,147,6762,50
2021-07-30,Alameda,001,1643700,97817,95279,2171,97450,1265
2021-07-30,Alpine,003,1148,90,89,0,89,0
2021-07-30,Amador,005,37829,3963,3877,33,3910,48
2021-07-30,Butte,007,227075,13588,13235,2019,15254,205
2021-07-30,Calaveras,009,45235,2371,2294,15,2309,57
2021-07-30,Colusa,011,21464,2047,2006,351,2357,16
2021-07-30,Contra Costa,013,1133247,78365,75866,1514,77380,832
2021-07-30,Del Norte,015,27424,1725,1576,14,1590,8
2021-07-30,El Dorado,017,186661,11415,11017,899,11916,116
2021-07-30,Fresno,019,978130,106827,104639,9090,113729,1744
2021-07-30,Glenn,021,27897,2514,2465,587,3052,20
2021-07-30,Humboldt,023,135768,5283,4978,79,5057,52
2021-07-30,Imperial,025,180216,29440,29164,2709,31873,743
2021-07-30,Inyo,027,18085,1464,1442,13,1455,38
2021-07-30,Kern,029,883053,100526,98903,11964,110867,1357
2021-07-30,Kings,031,150075,24055,23548,1169,24717,248
2021-07-30,Lake,033,64148,4440,4238,16,4254,66
2021-07-30,Lassen,035,31185,5363,5320,121,5441,21
2021-07-30,Los Angeles,037,10098052,1271264,1248545,45192,1293737,24691
2021-07-30,Madera,039,155013,17435,17058,1017,18075,245
2021-07-30,Marin,041,260295,15108,14701,289,14990,239
2021-07-30,Mariposa,043,17540,490,470,11,481,5
2021-07-30,Mendocino,045,87422,4604,4400,95,4495,49
2021-07-30,Merced,047,269075,32221,31959,1099,33058,474
2021-07-30,Modoc,049,8938,424,413,147,560,5
2021-07-30,Mono,051,14174,1302,1287,17,1304,3
2021-07-30,Monterey,053,433212,44073,43720,1974,45694,525
2021-07-30,Napa,055,140530,10594,10401,52,10453,82
2021-07-30,Nevada,057,99092,5768,5373,205,5578,72
2021-07-30,Orange,059,3164182,268410,263446,12159,275605,5144
2021-07-30,Placer,061,380077,26001,25104,1913,27017,306
2021-07-30,Plumas,063,18699,776,743,14,757,5
2021-07-30,Riverside,065,2383286,307154,300315,14547,314862,4554
2021-07-30,Sacramento,067,1510023,118244,115259,2217,117476,1720
2021-07-30,San Benito,069,59416,6282,6251,114,6365,63
2021-07-30,San Bernardino,071,2135413,304958,300726,9384,310110,5240
2021-07-30,San Diego,073,3302833,300912,295054,17297,312351,3798
2021-07-30,San Francisco,075,870044,42189,40412,1567,41979,562
2021-07-30,San Joaquin,077,732212,78045,76575,3886,80461,1443
2021-07-30,San Luis Obispo,079,281455,22421,21922,808,22730,260
2021-07-30,San Mateo,081,765935,45458,44622,598,45220,548
2021-07-30,Santa Barbara,083,443738,36068,35531,1201,36732,467
2021-07-30,Santa Clara,085,1922200,124823,122614,846,123460,2099
2021-07-30,Santa Cruz,087,273765,16953,16576,817,17393,207
2021-07-30,Shasta,089,179085,13229,12918,1763,14681,212
2021-07-30,Sierra,091,2930,75,68,12,80,0
2021-07-30,Siskiyou,093,43540,2082,1976,430,2406,31
2021-07-30,Solano,095,438530,36358,35340,736,36076,263
2021-07-30,Sonoma,097,501317,33535,32601,390,32991,329
2021-07-30,Stanislaus,099,539301,59561,58586,6287,64873,1035
2021-07-30,Sutter,101,95872,10260,10068,103,10171,127
2021-07-30,Tehama,103,63373,5321,5216,610,5826,66
2021-07-30,Trinity,105,12862,514,354,112,466,3
2021-07-30,Tulare,107,460477,51506,50409,9526,59935,854
2021-07-30,Tuolumne,109,53932,4539,4362,48,4410,64
2021-07-30,Ventura,111,848112,84919,83509,3460,86969,1044
2021-07-30,Yolo,113,214977,15279,14863,413,15276,215
2021-07-30,Yuba,115,75493,6816,6615,146,6761,50
2021-07-29,Alameda,001,1643700,97405,95279,2165,97444,1265
2021-07-29,Alpine,003,1148,90,89,0,89,0
2021-07-29,Amador,005,37829,3944,3877,33,3910,48
2021-07-29,Butte,007,227075,13539,13235,2011,15246,205
2021-07-29,Calaveras,009,45235,2356,2294,15,2309,57
2021-07-29,Colusa,011,21464,2040,2006,351,2357,16
2021-07-29,Contra Costa,013,1133247,77925,75866,1512,77378,832
2021-07-29,Del Norte,015,27424,1701,1576,14,1590,8
2021-07-29,El Dorado,017,186661,11351,11017,887,11904,116
2021-07-29,Fresno,019,978130,106563,104639,9064,113703,1744
2021-07-29,Glenn,021,27897,2504,2465,586,3051,20
2021-07-29,Humboldt,023,135768,5223,4978,77,5055,52
2021-07-29,Imperial,025,180216,29395,29164,2707,31871,743
2021-07-29,Inyo,027,18085,1460,1442,13,1455,38
2021-07-29,Kern,029,883053,100319,98903,11887,110790,1357
2021-07-29,Kings,031,150075,24009,23548,1165,24713,248
2021-07-29,Lake,033,64148,4405,4238,16,4254,66
2021-07-29,Lassen,035,31185,5355,5320,118,5438,21
2021-07-29,Los Angeles,037,10098052,1268165,1248545,45010,1293555,24691
2021-07-29,Madera,039,155013,17388,17058,1013,18071,245
2021-07-29,Marin,041,260295,15065,14701,289,14990,239
2021-07-29,Mariposa,043,17540,486,470,11,481,5
2021-07-29,Mendocino,045,87422,4581,4400,93,4493,49
2021-07-29,Merced,047,269075,32166,31959,1099,33058,474
2021-07-29,Modoc,049,8938,424,413,147,560,5
2021-07-29,Mono,051,14174,1300,1287,17,1304,3
2021-07-29,Monterey,053,433212,44024,43720,1964,45684,525
2021-07-29,Napa,055,140530,10562,10401,50,10451,82
2021-07-29,Nevada,057,99092,5716,5373,204,5577,72
2021-07-29,Orange,059,3164182,267698,263446,12127,275573,5144
2021-07-29,Placer,061,380077,25878,25104,1898,27002,306
2021-07-29,Plumas,063,18699,768,743,14,757,5
2021-07-29,Riverside,065,2383286,306449,300315,14523,314838,4554
2021-07-29,Sacramento,067,1510023,117689,115259,2204,117463,1720
2021-07-29,San Benito,069,59416,6271,6251,114,6365,63
2021-07-29,San Bernardino,071,2135413,304321,300726,9375,310101,5240
2021-07-29,San Diego,073,3302833,299855,295054,17229,312283,3798
2021-07-29,San Francisco,075,870044,41941,40412,1546,41958,562
2021-07-29,San Joaquin,077,732212,77790,76575,3878,80453,1443
2021-07-29,San Luis Obispo,079,281455,22366,21922,806,22728,260
2021-07-29,San Mateo,081,765935,45331,44622,588,45210,548
2021-07-29,Santa Barbara,083,443738,35982,35531,1200,36731,467
2021-07-29,Santa Clara,085,1922200,124526,122614,843,123457,2099
2021-07-29,Santa Cruz,087,273765,16900,16576,815,17391,207
2021-07-29,Shasta,089,179085,13175,12918,1754,14672,212
2021-07-29,Sierra,091,2930,75,68,12,80,0
2021-07-29,Siskiyou,093,43540,2077,1976,428,2404,31
2021-07-29,Solano,095,438530,36198,35340,726,36066,263
2021-07-29,Sonoma,097,501317,33361,32601,388,32989,329
2021-07-29,Stanislaus,099,539301,59389,58586,6272,64858,1035
2021-07-29,Sutter,101,95872,10214,10068,102,10170,127
2021-07-29,Tehama,103,63373,5308,5216,604,5820,66
2021-07-29,Trinity,105,12862,512,354,111,465,3
2021-07-29,Tulare,107,460477,51416,50409,9486,59895,854
2021-07-29,Tuolumne,109,53932,4499,4362,47,4409,64
2021-07-29,Ventura,111,848112,84753,83509,3453,86962,1044
2021-07-29,Yolo,113,214977,15211,14863,399,15262,215
2021-07-29,Yuba,115,75493,6767,6615,143,6758,50
2021-07-28,Alameda,001,1643700,96945,94965,2158,97123,1262
2021-07-28,Alpine,003,1148,90,89,0,89,0
2021-07-28,Amador,005,37829,3930,3870,33,3903,48
2021-07-28,Butte,007,227075,13482,13184,1998,15182,205
2021-07-28,Calaveras,009,45235,2335,2289,15,2304,57
2021-07-28,Colusa,011,21464,2037,2001,350,2351,16
2021-07-28,Contra Costa,013,1133247,77436,75487,1504,76991,832
2021-07-28,Del Norte,015,27424,1668,1545,14,1559,8
2021-07-28,El Dorado,017,186661,11301,10967,878,11845,116
2021-07-28,Fresno,019,978130,106314,104458,9044,113502,1744
2021-07-28,Glenn,021,27897,2501,2464,583,3047,20
2021-07-28,Humboldt,023,135768,5172,4946,76,5022,52
2021-07-28,Imperial,025,180216,29348,29096,2707,31803,743
2021-07-28,Inyo,027,18085,1454,1439,12,1451,38
2021-07-28,Kern,029,883053,100163,98781,11841,110622,1352
2021-07-28,Kings,031,150075,23945,23503,1155,24658,248
2021-07-28,Lake,033,64148,4359,4191,15,4206,65
2021-07-28,Lassen,035,31185,5347,5318,118,5436,21
2021-07-28,Los Angeles,037,10098052,1264989,1245485,44825,1290310,24673
2021-07-28,Madera,039,155013,17347,17024,1007,18031,245
2021-07-28,Marin,041,260295,15011,14652,289,14941,239
2021-07-28,Mariposa,043,17540,479,469,11,480,5
2021-07-28,Mendocino,045,87422,4553,4377,93,4470,49
2021-07-28,Merced,047,269075,32110,31886,1095,32981,474
2021-07-28,Modoc,049,8938,422,413,147,560,5
2021-07-28,Mono,051,14174,1299,1286,17,1303,3
2021-07-28,Monterey,053,433212,43977,43668,1955,45623,524
2021-07-28,Napa,055,140530,10522,10376,48,10424,82
2021-07-28,Nevada,057,99092,5662,5320,204,5524,72
2021-07-28,Orange,059,3164182,266906,262735,12098,274833,5143
2021-07-28,Placer,061,380077,25731,24978,1883,26861,306
2021-07-28,Plumas,063,18699,763,754,14,768,5
2021-07-28,Riverside,065,2383286,305682,299611,14504,314115,4554
2021-07-28,Sacramento,067,1510023,117037,114665,2185,116850,1714
2021-07-28,San Benito,069,59416,6260,6236,114,6350,63
2021-07-28,San Bernardino,071,2135413,303700,300121,9363,309484,5236
2021-07-28,San Diego,073,3302833,298581,294176,17156,311332,3798
2021-07-28,San Francisco,075,870044,41637,40144,1520,41664,561
2021-07-28,San Joaquin,077,732212,77539,76312,3848,80160,1443
2021-07-28,San Luis Obispo,079,281455,22307,21865,805,22670,260
2021-07-28,San Mateo,081,765935,45180,44477,579,45056,547
2021-07-28,Santa Barbara,083,443738,35907,35431,1195,36626,467
2021-07-28,Santa Clara,085,1922200,124264,122345,841,123186,2099
2021-07-28,Santa Cruz,087,273765,16862,16551,814,17365,207
2021-07-28,Shasta,089,179085,13130,12882,1744,14626,212
2021-07-28,Sierra,091,2930,71,67,12,79,0
2021-07-28,Siskiyou,093,43540,2068,1971,425,2396,31
2021-07-28,Solano,095,438530,36024,35204,719,35923,262
2021-07-28,Sonoma,097,501317,33217,32434,385,32819,328
2021-07-28,Stanislaus,099,539301,59192,58427,6256,64683,1035
2021-07-28,Sutter,101,95872,10182,10033,101,10134,126
2021-07-28,Tehama,103,63373,5296,5209,601,5810,66
2021-07-28,Trinity,105,12862,511,352,111,463,3
2021-07-28,Tulare,107,460477,51328,50363,9439,59802,854
2021-07-28,Tuolumne,109,53932,4460,4313,47,4360,64
2021-07-28,Ventura,111,848112,84557,83360,3437,86797,1043
2021-07-28,Yolo,113,214977,15139,14801,390,15191,215
2021-07-28,Yuba,115,75493,6734,6591,142,6733,51
2021-07-27,Alameda,001,1643700,96543,94682,2150,96832,1256
2021-07-27,Alpine,003,1148,90,89,0,89,0
2021-07-27,Amador,005,37829,3914,3861,33,3894,48
2021-07-27,Butte,007,227075,13434,13127,1987,15114,205
2021-07-27,Calaveras,009,45235,2324,2280,15,2295,57
2021-07-27,Colusa,011,21464,2028,1999,349,2348,16
2021-07-27,Contra Costa,013,1133247,76951,75227,1500,76727,830
2021-07-27,Del Norte,015,27424,1648,1538,14,1552,8
2021-07-27,El Dorado,017,186661,11241,10941,868,11809,116
2021-07-27,Fresno,019,978130,106021,104288,9021,113309,1746
2021-07-27,Glenn,021,27897,2493,2460,581,3041,20
2021-07-27,Humboldt,023,135768,5118,4925,75,5000,52
2021-07-27,Imperial,025,180216,29303,29048,2706,31754,743
2021-07-27,Inyo,027,18085,1452,1430,12,1442,38
2021-07-27,Kern,029,883053,99993,98724,11785,110509,1352
2021-07-27,Kings,031,150075,23888,23463,1145,24608,248
2021-07-27,Lake,033,64148,4320,4157,15,4172,65
2021-07-27,Lassen,035,31185,5341,5315,118,5433,21
2021-07-27,Los Angeles,037,10098052,1261524,1243336,44618,1287954,24658
2021-07-27,Madera,039,155013,17294,16998,1001,17999,245
2021-07-27,Marin,041,260295,14963,14631,286,14917,239
2021-07-27,Mariposa,043,17540,476,468,11,479,5
2021-07-27,Mendocino,045,87422,4530,4371,93,4464,49
2021-07-27,Merced,047,269075,32043,31825,1092,32917,473
2021-07-27,Modoc,049,8938,421,413,147,560,5
2021-07-27,Mono,051,14174,1295,1288,17,1305,3
2021-07-27,Monterey,053,433212,43937,43646,1944,45590,523
2021-07-27,Napa,055,140530,10492,10354,48,10402,82
2021-07-27,Nevada,057,99092,5585,5305,202,5507,72
2021-07-27,Orange,059,3164182,266164,262193,12072,274265,5143
2021-07-27,Placer,061,380077,25572,24916,1857,26773,306
2021-07-27,Plumas,063,18699,760,752,14,766,5
2021-07-27,Riverside,065,2383286,304953,299160,14485,313645,4554
2021-07-27,Sacramento,067,1510023,116434,114413,2176,116589,1710
2021-07-27,San Benito,069,59416,6251,6229,114,6343,63
2021-07-27,San Bernardino,071,2135413,303016,299593,9341,308934,5236
2021-07-27,San Diego,073,3302833,297492,293408,17077,310485,3798
2021-07-27,San Francisco,075,870044,41281,39939,1502,41441,561
2021-07-27,San Joaquin,077,732212,77276,76166,3829,79995,1442
2021-07-27,San Luis Obispo,079,281455,22252,21803,796,22599,260
2021-07-27,San Mateo,081,765935,45029,44378,576,44954,547
2021-07-27,Santa Barbara,083,443738,35812,35355,1193,36548,467
2021-07-27,Santa Clara,085,1922200,123970,122154,839,122993,2099
2021-07-27,Santa Cruz,087,273765,16816,16523,813,17336,207
2021-07-27,Shasta,089,179085,13080,12846,1731,14577,212
2021-07-27,Sierra,091,2930,71,65,12,77,0
2021-07-27,Siskiyou,093,43540,2063,1964,422,2386,31
2021-07-27,Solano,095,438530,35892,35093,709,35802,261
2021-07-27,Sonoma,097,501317,33073,32367,383,32750,328
2021-07-27,Stanislaus,099,539301,59024,58333,6228,64561,1033
2021-07-27,Sutter,101,95872,10141,9998,101,10099,115
2021-07-27,Tehama,103,63373,5274,5192,599,5791,66
2021-07-27,Trinity,105,12862,510,351,111,462,3
2021-07-27,Tulare,107,460477,51262,50324,9408,59732,854
2021-07-27,Tuolumne,109,53932,4408,4282,47,4329,64
2021-07-27,Ventura,111,848112,84349,83189,3425,86614,1043
2021-07-27,Yolo,113,214977,15065,14759,384,15143,215
2021-07-27,Yuba,115,75493,6712,6564,140,6704,51
2021-07-26,Alameda,001,1643700,96097,94436,2146,96582,1259
2021-07-26,Alpine,003,1148,90,89,0,89,0
2021-07-26,Amador,005,37829,3904,3854,33,3887,48
2021-07-26,Butte,007,227075,13379,13082,1976,15058,203
2021-07-26,Calaveras,009,45235,2318,2276,15,2291,57
2021-07-26,Colusa,011,21464,2021,1996,347,2343,16
2021-07-26,Contra Costa,013,1133247,76454,74854,1493,76347,830
2021-07-26,Del Norte,015,27424,1627,1530,14,1544,8
2021-07-26,El Dorado,017,186661,11177,10899,865,11764,116
2021-07-26,Fresno,019,978130,105817,104143,8998,113141,1742
2021-07-26,Glenn,021,27897,2491,2461,580,3041,20
2021-07-26,Humboldt,023,135768,5079,4906,73,4979,52
2021-07-26,Imperial,025,180216,29263,29034,2706,31740,743
2021-07-26,Inyo,027,18085,1447,1429,12,1441,38
2021-07-26,Kern,029,883053,99827,98633,11720,110353,1351
2021-07-26,Kings,031,150075,23839,23426,1141,24567,247
2021-07-26,Lake,033,64148,4299,4133,15,4148,65
2021-07-26,Lassen,035,31185,5337,5314,118,5432,21
2021-07-26,Los Angeles,037,10098052,1258177,1241527,44447,1285974,24647
2021-07-26,Madera,039,155013,17266,16971,994,17965,245
2021-07-26,Marin,041,260295,14906,14579,285,14864,239
2021-07-26,Mariposa,043,17540,475,467,11,478,5
2021-07-26,Mendocino,045,87422,4509,4354,93,4447,49
2021-07-26,Merced,047,269075,31952,31774,1088,32862,473
2021-07-26,Modoc,049,8938,421,413,147,560,5
2021-07-26,Mono,051,14174,1294,1286,17,1303,3
2021-07-26,Monterey,053,433212,43894,43595,1932,45527,521
2021-07-26,Napa,055,140530,10469,10332,48,10380,82
2021-07-26,Nevada,057,99092,5499,5280,202,5482,72
2021-07-26,Orange,059,3164182,265526,261803,12052,273855,5142
2021-07-26,Placer,061,380077,25436,24842,1836,26678,304
2021-07-26,Plumas,063,18699,756,750,14,764,5
2021-07-26,Riverside,065,2383286,304261,298626,14471,313097,4553
2021-07-26,Sacramento,067,1510023,115834,113986,2160,116146,1705
2021-07-26,San Benito,069,59416,6245,6222,114,6336,63
2021-07-26,San Bernardino,071,2135413,302401,299238,9328,308566,5237
2021-07-26,San Diego,073,3302833,296384,292688,16995,309683,3793
2021-07-26,San Francisco,075,870044,40919,39800,1476,41276,561
2021-07-26,San Joaquin,077,732212,77041,76033,3825,79858,1440
2021-07-26,San Luis Obispo,079,281455,22203,21752,793,22545,260
2021-07-26,San Mateo,081,765935,44881,44297,568,44865,547
2021-07-26,Santa Barbara,083,443738,35739,35311,1181,36492,467
2021-07-26,Santa Clara,085,1922200,123661,121978,830,122808,2099
2021-07-26,Santa Cruz,087,273765,16776,16493,810,17303,207
2021-07-26,Shasta,089,179085,13031,12819,1720,14539,211
2021-07-26,Sierra,091,2930,70,65,12,77,0
2021-07-26,Siskiyou,093,43540,2060,1962,420,2382,31
2021-07-26,Solano,095,438530,35737,34990,702,35692,259
2021-07-26,Sonoma,097,501317,32937,32283,381,32664,328
2021-07-26,Stanislaus,099,539301,58879,58219,6209,64428,1033
2021-07-26,Sutter,101,95872,10101,9963,98,10061,115
2021-07-26,Tehama,103,63373,5264,5183,595,5778,66
2021-07-26,Trinity,105,12862,510,351,110,461,3
2021-07-26,Tulare,107,460477,51196,50265,9379,59644,854
2021-07-26,Tuolumne,109,53932,4378,4271,46,4317,64
2021-07-26,Ventura,111,848112,84176,83072,3410,86482,1041
2021-07-26,Yolo,113,214977,15004,14727,372,15099,215
2021-07-26,Yuba,115,75493,6678,6538,138,6676,51
2021-07-25,Alameda,001,1643700,95609,94146,2141,96287,1259
2021-07-25,Alpine,003,1148,88,89,0,89,0
2021-07-25,Amador,005,37829,3889,3848,33,3881,48
2021-07-25,Butte,007,227075,13340,13074,1966,15040,203
2021-07-25,Calaveras,009,45235,2307,2275,15,2290,57
2021-07-25,Colusa,011,21464,2012,1996,343,2339,16
2021-07-25,Contra Costa,013,1133247,75970,74634,1479,76113,830
2021-07-25,Del Norte,015,27424,1606,1526,14,1540,8
2021-07-25,El Dorado,017,186661,11120,10878,861,11739,116
2021-07-25,Fresno,019,978130,105575,104019,8982,113001,1742
2021-07-25,Glenn,021,27897,2482,2461,578,3039,20
2021-07-25,Humboldt,023,135768,5020,4892,72,4964,52
2021-07-25,Imperial,025,180216,29227,29037,2706,31743,743
2021-07-25,Inyo,027,18085,1442,1427,12,1439,38
2021-07-25,Kern,029,883053,99655,98503,11649,110152,1351
2021-07-25,Kings,031,150075,23785,23396,1137,24533,247
2021-07-25,Lake,033,64148,4246,4109,14,4123,65
2021-07-25,Lassen,035,31185,5332,5314,118,5432,21
2021-07-25,Los Angeles,037,10098052,1254757,1239596,44253,1283849,24643
2021-07-25,Madera,039,155013,17229,16947,987,17934,245
2021-07-25,Marin,041,260295,14856,14558,282,14840,239
2021-07-25,Mariposa,043,17540,472,465,11,476,5
2021-07-25,Mendocino,045,87422,4480,4335,91,4426,49
2021-07-25,Merced,047,269075,31879,31760,1086,32846,473
2021-07-25,Modoc,049,8938,421,413,147,560,5
2021-07-25,Mono,051,14174,1291,1286,17,1303,3
2021-07-25,Monterey,053,433212,43856,43590,1924,45514,521
2021-07-25,Napa,055,140530,10433,10316,47,10363,82
2021-07-25,Nevada,057,99092,5434,5256,199,5455,72
2021-07-25,Orange,059,3164182,264818,261351,12029,273380,5142
2021-07-25,Placer,061,380077,25314,24755,1815,26570,304
2021-07-25,Plumas,063,18699,754,750,14,764,5
2021-07-25,Riverside,065,2383286,303497,298181,14454,312635,4553
2021-07-25,Sacramento,067,1510023,115284,113611,2145,115756,1704
2021-07-25,San Benito,069,59416,6238,6217,114,6331,63
2021-07-25,San Bernardino,071,2135413,301743,298982,9321,308303,5237
2021-07-25,San Diego,073,3302833,295322,290626,16921,307547,3793
2021-07-25,San Francisco,075,870044,40569,39663,1451,41114,561
2021-07-25,San Joaquin,077,732212,76785,75926,3806,79732,1440
2021-07-25,San Luis Obispo,079,281455,22130,21741,790,22531,260
2021-07-25,San Mateo,081,765935,44719,44189,562,44751,547
2021-07-25,Santa Barbara,083,443738,35659,35261,1178,36439,467
2021-07-25,Santa Clara,085,1922200,123331,121800,825,122625,2099
2021-07-25,Santa Cruz,087,273765,16729,16474,809,17283,207
2021-07-25,Shasta,089,179085,12984,12815,1715,14530,211
2021-07-25,Sierra,091,2930,70,65,12,77,0
2021-07-25,Siskiyou,093,43540,2052,1963,417,2380,31
2021-07-25,Solano,095,438530,35545,34863,699,35562,259
2021-07-25,Sonoma,097,501317,32812,32202,378,32580,328
2021-07-25,Stanislaus,099,539301,58713,58154,6204,64358,1033
2021-07-25,Sutter,101,95872,10048,9937,96,10033,115
2021-07-25,Tehama,103,63373,5248,5181,594,5775,66
2021-07-25,Trinity,105,12862,508,351,108,459,3
2021-07-25,Tulare,107,460477,51121,50221,9341,59562,854
2021-07-25,Tuolumne,109,53932,4327,4267,46,4313,64
2021-07-25,Ventura,111,848112,83962,82986,3387,86373,1041
2021-07-25,Yolo,113,214977,14943,14693,358,15051,215
2021-07-25,Yuba,115,75493,6645,6519,138,6657,51
2021-07-24,Alameda,001,1643700,95328,93170,2137,95307,1259
2021-07-24,Alpine,003,1148,88,89,0,89,0
2021-07-24,Amador,005,37829,3880,3816,33,3849,48
2021-07-24,Butte,007,227075,13311,12982,1964,14946,203
2021-07-24,Calaveras,009,45235,2302,2267,15,2282,57
2021-07-24,Colusa,011,21464,2011,1992,341,2333,16
2021-07-24,Contra Costa,013,1133247,75742,73682,1476,75158,830
2021-07-24,Del Norte,015,27424,1595,1497,14,1511,8
2021-07-24,El Dorado,017,186661,11086,10773,858,11631,116
2021-07-24,Fresno,019,978130,105457,103637,8972,112609,1736
2021-07-24,Glenn,021,27897,2480,2457,578,3035,20
2021-07-24,Humboldt,023,135768,4985,4780,71,4851,52
2021-07-24,Imperial,025,180216,29207,28996,2706,31702,742
2021-07-24,Inyo,027,18085,1439,1424,12,1436,38
2021-07-24,Kern,029,883053,99577,98261,11627,109888,1350
2021-07-24,Kings,031,150075,23754,23304,1134,24438,246
2021-07-24,Lake,033,64148,4223,3963,14,3977,64
2021-07-24,Lassen,035,31185,5331,5311,118,5429,21
2021-07-24,Los Angeles,037,10098052,1252982,1232164,44124,1276288,24623
2021-07-24,Madera,039,155013,17205,16885,985,17870,245
2021-07-24,Marin,041,260295,14817,14454,282,14736,238
2021-07-24,Mariposa,043,17540,472,453,11,464,5
2021-07-24,Mendocino,045,87422,4455,4293,91,4384,49
2021-07-24,Merced,047,269075,31857,31661,1085,32746,473
2021-07-24,Modoc,049,8938,421,413,147,560,5
2021-07-24,Mono,051,14174,1289,1284,17,1301,3
2021-07-24,Monterey,053,433212,43831,43525,1917,45442,521
2021-07-24,Napa,055,140530,10417,10230,47,10277,81
2021-07-24,Nevada,057,99092,5402,5183,199,5382,72
2021-07-24,Orange,059,3164182,264352,259973,12017,271990,5141
2021-07-24,Placer,061,380077,25231,24530,1810,26340,303
2021-07-24,Plumas,063,18699,753,737,14,751,4
2021-07-24,Riverside,065,2383286,303029,296912,14444,311356,4552
2021-07-24,Sacramento,067,1510023,114970,112438,2141,114579,1698
2021-07-24,San Benito,069,59416,6234,6200,113,6313,63
2021-07-24,San Bernardino,071,2135413,301352,297899,9312,307211,5236
2021-07-24,San Diego,073,3302833,294856,289368,16893,306261,3788
2021-07-24,San Francisco,075,870044,40395,38954,1435,40389,561
2021-07-24,San Joaquin,077,732212,76657,75461,3795,79256,1436
2021-07-24,San Luis Obispo,079,281455,22099,21616,788,22404,260
2021-07-24,San Mateo,081,765935,44602,43880,556,44436,542
2021-07-24,Santa Barbara,083,443738,35600,35071,1174,36245,465
2021-07-24,Santa Clara,085,1922200,123119,121092,824,121916,2099
2021-07-24,Santa Cruz,087,273765,16706,16416,809,17225,207
2021-07-24,Shasta,089,179085,12956,12759,1712,14471,211
2021-07-24,Sierra,091,2930,69,64,12,76,0
2021-07-24,Siskiyou,093,43540,2052,1951,417,2368,31
2021-07-24,Solano,095,438530,35453,34499,690,35189,259
2021-07-24,Sonoma,097,501317,32687,31928,376,32304,327
2021-07-24,Stanislaus,099,539301,58621,57879,6194,64073,1030
2021-07-24,Sutter,101,95872,10021,9890,96,9986,115
2021-07-24,Tehama,103,63373,5241,5166,592,5758,65
2021-07-24,Trinity,105,12862,508,345,108,453,3
2021-07-24,Tulare,107,460477,51078,50104,9324,59428,854
2021-07-24,Tuolumne,109,53932,4301,4216,46,4262,64
2021-07-24,Ventura,111,848112,83835,82687,3371,86058,1041
2021-07-24,Yolo,113,214977,14905,14557,354,14911,214
2021-07-24,Yuba,115,75493,6626,6449,138,6587,51
2021-07-23,Alameda,001,1643700,95075,93170,2133,95303,1259
2021-07-23,Alpine,003,1148,88,89,0,89,0
2021-07-23,Amador,005,37829,3873,3816,33,3849,48
2021-07-23,Butte,007,227075,13282,12982,1956,14938,203
2021-07-23,Calaveras,009,45235,2292,2267,15,2282,57
2021-07-23,Colusa,011,21464,2010,1992,341,2333,16
2021-07-23,Contra Costa,013,1133247,75482,73682,1467,75149,830
2021-07-23,Del Norte,015,27424,1587,1497,14,1511,8
2021-07-23,El Dorado,017,186661,11057,10773,854,11627,116
2021-07-23,Fresno,019,978130,105325,103637,8962,112599,1736
2021-07-23,Glenn,021,27897,2478,2457,575,3032,20
2021-07-23,Humboldt,023,135768,4963,4780,68,4848,52
2021-07-23,Imperial,025,180216,29195,28996,2706,31702,742
2021-07-23,Inyo,027,18085,1436,1424,12,1436,38
2021-07-23,Kern,029,883053,99495,98261,11602,109863,1350
2021-07-23,Kings,031,150075,23723,23304,1131,24435,246
2021-07-23,Lake,033,64148,4194,3963,14,3977,64
2021-07-23,Lassen,035,31185,5329,5311,118,5429,21
2021-07-23,Los Angeles,037,10098052,1251041,1232164,44015,1276179,24623
2021-07-23,Madera,039,155013,17175,16885,980,17865,245
2021-07-23,Marin,041,260295,14780,14454,280,14734,238
2021-07-23,Mariposa,043,17540,469,453,11,464,5
2021-07-23,Mendocino,045,87422,4442,4293,91,4384,49
2021-07-23,Merced,047,269075,31832,31661,1085,32746,473
2021-07-23,Modoc,049,8938,421,413,147,560,5
2021-07-23,Mono,051,14174,1288,1284,17,1301,3
2021-07-23,Monterey,053,433212,43805,43525,1917,45442,521
2021-07-23,Napa,055,140530,10396,10230,47,10277,81
2021-07-23,Nevada,057,99092,5358,5183,199,5382,72
2021-07-23,Orange,059,3164182,263903,259973,11994,271967,5141
2021-07-23,Placer,061,380077,25151,24530,1794,26324,303
2021-07-23,Plumas,063,18699,751,737,14,751,4
2021-07-23,Riverside,065,2383286,302563,296912,14432,311344,4552
2021-07-23,Sacramento,067,1510023,114616,112438,2139,114577,1698
2021-07-23,San Benito,069,59416,6228,6200,113,6313,63
2021-07-23,San Bernardino,071,2135413,300970,297899,9303,307202,5236
2021-07-23,San Diego,073,3302833,294248,289368,16845,306213,3788
2021-07-23,San Francisco,075,870044,40209,38954,1423,40377,561
2021-07-23,San Joaquin,077,732212,76553,75461,3780,79241,1436
2021-07-23,San Luis Obispo,079,281455,22060,21616,788,22404,260
2021-07-23,San Mateo,081,765935,44498,43880,552,44432,542
2021-07-23,Santa Barbara,083,443738,35535,35071,1173,36244,465
2021-07-23,Santa Clara,085,1922200,122900,121092,821,121913,2099
2021-07-23,Santa Cruz,087,273765,16681,16416,809,17225,207
2021-07-23,Shasta,089,179085,12929,12759,1709,14468,211
2021-07-23,Sierra,091,2930,69,64,12,76,0
2021-07-23,Siskiyou,093,43540,2050,1951,417,2368,31
2021-07-23,Solano,095,438530,35361,34499,686,35185,259
2021-07-23,Sonoma,097,501317,32592,31928,375,32303,327
2021-07-23,Stanislaus,099,539301,58545,57879,6185,64064,1030
2021-07-23,Sutter,101,95872,9992,9890,96,9986,115
2021-07-23,Tehama,103,63373,5232,5166,592,5758,65
2021-07-23,Trinity,105,12862,507,345,107,452,3
2021-07-23,Tulare,107,460477,51032,50104,9303,59407,854
2021-07-23,Tuolumne,109,53932,4279,4216,46,4262,64
2021-07-23,Ventura,111,848112,83673,82687,3353,86040,1041
2021-07-23,Yolo,113,214977,14868,14557,347,14904,214
2021-07-23,Yuba,115,75493,6600,6449,137,6586,51
2021-07-22,Alameda,001,1643700,94722,93170,2128,95298,1259
2021-07-22,Alpine,003,1148,88,89,0,89,0
2021-07-22,Amador,005,37829,3864,3816,33,3849,48
2021-07-22,Butte,007,227075,13248,12982,1947,14929,203
2021-07-22,Calaveras,009,45235,2282,2267,15,2282,57
2021-07-22,Colusa,011,21464,2008,1992,338,2330,16
2021-07-22,Contra Costa,013,1133247,75143,73682,1462,75144,830
2021-07-22,Del Norte,015,27424,1570,1497,14,1511,8
2021-07-22,El Dorado,017,186661,11021,10773,846,11619,116
2021-07-22,Fresno,019,978130,105196,103637,8952,112589,1736
2021-07-22,Glenn,021,27897,2474,2457,575,3032,20
2021-07-22,Humboldt,023,135768,4932,4780,66,4846,52
2021-07-22,Imperial,025,180216,29165,28996,2706,31702,742
2021-07-22,Inyo,027,18085,1434,1424,12,1436,38
2021-07-22,Kern,029,883053,99380,98261,11561,109822,1350
2021-07-22,Kings,031,150075,23684,23304,1129,24433,246
2021-07-22,Lake,033,64148,4143,3963,14,3977,64
2021-07-22,Lassen,035,31185,5326,5311,118,5429,21
2021-07-22,Los Angeles,037,10098052,1248605,1232164,43836,1276000,24623
2021-07-22,Madera,039,155013,17140,16885,978,17863,245
2021-07-22,Marin,041,260295,14739,14454,279,14733,238
2021-07-22,Mariposa,043,17540,462,453,11,464,5
2021-07-22,Mendocino,045,87422,4429,4293,90,4383,49
2021-07-22,Merced,047,269075,31790,31661,1084,32745,473
2021-07-22,Modoc,049,8938,421,413,147,560,5
2021-07-22,Mono,051,14174,1287,1284,17,1301,3
2021-07-22,Monterey,053,433212,43777,43525,1911,45436,521
2021-07-22,Napa,055,140530,10378,10230,47,10277,81
2021-07-22,Nevada,057,99092,5332,5183,198,5381,72
2021-07-22,Orange,059,3164182,263350,259973,11985,271958,5141
2021-07-22,Placer,061,380077,25057,24530,1783,26313,303
2021-07-22,Plumas,063,18699,750,737,14,751,4
2021-07-22,Riverside,065,2383286,302055,296912,14411,311323,4552
2021-07-22,Sacramento,067,1510023,114179,112438,2130,114568,1698
2021-07-22,San Benito,069,59416,6221,6200,113,6313,63
2021-07-22,San Bernardino,071,2135413,300566,297899,9288,307187,5236
2021-07-22,San Diego,073,3302833,293518,289368,16785,306153,3788
2021-07-22,San Francisco,075,870044,39996,38954,1411,40365,561
2021-07-22,San Joaquin,077,732212,76410,75461,3768,79229,1436
2021-07-22,San Luis Obispo,079,281455,22022,21616,784,22400,260
2021-07-22,San Mateo,081,765935,44386,43880,547,44427,542
2021-07-22,Santa Barbara,083,443738,35469,35071,1171,36242,465
2021-07-22,Santa Clara,085,1922200,122659,121092,818,121910,2099
2021-07-22,Santa Cruz,087,273765,16644,16416,808,17224,207
2021-07-22,Shasta,089,179085,12905,12759,1705,14464,211
2021-07-22,Sierra,091,2930,67,64,12,76,0
2021-07-22,Siskiyou,093,43540,2047,1951,417,2368,31
2021-07-22,Solano,095,438530,35215,34499,679,35178,259
2021-07-22,Sonoma,097,501317,32482,31928,373,32301,327
2021-07-22,Stanislaus,099,539301,58417,57879,6173,64052,1030
2021-07-22,Sutter,101,95872,9971,9890,96,9986,115
2021-07-22,Tehama,103,63373,5226,5166,592,5758,65
2021-07-22,Trinity,105,12862,507,345,107,452,3
2021-07-22,Tulare,107,460477,50989,50104,9275,59379,854
2021-07-22,Tuolumne,109,53932,4267,4216,46,4262,64
2021-07-22,Ventura,111,848112,83539,82687,3340,86027,1041
2021-07-22,Yolo,113,214977,14830,14557,347,14904,214
2021-07-22,Yuba,115,75493,6569,6449,134,6583,51
2021-07-21,Alameda,001,1643700,94402,92840,2125,94965,1256
2021-07-21,Alpine,003,1148,88,89,0,89,0
2021-07-21,Amador,005,37829,3851,3813,33,3846,48
2021-07-21,Butte,007,227075,13207,12939,1942,14881,203
2021-07-21,Calaveras,009,45235,2278,2257,15,2272,57
2021-07-21,Colusa,011,21464,2004,1988,337,2325,16
2021-07-21,Contra Costa,013,1133247,74879,73320,1453,74773,827
2021-07-21,Del Norte,015,27424,1560,1492,14,1506,8
2021-07-21,El Dorado,017,186661,10984,10742,842,11584,116
2021-07-21,Fresno,019,978130,105048,103504,8943,112447,1736
2021-07-21,Glenn,021,27897,2472,2455,574,3029,20
2021-07-21,Humboldt,023,135768,4900,4763,64,4827,52
2021-07-21,Imperial,025,180216,29153,28964,2703,31667,742
2021-07-21,Inyo,027,18085,1434,1423,12,1435,38
2021-07-21,Kern,029,883053,99262,98152,11520,109672,1350
2021-07-21,Kings,031,150075,23656,23270,1125,24395,246
2021-07-21,Lake,033,64148,4077,3896,14,3910,64
2021-07-21,Lassen,035,31185,5323,5310,118,5428,21
2021-07-21,Los Angeles,037,10098052,1246093,1229598,43698,1273296,24609
2021-07-21,Madera,039,155013,17116,16858,976,17834,245
2021-07-21,Marin,041,260295,14690,14427,279,14706,238
2021-07-21,Mariposa,043,17540,458,449,11,460,5
2021-07-21,Mendocino,045,87422,4411,4274,90,4364,49
2021-07-21,Merced,047,269075,31751,31607,1080,32687,473
2021-07-21,Modoc,049,8938,421,413,147,560,5
2021-07-21,Mono,051,14174,1284,1282,17,1299,3
2021-07-21,Monterey,053,433212,43747,43502,1908,45410,515
2021-07-21,Napa,055,140530,10352,10209,47,10256,81
2021-07-21,Nevada,057,99092,5297,5152,198,5350,72
2021-07-21,Orange,059,3164182,262797,259615,11955,271570,5139
2021-07-21,Placer,061,380077,24948,24441,1772,26213,303
2021-07-21,Plumas,063,18699,750,736,14,750,4
2021-07-21,Riverside,065,2383286,301542,296419,14394,310813,4552
2021-07-21,Sacramento,067,1510023,113757,112043,2119,114162,1696
2021-07-21,San Benito,069,59416,6211,6196,113,6309,63
2021-07-21,San Bernardino,071,2135413,300110,297519,9280,306799,5230
2021-07-21,San Diego,073,3302833,292669,288682,16722,305404,3787
2021-07-21,San Francisco,075,870044,39771,38699,1406,40105,559
2021-07-21,San Joaquin,077,732212,76221,75288,3756,79044,1434
2021-07-21,San Luis Obispo,079,281455,21985,21579,781,22360,260
2021-07-21,San Mateo,081,765935,44294,43755,543,44298,542
2021-07-21,Santa Barbara,083,443738,35410,34998,1155,36153,465
2021-07-21,Santa Clara,085,1922200,122450,120838,816,121654,2099
2021-07-21,Santa Cruz,087,273765,16610,16407,808,17215,207
2021-07-21,Shasta,089,179085,12871,12751,1702,14453,211
2021-07-21,Sierra,091,2930,67,64,12,76,0
2021-07-21,Siskiyou,093,43540,2045,1943,415,2358,31
2021-07-21,Solano,095,438530,35057,34374,674,35048,258
2021-07-21,Sonoma,097,501317,32366,31789,373,32162,327
2021-07-21,Stanislaus,099,539301,58315,57774,6163,63937,1028
2021-07-21,Sutter,101,95872,9947,9862,96,9958,113
2021-07-21,Tehama,103,63373,5222,5161,592,5753,65
2021-07-21,Trinity,105,12862,505,345,106,451,3
2021-07-21,Tulare,107,460477,50929,50066,9250,59316,854
2021-07-21,Tuolumne,109,53932,4230,4156,46,4202,64
2021-07-21,Ventura,111,848112,83417,82573,3328,85901,1041
2021-07-21,Yolo,113,214977,14788,14525,346,14871,213
2021-07-21,Yuba,115,75493,6541,6425,134,6559,52
2021-07-20,Alameda,001,1643700,94032,92625,2111,94736,1256
2021-07-20,Alpine,003,1148,88,89,0,89,0
2021-07-20,Amador,005,37829,3840,3807,33,3840,48
2021-07-20,Butte,007,227075,13170,12916,1937,14853,203
2021-07-20,Calaveras,009,45235,2275,2249,15,2264,57
2021-07-20,Colusa,011,21464,2004,1985,337,2322,16
2021-07-20,Contra Costa,013,1133247,74594,73143,1435,74578,825
2021-07-20,Del Norte,015,27424,1550,1490,14,1504,8
2021-07-20,El Dorado,017,186661,10944,10727,838,11565,116
2021-07-20,Fresno,019,978130,104913,103438,8924,112362,1736
2021-07-20,Glenn,021,27897,2472,2453,574,3027,20
2021-07-20,Humboldt,023,135768,4855,4735,62,4797,52
2021-07-20,Imperial,025,180216,29133,28933,2703,31636,742
2021-07-20,Inyo,027,18085,1430,1420,12,1432,36
2021-07-20,Kern,029,883053,99148,98082,11492,109574,1350
2021-07-20,Kings,031,150075,23615,23254,1120,24374,246
2021-07-20,Lake,033,64148,4052,3871,14,3885,64
2021-07-20,Lassen,035,31185,5323,5306,118,5424,21
2021-07-20,Los Angeles,037,10098052,1243296,1227404,43533,1270937,24603
2021-07-20,Madera,039,155013,17095,16856,972,17828,245
2021-07-20,Marin,041,260295,14654,14396,276,14672,234
2021-07-20,Mariposa,043,17540,456,448,11,459,5
2021-07-20,Mendocino,045,87422,4394,4259,90,4349,49
2021-07-20,Merced,047,269075,31712,31578,1073,32651,473
2021-07-20,Modoc,049,8938,421,413,147,560,5
2021-07-20,Mono,051,14174,1280,1281,17,1298,3
2021-07-20,Monterey,053,433212,43716,43481,1905,45386,515
2021-07-20,Napa,055,140530,10329,10191,47,10238,81
2021-07-20,Nevada,057,99092,5278,5148,197,5345,72
2021-07-20,Orange,059,3164182,262240,259303,11925,271228,5139
2021-07-20,Placer,061,380077,24856,24408,1750,26158,303
2021-07-20,Plumas,063,18699,748,736,14,750,4
2021-07-20,Riverside,065,2383286,301007,296118,14380,310498,4543
2021-07-20,Sacramento,067,1510023,113317,111796,2089,113885,1695
2021-07-20,San Benito,069,59416,6204,6196,113,6309,63
2021-07-20,San Bernardino,071,2135413,299701,297222,9255,306477,5231
2021-07-20,San Diego,073,3302833,291743,288209,16626,304835,3786
2021-07-20,San Francisco,075,870044,39511,38536,1395,39931,558
2021-07-20,San Joaquin,077,732212,76049,75198,3743,78941,1433
2021-07-20,San Luis Obispo,079,281455,21939,21556,780,22336,259
2021-07-20,San Mateo,081,765935,44175,43670,542,44212,542
2021-07-20,Santa Barbara,083,443738,35340,34935,1149,36084,462
2021-07-20,Santa Clara,085,1922200,122193,120704,814,121518,2098
2021-07-20,Santa Cruz,087,273765,16581,16399,808,17207,207
2021-07-20,Shasta,089,179085,12845,12734,1698,14432,211
2021-07-20,Sierra,091,2930,67,64,12,76,0
2021-07-20,Siskiyou,093,43540,2041,1931,414,2345,31
2021-07-20,Solano,095,438530,34922,34337,667,35004,258
2021-07-20,Sonoma,097,501317,32247,31763,372,32135,326
2021-07-20,Stanislaus,099,539301,58200,57706,6158,63864,1028
2021-07-20,Sutter,101,95872,9920,9854,93,9947,114
2021-07-20,Tehama,103,63373,5220,5153,592,5745,65
2021-07-20,Trinity,105,12862,503,344,105,449,3
2021-07-20,Tulare,107,460477,50887,50047,9233,59280,854
2021-07-20,Tuolumne,109,53932,4211,4156,46,4202,64
2021-07-20,Ventura,111,848112,83264,82504,3313,85817,1041
2021-07-20,Yolo,113,214977,14723,14495,343,14838,213
2021-07-20,Yuba,115,75493,6516,6393,131,6524,52
2021-07-19,Alameda,001,1643700,93658,92357,2095,94452,1256
2021-07-19,Alpine,003,1148,88,89,0,89,0
2021-07-19,Amador,005,37829,3836,3802,33,3835,48
2021-07-19,Butte,007,227075,13126,12901,1932,14833,202
2021-07-19,Calaveras,009,45235,2271,2245,15,2260,57
2021-07-19,Colusa,011,21464,2002,1981,337,2318,16
2021-07-19,Contra Costa,013,1133247,74282,72935,1415,74350,825
2021-07-19,Del Norte,015,27424,1537,1484,14,1498,8
2021-07-19,El Dorado,017,186661,10914,10703,830,11533,114
2021-07-19,Fresno,019,978130,104783,103350,8911,112261,1731
2021-07-19,Glenn,021,27897,2472,2452,573,3025,20
2021-07-19,Humboldt,023,135768,4825,4719,60,4779,52
2021-07-19,Imperial,025,180216,29106,28888,2702,31590,742
2021-07-19,Inyo,027,18085,1429,1417,12,1429,36
2021-07-19,Kern,029,883053,99034,97999,11459,109458,1349
2021-07-19,Kings,031,150075,23585,23221,1114,24335,246
2021-07-19,Lake,033,64148,4016,3848,14,3862,64
2021-07-19,Lassen,035,31185,5322,5305,118,5423,21
2021-07-19,Los Angeles,037,10098052,1240690,1225946,43347,1269293,24600
2021-07-19,Madera,039,155013,17072,16846,969,17815,244
2021-07-19,Marin,041,260295,14619,14369,273,14642,234
2021-07-19,Mariposa,043,17540,450,447,11,458,5
2021-07-19,Mendocino,045,87422,4376,4251,90,4341,49
2021-07-19,Merced,047,269075,31648,31565,1066,32631,472
2021-07-19,Modoc,049,8938,420,413,147,560,5
2021-07-19,Mono,051,14174,1278,1280,17,1297,3
2021-07-19,Monterey,053,433212,43692,43436,1904,45340,515
2021-07-19,Napa,055,140530,10304,10180,45,10225,81
2021-07-19,Nevada,057,99092,5250,5133,196,5329,72
2021-07-19,Orange,059,3164182,261717,258927,11893,270820,5138
2021-07-19,Placer,061,380077,24757,24359,1728,26087,303
2021-07-19,Plumas,063,18699,748,730,14,744,4
2021-07-19,Riverside,065,2383286,300517,295736,14342,310078,4543
2021-07-19,Sacramento,067,1510023,112953,111470,2065,113535,1696
2021-07-19,San Benito,069,59416,6201,6193,113,6306,63
2021-07-19,San Bernardino,071,2135413,299328,296929,9236,306165,5235
2021-07-19,San Diego,073,3302833,290843,287695,16521,304216,3786
2021-07-19,San Francisco,075,870044,39238,38463,1382,39845,560
2021-07-19,San Joaquin,077,732212,75884,75086,3738,78824,1431
2021-07-19,San Luis Obispo,079,281455,21894,21531,776,22307,259
2021-07-19,San Mateo,081,765935,44033,43563,533,44096,542
2021-07-19,Santa Barbara,083,443738,35268,34904,1147,36051,461
2021-07-19,Santa Clara,085,1922200,121935,120554,813,121367,2098
2021-07-19,Santa Cruz,087,273765,16565,16387,808,17195,207
2021-07-19,Shasta,089,179085,12827,12723,1696,14419,209
2021-07-19,Sierra,091,2930,66,64,12,76,0
2021-07-19,Siskiyou,093,43540,2036,1927,412,2339,31
2021-07-19,Solano,095,438530,34747,34262,656,34918,261
2021-07-19,Sonoma,097,501317,32126,31713,371,32084,325
2021-07-19,Stanislaus,099,539301,58099,57644,6148,63792,1027
2021-07-19,Sutter,101,95872,9904,9834,93,9927,114
2021-07-19,Tehama,103,63373,5214,5152,590,5742,65
2021-07-19,Trinity,105,12862,503,344,104,448,3
2021-07-19,Tulare,107,460477,50840,49994,9217,59211,855
2021-07-19,Tuolumne,109,53932,4201,4151,46,4197,64
2021-07-19,Ventura,111,848112,83168,82409,3291,85700,1041
2021-07-19,Yolo,113,214977,14691,14439,341,14780,213
2021-07-19,Yuba,115,75493,6492,6370,131,6501,52
2021-07-18,Alameda,001,1643700,93297,92162,2083,94245,1256
2021-07-18,Alpine,003,1148,88,89,0,89,0
2021-07-18,Amador,005,37829,3825,3799,33,3832,48
2021-07-18,Butte,007,227075,13084,12888,1927,14815,202
2021-07-18,Calaveras,009,45235,2268,2243,15,2258,57
2021-07-18,Colusa,011,21464,2002,1981,336,2317,16
2021-07-18,Contra Costa,013,1133247,73966,72849,1397,74246,825
2021-07-18,Del Norte,015,27424,1528,1482,14,1496,8
2021-07-18,El Dorado,017,186661,10877,10687,822,11509,114
2021-07-18,Fresno,019,978130,104629,103298,8893,112191,1731
2021-07-18,Glenn,021,27897,2471,2452,572,3024,20
2021-07-18,Humboldt,023,135768,4789,4714,60,4774,52
2021-07-18,Imperial,025,180216,29069,28877,2701,31578,742
2021-07-18,Inyo,027,18085,1425,1417,12,1429,36
2021-07-18,Kern,029,883053,98908,97963,11417,109380,1349
2021-07-18,Kings,031,150075,23564,23203,1110,24313,246
2021-07-18,Lake,033,64148,3980,3825,14,3839,64
2021-07-18,Lassen,035,31185,5322,5305,118,5423,21
2021-07-18,Los Angeles,037,10098052,1238003,1224691,43156,1267847,24598
2021-07-18,Madera,039,155013,17047,16838,965,17803,244
2021-07-18,Marin,041,260295,14583,14358,271,14629,234
2021-07-18,Mariposa,043,17540,449,447,11,458,5
2021-07-18,Mendocino,045,87422,4355,4246,90,4336,49
2021-07-18,Merced,047,269075,31617,31537,1064,32601,471
2021-07-18,Modoc,049,8938,420,413,147,560,5
2021-07-18,Mono,051,14174,1277,1280,17,1297,3
2021-07-18,Monterey,053,433212,43674,43422,1894,45316,515
2021-07-18,Napa,055,140530,10287,10174,42,10216,81
2021-07-18,Nevada,057,99092,5224,5124,196,5320,72
2021-07-18,Orange,059,3164182,261233,258724,11865,270589,5138
2021-07-18,Placer,061,380077,24690,24313,1701,26014,303
2021-07-18,Plumas,063,18699,748,730,14,744,4
2021-07-18,Riverside,065,2383286,300025,295522,14300,309822,4543
2021-07-18,Sacramento,067,1510023,112522,111255,2032,113287,1696
2021-07-18,San Benito,069,59416,6193,6191,113,6304,63
2021-07-18,San Bernardino,071,2135413,298853,296739,9221,305960,5233
2021-07-18,San Diego,073,3302833,290027,286287,16437,302724,3786
2021-07-18,San Francisco,075,870044,39002,38367,1371,39738,560
2021-07-18,San Joaquin,077,732212,75707,74997,3725,78722,1431
2021-07-18,San Luis Obispo,079,281455,21859,21527,773,22300,259
2021-07-18,San Mateo,081,765935,43920,43506,527,44033,542
2021-07-18,Santa Barbara,083,443738,35203,34880,1145,36025,461
2021-07-18,Santa Clara,085,1922200,121721,120438,806,121244,2098
2021-07-18,Santa Cruz,087,273765,16533,16372,807,17179,207
2021-07-18,Shasta,089,179085,12802,12714,1692,14406,209
2021-07-18,Sierra,091,2930,66,64,12,76,0
2021-07-18,Siskiyou,093,43540,2030,1927,407,2334,31
2021-07-18,Solano,095,438530,34619,34215,652,34867,261
2021-07-18,Sonoma,097,501317,32021,31675,370,32045,325
2021-07-18,Stanislaus,099,539301,57988,57600,6123,63723,1028
2021-07-18,Sutter,101,95872,9872,9826,93,9919,114
2021-07-18,Tehama,103,63373,5211,5150,589,5739,65
2021-07-18,Trinity,105,12862,503,344,104,448,3
2021-07-18,Tulare,107,460477,50787,49985,9194,59179,855
2021-07-18,Tuolumne,109,53932,4183,4149,46,4195,64
2021-07-18,Ventura,111,848112,83054,82361,3267,85628,1041
2021-07-18,Yolo,113,214977,14632,14425,335,14760,213
2021-07-18,Yuba,115,75493,6451,6357,131,6488,52
2021-07-17,Alameda,001,1643700,93080,91346,2072,93418,1255
2021-07-17,Alpine,003,1148,88,89,0,89,0
2021-07-17,Amador,005,37829,3816,3785,33,3818,48
2021-07-17,Butte,007,227075,13069,12824,1923,14747,202
2021-07-17,Calaveras,009,45235,2263,2237,15,2252,57
2021-07-17,Colusa,011,21464,1999,1976,336,2312,16
2021-07-17,Contra Costa,013,1133247,73784,72254,1384,73638,824
2021-07-17,Del Norte,015,27424,1520,1475,14,1489,8
2021-07-17,El Dorado,017,186661,10850,10622,818,11440,114
2021-07-17,Fresno,019,978130,104556,103055,8879,111934,1730
2021-07-17,Glenn,021,27897,2470,2451,572,3023,20
2021-07-17,Humboldt,023,135768,4776,4654,59,4713,52
2021-07-17,Imperial,025,180216,29053,28840,2701,31541,742
2021-07-17,Inyo,027,18085,1425,1416,12,1428,36
2021-07-17,Kern,029,883053,98851,97796,11381,109177,1348
2021-07-17,Kings,031,150075,23544,23163,1109,24272,246
2021-07-17,Lake,033,64148,3955,3760,14,3774,64
2021-07-17,Lassen,035,31185,5322,5302,118,5420,21
2021-07-17,Los Angeles,037,10098052,1236466,1219733,43015,1262748,24582
2021-07-17,Madera,039,155013,17039,16804,965,17769,240
2021-07-17,Marin,041,260295,14565,14297,269,14566,234
2021-07-17,Mariposa,043,17540,449,445,11,456,5
2021-07-17,Mendocino,045,87422,4343,4209,90,4299,49
2021-07-17,Merced,047,269075,31596,31451,1060,32511,471
2021-07-17,Modoc,049,8938,420,412,147,559,5
2021-07-17,Mono,051,14174,1275,1277,17,1294,3
2021-07-17,Monterey,053,433212,43651,43367,1889,45256,515
2021-07-17,Napa,055,140530,10271,10129,42,10171,81
2021-07-17,Nevada,057,99092,5209,5066,196,5262,72
2021-07-17,Orange,059,3164182,260926,257805,11826,269631,5136
2021-07-17,Placer,061,380077,24623,24169,1687,25856,303
2021-07-17,Plumas,063,18699,743,721,14,735,4
2021-07-17,Riverside,065,2383286,299719,294751,14268,309019,4542
2021-07-17,Sacramento,067,1510023,112287,110432,2012,112444,1694
2021-07-17,San Benito,069,59416,6187,6181,113,6294,63
2021-07-17,San Bernardino,071,2135413,298616,296048,9202,305250,5218
2021-07-17,San Diego,073,3302833,289620,285698,16369,302067,3786
2021-07-17,San Francisco,075,870044,38881,37978,1368,39346,560
2021-07-17,San Joaquin,077,732212,75620,74695,3719,78414,1430
2021-07-17,San Luis Obispo,079,281455,21832,21462,773,22235,258
2021-07-17,San Mateo,081,765935,43849,43324,526,43850,542
2021-07-17,Santa Barbara,083,443738,35162,34769,1142,35911,461
2021-07-17,Santa Clara,085,1922200,121549,119980,803,120783,2097
2021-07-17,Santa Cruz,087,273765,16526,16337,807,17144,207
2021-07-17,Shasta,089,179085,12787,12683,1687,14370,210
2021-07-17,Sierra,091,2930,66,62,12,74,0
2021-07-17,Siskiyou,093,43540,2025,1922,404,2326,29
2021-07-17,Solano,095,438530,34554,34015,644,34659,263
2021-07-17,Sonoma,097,501317,31953,31536,369,31905,322
2021-07-17,Stanislaus,099,539301,57911,57400,6109,63509,1028
2021-07-17,Sutter,101,95872,9862,9778,93,9871,114
2021-07-17,Tehama,103,63373,5208,5145,589,5734,64
2021-07-17,Trinity,105,12862,502,341,104,445,3
2021-07-17,Tulare,107,460477,50766,49937,9182,59119,854
2021-07-17,Tuolumne,109,53932,4173,4131,46,4177,64
2021-07-17,Ventura,111,848112,82985,82125,3256,85381,1041
2021-07-17,Yolo,113,214977,14600,14356,328,14684,213
2021-07-17,Yuba,115,75493,6440,6309,131,6440,52
2021-07-16,Alameda,001,1643700,92840,91346,2061,93407,1255
2021-07-16,Alpine,003,1148,88,89,0,89,0
2021-07-16,Amador,005,37829,3813,3785,33,3818,48
2021-07-16,Butte,007,227075,13044,12824,1920,14744,202
2021-07-16,Calaveras,009,45235,2262,2237,15,2252,57
2021-07-16,Colusa,011,21464,1997,1976,335,2311,16
2021-07-16,Contra Costa,013,1133247,73595,72254,1380,73634,824
2021-07-16,Del Norte,015,27424,1518,1475,14,1489,8
2021-07-16,El Dorado,017,186661,10831,10622,817,11439,114
2021-07-16,Fresno,019,978130,104503,103055,8859,111914,1730
2021-07-16,Glenn,021,27897,2470,2451,572,3023,20
2021-07-16,Humboldt,023,135768,4754,4654,59,4713,52
2021-07-16,Imperial,025,180216,29041,28840,2701,31541,742
2021-07-16,Inyo,027,18085,1423,1416,12,1428,36
2021-07-16,Kern,029,883053,98789,97796,11341,109137,1348
2021-07-16,Kings,031,150075,23519,23163,1108,24271,246
2021-07-16,Lake,033,64148,3928,3760,14,3774,64
2021-07-16,Lassen,035,31185,5321,5302,118,5420,21
2021-07-16,Los Angeles,037,10098052,1234964,1219733,42870,1262603,24582
2021-07-16,Madera,039,155013,17021,16804,965,17769,240
2021-07-16,Marin,041,260295,14541,14297,266,14563,234
2021-07-16,Mariposa,043,17540,449,445,11,456,5
2021-07-16,Mendocino,045,87422,4334,4209,89,4298,49
2021-07-16,Merced,047,269075,31575,31451,1058,32509,471
2021-07-16,Modoc,049,8938,420,412,147,559,5
2021-07-16,Mono,051,14174,1274,1277,17,1294,3
2021-07-16,Monterey,053,433212,43629,43367,1888,45255,515
2021-07-16,Napa,055,140530,10247,10129,41,10170,81
2021-07-16,Nevada,057,99092,5199,5066,196,5262,72
2021-07-16,Orange,059,3164182,260653,257805,11785,269590,5136
2021-07-16,Placer,061,380077,24570,24169,1682,25851,303
2021-07-16,Plumas,063,18699,742,721,14,735,4
2021-07-16,Riverside,065,2383286,299443,294751,14242,308993,4542
2021-07-16,Sacramento,067,1510023,112070,110432,1999,112431,1694
2021-07-16,San Benito,069,59416,6185,6181,113,6294,63
2021-07-16,San Bernardino,071,2135413,298340,296048,9185,305233,5218
2021-07-16,San Diego,073,3302833,289178,285698,16322,302020,3786
2021-07-16,San Francisco,075,870044,38764,37978,1363,39341,560
2021-07-16,San Joaquin,077,732212,75526,74695,3716,78411,1430
2021-07-16,San Luis Obispo,079,281455,21815,21462,773,22235,258
2021-07-16,San Mateo,081,765935,43796,43324,525,43849,542
2021-07-16,Santa Barbara,083,443738,35124,34769,1142,35911,461
2021-07-16,Santa Clara,085,1922200,121402,119980,796,120776,2097
2021-07-16,Santa Cruz,087,273765,16513,16337,807,17144,207
2021-07-16,Shasta,089,179085,12777,12683,1686,14369,210
2021-07-16,Sierra,091,2930,66,62,12,74,0
2021-07-16,Siskiyou,093,43540,2023,1922,402,2324,29
2021-07-16,Solano,095,438530,34487,34015,636,34651,263
2021-07-16,Sonoma,097,501317,31901,31536,366,31902,322
2021-07-16,Stanislaus,099,539301,57861,57400,6099,63499,1028
2021-07-16,Sutter,101,95872,9850,9778,93,9871,114
2021-07-16,Tehama,103,63373,5206,5145,589,5734,64
2021-07-16,Trinity,105,12862,502,341,103,444,3
2021-07-16,Tulare,107,460477,50741,49937,9172,59109,854
2021-07-16,Tuolumne,109,53932,4167,4131,46,4177,64
2021-07-16,Ventura,111,848112,82920,82125,3249,85374,1041
2021-07-16,Yolo,113,214977,14574,14356,325,14681,213
2021-07-16,Yuba,115,75493,6418,6309,130,6439,52
2021-07-15,Alameda,001,1643700,92545,91346,2051,93397,1255
2021-07-15,Alpine,003,1148,88,89,0,89,0
2021-07-15,Amador,005,37829,3810,3785,33,3818,48
2021-07-15,Butte,007,227075,13018,12824,1918,14742,202
2021-07-15,Calaveras,009,45235,2259,2237,15,2252,57
2021-07-15,Colusa,011,21464,1996,1976,334,2310,16
2021-07-15,Contra Costa,013,1133247,73381,72254,1373,73627,824
2021-07-15,Del Norte,015,27424,1515,1475,14,1489,8
2021-07-15,El Dorado,017,186661,10804,10622,815,11437,114
2021-07-15,Fresno,019,978130,104406,103055,8839,111894,1730
2021-07-15,Glenn,021,27897,2470,2451,572,3023,20
2021-07-15,Humboldt,023,135768,4736,4654,58,4712,52
2021-07-15,Imperial,025,180216,29018,28840,2701,31541,742
2021-07-15,Inyo,027,18085,1423,1416,12,1428,36
2021-07-15,Kern,029,883053,98719,97796,11313,109109,1348
2021-07-15,Kings,031,150075,23481,23163,1105,24268,246
2021-07-15,Lake,033,64148,3889,3760,14,3774,64
2021-07-15,Lassen,035,31185,5320,5302,118,5420,21
2021-07-15,Los Angeles,037,10098052,1232978,1219733,42713,1262446,24582
2021-07-15,Madera,039,155013,16999,16804,961,17765,240
2021-07-15,Marin,041,260295,14516,14297,266,14563,234
2021-07-15,Mariposa,043,17540,449,445,11,456,5
2021-07-15,Mendocino,045,87422,4326,4209,88,4297,49
2021-07-15,Merced,047,269075,31545,31451,1058,32509,471
2021-07-15,Modoc,049,8938,420,412,147,559,5
2021-07-15,Mono,051,14174,1274,1277,17,1294,3
2021-07-15,Monterey,053,433212,43600,43367,1885,45252,515
2021-07-15,Napa,055,140530,10222,10129,40,10169,81
2021-07-15,Nevada,057,99092,5182,5066,195,5261,72
2021-07-15,Orange,059,3164182,260302,257805,11754,269559,5136
2021-07-15,Placer,061,380077,24510,24169,1665,25834,303
2021-07-15,Plumas,063,18699,741,721,14,735,4
2021-07-15,Riverside,065,2383286,299122,294751,14227,308978,4542
2021-07-15,Sacramento,067,1510023,111766,110432,1982,112414,1694
2021-07-15,San Benito,069,59416,6183,6181,113,6294,63
2021-07-15,San Bernardino,071,2135413,298033,296048,9171,305219,5218
2021-07-15,San Diego,073,3302833,288540,285698,16244,301942,3786
2021-07-15,San Francisco,075,870044,38612,37978,1355,39333,560
2021-07-15,San Joaquin,077,732212,75409,74695,3711,78406,1430
2021-07-15,San Luis Obispo,079,281455,21783,21462,773,22235,258
2021-07-15,San Mateo,081,765935,43691,43324,520,43844,542
2021-07-15,Santa Barbara,083,443738,35068,34769,1141,35910,461
2021-07-15,Santa Clara,085,1922200,121280,119980,793,120773,2097
2021-07-15,Santa Cruz,087,273765,16500,16337,807,17144,207
2021-07-15,Shasta,089,179085,12769,12683,1682,14365,210
2021-07-15,Sierra,091,2930,66,62,12,74,0
2021-07-15,Siskiyou,093,43540,2022,1922,402,2324,29
2021-07-15,Solano,095,438530,34412,34015,630,34645,263
2021-07-15,Sonoma,097,501317,31840,31536,366,31902,322
2021-07-15,Stanislaus,099,539301,57792,57400,6086,63486,1028
2021-07-15,Sutter,101,95872,9830,9778,92,9870,114
2021-07-15,Tehama,103,63373,5200,5145,588,5733,64
2021-07-15,Trinity,105,12862,502,341,103,444,3
2021-07-15,Tulare,107,460477,50721,49937,9155,59092,854
2021-07-15,Tuolumne,109,53932,4155,4131,46,4177,64
2021-07-15,Ventura,111,848112,82844,82125,3244,85369,1041
2021-07-15,Yolo,113,214977,14546,14356,324,14680,213
2021-07-15,Yuba,115,75493,6403,6309,129,6438,52
2021-07-14,Alameda,001,1643700,92286,91092,2035,93127,1255
2021-07-14,Alpine,003,1148,88,89,0,89,0
2021-07-14,Amador,005,37829,3802,3784,33,3817,48
2021-07-14,Butte,007,227075,12991,12813,1911,14724,202
2021-07-14,Calaveras,009,45235,2252,2234,15,2249,57
2021-07-14,Colusa,011,21464,1993,1974,334,2308,16
2021-07-14,Contra Costa,013,1133247,73152,72091,1361,73452,823
2021-07-14,Del Norte,015,27424,1514,1472,14,1486,8
2021-07-14,El Dorado,017,186661,10778,10598,812,11410,114
2021-07-14,Fresno,019,978130,104326,102966,8828,111794,1728
2021-07-14,Glenn,021,27897,2470,2449,572,3021,20
2021-07-14,Humboldt,023,135768,4712,4644,56,4700,52
2021-07-14,Imperial,025,180216,28989,28822,2701,31523,742
2021-07-14,Inyo,027,18085,1422,1415,12,1427,36
2021-07-14,Kern,029,883053,98655,97736,11288,109024,1346
2021-07-14,Kings,031,150075,23468,23142,1105,24247,246
2021-07-14,Lake,033,64148,3856,3739,14,3753,63
2021-07-14,Lassen,035,31185,5319,5298,118,5416,21
2021-07-14,Los Angeles,037,10098052,1230963,1218265,42572,1260837,24578
2021-07-14,Madera,039,155013,16987,16786,959,17745,240
2021-07-14,Marin,041,260295,14482,14269,264,14533,233
2021-07-14,Mariposa,043,17540,447,445,11,456,5
2021-07-14,Mendocino,045,87422,4313,4193,88,4281,49
2021-07-14,Merced,047,269075,31508,31412,1055,32467,471
2021-07-14,Modoc,049,8938,420,412,147,559,4
2021-07-14,Mono,051,14174,1274,1278,17,1295,3
2021-07-14,Monterey,053,433212,43576,43347,1883,45230,504
2021-07-14,Napa,055,140530,10200,10121,40,10161,81
2021-07-14,Nevada,057,99092,5162,5058,195,5253,72
2021-07-14,Orange,059,3164182,259985,257558,11724,269282,5137
2021-07-14,Placer,061,380077,24457,24125,1653,25778,303
2021-07-14,Plumas,063,18699,734,719,14,733,4
2021-07-14,Riverside,065,2383286,298798,294511,14211,308722,4542
2021-07-14,Sacramento,067,1510023,111438,110193,1958,112151,1688
2021-07-14,San Benito,069,59416,6180,6177,113,6290,63
2021-07-14,San Bernardino,071,2135413,297733,295820,9156,304976,5193
2021-07-14,San Diego,073,3302833,287968,285269,16164,301433,3786
2021-07-14,San Francisco,075,870044,38473,37836,1350,39186,559
2021-07-14,San Joaquin,077,732212,75317,74599,3702,78301,1416
2021-07-14,San Luis Obispo,079,281455,21761,21444,771,22215,258
2021-07-14,San Mateo,081,765935,43592,43249,516,43765,542
2021-07-14,Santa Barbara,083,443738,35026,34719,1139,35858,461
2021-07-14,Santa Clara,085,1922200,121130,119844,790,120634,2098
2021-07-14,Santa Cruz,087,273765,16488,16326,807,17133,207
2021-07-14,Shasta,089,179085,12749,12669,1679,14348,209
2021-07-14,Sierra,091,2930,66,62,12,74,0
2021-07-14,Siskiyou,093,43540,2015,1922,399,2321,29
2021-07-14,Solano,095,438530,34339,33948,630,34578,268
2021-07-14,Sonoma,097,501317,31788,31470,366,31836,322
2021-07-14,Stanislaus,099,539301,57717,57340,6074,63414,1028
2021-07-14,Sutter,101,95872,9808,9766,92,9858,114
2021-07-14,Tehama,103,63373,5198,5142,588,5730,64
2021-07-14,Trinity,105,12862,502,341,103,444,3
2021-07-14,Tulare,107,460477,50704,49908,9141,59049,853
2021-07-14,Tuolumne,109,53932,4152,4128,45,4173,64
2021-07-14,Ventura,111,848112,82750,82041,3233,85274,1040
2021-07-14,Yolo,113,214977,14513,14332,321,14653,213
2021-07-14,Yuba,115,75493,6385,6294,129,6423,52
2021-07-13,Alameda,001,1643700,92022,90874,2025,92899,1255
2021-07-13,Alpine,003,1148,88,89,0,89,0
2021-07-13,Amador,005,37829,3795,3783,33,3816,48
2021-07-13,Butte,007,227075,12977,12802,1910,14712,202
2021-07-13,Calaveras,009,45235,2248,2230,15,2245,57
2021-07-13,Colusa,011,21464,1991,1972,331,2303,16
2021-07-13,Contra Costa,013,1133247,72927,71963,1352,73315,823
2021-07-13,Del Norte,015,27424,1510,1471,14,1485,8
2021-07-13,El Dorado,017,186661,10761,10581,810,11391,114
2021-07-13,Fresno,019,978130,104251,102909,8818,111727,1727
2021-07-13,Glenn,021,27897,2468,2448,572,3020,20
2021-07-13,Humboldt,023,135768,4697,4634,56,4690,51
2021-07-13,Imperial,025,180216,28978,28792,2701,31493,741
2021-07-13,Inyo,027,18085,1421,1415,12,1427,36
2021-07-13,Kern,029,883053,98566,97698,11249,108947,1346
2021-07-13,Kings,031,150075,23450,23132,1105,24237,246
2021-07-13,Lake,033,64148,3829,3719,13,3732,63
2021-07-13,Lassen,035,31185,5317,5292,118,5410,21
2021-07-13,Los Angeles,037,10098052,1229112,1217184,42402,1259586,24569
2021-07-13,Madera,039,155013,16977,16773,955,17728,240
2021-07-13,Marin,041,260295,14453,14254,263,14517,233
2021-07-13,Mariposa,043,17540,446,443,11,454,5
2021-07-13,Mendocino,045,87422,4306,4185,88,4273,49
2021-07-13,Merced,047,269075,31487,31379,1052,32431,471
2021-07-13,Modoc,049,8938,420,411,147,558,4
2021-07-13,Mono,051,14174,1273,1277,17,1294,3
2021-07-13,Monterey,053,433212,43558,43333,1879,45212,504
2021-07-13,Napa,055,140530,10179,10118,40,10158,81
2021-07-13,Nevada,057,99092,5137,5053,195,5248,72
2021-07-13,Orange,059,3164182,259655,257339,11696,269035,5136
2021-07-13,Placer,061,380077,24411,24091,1640,25731,303
2021-07-13,Plumas,063,18699,733,716,14,730,4
2021-07-13,Riverside,065,2383286,298475,294302,14184,308486,4541
2021-07-13,Sacramento,067,1510023,111127,109990,1935,111925,1687
2021-07-13,San Benito,069,59416,6178,6173,113,6286,63
2021-07-13,San Bernardino,071,2135413,297456,295596,9134,304730,5183
2021-07-13,San Diego,073,3302833,287420,284997,16085,301082,3785
2021-07-13,San Francisco,075,870044,38329,37725,1344,39069,559
2021-07-13,San Joaquin,077,732212,75201,74500,3699,78199,1417
2021-07-13,San Luis Obispo,079,281455,21735,21423,768,22191,258
2021-07-13,San Mateo,081,765935,43523,43180,515,43695,542
2021-07-13,Santa Barbara,083,443738,34977,34679,1136,35815,461
2021-07-13,Santa Clara,085,1922200,120977,119727,786,120513,2098
2021-07-13,Santa Cruz,087,273765,16479,16315,805,17120,207
2021-07-13,Shasta,089,179085,12736,12659,1672,14331,209
2021-07-13,Sierra,091,2930,66,62,12,74,0
2021-07-13,Siskiyou,093,43540,2014,1916,397,2313,29
2021-07-13,Solano,095,438530,34274,33918,624,34542,268
2021-07-13,Sonoma,097,501317,31729,31431,366,31797,322
2021-07-13,Stanislaus,099,539301,57647,57282,6059,63341,1028
2021-07-13,Sutter,101,95872,9790,9752,91,9843,114
2021-07-13,Tehama,103,63373,5191,5144,588,5732,64
2021-07-13,Trinity,105,12862,502,341,102,443,3
2021-07-13,Tulare,107,460477,50679,49891,9125,59016,853
2021-07-13,Tuolumne,109,53932,4144,4122,44,4166,64
2021-07-13,Ventura,111,848112,82665,81982,3208,85190,1040
2021-07-13,Yolo,113,214977,14485,14320,315,14635,213
2021-07-13,Yuba,115,75493,6368,6279,129,6408,52
2021-07-12,Alameda,001,1643700,91764,90720,2018,92738,1254
2021-07-12,Alpine,003,1148,88,89,0,89,0
2021-07-12,Amador,005,37829,3788,3781,33,3814,47
2021-07-12,Butte,007,227075,12957,12796,1908,14704,202
2021-07-12,Calaveras,009,45235,2246,2228,15,2243,57
2021-07-12,Colusa,011,21464,1987,1971,330,2301,16
2021-07-12,Contra Costa,013,1133247,72723,71833,1347,73180,823
2021-07-12,Del Norte,015,27424,1507,1469,14,1483,8
2021-07-12,El Dorado,017,186661,10732,10569,808,11377,114
2021-07-12,Fresno,019,978130,104156,102853,8806,111659,1728
2021-07-12,Glenn,021,27897,2468,2446,572,3018,20
2021-07-12,Humboldt,023,135768,4681,4621,56,4677,51
2021-07-12,Imperial,025,180216,28948,28789,2701,31490,741
2021-07-12,Inyo,027,18085,1421,1415,12,1427,36
2021-07-12,Kern,029,883053,98497,97660,11224,108884,1346
2021-07-12,Kings,031,150075,23430,23124,1103,24227,246
2021-07-12,Lake,033,64148,3808,3706,13,3719,63
2021-07-12,Lassen,035,31185,5316,5292,118,5410,21
2021-07-12,Los Angeles,037,10098052,1227315,1216230,42269,1258499,24559
2021-07-12,Madera,039,155013,16966,16772,955,17727,240
2021-07-12,Marin,041,260295,14428,14238,262,14500,233
2021-07-12,Mariposa,043,17540,446,442,11,453,5
2021-07-12,Mendocino,045,87422,4295,4175,88,4263,49
2021-07-12,Merced,047,269075,31456,31374,1051,32425,471
2021-07-12,Modoc,049,8938,419,411,147,558,4
2021-07-12,Mono,051,14174,1271,1275,17,1292,3
2021-07-12,Monterey,053,433212,43537,43315,1875,45190,504
2021-07-12,Napa,055,140530,10161,10104,39,10143,81
2021-07-12,Nevada,057,99092,5114,5046,195,5241,72
2021-07-12,Orange,059,3164182,259301,257171,11673,268844,5136
2021-07-12,Placer,061,380077,24360,24052,1634,25686,302
2021-07-12,Plumas,063,18699,733,716,14,730,4
2021-07-12,Riverside,065,2383286,298167,294108,14155,308263,4541
2021-07-12,Sacramento,067,1510023,110912,109849,1910,111759,1685
2021-07-12,San Benito,069,59416,6175,6166,113,6279,63
2021-07-12,San Bernardino,071,2135413,297184,295447,9119,304566,5171
2021-07-12,San Diego,073,3302833,286951,284648,16009,300657,3785
2021-07-12,San Francisco,075,870044,38183,37656,1341,38997,559
2021-07-12,San Joaquin,077,732212,75107,74424,3689,78113,1415
2021-07-12,San Luis Obispo,079,281455,21716,21408,767,22175,258
2021-07-12,San Mateo,081,765935,43429,43138,508,43646,542
2021-07-12,Santa Barbara,083,443738,34934,34664,1134,35798,461
2021-07-12,Santa Clara,085,1922200,120812,119634,783,120417,2098
2021-07-12,Santa Cruz,087,273765,16454,16310,804,17114,207
2021-07-12,Shasta,089,179085,12729,12648,1669,14317,208
2021-07-12,Sierra,091,2930,66,62,12,74,0
2021-07-12,Siskiyou,093,43540,2009,1916,392,2308,29
2021-07-12,Solano,095,438530,34184,33859,615,34474,268
2021-07-12,Sonoma,097,501317,31681,31377,365,31742,322
2021-07-12,Stanislaus,099,539301,57578,57243,6052,63295,1028
2021-07-12,Sutter,101,95872,9773,9736,90,9826,114
2021-07-12,Tehama,103,63373,5186,5138,587,5725,63
2021-07-12,Trinity,105,12862,498,340,100,440,3
2021-07-12,Tulare,107,460477,50651,49882,9112,58994,853
2021-07-12,Tuolumne,109,53932,4140,4116,44,4160,64
2021-07-12,Ventura,111,848112,82564,81919,3187,85106,1040
2021-07-12,Yolo,113,214977,14457,14303,311,14614,213
2021-07-12,Yuba,115,75493,6353,6266,129,6395,52
2021-07-11,Alameda,001,1643700,91434,90597,2006,92603,1254
2021-07-11,Alpine,003,1148,88,89,0,89,0
2021-07-11,Amador,005,37829,3786,3779,33,3812,47
2021-07-11,Butte,007,227075,12935,12794,1902,14696,202
2021-07-11,Calaveras,009,45235,2244,2226,14,2240,57
2021-07-11,Colusa,011,21464,1986,1971,329,2300,16
2021-07-11,Contra Costa,013,1133247,72513,71744,1340,73084,823
2021-07-11,Del Norte,015,27424,1503,1467,13,1480,8
2021-07-11,El Dorado,017,186661,10703,10554,806,11360,114
2021-07-11,Fresno,019,978130,104061,102813,8786,111599,1728
2021-07-11,Glenn,021,27897,2467,2446,572,3018,20
2021-07-11,Humboldt,023,135768,4668,4611,55,4666,51
2021-07-11,Imperial,025,180216,28930,28787,2700,31487,741
2021-07-11,Inyo,027,18085,1419,1415,12,1427,36
2021-07-11,Kern,029,883053,98424,97637,11208,108845,1346
2021-07-11,Kings,031,150075,23399,23116,1100,24216,246
2021-07-11,Lake,033,64148,3777,3699,13,3712,63
2021-07-11,Lassen,035,31185,5313,5291,118,5409,21
2021-07-11,Los Angeles,037,10098052,1225558,1215182,42113,1257295,24558
2021-07-11,Madera,039,155013,16947,16766,954,17720,240
2021-07-11,Marin,041,260295,14402,14231,262,14493,233
2021-07-11,Mariposa,043,17540,445,442,11,453,5
2021-07-11,Mendocino,045,87422,4275,4167,88,4255,49
2021-07-11,Merced,047,269075,31432,31366,1046,32412,471
2021-07-11,Modoc,049,8938,418,411,147,558,4
2021-07-11,Mono,051,14174,1271,1275,17,1292,3
2021-07-11,Monterey,053,433212,43518,43307,1871,45178,504
2021-07-11,Napa,055,140530,10157,10100,39,10139,81
2021-07-11,Nevada,057,99092,5103,5035,194,5229,72
2021-07-11,Orange,059,3164182,258989,257009,11645,268654,5136
2021-07-11,Placer,061,380077,24303,24017,1622,25639,302
2021-07-11,Plumas,063,18699,733,716,14,730,4
2021-07-11,Riverside,065,2383286,297903,293969,14137,308106,4541
2021-07-11,Sacramento,067,1510023,110633,109696,1900,111596,1685
2021-07-11,San Benito,069,59416,6170,6163,113,6276,63
2021-07-11,San Bernardino,071,2135413,296878,295342,9094,304436,5167
2021-07-11,San Diego,073,3302833,286537,283819,15923,299742,3784
2021-07-11,San Francisco,075,870044,38054,37596,1335,38931,559
2021-07-11,San Joaquin,077,732212,74990,74376,3672,78048,1415
2021-07-11,San Luis Obispo,079,281455,21683,21403,766,22169,258
2021-07-11,San Mateo,081,765935,43350,43107,502,43609,542
2021-07-11,Santa Barbara,083,443738,34887,34646,1134,35780,461
2021-07-11,Santa Clara,085,1922200,120658,119549,782,120331,2098
2021-07-11,Santa Cruz,087,273765,16438,16303,804,17107,207
2021-07-11,Shasta,089,179085,12712,12647,1667,14314,208
2021-07-11,Sierra,091,2930,66,62,12,74,0
2021-07-11,Siskiyou,093,43540,2005,1915,390,2305,29
2021-07-11,Solano,095,438530,34102,33837,611,34448,268
2021-07-11,Sonoma,097,501317,31599,31352,365,31717,322
2021-07-11,Stanislaus,099,539301,57512,57230,6041,63271,1028
2021-07-11,Sutter,101,95872,9759,9728,90,9818,114
2021-07-11,Tehama,103,63373,5183,5138,587,5725,63
2021-07-11,Trinity,105,12862,497,340,100,440,3
2021-07-11,Tulare,107,460477,50626,49877,9094,58971,853
2021-07-11,Tuolumne,109,53932,4134,4116,44,4160,64
2021-07-11,Ventura,111,848112,82491,81875,3167,85042,1040
2021-07-11,Yolo,113,214977,14432,14285,305,14590,213
2021-07-11,Yuba,115,75493,6342,6260,129,6389,52
2021-07-10,Alameda,001,1643700,91283,90090,2002,92092,1252
2021-07-10,Alpine,003,1148,88,89,0,89,0
2021-07-10,Amador,005,37829,3780,3773,33,3806,47
2021-07-10,Butte,007,227075,12925,12764,1899,14663,202
2021-07-10,Calaveras,009,45235,2243,2214,14,2228,57
2021-07-10,Colusa,011,21464,1984,1969,329,2298,16
2021-07-10,Contra Costa,013,1133247,72413,71376,1339,72715,821
2021-07-10,Del Norte,015,27424,1501,1451,13,1464,8
2021-07-10,El Dorado,017,186661,10686,10508,803,11311,114
2021-07-10,Fresno,019,978130,104028,102675,8779,111454,1730
2021-07-10,Glenn,021,27897,2464,2440,571,3011,20
2021-07-10,Humboldt,023,135768,4659,4574,55,4629,51
2021-07-10,Imperial,025,180216,28917,28729,2700,31429,741
2021-07-10,Inyo,027,18085,1418,1415,12,1427,36
2021-07-10,Kern,029,883053,98384,97538,11191,108729,1346
2021-07-10,Kings,031,150075,23392,23090,1099,24189,246
2021-07-10,Lake,033,64148,3760,3667,13,3680,63
2021-07-10,Lassen,035,31185,5313,5290,118,5408,21
2021-07-10,Los Angeles,037,10098052,1224531,1212043,42010,1254053,24542
2021-07-10,Madera,039,155013,16941,16744,951,17695,241
2021-07-10,Marin,041,260295,14388,14194,262,14456,233
2021-07-10,Mariposa,043,17540,445,442,11,453,5
2021-07-10,Mendocino,045,87422,4268,4153,87,4240,49
2021-07-10,Merced,047,269075,31419,31328,1046,32374,470
2021-07-10,Modoc,049,8938,418,410,147,557,4
2021-07-10,Mono,051,14174,1271,1275,17,1292,3
2021-07-10,Monterey,053,433212,43504,43251,1869,45120,499
2021-07-10,Napa,055,140530,10145,10077,39,10116,81
2021-07-10,Nevada,057,99092,5094,5000,194,5194,72
2021-07-10,Orange,059,3164182,258811,256438,11629,268067,5135
2021-07-10,Placer,061,380077,24274,23916,1612,25528,302
2021-07-10,Plumas,063,18699,732,717,14,731,4
2021-07-10,Riverside,065,2383286,297713,293474,14124,307598,4541
2021-07-10,Sacramento,067,1510023,110484,109091,1894,110985,1682
2021-07-10,San Benito,069,59416,6165,6141,113,6254,63
2021-07-10,San Bernardino,071,2135413,296690,294932,9082,304014,5117
2021-07-10,San Diego,073,3302833,286247,283577,15870,299447,3783
2021-07-10,San Francisco,075,870044,37971,37338,1332,38670,559
2021-07-10,San Joaquin,077,732212,74933,74150,3666,77816,1412
2021-07-10,San Luis Obispo,079,281455,21672,21375,765,22140,258
2021-07-10,San Mateo,081,765935,43298,42948,500,43448,542
2021-07-10,Santa Barbara,083,443738,34860,34595,1134,35729,460
2021-07-10,Santa Clara,085,1922200,120555,119330,779,120109,2094
2021-07-10,Santa Cruz,087,273765,16431,16286,804,17090,207
2021-07-10,Shasta,089,179085,12699,12623,1662,14285,206
2021-07-10,Sierra,091,2930,66,61,12,73,0
2021-07-10,Siskiyou,093,43540,2003,1909,387,2296,29
2021-07-10,Solano,095,438530,34060,33678,605,34283,268
2021-07-10,Sonoma,097,501317,31548,31231,365,31596,317
2021-07-10,Stanislaus,099,539301,57476,57104,6031,63135,1026
2021-07-10,Sutter,101,95872,9747,9692,90,9782,114
2021-07-10,Tehama,103,63373,5180,5131,587,5718,63
2021-07-10,Trinity,105,12862,497,341,100,441,3
2021-07-10,Tulare,107,460477,50616,49850,9088,58938,853
2021-07-10,Tuolumne,109,53932,4132,4114,44,4158,64
2021-07-10,Ventura,111,848112,82446,81713,3149,84862,1039
2021-07-10,Yolo,113,214977,14411,14250,302,14552,213
2021-07-10,Yuba,115,75493,6332,6238,129,6367,52
2021-07-09,Alameda,001,1643700,91124,90090,1997,92087,1252
2021-07-09,Alpine,003,1148,88,89,0,89,0
2021-07-09,Amador,005,37829,3779,3773,33,3806,47
2021-07-09,Butte,007,227075,12913,12764,1897,14661,202
2021-07-09,Calaveras,009,45235,2241,2214,14,2228,57
2021-07-09,Colusa,011,21464,1983,1969,329,2298,16
2021-07-09,Contra Costa,013,1133247,72287,71376,1337,72713,821
2021-07-09,Del Norte,015,27424,1496,1451,13,1464,8
2021-07-09,El Dorado,017,186661,10671,10508,802,11310,114
2021-07-09,Fresno,019,978130,103973,102675,8772,111447,1730
2021-07-09,Glenn,021,27897,2463,2440,569,3009,20
2021-07-09,Humboldt,023,135768,4640,4574,55,4629,51
2021-07-09,Imperial,025,180216,28909,28729,2699,31428,741
2021-07-09,Inyo,027,18085,1417,1415,12,1427,36
2021-07-09,Kern,029,883053,98346,97538,11179,108717,1346
2021-07-09,Kings,031,150075,23381,23090,1098,24188,246
2021-07-09,Lake,033,64148,3746,3667,13,3680,63
2021-07-09,Lassen,035,31185,5311,5290,117,5407,21
2021-07-09,Los Angeles,037,10098052,1223527,1212043,41939,1253982,24542
2021-07-09,Madera,039,155013,16931,16744,950,17694,241
2021-07-09,Marin,041,260295,14367,14194,261,14455,233
2021-07-09,Mariposa,043,17540,445,442,11,453,5
2021-07-09,Mendocino,045,87422,4261,4153,87,4240,49
2021-07-09,Merced,047,269075,31404,31328,1046,32374,470
2021-07-09,Modoc,049,8938,418,410,147,557,4
2021-07-09,Mono,051,14174,1271,1275,17,1292,3
2021-07-09,Monterey,053,433212,43495,43251,1869,45120,499
2021-07-09,Napa,055,140530,10138,10077,39,10116,81
2021-07-09,Nevada,057,99092,5085,5000,194,5194,72
2021-07-09,Orange,059,3164182,258605,256438,11615,268053,5135
2021-07-09,Placer,061,380077,24252,23916,1606,25522,302
2021-07-09,Plumas,063,18699,730,717,14,731,4
2021-07-09,Riverside,065,2383286,297527,293474,14111,307585,4541
2021-07-09,Sacramento,067,1510023,110330,109091,1885,110976,1682
2021-07-09,San Benito,069,59416,6163,6141,113,6254,63
2021-07-09,San Bernardino,071,2135413,296538,294932,9075,304007,5117
2021-07-09,San Diego,073,3302833,285958,283577,15822,299399,3783
2021-07-09,San Francisco,075,870044,37891,37338,1325,38663,559
2021-07-09,San Joaquin,077,732212,74859,74150,3659,77809,1412
2021-07-09,San Luis Obispo,079,281455,21660,21375,765,22140,258
2021-07-09,San Mateo,081,765935,43254,42948,496,43444,542
2021-07-09,Santa Barbara,083,443738,34839,34595,1133,35728,460
2021-07-09,Santa Clara,085,1922200,120444,119330,779,120109,2094
2021-07-09,Santa Cruz,087,273765,16428,16286,804,17090,207
2021-07-09,Shasta,089,179085,12693,12623,1657,14280,206
2021-07-09,Sierra,091,2930,66,61,12,73,0
2021-07-09,Siskiyou,093,43540,2001,1909,386,2295,29
2021-07-09,Solano,095,438530,34024,33678,601,34279,268
2021-07-09,Sonoma,097,501317,31512,31231,365,31596,317
2021-07-09,Stanislaus,099,539301,57447,57104,6029,63133,1026
2021-07-09,Sutter,101,95872,9738,9692,90,9782,114
2021-07-09,Tehama,103,63373,5178,5131,587,5718,63
2021-07-09,Trinity,105,12862,496,341,97,438,3
2021-07-09,Tulare,107,460477,50603,49850,9082,58932,853
2021-07-09,Tuolumne,109,53932,4128,4114,44,4158,64
2021-07-09,Ventura,111,848112,82391,81713,3140,84853,1039
2021-07-09,Yolo,113,214977,14396,14250,298,14548,213
2021-07-09,Yuba,115,75493,6319,6238,129,6367,52
2021-07-08,Alameda,001,1643700,90917,90090,1994,92084,1252
2021-07-08,Alpine,003,1148,88,89,0,89,0
2021-07-08,Amador,005,37829,3777,3773,33,3806,47
2021-07-08,Butte,007,227075,12900,12764,1894,14658,202
2021-07-08,Calaveras,009,45235,2238,2214,13,2227,57
2021-07-08,Colusa,011,21464,1983,1969,329,2298,16
2021-07-08,Contra Costa,013,1133247,72159,71376,1332,72708,821
2021-07-08,Del Norte,015,27424,1494,1451,13,1464,8
2021-07-08,El Dorado,017,186661,10654,10508,795,11303,114
2021-07-08,Fresno,019,978130,103910,102675,8761,111436,1730
2021-07-08,Glenn,021,27897,2463,2440,569,3009,20
2021-07-08,Humboldt,023,135768,4624,4574,54,4628,51
2021-07-08,Imperial,025,180216,28897,28729,2698,31427,741
2021-07-08,Inyo,027,18085,1417,1415,12,1427,36
2021-07-08,Kern,029,883053,98298,97538,11164,108702,1346
2021-07-08,Kings,031,150075,23372,23090,1098,24188,246
2021-07-08,Lake,033,64148,3732,3667,13,3680,63
2021-07-08,Lassen,035,31185,5308,5290,117,5407,21
2021-07-08,Los Angeles,037,10098052,1222314,1212043,41845,1253888,24542
2021-07-08,Madera,039,155013,16915,16744,950,17694,241
2021-07-08,Marin,041,260295,14353,14194,261,14455,233
2021-07-08,Mariposa,043,17540,444,442,11,453,5
2021-07-08,Mendocino,045,87422,4258,4153,87,4240,49
2021-07-08,Merced,047,269075,31390,31328,1044,32372,470
2021-07-08,Modoc,049,8938,418,410,147,557,4
2021-07-08,Mono,051,14174,1271,1275,17,1292,3
2021-07-08,Monterey,053,433212,43475,43251,1863,45114,499
2021-07-08,Napa,055,140530,10134,10077,39,10116,81
2021-07-08,Nevada,057,99092,5079,5000,194,5194,72
2021-07-08,Orange,059,3164182,258410,256438,11593,268031,5135
2021-07-08,Placer,061,380077,24213,23916,1598,25514,302
2021-07-08,Plumas,063,18699,729,717,14,731,4
2021-07-08,Riverside,065,2383286,297326,293474,14095,307569,4541
2021-07-08,Sacramento,067,1510023,110108,109091,1880,110971,1682
2021-07-08,San Benito,069,59416,6160,6141,113,6254,63
2021-07-08,San Bernardino,071,2135413,296363,294932,9066,303998,5117
2021-07-08,San Diego,073,3302833,285631,283577,15774,299351,3783
2021-07-08,San Francisco,075,870044,37811,37338,1321,38659,559
2021-07-08,San Joaquin,077,732212,74771,74150,3646,77796,1412
2021-07-08,San Luis Obispo,079,281455,21648,21375,762,22137,258
2021-07-08,San Mateo,081,765935,43203,42948,495,43443,542
2021-07-08,Santa Barbara,083,443738,34812,34595,1131,35726,460
2021-07-08,Santa Clara,085,1922200,120351,119330,778,120108,2094
2021-07-08,Santa Cruz,087,273765,16422,16286,804,17090,207
2021-07-08,Shasta,089,179085,12687,12623,1653,14276,206
2021-07-08,Sierra,091,2930,66,61,12,73,0
2021-07-08,Siskiyou,093,43540,1996,1909,383,2292,29
2021-07-08,Solano,095,438530,33969,33678,595,34273,268
2021-07-08,Sonoma,097,501317,31481,31231,364,31595,317
2021-07-08,Stanislaus,099,539301,57420,57104,6025,63129,1026
2021-07-08,Sutter,101,95872,9724,9692,88,9780,114
2021-07-08,Tehama,103,63373,5175,5131,586,5717,63
2021-07-08,Trinity,105,12862,496,341,97,438,3
2021-07-08,Tulare,107,460477,50585,49850,9075,58925,853
2021-07-08,Tuolumne,109,53932,4126,4114,44,4158,64
2021-07-08,Ventura,111,848112,82327,81713,3124,84837,1039
2021-07-08,Yolo,113,214977,14376,14250,296,14546,213
2021-07-08,Yuba,115,75493,6311,6238,129,6367,52
2021-07-07,Alameda,001,1643700,90733,89995,1988,91983,1253
2021-07-07,Alpine,003,1148,88,89,0,89,0
2021-07-07,Amador,005,37829,3772,3770,33,3803,47
2021-07-07,Butte,007,227075,12887,12750,1889,14639,202
2021-07-07,Calaveras,009,45235,2231,2212,13,2225,57
2021-07-07,Colusa,011,21464,1979,1969,329,2298,16
2021-07-07,Contra Costa,013,1133247,72012,71308,1330,72638,821
2021-07-07,Del Norte,015,27424,1489,1446,13,1459,8
2021-07-07,El Dorado,017,186661,10634,10494,793,11287,114
2021-07-07,Fresno,019,978130,103860,102639,8754,111393,1729
2021-07-07,Glenn,021,27897,2463,2441,569,3010,20
2021-07-07,Humboldt,023,135768,4610,4566,54,4620,51
2021-07-07,Imperial,025,180216,28890,28701,2698,31399,740
2021-07-07,Inyo,027,18085,1416,1415,12,1427,36
2021-07-07,Kern,029,883053,98254,97507,11149,108656,1348
2021-07-07,Kings,031,150075,23359,23085,1095,24180,245
2021-07-07,Lake,033,64148,3713,3660,13,3673,63
2021-07-07,Lassen,035,31185,5308,5286,117,5403,21
2021-07-07,Los Angeles,037,10098052,1221133,1211316,41742,1253058,24531
2021-07-07,Madera,039,155013,16904,16733,948,17681,241
2021-07-07,Marin,041,260295,14334,14183,260,14443,233
2021-07-07,Mariposa,043,17540,442,442,11,453,5
2021-07-07,Mendocino,045,87422,4249,4145,87,4232,49
2021-07-07,Merced,047,269075,31375,31317,1044,32361,470
2021-07-07,Modoc,049,8938,418,410,147,557,4
2021-07-07,Mono,051,14174,1270,1274,17,1291,3
2021-07-07,Monterey,053,433212,43451,43233,1861,45094,494
2021-07-07,Napa,055,140530,10123,10078,39,10117,81
2021-07-07,Nevada,057,99092,5072,4996,194,5190,72
2021-07-07,Orange,059,3164182,258184,256301,11572,267873,5132
2021-07-07,Placer,061,380077,24177,23901,1588,25489,302
2021-07-07,Plumas,063,18699,729,710,14,724,4
2021-07-07,Riverside,065,2383286,297112,293331,14085,307416,4538
2021-07-07,Sacramento,067,1510023,109917,108954,1872,110826,1682
2021-07-07,San Benito,069,59416,6155,6137,113,6250,63
2021-07-07,San Bernardino,071,2135413,296194,294787,9059,303846,5087
2021-07-07,San Diego,073,3302833,285311,283377,15734,299111,3782
2021-07-07,San Francisco,075,870044,37719,37284,1318,38602,558
2021-07-07,San Joaquin,077,732212,74695,74095,3631,77726,1410
2021-07-07,San Luis Obispo,079,281455,21639,21360,760,22120,258
2021-07-07,San Mateo,081,765935,43149,42908,492,43400,542
2021-07-07,Santa Barbara,083,443738,34786,34582,1131,35713,460
2021-07-07,Santa Clara,085,1922200,120253,119250,777,120027,2094
2021-07-07,Santa Cruz,087,273765,16413,16279,803,17082,207
2021-07-07,Shasta,089,179085,12679,12613,1650,14263,206
2021-07-07,Sierra,091,2930,66,60,12,72,0
2021-07-07,Siskiyou,093,43540,1990,1908,379,2287,29
2021-07-07,Solano,095,438530,33920,33659,588,34247,268
2021-07-07,Sonoma,097,501317,31435,31172,364,31536,316
2021-07-07,Stanislaus,099,539301,57388,57102,6020,63122,1028
2021-07-07,Sutter,101,95872,9714,9683,88,9771,114
2021-07-07,Tehama,103,63373,5174,5129,586,5715,63
2021-07-07,Trinity,105,12862,496,341,97,438,3
2021-07-07,Tulare,107,460477,50581,49835,9066,58901,853
2021-07-07,Tuolumne,109,53932,4122,4115,43,4158,64
2021-07-07,Ventura,111,848112,82283,81608,3110,84718,1036
2021-07-07,Yolo,113,214977,14365,14236,293,14529,213
2021-07-07,Yuba,115,75493,6295,6233,129,6362,51
2021-07-06,Alameda,001,1643700,90538,89918,1980,91898,1253
2021-07-06,Alpine,003,1148,88,89,0,89,0
2021-07-06,Amador,005,37829,3771,3768,32,3800,47
2021-07-06,Butte,007,227075,12874,12744,1886,14630,201
2021-07-06,Calaveras,009,45235,2231,2211,13,2224,55
2021-07-06,Colusa,011,21464,1978,1967,326,2293,16
2021-07-06,Contra Costa,013,1133247,71883,71262,1327,72589,820
2021-07-06,Del Norte,015,27424,1485,1445,13,1458,8
2021-07-06,El Dorado,017,186661,10616,10484,791,11275,113
2021-07-06,Fresno,019,978130,103808,102616,8742,111358,1727
2021-07-06,Glenn,021,27897,2462,2438,569,3007,20
2021-07-06,Humboldt,023,135768,4596,4565,53,4618,49
2021-07-06,Imperial,025,180216,28875,28693,2696,31389,739
2021-07-06,Inyo,027,18085,1416,1412,12,1424,36
2021-07-06,Kern,029,883053,98212,97491,11138,108629,1346
2021-07-06,Kings,031,150075,23351,23077,1094,24171,245
2021-07-06,Lake,033,64148,3703,3659,13,3672,63
2021-07-06,Lassen,035,31185,5307,5288,116,5404,21
2021-07-06,Los Angeles,037,10098052,1219916,1210965,41644,1252609,24525
2021-07-06,Madera,039,155013,16892,16730,948,17678,241
2021-07-06,Marin,041,260295,14320,14181,260,14441,233
2021-07-06,Mariposa,043,17540,442,442,11,453,5
2021-07-06,Mendocino,045,87422,4242,4143,87,4230,49
2021-07-06,Merced,047,269075,31358,31317,1043,32360,470
2021-07-06,Modoc,049,8938,418,411,147,558,4
2021-07-06,Mono,051,14174,1269,1274,17,1291,3
2021-07-06,Monterey,053,433212,43429,43224,1859,45083,494
2021-07-06,Napa,055,140530,10112,10081,39,10120,81
2021-07-06,Nevada,057,99092,5063,4988,194,5182,72
2021-07-06,Orange,059,3164182,257940,256227,11555,267782,5129
2021-07-06,Placer,061,380077,24136,23876,1582,25458,302
2021-07-06,Plumas,063,18699,728,708,14,722,4
2021-07-06,Riverside,065,2383286,296910,293227,14067,307294,4539
2021-07-06,Sacramento,067,1510023,109706,108850,1864,110714,1679
2021-07-06,San Benito,069,59416,6151,6137,113,6250,63
2021-07-06,San Bernardino,071,2135413,296015,294712,9046,303758,5056
2021-07-06,San Diego,073,3302833,284953,283278,15675,298953,3782
2021-07-06,San Francisco,075,870044,37604,37251,1317,38568,558
2021-07-06,San Joaquin,077,732212,74625,74019,3619,77638,1410
2021-07-06,San Luis Obispo,079,281455,21622,21354,758,22112,257
2021-07-06,San Mateo,081,765935,43074,42895,492,43387,541
2021-07-06,Santa Barbara,083,443738,34767,34572,1130,35702,460
2021-07-06,Santa Clara,085,1922200,120135,119194,774,119968,2095
2021-07-06,Santa Cruz,087,273765,16408,16274,802,17076,207
2021-07-06,Shasta,089,179085,12669,12606,1648,14254,205
2021-07-06,Sierra,091,2930,65,60,12,72,0
2021-07-06,Siskiyou,093,43540,1987,1905,375,2280,29
2021-07-06,Solano,095,438530,33869,33619,585,34204,268
2021-07-06,Sonoma,097,501317,31372,31130,363,31493,316
2021-07-06,Stanislaus,099,539301,57340,57120,6009,63129,1029
2021-07-06,Sutter,101,95872,9705,9674,87,9761,114
2021-07-06,Tehama,103,63373,5171,5126,585,5711,63
2021-07-06,Trinity,105,12862,496,341,97,438,3
2021-07-06,Tulare,107,460477,50566,49826,9056,58882,853
2021-07-06,Tuolumne,109,53932,4120,4113,43,4156,64
2021-07-06,Ventura,111,848112,82243,81534,3085,84619,1033
2021-07-06,Yolo,113,214977,14343,14227,290,14517,213
2021-07-06,Yuba,115,75493,6284,6231,129,6360,51
2021-07-05,Alameda,001,1643700,90361,89892,1975,91867,1253
2021-07-05,Alpine,003,1148,88,89,0,89,0
2021-07-05,Amador,005,37829,3769,3768,32,3800,47
2021-07-05,Butte,007,227075,12866,12740,1877,14617,201
2021-07-05,Calaveras,009,45235,2229,2211,13,2224,55
2021-07-05,Colusa,011,21464,1976,1966,325,2291,16
2021-07-05,Contra Costa,013,1133247,71755,71235,1327,72562,820
2021-07-05,Del Norte,015,27424,1481,1446,13,1459,8
2021-07-05,El Dorado,017,186661,10591,10481,791,11272,113
2021-07-05,Fresno,019,978130,103749,102592,8727,111319,1727
2021-07-05,Glenn,021,27897,2459,2438,568,3006,20
2021-07-05,Humboldt,023,135768,4582,4563,53,4616,49
2021-07-05,Imperial,025,180216,28856,28689,2696,31385,739
2021-07-05,Inyo,027,18085,1416,1412,12,1424,36
2021-07-05,Kern,029,883053,98164,97479,11117,108596,1346
2021-07-05,Kings,031,150075,23343,23065,1091,24156,245
2021-07-05,Lake,033,64148,3685,3645,13,3658,63
2021-07-05,Lassen,035,31185,5304,5288,115,5403,21
2021-07-05,Los Angeles,037,10098052,1218720,1210653,41542,1252195,24522
2021-07-05,Madera,039,155013,16881,16722,947,17669,241
2021-07-05,Marin,041,260295,14299,14178,260,14438,233
2021-07-05,Mariposa,043,17540,442,441,11,452,5
2021-07-05,Mendocino,045,87422,4237,4139,87,4226,49
2021-07-05,Merced,047,269075,31338,31312,1043,32355,470
2021-07-05,Modoc,049,8938,418,410,147,557,4
2021-07-05,Mono,051,14174,1269,1273,17,1290,3
2021-07-05,Monterey,053,433212,43409,43218,1854,45072,494
2021-07-05,Napa,055,140530,10106,10074,39,10113,81
2021-07-05,Nevada,057,99092,5045,4980,193,5173,72
2021-07-05,Orange,059,3164182,257739,256173,11537,267710,5129
2021-07-05,Placer,061,380077,24089,23867,1574,25441,302
2021-07-05,Plumas,063,18699,727,708,14,722,4
2021-07-05,Riverside,065,2383286,296719,293193,14055,307248,4539
2021-07-05,Sacramento,067,1510023,109524,108758,1855,110613,1679
2021-07-05,San Benito,069,59416,6144,6137,113,6250,63
2021-07-05,San Bernardino,071,2135413,295853,294647,9039,303686,5037
2021-07-05,San Diego,073,3302833,284590,282834,15631,298465,3782
2021-07-05,San Francisco,075,870044,37517,37237,1312,38549,558
2021-07-05,San Joaquin,077,732212,74555,73999,3614,77613,1410
2021-07-05,San Luis Obispo,079,281455,21608,21351,757,22108,257
2021-07-05,San Mateo,081,765935,43022,42876,489,43365,541
2021-07-05,Santa Barbara,083,443738,34747,34569,1130,35699,460
2021-07-05,Santa Clara,085,1922200,120029,119184,772,119956,2095
2021-07-05,Santa Cruz,087,273765,16399,16273,801,17074,208
2021-07-05,Shasta,089,179085,12660,12603,1646,14249,205
2021-07-05,Sierra,091,2930,65,60,12,72,0
2021-07-05,Siskiyou,093,43540,1985,1904,374,2278,29
2021-07-05,Solano,095,438530,33799,33612,579,34191,268
2021-07-05,Sonoma,097,501317,31319,31116,363,31479,316
2021-07-05,Stanislaus,099,539301,57310,57109,5998,63107,1029
2021-07-05,Sutter,101,95872,9693,9667,87,9754,114
2021-07-05,Tehama,103,63373,5170,5125,585,5710,63
2021-07-05,Trinity,105,12862,495,341,96,437,3
2021-07-05,Tulare,107,460477,50548,49818,9053,58871,853
2021-07-05,Tuolumne,109,53932,4116,4112,43,4155,64
2021-07-05,Ventura,111,848112,82192,81519,3066,84585,1033
2021-07-05,Yolo,113,214977,14323,14225,282,14507,213
2021-07-05,Yuba,115,75493,6276,6223,129,6352,51
2021-07-04,Alameda,001,1643700,90196,89683,1972,91655,1253
2021-07-04,Alpine,003,1148,88,89,0,89,0
2021-07-04,Amador,005,37829,3768,3758,32,3790,46
2021-07-04,Butte,007,227075,12856,12684,1877,14561,201
2021-07-04,Calaveras,009,45235,2225,2200,13,2213,55
2021-07-04,Colusa,011,21464,1976,1969,325,2294,15
2021-07-04,Contra Costa,013,1133247,71649,70941,1322,72263,818
2021-07-04,Del Norte,015,27424,1478,1439,13,1452,8
2021-07-04,El Dorado,017,186661,10582,10433,790,11223,113
2021-07-04,Fresno,019,978130,103703,102512,8712,111224,1727
2021-07-04,Glenn,021,27897,2457,2442,567,3009,20
2021-07-04,Humboldt,023,135768,4574,4530,53,4583,49
2021-07-04,Imperial,025,180216,28850,28661,2696,31357,739
2021-07-04,Inyo,027,18085,1416,1412,12,1424,35
2021-07-04,Kern,029,883053,98145,97421,11108,108529,1347
2021-07-04,Kings,031,150075,23335,23051,1091,24142,245
2021-07-04,Lake,033,64148,3675,3623,13,3636,62
2021-07-04,Lassen,035,31185,5303,5277,115,5392,20
2021-07-04,Los Angeles,037,10098052,1217858,1208705,41457,1250162,24506
2021-07-04,Madera,039,155013,16869,16696,946,17642,240
2021-07-04,Marin,041,260295,14284,14143,260,14403,233
2021-07-04,Mariposa,043,17540,442,441,11,452,5
2021-07-04,Mendocino,045,87422,4227,4122,87,4209,49
2021-07-04,Merced,047,269075,31327,31297,1043,32340,469
2021-07-04,Modoc,049,8938,418,410,147,557,4
2021-07-04,Mono,051,14174,1269,1275,17,1292,3
2021-07-04,Monterey,053,433212,43393,43212,1853,45065,492
2021-07-04,Napa,055,140530,10098,10045,38,10083,81
2021-07-04,Nevada,057,99092,5035,4966,193,5159,72
2021-07-04,Orange,059,3164182,257564,255823,11517,267340,5126
2021-07-04,Placer,061,380077,24052,23764,1568,25332,299
2021-07-04,Plumas,063,18699,727,707,14,721,4
2021-07-04,Riverside,065,2383286,296559,293260,14049,307309,4536
2021-07-04,Sacramento,067,1510023,109354,108257,1849,110106,1676
2021-07-04,San Benito,069,59416,6137,6108,113,6221,63
2021-07-04,San Bernardino,071,2135413,295685,294294,9032,303326,5003
2021-07-04,San Diego,073,3302833,284365,282692,15594,298286,3780
2021-07-04,San Francisco,075,870044,37458,37107,1306,38413,558
2021-07-04,San Joaquin,077,732212,74489,73841,3606,77447,1409
2021-07-04,San Luis Obispo,079,281455,21602,21330,756,22086,256
2021-07-04,San Mateo,081,765935,42988,42691,489,43180,541
2021-07-04,Santa Barbara,083,443738,34724,34526,1129,35655,456
2021-07-04,Santa Clara,085,1922200,119939,118966,771,119737,2090
2021-07-04,Santa Cruz,087,273765,16388,16254,801,17055,208
2021-07-04,Shasta,089,179085,12656,12582,1645,14227,204
2021-07-04,Sierra,091,2930,64,60,12,72,0
2021-07-04,Siskiyou,093,43540,1981,1899,373,2272,29
2021-07-04,Solano,095,438530,33758,33486,577,34063,268
2021-07-04,Sonoma,097,501317,31289,31000,363,31363,316
2021-07-04,Stanislaus,099,539301,57295,57018,5992,63010,1018
2021-07-04,Sutter,101,95872,9682,9644,87,9731,114
2021-07-04,Tehama,103,63373,5166,5124,585,5709,63
2021-07-04,Trinity,105,12862,494,341,96,437,3
2021-07-04,Tulare,107,460477,50538,49789,9050,58839,853
2021-07-04,Tuolumne,109,53932,4108,4113,43,4156,64
2021-07-04,Ventura,111,848112,82134,81425,3055,84480,1033
2021-07-04,Yolo,113,214977,14302,14188,279,14467,213
2021-07-04,Yuba,115,75493,6268,6197,129,6326,51
2021-07-03,Alameda,001,1643700,90109,89683,1964,91647,1253
2021-07-03,Alpine,003,1148,88,89,0,89,0
2021-07-03,Amador,005,37829,3768,3758,32,3790,46
2021-07-03,Butte,007,227075,12852,12684,1876,14560,201
2021-07-03,Calaveras,009,45235,2223,2200,13,2213,55
2021-07-03,Colusa,011,21464,1975,1969,325,2294,15
2021-07-03,Contra Costa,013,1133247,71589,70941,1319,72260,818
2021-07-03,Del Norte,015,27424,1475,1439,13,1452,8
2021-07-03,El Dorado,017,186661,10576,10433,788,11221,113
2021-07-03,Fresno,019,978130,103679,102512,8703,111215,1727
2021-07-03,Glenn,021,27897,2457,2442,567,3009,20
2021-07-03,Humboldt,023,135768,4569,4530,53,4583,49
2021-07-03,Imperial,025,180216,28840,28661,2696,31357,739
2021-07-03,Inyo,027,18085,1416,1412,12,1424,35
2021-07-03,Kern,029,883053,98125,97421,11100,108521,1347
2021-07-03,Kings,031,150075,23335,23051,1090,24141,245
2021-07-03,Lake,033,64148,3665,3623,13,3636,62
2021-07-03,Lassen,035,31185,5302,5277,115,5392,20
2021-07-03,Los Angeles,037,10098052,1217429,1208705,41426,1250131,24506
2021-07-03,Madera,039,155013,16860,16696,943,17639,240
2021-07-03,Marin,041,260295,14280,14143,260,14403,233
2021-07-03,Mariposa,043,17540,442,441,11,452,5
2021-07-03,Mendocino,045,87422,4226,4122,87,4209,49
2021-07-03,Merced,047,269075,31314,31297,1042,32339,469
2021-07-03,Modoc,049,8938,417,410,147,557,4
2021-07-03,Mono,051,14174,1268,1275,17,1292,3
2021-07-03,Monterey,053,433212,43381,43212,1851,45063,492
2021-07-03,Napa,055,140530,10093,10045,38,10083,81
2021-07-03,Nevada,057,99092,5021,4966,193,5159,72
2021-07-03,Orange,059,3164182,257480,255823,11510,267333,5126
2021-07-03,Placer,061,380077,24033,23764,1565,25329,299
2021-07-03,Plumas,063,18699,727,707,14,721,4
2021-07-03,Riverside,065,2383286,296467,293260,14045,307305,4536
2021-07-03,Sacramento,067,1510023,109280,108257,1846,110103,1676
2021-07-03,San Benito,069,59416,6130,6108,113,6221,63
2021-07-03,San Bernardino,071,2135413,295595,294294,9029,303323,5003
2021-07-03,San Diego,073,3302833,284234,282692,15575,298267,3780
2021-07-03,San Francisco,075,870044,37417,37107,1303,38410,558
2021-07-03,San Joaquin,077,732212,74453,73841,3601,77442,1409
2021-07-03,San Luis Obispo,079,281455,21590,21330,756,22086,256
2021-07-03,San Mateo,081,765935,42963,42691,488,43179,541
2021-07-03,Santa Barbara,083,443738,34715,34526,1128,35654,456
2021-07-03,Santa Clara,085,1922200,119892,118966,771,119737,2090
2021-07-03,Santa Cruz,087,273765,16381,16254,801,17055,208
2021-07-03,Shasta,089,179085,12652,12582,1643,14225,204
2021-07-03,Sierra,091,2930,64,60,12,72,0
2021-07-03,Siskiyou,093,43540,1980,1899,372,2271,29
2021-07-03,Solano,095,438530,33714,33486,577,34063,268
2021-07-03,Sonoma,097,501317,31255,31000,363,31363,316
2021-07-03,Stanislaus,099,539301,57284,57018,5985,63003,1018
2021-07-03,Sutter,101,95872,9672,9644,87,9731,114
2021-07-03,Tehama,103,63373,5164,5124,585,5709,63
2021-07-03,Trinity,105,12862,494,341,96,437,3
2021-07-03,Tulare,107,460477,50532,49789,9044,58833,853
2021-07-03,Tuolumne,109,53932,4107,4113,43,4156,64
2021-07-03,Ventura,111,848112,82104,81425,3047,84472,1033
2021-07-03,Yolo,113,214977,14292,14188,276,14464,213
2021-07-03,Yuba,115,75493,6262,6197,129,6326,51
2021-07-02,Alameda,001,1643700,90026,89683,1962,91645,1253
2021-07-02,Alpine,003,1148,88,89,0,89,0
2021-07-02,Amador,005,37829,3766,3758,32,3790,46
2021-07-02,Butte,007,227075,12845,12684,1876,14560,201
2021-07-02,Calaveras,009,45235,2221,2200,13,2213,55
2021-07-02,Colusa,011,21464,1974,1969,324,2293,15
2021-07-02,Contra Costa,013,1133247,71519,70941,1315,72256,818
2021-07-02,Del Norte,015,27424,1475,1439,13,1452,8
2021-07-02,El Dorado,017,186661,10568,10433,788,11221,113
2021-07-02,Fresno,019,978130,103651,102512,8697,111209,1727
2021-07-02,Glenn,021,27897,2456,2442,566,3008,20
2021-07-02,Humboldt,023,135768,4566,4530,52,4582,49
2021-07-02,Imperial,025,180216,28834,28661,2695,31356,739
2021-07-02,Inyo,027,18085,1416,1412,12,1424,35
2021-07-02,Kern,029,883053,98107,97421,11092,108513,1347
2021-07-02,Kings,031,150075,23325,23051,1090,24141,245
2021-07-02,Lake,033,64148,3659,3623,13,3636,62
2021-07-02,Lassen,035,31185,5302,5277,115,5392,20
2021-07-02,Los Angeles,037,10098052,1216955,1208705,41388,1250093,24506
2021-07-02,Madera,039,155013,16851,16696,942,17638,240
2021-07-02,Marin,041,260295,14276,14143,260,14403,233
2021-07-02,Mariposa,043,17540,442,441,11,452,5
2021-07-02,Mendocino,045,87422,4222,4122,86,4208,49
2021-07-02,Merced,047,269075,31305,31297,1042,32339,469
2021-07-02,Modoc,049,8938,417,410,147,557,4
2021-07-02,Mono,051,14174,1267,1275,17,1292,3
2021-07-02,Monterey,053,433212,43373,43212,1850,45062,492
2021-07-02,Napa,055,140530,10088,10045,38,10083,81
2021-07-02,Nevada,057,99092,5012,4966,193,5159,72
2021-07-02,Orange,059,3164182,257369,255823,11503,267326,5126
2021-07-02,Placer,061,380077,24016,23764,1558,25322,299
2021-07-02,Plumas,063,18699,727,707,14,721,4
2021-07-02,Riverside,065,2383286,296369,293260,14040,307300,4536
2021-07-02,Sacramento,067,1510023,109202,108257,1845,110102,1676
2021-07-02,San Benito,069,59416,6127,6108,113,6221,63
2021-07-02,San Bernardino,071,2135413,295508,294294,9027,303321,5003
2021-07-02,San Diego,073,3302833,284089,282692,15549,298241,3780
2021-07-02,San Francisco,075,870044,37369,37107,1301,38408,558
2021-07-02,San Joaquin,077,732212,74421,73841,3595,77436,1409
2021-07-02,San Luis Obispo,079,281455,21584,21330,755,22085,256
2021-07-02,San Mateo,081,765935,42927,42691,488,43179,541
2021-07-02,Santa Barbara,083,443738,34705,34526,1128,35654,456
2021-07-02,Santa Clara,085,1922200,119814,118966,771,119737,2090
2021-07-02,Santa Cruz,087,273765,16377,16254,801,17055,208
2021-07-02,Shasta,089,179085,12648,12582,1643,14225,204
2021-07-02,Sierra,091,2930,63,60,12,72,0
2021-07-02,Siskiyou,093,43540,1977,1899,371,2270,29
2021-07-02,Solano,095,438530,33689,33486,577,34063,268
2021-07-02,Sonoma,097,501317,31232,31000,363,31363,316
2021-07-02,Stanislaus,099,539301,57267,57018,5984,63002,1018
2021-07-02,Sutter,101,95872,9668,9644,87,9731,114
2021-07-02,Tehama,103,63373,5162,5124,583,5707,63
2021-07-02,Trinity,105,12862,494,341,96,437,3
2021-07-02,Tulare,107,460477,50522,49789,9036,58825,853
2021-07-02,Tuolumne,109,53932,4104,4113,43,4156,64
2021-07-02,Ventura,111,848112,82061,81425,3039,84464,1033
2021-07-02,Yolo,113,214977,14276,14188,274,14462,213
2021-07-02,Yuba,115,75493,6254,6197,129,6326,51
2021-07-01,Alameda,001,1643700,89926,89683,1960,91643,1253
2021-07-01,Alpine,003,1148,88,89,0,89,0
2021-07-01,Amador,005,37829,3765,3758,32,3790,46
2021-07-01,Butte,007,227075,12833,12684,1874,14558,201
2021-07-01,Calaveras,009,45235,2219,2200,13,2213,55
2021-07-01,Colusa,011,21464,1974,1969,322,2291,15
2021-07-01,Contra Costa,013,1133247,71447,70941,1315,72256,818
2021-07-01,Del Norte,015,27424,1474,1439,13,1452,8
2021-07-01,El Dorado,017,186661,10556,10433,788,11221,113
2021-07-01,Fresno,019,978130,103612,102512,8692,111204,1727
2021-07-01,Glenn,021,27897,2456,2442,566,3008,20
2021-07-01,Humboldt,023,135768,4564,4530,52,4582,49
2021-07-01,Imperial,025,180216,28817,28661,2695,31356,739
2021-07-01,Inyo,027,18085,1416,1412,12,1424,35
2021-07-01,Kern,029,883053,98081,97421,11082,108503,1347
2021-07-01,Kings,031,150075,23311,23051,1090,24141,245
2021-07-01,Lake,033,64148,3656,3623,13,3636,62
2021-07-01,Lassen,035,31185,5300,5277,115,5392,20
2021-07-01,Los Angeles,037,10098052,1216351,1208705,41333,1250038,24506
2021-07-01,Madera,039,155013,16842,16696,941,17637,240
2021-07-01,Marin,041,260295,14272,14143,260,14403,233
2021-07-01,Mariposa,043,17540,442,441,11,452,5
2021-07-01,Mendocino,045,87422,4218,4122,85,4207,49
2021-07-01,Merced,047,269075,31299,31297,1042,32339,469
2021-07-01,Modoc,049,8938,417,410,147,557,4
2021-07-01,Mono,051,14174,1266,1275,17,1292,3
2021-07-01,Monterey,053,433212,43365,43212,1847,45059,492
2021-07-01,Napa,055,140530,10081,10045,38,10083,81
2021-07-01,Nevada,057,99092,5007,4966,193,5159,72
2021-07-01,Orange,059,3164182,257248,255823,11484,267307,5126
2021-07-01,Placer,061,380077,23997,23764,1555,25319,299
2021-07-01,Plumas,063,18699,724,707,12,719,4
2021-07-01,Riverside,065,2383286,296260,293260,14032,307292,4536
2021-07-01,Sacramento,067,1510023,109076,108257,1838,110095,1676
2021-07-01,San Benito,069,59416,6123,6108,113,6221,63
2021-07-01,San Bernardino,071,2135413,295386,294294,9022,303316,5003
2021-07-01,San Diego,073,3302833,283911,282692,15512,298204,3780
2021-07-01,San Francisco,075,870044,37333,37107,1299,38406,558
2021-07-01,San Joaquin,077,732212,74370,73841,3591,77432,1409
2021-07-01,San Luis Obispo,079,281455,21569,21330,754,22084,256
2021-07-01,San Mateo,081,765935,42899,42691,487,43178,541
2021-07-01,Santa Barbara,083,443738,34692,34526,1128,35654,456
2021-07-01,Santa Clara,085,1922200,119765,118966,771,119737,2090
2021-07-01,Santa Cruz,087,273765,16372,16254,801,17055,208
2021-07-01,Shasta,089,179085,12640,12582,1642,14224,204
2021-07-01,Sierra,091,2930,63,60,12,72,0
2021-07-01,Siskiyou,093,43540,1977,1899,371,2270,29
2021-07-01,Solano,095,438530,33648,33486,576,34062,268
2021-07-01,Sonoma,097,501317,31188,31000,363,31363,316
2021-07-01,Stanislaus,099,539301,57249,57018,5980,62998,1018
2021-07-01,Sutter,101,95872,9659,9644,87,9731,114
2021-07-01,Tehama,103,63373,5162,5124,582,5706,63
2021-07-01,Trinity,105,12862,494,341,96,437,3
2021-07-01,Tulare,107,460477,50513,49789,9029,58818,853
2021-07-01,Tuolumne,109,53932,4097,4113,43,4156,64
2021-07-01,Ventura,111,848112,82030,81425,3029,84454,1033
2021-07-01,Yolo,113,214977,14260,14188,272,14460,213
2021-07-01,Yuba,115,75493,6247,6197,129,6326,51
2021-06-30,Alameda,001,1643700,89847,89597,1956,91553,1256
2021-06-30,Alpine,003,1148,88,89,0,89,0
2021-06-30,Amador,005,37829,3763,3756,32,3788,46
2021-06-30,Butte,007,227075,12826,12676,1865,14541,201
2021-06-30,Calaveras,009,45235,2213,2198,13,2211,55
2021-06-30,Colusa,011,21464,1972,1967,319,2286,15
2021-06-30,Contra Costa,013,1133247,71382,70869,1312,72181,818
2021-06-30,Del Norte,015,27424,1469,1435,13,1448,8
2021-06-30,El Dorado,017,186661,10536,10420,788,11208,113
2021-06-30,Fresno,019,978130,103575,102490,8689,111179,1727
2021-06-30,Glenn,021,27897,2454,2440,566,3006,20
2021-06-30,Humboldt,023,135768,4548,4522,50,4572,49
2021-06-30,Imperial,025,180216,28809,28651,2695,31346,739
2021-06-30,Inyo,027,18085,1416,1409,12,1421,35
2021-06-30,Kern,029,883053,98040,97267,11070,108337,1348
2021-06-30,Kings,031,150075,23306,23038,1089,24127,245
2021-06-30,Lake,033,64148,3643,3601,13,3614,56
2021-06-30,Lassen,035,31185,5295,5269,115,5384,20
2021-06-30,Los Angeles,037,10098052,1215677,1208246,41288,1249534,24499
2021-06-30,Madera,039,155013,16834,16688,939,17627,240
2021-06-30,Marin,041,260295,14263,14133,259,14392,232
2021-06-30,Mariposa,043,17540,441,441,11,452,5
2021-06-30,Mendocino,045,87422,4208,4115,85,4200,49
2021-06-30,Merced,047,269075,31289,31286,1042,32328,469
2021-06-30,Modoc,049,8938,417,410,147,557,4
2021-06-30,Mono,051,14174,1266,1275,17,1292,3
2021-06-30,Monterey,053,433212,43360,43209,1845,45054,492
2021-06-30,Napa,055,140530,10073,10039,38,10077,81
2021-06-30,Nevada,057,99092,4996,4958,193,5151,72
2021-06-30,Orange,059,3164182,257122,255764,11474,267238,5125
2021-06-30,Placer,061,380077,23973,23721,1552,25273,299
2021-06-30,Plumas,063,18699,724,705,12,717,4
2021-06-30,Riverside,065,2383286,296146,293280,14024,307304,4535
2021-06-30,Sacramento,067,1510023,108937,108137,1834,109971,1676
2021-06-30,San Benito,069,59416,6119,6105,113,6218,63
2021-06-30,San Bernardino,071,2135413,295226,294211,9017,303228,4975
2021-06-30,San Diego,073,3302833,283775,282583,15484,298067,3780
2021-06-30,San Francisco,075,870044,37284,37065,1294,38359,558
2021-06-30,San Joaquin,077,732212,74308,73777,3590,77367,1409
2021-06-30,San Luis Obispo,079,281455,21556,21326,753,22079,256
2021-06-30,San Mateo,081,765935,42862,42599,486,43085,537
2021-06-30,Santa Barbara,083,443738,34676,34521,1128,35649,456
2021-06-30,Santa Clara,085,1922200,119718,118930,768,119698,2090
2021-06-30,Santa Cruz,087,273765,16366,16250,801,17051,208
2021-06-30,Shasta,089,179085,12634,12564,1642,14206,204
2021-06-30,Sierra,091,2930,63,60,12,72,0
2021-06-30,Siskiyou,093,43540,1975,1900,368,2268,29
2021-06-30,Solano,095,438530,33609,33453,574,34027,268
2021-06-30,Sonoma,097,501317,31158,30947,363,31310,316
2021-06-30,Stanislaus,099,539301,57232,56997,5979,62976,1018
2021-06-30,Sutter,101,95872,9649,9638,87,9725,114
2021-06-30,Tehama,103,63373,5160,5124,582,5706,63
2021-06-30,Trinity,105,12862,494,341,96,437,3
2021-06-30,Tulare,107,460477,50502,49764,9018,58782,853
2021-06-30,Tuolumne,109,53932,4094,4112,43,4155,64
2021-06-30,Ventura,111,848112,81987,81392,3024,84416,1032
2021-06-30,Yolo,113,214977,14254,14178,269,14447,213
2021-06-30,Yuba,115,75493,6240,6191,129,6320,51
2021-06-29,Alameda,001,1643700,89741,89519,1954,91473,1257
2021-06-29,Alpine,003,1148,88,89,0,89,0
2021-06-29,Amador,005,37829,3759,3754,32,3786,46
2021-06-29,Butte,007,227075,12818,12669,1865,14534,201
2021-06-29,Calaveras,009,45235,2207,2198,13,2211,55
2021-06-29,Colusa,011,21464,1970,1967,319,2286,15
2021-06-29,Contra Costa,013,1133247,71308,70775,1311,72086,817
2021-06-29,Del Norte,015,27424,1468,1435,13,1448,8
2021-06-29,El Dorado,017,186661,10523,10403,784,11187,113
2021-06-29,Fresno,019,978130,103542,102464,8686,111150,1725
2021-06-29,Glenn,021,27897,2453,2439,566,3005,20
2021-06-29,Humboldt,023,135768,4544,4514,49,4563,49
2021-06-29,Imperial,025,180216,28800,28645,2694,31339,737
2021-06-29,Inyo,027,18085,1416,1408,12,1420,35
2021-06-29,Kern,029,883053,98019,97173,11064,108237,1347
2021-06-29,Kings,031,150075,23297,23035,1088,24123,245
2021-06-29,Lake,033,64148,3637,3594,13,3607,56
2021-06-29,Lassen,035,31185,5288,5268,115,5383,20
2021-06-29,Los Angeles,037,10098052,1215062,1207895,41260,1249155,24498
2021-06-29,Madera,039,155013,16830,16680,938,17618,240
2021-06-29,Marin,041,260295,14251,14127,259,14386,232
2021-06-29,Mariposa,043,17540,441,441,11,452,5
2021-06-29,Mendocino,045,87422,4204,4107,84,4191,49
2021-06-29,Merced,047,269075,31277,31277,1042,32319,469
2021-06-29,Modoc,049,8938,416,408,147,555,3
2021-06-29,Mono,051,14174,1266,1275,17,1292,3
2021-06-29,Monterey,053,433212,43350,43196,1843,45039,471
2021-06-29,Napa,055,140530,10067,10033,38,10071,81
2021-06-29,Nevada,057,99092,4989,4952,193,5145,72
2021-06-29,Orange,059,3164182,257022,255686,11459,267145,5124
2021-06-29,Placer,061,380077,23953,23693,1550,25243,299
2021-06-29,Plumas,063,18699,724,704,12,716,4
2021-06-29,Riverside,065,2383286,296047,292962,14017,306979,4524
2021-06-29,Sacramento,067,1510023,108784,108067,1831,109898,1677
2021-06-29,San Benito,069,59416,6108,6099,113,6212,63
2021-06-29,San Bernardino,071,2135413,295114,294118,9016,303134,4940
2021-06-29,San Diego,073,3302833,283619,282499,15457,297956,3780
2021-06-29,San Francisco,075,870044,37246,37041,1291,38332,558
2021-06-29,San Joaquin,077,732212,74260,73724,3587,77311,1409
2021-06-29,San Luis Obispo,079,281455,21546,21324,752,22076,256
2021-06-29,San Mateo,081,765935,42828,42540,486,43026,540
2021-06-29,Santa Barbara,083,443738,34666,34507,1127,35634,455
2021-06-29,Santa Clara,085,1922200,119664,118893,767,119660,2090
2021-06-29,Santa Cruz,087,273765,16360,16249,801,17050,208
2021-06-29,Shasta,089,179085,12622,12564,1641,14205,204
2021-06-29,Sierra,091,2930,63,59,12,71,0
2021-06-29,Siskiyou,093,43540,1972,1897,364,2261,29
2021-06-29,Solano,095,438530,33576,33440,572,34012,268
2021-06-29,Sonoma,097,501317,31116,30950,361,31311,316
2021-06-29,Stanislaus,099,539301,57211,56980,5972,62952,1018
2021-06-29,Sutter,101,95872,9638,9634,87,9721,114
2021-06-29,Tehama,103,63373,5160,5124,582,5706,63
2021-06-29,Trinity,105,12862,494,341,96,437,3
2021-06-29,Tulare,107,460477,50489,49751,9013,58764,852
2021-06-29,Tuolumne,109,53932,4092,4111,43,4154,64
2021-06-29,Ventura,111,848112,81949,81363,3018,84381,1032
2021-06-29,Yolo,113,214977,14242,14171,268,14439,213
2021-06-29,Yuba,115,75493,6230,6188,129,6317,51
2021-06-28,Alameda,001,1643700,89646,89638,1951,91589,1259
2021-06-28,Alpine,003,1148,88,89,0,89,0
2021-06-28,Amador,005,37829,3758,3753,32,3785,46
2021-06-28,Butte,007,227075,12809,12697,1863,14560,198
2021-06-28,Calaveras,009,45235,2204,2203,13,2216,55
2021-06-28,Colusa,011,21464,1968,1974,319,2293,15
2021-06-28,Contra Costa,013,1133247,71233,70807,1309,72116,816
2021-06-28,Del Norte,015,27424,1468,1436,13,1449,8
2021-06-28,El Dorado,017,186661,10513,10422,780,11202,115
2021-06-28,Fresno,019,978130,103511,103121,8684,111805,1727
2021-06-28,Glenn,021,27897,2453,2439,566,3005,20
2021-06-28,Humboldt,023,135768,4537,4520,48,4568,49
2021-06-28,Imperial,025,180216,28792,28981,2693,31674,741
2021-06-28,Inyo,027,18085,1413,1407,12,1419,35
2021-06-28,Kern,029,883053,98000,97252,11059,108311,1348
2021-06-28,Kings,031,150075,23291,23134,1088,24222,246
2021-06-28,Lake,033,64148,3629,3591,13,3604,56
2021-06-28,Lassen,035,31185,5286,5268,115,5383,20
2021-06-28,Los Angeles,037,10098052,1214543,1207714,41225,1248939,24496
2021-06-28,Madera,039,155013,16819,16683,937,17620,240
2021-06-28,Marin,041,260295,14236,14186,259,14445,232
2021-06-28,Mariposa,043,17540,441,440,11,451,5
2021-06-28,Mendocino,045,87422,4195,4102,83,4185,49
2021-06-28,Merced,047,269075,31265,31277,1042,32319,469
2021-06-28,Modoc,049,8938,416,411,146,557,3
2021-06-28,Mono,051,14174,1266,1276,17,1293,3
2021-06-28,Monterey,053,433212,43346,43202,1842,45044,462
2021-06-28,Napa,055,140530,10058,10050,37,10087,81
2021-06-28,Nevada,057,99092,4985,4951,193,5144,72
2021-06-28,Orange,059,3164182,256932,255755,11445,267200,5123
2021-06-28,Placer,061,380077,23933,23756,1546,25302,299
2021-06-28,Plumas,063,18699,722,704,12,716,4
2021-06-28,Riverside,065,2383286,295921,292647,14005,306652,4507
2021-06-28,Sacramento,067,1510023,108652,108342,1826,110168,1675
2021-06-28,San Benito,069,59416,6106,6101,113,6214,63
2021-06-28,San Bernardino,071,2135413,295013,294151,9011,303162,4928
2021-06-28,San Diego,073,3302833,283455,282417,15428,297845,3780
2021-06-28,San Francisco,075,870044,37211,37372,1289,38661,559
2021-06-28,San Joaquin,077,732212,74213,73973,3584,77557,1411
2021-06-28,San Luis Obispo,079,281455,21542,21340,751,22091,256
2021-06-28,San Mateo,081,765935,42794,42927,485,43412,540
2021-06-28,Santa Barbara,083,443738,34659,34534,1125,35659,455
2021-06-28,Santa Clara,085,1922200,119600,120377,766,121143,2103
2021-06-28,Santa Cruz,087,273765,16355,16245,801,17046,208
2021-06-28,Shasta,089,179085,12618,12642,1639,14281,203
2021-06-28,Sierra,091,2930,63,58,12,70,0
2021-06-28,Siskiyou,093,43540,1971,1896,364,2260,29
2021-06-28,Solano,095,438530,33540,33524,570,34094,267
2021-06-28,Sonoma,097,501317,31079,31137,360,31497,315
2021-06-28,Stanislaus,099,539301,57193,57047,5968,63015,1018
2021-06-28,Sutter,101,95872,9634,9682,87,9769,114
2021-06-28,Tehama,103,63373,5158,5122,582,5704,63
2021-06-28,Trinity,105,12862,494,341,96,437,3
2021-06-28,Tulare,107,460477,50479,49751,9009,58760,850
2021-06-28,Tuolumne,109,53932,4084,4121,43,4164,64
2021-06-28,Ventura,111,848112,81892,81393,3013,84406,1032
2021-06-28,Yolo,113,214977,14233,14199,265,14464,213
2021-06-28,Yuba,115,75493,6225,6207,129,6336,51
2021-06-27,Alameda,001,1643700,89559,89611,1947,91558,1259
2021-06-27,Alpine,003,1148,88,89,0,89,0
2021-06-27,Amador,005,37829,3757,3752,32,3784,46
2021-06-27,Butte,007,227075,12800,12696,1862,14558,198
2021-06-27,Calaveras,009,45235,2203,2203,13,2216,55
2021-06-27,Colusa,011,21464,1968,1974,319,2293,15
2021-06-27,Contra Costa,013,1133247,71147,70762,1305,72067,816
2021-06-27,Del Norte,015,27424,1465,1436,13,1449,8
2021-06-27,El Dorado,017,186661,10501,10418,777,11195,115
2021-06-27,Fresno,019,978130,103482,103110,8681,111791,1727
2021-06-27,Glenn,021,27897,2452,2439,565,3004,20
2021-06-27,Humboldt,023,135768,4525,4513,45,4558,49
2021-06-27,Imperial,025,180216,28778,28987,2693,31680,741
2021-06-27,Inyo,027,18085,1413,1407,12,1419,35
2021-06-27,Kern,029,883053,97974,97249,11052,108301,1348
2021-06-27,Kings,031,150075,23281,23132,1088,24220,246
2021-06-27,Lake,033,64148,3622,3581,13,3594,56
2021-06-27,Lassen,035,31185,5285,5265,115,5380,20
2021-06-27,Los Angeles,037,10098052,1213991,1207461,41185,1248646,24493
2021-06-27,Madera,039,155013,16811,16680,937,17617,240
2021-06-27,Marin,041,260295,14227,14182,259,14441,232
2021-06-27,Mariposa,043,17540,441,440,11,451,5
2021-06-27,Mendocino,045,87422,4188,4100,83,4183,49
2021-06-27,Merced,047,269075,31253,31266,1042,32308,469
2021-06-27,Modoc,049,8938,416,411,146,557,3
2021-06-27,Mono,051,14174,1266,1279,17,1296,3
2021-06-27,Monterey,053,433212,43333,43199,1842,45041,462
2021-06-27,Napa,055,140530,10052,10046,37,10083,81
2021-06-27,Nevada,057,99092,4979,4946,193,5139,72
2021-06-27,Orange,059,3164182,256818,255710,11434,267144,5123
2021-06-27,Placer,061,380077,23900,23731,1543,25274,299
2021-06-27,Plumas,063,18699,722,704,12,716,4
2021-06-27,Riverside,065,2383286,295819,292641,13999,306640,4507
2021-06-27,Sacramento,067,1510023,108517,108279,1822,110101,1675
2021-06-27,San Benito,069,59416,6100,6101,113,6214,63
2021-06-27,San Bernardino,071,2135413,294900,294115,9009,303124,4927
2021-06-27,San Diego,073,3302833,283315,282359,15402,297761,3780
2021-06-27,San Francisco,075,870044,37174,37360,1288,38648,559
2021-06-27,San Joaquin,077,732212,74177,73960,3582,77542,1411
2021-06-27,San Luis Obispo,079,281455,21535,21340,750,22090,256
2021-06-27,San Mateo,081,765935,42765,42925,482,43407,539
2021-06-27,Santa Barbara,083,443738,34645,34533,1123,35656,455
2021-06-27,Santa Clara,085,1922200,119549,120352,765,121117,2103
2021-06-27,Santa Cruz,087,273765,16346,16241,801,17042,208
2021-06-27,Shasta,089,179085,12612,12640,1638,14278,203
2021-06-27,Sierra,091,2930,63,58,12,70,0
2021-06-27,Siskiyou,093,43540,1969,1896,363,2259,29
2021-06-27,Solano,095,438530,33512,33516,570,34086,267
2021-06-27,Sonoma,097,501317,31041,31129,360,31489,315
2021-06-27,Stanislaus,099,539301,57153,57021,5965,62986,1018
2021-06-27,Sutter,101,95872,9628,9678,87,9765,114
2021-06-27,Tehama,103,63373,5154,5122,582,5704,63
2021-06-27,Trinity,105,12862,494,341,95,436,3
2021-06-27,Tulare,107,460477,50466,49749,9002,58751,850
2021-06-27,Tuolumne,109,53932,4082,4121,43,4164,64
2021-06-27,Ventura,111,848112,81858,81361,3004,84365,1032
2021-06-27,Yolo,113,214977,14218,14194,261,14455,213
2021-06-27,Yuba,115,75493,6219,6205,129,6334,51
2021-06-26,Alameda,001,1643700,89502,89560,1945,91505,1259
2021-06-26,Alpine,003,1148,88,89,0,89,0
2021-06-26,Amador,005,37829,3757,3748,32,3780,46
2021-06-26,Butte,007,227075,12796,12693,1859,14552,198
2021-06-26,Calaveras,009,45235,2201,2202,13,2215,55
2021-06-26,Colusa,011,21464,1968,1973,319,2292,15
2021-06-26,Contra Costa,013,1133247,71104,70712,1304,72016,816
2021-06-26,Del Norte,015,27424,1464,1432,13,1445,8
2021-06-26,El Dorado,017,186661,10493,10414,775,11189,115
2021-06-26,Fresno,019,978130,103462,103091,8679,111770,1727
2021-06-26,Glenn,021,27897,2450,2441,565,3006,20
2021-06-26,Humboldt,023,135768,4522,4509,45,4554,49
2021-06-26,Imperial,025,180216,28774,28970,2693,31663,741
2021-06-26,Inyo,027,18085,1413,1407,12,1419,35
2021-06-26,Kern,029,883053,97948,97239,11043,108282,1348
2021-06-26,Kings,031,150075,23277,23128,1087,24215,246
2021-06-26,Lake,033,64148,3611,3576,13,3589,56
2021-06-26,Lassen,035,31185,5282,5263,115,5378,20
2021-06-26,Los Angeles,037,10098052,1213686,1207198,41153,1248351,24490
2021-06-26,Madera,039,155013,16804,16679,936,17615,240
2021-06-26,Marin,041,260295,14218,14180,259,14439,232
2021-06-26,Mariposa,043,17540,441,440,11,451,5
2021-06-26,Mendocino,045,87422,4186,4096,83,4179,49
2021-06-26,Merced,047,269075,31247,31259,1041,32300,469
2021-06-26,Modoc,049,8938,416,411,146,557,3
2021-06-26,Mono,051,14174,1266,1279,17,1296,3
2021-06-26,Monterey,053,433212,43330,43192,1842,45034,462
2021-06-26,Napa,055,140530,10045,10043,37,10080,81
2021-06-26,Nevada,057,99092,4974,4939,193,5132,72
2021-06-26,Orange,059,3164182,256738,255640,11427,267067,5123
2021-06-26,Placer,061,380077,23886,23702,1541,25243,299
2021-06-26,Plumas,063,18699,722,704,12,716,4
2021-06-26,Riverside,065,2383286,295761,292480,13993,306473,4505
2021-06-26,Sacramento,067,1510023,108446,108179,1819,109998,1675
2021-06-26,San Benito,069,59416,6096,6100,113,6213,63
2021-06-26,San Bernardino,071,2135413,294806,294034,9005,303039,4928
2021-06-26,San Diego,073,3302833,283230,282263,15384,297647,3780
2021-06-26,San Francisco,075,870044,37142,37348,1287,38635,559
2021-06-26,San Joaquin,077,732212,74148,73928,3581,77509,1411
2021-06-26,San Luis Obispo,079,281455,21534,21330,749,22079,256
2021-06-26,San Mateo,081,765935,42745,42898,482,43380,539
2021-06-26,Santa Barbara,083,443738,34636,34525,1123,35648,455
2021-06-26,Santa Clara,085,1922200,119516,120321,765,121086,2103
2021-06-26,Santa Cruz,087,273765,16343,16239,801,17040,208
2021-06-26,Shasta,089,179085,12608,12635,1634,14269,203
2021-06-26,Sierra,091,2930,63,58,12,70,0
2021-06-26,Siskiyou,093,43540,1968,1896,362,2258,29
2021-06-26,Solano,095,438530,33494,33489,568,34057,267
2021-06-26,Sonoma,097,501317,31015,31088,360,31448,315
2021-06-26,Stanislaus,099,539301,57137,57006,5962,62968,1018
2021-06-26,Sutter,101,95872,9627,9669,87,9756,114
2021-06-26,Tehama,103,63373,5154,5119,582,5701,63
2021-06-26,Trinity,105,12862,494,341,95,436,3
2021-06-26,Tulare,107,460477,50460,49745,9002,58747,850
2021-06-26,Tuolumne,109,53932,4082,4121,43,4164,64
2021-06-26,Ventura,111,848112,81834,81352,3003,84355,1032
2021-06-26,Yolo,113,214977,14210,14184,261,14445,213
2021-06-26,Yuba,115,75493,6216,6200,129,6329,51
2021-06-25,Alameda,001,1643700,89434,89453,1943,91396,1271
2021-06-25,Alpine,003,1148,88,89,0,89,0
2021-06-25,Amador,005,37829,3756,3746,32,3778,46
2021-06-25,Butte,007,227075,12791,12682,1856,14538,198
2021-06-25,Calaveras,009,45235,2200,2201,13,2214,55
2021-06-25,Colusa,011,21464,1968,1972,319,2291,15
2021-06-25,Contra Costa,013,1133247,71068,70659,1304,71963,815
2021-06-25,Del Norte,015,27424,1464,1426,13,1439,8
2021-06-25,El Dorado,017,186661,10485,10406,772,11178,115
2021-06-25,Fresno,019,978130,103444,103073,8675,111748,1727
2021-06-25,Glenn,021,27897,2450,2441,565,3006,20
2021-06-25,Humboldt,023,135768,4516,4503,43,4546,49
2021-06-25,Imperial,025,180216,28771,28968,2693,31661,740
2021-06-25,Inyo,027,18085,1412,1406,12,1418,35
2021-06-25,Kern,029,883053,97929,97182,11039,108221,1347
2021-06-25,Kings,031,150075,23271,23118,1087,24205,246
2021-06-25,Lake,033,64148,3605,3571,13,3584,56
2021-06-25,Lassen,035,31185,5281,5259,115,5374,20
2021-06-25,Los Angeles,037,10098052,1213403,1206909,41136,1248045,24483
2021-06-25,Madera,039,155013,16801,16670,936,17606,240
2021-06-25,Marin,041,260295,14215,14179,259,14438,232
2021-06-25,Mariposa,043,17540,441,440,11,451,5
2021-06-25,Mendocino,045,87422,4183,4089,83,4172,49
2021-06-25,Merced,047,269075,31239,31256,1041,32297,467
2021-06-25,Modoc,049,8938,416,411,146,557,3
2021-06-25,Mono,051,14174,1266,1279,17,1296,3
2021-06-25,Monterey,053,433212,43325,43184,1841,45025,462
2021-06-25,Napa,055,140530,10040,10037,37,10074,81
2021-06-25,Nevada,057,99092,4971,4932,193,5125,72
2021-06-25,Orange,059,3164182,256667,255574,11425,266999,5119
2021-06-25,Placer,061,380077,23867,23672,1540,25212,299
2021-06-25,Plumas,063,18699,722,702,11,713,4
2021-06-25,Riverside,065,2383286,295693,291663,13986,305649,4490
2021-06-25,Sacramento,067,1510023,108374,108034,1816,109850,1673
2021-06-25,San Benito,069,59416,6092,6098,113,6211,63
2021-06-25,San Bernardino,071,2135413,294751,293941,9003,302944,4911
2021-06-25,San Diego,073,3302833,283170,282157,15371,297528,3779
2021-06-25,San Francisco,075,870044,37119,37338,1286,38624,559
2021-06-25,San Joaquin,077,732212,74115,73860,3579,77439,1410
2021-06-25,San Luis Obispo,079,281455,21531,21325,748,22073,256
2021-06-25,San Mateo,081,765935,42727,42849,482,43331,537
2021-06-25,Santa Barbara,083,443738,34627,34518,1122,35640,454
2021-06-25,Santa Clara,085,1922200,119496,120272,765,121037,2103
2021-06-25,Santa Cruz,087,273765,16340,16230,799,17029,208
2021-06-25,Shasta,089,179085,12598,12633,1633,14266,202
2021-06-25,Sierra,091,2930,63,58,12,70,0
2021-06-25,Siskiyou,093,43540,1967,1894,362,2256,29
2021-06-25,Solano,095,438530,33474,33449,568,34017,267
2021-06-25,Sonoma,097,501317,30992,31043,360,31403,314
2021-06-25,Stanislaus,099,539301,57121,56973,5955,62928,1018
2021-06-25,Sutter,101,95872,9620,9664,87,9751,114
2021-06-25,Tehama,103,63373,5153,5119,582,5701,63
2021-06-25,Trinity,105,12862,494,338,95,433,3
2021-06-25,Tulare,107,460477,50453,49731,8999,58730,850
2021-06-25,Tuolumne,109,53932,4081,4121,43,4164,64
2021-06-25,Ventura,111,848112,81805,81342,2997,84339,1032
2021-06-25,Yolo,113,214977,14204,14172,261,14433,213
2021-06-25,Yuba,115,75493,6212,6195,129,6324,51
2021-06-24,Alameda,001,1643700,89362,89358,1940,91298,1268
2021-06-24,Alpine,003,1148,88,89,0,89,0
2021-06-24,Amador,005,37829,3752,3745,32,3777,46
2021-06-24,Butte,007,227075,12785,12673,1854,14527,198
2021-06-24,Calaveras,009,45235,2197,2202,13,2215,55
2021-06-24,Colusa,011,21464,1967,1972,319,2291,15
2021-06-24,Contra Costa,013,1133247,71009,70590,1304,71894,813
2021-06-24,Del Norte,015,27424,1463,1421,13,1434,8
2021-06-24,El Dorado,017,186661,10478,10402,772,11174,115
2021-06-24,Fresno,019,978130,103424,103061,8673,111734,1727
2021-06-24,Glenn,021,27897,2449,2439,565,3004,20
2021-06-24,Humboldt,023,135768,4511,4493,43,4536,49
2021-06-24,Imperial,025,180216,28768,28981,2693,31674,740
2021-06-24,Inyo,027,18085,1411,1406,12,1418,35
2021-06-24,Kern,029,883053,97910,97129,11026,108155,1346
2021-06-24,Kings,031,150075,23267,23114,1086,24200,246
2021-06-24,Lake,033,64148,3599,3571,13,3584,56
2021-06-24,Lassen,035,31185,5280,5258,115,5373,20
2021-06-24,Los Angeles,037,10098052,1213078,1206590,41112,1247702,24480
2021-06-24,Madera,039,155013,16790,16662,935,17597,240
2021-06-24,Marin,041,260295,14211,14180,259,14439,232
2021-06-24,Mariposa,043,17540,441,440,11,451,5
2021-06-24,Mendocino,045,87422,4175,4085,83,4168,49
2021-06-24,Merced,047,269075,31229,31248,1040,32288,466
2021-06-24,Modoc,049,8938,416,411,146,557,3
2021-06-24,Mono,051,14174,1266,1276,17,1293,3
2021-06-24,Monterey,053,433212,43318,43180,1841,45021,451
2021-06-24,Napa,055,140530,10038,10036,37,10073,80
2021-06-24,Nevada,057,99092,4969,4927,193,5120,72
2021-06-24,Orange,059,3164182,256603,255520,11417,266937,5117
2021-06-24,Placer,061,380077,23842,23659,1538,25197,299
2021-06-24,Plumas,063,18699,721,702,11,713,4
2021-06-24,Riverside,065,2383286,295612,291067,13975,305042,4473
2021-06-24,Sacramento,067,1510023,108286,107965,1814,109779,1672
2021-06-24,San Benito,069,59416,6089,6098,113,6211,63
2021-06-24,San Bernardino,071,2135413,294680,293895,8998,302893,4898
2021-06-24,San Diego,073,3302833,283066,282053,15358,297411,3778
2021-06-24,San Francisco,075,870044,37097,37320,1284,38604,559
2021-06-24,San Joaquin,077,732212,74067,73814,3579,77393,1408
2021-06-24,San Luis Obispo,079,281455,21525,21326,748,22074,256
2021-06-24,San Mateo,081,765935,42701,42814,481,43295,542
2021-06-24,Santa Barbara,083,443738,34621,34512,1121,35633,454
2021-06-24,Santa Clara,085,1922200,119465,120274,764,121038,2103
2021-06-24,Santa Cruz,087,273765,16339,16227,799,17026,208
2021-06-24,Shasta,089,179085,12593,12629,1629,14258,202
2021-06-24,Sierra,091,2930,63,58,12,70,0
2021-06-24,Siskiyou,093,43540,1967,1892,362,2254,28
2021-06-24,Solano,095,438530,33451,33432,566,33998,267
2021-06-24,Sonoma,097,501317,30963,31020,360,31380,314
2021-06-24,Stanislaus,099,539301,57095,56946,5955,62901,1018
2021-06-24,Sutter,101,95872,9613,9660,87,9747,113
2021-06-24,Tehama,103,63373,5150,5115,582,5697,63
2021-06-24,Trinity,105,12862,493,338,95,433,3
2021-06-24,Tulare,107,460477,50442,49730,8997,58727,850
2021-06-24,Tuolumne,109,53932,4079,4120,43,4163,64
2021-06-24,Ventura,111,848112,81777,81332,2996,84328,1032
2021-06-24,Yolo,113,214977,14195,14169,258,14427,213
2021-06-24,Yuba,115,75493,6207,6195,129,6324,51
2021-06-23,Alameda,001,1643700,89290,89338,1939,91277,1266
2021-06-23,Alpine,003,1148,88,88,0,88,0
2021-06-23,Amador,005,37829,3750,3743,32,3775,46
2021-06-23,Butte,007,227075,12778,12666,1854,14520,198
2021-06-23,Calaveras,009,45235,2196,2199,13,2212,55
2021-06-23,Colusa,011,21464,1966,1972,319,2291,15
2021-06-23,Contra Costa,013,1133247,70944,70526,1303,71829,813
2021-06-23,Del Norte,015,27424,1459,1418,13,1431,8
2021-06-23,El Dorado,017,186661,10468,10395,769,11164,115
2021-06-23,Fresno,019,978130,103395,103020,8671,111691,1724
2021-06-23,Glenn,021,27897,2449,2437,564,3001,20
2021-06-23,Humboldt,023,135768,4502,4490,43,4533,48
2021-06-23,Imperial,025,180216,28761,28908,2693,31601,740
2021-06-23,Inyo,027,18085,1411,1406,12,1418,35
2021-06-23,Kern,029,883053,97882,97078,11013,108091,1345
2021-06-23,Kings,031,150075,23260,23105,1084,24189,245
2021-06-23,Lake,033,64148,3590,3566,13,3579,53
2021-06-23,Lassen,035,31185,5277,5257,115,5372,20
2021-06-23,Los Angeles,037,10098052,1212741,1206358,41102,1247460,24472
2021-06-23,Madera,039,155013,16783,16660,935,17595,240
2021-06-23,Marin,041,260295,14205,14177,259,14436,230
2021-06-23,Mariposa,043,17540,441,439,11,450,5
2021-06-23,Mendocino,045,87422,4171,4078,83,4161,49
2021-06-23,Merced,047,269075,31220,31260,1040,32300,465
2021-06-23,Modoc,049,8938,414,407,146,553,3
2021-06-23,Mono,051,14174,1266,1279,17,1296,3
2021-06-23,Monterey,053,433212,43309,43166,1841,45007,439
2021-06-23,Napa,055,140530,10029,10032,37,10069,80
2021-06-23,Nevada,057,99092,4966,4924,193,5117,72
2021-06-23,Orange,059,3164182,256537,255479,11409,266888,5116
2021-06-23,Placer,061,380077,23813,23630,1533,25163,299
2021-06-23,Plumas,063,18699,720,701,11,712,4
2021-06-23,Riverside,065,2383286,295529,290343,13973,304316,4462
2021-06-23,Sacramento,067,1510023,108194,107868,1809,109677,1671
2021-06-23,San Benito,069,59416,6085,6097,113,6210,63
2021-06-23,San Bernardino,071,2135413,294601,293816,8993,302809,4886
2021-06-23,San Diego,073,3302833,282966,281937,15337,297274,3777
2021-06-23,San Francisco,075,870044,37073,37304,1282,38586,559
2021-06-23,San Joaquin,077,732212,74028,73764,3577,77341,1405
2021-06-23,San Luis Obispo,079,281455,21521,21323,747,22070,257
2021-06-23,San Mateo,081,765935,42685,42756,481,43237,542
2021-06-23,Santa Barbara,083,443738,34611,34505,1121,35626,454
2021-06-23,Santa Clara,085,1922200,119436,120233,764,120997,2098
2021-06-23,Santa Cruz,087,273765,16335,16215,799,17014,209
2021-06-23,Shasta,089,179085,12586,12604,1627,14231,202
2021-06-23,Sierra,091,2930,63,57,12,69,0
2021-06-23,Siskiyou,093,43540,1965,1892,362,2254,28
2021-06-23,Solano,095,438530,33407,33408,566,33974,267
2021-06-23,Sonoma,097,501317,30923,30959,358,31317,314
2021-06-23,Stanislaus,099,539301,57065,56926,5954,62880,1017
2021-06-23,Sutter,101,95872,9607,9653,87,9740,113
2021-06-23,Tehama,103,63373,5150,5119,581,5700,63
2021-06-23,Trinity,105,12862,493,338,95,433,3
2021-06-23,Tulare,107,460477,50435,49711,8994,58705,850
2021-06-23,Tuolumne,109,53932,4076,4120,43,4163,64
2021-06-23,Ventura,111,848112,81754,81312,2993,84305,1032
2021-06-23,Yolo,113,214977,14185,14161,258,14419,212
2021-06-23,Yuba,115,75493,6204,6190,129,6319,51
2021-06-22,Alameda,001,1643700,89223,89308,1939,91247,1263
2021-06-22,Alpine,003,1148,88,88,0,88,0
2021-06-22,Amador,005,37829,3747,3743,32,3775,46
2021-06-22,Butte,007,227075,12774,12662,1851,14513,198
2021-06-22,Calaveras,009,45235,2195,2198,13,2211,55
2021-06-22,Colusa,011,21464,1965,1971,319,2290,15
2021-06-22,Contra Costa,013,1133247,70888,70480,1302,71782,813
2021-06-22,Del Norte,015,27424,1456,1417,13,1430,8
2021-06-22,El Dorado,017,186661,10463,10380,768,11148,113
2021-06-22,Fresno,019,978130,103375,102996,8667,111663,1724
2021-06-22,Glenn,021,27897,2448,2435,562,2997,19
2021-06-22,Humboldt,023,135768,4492,4483,43,4526,42
2021-06-22,Imperial,025,180216,28756,28880,2693,31573,740
2021-06-22,Inyo,027,18085,1411,1405,12,1417,35
2021-06-22,Kern,029,883053,97869,97013,11009,108022,1342
2021-06-22,Kings,031,150075,23252,23098,1083,24181,245
2021-06-22,Lake,033,64148,3588,3564,13,3577,45
2021-06-22,Lassen,035,31185,5272,5254,115,5369,20
2021-06-22,Los Angeles,037,10098052,1212425,1206146,41090,1247236,24461
2021-06-22,Madera,039,155013,16778,16652,935,17587,240
2021-06-22,Marin,041,260295,14203,14174,259,14433,230
2021-06-22,Mariposa,043,17540,441,439,11,450,5
2021-06-22,Mendocino,045,87422,4165,4072,83,4155,49
2021-06-22,Merced,047,269075,31209,31267,1040,32307,464
2021-06-22,Modoc,049,8938,412,405,145,550,3
2021-06-22,Mono,051,14174,1266,1277,17,1294,3
2021-06-22,Monterey,053,433212,43306,43162,1840,45002,427
2021-06-22,Napa,055,140530,10025,10029,37,10066,80
2021-06-22,Nevada,057,99092,4960,4923,193,5116,72
2021-06-22,Orange,059,3164182,256468,255452,11398,266850,5114
2021-06-22,Placer,061,380077,23791,23603,1533,25136,299
2021-06-22,Plumas,063,18699,720,697,11,708,4
2021-06-22,Riverside,065,2383286,295468,289839,13969,303808,4456
2021-06-22,Sacramento,067,1510023,108093,107801,1804,109605,1670
2021-06-22,San Benito,069,59416,6084,6098,113,6211,63
2021-06-22,San Bernardino,071,2135413,294526,293770,8987,302757,4873
2021-06-22,San Diego,073,3302833,282862,281867,15314,297181,3771
2021-06-22,San Francisco,075,870044,37059,37287,1282,38569,556
2021-06-22,San Joaquin,077,732212,73998,73723,3575,77298,1405
2021-06-22,San Luis Obispo,079,281455,21518,21321,746,22067,257
2021-06-22,San Mateo,081,765935,42671,42725,476,43201,542
2021-06-22,Santa Barbara,083,443738,34600,34500,1120,35620,454
2021-06-22,Santa Clara,085,1922200,119404,120194,764,120958,2095
2021-06-22,Santa Cruz,087,273765,16330,16218,799,17017,209
2021-06-22,Shasta,089,179085,12575,12616,1624,14240,202
2021-06-22,Sierra,091,2930,62,57,12,69,0
2021-06-22,Siskiyou,093,43540,1965,1892,362,2254,28
2021-06-22,Solano,095,438530,33389,33397,565,33962,267
2021-06-22,Sonoma,097,501317,30883,30933,358,31291,314
2021-06-22,Stanislaus,099,539301,57049,56915,5952,62867,1017
2021-06-22,Sutter,101,95872,9600,9649,87,9736,113
2021-06-22,Tehama,103,63373,5148,5118,580,5698,63
2021-06-22,Trinity,105,12862,491,337,95,432,3
2021-06-22,Tulare,107,460477,50426,49706,8989,58695,850
2021-06-22,Tuolumne,109,53932,4074,4119,43,4162,64
2021-06-22,Ventura,111,848112,81740,81300,2992,84292,1032
2021-06-22,Yolo,113,214977,14180,14157,256,14413,212
2021-06-22,Yuba,115,75493,6200,6181,129,6310,51
2021-06-21,Alameda,001,1643700,89167,89281,1937,91218,1262
2021-06-21,Alpine,003,1148,88,88,0,88,0
2021-06-21,Amador,005,37829,3741,3742,32,3774,46
2021-06-21,Butte,007,227075,12768,12668,1849,14517,195
2021-06-21,Calaveras,009,45235,2193,2194,13,2207,55
2021-06-21,Colusa,011,21464,1964,1970,318,2288,15
2021-06-21,Contra Costa,013,1133247,70817,70439,1301,71740,813
2021-06-21,Del Norte,015,27424,1452,1416,13,1429,8
2021-06-21,El Dorado,017,186661,10457,10375,767,11142,113
2021-06-21,Fresno,019,978130,103355,102971,8664,111635,1724
2021-06-21,Glenn,021,27897,2447,2433,562,2995,19
2021-06-21,Humboldt,023,135768,4483,4478,42,4520,42
2021-06-21,Imperial,025,180216,28752,28855,2693,31548,740
2021-06-21,Inyo,027,18085,1410,1405,12,1417,35
2021-06-21,Kern,029,883053,97840,96995,11001,107996,1342
2021-06-21,Kings,031,150075,23245,23091,1080,24171,245
2021-06-21,Lake,033,64148,3582,3563,13,3576,45
2021-06-21,Lassen,035,31185,5270,5233,115,5348,19
2021-06-21,Los Angeles,037,10098052,1212130,1205994,41068,1247062,24459
2021-06-21,Madera,039,155013,16769,16647,935,17582,240
2021-06-21,Marin,041,260295,14199,14173,259,14432,230
2021-06-21,Mariposa,043,17540,441,439,11,450,5
2021-06-21,Mendocino,045,87422,4162,4085,83,4168,49
2021-06-21,Merced,047,269075,31199,31264,1039,32303,465
2021-06-21,Modoc,049,8938,412,405,145,550,3
2021-06-21,Mono,051,14174,1266,1277,17,1294,3
2021-06-21,Monterey,053,433212,43303,43157,1840,44997,427
2021-06-21,Napa,055,140530,10020,10028,37,10065,80
2021-06-21,Nevada,057,99092,4956,4921,193,5114,72
2021-06-21,Orange,059,3164182,256395,255400,11391,266791,5113
2021-06-21,Placer,061,380077,23767,23577,1533,25110,298
2021-06-21,Plumas,063,18699,718,697,11,708,4
2021-06-21,Riverside,065,2383286,295392,289797,13964,303761,4456
2021-06-21,Sacramento,067,1510023,107982,107757,1803,109560,1669
2021-06-21,San Benito,069,59416,6080,6098,113,6211,63
2021-06-21,San Bernardino,071,2135413,294439,293736,8983,302719,4850
2021-06-21,San Diego,073,3302833,282757,281811,15294,297105,3771
2021-06-21,San Francisco,075,870044,37043,37275,1281,38556,556
2021-06-21,San Joaquin,077,732212,73957,73687,3574,77261,1405
2021-06-21,San Luis Obispo,079,281455,21509,21316,746,22062,257
2021-06-21,San Mateo,081,765935,42655,42685,475,43160,542
2021-06-21,Santa Barbara,083,443738,34595,34492,1120,35612,455
2021-06-21,Santa Clara,085,1922200,119371,120192,763,120955,2093
2021-06-21,Santa Cruz,087,273765,16328,16212,799,17011,208
2021-06-21,Shasta,089,179085,12562,12617,1621,14238,201
2021-06-21,Sierra,091,2930,62,57,12,69,0
2021-06-21,Siskiyou,093,43540,1965,1892,362,2254,27
2021-06-21,Solano,095,438530,33366,33383,564,33947,266
2021-06-21,Sonoma,097,501317,30860,30912,358,31270,314
2021-06-21,Stanislaus,099,539301,57019,56891,5947,62838,1017
2021-06-21,Sutter,101,95872,9597,9649,87,9736,113
2021-06-21,Tehama,103,63373,5148,5115,579,5694,63
2021-06-21,Trinity,105,12862,491,337,95,432,3
2021-06-21,Tulare,107,460477,50415,49689,8985,58674,849
2021-06-21,Tuolumne,109,53932,4070,4119,43,4162,63
2021-06-21,Ventura,111,848112,81712,81291,2988,84279,1031
2021-06-21,Yolo,113,214977,14174,14165,256,14421,212
2021-06-21,Yuba,115,75493,6199,6172,129,6301,51
2021-06-20,Alameda,001,1643700,89102,89255,1936,91191,1263
2021-06-20,Alpine,003,1148,88,88,0,88,0
2021-06-20,Amador,005,37829,3738,3740,32,3772,46
2021-06-20,Butte,007,227075,12761,12668,1848,14516,194
2021-06-20,Calaveras,009,45235,2192,2193,13,2206,55
2021-06-20,Colusa,011,21464,1964,1970,318,2288,15
2021-06-20,Contra Costa,013,1133247,70760,70401,1299,71700,813
2021-06-20,Del Norte,015,27424,1448,1416,13,1429,8
2021-06-20,El Dorado,017,186661,10443,10372,764,11136,113
2021-06-20,Fresno,019,978130,103314,102947,8661,111608,1724
2021-06-20,Glenn,021,27897,2447,2434,562,2996,19
2021-06-20,Humboldt,023,135768,4477,4472,42,4514,42
2021-06-20,Imperial,025,180216,28743,28855,2693,31548,740
2021-06-20,Inyo,027,18085,1409,1405,12,1417,35
2021-06-20,Kern,029,883053,97819,96985,10990,107975,1342
2021-06-20,Kings,031,150075,23240,23088,1078,24166,245
2021-06-20,Lake,033,64148,3580,3563,13,3576,45
2021-06-20,Lassen,035,31185,5267,5230,115,5345,19
2021-06-20,Los Angeles,037,10098052,1211825,1205874,41060,1246934,24456
2021-06-20,Madera,039,155013,16761,16638,933,17571,240
2021-06-20,Marin,041,260295,14196,14166,259,14425,230
2021-06-20,Mariposa,043,17540,439,439,11,450,5
2021-06-20,Mendocino,045,87422,4155,4080,83,4163,49
2021-06-20,Merced,047,269075,31186,31265,1039,32304,465
2021-06-20,Modoc,049,8938,412,405,145,550,3
2021-06-20,Mono,051,14174,1266,1275,17,1292,3
2021-06-20,Monterey,053,433212,43294,43156,1839,44995,427
2021-06-20,Napa,055,140530,10013,10026,36,10062,80
2021-06-20,Nevada,057,99092,4949,4919,193,5112,72
2021-06-20,Orange,059,3164182,256331,255377,11380,266757,5113
2021-06-20,Placer,061,380077,23733,23562,1529,25091,298
2021-06-20,Plumas,063,18699,717,697,11,708,4
2021-06-20,Riverside,065,2383286,295313,289770,13953,303723,4456
2021-06-20,Sacramento,067,1510023,107871,107700,1800,109500,1669
2021-06-20,San Benito,069,59416,6080,6098,113,6211,63
2021-06-20,San Bernardino,071,2135413,294338,293713,8979,302692,4845
2021-06-20,San Diego,073,3302833,282651,281750,15272,297022,3771
2021-06-20,San Francisco,075,870044,37020,37269,1281,38550,556
2021-06-20,San Joaquin,077,732212,73912,73676,3565,77241,1405
2021-06-20,San Luis Obispo,079,281455,21507,21313,746,22059,257
2021-06-20,San Mateo,081,765935,42626,42681,475,43156,542
2021-06-20,Santa Barbara,083,443738,34586,34487,1120,35607,455
2021-06-20,Santa Clara,085,1922200,119336,120163,763,120926,2093
2021-06-20,Santa Cruz,087,273765,16323,16210,799,17009,208
2021-06-20,Shasta,089,179085,12557,12617,1619,14236,201
2021-06-20,Sierra,091,2930,62,57,12,69,0
2021-06-20,Siskiyou,093,43540,1964,1891,362,2253,27
2021-06-20,Solano,095,438530,33344,33361,562,33923,266
2021-06-20,Sonoma,097,501317,30813,30884,355,31239,314
2021-06-20,Stanislaus,099,539301,56986,56868,5946,62814,1017
2021-06-20,Sutter,101,95872,9594,9645,87,9732,113
2021-06-20,Tehama,103,63373,5144,5115,579,5694,63
2021-06-20,Trinity,105,12862,491,337,95,432,3
2021-06-20,Tulare,107,460477,50406,49685,8983,58668,849
2021-06-20,Tuolumne,109,53932,4067,4117,43,4160,63
2021-06-20,Ventura,111,848112,81696,81282,2986,84268,1031
2021-06-20,Yolo,113,214977,14167,14160,256,14416,212
2021-06-20,Yuba,115,75493,6192,6167,129,6296,51
2021-06-19,Alameda,001,1643700,89067,89202,1936,91138,1263
2021-06-19,Alpine,003,1148,88,88,0,88,0
2021-06-19,Amador,005,37829,3736,3739,32,3771,46
2021-06-19,Butte,007,227075,12757,12659,1848,14507,194
2021-06-19,Calaveras,009,45235,2192,2192,13,2205,55
2021-06-19,Colusa,011,21464,1964,1969,318,2287,15
2021-06-19,Contra Costa,013,1133247,70729,70334,1298,71632,813
2021-06-19,Del Norte,015,27424,1447,1416,13,1429,8
2021-06-19,El Dorado,017,186661,10442,10363,763,11126,113
2021-06-19,Fresno,019,978130,103301,102922,8660,111582,1724
2021-06-19,Glenn,021,27897,2446,2434,561,2995,19
2021-06-19,Humboldt,023,135768,4466,4463,42,4505,42
2021-06-19,Imperial,025,180216,28742,28813,2693,31506,740
2021-06-19,Inyo,027,18085,1409,1405,12,1417,35
2021-06-19,Kern,029,883053,97803,96966,10986,107952,1342
2021-06-19,Kings,031,150075,23237,23086,1078,24164,245
2021-06-19,Lake,033,64148,3576,3563,13,3576,45
2021-06-19,Lassen,035,31185,5266,5225,115,5340,19
2021-06-19,Los Angeles,037,10098052,1211622,1205602,41044,1246646,24454
2021-06-19,Madera,039,155013,16759,16632,933,17565,240
2021-06-19,Marin,041,260295,14188,14152,259,14411,230
2021-06-19,Mariposa,043,17540,439,439,11,450,5
2021-06-19,Mendocino,045,87422,4150,4077,83,4160,49
2021-06-19,Merced,047,269075,31184,31256,1039,32295,465
2021-06-19,Modoc,049,8938,411,402,145,547,3
2021-06-19,Mono,051,14174,1266,1275,17,1292,3
2021-06-19,Monterey,053,433212,43288,43153,1839,44992,427
2021-06-19,Napa,055,140530,10009,10025,36,10061,80
2021-06-19,Nevada,057,99092,4944,4910,193,5103,72
2021-06-19,Orange,059,3164182,256285,255329,11377,266706,5112
2021-06-19,Placer,061,380077,23717,23537,1526,25063,298
2021-06-19,Plumas,063,18699,716,697,11,708,4
2021-06-19,Riverside,065,2383286,295267,289720,13953,303673,4456
2021-06-19,Sacramento,067,1510023,107825,107631,1797,109428,1669
2021-06-19,San Benito,069,59416,6079,6098,113,6211,63
2021-06-19,San Bernardino,071,2135413,294295,293673,8977,302650,4844
2021-06-19,San Diego,073,3302833,282591,281682,15258,296940,3771
2021-06-19,San Francisco,075,870044,37007,37256,1281,38537,556
2021-06-19,San Joaquin,077,732212,73896,73652,3561,77213,1405
2021-06-19,San Luis Obispo,079,281455,21505,21308,744,22052,257
2021-06-19,San Mateo,081,765935,42608,42646,473,43119,542
2021-06-19,Santa Barbara,083,443738,34584,34472,1120,35592,455
2021-06-19,Santa Clara,085,1922200,119313,120110,762,120872,2093
2021-06-19,Santa Cruz,087,273765,16318,16206,799,17005,208
2021-06-19,Shasta,089,179085,12555,12615,1618,14233,201
2021-06-19,Sierra,091,2930,62,57,12,69,0
2021-06-19,Siskiyou,093,43540,1964,1891,362,2253,27
2021-06-19,Solano,095,438530,33334,33341,561,33902,266
2021-06-19,Sonoma,097,501317,30772,30841,355,31196,314
2021-06-19,Stanislaus,099,539301,56967,56847,5943,62790,1017
2021-06-19,Sutter,101,95872,9591,9645,87,9732,113
2021-06-19,Tehama,103,63373,5143,5115,579,5694,63
2021-06-19,Trinity,105,12862,491,337,95,432,3
2021-06-19,Tulare,107,460477,50399,49681,8978,58659,849
2021-06-19,Tuolumne,109,53932,4067,4117,43,4160,63
2021-06-19,Ventura,111,848112,81683,81270,2985,84255,1031
2021-06-19,Yolo,113,214977,14163,14156,255,14411,212
2021-06-19,Yuba,115,75493,6191,6157,129,6286,51
2021-06-18,Alameda,001,1643700,89030,89123,1936,91059,1263
2021-06-18,Alpine,003,1148,88,88,0,88,0
2021-06-18,Amador,005,37829,3736,3739,32,3771,46
2021-06-18,Butte,007,227075,12754,12653,1845,14498,194
2021-06-18,Calaveras,009,45235,2192,2191,13,2204,55
2021-06-18,Colusa,011,21464,1963,1969,318,2287,15
2021-06-18,Contra Costa,013,1133247,70687,70271,1296,71567,813
2021-06-18,Del Norte,015,27424,1447,1415,13,1428,8
2021-06-18,El Dorado,017,186661,10439,10348,761,11109,113
2021-06-18,Fresno,019,978130,103285,102894,8658,111552,1722
2021-06-18,Glenn,021,27897,2445,2430,561,2991,19
2021-06-18,Humboldt,023,135768,4458,4450,42,4492,42
2021-06-18,Imperial,025,180216,28740,28809,2693,31502,740
2021-06-18,Inyo,027,18085,1409,1405,12,1417,35
2021-06-18,Kern,029,883053,97792,96948,10980,107928,1341
2021-06-18,Kings,031,150075,23232,23082,1078,24160,245
2021-06-18,Lake,033,64148,3572,3563,13,3576,45
2021-06-18,Lassen,035,31185,5265,5224,115,5339,19
2021-06-18,Los Angeles,037,10098052,1211456,1205472,41027,1246499,24451
2021-06-18,Madera,039,155013,16753,16625,933,17558,241
2021-06-18,Marin,041,260295,14185,14147,259,14406,230
2021-06-18,Mariposa,043,17540,439,439,11,450,5
2021-06-18,Mendocino,045,87422,4145,4068,83,4151,49
2021-06-18,Merced,047,269075,31182,31262,1039,32301,464
2021-06-18,Modoc,049,8938,411,402,145,547,3
2021-06-18,Mono,051,14174,1265,1275,16,1291,3
2021-06-18,Monterey,053,433212,43285,43148,1839,44987,427
2021-06-18,Napa,055,140530,10005,10021,36,10057,80
2021-06-18,Nevada,057,99092,4936,4903,193,5096,72
2021-06-18,Orange,059,3164182,256248,255274,11374,266648,5108
2021-06-18,Placer,061,380077,23709,23500,1523,25023,298
2021-06-18,Plumas,063,18699,716,697,11,708,4
2021-06-18,Riverside,065,2383286,295218,289676,13952,303628,4457
2021-06-18,Sacramento,067,1510023,107777,107570,1797,109367,1669
2021-06-18,San Benito,069,59416,6078,6097,113,6210,63
2021-06-18,San Bernardino,071,2135413,294251,293629,8973,302602,4826
2021-06-18,San Diego,073,3302833,282515,281608,15247,296855,3771
2021-06-18,San Francisco,075,870044,36998,37246,1281,38527,556
2021-06-18,San Joaquin,077,732212,73878,73623,3559,77182,1403
2021-06-18,San Luis Obispo,079,281455,21501,21301,742,22043,257
2021-06-18,San Mateo,081,765935,42597,42630,472,43102,542
2021-06-18,Santa Barbara,083,443738,34574,34469,1120,35589,455
2021-06-18,Santa Clara,085,1922200,119292,120081,760,120841,2093
2021-06-18,Santa Cruz,087,273765,16314,16202,799,17001,208
2021-06-18,Shasta,089,179085,12551,12607,1616,14223,201
2021-06-18,Sierra,091,2930,61,57,12,69,0
2021-06-18,Siskiyou,093,43540,1964,1890,362,2252,27
2021-06-18,Solano,095,438530,33320,33323,561,33884,266
2021-06-18,Sonoma,097,501317,30754,30816,354,31170,313
2021-06-18,Stanislaus,099,539301,56952,56803,5941,62744,1012
2021-06-18,Sutter,101,95872,9588,9643,87,9730,113
2021-06-18,Tehama,103,63373,5141,5114,579,5693,63
2021-06-18,Trinity,105,12862,491,337,94,431,3
2021-06-18,Tulare,107,460477,50397,49664,8971,58635,849
2021-06-18,Tuolumne,109,53932,4064,4116,43,4159,63
2021-06-18,Ventura,111,848112,81673,81256,2980,84236,1031
2021-06-18,Yolo,113,214977,14160,14148,253,14401,212
2021-06-18,Yuba,115,75493,6185,6150,129,6279,51
2021-06-17,Alameda,001,1643700,88984,89087,1936,91023,1262
2021-06-17,Alpine,003,1148,88,88,0,88,0
2021-06-17,Amador,005,37829,3734,3731,32,3763,46
2021-06-17,Butte,007,227075,12744,12644,1844,14488,194
2021-06-17,Calaveras,009,45235,2191,2189,13,2202,55
2021-06-17,Colusa,011,21464,1962,1969,318,2287,15
2021-06-17,Contra Costa,013,1133247,70648,70190,1292,71482,810
2021-06-17,Del Norte,015,27424,1445,1413,13,1426,8
2021-06-17,El Dorado,017,186661,10429,10341,761,11102,113
2021-06-17,Fresno,019,978130,103259,102867,8654,111521,1722
2021-06-17,Glenn,021,27897,2445,2430,561,2991,19
2021-06-17,Humboldt,023,135768,4449,4438,42,4480,42
2021-06-17,Imperial,025,180216,28732,28801,2693,31494,741
2021-06-17,Inyo,027,18085,1409,1405,12,1417,35
2021-06-17,Kern,029,883053,97777,96840,10974,107814,1340
2021-06-17,Kings,031,150075,23228,23078,1077,24155,245
2021-06-17,Lake,033,64148,3569,3563,9,3572,45
2021-06-17,Lassen,035,31185,5261,5223,115,5338,19
2021-06-17,Los Angeles,037,10098052,1211241,1205301,41000,1246301,24444
2021-06-17,Madera,039,155013,16748,16618,933,17551,241
2021-06-17,Marin,041,260295,14185,14141,259,14400,229
2021-06-17,Mariposa,043,17540,439,439,11,450,5
2021-06-17,Mendocino,045,87422,4138,4054,83,4137,49
2021-06-17,Merced,047,269075,31177,31262,1039,32301,464
2021-06-17,Modoc,049,8938,410,401,145,546,3
2021-06-17,Mono,051,14174,1264,1275,16,1291,3
2021-06-17,Monterey,053,433212,43277,43140,1839,44979,416
2021-06-17,Napa,055,140530,10005,10014,36,10050,80
2021-06-17,Nevada,057,99092,4932,4898,193,5091,72
2021-06-17,Orange,059,3164182,256202,255240,11363,266603,5109
2021-06-17,Placer,061,380077,23693,23461,1521,24982,298
2021-06-17,Plumas,063,18699,715,697,11,708,4
2021-06-17,Riverside,065,2383286,295164,289627,13950,303577,4458
2021-06-17,Sacramento,067,1510023,107713,107492,1795,109287,1666
2021-06-17,San Benito,069,59416,6078,6097,113,6210,63
2021-06-17,San Bernardino,071,2135413,294210,293560,8973,302533,4811
2021-06-17,San Diego,073,3302833,282439,281531,15233,296764,3771
2021-06-17,San Francisco,075,870044,36987,37243,1280,38523,556
2021-06-17,San Joaquin,077,732212,73855,73560,3554,77114,1403
2021-06-17,San Luis Obispo,079,281455,21499,21297,742,22039,257
2021-06-17,San Mateo,081,765935,42591,42615,472,43087,542
2021-06-17,Santa Barbara,083,443738,34568,34466,1120,35586,453
2021-06-17,Santa Clara,085,1922200,119267,120032,759,120791,2093
2021-06-17,Santa Cruz,087,273765,16310,16197,799,16996,208
2021-06-17,Shasta,089,179085,12543,12597,1616,14213,201
2021-06-17,Sierra,091,2930,61,56,12,68,0
2021-06-17,Siskiyou,093,43540,1963,1889,362,2251,27
2021-06-17,Solano,095,438530,33299,33296,560,33856,266
2021-06-17,Sonoma,097,501317,30724,30793,354,31147,323
2021-06-17,Stanislaus,099,539301,56921,56752,5936,62688,1012
2021-06-17,Sutter,101,95872,9585,9629,87,9716,113
2021-06-17,Tehama,103,63373,5140,5112,577,5689,63
2021-06-17,Trinity,105,12862,490,337,94,431,3
2021-06-17,Tulare,107,460477,50392,49649,8963,58612,849
2021-06-17,Tuolumne,109,53932,4063,4116,43,4159,63
2021-06-17,Ventura,111,848112,81664,81248,2977,84225,1030
2021-06-17,Yolo,113,214977,14152,14141,253,14394,212
2021-06-17,Yuba,115,75493,6176,6140,129,6269,51
2021-06-16,Alameda,001,1643700,88935,89045,1935,90980,1265
2021-06-16,Alpine,003,1148,88,88,0,88,0
2021-06-16,Amador,005,37829,3733,3730,32,3762,46
2021-06-16,Butte,007,227075,12742,12635,1842,14477,194
2021-06-16,Calaveras,009,45235,2189,2188,13,2201,55
2021-06-16,Colusa,011,21464,1962,1967,318,2285,15
2021-06-16,Contra Costa,013,1133247,70596,70136,1291,71427,810
2021-06-16,Del Norte,015,27424,1442,1413,13,1426,8
2021-06-16,El Dorado,017,186661,10423,10334,760,11094,113
2021-06-16,Fresno,019,978130,103228,102842,8650,111492,1722
2021-06-16,Glenn,021,27897,2445,2430,561,2991,19
2021-06-16,Humboldt,023,135768,4440,4427,41,4468,42
2021-06-16,Imperial,025,180216,28729,28796,2693,31489,741
2021-06-16,Inyo,027,18085,1408,1405,12,1417,35
2021-06-16,Kern,029,883053,97755,96789,10967,107756,1339
2021-06-16,Kings,031,150075,23227,23072,1076,24148,245
2021-06-16,Lake,033,64148,3569,3562,9,3571,45
2021-06-16,Lassen,035,31185,5258,5216,115,5331,19
2021-06-16,Los Angeles,037,10098052,1211017,1205102,40990,1246092,24439
2021-06-16,Madera,039,155013,16744,16603,933,17536,240
2021-06-16,Marin,041,260295,14183,14137,259,14396,229
2021-06-16,Mariposa,043,17540,439,437,11,448,5
2021-06-16,Mendocino,045,87422,4130,4041,83,4124,49
2021-06-16,Merced,047,269075,31169,31250,1039,32289,463
2021-06-16,Modoc,049,8938,409,383,144,527,3
2021-06-16,Mono,051,14174,1264,1275,16,1291,3
2021-06-16,Monterey,053,433212,43274,43122,1839,44961,416
2021-06-16,Napa,055,140530,10001,10011,36,10047,80
2021-06-16,Nevada,057,99092,4927,4894,193,5087,72
2021-06-16,Orange,059,3164182,256148,255188,11355,266543,5109
2021-06-16,Placer,061,380077,23683,23425,1517,24942,298
2021-06-16,Plumas,063,18699,715,697,11,708,4
2021-06-16,Riverside,065,2383286,295103,289539,13948,303487,4457
2021-06-16,Sacramento,067,1510023,107643,107422,1791,109213,1665
2021-06-16,San Benito,069,59416,6078,6090,113,6203,63
2021-06-16,San Bernardino,071,2135413,294161,293499,8971,302470,4797
2021-06-16,San Diego,073,3302833,282360,281423,15220,296643,3770
2021-06-16,San Francisco,075,870044,36974,37222,1278,38500,555
2021-06-16,San Joaquin,077,732212,73817,73530,3550,77080,1399
2021-06-16,San Luis Obispo,079,281455,21494,21294,742,22036,257
2021-06-16,San Mateo,081,765935,42575,42601,472,43073,542
2021-06-16,Santa Barbara,083,443738,34562,34459,1120,35579,460
2021-06-16,Santa Clara,085,1922200,119235,119982,759,120741,2087
2021-06-16,Santa Cruz,087,273765,16307,16187,799,16986,208
2021-06-16,Shasta,089,179085,12538,12592,1615,14207,200
2021-06-16,Sierra,091,2930,61,56,12,68,0
2021-06-16,Siskiyou,093,43540,1962,1886,362,2248,26
2021-06-16,Solano,095,438530,33271,33276,560,33836,266
2021-06-16,Sonoma,097,501317,30688,30741,354,31095,323
2021-06-16,Stanislaus,099,539301,56890,56738,5934,62672,984
2021-06-16,Sutter,101,95872,9581,9620,87,9707,113
2021-06-16,Tehama,103,63373,5138,5106,577,5683,63
2021-06-16,Trinity,105,12862,489,332,94,426,3
2021-06-16,Tulare,107,460477,50387,49578,8959,58537,849
2021-06-16,Tuolumne,109,53932,4063,4110,43,4153,63
2021-06-16,Ventura,111,848112,81650,81229,2975,84204,1029
2021-06-16,Yolo,113,214977,14143,14135,252,14387,212
2021-06-16,Yuba,115,75493,6166,6134,129,6263,51
2021-06-15,Alameda,001,1643700,88893,89008,1935,90943,1262
2021-06-15,Alpine,003,1148,88,88,0,88,0
2021-06-15,Amador,005,37829,3730,3723,32,3755,46
2021-06-15,Butte,007,227075,12734,12620,1841,14461,194
2021-06-15,Calaveras,009,45235,2188,2188,13,2201,55
2021-06-15,Colusa,011,21464,1962,1967,316,2283,15
2021-06-15,Contra Costa,013,1133247,70534,70101,1291,71392,810
2021-06-15,Del Norte,015,27424,1441,1411,13,1424,8
2021-06-15,El Dorado,017,186661,10414,10330,760,11090,113
2021-06-15,Fresno,019,978130,103196,102828,8649,111477,1722
2021-06-15,Glenn,021,27897,2444,2426,561,2987,19
2021-06-15,Humboldt,023,135768,4431,4414,40,4454,42
2021-06-15,Imperial,025,180216,28723,28789,2693,31482,741
2021-06-15,Inyo,027,18085,1408,1405,12,1417,35
2021-06-15,Kern,029,883053,97727,96782,10959,107741,1338
2021-06-15,Kings,031,150075,23221,23070,1074,24144,245
2021-06-15,Lake,033,64148,3568,3559,9,3568,45
2021-06-15,Lassen,035,31185,5257,5211,115,5326,19
2021-06-15,Los Angeles,037,10098052,1210792,1204926,40982,1245908,24435
2021-06-15,Madera,039,155013,16737,16600,932,17532,240
2021-06-15,Marin,041,260295,14175,14135,259,14394,229
2021-06-15,Mariposa,043,17540,439,437,11,448,5
2021-06-15,Mendocino,045,87422,4123,4034,83,4117,49
2021-06-15,Merced,047,269075,31163,31244,1039,32283,461
2021-06-15,Modoc,049,8938,408,383,144,527,3
2021-06-15,Mono,051,14174,1264,1275,16,1291,3
2021-06-15,Monterey,053,433212,43268,43118,1839,44957,416
2021-06-15,Napa,055,140530,9999,10010,36,10046,80
2021-06-15,Nevada,057,99092,4924,4888,193,5081,72
2021-06-15,Orange,059,3164182,256107,255127,11346,266473,5105
2021-06-15,Placer,061,380077,23661,23396,1516,24912,298
2021-06-15,Plumas,063,18699,714,697,11,708,4
2021-06-15,Riverside,065,2383286,295043,289508,13944,303452,4455
2021-06-15,Sacramento,067,1510023,107568,107370,1785,109155,1662
2021-06-15,San Benito,069,59416,6077,6089,113,6202,63
2021-06-15,San Bernardino,071,2135413,294111,293463,8965,302428,4790
2021-06-15,San Diego,073,3302833,282276,281375,15205,296580,3770
2021-06-15,San Francisco,075,870044,36965,37210,1277,38487,555
2021-06-15,San Joaquin,077,732212,73777,73494,3545,77039,1399
2021-06-15,San Luis Obispo,079,281455,21489,21293,741,22034,257
2021-06-15,San Mateo,081,765935,42562,42593,472,43065,543
2021-06-15,Santa Barbara,083,443738,34557,34451,1120,35571,460
2021-06-15,Santa Clara,085,1922200,119197,119963,759,120722,2086
2021-06-15,Santa Cruz,087,273765,16301,16180,798,16978,208
2021-06-15,Shasta,089,179085,12532,12583,1615,14198,201
2021-06-15,Sierra,091,2930,60,55,12,67,0
2021-06-15,Siskiyou,093,43540,1961,1887,362,2249,26
2021-06-15,Solano,095,438530,33252,33264,560,33824,266
2021-06-15,Sonoma,097,501317,30649,30707,353,31060,323
2021-06-15,Stanislaus,099,539301,56862,56724,5931,62655,979
2021-06-15,Sutter,101,95872,9572,9616,87,9703,113
2021-06-15,Tehama,103,63373,5136,5102,577,5679,63
2021-06-15,Trinity,105,12862,488,332,93,425,3
2021-06-15,Tulare,107,460477,50381,49561,8956,58517,848
2021-06-15,Tuolumne,109,53932,4063,4111,43,4154,63
2021-06-15,Ventura,111,848112,81639,81215,2972,84187,1029
2021-06-15,Yolo,113,214977,14139,14127,250,14377,212
2021-06-15,Yuba,115,75493,6155,6130,129,6259,51
2021-06-14,Alameda,001,1643700,88845,88966,1935,90901,1264
2021-06-14,Alpine,003,1148,88,88,0,88,0
2021-06-14,Amador,005,37829,3729,3722,32,3754,46
2021-06-14,Butte,007,227075,12723,12613,1837,14450,194
2021-06-14,Calaveras,009,45235,2187,2190,13,2203,55
2021-06-14,Colusa,011,21464,1961,1966,316,2282,15
2021-06-14,Contra Costa,013,1133247,70481,70069,1289,71358,810
2021-06-14,Del Norte,015,27424,1441,1411,13,1424,8
2021-06-14,El Dorado,017,186661,10405,10327,758,11085,113
2021-06-14,Fresno,019,978130,103174,102812,8647,111459,1719
2021-06-14,Glenn,021,27897,2444,2426,561,2987,19
2021-06-14,Humboldt,023,135768,4423,4407,39,4446,42
2021-06-14,Imperial,025,180216,28711,28836,2693,31529,741
2021-06-14,Inyo,027,18085,1407,1405,12,1417,35
2021-06-14,Kern,029,883053,97707,96760,10949,107709,1337
2021-06-14,Kings,031,150075,23218,23071,1073,24144,245
2021-06-14,Lake,033,64148,3567,3557,9,3566,45
2021-06-14,Lassen,035,31185,5254,5209,114,5323,19
2021-06-14,Los Angeles,037,10098052,1210550,1204748,40972,1245720,24434
2021-06-14,Madera,039,155013,16731,16597,931,17528,240
2021-06-14,Marin,041,260295,14173,14133,259,14392,229
2021-06-14,Mariposa,043,17540,438,437,11,448,5
2021-06-14,Mendocino,045,87422,4117,4028,83,4111,49
2021-06-14,Merced,047,269075,31154,31241,1038,32279,461
2021-06-14,Modoc,049,8938,399,382,142,524,3
2021-06-14,Mono,051,14174,1264,1275,16,1291,3
2021-06-14,Monterey,053,433212,43265,43110,1839,44949,415
2021-06-14,Napa,055,140530,9995,10000,36,10036,80
2021-06-14,Nevada,057,99092,4917,4885,193,5078,72
2021-06-14,Orange,059,3164182,256069,255069,11342,266411,5103
2021-06-14,Placer,061,380077,23636,23379,1515,24894,298
2021-06-14,Plumas,063,18699,714,696,11,707,4
2021-06-14,Riverside,065,2383286,294989,289476,13944,303420,4453
2021-06-14,Sacramento,067,1510023,107514,107334,1780,109114,1661
2021-06-14,San Benito,069,59416,6077,6087,113,6200,63
2021-06-14,San Bernardino,071,2135413,294055,293446,8961,302407,4790
2021-06-14,San Diego,073,3302833,282170,281314,15185,296499,3770
2021-06-14,San Francisco,075,870044,36952,37206,1277,38483,555
2021-06-14,San Joaquin,077,732212,73748,73453,3545,76998,1398
2021-06-14,San Luis Obispo,079,281455,21487,21302,741,22043,256
2021-06-14,San Mateo,081,765935,42549,42619,471,43090,543
2021-06-14,Santa Barbara,083,443738,34554,34449,1120,35569,460
2021-06-14,Santa Clara,085,1922200,119166,119957,758,120715,2085
2021-06-14,Santa Cruz,087,273765,16298,16175,798,16973,208
2021-06-14,Shasta,089,179085,12521,12561,1612,14173,201
2021-06-14,Sierra,091,2930,59,55,12,67,0
2021-06-14,Siskiyou,093,43540,1961,1886,362,2248,26
2021-06-14,Solano,095,438530,33235,33243,559,33802,266
2021-06-14,Sonoma,097,501317,30617,30679,352,31031,323
2021-06-14,Stanislaus,099,539301,56825,56689,5928,62617,975
2021-06-14,Sutter,101,95872,9569,9607,87,9694,112
2021-06-14,Tehama,103,63373,5134,5102,577,5679,63
2021-06-14,Trinity,105,12862,488,332,93,425,3
2021-06-14,Tulare,107,460477,50376,49538,8953,58491,848
2021-06-14,Tuolumne,109,53932,4060,4108,43,4151,63
2021-06-14,Ventura,111,848112,81629,81209,2972,84181,1028
2021-06-14,Yolo,113,214977,14131,14123,250,14373,212
2021-06-14,Yuba,115,75493,6148,6127,129,6256,50
2021-06-13,Alameda,001,1643700,88789,88947,1934,90881,1264
2021-06-13,Alpine,003,1148,87,88,0,88,0
2021-06-13,Amador,005,37829,3725,3721,32,3753,46
2021-06-13,Butte,007,227075,12712,12586,1834,14420,194
2021-06-13,Calaveras,009,45235,2187,2189,13,2202,55
2021-06-13,Colusa,011,21464,1961,1965,315,2280,15
2021-06-13,Contra Costa,013,1133247,70427,70040,1287,71327,810
2021-06-13,Del Norte,015,27424,1439,1412,13,1425,8
2021-06-13,El Dorado,017,186661,10396,10324,758,11082,113
2021-06-13,Fresno,019,978130,103144,102795,8642,111437,1719
2021-06-13,Glenn,021,27897,2443,2425,559,2984,19
2021-06-13,Humboldt,023,135768,4410,4401,39,4440,42
2021-06-13,Imperial,025,180216,28702,28800,2693,31493,741
2021-06-13,Inyo,027,18085,1407,1405,12,1417,35
2021-06-13,Kern,029,883053,97683,96743,10937,107680,1337
2021-06-13,Kings,031,150075,23213,23069,1072,24141,245
2021-06-13,Lake,033,64148,3567,3556,9,3565,45
2021-06-13,Lassen,035,31185,5249,5209,114,5323,19
2021-06-13,Los Angeles,037,10098052,1210283,1204614,40960,1245574,24433
2021-06-13,Madera,039,155013,16717,16590,931,17521,240
2021-06-13,Marin,041,260295,14167,14126,259,14385,229
2021-06-13,Mariposa,043,17540,438,434,11,445,5
2021-06-13,Mendocino,045,87422,4110,4026,83,4109,49
2021-06-13,Merced,047,269075,31148,31240,1037,32277,461
2021-06-13,Modoc,049,8938,397,382,140,522,3
2021-06-13,Mono,051,14174,1264,1275,16,1291,3
2021-06-13,Monterey,053,433212,43257,43108,1839,44947,415
2021-06-13,Napa,055,140530,9989,9995,36,10031,80
2021-06-13,Nevada,057,99092,4912,4883,193,5076,72
2021-06-13,Orange,059,3164182,256014,255043,11339,266382,5103
2021-06-13,Placer,061,380077,23610,23365,1513,24878,295
2021-06-13,Plumas,063,18699,713,696,11,707,4
2021-06-13,Riverside,065,2383286,294922,289447,13941,303388,4453
2021-06-13,Sacramento,067,1510023,107438,107289,1777,109066,1658
2021-06-13,San Benito,069,59416,6077,6086,113,6199,63
2021-06-13,San Bernardino,071,2135413,294003,293416,8956,302372,4788
2021-06-13,San Diego,073,3302833,282091,281268,15169,296437,3770
2021-06-13,San Francisco,075,870044,36940,37197,1277,38474,555
2021-06-13,San Joaquin,077,732212,73713,73438,3543,76981,1398
2021-06-13,San Luis Obispo,079,281455,21481,21298,740,22038,256
2021-06-13,San Mateo,081,765935,42536,42611,471,43082,542
2021-06-13,Santa Barbara,083,443738,34543,34449,1119,35568,460
2021-06-13,Santa Clara,085,1922200,119142,119946,758,120704,2085
2021-06-13,Santa Cruz,087,273765,16291,16172,798,16970,208
2021-06-13,Shasta,089,179085,12512,12560,1611,14171,201
2021-06-13,Sierra,091,2930,59,55,12,67,0
2021-06-13,Siskiyou,093,43540,1960,1885,362,2247,26
2021-06-13,Solano,095,438530,33214,33234,559,33793,266
2021-06-13,Sonoma,097,501317,30582,30663,350,31013,323
2021-06-13,Stanislaus,099,539301,56799,56671,5925,62596,975
2021-06-13,Sutter,101,95872,9562,9603,87,9690,112
2021-06-13,Tehama,103,63373,5132,5100,577,5677,63
2021-06-13,Trinity,105,12862,487,332,93,425,3
2021-06-13,Tulare,107,460477,50367,49537,8948,58485,848
2021-06-13,Tuolumne,109,53932,4058,4107,42,4149,63
2021-06-13,Ventura,111,848112,81615,81201,2972,84173,1028
2021-06-13,Yolo,113,214977,14122,14120,248,14368,212
2021-06-13,Yuba,115,75493,6141,6125,129,6254,50
2021-06-12,Alameda,001,1643700,88762,88901,1934,90835,1271
2021-06-12,Alpine,003,1148,87,88,0,88,0
2021-06-12,Amador,005,37829,3724,3721,32,3753,46
2021-06-12,Butte,007,227075,12708,12576,1834,14410,194
2021-06-12,Calaveras,009,45235,2187,2189,13,2202,55
2021-06-12,Colusa,011,21464,1961,1965,315,2280,15
2021-06-12,Contra Costa,013,1133247,70396,69989,1285,71274,810
2021-06-12,Del Norte,015,27424,1439,1412,13,1425,8
2021-06-12,El Dorado,017,186661,10391,10320,757,11077,113
2021-06-12,Fresno,019,978130,103134,102783,8641,111424,1720
2021-06-12,Glenn,021,27897,2441,2425,559,2984,19
2021-06-12,Humboldt,023,135768,4402,4396,39,4435,42
2021-06-12,Imperial,025,180216,28699,28799,2693,31492,741
2021-06-12,Inyo,027,18085,1407,1405,12,1417,35
2021-06-12,Kern,029,883053,97668,96731,10933,107664,1337
2021-06-12,Kings,031,150075,23211,23067,1072,24139,245
2021-06-12,Lake,033,64148,3566,3552,9,3561,45
2021-06-12,Lassen,035,31185,5249,5208,114,5322,19
2021-06-12,Los Angeles,037,10098052,1210143,1204439,40954,1245393,24434
2021-06-12,Madera,039,155013,16713,16586,931,17517,240
2021-06-12,Marin,041,260295,14164,14121,259,14380,229
2021-06-12,Mariposa,043,17540,438,434,11,445,5
2021-06-12,Mendocino,045,87422,4107,4024,83,4107,49
2021-06-12,Merced,047,269075,31145,31236,1037,32273,461
2021-06-12,Modoc,049,8938,396,382,140,522,3
2021-06-12,Mono,051,14174,1264,1275,16,1291,3
2021-06-12,Monterey,053,433212,43252,43103,1839,44942,415
2021-06-12,Napa,055,140530,9985,9986,36,10022,80
2021-06-12,Nevada,057,99092,4906,4878,193,5071,72
2021-06-12,Orange,059,3164182,255982,255004,11337,266341,5103
2021-06-12,Placer,061,380077,23591,23345,1513,24858,295
2021-06-12,Plumas,063,18699,713,696,11,707,4
2021-06-12,Riverside,065,2383286,294880,289413,13938,303351,4453
2021-06-12,Sacramento,067,1510023,107379,107199,1774,108973,1658
2021-06-12,San Benito,069,59416,6075,6083,113,6196,63
2021-06-12,San Bernardino,071,2135413,293968,293375,8954,302329,4788
2021-06-12,San Diego,073,3302833,282034,281203,15160,296363,3770
2021-06-12,San Francisco,075,870044,36930,37189,1277,38466,555
2021-06-12,San Joaquin,077,732212,73694,73413,3542,76955,1398
2021-06-12,San Luis Obispo,079,281455,21478,21293,740,22033,256
2021-06-12,San Mateo,081,765935,42530,42604,471,43075,542
2021-06-12,Santa Barbara,083,443738,34538,34450,1119,35569,460
2021-06-12,Santa Clara,085,1922200,119102,119894,758,120652,2085
2021-06-12,Santa Cruz,087,273765,16283,16170,798,16968,208
2021-06-12,Shasta,089,179085,12509,12556,1610,14166,201
2021-06-12,Sierra,091,2930,59,55,12,67,0
2021-06-12,Siskiyou,093,43540,1959,1884,362,2246,25
2021-06-12,Solano,095,438530,33205,33219,559,33778,266
2021-06-12,Sonoma,097,501317,30553,30647,350,30997,323
2021-06-12,Stanislaus,099,539301,56782,56649,5924,62573,974
2021-06-12,Sutter,101,95872,9558,9603,87,9690,112
2021-06-12,Tehama,103,63373,5132,5099,576,5675,63
2021-06-12,Trinity,105,12862,487,332,93,425,3
2021-06-12,Tulare,107,460477,50362,49533,8941,58474,848
2021-06-12,Tuolumne,109,53932,4057,4105,42,4147,63
2021-06-12,Ventura,111,848112,81603,81197,2972,84169,1028
2021-06-12,Yolo,113,214977,14119,14118,247,14365,212
2021-06-12,Yuba,115,75493,6136,6120,129,6249,50
2021-06-11,Alameda,001,1643700,88734,88844,1934,90778,1278
2021-06-11,Alpine,003,1148,87,88,0,88,0
2021-06-11,Amador,005,37829,3723,3710,32,3742,46
2021-06-11,Butte,007,227075,12704,12576,1832,14408,194
2021-06-11,Calaveras,009,45235,2187,2188,13,2201,55
2021-06-11,Colusa,011,21464,1960,1964,315,2279,15
2021-06-11,Contra Costa,013,1133247,70363,69940,1283,71223,808
2021-06-11,Del Norte,015,27424,1439,1409,13,1422,8
2021-06-11,El Dorado,017,186661,10388,10316,757,11073,113
2021-06-11,Fresno,019,978130,103115,102770,8640,111410,1720
2021-06-11,Glenn,021,27897,2441,2425,559,2984,19
2021-06-11,Humboldt,023,135768,4398,4389,39,4428,42
2021-06-11,Imperial,025,180216,28694,28793,2693,31486,741
2021-06-11,Inyo,027,18085,1407,1405,12,1417,35
2021-06-11,Kern,029,883053,97656,96718,10930,107648,1340
2021-06-11,Kings,031,150075,23207,23069,1071,24140,245
2021-06-11,Lake,033,64148,3565,3550,9,3559,45
2021-06-11,Lassen,035,31185,5248,5204,114,5318,18
2021-06-11,Los Angeles,037,10098052,1209993,1204259,40939,1245198,24434
2021-06-11,Madera,039,155013,16710,16582,931,17513,240
2021-06-11,Marin,041,260295,14161,14116,259,14375,229
2021-06-11,Mariposa,043,17540,438,434,11,445,5
2021-06-11,Mendocino,045,87422,4104,4022,83,4105,49
2021-06-11,Merced,047,269075,31140,31231,1037,32268,461
2021-06-11,Modoc,049,8938,396,382,139,521,3
2021-06-11,Mono,051,14174,1264,1274,16,1290,3
2021-06-11,Monterey,053,433212,43248,43097,1839,44936,415
2021-06-11,Napa,055,140530,9982,9977,36,10013,80
2021-06-11,Nevada,057,99092,4904,4873,193,5066,72
2021-06-11,Orange,059,3164182,255948,254975,11334,266309,5101
2021-06-11,Placer,061,380077,23586,23330,1513,24843,294
2021-06-11,Plumas,063,18699,713,696,11,707,4
2021-06-11,Riverside,065,2383286,294842,289376,13933,303309,4451
2021-06-11,Sacramento,067,1510023,107319,107119,1773,108892,1659
2021-06-11,San Benito,069,59416,6074,6082,113,6195,63
2021-06-11,San Bernardino,071,2135413,293932,293335,8950,302285,4788
2021-06-11,San Diego,073,3302833,281994,281144,15153,296297,3768
2021-06-11,San Francisco,075,870044,36925,37177,1277,38454,555
2021-06-11,San Joaquin,077,732212,73677,73347,3539,76886,1397
2021-06-11,San Luis Obispo,079,281455,21477,21288,740,22028,256
2021-06-11,San Mateo,081,765935,42516,42585,471,43056,542
2021-06-11,Santa Barbara,083,443738,34535,34438,1119,35557,460
2021-06-11,Santa Clara,085,1922200,119082,119860,758,120618,2083
2021-06-11,Santa Cruz,087,273765,16275,16164,798,16962,208
2021-06-11,Shasta,089,179085,12501,12550,1608,14158,201
2021-06-11,Sierra,091,2930,59,55,12,67,0
2021-06-11,Siskiyou,093,43540,1958,1882,362,2244,25
2021-06-11,Solano,095,438530,33185,33179,558,33737,266
2021-06-11,Sonoma,097,501317,30535,30624,350,30974,323
2021-06-11,Stanislaus,099,539301,56756,56617,5920,62537,974
2021-06-11,Sutter,101,95872,9555,9600,86,9686,112
2021-06-11,Tehama,103,63373,5131,5099,576,5675,63
2021-06-11,Trinity,105,12862,487,331,93,424,3
2021-06-11,Tulare,107,460477,50356,49516,8940,58456,848
2021-06-11,Tuolumne,109,53932,4054,4104,42,4146,63
2021-06-11,Ventura,111,848112,81593,81189,2972,84161,1026
2021-06-11,Yolo,113,214977,14112,14111,243,14354,212
2021-06-11,Yuba,115,75493,6132,6113,129,6242,50
2021-06-10,Alameda,001,1643700,88690,88806,1933,90739,1275
2021-06-10,Alpine,003,1148,87,88,0,88,0
2021-06-10,Amador,005,37829,3719,3709,32,3741,46
2021-06-10,Butte,007,227075,12687,12565,1832,14397,194
2021-06-10,Calaveras,009,45235,2186,2188,13,2201,55
2021-06-10,Colusa,011,21464,1958,1964,315,2279,15
2021-06-10,Contra Costa,013,1133247,70309,69876,1283,71159,807
2021-06-10,Del Norte,015,27424,1439,1405,13,1418,8
2021-06-10,El Dorado,017,186661,10381,10314,753,11067,113
2021-06-10,Fresno,019,978130,103089,102724,8639,111363,1717
2021-06-10,Glenn,021,27897,2441,2425,559,2984,19
2021-06-10,Humboldt,023,135768,4390,4384,39,4423,42
2021-06-10,Imperial,025,180216,28688,28779,2693,31472,739
2021-06-10,Inyo,027,18085,1407,1405,12,1417,35
2021-06-10,Kern,029,883053,97642,96706,10925,107631,1336
2021-06-10,Kings,031,150075,23206,23067,1071,24138,245
2021-06-10,Lake,033,64148,3560,3550,9,3559,45
2021-06-10,Lassen,035,31185,5246,5201,114,5315,18
2021-06-10,Los Angeles,037,10098052,1209828,1204110,40923,1245033,24440
2021-06-10,Madera,039,155013,16703,16581,930,17511,240
2021-06-10,Marin,041,260295,14158,14118,259,14377,229
2021-06-10,Mariposa,043,17540,436,434,11,445,5
2021-06-10,Mendocino,045,87422,4099,4016,83,4099,48
2021-06-10,Merced,047,269075,31132,31231,1034,32265,461
2021-06-10,Modoc,049,8938,395,381,139,520,3
2021-06-10,Mono,051,14174,1263,1274,16,1290,3
2021-06-10,Monterey,053,433212,43242,43090,1839,44929,415
2021-06-10,Napa,055,140530,9981,9974,36,10010,80
2021-06-10,Nevada,057,99092,4899,4866,193,5059,72
2021-06-10,Orange,059,3164182,255918,254950,11327,266277,5097
2021-06-10,Placer,061,380077,23573,23296,1513,24809,293
2021-06-10,Plumas,063,18699,713,696,11,707,4
2021-06-10,Riverside,065,2383286,294800,289335,13928,303263,4450
2021-06-10,Sacramento,067,1510023,107257,107049,1773,108822,1658
2021-06-10,San Benito,069,59416,6074,6079,113,6192,63
2021-06-10,San Bernardino,071,2135413,293891,293281,8947,302228,4782
2021-06-10,San Diego,073,3302833,281936,281052,15136,296188,3766
2021-06-10,San Francisco,075,870044,36915,37159,1275,38434,552
2021-06-10,San Joaquin,077,732212,73643,73276,3538,76814,1393
2021-06-10,San Luis Obispo,079,281455,21474,21280,740,22020,256
2021-06-10,San Mateo,081,765935,42509,42562,471,43033,666
2021-06-10,Santa Barbara,083,443738,34531,34434,1119,35553,460
2021-06-10,Santa Clara,085,1922200,119047,119832,757,120589,2075
2021-06-10,Santa Cruz,087,273765,16274,16159,798,16957,208
2021-06-10,Shasta,089,179085,12491,12536,1608,14144,201
2021-06-10,Sierra,091,2930,58,55,12,67,0
2021-06-10,Siskiyou,093,43540,1958,1881,362,2243,25
2021-06-10,Solano,095,438530,33168,33150,557,33707,265
2021-06-10,Sonoma,097,501317,30499,30571,348,30919,323
2021-06-10,Stanislaus,099,539301,56735,56588,5916,62504,974
2021-06-10,Sutter,101,95872,9548,9594,86,9680,112
2021-06-10,Tehama,103,63373,5131,5096,576,5672,63
2021-06-10,Trinity,105,12862,487,331,93,424,3
2021-06-10,Tulare,107,460477,50348,49503,8940,58443,848
2021-06-10,Tuolumne,109,53932,4054,4100,42,4142,63
2021-06-10,Ventura,111,848112,81582,81172,2971,84143,1026
2021-06-10,Yolo,113,214977,14109,14107,243,14350,212
2021-06-10,Yuba,115,75493,6128,6112,129,6241,50
2021-06-09,Alameda,001,1643700,88646,88762,1932,90694,1271
2021-06-09,Alpine,003,1148,87,88,0,88,0
2021-06-09,Amador,005,37829,3715,3706,32,3738,46
2021-06-09,Butte,007,227075,12681,12555,1830,14385,194
2021-06-09,Calaveras,009,45235,2184,2184,13,2197,55
2021-06-09,Colusa,011,21464,1958,1962,314,2276,15
2021-06-09,Contra Costa,013,1133247,70272,69829,1282,71111,803
2021-06-09,Del Norte,015,27424,1435,1403,13,1416,8
2021-06-09,El Dorado,017,186661,10378,10312,752,11064,113
2021-06-09,Fresno,019,978130,103069,102690,8635,111325,1717
2021-06-09,Glenn,021,27897,2440,2424,559,2983,19
2021-06-09,Humboldt,023,135768,4385,4379,38,4417,42
2021-06-09,Imperial,025,180216,28685,28754,2693,31447,739
2021-06-09,Inyo,027,18085,1407,1405,12,1417,35
2021-06-09,Kern,029,883053,97627,96697,10916,107613,1328
2021-06-09,Kings,031,150075,23204,23061,1071,24132,245
2021-06-09,Lake,033,64148,3557,3541,9,3550,45
2021-06-09,Lassen,035,31185,5245,5200,114,5314,18
2021-06-09,Los Angeles,037,10098052,1209640,1203955,40910,1244865,24432
2021-06-09,Madera,039,155013,16698,16580,930,17510,240
2021-06-09,Marin,041,260295,14153,14114,259,14373,229
2021-06-09,Mariposa,043,17540,436,434,11,445,5
2021-06-09,Mendocino,045,87422,4093,4008,83,4091,47
2021-06-09,Merced,047,269075,31128,31225,1034,32259,461
2021-06-09,Modoc,049,8938,393,377,138,515,3
2021-06-09,Mono,051,14174,1263,1274,16,1290,3
2021-06-09,Monterey,053,433212,43235,43082,1839,44921,415
2021-06-09,Napa,055,140530,9975,9971,36,10007,80
2021-06-09,Nevada,057,99092,4889,4863,192,5055,72
2021-06-09,Orange,059,3164182,255874,254893,11322,266215,5080
2021-06-09,Placer,061,380077,23554,23237,1513,24750,293
2021-06-09,Plumas,063,18699,712,697,11,708,4
2021-06-09,Riverside,065,2383286,294754,289299,13926,303225,4450
2021-06-09,Sacramento,067,1510023,107194,106971,1770,108741,1657
2021-06-09,San Benito,069,59416,6071,6078,113,6191,63
2021-06-09,San Bernardino,071,2135413,293849,293222,8947,302169,4782
2021-06-09,San Diego,073,3302833,281872,280941,15124,296065,3765
2021-06-09,San Francisco,075,870044,36902,37143,1274,38417,552
2021-06-09,San Joaquin,077,732212,73617,73232,3538,76770,1392
2021-06-09,San Luis Obispo,079,281455,21473,21259,740,21999,256
2021-06-09,San Mateo,081,765935,42493,42502,470,42972,666
2021-06-09,Santa Barbara,083,443738,34520,34422,1119,35541,460
2021-06-09,Santa Clara,085,1922200,119009,119793,756,120549,2068
2021-06-09,Santa Cruz,087,273765,16271,16155,798,16953,208
2021-06-09,Shasta,089,179085,12481,12521,1606,14127,201
2021-06-09,Sierra,091,2930,57,55,12,67,0
2021-06-09,Siskiyou,093,43540,1957,1871,362,2233,25
2021-06-09,Solano,095,438530,33152,33137,556,33693,264
2021-06-09,Sonoma,097,501317,30477,30540,348,30888,323
2021-06-09,Stanislaus,099,539301,56715,56560,5913,62473,974
2021-06-09,Sutter,101,95872,9539,9586,85,9671,111
2021-06-09,Tehama,103,63373,5130,5093,576,5669,63
2021-06-09,Trinity,105,12862,486,331,93,424,3
2021-06-09,Tulare,107,460477,50344,49496,8938,58434,847
2021-06-09,Tuolumne,109,53932,4051,4100,42,4142,63
2021-06-09,Ventura,111,848112,81572,81154,2970,84124,1026
2021-06-09,Yolo,113,214977,14107,14102,242,14344,212
2021-06-09,Yuba,115,75493,6124,6109,129,6238,50
2021-06-08,Alameda,001,1643700,88598,88731,1932,90663,1267
2021-06-08,Alpine,003,1148,87,88,0,88,0
2021-06-08,Amador,005,37829,3714,3704,32,3736,46
2021-06-08,Butte,007,227075,12675,12540,1828,14368,194
2021-06-08,Calaveras,009,45235,2183,2181,13,2194,55
2021-06-08,Colusa,011,21464,1958,1961,314,2275,15
2021-06-08,Contra Costa,013,1133247,70224,69762,1281,71043,803
2021-06-08,Del Norte,015,27424,1433,1402,13,1415,8
2021-06-08,El Dorado,017,186661,10373,10306,750,11056,113
2021-06-08,Fresno,019,978130,103044,102680,8633,111313,1717
2021-06-08,Glenn,021,27897,2439,2423,559,2982,19
2021-06-08,Humboldt,023,135768,4380,4363,38,4401,42
2021-06-08,Imperial,025,180216,28676,28752,2693,31445,738
2021-06-08,Inyo,027,18085,1407,1405,12,1417,35
2021-06-08,Kern,029,883053,97608,96671,10909,107580,1325
2021-06-08,Kings,031,150075,23203,23036,1071,24107,245
2021-06-08,Lake,033,64148,3556,3540,9,3549,45
2021-06-08,Lassen,035,31185,5245,5200,114,5314,18
2021-06-08,Los Angeles,037,10098052,1209442,1203794,40898,1244692,24426
2021-06-08,Madera,039,155013,16692,16579,929,17508,240
2021-06-08,Marin,041,260295,14151,14111,258,14369,229
2021-06-08,Mariposa,043,17540,436,434,11,445,5
2021-06-08,Mendocino,045,87422,4086,4002,83,4085,47
2021-06-08,Merced,047,269075,31120,31225,1034,32259,461
2021-06-08,Modoc,049,8938,387,377,137,514,3
2021-06-08,Mono,051,14174,1263,1274,16,1290,3
2021-06-08,Monterey,053,433212,43229,43078,1838,44916,415
2021-06-08,Napa,055,140530,9971,9962,36,9998,80
2021-06-08,Nevada,057,99092,4884,4861,192,5053,72
2021-06-08,Orange,059,3164182,255832,254852,11315,266167,5078
2021-06-08,Placer,061,380077,23536,23209,1509,24718,293
2021-06-08,Plumas,063,18699,712,692,11,703,4
2021-06-08,Riverside,065,2383286,294718,289268,13918,303186,4452
2021-06-08,Sacramento,067,1510023,107132,106901,1767,108668,1654
2021-06-08,San Benito,069,59416,6069,6076,113,6189,63
2021-06-08,San Bernardino,071,2135413,293800,293186,8943,302129,4778
2021-06-08,San Diego,073,3302833,281809,280879,15115,295994,3764
2021-06-08,San Francisco,075,870044,36887,37134,1273,38407,552
2021-06-08,San Joaquin,077,732212,73573,73186,3533,76719,1390
2021-06-08,San Luis Obispo,079,281455,21467,21251,739,21990,255
2021-06-08,San Mateo,081,765935,42480,42488,470,42958,663
2021-06-08,Santa Barbara,083,443738,34516,34418,1119,35537,459
2021-06-08,Santa Clara,085,1922200,118988,119770,755,120525,2068
2021-06-08,Santa Cruz,087,273765,16268,16160,798,16958,208
2021-06-08,Shasta,089,179085,12466,12498,1606,14104,201
2021-06-08,Sierra,091,2930,57,55,12,67,0
2021-06-08,Siskiyou,093,43540,1955,1870,360,2230,21
2021-06-08,Solano,095,438530,33131,33130,556,33686,259
2021-06-08,Sonoma,097,501317,30451,30523,346,30869,323
2021-06-08,Stanislaus,099,539301,56688,56548,5911,62459,973
2021-06-08,Sutter,101,95872,9536,9581,85,9666,111
2021-06-08,Tehama,103,63373,5127,5093,576,5669,63
2021-06-08,Trinity,105,12862,486,330,92,422,3
2021-06-08,Tulare,107,460477,50332,49485,8934,58419,847
2021-06-08,Tuolumne,109,53932,4047,4099,42,4141,63
2021-06-08,Ventura,111,848112,81556,81142,2969,84111,1026
2021-06-08,Yolo,113,214977,14102,14099,241,14340,212
2021-06-08,Yuba,115,75493,6122,6103,129,6232,50
2021-06-07,Alameda,001,1643700,88541,88688,1932,90620,1267
2021-06-07,Alpine,003,1148,87,88,0,88,0
2021-06-07,Amador,005,37829,3704,3697,32,3729,46
2021-06-07,Butte,007,227075,12668,12533,1827,14360,194
2021-06-07,Calaveras,009,45235,2182,2181,13,2194,55
2021-06-07,Colusa,011,21464,1957,1960,314,2274,15
2021-06-07,Contra Costa,013,1133247,70167,69718,1280,70998,817
2021-06-07,Del Norte,015,27424,1433,1401,13,1414,8
2021-06-07,El Dorado,017,186661,10368,10305,750,11055,113
2021-06-07,Fresno,019,978130,103013,102659,8625,111284,1717
2021-06-07,Glenn,021,27897,2439,2423,559,2982,19
2021-06-07,Humboldt,023,135768,4372,4354,38,4392,42
2021-06-07,Imperial,025,180216,28674,28754,2693,31447,738
2021-06-07,Inyo,027,18085,1407,1404,12,1416,35
2021-06-07,Kern,029,883053,97592,96645,10902,107547,1324
2021-06-07,Kings,031,150075,23199,23023,1071,24094,244
2021-06-07,Lake,033,64148,3554,3540,9,3549,45
2021-06-07,Lassen,035,31185,5240,5198,114,5312,18
2021-06-07,Los Angeles,037,10098052,1209218,1203664,40884,1244548,24413
2021-06-07,Madera,039,155013,16685,16572,929,17501,240
2021-06-07,Marin,041,260295,14147,14108,257,14365,229
2021-06-07,Mariposa,043,17540,436,434,11,445,5
2021-06-07,Mendocino,045,87422,4080,3998,83,4081,47
2021-06-07,Merced,047,269075,31108,31212,1033,32245,459
2021-06-07,Modoc,049,8938,386,375,134,509,3
2021-06-07,Mono,051,14174,1263,1275,16,1291,3
2021-06-07,Monterey,053,433212,43222,43077,1838,44915,415
2021-06-07,Napa,055,140530,9962,9962,36,9998,80
2021-06-07,Nevada,057,99092,4882,4860,192,5052,72
2021-06-07,Orange,059,3164182,255792,254808,11307,266115,5073
2021-06-07,Placer,061,380077,23517,23176,1507,24683,293
2021-06-07,Plumas,063,18699,712,692,11,703,4
2021-06-07,Riverside,065,2383286,294675,289232,13914,303146,4451
2021-06-07,Sacramento,067,1510023,107056,106841,1764,108605,1655
2021-06-07,San Benito,069,59416,6068,6074,113,6187,63
2021-06-07,San Bernardino,071,2135413,293762,293129,8942,302071,4775
2021-06-07,San Diego,073,3302833,281727,280808,15102,295910,3764
2021-06-07,San Francisco,075,870044,36871,37122,1273,38395,552
2021-06-07,San Joaquin,077,732212,73528,73130,3526,76656,1388
2021-06-07,San Luis Obispo,079,281455,21454,21252,739,21991,255
2021-06-07,San Mateo,081,765935,42464,42479,470,42949,664
2021-06-07,Santa Barbara,083,443738,34510,34407,1119,35526,459
2021-06-07,Santa Clara,085,1922200,118956,119743,755,120498,2066
2021-06-07,Santa Cruz,087,273765,16267,16159,798,16957,208
2021-06-07,Shasta,089,179085,12452,12483,1601,14084,200
2021-06-07,Sierra,091,2930,57,55,12,67,0
2021-06-07,Siskiyou,093,43540,1955,1869,360,2229,21
2021-06-07,Solano,095,438530,33109,33124,555,33679,258
2021-06-07,Sonoma,097,501317,30415,30504,345,30849,323
2021-06-07,Stanislaus,099,539301,56655,56521,5909,62430,972
2021-06-07,Sutter,101,95872,9532,9571,85,9656,111
2021-06-07,Tehama,103,63373,5123,5092,574,5666,63
2021-06-07,Trinity,105,12862,486,329,92,421,3
2021-06-07,Tulare,107,460477,50326,49471,8934,58405,847
2021-06-07,Tuolumne,109,53932,4046,4098,42,4140,63
2021-06-07,Ventura,111,848112,81539,81137,2967,84104,1025
2021-06-07,Yolo,113,214977,14097,14097,240,14337,211
2021-06-07,Yuba,115,75493,6120,6099,126,6225,49
2021-06-06,Alameda,001,1643700,88503,88636,1931,90567,1267
2021-06-06,Alpine,003,1148,87,88,0,88,0
2021-06-06,Amador,005,37829,3701,3696,32,3728,46
2021-06-06,Butte,007,227075,12657,12527,1826,14353,194
2021-06-06,Calaveras,009,45235,2181,2181,13,2194,55
2021-06-06,Colusa,011,21464,1955,1959,314,2273,15
2021-06-06,Contra Costa,013,1133247,70102,69659,1278,70937,817
2021-06-06,Del Norte,015,27424,1428,1401,13,1414,8
2021-06-06,El Dorado,017,186661,10361,10294,750,11044,113
2021-06-06,Fresno,019,978130,102980,102642,8622,111264,1717
2021-06-06,Glenn,021,27897,2438,2423,559,2982,19
2021-06-06,Humboldt,023,135768,4361,4353,38,4391,42
2021-06-06,Imperial,025,180216,28668,28762,2693,31455,738
2021-06-06,Inyo,027,18085,1406,1404,12,1416,35
2021-06-06,Kern,029,883053,97574,96623,10895,107518,1324
2021-06-06,Kings,031,150075,23193,23021,1071,24092,244
2021-06-06,Lake,033,64148,3554,3535,9,3544,45
2021-06-06,Lassen,035,31185,5238,5191,114,5305,18
2021-06-06,Los Angeles,037,10098052,1209019,1203539,40870,1244409,24410
2021-06-06,Madera,039,155013,16678,16567,929,17496,240
2021-06-06,Marin,041,260295,14141,14106,256,14362,229
2021-06-06,Mariposa,043,17540,435,435,11,446,5
2021-06-06,Mendocino,045,87422,4076,3993,83,4076,47
2021-06-06,Merced,047,269075,31102,31215,1032,32247,459
2021-06-06,Modoc,049,8938,386,375,133,508,3
2021-06-06,Mono,051,14174,1263,1275,16,1291,3
2021-06-06,Monterey,053,433212,43217,43078,1838,44916,415
2021-06-06,Napa,055,140530,9956,9963,36,9999,80
2021-06-06,Nevada,057,99092,4875,4854,191,5045,72
2021-06-06,Orange,059,3164182,255756,254782,11302,266084,5073
2021-06-06,Placer,061,380077,23492,23156,1504,24660,293
2021-06-06,Plumas,063,18699,712,692,11,703,4
2021-06-06,Riverside,065,2383286,294636,289201,13908,303109,4451
2021-06-06,Sacramento,067,1510023,106970,106749,1763,108512,1655
2021-06-06,San Benito,069,59416,6062,6074,113,6187,63
2021-06-06,San Bernardino,071,2135413,293705,293117,8933,302050,4773
2021-06-06,San Diego,073,3302833,281647,280743,15085,295828,3764
2021-06-06,San Francisco,075,870044,36858,37118,1271,38389,552
2021-06-06,San Joaquin,077,732212,73496,73105,3522,76627,1388
2021-06-06,San Luis Obispo,079,281455,21451,21246,739,21985,255
2021-06-06,San Mateo,081,765935,42447,42457,470,42927,664
2021-06-06,Santa Barbara,083,443738,34506,34403,1118,35521,459
2021-06-06,Santa Clara,085,1922200,118934,119711,755,120466,2066
2021-06-06,Santa Cruz,087,273765,16266,16158,798,16956,208
2021-06-06,Shasta,089,179085,12437,12478,1598,14076,200
2021-06-06,Sierra,091,2930,57,55,12,67,0
2021-06-06,Siskiyou,093,43540,1952,1869,360,2229,21
2021-06-06,Solano,095,438530,33082,33093,555,33648,258
2021-06-06,Sonoma,097,501317,30384,30478,344,30822,323
2021-06-06,Stanislaus,099,539301,56619,56486,5906,62392,972
2021-06-06,Sutter,101,95872,9525,9567,85,9652,111
2021-06-06,Tehama,103,63373,5113,5092,572,5664,63
2021-06-06,Trinity,105,12862,486,328,92,420,3
2021-06-06,Tulare,107,460477,50318,49466,8929,58395,847
2021-06-06,Tuolumne,109,53932,4043,4097,42,4139,63
2021-06-06,Ventura,111,848112,81528,81130,2964,84094,1025
2021-06-06,Yolo,113,214977,14089,14089,239,14328,210
2021-06-06,Yuba,115,75493,6112,6096,126,6222,49
2021-06-05,Alameda,001,1643700,88470,88612,1931,90543,1268
2021-06-05,Alpine,003,1148,87,88,0,88,0
2021-06-05,Amador,005,37829,3701,3694,32,3726,46
2021-06-05,Butte,007,227075,12651,12514,1825,14339,194
2021-06-05,Calaveras,009,45235,2181,2181,13,2194,55
2021-06-05,Colusa,011,21464,1955,1959,314,2273,15
2021-06-05,Contra Costa,013,1133247,70073,69601,1278,70879,817
2021-06-05,Del Norte,015,27424,1428,1400,13,1413,8
2021-06-05,El Dorado,017,186661,10359,10288,749,11037,113
2021-06-05,Fresno,019,978130,102971,102626,8622,111248,1717
2021-06-05,Glenn,021,27897,2437,2423,559,2982,19
2021-06-05,Humboldt,023,135768,4356,4346,38,4384,42
2021-06-05,Imperial,025,180216,28665,28764,2693,31457,738
2021-06-05,Inyo,027,18085,1406,1405,12,1417,35
2021-06-05,Kern,029,883053,97561,96597,10891,107488,1324
2021-06-05,Kings,031,150075,23190,23017,1071,24088,244
2021-06-05,Lake,033,64148,3551,3534,9,3543,45
2021-06-05,Lassen,035,31185,5237,5191,114,5305,18
2021-06-05,Los Angeles,037,10098052,1208890,1203338,40859,1244197,24411
2021-06-05,Madera,039,155013,16674,16563,929,17492,240
2021-06-05,Marin,041,260295,14139,14101,256,14357,229
2021-06-05,Mariposa,043,17540,435,435,11,446,5
2021-06-05,Mendocino,045,87422,4073,3989,83,4072,47
2021-06-05,Merced,047,269075,31100,31212,1031,32243,459
2021-06-05,Modoc,049,8938,386,375,132,507,3
2021-06-05,Mono,051,14174,1263,1274,16,1290,3
2021-06-05,Monterey,053,433212,43213,43071,1837,44908,415
2021-06-05,Napa,055,140530,9951,9960,36,9996,80
2021-06-05,Nevada,057,99092,4873,4849,191,5040,72
2021-06-05,Orange,059,3164182,255732,254752,11299,266051,5069
2021-06-05,Placer,061,380077,23476,23133,1504,24637,293
2021-06-05,Plumas,063,18699,712,692,11,703,4
2021-06-05,Riverside,065,2383286,294601,289157,13904,303061,4451
2021-06-05,Sacramento,067,1510023,106918,106688,1761,108449,1655
2021-06-05,San Benito,069,59416,6060,6074,113,6187,63
2021-06-05,San Bernardino,071,2135413,293672,293081,8932,302013,4772
2021-06-05,San Diego,073,3302833,281606,280676,15072,295748,3764
2021-06-05,San Francisco,075,870044,36849,37111,1271,38382,552
2021-06-05,San Joaquin,077,732212,73480,73078,3516,76594,1388
2021-06-05,San Luis Obispo,079,281455,21448,21236,739,21975,255
2021-06-05,San Mateo,081,765935,42437,42433,470,42903,664
2021-06-05,Santa Barbara,083,443738,34503,34399,1117,35516,459
2021-06-05,Santa Clara,085,1922200,118912,119676,753,120429,2066
2021-06-05,Santa Cruz,087,273765,16266,16154,798,16952,208
2021-06-05,Shasta,089,179085,12427,12472,1597,14069,200
2021-06-05,Sierra,091,2930,57,55,12,67,0
2021-06-05,Siskiyou,093,43540,1952,1867,360,2227,21
2021-06-05,Solano,095,438530,33067,33074,555,33629,257
2021-06-05,Sonoma,097,501317,30357,30450,342,30792,323
2021-06-05,Stanislaus,099,539301,56611,56463,5904,62367,973
2021-06-05,Sutter,101,95872,9522,9559,85,9644,111
2021-06-05,Tehama,103,63373,5112,5092,571,5663,63
2021-06-05,Trinity,105,12862,486,328,92,420,3
2021-06-05,Tulare,107,460477,50312,49463,8929,58392,847
2021-06-05,Tuolumne,109,53932,4041,4098,42,4140,63
2021-06-05,Ventura,111,848112,81519,81119,2962,84081,1025
2021-06-05,Yolo,113,214977,14087,14088,239,14327,210
2021-06-05,Yuba,115,75493,6111,6087,126,6213,49
2021-06-04,Alameda,001,1643700,88443,88585,1928,90513,1263
2021-06-04,Alpine,003,1148,87,88,0,88,0
2021-06-04,Amador,005,37829,3701,3690,32,3722,46
2021-06-04,Butte,007,227075,12640,12494,1822,14316,193
2021-06-04,Calaveras,009,45235,2181,2179,13,2192,55
2021-06-04,Colusa,011,21464,1955,1959,314,2273,15
2021-06-04,Contra Costa,013,1133247,70038,69540,1275,70815,816
2021-06-04,Del Norte,015,27424,1428,1398,13,1411,8
2021-06-04,El Dorado,017,186661,10355,10284,747,11031,112
2021-06-04,Fresno,019,978130,102955,102601,8622,111223,1712
2021-06-04,Glenn,021,27897,2437,2423,558,2981,19
2021-06-04,Humboldt,023,135768,4351,4327,38,4365,42
2021-06-04,Imperial,025,180216,28661,28753,2693,31446,738
2021-06-04,Inyo,027,18085,1406,1404,12,1416,35
2021-06-04,Kern,029,883053,97543,96573,10889,107462,1327
2021-06-04,Kings,031,150075,23189,23002,1071,24073,244
2021-06-04,Lake,033,64148,3549,3528,9,3537,45
2021-06-04,Lassen,035,31185,5237,5180,114,5294,18
2021-06-04,Los Angeles,037,10098052,1208769,1203106,40850,1243956,24400
2021-06-04,Madera,039,155013,16672,16557,929,17486,240
2021-06-04,Marin,041,260295,14138,14099,255,14354,229
2021-06-04,Mariposa,043,17540,435,435,11,446,5
2021-06-04,Mendocino,045,87422,4064,3983,83,4066,47
2021-06-04,Merced,047,269075,31095,31204,1030,32234,459
2021-06-04,Modoc,049,8938,384,375,132,507,3
2021-06-04,Mono,051,14174,1263,1275,16,1291,3
2021-06-04,Monterey,053,433212,43209,43068,1837,44905,415
2021-06-04,Napa,055,140530,9947,9958,36,9994,80
2021-06-04,Nevada,057,99092,4869,4844,191,5035,72
2021-06-04,Orange,059,3164182,255695,254730,11295,266025,5059
2021-06-04,Placer,061,380077,23460,23110,1503,24613,293
2021-06-04,Plumas,063,18699,712,691,11,702,4
2021-06-04,Riverside,065,2383286,294575,289098,13900,302998,4452
2021-06-04,Sacramento,067,1510023,106864,106616,1760,108376,1654
2021-06-04,San Benito,069,59416,6058,6073,113,6186,63
2021-06-04,San Bernardino,071,2135413,293648,293056,8930,301986,4768
2021-06-04,San Diego,073,3302833,281563,280556,15065,295621,3763
2021-06-04,San Francisco,075,870044,36844,37079,1270,38349,551
2021-06-04,San Joaquin,077,732212,73461,73039,3514,76553,1388
2021-06-04,San Luis Obispo,079,281455,21445,21234,738,21972,255
2021-06-04,San Mateo,081,765935,42425,42413,470,42883,478
2021-06-04,Santa Barbara,083,443738,34497,34402,1116,35518,459
2021-06-04,Santa Clara,085,1922200,118882,119619,753,120372,2065
2021-06-04,Santa Cruz,087,273765,16263,16150,798,16948,207
2021-06-04,Shasta,089,179085,12421,12458,1592,14050,200
2021-06-04,Sierra,091,2930,57,55,12,67,0
2021-06-04,Siskiyou,093,43540,1951,1865,360,2225,21
2021-06-04,Solano,095,438530,33056,33058,555,33613,256
2021-06-04,Sonoma,097,501317,30336,30411,342,30753,323
2021-06-04,Stanislaus,099,539301,56596,56442,5902,62344,973
2021-06-04,Sutter,101,95872,9517,9554,85,9639,111
2021-06-04,Tehama,103,63373,5107,5090,571,5661,63
2021-06-04,Trinity,105,12862,486,328,92,420,3
2021-06-04,Tulare,107,460477,50303,49452,8927,58379,847
2021-06-04,Tuolumne,109,53932,4040,4095,42,4137,63
2021-06-04,Ventura,111,848112,81512,81104,2960,84064,1023
2021-06-04,Yolo,113,214977,14085,14083,239,14322,210
2021-06-04,Yuba,115,75493,6108,6084,126,6210,49
2021-06-03,Alameda,001,1643700,88405,88555,1925,90480,1257
2021-06-03,Alpine,003,1148,87,88,0,88,0
2021-06-03,Amador,005,37829,3693,3688,32,3720,46
2021-06-03,Butte,007,227075,12636,12478,1821,14299,193
2021-06-03,Calaveras,009,45235,2181,2179,13,2192,55
2021-06-03,Colusa,011,21464,1955,1957,314,2271,15
2021-06-03,Contra Costa,013,1133247,69984,69500,1270,70770,816
2021-06-03,Del Norte,015,27424,1426,1397,13,1410,8
2021-06-03,El Dorado,017,186661,10349,10284,744,11028,112
2021-06-03,Fresno,019,978130,102938,102566,8622,111188,1709
2021-06-03,Glenn,021,27897,2437,2421,558,2979,19
2021-06-03,Humboldt,023,135768,4343,4314,38,4352,42
2021-06-03,Imperial,025,180216,28650,28737,2693,31430,738
2021-06-03,Inyo,027,18085,1406,1404,12,1416,35
2021-06-03,Kern,029,883053,97516,96507,10875,107382,1326
2021-06-03,Kings,031,150075,23185,22982,1071,24053,244
2021-06-03,Lake,033,64148,3547,3526,9,3535,45
2021-06-03,Lassen,035,31185,5228,5177,114,5291,12
2021-06-03,Los Angeles,037,10098052,1208598,1202923,40842,1243765,24386
2021-06-03,Madera,039,155013,16665,16554,929,17483,240
2021-06-03,Marin,041,260295,14133,14095,255,14350,230
2021-06-03,Mariposa,043,17540,435,435,11,446,5
2021-06-03,Mendocino,045,87422,4057,3978,83,4061,47
2021-06-03,Merced,047,269075,31092,31199,1030,32229,459
2021-06-03,Modoc,049,8938,383,376,131,507,3
2021-06-03,Mono,051,14174,1263,1275,16,1291,3
2021-06-03,Monterey,053,433212,43206,43063,1837,44900,415
2021-06-03,Napa,055,140530,9940,9957,36,9993,81
2021-06-03,Nevada,057,99092,4865,4837,191,5028,72
2021-06-03,Orange,059,3164182,255667,254676,11285,265961,5056
2021-06-03,Placer,061,380077,23451,23100,1502,24602,293
2021-06-03,Plumas,063,18699,712,691,11,702,4
2021-06-03,Riverside,065,2383286,294520,289035,13896,302931,4447
2021-06-03,Sacramento,067,1510023,106785,106526,1758,108284,1654
2021-06-03,San Benito,069,59416,6058,6073,113,6186,63
2021-06-03,San Bernardino,071,2135413,293617,293021,8930,301951,4762
2021-06-03,San Diego,073,3302833,281499,280430,15055,295485,3761
2021-06-03,San Francisco,075,870044,36838,37072,1270,38342,551
2021-06-03,San Joaquin,077,732212,73433,72989,3510,76499,1388
2021-06-03,San Luis Obispo,079,281455,21440,21224,738,21962,255
2021-06-03,San Mateo,081,765935,42412,42396,470,42866,467
2021-06-03,Santa Barbara,083,443738,34494,34391,1116,35507,459
2021-06-03,Santa Clara,085,1922200,118860,119592,751,120343,2058
2021-06-03,Santa Cruz,087,273765,16261,16144,798,16942,207
2021-06-03,Shasta,089,179085,12406,12441,1589,14030,199
2021-06-03,Sierra,091,2930,57,55,12,67,0
2021-06-03,Siskiyou,093,43540,1951,1862,359,2221,21
2021-06-03,Solano,095,438530,33042,33019,555,33574,256
2021-06-03,Sonoma,097,501317,30314,30383,341,30724,322
2021-06-03,Stanislaus,099,539301,56577,56401,5896,62297,973
2021-06-03,Sutter,101,95872,9508,9539,85,9624,111
2021-06-03,Tehama,103,63373,5107,5087,571,5658,63
2021-06-03,Trinity,105,12862,486,328,92,420,3
2021-06-03,Tulare,107,460477,50300,49442,8923,58365,848
2021-06-03,Tuolumne,109,53932,4038,4095,42,4137,63
2021-06-03,Ventura,111,848112,81500,81078,2958,84036,1023
2021-06-03,Yolo,113,214977,14081,14078,237,14315,210
2021-06-03,Yuba,115,75493,6101,6077,126,6203,49
2021-06-02,Alameda,001,1643700,88360,88525,1923,90448,1254
2021-06-02,Alpine,003,1148,87,88,0,88,0
2021-06-02,Amador,005,37829,3691,3687,32,3719,46
2021-06-02,Butte,007,227075,12616,12432,1818,14250,193
2021-06-02,Calaveras,009,45235,2178,2174,13,2187,55
2021-06-02,Colusa,011,21464,1954,1957,314,2271,15
2021-06-02,Contra Costa,013,1133247,69933,69455,1268,70723,814
2021-06-02,Del Norte,015,27424,1424,1395,13,1408,8
2021-06-02,El Dorado,017,186661,10345,10275,744,11019,110
2021-06-02,Fresno,019,978130,102914,102547,8619,111166,1707
2021-06-02,Glenn,021,27897,2437,2421,558,2979,19
2021-06-02,Humboldt,023,135768,4328,4302,38,4340,42
2021-06-02,Imperial,025,180216,28644,28737,2692,31429,738
2021-06-02,Inyo,027,18085,1405,1403,12,1415,35
2021-06-02,Kern,029,883053,97489,96481,10868,107349,1326
2021-06-02,Kings,031,150075,23183,22981,1070,24051,244
2021-06-02,Lake,033,64148,3542,3522,9,3531,45
2021-06-02,Lassen,035,31185,5227,5177,114,5291,6
2021-06-02,Los Angeles,037,10098052,1208394,1202760,40833,1243593,24375
2021-06-02,Madera,039,155013,16657,16550,929,17479,240
2021-06-02,Marin,041,260295,14131,14091,254,14345,229
2021-06-02,Mariposa,043,17540,435,434,11,445,5
2021-06-02,Mendocino,045,87422,4051,3970,83,4053,47
2021-06-02,Merced,047,269075,31079,31195,1029,32224,458
2021-06-02,Modoc,049,8938,382,375,130,505,3
2021-06-02,Mono,051,14174,1263,1275,16,1291,3
2021-06-02,Monterey,053,433212,43204,43056,1837,44893,380
2021-06-02,Napa,055,140530,9939,9953,36,9989,82
2021-06-02,Nevada,057,99092,4862,4833,191,5024,72
2021-06-02,Orange,059,3164182,255618,254637,11278,265915,5055
2021-06-02,Placer,061,380077,23430,23058,1500,24558,293
2021-06-02,Plumas,063,18699,712,690,11,701,4
2021-06-02,Riverside,065,2383286,294462,289012,13886,302898,4445
2021-06-02,Sacramento,067,1510023,106720,106435,1752,108187,1649
2021-06-02,San Benito,069,59416,6057,6073,113,6186,63
2021-06-02,San Bernardino,071,2135413,293569,293004,8925,301929,4760
2021-06-02,San Diego,073,3302833,281419,280347,15034,295381,3760
2021-06-02,San Francisco,075,870044,36818,37050,1269,38319,550
2021-06-02,San Joaquin,077,732212,73402,72893,3507,76400,1387
2021-06-02,San Luis Obispo,079,281455,21433,21214,737,21951,255
2021-06-02,San Mateo,081,765935,42402,42383,469,42852,464
2021-06-02,Santa Barbara,083,443738,34487,34381,1116,35497,456
2021-06-02,Santa Clara,085,1922200,118832,119553,750,120303,2058
2021-06-02,Santa Cruz,087,273765,16258,16144,798,16942,207
2021-06-02,Shasta,089,179085,12388,12426,1584,14010,199
2021-06-02,Sierra,091,2930,57,55,12,67,0
2021-06-02,Siskiyou,093,43540,1951,1861,357,2218,21
2021-06-02,Solano,095,438530,33030,33007,554,33561,256
2021-06-02,Sonoma,097,501317,30295,30359,336,30695,322
2021-06-02,Stanislaus,099,539301,56558,56377,5891,62268,973
2021-06-02,Sutter,101,95872,9505,9533,85,9618,111
2021-06-02,Tehama,103,63373,5104,5081,571,5652,63
2021-06-02,Trinity,105,12862,484,328,92,420,3
2021-06-02,Tulare,107,460477,50292,49434,8919,58353,846
2021-06-02,Tuolumne,109,53932,4037,4095,42,4137,63
2021-06-02,Ventura,111,848112,81475,81033,2958,83991,1020
2021-06-02,Yolo,113,214977,14078,14074,236,14310,210
2021-06-02,Yuba,115,75493,6095,6072,126,6198,48
2021-06-01,Alameda,001,1643700,88325,88472,1921,90393,1253
2021-06-01,Alpine,003,1148,87,88,0,88,0
2021-06-01,Amador,005,37829,3689,3687,32,3719,46
2021-06-01,Butte,007,227075,12602,12427,1817,14244,193
2021-06-01,Calaveras,009,45235,2176,2173,13,2186,55
2021-06-01,Colusa,011,21464,1953,1955,313,2268,15
2021-06-01,Contra Costa,013,1133247,69875,69404,1268,70672,813
2021-06-01,Del Norte,015,27424,1423,1394,13,1407,8
2021-06-01,El Dorado,017,186661,10339,10271,744,11015,110
2021-06-01,Fresno,019,978130,102890,102534,8616,111150,1706
2021-06-01,Glenn,021,27897,2437,2422,558,2980,18
2021-06-01,Humboldt,023,135768,4318,4299,38,4337,42
2021-06-01,Imperial,025,180216,28640,28722,2690,31412,736
2021-06-01,Inyo,027,18085,1405,1403,12,1415,35
2021-06-01,Kern,029,883053,97462,96477,10860,107337,1319
2021-06-01,Kings,031,150075,23179,22977,1070,24047,244
2021-06-01,Lake,033,64148,3541,3523,9,3532,45
2021-06-01,Lassen,035,31185,5220,5172,114,5286,6
2021-06-01,Los Angeles,037,10098052,1208157,1202673,40819,1243492,24367
2021-06-01,Madera,039,155013,16648,16549,928,17477,240
2021-06-01,Marin,041,260295,14129,14081,254,14335,229
2021-06-01,Mariposa,043,17540,435,431,11,442,5
2021-06-01,Mendocino,045,87422,4044,3966,83,4049,47
2021-06-01,Merced,047,269075,31069,31195,1029,32224,456
2021-06-01,Modoc,049,8938,380,375,130,505,3
2021-06-01,Mono,051,14174,1263,1275,16,1291,3
2021-06-01,Monterey,053,433212,43198,43051,1837,44888,379
2021-06-01,Napa,055,140530,9937,9949,36,9985,82
2021-06-01,Nevada,057,99092,4857,4825,191,5016,72
2021-06-01,Orange,059,3164182,255582,254603,11270,265873,5051
2021-06-01,Placer,061,380077,23400,23021,1498,24519,293
2021-06-01,Plumas,063,18699,711,690,11,701,4
2021-06-01,Riverside,065,2383286,294409,288996,13880,302876,4442
2021-06-01,Sacramento,067,1510023,106648,106330,1750,108080,1644
2021-06-01,San Benito,069,59416,6056,6073,112,6185,63
2021-06-01,San Bernardino,071,2135413,293544,292990,8924,301914,4758
2021-06-01,San Diego,073,3302833,281315,280305,15017,295322,3756
2021-06-01,San Francisco,075,870044,36802,37031,1269,38300,550
2021-06-01,San Joaquin,077,732212,73370,72858,3506,76364,1383
2021-06-01,San Luis Obispo,079,281455,21428,21217,737,21954,256
2021-06-01,San Mateo,081,765935,42386,42383,468,42851,462
2021-06-01,Santa Barbara,083,443738,34483,34374,1116,35490,456
2021-06-01,Santa Clara,085,1922200,118804,119528,750,120278,2057
2021-06-01,Santa Cruz,087,273765,16254,16143,797,16940,207
2021-06-01,Shasta,089,179085,12379,12409,1579,13988,199
2021-06-01,Sierra,091,2930,57,55,12,67,0
2021-06-01,Siskiyou,093,43540,1944,1860,356,2216,21
2021-06-01,Solano,095,438530,33005,32974,553,33527,256
2021-06-01,Sonoma,097,501317,30256,30324,335,30659,322
2021-06-01,Stanislaus,099,539301,56541,56348,5889,62237,973
2021-06-01,Sutter,101,95872,9498,9528,85,9613,111
2021-06-01,Tehama,103,63373,5102,5079,571,5650,63
2021-06-01,Trinity,105,12862,483,328,91,419,3
2021-06-01,Tulare,107,460477,50284,49419,8915,58334,845
2021-06-01,Tuolumne,109,53932,4037,4094,42,4136,63
2021-06-01,Ventura,111,848112,81459,81018,2957,83975,1021
2021-06-01,Yolo,113,214977,14072,14067,236,14303,210
2021-06-01,Yuba,115,75493,6091,6067,126,6193,48
2021-05-31,Alameda,001,1643700,88289,88458,1917,90375,1253
2021-05-31,Alpine,003,1148,87,88,0,88,0
2021-05-31,Amador,005,37829,3683,3687,32,3719,46
2021-05-31,Butte,007,227075,12589,12429,1817,14246,193
2021-05-31,Calaveras,009,45235,2175,2171,13,2184,55
2021-05-31,Colusa,011,21464,1953,1956,312,2268,15
2021-05-31,Contra Costa,013,1133247,69838,69390,1267,70657,813
2021-05-31,Del Norte,015,27424,1420,1394,13,1407,8
2021-05-31,El Dorado,017,186661,10333,10271,742,11013,110
2021-05-31,Fresno,019,978130,102853,102507,8616,111123,1706
2021-05-31,Glenn,021,27897,2436,2422,557,2979,18
2021-05-31,Humboldt,023,135768,4306,4295,38,4333,42
2021-05-31,Imperial,025,180216,28634,28732,2687,31419,736
2021-05-31,Inyo,027,18085,1404,1403,12,1415,35
2021-05-31,Kern,029,883053,97426,96457,10851,107308,1319
2021-05-31,Kings,031,150075,23175,22977,1070,24047,244
2021-05-31,Lake,033,64148,3536,3523,9,3532,45
2021-05-31,Lassen,035,31185,5218,5172,113,5285,6
2021-05-31,Los Angeles,037,10098052,1207914,1202567,40810,1243377,24364
2021-05-31,Madera,039,155013,16647,16543,927,17470,240
2021-05-31,Marin,041,260295,14127,14080,254,14334,229
2021-05-31,Mariposa,043,17540,435,430,11,441,5
2021-05-31,Mendocino,045,87422,4034,3961,83,4044,47
2021-05-31,Merced,047,269075,31064,31194,1029,32223,456
2021-05-31,Modoc,049,8938,379,374,130,504,3
2021-05-31,Mono,051,14174,1263,1275,16,1291,3
2021-05-31,Monterey,053,433212,43194,43051,1837,44888,379
2021-05-31,Napa,055,140530,9930,9948,36,9984,82
2021-05-31,Nevada,057,99092,4847,4823,190,5013,72
2021-05-31,Orange,059,3164182,255554,254572,11262,265834,5051
2021-05-31,Placer,061,380077,23373,23019,1494,24513,293
2021-05-31,Plumas,063,18699,710,690,11,701,4
2021-05-31,Riverside,065,2383286,294352,288970,13868,302838,4442
2021-05-31,Sacramento,067,1510023,106551,106278,1745,108023,1644
2021-05-31,San Benito,069,59416,6056,6072,112,6184,63
2021-05-31,San Bernardino,071,2135413,293496,292973,8923,301896,4758
2021-05-31,San Diego,073,3302833,281211,280254,15005,295259,3756
2021-05-31,San Francisco,075,870044,36787,37022,1268,38290,550
2021-05-31,San Joaquin,077,732212,73321,72856,3500,76356,1383
2021-05-31,San Luis Obispo,079,281455,21420,21215,737,21952,256
2021-05-31,San Mateo,081,765935,42370,42389,468,42857,442
2021-05-31,Santa Barbara,083,443738,34470,34369,1114,35483,456
2021-05-31,Santa Clara,085,1922200,118760,119515,750,120265,2057
2021-05-31,Santa Cruz,087,273765,16251,16139,797,16936,207
2021-05-31,Shasta,089,179085,12363,12408,1576,13984,199
2021-05-31,Sierra,091,2930,57,55,12,67,0
2021-05-31,Siskiyou,093,43540,1943,1856,355,2211,21
2021-05-31,Solano,095,438530,32955,32973,553,33526,256
2021-05-31,Sonoma,097,501317,30213,30314,335,30649,322
2021-05-31,Stanislaus,099,539301,56500,56335,5886,62221,973
2021-05-31,Sutter,101,95872,9479,9523,85,9608,111
2021-05-31,Tehama,103,63373,5099,5076,570,5646,63
2021-05-31,Trinity,105,12862,483,328,91,419,3
2021-05-31,Tulare,107,460477,50273,49404,8910,58314,845
2021-05-31,Tuolumne,109,53932,4035,4095,42,4137,63
2021-05-31,Ventura,111,848112,81444,81017,2954,83971,1021
2021-05-31,Yolo,113,214977,14068,14064,236,14300,210
2021-05-31,Yuba,115,75493,6085,6063,123,6186,48
2021-05-30,Alameda,001,1643700,88266,88429,1917,90346,1253
2021-05-30,Alpine,003,1148,87,88,0,88,0
2021-05-30,Amador,005,37829,3679,3685,32,3717,46
2021-05-30,Butte,007,227075,12579,12427,1815,14242,190
2021-05-30,Calaveras,009,45235,2171,2166,13,2179,55
2021-05-30,Colusa,011,21464,1953,1954,312,2266,15
2021-05-30,Contra Costa,013,1133247,69804,69381,1265,70646,813
2021-05-30,Del Norte,015,27424,1419,1393,13,1406,8
2021-05-30,El Dorado,017,186661,10330,10271,742,11013,110
2021-05-30,Fresno,019,978130,102836,102499,8612,111111,1706
2021-05-30,Glenn,021,27897,2436,2422,556,2978,18
2021-05-30,Humboldt,023,135768,4298,4291,38,4329,42
2021-05-30,Imperial,025,180216,28630,28732,2686,31418,736
2021-05-30,Inyo,027,18085,1404,1403,12,1415,35
2021-05-30,Kern,029,883053,97410,96443,10848,107291,1319
2021-05-30,Kings,031,150075,23174,22974,1070,24044,244
2021-05-30,Lake,033,64148,3536,3517,9,3526,45
2021-05-30,Lassen,035,31185,5216,5171,113,5284,6
2021-05-30,Los Angeles,037,10098052,1207799,1202425,40803,1243228,24360
2021-05-30,Madera,039,155013,16643,16538,927,17465,240
2021-05-30,Marin,041,260295,14123,14083,253,14336,229
2021-05-30,Mariposa,043,17540,435,430,11,441,5
2021-05-30,Mendocino,045,87422,4027,3955,83,4038,47
2021-05-30,Merced,047,269075,31060,31189,1028,32217,456
2021-05-30,Modoc,049,8938,379,374,130,504,3
2021-05-30,Mono,051,14174,1263,1275,16,1291,3
2021-05-30,Monterey,053,433212,43191,43049,1837,44886,379
2021-05-30,Napa,055,140530,9929,9948,36,9984,82
2021-05-30,Nevada,057,99092,4841,4818,190,5008,72
2021-05-30,Orange,059,3164182,255531,254559,11261,265820,5051
2021-05-30,Placer,061,380077,23367,23016,1494,24510,293
2021-05-30,Plumas,063,18699,708,690,11,701,4
2021-05-30,Riverside,065,2383286,294331,288961,13866,302827,4442
2021-05-30,Sacramento,067,1510023,106505,106252,1743,107995,1644
2021-05-30,San Benito,069,59416,6056,6072,112,6184,63
2021-05-30,San Bernardino,071,2135413,293470,292981,8922,301903,4758
2021-05-30,San Diego,073,3302833,281155,280209,15000,295209,3756
2021-05-30,San Francisco,075,870044,36768,37016,1268,38284,550
2021-05-30,San Joaquin,077,732212,73304,72853,3499,76352,1383
2021-05-30,San Luis Obispo,079,281455,21411,21211,736,21947,256
2021-05-30,San Mateo,081,765935,42362,42386,468,42854,439
2021-05-30,Santa Barbara,083,443738,34466,34369,1114,35483,456
2021-05-30,Santa Clara,085,1922200,118738,119510,746,120256,2057
2021-05-30,Santa Cruz,087,273765,16249,16140,797,16937,207
2021-05-30,Shasta,089,179085,12361,12408,1573,13981,199
2021-05-30,Sierra,091,2930,57,55,12,67,0
2021-05-30,Siskiyou,093,43540,1943,1856,355,2211,21
2021-05-30,Solano,095,438530,32944,32952,552,33504,256
2021-05-30,Sonoma,097,501317,30196,30310,334,30644,322
2021-05-30,Stanislaus,099,539301,56489,56323,5885,62208,973
2021-05-30,Sutter,101,95872,9478,9519,84,9603,111
2021-05-30,Tehama,103,63373,5099,5073,570,5643,63
2021-05-30,Trinity,105,12862,483,328,91,419,3
2021-05-30,Tulare,107,460477,50266,49397,8902,58299,845
2021-05-30,Tuolumne,109,53932,4035,4094,42,4136,63
2021-05-30,Ventura,111,848112,81440,81012,2953,83965,1021
2021-05-30,Yolo,113,214977,14063,14059,235,14294,210
2021-05-30,Yuba,115,75493,6078,6063,122,6185,48
2021-05-29,Alameda,001,1643700,88243,88433,1915,90348,1253
2021-05-29,Alpine,003,1148,87,88,0,88,0
2021-05-29,Amador,005,37829,3678,3683,32,3715,46
2021-05-29,Butte,007,227075,12573,12425,1815,14240,190
2021-05-29,Calaveras,009,45235,2170,2166,13,2179,55
2021-05-29,Colusa,011,21464,1950,1954,312,2266,15
2021-05-29,Contra Costa,013,1133247,69771,69351,1265,70616,813
2021-05-29,Del Norte,015,27424,1419,1391,13,1404,8
2021-05-29,El Dorado,017,186661,10329,10269,740,11009,110
2021-05-29,Fresno,019,978130,102824,102470,8609,111079,1706
2021-05-29,Glenn,021,27897,2436,2422,555,2977,18
2021-05-29,Humboldt,023,135768,4292,4283,38,4321,42
2021-05-29,Imperial,025,180216,28627,28729,2685,31414,736
2021-05-29,Inyo,027,18085,1404,1404,12,1416,35
2021-05-29,Kern,029,883053,97399,96424,10835,107259,1319
2021-05-29,Kings,031,150075,23173,22970,1069,24039,244
2021-05-29,Lake,033,64148,3536,3515,9,3524,45
2021-05-29,Lassen,035,31185,5216,5171,113,5284,6
2021-05-29,Los Angeles,037,10098052,1207676,1202264,40800,1243064,24359
2021-05-29,Madera,039,155013,16641,16535,927,17462,240
2021-05-29,Marin,041,260295,14119,14071,252,14323,229
2021-05-29,Mariposa,043,17540,434,428,11,439,5
2021-05-29,Mendocino,045,87422,4021,3952,83,4035,47
2021-05-29,Merced,047,269075,31048,31187,1028,32215,456
2021-05-29,Modoc,049,8938,379,374,130,504,3
2021-05-29,Mono,051,14174,1263,1275,16,1291,3
2021-05-29,Monterey,053,433212,43189,43042,1837,44879,379
2021-05-29,Napa,055,140530,9926,9948,36,9984,82
2021-05-29,Nevada,057,99092,4840,4816,190,5006,72
2021-05-29,Orange,059,3164182,255509,254537,11251,265788,5049
2021-05-29,Placer,061,380077,23352,23009,1493,24502,293
2021-05-29,Plumas,063,18699,708,689,11,700,4
2021-05-29,Riverside,065,2383286,294311,288908,13865,302773,4442
2021-05-29,Sacramento,067,1510023,106475,106218,1742,107960,1643
2021-05-29,San Benito,069,59416,6055,6072,112,6184,63
2021-05-29,San Bernardino,071,2135413,293437,292961,8921,301882,4757
2021-05-29,San Diego,073,3302833,281096,280151,14995,295146,3756
2021-05-29,San Francisco,075,870044,36759,37008,1268,38276,550
2021-05-29,San Joaquin,077,732212,73288,72827,3497,76324,1383
2021-05-29,San Luis Obispo,079,281455,21409,21201,736,21937,256
2021-05-29,San Mateo,081,765935,42354,42375,467,42842,439
2021-05-29,Santa Barbara,083,443738,34462,34367,1114,35481,456
2021-05-29,Santa Clara,085,1922200,118714,119498,745,120243,2056
2021-05-29,Santa Cruz,087,273765,16248,16137,797,16934,207
2021-05-29,Shasta,089,179085,12353,12401,1572,13973,199
2021-05-29,Sierra,091,2930,57,55,12,67,0
2021-05-29,Siskiyou,093,43540,1938,1856,355,2211,21
2021-05-29,Solano,095,438530,32935,32917,552,33469,256
2021-05-29,Sonoma,097,501317,30173,30298,333,30631,322
2021-05-29,Stanislaus,099,539301,56471,56305,5883,62188,974
2021-05-29,Sutter,101,95872,9474,9516,84,9600,111
2021-05-29,Tehama,103,63373,5098,5070,570,5640,63
2021-05-29,Trinity,105,12862,483,328,91,419,3
2021-05-29,Tulare,107,460477,50256,49392,8898,58290,845
2021-05-29,Tuolumne,109,53932,4035,4093,42,4135,63
2021-05-29,Ventura,111,848112,81432,81008,2953,83961,1021
2021-05-29,Yolo,113,214977,14062,14055,235,14290,210
2021-05-29,Yuba,115,75493,6078,6059,122,6181,48
2021-05-28,Alameda,001,1643700,88219,88391,1911,90302,1261
2021-05-28,Alpine,003,1148,87,88,0,88,0
2021-05-28,Amador,005,37829,3678,3680,32,3712,46
2021-05-28,Butte,007,227075,12570,12407,1814,14221,190
2021-05-28,Calaveras,009,45235,2169,2165,13,2178,55
2021-05-28,Colusa,011,21464,1950,1954,310,2264,15
2021-05-28,Contra Costa,013,1133247,69735,69290,1264,70554,813
2021-05-28,Del Norte,015,27424,1418,1390,13,1403,8
2021-05-28,El Dorado,017,186661,10326,10265,740,11005,110
2021-05-28,Fresno,019,978130,102809,102437,8609,111046,1705
2021-05-28,Glenn,021,27897,2436,2419,555,2974,18
2021-05-28,Humboldt,023,135768,4285,4265,38,4303,42
2021-05-28,Imperial,025,180216,28624,28722,2685,31407,736
2021-05-28,Inyo,027,18085,1404,1404,12,1416,35
2021-05-28,Kern,029,883053,97382,96396,10827,107223,1320
2021-05-28,Kings,031,150075,23171,22962,1069,24031,244
2021-05-28,Lake,033,64148,3534,3515,9,3524,45
2021-05-28,Lassen,035,31185,5216,5169,113,5282,6
2021-05-28,Los Angeles,037,10098052,1207565,1202103,40790,1242893,24357
2021-05-28,Madera,039,155013,16639,16530,927,17457,240
2021-05-28,Marin,041,260295,14118,14063,251,14314,229
2021-05-28,Mariposa,043,17540,434,428,11,439,5
2021-05-28,Mendocino,045,87422,4016,3947,83,4030,47
2021-05-28,Merced,047,269075,31045,31176,1028,32204,455
2021-05-28,Modoc,049,8938,379,374,130,504,3
2021-05-28,Mono,051,14174,1263,1274,16,1290,3
2021-05-28,Monterey,053,433212,43188,43036,1837,44873,379
2021-05-28,Napa,055,140530,9926,9941,36,9977,82
2021-05-28,Nevada,057,99092,4838,4813,190,5003,71
2021-05-28,Orange,059,3164182,255489,254494,11249,265743,5047
2021-05-28,Placer,061,380077,23342,22987,1491,24478,293
2021-05-28,Plumas,063,18699,706,688,11,699,4
2021-05-28,Riverside,065,2383286,294289,288872,13863,302735,4442
2021-05-28,Sacramento,067,1510023,106419,106131,1740,107871,1642
2021-05-28,San Benito,069,59416,6055,6074,112,6186,63
2021-05-28,San Bernardino,071,2135413,293414,292905,8921,301826,4757
2021-05-28,San Diego,073,3302833,281033,280043,14984,295027,3756
2021-05-28,San Francisco,075,870044,36753,36987,1268,38255,546
2021-05-28,San Joaquin,077,732212,73258,72793,3495,76288,1383
2021-05-28,San Luis Obispo,079,281455,21404,21190,734,21924,256
2021-05-28,San Mateo,081,765935,42348,42364,467,42831,439
2021-05-28,Santa Barbara,083,443738,34461,34371,1114,35485,455
2021-05-28,Santa Clara,085,1922200,118690,119462,745,120207,2056
2021-05-28,Santa Cruz,087,273765,16247,16129,797,16926,207
2021-05-28,Shasta,089,179085,12344,12383,1570,13953,198
2021-05-28,Sierra,091,2930,57,54,12,66,0
2021-05-28,Siskiyou,093,43540,1936,1850,355,2205,19
2021-05-28,Solano,095,438530,32920,32892,552,33444,256
2021-05-28,Sonoma,097,501317,30154,30270,333,30603,321
2021-05-28,Stanislaus,099,539301,56452,56278,5880,62158,974
2021-05-28,Sutter,101,95872,9470,9511,84,9595,111
2021-05-28,Tehama,103,63373,5092,5064,570,5634,63
2021-05-28,Trinity,105,12862,483,328,91,419,3
2021-05-28,Tulare,107,460477,50251,49375,8889,58264,846
2021-05-28,Tuolumne,109,53932,4035,4090,42,4132,63
2021-05-28,Ventura,111,848112,81421,80985,2952,83937,1021
2021-05-28,Yolo,113,214977,14059,14050,234,14284,210
2021-05-28,Yuba,115,75493,6076,6050,121,6171,48
2021-05-27,Alameda,001,1643700,88184,88342,1911,90253,1274
2021-05-27,Alpine,003,1148,87,88,0,88,0
2021-05-27,Amador,005,37829,3675,3680,32,3712,46
2021-05-27,Butte,007,227075,12565,12401,1813,14214,190
2021-05-27,Calaveras,009,45235,2168,2163,13,2176,55
2021-05-27,Colusa,011,21464,1947,1952,310,2262,15
2021-05-27,Contra Costa,013,1133247,69693,69245,1262,70507,813
2021-05-27,Del Norte,015,27424,1418,1388,13,1401,8
2021-05-27,El Dorado,017,186661,10325,10248,740,10988,112
2021-05-27,Fresno,019,978130,102793,102413,8606,111019,1704
2021-05-27,Glenn,021,27897,2436,2415,555,2970,18
2021-05-27,Humboldt,023,135768,4277,4260,38,4298,42
2021-05-27,Imperial,025,180216,28613,28728,2685,31413,736
2021-05-27,Inyo,027,18085,1404,1404,12,1416,35
2021-05-27,Kern,029,883053,97366,96364,10819,107183,1322
2021-05-27,Kings,031,150075,23168,22953,1069,24022,245
2021-05-27,Lake,033,64148,3529,3509,9,3518,45
2021-05-27,Lassen,035,31185,5215,5170,112,5282,6
2021-05-27,Los Angeles,037,10098052,1207395,1201927,40777,1242704,24348
2021-05-27,Madera,039,155013,16630,16527,927,17454,240
2021-05-27,Marin,041,260295,14114,14061,251,14312,229
2021-05-27,Mariposa,043,17540,432,427,11,438,5
2021-05-27,Mendocino,045,87422,4010,3945,83,4028,47
2021-05-27,Merced,047,269075,31033,31161,1028,32189,455
2021-05-27,Modoc,049,8938,378,374,130,504,3
2021-05-27,Mono,051,14174,1263,1276,16,1292,3
2021-05-27,Monterey,053,433212,43182,43032,1837,44869,379
2021-05-27,Napa,055,140530,9925,9934,36,9970,82
2021-05-27,Nevada,057,99092,4834,4807,188,4995,71
2021-05-27,Orange,059,3164182,255452,254438,11245,265683,5059
2021-05-27,Placer,061,380077,23333,22966,1491,24457,293
2021-05-27,Plumas,063,18699,706,687,11,698,4
2021-05-27,Riverside,065,2383286,294253,288835,13858,302693,4443
2021-05-27,Sacramento,067,1510023,106344,106015,1738,107753,1642
2021-05-27,San Benito,069,59416,6054,6074,112,6186,63
2021-05-27,San Bernardino,071,2135413,293378,292755,8919,301674,4756
2021-05-27,San Diego,073,3302833,280959,279960,14970,294930,3756
2021-05-27,San Francisco,075,870044,36747,36980,1265,38245,546
2021-05-27,San Joaquin,077,732212,73226,72714,3492,76206,1388
2021-05-27,San Luis Obispo,079,281455,21399,21171,734,21905,256
2021-05-27,San Mateo,081,765935,42339,42345,467,42812,436
2021-05-27,Santa Barbara,083,443738,34456,34355,1114,35469,456
2021-05-27,Santa Clara,085,1922200,118669,119452,745,120197,2053
2021-05-27,Santa Cruz,087,273765,16245,16134,797,16931,207
2021-05-27,Shasta,089,179085,12334,12380,1570,13950,202
2021-05-27,Sierra,091,2930,57,54,12,66,0
2021-05-27,Siskiyou,093,43540,1933,1846,355,2201,18
2021-05-27,Solano,095,438530,32879,32855,551,33406,257
2021-05-27,Sonoma,097,501317,30127,30253,329,30582,321
2021-05-27,Stanislaus,099,539301,56427,56207,5879,62086,974
2021-05-27,Sutter,101,95872,9466,9501,84,9585,111
2021-05-27,Tehama,103,63373,5089,5064,569,5633,63
2021-05-27,Trinity,105,12862,483,328,91,419,3
2021-05-27,Tulare,107,460477,50237,49366,8880,58246,840
2021-05-27,Tuolumne,109,53932,4034,4090,42,4132,66
2021-05-27,Ventura,111,848112,81408,80965,2949,83914,1023
2021-05-27,Yolo,113,214977,14056,14036,234,14270,213
2021-05-27,Yuba,115,75493,6071,6040,120,6160,48
2021-05-26,Alameda,001,1643700,88155,88297,1911,90208,1266
2021-05-26,Alpine,003,1148,87,88,0,88,0
2021-05-26,Amador,005,37829,3675,3679,32,3711,46
2021-05-26,Butte,007,227075,12556,12332,1812,14144,190
2021-05-26,Calaveras,009,45235,2167,2154,13,2167,55
2021-05-26,Colusa,011,21464,1946,1952,310,2262,15
2021-05-26,Contra Costa,013,1133247,69656,69210,1262,70472,812
2021-05-26,Del Norte,015,27424,1418,1386,12,1398,8
2021-05-26,El Dorado,017,186661,10321,10242,739,10981,112
2021-05-26,Fresno,019,978130,102760,102374,8601,110975,1702
2021-05-26,Glenn,021,27897,2435,2415,555,2970,18
2021-05-26,Humboldt,023,135768,4272,4246,38,4284,42
2021-05-26,Imperial,025,180216,28608,28712,2683,31395,734
2021-05-26,Inyo,027,18085,1404,1403,12,1415,36
2021-05-26,Kern,029,883053,97341,96343,10812,107155,1320
2021-05-26,Kings,031,150075,23164,22950,1068,24018,245
2021-05-26,Lake,033,64148,3528,3508,9,3517,45
2021-05-26,Lassen,035,31185,5214,5164,112,5276,6
2021-05-26,Los Angeles,037,10098052,1207227,1198100,40761,1238861,24221
2021-05-26,Madera,039,155013,16627,16520,927,17447,240
2021-05-26,Marin,041,260295,14111,14061,250,14311,227
2021-05-26,Mariposa,043,17540,432,427,11,438,5
2021-05-26,Mendocino,045,87422,4004,3938,83,4021,47
2021-05-26,Merced,047,269075,31024,31139,1028,32167,455
2021-05-26,Modoc,049,8938,378,371,129,500,3
2021-05-26,Mono,051,14174,1263,1274,16,1290,3
2021-05-26,Monterey,053,433212,43176,43018,1836,44854,379
2021-05-26,Napa,055,140530,9918,9932,34,9966,82
2021-05-26,Nevada,057,99092,4829,4803,188,4991,70
2021-05-26,Orange,059,3164182,255416,254368,11242,265610,5058
2021-05-26,Placer,061,380077,23309,22940,1491,24431,293
2021-05-26,Plumas,063,18699,705,685,11,696,4
2021-05-26,Riverside,065,2383286,294207,288782,13851,302633,4443
2021-05-26,Sacramento,067,1510023,106258,105919,1734,107653,1637
2021-05-26,San Benito,069,59416,6054,6074,112,6186,63
2021-05-26,San Bernardino,071,2135413,293343,292662,8918,301580,4755
2021-05-26,San Diego,073,3302833,280884,279859,14960,294819,3755
2021-05-26,San Francisco,075,870044,36735,36954,1265,38219,546
2021-05-26,San Joaquin,077,732212,73184,72681,3489,76170,1388
2021-05-26,San Luis Obispo,079,281455,21393,21163,734,21897,256
2021-05-26,San Mateo,081,765935,42331,42331,467,42798,436
2021-05-26,Santa Barbara,083,443738,34447,34348,1114,35462,459
2021-05-26,Santa Clara,085,1922200,118642,119421,744,120165,2031
2021-05-26,Santa Cruz,087,273765,16244,16139,797,16936,207
2021-05-26,Shasta,089,179085,12319,12357,1567,13924,202
2021-05-26,Sierra,091,2930,57,54,12,66,0
2021-05-26,Siskiyou,093,43540,1931,1847,353,2200,18
2021-05-26,Solano,095,438530,32843,32831,551,33382,257
2021-05-26,Sonoma,097,501317,30100,30230,329,30559,321
2021-05-26,Stanislaus,099,539301,56405,56193,5877,62070,974
2021-05-26,Sutter,101,95872,9461,9495,84,9579,112
2021-05-26,Tehama,103,63373,5088,5054,566,5620,63
2021-05-26,Trinity,105,12862,483,328,91,419,3
2021-05-26,Tulare,107,460477,50230,49352,8876,58228,839
2021-05-26,Tuolumne,109,53932,4030,4088,41,4129,66
2021-05-26,Ventura,111,848112,81385,80944,2947,83891,1023
2021-05-26,Yolo,113,214977,14053,14025,234,14259,213
2021-05-26,Yuba,115,75493,6066,6036,120,6156,49
2021-05-25,Alameda,001,1643700,88125,88237,1911,90148,1263
2021-05-25,Alpine,003,1148,87,88,0,88,0
2021-05-25,Amador,005,37829,3670,3676,32,3708,46
2021-05-25,Butte,007,227075,12545,12295,1811,14106,189
2021-05-25,Calaveras,009,45235,2165,2148,13,2161,55
2021-05-25,Colusa,011,21464,1945,1949,310,2259,15
2021-05-25,Contra Costa,013,1133247,69604,69167,1257,70424,809
2021-05-25,Del Norte,015,27424,1418,1385,12,1397,8
2021-05-25,El Dorado,017,186661,10314,10240,738,10978,112
2021-05-25,Fresno,019,978130,102739,102329,8599,110928,1701
2021-05-25,Glenn,021,27897,2434,2414,554,2968,17
2021-05-25,Humboldt,023,135768,4265,4231,36,4267,42
2021-05-25,Imperial,025,180216,28601,28586,2683,31269,735
2021-05-25,Inyo,027,18085,1404,1402,12,1414,36
2021-05-25,Kern,029,883053,97310,96319,10798,107117,1319
2021-05-25,Kings,031,150075,23157,22944,1068,24012,245
2021-05-25,Lake,033,64148,3527,3508,9,3517,44
2021-05-25,Lassen,035,31185,5210,5164,112,5276,6
2021-05-25,Los Angeles,037,10098052,1207040,1197940,40743,1238683,24212
2021-05-25,Madera,039,155013,16622,16519,926,17445,240
2021-05-25,Marin,041,260295,14105,14053,250,14303,227
2021-05-25,Mariposa,043,17540,431,427,11,438,5
2021-05-25,Mendocino,045,87422,3999,3928,83,4011,47
2021-05-25,Merced,047,269075,31003,31132,1028,32160,455
2021-05-25,Modoc,049,8938,377,367,129,496,3
2021-05-25,Mono,051,14174,1263,1274,16,1290,3
2021-05-25,Monterey,053,433212,43172,43012,1835,44847,379
2021-05-25,Napa,055,140530,9916,9926,34,9960,82
2021-05-25,Nevada,057,99092,4823,4795,188,4983,70
2021-05-25,Orange,059,3164182,255387,254321,11241,265562,5057
2021-05-25,Placer,061,380077,23298,22920,1489,24409,292
2021-05-25,Plumas,063,18699,705,684,11,695,4
2021-05-25,Riverside,065,2383286,294168,288725,13848,302573,4443
2021-05-25,Sacramento,067,1510023,106177,105828,1731,107559,1633
2021-05-25,San Benito,069,59416,6054,6073,112,6185,63
2021-05-25,San Bernardino,071,2135413,293283,292485,8917,301402,4755
2021-05-25,San Diego,073,3302833,280802,279786,14955,294741,3753
2021-05-25,San Francisco,075,870044,36712,36939,1265,38204,546
2021-05-25,San Joaquin,077,732212,73142,72628,3486,76114,1387
2021-05-25,San Luis Obispo,079,281455,21390,21153,734,21887,256
2021-05-25,San Mateo,081,765935,42321,42268,467,42735,435
2021-05-25,Santa Barbara,083,443738,34444,34337,1114,35451,459
2021-05-25,Santa Clara,085,1922200,118618,119393,743,120136,2032
2021-05-25,Santa Cruz,087,273765,16239,16141,797,16938,207
2021-05-25,Shasta,089,179085,12310,12328,1565,13893,202
2021-05-25,Sierra,091,2930,56,54,12,66,0
2021-05-25,Siskiyou,093,43540,1930,1845,352,2197,18
2021-05-25,Solano,095,438530,32824,32817,550,33367,256
2021-05-25,Sonoma,097,501317,30071,30207,328,30535,321
2021-05-25,Stanislaus,099,539301,56369,56168,5874,62042,974
2021-05-25,Sutter,101,95872,9457,9495,84,9579,112
2021-05-25,Tehama,103,63373,5086,5048,565,5613,63
2021-05-25,Trinity,105,12862,483,328,90,418,3
2021-05-25,Tulare,107,460477,50220,49326,8868,58194,838
2021-05-25,Tuolumne,109,53932,4030,4084,41,4125,66
2021-05-25,Ventura,111,848112,81367,80905,2947,83852,1022
2021-05-25,Yolo,113,214977,14045,14018,232,14250,213
2021-05-25,Yuba,115,75493,6059,6028,120,6148,49
2021-05-24,Alameda,001,1643700,88085,88182,1909,90091,1263
2021-05-24,Alpine,003,1148,87,88,0,88,0
2021-05-24,Amador,005,37829,3668,3675,32,3707,46
2021-05-24,Butte,007,227075,12532,12279,1808,14087,189
2021-05-24,Calaveras,009,45235,2163,2146,13,2159,54
2021-05-24,Colusa,011,21464,1945,1949,310,2259,15
2021-05-24,Contra Costa,013,1133247,69563,69107,1253,70360,809
2021-05-24,Del Norte,015,27424,1417,1384,12,1396,8
2021-05-24,El Dorado,017,186661,10304,10227,737,10964,112
2021-05-24,Fresno,019,978130,102697,102289,8598,110887,1698
2021-05-24,Glenn,021,27897,2434,2413,554,2967,17
2021-05-24,Humboldt,023,135768,4258,4225,36,4261,42
2021-05-24,Imperial,025,180216,28599,28575,2683,31258,735
2021-05-24,Inyo,027,18085,1404,1402,12,1414,36
2021-05-24,Kern,029,883053,97283,96296,10793,107089,1319
2021-05-24,Kings,031,150075,23153,22940,1068,24008,246
2021-05-24,Lake,033,64148,3525,3506,9,3515,43
2021-05-24,Lassen,035,31185,5206,5163,112,5275,6
2021-05-24,Los Angeles,037,10098052,1206868,1197782,40729,1238511,24201
2021-05-24,Madera,039,155013,16618,16513,925,17438,239
2021-05-24,Marin,041,260295,14103,14051,250,14301,227
2021-05-24,Mariposa,043,17540,430,427,11,438,5
2021-05-24,Mendocino,045,87422,3997,3919,83,4002,47
2021-05-24,Merced,047,269075,30993,31128,1027,32155,455
2021-05-24,Modoc,049,8938,377,366,128,494,3
2021-05-24,Mono,051,14174,1263,1270,16,1286,3
2021-05-24,Monterey,053,433212,43167,43005,1834,44839,379
2021-05-24,Napa,055,140530,9916,9924,34,9958,82
2021-05-24,Nevada,057,99092,4820,4790,188,4978,70
2021-05-24,Orange,059,3164182,255353,254287,11231,265518,5056
2021-05-24,Placer,061,380077,23279,22895,1488,24383,292
2021-05-24,Plumas,063,18699,704,683,11,694,4
2021-05-24,Riverside,065,2383286,294111,288669,13838,302507,4442
2021-05-24,Sacramento,067,1510023,106062,105716,1730,107446,1632
2021-05-24,San Benito,069,59416,6054,6072,112,6184,63
2021-05-24,San Bernardino,071,2135413,293243,292343,8916,301259,4747
2021-05-24,San Diego,073,3302833,280694,279715,14945,294660,3749
2021-05-24,San Francisco,075,870044,36692,36934,1263,38197,547
2021-05-24,San Joaquin,077,732212,73110,72586,3486,76072,1371
2021-05-24,San Luis Obispo,079,281455,21372,21146,733,21879,256
2021-05-24,San Mateo,081,765935,42311,42249,467,42716,433
2021-05-24,Santa Barbara,083,443738,34439,34322,1114,35436,459
2021-05-24,Santa Clara,085,1922200,118586,119358,743,120101,2030
2021-05-24,Santa Cruz,087,273765,16233,16135,797,16932,207
2021-05-24,Shasta,089,179085,12293,12315,1562,13877,201
2021-05-24,Sierra,091,2930,56,54,12,66,0
2021-05-24,Siskiyou,093,43540,1927,1840,352,2192,17
2021-05-24,Solano,095,438530,32799,32792,549,33341,254
2021-05-24,Sonoma,097,501317,30056,30187,328,30515,321
2021-05-24,Stanislaus,099,539301,56335,56128,5870,61998,974
2021-05-24,Sutter,101,95872,9451,9486,84,9570,113
2021-05-24,Tehama,103,63373,5083,5043,563,5606,63
2021-05-24,Trinity,105,12862,483,328,90,418,3
2021-05-24,Tulare,107,460477,50213,49318,8864,58182,838
2021-05-24,Tuolumne,109,53932,4030,4083,41,4124,65
2021-05-24,Ventura,111,848112,81354,80876,2945,83821,1022
2021-05-24,Yolo,113,214977,14028,14012,230,14242,213
2021-05-24,Yuba,115,75493,6050,6022,120,6142,49
2021-05-23,Alameda,001,1643700,88022,88157,1907,90064,1263
2021-05-23,Alpine,003,1148,87,88,0,88,0
2021-05-23,Amador,005,37829,3667,3673,32,3705,46
2021-05-23,Butte,007,227075,12518,12271,1807,14078,189
2021-05-23,Calaveras,009,45235,2155,2144,13,2157,54
2021-05-23,Colusa,011,21464,1945,1949,308,2257,15
2021-05-23,Contra Costa,013,1133247,69518,69075,1251,70326,809
2021-05-23,Del Norte,015,27424,1413,1383,12,1395,8
2021-05-23,El Dorado,017,186661,10298,10222,737,10959,112
2021-05-23,Fresno,019,978130,102652,102270,8593,110863,1698
2021-05-23,Glenn,021,27897,2432,2413,554,2967,17
2021-05-23,Humboldt,023,135768,4240,4216,36,4252,42
2021-05-23,Imperial,025,180216,28593,28569,2682,31251,735
2021-05-23,Inyo,027,18085,1404,1402,12,1414,36
2021-05-23,Kern,029,883053,97259,96282,10785,107067,1319
2021-05-23,Kings,031,150075,23140,22939,1066,24005,246
2021-05-23,Lake,033,64148,3522,3504,9,3513,43
2021-05-23,Lassen,035,31185,5202,5163,111,5274,6
2021-05-23,Los Angeles,037,10098052,1206679,1197633,40718,1238351,24197
2021-05-23,Madera,039,155013,16612,16504,925,17429,239
2021-05-23,Marin,041,260295,14094,14048,249,14297,227
2021-05-23,Mariposa,043,17540,430,427,11,438,5
2021-05-23,Mendocino,045,87422,3991,3913,82,3995,47
2021-05-23,Merced,047,269075,30984,31118,1027,32145,455
2021-05-23,Modoc,049,8938,373,366,128,494,3
2021-05-23,Mono,051,14174,1262,1270,16,1286,3
2021-05-23,Monterey,053,433212,43157,43003,1834,44837,379
2021-05-23,Napa,055,140530,9912,9923,34,9957,82
2021-05-23,Nevada,057,99092,4810,4790,188,4978,70
2021-05-23,Orange,059,3164182,255315,254277,11225,265502,5050
2021-05-23,Placer,061,380077,23259,22888,1488,24376,292
2021-05-23,Plumas,063,18699,703,683,11,694,4
2021-05-23,Riverside,065,2383286,294043,288641,13834,302475,4442
2021-05-23,Sacramento,067,1510023,105946,105663,1727,107390,1632
2021-05-23,San Benito,069,59416,6053,6072,112,6184,63
2021-05-23,San Bernardino,071,2135413,293192,292327,8915,301242,4747
2021-05-23,San Diego,073,3302833,280604,279690,14934,294624,3751
2021-05-23,San Francisco,075,870044,36681,36927,1262,38189,547
2021-05-23,San Joaquin,077,732212,73061,72571,3484,76055,1371
2021-05-23,San Luis Obispo,079,281455,21362,21141,732,21873,256
2021-05-23,San Mateo,081,765935,42294,42248,467,42715,433
2021-05-23,Santa Barbara,083,443738,34432,34319,1114,35433,459
2021-05-23,Santa Clara,085,1922200,118562,119333,743,120076,2030
2021-05-23,Santa Cruz,087,273765,16230,16130,797,16927,207
2021-05-23,Shasta,089,179085,12276,12313,1558,13871,201
2021-05-23,Sierra,091,2930,56,54,12,66,0
2021-05-23,Siskiyou,093,43540,1922,1826,345,2171,17
2021-05-23,Solano,095,438530,32781,32780,548,33328,254
2021-05-23,Sonoma,097,501317,30027,30168,327,30495,321
2021-05-23,Stanislaus,099,539301,56287,56104,5867,61971,974
2021-05-23,Sutter,101,95872,9442,9479,84,9563,113
2021-05-23,Tehama,103,63373,5076,5041,561,5602,63
2021-05-23,Trinity,105,12862,483,328,90,418,3
2021-05-23,Tulare,107,460477,50199,49310,8860,58170,838
2021-05-23,Tuolumne,109,53932,4027,4081,41,4122,65
2021-05-23,Ventura,111,848112,81324,80872,2944,83816,1022
2021-05-23,Yolo,113,214977,14016,14004,227,14231,213
2021-05-23,Yuba,115,75493,6045,6017,120,6137,49
2021-05-22,Alameda,001,1643700,87995,88101,1907,90008,1263
2021-05-22,Alpine,003,1148,87,88,0,88,0
2021-05-22,Amador,005,37829,3666,3672,32,3704,46
2021-05-22,Butte,007,227075,12506,12265,1806,14071,189
2021-05-22,Calaveras,009,45235,2151,2141,13,2154,54
2021-05-22,Colusa,011,21464,1941,1949,307,2256,15
2021-05-22,Contra Costa,013,1133247,69485,69004,1250,70254,809
2021-05-22,Del Norte,015,27424,1412,1381,12,1393,8
2021-05-22,El Dorado,017,186661,10293,10215,736,10951,112
2021-05-22,Fresno,019,978130,102638,102238,8591,110829,1698
2021-05-22,Glenn,021,27897,2432,2412,554,2966,17
2021-05-22,Humboldt,023,135768,4231,4194,35,4229,42
2021-05-22,Imperial,025,180216,28584,28574,2682,31256,735
2021-05-22,Inyo,027,18085,1404,1402,12,1414,36
2021-05-22,Kern,029,883053,97247,96260,10778,107038,1319
2021-05-22,Kings,031,150075,23140,22936,1066,24002,246
2021-05-22,Lake,033,64148,3519,3502,9,3511,43
2021-05-22,Lassen,035,31185,5202,5163,111,5274,6
2021-05-22,Los Angeles,037,10098052,1206570,1197454,40710,1238164,24192
2021-05-22,Madera,039,155013,16609,16503,925,17428,239
2021-05-22,Marin,041,260295,14091,14043,249,14292,227
2021-05-22,Mariposa,043,17540,430,427,11,438,5
2021-05-22,Mendocino,045,87422,3985,3908,82,3990,47
2021-05-22,Merced,047,269075,30974,31099,1027,32126,455
2021-05-22,Modoc,049,8938,373,366,128,494,3
2021-05-22,Mono,051,14174,1260,1270,16,1286,3
2021-05-22,Monterey,053,433212,43151,42998,1834,44832,379
2021-05-22,Napa,055,140530,9910,9918,34,9952,82
2021-05-22,Nevada,057,99092,4803,4787,187,4974,70
2021-05-22,Orange,059,3164182,255294,254238,11220,265458,5048
2021-05-22,Placer,061,380077,23245,22865,1487,24352,292
2021-05-22,Plumas,063,18699,702,683,11,694,4
2021-05-22,Riverside,065,2383286,294011,288580,13833,302413,4442
2021-05-22,Sacramento,067,1510023,105871,105551,1724,107275,1632
2021-05-22,San Benito,069,59416,6053,6071,112,6183,63
2021-05-22,San Bernardino,071,2135413,293167,292292,8915,301207,4747
2021-05-22,San Diego,073,3302833,280545,279614,14926,294540,3751
2021-05-22,San Francisco,075,870044,36671,36906,1260,38166,547
2021-05-22,San Joaquin,077,732212,73039,72528,3481,76009,1371
2021-05-22,San Luis Obispo,079,281455,21354,21134,731,21865,256
2021-05-22,San Mateo,081,765935,42284,42218,467,42685,433
2021-05-22,Santa Barbara,083,443738,34428,34313,1113,35426,459
2021-05-22,Santa Clara,085,1922200,118538,119292,743,120035,2030
2021-05-22,Santa Cruz,087,273765,16230,16125,797,16922,207
2021-05-22,Shasta,089,179085,12269,12307,1555,13862,201
2021-05-22,Sierra,091,2930,56,54,12,66,0
2021-05-22,Siskiyou,093,43540,1921,1824,344,2168,17
2021-05-22,Solano,095,438530,32768,32753,548,33301,254
2021-05-22,Sonoma,097,501317,30015,30154,327,30481,321
2021-05-22,Stanislaus,099,539301,56264,56069,5866,61935,974
2021-05-22,Sutter,101,95872,9437,9476,84,9560,113
2021-05-22,Tehama,103,63373,5075,5036,561,5597,63
2021-05-22,Trinity,105,12862,483,328,90,418,3
2021-05-22,Tulare,107,460477,50194,49299,8855,58154,838
2021-05-22,Tuolumne,109,53932,4027,4078,41,4119,65
2021-05-22,Ventura,111,848112,81320,80859,2944,83803,1022
2021-05-22,Yolo,113,214977,14014,13997,227,14224,213
2021-05-22,Yuba,115,75493,6042,6010,120,6130,49
2021-05-21,Alameda,001,1643700,87969,88041,1906,89947,1263
2021-05-21,Alpine,003,1148,87,88,0,88,0
2021-05-21,Amador,005,37829,3663,3672,32,3704,46
2021-05-21,Butte,007,227075,12500,12236,1804,14040,188
2021-05-21,Calaveras,009,45235,2149,2138,13,2151,54
2021-05-21,Colusa,011,21464,1941,1947,307,2254,15
2021-05-21,Contra Costa,013,1133247,69442,68965,1249,70214,810
2021-05-21,Del Norte,015,27424,1411,1376,12,1388,8
2021-05-21,El Dorado,017,186661,10289,10204,736,10940,112
2021-05-21,Fresno,019,978130,102610,102189,8589,110778,1698
2021-05-21,Glenn,021,27897,2431,2408,554,2962,17
2021-05-21,Humboldt,023,135768,4224,4175,35,4210,42
2021-05-21,Imperial,025,180216,28577,28572,2681,31253,732
2021-05-21,Inyo,027,18085,1404,1402,12,1414,36
2021-05-21,Kern,029,883053,97233,96233,10771,107004,1318
2021-05-21,Kings,031,150075,23140,22927,1066,23993,246
2021-05-21,Lake,033,64148,3517,3500,9,3509,43
2021-05-21,Lassen,035,31185,5201,5161,111,5272,6
2021-05-21,Los Angeles,037,10098052,1206452,1197263,40702,1237965,24180
2021-05-21,Madera,039,155013,16608,16500,924,17424,238
2021-05-21,Marin,041,260295,14086,14042,249,14291,227
2021-05-21,Mariposa,043,17540,429,427,11,438,5
2021-05-21,Mendocino,045,87422,3980,3897,82,3979,47
2021-05-21,Merced,047,269075,30966,31076,1027,32103,455
2021-05-21,Modoc,049,8938,373,365,128,493,3
2021-05-21,Mono,051,14174,1260,1269,16,1285,3
2021-05-21,Monterey,053,433212,43149,42995,1834,44829,379
2021-05-21,Napa,055,140530,9906,9913,34,9947,82
2021-05-21,Nevada,057,99092,4802,4779,187,4966,70
2021-05-21,Orange,059,3164182,255274,254171,11218,265389,5042
2021-05-21,Placer,061,380077,23236,22853,1487,24340,292
2021-05-21,Plumas,063,18699,702,683,10,693,4
2021-05-21,Riverside,065,2383286,293984,288499,13826,302325,4442
2021-05-21,Sacramento,067,1510023,105804,105476,1721,107197,1632
2021-05-21,San Benito,069,59416,6053,6068,112,6180,63
2021-05-21,San Bernardino,071,2135413,293135,292205,8913,301118,4744
2021-05-21,San Diego,073,3302833,280472,279554,14916,294470,3748
2021-05-21,San Francisco,075,870044,36666,36879,1260,38139,546
2021-05-21,San Joaquin,077,732212,73019,72467,3479,75946,1371
2021-05-21,San Luis Obispo,079,281455,21348,21128,728,21856,256
2021-05-21,San Mateo,081,765935,42271,42163,466,42629,432
2021-05-21,Santa Barbara,083,443738,34423,34302,1113,35415,459
2021-05-21,Santa Clara,085,1922200,118511,119247,743,119990,2029
2021-05-21,Santa Cruz,087,273765,16226,16120,797,16917,207
2021-05-21,Shasta,089,179085,12252,12289,1553,13842,201
2021-05-21,Sierra,091,2930,56,54,12,66,0
2021-05-21,Siskiyou,093,43540,1920,1815,344,2159,16
2021-05-21,Solano,095,438530,32753,32742,548,33290,254
2021-05-21,Sonoma,097,501317,30002,30126,327,30453,321
2021-05-21,Stanislaus,099,539301,56235,56036,5864,61900,975
2021-05-21,Sutter,101,95872,9435,9470,84,9554,113
2021-05-21,Tehama,103,63373,5069,5030,561,5591,63
2021-05-21,Trinity,105,12862,483,329,89,418,3
2021-05-21,Tulare,107,460477,50189,49271,8853,58124,838
2021-05-21,Tuolumne,109,53932,4025,4079,41,4120,65
2021-05-21,Ventura,111,848112,81312,80821,2941,83762,1021
2021-05-21,Yolo,113,214977,14008,13983,227,14210,213
2021-05-21,Yuba,115,75493,6036,6006,120,6126,49
2021-05-20,Alameda,001,1643700,87926,87975,1904,89879,1264
2021-05-20,Alpine,003,1148,87,88,0,88,0
2021-05-20,Amador,005,37829,3662,3671,32,3703,46
2021-05-20,Butte,007,227075,12493,12220,1801,14021,188
2021-05-20,Calaveras,009,45235,2145,2138,13,2151,54
2021-05-20,Colusa,011,21464,1940,1946,305,2251,15
2021-05-20,Contra Costa,013,1133247,69397,68913,1247,70160,809
2021-05-20,Del Norte,015,27424,1411,1373,12,1385,8
2021-05-20,El Dorado,017,186661,10279,10188,736,10924,112
2021-05-20,Fresno,019,978130,102588,102135,8587,110722,1696
2021-05-20,Glenn,021,27897,2428,2406,554,2960,17
2021-05-20,Humboldt,023,135768,4207,4162,34,4196,42
2021-05-20,Imperial,025,180216,28572,28551,2681,31232,732
2021-05-20,Inyo,027,18085,1404,1402,12,1414,36
2021-05-20,Kern,029,883053,97212,96204,10764,106968,1317
2021-05-20,Kings,031,150075,23138,22922,1066,23988,246
2021-05-20,Lake,033,64148,3514,3500,9,3509,43
2021-05-20,Lassen,035,31185,5199,5160,110,5270,6
2021-05-20,Los Angeles,037,10098052,1206296,1197073,40692,1237765,24168
2021-05-20,Madera,039,155013,16602,16499,922,17421,238
2021-05-20,Marin,041,260295,14082,14036,248,14284,227
2021-05-20,Mariposa,043,17540,429,426,11,437,5
2021-05-20,Mendocino,045,87422,3973,3897,82,3979,47
2021-05-20,Merced,047,269075,30953,31046,1026,32072,454
2021-05-20,Modoc,049,8938,373,365,128,493,3
2021-05-20,Mono,051,14174,1259,1269,16,1285,3
2021-05-20,Monterey,053,433212,43143,42984,1833,44817,379
2021-05-20,Napa,055,140530,9903,9913,34,9947,82
2021-05-20,Nevada,057,99092,4801,4775,187,4962,70
2021-05-20,Orange,059,3164182,255231,254127,11215,265342,5038
2021-05-20,Placer,061,380077,23223,22823,1486,24309,292
2021-05-20,Plumas,063,18699,700,682,10,692,4
2021-05-20,Riverside,065,2383286,293936,288453,13821,302274,4442
2021-05-20,Sacramento,067,1510023,105708,105414,1718,107132,1629
2021-05-20,San Benito,069,59416,6052,6067,112,6179,63
2021-05-20,San Bernardino,071,2135413,293089,292153,8912,301065,4728
2021-05-20,San Diego,073,3302833,280384,279490,14904,294394,3749
2021-05-20,San Francisco,075,870044,36657,36860,1260,38120,546
2021-05-20,San Joaquin,077,732212,72981,72388,3477,75865,1371
2021-05-20,San Luis Obispo,079,281455,21336,21095,726,21821,256
2021-05-20,San Mateo,081,765935,42257,42152,464,42616,432
2021-05-20,Santa Barbara,083,443738,34419,34293,1113,35406,459
2021-05-20,Santa Clara,085,1922200,118490,119222,743,119965,2029
2021-05-20,Santa Cruz,087,273765,16221,16119,797,16916,207
2021-05-20,Shasta,089,179085,12239,12266,1550,13816,200
2021-05-20,Sierra,091,2930,56,54,12,66,0
2021-05-20,Siskiyou,093,43540,1913,1811,343,2154,16
2021-05-20,Solano,095,438530,32738,32725,548,33273,253
2021-05-20,Sonoma,097,501317,29985,30107,326,30433,321
2021-05-20,Stanislaus,099,539301,56209,55979,5862,61841,970
2021-05-20,Sutter,101,95872,9431,9467,84,9551,113
2021-05-20,Tehama,103,63373,5067,5029,561,5590,63
2021-05-20,Trinity,105,12862,483,329,88,417,3
2021-05-20,Tulare,107,460477,50178,49217,8850,58067,837
2021-05-20,Tuolumne,109,53932,4024,4077,41,4118,65
2021-05-20,Ventura,111,848112,81301,80800,2941,83741,1019
2021-05-20,Yolo,113,214977,14003,13973,227,14200,211
2021-05-20,Yuba,115,75493,6027,6002,120,6122,49
2021-05-19,Alameda,001,1643700,87886,87889,1903,89792,1260
2021-05-19,Alpine,003,1148,87,88,0,88,0
2021-05-19,Amador,005,37829,3662,3669,32,3701,46
2021-05-19,Butte,007,227075,12482,12198,1801,13999,188
2021-05-19,Calaveras,009,45235,2141,2132,13,2145,54
2021-05-19,Colusa,011,21464,1940,1945,303,2248,15
2021-05-19,Contra Costa,013,1133247,69350,68836,1247,70083,808
2021-05-19,Del Norte,015,27424,1409,1371,12,1383,8
2021-05-19,El Dorado,017,186661,10274,10179,735,10914,112
2021-05-19,Fresno,019,978130,102558,102085,8584,110669,1693
2021-05-19,Glenn,021,27897,2428,2404,554,2958,17
2021-05-19,Humboldt,023,135768,4197,4143,34,4177,42
2021-05-19,Imperial,025,180216,28563,28550,2681,31231,732
2021-05-19,Inyo,027,18085,1404,1402,12,1414,36
2021-05-19,Kern,029,883053,97183,96173,10757,106930,1316
2021-05-19,Kings,031,150075,23132,22919,1066,23985,246
2021-05-19,Lake,033,64148,3514,3497,9,3506,43
2021-05-19,Lassen,035,31185,5198,5157,110,5267,6
2021-05-19,Los Angeles,037,10098052,1206099,1196856,40678,1237534,24143
2021-05-19,Madera,039,155013,16599,16496,922,17418,238
2021-05-19,Marin,041,260295,14078,14033,246,14279,227
2021-05-19,Mariposa,043,17540,429,425,11,436,5
2021-05-19,Mendocino,045,87422,3969,3886,82,3968,47
2021-05-19,Merced,047,269075,30937,31044,1026,32070,452
2021-05-19,Modoc,049,8938,373,364,125,489,3
2021-05-19,Mono,051,14174,1259,1266,16,1282,3
2021-05-19,Monterey,053,433212,43138,42973,1832,44805,379
2021-05-19,Napa,055,140530,9900,9906,34,9940,82
2021-05-19,Nevada,057,99092,4799,4769,187,4956,70
2021-05-19,Orange,059,3164182,255194,254087,11205,265292,5035
2021-05-19,Placer,061,380077,23204,22784,1481,24265,291
2021-05-19,Plumas,063,18699,700,682,10,692,4
2021-05-19,Riverside,065,2383286,293890,288398,13819,302217,4442
2021-05-19,Sacramento,067,1510023,105630,105225,1717,106942,1629
2021-05-19,San Benito,069,59416,6051,6064,112,6176,63
2021-05-19,San Bernardino,071,2135413,293045,292078,8909,300987,4725
2021-05-19,San Diego,073,3302833,280299,279345,14883,294228,3746
2021-05-19,San Francisco,075,870044,36644,36835,1259,38094,546
2021-05-19,San Joaquin,077,732212,72938,72338,3472,75810,1369
2021-05-19,San Luis Obispo,079,281455,21328,21085,725,21810,256
2021-05-19,San Mateo,081,765935,42250,42126,464,42590,429
2021-05-19,Santa Barbara,083,443738,34411,34292,1113,35405,459
2021-05-19,Santa Clara,085,1922200,118450,119176,742,119918,2015
2021-05-19,Santa Cruz,087,273765,16217,16121,796,16917,207
2021-05-19,Shasta,089,179085,12221,12233,1547,13780,200
2021-05-19,Sierra,091,2930,56,54,12,66,0
2021-05-19,Siskiyou,093,43540,1910,1803,342,2145,16
2021-05-19,Solano,095,438530,32711,32678,546,33224,253
2021-05-19,Sonoma,097,501317,29970,30080,326,30406,321
2021-05-19,Stanislaus,099,539301,56190,55912,5857,61769,967
2021-05-19,Sutter,101,95872,9424,9459,83,9542,113
2021-05-19,Tehama,103,63373,5058,5026,557,5583,63
2021-05-19,Trinity,105,12862,483,329,88,417,3
2021-05-19,Tulare,107,460477,50165,49163,8845,58008,837
2021-05-19,Tuolumne,109,53932,4024,4074,41,4115,64
2021-05-19,Ventura,111,848112,81286,80747,2940,83687,1019
2021-05-19,Yolo,113,214977,13996,13961,226,14187,211
2021-05-19,Yuba,115,75493,6023,5993,120,6113,49
2021-05-18,Alameda,001,1643700,87812,87816,1903,89719,1254
2021-05-18,Alpine,003,1148,87,88,0,88,0
2021-05-18,Amador,005,37829,3662,3669,32,3701,46
2021-05-18,Butte,007,227075,12469,12164,1798,13962,191
2021-05-18,Calaveras,009,45235,2137,2131,13,2144,54
2021-05-18,Colusa,011,21464,1940,1943,303,2246,14
2021-05-18,Contra Costa,013,1133247,69293,68750,1246,69996,808
2021-05-18,Del Norte,015,27424,1406,1371,12,1383,8
2021-05-18,El Dorado,017,186661,10263,10169,734,10903,112
2021-05-18,Fresno,019,978130,102522,102056,8581,110637,1690
2021-05-18,Glenn,021,27897,2422,2403,553,2956,17
2021-05-18,Humboldt,023,135768,4179,4132,34,4166,42
2021-05-18,Imperial,025,180216,28558,28538,2679,31217,730
2021-05-18,Inyo,027,18085,1404,1401,12,1413,36
2021-05-18,Kern,029,883053,97150,96128,10743,106871,1315
2021-05-18,Kings,031,150075,23126,22916,1066,23982,247
2021-05-18,Lake,033,64148,3512,3495,9,3504,43
2021-05-18,Lassen,035,31185,5197,5157,109,5266,6
2021-05-18,Los Angeles,037,10098052,1205919,1196668,40667,1237335,24133
2021-05-18,Madera,039,155013,16589,16491,921,17412,238
2021-05-18,Marin,041,260295,14075,14026,246,14272,227
2021-05-18,Mariposa,043,17540,429,424,11,435,5
2021-05-18,Mendocino,045,87422,3957,3877,81,3958,47
2021-05-18,Merced,047,269075,30918,31036,1026,32062,452
2021-05-18,Modoc,049,8938,372,364,124,488,3
2021-05-18,Mono,051,14174,1258,1265,16,1281,3
2021-05-18,Monterey,053,433212,43132,43001,1832,44833,379
2021-05-18,Napa,055,140530,9900,9905,34,9939,82
2021-05-18,Nevada,057,99092,4792,4762,187,4949,70
2021-05-18,Orange,059,3164182,255153,254041,11195,265236,5031
2021-05-18,Placer,061,380077,23171,22726,1477,24203,291
2021-05-18,Plumas,063,18699,700,682,10,692,4
2021-05-18,Riverside,065,2383286,293835,288354,13812,302166,4438
2021-05-18,Sacramento,067,1510023,105528,105083,1715,106798,1629
2021-05-18,San Benito,069,59416,6050,6065,112,6177,63
2021-05-18,San Bernardino,071,2135413,292987,292014,8904,300918,4722
2021-05-18,San Diego,073,3302833,280191,279254,14874,294128,3742
2021-05-18,San Francisco,075,870044,36624,36818,1259,38077,546
2021-05-18,San Joaquin,077,732212,72891,72282,3468,75750,1368
2021-05-18,San Luis Obispo,079,281455,21318,21080,723,21803,256
2021-05-18,San Mateo,081,765935,42238,42099,463,42562,428
2021-05-18,Santa Barbara,083,443738,34402,34278,1113,35391,459
2021-05-18,Santa Clara,085,1922200,118423,119171,742,119913,2014
2021-05-18,Santa Cruz,087,273765,16209,16137,796,16933,207
2021-05-18,Shasta,089,179085,12203,12197,1541,13738,200
2021-05-18,Sierra,091,2930,56,54,12,66,0
2021-05-18,Siskiyou,093,43540,1909,1799,342,2141,16
2021-05-18,Solano,095,438530,32686,32644,546,33190,253
2021-05-18,Sonoma,097,501317,29950,30054,325,30379,321
2021-05-18,Stanislaus,099,539301,56154,55860,5857,61717,959
2021-05-18,Sutter,101,95872,9416,9453,83,9536,113
2021-05-18,Tehama,103,63373,5052,5020,555,5575,63
2021-05-18,Trinity,105,12862,483,329,87,416,3
2021-05-18,Tulare,107,460477,50157,49142,8840,57982,836
2021-05-18,Tuolumne,109,53932,4022,4073,41,4114,64
2021-05-18,Ventura,111,848112,81270,80726,2938,83664,1017
2021-05-18,Yolo,113,214977,13988,13951,225,14176,211
2021-05-18,Yuba,115,75493,6019,5989,120,6109,49
2021-05-17,Alameda,001,1643700,87759,87766,1900,89666,1253
2021-05-17,Alpine,003,1148,87,88,0,88,0
2021-05-17,Amador,005,37829,3659,3668,32,3700,46
2021-05-17,Butte,007,227075,12461,12144,1798,13942,192
2021-05-17,Calaveras,009,45235,2137,2131,13,2144,53
2021-05-17,Colusa,011,21464,1940,1943,303,2246,14
2021-05-17,Contra Costa,013,1133247,69238,68720,1245,69965,805
2021-05-17,Del Norte,015,27424,1401,1369,12,1381,8
2021-05-17,El Dorado,017,186661,10246,10163,734,10897,112
2021-05-17,Fresno,019,978130,102478,102013,8573,110586,1690
2021-05-17,Glenn,021,27897,2422,2401,553,2954,17
2021-05-17,Humboldt,023,135768,4168,4112,34,4146,42
2021-05-17,Imperial,025,180216,28552,28533,2677,31210,729
2021-05-17,Inyo,027,18085,1404,1401,12,1413,36
2021-05-17,Kern,029,883053,97121,96095,10726,106821,1315
2021-05-17,Kings,031,150075,23123,22918,1066,23984,246
2021-05-17,Lake,033,64148,3507,3489,9,3498,43
2021-05-17,Lassen,035,31185,5194,5156,108,5264,6
2021-05-17,Los Angeles,037,10098052,1205738,1196556,40661,1237217,24123
2021-05-17,Madera,039,155013,16582,16486,921,17407,238
2021-05-17,Marin,041,260295,14069,14021,246,14267,227
2021-05-17,Mariposa,043,17540,428,423,11,434,5
2021-05-17,Mendocino,045,87422,3948,3868,81,3949,46
2021-05-17,Merced,047,269075,30903,31031,1026,32057,450
2021-05-17,Modoc,049,8938,371,362,124,486,3
2021-05-17,Mono,051,14174,1254,1265,16,1281,3
2021-05-17,Monterey,053,433212,43125,42995,1832,44827,379
2021-05-17,Napa,055,140530,9899,9894,34,9928,82
2021-05-17,Nevada,057,99092,4788,4761,186,4947,70
2021-05-17,Orange,059,3164182,255106,253993,11188,265181,5031
2021-05-17,Placer,061,380077,23148,22706,1470,24176,289
2021-05-17,Plumas,063,18699,700,682,10,692,4
2021-05-17,Riverside,065,2383286,293766,288304,13808,302112,4433
2021-05-17,Sacramento,067,1510023,105420,105035,1713,106748,1629
2021-05-17,San Benito,069,59416,6047,6067,112,6179,63
2021-05-17,San Bernardino,071,2135413,292937,291989,8896,300885,4724
2021-05-17,San Diego,073,3302833,280059,279146,14852,293998,3742
2021-05-17,San Francisco,075,870044,36612,36816,1257,38073,546
2021-05-17,San Joaquin,077,732212,72853,72234,3465,75699,1359
2021-05-17,San Luis Obispo,079,281455,21309,21079,721,21800,256
2021-05-17,San Mateo,081,765935,42210,42083,463,42546,428
2021-05-17,Santa Barbara,083,443738,34395,34275,1113,35388,459
2021-05-17,Santa Clara,085,1922200,118386,119116,740,119856,2015
2021-05-17,Santa Cruz,087,273765,16206,16151,796,16947,206
2021-05-17,Shasta,089,179085,12181,12163,1540,13703,200
2021-05-17,Sierra,091,2930,56,54,12,66,0
2021-05-17,Siskiyou,093,43540,1900,1795,339,2134,15
2021-05-17,Solano,095,438530,32668,32627,545,33172,253
2021-05-17,Sonoma,097,501317,29927,30043,324,30367,321
2021-05-17,Stanislaus,099,539301,56107,55839,5850,61689,951
2021-05-17,Sutter,101,95872,9409,9447,83,9530,113
2021-05-17,Tehama,103,63373,5048,5016,554,5570,63
2021-05-17,Trinity,105,12862,483,328,87,415,3
2021-05-17,Tulare,107,460477,50135,49107,8835,57942,836
2021-05-17,Tuolumne,109,53932,4022,4071,41,4112,64
2021-05-17,Ventura,111,848112,81250,80699,2938,83637,1017
2021-05-17,Yolo,113,214977,13981,13941,225,14166,211
2021-05-17,Yuba,115,75493,6011,5987,120,6107,49
2021-05-16,Alameda,001,1643700,87695,87743,1900,89643,1253
2021-05-16,Alpine,003,1148,87,88,0,88,0
2021-05-16,Amador,005,37829,3658,3667,32,3699,46
2021-05-16,Butte,007,227075,12447,12140,1797,13937,192
2021-05-16,Calaveras,009,45235,2135,2129,13,2142,53
2021-05-16,Colusa,011,21464,1938,1943,303,2246,14
2021-05-16,Contra Costa,013,1133247,69170,68694,1243,69937,805
2021-05-16,Del Norte,015,27424,1398,1365,12,1377,8
2021-05-16,El Dorado,017,186661,10230,10159,733,10892,112
2021-05-16,Fresno,019,978130,102434,101987,8567,110554,1690
2021-05-16,Glenn,021,27897,2422,2401,552,2953,17
2021-05-16,Humboldt,023,135768,4154,4104,34,4138,42
2021-05-16,Imperial,025,180216,28541,28516,2676,31192,729
2021-05-16,Inyo,027,18085,1404,1401,12,1413,36
2021-05-16,Kern,029,883053,97088,96083,10706,106789,1315
2021-05-16,Kings,031,150075,23119,22918,1063,23981,246
2021-05-16,Lake,033,64148,3504,3489,9,3498,43
2021-05-16,Lassen,035,31185,5193,5156,108,5264,6
2021-05-16,Los Angeles,037,10098052,1205512,1196397,40645,1237042,24120
2021-05-16,Madera,039,155013,16577,16483,918,17401,238
2021-05-16,Marin,041,260295,14066,14015,246,14261,227
2021-05-16,Mariposa,043,17540,428,423,11,434,5
2021-05-16,Mendocino,045,87422,3938,3863,81,3944,46
2021-05-16,Merced,047,269075,30882,31023,1024,32047,450
2021-05-16,Modoc,049,8938,371,362,124,486,3
2021-05-16,Mono,051,14174,1254,1265,16,1281,3
2021-05-16,Monterey,053,433212,43120,42991,1832,44823,379
2021-05-16,Napa,055,140530,9896,9891,34,9925,82
2021-05-16,Nevada,057,99092,4784,4755,186,4941,70
2021-05-16,Orange,059,3164182,255074,253962,11185,265147,5031
2021-05-16,Placer,061,380077,23116,22696,1464,24160,289
2021-05-16,Plumas,063,18699,699,682,10,692,4
2021-05-16,Riverside,065,2383286,293690,288259,13800,302059,4433
2021-05-16,Sacramento,067,1510023,105306,105013,1711,106724,1628
2021-05-16,San Benito,069,59416,6046,6067,111,6178,63
2021-05-16,San Bernardino,071,2135413,292865,291940,8894,300834,4724
2021-05-16,San Diego,073,3302833,279941,279099,14839,293938,3742
2021-05-16,San Francisco,075,870044,36589,36808,1256,38064,546
2021-05-16,San Joaquin,077,732212,72804,72218,3460,75678,1359
2021-05-16,San Luis Obispo,079,281455,21301,21072,720,21792,256
2021-05-16,San Mateo,081,765935,42199,42063,462,42525,428
2021-05-16,Santa Barbara,083,443738,34388,34270,1113,35383,459
2021-05-16,Santa Clara,085,1922200,118357,119098,739,119837,2015
2021-05-16,Santa Cruz,087,273765,16204,16143,796,16939,206
2021-05-16,Shasta,089,179085,12165,12156,1536,13692,200
2021-05-16,Sierra,091,2930,56,54,12,66,0
2021-05-16,Siskiyou,093,43540,1896,1790,338,2128,15
2021-05-16,Solano,095,438530,32635,32619,543,33162,253
2021-05-16,Sonoma,097,501317,29908,30033,324,30357,321
2021-05-16,Stanislaus,099,539301,56056,55814,5839,61653,951
2021-05-16,Sutter,101,95872,9402,9445,83,9528,113
2021-05-16,Tehama,103,63373,5044,5013,553,5566,63
2021-05-16,Trinity,105,12862,483,328,87,415,3
2021-05-16,Tulare,107,460477,50118,49091,8832,57923,837
2021-05-16,Tuolumne,109,53932,4018,4070,41,4111,64
2021-05-16,Ventura,111,848112,81219,80689,2938,83627,1017
2021-05-16,Yolo,113,214977,13966,13938,225,14163,211
2021-05-16,Yuba,115,75493,6008,5987,120,6107,49
2021-05-15,Alameda,001,1643700,87669,87677,1899,89576,1252
2021-05-15,Alpine,003,1148,87,88,0,88,0
2021-05-15,Amador,005,37829,3658,3666,32,3698,46
2021-05-15,Butte,007,227075,12440,12095,1796,13891,192
2021-05-15,Calaveras,009,45235,2134,2126,13,2139,53
2021-05-15,Colusa,011,21464,1938,1941,301,2242,14
2021-05-15,Contra Costa,013,1133247,69124,68658,1243,69901,805
2021-05-15,Del Norte,015,27424,1393,1359,12,1371,8
2021-05-15,El Dorado,017,186661,10218,10156,732,10888,112
2021-05-15,Fresno,019,978130,102397,101957,8565,110522,1690
2021-05-15,Glenn,021,27897,2422,2400,552,2952,17
2021-05-15,Humboldt,023,135768,4144,4080,34,4114,42
2021-05-15,Imperial,025,180216,28538,28504,2675,31179,729
2021-05-15,Inyo,027,18085,1404,1402,12,1414,36
2021-05-15,Kern,029,883053,97074,96061,10692,106753,1315
2021-05-15,Kings,031,150075,23118,22913,1063,23976,246
2021-05-15,Lake,033,64148,3503,3485,9,3494,43
2021-05-15,Lassen,035,31185,5190,5156,107,5263,6
2021-05-15,Los Angeles,037,10098052,1205389,1196255,40632,1236887,24115
2021-05-15,Madera,039,155013,16574,16482,918,17400,238
2021-05-15,Marin,041,260295,14062,14012,246,14258,227
2021-05-15,Mariposa,043,17540,428,423,11,434,5
2021-05-15,Mendocino,045,87422,3935,3861,81,3942,46
2021-05-15,Merced,047,269075,30861,31012,1024,32036,450
2021-05-15,Modoc,049,8938,371,362,124,486,3
2021-05-15,Mono,051,14174,1254,1265,16,1281,3
2021-05-15,Monterey,053,433212,43116,42982,1832,44814,379
2021-05-15,Napa,055,140530,9893,9887,34,9921,82
2021-05-15,Nevada,057,99092,4783,4755,186,4941,70
2021-05-15,Orange,059,3164182,255047,253919,11178,265097,5030
2021-05-15,Placer,061,380077,23095,22688,1464,24152,289
2021-05-15,Plumas,063,18699,699,681,10,691,4
2021-05-15,Riverside,065,2383286,293648,288203,13795,301998,4433
2021-05-15,Sacramento,067,1510023,105234,104929,1708,106637,1628
2021-05-15,San Benito,069,59416,6046,6066,111,6177,63
2021-05-15,San Bernardino,071,2135413,292823,291892,8892,300784,4724
2021-05-15,San Diego,073,3302833,279870,278991,14824,293815,3737
2021-05-15,San Francisco,075,870044,36573,36795,1254,38049,546
2021-05-15,San Joaquin,077,732212,72778,72197,3458,75655,1359
2021-05-15,San Luis Obispo,079,281455,21298,21061,719,21780,256
2021-05-15,San Mateo,081,765935,42183,42059,462,42521,428
2021-05-15,Santa Barbara,083,443738,34380,34259,1113,35372,459
2021-05-15,Santa Clara,085,1922200,118336,119060,739,119799,2016
2021-05-15,Santa Cruz,087,273765,16200,16137,796,16933,206
2021-05-15,Shasta,089,179085,12153,12152,1533,13685,200
2021-05-15,Sierra,091,2930,56,54,12,66,0
2021-05-15,Siskiyou,093,43540,1890,1788,336,2124,15
2021-05-15,Solano,095,438530,32626,32604,542,33146,253
2021-05-15,Sonoma,097,501317,29889,30020,324,30344,321
2021-05-15,Stanislaus,099,539301,56025,55795,5832,61627,952
2021-05-15,Sutter,101,95872,9400,9436,83,9519,113
2021-05-15,Tehama,103,63373,5040,5012,552,5564,63
2021-05-15,Trinity,105,12862,483,328,87,415,3
2021-05-15,Tulare,107,460477,50108,49080,8828,57908,837
2021-05-15,Tuolumne,109,53932,4016,4064,41,4105,63
2021-05-15,Ventura,111,848112,81208,80662,2938,83600,1017
2021-05-15,Yolo,113,214977,13959,13932,224,14156,211
2021-05-15,Yuba,115,75493,6005,5979,119,6098,49
2021-05-14,Alameda,001,1643700,87635,87621,1897,89518,1249
2021-05-14,Alpine,003,1148,87,88,0,88,0
2021-05-14,Amador,005,37829,3658,3665,32,3697,46
2021-05-14,Butte,007,227075,12431,12076,1793,13869,192
2021-05-14,Calaveras,009,45235,2130,2121,13,2134,53
2021-05-14,Colusa,011,21464,1937,1940,300,2240,14
2021-05-14,Contra Costa,013,1133247,69082,68589,1241,69830,806
2021-05-14,Del Norte,015,27424,1393,1355,12,1367,8
2021-05-14,El Dorado,017,186661,10211,10143,731,10874,113
2021-05-14,Fresno,019,978130,102368,101917,8559,110476,1688
2021-05-14,Glenn,021,27897,2421,2398,552,2950,17
2021-05-14,Humboldt,023,135768,4137,4050,34,4084,37
2021-05-14,Imperial,025,180216,28531,28485,2674,31159,728
2021-05-14,Inyo,027,18085,1404,1400,12,1412,36
2021-05-14,Kern,029,883053,97044,96033,10683,106716,1311
2021-05-14,Kings,031,150075,23117,22910,1063,23973,246
2021-05-14,Lake,033,64148,3499,3483,9,3492,43
2021-05-14,Lassen,035,31185,5190,5154,107,5261,6
2021-05-14,Los Angeles,037,10098052,1205254,1196038,40627,1236665,24101
2021-05-14,Madera,039,155013,16571,16474,918,17392,238
2021-05-14,Marin,041,260295,14058,14010,246,14256,227
2021-05-14,Mariposa,043,17540,428,422,11,433,5
2021-05-14,Mendocino,045,87422,3933,3855,81,3936,46
2021-05-14,Merced,047,269075,30851,31010,1024,32034,450
2021-05-14,Modoc,049,8938,371,362,124,486,3
2021-05-14,Mono,051,14174,1253,1265,16,1281,3
2021-05-14,Monterey,053,433212,43111,42973,1832,44805,380
2021-05-14,Napa,055,140530,9890,9883,34,9917,82
2021-05-14,Nevada,057,99092,4778,4745,186,4931,70
2021-05-14,Orange,059,3164182,255013,253855,11171,265026,5028
2021-05-14,Placer,061,380077,23076,22660,1458,24118,287
2021-05-14,Plumas,063,18699,698,680,10,690,4
2021-05-14,Riverside,065,2383286,293598,288140,13792,301932,4433
2021-05-14,Sacramento,067,1510023,105145,104828,1707,106535,1627
2021-05-14,San Benito,069,59416,6046,6064,111,6175,63
2021-05-14,San Bernardino,071,2135413,292775,291834,8892,300726,4721
2021-05-14,San Diego,073,3302833,279797,278853,14813,293666,3732
2021-05-14,San Francisco,075,870044,36564,36771,1250,38021,545
2021-05-14,San Joaquin,077,732212,72746,72160,3451,75611,1359
2021-05-14,San Luis Obispo,079,281455,21294,21051,719,21770,256
2021-05-14,San Mateo,081,765935,42173,42041,462,42503,428
2021-05-14,Santa Barbara,083,443738,34370,34243,1113,35356,456
2021-05-14,Santa Clara,085,1922200,118307,119006,739,119745,2014
2021-05-14,Santa Cruz,087,273765,16195,16130,796,16926,207
2021-05-14,Shasta,089,179085,12147,12130,1528,13658,200
2021-05-14,Sierra,091,2930,56,54,12,66,0
2021-05-14,Siskiyou,093,43540,1883,1779,335,2114,14
2021-05-14,Solano,095,438530,32606,32585,541,33126,252
2021-05-14,Sonoma,097,501317,29870,30007,324,30331,321
2021-05-14,Stanislaus,099,539301,55992,55752,5826,61578,950
2021-05-14,Sutter,101,95872,9391,9433,81,9514,113
2021-05-14,Tehama,103,63373,5033,5005,552,5557,63
2021-05-14,Trinity,105,12862,483,328,87,415,3
2021-05-14,Tulare,107,460477,50091,49060,8823,57883,836
2021-05-14,Tuolumne,109,53932,4016,4060,41,4101,63
2021-05-14,Ventura,111,848112,81194,80628,2938,83566,1014
2021-05-14,Yolo,113,214977,13954,13922,220,14142,210
2021-05-14,Yuba,115,75493,6001,5970,119,6089,47
2021-05-13,Alameda,001,1643700,87592,87557,1896,89453,1250
2021-05-13,Alpine,003,1148,87,88,0,88,0
2021-05-13,Amador,005,37829,3658,3662,32,3694,46
2021-05-13,Butte,007,227075,12416,12051,1792,13843,196
2021-05-13,Calaveras,009,45235,2128,2120,13,2133,53
2021-05-13,Colusa,011,21464,1936,1939,296,2235,14
2021-05-13,Contra Costa,013,1133247,69034,68522,1240,69762,806
2021-05-13,Del Norte,015,27424,1391,1354,12,1366,8
2021-05-13,El Dorado,017,186661,10208,10133,731,10864,112
2021-05-13,Fresno,019,978130,102339,101862,8558,110420,1687
2021-05-13,Glenn,021,27897,2420,2395,552,2947,17
2021-05-13,Humboldt,023,135768,4119,4027,34,4061,37
2021-05-13,Imperial,025,180216,28516,28468,2672,31140,729
2021-05-13,Inyo,027,18085,1404,1400,12,1412,36
2021-05-13,Kern,029,883053,97020,95996,10665,106661,1311
2021-05-13,Kings,031,150075,23116,22904,1063,23967,246
2021-05-13,Lake,033,64148,3498,3479,9,3488,43
2021-05-13,Lassen,035,31185,5190,5152,106,5258,6
2021-05-13,Los Angeles,037,10098052,1205065,1195504,40613,1236117,24083
2021-05-13,Madera,039,155013,16563,16467,918,17385,238
2021-05-13,Marin,041,260295,14053,14004,244,14248,227
2021-05-13,Mariposa,043,17540,428,422,11,433,5
2021-05-13,Mendocino,045,87422,3929,3846,81,3927,46
2021-05-13,Merced,047,269075,30844,30989,1023,32012,450
2021-05-13,Modoc,049,8938,371,362,124,486,3
2021-05-13,Mono,051,14174,1253,1265,16,1281,3
2021-05-13,Monterey,053,433212,43096,42966,1832,44798,380
2021-05-13,Napa,055,140530,9883,9877,34,9911,82
2021-05-13,Nevada,057,99092,4774,4743,185,4928,70
2021-05-13,Orange,059,3164182,254968,253778,11169,264947,5026
2021-05-13,Placer,061,380077,23049,22668,1451,24119,288
2021-05-13,Plumas,063,18699,698,680,10,690,4
2021-05-13,Riverside,065,2383286,293532,288067,13787,301854,4433
2021-05-13,Sacramento,067,1510023,105059,104711,1705,106416,1626
2021-05-13,San Benito,069,59416,6044,6062,111,6173,63
2021-05-13,San Bernardino,071,2135413,292709,291765,8892,300657,4722
2021-05-13,San Diego,073,3302833,279683,278592,14796,293388,3729
2021-05-13,San Francisco,075,870044,36540,36741,1248,37989,544
2021-05-13,San Joaquin,077,732212,72704,72096,3447,75543,1357
2021-05-13,San Luis Obispo,079,281455,21279,21043,718,21761,255
2021-05-13,San Mateo,081,765935,42156,42059,462,42521,426
2021-05-13,Santa Barbara,083,443738,34358,34242,1113,35355,456
2021-05-13,Santa Clara,085,1922200,118280,118952,739,119691,2013
2021-05-13,Santa Cruz,087,273765,16189,16129,796,16925,208
2021-05-13,Shasta,089,179085,12127,12111,1524,13635,200
2021-05-13,Sierra,091,2930,56,54,12,66,0
2021-05-13,Siskiyou,093,43540,1876,1769,332,2101,14
2021-05-13,Solano,095,438530,32593,32548,539,33087,252
2021-05-13,Sonoma,097,501317,29845,29991,324,30315,321
2021-05-13,Stanislaus,099,539301,55955,55678,5820,61498,949
2021-05-13,Sutter,101,95872,9386,9431,80,9511,112
2021-05-13,Tehama,103,63373,5028,4997,552,5549,63
2021-05-13,Trinity,105,12862,482,327,86,413,3
2021-05-13,Tulare,107,460477,50065,49032,8815,57847,837
2021-05-13,Tuolumne,109,53932,4015,4059,41,4100,63
2021-05-13,Ventura,111,848112,81164,80615,2937,83552,1012
2021-05-13,Yolo,113,214977,13945,13914,218,14132,210
2021-05-13,Yuba,115,75493,5992,5962,119,6081,47
2021-05-12,Alameda,001,1643700,87560,87482,1894,89376,1261
2021-05-12,Alpine,003,1148,87,88,0,88,0
2021-05-12,Amador,005,37829,3658,3658,32,3690,46
2021-05-12,Butte,007,227075,12406,12026,1792,13818,199
2021-05-12,Calaveras,009,45235,2125,2119,13,2132,53
2021-05-12,Colusa,011,21464,1934,1939,295,2234,14
2021-05-12,Contra Costa,013,1133247,68975,68462,1234,69696,805
2021-05-12,Del Norte,015,27424,1389,1352,12,1364,8
2021-05-12,El Dorado,017,186661,10198,10123,731,10854,112
2021-05-12,Fresno,019,978130,102290,101838,8547,110385,1688
2021-05-12,Glenn,021,27897,2417,2391,552,2943,17
2021-05-12,Humboldt,023,135768,4091,3982,34,4016,37
2021-05-12,Imperial,025,180216,28498,28443,2669,31112,726
2021-05-12,Inyo,027,18085,1404,1400,12,1412,36
2021-05-12,Kern,029,883053,96984,95955,10658,106613,1310
2021-05-12,Kings,031,150075,23114,22896,1063,23959,246
2021-05-12,Lake,033,64148,3496,3476,9,3485,43
2021-05-12,Lassen,035,31185,5188,5151,106,5257,6
2021-05-12,Los Angeles,037,10098052,1204881,1195318,40597,1235915,24067
2021-05-12,Madera,039,155013,16556,16462,917,17379,238
2021-05-12,Marin,041,260295,14048,13997,244,14241,227
2021-05-12,Mariposa,043,17540,428,422,11,433,5
2021-05-12,Mendocino,045,87422,3919,3836,81,3917,46
2021-05-12,Merced,047,269075,30828,30941,1023,31964,450
2021-05-12,Modoc,049,8938,370,362,124,486,3
2021-05-12,Mono,051,14174,1253,1265,16,1281,3
2021-05-12,Monterey,053,433212,43084,42950,1831,44781,380
2021-05-12,Napa,055,140530,9877,9870,34,9904,82
2021-05-12,Nevada,057,99092,4770,4738,185,4923,70
2021-05-12,Orange,059,3164182,254917,253587,11165,264752,5024
2021-05-12,Placer,061,380077,23031,22652,1444,24096,288
2021-05-12,Plumas,063,18699,698,681,10,691,4
2021-05-12,Riverside,065,2383286,293462,287830,13783,301613,4431
2021-05-12,Sacramento,067,1510023,104964,104592,1703,106295,1621
2021-05-12,San Benito,069,59416,6044,6062,111,6173,63
2021-05-12,San Bernardino,071,2135413,292660,291505,8887,300392,4715
2021-05-12,San Diego,073,3302833,279579,278402,14775,293177,3729
2021-05-12,San Francisco,075,870044,36520,36720,1247,37967,544
2021-05-12,San Joaquin,077,732212,72650,72043,3443,75486,1356
2021-05-12,San Luis Obispo,079,281455,21269,21021,718,21739,255
2021-05-12,San Mateo,081,765935,42147,42038,461,42499,426
2021-05-12,Santa Barbara,083,443738,34350,34218,1113,35331,456
2021-05-12,Santa Clara,085,1922200,118236,118897,739,119636,2005
2021-05-12,Santa Cruz,087,273765,16183,16123,796,16919,207
2021-05-12,Shasta,089,179085,12107,12092,1522,13614,200
2021-05-12,Sierra,091,2930,56,54,12,66,0
2021-05-12,Siskiyou,093,43540,1872,1760,331,2091,13
2021-05-12,Solano,095,438530,32569,32519,539,33058,252
2021-05-12,Sonoma,097,501317,29833,29976,324,30300,320
2021-05-12,Stanislaus,099,539301,55915,55632,5813,61445,919
2021-05-12,Sutter,101,95872,9383,9427,80,9507,112
2021-05-12,Tehama,103,63373,5023,4989,552,5541,62
2021-05-12,Trinity,105,12862,482,327,86,413,3
2021-05-12,Tulare,107,460477,50049,49001,8807,57808,838
2021-05-12,Tuolumne,109,53932,4014,4056,41,4097,63
2021-05-12,Ventura,111,848112,81145,80577,2937,83514,1010
2021-05-12,Yolo,113,214977,13937,13910,217,14127,210
2021-05-12,Yuba,115,75493,5989,5956,119,6075,47
2021-05-11,Alameda,001,1643700,87495,87413,1890,89303,1290
2021-05-11,Alpine,003,1148,87,88,0,88,0
2021-05-11,Amador,005,37829,3656,3657,32,3689,46
2021-05-11,Butte,007,227075,12391,12008,1789,13797,199
2021-05-11,Calaveras,009,45235,2125,2118,13,2131,52
2021-05-11,Colusa,011,21464,1933,1939,295,2234,14
2021-05-11,Contra Costa,013,1133247,68915,68406,1233,69639,806
2021-05-11,Del Norte,015,27424,1387,1347,12,1359,8
2021-05-11,El Dorado,017,186661,10192,10108,730,10838,112
2021-05-11,Fresno,019,978130,102244,101792,8542,110334,1686
2021-05-11,Glenn,021,27897,2416,2387,551,2938,17
2021-05-11,Humboldt,023,135768,4070,3964,33,3997,37
2021-05-11,Imperial,025,180216,28490,28413,2665,31078,722
2021-05-11,Inyo,027,18085,1403,1402,12,1414,36
2021-05-11,Kern,029,883053,96956,95938,10645,106583,1310
2021-05-11,Kings,031,150075,23106,22887,1063,23950,246
2021-05-11,Lake,033,64148,3496,3473,9,3482,43
2021-05-11,Lassen,035,31185,5186,5148,106,5254,6
2021-05-11,Los Angeles,037,10098052,1204644,1195100,40580,1235680,24048
2021-05-11,Madera,039,155013,16552,16459,916,17375,238
2021-05-11,Marin,041,260295,14041,13987,244,14231,227
2021-05-11,Mariposa,043,17540,428,421,11,432,5
2021-05-11,Mendocino,045,87422,3911,3821,81,3902,46
2021-05-11,Merced,047,269075,30819,30893,1023,31916,449
2021-05-11,Modoc,049,8938,370,362,123,485,3
2021-05-11,Mono,051,14174,1253,1265,16,1281,3
2021-05-11,Monterey,053,433212,43076,42934,1830,44764,380
2021-05-11,Napa,055,140530,9870,9870,34,9904,81
2021-05-11,Nevada,057,99092,4766,4737,185,4922,70
2021-05-11,Orange,059,3164182,254853,253545,11158,264703,5017
2021-05-11,Placer,061,380077,23009,22615,1440,24055,287
2021-05-11,Plumas,063,18699,696,679,10,689,4
2021-05-11,Riverside,065,2383286,293400,287757,13778,301535,4429
2021-05-11,Sacramento,067,1510023,104865,104496,1700,106196,1616
2021-05-11,San Benito,069,59416,6041,6058,111,6169,63
2021-05-11,San Bernardino,071,2135413,292600,291421,8885,300306,4707
2021-05-11,San Diego,073,3302833,279444,278308,14756,293064,3725
2021-05-11,San Francisco,075,870044,36500,36707,1247,37954,543
2021-05-11,San Joaquin,077,732212,72602,71999,3440,75439,1356
2021-05-11,San Luis Obispo,079,281455,21262,21008,716,21724,255
2021-05-11,San Mateo,081,765935,42128,41985,460,42445,425
2021-05-11,Santa Barbara,083,443738,34340,34207,1113,35320,456
2021-05-11,Santa Clara,085,1922200,118189,118857,738,119595,2005
2021-05-11,Santa Cruz,087,273765,16179,16113,796,16909,206
2021-05-11,Shasta,089,179085,12084,12050,1516,13566,200
2021-05-11,Sierra,091,2930,56,54,12,66,0
2021-05-11,Siskiyou,093,43540,1862,1756,329,2085,13
2021-05-11,Solano,095,438530,32551,32499,537,33036,250
2021-05-11,Sonoma,097,501317,29818,29966,324,30290,318
2021-05-11,Stanislaus,099,539301,55868,55589,5809,61398,909
2021-05-11,Sutter,101,95872,9376,9417,80,9497,112
2021-05-11,Tehama,103,63373,5019,4985,551,5536,62
2021-05-11,Trinity,105,12862,482,327,85,412,3
2021-05-11,Tulare,107,460477,50022,48974,8793,57767,837
2021-05-11,Tuolumne,109,53932,4013,4056,41,4097,63
2021-05-11,Ventura,111,848112,81121,80544,2934,83478,1008
2021-05-11,Yolo,113,214977,13924,13902,214,14116,210
2021-05-11,Yuba,115,75493,5980,5950,119,6069,46
2021-05-10,Alameda,001,1643700,87426,87366,1889,89255,1284
2021-05-10,Alpine,003,1148,87,88,0,88,0
2021-05-10,Amador,005,37829,3655,3657,32,3689,46
2021-05-10,Butte,007,227075,12375,11993,1785,13778,199
2021-05-10,Calaveras,009,45235,2118,2118,13,2131,52
2021-05-10,Colusa,011,21464,1933,1939,295,2234,14
2021-05-10,Contra Costa,013,1133247,68851,68357,1233,69590,806
2021-05-10,Del Norte,015,27424,1384,1339,12,1351,8
2021-05-10,El Dorado,017,186661,10178,10093,730,10823,113
2021-05-10,Fresno,019,978130,102212,101755,8535,110290,1682
2021-05-10,Glenn,021,27897,2415,2384,550,2934,17
2021-05-10,Humboldt,023,135768,4040,3961,33,3994,36
2021-05-10,Imperial,025,180216,28476,28397,2661,31058,722
2021-05-10,Inyo,027,18085,1403,1401,12,1413,36
2021-05-10,Kern,029,883053,96913,95920,10631,106551,1310
2021-05-10,Kings,031,150075,23095,22884,1062,23946,246
2021-05-10,Lake,033,64148,3488,3471,9,3480,43
2021-05-10,Lassen,035,31185,5182,5148,106,5254,5
2021-05-10,Los Angeles,037,10098052,1204377,1194976,40565,1235541,24030
2021-05-10,Madera,039,155013,16542,16450,916,17366,238
2021-05-10,Marin,041,260295,14038,13981,244,14225,228
2021-05-10,Mariposa,043,17540,427,420,11,431,5
2021-05-10,Mendocino,045,87422,3905,3818,81,3899,46
2021-05-10,Merced,047,269075,30809,30880,1023,31903,448
2021-05-10,Modoc,049,8938,370,361,123,484,3
2021-05-10,Mono,051,14174,1253,1265,16,1281,3
2021-05-10,Monterey,053,433212,43070,42927,1825,44752,380
2021-05-10,Napa,055,140530,9868,9860,34,9894,81
2021-05-10,Nevada,057,99092,4759,4735,185,4920,70
2021-05-10,Orange,059,3164182,254800,253484,11152,264636,5008
2021-05-10,Placer,061,380077,22987,22590,1437,24027,286
2021-05-10,Plumas,063,18699,695,679,10,689,4
2021-05-10,Riverside,065,2383286,293331,287689,13772,301461,4427
2021-05-10,Sacramento,067,1510023,104752,104378,1695,106073,1613
2021-05-10,San Benito,069,59416,6040,6058,111,6169,63
2021-05-10,San Bernardino,071,2135413,292549,291360,8884,300244,4707
2021-05-10,San Diego,073,3302833,279280,278183,14729,292912,3725
2021-05-10,San Francisco,075,870044,36481,36683,1247,37930,543
2021-05-10,San Joaquin,077,732212,72565,71954,3426,75380,1356
2021-05-10,San Luis Obispo,079,281455,21244,20993,715,21708,256
2021-05-10,San Mateo,081,765935,42111,41926,460,42386,424
2021-05-10,Santa Barbara,083,443738,34332,34201,1113,35314,456
2021-05-10,Santa Clara,085,1922200,118130,118822,738,119560,2003
2021-05-10,Santa Cruz,087,273765,16174,16114,796,16910,206
2021-05-10,Shasta,089,179085,12070,12036,1512,13548,200
2021-05-10,Sierra,091,2930,56,54,12,66,0
2021-05-10,Siskiyou,093,43540,1852,1752,327,2079,13
2021-05-10,Solano,095,438530,32531,32466,535,33001,250
2021-05-10,Sonoma,097,501317,29803,29955,323,30278,318
2021-05-10,Stanislaus,099,539301,55793,55541,5803,61344,898
2021-05-10,Sutter,101,95872,9370,9412,80,9492,111
2021-05-10,Tehama,103,63373,5015,4980,551,5531,62
2021-05-10,Trinity,105,12862,482,327,83,410,3
2021-05-10,Tulare,107,460477,49999,48956,8787,57743,837
2021-05-10,Tuolumne,109,53932,4009,4054,40,4094,63
2021-05-10,Ventura,111,848112,81105,80501,2933,83434,1008
2021-05-10,Yolo,113,214977,13912,13898,212,14110,209
2021-05-10,Yuba,115,75493,5978,5942,119,6061,46
2021-05-09,Alameda,001,1643700,87356,87292,1886,89178,1284
2021-05-09,Alpine,003,1148,87,88,0,88,0
2021-05-09,Amador,005,37829,3653,3655,32,3687,46
2021-05-09,Butte,007,227075,12357,11985,1781,13766,199
2021-05-09,Calaveras,009,45235,2117,2116,13,2129,52
2021-05-09,Colusa,011,21464,1932,1940,295,2235,14
2021-05-09,Contra Costa,013,1133247,68788,68302,1231,69533,806
2021-05-09,Del Norte,015,27424,1377,1338,12,1350,8
2021-05-09,El Dorado,017,186661,10164,10089,726,10815,113
2021-05-09,Fresno,019,978130,102174,101729,8526,110255,1682
2021-05-09,Glenn,021,27897,2408,2382,547,2929,17
2021-05-09,Humboldt,023,135768,4020,3950,33,3983,36
2021-05-09,Imperial,025,180216,28453,28388,2653,31041,722
2021-05-09,Inyo,027,18085,1403,1401,11,1412,36
2021-05-09,Kern,029,883053,96885,95903,10621,106524,1310
2021-05-09,Kings,031,150075,23086,22878,1062,23940,246
2021-05-09,Lake,033,64148,3484,3471,9,3480,43
2021-05-09,Lassen,035,31185,5180,5147,106,5253,5
2021-05-09,Los Angeles,037,10098052,1204119,1194820,40550,1235370,24026
2021-05-09,Madera,039,155013,16533,16444,910,17354,238
2021-05-09,Marin,041,260295,14027,13979,243,14222,228
2021-05-09,Mariposa,043,17540,424,420,11,431,5
2021-05-09,Mendocino,045,87422,3895,3814,81,3895,46
2021-05-09,Merced,047,269075,30786,30883,1023,31906,448
2021-05-09,Modoc,049,8938,370,360,123,483,3
2021-05-09,Mono,051,14174,1253,1264,16,1280,3
2021-05-09,Monterey,053,433212,43052,42918,1825,44743,380
2021-05-09,Napa,055,140530,9857,9857,34,9891,81
2021-05-09,Nevada,057,99092,4752,4727,185,4912,70
2021-05-09,Orange,059,3164182,254746,253451,11144,264595,5008
2021-05-09,Placer,061,380077,22961,22566,1434,24000,286
2021-05-09,Plumas,063,18699,694,679,10,689,4
2021-05-09,Riverside,065,2383286,293251,287644,13766,301410,4427
2021-05-09,Sacramento,067,1510023,104603,104309,1689,105998,1612
2021-05-09,San Benito,069,59416,6038,6056,111,6167,63
2021-05-09,San Bernardino,071,2135413,292466,291337,8878,300215,4707
2021-05-09,San Diego,073,3302833,279113,277950,14707,292657,3725
2021-05-09,San Francisco,075,870044,36455,36669,1245,37914,543
2021-05-09,San Joaquin,077,732212,72519,71927,3425,75352,1356
2021-05-09,San Luis Obispo,079,281455,21233,20999,715,21714,256
2021-05-09,San Mateo,081,765935,42081,41903,460,42363,424
2021-05-09,Santa Barbara,083,443738,34319,34196,1112,35308,456
2021-05-09,Santa Clara,085,1922200,118076,118798,737,119535,2003
2021-05-09,Santa Cruz,087,273765,16168,16094,796,16890,206
2021-05-09,Shasta,089,179085,12040,12034,1507,13541,200
2021-05-09,Sierra,091,2930,56,54,12,66,0
2021-05-09,Siskiyou,093,43540,1845,1741,324,2065,13
2021-05-09,Solano,095,438530,32492,32434,533,32967,250
2021-05-09,Sonoma,097,501317,29789,29953,322,30275,318
2021-05-09,Stanislaus,099,539301,55727,55511,5799,61310,898
2021-05-09,Sutter,101,95872,9364,9413,80,9493,111
2021-05-09,Tehama,103,63373,5010,4979,551,5530,62
2021-05-09,Trinity,105,12862,482,327,83,410,3
2021-05-09,Tulare,107,460477,49972,48948,8782,57730,837
2021-05-09,Tuolumne,109,53932,4007,4053,40,4093,63
2021-05-09,Ventura,111,848112,81090,80487,2932,83419,1008
2021-05-09,Yolo,113,214977,13901,13897,212,14109,209
2021-05-09,Yuba,115,75493,5972,5934,119,6053,46
2021-05-08,Alameda,001,1643700,87314,87213,1882,89095,1284
2021-05-08,Alpine,003,1148,87,88,0,88,0
2021-05-08,Amador,005,37829,3651,3652,32,3684,46
2021-05-08,Butte,007,227075,12345,11962,1780,13742,199
2021-05-08,Calaveras,009,45235,2116,2114,13,2127,52
2021-05-08,Colusa,011,21464,1932,1939,295,2234,14
2021-05-08,Contra Costa,013,1133247,68755,68223,1229,69452,803
2021-05-08,Del Norte,015,27424,1374,1335,12,1347,8
2021-05-08,El Dorado,017,186661,10150,10079,726,10805,113
2021-05-08,Fresno,019,978130,102138,101676,8521,110197,1682
2021-05-08,Glenn,021,27897,2406,2382,545,2927,17
2021-05-08,Humboldt,023,135768,4004,3939,33,3972,36
2021-05-08,Imperial,025,180216,28445,28373,2653,31026,721
2021-05-08,Inyo,027,18085,1403,1402,11,1413,36
2021-05-08,Kern,029,883053,96860,95880,10608,106488,1310
2021-05-08,Kings,031,150075,23083,22872,1061,23933,246
2021-05-08,Lake,033,64148,3483,3470,9,3479,43
2021-05-08,Lassen,035,31185,5179,5145,106,5251,5
2021-05-08,Los Angeles,037,10098052,1203965,1194584,40534,1235118,24022
2021-05-08,Madera,039,155013,16529,16442,910,17352,238
2021-05-08,Marin,041,260295,14024,13974,242,14216,228
2021-05-08,Mariposa,043,17540,424,420,11,431,5
2021-05-08,Mendocino,045,87422,3890,3810,80,3890,46
2021-05-08,Merced,047,269075,30777,30876,1023,31899,448
2021-05-08,Modoc,049,8938,370,360,122,482,3
2021-05-08,Mono,051,14174,1253,1262,16,1278,3
2021-05-08,Monterey,053,433212,43047,42914,1824,44738,380
2021-05-08,Napa,055,140530,9850,9853,34,9887,81
2021-05-08,Nevada,057,99092,4749,4716,185,4901,70
2021-05-08,Orange,059,3164182,254712,253412,11140,264552,5006
2021-05-08,Placer,061,380077,22943,22547,1432,23979,286
2021-05-08,Plumas,063,18699,693,679,10,689,4
2021-05-08,Riverside,065,2383286,293208,287574,13764,301338,4427
2021-05-08,Sacramento,067,1510023,104518,104208,1686,105894,1610
2021-05-08,San Benito,069,59416,6037,6048,111,6159,63
2021-05-08,San Bernardino,071,2135413,292423,291296,8878,300174,4707
2021-05-08,San Diego,073,3302833,279030,277760,14689,292449,3725
2021-05-08,San Francisco,075,870044,36432,36642,1245,37887,543
2021-05-08,San Joaquin,077,732212,72490,71869,3416,75285,1356
2021-05-08,San Luis Obispo,079,281455,21222,20992,715,21707,256
2021-05-08,San Mateo,081,765935,42070,41871,460,42331,424
2021-05-08,Santa Barbara,083,443738,34306,34185,1112,35297,456
2021-05-08,Santa Clara,085,1922200,118045,118751,737,119488,2003
2021-05-08,Santa Cruz,087,273765,16165,16089,796,16885,206
2021-05-08,Shasta,089,179085,12030,12030,1503,13533,200
2021-05-08,Sierra,091,2930,56,54,12,66,0
2021-05-08,Siskiyou,093,43540,1844,1741,320,2061,13
2021-05-08,Solano,095,438530,32468,32395,531,32926,249
2021-05-08,Sonoma,097,501317,29776,29942,322,30264,318
2021-05-08,Stanislaus,099,539301,55696,55467,5795,61262,898
2021-05-08,Sutter,101,95872,9361,9413,80,9493,111
2021-05-08,Tehama,103,63373,5008,4977,551,5528,62
2021-05-08,Trinity,105,12862,482,327,83,410,3
2021-05-08,Tulare,107,460477,49958,48929,8772,57701,837
2021-05-08,Tuolumne,109,53932,4006,4050,40,4090,63
2021-05-08,Ventura,111,848112,81079,80481,2929,83410,1008
2021-05-08,Yolo,113,214977,13898,13894,211,14105,209
2021-05-08,Yuba,115,75493,5964,5928,119,6047,46
2021-05-07,Alameda,001,1643700,87261,87128,1882,89010,1280
2021-05-07,Alpine,003,1148,87,88,0,88,0
2021-05-07,Amador,005,37829,3648,3651,32,3683,46
2021-05-07,Butte,007,227075,12324,11943,1777,13720,199
2021-05-07,Calaveras,009,45235,2114,2114,13,2127,52
2021-05-07,Colusa,011,21464,1932,1937,295,2232,14
2021-05-07,Contra Costa,013,1133247,68708,68156,1227,69383,804
2021-05-07,Del Norte,015,27424,1369,1329,12,1341,8
2021-05-07,El Dorado,017,186661,10137,10065,725,10790,112
2021-05-07,Fresno,019,978130,102105,101625,8520,110145,1684
2021-05-07,Glenn,021,27897,2403,2381,544,2925,17
2021-05-07,Humboldt,023,135768,3989,3919,33,3952,36
2021-05-07,Imperial,025,180216,28437,28352,2653,31005,721
2021-05-07,Inyo,027,18085,1403,1402,11,1413,36
2021-05-07,Kern,029,883053,96847,95839,10596,106435,1308
2021-05-07,Kings,031,150075,23082,22857,1060,23917,246
2021-05-07,Lake,033,64148,3481,3467,9,3476,43
2021-05-07,Lassen,035,31185,5178,5144,105,5249,5
2021-05-07,Los Angeles,037,10098052,1203785,1194294,40527,1234821,24008
2021-05-07,Madera,039,155013,16524,16439,910,17349,238
2021-05-07,Marin,041,260295,14020,13968,242,14210,228
2021-05-07,Mariposa,043,17540,423,419,11,430,5
2021-05-07,Mendocino,045,87422,3884,3805,80,3885,46
2021-05-07,Merced,047,269075,30774,30862,1023,31885,446
2021-05-07,Modoc,049,8938,370,360,122,482,3
2021-05-07,Mono,051,14174,1252,1261,16,1277,3
2021-05-07,Monterey,053,433212,43041,42909,1822,44731,380
2021-05-07,Napa,055,140530,9849,9849,34,9883,81
2021-05-07,Nevada,057,99092,4745,4704,185,4889,70
2021-05-07,Orange,059,3164182,254672,253338,11132,264470,5000
2021-05-07,Placer,061,380077,22923,22524,1430,23954,286
2021-05-07,Plumas,063,18699,693,678,10,688,4
2021-05-07,Riverside,065,2383286,293150,287479,13763,301242,4426
2021-05-07,Sacramento,067,1510023,104446,104068,1681,105749,1609
2021-05-07,San Benito,069,59416,6036,6048,111,6159,63
2021-05-07,San Bernardino,071,2135413,292381,291185,8873,300058,4697
2021-05-07,San Diego,073,3302833,278944,277534,14673,292207,3718
2021-05-07,San Francisco,075,870044,36419,36616,1244,37860,543
2021-05-07,San Joaquin,077,732212,72449,71804,3414,75218,1351
2021-05-07,San Luis Obispo,079,281455,21215,20979,715,21694,256
2021-05-07,San Mateo,081,765935,42055,41844,460,42304,424
2021-05-07,Santa Barbara,083,443738,34296,34166,1112,35278,453
2021-05-07,Santa Clara,085,1922200,118012,118691,736,119427,2002
2021-05-07,Santa Cruz,087,273765,16162,16074,796,16870,206
2021-05-07,Shasta,089,179085,12008,12005,1501,13506,200
2021-05-07,Sierra,091,2930,56,54,12,66,0
2021-05-07,Siskiyou,093,43540,1841,1723,320,2043,13
2021-05-07,Solano,095,438530,32440,32352,529,32881,249
2021-05-07,Sonoma,097,501317,29758,29925,320,30245,318
2021-05-07,Stanislaus,099,539301,55656,55407,5790,61197,896
2021-05-07,Sutter,101,95872,9361,9407,80,9487,111
2021-05-07,Tehama,103,63373,5001,4974,551,5525,57
2021-05-07,Trinity,105,12862,482,327,83,410,3
2021-05-07,Tulare,107,460477,49941,48913,8767,57680,837
2021-05-07,Tuolumne,109,53932,4004,4048,40,4088,63
2021-05-07,Ventura,111,848112,81055,80444,2929,83373,1008
2021-05-07,Yolo,113,214977,13892,13875,210,14085,209
2021-05-07,Yuba,115,75493,5954,5910,119,6029,46
2021-05-06,Alameda,001,1643700,87185,87028,1879,88907,1278
2021-05-06,Alpine,003,1148,87,88,0,88,0
2021-05-06,Amador,005,37829,3646,3650,32,3682,46
2021-05-06,Butte,007,227075,12304,11929,1772,13701,198
2021-05-06,Calaveras,009,45235,2114,2111,13,2124,52
2021-05-06,Colusa,011,21464,1932,1935,295,2230,14
2021-05-06,Contra Costa,013,1133247,68653,68076,1224,69300,802
2021-05-06,Del Norte,015,27424,1361,1324,12,1336,6
2021-05-06,El Dorado,017,186661,10130,10048,725,10773,112
2021-05-06,Fresno,019,978130,102061,101536,8516,110052,1680
2021-05-06,Glenn,021,27897,2402,2380,543,2923,17
2021-05-06,Humboldt,023,135768,3964,3898,33,3931,36
2021-05-06,Imperial,025,180216,28426,28311,2652,30963,720
2021-05-06,Inyo,027,18085,1403,1401,11,1412,36
2021-05-06,Kern,029,883053,96822,95801,10579,106380,1307
2021-05-06,Kings,031,150075,23075,22848,1059,23907,246
2021-05-06,Lake,033,64148,3480,3465,9,3474,43
2021-05-06,Lassen,035,31185,5177,5143,105,5248,1
2021-05-06,Los Angeles,037,10098052,1203543,1193954,40511,1234465,23991
2021-05-06,Madera,039,155013,16516,16430,910,17340,238
2021-05-06,Marin,041,260295,14016,13956,242,14198,228
2021-05-06,Mariposa,043,17540,422,419,11,430,5
2021-05-06,Mendocino,045,87422,3873,3802,80,3882,46
2021-05-06,Merced,047,269075,30759,30863,1022,31885,444
2021-05-06,Modoc,049,8938,370,360,122,482,3
2021-05-06,Mono,051,14174,1250,1261,16,1277,3
2021-05-06,Monterey,053,433212,43026,42899,1822,44721,379
2021-05-06,Napa,055,140530,9843,9843,34,9877,81
2021-05-06,Nevada,057,99092,4744,4687,185,4872,70
2021-05-06,Orange,059,3164182,254604,253286,11126,264412,4991
2021-05-06,Placer,061,380077,22901,22493,1430,23923,286
2021-05-06,Plumas,063,18699,693,678,10,688,4
2021-05-06,Riverside,065,2383286,293077,287399,13758,301157,4422
2021-05-06,Sacramento,067,1510023,104330,103956,1678,105634,1609
2021-05-06,San Benito,069,59416,6035,6045,111,6156,63
2021-05-06,San Bernardino,071,2135413,292311,291085,8872,299957,4683
2021-05-06,San Diego,073,3302833,278817,277324,14650,291974,3716
2021-05-06,San Francisco,075,870044,36404,36599,1244,37843,543
2021-05-06,San Joaquin,077,732212,72394,71729,3411,75140,1350
2021-05-06,San Luis Obispo,079,281455,21203,20965,713,21678,256
2021-05-06,San Mateo,081,765935,42036,41802,459,42261,424
2021-05-06,Santa Barbara,083,443738,34283,34152,1112,35264,453
2021-05-06,Santa Clara,085,1922200,117971,118591,736,119327,2001
2021-05-06,Santa Cruz,087,273765,16155,16050,796,16846,206
2021-05-06,Shasta,089,179085,11986,11983,1495,13478,199
2021-05-06,Sierra,091,2930,56,54,12,66,0
2021-05-06,Siskiyou,093,43540,1831,1711,319,2030,12
2021-05-06,Solano,095,438530,32414,32320,521,32841,249
2021-05-06,Sonoma,097,501317,29750,29911,320,30231,318
2021-05-06,Stanislaus,099,539301,55600,55323,5785,61108,834
2021-05-06,Sutter,101,95872,9355,9396,80,9476,111
2021-05-06,Tehama,103,63373,4996,4970,551,5521,53
2021-05-06,Trinity,105,12862,482,327,83,410,3
2021-05-06,Tulare,107,460477,49916,48890,8752,57642,836
2021-05-06,Tuolumne,109,53932,4000,4047,40,4087,63
2021-05-06,Ventura,111,848112,81024,80411,2926,83337,1005
2021-05-06,Yolo,113,214977,13884,13871,207,14078,209
2021-05-06,Yuba,115,75493,5942,5901,119,6020,46
2021-05-05,Alameda,001,1643700,87124,86950,1877,88827,1278
2021-05-05,Alpine,003,1148,87,88,0,88,0
2021-05-05,Amador,005,37829,3643,3650,32,3682,46
2021-05-05,Butte,007,227075,12286,11907,1769,13676,198
2021-05-05,Calaveras,009,45235,2110,2103,13,2116,52
2021-05-05,Colusa,011,21464,1931,1933,295,2228,14
2021-05-05,Contra Costa,013,1133247,68588,67997,1220,69217,803
2021-05-05,Del Norte,015,27424,1358,1317,12,1329,6
2021-05-05,El Dorado,017,186661,10119,10020,724,10744,111
2021-05-05,Fresno,019,978130,102011,101491,8507,109998,1680
2021-05-05,Glenn,021,27897,2399,2380,542,2922,17
2021-05-05,Humboldt,023,135768,3945,3886,32,3918,36
2021-05-05,Imperial,025,180216,28385,28295,2645,30940,720
2021-05-05,Inyo,027,18085,1402,1401,11,1412,36
2021-05-05,Kern,029,883053,96778,95753,10575,106328,1304
2021-05-05,Kings,031,150075,23069,22840,1058,23898,246
2021-05-05,Lake,033,64148,3477,3458,9,3467,43
2021-05-05,Lassen,035,31185,5177,5143,104,5247,1
2021-05-05,Los Angeles,037,10098052,1203276,1193608,40497,1234105,23977
2021-05-05,Madera,039,155013,16514,16423,910,17333,235
2021-05-05,Marin,041,260295,14008,13950,241,14191,228
2021-05-05,Mariposa,043,17540,422,418,11,429,5
2021-05-05,Mendocino,045,87422,3869,3799,80,3879,46
2021-05-05,Merced,047,269075,30738,30844,1022,31866,444
2021-05-05,Modoc,049,8938,369,361,121,482,3
2021-05-05,Mono,051,14174,1250,1260,16,1276,3
2021-05-05,Monterey,053,433212,43013,42870,1819,44689,379
2021-05-05,Napa,055,140530,9837,9833,34,9867,81
2021-05-05,Nevada,057,99092,4741,4666,185,4851,70
2021-05-05,Orange,059,3164182,254546,253237,11121,264358,4978
2021-05-05,Placer,061,380077,22869,22362,1426,23788,287
2021-05-05,Plumas,063,18699,693,677,10,687,4
2021-05-05,Riverside,065,2383286,292982,287353,13749,301102,4414
2021-05-05,Sacramento,067,1510023,104242,103476,1673,105149,1607
2021-05-05,San Benito,069,59416,6026,6046,111,6157,63
2021-05-05,San Bernardino,071,2135413,292236,291008,8868,299876,4677
2021-05-05,San Diego,073,3302833,278680,277098,14631,291729,3716
2021-05-05,San Francisco,075,870044,36390,36577,1243,37820,543
2021-05-05,San Joaquin,077,732212,72341,71638,3408,75046,1345
2021-05-05,San Luis Obispo,079,281455,21195,20958,713,21671,256
2021-05-05,San Mateo,081,765935,42007,41755,458,42213,415
2021-05-05,Santa Barbara,083,443738,34268,34139,1111,35250,453
2021-05-05,Santa Clara,085,1922200,117941,118482,733,119215,1992
2021-05-05,Santa Cruz,087,273765,16149,16013,796,16809,207
2021-05-05,Shasta,089,179085,11970,11939,1491,13430,200
2021-05-05,Sierra,091,2930,56,54,12,66,0
2021-05-05,Siskiyou,093,43540,1814,1706,311,2017,11
2021-05-05,Solano,095,438530,32379,32250,519,32769,249
2021-05-05,Sonoma,097,501317,29737,29879,320,30199,318
2021-05-05,Stanislaus,099,539301,55543,55231,5783,61014,807
2021-05-05,Sutter,101,95872,9349,9387,80,9467,111
2021-05-05,Tehama,103,63373,4992,4968,551,5519,53
2021-05-05,Trinity,105,12862,482,326,83,409,3
2021-05-05,Tulare,107,460477,49892,48875,8745,57620,835
2021-05-05,Tuolumne,109,53932,3997,4040,40,4080,63
2021-05-05,Ventura,111,848112,80996,80372,2922,83294,1005
2021-05-05,Yolo,113,214977,13880,13846,205,14051,209
2021-05-05,Yuba,115,75493,5932,5895,118,6013,44
2021-05-04,Alameda,001,1643700,87032,86894,1877,88771,1277
2021-05-04,Alpine,003,1148,87,88,0,88,0
2021-05-04,Amador,005,37829,3643,3650,32,3682,46
2021-05-04,Butte,007,227075,12262,11883,1768,13651,198
2021-05-04,Calaveras,009,45235,2106,2100,13,2113,52
2021-05-04,Colusa,011,21464,1930,1933,295,2228,14
2021-05-04,Contra Costa,013,1133247,68508,67931,1218,69149,799
2021-05-04,Del Norte,015,27424,1358,1314,12,1326,6
2021-05-04,El Dorado,017,186661,10108,10009,720,10729,110
2021-05-04,Fresno,019,978130,101956,101451,8500,109951,1677
2021-05-04,Glenn,021,27897,2396,2379,539,2918,17
2021-05-04,Humboldt,023,135768,3919,3877,32,3909,36
2021-05-04,Imperial,025,180216,28365,28276,2642,30918,720
2021-05-04,Inyo,027,18085,1402,1399,11,1410,36
2021-05-04,Kern,029,883053,96742,95720,10557,106277,1301
2021-05-04,Kings,031,150075,23055,22822,1055,23877,246
2021-05-04,Lake,033,64148,3476,3454,9,3463,43
2021-05-04,Lassen,035,31185,5176,5142,104,5246,1
2021-05-04,Los Angeles,037,10098052,1202986,1193453,40484,1233937,23957
2021-05-04,Madera,039,155013,16513,16418,910,17328,235
2021-05-04,Marin,041,260295,14000,13935,241,14176,228
2021-05-04,Mariposa,043,17540,422,418,11,429,5
2021-05-04,Mendocino,045,87422,3864,3794,80,3874,46
2021-05-04,Merced,047,269075,30721,30829,1022,31851,444
2021-05-04,Modoc,049,8938,368,360,120,480,3
2021-05-04,Mono,051,14174,1250,1260,16,1276,3
2021-05-04,Monterey,053,433212,43001,42845,1818,44663,380
2021-05-04,Napa,055,140530,9828,9824,34,9858,81
2021-05-04,Nevada,057,99092,4734,4656,185,4841,70
2021-05-04,Orange,059,3164182,254478,253177,11113,264290,4977
2021-05-04,Placer,061,380077,22841,22326,1423,23749,287
2021-05-04,Plumas,063,18699,692,675,10,685,4
2021-05-04,Riverside,065,2383286,292898,287285,13742,301027,4411
2021-05-04,Sacramento,067,1510023,104113,103383,1668,105051,1604
2021-05-04,San Benito,069,59416,6025,6039,111,6150,63
2021-05-04,San Bernardino,071,2135413,292159,290934,8861,299795,4668
2021-05-04,San Diego,073,3302833,278513,276879,14614,291493,3713
2021-05-04,San Francisco,075,870044,36372,36550,1243,37793,541
2021-05-04,San Joaquin,077,732212,72280,71582,3403,74985,1342
2021-05-04,San Luis Obispo,079,281455,21189,20923,711,21634,255
2021-05-04,San Mateo,081,765935,41981,41708,458,42166,415
2021-05-04,Santa Barbara,083,443738,34253,34131,1110,35241,453
2021-05-04,Santa Clara,085,1922200,117878,118431,732,119163,1988
2021-05-04,Santa Cruz,087,273765,16143,16005,796,16801,207
2021-05-04,Shasta,089,179085,11950,11923,1485,13408,198
2021-05-04,Sierra,091,2930,56,54,12,66,0
2021-05-04,Siskiyou,093,43540,1807,1694,309,2003,11
2021-05-04,Solano,095,438530,32338,32220,517,32737,249
2021-05-04,Sonoma,097,501317,29717,29867,319,30186,318
2021-05-04,Stanislaus,099,539301,55487,55165,5780,60945,807
2021-05-04,Sutter,101,95872,9344,9375,80,9455,111
2021-05-04,Tehama,103,63373,4989,4959,550,5509,53
2021-05-04,Trinity,105,12862,482,326,83,409,3
2021-05-04,Tulare,107,460477,49865,48857,8737,57594,835
2021-05-04,Tuolumne,109,53932,3995,4041,40,4081,61
2021-05-04,Ventura,111,848112,80967,80351,2920,83271,1005
2021-05-04,Yolo,113,214977,13867,13820,203,14023,208
2021-05-04,Yuba,115,75493,5926,5891,118,6009,44
2021-05-03,Alameda,001,1643700,86956,86845,1872,88717,1272
2021-05-03,Alpine,003,1148,87,88,0,88,0
2021-05-03,Amador,005,37829,3643,3651,32,3683,46
2021-05-03,Butte,007,227075,12252,11864,1765,13629,198
2021-05-03,Calaveras,009,45235,2104,2099,13,2112,50
2021-05-03,Colusa,011,21464,1929,1931,293,2224,14
2021-05-03,Contra Costa,013,1133247,68449,67895,1214,69109,799
2021-05-03,Del Norte,015,27424,1353,1306,11,1317,6
2021-05-03,El Dorado,017,186661,10090,9984,715,10699,110
2021-05-03,Fresno,019,978130,101900,101405,8489,109894,1678
2021-05-03,Glenn,021,27897,2396,2375,538,2913,17
2021-05-03,Humboldt,023,135768,3904,3865,32,3897,36
2021-05-03,Imperial,025,180216,28343,28280,2639,30919,720
2021-05-03,Inyo,027,18085,1401,1398,11,1409,36
2021-05-03,Kern,029,883053,96705,95693,10546,106239,1299
2021-05-03,Kings,031,150075,23046,22821,1055,23876,246
2021-05-03,Lake,033,64148,3474,3446,9,3455,43
2021-05-03,Lassen,035,31185,5175,5142,104,5246,1
2021-05-03,Los Angeles,037,10098052,1202718,1193261,40458,1233719,23942
2021-05-03,Madera,039,155013,16508,16414,909,17323,235
2021-05-03,Marin,041,260295,13994,13927,241,14168,228
2021-05-03,Mariposa,043,17540,422,418,11,429,5
2021-05-03,Mendocino,045,87422,3857,3792,80,3872,46
2021-05-03,Merced,047,269075,30710,30814,1020,31834,444
2021-05-03,Modoc,049,8938,368,360,120,480,3
2021-05-03,Mono,051,14174,1250,1259,16,1275,3
2021-05-03,Monterey,053,433212,42989,42837,1816,44653,380
2021-05-03,Napa,055,140530,9823,9815,34,9849,81
2021-05-03,Nevada,057,99092,4726,4650,185,4835,70
2021-05-03,Orange,059,3164182,254419,253107,11104,264211,4968
2021-05-03,Placer,061,380077,22810,22289,1417,23706,287
2021-05-03,Plumas,063,18699,691,675,10,685,4
2021-05-03,Riverside,065,2383286,292824,287233,13741,300974,4412
2021-05-03,Sacramento,067,1510023,103960,103303,1658,104961,1602
2021-05-03,San Benito,069,59416,6024,6038,111,6149,63
2021-05-03,San Bernardino,071,2135413,292091,290886,8858,299744,4659
2021-05-03,San Diego,073,3302833,278350,276693,14589,291282,3712
2021-05-03,San Francisco,075,870044,36346,36538,1243,37781,541
2021-05-03,San Joaquin,077,732212,72230,71504,3400,74904,1325
2021-05-03,San Luis Obispo,079,281455,21173,20915,708,21623,254
2021-05-03,San Mateo,081,765935,41958,41689,457,42146,413
2021-05-03,Santa Barbara,083,443738,34241,34119,1110,35229,453
2021-05-03,Santa Clara,085,1922200,117824,118373,731,119104,1988
2021-05-03,Santa Cruz,087,273765,16140,16000,796,16796,207
2021-05-03,Shasta,089,179085,11927,11890,1480,13370,197
2021-05-03,Sierra,091,2930,56,54,12,66,0
2021-05-03,Siskiyou,093,43540,1801,1683,303,1986,11
2021-05-03,Solano,095,438530,32297,32201,516,32717,249
2021-05-03,Sonoma,097,501317,29705,29855,316,30171,318
2021-05-03,Stanislaus,099,539301,55421,55116,5771,60887,774
2021-05-03,Sutter,101,95872,9332,9370,80,9450,111
2021-05-03,Tehama,103,63373,4981,4952,550,5502,53
2021-05-03,Trinity,105,12862,482,326,83,409,3
2021-05-03,Tulare,107,460477,49847,48844,8727,57571,835
2021-05-03,Tuolumne,109,53932,3994,4038,40,4078,61
2021-05-03,Ventura,111,848112,80945,80291,2920,83211,1005
2021-05-03,Yolo,113,214977,13853,13809,202,14011,208
2021-05-03,Yuba,115,75493,5921,5880,118,5998,44
2021-05-02,Alameda,001,1643700,86871,86784,1870,88654,1272
2021-05-02,Alpine,003,1148,87,88,0,88,0
2021-05-02,Amador,005,37829,3643,3650,32,3682,46
2021-05-02,Butte,007,227075,12228,11859,1763,13622,198
2021-05-02,Calaveras,009,45235,2100,2098,13,2111,50
2021-05-02,Colusa,011,21464,1928,1931,292,2223,14
2021-05-02,Contra Costa,013,1133247,68364,67843,1212,69055,800
2021-05-02,Del Norte,015,27424,1346,1305,11,1316,6
2021-05-02,El Dorado,017,186661,10075,9962,714,10676,110
2021-05-02,Fresno,019,978130,101828,101372,8478,109850,1678
2021-05-02,Glenn,021,27897,2395,2374,536,2910,17
2021-05-02,Humboldt,023,135768,3892,3858,31,3889,36
2021-05-02,Imperial,025,180216,28309,28275,2630,30905,721
2021-05-02,Inyo,027,18085,1399,1398,11,1409,36
2021-05-02,Kern,029,883053,96647,95668,10539,106207,1299
2021-05-02,Kings,031,150075,23028,22816,1054,23870,246
2021-05-02,Lake,033,64148,3472,3443,9,3452,43
2021-05-02,Lassen,035,31185,5174,5142,103,5245,1
2021-05-02,Los Angeles,037,10098052,1202366,1193056,40437,1233493,23943
2021-05-02,Madera,039,155013,16502,16410,909,17319,235
2021-05-02,Marin,041,260295,13984,13917,241,14158,228
2021-05-02,Mariposa,043,17540,422,419,11,430,5
2021-05-02,Mendocino,045,87422,3852,3787,80,3867,46
2021-05-02,Merced,047,269075,30690,30793,1016,31809,444
2021-05-02,Modoc,049,8938,367,360,120,480,3
2021-05-02,Mono,051,14174,1249,1259,16,1275,3
2021-05-02,Monterey,053,433212,42975,42837,1815,44652,380
2021-05-02,Napa,055,140530,9819,9805,34,9839,81
2021-05-02,Nevada,057,99092,4710,4635,185,4820,70
2021-05-02,Orange,059,3164182,254345,253025,11090,264115,4968
2021-05-02,Placer,061,380077,22781,22264,1414,23678,287
2021-05-02,Plumas,063,18699,691,675,10,685,4
2021-05-02,Riverside,065,2383286,292724,287197,13731,300928,4412
2021-05-02,Sacramento,067,1510023,103820,103153,1651,104804,1602
2021-05-02,San Benito,069,59416,6019,6037,111,6148,63
2021-05-02,San Bernardino,071,2135413,291992,290859,8856,299715,4655
2021-05-02,San Diego,073,3302833,278154,276521,14562,291083,3712
2021-05-02,San Francisco,075,870044,36320,36522,1243,37765,541
2021-05-02,San Joaquin,077,732212,72166,71447,3394,74841,1325
2021-05-02,San Luis Obispo,079,281455,21152,20910,707,21617,254
2021-05-02,San Mateo,081,765935,41942,41656,456,42112,412
2021-05-02,Santa Barbara,083,443738,34227,34106,1110,35216,453
2021-05-02,Santa Clara,085,1922200,117750,118321,731,119052,1988
2021-05-02,Santa Cruz,087,273765,16135,15995,795,16790,207
2021-05-02,Shasta,089,179085,11911,11885,1472,13357,197
2021-05-02,Sierra,091,2930,56,54,12,66,0
2021-05-02,Siskiyou,093,43540,1790,1661,302,1963,11
2021-05-02,Solano,095,438530,32258,32151,512,32663,249
2021-05-02,Sonoma,097,501317,29683,29842,316,30158,318
2021-05-02,Stanislaus,099,539301,55347,55057,5764,60821,774
2021-05-02,Sutter,101,95872,9326,9363,80,9443,111
2021-05-02,Tehama,103,63373,4976,4950,548,5498,53
2021-05-02,Trinity,105,12862,482,326,83,409,3
2021-05-02,Tulare,107,460477,49829,48834,8719,57553,835
2021-05-02,Tuolumne,109,53932,3991,4038,40,4078,61
2021-05-02,Ventura,111,848112,80907,80284,2919,83203,1005
2021-05-02,Yolo,113,214977,13841,13799,201,14000,208
2021-05-02,Yuba,115,75493,5911,5879,118,5997,44
2021-05-01,Alameda,001,1643700,86828,86704,1867,88571,1270
2021-05-01,Alpine,003,1148,87,88,0,88,0
2021-05-01,Amador,005,37829,3643,3650,32,3682,46
2021-05-01,Butte,007,227075,12214,11845,1758,13603,198
2021-05-01,Calaveras,009,45235,2098,2096,13,2109,50
2021-05-01,Colusa,011,21464,1927,1931,292,2223,14
2021-05-01,Contra Costa,013,1133247,68312,67779,1209,68988,800
2021-05-01,Del Norte,015,27424,1345,1292,11,1303,6
2021-05-01,El Dorado,017,186661,10061,9944,712,10656,110
2021-05-01,Fresno,019,978130,101783,101326,8472,109798,1678
2021-05-01,Glenn,021,27897,2392,2369,535,2904,17
2021-05-01,Humboldt,023,135768,3878,3845,31,3876,36
2021-05-01,Imperial,025,180216,28302,28262,2630,30892,721
2021-05-01,Inyo,027,18085,1399,1397,11,1408,36
2021-05-01,Kern,029,883053,96620,95645,10528,106173,1299
2021-05-01,Kings,031,150075,23025,22797,1053,23850,246
2021-05-01,Lake,033,64148,3470,3441,9,3450,43
2021-05-01,Lassen,035,31185,5172,5142,103,5245,1
2021-05-01,Los Angeles,037,10098052,1202196,1192781,40423,1233204,23946
2021-05-01,Madera,039,155013,16498,16408,909,17317,235
2021-05-01,Marin,041,260295,13977,13902,241,14143,228
2021-05-01,Mariposa,043,17540,422,418,11,429,5
2021-05-01,Mendocino,045,87422,3850,3782,80,3862,46
2021-05-01,Merced,047,269075,30673,30771,1015,31786,444
2021-05-01,Modoc,049,8938,367,361,120,481,3
2021-05-01,Mono,051,14174,1249,1258,16,1274,3
2021-05-01,Monterey,053,433212,42969,42828,1815,44643,379
2021-05-01,Napa,055,140530,9816,9800,34,9834,81
2021-05-01,Nevada,057,99092,4705,4625,185,4810,70
2021-05-01,Orange,059,3164182,254302,252969,11080,264049,4964
2021-05-01,Placer,061,380077,22755,22240,1412,23652,287
2021-05-01,Plumas,063,18699,690,675,10,685,4
2021-05-01,Riverside,065,2383286,292685,287129,13729,300858,4412
2021-05-01,Sacramento,067,1510023,103739,103043,1650,104693,1602
2021-05-01,San Benito,069,59416,6016,6030,111,6141,63
2021-05-01,San Bernardino,071,2135413,291949,290802,8855,299657,4652
2021-05-01,San Diego,073,3302833,278030,276367,14541,290908,3706
2021-05-01,San Francisco,075,870044,36305,36496,1243,37739,541
2021-05-01,San Joaquin,077,732212,72117,71389,3392,74781,1325
2021-05-01,San Luis Obispo,079,281455,21147,20896,707,21603,254
2021-05-01,San Mateo,081,765935,41913,41617,455,42072,411
2021-05-01,Santa Barbara,083,443738,34222,34085,1109,35194,453
2021-05-01,Santa Clara,085,1922200,117698,118265,729,118994,1988
2021-05-01,Santa Cruz,087,273765,16132,15984,795,16779,207
2021-05-01,Shasta,089,179085,11891,11878,1465,13343,197
2021-05-01,Sierra,091,2930,56,53,12,65,0
2021-05-01,Siskiyou,093,43540,1782,1653,301,1954,11
2021-05-01,Solano,095,438530,32228,32124,504,32628,249
2021-05-01,Sonoma,097,501317,29680,29835,316,30151,318
2021-05-01,Stanislaus,099,539301,55312,55005,5758,60763,774
2021-05-01,Sutter,101,95872,9323,9358,80,9438,110
2021-05-01,Tehama,103,63373,4975,4950,547,5497,53
2021-05-01,Trinity,105,12862,482,326,82,408,3
2021-05-01,Tulare,107,460477,49822,48818,8713,57531,835
2021-05-01,Tuolumne,109,53932,3985,4035,40,4075,61
2021-05-01,Ventura,111,848112,80889,80268,2919,83187,1005
2021-05-01,Yolo,113,214977,13834,13784,199,13983,208
2021-05-01,Yuba,115,75493,5909,5875,118,5993,44
2021-04-30,Alameda,001,1643700,86767,86602,1864,88466,1268
2021-04-30,Alpine,003,1148,87,88,0,88,0
2021-04-30,Amador,005,37829,3641,3650,32,3682,46
2021-04-30,Butte,007,227075,12195,11812,1754,13566,197
2021-04-30,Calaveras,009,45235,2097,2087,13,2100,50
2021-04-30,Colusa,011,21464,1927,1931,291,2222,14
2021-04-30,Contra Costa,013,1133247,68264,67684,1206,68890,800
2021-04-30,Del Norte,015,27424,1333,1276,11,1287,6
2021-04-30,El Dorado,017,186661,10047,9906,712,10618,110
2021-04-30,Fresno,019,978130,101737,101263,8468,109731,1670
2021-04-30,Glenn,021,27897,2391,2369,535,2904,17
2021-04-30,Humboldt,023,135768,3865,3834,31,3865,36
2021-04-30,Imperial,025,180216,28293,28244,2627,30871,721
2021-04-30,Inyo,027,18085,1399,1397,11,1408,36
2021-04-30,Kern,029,883053,96603,95605,10524,106129,1298
2021-04-30,Kings,031,150075,23022,22793,1052,23845,246
2021-04-30,Lake,033,64148,3466,3440,9,3449,43
2021-04-30,Lassen,035,31185,5171,5140,103,5243,1
2021-04-30,Los Angeles,037,10098052,1201985,1192393,40410,1232803,23919
2021-04-30,Madera,039,155013,16492,16395,909,17304,235
2021-04-30,Marin,041,260295,13969,13895,239,14134,228
2021-04-30,Mariposa,043,17540,422,417,11,428,5
2021-04-30,Mendocino,045,87422,3846,3777,80,3857,46
2021-04-30,Merced,047,269075,30660,30740,1014,31754,444
2021-04-30,Modoc,049,8938,366,360,120,480,3
2021-04-30,Mono,051,14174,1249,1258,16,1274,3
2021-04-30,Monterey,053,433212,42955,42810,1814,44624,379
2021-04-30,Napa,055,140530,9812,9792,34,9826,81
2021-04-30,Nevada,057,99092,4697,4608,185,4793,70
2021-04-30,Orange,059,3164182,254245,252883,11074,263957,4956
2021-04-30,Placer,061,380077,22736,22190,1408,23598,287
2021-04-30,Plumas,063,18699,690,677,10,687,4
2021-04-30,Riverside,065,2383286,292627,287030,13722,300752,4412
2021-04-30,Sacramento,067,1510023,103638,102864,1646,104510,1596
2021-04-30,San Benito,069,59416,6012,6024,110,6134,63
2021-04-30,San Bernardino,071,2135413,291889,290704,8854,299558,4640
2021-04-30,San Diego,073,3302833,277934,276157,14530,290687,3702
2021-04-30,San Francisco,075,870044,36294,36453,1242,37695,538
2021-04-30,San Joaquin,077,732212,72065,71311,3389,74700,1306
2021-04-30,San Luis Obispo,079,281455,21141,20884,707,21591,255
2021-04-30,San Mateo,081,765935,41899,41583,454,42037,380
2021-04-30,Santa Barbara,083,443738,34209,34061,1109,35170,451
2021-04-30,Santa Clara,085,1922200,117640,118170,725,118895,1988
2021-04-30,Santa Cruz,087,273765,16127,15975,795,16770,207
2021-04-30,Shasta,089,179085,11870,11848,1462,13310,197
2021-04-30,Sierra,091,2930,56,53,12,65,0
2021-04-30,Siskiyou,093,43540,1771,1628,298,1926,11
2021-04-30,Solano,095,438530,32196,32050,501,32551,249
2021-04-30,Sonoma,097,501317,29670,29816,314,30130,318
2021-04-30,Stanislaus,099,539301,55261,54938,5755,60693,774
2021-04-30,Sutter,101,95872,9321,9353,80,9433,110
2021-04-30,Tehama,103,63373,4972,4944,547,5491,53
2021-04-30,Trinity,105,12862,482,326,82,408,3
2021-04-30,Tulare,107,460477,49812,48797,8697,57494,836
2021-04-30,Tuolumne,109,53932,3984,4033,40,4073,61
2021-04-30,Ventura,111,848112,80849,80232,2914,83146,1004
2021-04-30,Yolo,113,214977,13822,13756,199,13955,208
2021-04-30,Yuba,115,75493,5901,5870,118,5988,44
2021-04-29,Alameda,001,1643700,86700,86490,1863,88353,1263
2021-04-29,Alpine,003,1148,87,88,0,88,0
2021-04-29,Amador,005,37829,3641,3649,32,3681,46
2021-04-29,Butte,007,227075,12180,11787,1752,13539,196
2021-04-29,Calaveras,009,45235,2094,2082,13,2095,50
2021-04-29,Colusa,011,21464,1927,1929,291,2220,14
2021-04-29,Contra Costa,013,1133247,68209,67606,1203,68809,795
2021-04-29,Del Norte,015,27424,1329,1271,11,1282,6
2021-04-29,El Dorado,017,186661,10027,9884,709,10593,107
2021-04-29,Fresno,019,978130,101683,101189,8457,109646,1667
2021-04-29,Glenn,021,27897,2388,2369,535,2904,17
2021-04-29,Humboldt,023,135768,3851,3815,31,3846,36
2021-04-29,Imperial,025,180216,28281,28235,2626,30861,720
2021-04-29,Inyo,027,18085,1399,1396,11,1407,36
2021-04-29,Kern,029,883053,96570,95547,10520,106067,1295
2021-04-29,Kings,031,150075,23012,22777,1047,23824,245
2021-04-29,Lake,033,64148,3458,3438,9,3447,43
2021-04-29,Lassen,035,31185,5171,5140,103,5243,1
2021-04-29,Los Angeles,037,10098052,1201707,1192068,40389,1232457,23899
2021-04-29,Madera,039,155013,16487,16383,908,17291,235
2021-04-29,Marin,041,260295,13965,13884,231,14115,228
2021-04-29,Mariposa,043,17540,421,416,11,427,5
2021-04-29,Mendocino,045,87422,3840,3774,80,3854,46
2021-04-29,Merced,047,269075,30641,30706,1013,31719,444
2021-04-29,Modoc,049,8938,366,360,120,480,3
2021-04-29,Mono,051,14174,1246,1259,16,1275,3
2021-04-29,Monterey,053,433212,42938,42797,1813,44610,379
2021-04-29,Napa,055,140530,9798,9789,34,9823,81
2021-04-29,Nevada,057,99092,4686,4590,185,4775,70
2021-04-29,Orange,059,3164182,254175,252823,11059,263882,4934
2021-04-29,Placer,061,380077,22711,22161,1406,23567,286
2021-04-29,Plumas,063,18699,689,676,10,686,4
2021-04-29,Riverside,065,2383286,292559,286947,13720,300667,4409
2021-04-29,Sacramento,067,1510023,103505,102686,1637,104323,1593
2021-04-29,San Benito,069,59416,6011,6023,110,6133,63
2021-04-29,San Bernardino,071,2135413,291817,290606,8849,299455,4609
2021-04-29,San Diego,073,3302833,277783,275961,14513,290474,3700
2021-04-29,San Francisco,075,870044,36269,36412,1242,37654,537
2021-04-29,San Joaquin,077,732212,71999,71225,3384,74609,1301
2021-04-29,San Luis Obispo,079,281455,21130,20876,707,21583,255
2021-04-29,San Mateo,081,765935,41871,41538,453,41991,358
2021-04-29,Santa Barbara,083,443738,34193,34039,1107,35146,448
2021-04-29,Santa Clara,085,1922200,117585,118082,722,118804,1984
2021-04-29,Santa Cruz,087,273765,16121,15961,795,16756,205
2021-04-29,Shasta,089,179085,11839,11836,1454,13290,193
2021-04-29,Sierra,091,2930,56,53,12,65,0
2021-04-29,Siskiyou,093,43540,1762,1615,295,1910,11
2021-04-29,Solano,095,438530,32155,32002,497,32499,248
2021-04-29,Sonoma,097,501317,29655,29785,311,30096,318
2021-04-29,Stanislaus,099,539301,55194,54836,5750,60586,774
2021-04-29,Sutter,101,95872,9314,9346,80,9426,110
2021-04-29,Tehama,103,63373,4964,4939,547,5486,53
2021-04-29,Trinity,105,12862,482,326,82,408,3
2021-04-29,Tulare,107,460477,49794,48785,8686,57471,832
2021-04-29,Tuolumne,109,53932,3983,4030,40,4070,58
2021-04-29,Ventura,111,848112,80815,80188,2912,83100,1002
2021-04-29,Yolo,113,214977,13802,13745,198,13943,205
2021-04-29,Yuba,115,75493,5891,5865,118,5983,44
2021-04-28,Alameda,001,1643700,86628,86390,1859,88249,1260
2021-04-28,Alpine,003,1148,87,88,0,88,0
2021-04-28,Amador,005,37829,3641,3646,32,3678,46
2021-04-28,Butte,007,227075,12160,11762,1747,13509,196
2021-04-28,Calaveras,009,45235,2090,2078,12,2090,50
2021-04-28,Colusa,011,21464,1924,1927,290,2217,14
2021-04-28,Contra Costa,013,1133247,68149,67539,1201,68740,795
2021-04-28,Del Norte,015,27424,1321,1267,11,1278,6
2021-04-28,El Dorado,017,186661,10002,9873,709,10582,107
2021-04-28,Fresno,019,978130,101636,101161,8447,109608,1666
2021-04-28,Glenn,021,27897,2385,2368,535,2903,17
2021-04-28,Humboldt,023,135768,3835,3796,31,3827,36
2021-04-28,Imperial,025,180216,28267,28177,2625,30802,720
2021-04-28,Inyo,027,18085,1399,1396,10,1406,36
2021-04-28,Kern,029,883053,96541,95494,10511,106005,1295
2021-04-28,Kings,031,150075,23000,22767,1045,23812,245
2021-04-28,Lake,033,64148,3455,3433,9,3442,43
2021-04-28,Lassen,035,31185,5171,5138,103,5241,1
2021-04-28,Los Angeles,037,10098052,1201405,1191729,40362,1232091,23858
2021-04-28,Madera,039,155013,16483,16372,908,17280,235
2021-04-28,Marin,041,260295,13954,13866,231,14097,227
2021-04-28,Mariposa,043,17540,418,415,11,426,5
2021-04-28,Mendocino,045,87422,3834,3770,78,3848,46
2021-04-28,Merced,047,269075,30623,30649,1013,31662,443
2021-04-28,Modoc,049,8938,366,360,120,480,3
2021-04-28,Mono,051,14174,1246,1258,16,1274,3
2021-04-28,Monterey,053,433212,42933,42776,1813,44589,379
2021-04-28,Napa,055,140530,9787,9777,34,9811,81
2021-04-28,Nevada,057,99092,4666,4570,185,4755,70
2021-04-28,Orange,059,3164182,254095,252747,11047,263794,4931
2021-04-28,Placer,061,380077,22684,22115,1405,23520,285
2021-04-28,Plumas,063,18699,689,676,10,686,4
2021-04-28,Riverside,065,2383286,292503,286868,13714,300582,4407
2021-04-28,Sacramento,067,1510023,103383,102613,1633,104246,1591
2021-04-28,San Benito,069,59416,6009,6021,110,6131,63
2021-04-28,San Bernardino,071,2135413,291738,290548,8839,299387,4582
2021-04-28,San Diego,073,3302833,277629,275821,14499,290320,3698
2021-04-28,San Francisco,075,870044,36239,36382,1241,37623,534
2021-04-28,San Joaquin,077,732212,71919,71171,3376,74547,1301
2021-04-28,San Luis Obispo,079,281455,21122,20851,707,21558,255
2021-04-28,San Mateo,081,765935,41846,41498,451,41949,358
2021-04-28,Santa Barbara,083,443738,34179,34003,1107,35110,448
2021-04-28,Santa Clara,085,1922200,117516,117997,720,118717,1969
2021-04-28,Santa Cruz,087,273765,16117,15943,794,16737,205
2021-04-28,Shasta,089,179085,11823,11815,1447,13262,192
2021-04-28,Sierra,091,2930,56,51,12,63,0
2021-04-28,Siskiyou,093,43540,1749,1603,292,1895,11
2021-04-28,Solano,095,438530,32123,31982,492,32474,248
2021-04-28,Sonoma,097,501317,29641,29773,307,30080,318
2021-04-28,Stanislaus,099,539301,55139,54745,5747,60492,774
2021-04-28,Sutter,101,95872,9309,9343,80,9423,110
2021-04-28,Tehama,103,63373,4959,4930,546,5476,53
2021-04-28,Trinity,105,12862,482,326,82,408,3
2021-04-28,Tulare,107,460477,49776,48754,8671,57425,832
2021-04-28,Tuolumne,109,53932,3980,4029,40,4069,58
2021-04-28,Ventura,111,848112,80780,80172,2910,83082,1000
2021-04-28,Yolo,113,214977,13788,13721,197,13918,205
2021-04-28,Yuba,115,75493,5885,5857,118,5975,44
2021-04-27,Alameda,001,1643700,86538,86301,1853,88154,1260
2021-04-27,Alpine,003,1148,87,88,0,88,0
2021-04-27,Amador,005,37829,3641,3645,32,3677,46
2021-04-27,Butte,007,227075,12135,11738,1741,13479,196
2021-04-27,Calaveras,009,45235,2088,2076,12,2088,50
2021-04-27,Colusa,011,21464,1923,1926,290,2216,14
2021-04-27,Contra Costa,013,1133247,68080,67470,1197,68667,791
2021-04-27,Del Norte,015,27424,1309,1266,11,1277,6
2021-04-27,El Dorado,017,186661,9973,9866,706,10572,106
2021-04-27,Fresno,019,978130,101571,101138,8437,109575,1663
2021-04-27,Glenn,021,27897,2385,2368,535,2903,17
2021-04-27,Humboldt,023,135768,3823,3780,31,3811,35
2021-04-27,Imperial,025,180216,28251,28149,2619,30768,720
2021-04-27,Inyo,027,18085,1399,1396,10,1406,36
2021-04-27,Kern,029,883053,96484,95466,10501,105967,1295
2021-04-27,Kings,031,150075,22985,22759,1043,23802,244
2021-04-27,Lake,033,64148,3454,3431,9,3440,43
2021-04-27,Lassen,035,31185,5171,5137,103,5240,1
2021-04-27,Los Angeles,037,10098052,1201082,1191504,40332,1231836,23825
2021-04-27,Madera,039,155013,16476,16365,908,17273,235
2021-04-27,Marin,041,260295,13932,13855,231,14086,227
2021-04-27,Mariposa,043,17540,417,413,11,424,5
2021-04-27,Mendocino,045,87422,3830,3765,78,3843,46
2021-04-27,Merced,047,269075,30582,30620,1013,31633,443
2021-04-27,Modoc,049,8938,365,360,120,480,3
2021-04-27,Mono,051,14174,1246,1257,16,1273,3
2021-04-27,Monterey,053,433212,42915,42752,1810,44562,379
2021-04-27,Napa,055,140530,9780,9774,32,9806,81
2021-04-27,Nevada,057,99092,4651,4557,185,4742,70
2021-04-27,Orange,059,3164182,254025,252667,11042,263709,4925
2021-04-27,Placer,061,380077,22655,22050,1401,23451,285
2021-04-27,Plumas,063,18699,688,675,10,685,4
2021-04-27,Riverside,065,2383286,292427,286820,13710,300530,4405
2021-04-27,Sacramento,067,1510023,103254,102595,1623,104218,1589
2021-04-27,San Benito,069,59416,6004,6016,110,6126,63
2021-04-27,San Bernardino,071,2135413,291671,290461,8834,299295,4575
2021-04-27,San Diego,073,3302833,277472,275685,14479,290164,3692
2021-04-27,San Francisco,075,870044,36211,36358,1240,37598,533
2021-04-27,San Joaquin,077,732212,71866,71104,3370,74474,1301
2021-04-27,San Luis Obispo,079,281455,21115,20841,707,21548,255
2021-04-27,San Mateo,081,765935,41811,41474,450,41924,358
2021-04-27,Santa Barbara,083,443738,34155,33973,1106,35079,448
2021-04-27,Santa Clara,085,1922200,117466,117945,719,118664,1969
2021-04-27,Santa Cruz,087,273765,16110,15905,793,16698,205
2021-04-27,Shasta,089,179085,11795,11802,1440,13242,192
2021-04-27,Sierra,091,2930,56,51,12,63,0
2021-04-27,Siskiyou,093,43540,1734,1597,291,1888,11
2021-04-27,Solano,095,438530,32075,31964,491,32455,248
2021-04-27,Sonoma,097,501317,29623,29761,306,30067,318
2021-04-27,Stanislaus,099,539301,55069,54695,5739,60434,752
2021-04-27,Sutter,101,95872,9304,9342,80,9422,110
2021-04-27,Tehama,103,63373,4956,4922,542,5464,53
2021-04-27,Trinity,105,12862,482,326,82,408,3
2021-04-27,Tulare,107,460477,49759,48744,8662,57406,832
2021-04-27,Tuolumne,109,53932,3977,4028,40,4068,58
2021-04-27,Ventura,111,848112,80751,80152,2908,83060,1000
2021-04-27,Yolo,113,214977,13774,13697,196,13893,205
2021-04-27,Yuba,115,75493,5885,5853,118,5971,44
2021-04-26,Alameda,001,1643700,86444,86230,1850,88080,1256
2021-04-26,Alpine,003,1148,87,88,0,88,0
2021-04-26,Amador,005,37829,3640,3645,32,3677,46
2021-04-26,Butte,007,227075,12111,11720,1737,13457,196
2021-04-26,Calaveras,009,45235,2082,2074,12,2086,50
2021-04-26,Colusa,011,21464,1923,1925,289,2214,14
2021-04-26,Contra Costa,013,1133247,68013,67392,1193,68585,789
2021-04-26,Del Norte,015,27424,1300,1263,11,1274,6
2021-04-26,El Dorado,017,186661,9952,9849,705,10554,106
2021-04-26,Fresno,019,978130,101516,101099,8424,109523,1662
2021-04-26,Glenn,021,27897,2383,2367,535,2902,17
2021-04-26,Humboldt,023,135768,3813,3764,30,3794,35
2021-04-26,Imperial,025,180216,28238,28148,2616,30764,720
2021-04-26,Inyo,027,18085,1398,1396,10,1406,36
2021-04-26,Kern,029,883053,96457,95429,10495,105924,1295
2021-04-26,Kings,031,150075,22982,22756,1040,23796,244
2021-04-26,Lake,033,64148,3449,3428,9,3437,43
2021-04-26,Lassen,035,31185,5171,5138,103,5241,1
2021-04-26,Los Angeles,037,10098052,1200753,1191253,40313,1231566,23802
2021-04-26,Madera,039,155013,16464,16353,907,17260,231
2021-04-26,Marin,041,260295,13917,13849,231,14080,227
2021-04-26,Mariposa,043,17540,416,410,11,421,5
2021-04-26,Mendocino,045,87422,3828,3757,77,3834,46
2021-04-26,Merced,047,269075,30565,30611,1010,31621,443
2021-04-26,Modoc,049,8938,365,360,120,480,3
2021-04-26,Mono,051,14174,1246,1258,16,1274,3
2021-04-26,Monterey,053,433212,42899,42740,1809,44549,379
2021-04-26,Napa,055,140530,9768,9769,32,9801,79
2021-04-26,Nevada,057,99092,4630,4548,185,4733,70
2021-04-26,Orange,059,3164182,253941,252592,11032,263624,4919
2021-04-26,Placer,061,380077,22627,22032,1396,23428,285
2021-04-26,Plumas,063,18699,688,670,10,680,4
2021-04-26,Riverside,065,2383286,292365,286724,13702,300426,4401
2021-04-26,Sacramento,067,1510023,103082,102459,1611,104070,1587
2021-04-26,San Benito,069,59416,6002,6013,110,6123,63
2021-04-26,San Bernardino,071,2135413,291619,290394,8833,299227,4572
2021-04-26,San Diego,073,3302833,277297,275541,14451,289992,3692
2021-04-26,San Francisco,075,870044,36183,36330,1239,37569,532
2021-04-26,San Joaquin,077,732212,71800,71050,3362,74412,1301
2021-04-26,San Luis Obispo,079,281455,21107,20830,706,21536,255
2021-04-26,San Mateo,081,765935,41781,41457,450,41907,357
2021-04-26,Santa Barbara,083,443738,34124,33948,1106,35054,448
2021-04-26,Santa Clara,085,1922200,117366,117874,716,118590,1968
2021-04-26,Santa Cruz,087,273765,16101,15877,793,16670,205
2021-04-26,Shasta,089,179085,11778,11787,1434,13221,192
2021-04-26,Sierra,091,2930,55,51,12,63,0
2021-04-26,Siskiyou,093,43540,1724,1592,288,1880,11
2021-04-26,Solano,095,438530,32030,31913,489,32402,247
2021-04-26,Sonoma,097,501317,29600,29755,304,30059,318
2021-04-26,Stanislaus,099,539301,54979,54638,5733,60371,744
2021-04-26,Sutter,101,95872,9299,9328,80,9408,110
2021-04-26,Tehama,103,63373,4951,4920,539,5459,53
2021-04-26,Trinity,105,12862,482,326,82,408,3
2021-04-26,Tulare,107,460477,49739,48735,8653,57388,831
2021-04-26,Tuolumne,109,53932,3976,4024,40,4064,58
2021-04-26,Ventura,111,848112,80726,80137,2905,83042,999
2021-04-26,Yolo,113,214977,13754,13684,193,13877,205
2021-04-26,Yuba,115,75493,5883,5851,118,5969,44
2021-04-25,Alameda,001,1643700,86343,86162,1844,88006,1256
2021-04-25,Alpine,003,1148,87,87,0,87,0
2021-04-25,Amador,005,37829,3639,3643,32,3675,46
2021-04-25,Butte,007,227075,12082,11709,1730,13439,196
2021-04-25,Calaveras,009,45235,2077,2072,11,2083,50
2021-04-25,Colusa,011,21464,1922,1924,289,2213,14
2021-04-25,Contra Costa,013,1133247,67921,67316,1192,68508,789
2021-04-25,Del Norte,015,27424,1294,1259,11,1270,6
2021-04-25,El Dorado,017,186661,9935,9837,703,10540,106
2021-04-25,Fresno,019,978130,101457,101061,8412,109473,1662
2021-04-25,Glenn,021,27897,2383,2366,535,2901,17
2021-04-25,Humboldt,023,135768,3800,3751,30,3781,35
2021-04-25,Imperial,025,180216,28212,28136,2614,30750,720
2021-04-25,Inyo,027,18085,1398,1396,10,1406,36
2021-04-25,Kern,029,883053,96391,95398,10483,105881,1295
2021-04-25,Kings,031,150075,22968,22755,1038,23793,244
2021-04-25,Lake,033,64148,3447,3427,9,3436,43
2021-04-25,Lassen,035,31185,5169,5138,103,5241,1
2021-04-25,Los Angeles,037,10098052,1200417,1190970,40293,1231263,23799
2021-04-25,Madera,039,155013,16452,16346,907,17253,231
2021-04-25,Marin,041,260295,13908,13852,231,14083,227
2021-04-25,Mariposa,043,17540,416,410,11,421,5
2021-04-25,Mendocino,045,87422,3821,3757,77,3834,46
2021-04-25,Merced,047,269075,30531,30586,1009,31595,443
2021-04-25,Modoc,049,8938,365,360,120,480,3
2021-04-25,Mono,051,14174,1246,1257,16,1273,3
2021-04-25,Monterey,053,433212,42886,42737,1807,44544,379
2021-04-25,Napa,055,140530,9763,9762,32,9794,79
2021-04-25,Nevada,057,99092,4618,4536,185,4721,70
2021-04-25,Orange,059,3164182,253865,252531,11026,263557,4919
2021-04-25,Placer,061,380077,22581,22011,1388,23399,285
2021-04-25,Plumas,063,18699,687,670,10,680,4
2021-04-25,Riverside,065,2383286,292271,286651,13696,300347,4401
2021-04-25,Sacramento,067,1510023,102914,102319,1601,103920,1587
2021-04-25,San Benito,069,59416,6000,6014,109,6123,63
2021-04-25,San Bernardino,071,2135413,291544,290357,8825,299182,4571
2021-04-25,San Diego,073,3302833,277084,275412,14418,289830,3692
2021-04-25,San Francisco,075,870044,36152,36310,1239,37549,532
2021-04-25,San Joaquin,077,732212,71705,70987,3352,74339,1301
2021-04-25,San Luis Obispo,079,281455,21088,20820,704,21524,255
2021-04-25,San Mateo,081,765935,41746,41465,449,41914,356
2021-04-25,Santa Barbara,083,443738,34098,33931,1106,35037,448
2021-04-25,Santa Clara,085,1922200,117287,117778,714,118492,1968
2021-04-25,Santa Cruz,087,273765,16095,15868,791,16659,205
2021-04-25,Shasta,089,179085,11755,11784,1429,13213,192
2021-04-25,Sierra,091,2930,55,51,12,63,0
2021-04-25,Siskiyou,093,43540,1713,1580,286,1866,11
2021-04-25,Solano,095,438530,31983,31864,481,32345,247
2021-04-25,Sonoma,097,501317,29582,29756,304,30060,318
2021-04-25,Stanislaus,099,539301,54883,54543,5725,60268,744
2021-04-25,Sutter,101,95872,9293,9326,80,9406,110
2021-04-25,Tehama,103,63373,4947,4916,537,5453,53
2021-04-25,Trinity,105,12862,482,326,82,408,3
2021-04-25,Tulare,107,460477,49723,48728,8640,57368,831
2021-04-25,Tuolumne,109,53932,3974,4022,40,4062,58
2021-04-25,Ventura,111,848112,80702,80110,2905,83015,999
2021-04-25,Yolo,113,214977,13728,13667,192,13859,205
2021-04-25,Yuba,115,75493,5880,5849,117,5966,44
2021-04-24,Alameda,001,1643700,86288,86016,1842,87858,1257
2021-04-24,Alpine,003,1148,87,86,0,86,0
2021-04-24,Amador,005,37829,3638,3640,32,3672,46
2021-04-24,Butte,007,227075,12066,11678,1728,13406,196
2021-04-24,Calaveras,009,45235,2073,2067,11,2078,50
2021-04-24,Colusa,011,21464,1921,1921,289,2210,14
2021-04-24,Contra Costa,013,1133247,67850,67222,1190,68412,789
2021-04-24,Del Norte,015,27424,1289,1255,11,1266,6
2021-04-24,El Dorado,017,186661,9924,9814,702,10516,106
2021-04-24,Fresno,019,978130,101426,100991,8406,109397,1662
2021-04-24,Glenn,021,27897,2383,2363,535,2898,17
2021-04-24,Humboldt,023,135768,3786,3722,30,3752,35
2021-04-24,Imperial,025,180216,28205,28124,2613,30737,720
2021-04-24,Inyo,027,18085,1397,1396,10,1406,36
2021-04-24,Kern,029,883053,96372,95365,10473,105838,1295
2021-04-24,Kings,031,150075,22965,22749,1038,23787,244
2021-04-24,Lake,033,64148,3446,3426,9,3435,43
2021-04-24,Lassen,035,31185,5168,5137,103,5240,1
2021-04-24,Los Angeles,037,10098052,1200185,1190603,40277,1230880,23802
2021-04-24,Madera,039,155013,16449,16338,907,17245,231
2021-04-24,Marin,041,260295,13900,13847,231,14078,227
2021-04-24,Mariposa,043,17540,416,409,11,420,5
2021-04-24,Mendocino,045,87422,3819,3754,75,3829,46
2021-04-24,Merced,047,269075,30511,30559,1009,31568,443
2021-04-24,Modoc,049,8938,365,360,120,480,3
2021-04-24,Mono,051,14174,1246,1256,16,1272,3
2021-04-24,Monterey,053,433212,42874,42727,1806,44533,379
2021-04-24,Napa,055,140530,9757,9756,32,9788,79
2021-04-24,Nevada,057,99092,4611,4522,185,4707,70
2021-04-24,Orange,059,3164182,253821,252441,11020,263461,4910
2021-04-24,Placer,061,380077,22568,21983,1387,23370,285
2021-04-24,Plumas,063,18699,686,670,10,680,4
2021-04-24,Riverside,065,2383286,292203,286552,13692,300244,4400
2021-04-24,Sacramento,067,1510023,102831,102179,1594,103773,1587
2021-04-24,San Benito,069,59416,5998,6007,109,6116,63
2021-04-24,San Bernardino,071,2135413,291495,290264,8824,299088,4568
2021-04-24,San Diego,073,3302833,276981,275252,14398,289650,3688
2021-04-24,San Francisco,075,870044,36123,36285,1235,37520,532
2021-04-24,San Joaquin,077,732212,71662,70911,3349,74260,1301
2021-04-24,San Luis Obispo,079,281455,21078,20797,703,21500,255
2021-04-24,San Mateo,081,765935,41733,41424,447,41871,355
2021-04-24,Santa Barbara,083,443738,34083,33911,1105,35016,448
2021-04-24,Santa Clara,085,1922200,117232,117674,712,118386,1968
2021-04-24,Santa Cruz,087,273765,16087,15840,791,16631,205
2021-04-24,Shasta,089,179085,11737,11770,1426,13196,192
2021-04-24,Sierra,091,2930,55,51,12,63,0
2021-04-24,Siskiyou,093,43540,1703,1574,285,1859,11
2021-04-24,Solano,095,438530,31960,31821,478,32299,247
2021-04-24,Sonoma,097,501317,29580,29739,304,30043,318
2021-04-24,Stanislaus,099,539301,54834,54455,5722,60177,744
2021-04-24,Sutter,101,95872,9290,9316,80,9396,110
2021-04-24,Tehama,103,63373,4942,4907,537,5444,53
2021-04-24,Trinity,105,12862,482,326,82,408,3
2021-04-24,Tulare,107,460477,49712,48705,8630,57335,830
2021-04-24,Tuolumne,109,53932,3970,4020,40,4060,58
2021-04-24,Ventura,111,848112,80689,80097,2903,83000,999
2021-04-24,Yolo,113,214977,13717,13653,192,13845,205
2021-04-24,Yuba,115,75493,5878,5837,117,5954,44
2021-04-23,Alameda,001,1643700,86214,85935,1839,87774,1256
2021-04-23,Alpine,003,1148,86,86,0,86,0
2021-04-23,Amador,005,37829,3637,3637,32,3669,46
2021-04-23,Butte,007,227075,12045,11672,1723,13395,196
2021-04-23,Calaveras,009,45235,2070,2064,11,2075,50
2021-04-23,Colusa,011,21464,1920,1921,289,2210,14
2021-04-23,Contra Costa,013,1133247,67796,67164,1188,68352,785
2021-04-23,Del Norte,015,27424,1288,1254,11,1265,6
2021-04-23,El Dorado,017,186661,9906,9788,699,10487,106
2021-04-23,Fresno,019,978130,101385,100928,8400,109328,1662
2021-04-23,Glenn,021,27897,2383,2361,534,2895,17
2021-04-23,Humboldt,023,135768,3776,3698,30,3728,35
2021-04-23,Imperial,025,180216,28190,28108,2612,30720,720
2021-04-23,Inyo,027,18085,1397,1395,10,1405,36
2021-04-23,Kern,029,883053,96347,95330,10467,105797,1295
2021-04-23,Kings,031,150075,22962,22735,1038,23773,244
2021-04-23,Lake,033,64148,3444,3425,9,3434,43
2021-04-23,Lassen,035,31185,5168,5141,103,5244,1
2021-04-23,Los Angeles,037,10098052,1199915,1190264,40253,1230517,23785
2021-04-23,Madera,039,155013,16440,16328,907,17235,231
2021-04-23,Marin,041,260295,13895,13838,231,14069,227
2021-04-23,Mariposa,043,17540,415,405,11,416,5
2021-04-23,Mendocino,045,87422,3817,3745,74,3819,46
2021-04-23,Merced,047,269075,30494,30530,1008,31538,443
2021-04-23,Modoc,049,8938,365,360,120,480,3
2021-04-23,Mono,051,14174,1244,1256,16,1272,3
2021-04-23,Monterey,053,433212,42868,42722,1806,44528,377
2021-04-23,Napa,055,140530,9752,9752,32,9784,79
2021-04-23,Nevada,057,99092,4602,4510,185,4695,70
2021-04-23,Orange,059,3164182,253777,252399,11013,263412,4904
2021-04-23,Placer,061,380077,22545,21959,1386,23345,282
2021-04-23,Plumas,063,18699,685,670,10,680,4
2021-04-23,Riverside,065,2383286,292144,286456,13687,300143,4399
2021-04-23,Sacramento,067,1510023,102744,102041,1591,103632,1586
2021-04-23,San Benito,069,59416,5996,6005,109,6114,63
2021-04-23,San Bernardino,071,2135413,291444,290189,8823,299012,4568
2021-04-23,San Diego,073,3302833,276842,275097,14375,289472,3684
2021-04-23,San Francisco,075,870044,36107,36252,1234,37486,532
2021-04-23,San Joaquin,077,732212,71606,70840,3346,74186,1295
2021-04-23,San Luis Obispo,079,281455,21069,20781,702,21483,255
2021-04-23,San Mateo,081,765935,41707,41386,447,41833,355
2021-04-23,Santa Barbara,083,443738,34073,33895,1103,34998,447
2021-04-23,Santa Clara,085,1922200,117170,117593,711,118304,1965
2021-04-23,Santa Cruz,087,273765,16080,15802,791,16593,205
2021-04-23,Shasta,089,179085,11730,11759,1425,13184,192
2021-04-23,Sierra,091,2930,55,51,12,63,0
2021-04-23,Siskiyou,093,43540,1691,1567,284,1851,11
2021-04-23,Solano,095,438530,31928,31784,474,32258,247
2021-04-23,Sonoma,097,501317,29566,29727,304,30031,318
2021-04-23,Stanislaus,099,539301,54772,54391,5714,60105,744
2021-04-23,Sutter,101,95872,9288,9312,80,9392,110
2021-04-23,Tehama,103,63373,4939,4906,537,5443,53
2021-04-23,Trinity,105,12862,482,326,82,408,3
2021-04-23,Tulare,107,460477,49695,48694,8623,57317,829
2021-04-23,Tuolumne,109,53932,3969,4020,40,4060,58
2021-04-23,Ventura,111,848112,80670,80095,2903,82998,996
2021-04-23,Yolo,113,214977,13705,13647,192,13839,205
2021-04-23,Yuba,115,75493,5875,5828,117,5945,44
2021-04-22,Alameda,001,1643700,86124,85829,1838,87667,1253
2021-04-22,Alpine,003,1148,86,86,0,86,0
2021-04-22,Amador,005,37829,3636,3633,32,3665,46
2021-04-22,Butte,007,227075,12031,11656,1720,13376,196
2021-04-22,Calaveras,009,45235,2068,2059,11,2070,50
2021-04-22,Colusa,011,21464,1918,1920,287,2207,14
2021-04-22,Contra Costa,013,1133247,67724,67029,1184,68213,782
2021-04-22,Del Norte,015,27424,1283,1252,11,1263,6
2021-04-22,El Dorado,017,186661,9894,9773,696,10469,106
2021-04-22,Fresno,019,978130,101340,100864,8389,109253,1657
2021-04-22,Glenn,021,27897,2382,2361,534,2895,17
2021-04-22,Humboldt,023,135768,3767,3680,30,3710,35
2021-04-22,Imperial,025,180216,28169,28096,2609,30705,720
2021-04-22,Inyo,027,18085,1396,1394,10,1404,36
2021-04-22,Kern,029,883053,96304,95292,10452,105744,1299
2021-04-22,Kings,031,150075,22952,22725,1038,23763,243
2021-04-22,Lake,033,64148,3442,3423,9,3432,43
2021-04-22,Lassen,035,31185,5168,5155,103,5258,1
2021-04-22,Los Angeles,037,10098052,1199593,1189878,40232,1230110,23762
2021-04-22,Madera,039,155013,16421,16316,907,17223,231
2021-04-22,Marin,041,260295,13887,13832,231,14063,227
2021-04-22,Mariposa,043,17540,414,403,11,414,5
2021-04-22,Mendocino,045,87422,3811,3729,74,3803,46
2021-04-22,Merced,047,269075,30459,30490,1007,31497,443
2021-04-22,Modoc,049,8938,365,360,120,480,3
2021-04-22,Mono,051,14174,1244,1254,16,1270,3
2021-04-22,Monterey,053,433212,42861,42708,1804,44512,377
2021-04-22,Napa,055,140530,9742,9734,32,9766,79
2021-04-22,Nevada,057,99092,4592,4504,183,4687,70
2021-04-22,Orange,059,3164182,253704,252307,11000,263307,4898
2021-04-22,Placer,061,380077,22514,21916,1382,23298,282
2021-04-22,Plumas,063,18699,684,670,10,680,4
2021-04-22,Riverside,065,2383286,292045,286362,13678,300040,4398
2021-04-22,Sacramento,067,1510023,102595,101870,1582,103452,1585
2021-04-22,San Benito,069,59416,5992,5998,109,6107,63
2021-04-22,San Bernardino,071,2135413,291375,290125,8814,298939,4571
2021-04-22,San Diego,073,3302833,276676,275913,14353,290266,3684
2021-04-22,San Francisco,075,870044,36084,36218,1231,37449,532
2021-04-22,San Joaquin,077,732212,71547,70751,3339,74090,1295
2021-04-22,San Luis Obispo,079,281455,21055,20761,702,21463,255
2021-04-22,San Mateo,081,765935,41681,41345,445,41790,355
2021-04-22,Santa Barbara,083,443738,34050,33870,1102,34972,446
2021-04-22,Santa Clara,085,1922200,117082,117457,707,118164,1954
2021-04-22,Santa Cruz,087,273765,16077,15737,790,16527,205
2021-04-22,Shasta,089,179085,11715,11738,1423,13161,192
2021-04-22,Sierra,091,2930,55,51,12,63,0
2021-04-22,Siskiyou,093,43540,1687,1564,283,1847,11
2021-04-22,Solano,095,438530,31882,31731,471,32202,247
2021-04-22,Sonoma,097,501317,29551,29705,300,30005,318
2021-04-22,Stanislaus,099,539301,54699,54313,5708,60021,744
2021-04-22,Sutter,101,95872,9284,9302,80,9382,110
2021-04-22,Tehama,103,63373,4933,4896,533,5429,53
2021-04-22,Trinity,105,12862,482,326,82,408,3
2021-04-22,Tulare,107,460477,49675,48669,8614,57283,828
2021-04-22,Tuolumne,109,53932,3965,4020,40,4060,58
2021-04-22,Ventura,111,848112,80644,80073,2901,82974,996
2021-04-22,Yolo,113,214977,13684,13616,192,13808,205
2021-04-22,Yuba,115,75493,5865,5825,117,5942,44
2021-04-21,Alameda,001,1643700,86045,85762,1836,87598,1249
2021-04-21,Alpine,003,1148,86,86,0,86,0
2021-04-21,Amador,005,37829,3633,3632,32,3664,46
2021-04-21,Butte,007,227075,12011,11643,1718,13361,196
2021-04-21,Calaveras,009,45235,2060,2057,11,2068,50
2021-04-21,Colusa,011,21464,1916,1920,286,2206,14
2021-04-21,Contra Costa,013,1133247,67658,66981,1183,68164,782
2021-04-21,Del Norte,015,27424,1279,1252,11,1263,6
2021-04-21,El Dorado,017,186661,9877,9760,693,10453,106
2021-04-21,Fresno,019,978130,101284,100838,8383,109221,1654
2021-04-21,Glenn,021,27897,2381,2361,534,2895,17
2021-04-21,Humboldt,023,135768,3748,3642,30,3672,35
2021-04-21,Imperial,025,180216,28157,28052,2608,30660,719
2021-04-21,Inyo,027,18085,1396,1392,10,1402,36
2021-04-21,Kern,029,883053,96258,95257,10442,105699,1297
2021-04-21,Kings,031,150075,22945,22713,1037,23750,243
2021-04-21,Lake,033,64148,3439,3421,9,3430,43
2021-04-21,Lassen,035,31185,5167,5156,103,5259,1
2021-04-21,Los Angeles,037,10098052,1199251,1189530,40213,1229743,23729
2021-04-21,Madera,039,155013,16416,16309,907,17216,231
2021-04-21,Marin,041,260295,13872,13822,231,14053,227
2021-04-21,Mariposa,043,17540,413,402,11,413,5
2021-04-21,Mendocino,045,87422,3809,3729,74,3803,46
2021-04-21,Merced,047,269075,30439,30471,1005,31476,442
2021-04-21,Modoc,049,8938,365,360,120,480,3
2021-04-21,Mono,051,14174,1244,1254,16,1270,3
2021-04-21,Monterey,053,433212,42846,42699,1802,44501,377
2021-04-21,Napa,055,140530,9736,9727,32,9759,79
2021-04-21,Nevada,057,99092,4578,4499,183,4682,70
2021-04-21,Orange,059,3164182,253628,252243,10987,263230,4889
2021-04-21,Placer,061,380077,22483,21896,1377,23273,282
2021-04-21,Plumas,063,18699,684,670,10,680,4
2021-04-21,Riverside,065,2383286,291951,286299,13671,299970,4388
2021-04-21,Sacramento,067,1510023,102466,101803,1576,103379,1579
2021-04-21,San Benito,069,59416,5989,5998,109,6107,63
2021-04-21,San Bernardino,071,2135413,291298,290049,8812,298861,4572
2021-04-21,San Diego,073,3302833,276467,275632,14315,289947,3681
2021-04-21,San Francisco,075,870044,36064,36194,1230,37424,529
2021-04-21,San Joaquin,077,732212,71492,70687,3329,74016,1295
2021-04-21,San Luis Obispo,079,281455,21040,20724,701,21425,255
2021-04-21,San Mateo,081,765935,41650,41318,444,41762,355
2021-04-21,Santa Barbara,083,443738,34031,33830,1101,34931,445
2021-04-21,Santa Clara,085,1922200,117004,117318,701,118019,1946
2021-04-21,Santa Cruz,087,273765,16068,15698,790,16488,204
2021-04-21,Shasta,089,179085,11696,11722,1421,13143,192
2021-04-21,Sierra,091,2930,55,51,12,63,0
2021-04-21,Siskiyou,093,43540,1680,1557,283,1840,11
2021-04-21,Solano,095,438530,31843,31712,470,32182,244
2021-04-21,Sonoma,097,501317,29539,29697,299,29996,318
2021-04-21,Stanislaus,099,539301,54638,54290,5702,59992,742
2021-04-21,Sutter,101,95872,9276,9297,80,9377,110
2021-04-21,Tehama,103,63373,4926,4893,532,5425,53
2021-04-21,Trinity,105,12862,482,326,82,408,3
2021-04-21,Tulare,107,460477,49660,48653,8601,57254,828
2021-04-21,Tuolumne,109,53932,3962,4019,40,4059,58
2021-04-21,Ventura,111,848112,80612,80039,2898,82937,996
2021-04-21,Yolo,113,214977,13664,13606,191,13797,200
2021-04-21,Yuba,115,75493,5858,5822,116,5938,44
2021-04-20,Alameda,001,1643700,85950,85652,1834,87486,1248
2021-04-20,Alpine,003,1148,85,85,0,85,0
2021-04-20,Amador,005,37829,3632,3631,32,3663,46
2021-04-20,Butte,007,227075,11992,11619,1716,13335,196
2021-04-20,Calaveras,009,45235,2059,2053,11,2064,50
2021-04-20,Colusa,011,21464,1916,1915,285,2200,14
2021-04-20,Contra Costa,013,1133247,67574,66889,1180,68069,782
2021-04-20,Del Norte,015,27424,1278,1250,11,1261,6
2021-04-20,El Dorado,017,186661,9849,9743,691,10434,106
2021-04-20,Fresno,019,978130,101226,100768,8373,109141,1650
2021-04-20,Glenn,021,27897,2379,2359,533,2892,17
2021-04-20,Humboldt,023,135768,3730,3612,30,3642,35
2021-04-20,Imperial,025,180216,28138,28024,2604,30628,719
2021-04-20,Inyo,027,18085,1396,1393,10,1403,36
2021-04-20,Kern,029,883053,96222,95223,10426,105649,1295
2021-04-20,Kings,031,150075,22939,22693,1034,23727,243
2021-04-20,Lake,033,64148,3437,3418,9,3427,43
2021-04-20,Lassen,035,31185,5167,5155,103,5258,1
2021-04-20,Los Angeles,037,10098052,1198904,1189256,40183,1229439,23694
2021-04-20,Madera,039,155013,16410,16301,907,17208,231
2021-04-20,Marin,041,260295,13858,13807,231,14038,227
2021-04-20,Mariposa,043,17540,412,402,11,413,5
2021-04-20,Mendocino,045,87422,3808,3726,74,3800,46
2021-04-20,Merced,047,269075,30412,30439,1004,31443,441
2021-04-20,Modoc,049,8938,365,359,120,479,3
2021-04-20,Mono,051,14174,1243,1254,16,1270,3
2021-04-20,Monterey,053,433212,42835,42663,1800,44463,363
2021-04-20,Napa,055,140530,9732,9711,32,9743,79
2021-04-20,Nevada,057,99092,4560,4485,183,4668,70
2021-04-20,Orange,059,3164182,253538,252134,10975,263109,4887
2021-04-20,Placer,061,380077,22449,21846,1373,23219,282
2021-04-20,Plumas,063,18699,683,670,10,680,4
2021-04-20,Riverside,065,2383286,291854,286194,13666,299860,4388
2021-04-20,Sacramento,067,1510023,102328,101629,1568,103197,1574
2021-04-20,San Benito,069,59416,5986,5988,109,6097,63
2021-04-20,San Bernardino,071,2135413,291217,289905,8810,298715,4569
2021-04-20,San Diego,073,3302833,276236,275369,14282,289651,3674
2021-04-20,San Francisco,075,870044,36045,36117,1229,37346,529
2021-04-20,San Joaquin,077,732212,71419,70590,3320,73910,1289
2021-04-20,San Luis Obispo,079,281455,21017,20691,693,21384,254
2021-04-20,San Mateo,081,765935,41619,41251,444,41695,355
2021-04-20,Santa Barbara,083,443738,34012,33803,1101,34904,445
2021-04-20,Santa Clara,085,1922200,116906,117228,697,117925,1944
2021-04-20,Santa Cruz,087,273765,16056,15647,790,16437,204
2021-04-20,Shasta,089,179085,11680,11677,1418,13095,189
2021-04-20,Sierra,091,2930,55,51,12,63,0
2021-04-20,Siskiyou,093,43540,1672,1551,282,1833,10
2021-04-20,Solano,095,438530,31788,31673,466,32139,243
2021-04-20,Sonoma,097,501317,29530,29676,297,29973,311
2021-04-20,Stanislaus,099,539301,54573,54236,5689,59925,735
2021-04-20,Sutter,101,95872,9272,9279,80,9359,109
2021-04-20,Tehama,103,63373,4921,4887,531,5418,52
2021-04-20,Trinity,105,12862,482,326,82,408,3
2021-04-20,Tulare,107,460477,49638,48650,8593,57243,831
2021-04-20,Tuolumne,109,53932,3962,4014,40,4054,58
2021-04-20,Ventura,111,848112,80584,80018,2896,82914,995
2021-04-20,Yolo,113,214977,13644,13581,190,13771,200
2021-04-20,Yuba,115,75493,5848,5814,116,5930,44
2021-04-19,Alameda,001,1643700,85832,85583,1830,87413,1247
2021-04-19,Alpine,003,1148,85,85,0,85,0
2021-04-19,Amador,005,37829,3631,3629,32,3661,46
2021-04-19,Butte,007,227075,11974,11601,1711,13312,196
2021-04-19,Calaveras,009,45235,2057,2050,11,2061,50
2021-04-19,Colusa,011,21464,1916,1913,284,2197,14
2021-04-19,Contra Costa,013,1133247,67496,66833,1178,68011,782
2021-04-19,Del Norte,015,27424,1276,1247,11,1258,6
2021-04-19,El Dorado,017,186661,9833,9726,686,10412,106
2021-04-19,Fresno,019,978130,101158,100702,8361,109063,1646
2021-04-19,Glenn,021,27897,2379,2358,532,2890,17
2021-04-19,Humboldt,023,135768,3710,3602,28,3630,35
2021-04-19,Imperial,025,180216,28117,27995,2604,30599,719
2021-04-19,Inyo,027,18085,1396,1392,10,1402,36
2021-04-19,Kern,029,883053,96192,95162,10411,105573,1290
2021-04-19,Kings,031,150075,22924,22688,1034,23722,243
2021-04-19,Lake,033,64148,3436,3416,9,3425,43
2021-04-19,Lassen,035,31185,5166,5156,103,5259,1
2021-04-19,Los Angeles,037,10098052,1198525,1188945,40158,1229103,23666
2021-04-19,Madera,039,155013,16399,16289,906,17195,231
2021-04-19,Marin,041,260295,13847,13804,230,14034,226
2021-04-19,Mariposa,043,17540,411,401,11,412,5
2021-04-19,Mendocino,045,87422,3806,3722,74,3796,46
2021-04-19,Merced,047,269075,30383,30422,1003,31425,441
2021-04-19,Modoc,049,8938,365,359,120,479,3
2021-04-19,Mono,051,14174,1242,1254,16,1270,3
2021-04-19,Monterey,053,433212,42822,42642,1795,44437,356
2021-04-19,Napa,055,140530,9724,9680,32,9712,79
2021-04-19,Nevada,057,99092,4544,4477,183,4660,70
2021-04-19,Orange,059,3164182,253420,252013,10960,262973,4883
2021-04-19,Placer,061,380077,22426,21814,1369,23183,282
2021-04-19,Plumas,063,18699,683,665,10,675,4
2021-04-19,Riverside,065,2383286,291759,286087,13656,299743,4371
2021-04-19,Sacramento,067,1510023,102192,101482,1558,103040,1572
2021-04-19,San Benito,069,59416,5978,5989,109,6098,63
2021-04-19,San Bernardino,071,2135413,291132,289738,8804,298542,4561
2021-04-19,San Diego,073,3302833,275988,275113,14249,289362,3674
2021-04-19,San Francisco,075,870044,36008,36094,1227,37321,529
2021-04-19,San Joaquin,077,732212,71339,70514,3314,73828,1289
2021-04-19,San Luis Obispo,079,281455,20991,20669,687,21356,254
2021-04-19,San Mateo,081,765935,41586,41226,443,41669,355
2021-04-19,Santa Barbara,083,443738,33998,33786,1101,34887,446
2021-04-19,Santa Clara,085,1922200,116795,117099,693,117792,1944
2021-04-19,Santa Cruz,087,273765,16044,15600,790,16390,204
2021-04-19,Shasta,089,179085,11665,11662,1410,13072,189
2021-04-19,Sierra,091,2930,55,51,12,63,0
2021-04-19,Siskiyou,093,43540,1662,1544,282,1826,10
2021-04-19,Solano,095,438530,31749,31643,461,32104,239
2021-04-19,Sonoma,097,501317,29511,29667,297,29964,311
2021-04-19,Stanislaus,099,539301,54497,54179,5685,59864,728
2021-04-19,Sutter,101,95872,9261,9269,80,9349,109
2021-04-19,Tehama,103,63373,4915,4878,531,5409,52
2021-04-19,Trinity,105,12862,482,326,81,407,3
2021-04-19,Tulare,107,460477,49622,48630,8580,57210,831
2021-04-19,Tuolumne,109,53932,3961,4010,40,4050,58
2021-04-19,Ventura,111,848112,80558,80000,2894,82894,996
2021-04-19,Yolo,113,214977,13631,13572,188,13760,200
2021-04-19,Yuba,115,75493,5841,5804,115,5919,44
2021-04-18,Alameda,001,1643700,85717,85481,1822,87303,1247
2021-04-18,Alpine,003,1148,85,85,0,85,0
2021-04-18,Amador,005,37829,3628,3627,32,3659,46
2021-04-18,Butte,007,227075,11956,11591,1706,13297,196
2021-04-18,Calaveras,009,45235,2051,2047,11,2058,50
2021-04-18,Colusa,011,21464,1912,1912,283,2195,14
2021-04-18,Contra Costa,013,1133247,67393,66750,1174,67924,782
2021-04-18,Del Norte,015,27424,1276,1240,11,1251,6
2021-04-18,El Dorado,017,186661,9810,9710,684,10394,106
2021-04-18,Fresno,019,978130,101100,100621,8355,108976,1646
2021-04-18,Glenn,021,27897,2374,2358,532,2890,17
2021-04-18,Humboldt,023,135768,3682,3590,28,3618,35
2021-04-18,Imperial,025,180216,28102,27991,2599,30590,719
2021-04-18,Inyo,027,18085,1395,1392,10,1402,36
2021-04-18,Kern,029,883053,96156,95129,10396,105525,1290
2021-04-18,Kings,031,150075,22915,22685,1034,23719,243
2021-04-18,Lake,033,64148,3435,3413,9,3422,43
2021-04-18,Lassen,035,31185,5163,5156,103,5259,1
2021-04-18,Los Angeles,037,10098052,1198065,1188620,40135,1228755,23648
2021-04-18,Madera,039,155013,16388,16277,905,17182,231
2021-04-18,Marin,041,260295,13840,13801,229,14030,226
2021-04-18,Mariposa,043,17540,410,400,10,410,5
2021-04-18,Mendocino,045,87422,3803,3722,74,3796,46
2021-04-18,Merced,047,269075,30346,30405,1002,31407,441
2021-04-18,Modoc,049,8938,365,359,120,479,3
2021-04-18,Mono,051,14174,1242,1254,16,1270,3
2021-04-18,Monterey,053,433212,42810,42638,1794,44432,356
2021-04-18,Napa,055,140530,9708,9674,32,9706,79
2021-04-18,Nevada,057,99092,4529,4464,183,4647,70
2021-04-18,Orange,059,3164182,253306,251940,10953,262893,4883
2021-04-18,Placer,061,380077,22383,21783,1364,23147,282
2021-04-18,Plumas,063,18699,682,665,10,675,4
2021-04-18,Riverside,065,2383286,291669,286043,13652,299695,4371
2021-04-18,Sacramento,067,1510023,102017,101354,1552,102906,1572
2021-04-18,San Benito,069,59416,5976,5989,109,6098,63
2021-04-18,San Bernardino,071,2135413,291039,289691,8795,298486,4556
2021-04-18,San Diego,073,3302833,275709,274961,14214,289175,3674
2021-04-18,San Francisco,075,870044,35971,36073,1223,37296,525
2021-04-18,San Joaquin,077,732212,71258,70466,3305,73771,1289
2021-04-18,San Luis Obispo,079,281455,20969,20656,681,21337,254
2021-04-18,San Mateo,081,765935,41557,41201,442,41643,352
2021-04-18,Santa Barbara,083,443738,33963,33769,1100,34869,446
2021-04-18,Santa Clara,085,1922200,116628,116996,688,117684,1944
2021-04-18,Santa Cruz,087,273765,16034,15580,789,16369,204
2021-04-18,Shasta,089,179085,11644,11658,1407,13065,189
2021-04-18,Sierra,091,2930,55,51,12,63,0
2021-04-18,Siskiyou,093,43540,1651,1538,281,1819,10
2021-04-18,Solano,095,438530,31699,31606,460,32066,239
2021-04-18,Sonoma,097,501317,29495,29660,295,29955,311
2021-04-18,Stanislaus,099,539301,54415,54132,5679,59811,728
2021-04-18,Sutter,101,95872,9247,9261,80,9341,109
2021-04-18,Tehama,103,63373,4906,4877,530,5407,52
2021-04-18,Trinity,105,12862,482,326,81,407,3
2021-04-18,Tulare,107,460477,49609,48618,8575,57193,829
2021-04-18,Tuolumne,109,53932,3960,4008,39,4047,58
2021-04-18,Ventura,111,848112,80527,79984,2891,82875,996
2021-04-18,Yolo,113,214977,13619,13562,186,13748,200
2021-04-18,Yuba,115,75493,5834,5804,115,5919,44
2021-04-17,Alameda,001,1643700,85642,85367,1820,87187,1247
2021-04-17,Alpine,003,1148,85,85,0,85,0
2021-04-17,Amador,005,37829,3626,3625,32,3657,46
2021-04-17,Butte,007,227075,11936,11573,1702,13275,196
2021-04-17,Calaveras,009,45235,2049,2045,11,2056,50
2021-04-17,Colusa,011,21464,1912,1912,283,2195,14
2021-04-17,Contra Costa,013,1133247,67345,66657,1166,67823,782
2021-04-17,Del Norte,015,27424,1276,1238,11,1249,6
2021-04-17,El Dorado,017,186661,9795,9692,681,10373,106
2021-04-17,Fresno,019,978130,101067,100562,8350,108912,1646
2021-04-17,Glenn,021,27897,2374,2357,532,2889,17
2021-04-17,Humboldt,023,135768,3658,3579,28,3607,35
2021-04-17,Imperial,025,180216,28091,27987,2599,30586,719
2021-04-17,Inyo,027,18085,1392,1392,10,1402,36
2021-04-17,Kern,029,883053,96138,95102,10392,105494,1290
2021-04-17,Kings,031,150075,22910,22678,1033,23711,243
2021-04-17,Lake,033,64148,3434,3409,9,3418,43
2021-04-17,Lassen,035,31185,5163,5154,103,5257,1
2021-04-17,Los Angeles,037,10098052,1197806,1188262,40104,1228366,23653
2021-04-17,Madera,039,155013,16384,16260,904,17164,231
2021-04-17,Marin,041,260295,13836,13797,229,14026,226
2021-04-17,Mariposa,043,17540,409,398,10,408,5
2021-04-17,Mendocino,045,87422,3800,3721,74,3795,46
2021-04-17,Merced,047,269075,30330,30392,1001,31393,441
2021-04-17,Modoc,049,8938,365,357,120,477,3
2021-04-17,Mono,051,14174,1242,1253,16,1269,3
2021-04-17,Monterey,053,433212,42801,42630,1792,44422,356
2021-04-17,Napa,055,140530,9704,9666,32,9698,79
2021-04-17,Nevada,057,99092,4521,4457,183,4640,70
2021-04-17,Orange,059,3164182,253237,251873,10941,262814,4878
2021-04-17,Placer,061,380077,22360,21736,1359,23095,282
2021-04-17,Plumas,063,18699,681,666,10,676,4
2021-04-17,Riverside,065,2383286,291600,285963,13644,299607,4371
2021-04-17,Sacramento,067,1510023,101907,101172,1541,102713,1572
2021-04-17,San Benito,069,59416,5970,5986,109,6095,63
2021-04-17,San Bernardino,071,2135413,290984,289624,8792,298416,4555
2021-04-17,San Diego,073,3302833,275562,274812,14180,288992,3674
2021-04-17,San Francisco,075,870044,35949,36032,1220,37252,523
2021-04-17,San Joaquin,077,732212,71218,70372,3295,73667,1288
2021-04-17,San Luis Obispo,079,281455,20956,20642,678,21320,254
2021-04-17,San Mateo,081,765935,41534,41157,442,41599,352
2021-04-17,Santa Barbara,083,443738,33932,33738,1098,34836,446
2021-04-17,Santa Clara,085,1922200,116536,116887,686,117573,1944
2021-04-17,Santa Cruz,087,273765,16028,15571,789,16360,204
2021-04-17,Shasta,089,179085,11629,11647,1406,13053,189
2021-04-17,Sierra,091,2930,55,51,12,63,0
2021-04-17,Siskiyou,093,43540,1646,1539,278,1817,10
2021-04-17,Solano,095,438530,31668,31541,457,31998,239
2021-04-17,Sonoma,097,501317,29488,29637,295,29932,311
2021-04-17,Stanislaus,099,539301,54378,54058,5674,59732,728
2021-04-17,Sutter,101,95872,9241,9252,80,9332,109
2021-04-17,Tehama,103,63373,4900,4875,529,5404,52
2021-04-17,Trinity,105,12862,482,326,81,407,3
2021-04-17,Tulare,107,460477,49597,48603,8571,57174,829
2021-04-17,Tuolumne,109,53932,3958,4005,39,4044,58
2021-04-17,Ventura,111,848112,80506,79964,2891,82855,996
2021-04-17,Yolo,113,214977,13609,13580,186,13766,200
2021-04-17,Yuba,115,75493,5829,5802,114,5916,44
2021-04-16,Alameda,001,1643700,85563,85243,1818,87061,1245
2021-04-16,Alpine,003,1148,85,85,0,85,0
2021-04-16,Amador,005,37829,3621,3621,32,3653,46
2021-04-16,Butte,007,227075,11924,11549,1700,13249,196
2021-04-16,Calaveras,009,45235,2047,2042,11,2053,50
2021-04-16,Colusa,011,21464,1910,1911,283,2194,14
2021-04-16,Contra Costa,013,1133247,67291,66569,1163,67732,782
2021-04-16,Del Norte,015,27424,1275,1237,11,1248,6
2021-04-16,El Dorado,017,186661,9775,9665,677,10342,106
2021-04-16,Fresno,019,978130,101017,100500,8344,108844,1643
2021-04-16,Glenn,021,27897,2374,2355,532,2887,17
2021-04-16,Humboldt,023,135768,3637,3570,27,3597,35
2021-04-16,Imperial,025,180216,28081,27962,2599,30561,719
2021-04-16,Inyo,027,18085,1392,1392,10,1402,36
2021-04-16,Kern,029,883053,96109,95066,10389,105455,1288
2021-04-16,Kings,031,150075,22906,22667,1032,23699,243
2021-04-16,Lake,033,64148,3428,3406,9,3415,43
2021-04-16,Lassen,035,31185,5162,5155,103,5258,1
2021-04-16,Los Angeles,037,10098052,1197505,1187818,40068,1227886,23627
2021-04-16,Madera,039,155013,16378,16250,903,17153,231
2021-04-16,Marin,041,260295,13833,13788,229,14017,226
2021-04-16,Mariposa,043,17540,408,396,9,405,5
2021-04-16,Mendocino,045,87422,3798,3719,74,3793,46
2021-04-16,Merced,047,269075,30315,30355,1001,31356,438
2021-04-16,Modoc,049,8938,365,355,120,475,3
2021-04-16,Mono,051,14174,1242,1253,16,1269,3
2021-04-16,Monterey,053,433212,42790,42620,1789,44409,351
2021-04-16,Napa,055,140530,9696,9653,32,9685,79
2021-04-16,Nevada,057,99092,4512,4443,183,4626,70
2021-04-16,Orange,059,3164182,253173,251770,10932,262702,4873
2021-04-16,Placer,061,380077,22333,21680,1355,23035,282
2021-04-16,Plumas,063,18699,680,665,10,675,4
2021-04-16,Riverside,065,2383286,291523,285818,13642,299460,4369
2021-04-16,Sacramento,067,1510023,101810,100993,1536,102529,1572
2021-04-16,San Benito,069,59416,5968,5982,109,6091,63
2021-04-16,San Bernardino,071,2135413,290937,289424,8791,298215,4550
2021-04-16,San Diego,073,3302833,275408,274567,14162,288729,3662
2021-04-16,San Francisco,075,870044,35924,35993,1217,37210,517
2021-04-16,San Joaquin,077,732212,71151,70280,3287,73567,1288
2021-04-16,San Luis Obispo,079,281455,20944,20623,677,21300,253
2021-04-16,San Mateo,081,765935,41505,41107,441,41548,352
2021-04-16,Santa Barbara,083,443738,33914,33703,1098,34801,446
2021-04-16,Santa Clara,085,1922200,116436,116693,683,117376,1941
2021-04-16,Santa Cruz,087,273765,16026,15539,789,16328,204
2021-04-16,Shasta,089,179085,11617,11623,1405,13028,189
2021-04-16,Sierra,091,2930,55,51,12,63,0
2021-04-16,Siskiyou,093,43540,1642,1530,276,1806,10
2021-04-16,Solano,095,438530,31629,31470,454,31924,239
2021-04-16,Sonoma,097,501317,29477,29617,295,29912,311
2021-04-16,Stanislaus,099,539301,54330,53983,5672,59655,728
2021-04-16,Sutter,101,95872,9235,9247,80,9327,109
2021-04-16,Tehama,103,63373,4899,4866,529,5395,52
2021-04-16,Trinity,105,12862,482,326,81,407,3
2021-04-16,Tulare,107,460477,49585,48583,8567,57150,830
2021-04-16,Tuolumne,109,53932,3955,4005,39,4044,58
2021-04-16,Ventura,111,848112,80481,79942,2886,82828,994
2021-04-16,Yolo,113,214977,13596,13559,184,13743,198
2021-04-16,Yuba,115,75493,5826,5795,113,5908,44
2021-04-15,Alameda,001,1643700,85456,85089,1816,86905,1246
2021-04-15,Alpine,003,1148,85,85,0,85,0
2021-04-15,Amador,005,37829,3620,3616,32,3648,46
2021-04-15,Butte,007,227075,11909,11529,1696,13225,196
2021-04-15,Calaveras,009,45235,2046,2039,11,2050,50
2021-04-15,Colusa,011,21464,1908,1909,282,2191,14
2021-04-15,Contra Costa,013,1133247,67218,66480,1159,67639,781
2021-04-15,Del Norte,015,27424,1268,1235,11,1246,6
2021-04-15,El Dorado,017,186661,9760,9639,675,10314,106
2021-04-15,Fresno,019,978130,100954,100431,8338,108769,1642
2021-04-15,Glenn,021,27897,2374,2354,532,2886,17
2021-04-15,Humboldt,023,135768,3616,3561,27,3588,35
2021-04-15,Imperial,025,180216,28053,27920,2596,30516,718
2021-04-15,Inyo,027,18085,1392,1393,10,1403,36
2021-04-15,Kern,029,883053,96076,94989,10376,105365,1289
2021-04-15,Kings,031,150075,22892,22648,1032,23680,242
2021-04-15,Lake,033,64148,3427,3399,9,3408,43
2021-04-15,Lassen,035,31185,5161,5152,103,5255,1
2021-04-15,Los Angeles,037,10098052,1197100,1187274,40032,1227306,23598
2021-04-15,Madera,039,155013,16363,16234,903,17137,231
2021-04-15,Marin,041,260295,13829,13783,228,14011,226
2021-04-15,Mariposa,043,17540,406,395,9,404,5
2021-04-15,Mendocino,045,87422,3797,3714,74,3788,46
2021-04-15,Merced,047,269075,30289,30325,1000,31325,437
2021-04-15,Modoc,049,8938,365,355,120,475,3
2021-04-15,Mono,051,14174,1241,1253,16,1269,3
2021-04-15,Monterey,053,433212,42780,42604,1787,44391,347
2021-04-15,Napa,055,140530,9688,9645,32,9677,79
2021-04-15,Nevada,057,99092,4500,4434,182,4616,70
2021-04-15,Orange,059,3164182,253078,251679,10920,262599,4857
2021-04-15,Placer,061,380077,22302,21614,1348,22962,281
2021-04-15,Plumas,063,18699,678,665,10,675,4
2021-04-15,Riverside,065,2383286,291419,285698,13635,299333,4363
2021-04-15,Sacramento,067,1510023,101680,100782,1522,102304,1570
2021-04-15,San Benito,069,59416,5965,5969,108,6077,63
2021-04-15,San Bernardino,071,2135413,290847,289288,8784,298072,4544
2021-04-15,San Diego,073,3302833,275161,274250,14103,288353,3653
2021-04-15,San Francisco,075,870044,35905,35947,1215,37162,510
2021-04-15,San Joaquin,077,732212,71070,70189,3279,73468,1288
2021-04-15,San Luis Obispo,079,281455,20928,20591,674,21265,253
2021-04-15,San Mateo,081,765935,41466,41050,440,41490,352
2021-04-15,Santa Barbara,083,443738,33896,33672,1094,34766,446
2021-04-15,Santa Clara,085,1922200,116330,116602,679,117281,1927
2021-04-15,Santa Cruz,087,273765,16016,15509,789,16298,203
2021-04-15,Shasta,089,179085,11603,11597,1401,12998,191
2021-04-15,Sierra,091,2930,55,51,12,63,0
2021-04-15,Siskiyou,093,43540,1636,1524,275,1799,10
2021-04-15,Solano,095,438530,31591,31394,453,31847,239
2021-04-15,Sonoma,097,501317,29463,29587,295,29882,311
2021-04-15,Stanislaus,099,539301,54276,53918,5663,59581,728
2021-04-15,Sutter,101,95872,9228,9237,80,9317,109
2021-04-15,Tehama,103,63373,4898,4854,528,5382,52
2021-04-15,Trinity,105,12862,482,326,81,407,3
2021-04-15,Tulare,107,460477,49564,48556,8567,57123,829
2021-04-15,Tuolumne,109,53932,3955,4003,39,4042,57
2021-04-15,Ventura,111,848112,80462,79917,2884,82801,989
2021-04-15,Yolo,113,214977,13577,13547,182,13729,198
2021-04-15,Yuba,115,75493,5823,5788,113,5901,44
2021-04-14,Alameda,001,1643700,85359,85009,1815,86824,1247
2021-04-14,Alpine,003,1148,85,85,0,85,0
2021-04-14,Amador,005,37829,3619,3613,32,3645,46
2021-04-14,Butte,007,227075,11896,11513,1695,13208,196
2021-04-14,Calaveras,009,45235,2045,2037,11,2048,50
2021-04-14,Colusa,011,21464,1908,1905,282,2187,14
2021-04-14,Contra Costa,013,1133247,67132,66400,1153,67553,781
2021-04-14,Del Norte,015,27424,1268,1228,11,1239,6
2021-04-14,El Dorado,017,186661,9745,9625,670,10295,106
2021-04-14,Fresno,019,978130,100897,100376,8324,108700,1640
2021-04-14,Glenn,021,27897,2374,2353,532,2885,17
2021-04-14,Humboldt,023,135768,3594,3551,26,3577,35
2021-04-14,Imperial,025,180216,28031,27907,2594,30501,718
2021-04-14,Inyo,027,18085,1392,1392,10,1402,36
2021-04-14,Kern,029,883053,96051,94947,10369,105316,1287
2021-04-14,Kings,031,150075,22883,22641,1030,23671,243
2021-04-14,Lake,033,64148,3422,3396,9,3405,43
2021-04-14,Lassen,035,31185,5160,5151,103,5254,1
2021-04-14,Los Angeles,037,10098052,1196701,1186821,39987,1226808,23579
2021-04-14,Madera,039,155013,16354,16218,903,17121,231
2021-04-14,Marin,041,260295,13827,13768,227,13995,226
2021-04-14,Mariposa,043,17540,405,394,9,403,5
2021-04-14,Mendocino,045,87422,3792,3711,74,3785,46
2021-04-14,Merced,047,269075,30273,30296,998,31294,436
2021-04-14,Modoc,049,8938,365,355,120,475,3
2021-04-14,Mono,051,14174,1240,1252,16,1268,3
2021-04-14,Monterey,053,433212,42764,42595,1783,44378,347
2021-04-14,Napa,055,140530,9677,9643,32,9675,79
2021-04-14,Nevada,057,99092,4493,4421,182,4603,70
2021-04-14,Orange,059,3164182,252973,251568,10901,262469,4849
2021-04-14,Placer,061,380077,22269,21575,1347,22922,280
2021-04-14,Plumas,063,18699,678,665,10,675,4
2021-04-14,Riverside,065,2383286,291309,285583,13629,299212,4358
2021-04-14,Sacramento,067,1510023,101505,100645,1508,102153,1570
2021-04-14,San Benito,069,59416,5963,5960,108,6068,62
2021-04-14,San Bernardino,071,2135413,290779,289078,8782,297860,4523
2021-04-14,San Diego,073,3302833,274950,273969,14074,288043,3648
2021-04-14,San Francisco,075,870044,35867,35898,1214,37112,510
2021-04-14,San Joaquin,077,732212,71000,70095,3273,73368,1288
2021-04-14,San Luis Obispo,079,281455,20905,20561,664,21225,253
2021-04-14,San Mateo,081,765935,41426,40982,437,41419,352
2021-04-14,Santa Barbara,083,443738,33867,33650,1094,34744,445
2021-04-14,Santa Clara,085,1922200,116213,116488,676,117164,1922
2021-04-14,Santa Cruz,087,273765,16006,15481,789,16270,203
2021-04-14,Shasta,089,179085,11577,11581,1399,12980,190
2021-04-14,Sierra,091,2930,55,51,12,63,0
2021-04-14,Siskiyou,093,43540,1628,1518,274,1792,10
2021-04-14,Solano,095,438530,31538,31357,446,31803,239
2021-04-14,Sonoma,097,501317,29455,29572,293,29865,311
2021-04-14,Stanislaus,099,539301,54205,53836,5654,59490,727
2021-04-14,Sutter,101,95872,9220,9230,80,9310,106
2021-04-14,Tehama,103,63373,4892,4853,527,5380,52
2021-04-14,Trinity,105,12862,482,326,81,407,3
2021-04-14,Tulare,107,460477,49538,48527,8564,57091,827
2021-04-14,Tuolumne,109,53932,3954,3997,39,4036,57
2021-04-14,Ventura,111,848112,80426,79891,2882,82773,986
2021-04-14,Yolo,113,214977,13561,13530,180,13710,198
2021-04-14,Yuba,115,75493,5821,5778,113,5891,44
2021-04-13,Alameda,001,1643700,85253,84921,1812,86733,1239
2021-04-13,Alpine,003,1148,85,85,0,85,0
2021-04-13,Amador,005,37829,3616,3609,32,3641,46
2021-04-13,Butte,007,227075,11878,11497,1692,13189,196
2021-04-13,Calaveras,009,45235,2043,2035,11,2046,50
2021-04-13,Colusa,011,21464,1906,1905,280,2185,14
2021-04-13,Contra Costa,013,1133247,67044,66304,1153,67457,778
2021-04-13,Del Norte,015,27424,1263,1221,11,1232,6
2021-04-13,El Dorado,017,186661,9719,9609,667,10276,106
2021-04-13,Fresno,019,978130,100816,100357,8318,108675,1636
2021-04-13,Glenn,021,27897,2373,2351,532,2883,17
2021-04-13,Humboldt,023,135768,3577,3540,26,3566,35
2021-04-13,Imperial,025,180216,28012,27887,2586,30473,718
2021-04-13,Inyo,027,18085,1392,1391,10,1401,36
2021-04-13,Kern,029,883053,96007,94908,10357,105265,1285
2021-04-13,Kings,031,150075,22867,22636,1029,23665,243
2021-04-13,Lake,033,64148,3419,3390,9,3399,43
2021-04-13,Lassen,035,31185,5159,5147,103,5250,1
2021-04-13,Los Angeles,037,10098052,1196247,1186482,39946,1226428,23526
2021-04-13,Madera,039,155013,16344,16207,901,17108,231
2021-04-13,Marin,041,260295,13819,13760,226,13986,224
2021-04-13,Mariposa,043,17540,404,394,6,400,5
2021-04-13,Mendocino,045,87422,3786,3702,74,3776,46
2021-04-13,Merced,047,269075,30243,30276,995,31271,435
2021-04-13,Modoc,049,8938,365,355,120,475,3
2021-04-13,Mono,051,14174,1240,1251,16,1267,3
2021-04-13,Monterey,053,433212,42753,42577,1783,44360,347
2021-04-13,Napa,055,140530,9667,9627,32,9659,79
2021-04-13,Nevada,057,99092,4481,4415,182,4597,69
2021-04-13,Orange,059,3164182,252878,251491,10884,262375,4836
2021-04-13,Placer,061,380077,22232,21534,1344,22878,280
2021-04-13,Plumas,063,18699,677,665,10,675,4
2021-04-13,Riverside,065,2383286,291189,285505,13623,299128,4348
2021-04-13,Sacramento,067,1510023,101330,100551,1503,102054,1569
2021-04-13,San Benito,069,59416,5960,5946,108,6054,62
2021-04-13,San Bernardino,071,2135413,290663,288929,8776,297705,4521
2021-04-13,San Diego,073,3302833,274696,273709,14039,287748,3623
2021-04-13,San Francisco,075,870044,35831,35869,1210,37079,506
2021-04-13,San Joaquin,077,732212,70892,70034,3265,73299,1288
2021-04-13,San Luis Obispo,079,281455,20878,20536,654,21190,253
2021-04-13,San Mateo,081,765935,41381,40955,437,41392,353
2021-04-13,Santa Barbara,083,443738,33844,33613,1091,34704,444
2021-04-13,Santa Clara,085,1922200,116084,116363,675,117038,1923
2021-04-13,Santa Cruz,087,273765,15999,15449,789,16238,203
2021-04-13,Shasta,089,179085,11557,11536,1396,12932,189
2021-04-13,Sierra,091,2930,55,51,12,63,0
2021-04-13,Siskiyou,093,43540,1620,1511,271,1782,10
2021-04-13,Solano,095,438530,31489,31335,442,31777,239
2021-04-13,Sonoma,097,501317,29447,29544,292,29836,311
2021-04-13,Stanislaus,099,539301,54133,53797,5645,59442,722
2021-04-13,Sutter,101,95872,9216,9226,80,9306,106
2021-04-13,Tehama,103,63373,4885,4850,524,5374,52
2021-04-13,Trinity,105,12862,482,326,81,407,3
2021-04-13,Tulare,107,460477,49525,48511,8561,57072,825
2021-04-13,Tuolumne,109,53932,3952,3995,39,4034,57
2021-04-13,Ventura,111,848112,80394,79854,2880,82734,986
2021-04-13,Yolo,113,214977,13549,13516,179,13695,198
2021-04-13,Yuba,115,75493,5812,5776,113,5889,44
2021-04-12,Alameda,001,1643700,85151,84817,1810,86627,1238
2021-04-12,Alpine,003,1148,85,85,0,85,0
2021-04-12,Amador,005,37829,3615,3607,32,3639,46
2021-04-12,Butte,007,227075,11863,11488,1688,13176,193
2021-04-12,Calaveras,009,45235,2039,2033,11,2044,50
2021-04-12,Colusa,011,21464,1904,1904,278,2182,14
2021-04-12,Contra Costa,013,1133247,66964,66176,1153,67329,777
2021-04-12,Del Norte,015,27424,1260,1216,11,1227,6
2021-04-12,El Dorado,017,186661,9702,9588,665,10253,106
2021-04-12,Fresno,019,978130,100755,100277,8295,108572,1633
2021-04-12,Glenn,021,27897,2372,2349,532,2881,17
2021-04-12,Humboldt,023,135768,3563,3533,25,3558,35
2021-04-12,Imperial,025,180216,27982,27851,2582,30433,717
2021-04-12,Inyo,027,18085,1392,1390,10,1400,36
2021-04-12,Kern,029,883053,95970,94861,10347,105208,1283
2021-04-12,Kings,031,150075,22859,22621,1028,23649,241
2021-04-12,Lake,033,64148,3415,3380,9,3389,43
2021-04-12,Lassen,035,31185,5158,5147,103,5250,1
2021-04-12,Los Angeles,037,10098052,1195743,1186145,39909,1226054,23505
2021-04-12,Madera,039,155013,16332,16174,899,17073,231
2021-04-12,Marin,041,260295,13806,13751,224,13975,224
2021-04-12,Mariposa,043,17540,403,394,6,400,5
2021-04-12,Mendocino,045,87422,3785,3699,74,3773,46
2021-04-12,Merced,047,269075,30212,30261,992,31253,435
2021-04-12,Modoc,049,8938,363,352,120,472,3
2021-04-12,Mono,051,14174,1240,1251,16,1267,3
2021-04-12,Monterey,053,433212,42739,42555,1781,44336,346
2021-04-12,Napa,055,140530,9653,9603,32,9635,80
2021-04-12,Nevada,057,99092,4470,4408,182,4590,69
2021-04-12,Orange,059,3164182,252791,251350,10863,262213,4826
2021-04-12,Placer,061,380077,22181,21475,1341,22816,278
2021-04-12,Plumas,063,18699,675,666,10,676,4
2021-04-12,Riverside,065,2383286,291078,285361,13617,298978,4336
2021-04-12,Sacramento,067,1510023,101156,100394,1498,101892,1566
2021-04-12,San Benito,069,59416,5952,5942,107,6049,62
2021-04-12,San Bernardino,071,2135413,290556,288736,8764,297500,4493
2021-04-12,San Diego,073,3302833,274435,273431,14010,287441,3621
2021-04-12,San Francisco,075,870044,35797,35841,1209,37050,506
2021-04-12,San Joaquin,077,732212,70820,69968,3258,73226,1288
2021-04-12,San Luis Obispo,079,281455,20833,20515,641,21156,253
2021-04-12,San Mateo,081,765935,41339,40920,433,41353,353
2021-04-12,Santa Barbara,083,443738,33812,33606,1091,34697,444
2021-04-12,Santa Clara,085,1922200,115956,116252,673,116925,1923
2021-04-12,Santa Cruz,087,273765,15979,15406,789,16195,203
2021-04-12,Shasta,089,179085,11540,11509,1392,12901,189
2021-04-12,Sierra,091,2930,55,51,12,63,0
2021-04-12,Siskiyou,093,43540,1609,1511,268,1779,7
2021-04-12,Solano,095,438530,31447,31305,439,31744,238
2021-04-12,Sonoma,097,501317,29419,29500,292,29792,310
2021-04-12,Stanislaus,099,539301,54067,53722,5638,59360,707
2021-04-12,Sutter,101,95872,9205,9221,80,9301,106
2021-04-12,Tehama,103,63373,4876,4834,520,5354,52
2021-04-12,Trinity,105,12862,482,324,81,405,3
2021-04-12,Tulare,107,460477,49505,48495,8551,57046,824
2021-04-12,Tuolumne,109,53932,3948,3993,39,4032,57
2021-04-12,Ventura,111,848112,80361,79818,2878,82696,985
2021-04-12,Yolo,113,214977,13535,13510,178,13688,198
2021-04-12,Yuba,115,75493,5806,5773,113,5886,43
2021-04-11,Alameda,001,1643700,85014,84756,1805,86561,1238
2021-04-11,Alpine,003,1148,85,85,0,85,0
2021-04-11,Amador,005,37829,3613,3605,32,3637,46
2021-04-11,Butte,007,227075,11828,11487,1684,13171,193
2021-04-11,Calaveras,009,45235,2035,2036,11,2047,50
2021-04-11,Colusa,011,21464,1903,1904,277,2181,14
2021-04-11,Contra Costa,013,1133247,66855,66107,1151,67258,777
2021-04-11,Del Norte,015,27424,1254,1214,11,1225,6
2021-04-11,El Dorado,017,186661,9688,9575,662,10237,106
2021-04-11,Fresno,019,978130,100687,100230,8285,108515,1633
2021-04-11,Glenn,021,27897,2368,2348,532,2880,17
2021-04-11,Humboldt,023,135768,3553,3523,25,3548,35
2021-04-11,Imperial,025,180216,27958,27841,2580,30421,717
2021-04-11,Inyo,027,18085,1392,1390,10,1400,36
2021-04-11,Kern,029,883053,95909,94830,10339,105169,1283
2021-04-11,Kings,031,150075,22850,22618,1025,23643,241
2021-04-11,Lake,033,64148,3411,3377,9,3386,43
2021-04-11,Lassen,035,31185,5154,5147,103,5250,1
2021-04-11,Los Angeles,037,10098052,1195231,1185757,39867,1225624,23503
2021-04-11,Madera,039,155013,16313,16166,898,17064,231
2021-04-11,Marin,041,260295,13799,13741,223,13964,226
2021-04-11,Mariposa,043,17540,403,394,6,400,5
2021-04-11,Mendocino,045,87422,3783,3696,74,3770,46
2021-04-11,Merced,047,269075,30174,30249,991,31240,435
2021-04-11,Modoc,049,8938,362,352,118,470,3
2021-04-11,Mono,051,14174,1239,1250,16,1266,3
2021-04-11,Monterey,053,433212,42733,42547,1774,44321,346
2021-04-11,Napa,055,140530,9642,9592,32,9624,80
2021-04-11,Nevada,057,99092,4456,4394,182,4576,69
2021-04-11,Orange,059,3164182,252664,251233,10852,262085,4826
2021-04-11,Placer,061,380077,22124,21458,1336,22794,278
2021-04-11,Plumas,063,18699,675,666,10,676,4
2021-04-11,Riverside,065,2383286,290944,285269,13607,298876,4336
2021-04-11,Sacramento,067,1510023,100986,100296,1486,101782,1566
2021-04-11,San Benito,069,59416,5944,5941,106,6047,62
2021-04-11,San Bernardino,071,2135413,290449,288686,8758,297444,4492
2021-04-11,San Diego,073,3302833,274137,273287,13951,287238,3621
2021-04-11,San Francisco,075,870044,35761,35815,1206,37021,498
2021-04-11,San Joaquin,077,732212,70734,69939,3247,73186,1288
2021-04-11,San Luis Obispo,079,281455,20807,20501,638,21139,253
2021-04-11,San Mateo,081,765935,41281,40901,432,41333,353
2021-04-11,Santa Barbara,083,443738,33777,33591,1090,34681,444
2021-04-11,Santa Clara,085,1922200,115820,116161,670,116831,1923
2021-04-11,Santa Cruz,087,273765,15967,15382,789,16171,203
2021-04-11,Shasta,089,179085,11496,11504,1391,12895,189
2021-04-11,Sierra,091,2930,55,51,12,63,0
2021-04-11,Siskiyou,093,43540,1602,1509,265,1774,7
2021-04-11,Solano,095,438530,31394,31268,435,31703,238
2021-04-11,Sonoma,097,501317,29393,29496,288,29784,310
2021-04-11,Stanislaus,099,539301,53984,53683,5629,59312,707
2021-04-11,Sutter,101,95872,9196,9222,80,9302,106
2021-04-11,Tehama,103,63373,4873,4832,519,5351,52
2021-04-11,Trinity,105,12862,482,324,81,405,3
2021-04-11,Tulare,107,460477,49491,48479,8544,57023,824
2021-04-11,Tuolumne,109,53932,3946,3993,39,4032,57
2021-04-11,Ventura,111,848112,80313,79800,2873,82673,985
2021-04-11,Yolo,113,214977,13515,13496,176,13672,198
2021-04-11,Yuba,115,75493,5796,5768,113,5881,43
2021-04-10,Alameda,001,1643700,84950,84626,1805,86431,1238
2021-04-10,Alpine,003,1148,85,85,0,85,0
2021-04-10,Amador,005,37829,3611,3603,32,3635,46
2021-04-10,Butte,007,227075,11817,11482,1683,13165,193
2021-04-10,Calaveras,009,45235,2033,2032,11,2043,50
2021-04-10,Colusa,011,21464,1903,1902,277,2179,14
2021-04-10,Contra Costa,013,1133247,66794,66001,1148,67149,778
2021-04-10,Del Norte,015,27424,1251,1212,11,1223,6
2021-04-10,El Dorado,017,186661,9676,9549,659,10208,106
2021-04-10,Fresno,019,978130,100654,100135,8278,108413,1633
2021-04-10,Glenn,021,27897,2368,2343,532,2875,17
2021-04-10,Humboldt,023,135768,3543,3508,25,3533,35
2021-04-10,Imperial,025,180216,27944,27816,2580,30396,717
2021-04-10,Inyo,027,18085,1392,1387,10,1397,36
2021-04-10,Kern,029,883053,95895,94802,10333,105135,1284
2021-04-10,Kings,031,150075,22846,22614,1023,23637,241
2021-04-10,Lake,033,64148,3406,3368,9,3377,43
2021-04-10,Lassen,035,31185,5154,5146,102,5248,1
2021-04-10,Los Angeles,037,10098052,1194956,1185246,39850,1225096,23493
2021-04-10,Madera,039,155013,16305,16143,897,17040,231
2021-04-10,Marin,041,260295,13794,13731,223,13954,226
2021-04-10,Mariposa,043,17540,400,393,6,399,5
2021-04-10,Mendocino,045,87422,3781,3696,74,3770,46
2021-04-10,Merced,047,269075,30154,30225,990,31215,435
2021-04-10,Modoc,049,8938,362,352,118,470,3
2021-04-10,Mono,051,14174,1239,1249,16,1265,3
2021-04-10,Monterey,053,433212,42722,42527,1773,44300,346
2021-04-10,Napa,055,140530,9635,9569,32,9601,79
2021-04-10,Nevada,057,99092,4449,4379,182,4561,69
2021-04-10,Orange,059,3164182,252571,251139,10846,261985,4818
2021-04-10,Placer,061,380077,22093,21402,1330,22732,278
2021-04-10,Plumas,063,18699,675,666,10,676,4
2021-04-10,Riverside,065,2383286,290864,285082,13599,298681,4336
2021-04-10,Sacramento,067,1510023,100883,100048,1484,101532,1566
2021-04-10,San Benito,069,59416,5933,5932,105,6037,62
2021-04-10,San Bernardino,071,2135413,290385,288590,8751,297341,4489
2021-04-10,San Diego,073,3302833,273921,273058,13931,286989,3613
2021-04-10,San Francisco,075,870044,35731,35774,1203,36977,498
2021-04-10,San Joaquin,077,732212,70699,69852,3237,73089,1288
2021-04-10,San Luis Obispo,079,281455,20791,20461,637,21098,253
2021-04-10,San Mateo,081,765935,41248,40878,432,41310,350
2021-04-10,Santa Barbara,083,443738,33749,33541,1088,34629,444
2021-04-10,Santa Clara,085,1922200,115724,116015,669,116684,1923
2021-04-10,Santa Cruz,087,273765,15961,15360,789,16149,203
2021-04-10,Shasta,089,179085,11487,11492,1388,12880,189
2021-04-10,Sierra,091,2930,55,51,12,63,0
2021-04-10,Siskiyou,093,43540,1599,1512,265,1777,7
2021-04-10,Solano,095,438530,31360,31218,431,31649,238
2021-04-10,Sonoma,097,501317,29378,29469,288,29757,310
2021-04-10,Stanislaus,099,539301,53949,53596,5623,59219,707
2021-04-10,Sutter,101,95872,9194,9214,80,9294,106
2021-04-10,Tehama,103,63373,4871,4820,517,5337,52
2021-04-10,Trinity,105,12862,482,324,81,405,3
2021-04-10,Tulare,107,460477,49482,48470,8538,57008,824
2021-04-10,Tuolumne,109,53932,3943,3991,39,4030,57
2021-04-10,Ventura,111,848112,80285,79758,2871,82629,985
2021-04-10,Yolo,113,214977,13507,13494,175,13669,198
2021-04-10,Yuba,115,75493,5793,5757,112,5869,43
2021-04-09,Alameda,001,1643700,84883,84404,1797,86201,1237
2021-04-09,Alpine,003,1148,85,85,0,85,0
2021-04-09,Amador,005,37829,3610,3600,32,3632,46
2021-04-09,Butte,007,227075,11807,11454,1682,13136,193
2021-04-09,Calaveras,009,45235,2032,2028,11,2039,50
2021-04-09,Colusa,011,21464,1903,1898,277,2175,14
2021-04-09,Contra Costa,013,1133247,66701,65857,1142,66999,777
2021-04-09,Del Norte,015,27424,1250,1207,11,1218,6
2021-04-09,El Dorado,017,186661,9654,9528,655,10183,106
2021-04-09,Fresno,019,978130,100620,100027,8273,108300,1630
2021-04-09,Glenn,021,27897,2368,2337,532,2869,17
2021-04-09,Humboldt,023,135768,3534,3496,25,3521,35
2021-04-09,Imperial,025,180216,27929,27764,2578,30342,717
2021-04-09,Inyo,027,18085,1391,1386,10,1396,36
2021-04-09,Kern,029,883053,95857,94675,10331,105006,1282
2021-04-09,Kings,031,150075,22837,22595,1020,23615,242
2021-04-09,Lake,033,64148,3402,3362,9,3371,43
2021-04-09,Lassen,035,31185,5154,5140,102,5242,1
2021-04-09,Los Angeles,037,10098052,1194587,1184501,39822,1224323,23458
2021-04-09,Madera,039,155013,16302,16118,897,17015,231
2021-04-09,Marin,041,260295,13787,13721,223,13944,226
2021-04-09,Mariposa,043,17540,400,393,6,399,5
2021-04-09,Mendocino,045,87422,3779,3693,74,3767,46
2021-04-09,Merced,047,269075,30125,30179,989,31168,435
2021-04-09,Modoc,049,8938,361,352,118,470,3
2021-04-09,Mono,051,14174,1239,1247,16,1263,3
2021-04-09,Monterey,053,433212,42713,42481,1769,44250,344
2021-04-09,Napa,055,140530,9616,9574,32,9606,80
2021-04-09,Nevada,057,99092,4441,4373,182,4555,69
2021-04-09,Orange,059,3164182,252497,250852,10841,261693,4813
2021-04-09,Placer,061,380077,22062,21327,1322,22649,278
2021-04-09,Plumas,063,18699,674,666,10,676,4
2021-04-09,Riverside,065,2383286,290781,284562,13593,298155,4325
2021-04-09,Sacramento,067,1510023,100728,99722,1478,101200,1564
2021-04-09,San Benito,069,59416,5928,5925,104,6029,62
2021-04-09,San Bernardino,071,2135413,290316,288000,8748,296748,4467
2021-04-09,San Diego,073,3302833,273723,272697,13889,286586,3600
2021-04-09,San Francisco,075,870044,35690,35716,1198,36914,497
2021-04-09,San Joaquin,077,732212,70635,69675,3225,72900,1281
2021-04-09,San Luis Obispo,079,281455,20776,20427,637,21064,252
2021-04-09,San Mateo,081,765935,41212,40800,431,41231,350
2021-04-09,Santa Barbara,083,443738,33726,33424,1085,34509,444
2021-04-09,Santa Clara,085,1922200,115640,115749,667,116416,1923
2021-04-09,Santa Cruz,087,273765,15956,15331,789,16120,203
2021-04-09,Shasta,089,179085,11477,11478,1385,12863,188
2021-04-09,Sierra,091,2930,55,51,12,63,0
2021-04-09,Siskiyou,093,43540,1596,1510,264,1774,7
2021-04-09,Solano,095,438530,31327,31166,426,31592,238
2021-04-09,Sonoma,097,501317,29365,29433,288,29721,310
2021-04-09,Stanislaus,099,539301,53894,53504,5614,59118,705
2021-04-09,Sutter,101,95872,9187,9201,80,9281,106
2021-04-09,Tehama,103,63373,4865,4806,517,5323,52
2021-04-09,Trinity,105,12862,481,324,81,405,3
2021-04-09,Tulare,107,460477,49478,48430,8532,56962,824
2021-04-09,Tuolumne,109,53932,3942,3986,39,4025,57
2021-04-09,Ventura,111,848112,80257,79698,2871,82569,987
2021-04-09,Yolo,113,214977,13495,13478,173,13651,198
2021-04-09,Yuba,115,75493,5786,5754,112,5866,43
2021-04-08,Alameda,001,1643700,84777,84213,1794,86007,1232
2021-04-08,Alpine,003,1148,85,85,0,85,0
2021-04-08,Amador,005,37829,3606,3595,32,3627,46
2021-04-08,Butte,007,227075,11796,11414,1681,13095,193
2021-04-08,Calaveras,009,45235,2030,2027,11,2038,50
2021-04-08,Colusa,011,21464,1902,1897,277,2174,14
2021-04-08,Contra Costa,013,1133247,66591,65706,1139,66845,775
2021-04-08,Del Norte,015,27424,1244,1201,11,1212,6
2021-04-08,El Dorado,017,186661,9638,9513,650,10163,106
2021-04-08,Fresno,019,978130,100557,99935,8266,108201,1627
2021-04-08,Glenn,021,27897,2367,2337,532,2869,17
2021-04-08,Humboldt,023,135768,3524,3486,25,3511,35
2021-04-08,Imperial,025,180216,27901,27744,2575,30319,713
2021-04-08,Inyo,027,18085,1390,1386,10,1396,36
2021-04-08,Kern,029,883053,95811,94493,10318,104811,1281
2021-04-08,Kings,031,150075,22830,22589,1018,23607,243
2021-04-08,Lake,033,64148,3395,3360,9,3369,43
2021-04-08,Lassen,035,31185,5153,5136,102,5238,1
2021-04-08,Los Angeles,037,10098052,1194088,1184443,39784,1224227,23416
2021-04-08,Madera,039,155013,16290,16103,897,17000,231
2021-04-08,Marin,041,260295,13780,13704,223,13927,226
2021-04-08,Mariposa,043,17540,399,393,6,399,5
2021-04-08,Mendocino,045,87422,3777,3690,74,3764,45
2021-04-08,Merced,047,269075,30103,30163,989,31152,430
2021-04-08,Modoc,049,8938,361,352,118,470,3
2021-04-08,Mono,051,14174,1237,1247,16,1263,3
2021-04-08,Monterey,053,433212,42691,42437,1764,44201,342
2021-04-08,Napa,055,140530,9599,9569,32,9601,80
2021-04-08,Nevada,057,99092,4430,4367,182,4549,69
2021-04-08,Orange,059,3164182,252387,250529,10826,261355,4797
2021-04-08,Placer,061,380077,22020,21258,1313,22571,277
2021-04-08,Plumas,063,18699,674,665,10,675,4
2021-04-08,Riverside,065,2383286,290667,283853,13588,297441,4296
2021-04-08,Sacramento,067,1510023,100589,99319,1467,100786,1561
2021-04-08,San Benito,069,59416,5925,5914,102,6016,62
2021-04-08,San Bernardino,071,2135413,290219,287190,8745,295935,4445
2021-04-08,San Diego,073,3302833,273493,272495,13853,286348,3592
2021-04-08,San Francisco,075,870044,35666,35657,1197,36854,494
2021-04-08,San Joaquin,077,732212,70563,69479,3219,72698,1279
2021-04-08,San Luis Obispo,079,281455,20757,20402,635,21037,252
2021-04-08,San Mateo,081,765935,41172,40749,431,41180,350
2021-04-08,Santa Barbara,083,443738,33702,33309,1084,34393,444
2021-04-08,Santa Clara,085,1922200,115534,115487,666,116153,1905
2021-04-08,Santa Cruz,087,273765,15949,15296,789,16085,203
2021-04-08,Shasta,089,179085,11467,11466,1381,12847,186
2021-04-08,Sierra,091,2930,55,51,12,63,0
2021-04-08,Siskiyou,093,43540,1593,1511,264,1775,7
2021-04-08,Solano,095,438530,31278,31120,426,31546,238
2021-04-08,Sonoma,097,501317,29345,29410,287,29697,310
2021-04-08,Stanislaus,099,539301,53816,53401,5604,59005,706
2021-04-08,Sutter,101,95872,9183,9195,80,9275,106
2021-04-08,Tehama,103,63373,4861,4802,517,5319,52
2021-04-08,Trinity,105,12862,481,324,81,405,3
2021-04-08,Tulare,107,460477,49465,48409,8522,56931,821
2021-04-08,Tuolumne,109,53932,3942,3986,39,4025,57
2021-04-08,Ventura,111,848112,80220,79626,2867,82493,986
2021-04-08,Yolo,113,214977,13486,13468,172,13640,198
2021-04-08,Yuba,115,75493,5782,5743,112,5855,43
2021-04-07,Alameda,001,1643700,84693,84130,1792,85922,1224
2021-04-07,Alpine,003,1148,85,85,0,85,0
2021-04-07,Amador,005,37829,3603,3590,32,3622,46
2021-04-07,Butte,007,227075,11792,11405,1678,13083,193
2021-04-07,Calaveras,009,45235,2029,2022,11,2033,50
2021-04-07,Colusa,011,21464,1898,1894,276,2170,14
2021-04-07,Contra Costa,013,1133247,66505,65619,1138,66757,775
2021-04-07,Del Norte,015,27424,1242,1198,11,1209,6
2021-04-07,El Dorado,017,186661,9617,9500,644,10144,106
2021-04-07,Fresno,019,978130,100492,99865,8255,108120,1627
2021-04-07,Glenn,021,27897,2365,2337,531,2868,17
2021-04-07,Humboldt,023,135768,3511,3484,25,3509,35
2021-04-07,Imperial,025,180216,27877,27704,2569,30273,713
2021-04-07,Inyo,027,18085,1389,1386,10,1396,36
2021-04-07,Kern,029,883053,95775,94456,10303,104759,1275
2021-04-07,Kings,031,150075,22828,22589,1018,23607,243
2021-04-07,Lake,033,64148,3393,3358,9,3367,43
2021-04-07,Lassen,035,31185,5153,5137,102,5239,1
2021-04-07,Los Angeles,037,10098052,1193647,1183862,39764,1223626,23372
2021-04-07,Madera,039,155013,16271,16090,896,16986,231
2021-04-07,Marin,041,260295,13769,13688,222,13910,225
2021-04-07,Mariposa,043,17540,398,391,6,397,5
2021-04-07,Mendocino,045,87422,3776,3691,74,3765,45
2021-04-07,Merced,047,269075,30080,30132,985,31117,430
2021-04-07,Modoc,049,8938,361,351,118,469,3
2021-04-07,Mono,051,14174,1237,1246,16,1262,3
2021-04-07,Monterey,053,433212,42673,42427,1763,44190,341
2021-04-07,Napa,055,140530,9585,9556,32,9588,80
2021-04-07,Nevada,057,99092,4424,4364,182,4546,69
2021-04-07,Orange,059,3164182,252262,250378,10804,261182,4778
2021-04-07,Placer,061,380077,21976,21227,1305,22532,276
2021-04-07,Plumas,063,18699,674,665,10,675,4
2021-04-07,Riverside,065,2383286,290547,283749,13578,297327,4285
2021-04-07,Sacramento,067,1510023,100421,99202,1461,100663,1544
2021-04-07,San Benito,069,59416,5920,5912,101,6013,62
2021-04-07,San Bernardino,071,2135413,290100,286978,8740,295718,4433
2021-04-07,San Diego,073,3302833,273267,272195,13824,286019,3588
2021-04-07,San Francisco,075,870044,35626,35618,1193,36811,493
2021-04-07,San Joaquin,077,732212,70492,69375,3214,72589,1278
2021-04-07,San Luis Obispo,079,281455,20731,20373,632,21005,252
2021-04-07,San Mateo,081,765935,41128,40693,431,41124,350
2021-04-07,Santa Barbara,083,443738,33676,33289,1081,34370,444
2021-04-07,Santa Clara,085,1922200,115402,115311,664,115975,1900
2021-04-07,Santa Cruz,087,273765,15938,15275,789,16064,203
2021-04-07,Shasta,089,179085,11455,11456,1377,12833,184
2021-04-07,Sierra,091,2930,55,51,12,63,0
2021-04-07,Siskiyou,093,43540,1587,1512,263,1775,7
2021-04-07,Solano,095,438530,31227,31097,425,31522,238
2021-04-07,Sonoma,097,501317,29327,29394,286,29680,310
2021-04-07,Stanislaus,099,539301,53748,53344,5594,58938,686
2021-04-07,Sutter,101,95872,9180,9188,80,9268,106
2021-04-07,Tehama,103,63373,4853,4802,515,5317,52
2021-04-07,Trinity,105,12862,481,322,81,403,3
2021-04-07,Tulare,107,460477,49450,48386,8512,56898,820
2021-04-07,Tuolumne,109,53932,3940,3982,39,4021,57
2021-04-07,Ventura,111,848112,80186,79595,2865,82460,986
2021-04-07,Yolo,113,214977,13471,13450,170,13620,198
2021-04-07,Yuba,115,75493,5778,5737,112,5849,43
2021-04-06,Alameda,001,1643700,84580,84091,1789,85880,1223
2021-04-06,Alpine,003,1148,85,85,0,85,0
2021-04-06,Amador,005,37829,3602,3587,32,3619,45
2021-04-06,Butte,007,227075,11777,11396,1676,13072,193
2021-04-06,Calaveras,009,45235,2025,2021,11,2032,50
2021-04-06,Colusa,011,21464,1896,1894,274,2168,14
2021-04-06,Contra Costa,013,1133247,66427,65575,1137,66712,774
2021-04-06,Del Norte,015,27424,1237,1197,11,1208,6
2021-04-06,El Dorado,017,186661,9587,9489,642,10131,106
2021-04-06,Fresno,019,978130,100428,99814,8249,108063,1626
2021-04-06,Glenn,021,27897,2364,2335,530,2865,17
2021-04-06,Humboldt,023,135768,3502,3477,25,3502,35
2021-04-06,Imperial,025,180216,27843,27661,2560,30221,713
2021-04-06,Inyo,027,18085,1389,1379,10,1389,36
2021-04-06,Kern,029,883053,95731,94422,10297,104719,1259
2021-04-06,Kings,031,150075,22822,22587,1018,23605,240
2021-04-06,Lake,033,64148,3390,3358,9,3367,43
2021-04-06,Lassen,035,31185,5151,5137,102,5239,1
2021-04-06,Los Angeles,037,10098052,1193135,1183499,39725,1223224,23323
2021-04-06,Madera,039,155013,16251,16085,891,16976,230
2021-04-06,Marin,041,260295,13760,13675,218,13893,224
2021-04-06,Mariposa,043,17540,398,390,6,396,5
2021-04-06,Mendocino,045,87422,3774,3686,74,3760,45
2021-04-06,Merced,047,269075,30051,30100,980,31080,430
2021-04-06,Modoc,049,8938,360,351,118,469,3
2021-04-06,Mono,051,14174,1237,1246,16,1262,3
2021-04-06,Monterey,053,433212,42664,42412,1762,44174,341
2021-04-06,Napa,055,140530,9566,9509,32,9541,78
2021-04-06,Nevada,057,99092,4414,4356,180,4536,69
2021-04-06,Orange,059,3164182,252153,250304,10791,261095,4771
2021-04-06,Placer,061,380077,21928,21184,1303,22487,276
2021-04-06,Plumas,063,18699,674,665,10,675,4
2021-04-06,Riverside,065,2383286,290366,283622,13567,297189,4264
2021-04-06,Sacramento,067,1510023,100213,99110,1455,100565,1537
2021-04-06,San Benito,069,59416,5911,5907,101,6008,62
2021-04-06,San Bernardino,071,2135413,289987,286792,8730,295522,4428
2021-04-06,San Diego,073,3302833,273005,271867,13796,285663,3585
2021-04-06,San Francisco,075,870044,35583,35572,1193,36765,488
2021-04-06,San Joaquin,077,732212,70409,69316,3202,72518,1278
2021-04-06,San Luis Obispo,079,281455,20709,20350,629,20979,252
2021-04-06,San Mateo,081,765935,41080,40649,430,41079,350
2021-04-06,Santa Barbara,083,443738,33658,33257,1080,34337,443
2021-04-06,Santa Clara,085,1922200,115231,115184,663,115847,1900
2021-04-06,Santa Cruz,087,273765,15928,15252,789,16041,203
2021-04-06,Shasta,089,179085,11434,11443,1375,12818,184
2021-04-06,Sierra,091,2930,55,51,12,63,0
2021-04-06,Siskiyou,093,43540,1583,1510,262,1772,7
2021-04-06,Solano,095,438530,31180,31078,424,31502,237
2021-04-06,Sonoma,097,501317,29302,29386,284,29670,311
2021-04-06,Stanislaus,099,539301,53692,53304,5588,58892,686
2021-04-06,Sutter,101,95872,9170,9179,80,9259,106
2021-04-06,Tehama,103,63373,4844,4798,515,5313,52
2021-04-06,Trinity,105,12862,481,321,81,402,3
2021-04-06,Tulare,107,460477,49407,48372,8508,56880,819
2021-04-06,Tuolumne,109,53932,3940,3981,39,4020,57
2021-04-06,Ventura,111,848112,80149,79556,2863,82419,983
2021-04-06,Yolo,113,214977,13458,13443,169,13612,198
2021-04-06,Yuba,115,75493,5774,5733,111,5844,43
2021-04-05,Alameda,001,1643700,84464,84007,1785,85792,1219
2021-04-05,Alpine,003,1148,85,85,0,85,0
2021-04-05,Amador,005,37829,3599,3584,32,3616,45
2021-04-05,Butte,007,227075,11762,11384,1676,13060,193
2021-04-05,Calaveras,009,45235,2023,2019,11,2030,50
2021-04-05,Colusa,011,21464,1896,1894,273,2167,14
2021-04-05,Contra Costa,013,1133247,66361,65457,1135,66592,774
2021-04-05,Del Norte,015,27424,1235,1189,11,1200,6
2021-04-05,El Dorado,017,186661,9572,9463,642,10105,106
2021-04-05,Fresno,019,978130,100340,99755,8241,107996,1622
2021-04-05,Glenn,021,27897,2363,2335,530,2865,17
2021-04-05,Humboldt,023,135768,3493,3475,25,3500,35
2021-04-05,Imperial,025,180216,27811,27604,2555,30159,710
2021-04-05,Inyo,027,18085,1386,1377,10,1387,36
2021-04-05,Kern,029,883053,95676,94401,10272,104673,1249
2021-04-05,Kings,031,150075,22818,22580,1018,23598,239
2021-04-05,Lake,033,64148,3382,3359,9,3368,43
2021-04-05,Lassen,035,31185,5151,5138,101,5239,1
2021-04-05,Los Angeles,037,10098052,1192599,1183200,39677,1222877,23302
2021-04-05,Madera,039,155013,16236,16065,890,16955,230
2021-04-05,Marin,041,260295,13746,13666,214,13880,221
2021-04-05,Mariposa,043,17540,398,390,6,396,5
2021-04-05,Mendocino,045,87422,3772,3687,74,3761,45
2021-04-05,Merced,047,269075,30025,30068,978,31046,427
2021-04-05,Modoc,049,8938,358,346,118,464,3
2021-04-05,Mono,051,14174,1237,1246,16,1262,3
2021-04-05,Monterey,053,433212,42651,42396,1758,44154,341
2021-04-05,Napa,055,140530,9543,9492,32,9524,78
2021-04-05,Nevada,057,99092,4403,4346,180,4526,69
2021-04-05,Orange,059,3164182,252038,250177,10767,260944,4759
2021-04-05,Placer,061,380077,21882,21133,1296,22429,276
2021-04-05,Plumas,063,18699,674,666,10,676,4
2021-04-05,Riverside,065,2383286,290229,283549,13555,297104,4237
2021-04-05,Sacramento,067,1510023,100051,98908,1447,100355,1533
2021-04-05,San Benito,069,59416,5905,5904,101,6005,61
2021-04-05,San Bernardino,071,2135413,289877,286597,8727,295324,4425
2021-04-05,San Diego,073,3302833,272756,271655,13755,285410,3583
2021-04-05,San Francisco,075,870044,35552,35538,1193,36731,488
2021-04-05,San Joaquin,077,732212,70320,69214,3193,72407,1268
2021-04-05,San Luis Obispo,079,281455,20672,20333,629,20962,252
2021-04-05,San Mateo,081,765935,41036,40609,429,41038,350
2021-04-05,Santa Barbara,083,443738,33623,33235,1080,34315,443
2021-04-05,Santa Clara,085,1922200,115064,115091,660,115751,1893
2021-04-05,Santa Cruz,087,273765,15921,15228,789,16017,201
2021-04-05,Shasta,089,179085,11413,11435,1372,12807,184
2021-04-05,Sierra,091,2930,55,50,12,62,0
2021-04-05,Siskiyou,093,43540,1580,1509,260,1769,7
2021-04-05,Solano,095,438530,31139,31026,422,31448,237
2021-04-05,Sonoma,097,501317,29270,29361,282,29643,311
2021-04-05,Stanislaus,099,539301,53612,53238,5585,58823,686
2021-04-05,Sutter,101,95872,9163,9169,80,9249,106
2021-04-05,Tehama,103,63373,4838,4794,515,5309,52
2021-04-05,Trinity,105,12862,480,321,81,402,3
2021-04-05,Tulare,107,460477,49395,48356,8501,56857,818
2021-04-05,Tuolumne,109,53932,3939,3980,39,4019,57
2021-04-05,Ventura,111,848112,80118,79549,2860,82409,983
2021-04-05,Yolo,113,214977,13444,13427,168,13595,198
2021-04-05,Yuba,115,75493,5769,5728,110,5838,43
2021-04-04,Alameda,001,1643700,84345,83951,1781,85732,1219
2021-04-04,Alpine,003,1148,85,85,0,85,0
2021-04-04,Amador,005,37829,3593,3582,32,3614,45
2021-04-04,Butte,007,227075,11747,11375,1675,13050,193
2021-04-04,Calaveras,009,45235,2019,2020,11,2031,50
2021-04-04,Colusa,011,21464,1895,1893,273,2166,14
2021-04-04,Contra Costa,013,1133247,66255,65408,1130,66538,774
2021-04-04,Del Norte,015,27424,1227,1186,11,1197,6
2021-04-04,El Dorado,017,186661,9553,9455,639,10094,106
2021-04-04,Fresno,019,978130,100266,99702,8229,107931,1622
2021-04-04,Glenn,021,27897,2360,2335,529,2864,17
2021-04-04,Humboldt,023,135768,3482,3472,25,3497,35
2021-04-04,Imperial,025,180216,27755,27588,2553,30141,710
2021-04-04,Inyo,027,18085,1382,1377,10,1387,36
2021-04-04,Kern,029,883053,95632,94388,10251,104639,1247
2021-04-04,Kings,031,150075,22816,22580,1017,23597,239
2021-04-04,Lake,033,64148,3376,3355,8,3363,43
2021-04-04,Lassen,035,31185,5149,5138,101,5239,1
2021-04-04,Los Angeles,037,10098052,1192055,1182872,39633,1222505,23301
2021-04-04,Madera,039,155013,16210,16052,886,16938,230
2021-04-04,Marin,041,260295,13733,13663,213,13876,221
2021-04-04,Mariposa,043,17540,398,390,6,396,5
2021-04-04,Mendocino,045,87422,3769,3684,74,3758,45
2021-04-04,Merced,047,269075,29982,30048,975,31023,427
2021-04-04,Modoc,049,8938,358,346,118,464,3
2021-04-04,Mono,051,14174,1236,1245,16,1261,3
2021-04-04,Monterey,053,433212,42634,42391,1757,44148,341
2021-04-04,Napa,055,140530,9531,9486,32,9518,78
2021-04-04,Nevada,057,99092,4391,4337,180,4517,69
2021-04-04,Orange,059,3164182,251904,250117,10751,260868,4759
2021-04-04,Placer,061,380077,21835,21104,1278,22382,276
2021-04-04,Plumas,063,18699,674,666,10,676,4
2021-04-04,Riverside,065,2383286,290103,283537,13551,297088,4237
2021-04-04,Sacramento,067,1510023,99852,98821,1438,100259,1531
2021-04-04,San Benito,069,59416,5895,5901,97,5998,61
2021-04-04,San Bernardino,071,2135413,289737,286561,8719,295280,4423
2021-04-04,San Diego,073,3302833,272444,271528,13714,285242,3583
2021-04-04,San Francisco,075,870044,35498,35525,1190,36715,488
2021-04-04,San Joaquin,077,732212,70219,69147,3181,72328,1268
2021-04-04,San Luis Obispo,079,281455,20640,20328,621,20949,252
2021-04-04,San Mateo,081,765935,40993,40587,427,41014,350
2021-04-04,Santa Barbara,083,443738,33587,33213,1080,34293,443
2021-04-04,Santa Clara,085,1922200,114898,114976,653,115629,1893
2021-04-04,Santa Cruz,087,273765,15912,15219,789,16008,201
2021-04-04,Shasta,089,179085,11387,11433,1371,12804,184
2021-04-04,Sierra,091,2930,55,50,12,62,0
2021-04-04,Siskiyou,093,43540,1577,1509,256,1765,7
2021-04-04,Solano,095,438530,31092,31002,420,31422,237
2021-04-04,Sonoma,097,501317,29238,29340,280,29620,311
2021-04-04,Stanislaus,099,539301,53519,53181,5577,58758,686
2021-04-04,Sutter,101,95872,9156,9164,80,9244,106
2021-04-04,Tehama,103,63373,4826,4792,514,5306,52
2021-04-04,Trinity,105,12862,478,321,81,402,3
2021-04-04,Tulare,107,460477,49381,48343,8493,56836,818
2021-04-04,Tuolumne,109,53932,3931,3980,39,4019,57
2021-04-04,Ventura,111,848112,80075,79526,2858,82384,983
2021-04-04,Yolo,113,214977,13423,13425,167,13592,198
2021-04-04,Yuba,115,75493,5762,5722,110,5832,43
2021-04-03,Alameda,001,1643700,84278,83861,1779,85640,1218
2021-04-03,Alpine,003,1148,85,85,0,85,0
2021-04-03,Amador,005,37829,3590,3577,32,3609,45
2021-04-03,Butte,007,227075,11743,11359,1671,13030,193
2021-04-03,Calaveras,009,45235,2017,2019,11,2030,50
2021-04-03,Colusa,011,21464,1895,1891,273,2164,14
2021-04-03,Contra Costa,013,1133247,66183,65338,1130,66468,774
2021-04-03,Del Norte,015,27424,1222,1183,11,1194,6
2021-04-03,El Dorado,017,186661,9544,9448,638,10086,106
2021-04-03,Fresno,019,978130,100209,99602,8223,107825,1622
2021-04-03,Glenn,021,27897,2359,2334,528,2862,17
2021-04-03,Humboldt,023,135768,3480,3467,25,3492,35
2021-04-03,Imperial,025,180216,27739,27572,2550,30122,710
2021-04-03,Inyo,027,18085,1381,1376,10,1386,36
2021-04-03,Kern,029,883053,95606,94369,10235,104604,1243
2021-04-03,Kings,031,150075,22814,22580,1017,23597,239
2021-04-03,Lake,033,64148,3375,3350,8,3358,43
2021-04-03,Lassen,035,31185,5148,5136,101,5237,1
2021-04-03,Los Angeles,037,10098052,1191748,1182402,39616,1222018,23301
2021-04-03,Madera,039,155013,16201,16051,884,16935,230
2021-04-03,Marin,041,260295,13725,13658,212,13870,221
2021-04-03,Mariposa,043,17540,398,390,5,395,5
2021-04-03,Mendocino,045,87422,3768,3684,74,3758,45
2021-04-03,Merced,047,269075,29967,30031,975,31006,427
2021-04-03,Modoc,049,8938,358,346,118,464,3
2021-04-03,Mono,051,14174,1236,1245,16,1261,3
2021-04-03,Monterey,053,433212,42621,42376,1755,44131,341
2021-04-03,Napa,055,140530,9522,9473,32,9505,78
2021-04-03,Nevada,057,99092,4387,4323,180,4503,69
2021-04-03,Orange,059,3164182,251823,249982,10733,260715,4755
2021-04-03,Placer,061,380077,21804,21060,1274,22334,276
2021-04-03,Plumas,063,18699,674,666,10,676,4
2021-04-03,Riverside,065,2383286,290025,283423,13548,296971,4237
2021-04-03,Sacramento,067,1510023,99744,98660,1432,100092,1531
2021-04-03,San Benito,069,59416,5892,5893,96,5989,61
2021-04-03,San Bernardino,071,2135413,289673,286473,8713,295186,4422
2021-04-03,San Diego,073,3302833,272275,271335,13697,285032,3571
2021-04-03,San Francisco,075,870044,35479,35488,1188,36676,489
2021-04-03,San Joaquin,077,732212,70178,69100,3165,72265,1268
2021-04-03,San Luis Obispo,079,281455,20621,20301,621,20922,252
2021-04-03,San Mateo,081,765935,40968,40560,427,40987,350
2021-04-03,Santa Barbara,083,443738,33561,33172,1079,34251,443
2021-04-03,Santa Clara,085,1922200,114790,114865,651,115516,1893
2021-04-03,Santa Cruz,087,273765,15905,15205,789,15994,201
2021-04-03,Shasta,089,179085,11379,11418,1371,12789,184
2021-04-03,Sierra,091,2930,55,50,12,62,0
2021-04-03,Siskiyou,093,43540,1576,1509,256,1765,7
2021-04-03,Solano,095,438530,31071,30970,417,31387,237
2021-04-03,Sonoma,097,501317,29222,29315,279,29594,311
2021-04-03,Stanislaus,099,539301,53484,53137,5571,58708,686
2021-04-03,Sutter,101,95872,9150,9158,80,9238,106
2021-04-03,Tehama,103,63373,4818,4788,514,5302,52
2021-04-03,Trinity,105,12862,478,321,81,402,3
2021-04-03,Tulare,107,460477,49371,48327,8489,56816,818
2021-04-03,Tuolumne,109,53932,3931,3980,39,4019,57
2021-04-03,Ventura,111,848112,80054,79489,2856,82345,983
2021-04-03,Yolo,113,214977,13417,13414,167,13581,198
2021-04-03,Yuba,115,75493,5756,5716,110,5826,43
2021-04-02,Alameda,001,1643700,84204,83776,1776,85552,1217
2021-04-02,Alpine,003,1148,85,85,0,85,0
2021-04-02,Amador,005,37829,3586,3573,31,3604,45
2021-04-02,Butte,007,227075,11734,11350,1671,13021,193
2021-04-02,Calaveras,009,45235,2015,2010,11,2021,50
2021-04-02,Colusa,011,21464,1895,1891,273,2164,14
2021-04-02,Contra Costa,013,1133247,66119,65299,1129,66428,774
2021-04-02,Del Norte,015,27424,1219,1174,11,1185,6
2021-04-02,El Dorado,017,186661,9531,9437,635,10072,106
2021-04-02,Fresno,019,978130,100155,99551,8212,107763,1620
2021-04-02,Glenn,021,27897,2359,2331,528,2859,17
2021-04-02,Humboldt,023,135768,3476,3465,25,3490,35
2021-04-02,Imperial,025,180216,27727,27553,2544,30097,710
2021-04-02,Inyo,027,18085,1381,1377,10,1387,36
2021-04-02,Kern,029,883053,95588,94348,10232,104580,1233
2021-04-02,Kings,031,150075,22814,22571,1014,23585,239
2021-04-02,Lake,033,64148,3373,3348,8,3356,43
2021-04-02,Lassen,035,31185,5148,5134,101,5235,1
2021-04-02,Los Angeles,037,10098052,1191437,1181682,39595,1221277,23264
2021-04-02,Madera,039,155013,16192,16036,883,16919,230
2021-04-02,Marin,041,260295,13717,13649,212,13861,221
2021-04-02,Mariposa,043,17540,396,390,5,395,5
2021-04-02,Mendocino,045,87422,3765,3682,74,3756,45
2021-04-02,Merced,047,269075,29942,29998,975,30973,426
2021-04-02,Modoc,049,8938,355,346,118,464,3
2021-04-02,Mono,051,14174,1236,1246,16,1262,3
2021-04-02,Monterey,053,433212,42611,42359,1752,44111,341
2021-04-02,Napa,055,140530,9507,9453,32,9485,78
2021-04-02,Nevada,057,99092,4383,4323,180,4503,69
2021-04-02,Orange,059,3164182,251727,249891,10721,260612,4748
2021-04-02,Placer,061,380077,21768,21035,1268,22303,275
2021-04-02,Plumas,063,18699,674,666,10,676,4
2021-04-02,Riverside,065,2383286,289939,283328,13539,296867,4213
2021-04-02,Sacramento,067,1510023,99637,98648,1425,100073,1527
2021-04-02,San Benito,069,59416,5890,5888,94,5982,61
2021-04-02,San Bernardino,071,2135413,289600,286308,8709,295017,4417
2021-04-02,San Diego,073,3302833,272088,271036,13671,284707,3568
2021-04-02,San Francisco,075,870044,35444,35451,1186,36637,488
2021-04-02,San Joaquin,077,732212,70113,68996,3150,72146,1268
2021-04-02,San Luis Obispo,079,281455,20604,20271,620,20891,252
2021-04-02,San Mateo,081,765935,40926,40514,427,40941,350
2021-04-02,Santa Barbara,083,443738,33533,33145,1079,34224,443
2021-04-02,Santa Clara,085,1922200,114679,114777,649,115426,1882
2021-04-02,Santa Cruz,087,273765,15897,15216,789,16005,202
2021-04-02,Shasta,089,179085,11374,11377,1364,12741,181
2021-04-02,Sierra,091,2930,55,50,12,62,0
2021-04-02,Siskiyou,093,43540,1576,1508,255,1763,7
2021-04-02,Solano,095,438530,31042,30951,414,31365,237
2021-04-02,Sonoma,097,501317,29201,29288,278,29566,311
2021-04-02,Stanislaus,099,539301,53439,53073,5565,58638,687
2021-04-02,Sutter,101,95872,9142,9131,80,9211,106
2021-04-02,Tehama,103,63373,4811,4775,513,5288,52
2021-04-02,Trinity,105,12862,478,320,81,401,3
2021-04-02,Tulare,107,460477,49365,48306,8483,56789,818
2021-04-02,Tuolumne,109,53932,3928,3980,39,4019,57
2021-04-02,Ventura,111,848112,80027,79434,2854,82288,982
2021-04-02,Yolo,113,214977,13407,13381,167,13548,197
2021-04-02,Yuba,115,75493,5752,5709,110,5819,44
2021-04-01,Alameda,001,1643700,84125,83574,1771,85345,1216
2021-04-01,Alpine,003,1148,85,85,0,85,0
2021-04-01,Amador,005,37829,3582,3558,31,3589,45
2021-04-01,Butte,007,227075,11716,11328,1669,12997,193
2021-04-01,Calaveras,009,45235,2012,2006,11,2017,50
2021-04-01,Colusa,011,21464,1892,1890,273,2163,14
2021-04-01,Contra Costa,013,1133247,66059,65176,1127,66303,771
2021-04-01,Del Norte,015,27424,1214,1138,11,1149,6
2021-04-01,El Dorado,017,186661,9522,9393,631,10024,106
2021-04-01,Fresno,019,978130,100102,99317,8204,107521,1616
2021-04-01,Glenn,021,27897,2359,2322,527,2849,17
2021-04-01,Humboldt,023,135768,3472,3464,25,3489,35
2021-04-01,Imperial,025,180216,27697,27520,2539,30059,710
2021-04-01,Inyo,027,18085,1380,1374,10,1384,36
2021-04-01,Kern,029,883053,95552,94244,10220,104464,1233
2021-04-01,Kings,031,150075,22807,22560,1013,23573,239
2021-04-01,Lake,033,64148,3368,3337,8,3345,43
2021-04-01,Lassen,035,31185,5147,5132,101,5233,1
2021-04-01,Los Angeles,037,10098052,1190943,1181101,39566,1220667,23220
2021-04-01,Madera,039,155013,16176,16023,883,16906,230
2021-04-01,Marin,041,260295,13707,13635,212,13847,221
2021-04-01,Mariposa,043,17540,394,389,5,394,5
2021-04-01,Mendocino,045,87422,3765,3680,74,3754,45
2021-04-01,Merced,047,269075,29909,29820,975,30795,425
2021-04-01,Modoc,049,8938,354,346,118,464,3
2021-04-01,Mono,051,14174,1236,1245,16,1261,3
2021-04-01,Monterey,053,433212,42603,42324,1750,44074,339
2021-04-01,Napa,055,140530,9495,9410,32,9442,78
2021-04-01,Nevada,057,99092,4373,4288,179,4467,68
2021-04-01,Orange,059,3164182,251607,249617,10704,260321,4742
2021-04-01,Placer,061,380077,21729,20909,1256,22165,274
2021-04-01,Plumas,063,18699,674,664,10,674,4
2021-04-01,Riverside,065,2383286,289834,283128,13536,296664,4193
2021-04-01,Sacramento,067,1510023,99493,97952,1412,99364,1521
2021-04-01,San Benito,069,59416,5882,5878,93,5971,61
2021-04-01,San Bernardino,071,2135413,289484,286086,8700,294786,4404
2021-04-01,San Diego,073,3302833,271865,270540,13641,284181,3555
2021-04-01,San Francisco,075,870044,35423,35386,1183,36569,488
2021-04-01,San Joaquin,077,732212,70031,68802,3142,71944,1262
2021-04-01,San Luis Obispo,079,281455,20575,20235,619,20854,252
2021-04-01,San Mateo,081,765935,40885,40454,427,40881,350
2021-04-01,Santa Barbara,083,443738,33486,33096,1074,34170,443
2021-04-01,Santa Clara,085,1922200,114566,114606,648,115254,1874
2021-04-01,Santa Cruz,087,273765,15882,15271,789,16060,202
2021-04-01,Shasta,089,179085,11359,11355,1359,12714,181
2021-04-01,Sierra,091,2930,55,50,12,62,0
2021-04-01,Siskiyou,093,43540,1574,1507,254,1761,7
2021-04-01,Solano,095,438530,31009,30850,411,31261,237
2021-04-01,Sonoma,097,501317,29170,29241,271,29512,311
2021-04-01,Stanislaus,099,539301,53377,52825,5559,58384,687
2021-04-01,Sutter,101,95872,9130,9105,80,9185,106
2021-04-01,Tehama,103,63373,4805,4764,510,5274,52
2021-04-01,Trinity,105,12862,478,319,81,400,3
2021-04-01,Tulare,107,460477,49342,48279,8473,56752,817
2021-04-01,Tuolumne,109,53932,3926,3978,39,4017,57
2021-04-01,Ventura,111,848112,80003,79369,2853,82222,977
2021-04-01,Yolo,113,214977,13394,13342,167,13509,197
2021-04-01,Yuba,115,75493,5747,5694,110,5804,44
2021-03-31,Alameda,001,1643700,84043,83475,1766,85241,1215
2021-03-31,Alpine,003,1148,85,85,0,85,0
2021-03-31,Amador,005,37829,3579,3556,31,3587,45
2021-03-31,Butte,007,227075,11706,11321,1666,12987,193
2021-03-31,Calaveras,009,45235,2010,2005,11,2016,50
2021-03-31,Colusa,011,21464,1892,1890,273,2163,14
2021-03-31,Contra Costa,013,1133247,65974,65109,1126,66235,769
2021-03-31,Del Norte,015,27424,1205,1129,11,1140,6
2021-03-31,El Dorado,017,186661,9505,9390,631,10021,106
2021-03-31,Fresno,019,978130,100009,99240,8188,107428,1616
2021-03-31,Glenn,021,27897,2355,2318,525,2843,17
2021-03-31,Humboldt,023,135768,3466,3460,25,3485,35
2021-03-31,Imperial,025,180216,27677,27506,2538,30044,710
2021-03-31,Inyo,027,18085,1377,1373,9,1382,35
2021-03-31,Kern,029,883053,95509,94205,10211,104416,1229
2021-03-31,Kings,031,150075,22804,22540,1013,23553,239
2021-03-31,Lake,033,64148,3364,3332,8,3340,43
2021-03-31,Lassen,035,31185,5143,5132,101,5233,1
2021-03-31,Los Angeles,037,10098052,1190473,1180538,39528,1220066,23171
2021-03-31,Madera,039,155013,16162,16015,882,16897,229
2021-03-31,Marin,041,260295,13696,13624,212,13836,221
2021-03-31,Mariposa,043,17540,394,389,5,394,5
2021-03-31,Mendocino,045,87422,3759,3675,74,3749,45
2021-03-31,Merced,047,269075,29880,29780,975,30755,423
2021-03-31,Modoc,049,8938,354,346,118,464,3
2021-03-31,Mono,051,14174,1236,1245,16,1261,3
2021-03-31,Monterey,053,433212,42586,42309,1748,44057,338
2021-03-31,Napa,055,140530,9477,9401,32,9433,78
2021-03-31,Nevada,057,99092,4367,4283,179,4462,68
2021-03-31,Orange,059,3164182,251496,249518,10689,260207,4731
2021-03-31,Placer,061,380077,21679,20885,1249,22134,271
2021-03-31,Plumas,063,18699,673,663,10,673,4
2021-03-31,Riverside,065,2383286,289732,283006,13526,296532,4171
2021-03-31,Sacramento,067,1510023,99318,97760,1405,99165,1519
2021-03-31,San Benito,069,59416,5872,5875,93,5968,61
2021-03-31,San Bernardino,071,2135413,289390,285916,8697,294613,4356
2021-03-31,San Diego,073,3302833,271633,270288,13606,283894,3555
2021-03-31,San Francisco,075,870044,35378,35347,1182,36529,474
2021-03-31,San Joaquin,077,732212,69942,68685,3126,71811,1259
2021-03-31,San Luis Obispo,079,281455,20553,20215,618,20833,251
2021-03-31,San Mateo,081,765935,40855,40423,427,40850,350
2021-03-31,Santa Barbara,083,443738,33454,33052,1072,34124,443
2021-03-31,Santa Clara,085,1922200,114439,114499,648,115147,1874
2021-03-31,Santa Cruz,087,273765,15869,15295,788,16083,201
2021-03-31,Shasta,089,179085,11347,11327,1351,12678,179
2021-03-31,Sierra,091,2930,55,50,12,62,0
2021-03-31,Siskiyou,093,43540,1573,1505,254,1759,7
2021-03-31,Solano,095,438530,30963,30824,410,31234,235
2021-03-31,Sonoma,097,501317,29143,29216,271,29487,311
2021-03-31,Stanislaus,099,539301,53309,52782,5547,58329,687
2021-03-31,Sutter,101,95872,9119,9111,80,9191,106
2021-03-31,Tehama,103,63373,4800,4762,508,5270,52
2021-03-31,Trinity,105,12862,478,319,81,400,3
2021-03-31,Tulare,107,460477,49322,48261,8457,56718,816
2021-03-31,Tuolumne,109,53932,3925,3976,39,4015,57
2021-03-31,Ventura,111,848112,79971,79326,2849,82175,969
2021-03-31,Yolo,113,214977,13377,13359,166,13525,197
2021-03-31,Yuba,115,75493,5740,5686,110,5796,44
2021-03-30,Alameda,001,1643700,83943,83395,1763,85158,1211
2021-03-30,Alpine,003,1148,85,85,0,85,0
2021-03-30,Amador,005,37829,3576,3551,31,3582,45
2021-03-30,Butte,007,227075,11694,11296,1663,12959,193
2021-03-30,Calaveras,009,45235,2006,1997,11,2008,50
2021-03-30,Colusa,011,21464,1891,1890,272,2162,14
2021-03-30,Contra Costa,013,1133247,65885,65041,1124,66165,767
2021-03-30,Del Norte,015,27424,1197,1118,10,1128,6
2021-03-30,El Dorado,017,186661,9486,9381,628,10009,105
2021-03-30,Fresno,019,978130,99944,99156,8175,107331,1609
2021-03-30,Glenn,021,27897,2355,2310,524,2834,17
2021-03-30,Humboldt,023,135768,3464,3461,25,3486,35
2021-03-30,Imperial,025,180216,27649,27471,2536,30007,706
2021-03-30,Inyo,027,18085,1377,1374,9,1383,35
2021-03-30,Kern,029,883053,95467,94151,10202,104353,1221
2021-03-30,Kings,031,150075,22800,22530,1011,23541,238
2021-03-30,Lake,033,64148,3358,3330,8,3338,43
2021-03-30,Lassen,035,31185,5143,5132,101,5233,1
2021-03-30,Los Angeles,037,10098052,1189977,1180044,39506,1219550,23136
2021-03-30,Madera,039,155013,16152,16003,878,16881,229
2021-03-30,Marin,041,260295,13687,13611,204,13815,221
2021-03-30,Mariposa,043,17540,394,388,5,393,5
2021-03-30,Mendocino,045,87422,3757,3670,74,3744,45
2021-03-30,Merced,047,269075,29843,29731,975,30706,423
2021-03-30,Modoc,049,8938,353,346,118,464,3
2021-03-30,Mono,051,14174,1235,1245,16,1261,3
2021-03-30,Monterey,053,433212,42560,42308,1746,44054,338
2021-03-30,Napa,055,140530,9462,9391,32,9423,78
2021-03-30,Nevada,057,99092,4355,4266,178,4444,68
2021-03-30,Orange,059,3164182,251367,249412,10662,260074,4727
2021-03-30,Placer,061,380077,21639,20866,1243,22109,271
2021-03-30,Plumas,063,18699,673,661,10,671,4
2021-03-30,Riverside,065,2383286,289607,282930,13517,296447,4154
2021-03-30,Sacramento,067,1510023,99181,97718,1402,99120,1516
2021-03-30,San Benito,069,59416,5866,5870,93,5963,61
2021-03-30,San Bernardino,071,2135413,289281,285758,8688,294446,4343
2021-03-30,San Diego,073,3302833,271394,269998,13568,283566,3555
2021-03-30,San Francisco,075,870044,35328,35325,1181,36506,474
2021-03-30,San Joaquin,077,732212,69853,68613,3116,71729,1232
2021-03-30,San Luis Obispo,079,281455,20533,20194,618,20812,251
2021-03-30,San Mateo,081,765935,40811,40377,427,40804,349
2021-03-30,Santa Barbara,083,443738,33429,33016,1072,34088,441
2021-03-30,Santa Clara,085,1922200,114317,114413,647,115060,1873
2021-03-30,Santa Cruz,087,273765,15863,15278,788,16066,201
2021-03-30,Shasta,089,179085,11339,11316,1350,12666,184
2021-03-30,Sierra,091,2930,55,50,12,62,0
2021-03-30,Siskiyou,093,43540,1572,1501,254,1755,7
2021-03-30,Solano,095,438530,30933,30802,409,31211,232
2021-03-30,Sonoma,097,501317,29111,29198,271,29469,311
2021-03-30,Stanislaus,099,539301,53231,52690,5539,58229,677
2021-03-30,Sutter,101,95872,9115,9107,79,9186,106
2021-03-30,Tehama,103,63373,4791,4748,507,5255,52
2021-03-30,Trinity,105,12862,478,316,81,397,3
2021-03-30,Tulare,107,460477,49307,48249,8448,56697,815
2021-03-30,Tuolumne,109,53932,3920,3972,39,4011,57
2021-03-30,Ventura,111,848112,79927,79282,2846,82128,958
2021-03-30,Yolo,113,214977,13364,13353,166,13519,195
2021-03-30,Yuba,115,75493,5729,5679,104,5783,42
2021-03-29,Alameda,001,1643700,83842,83338,1761,85099,1211
2021-03-29,Alpine,003,1148,85,85,0,85,0
2021-03-29,Amador,005,37829,3570,3549,31,3580,45
2021-03-29,Butte,007,227075,11686,11291,1660,12951,191
2021-03-29,Calaveras,009,45235,2004,1998,11,2009,50
2021-03-29,Colusa,011,21464,1891,1889,271,2160,14
2021-03-29,Contra Costa,013,1133247,65816,64971,1123,66094,767
2021-03-29,Del Norte,015,27424,1192,1116,9,1125,6
2021-03-29,El Dorado,017,186661,9466,9374,623,9997,105
2021-03-29,Fresno,019,978130,99861,99085,8160,107245,1606
2021-03-29,Glenn,021,27897,2348,2310,524,2834,17
2021-03-29,Humboldt,023,135768,3459,3459,25,3484,34
2021-03-29,Imperial,025,180216,27628,27442,2534,29976,704
2021-03-29,Inyo,027,18085,1377,1372,9,1381,35
2021-03-29,Kern,029,883053,95420,94098,10183,104281,1220
2021-03-29,Kings,031,150075,22788,22522,1010,23532,238
2021-03-29,Lake,033,64148,3355,3325,8,3333,43
2021-03-29,Lassen,035,31185,5143,5131,101,5232,1
2021-03-29,Los Angeles,037,10098052,1189480,1179736,39466,1219202,23108
2021-03-29,Madera,039,155013,16132,15987,876,16863,210
2021-03-29,Marin,041,260295,13675,13600,201,13801,220
2021-03-29,Mariposa,043,17540,393,388,5,393,5
2021-03-29,Mendocino,045,87422,3754,3667,74,3741,45
2021-03-29,Merced,047,269075,29819,29699,975,30674,422
2021-03-29,Modoc,049,8938,352,344,118,462,3
2021-03-29,Mono,051,14174,1234,1243,16,1259,3
2021-03-29,Monterey,053,433212,42544,42305,1741,44046,337
2021-03-29,Napa,055,140530,9446,9379,32,9411,78
2021-03-29,Nevada,057,99092,4348,4258,178,4436,68
2021-03-29,Orange,059,3164182,251256,249295,10650,259945,4713
2021-03-29,Placer,061,380077,21604,20827,1236,22063,267
2021-03-29,Plumas,063,18699,672,660,10,670,4
2021-03-29,Riverside,065,2383286,289503,282867,13516,296383,4133
2021-03-29,Sacramento,067,1510023,98987,97577,1394,98971,1514
2021-03-29,San Benito,069,59416,5859,5865,93,5958,61
2021-03-29,San Bernardino,071,2135413,289184,285615,8684,294299,4335
2021-03-29,San Diego,073,3302833,271128,269771,13542,283313,3547
2021-03-29,San Francisco,075,870044,35293,35291,1178,36469,474
2021-03-29,San Joaquin,077,732212,69767,68537,3103,71640,1211
2021-03-29,San Luis Obispo,079,281455,20498,20176,617,20793,250
2021-03-29,San Mateo,081,765935,40769,40357,426,40783,348
2021-03-29,Santa Barbara,083,443738,33395,32983,1071,34054,439
2021-03-29,Santa Clara,085,1922200,114209,114335,642,114977,1871
2021-03-29,Santa Cruz,087,273765,15852,15249,787,16036,201
2021-03-29,Shasta,089,179085,11321,11313,1348,12661,183
2021-03-29,Sierra,091,2930,55,50,12,62,0
2021-03-29,Siskiyou,093,43540,1570,1497,254,1751,6
2021-03-29,Solano,095,438530,30894,30762,407,31169,232
2021-03-29,Sonoma,097,501317,29088,29184,268,29452,310
2021-03-29,Stanislaus,099,539301,53147,52614,5532,58146,677
2021-03-29,Sutter,101,95872,9108,9105,79,9184,106
2021-03-29,Tehama,103,63373,4783,4742,506,5248,52
2021-03-29,Trinity,105,12862,478,314,81,395,3
2021-03-29,Tulare,107,460477,49279,48226,8437,56663,815
2021-03-29,Tuolumne,109,53932,3918,3969,39,4008,57
2021-03-29,Ventura,111,848112,79885,79252,2846,82098,956
2021-03-29,Yolo,113,214977,13345,13346,166,13512,195
2021-03-29,Yuba,115,75493,5722,5671,103,5774,42
2021-03-28,Alameda,001,1643700,83721,83239,1759,84998,1212
2021-03-28,Alpine,003,1148,85,85,0,85,0
2021-03-28,Amador,005,37829,3566,3541,31,3572,45
2021-03-28,Butte,007,227075,11673,11285,1658,12943,191
2021-03-28,Calaveras,009,45235,2002,1995,11,2006,50
2021-03-28,Colusa,011,21464,1890,1889,271,2160,14
2021-03-28,Contra Costa,013,1133247,65742,64878,1119,65997,767
2021-03-28,Del Norte,015,27424,1185,1107,7,1114,6
2021-03-28,El Dorado,017,186661,9451,9371,621,9992,105
2021-03-28,Fresno,019,978130,99779,99004,8148,107152,1606
2021-03-28,Glenn,021,27897,2344,2309,522,2831,17
2021-03-28,Humboldt,023,135768,3456,3452,24,3476,34
2021-03-28,Imperial,025,180216,27601,27426,2531,29957,704
2021-03-28,Inyo,027,18085,1376,1372,9,1381,35
2021-03-28,Kern,029,883053,95375,94084,10172,104256,1219
2021-03-28,Kings,031,150075,22783,22514,1007,23521,238
2021-03-28,Lake,033,64148,3350,3320,8,3328,43
2021-03-28,Lassen,035,31185,5143,5131,100,5231,1
2021-03-28,Los Angeles,037,10098052,1188927,1179316,39408,1218724,23101
2021-03-28,Madera,039,155013,16117,15973,875,16848,210
2021-03-28,Marin,041,260295,13662,13594,199,13793,221
2021-03-28,Mariposa,043,17540,393,388,5,393,5
2021-03-28,Mendocino,045,87422,3752,3666,74,3740,45
2021-03-28,Merced,047,269075,29762,29679,975,30654,422
2021-03-28,Modoc,049,8938,352,344,118,462,3
2021-03-28,Mono,051,14174,1233,1242,16,1258,3
2021-03-28,Monterey,053,433212,42521,42294,1737,44031,337
2021-03-28,Napa,055,140530,9432,9368,32,9400,78
2021-03-28,Nevada,057,99092,4334,4239,178,4417,68
2021-03-28,Orange,059,3164182,251101,249238,10640,259878,4713
2021-03-28,Placer,061,380077,21560,20796,1230,22026,267
2021-03-28,Plumas,063,18699,670,657,10,667,4
2021-03-28,Riverside,065,2383286,289389,282811,13508,296319,4132
2021-03-28,Sacramento,067,1510023,98813,97425,1388,98813,1514
2021-03-28,San Benito,069,59416,5854,5862,93,5955,61
2021-03-28,San Bernardino,071,2135413,289064,285570,8676,294246,4332
2021-03-28,San Diego,073,3302833,270852,269476,13513,282989,3547
2021-03-28,San Francisco,075,870044,35247,35286,1174,36460,474
2021-03-28,San Joaquin,077,732212,69643,68459,3084,71543,1211
2021-03-28,San Luis Obispo,079,281455,20463,20172,614,20786,250
2021-03-28,San Mateo,081,765935,40724,40305,426,40731,348
2021-03-28,Santa Barbara,083,443738,33353,32953,1070,34023,439
2021-03-28,Santa Clara,085,1922200,114109,114232,638,114870,1871
2021-03-28,Santa Cruz,087,273765,15837,15238,786,16024,201
2021-03-28,Shasta,089,179085,11295,11308,1337,12645,183
2021-03-28,Sierra,091,2930,55,50,12,62,0
2021-03-28,Siskiyou,093,43540,1570,1497,253,1750,6
2021-03-28,Solano,095,438530,30857,30719,405,31124,232
2021-03-28,Sonoma,097,501317,29052,29161,266,29427,310
2021-03-28,Stanislaus,099,539301,53059,52567,5519,58086,678
2021-03-28,Sutter,101,95872,9099,9094,79,9173,106
2021-03-28,Tehama,103,63373,4773,4740,504,5244,52
2021-03-28,Trinity,105,12862,476,314,80,394,3
2021-03-28,Tulare,107,460477,49250,48218,8431,56649,815
2021-03-28,Tuolumne,109,53932,3915,3969,38,4007,57
2021-03-28,Ventura,111,848112,79834,79222,2841,82063,956
2021-03-28,Yolo,113,214977,13328,13325,165,13490,194
2021-03-28,Yuba,115,75493,5718,5662,103,5765,42
2021-03-27,Alameda,001,1643700,83650,83169,1755,84924,1211
2021-03-27,Alpine,003,1148,85,85,0,85,0
2021-03-27,Amador,005,37829,3561,3538,31,3569,45
2021-03-27,Butte,007,227075,11666,11278,1657,12935,191
2021-03-27,Calaveras,009,45235,1999,1992,11,2003,50
2021-03-27,Colusa,011,21464,1890,1889,271,2160,14
2021-03-27,Contra Costa,013,1133247,65672,64804,1116,65920,767
2021-03-27,Del Norte,015,27424,1175,1104,7,1111,6
2021-03-27,El Dorado,017,186661,9437,9367,621,9988,105
2021-03-27,Fresno,019,978130,99726,98901,8142,107043,1606
2021-03-27,Glenn,021,27897,2343,2308,522,2830,17
2021-03-27,Humboldt,023,135768,3451,3442,24,3466,34
2021-03-27,Imperial,025,180216,27589,27406,2528,29934,704
2021-03-27,Inyo,027,18085,1374,1372,9,1381,35
2021-03-27,Kern,029,883053,95355,94041,10161,104202,1217
2021-03-27,Kings,031,150075,22780,22502,1007,23509,238
2021-03-27,Lake,033,64148,3348,3317,8,3325,43
2021-03-27,Lassen,035,31185,5143,5129,100,5229,1
2021-03-27,Los Angeles,037,10098052,1188613,1178831,39382,1218213,23103
2021-03-27,Madera,039,155013,16110,15968,873,16841,210
2021-03-27,Marin,041,260295,13657,13579,199,13778,222
2021-03-27,Mariposa,043,17540,393,386,5,391,5
2021-03-27,Mendocino,045,87422,3750,3666,74,3740,45
2021-03-27,Merced,047,269075,29729,29647,973,30620,422
2021-03-27,Modoc,049,8938,352,344,118,462,3
2021-03-27,Mono,051,14174,1231,1241,16,1257,3
2021-03-27,Monterey,053,433212,42511,42271,1737,44008,337
2021-03-27,Napa,055,140530,9420,9360,32,9392,78
2021-03-27,Nevada,057,99092,4324,4231,178,4409,68
2021-03-27,Orange,059,3164182,251007,249160,10624,259784,4698
2021-03-27,Placer,061,380077,21540,20717,1223,21940,267
2021-03-27,Plumas,063,18699,669,655,10,665,4
2021-03-27,Riverside,065,2383286,289327,282707,13500,296207,4132
2021-03-27,Sacramento,067,1510023,98723,97247,1386,98633,1513
2021-03-27,San Benito,069,59416,5852,5862,91,5953,61
2021-03-27,San Bernardino,071,2135413,289002,285480,8675,294155,4325
2021-03-27,San Diego,073,3302833,270681,269271,13491,282762,3540
2021-03-27,San Francisco,075,870044,35224,35244,1172,36416,474
2021-03-27,San Joaquin,077,732212,69583,68365,3076,71441,1211
2021-03-27,San Luis Obispo,079,281455,20452,20153,611,20764,250
2021-03-27,San Mateo,081,765935,40701,40264,426,40690,348
2021-03-27,Santa Barbara,083,443738,33330,32921,1070,33991,439
2021-03-27,Santa Clara,085,1922200,114013,114124,636,114760,1871
2021-03-27,Santa Cruz,087,273765,15831,15215,786,16001,201
2021-03-27,Shasta,089,179085,11284,11288,1335,12623,183
2021-03-27,Sierra,091,2930,55,50,12,62,0
2021-03-27,Siskiyou,093,43540,1570,1497,253,1750,6
2021-03-27,Solano,095,438530,30829,30669,404,31073,232
2021-03-27,Sonoma,097,501317,29037,29133,264,29397,310
2021-03-27,Stanislaus,099,539301,52994,52497,5511,58008,678
2021-03-27,Sutter,101,95872,9092,9093,79,9172,106
2021-03-27,Tehama,103,63373,4767,4738,502,5240,52
2021-03-27,Trinity,105,12862,476,313,80,393,3
2021-03-27,Tulare,107,460477,49234,48203,8424,56627,813
2021-03-27,Tuolumne,109,53932,3912,3968,38,4006,57
2021-03-27,Ventura,111,848112,79807,79184,2839,82023,956
2021-03-27,Yolo,113,214977,13323,13317,164,13481,194
2021-03-27,Yuba,115,75493,5716,5657,103,5760,42
2021-03-26,Alameda,001,1643700,83587,83043,1753,84796,1208
2021-03-26,Alpine,003,1148,85,85,0,85,0
2021-03-26,Amador,005,37829,3556,3532,31,3563,45
2021-03-26,Butte,007,227075,11655,11278,1657,12935,191
2021-03-26,Calaveras,009,45235,1996,1989,11,2000,50
2021-03-26,Colusa,011,21464,1890,1889,271,2160,14
2021-03-26,Contra Costa,013,1133247,65612,64699,1113,65812,761
2021-03-26,Del Norte,015,27424,1172,1101,7,1108,6
2021-03-26,El Dorado,017,186661,9432,9353,621,9974,105
2021-03-26,Fresno,019,978130,99664,98731,8132,106863,1601
2021-03-26,Glenn,021,27897,2343,2307,521,2828,17
2021-03-26,Humboldt,023,135768,3449,3431,24,3455,34
2021-03-26,Imperial,025,180216,27565,27374,2528,29902,701
2021-03-26,Inyo,027,18085,1373,1369,9,1378,35
2021-03-26,Kern,029,883053,95329,93949,10155,104104,1211
2021-03-26,Kings,031,150075,22772,22493,1005,23498,239
2021-03-26,Lake,033,64148,3347,3314,8,3322,43
2021-03-26,Lassen,035,31185,5142,5131,100,5231,1
2021-03-26,Los Angeles,037,10098052,1188277,1178213,39369,1217582,23080
2021-03-26,Madera,039,155013,16100,15952,873,16825,210
2021-03-26,Marin,041,260295,13651,13553,194,13747,221
2021-03-26,Mariposa,043,17540,393,386,5,391,5
2021-03-26,Mendocino,045,87422,3749,3664,74,3738,45
2021-03-26,Merced,047,269075,29706,29613,972,30585,419
2021-03-26,Modoc,049,8938,352,344,118,462,3
2021-03-26,Mono,051,14174,1230,1236,16,1252,3
2021-03-26,Monterey,053,433212,42498,42241,1733,43974,338
2021-03-26,Napa,055,140530,9410,9349,32,9381,78
2021-03-26,Nevada,057,99092,4304,4222,178,4400,83
2021-03-26,Orange,059,3164182,250944,248995,10610,259605,4671
2021-03-26,Placer,061,380077,21514,20679,1222,21901,259
2021-03-26,Plumas,063,18699,668,654,10,664,4
2021-03-26,Riverside,065,2383286,289249,282602,13494,296096,4109
2021-03-26,Sacramento,067,1510023,98623,97040,1381,98421,1509
2021-03-26,San Benito,069,59416,5849,5855,91,5946,61
2021-03-26,San Bernardino,071,2135413,288946,285313,8673,293986,4288
2021-03-26,San Diego,073,3302833,270503,269045,13465,282510,3525
2021-03-26,San Francisco,075,870044,35198,35186,1172,36358,472
2021-03-26,San Joaquin,077,732212,69520,68249,3072,71321,1202
2021-03-26,San Luis Obispo,079,281455,20439,20118,611,20729,250
2021-03-26,San Mateo,081,765935,40666,40199,426,40625,348
2021-03-26,Santa Barbara,083,443738,33300,32895,1069,33964,439
2021-03-26,Santa Clara,085,1922200,113915,113959,635,114594,1868
2021-03-26,Santa Cruz,087,273765,15816,15199,785,15984,201
2021-03-26,Shasta,089,179085,11275,11276,1329,12605,182
2021-03-26,Sierra,091,2930,55,50,12,62,0
2021-03-26,Siskiyou,093,43540,1570,1493,252,1745,6
2021-03-26,Solano,095,438530,30804,30640,404,31044,205
2021-03-26,Sonoma,097,501317,29021,29101,261,29362,310
2021-03-26,Stanislaus,099,539301,52926,52420,5507,57927,678
2021-03-26,Sutter,101,95872,9089,9082,79,9161,104
2021-03-26,Tehama,103,63373,4766,4722,501,5223,51
2021-03-26,Trinity,105,12862,476,311,80,391,3
2021-03-26,Tulare,107,460477,49219,48179,8417,56596,813
2021-03-26,Tuolumne,109,53932,3911,3965,38,4003,57
2021-03-26,Ventura,111,848112,79773,79122,2837,81959,953
2021-03-26,Yolo,113,214977,13316,13299,162,13461,194
2021-03-26,Yuba,115,75493,5706,5653,103,5756,42
2021-03-25,Alameda,001,1643700,83492,82945,1751,84696,1206
2021-03-25,Alpine,003,1148,85,84,0,84,0
2021-03-25,Amador,005,37829,3554,3530,31,3561,45
2021-03-25,Butte,007,227075,11645,11270,1657,12927,188
2021-03-25,Calaveras,009,45235,1995,1982,11,1993,50
2021-03-25,Colusa,011,21464,1890,1888,271,2159,14
2021-03-25,Contra Costa,013,1133247,65545,64606,1110,65716,757
2021-03-25,Del Norte,015,27424,1166,1095,7,1102,6
2021-03-25,El Dorado,017,186661,9422,9331,621,9952,105
2021-03-25,Fresno,019,978130,99546,98602,8119,106721,1593
2021-03-25,Glenn,021,27897,2342,2302,520,2822,17
2021-03-25,Humboldt,023,135768,3444,3423,24,3447,34
2021-03-25,Imperial,025,180216,27549,27352,2527,29879,699
2021-03-25,Inyo,027,18085,1373,1369,9,1378,35
2021-03-25,Kern,029,883053,95297,93857,10150,104007,1206
2021-03-25,Kings,031,150075,22762,22472,1005,23477,237
2021-03-25,Lake,033,64148,3342,3312,8,3320,43
2021-03-25,Lassen,035,31185,5142,5129,100,5229,1
2021-03-25,Los Angeles,037,10098052,1187840,1177490,39335,1216825,23051
2021-03-25,Madera,039,155013,16081,15937,871,16808,210
2021-03-25,Marin,041,260295,13641,13538,191,13729,219
2021-03-25,Mariposa,043,17540,393,386,5,391,5
2021-03-25,Mendocino,045,87422,3748,3664,74,3738,45
2021-03-25,Merced,047,269075,29672,29576,965,30541,416
2021-03-25,Modoc,049,8938,352,343,118,461,3
2021-03-25,Mono,051,14174,1230,1235,16,1251,3
2021-03-25,Monterey,053,433212,42477,42220,1728,43948,336
2021-03-25,Napa,055,140530,9391,9321,32,9353,78
2021-03-25,Nevada,057,99092,4286,4202,176,4378,84
2021-03-25,Orange,059,3164182,250829,248871,10590,259461,4655
2021-03-25,Placer,061,380077,21473,20639,1215,21854,252
2021-03-25,Plumas,063,18699,668,654,10,664,4
2021-03-25,Riverside,065,2383286,289152,282492,13483,295975,4078
2021-03-25,Sacramento,067,1510023,98478,96823,1379,98202,1505
2021-03-25,San Benito,069,59416,5846,5850,91,5941,61
2021-03-25,San Bernardino,071,2135413,288865,285134,8668,293802,4222
2021-03-25,San Diego,073,3302833,270275,268623,13434,282057,3520
2021-03-25,San Francisco,075,870044,35158,35154,1170,36324,468
2021-03-25,San Joaquin,077,732212,69423,68089,3034,71123,1196
2021-03-25,San Luis Obispo,079,281455,20421,20076,611,20687,250
2021-03-25,San Mateo,081,765935,40626,40147,426,40573,348
2021-03-25,Santa Barbara,083,443738,33273,32857,1069,33926,439
2021-03-25,Santa Clara,085,1922200,113811,113877,633,114510,1868
2021-03-25,Santa Cruz,087,273765,15795,15170,785,15955,201
2021-03-25,Shasta,089,179085,11258,11262,1326,12588,181
2021-03-25,Sierra,091,2930,55,50,12,62,0
2021-03-25,Siskiyou,093,43540,1568,1491,251,1742,6
2021-03-25,Solano,095,438530,30743,30583,402,30985,193
2021-03-25,Sonoma,097,501317,28987,29060,257,29317,310
2021-03-25,Stanislaus,099,539301,52859,52321,5500,57821,678
2021-03-25,Sutter,101,95872,9080,9069,79,9148,104
2021-03-25,Tehama,103,63373,4764,4719,500,5219,52
2021-03-25,Trinity,105,12862,476,310,80,390,3
2021-03-25,Tulare,107,460477,49192,48148,8405,56553,811
2021-03-25,Tuolumne,109,53932,3910,3962,38,4000,57
2021-03-25,Ventura,111,848112,79732,79045,2833,81878,952
2021-03-25,Yolo,113,214977,13310,13287,162,13449,194
2021-03-25,Yuba,115,75493,5700,5647,97,5744,42
2021-03-24,Alameda,001,1643700,83398,82871,1748,84619,1199
2021-03-24,Alpine,003,1148,85,84,0,84,0
2021-03-24,Amador,005,37829,3548,3529,31,3560,45
2021-03-24,Butte,007,227075,11635,11252,1653,12905,187
2021-03-24,Calaveras,009,45235,1992,1975,11,1986,50
2021-03-24,Colusa,011,21464,1890,1886,271,2157,14
2021-03-24,Contra Costa,013,1133247,65465,64539,1109,65648,755
2021-03-24,Del Norte,015,27424,1161,1087,7,1094,6
2021-03-24,El Dorado,017,186661,9416,9319,620,9939,105
2021-03-24,Fresno,019,978130,99456,98437,8104,106541,1585
2021-03-24,Glenn,021,27897,2341,2297,519,2816,17
2021-03-24,Humboldt,023,135768,3441,3414,24,3438,34
2021-03-24,Imperial,025,180216,27540,27325,2527,29852,699
2021-03-24,Inyo,027,18085,1373,1368,9,1377,35
2021-03-24,Kern,029,883053,95249,93800,10141,103941,1198
2021-03-24,Kings,031,150075,22747,22456,1003,23459,237
2021-03-24,Lake,033,64148,3338,3307,8,3315,43
2021-03-24,Lassen,035,31185,5140,5130,99,5229,1
2021-03-24,Los Angeles,037,10098052,1187353,1177015,39302,1216317,22993
2021-03-24,Madera,039,155013,16072,15918,870,16788,210
2021-03-24,Marin,041,260295,13627,13526,189,13715,219
2021-03-24,Mariposa,043,17540,393,384,5,389,5
2021-03-24,Mendocino,045,87422,3745,3660,74,3734,45
2021-03-24,Merced,047,269075,29631,29525,965,30490,415
2021-03-24,Modoc,049,8938,351,341,118,459,3
2021-03-24,Mono,051,14174,1229,1243,16,1259,3
2021-03-24,Monterey,053,433212,42455,42201,1725,43926,335
2021-03-24,Napa,055,140530,9371,9310,32,9342,78
2021-03-24,Nevada,057,99092,4271,4191,175,4366,85
2021-03-24,Orange,059,3164182,250715,248775,10572,259347,4638
2021-03-24,Placer,061,380077,21443,20606,1207,21813,250
2021-03-24,Plumas,063,18699,666,652,10,662,4
2021-03-24,Riverside,065,2383286,289068,282410,13480,295890,4058
2021-03-24,Sacramento,067,1510023,98303,96628,1368,97996,1500
2021-03-24,San Benito,069,59416,5845,5847,91,5938,61
2021-03-24,San Bernardino,071,2135413,288778,284983,8666,293649,4170
2021-03-24,San Diego,073,3302833,270061,268413,13406,281819,3509
2021-03-24,San Francisco,075,870044,35131,35103,1167,36270,462
2021-03-24,San Joaquin,077,732212,69352,67978,3022,71000,1196
2021-03-24,San Luis Obispo,079,281455,20391,20021,610,20631,250
2021-03-24,San Mateo,081,765935,40576,40083,426,40509,348
2021-03-24,Santa Barbara,083,443738,33245,32810,1069,33879,438
2021-03-24,Santa Clara,085,1922200,113695,113757,630,114387,1851
2021-03-24,Santa Cruz,087,273765,15781,15138,784,15922,202
2021-03-24,Shasta,089,179085,11239,11243,1324,12567,181
2021-03-24,Sierra,091,2930,55,50,12,62,0
2021-03-24,Siskiyou,093,43540,1566,1490,251,1741,6
2021-03-24,Solano,095,438530,30706,30552,401,30953,178
2021-03-24,Sonoma,097,501317,28967,29034,253,29287,310
2021-03-24,Stanislaus,099,539301,52783,52259,5491,57750,677
2021-03-24,Sutter,101,95872,9064,9049,79,9128,104
2021-03-24,Tehama,103,63373,4758,4719,499,5218,49
2021-03-24,Trinity,105,12862,475,310,80,390,3
2021-03-24,Tulare,107,460477,49181,48109,8392,56501,808
2021-03-24,Tuolumne,109,53932,3908,3961,38,3999,57
2021-03-24,Ventura,111,848112,79680,78993,2826,81819,944
2021-03-24,Yolo,113,214977,13298,13269,162,13431,194
2021-03-24,Yuba,115,75493,5694,5634,94,5728,42
2021-03-23,Alameda,001,1643700,83296,82799,1744,84543,1190
2021-03-23,Alpine,003,1148,85,84,0,84,0
2021-03-23,Amador,005,37829,3542,3524,31,3555,45
2021-03-23,Butte,007,227075,11623,11227,1652,12879,187
2021-03-23,Calaveras,009,45235,1990,1971,11,1982,50
2021-03-23,Colusa,011,21464,1888,1885,270,2155,14
2021-03-23,Contra Costa,013,1133247,65365,64491,1108,65599,750
2021-03-23,Del Norte,015,27424,1156,1082,7,1089,6
2021-03-23,El Dorado,017,186661,9406,9318,617,9935,105
2021-03-23,Fresno,019,978130,99342,98362,8080,106442,1575
2021-03-23,Glenn,021,27897,2336,2293,517,2810,17
2021-03-23,Humboldt,023,135768,3432,3405,24,3429,34
2021-03-23,Imperial,025,180216,27532,27320,2527,29847,699
2021-03-23,Inyo,027,18085,1371,1364,9,1373,35
2021-03-23,Kern,029,883053,95142,93728,10134,103862,1191
2021-03-23,Kings,031,150075,22736,22439,1001,23440,237
2021-03-23,Lake,033,64148,3336,3294,8,3302,43
2021-03-23,Lassen,035,31185,5140,5130,99,5229,1
2021-03-23,Los Angeles,037,10098052,1186832,1176572,39265,1215837,22904
2021-03-23,Madera,039,155013,16056,15908,869,16777,210
2021-03-23,Marin,041,260295,13604,13514,187,13701,221
2021-03-23,Mariposa,043,17540,392,384,5,389,5
2021-03-23,Mendocino,045,87422,3743,3652,74,3726,45
2021-03-23,Merced,047,269075,29598,29485,965,30450,415
2021-03-23,Modoc,049,8938,350,342,118,460,3
2021-03-23,Mono,051,14174,1228,1263,16,1279,3
2021-03-23,Monterey,053,433212,42444,42180,1723,43903,335
2021-03-23,Napa,055,140530,9346,9299,32,9331,78
2021-03-23,Nevada,057,99092,4252,4179,174,4353,89
2021-03-23,Orange,059,3164182,250589,248661,10554,259215,4626
2021-03-23,Placer,061,380077,21408,20567,1203,21770,248
2021-03-23,Plumas,063,18699,666,652,10,662,4
2021-03-23,Riverside,065,2383286,288968,282317,13474,295791,4035
2021-03-23,Sacramento,067,1510023,98111,96521,1364,97885,1496
2021-03-23,San Benito,069,59416,5840,5845,90,5935,61
2021-03-23,San Bernardino,071,2135413,288693,284875,8658,293533,4134
2021-03-23,San Diego,073,3302833,269816,268156,13374,281530,3498
2021-03-23,San Francisco,075,870044,35073,35071,1162,36233,462
2021-03-23,San Joaquin,077,732212,69256,67903,3004,70907,1182
2021-03-23,San Luis Obispo,079,281455,20351,20009,609,20618,250
2021-03-23,San Mateo,081,765935,40520,40032,425,40457,348
2021-03-23,Santa Barbara,083,443738,33207,32771,1068,33839,438
2021-03-23,Santa Clara,085,1922200,113579,113645,627,114272,1848
2021-03-23,Santa Cruz,087,273765,15766,15106,784,15890,201
2021-03-23,Shasta,089,179085,11226,11234,1323,12557,175
2021-03-23,Sierra,091,2930,55,50,12,62,0
2021-03-23,Siskiyou,093,43540,1561,1485,249,1734,6
2021-03-23,Solano,095,438530,30665,30524,400,30924,178
2021-03-23,Sonoma,097,501317,28930,29020,252,29272,310
2021-03-23,Stanislaus,099,539301,52684,52148,5484,57632,677
2021-03-23,Sutter,101,95872,9056,9039,79,9118,104
2021-03-23,Tehama,103,63373,4749,4707,498,5205,46
2021-03-23,Trinity,105,12862,475,310,80,390,3
2021-03-23,Tulare,107,460477,49154,48095,8376,56471,808
2021-03-23,Tuolumne,109,53932,3905,3957,38,3995,57
2021-03-23,Ventura,111,848112,79619,78930,2823,81753,932
2021-03-23,Yolo,113,214977,13287,13255,162,13417,194
2021-03-23,Yuba,115,75493,5689,5628,94,5722,42
2021-03-22,Alameda,001,1643700,83205,82748,1739,84487,1189
2021-03-22,Alpine,003,1148,84,83,0,83,0
2021-03-22,Amador,005,37829,3534,3522,31,3553,44
2021-03-22,Butte,007,227075,11614,11211,1650,12861,185
2021-03-22,Calaveras,009,45235,1986,1963,11,1974,49
2021-03-22,Colusa,011,21464,1886,1885,270,2155,13
2021-03-22,Contra Costa,013,1133247,65270,64432,1106,65538,740
2021-03-22,Del Norte,015,27424,1150,1082,7,1089,6
2021-03-22,El Dorado,017,186661,9390,9310,613,9923,105
2021-03-22,Fresno,019,978130,99244,98276,8068,106344,1556
2021-03-22,Glenn,021,27897,2328,2291,517,2808,17
2021-03-22,Humboldt,023,135768,3427,3403,24,3427,34
2021-03-22,Imperial,025,180216,27517,27302,2524,29826,699
2021-03-22,Inyo,027,18085,1368,1363,9,1372,35
2021-03-22,Kern,029,883053,95071,93675,10118,103793,1178
2021-03-22,Kings,031,150075,22723,22433,996,23429,236
2021-03-22,Lake,033,64148,3335,3290,8,3298,43
2021-03-22,Lassen,035,31185,5138,5129,99,5228,1
2021-03-22,Los Angeles,037,10098052,1186315,1176205,39235,1215440,22843
2021-03-22,Madera,039,155013,16041,15904,869,16773,210
2021-03-22,Marin,041,260295,13595,13501,186,13687,221
2021-03-22,Mariposa,043,17540,391,381,5,386,5
2021-03-22,Mendocino,045,87422,3741,3653,74,3727,45
2021-03-22,Merced,047,269075,29555,29468,962,30430,413
2021-03-22,Modoc,049,8938,348,342,118,460,3
2021-03-22,Mono,051,14174,1223,1263,16,1279,3
2021-03-22,Monterey,053,433212,42428,42161,1721,43882,335
2021-03-22,Napa,055,140530,9335,9288,32,9320,77
2021-03-22,Nevada,057,99092,4242,4174,170,4344,89
2021-03-22,Orange,059,3164182,250439,248517,10520,259037,4599
2021-03-22,Placer,061,380077,21373,20543,1198,21741,242
2021-03-22,Plumas,063,18699,666,652,10,662,4
2021-03-22,Riverside,065,2383286,288867,282242,13463,295705,4009
2021-03-22,Sacramento,067,1510023,97933,96385,1354,97739,1493
2021-03-22,San Benito,069,59416,5837,5844,89,5933,61
2021-03-22,San Bernardino,071,2135413,288605,284771,8646,293417,4107
2021-03-22,San Diego,073,3302833,269604,267913,13354,281267,3494
2021-03-22,San Francisco,075,870044,35031,35040,1158,36198,462
2021-03-22,San Joaquin,077,732212,69164,67815,2987,70802,1182
2021-03-22,San Luis Obispo,079,281455,20327,20000,608,20608,250
2021-03-22,San Mateo,081,765935,40469,40024,424,40448,348
2021-03-22,Santa Barbara,083,443738,33162,32756,1066,33822,437
2021-03-22,Santa Clara,085,1922200,113459,113575,627,114202,1845
2021-03-22,Santa Cruz,087,273765,15754,15077,783,15860,201
2021-03-22,Shasta,089,179085,11212,11218,1322,12540,150
2021-03-22,Sierra,091,2930,55,50,12,62,0
2021-03-22,Siskiyou,093,43540,1560,1487,248,1735,5
2021-03-22,Solano,095,438530,30625,30490,396,30886,171
2021-03-22,Sonoma,097,501317,28901,29010,248,29258,310
2021-03-22,Stanislaus,099,539301,52600,52083,5479,57562,677
2021-03-22,Sutter,101,95872,9043,9024,79,9103,104
2021-03-22,Tehama,103,63373,4741,4704,498,5202,45
2021-03-22,Trinity,105,12862,475,310,80,390,3
2021-03-22,Tulare,107,460477,49139,48074,8356,56430,807
2021-03-22,Tuolumne,109,53932,3902,3954,38,3992,57
2021-03-22,Ventura,111,848112,79573,78890,2820,81710,927
2021-03-22,Yolo,113,214977,13275,13243,161,13404,190
2021-03-22,Yuba,115,75493,5678,5627,92,5719,42
2021-03-21,Alameda,001,1643700,83118,82684,1736,84420,1187
2021-03-21,Alpine,003,1148,84,83,0,83,0
2021-03-21,Amador,005,37829,3530,3519,31,3550,44
2021-03-21,Butte,007,227075,11598,11208,1645,12853,185
2021-03-21,Calaveras,009,45235,1980,1962,11,1973,49
2021-03-21,Colusa,011,21464,1886,1885,270,2155,13
2021-03-21,Contra Costa,013,1133247,65188,64382,1102,65484,740
2021-03-21,Del Norte,015,27424,1135,1076,7,1083,6
2021-03-21,El Dorado,017,186661,9380,9302,608,9910,105
2021-03-21,Fresno,019,978130,99130,98211,8045,106256,1556
2021-03-21,Glenn,021,27897,2325,2288,516,2804,17
2021-03-21,Humboldt,023,135768,3422,3402,24,3426,34
2021-03-21,Imperial,025,180216,27500,27267,2519,29786,699
2021-03-21,Inyo,027,18085,1368,1363,9,1372,35
2021-03-21,Kern,029,883053,95005,93649,10109,103758,1170
2021-03-21,Kings,031,150075,22706,22422,996,23418,236
2021-03-21,Lake,033,64148,3331,3286,8,3294,43
2021-03-21,Lassen,035,31185,5138,5129,99,5228,1
2021-03-21,Los Angeles,037,10098052,1185779,1175684,39188,1214872,22834
2021-03-21,Madera,039,155013,16021,15895,867,16762,210
2021-03-21,Marin,041,260295,13579,13495,185,13680,220
2021-03-21,Mariposa,043,17540,391,381,5,386,5
2021-03-21,Mendocino,045,87422,3738,3651,74,3725,45
2021-03-21,Merced,047,269075,29495,29446,956,30402,413
2021-03-21,Modoc,049,8938,348,341,118,459,3
2021-03-21,Mono,051,14174,1218,1263,16,1279,3
2021-03-21,Monterey,053,433212,42403,42153,1718,43871,335
2021-03-21,Napa,055,140530,9315,9282,32,9314,77
2021-03-21,Nevada,057,99092,4229,4169,170,4339,89
2021-03-21,Orange,059,3164182,250306,248442,10493,258935,4598
2021-03-21,Placer,061,380077,21337,20520,1190,21710,242
2021-03-21,Plumas,063,18699,666,653,10,663,4
2021-03-21,Riverside,065,2383286,288758,282187,13452,295639,4009
2021-03-21,Sacramento,067,1510023,97739,96269,1347,97616,1489
2021-03-21,San Benito,069,59416,5831,5842,89,5931,61
2021-03-21,San Bernardino,071,2135413,288515,284732,8640,293372,4094
2021-03-21,San Diego,073,3302833,269344,267724,13328,281052,3494
2021-03-21,San Francisco,075,870044,34984,35012,1152,36164,460
2021-03-21,San Joaquin,077,732212,69042,67729,2969,70698,1182
2021-03-21,San Luis Obispo,079,281455,20295,19979,606,20585,250
2021-03-21,San Mateo,081,765935,40424,39988,423,40411,344
2021-03-21,Santa Barbara,083,443738,33123,32743,1065,33808,437
2021-03-21,Santa Clara,085,1922200,113329,113487,624,114111,1840
2021-03-21,Santa Cruz,087,273765,15747,15064,783,15847,199
2021-03-21,Shasta,089,179085,11192,11215,1321,12536,150
2021-03-21,Sierra,091,2930,55,50,12,62,0
2021-03-21,Siskiyou,093,43540,1560,1486,247,1733,5
2021-03-21,Solano,095,438530,30585,30474,393,30867,171
2021-03-21,Sonoma,097,501317,28872,28986,247,29233,310
2021-03-21,Stanislaus,099,539301,52510,52014,5477,57491,677
2021-03-21,Sutter,101,95872,9030,9021,79,9100,104
2021-03-21,Tehama,103,63373,4737,4701,498,5199,45
2021-03-21,Trinity,105,12862,473,310,80,390,3
2021-03-21,Tulare,107,460477,49123,48060,8344,56404,807
2021-03-21,Tuolumne,109,53932,3900,3953,38,3991,57
2021-03-21,Ventura,111,848112,79510,78863,2815,81678,927
2021-03-21,Yolo,113,214977,13253,13235,161,13396,190
2021-03-21,Yuba,115,75493,5668,5624,92,5716,42
2021-03-20,Alameda,001,1643700,83050,82614,1734,84348,1178
2021-03-20,Alpine,003,1148,84,83,0,83,0
2021-03-20,Amador,005,37829,3528,3518,31,3549,44
2021-03-20,Butte,007,227075,11592,11199,1643,12842,185
2021-03-20,Calaveras,009,45235,1976,1961,11,1972,49
2021-03-20,Colusa,011,21464,1886,1883,270,2153,12
2021-03-20,Contra Costa,013,1133247,65128,64313,1102,65415,713
2021-03-20,Del Norte,015,27424,1134,1075,7,1082,6
2021-03-20,El Dorado,017,186661,9374,9290,608,9898,105
2021-03-20,Fresno,019,978130,99070,98112,8038,106150,1532
2021-03-20,Glenn,021,27897,2324,2288,514,2802,17
2021-03-20,Humboldt,023,135768,3415,3399,24,3423,33
2021-03-20,Imperial,025,180216,27494,27239,2517,29756,695
2021-03-20,Inyo,027,18085,1368,1362,9,1371,35
2021-03-20,Kern,029,883053,94976,93606,10105,103711,1155
2021-03-20,Kings,031,150075,22701,22415,995,23410,236
2021-03-20,Lake,033,64148,3327,3280,8,3288,43
2021-03-20,Lassen,035,31185,5138,5128,99,5227,1
2021-03-20,Los Angeles,037,10098052,1185480,1175290,39164,1214454,22810
2021-03-20,Madera,039,155013,16013,15891,866,16757,210
2021-03-20,Marin,041,260295,13567,13470,181,13651,220
2021-03-20,Mariposa,043,17540,390,381,5,386,5
2021-03-20,Mendocino,045,87422,3737,3639,74,3713,43
2021-03-20,Merced,047,269075,29464,29411,953,30364,412
2021-03-20,Modoc,049,8938,347,341,118,459,3
2021-03-20,Mono,051,14174,1218,1256,16,1272,3
2021-03-20,Monterey,053,433212,42394,42146,1717,43863,334
2021-03-20,Napa,055,140530,9307,9274,32,9306,77
2021-03-20,Nevada,057,99092,4218,4164,169,4333,89
2021-03-20,Orange,059,3164182,250225,248348,10482,258830,4522
2021-03-20,Placer,061,380077,21314,20505,1188,21693,242
2021-03-20,Plumas,063,18699,663,652,10,662,4
2021-03-20,Riverside,065,2383286,288681,282081,13448,295529,4000
2021-03-20,Sacramento,067,1510023,97628,96126,1344,97470,1488
2021-03-20,San Benito,069,59416,5827,5840,89,5929,61
2021-03-20,San Bernardino,071,2135413,288449,284690,8636,293326,3965
2021-03-20,San Diego,073,3302833,269173,267532,13321,280853,3493
2021-03-20,San Francisco,075,870044,34961,34968,1145,36113,453
2021-03-20,San Joaquin,077,732212,69001,67662,2962,70624,1161
2021-03-20,San Luis Obispo,079,281455,20279,19951,600,20551,250
2021-03-20,San Mateo,081,765935,40390,39958,422,40380,344
2021-03-20,Santa Barbara,083,443738,33098,32723,1064,33787,434
2021-03-20,Santa Clara,085,1922200,113237,113384,623,114007,1799
2021-03-20,Santa Cruz,087,273765,15731,15053,783,15836,199
2021-03-20,Shasta,089,179085,11186,11211,1321,12532,147
2021-03-20,Sierra,091,2930,55,50,12,62,0
2021-03-20,Siskiyou,093,43540,1560,1483,247,1730,5
2021-03-20,Solano,095,438530,30555,30439,393,30832,170
2021-03-20,Sonoma,097,501317,28857,28962,247,29209,309
2021-03-20,Stanislaus,099,539301,52454,51925,5470,57395,673
2021-03-20,Sutter,101,95872,9022,9014,79,9093,103
2021-03-20,Tehama,103,63373,4732,4696,496,5192,33
2021-03-20,Trinity,105,12862,472,310,80,390,3
2021-03-20,Tulare,107,460477,49108,48030,8327,56357,804
2021-03-20,Tuolumne,109,53932,3897,3950,38,3988,57
2021-03-20,Ventura,111,848112,79475,78818,2813,81631,922
2021-03-20,Yolo,113,214977,13249,13226,161,13387,190
2021-03-20,Yuba,115,75493,5665,5621,91,5712,42
2021-03-19,Alameda,001,1643700,82978,82499,1733,84232,1187
2021-03-19,Alpine,003,1148,83,82,0,82,0
2021-03-19,Amador,005,37829,3525,3515,31,3546,44
2021-03-19,Butte,007,227075,11584,11191,1640,12831,185
2021-03-19,Calaveras,009,45235,1975,1957,11,1968,49
2021-03-19,Colusa,011,21464,1885,1883,270,2153,12
2021-03-19,Contra Costa,013,1133247,65069,64195,1099,65294,737
2021-03-19,Del Norte,015,27424,1128,1071,5,1076,6
2021-03-19,El Dorado,017,186661,9365,9274,608,9882,105
2021-03-19,Fresno,019,978130,98986,97969,8025,105994,1527
2021-03-19,Glenn,021,27897,2324,2282,514,2796,17
2021-03-19,Humboldt,023,135768,3406,3388,24,3412,33
2021-03-19,Imperial,025,180216,27482,27218,2514,29732,695
2021-03-19,Inyo,027,18085,1366,1356,9,1365,35
2021-03-19,Kern,029,883053,94943,93534,10092,103626,1152
2021-03-19,Kings,031,150075,22692,22369,992,23361,235
2021-03-19,Lake,033,64148,3321,3262,8,3270,43
2021-03-19,Lassen,035,31185,5138,5126,99,5225,1
2021-03-19,Los Angeles,037,10098052,1185140,1174818,39147,1213965,22752
2021-03-19,Madera,039,155013,16006,15877,865,16742,210
2021-03-19,Marin,041,260295,13555,13441,181,13622,220
2021-03-19,Mariposa,043,17540,389,380,5,385,5
2021-03-19,Mendocino,045,87422,3736,3639,74,3713,45
2021-03-19,Merced,047,269075,29437,29376,951,30327,412
2021-03-19,Modoc,049,8938,347,341,118,459,3
2021-03-19,Mono,051,14174,1216,1244,16,1260,3
2021-03-19,Monterey,053,433212,42385,42125,1715,43840,335
2021-03-19,Napa,055,140530,9295,9256,32,9288,77
2021-03-19,Nevada,057,99092,4207,4156,169,4325,88
2021-03-19,Orange,059,3164182,250125,248146,10473,258619,4501
2021-03-19,Placer,061,380077,21296,20451,1186,21637,242
2021-03-19,Plumas,063,18699,663,650,10,660,4
2021-03-19,Riverside,065,2383286,288598,281937,13443,295380,3989
2021-03-19,Sacramento,067,1510023,97525,95934,1341,97275,1486
2021-03-19,San Benito,069,59416,5827,5845,89,5934,61
2021-03-19,San Bernardino,071,2135413,288378,284501,8634,293135,4017
2021-03-19,San Diego,073,3302833,269038,267173,13311,280484,3491
2021-03-19,San Francisco,075,870044,34916,34936,1142,36078,461
2021-03-19,San Joaquin,077,732212,68931,67515,2948,70463,1180
2021-03-19,San Luis Obispo,079,281455,20259,19913,598,20511,249
2021-03-19,San Mateo,081,765935,40366,39893,422,40315,344
2021-03-19,Santa Barbara,083,443738,33068,32685,1063,33748,435
2021-03-19,Santa Clara,085,1922200,113162,113232,622,113854,1797
2021-03-19,Santa Cruz,087,273765,15724,15026,783,15809,199
2021-03-19,Shasta,089,179085,11179,11104,1319,12423,103
2021-03-19,Sierra,091,2930,54,49,12,61,0
2021-03-19,Siskiyou,093,43540,1560,1480,246,1726,5
2021-03-19,Solano,095,438530,30525,30395,391,30786,172
2021-03-19,Sonoma,097,501317,28836,28932,245,29177,292
2021-03-19,Stanislaus,099,539301,52396,51755,5467,57222,679
2021-03-19,Sutter,101,95872,9020,9005,79,9084,103
2021-03-19,Tehama,103,63373,4725,4685,496,5181,33
2021-03-19,Trinity,105,12862,472,310,80,390,3
2021-03-19,Tulare,107,460477,49085,47989,8304,56293,805
2021-03-19,Tuolumne,109,53932,3894,3946,38,3984,57
2021-03-19,Ventura,111,848112,79442,78753,2809,81562,920
2021-03-19,Yolo,113,214977,13241,13197,161,13358,189
2021-03-19,Yuba,115,75493,5662,5615,90,5705,42
2021-03-18,Alameda,001,1643700,82897,82419,1730,84149,1189
2021-03-18,Alpine,003,1148,83,82,0,82,0
2021-03-18,Amador,005,37829,3521,3513,31,3544,44
2021-03-18,Butte,007,227075,11573,11179,1638,12817,185
2021-03-18,Calaveras,009,45235,1973,1954,11,1965,49
2021-03-18,Colusa,011,21464,1885,1882,270,2152,12
2021-03-18,Contra Costa,013,1133247,64996,64103,1096,65199,739
2021-03-18,Del Norte,015,27424,1119,1059,5,1064,6
2021-03-18,El Dorado,017,186661,9352,9261,607,9868,105
2021-03-18,Fresno,019,978130,98889,97856,8010,105866,1527
2021-03-18,Glenn,021,27897,2320,2275,513,2788,17
2021-03-18,Humboldt,023,135768,3398,3381,24,3405,34
2021-03-18,Imperial,025,180216,27467,27190,2509,29699,695
2021-03-18,Inyo,027,18085,1363,1354,9,1363,35
2021-03-18,Kern,029,883053,94886,93458,10078,103536,1158
2021-03-18,Kings,031,150075,22685,22354,991,23345,235
2021-03-18,Lake,033,64148,3318,3260,8,3268,43
2021-03-18,Lassen,035,31185,5137,5126,99,5225,1
2021-03-18,Los Angeles,037,10098052,1184707,1174205,39118,1213323,22689
2021-03-18,Madera,039,155013,15994,15860,862,16722,211
2021-03-18,Marin,041,260295,13537,13435,180,13615,219
2021-03-18,Mariposa,043,17540,387,380,5,385,5
2021-03-18,Mendocino,045,87422,3726,3630,74,3704,45
2021-03-18,Merced,047,269075,29402,29317,951,30268,410
2021-03-18,Modoc,049,8938,347,341,118,459,3
2021-03-18,Mono,051,14174,1212,1215,15,1230,3
2021-03-18,Monterey,053,433212,42373,42105,1715,43820,335
2021-03-18,Napa,055,140530,9286,9243,32,9275,77
2021-03-18,Nevada,057,99092,4200,4154,169,4323,74
2021-03-18,Orange,059,3164182,250022,248050,10460,258510,4514
2021-03-18,Placer,061,380077,21264,20421,1183,21604,243
2021-03-18,Plumas,063,18699,661,648,10,658,4
2021-03-18,Riverside,065,2383286,288517,281789,13436,295225,3957
2021-03-18,Sacramento,067,1510023,97377,95819,1337,97156,1481
2021-03-18,San Benito,069,59416,5825,5842,89,5931,61
2021-03-18,San Bernardino,071,2135413,288295,284294,8604,292898,4076
2021-03-18,San Diego,073,3302833,268885,266752,13301,280053,3478
2021-03-18,San Francisco,075,870044,34877,34904,1141,36045,461
2021-03-18,San Joaquin,077,732212,68831,67301,2936,70237,1169
2021-03-18,San Luis Obispo,079,281455,20230,19894,597,20491,249
2021-03-18,San Mateo,081,765935,40325,39874,422,40296,344
2021-03-18,Santa Barbara,083,443738,33027,32640,1063,33703,434
2021-03-18,Santa Clara,085,1922200,113045,113119,618,113737,1808
2021-03-18,Santa Cruz,087,273765,15714,14998,783,15781,198
2021-03-18,Shasta,089,179085,11165,11059,1317,12376,100
2021-03-18,Sierra,091,2930,54,49,12,61,0
2021-03-18,Siskiyou,093,43540,1557,1480,245,1725,5
2021-03-18,Solano,095,438530,30483,30352,388,30740,172
2021-03-18,Sonoma,097,501317,28815,28915,243,29158,292
2021-03-18,Stanislaus,099,539301,52324,51615,5463,57078,682
2021-03-18,Sutter,101,95872,9008,8999,79,9078,103
2021-03-18,Tehama,103,63373,4719,4683,495,5178,35
2021-03-18,Trinity,105,12862,472,310,80,390,3
2021-03-18,Tulare,107,460477,49066,47964,8289,56253,805
2021-03-18,Tuolumne,109,53932,3893,3942,38,3980,57
2021-03-18,Ventura,111,848112,79382,78697,2809,81506,918
2021-03-18,Yolo,113,214977,13228,13183,161,13344,191
2021-03-18,Yuba,115,75493,5658,5612,90,5702,42
2021-03-17,Alameda,001,1643700,82821,82353,1725,84078,1185
2021-03-17,Alpine,003,1148,83,82,0,82,0
2021-03-17,Amador,005,37829,3519,3511,31,3542,44
2021-03-17,Butte,007,227075,11564,11170,1636,12806,185
2021-03-17,Calaveras,009,45235,1970,1946,11,1957,49
2021-03-17,Colusa,011,21464,1884,1882,270,2152,12
2021-03-17,Contra Costa,013,1133247,64927,64026,1095,65121,737
2021-03-17,Del Norte,015,27424,1115,1053,5,1058,6
2021-03-17,El Dorado,017,186661,9342,9252,607,9859,105
2021-03-17,Fresno,019,978130,98778,97727,7992,105719,1507
2021-03-17,Glenn,021,27897,2313,2269,512,2781,17
2021-03-17,Humboldt,023,135768,3390,3365,24,3389,33
2021-03-17,Imperial,025,180216,27450,27168,2506,29674,691
2021-03-17,Inyo,027,18085,1361,1351,9,1360,35
2021-03-17,Kern,029,883053,94830,93392,10065,103457,1149
2021-03-17,Kings,031,150075,22669,22336,990,23326,233
2021-03-17,Lake,033,64148,3311,3251,8,3259,43
2021-03-17,Lassen,035,31185,5136,5125,99,5224,1
2021-03-17,Los Angeles,037,10098052,1184253,1173416,39085,1212501,22602
2021-03-17,Madera,039,155013,15987,15835,862,16697,214
2021-03-17,Marin,041,260295,13520,13428,179,13607,218
2021-03-17,Mariposa,043,17540,387,379,5,384,5
2021-03-17,Mendocino,045,87422,3722,3625,74,3699,44
2021-03-17,Merced,047,269075,29374,29250,947,30197,408
2021-03-17,Modoc,049,8938,347,341,118,459,3
2021-03-17,Mono,051,14174,1210,1212,15,1227,3
2021-03-17,Monterey,053,433212,42355,42061,1712,43773,334
2021-03-17,Napa,055,140530,9271,9219,32,9251,76
2021-03-17,Nevada,057,99092,4190,4145,169,4314,74
2021-03-17,Orange,059,3164182,249903,247943,10432,258375,4502
2021-03-17,Placer,061,380077,21236,20369,1182,21551,243
2021-03-17,Plumas,063,18699,660,645,10,655,4
2021-03-17,Riverside,065,2383286,288401,281649,13428,295077,3925
2021-03-17,Sacramento,067,1510023,97249,95650,1332,96982,1477
2021-03-17,San Benito,069,59416,5822,5841,89,5930,61
2021-03-17,San Bernardino,071,2135413,288178,284170,8599,292769,4049
2021-03-17,San Diego,073,3302833,268674,266313,13283,279596,3470
2021-03-17,San Francisco,075,870044,34842,34873,1140,36013,457
2021-03-17,San Joaquin,077,732212,68746,67093,2920,70013,1164
2021-03-17,San Luis Obispo,079,281455,20207,19858,593,20451,249
2021-03-17,San Mateo,081,765935,40295,39838,421,40259,344
2021-03-17,Santa Barbara,083,443738,33005,32585,1062,33647,433
2021-03-17,Santa Clara,085,1922200,112952,112983,617,113600,1805
2021-03-17,Santa Cruz,087,273765,15706,14967,783,15750,199
2021-03-17,Shasta,089,179085,11160,11045,1314,12359,100
2021-03-17,Sierra,091,2930,54,49,12,61,0
2021-03-17,Siskiyou,093,43540,1556,1479,244,1723,5
2021-03-17,Solano,095,438530,30457,30320,386,30706,171
2021-03-17,Sonoma,097,501317,28791,28877,242,29119,292
2021-03-17,Stanislaus,099,539301,52249,51524,5456,56980,682
2021-03-17,Sutter,101,95872,8998,8982,79,9061,103
2021-03-17,Tehama,103,63373,4714,4670,495,5165,34
2021-03-17,Trinity,105,12862,472,308,80,388,3
2021-03-17,Tulare,107,460477,49046,47929,8279,56208,805
2021-03-17,Tuolumne,109,53932,3890,3938,38,3976,57
2021-03-17,Ventura,111,848112,79326,78648,2806,81454,916
2021-03-17,Yolo,113,214977,13211,13169,161,13330,190
2021-03-17,Yuba,115,75493,5655,5603,90,5693,42
2021-03-16,Alameda,001,1643700,82710,82259,1723,83982,1177
2021-03-16,Alpine,003,1148,83,82,0,82,0
2021-03-16,Amador,005,37829,3517,3510,31,3541,44
2021-03-16,Butte,007,227075,11552,11154,1635,12789,184
2021-03-16,Calaveras,009,45235,1965,1945,11,1956,49
2021-03-16,Colusa,011,21464,1883,1882,270,2152,12
2021-03-16,Contra Costa,013,1133247,64844,63951,1092,65043,736
2021-03-16,Del Norte,015,27424,1107,1048,5,1053,6
2021-03-16,El Dorado,017,186661,9327,9249,607,9856,105
2021-03-16,Fresno,019,978130,98640,97638,7972,105610,1498
2021-03-16,Glenn,021,27897,2305,2267,508,2775,17
2021-03-16,Humboldt,023,135768,3386,3351,24,3375,33
2021-03-16,Imperial,025,180216,27439,27143,2503,29646,689
2021-03-16,Inyo,027,18085,1360,1346,9,1355,35
2021-03-16,Kern,029,883053,94764,93340,10050,103390,1144
2021-03-16,Kings,031,150075,22633,22320,989,23309,233
2021-03-16,Lake,033,64148,3303,3246,8,3254,43
2021-03-16,Lassen,035,31185,5135,5126,99,5225,1
2021-03-16,Los Angeles,037,10098052,1183720,1172676,39047,1211723,22527
2021-03-16,Madera,039,155013,15971,15822,860,16682,214
2021-03-16,Marin,041,260295,13502,13419,179,13598,218
2021-03-16,Mariposa,043,17540,384,379,5,384,5
2021-03-16,Mendocino,045,87422,3717,3623,74,3697,44
2021-03-16,Merced,047,269075,29321,29198,946,30144,407
2021-03-16,Modoc,049,8938,347,341,118,459,3
2021-03-16,Mono,051,14174,1209,1207,15,1222,3
2021-03-16,Monterey,053,433212,42335,42023,1712,43735,334
2021-03-16,Napa,055,140530,9261,9209,32,9241,75
2021-03-16,Nevada,057,99092,4181,4132,168,4300,67
2021-03-16,Orange,059,3164182,249764,247843,10413,258256,4479
2021-03-16,Placer,061,380077,21204,20339,1178,21517,240
2021-03-16,Plumas,063,18699,659,643,10,653,4
2021-03-16,Riverside,065,2383286,288287,281540,13416,294956,3893
2021-03-16,Sacramento,067,1510023,97106,95522,1328,96850,1466
2021-03-16,San Benito,069,59416,5817,5831,89,5920,61
2021-03-16,San Bernardino,071,2135413,288048,283980,8592,292572,4032
2021-03-16,San Diego,073,3302833,268442,265903,13270,279173,3462
2021-03-16,San Francisco,075,870044,34813,34833,1135,35968,456
2021-03-16,San Joaquin,077,732212,68644,66856,2908,69764,1163
2021-03-16,San Luis Obispo,079,281455,20177,19832,591,20423,248
2021-03-16,San Mateo,081,765935,40261,39806,419,40225,344
2021-03-16,Santa Barbara,083,443738,32973,32556,1061,33617,433
2021-03-16,Santa Clara,085,1922200,112834,112845,614,113459,1797
2021-03-16,Santa Cruz,087,273765,15700,14926,783,15709,199
2021-03-16,Shasta,089,179085,11144,11035,1312,12347,100
2021-03-16,Sierra,091,2930,53,49,12,61,0
2021-03-16,Siskiyou,093,43540,1553,1477,244,1721,5
2021-03-16,Solano,095,438530,30423,30298,384,30682,171
2021-03-16,Sonoma,097,501317,28758,28850,240,29090,291
2021-03-16,Stanislaus,099,539301,52169,51410,5449,56859,683
2021-03-16,Sutter,101,95872,8990,8970,79,9049,102
2021-03-16,Tehama,103,63373,4711,4660,494,5154,34
2021-03-16,Trinity,105,12862,472,308,79,387,3
2021-03-16,Tulare,107,460477,48998,47895,8271,56166,803
2021-03-16,Tuolumne,109,53932,3887,3938,38,3976,57
2021-03-16,Ventura,111,848112,79260,78671,2799,81470,916
2021-03-16,Yolo,113,214977,13196,13162,161,13323,190
2021-03-16,Yuba,115,75493,5652,5596,89,5685,42
2021-03-15,Alameda,001,1643700,82622,82159,1723,83882,1167
2021-03-15,Alpine,003,1148,83,82,0,82,0
2021-03-15,Amador,005,37829,3516,3506,31,3537,44
2021-03-15,Butte,007,227075,11539,11141,1631,12772,185
2021-03-15,Calaveras,009,45235,1964,1941,11,1952,49
2021-03-15,Colusa,011,21464,1883,1883,270,2153,12
2021-03-15,Contra Costa,013,1133247,64782,63847,1091,64938,732
2021-03-15,Del Norte,015,27424,1104,1048,5,1053,6
2021-03-15,El Dorado,017,186661,9321,9235,607,9842,103
2021-03-15,Fresno,019,978130,98513,97520,7957,105477,1496
2021-03-15,Glenn,021,27897,2300,2261,505,2766,15
2021-03-15,Humboldt,023,135768,3380,3337,24,3361,32
2021-03-15,Imperial,025,180216,27419,27122,2500,29622,684
2021-03-15,Inyo,027,18085,1360,1346,9,1355,35
2021-03-15,Kern,029,883053,94704,93266,10043,103309,1141
2021-03-15,Kings,031,150075,22616,22294,983,23277,233
2021-03-15,Lake,033,64148,3291,3237,8,3245,43
2021-03-15,Lassen,035,31185,5135,5125,99,5224,1
2021-03-15,Los Angeles,037,10098052,1183149,1172445,39015,1211460,22477
2021-03-15,Madera,039,155013,15960,15806,858,16664,214
2021-03-15,Marin,041,260295,13496,13408,178,13586,218
2021-03-15,Mariposa,043,17540,384,376,5,381,5
2021-03-15,Mendocino,045,87422,3713,3615,74,3689,44
2021-03-15,Merced,047,269075,29283,29169,944,30113,407
2021-03-15,Modoc,049,8938,347,340,118,458,3
2021-03-15,Mono,051,14174,1208,1206,15,1221,3
2021-03-15,Monterey,053,433212,42306,42011,1709,43720,333
2021-03-15,Napa,055,140530,9250,9196,32,9228,75
2021-03-15,Nevada,057,99092,4176,4123,167,4290,66
2021-03-15,Orange,059,3164182,249651,247697,10394,258091,4481
2021-03-15,Placer,061,380077,21181,20308,1178,21486,238
2021-03-15,Plumas,063,18699,659,642,10,652,4
2021-03-15,Riverside,065,2383286,288133,281367,13406,294773,3856
2021-03-15,Sacramento,067,1510023,96953,95414,1322,96736,1463
2021-03-15,San Benito,069,59416,5814,5831,89,5920,61
2021-03-15,San Bernardino,071,2135413,287957,283815,8584,292399,4004
2021-03-15,San Diego,073,3302833,268193,265646,13254,278900,3452
2021-03-15,San Francisco,075,870044,34778,34820,1131,35951,456
2021-03-15,San Joaquin,077,732212,68541,66622,2896,69518,1140
2021-03-15,San Luis Obispo,079,281455,20146,19813,587,20400,247
2021-03-15,San Mateo,081,765935,40207,39765,419,40184,344
2021-03-15,Santa Barbara,083,443738,32950,32529,1058,33587,431
2021-03-15,Santa Clara,085,1922200,112733,112729,612,113341,1798
2021-03-15,Santa Cruz,087,273765,15694,14899,782,15681,200
2021-03-15,Shasta,089,179085,11128,11019,1307,12326,92
2021-03-15,Sierra,091,2930,53,49,12,61,0
2021-03-15,Siskiyou,093,43540,1553,1475,244,1719,5
2021-03-15,Solano,095,438530,30394,30258,383,30641,171
2021-03-15,Sonoma,097,501317,28740,28814,237,29051,285
2021-03-15,Stanislaus,099,539301,52090,51357,5442,56799,683
2021-03-15,Sutter,101,95872,8984,8962,79,9041,102
2021-03-15,Tehama,103,63373,4696,4650,493,5143,34
2021-03-15,Trinity,105,12862,472,308,79,387,3
2021-03-15,Tulare,107,460477,48968,47857,8256,56113,800
2021-03-15,Tuolumne,109,53932,3885,3937,37,3974,57
2021-03-15,Ventura,111,848112,79204,78626,2798,81424,910
2021-03-15,Yolo,113,214977,13177,13131,161,13292,190
2021-03-15,Yuba,115,75493,5647,5585,88,5673,42
2021-03-14,Alameda,001,1643700,82537,82116,1720,83836,1168
2021-03-14,Alpine,003,1148,83,82,0,82,0
2021-03-14,Amador,005,37829,3511,3504,31,3535,44
2021-03-14,Butte,007,227075,11526,11140,1627,12767,185
2021-03-14,Calaveras,009,45235,1960,1939,11,1950,49
2021-03-14,Colusa,011,21464,1883,1883,270,2153,12
2021-03-14,Contra Costa,013,1133247,64678,63808,1090,64898,731
2021-03-14,Del Norte,015,27424,1090,1048,5,1053,6
2021-03-14,El Dorado,017,186661,9311,9231,607,9838,103
2021-03-14,Fresno,019,978130,98404,97461,7939,105400,1496
2021-03-14,Glenn,021,27897,2295,2260,502,2762,15
2021-03-14,Humboldt,023,135768,3366,3335,24,3359,32
2021-03-14,Imperial,025,180216,27404,27122,2495,29617,685
2021-03-14,Inyo,027,18085,1356,1346,9,1355,35
2021-03-14,Kern,029,883053,94621,93252,10025,103277,1141
2021-03-14,Kings,031,150075,22597,22292,981,23273,232
2021-03-14,Lake,033,64148,3286,3237,8,3245,43
2021-03-14,Lassen,035,31185,5133,5125,99,5224,1
2021-03-14,Los Angeles,037,10098052,1182574,1172100,38983,1211083,22476
2021-03-14,Madera,039,155013,15935,15804,858,16662,214
2021-03-14,Marin,041,260295,13480,13405,176,13581,218
2021-03-14,Mariposa,043,17540,382,376,5,381,5
2021-03-14,Mendocino,045,87422,3708,3613,74,3687,44
2021-03-14,Merced,047,269075,29215,29149,940,30089,407
2021-03-14,Modoc,049,8938,347,340,118,458,3
2021-03-14,Mono,051,14174,1202,1206,15,1221,3
2021-03-14,Monterey,053,433212,42282,42007,1706,43713,333
2021-03-14,Napa,055,140530,9232,9194,32,9226,75
2021-03-14,Nevada,057,99092,4170,4122,165,4287,66
2021-03-14,Orange,059,3164182,249517,247656,10374,258030,4460
2021-03-14,Placer,061,380077,21146,20288,1170,21458,238
2021-03-14,Plumas,063,18699,657,642,10,652,4
2021-03-14,Riverside,065,2383286,287975,281332,13398,294730,3845
2021-03-14,Sacramento,067,1510023,96775,95343,1317,96660,1462
2021-03-14,San Benito,069,59416,5805,5829,89,5918,61
2021-03-14,San Bernardino,071,2135413,287834,283791,8573,292364,3996
2021-03-14,San Diego,073,3302833,267958,265468,13241,278709,3452
2021-03-14,San Francisco,075,870044,34739,34810,1128,35938,455
2021-03-14,San Joaquin,077,732212,68413,66563,2879,69442,1140
2021-03-14,San Luis Obispo,079,281455,20118,19806,585,20391,247
2021-03-14,San Mateo,081,765935,40168,39744,419,40163,342
2021-03-14,Santa Barbara,083,443738,32906,32514,1056,33570,431
2021-03-14,Santa Clara,085,1922200,112605,112648,611,113259,1796
2021-03-14,Santa Cruz,087,273765,15678,14887,780,15667,200
2021-03-14,Shasta,089,179085,11112,11019,1300,12319,92
2021-03-14,Sierra,091,2930,53,49,12,61,0
2021-03-14,Siskiyou,093,43540,1550,1473,244,1717,5
2021-03-14,Solano,095,438530,30362,30230,378,30608,171
2021-03-14,Sonoma,097,501317,28705,28798,233,29031,284
2021-03-14,Stanislaus,099,539301,51970,51306,5434,56740,690
2021-03-14,Sutter,101,95872,8968,8958,79,9037,102
2021-03-14,Tehama,103,63373,4689,4650,492,5142,34
2021-03-14,Trinity,105,12862,471,308,78,386,3
2021-03-14,Tulare,107,460477,48935,47845,8235,56080,800
2021-03-14,Tuolumne,109,53932,3883,3937,37,3974,57
2021-03-14,Ventura,111,848112,79156,78611,2792,81403,910
2021-03-14,Yolo,113,214977,13154,13128,158,13286,189
2021-03-14,Yuba,115,75493,5637,5583,88,5671,42
2021-03-13,Alameda,001,1643700,82477,82010,1720,83730,1168
2021-03-13,Alpine,003,1148,83,82,0,82,0
2021-03-13,Amador,005,37829,3508,3504,31,3535,44
2021-03-13,Butte,007,227075,11517,11131,1626,12757,185
2021-03-13,Calaveras,009,45235,1959,1939,11,1950,49
2021-03-13,Colusa,011,21464,1883,1882,270,2152,12
2021-03-13,Contra Costa,013,1133247,64617,63689,1090,64779,731
2021-03-13,Del Norte,015,27424,1086,1041,5,1046,6
2021-03-13,El Dorado,017,186661,9303,9221,607,9828,103
2021-03-13,Fresno,019,978130,98345,97324,7919,105243,1495
2021-03-13,Glenn,021,27897,2294,2260,501,2761,15
2021-03-13,Humboldt,023,135768,3359,3325,24,3349,32
2021-03-13,Imperial,025,180216,27398,27099,2491,29590,677
2021-03-13,Inyo,027,18085,1355,1344,9,1353,35
2021-03-13,Kern,029,883053,94582,93197,10019,103216,1140
2021-03-13,Kings,031,150075,22581,22265,980,23245,232
2021-03-13,Lake,033,64148,3279,3234,7,3241,43
2021-03-13,Lassen,035,31185,5133,5125,99,5224,1
2021-03-13,Los Angeles,037,10098052,1182256,1171505,38941,1210446,22451
2021-03-13,Madera,039,155013,15923,15780,858,16638,214
2021-03-13,Marin,041,260295,13474,13391,174,13565,218
2021-03-13,Mariposa,043,17540,381,376,5,381,5
2021-03-13,Mendocino,045,87422,3704,3611,74,3685,44
2021-03-13,Merced,047,269075,29184,29106,940,30046,406
2021-03-13,Modoc,049,8938,347,340,117,457,3
2021-03-13,Mono,051,14174,1202,1207,15,1222,3
2021-03-13,Monterey,053,433212,42272,41989,1704,43693,332
2021-03-13,Napa,055,140530,9226,9190,32,9222,75
2021-03-13,Nevada,057,99092,4163,4111,164,4275,66
2021-03-13,Orange,059,3164182,249436,247514,10358,257872,4423
2021-03-13,Placer,061,380077,21125,20238,1167,21405,239
2021-03-13,Plumas,063,18699,655,642,10,652,4
2021-03-13,Riverside,065,2383286,287882,281191,13390,294581,3848
2021-03-13,Sacramento,067,1510023,96689,95192,1315,96507,1461
2021-03-13,San Benito,069,59416,5802,5823,89,5912,61
2021-03-13,San Bernardino,071,2135413,287780,283727,8567,292294,3972
2021-03-13,San Diego,073,3302833,267803,265270,13227,278497,3444
2021-03-13,San Francisco,075,870044,34722,34784,1119,35903,455
2021-03-13,San Joaquin,077,732212,68357,66480,2857,69337,1141
2021-03-13,San Luis Obispo,079,281455,20100,19789,584,20373,247
2021-03-13,San Mateo,081,765935,40141,39689,418,40107,341
2021-03-13,Santa Barbara,083,443738,32881,32486,1055,33541,431
2021-03-13,Santa Clara,085,1922200,112520,112531,610,113141,1790
2021-03-13,Santa Cruz,087,273765,15671,14875,780,15655,199
2021-03-13,Shasta,089,179085,11104,11021,1297,12318,108
2021-03-13,Sierra,091,2930,52,49,12,61,0
2021-03-13,Siskiyou,093,43540,1548,1470,244,1714,5
2021-03-13,Solano,095,438530,30345,30198,378,30576,171
2021-03-13,Sonoma,097,501317,28685,28762,229,28991,285
2021-03-13,Stanislaus,099,539301,51919,51257,5430,56687,695
2021-03-13,Sutter,101,95872,8961,8948,79,9027,102
2021-03-13,Tehama,103,63373,4687,4647,492,5139,33
2021-03-13,Trinity,105,12862,471,306,78,384,3
2021-03-13,Tulare,107,460477,48909,47818,8227,56045,798
2021-03-13,Tuolumne,109,53932,3880,3937,37,3974,57
2021-03-13,Ventura,111,848112,79104,78693,2792,81485,906
2021-03-13,Yolo,113,214977,13145,13087,158,13245,189
2021-03-13,Yuba,115,75493,5636,5577,88,5665,42
2021-03-12,Alameda,001,1643700,82400,81898,1719,83617,1164
2021-03-12,Alpine,003,1148,83,82,0,82,0
2021-03-12,Amador,005,37829,3505,3503,31,3534,44
2021-03-12,Butte,007,227075,11507,11126,1624,12750,184
2021-03-12,Calaveras,009,45235,1959,1916,11,1927,49
2021-03-12,Colusa,011,21464,1883,1883,270,2153,12
2021-03-12,Contra Costa,013,1133247,64541,63583,1090,64673,728
2021-03-12,Del Norte,015,27424,1080,1033,5,1038,6
2021-03-12,El Dorado,017,186661,9294,9219,607,9826,103
2021-03-12,Fresno,019,978130,98248,97185,7908,105093,1489
2021-03-12,Glenn,021,27897,2293,2258,500,2758,15
2021-03-12,Humboldt,023,135768,3354,3315,24,3339,32
2021-03-12,Imperial,025,180216,27387,27071,2489,29560,677
2021-03-12,Inyo,027,18085,1353,1339,9,1348,35
2021-03-12,Kern,029,883053,94548,93142,10003,103145,1132
2021-03-12,Kings,031,150075,22562,22233,980,23213,232
2021-03-12,Lake,033,64148,3273,3226,6,3232,43
2021-03-12,Lassen,035,31185,5133,5125,98,5223,1
2021-03-12,Los Angeles,037,10098052,1181861,1170860,38924,1209784,22409
2021-03-12,Madera,039,155013,15911,15761,855,16616,214
2021-03-12,Marin,041,260295,13467,13375,174,13549,218
2021-03-12,Mariposa,043,17540,379,376,5,381,5
2021-03-12,Mendocino,045,87422,3701,3605,74,3679,43
2021-03-12,Merced,047,269075,29153,29064,940,30004,403
2021-03-12,Modoc,049,8938,347,340,117,457,3
2021-03-12,Mono,051,14174,1201,1206,15,1221,3
2021-03-12,Monterey,053,433212,42258,41964,1699,43663,329
2021-03-12,Napa,055,140530,9217,9180,32,9212,75
2021-03-12,Nevada,057,99092,4153,4101,164,4265,66
2021-03-12,Orange,059,3164182,249344,247388,10347,257735,4401
2021-03-12,Placer,061,380077,21092,20210,1162,21372,239
2021-03-12,Plumas,063,18699,654,641,10,651,4
2021-03-12,Riverside,065,2383286,287782,281037,13383,294420,3854
2021-03-12,Sacramento,067,1510023,96565,95061,1309,96370,1460
2021-03-12,San Benito,069,59416,5799,5817,89,5906,61
2021-03-12,San Bernardino,071,2135413,287724,283558,8562,292120,3917
2021-03-12,San Diego,073,3302833,267640,264886,13219,278105,3434
2021-03-12,San Francisco,075,870044,34701,34758,1116,35874,452
2021-03-12,San Joaquin,077,732212,68286,66482,2848,69330,1144
2021-03-12,San Luis Obispo,079,281455,20087,19769,582,20351,247
2021-03-12,San Mateo,081,765935,40105,39638,416,40054,341
2021-03-12,Santa Barbara,083,443738,32858,32457,1052,33509,429
2021-03-12,Santa Clara,085,1922200,112425,112396,609,113005,1766
2021-03-12,Santa Cruz,087,273765,15659,14846,778,15624,195
2021-03-12,Shasta,089,179085,11095,11143,1295,12438,153
2021-03-12,Sierra,091,2930,52,49,12,61,0
2021-03-12,Siskiyou,093,43540,1548,1468,243,1711,5
2021-03-12,Solano,095,438530,30326,30180,377,30557,171
2021-03-12,Sonoma,097,501317,28658,28714,229,28943,285
2021-03-12,Stanislaus,099,539301,51860,51146,5424,56570,701
2021-03-12,Sutter,101,95872,8955,8940,79,9019,101
2021-03-12,Tehama,103,63373,4683,4638,491,5129,33
2021-03-12,Trinity,105,12862,470,306,78,384,3
2021-03-12,Tulare,107,460477,48884,47772,8221,55993,798
2021-03-12,Tuolumne,109,53932,3879,3936,37,3973,57
2021-03-12,Ventura,111,848112,79058,78698,2788,81486,899
2021-03-12,Yolo,113,214977,13135,13061,151,13212,189
2021-03-12,Yuba,115,75493,5629,5563,87,5650,42
2021-03-11,Alameda,001,1643700,82309,81809,1714,83523,1164
2021-03-11,Alpine,003,1148,83,78,0,78,0
2021-03-11,Amador,005,37829,3504,3498,31,3529,42
2021-03-11,Butte,007,227075,11496,11110,1622,12732,185
2021-03-11,Calaveras,009,45235,1956,1915,11,1926,49
2021-03-11,Colusa,011,21464,1883,1883,270,2153,12
2021-03-11,Contra Costa,013,1133247,64468,63469,1088,64557,728
2021-03-11,Del Norte,015,27424,1075,1027,5,1032,6
2021-03-11,El Dorado,017,186661,9280,9211,607,9818,101
2021-03-11,Fresno,019,978130,98132,97026,7879,104905,1481
2021-03-11,Glenn,021,27897,2290,2255,500,2755,15
2021-03-11,Humboldt,023,135768,3337,3302,24,3326,32
2021-03-11,Imperial,025,180216,27380,27045,2486,29531,675
2021-03-11,Inyo,027,18085,1348,1335,9,1344,35
2021-03-11,Kern,029,883053,94492,93052,9964,103016,1121
2021-03-11,Kings,031,150075,22547,22183,977,23160,230
2021-03-11,Lake,033,64148,3269,3214,6,3220,42
2021-03-11,Lassen,035,31185,5132,5124,98,5222,1
2021-03-11,Los Angeles,037,10098052,1181329,1170111,38893,1209004,22316
2021-03-11,Madera,039,155013,15900,15725,853,16578,214
2021-03-11,Marin,041,260295,13455,13356,173,13529,217
2021-03-11,Mariposa,043,17540,379,376,5,381,5
2021-03-11,Mendocino,045,87422,3694,3604,74,3678,42
2021-03-11,Merced,047,269075,29105,29001,939,29940,401
2021-03-11,Modoc,049,8938,347,340,117,457,3
2021-03-11,Mono,051,14174,1200,1206,15,1221,3
2021-03-11,Monterey,053,433212,42235,41936,1693,43629,329
2021-03-11,Napa,055,140530,9204,9173,32,9205,75
2021-03-11,Nevada,057,99092,4141,4085,162,4247,66
2021-03-11,Orange,059,3164182,249206,247217,10329,257546,4373
2021-03-11,Placer,061,380077,21050,20178,1158,21336,239
2021-03-11,Plumas,063,18699,653,640,10,650,4
2021-03-11,Riverside,065,2383286,287611,280881,13370,294251,3842
2021-03-11,Sacramento,067,1510023,96424,94912,1306,96218,1455
2021-03-11,San Benito,069,59416,5796,5816,89,5905,61
2021-03-11,San Bernardino,071,2135413,287627,283312,8556,291868,3869
2021-03-11,San Diego,073,3302833,267475,264524,13203,277727,3422
2021-03-11,San Francisco,075,870044,34665,34722,1110,35832,452
2021-03-11,San Joaquin,077,732212,68174,66522,2840,69362,1157
2021-03-11,San Luis Obispo,079,281455,20062,19748,581,20329,247
2021-03-11,San Mateo,081,765935,40068,39590,415,40005,341
2021-03-11,Santa Barbara,083,443738,32830,32408,1047,33455,430
2021-03-11,Santa Clara,085,1922200,112296,112246,606,112852,1765
2021-03-11,Santa Cruz,087,273765,15647,14812,777,15589,193
2021-03-11,Shasta,089,179085,11085,11139,1290,12429,158
2021-03-11,Sierra,091,2930,52,48,12,60,0
2021-03-11,Siskiyou,093,43540,1545,1466,242,1708,5
2021-03-11,Solano,095,438530,30298,30138,376,30514,171
2021-03-11,Sonoma,097,501317,28629,28677,229,28906,285
2021-03-11,Stanislaus,099,539301,51775,51038,5416,56454,707
2021-03-11,Sutter,101,95872,8949,8933,79,9012,101
2021-03-11,Tehama,103,63373,4675,4632,491,5123,33
2021-03-11,Trinity,105,12862,469,304,77,381,3
2021-03-11,Tulare,107,460477,48847,47709,8210,55919,797
2021-03-11,Tuolumne,109,53932,3877,3934,37,3971,57
2021-03-11,Ventura,111,848112,79008,78697,2784,81481,889
2021-03-11,Yolo,113,214977,13117,13041,150,13191,190
2021-03-11,Yuba,115,75493,5625,5553,87,5640,42
2021-03-10,Alameda,001,1643700,82203,81701,1709,83410,1160
2021-03-10,Alpine,003,1148,82,78,0,78,0
2021-03-10,Amador,005,37829,3502,3496,31,3527,42
2021-03-10,Butte,007,227075,11486,11096,1622,12718,185
2021-03-10,Calaveras,009,45235,1950,1913,11,1924,48
2021-03-10,Colusa,011,21464,1883,1882,270,2152,12
2021-03-10,Contra Costa,013,1133247,64368,63372,1084,64456,725
2021-03-10,Del Norte,015,27424,1073,1020,5,1025,5
2021-03-10,El Dorado,017,186661,9267,9203,607,9810,100
2021-03-10,Fresno,019,978130,98025,96866,7863,104729,1471
2021-03-10,Glenn,021,27897,2287,2253,498,2751,15
2021-03-10,Humboldt,023,135768,3327,3296,23,3319,32
2021-03-10,Imperial,025,180216,27365,27051,2486,29537,675
2021-03-10,Inyo,027,18085,1348,1328,9,1337,35
2021-03-10,Kern,029,883053,94426,92965,9943,102908,1102
2021-03-10,Kings,031,150075,22528,22166,976,23142,226
2021-03-10,Lake,033,64148,3259,3207,6,3213,42
2021-03-10,Lassen,035,31185,5132,5120,98,5218,1
2021-03-10,Los Angeles,037,10098052,1180783,1169079,38867,1207946,22199
2021-03-10,Madera,039,155013,15879,15705,850,16555,212
2021-03-10,Marin,041,260295,13445,13348,172,13520,216
2021-03-10,Mariposa,043,17540,379,376,5,381,5
2021-03-10,Mendocino,045,87422,3689,3602,74,3676,42
2021-03-10,Merced,047,269075,29067,28927,936,29863,401
2021-03-10,Modoc,049,8938,346,338,117,455,3
2021-03-10,Mono,051,14174,1196,1204,15,1219,3
2021-03-10,Monterey,053,433212,42213,41920,1689,43609,329
2021-03-10,Napa,055,140530,9195,9165,32,9197,75
2021-03-10,Nevada,057,99092,4137,4074,162,4236,66
2021-03-10,Orange,059,3164182,249058,247075,10314,257389,4342
2021-03-10,Placer,061,380077,21016,20144,1152,21296,239
2021-03-10,Plumas,063,18699,652,639,10,649,4
2021-03-10,Riverside,065,2383286,287470,280708,13356,294064,3822
2021-03-10,Sacramento,067,1510023,96294,94796,1300,96096,1452
2021-03-10,San Benito,069,59416,5787,5811,89,5900,61
2021-03-10,San Bernardino,071,2135413,287534,283140,8550,291690,3841
2021-03-10,San Diego,073,3302833,267253,264094,13191,277285,3413
2021-03-10,San Francisco,075,870044,34630,34688,1102,35790,450
2021-03-10,San Joaquin,077,732212,68072,66483,2823,69306,1156
2021-03-10,San Luis Obispo,079,281455,20038,19710,577,20287,247
2021-03-10,San Mateo,081,765935,40044,39571,415,39986,338
2021-03-10,Santa Barbara,083,443738,32803,32356,1044,33400,429
2021-03-10,Santa Clara,085,1922200,112187,112103,602,112705,1759
2021-03-10,Santa Cruz,087,273765,15632,14790,776,15566,192
2021-03-10,Shasta,089,179085,11075,11125,1287,12412,155
2021-03-10,Sierra,091,2930,52,48,12,60,0
2021-03-10,Siskiyou,093,43540,1543,1458,242,1700,5
2021-03-10,Solano,095,438530,30268,30111,375,30486,170
2021-03-10,Sonoma,097,501317,28594,28638,228,28866,286
2021-03-10,Stanislaus,099,539301,51688,50968,5397,56365,706
2021-03-10,Sutter,101,95872,8938,8918,79,8997,101
2021-03-10,Tehama,103,63373,4664,4623,490,5113,33
2021-03-10,Trinity,105,12862,469,304,77,381,3
2021-03-10,Tulare,107,460477,48799,47659,8192,55851,793
2021-03-10,Tuolumne,109,53932,3876,3931,37,3968,57
2021-03-10,Ventura,111,848112,78931,78609,2782,81391,878
2021-03-10,Yolo,113,214977,13093,13021,150,13171,189
2021-03-10,Yuba,115,75493,5612,5545,86,5631,42
2021-03-09,Alameda,001,1643700,82117,81618,1709,83327,1151
2021-03-09,Alpine,003,1148,82,78,0,78,0
2021-03-09,Amador,005,37829,3500,3494,31,3525,42
2021-03-09,Butte,007,227075,11473,11092,1621,12713,185
2021-03-09,Calaveras,009,45235,1948,1913,11,1924,48
2021-03-09,Colusa,011,21464,1883,1880,270,2150,11
2021-03-09,Contra Costa,013,1133247,64278,63314,1082,64396,723
2021-03-09,Del Norte,015,27424,1065,1017,5,1022,5
2021-03-09,El Dorado,017,186661,9259,9198,607,9805,98
2021-03-09,Fresno,019,978130,97906,96744,7837,104581,1463
2021-03-09,Glenn,021,27897,2283,2251,496,2747,15
2021-03-09,Humboldt,023,135768,3315,3288,22,3310,32
2021-03-09,Imperial,025,180216,27355,27045,2482,29527,675
2021-03-09,Inyo,027,18085,1346,1324,9,1333,35
2021-03-09,Kern,029,883053,94347,92924,9925,102849,1088
2021-03-09,Kings,031,150075,22503,22143,974,23117,226
2021-03-09,Lake,033,64148,3253,3202,6,3208,42
2021-03-09,Lassen,035,31185,5132,5120,98,5218,1
2021-03-09,Los Angeles,037,10098052,1180186,1167967,38834,1206801,22080
2021-03-09,Madera,039,155013,15868,15701,848,16549,211
2021-03-09,Marin,041,260295,13427,13335,170,13505,214
2021-03-09,Mariposa,043,17540,379,376,5,381,5
2021-03-09,Mendocino,045,87422,3685,3595,74,3669,42
2021-03-09,Merced,047,269075,29007,28876,933,29809,399
2021-03-09,Modoc,049,8938,346,338,116,454,3
2021-03-09,Mono,051,14174,1195,1203,15,1218,3
2021-03-09,Monterey,053,433212,42194,41894,1681,43575,329
2021-03-09,Napa,055,140530,9180,9155,32,9187,75
2021-03-09,Nevada,057,99092,4129,4062,162,4224,66
2021-03-09,Orange,059,3164182,248916,246989,10295,257284,4310
2021-03-09,Placer,061,380077,20974,20122,1147,21269,239
2021-03-09,Plumas,063,18699,649,639,10,649,4
2021-03-09,Riverside,065,2383286,287337,280562,13352,293914,3821
2021-03-09,Sacramento,067,1510023,96127,94720,1294,96014,1442
2021-03-09,San Benito,069,59416,5783,5800,89,5889,61
2021-03-09,San Bernardino,071,2135413,287419,282971,8544,291515,3823
2021-03-09,San Diego,073,3302833,267021,263745,13170,276915,3405
2021-03-09,San Francisco,075,870044,34599,34654,1098,35752,450
2021-03-09,San Joaquin,077,732212,67944,66383,2813,69196,1150
2021-03-09,San Luis Obispo,079,281455,20021,19672,570,20242,245
2021-03-09,San Mateo,081,765935,39997,39535,413,39948,336
2021-03-09,Santa Barbara,083,443738,32762,32314,1042,33356,428
2021-03-09,Santa Clara,085,1922200,112076,111963,597,112560,1756
2021-03-09,Santa Cruz,087,273765,15610,14764,775,15539,188
2021-03-09,Shasta,089,179085,11068,11113,1282,12395,155
2021-03-09,Sierra,091,2930,52,48,12,60,0
2021-03-09,Siskiyou,093,43540,1539,1447,240,1687,5
2021-03-09,Solano,095,438530,30232,30090,373,30463,169
2021-03-09,Sonoma,097,501317,28544,28601,225,28826,284
2021-03-09,Stanislaus,099,539301,51590,50884,5388,56272,703
2021-03-09,Sutter,101,95872,8925,8914,79,8993,101
2021-03-09,Tehama,103,63373,4659,4620,490,5110,33
2021-03-09,Trinity,105,12862,469,304,77,381,3
2021-03-09,Tulare,107,460477,48772,47637,8173,55810,792
2021-03-09,Tuolumne,109,53932,3874,3929,37,3966,56
2021-03-09,Ventura,111,848112,78868,78526,2780,81306,863
2021-03-09,Yolo,113,214977,13081,13015,148,13163,189
2021-03-09,Yuba,115,75493,5605,5539,86,5625,42
2021-03-08,Alameda,001,1643700,82006,81543,1708,83251,1142
2021-03-08,Alpine,003,1148,82,78,0,78,0
2021-03-08,Amador,005,37829,3497,3490,31,3521,42
2021-03-08,Butte,007,227075,11460,11082,1620,12702,185
2021-03-08,Calaveras,009,45235,1944,1909,11,1920,48
2021-03-08,Colusa,011,21464,1883,1877,270,2147,11
2021-03-08,Contra Costa,013,1133247,64182,63240,1082,64322,719
2021-03-08,Del Norte,015,27424,1060,1012,5,1017,5
2021-03-08,El Dorado,017,186661,9256,9188,606,9794,97
2021-03-08,Fresno,019,978130,97808,96665,7816,104481,1442
2021-03-08,Glenn,021,27897,2282,2249,496,2745,15
2021-03-08,Humboldt,023,135768,3301,3278,22,3300,31
2021-03-08,Imperial,025,180216,27347,27033,2479,29512,663
2021-03-08,Inyo,027,18085,1344,1320,9,1329,35
2021-03-08,Kern,029,883053,94281,92857,9905,102762,1087
2021-03-08,Kings,031,150075,22482,22130,972,23102,226
2021-03-08,Lake,033,64148,3241,3195,6,3201,42
2021-03-08,Lassen,035,31185,5132,5119,98,5217,1
2021-03-08,Los Angeles,037,10098052,1179566,1163409,38802,1202211,21868
2021-03-08,Madera,039,155013,15858,15691,846,16537,211
2021-03-08,Marin,041,260295,13407,13328,168,13496,214
2021-03-08,Mariposa,043,17540,379,376,5,381,5
2021-03-08,Mendocino,045,87422,3683,3590,73,3663,42
2021-03-08,Merced,047,269075,28947,28841,932,29773,398
2021-03-08,Modoc,049,8938,346,338,116,454,3
2021-03-08,Mono,051,14174,1194,1200,15,1215,3
2021-03-08,Monterey,053,433212,42173,41863,1680,43543,328
2021-03-08,Napa,055,140530,9177,9146,32,9178,75
2021-03-08,Nevada,057,99092,4121,4059,162,4221,66
2021-03-08,Orange,059,3164182,248743,246900,10263,257163,4243
2021-03-08,Placer,061,380077,20939,20102,1136,21238,239
2021-03-08,Plumas,063,18699,648,635,10,645,4
2021-03-08,Riverside,065,2383286,287184,280463,13342,293805,3783
2021-03-08,Sacramento,067,1510023,95957,94654,1289,95943,1438
2021-03-08,San Benito,069,59416,5780,5797,89,5886,61
2021-03-08,San Bernardino,071,2135413,287308,282894,8537,291431,3811
2021-03-08,San Diego,073,3302833,266780,263272,13155,276427,3390
2021-03-08,San Francisco,075,870044,34573,34634,1094,35728,446
2021-03-08,San Joaquin,077,732212,67828,66307,2804,69111,1139
2021-03-08,San Luis Obispo,079,281455,19978,19656,567,20223,245
2021-03-08,San Mateo,081,765935,39948,39492,411,39903,335
2021-03-08,Santa Barbara,083,443738,32730,32293,1042,33335,427
2021-03-08,Santa Clara,085,1922200,111948,111882,595,112477,1756
2021-03-08,Santa Cruz,087,273765,15590,14729,775,15504,188
2021-03-08,Shasta,089,179085,11060,11088,1277,12365,155
2021-03-08,Sierra,091,2930,52,48,12,60,0
2021-03-08,Siskiyou,093,43540,1538,1440,240,1680,5
2021-03-08,Solano,095,438530,30192,30068,371,30439,169
2021-03-08,Sonoma,097,501317,28500,28571,224,28795,284
2021-03-08,Stanislaus,099,539301,51511,50825,5383,56208,690
2021-03-08,Sutter,101,95872,8922,8905,79,8984,100
2021-03-08,Tehama,103,63373,4655,4615,490,5105,33
2021-03-08,Trinity,105,12862,468,302,77,379,3
2021-03-08,Tulare,107,460477,48731,47587,8148,55735,791
2021-03-08,Tuolumne,109,53932,3873,3921,37,3958,56
2021-03-08,Ventura,111,848112,78795,78526,2772,81298,852
2021-03-08,Yolo,113,214977,13058,13000,148,13148,189
2021-03-08,Yuba,115,75493,5595,5530,86,5616,42
2021-03-07,Alameda,001,1643700,81886,81413,1707,83120,1145
2021-03-07,Alpine,003,1148,82,78,0,78,0
2021-03-07,Amador,005,37829,3494,3489,31,3520,42
2021-03-07,Butte,007,227075,11444,11075,1619,12694,185
2021-03-07,Calaveras,009,45235,1940,1906,11,1917,48
2021-03-07,Colusa,011,21464,1883,1876,270,2146,11
2021-03-07,Contra Costa,013,1133247,64083,63148,1080,64228,719
2021-03-07,Del Norte,015,27424,1055,1010,5,1015,5
2021-03-07,El Dorado,017,186661,9253,9184,605,9789,97
2021-03-07,Fresno,019,978130,97630,96549,7794,104343,1442
2021-03-07,Glenn,021,27897,2280,2244,496,2740,15
2021-03-07,Humboldt,023,135768,3291,3274,22,3296,31
2021-03-07,Imperial,025,180216,27338,27019,2477,29496,658
2021-03-07,Inyo,027,18085,1341,1320,9,1329,35
2021-03-07,Kern,029,883053,94194,92746,9875,102621,1086
2021-03-07,Kings,031,150075,22460,22103,972,23075,224
2021-03-07,Lake,033,64148,3235,3192,6,3198,42
2021-03-07,Lassen,035,31185,5131,5119,98,5217,1
2021-03-07,Los Angeles,037,10098052,1178840,1162749,38767,1201516,21857
2021-03-07,Madera,039,155013,15839,15675,846,16521,211
2021-03-07,Marin,041,260295,13399,13313,166,13479,214
2021-03-07,Mariposa,043,17540,378,376,5,381,5
2021-03-07,Mendocino,045,87422,3679,3581,73,3654,42
2021-03-07,Merced,047,269075,28873,28829,928,29757,399
2021-03-07,Modoc,049,8938,346,338,116,454,3
2021-03-07,Mono,051,14174,1192,1199,15,1214,3
2021-03-07,Monterey,053,433212,42152,41858,1677,43535,328
2021-03-07,Napa,055,140530,9167,9137,32,9169,75
2021-03-07,Nevada,057,99092,4107,4052,161,4213,66
2021-03-07,Orange,059,3164182,248551,246771,10235,257006,4218
2021-03-07,Placer,061,380077,20898,20070,1132,21202,239
2021-03-07,Plumas,063,18699,647,635,10,645,4
2021-03-07,Riverside,065,2383286,287035,280379,13333,293712,3779
2021-03-07,Sacramento,067,1510023,95780,94513,1283,95796,1437
2021-03-07,San Benito,069,59416,5773,5795,89,5884,61
2021-03-07,San Bernardino,071,2135413,287157,282860,8532,291392,3810
2021-03-07,San Diego,073,3302833,266498,262965,13131,276096,3390
2021-03-07,San Francisco,075,870044,34539,34594,1089,35683,445
2021-03-07,San Joaquin,077,732212,67692,66252,2791,69043,1139
2021-03-07,San Luis Obispo,079,281455,19941,19614,565,20179,245
2021-03-07,San Mateo,081,765935,39908,39436,408,39844,329
2021-03-07,Santa Barbara,083,443738,32684,32218,1041,33259,425
2021-03-07,Santa Clara,085,1922200,111803,111745,591,112336,1752
2021-03-07,Santa Cruz,087,273765,15568,14715,774,15489,189
2021-03-07,Shasta,089,179085,11047,11083,1269,12352,156
2021-03-07,Sierra,091,2930,51,48,12,60,0
2021-03-07,Siskiyou,093,43540,1537,1435,236,1671,5
2021-03-07,Solano,095,438530,30155,30027,371,30398,169
2021-03-07,Sonoma,097,501317,28451,28533,222,28755,284
2021-03-07,Stanislaus,099,539301,51379,50783,5367,56150,699
2021-03-07,Sutter,101,95872,8912,8900,79,8979,100
2021-03-07,Tehama,103,63373,4648,4614,489,5103,33
2021-03-07,Trinity,105,12862,468,302,77,379,3
2021-03-07,Tulare,107,460477,48672,47569,8117,55686,790
2021-03-07,Tuolumne,109,53932,3872,3922,36,3958,56
2021-03-07,Ventura,111,848112,78703,78487,2770,81257,851
2021-03-07,Yolo,113,214977,13039,12988,148,13136,189
2021-03-07,Yuba,115,75493,5590,5516,86,5602,42
2021-03-06,Alameda,001,1643700,81829,81310,1706,83016,1143
2021-03-06,Alpine,003,1148,82,78,0,78,0
2021-03-06,Amador,005,37829,3490,3487,31,3518,42
2021-03-06,Butte,007,227075,11439,11065,1618,12683,185
2021-03-06,Calaveras,009,45235,1936,1904,11,1915,48
2021-03-06,Colusa,011,21464,1881,1874,270,2144,11
2021-03-06,Contra Costa,013,1133247,64021,63040,1076,64116,719
2021-03-06,Del Norte,015,27424,1050,1000,5,1005,5
2021-03-06,El Dorado,017,186661,9249,9166,605,9771,97
2021-03-06,Fresno,019,978130,97535,96366,7783,104149,1440
2021-03-06,Glenn,021,27897,2280,2241,496,2737,15
2021-03-06,Humboldt,023,135768,3281,3260,22,3282,31
2021-03-06,Imperial,025,180216,27333,27009,2472,29481,658
2021-03-06,Inyo,027,18085,1338,1312,9,1321,35
2021-03-06,Kern,029,883053,94148,92684,9855,102539,1082
2021-03-06,Kings,031,150075,22445,22094,972,23066,224
2021-03-06,Lake,033,64148,3233,3189,6,3195,42
2021-03-06,Lassen,035,31185,5131,5119,98,5217,1
2021-03-06,Los Angeles,037,10098052,1178400,1161745,38739,1200484,21843
2021-03-06,Madera,039,155013,15830,15646,845,16491,211
2021-03-06,Marin,041,260295,13390,13289,166,13455,213
2021-03-06,Mariposa,043,17540,378,376,5,381,5
2021-03-06,Mendocino,045,87422,3677,3579,73,3652,42
2021-03-06,Merced,047,269075,28830,28771,928,29699,399
2021-03-06,Modoc,049,8938,345,338,116,454,3
2021-03-06,Mono,051,14174,1191,1198,15,1213,3
2021-03-06,Monterey,053,433212,42147,41838,1674,43512,327
2021-03-06,Napa,055,140530,9159,9129,32,9161,75
2021-03-06,Nevada,057,99092,4101,4044,161,4205,66
2021-03-06,Orange,059,3164182,248460,246634,10221,256855,4165
2021-03-06,Placer,061,380077,20875,20030,1130,21160,239
2021-03-06,Plumas,063,18699,647,634,10,644,4
2021-03-06,Riverside,065,2383286,286941,280225,13325,293550,3781
2021-03-06,Sacramento,067,1510023,95692,94332,1274,95606,1436
2021-03-06,San Benito,069,59416,5768,5793,89,5882,61
2021-03-06,San Bernardino,071,2135413,287073,282737,8530,291267,3791
2021-03-06,San Diego,073,3302833,266311,262778,13114,275892,3385
2021-03-06,San Francisco,075,870044,34508,34560,1085,35645,435
2021-03-06,San Joaquin,077,732212,67618,66162,2781,68943,1138
2021-03-06,San Luis Obispo,079,281455,19921,19592,563,20155,245
2021-03-06,San Mateo,081,765935,39883,39384,408,39792,329
2021-03-06,Santa Barbara,083,443738,32654,32176,1041,33217,424
2021-03-06,Santa Clara,085,1922200,111708,111570,588,112158,1749
2021-03-06,Santa Cruz,087,273765,15557,14701,774,15475,188
2021-03-06,Shasta,089,179085,11038,11076,1267,12343,158
2021-03-06,Sierra,091,2930,51,48,12,60,0
2021-03-06,Siskiyou,093,43540,1535,1432,236,1668,5
2021-03-06,Solano,095,438530,30126,30000,370,30370,169
2021-03-06,Sonoma,097,501317,28428,28484,220,28704,284
2021-03-06,Stanislaus,099,539301,51309,50691,5361,56052,711
2021-03-06,Sutter,101,95872,8906,8887,79,8966,100
2021-03-06,Tehama,103,63373,4646,4610,486,5096,33
2021-03-06,Trinity,105,12862,468,302,77,379,3
2021-03-06,Tulare,107,460477,48640,47515,8089,55604,789
2021-03-06,Tuolumne,109,53932,3870,3920,36,3956,56
2021-03-06,Ventura,111,848112,78647,78439,2769,81208,848
2021-03-06,Yolo,113,214977,13033,12951,147,13098,189
2021-03-06,Yuba,115,75493,5581,5504,86,5590,42
2021-03-05,Alameda,001,1643700,81742,81215,1705,82920,1141
2021-03-05,Alpine,003,1148,82,78,0,78,0
2021-03-05,Amador,005,37829,3489,3484,31,3515,42
2021-03-05,Butte,007,227075,11428,11050,1617,12667,185
2021-03-05,Calaveras,009,45235,1933,1902,11,1913,48
2021-03-05,Colusa,011,21464,1881,1874,270,2144,11
2021-03-05,Contra Costa,013,1133247,63941,62886,1073,63959,711
2021-03-05,Del Norte,015,27424,1046,995,5,1000,5
2021-03-05,El Dorado,017,186661,9244,9150,604,9754,97
2021-03-05,Fresno,019,978130,97427,96184,7764,103948,1432
2021-03-05,Glenn,021,27897,2277,2241,495,2736,15
2021-03-05,Humboldt,023,135768,3274,3234,22,3256,31
2021-03-05,Imperial,025,180216,27323,26970,2463,29433,651
2021-03-05,Inyo,027,18085,1334,1309,9,1318,35
2021-03-05,Kern,029,883053,94108,92601,9842,102443,1076
2021-03-05,Kings,031,150075,22427,22063,971,23034,224
2021-03-05,Lake,033,64148,3231,3185,6,3191,42
2021-03-05,Lassen,035,31185,5131,5117,96,5213,1
2021-03-05,Los Angeles,037,10098052,1177909,1160688,38710,1199398,21745
2021-03-05,Madera,039,155013,15820,15624,843,16467,211
2021-03-05,Marin,041,260295,13378,13275,165,13440,215
2021-03-05,Mariposa,043,17540,378,375,5,380,4
2021-03-05,Mendocino,045,87422,3674,3577,73,3650,42
2021-03-05,Merced,047,269075,28797,28734,927,29661,399
2021-03-05,Modoc,049,8938,345,337,116,453,3
2021-03-05,Mono,051,14174,1190,1197,15,1212,3
2021-03-05,Monterey,053,433212,42134,41802,1674,43476,325
2021-03-05,Napa,055,140530,9151,9109,32,9141,75
2021-03-05,Nevada,057,99092,4098,4033,161,4194,66
2021-03-05,Orange,059,3164182,248347,246489,10208,256697,4108
2021-03-05,Placer,061,380077,20849,19973,1126,21099,239
2021-03-05,Plumas,063,18699,647,635,10,645,4
2021-03-05,Riverside,065,2383286,286830,280075,13320,293395,3781
2021-03-05,Sacramento,067,1510023,95596,94182,1267,95449,1430
2021-03-05,San Benito,069,59416,5765,5790,89,5879,61
2021-03-05,San Bernardino,071,2135413,286980,282640,8526,291166,3774
2021-03-05,San Diego,073,3302833,266078,262357,13097,275454,3371
2021-03-05,San Francisco,075,870044,34468,34526,1081,35607,430
2021-03-05,San Joaquin,077,732212,67538,66041,2772,68813,1133
2021-03-05,San Luis Obispo,079,281455,19900,19557,561,20118,244
2021-03-05,San Mateo,081,765935,39851,39305,408,39713,326
2021-03-05,Santa Barbara,083,443738,32617,32139,1036,33175,424
2021-03-05,Santa Clara,085,1922200,111613,111384,588,111972,1745
2021-03-05,Santa Cruz,087,273765,15546,14694,774,15468,188
2021-03-05,Shasta,089,179085,11026,11062,1261,12323,148
2021-03-05,Sierra,091,2930,51,48,12,60,0
2021-03-05,Siskiyou,093,43540,1530,1429,235,1664,5
2021-03-05,Solano,095,438530,30109,29951,368,30319,168
2021-03-05,Sonoma,097,501317,28402,28417,220,28637,279
2021-03-05,Stanislaus,099,539301,51258,50606,5351,55957,721
2021-03-05,Sutter,101,95872,8899,8876,79,8955,100
2021-03-05,Tehama,103,63373,4637,4606,486,5092,33
2021-03-05,Trinity,105,12862,468,302,77,379,3
2021-03-05,Tulare,107,460477,48611,47469,8070,55539,789
2021-03-05,Tuolumne,109,53932,3868,3917,36,3953,56
2021-03-05,Ventura,111,848112,78580,78368,2768,81136,839
2021-03-05,Yolo,113,214977,13021,12920,146,13066,188
2021-03-05,Yuba,115,75493,5569,5496,86,5582,42
2021-03-04,Alameda,001,1643700,81633,81115,1704,82819,1136
2021-03-04,Alpine,003,1148,82,78,0,78,0
2021-03-04,Amador,005,37829,3488,3480,31,3511,42
2021-03-04,Butte,007,227075,11421,11033,1616,12649,185
2021-03-04,Calaveras,009,45235,1932,1896,11,1907,48
2021-03-04,Colusa,011,21464,1879,1873,265,2138,11
2021-03-04,Contra Costa,013,1133247,63841,62789,1071,63860,708
2021-03-04,Del Norte,015,27424,1038,989,5,994,5
2021-03-04,El Dorado,017,186661,9229,9133,604,9737,97
2021-03-04,Fresno,019,978130,97263,96023,7745,103768,1422
2021-03-04,Glenn,021,27897,2270,2236,494,2730,15
2021-03-04,Humboldt,023,135768,3260,3212,22,3234,31
2021-03-04,Imperial,025,180216,27310,26946,2460,29406,646
2021-03-04,Inyo,027,18085,1331,1300,9,1309,35
2021-03-04,Kern,029,883053,94019,92525,9823,102348,1070
2021-03-04,Kings,031,150075,22401,22025,968,22993,224
2021-03-04,Lake,033,64148,3223,3181,6,3187,42
2021-03-04,Lassen,035,31185,5131,5116,96,5212,1
2021-03-04,Los Angeles,037,10098052,1177297,1159405,38660,1198065,21610
2021-03-04,Madera,039,155013,15785,15596,840,16436,208
2021-03-04,Marin,041,260295,13362,13240,162,13402,215
2021-03-04,Mariposa,043,17540,378,376,5,381,4
2021-03-04,Mendocino,045,87422,3671,3569,73,3642,42
2021-03-04,Merced,047,269075,28746,28671,925,29596,396
2021-03-04,Modoc,049,8938,344,336,116,452,3
2021-03-04,Mono,051,14174,1190,1197,15,1212,3
2021-03-04,Monterey,053,433212,42114,41771,1672,43443,325
2021-03-04,Napa,055,140530,9143,9094,32,9126,74
2021-03-04,Nevada,057,99092,4088,4020,161,4181,66
2021-03-04,Orange,059,3164182,248190,246354,10191,256545,4096
2021-03-04,Placer,061,380077,20817,19900,1120,21020,239
2021-03-04,Plumas,063,18699,647,634,10,644,4
2021-03-04,Riverside,065,2383286,286696,279871,13307,293178,3766
2021-03-04,Sacramento,067,1510023,95461,93982,1264,95246,1426
2021-03-04,San Benito,069,59416,5765,5781,89,5870,61
2021-03-04,San Bernardino,071,2135413,286850,282407,8522,290929,3757
2021-03-04,San Diego,073,3302833,265817,261858,13053,274911,3359
2021-03-04,San Francisco,075,870044,34433,34480,1078,35558,426
2021-03-04,San Joaquin,077,732212,67444,65931,2763,68694,1129
2021-03-04,San Luis Obispo,079,281455,19863,19520,559,20079,243
2021-03-04,San Mateo,081,765935,39807,39225,407,39632,322
2021-03-04,Santa Barbara,083,443738,32580,32090,1035,33125,423
2021-03-04,Santa Clara,085,1922200,111479,111194,586,111780,1723
2021-03-04,Santa Cruz,087,273765,15527,14669,774,15443,186
2021-03-04,Shasta,089,179085,11023,11050,1252,12302,150
2021-03-04,Sierra,091,2930,51,48,12,60,0
2021-03-04,Siskiyou,093,43540,1523,1427,235,1662,5
2021-03-04,Solano,095,438530,30082,29905,367,30272,168
2021-03-04,Sonoma,097,501317,28347,28379,219,28598,279
2021-03-04,Stanislaus,099,539301,51171,50521,5343,55864,731
2021-03-04,Sutter,101,95872,8887,8849,79,8928,100
2021-03-04,Tehama,103,63373,4629,4604,486,5090,33
2021-03-04,Trinity,105,12862,468,302,77,379,3
2021-03-04,Tulare,107,460477,48566,47398,8045,55443,784
2021-03-04,Tuolumne,109,53932,3862,3916,36,3952,56
2021-03-04,Ventura,111,848112,78490,78184,2765,80949,831
2021-03-04,Yolo,113,214977,13001,12895,146,13041,189
2021-03-04,Yuba,115,75493,5557,5483,86,5569,41
2021-03-03,Alameda,001,1643700,81512,80972,1703,82675,1127
2021-03-03,Alpine,003,1148,82,77,0,77,0
2021-03-03,Amador,005,37829,3486,3478,30,3508,42
2021-03-03,Butte,007,227075,11413,11014,1615,12629,184
2021-03-03,Calaveras,009,45235,1931,1893,11,1904,48
2021-03-03,Colusa,011,21464,1878,1873,265,2138,11
2021-03-03,Contra Costa,013,1133247,63743,62668,1068,63736,708
2021-03-03,Del Norte,015,27424,1035,988,5,993,5
2021-03-03,El Dorado,017,186661,9219,9121,604,9725,97
2021-03-03,Fresno,019,978130,97119,95893,7728,103621,1415
2021-03-03,Glenn,021,27897,2270,2233,494,2727,15
2021-03-03,Humboldt,023,135768,3249,3196,22,3218,30
2021-03-03,Imperial,025,180216,27294,26939,2456,29395,640
2021-03-03,Inyo,027,18085,1323,1294,9,1303,35
2021-03-03,Kern,029,883053,93943,92434,9806,102240,1063
2021-03-03,Kings,031,150075,22385,22009,967,22976,223
2021-03-03,Lake,033,64148,3216,3175,6,3181,40
2021-03-03,Lassen,035,31185,5131,5115,96,5211,1
2021-03-03,Los Angeles,037,10098052,1176657,1157911,38621,1196532,21500
2021-03-03,Madera,039,155013,15766,15553,834,16387,203
2021-03-03,Marin,041,260295,13348,13216,162,13378,214
2021-03-03,Mariposa,043,17540,377,376,5,381,4
2021-03-03,Mendocino,045,87422,3663,3564,73,3637,42
2021-03-03,Merced,047,269075,28694,28625,925,29550,393
2021-03-03,Modoc,049,8938,344,333,115,448,3
2021-03-03,Mono,051,14174,1190,1191,15,1206,3
2021-03-03,Monterey,053,433212,42082,41731,1669,43400,325
2021-03-03,Napa,055,140530,9135,9090,32,9122,72
2021-03-03,Nevada,057,99092,4078,4009,161,4170,66
2021-03-03,Orange,059,3164182,248044,246120,10177,256297,4072
2021-03-03,Placer,061,380077,20791,19851,1117,20968,239
2021-03-03,Plumas,063,18699,646,631,10,641,4
2021-03-03,Riverside,065,2383286,286562,279626,13301,292927,3735
2021-03-03,Sacramento,067,1510023,95300,93819,1256,95075,1419
2021-03-03,San Benito,069,59416,5764,5774,89,5863,61
2021-03-03,San Bernardino,071,2135413,286709,282138,8516,290654,3664
2021-03-03,San Diego,073,3302833,265553,261350,13022,274372,3342
2021-03-03,San Francisco,075,870044,34401,34443,1075,35518,426
2021-03-03,San Joaquin,077,732212,67331,65855,2756,68611,1115
2021-03-03,San Luis Obispo,079,281455,19837,19479,556,20035,241
2021-03-03,San Mateo,081,765935,39761,39189,406,39595,319
2021-03-03,Santa Barbara,083,443738,32542,32027,1035,33062,421
2021-03-03,Santa Clara,085,1922200,111325,110991,584,111575,1720
2021-03-03,Santa Cruz,087,273765,15516,14645,774,15419,185
2021-03-03,Shasta,089,179085,11013,11023,1245,12268,150
2021-03-03,Sierra,091,2930,51,48,12,60,0
2021-03-03,Siskiyou,093,43540,1521,1424,235,1659,5
2021-03-03,Solano,095,438530,30046,29866,366,30232,167
2021-03-03,Sonoma,097,501317,28308,28307,218,28525,279
2021-03-03,Stanislaus,099,539301,51093,50438,5336,55774,730
2021-03-03,Sutter,101,95872,8879,8840,79,8919,99
2021-03-03,Tehama,103,63373,4627,4601,486,5087,32
2021-03-03,Trinity,105,12862,468,302,77,379,3
2021-03-03,Tulare,107,460477,48515,47348,8016,55364,778
2021-03-03,Tuolumne,109,53932,3860,3914,35,3949,56
2021-03-03,Ventura,111,848112,78406,78057,2760,80817,822
2021-03-03,Yolo,113,214977,12988,12890,146,13036,189
2021-03-03,Yuba,115,75493,5544,5479,86,5565,41
2021-03-02,Alameda,001,1643700,81390,80904,1701,82605,1116
2021-03-02,Alpine,003,1148,82,77,0,77,0
2021-03-02,Amador,005,37829,3484,3474,30,3504,42
2021-03-02,Butte,007,227075,11403,11007,1612,12619,182
2021-03-02,Calaveras,009,45235,1923,1890,11,1901,48
2021-03-02,Colusa,011,21464,1878,1872,264,2136,11
2021-03-02,Contra Costa,013,1133247,63632,62557,1064,63621,694
2021-03-02,Del Norte,015,27424,1028,983,5,988,5
2021-03-02,El Dorado,017,186661,9211,9116,604,9720,98
2021-03-02,Fresno,019,978130,96973,95785,7702,103487,1410
2021-03-02,Glenn,021,27897,2264,2232,493,2725,15
2021-03-02,Humboldt,023,135768,3230,3184,22,3206,30
2021-03-02,Imperial,025,180216,27284,26926,2454,29380,637
2021-03-02,Inyo,027,18085,1319,1292,9,1301,35
2021-03-02,Kern,029,883053,93837,92313,9779,102092,1046
2021-03-02,Kings,031,150075,22333,21999,964,22963,217
2021-03-02,Lake,033,64148,3210,3169,6,3175,40
2021-03-02,Lassen,035,31185,5126,5115,95,5210,1
2021-03-02,Los Angeles,037,10098052,1176019,1156826,38576,1195402,21395
2021-03-02,Madera,039,155013,15746,15523,831,16354,194
2021-03-02,Marin,041,260295,13325,13186,161,13347,214
2021-03-02,Mariposa,043,17540,377,376,5,381,4
2021-03-02,Mendocino,045,87422,3660,3562,72,3634,41
2021-03-02,Merced,047,269075,28637,28598,925,29523,389
2021-03-02,Modoc,049,8938,344,332,115,447,3
2021-03-02,Mono,051,14174,1189,1191,15,1206,3
2021-03-02,Monterey,053,433212,42055,41716,1669,43385,325
2021-03-02,Napa,055,140530,9124,9080,32,9112,71
2021-03-02,Nevada,057,99092,4069,3983,160,4143,66
2021-03-02,Orange,059,3164182,247899,246004,10159,256163,4037
2021-03-02,Placer,061,380077,20738,19828,1114,20942,239
2021-03-02,Plumas,063,18699,643,628,10,638,4
2021-03-02,Riverside,065,2383286,286389,279486,13293,292779,3721
2021-03-02,Sacramento,067,1510023,95133,93690,1255,94945,1411
2021-03-02,San Benito,069,59416,5757,5770,89,5859,60
2021-03-02,San Bernardino,071,2135413,286575,281919,8510,290429,3604
2021-03-02,San Diego,073,3302833,265309,260998,13000,273998,3317
2021-03-02,San Francisco,075,870044,34361,34387,1071,35458,424
2021-03-02,San Joaquin,077,732212,67223,65769,2739,68508,1111
2021-03-02,San Luis Obispo,079,281455,19805,19452,556,20008,241
2021-03-02,San Mateo,081,765935,39709,39148,405,39553,317
2021-03-02,Santa Barbara,083,443738,32493,31964,1031,32995,416
2021-03-02,Santa Clara,085,1922200,111146,110832,583,111415,1706
2021-03-02,Santa Cruz,087,273765,15502,14611,772,15383,185
2021-03-02,Shasta,089,179085,10999,11012,1234,12246,149
2021-03-02,Sierra,091,2930,51,48,12,60,0
2021-03-02,Siskiyou,093,43540,1517,1412,233,1645,5
2021-03-02,Solano,095,438530,30013,29827,364,30191,167
2021-03-02,Sonoma,097,501317,28253,28261,218,28479,279
2021-03-02,Stanislaus,099,539301,51006,50359,5324,55683,724
2021-03-02,Sutter,101,95872,8870,8832,79,8911,99
2021-03-02,Tehama,103,63373,4623,4597,485,5082,32
2021-03-02,Trinity,105,12862,468,301,77,378,3
2021-03-02,Tulare,107,460477,48452,47326,7996,55322,783
2021-03-02,Tuolumne,109,53932,3856,3908,35,3943,53
2021-03-02,Ventura,111,848112,78313,77952,2756,80708,780
2021-03-02,Yolo,113,214977,12972,12867,146,13013,189
2021-03-02,Yuba,115,75493,5536,5475,86,5561,41
2021-03-01,Alameda,001,1643700,81264,80805,1699,82504,1105
2021-03-01,Alpine,003,1148,80,77,0,77,0
2021-03-01,Amador,005,37829,3481,3469,30,3499,42
2021-03-01,Butte,007,227075,11388,10981,1608,12589,180
2021-03-01,Calaveras,009,45235,1918,1885,11,1896,46
2021-03-01,Colusa,011,21464,1877,1871,264,2135,11
2021-03-01,Contra Costa,013,1133247,63524,62458,1063,63521,694
2021-03-01,Del Norte,015,27424,1023,982,5,987,5
2021-03-01,El Dorado,017,186661,9187,9085,604,9689,98
2021-03-01,Fresno,019,978130,96835,95677,7679,103356,1405
2021-03-01,Glenn,021,27897,2259,2232,492,2724,15
2021-03-01,Humboldt,023,135768,3211,3179,22,3201,30
2021-03-01,Imperial,025,180216,27274,26913,2446,29359,636
2021-03-01,Inyo,027,18085,1316,1285,9,1294,35
2021-03-01,Kern,029,883053,93748,92219,9753,101972,1041
2021-03-01,Kings,031,150075,22316,21988,958,22946,217
2021-03-01,Lake,033,64148,3205,3164,6,3170,40
2021-03-01,Lassen,035,31185,5124,5111,95,5206,1
2021-03-01,Los Angeles,037,10098052,1175359,1155984,38536,1194520,21293
2021-03-01,Madera,039,155013,15717,15505,821,16326,194
2021-03-01,Marin,041,260295,13297,13161,160,13321,214
2021-03-01,Mariposa,043,17540,377,375,5,380,4
2021-03-01,Mendocino,045,87422,3653,3561,72,3633,41
2021-03-01,Merced,047,269075,28592,28575,921,29496,385
2021-03-01,Modoc,049,8938,341,331,114,445,3
2021-03-01,Mono,051,14174,1188,1192,15,1207,3
2021-03-01,Monterey,053,433212,42030,41697,1667,43364,324
2021-03-01,Napa,055,140530,9115,9056,32,9088,70
2021-03-01,Nevada,057,99092,4050,3979,160,4139,66
2021-03-01,Orange,059,3164182,247706,245852,10145,255997,3976
2021-03-01,Placer,061,380077,20699,19803,1111,20914,239
2021-03-01,Plumas,063,18699,643,628,10,638,4
2021-03-01,Riverside,065,2383286,286171,279323,13286,292609,3680
2021-03-01,Sacramento,067,1510023,94988,93546,1253,94799,1401
2021-03-01,San Benito,069,59416,5752,5772,89,5861,57
2021-03-01,San Bernardino,071,2135413,286431,281685,8506,290191,3603
2021-03-01,San Diego,073,3302833,264992,260622,12967,273589,3303
2021-03-01,San Francisco,075,870044,34317,34318,1063,35381,424
2021-03-01,San Joaquin,077,732212,67114,65699,2729,68428,1097
2021-03-01,San Luis Obispo,079,281455,19783,19429,554,19983,239
2021-03-01,San Mateo,081,765935,39657,39096,405,39501,314
2021-03-01,Santa Barbara,083,443738,32450,31909,1030,32939,413
2021-03-01,Santa Clara,085,1922200,110987,110684,580,111264,1704
2021-03-01,Santa Cruz,087,273765,15483,14575,771,15346,185
2021-03-01,Shasta,089,179085,10987,10990,1231,12221,149
2021-03-01,Sierra,091,2930,51,48,12,60,0
2021-03-01,Siskiyou,093,43540,1513,1408,231,1639,5
2021-03-01,Solano,095,438530,29970,29779,363,30142,166
2021-03-01,Sonoma,097,501317,28205,28222,216,28438,278
2021-03-01,Stanislaus,099,539301,50932,50293,5318,55611,722
2021-03-01,Sutter,101,95872,8859,8825,79,8904,99
2021-03-01,Tehama,103,63373,4617,4595,485,5080,32
2021-03-01,Trinity,105,12862,468,298,76,374,3
2021-03-01,Tulare,107,460477,48414,47275,7963,55238,781
2021-03-01,Tuolumne,109,53932,3853,3907,35,3942,53
2021-03-01,Ventura,111,848112,78232,77849,2755,80604,775
2021-03-01,Yolo,113,214977,12955,12854,144,12998,188
2021-03-01,Yuba,115,75493,5524,5466,86,5552,41
2021-02-28,Alameda,001,1643700,81143,80727,1697,82424,1105
2021-02-28,Alpine,003,1148,80,77,0,77,0
2021-02-28,Amador,005,37829,3476,3466,29,3495,42
2021-02-28,Butte,007,227075,11373,10970,1608,12578,180
2021-02-28,Calaveras,009,45235,1914,1881,11,1892,46
2021-02-28,Colusa,011,21464,1877,1871,263,2134,11
2021-02-28,Contra Costa,013,1133247,63397,62386,1058,63444,694
2021-02-28,Del Norte,015,27424,1021,981,5,986,5
2021-02-28,El Dorado,017,186661,9176,9082,604,9686,98
2021-02-28,Fresno,019,978130,96652,95548,7645,103193,1405
2021-02-28,Glenn,021,27897,2257,2230,490,2720,15
2021-02-28,Humboldt,023,135768,3188,3179,22,3201,30
2021-02-28,Imperial,025,180216,27248,26909,2442,29351,636
2021-02-28,Inyo,027,18085,1311,1282,9,1291,35
2021-02-28,Kern,029,883053,93633,92169,9733,101902,1012
2021-02-28,Kings,031,150075,22295,21967,957,22924,217
2021-02-28,Lake,033,64148,3200,3164,6,3170,40
2021-02-28,Lassen,035,31185,5123,5106,95,5201,1
2021-02-28,Los Angeles,037,10098052,1174570,1155141,38474,1193615,21261
2021-02-28,Madera,039,155013,15675,15496,818,16314,199
2021-02-28,Marin,041,260295,13274,13152,158,13310,214
2021-02-28,Mariposa,043,17540,377,374,5,379,4
2021-02-28,Mendocino,045,87422,3647,3558,72,3630,41
2021-02-28,Merced,047,269075,28529,28546,920,29466,384
2021-02-28,Modoc,049,8938,341,331,114,445,3
2021-02-28,Mono,051,14174,1185,1192,15,1207,3
2021-02-28,Monterey,053,433212,41998,41683,1665,43348,323
2021-02-28,Napa,055,140530,9096,9053,32,9085,70
2021-02-28,Nevada,057,99092,4037,3972,160,4132,66
2021-02-28,Orange,059,3164182,247508,245706,10138,255844,3970
2021-02-28,Placer,061,380077,20653,19775,1109,20884,239
2021-02-28,Plumas,063,18699,643,628,10,638,4
2021-02-28,Riverside,065,2383286,285938,279214,13275,292489,3661
2021-02-28,Sacramento,067,1510023,94804,93463,1248,94711,1398
2021-02-28,San Benito,069,59416,5741,5772,89,5861,57
2021-02-28,San Bernardino,071,2135413,286289,281620,8494,290114,3595
2021-02-28,San Diego,073,3302833,264695,260353,12933,273286,3303
2021-02-28,San Francisco,075,870044,34275,34291,1057,35348,417
2021-02-28,San Joaquin,077,732212,67006,65662,2720,68382,1097
2021-02-28,San Luis Obispo,079,281455,19747,19422,552,19974,237
2021-02-28,San Mateo,081,765935,39604,39059,404,39463,314
2021-02-28,Santa Barbara,083,443738,32398,31877,1030,32907,413
2021-02-28,Santa Clara,085,1922200,110788,110556,577,111133,1704
2021-02-28,Santa Cruz,087,273765,15454,14571,768,15339,185
2021-02-28,Shasta,089,179085,10966,10990,1227,12217,149
2021-02-28,Sierra,091,2930,51,48,12,60,0
2021-02-28,Siskiyou,093,43540,1505,1408,231,1639,5
2021-02-28,Solano,095,438530,29915,29758,357,30115,166
2021-02-28,Sonoma,097,501317,28142,28193,215,28408,279
2021-02-28,Stanislaus,099,539301,50841,50228,5306,55534,728
2021-02-28,Sutter,101,95872,8844,8825,79,8904,99
2021-02-28,Tehama,103,63373,4612,4590,485,5075,32
2021-02-28,Trinity,105,12862,468,298,76,374,3
2021-02-28,Tulare,107,460477,48352,47258,7932,55190,780
2021-02-28,Tuolumne,109,53932,3848,3905,35,3940,53
2021-02-28,Ventura,111,848112,78120,77749,2752,80501,775
2021-02-28,Yolo,113,214977,12932,12851,144,12995,188
2021-02-28,Yuba,115,75493,5514,5461,86,5547,41
2021-02-27,Alameda,001,1643700,81070,80565,1695,82260,1108
2021-02-27,Alpine,003,1148,80,77,0,77,0
2021-02-27,Amador,005,37829,3474,3463,29,3492,42
2021-02-27,Butte,007,227075,11361,10962,1608,12570,180
2021-02-27,Calaveras,009,45235,1909,1875,11,1886,46
2021-02-27,Colusa,011,21464,1876,1869,263,2132,11
2021-02-27,Contra Costa,013,1133247,63327,62248,1055,63303,693
2021-02-27,Del Norte,015,27424,1019,978,5,983,5
2021-02-27,El Dorado,017,186661,9172,9072,604,9676,98
2021-02-27,Fresno,019,978130,96575,95393,7634,103027,1400
2021-02-27,Glenn,021,27897,2256,2225,489,2714,15
2021-02-27,Humboldt,023,135768,3182,3167,22,3189,30
2021-02-27,Imperial,025,180216,27240,26903,2440,29343,633
2021-02-27,Inyo,027,18085,1308,1275,9,1284,35
2021-02-27,Kern,029,883053,93572,92053,9718,101771,996
2021-02-27,Kings,031,150075,22285,21955,954,22909,216
2021-02-27,Lake,033,64148,3197,3156,6,3162,40
2021-02-27,Lassen,035,31185,5123,5106,95,5201,1
2021-02-27,Los Angeles,037,10098052,1174068,1154275,38447,1192722,21158
2021-02-27,Madera,039,155013,15658,15467,817,16284,199
2021-02-27,Marin,041,260295,13250,13134,158,13292,214
2021-02-27,Mariposa,043,17540,377,374,5,379,4
2021-02-27,Mendocino,045,87422,3644,3555,72,3627,41
2021-02-27,Merced,047,269075,28487,28501,912,29413,384
2021-02-27,Modoc,049,8938,341,331,113,444,3
2021-02-27,Mono,051,14174,1183,1191,15,1206,3
2021-02-27,Monterey,053,433212,41989,41665,1664,43329,322
2021-02-27,Napa,055,140530,9085,9038,32,9070,71
2021-02-27,Nevada,057,99092,4031,3960,160,4120,66
2021-02-27,Orange,059,3164182,247381,245542,10127,255669,3960
2021-02-27,Placer,061,380077,20617,19726,1106,20832,239
2021-02-27,Plumas,063,18699,643,628,10,638,4
2021-02-27,Riverside,065,2383286,285828,279048,13265,292313,3663
2021-02-27,Sacramento,067,1510023,94721,93281,1238,94519,1396
2021-02-27,San Benito,069,59416,5740,5767,88,5855,57
2021-02-27,San Bernardino,071,2135413,286210,281471,8489,289960,3527
2021-02-27,San Diego,073,3302833,264505,260091,12895,272986,3284
2021-02-27,San Francisco,075,870044,34241,34260,1054,35314,413
2021-02-27,San Joaquin,077,732212,66960,65578,2718,68296,1100
2021-02-27,San Luis Obispo,079,281455,19726,19411,551,19962,237
2021-02-27,San Mateo,081,765935,39563,38998,403,39401,313
2021-02-27,Santa Barbara,083,443738,32364,31805,1029,32834,411
2021-02-27,Santa Clara,085,1922200,110640,110361,575,110936,1703
2021-02-27,Santa Cruz,087,273765,15445,14552,767,15319,185
2021-02-27,Shasta,089,179085,10960,10985,1223,12208,149
2021-02-27,Sierra,091,2930,51,48,12,60,0
2021-02-27,Siskiyou,093,43540,1503,1407,230,1637,5
2021-02-27,Solano,095,438530,29887,29718,356,30074,165
2021-02-27,Sonoma,097,501317,28098,28141,210,28351,281
2021-02-27,Stanislaus,099,539301,50786,50147,5296,55443,733
2021-02-27,Sutter,101,95872,8839,8820,79,8899,99
2021-02-27,Tehama,103,63373,4607,4584,484,5068,32
2021-02-27,Trinity,105,12862,468,298,76,374,3
2021-02-27,Tulare,107,460477,48315,47209,7906,55115,770
2021-02-27,Tuolumne,109,53932,3845,3899,35,3934,53
2021-02-27,Ventura,111,848112,78047,77623,2749,80372,771
2021-02-27,Yolo,113,214977,12920,12834,144,12978,188
2021-02-27,Yuba,115,75493,5511,5450,86,5536,39
2021-02-26,Alameda,001,1643700,80975,80387,1690,82077,1106
2021-02-26,Alpine,003,1148,80,77,0,77,0
2021-02-26,Amador,005,37829,3468,3457,29,3486,42
2021-02-26,Butte,007,227075,11351,10941,1608,12549,180
2021-02-26,Calaveras,009,45235,1907,1873,11,1884,46
2021-02-26,Colusa,011,21464,1876,1865,263,2128,11
2021-02-26,Contra Costa,013,1133247,63245,62114,1055,63169,685
2021-02-26,Del Norte,015,27424,1015,968,5,973,5
2021-02-26,El Dorado,017,186661,9167,9038,602,9640,98
2021-02-26,Fresno,019,978130,96473,95202,7626,102828,1391
2021-02-26,Glenn,021,27897,2253,2220,489,2709,15
2021-02-26,Humboldt,023,135768,3176,3152,22,3174,30
2021-02-26,Imperial,025,180216,27233,26888,2438,29326,631
2021-02-26,Inyo,027,18085,1306,1271,9,1280,34
2021-02-26,Kern,029,883053,93493,91884,9702,101586,997
2021-02-26,Kings,031,150075,22269,21917,951,22868,216
2021-02-26,Lake,033,64148,3192,3153,6,3159,40
2021-02-26,Lassen,035,31185,5123,5102,95,5197,1
2021-02-26,Los Angeles,037,10098052,1173490,1153131,38387,1191518,21070
2021-02-26,Madera,039,155013,15642,15436,815,16251,199
2021-02-26,Marin,041,260295,13237,13091,158,13249,214
2021-02-26,Mariposa,043,17540,377,375,5,380,4
2021-02-26,Mendocino,045,87422,3639,3549,72,3621,41
2021-02-26,Merced,047,269075,28453,28455,911,29366,382
2021-02-26,Modoc,049,8938,340,330,113,443,3
2021-02-26,Mono,051,14174,1181,1191,15,1206,3
2021-02-26,Monterey,053,433212,41963,41607,1663,43270,322
2021-02-26,Napa,055,140530,9079,9014,32,9046,70
2021-02-26,Nevada,057,99092,4020,3952,160,4112,66
2021-02-26,Orange,059,3164182,247242,245278,10117,255395,3918
2021-02-26,Placer,061,380077,20591,19712,1100,20812,239
2021-02-26,Plumas,063,18699,643,628,10,638,4
2021-02-26,Riverside,065,2383286,285684,278772,13259,292031,3653
2021-02-26,Sacramento,067,1510023,94598,93180,1235,94415,1390
2021-02-26,San Benito,069,59416,5739,5759,88,5847,57
2021-02-26,San Bernardino,071,2135413,286110,281132,8487,289619,3461
2021-02-26,San Diego,073,3302833,264277,259641,12874,272515,3271
2021-02-26,San Francisco,075,870044,34211,34213,1051,35264,413
2021-02-26,San Joaquin,077,732212,66879,65492,2712,68204,1070
2021-02-26,San Luis Obispo,079,281455,19710,19359,549,19908,234
2021-02-26,San Mateo,081,765935,39518,38922,403,39325,313
2021-02-26,Santa Barbara,083,443738,32320,31724,1028,32752,410
2021-02-26,Santa Clara,085,1922200,110508,110168,573,110741,1700
2021-02-26,Santa Cruz,087,273765,15433,14528,766,15294,185
2021-02-26,Shasta,089,179085,10953,10972,1214,12186,149
2021-02-26,Sierra,091,2930,51,47,12,59,0
2021-02-26,Siskiyou,093,43540,1503,1401,229,1630,5
2021-02-26,Solano,095,438530,29853,29651,355,30006,165
2021-02-26,Sonoma,097,501317,28069,28063,209,28272,280
2021-02-26,Stanislaus,099,539301,50730,50054,5288,55342,737
2021-02-26,Sutter,101,95872,8830,8806,79,8885,99
2021-02-26,Tehama,103,63373,4605,4581,484,5065,32
2021-02-26,Trinity,105,12862,467,298,76,374,3
2021-02-26,Tulare,107,460477,48280,47135,7877,55012,770
2021-02-26,Tuolumne,109,53932,3844,3896,35,3931,53
2021-02-26,Ventura,111,848112,77947,77534,2745,80279,765
2021-02-26,Yolo,113,214977,12913,12816,144,12960,188
2021-02-26,Yuba,115,75493,5506,5438,86,5524,39
2021-02-25,Alameda,001,1643700,80854,80181,1689,81870,1093
2021-02-25,Alpine,003,1148,80,77,0,77,0
2021-02-25,Amador,005,37829,3465,3448,29,3477,41
2021-02-25,Butte,007,227075,11330,10922,1603,12525,178
2021-02-25,Calaveras,009,45235,1899,1868,11,1879,46
2021-02-25,Colusa,011,21464,1873,1863,262,2125,11
2021-02-25,Contra Costa,013,1133247,63143,61910,1055,62965,686
2021-02-25,Del Norte,015,27424,1005,966,5,971,5
2021-02-25,El Dorado,017,186661,9151,9012,602,9614,98
2021-02-25,Fresno,019,978130,96329,95015,7605,102620,1377
2021-02-25,Glenn,021,27897,2250,2219,488,2707,15
2021-02-25,Humboldt,023,135768,3169,3129,22,3151,30
2021-02-25,Imperial,025,180216,27226,26855,2434,29289,628
2021-02-25,Inyo,027,18085,1300,1264,9,1273,33
2021-02-25,Kern,029,883053,93377,91735,9677,101412,992
2021-02-25,Kings,031,150075,22260,21900,948,22848,216
2021-02-25,Lake,033,64148,3183,3141,6,3147,40
2021-02-25,Lassen,035,31185,5122,5097,94,5191,1
2021-02-25,Los Angeles,037,10098052,1172743,1151846,38329,1190175,20931
2021-02-25,Madera,039,155013,15607,15414,811,16225,194
2021-02-25,Marin,041,260295,13214,13067,158,13225,214
2021-02-25,Mariposa,043,17540,377,375,5,380,4
2021-02-25,Mendocino,045,87422,3634,3542,72,3614,41
2021-02-25,Merced,047,269075,28404,28383,909,29292,382
2021-02-25,Modoc,049,8938,340,329,113,442,3
2021-02-25,Mono,051,14174,1180,1190,15,1205,3
2021-02-25,Monterey,053,433212,41938,41564,1658,43222,321
2021-02-25,Napa,055,140530,9053,8998,32,9030,70
2021-02-25,Nevada,057,99092,4003,3940,159,4099,66
2021-02-25,Orange,059,3164182,247069,245000,10107,255107,3882
2021-02-25,Placer,061,380077,20552,19661,1098,20759,239
2021-02-25,Plumas,063,18699,643,626,10,636,4
2021-02-25,Riverside,065,2383286,285495,278544,13239,291783,3646
2021-02-25,Sacramento,067,1510023,94440,92961,1223,94184,1386
2021-02-25,San Benito,069,59416,5734,5752,88,5840,58
2021-02-25,San Bernardino,071,2135413,285975,280946,8479,289425,3409
2021-02-25,San Diego,073,3302833,263983,258979,12844,271823,3260
2021-02-25,San Francisco,075,870044,34168,34138,1049,35187,408
2021-02-25,San Joaquin,077,732212,66795,65389,2700,68089,1047
2021-02-25,San Luis Obispo,079,281455,19689,19335,547,19882,234
2021-02-25,San Mateo,081,765935,39471,38872,403,39275,300
2021-02-25,Santa Barbara,083,443738,32243,31631,1027,32658,408
2021-02-25,Santa Clara,085,1922200,110343,109923,572,110495,1677
2021-02-25,Santa Cruz,087,273765,15414,14492,765,15257,185
2021-02-25,Shasta,089,179085,10941,10947,1209,12156,148
2021-02-25,Sierra,091,2930,51,47,12,59,0
2021-02-25,Siskiyou,093,43540,1498,1390,226,1616,4
2021-02-25,Solano,095,438530,29821,29616,355,29971,161
2021-02-25,Sonoma,097,501317,28015,28004,206,28210,278
2021-02-25,Stanislaus,099,539301,50639,49964,5278,55242,738
2021-02-25,Sutter,101,95872,8816,8789,78,8867,99
2021-02-25,Tehama,103,63373,4602,4578,482,5060,32
2021-02-25,Trinity,105,12862,467,297,76,373,3
2021-02-25,Tulare,107,460477,48230,47052,7851,54903,765
2021-02-25,Tuolumne,109,53932,3841,3894,35,3929,53
2021-02-25,Ventura,111,848112,77839,77395,2739,80134,751
2021-02-25,Yolo,113,214977,12896,12787,144,12931,188
2021-02-25,Yuba,115,75493,5499,5429,86,5515,39
2021-02-24,Alameda,001,1643700,80734,80070,1685,81755,1082
2021-02-24,Alpine,003,1148,79,77,0,77,0
2021-02-24,Amador,005,37829,3460,3444,29,3473,41
2021-02-24,Butte,007,227075,11317,10915,1599,12514,178
2021-02-24,Calaveras,009,45235,1895,1864,11,1875,31
2021-02-24,Colusa,011,21464,1871,1863,262,2125,11
2021-02-24,Contra Costa,013,1133247,63035,61776,1055,62831,663
2021-02-24,Del Norte,015,27424,1004,960,4,964,5
2021-02-24,El Dorado,017,186661,9138,8993,602,9595,98
2021-02-24,Fresno,019,978130,96181,94794,7589,102383,1369
2021-02-24,Glenn,021,27897,2249,2210,488,2698,14
2021-02-24,Humboldt,023,135768,3157,3123,22,3145,29
2021-02-24,Imperial,025,180216,27213,26843,2429,29272,596
2021-02-24,Inyo,027,18085,1295,1253,9,1262,32
2021-02-24,Kern,029,883053,93244,91525,9661,101186,992
2021-02-24,Kings,031,150075,22235,21871,946,22817,216
2021-02-24,Lake,033,64148,3176,3134,6,3140,40
2021-02-24,Lassen,035,31185,5118,5095,93,5188,1
2021-02-24,Los Angeles,037,10098052,1171981,1150322,38290,1188612,20817
2021-02-24,Madera,039,155013,15580,15390,811,16201,194
2021-02-24,Marin,041,260295,13191,13044,157,13201,214
2021-02-24,Mariposa,043,17540,377,374,5,379,4
2021-02-24,Mendocino,045,87422,3627,3540,72,3612,41
2021-02-24,Merced,047,269075,28366,28295,905,29200,383
2021-02-24,Modoc,049,8938,339,329,113,442,3
2021-02-24,Mono,051,14174,1178,1189,15,1204,3
2021-02-24,Monterey,053,433212,41913,41495,1656,43151,320
2021-02-24,Napa,055,140530,9036,8976,31,9007,70
2021-02-24,Nevada,057,99092,3993,3927,159,4086,66
2021-02-24,Orange,059,3164182,246851,244743,10094,254837,3835
2021-02-24,Placer,061,380077,20513,19648,1092,20740,239
2021-02-24,Plumas,063,18699,641,626,10,636,4
2021-02-24,Riverside,065,2383286,285267,278293,13230,291523,3603
2021-02-24,Sacramento,067,1510023,94286,92742,1218,93960,1375
2021-02-24,San Benito,069,59416,5733,5743,88,5831,57
2021-02-24,San Bernardino,071,2135413,285823,280583,8475,289058,3360
2021-02-24,San Diego,073,3302833,263687,258460,12828,271288,3230
2021-02-24,San Francisco,075,870044,34122,34061,1046,35107,406
2021-02-24,San Joaquin,077,732212,66685,65274,2698,67972,1019
2021-02-24,San Luis Obispo,079,281455,19666,19309,545,19854,233
2021-02-24,San Mateo,081,765935,39434,38763,403,39166,300
2021-02-24,Santa Barbara,083,443738,32191,31563,1024,32587,405
2021-02-24,Santa Clara,085,1922200,110195,109671,571,110242,1674
2021-02-24,Santa Cruz,087,273765,15393,14458,765,15223,185
2021-02-24,Shasta,089,179085,10928,10922,1206,12128,148
2021-02-24,Sierra,091,2930,51,47,12,59,0
2021-02-24,Siskiyou,093,43540,1491,1385,222,1607,4
2021-02-24,Solano,095,438530,29781,29577,353,29930,158
2021-02-24,Sonoma,097,501317,27951,27954,202,28156,278
2021-02-24,Stanislaus,099,539301,50568,49851,5271,55122,732
2021-02-24,Sutter,101,95872,8806,8778,78,8856,99
2021-02-24,Tehama,103,63373,4599,4566,482,5048,31
2021-02-24,Trinity,105,12862,467,294,75,369,3
2021-02-24,Tulare,107,460477,48174,46976,7823,54799,759
2021-02-24,Tuolumne,109,53932,3838,3887,35,3922,53
2021-02-24,Ventura,111,848112,77731,77238,2738,79976,718
2021-02-24,Yolo,113,214977,12883,12760,144,12904,188
2021-02-24,Yuba,115,75493,5488,5425,84,5509,39
2021-02-23,Alameda,001,1643700,80596,79948,1683,81631,1070
2021-02-23,Alpine,003,1148,78,77,0,77,0
2021-02-23,Amador,005,37829,3458,3440,29,3469,41
2021-02-23,Butte,007,227075,11301,10887,1596,12483,176
2021-02-23,Calaveras,009,45235,1894,1863,11,1874,21
2021-02-23,Colusa,011,21464,1868,1862,262,2124,11
2021-02-23,Contra Costa,013,1133247,62901,61613,1052,62665,661
2021-02-23,Del Norte,015,27424,1002,953,4,957,3
2021-02-23,El Dorado,017,186661,9125,8969,602,9571,96
2021-02-23,Fresno,019,978130,96020,94741,7575,102316,1356
2021-02-23,Glenn,021,27897,2247,2209,488,2697,14
2021-02-23,Humboldt,023,135768,3140,3108,22,3130,29
2021-02-23,Imperial,025,180216,27193,26816,2424,29240,591
2021-02-23,Inyo,027,18085,1291,1250,9,1259,32
2021-02-23,Kern,029,883053,93105,91390,9633,101023,982
2021-02-23,Kings,031,150075,22220,21839,942,22781,216
2021-02-23,Lake,033,64148,3168,3121,6,3127,40
2021-02-23,Lassen,035,31185,5115,5092,93,5185,1
2021-02-23,Los Angeles,037,10098052,1171106,1148965,38238,1187203,19887
2021-02-23,Madera,039,155013,15566,15352,805,16157,193
2021-02-23,Marin,041,260295,13171,13015,156,13171,214
2021-02-23,Mariposa,043,17540,377,374,5,379,4
2021-02-23,Mendocino,045,87422,3625,3540,71,3611,41
2021-02-23,Merced,047,269075,28286,28209,898,29107,381
2021-02-23,Modoc,049,8938,338,328,112,440,3
2021-02-23,Mono,051,14174,1178,1189,15,1204,3
2021-02-23,Monterey,053,433212,41874,41439,1651,43090,317
2021-02-23,Napa,055,140530,9024,8967,31,8998,70
2021-02-23,Nevada,057,99092,3985,3912,159,4071,66
2021-02-23,Orange,059,3164182,246653,244566,10076,254642,3843
2021-02-23,Placer,061,380077,20488,19608,1088,20696,238
2021-02-23,Plumas,063,18699,640,626,10,636,4
2021-02-23,Riverside,065,2383286,285030,278075,13216,291291,3599
2021-02-23,Sacramento,067,1510023,94129,92632,1212,93844,1370
2021-02-23,San Benito,069,59416,5727,5731,87,5818,57
2021-02-23,San Bernardino,071,2135413,285635,280279,8470,288749,3283
2021-02-23,San Diego,073,3302833,263310,257802,12798,270600,3218
2021-02-23,San Francisco,075,870044,34074,33994,1045,35039,405
2021-02-23,San Joaquin,077,732212,66585,65141,2691,67832,1004
2021-02-23,San Luis Obispo,079,281455,19637,19233,544,19777,230
2021-02-23,San Mateo,081,765935,39373,38662,403,39065,299
2021-02-23,Santa Barbara,083,443738,32136,31483,1023,32506,402
2021-02-23,Santa Clara,085,1922200,109998,109449,568,110017,1661
2021-02-23,Santa Cruz,087,273765,15364,14435,763,15198,178
2021-02-23,Shasta,089,179085,10916,10903,1202,12105,146
2021-02-23,Sierra,091,2930,51,47,12,59,0
2021-02-23,Siskiyou,093,43540,1486,1380,220,1600,4
2021-02-23,Solano,095,438530,29741,29545,350,29895,154
2021-02-23,Sonoma,097,501317,27908,27882,199,28081,278
2021-02-23,Stanislaus,099,539301,50490,49749,5255,55004,722
2021-02-23,Sutter,101,95872,8793,8766,78,8844,98
2021-02-23,Tehama,103,63373,4593,4556,481,5037,30
2021-02-23,Trinity,105,12862,467,292,74,366,3
2021-02-23,Tulare,107,460477,48096,46937,7790,54727,757
2021-02-23,Tuolumne,109,53932,3834,3864,35,3899,53
2021-02-23,Ventura,111,848112,77615,77093,2729,79822,689
2021-02-23,Yolo,113,214977,12854,12729,144,12873,188
2021-02-23,Yuba,115,75493,5475,5417,83,5500,38
2021-02-22,Alameda,001,1643700,80445,79796,1679,81475,1062
2021-02-22,Alpine,003,1148,78,77,0,77,0
2021-02-22,Amador,005,37829,3453,3438,29,3467,39
2021-02-22,Butte,007,227075,11288,10855,1591,12446,176
2021-02-22,Calaveras,009,45235,1892,1862,11,1873,21
2021-02-22,Colusa,011,21464,1868,1860,262,2122,11
2021-02-22,Contra Costa,013,1133247,62773,61478,1051,62529,661
2021-02-22,Del Norte,015,27424,1001,948,4,952,3
2021-02-22,El Dorado,017,186661,9108,8940,602,9542,96
2021-02-22,Fresno,019,978130,95858,94584,7558,102142,1351
2021-02-22,Glenn,021,27897,2242,2207,486,2693,14
2021-02-22,Humboldt,023,135768,3128,3095,22,3117,29
2021-02-22,Imperial,025,180216,27171,26778,2417,29195,590
2021-02-22,Inyo,027,18085,1286,1248,9,1257,32
2021-02-22,Kern,029,883053,92988,91201,9611,100812,982
2021-02-22,Kings,031,150075,22197,21801,939,22740,214
2021-02-22,Lake,033,64148,3162,3107,6,3113,40
2021-02-22,Lassen,035,31185,5115,5088,92,5180,1
2021-02-22,Los Angeles,037,10098052,1170237,1147541,38180,1185721,19730
2021-02-22,Madera,039,155013,15541,15325,801,16126,193
2021-02-22,Marin,041,260295,13146,12991,153,13144,213
2021-02-22,Mariposa,043,17540,376,374,5,379,4
2021-02-22,Mendocino,045,87422,3619,3535,71,3606,41
2021-02-22,Merced,047,269075,28223,28166,895,29061,379
2021-02-22,Modoc,049,8938,338,329,112,441,3
2021-02-22,Mono,051,14174,1174,1189,15,1204,3
2021-02-22,Monterey,053,433212,41829,41397,1645,43042,311
2021-02-22,Napa,055,140530,8997,8950,31,8981,69
2021-02-22,Nevada,057,99092,3976,3900,157,4057,66
2021-02-22,Orange,059,3164182,246417,244118,10058,254176,3843
2021-02-22,Placer,061,380077,20451,19587,1080,20667,238
2021-02-22,Plumas,063,18699,640,625,10,635,4
2021-02-22,Riverside,065,2383286,284768,277730,13208,290938,3567
2021-02-22,Sacramento,067,1510023,93962,92476,1202,93678,1359
2021-02-22,San Benito,069,59416,5725,5723,87,5810,57
2021-02-22,San Bernardino,071,2135413,285458,279984,8457,288441,3259
2021-02-22,San Diego,073,3302833,262900,257348,12765,270113,3189
2021-02-22,San Francisco,075,870044,34014,33947,1040,34987,405
2021-02-22,San Joaquin,077,732212,66489,65060,2678,67738,1001
2021-02-22,San Luis Obispo,079,281455,19600,19198,542,19740,229
2021-02-22,San Mateo,081,765935,39316,38542,400,38942,282
2021-02-22,Santa Barbara,083,443738,32070,31421,1020,32441,399
2021-02-22,Santa Clara,085,1922200,109789,109213,557,109770,1655
2021-02-22,Santa Cruz,087,273765,15338,14417,763,15180,176
2021-02-22,Shasta,089,179085,10901,10872,1197,12069,145
2021-02-22,Sierra,091,2930,51,47,12,59,0
2021-02-22,Siskiyou,093,43540,1480,1373,219,1592,4
2021-02-22,Solano,095,438530,29702,29508,349,29857,150
2021-02-22,Sonoma,097,501317,27863,27845,198,28043,278
2021-02-22,Stanislaus,099,539301,50388,49630,5237,54867,722
2021-02-22,Sutter,101,95872,8785,8698,78,8776,98
2021-02-22,Tehama,103,63373,4590,4550,480,5030,30
2021-02-22,Trinity,105,12862,467,287,73,360,3
2021-02-22,Tulare,107,460477,48034,46879,7758,54637,751
2021-02-22,Tuolumne,109,53932,3830,3856,35,3891,53
2021-02-22,Ventura,111,848112,77487,76947,2724,79671,677
2021-02-22,Yolo,113,214977,12827,12689,144,12833,183
2021-02-22,Yuba,115,75493,5472,5404,82,5486,38
2021-02-21,Alameda,001,1643700,80252,79649,1674,81323,1061
2021-02-21,Alpine,003,1148,78,77,0,77,0
2021-02-21,Amador,005,37829,3445,3435,29,3464,39
2021-02-21,Butte,007,227075,11270,10855,1589,12444,176
2021-02-21,Calaveras,009,45235,1891,1860,11,1871,21
2021-02-21,Colusa,011,21464,1867,1860,258,2118,11
2021-02-21,Contra Costa,013,1133247,62618,61364,1048,62412,661
2021-02-21,Del Norte,015,27424,995,942,4,946,3
2021-02-21,El Dorado,017,186661,9090,8927,601,9528,96
2021-02-21,Fresno,019,978130,95716,94374,7542,101916,1349
2021-02-21,Glenn,021,27897,2240,2201,484,2685,14
2021-02-21,Humboldt,023,135768,3116,3096,22,3118,29
2021-02-21,Imperial,025,180216,27157,26779,2415,29194,590
2021-02-21,Inyo,027,18085,1280,1232,9,1241,32
2021-02-21,Kern,029,883053,92863,91141,9573,100714,980
2021-02-21,Kings,031,150075,22161,21784,937,22721,213
2021-02-21,Lake,033,64148,3154,3100,6,3106,40
2021-02-21,Lassen,035,31185,5107,5077,92,5169,1
2021-02-21,Los Angeles,037,10098052,1169195,1146756,38136,1184892,19711
2021-02-21,Madera,039,155013,15508,15298,798,16096,192
2021-02-21,Marin,041,260295,13117,12968,153,13121,212
2021-02-21,Mariposa,043,17540,376,373,5,378,4
2021-02-21,Mendocino,045,87422,3614,3535,71,3606,41
2021-02-21,Merced,047,269075,28149,28106,880,28986,379
2021-02-21,Modoc,049,8938,335,329,112,441,3
2021-02-21,Mono,051,14174,1174,1189,15,1204,3
2021-02-21,Monterey,053,433212,41773,41373,1638,43011,309
2021-02-21,Napa,055,140530,8983,8929,31,8960,69
2021-02-21,Nevada,057,99092,3963,3895,157,4052,66
2021-02-21,Orange,059,3164182,246120,243985,10041,254026,3801
2021-02-21,Placer,061,380077,20415,19553,1076,20629,238
2021-02-21,Plumas,063,18699,640,625,10,635,4
2021-02-21,Riverside,065,2383286,284535,277555,13195,290750,3564
2021-02-21,Sacramento,067,1510023,93752,92288,1192,93480,1354
2021-02-21,San Benito,069,59416,5715,5716,84,5800,57
2021-02-21,San Bernardino,071,2135413,285234,279870,8443,288313,3247
2021-02-21,San Diego,073,3302833,262466,257027,12719,269746,3190
2021-02-21,San Francisco,075,870044,33950,33891,1036,34927,405
2021-02-21,San Joaquin,077,732212,66350,64997,2666,67663,1001
2021-02-21,San Luis Obispo,079,281455,19567,19178,540,19718,229
2021-02-21,San Mateo,081,765935,39254,38448,396,38844,282
2021-02-21,Santa Barbara,083,443738,32008,31374,1017,32391,399
2021-02-21,Santa Clara,085,1922200,109563,108992,549,109541,1654
2021-02-21,Santa Cruz,087,273765,15315,14401,762,15163,176
2021-02-21,Shasta,089,179085,10887,10867,1192,12059,145
2021-02-21,Sierra,091,2930,51,47,12,59,0
2021-02-21,Siskiyou,093,43540,1474,1371,219,1590,4
2021-02-21,Solano,095,438530,29647,29471,348,29819,150
2021-02-21,Sonoma,097,501317,27799,27793,191,27984,278
2021-02-21,Stanislaus,099,539301,50275,49527,5223,54750,726
2021-02-21,Sutter,101,95872,8768,8687,77,8764,97
2021-02-21,Tehama,103,63373,4581,4547,480,5027,30
2021-02-21,Trinity,105,12862,465,286,73,359,3
2021-02-21,Tulare,107,460477,47966,46830,7723,54553,749
2021-02-21,Tuolumne,109,53932,3816,3828,35,3863,53
2021-02-21,Ventura,111,848112,77338,76862,2711,79573,677
2021-02-21,Yolo,113,214977,12796,12670,143,12813,183
2021-02-21,Yuba,115,75493,5464,5396,81,5477,38
2021-02-20,Alameda,001,1643700,80161,79496,1669,81165,1055
2021-02-20,Alpine,003,1148,78,77,0,77,0
2021-02-20,Amador,005,37829,3443,3432,29,3461,39
2021-02-20,Butte,007,227075,11262,10838,1588,12426,176
2021-02-20,Calaveras,009,45235,1890,1858,11,1869,21
2021-02-20,Colusa,011,21464,1866,1858,258,2116,11
2021-02-20,Contra Costa,013,1133247,62534,61205,1046,62251,663
2021-02-20,Del Norte,015,27424,991,937,4,941,3
2021-02-20,El Dorado,017,186661,9080,8911,600,9511,96
2021-02-20,Fresno,019,978130,95632,94234,7522,101756,1341
2021-02-20,Glenn,021,27897,2236,2199,483,2682,14
2021-02-20,Humboldt,023,135768,3108,3073,22,3095,29
2021-02-20,Imperial,025,180216,27147,26771,2415,29186,590
2021-02-20,Inyo,027,18085,1276,1226,9,1235,32
2021-02-20,Kern,029,883053,92792,91025,9541,100566,968
2021-02-20,Kings,031,150075,22143,21773,936,22709,212
2021-02-20,Lake,033,64148,3147,3089,6,3095,40
2021-02-20,Lassen,035,31185,5105,5067,92,5159,1
2021-02-20,Los Angeles,037,10098052,1168625,1145594,38096,1183690,19630
2021-02-20,Madera,039,155013,15488,15274,797,16071,191
2021-02-20,Marin,041,260295,13096,12945,151,13096,211
2021-02-20,Mariposa,043,17540,376,372,5,377,4
2021-02-20,Mendocino,045,87422,3612,3533,71,3604,40
2021-02-20,Merced,047,269075,28106,28066,877,28943,379
2021-02-20,Modoc,049,8938,335,328,112,440,3
2021-02-20,Mono,051,14174,1173,1187,15,1202,3
2021-02-20,Monterey,053,433212,41751,41313,1636,42949,309
2021-02-20,Napa,055,140530,8974,8910,31,8941,69
2021-02-20,Nevada,057,99092,3953,3887,156,4043,66
2021-02-20,Orange,059,3164182,245951,243761,10027,253788,3755
2021-02-20,Placer,061,380077,20374,19509,1072,20581,236
2021-02-20,Plumas,063,18699,640,626,10,636,4
2021-02-20,Riverside,065,2383286,284381,277267,13186,290453,3559
2021-02-20,Sacramento,067,1510023,93629,92057,1190,93247,1352
2021-02-20,San Benito,069,59416,5704,5709,84,5793,57
2021-02-20,San Bernardino,071,2135413,285132,279608,8438,288046,3203
2021-02-20,San Diego,073,3302833,262224,256510,12690,269200,3188
2021-02-20,San Francisco,075,870044,33908,33820,1028,34848,399
2021-02-20,San Joaquin,077,732212,66280,64916,2661,67577,1001
2021-02-20,San Luis Obispo,079,281455,19543,19138,539,19677,229
2021-02-20,San Mateo,081,765935,39210,38371,395,38766,282
2021-02-20,Santa Barbara,083,443738,31974,31289,1016,32305,396
2021-02-20,Santa Clara,085,1922200,109385,108728,546,109274,1649
2021-02-20,Santa Cruz,087,273765,15304,14378,760,15138,176
2021-02-20,Shasta,089,179085,10873,10850,1187,12037,146
2021-02-20,Sierra,091,2930,51,47,12,59,0
2021-02-20,Siskiyou,093,43540,1471,1366,219,1585,4
2021-02-20,Solano,095,438530,29633,29440,346,29786,150
2021-02-20,Sonoma,097,501317,27770,27703,189,27892,278
2021-02-20,Stanislaus,099,539301,50224,49445,5209,54654,733
2021-02-20,Sutter,101,95872,8762,8681,77,8758,97
2021-02-20,Tehama,103,63373,4576,4545,480,5025,30
2021-02-20,Trinity,105,12862,464,285,72,357,3
2021-02-20,Tulare,107,460477,47930,46769,7701,54470,739
2021-02-20,Tuolumne,109,53932,3811,3823,35,3858,53
2021-02-20,Ventura,111,848112,77243,76757,2708,79465,671
2021-02-20,Yolo,113,214977,12782,12639,143,12782,183
2021-02-20,Yuba,115,75493,5461,5386,81,5467,38
2021-02-19,Alameda,001,1643700,80060,79318,1665,80983,1047
2021-02-19,Alpine,003,1148,78,77,0,77,0
2021-02-19,Amador,005,37829,3439,3427,29,3456,39
2021-02-19,Butte,007,227075,11248,10823,1581,12404,176
2021-02-19,Calaveras,009,45235,1889,1856,11,1867,21
2021-02-19,Colusa,011,21464,1866,1858,258,2116,11
2021-02-19,Contra Costa,013,1133247,62422,61017,1043,62060,651
2021-02-19,Del Norte,015,27424,986,932,4,936,2
2021-02-19,El Dorado,017,186661,9071,8882,599,9481,96
2021-02-19,Fresno,019,978130,95502,93973,7506,101479,1330
2021-02-19,Glenn,021,27897,2231,2199,482,2681,14
2021-02-19,Humboldt,023,135768,3096,3037,22,3059,29
2021-02-19,Imperial,025,180216,27141,26751,2412,29163,589
2021-02-19,Inyo,027,18085,1271,1212,9,1221,32
2021-02-19,Kern,029,883053,92723,90807,9501,100308,963
2021-02-19,Kings,031,150075,22129,21724,934,22658,211
2021-02-19,Lake,033,64148,3141,3078,6,3084,40
2021-02-19,Lassen,035,31185,5104,5057,92,5149,1
2021-02-19,Los Angeles,037,10098052,1167874,1143828,38056,1181884,19498
2021-02-19,Madera,039,155013,15471,15222,795,16017,188
2021-02-19,Marin,041,260295,13078,12919,150,13069,210
2021-02-19,Mariposa,043,17540,376,371,5,376,4
2021-02-19,Mendocino,045,87422,3610,3526,71,3597,39
2021-02-19,Merced,047,269075,28076,27985,874,28859,376
2021-02-19,Modoc,049,8938,335,328,112,440,3
2021-02-19,Mono,051,14174,1173,1186,15,1201,3
2021-02-19,Monterey,053,433212,41724,41209,1632,42841,309
2021-02-19,Napa,055,140530,8961,8899,31,8930,69
2021-02-19,Nevada,057,99092,3947,3863,156,4019,66
2021-02-19,Orange,059,3164182,245775,243397,10015,253412,3715
2021-02-19,Placer,061,380077,20352,19457,1072,20529,236
2021-02-19,Plumas,063,18699,638,624,10,634,4
2021-02-19,Riverside,065,2383286,284212,276941,13169,290110,3541
2021-02-19,Sacramento,067,1510023,93509,91815,1186,93001,1351
2021-02-19,San Benito,069,59416,5699,5699,84,5783,57
2021-02-19,San Bernardino,071,2135413,284996,279209,8433,287642,3117
2021-02-19,San Diego,073,3302833,261933,255799,12667,268466,3169
2021-02-19,San Francisco,075,870044,33860,33746,1022,34768,387
2021-02-19,San Joaquin,077,732212,66204,64774,2653,67427,988
2021-02-19,San Luis Obispo,079,281455,19512,19061,537,19598,230
2021-02-19,San Mateo,081,765935,39152,38256,393,38649,282
2021-02-19,Santa Barbara,083,443738,31910,31204,1015,32219,392
2021-02-19,Santa Clara,085,1922200,109173,108400,544,108944,1634
2021-02-19,Santa Cruz,087,273765,15289,14354,760,15114,176
2021-02-19,Shasta,089,179085,10862,10833,1184,12017,140
2021-02-19,Sierra,091,2930,51,47,12,59,0
2021-02-19,Siskiyou,093,43540,1467,1363,217,1580,4
2021-02-19,Solano,095,438530,29608,29383,345,29728,150
2021-02-19,Sonoma,097,501317,27723,27595,187,27782,280
2021-02-19,Stanislaus,099,539301,50162,49282,5193,54475,739
2021-02-19,Sutter,101,95872,8752,8665,77,8742,96
2021-02-19,Tehama,103,63373,4574,4535,480,5015,30
2021-02-19,Trinity,105,12862,462,282,70,352,3
2021-02-19,Tulare,107,460477,47885,46662,7676,54338,736
2021-02-19,Tuolumne,109,53932,3804,3817,35,3852,52
2021-02-19,Ventura,111,848112,77164,76582,2705,79287,667
2021-02-19,Yolo,113,214977,12766,12606,143,12749,183
2021-02-19,Yuba,115,75493,5451,5376,81,5457,38
2021-02-18,Alameda,001,1643700,79926,79111,1658,80769,1012
2021-02-18,Alpine,003,1148,78,77,0,77,0
2021-02-18,Amador,005,37829,3435,3417,28,3445,38
2021-02-18,Butte,007,227075,11230,10791,1579,12370,175
2021-02-18,Calaveras,009,45235,1884,1873,11,1884,21
2021-02-18,Colusa,011,21464,1864,1856,256,2112,11
2021-02-18,Contra Costa,013,1133247,62308,60868,1041,61909,640
2021-02-18,Del Norte,015,27424,981,929,4,933,2
2021-02-18,El Dorado,017,186661,9056,8850,598,9448,94
2021-02-18,Fresno,019,978130,95333,93734,7481,101215,1323
2021-02-18,Glenn,021,27897,2225,2195,482,2677,14
2021-02-18,Humboldt,023,135768,3084,3023,22,3045,29
2021-02-18,Imperial,025,180216,27115,26731,2405,29136,591
2021-02-18,Inyo,027,18085,1267,1213,8,1221,32
2021-02-18,Kern,029,883053,92569,90655,9471,100126,961
2021-02-18,Kings,031,150075,22105,21648,933,22581,211
2021-02-18,Lake,033,64148,3136,3066,6,3072,40
2021-02-18,Lassen,035,31185,5095,5052,92,5144,1
2021-02-18,Los Angeles,037,10098052,1166919,1141930,37993,1179923,19358
2021-02-18,Madera,039,155013,15449,15175,790,15965,188
2021-02-18,Marin,041,260295,13065,12895,149,13044,209
2021-02-18,Mariposa,043,17540,375,369,5,374,4
2021-02-18,Mendocino,045,87422,3607,3519,70,3589,39
2021-02-18,Merced,047,269075,28027,27870,868,28738,372
2021-02-18,Modoc,049,8938,333,327,111,438,3
2021-02-18,Mono,051,14174,1173,1182,15,1197,3
2021-02-18,Monterey,053,433212,41666,41091,1623,42714,307
2021-02-18,Napa,055,140530,8944,8877,31,8908,68
2021-02-18,Nevada,057,99092,3938,3836,155,3991,66
2021-02-18,Orange,059,3164182,245552,243098,9998,253096,3673
2021-02-18,Placer,061,380077,20325,19429,1071,20500,232
2021-02-18,Plumas,063,18699,638,624,10,634,4
2021-02-18,Riverside,065,2383286,283924,276595,13148,289743,3510
2021-02-18,Sacramento,067,1510023,93347,91476,1180,92656,1334
2021-02-18,San Benito,069,59416,5696,5697,83,5780,58
2021-02-18,San Bernardino,071,2135413,284787,278887,8419,287306,3066
2021-02-18,San Diego,073,3302833,261578,254987,12644,267631,3135
2021-02-18,San Francisco,075,870044,33802,33650,1019,34669,386
2021-02-18,San Joaquin,077,732212,66121,64634,2643,67277,982
2021-02-18,San Luis Obispo,079,281455,19470,18987,534,19521,230
2021-02-18,San Mateo,081,765935,39090,38185,389,38574,282
2021-02-18,Santa Barbara,083,443738,31832,31054,1008,32062,387
2021-02-18,Santa Clara,085,1922200,108948,108210,541,108751,1605
2021-02-18,Santa Cruz,087,273765,15263,14314,760,15074,176
2021-02-18,Shasta,089,179085,10844,10811,1181,11992,139
2021-02-18,Sierra,091,2930,50,47,12,59,0
2021-02-18,Siskiyou,093,43540,1462,1359,216,1575,4
2021-02-18,Solano,095,438530,29582,29349,344,29693,150
2021-02-18,Sonoma,097,501317,27656,27512,186,27698,281
2021-02-18,Stanislaus,099,539301,50062,49150,5176,54326,738
2021-02-18,Sutter,101,95872,8744,8654,77,8731,96
2021-02-18,Tehama,103,63373,4571,4528,480,5008,30
2021-02-18,Trinity,105,12862,461,282,70,352,3
2021-02-18,Tulare,107,460477,47822,46591,7637,54228,728
2021-02-18,Tuolumne,109,53932,3767,3811,35,3846,52
2021-02-18,Ventura,111,848112,77032,76442,2697,79139,659
2021-02-18,Yolo,113,214977,12740,12549,143,12692,183
2021-02-18,Yuba,115,75493,5434,5358,81,5439,38
2021-02-17,Alameda,001,1643700,79764,78895,1656,80551,1002
2021-02-17,Alpine,003,1148,78,77,0,77,0
2021-02-17,Amador,005,37829,3431,3415,28,3443,38
2021-02-17,Butte,007,227075,11212,10770,1575,12345,174
2021-02-17,Calaveras,009,45235,1884,1876,11,1887,21
2021-02-17,Colusa,011,21464,1861,1854,256,2110,10
2021-02-17,Contra Costa,013,1133247,62170,60723,1038,61761,635
2021-02-17,Del Norte,015,27424,974,920,4,924,2
2021-02-17,El Dorado,017,186661,9045,8847,598,9445,94
2021-02-17,Fresno,019,978130,95194,93555,7454,101009,1307
2021-02-17,Glenn,021,27897,2224,2189,481,2670,14
2021-02-17,Humboldt,023,135768,3069,3006,22,3028,29
2021-02-17,Imperial,025,180216,27101,26726,2401,29127,580
2021-02-17,Inyo,027,18085,1259,1197,8,1205,32
2021-02-17,Kern,029,883053,92451,90454,9427,99881,962
2021-02-17,Kings,031,150075,22067,21617,929,22546,211
2021-02-17,Lake,033,64148,3126,3057,2,3059,38
2021-02-17,Lassen,035,31185,5090,5052,91,5143,1
2021-02-17,Los Angeles,037,10098052,1165862,1139786,37931,1177717,19213
2021-02-17,Madera,039,155013,15424,15135,781,15916,177
2021-02-17,Marin,041,260295,13040,12881,149,13030,207
2021-02-17,Mariposa,043,17540,375,368,4,372,4
2021-02-17,Mendocino,045,87422,3605,3494,69,3563,39
2021-02-17,Merced,047,269075,27972,27824,859,28683,372
2021-02-17,Modoc,049,8938,333,327,111,438,3
2021-02-17,Mono,051,14174,1173,1180,15,1195,3
2021-02-17,Monterey,053,433212,41611,41014,1612,42626,304
2021-02-17,Napa,055,140530,8930,8865,31,8896,68
2021-02-17,Nevada,057,99092,3919,3822,152,3974,52
2021-02-17,Orange,059,3164182,245290,242716,9965,252681,3626
2021-02-17,Placer,061,380077,20291,19405,1067,20472,230
2021-02-17,Plumas,063,18699,637,623,10,633,4
2021-02-17,Riverside,065,2383286,283635,276289,13127,289416,3491
2021-02-17,Sacramento,067,1510023,93188,91309,1173,92482,1326
2021-02-17,San Benito,069,59416,5690,5661,83,5744,57
2021-02-17,San Bernardino,071,2135413,284584,278461,8399,286860,3020
2021-02-17,San Diego,073,3302833,261200,254177,12623,266800,3099
2021-02-17,San Francisco,075,870044,33726,33558,1014,34572,379
2021-02-17,San Joaquin,077,732212,66015,64556,2637,67193,979
2021-02-17,San Luis Obispo,079,281455,19425,18964,534,19498,230
2021-02-17,San Mateo,081,765935,39026,38124,389,38513,282
2021-02-17,Santa Barbara,083,443738,31764,30927,1007,31934,384
2021-02-17,Santa Clara,085,1922200,108716,107949,539,108488,1592
2021-02-17,Santa Cruz,087,273765,15230,14268,757,15025,174
2021-02-17,Shasta,089,179085,10824,10770,1180,11950,139
2021-02-17,Sierra,091,2930,50,47,12,59,0
2021-02-17,Siskiyou,093,43540,1456,1352,213,1565,4
2021-02-17,Solano,095,438530,29525,29288,344,29632,149
2021-02-17,Sonoma,097,501317,27584,27408,181,27589,281
2021-02-17,Stanislaus,099,539301,49949,49050,5160,54210,730
2021-02-17,Sutter,101,95872,8734,8681,77,8758,95
2021-02-17,Tehama,103,63373,4568,4511,480,4991,30
2021-02-17,Trinity,105,12862,461,277,68,345,3
2021-02-17,Tulare,107,460477,47757,46495,7612,54107,726
2021-02-17,Tuolumne,109,53932,3758,3806,35,3841,49
2021-02-17,Ventura,111,848112,76910,76234,2691,78925,646
2021-02-17,Yolo,113,214977,12721,12506,141,12647,182
2021-02-17,Yuba,115,75493,5425,5345,81,5426,38
2021-02-16,Alameda,001,1643700,79595,78756,1653,80409,997
2021-02-16,Alpine,003,1148,78,76,0,76,0
2021-02-16,Amador,005,37829,3424,3413,28,3441,39
2021-02-16,Butte,007,227075,11186,10748,1572,12320,164
2021-02-16,Calaveras,009,45235,1882,1872,11,1883,21
2021-02-16,Colusa,011,21464,1858,1852,254,2106,10
2021-02-16,Contra Costa,013,1133247,62019,60564,1033,61597,631
2021-02-16,Del Norte,015,27424,966,913,4,917,2
2021-02-16,El Dorado,017,186661,9035,8836,596,9432,94
2021-02-16,Fresno,019,978130,95029,93363,7424,100787,1293
2021-02-16,Glenn,021,27897,2220,2189,477,2666,14
2021-02-16,Humboldt,023,135768,3046,2994,21,3015,29
2021-02-16,Imperial,025,180216,27088,26711,2397,29108,580
2021-02-16,Inyo,027,18085,1251,1191,8,1199,32
2021-02-16,Kern,029,883053,92319,90267,9397,99664,959
2021-02-16,Kings,031,150075,22021,21583,925,22508,206
2021-02-16,Lake,033,64148,3119,3041,2,3043,38
2021-02-16,Lassen,035,31185,5078,5047,91,5138,1
2021-02-16,Los Angeles,037,10098052,1164609,1138262,37871,1176133,19044
2021-02-16,Madera,039,155013,15386,15120,776,15896,172
2021-02-16,Marin,041,260295,13012,12832,149,12981,205
2021-02-16,Mariposa,043,17540,375,367,4,371,4
2021-02-16,Mendocino,045,87422,3601,3489,69,3558,39
2021-02-16,Merced,047,269075,27891,27724,853,28577,368
2021-02-16,Modoc,049,8938,333,326,111,437,3
2021-02-16,Mono,051,14174,1173,1180,15,1195,3
2021-02-16,Monterey,053,433212,41535,40962,1603,42565,303
2021-02-16,Napa,055,140530,8917,8854,31,8885,66
2021-02-16,Nevada,057,99092,3906,3774,151,3925,47
2021-02-16,Orange,059,3164182,244969,242382,9949,252331,3612
2021-02-16,Placer,061,380077,20258,19367,1064,20431,230
2021-02-16,Plumas,063,18699,637,619,10,629,4
2021-02-16,Riverside,065,2383286,283328,275954,13105,289059,3471
2021-02-16,Sacramento,067,1510023,92934,91246,1167,92413,1305
2021-02-16,San Benito,069,59416,5682,5659,82,5741,56
2021-02-16,San Bernardino,071,2135413,284361,277947,8390,286337,2978
2021-02-16,San Diego,073,3302833,260735,253638,12584,266222,3042
2021-02-16,San Francisco,075,870044,33654,33491,1009,34500,373
2021-02-16,San Joaquin,077,732212,65885,64448,2634,67082,979
2021-02-16,San Luis Obispo,079,281455,19380,18925,531,19456,229
2021-02-16,San Mateo,081,765935,38967,38041,387,38428,277
2021-02-16,Santa Barbara,083,443738,31690,30865,1004,31869,378
2021-02-16,Santa Clara,085,1922200,108464,107754,536,108290,1591
2021-02-16,Santa Cruz,087,273765,15210,14256,756,15012,174
2021-02-16,Shasta,089,179085,10809,10736,1178,11914,139
2021-02-16,Sierra,091,2930,50,47,12,59,0
2021-02-16,Siskiyou,093,43540,1452,1351,213,1564,4
2021-02-16,Solano,095,438530,29487,29246,343,29589,148
2021-02-16,Sonoma,097,501317,27525,27380,175,27555,279
2021-02-16,Stanislaus,099,539301,49825,48927,5146,54073,716
2021-02-16,Sutter,101,95872,8711,8671,77,8748,95
2021-02-16,Tehama,103,63373,4559,4501,478,4979,30
2021-02-16,Trinity,105,12862,457,275,68,343,3
2021-02-16,Tulare,107,460477,47693,46444,7569,54013,716
2021-02-16,Tuolumne,109,53932,3756,3796,35,3831,49
2021-02-16,Ventura,111,848112,76768,76043,2688,78731,631
2021-02-16,Yolo,113,214977,12692,12457,141,12598,175
2021-02-16,Yuba,115,75493,5418,5332,80,5412,38
2021-02-15,Alameda,001,1643700,79398,78647,1642,80289,996
2021-02-15,Alpine,003,1148,78,76,0,76,0
2021-02-15,Amador,005,37829,3420,3409,28,3437,39
2021-02-15,Butte,007,227075,11168,10723,1568,12291,155
2021-02-15,Calaveras,009,45235,1878,1871,11,1882,21
2021-02-15,Colusa,011,21464,1858,1849,250,2099,10
2021-02-15,Contra Costa,013,1133247,61848,60444,1028,61472,631
2021-02-15,Del Norte,015,27424,962,913,4,917,2
2021-02-15,El Dorado,017,186661,9018,8816,596,9412,94
2021-02-15,Fresno,019,978130,94830,93231,7385,100616,1288
2021-02-15,Glenn,021,27897,2218,2185,476,2661,14
2021-02-15,Humboldt,023,135768,3039,2997,21,3018,29
2021-02-15,Imperial,025,180216,27068,26700,2394,29094,580
2021-02-15,Inyo,027,18085,1232,1184,8,1192,32
2021-02-15,Kern,029,883053,92175,90181,9367,99548,959
2021-02-15,Kings,031,150075,21976,21574,921,22495,205
2021-02-15,Lake,033,64148,3105,3030,1,3031,38
2021-02-15,Lassen,035,31185,5076,5047,90,5137,1
2021-02-15,Los Angeles,037,10098052,1163221,1137164,37810,1174974,18925
2021-02-15,Madera,039,155013,15355,15108,774,15882,106
2021-02-15,Marin,041,260295,12991,12810,146,12956,203
2021-02-15,Mariposa,043,17540,373,367,4,371,4
2021-02-15,Mendocino,045,87422,3589,3481,69,3550,39
2021-02-15,Merced,047,269075,27817,27656,846,28502,368
2021-02-15,Modoc,049,8938,333,326,111,437,3
2021-02-15,Mono,051,14174,1170,1178,15,1193,3
2021-02-15,Monterey,053,433212,41471,40911,1591,42502,302
2021-02-15,Napa,055,140530,8903,8837,31,8868,57
2021-02-15,Nevada,057,99092,3889,3767,150,3917,47
2021-02-15,Orange,059,3164182,244650,242176,9921,252097,3586
2021-02-15,Placer,061,380077,20232,19361,1063,20424,230
2021-02-15,Plumas,063,18699,637,620,10,630,4
2021-02-15,Riverside,065,2383286,282974,275771,13086,288857,3468
2021-02-15,Sacramento,067,1510023,92607,91091,1162,92253,1304
2021-02-15,San Benito,069,59416,5676,5649,82,5731,56
2021-02-15,San Bernardino,071,2135413,284110,277869,8382,286251,2945
2021-02-15,San Diego,073,3302833,260222,252940,12553,265493,3037
2021-02-15,San Francisco,075,870044,33581,33454,1003,34457,373
2021-02-15,San Joaquin,077,732212,65720,64382,2627,67009,979
2021-02-15,San Luis Obispo,079,281455,19327,18891,529,19420,227
2021-02-15,San Mateo,081,765935,38888,37969,384,38353,277
2021-02-15,Santa Barbara,083,443738,31587,30810,1001,31811,378
2021-02-15,Santa Clara,085,1922200,108234,107630,534,108164,1588
2021-02-15,Santa Cruz,087,273765,15178,14239,753,14992,175
2021-02-15,Shasta,089,179085,10789,10730,1173,11903,139
2021-02-15,Sierra,091,2930,50,47,12,59,0
2021-02-15,Siskiyou,093,43540,1444,1345,212,1557,4
2021-02-15,Solano,095,438530,29432,29225,343,29568,148
2021-02-15,Sonoma,097,501317,27441,27359,171,27530,276
2021-02-15,Stanislaus,099,539301,49698,48808,5133,53941,716
2021-02-15,Sutter,101,95872,8696,8652,77,8729,95
2021-02-15,Tehama,103,63373,4550,4492,477,4969,30
2021-02-15,Trinity,105,12862,456,274,68,342,3
2021-02-15,Tulare,107,460477,47622,46344,7530,53874,715
2021-02-15,Tuolumne,109,53932,3746,3794,35,3829,49
2021-02-15,Ventura,111,848112,76613,75889,2685,78574,629
2021-02-15,Yolo,113,214977,12656,12412,140,12552,175
2021-02-15,Yuba,115,75493,5401,5320,79,5399,38
2021-02-14,Alameda,001,1643700,79246,78442,1641,80083,995
2021-02-14,Alpine,003,1148,78,76,0,76,0
2021-02-14,Amador,005,37829,3415,3398,28,3426,39
2021-02-14,Butte,007,227075,11144,10717,1565,12282,155
2021-02-14,Calaveras,009,45235,1874,1866,11,1877,21
2021-02-14,Colusa,011,21464,1854,1845,247,2092,10
2021-02-14,Contra Costa,013,1133247,61698,60272,1025,61297,631
2021-02-14,Del Norte,015,27424,958,911,4,915,2
2021-02-14,El Dorado,017,186661,8986,8790,595,9385,94
2021-02-14,Fresno,019,978130,94659,93065,7362,100427,1287
2021-02-14,Glenn,021,27897,2215,2184,476,2660,14
2021-02-14,Humboldt,023,135768,3026,2992,21,3013,29
2021-02-14,Imperial,025,180216,27061,26696,2393,29089,580
2021-02-14,Inyo,027,18085,1226,1177,8,1185,32
2021-02-14,Kern,029,883053,92015,90038,9314,99352,959
2021-02-14,Kings,031,150075,21950,21538,919,22457,205
2021-02-14,Lake,033,64148,3094,3030,1,3031,38
2021-02-14,Lassen,035,31185,5072,5037,90,5127,1
2021-02-14,Los Angeles,037,10098052,1161874,1135450,37728,1173178,18898
2021-02-14,Madera,039,155013,15323,15089,770,15859,106
2021-02-14,Marin,041,260295,12967,12784,146,12930,201
2021-02-14,Mariposa,043,17540,373,365,4,369,4
2021-02-14,Mendocino,045,87422,3583,3475,69,3544,39
2021-02-14,Merced,047,269075,27735,27601,841,28442,368
2021-02-14,Modoc,049,8938,333,326,111,437,3
2021-02-14,Mono,051,14174,1169,1180,15,1195,3
2021-02-14,Monterey,053,433212,41420,40842,1586,42428,302
2021-02-14,Napa,055,140530,8883,8826,31,8857,57
2021-02-14,Nevada,057,99092,3873,3761,150,3911,47
2021-02-14,Orange,059,3164182,244339,241859,9903,251762,3564
2021-02-14,Placer,061,380077,20193,19313,1058,20371,230
2021-02-14,Plumas,063,18699,636,620,10,630,4
2021-02-14,Riverside,065,2383286,282643,275518,13067,288585,3471
2021-02-14,Sacramento,067,1510023,92400,90856,1158,92014,1304
2021-02-14,San Benito,069,59416,5667,5641,81,5722,56
2021-02-14,San Bernardino,071,2135413,283804,277664,8362,286026,2929
2021-02-14,San Diego,073,3302833,259730,252247,12506,264753,3037
2021-02-14,San Francisco,075,870044,33507,33374,995,34369,372
2021-02-14,San Joaquin,077,732212,65622,64243,2613,66856,979
2021-02-14,San Luis Obispo,079,281455,19289,18868,526,19394,225
2021-02-14,San Mateo,081,765935,38803,37859,384,38243,277
2021-02-14,Santa Barbara,083,443738,31495,30744,997,31741,377
2021-02-14,Santa Clara,085,1922200,108035,107412,530,107942,1582
2021-02-14,Santa Cruz,087,273765,15150,14225,748,14973,175
2021-02-14,Shasta,089,179085,10757,10720,1169,11889,139
2021-02-14,Sierra,091,2930,50,47,12,59,0
2021-02-14,Siskiyou,093,43540,1440,1340,212,1552,4
2021-02-14,Solano,095,438530,29390,29150,340,29490,148
2021-02-14,Sonoma,097,501317,27366,27266,169,27435,276
2021-02-14,Stanislaus,099,539301,49588,48672,5118,53790,716
2021-02-14,Sutter,101,95872,8673,8642,77,8719,95
2021-02-14,Tehama,103,63373,4544,4490,474,4964,30
2021-02-14,Trinity,105,12862,456,272,68,340,3
2021-02-14,Tulare,107,460477,47537,46263,7481,53744,715
2021-02-14,Tuolumne,109,53932,3745,3764,35,3799,49
2021-02-14,Ventura,111,848112,76444,75742,2674,78416,629
2021-02-14,Yolo,113,214977,12627,12399,139,12538,175
2021-02-14,Yuba,115,75493,5391,5314,79,5393,38
2021-02-13,Alameda,001,1643700,79124,78246,1638,79884,995
2021-02-13,Alpine,003,1148,78,76,0,76,0
2021-02-13,Amador,005,37829,3412,3387,28,3415,38
2021-02-13,Butte,007,227075,11128,10699,1563,12262,155
2021-02-13,Calaveras,009,45235,1871,1863,11,1874,21
2021-02-13,Colusa,011,21464,1854,1837,247,2084,10
2021-02-13,Contra Costa,013,1133247,61577,60100,1025,61125,629
2021-02-13,Del Norte,015,27424,956,908,4,912,2
2021-02-13,El Dorado,017,186661,8974,8758,594,9352,93
2021-02-13,Fresno,019,978130,94545,92807,7340,100147,1287
2021-02-13,Glenn,021,27897,2214,2182,474,2656,14
2021-02-13,Humboldt,023,135768,3013,2974,20,2994,29
2021-02-13,Imperial,025,180216,27054,26680,2391,29071,580
2021-02-13,Inyo,027,18085,1222,1168,8,1176,32
2021-02-13,Kern,029,883053,91926,89915,9288,99203,957
2021-02-13,Kings,031,150075,21935,21513,917,22430,205
2021-02-13,Lake,033,64148,3085,3025,1,3026,37
2021-02-13,Lassen,035,31185,5069,5028,90,5118,1
2021-02-13,Los Angeles,037,10098052,1161016,1133752,37681,1171433,18822
2021-02-13,Madera,039,155013,15314,15053,766,15819,106
2021-02-13,Marin,041,260295,12943,12757,146,12903,201
2021-02-13,Mariposa,043,17540,373,365,4,369,4
2021-02-13,Mendocino,045,87422,3573,3466,69,3535,38
2021-02-13,Merced,047,269075,27691,27541,838,28379,368
2021-02-13,Modoc,049,8938,333,325,111,436,3
2021-02-13,Mono,051,14174,1169,1176,15,1191,3
2021-02-13,Monterey,053,433212,41388,40731,1585,42316,301
2021-02-13,Napa,055,140530,8874,8809,31,8840,57
2021-02-13,Nevada,057,99092,3864,3742,149,3891,47
2021-02-13,Orange,059,3164182,244133,241545,9884,251429,3520
2021-02-13,Placer,061,380077,20173,19214,1058,20272,230
2021-02-13,Plumas,063,18699,636,616,10,626,4
2021-02-13,Riverside,065,2383286,282414,275276,13058,288334,3462
2021-02-13,Sacramento,067,1510023,92233,90401,1155,91556,1302
2021-02-13,San Benito,069,59416,5650,5633,81,5714,56
2021-02-13,San Bernardino,071,2135413,283652,277405,8349,285754,2899
2021-02-13,San Diego,073,3302833,259398,251679,12494,264173,3009
2021-02-13,San Francisco,075,870044,33457,33291,985,34276,364
2021-02-13,San Joaquin,077,732212,65553,64105,2603,66708,977
2021-02-13,San Luis Obispo,079,281455,19261,18803,520,19323,225
2021-02-13,San Mateo,081,765935,38750,37745,384,38129,277
2021-02-13,Santa Barbara,083,443738,31443,30594,996,31590,374
2021-02-13,Santa Clara,085,1922200,107846,107125,526,107651,1570
2021-02-13,Santa Cruz,087,273765,15123,14198,747,14945,173
2021-02-13,Shasta,089,179085,10744,10713,1164,11877,139
2021-02-13,Sierra,091,2930,50,47,12,59,0
2021-02-13,Siskiyou,093,43540,1437,1336,212,1548,4
2021-02-13,Solano,095,438530,29354,29084,340,29424,148
2021-02-13,Sonoma,097,501317,27318,27157,167,27324,276
2021-02-13,Stanislaus,099,539301,49517,48568,5112,53680,697
2021-02-13,Sutter,101,95872,8661,8626,77,8703,94
2021-02-13,Tehama,103,63373,4534,4484,473,4957,30
2021-02-13,Trinity,105,12862,455,272,67,339,3
2021-02-13,Tulare,107,460477,47486,46162,7450,53612,709
2021-02-13,Tuolumne,109,53932,3744,3752,35,3787,49
2021-02-13,Ventura,111,848112,76304,75481,2668,78149,618
2021-02-13,Yolo,113,214977,12614,12374,138,12512,175
2021-02-13,Yuba,115,75493,5383,5289,79,5368,38
2021-02-12,Alameda,001,1643700,78975,77958,1632,79590,974
2021-02-12,Alpine,003,1148,78,76,0,76,0
2021-02-12,Amador,005,37829,3408,3381,28,3409,38
2021-02-12,Butte,007,227075,11115,10655,1556,12211,155
2021-02-12,Calaveras,009,45235,1868,1860,11,1871,21
2021-02-12,Colusa,011,21464,1854,1836,247,2083,10
2021-02-12,Contra Costa,013,1133247,61427,59878,1021,60899,620
2021-02-12,Del Norte,015,27424,946,901,4,905,2
2021-02-12,El Dorado,017,186661,8959,8725,591,9316,92
2021-02-12,Fresno,019,978130,94391,92520,7320,99840,1273
2021-02-12,Glenn,021,27897,2211,2175,474,2649,14
2021-02-12,Humboldt,023,135768,3005,2961,20,2981,29
2021-02-12,Imperial,025,180216,27046,26646,2388,29034,585
2021-02-12,Inyo,027,18085,1216,1156,8,1164,32
2021-02-12,Kern,029,883053,91812,89532,9256,98788,949
2021-02-12,Kings,031,150075,21903,21462,912,22374,202
2021-02-12,Lake,033,64148,3080,3012,1,3013,36
2021-02-12,Lassen,035,31185,5067,5015,90,5105,1
2021-02-12,Los Angeles,037,10098052,1159805,1131185,37614,1168799,18637
2021-02-12,Madera,039,155013,15287,15022,763,15785,106
2021-02-12,Marin,041,260295,12917,12720,146,12866,200
2021-02-12,Mariposa,043,17540,372,365,4,369,4
2021-02-12,Mendocino,045,87422,3571,3447,69,3516,38
2021-02-12,Merced,047,269075,27640,27453,835,28288,367
2021-02-12,Modoc,049,8938,333,324,111,435,3
2021-02-12,Mono,051,14174,1168,1172,15,1187,3
2021-02-12,Monterey,053,433212,41340,40633,1576,42209,297
2021-02-12,Napa,055,140530,8862,8785,31,8816,55
2021-02-12,Nevada,057,99092,3859,3728,149,3877,47
2021-02-12,Orange,059,3164182,243894,241075,9869,250944,3505
2021-02-12,Placer,061,380077,20131,19174,1053,20227,230
2021-02-12,Plumas,063,18699,635,614,10,624,4
2021-02-12,Riverside,065,2383286,282136,274792,13043,287835,3438
2021-02-12,Sacramento,067,1510023,92031,90252,1154,91406,1295
2021-02-12,San Benito,069,59416,5634,5622,80,5702,56
2021-02-12,San Bernardino,071,2135413,283462,276890,8338,285228,2827
2021-02-12,San Diego,073,3302833,259010,250788,12468,263256,2979
2021-02-12,San Francisco,075,870044,33397,33179,981,34160,359
2021-02-12,San Joaquin,077,732212,65457,63966,2595,66561,975
2021-02-12,San Luis Obispo,079,281455,19220,18687,519,19206,224
2021-02-12,San Mateo,081,765935,38678,37560,384,37944,254
2021-02-12,Santa Barbara,083,443738,31372,30454,991,31445,372
2021-02-12,Santa Clara,085,1922200,107674,106759,523,107282,1543
2021-02-12,Santa Cruz,087,273765,15103,14147,747,14894,170
2021-02-12,Shasta,089,179085,10726,10693,1154,11847,142
2021-02-12,Sierra,091,2930,49,45,12,57,0
2021-02-12,Siskiyou,093,43540,1433,1324,209,1533,4
2021-02-12,Solano,095,438530,29322,28996,337,29333,147
2021-02-12,Sonoma,097,501317,27263,27064,163,27227,275
2021-02-12,Stanislaus,099,539301,49429,48418,5090,53508,697
2021-02-12,Sutter,101,95872,8648,8609,77,8686,93
2021-02-12,Tehama,103,63373,4527,4470,472,4942,27
2021-02-12,Trinity,105,12862,455,269,67,336,3
2021-02-12,Tulare,107,460477,47408,46016,7424,53440,710
2021-02-12,Tuolumne,109,53932,3741,3736,34,3770,49
2021-02-12,Ventura,111,848112,76134,75210,2662,77872,605
2021-02-12,Yolo,113,214977,12593,12340,138,12478,175
2021-02-12,Yuba,115,75493,5375,5274,79,5353,38
2021-02-11,Alameda,001,1643700,78749,77564,1627,79191,960
2021-02-11,Alpine,003,1148,77,76,0,76,0
2021-02-11,Amador,005,37829,3404,3368,28,3396,35
2021-02-11,Butte,007,227075,11092,10624,1555,12179,155
2021-02-11,Calaveras,009,45235,1865,1856,11,1867,21
2021-02-11,Colusa,011,21464,1849,1823,245,2068,10
2021-02-11,Contra Costa,013,1133247,61260,59633,1017,60650,605
2021-02-11,Del Norte,015,27424,941,894,4,898,2
2021-02-11,El Dorado,017,186661,8938,8698,591,9289,92
2021-02-11,Fresno,019,978130,94237,92168,7297,99465,1255
2021-02-11,Glenn,021,27897,2206,2166,473,2639,14
2021-02-11,Humboldt,023,135768,2992,2954,19,2973,29
2021-02-11,Imperial,025,180216,27022,26545,2386,28931,578
2021-02-11,Inyo,027,18085,1207,1144,8,1152,32
2021-02-11,Kern,029,883053,91621,89224,9213,98437,941
2021-02-11,Kings,031,150075,21873,21373,909,22282,202
2021-02-11,Lake,033,64148,3070,3002,1,3003,36
2021-02-11,Lassen,035,31185,5056,5004,87,5091,1
2021-02-11,Los Angeles,037,10098052,1158176,1128437,37545,1165982,18500
2021-02-11,Madera,039,155013,15266,14984,761,15745,106
2021-02-11,Marin,041,260295,12880,12682,146,12828,200
2021-02-11,Mariposa,043,17540,372,361,4,365,4
2021-02-11,Mendocino,045,87422,3564,3420,69,3489,38
2021-02-11,Merced,047,269075,27574,27325,831,28156,363
2021-02-11,Modoc,049,8938,332,317,111,428,3
2021-02-11,Mono,051,14174,1164,1173,15,1188,3
2021-02-11,Monterey,053,433212,41234,40469,1570,42039,295
2021-02-11,Napa,055,140530,8841,8777,31,8808,55
2021-02-11,Nevada,057,99092,3843,3720,149,3869,47
2021-02-11,Orange,059,3164182,243527,240590,9845,250435,3476
2021-02-11,Placer,061,380077,20091,19118,1052,20170,224
2021-02-11,Plumas,063,18699,634,592,10,602,4
2021-02-11,Riverside,065,2383286,281769,274313,13028,287341,3394
2021-02-11,Sacramento,067,1510023,91788,89988,1148,91136,1286
2021-02-11,San Benito,069,59416,5625,5609,80,5689,56
2021-02-11,San Bernardino,071,2135413,283164,276349,8324,284673,2774
2021-02-11,San Diego,073,3302833,258457,249971,12434,262405,2955
2021-02-11,San Francisco,075,870044,33313,33076,972,34048,356
2021-02-11,San Joaquin,077,732212,65289,63719,2585,66304,971
2021-02-11,San Luis Obispo,079,281455,19155,18615,515,19130,219
2021-02-11,San Mateo,081,765935,38587,37439,382,37821,253
2021-02-11,Santa Barbara,083,443738,31274,30375,986,31361,370
2021-02-11,Santa Clara,085,1922200,107414,106392,518,106910,1507
2021-02-11,Santa Cruz,087,273765,15080,14088,742,14830,165
2021-02-11,Shasta,089,179085,10702,10672,1150,11822,140
2021-02-11,Sierra,091,2930,49,45,12,57,0
2021-02-11,Siskiyou,093,43540,1418,1320,209,1529,4
2021-02-11,Solano,095,438530,29269,28885,337,29222,138
2021-02-11,Sonoma,097,501317,27178,26971,160,27131,272
2021-02-11,Stanislaus,099,539301,49284,48205,5078,53283,697
2021-02-11,Sutter,101,95872,8634,8590,76,8666,93
2021-02-11,Tehama,103,63373,4521,4463,472,4935,26
2021-02-11,Trinity,105,12862,455,269,67,336,3
2021-02-11,Tulare,107,460477,47313,45897,7384,53281,706
2021-02-11,Tuolumne,109,53932,3704,3716,34,3750,48
2021-02-11,Ventura,111,848112,75932,74959,2653,77612,590
2021-02-11,Yolo,113,214977,12569,12303,138,12441,173
2021-02-11,Yuba,115,75493,5361,5261,78,5339,38
2021-02-10,Alameda,001,1643700,78548,77344,1626,78970,944
2021-02-10,Alpine,003,1148,77,76,0,76,0
2021-02-10,Amador,005,37829,3392,3348,28,3376,35
2021-02-10,Butte,007,227075,11064,10594,1554,12148,155
2021-02-10,Calaveras,009,45235,1863,1850,11,1861,21
2021-02-10,Colusa,011,21464,1842,1815,243,2058,10
2021-02-10,Contra Costa,013,1133247,61085,59488,1015,60503,590
2021-02-10,Del Norte,015,27424,935,888,4,892,2
2021-02-10,El Dorado,017,186661,8907,8682,587,9269,87
2021-02-10,Fresno,019,978130,94062,91876,7272,99148,1247
2021-02-10,Glenn,021,27897,2202,2160,471,2631,14
2021-02-10,Humboldt,023,135768,2984,2924,19,2943,29
2021-02-10,Imperial,025,180216,26984,26522,2383,28905,578
2021-02-10,Inyo,027,18085,1195,1138,8,1146,30
2021-02-10,Kern,029,883053,91414,88933,9159,98092,926
2021-02-10,Kings,031,150075,21830,21294,907,22201,197
2021-02-10,Lake,033,64148,3057,2975,1,2976,36
2021-02-10,Lassen,035,31185,5052,4993,87,5080,1
2021-02-10,Los Angeles,037,10098052,1156429,1125437,37417,1162854,18338
2021-02-10,Madera,039,155013,15227,14925,759,15684,105
2021-02-10,Marin,041,260295,12843,12651,146,12797,199
2021-02-10,Mariposa,043,17540,370,360,4,364,4
2021-02-10,Mendocino,045,87422,3549,3395,69,3464,38
2021-02-10,Merced,047,269075,27491,27246,820,28066,359
2021-02-10,Modoc,049,8938,331,315,109,424,3
2021-02-10,Mono,051,14174,1159,1170,15,1185,3
2021-02-10,Monterey,053,433212,41157,40366,1556,41922,288
2021-02-10,Napa,055,140530,8822,8769,31,8800,55
2021-02-10,Nevada,057,99092,3828,3693,147,3840,47
2021-02-10,Orange,059,3164182,243110,239974,9814,249788,3439
2021-02-10,Placer,061,380077,20052,19062,1047,20109,220
2021-02-10,Plumas,063,18699,631,589,10,599,2
2021-02-10,Riverside,065,2383286,281340,273721,13018,286739,3374
2021-02-10,Sacramento,067,1510023,91537,89653,1144,90797,1275
2021-02-10,San Benito,069,59416,5611,5591,80,5671,55
2021-02-10,San Bernardino,071,2135413,282810,275616,8308,283924,2696
2021-02-10,San Diego,073,3302833,257875,248858,12396,261254,2904
2021-02-10,San Francisco,075,870044,33230,32955,969,33924,351
2021-02-10,San Joaquin,077,732212,65147,63484,2571,66055,954
2021-02-10,San Luis Obispo,079,281455,19076,18549,513,19062,216
2021-02-10,San Mateo,081,765935,38496,37323,382,37705,245
2021-02-10,Santa Barbara,083,443738,31183,30216,981,31197,359
2021-02-10,Santa Clara,085,1922200,107174,106048,515,106563,1489
2021-02-10,Santa Cruz,087,273765,15044,14007,740,14747,165
2021-02-10,Shasta,089,179085,10679,10645,1147,11792,142
2021-02-10,Sierra,091,2930,49,45,12,57,0
2021-02-10,Siskiyou,093,43540,1413,1314,208,1522,4
2021-02-10,Solano,095,438530,29194,28835,335,29170,137
2021-02-10,Sonoma,097,501317,27082,26881,158,27039,271
2021-02-10,Stanislaus,099,539301,49167,48016,5062,53078,696
2021-02-10,Sutter,101,95872,8617,8571,76,8647,93
2021-02-10,Tehama,103,63373,4513,4445,472,4917,23
2021-02-10,Trinity,105,12862,452,268,67,335,3
2021-02-10,Tulare,107,460477,47196,45782,7346,53128,696
2021-02-10,Tuolumne,109,53932,3696,3691,34,3725,48
2021-02-10,Ventura,111,848112,75704,74651,2636,77287,580
2021-02-10,Yolo,113,214977,12545,12276,138,12414,174
2021-02-10,Yuba,115,75493,5343,5241,78,5319,38
2021-02-09,Alameda,001,1643700,78286,77018,1622,78640,936
2021-02-09,Alpine,003,1148,77,76,0,76,0
2021-02-09,Amador,005,37829,3384,3347,28,3375,35
2021-02-09,Butte,007,227075,11038,10563,1551,12114,153
2021-02-09,Calaveras,009,45235,1859,1847,11,1858,21
2021-02-09,Colusa,011,21464,1833,1812,238,2050,10
2021-02-09,Contra Costa,013,1133247,60895,59307,1009,60316,583
2021-02-09,Del Norte,015,27424,929,886,4,890,2
2021-02-09,El Dorado,017,186661,8879,8663,585,9248,87
2021-02-09,Fresno,019,978130,93820,91730,7244,98974,1211
2021-02-09,Glenn,021,27897,2198,2156,471,2627,14
2021-02-09,Humboldt,023,135768,2976,2904,19,2923,29
2021-02-09,Imperial,025,180216,26953,26509,2380,28889,568
2021-02-09,Inyo,027,18085,1187,1137,8,1145,30
2021-02-09,Kern,029,883053,91162,88684,9113,97797,920
2021-02-09,Kings,031,150075,21788,21275,905,22180,196
2021-02-09,Lake,033,64148,3046,2955,1,2956,36
2021-02-09,Lassen,035,31185,5045,4983,87,5070,1
2021-02-09,Los Angeles,037,10098052,1154451,1122745,37335,1160080,18198
2021-02-09,Madera,039,155013,15207,14912,756,15668,105
2021-02-09,Marin,041,260295,12811,12623,145,12768,197
2021-02-09,Mariposa,043,17540,368,355,4,359,4
2021-02-09,Mendocino,045,87422,3531,3369,69,3438,38
2021-02-09,Merced,047,269075,27393,27166,815,27981,354
2021-02-09,Modoc,049,8938,330,316,109,425,3
2021-02-09,Mono,051,14174,1158,1167,15,1182,3
2021-02-09,Monterey,053,433212,41049,40279,1543,41822,285
2021-02-09,Napa,055,140530,8809,8749,31,8780,55
2021-02-09,Nevada,057,99092,3811,3687,147,3834,44
2021-02-09,Orange,059,3164182,242699,239169,9783,248952,3406
2021-02-09,Placer,061,380077,19987,19008,1040,20048,220
2021-02-09,Plumas,063,18699,631,584,10,594,2
2021-02-09,Riverside,065,2383286,280846,273465,13001,286466,3334
2021-02-09,Sacramento,067,1510023,91227,89378,1143,90521,1265
2021-02-09,San Benito,069,59416,5599,5566,79,5645,54
2021-02-09,San Bernardino,071,2135413,282439,274998,8295,283293,2613
2021-02-09,San Diego,073,3302833,257217,248048,12353,260401,2853
2021-02-09,San Francisco,075,870044,33151,32782,959,33741,349
2021-02-09,San Joaquin,077,732212,64972,63341,2566,65907,937
2021-02-09,San Luis Obispo,079,281455,19017,18489,512,19001,216
2021-02-09,San Mateo,081,765935,38365,37227,381,37608,235
2021-02-09,Santa Barbara,083,443738,31071,30118,975,31093,351
2021-02-09,Santa Clara,085,1922200,106868,105762,512,106274,1463
2021-02-09,Santa Cruz,087,273765,14993,13958,735,14693,162
2021-02-09,Shasta,089,179085,10651,10595,1145,11740,139
2021-02-09,Sierra,091,2930,49,44,12,56,0
2021-02-09,Siskiyou,093,43540,1405,1306,206,1512,4
2021-02-09,Solano,095,438530,29115,28769,332,29101,131
2021-02-09,Sonoma,097,501317,26992,26826,156,26982,267
2021-02-09,Stanislaus,099,539301,49007,47906,5047,52953,679
2021-02-09,Sutter,101,95872,8601,8541,76,8617,92
2021-02-09,Tehama,103,63373,4506,4416,471,4887,22
2021-02-09,Trinity,105,12862,452,266,67,333,3
2021-02-09,Tulare,107,460477,47062,45704,7294,52998,686
2021-02-09,Tuolumne,109,53932,3677,3673,34,3707,48
2021-02-09,Ventura,111,848112,75452,74333,2628,76961,567
2021-02-09,Yolo,113,214977,12503,12220,138,12358,174
2021-02-09,Yuba,115,75493,5334,5235,78,5313,35
2021-02-08,Alameda,001,1643700,78025,76735,1617,78352,924
2021-02-08,Alpine,003,1148,77,73,0,73,0
2021-02-08,Amador,005,37829,3377,3344,27,3371,33
2021-02-08,Butte,007,227075,11016,10524,1547,12071,152
2021-02-08,Calaveras,009,45235,1858,1840,11,1851,21
2021-02-08,Colusa,011,21464,1825,1802,234,2036,10
2021-02-08,Contra Costa,013,1133247,60684,59039,1007,60046,567
2021-02-08,Del Norte,015,27424,926,885,4,889,2
2021-02-08,El Dorado,017,186661,8847,8627,582,9209,86
2021-02-08,Fresno,019,978130,93607,91430,7218,98648,1207
2021-02-08,Glenn,021,27897,2194,2148,469,2617,14
2021-02-08,Humboldt,023,135768,2968,2902,19,2921,29
2021-02-08,Imperial,025,180216,26931,26526,2378,28904,567
2021-02-08,Inyo,027,18085,1174,1126,8,1134,30
2021-02-08,Kern,029,883053,90945,88380,9053,97433,920
2021-02-08,Kings,031,150075,21726,21232,902,22134,195
2021-02-08,Lake,033,64148,3027,2949,1,2950,36
2021-02-08,Lassen,035,31185,5032,4976,87,5063,1
2021-02-08,Los Angeles,037,10098052,1152354,1120179,37214,1157393,17977
2021-02-08,Madera,039,155013,15171,14887,749,15636,93
2021-02-08,Marin,041,260295,12781,12591,145,12736,194
2021-02-08,Mariposa,043,17540,368,355,4,359,4
2021-02-08,Mendocino,045,87422,3517,3355,69,3424,38
2021-02-08,Merced,047,269075,27310,27082,810,27892,346
2021-02-08,Modoc,049,8938,328,318,109,427,3
2021-02-08,Mono,051,14174,1158,1165,15,1180,3
2021-02-08,Monterey,053,433212,40929,40186,1524,41710,283
2021-02-08,Napa,055,140530,8794,8719,31,8750,55
2021-02-08,Nevada,057,99092,3799,3671,147,3818,44
2021-02-08,Orange,059,3164182,242232,238715,9760,248475,3361
2021-02-08,Placer,061,380077,19945,18944,1034,19978,211
2021-02-08,Plumas,063,18699,630,584,10,594,2
2021-02-08,Riverside,065,2383286,280278,272904,12975,285879,3301
2021-02-08,Sacramento,067,1510023,90941,89267,1140,90407,1247
2021-02-08,San Benito,069,59416,5594,5553,78,5631,52
2021-02-08,San Bernardino,071,2135413,282036,274661,8289,282950,2587
2021-02-08,San Diego,073,3302833,256474,247259,12312,259571,2821
2021-02-08,San Francisco,075,870044,33057,32679,951,33630,348
2021-02-08,San Joaquin,077,732212,64811,63148,2556,65704,929
2021-02-08,San Luis Obispo,079,281455,18960,18421,507,18928,214
2021-02-08,San Mateo,081,765935,38256,37084,381,37465,232
2021-02-08,Santa Barbara,083,443738,30956,29978,968,30946,340
2021-02-08,Santa Clara,085,1922200,106545,105413,504,105917,1456
2021-02-08,Santa Cruz,087,273765,14954,13921,729,14650,161
2021-02-08,Shasta,089,179085,10624,10574,1139,11713,137
2021-02-08,Sierra,091,2930,49,44,12,56,0
2021-02-08,Siskiyou,093,43540,1402,1303,206,1509,4
2021-02-08,Solano,095,438530,29049,28644,330,28974,130
2021-02-08,Sonoma,097,501317,26901,26760,155,26915,259
2021-02-08,Stanislaus,099,539301,48852,47704,5019,52723,679
2021-02-08,Sutter,101,95872,8582,8526,76,8602,92
2021-02-08,Tehama,103,63373,4496,4403,468,4871,22
2021-02-08,Trinity,105,12862,450,266,67,333,3
2021-02-08,Tulare,107,460477,46954,45617,7254,52871,673
2021-02-08,Tuolumne,109,53932,3669,3647,34,3681,48
2021-02-08,Ventura,111,848112,75195,74068,2623,76691,565
2021-02-08,Yolo,113,214977,12471,12169,137,12306,162
2021-02-08,Yuba,115,75493,5318,5215,78,5293,35
2021-02-07,Alameda,001,1643700,77724,76500,1609,78109,924
2021-02-07,Alpine,003,1148,74,72,0,72,0
2021-02-07,Amador,005,37829,3356,3343,27,3370,33
2021-02-07,Butte,007,227075,10984,10513,1539,12052,152
2021-02-07,Calaveras,009,45235,1854,1837,11,1848,21
2021-02-07,Colusa,011,21464,1814,1795,232,2027,10
2021-02-07,Contra Costa,013,1133247,60440,58836,1002,59838,566
2021-02-07,Del Norte,015,27424,922,881,4,885,2
2021-02-07,El Dorado,017,186661,8818,8596,580,9176,86
2021-02-07,Fresno,019,978130,93377,91184,7180,98364,1207
2021-02-07,Glenn,021,27897,2190,2141,464,2605,14
2021-02-07,Humboldt,023,135768,2947,2895,19,2914,28
2021-02-07,Imperial,025,180216,26904,26518,2373,28891,567
2021-02-07,Inyo,027,18085,1163,1124,8,1132,27
2021-02-07,Kern,029,883053,90698,88146,8995,97141,920
2021-02-07,Kings,031,150075,21665,21180,899,22079,192
2021-02-07,Lake,033,64148,3012,2940,1,2941,36
2021-02-07,Lassen,035,31185,5021,4973,87,5060,1
2021-02-07,Los Angeles,037,10098052,1149597,1117551,37088,1154639,17889
2021-02-07,Madera,039,155013,15137,14850,745,15595,93
2021-02-07,Marin,041,260295,12748,12571,143,12714,194
2021-02-07,Mariposa,043,17540,367,355,4,359,4
2021-02-07,Mendocino,045,87422,3500,3348,69,3417,38
2021-02-07,Merced,047,269075,27198,26977,798,27775,346
2021-02-07,Modoc,049,8938,328,317,105,422,3
2021-02-07,Mono,051,14174,1155,1165,15,1180,3
2021-02-07,Monterey,053,433212,40793,40113,1505,41618,283
2021-02-07,Napa,055,140530,8771,8701,31,8732,55
2021-02-07,Nevada,057,99092,3788,3643,147,3790,44
2021-02-07,Orange,059,3164182,241634,238155,9727,247882,3336
2021-02-07,Placer,061,380077,19897,18903,1021,19924,211
2021-02-07,Plumas,063,18699,630,584,10,594,2
2021-02-07,Riverside,065,2383286,279749,272301,12954,285255,3267
2021-02-07,Sacramento,067,1510023,90608,88919,1133,90052,1246
2021-02-07,San Benito,069,59416,5575,5548,77,5625,52
2021-02-07,San Bernardino,071,2135413,281443,274316,8264,282580,2587
2021-02-07,San Diego,073,3302833,255688,246561,12248,258809,2821
2021-02-07,San Francisco,075,870044,32937,32609,939,33548,348
2021-02-07,San Joaquin,077,732212,64537,63051,2542,65593,929
2021-02-07,San Luis Obispo,079,281455,18888,18349,500,18849,214
2021-02-07,San Mateo,081,765935,38122,36984,379,37363,232
2021-02-07,Santa Barbara,083,443738,30816,29815,956,30771,340
2021-02-07,Santa Clara,085,1922200,106206,105118,494,105612,1450
2021-02-07,Santa Cruz,087,273765,14900,13887,724,14611,161
2021-02-07,Shasta,089,179085,10604,10570,1131,11701,137
2021-02-07,Sierra,091,2930,49,43,12,55,0
2021-02-07,Siskiyou,093,43540,1395,1295,204,1499,4
2021-02-07,Solano,095,438530,28938,28567,329,28896,130
2021-02-07,Sonoma,097,501317,26794,26684,151,26835,257
2021-02-07,Stanislaus,099,539301,48662,47551,4987,52538,679
2021-02-07,Sutter,101,95872,8554,8515,76,8591,92
2021-02-07,Tehama,103,63373,4480,4396,467,4863,22
2021-02-07,Trinity,105,12862,447,264,65,329,3
2021-02-07,Tulare,107,460477,46832,45520,7176,52696,671
2021-02-07,Tuolumne,109,53932,3645,3619,33,3652,48
2021-02-07,Ventura,111,848112,74884,73759,2611,76370,561
2021-02-07,Yolo,113,214977,12426,12135,137,12272,162
2021-02-07,Yuba,115,75493,5303,5198,76,5274,35
2021-02-06,Alameda,001,1643700,77571,76170,1598,77768,922
2021-02-06,Alpine,003,1148,74,72,0,72,0
2021-02-06,Amador,005,37829,3350,3306,27,3333,33
2021-02-06,Butte,007,227075,10967,10480,1535,12015,150
2021-02-06,Calaveras,009,45235,1852,1832,11,1843,21
2021-02-06,Colusa,011,21464,1812,1791,231,2022,10
2021-02-06,Contra Costa,013,1133247,60293,58567,996,59563,566
2021-02-06,Del Norte,015,27424,918,879,4,883,2
2021-02-06,El Dorado,017,186661,8811,8575,576,9151,86
2021-02-06,Fresno,019,978130,93264,90944,7159,98103,1207
2021-02-06,Glenn,021,27897,2188,2136,463,2599,14
2021-02-06,Humboldt,023,135768,2936,2880,19,2899,28
2021-02-06,Imperial,025,180216,26892,26514,2372,28886,567
2021-02-06,Inyo,027,18085,1160,1113,8,1121,27
2021-02-06,Kern,029,883053,90544,87919,8949,96868,912
2021-02-06,Kings,031,150075,21635,21156,899,22055,190
2021-02-06,Lake,033,64148,3007,2920,1,2921,34
2021-02-06,Lassen,035,31185,5017,4964,86,5050,1
2021-02-06,Los Angeles,037,10098052,1148240,1114718,36991,1151709,17793
2021-02-06,Madera,039,155013,15116,14807,743,15550,93
2021-02-06,Marin,041,260295,12728,12531,143,12674,194
2021-02-06,Mariposa,043,17540,366,355,3,358,4
2021-02-06,Mendocino,045,87422,3482,3316,68,3384,38
2021-02-06,Merced,047,269075,27112,26881,790,27671,346
2021-02-06,Modoc,049,8938,328,313,105,418,3
2021-02-06,Mono,051,14174,1154,1159,15,1174,3
2021-02-06,Monterey,053,433212,40735,39995,1497,41492,282
2021-02-06,Napa,055,140530,8758,8639,31,8670,55
2021-02-06,Nevada,057,99092,3776,3624,147,3771,43
2021-02-06,Orange,059,3164182,241271,237391,9693,247084,3293
2021-02-06,Placer,061,380077,19860,18836,1018,19854,211
2021-02-06,Plumas,063,18699,630,584,10,594,2
2021-02-06,Riverside,065,2383286,279381,271741,12935,284676,3243
2021-02-06,Sacramento,067,1510023,90391,88532,1123,89655,1237
2021-02-06,San Benito,069,59416,5557,5516,77,5593,52
2021-02-06,San Bernardino,071,2135413,281134,273718,8242,281960,2564
2021-02-06,San Diego,073,3302833,255192,245331,12213,257544,2812
2021-02-06,San Francisco,075,870044,32863,32437,929,33366,346
2021-02-06,San Joaquin,077,732212,64458,62840,2531,65371,906
2021-02-06,San Luis Obispo,079,281455,18846,18284,496,18780,214
2021-02-06,San Mateo,081,765935,38054,36824,376,37200,232
2021-02-06,Santa Barbara,083,443738,30740,29645,954,30599,337
2021-02-06,Santa Clara,085,1922200,105984,104639,489,105128,1439
2021-02-06,Santa Cruz,087,273765,14869,13845,720,14565,161
2021-02-06,Shasta,089,179085,10593,10561,1129,11690,137
2021-02-06,Sierra,091,2930,49,43,12,55,0
2021-02-06,Siskiyou,093,43540,1392,1289,203,1492,4
2021-02-06,Solano,095,438530,28902,28446,328,28774,129
2021-02-06,Sonoma,097,501317,26757,26564,149,26713,257
2021-02-06,Stanislaus,099,539301,48566,47325,4972,52297,679
2021-02-06,Sutter,101,95872,8546,8485,76,8561,92
2021-02-06,Tehama,103,63373,4470,4380,466,4846,22
2021-02-06,Trinity,105,12862,447,263,65,328,3
2021-02-06,Tulare,107,460477,46764,45349,7131,52480,664
2021-02-06,Tuolumne,109,53932,3638,3612,33,3645,48
2021-02-06,Ventura,111,848112,74704,73431,2605,76036,552
2021-02-06,Yolo,113,214977,12403,12061,137,12198,161
2021-02-06,Yuba,115,75493,5293,5177,75,5252,35
2021-02-05,Alameda,001,1643700,77342,75716,1596,77312,916
2021-02-05,Alpine,003,1148,74,72,0,72,0
2021-02-05,Amador,005,37829,3345,3299,26,3325,33
2021-02-05,Butte,007,227075,10948,10421,1528,11949,150
2021-02-05,Calaveras,009,45235,1848,1818,11,1829,21
2021-02-05,Colusa,011,21464,1808,1785,231,2016,10
2021-02-05,Contra Costa,013,1133247,60132,58195,994,59189,560
2021-02-05,Del Norte,015,27424,917,874,4,878,2
2021-02-05,El Dorado,017,186661,8791,8527,574,9101,86
2021-02-05,Fresno,019,978130,93062,90513,7138,97651,1194
2021-02-05,Glenn,021,27897,2185,2122,458,2580,14
2021-02-05,Humboldt,023,135768,2926,2857,19,2876,28
2021-02-05,Imperial,025,180216,26873,26474,2371,28845,557
2021-02-05,Inyo,027,18085,1156,1104,8,1112,27
2021-02-05,Kern,029,883053,90375,87470,8883,96353,906
2021-02-05,Kings,031,150075,21597,21021,896,21917,190
2021-02-05,Lake,033,64148,2995,2906,1,2907,33
2021-02-05,Lassen,035,31185,5013,4936,86,5022,1
2021-02-05,Los Angeles,037,10098052,1146141,1110384,36859,1147243,17608
2021-02-05,Madera,039,155013,15082,14752,738,15490,95
2021-02-05,Marin,041,260295,12693,12479,143,12622,193
2021-02-05,Mariposa,043,17540,366,352,3,355,4
2021-02-05,Mendocino,045,87422,3468,3272,68,3340,38
2021-02-05,Merced,047,269075,27052,26760,789,27549,345
2021-02-05,Modoc,049,8938,328,312,105,417,3
2021-02-05,Mono,051,14174,1153,1157,15,1172,3
2021-02-05,Monterey,053,433212,40668,39840,1486,41326,281
2021-02-05,Napa,055,140530,8744,8598,31,8629,55
2021-02-05,Nevada,057,99092,3773,3607,147,3754,43
2021-02-05,Orange,059,3164182,240844,236335,9666,246001,3260
2021-02-05,Placer,061,380077,19824,18756,1016,19772,211
2021-02-05,Plumas,063,18699,628,578,10,588,2
2021-02-05,Riverside,065,2383286,278965,270666,12916,283582,3235
2021-02-05,Sacramento,067,1510023,90211,87992,1116,89108,1231
2021-02-05,San Benito,069,59416,5546,5502,77,5579,51
2021-02-05,San Bernardino,071,2135413,280788,272938,8226,281164,2495
2021-02-05,San Diego,073,3302833,254616,244066,12178,256244,2777
2021-02-05,San Francisco,075,870044,32773,32229,918,33147,337
2021-02-05,San Joaquin,077,732212,64309,62565,2523,65088,902
2021-02-05,San Luis Obispo,079,281455,18785,18152,492,18644,213
2021-02-05,San Mateo,081,765935,37971,36582,375,36957,227
2021-02-05,Santa Barbara,083,443738,30643,29455,941,30396,334
2021-02-05,Santa Clara,085,1922200,105736,104112,487,104599,1421
2021-02-05,Santa Cruz,087,273765,14848,13776,718,14494,161
2021-02-05,Shasta,089,179085,10577,10507,1122,11629,136
2021-02-05,Sierra,091,2930,49,42,12,54,0
2021-02-05,Siskiyou,093,43540,1385,1276,201,1477,4
2021-02-05,Solano,095,438530,28852,28283,328,28611,127
2021-02-05,Sonoma,097,501317,26688,26423,146,26569,252
2021-02-05,Stanislaus,099,539301,48421,47024,4954,51978,678
2021-02-05,Sutter,101,95872,8526,8443,76,8519,92
2021-02-05,Tehama,103,63373,4461,4355,465,4820,22
2021-02-05,Trinity,105,12862,446,260,65,325,3
2021-02-05,Tulare,107,460477,46688,45138,7083,52221,663
2021-02-05,Tuolumne,109,53932,3612,3595,33,3628,45
2021-02-05,Ventura,111,848112,74459,72953,2593,75546,546
2021-02-05,Yolo,113,214977,12384,12025,134,12159,162
2021-02-05,Yuba,115,75493,5276,5145,75,5220,35
2021-02-04,Alameda,001,1643700,77057,75422,1590,77012,899
2021-02-04,Alpine,003,1148,73,72,0,72,0
2021-02-04,Amador,005,37829,3342,3288,26,3314,33
2021-02-04,Butte,007,227075,10915,10386,1520,11906,147
2021-02-04,Calaveras,009,45235,1846,1808,11,1819,21
2021-02-04,Colusa,011,21464,1804,1777,229,2006,10
2021-02-04,Contra Costa,013,1133247,59945,57991,990,58981,550
2021-02-04,Del Norte,015,27424,911,870,4,874,2
2021-02-04,El Dorado,017,186661,8765,8490,571,9061,86
2021-02-04,Fresno,019,978130,92847,90126,7111,97237,1114
2021-02-04,Glenn,021,27897,2180,2102,457,2559,14
2021-02-04,Humboldt,023,135768,2916,2827,19,2846,28
2021-02-04,Imperial,025,180216,26828,26411,2369,28780,556
2021-02-04,Inyo,027,18085,1144,1084,8,1092,27
2021-02-04,Kern,029,883053,90101,87156,8807,95963,898
2021-02-04,Kings,031,150075,21547,20918,890,21808,187
2021-02-04,Lake,033,64148,2983,2882,1,2883,34
2021-02-04,Lassen,035,31185,5010,4927,86,5013,1
2021-02-04,Los Angeles,037,10098052,1143343,1106323,36735,1143058,17396
2021-02-04,Madera,039,155013,15052,14706,735,15441,95
2021-02-04,Marin,041,260295,12657,12431,143,12574,192
2021-02-04,Mariposa,043,17540,366,348,3,351,4
2021-02-04,Mendocino,045,87422,3450,3240,66,3306,38
2021-02-04,Merced,047,269075,26958,26629,786,27415,345
2021-02-04,Modoc,049,8938,328,309,105,414,3
2021-02-04,Mono,051,14174,1151,1153,15,1168,3
2021-02-04,Monterey,053,433212,40557,39619,1469,41088,279
2021-02-04,Napa,055,140530,8715,8573,31,8604,55
2021-02-04,Nevada,057,99092,3753,3590,146,3736,37
2021-02-04,Orange,059,3164182,240202,235677,9624,245301,3238
2021-02-04,Placer,061,380077,19764,18711,1007,19718,210
2021-02-04,Plumas,063,18699,625,562,10,572,2
2021-02-04,Riverside,065,2383286,278201,269851,12877,282728,3230
2021-02-04,Sacramento,067,1510023,89910,87658,1106,88764,1222
2021-02-04,San Benito,069,59416,5532,5488,76,5564,51
2021-02-04,San Bernardino,071,2135413,280239,272223,8206,280429,2409
2021-02-04,San Diego,073,3302833,253828,242613,12112,254725,2738
2021-02-04,San Francisco,075,870044,32659,32116,909,33025,326
2021-02-04,San Joaquin,077,732212,64084,62374,2515,64889,883
2021-02-04,San Luis Obispo,079,281455,18718,18058,490,18548,211
2021-02-04,San Mateo,081,765935,37850,36437,372,36809,226
2021-02-04,Santa Barbara,083,443738,30508,29344,924,30268,322
2021-02-04,Santa Clara,085,1922200,105393,103781,484,104265,1404
2021-02-04,Santa Cruz,087,273765,14815,13713,710,14423,156
2021-02-04,Shasta,089,179085,10551,10466,1117,11583,131
2021-02-04,Sierra,091,2930,49,42,12,54,0
2021-02-04,Siskiyou,093,43540,1376,1273,201,1474,4
2021-02-04,Solano,095,438530,28749,28192,327,28519,120
2021-02-04,Sonoma,097,501317,26606,26276,143,26419,249
2021-02-04,Stanislaus,099,539301,48260,46822,4935,51757,678
2021-02-04,Sutter,101,95872,8506,8401,76,8477,92
2021-02-04,Tehama,103,63373,4444,4327,464,4791,21
2021-02-04,Trinity,105,12862,445,260,64,324,3
2021-02-04,Tulare,107,460477,46561,44983,7025,52008,656
2021-02-04,Tuolumne,109,53932,3572,3585,33,3618,45
2021-02-04,Ventura,111,848112,74127,72595,2580,75175,537
2021-02-04,Yolo,113,214977,12350,11982,133,12115,161
2021-02-04,Yuba,115,75493,5250,5135,75,5210,34
2021-02-03,Alameda,001,1643700,76733,74968,1587,76555,880
2021-02-03,Alpine,003,1148,73,72,0,72,0
2021-02-03,Amador,005,37829,3338,3281,26,3307,33
2021-02-03,Butte,007,227075,10883,10355,1513,11868,144
2021-02-03,Calaveras,009,45235,1831,1799,11,1810,21
2021-02-03,Colusa,011,21464,1799,1773,228,2001,10
2021-02-03,Contra Costa,013,1133247,59704,57762,978,58740,537
2021-02-03,Del Norte,015,27424,906,869,4,873,2
2021-02-03,El Dorado,017,186661,8744,8428,570,8998,86
2021-02-03,Fresno,019,978130,92626,89748,7072,96820,1015
2021-02-03,Glenn,021,27897,2170,2098,456,2554,14
2021-02-03,Humboldt,023,135768,2906,2800,19,2819,27
2021-02-03,Imperial,025,180216,26792,26363,2363,28726,547
2021-02-03,Inyo,027,18085,1134,1071,8,1079,27
2021-02-03,Kern,029,883053,89858,86771,8766,95537,877
2021-02-03,Kings,031,150075,21486,20831,888,21719,172
2021-02-03,Lake,033,64148,2965,2869,1,2870,33
2021-02-03,Lassen,035,31185,4998,4910,86,4996,1
2021-02-03,Los Angeles,037,10098052,1140259,1101890,36615,1138505,17163
2021-02-03,Madera,039,155013,15012,14605,733,15338,94
2021-02-03,Marin,041,260295,12622,12406,143,12549,190
2021-02-03,Mariposa,043,17540,365,347,3,350,4
2021-02-03,Mendocino,045,87422,3424,3236,65,3301,38
2021-02-03,Merced,047,269075,26843,26520,782,27302,343
2021-02-03,Modoc,049,8938,327,308,105,413,3
2021-02-03,Mono,051,14174,1144,1146,15,1161,3
2021-02-03,Monterey,053,433212,40430,39500,1452,40952,279
2021-02-03,Napa,055,140530,8680,8534,31,8565,54
2021-02-03,Nevada,057,99092,3739,3572,146,3718,35
2021-02-03,Orange,059,3164182,239458,234738,9592,244330,3189
2021-02-03,Placer,061,380077,19709,18646,1005,19651,210
2021-02-03,Plumas,063,18699,625,559,10,569,2
2021-02-03,Riverside,065,2383286,277457,269019,12847,281866,3195
2021-02-03,Sacramento,067,1510023,89587,87415,1102,88517,1212
2021-02-03,San Benito,069,59416,5514,5463,73,5536,51
2021-02-03,San Bernardino,071,2135413,279753,271477,8183,279660,2308
2021-02-03,San Diego,073,3302833,252926,241015,12066,253081,2683
2021-02-03,San Francisco,075,870044,32529,31983,904,32887,325
2021-02-03,San Joaquin,077,732212,63856,61976,2505,64481,880
2021-02-03,San Luis Obispo,079,281455,18640,17922,487,18409,206
2021-02-03,San Mateo,081,765935,37712,36227,368,36595,225
2021-02-03,Santa Barbara,083,443738,30359,29121,915,30036,315
2021-02-03,Santa Clara,085,1922200,105077,103278,482,103760,1364
2021-02-03,Santa Cruz,087,273765,14760,13611,704,14315,154
2021-02-03,Shasta,089,179085,10508,10422,1112,11534,130
2021-02-03,Sierra,091,2930,49,42,12,54,0
2021-02-03,Siskiyou,093,43540,1365,1268,200,1468,4
2021-02-03,Solano,095,438530,28627,28057,327,28384,119
2021-02-03,Sonoma,097,501317,26522,26155,142,26297,248
2021-02-03,Stanislaus,099,539301,48084,46598,4916,51514,662
2021-02-03,Sutter,101,95872,8481,8379,76,8455,90
2021-02-03,Tehama,103,63373,4426,4309,461,4770,21
2021-02-03,Trinity,105,12862,445,260,63,323,3
2021-02-03,Tulare,107,460477,46390,44838,6969,51807,640
2021-02-03,Tuolumne,109,53932,3561,3568,33,3601,45
2021-02-03,Ventura,111,848112,73790,72124,2570,74694,526
2021-02-03,Yolo,113,214977,12325,11933,133,12066,161
2021-02-03,Yuba,115,75493,5232,5124,75,5199,34
2021-02-02,Alameda,001,1643700,76389,74642,1575,76217,869
2021-02-02,Alpine,003,1148,73,72,0,72,0
2021-02-02,Amador,005,37829,3307,3275,26,3301,33
2021-02-02,Butte,007,227075,10857,10307,1504,11811,141
2021-02-02,Calaveras,009,45235,1822,1786,11,1797,21
2021-02-02,Colusa,011,21464,1791,1769,223,1992,9
2021-02-02,Contra Costa,013,1133247,59424,57551,975,58526,536
2021-02-02,Del Norte,015,27424,900,868,4,872,2
2021-02-02,El Dorado,017,186661,8704,8405,570,8975,84
2021-02-02,Fresno,019,978130,92325,89542,7037,96579,1009
2021-02-02,Glenn,021,27897,2158,2090,453,2543,14
2021-02-02,Humboldt,023,135768,2894,2784,19,2803,25
2021-02-02,Imperial,025,180216,26739,26317,2357,28674,535
2021-02-02,Inyo,027,18085,1131,1074,8,1082,27
2021-02-02,Kern,029,883053,89555,86485,8690,95175,867
2021-02-02,Kings,031,150075,21408,20785,880,21665,172
2021-02-02,Lake,033,64148,2945,2857,1,2858,33
2021-02-02,Lassen,035,31185,4991,4908,86,4994,1
2021-02-02,Los Angeles,037,10098052,1136874,1097573,36453,1134026,16913
2021-02-02,Madera,039,155013,14961,14595,728,15323,94
2021-02-02,Marin,041,260295,12593,12367,143,12510,189
2021-02-02,Mariposa,043,17540,362,345,3,348,4
2021-02-02,Mendocino,045,87422,3391,3210,65,3275,38
2021-02-02,Merced,047,269075,26746,26427,776,27203,340
2021-02-02,Modoc,049,8938,322,306,105,411,3
2021-02-02,Mono,051,14174,1142,1147,15,1162,3
2021-02-02,Monterey,053,433212,40295,39371,1438,40809,278
2021-02-02,Napa,055,140530,8651,8505,31,8536,53
2021-02-02,Nevada,057,99092,3724,3548,146,3694,20
2021-02-02,Orange,059,3164182,238655,233783,9557,243340,3152
2021-02-02,Placer,061,380077,19651,18615,1001,19616,205
2021-02-02,Plumas,063,18699,625,560,10,570,2
2021-02-02,Riverside,065,2383286,276599,267901,12813,280714,3169
2021-02-02,Sacramento,067,1510023,89297,87107,1091,88198,1202
2021-02-02,San Benito,069,59416,5500,5444,72,5516,50
2021-02-02,San Bernardino,071,2135413,279076,270486,8154,278640,2244
2021-02-02,San Diego,073,3302833,251887,240047,11979,252026,2629
2021-02-02,San Francisco,075,870044,32375,31788,894,32682,324
2021-02-02,San Joaquin,077,732212,63635,61708,2492,64200,878
2021-02-02,San Luis Obispo,079,281455,18546,17811,485,18296,201
2021-02-02,San Mateo,081,765935,37548,36004,362,36366,225
2021-02-02,Santa Barbara,083,443738,30188,28951,908,29859,304
2021-02-02,Santa Clara,085,1922200,104612,102872,477,103349,1349
2021-02-02,Santa Cruz,087,273765,14701,13572,700,14272,150
2021-02-02,Shasta,089,179085,10482,10371,1102,11473,128
2021-02-02,Sierra,091,2930,49,42,12,54,0
2021-02-02,Siskiyou,093,43540,1358,1252,197,1449,4
2021-02-02,Solano,095,438530,28531,27963,323,28286,118
2021-02-02,Sonoma,097,501317,26406,26054,142,26196,247
2021-02-02,Stanislaus,099,539301,47865,46306,4884,51190,641
2021-02-02,Sutter,101,95872,8458,8340,76,8416,89
2021-02-02,Tehama,103,63373,4412,4289,460,4749,21
2021-02-02,Trinity,105,12862,445,260,63,323,3
2021-02-02,Tulare,107,460477,46234,44720,6904,51624,625
2021-02-02,Tuolumne,109,53932,3549,3548,33,3581,39
2021-02-02,Ventura,111,848112,73374,71557,2560,74117,514
2021-02-02,Yolo,113,214977,12280,11886,131,12017,158
2021-02-02,Yuba,115,75493,5214,5111,74,5185,34
2021-02-01,Alameda,001,1643700,76033,74374,1570,75944,858
2021-02-01,Alpine,003,1148,73,72,0,72,0
2021-02-01,Amador,005,37829,3296,3234,26,3260,32
2021-02-01,Butte,007,227075,10813,10263,1500,11763,141
2021-02-01,Calaveras,009,45235,1815,1785,11,1796,21
2021-02-01,Colusa,011,21464,1786,1763,214,1977,9
2021-02-01,Contra Costa,013,1133247,59182,57324,974,58298,531
2021-02-01,Del Norte,015,27424,896,865,4,869,2
2021-02-01,El Dorado,017,186661,8665,8337,570,8907,83
2021-02-01,Fresno,019,978130,91993,89272,7002,96274,994
2021-02-01,Glenn,021,27897,2142,2086,445,2531,14
2021-02-01,Humboldt,023,135768,2873,2773,18,2791,25
2021-02-01,Imperial,025,180216,26696,26224,2355,28579,530
2021-02-01,Inyo,027,18085,1121,1072,8,1080,27
2021-02-01,Kern,029,883053,89158,86170,8622,94792,862
2021-02-01,Kings,031,150075,21317,20746,872,21618,172
2021-02-01,Lake,033,64148,2929,2843,1,2844,33
2021-02-01,Lassen,035,31185,4971,4907,86,4993,1
2021-02-01,Los Angeles,037,10098052,1133047,1094341,36288,1130629,16695
2021-02-01,Madera,039,155013,14926,14572,725,15297,94
2021-02-01,Marin,041,260295,12554,12341,142,12483,188
2021-02-01,Mariposa,043,17540,360,344,3,347,4
2021-02-01,Mendocino,045,87422,3358,3192,65,3257,37
2021-02-01,Merced,047,269075,26622,26282,767,27049,337
2021-02-01,Modoc,049,8938,316,303,101,404,1
2021-02-01,Mono,051,14174,1139,1145,15,1160,3
2021-02-01,Monterey,053,433212,40111,39196,1417,40613,278
2021-02-01,Napa,055,140530,8619,8449,31,8480,52
2021-02-01,Nevada,057,99092,3707,3535,145,3680,20
2021-02-01,Orange,059,3164182,237743,233155,9512,242667,3100
2021-02-01,Placer,061,380077,19584,18574,994,19568,204
2021-02-01,Plumas,063,18699,623,554,10,564,2
2021-02-01,Riverside,065,2383286,275658,267025,12778,279803,3092
2021-02-01,Sacramento,067,1510023,88895,86856,1080,87936,1193
2021-02-01,San Benito,069,59416,5482,5432,72,5504,48
2021-02-01,San Bernardino,071,2135413,278381,270012,8115,278127,2172
2021-02-01,San Diego,073,3302833,250662,239121,11903,251024,2619
2021-02-01,San Francisco,075,870044,32240,31703,882,32585,324
2021-02-01,San Joaquin,077,732212,63429,61542,2481,64023,877
2021-02-01,San Luis Obispo,079,281455,18426,17690,478,18168,199
2021-02-01,San Mateo,081,765935,37399,35843,362,36205,220
2021-02-01,Santa Barbara,083,443738,30019,28837,900,29737,297
2021-02-01,Santa Clara,085,1922200,104195,102462,476,102938,1343
2021-02-01,Santa Cruz,087,273765,14648,13524,698,14222,149
2021-02-01,Shasta,089,179085,10457,10329,1096,11425,112
2021-02-01,Sierra,091,2930,49,42,12,54,0
2021-02-01,Siskiyou,093,43540,1351,1238,194,1432,4
2021-02-01,Solano,095,438530,28426,27844,322,28166,117
2021-02-01,Sonoma,097,501317,26318,26011,141,26152,243
2021-02-01,Stanislaus,099,539301,47608,46112,4856,50968,642
2021-02-01,Sutter,101,95872,8419,8313,76,8389,89
2021-02-01,Tehama,103,63373,4386,4263,460,4723,21
2021-02-01,Trinity,105,12862,443,260,63,323,3
2021-02-01,Tulare,107,460477,46089,44569,6824,51393,618
2021-02-01,Tuolumne,109,53932,3541,3534,33,3567,39
2021-02-01,Ventura,111,848112,72969,71104,2543,73647,502
2021-02-01,Yolo,113,214977,12232,11824,131,11955,151
2021-02-01,Yuba,115,75493,5200,5084,73,5157,33
2021-01-31,Alameda,001,1643700,75607,73979,1562,75541,857
2021-01-31,Alpine,003,1148,73,72,0,72,0
2021-01-31,Amador,005,37829,3286,3212,25,3237,32
2021-01-31,Butte,007,227075,10768,10215,1490,11705,140
2021-01-31,Calaveras,009,45235,1795,1778,11,1789,21
2021-01-31,Colusa,011,21464,1780,1754,209,1963,9
2021-01-31,Contra Costa,013,1133247,58850,57079,974,58053,531
2021-01-31,Del Norte,015,27424,894,865,4,869,2
2021-01-31,El Dorado,017,186661,8628,8317,568,8885,83
2021-01-31,Fresno,019,978130,91681,88852,6948,95800,994
2021-01-31,Glenn,021,27897,2132,2083,444,2527,14
2021-01-31,Humboldt,023,135768,2857,2767,18,2785,25
2021-01-31,Imperial,025,180216,26623,26206,2346,28552,530
2021-01-31,Inyo,027,18085,1108,1072,8,1080,27
2021-01-31,Kern,029,883053,88661,85872,8538,94410,861
2021-01-31,Kings,031,150075,21233,20709,860,21569,172
2021-01-31,Lake,033,64148,2908,2826,1,2827,33
2021-01-31,Lassen,035,31185,4955,4900,86,4986,1
2021-01-31,Los Angeles,037,10098052,1128417,1090304,36087,1126391,16609
2021-01-31,Madera,039,155013,14872,14496,717,15213,94
2021-01-31,Marin,041,260295,12507,12297,138,12435,185
2021-01-31,Mariposa,043,17540,358,344,3,347,4
2021-01-31,Mendocino,045,87422,3335,3181,64,3245,37
2021-01-31,Merced,047,269075,26478,26222,762,26984,337
2021-01-31,Modoc,049,8938,313,304,99,403,1
2021-01-31,Mono,051,14174,1136,1146,15,1161,3
2021-01-31,Monterey,053,433212,39932,39035,1390,40425,278
2021-01-31,Napa,055,140530,8577,8404,31,8435,52
2021-01-31,Nevada,057,99092,3685,3518,143,3661,20
2021-01-31,Orange,059,3164182,236725,232347,9472,241819,3053
2021-01-31,Placer,061,380077,19506,18506,983,19489,204
2021-01-31,Plumas,063,18699,622,554,10,564,2
2021-01-31,Riverside,065,2383286,274641,266145,12731,278876,3074
2021-01-31,Sacramento,067,1510023,88453,86560,1066,87626,1186
2021-01-31,San Benito,069,59416,5460,5425,70,5495,48
2021-01-31,San Bernardino,071,2135413,277379,269533,8086,277619,2156
2021-01-31,San Diego,073,3302833,249349,238039,11789,249828,2619
2021-01-31,San Francisco,075,870044,32051,31563,871,32434,323
2021-01-31,San Joaquin,077,732212,63028,61379,2472,63851,877
2021-01-31,San Luis Obispo,079,281455,18293,17615,473,18088,199
2021-01-31,San Mateo,081,765935,37209,35659,359,36018,219
2021-01-31,Santa Barbara,083,443738,29775,28570,891,29461,297
2021-01-31,Santa Clara,085,1922200,103660,101986,467,102453,1330
2021-01-31,Santa Cruz,087,273765,14553,13469,684,14153,149
2021-01-31,Shasta,089,179085,10412,10313,1088,11401,112
2021-01-31,Sierra,091,2930,48,43,12,55,0
2021-01-31,Siskiyou,093,43540,1341,1238,194,1432,4
2021-01-31,Solano,095,438530,28296,27678,322,28000,118
2021-01-31,Sonoma,097,501317,26215,25925,140,26065,243
2021-01-31,Stanislaus,099,539301,47324,45971,4826,50797,642
2021-01-31,Sutter,101,95872,8374,8289,76,8365,89
2021-01-31,Tehama,103,63373,4364,4256,459,4715,21
2021-01-31,Trinity,105,12862,441,260,63,323,3
2021-01-31,Tulare,107,460477,45921,44440,6745,51185,618
2021-01-31,Tuolumne,109,53932,3503,3519,33,3552,39
2021-01-31,Ventura,111,848112,72374,70635,2530,73165,502
2021-01-31,Yolo,113,214977,12171,11771,131,11902,151
2021-01-31,Yuba,115,75493,5180,5071,73,5144,33
2021-01-30,Alameda,001,1643700,75403,73622,1557,75179,850
2021-01-30,Alpine,003,1148,73,72,0,72,0
2021-01-30,Amador,005,37829,3282,3181,25,3206,32
2021-01-30,Butte,007,227075,10734,10177,1481,11658,139
2021-01-30,Calaveras,009,45235,1782,1763,11,1774,21
2021-01-30,Colusa,011,21464,1778,1748,209,1957,9
2021-01-30,Contra Costa,013,1133247,58671,56763,970,57733,531
2021-01-30,Del Norte,015,27424,893,865,4,869,2
2021-01-30,El Dorado,017,186661,8608,8299,567,8866,83
2021-01-30,Fresno,019,978130,91501,88476,6928,95404,964
2021-01-30,Glenn,021,27897,2129,2074,442,2516,14
2021-01-30,Humboldt,023,135768,2846,2742,18,2760,24
2021-01-30,Imperial,025,180216,26599,26160,2344,28504,530
2021-01-30,Inyo,027,18085,1104,1068,8,1076,27
2021-01-30,Kern,029,883053,88460,85572,8473,94045,848
2021-01-30,Kings,031,150075,21162,20605,855,21460,169
2021-01-30,Lake,033,64148,2902,2809,1,2810,33
2021-01-30,Lassen,035,31185,4951,4890,86,4976,1
2021-01-30,Los Angeles,037,10098052,1126019,1084763,35945,1120708,16484
2021-01-30,Madera,039,155013,14830,14443,712,15155,94
2021-01-30,Marin,041,260295,12480,12225,137,12362,185
2021-01-30,Mariposa,043,17540,356,344,3,347,4
2021-01-30,Mendocino,045,87422,3321,3153,63,3216,36
2021-01-30,Merced,047,269075,26404,26078,760,26838,335
2021-01-30,Modoc,049,8938,313,303,99,402,1
2021-01-30,Mono,051,14174,1136,1143,15,1158,3
2021-01-30,Monterey,053,433212,39872,38847,1388,40235,277
2021-01-30,Napa,055,140530,8561,8342,31,8373,52
2021-01-30,Nevada,057,99092,3666,3499,143,3642,20
2021-01-30,Orange,059,3164182,236180,231358,9435,240793,3013
2021-01-30,Placer,061,380077,19453,18430,977,19407,205
2021-01-30,Plumas,063,18699,620,554,10,564,2
2021-01-30,Riverside,065,2383286,274045,265137,12700,277837,3061
2021-01-30,Sacramento,067,1510023,88262,86388,1061,87449,1184
2021-01-30,San Benito,069,59416,5442,5401,69,5470,48
2021-01-30,San Bernardino,071,2135413,276951,268660,8066,276726,2122
2021-01-30,San Diego,073,3302833,248584,236765,11744,248509,2603
2021-01-30,San Francisco,075,870044,31950,31427,868,32295,316
2021-01-30,San Joaquin,077,732212,62896,61120,2463,63583,864
2021-01-30,San Luis Obispo,079,281455,18213,17522,472,17994,198
2021-01-30,San Mateo,081,765935,37070,35451,358,35809,219
2021-01-30,Santa Barbara,083,443738,29633,28342,889,29231,296
2021-01-30,Santa Clara,085,1922200,103331,101471,465,101936,1307
2021-01-30,Santa Cruz,087,273765,14513,13383,683,14066,149
2021-01-30,Shasta,089,179085,10393,10283,1085,11368,112
2021-01-30,Sierra,091,2930,48,43,12,55,0
2021-01-30,Siskiyou,093,43540,1338,1236,193,1429,4
2021-01-30,Solano,095,438530,28213,27511,321,27832,118
2021-01-30,Sonoma,097,501317,26167,25810,137,25947,243
2021-01-30,Stanislaus,099,539301,47194,45697,4799,50496,642
2021-01-30,Sutter,101,95872,8358,8226,76,8302,87
2021-01-30,Tehama,103,63373,4351,4229,458,4687,21
2021-01-30,Trinity,105,12862,441,259,63,322,3
2021-01-30,Tulare,107,460477,45785,44203,6709,50912,615
2021-01-30,Tuolumne,109,53932,3499,3508,33,3541,36
2021-01-30,Ventura,111,848112,72062,69931,2516,72447,493
2021-01-30,Yolo,113,214977,12157,11698,130,11828,151
2021-01-30,Yuba,115,75493,5170,5042,72,5114,33
2021-01-29,Alameda,001,1643700,75136,73210,1550,74760,841
2021-01-29,Alpine,003,1148,73,72,0,72,0
2021-01-29,Amador,005,37829,3270,3134,24,3158,32
2021-01-29,Butte,007,227075,10702,10122,1472,11594,138
2021-01-29,Calaveras,009,45235,1771,1757,11,1768,21
2021-01-29,Colusa,011,21464,1774,1734,208,1942,8
2021-01-29,Contra Costa,013,1133247,58504,56318,968,57286,529
2021-01-29,Del Norte,015,27424,892,865,4,869,2
2021-01-29,El Dorado,017,186661,8591,8231,566,8797,83
2021-01-29,Fresno,019,978130,91287,87936,6892,94828,962
2021-01-29,Glenn,021,27897,2124,2061,441,2502,14
2021-01-29,Humboldt,023,135768,2833,2707,18,2725,24
2021-01-29,Imperial,025,180216,26584,26045,2341,28386,521
2021-01-29,Inyo,027,18085,1092,1048,8,1056,27
2021-01-29,Kern,029,883053,88233,85044,8422,93466,836
2021-01-29,Kings,031,150075,21123,20466,850,21316,169
2021-01-29,Lake,033,64148,2892,2792,1,2793,32
2021-01-29,Lassen,035,31185,4948,4874,86,4960,1
2021-01-29,Los Angeles,037,10098052,1122523,1078329,35795,1114124,16190
2021-01-29,Madera,039,155013,14783,14377,712,15089,94
2021-01-29,Marin,041,260295,12435,12145,136,12281,185
2021-01-29,Mariposa,043,17540,355,342,3,345,4
2021-01-29,Mendocino,045,87422,3312,3131,62,3193,36
2021-01-29,Merced,047,269075,26330,25865,755,26620,334
2021-01-29,Modoc,049,8938,312,297,99,396,1
2021-01-29,Mono,051,14174,1134,1139,15,1154,3
2021-01-29,Monterey,053,433212,39759,38539,1380,39919,277
2021-01-29,Napa,055,140530,8530,8276,31,8307,52
2021-01-29,Nevada,057,99092,3657,3487,142,3629,20
2021-01-29,Orange,059,3164182,235504,229917,9398,239315,2967
2021-01-29,Placer,061,380077,19400,18367,973,19340,203
2021-01-29,Plumas,063,18699,619,548,10,558,2
2021-01-29,Riverside,065,2383286,273243,263504,12668,276172,3008
2021-01-29,Sacramento,067,1510023,88008,86320,1056,87376,1169
2021-01-29,San Benito,069,59416,5434,5386,69,5455,48
2021-01-29,San Bernardino,071,2135413,276432,267490,8028,275518,2095
2021-01-29,San Diego,073,3302833,247642,234637,11666,246303,2571
2021-01-29,San Francisco,075,870044,31811,31294,860,32154,307
2021-01-29,San Joaquin,077,732212,62752,60899,2449,63348,858
2021-01-29,San Luis Obispo,079,281455,18153,17440,467,17907,193
2021-01-29,San Mateo,081,765935,36937,35223,355,35578,218
2021-01-29,Santa Barbara,083,443738,29500,28105,883,28988,291
2021-01-29,Santa Clara,085,1922200,102977,101010,463,101473,1273
2021-01-29,Santa Cruz,087,273765,14460,13311,680,13991,148
2021-01-29,Shasta,089,179085,10377,10220,1081,11301,112
2021-01-29,Sierra,091,2930,48,43,12,55,0
2021-01-29,Siskiyou,093,43540,1337,1227,193,1420,4
2021-01-29,Solano,095,438530,28130,27352,319,27671,116
2021-01-29,Sonoma,097,501317,26111,25710,136,25846,243
2021-01-29,Stanislaus,099,539301,47051,45466,4777,50243,642
2021-01-29,Sutter,101,95872,8339,8181,76,8257,87
2021-01-29,Tehama,103,63373,4339,4191,456,4647,20
2021-01-29,Trinity,105,12862,441,260,63,323,3
2021-01-29,Tulare,107,460477,45678,43925,6670,50595,606
2021-01-29,Tuolumne,109,53932,3489,3483,33,3516,36
2021-01-29,Ventura,111,848112,71640,69511,2503,72014,484
2021-01-29,Yolo,113,214977,12119,11612,130,11742,151
2021-01-29,Yuba,115,75493,5154,5018,72,5090,32
2021-01-28,Alameda,001,1643700,74713,72758,1542,74300,833
2021-01-28,Alpine,003,1148,73,72,0,72,0
2021-01-28,Amador,005,37829,3233,3124,24,3148,31
2021-01-28,Butte,007,227075,10661,10037,1462,11499,138
2021-01-28,Calaveras,009,45235,1758,1747,10,1757,21
2021-01-28,Colusa,011,21464,1767,1731,204,1935,8
2021-01-28,Contra Costa,013,1133247,58261,55999,958,56957,525
2021-01-28,Del Norte,015,27424,891,862,4,866,2
2021-01-28,El Dorado,017,186661,8576,8198,561,8759,79
2021-01-28,Fresno,019,978130,91001,87401,6845,94246,949
2021-01-28,Glenn,021,27897,2119,2043,434,2477,14
2021-01-28,Humboldt,023,135768,2816,2686,18,2704,24
2021-01-28,Imperial,025,180216,26540,25984,2334,28318,517
2021-01-28,Inyo,027,18085,1087,1039,8,1047,27
2021-01-28,Kern,029,883053,87904,84708,8339,93047,817
2021-01-28,Kings,031,150075,21063,20328,847,21175,167
2021-01-28,Lake,033,64148,2877,2772,1,2773,32
2021-01-28,Lassen,035,31185,4942,4865,86,4951,1
2021-01-28,Los Angeles,037,10098052,1118608,1072412,35609,1108021,15967
2021-01-28,Madera,039,155013,14728,14301,708,15009,94
2021-01-28,Marin,041,260295,12386,12079,135,12214,183
2021-01-28,Mariposa,043,17540,355,334,3,337,4
2021-01-28,Mendocino,045,87422,3295,3110,62,3172,36
2021-01-28,Merced,047,269075,26208,25620,743,26363,328
2021-01-28,Modoc,049,8938,311,297,99,396,0
2021-01-28,Mono,051,14174,1132,1131,15,1146,3
2021-01-28,Monterey,053,433212,39565,38312,1361,39673,274
2021-01-28,Napa,055,140530,8482,8233,31,8264,50
2021-01-28,Nevada,057,99092,3642,3452,141,3593,19
2021-01-28,Orange,059,3164182,234528,228636,9368,238004,2860
2021-01-28,Placer,061,380077,19340,18246,970,19216,198
2021-01-28,Plumas,063,18699,618,547,10,557,2
2021-01-28,Riverside,065,2383286,272462,262342,12620,274962,2981
2021-01-28,Sacramento,067,1510023,87645,85698,1045,86743,1149
2021-01-28,San Benito,069,59416,5416,5344,68,5412,47
2021-01-28,San Bernardino,071,2135413,275730,266456,8007,274463,2057
2021-01-28,San Diego,073,3302833,246489,232967,11577,244544,2534
2021-01-28,San Francisco,075,870044,31674,31193,844,32037,290
2021-01-28,San Joaquin,077,732212,62489,60627,2435,63062,854
2021-01-28,San Luis Obispo,079,281455,18053,17279,465,17744,189
2021-01-28,San Mateo,081,765935,36768,34931,339,35270,218
2021-01-28,Santa Barbara,083,443738,29277,27674,870,28544,284
2021-01-28,Santa Clara,085,1922200,102521,100470,461,100931,1219
2021-01-28,Santa Cruz,087,273765,14371,13188,674,13862,145
2021-01-28,Shasta,089,179085,10343,10176,1073,11249,110
2021-01-28,Sierra,091,2930,48,43,12,55,0
2021-01-28,Siskiyou,093,43540,1330,1218,191,1409,4
2021-01-28,Solano,095,438530,27970,27163,318,27481,114
2021-01-28,Sonoma,097,501317,26020,25564,136,25700,236
2021-01-28,Stanislaus,099,539301,46843,45162,4758,49920,640
2021-01-28,Sutter,101,95872,8292,8136,76,8212,85
2021-01-28,Tehama,103,63373,4316,4163,453,4616,20
2021-01-28,Trinity,105,12862,439,260,63,323,3
2021-01-28,Tulare,107,460477,45522,43742,6595,50337,595
2021-01-28,Tuolumne,109,53932,3475,3472,33,3505,32
2021-01-28,Ventura,111,848112,71128,68896,2487,71383,475
2021-01-28,Yolo,113,214977,12076,11500,126,11626,151
2021-01-28,Yuba,115,75493,5138,4994,71,5065,32
2021-01-27,Alameda,001,1643700,74295,72188,1535,73723,815
2021-01-27,Alpine,003,1148,73,72,0,72,0
2021-01-27,Amador,005,37829,3217,3116,24,3140,31
2021-01-27,Butte,007,227075,10622,9988,1450,11438,138
2021-01-27,Calaveras,009,45235,1749,1737,10,1747,21
2021-01-27,Colusa,011,21464,1761,1724,202,1926,8
2021-01-27,Contra Costa,013,1133247,57966,55578,955,56533,507
2021-01-27,Del Norte,015,27424,890,859,4,863,2
2021-01-27,El Dorado,017,186661,8550,8141,560,8701,76
2021-01-27,Fresno,019,978130,90709,86886,6803,93689,938
2021-01-27,Glenn,021,27897,2115,2042,433,2475,14
2021-01-27,Humboldt,023,135768,2794,2630,18,2648,24
2021-01-27,Imperial,025,180216,26486,25861,2322,28183,504
2021-01-27,Inyo,027,18085,1083,1023,8,1031,27
2021-01-27,Kern,029,883053,87594,84244,8269,92513,809
2021-01-27,Kings,031,150075,20957,20211,839,21050,167
2021-01-27,Lake,033,64148,2857,2750,1,2751,32
2021-01-27,Lassen,035,31185,4936,4851,86,4937,1
2021-01-27,Los Angeles,037,10098052,1113796,1066569,35406,1101975,15757
2021-01-27,Madera,039,155013,14686,14194,703,14897,86
2021-01-27,Marin,041,260295,12348,12028,134,12162,180
2021-01-27,Mariposa,043,17540,355,333,3,336,4
2021-01-27,Mendocino,045,87422,3275,3095,62,3157,36
2021-01-27,Merced,047,269075,26049,25439,732,26171,315
2021-01-27,Modoc,049,8938,311,297,96,393,0
2021-01-27,Mono,051,14174,1130,1131,15,1146,3
2021-01-27,Monterey,053,433212,39358,38139,1342,39481,268
2021-01-27,Napa,055,140530,8409,8187,31,8218,46
2021-01-27,Nevada,057,99092,3620,3431,141,3572,18
2021-01-27,Orange,059,3164182,233412,227110,9316,236426,2832
2021-01-27,Placer,061,380077,19270,18106,959,19065,198
2021-01-27,Plumas,063,18699,618,544,10,554,2
2021-01-27,Riverside,065,2383286,271266,260796,12569,273365,2931
2021-01-27,Sacramento,067,1510023,87285,85428,1033,86461,1142
2021-01-27,San Benito,069,59416,5401,5284,68,5352,47
2021-01-27,San Bernardino,071,2135413,274875,265153,7974,273127,2019
2021-01-27,San Diego,073,3302833,245160,231478,11472,242950,2465
2021-01-27,San Francisco,075,870044,31530,31082,837,31919,287
2021-01-27,San Joaquin,077,732212,62219,60131,2416,62547,853
2021-01-27,San Luis Obispo,079,281455,17945,17119,461,17580,188
2021-01-27,San Mateo,081,765935,36613,34619,336,34955,216
2021-01-27,Santa Barbara,083,443738,29100,27435,864,28299,282
2021-01-27,Santa Clara,085,1922200,102106,99732,457,100189,1184
2021-01-27,Santa Cruz,087,273765,14301,13111,671,13782,143
2021-01-27,Shasta,089,179085,10309,10106,1067,11173,105
2021-01-27,Sierra,091,2930,48,44,12,56,0
2021-01-27,Siskiyou,093,43540,1325,1214,188,1402,4
2021-01-27,Solano,095,438530,27793,26982,311,27293,112
2021-01-27,Sonoma,097,501317,25921,25361,132,25493,237
2021-01-27,Stanislaus,099,539301,46659,44874,4733,49607,624
2021-01-27,Sutter,101,95872,8249,8093,76,8169,83
2021-01-27,Tehama,103,63373,4296,4133,449,4582,20
2021-01-27,Trinity,105,12862,439,260,63,323,3
2021-01-27,Tulare,107,460477,45335,43462,6525,49987,583
2021-01-27,Tuolumne,109,53932,3465,3464,33,3497,32
2021-01-27,Ventura,111,848112,70654,68291,2462,70753,468
2021-01-27,Yolo,113,214977,12028,11427,124,11551,151
2021-01-27,Yuba,115,75493,5122,4968,71,5039,32
2021-01-26,Alameda,001,1643700,73920,71851,1518,73369,789
2021-01-26,Alpine,003,1148,73,72,0,72,0
2021-01-26,Amador,005,37829,3206,3113,24,3137,31
2021-01-26,Butte,007,227075,10580,9943,1444,11387,136
2021-01-26,Calaveras,009,45235,1739,1723,10,1733,21
2021-01-26,Colusa,011,21464,1754,1719,199,1918,8
2021-01-26,Contra Costa,013,1133247,57693,55337,947,56284,491
2021-01-26,Del Norte,015,27424,889,856,4,860,2
2021-01-26,El Dorado,017,186661,8525,8115,558,8673,71
2021-01-26,Fresno,019,978130,90351,86673,6760,93433,923
2021-01-26,Glenn,021,27897,2105,2034,428,2462,13
2021-01-26,Humboldt,023,135768,2773,2612,17,2629,24
2021-01-26,Imperial,025,180216,26414,25812,2310,28122,498
2021-01-26,Inyo,027,18085,1077,1018,8,1026,27
2021-01-26,Kern,029,883053,87171,83868,8194,92062,790
2021-01-26,Kings,031,150075,20899,20156,834,20990,159
2021-01-26,Lake,033,64148,2849,2748,1,2749,32
2021-01-26,Lassen,035,31185,4930,4844,86,4930,1
2021-01-26,Los Angeles,037,10098052,1108508,1060492,35205,1095697,15458
2021-01-26,Madera,039,155013,14629,14130,697,14827,86
2021-01-26,Marin,041,260295,12304,11993,132,12125,179
2021-01-26,Mariposa,043,17540,353,332,3,335,3
2021-01-26,Mendocino,045,87422,3249,3076,61,3137,36
2021-01-26,Merced,047,269075,25909,25359,724,26083,309
2021-01-26,Modoc,049,8938,304,291,95,386,0
2021-01-26,Mono,051,14174,1128,1120,15,1135,3
2021-01-26,Monterey,053,433212,39164,37963,1322,39285,255
2021-01-26,Napa,055,140530,8352,8145,31,8176,43
2021-01-26,Nevada,057,99092,3613,3410,140,3550,18
2021-01-26,Orange,059,3164182,232289,225987,9270,235257,2760
2021-01-26,Placer,061,380077,19194,18016,957,18973,193
2021-01-26,Plumas,063,18699,616,536,10,546,2
2021-01-26,Riverside,065,2383286,269897,259399,12506,271905,2898
2021-01-26,Sacramento,067,1510023,86927,85062,1026,86088,1127
2021-01-26,San Benito,069,59416,5387,5251,67,5318,45
2021-01-26,San Bernardino,071,2135413,273881,263736,7932,271668,1970
2021-01-26,San Diego,073,3302833,243665,230063,11370,241433,2421
2021-01-26,San Francisco,075,870044,31398,30874,818,31692,286
2021-01-26,San Joaquin,077,732212,61967,59889,2400,62289,847
2021-01-26,San Luis Obispo,079,281455,17864,17016,458,17474,186
2021-01-26,San Mateo,081,765935,36419,34441,325,34766,213
2021-01-26,Santa Barbara,083,443738,28924,27321,852,28173,273
2021-01-26,Santa Clara,085,1922200,101627,99215,454,99669,1171
2021-01-26,Santa Cruz,087,273765,14235,13045,665,13710,134
2021-01-26,Shasta,089,179085,10274,10036,1059,11095,103
2021-01-26,Sierra,091,2930,48,43,12,55,0
2021-01-26,Siskiyou,093,43540,1310,1208,186,1394,4
2021-01-26,Solano,095,438530,27637,26858,304,27162,110
2021-01-26,Sonoma,097,501317,25802,25273,130,25403,236
2021-01-26,Stanislaus,099,539301,46477,44703,4693,49396,599
2021-01-26,Sutter,101,95872,8206,8067,76,8143,83
2021-01-26,Tehama,103,63373,4263,4115,449,4564,20
2021-01-26,Trinity,105,12862,439,260,63,323,3
2021-01-26,Tulare,107,460477,45132,43394,6457,49851,579
2021-01-26,Tuolumne,109,53932,3455,3451,33,3484,30
2021-01-26,Ventura,111,848112,70122,67526,2436,69962,448
2021-01-26,Yolo,113,214977,11983,11361,121,11482,148
2021-01-26,Yuba,115,75493,5097,4944,69,5013,31
2021-01-25,Alameda,001,1643700,73494,71255,1508,72763,780
2021-01-25,Alpine,003,1148,73,72,0,72,0
2021-01-25,Amador,005,37829,3166,3074,24,3098,30
2021-01-25,Butte,007,227075,10513,9865,1436,11301,133
2021-01-25,Calaveras,009,45235,1724,1713,10,1723,21
2021-01-25,Colusa,011,21464,1742,1709,195,1904,8
2021-01-25,Contra Costa,013,1133247,57341,54989,940,55929,488
2021-01-25,Del Norte,015,27424,889,855,4,859,2
2021-01-25,El Dorado,017,186661,8500,8060,558,8618,66
2021-01-25,Fresno,019,978130,89980,86336,6728,93064,913
2021-01-25,Glenn,021,27897,2096,2028,428,2456,13
2021-01-25,Humboldt,023,135768,2739,2587,17,2604,24
2021-01-25,Imperial,025,180216,26367,25745,2303,28048,491
2021-01-25,Inyo,027,18085,1071,1015,8,1023,27
2021-01-25,Kern,029,883053,86785,83401,8109,91510,787
2021-01-25,Kings,031,150075,20779,20067,830,20897,159
2021-01-25,Lake,033,64148,2831,2729,1,2730,32
2021-01-25,Lassen,035,31185,4903,4835,86,4921,1
2021-01-25,Los Angeles,037,10098052,1102540,1055181,34984,1090165,15163
2021-01-25,Madera,039,155013,14574,14068,692,14760,86
2021-01-25,Marin,041,260295,12255,11923,128,12051,177
2021-01-25,Mariposa,043,17540,350,331,3,334,3
2021-01-25,Mendocino,045,87422,3238,3054,61,3115,35
2021-01-25,Merced,047,269075,25770,25181,715,25896,305
2021-01-25,Modoc,049,8938,303,288,91,379,0
2021-01-25,Mono,051,14174,1125,1114,14,1128,3
2021-01-25,Monterey,053,433212,38911,37726,1303,39029,255
2021-01-25,Napa,055,140530,8318,8057,30,8087,43
2021-01-25,Nevada,057,99092,3599,3365,140,3505,18
2021-01-25,Orange,059,3164182,231081,225105,9225,234330,2696
2021-01-25,Placer,061,380077,19105,17936,942,18878,193
2021-01-25,Plumas,063,18699,613,533,10,543,2
2021-01-25,Riverside,065,2383286,268161,258082,12453,270535,2789
2021-01-25,Sacramento,067,1510023,86485,84653,1018,85671,1118
2021-01-25,San Benito,069,59416,5352,5238,66,5304,43
2021-01-25,San Bernardino,071,2135413,272957,263174,7896,271070,1947
2021-01-25,San Diego,073,3302833,242052,228630,11298,239928,2375
2021-01-25,San Francisco,075,870044,31251,30734,795,31529,288
2021-01-25,San Joaquin,077,732212,61676,59291,2375,61666,838
2021-01-25,San Luis Obispo,079,281455,17730,16868,453,17321,179
2021-01-25,San Mateo,081,765935,36186,34187,319,34506,213
2021-01-25,Santa Barbara,083,443738,28690,27065,842,27907,269
2021-01-25,Santa Clara,085,1922200,101103,98647,446,99093,1143
2021-01-25,Santa Cruz,087,273765,14148,12973,661,13634,133
2021-01-25,Shasta,089,179085,10233,9991,1048,11039,103
2021-01-25,Sierra,091,2930,48,42,12,54,0
2021-01-25,Siskiyou,093,43540,1302,1205,183,1388,4
2021-01-25,Solano,095,438530,27469,26648,303,26951,109
2021-01-25,Sonoma,097,501317,25695,25160,128,25288,233
2021-01-25,Stanislaus,099,539301,46231,44293,4651,48944,599
2021-01-25,Sutter,101,95872,8163,8023,76,8099,83
2021-01-25,Tehama,103,63373,4236,4082,445,4527,20
2021-01-25,Trinity,105,12862,439,262,63,325,3
2021-01-25,Tulare,107,460477,44915,43124,6355,49479,578
2021-01-25,Tuolumne,109,53932,3446,3422,33,3455,29
2021-01-25,Ventura,111,848112,69501,66910,2420,69330,439
2021-01-25,Yolo,113,214977,11898,11276,120,11396,140
2021-01-25,Yuba,115,75493,5076,4900,67,4967,31
2021-01-24,Alameda,001,1643700,72991,70823,1497,72320,780
2021-01-24,Alpine,003,1148,73,72,0,72,0
2021-01-24,Amador,005,37829,3133,3054,24,3078,30
2021-01-24,Butte,007,227075,10429,9820,1420,11240,133
2021-01-24,Calaveras,009,45235,1711,1704,10,1714,21
2021-01-24,Colusa,011,21464,1731,1689,189,1878,8
2021-01-24,Contra Costa,013,1133247,56956,54694,928,55622,488
2021-01-24,Del Norte,015,27424,885,855,4,859,2
2021-01-24,El Dorado,017,186661,8465,8003,554,8557,66
2021-01-24,Fresno,019,978130,89542,85808,6689,92497,911
2021-01-24,Glenn,021,27897,2088,2026,427,2453,13
2021-01-24,Humboldt,023,135768,2700,2562,17,2579,24
2021-01-24,Imperial,025,180216,26271,25707,2282,27989,488
2021-01-24,Inyo,027,18085,1055,1007,8,1015,27
2021-01-24,Kern,029,883053,86350,83125,8002,91127,785
2021-01-24,Kings,031,150075,20651,19988,814,20802,159
2021-01-24,Lake,033,64148,2814,2724,0,2724,32
2021-01-24,Lassen,035,31185,4892,4828,83,4911,1
2021-01-24,Los Angeles,037,10098052,1096124,1048757,34679,1083436,15119
2021-01-24,Madera,039,155013,14491,14000,686,14686,86
2021-01-24,Marin,041,260295,12191,11872,127,11999,177
2021-01-24,Mariposa,043,17540,346,322,3,325,3
2021-01-24,Mendocino,045,87422,3217,3037,60,3097,33
2021-01-24,Merced,047,269075,25559,25047,706,25753,305
2021-01-24,Modoc,049,8938,303,285,91,376,0
2021-01-24,Mono,051,14174,1118,1113,14,1127,3
2021-01-24,Monterey,053,433212,38639,37527,1269,38796,254
2021-01-24,Napa,055,140530,8276,8005,30,8035,43
2021-01-24,Nevada,057,99092,3557,3349,138,3487,18
2021-01-24,Orange,059,3164182,229648,223853,9156,233009,2632
2021-01-24,Placer,061,380077,18992,17839,922,18761,193
2021-01-24,Plumas,063,18699,610,532,10,542,2
2021-01-24,Riverside,065,2383286,266522,256767,12377,269144,2761
2021-01-24,Sacramento,067,1510023,85931,84110,1010,85120,1112
2021-01-24,San Benito,069,59416,5310,5223,63,5286,43
2021-01-24,San Bernardino,071,2135413,271645,262370,7844,270214,1935
2021-01-24,San Diego,073,3302833,240358,227193,11167,238360,2375
2021-01-24,San Francisco,075,870044,31062,30559,774,31333,275
2021-01-24,San Joaquin,077,732212,61251,59021,2361,61382,838
2021-01-24,San Luis Obispo,079,281455,17606,16758,451,17209,179
2021-01-24,San Mateo,081,765935,35941,33956,314,34270,213
2021-01-24,Santa Barbara,083,443738,28375,26735,832,27567,269
2021-01-24,Santa Clara,085,1922200,100468,98103,441,98544,1109
2021-01-24,Santa Cruz,087,273765,14062,12905,653,13558,133
2021-01-24,Shasta,089,179085,10162,9978,1039,11017,103
2021-01-24,Sierra,091,2930,47,42,12,54,0
2021-01-24,Siskiyou,093,43540,1295,1195,183,1378,4
2021-01-24,Solano,095,438530,27283,26515,299,26814,109
2021-01-24,Sonoma,097,501317,25533,25045,127,25172,233
2021-01-24,Stanislaus,099,539301,45922,44031,4592,48623,599
2021-01-24,Sutter,101,95872,8099,7980,76,8056,83
2021-01-24,Tehama,103,63373,4196,4062,440,4502,20
2021-01-24,Trinity,105,12862,439,262,63,325,3
2021-01-24,Tulare,107,460477,44695,43006,6266,49272,577
2021-01-24,Tuolumne,109,53932,3435,3416,33,3449,29
2021-01-24,Ventura,111,848112,68811,66347,2398,68745,439
2021-01-24,Yolo,113,214977,11815,11210,116,11326,140
2021-01-24,Yuba,115,75493,5036,4875,66,4941,31
2021-01-23,Alameda,001,1643700,72743,70080,1491,71571,780
2021-01-23,Alpine,003,1148,73,72,0,72,0
2021-01-23,Amador,005,37829,3130,3049,24,3073,30
2021-01-23,Butte,007,227075,10400,9757,1417,11174,133
2021-01-23,Calaveras,009,45235,1708,1695,10,1705,21
2021-01-23,Colusa,011,21464,1727,1672,188,1860,8
2021-01-23,Contra Costa,013,1133247,56742,54162,922,55084,487
2021-01-23,Del Norte,015,27424,883,855,4,859,2
2021-01-23,El Dorado,017,186661,8449,7984,552,8536,66
2021-01-23,Fresno,019,978130,89355,85274,6661,91935,910
2021-01-23,Glenn,021,27897,2085,2015,423,2438,13
2021-01-23,Humboldt,023,135768,2681,2493,16,2509,23
2021-01-23,Imperial,025,180216,26237,25581,2270,27851,487
2021-01-23,Inyo,027,18085,1046,987,8,995,27
2021-01-23,Kern,029,883053,86107,82602,7934,90536,783
2021-01-23,Kings,031,150075,20607,19904,812,20716,159
2021-01-23,Lake,033,64148,2805,2673,0,2673,32
2021-01-23,Lassen,035,31185,4891,4816,80,4896,1
2021-01-23,Los Angeles,037,10098052,1092887,1040961,34520,1075481,15034
2021-01-23,Madera,039,155013,14454,13858,683,14541,86
2021-01-23,Marin,041,260295,12135,11796,125,11921,177
2021-01-23,Mariposa,043,17540,346,323,3,326,3
2021-01-23,Mendocino,045,87422,3203,2991,60,3051,32
2021-01-23,Merced,047,269075,25467,24787,692,25479,303
2021-01-23,Modoc,049,8938,303,285,91,376,0
2021-01-23,Mono,051,14174,1116,1111,14,1125,3
2021-01-23,Monterey,053,433212,38556,37165,1264,38429,253
2021-01-23,Napa,055,140530,8251,7893,30,7923,43
2021-01-23,Nevada,057,99092,3546,3332,137,3469,18
2021-01-23,Orange,059,3164182,228879,221722,9116,230838,2618
2021-01-23,Placer,061,380077,18942,17617,917,18534,193
2021-01-23,Plumas,063,18699,609,528,10,538,2
2021-01-23,Riverside,065,2383286,265623,253636,12327,265963,2733
2021-01-23,Sacramento,067,1510023,85703,83408,1007,84415,1108
2021-01-23,San Benito,069,59416,5286,5166,62,5228,43
2021-01-23,San Bernardino,071,2135413,271088,260381,7814,268195,1922
2021-01-23,San Diego,073,3302833,239297,225556,11095,236651,2344
2021-01-23,San Francisco,075,870044,30957,30308,745,31053,268
2021-01-23,San Joaquin,077,732212,61123,58164,2351,60515,836
2021-01-23,San Luis Obispo,079,281455,17542,16652,448,17100,176
2021-01-23,San Mateo,081,765935,35765,33696,303,33999,213
2021-01-23,Santa Barbara,083,443738,28190,26234,823,27057,264
2021-01-23,Santa Clara,085,1922200,100109,97189,440,97629,1086
2021-01-23,Santa Cruz,087,273765,14004,12771,650,13421,127
2021-01-23,Shasta,089,179085,10133,9951,1038,10989,103
2021-01-23,Sierra,091,2930,47,41,12,53,0
2021-01-23,Siskiyou,093,43540,1286,1190,182,1372,4
2021-01-23,Solano,095,438530,27190,26261,297,26558,107
2021-01-23,Sonoma,097,501317,25453,24790,127,24917,232
2021-01-23,Stanislaus,099,539301,45755,43723,4561,48284,599
2021-01-23,Sutter,101,95872,8081,7943,75,8018,80
2021-01-23,Tehama,103,63373,4177,4006,439,4445,20
2021-01-23,Trinity,105,12862,439,262,63,325,3
2021-01-23,Tulare,107,460477,44542,42661,6206,48867,575
2021-01-23,Tuolumne,109,53932,3428,3407,33,3440,29
2021-01-23,Ventura,111,848112,68355,65581,2375,67956,438
2021-01-23,Yolo,113,214977,11774,11087,115,11202,141
2021-01-23,Yuba,115,75493,5024,4831,65,4896,30
2021-01-22,Alameda,001,1643700,72425,69693,1484,71177,751
2021-01-22,Alpine,003,1148,73,71,0,71,0
2021-01-22,Amador,005,37829,3125,3042,24,3066,30
2021-01-22,Butte,007,227075,10356,9711,1404,11115,133
2021-01-22,Calaveras,009,45235,1699,1672,10,1682,21
2021-01-22,Colusa,011,21464,1725,1668,188,1856,7
2021-01-22,Contra Costa,013,1133247,56504,53887,916,54803,485
2021-01-22,Del Norte,015,27424,882,852,4,856,2
2021-01-22,El Dorado,017,186661,8416,7877,549,8426,64
2021-01-22,Fresno,019,978130,89014,84744,6633,91377,892
2021-01-22,Glenn,021,27897,2080,1985,417,2402,13
2021-01-22,Humboldt,023,135768,2657,2452,16,2468,23
2021-01-22,Imperial,025,180216,26201,25562,2255,27817,474
2021-01-22,Inyo,027,18085,1035,961,8,969,26
2021-01-22,Kern,029,883053,85810,82101,7858,89959,771
2021-01-22,Kings,031,150075,20531,19760,808,20568,159
2021-01-22,Lake,033,64148,2793,2681,0,2681,32
2021-01-22,Lassen,035,31185,4882,4765,79,4844,1
2021-01-22,Los Angeles,037,10098052,1088418,1031177,34332,1065509,14777
2021-01-22,Madera,039,155013,14394,13781,682,14463,86
2021-01-22,Marin,041,260295,12098,11769,123,11892,177
2021-01-22,Mariposa,043,17540,346,323,3,326,3
2021-01-22,Mendocino,045,87422,3178,2994,59,3053,32
2021-01-22,Merced,047,269075,25344,24616,685,25301,290
2021-01-22,Modoc,049,8938,303,285,91,376,0
2021-01-22,Mono,051,14174,1116,1108,14,1122,3
2021-01-22,Monterey,053,433212,38403,36909,1259,38168,253
2021-01-22,Napa,055,140530,8204,7828,30,7858,40
2021-01-22,Nevada,057,99092,3521,3296,136,3432,18
2021-01-22,Orange,059,3164182,227926,220384,9069,229453,2542
2021-01-22,Placer,061,380077,18885,17636,902,18538,193
2021-01-22,Plumas,063,18699,607,522,10,532,2
2021-01-22,Riverside,065,2383286,264479,252440,12261,264701,2710
2021-01-22,Sacramento,067,1510023,85373,82861,999,83860,1094
2021-01-22,San Benito,069,59416,5260,5143,62,5205,43
2021-01-22,San Bernardino,071,2135413,270285,259121,7784,266905,1849
2021-01-22,San Diego,073,3302833,238057,222576,11030,233606,2301
2021-01-22,San Francisco,075,870044,30844,30027,728,30755,266
2021-01-22,San Joaquin,077,732212,60939,58485,2339,60824,812
2021-01-22,San Luis Obispo,079,281455,17453,16336,445,16781,172
2021-01-22,San Mateo,081,765935,35543,33401,300,33701,211
2021-01-22,Santa Barbara,083,443738,27990,25989,812,26801,256
2021-01-22,Santa Clara,085,1922200,99663,96435,437,96872,1062
2021-01-22,Santa Cruz,087,273765,13946,12687,646,13333,123
2021-01-22,Shasta,089,179085,10113,9866,1036,10902,103
2021-01-22,Sierra,091,2930,47,40,12,52,0
2021-01-22,Siskiyou,093,43540,1282,1182,180,1362,4
2021-01-22,Solano,095,438530,27100,26048,295,26343,107
2021-01-22,Sonoma,097,501317,25368,24659,127,24786,232
2021-01-22,Stanislaus,099,539301,45589,43489,4535,48024,599
2021-01-22,Sutter,101,95872,8056,7878,75,7953,80
2021-01-22,Tehama,103,63373,4163,3993,437,4430,19
2021-01-22,Trinity,105,12862,438,263,63,326,3
2021-01-22,Tulare,107,460477,44363,42307,6139,48446,573
2021-01-22,Tuolumne,109,53932,3400,3379,33,3412,29
2021-01-22,Ventura,111,848112,67842,64404,2356,66760,426
2021-01-22,Yolo,113,214977,11740,11014,113,11127,141
2021-01-22,Yuba,115,75493,5000,4789,63,4852,29
2021-01-21,Alameda,001,1643700,71989,69314,1467,70781,739
2021-01-21,Alpine,003,1148,73,71,0,71,0
2021-01-21,Amador,005,37829,3103,3038,24,3062,29
2021-01-21,Butte,007,227075,10292,9643,1397,11040,130
2021-01-21,Calaveras,009,45235,1690,1647,10,1657,21
2021-01-21,Colusa,011,21464,1718,1662,186,1848,7
2021-01-21,Contra Costa,013,1133247,56114,53595,904,54499,478
2021-01-21,Del Norte,015,27424,880,850,3,853,2
2021-01-21,El Dorado,017,186661,8366,7823,546,8369,58
2021-01-21,Fresno,019,978130,88610,84137,6593,90730,889
2021-01-21,Glenn,021,27897,2072,1964,412,2376,13
2021-01-21,Humboldt,023,135768,2634,2423,16,2439,23
2021-01-21,Imperial,025,180216,26114,25509,2243,27752,463
2021-01-21,Inyo,027,18085,1026,946,8,954,26
2021-01-21,Kern,029,883053,85397,81328,7743,89071,769
2021-01-21,Kings,031,150075,20460,19633,791,20424,158
2021-01-21,Lake,033,64148,2779,2669,0,2669,32
2021-01-21,Lassen,035,31185,4875,4763,79,4842,1
2021-01-21,Los Angeles,037,10098052,1081750,1023055,34019,1057074,14537
2021-01-21,Madera,039,155013,14330,13664,674,14338,86
2021-01-21,Marin,041,260295,12043,11732,121,11853,173
2021-01-21,Mariposa,043,17540,342,322,3,325,3
2021-01-21,Mendocino,045,87422,3155,2967,57,3024,32
2021-01-21,Merced,047,269075,25189,24426,678,25104,245
2021-01-21,Modoc,049,8938,300,284,90,374,0
2021-01-21,Mono,051,14174,1111,1104,14,1118,3
2021-01-21,Monterey,053,433212,38122,36149,1250,37399,253
2021-01-21,Napa,055,140530,8140,7774,30,7804,40
2021-01-21,Nevada,057,99092,3492,3274,135,3409,18
2021-01-21,Orange,059,3164182,226550,218867,9015,227882,2540
2021-01-21,Placer,061,380077,18806,17553,898,18451,190
2021-01-21,Plumas,063,18699,603,518,10,528,2
2021-01-21,Riverside,065,2383286,262757,251007,12183,263190,2676
2021-01-21,Sacramento,067,1510023,84894,82303,979,83282,1084
2021-01-21,San Benito,069,59416,5230,5100,57,5157,43
2021-01-21,San Bernardino,071,2135413,268963,257754,7719,265473,1832
2021-01-21,San Diego,073,3302833,236282,219729,10923,230652,2222
2021-01-21,San Francisco,075,870044,30672,29801,694,30495,266
2021-01-21,San Joaquin,077,732212,60633,58270,2321,60591,806
2021-01-21,San Luis Obispo,079,281455,17367,16153,437,16590,169
2021-01-21,San Mateo,081,765935,35297,33156,287,33443,210
2021-01-21,Santa Barbara,083,443738,27702,25654,799,26453,253
2021-01-21,Santa Clara,085,1922200,99075,96028,432,96460,1062
2021-01-21,Santa Cruz,087,273765,13862,12548,636,13184,119
2021-01-21,Shasta,089,179085,10070,9795,1021,10816,98
2021-01-21,Sierra,091,2930,47,40,12,52,0
2021-01-21,Siskiyou,093,43540,1279,1178,178,1356,4
2021-01-21,Solano,095,438530,26921,25885,291,26176,106
2021-01-21,Sonoma,097,501317,25228,24440,125,24565,230
2021-01-21,Stanislaus,099,539301,45291,43223,4491,47714,599
2021-01-21,Sutter,101,95872,8022,7822,75,7897,80
2021-01-21,Tehama,103,63373,4124,3938,437,4375,19
2021-01-21,Trinity,105,12862,438,261,63,324,3
2021-01-21,Tulare,107,460477,44152,42082,6065,48147,569
2021-01-21,Tuolumne,109,53932,3390,3365,32,3397,29
2021-01-21,Ventura,111,848112,67143,63995,2336,66331,420
2021-01-21,Yolo,113,214977,11649,10940,105,11045,141
2021-01-21,Yuba,115,75493,4968,4757,62,4819,29
2021-01-20,Alameda,001,1643700,71515,68785,1451,70236,702
2021-01-20,Alpine,003,1148,73,71,0,71,0
2021-01-20,Amador,005,37829,3072,3036,24,3060,29
2021-01-20,Butte,007,227075,10236,9582,1387,10969,130
2021-01-20,Calaveras,009,45235,1668,1637,9,1646,21
2021-01-20,Colusa,011,21464,1701,1630,181,1811,7
2021-01-20,Contra Costa,013,1133247,55689,53108,895,54003,461
2021-01-20,Del Norte,015,27424,879,848,3,851,2
2021-01-20,El Dorado,017,186661,8316,7785,543,8328,53
2021-01-20,Fresno,019,978130,88192,83591,6539,90130,872
2021-01-20,Glenn,021,27897,2053,1955,410,2365,13
2021-01-20,Humboldt,023,135768,2591,2390,16,2406,22
2021-01-20,Imperial,025,180216,26041,25380,2209,27589,461
2021-01-20,Inyo,027,18085,1016,901,8,909,26
2021-01-20,Kern,029,883053,84946,80701,7637,88338,754
2021-01-20,Kings,031,150075,20370,19522,783,20305,146
2021-01-20,Lake,033,64148,2759,2646,0,2646,31
2021-01-20,Lassen,035,31185,4867,4758,77,4835,1
2021-01-20,Los Angeles,037,10098052,1074248,1015608,33738,1049346,14299
2021-01-20,Madera,039,155013,14265,13585,670,14255,86
2021-01-20,Marin,041,260295,11987,11684,119,11803,171
2021-01-20,Mariposa,043,17540,340,322,3,325,3
2021-01-20,Mendocino,045,87422,3140,2957,57,3014,32
2021-01-20,Merced,047,269075,25016,24220,656,24876,243
2021-01-20,Modoc,049,8938,299,282,90,372,0
2021-01-20,Mono,051,14174,1104,1105,13,1118,3
2021-01-20,Monterey,053,433212,37810,35960,1230,37190,249
2021-01-20,Napa,055,140530,8071,7731,30,7761,40
2021-01-20,Nevada,057,99092,3460,3238,135,3373,18
2021-01-20,Orange,059,3164182,225015,216893,8954,225847,2500
2021-01-20,Placer,061,380077,18712,17455,880,18335,186
2021-01-20,Plumas,063,18699,601,512,10,522,2
2021-01-20,Riverside,065,2383286,260713,248686,12100,260786,2615
2021-01-20,Sacramento,067,1510023,84334,81687,969,82656,1072
2021-01-20,San Benito,069,59416,5199,5036,56,5092,35
2021-01-20,San Bernardino,071,2135413,267639,255921,7672,263593,1801
2021-01-20,San Diego,073,3302833,234427,218553,10819,229372,2174
2021-01-20,San Francisco,075,870044,30485,29665,673,30338,262
2021-01-20,San Joaquin,077,732212,60229,58025,2312,60337,783
2021-01-20,San Luis Obispo,079,281455,17185,15936,428,16364,164
2021-01-20,San Mateo,081,765935,35070,32929,286,33215,210
2021-01-20,Santa Barbara,083,443738,27384,25312,787,26099,248
2021-01-20,Santa Clara,085,1922200,98430,94995,430,95425,1040
2021-01-20,Santa Cruz,087,273765,13755,12460,623,13083,107
2021-01-20,Shasta,089,179085,10018,9697,1011,10708,98
2021-01-20,Sierra,091,2930,47,40,12,52,0
2021-01-20,Siskiyou,093,43540,1272,1163,177,1340,4
2021-01-20,Solano,095,438530,26728,25659,287,25946,106
2021-01-20,Sonoma,097,501317,25091,24262,123,24385,223
2021-01-20,Stanislaus,099,539301,45011,42955,4453,47408,585
2021-01-20,Sutter,101,95872,7971,7772,73,7845,80
2021-01-20,Tehama,103,63373,4098,3892,435,4327,19
2021-01-20,Trinity,105,12862,438,260,63,323,3
2021-01-20,Tulare,107,460477,43895,41799,5975,47774,559
2021-01-20,Tuolumne,109,53932,3376,3355,31,3386,29
2021-01-20,Ventura,111,848112,66182,63413,2307,65720,395
2021-01-20,Yolo,113,214977,11583,10852,102,10954,141
2021-01-20,Yuba,115,75493,4942,4729,62,4791,29
2021-01-19,Alameda,001,1643700,70874,68434,1442,69876,680
2021-01-19,Alpine,003,1148,73,71,0,71,0
2021-01-19,Amador,005,37829,3063,3024,24,3048,28
2021-01-19,Butte,007,227075,10173,9528,1373,10901,129
2021-01-19,Calaveras,009,45235,1653,1621,8,1629,21
2021-01-19,Colusa,011,21464,1679,1617,178,1795,7
2021-01-19,Contra Costa,013,1133247,55225,52730,885,53615,448
2021-01-19,Del Norte,015,27424,877,843,3,846,2
2021-01-19,El Dorado,017,186661,8255,7743,535,8278,47
2021-01-19,Fresno,019,978130,87670,83200,6489,89689,857
2021-01-19,Glenn,021,27897,2041,1948,405,2353,13
2021-01-19,Humboldt,023,135768,2567,2359,13,2372,22
2021-01-19,Imperial,025,180216,25960,25333,2192,27525,452
2021-01-19,Inyo,027,18085,1008,891,8,899,26
2021-01-19,Kern,029,883053,84358,80272,7532,87804,742
2021-01-19,Kings,031,150075,20231,19375,773,20148,143
2021-01-19,Lake,033,64148,2746,2625,0,2625,31
2021-01-19,Lassen,035,31185,4860,4753,77,4830,1
2021-01-19,Los Angeles,037,10098052,1065571,1010375,33471,1043846,14014
2021-01-19,Madera,039,155013,14154,13528,665,14193,86
2021-01-19,Marin,041,260295,11932,11654,115,11769,169
2021-01-19,Mariposa,043,17540,340,322,3,325,3
2021-01-19,Mendocino,045,87422,3123,2930,57,2987,32
2021-01-19,Merced,047,269075,24804,24108,647,24755,242
2021-01-19,Modoc,049,8938,298,281,90,371,0
2021-01-19,Mono,051,14174,1103,1106,13,1119,3
2021-01-19,Monterey,053,433212,37509,35840,1209,37049,248
2021-01-19,Napa,055,140530,8012,7672,30,7702,38
2021-01-19,Nevada,057,99092,3442,3216,133,3349,18
2021-01-19,Orange,059,3164182,223283,215244,8887,224131,2468
2021-01-19,Placer,061,380077,18615,17348,870,18218,182
2021-01-19,Plumas,063,18699,594,509,10,519,2
2021-01-19,Riverside,065,2383286,258628,246248,12022,258270,2585
2021-01-19,Sacramento,067,1510023,83797,81183,949,82132,1053
2021-01-19,San Benito,069,59416,5153,4988,55,5043,35
2021-01-19,San Bernardino,071,2135413,265928,253651,7618,261269,1777
2021-01-19,San Diego,073,3302833,232004,216833,10721,227554,2109
2021-01-19,San Francisco,075,870044,30266,29502,642,30144,261
2021-01-19,San Joaquin,077,732212,59848,57655,2301,59956,782
2021-01-19,San Luis Obispo,079,281455,16922,15855,425,16280,161
2021-01-19,San Mateo,081,765935,34785,32730,275,33005,208
2021-01-19,Santa Barbara,083,443738,27000,24991,771,25762,236
2021-01-19,Santa Clara,085,1922200,97695,94483,429,94912,1010
2021-01-19,Santa Cruz,087,273765,13638,12410,615,13025,106
2021-01-19,Shasta,089,179085,9982,9614,1001,10615,93
2021-01-19,Sierra,091,2930,47,40,10,50,0
2021-01-19,Siskiyou,093,43540,1264,1149,175,1324,4
2021-01-19,Solano,095,438530,26480,25520,286,25806,106
2021-01-19,Sonoma,097,501317,24911,24133,121,24254,223
2021-01-19,Stanislaus,099,539301,44663,42723,4408,47131,561
2021-01-19,Sutter,101,95872,7921,7709,67,7776,80
2021-01-19,Tehama,103,63373,4068,3876,433,4309,19
2021-01-19,Trinity,105,12862,437,260,63,323,3
2021-01-19,Tulare,107,460477,43616,41559,5880,47439,549
2021-01-19,Tuolumne,109,53932,3349,3328,31,3359,29
2021-01-19,Ventura,111,848112,65498,62656,2280,64936,383
2021-01-19,Yolo,113,214977,11498,10789,102,10891,134
2021-01-19,Yuba,115,75493,4908,4695,61,4756,29
2021-01-18,Alameda,001,1643700,70242,67938,1425,69363,680
2021-01-18,Alpine,003,1148,73,71,0,71,0
2021-01-18,Amador,005,37829,3049,3016,24,3040,28
2021-01-18,Butte,007,227075,10088,9474,1361,10835,129
2021-01-18,Calaveras,009,45235,1632,1617,7,1624,21
2021-01-18,Colusa,011,21464,1663,1608,176,1784,7
2021-01-18,Contra Costa,013,1133247,54717,52323,877,53200,448
2021-01-18,Del Norte,015,27424,876,840,3,843,2
2021-01-18,El Dorado,017,186661,8189,7707,533,8240,47
2021-01-18,Fresno,019,978130,87059,82485,6423,88908,857
2021-01-18,Glenn,021,27897,2024,1935,401,2336,13
2021-01-18,Humboldt,023,135768,2529,2343,13,2356,22
2021-01-18,Imperial,025,180216,25893,25317,2168,27485,452
2021-01-18,Inyo,027,18085,996,872,8,880,26
2021-01-18,Kern,029,883053,83721,79930,7441,87371,740
2021-01-18,Kings,031,150075,20061,19267,761,20028,141
2021-01-18,Lake,033,64148,2729,2591,0,2591,30
2021-01-18,Lassen,035,31185,4824,4749,76,4825,1
2021-01-18,Los Angeles,037,10098052,1056066,1002614,33184,1035798,13828
2021-01-18,Madera,039,155013,14052,13443,656,14099,85
2021-01-18,Marin,041,260295,11885,11607,113,11720,165
2021-01-18,Mariposa,043,17540,337,320,2,322,3
2021-01-18,Mendocino,045,87422,3100,2919,57,2976,31
2021-01-18,Merced,047,269075,24559,23927,631,24558,242
2021-01-18,Modoc,049,8938,295,281,87,368,0
2021-01-18,Mono,051,14174,1100,1101,13,1114,3
2021-01-18,Monterey,053,433212,37067,35549,1195,36744,247
2021-01-18,Napa,055,140530,7939,7601,30,7631,38
2021-01-18,Nevada,057,99092,3404,3199,133,3332,17
2021-01-18,Orange,059,3164182,221391,213866,8833,222699,2405
2021-01-18,Placer,061,380077,18499,17263,861,18124,182
2021-01-18,Plumas,063,18699,591,506,10,516,2
2021-01-18,Riverside,065,2383286,256316,244151,11929,256080,2568
2021-01-18,Sacramento,067,1510023,83127,80546,933,81479,1046
2021-01-18,San Benito,069,59416,5105,4963,53,5016,35
2021-01-18,San Bernardino,071,2135413,264204,252808,7563,260371,1775
2021-01-18,San Diego,073,3302833,229356,214335,10592,224927,2103
2021-01-18,San Francisco,075,870044,30059,29321,618,29939,259
2021-01-18,San Joaquin,077,732212,59335,57405,2280,59685,782
2021-01-18,San Luis Obispo,079,281455,16735,15742,415,16157,158
2021-01-18,San Mateo,081,765935,34473,32515,256,32771,208
2021-01-18,Santa Barbara,083,443738,26621,24638,758,25396,235
2021-01-18,Santa Clara,085,1922200,96907,93688,425,94113,992
2021-01-18,Santa Cruz,087,273765,13505,12298,602,12900,106
2021-01-18,Shasta,089,179085,9943,9600,991,10591,92
2021-01-18,Sierra,091,2930,46,40,10,50,0
2021-01-18,Siskiyou,093,43540,1251,1144,174,1318,4
2021-01-18,Solano,095,438530,26202,25344,282,25626,105
2021-01-18,Sonoma,097,501317,24643,24068,120,24188,223
2021-01-18,Stanislaus,099,539301,44306,42413,4352,46765,562
2021-01-18,Sutter,101,95872,7864,7680,65,7745,78
2021-01-18,Tehama,103,63373,4023,3854,426,4280,19
2021-01-18,Trinity,105,12862,437,260,63,323,3
2021-01-18,Tulare,107,460477,43326,41196,5774,46970,549
2021-01-18,Tuolumne,109,53932,3325,3318,30,3348,28
2021-01-18,Ventura,111,848112,65065,61859,2258,64117,379
2021-01-18,Yolo,113,214977,11376,10620,99,10719,134
2021-01-18,Yuba,115,75493,4881,4671,59,4730,29
2021-01-17,Alameda,001,1643700,69678,67375,1407,68782,676
2021-01-17,Alpine,003,1148,73,71,0,71,0
2021-01-17,Amador,005,37829,3042,3001,24,3025,28
2021-01-17,Butte,007,227075,10013,9411,1337,10748,129
2021-01-17,Calaveras,009,45235,1619,1608,7,1615,21
2021-01-17,Colusa,011,21464,1650,1588,172,1760,7
2021-01-17,Contra Costa,013,1133247,54210,51932,866,52798,447
2021-01-17,Del Norte,015,27424,876,838,3,841,2
2021-01-17,El Dorado,017,186661,8134,7659,522,8181,47
2021-01-17,Fresno,019,978130,86504,82039,6348,88387,857
2021-01-17,Glenn,021,27897,2013,1924,396,2320,9
2021-01-17,Humboldt,023,135768,2493,2322,11,2333,22
2021-01-17,Imperial,025,180216,25824,25253,2127,27380,451
2021-01-17,Inyo,027,18085,990,864,8,872,26
2021-01-17,Kern,029,883053,83172,79489,7355,86844,738
2021-01-17,Kings,031,150075,19925,19201,747,19948,131
2021-01-17,Lake,033,64148,2715,2572,0,2572,30
2021-01-17,Lassen,035,31185,4816,4740,75,4815,1
2021-01-17,Los Angeles,037,10098052,1049409,993028,32791,1025819,13741
2021-01-17,Madera,039,155013,13962,13328,652,13980,85
2021-01-17,Marin,041,260295,11833,11552,111,11663,164
2021-01-17,Mariposa,043,17540,337,319,2,321,3
2021-01-17,Mendocino,045,87422,3072,2912,56,2968,31
2021-01-17,Merced,047,269075,24347,23800,613,24413,242
2021-01-17,Modoc,049,8938,294,279,87,366,0
2021-01-17,Mono,051,14174,1093,1091,12,1103,3
2021-01-17,Monterey,053,433212,36822,35340,1169,36509,244
2021-01-17,Napa,055,140530,7883,7521,30,7551,38
2021-01-17,Nevada,057,99092,3379,3176,131,3307,17
2021-01-17,Orange,059,3164182,219392,212389,8759,221148,2359
2021-01-17,Placer,061,380077,18393,17194,846,18040,181
2021-01-17,Plumas,063,18699,589,505,9,514,2
2021-01-17,Riverside,065,2383286,254205,242206,11813,254019,2534
2021-01-17,Sacramento,067,1510023,82527,80154,921,81075,1045
2021-01-17,San Benito,069,59416,5067,4941,53,4994,35
2021-01-17,San Bernardino,071,2135413,262102,251487,7476,258963,1775
2021-01-17,San Diego,073,3302833,227162,211785,10485,222270,2103
2021-01-17,San Francisco,075,870044,29871,29139,581,29720,255
2021-01-17,San Joaquin,077,732212,58978,57094,2266,59360,780
2021-01-17,San Luis Obispo,079,281455,16613,15658,406,16064,157
2021-01-17,San Mateo,081,765935,34221,32186,233,32419,208
2021-01-17,Santa Barbara,083,443738,26160,24401,746,25147,235
2021-01-17,Santa Clara,085,1922200,96148,92752,422,93174,976
2021-01-17,Santa Cruz,087,273765,13393,12196,599,12795,106
2021-01-17,Shasta,089,179085,9885,9588,983,10571,92
2021-01-17,Sierra,091,2930,46,38,9,47,0
2021-01-17,Siskiyou,093,43540,1244,1136,171,1307,4
2021-01-17,Solano,095,438530,25976,25216,280,25496,105
2021-01-17,Sonoma,097,501317,24469,23871,120,23991,223
2021-01-17,Stanislaus,099,539301,43986,42221,4289,46510,562
2021-01-17,Sutter,101,95872,7801,7604,64,7668,77
2021-01-17,Tehama,103,63373,3992,3837,422,4259,18
2021-01-17,Trinity,105,12862,437,261,63,324,3
2021-01-17,Tulare,107,460477,43038,41016,5658,46674,549
2021-01-17,Tuolumne,109,53932,3308,3287,30,3317,27
2021-01-17,Ventura,111,848112,64214,61257,2211,63468,376
2021-01-17,Yolo,113,214977,11277,10519,97,10616,134
2021-01-17,Yuba,115,75493,4834,4640,56,4696,28
2021-01-16,Alameda,001,1643700,69356,66583,1395,67978,673
2021-01-16,Alpine,003,1148,73,71,0,71,0
2021-01-16,Amador,005,37829,3039,2986,24,3010,28
2021-01-16,Butte,007,227075,9982,9359,1317,10676,129
2021-01-16,Calaveras,009,45235,1606,1596,7,1603,21
2021-01-16,Colusa,011,21464,1639,1578,172,1750,7
2021-01-16,Contra Costa,013,1133247,53931,51363,859,52222,443
2021-01-16,Del Norte,015,27424,871,833,3,836,2
2021-01-16,El Dorado,017,186661,8112,7575,521,8096,47
2021-01-16,Fresno,019,978130,86229,81294,6294,87588,846
2021-01-16,Glenn,021,27897,2009,1894,393,2287,9
2021-01-16,Humboldt,023,135768,2473,2294,9,2303,22
2021-01-16,Imperial,025,180216,25786,25140,2120,27260,451
2021-01-16,Inyo,027,18085,986,845,8,853,25
2021-01-16,Kern,029,883053,82805,78865,7301,86166,733
2021-01-16,Kings,031,150075,19869,19072,744,19816,131
2021-01-16,Lake,033,64148,2703,2504,0,2504,30
2021-01-16,Lassen,035,31185,4804,4719,75,4794,1
2021-01-16,Los Angeles,037,10098052,1045326,982684,32554,1015238,13654
2021-01-16,Madera,039,155013,13896,13193,647,13840,85
2021-01-16,Marin,041,260295,11791,11482,111,11593,164
2021-01-16,Mariposa,043,17540,336,317,2,319,3
2021-01-16,Mendocino,045,87422,3058,2890,53,2943,31
2021-01-16,Merced,047,269075,24260,23478,599,24077,242
2021-01-16,Modoc,049,8938,294,278,87,365,0
2021-01-16,Mono,051,14174,1091,1079,12,1091,3
2021-01-16,Monterey,053,433212,36711,34972,1153,36125,243
2021-01-16,Napa,055,140530,7844,7356,30,7386,39
2021-01-16,Nevada,057,99092,3346,3144,131,3275,17
2021-01-16,Orange,059,3164182,218360,210111,8703,218814,2312
2021-01-16,Placer,061,380077,18329,16995,844,17839,177
2021-01-16,Plumas,063,18699,587,502,9,511,2
2021-01-16,Riverside,065,2383286,252848,239412,11698,251110,2506
2021-01-16,Sacramento,067,1510023,82153,79122,904,80026,1033
2021-01-16,San Benito,069,59416,5034,4875,53,4928,35
2021-01-16,San Bernardino,071,2135413,261280,249401,7409,256810,1755
2021-01-16,San Diego,073,3302833,225864,209895,10388,220283,2065
2021-01-16,San Francisco,075,870044,29742,28853,550,29403,244
2021-01-16,San Joaquin,077,732212,58735,56642,2233,58875,776
2021-01-16,San Luis Obispo,079,281455,16512,15466,404,15870,152
2021-01-16,San Mateo,081,765935,34057,31805,227,32032,208
2021-01-16,Santa Barbara,083,443738,25959,24088,742,24830,229
2021-01-16,Santa Clara,085,1922200,95651,91584,415,91999,954
2021-01-16,Santa Cruz,087,273765,13334,12026,597,12623,106
2021-01-16,Shasta,089,179085,9852,9547,979,10526,92
2021-01-16,Sierra,091,2930,45,38,9,47,0
2021-01-16,Siskiyou,093,43540,1239,1124,171,1295,4
2021-01-16,Solano,095,438530,25867,24732,276,25008,103
2021-01-16,Sonoma,097,501317,24378,23607,119,23726,223
2021-01-16,Stanislaus,099,539301,43798,41809,4239,46048,562
2021-01-16,Sutter,101,95872,7769,7560,64,7624,76
2021-01-16,Tehama,103,63373,3978,3783,422,4205,18
2021-01-16,Trinity,105,12862,437,261,63,324,3
2021-01-16,Tulare,107,460477,42859,40655,5585,46240,542
2021-01-16,Tuolumne,109,53932,3300,3269,30,3299,27
2021-01-16,Ventura,111,848112,63661,60368,2181,62549,369
2021-01-16,Yolo,113,214977,11226,10406,96,10502,134
2021-01-16,Yuba,115,75493,4806,4602,56,4658,27
2021-01-15,Alameda,001,1643700,68931,65416,1384,66800,672
2021-01-15,Alpine,003,1148,73,71,0,71,0
2021-01-15,Amador,005,37829,3032,2953,24,2977,28
2021-01-15,Butte,007,227075,9940,9233,1302,10535,129
2021-01-15,Calaveras,009,45235,1599,1538,7,1545,21
2021-01-15,Colusa,011,21464,1628,1541,167,1708,7
2021-01-15,Contra Costa,013,1133247,53596,50408,852,51260,428
2021-01-15,Del Norte,015,27424,867,828,2,830,2
2021-01-15,El Dorado,017,186661,8062,7439,513,7952,47
2021-01-15,Fresno,019,978130,85692,79950,6259,86209,832
2021-01-15,Glenn,021,27897,2005,1824,390,2214,9
2021-01-15,Humboldt,023,135768,2446,2218,8,2226,22
2021-01-15,Imperial,025,180216,25750,24944,2114,27058,446
2021-01-15,Inyo,027,18085,969,814,8,822,25
2021-01-15,Kern,029,883053,82389,77873,7236,85109,719
2021-01-15,Kings,031,150075,19760,18661,738,19399,131
2021-01-15,Lake,033,64148,2677,2434,0,2434,28
2021-01-15,Lassen,035,31185,4793,4693,73,4766,1
2021-01-15,Los Angeles,037,10098052,1038274,968979,32270,1001249,13404
2021-01-15,Madera,039,155013,13806,12883,643,13526,85
2021-01-15,Marin,041,260295,11739,11310,111,11421,160
2021-01-15,Mariposa,043,17540,334,307,2,309,3
2021-01-15,Mendocino,045,87422,3047,2835,53,2888,31
2021-01-15,Merced,047,269075,24147,23060,595,23655,239
2021-01-15,Modoc,049,8938,294,278,85,363,0
2021-01-15,Mono,051,14174,1088,1057,12,1069,3
2021-01-15,Monterey,053,433212,36494,34460,1096,35556,243
2021-01-15,Napa,055,140530,7782,7231,30,7261,38
2021-01-15,Nevada,057,99092,3333,3099,128,3227,17
2021-01-15,Orange,059,3164182,217007,207129,8651,215780,2254
2021-01-15,Placer,061,380077,18225,16712,835,17547,173
2021-01-15,Plumas,063,18699,584,499,9,508,2
2021-01-15,Riverside,065,2383286,250985,235235,11619,246854,2458
2021-01-15,Sacramento,067,1510023,81730,80279,896,81175,1023
2021-01-15,San Benito,069,59416,4995,4766,51,4817,35
2021-01-15,San Bernardino,071,2135413,260101,246182,7347,253529,1726
2021-01-15,San Diego,073,3302833,224115,206868,10323,217191,2037
2021-01-15,San Francisco,075,870044,29567,28574,530,29104,242
2021-01-15,San Joaquin,077,732212,58507,55885,2219,58104,748
2021-01-15,San Luis Obispo,079,281455,16379,15129,399,15528,148
2021-01-15,San Mateo,081,765935,33812,31291,223,31514,208
2021-01-15,Santa Barbara,083,443738,25676,23487,738,24225,226
2021-01-15,Santa Clara,085,1922200,94990,90103,410,90513,942
2021-01-15,Santa Cruz,087,273765,13225,11776,584,12360,105
2021-01-15,Shasta,089,179085,9813,9459,972,10431,91
2021-01-15,Sierra,091,2930,44,36,7,43,0
2021-01-15,Siskiyou,093,43540,1235,1119,171,1290,4
2021-01-15,Solano,095,438530,25719,24222,274,24496,103
2021-01-15,Sonoma,097,501317,24247,23204,118,23322,222
2021-01-15,Stanislaus,099,539301,43548,41178,4197,45375,562
2021-01-15,Sutter,101,95872,7722,7484,63,7547,75
2021-01-15,Tehama,103,63373,3956,3714,421,4135,17
2021-01-15,Trinity,105,12862,437,262,63,325,3
2021-01-15,Tulare,107,460477,42616,39951,5502,45453,535
2021-01-15,Tuolumne,109,53932,3284,3231,30,3261,27
2021-01-15,Ventura,111,848112,62918,59061,2148,61209,353
2021-01-15,Yolo,113,214977,11168,10240,95,10335,134
2021-01-15,Yuba,115,75493,4786,4549,56,4605,27
2021-01-14,Alameda,001,1643700,68303,64364,1369,65733,686
2021-01-14,Alpine,003,1148,73,71,0,71,0
2021-01-14,Amador,005,37829,3026,2940,24,2964,28
2021-01-14,Butte,007,227075,9852,9127,1280,10407,129
2021-01-14,Calaveras,009,45235,1582,1513,7,1520,21
2021-01-14,Colusa,011,21464,1613,1535,161,1696,7
2021-01-14,Contra Costa,013,1133247,53054,49545,840,50385,415
2021-01-14,Del Norte,015,27424,861,821,2,823,2
2021-01-14,El Dorado,017,186661,7988,7321,506,7827,45
2021-01-14,Fresno,019,978130,85059,79033,6179,85212,814
2021-01-14,Glenn,021,27897,1993,1798,385,2183,9
2021-01-14,Humboldt,023,135768,2403,2169,8,2177,22
2021-01-14,Imperial,025,180216,25644,24882,2084,26966,447
2021-01-14,Inyo,027,18085,962,790,8,798,25
2021-01-14,Kern,029,883053,81718,77070,7135,84205,705
2021-01-14,Kings,031,150075,19630,18405,734,19139,108
2021-01-14,Lake,033,64148,2638,2378,0,2378,27
2021-01-14,Lassen,035,31185,4783,4673,71,4744,1
2021-01-14,Los Angeles,037,10098052,1028246,954652,31902,986554,13147
2021-01-14,Madera,039,155013,13691,12742,634,13376,85
2021-01-14,Marin,041,260295,11664,11155,110,11265,159
2021-01-14,Mariposa,043,17540,331,302,2,304,3
2021-01-14,Mendocino,045,87422,3033,2801,51,2852,31
2021-01-14,Merced,047,269075,23921,22780,585,23365,239
2021-01-14,Modoc,049,8938,294,273,85,358,0
2021-01-14,Mono,051,14174,1080,1020,12,1032,3
2021-01-14,Monterey,053,433212,36073,34105,1074,35179,242
2021-01-14,Napa,055,140530,7696,7117,30,7147,38
2021-01-14,Nevada,057,99092,3306,3075,126,3201,17
2021-01-14,Orange,059,3164182,215090,204442,8567,213009,2162
2021-01-14,Placer,061,380077,18064,16488,828,17316,169
2021-01-14,Plumas,063,18699,576,496,9,505,2
2021-01-14,Riverside,065,2383286,248339,231684,11518,243202,2357
2021-01-14,Sacramento,067,1510023,81091,79137,873,80010,1007
2021-01-14,San Benito,069,59416,4959,4678,50,4728,35
2021-01-14,San Bernardino,071,2135413,258117,243379,7276,250655,1750
2021-01-14,San Diego,073,3302833,221720,204173,10203,214376,2005
2021-01-14,San Francisco,075,870044,29321,28200,484,28684,238
2021-01-14,San Joaquin,077,732212,57989,55058,2206,57264,739
2021-01-14,San Luis Obispo,079,281455,16217,14851,390,15241,146
2021-01-14,San Mateo,081,765935,33443,30694,214,30908,208
2021-01-14,Santa Barbara,083,443738,25255,23126,721,23847,219
2021-01-14,Santa Clara,085,1922200,94079,88505,404,88909,910
2021-01-14,Santa Cruz,087,273765,13078,11583,569,12152,109
2021-01-14,Shasta,089,179085,9764,9334,956,10290,90
2021-01-14,Sierra,091,2930,44,35,6,41,0
2021-01-14,Siskiyou,093,43540,1223,1108,168,1276,3
2021-01-14,Solano,095,438530,25458,23782,270,24052,103
2021-01-14,Sonoma,097,501317,24007,22910,118,23028,202
2021-01-14,Stanislaus,099,539301,43221,40597,4156,44753,574
2021-01-14,Sutter,101,95872,7663,7416,60,7476,74
2021-01-14,Tehama,103,63373,3927,3664,417,4081,17
2021-01-14,Trinity,105,12862,437,261,62,323,3
2021-01-14,Tulare,107,460477,42231,39565,5393,44958,533
2021-01-14,Tuolumne,109,53932,3263,3215,30,3245,28
2021-01-14,Ventura,111,848112,62044,57941,2111,60052,347
2021-01-14,Yolo,113,214977,11064,10097,89,10186,135
2021-01-14,Yuba,115,75493,4754,4496,56,4552,27
2021-01-13,Alameda,001,1643700,67552,63568,1351,64919,690
2021-01-13,Alpine,003,1148,73,71,0,71,0
2021-01-13,Amador,005,37829,3012,2914,24,2938,26
2021-01-13,Butte,007,227075,9770,9013,1265,10278,126
2021-01-13,Calaveras,009,45235,1560,1493,7,1500,21
2021-01-13,Colusa,011,21464,1603,1524,153,1677,7
2021-01-13,Contra Costa,013,1133247,52481,48877,829,49706,403
2021-01-13,Del Norte,015,27424,857,820,2,822,2
2021-01-13,El Dorado,017,186661,7894,7247,498,7745,43
2021-01-13,Fresno,019,978130,84340,78278,6138,84416,804
2021-01-13,Glenn,021,27897,1977,1792,376,2168,9
2021-01-13,Humboldt,023,135768,2370,2114,8,2122,22
2021-01-13,Imperial,025,180216,25520,24717,2052,26769,463
2021-01-13,Inyo,027,18085,950,785,8,793,25
2021-01-13,Kern,029,883053,81061,76049,7045,83094,704
2021-01-13,Kings,031,150075,19463,18121,713,18834,108
2021-01-13,Lake,033,64148,2597,2305,0,2305,27
2021-01-13,Lassen,035,31185,4776,4663,70,4733,1
2021-01-13,Los Angeles,037,10098052,1017452,937985,31503,969488,12873
2021-01-13,Madera,039,155013,13575,12570,629,13199,85
2021-01-13,Marin,041,260295,11611,11039,110,11149,161
2021-01-13,Mariposa,043,17540,329,304,2,306,3
2021-01-13,Mendocino,045,87422,3013,2790,51,2841,31
2021-01-13,Merced,047,269075,23683,22497,571,23068,241
2021-01-13,Modoc,049,8938,293,274,82,356,0
2021-01-13,Mono,051,14174,1076,1017,12,1029,3
2021-01-13,Monterey,053,433212,35648,33748,1050,34798,241
2021-01-13,Napa,055,140530,7582,7028,30,7058,36
2021-01-13,Nevada,057,99092,3282,3037,123,3160,17
2021-01-13,Orange,059,3164182,213012,201158,8498,209656,2172
2021-01-13,Placer,061,380077,17939,16272,814,17086,172
2021-01-13,Plumas,063,18699,574,490,9,499,2
2021-01-13,Riverside,065,2383286,245194,228192,11405,239597,2278
2021-01-13,Sacramento,067,1510023,80430,78268,866,79134,996
2021-01-13,San Benito,069,59416,4903,4583,49,4632,35
2021-01-13,San Bernardino,071,2135413,255727,240191,7201,247392,1759
2021-01-13,San Diego,073,3302833,219106,201578,10100,211678,1952
2021-01-13,San Francisco,075,870044,29082,27863,464,28327,238
2021-01-13,San Joaquin,077,732212,57365,54373,2178,56551,738
2021-01-13,San Luis Obispo,079,281455,16062,14625,379,15004,140
2021-01-13,San Mateo,081,765935,33104,30195,212,30407,207
2021-01-13,Santa Barbara,083,443738,24813,22714,705,23419,216
2021-01-13,Santa Clara,085,1922200,93106,87187,400,87587,911
2021-01-13,Santa Cruz,087,273765,12905,11423,555,11978,110
2021-01-13,Shasta,089,179085,9700,9180,942,10122,93
2021-01-13,Sierra,091,2930,44,33,6,39,0
2021-01-13,Siskiyou,093,43540,1217,1102,164,1266,3
2021-01-13,Solano,095,438530,25180,23503,267,23770,105
2021-01-13,Sonoma,097,501317,23757,22610,117,22727,206
2021-01-13,Stanislaus,099,539301,42829,40167,4103,44270,574
2021-01-13,Sutter,101,95872,7617,7350,59,7409,73
2021-01-13,Tehama,103,63373,3876,3589,412,4001,17
2021-01-13,Trinity,105,12862,437,260,62,322,3
2021-01-13,Tulare,107,460477,41828,39129,5293,44422,522
2021-01-13,Tuolumne,109,53932,3249,3196,30,3226,28
2021-01-13,Ventura,111,848112,61032,56453,2071,58524,338
2021-01-13,Yolo,113,214977,10965,9933,87,10020,135
2021-01-13,Yuba,115,75493,4709,4448,53,4501,27
2021-01-12,Alameda,001,1643700,66728,62642,1333,63975,677
2021-01-12,Alpine,003,1148,73,71,0,71,0
2021-01-12,Amador,005,37829,2995,2897,24,2921,26
2021-01-12,Butte,007,227075,9682,8883,1250,10133,124
2021-01-12,Calaveras,009,45235,1524,1475,7,1482,21
2021-01-12,Colusa,011,21464,1591,1510,149,1659,7
2021-01-12,Contra Costa,013,1133247,51838,48242,815,49057,399
2021-01-12,Del Norte,015,27424,852,816,2,818,2
2021-01-12,El Dorado,017,186661,7810,7156,487,7643,41
2021-01-12,Fresno,019,978130,83469,77651,6070,83721,796
2021-01-12,Glenn,021,27897,1952,1781,372,2153,9
2021-01-12,Humboldt,023,135768,2316,2077,7,2084,22
2021-01-12,Imperial,025,180216,25429,24566,2011,26577,457
2021-01-12,Inyo,027,18085,932,773,8,781,25
2021-01-12,Kern,029,883053,80354,75320,6950,82270,689
2021-01-12,Kings,031,150075,19252,18072,703,18775,108
2021-01-12,Lake,033,64148,2549,2260,0,2260,27
2021-01-12,Lassen,035,31185,4754,4659,68,4727,1
2021-01-12,Los Angeles,037,10098052,1005789,926295,31105,957400,12610
2021-01-12,Madera,039,155013,13427,12485,620,13105,85
2021-01-12,Marin,041,260295,11504,10960,110,11070,157
2021-01-12,Mariposa,043,17540,326,302,2,304,3
2021-01-12,Mendocino,045,87422,2993,2762,47,2809,31
2021-01-12,Merced,047,269075,23432,22172,549,22721,239
2021-01-12,Modoc,049,8938,291,274,82,356,0
2021-01-12,Mono,051,14174,1066,1008,12,1020,3
2021-01-12,Monterey,053,433212,35157,33381,1033,34414,240
2021-01-12,Napa,055,140530,7499,6936,30,6966,36
2021-01-12,Nevada,057,99092,3254,3014,121,3135,17
2021-01-12,Orange,059,3164182,210731,198260,8412,206672,2142
2021-01-12,Placer,061,380077,17769,16087,808,16895,163
2021-01-12,Plumas,063,18699,568,483,9,492,2
2021-01-12,Riverside,065,2383286,242061,225580,11266,236846,2266
2021-01-12,Sacramento,067,1510023,79702,77201,858,78059,985
2021-01-12,San Benito,069,59416,4834,4515,49,4564,35
2021-01-12,San Bernardino,071,2135413,253146,237008,7132,244140,1739
2021-01-12,San Diego,073,3302833,216192,198317,9983,208300,1898
2021-01-12,San Francisco,075,870044,28805,27531,431,27962,238
2021-01-12,San Joaquin,077,732212,56725,53630,2150,55780,725
2021-01-12,San Luis Obispo,079,281455,15817,14367,371,14738,132
2021-01-12,San Mateo,081,765935,32713,29747,200,29947,206
2021-01-12,Santa Barbara,083,443738,24391,22182,685,22867,209
2021-01-12,Santa Clara,085,1922200,91992,86075,392,86467,904
2021-01-12,Santa Cruz,087,273765,12690,11267,540,11807,110
2021-01-12,Shasta,089,179085,9627,9086,929,10015,84
2021-01-12,Sierra,091,2930,43,33,6,39,0
2021-01-12,Siskiyou,093,43540,1207,1091,157,1248,3
2021-01-12,Solano,095,438530,24879,23160,263,23423,102
2021-01-12,Sonoma,097,501317,23452,22403,117,22520,205
2021-01-12,Stanislaus,099,539301,42390,39615,4068,43683,571
2021-01-12,Sutter,101,95872,7554,7276,58,7334,73
2021-01-12,Tehama,103,63373,3838,3567,407,3974,17
2021-01-12,Trinity,105,12862,437,258,62,320,3
2021-01-12,Tulare,107,460477,41367,38797,5177,43974,509
2021-01-12,Tuolumne,109,53932,3216,3178,30,3208,28
2021-01-12,Ventura,111,848112,60058,55342,2039,57381,324
2021-01-12,Yolo,113,214977,10829,9857,84,9941,133
2021-01-12,Yuba,115,75493,4664,4389,53,4442,27
2021-01-11,Alameda,001,1643700,65874,61949,1315,63264,652
2021-01-11,Alpine,003,1148,73,70,0,70,0
2021-01-11,Amador,005,37829,2981,2867,24,2891,24
2021-01-11,Butte,007,227075,9569,8757,1232,9989,119
2021-01-11,Calaveras,009,45235,1505,1460,7,1467,21
2021-01-11,Colusa,011,21464,1572,1494,144,1638,7
2021-01-11,Contra Costa,013,1133247,51157,47728,804,48532,398
2021-01-11,Del Norte,015,27424,848,810,2,812,2
2021-01-11,El Dorado,017,186661,7716,6987,480,7467,36
2021-01-11,Fresno,019,978130,82589,76581,5994,82575,775
2021-01-11,Glenn,021,27897,1925,1763,366,2129,9
2021-01-11,Humboldt,023,135768,2277,2069,7,2076,22
2021-01-11,Imperial,025,180216,25318,24418,1974,26392,453
2021-01-11,Inyo,027,18085,913,763,8,771,25
2021-01-11,Kern,029,883053,79493,74489,6851,81340,682
2021-01-11,Kings,031,150075,18989,17909,695,18604,108
2021-01-11,Lake,033,64148,2498,2205,0,2205,26
2021-01-11,Lassen,035,31185,4731,4647,68,4715,1
2021-01-11,Los Angeles,037,10098052,992560,914434,30643,945077,12304
2021-01-11,Madera,039,155013,13290,12366,609,12975,85
2021-01-11,Marin,041,260295,11405,10814,109,10923,156
2021-01-11,Mariposa,043,17540,319,296,2,298,3
2021-01-11,Mendocino,045,87422,2965,2728,47,2775,31
2021-01-11,Merced,047,269075,23109,21884,535,22419,238
2021-01-11,Modoc,049,8938,290,271,81,352,0
2021-01-11,Mono,051,14174,1060,1006,12,1018,3
2021-01-11,Monterey,053,433212,34618,32858,971,33829,239
2021-01-11,Napa,055,140530,7397,6822,30,6852,36
2021-01-11,Nevada,057,99092,3226,2980,121,3101,17
2021-01-11,Orange,059,3164182,208145,196340,8313,204653,2113
2021-01-11,Placer,061,380077,17590,15919,799,16718,163
2021-01-11,Plumas,063,18699,564,477,9,486,2
2021-01-11,Riverside,065,2383286,238555,222907,11122,234029,2222
2021-01-11,Sacramento,067,1510023,78769,76009,842,76851,974
2021-01-11,San Benito,069,59416,4762,4482,42,4524,34
2021-01-11,San Bernardino,071,2135413,250348,235543,7035,242578,1739
2021-01-11,San Diego,073,3302833,212923,194793,9823,204616,1857
2021-01-11,San Francisco,075,870044,28526,27264,411,27675,238
2021-01-11,San Joaquin,077,732212,56117,53002,2121,55123,725
2021-01-11,San Luis Obispo,079,281455,15446,14213,364,14577,126
2021-01-11,San Mateo,081,765935,32269,29355,188,29543,206
2021-01-11,Santa Barbara,083,443738,23940,21740,673,22413,200
2021-01-11,Santa Clara,085,1922200,90748,84851,384,85235,877
2021-01-11,Santa Cruz,087,273765,12510,11093,517,11610,106
2021-01-11,Shasta,089,179085,9529,8977,916,9893,81
2021-01-11,Sierra,091,2930,41,33,6,39,0
2021-01-11,Siskiyou,093,43540,1198,1087,155,1242,3
2021-01-11,Solano,095,438530,24558,22893,257,23150,101
2021-01-11,Sonoma,097,501317,23205,22191,117,22308,205
2021-01-11,Stanislaus,099,539301,41899,39149,4019,43168,571
2021-01-11,Sutter,101,95872,7495,7204,57,7261,71
2021-01-11,Tehama,103,63373,3776,3524,386,3910,17
2021-01-11,Trinity,105,12862,437,256,62,318,2
2021-01-11,Tulare,107,460477,40952,38380,5097,43477,497
2021-01-11,Tuolumne,109,53932,3205,3165,30,3195,27
2021-01-11,Ventura,111,848112,58921,54202,2015,56217,320
2021-01-11,Yolo,113,214977,10622,9699,83,9782,129
2021-01-11,Yuba,115,75493,4626,4349,46,4395,27
2021-01-10,Alameda,001,1643700,64892,61111,1287,62398,650
2021-01-10,Alpine,003,1148,73,70,0,70,0
2021-01-10,Amador,005,37829,2957,2861,24,2885,24
2021-01-10,Butte,007,227075,9448,8665,1206,9871,119
2021-01-10,Calaveras,009,45235,1482,1449,7,1456,21
2021-01-10,Colusa,011,21464,1550,1478,142,1620,7
2021-01-10,Contra Costa,013,1133247,50361,47109,785,47894,398
2021-01-10,Del Norte,015,27424,846,809,2,811,2
2021-01-10,El Dorado,017,186661,7628,6904,463,7367,36
2021-01-10,Fresno,019,978130,81779,75621,5872,81493,775
2021-01-10,Glenn,021,27897,1906,1746,358,2104,9
2021-01-10,Humboldt,023,135768,2216,2049,7,2056,22
2021-01-10,Imperial,025,180216,25160,24233,1924,26157,453
2021-01-10,Inyo,027,18085,886,748,8,756,25
2021-01-10,Kern,029,883053,78662,73712,6721,80433,679
2021-01-10,Kings,031,150075,18770,17812,688,18500,108
2021-01-10,Lake,033,64148,2443,2174,0,2174,26
2021-01-10,Lassen,035,31185,4709,4642,68,4710,1
2021-01-10,Los Angeles,037,10098052,977948,901783,30026,931809,12170
2021-01-10,Madera,039,155013,13099,12179,592,12771,85
2021-01-10,Marin,041,260295,11282,10737,108,10845,155
2021-01-10,Mariposa,043,17540,319,291,2,293,3
2021-01-10,Mendocino,045,87422,2934,2706,43,2749,31
2021-01-10,Merced,047,269075,22838,21691,524,22215,238
2021-01-10,Modoc,049,8938,290,271,79,350,0
2021-01-10,Mono,051,14174,1042,965,12,977,3
2021-01-10,Monterey,053,433212,34178,32571,939,33510,237
2021-01-10,Napa,055,140530,7293,6687,28,6715,36
2021-01-10,Nevada,057,99092,3207,2959,117,3076,17
2021-01-10,Orange,059,3164182,205366,193766,8191,201957,2104
2021-01-10,Placer,061,380077,17401,15779,779,16558,163
2021-01-10,Plumas,063,18699,554,477,9,486,2
2021-01-10,Riverside,065,2383286,235193,219486,10933,230419,2216
2021-01-10,Sacramento,067,1510023,77808,75394,815,76209,965
2021-01-10,San Benito,069,59416,4660,4434,41,4475,34
2021-01-10,San Bernardino,071,2135413,246933,232171,6932,239103,1736
2021-01-10,San Diego,073,3302833,209255,191886,9656,201542,1857
2021-01-10,San Francisco,075,870044,28145,27054,380,27434,238
2021-01-10,San Joaquin,077,732212,55307,52535,2088,54623,725
2021-01-10,San Luis Obispo,079,281455,15117,13968,352,14320,122
2021-01-10,San Mateo,081,765935,31779,28972,174,29146,206
2021-01-10,Santa Barbara,083,443738,23381,21290,658,21948,200
2021-01-10,Santa Clara,085,1922200,89566,83779,375,84154,858
2021-01-10,Santa Cruz,087,273765,12297,10951,499,11450,106
2021-01-10,Shasta,089,179085,9417,8936,901,9837,81
2021-01-10,Sierra,091,2930,40,32,6,38,0
2021-01-10,Siskiyou,093,43540,1192,1075,152,1227,3
2021-01-10,Solano,095,438530,24157,22621,254,22875,101
2021-01-10,Sonoma,097,501317,22929,21925,116,22041,204
2021-01-10,Stanislaus,099,539301,41325,38809,3942,42751,571
2021-01-10,Sutter,101,95872,7434,7133,54,7187,71
2021-01-10,Tehama,103,63373,3703,3504,374,3878,17
2021-01-10,Trinity,105,12862,437,253,60,313,2
2021-01-10,Tulare,107,460477,40537,38012,4979,42991,497
2021-01-10,Tuolumne,109,53932,3171,3143,29,3172,27
2021-01-10,Ventura,111,848112,57652,53095,1972,55067,319
2021-01-10,Yolo,113,214977,10469,9610,83,9693,129
2021-01-10,Yuba,115,75493,4573,4300,43,4343,27
2021-01-09,Alameda,001,1643700,64348,60125,1271,61396,649
2021-01-09,Alpine,003,1148,73,70,0,70,0
2021-01-09,Amador,005,37829,2950,2809,24,2833,24
2021-01-09,Butte,007,227075,9369,8552,1182,9734,118
2021-01-09,Calaveras,009,45235,1472,1425,7,1432,21
2021-01-09,Colusa,011,21464,1543,1468,141,1609,7
2021-01-09,Contra Costa,013,1133247,50006,46406,770,47176,393
2021-01-09,Del Norte,015,27424,844,802,2,804,2
2021-01-09,El Dorado,017,186661,7595,6800,460,7260,36
2021-01-09,Fresno,019,978130,81370,74816,5832,80648,773
2021-01-09,Glenn,021,27897,1891,1707,355,2062,9
2021-01-09,Humboldt,023,135768,2198,2026,7,2033,22
2021-01-09,Imperial,025,180216,25091,24028,1911,25939,448
2021-01-09,Inyo,027,18085,877,734,8,742,25
2021-01-09,Kern,029,883053,78193,73015,6644,79659,677
2021-01-09,Kings,031,150075,18675,17679,684,18363,108
2021-01-09,Lake,033,64148,2407,2144,0,2144,26
2021-01-09,Lassen,035,31185,4697,4613,68,4681,1
2021-01-09,Los Angeles,037,10098052,972370,887949,29596,917545,12011
2021-01-09,Madera,039,155013,13004,12063,586,12649,85
2021-01-09,Marin,041,260295,11221,10634,107,10741,154
2021-01-09,Mariposa,043,17540,316,287,2,289,3
2021-01-09,Mendocino,045,87422,2916,2664,43,2707,31
2021-01-09,Merced,047,269075,22696,21357,515,21872,237
2021-01-09,Modoc,049,8938,290,271,78,349,0
2021-01-09,Mono,051,14174,1037,964,12,976,3
2021-01-09,Monterey,053,433212,34027,31948,929,32877,235
2021-01-09,Napa,055,140530,7223,6594,25,6619,36
2021-01-09,Nevada,057,99092,3185,2932,114,3046,17
2021-01-09,Orange,059,3164182,203851,191004,8099,199103,2034
2021-01-09,Placer,061,380077,17294,15609,777,16386,162
2021-01-09,Plumas,063,18699,552,477,9,486,2
2021-01-09,Riverside,065,2383286,233439,216076,10797,226873,2201
2021-01-09,Sacramento,067,1510023,77276,74482,810,75292,953
2021-01-09,San Benito,069,59416,4608,4335,41,4376,34
2021-01-09,San Bernardino,071,2135413,245714,228857,6865,235722,1714
2021-01-09,San Diego,073,3302833,207561,188598,9536,198134,1824
2021-01-09,San Francisco,075,870044,27975,26708,339,27047,235
2021-01-09,San Joaquin,077,732212,54979,51927,2069,53996,724
2021-01-09,San Luis Obispo,079,281455,14993,13647,341,13988,121
2021-01-09,San Mateo,081,765935,31480,28512,167,28679,205
2021-01-09,Santa Barbara,083,443738,23169,20971,653,21624,197
2021-01-09,Santa Clara,085,1922200,88726,82269,363,82632,808
2021-01-09,Santa Cruz,087,273765,12201,10717,493,11210,107
2021-01-09,Shasta,089,179085,9384,8893,897,9790,81
2021-01-09,Sierra,091,2930,38,32,6,38,0
2021-01-09,Siskiyou,093,43540,1188,1062,147,1209,3
2021-01-09,Solano,095,438530,23998,22226,252,22478,101
2021-01-09,Sonoma,097,501317,22807,21393,116,21509,202
2021-01-09,Stanislaus,099,539301,41034,38403,3908,42311,567
2021-01-09,Sutter,101,95872,7398,7072,53,7125,69
2021-01-09,Tehama,103,63373,3671,3451,363,3814,15
2021-01-09,Trinity,105,12862,437,252,60,312,2
2021-01-09,Tulare,107,460477,40287,37684,4915,42599,496
2021-01-09,Tuolumne,109,53932,3163,3117,28,3145,26
2021-01-09,Ventura,111,848112,56824,51988,1946,53934,306
2021-01-09,Yolo,113,214977,10398,9524,82,9606,129
2021-01-09,Yuba,115,75493,4542,4265,43,4308,27
2021-01-08,Alameda,001,1643700,63786,59172,1262,60434,646
2021-01-08,Alpine,003,1148,73,70,0,70,0
2021-01-08,Amador,005,37829,2943,2792,24,2816,24
2021-01-08,Butte,007,227075,9309,8430,1168,9598,115
2021-01-08,Calaveras,009,45235,1458,1385,7,1392,21
2021-01-08,Colusa,011,21464,1531,1448,140,1588,7
2021-01-08,Contra Costa,013,1133247,49470,45667,766,46433,381
2021-01-08,Del Norte,015,27424,842,795,2,797,2
2021-01-08,El Dorado,017,186661,7525,6690,448,7138,36
2021-01-08,Fresno,019,978130,80557,73689,5774,79463,771
2021-01-08,Glenn,021,27897,1876,1680,350,2030,9
2021-01-08,Humboldt,023,135768,2174,1988,7,1995,22
2021-01-08,Imperial,025,180216,25026,23751,1896,25647,446
2021-01-08,Inyo,027,18085,862,682,8,690,24
2021-01-08,Kern,029,883053,77629,71978,6571,78549,674
2021-01-08,Kings,031,150075,18547,17441,679,18120,108
2021-01-08,Lake,033,64148,2379,2098,0,2098,26
2021-01-08,Lassen,035,31185,4689,4598,66,4664,1
2021-01-08,Los Angeles,037,10098052,961555,871188,29176,900364,11796
2021-01-08,Madera,039,155013,12854,11846,577,12423,85
2021-01-08,Marin,041,260295,11129,10531,107,10638,153
2021-01-08,Mariposa,043,17540,315,273,2,275,3
2021-01-08,Mendocino,045,87422,2897,2634,40,2674,31
2021-01-08,Merced,047,269075,22501,20862,510,21372,236
2021-01-08,Modoc,049,8938,290,266,78,344,0
2021-01-08,Mono,051,14174,1027,951,12,963,3
2021-01-08,Monterey,053,433212,33774,31543,919,32462,224
2021-01-08,Napa,055,140530,7153,6544,25,6569,32
2021-01-08,Nevada,057,99092,3163,2888,114,3002,17
2021-01-08,Orange,059,3164182,201853,186608,8013,194621,1991
2021-01-08,Placer,061,380077,17162,15401,770,16171,161
2021-01-08,Plumas,063,18699,546,465,9,474,2
2021-01-08,Riverside,065,2383286,231035,212122,10674,222796,2184
2021-01-08,Sacramento,067,1510023,76703,73245,804,74049,939
2021-01-08,San Benito,069,59416,4571,4225,40,4265,33
2021-01-08,San Bernardino,071,2135413,243836,224267,6794,231061,1703
2021-01-08,San Diego,073,3302833,205023,185060,9442,194502,1771
2021-01-08,San Francisco,075,870044,27724,26378,317,26695,207
2021-01-08,San Joaquin,077,732212,54654,50990,2041,53031,710
2021-01-08,San Luis Obispo,079,281455,14860,13286,329,13615,119
2021-01-08,San Mateo,081,765935,31131,28072,165,28237,204
2021-01-08,Santa Barbara,083,443738,22883,20461,648,21109,189
2021-01-08,Santa Clara,085,1922200,87782,80561,360,80921,789
2021-01-08,Santa Cruz,087,273765,12060,10486,485,10971,106
2021-01-08,Shasta,089,179085,9334,8772,882,9654,81
2021-01-08,Sierra,091,2930,38,31,6,37,0
2021-01-08,Siskiyou,093,43540,1185,1027,146,1173,3
2021-01-08,Solano,095,438530,23826,21832,249,22081,100
2021-01-08,Sonoma,097,501317,22665,21178,116,21294,201
2021-01-08,Stanislaus,099,539301,40735,37858,3874,41732,566
2021-01-08,Sutter,101,95872,7348,6982,53,7035,68
2021-01-08,Tehama,103,63373,3647,3406,360,3766,15
2021-01-08,Trinity,105,12862,437,247,60,307,2
2021-01-08,Tulare,107,460477,40019,36946,4820,41766,491
2021-01-08,Tuolumne,109,53932,3155,3099,28,3127,19
2021-01-08,Ventura,111,848112,55958,50553,1922,52475,294
2021-01-08,Yolo,113,214977,10309,9391,82,9473,129
2021-01-08,Yuba,115,75493,4500,4195,42,4237,26
2021-01-07,Alameda,001,1643700,62930,57921,1235,59156,632
2021-01-07,Alpine,003,1148,71,70,0,70,0
2021-01-07,Amador,005,37829,2930,2740,23,2763,24
2021-01-07,Butte,007,227075,9212,8278,1147,9425,112
2021-01-07,Calaveras,009,45235,1441,1342,6,1348,21
2021-01-07,Colusa,011,21464,1519,1420,133,1553,7
2021-01-07,Contra Costa,013,1133247,48693,44756,752,45508,376
2021-01-07,Del Norte,015,27424,840,791,2,793,2
2021-01-07,El Dorado,017,186661,7424,6545,438,6983,36
2021-01-07,Fresno,019,978130,79601,72557,5674,78231,765
2021-01-07,Glenn,021,27897,1858,1639,340,1979,9
2021-01-07,Humboldt,023,135768,2147,1954,7,1961,22
2021-01-07,Imperial,025,180216,24846,23608,1845,25453,431
2021-01-07,Inyo,027,18085,850,656,8,664,20
2021-01-07,Kern,029,883053,76767,70953,6423,77376,660
2021-01-07,Kings,031,150075,18421,17238,670,17908,108
2021-01-07,Lake,033,64148,2326,2054,0,2054,26
2021-01-07,Lassen,035,31185,4684,4581,64,4645,1
2021-01-07,Los Angeles,037,10098052,946635,853187,28645,881832,11480
2021-01-07,Madera,039,155013,12699,11644,567,12211,76
2021-01-07,Marin,041,260295,11040,10364,105,10469,153
2021-01-07,Mariposa,043,17540,313,264,2,266,3
2021-01-07,Mendocino,045,87422,2843,2585,35,2620,30
2021-01-07,Merced,047,269075,22179,20510,494,21004,234
2021-01-07,Modoc,049,8938,290,265,78,343,0
2021-01-07,Mono,051,14174,1016,905,12,917,3
2021-01-07,Monterey,053,433212,33270,30903,896,31799,222
2021-01-07,Napa,055,140530,7044,6408,25,6433,32
2021-01-07,Nevada,057,99092,3129,2847,109,2956,17
2021-01-07,Orange,059,3164182,199017,181922,7914,189836,1974
2021-01-07,Placer,061,380077,16985,15155,742,15897,144
2021-01-07,Plumas,063,18699,544,454,9,463,2
2021-01-07,Riverside,065,2383286,227577,208177,10524,218701,2156
2021-01-07,Sacramento,067,1510023,75798,72342,783,73125,919
2021-01-07,San Benito,069,59416,4510,4112,38,4150,33
2021-01-07,San Bernardino,071,2135413,240398,219691,6710,226401,1666
2021-01-07,San Diego,073,3302833,201717,180510,9264,189774,1738
2021-01-07,San Francisco,075,870044,27398,25885,304,26189,202
2021-01-07,San Joaquin,077,732212,53984,50156,2012,52168,689
2021-01-07,San Luis Obispo,079,281455,14622,12810,316,13126,118
2021-01-07,San Mateo,081,765935,30621,27494,162,27656,201
2021-01-07,Santa Barbara,083,443738,22456,19931,637,20568,187
2021-01-07,Santa Clara,085,1922200,86662,78808,356,79164,775
2021-01-07,Santa Cruz,087,273765,11851,10228,477,10705,104
2021-01-07,Shasta,089,179085,9246,8612,874,9486,81
2021-01-07,Sierra,091,2930,38,31,6,37,0
2021-01-07,Siskiyou,093,43540,1180,1010,145,1155,3
2021-01-07,Solano,095,438530,23436,21384,245,21629,100
2021-01-07,Sonoma,097,501317,22403,20857,115,20972,200
2021-01-07,Stanislaus,099,539301,40318,37296,3822,41118,553
2021-01-07,Sutter,101,95872,7289,6890,52,6942,65
2021-01-07,Tehama,103,63373,3623,3330,352,3682,15
2021-01-07,Trinity,105,12862,437,247,60,307,2
2021-01-07,Tulare,107,460477,39632,36397,4690,41087,482
2021-01-07,Tuolumne,109,53932,3135,3068,27,3095,14
2021-01-07,Ventura,111,848112,54797,49083,1894,50977,288
2021-01-07,Yolo,113,214977,10167,9207,80,9287,128
2021-01-07,Yuba,115,75493,4460,4128,42,4170,25
2021-01-06,Alameda,001,1643700,62077,57081,1208,58289,616
2021-01-06,Alpine,003,1148,71,70,0,70,0
2021-01-06,Amador,005,37829,2909,2717,22,2739,24
2021-01-06,Butte,007,227075,9097,8147,1128,9275,110
2021-01-06,Calaveras,009,45235,1418,1321,6,1327,21
2021-01-06,Colusa,011,21464,1499,1385,128,1513,7
2021-01-06,Contra Costa,013,1133247,47897,44054,736,44790,358
2021-01-06,Del Norte,015,27424,834,780,2,782,2
2021-01-06,El Dorado,017,186661,7312,6397,424,6821,35
2021-01-06,Fresno,019,978130,78758,71404,5572,76976,752
2021-01-06,Glenn,021,27897,1832,1622,336,1958,9
2021-01-06,Humboldt,023,135768,2121,1912,7,1919,22
2021-01-06,Imperial,025,180216,24599,23400,1802,25202,431
2021-01-06,Inyo,027,18085,834,630,8,638,20
2021-01-06,Kern,029,883053,75824,69893,6297,76190,646
2021-01-06,Kings,031,150075,18223,17019,651,17670,108
2021-01-06,Lake,033,64148,2292,2033,0,2033,26
2021-01-06,Lassen,035,31185,4672,4560,60,4620,1
2021-01-06,Los Angeles,037,10098052,930674,835052,27961,863013,11285
2021-01-06,Madera,039,155013,12565,11407,560,11967,67
2021-01-06,Marin,041,260295,10917,10282,104,10386,153
2021-01-06,Mariposa,043,17540,310,259,2,261,3
2021-01-06,Mendocino,045,87422,2813,2561,35,2596,30
2021-01-06,Merced,047,269075,21844,20258,479,20737,232
2021-01-06,Modoc,049,8938,290,263,78,341,0
2021-01-06,Mono,051,14174,985,905,12,917,3
2021-01-06,Monterey,053,433212,32669,30387,865,31252,222
2021-01-06,Napa,055,140530,6914,6342,25,6367,32
2021-01-06,Nevada,057,99092,3109,2805,108,2913,15
2021-01-06,Orange,059,3164182,195584,177686,7773,185459,1935
2021-01-06,Placer,061,380077,16796,14940,724,15664,134
2021-01-06,Plumas,063,18699,536,445,9,454,2
2021-01-06,Riverside,065,2383286,223562,203714,10338,214052,2121
2021-01-06,Sacramento,067,1510023,74774,71572,766,72338,909
2021-01-06,San Benito,069,59416,4434,4031,37,4068,32
2021-01-06,San Bernardino,071,2135413,236707,215286,6607,221893,1634
2021-01-06,San Diego,073,3302833,198217,176660,9093,185753,1691
2021-01-06,San Francisco,075,870044,27033,25424,296,25720,199
2021-01-06,San Joaquin,077,732212,53251,49286,1970,51256,673
2021-01-06,San Luis Obispo,079,281455,14229,12305,309,12614,115
2021-01-06,San Mateo,081,765935,30196,27050,159,27209,200
2021-01-06,Santa Barbara,083,443738,21967,19453,628,20081,177
2021-01-06,Santa Clara,085,1922200,85341,77485,349,77834,746
2021-01-06,Santa Cruz,087,273765,11632,9954,459,10413,97
2021-01-06,Shasta,089,179085,9176,8482,867,9349,78
2021-01-06,Sierra,091,2930,37,31,6,37,0
2021-01-06,Siskiyou,093,43540,1168,998,141,1139,3
2021-01-06,Solano,095,438530,23058,21102,242,21344,99
2021-01-06,Sonoma,097,501317,22096,20558,115,20673,196
2021-01-06,Stanislaus,099,539301,39751,36751,3762,40513,553
2021-01-06,Sutter,101,95872,7208,6839,51,6890,59
2021-01-06,Tehama,103,63373,3594,3306,346,3652,15
2021-01-06,Trinity,105,12862,437,246,60,306,2
2021-01-06,Tulare,107,460477,39139,35882,4595,40477,465
2021-01-06,Tuolumne,109,53932,3114,3008,27,3035,14
2021-01-06,Ventura,111,848112,53553,47428,1870,49298,280
2021-01-06,Yolo,113,214977,10003,9083,77,9160,127
2021-01-06,Yuba,115,75493,4410,4097,42,4139,25
2021-01-05,Alameda,001,1643700,60961,56432,1178,57610,602
2021-01-05,Alpine,003,1148,71,70,0,70,0
2021-01-05,Amador,005,37829,2869,2695,22,2717,24
2021-01-05,Butte,007,227075,8956,8008,1101,9109,107
2021-01-05,Calaveras,009,45235,1371,1292,6,1298,21
2021-01-05,Colusa,011,21464,1476,1376,122,1498,7
2021-01-05,Contra Costa,013,1133247,47037,43442,724,44166,353
2021-01-05,Del Norte,015,27424,828,770,2,772,2
2021-01-05,El Dorado,017,186661,7194,6270,403,6673,32
2021-01-05,Fresno,019,978130,77538,70971,5481,76452,741
2021-01-05,Glenn,021,27897,1809,1608,320,1928,9
2021-01-05,Humboldt,023,135768,2085,1884,7,1891,22
2021-01-05,Imperial,025,180216,24428,23165,1760,24925,421
2021-01-05,Inyo,027,18085,820,627,8,635,20
2021-01-05,Kern,029,883053,74747,68257,6162,74419,624
2021-01-05,Kings,031,150075,18025,16860,629,17489,108
2021-01-05,Lake,033,64148,2246,2015,0,2015,25
2021-01-05,Lassen,035,31185,4657,4554,56,4610,1
2021-01-05,Los Angeles,037,10098052,911935,823783,27299,851082,11028
2021-01-05,Madera,039,155013,12395,11359,548,11907,67
2021-01-05,Marin,041,260295,10769,10214,103,10317,151
2021-01-05,Mariposa,043,17540,304,257,2,259,3
2021-01-05,Mendocino,045,87422,2777,2501,35,2536,30
2021-01-05,Merced,047,269075,21492,20051,467,20518,230
2021-01-05,Modoc,049,8938,290,254,78,332,0
2021-01-05,Mono,051,14174,979,896,12,908,3
2021-01-05,Monterey,053,433212,32122,30045,832,30877,213
2021-01-05,Napa,055,140530,6827,6264,25,6289,29
2021-01-05,Nevada,057,99092,3081,2781,106,2887,15
2021-01-05,Orange,059,3164182,191954,174869,7583,182452,1918
2021-01-05,Placer,061,380077,16573,14723,701,15424,133
2021-01-05,Plumas,063,18699,529,428,9,437,2
2021-01-05,Riverside,065,2383286,219438,200439,10169,210608,2069
2021-01-05,Sacramento,067,1510023,73846,70677,740,71417,888
2021-01-05,San Benito,069,59416,4332,3961,35,3996,28
2021-01-05,San Bernardino,071,2135413,232740,212522,6491,219013,1615
2021-01-05,San Diego,073,3302833,194077,172845,8879,181724,1654
2021-01-05,San Francisco,075,870044,26662,24989,280,25269,196
2021-01-05,San Joaquin,077,732212,52392,48969,1926,50895,663
2021-01-05,San Luis Obispo,079,281455,13832,12027,299,12326,106
2021-01-05,San Mateo,081,765935,29715,26486,157,26643,198
2021-01-05,Santa Barbara,083,443738,21520,19063,620,19683,172
2021-01-05,Santa Clara,085,1922200,83792,76355,337,76692,729
2021-01-05,Santa Cruz,087,273765,11359,9753,435,10188,93
2021-01-05,Shasta,089,179085,9069,8345,849,9194,73
2021-01-05,Sierra,091,2930,37,31,6,37,0
2021-01-05,Siskiyou,093,43540,1156,985,139,1124,3
2021-01-05,Solano,095,438530,22649,20860,237,21097,97
2021-01-05,Sonoma,097,501317,21737,20247,114,20361,194
2021-01-05,Stanislaus,099,539301,39207,36363,3711,40074,553
2021-01-05,Sutter,101,95872,7111,6769,50,6819,59
2021-01-05,Tehama,103,63373,3540,3255,342,3597,9
2021-01-05,Trinity,105,12862,437,246,60,306,2
2021-01-05,Tulare,107,460477,38564,35585,4454,40039,455
2021-01-05,Tuolumne,109,53932,3090,2996,22,3018,13
2021-01-05,Ventura,111,848112,52309,46456,1848,48304,264
2021-01-05,Yolo,113,214977,9824,8980,75,9055,127
2021-01-05,Yuba,115,75493,4351,4053,41,4094,21
2021-01-04,Alameda,001,1643700,59744,55899,1144,57043,583
2021-01-04,Alpine,003,1148,71,68,0,68,0
2021-01-04,Amador,005,37829,2829,2596,22,2618,24
2021-01-04,Butte,007,227075,8797,7893,1080,8973,105
2021-01-04,Calaveras,009,45235,1330,1276,5,1281,21
2021-01-04,Colusa,011,21464,1451,1368,108,1476,7
2021-01-04,Contra Costa,013,1133247,46178,43019,700,43719,353
2021-01-04,Del Norte,015,27424,817,770,2,772,2
2021-01-04,El Dorado,017,186661,7060,6152,388,6540,27
2021-01-04,Fresno,019,978130,76270,69871,5383,75254,726
2021-01-04,Glenn,021,27897,1776,1590,315,1905,9
2021-01-04,Humboldt,023,135768,2048,1845,7,1852,22
2021-01-04,Imperial,025,180216,24280,23035,1709,24744,420
2021-01-04,Inyo,027,18085,794,623,8,631,20
2021-01-04,Kern,029,883053,73664,67418,5968,73386,623
2021-01-04,Kings,031,150075,17749,16801,605,17406,108
2021-01-04,Lake,033,64148,2210,1984,0,1984,25
2021-01-04,Lassen,035,31185,4635,4550,55,4605,1
2021-01-04,Los Angeles,037,10098052,891799,813022,26451,839473,10790
2021-01-04,Madera,039,155013,12179,11204,527,11731,67
2021-01-04,Marin,041,260295,10629,10115,101,10216,151
2021-01-04,Mariposa,043,17540,298,253,2,255,3
2021-01-04,Mendocino,045,87422,2737,2460,31,2491,28
2021-01-04,Merced,047,269075,21078,19804,448,20252,230
2021-01-04,Modoc,049,8938,274,250,76,326,0
2021-01-04,Mono,051,14174,968,895,12,907,3
2021-01-04,Monterey,053,433212,31507,29659,811,30470,212
2021-01-04,Napa,055,140530,6686,6187,25,6212,29
2021-01-04,Nevada,057,99092,3043,2765,103,2868,15
2021-01-04,Orange,059,3164182,188070,172458,7461,179919,1918
2021-01-04,Placer,061,380077,16314,14622,688,15310,133
2021-01-04,Plumas,063,18699,519,419,9,428,1
2021-01-04,Riverside,065,2383286,214889,196809,9983,206792,2066
2021-01-04,Sacramento,067,1510023,72793,70164,731,70895,870
2021-01-04,San Benito,069,59416,4219,3914,35,3949,28
2021-01-04,San Bernardino,071,2135413,228476,210868,6343,217211,1615
2021-01-04,San Diego,073,3302833,189503,171031,8683,179714,1598
2021-01-04,San Francisco,075,870044,26276,24753,274,25027,191
2021-01-04,San Joaquin,077,732212,51502,48644,1885,50529,661
2021-01-04,San Luis Obispo,079,281455,13346,11945,292,12237,96
2021-01-04,San Mateo,081,765935,29151,26150,152,26302,198
2021-01-04,Santa Barbara,083,443738,20997,18735,591,19326,165
2021-01-04,Santa Clara,085,1922200,82037,75297,330,75627,727
2021-01-04,Santa Cruz,087,273765,11071,9680,418,10098,85
2021-01-04,Shasta,089,179085,8964,8224,832,9056,72
2021-01-04,Sierra,091,2930,36,30,6,36,0
2021-01-04,Siskiyou,093,43540,1139,980,136,1116,3
2021-01-04,Solano,095,438530,22148,20588,229,20817,97
2021-01-04,Sonoma,097,501317,21399,20210,113,20323,194
2021-01-04,Stanislaus,099,539301,38644,36141,3656,39797,553
2021-01-04,Sutter,101,95872,7015,6712,49,6761,56
2021-01-04,Tehama,103,63373,3471,3190,337,3527,9
2021-01-04,Trinity,105,12862,434,245,60,305,2
2021-01-04,Tulare,107,460477,38024,35060,4354,39414,455
2021-01-04,Tuolumne,109,53932,3065,2987,22,3009,13
2021-01-04,Ventura,111,848112,50806,45014,1828,46842,255
2021-01-04,Yolo,113,214977,9629,8834,75,8909,121
2021-01-04,Yuba,115,75493,4296,4023,41,4064,21
2021-01-03,Alameda,001,1643700,58494,55082,1117,56199,580
2021-01-03,Alpine,003,1148,69,68,0,68,0
2021-01-03,Amador,005,37829,2772,2565,22,2587,24
2021-01-03,Butte,007,227075,8603,7837,1034,8871,105
2021-01-03,Calaveras,009,45235,1293,1249,3,1252,21
2021-01-03,Colusa,011,21464,1423,1337,102,1439,7
2021-01-03,Contra Costa,013,1133247,45292,42432,679,43111,352
2021-01-03,Del Norte,015,27424,806,768,2,770,2
2021-01-03,El Dorado,017,186661,6932,6034,371,6405,27
2021-01-03,Fresno,019,978130,75123,69326,5267,74593,719
2021-01-03,Glenn,021,27897,1751,1581,309,1890,9
2021-01-03,Humboldt,023,135768,2011,1833,7,1840,21
2021-01-03,Imperial,025,180216,24039,22951,1631,24582,419
2021-01-03,Inyo,027,18085,775,615,8,623,20
2021-01-03,Kern,029,883053,72402,66895,5793,72688,609
2021-01-03,Kings,031,150075,17473,16593,576,17169,108
2021-01-03,Lake,033,64148,2164,1976,0,1976,24
2021-01-03,Lassen,035,31185,4602,4531,54,4585,1
2021-01-03,Los Angeles,037,10098052,869739,792168,25406,817574,10633
2021-01-03,Madera,039,155013,11951,11152,504,11656,67
2021-01-03,Marin,041,260295,10478,10034,97,10131,150
2021-01-03,Mariposa,043,17540,291,248,2,250,3
2021-01-03,Mendocino,045,87422,2697,2445,29,2474,24
2021-01-03,Merced,047,269075,20611,19600,422,20022,230
2021-01-03,Modoc,049,8938,270,245,75,320,0
2021-01-03,Mono,051,14174,943,893,12,905,3
2021-01-03,Monterey,053,433212,30916,29357,776,30133,191
2021-01-03,Napa,055,140530,6585,6094,25,6119,29
2021-01-03,Nevada,057,99092,2982,2742,100,2842,15
2021-01-03,Orange,059,3164182,183879,169881,7272,177153,1919
2021-01-03,Placer,061,380077,16064,14319,665,14984,133
2021-01-03,Plumas,063,18699,506,416,9,425,1
2021-01-03,Riverside,065,2383286,210015,195048,9736,204784,2005
2021-01-03,Sacramento,067,1510023,71586,68558,710,69268,859
2021-01-03,San Benito,069,59416,4123,3882,34,3916,28
2021-01-03,San Bernardino,071,2135413,223199,208294,6173,214467,1592
2021-01-03,San Diego,073,3302833,184243,168018,8454,176472,1592
2021-01-03,San Francisco,075,870044,25786,24588,256,24844,193
2021-01-03,San Joaquin,077,732212,50393,47899,1830,49729,661
2021-01-03,San Luis Obispo,079,281455,12878,11636,284,11920,95
2021-01-03,San Mateo,081,765935,28557,25770,145,25915,196
2021-01-03,Santa Barbara,083,443738,20264,18267,576,18843,164
2021-01-03,Santa Clara,085,1922200,80448,74534,324,74858,720
2021-01-03,Santa Cruz,087,273765,10766,9528,403,9931,84
2021-01-03,Shasta,089,179085,8837,8192,792,8984,72
2021-01-03,Sierra,091,2930,36,30,6,36,0
2021-01-03,Siskiyou,093,43540,1106,976,127,1103,3
2021-01-03,Solano,095,438530,21615,20105,223,20328,97
2021-01-03,Sonoma,097,501317,21012,19982,111,20093,193
2021-01-03,Stanislaus,099,539301,37937,35762,3573,39335,553
2021-01-03,Sutter,101,95872,6918,6664,48,6712,53
2021-01-03,Tehama,103,63373,3417,3176,329,3505,9
2021-01-03,Trinity,105,12862,429,243,58,301,2
2021-01-03,Tulare,107,460477,37448,34747,4209,38956,455
2021-01-03,Tuolumne,109,53932,3004,2978,19,2997,13
2021-01-03,Ventura,111,848112,48980,43748,1811,45559,254
2021-01-03,Yolo,113,214977,9467,8674,74,8748,121
2021-01-03,Yuba,115,75493,4245,3966,40,4006,20
2021-01-02,Alameda,001,1643700,57874,54518,1086,55604,581
2021-01-02,Alpine,003,1148,69,68,0,68,0
2021-01-02,Amador,005,37829,2753,2540,22,2562,24
2021-01-02,Butte,007,227075,8497,7750,1013,8763,105
2021-01-02,Calaveras,009,45235,1273,1230,3,1233,21
2021-01-02,Colusa,011,21464,1412,1332,101,1433,7
2021-01-02,Contra Costa,013,1133247,44746,41993,671,42664,352
2021-01-02,Del Norte,015,27424,804,764,2,766,2
2021-01-02,El Dorado,017,186661,6877,5959,367,6326,27
2021-01-02,Fresno,019,978130,74580,68740,5156,73896,717
2021-01-02,Glenn,021,27897,1734,1546,308,1854,9
2021-01-02,Humboldt,023,135768,1984,1815,7,1822,21
2021-01-02,Imperial,025,180216,23951,22867,1600,24467,420
2021-01-02,Inyo,027,18085,764,609,8,617,20
2021-01-02,Kern,029,883053,71682,66457,5681,72138,610
2021-01-02,Kings,031,150075,17379,16515,572,17087,108
2021-01-02,Lake,033,64148,2127,1925,0,1925,24
2021-01-02,Lassen,035,31185,4591,4457,53,4510,1
2021-01-02,Los Angeles,037,10098052,861376,791892,24718,816610,10633
2021-01-02,Madera,039,155013,11836,11039,492,11531,67
2021-01-02,Marin,041,260295,10431,9924,94,10018,151
2021-01-02,Mariposa,043,17540,284,243,2,245,3
2021-01-02,Mendocino,045,87422,2654,2428,28,2456,24
2021-01-02,Merced,047,269075,20469,19395,405,19800,230
2021-01-02,Modoc,049,8938,269,245,75,320,0
2021-01-02,Mono,051,14174,932,884,12,896,3
2021-01-02,Monterey,053,433212,30700,28991,764,29755,191
2021-01-02,Napa,055,140530,6526,5994,25,6019,29
2021-01-02,Nevada,057,99092,2953,2706,96,2802,15
2021-01-02,Orange,059,3164182,181659,168457,7124,175581,1918
2021-01-02,Placer,061,380077,15891,14182,656,14838,133
2021-01-02,Plumas,063,18699,503,413,9,422,1
2021-01-02,Riverside,065,2383286,207368,192069,9509,201578,2008
2021-01-02,Sacramento,067,1510023,70952,67810,692,68502,858
2021-01-02,San Benito,069,59416,4041,3829,34,3863,28
2021-01-02,San Bernardino,071,2135413,221533,206939,6051,212990,1597
2021-01-02,San Diego,073,3302833,181644,164498,8257,172755,1592
2021-01-02,San Francisco,075,870044,25532,24414,248,24662,194
2021-01-02,San Joaquin,077,732212,49989,47310,1802,49112,662
2021-01-02,San Luis Obispo,079,281455,12744,11467,278,11745,95
2021-01-02,San Mateo,081,765935,28220,25483,137,25620,196
2021-01-02,Santa Barbara,083,443738,19975,18135,573,18708,164
2021-01-02,Santa Clara,085,1922200,79270,73662,318,73980,720
2021-01-02,Santa Cruz,087,273765,10611,9340,395,9735,85
2021-01-02,Shasta,089,179085,8771,8154,781,8935,72
2021-01-02,Sierra,091,2930,36,28,6,34,0
2021-01-02,Siskiyou,093,43540,1095,949,125,1074,3
2021-01-02,Solano,095,438530,21413,19805,214,20019,97
2021-01-02,Sonoma,097,501317,20843,19761,111,19872,194
2021-01-02,Stanislaus,099,539301,37604,35431,3509,38940,553
2021-01-02,Sutter,101,95872,6866,6621,48,6669,53
2021-01-02,Tehama,103,63373,3389,3146,325,3471,9
2021-01-02,Trinity,105,12862,426,243,58,301,2
2021-01-02,Tulare,107,460477,37120,34479,4135,38614,455
2021-01-02,Tuolumne,109,53932,2990,2942,17,2959,13
2021-01-02,Ventura,111,848112,47825,43397,1778,45175,254
2021-01-02,Yolo,113,214977,9368,8571,72,8643,122
2021-01-02,Yuba,115,75493,4207,3930,40,3970,21
2021-01-01,Alameda,001,1643700,57227,53518,1072,54590,579
2021-01-01,Alpine,003,1148,69,68,0,68,0
2021-01-01,Amador,005,37829,2727,2513,20,2533,24
2021-01-01,Butte,007,227075,8395,7589,991,8580,105
2021-01-01,Calaveras,009,45235,1258,1186,3,1189,21
2021-01-01,Colusa,011,21464,1402,1314,99,1413,7
2021-01-01,Contra Costa,013,1133247,44271,41412,651,42063,351
2021-01-01,Del Norte,015,27424,799,758,2,760,2
2021-01-01,El Dorado,017,186661,6784,5832,359,6191,27
2021-01-01,Fresno,019,978130,73507,67484,5072,72556,717
2021-01-01,Glenn,021,27897,1717,1520,299,1819,9
2021-01-01,Humboldt,023,135768,1945,1783,7,1790,21
2021-01-01,Imperial,025,180216,23855,22715,1549,24264,418
2021-01-01,Inyo,027,18085,739,606,8,614,20
2021-01-01,Kern,029,883053,70855,65571,5574,71145,609
2021-01-01,Kings,031,150075,17196,16358,565,16923,108
2021-01-01,Lake,033,64148,2089,1888,0,1888,24
2021-01-01,Lassen,035,31185,4585,4377,53,4430,1
2021-01-01,Los Angeles,037,10098052,847168,775578,24037,799615,10515
2021-01-01,Madera,039,155013,11681,10752,483,11235,66
2021-01-01,Marin,041,260295,10332,9821,93,9914,148
2021-01-01,Mariposa,043,17540,276,236,2,238,3
2021-01-01,Mendocino,045,87422,2600,2400,28,2428,24
2021-01-01,Merced,047,269075,20285,19118,389,19507,229
2021-01-01,Modoc,049,8938,269,241,75,316,0
2021-01-01,Mono,051,14174,914,884,11,895,3
2021-01-01,Monterey,053,433212,30462,28465,755,29220,191
2021-01-01,Napa,055,140530,6439,5899,25,5924,28
2021-01-01,Nevada,057,99092,2929,2663,96,2759,15
2021-01-01,Orange,059,3164182,178864,165440,6981,172421,1893
2021-01-01,Placer,061,380077,15701,13987,641,14628,133
2021-01-01,Plumas,063,18699,498,412,9,421,1
2021-01-01,Riverside,065,2383286,204179,188674,9256,197930,1990
2021-01-01,Sacramento,067,1510023,70356,66956,675,67631,848
2021-01-01,San Benito,069,59416,4003,3773,34,3807,28
2021-01-01,San Bernardino,071,2135413,218763,203651,5921,209572,1590
2021-01-01,San Diego,073,3302833,178571,160071,8078,168149,1592
2021-01-01,San Francisco,075,870044,25254,24145,237,24382,187
2021-01-01,San Joaquin,077,732212,49665,46640,1758,48398,657
2021-01-01,San Luis Obispo,079,281455,12517,11160,270,11430,94
2021-01-01,San Mateo,081,765935,27771,25041,133,25174,194
2021-01-01,Santa Barbara,083,443738,19655,17759,563,18322,164
2021-01-01,Santa Clara,085,1922200,78048,71904,314,72218,680
2021-01-01,Santa Cruz,087,273765,10431,9146,385,9531,84
2021-01-01,Shasta,089,179085,8690,8102,764,8866,72
2021-01-01,Sierra,091,2930,36,26,6,32,0
2021-01-01,Siskiyou,093,43540,1081,944,120,1064,3
2021-01-01,Solano,095,438530,21199,19393,212,19605,97
2021-01-01,Sonoma,097,501317,20647,19513,111,19624,189
2021-01-01,Stanislaus,099,539301,37316,34978,3447,38425,553
2021-01-01,Sutter,101,95872,6809,6553,47,6600,52
2021-01-01,Tehama,103,63373,3332,3079,318,3397,9
2021-01-01,Trinity,105,12862,426,243,58,301,2
2021-01-01,Tulare,107,460477,36712,33994,4047,38041,454
2021-01-01,Tuolumne,109,53932,2974,2909,17,2926,13
2021-01-01,Ventura,111,848112,46332,42026,1752,43778,253
2021-01-01,Yolo,113,214977,9255,8461,69,8530,120
2021-01-01,Yuba,115,75493,4153,3845,39,3884,19
2020-12-31,Alameda,001,1643700,56677,52475,1040,53515,579
2020-12-31,Alpine,003,1148,69,66,0,66,0
2020-12-31,Amador,005,37829,2713,2493,20,2513,24
2020-12-31,Butte,007,227075,8320,7405,971,8376,105
2020-12-31,Calaveras,009,45235,1247,1161,3,1164,21
2020-12-31,Colusa,011,21464,1390,1301,96,1397,7
2020-12-31,Contra Costa,013,1133247,43868,40512,635,41147,336
2020-12-31,Del Norte,015,27424,798,748,2,750,2
2020-12-31,El Dorado,017,186661,6732,5662,350,6012,26
2020-12-31,Fresno,019,978130,73075,66442,5010,71452,711
2020-12-31,Glenn,021,27897,1689,1484,291,1775,9
2020-12-31,Humboldt,023,135768,1928,1713,7,1720,21
2020-12-31,Imperial,025,180216,23785,22494,1532,24026,417
2020-12-31,Inyo,027,18085,731,591,8,599,20
2020-12-31,Kern,029,883053,70381,64904,5486,70390,609
2020-12-31,Kings,031,150075,17121,16077,557,16634,108
2020-12-31,Lake,033,64148,2068,1848,0,1848,23
2020-12-31,Lassen,035,31185,4579,4340,52,4392,1
2020-12-31,Los Angeles,037,10098052,841825,755844,23584,779428,10320
2020-12-31,Madera,039,155013,11596,10609,475,11084,64
2020-12-31,Marin,041,260295,10280,9731,91,9822,148
2020-12-31,Mariposa,043,17540,274,217,2,219,3
2020-12-31,Mendocino,045,87422,2585,2367,24,2391,24
2020-12-31,Merced,047,269075,20195,18808,379,19187,226
2020-12-31,Modoc,049,8938,269,238,75,313,0
2020-12-31,Mono,051,14174,906,868,11,879,3
2020-12-31,Monterey,053,433212,30232,27720,743,28463,188
2020-12-31,Napa,055,140530,6376,5801,25,5826,28
2020-12-31,Nevada,057,99092,2906,2619,95,2714,15
2020-12-31,Orange,059,3164182,176965,161586,6852,168438,1866
2020-12-31,Placer,061,380077,15544,13708,638,14346,126
2020-12-31,Plumas,063,18699,494,401,8,409,1
2020-12-31,Riverside,065,2383286,202497,184193,9128,193321,1958
2020-12-31,Sacramento,067,1510023,69826,65817,665,66482,830
2020-12-31,San Benito,069,59416,3979,3673,34,3707,28
2020-12-31,San Bernardino,071,2135413,217073,199115,5848,204963,1586
2020-12-31,San Diego,073,3302833,176808,155593,7979,163572,1534
2020-12-31,San Francisco,075,870044,25019,23740,230,23970,183
2020-12-31,San Joaquin,077,732212,49314,45764,1720,47484,646
2020-12-31,San Luis Obispo,079,281455,12403,10846,270,11116,89
2020-12-31,San Mateo,081,765935,27441,24570,127,24697,192
2020-12-31,Santa Barbara,083,443738,19411,17434,556,17990,161
2020-12-31,Santa Clara,085,1922200,77173,70032,309,70341,665
2020-12-31,Santa Cruz,087,273765,10313,8909,373,9282,84
2020-12-31,Shasta,089,179085,8624,7996,754,8750,69
2020-12-31,Sierra,091,2930,36,26,6,32,0
2020-12-31,Siskiyou,093,43540,1065,940,117,1057,3
2020-12-31,Solano,095,438530,20969,18942,211,19153,97
2020-12-31,Sonoma,097,501317,20526,19129,110,19239,188
2020-12-31,Stanislaus,099,539301,37008,34398,3400,37798,552
2020-12-31,Sutter,101,95872,6778,6432,47,6479,51
2020-12-31,Tehama,103,63373,3294,3036,317,3353,9
2020-12-31,Trinity,105,12862,425,241,58,299,2
2020-12-31,Tulare,107,460477,36510,33412,3986,37398,446
2020-12-31,Tuolumne,109,53932,2965,2902,17,2919,12
2020-12-31,Ventura,111,848112,45821,40854,1735,42589,251
2020-12-31,Yolo,113,214977,9166,8295,68,8363,117
2020-12-31,Yuba,115,75493,4116,3799,38,3837,18
2020-12-30,Alameda,001,1643700,55892,50158,987,51145,573
2020-12-30,Alpine,003,1148,69,66,0,66,0
2020-12-30,Amador,005,37829,2693,2418,19,2437,24
2020-12-30,Butte,007,227075,8159,7140,951,8091,103
2020-12-30,Calaveras,009,45235,1222,1135,3,1138,21
2020-12-30,Colusa,011,21464,1372,1289,90,1379,7
2020-12-30,Contra Costa,013,1133247,43318,39601,622,40223,337
2020-12-30,Del Norte,015,27424,793,726,2,728,2
2020-12-30,El Dorado,017,186661,6631,5595,340,5935,27
2020-12-30,Fresno,019,978130,72229,65566,4861,70427,711
2020-12-30,Glenn,021,27897,1658,1471,279,1750,9
2020-12-30,Humboldt,023,135768,1894,1654,7,1661,22
2020-12-30,Imperial,025,180216,23618,22098,1456,23554,412
2020-12-30,Inyo,027,18085,725,572,8,580,20
2020-12-30,Kern,029,883053,69653,63292,5342,68634,604
2020-12-30,Kings,031,150075,17002,15862,549,16411,108
2020-12-30,Lake,033,64148,2049,1731,0,1731,23
2020-12-30,Lassen,035,31185,4570,4300,52,4352,1
2020-12-30,Los Angeles,037,10098052,830906,741907,22910,764817,10046
2020-12-30,Madera,039,155013,11486,10249,464,10713,65
2020-12-30,Marin,041,260295,10187,9569,84,9653,148
2020-12-30,Mariposa,043,17540,270,214,2,216,3
2020-12-30,Mendocino,045,87422,2567,2291,21,2312,24
2020-12-30,Merced,047,269075,19905,18519,369,18888,225
2020-12-30,Modoc,049,8938,266,234,75,309,0
2020-12-30,Mono,051,14174,903,868,11,879,3
2020-12-30,Monterey,053,433212,29602,26977,721,27698,186
2020-12-30,Napa,055,140530,6269,5754,25,5779,28
2020-12-30,Nevada,057,99092,2871,2595,93,2688,15
2020-12-30,Orange,059,3164182,174306,153951,6665,160616,1863
2020-12-30,Placer,061,380077,15313,13540,626,14166,127
2020-12-30,Plumas,063,18699,489,397,8,405,1
2020-12-30,Riverside,065,2383286,199550,176402,8945,185347,1919
2020-12-30,Sacramento,067,1510023,68952,64119,648,64767,847
2020-12-30,San Benito,069,59416,3897,3464,30,3494,29
2020-12-30,San Bernardino,071,2135413,214505,192648,5763,198411,1591
2020-12-30,San Diego,073,3302833,173175,152510,7804,160314,1472
2020-12-30,San Francisco,075,870044,24744,23099,225,23324,182
2020-12-30,San Joaquin,077,732212,48593,44465,1679,46144,634
2020-12-30,San Luis Obispo,079,281455,12134,10542,262,10804,89
2020-12-30,San Mateo,081,765935,27012,24150,123,24273,190
2020-12-30,Santa Barbara,083,443738,19009,16895,535,17430,161
2020-12-30,Santa Clara,085,1922200,75965,67218,305,67523,661
2020-12-30,Santa Cruz,087,273765,10139,8787,364,9151,86
2020-12-30,Shasta,089,179085,8510,7818,740,8558,69
2020-12-30,Sierra,091,2930,36,25,6,31,0
2020-12-30,Siskiyou,093,43540,1058,913,109,1022,3
2020-12-30,Solano,095,438530,20580,18300,208,18508,96
2020-12-30,Sonoma,097,501317,20270,18947,110,19057,191
2020-12-30,Stanislaus,099,539301,36545,33730,3325,37055,526
2020-12-30,Sutter,101,95872,6718,6328,45,6373,51
2020-12-30,Tehama,103,63373,3250,2969,313,3282,9
2020-12-30,Trinity,105,12862,424,231,57,288,2
2020-12-30,Tulare,107,460477,35979,32413,3927,36340,430
2020-12-30,Tuolumne,109,53932,2955,2772,15,2787,12
2020-12-30,Ventura,111,848112,44534,39039,1711,40750,251
2020-12-30,Yolo,113,214977,9058,8067,66,8133,117
2020-12-30,Yuba,115,75493,4048,3612,38,3650,18
2020-12-29,Alameda,001,1643700,54824,50946,952,51898,552
2020-12-29,Alpine,003,1148,69,65,0,65,0
2020-12-29,Amador,005,37829,2641,2388,18,2406,23
2020-12-29,Butte,007,227075,7986,7178,927,8105,98
2020-12-29,Calaveras,009,45235,1178,1111,2,1113,21
2020-12-29,Colusa,011,21464,1351,1272,85,1357,7
2020-12-29,Contra Costa,013,1133247,42547,39225,596,39821,325
2020-12-29,Del Norte,015,27424,786,724,2,726,2
2020-12-29,El Dorado,017,186661,6501,5551,327,5878,22
2020-12-29,Fresno,019,978130,70855,65149,4711,69860,688
2020-12-29,Glenn,021,27897,1624,1454,272,1726,9
2020-12-29,Humboldt,023,135768,1846,1616,7,1623,19
2020-12-29,Imperial,025,180216,23404,22105,1374,23479,407
2020-12-29,Inyo,027,18085,707,571,8,579,19
2020-12-29,Kern,029,883053,68487,63096,5174,68270,589
2020-12-29,Kings,031,150075,16833,15777,537,16314,108
2020-12-29,Lake,033,64148,2018,1805,0,1805,22
2020-12-29,Lassen,035,31185,4555,4288,52,4340,1
2020-12-29,Los Angeles,037,10098052,810700,731907,22072,753979,9786
2020-12-29,Madera,039,155013,11184,10251,451,10702,64
2020-12-29,Marin,041,260295,10044,9595,80,9675,146
2020-12-29,Mariposa,043,17540,262,212,2,214,3
2020-12-29,Mendocino,045,87422,2524,2249,20,2269,24
2020-12-29,Merced,047,269075,19555,18464,353,18817,221
2020-12-29,Modoc,049,8938,263,232,75,307,0
2020-12-29,Mono,051,14174,894,868,11,879,3
2020-12-29,Monterey,053,433212,28951,26894,696,27590,185
2020-12-29,Napa,055,140530,6151,5663,25,5688,28
2020-12-29,Nevada,057,99092,2823,2550,92,2642,15
2020-12-29,Orange,059,3164182,170528,154411,6501,160912,1839
2020-12-29,Placer,061,380077,15100,13392,605,13997,126
2020-12-29,Plumas,063,18699,480,395,8,403,1
2020-12-29,Riverside,065,2383286,194951,177624,8696,186320,1904
2020-12-29,Sacramento,067,1510023,67901,65078,636,65714,820
2020-12-29,San Benito,069,59416,3778,3474,29,3503,25
2020-12-29,San Bernardino,071,2135413,209668,190476,5627,196103,1557
2020-12-29,San Diego,073,3302833,168952,150062,7573,157635,1435
2020-12-29,San Francisco,075,870044,24405,22996,218,23214,178
2020-12-29,San Joaquin,077,732212,47653,44699,1626,46325,622
2020-12-29,San Luis Obispo,079,281455,11838,10387,254,10641,80
2020-12-29,San Mateo,081,765935,26470,23773,111,23884,189
2020-12-29,Santa Barbara,083,443738,18540,16797,509,17306,155
2020-12-29,Santa Clara,085,1922200,74464,67581,301,67882,621
2020-12-29,Santa Cruz,087,273765,9873,8492,355,8847,84
2020-12-29,Shasta,089,179085,8406,7782,725,8507,65
2020-12-29,Sierra,091,2930,34,24,5,29,0
2020-12-29,Siskiyou,093,43540,1043,926,107,1033,3
2020-12-29,Solano,095,438530,20204,18412,203,18615,96
2020-12-29,Sonoma,097,501317,19938,18790,108,18898,187
2020-12-29,Stanislaus,099,539301,36068,33775,3255,37030,508
2020-12-29,Sutter,101,95872,6651,6302,45,6347,50
2020-12-29,Tehama,103,63373,3180,2962,301,3263,9
2020-12-29,Trinity,105,12862,423,241,57,298,2
2020-12-29,Tulare,107,460477,35352,32545,3805,36350,419
2020-12-29,Tuolumne,109,53932,2913,2797,15,2812,12
2020-12-29,Ventura,111,848112,43279,38669,1685,40354,235
2020-12-29,Yolo,113,214977,8928,8124,64,8188,111
2020-12-29,Yuba,115,75493,3969,3723,38,3761,18
2020-12-28,Alameda,001,1643700,53780,50405,932,51337,551
2020-12-28,Alpine,003,1148,68,65,0,65,0
2020-12-28,Amador,005,37829,2571,2255,18,2273,23
2020-12-28,Butte,007,227075,7819,7053,897,7950,86
2020-12-28,Calaveras,009,45235,1155,1102,2,1104,21
2020-12-28,Colusa,011,21464,1325,1255,74,1329,7
2020-12-28,Contra Costa,013,1133247,41605,38872,567,39439,324
2020-12-28,Del Norte,015,27424,777,718,2,720,2
2020-12-28,El Dorado,017,186661,6345,5441,315,5756,18
2020-12-28,Fresno,019,978130,69586,64274,4562,68836,679
2020-12-28,Glenn,021,27897,1590,1435,260,1695,9
2020-12-28,Humboldt,023,135768,1811,1579,7,1586,19
2020-12-28,Imperial,025,180216,23149,22003,1300,23303,405
2020-12-28,Inyo,027,18085,701,569,8,577,19
2020-12-28,Kern,029,883053,67420,62392,4974,67366,579
2020-12-28,Kings,031,150075,16616,15733,520,16253,108
2020-12-28,Lake,033,64148,1978,1785,0,1785,22
2020-12-28,Lassen,035,31185,4448,4284,51,4335,1
2020-12-28,Los Angeles,037,10098052,788345,720699,21278,741977,9544
2020-12-28,Madera,039,155013,11011,10123,431,10554,64
2020-12-28,Marin,041,260295,9937,9546,74,9620,145
2020-12-28,Mariposa,043,17540,238,211,2,213,3
2020-12-28,Mendocino,045,87422,2489,2214,20,2234,23
2020-12-28,Merced,047,269075,19235,18245,335,18580,213
2020-12-28,Modoc,049,8938,258,220,74,294,0
2020-12-28,Mono,051,14174,890,848,11,859,3
2020-12-28,Monterey,053,433212,28103,26529,687,27216,182
2020-12-28,Napa,055,140530,6042,5576,25,5601,26
2020-12-28,Nevada,057,99092,2775,2532,88,2620,15
2020-12-28,Orange,059,3164182,166427,152089,6326,158415,1839
2020-12-28,Placer,061,380077,14760,13234,578,13812,126
2020-12-28,Plumas,063,18699,476,391,8,399,0
2020-12-28,Riverside,065,2383286,190055,174029,8409,182438,1855
2020-12-28,Sacramento,067,1510023,66667,64322,612,64934,813
2020-12-28,San Benito,069,59416,3709,3429,29,3458,24
2020-12-28,San Bernardino,071,2135413,204580,188919,5514,194433,1552
2020-12-28,San Diego,073,3302833,164208,147528,7391,154919,1404
2020-12-28,San Francisco,075,870044,24045,22726,213,22939,178
2020-12-28,San Joaquin,077,732212,46714,44172,1594,45766,618
2020-12-28,San Luis Obispo,079,281455,11488,10260,250,10510,76
2020-12-28,San Mateo,081,765935,25996,23467,107,23574,189
2020-12-28,Santa Barbara,083,443738,18072,16579,497,17076,155
2020-12-28,Santa Clara,085,1922200,72983,66418,294,66712,619
2020-12-28,Santa Cruz,087,273765,9615,8310,345,8655,81
2020-12-28,Shasta,089,179085,8289,7688,712,8400,65
2020-12-28,Sierra,091,2930,32,24,4,28,0
2020-12-28,Siskiyou,093,43540,1027,915,102,1017,3
2020-12-28,Solano,095,438530,19644,18171,196,18367,96
2020-12-28,Sonoma,097,501317,19591,18667,106,18773,185
2020-12-28,Stanislaus,099,539301,35522,33473,3196,36669,507
2020-12-28,Sutter,101,95872,6571,6253,45,6298,49
2020-12-28,Tehama,103,63373,3127,2934,294,3228,9
2020-12-28,Trinity,105,12862,421,240,57,297,2
2020-12-28,Tulare,107,460477,34703,32010,3704,35714,404
2020-12-28,Tuolumne,109,53932,2896,2777,15,2792,12
2020-12-28,Ventura,111,848112,41610,37151,1640,38791,230
2020-12-28,Yolo,113,214977,8774,8031,63,8094,111
2020-12-28,Yuba,115,75493,3914,3679,37,3716,18
2020-12-27,Alameda,001,1643700,52542,49764,905,50669,551
2020-12-27,Alpine,003,1148,66,65,0,65,0
2020-12-27,Amador,005,37829,2451,2218,18,2236,23
2020-12-27,Butte,007,227075,7664,7016,858,7874,86
2020-12-27,Calaveras,009,45235,1109,1097,2,1099,21
2020-12-27,Colusa,011,21464,1300,1253,71,1324,7
2020-12-27,Contra Costa,013,1133247,40658,38428,543,38971,324
2020-12-27,Del Norte,015,27424,753,712,2,714,2
2020-12-27,El Dorado,017,186661,6131,5388,292,5680,18
2020-12-27,Fresno,019,978130,68340,63811,4359,68170,679
2020-12-27,Glenn,021,27897,1562,1434,246,1680,9
2020-12-27,Humboldt,023,135768,1767,1575,7,1582,17
2020-12-27,Imperial,025,180216,22870,21934,1193,23127,405
2020-12-27,Inyo,027,18085,681,565,7,572,18
2020-12-27,Kern,029,883053,66138,61914,4808,66722,568
2020-12-27,Kings,031,150075,16380,15593,486,16079,108
2020-12-27,Lake,033,64148,1929,1769,0,1769,22
2020-12-27,Lassen,035,31185,4371,4230,44,4274,1
2020-12-27,Los Angeles,037,10098052,766825,707260,20403,727663,9476
2020-12-27,Madera,039,155013,10754,10005,421,10426,64
2020-12-27,Marin,041,260295,9817,9477,72,9549,144
2020-12-27,Mariposa,043,17540,231,208,2,210,3
2020-12-27,Mendocino,045,87422,2442,2209,20,2229,23
2020-12-27,Merced,047,269075,18868,18075,319,18394,213
2020-12-27,Modoc,049,8938,249,221,70,291,0
2020-12-27,Mono,051,14174,878,849,11,860,3
2020-12-27,Monterey,053,433212,27540,26322,670,26992,181
2020-12-27,Napa,055,140530,5908,5496,25,5521,26
2020-12-27,Nevada,057,99092,2739,2519,88,2607,15
2020-12-27,Orange,059,3164182,162023,149276,6138,155414,1839
2020-12-27,Placer,061,380077,14465,13017,546,13563,126
2020-12-27,Plumas,063,18699,470,390,8,398,0
2020-12-27,Riverside,065,2383286,185140,171995,8109,180104,1836
2020-12-27,Sacramento,067,1510023,65457,63416,590,64006,811
2020-12-27,San Benito,069,59416,3624,3394,29,3423,24
2020-12-27,San Bernardino,071,2135413,199486,186776,5377,192153,1551
2020-12-27,San Diego,073,3302833,159801,145777,7204,152981,1402
2020-12-27,San Francisco,075,870044,23690,22514,205,22719,178
2020-12-27,San Joaquin,077,732212,45664,43529,1545,45074,618
2020-12-27,San Luis Obispo,079,281455,11080,10154,245,10399,76
2020-12-27,San Mateo,081,765935,25432,23136,104,23240,187
2020-12-27,Santa Barbara,083,443738,17543,16364,470,16834,155
2020-12-27,Santa Clara,085,1922200,71285,65288,288,65576,619
2020-12-27,Santa Cruz,087,273765,9357,8234,337,8571,81
2020-12-27,Shasta,089,179085,8162,7671,690,8361,65
2020-12-27,Sierra,091,2930,32,24,3,27,0
2020-12-27,Siskiyou,093,43540,1017,914,97,1011,3
2020-12-27,Solano,095,438530,19162,17840,191,18031,96
2020-12-27,Sonoma,097,501317,19300,18487,105,18592,185
2020-12-27,Stanislaus,099,539301,34910,33076,3113,36189,506
2020-12-27,Sutter,101,95872,6490,6218,43,6261,48
2020-12-27,Tehama,103,63373,3056,2922,278,3200,9
2020-12-27,Trinity,105,12862,414,240,55,295,2
2020-12-27,Tulare,107,460477,34100,31864,3586,35450,400
2020-12-27,Tuolumne,109,53932,2790,2750,13,2763,12
2020-12-27,Ventura,111,848112,40547,36661,1589,38250,230
2020-12-27,Yolo,113,214977,8585,7919,59,7978,111
2020-12-27,Yuba,115,75493,3851,3665,35,3700,18
2020-12-26,Alameda,001,1643700,51919,49084,892,49976,551
2020-12-26,Alpine,003,1148,66,65,0,65,0
2020-12-26,Amador,005,37829,2437,2189,18,2207,23
2020-12-26,Butte,007,227075,7569,6968,834,7802,86
2020-12-26,Calaveras,009,45235,1103,1084,2,1086,21
2020-12-26,Colusa,011,21464,1290,1240,71,1311,7
2020-12-26,Contra Costa,013,1133247,40179,38008,526,38534,324
2020-12-26,Del Norte,015,27424,748,709,2,711,2
2020-12-26,El Dorado,017,186661,6076,5279,288,5567,18
2020-12-26,Fresno,019,978130,67870,63080,4296,67376,679
2020-12-26,Glenn,021,27897,1541,1413,241,1654,9
2020-12-26,Humboldt,023,135768,1729,1545,7,1552,17
2020-12-26,Imperial,025,180216,22775,21734,1140,22874,405
2020-12-26,Inyo,027,18085,666,554,7,561,18
2020-12-26,Kern,029,883053,65467,61174,4661,65835,564
2020-12-26,Kings,031,150075,16262,15517,482,15999,108
2020-12-26,Lake,033,64148,1889,1710,0,1710,22
2020-12-26,Lassen,035,31185,4350,3981,44,4025,1
2020-12-26,Los Angeles,037,10098052,758253,694149,19909,714058,9424
2020-12-26,Madera,039,155013,10678,9908,409,10317,64
2020-12-26,Marin,041,260295,9777,9413,69,9482,143
2020-12-26,Mariposa,043,17540,230,206,2,208,3
2020-12-26,Mendocino,045,87422,2396,2194,20,2214,23
2020-12-26,Merced,047,269075,18709,17890,314,18204,213
2020-12-26,Modoc,049,8938,246,222,70,292,0
2020-12-26,Mono,051,14174,872,850,11,861,3
2020-12-26,Monterey,053,433212,27402,26010,661,26671,182
2020-12-26,Napa,055,140530,5850,5427,25,5452,26
2020-12-26,Nevada,057,99092,2711,2480,88,2568,15
2020-12-26,Orange,059,3164182,159805,147304,6047,153351,1838
2020-12-26,Placer,061,380077,14294,12816,531,13347,122
2020-12-26,Plumas,063,18699,467,381,8,389,0
2020-12-26,Riverside,065,2383286,182655,169360,7951,177311,1834
2020-12-26,Sacramento,067,1510023,64832,62435,580,63015,807
2020-12-26,San Benito,069,59416,3551,3330,29,3359,24
2020-12-26,San Bernardino,071,2135413,197808,185111,5295,190406,1551
2020-12-26,San Diego,073,3302833,157276,142644,7057,149701,1402
2020-12-26,San Francisco,075,870044,23449,22319,205,22524,177
2020-12-26,San Joaquin,077,732212,45277,42887,1499,44386,618
2020-12-26,San Luis Obispo,079,281455,10993,9945,240,10185,76
2020-12-26,San Mateo,081,765935,25094,22908,99,23007,187
2020-12-26,Santa Barbara,083,443738,17304,16159,464,16623,155
2020-12-26,Santa Clara,085,1922200,70172,64185,286,64471,618
2020-12-26,Santa Cruz,087,273765,9226,8113,328,8441,81
2020-12-26,Shasta,089,179085,8102,7641,678,8319,65
2020-12-26,Sierra,091,2930,32,24,3,27,0
2020-12-26,Siskiyou,093,43540,1010,909,94,1003,2
2020-12-26,Solano,095,438530,18921,17528,191,17719,96
2020-12-26,Sonoma,097,501317,19097,18261,103,18364,184
2020-12-26,Stanislaus,099,539301,34611,32678,3060,35738,505
2020-12-26,Sutter,101,95872,6432,6121,43,6164,48
2020-12-26,Tehama,103,63373,3027,2884,272,3156,9
2020-12-26,Trinity,105,12862,412,237,54,291,2
2020-12-26,Tulare,107,460477,33790,31665,3523,35188,398
2020-12-26,Tuolumne,109,53932,2779,2703,13,2716,12
2020-12-26,Ventura,111,848112,39582,36064,1559,37623,230
2020-12-26,Yolo,113,214977,8483,7785,57,7842,111
2020-12-26,Yuba,115,75493,3819,3599,35,3634,18
2020-12-25,Alameda,001,1643700,51346,48365,877,49242,542
2020-12-25,Alpine,003,1148,66,64,0,64,0
2020-12-25,Amador,005,37829,2394,2172,18,2190,23
2020-12-25,Butte,007,227075,7470,6873,816,7689,85
2020-12-25,Calaveras,009,45235,1100,1062,2,1064,21
2020-12-25,Colusa,011,21464,1277,1219,70,1289,7
2020-12-25,Contra Costa,013,1133247,39693,37480,502,37982,324
2020-12-25,Del Norte,015,27424,746,692,2,694,2
2020-12-25,El Dorado,017,186661,6011,5170,275,5445,16
2020-12-25,Fresno,019,978130,67006,62251,4215,66466,679
2020-12-25,Glenn,021,27897,1525,1390,234,1624,9
2020-12-25,Humboldt,023,135768,1689,1532,7,1539,16
2020-12-25,Imperial,025,180216,22673,21646,1128,22774,405
2020-12-25,Inyo,027,18085,656,546,7,553,18
2020-12-25,Kern,029,883053,64736,60417,4515,64932,562
2020-12-25,Kings,031,150075,16151,15460,478,15938,108
2020-12-25,Lake,033,64148,1870,1669,0,1669,20
2020-12-25,Lassen,035,31185,4335,3926,44,3970,1
2020-12-25,Los Angeles,037,10098052,744583,665600,19250,684850,9292
2020-12-25,Madera,039,155013,10514,9770,403,10173,64
2020-12-25,Marin,041,260295,9724,9375,67,9442,143
2020-12-25,Mariposa,043,17540,224,203,2,205,3
2020-12-25,Mendocino,045,87422,2353,2176,20,2196,23
2020-12-25,Merced,047,269075,18548,17726,306,18032,213
2020-12-25,Modoc,049,8938,245,221,70,291,0
2020-12-25,Mono,051,14174,870,843,11,854,3
2020-12-25,Monterey,053,433212,27125,25788,652,26440,182
2020-12-25,Napa,055,140530,5773,5351,25,5376,26
2020-12-25,Nevada,057,99092,2685,2458,86,2544,15
2020-12-25,Orange,059,3164182,157116,144542,5856,150398,1814
2020-12-25,Placer,061,380077,14108,12660,509,13169,122
2020-12-25,Plumas,063,18699,460,381,8,389,0
2020-12-25,Riverside,065,2383286,179374,166690,7640,174330,1825
2020-12-25,Sacramento,067,1510023,64141,61630,555,62185,796
2020-12-25,San Benito,069,59416,3510,3281,27,3308,24
2020-12-25,San Bernardino,071,2135413,195203,181812,5180,186992,1546
2020-12-25,San Diego,073,3302833,154796,139958,6879,146837,1402
2020-12-25,San Francisco,075,870044,23167,22130,200,22330,175
2020-12-25,San Joaquin,077,732212,44976,42089,1446,43535,614
2020-12-25,San Luis Obispo,079,281455,10810,9749,233,9982,76
2020-12-25,San Mateo,081,765935,24772,22568,97,22665,187
2020-12-25,Santa Barbara,083,443738,17080,15936,457,16393,155
2020-12-25,Santa Clara,085,1922200,69036,63173,277,63450,612
2020-12-25,Santa Cruz,087,273765,9076,8018,307,8325,81
2020-12-25,Shasta,089,179085,8028,7612,655,8267,65
2020-12-25,Sierra,091,2930,32,24,3,27,0
2020-12-25,Siskiyou,093,43540,1004,905,92,997,2
2020-12-25,Solano,095,438530,18742,17280,189,17469,96
2020-12-25,Sonoma,097,501317,18922,18035,101,18136,184
2020-12-25,Stanislaus,099,539301,34329,32290,3005,35295,498
2020-12-25,Sutter,101,95872,6373,6051,42,6093,47
2020-12-25,Tehama,103,63373,2979,2839,259,3098,9
2020-12-25,Trinity,105,12862,408,236,54,290,2
2020-12-25,Tulare,107,460477,33380,31323,3455,34778,398
2020-12-25,Tuolumne,109,53932,2760,2674,13,2687,12
2020-12-25,Ventura,111,848112,38426,35514,1511,37025,230
2020-12-25,Yolo,113,214977,8391,7700,55,7755,111
2020-12-25,Yuba,115,75493,3779,3549,34,3583,17
2020-12-24,Alameda,001,1643700,50990,47527,859,48386,541
2020-12-24,Alpine,003,1148,66,64,0,64,0
2020-12-24,Amador,005,37829,2381,2145,18,2163,23
2020-12-24,Butte,007,227075,7432,6716,799,7515,84
2020-12-24,Calaveras,009,45235,1097,1032,2,1034,21
2020-12-24,Colusa,011,21464,1272,1188,68,1256,7
2020-12-24,Contra Costa,013,1133247,39442,36623,489,37112,311
2020-12-24,Del Norte,015,27424,745,678,2,680,2
2020-12-24,El Dorado,017,186661,5985,5042,267,5309,16
2020-12-24,Fresno,019,978130,66784,61435,4201,65636,663
2020-12-24,Glenn,021,27897,1514,1363,226,1589,9
2020-12-24,Humboldt,023,135768,1666,1516,7,1523,16
2020-12-24,Imperial,025,180216,22610,21545,1118,22663,402
2020-12-24,Inyo,027,18085,654,532,7,539,17
2020-12-24,Kern,029,883053,64449,59601,4502,64103,556
2020-12-24,Kings,031,150075,16111,15211,477,15688,108
2020-12-24,Lake,033,64148,1848,1629,0,1629,20
2020-12-24,Lassen,035,31185,4322,3894,44,3938,1
2020-12-24,Los Angeles,037,10098052,740394,664840,19003,683843,9288
2020-12-24,Madera,039,155013,10465,9547,395,9942,63
2020-12-24,Marin,041,260295,9685,9287,67,9354,143
2020-12-24,Mariposa,043,17540,220,197,2,199,3
2020-12-24,Mendocino,045,87422,2342,2150,20,2170,23
2020-12-24,Merced,047,269075,18478,17485,302,17787,212
2020-12-24,Modoc,049,8938,245,220,69,289,0
2020-12-24,Mono,051,14174,868,817,11,828,3
2020-12-24,Monterey,053,433212,27012,25131,645,25776,180
2020-12-24,Napa,055,140530,5718,5265,25,5290,26
2020-12-24,Nevada,057,99092,2661,2429,86,2515,15
2020-12-24,Orange,059,3164182,155630,141205,5805,147010,1775
2020-12-24,Placer,061,380077,14018,12457,502,12959,121
2020-12-24,Plumas,063,18699,457,376,8,384,0
2020-12-24,Riverside,065,2383286,178439,162435,7600,170035,1816
2020-12-24,Sacramento,067,1510023,63866,60596,553,61149,788
2020-12-24,San Benito,069,59416,3479,3183,27,3210,24
2020-12-24,San Bernardino,071,2135413,194118,176866,5147,182013,1533
2020-12-24,San Diego,073,3302833,153712,136952,6847,143799,1382
2020-12-24,San Francisco,075,870044,22995,21830,197,22027,175
2020-12-24,San Joaquin,077,732212,44809,41324,1428,42752,611
2020-12-24,San Luis Obispo,079,281455,10741,9504,231,9735,77
2020-12-24,San Mateo,081,765935,24577,22093,97,22190,186
2020-12-24,Santa Barbara,083,443738,16975,15644,449,16093,153
2020-12-24,Santa Clara,085,1922200,68348,61742,270,62012,591
2020-12-24,Santa Cruz,087,273765,8997,7856,295,8151,82
2020-12-24,Shasta,089,179085,7987,7540,638,8178,65
2020-12-24,Sierra,091,2930,29,23,1,24,0
2020-12-24,Siskiyou,093,43540,999,900,86,986,2
2020-12-24,Solano,095,438530,18601,16872,184,17056,96
2020-12-24,Sonoma,097,501317,18821,17710,101,17811,183
2020-12-24,Stanislaus,099,539301,34127,31848,2978,34826,498
2020-12-24,Sutter,101,95872,6332,5960,41,6001,47
2020-12-24,Tehama,103,63373,2961,2779,257,3036,9
2020-12-24,Trinity,105,12862,407,235,54,289,2
2020-12-24,Tulare,107,460477,33233,30827,3429,34256,390
2020-12-24,Tuolumne,109,53932,2752,2653,13,2666,12
2020-12-24,Ventura,111,848112,38146,34400,1504,35904,224
2020-12-24,Yolo,113,214977,8349,7566,54,7620,113
2020-12-24,Yuba,115,75493,3748,3483,34,3517,16
2020-12-23,Alameda,001,1643700,50412,46753,832,47585,537
2020-12-23,Alpine,003,1148,66,64,0,64,0
2020-12-23,Amador,005,37829,2312,2108,17,2125,23
2020-12-23,Butte,007,227075,7343,6588,772,7360,84
2020-12-23,Calaveras,009,45235,1089,1002,1,1003,21
2020-12-23,Colusa,011,21464,1261,1167,67,1234,7
2020-12-23,Contra Costa,013,1133247,39045,36190,475,36665,311
2020-12-23,Del Norte,015,27424,737,670,2,672,2
2020-12-23,El Dorado,017,186661,5910,4967,259,5226,14
2020-12-23,Fresno,019,978130,66174,60488,4136,64624,654
2020-12-23,Glenn,021,27897,1500,1349,222,1571,9
2020-12-23,Humboldt,023,135768,1641,1458,7,1465,16
2020-12-23,Imperial,025,180216,22515,21323,1089,22412,399
2020-12-23,Inyo,027,18085,641,517,7,524,17
2020-12-23,Kern,029,883053,63931,58656,4411,63067,549
2020-12-23,Kings,031,150075,16034,14923,474,15397,105
2020-12-23,Lake,033,64148,1831,1595,0,1595,20
2020-12-23,Lassen,035,31185,4312,3865,41,3906,1
2020-12-23,Los Angeles,037,10098052,731322,651958,18483,670441,9146
2020-12-23,Madera,039,155013,10308,9371,380,9751,63
2020-12-23,Marin,041,260295,9626,9199,64,9263,142
2020-12-23,Mariposa,043,17540,218,194,2,196,3
2020-12-23,Mendocino,045,87422,2330,2121,20,2141,23
2020-12-23,Merced,047,269075,18322,17250,294,17544,203
2020-12-23,Modoc,049,8938,241,197,68,265,0
2020-12-23,Mono,051,14174,865,814,11,825,3
2020-12-23,Monterey,053,433212,26712,24856,640,25496,176
2020-12-23,Napa,055,140530,5650,5172,25,5197,25
2020-12-23,Nevada,057,99092,2616,2406,85,2491,15
2020-12-23,Orange,059,3164182,153178,138050,5644,143694,1771
2020-12-23,Placer,061,380077,13808,12213,494,12707,111
2020-12-23,Plumas,063,18699,450,369,8,377,0
2020-12-23,Riverside,065,2383286,176167,158110,7446,165556,1790
2020-12-23,Sacramento,067,1510023,63217,59661,540,60201,779
2020-12-23,San Benito,069,59416,3425,3073,25,3098,24
2020-12-23,San Bernardino,071,2135413,192052,172888,5079,177967,1509
2020-12-23,San Diego,073,3302833,151286,134695,6710,141405,1350
2020-12-23,San Francisco,075,870044,22774,21498,194,21692,174
2020-12-23,San Joaquin,077,732212,44282,35664,1386,37050,602
2020-12-23,San Luis Obispo,079,281455,10599,9267,226,9493,74
2020-12-23,San Mateo,081,765935,24275,21780,95,21875,186
2020-12-23,Santa Barbara,083,443738,16767,15399,424,15823,152
2020-12-23,Santa Clara,085,1922200,67401,60455,265,60720,579
2020-12-23,Santa Cruz,087,273765,8838,7637,277,7914,75
2020-12-23,Shasta,089,179085,7915,7487,632,8119,66
2020-12-23,Sierra,091,2930,27,23,1,24,0
2020-12-23,Siskiyou,093,43540,978,891,85,976,2
2020-12-23,Solano,095,438530,18388,16626,179,16805,95
2020-12-23,Sonoma,097,501317,18617,17397,101,17498,182
2020-12-23,Stanislaus,099,539301,33775,31492,2926,34418,499
2020-12-23,Sutter,101,95872,6265,5871,41,5912,46
2020-12-23,Tehama,103,63373,2943,2737,250,2987,9
2020-12-23,Trinity,105,12862,407,234,53,287,2
2020-12-23,Tulare,107,460477,32921,30315,3389,33704,385
2020-12-23,Tuolumne,109,53932,2713,2540,13,2553,12
2020-12-23,Ventura,111,848112,37749,33377,1475,34852,216
2020-12-23,Yolo,113,214977,8270,7508,54,7562,112
2020-12-23,Yuba,115,75493,3688,3438,34,3472,14
2020-12-22,Alameda,001,1643700,49523,45751,802,46553,534
2020-12-22,Alpine,003,1148,66,64,0,64,0
2020-12-22,Amador,005,37829,2301,1839,17,1856,23
2020-12-22,Butte,007,227075,7214,6467,758,7225,85
2020-12-22,Calaveras,009,45235,1062,988,0,988,21
2020-12-22,Colusa,011,21464,1238,1150,64,1214,7
2020-12-22,Contra Costa,013,1133247,38421,35681,461,36142,301
2020-12-22,Del Norte,015,27424,727,666,2,668,2
2020-12-22,El Dorado,017,186661,5787,4885,247,5132,12
2020-12-22,Fresno,019,978130,65142,59640,4034,63674,640
2020-12-22,Glenn,021,27897,1477,1337,211,1548,9
2020-12-22,Humboldt,023,135768,1608,1440,7,1447,16
2020-12-22,Imperial,025,180216,22325,21128,1048,22176,398
2020-12-22,Inyo,027,18085,620,506,7,513,17
2020-12-22,Kern,029,883053,62978,57816,4276,62092,547
2020-12-22,Kings,031,150075,15892,14855,468,15323,102
2020-12-22,Lake,033,64148,1807,1569,0,1569,20
2020-12-22,Lassen,035,31185,4170,3848,39,3887,1
2020-12-22,Los Angeles,037,10098052,714048,635931,17822,653753,9013
2020-12-22,Madera,039,155013,10194,9187,365,9552,63
2020-12-22,Marin,041,260295,9560,9115,63,9178,142
2020-12-22,Mariposa,043,17540,215,194,2,196,3
2020-12-22,Mendocino,045,87422,2297,2092,19,2111,23
2020-12-22,Merced,047,269075,18076,17012,289,17301,201
2020-12-22,Modoc,049,8938,233,182,67,249,0
2020-12-22,Mono,051,14174,859,786,11,797,3
2020-12-22,Monterey,053,433212,26041,24152,619,24771,176
2020-12-22,Napa,055,140530,5561,5059,25,5084,23
2020-12-22,Nevada,057,99092,2588,2367,84,2451,14
2020-12-22,Orange,059,3164182,149840,134850,5476,140326,1774
2020-12-22,Placer,061,380077,13564,11943,474,12417,105
2020-12-22,Plumas,063,18699,444,360,8,368,0
2020-12-22,Riverside,065,2383286,172357,155059,7180,162239,1777
2020-12-22,Sacramento,067,1510023,62289,57966,521,58487,772
2020-12-22,San Benito,069,59416,3347,2998,25,3023,24
2020-12-22,San Bernardino,071,2135413,187445,169266,4935,174201,1500
2020-12-22,San Diego,073,3302833,147927,132097,6548,138645,1311
2020-12-22,San Francisco,075,870044,22502,21232,190,21422,174
2020-12-22,San Joaquin,077,732212,43519,39423,1338,40761,592
2020-12-22,San Luis Obispo,079,281455,10253,9174,221,9395,69
2020-12-22,San Mateo,081,765935,23949,21382,79,21461,186
2020-12-22,Santa Barbara,083,443738,16501,15189,414,15603,150
2020-12-22,Santa Clara,085,1922200,66222,59192,258,59450,569
2020-12-22,Santa Cruz,087,273765,8655,7471,251,7722,72
2020-12-22,Shasta,089,179085,7836,7371,615,7986,64
2020-12-22,Sierra,091,2930,27,23,0,23,0
2020-12-22,Siskiyou,093,43540,972,880,84,964,2
2020-12-22,Solano,095,438530,17984,16229,176,16405,95
2020-12-22,Sonoma,097,501317,18296,17216,101,17317,180
2020-12-22,Stanislaus,099,539301,33391,30914,2852,33766,499
2020-12-22,Sutter,101,95872,6206,5791,40,5831,46
2020-12-22,Tehama,103,63373,2894,2688,244,2932,9
2020-12-22,Trinity,105,12862,406,231,53,284,2
2020-12-22,Tulare,107,460477,32455,30025,3325,33350,377
2020-12-22,Tuolumne,109,53932,2662,2526,13,2539,12
2020-12-22,Ventura,111,848112,36983,32488,1432,33920,213
2020-12-22,Yolo,113,214977,8158,7388,53,7441,113
2020-12-22,Yuba,115,75493,3640,3379,34,3413,14
2020-12-21,Alameda,001,1643700,48624,44756,776,45532,518
2020-12-21,Alpine,003,1148,65,64,0,64,0
2020-12-21,Amador,005,37829,2224,1815,17,1832,23
2020-12-21,Butte,007,227075,7059,6335,735,7070,81
2020-12-21,Calaveras,009,45235,1032,963,0,963,21
2020-12-21,Colusa,011,21464,1211,1135,59,1194,7
2020-12-21,Contra Costa,013,1133247,37672,35207,425,35632,300
2020-12-21,Del Norte,015,27424,712,660,2,662,2
2020-12-21,El Dorado,017,186661,5641,4805,235,5040,10
2020-12-21,Fresno,019,978130,63992,58568,3892,62460,634
2020-12-21,Glenn,021,27897,1445,1323,203,1526,9
2020-12-21,Humboldt,023,135768,1585,1419,7,1426,16
2020-12-21,Imperial,025,180216,22061,20994,1006,22000,395
2020-12-21,Inyo,027,18085,600,482,7,489,17
2020-12-21,Kern,029,883053,62088,56836,4142,60978,541
2020-12-21,Kings,031,150075,15642,14760,453,15213,100
2020-12-21,Lake,033,64148,1759,1538,0,1538,20
2020-12-21,Lassen,035,31185,4010,3798,37,3835,1
2020-12-21,Los Angeles,037,10098052,694945,624129,17158,641287,8918
2020-12-21,Madera,039,155013,10005,9069,344,9413,63
2020-12-21,Marin,041,260295,9490,9035,63,9098,142
2020-12-21,Mariposa,043,17540,210,186,2,188,3
2020-12-21,Mendocino,045,87422,2266,2066,19,2085,23
2020-12-21,Merced,047,269075,17826,16710,274,16984,198
2020-12-21,Modoc,049,8938,219,181,66,247,0
2020-12-21,Mono,051,14174,847,781,11,792,3
2020-12-21,Monterey,053,433212,25509,23673,605,24278,174
2020-12-21,Napa,055,140530,5474,4952,25,4977,23
2020-12-21,Nevada,057,99092,2555,2337,84,2421,13
2020-12-21,Orange,059,3164182,146434,130444,5324,135768,1772
2020-12-21,Placer,061,380077,13332,11715,455,12170,105
2020-12-21,Plumas,063,18699,440,353,8,361,0
2020-12-21,Riverside,065,2383286,168134,151713,6861,158574,1743
2020-12-21,Sacramento,067,1510023,61272,57064,504,57568,759
2020-12-21,San Benito,069,59416,3279,2921,25,2946,22
2020-12-21,San Bernardino,071,2135413,182635,165086,4769,169855,1476
2020-12-21,San Diego,073,3302833,144476,129716,6384,136100,1284
2020-12-21,San Francisco,075,870044,22212,21086,188,21274,174
2020-12-21,San Joaquin,077,732212,42722,38811,1288,40099,586
2020-12-21,San Luis Obispo,079,281455,10064,9006,216,9222,64
2020-12-21,San Mateo,081,765935,23545,21035,76,21111,185
2020-12-21,Santa Barbara,083,443738,16227,14988,409,15397,149
2020-12-21,Santa Clara,085,1922200,65030,57699,246,57945,570
2020-12-21,Santa Cruz,087,273765,8448,7315,238,7553,69
2020-12-21,Shasta,089,179085,7771,7299,605,7904,64
2020-12-21,Sierra,091,2930,24,23,0,23,0
2020-12-21,Siskiyou,093,43540,965,878,83,961,2
2020-12-21,Solano,095,438530,17525,15878,171,16049,95
2020-12-21,Sonoma,097,501317,18023,17075,98,17173,176
2020-12-21,Stanislaus,099,539301,32934,30437,2776,33213,499
2020-12-21,Sutter,101,95872,6111,5708,40,5748,46
2020-12-21,Tehama,103,63373,2829,2656,235,2891,9
2020-12-21,Trinity,105,12862,404,226,51,277,2
2020-12-21,Tulare,107,460477,31969,29482,3234,32716,373
2020-12-21,Tuolumne,109,53932,2637,2423,11,2434,12
2020-12-21,Ventura,111,848112,35903,31759,1395,33154,212
2020-12-21,Yolo,113,214977,8019,7266,49,7315,109
2020-12-21,Yuba,115,75493,3582,3329,34,3363,14
2020-12-20,Alameda,001,1643700,47744,44004,755,44759,516
2020-12-20,Alpine,003,1148,65,64,0,64,0
2020-12-20,Amador,005,37829,2166,1771,17,1788,23
2020-12-20,Butte,007,227075,6912,6228,699,6927,81
2020-12-20,Calaveras,009,45235,1008,926,0,926,21
2020-12-20,Colusa,011,21464,1183,1121,53,1174,7
2020-12-20,Contra Costa,013,1133247,37071,34798,407,35205,301
2020-12-20,Del Norte,015,27424,690,652,2,654,2
2020-12-20,El Dorado,017,186661,5517,4697,226,4923,10
2020-12-20,Fresno,019,978130,63003,57616,3757,61373,634
2020-12-20,Glenn,021,27897,1436,1295,196,1491,9
2020-12-20,Humboldt,023,135768,1548,1386,6,1392,15
2020-12-20,Imperial,025,180216,21821,20882,904,21786,395
2020-12-20,Inyo,027,18085,584,476,7,483,17
2020-12-20,Kern,029,883053,60990,55983,3988,59971,540
2020-12-20,Kings,031,150075,15422,14629,437,15066,100
2020-12-20,Lake,033,64148,1717,1463,0,1463,20
2020-12-20,Lassen,035,31185,3956,3669,35,3704,1
2020-12-20,Los Angeles,037,10098052,676838,612975,16438,629413,8862
2020-12-20,Madera,039,155013,9796,8871,337,9208,63
2020-12-20,Marin,041,260295,9388,8948,60,9008,142
2020-12-20,Mariposa,043,17540,209,179,2,181,3
2020-12-20,Mendocino,045,87422,2241,2033,19,2052,23
2020-12-20,Merced,047,269075,17509,16435,267,16702,198
2020-12-20,Modoc,049,8938,219,181,64,245,0
2020-12-20,Mono,051,14174,829,774,11,785,3
2020-12-20,Monterey,053,433212,25026,23250,567,23817,173
2020-12-20,Napa,055,140530,5353,4865,23,4888,23
2020-12-20,Nevada,057,99092,2509,2289,78,2367,13
2020-12-20,Orange,059,3164182,142939,128780,5176,133956,1763
2020-12-20,Placer,061,380077,13107,11496,437,11933,105
2020-12-20,Plumas,063,18699,432,347,8,355,0
2020-12-20,Riverside,065,2383286,163923,148714,6574,155288,1742
2020-12-20,Sacramento,067,1510023,60273,56017,484,56501,755
2020-12-20,San Benito,069,59416,3207,2885,24,2909,21
2020-12-20,San Bernardino,071,2135413,177630,162810,4612,167422,1458
2020-12-20,San Diego,073,3302833,140758,126465,6214,132679,1280
2020-12-20,San Francisco,075,870044,21895,20937,185,21122,174
2020-12-20,San Joaquin,077,732212,41873,38268,1228,39496,587
2020-12-20,San Luis Obispo,079,281455,9773,8881,210,9091,63
2020-12-20,San Mateo,081,765935,23111,20764,72,20836,185
2020-12-20,Santa Barbara,083,443738,15905,14817,391,15208,148
2020-12-20,Santa Clara,085,1922200,63633,56860,240,57100,566
2020-12-20,Santa Cruz,087,273765,8238,7178,225,7403,69
2020-12-20,Shasta,089,179085,7657,7256,591,7847,64
2020-12-20,Sierra,091,2930,24,22,0,22,0
2020-12-20,Siskiyou,093,43540,956,870,82,952,2
2020-12-20,Solano,095,438530,17142,15533,160,15693,95
2020-12-20,Sonoma,097,501317,17747,16802,97,16899,175
2020-12-20,Stanislaus,099,539301,32404,29995,2676,32671,498
2020-12-20,Sutter,101,95872,6024,5601,40,5641,43
2020-12-20,Tehama,103,63373,2781,2602,216,2818,9
2020-12-20,Trinity,105,12862,396,221,50,271,2
2020-12-20,Tulare,107,460477,31452,29078,3142,32220,373
2020-12-20,Tuolumne,109,53932,2529,2152,10,2162,12
2020-12-20,Ventura,111,848112,35202,31335,1363,32698,210
2020-12-20,Yolo,113,214977,7866,7121,46,7167,109
2020-12-20,Yuba,115,75493,3532,3254,32,3286,12
2020-12-19,Alameda,001,1643700,47297,43109,748,43857,516
2020-12-19,Alpine,003,1148,65,64,0,64,0
2020-12-19,Amador,005,37829,2142,1754,17,1771,23
2020-12-19,Butte,007,227075,6812,6118,677,6795,81
2020-12-19,Calaveras,009,45235,991,900,0,900,21
2020-12-19,Colusa,011,21464,1175,1096,50,1146,7
2020-12-19,Contra Costa,013,1133247,36743,34321,393,34714,301
2020-12-19,Del Norte,015,27424,688,641,1,642,2
2020-12-19,El Dorado,017,186661,5450,4588,218,4806,10
2020-12-19,Fresno,019,978130,62678,55428,3691,59119,634
2020-12-19,Glenn,021,27897,1401,1286,195,1481,9
2020-12-19,Humboldt,023,135768,1531,1357,6,1363,15
2020-12-19,Imperial,025,180216,21727,20711,858,21569,395
2020-12-19,Inyo,027,18085,577,475,7,482,17
2020-12-19,Kern,029,883053,60506,55118,3882,59000,540
2020-12-19,Kings,031,150075,15343,14474,435,14909,100
2020-12-19,Lake,033,64148,1677,1438,0,1438,20
2020-12-19,Lassen,035,31185,3928,3595,35,3630,1
2020-12-19,Los Angeles,037,10098052,669716,599888,15914,615802,8804
2020-12-19,Madera,039,155013,9695,8717,325,9042,63
2020-12-19,Marin,041,260295,9348,8864,60,8924,142
2020-12-19,Mariposa,043,17540,207,177,2,179,3
2020-12-19,Mendocino,045,87422,2216,2008,19,2027,23
2020-12-19,Merced,047,269075,17370,16230,259,16489,198
2020-12-19,Modoc,049,8938,216,181,64,245,0
2020-12-19,Mono,051,14174,822,766,11,777,3
2020-12-19,Monterey,053,433212,24912,22799,562,23361,172
2020-12-19,Napa,055,140530,5291,4772,23,4795,23
2020-12-19,Nevada,057,99092,2487,2260,78,2338,13
2020-12-19,Orange,059,3164182,141014,125574,5028,130602,1733
2020-12-19,Placer,061,380077,12952,11246,431,11677,105
2020-12-19,Plumas,063,18699,429,343,8,351,0
2020-12-19,Riverside,065,2383286,161936,146703,6343,153046,1737
2020-12-19,Sacramento,067,1510023,59739,55169,470,55639,746
2020-12-19,San Benito,069,59416,3160,2820,23,2843,21
2020-12-19,San Bernardino,071,2135413,176048,159883,4504,164387,1433
2020-12-19,San Diego,073,3302833,138991,122972,6075,129047,1280
2020-12-19,San Francisco,075,870044,21740,20643,185,20828,174
2020-12-19,San Joaquin,077,732212,41469,37340,1180,38520,586
2020-12-19,San Luis Obispo,079,281455,9702,8788,207,8995,63
2020-12-19,San Mateo,081,765935,22902,20393,65,20458,182
2020-12-19,Santa Barbara,083,443738,15749,14667,385,15052,148
2020-12-19,Santa Clara,085,1922200,62783,55540,236,55776,558
2020-12-19,Santa Cruz,087,273765,8132,7054,221,7275,68
2020-12-19,Shasta,089,179085,7605,7221,579,7800,63
2020-12-19,Sierra,091,2930,24,23,0,23,0
2020-12-19,Siskiyou,093,43540,952,853,81,934,2
2020-12-19,Solano,095,438530,16964,15204,157,15361,95
2020-12-19,Sonoma,097,501317,17638,16553,97,16650,175
2020-12-19,Stanislaus,099,539301,32077,29555,2604,32159,498
2020-12-19,Sutter,101,95872,5968,5506,40,5546,41
2020-12-19,Tehama,103,63373,2732,2574,214,2788,9
2020-12-19,Trinity,105,12862,395,219,50,269,2
2020-12-19,Tulare,107,460477,31213,28734,3076,31810,375
2020-12-19,Tuolumne,109,53932,2515,2107,10,2117,12
2020-12-19,Ventura,111,848112,34921,30843,1333,32176,209
2020-12-19,Yolo,113,214977,7791,7025,45,7070,109
2020-12-19,Yuba,115,75493,3502,3168,32,3200,11
2020-12-18,Alameda,001,1643700,46762,42196,732,42928,515
2020-12-18,Alpine,003,1148,65,64,0,64,0
2020-12-18,Amador,005,37829,2125,1727,15,1742,20
2020-12-18,Butte,007,227075,6727,5891,651,6542,81
2020-12-18,Calaveras,009,45235,981,870,0,870,21
2020-12-18,Colusa,011,21464,1166,1068,50,1118,7
2020-12-18,Contra Costa,013,1133247,36451,33610,382,33992,300
2020-12-18,Del Norte,015,27424,683,627,0,627,2
2020-12-18,El Dorado,017,186661,5388,4494,209,4703,10
2020-12-18,Fresno,019,978130,61850,52643,3630,56273,613
2020-12-18,Glenn,021,27897,1384,1264,190,1454,9
2020-12-18,Humboldt,023,135768,1516,1331,6,1337,15
2020-12-18,Imperial,025,180216,21644,20430,812,21242,393
2020-12-18,Inyo,027,18085,558,454,7,461,17
2020-12-18,Kern,029,883053,59846,54220,3797,58017,533
2020-12-18,Kings,031,150075,15217,14284,429,14713,98
2020-12-18,Lake,033,64148,1661,1397,0,1397,20
2020-12-18,Lassen,035,31185,3920,3486,35,3521,1
2020-12-18,Los Angeles,037,10098052,657560,586413,15432,601845,8744
2020-12-18,Madera,039,155013,9592,8609,319,8928,63
2020-12-18,Marin,041,260295,9264,8799,60,8859,142
2020-12-18,Mariposa,043,17540,204,176,2,178,3
2020-12-18,Mendocino,045,87422,2198,1977,19,1996,24
2020-12-18,Merced,047,269075,17289,15956,257,16213,195
2020-12-18,Modoc,049,8938,216,179,64,243,0
2020-12-18,Mono,051,14174,814,731,11,742,3
2020-12-18,Monterey,053,433212,24619,22336,557,22893,165
2020-12-18,Napa,055,140530,5242,4688,23,4711,23
2020-12-18,Nevada,057,99092,2470,2220,77,2297,13
2020-12-18,Orange,059,3164182,138572,121681,4879,126560,1725
2020-12-18,Placer,061,380077,12781,10995,423,11418,104
2020-12-18,Plumas,063,18699,423,336,8,344,0
2020-12-18,Riverside,065,2383286,159097,142375,6081,148456,1733
2020-12-18,Sacramento,067,1510023,59113,53980,454,54434,736
2020-12-18,San Benito,069,59416,3111,2744,23,2767,21
2020-12-18,San Bernardino,071,2135413,173749,154272,4370,158642,1430
2020-12-18,San Diego,073,3302833,136813,120463,5936,126399,1253
2020-12-18,San Francisco,075,870044,21573,20315,179,20494,173
2020-12-18,San Joaquin,077,732212,41113,36484,1151,37635,559
2020-12-18,San Luis Obispo,079,281455,9604,8598,202,8800,62
2020-12-18,San Mateo,081,765935,22589,19971,61,20032,182
2020-12-18,Santa Barbara,083,443738,15608,14361,372,14733,148
2020-12-18,Santa Clara,085,1922200,61887,53992,227,54219,539
2020-12-18,Santa Cruz,087,273765,8013,6838,213,7051,68
2020-12-18,Shasta,089,179085,7567,7114,568,7682,62
2020-12-18,Sierra,091,2930,24,23,0,23,0
2020-12-18,Siskiyou,093,43540,950,840,81,921,2
2020-12-18,Solano,095,438530,16807,14667,153,14820,95
2020-12-18,Sonoma,097,501317,17518,16261,97,16358,173
2020-12-18,Stanislaus,099,539301,31801,28967,2567,31534,490
2020-12-18,Sutter,101,95872,5884,5399,40,5439,39
2020-12-18,Tehama,103,63373,2717,2523,204,2727,9
2020-12-18,Trinity,105,12862,394,215,50,265,2
2020-12-18,Tulare,107,460477,30923,28322,2998,31320,370
2020-12-18,Tuolumne,109,53932,2504,2067,10,2077,12
2020-12-18,Ventura,111,848112,34417,29907,1290,31197,209
2020-12-18,Yolo,113,214977,7722,6901,44,6945,109
2020-12-18,Yuba,115,75493,3442,3097,32,3129,11
2020-12-17,Alameda,001,1643700,45958,41548,707,42255,508
2020-12-17,Alpine,003,1148,65,64,0,64,0
2020-12-17,Amador,005,37829,2077,1703,13,1716,19
2020-12-17,Butte,007,227075,6602,5746,632,6378,78
2020-12-17,Calaveras,009,45235,958,848,0,848,21
2020-12-17,Colusa,011,21464,1155,1053,48,1101,7
2020-12-17,Contra Costa,013,1133247,35918,33006,352,33358,293
2020-12-17,Del Norte,015,27424,678,583,0,583,1
2020-12-17,El Dorado,017,186661,5242,4327,196,4523,9
2020-12-17,Fresno,019,978130,60990,49918,3504,53422,597
2020-12-17,Glenn,021,27897,1360,1244,183,1427,9
2020-12-17,Humboldt,023,135768,1483,1322,6,1328,14
2020-12-17,Imperial,025,180216,21483,20208,746,20954,391
2020-12-17,Inyo,027,18085,540,450,6,456,16
2020-12-17,Kern,029,883053,58889,53683,3662,57345,526
2020-12-17,Kings,031,150075,15114,14057,414,14471,98
2020-12-17,Lake,033,64148,1632,1374,0,1374,20
2020-12-17,Lassen,035,31185,3884,3417,35,3452,1
2020-12-17,Los Angeles,037,10098052,641891,571093,14892,585985,8657
2020-12-17,Madera,039,155013,9471,8465,315,8780,62
2020-12-17,Marin,041,260295,9202,8721,58,8779,142
2020-12-17,Mariposa,043,17540,200,172,2,174,3
2020-12-17,Mendocino,045,87422,2164,1942,19,1961,23
2020-12-17,Merced,047,269075,17027,15648,249,15897,192
2020-12-17,Modoc,049,8938,213,179,64,243,0
2020-12-17,Mono,051,14174,800,718,11,729,3
2020-12-17,Monterey,053,433212,24100,21951,542,22493,163
2020-12-17,Napa,055,140530,5130,4612,23,4635,23
2020-12-17,Nevada,057,99092,2429,2173,74,2247,13
2020-12-17,Orange,059,3164182,135199,118367,4747,123114,1725
2020-12-17,Placer,061,380077,12507,10756,409,11165,99
2020-12-17,Plumas,063,18699,414,324,8,332,0
2020-12-17,Riverside,065,2383286,155218,139325,5867,145192,1696
2020-12-17,Sacramento,067,1510023,58206,53189,432,53621,721
2020-12-17,San Benito,069,59416,3042,2645,22,2667,20
2020-12-17,San Bernardino,071,2135413,169802,149838,4254,154092,1425
2020-12-17,San Diego,073,3302833,134012,116852,5780,122632,1239
2020-12-17,San Francisco,075,870044,21282,19939,174,20113,170
2020-12-17,San Joaquin,077,732212,40385,35894,1117,37011,554
2020-12-17,San Luis Obispo,079,281455,9485,8365,201,8566,59
2020-12-17,San Mateo,081,765935,22219,19647,61,19708,181
2020-12-17,Santa Barbara,083,443738,15375,14207,365,14572,147
2020-12-17,Santa Clara,085,1922200,60697,52559,221,52780,527
2020-12-17,Santa Cruz,087,273765,7857,6687,200,6887,64
2020-12-17,Shasta,089,179085,7491,7000,549,7549,62
2020-12-17,Sierra,091,2930,23,23,0,23,0
2020-12-17,Siskiyou,093,43540,942,827,80,907,2
2020-12-17,Solano,095,438530,16494,14361,150,14511,96
2020-12-17,Sonoma,097,501317,17246,15993,96,16089,171
2020-12-17,Stanislaus,099,539301,31381,28582,2507,31089,489
2020-12-17,Sutter,101,95872,5786,5309,38,5347,39
2020-12-17,Tehama,103,63373,2668,2480,198,2678,9
2020-12-17,Trinity,105,12862,389,213,50,263,2
2020-12-17,Tulare,107,460477,30523,27852,2919,30771,358
2020-12-17,Tuolumne,109,53932,2212,1992,10,2002,11
2020-12-17,Ventura,111,848112,33807,29404,1254,30658,208
2020-12-17,Yolo,113,214977,7601,6800,43,6843,105
2020-12-17,Yuba,115,75493,3382,3035,31,3066,12
2020-12-16,Alameda,001,1643700,45105,40751,683,41434,497
2020-12-16,Alpine,003,1148,65,64,0,64,0
2020-12-16,Amador,005,37829,2030,1693,12,1705,19
2020-12-16,Butte,007,227075,6413,5659,604,6263,76
2020-12-16,Calaveras,009,45235,923,821,0,821,21
2020-12-16,Colusa,011,21464,1142,1038,45,1083,7
2020-12-16,Contra Costa,013,1133247,35360,32429,333,32762,293
2020-12-16,Del Norte,015,27424,676,575,0,575,1
2020-12-16,El Dorado,017,186661,5121,4237,187,4424,9
2020-12-16,Fresno,019,978130,60033,49173,3408,52581,584
2020-12-16,Glenn,021,27897,1342,1236,172,1408,9
2020-12-16,Humboldt,023,135768,1451,1308,5,1313,12
2020-12-16,Imperial,025,180216,21301,19980,682,20662,388
2020-12-16,Inyo,027,18085,527,444,6,450,16
2020-12-16,Kern,029,883053,58012,52896,3533,56429,522
2020-12-16,Kings,031,150075,14934,13734,398,14132,99
2020-12-16,Lake,033,64148,1593,1363,0,1363,20
2020-12-16,Lassen,035,31185,3851,3396,34,3430,1
2020-12-16,Los Angeles,037,10098052,625345,557907,14224,572131,8561
2020-12-16,Madera,039,155013,9345,8278,307,8585,62
2020-12-16,Marin,041,260295,9131,8641,58,8699,142
2020-12-16,Mariposa,043,17540,197,175,2,177,3
2020-12-16,Mendocino,045,87422,2129,1929,19,1948,23
2020-12-16,Merced,047,269075,16742,15443,246,15689,190
2020-12-16,Modoc,049,8938,210,178,64,242,0
2020-12-16,Mono,051,14174,781,702,11,713,3
2020-12-16,Monterey,053,433212,23540,21107,531,21638,163
2020-12-16,Napa,055,140530,5031,4544,23,4567,23
2020-12-16,Nevada,057,99092,2393,2149,72,2221,13
2020-12-16,Orange,059,3164182,131728,115260,4582,119842,1712
2020-12-16,Placer,061,380077,12270,10554,388,10942,96
2020-12-16,Plumas,063,18699,405,319,8,327,0
2020-12-16,Riverside,065,2383286,151100,135751,5622,141373,1664
2020-12-16,Sacramento,067,1510023,57234,52166,407,52573,715
2020-12-16,San Benito,069,59416,2952,2582,22,2604,20
2020-12-16,San Bernardino,071,2135413,165195,143565,4120,147685,1403
2020-12-16,San Diego,073,3302833,130908,114248,5626,119874,1217
2020-12-16,San Francisco,075,870044,21024,19624,174,19798,170
2020-12-16,San Joaquin,077,732212,39563,35010,1077,36087,547
2020-12-16,San Luis Obispo,079,281455,9290,8252,192,8444,58
2020-12-16,San Mateo,081,765935,21894,19292,57,19349,179
2020-12-16,Santa Barbara,083,443738,15123,13966,353,14319,144
2020-12-16,Santa Clara,085,1922200,59446,51502,218,51720,523
2020-12-16,Santa Cruz,087,273765,7669,6536,189,6725,63
2020-12-16,Shasta,089,179085,7418,6914,526,7440,62
2020-12-16,Sierra,091,2930,23,23,0,23,0
2020-12-16,Siskiyou,093,43540,934,818,80,898,2
2020-12-16,Solano,095,438530,16023,14157,146,14303,96
2020-12-16,Sonoma,097,501317,16991,15768,96,15864,170
2020-12-16,Stanislaus,099,539301,30888,28279,2436,30715,489
2020-12-16,Sutter,101,95872,5707,5223,38,5261,39
2020-12-16,Tehama,103,63373,2633,2441,174,2615,9
2020-12-16,Trinity,105,12862,383,212,50,262,2
2020-12-16,Tulare,107,460477,30096,27500,2829,30329,352
2020-12-16,Tuolumne,109,53932,2169,1941,10,1951,11
2020-12-16,Ventura,111,848112,33034,28566,1212,29778,203
2020-12-16,Yolo,113,214977,7474,6649,42,6691,103
2020-12-16,Yuba,115,75493,3295,2980,30,3010,11
2020-12-15,Alameda,001,1643700,44248,40026,662,40688,492
2020-12-15,Alpine,003,1148,65,64,0,64,0
2020-12-15,Amador,005,37829,1917,1669,10,1679,19
2020-12-15,Butte,007,227075,6274,5565,576,6141,75
2020-12-15,Calaveras,009,45235,891,799,0,799,21
2020-12-15,Colusa,011,21464,1129,1026,44,1070,7
2020-12-15,Contra Costa,013,1133247,34706,31423,319,31742,281
2020-12-15,Del Norte,015,27424,669,564,0,564,1
2020-12-15,El Dorado,017,186661,5013,4113,173,4286,9
2020-12-15,Fresno,019,978130,58661,47316,3274,50590,574
2020-12-15,Glenn,021,27897,1329,1207,156,1363,9
2020-12-15,Humboldt,023,135768,1431,1276,5,1281,12
2020-12-15,Imperial,025,180216,21076,19756,604,20360,380
2020-12-15,Inyo,027,18085,515,394,6,400,16
2020-12-15,Kern,029,883053,57001,52002,3427,55429,511
2020-12-15,Kings,031,150075,14770,13652,379,14031,97
2020-12-15,Lake,033,64148,1567,1341,0,1341,21
2020-12-15,Lassen,035,31185,3679,3378,33,3411,1
2020-12-15,Los Angeles,037,10098052,608944,536258,13594,549852,8429
2020-12-15,Madera,039,155013,9188,8118,300,8418,60
2020-12-15,Marin,041,260295,9026,8528,57,8585,141
2020-12-15,Mariposa,043,17540,193,171,2,173,3
2020-12-15,Mendocino,045,87422,2102,1883,19,1902,24
2020-12-15,Merced,047,269075,16446,15120,242,15362,190
2020-12-15,Modoc,049,8938,208,179,64,243,0
2020-12-15,Mono,051,14174,765,702,11,713,3
2020-12-15,Monterey,053,433212,22943,19905,470,20375,161
2020-12-15,Napa,055,140530,4927,4440,23,4463,23
2020-12-15,Nevada,057,99092,2360,2117,70,2187,11
2020-12-15,Orange,059,3164182,128092,112893,4433,117326,1689
2020-12-15,Placer,061,380077,12036,10301,366,10667,95
2020-12-15,Plumas,063,18699,400,313,8,321,0
2020-12-15,Riverside,065,2383286,147049,131822,5347,137169,1624
2020-12-15,Sacramento,067,1510023,56218,51076,394,51470,703
2020-12-15,San Benito,069,59416,2873,2520,21,2541,19
2020-12-15,San Bernardino,071,2135413,160735,137548,3971,141519,1351
2020-12-15,San Diego,073,3302833,127341,111441,5463,116904,1194
2020-12-15,San Francisco,075,870044,20716,19283,171,19454,171
2020-12-15,San Joaquin,077,732212,38641,33849,1043,34892,537
2020-12-15,San Luis Obispo,079,281455,9181,8074,189,8263,55
2020-12-15,San Mateo,081,765935,21485,18907,55,18962,178
2020-12-15,Santa Barbara,083,443738,14896,13782,345,14127,144
2020-12-15,Santa Clara,085,1922200,58017,50311,215,50526,505
2020-12-15,Santa Cruz,087,273765,7482,6361,176,6537,59
2020-12-15,Shasta,089,179085,7359,6794,501,7295,54
2020-12-15,Sierra,091,2930,23,23,0,23,0
2020-12-15,Siskiyou,093,43540,926,812,79,891,2
2020-12-15,Solano,095,438530,15669,13796,146,13942,95
2020-12-15,Sonoma,097,501317,16770,15406,96,15502,167
2020-12-15,Stanislaus,099,539301,30391,27823,2357,30180,485
2020-12-15,Sutter,101,95872,5609,5080,37,5117,36
2020-12-15,Tehama,103,63373,2595,2392,168,2560,9
2020-12-15,Trinity,105,12862,375,213,48,261,1
2020-12-15,Tulare,107,460477,29597,27026,2741,29767,342
2020-12-15,Tuolumne,109,53932,2139,1874,10,1884,8
2020-12-15,Ventura,111,848112,32412,27936,1165,29101,201
2020-12-15,Yolo,113,214977,7349,6531,40,6571,104
2020-12-15,Yuba,115,75493,3200,2891,29,2920,11
2020-12-14,Alameda,001,1643700,43346,39252,643,39895,487
2020-12-14,Alpine,003,1148,65,63,0,63,0
2020-12-14,Amador,005,37829,1845,1609,10,1619,19
2020-12-14,Butte,007,227075,6106,5202,559,5761,75
2020-12-14,Calaveras,009,45235,853,718,0,718,21
2020-12-14,Colusa,011,21464,1105,949,43,992,7
2020-12-14,Contra Costa,013,1133247,34016,30594,305,30899,281
2020-12-14,Del Norte,015,27424,663,560,0,560,1
2020-12-14,El Dorado,017,186661,4857,4018,157,4175,9
2020-12-14,Fresno,019,978130,57639,44726,3099,47825,560
2020-12-14,Glenn,021,27897,1303,1186,148,1334,9
2020-12-14,Humboldt,023,135768,1418,1256,5,1261,9
2020-12-14,Imperial,025,180216,20837,19608,530,20138,379
2020-12-14,Inyo,027,18085,502,382,6,388,16
2020-12-14,Kern,029,883053,55964,50538,3306,53844,510
2020-12-14,Kings,031,150075,14585,13491,352,13843,97
2020-12-14,Lake,033,64148,1516,1301,0,1301,21
2020-12-14,Lassen,035,31185,3581,2905,30,2935,1
2020-12-14,Los Angeles,037,10098052,591310,524668,12965,537633,8340
2020-12-14,Madera,039,155013,8923,8011,291,8302,60
2020-12-14,Marin,041,260295,8941,8475,56,8531,141
2020-12-14,Mariposa,043,17540,192,171,2,173,3
2020-12-14,Mendocino,045,87422,2081,1845,19,1864,24
2020-12-14,Merced,047,269075,16040,14572,228,14800,189
2020-12-14,Modoc,049,8938,202,180,62,242,0
2020-12-14,Mono,051,14174,757,685,11,696,3
2020-12-14,Monterey,053,433212,22421,19154,464,19618,155
2020-12-14,Napa,055,140530,4834,4289,23,4312,22
2020-12-14,Nevada,057,99092,2323,2070,67,2137,11
2020-12-14,Orange,059,3164182,124209,108602,4297,112899,1688
2020-12-14,Placer,061,380077,11755,9551,355,9906,95
2020-12-14,Plumas,063,18699,388,309,8,317,0
2020-12-14,Riverside,065,2383286,142926,123715,5085,128800,1588
2020-12-14,Sacramento,067,1510023,55111,50304,369,50673,691
2020-12-14,San Benito,069,59416,2807,2467,20,2487,19
2020-12-14,San Bernardino,071,2135413,156284,129151,3844,132995,1347
2020-12-14,San Diego,073,3302833,123605,109578,5278,114856,1162
2020-12-14,San Francisco,075,870044,20346,18904,169,19073,171
2020-12-14,San Joaquin,077,732212,37806,32522,997,33519,534
2020-12-14,San Luis Obispo,079,281455,8936,7791,185,7976,52
2020-12-14,San Mateo,081,765935,20988,18361,52,18413,178
2020-12-14,Santa Barbara,083,443738,14623,13587,337,13924,144
2020-12-14,Santa Clara,085,1922200,56504,49180,204,49384,502
2020-12-14,Santa Cruz,087,273765,7300,6049,161,6210,54
2020-12-14,Shasta,089,179085,7270,6665,483,7148,54
2020-12-14,Sierra,091,2930,23,21,0,21,0
2020-12-14,Siskiyou,093,43540,903,764,73,837,2
2020-12-14,Solano,095,438530,15313,13352,145,13497,93
2020-12-14,Sonoma,097,501317,16463,14807,95,14902,167
2020-12-14,Stanislaus,099,539301,29863,27311,2311,29622,485
2020-12-14,Sutter,101,95872,5505,5001,30,5031,35
2020-12-14,Tehama,103,63373,2553,2344,165,2509,9
2020-12-14,Trinity,105,12862,371,205,46,251,1
2020-12-14,Tulare,107,460477,29118,25735,2652,28387,341
2020-12-14,Tuolumne,109,53932,2086,1647,10,1657,8
2020-12-14,Ventura,111,848112,31489,27436,1107,28543,202
2020-12-14,Yolo,113,214977,7191,6389,39,6428,95
2020-12-14,Yuba,115,75493,3137,2851,29,2880,11
2020-12-13,Alameda,001,1643700,42145,38064,619,38683,486
2020-12-13,Alpine,003,1148,65,63,0,63,0
2020-12-13,Amador,005,37829,1789,1457,9,1466,19
2020-12-13,Butte,007,227075,5958,5103,521,5624,75
2020-12-13,Calaveras,009,45235,819,710,0,710,21
2020-12-13,Colusa,011,21464,1089,945,40,985,7
2020-12-13,Contra Costa,013,1133247,33289,29667,299,29966,281
2020-12-13,Del Norte,015,27424,611,542,0,542,1
2020-12-13,El Dorado,017,186661,4756,3770,148,3918,9
2020-12-13,Fresno,019,978130,56533,44114,2944,47058,559
2020-12-13,Glenn,021,27897,1290,1171,137,1308,9
2020-12-13,Humboldt,023,135768,1395,1238,4,1242,9
2020-12-13,Imperial,025,180216,20555,19472,410,19882,379
2020-12-13,Inyo,027,18085,481,380,6,386,16
2020-12-13,Kern,029,883053,54936,49051,3152,52203,510
2020-12-13,Kings,031,150075,14305,13357,334,13691,97
2020-12-13,Lake,033,64148,1475,1271,0,1271,21
2020-12-13,Lassen,035,31185,3474,2867,25,2892,1
2020-12-13,Los Angeles,037,10098052,573677,517472,12277,529749,8294
2020-12-13,Madera,039,155013,8738,7909,278,8187,60
2020-12-13,Marin,041,260295,8821,8409,56,8465,141
2020-12-13,Mariposa,043,17540,188,167,2,169,3
2020-12-13,Mendocino,045,87422,2047,1793,19,1812,24
2020-12-13,Merced,047,269075,15688,14384,225,14609,189
2020-12-13,Modoc,049,8938,192,179,57,236,0
2020-12-13,Mono,051,14174,741,675,11,686,3
2020-12-13,Monterey,053,433212,22000,18913,450,19363,153
2020-12-13,Napa,055,140530,4727,4194,23,4217,22
2020-12-13,Nevada,057,99092,2276,2030,65,2095,11
2020-12-13,Orange,059,3164182,120273,104768,4124,108892,1688
2020-12-13,Placer,061,380077,11441,9405,337,9742,95
2020-12-13,Plumas,063,18699,382,291,8,299,0
2020-12-13,Riverside,065,2383286,138800,119691,4825,124516,1581
2020-12-13,Sacramento,067,1510023,53842,49480,341,49821,682
2020-12-13,San Benito,069,59416,2738,2408,19,2427,19
2020-12-13,San Bernardino,071,2135413,151386,126718,3689,130407,1333
2020-12-13,San Diego,073,3302833,120005,107372,5109,112481,1162
2020-12-13,San Francisco,075,870044,20009,18686,160,18846,167
2020-12-13,San Joaquin,077,732212,37004,32170,957,33127,534
2020-12-13,San Luis Obispo,079,281455,8745,7625,177,7802,52
2020-12-13,San Mateo,081,765935,20497,18090,46,18136,177
2020-12-13,Santa Barbara,083,443738,14354,13249,323,13572,144
2020-12-13,Santa Clara,085,1922200,55097,47920,196,48116,499
2020-12-13,Santa Cruz,087,273765,7053,5986,151,6137,54
2020-12-13,Shasta,089,179085,7196,6647,457,7104,54
2020-12-13,Sierra,091,2930,23,21,0,21,0
2020-12-13,Siskiyou,093,43540,890,762,68,830,2
2020-12-13,Solano,095,438530,14878,13276,142,13418,93
2020-12-13,Sonoma,097,501317,16149,14495,94,14589,167
2020-12-13,Stanislaus,099,539301,29306,26569,2260,28829,485
2020-12-13,Sutter,101,95872,5378,4798,26,4824,34
2020-12-13,Tehama,103,63373,2508,2325,150,2475,9
2020-12-13,Trinity,105,12862,365,204,46,250,1
2020-12-13,Tulare,107,460477,28636,25496,2575,28071,340
2020-12-13,Tuolumne,109,53932,2024,1611,10,1621,8
2020-12-13,Ventura,111,848112,30490,26588,1047,27635,202
2020-12-13,Yolo,113,214977,7005,6265,33,6298,95
2020-12-13,Yuba,115,75493,3074,2754,26,2780,11
2020-12-12,Alameda,001,1643700,41702,37027,600,37627,486
2020-12-12,Alpine,003,1148,65,63,0,63,0
2020-12-12,Amador,005,37829,1761,1236,8,1244,19
2020-12-12,Butte,007,227075,5885,4972,507,5479,73
2020-12-12,Calaveras,009,45235,809,708,0,708,21
2020-12-12,Colusa,011,21464,1069,945,39,984,7
2020-12-12,Contra Costa,013,1133247,32942,29506,290,29796,281
2020-12-12,Del Norte,015,27424,603,529,0,529,1
2020-12-12,El Dorado,017,186661,4681,3706,132,3838,9
2020-12-12,Fresno,019,978130,56182,43756,2885,46641,559
2020-12-12,Glenn,021,27897,1282,1143,133,1276,8
2020-12-12,Humboldt,023,135768,1376,1208,4,1212,9
2020-12-12,Imperial,025,180216,20466,18947,355,19302,379
2020-12-12,Inyo,027,18085,475,380,6,386,16
2020-12-12,Kern,029,883053,54416,48194,3065,51259,507
2020-12-12,Kings,031,150075,14216,13205,330,13535,96
2020-12-12,Lake,033,64148,1459,1232,0,1232,21
2020-12-12,Lassen,035,31185,3451,2866,22,2888,1
2020-12-12,Los Angeles,037,10098052,566863,504317,11781,516098,8269
2020-12-12,Madera,039,155013,8611,7765,275,8040,59
2020-12-12,Marin,041,260295,8765,8363,55,8418,141
2020-12-12,Mariposa,043,17540,187,164,2,166,3
2020-12-12,Mendocino,045,87422,2011,1771,19,1790,24
2020-12-12,Merced,047,269075,15596,14181,221,14402,188
2020-12-12,Modoc,049,8938,191,169,54,223,0
2020-12-12,Mono,051,14174,734,640,11,651,3
2020-12-12,Monterey,053,433212,21887,18596,421,19017,151
2020-12-12,Napa,055,140530,4682,4113,23,4136,22
2020-12-12,Nevada,057,99092,2258,1981,63,2044,10
2020-12-12,Orange,059,3164182,118378,100468,3979,104447,1674
2020-12-12,Placer,061,380077,11276,9390,332,9722,95
2020-12-12,Plumas,063,18699,376,291,8,299,0
2020-12-12,Riverside,065,2383286,136741,118335,4624,122959,1579
2020-12-12,Sacramento,067,1510023,53260,48319,328,48647,673
2020-12-12,San Benito,069,59416,2683,2355,19,2374,19
2020-12-12,San Bernardino,071,2135413,149753,125741,3587,129328,1321
2020-12-12,San Diego,073,3302833,118384,104958,5012,109970,1151
2020-12-12,San Francisco,075,870044,19812,18413,156,18569,167
2020-12-12,San Joaquin,077,732212,36677,32200,927,33127,534
2020-12-12,San Luis Obispo,079,281455,8646,7462,171,7633,50
2020-12-12,San Mateo,081,765935,20276,17574,45,17619,177
2020-12-12,Santa Barbara,083,443738,14202,13174,315,13489,144
2020-12-12,Santa Clara,085,1922200,54162,45892,193,46085,498
2020-12-12,Santa Cruz,087,273765,6956,5905,142,6047,54
2020-12-12,Shasta,089,179085,7163,6551,439,6990,54
2020-12-12,Sierra,091,2930,23,21,0,21,0
2020-12-12,Siskiyou,093,43540,888,762,65,827,2
2020-12-12,Solano,095,438530,14684,12748,135,12883,93
2020-12-12,Sonoma,097,501317,16028,14466,94,14560,166
2020-12-12,Stanislaus,099,539301,29000,26246,2211,28457,483
2020-12-12,Sutter,101,95872,5316,4717,26,4743,32
2020-12-12,Tehama,103,63373,2490,2252,145,2397,9
2020-12-12,Trinity,105,12862,363,204,44,248,1
2020-12-12,Tulare,107,460477,28372,25333,2516,27849,341
2020-12-12,Tuolumne,109,53932,1980,1536,10,1546,8
2020-12-12,Ventura,111,848112,30045,25955,1014,26969,202
2020-12-12,Yolo,113,214977,6922,6116,31,6147,95
2020-12-12,Yuba,115,75493,3047,2692,25,2717,10
2020-12-11,Alameda,001,1643700,41135,36281,588,36869,482
2020-12-11,Alpine,003,1148,65,63,0,63,0
2020-12-11,Amador,005,37829,1745,1213,8,1221,19
2020-12-11,Butte,007,227075,5812,4941,489,5430,73
2020-12-11,Calaveras,009,45235,793,697,0,697,21
2020-12-11,Colusa,011,21464,1059,923,37,960,7
2020-12-11,Contra Costa,013,1133247,32510,29036,287,29323,282
2020-12-11,Del Norte,015,27424,595,505,0,505,1
2020-12-11,El Dorado,017,186661,4600,3669,117,3786,9
2020-12-11,Fresno,019,978130,55169,43071,2819,45890,550
2020-12-11,Glenn,021,27897,1266,1135,129,1264,8
2020-12-11,Humboldt,023,135768,1358,1190,4,1194,9
2020-12-11,Imperial,025,180216,20376,18599,311,18910,377
2020-12-11,Inyo,027,18085,465,372,6,378,16
2020-12-11,Kern,029,883053,53738,47664,3002,50666,502
2020-12-11,Kings,031,150075,14072,13118,326,13444,94
2020-12-11,Lake,033,64148,1442,1205,0,1205,21
2020-12-11,Lassen,035,31185,3439,2790,21,2811,1
2020-12-11,Los Angeles,037,10098052,555051,493592,11372,504964,8198
2020-12-11,Madera,039,155013,8519,7648,265,7913,59
2020-12-11,Marin,041,260295,8676,8317,54,8371,141
2020-12-11,Mariposa,043,17540,186,164,2,166,3
2020-12-11,Mendocino,045,87422,1987,1769,19,1788,24
2020-12-11,Merced,047,269075,15476,14038,213,14251,186
2020-12-11,Modoc,049,8938,191,168,53,221,0
2020-12-11,Mono,051,14174,724,631,11,642,3
2020-12-11,Monterey,053,433212,21586,18421,416,18837,150
2020-12-11,Napa,055,140530,4627,4054,23,4077,22
2020-12-11,Nevada,057,99092,2241,1959,60,2019,10
2020-12-11,Orange,059,3164182,116061,98357,3878,102235,1656
2020-12-11,Placer,061,380077,11114,8904,316,9220,93
2020-12-11,Plumas,063,18699,368,286,8,294,0
2020-12-11,Riverside,065,2383286,133663,115329,4406,119735,1573
2020-12-11,Sacramento,067,1510023,52597,47468,320,47788,669
2020-12-11,San Benito,069,59416,2632,2319,19,2338,19
2020-12-11,San Bernardino,071,2135413,147055,123092,3473,126565,1313
2020-12-11,San Diego,073,3302833,116424,102468,4929,107397,1137
2020-12-11,San Francisco,075,870044,19582,18246,155,18401,165
2020-12-11,San Joaquin,077,732212,36328,32044,900,32944,534
2020-12-11,San Luis Obispo,079,281455,8485,7415,169,7584,49
2020-12-11,San Mateo,081,765935,20006,17240,34,17274,177
2020-12-11,Santa Barbara,083,443738,14059,12997,307,13304,144
2020-12-11,Santa Clara,085,1922200,53155,45101,184,45285,494
2020-12-11,Santa Cruz,087,273765,6836,5764,133,5897,50
2020-12-11,Shasta,089,179085,7118,6459,432,6891,54
2020-12-11,Sierra,091,2930,23,19,0,19,0
2020-12-11,Siskiyou,093,43540,881,753,62,815,2
2020-12-11,Solano,095,438530,14497,12554,131,12685,92
2020-12-11,Sonoma,097,501317,15860,14298,92,14390,166
2020-12-11,Stanislaus,099,539301,28728,25928,2164,28092,464
2020-12-11,Sutter,101,95872,5253,4600,25,4625,30
2020-12-11,Tehama,103,63373,2459,2232,141,2373,9
2020-12-11,Trinity,105,12862,360,204,44,248,1
2020-12-11,Tulare,107,460477,28018,24953,2463,27416,338
2020-12-11,Tuolumne,109,53932,1965,1510,10,1520,8
2020-12-11,Ventura,111,848112,29438,24999,992,25991,202
2020-12-11,Yolo,113,214977,6818,6006,30,6036,95
2020-12-11,Yuba,115,75493,2986,2649,23,2672,10
2020-12-10,Alameda,001,1643700,40365,35686,568,36254,477
2020-12-10,Alpine,003,1148,65,63,0,63,0
2020-12-10,Amador,005,37829,1688,1191,8,1199,18
2020-12-10,Butte,007,227075,5697,4863,465,5328,72
2020-12-10,Calaveras,009,45235,775,684,0,684,21
2020-12-10,Colusa,011,21464,1036,909,34,943,7
2020-12-10,Contra Costa,013,1133247,31832,28413,281,28694,276
2020-12-10,Del Norte,015,27424,584,501,0,501,1
2020-12-10,El Dorado,017,186661,4482,3557,112,3669,9
2020-12-10,Fresno,019,978130,54192,42461,2679,45140,540
2020-12-10,Glenn,021,27897,1246,1126,120,1246,8
2020-12-10,Humboldt,023,135768,1338,1140,4,1144,9
2020-12-10,Imperial,025,180216,20164,18333,236,18569,370
2020-12-10,Inyo,027,18085,445,365,6,371,15
2020-12-10,Kern,029,883053,52757,47176,2839,50015,499
2020-12-10,Kings,031,150075,13914,12993,320,13313,92
2020-12-10,Lake,033,64148,1402,1167,0,1167,21
2020-12-10,Lassen,035,31185,3417,2764,17,2781,0
2020-12-10,Los Angeles,037,10098052,541069,480354,10847,491201,8149
2020-12-10,Madera,039,155013,8410,7445,250,7695,59
2020-12-10,Marin,041,260295,8626,8245,53,8298,140
2020-12-10,Mariposa,043,17540,185,160,2,162,3
2020-12-10,Mendocino,045,87422,1961,1748,16,1764,24
2020-12-10,Merced,047,269075,15230,13756,210,13966,186
2020-12-10,Modoc,049,8938,186,165,51,216,0
2020-12-10,Mono,051,14174,719,601,11,612,3
2020-12-10,Monterey,053,433212,21104,18266,406,18672,145
2020-12-10,Napa,055,140530,4541,3974,22,3996,22
2020-12-10,Nevada,057,99092,2205,1919,60,1979,10
2020-12-10,Orange,059,3164182,112958,95297,3718,99015,1651
2020-12-10,Placer,061,380077,10861,8906,299,9205,90
2020-12-10,Plumas,063,18699,357,281,8,289,0
2020-12-10,Riverside,065,2383286,129976,112794,4139,116933,1552
2020-12-10,Sacramento,067,1510023,51696,46471,299,46770,664
2020-12-10,San Benito,069,59416,2571,2268,18,2286,19
2020-12-10,San Bernardino,071,2135413,142810,120186,3299,123485,1306
2020-12-10,San Diego,073,3302833,113899,99601,4780,104381,1114
2020-12-10,San Francisco,075,870044,19274,17945,148,18093,164
2020-12-10,San Joaquin,077,732212,35693,31228,871,32099,534
2020-12-10,San Luis Obispo,079,281455,8322,7245,158,7403,49
2020-12-10,San Mateo,081,765935,19564,16701,24,16725,177
2020-12-10,Santa Barbara,083,443738,13880,12788,299,13087,143
2020-12-10,Santa Clara,085,1922200,52000,43939,170,44109,491
2020-12-10,Santa Cruz,087,273765,6670,5645,121,5766,48
2020-12-10,Shasta,089,179085,7051,6312,407,6719,53
2020-12-10,Sierra,091,2930,23,18,0,18,0
2020-12-10,Siskiyou,093,43540,871,712,61,773,2
2020-12-10,Solano,095,438530,14133,12017,126,12143,90
2020-12-10,Sonoma,097,501317,15604,14282,90,14372,167
2020-12-10,Stanislaus,099,539301,28269,25582,2090,27672,464
2020-12-10,Sutter,101,95872,5123,4528,23,4551,27
2020-12-10,Tehama,103,63373,2415,2190,133,2323,9
2020-12-10,Trinity,105,12862,356,202,42,244,1
2020-12-10,Tulare,107,460477,27561,24506,2400,26906,337
2020-12-10,Tuolumne,109,53932,1723,1451,10,1461,8
2020-12-10,Ventura,111,848112,28588,24075,948,25023,202
2020-12-10,Yolo,113,214977,6697,5896,29,5925,95
2020-12-10,Yuba,115,75493,2922,2604,22,2626,10
2020-12-09,Alameda,001,1643700,39529,35047,547,35594,470
2020-12-09,Alpine,003,1148,65,58,0,58,0
2020-12-09,Amador,005,37829,1645,1121,8,1129,19
2020-12-09,Butte,007,227075,5554,4733,445,5178,70
2020-12-09,Calaveras,009,45235,746,670,0,670,21
2020-12-09,Colusa,011,21464,1021,896,33,929,7
2020-12-09,Contra Costa,013,1133247,31124,28308,269,28577,273
2020-12-09,Del Norte,015,27424,576,481,0,481,2
2020-12-09,El Dorado,017,186661,4347,3449,104,3553,8
2020-12-09,Fresno,019,978130,53192,41954,2526,44480,533
2020-12-09,Glenn,021,27897,1232,1107,114,1221,8
2020-12-09,Humboldt,023,135768,1306,1086,4,1090,10
2020-12-09,Imperial,025,180216,19906,17757,200,17957,368
2020-12-09,Inyo,027,18085,432,356,6,362,15
2020-12-09,Kern,029,883053,51600,46379,2697,49076,494
2020-12-09,Kings,031,150075,13769,12716,312,13028,92
2020-12-09,Lake,033,64148,1373,1158,0,1158,20
2020-12-09,Lassen,035,31185,3348,2331,15,2346,0
2020-12-09,Los Angeles,037,10098052,527566,467971,10311,478282,8075
2020-12-09,Madera,039,155013,8294,7216,247,7463,59
2020-12-09,Marin,041,260295,8563,8182,52,8234,138
2020-12-09,Mariposa,043,17540,183,154,2,156,3
2020-12-09,Mendocino,045,87422,1936,1703,15,1718,24
2020-12-09,Merced,047,269075,14989,13588,204,13792,183
2020-12-09,Modoc,049,8938,181,146,42,188,0
2020-12-09,Mono,051,14174,707,601,11,612,3
2020-12-09,Monterey,053,433212,20703,17891,398,18289,143
2020-12-09,Napa,055,140530,4456,3858,21,3879,21
2020-12-09,Nevada,057,99092,2152,1864,60,1924,10
2020-12-09,Orange,059,3164182,109861,93763,3550,97313,1629
2020-12-09,Placer,061,380077,10600,8588,285,8873,85
2020-12-09,Plumas,063,18699,349,271,8,279,0
2020-12-09,Riverside,065,2383286,126275,110376,3938,114314,1543
2020-12-09,Sacramento,067,1510023,50633,45284,274,45558,659
2020-12-09,San Benito,069,59416,2499,2217,16,2233,19
2020-12-09,San Bernardino,071,2135413,138529,114516,3103,117619,1305
2020-12-09,San Diego,073,3302833,110919,97551,4641,102192,1103
2020-12-09,San Francisco,075,870044,18973,17628,147,17775,163
2020-12-09,San Joaquin,077,732212,34879,30539,847,31386,531
2020-12-09,San Luis Obispo,079,281455,8104,7105,150,7255,47
2020-12-09,San Mateo,081,765935,19115,16422,23,16445,175
2020-12-09,Santa Barbara,083,443738,13680,12630,289,12919,142
2020-12-09,Santa Clara,085,1922200,50823,42912,155,43067,489
2020-12-09,Santa Cruz,087,273765,6509,5527,106,5633,47
2020-12-09,Shasta,089,179085,6986,6105,393,6498,52
2020-12-09,Sierra,091,2930,23,18,0,18,0
2020-12-09,Siskiyou,093,43540,860,713,60,773,2
2020-12-09,Solano,095,438530,13790,11862,118,11980,90
2020-12-09,Sonoma,097,501317,15347,13994,87,14081,164
2020-12-09,Stanislaus,099,539301,27780,25157,2027,27184,463
2020-12-09,Sutter,101,95872,5005,4418,19,4437,24
2020-12-09,Tehama,103,63373,2379,2102,129,2231,9
2020-12-09,Trinity,105,12862,348,199,39,238,0
2020-12-09,Tulare,107,460477,26959,24124,2324,26448,334
2020-12-09,Tuolumne,109,53932,1690,1319,10,1329,8
2020-12-09,Ventura,111,848112,27724,23830,906,24736,201
2020-12-09,Yolo,113,214977,6572,5760,27,5787,95
2020-12-09,Yuba,115,75493,2854,2513,21,2534,10
2020-12-08,Alameda,001,1643700,38627,34373,531,34904,469
2020-12-08,Alpine,003,1148,64,53,0,53,0
2020-12-08,Amador,005,37829,1359,1043,8,1051,17
2020-12-08,Butte,007,227075,5396,4651,405,5056,70
2020-12-08,Calaveras,009,45235,722,657,0,657,21
2020-12-08,Colusa,011,21464,1005,875,32,907,6
2020-12-08,Contra Costa,013,1133247,30428,27926,254,28180,270
2020-12-08,Del Norte,015,27424,562,465,0,465,2
2020-12-08,El Dorado,017,186661,4223,3296,91,3387,8
2020-12-08,Fresno,019,978130,51926,41574,2372,43946,529
2020-12-08,Glenn,021,27897,1212,1094,106,1200,8
2020-12-08,Humboldt,023,135768,1280,1059,4,1063,10
2020-12-08,Imperial,025,180216,19396,17568,193,17761,363
2020-12-08,Inyo,027,18085,408,333,6,339,15
2020-12-08,Kern,029,883053,50307,45116,2545,47661,487
2020-12-08,Kings,031,150075,13615,12623,303,12926,90
2020-12-08,Lake,033,64148,1333,1127,0,1127,20
2020-12-08,Lassen,035,31185,3192,2165,15,2180,0
2020-12-08,Los Angeles,037,10098052,514860,459738,9838,469576,8004
2020-12-08,Madera,039,155013,8165,7082,235,7317,59
2020-12-08,Marin,041,260295,8487,8099,51,8150,137
2020-12-08,Mariposa,043,17540,179,150,2,152,2
2020-12-08,Mendocino,045,87422,1894,1666,15,1681,23
2020-12-08,Merced,047,269075,14677,13380,203,13583,181
2020-12-08,Modoc,049,8938,173,138,39,177,0
2020-12-08,Mono,051,14174,693,597,11,608,3
2020-12-08,Monterey,053,433212,20132,17752,391,18143,134
2020-12-08,Napa,055,140530,4369,3778,19,3797,22
2020-12-08,Nevada,057,99092,2098,1809,57,1866,11
2020-12-08,Orange,059,3164182,106639,91406,3386,94792,1629
2020-12-08,Placer,061,380077,10332,8224,280,8504,82
2020-12-08,Plumas,063,18699,339,258,8,266,0
2020-12-08,Riverside,065,2383286,122906,107620,3761,111381,1514
2020-12-08,Sacramento,067,1510023,49570,44635,259,44894,649
2020-12-08,San Benito,069,59416,2445,2180,16,2196,18
2020-12-08,San Bernardino,071,2135413,134182,110676,2981,113657,1301
2020-12-08,San Diego,073,3302833,107548,95447,4484,99931,1088
2020-12-08,San Francisco,075,870044,18665,17384,145,17529,162
2020-12-08,San Joaquin,077,732212,33985,30225,814,31039,530
2020-12-08,San Luis Obispo,079,281455,7975,6903,139,7042,45
2020-12-08,San Mateo,081,765935,18716,16305,23,16328,175
2020-12-08,Santa Barbara,083,443738,13497,12516,280,12796,141
2020-12-08,Santa Clara,085,1922200,49513,41309,147,41456,484
2020-12-08,Santa Cruz,087,273765,6328,5374,104,5478,45
2020-12-08,Shasta,089,179085,6876,5946,385,6331,50
2020-12-08,Sierra,091,2930,22,18,0,18,0
2020-12-08,Siskiyou,093,43540,846,704,58,762,2
2020-12-08,Solano,095,438530,13384,11669,116,11785,89
2020-12-08,Sonoma,097,501317,15088,13601,86,13687,164
2020-12-08,Stanislaus,099,539301,27288,24793,1962,26755,461
2020-12-08,Sutter,101,95872,4909,4342,18,4360,24
2020-12-08,Tehama,103,63373,2305,2057,121,2178,9
2020-12-08,Trinity,105,12862,339,198,38,236,0
2020-12-08,Tulare,107,460477,26354,23607,2261,25868,330
2020-12-08,Tuolumne,109,53932,1666,1264,10,1274,7
2020-12-08,Ventura,111,848112,27063,23665,864,24529,195
2020-12-08,Yolo,113,214977,6440,5560,27,5587,90
2020-12-08,Yuba,115,75493,2776,2477,21,2498,10
2020-12-07,Alameda,001,1643700,37762,33887,497,34384,466
2020-12-07,Alpine,003,1148,63,53,0,53,0
2020-12-07,Amador,005,37829,1284,993,7,1000,17
2020-12-07,Butte,007,227075,5260,4604,384,4988,67
2020-12-07,Calaveras,009,45235,692,606,0,606,21
2020-12-07,Colusa,011,21464,980,825,27,852,6
2020-12-07,Contra Costa,013,1133247,29817,27307,240,27547,270
2020-12-07,Del Norte,015,27424,547,424,0,424,2
2020-12-07,El Dorado,017,186661,4044,3275,84,3359,8
2020-12-07,Fresno,019,978130,50452,41098,2251,43349,526
2020-12-07,Glenn,021,27897,1193,1085,100,1185,8
2020-12-07,Humboldt,023,135768,1245,1023,4,1027,9
2020-12-07,Imperial,025,180216,18979,17234,183,17417,364
2020-12-07,Inyo,027,18085,392,333,6,339,15
2020-12-07,Kern,029,883053,49282,44409,2411,46820,486
2020-12-07,Kings,031,150075,13472,12412,295,12707,90
2020-12-07,Lake,033,64148,1306,1090,0,1090,20
2020-12-07,Lassen,035,31185,3095,2167,15,2182,0
2020-12-07,Los Angeles,037,10098052,501185,451052,9409,460461,7937
2020-12-07,Madera,039,155013,7901,6935,230,7165,59
2020-12-07,Marin,041,260295,8429,8049,50,8099,136
2020-12-07,Mariposa,043,17540,176,146,2,148,2
2020-12-07,Mendocino,045,87422,1858,1638,14,1652,23
2020-12-07,Merced,047,269075,14318,13250,194,13444,179
2020-12-07,Modoc,049,8938,166,128,36,164,0
2020-12-07,Mono,051,14174,680,590,11,601,3
2020-12-07,Monterey,053,433212,19652,17746,380,18126,132
2020-12-07,Napa,055,140530,4278,3684,19,3703,21
2020-12-07,Nevada,057,99092,2049,1777,56,1833,11
2020-12-07,Orange,059,3164182,103372,89793,3267,93060,1628
2020-12-07,Placer,061,380077,10007,7911,266,8177,82
2020-12-07,Plumas,063,18699,327,256,5,261,0
2020-12-07,Riverside,065,2383286,119707,102363,3580,105943,1491
2020-12-07,Sacramento,067,1510023,48475,43419,242,43661,638
2020-12-07,San Benito,069,59416,2394,2165,15,2180,18
2020-12-07,San Bernardino,071,2135413,130231,108161,2866,111027,1295
2020-12-07,San Diego,073,3302833,104759,94171,4303,98474,1062
2020-12-07,San Francisco,075,870044,18369,17220,138,17358,161
2020-12-07,San Joaquin,077,732212,33110,28188,788,28976,530
2020-12-07,San Luis Obispo,079,281455,7793,6782,132,6914,45
2020-12-07,San Mateo,081,765935,18278,16029,22,16051,175
2020-12-07,Santa Barbara,083,443738,13255,12362,270,12632,141
2020-12-07,Santa Clara,085,1922200,48117,40621,138,40759,484
2020-12-07,Santa Cruz,087,273765,6164,5152,96,5248,41
2020-12-07,Shasta,089,179085,6753,5742,370,6112,50
2020-12-07,Sierra,091,2930,20,18,0,18,0
2020-12-07,Siskiyou,093,43540,820,652,58,710,2
2020-12-07,Solano,095,438530,13046,11354,112,11466,89
2020-12-07,Sonoma,097,501317,14804,13376,86,13462,164
2020-12-07,Stanislaus,099,539301,26714,24479,1909,26388,454
2020-12-07,Sutter,101,95872,4768,4106,18,4124,24
2020-12-07,Tehama,103,63373,2254,2030,116,2146,9
2020-12-07,Trinity,105,12862,335,194,38,232,0
2020-12-07,Tulare,107,460477,25806,22760,2202,24962,328
2020-12-07,Tuolumne,109,53932,1581,1256,9,1265,7
2020-12-07,Ventura,111,848112,26475,23354,828,24182,191
2020-12-07,Yolo,113,214977,6280,5537,26,5563,90
2020-12-07,Yuba,115,75493,2709,2428,19,2447,10
2020-12-06,Alameda,001,1643700,36770,33477,477,33954,465
2020-12-06,Alpine,003,1148,59,53,0,53,0
2020-12-06,Amador,005,37829,1221,952,6,958,17
2020-12-06,Butte,007,227075,5107,4527,351,4878,67
2020-12-06,Calaveras,009,45235,672,606,0,606,21
2020-12-06,Colusa,011,21464,963,824,23,847,6
2020-12-06,Contra Costa,013,1133247,29212,26566,233,26799,270
2020-12-06,Del Norte,015,27424,491,414,0,414,2
2020-12-06,El Dorado,017,186661,3907,3086,79,3165,8
2020-12-06,Fresno,019,978130,49498,40869,2136,43005,526
2020-12-06,Glenn,021,27897,1183,1067,96,1163,8
2020-12-06,Humboldt,023,135768,1220,1004,4,1008,9
2020-12-06,Imperial,025,180216,18672,16922,174,17096,364
2020-12-06,Inyo,027,18085,380,333,6,339,15
2020-12-06,Kern,029,883053,48291,43899,2244,46143,486
2020-12-06,Kings,031,150075,13200,12056,278,12334,90
2020-12-06,Lake,033,64148,1270,1075,0,1075,20
2020-12-06,Lassen,035,31185,2991,2168,13,2181,0
2020-12-06,Los Angeles,037,10098052,487582,443230,8977,452207,7910
2020-12-06,Madera,039,155013,7729,6826,221,7047,59
2020-12-06,Marin,041,260295,8349,8013,47,8060,136
2020-12-06,Mariposa,043,17540,175,144,2,146,2
2020-12-06,Mendocino,045,87422,1818,1614,14,1628,23
2020-12-06,Merced,047,269075,13982,12928,185,13113,179
2020-12-06,Modoc,049,8938,153,125,29,154,0
2020-12-06,Mono,051,14174,658,586,10,596,3
2020-12-06,Monterey,053,433212,19034,17426,370,17796,130
2020-12-06,Napa,055,140530,4166,3644,19,3663,21
2020-12-06,Nevada,057,99092,1990,1710,53,1763,10
2020-12-06,Orange,059,3164182,100298,87737,3138,90875,1627
2020-12-06,Placer,061,380077,9725,7837,247,8084,82
2020-12-06,Plumas,063,18699,314,254,4,258,0
2020-12-06,Riverside,065,2383286,116614,100088,3359,103447,1482
2020-12-06,Sacramento,067,1510023,47234,42808,228,43036,638
2020-12-06,San Benito,069,59416,2358,2135,15,2150,18
2020-12-06,San Bernardino,071,2135413,126080,106927,2712,109639,1286
2020-12-06,San Diego,073,3302833,101726,92173,4149,96322,1062
2020-12-06,San Francisco,075,870044,18046,17107,131,17238,161
2020-12-06,San Joaquin,077,732212,32266,28188,760,28948,530
2020-12-06,San Luis Obispo,079,281455,7628,6723,127,6850,45
2020-12-06,San Mateo,081,765935,17774,15855,20,15875,175
2020-12-06,Santa Barbara,083,443738,13023,12252,261,12513,141
2020-12-06,Santa Clara,085,1922200,46721,39112,133,39245,482
2020-12-06,Santa Cruz,087,273765,5987,5069,90,5159,40
2020-12-06,Shasta,089,179085,6612,5743,349,6092,49
2020-12-06,Sierra,091,2930,20,17,0,17,0
2020-12-06,Siskiyou,093,43540,801,652,56,708,2
2020-12-06,Solano,095,438530,12757,11354,102,11456,88
2020-12-06,Sonoma,097,501317,14515,13238,85,13323,164
2020-12-06,Stanislaus,099,539301,26154,24036,1845,25881,454
2020-12-06,Sutter,101,95872,4652,4009,17,4026,21
2020-12-06,Tehama,103,63373,2196,1982,107,2089,9
2020-12-06,Trinity,105,12862,328,181,36,217,0
2020-12-06,Tulare,107,460477,25274,22756,2135,24891,327
2020-12-06,Tuolumne,109,53932,1485,1210,9,1219,7
2020-12-06,Ventura,111,848112,25933,23035,803,23838,191
2020-12-06,Yolo,113,214977,6119,5465,22,5487,90
2020-12-06,Yuba,115,75493,2665,2340,18,2358,10
2020-12-05,Alameda,001,1643700,36412,32781,466,33247,465
2020-12-05,Alpine,003,1148,58,53,0,53,0
2020-12-05,Amador,005,37829,1197,847,6,853,17
2020-12-05,Butte,007,227075,5039,4455,332,4787,66
2020-12-05,Calaveras,009,45235,660,606,0,606,21
2020-12-05,Colusa,011,21464,945,825,20,845,6
2020-12-05,Contra Costa,013,1133247,28914,26217,226,26443,270
2020-12-05,Del Norte,015,27424,486,408,0,408,2
2020-12-05,El Dorado,017,186661,3842,3061,74,3135,8
2020-12-05,Fresno,019,978130,49179,40568,2082,42650,525
2020-12-05,Glenn,021,27897,1170,1056,90,1146,8
2020-12-05,Humboldt,023,135768,1187,979,4,983,9
2020-12-05,Imperial,025,180216,18498,16544,173,16717,362
2020-12-05,Inyo,027,18085,375,332,6,338,15
2020-12-05,Kern,029,883053,47828,43332,2159,45491,484
2020-12-05,Kings,031,150075,13119,11898,275,12173,90
2020-12-05,Lake,033,64148,1241,1069,0,1069,20
2020-12-05,Lassen,035,31185,2800,2168,11,2179,0
2020-12-05,Los Angeles,037,10098052,481782,433120,8661,441781,7888
2020-12-05,Madera,039,155013,7635,6619,214,6833,59
2020-12-05,Marin,041,260295,8322,7961,47,8008,136
2020-12-05,Mariposa,043,17540,170,143,2,145,2
2020-12-05,Mendocino,045,87422,1779,1585,14,1599,23
2020-12-05,Merced,047,269075,13875,12747,174,12921,180
2020-12-05,Modoc,049,8938,153,118,28,146,0
2020-12-05,Mono,051,14174,653,554,10,564,3
2020-12-05,Monterey,053,433212,18888,17077,366,17443,127
2020-12-05,Napa,055,140530,4095,3565,19,3584,21
2020-12-05,Nevada,057,99092,1975,1642,51,1693,10
2020-12-05,Orange,059,3164182,98831,85735,3042,88777,1612
2020-12-05,Placer,061,380077,9605,7811,238,8049,78
2020-12-05,Plumas,063,18699,307,246,1,247,0
2020-12-05,Riverside,065,2383286,115001,98612,3185,101797,1477
2020-12-05,Sacramento,067,1510023,46569,41878,214,42092,625
2020-12-05,San Benito,069,59416,2314,2073,15,2088,18
2020-12-05,San Bernardino,071,2135413,124552,105382,2584,107966,1283
2020-12-05,San Diego,073,3302833,100374,90470,4068,94538,1055
2020-12-05,San Francisco,075,870044,17860,16786,127,16913,161
2020-12-05,San Joaquin,077,732212,31999,28105,727,28832,523
2020-12-05,San Luis Obispo,079,281455,7561,6623,124,6747,44
2020-12-05,San Mateo,081,765935,17517,15512,20,15532,175
2020-12-05,Santa Barbara,083,443738,12923,12107,255,12362,141
2020-12-05,Santa Clara,085,1922200,45961,38339,128,38467,474
2020-12-05,Santa Cruz,087,273765,5914,4997,89,5086,40
2020-12-05,Shasta,089,179085,6551,5653,338,5991,49
2020-12-05,Sierra,091,2930,20,17,0,17,0
2020-12-05,Siskiyou,093,43540,793,649,55,704,2
2020-12-05,Solano,095,438530,12586,11351,100,11451,87
2020-12-05,Sonoma,097,501317,14419,13137,85,13222,164
2020-12-05,Stanislaus,099,539301,25835,23662,1810,25472,454
2020-12-05,Sutter,101,95872,4587,3937,17,3954,20
2020-12-05,Tehama,103,63373,2181,1926,105,2031,9
2020-12-05,Trinity,105,12862,327,177,36,213,0
2020-12-05,Tulare,107,460477,25055,22660,2077,24737,324
2020-12-05,Tuolumne,109,53932,1428,1180,9,1189,7
2020-12-05,Ventura,111,848112,25561,22710,789,23499,191
2020-12-05,Yolo,113,214977,6040,5351,21,5372,90
2020-12-05,Yuba,115,75493,2628,2275,18,2293,10
2020-12-04,Alameda,001,1643700,35861,31871,453,32324,465
2020-12-04,Alpine,003,1148,58,53,0,53,0
2020-12-04,Amador,005,37829,1183,766,3,769,16
2020-12-04,Butte,007,227075,4967,4336,312,4648,65
2020-12-04,Calaveras,009,45235,655,585,0,585,21
2020-12-04,Colusa,011,21464,931,790,18,808,6
2020-12-04,Contra Costa,013,1133247,28568,25705,214,25919,264
2020-12-04,Del Norte,015,27424,477,401,0,401,2
2020-12-04,El Dorado,017,186661,3754,2933,71,3004,7
2020-12-04,Fresno,019,978130,48470,40108,2014,42122,522
2020-12-04,Glenn,021,27897,1164,1017,82,1099,8
2020-12-04,Humboldt,023,135768,1169,960,4,964,9
2020-12-04,Imperial,025,180216,18251,16484,173,16657,362
2020-12-04,Inyo,027,18085,366,324,6,330,15
2020-12-04,Kern,029,883053,47277,42497,2057,44554,485
2020-12-04,Kings,031,150075,13026,11767,269,12036,88
2020-12-04,Lake,033,64148,1211,1018,0,1018,20
2020-12-04,Lassen,035,31185,2793,2167,10,2177,0
2020-12-04,Los Angeles,037,10098052,473158,424164,8370,432534,7845
2020-12-04,Madera,039,155013,7540,6479,211,6690,58
2020-12-04,Marin,041,260295,8267,7896,44,7940,136
2020-12-04,Mariposa,043,17540,170,136,2,138,2
2020-12-04,Mendocino,045,87422,1760,1563,13,1576,23
2020-12-04,Merced,047,269075,13760,12474,166,12640,177
2020-12-04,Modoc,049,8938,153,115,28,143,0
2020-12-04,Mono,051,14174,648,549,10,559,3
2020-12-04,Monterey,053,433212,18676,16737,357,17094,127
2020-12-04,Napa,055,140530,4041,3432,19,3451,19
2020-12-04,Nevada,057,99092,1950,1560,48,1608,10
2020-12-04,Orange,059,3164182,96903,83738,2978,86716,1597
2020-12-04,Placer,061,380077,9481,7461,225,7686,76
2020-12-04,Plumas,063,18699,300,232,0,232,0
2020-12-04,Riverside,065,2383286,112802,95255,3028,98283,1475
2020-12-04,Sacramento,067,1510023,45804,41061,197,41258,618
2020-12-04,San Benito,069,59416,2281,2006,15,2021,17
2020-12-04,San Bernardino,071,2135413,122280,102418,2476,104894,1290
2020-12-04,San Diego,073,3302833,98890,88183,3981,92164,1047
2020-12-04,San Francisco,075,870044,17669,16499,127,16626,161
2020-12-04,San Joaquin,077,732212,31560,27806,690,28496,522
2020-12-04,San Luis Obispo,079,281455,7477,6473,121,6594,42
2020-12-04,San Mateo,081,765935,17229,15112,19,15131,173
2020-12-04,Santa Barbara,083,443738,12816,11947,249,12196,141
2020-12-04,Santa Clara,085,1922200,45026,37465,122,37587,468
2020-12-04,Santa Cruz,087,273765,5825,4985,87,5072,32
2020-12-04,Shasta,089,179085,6463,5439,329,5768,49
2020-12-04,Sierra,091,2930,19,17,0,17,0
2020-12-04,Siskiyou,093,43540,786,639,52,691,2
2020-12-04,Solano,095,438530,12436,11037,97,11134,87
2020-12-04,Sonoma,097,501317,14271,12962,84,13046,164
2020-12-04,Stanislaus,099,539301,25557,23206,1766,24972,448
2020-12-04,Sutter,101,95872,4515,3791,12,3803,20
2020-12-04,Tehama,103,63373,2141,1876,100,1976,9
2020-12-04,Trinity,105,12862,325,172,36,208,0
2020-12-04,Tulare,107,460477,24762,22273,2005,24278,322
2020-12-04,Tuolumne,109,53932,1397,1134,9,1143,7
2020-12-04,Ventura,111,848112,25184,22024,773,22797,189
2020-12-04,Yolo,113,214977,5967,5294,20,5314,87
2020-12-04,Yuba,115,75493,2584,2225,17,2242,10
2020-12-03,Alameda,001,1643700,35096,31184,436,31620,465
2020-12-03,Alpine,003,1148,57,53,0,53,0
2020-12-03,Amador,005,37829,1132,653,3,656,16
2020-12-03,Butte,007,227075,4872,4305,293,4598,65
2020-12-03,Calaveras,009,45235,635,572,0,572,21
2020-12-03,Colusa,011,21464,918,774,17,791,6
2020-12-03,Contra Costa,013,1133247,28062,25464,207,25671,265
2020-12-03,Del Norte,015,27424,471,388,0,388,2
2020-12-03,El Dorado,017,186661,3628,2740,69,2809,6
2020-12-03,Fresno,019,978130,47716,39680,1942,41622,516
2020-12-03,Glenn,021,27897,1146,997,74,1071,8
2020-12-03,Humboldt,023,135768,1139,923,4,927,9
2020-12-03,Imperial,025,180216,18043,16436,161,16597,359
2020-12-03,Inyo,027,18085,364,321,6,327,15
2020-12-03,Kern,029,883053,46431,42062,1956,44018,483
2020-12-03,Kings,031,150075,12927,11658,258,11916,87
2020-12-03,Lake,033,64148,1196,991,0,991,20
2020-12-03,Lassen,035,31185,2753,2128,9,2137,0
2020-12-03,Los Angeles,037,10098052,463053,415805,8010,423815,7787
2020-12-03,Madera,039,155013,7417,6398,205,6603,58
2020-12-03,Marin,041,260295,8203,7861,40,7901,136
2020-12-03,Mariposa,043,17540,166,132,2,134,2
2020-12-03,Mendocino,045,87422,1743,1547,10,1557,23
2020-12-03,Merced,047,269075,13515,12310,159,12469,177
2020-12-03,Modoc,049,8938,151,114,28,142,0
2020-12-03,Mono,051,14174,626,527,10,537,3
2020-12-03,Monterey,053,433212,18215,16218,348,16566,125
2020-12-03,Napa,055,140530,3926,3360,19,3379,19
2020-12-03,Nevada,057,99092,1872,1472,47,1519,10
2020-12-03,Orange,059,3164182,94370,82187,2910,85097,1591
2020-12-03,Placer,061,380077,9279,7270,209,7479,73
2020-12-03,Plumas,063,18699,285,223,0,223,0
2020-12-03,Riverside,065,2383286,110040,92489,2869,95358,1461
2020-12-03,Sacramento,067,1510023,44746,40280,184,40464,614
2020-12-03,San Benito,069,59416,2235,1967,15,1982,16
2020-12-03,San Bernardino,071,2135413,118954,100787,2393,103180,1283
2020-12-03,San Diego,073,3302833,97075,86144,3863,90007,1040
2020-12-03,San Francisco,075,870044,17445,16236,126,16362,161
2020-12-03,San Joaquin,077,732212,30840,27239,648,27887,522
2020-12-03,San Luis Obispo,079,281455,7309,6388,120,6508,42
2020-12-03,San Mateo,081,765935,16876,14909,19,14928,173
2020-12-03,Santa Barbara,083,443738,12687,11829,243,12072,141
2020-12-03,Santa Clara,085,1922200,43815,36621,116,36737,465
2020-12-03,Santa Cruz,087,273765,5681,4850,83,4933,28
2020-12-03,Shasta,089,179085,6354,5330,322,5652,48
2020-12-03,Sierra,091,2930,19,17,0,17,0
2020-12-03,Siskiyou,093,43540,771,629,49,678,2
2020-12-03,Solano,095,438530,12221,10857,93,10950,87
2020-12-03,Sonoma,097,501317,14029,12772,83,12855,164
2020-12-03,Stanislaus,099,539301,25137,22821,1719,24540,447
2020-12-03,Sutter,101,95872,4431,3727,12,3739,20
2020-12-03,Tehama,103,63373,2089,1832,93,1925,9
2020-12-03,Trinity,105,12862,322,166,36,202,0
2020-12-03,Tulare,107,460477,24359,21993,1914,23907,321
2020-12-03,Tuolumne,109,53932,1355,1105,9,1114,7
2020-12-03,Ventura,111,848112,24481,21555,760,22315,187
2020-12-03,Yolo,113,214977,5829,5069,20,5089,87
2020-12-03,Yuba,115,75493,2513,2182,16,2198,10
2020-12-02,Alameda,001,1643700,34469,30697,427,31124,463
2020-12-02,Alpine,003,1148,56,52,0,52,0
2020-12-02,Amador,005,37829,1060,585,3,588,16
2020-12-02,Butte,007,227075,4750,4243,281,4524,65
2020-12-02,Calaveras,009,45235,619,553,0,553,21
2020-12-02,Colusa,011,21464,902,756,15,771,6
2020-12-02,Contra Costa,013,1133247,27599,25147,195,25342,264
2020-12-02,Del Norte,015,27424,455,384,0,384,2
2020-12-02,El Dorado,017,186661,3527,2638,64,2702,5
2020-12-02,Fresno,019,978130,46959,39324,1844,41168,507
2020-12-02,Glenn,021,27897,1129,995,66,1061,7
2020-12-02,Humboldt,023,135768,1113,899,4,903,9
2020-12-02,Imperial,025,180216,17622,16360,154,16514,356
2020-12-02,Inyo,027,18085,357,314,6,320,15
2020-12-02,Kern,029,883053,45534,41660,1861,43521,479
2020-12-02,Kings,031,150075,12574,11531,244,11775,86
2020-12-02,Lake,033,64148,1166,971,0,971,20
2020-12-02,Lassen,035,31185,2694,2115,9,2124,0
2020-12-02,Los Angeles,037,10098052,452999,408289,7682,415971,7739
2020-12-02,Madera,039,155013,7292,6370,199,6569,57
2020-12-02,Marin,041,260295,8154,7819,38,7857,136
2020-12-02,Mariposa,043,17540,163,131,2,133,2
2020-12-02,Mendocino,045,87422,1710,1524,10,1534,23
2020-12-02,Merced,047,269075,13271,12168,151,12319,173
2020-12-02,Modoc,049,8938,148,113,28,141,0
2020-12-02,Mono,051,14174,617,520,10,530,3
2020-12-02,Monterey,053,433212,17735,16064,309,16373,121
2020-12-02,Napa,055,140530,3823,3298,18,3316,19
2020-12-02,Nevada,057,99092,1810,1430,46,1476,9
2020-12-02,Orange,059,3164182,92171,81046,2831,83877,1569
2020-12-02,Placer,061,380077,9045,6941,196,7137,73
2020-12-02,Plumas,063,18699,272,218,0,218,0
2020-12-02,Riverside,065,2383286,107322,90089,2690,92779,1451
2020-12-02,Sacramento,067,1510023,43706,39334,173,39507,597
2020-12-02,San Benito,069,59416,2170,1921,15,1936,16
2020-12-02,San Bernardino,071,2135413,115384,98567,2288,100855,1240
2020-12-02,San Diego,073,3302833,95159,84640,3748,88388,1035
2020-12-02,San Francisco,075,870044,17207,16058,124,16182,157
2020-12-02,San Joaquin,077,732212,30223,26740,625,27365,519
2020-12-02,San Luis Obispo,079,281455,7210,6324,118,6442,42
2020-12-02,San Mateo,081,765935,16513,14757,18,14775,170
2020-12-02,Santa Barbara,083,443738,12536,11705,231,11936,140
2020-12-02,Santa Clara,085,1922200,42692,35878,116,35994,458
2020-12-02,Santa Cruz,087,273765,5549,4766,80,4846,27
2020-12-02,Shasta,089,179085,6231,5188,305,5493,47
2020-12-02,Sierra,091,2930,19,17,0,17,0
2020-12-02,Siskiyou,093,43540,755,624,47,671,1
2020-12-02,Solano,095,438530,11974,10701,89,10790,87
2020-12-02,Sonoma,097,501317,13789,12635,82,12717,163
2020-12-02,Stanislaus,099,539301,24634,22615,1663,24278,448
2020-12-02,Sutter,101,95872,4272,3604,12,3616,18
2020-12-02,Tehama,103,63373,2044,1800,78,1878,9
2020-12-02,Trinity,105,12862,313,165,35,200,0
2020-12-02,Tulare,107,460477,23976,21789,1836,23625,321
2020-12-02,Tuolumne,109,53932,1314,1076,9,1085,7
2020-12-02,Ventura,111,848112,24068,21208,742,21950,186
2020-12-02,Yolo,113,214977,5721,5053,19,5072,87
2020-12-02,Yuba,115,75493,2435,2119,15,2134,10
2020-12-01,Alameda,001,1643700,33778,30252,417,30669,460
2020-12-01,Alpine,003,1148,56,41,0,41,0
2020-12-01,Amador,005,37829,913,575,2,577,16
2020-12-01,Butte,007,227075,4645,4177,265,4442,65
2020-12-01,Calaveras,009,45235,601,544,0,544,21
2020-12-01,Colusa,011,21464,885,747,15,762,6
2020-12-01,Contra Costa,013,1133247,27027,24788,187,24975,264
2020-12-01,Del Norte,015,27424,427,357,0,357,2
2020-12-01,El Dorado,017,186661,3383,2542,59,2601,4
2020-12-01,Fresno,019,978130,46057,39004,1768,40772,505
2020-12-01,Glenn,021,27897,1108,989,62,1051,7
2020-12-01,Humboldt,023,135768,1083,886,4,890,9
2020-12-01,Imperial,025,180216,17308,16278,151,16429,356
2020-12-01,Inyo,027,18085,351,304,6,310,15
2020-12-01,Kern,029,883053,44732,41345,1734,43079,478
2020-12-01,Kings,031,150075,12259,11415,230,11645,86
2020-12-01,Lake,033,64148,1144,969,0,969,19
2020-12-01,Lassen,035,31185,2528,2047,8,2055,0
2020-12-01,Los Angeles,037,10098052,442626,403266,7368,410634,7704
2020-12-01,Madera,039,155013,7172,6270,189,6459,57
2020-12-01,Marin,041,260295,8083,7787,37,7824,136
2020-12-01,Mariposa,043,17540,158,128,2,130,2
2020-12-01,Mendocino,045,87422,1676,1497,10,1507,23
2020-12-01,Merced,047,269075,13031,12032,142,12174,172
2020-12-01,Modoc,049,8938,143,113,24,137,0
2020-12-01,Mono,051,14174,604,520,10,530,3
2020-12-01,Monterey,053,433212,17227,15835,298,16133,121
2020-12-01,Napa,055,140530,3739,3124,17,3141,19
2020-12-01,Nevada,057,99092,1748,1411,45,1456,9
2020-12-01,Orange,059,3164182,90067,79468,2742,82210,1567
2020-12-01,Placer,061,380077,8720,6794,189,6983,72
2020-12-01,Plumas,063,18699,260,201,0,201,0
2020-12-01,Riverside,065,2383286,104511,88530,2530,91060,1448
2020-12-01,Sacramento,067,1510023,42659,38966,170,39136,589
2020-12-01,San Benito,069,59416,2115,1888,15,1903,15
2020-12-01,San Bernardino,071,2135413,111914,95854,2166,98020,1220
2020-12-01,San Diego,073,3302833,92902,83423,3638,87061,1019
2020-12-01,San Francisco,075,870044,16924,15797,121,15918,157
2020-12-01,San Joaquin,077,732212,29422,26432,604,27036,514
2020-12-01,San Luis Obispo,079,281455,7068,6264,113,6377,40
2020-12-01,San Mateo,081,765935,16188,14495,18,14513,170
2020-12-01,Santa Barbara,083,443738,12397,11611,221,11832,140
2020-12-01,Santa Clara,085,1922200,41437,35397,110,35507,452
2020-12-01,Santa Cruz,087,273765,5391,4638,72,4710,27
2020-12-01,Shasta,089,179085,6106,5077,286,5363,47
2020-12-01,Sierra,091,2930,19,17,0,17,0
2020-12-01,Siskiyou,093,43540,741,608,43,651,1
2020-12-01,Solano,095,438530,11713,10604,84,10688,87
2020-12-01,Sonoma,097,501317,13585,12491,79,12570,163
2020-12-01,Stanislaus,099,539301,24173,22351,1605,23956,447
2020-12-01,Sutter,101,95872,4130,3538,12,3550,17
2020-12-01,Tehama,103,63373,1977,1773,68,1841,9
2020-12-01,Trinity,105,12862,299,165,29,194,0
2020-12-01,Tulare,107,460477,23520,21645,1768,23413,319
2020-12-01,Tuolumne,109,53932,1278,1052,7,1059,7
2020-12-01,Ventura,111,848112,23454,20604,720,21324,186
2020-12-01,Yolo,113,214977,5582,4928,19,4947,86
2020-12-01,Yuba,115,75493,2371,2088,14,2102,10
2020-11-30,Alameda,001,1643700,32958,29972,400,30372,457
2020-11-30,Alpine,003,1148,54,41,0,41,0
2020-11-30,Amador,005,37829,872,559,2,561,16
2020-11-30,Butte,007,227075,4527,4148,249,4397,65
2020-11-30,Calaveras,009,45235,580,478,0,478,21
2020-11-30,Colusa,011,21464,858,737,12,749,6
2020-11-30,Contra Costa,013,1133247,26443,24365,183,24548,264
2020-11-30,Del Norte,015,27424,401,339,0,339,2
2020-11-30,El Dorado,017,186661,3209,2488,53,2541,4
2020-11-30,Fresno,019,978130,44943,38712,1658,40370,500
2020-11-30,Glenn,021,27897,1085,954,57,1011,5
2020-11-30,Humboldt,023,135768,1036,870,4,874,9
2020-11-30,Imperial,025,180216,17050,16212,130,16342,356
2020-11-30,Inyo,027,18085,345,304,5,309,15
2020-11-30,Kern,029,883053,43973,40941,1602,42543,473
2020-11-30,Kings,031,150075,12111,11346,215,11561,85
2020-11-30,Lake,033,64148,1110,939,0,939,18
2020-11-30,Lassen,035,31185,2436,1793,8,1801,0
2020-11-30,Los Angeles,037,10098052,431945,396202,7044,403246,7658
2020-11-30,Madera,039,155013,7007,6210,175,6385,57
2020-11-30,Marin,041,260295,8038,7764,36,7800,136
2020-11-30,Mariposa,043,17540,151,123,2,125,2
2020-11-30,Mendocino,045,87422,1648,1482,10,1492,23
2020-11-30,Merced,047,269075,12756,11913,131,12044,172
2020-11-30,Modoc,049,8938,133,113,24,137,0
2020-11-30,Mono,051,14174,582,519,10,529,3
2020-11-30,Monterey,053,433212,16797,15837,290,16127,119
2020-11-30,Napa,055,140530,3640,3091,17,3108,18
2020-11-30,Nevada,057,99092,1662,1347,42,1389,9
2020-11-30,Orange,059,3164182,87955,78711,2646,81357,1568
2020-11-30,Placer,061,380077,8424,6575,176,6751,72
2020-11-30,Plumas,063,18699,249,192,0,192,0
2020-11-30,Riverside,065,2383286,101517,87722,2385,90107,1446
2020-11-30,Sacramento,067,1510023,41577,37834,161,37995,586
2020-11-30,San Benito,069,59416,2068,1875,14,1889,15
2020-11-30,San Bernardino,071,2135413,108182,92704,2054,94758,1220
2020-11-30,San Diego,073,3302833,90539,82045,3511,85556,997
2020-11-30,San Francisco,075,870044,16626,15638,117,15755,157
2020-11-30,San Joaquin,077,732212,28717,25742,578,26320,509
2020-11-30,San Luis Obispo,079,281455,6934,6224,111,6335,36
2020-11-30,San Mateo,081,765935,15829,14276,18,14294,170
2020-11-30,Santa Barbara,083,443738,12219,11572,213,11785,140
2020-11-30,Santa Clara,085,1922200,40223,35019,109,35128,451
2020-11-30,Santa Cruz,087,273765,5252,4558,69,4627,26
2020-11-30,Shasta,089,179085,5961,4933,258,5191,44
2020-11-30,Sierra,091,2930,19,16,0,16,0
2020-11-30,Siskiyou,093,43540,732,605,39,644,1
2020-11-30,Solano,095,438530,11450,10392,79,10471,87
2020-11-30,Sonoma,097,501317,13340,12232,75,12307,163
2020-11-30,Stanislaus,099,539301,23710,22110,1563,23673,446
2020-11-30,Sutter,101,95872,3974,3430,12,3442,16
2020-11-30,Tehama,103,63373,1928,1724,61,1785,9
2020-11-30,Trinity,105,12862,292,162,29,191,0
2020-11-30,Tulare,107,460477,23131,20833,1675,22508,319
2020-11-30,Tuolumne,109,53932,1234,1027,7,1034,7
2020-11-30,Ventura,111,848112,22699,20308,704,21012,180
2020-11-30,Yolo,113,214977,5465,4894,19,4913,81
2020-11-30,Yuba,115,75493,2312,2028,12,2040,10
2020-11-29,Alameda,001,1643700,32171,29918,378,30296,457
2020-11-29,Alpine,003,1148,51,41,0,41,0
2020-11-29,Amador,005,37829,721,548,2,550,16
2020-11-29,Butte,007,227075,4426,4008,233,4241,65
2020-11-29,Calaveras,009,45235,549,478,0,478,21
2020-11-29,Colusa,011,21464,829,723,8,731,6
2020-11-29,Contra Costa,013,1133247,25936,24165,177,24342,264
2020-11-29,Del Norte,015,27424,395,339,0,339,2
2020-11-29,El Dorado,017,186661,3078,2447,51,2498,4
2020-11-29,Fresno,019,978130,43993,38568,1587,40155,500
2020-11-29,Glenn,021,27897,1062,951,55,1006,4
2020-11-29,Humboldt,023,135768,1007,856,4,860,9
2020-11-29,Imperial,025,180216,16816,16138,105,16243,356
2020-11-29,Inyo,027,18085,328,289,5,294,15
2020-11-29,Kern,029,883053,43209,40596,1454,42050,473
2020-11-29,Kings,031,150075,11960,11247,197,11444,85
2020-11-29,Lake,033,64148,1086,927,0,927,18
2020-11-29,Lassen,035,31185,2333,1793,8,1801,0
2020-11-29,Los Angeles,037,10098052,421538,391162,6751,397913,7642
2020-11-29,Madera,039,155013,6864,6184,169,6353,57
2020-11-29,Marin,041,260295,7972,7739,33,7772,135
2020-11-29,Mariposa,043,17540,147,123,2,125,2
2020-11-29,Mendocino,045,87422,1614,1473,10,1483,23
2020-11-29,Merced,047,269075,12517,11773,122,11895,172
2020-11-29,Modoc,049,8938,129,105,22,127,0
2020-11-29,Mono,051,14174,559,515,9,524,3
2020-11-29,Monterey,053,433212,16484,15621,283,15904,119
2020-11-29,Napa,055,140530,3535,3090,16,3106,18
2020-11-29,Nevada,057,99092,1582,1311,40,1351,9
2020-11-29,Orange,059,3164182,85935,78057,2600,80657,1567
2020-11-29,Placer,061,380077,8126,6535,164,6699,72
2020-11-29,Plumas,063,18699,244,191,0,191,0
2020-11-29,Riverside,065,2383286,99124,87383,2233,89616,1442
2020-11-29,Sacramento,067,1510023,40499,37415,152,37567,585
2020-11-29,San Benito,069,59416,2024,1860,14,1874,15
2020-11-29,San Bernardino,071,2135413,104831,92052,1938,93990,1223
2020-11-29,San Diego,073,3302833,88128,81086,3358,84444,997
2020-11-29,San Francisco,075,870044,16344,15571,112,15683,153
2020-11-29,San Joaquin,077,732212,27969,25740,572,26312,509
2020-11-29,San Luis Obispo,079,281455,6811,6145,111,6256,36
2020-11-29,San Mateo,081,765935,15497,14177,18,14195,169
2020-11-29,Santa Barbara,083,443738,12064,11520,209,11729,140
2020-11-29,Santa Clara,085,1922200,39011,34234,103,34337,451
2020-11-29,Santa Cruz,087,273765,5092,4490,67,4557,26
2020-11-29,Shasta,089,179085,5789,4935,230,5165,43
2020-11-29,Sierra,091,2930,19,16,0,16,0
2020-11-29,Siskiyou,093,43540,709,590,37,627,1
2020-11-29,Solano,095,438530,11217,10393,75,10468,87
2020-11-29,Sonoma,097,501317,13088,12052,71,12123,163
2020-11-29,Stanislaus,099,539301,23214,21701,1529,23230,446
2020-11-29,Sutter,101,95872,3859,3297,12,3309,16
2020-11-29,Tehama,103,63373,1877,1710,47,1757,9
2020-11-29,Trinity,105,12862,289,159,27,186,0
2020-11-29,Tulare,107,460477,22762,20793,1600,22393,319
2020-11-29,Tuolumne,109,53932,1197,988,7,995,7
2020-11-29,Ventura,111,848112,22014,19952,692,20644,179
2020-11-29,Yolo,113,214977,5328,4830,18,4848,80
2020-11-29,Yuba,115,75493,2255,1959,12,1971,10
2020-11-28,Alameda,001,1643700,31861,29368,373,29741,456
2020-11-28,Alpine,003,1148,51,41,0,41,0
2020-11-28,Amador,005,37829,644,536,2,538,16
2020-11-28,Butte,007,227075,4368,3894,229,4123,65
2020-11-28,Calaveras,009,45235,543,478,0,478,21
2020-11-28,Colusa,011,21464,820,711,6,717,6
2020-11-28,Contra Costa,013,1133247,25603,23798,173,23971,264
2020-11-28,Del Norte,015,27424,385,328,0,328,2
2020-11-28,El Dorado,017,186661,3010,2415,45,2460,4
2020-11-28,Fresno,019,978130,43646,38288,1549,39837,500
2020-11-28,Glenn,021,27897,1051,925,51,976,4
2020-11-28,Humboldt,023,135768,972,844,4,848,9
2020-11-28,Imperial,025,180216,16747,16019,103,16122,356
2020-11-28,Inyo,027,18085,320,289,5,294,15
2020-11-28,Kern,029,883053,42846,40255,1366,41621,473
2020-11-28,Kings,031,150075,11895,11070,190,11260,85
2020-11-28,Lake,033,64148,1070,920,0,920,18
2020-11-28,Lassen,035,31185,2266,1714,8,1722,0
2020-11-28,Los Angeles,037,10098052,416616,386194,6595,392789,7625
2020-11-28,Madera,039,155013,6761,6119,162,6281,57
2020-11-28,Marin,041,260295,7942,7696,29,7725,135
2020-11-28,Mariposa,043,17540,144,120,2,122,2
2020-11-28,Mendocino,045,87422,1583,1458,10,1468,22
2020-11-28,Merced,047,269075,12417,11688,116,11804,172
2020-11-28,Modoc,049,8938,126,103,22,125,0
2020-11-28,Mono,051,14174,553,505,9,514,3
2020-11-28,Monterey,053,433212,16318,15328,279,15607,118
2020-11-28,Napa,055,140530,3484,3033,16,3049,18
2020-11-28,Nevada,057,99092,1553,1272,38,1310,9
2020-11-28,Orange,059,3164182,84835,76882,2553,79435,1568
2020-11-28,Placer,061,380077,7965,6497,161,6658,70
2020-11-28,Plumas,063,18699,237,188,0,188,0
2020-11-28,Riverside,065,2383286,97716,86854,2132,88986,1440
2020-11-28,Sacramento,067,1510023,39922,36905,148,37053,580
2020-11-28,San Benito,069,59416,1979,1835,14,1849,15
2020-11-28,San Bernardino,071,2135413,103429,91183,1836,93019,1224
2020-11-28,San Diego,073,3302833,86874,80020,3274,83294,997
2020-11-28,San Francisco,075,870044,16168,15450,105,15555,153
2020-11-28,San Joaquin,077,732212,27768,25742,557,26299,509
2020-11-28,San Luis Obispo,079,281455,6741,6106,107,6213,36
2020-11-28,San Mateo,081,765935,15307,14040,18,14058,169
2020-11-28,Santa Barbara,083,443738,11962,11481,204,11685,140
2020-11-28,Santa Clara,085,1922200,38260,33701,101,33802,449
2020-11-28,Santa Cruz,087,273765,5016,4426,67,4493,26
2020-11-28,Shasta,089,179085,5712,4882,223,5105,43
2020-11-28,Sierra,091,2930,19,16,0,16,0
2020-11-28,Siskiyou,093,43540,699,558,34,592,1
2020-11-28,Solano,095,438530,11095,10252,73,10325,87
2020-11-28,Sonoma,097,501317,12984,12008,62,12070,162
2020-11-28,Stanislaus,099,539301,22975,21574,1495,23069,446
2020-11-28,Sutter,101,95872,3775,3244,12,3256,15
2020-11-28,Tehama,103,63373,1859,1678,43,1721,9
2020-11-28,Trinity,105,12862,286,157,25,182,0
2020-11-28,Tulare,107,460477,22564,20701,1558,22259,319
2020-11-28,Tuolumne,109,53932,1175,976,7,983,7
2020-11-28,Ventura,111,848112,21716,19510,682,20192,179
2020-11-28,Yolo,113,214977,5251,4739,16,4755,80
2020-11-28,Yuba,115,75493,2200,1912,12,1924,10
2020-11-27,Alameda,001,1643700,31418,29064,363,29427,450
2020-11-27,Alpine,003,1148,51,41,0,41,0
2020-11-27,Amador,005,37829,597,498,1,499,16
2020-11-27,Butte,007,227075,4327,3894,223,4117,65
2020-11-27,Calaveras,009,45235,534,478,0,478,21
2020-11-27,Colusa,011,21464,803,694,4,698,6
2020-11-27,Contra Costa,013,1133247,25342,23463,167,23630,264
2020-11-27,Del Norte,015,27424,379,307,0,307,2
2020-11-27,El Dorado,017,186661,2939,2238,42,2280,4
2020-11-27,Fresno,019,978130,43241,37994,1493,39487,500
2020-11-27,Glenn,021,27897,1038,891,46,937,4
2020-11-27,Humboldt,023,135768,953,795,3,798,9
2020-11-27,Imperial,025,180216,16679,15960,95,16055,356
2020-11-27,Inyo,027,18085,314,289,5,294,15
2020-11-27,Kern,029,883053,42423,39707,1296,41003,473
2020-11-27,Kings,031,150075,11810,10667,172,10839,85
2020-11-27,Lake,033,64148,1034,909,0,909,18
2020-11-27,Lassen,035,31185,2254,1714,8,1722,0
2020-11-27,Los Angeles,037,10098052,410099,382740,6445,389185,7606
2020-11-27,Madera,039,155013,6689,6050,157,6207,57
2020-11-27,Marin,041,260295,7900,7660,29,7689,135
2020-11-27,Mariposa,043,17540,142,118,2,120,2
2020-11-27,Mendocino,045,87422,1569,1387,9,1396,22
2020-11-27,Merced,047,269075,12311,11550,109,11659,172
2020-11-27,Modoc,049,8938,125,100,22,122,0
2020-11-27,Mono,051,14174,549,498,9,507,3
2020-11-27,Monterey,053,433212,16150,14753,279,15032,113
2020-11-27,Napa,055,140530,3444,2988,16,3004,18
2020-11-27,Nevada,057,99092,1523,1184,36,1220,9
2020-11-27,Orange,059,3164182,83548,75151,2514,77665,1568
2020-11-27,Placer,061,380077,7805,6283,151,6434,68
2020-11-27,Plumas,063,18699,234,188,0,188,0
2020-11-27,Riverside,065,2383286,96105,85769,1980,87749,1440
2020-11-27,Sacramento,067,1510023,39301,36579,144,36723,579
2020-11-27,San Benito,069,59416,1945,1805,13,1818,15
2020-11-27,San Bernardino,071,2135413,101910,90254,1755,92009,1224
2020-11-27,San Diego,073,3302833,85680,78161,3185,81346,996
2020-11-27,San Francisco,075,870044,16012,15377,103,15480,153
2020-11-27,San Joaquin,077,732212,27544,25741,537,26278,509
2020-11-27,San Luis Obispo,079,281455,6658,6039,104,6143,36
2020-11-27,San Mateo,081,765935,15105,13872,17,13889,169
2020-11-27,Santa Barbara,083,443738,11869,11340,201,11541,140
2020-11-27,Santa Clara,085,1922200,37585,32935,94,33029,449
2020-11-27,Santa Cruz,087,273765,4945,4358,65,4423,26
2020-11-27,Shasta,089,179085,5635,4710,210,4920,43
2020-11-27,Sierra,091,2930,18,16,0,16,0
2020-11-27,Siskiyou,093,43540,684,554,31,585,1
2020-11-27,Solano,095,438530,10976,10044,70,10114,87
2020-11-27,Sonoma,097,501317,12851,11924,60,11984,162
2020-11-27,Stanislaus,099,539301,22746,21185,1466,22651,446
2020-11-27,Sutter,101,95872,3707,3101,12,3113,15
2020-11-27,Tehama,103,63373,1833,1649,39,1688,9
2020-11-27,Trinity,105,12862,282,151,25,176,0
2020-11-27,Tulare,107,460477,22374,20634,1501,22135,319
2020-11-27,Tuolumne,109,53932,1143,881,7,888,7
2020-11-27,Ventura,111,848112,21392,19379,660,20039,179
2020-11-27,Yolo,113,214977,5200,4737,16,4753,79
2020-11-27,Yuba,115,75493,2171,1864,11,1875,10
2020-11-26,Alameda,001,1643700,31004,28797,345,29142,447
2020-11-26,Alpine,003,1148,51,41,0,41,0
2020-11-26,Amador,005,37829,589,488,1,489,16
2020-11-26,Butte,007,227075,4264,3894,217,4111,65
2020-11-26,Calaveras,009,45235,507,478,0,478,21
2020-11-26,Colusa,011,21464,789,694,4,698,6
2020-11-26,Contra Costa,013,1133247,25009,23468,161,23629,264
2020-11-26,Del Norte,015,27424,368,307,0,307,2
2020-11-26,El Dorado,017,186661,2858,2217,40,2257,4
2020-11-26,Fresno,019,978130,42836,37724,1448,39172,500
2020-11-26,Glenn,021,27897,1022,892,44,936,4
2020-11-26,Humboldt,023,135768,930,795,2,797,9
2020-11-26,Imperial,025,180216,16565,15722,92,15814,355
2020-11-26,Inyo,027,18085,312,289,5,294,15
2020-11-26,Kern,029,883053,41973,39123,1236,40359,471
2020-11-26,Kings,031,150075,11755,10475,160,10635,85
2020-11-26,Lake,033,64148,1021,890,0,890,18
2020-11-26,Lassen,035,31185,2239,1714,8,1722,0
2020-11-26,Los Angeles,037,10098052,404939,378340,6209,384549,7581
2020-11-26,Madera,039,155013,6610,6003,152,6155,57
2020-11-26,Marin,041,260295,7862,7610,29,7639,135
2020-11-26,Mariposa,043,17540,137,116,2,118,2
2020-11-26,Mendocino,045,87422,1555,1387,7,1394,22
2020-11-26,Merced,047,269075,12163,11440,107,11547,172
2020-11-26,Modoc,049,8938,123,100,22,122,0
2020-11-26,Mono,051,14174,541,485,9,494,2
2020-11-26,Monterey,053,433212,15914,14750,271,15021,113
2020-11-26,Napa,055,140530,3380,2988,16,3004,18
2020-11-26,Nevada,057,99092,1478,1184,36,1220,9
2020-11-26,Orange,059,3164182,82161,74264,2454,76718,1563
2020-11-26,Placer,061,380077,7643,6278,142,6420,68
2020-11-26,Plumas,063,18699,226,188,0,188,0
2020-11-26,Riverside,065,2383286,94505,85774,1856,87630,1440
2020-11-26,Sacramento,067,1510023,38658,35854,136,35990,580
2020-11-26,San Benito,069,59416,1918,1769,13,1782,15
2020-11-26,San Bernardino,071,2135413,100256,89727,1662,91389,1223
2020-11-26,San Diego,073,3302833,84070,76359,3081,79440,996
2020-11-26,San Francisco,075,870044,15876,15156,99,15255,153
2020-11-26,San Joaquin,077,732212,27289,25738,525,26263,509
2020-11-26,San Luis Obispo,079,281455,6565,5964,101,6065,36
2020-11-26,San Mateo,081,765935,14916,13715,16,13731,169
2020-11-26,Santa Barbara,083,443738,11788,11277,200,11477,139
2020-11-26,Santa Clara,085,1922200,36939,32411,87,32498,446
2020-11-26,Santa Cruz,087,273765,4812,4269,59,4328,26
2020-11-26,Shasta,089,179085,5552,4712,198,4910,43
2020-11-26,Sierra,091,2930,18,15,0,15,0
2020-11-26,Siskiyou,093,43540,674,526,31,557,1
2020-11-26,Solano,095,438530,10831,9941,68,10009,87
2020-11-26,Sonoma,097,501317,12703,11922,58,11980,162
2020-11-26,Stanislaus,099,539301,22514,21186,1426,22612,445
2020-11-26,Sutter,101,95872,3613,3101,11,3112,15
2020-11-26,Tehama,103,63373,1793,1612,36,1648,9
2020-11-26,Trinity,105,12862,278,139,25,164,0
2020-11-26,Tulare,107,460477,22134,20649,1440,22089,319
2020-11-26,Tuolumne,109,53932,1115,871,7,878,7
2020-11-26,Ventura,111,848112,20896,19058,646,19704,179
2020-11-26,Yolo,113,214977,5113,4566,16,4582,76
2020-11-26,Yuba,115,75493,2111,1865,9,1874,10
2020-11-25,Alameda,001,1643700,30789,28378,337,28715,447
2020-11-25,Alpine,003,1148,51,41,0,41,0
2020-11-25,Amador,005,37829,579,484,1,485,16
2020-11-25,Butte,007,227075,4233,3848,214,4062,64
2020-11-25,Calaveras,009,45235,504,475,0,475,21
2020-11-25,Colusa,011,21464,772,693,4,697,6
2020-11-25,Contra Costa,013,1133247,24853,23307,160,23467,263
2020-11-25,Del Norte,015,27424,367,304,0,304,2
2020-11-25,El Dorado,017,186661,2822,2154,40,2194,4
2020-11-25,Fresno,019,978130,42603,37349,1426,38775,494
2020-11-25,Glenn,021,27897,1005,891,42,933,4
2020-11-25,Humboldt,023,135768,922,777,2,779,9
2020-11-25,Imperial,025,180216,16493,15640,91,15731,355
2020-11-25,Inyo,027,18085,310,289,5,294,15
2020-11-25,Kern,029,883053,41817,38878,1219,40097,467
2020-11-25,Kings,031,150075,11720,10417,156,10573,85
2020-11-25,Lake,033,64148,1004,878,0,878,18
2020-11-25,Lassen,035,31185,2196,1701,8,1709,0
2020-11-25,Los Angeles,037,10098052,401911,373919,6107,380026,7545
2020-11-25,Madera,039,155013,6587,5989,149,6138,57
2020-11-25,Marin,041,260295,7833,7601,28,7629,135
2020-11-25,Mariposa,043,17540,136,114,2,116,2
2020-11-25,Mendocino,045,87422,1536,1373,7,1380,22
2020-11-25,Merced,047,269075,12105,11346,107,11453,172
2020-11-25,Modoc,049,8938,123,96,22,118,0
2020-11-25,Mono,051,14174,536,487,9,496,2
2020-11-25,Monterey,053,433212,15799,14695,269,14964,113
2020-11-25,Napa,055,140530,3347,2945,16,2961,17
2020-11-25,Nevada,057,99092,1460,1170,34,1204,9
2020-11-25,Orange,059,3164182,81405,73014,2434,75448,1551
2020-11-25,Placer,061,380077,7566,6221,141,6362,68
2020-11-25,Plumas,063,18699,221,183,0,183,0
2020-11-25,Riverside,065,2383286,93961,85077,1838,86915,1438
2020-11-25,Sacramento,067,1510023,38322,35687,133,35820,574
2020-11-25,San Benito,069,59416,1895,1764,13,1777,15
2020-11-25,San Bernardino,071,2135413,99415,88469,1633,90102,1225
2020-11-25,San Diego,073,3302833,83413,75307,3045,78352,988
2020-11-25,San Francisco,075,870044,15770,15053,97,15150,153
2020-11-25,San Joaquin,077,732212,27161,25556,513,26069,515
2020-11-25,San Luis Obispo,079,281455,6522,5913,101,6014,34
2020-11-25,San Mateo,081,765935,14801,13614,16,13630,170
2020-11-25,Santa Barbara,083,443738,11738,11183,200,11383,138
2020-11-25,Santa Clara,085,1922200,36489,32032,86,32118,442
2020-11-25,Santa Cruz,087,273765,4759,4202,58,4260,25
2020-11-25,Shasta,089,179085,5506,4588,191,4779,43
2020-11-25,Sierra,091,2930,18,15,0,15,0
2020-11-25,Siskiyou,093,43540,667,499,31,530,1
2020-11-25,Solano,095,438530,10726,9832,67,9899,87
2020-11-25,Sonoma,097,501317,12640,11775,57,11832,162
2020-11-25,Stanislaus,099,539301,22382,21022,1399,22421,445
2020-11-25,Sutter,101,95872,3569,3064,11,3075,14
2020-11-25,Tehama,103,63373,1780,1587,30,1617,9
2020-11-25,Trinity,105,12862,276,135,25,160,0
2020-11-25,Tulare,107,460477,22044,20528,1410,21938,318
2020-11-25,Tuolumne,109,53932,1098,842,7,849,7
2020-11-25,Ventura,111,848112,20801,18914,640,19554,179
2020-11-25,Yolo,113,214977,5076,4527,16,4543,76
2020-11-25,Yuba,115,75493,2085,1840,9,1849,10
2020-11-24,Alameda,001,1643700,30313,28030,326,28356,444
2020-11-24,Alpine,003,1148,51,41,0,41,0
2020-11-24,Amador,005,37829,554,470,1,471,16
2020-11-24,Butte,007,227075,4147,3798,206,4004,63
2020-11-24,Calaveras,009,45235,498,466,0,466,21
2020-11-24,Colusa,011,21464,754,682,4,686,6
2020-11-24,Contra Costa,013,1133247,24500,23072,154,23226,259
2020-11-24,Del Norte,015,27424,358,298,0,298,2
2020-11-24,El Dorado,017,186661,2717,2005,39,2044,4
2020-11-24,Fresno,019,978130,42200,37021,1351,38372,493
2020-11-24,Glenn,021,27897,987,883,38,921,4
2020-11-24,Humboldt,023,135768,903,774,2,776,9
2020-11-24,Imperial,025,180216,16389,15600,86,15686,355
2020-11-24,Inyo,027,18085,309,282,5,287,15
2020-11-24,Kern,029,883053,41343,38551,1143,39694,465
2020-11-24,Kings,031,150075,11453,10338,143,10481,85
2020-11-24,Lake,033,64148,988,872,0,872,18
2020-11-24,Lassen,035,31185,2173,1657,8,1665,0
2020-11-24,Los Angeles,037,10098052,395602,370008,5875,375883,7501
2020-11-24,Madera,039,155013,6504,5881,142,6023,57
2020-11-24,Marin,041,260295,7785,7591,28,7619,135
2020-11-24,Mariposa,043,17540,126,114,1,115,2
2020-11-24,Mendocino,045,87422,1514,1346,6,1352,22
2020-11-24,Merced,047,269075,11917,11268,101,11369,171
2020-11-24,Modoc,049,8938,119,91,22,113,0
2020-11-24,Mono,051,14174,532,483,9,492,2
2020-11-24,Monterey,053,433212,15537,14354,260,14614,113
2020-11-24,Napa,055,140530,3279,2904,16,2920,17
2020-11-24,Nevada,057,99092,1396,1156,32,1188,9
2020-11-24,Orange,059,3164182,79965,71975,2357,74332,1547
2020-11-24,Placer,061,380077,7385,6147,134,6281,67
2020-11-24,Plumas,063,18699,218,180,0,180,0
2020-11-24,Riverside,065,2383286,92202,83685,1712,85397,1420
2020-11-24,Sacramento,067,1510023,37642,35097,126,35223,568
2020-11-24,San Benito,069,59416,1864,1740,12,1752,15
2020-11-24,San Bernardino,071,2135413,97075,86645,1532,88177,1226
2020-11-24,San Diego,073,3302833,82003,74363,2974,77337,984
2020-11-24,San Francisco,075,870044,15575,14874,93,14967,153
2020-11-24,San Joaquin,077,732212,26848,25318,486,25804,517
2020-11-24,San Luis Obispo,079,281455,6459,5805,100,5905,34
2020-11-24,San Mateo,081,765935,14592,13558,15,13573,170
2020-11-24,Santa Barbara,083,443738,11632,11154,199,11353,138
2020-11-24,Santa Clara,085,1922200,35701,31564,82,31646,438
2020-11-24,Santa Cruz,087,273765,4646,4132,57,4189,25
2020-11-24,Shasta,089,179085,5406,4410,172,4582,43
2020-11-24,Sierra,091,2930,18,15,0,15,0
2020-11-24,Siskiyou,093,43540,649,473,28,501,1
2020-11-24,Solano,095,438530,10554,9716,66,9782,86
2020-11-24,Sonoma,097,501317,12461,11644,54,11698,162
2020-11-24,Stanislaus,099,539301,22140,20830,1356,22186,438
2020-11-24,Sutter,101,95872,3463,2974,11,2985,14
2020-11-24,Tehama,103,63373,1736,1565,25,1590,9
2020-11-24,Trinity,105,12862,269,129,24,153,0
2020-11-24,Tulare,107,460477,21794,20319,1349,21668,315
2020-11-24,Tuolumne,109,53932,1069,832,7,839,7
2020-11-24,Ventura,111,848112,20420,18637,630,19267,179
2020-11-24,Yolo,113,214977,4990,4420,16,4436,76
2020-11-24,Yuba,115,75493,2034,1804,7,1811,10
2020-11-23,Alameda,001,1643700,29896,27718,314,28032,444
2020-11-23,Alpine,003,1148,49,41,0,41,0
2020-11-23,Amador,005,37829,513,457,1,458,16
2020-11-23,Butte,007,227075,4083,3765,200,3965,61
2020-11-23,Calaveras,009,45235,481,434,0,434,21
2020-11-23,Colusa,011,21464,740,662,4,666,6
2020-11-23,Contra Costa,013,1133247,24232,22674,149,22823,260
2020-11-23,Del Norte,015,27424,336,296,0,296,2
2020-11-23,El Dorado,017,186661,2597,2005,38,2043,4
2020-11-23,Fresno,019,978130,41752,36688,1290,37978,488
2020-11-23,Glenn,021,27897,961,853,38,891,4
2020-11-23,Humboldt,023,135768,890,746,2,748,9
2020-11-23,Imperial,025,180216,16226,15104,81,15185,355
2020-11-23,Inyo,027,18085,302,279,5,284,15
2020-11-23,Kern,029,883053,40830,38245,1080,39325,463
2020-11-23,Kings,031,150075,11033,10204,137,10341,85
2020-11-23,Lake,033,64148,965,840,0,840,18
2020-11-23,Lassen,035,31185,2093,1271,7,1278,0
2020-11-23,Los Angeles,037,10098052,389498,366374,5629,372003,7447
2020-11-23,Madera,039,155013,6379,5787,138,5925,56
2020-11-23,Marin,041,260295,7742,7543,28,7571,135
2020-11-23,Mariposa,043,17540,125,97,1,98,2
2020-11-23,Mendocino,045,87422,1484,1330,6,1336,22
2020-11-23,Merced,047,269075,11729,11148,98,11246,169
2020-11-23,Modoc,049,8938,105,91,21,112,0
2020-11-23,Mono,051,14174,519,480,9,489,2
2020-11-23,Monterey,053,433212,15258,14265,254,14519,112
2020-11-23,Napa,055,140530,3212,2811,16,2827,17
2020-11-23,Nevada,057,99092,1307,1087,32,1119,9
2020-11-23,Orange,059,3164182,78562,71074,2313,73387,1546
2020-11-23,Placer,061,380077,7183,5999,133,6132,66
2020-11-23,Plumas,063,18699,214,172,0,172,0
2020-11-23,Riverside,065,2383286,90424,82175,1648,83823,1415
2020-11-23,Sacramento,067,1510023,37072,34141,120,34261,556
2020-11-23,San Benito,069,59416,1837,1729,11,1740,15
2020-11-23,San Bernardino,071,2135413,94967,84387,1468,85855,1224
2020-11-23,San Diego,073,3302833,80540,72817,2886,75703,968
2020-11-23,San Francisco,075,870044,15417,14646,91,14737,153
2020-11-23,San Joaquin,077,732212,26498,24622,482,25104,517
2020-11-23,San Luis Obispo,079,281455,6377,5772,98,5870,34
2020-11-23,San Mateo,081,765935,14402,13364,15,13379,170
2020-11-23,Santa Barbara,083,443738,11525,10944,195,11139,137
2020-11-23,Santa Clara,085,1922200,35047,31064,79,31143,435
2020-11-23,Santa Cruz,087,273765,4536,4003,53,4056,25
2020-11-23,Shasta,089,179085,5288,4100,160,4260,43
2020-11-23,Sierra,091,2930,17,15,0,15,0
2020-11-23,Siskiyou,093,43540,622,460,28,488,0
2020-11-23,Solano,095,438530,10397,9394,63,9457,86
2020-11-23,Sonoma,097,501317,12288,11507,50,11557,160
2020-11-23,Stanislaus,099,539301,21847,20487,1324,21811,436
2020-11-23,Sutter,101,95872,3326,2840,10,2850,14
2020-11-23,Tehama,103,63373,1687,1526,21,1547,9
2020-11-23,Trinity,105,12862,260,120,22,142,0
2020-11-23,Tulare,107,460477,21500,19818,1284,21102,315
2020-11-23,Tuolumne,109,53932,1029,774,7,781,7
2020-11-23,Ventura,111,848112,20045,18480,617,19097,179
2020-11-23,Yolo,113,214977,4909,4265,15,4280,75
2020-11-23,Yuba,115,75493,1967,1702,7,1709,10
2020-11-22,Alameda,001,1643700,29459,27472,303,27775,444
2020-11-22,Alpine,003,1148,46,41,0,41,0
2020-11-22,Amador,005,37829,501,450,1,451,16
2020-11-22,Butte,007,227075,4032,3712,193,3905,61
2020-11-22,Calaveras,009,45235,473,434,0,434,21
2020-11-22,Colusa,011,21464,722,642,3,645,6
2020-11-22,Contra Costa,013,1133247,23927,22407,144,22551,260
2020-11-22,Del Norte,015,27424,312,271,0,271,2
2020-11-22,El Dorado,017,186661,2487,1917,34,1951,4
2020-11-22,Fresno,019,978130,41269,36315,1235,37550,488
2020-11-22,Glenn,021,27897,939,832,34,866,4
2020-11-22,Humboldt,023,135768,874,729,2,731,9
2020-11-22,Imperial,025,180216,16022,15109,36,15145,355
2020-11-22,Inyo,027,18085,295,279,5,284,15
2020-11-22,Kern,029,883053,40251,37904,1047,38951,463
2020-11-22,Kings,031,150075,10934,10035,128,10163,85
2020-11-22,Lake,033,64148,943,834,0,834,18
2020-11-22,Lassen,035,31185,1928,1211,6,1217,0
2020-11-22,Los Angeles,037,10098052,383216,360341,5386,365727,7438
2020-11-22,Madera,039,155013,6297,5745,127,5872,56
2020-11-22,Marin,041,260295,7708,7506,27,7533,135
2020-11-22,Mariposa,043,17540,124,95,1,96,2
2020-11-22,Mendocino,045,87422,1460,1285,5,1290,22
2020-11-22,Merced,047,269075,11580,10939,98,11037,169
2020-11-22,Modoc,049,8938,104,87,19,106,0
2020-11-22,Mono,051,14174,504,481,9,490,2
2020-11-22,Monterey,053,433212,15017,13887,249,14136,111
2020-11-22,Napa,055,140530,3131,2778,16,2794,17
2020-11-22,Nevada,057,99092,1249,1052,32,1084,9
2020-11-22,Orange,059,3164182,77148,69913,2275,72188,1546
2020-11-22,Placer,061,380077,6957,5880,123,6003,66
2020-11-22,Plumas,063,18699,201,172,0,172,0
2020-11-22,Riverside,065,2383286,88826,81565,1589,83154,1409
2020-11-22,Sacramento,067,1510023,36338,33421,107,33528,555
2020-11-22,San Benito,069,59416,1808,1704,11,1715,15
2020-11-22,San Bernardino,071,2135413,92628,83505,1398,84903,1224
2020-11-22,San Diego,073,3302833,78803,71649,2811,74460,968
2020-11-22,San Francisco,075,870044,15246,14515,90,14605,153
2020-11-22,San Joaquin,077,732212,26198,24619,470,25089,517
2020-11-22,San Luis Obispo,079,281455,6270,5664,97,5761,34
2020-11-22,San Mateo,081,765935,14197,13228,15,13243,170
2020-11-22,Santa Barbara,083,443738,11390,10946,190,11136,137
2020-11-22,Santa Clara,085,1922200,34369,30633,77,30710,434
2020-11-22,Santa Cruz,087,273765,4454,3896,46,3942,25
2020-11-22,Shasta,089,179085,5132,4100,142,4242,43
2020-11-22,Sierra,091,2930,17,13,0,13,0
2020-11-22,Siskiyou,093,43540,591,411,28,439,0
2020-11-22,Solano,095,438530,10224,9363,59,9422,86
2020-11-22,Sonoma,097,501317,12130,11415,48,11463,159
2020-11-22,Stanislaus,099,539301,21522,20223,1294,21517,436
2020-11-22,Sutter,101,95872,3209,2677,10,2687,13
2020-11-22,Tehama,103,63373,1650,1457,17,1474,9
2020-11-22,Trinity,105,12862,254,114,22,136,0
2020-11-22,Tulare,107,460477,21247,19818,1218,21036,314
2020-11-22,Tuolumne,109,53932,1003,689,7,696,7
2020-11-22,Ventura,111,848112,19684,18105,604,18709,179
2020-11-22,Yolo,113,214977,4809,4206,15,4221,75
2020-11-22,Yuba,115,75493,1914,1672,7,1679,10
2020-11-21,Alameda,001,1643700,29272,27424,301,27725,444
2020-11-21,Alpine,003,1148,46,41,0,41,0
2020-11-21,Amador,005,37829,487,450,1,451,16
2020-11-21,Butte,007,227075,3984,3664,190,3854,61
2020-11-21,Calaveras,009,45235,465,434,0,434,21
2020-11-21,Colusa,011,21464,713,642,3,645,6
2020-11-21,Contra Costa,013,1133247,23773,22338,142,22480,260
2020-11-21,Del Norte,015,27424,307,271,0,271,2
2020-11-21,El Dorado,017,186661,2438,1900,33,1933,4
2020-11-21,Fresno,019,978130,41014,35973,1200,37173,482
2020-11-21,Glenn,021,27897,934,829,32,861,4
2020-11-21,Humboldt,023,135768,864,728,2,730,9
2020-11-21,Imperial,025,180216,15942,15053,36,15089,355
2020-11-21,Inyo,027,18085,293,283,5,288,15
2020-11-21,Kern,029,883053,39995,37403,1012,38415,463
2020-11-21,Kings,031,150075,10886,10019,124,10143,85
2020-11-21,Lake,033,64148,930,832,0,832,18
2020-11-21,Lassen,035,31185,1861,1211,6,1217,0
2020-11-21,Los Angeles,037,10098052,380031,357754,5246,363000,7428
2020-11-21,Madera,039,155013,6259,5706,127,5833,56
2020-11-21,Marin,041,260295,7685,7488,26,7514,134
2020-11-21,Mariposa,043,17540,124,92,1,93,2
2020-11-21,Mendocino,045,87422,1429,1282,5,1287,22
2020-11-21,Merced,047,269075,11519,10849,97,10946,169
2020-11-21,Modoc,049,8938,100,87,18,105,0
2020-11-21,Mono,051,14174,499,469,9,478,2
2020-11-21,Monterey,053,433212,14919,13886,244,14130,110
2020-11-21,Napa,055,140530,3095,2757,16,2773,17
2020-11-21,Nevada,057,99092,1237,1018,31,1049,9
2020-11-21,Orange,059,3164182,76347,69021,2245,71266,1543
2020-11-21,Placer,061,380077,6843,5778,120,5898,65
2020-11-21,Plumas,063,18699,196,172,0,172,0
2020-11-21,Riverside,065,2383286,88049,80676,1543,82219,1407
2020-11-21,Sacramento,067,1510023,35942,33133,99,33232,548
2020-11-21,San Benito,069,59416,1789,1691,11,1702,15
2020-11-21,San Bernardino,071,2135413,91751,83206,1322,84528,1222
2020-11-21,San Diego,073,3302833,78024,70711,2756,73467,966
2020-11-21,San Francisco,075,870044,15143,14445,89,14534,153
2020-11-21,San Joaquin,077,732212,26065,24620,455,25075,517
2020-11-21,San Luis Obispo,079,281455,6217,5618,94,5712,34
2020-11-21,San Mateo,081,765935,14096,13138,15,13153,170
2020-11-21,Santa Barbara,083,443738,11338,10922,187,11109,137
2020-11-21,Santa Clara,085,1922200,33985,30377,74,30451,433
2020-11-21,Santa Cruz,087,273765,4397,3898,46,3944,25
2020-11-21,Shasta,089,179085,5059,4095,139,4234,42
2020-11-21,Sierra,091,2930,17,13,0,13,0
2020-11-21,Siskiyou,093,43540,575,403,28,431,0
2020-11-21,Solano,095,438530,10134,9290,56,9346,86
2020-11-21,Sonoma,097,501317,12055,11394,47,11441,158
2020-11-21,Stanislaus,099,539301,21379,20111,1270,21381,435
2020-11-21,Sutter,101,95872,3149,2615,9,2624,13
2020-11-21,Tehama,103,63373,1630,1435,16,1451,9
2020-11-21,Trinity,105,12862,251,110,22,132,0
2020-11-21,Tulare,107,460477,21120,19752,1184,20936,313
2020-11-21,Tuolumne,109,53932,984,690,7,697,7
2020-11-21,Ventura,111,848112,19521,18040,594,18634,177
2020-11-21,Yolo,113,214977,4735,4147,14,4161,75
2020-11-21,Yuba,115,75493,1882,1643,7,1650,10
2020-11-20,Alameda,001,1643700,29058,27221,294,27515,444
2020-11-20,Alpine,003,1148,46,20,0,20,0
2020-11-20,Amador,005,37829,483,446,1,447,16
2020-11-20,Butte,007,227075,3952,3618,186,3804,60
2020-11-20,Calaveras,009,45235,455,424,0,424,21
2020-11-20,Colusa,011,21464,705,631,2,633,6
2020-11-20,Contra Costa,013,1133247,23587,22116,138,22254,260
2020-11-20,Del Norte,015,27424,304,264,0,264,2
2020-11-20,El Dorado,017,186661,2342,1868,31,1899,4
2020-11-20,Fresno,019,978130,40720,35635,1171,36806,480
2020-11-20,Glenn,021,27897,922,826,30,856,4
2020-11-20,Humboldt,023,135768,855,714,1,715,9
2020-11-20,Imperial,025,180216,15878,14864,32,14896,353
2020-11-20,Inyo,027,18085,291,262,5,267,15
2020-11-20,Kern,029,883053,39701,37143,987,38130,462
2020-11-20,Kings,031,150075,10838,9903,123,10026,85
2020-11-20,Lake,033,64148,921,820,0,820,18
2020-11-20,Lassen,035,31185,1776,1212,5,1217,0
2020-11-20,Los Angeles,037,10098052,376134,353554,5084,358638,7398
2020-11-20,Madera,039,155013,6165,5635,126,5761,54
2020-11-20,Marin,041,260295,7661,7467,25,7492,134
2020-11-20,Mariposa,043,17540,116,89,1,90,2
2020-11-20,Mendocino,045,87422,1409,1269,5,1274,22
2020-11-20,Merced,047,269075,11433,10729,97,10826,167
2020-11-20,Modoc,049,8938,100,83,18,101,0
2020-11-20,Mono,051,14174,497,469,9,478,2
2020-11-20,Monterey,053,433212,14794,13738,235,13973,110
2020-11-20,Napa,055,140530,3065,2718,16,2734,17
2020-11-20,Nevada,057,99092,1219,990,30,1020,9
2020-11-20,Orange,059,3164182,75512,68212,2208,70420,1532
2020-11-20,Placer,061,380077,6708,5687,105,5792,66
2020-11-20,Plumas,063,18699,194,163,0,163,0
2020-11-20,Riverside,065,2383286,87038,79613,1483,81096,1405
2020-11-20,Sacramento,067,1510023,35566,32832,92,32924,549
2020-11-20,San Benito,069,59416,1777,1668,11,1679,15
2020-11-20,San Bernardino,071,2135413,90381,81203,1240,82443,1220
2020-11-20,San Diego,073,3302833,77026,69233,2674,71907,960
2020-11-20,San Francisco,075,870044,15040,14327,88,14415,153
2020-11-20,San Joaquin,077,732212,25912,24460,442,24902,515
2020-11-20,San Luis Obispo,079,281455,6162,5524,91,5615,34
2020-11-20,San Mateo,081,765935,13963,12980,14,12994,169
2020-11-20,Santa Barbara,083,443738,11282,10825,181,11006,136
2020-11-20,Santa Clara,085,1922200,33564,30002,69,30071,431
2020-11-20,Santa Cruz,087,273765,4332,3815,46,3861,25
2020-11-20,Shasta,089,179085,4986,3861,134,3995,42
2020-11-20,Sierra,091,2930,17,12,0,12,0
2020-11-20,Siskiyou,093,43540,561,387,27,414,0
2020-11-20,Solano,095,438530,10041,9216,54,9270,85
2020-11-20,Sonoma,097,501317,11971,11316,46,11362,158
2020-11-20,Stanislaus,099,539301,21222,19889,1244,21133,433
2020-11-20,Sutter,101,95872,3099,2580,9,2589,13
2020-11-20,Tehama,103,63373,1613,1410,13,1423,9
2020-11-20,Trinity,105,12862,250,102,22,124,0
2020-11-20,Tulare,107,460477,20987,19568,1146,20714,311
2020-11-20,Tuolumne,109,53932,945,662,7,669,7
2020-11-20,Ventura,111,848112,19353,17741,567,18308,175
2020-11-20,Yolo,113,214977,4656,4081,13,4094,74
2020-11-20,Yuba,115,75493,1854,1611,7,1618,10
2020-11-19,Alameda,001,1643700,28712,26971,286,27257,441
2020-11-19,Alpine,003,1148,43,20,0,20,0
2020-11-19,Amador,005,37829,479,436,1,437,16
2020-11-19,Butte,007,227075,3903,3576,179,3755,60
2020-11-19,Calaveras,009,45235,444,417,0,417,21
2020-11-19,Colusa,011,21464,687,621,2,623,6
2020-11-19,Contra Costa,013,1133247,23316,21886,135,22021,259
2020-11-19,Del Norte,015,27424,296,251,0,251,2
2020-11-19,El Dorado,017,186661,2268,1825,27,1852,4
2020-11-19,Fresno,019,978130,40270,35278,1115,36393,478
2020-11-19,Glenn,021,27897,900,806,29,835,4
2020-11-19,Humboldt,023,135768,835,693,1,694,9
2020-11-19,Imperial,025,180216,15668,14507,32,14539,349
2020-11-19,Inyo,027,18085,289,262,5,267,15
2020-11-19,Kern,029,883053,39281,36779,945,37724,459
2020-11-19,Kings,031,150075,10690,9763,116,9879,85
2020-11-19,Lake,033,64148,907,809,0,809,18
2020-11-19,Lassen,035,31185,1659,1201,3,1204,0
2020-11-19,Los Angeles,037,10098052,371107,349493,4920,354413,7365
2020-11-19,Madera,039,155013,6093,5540,118,5658,54
2020-11-19,Marin,041,260295,7630,7451,25,7476,134
2020-11-19,Mariposa,043,17540,109,88,0,88,2
2020-11-19,Mendocino,045,87422,1388,1237,5,1242,23
2020-11-19,Merced,047,269075,11293,10634,91,10725,167
2020-11-19,Modoc,049,8938,97,82,18,100,0
2020-11-19,Mono,051,14174,489,468,9,477,2
2020-11-19,Monterey,053,433212,14580,13369,224,13593,108
2020-11-19,Napa,055,140530,3011,2641,16,2657,17
2020-11-19,Nevada,057,99092,1178,945,29,974,9
2020-11-19,Orange,059,3164182,74247,66998,2166,69164,1530
2020-11-19,Placer,061,380077,6517,5612,104,5716,65
2020-11-19,Plumas,063,18699,189,158,0,158,0
2020-11-19,Riverside,065,2383286,85556,78535,1412,79947,1402
2020-11-19,Sacramento,067,1510023,35052,32367,90,32457,546
2020-11-19,San Benito,069,59416,1754,1643,11,1654,15
2020-11-19,San Bernardino,071,2135413,88483,79244,1162,80406,1215
2020-11-19,San Diego,073,3302833,75776,68142,2570,70712,952
2020-11-19,San Francisco,075,870044,14884,14178,82,14260,153
2020-11-19,San Joaquin,077,732212,25593,24270,432,24702,516
2020-11-19,San Luis Obispo,079,281455,6085,5410,87,5497,34
2020-11-19,San Mateo,081,765935,13825,12714,14,12728,169
2020-11-19,Santa Barbara,083,443738,11202,10741,178,10919,136
2020-11-19,Santa Clara,085,1922200,33010,29630,68,29698,424
2020-11-19,Santa Cruz,087,273765,4240,3679,44,3723,25
2020-11-19,Shasta,089,179085,4848,3685,124,3809,42
2020-11-19,Sierra,091,2930,17,11,0,11,0
2020-11-19,Siskiyou,093,43540,536,360,26,386,0
2020-11-19,Solano,095,438530,9904,9093,50,9143,84
2020-11-19,Sonoma,097,501317,11801,11205,44,11249,156
2020-11-19,Stanislaus,099,539301,20981,19736,1201,20937,433
2020-11-19,Sutter,101,95872,3000,2509,9,2518,13
2020-11-19,Tehama,103,63373,1578,1373,10,1383,9
2020-11-19,Trinity,105,12862,244,97,22,119,0
2020-11-19,Tulare,107,460477,20766,19384,1083,20467,304
2020-11-19,Tuolumne,109,53932,914,602,7,609,7
2020-11-19,Ventura,111,848112,19000,17300,554,17854,174
2020-11-19,Yolo,113,214977,4562,3973,13,3986,72
2020-11-19,Yuba,115,75493,1814,1568,7,1575,10
2020-11-18,Alameda,001,1643700,28448,26610,281,26891,440
2020-11-18,Alpine,003,1148,42,16,0,16,0
2020-11-18,Amador,005,37829,474,430,1,431,16
2020-11-18,Butte,007,227075,3850,3537,166,3703,59
2020-11-18,Calaveras,009,45235,438,409,0,409,21
2020-11-18,Colusa,011,21464,674,611,2,613,6
2020-11-18,Contra Costa,013,1133247,23052,21685,132,21817,258
2020-11-18,Del Norte,015,27424,284,240,0,240,2
2020-11-18,El Dorado,017,186661,2180,1799,26,1825,4
2020-11-18,Fresno,019,978130,39831,34997,1066,36063,474
2020-11-18,Glenn,021,27897,883,803,27,830,4
2020-11-18,Humboldt,023,135768,820,690,1,691,9
2020-11-18,Imperial,025,180216,15442,14428,32,14460,348
2020-11-18,Inyo,027,18085,287,262,5,267,15
2020-11-18,Kern,029,883053,38892,36537,896,37433,456
2020-11-18,Kings,031,150075,10542,9696,113,9809,85
2020-11-18,Lake,033,64148,895,802,0,802,18
2020-11-18,Lassen,035,31185,1559,1124,3,1127,0
2020-11-18,Los Angeles,037,10098052,366230,344675,4741,349416,7338
2020-11-18,Madera,039,155013,6006,5519,106,5625,54
2020-11-18,Marin,041,260295,7606,7435,25,7460,134
2020-11-18,Mariposa,043,17540,106,88,0,88,2
2020-11-18,Mendocino,045,87422,1368,1237,5,1242,23
2020-11-18,Merced,047,269075,11177,10536,90,10626,166
2020-11-18,Modoc,049,8938,94,77,18,95,0
2020-11-18,Mono,051,14174,484,468,9,477,2
2020-11-18,Monterey,053,433212,14385,13340,210,13550,108
2020-11-18,Napa,055,140530,2966,2607,16,2623,17
2020-11-18,Nevada,057,99092,1138,933,27,960,9
2020-11-18,Orange,059,3164182,73152,66381,2141,68522,1521
2020-11-18,Placer,061,380077,6339,5543,99,5642,64
2020-11-18,Plumas,063,18699,184,143,0,143,0
2020-11-18,Riverside,065,2383286,84093,77739,1311,79050,1387
2020-11-18,Sacramento,067,1510023,34427,31816,82,31898,541
2020-11-18,San Benito,069,59416,1729,1632,10,1642,15
2020-11-18,San Bernardino,071,2135413,86724,77400,1083,78483,1206
2020-11-18,San Diego,073,3302833,74482,67243,2510,69753,945
2020-11-18,San Francisco,075,870044,14740,14057,80,14137,153
2020-11-18,San Joaquin,077,732212,25331,24146,418,24564,517
2020-11-18,San Luis Obispo,079,281455,6009,5322,86,5408,34
2020-11-18,San Mateo,081,765935,13672,12631,13,12644,169
2020-11-18,Santa Barbara,083,443738,11123,10684,171,10855,136
2020-11-18,Santa Clara,085,1922200,32544,29285,64,29349,421
2020-11-18,Santa Cruz,087,273765,4151,3618,42,3660,25
2020-11-18,Shasta,089,179085,4714,3547,120,3667,42
2020-11-18,Sierra,091,2930,17,11,0,11,0
2020-11-18,Siskiyou,093,43540,504,351,25,376,0
2020-11-18,Solano,095,438530,9772,8994,48,9042,84
2020-11-18,Sonoma,097,501317,11694,11129,41,11170,155
2020-11-18,Stanislaus,099,539301,20739,19609,1177,20786,431
2020-11-18,Sutter,101,95872,2882,2442,9,2451,13
2020-11-18,Tehama,103,63373,1540,1338,10,1348,8
2020-11-18,Trinity,105,12862,230,95,21,116,0
2020-11-18,Tulare,107,460477,20555,19286,1032,20318,306
2020-11-18,Tuolumne,109,53932,879,590,7,597,7
2020-11-18,Ventura,111,848112,18675,17169,539,17708,173
2020-11-18,Yolo,113,214977,4489,3929,13,3942,71
2020-11-18,Yuba,115,75493,1760,1540,7,1547,10
2020-11-17,Alameda,001,1643700,28122,26425,271,26696,439
2020-11-17,Alpine,003,1148,40,12,0,12,0
2020-11-17,Amador,005,37829,463,423,1,424,16
2020-11-17,Butte,007,227075,3808,3500,156,3656,59
2020-11-17,Calaveras,009,45235,421,405,0,405,21
2020-11-17,Colusa,011,21464,663,606,1,607,6
2020-11-17,Contra Costa,013,1133247,22781,21557,127,21684,256
2020-11-17,Del Norte,015,27424,278,233,0,233,2
2020-11-17,El Dorado,017,186661,2121,1758,26,1784,4
2020-11-17,Fresno,019,978130,39232,34765,1007,35772,472
2020-11-17,Glenn,021,27897,872,795,26,821,4
2020-11-17,Humboldt,023,135768,798,685,1,686,9
2020-11-17,Imperial,025,180216,15205,14204,30,14234,346
2020-11-17,Inyo,027,18085,286,263,5,268,15
2020-11-17,Kern,029,883053,38443,36164,843,37007,455
2020-11-17,Kings,031,150075,10469,9653,106,9759,85
2020-11-17,Lake,033,64148,875,792,0,792,18
2020-11-17,Lassen,035,31185,1480,1124,3,1127,0
2020-11-17,Los Angeles,037,10098052,361279,340933,4583,345516,7302
2020-11-17,Madera,039,155013,5918,5485,99,5584,54
2020-11-17,Marin,041,260295,7574,7404,24,7428,134
2020-11-17,Mariposa,043,17540,103,87,0,87,2
2020-11-17,Mendocino,045,87422,1347,1216,5,1221,23
2020-11-17,Merced,047,269075,11033,10457,84,10541,162
2020-11-17,Modoc,049,8938,88,71,17,88,0
2020-11-17,Mono,051,14174,479,459,9,468,2
2020-11-17,Monterey,053,433212,14156,13220,200,13420,108
2020-11-17,Napa,055,140530,2912,2568,16,2584,17
2020-11-17,Nevada,057,99092,1097,918,26,944,9
2020-11-17,Orange,059,3164182,72000,65757,2115,67872,1519
2020-11-17,Placer,061,380077,6177,5435,93,5528,63
2020-11-17,Plumas,063,18699,176,142,0,142,0
2020-11-17,Riverside,065,2383286,82707,77079,1220,78299,1379
2020-11-17,Sacramento,067,1510023,33829,31341,78,31419,538
2020-11-17,San Benito,069,59416,1713,1611,4,1615,15
2020-11-17,San Bernardino,071,2135413,84915,76134,994,77128,1188
2020-11-17,San Diego,073,3302833,73229,66321,2454,68775,933
2020-11-17,San Francisco,075,870044,14574,13952,79,14031,153
2020-11-17,San Joaquin,077,732212,25055,23997,398,24395,516
2020-11-17,San Luis Obispo,079,281455,5913,5235,86,5321,34
2020-11-17,San Mateo,081,765935,13511,12491,12,12503,169
2020-11-17,Santa Barbara,083,443738,11038,10597,166,10763,136
2020-11-17,Santa Clara,085,1922200,31996,29013,63,29076,419
2020-11-17,Santa Cruz,087,273765,4065,3548,39,3587,25
2020-11-17,Shasta,089,179085,4556,3457,108,3565,40
2020-11-17,Sierra,091,2930,15,11,0,11,0
2020-11-17,Siskiyou,093,43540,456,333,24,357,0
2020-11-17,Solano,095,438530,9627,8905,47,8952,84
2020-11-17,Sonoma,097,501317,11560,11084,40,11124,155
2020-11-17,Stanislaus,099,539301,20516,19466,1150,20616,425
2020-11-17,Sutter,101,95872,2799,2370,8,2378,12
2020-11-17,Tehama,103,63373,1487,1290,10,1300,7
2020-11-17,Trinity,105,12862,213,83,21,104,0
2020-11-17,Tulare,107,460477,20327,19176,971,20147,305
2020-11-17,Tuolumne,109,53932,840,568,7,575,7
2020-11-17,Ventura,111,848112,18403,16797,521,17318,173
2020-11-17,Yolo,113,214977,4313,3887,12,3899,70
2020-11-17,Yuba,115,75493,1712,1519,7,1526,10
2020-11-16,Alameda,001,1643700,27775,26063,266,26329,436
2020-11-16,Alpine,003,1148,37,12,0,12,0
2020-11-16,Amador,005,37829,455,414,1,415,16
2020-11-16,Butte,007,227075,3769,3490,148,3638,58
2020-11-16,Calaveras,009,45235,413,402,0,402,21
2020-11-16,Colusa,011,21464,654,601,1,602,6
2020-11-16,Contra Costa,013,1133247,22515,21386,122,21508,256
2020-11-16,Del Norte,015,27424,271,225,0,225,2
2020-11-16,El Dorado,017,186661,2061,1694,24,1718,4
2020-11-16,Fresno,019,978130,38743,34593,955,35548,471
2020-11-16,Glenn,021,27897,860,786,25,811,4
2020-11-16,Humboldt,023,135768,782,660,1,661,9
2020-11-16,Imperial,025,180216,14957,14111,30,14141,346
2020-11-16,Inyo,027,18085,283,263,5,268,15
2020-11-16,Kern,029,883053,38048,36049,801,36850,455
2020-11-16,Kings,031,150075,10202,9569,102,9671,85
2020-11-16,Lake,033,64148,864,784,0,784,18
2020-11-16,Lassen,035,31185,1299,1124,3,1127,0
2020-11-16,Los Angeles,037,10098052,356524,338778,4414,343192,7277
2020-11-16,Madera,039,155013,5833,5433,93,5526,54
2020-11-16,Marin,041,260295,7543,7359,24,7383,134
2020-11-16,Mariposa,043,17540,100,86,0,86,2
2020-11-16,Mendocino,045,87422,1322,1209,5,1214,23
2020-11-16,Merced,047,269075,10895,10399,81,10480,162
2020-11-16,Modoc,049,8938,86,71,17,88,0
2020-11-16,Mono,051,14174,477,453,9,462,2
2020-11-16,Monterey,053,433212,13910,13089,190,13279,107
2020-11-16,Napa,055,140530,2836,2536,16,2552,17
2020-11-16,Nevada,057,99092,1054,889,24,913,9
2020-11-16,Orange,059,3164182,70904,65396,2101,67497,1519
2020-11-16,Placer,061,380077,6058,5387,85,5472,63
2020-11-16,Plumas,063,18699,169,127,0,127,0
2020-11-16,Riverside,065,2383286,81333,76449,1156,77605,1379
2020-11-16,Sacramento,067,1510023,33190,30954,71,31025,534
2020-11-16,San Benito,069,59416,1695,1603,3,1606,15
2020-11-16,San Bernardino,071,2135413,83088,74401,928,75329,1186
2020-11-16,San Diego,073,3302833,71918,65603,2382,67985,926
2020-11-16,San Francisco,075,870044,14416,13847,76,13923,153
2020-11-16,San Joaquin,077,732212,24766,23515,388,23903,513
2020-11-16,San Luis Obispo,079,281455,5810,5161,82,5243,34
2020-11-16,San Mateo,081,765935,13351,12398,12,12410,169
2020-11-16,Santa Barbara,083,443738,10973,10565,162,10727,135
2020-11-16,Santa Clara,085,1922200,31434,28673,62,28735,419
2020-11-16,Santa Cruz,087,273765,3992,3520,39,3559,25
2020-11-16,Shasta,089,179085,4408,3284,103,3387,37
2020-11-16,Sierra,091,2930,15,11,0,11,0
2020-11-16,Siskiyou,093,43540,429,294,24,318,0
2020-11-16,Solano,095,438530,9428,8827,47,8874,84
2020-11-16,Sonoma,097,501317,11469,10961,39,11000,155
2020-11-16,Stanislaus,099,539301,20279,19333,1123,20456,425
2020-11-16,Sutter,101,95872,2693,2322,8,2330,12
2020-11-16,Tehama,103,63373,1442,1261,7,1268,7
2020-11-16,Trinity,105,12862,201,67,21,88,0
2020-11-16,Tulare,107,460477,20149,18891,918,19809,305
2020-11-16,Tuolumne,109,53932,803,543,7,550,7
2020-11-16,Ventura,111,848112,18065,16691,513,17204,172
2020-11-16,Yolo,113,214977,4218,3858,12,3870,70
2020-11-16,Yuba,115,75493,1676,1500,6,1506,10
2020-11-15,Alameda,001,1643700,27458,25879,261,26140,436
2020-11-15,Alpine,003,1148,35,12,0,12,0
2020-11-15,Amador,005,37829,443,409,1,410,16
2020-11-15,Butte,007,227075,3715,3452,139,3591,58
2020-11-15,Calaveras,009,45235,398,386,0,386,21
2020-11-15,Colusa,011,21464,645,601,1,602,6
2020-11-15,Contra Costa,013,1133247,22217,21179,121,21300,256
2020-11-15,Del Norte,015,27424,257,224,0,224,2
2020-11-15,El Dorado,017,186661,1999,1683,23,1706,4
2020-11-15,Fresno,019,978130,38231,34297,917,35214,471
2020-11-15,Glenn,021,27897,848,783,24,807,4
2020-11-15,Humboldt,023,135768,754,653,1,654,9
2020-11-15,Imperial,025,180216,14722,13940,30,13970,346
2020-11-15,Inyo,027,18085,273,263,5,268,15
2020-11-15,Kern,029,883053,37642,35911,766,36677,455
2020-11-15,Kings,031,150075,10009,9533,99,9632,85
2020-11-15,Lake,033,64148,854,777,0,777,17
2020-11-15,Lassen,035,31185,1252,1124,3,1127,0
2020-11-15,Los Angeles,037,10098052,351477,336035,4246,340281,7271
2020-11-15,Madera,039,155013,5735,5391,87,5478,54
2020-11-15,Marin,041,260295,7516,7347,24,7371,133
2020-11-15,Mariposa,043,17540,97,86,0,86,2
2020-11-15,Mendocino,045,87422,1303,1197,5,1202,22
2020-11-15,Merced,047,269075,10762,10350,81,10431,162
2020-11-15,Modoc,049,8938,85,68,17,85,0
2020-11-15,Mono,051,14174,475,453,9,462,2
2020-11-15,Monterey,053,433212,13714,12999,177,13176,107
2020-11-15,Napa,055,140530,2777,2509,14,2523,17
2020-11-15,Nevada,057,99092,999,859,24,883,9
2020-11-15,Orange,059,3164182,69860,65008,2085,67093,1519
2020-11-15,Placer,061,380077,5903,5330,77,5407,63
2020-11-15,Plumas,063,18699,163,127,0,127,0
2020-11-15,Riverside,065,2383286,80010,75531,1098,76629,1374
2020-11-15,Sacramento,067,1510023,32564,30601,66,30667,534
2020-11-15,San Benito,069,59416,1670,1589,2,1591,15
2020-11-15,San Bernardino,071,2135413,80939,73769,853,74622,1185
2020-11-15,San Diego,073,3302833,70417,64770,2325,67095,926
2020-11-15,San Francisco,075,870044,14240,13757,75,13832,153
2020-11-15,San Joaquin,077,732212,24556,23516,373,23889,513
2020-11-15,San Luis Obispo,079,281455,5689,5120,80,5200,34
2020-11-15,San Mateo,081,765935,13174,12348,12,12360,169
2020-11-15,Santa Barbara,083,443738,10878,10516,160,10676,135
2020-11-15,Santa Clara,085,1922200,30976,28289,61,28350,418
2020-11-15,Santa Cruz,087,273765,3851,3439,38,3477,25
2020-11-15,Shasta,089,179085,4235,3290,94,3384,37
2020-11-15,Sierra,091,2930,15,11,0,11,0
2020-11-15,Siskiyou,093,43540,410,294,24,318,0
2020-11-15,Solano,095,438530,9267,8713,44,8757,84
2020-11-15,Sonoma,097,501317,11351,10833,38,10871,154
2020-11-15,Stanislaus,099,539301,20005,19228,1098,20326,425
2020-11-15,Sutter,101,95872,2603,2230,8,2238,12
2020-11-15,Tehama,103,63373,1391,1222,6,1228,7
2020-11-15,Trinity,105,12862,191,67,19,86,0
2020-11-15,Tulare,107,460477,19931,18891,866,19757,305
2020-11-15,Tuolumne,109,53932,761,486,7,493,7
2020-11-15,Ventura,111,848112,17791,16564,505,17069,172
2020-11-15,Yolo,113,214977,4115,3819,12,3831,67
2020-11-15,Yuba,115,75493,1635,1470,5,1475,10
2020-11-14,Alameda,001,1643700,27191,25714,259,25973,435
2020-11-14,Alpine,003,1148,35,12,0,12,0
2020-11-14,Amador,005,37829,434,404,0,404,16
2020-11-14,Butte,007,227075,3679,3434,125,3559,58
2020-11-14,Calaveras,009,45235,397,386,0,386,21
2020-11-14,Colusa,011,21464,633,601,1,602,6
2020-11-14,Contra Costa,013,1133247,22075,20975,114,21089,256
2020-11-14,Del Norte,015,27424,250,219,0,219,2
2020-11-14,El Dorado,017,186661,1955,1648,23,1671,4
2020-11-14,Fresno,019,978130,37981,33969,881,34850,471
2020-11-14,Glenn,021,27897,839,772,21,793,3
2020-11-14,Humboldt,023,135768,739,643,1,644,9
2020-11-14,Imperial,025,180216,14629,13932,29,13961,346
2020-11-14,Inyo,027,18085,272,263,5,268,15
2020-11-14,Kern,029,883053,37432,35626,747,36373,454
2020-11-14,Kings,031,150075,9974,9490,96,9586,85
2020-11-14,Lake,033,64148,845,773,0,773,17
2020-11-14,Lassen,035,31185,1238,833,3,836,0
2020-11-14,Los Angeles,037,10098052,348771,333021,4137,337158,7269
2020-11-14,Madera,039,155013,5704,5371,85,5456,54
2020-11-14,Marin,041,260295,7499,7325,24,7349,133
2020-11-14,Mariposa,043,17540,96,86,0,86,2
2020-11-14,Mendocino,045,87422,1287,1181,5,1186,22
2020-11-14,Merced,047,269075,10706,10286,79,10365,161
2020-11-14,Modoc,049,8938,84,64,16,80,0
2020-11-14,Mono,051,14174,475,453,9,462,2
2020-11-14,Monterey,053,433212,13618,12854,167,13021,105
2020-11-14,Napa,055,140530,2743,2473,14,2487,17
2020-11-14,Nevada,057,99092,983,835,24,859,9
2020-11-14,Orange,059,3164182,69239,64340,2074,66414,1517
2020-11-14,Placer,061,380077,5827,5215,71,5286,63
2020-11-14,Plumas,063,18699,158,128,0,128,0
2020-11-14,Riverside,065,2383286,79270,74910,1059,75969,1373
2020-11-14,Sacramento,067,1510023,32239,30298,66,30364,532
2020-11-14,San Benito,069,59416,1655,1573,2,1575,15
2020-11-14,San Bernardino,071,2135413,80004,72868,822,73690,1184
2020-11-14,San Diego,073,3302833,69652,63715,2273,65988,926
2020-11-14,San Francisco,075,870044,14153,13661,74,13735,153
2020-11-14,San Joaquin,077,732212,24463,23516,366,23882,511
2020-11-14,San Luis Obispo,079,281455,5626,5073,75,5148,34
2020-11-14,San Mateo,081,765935,13066,12293,12,12305,169
2020-11-14,Santa Barbara,083,443738,10824,10482,158,10640,135
2020-11-14,Santa Clara,085,1922200,30691,27962,59,28021,416
2020-11-14,Santa Cruz,087,273765,3796,3402,38,3440,25
2020-11-14,Shasta,089,179085,4154,3195,92,3287,37
2020-11-14,Sierra,091,2930,15,11,0,11,0
2020-11-14,Siskiyou,093,43540,397,292,24,316,0
2020-11-14,Solano,095,438530,9188,8655,44,8699,84
2020-11-14,Sonoma,097,501317,11298,10769,38,10807,154
2020-11-14,Stanislaus,099,539301,19862,19068,1076,20144,424
2020-11-14,Sutter,101,95872,2558,2182,8,2190,12
2020-11-14,Tehama,103,63373,1369,1206,5,1211,7
2020-11-14,Trinity,105,12862,186,67,19,86,0
2020-11-14,Tulare,107,460477,19838,18853,838,19691,305
2020-11-14,Tuolumne,109,53932,733,448,7,455,7
2020-11-14,Ventura,111,848112,17645,16297,494,16791,172
2020-11-14,Yolo,113,214977,4071,3765,10,3775,65
2020-11-14,Yuba,115,75493,1606,1453,5,1458,10
2020-11-13,Alameda,001,1643700,26975,25515,254,25769,434
2020-11-13,Alpine,003,1148,35,12,0,12,0
2020-11-13,Amador,005,37829,431,397,0,397,16
2020-11-13,Butte,007,227075,3655,3402,116,3518,58
2020-11-13,Calaveras,009,45235,393,378,0,378,21
2020-11-13,Colusa,011,21464,625,598,1,599,6
2020-11-13,Contra Costa,013,1133247,21901,20799,114,20913,256
2020-11-13,Del Norte,015,27424,247,208,0,208,2
2020-11-13,El Dorado,017,186661,1910,1611,22,1633,4
2020-11-13,Fresno,019,978130,37735,33693,867,34560,470
2020-11-13,Glenn,021,27897,825,755,17,772,3
2020-11-13,Humboldt,023,135768,724,638,1,639,9
2020-11-13,Imperial,025,180216,14558,13790,28,13818,341
2020-11-13,Inyo,027,18085,271,262,5,267,15
2020-11-13,Kern,029,883053,37230,35431,730,36161,453
2020-11-13,Kings,031,150075,9915,9428,95,9523,85
2020-11-13,Lake,033,64148,839,770,0,770,17
2020-11-13,Lassen,035,31185,1229,832,3,835,0
2020-11-13,Los Angeles,037,10098052,345643,329364,4033,333397,7248
2020-11-13,Madera,039,155013,5664,5340,84,5424,54
2020-11-13,Marin,041,260295,7486,7307,23,7330,133
2020-11-13,Mariposa,043,17540,94,86,0,86,2
2020-11-13,Mendocino,045,87422,1275,1173,5,1178,22
2020-11-13,Merced,047,269075,10650,10185,76,10261,159
2020-11-13,Modoc,049,8938,84,63,14,77,0
2020-11-13,Mono,051,14174,475,448,8,456,2
2020-11-13,Monterey,053,433212,13423,12681,155,12836,104
2020-11-13,Napa,055,140530,2704,2440,14,2454,17
2020-11-13,Nevada,057,99092,964,798,24,822,9
2020-11-13,Orange,059,3164182,68640,63804,2054,65858,1514
2020-11-13,Placer,061,380077,5722,5122,65,5187,63
2020-11-13,Plumas,063,18699,152,125,0,125,0
2020-11-13,Riverside,065,2383286,78532,74138,1030,75168,1372
2020-11-13,Sacramento,067,1510023,31920,29787,62,29849,524
2020-11-13,San Benito,069,59416,1643,1553,1,1554,15
2020-11-13,San Bernardino,071,2135413,78956,71895,801,72696,1184
2020-11-13,San Diego,073,3302833,68805,62978,2235,65213,921
2020-11-13,San Francisco,075,870044,14060,13516,72,13588,146
2020-11-13,San Joaquin,077,732212,24368,23314,360,23674,510
2020-11-13,San Luis Obispo,079,281455,5559,4960,72,5032,34
2020-11-13,San Mateo,081,765935,12973,12182,12,12194,169
2020-11-13,Santa Barbara,083,443738,10772,10405,156,10561,134
2020-11-13,Santa Clara,085,1922200,30363,27609,57,27666,415
2020-11-13,Santa Cruz,087,273765,3722,3343,38,3381,25
2020-11-13,Shasta,089,179085,4070,2983,88,3071,37
2020-11-13,Sierra,091,2930,15,11,0,11,0
2020-11-13,Siskiyou,093,43540,392,280,23,303,0
2020-11-13,Solano,095,438530,9097,8525,44,8569,84
2020-11-13,Sonoma,097,501317,11237,10685,36,10721,151
2020-11-13,Stanislaus,099,539301,19736,18936,1049,19985,422
2020-11-13,Sutter,101,95872,2512,2121,7,2128,12
2020-11-13,Tehama,103,63373,1342,1167,5,1172,7
2020-11-13,Trinity,105,12862,184,64,19,83,0
2020-11-13,Tulare,107,460477,19714,18714,798,19512,305
2020-11-13,Tuolumne,109,53932,700,427,7,434,7
2020-11-13,Ventura,111,848112,17499,16172,480,16652,171
2020-11-13,Yolo,113,214977,4020,3716,10,3726,65
2020-11-13,Yuba,115,75493,1579,1435,5,1440,10
2020-11-12,Alameda,001,1643700,26708,25345,254,25599,432
2020-11-12,Alpine,003,1148,34,12,0,12,0
2020-11-12,Amador,005,37829,430,392,0,392,16
2020-11-12,Butte,007,227075,3606,3347,113,3460,58
2020-11-12,Calaveras,009,45235,388,373,0,373,21
2020-11-12,Colusa,011,21464,620,591,1,592,6
2020-11-12,Contra Costa,013,1133247,21692,20619,113,20732,255
2020-11-12,Del Norte,015,27424,239,203,0,203,2
2020-11-12,El Dorado,017,186661,1864,1573,18,1591,4
2020-11-12,Fresno,019,978130,37385,33459,826,34285,468
2020-11-12,Glenn,021,27897,806,727,17,744,3
2020-11-12,Humboldt,023,135768,711,625,1,626,9
2020-11-12,Imperial,025,180216,14393,13619,28,13647,341
2020-11-12,Inyo,027,18085,270,255,5,260,15
2020-11-12,Kern,029,883053,36966,35207,716,35923,451
2020-11-12,Kings,031,150075,9848,9335,94,9429,85
2020-11-12,Lake,033,64148,830,764,0,764,17
2020-11-12,Lassen,035,31185,1160,832,2,834,0
2020-11-12,Los Angeles,037,10098052,341899,327001,3935,330936,7223
2020-11-12,Madera,039,155013,5629,5273,80,5353,54
2020-11-12,Marin,041,260295,7457,7268,23,7291,133
2020-11-12,Mariposa,043,17540,92,84,0,84,2
2020-11-12,Mendocino,045,87422,1256,1142,5,1147,22
2020-11-12,Merced,047,269075,10536,10107,73,10180,158
2020-11-12,Modoc,049,8938,84,63,14,77,0
2020-11-12,Mono,051,14174,474,442,8,450,2
2020-11-12,Monterey,053,433212,13302,12489,141,12630,100
2020-11-12,Napa,055,140530,2642,2398,14,2412,16
2020-11-12,Nevada,057,99092,942,780,23,803,9
2020-11-12,Orange,059,3164182,67895,63232,2035,65267,1514
2020-11-12,Placer,061,380077,5613,5044,56,5100,62
2020-11-12,Plumas,063,18699,148,121,0,121,0
2020-11-12,Riverside,065,2383286,77600,73381,987,74368,1362
2020-11-12,Sacramento,067,1510023,31429,29459,54,29513,520
2020-11-12,San Benito,069,59416,1623,1525,1,1526,15
2020-11-12,San Bernardino,071,2135413,77590,70758,762,71520,1183
2020-11-12,San Diego,073,3302833,67825,62336,2184,64520,918
2020-11-12,San Francisco,075,870044,13961,13289,71,13360,146
2020-11-12,San Joaquin,077,732212,24174,23002,339,23341,509
2020-11-12,San Luis Obispo,079,281455,5495,4898,71,4969,33
2020-11-12,San Mateo,081,765935,12848,12086,11,12097,169
2020-11-12,Santa Barbara,083,443738,10710,10325,151,10476,134
2020-11-12,Santa Clara,085,1922200,29986,27261,56,27317,414
2020-11-12,Santa Cruz,087,273765,3639,3317,36,3353,25
2020-11-12,Shasta,089,179085,3933,2825,77,2902,37
2020-11-12,Sierra,091,2930,15,11,0,11,0
2020-11-12,Siskiyou,093,43540,375,275,19,294,0
2020-11-12,Solano,095,438530,8997,8417,43,8460,85
2020-11-12,Sonoma,097,501317,11135,10602,35,10637,151
2020-11-12,Stanislaus,099,539301,19567,18787,1020,19807,422
2020-11-12,Sutter,101,95872,2429,2075,6,2081,12
2020-11-12,Tehama,103,63373,1314,1117,5,1122,7
2020-11-12,Trinity,105,12862,176,62,18,80,0
2020-11-12,Tulare,107,460477,19601,18545,760,19305,305
2020-11-12,Tuolumne,109,53932,661,353,7,360,7
2020-11-12,Ventura,111,848112,17249,16013,474,16487,158
2020-11-12,Yolo,113,214977,3977,3646,10,3656,63
2020-11-12,Yuba,115,75493,1544,1410,5,1415,10
2020-11-11,Alameda,001,1643700,26464,25140,252,25392,429
2020-11-11,Alpine,003,1148,29,12,0,12,0
2020-11-11,Amador,005,37829,423,389,0,389,16
2020-11-11,Butte,007,227075,3580,3348,100,3448,58
2020-11-11,Calaveras,009,45235,378,373,0,373,21
2020-11-11,Colusa,011,21464,614,591,1,592,6
2020-11-11,Contra Costa,013,1133247,21475,20452,111,20563,255
2020-11-11,Del Norte,015,27424,231,203,0,203,2
2020-11-11,El Dorado,017,186661,1818,1564,17,1581,4
2020-11-11,Fresno,019,978130,37066,33287,791,34078,468
2020-11-11,Glenn,021,27897,790,722,16,738,3
2020-11-11,Humboldt,023,135768,697,623,1,624,9
2020-11-11,Imperial,025,180216,14223,13623,26,13649,340
2020-11-11,Inyo,027,18085,268,255,5,260,15
2020-11-11,Kern,029,883053,36691,35014,699,35713,449
2020-11-11,Kings,031,150075,9742,9263,91,9354,85
2020-11-11,Lake,033,64148,819,763,0,763,17
2020-11-11,Lassen,035,31185,1135,831,2,833,0
2020-11-11,Los Angeles,037,10098052,338530,324567,3852,328419,7220
2020-11-11,Madera,039,155013,5595,5248,79,5327,54
2020-11-11,Marin,041,260295,7435,7268,23,7291,133
2020-11-11,Mariposa,043,17540,92,84,0,84,2
2020-11-11,Mendocino,045,87422,1244,1142,5,1147,22
2020-11-11,Merced,047,269075,10465,10074,71,10145,157
2020-11-11,Modoc,049,8938,80,62,13,75,0
2020-11-11,Mono,051,14174,472,443,8,451,2
2020-11-11,Monterey,053,433212,13159,12417,137,12554,100
2020-11-11,Napa,055,140530,2593,2365,12,2377,15
2020-11-11,Nevada,057,99092,900,741,23,764,9
2020-11-11,Orange,059,3164182,67255,62929,2011,64940,1506
2020-11-11,Placer,061,380077,5529,4981,48,5029,60
2020-11-11,Plumas,063,18699,146,111,0,111,0
2020-11-11,Riverside,065,2383286,76698,72953,941,73894,1361
2020-11-11,Sacramento,067,1510023,30972,28968,52,29020,520
2020-11-11,San Benito,069,59416,1609,1512,1,1513,15
2020-11-11,San Bernardino,071,2135413,76304,70374,736,71110,1182
2020-11-11,San Diego,073,3302833,66890,61746,2123,63869,918
2020-11-11,San Francisco,075,870044,13854,13287,70,13357,146
2020-11-11,San Joaquin,077,732212,24014,23001,334,23335,509
2020-11-11,San Luis Obispo,079,281455,5420,4832,68,4900,33
2020-11-11,San Mateo,081,765935,12734,12008,11,12019,169
2020-11-11,Santa Barbara,083,443738,10644,10278,151,10429,134
2020-11-11,Santa Clara,085,1922200,29635,27075,55,27130,413
2020-11-11,Santa Cruz,087,273765,3571,3247,36,3283,25
2020-11-11,Shasta,089,179085,3810,2766,67,2833,36
2020-11-11,Sierra,091,2930,13,11,0,11,0
2020-11-11,Siskiyou,093,43540,344,261,16,277,0
2020-11-11,Solano,095,438530,8879,8353,41,8394,85
2020-11-11,Sonoma,097,501317,11061,10498,35,10533,150
2020-11-11,Stanislaus,099,539301,19430,18671,990,19661,422
2020-11-11,Sutter,101,95872,2381,2049,5,2054,12
2020-11-11,Tehama,103,63373,1270,1105,4,1109,7
2020-11-11,Trinity,105,12862,165,62,18,80,0
2020-11-11,Tulare,107,460477,19470,18500,730,19230,305
2020-11-11,Tuolumne,109,53932,606,354,6,360,7
2020-11-11,Ventura,111,848112,17034,15801,461,16262,158
2020-11-11,Yolo,113,214977,3926,3606,10,3616,63
2020-11-11,Yuba,115,75493,1529,1400,5,1405,10
2020-11-10,Alameda,001,1643700,26234,25008,249,25257,424
2020-11-10,Alpine,003,1148,29,9,0,9,0
2020-11-10,Amador,005,37829,417,384,0,384,16
2020-11-10,Butte,007,227075,3544,3327,96,3423,58
2020-11-10,Calaveras,009,45235,374,367,0,367,21
2020-11-10,Colusa,011,21464,606,590,1,591,6
2020-11-10,Contra Costa,013,1133247,21269,20326,109,20435,255
2020-11-10,Del Norte,015,27424,225,196,0,196,2
2020-11-10,El Dorado,017,186661,1758,1551,17,1568,4
2020-11-10,Fresno,019,978130,36796,33024,755,33779,465
2020-11-10,Glenn,021,27897,782,719,12,731,3
2020-11-10,Humboldt,023,135768,680,610,1,611,9
2020-11-10,Imperial,025,180216,14093,13570,26,13596,338
2020-11-10,Inyo,027,18085,267,252,5,257,14
2020-11-10,Kern,029,883053,36415,34858,680,35538,448
2020-11-10,Kings,031,150075,9695,9236,84,9320,85
2020-11-10,Lake,033,64148,809,762,0,762,16
2020-11-10,Lassen,035,31185,1120,830,2,832,0
2020-11-10,Los Angeles,037,10098052,335281,322569,3738,326307,7205
2020-11-10,Madera,039,155013,5553,5229,73,5302,54
2020-11-10,Marin,041,260295,7416,7259,23,7282,133
2020-11-10,Mariposa,043,17540,90,84,0,84,2
2020-11-10,Mendocino,045,87422,1236,1137,5,1142,22
2020-11-10,Merced,047,269075,10403,9992,65,10057,157
2020-11-10,Modoc,049,8938,78,61,13,74,0
2020-11-10,Mono,051,14174,470,443,8,451,2
2020-11-10,Monterey,053,433212,13024,12335,129,12464,100
2020-11-10,Napa,055,140530,2555,2341,10,2351,15
2020-11-10,Nevada,057,99092,884,734,23,757,9
2020-11-10,Orange,059,3164182,66703,62597,2001,64598,1504
2020-11-10,Placer,061,380077,5449,4902,47,4949,60
2020-11-10,Plumas,063,18699,142,108,0,108,0
2020-11-10,Riverside,065,2383286,76056,72316,916,73232,1359
2020-11-10,Sacramento,067,1510023,30565,28677,49,28726,519
2020-11-10,San Benito,069,59416,1594,1508,1,1509,15
2020-11-10,San Bernardino,071,2135413,75135,69666,703,70369,1182
2020-11-10,San Diego,073,3302833,65999,61085,2086,63171,915
2020-11-10,San Francisco,075,870044,13738,13210,70,13280,146
2020-11-10,San Joaquin,077,732212,23849,22865,327,23192,508
2020-11-10,San Luis Obispo,079,281455,5357,4780,65,4845,33
2020-11-10,San Mateo,081,765935,12634,11939,11,11950,169
2020-11-10,Santa Barbara,083,443738,10577,10252,147,10399,134
2020-11-10,Santa Clara,085,1922200,29287,26917,54,26971,409
2020-11-10,Santa Cruz,087,273765,3509,3221,36,3257,25
2020-11-10,Shasta,089,179085,3667,2686,59,2745,36
2020-11-10,Sierra,091,2930,12,10,0,10,0
2020-11-10,Siskiyou,093,43540,327,263,15,278,0
2020-11-10,Solano,095,438530,8782,8299,41,8340,85
2020-11-10,Sonoma,097,501317,10974,10414,35,10449,150
2020-11-10,Stanislaus,099,539301,19297,18592,966,19558,420
2020-11-10,Sutter,101,95872,2286,2035,4,2039,12
2020-11-10,Tehama,103,63373,1245,1099,3,1102,7
2020-11-10,Trinity,105,12862,156,62,16,78,0
2020-11-10,Tulare,107,460477,19355,18430,706,19136,305
2020-11-10,Tuolumne,109,53932,557,353,6,359,7
2020-11-10,Ventura,111,848112,16851,15625,459,16084,158
2020-11-10,Yolo,113,214977,3865,3573,10,3583,63
2020-11-10,Yuba,115,75493,1506,1392,5,1397,10
2020-11-09,Alameda,001,1643700,25988,24899,245,25144,424
2020-11-09,Alpine,003,1148,27,6,0,6,0
2020-11-09,Amador,005,37829,408,380,0,380,16
2020-11-09,Butte,007,227075,3499,3301,87,3388,57
2020-11-09,Calaveras,009,45235,370,360,0,360,21
2020-11-09,Colusa,011,21464,600,583,1,584,6
2020-11-09,Contra Costa,013,1133247,21095,20193,107,20300,255
2020-11-09,Del Norte,015,27424,219,195,0,195,2
2020-11-09,El Dorado,017,186661,1717,1515,17,1532,4
2020-11-09,Fresno,019,978130,36486,32755,715,33470,465
2020-11-09,Glenn,021,27897,776,714,9,723,3
2020-11-09,Humboldt,023,135768,667,607,1,608,9
2020-11-09,Imperial,025,180216,13974,13508,25,13533,338
2020-11-09,Inyo,027,18085,267,252,5,257,14
2020-11-09,Kern,029,883053,36185,34764,644,35408,448
2020-11-09,Kings,031,150075,9625,9141,82,9223,84
2020-11-09,Lake,033,64148,800,755,0,755,16
2020-11-09,Lassen,035,31185,1024,799,2,801,0
2020-11-09,Los Angeles,037,10098052,332183,320370,3663,324033,7180
2020-11-09,Madera,039,155013,5507,5209,70,5279,54
2020-11-09,Marin,041,260295,7390,7237,22,7259,131
2020-11-09,Mariposa,043,17540,90,84,0,84,2
2020-11-09,Mendocino,045,87422,1224,1132,5,1137,22
2020-11-09,Merced,047,269075,10300,9922,62,9984,157
2020-11-09,Modoc,049,8938,74,54,12,66,0
2020-11-09,Mono,051,14174,467,352,8,360,2
2020-11-09,Monterey,053,433212,12877,12148,121,12269,98
2020-11-09,Napa,055,140530,2512,2309,10,2319,15
2020-11-09,Nevada,057,99092,847,729,22,751,9
2020-11-09,Orange,059,3164182,66062,62335,1988,64323,1501
2020-11-09,Placer,061,380077,5364,4843,36,4879,60
2020-11-09,Plumas,063,18699,135,102,0,102,0
2020-11-09,Riverside,065,2383286,75274,72059,882,72941,1346
2020-11-09,Sacramento,067,1510023,30093,28200,48,28248,516
2020-11-09,San Benito,069,59416,1585,1506,1,1507,15
2020-11-09,San Bernardino,071,2135413,74081,69015,660,69675,1182
2020-11-09,San Diego,073,3302833,65144,60572,2046,62618,908
2020-11-09,San Francisco,075,870044,13618,12984,67,13051,146
2020-11-09,San Joaquin,077,732212,23684,22512,322,22834,505
2020-11-09,San Luis Obispo,079,281455,5270,4746,63,4809,32
2020-11-09,San Mateo,081,765935,12527,11857,11,11868,169
2020-11-09,Santa Barbara,083,443738,10520,10214,142,10356,134
2020-11-09,Santa Clara,085,1922200,28891,26693,54,26747,409
2020-11-09,Santa Cruz,087,273765,3451,3194,36,3230,25
2020-11-09,Shasta,089,179085,3513,2581,50,2631,36
2020-11-09,Sierra,091,2930,10,10,0,10,0
2020-11-09,Siskiyou,093,43540,316,257,13,270,0
2020-11-09,Solano,095,438530,8669,8254,40,8294,85
2020-11-09,Sonoma,097,501317,10866,10310,35,10345,150
2020-11-09,Stanislaus,099,539301,19148,18482,951,19433,418
2020-11-09,Sutter,101,95872,2219,2010,3,2013,12
2020-11-09,Tehama,103,63373,1208,1071,2,1073,7
2020-11-09,Trinity,105,12862,149,46,16,62,0
2020-11-09,Tulare,107,460477,19233,18272,675,18947,304
2020-11-09,Tuolumne,109,53932,502,346,5,351,7
2020-11-09,Ventura,111,848112,16649,15568,456,16024,156
2020-11-09,Yolo,113,214977,3804,3522,10,3532,62
2020-11-09,Yuba,115,75493,1473,1380,5,1385,10
2020-11-08,Alameda,001,1643700,25758,24731,245,24976,424
2020-11-08,Alpine,003,1148,24,6,0,6,0
2020-11-08,Amador,005,37829,401,376,0,376,16
2020-11-08,Butte,007,227075,3461,3285,80,3365,57
2020-11-08,Calaveras,009,45235,368,360,0,360,21
2020-11-08,Colusa,011,21464,597,583,1,584,6
2020-11-08,Contra Costa,013,1133247,20924,20031,105,20136,254
2020-11-08,Del Norte,015,27424,212,195,0,195,2
2020-11-08,El Dorado,017,186661,1680,1502,17,1519,4
2020-11-08,Fresno,019,978130,36151,32619,677,33296,465
2020-11-08,Glenn,021,27897,770,707,8,715,3
2020-11-08,Humboldt,023,135768,651,605,1,606,9
2020-11-08,Imperial,025,180216,13858,13428,25,13453,338
2020-11-08,Inyo,027,18085,264,252,5,257,14
2020-11-08,Kern,029,883053,35966,34644,626,35270,448
2020-11-08,Kings,031,150075,9492,9026,79,9105,84
2020-11-08,Lake,033,64148,792,754,0,754,16
2020-11-08,Lassen,035,31185,876,799,2,801,0
2020-11-08,Los Angeles,037,10098052,329056,318960,3597,322557,7176
2020-11-08,Madera,039,155013,5437,5196,67,5263,54
2020-11-08,Marin,041,260295,7370,7227,22,7249,131
2020-11-08,Mariposa,043,17540,90,83,0,83,2
2020-11-08,Mendocino,045,87422,1215,1129,5,1134,22
2020-11-08,Merced,047,269075,10225,9885,60,9945,157
2020-11-08,Modoc,049,8938,70,54,12,66,0
2020-11-08,Mono,051,14174,461,352,8,360,2
2020-11-08,Monterey,053,433212,12732,12122,111,12233,98
2020-11-08,Napa,055,140530,2473,2274,10,2284,15
2020-11-08,Nevada,057,99092,831,715,22,737,9
2020-11-08,Orange,059,3164182,65474,62034,1974,64008,1501
2020-11-08,Placer,061,380077,5261,4800,31,4831,60
2020-11-08,Plumas,063,18699,130,102,0,102,0
2020-11-08,Riverside,065,2383286,74619,71442,841,72283,1345
2020-11-08,Sacramento,067,1510023,29534,28059,45,28104,515
2020-11-08,San Benito,069,59416,1570,1496,1,1497,15
2020-11-08,San Bernardino,071,2135413,72829,68412,621,69033,1182
2020-11-08,San Diego,073,3302833,64299,60199,2002,62201,908
2020-11-08,San Francisco,075,870044,13488,12985,63,13048,146
2020-11-08,San Joaquin,077,732212,23490,22514,318,22832,505
2020-11-08,San Luis Obispo,079,281455,5204,4698,58,4756,32
2020-11-08,San Mateo,081,765935,12409,11783,11,11794,169
2020-11-08,Santa Barbara,083,443738,10450,10180,140,10320,134
2020-11-08,Santa Clara,085,1922200,28517,26442,53,26495,410
2020-11-08,Santa Cruz,087,273765,3394,3134,36,3170,25
2020-11-08,Shasta,089,179085,3377,2582,44,2626,36
2020-11-08,Sierra,091,2930,10,7,0,7,0
2020-11-08,Siskiyou,093,43540,304,246,12,258,0
2020-11-08,Solano,095,438530,8548,8132,39,8171,85
2020-11-08,Sonoma,097,501317,10759,10229,35,10264,149
2020-11-08,Stanislaus,099,539301,18974,18413,930,19343,418
2020-11-08,Sutter,101,95872,2161,1980,3,1983,12
2020-11-08,Tehama,103,63373,1182,1054,2,1056,7
2020-11-08,Trinity,105,12862,146,46,15,61,0
2020-11-08,Tulare,107,460477,19091,18272,646,18918,304
2020-11-08,Tuolumne,109,53932,475,341,5,346,7
2020-11-08,Ventura,111,848112,16454,15504,448,15952,156
2020-11-08,Yolo,113,214977,3742,3492,10,3502,61
2020-11-08,Yuba,115,75493,1452,1369,5,1374,10
2020-11-07,Alameda,001,1643700,25648,24578,243,24821,424
2020-11-07,Alpine,003,1148,24,6,0,6,0
2020-11-07,Amador,005,37829,398,375,0,375,16
2020-11-07,Butte,007,227075,3449,3277,75,3352,57
2020-11-07,Calaveras,009,45235,366,360,0,360,21
2020-11-07,Colusa,011,21464,597,583,1,584,6
2020-11-07,Contra Costa,013,1133247,20823,19943,104,20047,254
2020-11-07,Del Norte,015,27424,207,194,0,194,2
2020-11-07,El Dorado,017,186661,1655,1495,16,1511,4
2020-11-07,Fresno,019,978130,35997,32497,654,33151,465
2020-11-07,Glenn,021,27897,762,707,8,715,3
2020-11-07,Humboldt,023,135768,640,590,1,591,9
2020-11-07,Imperial,025,180216,13800,13388,24,13412,338
2020-11-07,Inyo,027,18085,262,252,5,257,14
2020-11-07,Kern,029,883053,35810,34513,616,35129,448
2020-11-07,Kings,031,150075,9459,9005,73,9078,84
2020-11-07,Lake,033,64148,788,751,0,751,16
2020-11-07,Lassen,035,31185,860,799,2,801,0
2020-11-07,Los Angeles,037,10098052,327542,316756,3530,320286,7174
2020-11-07,Madera,039,155013,5414,5177,65,5242,54
2020-11-07,Marin,041,260295,7359,7215,22,7237,131
2020-11-07,Mariposa,043,17540,90,81,0,81,2
2020-11-07,Mendocino,045,87422,1204,1118,5,1123,22
2020-11-07,Merced,047,269075,10193,9855,56,9911,157
2020-11-07,Modoc,049,8938,70,51,12,63,0
2020-11-07,Mono,051,14174,458,352,8,360,2
2020-11-07,Monterey,053,433212,12662,12030,107,12137,98
2020-11-07,Napa,055,140530,2443,2260,9,2269,15
2020-11-07,Nevada,057,99092,814,710,22,732,9
2020-11-07,Orange,059,3164182,65187,62038,1968,64006,1505
2020-11-07,Placer,061,380077,5198,4745,31,4776,60
2020-11-07,Plumas,063,18699,127,94,0,94,0
2020-11-07,Riverside,065,2383286,74224,71153,814,71967,1345
2020-11-07,Sacramento,067,1510023,29284,27773,45,27818,515
2020-11-07,San Benito,069,59416,1558,1489,1,1490,15
2020-11-07,San Bernardino,071,2135413,72312,67935,610,68545,1182
2020-11-07,San Diego,073,3302833,63787,59682,1970,61652,909
2020-11-07,San Francisco,075,870044,13427,12980,62,13042,146
2020-11-07,San Joaquin,077,732212,23382,22517,312,22829,505
2020-11-07,San Luis Obispo,079,281455,5155,4668,55,4723,32
2020-11-07,San Mateo,081,765935,12346,11711,11,11722,169
2020-11-07,Santa Barbara,083,443738,10408,10157,138,10295,134
2020-11-07,Santa Clara,085,1922200,28313,26244,52,26296,410
2020-11-07,Santa Cruz,087,273765,3356,3130,36,3166,25
2020-11-07,Shasta,089,179085,3310,2547,42,2589,36
2020-11-07,Sierra,091,2930,10,7,0,7,0
2020-11-07,Siskiyou,093,43540,300,241,12,253,0
2020-11-07,Solano,095,438530,8496,8066,39,8105,85
2020-11-07,Sonoma,097,501317,10713,10200,35,10235,149
2020-11-07,Stanislaus,099,539301,18863,18386,914,19300,418
2020-11-07,Sutter,101,95872,2121,1973,3,1976,12
2020-11-07,Tehama,103,63373,1157,1043,2,1045,7
2020-11-07,Trinity,105,12862,146,42,14,56,0
2020-11-07,Tulare,107,460477,19035,18229,629,18858,304
2020-11-07,Tuolumne,109,53932,463,327,5,332,7
2020-11-07,Ventura,111,848112,16394,15364,443,15807,156
2020-11-07,Yolo,113,214977,3711,3486,10,3496,61
2020-11-07,Yuba,115,75493,1437,1349,5,1354,10
2020-11-06,Alameda,001,1643700,25516,24389,241,24630,420
2020-11-06,Alpine,003,1148,24,6,0,6,0
2020-11-06,Amador,005,37829,396,369,0,369,16
2020-11-06,Butte,007,227075,3424,3254,67,3321,57
2020-11-06,Calaveras,009,45235,365,359,0,359,21
2020-11-06,Colusa,011,21464,595,580,1,581,6
2020-11-06,Contra Costa,013,1133247,20676,19744,104,19848,252
2020-11-06,Del Norte,015,27424,204,194,0,194,2
2020-11-06,El Dorado,017,186661,1629,1475,16,1491,4
2020-11-06,Fresno,019,978130,35809,32278,638,32916,460
2020-11-06,Glenn,021,27897,756,707,7,714,3
2020-11-06,Humboldt,023,135768,637,587,1,588,9
2020-11-06,Imperial,025,180216,13747,13230,24,13254,338
2020-11-06,Inyo,027,18085,260,246,5,251,14
2020-11-06,Kern,029,883053,35646,34360,599,34959,443
2020-11-06,Kings,031,150075,9435,8883,71,8954,83
2020-11-06,Lake,033,64148,787,741,0,741,16
2020-11-06,Lassen,035,31185,852,794,2,796,0
2020-11-06,Los Angeles,037,10098052,325572,314356,3478,317834,7160
2020-11-06,Madera,039,155013,5398,5136,64,5200,54
2020-11-06,Marin,041,260295,7338,7184,22,7206,131
2020-11-06,Mariposa,043,17540,89,79,0,79,2
2020-11-06,Mendocino,045,87422,1199,1113,5,1118,22
2020-11-06,Merced,047,269075,10153,9778,53,9831,157
2020-11-06,Modoc,049,8938,70,48,12,60,0
2020-11-06,Mono,051,14174,452,308,8,316,1
2020-11-06,Monterey,053,433212,12545,11914,106,12020,96
2020-11-06,Napa,055,140530,2418,2189,9,2198,15
2020-11-06,Nevada,057,99092,801,692,21,713,9
2020-11-06,Orange,059,3164182,64884,61049,1958,63007,1494
2020-11-06,Placer,061,380077,5125,4680,31,4711,60
2020-11-06,Plumas,063,18699,122,90,0,90,0
2020-11-06,Riverside,065,2383286,73775,70409,773,71182,1341
2020-11-06,Sacramento,067,1510023,28993,27489,43,27532,514
2020-11-06,San Benito,069,59416,1549,1479,1,1480,15
2020-11-06,San Bernardino,071,2135413,71714,66740,590,67330,1179
2020-11-06,San Diego,073,3302833,63263,59143,1938,61081,907
2020-11-06,San Francisco,075,870044,13357,12825,61,12886,146
2020-11-06,San Joaquin,077,732212,23297,22424,302,22726,502
2020-11-06,San Luis Obispo,079,281455,5090,4531,49,4580,32
2020-11-06,San Mateo,081,765935,12271,11587,11,11598,168
2020-11-06,Santa Barbara,083,443738,10372,10118,134,10252,133
2020-11-06,Santa Clara,085,1922200,28071,25831,52,25883,402
2020-11-06,Santa Cruz,087,273765,3318,3063,36,3099,25
2020-11-06,Shasta,089,179085,3237,2475,41,2516,35
2020-11-06,Sierra,091,2930,9,7,0,7,0
2020-11-06,Siskiyou,093,43540,287,237,11,248,0
2020-11-06,Solano,095,438530,8430,7959,39,7998,85
2020-11-06,Sonoma,097,501317,10663,10142,35,10177,149
2020-11-06,Stanislaus,099,539301,18776,18250,906,19156,417
2020-11-06,Sutter,101,95872,2094,1937,2,1939,12
2020-11-06,Tehama,103,63373,1136,1024,2,1026,6
2020-11-06,Trinity,105,12862,143,41,14,55,0
2020-11-06,Tulare,107,460477,18971,18136,604,18740,300
2020-11-06,Tuolumne,109,53932,442,316,5,321,5
2020-11-06,Ventura,111,848112,16308,15222,440,15662,154
2020-11-06,Yolo,113,214977,3682,3420,10,3430,62
2020-11-06,Yuba,115,75493,1424,1335,5,1340,10
2020-11-05,Alameda,001,1643700,25340,24270,241,24511,420
2020-11-05,Alpine,003,1148,24,6,0,6,0
2020-11-05,Amador,005,37829,393,363,0,363,16
2020-11-05,Butte,007,227075,3401,3239,61,3300,57
2020-11-05,Calaveras,009,45235,357,333,0,333,19
2020-11-05,Colusa,011,21464,591,574,1,575,6
2020-11-05,Contra Costa,013,1133247,20493,19656,101,19757,252
2020-11-05,Del Norte,015,27424,202,192,0,192,2
2020-11-05,El Dorado,017,186661,1605,1466,16,1482,4
2020-11-05,Fresno,019,978130,35567,32056,614,32670,460
2020-11-05,Glenn,021,27897,736,702,7,709,3
2020-11-05,Humboldt,023,135768,627,581,1,582,9
2020-11-05,Imperial,025,180216,13655,13178,23,13201,337
2020-11-05,Inyo,027,18085,259,247,5,252,14
2020-11-05,Kern,029,883053,35445,34232,586,34818,443
2020-11-05,Kings,031,150075,9280,8846,68,8914,83
2020-11-05,Lake,033,64148,783,739,0,739,16
2020-11-05,Lassen,035,31185,821,782,2,784,0
2020-11-05,Los Angeles,037,10098052,323216,312381,3425,315806,7146
2020-11-05,Madera,039,155013,5360,5129,61,5190,54
2020-11-05,Marin,041,260295,7315,7171,22,7193,131
2020-11-05,Mariposa,043,17540,88,79,0,79,2
2020-11-05,Mendocino,045,87422,1187,1112,5,1117,22
2020-11-05,Merced,047,269075,10094,9753,48,9801,155
2020-11-05,Modoc,049,8938,69,47,11,58,0
2020-11-05,Mono,051,14174,450,307,8,315,1
2020-11-05,Monterey,053,433212,12435,11784,102,11886,96
2020-11-05,Napa,055,140530,2391,2158,9,2167,15
2020-11-05,Nevada,057,99092,779,687,20,707,9
2020-11-05,Orange,059,3164182,64437,60740,1948,62688,1484
2020-11-05,Placer,061,380077,5056,4627,26,4653,60
2020-11-05,Plumas,063,18699,114,90,0,90,0
2020-11-05,Riverside,065,2383286,73064,70094,717,70811,1338
2020-11-05,Sacramento,067,1510023,28613,27232,42,27274,512
2020-11-05,San Benito,069,59416,1534,1477,1,1478,15
2020-11-05,San Bernardino,071,2135413,70886,66407,578,66985,1174
2020-11-05,San Diego,073,3302833,62637,58659,1912,60571,904
2020-11-05,San Francisco,075,870044,13245,12726,60,12786,146
2020-11-05,San Joaquin,077,732212,23133,22318,298,22616,502
2020-11-05,San Luis Obispo,079,281455,5023,4459,47,4506,32
2020-11-05,San Mateo,081,765935,12177,11535,11,11546,168
2020-11-05,Santa Barbara,083,443738,10328,10080,131,10211,133
2020-11-05,Santa Clara,085,1922200,27806,25651,52,25703,402
2020-11-05,Santa Cruz,087,273765,3280,3023,36,3059,25
2020-11-05,Shasta,089,179085,3147,2401,40,2441,34
2020-11-05,Sierra,091,2930,9,6,0,6,0
2020-11-05,Siskiyou,093,43540,276,228,11,239,0
2020-11-05,Solano,095,438530,8347,7842,39,7881,85
2020-11-05,Sonoma,097,501317,10551,10064,34,10098,145
2020-11-05,Stanislaus,099,539301,18662,18194,893,19087,417
2020-11-05,Sutter,101,95872,2062,1925,2,1927,12
2020-11-05,Tehama,103,63373,1115,1015,2,1017,6
2020-11-05,Trinity,105,12862,127,41,14,55,0
2020-11-05,Tulare,107,460477,18882,18049,578,18627,301
2020-11-05,Tuolumne,109,53932,413,312,5,317,5
2020-11-05,Ventura,111,848112,16142,15113,429,15542,155
2020-11-05,Yolo,113,214977,3632,3391,10,3401,61
2020-11-05,Yuba,115,75493,1406,1322,5,1327,10
2020-11-04,Alameda,001,1643700,25163,24172,239,24411,418
2020-11-04,Alpine,003,1148,20,5,0,5,0
2020-11-04,Amador,005,37829,390,362,0,362,16
2020-11-04,Butte,007,227075,3376,3218,58,3276,57
2020-11-04,Calaveras,009,45235,354,290,0,290,19
2020-11-04,Colusa,011,21464,589,571,1,572,6
2020-11-04,Contra Costa,013,1133247,20328,19472,98,19570,251
2020-11-04,Del Norte,015,27424,198,188,0,188,2
2020-11-04,El Dorado,017,186661,1590,1448,13,1461,4
2020-11-04,Fresno,019,978130,35335,31952,586,32538,457
2020-11-04,Glenn,021,27897,732,701,6,707,3
2020-11-04,Humboldt,023,135768,618,571,1,572,9
2020-11-04,Imperial,025,180216,13557,13087,23,13110,335
2020-11-04,Inyo,027,18085,258,247,5,252,14
2020-11-04,Kern,029,883053,35290,34027,575,34602,439
2020-11-04,Kings,031,150075,9246,8817,66,8883,83
2020-11-04,Lake,033,64148,776,735,0,735,16
2020-11-04,Lassen,035,31185,816,781,2,783,0
2020-11-04,Los Angeles,037,10098052,320905,310456,3346,313802,7124
2020-11-04,Madera,039,155013,5340,5083,57,5140,54
2020-11-04,Marin,041,260295,7303,7157,22,7179,131
2020-11-04,Mariposa,043,17540,88,79,0,79,2
2020-11-04,Mendocino,045,87422,1169,1089,5,1094,22
2020-11-04,Merced,047,269075,10045,9717,46,9763,153
2020-11-04,Modoc,049,8938,59,47,11,58,0
2020-11-04,Mono,051,14174,447,237,7,244,1
2020-11-04,Monterey,053,433212,12231,11743,96,11839,96
2020-11-04,Napa,055,140530,2337,2133,9,2142,15
2020-11-04,Nevada,057,99092,760,675,20,695,9
2020-11-04,Orange,059,3164182,64002,60463,1927,62390,1483
2020-11-04,Placer,061,380077,4980,4526,23,4549,60
2020-11-04,Plumas,063,18699,112,88,0,88,0
2020-11-04,Riverside,065,2383286,72447,69562,658,70220,1335
2020-11-04,Sacramento,067,1510023,28263,27005,41,27046,510
2020-11-04,San Benito,069,59416,1519,1464,1,1465,15
2020-11-04,San Bernardino,071,2135413,70090,65891,555,66446,1169
2020-11-04,San Diego,073,3302833,61991,58126,1886,60012,904
2020-11-04,San Francisco,075,870044,13162,12649,57,12706,146
2020-11-04,San Joaquin,077,732212,22996,22197,285,22482,500
2020-11-04,San Luis Obispo,079,281455,4956,4389,45,4434,32
2020-11-04,San Mateo,081,765935,12083,11456,11,11467,168
2020-11-04,Santa Barbara,083,443738,10290,10026,130,10156,132
2020-11-04,Santa Clara,085,1922200,27545,25487,52,25539,393
2020-11-04,Santa Cruz,087,273765,3243,2997,36,3033,25
2020-11-04,Shasta,089,179085,3016,2321,35,2356,34
2020-11-04,Sierra,091,2930,9,6,0,6,0
2020-11-04,Siskiyou,093,43540,267,222,11,233,0
2020-11-04,Solano,095,438530,8248,7733,39,7772,85
2020-11-04,Sonoma,097,501317,10457,9965,34,9999,142
2020-11-04,Stanislaus,099,539301,18544,18114,878,18992,416
2020-11-04,Sutter,101,95872,2028,1916,2,1918,12
2020-11-04,Tehama,103,63373,1088,997,2,999,6
2020-11-04,Trinity,105,12862,123,37,14,51,0
2020-11-04,Tulare,107,460477,18772,17952,550,18502,298
2020-11-04,Tuolumne,109,53932,389,310,5,315,5
2020-11-04,Ventura,111,848112,16002,14936,426,15362,155
2020-11-04,Yolo,113,214977,3592,3361,10,3371,62
2020-11-04,Yuba,115,75493,1385,1312,5,1317,10
2020-11-03,Alameda,001,1643700,24979,24055,237,24292,418
2020-11-03,Alpine,003,1148,19,4,0,4,0
2020-11-03,Amador,005,37829,385,361,0,361,16
2020-11-03,Butte,007,227075,3353,3211,52,3263,57
2020-11-03,Calaveras,009,45235,350,287,0,287,19
2020-11-03,Colusa,011,21464,584,572,1,573,6
2020-11-03,Contra Costa,013,1133247,20173,19416,98,19514,250
2020-11-03,Del Norte,015,27424,197,187,0,187,2
2020-11-03,El Dorado,017,186661,1568,1445,12,1457,4
2020-11-03,Fresno,019,978130,35070,31856,563,32419,457
2020-11-03,Glenn,021,27897,726,698,6,704,3
2020-11-03,Humboldt,023,135768,612,570,1,571,8
2020-11-03,Imperial,025,180216,13467,13044,22,13066,335
2020-11-03,Inyo,027,18085,257,244,5,249,14
2020-11-03,Kern,029,883053,35099,33957,564,34521,439
2020-11-03,Kings,031,150075,9083,8783,61,8844,83
2020-11-03,Lake,033,64148,766,732,0,732,16
2020-11-03,Lassen,035,31185,807,782,2,784,0
2020-11-03,Los Angeles,037,10098052,318448,308812,3279,312091,7104
2020-11-03,Madera,039,155013,5304,5058,56,5114,54
2020-11-03,Marin,041,260295,7283,7147,21,7168,131
2020-11-03,Mariposa,043,17540,87,79,0,79,2
2020-11-03,Mendocino,045,87422,1154,1084,5,1089,22
2020-11-03,Merced,047,269075,9992,9713,45,9758,153
2020-11-03,Modoc,049,8938,57,47,9,56,0
2020-11-03,Mono,051,14174,443,210,7,217,1
2020-11-03,Monterey,053,433212,12162,11703,91,11794,94
2020-11-03,Napa,055,140530,2301,2130,9,2139,15
2020-11-03,Nevada,057,99092,740,670,19,689,9
2020-11-03,Orange,059,3164182,63572,60283,1915,62198,1477
2020-11-03,Placer,061,380077,4907,4514,23,4537,60
2020-11-03,Plumas,063,18699,109,86,0,86,0
2020-11-03,Riverside,065,2383286,71828,69300,633,69933,1325
2020-11-03,Sacramento,067,1510023,27882,26841,39,26880,510
2020-11-03,San Benito,069,59416,1509,1463,1,1464,15
2020-11-03,San Bernardino,071,2135413,69279,65320,548,65868,1159
2020-11-03,San Diego,073,3302833,61315,57722,1842,59564,901
2020-11-03,San Francisco,075,870044,13040,12585,57,12642,146
2020-11-03,San Joaquin,077,732212,22861,22109,279,22388,500
2020-11-03,San Luis Obispo,079,281455,4872,4371,43,4414,32
2020-11-03,San Mateo,081,765935,11988,11406,11,11417,162
2020-11-03,Santa Barbara,083,443738,10236,10008,126,10134,132
2020-11-03,Santa Clara,085,1922200,27271,25386,51,25437,393
2020-11-03,Santa Cruz,087,273765,3193,2980,35,3015,25
2020-11-03,Shasta,089,179085,2922,2288,28,2316,33
2020-11-03,Sierra,091,2930,7,6,0,6,0
2020-11-03,Siskiyou,093,43540,263,219,11,230,0
2020-11-03,Solano,095,438530,8164,7691,39,7730,85
2020-11-03,Sonoma,097,501317,10355,9906,34,9940,142
2020-11-03,Stanislaus,099,539301,18423,18080,867,18947,416
2020-11-03,Sutter,101,95872,1995,1914,2,1916,12
2020-11-03,Tehama,103,63373,1067,988,2,990,6
2020-11-03,Trinity,105,12862,116,36,13,49,0
2020-11-03,Tulare,107,460477,18666,17890,525,18415,297
2020-11-03,Tuolumne,109,53932,367,302,5,307,5
2020-11-03,Ventura,111,848112,15875,14816,419,15235,155
2020-11-03,Yolo,113,214977,3540,3343,10,3353,61
2020-11-03,Yuba,115,75493,1372,1295,5,1300,10
2020-11-02,Alameda,001,1643700,24783,23991,235,24226,419
2020-11-02,Alpine,003,1148,16,4,0,4,0
2020-11-02,Amador,005,37829,377,357,0,357,16
2020-11-02,Butte,007,227075,3333,3198,49,3247,57
2020-11-02,Calaveras,009,45235,350,282,0,282,18
2020-11-02,Colusa,011,21464,579,571,1,572,6
2020-11-02,Contra Costa,013,1133247,20016,19339,97,19436,250
2020-11-02,Del Norte,015,27424,194,175,0,175,2
2020-11-02,El Dorado,017,186661,1544,1405,12,1417,4
2020-11-02,Fresno,019,978130,34800,31738,546,32284,451
2020-11-02,Glenn,021,27897,720,692,5,697,3
2020-11-02,Humboldt,023,135768,603,569,1,570,8
2020-11-02,Imperial,025,180216,13387,13004,21,13025,334
2020-11-02,Inyo,027,18085,254,243,5,248,14
2020-11-02,Kern,029,883053,34941,33834,554,34388,437
2020-11-02,Kings,031,150075,9053,8654,58,8712,82
2020-11-02,Lake,033,64148,760,728,0,728,17
2020-11-02,Lassen,035,31185,799,782,2,784,0
2020-11-02,Los Angeles,037,10098052,316100,307620,3205,310825,7079
2020-11-02,Madera,039,155013,5273,5033,55,5088,54
2020-11-02,Marin,041,260295,7265,7132,20,7152,125
2020-11-02,Mariposa,043,17540,87,79,0,79,2
2020-11-02,Mendocino,045,87422,1140,1076,5,1081,21
2020-11-02,Merced,047,269075,9930,9664,39,9703,152
2020-11-02,Modoc,049,8938,54,45,5,50,0
2020-11-02,Mono,051,14174,441,211,7,218,1
2020-11-02,Monterey,053,433212,12055,11602,88,11690,93
2020-11-02,Napa,055,140530,2259,2081,9,2090,15
2020-11-02,Nevada,057,99092,724,656,19,675,9
2020-11-02,Orange,059,3164182,63167,59996,1900,61896,1474
2020-11-02,Placer,061,380077,4837,4461,21,4482,60
2020-11-02,Plumas,063,18699,101,86,0,86,0
2020-11-02,Riverside,065,2383286,71197,68833,592,69425,1321
2020-11-02,Sacramento,067,1510023,27540,26676,37,26713,508
2020-11-02,San Benito,069,59416,1497,1459,1,1460,15
2020-11-02,San Bernardino,071,2135413,68424,64629,537,65166,1157
2020-11-02,San Diego,073,3302833,60592,57429,1797,59226,891
2020-11-02,San Francisco,075,870044,12943,12436,56,12492,145
2020-11-02,San Joaquin,077,732212,22721,21919,271,22190,500
2020-11-02,San Luis Obispo,079,281455,4772,4303,40,4343,31
2020-11-02,San Mateo,081,765935,11879,11328,11,11339,161
2020-11-02,Santa Barbara,083,443738,10195,9985,121,10106,130
2020-11-02,Santa Clara,085,1922200,26984,25222,51,25273,387
2020-11-02,Santa Cruz,087,273765,3151,2943,35,2978,25
2020-11-02,Shasta,089,179085,2819,2174,24,2198,33
2020-11-02,Sierra,091,2930,7,6,0,6,0
2020-11-02,Siskiyou,093,43540,253,216,11,227,0
2020-11-02,Solano,095,438530,8046,7665,39,7704,84
2020-11-02,Sonoma,097,501317,10273,9796,33,9829,140
2020-11-02,Stanislaus,099,539301,18327,18005,858,18863,412
2020-11-02,Sutter,101,95872,1971,1895,2,1897,12
2020-11-02,Tehama,103,63373,1044,971,2,973,6
2020-11-02,Trinity,105,12862,110,30,13,43,0
2020-11-02,Tulare,107,460477,18573,17774,505,18279,299
2020-11-02,Tuolumne,109,53932,350,302,5,307,5
2020-11-02,Ventura,111,848112,15734,14767,405,15172,156
2020-11-02,Yolo,113,214977,3492,3318,10,3328,61
2020-11-02,Yuba,115,75493,1359,1280,5,1285,10
2020-11-01,Alameda,001,1643700,24620,23892,233,24125,419
2020-11-01,Alpine,003,1148,10,4,0,4,0
2020-11-01,Amador,005,37829,374,352,0,352,16
2020-11-01,Butte,007,227075,3310,3185,48,3233,57
2020-11-01,Calaveras,009,45235,349,282,0,282,18
2020-11-01,Colusa,011,21464,577,567,1,568,6
2020-11-01,Contra Costa,013,1133247,19843,19246,96,19342,250
2020-11-01,Del Norte,015,27424,190,175,0,175,2
2020-11-01,El Dorado,017,186661,1528,1394,12,1406,4
2020-11-01,Fresno,019,978130,34541,31613,526,32139,451
2020-11-01,Glenn,021,27897,711,688,3,691,3
2020-11-01,Humboldt,023,135768,595,568,1,569,8
2020-11-01,Imperial,025,180216,13296,12969,19,12988,334
2020-11-01,Inyo,027,18085,252,241,5,246,14
2020-11-01,Kern,029,883053,34760,33760,474,34234,437
2020-11-01,Kings,031,150075,9015,8641,57,8698,82
2020-11-01,Lake,033,64148,754,727,0,727,17
2020-11-01,Lassen,035,31185,799,782,2,784,0
2020-11-01,Los Angeles,037,10098052,313530,306217,3114,309331,7077
2020-11-01,Madera,039,155013,5226,5019,53,5072,54
2020-11-01,Marin,041,260295,7248,7124,20,7144,125
2020-11-01,Mariposa,043,17540,83,79,0,79,2
2020-11-01,Mendocino,045,87422,1126,1074,5,1079,21
2020-11-01,Merced,047,269075,9869,9626,39,9665,152
2020-11-01,Modoc,049,8938,53,45,5,50,0
2020-11-01,Mono,051,14174,412,211,6,217,1
2020-11-01,Monterey,053,433212,11948,11587,85,11672,93
2020-11-01,Napa,055,140530,2225,2067,9,2076,15
2020-11-01,Nevada,057,99092,708,646,18,664,9
2020-11-01,Orange,059,3164182,62765,59733,1874,61607,1475
2020-11-01,Placer,061,380077,4769,4422,20,4442,58
2020-11-01,Plumas,063,18699,96,86,0,86,0
2020-11-01,Riverside,065,2383286,70567,68493,557,69050,1319
2020-11-01,Sacramento,067,1510023,27218,26442,37,26479,508
2020-11-01,San Benito,069,59416,1482,1451,1,1452,15
2020-11-01,San Bernardino,071,2135413,67582,64339,516,64855,1157
2020-11-01,San Diego,073,3302833,59904,57122,1757,58879,891
2020-11-01,San Francisco,075,870044,12820,12436,51,12487,145
2020-11-01,San Joaquin,077,732212,22593,21919,265,22184,500
2020-11-01,San Luis Obispo,079,281455,4692,4303,39,4342,31
2020-11-01,San Mateo,081,765935,11798,11280,11,11291,160
2020-11-01,Santa Barbara,083,443738,10144,9969,105,10074,130
2020-11-01,Santa Clara,085,1922200,26701,25090,51,25141,386
2020-11-01,Santa Cruz,087,273765,3098,2921,35,2956,25
2020-11-01,Shasta,089,179085,2684,2172,23,2195,33
2020-11-01,Sierra,091,2930,7,6,0,6,0
2020-11-01,Siskiyou,093,43540,248,205,11,216,0
2020-11-01,Solano,095,438530,7956,7591,39,7630,84
2020-11-01,Sonoma,097,501317,10181,9688,33,9721,140
2020-11-01,Stanislaus,099,539301,18226,17961,839,18800,412
2020-11-01,Sutter,101,95872,1945,1888,1,1889,12
2020-11-01,Tehama,103,63373,1027,965,2,967,5
2020-11-01,Trinity,105,12862,108,30,12,42,0
2020-11-01,Tulare,107,460477,18461,17774,474,18248,299
2020-11-01,Tuolumne,109,53932,328,295,5,300,5
2020-11-01,Ventura,111,848112,15586,14686,377,15063,156
2020-11-01,Yolo,113,214977,3444,3303,10,3313,60
2020-11-01,Yuba,115,75493,1342,1273,5,1278,10
2020-10-31,Alameda,001,1643700,24504,23780,229,24009,416
2020-10-31,Alpine,003,1148,10,4,0,4,0
2020-10-31,Amador,005,37829,370,347,0,347,16
2020-10-31,Butte,007,227075,3297,3172,46,3218,57
2020-10-31,Calaveras,009,45235,349,280,0,280,18
2020-10-31,Colusa,011,21464,575,555,1,556,6
2020-10-31,Contra Costa,013,1133247,19738,19161,96,19257,249
2020-10-31,Del Norte,015,27424,189,175,0,175,2
2020-10-31,El Dorado,017,186661,1519,1390,12,1402,4
2020-10-31,Fresno,019,978130,34404,31558,523,32081,451
2020-10-31,Glenn,021,27897,709,678,3,681,3
2020-10-31,Humboldt,023,135768,592,561,1,562,8
2020-10-31,Imperial,025,180216,13254,12912,19,12931,334
2020-10-31,Inyo,027,18085,251,241,5,246,14
2020-10-31,Kern,029,883053,34657,33666,465,34131,437
2020-10-31,Kings,031,150075,8994,8612,56,8668,82
2020-10-31,Lake,033,64148,750,724,0,724,16
2020-10-31,Lassen,035,31185,794,782,2,784,0
2020-10-31,Los Angeles,037,10098052,312153,304704,3074,307778,7073
2020-10-31,Madera,039,155013,5207,5013,50,5063,54
2020-10-31,Marin,041,260295,7232,7112,20,7132,125
2020-10-31,Mariposa,043,17540,83,79,0,79,2
2020-10-31,Mendocino,045,87422,1118,1066,5,1071,21
2020-10-31,Merced,047,269075,9836,9597,38,9635,151
2020-10-31,Modoc,049,8938,52,34,4,38,0
2020-10-31,Mono,051,14174,263,194,5,199,1
2020-10-31,Monterey,053,433212,11880,11539,81,11620,93
2020-10-31,Napa,055,140530,2206,2040,9,2049,15
2020-10-31,Nevada,057,99092,690,644,18,662,9
2020-10-31,Orange,059,3164182,62506,59488,1856,61344,1473
2020-10-31,Placer,061,380077,4719,4374,19,4393,58
2020-10-31,Plumas,063,18699,95,85,0,85,0
2020-10-31,Riverside,065,2383286,70210,68178,534,68712,1319
2020-10-31,Sacramento,067,1510023,27019,26316,35,26351,507
2020-10-31,San Benito,069,59416,1475,1448,1,1449,15
2020-10-31,San Bernardino,071,2135413,67156,64016,506,64522,1157
2020-10-31,San Diego,073,3302833,59451,56769,1729,58498,891
2020-10-31,San Francisco,075,870044,12746,12438,50,12488,145
2020-10-31,San Joaquin,077,732212,22518,21918,256,22174,500
2020-10-31,San Luis Obispo,079,281455,4623,4285,36,4321,31
2020-10-31,San Mateo,081,765935,11747,11253,11,11264,160
2020-10-31,Santa Barbara,083,443738,10115,9957,97,10054,130
2020-10-31,Santa Clara,085,1922200,26533,24957,51,25008,379
2020-10-31,Santa Cruz,087,273765,3063,2895,34,2929,25
2020-10-31,Shasta,089,179085,2630,2122,22,2144,33
2020-10-31,Sierra,091,2930,7,6,0,6,0
2020-10-31,Siskiyou,093,43540,246,200,11,211,0
2020-10-31,Solano,095,438530,7891,7545,39,7584,84
2020-10-31,Sonoma,097,501317,10128,9648,33,9681,140
2020-10-31,Stanislaus,099,539301,18163,17920,823,18743,412
2020-10-31,Sutter,101,95872,1936,1876,1,1877,12
2020-10-31,Tehama,103,63373,1017,953,2,955,5
2020-10-31,Trinity,105,12862,105,30,12,42,0
2020-10-31,Tulare,107,460477,18412,17758,467,18225,299
2020-10-31,Tuolumne,109,53932,321,290,5,295,5
2020-10-31,Ventura,111,848112,15502,14635,359,14994,155
2020-10-31,Yolo,113,214977,3409,3290,10,3300,60
2020-10-31,Yuba,115,75493,1326,1260,4,1264,10
2020-10-30,Alameda,001,1643700,24425,23676,227,23903,401
2020-10-30,Alpine,003,1148,10,4,0,4,0
2020-10-30,Amador,005,37829,370,344,0,344,16
2020-10-30,Butte,007,227075,3292,3160,46,3206,57
2020-10-30,Calaveras,009,45235,348,279,0,279,18
2020-10-30,Colusa,011,21464,573,554,1,555,6
2020-10-30,Contra Costa,013,1133247,19665,19074,96,19170,249
2020-10-30,Del Norte,015,27424,188,175,0,175,2
2020-10-30,El Dorado,017,186661,1506,1386,12,1398,4
2020-10-30,Fresno,019,978130,34282,31409,515,31924,446
2020-10-30,Glenn,021,27897,703,674,2,676,3
2020-10-30,Humboldt,023,135768,591,561,1,562,7
2020-10-30,Imperial,025,180216,13213,12853,19,12872,334
2020-10-30,Inyo,027,18085,250,241,5,246,14
2020-10-30,Kern,029,883053,34564,33583,464,34047,437
2020-10-30,Kings,031,150075,8984,8564,54,8618,82
2020-10-30,Lake,033,64148,750,720,0,720,16
2020-10-30,Lassen,035,31185,788,777,2,779,0
2020-10-30,Los Angeles,037,10098052,310717,303425,3039,306464,7060
2020-10-30,Madera,039,155013,5194,4991,48,5039,54
2020-10-30,Marin,041,260295,7212,7097,20,7117,125
2020-10-30,Mariposa,043,17540,83,78,0,78,2
2020-10-30,Mendocino,045,87422,1116,1062,5,1067,21
2020-10-30,Merced,047,269075,9804,9539,38,9577,150
2020-10-30,Modoc,049,8938,51,34,3,37,0
2020-10-30,Mono,051,14174,262,193,5,198,1
2020-10-30,Monterey,053,433212,11817,11491,76,11567,92
2020-10-30,Napa,055,140530,2188,2028,9,2037,15
2020-10-30,Nevada,057,99092,684,634,18,652,9
2020-10-30,Orange,059,3164182,62265,59334,1844,61178,1469
2020-10-30,Placer,061,380077,4672,4335,19,4354,58
2020-10-30,Plumas,063,18699,92,80,0,80,0
2020-10-30,Riverside,065,2383286,69872,67752,514,68266,1317
2020-10-30,Sacramento,067,1510023,26871,26147,35,26182,505
2020-10-30,San Benito,069,59416,1469,1440,1,1441,15
2020-10-30,San Bernardino,071,2135413,66740,63512,503,64015,1156
2020-10-30,San Diego,073,3302833,59046,56387,1707,58094,888
2020-10-30,San Francisco,075,870044,12691,12384,50,12434,145
2020-10-30,San Joaquin,077,732212,22451,21849,250,22099,500
2020-10-30,San Luis Obispo,079,281455,4581,4256,36,4292,31
2020-10-30,San Mateo,081,765935,11688,11207,11,11218,159
2020-10-30,Santa Barbara,083,443738,10092,9937,97,10034,128
2020-10-30,Santa Clara,085,1922200,26385,24811,51,24862,378
2020-10-30,Santa Cruz,087,273765,3045,2874,34,2908,25
2020-10-30,Shasta,089,179085,2586,2048,21,2069,32
2020-10-30,Sierra,091,2930,7,6,0,6,0
2020-10-30,Siskiyou,093,43540,246,192,11,203,0
2020-10-30,Solano,095,438530,7830,7497,39,7536,84
2020-10-30,Sonoma,097,501317,10053,9602,33,9635,140
2020-10-30,Stanislaus,099,539301,18115,17861,808,18669,410
2020-10-30,Sutter,101,95872,1923,1860,1,1861,12
2020-10-30,Tehama,103,63373,1013,932,2,934,5
2020-10-30,Trinity,105,12862,105,29,12,41,0
2020-10-30,Tulare,107,460477,18367,17682,453,18135,299
2020-10-30,Tuolumne,109,53932,313,286,5,291,4
2020-10-30,Ventura,111,848112,15429,14578,348,14926,154
2020-10-30,Yolo,113,214977,3392,3263,10,3273,60
2020-10-30,Yuba,115,75493,1318,1256,4,1260,10
2020-10-29,Alameda,001,1643700,24262,23530,226,23756,401
2020-10-29,Alpine,003,1148,7,4,0,4,0
2020-10-29,Amador,005,37829,366,338,0,338,16
2020-10-29,Butte,007,227075,3274,3143,45,3188,57
2020-10-29,Calaveras,009,45235,346,278,0,278,13
2020-10-29,Colusa,011,21464,569,552,1,553,6
2020-10-29,Contra Costa,013,1133247,19568,18933,95,19028,249
2020-10-29,Del Norte,015,27424,186,174,0,174,2
2020-10-29,El Dorado,017,186661,1484,1370,12,1382,4
2020-10-29,Fresno,019,978130,34125,31321,508,31829,445
2020-10-29,Glenn,021,27897,701,673,2,675,3
2020-10-29,Humboldt,023,135768,586,559,1,560,7
2020-10-29,Imperial,025,180216,13170,12769,19,12788,334
2020-10-29,Inyo,027,18085,248,238,5,243,14
2020-10-29,Kern,029,883053,34463,33460,460,33920,437
2020-10-29,Kings,031,150075,8830,8502,53,8555,82
2020-10-29,Lake,033,64148,747,702,0,702,16
2020-10-29,Lassen,035,31185,787,772,2,774,0
2020-10-29,Los Angeles,037,10098052,309089,302246,2993,305239,7046
2020-10-29,Madera,039,155013,5163,4970,46,5016,53
2020-10-29,Marin,041,260295,7198,7083,20,7103,125
2020-10-29,Mariposa,043,17540,81,78,0,78,2
2020-10-29,Mendocino,045,87422,1110,1058,5,1063,21
2020-10-29,Merced,047,269075,9752,9496,38,9534,150
2020-10-29,Modoc,049,8938,49,31,3,34,0
2020-10-29,Mono,051,14174,255,176,5,181,1
2020-10-29,Monterey,053,433212,11736,11425,74,11499,92
2020-10-29,Napa,055,140530,2164,2009,9,2018,15
2020-10-29,Nevada,057,99092,677,632,18,650,9
2020-10-29,Orange,059,3164182,61997,59046,1824,60870,1464
2020-10-29,Placer,061,380077,4627,4270,18,4288,58
2020-10-29,Plumas,063,18699,90,69,0,69,0
2020-10-29,Riverside,065,2383286,69496,67268,484,67752,1304
2020-10-29,Sacramento,067,1510023,26658,25978,34,26012,507
2020-10-29,San Benito,069,59416,1464,1431,1,1432,15
2020-10-29,San Bernardino,071,2135413,66171,62968,493,63461,1150
2020-10-29,San Diego,073,3302833,58580,55916,1678,57594,885
2020-10-29,San Francisco,075,870044,12613,12312,50,12362,145
2020-10-29,San Joaquin,077,732212,22367,21736,238,21974,498
2020-10-29,San Luis Obispo,079,281455,4550,4223,35,4258,31
2020-10-29,San Mateo,081,765935,11643,11145,11,11156,157
2020-10-29,Santa Barbara,083,443738,10059,9902,95,9997,128
2020-10-29,Santa Clara,085,1922200,26234,24614,51,24665,377
2020-10-29,Santa Cruz,087,273765,3020,2850,34,2884,24
2020-10-29,Shasta,089,179085,2523,2008,21,2029,32
2020-10-29,Sierra,091,2930,6,6,0,6,0
2020-10-29,Siskiyou,093,43540,230,185,11,196,0
2020-10-29,Solano,095,438530,7768,7453,39,7492,78
2020-10-29,Sonoma,097,501317,9988,9533,33,9566,140
2020-10-29,Stanislaus,099,539301,18062,17790,787,18577,410
2020-10-29,Sutter,101,95872,1916,1852,1,1853,12
2020-10-29,Tehama,103,63373,995,925,2,927,5
2020-10-29,Trinity,105,12862,100,28,11,39,0
2020-10-29,Tulare,107,460477,18289,17627,435,18062,299
2020-10-29,Tuolumne,109,53932,308,279,5,284,4
2020-10-29,Ventura,111,848112,15338,14486,344,14830,154
2020-10-29,Yolo,113,214977,3363,3246,10,3256,60
2020-10-29,Yuba,115,75493,1307,1248,4,1252,10
2020-10-28,Alameda,001,1643700,24162,23468,225,23693,400
2020-10-28,Alpine,003,1148,6,4,0,4,0
2020-10-28,Amador,005,37829,363,337,0,337,16
2020-10-28,Butte,007,227075,3258,3134,42,3176,56
2020-10-28,Calaveras,009,45235,345,278,0,278,13
2020-10-28,Colusa,011,21464,566,551,1,552,6
2020-10-28,Contra Costa,013,1133247,19481,18828,94,18922,246
2020-10-28,Del Norte,015,27424,183,173,0,173,2
2020-10-28,El Dorado,017,186661,1472,1363,12,1375,4
2020-10-28,Fresno,019,978130,34004,31195,502,31697,444
2020-10-28,Glenn,021,27897,697,673,2,675,3
2020-10-28,Humboldt,023,135768,582,559,1,560,7
2020-10-28,Imperial,025,180216,13121,12730,19,12749,333
2020-10-28,Inyo,027,18085,248,238,5,243,14
2020-10-28,Kern,029,883053,34361,33424,442,33866,436
2020-10-28,Kings,031,150075,8808,8486,53,8539,82
2020-10-28,Lake,033,64148,744,700,0,700,15
2020-10-28,Lassen,035,31185,783,771,2,773,0
2020-10-28,Los Angeles,037,10098052,307633,300726,2951,303677,7031
2020-10-28,Madera,039,155013,5146,4954,45,4999,53
2020-10-28,Marin,041,260295,7187,7079,20,7099,126
2020-10-28,Mariposa,043,17540,81,78,0,78,2
2020-10-28,Mendocino,045,87422,1109,1037,5,1042,20
2020-10-28,Merced,047,269075,9726,9480,37,9517,150
2020-10-28,Modoc,049,8938,48,31,2,33,0
2020-10-28,Mono,051,14174,237,176,5,181,1
2020-10-28,Monterey,053,433212,11678,11330,72,11402,89
2020-10-28,Napa,055,140530,2138,1998,8,2006,15
2020-10-28,Nevada,057,99092,669,629,18,647,9
2020-10-28,Orange,059,3164182,61733,58801,1808,60609,1459
2020-10-28,Placer,061,380077,4571,4236,18,4254,57
2020-10-28,Plumas,063,18699,89,67,0,67,0
2020-10-28,Riverside,065,2383286,69098,67003,460,67463,1302
2020-10-28,Sacramento,067,1510023,26461,25838,33,25871,506
2020-10-28,San Benito,069,59416,1456,1429,1,1430,15
2020-10-28,San Bernardino,071,2135413,65712,62778,484,63262,1154
2020-10-28,San Diego,073,3302833,58197,55556,1649,57205,881
2020-10-28,San Francisco,075,870044,12555,12261,49,12310,145
2020-10-28,San Joaquin,077,732212,22283,21707,227,21934,498
2020-10-28,San Luis Obispo,079,281455,4506,4197,32,4229,31
2020-10-28,San Mateo,081,765935,11576,11101,11,11112,157
2020-10-28,Santa Barbara,083,443738,10036,9872,93,9965,127
2020-10-28,Santa Clara,085,1922200,26090,24503,51,24554,375
2020-10-28,Santa Cruz,087,273765,2989,2836,34,2870,24
2020-10-28,Shasta,089,179085,2443,1996,20,2016,31
2020-10-28,Sierra,091,2930,6,6,0,6,0
2020-10-28,Siskiyou,093,43540,227,182,10,192,0
2020-10-28,Solano,095,438530,7709,7362,39,7401,77
2020-10-28,Sonoma,097,501317,9898,9457,28,9485,140
2020-10-28,Stanislaus,099,539301,17997,17765,778,18543,409
2020-10-28,Sutter,101,95872,1907,1840,1,1841,12
2020-10-28,Tehama,103,63373,984,921,2,923,5
2020-10-28,Trinity,105,12862,93,28,10,38,0
2020-10-28,Tulare,107,460477,18232,17569,420,17989,297
2020-10-28,Tuolumne,109,53932,304,277,5,282,4
2020-10-28,Ventura,111,848112,15265,14409,335,14744,153
2020-10-28,Yolo,113,214977,3338,3230,10,3240,60
2020-10-28,Yuba,115,75493,1295,1245,4,1249,10
2020-10-27,Alameda,001,1643700,24047,23365,223,23588,400
2020-10-27,Alpine,003,1148,6,3,0,3,0
2020-10-27,Amador,005,37829,360,335,0,335,16
2020-10-27,Butte,007,227075,3242,3107,39,3146,56
2020-10-27,Calaveras,009,45235,343,277,0,277,13
2020-10-27,Colusa,011,21464,561,549,1,550,6
2020-10-27,Contra Costa,013,1133247,19375,18766,94,18860,246
2020-10-27,Del Norte,015,27424,180,173,0,173,2
2020-10-27,El Dorado,017,186661,1459,1351,12,1363,4
2020-10-27,Fresno,019,978130,33885,31096,497,31593,442
2020-10-27,Glenn,021,27897,695,667,1,668,3
2020-10-27,Humboldt,023,135768,579,559,1,560,7
2020-10-27,Imperial,025,180216,13072,12680,19,12699,333
2020-10-27,Inyo,027,18085,248,231,5,236,14
2020-10-27,Kern,029,883053,34244,33328,438,33766,436
2020-10-27,Kings,031,150075,8777,8411,53,8464,83
2020-10-27,Lake,033,64148,741,700,0,700,15
2020-10-27,Lassen,035,31185,781,764,2,766,0
2020-10-27,Los Angeles,037,10098052,306245,299438,2922,302360,7008
2020-10-27,Madera,039,155013,5116,4942,44,4986,53
2020-10-27,Marin,041,260295,7171,7070,20,7090,126
2020-10-27,Mariposa,043,17540,80,78,0,78,2
2020-10-27,Mendocino,045,87422,1103,1033,4,1037,20
2020-10-27,Merced,047,269075,9685,9449,37,9486,150
2020-10-27,Modoc,049,8938,46,31,2,33,0
2020-10-27,Mono,051,14174,223,169,5,174,1
2020-10-27,Monterey,053,433212,11622,11261,70,11331,88
2020-10-27,Napa,055,140530,2122,1979,8,1987,15
2020-10-27,Nevada,057,99092,663,622,18,640,8
2020-10-27,Orange,059,3164182,61463,58550,1792,60342,1448
2020-10-27,Placer,061,380077,4522,4197,16,4213,57
2020-10-27,Plumas,063,18699,86,63,0,63,0
2020-10-27,Riverside,065,2383286,68745,66699,415,67114,1299
2020-10-27,Sacramento,067,1510023,26274,25701,32,25733,501
2020-10-27,San Benito,069,59416,1451,1428,1,1429,15
2020-10-27,San Bernardino,071,2135413,65250,62357,471,62828,1154
2020-10-27,San Diego,073,3302833,57724,55226,1626,56852,877
2020-10-27,San Francisco,075,870044,12480,12218,48,12266,140
2020-10-27,San Joaquin,077,732212,22192,21637,218,21855,496
2020-10-27,San Luis Obispo,079,281455,4479,4148,28,4176,31
2020-10-27,San Mateo,081,765935,11529,11074,11,11085,156
2020-10-27,Santa Barbara,083,443738,10006,9874,92,9966,125
2020-10-27,Santa Clara,085,1922200,25948,24368,51,24419,367
2020-10-27,Santa Cruz,087,273765,2959,2815,33,2848,24
2020-10-27,Shasta,089,179085,2357,1962,20,1982,29
2020-10-27,Sierra,091,2930,6,6,0,6,0
2020-10-27,Siskiyou,093,43540,218,181,10,191,0
2020-10-27,Solano,095,438530,7640,7298,39,7337,77
2020-10-27,Sonoma,097,501317,9831,9389,28,9417,140
2020-10-27,Stanislaus,099,539301,17929,17720,771,18491,408
2020-10-27,Sutter,101,95872,1894,1832,1,1833,12
2020-10-27,Tehama,103,63373,970,913,2,915,5
2020-10-27,Trinity,105,12862,90,28,10,38,0
2020-10-27,Tulare,107,460477,18169,17520,397,17917,296
2020-10-27,Tuolumne,109,53932,300,275,5,280,4
2020-10-27,Ventura,111,848112,15182,14347,328,14675,153
2020-10-27,Yolo,113,214977,3325,3216,10,3226,58
2020-10-27,Yuba,115,75493,1282,1235,4,1239,10
2020-10-26,Alameda,001,1643700,23934,23284,222,23506,398
2020-10-26,Alpine,003,1148,4,3,0,3,0
2020-10-26,Amador,005,37829,356,331,0,331,16
2020-10-26,Butte,007,227075,3231,3095,37,3132,56
2020-10-26,Calaveras,009,45235,340,274,0,274,13
2020-10-26,Colusa,011,21464,559,548,1,549,6
2020-10-26,Contra Costa,013,1133247,19279,18718,93,18811,245
2020-10-26,Del Norte,015,27424,180,171,0,171,2
2020-10-26,El Dorado,017,186661,1445,1336,12,1348,4
2020-10-26,Fresno,019,978130,33771,30969,490,31459,441
2020-10-26,Glenn,021,27897,688,660,1,661,3
2020-10-26,Humboldt,023,135768,571,554,1,555,7
2020-10-26,Imperial,025,180216,13018,12654,16,12670,333
2020-10-26,Inyo,027,18085,248,226,5,231,14
2020-10-26,Kern,029,883053,34160,33233,433,33666,432
2020-10-26,Kings,031,150075,8756,8264,51,8315,82
2020-10-26,Lake,033,64148,739,697,0,697,15
2020-10-26,Lassen,035,31185,778,764,2,766,0
2020-10-26,Los Angeles,037,10098052,304818,297961,2881,300842,6979
2020-10-26,Madera,039,155013,5095,4922,43,4965,53
2020-10-26,Marin,041,260295,7165,7064,19,7083,104
2020-10-26,Mariposa,043,17540,80,77,0,77,2
2020-10-26,Mendocino,045,87422,1095,1026,4,1030,20
2020-10-26,Merced,047,269075,9638,9375,36,9411,150
2020-10-26,Modoc,049,8938,44,28,0,28,0
2020-10-26,Mono,051,14174,217,167,5,172,1
2020-10-26,Monterey,053,433212,11571,11207,66,11273,87
2020-10-26,Napa,055,140530,2090,1966,8,1974,14
2020-10-26,Nevada,057,99092,656,618,18,636,8
2020-10-26,Orange,059,3164182,61259,58377,1774,60151,1442
2020-10-26,Placer,061,380077,4480,4161,15,4176,57
2020-10-26,Plumas,063,18699,84,63,0,63,0
2020-10-26,Riverside,065,2383286,68294,66475,389,66864,1294
2020-10-26,Sacramento,067,1510023,26094,25555,30,25585,496
2020-10-26,San Benito,069,59416,1443,1424,1,1425,15
2020-10-26,San Bernardino,071,2135413,64779,61871,468,62339,1153
2020-10-26,San Diego,073,3302833,57331,54957,1588,56545,870
2020-10-26,San Francisco,075,870044,12420,12072,48,12120,138
2020-10-26,San Joaquin,077,732212,22109,21459,212,21671,495
2020-10-26,San Luis Obispo,079,281455,4453,4133,28,4161,31
2020-10-26,San Mateo,081,765935,11485,11037,11,11048,156
2020-10-26,Santa Barbara,083,443738,9983,9827,92,9919,122
2020-10-26,Santa Clara,085,1922200,25758,24258,50,24308,365
2020-10-26,Santa Cruz,087,273765,2933,2808,33,2841,24
2020-10-26,Shasta,089,179085,2303,1889,20,1909,29
2020-10-26,Sierra,091,2930,6,6,0,6,0
2020-10-26,Siskiyou,093,43540,210,179,10,189,0
2020-10-26,Solano,095,438530,7560,7271,39,7310,62
2020-10-26,Sonoma,097,501317,9754,9315,28,9343,140
2020-10-26,Stanislaus,099,539301,17879,17666,761,18427,400
2020-10-26,Sutter,101,95872,1886,1817,1,1818,12
2020-10-26,Tehama,103,63373,950,892,2,894,5
2020-10-26,Trinity,105,12862,89,26,10,36,0
2020-10-26,Tulare,107,460477,18092,17432,374,17806,296
2020-10-26,Tuolumne,109,53932,291,271,5,276,4
2020-10-26,Ventura,111,848112,15113,14330,325,14655,154
2020-10-26,Yolo,113,214977,3306,3206,10,3216,58
2020-10-26,Yuba,115,75493,1266,1226,4,1230,10
2020-10-25,Alameda,001,1643700,23827,23192,222,23414,398
2020-10-25,Alpine,003,1148,3,3,0,3,0
2020-10-25,Amador,005,37829,345,330,0,330,16
2020-10-25,Butte,007,227075,3211,3087,37,3124,56
2020-10-25,Calaveras,009,45235,339,274,0,274,13
2020-10-25,Colusa,011,21464,555,548,1,549,6
2020-10-25,Contra Costa,013,1133247,19176,18640,93,18733,245
2020-10-25,Del Norte,015,27424,176,171,0,171,2
2020-10-25,El Dorado,017,186661,1430,1328,12,1340,4
2020-10-25,Fresno,019,978130,33637,30858,477,31335,441
2020-10-25,Glenn,021,27897,685,652,1,653,3
2020-10-25,Humboldt,023,135768,568,554,1,555,7
2020-10-25,Imperial,025,180216,12969,12572,16,12588,333
2020-10-25,Inyo,027,18085,245,226,5,231,14
2020-10-25,Kern,029,883053,34053,33185,429,33614,432
2020-10-25,Kings,031,150075,8723,8246,49,8295,82
2020-10-25,Lake,033,64148,722,695,0,695,15
2020-10-25,Lassen,035,31185,776,764,2,766,0
2020-10-25,Los Angeles,037,10098052,303254,297110,2845,299955,6973
2020-10-25,Madera,039,155013,5065,4909,38,4947,53
2020-10-25,Marin,041,260295,7155,7052,19,7071,102
2020-10-25,Mariposa,043,17540,80,77,0,77,2
2020-10-25,Mendocino,045,87422,1088,1024,4,1028,20
2020-10-25,Merced,047,269075,9573,9352,34,9386,150
2020-10-25,Modoc,049,8938,39,28,0,28,0
2020-10-25,Mono,051,14174,209,167,5,172,1
2020-10-25,Monterey,053,433212,11488,11182,61,11243,87
2020-10-25,Napa,055,140530,2060,1962,8,1970,14
2020-10-25,Nevada,057,99092,648,616,18,634,8
2020-10-25,Orange,059,3164182,60971,58185,1765,59950,1443
2020-10-25,Placer,061,380077,4428,4140,15,4155,57
2020-10-25,Plumas,063,18699,84,63,0,63,0
2020-10-25,Riverside,065,2383286,67843,66192,373,66565,1289
2020-10-25,Sacramento,067,1510023,25879,25445,28,25473,496
2020-10-25,San Benito,069,59416,1436,1423,1,1424,15
2020-10-25,San Bernardino,071,2135413,64239,61551,456,62007,1153
2020-10-25,San Diego,073,3302833,56868,54599,1556,56155,870
2020-10-25,San Francisco,075,870044,12347,12072,48,12120,137
2020-10-25,San Joaquin,077,732212,22001,21459,204,21663,495
2020-10-25,San Luis Obispo,079,281455,4411,4126,26,4152,31
2020-10-25,San Mateo,081,765935,11440,10987,11,10998,156
2020-10-25,Santa Barbara,083,443738,9964,9814,92,9906,122
2020-10-25,Santa Clara,085,1922200,25570,24087,50,24137,365
2020-10-25,Santa Cruz,087,273765,2906,2789,33,2822,24
2020-10-25,Shasta,089,179085,2239,1889,20,1909,29
2020-10-25,Sierra,091,2930,6,6,0,6,0
2020-10-25,Siskiyou,093,43540,207,176,10,186,0
2020-10-25,Solano,095,438530,7482,7197,39,7236,60
2020-10-25,Sonoma,097,501317,9661,9235,27,9262,140
2020-10-25,Stanislaus,099,539301,17822,17641,752,18393,400
2020-10-25,Sutter,101,95872,1868,1811,1,1812,12
2020-10-25,Tehama,103,63373,933,880,2,882,5
2020-10-25,Trinity,105,12862,85,26,10,36,0
2020-10-25,Tulare,107,460477,18018,17431,364,17795,296
2020-10-25,Tuolumne,109,53932,286,271,5,276,4
2020-10-25,Ventura,111,848112,15020,14300,319,14619,154
2020-10-25,Yolo,113,214977,3285,3190,10,3200,58
2020-10-25,Yuba,115,75493,1258,1219,4,1223,10
2020-10-24,Alameda,001,1643700,23756,23099,219,23318,398
2020-10-24,Alpine,003,1148,3,3,0,3,0
2020-10-24,Amador,005,37829,344,328,0,328,16
2020-10-24,Butte,007,227075,3202,3078,37,3115,56
2020-10-24,Calaveras,009,45235,337,274,0,274,13
2020-10-24,Colusa,011,21464,550,548,1,549,6
2020-10-24,Contra Costa,013,1133247,19110,18567,93,18660,244
2020-10-24,Del Norte,015,27424,175,171,0,171,2
2020-10-24,El Dorado,017,186661,1414,1317,12,1329,4
2020-10-24,Fresno,019,978130,33576,30752,472,31224,441
2020-10-24,Glenn,021,27897,682,650,1,651,3
2020-10-24,Humboldt,023,135768,566,553,1,554,7
2020-10-24,Imperial,025,180216,12942,12469,16,12485,333
2020-10-24,Inyo,027,18085,245,226,5,231,14
2020-10-24,Kern,029,883053,33995,33105,424,33529,432
2020-10-24,Kings,031,150075,8713,8228,48,8276,82
2020-10-24,Lake,033,64148,717,696,0,696,15
2020-10-24,Lassen,035,31185,775,764,2,766,0
2020-10-24,Los Angeles,037,10098052,302436,296323,2823,299146,6969
2020-10-24,Madera,039,155013,5052,4898,37,4935,53
2020-10-24,Marin,041,260295,7146,7042,19,7061,102
2020-10-24,Mariposa,043,17540,80,77,0,77,2
2020-10-24,Mendocino,045,87422,1076,1022,4,1026,20
2020-10-24,Merced,047,269075,9549,9351,34,9385,150
2020-10-24,Modoc,049,8938,38,28,0,28,0
2020-10-24,Mono,051,14174,195,167,5,172,1
2020-10-24,Monterey,053,433212,11419,11153,60,11213,87
2020-10-24,Napa,055,140530,2043,1957,8,1965,14
2020-10-24,Nevada,057,99092,644,608,18,626,8
2020-10-24,Orange,059,3164182,60816,57928,1755,59683,1441
2020-10-24,Placer,061,380077,4397,4093,15,4108,57
2020-10-24,Plumas,063,18699,78,63,0,63,0
2020-10-24,Riverside,065,2383286,67635,65902,359,66261,1288
2020-10-24,Sacramento,067,1510023,25798,25372,28,25400,496
2020-10-24,San Benito,069,59416,1431,1417,1,1418,15
2020-10-24,San Bernardino,071,2135413,64000,61351,448,61799,1153
2020-10-24,San Diego,073,3302833,56591,54330,1543,55873,868
2020-10-24,San Francisco,075,870044,12289,12073,47,12120,137
2020-10-24,San Joaquin,077,732212,21948,21458,199,21657,495
2020-10-24,San Luis Obispo,079,281455,4388,4119,25,4144,31
2020-10-24,San Mateo,081,765935,11401,10942,11,10953,155
2020-10-24,Santa Barbara,083,443738,9947,9781,92,9873,122
2020-10-24,Santa Clara,085,1922200,25483,23978,50,24028,365
2020-10-24,Santa Cruz,087,273765,2887,2775,33,2808,24
2020-10-24,Shasta,089,179085,2194,1878,20,1898,29
2020-10-24,Sierra,091,2930,6,6,0,6,0
2020-10-24,Siskiyou,093,43540,206,174,10,184,0
2020-10-24,Solano,095,438530,7429,7189,39,7228,60
2020-10-24,Sonoma,097,501317,9627,9179,27,9206,140
2020-10-24,Stanislaus,099,539301,17779,17574,737,18311,400
2020-10-24,Sutter,101,95872,1859,1804,1,1805,12
2020-10-24,Tehama,103,63373,925,872,2,874,5
2020-10-24,Trinity,105,12862,85,25,10,35,0
2020-10-24,Tulare,107,460477,17995,17406,353,17759,295
2020-10-24,Tuolumne,109,53932,283,269,5,274,4
2020-10-24,Ventura,111,848112,14967,14240,318,14558,154
2020-10-24,Yolo,113,214977,3273,3164,10,3174,57
2020-10-24,Yuba,115,75493,1255,1210,4,1214,10
2020-10-23,Alameda,001,1643700,23683,23047,217,23264,393
2020-10-23,Alpine,003,1148,3,3,0,3,0
2020-10-23,Amador,005,37829,343,324,0,324,16
2020-10-23,Butte,007,227075,3193,3059,37,3096,55
2020-10-23,Calaveras,009,45235,336,273,0,273,13
2020-10-23,Colusa,011,21464,550,547,1,548,6
2020-10-23,Contra Costa,013,1133247,19040,18483,92,18575,244
2020-10-23,Del Norte,015,27424,175,171,0,171,2
2020-10-23,El Dorado,017,186661,1405,1310,12,1322,4
2020-10-23,Fresno,019,978130,33509,30590,469,31059,441
2020-10-23,Glenn,021,27897,679,644,1,645,3
2020-10-23,Humboldt,023,135768,564,553,1,554,7
2020-10-23,Imperial,025,180216,12911,12398,15,12413,333
2020-10-23,Inyo,027,18085,244,226,5,231,14
2020-10-23,Kern,029,883053,33927,33077,419,33496,431
2020-10-23,Kings,031,150075,8704,8218,48,8266,82
2020-10-23,Lake,033,64148,715,689,0,689,15
2020-10-23,Lassen,035,31185,774,764,2,766,0
2020-10-23,Los Angeles,037,10098052,301352,294287,2795,297082,6956
2020-10-23,Madera,039,155013,5047,4888,37,4925,53
2020-10-23,Marin,041,260295,7133,7029,19,7048,102
2020-10-23,Mariposa,043,17540,80,77,0,77,2
2020-10-23,Mendocino,045,87422,1073,1019,4,1023,20
2020-10-23,Merced,047,269075,9535,9327,34,9361,149
2020-10-23,Modoc,049,8938,38,28,0,28,0
2020-10-23,Mono,051,14174,194,159,5,164,1
2020-10-23,Monterey,053,433212,11372,11099,56,11155,86
2020-10-23,Napa,055,140530,2035,1942,8,1950,14
2020-10-23,Nevada,057,99092,641,604,18,622,8
2020-10-23,Orange,059,3164182,60646,57595,1740,59335,1430
2020-10-23,Placer,061,380077,4350,4073,15,4088,57
2020-10-23,Plumas,063,18699,75,63,0,63,0
2020-10-23,Riverside,065,2383286,67396,65512,351,65863,1279
2020-10-23,Sacramento,067,1510023,25693,25224,28,25252,496
2020-10-23,San Benito,069,59416,1429,1412,1,1413,15
2020-10-23,San Bernardino,071,2135413,63714,60854,434,61288,1150
2020-10-23,San Diego,073,3302833,56285,53944,1516,55460,867
2020-10-23,San Francisco,075,870044,12258,12015,47,12062,137
2020-10-23,San Joaquin,077,732212,21892,21361,193,21554,495
2020-10-23,San Luis Obispo,079,281455,4363,4102,25,4127,31
2020-10-23,San Mateo,081,765935,11352,10872,11,10883,155
2020-10-23,Santa Barbara,083,443738,9931,9751,92,9843,121
2020-10-23,Santa Clara,085,1922200,25381,23822,50,23872,364
2020-10-23,Santa Cruz,087,273765,2873,2757,33,2790,24
2020-10-23,Shasta,089,179085,2157,1846,19,1865,29
2020-10-23,Sierra,091,2930,6,6,0,6,0
2020-10-23,Siskiyou,093,43540,202,172,10,182,0
2020-10-23,Solano,095,438530,7398,7174,39,7213,59
2020-10-23,Sonoma,097,501317,9570,9112,27,9139,139
2020-10-23,Stanislaus,099,539301,17742,17496,730,18226,395
2020-10-23,Sutter,101,95872,1852,1797,1,1798,12
2020-10-23,Tehama,103,63373,916,862,2,864,5
2020-10-23,Trinity,105,12862,85,26,10,36,0
2020-10-23,Tulare,107,460477,17950,17334,342,17676,295
2020-10-23,Tuolumne,109,53932,280,254,5,259,4
2020-10-23,Ventura,111,848112,14938,14192,318,14510,155
2020-10-23,Yolo,113,214977,3261,3140,10,3150,57
2020-10-23,Yuba,115,75493,1251,1206,4,1210,10
2020-10-22,Alameda,001,1643700,23582,22915,217,23132,393
2020-10-22,Alpine,003,1148,3,3,0,3,0
2020-10-22,Amador,005,37829,339,317,0,317,16
2020-10-22,Butte,007,227075,3183,3046,35,3081,55
2020-10-22,Calaveras,009,45235,333,273,0,273,13
2020-10-22,Colusa,011,21464,550,547,1,548,6
2020-10-22,Contra Costa,013,1133247,18969,18393,92,18485,243
2020-10-22,Del Norte,015,27424,174,168,0,168,2
2020-10-22,El Dorado,017,186661,1395,1308,12,1320,4
2020-10-22,Fresno,019,978130,33399,30471,461,30932,438
2020-10-22,Glenn,021,27897,672,643,1,644,3
2020-10-22,Humboldt,023,135768,562,548,1,549,7
2020-10-22,Imperial,025,180216,12858,12311,15,12326,333
2020-10-22,Inyo,027,18085,241,220,5,225,14
2020-10-22,Kern,029,883053,33846,32991,416,33407,431
2020-10-22,Kings,031,150075,8453,8201,48,8249,82
2020-10-22,Lake,033,64148,711,678,0,678,15
2020-10-22,Lassen,035,31185,771,764,2,766,0
2020-10-22,Los Angeles,037,10098052,299973,291599,2739,294338,6935
2020-10-22,Madera,039,155013,5026,4847,37,4884,52
2020-10-22,Marin,041,260295,7126,7014,19,7033,102
2020-10-22,Mariposa,043,17540,80,77,0,77,2
2020-10-22,Mendocino,045,87422,1068,1016,4,1020,20
2020-10-22,Merced,047,269075,9507,9323,34,9357,149
2020-10-22,Modoc,049,8938,34,26,0,26,0
2020-10-22,Mono,051,14174,189,156,5,161,1
2020-10-22,Monterey,053,433212,11313,11059,53,11112,84
2020-10-22,Napa,055,140530,2020,1928,8,1936,14
2020-10-22,Nevada,057,99092,635,600,18,618,8
2020-10-22,Orange,059,3164182,60431,57418,1723,59141,1422
2020-10-22,Placer,061,380077,4301,4036,15,4051,57
2020-10-22,Plumas,063,18699,72,62,0,62,0
2020-10-22,Riverside,065,2383286,67061,65104,333,65437,1279
2020-10-22,Sacramento,067,1510023,25553,25054,28,25082,492
2020-10-22,San Benito,069,59416,1425,1403,1,1404,15
2020-10-22,San Bernardino,071,2135413,63312,60402,419,60821,1149
2020-10-22,San Diego,073,3302833,55898,53514,1497,55011,866
2020-10-22,San Francisco,075,870044,12200,11991,45,12036,137
2020-10-22,San Joaquin,077,732212,21819,21282,187,21469,495
2020-10-22,San Luis Obispo,079,281455,4347,4081,25,4106,31
2020-10-22,San Mateo,081,765935,11296,10796,11,10807,155
2020-10-22,Santa Barbara,083,443738,9898,9710,90,9800,120
2020-10-22,Santa Clara,085,1922200,25227,23621,50,23671,363
2020-10-22,Santa Cruz,087,273765,2855,2738,32,2770,24
2020-10-22,Shasta,089,179085,2111,1799,19,1818,29
2020-10-22,Sierra,091,2930,6,6,0,6,0
2020-10-22,Siskiyou,093,43540,201,169,10,179,0
2020-10-22,Solano,095,438530,7352,7116,39,7155,59
2020-10-22,Sonoma,097,501317,9504,9052,26,9078,139
2020-10-22,Stanislaus,099,539301,17689,17440,718,18158,395
2020-10-22,Sutter,101,95872,1838,1794,1,1795,12
2020-10-22,Tehama,103,63373,905,852,2,854,5
2020-10-22,Trinity,105,12862,84,26,10,36,0
2020-10-22,Tulare,107,460477,17884,17265,329,17594,293
2020-10-22,Tuolumne,109,53932,277,252,5,257,4
2020-10-22,Ventura,111,848112,14891,14124,316,14440,154
2020-10-22,Yolo,113,214977,3249,3116,10,3126,58
2020-10-22,Yuba,115,75493,1244,1199,3,1202,10
2020-10-21,Alameda,001,1643700,23494,22853,215,23068,392
2020-10-21,Alpine,003,1148,3,3,0,3,0
2020-10-21,Amador,005,37829,334,313,0,313,16
2020-10-21,Butte,007,227075,3171,3041,35,3076,55
2020-10-21,Calaveras,009,45235,332,272,0,272,13
2020-10-21,Colusa,011,21464,550,546,1,547,6
2020-10-21,Contra Costa,013,1133247,18895,18299,92,18391,243
2020-10-21,Del Norte,015,27424,174,169,0,169,2
2020-10-21,El Dorado,017,186661,1383,1305,11,1316,4
2020-10-21,Fresno,019,978130,33304,30328,456,30784,433
2020-10-21,Glenn,021,27897,667,640,1,641,3
2020-10-21,Humboldt,023,135768,561,548,1,549,7
2020-10-21,Imperial,025,180216,12801,12210,15,12225,331
2020-10-21,Inyo,027,18085,237,220,5,225,14
2020-10-21,Kern,029,883053,33771,32956,414,33370,430
2020-10-21,Kings,031,150075,8426,8186,48,8234,80
2020-10-21,Lake,033,64148,710,676,0,676,15
2020-10-21,Lassen,035,31185,770,764,2,766,0
2020-10-21,Los Angeles,037,10098052,298632,288096,2697,290793,6923
2020-10-21,Madera,039,155013,5001,4831,37,4868,52
2020-10-21,Marin,041,260295,7117,7002,19,7021,102
2020-10-21,Mariposa,043,17540,80,77,0,77,2
2020-10-21,Mendocino,045,87422,1066,1011,4,1015,21
2020-10-21,Merced,047,269075,9483,9319,32,9351,149
2020-10-21,Modoc,049,8938,33,26,0,26,0
2020-10-21,Mono,051,14174,187,156,5,161,1
2020-10-21,Monterey,053,433212,11275,11005,52,11057,83
2020-10-21,Napa,055,140530,2005,1918,8,1926,13
2020-10-21,Nevada,057,99092,629,597,18,615,8
2020-10-21,Orange,059,3164182,60219,57189,1714,58903,1409
2020-10-21,Placer,061,380077,4264,4007,15,4022,56
2020-10-21,Plumas,063,18699,69,58,0,58,0
2020-10-21,Riverside,065,2383286,66765,64778,309,65087,1278
2020-10-21,Sacramento,067,1510023,25359,24908,28,24936,490
2020-10-21,San Benito,069,59416,1424,1401,1,1402,14
2020-10-21,San Bernardino,071,2135413,62902,59948,412,60360,1141
2020-10-21,San Diego,073,3302833,55546,53279,1469,54748,863
2020-10-21,San Francisco,075,870044,12151,11976,44,12020,137
2020-10-21,San Joaquin,077,732212,21743,21201,181,21382,495
2020-10-21,San Luis Obispo,079,281455,4320,4055,23,4078,31
2020-10-21,San Mateo,081,765935,11247,10730,11,10741,155
2020-10-21,Santa Barbara,083,443738,9881,9681,89,9770,121
2020-10-21,Santa Clara,085,1922200,25100,23537,50,23587,361
2020-10-21,Santa Cruz,087,273765,2832,2729,32,2761,24
2020-10-21,Shasta,089,179085,2075,1777,19,1796,27
2020-10-21,Sierra,091,2930,6,6,0,6,0
2020-10-21,Siskiyou,093,43540,197,169,10,179,0
2020-10-21,Solano,095,438530,7306,7088,39,7127,59
2020-10-21,Sonoma,097,501317,9424,8987,26,9013,138
2020-10-21,Stanislaus,099,539301,17640,17419,710,18129,392
2020-10-21,Sutter,101,95872,1824,1786,1,1787,12
2020-10-21,Tehama,103,63373,889,824,2,826,5
2020-10-21,Trinity,105,12862,78,25,9,34,0
2020-10-21,Tulare,107,460477,17846,17204,315,17519,292
2020-10-21,Tuolumne,109,53932,276,251,5,256,4
2020-10-21,Ventura,111,848112,14828,14050,313,14363,153
2020-10-21,Yolo,113,214977,3230,3095,10,3105,58
2020-10-21,Yuba,115,75493,1236,1194,3,1197,10
2020-10-20,Alameda,001,1643700,23391,22750,211,22961,391
2020-10-20,Alpine,003,1148,3,3,0,3,0
2020-10-20,Amador,005,37829,333,313,0,313,16
2020-10-20,Butte,007,227075,3159,3027,35,3062,56
2020-10-20,Calaveras,009,45235,330,273,0,273,13
2020-10-20,Colusa,011,21464,547,546,1,547,6
2020-10-20,Contra Costa,013,1133247,18802,18246,92,18338,241
2020-10-20,Del Norte,015,27424,173,169,0,169,2
2020-10-20,El Dorado,017,186661,1377,1295,11,1306,4
2020-10-20,Fresno,019,978130,33201,30220,450,30670,431
2020-10-20,Glenn,021,27897,662,638,1,639,3
2020-10-20,Humboldt,023,135768,557,545,1,546,7
2020-10-20,Imperial,025,180216,12733,12114,15,12129,330
2020-10-20,Inyo,027,18085,237,218,5,223,14
2020-10-20,Kern,029,883053,33696,32889,401,33290,429
2020-10-20,Kings,031,150075,8408,8178,47,8225,80
2020-10-20,Lake,033,64148,708,675,0,675,15
2020-10-20,Lassen,035,31185,769,757,2,759,0
2020-10-20,Los Angeles,037,10098052,297138,287727,2648,290375,6891
2020-10-20,Madera,039,155013,4984,4823,37,4860,52
2020-10-20,Marin,041,260295,7102,6994,19,7013,101
2020-10-20,Mariposa,043,17540,79,77,0,77,2
2020-10-20,Mendocino,045,87422,1064,1004,4,1008,21
2020-10-20,Merced,047,269075,9461,9323,32,9355,149
2020-10-20,Modoc,049,8938,32,26,0,26,0
2020-10-20,Mono,051,14174,187,156,5,161,1
2020-10-20,Monterey,053,433212,11232,10942,49,10991,81
2020-10-20,Napa,055,140530,1986,1912,8,1920,13
2020-10-20,Nevada,057,99092,619,596,18,614,8
2020-10-20,Orange,059,3164182,59955,56914,1704,58618,1397
2020-10-20,Placer,061,380077,4226,3997,15,4012,56
2020-10-20,Plumas,063,18699,66,53,0,53,0
2020-10-20,Riverside,065,2383286,66386,64452,297,64749,1275
2020-10-20,Sacramento,067,1510023,25231,24767,27,24794,485
2020-10-20,San Benito,069,59416,1421,1398,1,1399,14
2020-10-20,San Bernardino,071,2135413,62518,59571,410,59981,1109
2020-10-20,San Diego,073,3302833,55210,53004,1449,54453,857
2020-10-20,San Francisco,075,870044,12104,12013,43,12056,126
2020-10-20,San Joaquin,077,732212,21664,21173,172,21345,490
2020-10-20,San Luis Obispo,079,281455,4302,4043,22,4065,31
2020-10-20,San Mateo,081,765935,11200,10659,11,10670,155
2020-10-20,Santa Barbara,083,443738,9852,9664,87,9751,121
2020-10-20,Santa Clara,085,1922200,24962,23406,50,23456,358
2020-10-20,Santa Cruz,087,273765,2809,2710,32,2742,23
2020-10-20,Shasta,089,179085,2052,1747,19,1766,20
2020-10-20,Sierra,091,2930,6,6,0,6,0
2020-10-20,Siskiyou,093,43540,189,168,10,178,0
2020-10-20,Solano,095,438530,7257,7044,39,7083,57
2020-10-20,Sonoma,097,501317,9361,8904,24,8928,135
2020-10-20,Stanislaus,099,539301,17586,17367,706,18073,393
2020-10-20,Sutter,101,95872,1815,1783,1,1784,12
2020-10-20,Tehama,103,63373,874,813,2,815,5
2020-10-20,Trinity,105,12862,77,25,9,34,0
2020-10-20,Tulare,107,460477,17779,17156,310,17466,289
2020-10-20,Tuolumne,109,53932,274,250,5,255,4
2020-10-20,Ventura,111,848112,14764,13980,311,14291,152
2020-10-20,Yolo,113,214977,3207,3083,10,3093,56
2020-10-20,Yuba,115,75493,1226,1191,3,1194,10
2020-10-19,Alameda,001,1643700,23281,22647,210,22857,392
2020-10-19,Alpine,003,1148,3,3,0,3,0
2020-10-19,Amador,005,37829,327,313,0,313,16
2020-10-19,Butte,007,227075,3148,3026,35,3061,55
2020-10-19,Calaveras,009,45235,329,268,0,268,13
2020-10-19,Colusa,011,21464,547,544,1,545,6
2020-10-19,Contra Costa,013,1133247,18703,18173,92,18265,239
2020-10-19,Del Norte,015,27424,170,167,0,167,2
2020-10-19,El Dorado,017,186661,1356,1287,11,1298,4
2020-10-19,Fresno,019,978130,33091,30152,444,30596,431
2020-10-19,Glenn,021,27897,657,635,0,635,3
2020-10-19,Humboldt,023,135768,557,543,1,544,7
2020-10-19,Imperial,025,180216,12679,12036,14,12050,330
2020-10-19,Inyo,027,18085,236,218,5,223,14
2020-10-19,Kern,029,883053,33620,32840,398,33238,428
2020-10-19,Kings,031,150075,8390,8173,47,8220,80
2020-10-19,Lake,033,64148,705,673,0,673,15
2020-10-19,Lassen,035,31185,768,757,2,759,0
2020-10-19,Los Angeles,037,10098052,295654,287119,2610,289729,6858
2020-10-19,Madera,039,155013,4969,4787,37,4824,52
2020-10-19,Marin,041,260295,7084,6981,19,7000,100
2020-10-19,Mariposa,043,17540,79,77,0,77,2
2020-10-19,Mendocino,045,87422,1059,1001,4,1005,21
2020-10-19,Merced,047,269075,9436,9305,29,9334,148
2020-10-19,Modoc,049,8938,31,26,0,26,0
2020-10-19,Mono,051,14174,182,156,5,161,1
2020-10-19,Monterey,053,433212,11171,10907,49,10956,80
2020-10-19,Napa,055,140530,1974,1892,8,1900,12
2020-10-19,Nevada,057,99092,616,590,18,608,8
2020-10-19,Orange,059,3164182,59672,56652,1689,58341,1396
2020-10-19,Placer,061,380077,4178,3962,15,3977,49
2020-10-19,Plumas,063,18699,64,52,0,52,0
2020-10-19,Riverside,065,2383286,65955,64016,281,64297,1272
2020-10-19,Sacramento,067,1510023,25092,24542,27,24569,483
2020-10-19,San Benito,069,59416,1414,1395,1,1396,14
2020-10-19,San Bernardino,071,2135413,62066,59265,398,59663,1100
2020-10-19,San Diego,073,3302833,54824,52739,1424,54163,853
2020-10-19,San Francisco,075,870044,12060,11879,43,11922,126
2020-10-19,San Joaquin,077,732212,21589,20930,164,21094,489
2020-10-19,San Luis Obispo,079,281455,4286,4016,22,4038,31
2020-10-19,San Mateo,081,765935,11154,10568,11,10579,154
2020-10-19,Santa Barbara,083,443738,9816,9632,87,9719,121
2020-10-19,Santa Clara,085,1922200,24812,23301,50,23351,352
2020-10-19,Santa Cruz,087,273765,2792,2705,32,2737,19
2020-10-19,Shasta,089,179085,2008,1709,18,1727,20
2020-10-19,Sierra,091,2930,6,6,0,6,0
2020-10-19,Siskiyou,093,43540,182,167,10,177,0
2020-10-19,Solano,095,438530,7216,7003,39,7042,57
2020-10-19,Sonoma,097,501317,9274,8830,24,8854,135
2020-10-19,Stanislaus,099,539301,17535,17342,696,18038,390
2020-10-19,Sutter,101,95872,1810,1773,1,1774,12
2020-10-19,Tehama,103,63373,871,793,2,795,5
2020-10-19,Trinity,105,12862,75,23,9,32,0
2020-10-19,Tulare,107,460477,17729,17047,303,17350,291
2020-10-19,Tuolumne,109,53932,272,247,5,252,4
2020-10-19,Ventura,111,848112,14699,13930,308,14238,152
2020-10-19,Yolo,113,214977,3194,3069,10,3079,56
2020-10-19,Yuba,115,75493,1219,1183,3,1186,10
2020-10-18,Alameda,001,1643700,23177,22546,209,22755,392
2020-10-18,Alpine,003,1148,3,3,0,3,0
2020-10-18,Amador,005,37829,316,313,0,313,16
2020-10-18,Butte,007,227075,3135,3019,35,3054,55
2020-10-18,Calaveras,009,45235,328,267,0,267,13
2020-10-18,Colusa,011,21464,545,544,1,545,6
2020-10-18,Contra Costa,013,1133247,18605,18120,92,18212,237
2020-10-18,Del Norte,015,27424,170,167,0,167,2
2020-10-18,El Dorado,017,186661,1347,1283,11,1294,4
2020-10-18,Fresno,019,978130,32961,30051,436,30487,430
2020-10-18,Glenn,021,27897,655,634,0,634,3
2020-10-18,Humboldt,023,135768,554,540,1,541,7
2020-10-18,Imperial,025,180216,12616,11987,13,12000,330
2020-10-18,Inyo,027,18085,233,215,5,220,14
2020-10-18,Kern,029,883053,33547,32799,391,33190,428
2020-10-18,Kings,031,150075,8375,8159,47,8206,80
2020-10-18,Lake,033,64148,698,670,0,670,15
2020-10-18,Lassen,035,31185,768,757,2,759,0
2020-10-18,Los Angeles,037,10098052,293945,286187,2568,288755,6857
2020-10-18,Madera,039,155013,4944,4770,37,4807,52
2020-10-18,Marin,041,260295,7063,6969,19,6988,99
2020-10-18,Mariposa,043,17540,79,77,0,77,2
2020-10-18,Mendocino,045,87422,1057,988,4,992,21
2020-10-18,Merced,047,269075,9401,9292,29,9321,148
2020-10-18,Modoc,049,8938,30,26,0,26,0
2020-10-18,Mono,051,14174,177,155,5,160,1
2020-10-18,Monterey,053,433212,11118,10872,49,10921,80
2020-10-18,Napa,055,140530,1961,1882,8,1890,12
2020-10-18,Nevada,057,99092,610,582,18,600,8
2020-10-18,Orange,059,3164182,59375,56394,1672,58066,1396
2020-10-18,Placer,061,380077,4130,3938,15,3953,49
2020-10-18,Plumas,063,18699,62,52,0,52,0
2020-10-18,Riverside,065,2383286,65642,63765,260,64025,1270
2020-10-18,Sacramento,067,1510023,24937,24425,27,24452,482
2020-10-18,San Benito,069,59416,1407,1395,1,1396,14
2020-10-18,San Bernardino,071,2135413,61567,58893,390,59283,1098
2020-10-18,San Diego,073,3302833,54435,52359,1403,53762,853
2020-10-18,San Francisco,075,870044,12021,11878,43,11921,126
2020-10-18,San Joaquin,077,732212,21506,20931,151,21082,489
2020-10-18,San Luis Obispo,079,281455,4255,4009,20,4029,31
2020-10-18,San Mateo,081,765935,11095,10503,11,10514,154
2020-10-18,Santa Barbara,083,443738,9776,9608,86,9694,121
2020-10-18,Santa Clara,085,1922200,24639,23169,50,23219,352
2020-10-18,Santa Cruz,087,273765,2778,2692,32,2724,19
2020-10-18,Shasta,089,179085,1983,1708,18,1726,20
2020-10-18,Sierra,091,2930,6,6,0,6,0
2020-10-18,Siskiyou,093,43540,182,167,10,177,0
2020-10-18,Solano,095,438530,7169,6962,39,7001,57
2020-10-18,Sonoma,097,501317,9197,8781,23,8804,134
2020-10-18,Stanislaus,099,539301,17478,17290,687,17977,390
2020-10-18,Sutter,101,95872,1801,1764,1,1765,12
2020-10-18,Tehama,103,63373,839,774,2,776,5
2020-10-18,Trinity,105,12862,75,20,9,29,0
2020-10-18,Tulare,107,460477,17635,17048,294,17342,290
2020-10-18,Tuolumne,109,53932,266,245,5,250,4
2020-10-18,Ventura,111,848112,14619,13901,307,14208,151
2020-10-18,Yolo,113,214977,3155,3059,10,3069,55
2020-10-18,Yuba,115,75493,1208,1176,3,1179,10
2020-10-17,Alameda,001,1643700,23132,22394,207,22601,398
2020-10-17,Alpine,003,1148,3,3,0,3,0
2020-10-17,Amador,005,37829,314,309,0,309,16
2020-10-17,Butte,007,227075,3128,3012,33,3045,55
2020-10-17,Calaveras,009,45235,328,267,0,267,13
2020-10-17,Colusa,011,21464,544,544,1,545,6
2020-10-17,Contra Costa,013,1133247,18552,18005,92,18097,237
2020-10-17,Del Norte,015,27424,170,167,0,167,2
2020-10-17,El Dorado,017,186661,1343,1277,11,1288,4
2020-10-17,Fresno,019,978130,32907,29911,434,30345,430
2020-10-17,Glenn,021,27897,652,633,0,633,3
2020-10-17,Humboldt,023,135768,551,535,1,536,7
2020-10-17,Imperial,025,180216,12588,11962,13,11975,330
2020-10-17,Inyo,027,18085,228,212,5,217,14
2020-10-17,Kern,029,883053,33496,32710,388,33098,428
2020-10-17,Kings,031,150075,8369,8151,46,8197,80
2020-10-17,Lake,033,64148,695,663,0,663,15
2020-10-17,Lassen,035,31185,768,757,2,759,0
2020-10-17,Los Angeles,037,10098052,293191,285858,2541,288399,6844
2020-10-17,Madera,039,155013,4938,4759,37,4796,53
2020-10-17,Marin,041,260295,7060,6958,19,6977,99
2020-10-17,Mariposa,043,17540,78,77,0,77,2
2020-10-17,Mendocino,045,87422,1050,977,4,981,21
2020-10-17,Merced,047,269075,9388,9275,29,9304,148
2020-10-17,Modoc,049,8938,30,26,0,26,0
2020-10-17,Mono,051,14174,176,155,5,160,1
2020-10-17,Monterey,053,433212,11079,10807,48,10855,80
2020-10-17,Napa,055,140530,1952,1866,8,1874,12
2020-10-17,Nevada,057,99092,609,580,18,598,8
2020-10-17,Orange,059,3164182,59233,56197,1666,57863,1396
2020-10-17,Placer,061,380077,4103,3898,15,3913,49
2020-10-17,Plumas,063,18699,62,52,0,52,0
2020-10-17,Riverside,065,2383286,65445,63171,251,63422,1270
2020-10-17,Sacramento,067,1510023,24854,24304,27,24331,482
2020-10-17,San Benito,069,59416,1403,1389,1,1390,14
2020-10-17,San Bernardino,071,2135413,61294,58415,383,58798,1097
2020-10-17,San Diego,073,3302833,54210,51986,1392,53378,853
2020-10-17,San Francisco,075,870044,11994,11877,42,11919,126
2020-10-17,San Joaquin,077,732212,21452,20932,145,21077,489
2020-10-17,San Luis Obispo,079,281455,4240,3979,20,3999,31
2020-10-17,San Mateo,081,765935,11067,10423,11,10434,153
2020-10-17,Santa Barbara,083,443738,9757,9588,84,9672,121
2020-10-17,Santa Clara,085,1922200,24549,22997,50,23047,349
2020-10-17,Santa Cruz,087,273765,2764,2680,32,2712,19
2020-10-17,Shasta,089,179085,1957,1679,18,1697,20
2020-10-17,Sierra,091,2930,6,6,0,6,0
2020-10-17,Siskiyou,093,43540,181,167,10,177,0
2020-10-17,Solano,095,438530,7142,6929,39,6968,57
2020-10-17,Sonoma,097,501317,9154,8725,23,8748,134
2020-10-17,Stanislaus,099,539301,17437,17232,678,17910,390
2020-10-17,Sutter,101,95872,1799,1762,1,1763,12
2020-10-17,Tehama,103,63373,823,764,2,766,5
2020-10-17,Trinity,105,12862,75,20,9,29,0
2020-10-17,Tulare,107,460477,17605,16995,285,17280,290
2020-10-17,Tuolumne,109,53932,266,241,5,246,4
2020-10-17,Ventura,111,848112,14574,13845,304,14149,151
2020-10-17,Yolo,113,214977,3140,3045,9,3054,55
2020-10-17,Yuba,115,75493,1203,1164,3,1167,10
2020-10-16,Alameda,001,1643700,23078,22315,207,22522,397
2020-10-16,Alpine,003,1148,3,3,0,3,0
2020-10-16,Amador,005,37829,314,309,0,309,16
2020-10-16,Butte,007,227075,3116,3004,33,3037,54
2020-10-16,Calaveras,009,45235,328,267,0,267,13
2020-10-16,Colusa,011,21464,543,544,1,545,6
2020-10-16,Contra Costa,013,1133247,18500,17956,92,18048,237
2020-10-16,Del Norte,015,27424,169,166,0,166,2
2020-10-16,El Dorado,017,186661,1337,1273,11,1284,4
2020-10-16,Fresno,019,978130,32832,29796,433,30229,427
2020-10-16,Glenn,021,27897,647,632,0,632,3
2020-10-16,Humboldt,023,135768,551,533,1,534,7
2020-10-16,Imperial,025,180216,12548,11885,13,11898,330
2020-10-16,Inyo,027,18085,224,212,5,217,14
2020-10-16,Kern,029,883053,33453,32660,386,33046,428
2020-10-16,Kings,031,150075,8360,8146,45,8191,80
2020-10-16,Lake,033,64148,693,644,0,644,14
2020-10-16,Lassen,035,31185,768,757,2,759,0
2020-10-16,Los Angeles,037,10098052,292127,284988,2520,287508,6835
2020-10-16,Madera,039,155013,4926,4736,36,4772,53
2020-10-16,Marin,041,260295,7050,6933,19,6952,99
2020-10-16,Mariposa,043,17540,78,76,0,76,2
2020-10-16,Mendocino,045,87422,1043,974,4,978,21
2020-10-16,Merced,047,269075,9371,9246,29,9275,148
2020-10-16,Modoc,049,8938,30,26,0,26,0
2020-10-16,Mono,051,14174,174,155,5,160,1
2020-10-16,Monterey,053,433212,11044,10727,48,10775,79
2020-10-16,Napa,055,140530,1943,1855,8,1863,12
2020-10-16,Nevada,057,99092,607,579,18,597,8
2020-10-16,Orange,059,3164182,59055,56091,1660,57751,1388
2020-10-16,Placer,061,380077,4082,3864,15,3879,49
2020-10-16,Plumas,063,18699,61,52,0,52,0
2020-10-16,Riverside,065,2383286,65219,62986,250,63236,1267
2020-10-16,Sacramento,067,1510023,24759,24144,27,24171,479
2020-10-16,San Benito,069,59416,1400,1388,1,1389,14
2020-10-16,San Bernardino,071,2135413,61024,58233,383,58616,1069
2020-10-16,San Diego,073,3302833,53968,51785,1378,53163,850
2020-10-16,San Francisco,075,870044,11972,11840,41,11881,126
2020-10-16,San Joaquin,077,732212,21407,20910,144,21054,489
2020-10-16,San Luis Obispo,079,281455,4224,3952,20,3972,32
2020-10-16,San Mateo,081,765935,11041,10405,11,10416,153
2020-10-16,Santa Barbara,083,443738,9738,9549,84,9633,119
2020-10-16,Santa Clara,085,1922200,24461,22920,50,22970,345
2020-10-16,Santa Cruz,087,273765,2751,2666,32,2698,20
2020-10-16,Shasta,089,179085,1935,1660,18,1678,20
2020-10-16,Sierra,091,2930,6,6,0,6,0
2020-10-16,Siskiyou,093,43540,179,167,10,177,0
2020-10-16,Solano,095,438530,7119,6879,39,6918,55
2020-10-16,Sonoma,097,501317,9098,8652,23,8675,133
2020-10-16,Stanislaus,099,539301,17403,17201,670,17871,366
2020-10-16,Sutter,101,95872,1791,1756,1,1757,12
2020-10-16,Tehama,103,63373,822,737,2,739,3
2020-10-16,Trinity,105,12862,75,20,9,29,0
2020-10-16,Tulare,107,460477,17573,16965,277,17242,290
2020-10-16,Tuolumne,109,53932,264,237,5,242,4
2020-10-16,Ventura,111,848112,14531,13805,299,14104,152
2020-10-16,Yolo,113,214977,3131,3030,9,3039,55
2020-10-16,Yuba,115,75493,1203,1155,3,1158,10
2020-10-15,Alameda,001,1643700,23010,22267,206,22473,390
2020-10-15,Alpine,003,1148,3,3,0,3,0
2020-10-15,Amador,005,37829,314,309,0,309,16
2020-10-15,Butte,007,227075,3104,3000,32,3032,54
2020-10-15,Calaveras,009,45235,327,267,0,267,13
2020-10-15,Colusa,011,21464,542,543,1,544,6
2020-10-15,Contra Costa,013,1133247,18432,17893,91,17984,237
2020-10-15,Del Norte,015,27424,169,164,0,164,2
2020-10-15,El Dorado,017,186661,1332,1265,11,1276,4
2020-10-15,Fresno,019,978130,32734,29727,430,30157,425
2020-10-15,Glenn,021,27897,642,632,0,632,3
2020-10-15,Humboldt,023,135768,547,531,1,532,7
2020-10-15,Imperial,025,180216,12507,11820,12,11832,330
2020-10-15,Inyo,027,18085,224,210,5,215,14
2020-10-15,Kern,029,883053,33372,32593,383,32976,427
2020-10-15,Kings,031,150075,8345,8134,45,8179,80
2020-10-15,Lake,033,64148,691,642,0,642,14
2020-10-15,Lassen,035,31185,767,752,2,754,0
2020-10-15,Los Angeles,037,10098052,290842,284019,2487,286506,6807
2020-10-15,Madera,039,155013,4913,4723,35,4758,50
2020-10-15,Marin,041,260295,7042,6912,19,6931,99
2020-10-15,Mariposa,043,17540,78,76,0,76,2
2020-10-15,Mendocino,045,87422,1037,963,4,967,21
2020-10-15,Merced,047,269075,9344,9213,29,9242,147
2020-10-15,Modoc,049,8938,30,26,0,26,0
2020-10-15,Mono,051,14174,174,155,5,160,1
2020-10-15,Monterey,053,433212,10977,10677,47,10724,79
2020-10-15,Napa,055,140530,1930,1842,8,1850,12
2020-10-15,Nevada,057,99092,603,575,18,593,8
2020-10-15,Orange,059,3164182,58839,55952,1648,57600,1379
2020-10-15,Placer,061,380077,4053,3848,15,3863,48
2020-10-15,Plumas,063,18699,58,52,0,52,0
2020-10-15,Riverside,065,2383286,64886,62819,247,63066,1266
2020-10-15,Sacramento,067,1510023,24643,24068,27,24095,474
2020-10-15,San Benito,069,59416,1397,1384,1,1385,14
2020-10-15,San Bernardino,071,2135413,60685,58068,380,58448,1067
2020-10-15,San Diego,073,3302833,53684,51472,1362,52834,847
2020-10-15,San Francisco,075,870044,11944,11808,38,11846,126
2020-10-15,San Joaquin,077,732212,21336,20880,138,21018,487
2020-10-15,San Luis Obispo,079,281455,4208,3934,20,3954,32
2020-10-15,San Mateo,081,765935,11001,10340,11,10351,152
2020-10-15,Santa Barbara,083,443738,9714,9526,83,9609,117
2020-10-15,Santa Clara,085,1922200,24345,22808,50,22858,343
2020-10-15,Santa Cruz,087,273765,2737,2656,32,2688,13
2020-10-15,Shasta,089,179085,1924,1635,18,1653,20
2020-10-15,Sierra,091,2930,6,6,0,6,0
2020-10-15,Siskiyou,093,43540,175,166,10,176,0
2020-10-15,Solano,095,438530,7080,6830,39,6869,55
2020-10-15,Sonoma,097,501317,9006,8571,23,8594,133
2020-10-15,Stanislaus,099,539301,17365,17151,656,17807,366
2020-10-15,Sutter,101,95872,1788,1752,1,1753,12
2020-10-15,Tehama,103,63373,795,726,2,728,3
2020-10-15,Trinity,105,12862,75,20,9,29,0
2020-10-15,Tulare,107,460477,17513,16918,262,17180,289
2020-10-15,Tuolumne,109,53932,262,236,5,241,4
2020-10-15,Ventura,111,848112,14475,13750,294,14044,152
2020-10-15,Yolo,113,214977,3111,3014,9,3023,55
2020-10-15,Yuba,115,75493,1196,1151,3,1154,10
2020-10-14,Alameda,001,1643700,22911,22227,205,22432,398
2020-10-14,Alpine,003,1148,3,3,0,3,0
2020-10-14,Amador,005,37829,312,308,0,308,16
2020-10-14,Butte,007,227075,3096,2995,32,3027,54
2020-10-14,Calaveras,009,45235,327,266,0,266,12
2020-10-14,Colusa,011,21464,542,543,1,544,6
2020-10-14,Contra Costa,013,1133247,18374,17820,89,17909,236
2020-10-14,Del Norte,015,27424,168,163,0,163,2
2020-10-14,El Dorado,017,186661,1326,1264,10,1274,4
2020-10-14,Fresno,019,978130,32619,29650,424,30074,424
2020-10-14,Glenn,021,27897,641,629,0,629,3
2020-10-14,Humboldt,023,135768,544,531,1,532,7
2020-10-14,Imperial,025,180216,12470,11765,10,11775,330
2020-10-14,Inyo,027,18085,223,209,4,213,14
2020-10-14,Kern,029,883053,33297,32528,381,32909,425
2020-10-14,Kings,031,150075,8327,8118,45,8163,80
2020-10-14,Lake,033,64148,690,642,0,642,14
2020-10-14,Lassen,035,31185,765,752,2,754,0
2020-10-14,Los Angeles,037,10098052,289527,282918,2444,285362,6786
2020-10-14,Madera,039,155013,4898,4713,33,4746,50
2020-10-14,Marin,041,260295,7036,6907,19,6926,99
2020-10-14,Mariposa,043,17540,77,76,0,76,2
2020-10-14,Mendocino,045,87422,1031,955,4,959,21
2020-10-14,Merced,047,269075,9319,9201,27,9228,147
2020-10-14,Modoc,049,8938,30,27,0,27,0
2020-10-14,Mono,051,14174,174,155,5,160,1
2020-10-14,Monterey,053,433212,10927,10616,47,10663,78
2020-10-14,Napa,055,140530,1913,1837,8,1845,12
2020-10-14,Nevada,057,99092,601,573,18,591,7
2020-10-14,Orange,059,3164182,58626,55756,1639,57395,1348
2020-10-14,Placer,061,380077,4030,3829,15,3844,48
2020-10-14,Plumas,063,18699,54,52,0,52,0
2020-10-14,Riverside,065,2383286,64603,62607,246,62853,1261
2020-10-14,Sacramento,067,1510023,24499,24013,27,24040,472
2020-10-14,San Benito,069,59416,1395,1381,0,1381,14
2020-10-14,San Bernardino,071,2135413,60359,57774,376,58150,1063
2020-10-14,San Diego,073,3302833,53365,51329,1338,52667,844
2020-10-14,San Francisco,075,870044,11912,11783,37,11820,123
2020-10-14,San Joaquin,077,732212,21257,20845,124,20969,487
2020-10-14,San Luis Obispo,079,281455,4185,3901,19,3920,32
2020-10-14,San Mateo,081,765935,10950,10309,11,10320,132
2020-10-14,Santa Barbara,083,443738,9680,9509,83,9592,117
2020-10-14,Santa Clara,085,1922200,24196,22735,50,22785,343
2020-10-14,Santa Cruz,087,273765,2727,2618,32,2650,13
2020-10-14,Shasta,089,179085,1886,1553,18,1571,20
2020-10-14,Sierra,091,2930,6,6,0,6,0
2020-10-14,Siskiyou,093,43540,175,166,10,176,0
2020-10-14,Solano,095,438530,7024,6786,39,6825,55
2020-10-14,Sonoma,097,501317,8953,8514,23,8537,133
2020-10-14,Stanislaus,099,539301,17320,17105,653,17758,365
2020-10-14,Sutter,101,95872,1779,1747,1,1748,12
2020-10-14,Tehama,103,63373,784,721,2,723,3
2020-10-14,Trinity,105,12862,74,20,9,29,0
2020-10-14,Tulare,107,460477,17451,16863,249,17112,287
2020-10-14,Tuolumne,109,53932,261,236,5,241,4
2020-10-14,Ventura,111,848112,14421,13697,290,13987,152
2020-10-14,Yolo,113,214977,3093,3007,8,3015,55
2020-10-14,Yuba,115,75493,1188,1147,3,1150,10
2020-10-13,Alameda,001,1643700,22806,22185,203,22388,389
2020-10-13,Alpine,003,1148,3,3,0,3,0
2020-10-13,Amador,005,37829,310,306,0,306,16
2020-10-13,Butte,007,227075,3088,2992,32,3024,54
2020-10-13,Calaveras,009,45235,323,262,0,262,12
2020-10-13,Colusa,011,21464,542,541,1,542,6
2020-10-13,Contra Costa,013,1133247,18317,17783,89,17872,234
2020-10-13,Del Norte,015,27424,168,163,0,163,2
2020-10-13,El Dorado,017,186661,1317,1262,10,1272,4
2020-10-13,Fresno,019,978130,32496,29579,420,29999,424
2020-10-13,Glenn,021,27897,640,629,0,629,3
2020-10-13,Humboldt,023,135768,542,523,1,524,7
2020-10-13,Imperial,025,180216,12434,11727,10,11737,327
2020-10-13,Inyo,027,18085,220,207,4,211,14
2020-10-13,Kern,029,883053,33223,32497,379,32876,419
2020-10-13,Kings,031,150075,8318,8111,45,8156,80
2020-10-13,Lake,033,64148,687,639,0,639,12
2020-10-13,Lassen,035,31185,763,752,2,754,0
2020-10-13,Los Angeles,037,10098052,288246,281716,2404,284120,6767
2020-10-13,Madera,039,155013,4879,4700,33,4733,50
2020-10-13,Marin,041,260295,7014,6900,18,6918,97
2020-10-13,Mariposa,043,17540,77,76,0,76,2
2020-10-13,Mendocino,045,87422,1022,950,4,954,21
2020-10-13,Merced,047,269075,9302,9181,27,9208,146
2020-10-13,Modoc,049,8938,29,28,0,28,0
2020-10-13,Mono,051,14174,174,155,4,159,1
2020-10-13,Monterey,053,433212,10866,10574,46,10620,78
2020-10-13,Napa,055,140530,1904,1825,8,1833,12
2020-10-13,Nevada,057,99092,594,572,18,590,7
2020-10-13,Orange,059,3164182,58413,55515,1626,57141,1326
2020-10-13,Placer,061,380077,3992,3825,15,3840,48
2020-10-13,Plumas,063,18699,52,51,0,51,0
2020-10-13,Riverside,065,2383286,64284,62279,244,62523,1254
2020-10-13,Sacramento,067,1510023,24422,23930,27,23957,466
2020-10-13,San Benito,069,59416,1387,1380,0,1380,14
2020-10-13,San Bernardino,071,2135413,60021,57411,374,57785,1061
2020-10-13,San Diego,073,3302833,53072,51026,1321,52347,840
2020-10-13,San Francisco,075,870044,11877,11659,37,11696,122
2020-10-13,San Joaquin,077,732212,21195,20822,120,20942,481
2020-10-13,San Luis Obispo,079,281455,4168,3892,18,3910,32
2020-10-13,San Mateo,081,765935,10907,10286,11,10297,130
2020-10-13,Santa Barbara,083,443738,9648,9489,83,9572,117
2020-10-13,Santa Clara,085,1922200,24068,22678,50,22728,343
2020-10-13,Santa Cruz,087,273765,2709,2603,32,2635,13
2020-10-13,Shasta,089,179085,1862,1606,18,1624,20
2020-10-13,Sierra,091,2930,6,6,0,6,0
2020-10-13,Siskiyou,093,43540,174,163,10,173,0
2020-10-13,Solano,095,438530,6989,6761,39,6800,55
2020-10-13,Sonoma,097,501317,8870,8456,23,8479,133
2020-10-13,Stanislaus,099,539301,17275,17082,648,17730,362
2020-10-13,Sutter,101,95872,1770,1748,1,1749,12
2020-10-13,Tehama,103,63373,777,717,2,719,3
2020-10-13,Trinity,105,12862,70,19,8,27,0
2020-10-13,Tulare,107,460477,17393,16822,241,17063,286
2020-10-13,Tuolumne,109,53932,259,235,5,240,4
2020-10-13,Ventura,111,848112,14367,13645,286,13931,151
2020-10-13,Yolo,113,214977,3085,2983,7,2990,55
2020-10-13,Yuba,115,75493,1183,1143,3,1146,10
2020-10-12,Alameda,001,1643700,22726,22126,202,22328,389
2020-10-12,Alpine,003,1148,3,3,0,3,0
2020-10-12,Amador,005,37829,309,305,0,305,16
2020-10-12,Butte,007,227075,3081,2975,32,3007,54
2020-10-12,Calaveras,009,45235,323,262,0,262,12
2020-10-12,Colusa,011,21464,542,541,1,542,6
2020-10-12,Contra Costa,013,1133247,18243,17728,89,17817,233
2020-10-12,Del Norte,015,27424,168,161,0,161,2
2020-10-12,El Dorado,017,186661,1314,1254,10,1264,4
2020-10-12,Fresno,019,978130,32363,29523,416,29939,421
2020-10-12,Glenn,021,27897,639,626,0,626,3
2020-10-12,Humboldt,023,135768,539,522,1,523,7
2020-10-12,Imperial,025,180216,12396,11689,10,11699,328
2020-10-12,Inyo,027,18085,217,201,4,205,14
2020-10-12,Kern,029,883053,33130,32425,375,32800,419
2020-10-12,Kings,031,150075,8312,8106,45,8151,80
2020-10-12,Lake,033,64148,681,633,0,633,12
2020-10-12,Lassen,035,31185,763,752,2,754,0
2020-10-12,Los Angeles,037,10098052,287026,280961,2377,283338,6747
2020-10-12,Madera,039,155013,4859,4689,33,4722,50
2020-10-12,Marin,041,260295,6997,6886,18,6904,97
2020-10-12,Mariposa,043,17540,77,76,0,76,2
2020-10-12,Mendocino,045,87422,1016,947,4,951,21
2020-10-12,Merced,047,269075,9281,9141,27,9168,146
2020-10-12,Modoc,049,8938,29,27,0,27,0
2020-10-12,Mono,051,14174,174,154,4,158,1
2020-10-12,Monterey,053,433212,10800,10473,46,10519,77
2020-10-12,Napa,055,140530,1896,1819,8,1827,11
2020-10-12,Nevada,057,99092,590,570,18,588,7
2020-10-12,Orange,059,3164182,58184,55373,1616,56989,1326
2020-10-12,Placer,061,380077,3960,3808,14,3822,48
2020-10-12,Plumas,063,18699,52,51,0,51,0
2020-10-12,Riverside,065,2383286,63973,62279,240,62519,1254
2020-10-12,Sacramento,067,1510023,24317,23807,27,23834,466
2020-10-12,San Benito,069,59416,1384,1376,0,1376,13
2020-10-12,San Bernardino,071,2135413,59645,57235,373,57608,1061
2020-10-12,San Diego,073,3302833,52782,50748,1294,52042,826
2020-10-12,San Francisco,075,870044,11845,11659,37,11696,122
2020-10-12,San Joaquin,077,732212,21132,20701,114,20815,480
2020-10-12,San Luis Obispo,079,281455,4140,3874,18,3892,32
2020-10-12,San Mateo,081,765935,10859,10262,11,10273,130
2020-10-12,Santa Barbara,083,443738,9609,9462,83,9545,117
2020-10-12,Santa Clara,085,1922200,23952,22578,50,22628,343
2020-10-12,Santa Cruz,087,273765,2692,2590,32,2622,13
2020-10-12,Shasta,089,179085,1837,1515,18,1533,20
2020-10-12,Sierra,091,2930,6,6,0,6,0
2020-10-12,Siskiyou,093,43540,173,162,10,172,0
2020-10-12,Solano,095,438530,6950,6742,39,6781,55
2020-10-12,Sonoma,097,501317,8798,8377,23,8400,133
2020-10-12,Stanislaus,099,539301,17226,17051,639,17690,361
2020-10-12,Sutter,101,95872,1762,1741,1,1742,12
2020-10-12,Tehama,103,63373,761,708,2,710,3
2020-10-12,Trinity,105,12862,69,19,8,27,0
2020-10-12,Tulare,107,460477,17342,16742,234,16976,286
2020-10-12,Tuolumne,109,53932,254,234,5,239,4
2020-10-12,Ventura,111,848112,14305,13617,282,13899,151
2020-10-12,Yolo,113,214977,3070,2964,7,2971,55
2020-10-12,Yuba,115,75493,1173,1141,3,1144,10
2020-10-11,Alameda,001,1643700,22636,22057,198,22255,392
2020-10-11,Alpine,003,1148,3,3,0,3,0
2020-10-11,Amador,005,37829,307,305,0,305,16
2020-10-11,Butte,007,227075,3073,2967,31,2998,54
2020-10-11,Calaveras,009,45235,321,262,0,262,12
2020-10-11,Colusa,011,21464,540,541,1,542,6
2020-10-11,Contra Costa,013,1133247,18159,17678,89,17767,233
2020-10-11,Del Norte,015,27424,166,161,0,161,2
2020-10-11,El Dorado,017,186661,1305,1242,10,1252,4
2020-10-11,Fresno,019,978130,32226,29419,408,29827,421
2020-10-11,Glenn,021,27897,637,625,0,625,3
2020-10-11,Humboldt,023,135768,538,521,1,522,7
2020-10-11,Imperial,025,180216,12337,11614,10,11624,328
2020-10-11,Inyo,027,18085,213,201,4,205,14
2020-10-11,Kern,029,883053,33043,32399,367,32766,418
2020-10-11,Kings,031,150075,8295,8094,44,8138,80
2020-10-11,Lake,033,64148,668,631,0,631,12
2020-10-11,Lassen,035,31185,762,752,2,754,0
2020-10-11,Los Angeles,037,10098052,285589,280190,2336,282526,6745
2020-10-11,Madera,039,155013,4831,4680,32,4712,50
2020-10-11,Marin,041,260295,6988,6870,18,6888,97
2020-10-11,Mariposa,043,17540,77,76,0,76,2
2020-10-11,Mendocino,045,87422,1009,944,4,948,21
2020-10-11,Merced,047,269075,9263,9124,27,9151,146
2020-10-11,Modoc,049,8938,29,27,0,27,0
2020-10-11,Mono,051,14174,174,154,4,158,1
2020-10-11,Monterey,053,433212,10749,10445,44,10489,77
2020-10-11,Napa,055,140530,1880,1811,8,1819,11
2020-10-11,Nevada,057,99092,588,569,18,587,7
2020-10-11,Orange,059,3164182,57954,55202,1610,56812,1326
2020-10-11,Placer,061,380077,3939,3787,14,3801,48
2020-10-11,Plumas,063,18699,52,51,0,51,0
2020-10-11,Riverside,065,2383286,63685,62112,236,62348,1254
2020-10-11,Sacramento,067,1510023,24174,23778,27,23805,466
2020-10-11,San Benito,069,59416,1383,1374,0,1374,13
2020-10-11,San Bernardino,071,2135413,59193,56997,371,57368,1061
2020-10-11,San Diego,073,3302833,52432,50553,1272,51825,826
2020-10-11,San Francisco,075,870044,11802,11659,37,11696,122
2020-10-11,San Joaquin,077,732212,21057,20700,104,20804,480
2020-10-11,San Luis Obispo,079,281455,4123,3874,17,3891,32
2020-10-11,San Mateo,081,765935,10827,10240,11,10251,130
2020-10-11,Santa Barbara,083,443738,9578,9440,82,9522,117
2020-10-11,Santa Clara,085,1922200,23812,22487,49,22536,336
2020-10-11,Santa Cruz,087,273765,2678,2578,32,2610,13
2020-10-11,Shasta,089,179085,1807,1515,17,1532,20
2020-10-11,Sierra,091,2930,6,6,0,6,0
2020-10-11,Siskiyou,093,43540,172,162,10,172,0
2020-10-11,Solano,095,438530,6896,6685,39,6724,53
2020-10-11,Sonoma,097,501317,8741,8319,23,8342,133
2020-10-11,Stanislaus,099,539301,17162,17007,623,17630,360
2020-10-11,Sutter,101,95872,1759,1742,1,1743,12
2020-10-11,Tehama,103,63373,737,702,2,704,3
2020-10-11,Trinity,105,12862,69,19,8,27,0
2020-10-11,Tulare,107,460477,17278,16741,226,16967,286
2020-10-11,Tuolumne,109,53932,249,234,5,239,4
2020-10-11,Ventura,111,848112,14244,13604,277,13881,151
2020-10-11,Yolo,113,214977,3040,2952,7,2959,55
2020-10-11,Yuba,115,75493,1162,1137,3,1140,10
2020-10-10,Alameda,001,1643700,22586,21979,197,22176,398
2020-10-10,Alpine,003,1148,3,3,0,3,0
2020-10-10,Amador,005,37829,306,304,0,304,16
2020-10-10,Butte,007,227075,3068,2962,30,2992,54
2020-10-10,Calaveras,009,45235,320,262,0,262,12
2020-10-10,Colusa,011,21464,540,541,1,542,6
2020-10-10,Contra Costa,013,1133247,18123,17566,88,17654,233
2020-10-10,Del Norte,015,27424,166,161,0,161,2
2020-10-10,El Dorado,017,186661,1303,1240,10,1250,4
2020-10-10,Fresno,019,978130,32162,29286,406,29692,421
2020-10-10,Glenn,021,27897,637,623,0,623,3
2020-10-10,Humboldt,023,135768,535,518,1,519,7
2020-10-10,Imperial,025,180216,12322,11591,10,11601,327
2020-10-10,Inyo,027,18085,210,201,4,205,14
2020-10-10,Kern,029,883053,33006,32338,367,32705,418
2020-10-10,Kings,031,150075,8291,8078,44,8122,80
2020-10-10,Lake,033,64148,667,630,0,630,11
2020-10-10,Lassen,035,31185,762,752,2,754,0
2020-10-10,Los Angeles,037,10098052,284871,279213,2302,281515,6743
2020-10-10,Madera,039,155013,4819,4662,32,4694,50
2020-10-10,Marin,041,260295,6979,6852,18,6870,97
2020-10-10,Mariposa,043,17540,77,76,0,76,2
2020-10-10,Mendocino,045,87422,1002,935,4,939,21
2020-10-10,Merced,047,269075,9257,9105,26,9131,146
2020-10-10,Modoc,049,8938,29,27,0,27,0
2020-10-10,Mono,051,14174,174,154,4,158,1
2020-10-10,Monterey,053,433212,10716,10410,44,10454,75
2020-10-10,Napa,055,140530,1873,1804,8,1812,11
2020-10-10,Nevada,057,99092,585,564,18,582,6
2020-10-10,Orange,059,3164182,57833,54965,1605,56570,1324
2020-10-10,Placer,061,380077,3922,3757,14,3771,48
2020-10-10,Plumas,063,18699,52,51,0,51,0
2020-10-10,Riverside,065,2383286,63482,61845,234,62079,1254
2020-10-10,Sacramento,067,1510023,24107,23689,27,23716,466
2020-10-10,San Benito,069,59416,1381,1370,0,1370,13
2020-10-10,San Bernardino,071,2135413,59031,56683,369,57052,1061
2020-10-10,San Diego,073,3302833,52202,50145,1254,51399,825
2020-10-10,San Francisco,075,870044,11781,11663,37,11700,122
2020-10-10,San Joaquin,077,732212,21029,20700,100,20800,481
2020-10-10,San Luis Obispo,079,281455,4103,3832,17,3849,32
2020-10-10,San Mateo,081,765935,10790,10218,11,10229,130
2020-10-10,Santa Barbara,083,443738,9567,9417,82,9499,116
2020-10-10,Santa Clara,085,1922200,23721,22354,49,22403,330
2020-10-10,Santa Cruz,087,273765,2664,2572,32,2604,13
2020-10-10,Shasta,089,179085,1790,1473,17,1490,20
2020-10-10,Sierra,091,2930,6,6,0,6,0
2020-10-10,Siskiyou,093,43540,172,161,10,171,0
2020-10-10,Solano,095,438530,6870,6655,39,6694,53
2020-10-10,Sonoma,097,501317,8721,8235,23,8258,133
2020-10-10,Stanislaus,099,539301,17127,16960,615,17575,360
2020-10-10,Sutter,101,95872,1756,1735,1,1736,12
2020-10-10,Tehama,103,63373,730,693,2,695,3
2020-10-10,Trinity,105,12862,69,19,8,27,0
2020-10-10,Tulare,107,460477,17242,16709,221,16930,286
2020-10-10,Tuolumne,109,53932,249,233,5,238,4
2020-10-10,Ventura,111,848112,14219,13520,277,13797,151
2020-10-10,Yolo,113,214977,3031,2939,7,2946,55
2020-10-10,Yuba,115,75493,1160,1134,3,1137,10
2020-10-09,Alameda,001,1643700,22538,21924,197,22121,399
2020-10-09,Alpine,003,1148,3,3,0,3,0
2020-10-09,Amador,005,37829,306,303,0,303,16
2020-10-09,Butte,007,227075,3065,2956,30,2986,51
2020-10-09,Calaveras,009,45235,318,262,0,262,11
2020-10-09,Colusa,011,21464,540,541,1,542,6
2020-10-09,Contra Costa,013,1133247,18072,17487,88,17575,229
2020-10-09,Del Norte,015,27424,165,161,0,161,2
2020-10-09,El Dorado,017,186661,1299,1234,10,1244,4
2020-10-09,Fresno,019,978130,32089,29208,404,29612,417
2020-10-09,Glenn,021,27897,632,617,0,617,3
2020-10-09,Humboldt,023,135768,533,516,1,517,7
2020-10-09,Imperial,025,180216,12296,11516,10,11526,330
2020-10-09,Inyo,027,18085,207,200,4,204,14
2020-10-09,Kern,029,883053,32962,32237,365,32602,417
2020-10-09,Kings,031,150075,8284,7993,42,8035,80
2020-10-09,Lake,033,64148,657,610,0,610,11
2020-10-09,Lassen,035,31185,762,751,2,753,0
2020-10-09,Los Angeles,037,10098052,283736,278039,2278,280317,6715
2020-10-09,Madera,039,155013,4809,4646,32,4678,50
2020-10-09,Marin,041,260295,6965,6838,18,6856,96
2020-10-09,Mariposa,043,17540,77,76,0,76,2
2020-10-09,Mendocino,045,87422,992,933,4,937,20
2020-10-09,Merced,047,269075,9243,9095,26,9121,145
2020-10-09,Modoc,049,8938,29,27,0,27,0
2020-10-09,Mono,051,14174,174,154,4,158,1
2020-10-09,Monterey,053,433212,10682,10369,44,10413,75
2020-10-09,Napa,055,140530,1863,1795,8,1803,11
2020-10-09,Nevada,057,99092,580,561,18,579,6
2020-10-09,Orange,059,3164182,57662,54746,1600,56346,1305
2020-10-09,Placer,061,380077,3908,3737,13,3750,48
2020-10-09,Plumas,063,18699,52,50,0,50,0
2020-10-09,Riverside,065,2383286,63246,61529,233,61762,1252
2020-10-09,Sacramento,067,1510023,24038,23606,27,23633,457
2020-10-09,San Benito,069,59416,1376,1367,0,1367,13
2020-10-09,San Bernardino,071,2135413,58791,56434,367,56801,1057
2020-10-09,San Diego,073,3302833,51926,49825,1243,51068,821
2020-10-09,San Francisco,075,870044,11751,11620,37,11657,120
2020-10-09,San Joaquin,077,732212,20999,20648,92,20740,481
2020-10-09,San Luis Obispo,079,281455,4084,3810,17,3827,32
2020-10-09,San Mateo,081,765935,10762,10140,11,10151,130
2020-10-09,Santa Barbara,083,443738,9539,9396,82,9478,116
2020-10-09,Santa Clara,085,1922200,23619,22251,48,22299,328
2020-10-09,Santa Cruz,087,273765,2655,2555,32,2587,13
2020-10-09,Shasta,089,179085,1764,1353,16,1369,20
2020-10-09,Sierra,091,2930,6,6,0,6,0
2020-10-09,Siskiyou,093,43540,170,156,10,166,0
2020-10-09,Solano,095,438530,6831,6614,39,6653,53
2020-10-09,Sonoma,097,501317,8667,8133,23,8156,133
2020-10-09,Stanislaus,099,539301,17102,16904,608,17512,362
2020-10-09,Sutter,101,95872,1752,1732,1,1733,12
2020-10-09,Tehama,103,63373,724,682,2,684,3
2020-10-09,Trinity,105,12862,69,25,8,33,0
2020-10-09,Tulare,107,460477,17202,16644,212,16856,286
2020-10-09,Tuolumne,109,53932,246,230,5,235,4
2020-10-09,Ventura,111,848112,14183,13469,274,13743,151
2020-10-09,Yolo,113,214977,3024,2928,7,2935,55
2020-10-09,Yuba,115,75493,1159,1129,3,1132,10
2020-10-08,Alameda,001,1643700,22457,21826,196,22022,395
2020-10-08,Alpine,003,1148,3,3,0,3,0
2020-10-08,Amador,005,37829,305,302,0,302,16
2020-10-08,Butte,007,227075,3055,2935,30,2965,51
2020-10-08,Calaveras,009,45235,317,262,0,262,11
2020-10-08,Colusa,011,21464,540,539,1,540,6
2020-10-08,Contra Costa,013,1133247,18012,17418,87,17505,228
2020-10-08,Del Norte,015,27424,165,151,0,151,2
2020-10-08,El Dorado,017,186661,1298,1230,10,1240,4
2020-10-08,Fresno,019,978130,31984,29111,404,29515,416
2020-10-08,Glenn,021,27897,629,616,0,616,3
2020-10-08,Humboldt,023,135768,529,515,1,516,7
2020-10-08,Imperial,025,180216,12256,11405,10,11415,330
2020-10-08,Inyo,027,18085,204,199,4,203,14
2020-10-08,Kern,029,883053,32904,32169,360,32529,411
2020-10-08,Kings,031,150075,8278,7968,42,8010,80
2020-10-08,Lake,033,64148,652,604,0,604,11
2020-10-08,Lassen,035,31185,757,751,2,753,0
2020-10-08,Los Angeles,037,10098052,282534,276763,2238,279001,6699
2020-10-08,Madera,039,155013,4791,4637,32,4669,50
2020-10-08,Marin,041,260295,6951,6810,18,6828,96
2020-10-08,Mariposa,043,17540,77,76,0,76,2
2020-10-08,Mendocino,045,87422,987,930,4,934,20
2020-10-08,Merced,047,269075,9223,9069,26,9095,144
2020-10-08,Modoc,049,8938,29,27,0,27,0
2020-10-08,Mono,051,14174,174,153,4,157,1
2020-10-08,Monterey,053,433212,10615,10343,44,10387,75
2020-10-08,Napa,055,140530,1848,1779,8,1787,11
2020-10-08,Nevada,057,99092,577,556,18,574,6
2020-10-08,Orange,059,3164182,57469,54523,1589,56112,1293
2020-10-08,Placer,061,380077,3890,3715,13,3728,48
2020-10-08,Plumas,063,18699,52,50,0,50,0
2020-10-08,Riverside,065,2383286,62978,61105,232,61337,1244
2020-10-08,Sacramento,067,1510023,23931,23482,27,23509,454
2020-10-08,San Benito,069,59416,1371,1367,0,1367,13
2020-10-08,San Bernardino,071,2135413,58426,56152,366,56518,1048
2020-10-08,San Diego,073,3302833,51646,49468,1211,50679,819
2020-10-08,San Francisco,075,870044,11713,11608,37,11645,115
2020-10-08,San Joaquin,077,732212,20947,20576,87,20663,478
2020-10-08,San Luis Obispo,079,281455,4068,3785,17,3802,32
2020-10-08,San Mateo,081,765935,10730,10044,11,10055,130
2020-10-08,Santa Barbara,083,443738,9511,9374,82,9456,116
2020-10-08,Santa Clara,085,1922200,23517,22095,48,22143,323
2020-10-08,Santa Cruz,087,273765,2643,2535,32,2567,13
2020-10-08,Shasta,089,179085,1730,1305,16,1321,20
2020-10-08,Sierra,091,2930,6,6,0,6,0
2020-10-08,Siskiyou,093,43540,170,156,10,166,0
2020-10-08,Solano,095,438530,6807,6556,39,6595,53
2020-10-08,Sonoma,097,501317,8601,8063,23,8086,132
2020-10-08,Stanislaus,099,539301,17056,16821,600,17421,360
2020-10-08,Sutter,101,95872,1752,1725,1,1726,12
2020-10-08,Tehama,103,63373,715,676,2,678,3
2020-10-08,Trinity,105,12862,68,25,8,33,0
2020-10-08,Tulare,107,460477,17141,16573,204,16777,283
2020-10-08,Tuolumne,109,53932,245,230,5,235,4
2020-10-08,Ventura,111,848112,14135,13399,272,13671,151
2020-10-08,Yolo,113,214977,3007,2914,7,2921,55
2020-10-08,Yuba,115,75493,1154,1126,3,1129,10
2020-10-07,Alameda,001,1643700,22380,21736,196,21932,395
2020-10-07,Alpine,003,1148,3,3,0,3,0
2020-10-07,Amador,005,37829,305,302,0,302,16
2020-10-07,Butte,007,227075,3043,2927,30,2957,47
2020-10-07,Calaveras,009,45235,315,262,0,262,11
2020-10-07,Colusa,011,21464,539,539,0,539,6
2020-10-07,Contra Costa,013,1133247,17942,17346,86,17432,225
2020-10-07,Del Norte,015,27424,164,149,0,149,2
2020-10-07,El Dorado,017,186661,1290,1219,10,1229,4
2020-10-07,Fresno,019,978130,31863,29069,399,29468,413
2020-10-07,Glenn,021,27897,629,615,0,615,3
2020-10-07,Humboldt,023,135768,526,512,1,513,7
2020-10-07,Imperial,025,180216,12219,11289,9,11298,330
2020-10-07,Inyo,027,18085,204,199,4,203,14
2020-10-07,Kern,029,883053,32831,32068,359,32427,410
2020-10-07,Kings,031,150075,8263,7948,42,7990,80
2020-10-07,Lake,033,64148,651,599,0,599,11
2020-10-07,Lassen,035,31185,757,751,2,753,0
2020-10-07,Los Angeles,037,10098052,281353,275559,2205,277764,6681
2020-10-07,Madera,039,155013,4771,4618,32,4650,50
2020-10-07,Marin,041,260295,6924,6790,18,6808,95
2020-10-07,Mariposa,043,17540,77,75,0,75,2
2020-10-07,Mendocino,045,87422,981,927,4,931,19
2020-10-07,Merced,047,269075,9186,9045,25,9070,144
2020-10-07,Modoc,049,8938,29,27,0,27,0
2020-10-07,Mono,051,14174,173,153,3,156,1
2020-10-07,Monterey,053,433212,10556,10272,44,10316,75
2020-10-07,Napa,055,140530,1835,1774,8,1782,11
2020-10-07,Nevada,057,99092,573,552,18,570,6
2020-10-07,Orange,059,3164182,57252,54332,1578,55910,1277
2020-10-07,Placer,061,380077,3874,3693,13,3706,48
2020-10-07,Plumas,063,18699,52,50,0,50,0
2020-10-07,Riverside,065,2383286,62631,60857,228,61085,1241
2020-10-07,Sacramento,067,1510023,23834,23380,27,23407,452
2020-10-07,San Benito,069,59416,1368,1363,0,1363,13
2020-10-07,San Bernardino,071,2135413,58077,55738,365,56103,1043
2020-10-07,San Diego,073,3302833,51330,49177,1187,50364,813
2020-10-07,San Francisco,075,870044,11678,11551,37,11588,115
2020-10-07,San Joaquin,077,732212,20895,20527,80,20607,478
2020-10-07,San Luis Obispo,079,281455,4038,3749,17,3766,32
2020-10-07,San Mateo,081,765935,10687,9980,11,9991,130
2020-10-07,Santa Barbara,083,443738,9485,9350,81,9431,116
2020-10-07,Santa Clara,085,1922200,23389,21993,48,22041,320
2020-10-07,Santa Cruz,087,273765,2631,2518,32,2550,14
2020-10-07,Shasta,089,179085,1687,1268,16,1284,20
2020-10-07,Sierra,091,2930,6,6,0,6,0
2020-10-07,Siskiyou,093,43540,168,154,10,164,0
2020-10-07,Solano,095,438530,6772,6526,39,6565,53
2020-10-07,Sonoma,097,501317,8526,7993,22,8015,130
2020-10-07,Stanislaus,099,539301,17021,16786,594,17380,357
2020-10-07,Sutter,101,95872,1749,1723,1,1724,12
2020-10-07,Tehama,103,63373,706,666,2,668,3
2020-10-07,Trinity,105,12862,64,25,8,33,0
2020-10-07,Tulare,107,460477,17098,16483,196,16679,282
2020-10-07,Tuolumne,109,53932,245,227,5,232,3
2020-10-07,Ventura,111,848112,14085,13333,266,13599,150
2020-10-07,Yolo,113,214977,2981,2904,7,2911,55
2020-10-07,Yuba,115,75493,1148,1120,3,1123,10
2020-10-06,Alameda,001,1643700,22289,21698,194,21892,385
2020-10-06,Alpine,003,1148,3,3,0,3,0
2020-10-06,Amador,005,37829,303,301,0,301,16
2020-10-06,Butte,007,227075,3036,2925,30,2955,47
2020-10-06,Calaveras,009,45235,315,261,0,261,11
2020-10-06,Colusa,011,21464,538,538,0,538,6
2020-10-06,Contra Costa,013,1133247,17863,17295,86,17381,219
2020-10-06,Del Norte,015,27424,164,144,0,144,2
2020-10-06,El Dorado,017,186661,1286,1211,10,1221,4
2020-10-06,Fresno,019,978130,31720,29022,396,29418,412
2020-10-06,Glenn,021,27897,626,604,0,604,3
2020-10-06,Humboldt,023,135768,523,508,1,509,7
2020-10-06,Imperial,025,180216,12181,11196,9,11205,327
2020-10-06,Inyo,027,18085,202,198,4,202,14
2020-10-06,Kern,029,883053,32755,32006,357,32363,407
2020-10-06,Kings,031,150075,8247,7943,42,7985,81
2020-10-06,Lake,033,64148,645,596,0,596,11
2020-10-06,Lassen,035,31185,757,743,2,745,0
2020-10-06,Los Angeles,037,10098052,280115,274115,2156,276271,6657
2020-10-06,Madera,039,155013,4759,4608,32,4640,50
2020-10-06,Marin,041,260295,6909,6766,18,6784,91
2020-10-06,Mariposa,043,17540,77,75,0,75,2
2020-10-06,Mendocino,045,87422,974,920,4,924,19
2020-10-06,Merced,047,269075,9150,9034,24,9058,143
2020-10-06,Modoc,049,8938,29,26,0,26,0
2020-10-06,Mono,051,14174,173,153,3,156,1
2020-10-06,Monterey,053,433212,10501,10235,42,10277,72
2020-10-06,Napa,055,140530,1829,1770,8,1778,11
2020-10-06,Nevada,057,99092,570,551,18,569,6
2020-10-06,Orange,059,3164182,57036,54203,1569,55772,1273
2020-10-06,Placer,061,380077,3852,3680,13,3693,48
2020-10-06,Plumas,063,18699,52,49,0,49,0
2020-10-06,Riverside,065,2383286,62366,60593,226,60819,1238
2020-10-06,Sacramento,067,1510023,23748,23322,27,23349,442
2020-10-06,San Benito,069,59416,1367,1358,0,1358,12
2020-10-06,San Bernardino,071,2135413,57763,55416,360,55776,1040
2020-10-06,San Diego,073,3302833,50993,48823,1170,49993,806
2020-10-06,San Francisco,075,870044,11652,11513,36,11549,115
2020-10-06,San Joaquin,077,732212,20855,20481,77,20558,477
2020-10-06,San Luis Obispo,079,281455,4004,3723,17,3740,32
2020-10-06,San Mateo,081,765935,10655,9934,11,9945,129
2020-10-06,Santa Barbara,083,443738,9456,9331,80,9411,116
2020-10-06,Santa Clara,085,1922200,23294,21914,48,21962,320
2020-10-06,Santa Cruz,087,273765,2609,2510,32,2542,12
2020-10-06,Shasta,089,179085,1647,1242,16,1258,18
2020-10-06,Sierra,091,2930,6,6,0,6,0
2020-10-06,Siskiyou,093,43540,168,154,10,164,0
2020-10-06,Solano,095,438530,6726,6506,39,6545,52
2020-10-06,Sonoma,097,501317,8433,7895,22,7917,130
2020-10-06,Stanislaus,099,539301,16976,16759,588,17347,354
2020-10-06,Sutter,101,95872,1747,1722,1,1723,12
2020-10-06,Tehama,103,63373,696,660,2,662,3
2020-10-06,Trinity,105,12862,64,25,8,33,0
2020-10-06,Tulare,107,460477,17056,16456,188,16644,280
2020-10-06,Tuolumne,109,53932,244,227,5,232,2
2020-10-06,Ventura,111,848112,14018,13242,261,13503,150
2020-10-06,Yolo,113,214977,2967,2899,7,2906,56
2020-10-06,Yuba,115,75493,1147,1114,3,1117,10
2020-10-05,Alameda,001,1643700,22201,21637,191,21828,383
2020-10-05,Alpine,003,1148,3,2,0,2,0
2020-10-05,Amador,005,37829,303,299,0,299,16
2020-10-05,Butte,007,227075,3026,2910,30,2940,46
2020-10-05,Calaveras,009,45235,315,259,0,259,11
2020-10-05,Colusa,011,21464,538,537,0,537,6
2020-10-05,Contra Costa,013,1133247,17786,17250,86,17336,216
2020-10-05,Del Norte,015,27424,161,142,0,142,2
2020-10-05,El Dorado,017,186661,1282,1202,9,1211,4
2020-10-05,Fresno,019,978130,31603,29136,396,29532,408
2020-10-05,Glenn,021,27897,624,603,0,603,3
2020-10-05,Humboldt,023,135768,522,506,1,507,6
2020-10-05,Imperial,025,180216,12140,11169,9,11178,327
2020-10-05,Inyo,027,18085,202,197,4,201,14
2020-10-05,Kern,029,883053,32676,31933,353,32286,404
2020-10-05,Kings,031,150075,8150,7932,42,7974,80
2020-10-05,Lake,033,64148,641,592,0,592,10
2020-10-05,Lassen,035,31185,756,743,2,745,0
2020-10-05,Los Angeles,037,10098052,279021,273200,2117,275317,6632
2020-10-05,Madera,039,155013,4751,4598,30,4628,50
2020-10-05,Marin,041,260295,6892,6751,18,6769,91
2020-10-05,Mariposa,043,17540,77,75,0,75,2
2020-10-05,Mendocino,045,87422,966,913,4,917,19
2020-10-05,Merced,047,269075,9131,9021,23,9044,143
2020-10-05,Modoc,049,8938,29,26,0,26,0
2020-10-05,Mono,051,14174,173,152,3,155,1
2020-10-05,Monterey,053,433212,10454,10187,42,10229,72
2020-10-05,Napa,055,140530,1818,1760,8,1768,11
2020-10-05,Nevada,057,99092,567,550,17,567,6
2020-10-05,Orange,059,3164182,56820,54103,1556,55659,1271
2020-10-05,Placer,061,380077,3826,3670,13,3683,46
2020-10-05,Plumas,063,18699,51,49,0,49,0
2020-10-05,Riverside,065,2383286,62046,60454,222,60676,1232
2020-10-05,Sacramento,067,1510023,23644,23207,27,23234,438
2020-10-05,San Benito,069,59416,1364,1356,0,1356,12
2020-10-05,San Bernardino,071,2135413,57456,55100,359,55459,1031
2020-10-05,San Diego,073,3302833,50657,48662,1146,49808,803
2020-10-05,San Francisco,075,870044,11613,11476,34,11510,110
2020-10-05,San Joaquin,077,732212,20785,20319,74,20393,476
2020-10-05,San Luis Obispo,079,281455,3977,3710,17,3727,32
2020-10-05,San Mateo,081,765935,10628,9896,11,9907,128
2020-10-05,Santa Barbara,083,443738,9434,9309,80,9389,116
2020-10-05,Santa Clara,085,1922200,23177,21861,48,21909,319
2020-10-05,Santa Cruz,087,273765,2597,2492,32,2524,9
2020-10-05,Shasta,089,179085,1615,1158,16,1174,18
2020-10-05,Sierra,091,2930,6,6,0,6,0
2020-10-05,Siskiyou,093,43540,168,153,10,163,0
2020-10-05,Solano,095,438530,6688,6475,39,6514,52
2020-10-05,Sonoma,097,501317,8341,7817,22,7839,130
2020-10-05,Stanislaus,099,539301,16940,16730,581,17311,351
2020-10-05,Sutter,101,95872,1739,1719,1,1720,12
2020-10-05,Tehama,103,63373,688,642,2,644,3
2020-10-05,Trinity,105,12862,62,22,8,30,0
2020-10-05,Tulare,107,460477,16997,16343,183,16526,278
2020-10-05,Tuolumne,109,53932,241,226,5,231,2
2020-10-05,Ventura,111,848112,13949,13224,242,13466,149
2020-10-05,Yolo,113,214977,2948,2889,7,2896,56
2020-10-05,Yuba,115,75493,1134,1108,3,1111,9
2020-10-04,Alameda,001,1643700,22105,21597,191,21788,383
2020-10-04,Alpine,003,1148,3,2,0,2,0
2020-10-04,Amador,005,37829,302,297,0,297,16
2020-10-04,Butte,007,227075,3012,2903,30,2933,46
2020-10-04,Calaveras,009,45235,315,259,0,259,11
2020-10-04,Colusa,011,21464,537,537,0,537,6
2020-10-04,Contra Costa,013,1133247,17722,17192,86,17278,214
2020-10-04,Del Norte,015,27424,157,142,0,142,2
2020-10-04,El Dorado,017,186661,1278,1196,9,1205,4
2020-10-04,Fresno,019,978130,31480,29065,396,29461,408
2020-10-04,Glenn,021,27897,622,601,0,601,3
2020-10-04,Humboldt,023,135768,521,506,1,507,6
2020-10-04,Imperial,025,180216,12101,11127,9,11136,327
2020-10-04,Inyo,027,18085,199,195,4,199,14
2020-10-04,Kern,029,883053,32601,31906,350,32256,404
2020-10-04,Kings,031,150075,8135,7919,42,7961,80
2020-10-04,Lake,033,64148,627,589,0,589,10
2020-10-04,Lassen,035,31185,756,743,2,745,0
2020-10-04,Los Angeles,037,10098052,277635,272822,2069,274891,6625
2020-10-04,Madera,039,155013,4735,4587,30,4617,50
2020-10-04,Marin,041,260295,6872,6741,18,6759,91
2020-10-04,Mariposa,043,17540,77,75,0,75,2
2020-10-04,Mendocino,045,87422,953,905,4,909,18
2020-10-04,Merced,047,269075,9106,9006,23,9029,140
2020-10-04,Modoc,049,8938,29,26,0,26,0
2020-10-04,Mono,051,14174,172,152,2,154,1
2020-10-04,Monterey,053,433212,10413,10141,41,10182,72
2020-10-04,Napa,055,140530,1806,1759,8,1767,11
2020-10-04,Nevada,057,99092,563,547,16,563,6
2020-10-04,Orange,059,3164182,56584,53966,1547,55513,1270
2020-10-04,Placer,061,380077,3805,3664,13,3677,46
2020-10-04,Plumas,063,18699,51,49,0,49,0
2020-10-04,Riverside,065,2383286,61760,60251,218,60469,1226
2020-10-04,Sacramento,067,1510023,23528,23162,27,23189,438
2020-10-04,San Benito,069,59416,1364,1355,0,1355,12
2020-10-04,San Bernardino,071,2135413,57007,55100,357,55457,1031
2020-10-04,San Diego,073,3302833,50290,48438,1121,49559,803
2020-10-04,San Francisco,075,870044,11581,11474,32,11506,110
2020-10-04,San Joaquin,077,732212,20708,20320,68,20388,476
2020-10-04,San Luis Obispo,079,281455,3952,3688,17,3705,31
2020-10-04,San Mateo,081,765935,10568,9858,11,9869,128
2020-10-04,Santa Barbara,083,443738,9408,9276,78,9354,116
2020-10-04,Santa Clara,085,1922200,23040,21780,48,21828,316
2020-10-04,Santa Cruz,087,273765,2581,2483,32,2515,9
2020-10-04,Shasta,089,179085,1517,1158,15,1173,18
2020-10-04,Sierra,091,2930,6,6,0,6,0
2020-10-04,Siskiyou,093,43540,168,153,10,163,0
2020-10-04,Solano,095,438530,6637,6445,39,6484,52
2020-10-04,Sonoma,097,501317,8253,7794,22,7816,129
2020-10-04,Stanislaus,099,539301,16890,16711,572,17283,351
2020-10-04,Sutter,101,95872,1736,1711,1,1712,11
2020-10-04,Tehama,103,63373,673,637,2,639,3
2020-10-04,Trinity,105,12862,61,21,8,29,0
2020-10-04,Tulare,107,460477,16920,16343,172,16515,278
2020-10-04,Tuolumne,109,53932,239,226,5,231,2
2020-10-04,Ventura,111,848112,13867,13197,225,13422,149
2020-10-04,Yolo,113,214977,2937,2875,7,2882,56
2020-10-04,Yuba,115,75493,1130,1103,3,1106,9
2020-10-03,Alameda,001,1643700,22059,21510,190,21700,386
2020-10-03,Alpine,003,1148,3,2,0,2,0
2020-10-03,Amador,005,37829,301,296,0,296,16
2020-10-03,Butte,007,227075,3006,2894,30,2924,46
2020-10-03,Calaveras,009,45235,315,259,0,259,11
2020-10-03,Colusa,011,21464,536,537,0,537,6
2020-10-03,Contra Costa,013,1133247,17672,17087,84,17171,213
2020-10-03,Del Norte,015,27424,153,142,0,142,2
2020-10-03,El Dorado,017,186661,1271,1188,9,1197,4
2020-10-03,Fresno,019,978130,31420,28975,395,29370,408
2020-10-03,Glenn,021,27897,620,601,0,601,3
2020-10-03,Humboldt,023,135768,520,504,1,505,6
2020-10-03,Imperial,025,180216,12078,11090,9,11099,327
2020-10-03,Inyo,027,18085,199,194,4,198,14
2020-10-03,Kern,029,883053,32551,31864,346,32210,403
2020-10-03,Kings,031,150075,8131,7887,42,7929,80
2020-10-03,Lake,033,64148,617,588,0,588,10
2020-10-03,Lassen,035,31185,756,743,2,745,0
2020-10-03,Los Angeles,037,10098052,276928,271869,2040,273909,6620
2020-10-03,Madera,039,155013,4718,4565,30,4595,50
2020-10-03,Marin,041,260295,6866,6728,18,6746,91
2020-10-03,Mariposa,043,17540,77,75,0,75,2
2020-10-03,Mendocino,045,87422,951,898,4,902,18
2020-10-03,Merced,047,269075,9093,8986,23,9009,139
2020-10-03,Modoc,049,8938,29,26,0,26,0
2020-10-03,Mono,051,14174,171,152,2,154,1
2020-10-03,Monterey,053,433212,10379,10092,38,10130,72
2020-10-03,Napa,055,140530,1802,1752,8,1760,11
2020-10-03,Nevada,057,99092,562,544,16,560,6
2020-10-03,Orange,059,3164182,56467,53573,1542,55115,1268
2020-10-03,Placer,061,380077,3794,3648,13,3661,47
2020-10-03,Plumas,063,18699,51,48,0,48,0
2020-10-03,Riverside,065,2383286,61608,59991,216,60207,1226
2020-10-03,Sacramento,067,1510023,23477,23076,27,23103,437
2020-10-03,San Benito,069,59416,1364,1351,0,1351,12
2020-10-03,San Bernardino,071,2135413,56834,55004,354,55358,1031
2020-10-03,San Diego,073,3302833,50059,48202,1104,49306,798
2020-10-03,San Francisco,075,870044,11556,11475,30,11505,110
2020-10-03,San Joaquin,077,732212,20682,20322,68,20390,476
2020-10-03,San Luis Obispo,079,281455,3928,3670,17,3687,31
2020-10-03,San Mateo,081,765935,10541,9822,10,9832,128
2020-10-03,Santa Barbara,083,443738,9395,9256,78,9334,116
2020-10-03,Santa Clara,085,1922200,22960,21672,48,21720,309
2020-10-03,Santa Cruz,087,273765,2573,2476,32,2508,9
2020-10-03,Shasta,089,179085,1489,1117,14,1131,18
2020-10-03,Sierra,091,2930,6,6,0,6,0
2020-10-03,Siskiyou,093,43540,168,152,10,162,0
2020-10-03,Solano,095,438530,6611,6419,39,6458,52
2020-10-03,Sonoma,097,501317,8211,7747,22,7769,129
2020-10-03,Stanislaus,099,539301,16857,16645,568,17213,351
2020-10-03,Sutter,101,95872,1732,1705,1,1706,11
2020-10-03,Tehama,103,63373,667,630,2,632,3
2020-10-03,Trinity,105,12862,61,15,8,23,0
2020-10-03,Tulare,107,460477,16876,16322,168,16490,278
2020-10-03,Tuolumne,109,53932,238,224,5,229,2
2020-10-03,Ventura,111,848112,13829,13150,221,13371,148
2020-10-03,Yolo,113,214977,2930,2863,7,2870,56
2020-10-03,Yuba,115,75493,1122,1097,3,1100,8
2020-10-02,Alameda,001,1643700,22004,21404,189,21593,382
2020-10-02,Alpine,003,1148,3,2,0,2,0
2020-10-02,Amador,005,37829,300,296,0,296,16
2020-10-02,Butte,007,227075,2996,2879,30,2909,46
2020-10-02,Calaveras,009,45235,314,259,0,259,11
2020-10-02,Colusa,011,21464,535,537,0,537,6
2020-10-02,Contra Costa,013,1133247,17629,17002,83,17085,213
2020-10-02,Del Norte,015,27424,152,141,0,141,2
2020-10-02,El Dorado,017,186661,1264,1168,9,1177,4
2020-10-02,Fresno,019,978130,31337,28855,395,29250,403
2020-10-02,Glenn,021,27897,615,594,0,594,3
2020-10-02,Humboldt,023,135768,519,503,1,504,6
2020-10-02,Imperial,025,180216,12056,11024,9,11033,327
2020-10-02,Inyo,027,18085,197,191,4,195,14
2020-10-02,Kern,029,883053,32499,31790,339,32129,399
2020-10-02,Kings,031,150075,8122,7716,42,7758,79
2020-10-02,Lake,033,64148,611,579,0,579,10
2020-10-02,Lassen,035,31185,756,742,2,744,0
2020-10-02,Los Angeles,037,10098052,276027,270935,2014,272949,6602
2020-10-02,Madera,039,155013,4710,4537,30,4567,49
2020-10-02,Marin,041,260295,6849,6717,18,6735,91
2020-10-02,Mariposa,043,17540,77,75,0,75,2
2020-10-02,Mendocino,045,87422,946,883,4,887,18
2020-10-02,Merced,047,269075,9083,8961,23,8984,139
2020-10-02,Modoc,049,8938,29,26,0,26,0
2020-10-02,Mono,051,14174,171,150,2,152,1
2020-10-02,Monterey,053,433212,10345,9997,38,10035,71
2020-10-02,Napa,055,140530,1796,1737,8,1745,11
2020-10-02,Nevada,057,99092,559,543,16,559,6
2020-10-02,Orange,059,3164182,56336,53299,1535,54834,1262
2020-10-02,Placer,061,380077,3774,3612,13,3625,46
2020-10-02,Plumas,063,18699,51,48,0,48,0
2020-10-02,Riverside,065,2383286,61387,59673,213,59886,1223
2020-10-02,Sacramento,067,1510023,23412,22818,27,22845,436
2020-10-02,San Benito,069,59416,1360,1347,0,1347,12
2020-10-02,San Bernardino,071,2135413,56647,54613,354,54967,1028
2020-10-02,San Diego,073,3302833,49807,47793,1088,48881,794
2020-10-02,San Francisco,075,870044,11533,11398,30,11428,110
2020-10-02,San Joaquin,077,732212,20648,20235,67,20302,474
2020-10-02,San Luis Obispo,079,281455,3905,3654,17,3671,31
2020-10-02,San Mateo,081,765935,10500,9745,10,9755,128
2020-10-02,Santa Barbara,083,443738,9372,9234,78,9312,116
2020-10-02,Santa Clara,085,1922200,22874,21545,47,21592,305
2020-10-02,Santa Cruz,087,273765,2556,2463,32,2495,9
2020-10-02,Shasta,089,179085,1454,1046,14,1060,18
2020-10-02,Sierra,091,2930,6,6,0,6,0
2020-10-02,Siskiyou,093,43540,168,151,10,161,0
2020-10-02,Solano,095,438530,6581,6385,39,6424,52
2020-10-02,Sonoma,097,501317,8154,7662,22,7684,125
2020-10-02,Stanislaus,099,539301,16816,16609,559,17168,349
2020-10-02,Sutter,101,95872,1731,1693,1,1694,11
2020-10-02,Tehama,103,63373,662,619,2,621,3
2020-10-02,Trinity,105,12862,61,15,8,23,0
2020-10-02,Tulare,107,460477,16835,16245,161,16406,278
2020-10-02,Tuolumne,109,53932,236,225,5,230,2
2020-10-02,Ventura,111,848112,13790,13120,216,13336,146
2020-10-02,Yolo,113,214977,2925,2845,7,2852,55
2020-10-02,Yuba,115,75493,1120,1090,3,1093,8
2020-10-01,Alameda,001,1643700,21943,21349,185,21534,383
2020-10-01,Alpine,003,1148,3,2,0,2,0
2020-10-01,Amador,005,37829,300,294,0,294,16
2020-10-01,Butte,007,227075,2988,2865,30,2895,45
2020-10-01,Calaveras,009,45235,314,257,0,257,11
2020-10-01,Colusa,011,21464,535,536,0,536,6
2020-10-01,Contra Costa,013,1133247,17566,16898,83,16981,211
2020-10-01,Del Norte,015,27424,147,140,0,140,2
2020-10-01,El Dorado,017,186661,1260,1162,8,1170,4
2020-10-01,Fresno,019,978130,31257,28796,393,29189,397
2020-10-01,Glenn,021,27897,611,593,0,593,3
2020-10-01,Humboldt,023,135768,519,499,1,500,6
2020-10-01,Imperial,025,180216,12014,10928,9,10937,325
2020-10-01,Inyo,027,18085,197,191,4,195,14
2020-10-01,Kern,029,883053,32436,31678,334,32012,399
2020-10-01,Kings,031,150075,8111,7688,39,7727,79
2020-10-01,Lake,033,64148,605,572,0,572,11
2020-10-01,Lassen,035,31185,753,742,2,744,0
2020-10-01,Los Angeles,037,10098052,274981,271513,1981,273494,6621
2020-10-01,Madera,039,155013,4687,4508,30,4538,48
2020-10-01,Marin,041,260295,6835,6710,18,6728,92
2020-10-01,Mariposa,043,17540,77,76,0,76,2
2020-10-01,Mendocino,045,87422,941,874,4,878,19
2020-10-01,Merced,047,269075,9055,8942,23,8965,138
2020-10-01,Modoc,049,8938,29,26,0,26,0
2020-10-01,Mono,051,14174,169,150,2,152,1
2020-10-01,Monterey,053,433212,10269,9958,38,9996,71
2020-10-01,Napa,055,140530,1788,1729,8,1737,11
2020-10-01,Nevada,057,99092,558,543,16,559,6
2020-10-01,Orange,059,3164182,56171,53088,1522,54610,1257
2020-10-01,Placer,061,380077,3747,3599,13,3612,45
2020-10-01,Plumas,063,18699,51,48,0,48,0
2020-10-01,Riverside,065,2383286,61135,59293,207,59500,1223
2020-10-01,Sacramento,067,1510023,23300,22714,26,22740,433
2020-10-01,San Benito,069,59416,1358,1346,0,1346,12
2020-10-01,San Bernardino,071,2135413,56353,54350,351,54701,1021
2020-10-01,San Diego,073,3302833,49525,47487,1068,48555,792
2020-10-01,San Francisco,075,870044,11502,11284,28,11312,110
2020-10-01,San Joaquin,077,732212,20602,20204,64,20268,471
2020-10-01,San Luis Obispo,079,281455,3878,3625,17,3642,31
2020-10-01,San Mateo,081,765935,10455,9681,10,9691,128
2020-10-01,Santa Barbara,083,443738,9332,9215,78,9293,118
2020-10-01,Santa Clara,085,1922200,22773,21398,47,21445,305
2020-10-01,Santa Cruz,087,273765,2541,2418,32,2450,10
2020-10-01,Shasta,089,179085,1403,991,14,1005,18
2020-10-01,Sierra,091,2930,6,6,0,6,0
2020-10-01,Siskiyou,093,43540,165,150,10,160,0
2020-10-01,Solano,095,438530,6543,6352,39,6391,52
2020-10-01,Sonoma,097,501317,8086,7569,22,7591,125
2020-10-01,Stanislaus,099,539301,16783,16555,553,17108,346
2020-10-01,Sutter,101,95872,1726,1684,1,1685,11
2020-10-01,Tehama,103,63373,652,606,2,608,3
2020-10-01,Trinity,105,12862,61,15,8,23,0
2020-10-01,Tulare,107,460477,16760,16182,158,16340,275
2020-10-01,Tuolumne,109,53932,236,223,5,228,2
2020-10-01,Ventura,111,848112,13738,13057,203,13260,146
2020-10-01,Yolo,113,214977,2907,2833,7,2840,55
2020-10-01,Yuba,115,75493,1116,1082,3,1085,8
2020-09-30,Alameda,001,1643700,21865,21271,182,21453,380
2020-09-30,Alpine,003,1148,3,2,0,2,0
2020-09-30,Amador,005,37829,300,294,0,294,16
2020-09-30,Butte,007,227075,2980,2858,30,2888,44
2020-09-30,Calaveras,009,45235,313,258,0,258,11
2020-09-30,Colusa,011,21464,534,534,0,534,6
2020-09-30,Contra Costa,013,1133247,17498,16819,83,16902,211
2020-09-30,Del Norte,015,27424,146,140,0,140,2
2020-09-30,El Dorado,017,186661,1248,1157,8,1165,4
2020-09-30,Fresno,019,978130,31168,28706,390,29096,395
2020-09-30,Glenn,021,27897,606,592,0,592,3
2020-09-30,Humboldt,023,135768,517,497,1,498,6
2020-09-30,Imperial,025,180216,11989,10868,9,10877,287
2020-09-30,Inyo,027,18085,196,189,4,193,14
2020-09-30,Kern,029,883053,32360,31601,333,31934,398
2020-09-30,Kings,031,150075,8083,7685,39,7724,79
2020-09-30,Lake,033,64148,599,567,0,567,10
2020-09-30,Lassen,035,31185,750,742,2,744,0
2020-09-30,Los Angeles,037,10098052,273758,270260,1948,272208,6568
2020-09-30,Madera,039,155013,4678,4477,30,4507,47
2020-09-30,Marin,041,260295,6811,6700,17,6717,91
2020-09-30,Mariposa,043,17540,77,76,0,76,2
2020-09-30,Mendocino,045,87422,935,867,4,871,17
2020-09-30,Merced,047,269075,9035,8926,23,8949,136
2020-09-30,Modoc,049,8938,29,26,0,26,0
2020-09-30,Mono,051,14174,169,150,2,152,1
2020-09-30,Monterey,053,433212,10219,9898,37,9935,70
2020-09-30,Napa,055,140530,1774,1728,8,1736,11
2020-09-30,Nevada,057,99092,556,540,16,556,6
2020-09-30,Orange,059,3164182,55980,52916,1507,54423,1251
2020-09-30,Placer,061,380077,3726,3585,13,3598,43
2020-09-30,Plumas,063,18699,51,48,0,48,0
2020-09-30,Riverside,065,2383286,60780,59074,203,59277,1220
2020-09-30,Sacramento,067,1510023,23196,22613,26,22639,429
2020-09-30,San Benito,069,59416,1355,1342,0,1342,12
2020-09-30,San Bernardino,071,2135413,56076,53988,350,54338,1018
2020-09-30,San Diego,073,3302833,49221,47182,1047,48229,783
2020-09-30,San Francisco,075,870044,11472,11247,28,11275,106
2020-09-30,San Joaquin,077,732212,20520,20150,62,20212,461
2020-09-30,San Luis Obispo,079,281455,3853,3597,17,3614,31
2020-09-30,San Mateo,081,765935,10413,9634,10,9644,128
2020-09-30,Santa Barbara,083,443738,9306,9186,78,9264,115
2020-09-30,Santa Clara,085,1922200,22668,21318,47,21365,302
2020-09-30,Santa Cruz,087,273765,2528,2405,32,2437,10
2020-09-30,Shasta,089,179085,1347,976,13,989,17
2020-09-30,Sierra,091,2930,6,6,0,6,0
2020-09-30,Siskiyou,093,43540,163,150,10,160,0
2020-09-30,Solano,095,438530,6501,6315,39,6354,51
2020-09-30,Sonoma,097,501317,7997,7494,22,7516,125
2020-09-30,Stanislaus,099,539301,16736,16531,547,17078,343
2020-09-30,Sutter,101,95872,1710,1680,1,1681,10
2020-09-30,Tehama,103,63373,646,594,2,596,3
2020-09-30,Trinity,105,12862,58,15,8,23,0
2020-09-30,Tulare,107,460477,16693,16117,151,16268,274
2020-09-30,Tuolumne,109,53932,234,224,5,229,2
2020-09-30,Ventura,111,848112,13703,12968,187,13155,145
2020-09-30,Yolo,113,214977,2894,2822,7,2829,55
2020-09-30,Yuba,115,75493,1113,1075,3,1078,8
2020-09-29,Alameda,001,1643700,21790,21241,179,21420,374
2020-09-29,Alpine,003,1148,3,2,0,2,0
2020-09-29,Amador,005,37829,298,294,0,294,16
2020-09-29,Butte,007,227075,2966,2848,30,2878,44
2020-09-29,Calaveras,009,45235,311,261,0,261,11
2020-09-29,Colusa,011,21464,534,534,0,534,6
2020-09-29,Contra Costa,013,1133247,17442,16716,81,16797,209
2020-09-29,Del Norte,015,27424,142,142,0,142,2
2020-09-29,El Dorado,017,186661,1239,1151,8,1159,4
2020-09-29,Fresno,019,978130,31072,28621,389,29010,394
2020-09-29,Glenn,021,27897,602,589,0,589,3
2020-09-29,Humboldt,023,135768,515,497,1,498,6
2020-09-29,Imperial,025,180216,11954,10811,9,10820,283
2020-09-29,Inyo,027,18085,195,188,4,192,14
2020-09-29,Kern,029,883053,32304,31534,332,31866,397
2020-09-29,Kings,031,150075,8027,7681,39,7720,78
2020-09-29,Lake,033,64148,597,566,0,566,11
2020-09-29,Lassen,035,31185,750,741,2,743,0
2020-09-29,Los Angeles,037,10098052,272543,269246,1920,271166,6545
2020-09-29,Madera,039,155013,4655,4453,30,4483,47
2020-09-29,Marin,041,260295,6790,6692,17,6709,91
2020-09-29,Mariposa,043,17540,77,74,0,74,2
2020-09-29,Mendocino,045,87422,925,854,4,858,17
2020-09-29,Merced,047,269075,9022,8892,21,8913,136
2020-09-29,Modoc,049,8938,29,26,0,26,0
2020-09-29,Mono,051,14174,169,149,2,151,1
2020-09-29,Monterey,053,433212,10164,9826,35,9861,70
2020-09-29,Napa,055,140530,1771,1727,8,1735,11
2020-09-29,Nevada,057,99092,551,539,16,555,6
2020-09-29,Orange,059,3164182,55793,52755,1496,54251,1231
2020-09-29,Placer,061,380077,3704,3570,13,3583,42
2020-09-29,Plumas,063,18699,51,48,0,48,0
2020-09-29,Riverside,065,2383286,60450,58863,196,59059,1208
2020-09-29,Sacramento,067,1510023,23075,22547,26,22573,425
2020-09-29,San Benito,069,59416,1350,1341,0,1341,12
2020-09-29,San Bernardino,071,2135413,55766,53753,349,54102,1012
2020-09-29,San Diego,073,3302833,48944,46987,1024,48011,781
2020-09-29,San Francisco,075,870044,11436,11142,28,11170,104
2020-09-29,San Joaquin,077,732212,20453,20094,60,20154,454
2020-09-29,San Luis Obispo,079,281455,3831,3581,17,3598,31
2020-09-29,San Mateo,081,765935,10366,9619,10,9629,127
2020-09-29,Santa Barbara,083,443738,9286,9149,77,9226,114
2020-09-29,Santa Clara,085,1922200,22532,21233,46,21279,302
2020-09-29,Santa Cruz,087,273765,2513,2383,31,2414,10
2020-09-29,Shasta,089,179085,1286,943,13,956,17
2020-09-29,Sierra,091,2930,6,6,0,6,0
2020-09-29,Siskiyou,093,43540,157,150,10,160,0
2020-09-29,Solano,095,438530,6467,6303,39,6342,51
2020-09-29,Sonoma,097,501317,7925,7426,22,7448,125
2020-09-29,Stanislaus,099,539301,16706,16505,541,17046,341
2020-09-29,Sutter,101,95872,1704,1677,1,1678,10
2020-09-29,Tehama,103,63373,628,585,2,587,2
2020-09-29,Trinity,105,12862,56,16,8,24,0
2020-09-29,Tulare,107,460477,16628,16055,144,16199,270
2020-09-29,Tuolumne,109,53932,234,224,5,229,2
2020-09-29,Ventura,111,848112,13646,12875,184,13059,145
2020-09-29,Yolo,113,214977,2881,2818,7,2825,55
2020-09-29,Yuba,115,75493,1111,1071,3,1074,8
2020-09-28,Alameda,001,1643700,21703,21133,179,21312,370
2020-09-28,Alpine,003,1148,3,2,0,2,0
2020-09-28,Amador,005,37829,296,294,0,294,16
2020-09-28,Butte,007,227075,2951,2837,30,2867,44
2020-09-28,Calaveras,009,45235,311,257,0,257,11
2020-09-28,Colusa,011,21464,533,531,0,531,6
2020-09-28,Contra Costa,013,1133247,17379,16653,81,16734,195
2020-09-28,Del Norte,015,27424,142,138,0,138,2
2020-09-28,El Dorado,017,186661,1232,1144,8,1152,4
2020-09-28,Fresno,019,978130,30991,28517,383,28900,389
2020-09-28,Glenn,021,27897,600,585,0,585,3
2020-09-28,Humboldt,023,135768,509,495,1,496,6
2020-09-28,Imperial,025,180216,11919,10777,9,10786,283
2020-09-28,Inyo,027,18085,194,188,4,192,14
2020-09-28,Kern,029,883053,32239,31481,328,31809,395
2020-09-28,Kings,031,150075,7886,7661,37,7698,78
2020-09-28,Lake,033,64148,593,559,0,559,10
2020-09-28,Lassen,035,31185,749,737,2,739,0
2020-09-28,Los Angeles,037,10098052,271436,268404,1890,270294,6508
2020-09-28,Madera,039,155013,4634,4438,30,4468,47
2020-09-28,Marin,041,260295,6774,6676,17,6693,91
2020-09-28,Mariposa,043,17540,77,74,0,74,2
2020-09-28,Mendocino,045,87422,910,850,4,854,17
2020-09-28,Merced,047,269075,8994,8869,21,8890,136
2020-09-28,Modoc,049,8938,29,26,0,26,0
2020-09-28,Mono,051,14174,169,148,2,150,1
2020-09-28,Monterey,053,433212,10099,9780,33,9813,69
2020-09-28,Napa,055,140530,1759,1705,8,1713,11
2020-09-28,Nevada,057,99092,543,538,16,554,6
2020-09-28,Orange,059,3164182,55587,52633,1487,54120,1196
2020-09-28,Placer,061,380077,3683,3572,13,3585,42
2020-09-28,Plumas,063,18699,50,48,0,48,0
2020-09-28,Riverside,065,2383286,60152,58570,187,58757,1198
2020-09-28,Sacramento,067,1510023,22928,22392,26,22418,423
2020-09-28,San Benito,069,59416,1347,1336,0,1336,11
2020-09-28,San Bernardino,071,2135413,55418,53501,349,53850,988
2020-09-28,San Diego,073,3302833,48626,46736,1004,47740,776
2020-09-28,San Francisco,075,870044,11402,11114,28,11142,100
2020-09-28,San Joaquin,077,732212,20405,19982,59,20041,448
2020-09-28,San Luis Obispo,079,281455,3810,3567,17,3584,31
2020-09-28,San Mateo,081,765935,10316,9582,10,9592,127
2020-09-28,Santa Barbara,083,443738,9268,9121,77,9198,114
2020-09-28,Santa Clara,085,1922200,22415,21180,46,21226,271
2020-09-28,Santa Cruz,087,273765,2503,2359,31,2390,9
2020-09-28,Shasta,089,179085,1232,883,10,893,17
2020-09-28,Sierra,091,2930,6,6,0,6,0
2020-09-28,Siskiyou,093,43540,157,149,10,159,0
2020-09-28,Solano,095,438530,6430,6254,39,6293,51
2020-09-28,Sonoma,097,501317,7849,7369,22,7391,125
2020-09-28,Stanislaus,099,539301,16667,16467,534,17001,336
2020-09-28,Sutter,101,95872,1697,1676,1,1677,10
2020-09-28,Tehama,103,63373,620,579,2,581,2
2020-09-28,Trinity,105,12862,56,16,8,24,0
2020-09-28,Tulare,107,460477,16575,15918,139,16057,270
2020-09-28,Tuolumne,109,53932,234,225,5,230,2
2020-09-28,Ventura,111,848112,13568,12812,178,12990,139
2020-09-28,Yolo,113,214977,2864,2809,7,2816,55
2020-09-28,Yuba,115,75493,1108,1062,3,1065,7
2020-09-27,Alameda,001,1643700,21621,21077,175,21252,370
2020-09-27,Alpine,003,1148,3,2,0,2,0
2020-09-27,Amador,005,37829,296,291,0,291,16
2020-09-27,Butte,007,227075,2940,2833,30,2863,44
2020-09-27,Calaveras,009,45235,310,257,0,257,11
2020-09-27,Colusa,011,21464,532,531,0,531,6
2020-09-27,Contra Costa,013,1133247,17278,16596,80,16676,195
2020-09-27,Del Norte,015,27424,142,138,0,138,2
2020-09-27,El Dorado,017,186661,1217,1130,8,1138,4
2020-09-27,Fresno,019,978130,30886,28441,383,28824,389
2020-09-27,Glenn,021,27897,596,576,0,576,3
2020-09-27,Humboldt,023,135768,507,492,1,493,6
2020-09-27,Imperial,025,180216,11885,10743,9,10752,283
2020-09-27,Inyo,027,18085,192,188,4,192,14
2020-09-27,Kern,029,883053,32120,31462,325,31787,395
2020-09-27,Kings,031,150075,7866,7641,37,7678,78
2020-09-27,Lake,033,64148,589,555,0,555,10
2020-09-27,Lassen,035,31185,749,737,2,739,0
2020-09-27,Los Angeles,037,10098052,270256,267754,1870,269624,6507
2020-09-27,Madera,039,155013,4605,4416,30,4446,47
2020-09-27,Marin,041,260295,6764,6663,17,6680,91
2020-09-27,Mariposa,043,17540,77,74,0,74,2
2020-09-27,Mendocino,045,87422,904,846,4,850,17
2020-09-27,Merced,047,269075,8959,8853,21,8874,136
2020-09-27,Modoc,049,8938,29,26,0,26,0
2020-09-27,Mono,051,14174,169,148,2,150,1
2020-09-27,Monterey,053,433212,10039,9724,32,9756,69
2020-09-27,Napa,055,140530,1754,1690,8,1698,11
2020-09-27,Nevada,057,99092,542,537,16,553,6
2020-09-27,Orange,059,3164182,55312,52458,1478,53936,1195
2020-09-27,Placer,061,380077,3670,3562,13,3575,42
2020-09-27,Plumas,063,18699,50,48,0,48,0
2020-09-27,Riverside,065,2383286,59856,58509,179,58688,1191
2020-09-27,Sacramento,067,1510023,22830,22356,26,22382,422
2020-09-27,San Benito,069,59416,1347,1331,0,1331,11
2020-09-27,San Bernardino,071,2135413,54982,53127,349,53476,988
2020-09-27,San Diego,073,3302833,48282,46612,987,47599,776
2020-09-27,San Francisco,075,870044,11350,11114,28,11142,100
2020-09-27,San Joaquin,077,732212,20346,19981,59,20040,448
2020-09-27,San Luis Obispo,079,281455,3790,3562,17,3579,31
2020-09-27,San Mateo,081,765935,10248,9566,10,9576,127
2020-09-27,Santa Barbara,083,443738,9247,9090,76,9166,114
2020-09-27,Santa Clara,085,1922200,22306,21091,46,21137,271
2020-09-27,Santa Cruz,087,273765,2481,2359,31,2390,9
2020-09-27,Shasta,089,179085,1189,883,9,892,17
2020-09-27,Sierra,091,2930,6,6,0,6,0
2020-09-27,Siskiyou,093,43540,156,149,10,159,0
2020-09-27,Solano,095,438530,6395,6211,39,6250,51
2020-09-27,Sonoma,097,501317,7768,7336,22,7358,124
2020-09-27,Stanislaus,099,539301,16616,16448,528,16976,336
2020-09-27,Sutter,101,95872,1690,1672,1,1673,10
2020-09-27,Tehama,103,63373,603,573,2,575,2
2020-09-27,Trinity,105,12862,56,16,8,24,0
2020-09-27,Tulare,107,460477,16497,15918,130,16048,270
2020-09-27,Tuolumne,109,53932,233,224,5,229,2
2020-09-27,Ventura,111,848112,13479,12775,169,12944,139
2020-09-27,Yolo,113,214977,2850,2796,7,2803,55
2020-09-27,Yuba,115,75493,1098,1059,3,1062,7
2020-09-26,Alameda,001,1643700,21563,21019,174,21193,370
2020-09-26,Alpine,003,1148,3,2,0,2,0
2020-09-26,Amador,005,37829,295,291,0,291,16
2020-09-26,Butte,007,227075,2932,2827,30,2857,44
2020-09-26,Calaveras,009,45235,310,257,0,257,11
2020-09-26,Colusa,011,21464,532,529,0,529,6
2020-09-26,Contra Costa,013,1133247,17234,16508,80,16588,194
2020-09-26,Del Norte,015,27424,142,138,0,138,2
2020-09-26,El Dorado,017,186661,1212,1127,8,1135,4
2020-09-26,Fresno,019,978130,30819,28336,383,28719,389
2020-09-26,Glenn,021,27897,596,576,0,576,3
2020-09-26,Humboldt,023,135768,507,491,1,492,6
2020-09-26,Imperial,025,180216,11868,10721,9,10730,283
2020-09-26,Inyo,027,18085,191,187,4,191,14
2020-09-26,Kern,029,883053,32069,31410,325,31735,394
2020-09-26,Kings,031,150075,7854,7537,37,7574,78
2020-09-26,Lake,033,64148,586,549,0,549,10
2020-09-26,Lassen,035,31185,749,737,2,739,0
2020-09-26,Los Angeles,037,10098052,269624,266931,1856,268787,6497
2020-09-26,Madera,039,155013,4589,4410,30,4440,47
2020-09-26,Marin,041,260295,6751,6641,17,6658,91
2020-09-26,Mariposa,043,17540,76,74,0,74,2
2020-09-26,Mendocino,045,87422,899,836,4,840,17
2020-09-26,Merced,047,269075,8947,8841,20,8861,136
2020-09-26,Modoc,049,8938,29,26,0,26,0
2020-09-26,Mono,051,14174,169,148,2,150,1
2020-09-26,Monterey,053,433212,10012,9651,32,9683,68
2020-09-26,Napa,055,140530,1752,1681,8,1689,11
2020-09-26,Nevada,057,99092,542,534,16,550,6
2020-09-26,Orange,059,3164182,55173,52203,1472,53675,1194
2020-09-26,Placer,061,380077,3657,3551,13,3564,42
2020-09-26,Plumas,063,18699,49,48,0,48,0
2020-09-26,Riverside,065,2383286,59721,58076,177,58253,1190
2020-09-26,Sacramento,067,1510023,22772,22269,26,22295,421
2020-09-26,San Benito,069,59416,1345,1325,0,1325,11
2020-09-26,San Bernardino,071,2135413,54849,53122,349,53471,988
2020-09-26,San Diego,073,3302833,48077,46333,973,47306,775
2020-09-26,San Francisco,075,870044,11321,11113,28,11141,100
2020-09-26,San Joaquin,077,732212,20310,19982,57,20039,449
2020-09-26,San Luis Obispo,079,281455,3774,3546,17,3563,31
2020-09-26,San Mateo,081,765935,10214,9509,10,9519,127
2020-09-26,Santa Barbara,083,443738,9236,9061,76,9137,114
2020-09-26,Santa Clara,085,1922200,22235,20967,45,21012,270
2020-09-26,Santa Cruz,087,273765,2473,2336,31,2367,9
2020-09-26,Shasta,089,179085,1139,856,8,864,17
2020-09-26,Sierra,091,2930,6,6,0,6,0
2020-09-26,Siskiyou,093,43540,155,149,10,159,0
2020-09-26,Solano,095,438530,6376,6209,39,6248,51
2020-09-26,Sonoma,097,501317,7743,7285,21,7306,124
2020-09-26,Stanislaus,099,539301,16591,16421,520,16941,336
2020-09-26,Sutter,101,95872,1685,1662,1,1663,10
2020-09-26,Tehama,103,63373,591,560,2,562,2
2020-09-26,Trinity,105,12862,54,16,8,24,0
2020-09-26,Tulare,107,460477,16472,15881,128,16009,270
2020-09-26,Tuolumne,109,53932,233,223,5,228,2
2020-09-26,Ventura,111,848112,13444,12729,168,12897,137
2020-09-26,Yolo,113,214977,2848,2789,7,2796,55
2020-09-26,Yuba,115,75493,1094,1056,3,1059,7
2020-09-25,Alameda,001,1643700,21509,20911,174,21085,367
2020-09-25,Alpine,003,1148,3,2,0,2,0
2020-09-25,Amador,005,37829,295,289,0,289,16
2020-09-25,Butte,007,227075,2927,2819,30,2849,43
2020-09-25,Calaveras,009,45235,310,257,0,257,11
2020-09-25,Colusa,011,21464,532,528,0,528,6
2020-09-25,Contra Costa,013,1133247,17176,16401,80,16481,194
2020-09-25,Del Norte,015,27424,142,138,0,138,2
2020-09-25,El Dorado,017,186661,1208,1104,8,1112,4
2020-09-25,Fresno,019,978130,30759,28199,382,28581,385
2020-09-25,Glenn,021,27897,594,570,0,570,3
2020-09-25,Humboldt,023,135768,506,489,1,490,5
2020-09-25,Imperial,025,180216,11850,10681,9,10690,283
2020-09-25,Inyo,027,18085,189,187,4,191,14
2020-09-25,Kern,029,883053,32016,31333,323,31656,393
2020-09-25,Kings,031,150075,7849,7450,37,7487,77
2020-09-25,Lake,033,64148,585,539,0,539,9
2020-09-25,Lassen,035,31185,749,737,2,739,0
2020-09-25,Los Angeles,037,10098052,268830,265713,1844,267557,6483
2020-09-25,Madera,039,155013,4570,4369,30,4399,48
2020-09-25,Marin,041,260295,6748,6622,17,6639,90
2020-09-25,Mariposa,043,17540,76,74,0,74,2
2020-09-25,Mendocino,045,87422,884,819,3,822,17
2020-09-25,Merced,047,269075,8931,8830,20,8850,135
2020-09-25,Modoc,049,8938,29,26,0,26,0
2020-09-25,Mono,051,14174,169,149,2,151,1
2020-09-25,Monterey,053,433212,9960,9581,32,9613,68
2020-09-25,Napa,055,140530,1750,1669,8,1677,11
2020-09-25,Nevada,057,99092,540,529,16,545,6
2020-09-25,Orange,059,3164182,55046,52031,1464,53495,1184
2020-09-25,Placer,061,380077,3646,3527,13,3540,41
2020-09-25,Plumas,063,18699,49,48,0,48,0
2020-09-25,Riverside,065,2383286,59545,57783,172,57955,1183
2020-09-25,Sacramento,067,1510023,22695,22132,26,22158,418
2020-09-25,San Benito,069,59416,1344,1318,0,1318,11
2020-09-25,San Bernardino,071,2135413,54695,52814,349,53163,987
2020-09-25,San Diego,073,3302833,47875,46003,957,46960,775
2020-09-25,San Francisco,075,870044,11287,11066,27,11093,100
2020-09-25,San Joaquin,077,732212,20258,19909,57,19966,449
2020-09-25,San Luis Obispo,079,281455,3762,3512,17,3529,31
2020-09-25,San Mateo,081,765935,10178,9447,10,9457,127
2020-09-25,Santa Barbara,083,443738,9212,9026,76,9102,114
2020-09-25,Santa Clara,085,1922200,22170,20812,44,20856,265
2020-09-25,Santa Cruz,087,273765,2461,2309,30,2339,9
2020-09-25,Shasta,089,179085,1105,806,8,814,16
2020-09-25,Sierra,091,2930,6,6,0,6,0
2020-09-25,Siskiyou,093,43540,155,149,10,159,0
2020-09-25,Solano,095,438530,6360,6179,39,6218,50
2020-09-25,Sonoma,097,501317,7703,7202,21,7223,124
2020-09-25,Stanislaus,099,539301,16573,16381,518,16899,326
2020-09-25,Sutter,101,95872,1682,1655,1,1656,10
2020-09-25,Tehama,103,63373,583,546,2,548,2
2020-09-25,Trinity,105,12862,54,15,8,23,0
2020-09-25,Tulare,107,460477,16432,15815,127,15942,267
2020-09-25,Tuolumne,109,53932,233,223,5,228,2
2020-09-25,Ventura,111,848112,13401,12664,165,12829,137
2020-09-25,Yolo,113,214977,2840,2784,7,2791,55
2020-09-25,Yuba,115,75493,1089,1049,3,1052,5
2020-09-24,Alameda,001,1643700,21434,20838,171,21009,364
2020-09-24,Alpine,003,1148,3,2,0,2,0
2020-09-24,Amador,005,37829,295,288,0,288,16
2020-09-24,Butte,007,227075,2916,2803,30,2833,43
2020-09-24,Calaveras,009,45235,310,258,0,258,11
2020-09-24,Colusa,011,21464,532,523,0,523,6
2020-09-24,Contra Costa,013,1133247,17093,16252,80,16332,192
2020-09-24,Del Norte,015,27424,138,137,0,137,2
2020-09-24,El Dorado,017,186661,1199,1093,8,1101,4
2020-09-24,Fresno,019,978130,30653,28106,378,28484,375
2020-09-24,Glenn,021,27897,590,567,0,567,3
2020-09-24,Humboldt,023,135768,503,482,1,483,5
2020-09-24,Imperial,025,180216,11826,10622,9,10631,283
2020-09-24,Inyo,027,18085,189,187,4,191,13
2020-09-24,Kern,029,883053,31953,31273,321,31594,388
2020-09-24,Kings,031,150075,7833,7428,37,7465,76
2020-09-24,Lake,033,64148,576,531,0,531,9
2020-09-24,Lassen,035,31185,748,737,2,739,0
2020-09-24,Los Angeles,037,10098052,267788,264374,1827,266201,6452
2020-09-24,Madera,039,155013,4551,4344,30,4374,48
2020-09-24,Marin,041,260295,6720,6588,17,6605,85
2020-09-24,Mariposa,043,17540,76,74,0,74,2
2020-09-24,Mendocino,045,87422,880,810,3,813,17
2020-09-24,Merced,047,269075,8902,8813,19,8832,135
2020-09-24,Modoc,049,8938,29,24,0,24,0
2020-09-24,Mono,051,14174,169,149,2,151,1
2020-09-24,Monterey,053,433212,9894,9544,30,9574,67
2020-09-24,Napa,055,140530,1738,1661,8,1669,11
2020-09-24,Nevada,057,99092,539,527,16,543,6
2020-09-24,Orange,059,3164182,54840,51749,1446,53195,1164
2020-09-24,Placer,061,380077,3632,3514,13,3527,41
2020-09-24,Plumas,063,18699,49,48,0,48,0
2020-09-24,Riverside,065,2383286,59280,57491,166,57657,1172
2020-09-24,Sacramento,067,1510023,22567,21985,25,22010,417
2020-09-24,San Benito,069,59416,1342,1308,0,1308,11
2020-09-24,San Bernardino,071,2135413,54358,52455,348,52803,988
2020-09-24,San Diego,073,3302833,47606,45598,942,46540,773
2020-09-24,San Francisco,075,870044,11240,10992,27,11019,99
2020-09-24,San Joaquin,077,732212,20220,19851,55,19906,444
2020-09-24,San Luis Obispo,079,281455,3746,3480,17,3497,31
2020-09-24,San Mateo,081,765935,10130,9376,10,9386,127
2020-09-24,Santa Barbara,083,443738,9159,8988,75,9063,114
2020-09-24,Santa Clara,085,1922200,22082,20689,44,20733,262
2020-09-24,Santa Cruz,087,273765,2441,2300,28,2328,9
2020-09-24,Shasta,089,179085,1068,773,5,778,14
2020-09-24,Sierra,091,2930,6,6,0,6,0
2020-09-24,Siskiyou,093,43540,155,149,10,159,0
2020-09-24,Solano,095,438530,6327,6137,39,6176,49
2020-09-24,Sonoma,097,501317,7622,7163,21,7184,122
2020-09-24,Stanislaus,099,539301,16536,16326,513,16839,326
2020-09-24,Sutter,101,95872,1679,1646,1,1647,10
2020-09-24,Tehama,103,63373,580,540,2,542,2
2020-09-24,Trinity,105,12862,54,15,8,23,0
2020-09-24,Tulare,107,460477,16367,15754,126,15880,267
2020-09-24,Tuolumne,109,53932,233,224,5,229,2
2020-09-24,Ventura,111,848112,13319,12617,164,12781,138
2020-09-24,Yolo,113,214977,2833,2776,7,2783,55
2020-09-24,Yuba,115,75493,1084,1042,3,1045,5
2020-09-23,Alameda,001,1643700,21366,20718,169,20887,361
2020-09-23,Alpine,003,1148,3,2,0,2,0
2020-09-23,Amador,005,37829,294,288,0,288,16
2020-09-23,Butte,007,227075,2908,2790,30,2820,43
2020-09-23,Calaveras,009,45235,309,258,0,258,11
2020-09-23,Colusa,011,21464,531,521,0,521,6
2020-09-23,Contra Costa,013,1133247,17033,16167,80,16247,192
2020-09-23,Del Norte,015,27424,136,137,0,137,2
2020-09-23,El Dorado,017,186661,1185,1088,8,1096,4
2020-09-23,Fresno,019,978130,30558,28019,376,28395,371
2020-09-23,Glenn,021,27897,583,561,0,561,3
2020-09-23,Humboldt,023,135768,499,477,1,478,5
2020-09-23,Imperial,025,180216,11801,10587,9,10596,284
2020-09-23,Inyo,027,18085,188,177,4,181,13
2020-09-23,Kern,029,883053,31909,31172,319,31491,387
2020-09-23,Kings,031,150075,7811,7406,37,7443,76
2020-09-23,Lake,033,64148,571,519,0,519,9
2020-09-23,Lassen,035,31185,748,736,2,738,0
2020-09-23,Los Angeles,037,10098052,266771,263318,1799,265117,6421
2020-09-23,Madera,039,155013,4536,4311,30,4341,48
2020-09-23,Marin,041,260295,6701,6567,17,6584,85
2020-09-23,Mariposa,043,17540,76,74,0,74,2
2020-09-23,Mendocino,045,87422,879,801,2,803,17
2020-09-23,Merced,047,269075,8881,8785,17,8802,134
2020-09-23,Modoc,049,8938,29,24,0,24,0
2020-09-23,Mono,051,14174,169,149,2,151,1
2020-09-23,Monterey,053,433212,9825,9452,29,9481,67
2020-09-23,Napa,055,140530,1729,1653,8,1661,11
2020-09-23,Nevada,057,99092,538,523,16,539,6
2020-09-23,Orange,059,3164182,54613,51658,1438,53096,1155
2020-09-23,Placer,061,380077,3620,3506,13,3519,41
2020-09-23,Plumas,063,18699,49,48,0,48,0
2020-09-23,Riverside,065,2383286,58974,57257,163,57420,1165
2020-09-23,Sacramento,067,1510023,22491,21821,25,21846,415
2020-09-23,San Benito,069,59416,1336,1305,0,1305,10
2020-09-23,San Bernardino,071,2135413,54066,52132,346,52478,973
2020-09-23,San Diego,073,3302833,47330,45427,923,46350,767
2020-09-23,San Francisco,075,870044,11191,10926,27,10953,95
2020-09-23,San Joaquin,077,732212,20166,19785,55,19840,439
2020-09-23,San Luis Obispo,079,281455,3728,3447,17,3464,31
2020-09-23,San Mateo,081,765935,10090,9351,10,9361,127
2020-09-23,Santa Barbara,083,443738,9130,8952,75,9027,112
2020-09-23,Santa Clara,085,1922200,21971,20575,41,20616,260
2020-09-23,Santa Cruz,087,273765,2422,2283,28,2311,9
2020-09-23,Shasta,089,179085,1029,756,4,760,14
2020-09-23,Sierra,091,2930,6,6,0,6,0
2020-09-23,Siskiyou,093,43540,155,149,10,159,0
2020-09-23,Solano,095,438530,6301,6123,39,6162,50
2020-09-23,Sonoma,097,501317,7546,7091,21,7112,122
2020-09-23,Stanislaus,099,539301,16506,16271,510,16781,317
2020-09-23,Sutter,101,95872,1675,1646,1,1647,10
2020-09-23,Tehama,103,63373,574,533,2,535,2
2020-09-23,Trinity,105,12862,53,15,8,23,0
2020-09-23,Tulare,107,460477,16302,15664,125,15789,266
2020-09-23,Tuolumne,109,53932,233,223,5,228,2
2020-09-23,Ventura,111,848112,13263,12591,162,12753,137
2020-09-23,Yolo,113,214977,2815,2766,7,2773,55
2020-09-23,Yuba,115,75493,1082,1038,3,1041,5
2020-09-22,Alameda,001,1643700,21287,20607,167,20774,355
2020-09-22,Alpine,003,1148,2,2,0,2,0
2020-09-22,Amador,005,37829,293,287,0,287,16
2020-09-22,Butte,007,227075,2903,2776,30,2806,43
2020-09-22,Calaveras,009,45235,309,258,0,258,11
2020-09-22,Colusa,011,21464,529,518,0,518,6
2020-09-22,Contra Costa,013,1133247,16943,16090,80,16170,190
2020-09-22,Del Norte,015,27424,136,137,0,137,2
2020-09-22,El Dorado,017,186661,1166,1076,8,1084,4
2020-09-22,Fresno,019,978130,30463,27944,373,28317,369
2020-09-22,Glenn,021,27897,580,560,0,560,3
2020-09-22,Humboldt,023,135768,498,476,1,477,5
2020-09-22,Imperial,025,180216,11772,10529,9,10538,284
2020-09-22,Inyo,027,18085,188,177,4,181,13
2020-09-22,Kern,029,883053,31842,31110,312,31422,383
2020-09-22,Kings,031,150075,7754,7395,36,7431,76
2020-09-22,Lake,033,64148,565,516,0,516,9
2020-09-22,Lassen,035,31185,747,736,2,738,0
2020-09-22,Los Angeles,037,10098052,265705,262117,1774,263891,6394
2020-09-22,Madera,039,155013,4520,4303,30,4333,47
2020-09-22,Marin,041,260295,6688,6561,17,6578,84
2020-09-22,Mariposa,043,17540,76,74,0,74,2
2020-09-22,Mendocino,045,87422,859,794,1,795,18
2020-09-22,Merced,047,269075,8851,8769,17,8786,132
2020-09-22,Modoc,049,8938,29,24,0,24,0
2020-09-22,Mono,051,14174,168,149,2,151,1
2020-09-22,Monterey,053,433212,9767,9393,28,9421,67
2020-09-22,Napa,055,140530,1712,1652,8,1660,11
2020-09-22,Nevada,057,99092,538,523,16,539,6
2020-09-22,Orange,059,3164182,54363,51528,1429,52957,1132
2020-09-22,Placer,061,380077,3608,3492,13,3505,40
2020-09-22,Plumas,063,18699,49,48,0,48,0
2020-09-22,Riverside,065,2383286,58490,57066,159,57225,1162
2020-09-22,Sacramento,067,1510023,22372,21745,25,21770,410
2020-09-22,San Benito,069,59416,1331,1305,0,1305,10
2020-09-22,San Bernardino,071,2135413,53792,51899,346,52245,971
2020-09-22,San Diego,073,3302833,47023,45149,904,46053,765
2020-09-22,San Francisco,075,870044,11147,10893,26,10919,95
2020-09-22,San Joaquin,077,732212,20119,19755,54,19809,426
2020-09-22,San Luis Obispo,079,281455,3706,3420,17,3437,31
2020-09-22,San Mateo,081,765935,10052,9291,10,9301,127
2020-09-22,Santa Barbara,083,443738,9100,8927,74,9001,111
2020-09-22,Santa Clara,085,1922200,21852,20514,41,20555,253
2020-09-22,Santa Cruz,087,273765,2398,2264,28,2292,8
2020-09-22,Shasta,089,179085,994,723,4,727,14
2020-09-22,Sierra,091,2930,6,6,0,6,0
2020-09-22,Siskiyou,093,43540,155,149,10,159,0
2020-09-22,Solano,095,438530,6270,6107,39,6146,48
2020-09-22,Sonoma,097,501317,7467,7068,20,7088,117
2020-09-22,Stanislaus,099,539301,16483,16231,503,16734,316
2020-09-22,Sutter,101,95872,1669,1638,1,1639,10
2020-09-22,Tehama,103,63373,566,529,2,531,2
2020-09-22,Trinity,105,12862,53,15,8,23,0
2020-09-22,Tulare,107,460477,16235,15616,122,15738,263
2020-09-22,Tuolumne,109,53932,232,224,5,229,1
2020-09-22,Ventura,111,848112,13211,12507,158,12665,136
2020-09-22,Yolo,113,214977,2808,2763,7,2770,54
2020-09-22,Yuba,115,75493,1073,1035,3,1038,5
2020-09-21,Alameda,001,1643700,21208,20501,166,20667,343
2020-09-21,Alpine,003,1148,2,2,0,2,0
2020-09-21,Amador,005,37829,291,286,0,286,16
2020-09-21,Butte,007,227075,2889,2769,30,2799,41
2020-09-21,Calaveras,009,45235,307,256,0,256,10
2020-09-21,Colusa,011,21464,528,517,0,517,6
2020-09-21,Contra Costa,013,1133247,16862,16008,80,16088,189
2020-09-21,Del Norte,015,27424,136,132,0,132,2
2020-09-21,El Dorado,017,186661,1157,1074,8,1082,4
2020-09-21,Fresno,019,978130,30361,27843,366,28209,362
2020-09-21,Glenn,021,27897,576,556,0,556,3
2020-09-21,Humboldt,023,135768,494,473,1,474,5
2020-09-21,Imperial,025,180216,11741,10521,9,10530,284
2020-09-21,Inyo,027,18085,187,177,4,181,12
2020-09-21,Kern,029,883053,31771,31031,310,31341,379
2020-09-21,Kings,031,150075,7641,7297,35,7332,76
2020-09-21,Lake,033,64148,560,508,0,508,8
2020-09-21,Lassen,035,31185,745,735,2,737,0
2020-09-21,Los Angeles,037,10098052,264619,261418,1729,263147,6360
2020-09-21,Madera,039,155013,4509,4275,29,4304,47
2020-09-21,Marin,041,260295,6677,6538,16,6554,84
2020-09-21,Mariposa,043,17540,75,74,0,74,2
2020-09-21,Mendocino,045,87422,844,778,0,778,18
2020-09-21,Merced,047,269075,8832,8749,15,8764,128
2020-09-21,Modoc,049,8938,29,22,0,22,0
2020-09-21,Mono,051,14174,168,147,2,149,1
2020-09-21,Monterey,053,433212,9703,9331,25,9356,66
2020-09-21,Napa,055,140530,1701,1641,8,1649,11
2020-09-21,Nevada,057,99092,536,515,16,531,6
2020-09-21,Orange,059,3164182,54141,51363,1422,52785,1110
2020-09-21,Placer,061,380077,3598,3473,13,3486,40
2020-09-21,Plumas,063,18699,49,47,0,47,0
2020-09-21,Riverside,065,2383286,58218,57001,152,57153,1153
2020-09-21,Sacramento,067,1510023,22190,21568,25,21593,404
2020-09-21,San Benito,069,59416,1329,1298,0,1298,10
2020-09-21,San Bernardino,071,2135413,53505,51654,346,52000,970
2020-09-21,San Diego,073,3302833,46739,44927,883,45810,760
2020-09-21,San Francisco,075,870044,11099,10743,26,10769,95
2020-09-21,San Joaquin,077,732212,20062,19579,54,19633,423
2020-09-21,San Luis Obispo,079,281455,3680,3406,17,3423,27
2020-09-21,San Mateo,081,765935,10000,9239,10,9249,127
2020-09-21,Santa Barbara,083,443738,9072,8911,74,8985,110
2020-09-21,Santa Clara,085,1922200,21752,20432,41,20473,252
2020-09-21,Santa Cruz,087,273765,2382,2257,26,2283,8
2020-09-21,Shasta,089,179085,944,696,4,700,14
2020-09-21,Sierra,091,2930,6,6,0,6,0
2020-09-21,Siskiyou,093,43540,155,146,10,156,0
2020-09-21,Solano,095,438530,6246,6019,39,6058,46
2020-09-21,Sonoma,097,501317,7391,7017,20,7037,117
2020-09-21,Stanislaus,099,539301,16453,16186,503,16689,310
2020-09-21,Sutter,101,95872,1662,1634,1,1635,10
2020-09-21,Tehama,103,63373,547,513,2,515,2
2020-09-21,Trinity,105,12862,53,15,8,23,0
2020-09-21,Tulare,107,460477,16161,15528,113,15641,260
2020-09-21,Tuolumne,109,53932,232,221,5,226,1
2020-09-21,Ventura,111,848112,13127,12477,152,12629,133
2020-09-21,Yolo,113,214977,2802,2752,7,2759,54
2020-09-21,Yuba,115,75493,1069,1033,3,1036,1
2020-09-20,Alameda,001,1643700,21107,20425,163,20588,343
2020-09-20,Alpine,003,1148,2,2,0,2,0
2020-09-20,Amador,005,37829,290,286,0,286,16
2020-09-20,Butte,007,227075,2877,2764,30,2794,39
2020-09-20,Calaveras,009,45235,303,256,0,256,10
2020-09-20,Colusa,011,21464,526,510,0,510,6
2020-09-20,Contra Costa,013,1133247,16745,15917,79,15996,189
2020-09-20,Del Norte,015,27424,134,132,0,132,2
2020-09-20,El Dorado,017,186661,1142,1073,8,1081,4
2020-09-20,Fresno,019,978130,30247,27769,361,28130,362
2020-09-20,Glenn,021,27897,572,550,0,550,3
2020-09-20,Humboldt,023,135768,494,472,1,473,5
2020-09-20,Imperial,025,180216,11714,10496,8,10504,284
2020-09-20,Inyo,027,18085,187,177,4,181,12
2020-09-20,Kern,029,883053,31687,30992,306,31298,379
2020-09-20,Kings,031,150075,7594,7159,34,7193,76
2020-09-20,Lake,033,64148,548,492,0,492,8
2020-09-20,Lassen,035,31185,745,735,2,737,0
2020-09-20,Los Angeles,037,10098052,263391,260770,1704,262474,6347
2020-09-20,Madera,039,155013,4489,4257,29,4286,47
2020-09-20,Marin,041,260295,6652,6533,16,6549,83
2020-09-20,Mariposa,043,17540,75,74,0,74,2
2020-09-20,Mendocino,045,87422,832,765,0,765,18
2020-09-20,Merced,047,269075,8805,8745,15,8760,128
2020-09-20,Modoc,049,8938,27,22,0,22,0
2020-09-20,Mono,051,14174,167,147,2,149,1
2020-09-20,Monterey,053,433212,9624,9312,25,9337,65
2020-09-20,Napa,055,140530,1692,1626,8,1634,11
2020-09-20,Nevada,057,99092,533,511,16,527,6
2020-09-20,Orange,059,3164182,53899,51233,1412,52645,1110
2020-09-20,Placer,061,380077,3583,3452,13,3465,40
2020-09-20,Plumas,063,18699,49,47,0,47,0
2020-09-20,Riverside,065,2383286,58017,56783,146,56929,1147
2020-09-20,Sacramento,067,1510023,22003,21394,24,21418,401
2020-09-20,San Benito,069,59416,1318,1291,0,1291,9
2020-09-20,San Bernardino,071,2135413,53188,51559,344,51903,970
2020-09-20,San Diego,073,3302833,46366,44579,854,45433,760
2020-09-20,San Francisco,075,870044,11045,10743,26,10769,95
2020-09-20,San Joaquin,077,732212,19997,19578,47,19625,423
2020-09-20,San Luis Obispo,079,281455,3653,3393,17,3410,27
2020-09-20,San Mateo,081,765935,9934,9198,10,9208,127
2020-09-20,Santa Barbara,083,443738,9036,8880,73,8953,110
2020-09-20,Santa Clara,085,1922200,21633,20330,40,20370,252
2020-09-20,Santa Cruz,087,273765,2362,2199,26,2225,8
2020-09-20,Shasta,089,179085,903,696,3,699,14
2020-09-20,Sierra,091,2930,6,6,0,6,0
2020-09-20,Siskiyou,093,43540,155,146,10,156,0
2020-09-20,Solano,095,438530,6202,6020,39,6059,46
2020-09-20,Sonoma,097,501317,7287,6954,20,6974,117
2020-09-20,Stanislaus,099,539301,16422,16159,496,16655,310
2020-09-20,Sutter,101,95872,1656,1624,1,1625,10
2020-09-20,Tehama,103,63373,534,509,2,511,2
2020-09-20,Trinity,105,12862,53,15,8,23,0
2020-09-20,Tulare,107,460477,16075,15528,106,15634,260
2020-09-20,Tuolumne,109,53932,232,221,5,226,1
2020-09-20,Ventura,111,848112,13061,12406,148,12554,133
2020-09-20,Yolo,113,214977,2794,2745,7,2752,54
2020-09-20,Yuba,115,75493,1062,1029,3,1032,1
2020-09-19,Alameda,001,1643700,21057,20349,160,20509,343
2020-09-19,Alpine,003,1148,2,2,0,2,0
2020-09-19,Amador,005,37829,290,285,0,285,16
2020-09-19,Butte,007,227075,2871,2748,30,2778,38
2020-09-19,Calaveras,009,45235,303,256,0,256,10
2020-09-19,Colusa,011,21464,526,507,0,507,6
2020-09-19,Contra Costa,013,1133247,16683,15783,79,15862,186
2020-09-19,Del Norte,015,27424,133,132,0,132,2
2020-09-19,El Dorado,017,186661,1136,1068,7,1075,4
2020-09-19,Fresno,019,978130,30174,27668,361,28029,362
2020-09-19,Glenn,021,27897,569,547,0,547,3
2020-09-19,Humboldt,023,135768,493,471,1,472,5
2020-09-19,Imperial,025,180216,11699,10496,8,10504,284
2020-09-19,Inyo,027,18085,187,177,4,181,12
2020-09-19,Kern,029,883053,31635,30886,303,31189,379
2020-09-19,Kings,031,150075,7588,7130,34,7164,76
2020-09-19,Lake,033,64148,548,465,0,465,8
2020-09-19,Lassen,035,31185,745,731,2,733,0
2020-09-19,Los Angeles,037,10098052,262767,259801,1690,261491,6325
2020-09-19,Madera,039,155013,4466,4237,29,4266,47
2020-09-19,Marin,041,260295,6645,6513,15,6528,81
2020-09-19,Mariposa,043,17540,75,74,0,74,2
2020-09-19,Mendocino,045,87422,829,750,0,750,18
2020-09-19,Merced,047,269075,8794,8717,14,8731,128
2020-09-19,Modoc,049,8938,27,22,0,22,0
2020-09-19,Mono,051,14174,167,147,2,149,1
2020-09-19,Monterey,053,433212,9582,9237,25,9262,65
2020-09-19,Napa,055,140530,1684,1614,8,1622,11
2020-09-19,Nevada,057,99092,531,505,16,521,6
2020-09-19,Orange,059,3164182,53771,50999,1405,52404,1105
2020-09-19,Placer,061,380077,3574,3412,13,3425,40
2020-09-19,Plumas,063,18699,49,47,0,47,0
2020-09-19,Riverside,065,2383286,57890,56562,145,56707,1147
2020-09-19,Sacramento,067,1510023,21949,21297,24,21321,396
2020-09-19,San Benito,069,59416,1314,1276,0,1276,9
2020-09-19,San Bernardino,071,2135413,53030,51353,341,51694,971
2020-09-19,San Diego,073,3302833,46138,44295,831,45126,773
2020-09-19,San Francisco,075,870044,11012,10741,26,10767,95
2020-09-19,San Joaquin,077,732212,19961,19580,47,19627,424
2020-09-19,San Luis Obispo,079,281455,3632,3369,17,3386,27
2020-09-19,San Mateo,081,765935,9903,9158,10,9168,127
2020-09-19,Santa Barbara,083,443738,9016,8862,73,8935,106
2020-09-19,Santa Clara,085,1922200,21544,20170,40,20210,251
2020-09-19,Santa Cruz,087,273765,2348,2198,25,2223,8
2020-09-19,Shasta,089,179085,876,687,3,690,14
2020-09-19,Sierra,091,2930,6,6,0,6,0
2020-09-19,Siskiyou,093,43540,155,146,10,156,0
2020-09-19,Solano,095,438530,6186,5998,39,6037,46
2020-09-19,Sonoma,097,501317,7254,6905,20,6925,117
2020-09-19,Stanislaus,099,539301,16382,16109,489,16598,313
2020-09-19,Sutter,101,95872,1655,1602,1,1603,10
2020-09-19,Tehama,103,63373,529,498,2,500,2
2020-09-19,Trinity,105,12862,53,15,8,23,0
2020-09-19,Tulare,107,460477,16027,15485,103,15588,260
2020-09-19,Tuolumne,109,53932,232,217,5,222,1
2020-09-19,Ventura,111,848112,13029,12328,148,12476,133
2020-09-19,Yolo,113,214977,2786,2739,7,2746,54
2020-09-19,Yuba,115,75493,1055,1023,3,1026,1
2020-09-18,Alameda,001,1643700,20991,20222,154,20376,341
2020-09-18,Alpine,003,1148,2,2,0,2,0
2020-09-18,Amador,005,37829,290,285,0,285,16
2020-09-18,Butte,007,227075,2869,2738,30,2768,37
2020-09-18,Calaveras,009,45235,303,255,0,255,9
2020-09-18,Colusa,011,21464,526,504,0,504,6
2020-09-18,Contra Costa,013,1133247,16594,15667,79,15746,185
2020-09-18,Del Norte,015,27424,133,131,0,131,2
2020-09-18,El Dorado,017,186661,1123,1063,7,1070,4
2020-09-18,Fresno,019,978130,30109,27560,361,27921,359
2020-09-18,Glenn,021,27897,566,541,0,541,3
2020-09-18,Humboldt,023,135768,490,470,1,471,5
2020-09-18,Imperial,025,180216,11684,10460,8,10468,283
2020-09-18,Inyo,027,18085,187,177,4,181,12
2020-09-18,Kern,029,883053,31575,30742,300,31042,373
2020-09-18,Kings,031,150075,7578,7062,34,7096,74
2020-09-18,Lake,033,64148,542,458,0,458,8
2020-09-18,Lassen,035,31185,744,731,2,733,0
2020-09-18,Los Angeles,037,10098052,262005,258488,1672,260160,6324
2020-09-18,Madera,039,155013,4455,4211,29,4240,45
2020-09-18,Marin,041,260295,6629,6475,15,6490,81
2020-09-18,Mariposa,043,17540,75,74,0,74,2
2020-09-18,Mendocino,045,87422,821,739,0,739,18
2020-09-18,Merced,047,269075,8782,8691,13,8704,127
2020-09-18,Modoc,049,8938,27,22,0,22,0
2020-09-18,Mono,051,14174,165,147,2,149,1
2020-09-18,Monterey,053,433212,9541,9183,25,9208,64
2020-09-18,Napa,055,140530,1678,1604,8,1612,11
2020-09-18,Nevada,057,99092,528,504,16,520,6
2020-09-18,Orange,059,3164182,53625,50733,1393,52126,1107
2020-09-18,Placer,061,380077,3563,3389,13,3402,40
2020-09-18,Plumas,063,18699,49,45,0,45,0
2020-09-18,Riverside,065,2383286,57768,56248,140,56388,1143
2020-09-18,Sacramento,067,1510023,21865,21105,24,21129,391
2020-09-18,San Benito,069,59416,1306,1257,0,1257,8
2020-09-18,San Bernardino,071,2135413,52885,51106,338,51444,970
2020-09-18,San Diego,073,3302833,45888,44009,826,44835,757
2020-09-18,San Francisco,075,870044,10974,10644,25,10669,95
2020-09-18,San Joaquin,077,732212,19918,19531,46,19577,423
2020-09-18,San Luis Obispo,079,281455,3608,3328,17,3345,27
2020-09-18,San Mateo,081,765935,9863,9062,10,9072,127
2020-09-18,Santa Barbara,083,443738,8995,8824,73,8897,107
2020-09-18,Santa Clara,085,1922200,21447,20058,40,20098,252
2020-09-18,Santa Cruz,087,273765,2328,2180,24,2204,8
2020-09-18,Shasta,089,179085,841,668,3,671,14
2020-09-18,Sierra,091,2930,6,6,0,6,0
2020-09-18,Siskiyou,093,43540,154,146,10,156,0
2020-09-18,Solano,095,438530,6170,5961,39,6000,46
2020-09-18,Sonoma,097,501317,7206,6856,20,6876,114
2020-09-18,Stanislaus,099,539301,16352,16042,483,16525,277
2020-09-18,Sutter,101,95872,1648,1586,1,1587,10
2020-09-18,Tehama,103,63373,529,490,2,492,2
2020-09-18,Trinity,105,12862,53,15,7,22,0
2020-09-18,Tulare,107,460477,15994,15435,99,15534,259
2020-09-18,Tuolumne,109,53932,231,216,5,221,1
2020-09-18,Ventura,111,848112,12968,12236,144,12380,133
2020-09-18,Yolo,113,214977,2780,2732,7,2739,54
2020-09-18,Yuba,115,75493,1051,1020,3,1023,1
2020-09-17,Alameda,001,1643700,20892,20146,154,20300,339
2020-09-17,Alpine,003,1148,2,2,0,2,0
2020-09-17,Amador,005,37829,288,284,0,284,16
2020-09-17,Butte,007,227075,2852,2720,30,2750,38
2020-09-17,Calaveras,009,45235,303,254,0,254,9
2020-09-17,Colusa,011,21464,524,499,0,499,6
2020-09-17,Contra Costa,013,1133247,16508,15576,79,15655,184
2020-09-17,Del Norte,015,27424,133,131,0,131,2
2020-09-17,El Dorado,017,186661,1114,1057,7,1064,4
2020-09-17,Fresno,019,978130,29999,27487,356,27843,355
2020-09-17,Glenn,021,27897,565,541,0,541,3
2020-09-17,Humboldt,023,135768,484,466,1,467,5
2020-09-17,Imperial,025,180216,11667,10436,8,10444,281
2020-09-17,Inyo,027,18085,187,176,4,180,12
2020-09-17,Kern,029,883053,31515,30627,293,30920,372
2020-09-17,Kings,031,150075,7507,7015,34,7049,72
2020-09-17,Lake,033,64148,532,433,0,433,8
2020-09-17,Lassen,035,31185,742,731,2,733,0
2020-09-17,Los Angeles,037,10098052,261062,257246,1658,258904,6318
2020-09-17,Madera,039,155013,4421,4152,29,4181,45
2020-09-17,Marin,041,260295,6608,6457,15,6472,81
2020-09-17,Mariposa,043,17540,75,74,0,74,2
2020-09-17,Mendocino,045,87422,810,737,0,737,18
2020-09-17,Merced,047,269075,8763,8671,13,8684,119
2020-09-17,Modoc,049,8938,27,22,0,22,0
2020-09-17,Mono,051,14174,165,147,2,149,1
2020-09-17,Monterey,053,433212,9479,9113,25,9138,62
2020-09-17,Napa,055,140530,1667,1592,8,1600,11
2020-09-17,Nevada,057,99092,526,494,16,510,6
2020-09-17,Orange,059,3164182,53445,50537,1381,51918,1098
2020-09-17,Placer,061,380077,3544,3368,13,3381,40
2020-09-17,Plumas,063,18699,49,45,0,45,0
2020-09-17,Riverside,065,2383286,57543,56007,139,56146,1134
2020-09-17,Sacramento,067,1510023,21630,20895,24,20919,385
2020-09-17,San Benito,069,59416,1304,1252,0,1252,8
2020-09-17,San Bernardino,071,2135413,52681,50770,338,51108,904
2020-09-17,San Diego,073,3302833,45608,43621,814,44435,754
2020-09-17,San Francisco,075,870044,10880,10564,25,10589,95
2020-09-17,San Joaquin,077,732212,19859,19439,46,19485,416
2020-09-17,San Luis Obispo,079,281455,3578,3299,17,3316,27
2020-09-17,San Mateo,081,765935,9821,8984,10,8994,127
2020-09-17,Santa Barbara,083,443738,8971,8779,73,8852,107
2020-09-17,Santa Clara,085,1922200,21330,19825,40,19865,254
2020-09-17,Santa Cruz,087,273765,2312,2155,24,2179,7
2020-09-17,Shasta,089,179085,802,660,3,663,12
2020-09-17,Sierra,091,2930,6,6,0,6,0
2020-09-17,Siskiyou,093,43540,154,146,10,156,0
2020-09-17,Solano,095,438530,6147,5915,39,5954,44
2020-09-17,Sonoma,097,501317,7142,6754,20,6774,114
2020-09-17,Stanislaus,099,539301,16319,15984,479,16463,277
2020-09-17,Sutter,101,95872,1643,1572,1,1573,10
2020-09-17,Tehama,103,63373,516,487,2,489,2
2020-09-17,Trinity,105,12862,53,15,7,22,0
2020-09-17,Tulare,107,460477,15942,15344,97,15441,258
2020-09-17,Tuolumne,109,53932,230,214,5,219,1
2020-09-17,Ventura,111,848112,12881,12167,141,12308,130
2020-09-17,Yolo,113,214977,2771,2724,7,2731,53
2020-09-17,Yuba,115,75493,1047,1015,3,1018,1
2020-09-16,Alameda,001,1643700,20794,20009,152,20161,333
2020-09-16,Alpine,003,1148,2,2,0,2,0
2020-09-16,Amador,005,37829,288,284,0,284,16
2020-09-16,Butte,007,227075,2842,2704,29,2733,38
2020-09-16,Calaveras,009,45235,303,254,0,254,9
2020-09-16,Colusa,011,21464,522,497,0,497,6
2020-09-16,Contra Costa,013,1133247,16421,15473,79,15552,183
2020-09-16,Del Norte,015,27424,133,131,0,131,2
2020-09-16,El Dorado,017,186661,1106,1049,7,1056,4
2020-09-16,Fresno,019,978130,29892,27381,354,27735,343
2020-09-16,Glenn,021,27897,563,539,0,539,3
2020-09-16,Humboldt,023,135768,483,455,1,456,4
2020-09-16,Imperial,025,180216,11644,10401,8,10409,277
2020-09-16,Inyo,027,18085,186,176,4,180,12
2020-09-16,Kern,029,883053,31456,30570,292,30862,371
2020-09-16,Kings,031,150075,7482,7002,32,7034,71
2020-09-16,Lake,033,64148,521,417,0,417,6
2020-09-16,Lassen,035,31185,741,730,2,732,0
2020-09-16,Los Angeles,037,10098052,260080,256101,1641,257742,6299
2020-09-16,Madera,039,155013,4398,4138,29,4167,45
2020-09-16,Marin,041,260295,6580,6430,15,6445,77
2020-09-16,Mariposa,043,17540,75,74,0,74,2
2020-09-16,Mendocino,045,87422,801,727,0,727,18
2020-09-16,Merced,047,269075,8742,8646,13,8659,118
2020-09-16,Modoc,049,8938,27,22,0,22,0
2020-09-16,Mono,051,14174,165,147,2,149,1
2020-09-16,Monterey,053,433212,9425,8997,25,9022,62
2020-09-16,Napa,055,140530,1653,1587,8,1595,11
2020-09-16,Nevada,057,99092,521,495,15,510,6
2020-09-16,Orange,059,3164182,53244,50414,1372,51786,1096
2020-09-16,Placer,061,380077,3526,3351,13,3364,39
2020-09-16,Plumas,063,18699,49,45,0,45,0
2020-09-16,Riverside,065,2383286,57349,55811,131,55942,1127
2020-09-16,Sacramento,067,1510023,21537,20610,24,20634,377
2020-09-16,San Benito,069,59416,1296,1244,0,1244,8
2020-09-16,San Bernardino,071,2135413,52456,50509,337,50846,907
2020-09-16,San Diego,073,3302833,45316,43447,793,44240,748
2020-09-16,San Francisco,075,870044,10833,10502,25,10527,90
2020-09-16,San Joaquin,077,732212,19804,19377,45,19422,409
2020-09-16,San Luis Obispo,079,281455,3547,3285,17,3302,28
2020-09-16,San Mateo,081,765935,9756,8944,10,8954,127
2020-09-16,Santa Barbara,083,443738,8938,8764,73,8837,107
2020-09-16,Santa Clara,085,1922200,21211,19684,40,19724,253
2020-09-16,Santa Cruz,087,273765,2271,2089,23,2112,7
2020-09-16,Shasta,089,179085,776,635,3,638,11
2020-09-16,Sierra,091,2930,6,6,0,6,0
2020-09-16,Siskiyou,093,43540,153,145,10,155,0
2020-09-16,Solano,095,438530,6118,5899,39,5938,44
2020-09-16,Sonoma,097,501317,7080,6731,20,6751,104
2020-09-16,Stanislaus,099,539301,16271,15897,471,16368,263
2020-09-16,Sutter,101,95872,1630,1567,1,1568,10
2020-09-16,Tehama,103,63373,508,485,2,487,2
2020-09-16,Trinity,105,12862,53,15,7,22,0
2020-09-16,Tulare,107,460477,15898,15314,90,15404,258
2020-09-16,Tuolumne,109,53932,229,210,5,215,1
2020-09-16,Ventura,111,848112,12810,12073,139,12212,130
2020-09-16,Yolo,113,214977,2764,2709,7,2716,53
2020-09-16,Yuba,115,75493,1045,1000,3,1003,1
2020-09-15,Alameda,001,1643700,20688,19931,149,20080,327
2020-09-15,Alpine,003,1148,2,2,0,2,0
2020-09-15,Amador,005,37829,287,282,0,282,16
2020-09-15,Butte,007,227075,2830,2695,27,2722,38
2020-09-15,Calaveras,009,45235,303,248,0,248,5
2020-09-15,Colusa,011,21464,516,497,0,497,6
2020-09-15,Contra Costa,013,1133247,16315,15423,77,15500,180
2020-09-15,Del Norte,015,27424,133,129,0,129,2
2020-09-15,El Dorado,017,186661,1101,1046,7,1053,4
2020-09-15,Fresno,019,978130,29785,27312,349,27661,343
2020-09-15,Glenn,021,27897,562,531,0,531,3
2020-09-15,Humboldt,023,135768,481,456,1,457,4
2020-09-15,Imperial,025,180216,11619,10376,8,10384,277
2020-09-15,Inyo,027,18085,186,176,4,180,12
2020-09-15,Kern,029,883053,31343,30429,289,30718,368
2020-09-15,Kings,031,150075,7324,6977,32,7009,70
2020-09-15,Lake,033,64148,508,416,0,416,4
2020-09-15,Lassen,035,31185,737,719,2,721,0
2020-09-15,Los Angeles,037,10098052,258970,255048,1619,256667,6269
2020-09-15,Madera,039,155013,4379,4122,29,4151,45
2020-09-15,Marin,041,260295,6549,6423,15,6438,77
2020-09-15,Mariposa,043,17540,75,74,0,74,2
2020-09-15,Mendocino,045,87422,783,724,0,724,18
2020-09-15,Merced,047,269075,8712,8633,13,8646,114
2020-09-15,Modoc,049,8938,26,21,0,21,0
2020-09-15,Mono,051,14174,165,147,2,149,1
2020-09-15,Monterey,053,433212,9376,8943,25,8968,62
2020-09-15,Napa,055,140530,1639,1580,8,1588,11
2020-09-15,Nevada,057,99092,516,494,15,509,6
2020-09-15,Orange,059,3164182,53062,50294,1358,51652,1088
2020-09-15,Placer,061,380077,3501,3331,13,3344,38
2020-09-15,Plumas,063,18699,49,44,0,44,0
2020-09-15,Riverside,065,2383286,57055,55569,121,55690,1118
2020-09-15,Sacramento,067,1510023,21392,20487,24,20511,372
2020-09-15,San Benito,069,59416,1289,1237,0,1237,7
2020-09-15,San Bernardino,071,2135413,52241,50333,336,50669,904
2020-09-15,San Diego,073,3302833,44997,43183,773,43956,742
2020-09-15,San Francisco,075,870044,10775,10414,25,10439,90
2020-09-15,San Joaquin,077,732212,19752,19313,45,19358,401
2020-09-15,San Luis Obispo,079,281455,3527,3262,17,3279,28
2020-09-15,San Mateo,081,765935,9687,8895,10,8905,127
2020-09-15,Santa Barbara,083,443738,8913,8724,72,8796,104
2020-09-15,Santa Clara,085,1922200,21078,19610,40,19650,252
2020-09-15,Santa Cruz,087,273765,2245,2079,22,2101,7
2020-09-15,Shasta,089,179085,764,627,3,630,11
2020-09-15,Sierra,091,2930,6,6,0,6,0
2020-09-15,Siskiyou,093,43540,153,143,10,153,0
2020-09-15,Solano,095,438530,6084,5878,39,5917,45
2020-09-15,Sonoma,097,501317,7041,6701,20,6721,104
2020-09-15,Stanislaus,099,539301,16223,15880,469,16349,260
2020-09-15,Sutter,101,95872,1619,1556,1,1557,10
2020-09-15,Tehama,103,63373,496,484,2,486,2
2020-09-15,Trinity,105,12862,53,15,7,22,0
2020-09-15,Tulare,107,460477,15821,15203,88,15291,254
2020-09-15,Tuolumne,109,53932,229,209,5,214,1
2020-09-15,Ventura,111,848112,12757,11932,138,12070,128
2020-09-15,Yolo,113,214977,2760,2708,7,2715,53
2020-09-15,Yuba,115,75493,1039,991,3,994,1
2020-09-14,Alameda,001,1643700,20561,19851,148,19999,306
2020-09-14,Alpine,003,1148,2,2,0,2,0
2020-09-14,Amador,005,37829,285,281,0,281,16
2020-09-14,Butte,007,227075,2812,2642,27,2669,37
2020-09-14,Calaveras,009,45235,303,244,0,244,3
2020-09-14,Colusa,011,21464,515,486,0,486,6
2020-09-14,Contra Costa,013,1133247,16191,15354,76,15430,174
2020-09-14,Del Norte,015,27424,130,116,0,116,2
2020-09-14,El Dorado,017,186661,1097,1039,7,1046,3
2020-09-14,Fresno,019,978130,29701,27232,346,27578,344
2020-09-14,Glenn,021,27897,554,521,0,521,3
2020-09-14,Humboldt,023,135768,478,437,1,438,4
2020-09-14,Imperial,025,180216,11599,10340,8,10348,273
2020-09-14,Inyo,027,18085,186,176,4,180,12
2020-09-14,Kern,029,883053,31255,30344,288,30632,368
2020-09-14,Kings,031,150075,7243,6950,32,6982,70
2020-09-14,Lake,033,64148,487,407,0,407,4
2020-09-14,Lassen,035,31185,737,719,2,721,0
2020-09-14,Los Angeles,037,10098052,257939,254622,1594,256216,6226
2020-09-14,Madera,039,155013,4364,4104,29,4133,45
2020-09-14,Marin,041,260295,6529,6409,15,6424,70
2020-09-14,Mariposa,043,17540,75,74,0,74,2
2020-09-14,Mendocino,045,87422,766,710,0,710,17
2020-09-14,Merced,047,269075,8693,8593,13,8606,112
2020-09-14,Modoc,049,8938,26,21,0,21,0
2020-09-14,Mono,051,14174,165,147,2,149,1
2020-09-14,Monterey,053,433212,9305,8845,24,8869,61
2020-09-14,Napa,055,140530,1622,1576,8,1584,11
2020-09-14,Nevada,057,99092,511,489,15,504,6
2020-09-14,Orange,059,3164182,52901,50149,1342,51491,1079
2020-09-14,Placer,061,380077,3480,3302,13,3315,38
2020-09-14,Plumas,063,18699,48,42,0,42,0
2020-09-14,Riverside,065,2383286,56836,55488,117,55605,1113
2020-09-14,Sacramento,067,1510023,21197,20377,23,20400,367
2020-09-14,San Benito,069,59416,1274,1233,0,1233,7
2020-09-14,San Bernardino,071,2135413,52017,50163,335,50498,895
2020-09-14,San Diego,073,3302833,44686,42889,753,43642,734
2020-09-14,San Francisco,075,870044,10708,10255,23,10278,90
2020-09-14,San Joaquin,077,732212,19678,19111,44,19155,397
2020-09-14,San Luis Obispo,079,281455,3502,3248,17,3265,25
2020-09-14,San Mateo,081,765935,9626,8847,10,8857,127
2020-09-14,Santa Barbara,083,443738,8887,8692,72,8764,104
2020-09-14,Santa Clara,085,1922200,20890,19545,40,19585,247
2020-09-14,Santa Cruz,087,273765,2223,2016,21,2037,7
2020-09-14,Shasta,089,179085,741,584,3,587,10
2020-09-14,Sierra,091,2930,6,6,0,6,0
2020-09-14,Siskiyou,093,43540,152,143,10,153,0
2020-09-14,Solano,095,438530,6049,5834,39,5873,44
2020-09-14,Sonoma,097,501317,6979,6630,20,6650,102
2020-09-14,Stanislaus,099,539301,16178,15812,466,16278,253
2020-09-14,Sutter,101,95872,1608,1549,1,1550,10
2020-09-14,Tehama,103,63373,494,475,2,477,1
2020-09-14,Trinity,105,12862,52,14,7,21,0
2020-09-14,Tulare,107,460477,15752,15096,83,15179,254
2020-09-14,Tuolumne,109,53932,228,208,5,213,1
2020-09-14,Ventura,111,848112,12655,11903,135,12038,125
2020-09-14,Yolo,113,214977,2749,2687,7,2694,53
2020-09-14,Yuba,115,75493,1031,977,3,980,1
2020-09-13,Alameda,001,1643700,20455,19815,145,19960,306
2020-09-13,Alpine,003,1148,2,2,0,2,0
2020-09-13,Amador,005,37829,282,279,0,279,16
2020-09-13,Butte,007,227075,2790,2640,27,2667,37
2020-09-13,Calaveras,009,45235,302,246,0,246,3
2020-09-13,Colusa,011,21464,511,486,0,486,6
2020-09-13,Contra Costa,013,1133247,16084,15284,76,15360,172
2020-09-13,Del Norte,015,27424,127,116,0,116,1
2020-09-13,El Dorado,017,186661,1092,1035,7,1042,2
2020-09-13,Fresno,019,978130,29592,27196,337,27533,345
2020-09-13,Glenn,021,27897,550,517,0,517,3
2020-09-13,Humboldt,023,135768,478,434,1,435,4
2020-09-13,Imperial,025,180216,11562,10304,7,10311,273
2020-09-13,Inyo,027,18085,186,176,4,180,12
2020-09-13,Kern,029,883053,31159,30277,282,30559,368
2020-09-13,Kings,031,150075,7224,6937,32,6969,70
2020-09-13,Lake,033,64148,469,397,0,397,4
2020-09-13,Lassen,035,31185,734,719,2,721,0
2020-09-13,Los Angeles,037,10098052,256786,253950,1579,255529,6203
2020-09-13,Madera,039,155013,4307,4090,29,4119,45
2020-09-13,Marin,041,260295,6510,6395,15,6410,70
2020-09-13,Mariposa,043,17540,75,74,0,74,2
2020-09-13,Mendocino,045,87422,759,707,0,707,17
2020-09-13,Merced,047,269075,8659,8575,13,8588,112
2020-09-13,Modoc,049,8938,26,21,0,21,0
2020-09-13,Mono,051,14174,165,147,2,149,1
2020-09-13,Monterey,053,433212,9223,8826,23,8849,61
2020-09-13,Napa,055,140530,1615,1563,8,1571,11
2020-09-13,Nevada,057,99092,503,486,15,501,6
2020-09-13,Orange,059,3164182,52685,50061,1335,51396,1075
2020-09-13,Placer,061,380077,3451,3291,13,3304,38
2020-09-13,Plumas,063,18699,48,42,0,42,0
2020-09-13,Riverside,065,2383286,56629,55235,106,55341,1108
2020-09-13,Sacramento,067,1510023,20852,20279,23,20302,367
2020-09-13,San Benito,069,59416,1266,1217,0,1217,7
2020-09-13,San Bernardino,071,2135413,51730,49968,333,50301,895
2020-09-13,San Diego,073,3302833,44360,42681,719,43400,734
2020-09-13,San Francisco,075,870044,10630,10254,23,10277,90
2020-09-13,San Joaquin,077,732212,19607,19110,43,19153,396
2020-09-13,San Luis Obispo,079,281455,3465,3240,17,3257,24
2020-09-13,San Mateo,081,765935,9565,8811,10,8821,127
2020-09-13,Santa Barbara,083,443738,8850,8690,72,8762,104
2020-09-13,Santa Clara,085,1922200,20752,19456,39,19495,245
2020-09-13,Santa Cruz,087,273765,2189,2016,19,2035,7
2020-09-13,Shasta,089,179085,729,583,3,586,10
2020-09-13,Sierra,091,2930,6,6,0,6,0
2020-09-13,Siskiyou,093,43540,152,143,9,152,0
2020-09-13,Solano,095,438530,6003,5810,39,5849,43
2020-09-13,Sonoma,097,501317,6914,6592,20,6612,95
2020-09-13,Stanislaus,099,539301,16115,15759,454,16213,253
2020-09-13,Sutter,101,95872,1596,1539,1,1540,10
2020-09-13,Tehama,103,63373,490,476,2,478,1
2020-09-13,Trinity,105,12862,52,14,7,21,0
2020-09-13,Tulare,107,460477,15681,15098,82,15180,254
2020-09-13,Tuolumne,109,53932,224,208,5,213,1
2020-09-13,Ventura,111,848112,12547,11855,134,11989,123
2020-09-13,Yolo,113,214977,2737,2675,7,2682,53
2020-09-13,Yuba,115,75493,1026,967,3,970,1
2020-09-12,Alameda,001,1643700,20396,19758,145,19903,307
2020-09-12,Alpine,003,1148,2,2,0,2,0
2020-09-12,Amador,005,37829,281,278,0,278,16
2020-09-12,Butte,007,227075,2783,2629,26,2655,37
2020-09-12,Calaveras,009,45235,300,246,0,246,3
2020-09-12,Colusa,011,21464,507,486,0,486,6
2020-09-12,Contra Costa,013,1133247,16007,15135,75,15210,174
2020-09-12,Del Norte,015,27424,126,116,0,116,1
2020-09-12,El Dorado,017,186661,1085,1034,7,1041,2
2020-09-12,Fresno,019,978130,29521,27076,337,27413,345
2020-09-12,Glenn,021,27897,549,517,0,517,3
2020-09-12,Humboldt,023,135768,477,430,1,431,4
2020-09-12,Imperial,025,180216,11550,10305,7,10312,273
2020-09-12,Inyo,027,18085,186,177,4,181,12
2020-09-12,Kern,029,883053,31093,30202,282,30484,368
2020-09-12,Kings,031,150075,7214,6895,32,6927,70
2020-09-12,Lake,033,64148,461,393,0,393,4
2020-09-12,Lassen,035,31185,734,719,2,721,0
2020-09-12,Los Angeles,037,10098052,256229,253156,1558,254714,6193
2020-09-12,Madera,039,155013,4296,4058,29,4087,43
2020-09-12,Marin,041,260295,6501,6393,15,6408,69
2020-09-12,Mariposa,043,17540,75,72,0,72,2
2020-09-12,Mendocino,045,87422,756,700,0,700,17
2020-09-12,Merced,047,269075,8650,8533,13,8546,112
2020-09-12,Modoc,049,8938,25,21,0,21,0
2020-09-12,Mono,051,14174,165,147,2,149,1
2020-09-12,Monterey,053,433212,9187,8743,23,8766,61
2020-09-12,Napa,055,140530,1612,1556,8,1564,11
2020-09-12,Nevada,057,99092,502,482,15,497,6
2020-09-12,Orange,059,3164182,52570,49895,1332,51227,1078
2020-09-12,Placer,061,380077,3434,3280,13,3293,38
2020-09-12,Plumas,063,18699,48,42,0,42,0
2020-09-12,Riverside,065,2383286,56501,55058,102,55160,1108
2020-09-12,Sacramento,067,1510023,20784,20184,23,20207,367
2020-09-12,San Benito,069,59416,1263,1208,0,1208,7
2020-09-12,San Bernardino,071,2135413,51639,49945,331,50276,896
2020-09-12,San Diego,073,3302833,44165,42416,710,43126,747
2020-09-12,San Francisco,075,870044,10586,10257,23,10280,90
2020-09-12,San Joaquin,077,732212,19579,19108,43,19151,396
2020-09-12,San Luis Obispo,079,281455,3438,3220,17,3237,24
2020-09-12,San Mateo,081,765935,9520,8759,10,8769,127
2020-09-12,Santa Barbara,083,443738,8836,8642,72,8714,104
2020-09-12,Santa Clara,085,1922200,20665,19330,39,19369,237
2020-09-12,Santa Cruz,087,273765,2177,2016,19,2035,7
2020-09-12,Shasta,089,179085,717,569,3,572,10
2020-09-12,Sierra,091,2930,6,6,0,6,0
2020-09-12,Siskiyou,093,43540,152,141,9,150,0
2020-09-12,Solano,095,438530,5979,5772,39,5811,43
2020-09-12,Sonoma,097,501317,6889,6531,20,6551,95
2020-09-12,Stanislaus,099,539301,16083,15675,451,16126,253
2020-09-12,Sutter,101,95872,1590,1529,1,1530,10
2020-09-12,Tehama,103,63373,487,471,2,473,1
2020-09-12,Trinity,105,12862,52,15,7,22,0
2020-09-12,Tulare,107,460477,15636,15018,81,15099,254
2020-09-12,Tuolumne,109,53932,224,208,5,213,1
2020-09-12,Ventura,111,848112,12496,11759,132,11891,123
2020-09-12,Yolo,113,214977,2730,2646,7,2653,53
2020-09-12,Yuba,115,75493,1022,963,3,966,1
2020-09-11,Alameda,001,1643700,20341,19625,144,19769,298
2020-09-11,Alpine,003,1148,2,2,0,2,0
2020-09-11,Amador,005,37829,281,277,0,277,16
2020-09-11,Butte,007,227075,2771,2605,26,2631,37
2020-09-11,Calaveras,009,45235,299,242,0,242,1
2020-09-11,Colusa,011,21464,506,484,0,484,6
2020-09-11,Contra Costa,013,1133247,15949,15001,72,15073,173
2020-09-11,Del Norte,015,27424,126,115,0,115,1
2020-09-11,El Dorado,017,186661,1082,1024,7,1031,2
2020-09-11,Fresno,019,978130,29443,26917,336,27253,344
2020-09-11,Glenn,021,27897,544,515,0,515,3
2020-09-11,Humboldt,023,135768,475,426,1,427,4
2020-09-11,Imperial,025,180216,11532,10286,7,10293,273
2020-09-11,Inyo,027,18085,186,176,4,180,12
2020-09-11,Kern,029,883053,31025,30059,281,30340,365
2020-09-11,Kings,031,150075,7197,6770,32,6802,70
2020-09-11,Lake,033,64148,453,382,0,382,4
2020-09-11,Lassen,035,31185,734,719,2,721,0
2020-09-11,Los Angeles,037,10098052,255548,252057,1547,253604,6172
2020-09-11,Madera,039,155013,4277,4018,29,4047,43
2020-09-11,Marin,041,260295,6496,6364,15,6379,69
2020-09-11,Mariposa,043,17540,75,72,0,72,2
2020-09-11,Mendocino,045,87422,745,700,0,700,17
2020-09-11,Merced,047,269075,8629,8489,13,8502,109
2020-09-11,Modoc,049,8938,25,21,0,21,0
2020-09-11,Mono,051,14174,165,145,2,147,1
2020-09-11,Monterey,053,433212,9139,8595,23,8618,61
2020-09-11,Napa,055,140530,1601,1543,8,1551,11
2020-09-11,Nevada,057,99092,495,483,15,498,6
2020-09-11,Orange,059,3164182,52440,49755,1320,51075,1068
2020-09-11,Placer,061,380077,3419,3254,13,3267,37
2020-09-11,Plumas,063,18699,48,42,0,42,0
2020-09-11,Riverside,065,2383286,56366,54717,99,54816,1099
2020-09-11,Sacramento,067,1510023,20700,20012,23,20035,358
2020-09-11,San Benito,069,59416,1253,1202,0,1202,7
2020-09-11,San Bernardino,071,2135413,51540,49682,331,50013,871
2020-09-11,San Diego,073,3302833,43945,41971,704,42675,730
2020-09-11,San Francisco,075,870044,10538,10133,22,10155,89
2020-09-11,San Joaquin,077,732212,19531,19019,43,19062,391
2020-09-11,San Luis Obispo,079,281455,3420,3190,17,3207,24
2020-09-11,San Mateo,081,765935,9478,8611,10,8621,127
2020-09-11,Santa Barbara,083,443738,8803,8592,71,8663,103
2020-09-11,Santa Clara,085,1922200,20577,19065,39,19104,234
2020-09-11,Santa Cruz,087,273765,2160,1997,19,2016,7
2020-09-11,Shasta,089,179085,707,568,3,571,10
2020-09-11,Sierra,091,2930,6,6,0,6,0
2020-09-11,Siskiyou,093,43540,151,139,9,148,0
2020-09-11,Solano,095,438530,5962,5742,39,5781,42
2020-09-11,Sonoma,097,501317,6845,6469,20,6489,91
2020-09-11,Stanislaus,099,539301,16045,15613,448,16061,253
2020-09-11,Sutter,101,95872,1580,1505,1,1506,11
2020-09-11,Tehama,103,63373,484,466,2,468,1
2020-09-11,Trinity,105,12862,52,16,7,23,0
2020-09-11,Tulare,107,460477,15603,14932,78,15010,251
2020-09-11,Tuolumne,109,53932,224,208,5,213,1
2020-09-11,Ventura,111,848112,12442,11700,130,11830,123
2020-09-11,Yolo,113,214977,2719,2632,7,2639,53
2020-09-11,Yuba,115,75493,1014,946,3,949,1
2020-09-10,Alameda,001,1643700,20267,19509,144,19653,292
2020-09-10,Alpine,003,1148,2,2,0,2,0
2020-09-10,Amador,005,37829,280,277,0,277,16
2020-09-10,Butte,007,227075,2754,2590,26,2616,37
2020-09-10,Calaveras,009,45235,299,244,0,244,1
2020-09-10,Colusa,011,21464,504,482,0,482,6
2020-09-10,Contra Costa,013,1133247,15876,14909,72,14981,172
2020-09-10,Del Norte,015,27424,125,112,0,112,1
2020-09-10,El Dorado,017,186661,1079,1020,7,1027,2
2020-09-10,Fresno,019,978130,29321,26783,336,27119,338
2020-09-10,Glenn,021,27897,534,511,0,511,3
2020-09-10,Humboldt,023,135768,464,422,1,423,4
2020-09-10,Imperial,025,180216,11516,10251,7,10258,270
2020-09-10,Inyo,027,18085,185,176,4,180,11
2020-09-10,Kern,029,883053,30943,29988,277,30265,363
2020-09-10,Kings,031,150075,7167,6739,32,6771,70
2020-09-10,Lake,033,64148,447,377,0,377,4
2020-09-10,Lassen,035,31185,733,716,2,718,0
2020-09-10,Los Angeles,037,10098052,254569,251003,1526,252529,6132
2020-09-10,Madera,039,155013,4259,3979,29,4008,43
2020-09-10,Marin,041,260295,6484,6344,15,6359,68
2020-09-10,Mariposa,043,17540,75,72,0,72,2
2020-09-10,Mendocino,045,87422,735,697,0,697,16
2020-09-10,Merced,047,269075,8583,8461,13,8474,109
2020-09-10,Modoc,049,8938,25,21,0,21,0
2020-09-10,Mono,051,14174,165,145,2,147,1
2020-09-10,Monterey,053,433212,9069,8570,23,8593,59
2020-09-10,Napa,055,140530,1595,1536,8,1544,11
2020-09-10,Nevada,057,99092,491,478,15,493,6
2020-09-10,Orange,059,3164182,52277,49617,1314,50931,1057
2020-09-10,Placer,061,380077,3399,3233,13,3246,37
2020-09-10,Plumas,063,18699,48,42,0,42,0
2020-09-10,Riverside,065,2383286,56047,54417,96,54513,1091
2020-09-10,Sacramento,067,1510023,20580,19618,22,19640,354
2020-09-10,San Benito,069,59416,1247,1201,0,1201,5
2020-09-10,San Bernardino,071,2135413,51351,49467,329,49796,867
2020-09-10,San Diego,073,3302833,43679,41610,677,42287,725
2020-09-10,San Francisco,075,870044,10461,10082,22,10104,89
2020-09-10,San Joaquin,077,732212,19478,18854,43,18897,389
2020-09-10,San Luis Obispo,079,281455,3406,3161,16,3177,24
2020-09-10,San Mateo,081,765935,9432,8529,10,8539,125
2020-09-10,Santa Barbara,083,443738,8758,8552,71,8623,100
2020-09-10,Santa Clara,085,1922200,20462,18870,39,18909,231
2020-09-10,Santa Cruz,087,273765,2145,1986,17,2003,7
2020-09-10,Shasta,089,179085,696,566,3,569,10
2020-09-10,Sierra,091,2930,6,6,0,6,0
2020-09-10,Siskiyou,093,43540,151,137,9,146,0
2020-09-10,Solano,095,438530,5922,5696,39,5735,42
2020-09-10,Sonoma,097,501317,6796,6424,20,6444,91
2020-09-10,Stanislaus,099,539301,15992,15509,443,15952,243
2020-09-10,Sutter,101,95872,1570,1494,1,1495,11
2020-09-10,Tehama,103,63373,477,466,2,468,1
2020-09-10,Trinity,105,12862,52,15,7,22,0
2020-09-10,Tulare,107,460477,15550,14860,75,14935,250
2020-09-10,Tuolumne,109,53932,223,205,5,210,1
2020-09-10,Ventura,111,848112,12348,11600,123,11723,122
2020-09-10,Yolo,113,214977,2714,2612,7,2619,53
2020-09-10,Yuba,115,75493,1008,941,3,944,1
2020-09-09,Alameda,001,1643700,20188,19399,143,19542,289
2020-09-09,Alpine,003,1148,2,2,0,2,0
2020-09-09,Amador,005,37829,279,276,0,276,16
2020-09-09,Butte,007,227075,2737,2561,26,2587,37
2020-09-09,Calaveras,009,45235,299,242,0,242,1
2020-09-09,Colusa,011,21464,499,479,0,479,6
2020-09-09,Contra Costa,013,1133247,15789,14816,72,14888,171
2020-09-09,Del Norte,015,27424,121,109,0,109,1
2020-09-09,El Dorado,017,186661,1076,1020,7,1027,2
2020-09-09,Fresno,019,978130,29218,26724,331,27055,329
2020-09-09,Glenn,021,27897,531,508,0,508,3
2020-09-09,Humboldt,023,135768,462,420,1,421,4
2020-09-09,Imperial,025,180216,11496,10233,7,10240,268
2020-09-09,Inyo,027,18085,184,173,4,177,2
2020-09-09,Kern,029,883053,30845,29925,274,30199,355
2020-09-09,Kings,031,150075,7149,6721,32,6753,72
2020-09-09,Lake,033,64148,439,371,0,371,4
2020-09-09,Lassen,035,31185,732,714,2,716,0
2020-09-09,Los Angeles,037,10098052,253696,249876,1508,251384,6091
2020-09-09,Madera,039,155013,4233,3926,29,3955,43
2020-09-09,Marin,041,260295,6465,6321,15,6336,68
2020-09-09,Mariposa,043,17540,74,72,0,72,2
2020-09-09,Mendocino,045,87422,727,695,0,695,16
2020-09-09,Merced,047,269075,8557,8441,13,8454,107
2020-09-09,Modoc,049,8938,24,20,0,20,0
2020-09-09,Mono,051,14174,165,145,2,147,1
2020-09-09,Monterey,053,433212,8997,8527,23,8550,59
2020-09-09,Napa,055,140530,1585,1531,8,1539,11
2020-09-09,Nevada,057,99092,487,476,15,491,6
2020-09-09,Orange,059,3164182,52098,49394,1307,50701,1054
2020-09-09,Placer,061,380077,3379,3222,13,3235,36
2020-09-09,Plumas,063,18699,46,42,0,42,0
2020-09-09,Riverside,065,2383286,55817,54320,93,54413,1081
2020-09-09,Sacramento,067,1510023,20475,19474,21,19495,347
2020-09-09,San Benito,069,59416,1243,1199,0,1199,5
2020-09-09,San Bernardino,071,2135413,51152,49264,328,49592,866
2020-09-09,San Diego,073,3302833,43390,41326,665,41991,721
2020-09-09,San Francisco,075,870044,10411,9996,21,10017,86
2020-09-09,San Joaquin,077,732212,19415,18799,42,18841,388
2020-09-09,San Luis Obispo,079,281455,3388,3131,16,3147,24
2020-09-09,San Mateo,081,765935,9372,8478,10,8488,125
2020-09-09,Santa Barbara,083,443738,8715,8528,71,8599,97
2020-09-09,Santa Clara,085,1922200,20331,18759,39,18798,228
2020-09-09,Santa Cruz,087,273765,2122,1967,17,1984,7
2020-09-09,Shasta,089,179085,684,562,3,565,10
2020-09-09,Sierra,091,2930,6,6,0,6,0
2020-09-09,Siskiyou,093,43540,149,137,9,146,0
2020-09-09,Solano,095,438530,5890,5680,39,5719,36
2020-09-09,Sonoma,097,501317,6730,6397,20,6417,92
2020-09-09,Stanislaus,099,539301,15952,15469,432,15901,243
2020-09-09,Sutter,101,95872,1562,1487,1,1488,11
2020-09-09,Tehama,103,63373,474,462,2,464,1
2020-09-09,Trinity,105,12862,52,14,7,21,0
2020-09-09,Tulare,107,460477,15500,14787,70,14857,249
2020-09-09,Tuolumne,109,53932,222,204,4,208,1
2020-09-09,Ventura,111,848112,12257,11497,120,11617,121
2020-09-09,Yolo,113,214977,2703,2604,7,2611,53
2020-09-09,Yuba,115,75493,1003,936,3,939,1
2020-09-08,Alameda,001,1643700,20079,19293,143,19436,288
2020-09-08,Alpine,003,1148,2,2,0,2,0
2020-09-08,Amador,005,37829,279,276,0,276,16
2020-09-08,Butte,007,227075,2719,2453,26,2479,36
2020-09-08,Calaveras,009,45235,297,233,0,233,1
2020-09-08,Colusa,011,21464,497,475,0,475,6
2020-09-08,Contra Costa,013,1133247,15660,14740,69,14809,171
2020-09-08,Del Norte,015,27424,121,109,0,109,2
2020-09-08,El Dorado,017,186661,1073,1011,7,1018,2
2020-09-08,Fresno,019,978130,29099,26640,327,26967,329
2020-09-08,Glenn,021,27897,527,492,0,492,3
2020-09-08,Humboldt,023,135768,460,420,1,421,4
2020-09-08,Imperial,025,180216,11480,10198,7,10205,267
2020-09-08,Inyo,027,18085,184,169,4,173,2
2020-09-08,Kern,029,883053,30760,29850,271,30121,351
2020-09-08,Kings,031,150075,7111,6658,32,6690,72
2020-09-08,Lake,033,64148,428,370,0,370,4
2020-09-08,Lassen,035,31185,732,710,2,712,0
2020-09-08,Los Angeles,037,10098052,252765,249217,1479,250696,6034
2020-09-08,Madera,039,155013,4209,3904,29,3933,43
2020-09-08,Marin,041,260295,6434,6313,15,6328,68
2020-09-08,Mariposa,043,17540,74,72,0,72,2
2020-09-08,Mendocino,045,87422,720,690,0,690,16
2020-09-08,Merced,047,269075,8534,8381,13,8394,104
2020-09-08,Modoc,049,8938,24,20,0,20,0
2020-09-08,Mono,051,14174,165,145,2,147,1
2020-09-08,Monterey,053,433212,8912,8491,23,8514,59
2020-09-08,Napa,055,140530,1581,1518,8,1526,11
2020-09-08,Nevada,057,99092,487,470,15,485,6
2020-09-08,Orange,059,3164182,51956,49214,1303,50517,1044
2020-09-08,Placer,061,380077,3365,3205,13,3218,36
2020-09-08,Plumas,063,18699,46,42,0,42,0
2020-09-08,Riverside,065,2383286,55603,54168,90,54258,1069
2020-09-08,Sacramento,067,1510023,20240,19411,20,19431,347
2020-09-08,San Benito,069,59416,1236,1188,0,1188,5
2020-09-08,San Bernardino,071,2135413,50964,49034,326,49360,856
2020-09-08,San Diego,073,3302833,43074,41079,653,41732,709
2020-09-08,San Francisco,075,870044,10337,9821,21,9842,86
2020-09-08,San Joaquin,077,732212,19337,18550,42,18592,388
2020-09-08,San Luis Obispo,079,281455,3373,3120,16,3136,23
2020-09-08,San Mateo,081,765935,9296,8460,10,8470,125
2020-09-08,Santa Barbara,083,443738,8681,8488,70,8558,96
2020-09-08,Santa Clara,085,1922200,20154,18645,39,18684,228
2020-09-08,Santa Cruz,087,273765,2094,1903,17,1920,7
2020-09-08,Shasta,089,179085,676,556,3,559,10
2020-09-08,Sierra,091,2930,6,6,0,6,0
2020-09-08,Siskiyou,093,43540,147,136,9,145,0
2020-09-08,Solano,095,438530,5853,5654,39,5693,36
2020-09-08,Sonoma,097,501317,6661,6356,20,6376,92
2020-09-08,Stanislaus,099,539301,15888,15415,420,15835,238
2020-09-08,Sutter,101,95872,1546,1473,1,1474,11
2020-09-08,Tehama,103,63373,470,458,2,460,1
2020-09-08,Trinity,105,12862,51,13,7,20,0
2020-09-08,Tulare,107,460477,15420,14635,69,14704,249
2020-09-08,Tuolumne,109,53932,221,197,4,201,1
2020-09-08,Ventura,111,848112,12188,11475,117,11592,118
2020-09-08,Yolo,113,214977,2693,2580,7,2587,53
2020-09-08,Yuba,115,75493,991,923,3,926,1
2020-09-07,Alameda,001,1643700,19958,19188,137,19325,281
2020-09-07,Alpine,003,1148,2,2,0,2,0
2020-09-07,Amador,005,37829,279,276,0,276,16
2020-09-07,Butte,007,227075,2686,2450,25,2475,30
2020-09-07,Calaveras,009,45235,287,234,0,234,1
2020-09-07,Colusa,011,21464,496,475,0,475,6
2020-09-07,Contra Costa,013,1133247,15545,14637,66,14703,172
2020-09-07,Del Norte,015,27424,121,109,0,109,2
2020-09-07,El Dorado,017,186661,1062,1011,7,1018,2
2020-09-07,Fresno,019,978130,29005,26565,324,26889,329
2020-09-07,Glenn,021,27897,522,488,0,488,3
2020-09-07,Humboldt,023,135768,451,416,1,417,4
2020-09-07,Imperial,025,180216,11449,10199,7,10206,267
2020-09-07,Inyo,027,18085,184,169,4,173,2
2020-09-07,Kern,029,883053,30639,29790,266,30056,348
2020-09-07,Kings,031,150075,6987,6630,32,6662,72
2020-09-07,Lake,033,64148,405,367,0,367,2
2020-09-07,Lassen,035,31185,732,709,2,711,0
2020-09-07,Los Angeles,037,10098052,251718,248804,1458,250262,6030
2020-09-07,Madera,039,155013,4178,3889,28,3917,43
2020-09-07,Marin,041,260295,6404,6296,15,6311,67
2020-09-07,Mariposa,043,17540,74,72,0,72,2
2020-09-07,Mendocino,045,87422,712,687,0,687,16
2020-09-07,Merced,047,269075,8487,8381,13,8394,104
2020-09-07,Modoc,049,8938,23,20,0,20,0
2020-09-07,Mono,051,14174,165,145,2,147,1
2020-09-07,Monterey,053,433212,8833,8463,23,8486,57
2020-09-07,Napa,055,140530,1569,1514,8,1522,11
2020-09-07,Nevada,057,99092,485,469,15,484,6
2020-09-07,Orange,059,3164182,51782,49132,1299,50431,1042
2020-09-07,Placer,061,380077,3335,3188,12,3200,36
2020-09-07,Plumas,063,18699,45,42,0,42,0
2020-09-07,Riverside,065,2383286,55328,54178,84,54262,1069
2020-09-07,Sacramento,067,1510023,19998,19292,19,19311,345
2020-09-07,San Benito,069,59416,1230,1180,0,1180,4
2020-09-07,San Bernardino,071,2135413,50736,49043,324,49367,821
2020-09-07,San Diego,073,3302833,42674,40868,626,41494,708
2020-09-07,San Francisco,075,870044,10286,9813,20,9833,85
2020-09-07,San Joaquin,077,732212,19255,18552,40,18592,386
2020-09-07,San Luis Obispo,079,281455,3336,3116,16,3132,23
2020-09-07,San Mateo,081,765935,9214,8409,10,8419,125
2020-09-07,Santa Barbara,083,443738,8637,8479,70,8549,95
2020-09-07,Santa Clara,085,1922200,19998,18596,38,18634,226
2020-09-07,Santa Cruz,087,273765,2066,1902,17,1919,7
2020-09-07,Shasta,089,179085,666,556,3,559,10
2020-09-07,Sierra,091,2930,6,6,0,6,0
2020-09-07,Siskiyou,093,43540,146,133,9,142,0
2020-09-07,Solano,095,438530,5788,5640,39,5679,36
2020-09-07,Sonoma,097,501317,6595,6268,20,6288,85
2020-09-07,Stanislaus,099,539301,15823,15343,408,15751,236
2020-09-07,Sutter,101,95872,1529,1468,1,1469,11
2020-09-07,Tehama,103,63373,466,453,2,455,1
2020-09-07,Trinity,105,12862,51,13,7,20,0
2020-09-07,Tulare,107,460477,15313,14637,67,14704,249
2020-09-07,Tuolumne,109,53932,220,196,4,200,1
2020-09-07,Ventura,111,848112,12093,11463,114,11577,118
2020-09-07,Yolo,113,214977,2676,2565,6,2571,53
2020-09-07,Yuba,115,75493,975,923,3,926,1
2020-09-06,Alameda,001,1643700,19900,19029,135,19164,281
2020-09-06,Alpine,003,1148,2,2,0,2,0
2020-09-06,Amador,005,37829,277,275,0,275,16
2020-09-06,Butte,007,227075,2677,2446,25,2471,30
2020-09-06,Calaveras,009,45235,287,235,0,235,1
2020-09-06,Colusa,011,21464,492,475,0,475,6
2020-09-06,Contra Costa,013,1133247,15464,14565,65,14630,171
2020-09-06,Del Norte,015,27424,121,109,0,109,2
2020-09-06,El Dorado,017,186661,1060,1008,7,1015,2
2020-09-06,Fresno,019,978130,28941,26471,322,26793,329
2020-09-06,Glenn,021,27897,516,474,0,474,3
2020-09-06,Humboldt,023,135768,448,404,1,405,4
2020-09-06,Imperial,025,180216,11432,10152,7,10159,267
2020-09-06,Inyo,027,18085,184,169,4,173,2
2020-09-06,Kern,029,883053,30584,29699,262,29961,348
2020-09-06,Kings,031,150075,6967,6561,31,6592,72
2020-09-06,Lake,033,64148,402,362,0,362,2
2020-09-06,Lassen,035,31185,732,709,2,711,0
2020-09-06,Los Angeles,037,10098052,251085,248316,1444,249760,6004
2020-09-06,Madera,039,155013,4134,3867,28,3895,42
2020-09-06,Marin,041,260295,6392,6276,15,6291,67
2020-09-06,Mariposa,043,17540,74,72,0,72,2
2020-09-06,Mendocino,045,87422,711,672,0,672,16
2020-09-06,Merced,047,269075,8467,8327,13,8340,104
2020-09-06,Modoc,049,8938,23,20,0,20,0
2020-09-06,Mono,051,14174,164,145,2,147,1
2020-09-06,Monterey,053,433212,8793,8403,22,8425,56
2020-09-06,Napa,055,140530,1565,1501,6,1507,11
2020-09-06,Nevada,057,99092,485,467,14,481,6
2020-09-06,Orange,059,3164182,51669,48931,1295,50226,1042
2020-09-06,Placer,061,380077,3318,3169,12,3181,36
2020-09-06,Plumas,063,18699,44,42,0,42,0
2020-09-06,Riverside,065,2383286,55212,53970,82,54052,1069
2020-09-06,Sacramento,067,1510023,19903,19128,19,19147,340
2020-09-06,San Benito,069,59416,1228,1178,0,1178,4
2020-09-06,San Bernardino,071,2135413,50629,48923,324,49247,823
2020-09-06,San Diego,073,3302833,42426,40652,620,41272,707
2020-09-06,San Francisco,075,870044,10212,9813,20,9833,85
2020-09-06,San Joaquin,077,732212,19206,18558,40,18598,386
2020-09-06,San Luis Obispo,079,281455,3325,3101,16,3117,23
2020-09-06,San Mateo,081,765935,9161,8387,10,8397,125
2020-09-06,Santa Barbara,083,443738,8608,8434,70,8504,95
2020-09-06,Santa Clara,085,1922200,19896,18495,38,18533,207
2020-09-06,Santa Cruz,087,273765,2059,1902,17,1919,7
2020-09-06,Shasta,089,179085,660,550,3,553,10
2020-09-06,Sierra,091,2930,6,6,0,6,0
2020-09-06,Siskiyou,093,43540,146,132,9,141,0
2020-09-06,Solano,095,438530,5762,5619,39,5658,37
2020-09-06,Sonoma,097,501317,6566,6212,20,6232,85
2020-09-06,Stanislaus,099,539301,15779,15288,404,15692,236
2020-09-06,Sutter,101,95872,1516,1451,1,1452,11
2020-09-06,Tehama,103,63373,465,455,2,457,1
2020-09-06,Trinity,105,12862,50,13,7,20,0
2020-09-06,Tulare,107,460477,15270,14636,66,14702,249
2020-09-06,Tuolumne,109,53932,217,194,4,198,1
2020-09-06,Ventura,111,848112,12048,11315,114,11429,118
2020-09-06,Yolo,113,214977,2662,2556,6,2562,53
2020-09-06,Yuba,115,75493,966,913,3,916,1
2020-09-05,Alameda,001,1643700,19854,18973,133,19106,279
2020-09-05,Alpine,003,1148,2,2,0,2,0
2020-09-05,Amador,005,37829,277,274,0,274,16
2020-09-05,Butte,007,227075,2661,2406,24,2430,30
2020-09-05,Calaveras,009,45235,287,237,0,237,1
2020-09-05,Colusa,011,21464,488,472,0,472,6
2020-09-05,Contra Costa,013,1133247,15387,14456,63,14519,173
2020-09-05,Del Norte,015,27424,121,109,0,109,2
2020-09-05,El Dorado,017,186661,1060,1007,7,1014,2
2020-09-05,Fresno,019,978130,28874,26325,322,26647,331
2020-09-05,Glenn,021,27897,515,474,0,474,3
2020-09-05,Humboldt,023,135768,446,402,1,403,4
2020-09-05,Imperial,025,180216,11415,10151,7,10158,268
2020-09-05,Inyo,027,18085,184,169,4,173,2
2020-09-05,Kern,029,883053,30524,29645,258,29903,347
2020-09-05,Kings,031,150075,6958,6518,31,6549,66
2020-09-05,Lake,033,64148,399,359,0,359,2
2020-09-05,Lassen,035,31185,732,709,2,711,0
2020-09-05,Los Angeles,037,10098052,250550,247572,1432,249004,6001
2020-09-05,Madera,039,155013,4094,3851,28,3879,42
2020-09-05,Marin,041,260295,6384,6259,15,6274,66
2020-09-05,Mariposa,043,17540,74,72,0,72,2
2020-09-05,Mendocino,045,87422,710,658,0,658,16
2020-09-05,Merced,047,269075,8435,8297,11,8308,104
2020-09-05,Modoc,049,8938,23,19,0,19,0
2020-09-05,Mono,051,14174,164,145,2,147,1
2020-09-05,Monterey,053,433212,8763,8301,22,8323,56
2020-09-05,Napa,055,140530,1559,1484,6,1490,11
2020-09-05,Nevada,057,99092,482,461,14,475,6
2020-09-05,Orange,059,3164182,51568,48726,1290,50016,1039
2020-09-05,Placer,061,380077,3308,3141,12,3153,35
2020-09-05,Plumas,063,18699,44,42,0,42,0
2020-09-05,Riverside,065,2383286,55106,53780,82,53862,1066
2020-09-05,Sacramento,067,1510023,19813,18955,19,18974,339
2020-09-05,San Benito,069,59416,1226,1153,0,1153,4
2020-09-05,San Bernardino,071,2135413,50553,48800,323,49123,825
2020-09-05,San Diego,073,3302833,42233,40344,608,40952,717
2020-09-05,San Francisco,075,870044,10179,9812,19,9831,85
2020-09-05,San Joaquin,077,732212,19177,18557,40,18597,386
2020-09-05,San Luis Obispo,079,281455,3314,3083,16,3099,23
2020-09-05,San Mateo,081,765935,9116,8352,10,8362,124
2020-09-05,Santa Barbara,083,443738,8592,8404,70,8474,96
2020-09-05,Santa Clara,085,1922200,19815,18311,38,18349,207
2020-09-05,Santa Cruz,087,273765,2051,1904,17,1921,7
2020-09-05,Shasta,089,179085,659,544,3,547,10
2020-09-05,Sierra,091,2930,6,6,0,6,0
2020-09-05,Siskiyou,093,43540,145,131,9,140,0
2020-09-05,Solano,095,438530,5750,5579,39,5618,37
2020-09-05,Sonoma,097,501317,6533,6149,20,6169,85
2020-09-05,Stanislaus,099,539301,15731,15198,400,15598,236
2020-09-05,Sutter,101,95872,1509,1445,1,1446,11
2020-09-05,Tehama,103,63373,464,447,2,449,1
2020-09-05,Trinity,105,12862,50,13,7,20,0
2020-09-05,Tulare,107,460477,15212,14576,64,14640,249
2020-09-05,Tuolumne,109,53932,217,194,4,198,1
2020-09-05,Ventura,111,848112,12005,11254,114,11368,118
2020-09-05,Yolo,113,214977,2652,2534,6,2540,53
2020-09-05,Yuba,115,75493,960,902,3,905,1
2020-09-04,Alameda,001,1643700,19785,18843,132,18975,276
2020-09-04,Alpine,003,1148,2,2,0,2,0
2020-09-04,Amador,005,37829,276,274,0,274,16
2020-09-04,Butte,007,227075,2638,2325,24,2349,28
2020-09-04,Calaveras,009,45235,285,237,0,237,1
2020-09-04,Colusa,011,21464,486,467,0,467,6
2020-09-04,Contra Costa,013,1133247,15303,14355,62,14417,164
2020-09-04,Del Norte,015,27424,121,109,0,109,2
2020-09-04,El Dorado,017,186661,1056,992,7,999,2
2020-09-04,Fresno,019,978130,28770,26147,321,26468,321
2020-09-04,Glenn,021,27897,507,463,0,463,3
2020-09-04,Humboldt,023,135768,441,390,1,391,4
2020-09-04,Imperial,025,180216,11406,10136,7,10143,267
2020-09-04,Inyo,027,18085,184,169,4,173,2
2020-09-04,Kern,029,883053,30456,29526,255,29781,345
2020-09-04,Kings,031,150075,6945,6259,31,6290,66
2020-09-04,Lake,033,64148,399,347,0,347,2
2020-09-04,Lassen,035,31185,732,708,2,710,0
2020-09-04,Los Angeles,037,10098052,249982,246396,1412,247808,5977
2020-09-04,Madera,039,155013,4081,3838,28,3866,42
2020-09-04,Marin,041,260295,6372,6251,15,6266,66
2020-09-04,Mariposa,043,17540,74,72,0,72,2
2020-09-04,Mendocino,045,87422,708,646,0,646,16
2020-09-04,Merced,047,269075,8415,8214,11,8225,104
2020-09-04,Modoc,049,8938,23,15,0,15,0
2020-09-04,Mono,051,14174,164,145,2,147,1
2020-09-04,Monterey,053,433212,8718,8208,22,8230,56
2020-09-04,Napa,055,140530,1550,1475,6,1481,11
2020-09-04,Nevada,057,99092,479,455,14,469,6
2020-09-04,Orange,059,3164182,51444,48488,1283,49771,1031
2020-09-04,Placer,061,380077,3296,3101,12,3113,35
2020-09-04,Plumas,063,18699,44,42,0,42,0
2020-09-04,Riverside,065,2383286,54993,53606,77,53683,1066
2020-09-04,Sacramento,067,1510023,19725,18765,19,18784,337
2020-09-04,San Benito,069,59416,1217,1137,0,1137,4
2020-09-04,San Bernardino,071,2135413,50460,48497,321,48818,800
2020-09-04,San Diego,073,3302833,42003,39901,599,40500,701
2020-09-04,San Francisco,075,870044,10139,9694,18,9712,85
2020-09-04,San Joaquin,077,732212,19123,18438,40,18478,376
2020-09-04,San Luis Obispo,079,281455,3299,3049,15,3064,21
2020-09-04,San Mateo,081,765935,9072,8275,10,8285,122
2020-09-04,Santa Barbara,083,443738,8562,8340,70,8410,96
2020-09-04,Santa Clara,085,1922200,19705,18074,38,18112,209
2020-09-04,Santa Cruz,087,273765,2034,1896,16,1912,7
2020-09-04,Shasta,089,179085,656,536,3,539,10
2020-09-04,Sierra,091,2930,6,6,0,6,0
2020-09-04,Siskiyou,093,43540,145,129,9,138,0
2020-09-04,Solano,095,438530,5737,5552,39,5591,37
2020-09-04,Sonoma,097,501317,6468,6050,20,6070,85
2020-09-04,Stanislaus,099,539301,15698,15074,391,15465,233
2020-09-04,Sutter,101,95872,1493,1425,1,1426,11
2020-09-04,Tehama,103,63373,460,442,2,444,1
2020-09-04,Trinity,105,12862,50,13,7,20,0
2020-09-04,Tulare,107,460477,15184,14501,61,14562,247
2020-09-04,Tuolumne,109,53932,217,193,4,197,1
2020-09-04,Ventura,111,848112,11963,11171,114,11285,114
2020-09-04,Yolo,113,214977,2638,2495,6,2501,53
2020-09-04,Yuba,115,75493,955,884,3,887,1
2020-09-03,Alameda,001,1643700,19682,18687,132,18819,275
2020-09-03,Alpine,003,1148,2,2,0,2,0
2020-09-03,Amador,005,37829,276,274,0,274,16
2020-09-03,Butte,007,227075,2594,2274,24,2298,27
2020-09-03,Calaveras,009,45235,284,238,0,238,1
2020-09-03,Colusa,011,21464,484,464,0,464,6
2020-09-03,Contra Costa,013,1133247,15195,14206,59,14265,159
2020-09-03,Del Norte,015,27424,118,109,0,109,2
2020-09-03,El Dorado,017,186661,1052,983,7,990,2
2020-09-03,Fresno,019,978130,28651,25978,316,26294,313
2020-09-03,Glenn,021,27897,503,460,0,460,3
2020-09-03,Humboldt,023,135768,436,390,1,391,4
2020-09-03,Imperial,025,180216,11385,10083,7,10090,255
2020-09-03,Inyo,027,18085,182,171,4,175,3
2020-09-03,Kern,029,883053,30364,29426,241,29667,340
2020-09-03,Kings,031,150075,6865,6200,31,6231,64
2020-09-03,Lake,033,64148,390,347,0,347,2
2020-09-03,Lassen,035,31185,732,707,2,709,0
2020-09-03,Los Angeles,037,10098052,249119,245026,1392,246418,5931
2020-09-03,Madera,039,155013,4062,3780,28,3808,43
2020-09-03,Marin,041,260295,6353,6175,15,6190,66
2020-09-03,Mariposa,043,17540,74,71,0,71,2
2020-09-03,Mendocino,045,87422,699,638,0,638,16
2020-09-03,Merced,047,269075,8373,8136,11,8147,105
2020-09-03,Modoc,049,8938,23,14,0,14,0
2020-09-03,Mono,051,14174,163,144,2,146,1
2020-09-03,Monterey,053,433212,8664,8128,22,8150,56
2020-09-03,Napa,055,140530,1543,1466,6,1472,10
2020-09-03,Nevada,057,99092,476,453,14,467,6
2020-09-03,Orange,059,3164182,51258,48226,1269,49495,1009
2020-09-03,Placer,061,380077,3278,3069,12,3081,34
2020-09-03,Plumas,063,18699,44,39,0,39,0
2020-09-03,Riverside,065,2383286,54813,53341,73,53414,1052
2020-09-03,Sacramento,067,1510023,19597,18553,18,18571,328
2020-09-03,San Benito,069,59416,1206,1121,0,1121,4
2020-09-03,San Bernardino,071,2135413,50294,48165,320,48485,800
2020-09-03,San Diego,073,3302833,41689,39448,583,40031,700
2020-09-03,San Francisco,075,870044,10074,9636,16,9652,84
2020-09-03,San Joaquin,077,732212,19045,18331,40,18371,371
2020-09-03,San Luis Obispo,079,281455,3282,3023,15,3038,21
2020-09-03,San Mateo,081,765935,8998,8211,10,8221,122
2020-09-03,Santa Barbara,083,443738,8515,8277,70,8347,96
2020-09-03,Santa Clara,085,1922200,19524,17879,38,17917,208
2020-09-03,Santa Cruz,087,273765,2019,1870,16,1886,7
2020-09-03,Shasta,089,179085,651,535,3,538,10
2020-09-03,Sierra,091,2930,6,6,0,6,0
2020-09-03,Siskiyou,093,43540,145,128,9,137,0
2020-09-03,Solano,095,438530,5717,5499,38,5537,36
2020-09-03,Sonoma,097,501317,6406,5997,20,6017,62
2020-09-03,Stanislaus,099,539301,15646,14985,387,15372,217
2020-09-03,Sutter,101,95872,1483,1412,1,1413,11
2020-09-03,Tehama,103,63373,456,436,2,438,1
2020-09-03,Trinity,105,12862,48,13,7,20,0
2020-09-03,Tulare,107,460477,15118,14408,60,14468,244
2020-09-03,Tuolumne,109,53932,217,193,4,197,1
2020-09-03,Ventura,111,848112,11845,11109,111,11220,112
2020-09-03,Yolo,113,214977,2622,2475,6,2481,53
2020-09-03,Yuba,115,75493,948,867,3,870,1
2020-09-02,Alameda,001,1643700,19564,18522,129,18651,260
2020-09-02,Alpine,003,1148,2,2,0,2,0
2020-09-02,Amador,005,37829,276,245,0,245,14
2020-09-02,Butte,007,227075,2548,2241,24,2265,27
2020-09-02,Calaveras,009,45235,283,235,0,235,1
2020-09-02,Colusa,011,21464,480,460,0,460,6
2020-09-02,Contra Costa,013,1133247,15106,14097,57,14154,159
2020-09-02,Del Norte,015,27424,117,109,0,109,2
2020-09-02,El Dorado,017,186661,1048,975,6,981,2
2020-09-02,Fresno,019,978130,28503,25785,313,26098,292
2020-09-02,Glenn,021,27897,498,457,0,457,3
2020-09-02,Humboldt,023,135768,433,381,1,382,4
2020-09-02,Imperial,025,180216,11369,9832,7,9839,255
2020-09-02,Inyo,027,18085,182,171,4,175,3
2020-09-02,Kern,029,883053,30272,29288,235,29523,335
2020-09-02,Kings,031,150075,6780,6142,31,6173,64
2020-09-02,Lake,033,64148,386,342,0,342,2
2020-09-02,Lassen,035,31185,730,706,2,708,0
2020-09-02,Los Angeles,037,10098052,248188,243999,1364,245363,5887
2020-09-02,Madera,039,155013,4042,3735,28,3763,41
2020-09-02,Marin,041,260295,6338,6131,15,6146,66
2020-09-02,Mariposa,043,17540,74,71,0,71,2
2020-09-02,Mendocino,045,87422,689,636,0,636,15
2020-09-02,Merced,047,269075,8342,8097,10,8107,103
2020-09-02,Modoc,049,8938,22,11,0,11,0
2020-09-02,Mono,051,14174,163,145,2,147,1
2020-09-02,Monterey,053,433212,8600,8070,22,8092,56
2020-09-02,Napa,055,140530,1531,1454,6,1460,10
2020-09-02,Nevada,057,99092,470,452,13,465,6
2020-09-02,Orange,059,3164182,51077,47871,1259,49130,994
2020-09-02,Placer,061,380077,3253,3047,11,3058,33
2020-09-02,Plumas,063,18699,44,39,0,39,0
2020-09-02,Riverside,065,2383286,54611,52923,70,52993,1032
2020-09-02,Sacramento,067,1510023,19362,18355,17,18372,316
2020-09-02,San Benito,069,59416,1193,1107,0,1107,4
2020-09-02,San Bernardino,071,2135413,50131,47766,317,48083,794
2020-09-02,San Diego,073,3302833,41369,39123,569,39692,695
2020-09-02,San Francisco,075,870044,10005,9587,16,9603,84
2020-09-02,San Joaquin,077,732212,18964,18194,39,18233,352
2020-09-02,San Luis Obispo,079,281455,3256,3002,14,3016,21
2020-09-02,San Mateo,081,765935,8941,8148,10,8158,122
2020-09-02,Santa Barbara,083,443738,8460,8206,69,8275,94
2020-09-02,Santa Clara,085,1922200,19368,17673,38,17711,206
2020-09-02,Santa Cruz,087,273765,1996,1850,16,1866,7
2020-09-02,Shasta,089,179085,650,531,3,534,10
2020-09-02,Sierra,091,2930,6,6,0,6,0
2020-09-02,Siskiyou,093,43540,144,127,9,136,0
2020-09-02,Solano,095,438530,5689,5463,38,5501,36
2020-09-02,Sonoma,097,501317,6344,5846,20,5866,62
2020-09-02,Stanislaus,099,539301,15576,14854,380,15234,220
2020-09-02,Sutter,101,95872,1468,1401,1,1402,10
2020-09-02,Tehama,103,63373,453,429,2,431,1
2020-09-02,Trinity,105,12862,48,13,7,20,0
2020-09-02,Tulare,107,460477,15052,14298,60,14358,244
2020-09-02,Tuolumne,109,53932,217,190,4,194,1
2020-09-02,Ventura,111,848112,11758,11031,110,11141,111
2020-09-02,Yolo,113,214977,2600,2449,6,2455,54
2020-09-02,Yuba,115,75493,941,856,3,859,1
2020-09-01,Alameda,001,1643700,19425,18382,126,18508,248
2020-09-01,Alpine,003,1148,2,2,0,2,0
2020-09-01,Amador,005,37829,275,244,0,244,13
2020-09-01,Butte,007,227075,2491,2146,24,2170,26
2020-09-01,Calaveras,009,45235,275,228,0,228,1
2020-09-01,Colusa,011,21464,476,454,0,454,6
2020-09-01,Contra Costa,013,1133247,15013,13998,55,14053,158
2020-09-01,Del Norte,015,27424,116,108,0,108,2
2020-09-01,El Dorado,017,186661,1040,972,6,978,2
2020-09-01,Fresno,019,978130,28356,25542,311,25853,290
2020-09-01,Glenn,021,27897,491,449,0,449,3
2020-09-01,Humboldt,023,135768,427,378,1,379,4
2020-09-01,Imperial,025,180216,11343,9782,7,9789,250
2020-09-01,Inyo,027,18085,182,171,4,175,3
2020-09-01,Kern,029,883053,30181,29162,230,29392,332
2020-09-01,Kings,031,150075,6749,6088,31,6119,62
2020-09-01,Lake,033,64148,383,341,0,341,2
2020-09-01,Lassen,035,31185,727,706,2,708,0
2020-09-01,Los Angeles,037,10098052,247097,242633,1341,243974,5832
2020-09-01,Madera,039,155013,4013,3703,27,3730,41
2020-09-01,Marin,041,260295,6323,6102,15,6117,67
2020-09-01,Mariposa,043,17540,73,72,0,72,2
2020-09-01,Mendocino,045,87422,674,626,0,626,15
2020-09-01,Merced,047,269075,8289,8046,9,8055,103
2020-09-01,Modoc,049,8938,20,10,0,10,0
2020-09-01,Mono,051,14174,163,145,2,147,1
2020-09-01,Monterey,053,433212,8494,7926,22,7948,56
2020-09-01,Napa,055,140530,1516,1446,6,1452,10
2020-09-01,Nevada,057,99092,464,450,13,463,6
2020-09-01,Orange,059,3164182,50913,47671,1240,48911,976
2020-09-01,Placer,061,380077,3231,3013,11,3024,33
2020-09-01,Plumas,063,18699,44,39,0,39,0
2020-09-01,Riverside,065,2383286,54394,52785,69,52854,1027
2020-09-01,Sacramento,067,1510023,19179,18217,16,18233,305
2020-09-01,San Benito,069,59416,1181,1089,0,1089,4
2020-09-01,San Bernardino,071,2135413,49924,47371,316,47687,786
2020-09-01,San Diego,073,3302833,41011,38873,531,39404,688
2020-09-01,San Francisco,075,870044,9936,9492,16,9508,83
2020-09-01,San Joaquin,077,732212,18883,17915,38,17953,341
2020-09-01,San Luis Obispo,079,281455,3230,2970,14,2984,21
2020-09-01,San Mateo,081,765935,8861,8132,10,8142,122
2020-09-01,Santa Barbara,083,443738,8410,8142,68,8210,93
2020-09-01,Santa Clara,085,1922200,19189,17319,38,17357,204
2020-09-01,Santa Cruz,087,273765,1972,1752,16,1768,7
2020-09-01,Shasta,089,179085,642,527,3,530,9
2020-09-01,Sierra,091,2930,6,6,0,6,0
2020-09-01,Siskiyou,093,43540,141,128,8,136,0
2020-09-01,Solano,095,438530,5663,5438,38,5476,34
2020-09-01,Sonoma,097,501317,6254,5733,20,5753,60
2020-09-01,Stanislaus,099,539301,15500,14784,370,15154,212
2020-09-01,Sutter,101,95872,1457,1389,1,1390,10
2020-09-01,Tehama,103,63373,449,422,2,424,1
2020-09-01,Trinity,105,12862,47,13,6,19,0
2020-09-01,Tulare,107,460477,14968,14156,60,14216,241
2020-09-01,Tuolumne,109,53932,211,183,4,187,1
2020-09-01,Ventura,111,848112,11680,10899,105,11004,108
2020-09-01,Yolo,113,214977,2583,2440,6,2446,51
2020-09-01,Yuba,115,75493,932,841,3,844,1
2020-08-31,Alameda,001,1643700,19279,18148,126,18274,248
2020-08-31,Alpine,003,1148,2,2,0,2,0
2020-08-31,Amador,005,37829,275,243,0,243,13
2020-08-31,Butte,007,227075,2427,2069,24,2093,26
2020-08-31,Calaveras,009,45235,270,212,0,212,1
2020-08-31,Colusa,011,21464,475,443,0,443,6
2020-08-31,Contra Costa,013,1133247,14887,13902,52,13954,153
2020-08-31,Del Norte,015,27424,116,108,0,108,2
2020-08-31,El Dorado,017,186661,1033,965,6,971,2
2020-08-31,Fresno,019,978130,28134,25185,305,25490,290
2020-08-31,Glenn,021,27897,479,437,0,437,3
2020-08-31,Humboldt,023,135768,425,374,1,375,4
2020-08-31,Imperial,025,180216,11312,9759,7,9766,250
2020-08-31,Inyo,027,18085,181,160,4,164,3
2020-08-31,Kern,029,883053,30083,29067,229,29296,318
2020-08-31,Kings,031,150075,6482,6037,31,6068,62
2020-08-31,Lake,033,64148,367,341,0,341,2
2020-08-31,Lassen,035,31185,724,706,2,708,0
2020-08-31,Los Angeles,037,10098052,245990,241793,1314,243107,5787
2020-08-31,Madera,039,155013,3990,3662,26,3688,35
2020-08-31,Marin,041,260295,6287,6074,15,6089,67
2020-08-31,Mariposa,043,17540,73,69,0,69,2
2020-08-31,Mendocino,045,87422,662,618,0,618,15
2020-08-31,Merced,047,269075,8227,7991,9,8000,79
2020-08-31,Modoc,049,8938,18,10,0,10,0
2020-08-31,Mono,051,14174,163,145,2,147,1
2020-08-31,Monterey,053,433212,8387,7839,22,7861,56
2020-08-31,Napa,055,140530,1508,1434,6,1440,10
2020-08-31,Nevada,057,99092,462,447,13,460,6
2020-08-31,Orange,059,3164182,50714,47392,1212,48604,965
2020-08-31,Placer,061,380077,3182,2989,11,3000,33
2020-08-31,Plumas,063,18699,43,39,0,39,0
2020-08-31,Riverside,065,2383286,54172,52508,67,52575,1020
2020-08-31,Sacramento,067,1510023,18938,17999,16,18015,303
2020-08-31,San Benito,069,59416,1165,1080,0,1080,4
2020-08-31,San Bernardino,071,2135413,49712,47370,315,47685,755
2020-08-31,San Diego,073,3302833,40644,38606,498,39104,682
2020-08-31,San Francisco,075,870044,9857,9293,13,9306,83
2020-08-31,San Joaquin,077,732212,18796,17807,37,17844,338
2020-08-31,San Luis Obispo,079,281455,3207,2951,13,2964,21
2020-08-31,San Mateo,081,765935,8791,8065,10,8075,122
2020-08-31,Santa Barbara,083,443738,8365,8124,68,8192,94
2020-08-31,Santa Clara,085,1922200,19001,17211,38,17249,202
2020-08-31,Santa Cruz,087,273765,1947,1742,16,1758,7
2020-08-31,Shasta,089,179085,637,528,3,531,9
2020-08-31,Sierra,091,2930,6,6,0,6,0
2020-08-31,Siskiyou,093,43540,140,127,8,135,0
2020-08-31,Solano,095,438530,5631,5302,37,5339,34
2020-08-31,Sonoma,097,501317,6179,5650,20,5670,60
2020-08-31,Stanislaus,099,539301,15426,14685,361,15046,213
2020-08-31,Sutter,101,95872,1442,1365,1,1366,10
2020-08-31,Tehama,103,63373,446,421,2,423,1
2020-08-31,Trinity,105,12862,47,13,6,19,0
2020-08-31,Tulare,107,460477,14881,13985,58,14043,237
2020-08-31,Tuolumne,109,53932,211,178,4,182,1
2020-08-31,Ventura,111,848112,11592,10866,104,10970,108
2020-08-31,Yolo,113,214977,2565,2423,5,2428,51
2020-08-31,Yuba,115,75493,918,830,3,833,1
2020-08-30,Alameda,001,1643700,19154,18099,124,18223,248
2020-08-30,Alpine,003,1148,2,2,0,2,0
2020-08-30,Amador,005,37829,274,240,0,240,13
2020-08-30,Butte,007,227075,2347,1988,24,2012,26
2020-08-30,Calaveras,009,45235,261,211,0,211,1
2020-08-30,Colusa,011,21464,474,440,0,440,6
2020-08-30,Contra Costa,013,1133247,14749,13780,52,13832,150
2020-08-30,Del Norte,015,27424,115,108,0,108,2
2020-08-30,El Dorado,017,186661,1023,962,6,968,2
2020-08-30,Fresno,019,978130,28008,24963,304,25267,291
2020-08-30,Glenn,021,27897,472,437,0,437,3
2020-08-30,Humboldt,023,135768,414,362,1,363,4
2020-08-30,Imperial,025,180216,11293,9703,7,9710,250
2020-08-30,Inyo,027,18085,181,160,4,164,3
2020-08-30,Kern,029,883053,29990,28987,229,29216,317
2020-08-30,Kings,031,150075,6436,6000,31,6031,62
2020-08-30,Lake,033,64148,362,334,0,334,2
2020-08-30,Lassen,035,31185,722,706,2,708,0
2020-08-30,Los Angeles,037,10098052,244853,240775,1282,242057,5772
2020-08-30,Madera,039,155013,3962,3626,26,3652,33
2020-08-30,Marin,041,260295,6257,6060,15,6075,66
2020-08-30,Mariposa,043,17540,73,69,0,69,2
2020-08-30,Mendocino,045,87422,656,611,0,611,13
2020-08-30,Merced,047,269075,8152,7960,9,7969,79
2020-08-30,Modoc,049,8938,13,10,0,10,0
2020-08-30,Mono,051,14174,163,145,2,147,1
2020-08-30,Monterey,053,433212,8303,7816,22,7838,54
2020-08-30,Napa,055,140530,1496,1423,6,1429,10
2020-08-30,Nevada,057,99092,459,445,13,458,6
2020-08-30,Orange,059,3164182,50518,47283,1198,48481,965
2020-08-30,Placer,061,380077,3149,2961,11,2972,32
2020-08-30,Plumas,063,18699,42,39,0,39,0
2020-08-30,Riverside,065,2383286,53993,52227,66,52293,1017
2020-08-30,Sacramento,067,1510023,18762,17751,16,17767,300
2020-08-30,San Benito,069,59416,1155,1071,0,1071,4
2020-08-30,San Bernardino,071,2135413,49455,47201,315,47516,755
2020-08-30,San Diego,073,3302833,40246,38302,477,38779,682
2020-08-30,San Francisco,075,870044,9760,9294,10,9304,83
2020-08-30,San Joaquin,077,732212,18679,17637,36,17673,338
2020-08-30,San Luis Obispo,079,281455,3182,2934,13,2947,21
2020-08-30,San Mateo,081,765935,8714,8013,10,8023,122
2020-08-30,Santa Barbara,083,443738,8306,8088,68,8156,93
2020-08-30,Santa Clara,085,1922200,18827,17045,38,17083,202
2020-08-30,Santa Cruz,087,273765,1921,1743,16,1759,7
2020-08-30,Shasta,089,179085,634,525,3,528,9
2020-08-30,Sierra,091,2930,6,6,0,6,0
2020-08-30,Siskiyou,093,43540,138,125,8,133,0
2020-08-30,Solano,095,438530,5588,5303,37,5340,34
2020-08-30,Sonoma,097,501317,6119,5590,20,5610,60
2020-08-30,Stanislaus,099,539301,15354,14580,352,14932,209
2020-08-30,Sutter,101,95872,1421,1351,1,1352,10
2020-08-30,Tehama,103,63373,437,419,2,421,1
2020-08-30,Trinity,105,12862,47,13,6,19,0
2020-08-30,Tulare,107,460477,14786,13985,57,14042,236
2020-08-30,Tuolumne,109,53932,207,178,4,182,1
2020-08-30,Ventura,111,848112,11479,10775,99,10874,108
2020-08-30,Yolo,113,214977,2537,2391,4,2395,51
2020-08-30,Yuba,115,75493,904,832,3,835,1
2020-08-29,Alameda,001,1643700,19087,17888,124,18012,250
2020-08-29,Alpine,003,1148,2,2,0,2,0
2020-08-29,Amador,005,37829,274,239,0,239,13
2020-08-29,Butte,007,227075,2316,1948,24,1972,26
2020-08-29,Calaveras,009,45235,257,211,0,211,1
2020-08-29,Colusa,011,21464,471,440,0,440,6
2020-08-29,Contra Costa,013,1133247,14676,13663,51,13714,159
2020-08-29,Del Norte,015,27424,115,108,0,108,1
2020-08-29,El Dorado,017,186661,1020,958,6,964,2
2020-08-29,Fresno,019,978130,27953,24821,304,25125,291
2020-08-29,Glenn,021,27897,466,437,0,437,3
2020-08-29,Humboldt,023,135768,411,363,1,364,4
2020-08-29,Imperial,025,180216,11278,9698,7,9705,250
2020-08-29,Inyo,027,18085,181,160,4,164,3
2020-08-29,Kern,029,883053,29950,28947,228,29175,317
2020-08-29,Kings,031,150075,6421,5906,31,5937,62
2020-08-29,Lake,033,64148,361,329,0,329,2
2020-08-29,Lassen,035,31185,722,706,2,708,0
2020-08-29,Los Angeles,037,10098052,244225,239815,1269,241084,5762
2020-08-29,Madera,039,155013,3953,3605,25,3630,33
2020-08-29,Marin,041,260295,6245,6007,15,6022,64
2020-08-29,Mariposa,043,17540,73,69,0,69,2
2020-08-29,Mendocino,045,87422,652,596,0,596,13
2020-08-29,Merced,047,269075,8122,7867,9,7876,79
2020-08-29,Modoc,049,8938,13,9,0,9,0
2020-08-29,Mono,051,14174,163,145,2,147,1
2020-08-29,Monterey,053,433212,8258,7680,22,7702,53
2020-08-29,Napa,055,140530,1493,1413,6,1419,10
2020-08-29,Nevada,057,99092,459,442,13,455,5
2020-08-29,Orange,059,3164182,50407,47007,1188,48195,960
2020-08-29,Placer,061,380077,3132,2935,11,2946,32
2020-08-29,Plumas,063,18699,41,39,0,39,0
2020-08-29,Riverside,065,2383286,53881,51918,64,51982,1016
2020-08-29,Sacramento,067,1510023,18691,17588,16,17604,291
2020-08-29,San Benito,069,59416,1146,1045,0,1045,4
2020-08-29,San Bernardino,071,2135413,49340,46849,315,47164,755
2020-08-29,San Diego,073,3302833,39980,38049,459,38508,694
2020-08-29,San Francisco,075,870044,9732,9291,9,9300,83
2020-08-29,San Joaquin,077,732212,18635,17493,36,17529,335
2020-08-29,San Luis Obispo,079,281455,3157,2917,13,2930,21
2020-08-29,San Mateo,081,765935,8672,7928,10,7938,122
2020-08-29,Santa Barbara,083,443738,8279,8052,67,8119,93
2020-08-29,Santa Clara,085,1922200,18727,16898,37,16935,202
2020-08-29,Santa Cruz,087,273765,1909,1746,16,1762,7
2020-08-29,Shasta,089,179085,626,522,3,525,9
2020-08-29,Sierra,091,2930,6,6,0,6,0
2020-08-29,Siskiyou,093,43540,138,121,8,129,0
2020-08-29,Solano,095,438530,5567,5303,37,5340,34
2020-08-29,Sonoma,097,501317,6084,5537,20,5557,60
2020-08-29,Stanislaus,099,539301,15305,14479,342,14821,208
2020-08-29,Sutter,101,95872,1416,1333,1,1334,9
2020-08-29,Tehama,103,63373,436,417,2,419,1
2020-08-29,Trinity,105,12862,46,11,6,17,0
2020-08-29,Tulare,107,460477,14748,13890,56,13946,236
2020-08-29,Tuolumne,109,53932,207,178,4,182,1
2020-08-29,Ventura,111,848112,11437,10705,99,10804,108
2020-08-29,Yolo,113,214977,2519,2357,4,2361,51
2020-08-29,Yuba,115,75493,895,822,3,825,1
2020-08-28,Alameda,001,1643700,19004,17729,123,17852,237
2020-08-28,Alpine,003,1148,2,2,0,2,0
2020-08-28,Amador,005,37829,274,234,0,234,13
2020-08-28,Butte,007,227075,2286,1886,24,1910,25
2020-08-28,Calaveras,009,45235,255,207,0,207,1
2020-08-28,Colusa,011,21464,470,441,0,441,6
2020-08-28,Contra Costa,013,1133247,14605,13522,50,13572,158
2020-08-28,Del Norte,015,27424,115,107,0,107,1
2020-08-28,El Dorado,017,186661,1014,949,6,955,2
2020-08-28,Fresno,019,978130,27819,24612,304,24916,282
2020-08-28,Glenn,021,27897,459,429,0,429,3
2020-08-28,Humboldt,023,135768,407,362,1,363,4
2020-08-28,Imperial,025,180216,11264,9656,7,9663,241
2020-08-28,Inyo,027,18085,180,160,4,164,2
2020-08-28,Kern,029,883053,29902,28744,228,28972,306
2020-08-28,Kings,031,150075,6414,5829,30,5859,62
2020-08-28,Lake,033,64148,356,320,0,320,2
2020-08-28,Lassen,035,31185,722,704,2,706,0
2020-08-28,Los Angeles,037,10098052,243413,238544,1244,239788,5740
2020-08-28,Madera,039,155013,3934,3552,25,3577,33
2020-08-28,Marin,041,260295,6223,5991,15,6006,63
2020-08-28,Mariposa,043,17540,73,67,0,67,2
2020-08-28,Mendocino,045,87422,647,588,0,588,11
2020-08-28,Merced,047,269075,8092,7803,9,7812,77
2020-08-28,Modoc,049,8938,13,6,0,6,0
2020-08-28,Mono,051,14174,163,145,2,147,1
2020-08-28,Monterey,053,433212,8201,7591,22,7613,53
2020-08-28,Napa,055,140530,1485,1403,5,1408,10
2020-08-28,Nevada,057,99092,458,438,13,451,5
2020-08-28,Orange,059,3164182,50307,46696,1173,47869,942
2020-08-28,Placer,061,380077,3122,2891,11,2902,32
2020-08-28,Plumas,063,18699,41,39,0,39,0
2020-08-28,Riverside,065,2383286,53750,51510,60,51570,1008
2020-08-28,Sacramento,067,1510023,18593,17119,16,17135,283
2020-08-28,San Benito,069,59416,1130,1016,0,1016,3
2020-08-28,San Bernardino,071,2135413,49221,46553,311,46864,754
2020-08-28,San Diego,073,3302833,39750,37786,444,38230,676
2020-08-28,San Francisco,075,870044,9680,9135,9,9144,83
2020-08-28,San Joaquin,077,732212,18582,17114,35,17149,314
2020-08-28,San Luis Obispo,079,281455,3140,2849,13,2862,20
2020-08-28,San Mateo,081,765935,8626,7783,9,7792,121
2020-08-28,Santa Barbara,083,443738,8247,8001,67,8068,92
2020-08-28,Santa Clara,085,1922200,18600,16696,37,16733,201
2020-08-28,Santa Cruz,087,273765,1897,1747,16,1763,7
2020-08-28,Shasta,089,179085,622,516,3,519,9
2020-08-28,Sierra,091,2930,6,6,0,6,0
2020-08-28,Siskiyou,093,43540,136,119,8,127,0
2020-08-28,Solano,095,438530,5548,5219,37,5256,34
2020-08-28,Sonoma,097,501317,6049,5425,19,5444,58
2020-08-28,Stanislaus,099,539301,15262,14176,338,14514,190
2020-08-28,Sutter,101,95872,1406,1308,1,1309,9
2020-08-28,Tehama,103,63373,431,410,2,412,1
2020-08-28,Trinity,105,12862,46,11,6,17,0
2020-08-28,Tulare,107,460477,14703,13776,56,13832,236
2020-08-28,Tuolumne,109,53932,207,176,4,180,1
2020-08-28,Ventura,111,848112,11401,10606,97,10703,103
2020-08-28,Yolo,113,214977,2510,2323,4,2327,51
2020-08-28,Yuba,115,75493,886,810,3,813,1
2020-08-27,Alameda,001,1643700,18859,17584,120,17704,234
2020-08-27,Alpine,003,1148,2,2,0,2,0
2020-08-27,Amador,005,37829,273,233,0,233,13
2020-08-27,Butte,007,227075,2220,1803,23,1826,25
2020-08-27,Calaveras,009,45235,249,204,0,204,1
2020-08-27,Colusa,011,21464,468,438,0,438,6
2020-08-27,Contra Costa,013,1133247,14505,13379,49,13428,158
2020-08-27,Del Norte,015,27424,115,107,0,107,1
2020-08-27,El Dorado,017,186661,1010,942,6,948,2
2020-08-27,Fresno,019,978130,27637,24367,299,24666,272
2020-08-27,Glenn,021,27897,451,429,0,429,3
2020-08-27,Humboldt,023,135768,399,358,1,359,4
2020-08-27,Imperial,025,180216,11237,9608,7,9615,235
2020-08-27,Inyo,027,18085,180,157,3,160,2
2020-08-27,Kern,029,883053,29831,28635,219,28854,294
2020-08-27,Kings,031,150075,6392,5759,30,5789,62
2020-08-27,Lake,033,64148,354,314,0,314,2
2020-08-27,Lassen,035,31185,722,703,2,705,0
2020-08-27,Los Angeles,037,10098052,242411,237103,1229,238332,5704
2020-08-27,Madera,039,155013,3908,3465,25,3490,33
2020-08-27,Marin,041,260295,6199,5929,15,5944,62
2020-08-27,Mariposa,043,17540,73,67,0,67,2
2020-08-27,Mendocino,045,87422,638,581,0,581,10
2020-08-27,Merced,047,269075,8048,7765,9,7774,75
2020-08-27,Modoc,049,8938,11,5,0,5,0
2020-08-27,Mono,051,14174,163,145,2,147,1
2020-08-27,Monterey,053,433212,8107,7501,22,7523,52
2020-08-27,Napa,055,140530,1479,1397,5,1402,10
2020-08-27,Nevada,057,99092,455,435,13,448,5
2020-08-27,Orange,059,3164182,50150,46449,1162,47611,935
2020-08-27,Placer,061,380077,3091,2869,11,2880,32
2020-08-27,Plumas,063,18699,40,39,0,39,0
2020-08-27,Riverside,065,2383286,53541,51306,57,51363,999
2020-08-27,Sacramento,067,1510023,18395,16875,16,16891,281
2020-08-27,San Benito,069,59416,1114,987,0,987,3
2020-08-27,San Bernardino,071,2135413,48996,46345,305,46650,751
2020-08-27,San Diego,073,3302833,39479,37501,424,37925,673
2020-08-27,San Francisco,075,870044,9614,9014,9,9023,83
2020-08-27,San Joaquin,077,732212,18502,16989,35,17024,314
2020-08-27,San Luis Obispo,079,281455,3115,2808,13,2821,20
2020-08-27,San Mateo,081,765935,8517,7728,9,7737,121
2020-08-27,Santa Barbara,083,443738,8209,7934,67,8001,92
2020-08-27,Santa Clara,085,1922200,18414,16495,37,16532,199
2020-08-27,Santa Cruz,087,273765,1880,1734,16,1750,7
2020-08-27,Shasta,089,179085,616,512,3,515,9
2020-08-27,Sierra,091,2930,6,6,0,6,0
2020-08-27,Siskiyou,093,43540,136,118,8,126,0
2020-08-27,Solano,095,438530,5510,5167,37,5204,34
2020-08-27,Sonoma,097,501317,5938,5357,19,5376,58
2020-08-27,Stanislaus,099,539301,15181,14080,335,14415,186
2020-08-27,Sutter,101,95872,1386,1296,1,1297,9
2020-08-27,Tehama,103,63373,427,398,2,400,1
2020-08-27,Trinity,105,12862,46,11,6,17,0
2020-08-27,Tulare,107,460477,14612,13666,56,13722,231
2020-08-27,Tuolumne,109,53932,202,174,4,178,1
2020-08-27,Ventura,111,848112,11338,10483,93,10576,102
2020-08-27,Yolo,113,214977,2486,2293,4,2297,51
2020-08-27,Yuba,115,75493,875,807,3,810,1
2020-08-26,Alameda,001,1643700,18696,17373,120,17493,233
2020-08-26,Alpine,003,1148,2,2,0,2,0
2020-08-26,Amador,005,37829,273,229,0,229,13
2020-08-26,Butte,007,227075,2152,1765,21,1786,25
2020-08-26,Calaveras,009,45235,242,201,0,201,1
2020-08-26,Colusa,011,21464,462,433,0,433,5
2020-08-26,Contra Costa,013,1133247,14368,13248,49,13297,157
2020-08-26,Del Norte,015,27424,114,86,0,86,1
2020-08-26,El Dorado,017,186661,1008,938,6,944,2
2020-08-26,Fresno,019,978130,27489,24071,297,24368,255
2020-08-26,Glenn,021,27897,449,429,0,429,3
2020-08-26,Humboldt,023,135768,387,357,1,358,4
2020-08-26,Imperial,025,180216,11215,9453,7,9460,227
2020-08-26,Inyo,027,18085,177,157,3,160,2
2020-08-26,Kern,029,883053,29692,28507,216,28723,286
2020-08-26,Kings,031,150075,6371,5720,30,5750,62
2020-08-26,Lake,033,64148,349,308,0,308,2
2020-08-26,Lassen,035,31185,722,702,2,704,0
2020-08-26,Los Angeles,037,10098052,241399,235499,1199,236698,5665
2020-08-26,Madera,039,155013,3879,3458,25,3483,32
2020-08-26,Marin,041,260295,6182,5887,15,5902,56
2020-08-26,Mariposa,043,17540,73,68,0,68,2
2020-08-26,Mendocino,045,87422,627,581,0,581,10
2020-08-26,Merced,047,269075,8015,7720,9,7729,74
2020-08-26,Modoc,049,8938,8,5,0,5,0
2020-08-26,Mono,051,14174,163,141,2,143,1
2020-08-26,Monterey,053,433212,8014,7439,22,7461,51
2020-08-26,Napa,055,140530,1466,1382,5,1387,10
2020-08-26,Nevada,057,99092,452,432,13,445,2
2020-08-26,Orange,059,3164182,49966,46157,1146,47303,905
2020-08-26,Placer,061,380077,3068,2846,9,2855,32
2020-08-26,Plumas,063,18699,39,39,0,39,0
2020-08-26,Riverside,065,2383286,53300,51138,57,51195,987
2020-08-26,Sacramento,067,1510023,18232,16708,16,16724,271
2020-08-26,San Benito,069,59416,1099,978,0,978,3
2020-08-26,San Bernardino,071,2135413,48789,45840,301,46141,743
2020-08-26,San Diego,073,3302833,39141,37224,397,37621,668
2020-08-26,San Francisco,075,870044,9540,8938,9,8947,81
2020-08-26,San Joaquin,077,732212,18413,16845,34,16879,309
2020-08-26,San Luis Obispo,079,281455,3087,2761,13,2774,20
2020-08-26,San Mateo,081,765935,8450,7655,9,7664,121
2020-08-26,Santa Barbara,083,443738,8175,7904,67,7971,90
2020-08-26,Santa Clara,085,1922200,18237,16283,37,16320,198
2020-08-26,Santa Cruz,087,273765,1869,1726,16,1742,7
2020-08-26,Shasta,089,179085,611,511,3,514,9
2020-08-26,Sierra,091,2930,6,6,0,6,0
2020-08-26,Siskiyou,093,43540,133,109,8,117,0
2020-08-26,Solano,095,438530,5486,5131,36,5167,34
2020-08-26,Sonoma,097,501317,5865,5283,19,5302,58
2020-08-26,Stanislaus,099,539301,15104,13964,329,14293,186
2020-08-26,Sutter,101,95872,1368,1275,1,1276,9
2020-08-26,Tehama,103,63373,424,396,2,398,1
2020-08-26,Trinity,105,12862,45,10,6,16,0
2020-08-26,Tulare,107,460477,14545,13568,56,13624,232
2020-08-26,Tuolumne,109,53932,201,172,4,176,1
2020-08-26,Ventura,111,848112,11266,10412,86,10498,100
2020-08-26,Yolo,113,214977,2465,2279,4,2283,49
2020-08-26,Yuba,115,75493,860,779,3,782,1
2020-08-25,Alameda,001,1643700,18538,17278,120,17398,232
2020-08-25,Alpine,003,1148,2,2,0,2,0
2020-08-25,Amador,005,37829,273,227,0,227,13
2020-08-25,Butte,007,227075,2085,1718,21,1739,24
2020-08-25,Calaveras,009,45235,240,196,0,196,1
2020-08-25,Colusa,011,21464,455,430,0,430,5
2020-08-25,Contra Costa,013,1133247,14230,13181,48,13229,156
2020-08-25,Del Norte,015,27424,113,83,0,83,1
2020-08-25,El Dorado,017,186661,1005,928,6,934,2
2020-08-25,Fresno,019,978130,27302,23932,296,24228,250
2020-08-25,Glenn,021,27897,446,429,0,429,3
2020-08-25,Humboldt,023,135768,382,342,1,343,4
2020-08-25,Imperial,025,180216,11187,9381,7,9388,217
2020-08-25,Inyo,027,18085,175,144,3,147,1
2020-08-25,Kern,029,883053,29555,28416,216,28632,285
2020-08-25,Kings,031,150075,6214,5702,30,5732,59
2020-08-25,Lake,033,64148,344,304,0,304,2
2020-08-25,Lassen,035,31185,721,692,2,694,0
2020-08-25,Los Angeles,037,10098052,240100,233961,1150,235111,5612
2020-08-25,Madera,039,155013,3864,3446,24,3470,32
2020-08-25,Marin,041,260295,6144,5860,15,5875,56
2020-08-25,Mariposa,043,17540,73,67,0,67,2
2020-08-25,Mendocino,045,87422,619,571,0,571,10
2020-08-25,Merced,047,269075,7948,7693,8,7701,69
2020-08-25,Modoc,049,8938,8,5,0,5,0
2020-08-25,Mono,051,14174,163,129,2,131,1
2020-08-25,Monterey,053,433212,7934,7333,22,7355,51
2020-08-25,Napa,055,140530,1459,1374,5,1379,10
2020-08-25,Nevada,057,99092,448,430,13,443,2
2020-08-25,Orange,059,3164182,49772,45737,1130,46867,902
2020-08-25,Placer,061,380077,3049,2829,6,2835,31
2020-08-25,Plumas,063,18699,39,39,0,39,0
2020-08-25,Riverside,065,2383286,53068,50889,57,50946,981
2020-08-25,Sacramento,067,1510023,18078,16601,16,16617,265
2020-08-25,San Benito,069,59416,1083,973,0,973,3
2020-08-25,San Bernardino,071,2135413,48554,45544,298,45842,727
2020-08-25,San Diego,073,3302833,38862,36996,375,37371,665
2020-08-25,San Francisco,075,870044,9463,8848,9,8857,81
2020-08-25,San Joaquin,077,732212,18286,16795,34,16829,306
2020-08-25,San Luis Obispo,079,281455,3028,2731,12,2743,20
2020-08-25,San Mateo,081,765935,8390,7636,8,7644,120
2020-08-25,Santa Barbara,083,443738,8123,7854,67,7921,90
2020-08-25,Santa Clara,085,1922200,18068,16199,37,16236,194
2020-08-25,Santa Cruz,087,273765,1850,1708,16,1724,7
2020-08-25,Shasta,089,179085,607,511,3,514,9
2020-08-25,Sierra,091,2930,6,6,0,6,0
2020-08-25,Siskiyou,093,43540,132,109,8,117,0
2020-08-25,Solano,095,438530,5425,5114,36,5150,34
2020-08-25,Sonoma,097,501317,5779,5148,19,5167,56
2020-08-25,Stanislaus,099,539301,14996,13886,318,14204,182
2020-08-25,Sutter,101,95872,1351,1259,1,1260,9
2020-08-25,Tehama,103,63373,421,394,2,396,1
2020-08-25,Trinity,105,12862,44,10,6,16,0
2020-08-25,Tulare,107,460477,14441,13514,55,13569,224
2020-08-25,Tuolumne,109,53932,199,172,4,176,1
2020-08-25,Ventura,111,848112,11181,10313,81,10394,99
2020-08-25,Yolo,113,214977,2452,2254,4,2258,50
2020-08-25,Yuba,115,75493,850,775,3,778,1
2020-08-24,Alameda,001,1643700,18343,16913,119,17032,231
2020-08-24,Alpine,003,1148,2,2,0,2,0
2020-08-24,Amador,005,37829,271,227,0,227,13
2020-08-24,Butte,007,227075,2002,1649,21,1670,23
2020-08-24,Calaveras,009,45235,231,187,0,187,1
2020-08-24,Colusa,011,21464,451,425,0,425,5
2020-08-24,Contra Costa,013,1133247,14113,12906,46,12952,153
2020-08-24,Del Norte,015,27424,113,80,0,80,1
2020-08-24,El Dorado,017,186661,997,908,6,914,2
2020-08-24,Fresno,019,978130,27114,23618,289,23907,235
2020-08-24,Glenn,021,27897,444,421,0,421,2
2020-08-24,Humboldt,023,135768,378,340,1,341,4
2020-08-24,Imperial,025,180216,11154,9323,7,9330,210
2020-08-24,Inyo,027,18085,171,144,3,147,2
2020-08-24,Kern,029,883053,29457,28157,210,28367,277
2020-08-24,Kings,031,150075,6126,5652,30,5682,60
2020-08-24,Lake,033,64148,329,302,0,302,2
2020-08-24,Lassen,035,31185,721,693,2,695,0
2020-08-24,Los Angeles,037,10098052,238738,233036,1132,234168,5562
2020-08-24,Madera,039,155013,3836,3418,24,3442,32
2020-08-24,Marin,041,260295,6080,5834,15,5849,56
2020-08-24,Mariposa,043,17540,71,66,0,66,2
2020-08-24,Mendocino,045,87422,604,550,0,550,10
2020-08-24,Merced,047,269075,7870,7605,8,7613,69
2020-08-24,Modoc,049,8938,8,5,0,5,0
2020-08-24,Mono,051,14174,163,129,2,131,1
2020-08-24,Monterey,053,433212,7825,7212,21,7233,50
2020-08-24,Napa,055,140530,1446,1358,5,1363,10
2020-08-24,Nevada,057,99092,443,423,13,436,2
2020-08-24,Orange,059,3164182,49579,45536,1121,46657,887
2020-08-24,Placer,061,380077,3002,2793,6,2799,31
2020-08-24,Plumas,063,18699,39,37,0,37,0
2020-08-24,Riverside,065,2383286,52790,50496,57,50553,975
2020-08-24,Sacramento,067,1510023,17882,16318,15,16333,249
2020-08-24,San Benito,069,59416,1062,961,0,961,3
2020-08-24,San Bernardino,071,2135413,48291,45199,296,45495,720
2020-08-24,San Diego,073,3302833,38574,36729,347,37076,660
2020-08-24,San Francisco,075,870044,9380,8621,9,8630,81
2020-08-24,San Joaquin,077,732212,18145,16565,33,16598,305
2020-08-24,San Luis Obispo,079,281455,3000,2705,12,2717,20
2020-08-24,San Mateo,081,765935,8323,7502,8,7510,120
2020-08-24,Santa Barbara,083,443738,8082,7784,67,7851,90
2020-08-24,Santa Clara,085,1922200,17864,16049,37,16086,192
2020-08-24,Santa Cruz,087,273765,1830,1627,15,1642,6
2020-08-24,Shasta,089,179085,605,505,3,508,9
2020-08-24,Sierra,091,2930,6,6,0,6,0
2020-08-24,Siskiyou,093,43540,128,107,8,115,0
2020-08-24,Solano,095,438530,5376,4979,34,5013,32
2020-08-24,Sonoma,097,501317,5677,5071,19,5090,56
2020-08-24,Stanislaus,099,539301,14898,13521,304,13825,171
2020-08-24,Sutter,101,95872,1332,1219,1,1220,9
2020-08-24,Tehama,103,63373,416,388,2,390,1
2020-08-24,Trinity,105,12862,44,10,6,16,0
2020-08-24,Tulare,107,460477,14333,13360,54,13414,223
2020-08-24,Tuolumne,109,53932,198,170,4,174,1
2020-08-24,Ventura,111,848112,11101,10261,77,10338,99
2020-08-24,Yolo,113,214977,2418,2239,4,2243,47
2020-08-24,Yuba,115,75493,833,750,3,753,1
2020-08-23,Alameda,001,1643700,18121,16786,118,16904,231
2020-08-23,Alpine,003,1148,2,2,0,2,0
2020-08-23,Amador,005,37829,268,227,0,227,13
2020-08-23,Butte,007,227075,1887,1637,21,1658,23
2020-08-23,Calaveras,009,45235,222,187,0,187,1
2020-08-23,Colusa,011,21464,444,424,0,424,5
2020-08-23,Contra Costa,013,1133247,13951,12642,46,12688,153
2020-08-23,Del Norte,015,27424,113,80,0,80,1
2020-08-23,El Dorado,017,186661,984,901,6,907,2
2020-08-23,Fresno,019,978130,26910,23414,286,23700,235
2020-08-23,Glenn,021,27897,437,421,0,421,2
2020-08-23,Humboldt,023,135768,376,341,1,342,4
2020-08-23,Imperial,025,180216,11125,9243,7,9250,210
2020-08-23,Inyo,027,18085,168,144,3,147,2
2020-08-23,Kern,029,883053,29308,28028,205,28233,277
2020-08-23,Kings,031,150075,6083,5628,30,5658,60
2020-08-23,Lake,033,64148,325,299,0,299,2
2020-08-23,Lassen,035,31185,720,693,2,695,0
2020-08-23,Los Angeles,037,10098052,237139,231833,1064,232897,5549
2020-08-23,Madera,039,155013,3805,3401,23,3424,32
2020-08-23,Marin,041,260295,6042,5807,14,5821,50
2020-08-23,Mariposa,043,17540,71,66,0,66,2
2020-08-23,Mendocino,045,87422,600,550,0,550,10
2020-08-23,Merced,047,269075,7801,7574,7,7581,69
2020-08-23,Modoc,049,8938,7,5,0,5,0
2020-08-23,Mono,051,14174,163,129,2,131,1
2020-08-23,Monterey,053,433212,7735,7173,21,7194,50
2020-08-23,Napa,055,140530,1434,1348,5,1353,10
2020-08-23,Nevada,057,99092,438,421,13,434,2
2020-08-23,Orange,059,3164182,49341,45267,1109,46376,887
2020-08-23,Placer,061,380077,2963,2772,6,2778,31
2020-08-23,Plumas,063,18699,39,37,0,37,0
2020-08-23,Riverside,065,2383286,52520,50293,55,50348,955
2020-08-23,Sacramento,067,1510023,17659,16084,14,16098,243
2020-08-23,San Benito,069,59416,1049,938,0,938,3
2020-08-23,San Bernardino,071,2135413,48023,45010,286,45296,719
2020-08-23,San Diego,073,3302833,38253,36542,320,36862,660
2020-08-23,San Francisco,075,870044,9285,8564,8,8572,80
2020-08-23,San Joaquin,077,732212,18012,16069,32,16101,305
2020-08-23,San Luis Obispo,079,281455,2958,2679,12,2691,20
2020-08-23,San Mateo,081,765935,8228,7450,8,7458,120
2020-08-23,Santa Barbara,083,443738,8014,7725,67,7792,90
2020-08-23,Santa Clara,085,1922200,17668,15912,35,15947,191
2020-08-23,Santa Cruz,087,273765,1804,1627,15,1642,6
2020-08-23,Shasta,089,179085,600,501,3,504,9
2020-08-23,Sierra,091,2930,6,6,0,6,0
2020-08-23,Siskiyou,093,43540,123,107,8,115,0
2020-08-23,Solano,095,438530,5318,4977,32,5009,32
2020-08-23,Sonoma,097,501317,5589,5018,19,5037,56
2020-08-23,Stanislaus,099,539301,14763,13483,281,13764,171
2020-08-23,Sutter,101,95872,1310,1203,1,1204,9
2020-08-23,Tehama,103,63373,406,381,2,383,1
2020-08-23,Trinity,105,12862,44,10,6,16,0
2020-08-23,Tulare,107,460477,14201,13303,51,13354,223
2020-08-23,Tuolumne,109,53932,195,164,4,168,1
2020-08-23,Ventura,111,848112,11000,10126,73,10199,99
2020-08-23,Yolo,113,214977,2390,2210,4,2214,47
2020-08-23,Yuba,115,75493,812,750,3,753,1
2020-08-22,Alameda,001,1643700,18027,16648,117,16765,231
2020-08-22,Alpine,003,1148,2,2,0,2,0
2020-08-22,Amador,005,37829,267,224,0,224,13
2020-08-22,Butte,007,227075,1836,1618,21,1639,22
2020-08-22,Calaveras,009,45235,218,187,0,187,1
2020-08-22,Colusa,011,21464,440,419,0,419,5
2020-08-22,Contra Costa,013,1133247,13864,12522,46,12568,153
2020-08-22,Del Norte,015,27424,112,80,0,80,1
2020-08-22,El Dorado,017,186661,982,900,6,906,2
2020-08-22,Fresno,019,978130,26813,23197,285,23482,235
2020-08-22,Glenn,021,27897,436,421,0,421,2
2020-08-22,Humboldt,023,135768,366,334,1,335,4
2020-08-22,Imperial,025,180216,11117,9244,7,9251,210
2020-08-22,Inyo,027,18085,168,144,3,147,1
2020-08-22,Kern,029,883053,29254,27807,205,28012,277
2020-08-22,Kings,031,150075,6074,5447,30,5477,60
2020-08-22,Lake,033,64148,323,291,0,291,2
2020-08-22,Lassen,035,31185,720,693,2,695,0
2020-08-22,Los Angeles,037,10098052,236480,230858,1047,231905,5540
2020-08-22,Madera,039,155013,3786,3330,23,3353,32
2020-08-22,Marin,041,260295,6030,5789,14,5803,49
2020-08-22,Mariposa,043,17540,71,66,0,66,2
2020-08-22,Mendocino,045,87422,597,529,0,529,10
2020-08-22,Merced,047,269075,7773,7493,7,7500,69
2020-08-22,Modoc,049,8938,7,5,0,5,0
2020-08-22,Mono,051,14174,163,129,2,131,1
2020-08-22,Monterey,053,433212,7687,7081,21,7102,50
2020-08-22,Napa,055,140530,1429,1328,5,1333,11
2020-08-22,Nevada,057,99092,438,411,13,424,2
2020-08-22,Orange,059,3164182,49200,45131,1103,46234,885
2020-08-22,Placer,061,380077,2949,2734,6,2740,30
2020-08-22,Plumas,063,18699,39,37,0,37,0
2020-08-22,Riverside,065,2383286,52372,49944,54,49998,953
2020-08-22,Sacramento,067,1510023,17547,15516,14,15530,239
2020-08-22,San Benito,069,59416,1033,912,0,912,3
2020-08-22,San Bernardino,071,2135413,47894,44803,282,45085,719
2020-08-22,San Diego,073,3302833,38070,36205,309,36514,673
2020-08-22,San Francisco,075,870044,9225,8568,8,8576,80
2020-08-22,San Joaquin,077,732212,17956,16068,32,16100,305
2020-08-22,San Luis Obispo,079,281455,2932,2660,12,2672,20
2020-08-22,San Mateo,081,765935,8181,7361,8,7369,120
2020-08-22,Santa Barbara,083,443738,7988,7685,67,7752,90
2020-08-22,Santa Clara,085,1922200,17560,15590,35,15625,190
2020-08-22,Santa Cruz,087,273765,1788,1628,14,1642,6
2020-08-22,Shasta,089,179085,598,493,3,496,9
2020-08-22,Sierra,091,2930,6,6,0,6,0
2020-08-22,Siskiyou,093,43540,123,106,8,114,0
2020-08-22,Solano,095,438530,5288,4944,31,4975,32
2020-08-22,Sonoma,097,501317,5543,4891,19,4910,57
2020-08-22,Stanislaus,099,539301,14713,13380,264,13644,170
2020-08-22,Sutter,101,95872,1303,1189,1,1190,8
2020-08-22,Tehama,103,63373,405,368,2,370,1
2020-08-22,Trinity,105,12862,44,8,6,14,0
2020-08-22,Tulare,107,460477,14134,13196,51,13247,222
2020-08-22,Tuolumne,109,53932,193,162,4,166,1
2020-08-22,Ventura,111,848112,10945,9959,71,10030,99
2020-08-22,Yolo,113,214977,2374,2188,4,2192,47
2020-08-22,Yuba,115,75493,800,738,3,741,1
2020-08-21,Alameda,001,1643700,17935,16413,117,16530,232
2020-08-21,Alpine,003,1148,2,2,0,2,0
2020-08-21,Amador,005,37829,266,223,0,223,11
2020-08-21,Butte,007,227075,1797,1582,21,1603,19
2020-08-21,Calaveras,009,45235,218,182,0,182,1
2020-08-21,Colusa,011,21464,438,418,0,418,5
2020-08-21,Contra Costa,013,1133247,13774,12333,45,12378,149
2020-08-21,Del Norte,015,27424,112,78,0,78,1
2020-08-21,El Dorado,017,186661,978,885,6,891,2
2020-08-21,Fresno,019,978130,26643,22840,284,23124,232
2020-08-21,Glenn,021,27897,432,418,0,418,2
2020-08-21,Humboldt,023,135768,363,331,1,332,4
2020-08-21,Imperial,025,180216,11101,9166,7,9173,204
2020-08-21,Inyo,027,18085,168,144,3,147,1
2020-08-21,Kern,029,883053,29195,27567,203,27770,269
2020-08-21,Kings,031,150075,6052,5391,30,5421,60
2020-08-21,Lake,033,64148,321,281,0,281,2
2020-08-21,Lassen,035,31185,720,693,2,695,0
2020-08-21,Los Angeles,037,10098052,235606,229235,1026,230261,5494
2020-08-21,Madera,039,155013,3756,3271,23,3294,31
2020-08-21,Marin,041,260295,6010,5762,14,5776,49
2020-08-21,Mariposa,043,17540,71,66,0,66,2
2020-08-21,Mendocino,045,87422,587,505,0,505,10
2020-08-21,Merced,047,269075,7744,7357,7,7364,69
2020-08-21,Modoc,049,8938,7,5,0,5,0
2020-08-21,Mono,051,14174,163,128,2,130,1
2020-08-21,Monterey,053,433212,7615,6974,21,6995,49
2020-08-21,Napa,055,140530,1420,1317,5,1322,10
2020-08-21,Nevada,057,99092,437,406,13,419,2
2020-08-21,Orange,059,3164182,49059,44625,1094,45719,875
2020-08-21,Placer,061,380077,2933,2698,6,2704,30
2020-08-21,Plumas,063,18699,39,36,0,36,0
2020-08-21,Riverside,065,2383286,52177,49409,54,49463,932
2020-08-21,Sacramento,067,1510023,17424,15247,14,15261,237
2020-08-21,San Benito,069,59416,1023,891,0,891,3
2020-08-21,San Bernardino,071,2135413,47774,44249,278,44527,668
2020-08-21,San Diego,073,3302833,37866,35914,292,36206,652
2020-08-21,San Francisco,075,870044,9175,8375,8,8383,80
2020-08-21,San Joaquin,077,732212,17873,15888,30,15918,301
2020-08-21,San Luis Obispo,079,281455,2909,2640,12,2652,19
2020-08-21,San Mateo,081,765935,8124,7253,8,7261,120
2020-08-21,Santa Barbara,083,443738,7947,7645,67,7712,86
2020-08-21,Santa Clara,085,1922200,17409,15399,35,15434,190
2020-08-21,Santa Cruz,087,273765,1776,1617,14,1631,6
2020-08-21,Shasta,089,179085,598,486,3,489,9
2020-08-21,Sierra,091,2930,6,6,0,6,0
2020-08-21,Siskiyou,093,43540,123,103,6,109,0
2020-08-21,Solano,095,438530,5265,4891,30,4921,32
2020-08-21,Sonoma,097,501317,5473,4816,19,4835,57
2020-08-21,Stanislaus,099,539301,14644,13282,250,13532,161
2020-08-21,Sutter,101,95872,1290,1173,1,1174,8
2020-08-21,Tehama,103,63373,403,357,2,359,1
2020-08-21,Trinity,105,12862,44,8,6,14,0
2020-08-21,Tulare,107,460477,14063,13002,49,13051,217
2020-08-21,Tuolumne,109,53932,185,161,4,165,1
2020-08-21,Ventura,111,848112,10880,9865,69,9934,98
2020-08-21,Yolo,113,214977,2359,2164,4,2168,46
2020-08-21,Yuba,115,75493,796,717,3,720,1
2020-08-20,Alameda,001,1643700,17775,16174,117,16291,229
2020-08-20,Alpine,003,1148,2,2,0,2,0
2020-08-20,Amador,005,37829,264,222,0,222,11
2020-08-20,Butte,007,227075,1747,1549,21,1570,18
2020-08-20,Calaveras,009,45235,215,179,0,179,1
2020-08-20,Colusa,011,21464,436,415,0,415,5
2020-08-20,Contra Costa,013,1133247,13647,12108,44,12152,144
2020-08-20,Del Norte,015,27424,112,78,0,78,1
2020-08-20,El Dorado,017,186661,974,881,6,887,2
2020-08-20,Fresno,019,978130,26461,22535,279,22814,228
2020-08-20,Glenn,021,27897,427,414,0,414,2
2020-08-20,Humboldt,023,135768,358,318,1,319,4
2020-08-20,Imperial,025,180216,11082,9086,7,9093,196
2020-08-20,Inyo,027,18085,167,144,3,147,1
2020-08-20,Kern,029,883053,29027,27337,192,27529,267
2020-08-20,Kings,031,150075,6012,5347,29,5376,59
2020-08-20,Lake,033,64148,316,280,0,280,2
2020-08-20,Lassen,035,31185,719,693,2,695,0
2020-08-20,Los Angeles,037,10098052,234371,227492,1007,228499,5445
2020-08-20,Madera,039,155013,3730,3197,23,3220,31
2020-08-20,Marin,041,260295,5992,5745,14,5759,47
2020-08-20,Mariposa,043,17540,71,67,0,67,2
2020-08-20,Mendocino,045,87422,577,497,0,497,10
2020-08-20,Merced,047,269075,7669,7173,7,7180,68
2020-08-20,Modoc,049,8938,7,5,0,5,0
2020-08-20,Mono,051,14174,163,128,2,130,1
2020-08-20,Monterey,053,433212,7544,6892,21,6913,47
2020-08-20,Napa,055,140530,1413,1306,5,1311,10
2020-08-20,Nevada,057,99092,436,401,13,414,2
2020-08-20,Orange,059,3164182,48832,44299,1084,45383,849
2020-08-20,Placer,061,380077,2917,2681,6,2687,30
2020-08-20,Plumas,063,18699,39,36,0,36,0
2020-08-20,Riverside,065,2383286,51958,48953,53,49006,927
2020-08-20,Sacramento,067,1510023,17181,14992,14,15006,231
2020-08-20,San Benito,069,59416,1010,866,0,866,3
2020-08-20,San Bernardino,071,2135413,47518,43627,274,43901,665
2020-08-20,San Diego,073,3302833,37646,35610,274,35884,644
2020-08-20,San Francisco,075,870044,9089,8262,8,8270,72
2020-08-20,San Joaquin,077,732212,17782,15778,30,15808,297
2020-08-20,San Luis Obispo,079,281455,2889,2590,12,2602,19
2020-08-20,San Mateo,081,765935,8059,7188,8,7196,120
2020-08-20,Santa Barbara,083,443738,7909,7571,67,7638,81
2020-08-20,Santa Clara,085,1922200,17237,15162,35,15197,190
2020-08-20,Santa Cruz,087,273765,1763,1581,14,1595,6
2020-08-20,Shasta,089,179085,597,478,3,481,9
2020-08-20,Sierra,091,2930,6,6,0,6,0
2020-08-20,Siskiyou,093,43540,122,102,1,103,0
2020-08-20,Solano,095,438530,5220,4843,30,4873,31
2020-08-20,Sonoma,097,501317,5401,4737,19,4756,54
2020-08-20,Stanislaus,099,539301,14548,13120,241,13361,161
2020-08-20,Sutter,101,95872,1266,1158,1,1159,8
2020-08-20,Tehama,103,63373,398,350,2,352,1
2020-08-20,Trinity,105,12862,44,8,6,14,0
2020-08-20,Tulare,107,460477,13955,12907,48,12955,217
2020-08-20,Tuolumne,109,53932,181,159,4,163,1
2020-08-20,Ventura,111,848112,10767,9744,68,9812,93
2020-08-20,Yolo,113,214977,2337,2150,4,2154,47
2020-08-20,Yuba,115,75493,779,709,3,712,1
2020-08-19,Alameda,001,1643700,17617,15874,116,15990,226
2020-08-19,Alpine,003,1148,2,2,0,2,0
2020-08-19,Amador,005,37829,263,219,0,219,9
2020-08-19,Butte,007,227075,1704,1517,21,1538,16
2020-08-19,Calaveras,009,45235,213,177,0,177,1
2020-08-19,Colusa,011,21464,435,415,0,415,5
2020-08-19,Contra Costa,013,1133247,13535,11895,43,11938,142
2020-08-19,Del Norte,015,27424,112,78,0,78,1
2020-08-19,El Dorado,017,186661,968,870,6,876,2
2020-08-19,Fresno,019,978130,26272,22167,270,22437,221
2020-08-19,Glenn,021,27897,425,414,0,414,2
2020-08-19,Humboldt,023,135768,355,316,1,317,4
2020-08-19,Imperial,025,180216,11054,9041,7,9048,192
2020-08-19,Inyo,027,18085,165,140,3,143,1
2020-08-19,Kern,029,883053,28910,27142,188,27330,263
2020-08-19,Kings,031,150075,5839,5301,27,5328,59
2020-08-19,Lake,033,64148,313,277,0,277,2
2020-08-19,Lassen,035,31185,711,693,2,695,0
2020-08-19,Los Angeles,037,10098052,233093,226006,967,226973,5399
2020-08-19,Madera,039,155013,3696,3158,21,3179,30
2020-08-19,Marin,041,260295,5968,5723,13,5736,46
2020-08-19,Mariposa,043,17540,71,64,0,64,2
2020-08-19,Mendocino,045,87422,560,495,0,495,8
2020-08-19,Merced,047,269075,7542,7082,4,7086,66
2020-08-19,Modoc,049,8938,7,5,0,5,0
2020-08-19,Mono,051,14174,163,128,2,130,1
2020-08-19,Monterey,053,433212,7444,6693,21,6714,45
2020-08-19,Napa,055,140530,1408,1293,5,1298,10
2020-08-19,Nevada,057,99092,429,398,13,411,2
2020-08-19,Orange,059,3164182,48627,43938,1081,45019,829
2020-08-19,Placer,061,380077,2895,2659,6,2665,28
2020-08-19,Plumas,063,18699,39,36,0,36,0
2020-08-19,Riverside,065,2383286,51709,48741,53,48794,922
2020-08-19,Sacramento,067,1510023,17001,14764,14,14778,229
2020-08-19,San Benito,069,59416,993,853,0,853,3
2020-08-19,San Bernardino,071,2135413,47221,43224,268,43492,661
2020-08-19,San Diego,073,3302833,37396,35378,259,35637,638
2020-08-19,San Francisco,075,870044,9025,8236,8,8244,72
2020-08-19,San Joaquin,077,732212,17660,15677,29,15706,296
2020-08-19,San Luis Obispo,079,281455,2849,2553,12,2565,19
2020-08-19,San Mateo,081,765935,7990,7146,8,7154,119
2020-08-19,Santa Barbara,083,443738,7860,7499,67,7566,80
2020-08-19,Santa Clara,085,1922200,17092,14994,35,15029,189
2020-08-19,Santa Cruz,087,273765,1737,1554,14,1568,6
2020-08-19,Shasta,089,179085,593,475,3,478,9
2020-08-19,Sierra,091,2930,6,6,0,6,0
2020-08-19,Siskiyou,093,43540,121,103,1,104,0
2020-08-19,Solano,095,438530,5179,4807,30,4837,31
2020-08-19,Sonoma,097,501317,5322,4614,19,4633,54
2020-08-19,Stanislaus,099,539301,14445,13084,219,13303,160
2020-08-19,Sutter,101,95872,1232,1146,1,1147,8
2020-08-19,Tehama,103,63373,392,342,2,344,1
2020-08-19,Trinity,105,12862,43,8,6,14,0
2020-08-19,Tulare,107,460477,13857,12756,48,12804,217
2020-08-19,Tuolumne,109,53932,178,159,4,163,1
2020-08-19,Ventura,111,848112,10675,9587,66,9653,91
2020-08-19,Yolo,113,214977,2315,2126,4,2130,47
2020-08-19,Yuba,115,75493,767,701,3,704,1
2020-08-18,Alameda,001,1643700,17439,15627,114,15741,223
2020-08-18,Alpine,003,1148,2,2,0,2,0
2020-08-18,Amador,005,37829,262,215,0,215,9
2020-08-18,Butte,007,227075,1671,1491,21,1512,16
2020-08-18,Calaveras,009,45235,210,174,0,174,1
2020-08-18,Colusa,011,21464,434,415,0,415,5
2020-08-18,Contra Costa,013,1133247,13414,11689,41,11730,141
2020-08-18,Del Norte,015,27424,111,78,0,78,0
2020-08-18,El Dorado,017,186661,963,866,6,872,2
2020-08-18,Fresno,019,978130,26051,21798,264,22062,212
2020-08-18,Glenn,021,27897,425,407,0,407,2
2020-08-18,Humboldt,023,135768,353,315,1,316,4
2020-08-18,Imperial,025,180216,11020,8968,7,8975,189
2020-08-18,Inyo,027,18085,164,140,3,143,1
2020-08-18,Kern,029,883053,28757,26978,184,27162,263
2020-08-18,Kings,031,150075,5804,5269,26,5295,58
2020-08-18,Lake,033,64148,310,274,0,274,2
2020-08-18,Lassen,035,31185,711,693,2,695,0
2020-08-18,Los Angeles,037,10098052,231826,224218,931,225149,5339
2020-08-18,Madera,039,155013,3668,3125,21,3146,28
2020-08-18,Marin,041,260295,5938,5708,13,5721,47
2020-08-18,Mariposa,043,17540,71,61,0,61,2
2020-08-18,Mendocino,045,87422,551,468,0,468,8
2020-08-18,Merced,047,269075,7494,6940,4,6944,66
2020-08-18,Modoc,049,8938,7,5,0,5,0
2020-08-18,Mono,051,14174,162,129,2,131,1
2020-08-18,Monterey,053,433212,7352,6691,20,6711,44
2020-08-18,Napa,055,140530,1404,1274,5,1279,10
2020-08-18,Nevada,057,99092,422,389,13,402,2
2020-08-18,Orange,059,3164182,48402,43659,1067,44726,809
2020-08-18,Placer,061,380077,2869,2644,5,2649,28
2020-08-18,Plumas,063,18699,39,34,0,34,0
2020-08-18,Riverside,065,2383286,51377,48447,53,48500,917
2020-08-18,Sacramento,067,1510023,16771,14610,13,14623,222
2020-08-18,San Benito,069,59416,973,836,0,836,3
2020-08-18,San Bernardino,071,2135413,46940,42827,262,43089,648
2020-08-18,San Diego,073,3302833,37103,35164,227,35391,633
2020-08-18,San Francisco,075,870044,8940,8016,8,8024,72
2020-08-18,San Joaquin,077,732212,17546,15509,28,15537,290
2020-08-18,San Luis Obispo,079,281455,2824,2535,11,2546,18
2020-08-18,San Mateo,081,765935,7929,7074,8,7082,119
2020-08-18,Santa Barbara,083,443738,7818,7472,67,7539,81
2020-08-18,Santa Clara,085,1922200,16923,14786,34,14820,184
2020-08-18,Santa Cruz,087,273765,1724,1509,14,1523,6
2020-08-18,Shasta,089,179085,589,468,3,471,9
2020-08-18,Sierra,091,2930,6,6,0,6,0
2020-08-18,Siskiyou,093,43540,120,103,1,104,0
2020-08-18,Solano,095,438530,5152,4700,30,4730,31
2020-08-18,Sonoma,097,501317,5253,4506,19,4525,48
2020-08-18,Stanislaus,099,539301,14347,12935,203,13138,149
2020-08-18,Sutter,101,95872,1213,1126,1,1127,8
2020-08-18,Tehama,103,63373,382,333,2,335,1
2020-08-18,Trinity,105,12862,41,8,6,14,0
2020-08-18,Tulare,107,460477,13726,12637,45,12682,212
2020-08-18,Tuolumne,109,53932,175,159,4,163,1
2020-08-18,Ventura,111,848112,10585,9536,61,9597,89
2020-08-18,Yolo,113,214977,2293,2102,4,2106,47
2020-08-18,Yuba,115,75493,759,679,3,682,1
2020-08-17,Alameda,001,1643700,17246,15454,113,15567,221
2020-08-17,Alpine,003,1148,2,2,0,2,0
2020-08-17,Amador,005,37829,262,215,0,215,9
2020-08-17,Butte,007,227075,1626,1463,21,1484,15
2020-08-17,Calaveras,009,45235,206,167,0,167,1
2020-08-17,Colusa,011,21464,431,408,0,408,5
2020-08-17,Contra Costa,013,1133247,13277,11442,41,11483,141
2020-08-17,Del Norte,015,27424,107,77,0,77,0
2020-08-17,El Dorado,017,186661,960,846,6,852,2
2020-08-17,Fresno,019,978130,25844,21316,257,21573,211
2020-08-17,Glenn,021,27897,424,402,0,402,2
2020-08-17,Humboldt,023,135768,349,302,1,303,4
2020-08-17,Imperial,025,180216,10979,8897,7,8904,188
2020-08-17,Inyo,027,18085,156,124,3,127,1
2020-08-17,Kern,029,883053,28610,26773,174,26947,249
2020-08-17,Kings,031,150075,5766,5249,26,5275,58
2020-08-17,Lake,033,64148,305,270,0,270,2
2020-08-17,Lassen,035,31185,711,666,2,668,0
2020-08-17,Los Angeles,037,10098052,230307,223418,887,224305,5282
2020-08-17,Madera,039,155013,3625,3050,20,3070,26
2020-08-17,Marin,041,260295,5915,5683,12,5695,46
2020-08-17,Mariposa,043,17540,71,61,0,61,2
2020-08-17,Mendocino,045,87422,533,454,0,454,8
2020-08-17,Merced,047,269075,7399,6814,4,6818,66
2020-08-17,Modoc,049,8938,7,5,0,5,0
2020-08-17,Mono,051,14174,162,126,2,128,1
2020-08-17,Monterey,053,433212,7252,6553,20,6573,44
2020-08-17,Napa,055,140530,1383,1255,5,1260,10
2020-08-17,Nevada,057,99092,417,383,13,396,2
2020-08-17,Orange,059,3164182,48192,43621,1054,44675,804
2020-08-17,Placer,061,380077,2844,2609,5,2614,28
2020-08-17,Plumas,063,18699,39,33,0,33,0
2020-08-17,Riverside,065,2383286,51044,48062,51,48113,916
2020-08-17,Sacramento,067,1510023,16551,14333,13,14346,219
2020-08-17,San Benito,069,59416,958,822,0,822,2
2020-08-17,San Bernardino,071,2135413,46596,42005,254,42259,604
2020-08-17,San Diego,073,3302833,36837,34962,213,35175,626
2020-08-17,San Francisco,075,870044,8869,7600,8,7608,72
2020-08-17,San Joaquin,077,732212,17384,15323,27,15350,280
2020-08-17,San Luis Obispo,079,281455,2791,2527,11,2538,18
2020-08-17,San Mateo,081,765935,7872,6987,7,6994,118
2020-08-17,Santa Barbara,083,443738,7776,7438,67,7505,80
2020-08-17,Santa Clara,085,1922200,16698,14546,34,14580,183
2020-08-17,Santa Cruz,087,273765,1708,1453,13,1466,6
2020-08-17,Shasta,089,179085,583,467,3,470,9
2020-08-17,Sierra,091,2930,6,6,0,6,0
2020-08-17,Siskiyou,093,43540,119,103,0,103,0
2020-08-17,Solano,095,438530,5095,4479,30,4509,31
2020-08-17,Sonoma,097,501317,5165,4402,17,4419,48
2020-08-17,Stanislaus,099,539301,14222,12745,196,12941,148
2020-08-17,Sutter,101,95872,1197,1071,1,1072,8
2020-08-17,Tehama,103,63373,372,324,2,326,1
2020-08-17,Trinity,105,12862,41,8,6,14,0
2020-08-17,Tulare,107,460477,13614,12487,43,12530,210
2020-08-17,Tuolumne,109,53932,172,157,4,161,1
2020-08-17,Ventura,111,848112,10462,9490,56,9546,89
2020-08-17,Yolo,113,214977,2266,2083,4,2087,47
2020-08-17,Yuba,115,75493,744,647,3,650,1
2020-08-16,Alameda,001,1643700,16955,15338,113,15451,221
2020-08-16,Alpine,003,1148,2,2,0,2,0
2020-08-16,Amador,005,37829,259,215,0,215,9
2020-08-16,Butte,007,227075,1588,1432,21,1453,15
2020-08-16,Calaveras,009,45235,199,167,0,167,1
2020-08-16,Colusa,011,21464,429,407,0,407,5
2020-08-16,Contra Costa,013,1133247,13091,11255,41,11296,140
2020-08-16,Del Norte,015,27424,103,77,0,77,0
2020-08-16,El Dorado,017,186661,948,843,6,849,2
2020-08-16,Fresno,019,978130,25622,21010,252,21262,211
2020-08-16,Glenn,021,27897,422,400,0,400,2
2020-08-16,Humboldt,023,135768,347,301,1,302,4
2020-08-16,Imperial,025,180216,10935,8883,7,8890,188
2020-08-16,Inyo,027,18085,149,125,2,127,1
2020-08-16,Kern,029,883053,28411,26520,166,26686,249
2020-08-16,Kings,031,150075,5735,5146,26,5172,58
2020-08-16,Lake,033,64148,301,269,0,269,2
2020-08-16,Lassen,035,31185,711,666,2,668,0
2020-08-16,Los Angeles,037,10098052,228737,222236,857,223093,5263
2020-08-16,Madera,039,155013,3580,3013,20,3033,26
2020-08-16,Marin,041,260295,5889,5664,12,5676,46
2020-08-16,Mariposa,043,17540,71,61,0,61,2
2020-08-16,Mendocino,045,87422,525,451,0,451,8
2020-08-16,Merced,047,269075,7317,6744,4,6748,66
2020-08-16,Modoc,049,8938,7,5,0,5,0
2020-08-16,Mono,051,14174,162,126,2,128,1
2020-08-16,Monterey,053,433212,7154,6516,19,6535,44
2020-08-16,Napa,055,140530,1365,1241,3,1244,10
2020-08-16,Nevada,057,99092,408,379,13,392,2
2020-08-16,Orange,059,3164182,47943,43303,1043,44346,803
2020-08-16,Placer,061,380077,2815,2583,4,2587,28
2020-08-16,Plumas,063,18699,39,33,0,33,0
2020-08-16,Riverside,065,2383286,50713,47669,50,47719,910
2020-08-16,Sacramento,067,1510023,16311,14210,13,14223,219
2020-08-16,San Benito,069,59416,929,815,0,815,2
2020-08-16,San Bernardino,071,2135413,46172,41724,246,41970,603
2020-08-16,San Diego,073,3302833,36573,34680,198,34878,626
2020-08-16,San Francisco,075,870044,8782,7602,8,7610,72
2020-08-16,San Joaquin,077,732212,17183,15288,27,15315,280
2020-08-16,San Luis Obispo,079,281455,2762,2494,11,2505,17
2020-08-16,San Mateo,081,765935,7798,6942,7,6949,118
2020-08-16,Santa Barbara,083,443738,7727,7368,67,7435,79
2020-08-16,Santa Clara,085,1922200,16498,14329,34,14363,183
2020-08-16,Santa Cruz,087,273765,1681,1449,12,1461,6
2020-08-16,Shasta,089,179085,576,465,3,468,9
2020-08-16,Sierra,091,2930,6,6,0,6,0
2020-08-16,Siskiyou,093,43540,118,102,0,102,0
2020-08-16,Solano,095,438530,5035,4479,30,4509,31
2020-08-16,Sonoma,097,501317,5061,4329,17,4346,46
2020-08-16,Stanislaus,099,539301,14064,12668,186,12854,148
2020-08-16,Sutter,101,95872,1179,1071,1,1072,8
2020-08-16,Tehama,103,63373,363,318,2,320,1
2020-08-16,Trinity,105,12862,38,8,6,14,0
2020-08-16,Tulare,107,460477,13482,12334,40,12374,211
2020-08-16,Tuolumne,109,53932,172,156,4,160,1
2020-08-16,Ventura,111,848112,10353,9408,51,9459,89
2020-08-16,Yolo,113,214977,2247,2057,4,2061,47
2020-08-16,Yuba,115,75493,735,647,2,649,1
2020-08-15,Alameda,001,1643700,16878,15165,113,15278,221
2020-08-15,Alpine,003,1148,2,2,0,2,0
2020-08-15,Amador,005,37829,259,210,0,210,9
2020-08-15,Butte,007,227075,1566,1409,21,1430,15
2020-08-15,Calaveras,009,45235,197,167,0,167,1
2020-08-15,Colusa,011,21464,428,401,0,401,5
2020-08-15,Contra Costa,013,1133247,12995,11106,41,11147,138
2020-08-15,Del Norte,015,27424,103,77,0,77,0
2020-08-15,El Dorado,017,186661,943,838,6,844,2
2020-08-15,Fresno,019,978130,25506,20603,250,20853,211
2020-08-15,Glenn,021,27897,422,398,0,398,2
2020-08-15,Humboldt,023,135768,346,301,1,302,4
2020-08-15,Imperial,025,180216,10915,8794,7,8801,188
2020-08-15,Inyo,027,18085,149,123,2,125,1
2020-08-15,Kern,029,883053,28323,26338,166,26504,249
2020-08-15,Kings,031,150075,5717,5039,26,5065,56
2020-08-15,Lake,033,64148,299,268,0,268,2
2020-08-15,Lassen,035,31185,711,666,2,668,0
2020-08-15,Los Angeles,037,10098052,227985,221043,847,221890,5252
2020-08-15,Madera,039,155013,3530,2950,20,2970,26
2020-08-15,Marin,041,260295,5882,5628,12,5640,46
2020-08-15,Mariposa,043,17540,71,61,0,61,2
2020-08-15,Mendocino,045,87422,521,444,0,444,8
2020-08-15,Merced,047,269075,7283,6656,4,6660,66
2020-08-15,Modoc,049,8938,7,5,0,5,0
2020-08-15,Mono,051,14174,162,126,2,128,1
2020-08-15,Monterey,053,433212,7109,6162,19,6181,44
2020-08-15,Napa,055,140530,1355,1232,3,1235,10
2020-08-15,Nevada,057,99092,408,376,13,389,2
2020-08-15,Orange,059,3164182,47830,42811,1032,43843,801
2020-08-15,Placer,061,380077,2794,2551,4,2555,27
2020-08-15,Plumas,063,18699,39,33,0,33,0
2020-08-15,Riverside,065,2383286,50562,46720,50,46770,910
2020-08-15,Sacramento,067,1510023,16201,14018,13,14031,219
2020-08-15,San Benito,069,59416,916,805,0,805,2
2020-08-15,San Bernardino,071,2135413,46020,41231,244,41475,602
2020-08-15,San Diego,073,3302833,36407,34346,184,34530,639
2020-08-15,San Francisco,075,870044,8720,7601,8,7609,69
2020-08-15,San Joaquin,077,732212,17109,15113,27,15140,280
2020-08-15,San Luis Obispo,079,281455,2745,2461,11,2472,17
2020-08-15,San Mateo,081,765935,7761,6860,7,6867,118
2020-08-15,Santa Barbara,083,443738,7699,7338,67,7405,79
2020-08-15,Santa Clara,085,1922200,16402,14105,34,14139,183
2020-08-15,Santa Cruz,087,273765,1660,1449,12,1461,6
2020-08-15,Shasta,089,179085,573,458,3,461,9
2020-08-15,Sierra,091,2930,6,6,0,6,0
2020-08-15,Siskiyou,093,43540,117,100,0,100,0
2020-08-15,Solano,095,438530,5013,4477,30,4507,31
2020-08-15,Sonoma,097,501317,5006,4134,17,4151,45
2020-08-15,Stanislaus,099,539301,14000,12541,185,12726,149
2020-08-15,Sutter,101,95872,1168,1046,1,1047,8
2020-08-15,Tehama,103,63373,362,312,2,314,1
2020-08-15,Trinity,105,12862,36,6,6,12,0
2020-08-15,Tulare,107,460477,13443,12262,40,12302,211
2020-08-15,Tuolumne,109,53932,172,155,4,159,1
2020-08-15,Ventura,111,848112,10294,9379,49,9428,89
2020-08-15,Yolo,113,214977,2235,2031,4,2035,46
2020-08-15,Yuba,115,75493,731,623,2,625,1
2020-08-14,Alameda,001,1643700,16738,14909,113,15022,221
2020-08-14,Alpine,003,1148,2,2,0,2,0
2020-08-14,Amador,005,37829,259,209,0,209,9
2020-08-14,Butte,007,227075,1558,1384,21,1405,15
2020-08-14,Calaveras,009,45235,193,165,0,165,1
2020-08-14,Colusa,011,21464,426,399,0,399,5
2020-08-14,Contra Costa,013,1133247,12883,10893,41,10934,137
2020-08-14,Del Norte,015,27424,103,76,0,76,0
2020-08-14,El Dorado,017,186661,935,827,6,833,2
2020-08-14,Fresno,019,978130,25373,19900,250,20150,208
2020-08-14,Glenn,021,27897,420,395,0,395,2
2020-08-14,Humboldt,023,135768,340,294,1,295,4
2020-08-14,Imperial,025,180216,10891,8756,7,8763,185
2020-08-14,Inyo,027,18085,148,115,2,117,1
2020-08-14,Kern,029,883053,28219,25893,165,26058,249
2020-08-14,Kings,031,150075,5703,4953,26,4979,56
2020-08-14,Lake,033,64148,290,267,0,267,2
2020-08-14,Lassen,035,31185,711,665,2,667,0
2020-08-14,Los Angeles,037,10098052,226812,219083,831,219914,5222
2020-08-14,Madera,039,155013,3500,2876,20,2896,26
2020-08-14,Marin,041,260295,5871,5601,12,5613,46
2020-08-14,Mariposa,043,17540,70,61,0,61,2
2020-08-14,Mendocino,045,87422,512,432,0,432,8
2020-08-14,Merced,047,269075,7253,6466,4,6470,67
2020-08-14,Modoc,049,8938,7,5,0,5,0
2020-08-14,Mono,051,14174,162,126,2,128,1
2020-08-14,Monterey,053,433212,7058,6121,19,6140,41
2020-08-14,Napa,055,140530,1345,1230,3,1233,10
2020-08-14,Nevada,057,99092,404,377,13,390,2
2020-08-14,Orange,059,3164182,47680,42399,1020,43419,798
2020-08-14,Placer,061,380077,2775,2546,4,2550,26
2020-08-14,Plumas,063,18699,38,33,0,33,0
2020-08-14,Riverside,065,2383286,50332,46456,50,46506,891
2020-08-14,Sacramento,067,1510023,16052,13645,13,13658,212
2020-08-14,San Benito,069,59416,899,783,0,783,2
2020-08-14,San Bernardino,071,2135413,45833,40442,241,40683,594
2020-08-14,San Diego,073,3302833,36213,34067,177,34244,622
2020-08-14,San Francisco,075,870044,8662,7467,8,7475,69
2020-08-14,San Joaquin,077,732212,17010,14925,27,14952,276
2020-08-14,San Luis Obispo,079,281455,2730,2422,11,2433,17
2020-08-14,San Mateo,081,765935,7702,6655,7,6662,118
2020-08-14,Santa Barbara,083,443738,7649,7302,67,7369,77
2020-08-14,Santa Clara,085,1922200,16232,13785,33,13818,183
2020-08-14,Santa Cruz,087,273765,1638,1418,11,1429,6
2020-08-14,Shasta,089,179085,568,446,3,449,9
2020-08-14,Sierra,091,2930,6,5,0,5,0
2020-08-14,Siskiyou,093,43540,117,98,0,98,0
2020-08-14,Solano,095,438530,4992,4421,30,4451,31
2020-08-14,Sonoma,097,501317,4947,4087,14,4101,45
2020-08-14,Stanislaus,099,539301,13922,12379,181,12560,140
2020-08-14,Sutter,101,95872,1160,1039,1,1040,8
2020-08-14,Tehama,103,63373,357,305,2,307,1
2020-08-14,Trinity,105,12862,36,6,6,12,0
2020-08-14,Tulare,107,460477,13366,12009,40,12049,211
2020-08-14,Tuolumne,109,53932,171,155,4,159,1
2020-08-14,Ventura,111,848112,10219,9313,49,9362,89
2020-08-14,Yolo,113,214977,2221,1991,4,1995,45
2020-08-14,Yuba,115,75493,715,606,2,608,1
2020-08-13,Alameda,001,1643700,16457,14385,113,14498,218
2020-08-13,Alpine,003,1148,2,2,0,2,0
2020-08-13,Amador,005,37829,259,198,0,198,8
2020-08-13,Butte,007,227075,1533,1345,21,1366,15
2020-08-13,Calaveras,009,45235,191,162,0,162,1
2020-08-13,Colusa,011,21464,426,395,0,395,5
2020-08-13,Contra Costa,013,1133247,12729,10545,40,10585,136
2020-08-13,Del Norte,015,27424,102,74,0,74,0
2020-08-13,El Dorado,017,186661,930,803,6,809,2
2020-08-13,Fresno,019,978130,25146,19157,244,19401,201
2020-08-13,Glenn,021,27897,416,392,0,392,1
2020-08-13,Humboldt,023,135768,332,281,1,282,4
2020-08-13,Imperial,025,180216,10859,8640,7,8647,170
2020-08-13,Inyo,027,18085,144,97,2,99,1
2020-08-13,Kern,029,883053,28052,25472,162,25634,242
2020-08-13,Kings,031,150075,5668,4824,26,4850,52
2020-08-13,Lake,033,64148,285,263,0,263,2
2020-08-13,Lassen,035,31185,711,652,2,654,0
2020-08-13,Los Angeles,037,10098052,225430,216497,809,217306,5179
2020-08-13,Madera,039,155013,3456,2675,19,2694,25
2020-08-13,Marin,041,260295,5855,5503,12,5515,44
2020-08-13,Mariposa,043,17540,69,61,0,61,2
2020-08-13,Mendocino,045,87422,507,401,0,401,8
2020-08-13,Merced,047,269075,7136,5945,4,5949,63
2020-08-13,Modoc,049,8938,7,5,0,5,0
2020-08-13,Mono,051,14174,162,124,2,126,1
2020-08-13,Monterey,053,433212,6975,5925,19,5944,38
2020-08-13,Napa,055,140530,1336,1179,3,1182,10
2020-08-13,Nevada,057,99092,400,362,13,375,1
2020-08-13,Orange,059,3164182,47441,42019,1009,43028,773
2020-08-13,Placer,061,380077,2752,2460,4,2464,26
2020-08-13,Plumas,063,18699,38,32,0,32,0
2020-08-13,Riverside,065,2383286,50036,45327,50,45377,885
2020-08-13,Sacramento,067,1510023,15848,13237,13,13250,197
2020-08-13,San Benito,069,59416,870,757,0,757,2
2020-08-13,San Bernardino,071,2135413,45438,39395,234,39629,591
2020-08-13,San Diego,073,3302833,35977,33661,159,33820,627
2020-08-13,San Francisco,075,870044,8568,7277,8,7285,69
2020-08-13,San Joaquin,077,732212,16854,14537,26,14563,261
2020-08-13,San Luis Obispo,079,281455,2708,2283,11,2294,16
2020-08-13,San Mateo,081,765935,7640,6503,7,6510,117
2020-08-13,Santa Barbara,083,443738,7604,7129,66,7195,74
2020-08-13,Santa Clara,085,1922200,16010,13257,33,13290,182
2020-08-13,Santa Cruz,087,273765,1613,1383,11,1394,6
2020-08-13,Shasta,089,179085,563,428,3,431,9
2020-08-13,Sierra,091,2930,6,5,0,5,0
2020-08-13,Siskiyou,093,43540,117,95,0,95,0
2020-08-13,Solano,095,438530,4955,4305,30,4335,31
2020-08-13,Sonoma,097,501317,4873,3902,14,3916,45
2020-08-13,Stanislaus,099,539301,13793,11953,165,12118,136
2020-08-13,Sutter,101,95872,1138,992,1,993,8
2020-08-13,Tehama,103,63373,348,302,2,304,1
2020-08-13,Trinity,105,12862,35,6,6,12,0
2020-08-13,Tulare,107,460477,13222,11692,37,11729,210
2020-08-13,Tuolumne,109,53932,170,152,4,156,1
2020-08-13,Ventura,111,848112,10130,9114,49,9163,90
2020-08-13,Yolo,113,214977,2194,1938,4,1942,44
2020-08-13,Yuba,115,75493,699,568,2,570,1
2020-08-12,Alameda,001,1643700,16244,14214,113,14327,215
2020-08-12,Alpine,003,1148,2,2,0,2,0
2020-08-12,Amador,005,37829,256,197,0,197,8
2020-08-12,Butte,007,227075,1505,1317,21,1338,15
2020-08-12,Calaveras,009,45235,188,157,0,157,1
2020-08-12,Colusa,011,21464,421,394,0,394,5
2020-08-12,Contra Costa,013,1133247,12584,10304,39,10343,134
2020-08-12,Del Norte,015,27424,101,74,0,74,0
2020-08-12,El Dorado,017,186661,912,794,6,800,2
2020-08-12,Fresno,019,978130,24915,18690,238,18928,194
2020-08-12,Glenn,021,27897,413,388,0,388,1
2020-08-12,Humboldt,023,135768,325,281,1,282,4
2020-08-12,Imperial,025,180216,10836,8566,7,8573,167
2020-08-12,Inyo,027,18085,127,97,2,99,1
2020-08-12,Kern,029,883053,27860,25191,160,25351,232
2020-08-12,Kings,031,150075,5629,4736,26,4762,50
2020-08-12,Lake,033,64148,283,253,0,253,2
2020-08-12,Lassen,035,31185,710,651,2,653,0
2020-08-12,Los Angeles,037,10098052,224032,214542,794,215336,5119
2020-08-12,Madera,039,155013,3422,2681,17,2698,23
2020-08-12,Marin,041,260295,5833,5423,12,5435,44
2020-08-12,Mariposa,043,17540,69,61,0,61,2
2020-08-12,Mendocino,045,87422,488,386,0,386,9
2020-08-12,Merced,047,269075,7074,5777,4,5781,66
2020-08-12,Modoc,049,8938,7,5,0,5,0
2020-08-12,Mono,051,14174,161,124,2,126,1
2020-08-12,Monterey,053,433212,6871,5919,19,5938,38
2020-08-12,Napa,055,140530,1326,1161,3,1164,10
2020-08-12,Nevada,057,99092,395,357,13,370,1
2020-08-12,Orange,059,3164182,47190,41576,985,42561,754
2020-08-12,Placer,061,380077,2720,2417,4,2421,25
2020-08-12,Plumas,063,18699,38,31,0,31,0
2020-08-12,Riverside,065,2383286,49688,44747,50,44797,867
2020-08-12,Sacramento,067,1510023,15636,12528,13,12541,189
2020-08-12,San Benito,069,59416,857,751,0,751,2
2020-08-12,San Bernardino,071,2135413,45094,38811,225,39036,589
2020-08-12,San Diego,073,3302833,35768,33395,139,33534,608
2020-08-12,San Francisco,075,870044,8485,7194,8,7202,66
2020-08-12,San Joaquin,077,732212,16706,14154,26,14180,253
2020-08-12,San Luis Obispo,079,281455,2683,2263,11,2274,15
2020-08-12,San Mateo,081,765935,7561,6427,7,6434,117
2020-08-12,Santa Barbara,083,443738,7544,7049,64,7113,74
2020-08-12,Santa Clara,085,1922200,15835,13002,33,13035,182
2020-08-12,Santa Cruz,087,273765,1584,1382,10,1392,6
2020-08-12,Shasta,089,179085,559,417,3,420,9
2020-08-12,Sierra,091,2930,5,4,0,4,0
2020-08-12,Siskiyou,093,43540,116,90,0,90,0
2020-08-12,Solano,095,438530,4910,4258,30,4288,31
2020-08-12,Sonoma,097,501317,4799,3847,14,3861,47
2020-08-12,Stanislaus,099,539301,13653,11682,158,11840,136
2020-08-12,Sutter,101,95872,1114,987,1,988,7
2020-08-12,Tehama,103,63373,338,289,2,291,1
2020-08-12,Trinity,105,12862,34,6,6,12,0
2020-08-12,Tulare,107,460477,13094,11460,37,11497,211
2020-08-12,Tuolumne,109,53932,169,150,4,154,1
2020-08-12,Ventura,111,848112,10043,9005,49,9054,87
2020-08-12,Yolo,113,214977,2170,1921,4,1925,44
2020-08-12,Yuba,115,75493,677,549,1,550,1
2020-08-11,Alameda,001,1643700,15983,13960,110,14070,204
2020-08-11,Alpine,003,1148,2,2,0,2,0
2020-08-11,Amador,005,37829,250,187,0,187,3
2020-08-11,Butte,007,227075,1477,1296,21,1317,15
2020-08-11,Calaveras,009,45235,186,161,0,161,1
2020-08-11,Colusa,011,21464,416,390,0,390,5
2020-08-11,Contra Costa,013,1133247,12396,10012,37,10049,131
2020-08-11,Del Norte,015,27424,100,73,0,73,0
2020-08-11,El Dorado,017,186661,905,786,5,791,2
2020-08-11,Fresno,019,978130,24592,18344,235,18579,187
2020-08-11,Glenn,021,27897,411,380,0,380,1
2020-08-11,Humboldt,023,135768,320,283,1,284,4
2020-08-11,Imperial,025,180216,10781,8518,7,8525,165
2020-08-11,Inyo,027,18085,122,97,2,99,1
2020-08-11,Kern,029,883053,27525,25042,158,25200,230
2020-08-11,Kings,031,150075,5438,4696,26,4722,50
2020-08-11,Lake,033,64148,280,243,0,243,2
2020-08-11,Lassen,035,31185,704,605,2,607,0
2020-08-11,Los Angeles,037,10098052,222531,212421,770,213191,5065
2020-08-11,Madera,039,155013,3368,2673,17,2690,22
2020-08-11,Marin,041,260295,5806,5287,11,5298,44
2020-08-11,Mariposa,043,17540,68,60,0,60,2
2020-08-11,Mendocino,045,87422,478,385,0,385,9
2020-08-11,Merced,047,269075,6979,5322,3,5325,65
2020-08-11,Modoc,049,8938,7,5,0,5,0
2020-08-11,Mono,051,14174,161,124,2,126,1
2020-08-11,Monterey,053,433212,6762,5624,19,5643,36
2020-08-11,Napa,055,140530,1315,1143,2,1145,11
2020-08-11,Nevada,057,99092,392,358,13,371,1
2020-08-11,Orange,059,3164182,46968,41205,964,42169,742
2020-08-11,Placer,061,380077,2688,2393,4,2397,24
2020-08-11,Plumas,063,18699,38,31,0,31,0
2020-08-11,Riverside,065,2383286,49331,44237,50,44287,836
2020-08-11,Sacramento,067,1510023,15345,12298,13,12311,182
2020-08-11,San Benito,069,59416,845,750,0,750,2
2020-08-11,San Bernardino,071,2135413,44754,38467,218,38685,584
2020-08-11,San Diego,073,3302833,35501,33159,120,33279,602
2020-08-11,San Francisco,075,870044,8389,6988,8,6996,66
2020-08-11,San Joaquin,077,732212,16528,13997,21,14018,251
2020-08-11,San Luis Obispo,079,281455,2626,2234,11,2245,15
2020-08-11,San Mateo,081,765935,7487,6339,7,6346,117
2020-08-11,Santa Barbara,083,443738,7495,6942,64,7006,70
2020-08-11,Santa Clara,085,1922200,15614,12920,33,12953,183
2020-08-11,Santa Cruz,087,273765,1561,1352,10,1362,4
2020-08-11,Shasta,089,179085,555,416,3,419,9
2020-08-11,Sierra,091,2930,5,4,0,4,0
2020-08-11,Siskiyou,093,43540,116,90,0,90,0
2020-08-11,Solano,095,438530,4862,4206,29,4235,31
2020-08-11,Sonoma,097,501317,4704,3752,14,3766,45
2020-08-11,Stanislaus,099,539301,13549,11592,146,11738,128
2020-08-11,Sutter,101,95872,1092,964,1,965,7
2020-08-11,Tehama,103,63373,334,289,2,291,1
2020-08-11,Trinity,105,12862,34,5,6,11,0
2020-08-11,Tulare,107,460477,12969,11392,36,11428,201
2020-08-11,Tuolumne,109,53932,165,146,4,150,1
2020-08-11,Ventura,111,848112,9975,8953,48,9001,88
2020-08-11,Yolo,113,214977,2148,1912,4,1916,44
2020-08-11,Yuba,115,75493,666,540,1,541,1
2020-08-10,Alameda,001,1643700,15744,13420,109,13529,203
2020-08-10,Alpine,003,1148,2,2,0,2,0
2020-08-10,Amador,005,37829,249,172,0,172,2
2020-08-10,Butte,007,227075,1453,1174,19,1193,15
2020-08-10,Calaveras,009,45235,175,121,0,121,1
2020-08-10,Colusa,011,21464,414,387,0,387,4
2020-08-10,Contra Costa,013,1133247,12243,9454,35,9489,130
2020-08-10,Del Norte,015,27424,98,69,0,69,0
2020-08-10,El Dorado,017,186661,893,771,5,776,2
2020-08-10,Fresno,019,978130,24311,17978,235,18213,183
2020-08-10,Glenn,021,27897,408,381,0,381,1
2020-08-10,Humboldt,023,135768,314,277,1,278,4
2020-08-10,Imperial,025,180216,10737,8465,7,8472,165
2020-08-10,Inyo,027,18085,122,97,2,99,1
2020-08-10,Kern,029,883053,27299,24499,157,24656,215
2020-08-10,Kings,031,150075,5332,4588,26,4614,50
2020-08-10,Lake,033,64148,273,239,0,239,2
2020-08-10,Lassen,035,31185,704,588,2,590,0
2020-08-10,Los Angeles,037,10098052,220955,211035,752,211787,5003
2020-08-10,Madera,039,155013,3335,2365,17,2382,22
2020-08-10,Marin,041,260295,5761,5242,10,5252,44
2020-08-10,Mariposa,043,17540,68,57,0,57,2
2020-08-10,Mendocino,045,87422,454,364,0,364,1
2020-08-10,Merced,047,269075,6898,4913,3,4916,51
2020-08-10,Modoc,049,8938,7,5,0,5,0
2020-08-10,Mono,051,14174,161,123,2,125,1
2020-08-10,Monterey,053,433212,6652,5358,19,5377,34
2020-08-10,Napa,055,140530,1297,1084,2,1086,8
2020-08-10,Nevada,057,99092,384,356,13,369,1
2020-08-10,Orange,059,3164182,46698,40445,946,41391,721
2020-08-10,Placer,061,380077,2649,2298,4,2302,21
2020-08-10,Plumas,063,18699,38,27,0,27,0
2020-08-10,Riverside,065,2383286,48946,43296,49,43345,830
2020-08-10,Sacramento,067,1510023,15034,12059,13,12072,168
2020-08-10,San Benito,069,59416,832,743,0,743,2
2020-08-10,San Bernardino,071,2135413,44378,37367,209,37576,579
2020-08-10,San Diego,073,3302833,35235,32977,104,33081,594
2020-08-10,San Francisco,075,870044,8299,6816,7,6823,66
2020-08-10,San Joaquin,077,732212,16344,13308,21,13329,240
2020-08-10,San Luis Obispo,079,281455,2527,2208,11,2219,15
2020-08-10,San Mateo,081,765935,7410,6222,7,6229,117
2020-08-10,Santa Barbara,083,443738,7440,6869,64,6933,66
2020-08-10,Santa Clara,085,1922200,15354,12615,32,12647,182
2020-08-10,Santa Cruz,087,273765,1541,1239,9,1248,4
2020-08-10,Shasta,089,179085,551,384,3,387,9
2020-08-10,Sierra,091,2930,5,3,0,3,0
2020-08-10,Siskiyou,093,43540,113,88,0,88,0
2020-08-10,Solano,095,438530,4802,4101,29,4130,31
2020-08-10,Sonoma,097,501317,4535,3640,10,3650,42
2020-08-10,Stanislaus,099,539301,13365,10855,130,10985,106
2020-08-10,Sutter,101,95872,1067,865,1,866,7
2020-08-10,Tehama,103,63373,327,282,2,284,1
2020-08-10,Trinity,105,12862,31,5,6,11,0
2020-08-10,Tulare,107,460477,12796,10750,34,10784,194
2020-08-10,Tuolumne,109,53932,165,143,3,146,1
2020-08-10,Ventura,111,848112,9891,8851,47,8898,85
2020-08-10,Yolo,113,214977,2125,1840,4,1844,45
2020-08-10,Yuba,115,75493,649,527,1,528,1
2020-08-09,Alameda,001,1643700,15463,13241,107,13348,203
2020-08-09,Alpine,003,1148,2,2,0,2,0
2020-08-09,Amador,005,37829,244,153,0,153,2
2020-08-09,Butte,007,227075,1410,1155,19,1174,15
2020-08-09,Calaveras,009,45235,170,122,0,122,1
2020-08-09,Colusa,011,21464,410,371,0,371,4
2020-08-09,Contra Costa,013,1133247,12016,9214,34,9248,130
2020-08-09,Del Norte,015,27424,98,69,0,69,0
2020-08-09,El Dorado,017,186661,885,748,5,753,2
2020-08-09,Fresno,019,978130,24001,17846,231,18077,183
2020-08-09,Glenn,021,27897,406,354,0,354,1
2020-08-09,Humboldt,023,135768,308,279,1,280,4
2020-08-09,Imperial,025,180216,10694,8310,6,8316,165
2020-08-09,Inyo,027,18085,117,86,1,87,1
2020-08-09,Kern,029,883053,27043,23680,157,23837,215
2020-08-09,Kings,031,150075,5289,4446,25,4471,50
2020-08-09,Lake,033,64148,266,225,0,225,2
2020-08-09,Lassen,035,31185,698,589,2,591,0
2020-08-09,Los Angeles,037,10098052,218893,208810,730,209540,4984
2020-08-09,Madera,039,155013,3277,2322,13,2335,22
2020-08-09,Marin,041,260295,5718,5204,10,5214,44
2020-08-09,Mariposa,043,17540,66,56,0,56,2
2020-08-09,Mendocino,045,87422,444,283,0,283,1
2020-08-09,Merced,047,269075,6801,4735,2,4737,51
2020-08-09,Modoc,049,8938,7,4,0,4,0
2020-08-09,Mono,051,14174,160,113,2,115,1
2020-08-09,Monterey,053,433212,6528,5199,19,5218,34
2020-08-09,Napa,055,140530,1278,1062,2,1064,8
2020-08-09,Nevada,057,99092,376,332,13,345,1
2020-08-09,Orange,059,3164182,46399,39244,931,40175,722
2020-08-09,Placer,061,380077,2620,2211,4,2215,20
2020-08-09,Plumas,063,18699,38,27,0,27,0
2020-08-09,Riverside,065,2383286,48601,41894,49,41943,828
2020-08-09,Sacramento,067,1510023,14755,11301,13,11314,167
2020-08-09,San Benito,069,59416,813,687,0,687,2
2020-08-09,San Bernardino,071,2135413,43898,36092,209,36301,579
2020-08-09,San Diego,073,3302833,34944,32749,93,32842,594
2020-08-09,San Francisco,075,870044,8184,6820,7,6827,66
2020-08-09,San Joaquin,077,732212,16139,12933,20,12953,240
2020-08-09,San Luis Obispo,079,281455,2491,2124,11,2135,15
2020-08-09,San Mateo,081,765935,7315,6094,7,6101,117
2020-08-09,Santa Barbara,083,443738,7352,6669,64,6733,66
2020-08-09,Santa Clara,085,1922200,15084,11878,32,11910,181
2020-08-09,Santa Cruz,087,273765,1517,1246,9,1255,4
2020-08-09,Shasta,089,179085,547,361,3,364,9
2020-08-09,Sierra,091,2930,5,3,0,3,0
2020-08-09,Siskiyou,093,43540,112,74,0,74,0
2020-08-09,Solano,095,438530,4749,3954,28,3982,31
2020-08-09,Sonoma,097,501317,4399,3531,8,3539,41
2020-08-09,Stanislaus,099,539301,13157,10264,117,10381,106
2020-08-09,Sutter,101,95872,1033,857,1,858,7
2020-08-09,Tehama,103,63373,319,265,2,267,1
2020-08-09,Trinity,105,12862,31,5,6,11,0
2020-08-09,Tulare,107,460477,12606,10630,31,10661,194
2020-08-09,Tuolumne,109,53932,161,143,3,146,1
2020-08-09,Ventura,111,848112,9743,8633,46,8679,85
2020-08-09,Yolo,113,214977,2094,1765,4,1769,44
2020-08-09,Yuba,115,75493,629,442,1,443,1
2020-08-08,Alameda,001,1643700,15353,13087,107,13194,204
2020-08-08,Alpine,003,1148,2,2,0,2,0
2020-08-08,Amador,005,37829,244,139,0,139,2
2020-08-08,Butte,007,227075,1392,1140,19,1159,15
2020-08-08,Calaveras,009,45235,169,122,0,122,1
2020-08-08,Colusa,011,21464,409,368,0,368,4
2020-08-08,Contra Costa,013,1133247,11907,9104,34,9138,129
2020-08-08,Del Norte,015,27424,97,69,0,69,0
2020-08-08,El Dorado,017,186661,878,734,5,739,2
2020-08-08,Fresno,019,978130,23864,17538,229,17767,183
2020-08-08,Glenn,021,27897,406,344,0,344,1
2020-08-08,Humboldt,023,135768,305,277,1,278,4
2020-08-08,Imperial,025,180216,10679,8213,6,8219,165
2020-08-08,Inyo,027,18085,113,86,1,87,1
2020-08-08,Kern,029,883053,26929,22803,157,22960,215
2020-08-08,Kings,031,150075,5275,4367,25,4392,49
2020-08-08,Lake,033,64148,264,221,0,221,2
2020-08-08,Lassen,035,31185,698,589,2,591,0
2020-08-08,Los Angeles,037,10098052,218009,206971,719,207690,4974
2020-08-08,Madera,039,155013,3246,2275,13,2288,22
2020-08-08,Marin,041,260295,5698,5118,10,5128,44
2020-08-08,Mariposa,043,17540,65,55,0,55,2
2020-08-08,Mendocino,045,87422,442,264,0,264,1
2020-08-08,Merced,047,269075,6761,4570,2,4572,51
2020-08-08,Modoc,049,8938,7,4,0,4,0
2020-08-08,Mono,051,14174,160,113,2,115,1
2020-08-08,Monterey,053,433212,6470,5101,19,5120,33
2020-08-08,Napa,055,140530,1270,1062,2,1064,8
2020-08-08,Nevada,057,99092,374,325,13,338,1
2020-08-08,Orange,059,3164182,46269,38688,922,39610,718
2020-08-08,Placer,061,380077,2604,2153,4,2157,20
2020-08-08,Plumas,063,18699,38,27,0,27,0
2020-08-08,Riverside,065,2383286,48397,41412,49,41461,823
2020-08-08,Sacramento,067,1510023,14625,11144,13,11157,166
2020-08-08,San Benito,069,59416,805,684,0,684,2
2020-08-08,San Bernardino,071,2135413,43703,35691,208,35899,531
2020-08-08,San Diego,073,3302833,34755,32332,84,32416,593
2020-08-08,San Francisco,075,870044,8118,6820,7,6827,66
2020-08-08,San Joaquin,077,732212,16058,12559,19,12578,240
2020-08-08,San Luis Obispo,079,281455,2468,2081,11,2092,15
2020-08-08,San Mateo,081,765935,7257,6021,7,6028,117
2020-08-08,Santa Barbara,083,443738,7314,6598,64,6662,66
2020-08-08,Santa Clara,085,1922200,14932,11615,32,11647,181
2020-08-08,Santa Cruz,087,273765,1503,1247,9,1256,4
2020-08-08,Shasta,089,179085,545,343,3,346,9
2020-08-08,Sierra,091,2930,5,3,0,3,0
2020-08-08,Siskiyou,093,43540,112,73,0,73,0
2020-08-08,Solano,095,438530,4728,3889,27,3916,31
2020-08-08,Sonoma,097,501317,4368,3399,8,3407,41
2020-08-08,Stanislaus,099,539301,13082,9963,112,10075,105
2020-08-08,Sutter,101,95872,1023,830,1,831,7
2020-08-08,Tehama,103,63373,318,251,2,253,1
2020-08-08,Trinity,105,12862,31,5,6,11,0
2020-08-08,Tulare,107,460477,12531,10505,31,10536,192
2020-08-08,Tuolumne,109,53932,161,143,3,146,1
2020-08-08,Ventura,111,848112,9688,8462,45,8507,85
2020-08-08,Yolo,113,214977,2081,1725,4,1729,44
2020-08-08,Yuba,115,75493,620,430,1,431,1
2020-08-07,Alameda,001,1643700,15243,12805,107,12912,204
2020-08-07,Alpine,003,1148,2,2,0,2,0
2020-08-07,Amador,005,37829,242,125,0,125,2
2020-08-07,Butte,007,227075,1374,1092,19,1111,13
2020-08-07,Calaveras,009,45235,169,119,0,119,1
2020-08-07,Colusa,011,21464,408,358,0,358,4
2020-08-07,Contra Costa,013,1133247,11759,8810,34,8844,126
2020-08-07,Del Norte,015,27424,97,69,0,69,0
2020-08-07,El Dorado,017,186661,873,724,5,729,2
2020-08-07,Fresno,019,978130,23704,17290,229,17519,171
2020-08-07,Glenn,021,27897,405,339,0,339,1
2020-08-07,Humboldt,023,135768,301,274,1,275,4
2020-08-07,Imperial,025,180216,10654,8085,6,8091,164
2020-08-07,Inyo,027,18085,112,81,1,82,1
2020-08-07,Kern,029,883053,26803,22143,155,22298,206
2020-08-07,Kings,031,150075,5258,4315,25,4340,48
2020-08-07,Lake,033,64148,262,215,0,215,1
2020-08-07,Lassen,035,31185,697,588,2,590,0
2020-08-07,Los Angeles,037,10098052,216542,204406,708,205114,4924
2020-08-07,Madera,039,155013,3214,2245,13,2258,20
2020-08-07,Marin,041,260295,5669,5094,10,5104,43
2020-08-07,Mariposa,043,17540,65,53,0,53,2
2020-08-07,Mendocino,045,87422,428,262,0,262,1
2020-08-07,Merced,047,269075,6718,4358,2,4360,30
2020-08-07,Modoc,049,8938,7,4,0,4,0
2020-08-07,Mono,051,14174,160,112,2,114,1
2020-08-07,Monterey,053,433212,6395,5041,19,5060,33
2020-08-07,Napa,055,140530,1265,1055,2,1057,8
2020-08-07,Nevada,057,99092,371,324,13,337,1
2020-08-07,Orange,059,3164182,46058,38459,905,39364,701
2020-08-07,Placer,061,380077,2586,2078,4,2082,20
2020-08-07,Plumas,063,18699,38,25,0,25,0
2020-08-07,Riverside,065,2383286,48133,40902,48,40950,810
2020-08-07,Sacramento,067,1510023,14480,10798,13,10811,160
2020-08-07,San Benito,069,59416,799,647,0,647,2
2020-08-07,San Bernardino,071,2135413,43456,35200,207,35407,524
2020-08-07,San Diego,073,3302833,34570,31781,81,31862,586
2020-08-07,San Francisco,075,870044,8040,6765,7,6772,66
2020-08-07,San Joaquin,077,732212,15971,12392,19,12411,223
2020-08-07,San Luis Obispo,079,281455,2437,2050,11,2061,14
2020-08-07,San Mateo,081,765935,7197,5948,7,5955,117
2020-08-07,Santa Barbara,083,443738,7263,6509,64,6573,66
2020-08-07,Santa Clara,085,1922200,14733,11409,32,11441,180
2020-08-07,Santa Cruz,087,273765,1485,1234,9,1243,5
2020-08-07,Shasta,089,179085,540,342,3,345,9
2020-08-07,Sierra,091,2930,5,3,0,3,0
2020-08-07,Siskiyou,093,43540,109,73,0,73,0
2020-08-07,Solano,095,438530,4696,3844,26,3870,31
2020-08-07,Sonoma,097,501317,4304,3329,8,3337,34
2020-08-07,Stanislaus,099,539301,12960,9665,102,9767,98
2020-08-07,Sutter,101,95872,1019,807,1,808,6
2020-08-07,Tehama,103,63373,314,246,2,248,1
2020-08-07,Trinity,105,12862,30,5,6,11,0
2020-08-07,Tulare,107,460477,12454,10292,31,10323,195
2020-08-07,Tuolumne,109,53932,160,136,3,139,1
2020-08-07,Ventura,111,848112,9628,8356,43,8399,84
2020-08-07,Yolo,113,214977,2054,1689,4,1693,37
2020-08-07,Yuba,115,75493,615,413,1,414,1
2020-08-06,Alameda,001,1643700,15022,12474,106,12580,200
2020-08-06,Alpine,003,1148,2,2,0,2,0
2020-08-06,Amador,005,37829,228,125,0,125,0
2020-08-06,Butte,007,227075,1355,1060,19,1079,13
2020-08-06,Calaveras,009,45235,166,117,0,117,1
2020-08-06,Colusa,011,21464,405,358,0,358,3
2020-08-06,Contra Costa,013,1133247,11565,8583,33,8616,124
2020-08-06,Del Norte,015,27424,97,69,0,69,0
2020-08-06,El Dorado,017,186661,862,703,5,708,1
2020-08-06,Fresno,019,978130,23406,17031,222,17253,161
2020-08-06,Glenn,021,27897,400,332,0,332,1
2020-08-06,Humboldt,023,135768,296,266,1,267,4
2020-08-06,Imperial,025,180216,10611,8064,6,8070,163
2020-08-06,Inyo,027,18085,104,83,1,84,1
2020-08-06,Kern,029,883053,26567,21843,154,21997,197
2020-08-06,Kings,031,150075,5196,4264,24,4288,47
2020-08-06,Lake,033,64148,259,209,0,209,1
2020-08-06,Lassen,035,31185,695,588,2,590,0
2020-08-06,Los Angeles,037,10098052,214469,201372,692,202064,4874
2020-08-06,Madera,039,155013,3166,2240,12,2252,19
2020-08-06,Marin,041,260295,5637,5058,10,5068,43
2020-08-06,Mariposa,043,17540,64,52,0,52,2
2020-08-06,Mendocino,045,87422,414,260,0,260,1
2020-08-06,Merced,047,269075,6616,4235,2,4237,30
2020-08-06,Modoc,049,8938,7,4,0,4,0
2020-08-06,Mono,051,14174,159,111,2,113,1
2020-08-06,Monterey,053,433212,6286,5001,18,5019,33
2020-08-06,Napa,055,140530,1251,1032,2,1034,8
2020-08-06,Nevada,057,99092,366,321,13,334,1
2020-08-06,Orange,059,3164182,45766,38399,900,39299,694
2020-08-06,Placer,061,380077,2560,2045,4,2049,20
2020-08-06,Plumas,063,18699,37,25,0,25,0
2020-08-06,Riverside,065,2383286,47739,40269,48,40317,781
2020-08-06,Sacramento,067,1510023,14252,10548,13,10561,153
2020-08-06,San Benito,069,59416,791,626,0,626,2
2020-08-06,San Bernardino,071,2135413,43050,34819,205,35024,516
2020-08-06,San Diego,073,3302833,34303,31129,74,31203,583
2020-08-06,San Francisco,075,870044,7947,6737,6,6743,60
2020-08-06,San Joaquin,077,732212,15812,12269,19,12288,203
2020-08-06,San Luis Obispo,079,281455,2413,2000,10,2010,13
2020-08-06,San Mateo,081,765935,7097,5885,7,5892,117
2020-08-06,Santa Barbara,083,443738,7203,6620,64,6684,65
2020-08-06,Santa Clara,085,1922200,14504,11280,32,11312,178
2020-08-06,Santa Cruz,087,273765,1464,1215,9,1224,4
2020-08-06,Shasta,089,179085,531,343,3,346,9
2020-08-06,Sierra,091,2930,5,3,0,3,0
2020-08-06,Siskiyou,093,43540,109,73,0,73,0
2020-08-06,Solano,095,438530,4652,3784,26,3810,29
2020-08-06,Sonoma,097,501317,4240,3259,8,3267,33
2020-08-06,Stanislaus,099,539301,12810,9566,86,9652,98
2020-08-06,Sutter,101,95872,988,797,1,798,6
2020-08-06,Tehama,103,63373,311,242,2,244,1
2020-08-06,Trinity,105,12862,27,5,6,11,0
2020-08-06,Tulare,107,460477,12294,10169,31,10200,195
2020-08-06,Tuolumne,109,53932,159,136,3,139,1
2020-08-06,Ventura,111,848112,9513,8245,40,8285,80
2020-08-06,Yolo,113,214977,2030,1662,4,1666,36
2020-08-06,Yuba,115,75493,606,407,0,407,1
2020-08-05,Alameda,001,1643700,14806,12140,106,12246,193
2020-08-05,Alpine,003,1148,2,2,0,2,0
2020-08-05,Amador,005,37829,218,123,0,123,0
2020-08-05,Butte,007,227075,1321,1038,18,1056,13
2020-08-05,Calaveras,009,45235,163,116,0,116,1
2020-08-05,Colusa,011,21464,401,354,0,354,3
2020-08-05,Contra Costa,013,1133247,11396,8362,33,8395,122
2020-08-05,Del Norte,015,27424,96,69,0,69,0
2020-08-05,El Dorado,017,186661,854,692,5,697,1
2020-08-05,Fresno,019,978130,23162,16625,217,16842,159
2020-08-05,Glenn,021,27897,397,330,0,330,1
2020-08-05,Humboldt,023,135768,294,249,1,250,4
2020-08-05,Imperial,025,180216,10576,8036,6,8042,163
2020-08-05,Inyo,027,18085,102,62,1,63,1
2020-08-05,Kern,029,883053,26379,21540,149,21689,194
2020-08-05,Kings,031,150075,5151,4192,23,4215,47
2020-08-05,Lake,033,64148,252,209,0,209,1
2020-08-05,Lassen,035,31185,648,557,2,559,0
2020-08-05,Los Angeles,037,10098052,212548,198355,672,199027,4832
2020-08-05,Madera,039,155013,3124,2172,12,2184,19
2020-08-05,Marin,041,260295,5605,5036,10,5046,43
2020-08-05,Mariposa,043,17540,64,52,0,52,2
2020-08-05,Mendocino,045,87422,402,248,0,248,1
2020-08-05,Merced,047,269075,6481,4119,2,4121,30
2020-08-05,Modoc,049,8938,7,3,0,3,0
2020-08-05,Mono,051,14174,159,104,2,106,1
2020-08-05,Monterey,053,433212,6171,4936,18,4954,32
2020-08-05,Napa,055,140530,1239,1020,2,1022,8
2020-08-05,Nevada,057,99092,357,327,13,340,2
2020-08-05,Orange,059,3164182,45457,37907,892,38799,663
2020-08-05,Placer,061,380077,2519,1989,4,1993,18
2020-08-05,Plumas,063,18699,36,25,0,25,0
2020-08-05,Riverside,065,2383286,47347,39454,46,39500,761
2020-08-05,Sacramento,067,1510023,14034,10261,12,10273,151
2020-08-05,San Benito,069,59416,782,613,0,613,2
2020-08-05,San Bernardino,071,2135413,42588,34442,200,34642,504
2020-08-05,San Diego,073,3302833,34079,30866,58,30924,578
2020-08-05,San Francisco,075,870044,7854,6701,6,6707,60
2020-08-05,San Joaquin,077,732212,15651,12148,19,12167,199
2020-08-05,San Luis Obispo,079,281455,2389,1928,10,1938,13
2020-08-05,San Mateo,081,765935,7002,5695,7,5702,116
2020-08-05,Santa Barbara,083,443738,7143,6597,64,6661,63
2020-08-05,Santa Clara,085,1922200,14270,11074,32,11106,176
2020-08-05,Santa Cruz,087,273765,1444,1192,7,1199,4
2020-08-05,Shasta,089,179085,525,338,3,341,9
2020-08-05,Sierra,091,2930,5,3,0,3,0
2020-08-05,Siskiyou,093,43540,105,72,0,72,0
2020-08-05,Solano,095,438530,4601,3750,25,3775,29
2020-08-05,Sonoma,097,501317,4157,3173,8,3181,33
2020-08-05,Stanislaus,099,539301,12651,9408,81,9489,97
2020-08-05,Sutter,101,95872,977,780,1,781,6
2020-08-05,Tehama,103,63373,308,231,2,233,1
2020-08-05,Trinity,105,12862,27,5,6,11,0
2020-08-05,Tulare,107,460477,12152,9924,31,9955,192
2020-08-05,Tuolumne,109,53932,159,137,3,140,0
2020-08-05,Ventura,111,848112,9397,8162,36,8198,75
2020-08-05,Yolo,113,214977,2002,1634,4,1638,36
2020-08-05,Yuba,115,75493,589,400,0,400,1
2020-08-04,Alameda,001,1643700,14589,11983,105,12088,192
2020-08-04,Alpine,003,1148,2,2,0,2,0
2020-08-04,Amador,005,37829,203,123,0,123,0
2020-08-04,Butte,007,227075,1297,1011,18,1029,10
2020-08-04,Calaveras,009,45235,159,116,0,116,1
2020-08-04,Colusa,011,21464,396,354,0,354,3
2020-08-04,Contra Costa,013,1133247,11229,8210,33,8243,122
2020-08-04,Del Norte,015,27424,94,69,0,69,0
2020-08-04,El Dorado,017,186661,844,668,5,673,1
2020-08-04,Fresno,019,978130,22877,16272,210,16482,154
2020-08-04,Glenn,021,27897,396,325,0,325,1
2020-08-04,Humboldt,023,135768,284,241,1,242,4
2020-08-04,Imperial,025,180216,10539,7974,6,7980,163
2020-08-04,Inyo,027,18085,88,59,1,60,1
2020-08-04,Kern,029,883053,26096,21403,149,21552,190
2020-08-04,Kings,031,150075,5086,4163,23,4186,47
2020-08-04,Lake,033,64148,252,206,0,206,1
2020-08-04,Lassen,035,31185,645,556,2,558,0
2020-08-04,Los Angeles,037,10098052,210608,196014,645,196659,4764
2020-08-04,Madera,039,155013,3081,2161,8,2169,19
2020-08-04,Marin,041,260295,5574,5020,9,5029,43
2020-08-04,Mariposa,043,17540,64,51,0,51,2
2020-08-04,Mendocino,045,87422,377,248,0,248,1
2020-08-04,Merced,047,269075,6367,4085,2,4087,30
2020-08-04,Modoc,049,8938,7,3,0,3,0
2020-08-04,Mono,051,14174,158,104,1,105,1
2020-08-04,Monterey,053,433212,6057,4892,18,4910,32
2020-08-04,Napa,055,140530,1226,994,0,994,8
2020-08-04,Nevada,057,99092,356,322,13,335,2
2020-08-04,Orange,059,3164182,45081,37844,886,38730,659
2020-08-04,Placer,061,380077,2482,1964,4,1968,17
2020-08-04,Plumas,063,18699,36,25,0,25,0
2020-08-04,Riverside,065,2383286,46962,38991,45,39036,743
2020-08-04,Sacramento,067,1510023,13816,10205,12,10217,146
2020-08-04,San Benito,069,59416,766,608,0,608,2
2020-08-04,San Bernardino,071,2135413,42038,34215,195,34410,495
2020-08-04,San Diego,073,3302833,33786,30518,46,30564,568
2020-08-04,San Francisco,075,870044,7766,6568,6,6574,60
2020-08-04,San Joaquin,077,732212,15523,12087,16,12103,189
2020-08-04,San Luis Obispo,079,281455,2359,1886,10,1896,13
2020-08-04,San Mateo,081,765935,6896,5690,7,5697,116
2020-08-04,Santa Barbara,083,443738,7083,6591,64,6655,61
2020-08-04,Santa Clara,085,1922200,13968,10986,31,11017,175
2020-08-04,Santa Cruz,087,273765,1425,1202,7,1209,4
2020-08-04,Shasta,089,179085,519,335,3,338,9
2020-08-04,Sierra,091,2930,5,1,0,1,0
2020-08-04,Siskiyou,093,43540,103,71,0,71,0
2020-08-04,Solano,095,438530,4530,3690,25,3715,29
2020-08-04,Sonoma,097,501317,4090,3108,8,3116,33
2020-08-04,Stanislaus,099,539301,12482,9359,74,9433,97
2020-08-04,Sutter,101,95872,963,761,1,762,6
2020-08-04,Tehama,103,63373,301,226,2,228,1
2020-08-04,Trinity,105,12862,27,5,6,11,0
2020-08-04,Tulare,107,460477,11972,9866,31,9897,192
2020-08-04,Tuolumne,109,53932,158,127,3,130,0
2020-08-04,Ventura,111,848112,9283,8134,34,8168,75
2020-08-04,Yolo,113,214977,1976,1626,4,1630,37
2020-08-04,Yuba,115,75493,574,398,0,398,1
2020-08-03,Alameda,001,1643700,14408,11817,102,11919,189
2020-08-03,Alpine,003,1148,2,2,0,2,0
2020-08-03,Amador,005,37829,199,119,0,119,0
2020-08-03,Butte,007,227075,1251,989,17,1006,9
2020-08-03,Calaveras,009,45235,156,117,0,117,1
2020-08-03,Colusa,011,21464,392,336,0,336,2
2020-08-03,Contra Costa,013,1133247,11032,8069,30,8099,120
2020-08-03,Del Norte,015,27424,90,68,0,68,0
2020-08-03,El Dorado,017,186661,833,645,5,650,1
2020-08-03,Fresno,019,978130,22583,15945,204,16149,151
2020-08-03,Glenn,021,27897,389,316,0,316,1
2020-08-03,Humboldt,023,135768,277,234,1,235,4
2020-08-03,Imperial,025,180216,10484,7953,6,7959,161
2020-08-03,Inyo,027,18085,85,57,1,58,1
2020-08-03,Kern,029,883053,25729,21285,142,21427,176
2020-08-03,Kings,031,150075,4974,4107,22,4129,47
2020-08-03,Lake,033,64148,245,201,0,201,1
2020-08-03,Lassen,035,31185,645,555,2,557,0
2020-08-03,Los Angeles,037,10098052,208571,194103,617,194720,4706
2020-08-03,Madera,039,155013,3032,2143,7,2150,18
2020-08-03,Marin,041,260295,5527,5001,9,5010,43
2020-08-03,Mariposa,043,17540,63,52,0,52,2
2020-08-03,Mendocino,045,87422,354,248,0,248,1
2020-08-03,Merced,047,269075,6245,4028,2,4030,29
2020-08-03,Modoc,049,8938,7,2,0,2,0
2020-08-03,Mono,051,14174,158,104,1,105,1
2020-08-03,Monterey,053,433212,5906,4806,15,4821,28
2020-08-03,Napa,055,140530,1212,973,0,973,8
2020-08-03,Nevada,057,99092,352,315,13,328,2
2020-08-03,Orange,059,3164182,44687,37705,876,38581,651
2020-08-03,Placer,061,380077,2426,1947,3,1950,16
2020-08-03,Plumas,063,18699,36,25,0,25,0
2020-08-03,Riverside,065,2383286,46494,38642,45,38687,740
2020-08-03,Sacramento,067,1510023,13621,10143,12,10155,142
2020-08-03,San Benito,069,59416,754,603,0,603,2
2020-08-03,San Bernardino,071,2135413,41513,33979,189,34168,444
2020-08-03,San Diego,073,3302833,33472,30228,36,30264,565
2020-08-03,San Francisco,075,870044,7672,6319,6,6325,60
2020-08-03,San Joaquin,077,732212,15326,12007,15,12022,189
2020-08-03,San Luis Obispo,079,281455,2317,1863,8,1871,14
2020-08-03,San Mateo,081,765935,6815,5661,7,5668,115
2020-08-03,Santa Barbara,083,443738,7039,6580,64,6644,59
2020-08-03,Santa Clara,085,1922200,13691,10747,31,10778,172
2020-08-03,Santa Cruz,087,273765,1405,1154,7,1161,4
2020-08-03,Shasta,089,179085,512,322,3,325,9
2020-08-03,Sierra,091,2930,5,1,0,1,0
2020-08-03,Siskiyou,093,43540,99,67,0,67,0
2020-08-03,Solano,095,438530,4461,3610,24,3634,29
2020-08-03,Sonoma,097,501317,3989,3079,7,3086,33
2020-08-03,Stanislaus,099,539301,12273,9308,66,9374,96
2020-08-03,Sutter,101,95872,939,713,1,714,6
2020-08-03,Tehama,103,63373,293,225,2,227,1
2020-08-03,Trinity,105,12862,27,5,6,11,0
2020-08-03,Tulare,107,460477,11788,9703,31,9734,188
2020-08-03,Tuolumne,109,53932,158,123,3,126,0
2020-08-03,Ventura,111,848112,9192,8084,31,8115,74
2020-08-03,Yolo,113,214977,1941,1598,3,1601,37
2020-08-03,Yuba,115,75493,550,393,0,393,1
2020-08-02,Alameda,001,1643700,14161,11696,90,11786,188
2020-08-02,Alpine,003,1148,2,2,0,2,0
2020-08-02,Amador,005,37829,194,117,0,117,0
2020-08-02,Butte,007,227075,1216,987,17,1004,9
2020-08-02,Calaveras,009,45235,153,116,0,116,1
2020-08-02,Colusa,011,21464,387,335,0,335,2
2020-08-02,Contra Costa,013,1133247,10793,7995,30,8025,118
2020-08-02,Del Norte,015,27424,89,68,0,68,0
2020-08-02,El Dorado,017,186661,823,643,5,648,1
2020-08-02,Fresno,019,978130,22308,15759,198,15957,151
2020-08-02,Glenn,021,27897,388,315,0,315,1
2020-08-02,Humboldt,023,135768,272,232,1,233,4
2020-08-02,Imperial,025,180216,10421,7919,6,7925,157
2020-08-02,Inyo,027,18085,84,45,1,46,1
2020-08-02,Kern,029,883053,25431,21162,140,21302,176
2020-08-02,Kings,031,150075,4912,3964,21,3985,47
2020-08-02,Lake,033,64148,240,201,0,201,1
2020-08-02,Lassen,035,31185,645,555,2,557,0
2020-08-02,Los Angeles,037,10098052,206477,192480,599,193079,4698
2020-08-02,Madera,039,155013,2966,2123,5,2128,18
2020-08-02,Marin,041,260295,5492,4985,9,4994,43
2020-08-02,Mariposa,043,17540,61,52,0,52,2
2020-08-02,Mendocino,045,87422,344,247,0,247,1
2020-08-02,Merced,047,269075,6104,4011,2,4013,29
2020-08-02,Modoc,049,8938,7,2,0,2,0
2020-08-02,Mono,051,14174,151,104,1,105,1
2020-08-02,Monterey,053,433212,5780,4698,15,4713,28
2020-08-02,Napa,055,140530,1196,956,0,956,8
2020-08-02,Nevada,057,99092,349,314,13,327,2
2020-08-02,Orange,059,3164182,44306,37266,865,38131,651
2020-08-02,Placer,061,380077,2387,1920,3,1923,15
2020-08-02,Plumas,063,18699,36,25,0,25,0
2020-08-02,Riverside,065,2383286,46061,38507,44,38551,735
2020-08-02,Sacramento,067,1510023,13342,10099,12,10111,142
2020-08-02,San Benito,069,59416,740,599,0,599,2
2020-08-02,San Bernardino,071,2135413,40911,33643,185,33828,443
2020-08-02,San Diego,073,3302833,33132,29885,27,29912,565
2020-08-02,San Francisco,075,870044,7554,6297,6,6303,60
2020-08-02,San Joaquin,077,732212,15045,11937,13,11950,189
2020-08-02,San Luis Obispo,079,281455,2254,1821,8,1829,14
2020-08-02,San Mateo,081,765935,6700,5618,7,5625,115
2020-08-02,Santa Barbara,083,443738,6949,6532,64,6596,59
2020-08-02,Santa Clara,085,1922200,13471,10577,31,10608,172
2020-08-02,Santa Cruz,087,273765,1385,1162,7,1169,4
2020-08-02,Shasta,089,179085,508,318,3,321,9
2020-08-02,Sierra,091,2930,4,1,0,1,0
2020-08-02,Siskiyou,093,43540,99,65,0,65,0
2020-08-02,Solano,095,438530,4403,3609,24,3633,29
2020-08-02,Sonoma,097,501317,3904,3005,7,3012,33
2020-08-02,Stanislaus,099,539301,12058,9277,61,9338,96
2020-08-02,Sutter,101,95872,904,714,1,715,6
2020-08-02,Tehama,103,63373,287,222,2,224,1
2020-08-02,Trinity,105,12862,27,5,6,11,0
2020-08-02,Tulare,107,460477,11579,9593,31,9624,188
2020-08-02,Tuolumne,109,53932,155,123,3,126,0
2020-08-02,Ventura,111,848112,9045,8014,31,8045,73
2020-08-02,Yolo,113,214977,1916,1588,3,1591,37
2020-08-02,Yuba,115,75493,530,393,0,393,1
2020-08-01,Alameda,001,1643700,14049,11590,90,11680,188
2020-08-01,Alpine,003,1148,2,2,0,2,0
2020-08-01,Amador,005,37829,190,109,0,109,0
2020-08-01,Butte,007,227075,1202,976,17,993,9
2020-08-01,Calaveras,009,45235,149,116,0,116,1
2020-08-01,Colusa,011,21464,386,327,0,327,2
2020-08-01,Contra Costa,013,1133247,10660,7867,29,7896,116
2020-08-01,Del Norte,015,27424,89,68,0,68,0
2020-08-01,El Dorado,017,186661,820,637,5,642,1
2020-08-01,Fresno,019,978130,22171,15448,198,15646,149
2020-08-01,Glenn,021,27897,387,311,0,311,1
2020-08-01,Humboldt,023,135768,271,232,1,233,4
2020-08-01,Imperial,025,180216,10385,7919,6,7925,156
2020-08-01,Inyo,027,18085,82,45,1,46,1
2020-08-01,Kern,029,883053,25273,20796,136,20932,176
2020-08-01,Kings,031,150075,4886,3948,21,3969,47
2020-08-01,Lake,033,64148,238,194,0,194,1
2020-08-01,Lassen,035,31185,644,555,2,557,0
2020-08-01,Los Angeles,037,10098052,205585,191023,572,191595,4674
2020-08-01,Madera,039,155013,2927,2103,5,2108,18
2020-08-01,Marin,041,260295,5477,4945,9,4954,43
2020-08-01,Mariposa,043,17540,61,50,0,50,2
2020-08-01,Mendocino,045,87422,337,243,0,243,1
2020-08-01,Merced,047,269075,6056,3972,2,3974,29
2020-08-01,Modoc,049,8938,7,2,0,2,0
2020-08-01,Mono,051,14174,150,104,1,105,1
2020-08-01,Monterey,053,433212,5713,4611,14,4625,28
2020-08-01,Napa,055,140530,1187,923,0,923,8
2020-08-01,Nevada,057,99092,345,305,13,318,2
2020-08-01,Orange,059,3164182,44079,36703,859,37562,648
2020-08-01,Placer,061,380077,2353,1891,3,1894,14
2020-08-01,Plumas,063,18699,35,25,0,25,0
2020-08-01,Riverside,065,2383286,45849,38216,42,38258,704
2020-08-01,Sacramento,067,1510023,13191,10044,12,10056,141
2020-08-01,San Benito,069,59416,729,579,0,579,2
2020-08-01,San Bernardino,071,2135413,40675,32947,184,33131,440
2020-08-01,San Diego,073,3302833,32915,29579,19,29598,565
2020-08-01,San Francisco,075,870044,7493,6296,6,6302,60
2020-08-01,San Joaquin,077,732212,14970,11807,12,11819,189
2020-08-01,San Luis Obispo,079,281455,2225,1798,8,1806,13
2020-08-01,San Mateo,081,765935,6646,5520,7,5527,115
2020-08-01,Santa Barbara,083,443738,6909,6465,64,6529,59
2020-08-01,Santa Clara,085,1922200,13320,10281,30,10311,171
2020-08-01,Santa Cruz,087,273765,1369,1164,7,1171,4
2020-08-01,Shasta,089,179085,503,312,3,315,9
2020-08-01,Sierra,091,2930,3,1,0,1,0
2020-08-01,Siskiyou,093,43540,99,64,0,64,0
2020-08-01,Solano,095,438530,4369,3591,23,3614,29
2020-08-01,Sonoma,097,501317,3858,2890,7,2897,29
2020-08-01,Stanislaus,099,539301,11940,9221,54,9275,96
2020-08-01,Sutter,101,95872,900,714,1,715,6
2020-08-01,Tehama,103,63373,284,220,2,222,1
2020-08-01,Trinity,105,12862,27,5,6,11,0
2020-08-01,Tulare,107,460477,11511,9520,31,9551,188
2020-08-01,Tuolumne,109,53932,155,123,3,126,0
2020-08-01,Ventura,111,848112,8999,7819,31,7850,73
2020-08-01,Yolo,113,214977,1906,1557,3,1560,37
2020-08-01,Yuba,115,75493,525,387,0,387,1
2020-07-31,Alameda,001,1643700,13920,11441,90,11531,187
2020-07-31,Alpine,003,1148,2,2,0,2,0
2020-07-31,Amador,005,37829,189,98,0,98,0
2020-07-31,Butte,007,227075,1179,925,17,942,7
2020-07-31,Calaveras,009,45235,149,112,0,112,1
2020-07-31,Colusa,011,21464,376,319,0,319,2
2020-07-31,Contra Costa,013,1133247,10513,7697,28,7725,113
2020-07-31,Del Norte,015,27424,88,68,0,68,0
2020-07-31,El Dorado,017,186661,809,616,5,621,1
2020-07-31,Fresno,019,978130,21951,15083,198,15281,133
2020-07-31,Glenn,021,27897,380,304,0,304,1
2020-07-31,Humboldt,023,135768,264,229,1,230,4
2020-07-31,Imperial,025,180216,10353,7886,5,7891,155
2020-07-31,Inyo,027,18085,72,45,1,46,1
2020-07-31,Kern,029,883053,25032,20061,132,20193,173
2020-07-31,Kings,031,150075,4858,3807,21,3828,45
2020-07-31,Lake,033,64148,237,191,0,191,1
2020-07-31,Lassen,035,31185,639,544,2,546,0
2020-07-31,Los Angeles,037,10098052,203987,188688,559,189247,4628
2020-07-31,Madera,039,155013,2880,2036,5,2041,19
2020-07-31,Marin,041,260295,5433,4885,6,4891,43
2020-07-31,Mariposa,043,17540,61,49,0,49,2
2020-07-31,Mendocino,045,87422,322,232,0,232,1
2020-07-31,Merced,047,269075,5973,3789,2,3791,30
2020-07-31,Modoc,049,8938,6,0,0,0,0
2020-07-31,Mono,051,14174,149,104,1,105,1
2020-07-31,Monterey,053,433212,5621,4493,14,4507,24
2020-07-31,Napa,055,140530,1175,897,0,897,7
2020-07-31,Nevada,057,99092,343,302,13,315,2
2020-07-31,Orange,059,3164182,43780,36196,842,37038,620
2020-07-31,Placer,061,380077,2328,1853,3,1856,14
2020-07-31,Plumas,063,18699,34,25,0,25,0
2020-07-31,Riverside,065,2383286,45459,37612,41,37653,694
2020-07-31,Sacramento,067,1510023,13013,9872,12,9884,132
2020-07-31,San Benito,069,59416,721,567,0,567,2
2020-07-31,San Bernardino,071,2135413,40345,32332,182,32514,434
2020-07-31,San Diego,073,3302833,32681,29050,11,29061,561
2020-07-31,San Francisco,075,870044,7393,6126,6,6132,60
2020-07-31,San Joaquin,077,732212,14830,11561,12,11573,177
2020-07-31,San Luis Obispo,079,281455,2156,1746,8,1754,12
2020-07-31,San Mateo,081,765935,6574,5416,7,5423,115
2020-07-31,Santa Barbara,083,443738,6842,6375,64,6439,58
2020-07-31,Santa Clara,085,1922200,13099,9863,30,9893,171
2020-07-31,Santa Cruz,087,273765,1346,1118,7,1125,4
2020-07-31,Shasta,089,179085,493,305,3,308,9
2020-07-31,Sierra,091,2930,3,1,0,1,0
2020-07-31,Siskiyou,093,43540,97,61,0,61,0
2020-07-31,Solano,095,438530,4322,3510,22,3532,29
2020-07-31,Sonoma,097,501317,3800,2745,7,2752,27
2020-07-31,Stanislaus,099,539301,11834,9061,49,9110,94
2020-07-31,Sutter,101,95872,895,714,1,715,6
2020-07-31,Tehama,103,63373,281,213,2,215,1
2020-07-31,Trinity,105,12862,27,5,6,11,0
2020-07-31,Tulare,107,460477,11390,9365,31,9396,184
2020-07-31,Tuolumne,109,53932,155,120,3,123,0
2020-07-31,Ventura,111,848112,8924,7521,31,7552,71
2020-07-31,Yolo,113,214977,1880,1522,3,1525,38
2020-07-31,Yuba,115,75493,516,369,0,369,1
2020-07-30,Alameda,001,1643700,13717,11303,52,11355,185
2020-07-30,Alpine,003,1148,2,2,0,2,0
2020-07-30,Amador,005,37829,171,97,0,97,0
2020-07-30,Butte,007,227075,1163,915,17,932,7
2020-07-30,Calaveras,009,45235,145,111,0,111,1
2020-07-30,Colusa,011,21464,373,315,0,315,2
2020-07-30,Contra Costa,013,1133247,10329,7615,27,7642,112
2020-07-30,Del Norte,015,27424,88,68,0,68,0
2020-07-30,El Dorado,017,186661,802,608,5,613,1
2020-07-30,Fresno,019,978130,21615,14793,192,14985,133
2020-07-30,Glenn,021,27897,373,297,0,297,1
2020-07-30,Humboldt,023,135768,262,228,1,229,4
2020-07-30,Imperial,025,180216,10294,7849,5,7854,151
2020-07-30,Inyo,027,18085,68,44,1,45,1
2020-07-30,Kern,029,883053,24739,19552,128,19680,171
2020-07-30,Kings,031,150075,4754,3785,21,3806,43
2020-07-30,Lake,033,64148,231,181,0,181,1
2020-07-30,Lassen,035,31185,636,544,2,546,0
2020-07-30,Los Angeles,037,10098052,201958,186177,529,186706,4564
2020-07-30,Madera,039,155013,2810,2007,5,2012,18
2020-07-30,Marin,041,260295,5391,4835,5,4840,39
2020-07-30,Mariposa,043,17540,61,49,0,49,1
2020-07-30,Mendocino,045,87422,315,232,0,232,1
2020-07-30,Merced,047,269075,5809,3695,2,3697,30
2020-07-30,Modoc,049,8938,6,0,0,0,0
2020-07-30,Mono,051,14174,148,104,1,105,1
2020-07-30,Monterey,053,433212,5509,4352,14,4366,24
2020-07-30,Napa,055,140530,1158,874,0,874,7
2020-07-30,Nevada,057,99092,338,292,13,305,2
2020-07-30,Orange,059,3164182,43365,36105,818,36923,607
2020-07-30,Placer,061,380077,2277,1821,3,1824,14
2020-07-30,Plumas,063,18699,33,25,0,25,0
2020-07-30,Riverside,065,2383286,44918,37308,41,37349,685
2020-07-30,Sacramento,067,1510023,12794,9704,12,9716,126
2020-07-30,San Benito,069,59416,708,558,0,558,2
2020-07-30,San Bernardino,071,2135413,39821,32010,182,32192,427
2020-07-30,San Diego,073,3302833,32334,28670,9,28679,558
2020-07-30,San Francisco,075,870044,7292,6107,6,6113,59
2020-07-30,San Joaquin,077,732212,14634,11435,12,11447,161
2020-07-30,San Luis Obispo,079,281455,2120,1703,8,1711,12
2020-07-30,San Mateo,081,765935,6479,5369,7,5376,115
2020-07-30,Santa Barbara,083,443738,6762,6273,64,6337,52
2020-07-30,Santa Clara,085,1922200,12866,9708,29,9737,170
2020-07-30,Santa Cruz,087,273765,1318,1087,7,1094,4
2020-07-30,Shasta,089,179085,489,306,3,309,8
2020-07-30,Sierra,091,2930,3,1,0,1,0
2020-07-30,Siskiyou,093,43540,96,60,0,60,0
2020-07-30,Solano,095,438530,4271,3463,22,3485,29
2020-07-30,Sonoma,097,501317,3729,2684,7,2691,25
2020-07-30,Stanislaus,099,539301,11621,8890,41,8931,94
2020-07-30,Sutter,101,95872,876,698,1,699,6
2020-07-30,Tehama,103,63373,278,208,2,210,1
2020-07-30,Trinity,105,12862,26,4,6,10,0
2020-07-30,Tulare,107,460477,11261,9167,31,9198,177
2020-07-30,Tuolumne,109,53932,154,119,3,122,0
2020-07-30,Ventura,111,848112,8812,7304,29,7333,69
2020-07-30,Yolo,113,214977,1860,1511,3,1514,37
2020-07-30,Yuba,115,75493,503,362,0,362,1
2020-07-29,Alameda,001,1643700,13496,11177,47,11224,180
2020-07-29,Alpine,003,1148,2,2,0,2,0
2020-07-29,Amador,005,37829,163,80,0,80,0
2020-07-29,Butte,007,227075,1137,889,15,904,7
2020-07-29,Calaveras,009,45235,139,107,0,107,1
2020-07-29,Colusa,011,21464,369,302,0,302,2
2020-07-29,Contra Costa,013,1133247,10125,7520,27,7547,108
2020-07-29,Del Norte,015,27424,88,68,0,68,0
2020-07-29,El Dorado,017,186661,792,588,5,593,1
2020-07-29,Fresno,019,978130,21324,14312,192,14504,125
2020-07-29,Glenn,021,27897,366,294,0,294,1
2020-07-29,Humboldt,023,135768,259,221,1,222,4
2020-07-29,Imperial,025,180216,10246,7825,5,7830,147
2020-07-29,Inyo,027,18085,63,44,1,45,1
2020-07-29,Kern,029,883053,24400,19073,125,19198,162
2020-07-29,Kings,031,150075,4706,3755,21,3776,43
2020-07-29,Lake,033,64148,229,179,0,179,1
2020-07-29,Lassen,035,31185,621,513,2,515,0
2020-07-29,Los Angeles,037,10098052,199933,183600,512,184112,4523
2020-07-29,Madera,039,155013,2756,1941,5,1946,18
2020-07-29,Marin,041,260295,5353,4747,5,4752,34
2020-07-29,Mariposa,043,17540,60,47,0,47,1
2020-07-29,Mendocino,045,87422,307,228,0,228,0
2020-07-29,Merced,047,269075,5669,3605,2,3607,25
2020-07-29,Modoc,049,8938,5,0,0,0,0
2020-07-29,Mono,051,14174,145,102,1,103,1
2020-07-29,Monterey,053,433212,5409,4252,14,4266,24
2020-07-29,Napa,055,140530,1130,866,0,866,7
2020-07-29,Nevada,057,99092,334,288,13,301,1
2020-07-29,Orange,059,3164182,42931,35339,807,36146,589
2020-07-29,Placer,061,380077,2245,1798,3,1801,14
2020-07-29,Plumas,063,18699,33,25,0,25,0
2020-07-29,Riverside,065,2383286,44326,36968,41,37009,678
2020-07-29,Sacramento,067,1510023,12548,9538,12,9550,122
2020-07-29,San Benito,069,59416,693,537,0,537,2
2020-07-29,San Bernardino,071,2135413,39332,31168,171,31339,417
2020-07-29,San Diego,073,3302833,32009,28289,8,28297,552
2020-07-29,San Francisco,075,870044,7198,6041,6,6047,56
2020-07-29,San Joaquin,077,732212,14385,11249,9,11258,154
2020-07-29,San Luis Obispo,079,281455,2099,1673,8,1681,11
2020-07-29,San Mateo,081,765935,6391,5305,7,5312,114
2020-07-29,Santa Barbara,083,443738,6695,6215,64,6279,31
2020-07-29,Santa Clara,085,1922200,12660,9567,29,9596,165
2020-07-29,Santa Cruz,087,273765,1294,1051,7,1058,4
2020-07-29,Shasta,089,179085,477,297,3,300,8
2020-07-29,Sierra,091,2930,2,1,0,1,0
2020-07-29,Siskiyou,093,43540,94,58,0,58,0
2020-07-29,Solano,095,438530,4217,3380,22,3402,29
2020-07-29,Sonoma,097,501317,3651,2598,7,2605,26
2020-07-29,Stanislaus,099,539301,11400,8745,35,8780,94
2020-07-29,Sutter,101,95872,848,678,1,679,6
2020-07-29,Tehama,103,63373,274,206,2,208,1
2020-07-29,Trinity,105,12862,26,4,6,10,0
2020-07-29,Tulare,107,460477,11090,9028,31,9059,156
2020-07-29,Tuolumne,109,53932,154,118,3,121,0
2020-07-29,Ventura,111,848112,8707,7161,29,7190,68
2020-07-29,Yolo,113,214977,1834,1488,3,1491,36
2020-07-29,Yuba,115,75493,487,350,0,350,1
2020-07-28,Alameda,001,1643700,13266,10875,46,10921,180
2020-07-28,Alpine,003,1148,2,2,0,2,0
2020-07-28,Amador,005,37829,153,77,0,77,0
2020-07-28,Butte,007,227075,1102,857,15,872,7
2020-07-28,Calaveras,009,45235,138,105,0,105,1
2020-07-28,Colusa,011,21464,363,290,0,290,2
2020-07-28,Contra Costa,013,1133247,9903,7426,27,7453,107
2020-07-28,Del Norte,015,27424,87,68,0,68,0
2020-07-28,El Dorado,017,186661,777,558,5,563,1
2020-07-28,Fresno,019,978130,20988,13933,186,14119,125
2020-07-28,Glenn,021,27897,364,289,0,289,1
2020-07-28,Humboldt,023,135768,258,218,1,219,4
2020-07-28,Imperial,025,180216,10210,7804,5,7809,145
2020-07-28,Inyo,027,18085,61,43,1,44,1
2020-07-28,Kern,029,883053,24037,18834,119,18953,155
2020-07-28,Kings,031,150075,4660,3721,21,3742,41
2020-07-28,Lake,033,64148,225,179,0,179,1
2020-07-28,Lassen,035,31185,615,508,2,510,0
2020-07-28,Los Angeles,037,10098052,197702,179107,490,179597,4435
2020-07-28,Madera,039,155013,2690,1889,5,1894,18
2020-07-28,Marin,041,260295,5284,4698,5,4703,23
2020-07-28,Mariposa,043,17540,58,45,0,45,1
2020-07-28,Mendocino,045,87422,296,222,0,222,0
2020-07-28,Merced,047,269075,5524,3446,2,3448,23
2020-07-28,Modoc,049,8938,4,0,0,0,0
2020-07-28,Mono,051,14174,144,102,1,103,1
2020-07-28,Monterey,053,433212,5289,4047,14,4061,22
2020-07-28,Napa,055,140530,1108,824,0,824,6
2020-07-28,Nevada,057,99092,329,278,13,291,1
2020-07-28,Orange,059,3164182,42473,34832,793,35625,582
2020-07-28,Placer,061,380077,2209,1759,3,1762,14
2020-07-28,Plumas,063,18699,33,22,0,22,0
2020-07-28,Riverside,065,2383286,43725,36458,41,36499,668
2020-07-28,Sacramento,067,1510023,12289,9429,11,9440,117
2020-07-28,San Benito,069,59416,683,503,0,503,2
2020-07-28,San Bernardino,071,2135413,38809,30493,167,30660,412
2020-07-28,San Diego,073,3302833,31659,28007,6,28013,547
2020-07-28,San Francisco,075,870044,7085,5888,6,5894,56
2020-07-28,San Joaquin,077,732212,14103,10958,6,10964,141
2020-07-28,San Luis Obispo,079,281455,2066,1636,8,1644,9
2020-07-28,San Mateo,081,765935,6318,5171,7,5178,114
2020-07-28,Santa Barbara,083,443738,6631,6110,62,6172,31
2020-07-28,Santa Clara,085,1922200,12426,9307,29,9336,165
2020-07-28,Santa Cruz,087,273765,1267,1018,7,1025,4
2020-07-28,Shasta,089,179085,465,275,3,278,8
2020-07-28,Sierra,091,2930,2,1,0,1,0
2020-07-28,Siskiyou,093,43540,90,57,0,57,0
2020-07-28,Solano,095,438530,4170,3292,21,3313,29
2020-07-28,Sonoma,097,501317,3577,2553,7,2560,20
2020-07-28,Stanislaus,099,539301,11178,8492,27,8519,92
2020-07-28,Sutter,101,95872,811,653,0,653,2
2020-07-28,Tehama,103,63373,269,199,2,201,1
2020-07-28,Trinity,105,12862,26,3,6,9,0
2020-07-28,Tulare,107,460477,10903,8787,31,8818,96
2020-07-28,Tuolumne,109,53932,153,116,3,119,0
2020-07-28,Ventura,111,848112,8581,7045,28,7073,68
2020-07-28,Yolo,113,214977,1806,1459,3,1462,36
2020-07-28,Yuba,115,75493,470,333,0,333,1
2020-07-27,Alameda,001,1643700,13038,10645,43,10688,176
2020-07-27,Alpine,003,1148,2,2,0,2,0
2020-07-27,Amador,005,37829,148,72,0,72,0
2020-07-27,Butte,007,227075,1075,843,15,858,7
2020-07-27,Calaveras,009,45235,134,103,0,103,1
2020-07-27,Colusa,011,21464,356,271,0,271,2
2020-07-27,Contra Costa,013,1133247,9680,7256,27,7283,104
2020-07-27,Del Norte,015,27424,86,67,0,67,0
2020-07-27,El Dorado,017,186661,765,548,5,553,1
2020-07-27,Fresno,019,978130,20640,13485,180,13665,117
2020-07-27,Glenn,021,27897,362,277,0,277,1
2020-07-27,Humboldt,023,135768,253,218,1,219,4
2020-07-27,Imperial,025,180216,10160,7789,5,7794,144
2020-07-27,Inyo,027,18085,61,43,1,44,1
2020-07-27,Kern,029,883053,23535,17994,113,18107,148
2020-07-27,Kings,031,150075,4411,3685,21,3706,39
2020-07-27,Lake,033,64148,221,176,0,176,1
2020-07-27,Lassen,035,31185,615,503,2,505,0
2020-07-27,Los Angeles,037,10098052,195276,176351,472,176823,4379
2020-07-27,Madera,039,155013,2625,1793,5,1798,17
2020-07-27,Marin,041,260295,5196,4669,5,4674,22
2020-07-27,Mariposa,043,17540,58,43,0,43,1
2020-07-27,Mendocino,045,87422,282,209,0,209,0
2020-07-27,Merced,047,269075,5384,3292,2,3294,23
2020-07-27,Modoc,049,8938,3,0,0,0,0
2020-07-27,Mono,051,14174,140,99,1,100,1
2020-07-27,Monterey,053,433212,5100,3960,14,3974,21
2020-07-27,Napa,055,140530,1093,769,0,769,6
2020-07-27,Nevada,057,99092,325,268,13,281,1
2020-07-27,Orange,059,3164182,42033,34649,777,35426,566
2020-07-27,Placer,061,380077,2159,1679,3,1682,12
2020-07-27,Plumas,063,18699,33,22,0,22,0
2020-07-27,Riverside,065,2383286,43046,35822,41,35863,667
2020-07-27,Sacramento,067,1510023,11996,9091,11,9102,114
2020-07-27,San Benito,069,59416,668,498,0,498,2
2020-07-27,San Bernardino,071,2135413,38216,29928,157,30085,401
2020-07-27,San Diego,073,3302833,31285,27509,5,27514,533
2020-07-27,San Francisco,075,870044,6998,5825,6,5831,55
2020-07-27,San Joaquin,077,732212,13815,10728,6,10734,129
2020-07-27,San Luis Obispo,079,281455,2020,1612,8,1620,9
2020-07-27,San Mateo,081,765935,6209,5108,7,5115,113
2020-07-27,Santa Barbara,083,443738,6552,6026,60,6086,30
2020-07-27,Santa Clara,085,1922200,12157,9157,28,9185,166
2020-07-27,Santa Cruz,087,273765,1243,984,7,991,4
2020-07-27,Shasta,089,179085,458,275,3,278,8
2020-07-27,Sierra,091,2930,2,1,0,1,0
2020-07-27,Siskiyou,093,43540,88,54,0,54,0
2020-07-27,Solano,095,438530,4103,3198,20,3218,29
2020-07-27,Sonoma,097,501317,3486,2504,7,2511,20
2020-07-27,Stanislaus,099,539301,10953,8288,19,8307,84
2020-07-27,Sutter,101,95872,785,620,0,620,2
2020-07-27,Tehama,103,63373,261,192,2,194,1
2020-07-27,Trinity,105,12862,26,3,6,9,0
2020-07-27,Tulare,107,460477,10685,8462,31,8493,172
2020-07-27,Tuolumne,109,53932,150,115,3,118,0
2020-07-27,Ventura,111,848112,8453,6998,27,7025,68
2020-07-27,Yolo,113,214977,1761,1439,3,1442,33
2020-07-27,Yuba,115,75493,450,328,0,328,1
2020-07-26,Alameda,001,1643700,12799,10489,42,10531,176
2020-07-26,Alpine,003,1148,2,2,0,2,0
2020-07-26,Amador,005,37829,142,67,0,67,0
2020-07-26,Butte,007,227075,1038,822,15,837,5
2020-07-26,Calaveras,009,45235,131,103,0,103,1
2020-07-26,Colusa,011,21464,347,270,0,270,2
2020-07-26,Contra Costa,013,1133247,9442,7095,27,7122,104
2020-07-26,Del Norte,015,27424,84,67,0,67,0
2020-07-26,El Dorado,017,186661,747,539,5,544,1
2020-07-26,Fresno,019,978130,20249,13209,172,13381,117
2020-07-26,Glenn,021,27897,354,265,0,265,1
2020-07-26,Humboldt,023,135768,247,214,1,215,4
2020-07-26,Imperial,025,180216,10088,7781,5,7786,144
2020-07-26,Inyo,027,18085,56,43,1,44,1
2020-07-26,Kern,029,883053,23010,17394,110,17504,148
2020-07-26,Kings,031,150075,4352,3591,21,3612,39
2020-07-26,Lake,033,64148,213,174,0,174,1
2020-07-26,Lassen,035,31185,574,503,2,505,0
2020-07-26,Los Angeles,037,10098052,192706,174322,454,174776,4364
2020-07-26,Madera,039,155013,2538,1744,5,1749,17
2020-07-26,Marin,041,260295,5150,4595,5,4600,22
2020-07-26,Mariposa,043,17540,56,43,0,43,1
2020-07-26,Mendocino,045,87422,273,206,0,206,0
2020-07-26,Merced,047,269075,5204,3251,2,3253,23
2020-07-26,Modoc,049,8938,3,0,0,0,0
2020-07-26,Mono,051,14174,136,82,1,83,1
2020-07-26,Monterey,053,433212,4934,3901,14,3915,21
2020-07-26,Napa,055,140530,1074,769,0,769,6
2020-07-26,Nevada,057,99092,322,261,13,274,1
2020-07-26,Orange,059,3164182,41508,34352,746,35098,564
2020-07-26,Placer,061,380077,2095,1628,3,1631,12
2020-07-26,Plumas,063,18699,33,22,0,22,0
2020-07-26,Riverside,065,2383286,42486,35636,41,35677,665
2020-07-26,Sacramento,067,1510023,11690,8972,11,8983,114
2020-07-26,San Benito,069,59416,656,495,0,495,2
2020-07-26,San Bernardino,071,2135413,37575,29545,149,29694,400
2020-07-26,San Diego,073,3302833,30889,26986,4,26990,533
2020-07-26,San Francisco,075,870044,6892,5823,6,5829,55
2020-07-26,San Joaquin,077,732212,13523,10637,6,10643,129
2020-07-26,San Luis Obispo,079,281455,1978,1565,8,1573,8
2020-07-26,San Mateo,081,765935,6104,5078,7,5085,113
2020-07-26,Santa Barbara,083,443738,6451,5939,60,5999,30
2020-07-26,Santa Clara,085,1922200,11928,8986,28,9014,166
2020-07-26,Santa Cruz,087,273765,1216,970,7,977,4
2020-07-26,Shasta,089,179085,451,265,3,268,8
2020-07-26,Sierra,091,2930,2,1,0,1,0
2020-07-26,Siskiyou,093,43540,86,54,0,54,0
2020-07-26,Solano,095,438530,4024,3197,18,3215,29
2020-07-26,Sonoma,097,501317,3397,2503,6,2509,20
2020-07-26,Stanislaus,099,539301,10690,8228,18,8246,84
2020-07-26,Sutter,101,95872,771,612,0,612,2
2020-07-26,Tehama,103,63373,254,175,2,177,1
2020-07-26,Trinity,105,12862,26,3,6,9,0
2020-07-26,Tulare,107,460477,10479,8392,31,8423,172
2020-07-26,Tuolumne,109,53932,145,113,3,116,0
2020-07-26,Ventura,111,848112,8246,6844,27,6871,67
2020-07-26,Yolo,113,214977,1730,1408,3,1411,33
2020-07-26,Yuba,115,75493,431,313,0,313,1
2020-07-25,Alameda,001,1643700,12702,10361,40,10401,176
2020-07-25,Alpine,003,1148,2,2,0,2,0
2020-07-25,Amador,005,37829,139,67,0,67,0
2020-07-25,Butte,007,227075,1029,810,15,825,5
2020-07-25,Calaveras,009,45235,128,103,0,103,1
2020-07-25,Colusa,011,21464,340,265,0,265,2
2020-07-25,Contra Costa,013,1133247,9299,6920,27,6947,104
2020-07-25,Del Norte,015,27424,84,67,0,67,0
2020-07-25,El Dorado,017,186661,736,528,5,533,1
2020-07-25,Fresno,019,978130,20062,12866,172,13038,117
2020-07-25,Glenn,021,27897,352,260,0,260,1
2020-07-25,Humboldt,023,135768,244,212,1,213,4
2020-07-25,Imperial,025,180216,10062,7727,5,7732,144
2020-07-25,Inyo,027,18085,55,43,1,44,1
2020-07-25,Kern,029,883053,22792,16910,109,17019,148
2020-07-25,Kings,031,150075,4335,3516,21,3537,39
2020-07-25,Lake,033,64148,211,173,0,173,1
2020-07-25,Lassen,035,31185,574,503,2,505,0
2020-07-25,Los Angeles,037,10098052,191571,172611,448,173059,4357
2020-07-25,Madera,039,155013,2506,1724,5,1729,17
2020-07-25,Marin,041,260295,5134,4562,5,4567,22
2020-07-25,Mariposa,043,17540,55,43,0,43,1
2020-07-25,Mendocino,045,87422,267,190,0,190,0
2020-07-25,Merced,047,269075,5125,3176,2,3178,23
2020-07-25,Modoc,049,8938,3,0,0,0,0
2020-07-25,Mono,051,14174,136,82,1,83,1
2020-07-25,Monterey,053,433212,4857,3805,14,3819,21
2020-07-25,Napa,055,140530,1061,746,0,746,6
2020-07-25,Nevada,057,99092,320,257,13,270,1
2020-07-25,Orange,059,3164182,41289,33978,725,34703,561
2020-07-25,Placer,061,380077,2079,1596,3,1599,12
2020-07-25,Plumas,063,18699,33,22,0,22,0
2020-07-25,Riverside,065,2383286,42217,34921,41,34962,655
2020-07-25,Sacramento,067,1510023,11544,8674,11,8685,113
2020-07-25,San Benito,069,59416,640,492,0,492,2
2020-07-25,San Bernardino,071,2135413,37297,29265,146,29411,394
2020-07-25,San Diego,073,3302833,30628,26703,3,26706,533
2020-07-25,San Francisco,075,870044,6834,5644,6,5650,55
2020-07-25,San Joaquin,077,732212,13397,10347,5,10352,129
2020-07-25,San Luis Obispo,079,281455,1958,1530,7,1537,8
2020-07-25,San Mateo,081,765935,6041,5023,7,5030,113
2020-07-25,Santa Barbara,083,443738,6416,5880,60,5940,30
2020-07-25,Santa Clara,085,1922200,11794,8767,28,8795,166
2020-07-25,Santa Cruz,087,273765,1199,939,7,946,4
2020-07-25,Shasta,089,179085,446,263,1,264,8
2020-07-25,Sierra,091,2930,2,1,0,1,0
2020-07-25,Siskiyou,093,43540,84,54,0,54,0
2020-07-25,Solano,095,438530,3984,3107,16,3123,29
2020-07-25,Sonoma,097,501317,3358,2412,6,2418,20
2020-07-25,Stanislaus,099,539301,10587,7994,14,8008,84
2020-07-25,Sutter,101,95872,752,603,0,603,2
2020-07-25,Tehama,103,63373,253,169,2,171,1
2020-07-25,Trinity,105,12862,26,3,6,9,0
2020-07-25,Tulare,107,460477,10379,8310,31,8341,172
2020-07-25,Tuolumne,109,53932,144,99,3,102,0
2020-07-25,Ventura,111,848112,8173,6662,27,6689,62
2020-07-25,Yolo,113,214977,1714,1357,3,1360,35
2020-07-25,Yuba,115,75493,425,312,0,312,1
2020-07-24,Alameda,001,1643700,12560,10216,37,10253,176
2020-07-24,Alpine,003,1148,2,2,0,2,0
2020-07-24,Amador,005,37829,137,66,0,66,0
2020-07-24,Butte,007,227075,1017,751,15,766,5
2020-07-24,Calaveras,009,45235,124,102,0,102,0
2020-07-24,Colusa,011,21464,337,255,0,255,2
2020-07-24,Contra Costa,013,1133247,9154,6814,27,6841,100
2020-07-24,Del Norte,015,27424,84,66,0,66,0
2020-07-24,El Dorado,017,186661,714,516,5,521,1
2020-07-24,Fresno,019,978130,19837,12564,172,12736,115
2020-07-24,Glenn,021,27897,349,251,0,251,1
2020-07-24,Humboldt,023,135768,241,210,1,211,4
2020-07-24,Imperial,025,180216,10040,7686,5,7691,141
2020-07-24,Inyo,027,18085,55,41,1,42,1
2020-07-24,Kern,029,883053,22551,16124,109,16233,143
2020-07-24,Kings,031,150075,4305,3471,21,3492,39
2020-07-24,Lake,033,64148,209,167,0,167,1
2020-07-24,Lassen,035,31185,574,503,2,505,0
2020-07-24,Los Angeles,037,10098052,189545,169078,437,169515,4302
2020-07-24,Madera,039,155013,2473,1679,5,1684,16
2020-07-24,Marin,041,260295,5107,4517,5,4522,22
2020-07-24,Mariposa,043,17540,55,41,0,41,1
2020-07-24,Mendocino,045,87422,260,188,0,188,0
2020-07-24,Merced,047,269075,5040,3100,2,3102,23
2020-07-24,Modoc,049,8938,3,0,0,0,0
2020-07-24,Mono,051,14174,135,82,1,83,1
2020-07-24,Monterey,053,433212,4785,3748,14,3762,21
2020-07-24,Napa,055,140530,1048,741,0,741,6
2020-07-24,Nevada,057,99092,317,255,13,268,1
2020-07-24,Orange,059,3164182,41002,33530,709,34239,557
2020-07-24,Placer,061,380077,2048,1551,3,1554,12
2020-07-24,Plumas,063,18699,33,22,0,22,0
2020-07-24,Riverside,065,2383286,41793,34513,40,34553,631
2020-07-24,Sacramento,067,1510023,11356,8570,11,8581,110
2020-07-24,San Benito,069,59416,633,485,0,485,2
2020-07-24,San Bernardino,071,2135413,36926,28990,141,29131,386
2020-07-24,San Diego,073,3302833,30328,26100,3,26103,524
2020-07-24,San Francisco,075,870044,6740,5611,6,5617,55
2020-07-24,San Joaquin,077,732212,13248,10190,5,10195,118
2020-07-24,San Luis Obispo,079,281455,1934,1476,7,1483,8
2020-07-24,San Mateo,081,765935,5978,4954,7,4961,112
2020-07-24,Santa Barbara,083,443738,6363,5776,58,5834,30
2020-07-24,Santa Clara,085,1922200,11629,8658,28,8686,165
2020-07-24,Santa Cruz,087,273765,1179,930,7,937,4
2020-07-24,Shasta,089,179085,438,262,1,263,8
2020-07-24,Sierra,091,2930,2,1,0,1,0
2020-07-24,Siskiyou,093,43540,84,53,0,53,0
2020-07-24,Solano,095,438530,3948,3062,13,3075,29
2020-07-24,Sonoma,097,501317,3306,2345,6,2351,20
2020-07-24,Stanislaus,099,539301,10415,7861,12,7873,82
2020-07-24,Sutter,101,95872,741,593,0,593,2
2020-07-24,Tehama,103,63373,245,170,2,172,1
2020-07-24,Trinity,105,12862,25,3,6,9,0
2020-07-24,Tulare,107,460477,10285,8167,29,8196,167
2020-07-24,Tuolumne,109,53932,140,99,3,102,0
2020-07-24,Ventura,111,848112,8088,6553,27,6580,60
2020-07-24,Yolo,113,214977,1700,1329,3,1332,35
2020-07-24,Yuba,115,75493,410,307,0,307,1
2020-07-23,Alameda,001,1643700,12318,9924,37,9961,171
2020-07-23,Alpine,003,1148,2,2,0,2,0
2020-07-23,Amador,005,37829,120,61,0,61,0
2020-07-23,Butte,007,227075,1002,726,14,740,5
2020-07-23,Calaveras,009,45235,117,102,0,102,0
2020-07-23,Colusa,011,21464,329,242,0,242,2
2020-07-23,Contra Costa,013,1133247,8955,6619,25,6644,98
2020-07-23,Del Norte,015,27424,84,66,0,66,0
2020-07-23,El Dorado,017,186661,703,491,5,496,1
2020-07-23,Fresno,019,978130,19481,12164,169,12333,112
2020-07-23,Glenn,021,27897,344,246,0,246,1
2020-07-23,Humboldt,023,135768,240,208,1,209,4
2020-07-23,Imperial,025,180216,9990,7604,5,7609,138
2020-07-23,Inyo,027,18085,53,38,1,39,1
2020-07-23,Kern,029,883053,22144,14491,105,14596,128
2020-07-23,Kings,031,150075,4193,3371,21,3392,39
2020-07-23,Lake,033,64148,200,160,0,160,1
2020-07-23,Lassen,035,31185,571,503,2,505,0
2020-07-23,Los Angeles,037,10098052,186994,167198,411,167609,4265
2020-07-23,Madera,039,155013,2407,1659,4,1663,13
2020-07-23,Marin,041,260295,5055,4423,5,4428,22
2020-07-23,Mariposa,043,17540,55,40,0,40,1
2020-07-23,Mendocino,045,87422,250,178,0,178,0
2020-07-23,Merced,047,269075,4883,2972,2,2974,22
2020-07-23,Modoc,049,8938,3,0,0,0,0
2020-07-23,Mono,051,14174,131,82,1,83,1
2020-07-23,Monterey,053,433212,4668,3655,14,3669,21
2020-07-23,Napa,055,140530,1024,713,0,713,5
2020-07-23,Nevada,057,99092,314,247,13,260,1
2020-07-23,Orange,059,3164182,40505,32863,679,33542,544
2020-07-23,Placer,061,380077,2004,1519,3,1522,12
2020-07-23,Plumas,063,18699,32,21,0,21,0
2020-07-23,Riverside,065,2383286,41188,33833,40,33873,630
2020-07-23,Sacramento,067,1510023,11123,8222,11,8233,108
2020-07-23,San Benito,069,59416,618,478,0,478,2
2020-07-23,San Bernardino,071,2135413,36407,28121,135,28256,369
2020-07-23,San Diego,073,3302833,29954,25109,3,25112,505
2020-07-23,San Francisco,075,870044,6639,5543,6,5549,55
2020-07-23,San Joaquin,077,732212,13029,9861,5,9866,111
2020-07-23,San Luis Obispo,079,281455,1905,1438,7,1445,7
2020-07-23,San Mateo,081,765935,5873,4895,7,4902,113
2020-07-23,Santa Barbara,083,443738,6290,5628,58,5686,30
2020-07-23,Santa Clara,085,1922200,11410,8458,28,8486,165
2020-07-23,Santa Cruz,087,273765,1143,887,7,894,3
2020-07-23,Shasta,089,179085,427,254,1,255,9
2020-07-23,Sierra,091,2930,2,1,0,1,0
2020-07-23,Siskiyou,093,43540,82,53,0,53,0
2020-07-23,Solano,095,438530,3884,2962,11,2973,29
2020-07-23,Sonoma,097,501317,3230,2289,6,2295,18
2020-07-23,Stanislaus,099,539301,10173,7603,12,7615,71
2020-07-23,Sutter,101,95872,708,570,0,570,2
2020-07-23,Tehama,103,63373,239,158,2,160,1
2020-07-23,Trinity,105,12862,24,3,6,9,0
2020-07-23,Tulare,107,460477,10096,7898,29,7927,168
2020-07-23,Tuolumne,109,53932,140,93,3,96,0
2020-07-23,Ventura,111,848112,7964,6303,27,6330,56
2020-07-23,Yolo,113,214977,1681,1279,3,1282,35
2020-07-23,Yuba,115,75493,390,297,0,297,1
2020-07-22,Alameda,001,1643700,12100,9678,36,9714,169
2020-07-22,Alpine,003,1148,2,2,0,2,0
2020-07-22,Amador,005,37829,118,58,0,58,0
2020-07-22,Butte,007,227075,966,694,14,708,5
2020-07-22,Calaveras,009,45235,117,98,0,98,0
2020-07-22,Colusa,011,21464,322,236,0,236,0
2020-07-22,Contra Costa,013,1133247,8729,6401,25,6426,98
2020-07-22,Del Norte,015,27424,84,66,0,66,0
2020-07-22,El Dorado,017,186661,690,466,5,471,1
2020-07-22,Fresno,019,978130,19118,11756,163,11919,110
2020-07-22,Glenn,021,27897,338,236,0,236,1
2020-07-22,Humboldt,023,135768,238,201,1,202,4
2020-07-22,Imperial,025,180216,9930,7533,5,7538,134
2020-07-22,Inyo,027,18085,49,38,1,39,1
2020-07-22,Kern,029,883053,21712,13513,97,13610,127
2020-07-22,Kings,031,150075,4137,3271,21,3292,38
2020-07-22,Lake,033,64148,197,160,0,160,1
2020-07-22,Lassen,035,31185,568,500,2,502,0
2020-07-22,Los Angeles,037,10098052,184343,165242,390,165632,4218
2020-07-22,Madera,039,155013,2332,1578,4,1582,10
2020-07-22,Marin,041,260295,4999,4373,5,4378,23
2020-07-22,Mariposa,043,17540,55,38,0,38,1
2020-07-22,Mendocino,045,87422,243,166,0,166,0
2020-07-22,Merced,047,269075,4757,2828,2,2830,15
2020-07-22,Modoc,049,8938,3,0,0,0,0
2020-07-22,Mono,051,14174,128,82,1,83,1
2020-07-22,Monterey,053,433212,4567,3533,14,3547,20
2020-07-22,Napa,055,140530,1002,687,0,687,5
2020-07-22,Nevada,057,99092,308,239,12,251,1
2020-07-22,Orange,059,3164182,40006,32047,670,32717,522
2020-07-22,Placer,061,380077,1948,1469,3,1472,12
2020-07-22,Plumas,063,18699,31,20,0,20,0
2020-07-22,Riverside,065,2383286,40552,33093,40,33133,612
2020-07-22,Sacramento,067,1510023,10861,8028,11,8039,106
2020-07-22,San Benito,069,59416,604,465,0,465,2
2020-07-22,San Bernardino,071,2135413,35885,26820,124,26944,348
2020-07-22,San Diego,073,3302833,29566,25109,2,25111,505
2020-07-22,San Francisco,075,870044,6535,5473,5,5478,53
2020-07-22,San Joaquin,077,732212,12751,9628,5,9633,102
2020-07-22,San Luis Obispo,079,281455,1859,1373,7,1380,7
2020-07-22,San Mateo,081,765935,5784,4796,7,4803,112
2020-07-22,Santa Barbara,083,443738,6206,5508,56,5564,29
2020-07-22,Santa Clara,085,1922200,11166,8266,28,8294,166
2020-07-22,Santa Cruz,087,273765,1119,866,7,873,3
2020-07-22,Shasta,089,179085,417,246,1,247,9
2020-07-22,Sierra,091,2930,1,1,0,1,0
2020-07-22,Siskiyou,093,43540,81,52,0,52,0
2020-07-22,Solano,095,438530,3823,2839,10,2849,29
2020-07-22,Sonoma,097,501317,3153,2255,6,2261,17
2020-07-22,Stanislaus,099,539301,10002,7401,12,7413,71
2020-07-22,Sutter,101,95872,684,551,0,551,2
2020-07-22,Tehama,103,63373,231,155,2,157,1
2020-07-22,Trinity,105,12862,23,3,6,9,0
2020-07-22,Tulare,107,460477,9863,7640,29,7669,167
2020-07-22,Tuolumne,109,53932,136,91,3,94,0
2020-07-22,Ventura,111,848112,7836,6223,25,6248,56
2020-07-22,Yolo,113,214977,1639,1233,3,1236,34
2020-07-22,Yuba,115,75493,375,288,0,288,1
2020-07-21,Alameda,001,1643700,11887,9390,36,9426,166
2020-07-21,Alpine,003,1148,2,2,0,2,0
2020-07-21,Amador,005,37829,113,55,0,55,0
2020-07-21,Butte,007,227075,921,659,13,672,5
2020-07-21,Calaveras,009,45235,111,96,0,96,0
2020-07-21,Colusa,011,21464,298,227,0,227,0
2020-07-21,Contra Costa,013,1133247,8487,6210,25,6235,98
2020-07-21,Del Norte,015,27424,84,66,0,66,0
2020-07-21,El Dorado,017,186661,682,440,5,445,1
2020-07-21,Fresno,019,978130,18718,11412,157,11569,107
2020-07-21,Glenn,021,27897,331,229,0,229,1
2020-07-21,Humboldt,023,135768,236,198,1,199,4
2020-07-21,Imperial,025,180216,9881,7458,5,7463,128
2020-07-21,Inyo,027,18085,48,38,1,39,1
2020-07-21,Kern,029,883053,21290,11998,91,12089,119
2020-07-21,Kings,031,150075,4072,3187,20,3207,38
2020-07-21,Lake,033,64148,197,157,0,157,1
2020-07-21,Lassen,035,31185,566,474,2,476,0
2020-07-21,Los Angeles,037,10098052,181354,162205,368,162573,4159
2020-07-21,Madera,039,155013,2267,1508,3,1511,10
2020-07-21,Marin,041,260295,4927,4318,5,4323,21
2020-07-21,Mariposa,043,17540,54,37,0,37,1
2020-07-21,Mendocino,045,87422,232,160,0,160,0
2020-07-21,Merced,047,269075,4578,2725,2,2727,15
2020-07-21,Modoc,049,8938,3,0,0,0,0
2020-07-21,Mono,051,14174,124,79,1,80,1
2020-07-21,Monterey,053,433212,4435,3404,13,3417,20
2020-07-21,Napa,055,140530,975,660,0,660,5
2020-07-21,Nevada,057,99092,306,228,10,238,1
2020-07-21,Orange,059,3164182,39510,31356,638,31994,515
2020-07-21,Placer,061,380077,1907,1413,3,1416,11
2020-07-21,Plumas,063,18699,31,19,0,19,0
2020-07-21,Riverside,065,2383286,39849,32231,40,32271,583
2020-07-21,Sacramento,067,1510023,10589,7789,10,7799,102
2020-07-21,San Benito,069,59416,593,444,0,444,2
2020-07-21,San Bernardino,071,2135413,35238,25323,117,25440,343
2020-07-21,San Diego,073,3302833,29117,24522,2,24524,487
2020-07-21,San Francisco,075,870044,6426,5377,5,5382,53
2020-07-21,San Joaquin,077,732212,12422,9150,5,9155,99
2020-07-21,San Luis Obispo,079,281455,1810,1338,7,1345,7
2020-07-21,San Mateo,081,765935,5692,4733,7,4740,111
2020-07-21,Santa Barbara,083,443738,6126,5422,55,5477,29
2020-07-21,Santa Clara,085,1922200,10903,7989,28,8017,164
2020-07-21,Santa Cruz,087,273765,1086,835,7,842,3
2020-07-21,Shasta,089,179085,409,241,1,242,9
2020-07-21,Sierra,091,2930,1,1,0,1,0
2020-07-21,Siskiyou,093,43540,81,48,0,48,0
2020-07-21,Solano,095,438530,3750,2727,10,2737,27
2020-07-21,Sonoma,097,501317,3096,2200,6,2206,17
2020-07-21,Stanislaus,099,539301,9740,6984,12,6996,69
2020-07-21,Sutter,101,95872,668,533,0,533,2
2020-07-21,Tehama,103,63373,221,150,2,152,1
2020-07-21,Trinity,105,12862,23,2,6,8,0
2020-07-21,Tulare,107,460477,9661,7447,29,7476,167
2020-07-21,Tuolumne,109,53932,134,75,3,78,0
2020-07-21,Ventura,111,848112,7704,6131,25,6156,55
2020-07-21,Yolo,113,214977,1585,1204,3,1207,34
2020-07-21,Yuba,115,75493,369,269,0,269,1
2020-07-20,Alameda,001,1643700,11632,9244,35,9279,162
2020-07-20,Alpine,003,1148,2,2,0,2,0
2020-07-20,Amador,005,37829,110,53,0,53,0
2020-07-20,Butte,007,227075,884,586,13,599,4
2020-07-20,Calaveras,009,45235,108,90,0,90,0
2020-07-20,Colusa,011,21464,287,217,0,217,0
2020-07-20,Contra Costa,013,1133247,8279,5823,25,5848,97
2020-07-20,Del Norte,015,27424,84,61,0,61,0
2020-07-20,El Dorado,017,186661,659,407,5,412,0
2020-07-20,Fresno,019,978130,18275,10891,156,11047,106
2020-07-20,Glenn,021,27897,323,225,0,225,1
2020-07-20,Humboldt,023,135768,229,194,1,195,4
2020-07-20,Imperial,025,180216,9841,7337,5,7342,124
2020-07-20,Inyo,027,18085,46,38,1,39,1
2020-07-20,Kern,029,883053,20780,10908,87,10995,118
2020-07-20,Kings,031,150075,4022,3093,20,3113,37
2020-07-20,Lake,033,64148,194,147,0,147,1
2020-07-20,Lassen,035,31185,564,474,2,476,0
2020-07-20,Los Angeles,037,10098052,178392,159202,342,159544,4108
2020-07-20,Madera,039,155013,2192,1433,3,1436,10
2020-07-20,Marin,041,260295,4845,4255,5,4260,21
2020-07-20,Mariposa,043,17540,53,36,0,36,1
2020-07-20,Mendocino,045,87422,219,153,0,153,0
2020-07-20,Merced,047,269075,4408,2584,2,2586,15
2020-07-20,Modoc,049,8938,3,0,0,0,0
2020-07-20,Mono,051,14174,118,78,1,79,1
2020-07-20,Monterey,053,433212,4329,3205,13,3218,19
2020-07-20,Napa,055,140530,940,632,0,632,5
2020-07-20,Nevada,057,99092,298,218,10,228,1
2020-07-20,Orange,059,3164182,38900,30337,608,30945,507
2020-07-20,Placer,061,380077,1856,1364,3,1367,11
2020-07-20,Plumas,063,18699,30,17,0,17,0
2020-07-20,Riverside,065,2383286,39018,31163,40,31203,581
2020-07-20,Sacramento,067,1510023,10261,7369,10,7379,99
2020-07-20,San Benito,069,59416,575,433,0,433,2
2020-07-20,San Bernardino,071,2135413,34428,24226,113,24339,338
2020-07-20,San Diego,073,3302833,28675,24137,2,24139,478
2020-07-20,San Francisco,075,870044,6305,5090,5,5095,53
2020-07-20,San Joaquin,077,732212,12066,8583,5,8588,97
2020-07-20,San Luis Obispo,079,281455,1768,1282,7,1289,6
2020-07-20,San Mateo,081,765935,5592,4609,7,4616,111
2020-07-20,Santa Barbara,083,443738,6016,5266,53,5319,29
2020-07-20,Santa Clara,085,1922200,10675,7711,27,7738,164
2020-07-20,Santa Cruz,087,273765,1054,758,7,765,3
2020-07-20,Shasta,089,179085,394,233,1,234,9
2020-07-20,Sierra,091,2930,1,1,0,1,0
2020-07-20,Siskiyou,093,43540,77,42,0,42,0
2020-07-20,Solano,095,438530,3667,2537,10,2547,26
2020-07-20,Sonoma,097,501317,2989,2148,6,2154,17
2020-07-20,Stanislaus,099,539301,9456,6835,12,6847,58
2020-07-20,Sutter,101,95872,635,507,0,507,2
2020-07-20,Tehama,103,63373,211,146,2,148,1
2020-07-20,Trinity,105,12862,23,2,6,8,0
2020-07-20,Tulare,107,460477,9427,6974,29,7003,166
2020-07-20,Tuolumne,109,53932,133,75,3,78,0
2020-07-20,Ventura,111,848112,7570,5912,25,5937,52
2020-07-20,Yolo,113,214977,1544,1155,3,1158,30
2020-07-20,Yuba,115,75493,349,258,0,258,1
2020-07-19,Alameda,001,1643700,11391,9227,29,9256,162
2020-07-19,Alpine,003,1148,2,2,0,2,0
2020-07-19,Amador,005,37829,103,51,0,51,0
2020-07-19,Butte,007,227075,859,555,13,568,4
2020-07-19,Calaveras,009,45235,106,89,0,89,0
2020-07-19,Colusa,011,21464,279,187,0,187,0
2020-07-19,Contra Costa,013,1133247,7988,5691,23,5714,95
2020-07-19,Del Norte,015,27424,83,61,0,61,0
2020-07-19,El Dorado,017,186661,641,385,5,390,0
2020-07-19,Fresno,019,978130,17751,10639,144,10783,106
2020-07-19,Glenn,021,27897,309,215,0,215,0
2020-07-19,Humboldt,023,135768,221,195,1,196,4
2020-07-19,Imperial,025,180216,9750,7280,5,7285,124
2020-07-19,Inyo,027,18085,42,38,1,39,1
2020-07-19,Kern,029,883053,20163,10094,80,10174,115
2020-07-19,Kings,031,150075,3936,3035,20,3055,37
2020-07-19,Lake,033,64148,189,144,0,144,1
2020-07-19,Lassen,035,31185,545,474,2,476,0
2020-07-19,Los Angeles,037,10098052,174945,156039,319,156358,4100
2020-07-19,Madera,039,155013,2115,1301,3,1304,10
2020-07-19,Marin,041,260295,4790,4172,5,4177,21
2020-07-19,Mariposa,043,17540,49,35,0,35,1
2020-07-19,Mendocino,045,87422,214,137,0,137,0
2020-07-19,Merced,047,269075,4201,2460,2,2462,15
2020-07-19,Modoc,049,8938,3,0,0,0,0
2020-07-19,Mono,051,14174,107,63,1,64,1
2020-07-19,Monterey,053,433212,4210,3079,13,3092,18
2020-07-19,Napa,055,140530,911,612,0,612,5
2020-07-19,Nevada,057,99092,292,210,10,220,1
2020-07-19,Orange,059,3164182,38336,29941,595,30536,505
2020-07-19,Placer,061,380077,1809,1246,3,1249,11
2020-07-19,Plumas,063,18699,30,17,0,17,0
2020-07-19,Riverside,065,2383286,38313,30340,40,30380,581
2020-07-19,Sacramento,067,1510023,9868,6985,10,6995,97
2020-07-19,San Benito,069,59416,559,412,0,412,2
2020-07-19,San Bernardino,071,2135413,33655,23928,101,24029,337
2020-07-19,San Diego,073,3302833,28174,23684,2,23686,478
2020-07-19,San Francisco,075,870044,6159,5094,5,5099,52
2020-07-19,San Joaquin,077,732212,11659,8308,5,8313,93
2020-07-19,San Luis Obispo,079,281455,1724,1262,7,1269,6
2020-07-19,San Mateo,081,765935,5488,4522,7,4529,110
2020-07-19,Santa Barbara,083,443738,5914,5145,50,5195,29
2020-07-19,Santa Clara,085,1922200,10431,7403,27,7430,164
2020-07-19,Santa Cruz,087,273765,1010,753,7,760,3
2020-07-19,Shasta,089,179085,381,218,1,219,9
2020-07-19,Sierra,091,2930,1,1,0,1,0
2020-07-19,Siskiyou,093,43540,75,42,0,42,0
2020-07-19,Solano,095,438530,3562,2551,10,2561,26
2020-07-19,Sonoma,097,501317,2889,2074,6,2080,17
2020-07-19,Stanislaus,099,539301,9160,6508,12,6520,58
2020-07-19,Sutter,101,95872,604,480,0,480,2
2020-07-19,Tehama,103,63373,207,138,2,140,1
2020-07-19,Trinity,105,12862,23,2,6,8,0
2020-07-19,Tulare,107,460477,9179,6856,29,6885,166
2020-07-19,Tuolumne,109,53932,128,75,3,78,0
2020-07-19,Ventura,111,848112,7380,5706,25,5731,52
2020-07-19,Yolo,113,214977,1504,1127,3,1130,30
2020-07-19,Yuba,115,75493,329,240,0,240,1
2020-07-18,Alameda,001,1643700,11254,9089,28,9117,162
2020-07-18,Alpine,003,1148,2,2,0,2,0
2020-07-18,Amador,005,37829,99,49,0,49,0
2020-07-18,Butte,007,227075,850,551,13,564,4
2020-07-18,Calaveras,009,45235,102,89,0,89,0
2020-07-18,Colusa,011,21464,274,182,0,182,0
2020-07-18,Contra Costa,013,1133247,7854,5617,23,5640,95
2020-07-18,Del Norte,015,27424,83,61,0,61,0
2020-07-18,El Dorado,017,186661,638,385,5,390,0
2020-07-18,Fresno,019,978130,17502,10381,142,10523,106
2020-07-18,Glenn,021,27897,303,212,0,212,0
2020-07-18,Humboldt,023,135768,218,189,1,190,4
2020-07-18,Imperial,025,180216,9719,7268,5,7273,124
2020-07-18,Inyo,027,18085,42,38,1,39,1
2020-07-18,Kern,029,883053,19860,9250,77,9327,114
2020-07-18,Kings,031,150075,3896,2996,19,3015,37
2020-07-18,Lake,033,64148,186,142,0,142,1
2020-07-18,Lassen,035,31185,544,474,2,476,0
2020-07-18,Los Angeles,037,10098052,173498,153265,309,153574,4088
2020-07-18,Madera,039,155013,2069,1260,3,1263,9
2020-07-18,Marin,041,260295,4761,4089,5,4094,21
2020-07-18,Mariposa,043,17540,49,35,0,35,1
2020-07-18,Mendocino,045,87422,208,137,0,137,0
2020-07-18,Merced,047,269075,4082,2424,2,2426,15
2020-07-18,Modoc,049,8938,3,0,0,0,0
2020-07-18,Mono,051,14174,105,54,1,55,1
2020-07-18,Monterey,053,433212,4142,3020,13,3033,17
2020-07-18,Napa,055,140530,900,609,0,609,5
2020-07-18,Nevada,057,99092,288,204,9,213,1
2020-07-18,Orange,059,3164182,38017,29603,575,30178,493
2020-07-18,Placer,061,380077,1786,1233,3,1236,11
2020-07-18,Plumas,063,18699,30,17,0,17,0
2020-07-18,Riverside,065,2383286,37959,30245,39,30284,581
2020-07-18,Sacramento,067,1510023,9623,6739,10,6749,95
2020-07-18,San Benito,069,59416,544,407,0,407,2
2020-07-18,San Bernardino,071,2135413,33195,23680,94,23774,336
2020-07-18,San Diego,073,3302833,27871,23116,2,23118,478
2020-07-18,San Francisco,075,870044,6057,5051,5,5056,52
2020-07-18,San Joaquin,077,732212,11446,8118,5,8123,93
2020-07-18,San Luis Obispo,079,281455,1689,1234,7,1241,6
2020-07-18,San Mateo,081,765935,5428,4488,7,4495,110
2020-07-18,Santa Barbara,083,443738,5854,5110,48,5158,29
2020-07-18,Santa Clara,085,1922200,10282,7255,26,7281,164
2020-07-18,Santa Cruz,087,273765,993,751,7,758,3
2020-07-18,Shasta,089,179085,372,216,1,217,9
2020-07-18,Sierra,091,2930,1,1,0,1,0
2020-07-18,Siskiyou,093,43540,71,42,0,42,0
2020-07-18,Solano,095,438530,3521,2503,10,2513,26
2020-07-18,Sonoma,097,501317,2838,2019,6,2025,15
2020-07-18,Stanislaus,099,539301,9025,6344,12,6356,58
2020-07-18,Sutter,101,95872,598,473,0,473,2
2020-07-18,Tehama,103,63373,202,136,2,138,1
2020-07-18,Trinity,105,12862,23,2,6,8,0
2020-07-18,Tulare,107,460477,9088,6810,28,6838,167
2020-07-18,Tuolumne,109,53932,125,75,3,78,0
2020-07-18,Ventura,111,848112,7298,5630,25,5655,52
2020-07-18,Yolo,113,214977,1476,1077,3,1080,30
2020-07-18,Yuba,115,75493,318,237,0,237,1
2020-07-17,Alameda,001,1643700,11113,8893,27,8920,160
2020-07-17,Alpine,003,1148,2,1,0,1,0
2020-07-17,Amador,005,37829,97,48,0,48,0
2020-07-17,Butte,007,227075,836,497,13,510,4
2020-07-17,Calaveras,009,45235,99,86,0,86,0
2020-07-17,Colusa,011,21464,272,146,0,146,0
2020-07-17,Contra Costa,013,1133247,7706,5483,23,5506,93
2020-07-17,Del Norte,015,27424,82,60,0,60,0
2020-07-17,El Dorado,017,186661,622,368,5,373,0
2020-07-17,Fresno,019,978130,17204,9954,142,10096,104
2020-07-17,Glenn,021,27897,296,203,0,203,0
2020-07-17,Humboldt,023,135768,217,185,1,186,4
2020-07-17,Imperial,025,180216,9697,7193,5,7198,120
2020-07-17,Inyo,027,18085,42,38,1,39,1
2020-07-17,Kern,029,883053,19540,8291,76,8367,113
2020-07-17,Kings,031,150075,3857,2978,19,2997,37
2020-07-17,Lake,033,64148,184,139,0,139,1
2020-07-17,Lassen,035,31185,525,391,2,393,0
2020-07-17,Los Angeles,037,10098052,171126,150481,297,150778,4052
2020-07-17,Madera,039,155013,2025,1214,3,1217,9
2020-07-17,Marin,041,260295,4724,3839,5,3844,21
2020-07-17,Mariposa,043,17540,47,35,0,35,1
2020-07-17,Mendocino,045,87422,200,126,0,126,0
2020-07-17,Merced,047,269075,4006,2328,2,2330,12
2020-07-17,Modoc,049,8938,2,0,0,0,0
2020-07-17,Mono,051,14174,100,54,1,55,1
2020-07-17,Monterey,053,433212,4013,2922,13,2935,18
2020-07-17,Napa,055,140530,886,598,0,598,5
2020-07-17,Nevada,057,99092,281,200,9,209,1
2020-07-17,Orange,059,3164182,37554,28962,542,29504,485
2020-07-17,Placer,061,380077,1757,1207,3,1210,11
2020-07-17,Plumas,063,18699,27,16,0,16,0
2020-07-17,Riverside,065,2383286,37360,29639,39,29678,580
2020-07-17,Sacramento,067,1510023,9379,6563,10,6573,95
2020-07-17,San Benito,069,59416,529,399,0,399,2
2020-07-17,San Bernardino,071,2135413,32675,23057,91,23148,322
2020-07-17,San Diego,073,3302833,27483,22491,2,22493,472
2020-07-17,San Francisco,075,870044,5963,4967,5,4972,52
2020-07-17,San Joaquin,077,732212,11202,7925,5,7930,86
2020-07-17,San Luis Obispo,079,281455,1652,1190,7,1197,6
2020-07-17,San Mateo,081,765935,5331,4407,7,4414,110
2020-07-17,Santa Barbara,083,443738,5782,5001,47,5048,29
2020-07-17,Santa Clara,085,1922200,10064,7080,26,7106,164
2020-07-17,Santa Cruz,087,273765,971,716,7,723,3
2020-07-17,Shasta,089,179085,360,213,1,214,8
2020-07-17,Sierra,091,2930,1,1,0,1,0
2020-07-17,Siskiyou,093,43540,70,40,0,40,0
2020-07-17,Solano,095,438530,3472,2452,10,2462,26
2020-07-17,Sonoma,097,501317,2789,1982,6,1988,15
2020-07-17,Stanislaus,099,539301,8851,6220,12,6232,56
2020-07-17,Sutter,101,95872,585,458,0,458,2
2020-07-17,Tehama,103,63373,198,128,2,130,1
2020-07-17,Trinity,105,12862,23,2,6,8,0
2020-07-17,Tulare,107,460477,8952,6671,28,6699,166
2020-07-17,Tuolumne,109,53932,124,73,3,76,0
2020-07-17,Ventura,111,848112,7215,5451,25,5476,51
2020-07-17,Yolo,113,214977,1452,1055,3,1058,30
2020-07-17,Yuba,115,75493,308,231,0,231,1
2020-07-16,Alameda,001,1643700,10879,8719,22,8741,153
2020-07-16,Alpine,003,1148,2,1,0,1,0
2020-07-16,Amador,005,37829,94,46,0,46,0
2020-07-16,Butte,007,227075,799,465,12,477,4
2020-07-16,Calaveras,009,45235,97,82,0,82,0
2020-07-16,Colusa,011,21464,263,140,0,140,0
2020-07-16,Contra Costa,013,1133247,7494,5338,17,5355,91
2020-07-16,Del Norte,015,27424,82,60,0,60,0
2020-07-16,El Dorado,017,186661,605,357,5,362,0
2020-07-16,Fresno,019,978130,16693,9481,133,9614,101
2020-07-16,Glenn,021,27897,287,190,0,190,0
2020-07-16,Humboldt,023,135768,215,184,1,185,4
2020-07-16,Imperial,025,180216,9603,7148,5,7153,113
2020-07-16,Inyo,027,18085,42,38,1,39,1
2020-07-16,Kern,029,883053,19018,7435,74,7509,112
2020-07-16,Kings,031,150075,3690,2937,19,2956,37
2020-07-16,Lake,033,64148,179,128,0,128,1
2020-07-16,Lassen,035,31185,524,355,2,357,0
2020-07-16,Los Angeles,037,10098052,167904,147759,272,148031,3994
2020-07-16,Madera,039,155013,1961,1192,3,1195,8
2020-07-16,Marin,041,260295,4651,3546,5,3551,21
2020-07-16,Mariposa,043,17540,45,34,0,34,1
2020-07-16,Mendocino,045,87422,195,121,0,121,0
2020-07-16,Merced,047,269075,3844,2228,2,2230,12
2020-07-16,Modoc,049,8938,1,0,0,0,0
2020-07-16,Mono,051,14174,97,53,1,54,1
2020-07-16,Monterey,053,433212,3908,2857,12,2869,18
2020-07-16,Napa,055,140530,857,581,0,581,5
2020-07-16,Nevada,057,99092,278,191,9,200,1
2020-07-16,Orange,059,3164182,36851,28525,506,29031,471
2020-07-16,Placer,061,380077,1709,1168,3,1171,11
2020-07-16,Plumas,063,18699,25,16,0,16,0
2020-07-16,Riverside,065,2383286,36614,28904,37,28941,577
2020-07-16,Sacramento,067,1510023,9066,6440,9,6449,91
2020-07-16,San Benito,069,59416,512,389,0,389,2
2020-07-16,San Bernardino,071,2135413,31814,22355,73,22428,321
2020-07-16,San Diego,073,3302833,26996,21857,2,21859,465
2020-07-16,San Francisco,075,870044,5822,4838,5,4843,52
2020-07-16,San Joaquin,077,732212,10839,7713,5,7718,82
2020-07-16,San Luis Obispo,079,281455,1608,1146,7,1153,6
2020-07-16,San Mateo,081,765935,5227,4336,7,4343,110
2020-07-16,Santa Barbara,083,443738,5687,4872,46,4918,28
2020-07-16,Santa Clara,085,1922200,9784,6990,24,7014,164
2020-07-16,Santa Cruz,087,273765,930,698,7,705,3
2020-07-16,Shasta,089,179085,345,208,1,209,7
2020-07-16,Sierra,091,2930,1,1,0,1,0
2020-07-16,Siskiyou,093,43540,67,39,0,39,0
2020-07-16,Solano,095,438530,3378,2372,10,2382,25
2020-07-16,Sonoma,097,501317,2699,1954,6,1960,14
2020-07-16,Stanislaus,099,539301,8568,6077,11,6088,56
2020-07-16,Sutter,101,95872,569,444,0,444,2
2020-07-16,Tehama,103,63373,188,126,2,128,1
2020-07-16,Trinity,105,12862,23,2,5,7,0
2020-07-16,Tulare,107,460477,8738,6467,27,6494,163
2020-07-16,Tuolumne,109,53932,117,71,3,74,0
2020-07-16,Ventura,111,848112,7053,5231,25,5256,50
2020-07-16,Yolo,113,214977,1410,1034,3,1037,29
2020-07-16,Yuba,115,75493,290,221,0,221,1
2020-07-15,Alameda,001,1643700,10674,8615,17,8632,153
2020-07-15,Alpine,003,1148,2,1,0,1,0
2020-07-15,Amador,005,37829,73,44,0,44,0
2020-07-15,Butte,007,227075,757,420,12,432,4
2020-07-15,Calaveras,009,45235,97,75,0,75,0
2020-07-15,Colusa,011,21464,258,135,0,135,0
2020-07-15,Contra Costa,013,1133247,7263,5246,17,5263,90
2020-07-15,Del Norte,015,27424,81,60,0,60,0
2020-07-15,El Dorado,017,186661,581,339,5,344,0
2020-07-15,Fresno,019,978130,16219,9124,127,9251,101
2020-07-15,Glenn,021,27897,278,184,0,184,0
2020-07-15,Humboldt,023,135768,213,181,1,182,4
2020-07-15,Imperial,025,180216,9536,7110,5,7115,110
2020-07-15,Inyo,027,18085,42,36,1,37,1
2020-07-15,Kern,029,883053,18398,7155,70,7225,108
2020-07-15,Kings,031,150075,3629,2906,19,2925,37
2020-07-15,Lake,033,64148,177,122,0,122,1
2020-07-15,Lassen,035,31185,520,319,2,321,0
2020-07-15,Los Angeles,037,10098052,164438,143343,257,143600,3946
2020-07-15,Madera,039,155013,1892,1147,3,1150,4
2020-07-15,Marin,041,260295,4596,3458,5,3463,21
2020-07-15,Mariposa,043,17540,45,34,0,34,1
2020-07-15,Mendocino,045,87422,192,119,0,119,0
2020-07-15,Merced,047,269075,3694,2156,2,2158,12
2020-07-15,Modoc,049,8938,1,0,0,0,0
2020-07-15,Mono,051,14174,95,52,1,53,1
2020-07-15,Monterey,053,433212,3796,2780,12,2792,18
2020-07-15,Napa,055,140530,831,573,0,573,5
2020-07-15,Nevada,057,99092,274,185,7,192,1
2020-07-15,Orange,059,3164182,36051,27718,472,28190,454
2020-07-15,Placer,061,380077,1651,1145,3,1148,11
2020-07-15,Plumas,063,18699,25,16,0,16,0
2020-07-15,Riverside,065,2383286,35832,28492,35,28527,568
2020-07-15,Sacramento,067,1510023,8686,6217,9,6226,91
2020-07-15,San Benito,069,59416,503,388,0,388,2
2020-07-15,San Bernardino,071,2135413,31025,21508,57,21565,317
2020-07-15,San Diego,073,3302833,26529,21448,2,21450,448
2020-07-15,San Francisco,075,870044,5709,4757,5,4762,50
2020-07-15,San Joaquin,077,732212,10408,7381,4,7385,75
2020-07-15,San Luis Obispo,079,281455,1565,1097,7,1104,6
2020-07-15,San Mateo,081,765935,5114,4258,7,4265,109
2020-07-15,Santa Barbara,083,443738,5573,4733,46,4779,28
2020-07-15,Santa Clara,085,1922200,9480,6900,24,6924,164
2020-07-15,Santa Cruz,087,273765,894,660,6,666,3
2020-07-15,Shasta,089,179085,336,193,1,194,7
2020-07-15,Sierra,091,2930,1,1,0,1,0
2020-07-15,Siskiyou,093,43540,66,38,0,38,0
2020-07-15,Solano,095,438530,3283,2343,10,2353,25
2020-07-15,Sonoma,097,501317,2601,1920,6,1926,14
2020-07-15,Stanislaus,099,539301,8271,5777,11,5788,56
2020-07-15,Sutter,101,95872,543,433,0,433,2
2020-07-15,Tehama,103,63373,180,126,2,128,1
2020-07-15,Trinity,105,12862,22,2,5,7,0
2020-07-15,Tulare,107,460477,8527,6320,26,6346,156
2020-07-15,Tuolumne,109,53932,110,68,3,71,0
2020-07-15,Ventura,111,848112,6876,5087,25,5112,50
2020-07-15,Yolo,113,214977,1377,1002,3,1005,27
2020-07-15,Yuba,115,75493,278,221,0,221,1
2020-07-14,Alameda,001,1643700,10333,8388,11,8399,151
2020-07-14,Alpine,003,1148,2,1,0,1,0
2020-07-14,Amador,005,37829,69,44,0,44,0
2020-07-14,Butte,007,227075,711,382,12,394,4
2020-07-14,Calaveras,009,45235,95,74,0,74,0
2020-07-14,Colusa,011,21464,248,128,0,128,0
2020-07-14,Contra Costa,013,1133247,7026,5110,15,5125,90
2020-07-14,Del Norte,015,27424,80,60,0,60,0
2020-07-14,El Dorado,017,186661,566,324,5,329,0
2020-07-14,Fresno,019,978130,15797,8941,122,9063,98
2020-07-14,Glenn,021,27897,268,177,0,177,0
2020-07-14,Humboldt,023,135768,210,175,1,176,4
2020-07-14,Imperial,025,180216,9409,7095,5,7100,109
2020-07-14,Inyo,027,18085,42,35,1,36,1
2020-07-14,Kern,029,883053,17639,6979,57,7036,107
2020-07-14,Kings,031,150075,3562,2867,18,2885,37
2020-07-14,Lake,033,64148,171,120,0,120,1
2020-07-14,Lassen,035,31185,503,263,2,265,0
2020-07-14,Los Angeles,037,10098052,161306,140632,228,140860,3900
2020-07-14,Madera,039,155013,1818,1118,3,1121,4
2020-07-14,Marin,041,260295,4482,3451,5,3456,21
2020-07-14,Mariposa,043,17540,41,32,0,32,1
2020-07-14,Mendocino,045,87422,184,110,0,110,0
2020-07-14,Merced,047,269075,3515,2084,2,2086,12
2020-07-14,Modoc,049,8938,1,0,0,0,0
2020-07-14,Mono,051,14174,85,48,1,49,1
2020-07-14,Monterey,053,433212,3683,2724,12,2736,18
2020-07-14,Napa,055,140530,775,557,0,557,4
2020-07-14,Nevada,057,99092,257,180,6,186,1
2020-07-14,Orange,059,3164182,35171,26915,424,27339,432
2020-07-14,Placer,061,380077,1593,1122,3,1125,11
2020-07-14,Plumas,063,18699,24,14,0,14,0
2020-07-14,Riverside,065,2383286,35075,27850,34,27884,547
2020-07-14,Sacramento,067,1510023,8332,5978,9,5987,87
2020-07-14,San Benito,069,59416,484,360,0,360,2
2020-07-14,San Bernardino,071,2135413,30173,20489,47,20536,316
2020-07-14,San Diego,073,3302833,25909,20887,2,20889,436
2020-07-14,San Francisco,075,870044,5558,4659,4,4663,50
2020-07-14,San Joaquin,077,732212,9981,7143,4,7147,75
2020-07-14,San Luis Obispo,079,281455,1527,1060,7,1067,5
2020-07-14,San Mateo,081,765935,5021,4173,7,4180,108
2020-07-14,Santa Barbara,083,443738,5449,4641,44,4685,28
2020-07-14,Santa Clara,085,1922200,9152,6686,21,6707,164
2020-07-14,Santa Cruz,087,273765,855,639,6,645,3
2020-07-14,Shasta,089,179085,327,190,1,191,7
2020-07-14,Sierra,091,2930,1,1,0,1,0
2020-07-14,Siskiyou,093,43540,65,38,0,38,0
2020-07-14,Solano,095,438530,3184,2266,9,2275,25
2020-07-14,Sonoma,097,501317,2508,1866,6,1872,14
2020-07-14,Stanislaus,099,539301,7896,5631,10,5641,53
2020-07-14,Sutter,101,95872,524,405,0,405,2
2020-07-14,Tehama,103,63373,168,123,2,125,1
2020-07-14,Trinity,105,12862,21,2,5,7,0
2020-07-14,Tulare,107,460477,8281,6199,26,6225,156
2020-07-14,Tuolumne,109,53932,105,68,3,71,0
2020-07-14,Ventura,111,848112,6715,4950,25,4975,50
2020-07-14,Yolo,113,214977,1330,966,3,969,27
2020-07-14,Yuba,115,75493,261,210,0,210,1
2020-07-13,Alameda,001,1643700,10024,8115,11,8126,148
2020-07-13,Alpine,003,1148,2,1,0,1,0
2020-07-13,Amador,005,37829,65,42,0,42,0
2020-07-13,Butte,007,227075,675,354,12,366,4
2020-07-13,Calaveras,009,45235,87,63,0,63,0
2020-07-13,Colusa,011,21464,242,116,0,116,0
2020-07-13,Contra Costa,013,1133247,6756,4882,13,4895,88
2020-07-13,Del Norte,015,27424,74,59,0,59,0
2020-07-13,El Dorado,017,186661,535,298,5,303,0
2020-07-13,Fresno,019,978130,15368,8666,117,8783,95
2020-07-13,Glenn,021,27897,261,168,0,168,0
2020-07-13,Humboldt,023,135768,205,174,1,175,4
2020-07-13,Imperial,025,180216,9322,7052,5,7057,109
2020-07-13,Inyo,027,18085,41,35,1,36,1
2020-07-13,Kern,029,883053,16954,6808,51,6859,107
2020-07-13,Kings,031,150075,3511,2824,18,2842,37
2020-07-13,Lake,033,64148,166,118,0,118,1
2020-07-13,Lassen,035,31185,498,237,2,239,0
2020-07-13,Los Angeles,037,10098052,158072,136368,214,136582,3829
2020-07-13,Madera,039,155013,1749,1059,3,1062,4
2020-07-13,Marin,041,260295,4378,3402,5,3407,21
2020-07-13,Mariposa,043,17540,40,31,0,31,1
2020-07-13,Mendocino,045,87422,180,87,0,87,0
2020-07-13,Merced,047,269075,3366,2007,2,2009,12
2020-07-13,Modoc,049,8938,1,0,0,0,0
2020-07-13,Mono,051,14174,81,47,0,47,1
2020-07-13,Monterey,053,433212,3560,2613,9,2622,18
2020-07-13,Napa,055,140530,739,534,0,534,4
2020-07-13,Nevada,057,99092,243,172,6,178,1
2020-07-13,Orange,059,3164182,34307,25978,392,26370,423
2020-07-13,Placer,061,380077,1548,1096,3,1099,11
2020-07-13,Plumas,063,18699,22,14,0,14,0
2020-07-13,Riverside,065,2383286,34150,27136,32,27168,545
2020-07-13,Sacramento,067,1510023,8035,5747,9,5756,85
2020-07-13,San Benito,069,59416,471,343,0,343,2
2020-07-13,San Bernardino,071,2135413,29296,19610,40,19650,313
2020-07-13,San Diego,073,3302833,25342,20348,2,20350,422
2020-07-13,San Francisco,075,870044,5431,4534,3,4537,50
2020-07-13,San Joaquin,077,732212,9566,6927,4,6931,71
2020-07-13,San Luis Obispo,079,281455,1496,989,7,996,5
2020-07-13,San Mateo,081,765935,4890,4057,7,4064,108
2020-07-13,Santa Barbara,083,443738,5335,4441,43,4484,28
2020-07-13,Santa Clara,085,1922200,8829,6488,20,6508,164
2020-07-13,Santa Cruz,087,273765,817,574,6,580,3
2020-07-13,Shasta,089,179085,316,185,1,186,6
2020-07-13,Sierra,091,2930,1,1,0,1,0
2020-07-13,Siskiyou,093,43540,61,37,0,37,0
2020-07-13,Solano,095,438530,3072,2046,9,2055,23
2020-07-13,Sonoma,097,501317,2397,1818,6,1824,14
2020-07-13,Stanislaus,099,539301,7593,5324,9,5333,53
2020-07-13,Sutter,101,95872,486,379,0,379,2
2020-07-13,Tehama,103,63373,155,112,2,114,1
2020-07-13,Trinity,105,12862,21,2,5,7,0
2020-07-13,Tulare,107,460477,8020,5930,24,5954,147
2020-07-13,Tuolumne,109,53932,97,56,3,59,0
2020-07-13,Ventura,111,848112,6525,4800,22,4822,50
2020-07-13,Yolo,113,214977,1284,941,3,944,27
2020-07-13,Yuba,115,75493,246,194,0,194,1
2020-07-12,Alameda,001,1643700,9754,8056,11,8067,148
2020-07-12,Alpine,003,1148,2,1,0,1,0
2020-07-12,Amador,005,37829,55,40,0,40,0
2020-07-12,Butte,007,227075,625,341,11,352,4
2020-07-12,Calaveras,009,45235,87,62,0,62,0
2020-07-12,Colusa,011,21464,208,116,0,116,0
2020-07-12,Contra Costa,013,1133247,6489,4708,11,4719,88
2020-07-12,Del Norte,015,27424,63,59,0,59,0
2020-07-12,El Dorado,017,186661,513,290,5,295,0
2020-07-12,Fresno,019,978130,14943,8407,112,8519,95
2020-07-12,Glenn,021,27897,248,166,0,166,0
2020-07-12,Humboldt,023,135768,201,174,1,175,4
2020-07-12,Imperial,025,180216,9208,6999,5,7004,109
2020-07-12,Inyo,027,18085,39,35,1,36,1
2020-07-12,Kern,029,883053,16211,6662,48,6710,105
2020-07-12,Kings,031,150075,3449,2779,18,2797,34
2020-07-12,Lake,033,64148,157,114,0,114,1
2020-07-12,Lassen,035,31185,491,237,2,239,0
2020-07-12,Los Angeles,037,10098052,154648,133830,185,134015,3816
2020-07-12,Madera,039,155013,1694,1025,3,1028,4
2020-07-12,Marin,041,260295,4302,3358,5,3363,21
2020-07-12,Mariposa,043,17540,39,31,0,31,1
2020-07-12,Mendocino,045,87422,161,88,0,88,0
2020-07-12,Merced,047,269075,3236,1908,2,1910,12
2020-07-12,Modoc,049,8938,1,0,0,0,0
2020-07-12,Mono,051,14174,71,45,0,45,1
2020-07-12,Monterey,053,433212,3445,2521,9,2530,18
2020-07-12,Napa,055,140530,707,519,0,519,4
2020-07-12,Nevada,057,99092,233,166,6,172,1
2020-07-12,Orange,059,3164182,33432,25399,383,25782,422
2020-07-12,Placer,061,380077,1491,1058,3,1061,11
2020-07-12,Plumas,063,18699,21,14,0,14,0
2020-07-12,Riverside,065,2383286,33392,26404,31,26435,542
2020-07-12,Sacramento,067,1510023,7723,5515,7,5522,85
2020-07-12,San Benito,069,59416,456,324,0,324,2
2020-07-12,San Bernardino,071,2135413,28385,19042,36,19078,312
2020-07-12,San Diego,073,3302833,24712,19929,2,19931,422
2020-07-12,San Francisco,075,870044,5281,4535,3,4538,50
2020-07-12,San Joaquin,077,732212,9203,6703,4,6707,71
2020-07-12,San Luis Obispo,079,281455,1449,972,7,979,5
2020-07-12,San Mateo,081,765935,4772,3988,7,3995,108
2020-07-12,Santa Barbara,083,443738,5205,4353,42,4395,28
2020-07-12,Santa Clara,085,1922200,8591,6252,19,6271,164
2020-07-12,Santa Cruz,087,273765,775,573,5,578,3
2020-07-12,Shasta,089,179085,310,173,1,174,6
2020-07-12,Sierra,091,2930,1,1,0,1,0
2020-07-12,Siskiyou,093,43540,59,36,0,36,0
2020-07-12,Solano,095,438530,2947,2037,9,2046,23
2020-07-12,Sonoma,097,501317,2303,1743,6,1749,13
2020-07-12,Stanislaus,099,539301,7289,5177,9,5186,53
2020-07-12,Sutter,101,95872,468,362,0,362,2
2020-07-12,Tehama,103,63373,148,111,2,113,1
2020-07-12,Trinity,105,12862,21,2,5,7,0
2020-07-12,Tulare,107,460477,7765,5864,23,5887,146
2020-07-12,Tuolumne,109,53932,90,52,3,55,0
2020-07-12,Ventura,111,848112,6309,4724,21,4745,50
2020-07-12,Yolo,113,214977,1243,889,3,892,27
2020-07-12,Yuba,115,75493,235,188,0,188,1
2020-07-11,Alameda,001,1643700,9652,7845,11,7856,148
2020-07-11,Alpine,003,1148,2,1,0,1,0
2020-07-11,Amador,005,37829,51,37,0,37,0
2020-07-11,Butte,007,227075,609,325,11,336,4
2020-07-11,Calaveras,009,45235,84,62,0,62,0
2020-07-11,Colusa,011,21464,203,110,0,110,0
2020-07-11,Contra Costa,013,1133247,6374,4650,11,4661,87
2020-07-11,Del Norte,015,27424,63,59,0,59,0
2020-07-11,El Dorado,017,186661,502,283,5,288,0
2020-07-11,Fresno,019,978130,14682,8086,109,8195,95
2020-07-11,Glenn,021,27897,240,161,0,161,0
2020-07-11,Humboldt,023,135768,200,174,1,175,4
2020-07-11,Imperial,025,180216,9169,6884,5,6889,109
2020-07-11,Inyo,027,18085,39,35,1,36,1
2020-07-11,Kern,029,883053,15854,6509,47,6556,103
2020-07-11,Kings,031,150075,3422,2753,18,2771,33
2020-07-11,Lake,033,64148,156,110,0,110,1
2020-07-11,Lassen,035,31185,490,237,2,239,0
2020-07-11,Los Angeles,037,10098052,152929,130479,175,130654,3802
2020-07-11,Madera,039,155013,1653,988,3,991,4
2020-07-11,Marin,041,260295,4274,3191,5,3196,21
2020-07-11,Mariposa,043,17540,39,31,0,31,1
2020-07-11,Mendocino,045,87422,157,88,0,88,0
2020-07-11,Merced,047,269075,3155,1851,2,1853,12
2020-07-11,Modoc,049,8938,1,0,0,0,0
2020-07-11,Mono,051,14174,68,45,0,45,1
2020-07-11,Monterey,053,433212,3356,2376,8,2384,18
2020-07-11,Napa,055,140530,695,509,0,509,4
2020-07-11,Nevada,057,99092,224,163,5,168,1
2020-07-11,Orange,059,3164182,33055,24430,369,24799,422
2020-07-11,Placer,061,380077,1457,1029,3,1032,11
2020-07-11,Plumas,063,18699,21,12,0,12,0
2020-07-11,Riverside,065,2383286,33001,25994,31,26025,538
2020-07-11,Sacramento,067,1510023,7549,5367,7,5374,84
2020-07-11,San Benito,069,59416,441,314,0,314,2
2020-07-11,San Bernardino,071,2135413,27948,18907,34,18941,310
2020-07-11,San Diego,073,3302833,24320,19371,2,19373,422
2020-07-11,San Francisco,075,870044,5185,4430,2,4432,50
2020-07-11,San Joaquin,077,732212,9025,6518,4,6522,72
2020-07-11,San Luis Obispo,079,281455,1401,930,7,937,4
2020-07-11,San Mateo,081,765935,4704,3956,7,3963,108
2020-07-11,Santa Barbara,083,443738,5136,4283,41,4324,28
2020-07-11,Santa Clara,085,1922200,8431,5959,19,5978,164
2020-07-11,Santa Cruz,087,273765,744,571,5,576,3
2020-07-11,Shasta,089,179085,303,168,1,169,6
2020-07-11,Sierra,091,2930,1,1,0,1,0
2020-07-11,Siskiyou,093,43540,59,36,0,36,0
2020-07-11,Solano,095,438530,2906,2034,9,2043,23
2020-07-11,Sonoma,097,501317,2265,1690,6,1696,13
2020-07-11,Stanislaus,099,539301,7149,4911,9,4920,51
2020-07-11,Sutter,101,95872,452,352,0,352,2
2020-07-11,Tehama,103,63373,146,111,2,113,1
2020-07-11,Trinity,105,12862,21,2,5,7,0
2020-07-11,Tulare,107,460477,7659,5780,23,5803,149
2020-07-11,Tuolumne,109,53932,87,50,3,53,0
2020-07-11,Ventura,111,848112,6213,4545,20,4565,49
2020-07-11,Yolo,113,214977,1214,833,3,836,27
2020-07-11,Yuba,115,75493,225,175,0,175,1
2020-07-10,Alameda,001,1643700,9495,7551,11,7562,147
2020-07-10,Alpine,003,1148,2,1,0,1,0
2020-07-10,Amador,005,37829,47,37,0,37,0
2020-07-10,Butte,007,227075,598,318,11,329,4
2020-07-10,Calaveras,009,45235,84,61,0,61,0
2020-07-10,Colusa,011,21464,197,103,0,103,0
2020-07-10,Contra Costa,013,1133247,6235,4482,11,4493,86
2020-07-10,Del Norte,015,27424,63,57,0,57,0
2020-07-10,El Dorado,017,186661,484,266,5,271,0
2020-07-10,Fresno,019,978130,14350,7760,106,7866,93
2020-07-10,Glenn,021,27897,235,157,0,157,0
2020-07-10,Humboldt,023,135768,199,168,1,169,4
2020-07-10,Imperial,025,180216,9124,6878,4,6882,98
2020-07-10,Inyo,027,18085,39,35,1,36,1
2020-07-10,Kern,029,883053,15422,6344,46,6390,102
2020-07-10,Kings,031,150075,3386,2707,18,2725,33
2020-07-10,Lake,033,64148,149,104,0,104,1
2020-07-10,Lassen,035,31185,489,235,2,237,0
2020-07-10,Los Angeles,037,10098052,150508,127503,169,127672,3750
2020-07-10,Madera,039,155013,1607,914,3,917,4
2020-07-10,Marin,041,260295,4211,3101,5,3106,21
2020-07-10,Mariposa,043,17540,38,31,0,31,1
2020-07-10,Mendocino,045,87422,149,88,0,88,0
2020-07-10,Merced,047,269075,3076,1802,2,1804,12
2020-07-10,Modoc,049,8938,1,0,0,0,0
2020-07-10,Mono,051,14174,67,45,0,45,1
2020-07-10,Monterey,053,433212,3278,2285,8,2293,18
2020-07-10,Napa,055,140530,684,496,0,496,4
2020-07-10,Nevada,057,99092,219,161,5,166,1
2020-07-10,Orange,059,3164182,32467,23692,366,24058,416
2020-07-10,Placer,061,380077,1415,1002,3,1005,11
2020-07-10,Plumas,063,18699,19,12,0,12,0
2020-07-10,Riverside,065,2383286,32483,25481,31,25512,533
2020-07-10,Sacramento,067,1510023,7294,5181,7,5188,81
2020-07-10,San Benito,069,59416,432,302,0,302,2
2020-07-10,San Bernardino,071,2135413,27424,18242,31,18273,308
2020-07-10,San Diego,073,3302833,23936,18862,2,18864,420
2020-07-10,San Francisco,075,870044,5094,4305,2,4307,50
2020-07-10,San Joaquin,077,732212,8792,6225,4,6229,67
2020-07-10,San Luis Obispo,079,281455,1363,891,7,898,4
2020-07-10,San Mateo,081,765935,4639,3844,7,3851,107
2020-07-10,Santa Barbara,083,443738,5039,4177,40,4217,28
2020-07-10,Santa Clara,085,1922200,8207,5819,19,5838,164
2020-07-10,Santa Cruz,087,273765,716,540,5,545,3
2020-07-10,Shasta,089,179085,299,158,1,159,6
2020-07-10,Sierra,091,2930,1,1,0,1,0
2020-07-10,Siskiyou,093,43540,59,31,0,31,0
2020-07-10,Solano,095,438530,2859,1950,9,1959,23
2020-07-10,Sonoma,097,501317,2218,1606,5,1611,13
2020-07-10,Stanislaus,099,539301,6979,4781,9,4790,46
2020-07-10,Sutter,101,95872,445,338,0,338,2
2020-07-10,Tehama,103,63373,145,107,2,109,1
2020-07-10,Trinity,105,12862,21,2,5,7,0
2020-07-10,Tulare,107,460477,7522,5677,23,5700,150
2020-07-10,Tuolumne,109,53932,86,49,3,52,0
2020-07-10,Ventura,111,848112,6099,4416,20,4436,48
2020-07-10,Yolo,113,214977,1190,794,3,797,27
2020-07-10,Yuba,115,75493,211,164,0,164,1
2020-07-09,Alameda,001,1643700,9265,7433,11,7444,146
2020-07-09,Alpine,003,1148,2,1,0,1,0
2020-07-09,Amador,005,37829,44,36,0,36,0
2020-07-09,Butte,007,227075,566,295,11,306,4
2020-07-09,Calaveras,009,45235,83,59,0,59,0
2020-07-09,Colusa,011,21464,189,97,0,97,0
2020-07-09,Contra Costa,013,1133247,5994,4388,11,4399,86
2020-07-09,Del Norte,015,27424,63,57,0,57,0
2020-07-09,El Dorado,017,186661,459,255,4,259,0
2020-07-09,Fresno,019,978130,13896,7385,103,7488,90
2020-07-09,Glenn,021,27897,225,150,0,150,0
2020-07-09,Humboldt,023,135768,196,166,1,167,4
2020-07-09,Imperial,025,180216,9026,6778,4,6782,87
2020-07-09,Inyo,027,18085,37,35,1,36,1
2020-07-09,Kern,029,883053,14776,6100,44,6144,95
2020-07-09,Kings,031,150075,3322,2686,18,2704,33
2020-07-09,Lake,033,64148,146,99,0,99,1
2020-07-09,Lassen,035,31185,433,221,2,223,0
2020-07-09,Los Angeles,037,10098052,147249,125062,146,125208,3698
2020-07-09,Madera,039,155013,1530,850,3,853,4
2020-07-09,Marin,041,260295,4061,2975,4,2979,20
2020-07-09,Mariposa,043,17540,38,32,0,32,1
2020-07-09,Mendocino,045,87422,145,88,0,88,0
2020-07-09,Merced,047,269075,2942,1728,2,1730,11
2020-07-09,Modoc,049,8938,1,0,0,0,0
2020-07-09,Mono,051,14174,63,45,0,45,1
2020-07-09,Monterey,053,433212,3153,2223,8,2231,17
2020-07-09,Napa,055,140530,667,468,0,468,4
2020-07-09,Nevada,057,99092,213,156,5,161,1
2020-07-09,Orange,059,3164182,31496,22960,348,23308,407
2020-07-09,Placer,061,380077,1373,982,3,985,11
2020-07-09,Plumas,063,18699,19,12,0,12,0
2020-07-09,Riverside,065,2383286,31590,24980,30,25010,529
2020-07-09,Sacramento,067,1510023,6967,4950,7,4957,81
2020-07-09,San Benito,069,59416,416,295,0,295,2
2020-07-09,San Bernardino,071,2135413,26554,17339,25,17364,307
2020-07-09,San Diego,073,3302833,23344,18404,2,18406,415
2020-07-09,San Francisco,075,870044,4962,4143,2,4145,50
2020-07-09,San Joaquin,077,732212,8433,6004,4,6008,66
2020-07-09,San Luis Obispo,079,281455,1323,869,7,876,3
2020-07-09,San Mateo,081,765935,4513,3792,7,3799,106
2020-07-09,Santa Barbara,083,443738,4907,4068,40,4108,28
2020-07-09,Santa Clara,085,1922200,7946,5638,19,5657,164
2020-07-09,Santa Cruz,087,273765,689,526,5,531,3
2020-07-09,Shasta,089,179085,293,155,1,156,5
2020-07-09,Sierra,091,2930,1,1,0,1,0
2020-07-09,Siskiyou,093,43540,55,31,0,31,0
2020-07-09,Solano,095,438530,2761,1892,9,1901,23
2020-07-09,Sonoma,097,501317,2132,1584,5,1589,13
2020-07-09,Stanislaus,099,539301,6664,4633,8,4641,46
2020-07-09,Sutter,101,95872,428,321,0,321,2
2020-07-09,Tehama,103,63373,140,102,2,104,1
2020-07-09,Trinity,105,12862,21,2,5,7,0
2020-07-09,Tulare,107,460477,7303,5501,22,5523,146
2020-07-09,Tuolumne,109,53932,85,47,3,50,0
2020-07-09,Ventura,111,848112,5931,4278,20,4298,47
2020-07-09,Yolo,113,214977,1142,764,3,767,27
2020-07-09,Yuba,115,75493,194,152,0,152,1
2020-07-08,Alameda,001,1643700,8975,7335,11,7346,142
2020-07-08,Alpine,003,1148,2,1,0,1,0
2020-07-08,Amador,005,37829,41,35,0,35,0
2020-07-08,Butte,007,227075,529,281,11,292,3
2020-07-08,Calaveras,009,45235,78,58,0,58,0
2020-07-08,Colusa,011,21464,176,90,0,90,0
2020-07-08,Contra Costa,013,1133247,5748,4268,9,4277,84
2020-07-08,Del Norte,015,27424,61,57,0,57,0
2020-07-08,El Dorado,017,186661,437,248,4,252,0
2020-07-08,Fresno,019,978130,13480,7102,95,7197,86
2020-07-08,Glenn,021,27897,214,146,0,146,0
2020-07-08,Humboldt,023,135768,193,162,1,163,4
2020-07-08,Imperial,025,180216,8939,6727,4,6731,76
2020-07-08,Inyo,027,18085,37,35,1,36,1
2020-07-08,Kern,029,883053,14198,5873,42,5915,91
2020-07-08,Kings,031,150075,3263,2629,15,2644,33
2020-07-08,Lake,033,64148,139,97,0,97,1
2020-07-08,Lassen,035,31185,337,221,2,223,0
2020-07-08,Los Angeles,037,10098052,144044,123462,119,123581,3650
2020-07-08,Madera,039,155013,1460,828,3,831,4
2020-07-08,Marin,041,260295,3962,2756,4,2760,17
2020-07-08,Mariposa,043,17540,38,31,0,31,1
2020-07-08,Mendocino,045,87422,132,84,0,84,0
2020-07-08,Merced,047,269075,2821,1578,2,1580,11
2020-07-08,Modoc,049,8938,1,0,0,0,0
2020-07-08,Mono,051,14174,60,45,0,45,1
2020-07-08,Monterey,053,433212,3035,2182,7,2189,17
2020-07-08,Napa,055,140530,645,468,0,468,4
2020-07-08,Nevada,057,99092,204,156,5,161,1
2020-07-08,Orange,059,3164182,30544,22088,343,22431,378
2020-07-08,Placer,061,380077,1326,948,3,951,11
2020-07-08,Plumas,063,18699,19,12,0,12,0
2020-07-08,Riverside,065,2383286,30626,24042,29,24071,508
2020-07-08,Sacramento,067,1510023,6678,4799,7,4806,80
2020-07-08,San Benito,069,59416,399,282,0,282,2
2020-07-08,San Bernardino,071,2135413,25700,16510,21,16531,296
2020-07-08,San Diego,073,3302833,22774,17844,2,17846,406
2020-07-08,San Francisco,075,870044,4873,4093,2,4095,50
2020-07-08,San Joaquin,077,732212,8090,5759,4,5763,61
2020-07-08,San Luis Obispo,079,281455,1271,825,7,832,2
2020-07-08,San Mateo,081,765935,4393,3733,7,3740,106
2020-07-08,Santa Barbara,083,443738,4788,3985,40,4025,28
2020-07-08,Santa Clara,085,1922200,7712,5510,19,5529,164
2020-07-08,Santa Cruz,087,273765,656,509,4,513,3
2020-07-08,Shasta,089,179085,284,148,1,149,6
2020-07-08,Sierra,091,2930,1,1,0,1,0
2020-07-08,Siskiyou,093,43540,55,31,0,31,0
2020-07-08,Solano,095,438530,2645,1821,9,1830,23
2020-07-08,Sonoma,097,501317,2056,1495,5,1500,9
2020-07-08,Stanislaus,099,539301,6364,4344,8,4352,46
2020-07-08,Sutter,101,95872,403,298,0,298,2
2020-07-08,Tehama,103,63373,134,100,2,102,1
2020-07-08,Trinity,105,12862,20,2,5,7,0
2020-07-08,Tulare,107,460477,7111,5307,17,5324,138
2020-07-08,Tuolumne,109,53932,81,42,3,45,0
2020-07-08,Ventura,111,848112,5766,4139,20,4159,47
2020-07-08,Yolo,113,214977,1098,727,3,730,26
2020-07-08,Yuba,115,75493,181,145,0,145,1
2020-07-07,Alameda,001,1643700,8655,7097,10,7107,141
2020-07-07,Alpine,003,1148,2,1,0,1,0
2020-07-07,Amador,005,37829,41,33,0,33,0
2020-07-07,Butte,007,227075,486,269,11,280,3
2020-07-07,Calaveras,009,45235,76,58,0,58,0
2020-07-07,Colusa,011,21464,143,84,0,84,0
2020-07-07,Contra Costa,013,1133247,5510,4131,8,4139,84
2020-07-07,Del Norte,015,27424,61,57,0,57,0
2020-07-07,El Dorado,017,186661,417,244,4,248,0
2020-07-07,Fresno,019,978130,13027,6738,95,6833,84
2020-07-07,Glenn,021,27897,205,145,0,145,0
2020-07-07,Humboldt,023,135768,190,150,1,151,4
2020-07-07,Imperial,025,180216,8841,6678,4,6682,51
2020-07-07,Inyo,027,18085,36,32,1,33,1
2020-07-07,Kern,029,883053,13499,5645,38,5683,88
2020-07-07,Kings,031,150075,3200,2623,14,2637,33
2020-07-07,Lake,033,64148,129,94,0,94,1
2020-07-07,Lassen,035,31185,266,219,2,221,0
2020-07-07,Los Angeles,037,10098052,140465,121026,112,121138,3588
2020-07-07,Madera,039,155013,1416,794,3,797,4
2020-07-07,Marin,041,260295,3870,2627,4,2631,17
2020-07-07,Mariposa,043,17540,38,31,0,31,1
2020-07-07,Mendocino,045,87422,124,82,0,82,0
2020-07-07,Merced,047,269075,2647,1531,2,1533,10
2020-07-07,Modoc,049,8938,1,0,0,0,0
2020-07-07,Mono,051,14174,59,42,0,42,1
2020-07-07,Monterey,053,433212,2892,2166,7,2173,17
2020-07-07,Napa,055,140530,626,459,0,459,4
2020-07-07,Nevada,057,99092,198,150,5,155,1
2020-07-07,Orange,059,3164182,29533,21741,329,22070,373
2020-07-07,Placer,061,380077,1285,930,3,933,11
2020-07-07,Plumas,063,18699,17,12,0,12,0
2020-07-07,Riverside,065,2383286,29610,23279,29,23308,499
2020-07-07,Sacramento,067,1510023,6336,4592,7,4599,76
2020-07-07,San Benito,069,59416,381,274,0,274,2
2020-07-07,San Bernardino,071,2135413,24830,16004,19,16023,277
2020-07-07,San Diego,073,3302833,22055,17580,2,17582,399
2020-07-07,San Francisco,075,870044,4781,4045,1,4046,50
2020-07-07,San Joaquin,077,732212,7748,5547,4,5551,59
2020-07-07,San Luis Obispo,079,281455,1210,795,7,802,2
2020-07-07,San Mateo,081,765935,4278,3691,7,3698,106
2020-07-07,Santa Barbara,083,443738,4660,3866,39,3905,27
2020-07-07,Santa Clara,085,1922200,7443,5438,19,5457,164
2020-07-07,Santa Cruz,087,273765,622,502,3,505,2
2020-07-07,Shasta,089,179085,271,144,1,145,6
2020-07-07,Sierra,091,2930,1,1,0,1,0
2020-07-07,Siskiyou,093,43540,54,30,0,30,0
2020-07-07,Solano,095,438530,2534,1776,8,1784,22
2020-07-07,Sonoma,097,501317,1985,1473,5,1478,8
2020-07-07,Stanislaus,099,539301,6026,4101,8,4109,46
2020-07-07,Sutter,101,95872,377,273,0,273,2
2020-07-07,Tehama,103,63373,125,95,2,97,1
2020-07-07,Trinity,105,12862,20,2,5,7,0
2020-07-07,Tulare,107,460477,6931,5189,16,5205,137
2020-07-07,Tuolumne,109,53932,75,40,3,43,0
2020-07-07,Ventura,111,848112,5597,3992,18,4010,46
2020-07-07,Yolo,113,214977,1030,706,3,709,26
2020-07-07,Yuba,115,75493,161,138,0,138,1
2020-07-06,Alameda,001,1643700,8420,6970,10,6980,141
2020-07-06,Alpine,003,1148,1,1,0,1,0
2020-07-06,Amador,005,37829,39,33,0,33,0
2020-07-06,Butte,007,227075,430,257,11,268,2
2020-07-06,Calaveras,009,45235,73,45,0,45,0
2020-07-06,Colusa,011,21464,134,80,0,80,0
2020-07-06,Contra Costa,013,1133247,5282,3901,7,3908,83
2020-07-06,Del Norte,015,27424,60,57,0,57,0
2020-07-06,El Dorado,017,186661,402,232,3,235,0
2020-07-06,Fresno,019,978130,12559,6364,89,6453,82
2020-07-06,Glenn,021,27897,197,129,0,129,0
2020-07-06,Humboldt,023,135768,188,148,1,149,3
2020-07-06,Imperial,025,180216,8723,6443,4,6447,47
2020-07-06,Inyo,027,18085,36,32,1,33,1
2020-07-06,Kern,029,883053,12693,5491,38,5529,82
2020-07-06,Kings,031,150075,3149,2583,10,2593,33
2020-07-06,Lake,033,64148,122,93,0,93,1
2020-07-06,Lassen,035,31185,264,219,2,221,0
2020-07-06,Los Angeles,037,10098052,136865,116707,98,116805,3541
2020-07-06,Madera,039,155013,1346,734,3,737,4
2020-07-06,Marin,041,260295,3630,2136,4,2140,17
2020-07-06,Mariposa,043,17540,36,31,0,31,1
2020-07-06,Mendocino,045,87422,107,72,0,72,0
2020-07-06,Merced,047,269075,2496,1396,2,1398,10
2020-07-06,Modoc,049,8938,1,0,0,0,0
2020-07-06,Mono,051,14174,58,40,0,40,1
2020-07-06,Monterey,053,433212,2803,2078,7,2085,15
2020-07-06,Napa,055,140530,608,454,0,454,4
2020-07-06,Nevada,057,99092,192,146,5,151,1
2020-07-06,Orange,059,3164182,28469,20167,292,20459,372
2020-07-06,Placer,061,380077,1222,904,3,907,11
2020-07-06,Plumas,063,18699,17,11,0,11,0
2020-07-06,Riverside,065,2383286,28555,22485,28,22513,477
2020-07-06,Sacramento,067,1510023,5985,4420,7,4427,71
2020-07-06,San Benito,069,59416,366,264,0,264,2
2020-07-06,San Bernardino,071,2135413,23977,15346,16,15362,272
2020-07-06,San Diego,073,3302833,21323,17002,2,17004,387
2020-07-06,San Francisco,075,870044,4660,3861,1,3862,50
2020-07-06,San Joaquin,077,732212,7377,5104,4,5108,57
2020-07-06,San Luis Obispo,079,281455,1152,751,7,758,2
2020-07-06,San Mateo,081,765935,4186,3650,6,3656,106
2020-07-06,Santa Barbara,083,443738,4523,3763,38,3801,27
2020-07-06,Santa Clara,085,1922200,7171,5369,19,5388,165
2020-07-06,Santa Cruz,087,273765,600,466,2,468,2
2020-07-06,Shasta,089,179085,261,143,1,144,6
2020-07-06,Sierra,091,2930,1,1,0,1,0
2020-07-06,Siskiyou,093,43540,50,30,0,30,0
2020-07-06,Solano,095,438530,2398,1668,8,1676,22
2020-07-06,Sonoma,097,501317,1921,1369,5,1374,8
2020-07-06,Stanislaus,099,539301,5624,3983,8,3991,46
2020-07-06,Sutter,101,95872,350,250,0,250,2
2020-07-06,Tehama,103,63373,122,95,2,97,1
2020-07-06,Trinity,105,12862,19,2,5,7,0
2020-07-06,Tulare,107,460477,6726,5039,14,5053,136
2020-07-06,Tuolumne,109,53932,72,30,3,33,0
2020-07-06,Ventura,111,848112,5404,3912,18,3930,44
2020-07-06,Yolo,113,214977,974,685,3,688,26
2020-07-06,Yuba,115,75493,147,124,0,124,1
2020-07-05,Alameda,001,1643700,8170,6861,10,6871,141
2020-07-05,Alpine,003,1148,1,1,0,1,0
2020-07-05,Amador,005,37829,37,31,0,31,0
2020-07-05,Butte,007,227075,395,248,11,259,2
2020-07-05,Calaveras,009,45235,69,45,0,45,0
2020-07-05,Colusa,011,21464,124,79,0,79,0
2020-07-05,Contra Costa,013,1133247,5035,3665,6,3671,80
2020-07-05,Del Norte,015,27424,60,57,0,57,0
2020-07-05,El Dorado,017,186661,384,227,3,230,0
2020-07-05,Fresno,019,978130,11992,6186,88,6274,82
2020-07-05,Glenn,021,27897,194,129,0,129,0
2020-07-05,Humboldt,023,135768,184,147,1,148,3
2020-07-05,Imperial,025,180216,8587,6441,4,6445,47
2020-07-05,Inyo,027,18085,35,32,1,33,1
2020-07-05,Kern,029,883053,11985,5351,38,5389,82
2020-07-05,Kings,031,150075,3066,2546,9,2555,31
2020-07-05,Lake,033,64148,122,92,0,92,1
2020-07-05,Lassen,035,31185,258,219,2,221,0
2020-07-05,Los Angeles,037,10098052,133634,115133,92,115225,3495
2020-07-05,Madera,039,155013,1269,564,3,567,4
2020-07-05,Marin,041,260295,3448,2080,4,2084,17
2020-07-05,Mariposa,043,17540,36,31,0,31,1
2020-07-05,Mendocino,045,87422,104,72,0,72,0
2020-07-05,Merced,047,269075,2351,1340,2,1342,10
2020-07-05,Modoc,049,8938,1,0,0,0,0
2020-07-05,Mono,051,14174,54,39,0,39,1
2020-07-05,Monterey,053,433212,2700,1994,7,2001,15
2020-07-05,Napa,055,140530,578,450,0,450,4
2020-07-05,Nevada,057,99092,186,141,5,146,1
2020-07-05,Orange,059,3164182,27528,19430,279,19709,372
2020-07-05,Placer,061,380077,1165,855,3,858,11
2020-07-05,Plumas,063,18699,16,11,0,11,0
2020-07-05,Riverside,065,2383286,27699,21511,28,21539,474
2020-07-05,Sacramento,067,1510023,5670,4265,6,4271,71
2020-07-05,San Benito,069,59416,348,258,0,258,2
2020-07-05,San Bernardino,071,2135413,23099,15026,16,15042,270
2020-07-05,San Diego,073,3302833,20632,16728,2,16730,387
2020-07-05,San Francisco,075,870044,4543,3861,1,3862,50
2020-07-05,San Joaquin,077,732212,7058,5015,4,5019,57
2020-07-05,San Luis Obispo,079,281455,1073,730,7,737,2
2020-07-05,San Mateo,081,765935,4076,3575,6,3581,106
2020-07-05,Santa Barbara,083,443738,4376,3671,35,3706,27
2020-07-05,Santa Clara,085,1922200,6875,5237,19,5256,162
2020-07-05,Santa Cruz,087,273765,582,467,0,467,2
2020-07-05,Shasta,089,179085,255,138,1,139,6
2020-07-05,Sierra,091,2930,1,1,0,1,0
2020-07-05,Siskiyou,093,43540,46,30,0,30,0
2020-07-05,Solano,095,438530,2277,1547,8,1555,22
2020-07-05,Sonoma,097,501317,1840,1369,5,1374,8
2020-07-05,Stanislaus,099,539301,5294,3777,7,3784,45
2020-07-05,Sutter,101,95872,322,241,0,241,2
2020-07-05,Tehama,103,63373,120,95,2,97,1
2020-07-05,Trinity,105,12862,19,2,5,7,0
2020-07-05,Tulare,107,460477,6467,4981,12,4993,135
2020-07-05,Tuolumne,109,53932,67,30,3,33,0
2020-07-05,Ventura,111,848112,5201,3866,18,3884,44
2020-07-05,Yolo,113,214977,934,644,3,647,26
2020-07-05,Yuba,115,75493,137,115,0,115,1
2020-07-04,Alameda,001,1643700,8058,6737,10,6747,141
2020-07-04,Alpine,003,1148,1,1,0,1,0
2020-07-04,Amador,005,37829,36,31,0,31,0
2020-07-04,Butte,007,227075,377,224,11,235,2
2020-07-04,Calaveras,009,45235,69,45,0,45,0
2020-07-04,Colusa,011,21464,123,76,0,76,0
2020-07-04,Contra Costa,013,1133247,4889,3583,6,3589,80
2020-07-04,Del Norte,015,27424,60,50,0,50,0
2020-07-04,El Dorado,017,186661,365,211,3,214,0
2020-07-04,Fresno,019,978130,11675,5999,86,6085,82
2020-07-04,Glenn,021,27897,187,128,0,128,0
2020-07-04,Humboldt,023,135768,177,144,1,145,3
2020-07-04,Imperial,025,180216,8538,6441,4,6445,47
2020-07-04,Inyo,027,18085,35,32,1,33,1
2020-07-04,Kern,029,883053,11681,5231,38,5269,81
2020-07-04,Kings,031,150075,3023,2509,9,2518,31
2020-07-04,Lake,033,64148,115,86,0,86,1
2020-07-04,Lassen,035,31185,258,219,2,221,0
2020-07-04,Los Angeles,037,10098052,131818,107256,81,107337,3462
2020-07-04,Madera,039,155013,1223,568,3,571,4
2020-07-04,Marin,041,260295,3419,1962,4,1966,17
2020-07-04,Mariposa,043,17540,36,28,0,28,1
2020-07-04,Mendocino,045,87422,104,72,0,72,0
2020-07-04,Merced,047,269075,2249,1252,2,1254,10
2020-07-04,Modoc,049,8938,1,0,0,0,0
2020-07-04,Mono,051,14174,54,37,0,37,1
2020-07-04,Monterey,053,433212,2620,1878,7,1885,15
2020-07-04,Napa,055,140530,569,426,0,426,4
2020-07-04,Nevada,057,99092,183,125,5,130,1
2020-07-04,Orange,059,3164182,27093,19247,266,19513,372
2020-07-04,Placer,061,380077,1130,796,3,799,11
2020-07-04,Plumas,063,18699,16,11,0,11,0
2020-07-04,Riverside,065,2383286,27333,21508,28,21536,474
2020-07-04,Sacramento,067,1510023,5499,4039,6,4045,71
2020-07-04,San Benito,069,59416,335,255,0,255,2
2020-07-04,San Bernardino,071,2135413,22673,14636,14,14650,270
2020-07-04,San Diego,073,3302833,20172,16166,2,16168,387
2020-07-04,San Francisco,075,870044,4451,3861,1,3862,50
2020-07-04,San Joaquin,077,732212,6846,4807,4,4811,57
2020-07-04,San Luis Obispo,079,281455,1033,699,7,706,2
2020-07-04,San Mateo,081,765935,4013,3532,6,3538,106
2020-07-04,Santa Barbara,083,443738,4301,3520,33,3553,27
2020-07-04,Santa Clara,085,1922200,6684,5045,18,5063,161
2020-07-04,Santa Cruz,087,273765,572,466,0,466,2
2020-07-04,Shasta,089,179085,252,135,1,136,6
2020-07-04,Sierra,091,2930,1,1,0,1,0
2020-07-04,Siskiyou,093,43540,39,30,0,30,0
2020-07-04,Solano,095,438530,2241,1548,8,1556,22
2020-07-04,Sonoma,097,501317,1814,1370,5,1375,8
2020-07-04,Stanislaus,099,539301,5136,3572,7,3579,44
2020-07-04,Sutter,101,95872,303,225,0,225,2
2020-07-04,Tehama,103,63373,117,92,2,94,1
2020-07-04,Trinity,105,12862,19,2,5,7,0
2020-07-04,Tulare,107,460477,6355,4802,12,4814,135
2020-07-04,Tuolumne,109,53932,63,30,3,33,0
2020-07-04,Ventura,111,848112,5077,3687,18,3705,44
2020-07-04,Yolo,113,214977,909,615,3,618,26
2020-07-04,Yuba,115,75493,130,102,0,102,1
2020-07-03,Alameda,001,1643700,7937,6486,10,6496,141
2020-07-03,Alpine,003,1148,1,1,0,1,0
2020-07-03,Amador,005,37829,36,25,0,25,0
2020-07-03,Butte,007,227075,365,212,11,223,2
2020-07-03,Calaveras,009,45235,69,44,0,44,0
2020-07-03,Colusa,011,21464,117,70,0,70,0
2020-07-03,Contra Costa,013,1133247,4753,3447,6,3453,78
2020-07-03,Del Norte,015,27424,60,50,0,50,0
2020-07-03,El Dorado,017,186661,353,201,3,204,0
2020-07-03,Fresno,019,978130,11370,5783,84,5867,81
2020-07-03,Glenn,021,27897,182,122,0,122,0
2020-07-03,Humboldt,023,135768,173,143,1,144,3
2020-07-03,Imperial,025,180216,8490,6345,4,6349,47
2020-07-03,Inyo,027,18085,35,32,1,33,1
2020-07-03,Kern,029,883053,11420,5213,38,5251,81
2020-07-03,Kings,031,150075,2987,2492,9,2501,31
2020-07-03,Lake,033,64148,108,83,0,83,0
2020-07-03,Lassen,035,31185,258,219,2,221,0
2020-07-03,Los Angeles,037,10098052,130305,107236,77,107313,3461
2020-07-03,Madera,039,155013,1178,565,3,568,4
2020-07-03,Marin,041,260295,3390,1776,4,1780,17
2020-07-03,Mariposa,043,17540,36,28,0,28,1
2020-07-03,Mendocino,045,87422,103,72,0,72,0
2020-07-03,Merced,047,269075,2183,1188,2,1190,10
2020-07-03,Modoc,049,8938,1,0,0,0,0
2020-07-03,Mono,051,14174,54,37,0,37,1
2020-07-03,Monterey,053,433212,2550,1804,7,1811,15
2020-07-03,Napa,055,140530,551,388,0,388,4
2020-07-03,Nevada,057,99092,182,125,5,130,1
2020-07-03,Orange,059,3164182,26702,18819,258,19077,366
2020-07-03,Placer,061,380077,1103,745,3,748,11
2020-07-03,Plumas,063,18699,16,11,0,11,0
2020-07-03,Riverside,065,2383286,27027,21171,28,21199,472
2020-07-03,Sacramento,067,1510023,5365,3711,6,3717,71
2020-07-03,San Benito,069,59416,328,243,0,243,2
2020-07-03,San Bernardino,071,2135413,22285,14040,14,14054,269
2020-07-03,San Diego,073,3302833,19717,15698,2,15700,387
2020-07-03,San Francisco,075,870044,4405,3781,1,3782,50
2020-07-03,San Joaquin,077,732212,6708,4416,3,4419,56
2020-07-03,San Luis Obispo,079,281455,998,676,7,683,2
2020-07-03,San Mateo,081,765935,3956,3439,6,3445,106
2020-07-03,Santa Barbara,083,443738,4214,3406,32,3438,27
2020-07-03,Santa Clara,085,1922200,6572,4820,18,4838,161
2020-07-03,Santa Cruz,087,273765,558,436,0,436,2
2020-07-03,Shasta,089,179085,244,113,1,114,6
2020-07-03,Sierra,091,2930,1,1,0,1,0
2020-07-03,Siskiyou,093,43540,36,30,0,30,0
2020-07-03,Solano,095,438530,2197,1496,7,1503,22
2020-07-03,Sonoma,097,501317,1766,1282,5,1287,8
2020-07-03,Stanislaus,099,539301,5012,3021,7,3028,43
2020-07-03,Sutter,101,95872,293,205,0,205,2
2020-07-03,Tehama,103,63373,115,89,2,91,1
2020-07-03,Trinity,105,12862,19,2,5,7,0
2020-07-03,Tulare,107,460477,6240,4656,12,4668,134
2020-07-03,Tuolumne,109,53932,61,27,3,30,0
2020-07-03,Ventura,111,848112,4981,3536,18,3554,44
2020-07-03,Yolo,113,214977,875,586,3,589,25
2020-07-03,Yuba,115,75493,125,96,0,96,1
2020-07-02,Alameda,001,1643700,7811,6386,10,6396,139
2020-07-02,Alpine,003,1148,1,1,0,1,0
2020-07-02,Amador,005,37829,35,23,0,23,0
2020-07-02,Butte,007,227075,348,199,11,210,2
2020-07-02,Calaveras,009,45235,65,42,0,42,0
2020-07-02,Colusa,011,21464,109,60,0,60,0
2020-07-02,Contra Costa,013,1133247,4571,3347,6,3353,77
2020-07-02,Del Norte,015,27424,59,50,0,50,0
2020-07-02,El Dorado,017,186661,342,193,3,196,0
2020-07-02,Fresno,019,978130,10910,5402,83,5485,78
2020-07-02,Glenn,021,27897,176,114,0,114,0
2020-07-02,Humboldt,023,135768,169,138,1,139,3
2020-07-02,Imperial,025,180216,8389,6236,4,6240,47
2020-07-02,Inyo,027,18085,35,29,1,30,1
2020-07-02,Kern,029,883053,10885,5036,36,5072,78
2020-07-02,Kings,031,150075,2936,2419,9,2428,31
2020-07-02,Lake,033,64148,104,81,0,81,0
2020-07-02,Lassen,035,31185,256,218,2,220,0
2020-07-02,Los Angeles,037,10098052,128288,107144,54,107198,3458
2020-07-02,Madera,039,155013,1110,548,3,551,4
2020-07-02,Marin,041,260295,3304,1706,4,1710,17
2020-07-02,Mariposa,043,17540,35,28,0,28,1
2020-07-02,Mendocino,045,87422,99,71,0,71,0
2020-07-02,Merced,047,269075,2086,1122,2,1124,10
2020-07-02,Modoc,049,8938,1,0,0,0,0
2020-07-02,Mono,051,14174,54,37,0,37,1
2020-07-02,Monterey,053,433212,2490,1796,7,1803,15
2020-07-02,Napa,055,140530,534,352,0,352,4
2020-07-02,Nevada,057,99092,176,118,4,122,1
2020-07-02,Orange,059,3164182,25939,17056,245,17301,360
2020-07-02,Placer,061,380077,1079,740,3,743,11
2020-07-02,Plumas,063,18699,15,8,0,8,0
2020-07-02,Riverside,065,2383286,26454,20253,28,20281,458
2020-07-02,Sacramento,067,1510023,5138,3587,6,3593,70
2020-07-02,San Benito,069,59416,320,236,0,236,2
2020-07-02,San Bernardino,071,2135413,21747,13185,14,13199,260
2020-07-02,San Diego,073,3302833,19252,15208,2,15210,377
2020-07-02,San Francisco,075,870044,4310,3676,1,3677,50
2020-07-02,San Joaquin,077,732212,6361,4243,3,4246,56
2020-07-02,San Luis Obispo,079,281455,953,659,7,666,2
2020-07-02,San Mateo,081,765935,3876,3390,6,3396,107
2020-07-02,Santa Barbara,083,443738,4114,3385,30,3415,27
2020-07-02,Santa Clara,085,1922200,6445,4722,18,4740,160
2020-07-02,Santa Cruz,087,273765,535,414,0,414,2
2020-07-02,Shasta,089,179085,241,110,1,111,5
2020-07-02,Sierra,091,2930,1,1,0,1,0
2020-07-02,Siskiyou,093,43540,36,30,0,30,0
2020-07-02,Solano,095,438530,2114,1429,7,1436,21
2020-07-02,Sonoma,097,501317,1708,1244,5,1249,6
2020-07-02,Stanislaus,099,539301,4840,2850,7,2857,41
2020-07-02,Sutter,101,95872,282,195,0,195,2
2020-07-02,Tehama,103,63373,113,86,2,88,1
2020-07-02,Trinity,105,12862,19,2,5,7,0
2020-07-02,Tulare,107,460477,6073,4559,11,4570,132
2020-07-02,Tuolumne,109,53932,58,23,2,25,0
2020-07-02,Ventura,111,848112,4825,3394,18,3412,42
2020-07-02,Yolo,113,214977,843,554,3,557,24
2020-07-02,Yuba,115,75493,115,93,0,93,1
2020-07-01,Alameda,001,1643700,7593,6125,10,6135,137
2020-07-01,Alpine,003,1148,1,1,0,1,0
2020-07-01,Amador,005,37829,34,22,0,22,0
2020-07-01,Butte,007,227075,323,185,11,196,2
2020-07-01,Calaveras,009,45235,63,37,0,37,0
2020-07-01,Colusa,011,21464,103,53,0,53,0
2020-07-01,Contra Costa,013,1133247,4358,3259,6,3265,76
2020-07-01,Del Norte,015,27424,59,50,0,50,0
2020-07-01,El Dorado,017,186661,315,183,3,186,0
2020-07-01,Fresno,019,978130,10475,5111,80,5191,76
2020-07-01,Glenn,021,27897,170,110,0,110,0
2020-07-01,Humboldt,023,135768,164,134,0,134,3
2020-07-01,Imperial,025,180216,8292,6150,4,6154,46
2020-07-01,Inyo,027,18085,34,30,1,31,1
2020-07-01,Kern,029,883053,10251,4853,35,4888,78
2020-07-01,Kings,031,150075,2868,2360,9,2369,30
2020-07-01,Lake,033,64148,103,75,0,75,0
2020-07-01,Lassen,035,31185,255,217,2,219,0
2020-07-01,Los Angeles,037,10098052,125090,105325,45,105370,3408
2020-07-01,Madera,039,155013,1069,519,3,522,4
2020-07-01,Marin,041,260295,3147,1636,4,1640,17
2020-07-01,Mariposa,043,17540,35,29,0,29,1
2020-07-01,Mendocino,045,87422,95,70,0,70,0
2020-07-01,Merced,047,269075,1987,1052,2,1054,10
2020-07-01,Modoc,049,8938,1,0,0,0,0
2020-07-01,Mono,051,14174,51,37,0,37,1
2020-07-01,Monterey,053,433212,2382,1703,6,1709,15
2020-07-01,Napa,055,140530,511,347,0,347,4
2020-07-01,Nevada,057,99092,166,115,4,119,1
2020-07-01,Orange,059,3164182,25054,15662,224,15886,343
2020-07-01,Placer,061,380077,1032,713,3,716,11
2020-07-01,Plumas,063,18699,13,8,0,8,0
2020-07-01,Riverside,065,2383286,25611,19537,27,19564,457
2020-07-01,Sacramento,067,1510023,4883,3425,6,3431,64
2020-07-01,San Benito,069,59416,311,219,0,219,2
2020-07-01,San Bernardino,071,2135413,20853,12712,11,12723,253
2020-07-01,San Diego,073,3302833,18684,14624,2,14626,372
2020-07-01,San Francisco,075,870044,4217,3626,1,3627,50
2020-07-01,San Joaquin,077,732212,6003,3990,3,3993,54
2020-07-01,San Luis Obispo,079,281455,926,613,7,620,1
2020-07-01,San Mateo,081,765935,3814,3326,6,3332,84
2020-07-01,Santa Barbara,083,443738,3994,3268,29,3297,27
2020-07-01,Santa Clara,085,1922200,6259,4547,17,4564,159
2020-07-01,Santa Cruz,087,273765,511,398,0,398,2
2020-07-01,Shasta,089,179085,236,104,1,105,5
2020-07-01,Sierra,091,2930,1,1,0,1,0
2020-07-01,Siskiyou,093,43540,36,28,0,28,0
2020-07-01,Solano,095,438530,2022,1350,7,1357,21
2020-07-01,Sonoma,097,501317,1613,1178,5,1183,6
2020-07-01,Stanislaus,099,539301,4562,2619,7,2626,41
2020-07-01,Sutter,101,95872,269,188,0,188,2
2020-07-01,Tehama,103,63373,106,80,2,82,1
2020-07-01,Trinity,105,12862,19,2,4,6,0
2020-07-01,Tulare,107,460477,5895,4359,11,4370,128
2020-07-01,Tuolumne,109,53932,55,17,2,19,0
2020-07-01,Ventura,111,848112,4683,3224,16,3240,41
2020-07-01,Yolo,113,214977,792,526,3,529,24
2020-07-01,Yuba,115,75493,110,57,0,57,1
2020-06-30,Alameda,001,1643700,7346,5959,8,5967,137
2020-06-30,Alpine,003,1148,1,1,0,1,0
2020-06-30,Amador,005,37829,34,21,0,21,0
2020-06-30,Butte,007,227075,306,163,11,174,2
2020-06-30,Calaveras,009,45235,58,31,0,31,0
2020-06-30,Colusa,011,21464,94,33,0,33,0
2020-06-30,Contra Costa,013,1133247,4147,3140,6,3146,75
2020-06-30,Del Norte,015,27424,59,48,0,48,0
2020-06-30,El Dorado,017,186661,302,175,3,178,0
2020-06-30,Fresno,019,978130,10029,4826,75,4901,75
2020-06-30,Glenn,021,27897,165,96,0,96,0
2020-06-30,Humboldt,023,135768,160,132,0,132,3
2020-06-30,Imperial,025,180216,8193,5968,4,5972,45
2020-06-30,Inyo,027,18085,34,30,1,31,1
2020-06-30,Kern,029,883053,9604,4721,32,4753,75
2020-06-30,Kings,031,150075,2819,2315,6,2321,30
2020-06-30,Lake,033,64148,95,56,0,56,0
2020-06-30,Lassen,035,31185,248,215,2,217,0
2020-06-30,Los Angeles,037,10098052,121505,103640,42,103682,3378
2020-06-30,Madera,039,155013,1012,475,3,478,4
2020-06-30,Marin,041,260295,3076,1614,4,1618,17
2020-06-30,Mariposa,043,17540,34,27,0,27,1
2020-06-30,Mendocino,045,87422,90,65,0,65,0
2020-06-30,Merced,047,269075,1850,970,2,972,10
2020-06-30,Modoc,049,8938,1,0,0,0,0
2020-06-30,Mono,051,14174,49,36,0,36,1
2020-06-30,Monterey,053,433212,2285,1657,6,1663,15
2020-06-30,Napa,055,140530,486,342,0,342,4
2020-06-30,Nevada,057,99092,158,113,4,117,1
2020-06-30,Orange,059,3164182,24120,14354,214,14568,335
2020-06-30,Placer,061,380077,1005,667,3,670,11
2020-06-30,Plumas,063,18699,12,8,0,8,0
2020-06-30,Riverside,065,2383286,24893,18656,26,18682,449
2020-06-30,Sacramento,067,1510023,4594,3246,6,3252,64
2020-06-30,San Benito,069,59416,300,200,0,200,2
2020-06-30,San Bernardino,071,2135413,19872,12375,10,12385,249
2020-06-30,San Diego,073,3302833,17979,14150,2,14152,365
2020-06-30,San Francisco,075,870044,4112,3555,1,3556,50
2020-06-30,San Joaquin,077,732212,5628,3744,3,3747,52
2020-06-30,San Luis Obispo,079,281455,888,583,7,590,1
2020-06-30,San Mateo,081,765935,3736,3268,6,3274,84
2020-06-30,Santa Barbara,083,443738,3878,3102,29,3131,25
2020-06-30,Santa Clara,085,1922200,6056,4346,17,4363,157
2020-06-30,Santa Cruz,087,273765,485,379,0,379,2
2020-06-30,Shasta,089,179085,220,100,1,101,5
2020-06-30,Sierra,091,2930,1,1,0,1,0
2020-06-30,Siskiyou,093,43540,35,26,0,26,0
2020-06-30,Solano,095,438530,1930,1256,7,1263,21
2020-06-30,Sonoma,097,501317,1550,1122,5,1127,6
2020-06-30,Stanislaus,099,539301,4265,2578,7,2585,41
2020-06-30,Sutter,101,95872,246,168,0,168,2
2020-06-30,Tehama,103,63373,104,75,2,77,1
2020-06-30,Trinity,105,12862,19,2,4,6,0
2020-06-30,Tulare,107,460477,5686,4207,11,4218,117
2020-06-30,Tuolumne,109,53932,51,16,2,18,0
2020-06-30,Ventura,111,848112,4549,3030,16,3046,40
2020-06-30,Yolo,113,214977,754,515,3,518,24
2020-06-30,Yuba,115,75493,106,55,0,55,1
2020-06-29,Alameda,001,1643700,7138,5766,8,5774,135
2020-06-29,Alpine,003,1148,1,1,0,1,0
2020-06-29,Amador,005,37829,31,20,0,20,0
2020-06-29,Butte,007,227075,285,157,11,168,2
2020-06-29,Calaveras,009,45235,56,30,0,30,0
2020-06-29,Colusa,011,21464,89,17,0,17,0
2020-06-29,Contra Costa,013,1133247,3983,2976,5,2981,75
2020-06-29,Del Norte,015,27424,59,47,0,47,0
2020-06-29,El Dorado,017,186661,288,163,1,164,0
2020-06-29,Fresno,019,978130,9682,4531,73,4604,74
2020-06-29,Glenn,021,27897,156,77,0,77,0
2020-06-29,Humboldt,023,135768,159,128,0,128,3
2020-06-29,Imperial,025,180216,8062,5512,4,5516,45
2020-06-29,Inyo,027,18085,33,29,0,29,1
2020-06-29,Kern,029,883053,8941,4613,30,4643,73
2020-06-29,Kings,031,150075,2754,2280,6,2286,20
2020-06-29,Lake,033,64148,88,53,0,53,0
2020-06-29,Lassen,035,31185,240,77,2,79,0
2020-06-29,Los Angeles,037,10098052,118466,100846,36,100882,3337
2020-06-29,Madera,039,155013,955,422,3,425,4
2020-06-29,Marin,041,260295,3000,1517,4,1521,17
2020-06-29,Mariposa,043,17540,32,25,0,25,1
2020-06-29,Mendocino,045,87422,87,63,0,63,0
2020-06-29,Merced,047,269075,1744,848,2,850,10
2020-06-29,Modoc,049,8938,1,0,0,0,0
2020-06-29,Mono,051,14174,47,35,0,35,1
2020-06-29,Monterey,053,433212,2213,1614,6,1620,14
2020-06-29,Napa,055,140530,464,317,0,317,4
2020-06-29,Nevada,057,99092,155,107,3,110,1
2020-06-29,Orange,059,3164182,23129,13682,199,13881,324
2020-06-29,Placer,061,380077,969,628,3,631,11
2020-06-29,Plumas,063,18699,12,6,0,6,0
2020-06-29,Riverside,065,2383286,23859,17683,26,17709,432
2020-06-29,Sacramento,067,1510023,4307,2985,6,2991,62
2020-06-29,San Benito,069,59416,285,193,0,193,2
2020-06-29,San Bernardino,071,2135413,18909,11643,10,11653,245
2020-06-29,San Diego,073,3302833,17401,13834,2,13836,361
2020-06-29,San Francisco,075,870044,4035,3389,1,3390,50
2020-06-29,San Joaquin,077,732212,5270,3202,3,3205,52
2020-06-29,San Luis Obispo,079,281455,854,544,7,551,1
2020-06-29,San Mateo,081,765935,3682,3170,6,3176,84
2020-06-29,Santa Barbara,083,443738,3769,2933,28,2961,25
2020-06-29,Santa Clara,085,1922200,5886,4231,17,4248,157
2020-06-29,Santa Cruz,087,273765,467,348,0,348,2
2020-06-29,Shasta,089,179085,212,94,1,95,5
2020-06-29,Sierra,091,2930,1,1,0,1,0
2020-06-29,Siskiyou,093,43540,35,25,0,25,0
2020-06-29,Solano,095,438530,1827,1077,7,1084,21
2020-06-29,Sonoma,097,501317,1478,1103,5,1108,5
2020-06-29,Stanislaus,099,539301,4059,2400,6,2406,36
2020-06-29,Sutter,101,95872,224,152,0,152,2
2020-06-29,Tehama,103,63373,100,63,2,65,1
2020-06-29,Trinity,105,12862,18,2,4,6,0
2020-06-29,Tulare,107,460477,5532,3906,10,3916,117
2020-06-29,Tuolumne,109,53932,47,16,2,18,0
2020-06-29,Ventura,111,848112,4402,2794,16,2810,40
2020-06-29,Yolo,113,214977,721,483,3,486,24
2020-06-29,Yuba,115,75493,93,55,0,55,1
2020-06-28,Alameda,001,1643700,6878,5698,8,5706,135
2020-06-28,Alpine,003,1148,1,1,0,1,0
2020-06-28,Amador,005,37829,29,20,0,20,0
2020-06-28,Butte,007,227075,266,150,11,161,2
2020-06-28,Calaveras,009,45235,51,30,0,30,0
2020-06-28,Colusa,011,21464,74,17,0,17,0
2020-06-28,Contra Costa,013,1133247,3793,2803,4,2807,73
2020-06-28,Del Norte,015,27424,58,47,0,47,0
2020-06-28,El Dorado,017,186661,276,162,1,163,0
2020-06-28,Fresno,019,978130,9319,4365,73,4438,74
2020-06-28,Glenn,021,27897,148,77,0,77,0
2020-06-28,Humboldt,023,135768,156,127,0,127,3
2020-06-28,Imperial,025,180216,7873,5513,4,5517,45
2020-06-28,Inyo,027,18085,33,29,0,29,1
2020-06-28,Kern,029,883053,8390,4541,27,4568,72
2020-06-28,Kings,031,150075,2694,2234,6,2240,18
2020-06-28,Lake,033,64148,84,53,0,53,0
2020-06-28,Lassen,035,31185,240,77,2,79,0
2020-06-28,Los Angeles,037,10098052,115263,98003,32,98035,3316
2020-06-28,Madera,039,155013,907,424,3,427,4
2020-06-28,Marin,041,260295,2654,1473,4,1477,17
2020-06-28,Mariposa,043,17540,32,24,0,24,1
2020-06-28,Mendocino,045,87422,85,63,0,63,0
2020-06-28,Merced,047,269075,1631,814,2,816,10
2020-06-28,Modoc,049,8938,1,0,0,0,0
2020-06-28,Mono,051,14174,47,35,0,35,1
2020-06-28,Monterey,053,433212,2131,1560,6,1566,13
2020-06-28,Napa,055,140530,430,307,0,307,4
2020-06-28,Nevada,057,99092,144,102,3,105,1
2020-06-28,Orange,059,3164182,22155,13213,181,13394,324
2020-06-28,Placer,061,380077,930,618,3,621,11
2020-06-28,Plumas,063,18699,11,6,0,6,0
2020-06-28,Riverside,065,2383286,23031,16848,25,16873,432
2020-06-28,Sacramento,067,1510023,4079,2803,6,2809,63
2020-06-28,San Benito,069,59416,274,190,0,190,2
2020-06-28,San Bernardino,071,2135413,18156,11344,9,11353,245
2020-06-28,San Diego,073,3302833,16856,13333,2,13335,361
2020-06-28,San Francisco,075,870044,3957,3388,1,3389,50
2020-06-28,San Joaquin,077,732212,4933,3201,3,3204,52
2020-06-28,San Luis Obispo,079,281455,815,531,6,537,1
2020-06-28,San Mateo,081,765935,3605,3124,5,3129,84
2020-06-28,Santa Barbara,083,443738,3624,2872,28,2900,25
2020-06-28,Santa Clara,085,1922200,5724,4131,17,4148,156
2020-06-28,Santa Cruz,087,273765,444,349,0,349,2
2020-06-28,Shasta,089,179085,199,89,0,89,5
2020-06-28,Sierra,091,2930,1,1,0,1,0
2020-06-28,Siskiyou,093,43540,35,25,0,25,0
2020-06-28,Solano,095,438530,1752,1077,7,1084,21
2020-06-28,Sonoma,097,501317,1424,1084,5,1089,5
2020-06-28,Stanislaus,099,539301,3853,2376,6,2382,36
2020-06-28,Sutter,101,95872,198,145,0,145,2
2020-06-28,Tehama,103,63373,93,63,2,65,1
2020-06-28,Trinity,105,12862,17,2,4,6,0
2020-06-28,Tulare,107,460477,5364,3812,10,3822,117
2020-06-28,Tuolumne,109,53932,42,14,2,16,0
2020-06-28,Ventura,111,848112,4244,2650,16,2666,40
2020-06-28,Yolo,113,214977,686,468,3,471,24
2020-06-28,Yuba,115,75493,89,39,0,39,1
2020-06-27,Alameda,001,1643700,6782,5581,8,5589,135
2020-06-27,Alpine,003,1148,1,1,0,1,0
2020-06-27,Amador,005,37829,27,20,0,20,0
2020-06-27,Butte,007,227075,258,137,11,148,2
2020-06-27,Calaveras,009,45235,49,30,0,30,0
2020-06-27,Colusa,011,21464,68,17,0,17,0
2020-06-27,Contra Costa,013,1133247,3699,2717,3,2720,72
2020-06-27,Del Norte,015,27424,58,47,0,47,0
2020-06-27,El Dorado,017,186661,270,159,1,160,0
2020-06-27,Fresno,019,978130,9073,4238,73,4311,74
2020-06-27,Glenn,021,27897,144,77,0,77,0
2020-06-27,Humboldt,023,135768,154,127,0,127,3
2020-06-27,Imperial,025,180216,7812,5513,4,5517,45
2020-06-27,Inyo,027,18085,33,29,0,29,1
2020-06-27,Kern,029,883053,8127,4411,26,4437,70
2020-06-27,Kings,031,150075,2668,2187,6,2193,18
2020-06-27,Lake,033,64148,81,42,0,42,0
2020-06-27,Lassen,035,31185,240,33,2,35,0
2020-06-27,Los Angeles,037,10098052,113522,95341,29,95370,3291
2020-06-27,Madera,039,155013,864,427,2,429,4
2020-06-27,Marin,041,260295,2609,1423,4,1427,17
2020-06-27,Mariposa,043,17540,31,22,0,22,1
2020-06-27,Mendocino,045,87422,85,63,0,63,0
2020-06-27,Merced,047,269075,1573,807,1,808,10
2020-06-27,Modoc,049,8938,1,0,0,0,0
2020-06-27,Mono,051,14174,46,35,0,35,1
2020-06-27,Monterey,053,433212,2067,1455,6,1461,12
2020-06-27,Napa,055,140530,420,282,0,282,3
2020-06-27,Nevada,057,99092,140,102,2,104,1
2020-06-27,Orange,059,3164182,21644,12951,176,13127,320
2020-06-27,Placer,061,380077,909,584,3,587,10
2020-06-27,Plumas,063,18699,11,6,0,6,0
2020-06-27,Riverside,065,2383286,22642,16209,25,16234,432
2020-06-27,Sacramento,067,1510023,3962,2685,6,2691,63
2020-06-27,San Benito,069,59416,267,182,0,182,2
2020-06-27,San Bernardino,071,2135413,17780,11238,9,11247,243
2020-06-27,San Diego,073,3302833,16491,12836,2,12838,360
2020-06-27,San Francisco,075,870044,3902,3332,1,3333,49
2020-06-27,San Joaquin,077,732212,4767,2995,3,2998,52
2020-06-27,San Luis Obispo,079,281455,792,505,6,511,1
2020-06-27,San Mateo,081,765935,3548,3083,5,3088,83
2020-06-27,Santa Barbara,083,443738,3552,2799,28,2827,25
2020-06-27,Santa Clara,085,1922200,5618,4006,17,4023,157
2020-06-27,Santa Cruz,087,273765,437,347,0,347,2
2020-06-27,Shasta,089,179085,193,87,0,87,5
2020-06-27,Sierra,091,2930,1,1,0,1,0
2020-06-27,Siskiyou,093,43540,35,25,0,25,0
2020-06-27,Solano,095,438530,1719,1076,7,1083,21
2020-06-27,Sonoma,097,501317,1391,1004,5,1009,5
2020-06-27,Stanislaus,099,539301,3753,2164,6,2170,36
2020-06-27,Sutter,101,95872,191,141,0,141,2
2020-06-27,Tehama,103,63373,90,63,2,65,1
2020-06-27,Trinity,105,12862,17,2,4,6,0
2020-06-27,Tulare,107,460477,5267,3810,10,3820,117
2020-06-27,Tuolumne,109,53932,41,13,2,15,0
2020-06-27,Ventura,111,848112,4144,2471,16,2487,40
2020-06-27,Yolo,113,214977,662,432,3,435,24
2020-06-27,Yuba,115,75493,81,39,0,39,1
2020-06-26,Alameda,001,1643700,6696,5502,7,5509,132
2020-06-26,Alpine,003,1148,1,1,0,1,0
2020-06-26,Amador,005,37829,26,20,0,20,0
2020-06-26,Butte,007,227075,243,135,11,146,2
2020-06-26,Calaveras,009,45235,47,30,0,30,0
2020-06-26,Colusa,011,21464,63,17,0,17,0
2020-06-26,Contra Costa,013,1133247,3586,2676,3,2679,72
2020-06-26,Del Norte,015,27424,57,47,0,47,0
2020-06-26,El Dorado,017,186661,262,159,1,160,0
2020-06-26,Fresno,019,978130,8847,4166,73,4239,74
2020-06-26,Glenn,021,27897,137,71,0,71,0
2020-06-26,Humboldt,023,135768,152,126,0,126,3
2020-06-26,Imperial,025,180216,7749,5400,4,5404,44
2020-06-26,Inyo,027,18085,32,29,0,29,1
2020-06-26,Kern,029,883053,7797,4366,26,4392,70
2020-06-26,Kings,031,150075,2636,2176,5,2181,18
2020-06-26,Lake,033,64148,80,42,0,42,0
2020-06-26,Lassen,035,31185,239,30,2,32,0
2020-06-26,Los Angeles,037,10098052,111356,93328,29,93357,3275
2020-06-26,Madera,039,155013,832,409,2,411,4
2020-06-26,Marin,041,260295,2572,1406,4,1410,17
2020-06-26,Mariposa,043,17540,30,21,0,21,1
2020-06-26,Mendocino,045,87422,82,63,0,63,0
2020-06-26,Merced,047,269075,1527,797,1,798,10
2020-06-26,Modoc,049,8938,1,0,0,0,0
2020-06-26,Mono,051,14174,45,35,0,35,1
2020-06-26,Monterey,053,433212,2015,1449,6,1455,12
2020-06-26,Napa,055,140530,410,277,0,277,3
2020-06-26,Nevada,057,99092,136,101,1,102,1
2020-06-26,Orange,059,3164182,20968,12659,173,12832,320
2020-06-26,Placer,061,380077,880,584,3,587,10
2020-06-26,Plumas,063,18699,11,6,0,6,0
2020-06-26,Riverside,065,2383286,22179,15858,25,15883,430
2020-06-26,Sacramento,067,1510023,3797,2687,6,2693,63
2020-06-26,San Benito,069,59416,263,176,0,176,2
2020-06-26,San Bernardino,071,2135413,17402,11111,9,11120,243
2020-06-26,San Diego,073,3302833,16126,12402,2,12404,358
2020-06-26,San Francisco,075,870044,3847,3330,1,3331,49
2020-06-26,San Joaquin,077,732212,4553,2943,3,2946,52
2020-06-26,San Luis Obispo,079,281455,777,498,6,504,1
2020-06-26,San Mateo,081,765935,3496,3055,5,3060,83
2020-06-26,Santa Barbara,083,443738,3462,2784,26,2810,25
2020-06-26,Santa Clara,085,1922200,5518,3968,17,3985,156
2020-06-26,Santa Cruz,087,273765,430,344,0,344,2
2020-06-26,Shasta,089,179085,186,86,0,86,5
2020-06-26,Sierra,091,2930,1,1,0,1,0
2020-06-26,Siskiyou,093,43540,34,24,0,24,0
2020-06-26,Solano,095,438530,1677,1068,7,1075,21
2020-06-26,Sonoma,097,501317,1360,977,5,982,5
2020-06-26,Stanislaus,099,539301,3640,2157,6,2163,36
2020-06-26,Sutter,101,95872,184,138,0,138,2
2020-06-26,Tehama,103,63373,87,63,2,65,1
2020-06-26,Trinity,105,12862,17,2,4,6,0
2020-06-26,Tulare,107,460477,5178,3720,10,3730,117
2020-06-26,Tuolumne,109,53932,39,10,2,12,0
2020-06-26,Ventura,111,848112,4058,2444,16,2460,40
2020-06-26,Yolo,113,214977,639,418,3,421,24
2020-06-26,Yuba,115,75493,75,38,0,38,1
2020-06-25,Alameda,001,1643700,6507,5398,7,5405,130
2020-06-25,Alpine,003,1148,1,1,0,1,0
2020-06-25,Amador,005,37829,25,18,0,18,0
2020-06-25,Butte,007,227075,238,127,11,138,1
2020-06-25,Calaveras,009,45235,42,26,0,26,0
2020-06-25,Colusa,011,21464,53,14,0,14,0
2020-06-25,Contra Costa,013,1133247,3401,2591,3,2594,71
2020-06-25,Del Norte,015,27424,55,47,0,47,0
2020-06-25,El Dorado,017,186661,254,150,1,151,0
2020-06-25,Fresno,019,978130,8534,3938,72,4010,71
2020-06-25,Glenn,021,27897,132,59,0,59,0
2020-06-25,Humboldt,023,135768,151,121,0,121,3
2020-06-25,Imperial,025,180216,7620,5192,4,5196,44
2020-06-25,Inyo,027,18085,29,27,0,27,1
2020-06-25,Kern,029,883053,7373,4236,23,4259,69
2020-06-25,Kings,031,150075,2584,2110,5,2115,17
2020-06-25,Lake,033,64148,79,42,0,42,0
2020-06-25,Lassen,035,31185,233,13,2,15,0
2020-06-25,Los Angeles,037,10098052,108587,91524,29,91553,3239
2020-06-25,Madera,039,155013,788,380,2,382,4
2020-06-25,Marin,041,260295,2470,1321,4,1325,17
2020-06-25,Mariposa,043,17540,29,20,0,20,1
2020-06-25,Mendocino,045,87422,79,61,0,61,0
2020-06-25,Merced,047,269075,1440,747,1,748,10
2020-06-25,Modoc,049,8938,1,0,0,0,0
2020-06-25,Mono,051,14174,44,35,0,35,1
2020-06-25,Monterey,053,433212,1927,1426,5,1431,12
2020-06-25,Napa,055,140530,392,260,0,260,3
2020-06-25,Nevada,057,99092,128,92,1,93,1
2020-06-25,Orange,059,3164182,20045,12221,171,12392,311
2020-06-25,Placer,061,380077,826,574,3,577,10
2020-06-25,Plumas,063,18699,10,6,0,6,0
2020-06-25,Riverside,065,2383286,21424,15224,25,15249,427
2020-06-25,Sacramento,067,1510023,3574,2519,6,2525,62
2020-06-25,San Benito,069,59416,255,174,0,174,2
2020-06-25,San Bernardino,071,2135413,16651,10590,9,10599,242
2020-06-25,San Diego,073,3302833,15587,11963,2,11965,352
2020-06-25,San Francisco,075,870044,3781,3252,1,3253,48
2020-06-25,San Joaquin,077,732212,4281,2803,3,2806,50
2020-06-25,San Luis Obispo,079,281455,745,473,6,479,1
2020-06-25,San Mateo,081,765935,3428,2996,4,3000,82
2020-06-25,Santa Barbara,083,443738,3357,2622,25,2647,25
2020-06-25,Santa Clara,085,1922200,5368,3871,17,3888,156
2020-06-25,Santa Cruz,087,273765,418,335,0,335,2
2020-06-25,Shasta,089,179085,176,84,0,84,5
2020-06-25,Sierra,091,2930,1,1,0,1,0
2020-06-25,Siskiyou,093,43540,33,24,0,24,0
2020-06-25,Solano,095,438530,1624,1034,7,1041,21
2020-06-25,Sonoma,097,501317,1311,953,4,957,5
2020-06-25,Stanislaus,099,539301,3428,2130,6,2136,36
2020-06-25,Sutter,101,95872,172,126,0,126,2
2020-06-25,Tehama,103,63373,83,59,2,61,1
2020-06-25,Trinity,105,12862,17,2,4,6,0
2020-06-25,Tulare,107,460477,5047,3656,10,3666,117
2020-06-25,Tuolumne,109,53932,38,10,1,11,0
2020-06-25,Ventura,111,848112,3876,2346,15,2361,40
2020-06-25,Yolo,113,214977,610,397,3,400,24
2020-06-25,Yuba,115,75493,64,38,0,38,1
2020-06-24,Alameda,001,1643700,6345,5242,7,5249,123
2020-06-24,Alpine,003,1148,1,1,0,1,0
2020-06-24,Amador,005,37829,23,16,0,16,0
2020-06-24,Butte,007,227075,222,119,10,129,1
2020-06-24,Calaveras,009,45235,40,26,0,26,0
2020-06-24,Colusa,011,21464,44,11,0,11,0
2020-06-24,Contra Costa,013,1133247,3245,2520,3,2523,66
2020-06-24,Del Norte,015,27424,49,47,0,47,0
2020-06-24,El Dorado,017,186661,238,149,1,150,0
2020-06-24,Fresno,019,978130,8203,3765,72,3837,71
2020-06-24,Glenn,021,27897,124,54,0,54,0
2020-06-24,Humboldt,023,135768,151,117,0,117,3
2020-06-24,Imperial,025,180216,7502,5138,4,5142,38
2020-06-24,Inyo,027,18085,29,28,0,28,1
2020-06-24,Kern,029,883053,6980,4155,21,4176,67
2020-06-24,Kings,031,150075,2520,2063,5,2068,16
2020-06-24,Lake,033,64148,66,40,0,40,0
2020-06-24,Lassen,035,31185,232,9,2,11,0
2020-06-24,Los Angeles,037,10098052,105827,89566,29,89595,3186
2020-06-24,Madera,039,155013,766,373,2,375,4
2020-06-24,Marin,041,260295,2242,1261,4,1265,17
2020-06-24,Mariposa,043,17540,28,19,0,19,1
2020-06-24,Mendocino,045,87422,79,60,0,60,0
2020-06-24,Merced,047,269075,1354,696,1,697,8
2020-06-24,Modoc,049,8938,1,0,0,0,0
2020-06-24,Mono,051,14174,42,35,0,35,1
2020-06-24,Monterey,053,433212,1850,1407,5,1412,12
2020-06-24,Napa,055,140530,375,258,0,258,3
2020-06-24,Nevada,057,99092,122,92,1,93,1
2020-06-24,Orange,059,3164182,19048,11804,153,11957,303
2020-06-24,Placer,061,380077,787,548,3,551,10
2020-06-24,Plumas,063,18699,10,6,0,6,0
2020-06-24,Riverside,065,2383286,20577,14946,25,14971,410
2020-06-24,Sacramento,067,1510023,3370,2446,5,2451,62
2020-06-24,San Benito,069,59416,251,171,0,171,2
2020-06-24,San Bernardino,071,2135413,15836,10211,9,10220,239
2020-06-24,San Diego,073,3302833,15084,11628,2,11630,347
2020-06-24,San Francisco,075,870044,3718,3216,1,3217,48
2020-06-24,San Joaquin,077,732212,4060,2680,3,2683,49
2020-06-24,San Luis Obispo,079,281455,714,461,5,466,1
2020-06-24,San Mateo,081,765935,3371,2964,4,2968,82
2020-06-24,Santa Barbara,083,443738,3238,2569,23,2592,22
2020-06-24,Santa Clara,085,1922200,5237,3812,17,3829,155
2020-06-24,Santa Cruz,087,273765,406,329,0,329,2
2020-06-24,Shasta,089,179085,168,83,0,83,5
2020-06-24,Sierra,091,2930,1,1,0,1,0
2020-06-24,Siskiyou,093,43540,32,24,0,24,0
2020-06-24,Solano,095,438530,1535,979,6,985,21
2020-06-24,Sonoma,097,501317,1262,933,4,937,4
2020-06-24,Stanislaus,099,539301,3249,2039,6,2045,36
2020-06-24,Sutter,101,95872,159,118,0,118,2
2020-06-24,Tehama,103,63373,81,55,2,57,1
2020-06-24,Trinity,105,12862,16,2,3,5,0
2020-06-24,Tulare,107,460477,4892,3541,10,3551,116
2020-06-24,Tuolumne,109,53932,33,9,1,10,0
2020-06-24,Ventura,111,848112,3535,2314,15,2329,42
2020-06-24,Yolo,113,214977,575,376,3,379,24
2020-06-24,Yuba,115,75493,58,37,0,37,1
2020-06-23,Alameda,001,1643700,6165,5159,7,5166,121
2020-06-23,Alpine,003,1148,1,1,0,1,0
2020-06-23,Amador,005,37829,22,13,0,13,0
2020-06-23,Butte,007,227075,204,111,10,121,1
2020-06-23,Calaveras,009,45235,40,26,0,26,0
2020-06-23,Colusa,011,21464,40,7,0,7,0
2020-06-23,Contra Costa,013,1133247,3118,2453,3,2456,60
2020-06-23,Del Norte,015,27424,48,46,0,46,0
2020-06-23,El Dorado,017,186661,229,142,1,143,0
2020-06-23,Fresno,019,978130,7551,3569,70,3639,67
2020-06-23,Glenn,021,27897,120,47,0,47,0
2020-06-23,Humboldt,023,135768,151,110,0,110,3
2020-06-23,Imperial,025,180216,7339,5025,4,5029,38
2020-06-23,Inyo,027,18085,29,26,0,26,1
2020-06-23,Kern,029,883053,6613,4087,18,4105,64
2020-06-23,Kings,031,150075,2455,1727,5,1732,16
2020-06-23,Lake,033,64148,60,40,0,40,0
2020-06-23,Lassen,035,31185,228,9,2,11,0
2020-06-23,Los Angeles,037,10098052,102883,88433,28,88461,3152
2020-06-23,Madera,039,155013,727,369,2,371,4
2020-06-23,Marin,041,260295,1974,1139,4,1143,17
2020-06-23,Mariposa,043,17540,26,18,0,18,1
2020-06-23,Mendocino,045,87422,78,61,0,61,0
2020-06-23,Merced,047,269075,1256,656,1,657,8
2020-06-23,Modoc,049,8938,1,0,0,0,0
2020-06-23,Mono,051,14174,42,35,0,35,1
2020-06-23,Monterey,053,433212,1780,1346,5,1351,12
2020-06-23,Napa,055,140530,360,230,0,230,3
2020-06-23,Nevada,057,99092,116,81,1,82,1
2020-06-23,Orange,059,3164182,18076,11071,150,11221,278
2020-06-23,Placer,061,380077,761,525,3,528,10
2020-06-23,Plumas,063,18699,9,6,0,6,0
2020-06-23,Riverside,065,2383286,19558,14469,25,14494,406
2020-06-23,Sacramento,067,1510023,3191,2374,5,2379,62
2020-06-23,San Benito,069,59416,237,167,0,167,2
2020-06-23,San Bernardino,071,2135413,15054,9771,9,9780,229
2020-06-23,San Diego,073,3302833,14564,11296,2,11298,341
2020-06-23,San Francisco,075,870044,3645,3177,1,3178,48
2020-06-23,San Joaquin,077,732212,3801,2502,3,2505,48
2020-06-23,San Luis Obispo,079,281455,683,445,5,450,1
2020-06-23,San Mateo,081,765935,3306,2907,4,2911,81
2020-06-23,Santa Barbara,083,443738,3143,2498,23,2521,22
2020-06-23,Santa Clara,085,1922200,5092,3700,17,3717,155
2020-06-23,Santa Cruz,087,273765,396,313,0,313,2
2020-06-23,Shasta,089,179085,159,81,0,81,5
2020-06-23,Sierra,091,2930,1,1,0,1,0
2020-06-23,Siskiyou,093,43540,30,24,0,24,0
2020-06-23,Solano,095,438530,1478,941,5,946,21
2020-06-23,Sonoma,097,501317,1209,912,4,916,4
2020-06-23,Stanislaus,099,539301,3072,1850,6,1856,35
2020-06-23,Sutter,101,95872,149,112,0,112,2
2020-06-23,Tehama,103,63373,79,50,2,52,1
2020-06-23,Trinity,105,12862,16,2,3,5,0
2020-06-23,Tulare,107,460477,4770,3456,10,3466,111
2020-06-23,Tuolumne,109,53932,28,9,0,9,0
2020-06-23,Ventura,111,848112,3375,2209,14,2223,40
2020-06-23,Yolo,113,214977,549,350,0,350,24
2020-06-23,Yuba,115,75493,55,35,0,35,1
2020-06-22,Alameda,001,1643700,6015,4944,7,4951,121
2020-06-22,Alpine,003,1148,1,1,0,1,0
2020-06-22,Amador,005,37829,19,12,0,12,0
2020-06-22,Butte,007,227075,185,104,10,114,1
2020-06-22,Calaveras,009,45235,38,20,0,20,0
2020-06-22,Colusa,011,21464,37,7,0,7,0
2020-06-22,Contra Costa,013,1133247,2976,2363,3,2366,60
2020-06-22,Del Norte,015,27424,48,46,0,46,0
2020-06-22,El Dorado,017,186661,220,137,1,138,0
2020-06-22,Fresno,019,978130,7019,3425,70,3495,67
2020-06-22,Glenn,021,27897,111,40,0,40,0
2020-06-22,Humboldt,023,135768,148,110,0,110,3
2020-06-22,Imperial,025,180216,7182,4700,4,4704,38
2020-06-22,Inyo,027,18085,29,26,0,26,1
2020-06-22,Kern,029,883053,6261,3982,16,3998,60
2020-06-22,Kings,031,150075,2406,1513,5,1518,13
2020-06-22,Lake,033,64148,54,37,0,37,0
2020-06-22,Lassen,035,31185,118,7,2,9,0
2020-06-22,Los Angeles,037,10098052,99983,85925,27,85952,3117
2020-06-22,Madera,039,155013,702,333,2,335,4
2020-06-22,Marin,041,260295,1717,1029,4,1033,17
2020-06-22,Mariposa,043,17540,25,18,0,18,1
2020-06-22,Mendocino,045,87422,73,48,0,48,0
2020-06-22,Merced,047,269075,1167,619,1,620,8
2020-06-22,Modoc,049,8938,1,0,0,0,0
2020-06-22,Mono,051,14174,42,34,0,34,1
2020-06-22,Monterey,053,433212,1719,1293,5,1298,12
2020-06-22,Napa,055,140530,336,222,0,222,3
2020-06-22,Nevada,057,99092,111,79,1,80,1
2020-06-22,Orange,059,3164182,17143,10711,147,10858,275
2020-06-22,Placer,061,380077,735,512,3,515,9
2020-06-22,Plumas,063,18699,7,6,0,6,0
2020-06-22,Riverside,065,2383286,18586,13948,25,13973,403
2020-06-22,Sacramento,067,1510023,2974,2243,5,2248,62
2020-06-22,San Benito,069,59416,228,164,0,164,2
2020-06-22,San Bernardino,071,2135413,14281,9133,9,9142,229
2020-06-22,San Diego,073,3302833,14072,11098,2,11100,338
2020-06-22,San Francisco,075,870044,3552,3000,1,3001,47
2020-06-22,San Joaquin,077,732212,3553,2332,3,2335,48
2020-06-22,San Luis Obispo,079,281455,650,422,5,427,1
2020-06-22,San Mateo,081,765935,3233,2813,3,2816,81
2020-06-22,Santa Barbara,083,443738,3051,2447,23,2470,21
2020-06-22,Santa Clara,085,1922200,4929,3580,17,3597,155
2020-06-22,Santa Cruz,087,273765,383,290,0,290,3
2020-06-22,Shasta,089,179085,156,77,0,77,5
2020-06-22,Sierra,091,2930,1,1,0,1,0
2020-06-22,Siskiyou,093,43540,30,23,0,23,0
2020-06-22,Solano,095,438530,1400,784,4,788,21
2020-06-22,Sonoma,097,501317,1165,860,2,862,4
2020-06-22,Stanislaus,099,539301,2887,1784,6,1790,35
2020-06-22,Sutter,101,95872,140,100,0,100,2
2020-06-22,Tehama,103,63373,75,38,2,40,1
2020-06-22,Trinity,105,12862,16,2,3,5,0
2020-06-22,Tulare,107,460477,4633,3185,10,3195,111
2020-06-22,Tuolumne,109,53932,19,8,0,8,0
2020-06-22,Ventura,111,848112,3227,2065,14,2079,39
2020-06-22,Yolo,113,214977,523,333,0,333,24
2020-06-22,Yuba,115,75493,50,36,0,36,1
2020-06-21,Alameda,001,1643700,5820,4835,7,4842,121
2020-06-21,Alpine,003,1148,1,1,0,1,0
2020-06-21,Amador,005,37829,14,12,0,12,0
2020-06-21,Butte,007,227075,171,97,10,107,1
2020-06-21,Calaveras,009,45235,38,20,0,20,0
2020-06-21,Colusa,011,21464,29,7,0,7,0
2020-06-21,Contra Costa,013,1133247,2849,2282,3,2285,60
2020-06-21,Del Norte,015,27424,47,46,0,46,0
2020-06-21,El Dorado,017,186661,211,132,1,133,0
2020-06-21,Fresno,019,978130,6449,3296,68,3364,67
2020-06-21,Glenn,021,27897,102,40,0,40,0
2020-06-21,Humboldt,023,135768,143,108,0,108,3
2020-06-21,Imperial,025,180216,6999,4701,4,4705,38
2020-06-21,Inyo,027,18085,27,26,0,26,1
2020-06-21,Kern,029,883053,5969,3918,14,3932,60
2020-06-21,Kings,031,150075,2342,1334,5,1339,11
2020-06-21,Lake,033,64148,49,36,0,36,0
2020-06-21,Lassen,035,31185,25,7,2,9,0
2020-06-21,Los Angeles,037,10098052,97091,83383,26,83409,3101
2020-06-21,Madera,039,155013,668,319,2,321,4
2020-06-21,Marin,041,260295,1560,907,4,911,17
2020-06-21,Mariposa,043,17540,22,18,0,18,1
2020-06-21,Mendocino,045,87422,70,48,0,48,0
2020-06-21,Merced,047,269075,1072,577,1,578,8
2020-06-21,Modoc,049,8938,1,0,0,0,0
2020-06-21,Mono,051,14174,42,34,0,34,1
2020-06-21,Monterey,053,433212,1646,1227,5,1232,12
2020-06-21,Napa,055,140530,321,218,0,218,3
2020-06-21,Nevada,057,99092,108,79,1,80,1
2020-06-21,Orange,059,3164182,16310,10563,144,10707,275
2020-06-21,Placer,061,380077,695,498,3,501,9
2020-06-21,Plumas,063,18699,7,6,0,6,0
2020-06-21,Riverside,065,2383286,17879,13528,24,13552,402
2020-06-21,Sacramento,067,1510023,2773,2156,4,2160,62
2020-06-21,San Benito,069,59416,214,151,0,151,2
2020-06-21,San Bernardino,071,2135413,13506,8925,8,8933,229
2020-06-21,San Diego,073,3302833,13526,10796,2,10798,338
2020-06-21,San Francisco,075,870044,3446,3000,1,3001,47
2020-06-21,San Joaquin,077,732212,3317,2188,3,2191,48
2020-06-21,San Luis Obispo,079,281455,624,418,5,423,1
2020-06-21,San Mateo,081,765935,3175,2781,3,2784,81
2020-06-21,Santa Barbara,083,443738,2944,2430,22,2452,21
2020-06-21,Santa Clara,085,1922200,4792,3514,17,3531,154
2020-06-21,Santa Cruz,087,273765,373,290,0,290,3
2020-06-21,Shasta,089,179085,146,75,0,75,5
2020-06-21,Sierra,091,2930,1,1,0,1,0
2020-06-21,Siskiyou,093,43540,30,23,0,23,0
2020-06-21,Solano,095,438530,1300,783,4,787,21
2020-06-21,Sonoma,097,501317,1115,836,2,838,4
2020-06-21,Stanislaus,099,539301,2701,1688,6,1694,35
2020-06-21,Sutter,101,95872,132,96,0,96,2
2020-06-21,Tehama,103,63373,64,35,2,37,1
2020-06-21,Trinity,105,12862,15,2,3,5,0
2020-06-21,Tulare,107,460477,4464,3173,10,3183,111
2020-06-21,Tuolumne,109,53932,17,8,0,8,0
2020-06-21,Ventura,111,848112,3049,2021,14,2035,39
2020-06-21,Yolo,113,214977,491,323,0,323,24
2020-06-21,Yuba,115,75493,46,35,0,35,1
2020-06-20,Alameda,001,1643700,5758,4758,7,4765,119
2020-06-20,Alpine,003,1148,1,1,0,1,0
2020-06-20,Amador,005,37829,14,12,0,12,0
2020-06-20,Butte,007,227075,164,94,10,104,1
2020-06-20,Calaveras,009,45235,38,20,0,20,0
2020-06-20,Colusa,011,21464,26,7,0,7,0
2020-06-20,Contra Costa,013,1133247,2790,2231,3,2234,54
2020-06-20,Del Norte,015,27424,47,46,0,46,0
2020-06-20,El Dorado,017,186661,206,130,1,131,0
2020-06-20,Fresno,019,978130,6323,3222,65,3287,67
2020-06-20,Glenn,021,27897,97,40,0,40,0
2020-06-20,Humboldt,023,135768,143,108,0,108,3
2020-06-20,Imperial,025,180216,6918,4616,4,4620,37
2020-06-20,Inyo,027,18085,27,26,0,26,1
2020-06-20,Kern,029,883053,5804,3836,14,3850,59
2020-06-20,Kings,031,150075,2318,1331,5,1336,9
2020-06-20,Lake,033,64148,49,37,0,37,0
2020-06-20,Lassen,035,31185,24,7,2,9,0
2020-06-20,Los Angeles,037,10098052,95516,81604,25,81629,3093
2020-06-20,Madera,039,155013,635,321,2,323,4
2020-06-20,Marin,041,260295,1540,879,4,883,17
2020-06-20,Mariposa,043,17540,22,18,0,18,1
2020-06-20,Mendocino,045,87422,69,48,0,48,0
2020-06-20,Merced,047,269075,1032,566,1,567,8
2020-06-20,Modoc,049,8938,1,0,0,0,0
2020-06-20,Mono,051,14174,42,34,0,34,1
2020-06-20,Monterey,053,433212,1610,1181,5,1186,12
2020-06-20,Napa,055,140530,312,212,0,212,3
2020-06-20,Nevada,057,99092,105,73,1,74,1
2020-06-20,Orange,059,3164182,15960,10284,140,10424,273
2020-06-20,Placer,061,380077,670,483,3,486,9
2020-06-20,Plumas,063,18699,6,6,0,6,0
2020-06-20,Riverside,065,2383286,17579,13021,24,13045,402
2020-06-20,Sacramento,067,1510023,2702,2069,4,2073,63
2020-06-20,San Benito,069,59416,210,139,0,139,2
2020-06-20,San Bernardino,071,2135413,13142,8718,8,8726,229
2020-06-20,San Diego,073,3302833,13203,10486,2,10488,338
2020-06-20,San Francisco,075,870044,3402,2999,1,3000,47
2020-06-20,San Joaquin,077,732212,3235,2046,3,2049,48
2020-06-20,San Luis Obispo,079,281455,610,405,5,410,1
2020-06-20,San Mateo,081,765935,3127,2755,3,2758,81
2020-06-20,Santa Barbara,083,443738,2887,2358,21,2379,21
2020-06-20,Santa Clara,085,1922200,4718,3435,17,3452,154
2020-06-20,Santa Cruz,087,273765,371,287,0,287,3
2020-06-20,Shasta,089,179085,140,66,0,66,5
2020-06-20,Sierra,091,2930,1,1,0,1,0
2020-06-20,Siskiyou,093,43540,29,22,0,22,0
2020-06-20,Solano,095,438530,1276,784,4,788,21
2020-06-20,Sonoma,097,501317,1079,806,2,808,4
2020-06-20,Stanislaus,099,539301,2593,1598,6,1604,35
2020-06-20,Sutter,101,95872,130,89,0,89,2
2020-06-20,Tehama,103,63373,62,35,2,37,1
2020-06-20,Trinity,105,12862,15,2,3,5,0
2020-06-20,Tulare,107,460477,4391,3172,10,3182,111
2020-06-20,Tuolumne,109,53932,14,8,0,8,0
2020-06-20,Ventura,111,848112,2983,1946,14,1960,37
2020-06-20,Yolo,113,214977,475,309,0,309,24
2020-06-20,Yuba,115,75493,44,34,0,34,1
2020-06-19,Alameda,001,1643700,5685,4646,7,4653,119
2020-06-19,Alpine,003,1148,1,1,0,1,0
2020-06-19,Amador,005,37829,14,12,0,12,0
2020-06-19,Butte,007,227075,159,91,10,101,1
2020-06-19,Calaveras,009,45235,37,20,0,20,0
2020-06-19,Colusa,011,21464,24,7,0,7,0
2020-06-19,Contra Costa,013,1133247,2710,2106,3,2109,54
2020-06-19,Del Norte,015,27424,47,46,0,46,0
2020-06-19,El Dorado,017,186661,198,124,1,125,0
2020-06-19,Fresno,019,978130,6161,3109,64,3173,61
2020-06-19,Glenn,021,27897,91,40,0,40,0
2020-06-19,Humboldt,023,135768,141,106,0,106,3
2020-06-19,Imperial,025,180216,6826,4504,4,4508,36
2020-06-19,Inyo,027,18085,27,26,0,26,1
2020-06-19,Kern,029,883053,5581,3742,13,3755,57
2020-06-19,Kings,031,150075,2297,1285,5,1290,9
2020-06-19,Lake,033,64148,46,36,0,36,0
2020-06-19,Lassen,035,31185,23,7,2,9,0
2020-06-19,Los Angeles,037,10098052,93529,79572,24,79596,3047
2020-06-19,Madera,039,155013,616,300,2,302,4
2020-06-19,Marin,041,260295,1511,829,4,833,17
2020-06-19,Mariposa,043,17540,21,18,0,18,1
2020-06-19,Mendocino,045,87422,68,48,0,48,0
2020-06-19,Merced,047,269075,987,529,1,530,8
2020-06-19,Modoc,049,8938,1,0,0,0,0
2020-06-19,Mono,051,14174,42,34,0,34,1
2020-06-19,Monterey,053,433212,1581,1159,5,1164,12
2020-06-19,Napa,055,140530,302,209,0,209,3
2020-06-19,Nevada,057,99092,102,71,1,72,1
2020-06-19,Orange,059,3164182,15427,9972,133,10105,260
2020-06-19,Placer,061,380077,652,464,3,467,9
2020-06-19,Plumas,063,18699,6,5,0,5,0
2020-06-19,Riverside,065,2383286,17174,12710,24,12734,398
2020-06-19,Sacramento,067,1510023,2619,1976,4,1980,64
2020-06-19,San Benito,069,59416,209,136,0,136,2
2020-06-19,San Bernardino,071,2135413,12737,8454,7,8461,226
2020-06-19,San Diego,073,3302833,12840,10352,2,10354,332
2020-06-19,San Francisco,075,870044,3347,2968,1,2969,47
2020-06-19,San Joaquin,077,732212,3112,1969,3,1972,48
2020-06-19,San Luis Obispo,079,281455,594,392,5,397,1
2020-06-19,San Mateo,081,765935,3088,2713,3,2716,81
2020-06-19,Santa Barbara,083,443738,2814,2284,19,2303,21
2020-06-19,Santa Clara,085,1922200,4644,3376,17,3393,154
2020-06-19,Santa Cruz,087,273765,361,283,0,283,3
2020-06-19,Shasta,089,179085,137,58,0,58,5
2020-06-19,Sierra,091,2930,1,1,0,1,0
2020-06-19,Siskiyou,093,43540,29,21,0,21,0
2020-06-19,Solano,095,438530,1238,755,4,759,21
2020-06-19,Sonoma,097,501317,1052,803,2,805,4
2020-06-19,Stanislaus,099,539301,2483,1549,6,1555,35
2020-06-19,Sutter,101,95872,129,89,0,89,2
2020-06-19,Tehama,103,63373,61,35,2,37,1
2020-06-19,Trinity,105,12862,15,2,3,5,0
2020-06-19,Tulare,107,460477,4321,3053,10,3063,107
2020-06-19,Tuolumne,109,53932,13,8,0,8,0
2020-06-19,Ventura,111,848112,2899,1865,14,1879,37
2020-06-19,Yolo,113,214977,456,303,0,303,24
2020-06-19,Yuba,115,75493,43,33,0,33,1
2020-06-18,Alameda,001,1643700,5556,4589,7,4596,118
2020-06-18,Alpine,003,1148,1,1,0,1,0
2020-06-18,Amador,005,37829,13,12,0,12,0
2020-06-18,Butte,007,227075,154,88,10,98,1
2020-06-18,Calaveras,009,45235,37,20,0,20,0
2020-06-18,Colusa,011,21464,20,7,0,7,0
2020-06-18,Contra Costa,013,1133247,2603,2072,3,2075,53
2020-06-18,Del Norte,015,27424,47,46,0,46,0
2020-06-18,El Dorado,017,186661,194,121,1,122,0
2020-06-18,Fresno,019,978130,5895,2947,63,3010,57
2020-06-18,Glenn,021,27897,82,35,0,35,0
2020-06-18,Humboldt,023,135768,140,106,0,106,3
2020-06-18,Imperial,025,180216,6676,4366,4,4370,36
2020-06-18,Inyo,027,18085,26,25,0,25,1
2020-06-18,Kern,029,883053,5363,3634,13,3647,57
2020-06-18,Kings,031,150075,2238,1141,5,1146,8
2020-06-18,Lake,033,64148,45,36,0,36,0
2020-06-18,Lassen,035,31185,22,5,2,7,0
2020-06-18,Los Angeles,037,10098052,91262,78244,24,78268,3009
2020-06-18,Madera,039,155013,581,288,2,290,4
2020-06-18,Marin,041,260295,1448,819,4,823,17
2020-06-18,Mariposa,043,17540,19,18,0,18,1
2020-06-18,Mendocino,045,87422,64,45,0,45,0
2020-06-18,Merced,047,269075,935,486,1,487,7
2020-06-18,Modoc,049,8938,1,0,0,0,0
2020-06-18,Mono,051,14174,42,34,0,34,1
2020-06-18,Monterey,053,433212,1513,1127,5,1132,12
2020-06-18,Napa,055,140530,287,205,0,205,3
2020-06-18,Nevada,057,99092,98,68,1,69,1
2020-06-18,Orange,059,3164182,14772,9597,114,9711,255
2020-06-18,Placer,061,380077,629,457,3,460,9
2020-06-18,Plumas,063,18699,6,5,0,5,0
2020-06-18,Riverside,065,2383286,16558,12410,24,12434,392
2020-06-18,Sacramento,067,1510023,2503,1938,4,1942,63
2020-06-18,San Benito,069,59416,203,134,0,134,2
2020-06-18,San Bernardino,071,2135413,12096,8141,7,8148,226
2020-06-18,San Diego,073,3302833,12418,10094,2,10096,331
2020-06-18,San Francisco,075,870044,3298,2951,1,2952,47
2020-06-18,San Joaquin,077,732212,2960,1908,3,1911,47
2020-06-18,San Luis Obispo,079,281455,574,378,5,383,1
2020-06-18,San Mateo,081,765935,3049,2674,3,2677,78
2020-06-18,Santa Barbara,083,443738,2740,2201,19,2220,19
2020-06-18,Santa Clara,085,1922200,4541,3338,17,3355,152
2020-06-18,Santa Cruz,087,273765,344,275,0,275,3
2020-06-18,Shasta,089,179085,126,51,0,51,4
2020-06-18,Sierra,091,2930,1,1,0,1,0
2020-06-18,Siskiyou,093,43540,29,18,0,18,0
2020-06-18,Solano,095,438530,1200,735,4,739,21
2020-06-18,Sonoma,097,501317,1010,789,2,791,4
2020-06-18,Stanislaus,099,539301,2350,1495,6,1501,35
2020-06-18,Sutter,101,95872,125,85,0,85,2
2020-06-18,Tehama,103,63373,56,31,2,33,1
2020-06-18,Trinity,105,12862,15,2,3,5,0
2020-06-18,Tulare,107,460477,4198,3005,10,3015,107
2020-06-18,Tuolumne,109,53932,12,8,0,8,0
2020-06-18,Ventura,111,848112,2773,1781,14,1795,37
2020-06-18,Yolo,113,214977,423,294,0,294,24
2020-06-18,Yuba,115,75493,42,32,0,32,1
2020-06-17,Alameda,001,1643700,5434,4485,7,4492,117
2020-06-17,Alpine,003,1148,1,1,0,1,0
2020-06-17,Amador,005,37829,12,10,0,10,0
2020-06-17,Butte,007,227075,145,81,10,91,1
2020-06-17,Calaveras,009,45235,37,20,0,20,0
2020-06-17,Colusa,011,21464,19,7,0,7,0
2020-06-17,Contra Costa,013,1133247,2506,2020,3,2023,45
2020-06-17,Del Norte,015,27424,47,45,0,45,0
2020-06-17,El Dorado,017,186661,187,116,1,117,0
2020-06-17,Fresno,019,978130,5669,2801,61,2862,56
2020-06-17,Glenn,021,27897,75,31,0,31,0
2020-06-17,Humboldt,023,135768,138,105,0,105,3
2020-06-17,Imperial,025,180216,6503,4108,4,4112,36
2020-06-17,Inyo,027,18085,25,25,0,25,1
2020-06-17,Kern,029,883053,5162,3547,13,3560,56
2020-06-17,Kings,031,150075,2208,1097,5,1102,7
2020-06-17,Lake,033,64148,44,32,0,32,0
2020-06-17,Lassen,035,31185,18,5,2,7,0
2020-06-17,Los Angeles,037,10098052,88954,77166,23,77189,2973
2020-06-17,Madera,039,155013,559,258,2,260,4
2020-06-17,Marin,041,260295,1256,771,3,774,17
2020-06-17,Mariposa,043,17540,18,18,0,18,1
2020-06-17,Mendocino,045,87422,62,42,0,42,0
2020-06-17,Merced,047,269075,863,460,1,461,7
2020-06-17,Modoc,049,8938,1,0,0,0,0
2020-06-17,Mono,051,14174,42,34,0,34,1
2020-06-17,Monterey,053,433212,1461,1077,5,1082,12
2020-06-17,Napa,055,140530,272,202,0,202,3
2020-06-17,Nevada,057,99092,94,57,1,58,1
2020-06-17,Orange,059,3164182,14165,9278,108,9386,230
2020-06-17,Placer,061,380077,609,427,3,430,9
2020-06-17,Plumas,063,18699,6,5,0,5,0
2020-06-17,Riverside,065,2383286,15922,11859,24,11883,370
2020-06-17,Sacramento,067,1510023,2396,1889,4,1893,63
2020-06-17,San Benito,069,59416,198,116,0,116,2
2020-06-17,San Bernardino,071,2135413,11547,7670,7,7677,225
2020-06-17,San Diego,073,3302833,12039,9856,2,9858,327
2020-06-17,San Francisco,075,870044,3259,2906,1,2907,46
2020-06-17,San Joaquin,077,732212,2787,1825,3,1828,46
2020-06-17,San Luis Obispo,079,281455,555,362,5,367,1
2020-06-17,San Mateo,081,765935,3002,2649,3,2652,78
2020-06-17,Santa Barbara,083,443738,2668,2147,17,2164,19
2020-06-17,Santa Clara,085,1922200,4448,3264,16,3280,148
2020-06-17,Santa Cruz,087,273765,338,265,0,265,2
2020-06-17,Shasta,089,179085,124,51,0,51,4
2020-06-17,Sierra,091,2930,1,1,0,1,0
2020-06-17,Siskiyou,093,43540,28,16,0,16,0
2020-06-17,Solano,095,438530,1150,722,4,726,21
2020-06-17,Sonoma,097,501317,985,748,2,750,4
2020-06-17,Stanislaus,099,539301,2226,1387,6,1393,35
2020-06-17,Sutter,101,95872,119,79,0,79,2
2020-06-17,Tehama,103,63373,41,24,2,26,1
2020-06-17,Trinity,105,12862,14,2,3,5,0
2020-06-17,Tulare,107,460477,4088,2882,10,2892,106
2020-06-17,Tuolumne,109,53932,12,7,0,7,0
2020-06-17,Ventura,111,848112,2673,1729,14,1743,37
2020-06-17,Yolo,113,214977,403,277,0,277,24
2020-06-17,Yuba,115,75493,41,30,0,30,1
2020-06-16,Alameda,001,1643700,5316,4428,7,4435,113
2020-06-16,Alpine,003,1148,1,1,0,1,0
2020-06-16,Amador,005,37829,12,10,0,10,0
2020-06-16,Butte,007,227075,141,79,10,89,1
2020-06-16,Calaveras,009,45235,34,19,0,19,0
2020-06-16,Colusa,011,21464,16,7,0,7,0
2020-06-16,Contra Costa,013,1133247,2414,1971,2,1973,45
2020-06-16,Del Norte,015,27424,47,45,0,45,0
2020-06-16,El Dorado,017,186661,181,115,1,116,0
2020-06-16,Fresno,019,978130,5431,2731,59,2790,50
2020-06-16,Glenn,021,27897,71,30,0,30,0
2020-06-16,Humboldt,023,135768,135,105,0,105,3
2020-06-16,Imperial,025,180216,6344,3939,4,3943,36
2020-06-16,Inyo,027,18085,25,24,0,24,1
2020-06-16,Kern,029,883053,4939,3496,13,3509,55
2020-06-16,Kings,031,150075,2162,1044,5,1049,6
2020-06-16,Lake,033,64148,44,31,0,31,0
2020-06-16,Lassen,035,31185,15,5,2,7,0
2020-06-16,Los Angeles,037,10098052,86632,75051,23,75074,2942
2020-06-16,Madera,039,155013,533,239,2,241,3
2020-06-16,Marin,041,260295,1203,725,3,728,17
2020-06-16,Mariposa,043,17540,18,17,0,17,1
2020-06-16,Mendocino,045,87422,61,35,0,35,0
2020-06-16,Merced,047,269075,815,436,1,437,7
2020-06-16,Modoc,049,8938,1,0,0,0,0
2020-06-16,Mono,051,14174,42,34,0,34,1
2020-06-16,Monterey,053,433212,1413,1019,5,1024,12
2020-06-16,Napa,055,140530,257,196,0,196,3
2020-06-16,Nevada,057,99092,91,53,1,54,1
2020-06-16,Orange,059,3164182,13581,9163,102,9265,223
2020-06-16,Placer,061,380077,577,392,3,395,9
2020-06-16,Plumas,063,18699,6,5,0,5,0
2020-06-16,Riverside,065,2383286,15247,11638,24,11662,364
2020-06-16,Sacramento,067,1510023,2286,1825,4,1829,60
2020-06-16,San Benito,069,59416,190,110,0,110,2
2020-06-16,San Bernardino,071,2135413,11003,7463,7,7470,225
2020-06-16,San Diego,073,3302833,11677,9732,1,9733,323
2020-06-16,San Francisco,075,870044,3208,2893,1,2894,46
2020-06-16,San Joaquin,077,732212,2634,1718,3,1721,47
2020-06-16,San Luis Obispo,079,281455,531,343,5,348,1
2020-06-16,San Mateo,081,765935,2948,2618,3,2621,77
2020-06-16,Santa Barbara,083,443738,2601,2090,17,2107,16
2020-06-16,Santa Clara,085,1922200,4337,3228,15,3243,148
2020-06-16,Santa Cruz,087,273765,322,257,0,257,2
2020-06-16,Shasta,089,179085,115,51,0,51,4
2020-06-16,Sierra,091,2930,1,1,0,1,0
2020-06-16,Siskiyou,093,43540,27,15,0,15,0
2020-06-16,Solano,095,438530,1060,694,4,698,19
2020-06-16,Sonoma,097,501317,953,739,2,741,4
2020-06-16,Stanislaus,099,539301,2072,1278,6,1284,36
2020-06-16,Sutter,101,95872,112,73,0,73,2
2020-06-16,Tehama,103,63373,37,24,2,26,1
2020-06-16,Trinity,105,12862,14,2,3,5,0
2020-06-16,Tulare,107,460477,3969,2802,10,2812,96
2020-06-16,Tuolumne,109,53932,12,7,0,7,0
2020-06-16,Ventura,111,848112,2573,1676,14,1690,37
2020-06-16,Yolo,113,214977,380,262,0,262,24
2020-06-16,Yuba,115,75493,39,29,0,29,1
2020-06-15,Alameda,001,1643700,5189,4323,7,4330,112
2020-06-15,Alpine,003,1148,1,1,0,1,0
2020-06-15,Amador,005,37829,12,10,0,10,0
2020-06-15,Butte,007,227075,133,78,10,88,1
2020-06-15,Calaveras,009,45235,34,18,0,18,0
2020-06-15,Colusa,011,21464,14,7,0,7,0
2020-06-15,Contra Costa,013,1133247,2338,1918,2,1920,43
2020-06-15,Del Norte,015,27424,47,45,0,45,0
2020-06-15,El Dorado,017,186661,171,114,1,115,0
2020-06-15,Fresno,019,978130,5219,2616,58,2674,48
2020-06-15,Glenn,021,27897,66,21,0,21,0
2020-06-15,Humboldt,023,135768,133,105,0,105,3
2020-06-15,Imperial,025,180216,6169,3726,4,3730,36
2020-06-15,Inyo,027,18085,25,23,0,23,1
2020-06-15,Kern,029,883053,4716,3417,13,3430,55
2020-06-15,Kings,031,150075,2085,1022,5,1027,6
2020-06-15,Lake,033,64148,44,31,0,31,0
2020-06-15,Lassen,035,31185,15,5,2,7,0
2020-06-15,Los Angeles,037,10098052,84445,73705,23,73728,2908
2020-06-15,Madera,039,155013,511,203,2,205,3
2020-06-15,Marin,041,260295,1036,708,3,711,17
2020-06-15,Mariposa,043,17540,18,17,0,17,1
2020-06-15,Mendocino,045,87422,52,33,0,33,0
2020-06-15,Merced,047,269075,769,414,1,415,7
2020-06-15,Modoc,049,8938,1,0,0,0,0
2020-06-15,Mono,051,14174,42,34,0,34,1
2020-06-15,Monterey,053,433212,1347,998,5,1003,12
2020-06-15,Napa,055,140530,249,187,0,187,3
2020-06-15,Nevada,057,99092,85,52,1,53,1
2020-06-15,Orange,059,3164182,13012,8944,94,9038,212
2020-06-15,Placer,061,380077,555,386,3,389,9
2020-06-15,Plumas,063,18699,6,4,0,4,0
2020-06-15,Riverside,065,2383286,14629,11376,23,11399,364
2020-06-15,Sacramento,067,1510023,2170,1791,4,1795,60
2020-06-15,San Benito,069,59416,184,108,0,108,2
2020-06-15,San Bernardino,071,2135413,10500,7189,7,7196,224
2020-06-15,San Diego,073,3302833,11337,9612,1,9613,320
2020-06-15,San Francisco,075,870044,3164,2833,1,2834,45
2020-06-15,San Joaquin,077,732212,2498,1667,3,1670,43
2020-06-15,San Luis Obispo,079,281455,516,332,5,337,1
2020-06-15,San Mateo,081,765935,2901,2591,3,2594,75
2020-06-15,Santa Barbara,083,443738,2533,2054,17,2071,16
2020-06-15,Santa Clara,085,1922200,4237,3204,15,3219,148
2020-06-15,Santa Cruz,087,273765,311,254,0,254,2
2020-06-15,Shasta,089,179085,109,50,0,50,4
2020-06-15,Sierra,091,2930,1,1,0,1,0
2020-06-15,Siskiyou,093,43540,26,14,0,14,0
2020-06-15,Solano,095,438530,1000,638,4,642,19
2020-06-15,Sonoma,097,501317,924,726,2,728,4
2020-06-15,Stanislaus,099,539301,1955,1253,6,1259,35
2020-06-15,Sutter,101,95872,102,71,0,71,2
2020-06-15,Tehama,103,63373,37,17,2,19,1
2020-06-15,Trinity,105,12862,13,2,3,5,0
2020-06-15,Tulare,107,460477,3855,2662,10,2672,96
2020-06-15,Tuolumne,109,53932,11,7,0,7,0
2020-06-15,Ventura,111,848112,2492,1656,14,1670,37
2020-06-15,Yolo,113,214977,360,255,0,255,24
2020-06-15,Yuba,115,75493,39,28,0,28,1
2020-06-14,Alameda,001,1643700,5042,4271,7,4278,112
2020-06-14,Alpine,003,1148,1,1,0,1,0
2020-06-14,Amador,005,37829,12,10,0,10,0
2020-06-14,Butte,007,227075,125,78,10,88,1
2020-06-14,Calaveras,009,45235,33,18,0,18,0
2020-06-14,Colusa,011,21464,13,7,0,7,0
2020-06-14,Contra Costa,013,1133247,2270,1893,2,1895,43
2020-06-14,Del Norte,015,27424,47,45,0,45,0
2020-06-14,El Dorado,017,186661,167,110,1,111,0
2020-06-14,Fresno,019,978130,5034,2585,57,2642,48
2020-06-14,Glenn,021,27897,51,21,0,21,0
2020-06-14,Humboldt,023,135768,129,105,0,105,3
2020-06-14,Imperial,025,180216,5938,3730,4,3734,36
2020-06-14,Inyo,027,18085,24,23,0,23,1
2020-06-14,Kern,029,883053,4505,3328,13,3341,55
2020-06-14,Kings,031,150075,2034,1022,4,1026,6
2020-06-14,Lake,033,64148,41,31,0,31,0
2020-06-14,Lassen,035,31185,15,5,2,7,0
2020-06-14,Los Angeles,037,10098052,82120,72932,22,72954,2887
2020-06-14,Madera,039,155013,492,203,2,205,3
2020-06-14,Marin,041,260295,871,689,2,691,17
2020-06-14,Mariposa,043,17540,18,16,0,16,1
2020-06-14,Mendocino,045,87422,49,33,0,33,0
2020-06-14,Merced,047,269075,718,403,1,404,7
2020-06-14,Modoc,049,8938,1,0,0,0,0
2020-06-14,Mono,051,14174,42,34,0,34,1
2020-06-14,Monterey,053,433212,1286,949,5,954,12
2020-06-14,Napa,055,140530,227,181,0,181,3
2020-06-14,Nevada,057,99092,81,52,1,53,1
2020-06-14,Orange,059,3164182,12584,8744,90,8834,211
2020-06-14,Placer,061,380077,529,369,3,372,9
2020-06-14,Plumas,063,18699,5,4,0,4,0
2020-06-14,Riverside,065,2383286,14186,11218,23,11241,364
2020-06-14,Sacramento,067,1510023,2083,1750,4,1754,60
2020-06-14,San Benito,069,59416,173,104,0,104,2
2020-06-14,San Bernardino,071,2135413,9961,7015,7,7022,224
2020-06-14,San Diego,073,3302833,10962,9442,1,9443,319
2020-06-14,San Francisco,075,870044,3124,2834,1,2835,45
2020-06-14,San Joaquin,077,732212,2347,1603,3,1606,43
2020-06-14,San Luis Obispo,079,281455,501,330,5,335,1
2020-06-14,San Mateo,081,765935,2843,2571,3,2574,75
2020-06-14,Santa Barbara,083,443738,2456,2049,17,2066,17
2020-06-14,Santa Clara,085,1922200,4142,3178,15,3193,148
2020-06-14,Santa Cruz,087,273765,297,254,0,254,2
2020-06-14,Shasta,089,179085,103,48,0,48,4
2020-06-14,Sierra,091,2930,1,1,0,1,0
2020-06-14,Siskiyou,093,43540,25,13,0,13,0
2020-06-14,Solano,095,438530,951,638,4,642,19
2020-06-14,Sonoma,097,501317,896,724,2,726,4
2020-06-14,Stanislaus,099,539301,1806,1159,6,1165,35
2020-06-14,Sutter,101,95872,97,63,0,63,2
2020-06-14,Tehama,103,63373,34,17,2,19,1
2020-06-14,Trinity,105,12862,13,2,3,5,0
2020-06-14,Tulare,107,460477,3721,2646,10,2656,96
2020-06-14,Tuolumne,109,53932,11,7,0,7,0
2020-06-14,Ventura,111,848112,2393,1610,13,1623,37
2020-06-14,Yolo,113,214977,344,254,0,254,24
2020-06-14,Yuba,115,75493,38,28,0,28,1
2020-06-13,Alameda,001,1643700,4979,4196,7,4203,112
2020-06-13,Alpine,003,1148,1,1,0,1,0
2020-06-13,Amador,005,37829,11,10,0,10,0
2020-06-13,Butte,007,227075,116,72,10,82,1
2020-06-13,Calaveras,009,45235,31,18,0,18,0
2020-06-13,Colusa,011,21464,12,7,0,7,0
2020-06-13,Contra Costa,013,1133247,2234,1868,2,1870,43
2020-06-13,Del Norte,015,27424,47,45,0,45,0
2020-06-13,El Dorado,017,186661,163,110,1,111,0
2020-06-13,Fresno,019,978130,4936,2499,57,2556,48
2020-06-13,Glenn,021,27897,49,21,0,21,0
2020-06-13,Humboldt,023,135768,128,104,0,104,3
2020-06-13,Imperial,025,180216,5865,3646,4,3650,36
2020-06-13,Inyo,027,18085,24,23,0,23,1
2020-06-13,Kern,029,883053,4396,3239,13,3252,55
2020-06-13,Kings,031,150075,2014,1023,4,1027,6
2020-06-13,Lake,033,64148,40,29,0,29,0
2020-06-13,Lassen,035,31185,15,5,2,7,0
2020-06-13,Los Angeles,037,10098052,81079,71938,22,71960,2874
2020-06-13,Madera,039,155013,488,203,2,205,3
2020-06-13,Marin,041,260295,840,677,2,679,17
2020-06-13,Mariposa,043,17540,18,16,0,16,1
2020-06-13,Mendocino,045,87422,49,33,0,33,0
2020-06-13,Merced,047,269075,700,376,1,377,7
2020-06-13,Modoc,049,8938,1,0,0,0,0
2020-06-13,Mono,051,14174,42,35,0,35,1
2020-06-13,Monterey,053,433212,1248,900,5,905,11
2020-06-13,Napa,055,140530,224,171,0,171,3
2020-06-13,Nevada,057,99092,79,52,1,53,1
2020-06-13,Orange,059,3164182,12340,8581,87,8668,211
2020-06-13,Placer,061,380077,512,346,3,349,9
2020-06-13,Plumas,063,18699,5,4,0,4,0
2020-06-13,Riverside,065,2383286,13907,10931,23,10954,364
2020-06-13,Sacramento,067,1510023,2028,1713,4,1717,60
2020-06-13,San Benito,069,59416,166,99,0,99,2
2020-06-13,San Bernardino,071,2135413,9738,6885,7,6892,224
2020-06-13,San Diego,073,3302833,10790,9316,1,9317,319
2020-06-13,San Francisco,075,870044,3104,2834,1,2835,44
2020-06-13,San Joaquin,077,732212,2266,1461,3,1464,43
2020-06-13,San Luis Obispo,079,281455,490,326,5,331,1
2020-06-13,San Mateo,081,765935,2820,2551,3,2554,75
2020-06-13,Santa Barbara,083,443738,2398,1999,17,2016,15
2020-06-13,Santa Clara,085,1922200,4099,3141,15,3156,148
2020-06-13,Santa Cruz,087,273765,291,254,0,254,2
2020-06-13,Shasta,089,179085,101,48,0,48,4
2020-06-13,Sierra,091,2930,1,1,0,1,0
2020-06-13,Siskiyou,093,43540,25,13,0,13,0
2020-06-13,Solano,095,438530,923,637,4,641,19
2020-06-13,Sonoma,097,501317,881,711,2,713,4
2020-06-13,Stanislaus,099,539301,1749,1122,6,1128,33
2020-06-13,Sutter,101,95872,96,62,0,62,2
2020-06-13,Tehama,103,63373,33,17,2,19,1
2020-06-13,Trinity,105,12862,13,2,3,5,0
2020-06-13,Tulare,107,460477,3689,2626,10,2636,96
2020-06-13,Tuolumne,109,53932,10,7,0,7,0
2020-06-13,Ventura,111,848112,2347,1567,13,1580,37
2020-06-13,Yolo,113,214977,324,251,0,251,24
2020-06-13,Yuba,115,75493,38,28,0,28,1
2020-06-12,Alameda,001,1643700,4906,4167,7,4174,109
2020-06-12,Alpine,003,1148,1,1,0,1,0
2020-06-12,Amador,005,37829,11,10,0,10,0
2020-06-12,Butte,007,227075,112,71,9,80,1
2020-06-12,Calaveras,009,45235,28,18,0,18,0
2020-06-12,Colusa,011,21464,12,7,0,7,0
2020-06-12,Contra Costa,013,1133247,2197,1827,2,1829,43
2020-06-12,Del Norte,015,27424,47,45,0,45,0
2020-06-12,El Dorado,017,186661,163,110,1,111,0
2020-06-12,Fresno,019,978130,4798,2428,57,2485,47
2020-06-12,Glenn,021,27897,46,21,0,21,0
2020-06-12,Humboldt,023,135768,126,105,0,105,3
2020-06-12,Imperial,025,180216,5781,3543,4,3547,36
2020-06-12,Inyo,027,18085,24,23,0,23,1
2020-06-12,Kern,029,883053,4279,3152,13,3165,54
2020-06-12,Kings,031,150075,2001,987,4,991,6
2020-06-12,Lake,033,64148,39,29,0,29,0
2020-06-12,Lassen,035,31185,15,5,2,7,0
2020-06-12,Los Angeles,037,10098052,79674,70385,22,70407,2814
2020-06-12,Madera,039,155013,463,187,2,189,3
2020-06-12,Marin,041,260295,837,649,2,651,17
2020-06-12,Mariposa,043,17540,18,16,0,16,1
2020-06-12,Mendocino,045,87422,49,33,0,33,0
2020-06-12,Merced,047,269075,666,372,1,373,7
2020-06-12,Modoc,049,8938,1,0,0,0,0
2020-06-12,Mono,051,14174,39,35,0,35,1
2020-06-12,Monterey,053,433212,1207,864,4,868,11
2020-06-12,Napa,055,140530,221,162,0,162,3
2020-06-12,Nevada,057,99092,73,52,1,53,1
2020-06-12,Orange,059,3164182,12034,8440,86,8526,203
2020-06-12,Placer,061,380077,495,333,3,336,9
2020-06-12,Plumas,063,18699,5,4,0,4,0
2020-06-12,Riverside,065,2383286,13570,10616,23,10639,364
2020-06-12,Sacramento,067,1510023,1973,1702,4,1706,60
2020-06-12,San Benito,069,59416,159,96,0,96,2
2020-06-12,San Bernardino,071,2135413,9469,6707,7,6714,223
2020-06-12,San Diego,073,3302833,10620,9132,1,9133,313
2020-06-12,San Francisco,075,870044,3070,2823,1,2824,44
2020-06-12,San Joaquin,077,732212,2186,1406,3,1409,43
2020-06-12,San Luis Obispo,079,281455,474,321,5,326,1
2020-06-12,San Mateo,081,765935,2785,2533,3,2536,75
2020-06-12,Santa Barbara,083,443738,2344,1969,17,1986,14
2020-06-12,Santa Clara,085,1922200,4055,3099,15,3114,149
2020-06-12,Santa Cruz,087,273765,283,251,0,251,2
2020-06-12,Shasta,089,179085,94,48,0,48,5
2020-06-12,Sierra,091,2930,1,1,0,1,0
2020-06-12,Siskiyou,093,43540,25,13,0,13,0
2020-06-12,Solano,095,438530,909,620,4,624,19
2020-06-12,Sonoma,097,501317,862,696,2,698,4
2020-06-12,Stanislaus,099,539301,1690,1092,6,1098,33
2020-06-12,Sutter,101,95872,95,56,0,56,2
2020-06-12,Tehama,103,63373,32,13,2,15,1
2020-06-12,Trinity,105,12862,13,2,3,5,0
2020-06-12,Tulare,107,460477,3635,2552,10,2562,95
2020-06-12,Tuolumne,109,53932,10,7,0,7,0
2020-06-12,Ventura,111,848112,2295,1534,13,1547,35
2020-06-12,Yolo,113,214977,312,243,0,243,24
2020-06-12,Yuba,115,75493,36,27,0,27,1
2020-06-11,Alameda,001,1643700,4777,4073,6,4079,108
2020-06-11,Alpine,003,1148,1,1,0,1,0
2020-06-11,Amador,005,37829,10,10,0,10,0
2020-06-11,Butte,007,227075,106,72,9,81,1
2020-06-11,Calaveras,009,45235,27,16,0,16,0
2020-06-11,Colusa,011,21464,12,7,0,7,0
2020-06-11,Contra Costa,013,1133247,2144,1797,2,1799,43
2020-06-11,Del Norte,015,27424,47,45,0,45,0
2020-06-11,El Dorado,017,186661,155,109,1,110,0
2020-06-11,Fresno,019,978130,4645,2338,57,2395,45
2020-06-11,Glenn,021,27897,42,21,0,21,0
2020-06-11,Humboldt,023,135768,122,113,0,113,3
2020-06-11,Imperial,025,180216,5624,3463,4,3467,36
2020-06-11,Inyo,027,18085,22,23,0,23,1
2020-06-11,Kern,029,883053,4127,3047,11,3058,54
2020-06-11,Kings,031,150075,1968,963,4,967,6
2020-06-11,Lake,033,64148,39,28,0,28,0
2020-06-11,Lassen,035,31185,15,5,2,7,0
2020-06-11,Los Angeles,037,10098052,78008,68807,21,68828,2800
2020-06-11,Madera,039,155013,445,178,2,180,3
2020-06-11,Marin,041,260295,789,637,2,639,17
2020-06-11,Mariposa,043,17540,18,16,0,16,1
2020-06-11,Mendocino,045,87422,40,35,0,35,0
2020-06-11,Merced,047,269075,626,370,1,371,7
2020-06-11,Modoc,049,8938,1,0,0,0,0
2020-06-11,Mono,051,14174,39,35,0,35,1
2020-06-11,Monterey,053,433212,1160,813,4,817,11
2020-06-11,Napa,055,140530,212,162,0,162,3
2020-06-11,Nevada,057,99092,67,50,1,51,1
2020-06-11,Orange,059,3164182,11726,8304,85,8389,188
2020-06-11,Placer,061,380077,476,321,3,324,9
2020-06-11,Plumas,063,18699,5,4,0,4,0
2020-06-11,Riverside,065,2383286,13217,10014,23,10037,361
2020-06-11,Sacramento,067,1510023,1925,1669,4,1673,60
2020-06-11,San Benito,069,59416,153,94,0,94,2
2020-06-11,San Bernardino,071,2135413,9172,6509,7,6516,221
2020-06-11,San Diego,073,3302833,10390,9000,0,9000,308
2020-06-11,San Francisco,075,870044,3041,2766,1,2767,44
2020-06-11,San Joaquin,077,732212,2074,1351,3,1354,43
2020-06-11,San Luis Obispo,079,281455,460,307,5,312,1
2020-06-11,San Mateo,081,765935,2747,2499,3,2502,74
2020-06-11,Santa Barbara,083,443738,2283,1895,17,1912,14
2020-06-11,Santa Clara,085,1922200,3988,3049,15,3064,149
2020-06-11,Santa Cruz,087,273765,279,247,0,247,2
2020-06-11,Shasta,089,179085,87,47,0,47,5
2020-06-11,Sierra,091,2930,1,1,0,1,0
2020-06-11,Siskiyou,093,43540,25,14,0,14,0
2020-06-11,Solano,095,438530,883,616,4,620,19
2020-06-11,Sonoma,097,501317,840,682,2,684,4
2020-06-11,Stanislaus,099,539301,1599,1062,6,1068,30
2020-06-11,Sutter,101,95872,92,56,0,56,2
2020-06-11,Tehama,103,63373,27,10,2,12,1
2020-06-11,Trinity,105,12862,11,2,3,5,0
2020-06-11,Tulare,107,460477,3536,2473,10,2483,95
2020-06-11,Tuolumne,109,53932,10,7,0,7,0
2020-06-11,Ventura,111,848112,2218,1491,12,1503,34
2020-06-11,Yolo,113,214977,304,230,0,230,24
2020-06-11,Yuba,115,75493,36,27,0,27,1
2020-06-10,Alameda,001,1643700,4677,4027,6,4033,107
2020-06-10,Alpine,003,1148,1,1,0,1,0
2020-06-10,Amador,005,37829,10,10,0,10,0
2020-06-10,Butte,007,227075,102,71,9,80,1
2020-06-10,Calaveras,009,45235,27,16,0,16,0
2020-06-10,Colusa,011,21464,11,7,0,7,0
2020-06-10,Contra Costa,013,1133247,2100,1778,2,1780,43
2020-06-10,Del Norte,015,27424,47,45,0,45,0
2020-06-10,El Dorado,017,186661,152,109,1,110,0
2020-06-10,Fresno,019,978130,4468,2324,57,2381,45
2020-06-10,Glenn,021,27897,39,21,0,21,0
2020-06-10,Humboldt,023,135768,118,112,0,112,3
2020-06-10,Imperial,025,180216,5476,3454,4,3458,36
2020-06-10,Inyo,027,18085,22,23,0,23,1
2020-06-10,Kern,029,883053,4002,3000,10,3010,54
2020-06-10,Kings,031,150075,1922,952,3,955,6
2020-06-10,Lake,033,64148,39,28,0,28,0
2020-06-10,Lassen,035,31185,15,5,2,7,0
2020-06-10,Los Angeles,037,10098052,76493,67018,21,67039,2752
2020-06-10,Madera,039,155013,431,176,1,177,3
2020-06-10,Marin,041,260295,757,633,2,635,17
2020-06-10,Mariposa,043,17540,17,16,0,16,1
2020-06-10,Mendocino,045,87422,39,35,0,35,0
2020-06-10,Merced,047,269075,593,370,1,371,7
2020-06-10,Modoc,049,8938,1,0,0,0,0
2020-06-10,Mono,051,14174,39,35,0,35,1
2020-06-10,Monterey,053,433212,1106,791,4,795,11
2020-06-10,Napa,055,140530,209,159,0,159,3
2020-06-10,Nevada,057,99092,65,50,1,51,1
2020-06-10,Orange,059,3164182,11450,8222,81,8303,184
2020-06-10,Placer,061,380077,451,309,3,312,9
2020-06-10,Plumas,063,18699,5,4,0,4,0
2020-06-10,Riverside,065,2383286,12894,9857,23,9880,361
2020-06-10,Sacramento,067,1510023,1886,1643,2,1645,59
2020-06-10,San Benito,069,59416,144,94,0,94,2
2020-06-10,San Bernardino,071,2135413,8879,6438,7,6445,219
2020-06-10,San Diego,073,3302833,10226,8839,0,8839,305
2020-06-10,San Francisco,075,870044,3016,2774,1,2775,44
2020-06-10,San Joaquin,077,732212,1945,1282,3,1285,41
2020-06-10,San Luis Obispo,079,281455,440,306,5,311,1
2020-06-10,San Mateo,081,765935,2707,2492,3,2495,74
2020-06-10,Santa Barbara,083,443738,2227,1878,17,1895,13
2020-06-10,Santa Clara,085,1922200,3937,3032,15,3047,149
2020-06-10,Santa Cruz,087,273765,275,242,0,242,2
2020-06-10,Shasta,089,179085,82,45,0,45,5
2020-06-10,Sierra,091,2930,1,1,0,1,0
2020-06-10,Siskiyou,093,43540,25,14,0,14,0
2020-06-10,Solano,095,438530,847,608,4,612,19
2020-06-10,Sonoma,097,501317,822,673,2,675,4
2020-06-10,Stanislaus,099,539301,1509,1030,6,1036,29
2020-06-10,Sutter,101,95872,91,56,0,56,2
2020-06-10,Tehama,103,63373,25,10,2,12,1
2020-06-10,Trinity,105,12862,11,2,3,5,0
2020-06-10,Tulare,107,460477,3443,2455,10,2465,95
2020-06-10,Tuolumne,109,53932,10,7,0,7,0
2020-06-10,Ventura,111,848112,2172,1446,11,1457,34
2020-06-10,Yolo,113,214977,296,226,0,226,24
2020-06-10,Yuba,115,75493,35,27,0,27,1
2020-06-09,Alameda,001,1643700,4566,3963,6,3969,103
2020-06-09,Alpine,003,1148,1,1,0,1,0
2020-06-09,Amador,005,37829,10,10,0,10,0
2020-06-09,Butte,007,227075,101,70,8,78,1
2020-06-09,Calaveras,009,45235,27,16,0,16,0
2020-06-09,Colusa,011,21464,10,7,0,7,0
2020-06-09,Contra Costa,013,1133247,2059,1744,2,1746,42
2020-06-09,Del Norte,015,27424,47,45,0,45,0
2020-06-09,El Dorado,017,186661,142,108,1,109,0
2020-06-09,Fresno,019,978130,4317,2278,57,2335,43
2020-06-09,Glenn,021,27897,38,19,0,19,0
2020-06-09,Humboldt,023,135768,116,113,0,113,2
2020-06-09,Imperial,025,180216,5325,3067,4,3071,36
2020-06-09,Inyo,027,18085,22,22,0,22,1
2020-06-09,Kern,029,883053,3874,2920,10,2930,51
2020-06-09,Kings,031,150075,1890,934,3,937,6
2020-06-09,Lake,033,64148,39,28,0,28,0
2020-06-09,Lassen,035,31185,15,5,2,7,0
2020-06-09,Los Angeles,037,10098052,74833,65827,21,65848,2692
2020-06-09,Madera,039,155013,416,172,1,173,3
2020-06-09,Marin,041,260295,721,616,2,618,17
2020-06-09,Mariposa,043,17540,17,16,0,16,1
2020-06-09,Mendocino,045,87422,35,35,0,35,0
2020-06-09,Merced,047,269075,564,349,1,350,7
2020-06-09,Modoc,049,8938,1,0,0,0,0
2020-06-09,Mono,051,14174,39,35,0,35,1
2020-06-09,Monterey,053,433212,1065,772,4,776,11
2020-06-09,Napa,055,140530,199,156,0,156,3
2020-06-09,Nevada,057,99092,57,50,1,51,1
2020-06-09,Orange,059,3164182,11208,7991,79,8070,174
2020-06-09,Placer,061,380077,438,301,3,304,9
2020-06-09,Plumas,063,18699,5,4,0,4,0
2020-06-09,Riverside,065,2383286,12516,9511,23,9534,354
2020-06-09,Sacramento,067,1510023,1832,1625,2,1627,59
2020-06-09,San Benito,069,59416,138,95,0,95,2
2020-06-09,San Bernardino,071,2135413,8556,6268,6,6274,217
2020-06-09,San Diego,073,3302833,10041,8731,0,8731,301
2020-06-09,San Francisco,075,870044,2991,2749,1,2750,44
2020-06-09,San Joaquin,077,732212,1839,1240,3,1243,41
2020-06-09,San Luis Obispo,079,281455,427,301,4,305,1
2020-06-09,San Mateo,081,765935,2676,2463,3,2466,74
2020-06-09,Santa Barbara,083,443738,2171,1854,17,1871,13
2020-06-09,Santa Clara,085,1922200,3869,3006,14,3020,147
2020-06-09,Santa Cruz,087,273765,269,237,0,237,2
2020-06-09,Shasta,089,179085,78,44,0,44,4
2020-06-09,Sierra,091,2930,1,1,0,1,0
2020-06-09,Siskiyou,093,43540,20,10,0,10,0
2020-06-09,Solano,095,438530,812,596,4,600,18
2020-06-09,Sonoma,097,501317,799,661,2,663,4
2020-06-09,Stanislaus,099,539301,1408,993,6,999,25
2020-06-09,Sutter,101,95872,88,56,0,56,2
2020-06-09,Tehama,103,63373,25,9,2,11,1
2020-06-09,Trinity,105,12862,10,2,3,5,0
2020-06-09,Tulare,107,460477,3377,2393,10,2403,91
2020-06-09,Tuolumne,109,53932,10,8,0,8,0
2020-06-09,Ventura,111,848112,2106,1407,11,1418,34
2020-06-09,Yolo,113,214977,285,226,0,226,24
2020-06-09,Yuba,115,75493,34,27,0,27,1
2020-06-08,Alameda,001,1643700,4485,3937,6,3943,103
2020-06-08,Alpine,003,1148,1,1,0,1,0
2020-06-08,Amador,005,37829,10,10,0,10,0
2020-06-08,Butte,007,227075,97,68,8,76,1
2020-06-08,Calaveras,009,45235,27,16,0,16,0
2020-06-08,Colusa,011,21464,9,7,0,7,0
2020-06-08,Contra Costa,013,1133247,2016,1714,2,1716,41
2020-06-08,Del Norte,015,27424,47,45,0,45,0
2020-06-08,El Dorado,017,186661,138,107,1,108,0
2020-06-08,Fresno,019,978130,4194,2194,56,2250,42
2020-06-08,Glenn,021,27897,36,17,0,17,0
2020-06-08,Humboldt,023,135768,116,112,0,112,2
2020-06-08,Imperial,025,180216,5173,3051,4,3055,21
2020-06-08,Inyo,027,18085,22,22,0,22,1
2020-06-08,Kern,029,883053,3743,2853,9,2862,49
2020-06-08,Kings,031,150075,1814,892,3,895,6
2020-06-08,Lake,033,64148,39,28,0,28,0
2020-06-08,Lassen,035,31185,15,4,2,6,0
2020-06-08,Los Angeles,037,10098052,73373,64634,21,64655,2640
2020-06-08,Madera,039,155013,386,154,1,155,3
2020-06-08,Marin,041,260295,680,596,2,598,17
2020-06-08,Mariposa,043,17540,16,16,0,16,1
2020-06-08,Mendocino,045,87422,33,32,0,32,0
2020-06-08,Merced,047,269075,530,331,1,332,7
2020-06-08,Modoc,049,8938,1,0,0,0,0
2020-06-08,Mono,051,14174,39,35,0,35,1
2020-06-08,Monterey,053,433212,1014,751,3,754,10
2020-06-08,Napa,055,140530,183,151,0,151,3
2020-06-08,Nevada,057,99092,56,50,1,51,1
2020-06-08,Orange,059,3164182,10957,7786,77,7863,160
2020-06-08,Placer,061,380077,421,290,3,293,9
2020-06-08,Plumas,063,18699,5,4,0,4,0
2020-06-08,Riverside,065,2383286,12147,9246,23,9269,347
2020-06-08,Sacramento,067,1510023,1782,1591,2,1593,59
2020-06-08,San Benito,069,59416,131,93,0,93,2
2020-06-08,San Bernardino,071,2135413,8237,6122,6,6128,214
2020-06-08,San Diego,073,3302833,9884,8621,0,8621,296
2020-06-08,San Francisco,075,870044,2964,2715,1,2716,43
2020-06-08,San Joaquin,077,732212,1732,1198,3,1201,40
2020-06-08,San Luis Obispo,079,281455,421,300,4,304,1
2020-06-08,San Mateo,081,765935,2645,2431,2,2433,74
2020-06-08,Santa Barbara,083,443738,2116,1824,15,1839,13
2020-06-08,Santa Clara,085,1922200,3823,2971,14,2985,146
2020-06-08,Santa Cruz,087,273765,268,234,0,234,2
2020-06-08,Shasta,089,179085,74,43,0,43,4
2020-06-08,Sierra,091,2930,1,1,0,1,0
2020-06-08,Siskiyou,093,43540,20,8,0,8,0
2020-06-08,Solano,095,438530,785,560,4,564,19
2020-06-08,Sonoma,097,501317,783,654,2,656,4
2020-06-08,Stanislaus,099,539301,1325,956,6,962,28
2020-06-08,Sutter,101,95872,81,55,0,55,2
2020-06-08,Tehama,103,63373,19,8,2,10,1
2020-06-08,Trinity,105,12862,10,2,3,5,0
2020-06-08,Tulare,107,460477,3294,2301,10,2311,91
2020-06-08,Tuolumne,109,53932,9,8,0,8,0
2020-06-08,Ventura,111,848112,2048,1382,11,1393,30
2020-06-08,Yolo,113,214977,274,228,0,228,24
2020-06-08,Yuba,115,75493,32,27,0,27,1
2020-06-07,Alameda,001,1643700,4372,3866,6,3872,102
2020-06-07,Alpine,003,1148,1,1,0,1,0
2020-06-07,Amador,005,37829,10,10,0,10,0
2020-06-07,Butte,007,227075,95,64,6,70,1
2020-06-07,Calaveras,009,45235,25,16,0,16,0
2020-06-07,Colusa,011,21464,9,7,0,7,0
2020-06-07,Contra Costa,013,1133247,1965,1653,1,1654,38
2020-06-07,Del Norte,015,27424,45,45,0,45,0
2020-06-07,El Dorado,017,186661,138,104,1,105,0
2020-06-07,Fresno,019,978130,4064,2144,56,2200,41
2020-06-07,Glenn,021,27897,29,16,0,16,0
2020-06-07,Humboldt,023,135768,116,112,0,112,2
2020-06-07,Imperial,025,180216,5023,3048,4,3052,19
2020-06-07,Inyo,027,18085,22,21,0,21,1
2020-06-07,Kern,029,883053,3612,2771,9,2780,46
2020-06-07,Kings,031,150075,1765,882,3,885,6
2020-06-07,Lake,033,64148,36,28,0,28,0
2020-06-07,Lassen,035,31185,14,4,2,6,0
2020-06-07,Los Angeles,037,10098052,71665,63750,21,63771,2629
2020-06-07,Madera,039,155013,369,149,1,150,3
2020-06-07,Marin,041,260295,666,584,2,586,17
2020-06-07,Mariposa,043,17540,16,16,0,16,1
2020-06-07,Mendocino,045,87422,33,32,0,32,0
2020-06-07,Merced,047,269075,497,318,1,319,7
2020-06-07,Modoc,049,8938,1,0,0,0,0
2020-06-07,Mono,051,14174,39,35,0,35,1
2020-06-07,Monterey,053,433212,968,732,3,735,10
2020-06-07,Napa,055,140530,175,142,0,142,3
2020-06-07,Nevada,057,99092,55,50,1,51,1
2020-06-07,Orange,059,3164182,10699,7643,75,7718,158
2020-06-07,Placer,061,380077,400,273,2,275,9
2020-06-07,Plumas,063,18699,5,4,0,4,0
2020-06-07,Riverside,065,2383286,11851,9105,23,9128,344
2020-06-07,Sacramento,067,1510023,1734,1568,2,1570,59
2020-06-07,San Benito,069,59416,128,92,0,92,2
2020-06-07,San Bernardino,071,2135413,7951,6033,6,6039,214
2020-06-07,San Diego,073,3302833,9705,8478,0,8478,296
2020-06-07,San Francisco,075,870044,2920,2674,0,2674,43
2020-06-07,San Joaquin,077,732212,1631,1126,3,1129,37
2020-06-07,San Luis Obispo,079,281455,411,296,4,300,1
2020-06-07,San Mateo,081,765935,2618,2399,2,2401,73
2020-06-07,Santa Barbara,083,443738,2061,1818,15,1833,13
2020-06-07,Santa Clara,085,1922200,3771,2947,14,2961,146
2020-06-07,Santa Cruz,087,273765,260,230,0,230,2
2020-06-07,Shasta,089,179085,73,41,0,41,4
2020-06-07,Sierra,091,2930,1,1,0,1,0
2020-06-07,Siskiyou,093,43540,20,8,0,8,0
2020-06-07,Solano,095,438530,762,560,4,564,19
2020-06-07,Sonoma,097,501317,752,639,2,641,4
2020-06-07,Stanislaus,099,539301,1245,905,5,910,28
2020-06-07,Sutter,101,95872,73,55,0,55,2
2020-06-07,Tehama,103,63373,16,8,2,10,1
2020-06-07,Trinity,105,12862,8,2,3,5,0
2020-06-07,Tulare,107,460477,3172,2219,10,2229,90
2020-06-07,Tuolumne,109,53932,9,4,0,4,0
2020-06-07,Ventura,111,848112,1982,1337,11,1348,30
2020-06-07,Yolo,113,214977,264,224,0,224,24
2020-06-07,Yuba,115,75493,32,27,0,27,1
2020-06-06,Alameda,001,1643700,4327,3801,6,3807,102
2020-06-06,Alpine,003,1148,1,1,0,1,0
2020-06-06,Amador,005,37829,10,10,0,10,0
2020-06-06,Butte,007,227075,94,63,6,69,1
2020-06-06,Calaveras,009,45235,23,16,0,16,0
2020-06-06,Colusa,011,21464,9,7,0,7,0
2020-06-06,Contra Costa,013,1133247,1944,1619,1,1620,37
2020-06-06,Del Norte,015,27424,45,45,0,45,0
2020-06-06,El Dorado,017,186661,133,104,1,105,0
2020-06-06,Fresno,019,978130,4009,2117,56,2173,41
2020-06-06,Glenn,021,27897,27,16,0,16,0
2020-06-06,Humboldt,023,135768,116,112,0,112,2
2020-06-06,Imperial,025,180216,4947,3047,4,3051,19
2020-06-06,Inyo,027,18085,22,21,0,21,1
2020-06-06,Kern,029,883053,3541,2695,9,2704,46
2020-06-06,Kings,031,150075,1746,882,3,885,6
2020-06-06,Lake,033,64148,36,28,0,28,0
2020-06-06,Lassen,035,31185,14,4,2,6,0
2020-06-06,Los Angeles,037,10098052,70910,62269,21,62290,2607
2020-06-06,Madera,039,155013,360,149,1,150,3
2020-06-06,Marin,041,260295,661,556,2,558,17
2020-06-06,Mariposa,043,17540,16,16,0,16,1
2020-06-06,Mendocino,045,87422,33,32,0,32,0
2020-06-06,Merced,047,269075,496,315,1,316,7
2020-06-06,Modoc,049,8938,1,0,0,0,0
2020-06-06,Mono,051,14174,39,35,0,35,1
2020-06-06,Monterey,053,433212,944,679,3,682,10
2020-06-06,Napa,055,140530,169,136,0,136,3
2020-06-06,Nevada,057,99092,54,50,1,51,1
2020-06-06,Orange,059,3164182,10540,7576,74,7650,157
2020-06-06,Placer,061,380077,388,270,2,272,9
2020-06-06,Plumas,063,18699,5,4,0,4,0
2020-06-06,Riverside,065,2383286,11673,8935,23,8958,345
2020-06-06,Sacramento,067,1510023,1711,1533,2,1535,59
2020-06-06,San Benito,069,59416,118,92,0,92,2
2020-06-06,San Bernardino,071,2135413,7802,5946,6,5952,214
2020-06-06,San Diego,073,3302833,9584,8347,0,8347,296
2020-06-06,San Francisco,075,870044,2905,2674,0,2674,43
2020-06-06,San Joaquin,077,732212,1591,1076,3,1079,37
2020-06-06,San Luis Obispo,079,281455,405,295,4,299,1
2020-06-06,San Mateo,081,765935,2603,2342,2,2344,72
2020-06-06,Santa Barbara,083,443738,2022,1815,15,1830,13
2020-06-06,Santa Clara,085,1922200,3730,2934,14,2948,144
2020-06-06,Santa Cruz,087,273765,258,226,0,226,2
2020-06-06,Shasta,089,179085,73,40,0,40,4
2020-06-06,Sierra,091,2930,1,1,0,1,0
2020-06-06,Siskiyou,093,43540,18,8,0,8,0
2020-06-06,Solano,095,438530,747,560,4,564,19
2020-06-06,Sonoma,097,501317,740,622,2,624,4
2020-06-06,Stanislaus,099,539301,1211,858,5,863,27
2020-06-06,Sutter,101,95872,73,51,0,51,2
2020-06-06,Tehama,103,63373,15,8,2,10,1
2020-06-06,Trinity,105,12862,8,2,2,4,0
2020-06-06,Tulare,107,460477,3139,2213,10,2223,90
2020-06-06,Tuolumne,109,53932,9,4,0,4,0
2020-06-06,Ventura,111,848112,1958,1303,11,1314,30
2020-06-06,Yolo,113,214977,262,223,0,223,24
2020-06-06,Yuba,115,75493,32,27,0,27,1
2020-06-05,Alameda,001,1643700,4276,3734,6,3740,102
2020-06-05,Alpine,003,1148,1,1,0,1,0
2020-06-05,Amador,005,37829,10,10,0,10,0
2020-06-05,Butte,007,227075,91,61,6,67,1
2020-06-05,Calaveras,009,45235,22,16,0,16,0
2020-06-05,Colusa,011,21464,9,7,0,7,0
2020-06-05,Contra Costa,013,1133247,1929,1575,1,1576,37
2020-06-05,Del Norte,015,27424,45,45,0,45,0
2020-06-05,El Dorado,017,186661,131,101,1,102,0
2020-06-05,Fresno,019,978130,3945,2051,55,2106,38
2020-06-05,Glenn,021,27897,25,16,0,16,0
2020-06-05,Humboldt,023,135768,115,111,0,111,2
2020-06-05,Imperial,025,180216,4840,2778,4,2782,19
2020-06-05,Inyo,027,18085,22,21,0,21,1
2020-06-05,Kern,029,883053,3452,2624,9,2633,46
2020-06-05,Kings,031,150075,1731,865,3,868,6
2020-06-05,Lake,033,64148,35,28,0,28,0
2020-06-05,Lassen,035,31185,13,4,2,6,0
2020-06-05,Los Angeles,037,10098052,69758,60955,21,60976,2553
2020-06-05,Madera,039,155013,338,144,1,145,3
2020-06-05,Marin,041,260295,652,546,2,548,17
2020-06-05,Mariposa,043,17540,16,16,0,16,1
2020-06-05,Mendocino,045,87422,33,32,0,32,0
2020-06-05,Merced,047,269075,494,309,1,310,7
2020-06-05,Modoc,049,8938,1,0,0,0,0
2020-06-05,Mono,051,14174,39,35,0,35,1
2020-06-05,Monterey,053,433212,912,649,3,652,10
2020-06-05,Napa,055,140530,166,123,0,123,3
2020-06-05,Nevada,057,99092,54,50,1,51,1
2020-06-05,Orange,059,3164182,10345,7391,73,7464,153
2020-06-05,Placer,061,380077,378,265,2,267,9
2020-06-05,Plumas,063,18699,5,4,0,4,0
2020-06-05,Riverside,065,2383286,11414,8700,23,8723,345
2020-06-05,Sacramento,067,1510023,1689,1514,2,1516,59
2020-06-05,San Benito,069,59416,116,92,0,92,2
2020-06-05,San Bernardino,071,2135413,7620,5869,5,5874,212
2020-06-05,San Diego,073,3302833,9469,8182,0,8182,294
2020-06-05,San Francisco,075,870044,2887,2675,0,2675,43
2020-06-05,San Joaquin,077,732212,1512,1046,3,1049,36
2020-06-05,San Luis Obispo,079,281455,398,293,4,297,1
2020-06-05,San Mateo,081,765935,2578,2331,2,2333,72
2020-06-05,Santa Barbara,083,443738,1991,1795,15,1810,13
2020-06-05,Santa Clara,085,1922200,3695,2902,14,2916,144
2020-06-05,Santa Cruz,087,273765,255,222,0,222,2
2020-06-05,Shasta,089,179085,72,40,0,40,4
2020-06-05,Sierra,091,2930,1,1,0,1,0
2020-06-05,Siskiyou,093,43540,16,8,0,8,0
2020-06-05,Solano,095,438530,740,558,4,562,19
2020-06-05,Sonoma,097,501317,719,618,2,620,4
2020-06-05,Stanislaus,099,539301,1178,842,5,847,27
2020-06-05,Sutter,101,95872,73,49,0,49,2
2020-06-05,Tehama,103,63373,15,7,2,9,1
2020-06-05,Trinity,105,12862,8,1,2,3,0
2020-06-05,Tulare,107,460477,3090,2180,10,2190,90
2020-06-05,Tuolumne,109,53932,9,4,0,4,0
2020-06-05,Ventura,111,848112,1925,1274,11,1285,30
2020-06-05,Yolo,113,214977,261,216,0,216,24
2020-06-05,Yuba,115,75493,32,27,0,27,1
2020-06-04,Alameda,001,1643700,4177,3643,6,3649,99
2020-06-04,Alpine,003,1148,1,1,0,1,0
2020-06-04,Amador,005,37829,10,10,0,10,0
2020-06-04,Butte,007,227075,87,57,5,62,1
2020-06-04,Calaveras,009,45235,22,15,0,15,0
2020-06-04,Colusa,011,21464,9,7,0,7,0
2020-06-04,Contra Costa,013,1133247,1872,1551,1,1552,37
2020-06-04,Del Norte,015,27424,45,45,0,45,0
2020-06-04,El Dorado,017,186661,129,101,1,102,0
2020-06-04,Fresno,019,978130,3840,2007,54,2061,35
2020-06-04,Glenn,021,27897,22,16,0,16,0
2020-06-04,Humboldt,023,135768,115,109,0,109,2
2020-06-04,Imperial,025,180216,4658,2631,4,2635,19
2020-06-04,Inyo,027,18085,22,20,0,20,1
2020-06-04,Kern,029,883053,3336,2530,9,2539,46
2020-06-04,Kings,031,150075,1661,842,3,845,6
2020-06-04,Lake,033,64148,34,27,0,27,0
2020-06-04,Lassen,035,31185,11,4,2,6,0
2020-06-04,Los Angeles,037,10098052,68291,59596,21,59617,2515
2020-06-04,Madera,039,155013,330,127,1,128,3
2020-06-04,Marin,041,260295,630,533,2,535,14
2020-06-04,Mariposa,043,17540,16,16,0,16,1
2020-06-04,Mendocino,045,87422,33,29,0,29,0
2020-06-04,Merced,047,269075,474,304,1,305,7
2020-06-04,Modoc,049,8938,1,0,0,0,0
2020-06-04,Mono,051,14174,39,35,0,35,1
2020-06-04,Monterey,053,433212,877,621,2,623,10
2020-06-04,Napa,055,140530,162,117,0,117,3
2020-06-04,Nevada,057,99092,53,49,1,50,1
2020-06-04,Orange,059,3164182,10093,7192,72,7264,148
2020-06-04,Placer,061,380077,362,256,2,258,9
2020-06-04,Plumas,063,18699,4,4,0,4,0
2020-06-04,Riverside,065,2383286,11136,8473,23,8496,341
2020-06-04,Sacramento,067,1510023,1661,1492,2,1494,58
2020-06-04,San Benito,069,59416,114,88,0,88,2
2020-06-04,San Bernardino,071,2135413,7351,5726,5,5731,207
2020-06-04,San Diego,073,3302833,9306,7942,0,7942,288
2020-06-04,San Francisco,075,870044,2854,2636,0,2636,43
2020-06-04,San Joaquin,077,732212,1450,1016,3,1019,36
2020-06-04,San Luis Obispo,079,281455,387,288,4,292,1
2020-06-04,San Mateo,081,765935,2551,2284,2,2286,72
2020-06-04,Santa Barbara,083,443738,1960,1750,14,1764,13
2020-06-04,Santa Clara,085,1922200,3660,2871,14,2885,144
2020-06-04,Santa Cruz,087,273765,249,218,0,218,2
2020-06-04,Shasta,089,179085,66,40,0,40,4
2020-06-04,Sierra,091,2930,1,1,0,1,0
2020-06-04,Siskiyou,093,43540,15,8,0,8,0
2020-06-04,Solano,095,438530,723,551,4,555,19
2020-06-04,Sonoma,097,501317,700,591,1,592,4
2020-06-04,Stanislaus,099,539301,1102,806,5,811,28
2020-06-04,Sutter,101,95872,68,46,0,46,2
2020-06-04,Tehama,103,63373,14,6,1,7,1
2020-06-04,Trinity,105,12862,8,1,2,3,0
2020-06-04,Tulare,107,460477,2973,2086,10,2096,90
2020-06-04,Tuolumne,109,53932,8,4,0,4,0
2020-06-04,Ventura,111,848112,1881,1236,10,1246,30
2020-06-04,Yolo,113,214977,256,216,0,216,24
2020-06-04,Yuba,115,75493,31,27,0,27,1
2020-06-03,Alameda,001,1643700,4118,3589,5,3594,99
2020-06-03,Alpine,003,1148,1,1,0,1,0
2020-06-03,Amador,005,37829,10,10,0,10,0
2020-06-03,Butte,007,227075,85,53,5,58,1
2020-06-03,Calaveras,009,45235,21,15,0,15,0
2020-06-03,Colusa,011,21464,9,7,0,7,0
2020-06-03,Contra Costa,013,1133247,1824,1511,1,1512,37
2020-06-03,Del Norte,015,27424,45,39,0,39,0
2020-06-03,El Dorado,017,186661,126,90,1,91,0
2020-06-03,Fresno,019,978130,3741,1943,54,1997,35
2020-06-03,Glenn,021,27897,22,16,0,16,0
2020-06-03,Humboldt,023,135768,115,103,0,103,2
2020-06-03,Imperial,025,180216,4485,2540,4,2544,19
2020-06-03,Inyo,027,18085,22,20,0,20,1
2020-06-03,Kern,029,883053,3240,2452,8,2460,44
2020-06-03,Kings,031,150075,1596,744,3,747,6
2020-06-03,Lake,033,64148,32,26,0,26,0
2020-06-03,Lassen,035,31185,11,4,2,6,0
2020-06-03,Los Angeles,037,10098052,66685,58166,21,58187,2472
2020-06-03,Madera,039,155013,322,117,1,118,3
2020-06-03,Marin,041,260295,612,527,2,529,14
2020-06-03,Mariposa,043,17540,16,16,0,16,1
2020-06-03,Mendocino,045,87422,32,29,0,29,0
2020-06-03,Merced,047,269075,460,299,1,300,7
2020-06-03,Modoc,049,8938,1,0,0,0,0
2020-06-03,Mono,051,14174,39,35,0,35,1
2020-06-03,Monterey,053,433212,849,592,2,594,10
2020-06-03,Napa,055,140530,161,116,0,116,3
2020-06-03,Nevada,057,99092,52,43,1,44,1
2020-06-03,Orange,059,3164182,9867,6939,71,7010,145
2020-06-03,Placer,061,380077,342,243,2,245,9
2020-06-03,Plumas,063,18699,4,4,0,4,0
2020-06-03,Riverside,065,2383286,10862,8208,23,8231,335
2020-06-03,Sacramento,067,1510023,1632,1457,2,1459,58
2020-06-03,San Benito,069,59416,108,88,0,88,2
2020-06-03,San Bernardino,071,2135413,7128,5565,5,5570,203
2020-06-03,San Diego,073,3302833,9158,7800,0,7800,283
2020-06-03,San Francisco,075,870044,2823,2608,0,2608,43
2020-06-03,San Joaquin,077,732212,1386,1004,3,1007,35
2020-06-03,San Luis Obispo,079,281455,382,279,4,283,1
2020-06-03,San Mateo,081,765935,2523,2243,2,2245,71
2020-06-03,Santa Barbara,083,443738,1926,1722,13,1735,12
2020-06-03,Santa Clara,085,1922200,3618,2836,14,2850,144
2020-06-03,Santa Cruz,087,273765,243,217,0,217,2
2020-06-03,Shasta,089,179085,63,40,0,40,4
2020-06-03,Sierra,091,2930,1,1,0,1,0
2020-06-03,Siskiyou,093,43540,14,8,0,8,0
2020-06-03,Solano,095,438530,698,543,2,545,18
2020-06-03,Sonoma,097,501317,688,578,1,579,4
2020-06-03,Stanislaus,099,539301,1062,780,5,785,27
2020-06-03,Sutter,101,95872,60,45,0,45,2
2020-06-03,Tehama,103,63373,14,6,1,7,1
2020-06-03,Trinity,105,12862,8,1,2,3,0
2020-06-03,Tulare,107,460477,2904,2041,10,2051,88
2020-06-03,Tuolumne,109,53932,6,4,0,4,0
2020-06-03,Ventura,111,848112,1814,1202,10,1212,30
2020-06-03,Yolo,113,214977,252,213,0,213,24
2020-06-03,Yuba,115,75493,31,27,0,27,1
2020-06-02,Alameda,001,1643700,4042,3517,5,3522,99
2020-06-02,Alpine,003,1148,1,1,0,1,0
2020-06-02,Amador,005,37829,10,10,0,10,0
2020-06-02,Butte,007,227075,81,51,4,55,1
2020-06-02,Calaveras,009,45235,21,15,0,15,0
2020-06-02,Colusa,011,21464,9,7,0,7,0
2020-06-02,Contra Costa,013,1133247,1792,1505,1,1506,37
2020-06-02,Del Norte,015,27424,45,39,0,39,0
2020-06-02,El Dorado,017,186661,125,88,1,89,0
2020-06-02,Fresno,019,978130,3628,1917,54,1971,34
2020-06-02,Glenn,021,27897,21,16,0,16,0
2020-06-02,Humboldt,023,135768,115,101,0,101,2
2020-06-02,Imperial,025,180216,4292,2459,4,2463,19
2020-06-02,Inyo,027,18085,20,20,0,20,1
2020-06-02,Kern,029,883053,3141,2406,6,2412,41
2020-06-02,Kings,031,150075,1568,720,3,723,5
2020-06-02,Lake,033,64148,32,25,0,25,0
2020-06-02,Lassen,035,31185,10,4,2,6,0
2020-06-02,Los Angeles,037,10098052,65281,57144,21,57165,2430
2020-06-02,Madera,039,155013,301,110,1,111,2
2020-06-02,Marin,041,260295,585,509,2,511,14
2020-06-02,Mariposa,043,17540,16,16,0,16,1
2020-06-02,Mendocino,045,87422,32,29,0,29,0
2020-06-02,Merced,047,269075,444,297,1,298,6
2020-06-02,Modoc,049,8938,1,0,0,0,0
2020-06-02,Mono,051,14174,39,35,0,35,1
2020-06-02,Monterey,053,433212,819,582,2,584,10
2020-06-02,Napa,055,140530,152,116,0,116,3
2020-06-02,Nevada,057,99092,51,41,1,42,1
2020-06-02,Orange,059,3164182,9666,6790,70,6860,142
2020-06-02,Placer,061,380077,328,226,2,228,9
2020-06-02,Plumas,063,18699,4,4,0,4,0
2020-06-02,Riverside,065,2383286,10566,8091,22,8113,330
2020-06-02,Sacramento,067,1510023,1603,1428,2,1430,58
2020-06-02,San Benito,069,59416,107,86,0,86,2
2020-06-02,San Bernardino,071,2135413,6921,5438,5,5443,202
2020-06-02,San Diego,073,3302833,9012,7676,0,7676,276
2020-06-02,San Francisco,075,870044,2788,2554,0,2554,43
2020-06-02,San Joaquin,077,732212,1320,985,3,988,35
2020-06-02,San Luis Obispo,079,281455,377,275,4,279,1
2020-06-02,San Mateo,081,765935,2488,2203,2,2205,71
2020-06-02,Santa Barbara,083,443738,1886,1703,13,1716,12
2020-06-02,Santa Clara,085,1922200,3568,2819,14,2833,144
2020-06-02,Santa Cruz,087,273765,238,215,0,215,2
2020-06-02,Shasta,089,179085,62,38,0,38,4
2020-06-02,Sierra,091,2930,1,1,0,1,0
2020-06-02,Siskiyou,093,43540,13,8,0,8,0
2020-06-02,Solano,095,438530,683,537,1,538,18
2020-06-02,Sonoma,097,501317,677,571,1,572,4
2020-06-02,Stanislaus,099,539301,1003,772,5,777,27
2020-06-02,Sutter,101,95872,57,43,0,43,2
2020-06-02,Tehama,103,63373,14,6,1,7,1
2020-06-02,Trinity,105,12862,8,1,2,3,0
2020-06-02,Tulare,107,460477,2824,2012,10,2022,86
2020-06-02,Tuolumne,109,53932,6,4,0,4,0
2020-06-02,Ventura,111,848112,1761,1178,10,1188,30
2020-06-02,Yolo,113,214977,250,213,0,213,24
2020-06-02,Yuba,115,75493,31,27,0,27,1
2020-06-01,Alameda,001,1643700,3976,3460,5,3465,98
2020-06-01,Alpine,003,1148,1,1,0,1,0
2020-06-01,Amador,005,37829,10,10,0,10,0
2020-06-01,Butte,007,227075,80,50,3,53,1
2020-06-01,Calaveras,009,45235,21,15,0,15,0
2020-06-01,Colusa,011,21464,9,7,0,7,0
2020-06-01,Contra Costa,013,1133247,1756,1486,1,1487,37
2020-06-01,Del Norte,015,27424,45,38,0,38,0
2020-06-01,El Dorado,017,186661,123,88,1,89,0
2020-06-01,Fresno,019,978130,3533,1854,52,1906,33
2020-06-01,Glenn,021,27897,21,16,0,16,0
2020-06-01,Humboldt,023,135768,115,98,0,98,2
2020-06-01,Imperial,025,180216,4070,2366,4,2370,14
2020-06-01,Inyo,027,18085,20,20,0,20,1
2020-06-01,Kern,029,883053,3058,2366,6,2372,38
2020-06-01,Kings,031,150075,1300,703,3,706,4
2020-06-01,Lake,033,64148,32,22,0,22,0
2020-06-01,Lassen,035,31185,10,4,2,6,0
2020-06-01,Los Angeles,037,10098052,63808,55899,21,55920,2367
2020-06-01,Madera,039,155013,289,103,1,104,2
2020-06-01,Marin,041,260295,544,495,2,497,14
2020-06-01,Mariposa,043,17540,16,16,0,16,1
2020-06-01,Mendocino,045,87422,32,28,0,28,0
2020-06-01,Merced,047,269075,425,289,1,290,6
2020-06-01,Modoc,049,8938,1,0,0,0,0
2020-06-01,Mono,051,14174,39,35,0,35,1
2020-06-01,Monterey,053,433212,795,554,2,556,10
2020-06-01,Napa,055,140530,149,114,0,114,3
2020-06-01,Nevada,057,99092,51,41,1,42,1
2020-06-01,Orange,059,3164182,9469,6640,69,6709,135
2020-06-01,Placer,061,380077,316,218,2,220,9
2020-06-01,Plumas,063,18699,4,4,0,4,0
2020-06-01,Riverside,065,2383286,10114,7921,21,7942,322
2020-06-01,Sacramento,067,1510023,1564,1415,2,1417,58
2020-06-01,San Benito,069,59416,104,86,0,86,2
2020-06-01,San Bernardino,071,2135413,6715,5310,5,5315,202
2020-06-01,San Diego,073,3302833,8832,7556,0,7556,269
2020-06-01,San Francisco,075,870044,2751,2546,0,2546,43
2020-06-01,San Joaquin,077,732212,1255,957,3,960,35
2020-06-01,San Luis Obispo,079,281455,373,275,4,279,1
2020-06-01,San Mateo,081,765935,2458,2190,2,2192,71
2020-06-01,Santa Barbara,083,443738,1852,1671,12,1683,10
2020-06-01,Santa Clara,085,1922200,3530,2797,13,2810,142
2020-06-01,Santa Cruz,087,273765,234,215,0,215,2
2020-06-01,Shasta,089,179085,62,38,0,38,4
2020-06-01,Sierra,091,2930,1,1,0,1,0
2020-06-01,Siskiyou,093,43540,13,7,0,7,0
2020-06-01,Solano,095,438530,659,529,1,530,17
2020-06-01,Sonoma,097,501317,661,565,1,566,4
2020-06-01,Stanislaus,099,539301,966,758,5,763,27
2020-06-01,Sutter,101,95872,52,43,0,43,2
2020-06-01,Tehama,103,63373,11,5,1,6,1
2020-06-01,Trinity,105,12862,7,1,2,3,0
2020-06-01,Tulare,107,460477,2709,1976,10,1986,84
2020-06-01,Tuolumne,109,53932,5,4,0,4,0
2020-06-01,Ventura,111,848112,1708,1163,10,1173,29
2020-06-01,Yolo,113,214977,247,212,0,212,24
2020-06-01,Yuba,115,75493,30,26,0,26,1
2020-05-31,Alameda,001,1643700,3871,3362,5,3367,98
2020-05-31,Alpine,003,1148,1,1,0,1,0
2020-05-31,Amador,005,37829,10,10,0,10,0
2020-05-31,Butte,007,227075,78,51,3,54,0
2020-05-31,Calaveras,009,45235,18,15,0,15,0
2020-05-31,Colusa,011,21464,9,5,0,5,0
2020-05-31,Contra Costa,013,1133247,1722,1458,1,1459,37
2020-05-31,Del Norte,015,27424,45,37,0,37,0
2020-05-31,El Dorado,017,186661,119,88,1,89,0
2020-05-31,Fresno,019,978130,3369,1780,47,1827,31
2020-05-31,Glenn,021,27897,20,16,0,16,0
2020-05-31,Humboldt,023,135768,113,98,0,98,2
2020-05-31,Imperial,025,180216,3803,2197,4,2201,14
2020-05-31,Inyo,027,18085,20,20,0,20,1
2020-05-31,Kern,029,883053,2923,2300,6,2306,38
2020-05-31,Kings,031,150075,1263,703,3,706,3
2020-05-31,Lake,033,64148,32,19,0,19,0
2020-05-31,Lassen,035,31185,10,4,2,6,0
2020-05-31,Los Angeles,037,10098052,62513,54925,21,54946,2344
2020-05-31,Madera,039,155013,271,101,1,102,2
2020-05-31,Marin,041,260295,534,486,2,488,14
2020-05-31,Mariposa,043,17540,16,16,0,16,1
2020-05-31,Mendocino,045,87422,32,24,0,24,0
2020-05-31,Merced,047,269075,398,288,0,288,6
2020-05-31,Modoc,049,8938,0,0,0,0,0
2020-05-31,Mono,051,14174,39,34,0,34,1
2020-05-31,Monterey,053,433212,721,545,2,547,10
2020-05-31,Napa,055,140530,147,114,0,114,3
2020-05-31,Nevada,057,99092,50,41,1,42,1
2020-05-31,Orange,059,3164182,9258,6532,68,6600,135
2020-05-31,Placer,061,380077,294,215,2,217,9
2020-05-31,Plumas,063,18699,4,4,0,4,0
2020-05-31,Riverside,065,2383286,9858,7704,21,7725,321
2020-05-31,Sacramento,067,1510023,1533,1398,2,1400,57
2020-05-31,San Benito,069,59416,98,85,0,85,2
2020-05-31,San Bernardino,071,2135413,6447,5185,5,5190,198
2020-05-31,San Diego,073,3302833,8638,7483,0,7483,269
2020-05-31,San Francisco,075,870044,2715,2501,0,2501,43
2020-05-31,San Joaquin,077,732212,1190,888,3,891,34
2020-05-31,San Luis Obispo,079,281455,363,271,4,275,1
2020-05-31,San Mateo,081,765935,2412,2169,2,2171,71
2020-05-31,Santa Barbara,083,443738,1801,1662,11,1673,9
2020-05-31,Santa Clara,085,1922200,3486,2785,13,2798,142
2020-05-31,Santa Cruz,087,273765,231,210,0,210,2
2020-05-31,Shasta,089,179085,60,38,0,38,4
2020-05-31,Sierra,091,2930,1,1,0,1,0
2020-05-31,Siskiyou,093,43540,12,7,0,7,0
2020-05-31,Solano,095,438530,633,512,1,513,6
2020-05-31,Sonoma,097,501317,641,555,1,556,4
2020-05-31,Stanislaus,099,539301,912,738,5,743,27
2020-05-31,Sutter,101,95872,50,42,0,42,2
2020-05-31,Tehama,103,63373,10,4,1,5,1
2020-05-31,Trinity,105,12862,7,1,2,3,0
2020-05-31,Tulare,107,460477,2636,1884,10,1894,82
2020-05-31,Tuolumne,109,53932,5,4,0,4,0
2020-05-31,Ventura,111,848112,1647,1151,10,1161,30
2020-05-31,Yolo,113,214977,241,211,0,211,24
2020-05-31,Yuba,115,75493,30,26,0,26,1
2020-05-30,Alameda,001,1643700,3845,3304,5,3309,96
2020-05-30,Alpine,003,1148,1,1,0,1,0
2020-05-30,Amador,005,37829,10,10,0,10,0
2020-05-30,Butte,007,227075,77,44,3,47,0
2020-05-30,Calaveras,009,45235,17,15,0,15,0
2020-05-30,Colusa,011,21464,8,5,0,5,0
2020-05-30,Contra Costa,013,1133247,1706,1429,1,1430,37
2020-05-30,Del Norte,015,27424,45,37,0,37,0
2020-05-30,El Dorado,017,186661,118,86,1,87,0
2020-05-30,Fresno,019,978130,3308,1744,46,1790,31
2020-05-30,Glenn,021,27897,19,16,0,16,0
2020-05-30,Humboldt,023,135768,112,98,0,98,2
2020-05-30,Imperial,025,180216,3713,2091,4,2095,14
2020-05-30,Inyo,027,18085,20,20,0,20,1
2020-05-30,Kern,029,883053,2854,2217,6,2223,38
2020-05-30,Kings,031,150075,1249,703,3,706,3
2020-05-30,Lake,033,64148,31,18,0,18,0
2020-05-30,Lassen,035,31185,10,4,2,6,0
2020-05-30,Los Angeles,037,10098052,61978,53627,21,53648,2319
2020-05-30,Madera,039,155013,266,101,1,102,2
2020-05-30,Marin,041,260295,534,462,2,464,14
2020-05-30,Mariposa,043,17540,16,16,0,16,1
2020-05-30,Mendocino,045,87422,32,24,0,24,0
2020-05-30,Merced,047,269075,397,285,0,285,6
2020-05-30,Modoc,049,8938,0,0,0,0,0
2020-05-30,Mono,051,14174,39,34,0,34,1
2020-05-30,Monterey,053,433212,705,520,2,522,10
2020-05-30,Napa,055,140530,145,113,0,113,3
2020-05-30,Nevada,057,99092,50,41,1,42,1
2020-05-30,Orange,059,3164182,9101,6354,67,6421,134
2020-05-30,Placer,061,380077,286,199,1,200,9
2020-05-30,Plumas,063,18699,4,4,0,4,0
2020-05-30,Riverside,065,2383286,9714,7492,21,7513,316
2020-05-30,Sacramento,067,1510023,1522,1384,2,1386,57
2020-05-30,San Benito,069,59416,97,85,0,85,2
2020-05-30,San Bernardino,071,2135413,6338,5122,5,5127,198
2020-05-30,San Diego,073,3302833,8545,7387,0,7387,269
2020-05-30,San Francisco,075,870044,2690,2496,0,2496,41
2020-05-30,San Joaquin,077,732212,1152,888,3,891,34
2020-05-30,San Luis Obispo,079,281455,358,270,4,274,1
2020-05-30,San Mateo,081,765935,2388,2129,2,2131,71
2020-05-30,Santa Barbara,083,443738,1782,1660,11,1671,9
2020-05-30,Santa Clara,085,1922200,3470,2741,13,2754,141
2020-05-30,Santa Cruz,087,273765,231,206,0,206,2
2020-05-30,Shasta,089,179085,60,36,0,36,4
2020-05-30,Sierra,091,2930,1,1,0,1,0
2020-05-30,Siskiyou,093,43540,11,7,0,7,0
2020-05-30,Solano,095,438530,626,512,1,513,6
2020-05-30,Sonoma,097,501317,631,551,1,552,4
2020-05-30,Stanislaus,099,539301,895,712,5,717,27
2020-05-30,Sutter,101,95872,49,40,0,40,2
2020-05-30,Tehama,103,63373,10,4,1,5,1
2020-05-30,Trinity,105,12862,7,1,2,3,0
2020-05-30,Tulare,107,460477,2599,1879,10,1889,81
2020-05-30,Tuolumne,109,53932,5,4,0,4,0
2020-05-30,Ventura,111,848112,1630,1116,10,1126,30
2020-05-30,Yolo,113,214977,237,210,0,210,24
2020-05-30,Yuba,115,75493,30,25,0,25,1
2020-05-29,Alameda,001,1643700,3810,3209,5,3214,96
2020-05-29,Alpine,003,1148,1,1,0,1,0
2020-05-29,Amador,005,37829,10,10,0,10,0
2020-05-29,Butte,007,227075,72,41,3,44,0
2020-05-29,Calaveras,009,45235,17,15,0,15,0
2020-05-29,Colusa,011,21464,8,5,0,5,0
2020-05-29,Contra Costa,013,1133247,1690,1411,1,1412,37
2020-05-29,Del Norte,015,27424,45,37,0,37,0
2020-05-29,El Dorado,017,186661,117,85,1,86,0
2020-05-29,Fresno,019,978130,3258,1687,46,1733,31
2020-05-29,Glenn,021,27897,19,14,0,14,0
2020-05-29,Humboldt,023,135768,111,98,0,98,2
2020-05-29,Imperial,025,180216,3595,1607,4,1611,14
2020-05-29,Inyo,027,18085,20,20,0,20,1
2020-05-29,Kern,029,883053,2796,2128,6,2134,36
2020-05-29,Kings,031,150075,1238,693,3,696,3
2020-05-29,Lake,033,64148,30,17,0,17,0
2020-05-29,Lassen,035,31185,10,0,2,2,0
2020-05-29,Los Angeles,037,10098052,61022,51578,21,51599,2273
2020-05-29,Madera,039,155013,251,98,1,99,2
2020-05-29,Marin,041,260295,526,448,2,450,14
2020-05-29,Mariposa,043,17540,16,16,0,16,1
2020-05-29,Mendocino,045,87422,30,25,0,25,0
2020-05-29,Merced,047,269075,392,285,0,285,7
2020-05-29,Modoc,049,8938,0,0,0,0,0
2020-05-29,Mono,051,14174,38,34,0,34,1
2020-05-29,Monterey,053,433212,675,479,2,481,10
2020-05-29,Napa,055,140530,142,113,0,113,3
2020-05-29,Nevada,057,99092,50,41,1,42,1
2020-05-29,Orange,059,3164182,8915,6176,64,6240,133
2020-05-29,Placer,061,380077,264,199,1,200,9
2020-05-29,Plumas,063,18699,4,4,0,4,0
2020-05-29,Riverside,065,2383286,9528,7376,21,7397,313
2020-05-29,Sacramento,067,1510023,1499,1360,2,1362,57
2020-05-29,San Benito,069,59416,97,84,0,84,2
2020-05-29,San Bernardino,071,2135413,6230,4983,5,4988,196
2020-05-29,San Diego,073,3302833,8422,7242,0,7242,266
2020-05-29,San Francisco,075,870044,2666,2453,0,2453,41
2020-05-29,San Joaquin,077,732212,1115,855,3,858,34
2020-05-29,San Luis Obispo,079,281455,354,270,4,274,1
2020-05-29,San Mateo,081,765935,2372,2103,2,2105,71
2020-05-29,Santa Barbara,083,443738,1754,1656,11,1667,9
2020-05-29,Santa Clara,085,1922200,3442,2707,13,2720,141
2020-05-29,Santa Cruz,087,273765,228,203,0,203,2
2020-05-29,Shasta,089,179085,60,36,0,36,4
2020-05-29,Sierra,091,2930,1,1,0,1,0
2020-05-29,Siskiyou,093,43540,11,7,0,7,0
2020-05-29,Solano,095,438530,618,498,1,499,6
2020-05-29,Sonoma,097,501317,620,537,1,538,4
2020-05-29,Stanislaus,099,539301,865,698,5,703,27
2020-05-29,Sutter,101,95872,47,40,0,40,2
2020-05-29,Tehama,103,63373,9,4,1,5,1
2020-05-29,Trinity,105,12862,7,1,2,3,0
2020-05-29,Tulare,107,460477,2561,1852,10,1862,80
2020-05-29,Tuolumne,109,53932,5,4,0,4,0
2020-05-29,Ventura,111,848112,1606,1093,10,1103,29
2020-05-29,Yolo,113,214977,233,211,0,211,24
2020-05-29,Yuba,115,75493,29,25,0,25,1
2020-05-28,Alameda,001,1643700,3711,3083,5,3088,94
2020-05-28,Alpine,003,1148,1,1,0,1,0
2020-05-28,Amador,005,37829,10,10,0,10,0
2020-05-28,Butte,007,227075,71,40,3,43,0
2020-05-28,Calaveras,009,45235,16,15,0,15,0
2020-05-28,Colusa,011,21464,8,5,0,5,0
2020-05-28,Contra Costa,013,1133247,1651,1392,1,1393,37
2020-05-28,Del Norte,015,27424,45,37,0,37,0
2020-05-28,El Dorado,017,186661,114,82,1,83,0
2020-05-28,Fresno,019,978130,3177,1653,45,1698,31
2020-05-28,Glenn,021,27897,18,14,0,14,0
2020-05-28,Humboldt,023,135768,110,97,0,97,2
2020-05-28,Imperial,025,180216,3401,1430,4,1434,14
2020-05-28,Inyo,027,18085,20,20,0,20,1
2020-05-28,Kern,029,883053,2718,2069,6,2075,36
2020-05-28,Kings,031,150075,901,626,3,629,3
2020-05-28,Lake,033,64148,29,17,0,17,0
2020-05-28,Lassen,035,31185,10,0,2,2,0
2020-05-28,Los Angeles,037,10098052,59445,49861,21,49882,2222
2020-05-28,Madera,039,155013,233,93,1,94,2
2020-05-28,Marin,041,260295,501,443,2,445,14
2020-05-28,Mariposa,043,17540,16,16,0,16,1
2020-05-28,Mendocino,045,87422,28,24,0,24,0
2020-05-28,Merced,047,269075,383,283,0,283,7
2020-05-28,Modoc,049,8938,0,0,0,0,0
2020-05-28,Mono,051,14174,38,34,0,34,1
2020-05-28,Monterey,053,433212,643,471,2,473,10
2020-05-28,Napa,055,140530,139,113,0,113,3
2020-05-28,Nevada,057,99092,45,41,1,42,1
2020-05-28,Orange,059,3164182,8720,6045,64,6109,130
2020-05-28,Placer,061,380077,257,196,1,197,9
2020-05-28,Plumas,063,18699,4,4,0,4,0
2020-05-28,Riverside,065,2383286,9124,7240,20,7260,304
2020-05-28,Sacramento,067,1510023,1479,1339,2,1341,57
2020-05-28,San Benito,069,59416,96,82,0,82,2
2020-05-28,San Bernardino,071,2135413,6065,4831,5,4836,191
2020-05-28,San Diego,073,3302833,8265,7102,0,7102,260
2020-05-28,San Francisco,075,870044,2632,2417,0,2417,40
2020-05-28,San Joaquin,077,732212,1080,840,3,843,34
2020-05-28,San Luis Obispo,079,281455,351,267,4,271,1
2020-05-28,San Mateo,081,765935,2345,2070,2,2072,71
2020-05-28,Santa Barbara,083,443738,1726,1642,10,1652,9
2020-05-28,Santa Clara,085,1922200,3402,2698,13,2711,140
2020-05-28,Santa Cruz,087,273765,227,201,0,201,2
2020-05-28,Shasta,089,179085,58,36,0,36,4
2020-05-28,Sierra,091,2930,1,1,0,1,0
2020-05-28,Siskiyou,093,43540,9,6,0,6,0
2020-05-28,Solano,095,438530,601,489,1,490,6
2020-05-28,Sonoma,097,501317,598,529,1,530,4
2020-05-28,Stanislaus,099,539301,824,684,5,689,27
2020-05-28,Sutter,101,95872,47,40,0,40,2
2020-05-28,Tehama,103,63373,9,4,1,5,1
2020-05-28,Trinity,105,12862,6,1,2,3,0
2020-05-28,Tulare,107,460477,2525,1832,10,1842,79
2020-05-28,Tuolumne,109,53932,5,4,0,4,0
2020-05-28,Ventura,111,848112,1573,1083,10,1093,29
2020-05-28,Yolo,113,214977,230,206,0,206,22
2020-05-28,Yuba,115,75493,28,24,0,24,1
2020-05-27,Alameda,001,1643700,3628,3037,5,3042,94
2020-05-27,Alpine,003,1148,1,1,0,1,0
2020-05-27,Amador,005,37829,10,10,0,10,0
2020-05-27,Butte,007,227075,68,40,2,42,0
2020-05-27,Calaveras,009,45235,15,15,0,15,0
2020-05-27,Colusa,011,21464,8,5,0,5,0
2020-05-27,Contra Costa,013,1133247,1611,1373,1,1374,37
2020-05-27,Del Norte,015,27424,45,34,0,34,0
2020-05-27,El Dorado,017,186661,113,82,1,83,0
2020-05-27,Fresno,019,978130,3089,1620,45,1665,27
2020-05-27,Glenn,021,27897,18,14,0,14,0
2020-05-27,Humboldt,023,135768,110,86,0,86,2
2020-05-27,Imperial,025,180216,3221,1369,4,1373,14
2020-05-27,Inyo,027,18085,20,20,0,20,1
2020-05-27,Kern,029,883053,2653,1999,6,2005,37
2020-05-27,Kings,031,150075,874,586,3,589,3
2020-05-27,Lake,033,64148,29,13,0,13,0
2020-05-27,Lassen,035,31185,10,0,2,2,0
2020-05-27,Los Angeles,037,10098052,58069,48711,21,48732,2177
2020-05-27,Madera,039,155013,224,91,1,92,2
2020-05-27,Marin,041,260295,472,439,2,441,14
2020-05-27,Mariposa,043,17540,16,16,0,16,1
2020-05-27,Mendocino,045,87422,27,21,0,21,0
2020-05-27,Merced,047,269075,379,278,0,278,7
2020-05-27,Modoc,049,8938,0,0,0,0,0
2020-05-27,Mono,051,14174,38,34,0,34,1
2020-05-27,Monterey,053,433212,603,443,2,445,8
2020-05-27,Napa,055,140530,134,112,0,112,3
2020-05-27,Nevada,057,99092,44,41,1,42,1
2020-05-27,Orange,059,3164182,8565,5849,64,5913,121
2020-05-27,Placer,061,380077,238,196,0,196,9
2020-05-27,Plumas,063,18699,4,4,0,4,0
2020-05-27,Riverside,065,2383286,8745,7156,20,7176,299
2020-05-27,Sacramento,067,1510023,1451,1318,2,1320,50
2020-05-27,San Benito,069,59416,93,74,0,74,2
2020-05-27,San Bernardino,071,2135413,5881,4708,5,4713,183
2020-05-27,San Diego,073,3302833,8114,6985,0,6985,255
2020-05-27,San Francisco,075,870044,2603,2394,0,2394,40
2020-05-27,San Joaquin,077,732212,1039,825,3,828,34
2020-05-27,San Luis Obispo,079,281455,346,266,4,270,1
2020-05-27,San Mateo,081,765935,2305,2045,2,2047,71
2020-05-27,Santa Barbara,083,443738,1711,1629,10,1639,9
2020-05-27,Santa Clara,085,1922200,3369,2680,13,2693,140
2020-05-27,Santa Cruz,087,273765,223,202,0,202,2
2020-05-27,Shasta,089,179085,55,36,0,36,4
2020-05-27,Sierra,091,2930,1,1,0,1,0
2020-05-27,Siskiyou,093,43540,9,6,0,6,0
2020-05-27,Solano,095,438530,581,477,1,478,5
2020-05-27,Sonoma,097,501317,584,521,1,522,4
2020-05-27,Stanislaus,099,539301,799,675,5,680,27
2020-05-27,Sutter,101,95872,46,40,0,40,2
2020-05-27,Tehama,103,63373,9,3,1,4,1
2020-05-27,Trinity,105,12862,6,1,2,3,0
2020-05-27,Tulare,107,460477,2473,1817,10,1827,77
2020-05-27,Tuolumne,109,53932,5,4,0,4,0
2020-05-27,Ventura,111,848112,1548,1065,10,1075,28
2020-05-27,Yolo,113,214977,229,204,0,204,22
2020-05-27,Yuba,115,75493,28,24,0,24,1
2020-05-26,Alameda,001,1643700,3533,2956,5,2961,92
2020-05-26,Alpine,003,1148,1,1,0,1,0
2020-05-26,Amador,005,37829,10,10,0,10,0
2020-05-26,Butte,007,227075,66,37,1,38,0
2020-05-26,Calaveras,009,45235,15,13,0,13,0
2020-05-26,Colusa,011,21464,8,4,0,4,0
2020-05-26,Contra Costa,013,1133247,1575,1352,1,1353,37
2020-05-26,Del Norte,015,27424,44,30,0,30,0
2020-05-26,El Dorado,017,186661,109,79,1,80,0
2020-05-26,Fresno,019,978130,3002,1496,45,1541,22
2020-05-26,Glenn,021,27897,16,12,0,12,0
2020-05-26,Humboldt,023,135768,108,81,0,81,2
2020-05-26,Imperial,025,180216,3006,1369,4,1373,14
2020-05-26,Inyo,027,18085,20,20,0,20,1
2020-05-26,Kern,029,883053,2575,1890,6,1896,31
2020-05-26,Kings,031,150075,806,449,2,451,2
2020-05-26,Lake,033,64148,27,12,0,12,0
2020-05-26,Lassen,035,31185,9,0,2,2,0
2020-05-26,Los Angeles,037,10098052,56603,47760,21,47781,2121
2020-05-26,Madera,039,155013,209,83,1,84,2
2020-05-26,Marin,041,260295,460,424,2,426,14
2020-05-26,Mariposa,043,17540,16,16,0,16,1
2020-05-26,Mendocino,045,87422,25,20,0,20,0
2020-05-26,Merced,047,269075,363,266,0,266,7
2020-05-26,Modoc,049,8938,0,1,0,1,0
2020-05-26,Mono,051,14174,37,34,0,34,1
2020-05-26,Monterey,053,433212,575,424,1,425,8
2020-05-26,Napa,055,140530,129,109,0,109,3
2020-05-26,Nevada,057,99092,43,41,1,42,1
2020-05-26,Orange,059,3164182,8295,5651,63,5714,115
2020-05-26,Placer,061,380077,233,188,0,188,9
2020-05-26,Plumas,063,18699,4,4,0,4,0
2020-05-26,Riverside,065,2383286,8298,6917,20,6937,284
2020-05-26,Sacramento,067,1510023,1425,1298,2,1300,50
2020-05-26,San Benito,069,59416,88,69,0,69,2
2020-05-26,San Bernardino,071,2135413,5713,4430,5,4435,175
2020-05-26,San Diego,073,3302833,7971,6884,0,6884,249
2020-05-26,San Francisco,075,870044,2570,2363,0,2363,40
2020-05-26,San Joaquin,077,732212,992,760,3,763,33
2020-05-26,San Luis Obispo,079,281455,344,260,4,264,1
2020-05-26,San Mateo,081,765935,2267,1967,2,1969,71
2020-05-26,Santa Barbara,083,443738,1694,1590,9,1599,9
2020-05-26,Santa Clara,085,1922200,3337,2659,13,2672,139
2020-05-26,Santa Cruz,087,273765,221,197,0,197,2
2020-05-26,Shasta,089,179085,55,36,0,36,4
2020-05-26,Sierra,091,2930,1,1,0,1,0
2020-05-26,Siskiyou,093,43540,8,6,0,6,0
2020-05-26,Solano,095,438530,563,470,1,471,5
2020-05-26,Sonoma,097,501317,576,509,0,509,4
2020-05-26,Stanislaus,099,539301,779,663,5,668,27
2020-05-26,Sutter,101,95872,45,39,0,39,2
2020-05-26,Tehama,103,63373,8,2,1,3,1
2020-05-26,Trinity,105,12862,6,1,2,3,0
2020-05-26,Tulare,107,460477,2417,1768,10,1778,76
2020-05-26,Tuolumne,109,53932,5,2,0,2,0
2020-05-26,Ventura,111,848112,1511,1033,8,1041,27
2020-05-26,Yolo,113,214977,223,198,0,198,22
2020-05-26,Yuba,115,75493,27,24,0,24,1
2020-05-25,Alameda,001,1643700,3439,2900,5,2905,92
2020-05-25,Alpine,003,1148,1,1,0,1,0
2020-05-25,Amador,005,37829,10,10,0,10,0
2020-05-25,Butte,007,227075,63,37,1,38,0
2020-05-25,Calaveras,009,45235,15,13,0,13,0
2020-05-25,Colusa,011,21464,7,4,0,4,0
2020-05-25,Contra Costa,013,1133247,1543,1348,1,1349,37
2020-05-25,Del Norte,015,27424,44,20,0,20,0
2020-05-25,El Dorado,017,186661,101,78,1,79,0
2020-05-25,Fresno,019,978130,2899,1496,43,1539,22
2020-05-25,Glenn,021,27897,16,12,0,12,0
2020-05-25,Humboldt,023,135768,107,81,0,81,2
2020-05-25,Imperial,025,180216,2799,1369,4,1373,14
2020-05-25,Inyo,027,18085,19,20,0,20,1
2020-05-25,Kern,029,883053,2504,1890,6,1896,31
2020-05-25,Kings,031,150075,776,447,2,449,2
2020-05-25,Lake,033,64148,25,13,0,13,0
2020-05-25,Lassen,035,31185,9,0,2,2,0
2020-05-25,Los Angeles,037,10098052,54791,45952,20,45972,2094
2020-05-25,Madera,039,155013,196,83,1,84,2
2020-05-25,Marin,041,260295,442,415,2,417,14
2020-05-25,Mariposa,043,17540,16,15,0,15,1
2020-05-25,Mendocino,045,87422,22,19,0,19,0
2020-05-25,Merced,047,269075,356,262,0,262,6
2020-05-25,Modoc,049,8938,0,1,0,1,0
2020-05-25,Mono,051,14174,37,34,0,34,1
2020-05-25,Monterey,053,433212,545,418,1,419,8
2020-05-25,Napa,055,140530,129,107,0,107,3
2020-05-25,Nevada,057,99092,43,41,1,42,1
2020-05-25,Orange,059,3164182,8073,5601,62,5663,115
2020-05-25,Placer,061,380077,229,186,0,186,9
2020-05-25,Plumas,063,18699,4,4,0,4,0
2020-05-25,Riverside,065,2383286,8067,6900,20,6920,284
2020-05-25,Sacramento,067,1510023,1405,1290,1,1291,50
2020-05-25,San Benito,069,59416,87,70,0,70,2
2020-05-25,San Bernardino,071,2135413,5523,4393,4,4397,175
2020-05-25,San Diego,073,3302833,7795,6799,0,6799,249
2020-05-25,San Francisco,075,870044,2533,2358,0,2358,40
2020-05-25,San Joaquin,077,732212,966,760,3,763,33
2020-05-25,San Luis Obispo,079,281455,341,260,4,264,1
2020-05-25,San Mateo,081,765935,2230,1938,2,1940,71
2020-05-25,Santa Barbara,083,443738,1684,1590,9,1599,9
2020-05-25,Santa Clara,085,1922200,3304,2647,13,2660,139
2020-05-25,Santa Cruz,087,273765,219,191,0,191,2
2020-05-25,Shasta,089,179085,54,36,0,36,4
2020-05-25,Sierra,091,2930,1,1,0,1,0
2020-05-25,Siskiyou,093,43540,8,6,0,6,0
2020-05-25,Solano,095,438530,549,437,1,438,5
2020-05-25,Sonoma,097,501317,564,496,0,496,4
2020-05-25,Stanislaus,099,539301,749,651,5,656,27
2020-05-25,Sutter,101,95872,45,38,0,38,2
2020-05-25,Tehama,103,63373,7,2,1,3,1
2020-05-25,Trinity,105,12862,6,1,2,3,0
2020-05-25,Tulare,107,460477,2353,1747,10,1757,76
2020-05-25,Tuolumne,109,53932,5,2,0,2,0
2020-05-25,Ventura,111,848112,1470,1020,8,1028,27
2020-05-25,Yolo,113,214977,221,197,0,197,22
2020-05-25,Yuba,115,75493,26,24,0,24,1
2020-05-24,Alameda,001,1643700,3366,2830,5,2835,92
2020-05-24,Alpine,003,1148,1,1,0,1,0
2020-05-24,Amador,005,37829,10,9,0,9,0
2020-05-24,Butte,007,227075,61,35,1,36,0
2020-05-24,Calaveras,009,45235,15,13,0,13,0
2020-05-24,Colusa,011,21464,7,4,0,4,0
2020-05-24,Contra Costa,013,1133247,1515,1325,1,1326,37
2020-05-24,Del Norte,015,27424,43,16,0,16,0
2020-05-24,El Dorado,017,186661,100,76,1,77,0
2020-05-24,Fresno,019,978130,2832,1455,42,1497,22
2020-05-24,Glenn,021,27897,15,12,0,12,0
2020-05-24,Humboldt,023,135768,107,81,0,81,2
2020-05-24,Imperial,025,180216,2673,1369,4,1373,14
2020-05-24,Inyo,027,18085,19,20,0,20,1
2020-05-24,Kern,029,883053,2431,1861,5,1866,31
2020-05-24,Kings,031,150075,765,446,2,448,2
2020-05-24,Lake,033,64148,24,12,0,12,0
2020-05-24,Lassen,035,31185,8,0,2,2,0
2020-05-24,Los Angeles,037,10098052,53775,44954,20,44974,2085
2020-05-24,Madera,039,155013,190,83,1,84,2
2020-05-24,Marin,041,260295,440,401,2,403,14
2020-05-24,Mariposa,043,17540,16,15,0,15,1
2020-05-24,Mendocino,045,87422,21,19,0,19,0
2020-05-24,Merced,047,269075,355,258,0,258,6
2020-05-24,Modoc,049,8938,0,0,0,0,0
2020-05-24,Mono,051,14174,37,34,0,34,1
2020-05-24,Monterey,053,433212,517,405,1,406,8
2020-05-24,Napa,055,140530,127,104,0,104,3
2020-05-24,Nevada,057,99092,43,41,1,42,1
2020-05-24,Orange,059,3164182,7919,5439,61,5500,113
2020-05-24,Placer,061,380077,221,184,0,184,9
2020-05-24,Plumas,063,18699,4,4,0,4,0
2020-05-24,Riverside,065,2383286,7926,6571,20,6591,284
2020-05-24,Sacramento,067,1510023,1389,1283,1,1284,50
2020-05-24,San Benito,069,59416,86,67,0,67,2
2020-05-24,San Bernardino,071,2135413,5415,4262,4,4266,175
2020-05-24,San Diego,073,3302833,7652,6703,0,6703,249
2020-05-24,San Francisco,075,870044,2510,2318,0,2318,40
2020-05-24,San Joaquin,077,732212,947,760,3,763,33
2020-05-24,San Luis Obispo,079,281455,339,257,4,261,1
2020-05-24,San Mateo,081,765935,2195,1925,2,1927,71
2020-05-24,Santa Barbara,083,443738,1672,1573,9,1582,9
2020-05-24,Santa Clara,085,1922200,3284,2623,13,2636,139
2020-05-24,Santa Cruz,087,273765,216,185,0,185,2
2020-05-24,Shasta,089,179085,53,36,0,36,4
2020-05-24,Sierra,091,2930,1,1,0,1,0
2020-05-24,Siskiyou,093,43540,7,6,0,6,0
2020-05-24,Solano,095,438530,541,436,0,436,5
2020-05-24,Sonoma,097,501317,553,485,0,485,4
2020-05-24,Stanislaus,099,539301,729,634,5,639,27
2020-05-24,Sutter,101,95872,45,38,0,38,2
2020-05-24,Tehama,103,63373,5,2,1,3,1
2020-05-24,Trinity,105,12862,6,1,2,3,0
2020-05-24,Tulare,107,460477,2307,1684,10,1694,74
2020-05-24,Tuolumne,109,53932,5,2,0,2,0
2020-05-24,Ventura,111,848112,1458,982,8,990,27
2020-05-24,Yolo,113,214977,219,192,0,192,22
2020-05-24,Yuba,115,75493,26,24,0,24,1
2020-05-23,Alameda,001,1643700,3325,2783,5,2788,91
2020-05-23,Alpine,003,1148,1,1,0,1,0
2020-05-23,Amador,005,37829,10,9,0,9,0
2020-05-23,Butte,007,227075,60,34,1,35,0
2020-05-23,Calaveras,009,45235,15,13,0,13,0
2020-05-23,Colusa,011,21464,7,4,0,4,0
2020-05-23,Contra Costa,013,1133247,1504,1302,1,1303,36
2020-05-23,Del Norte,015,27424,43,10,0,10,0
2020-05-23,El Dorado,017,186661,100,74,1,75,0
2020-05-23,Fresno,019,978130,2812,1447,42,1489,21
2020-05-23,Glenn,021,27897,15,12,0,12,0
2020-05-23,Humboldt,023,135768,105,80,0,80,2
2020-05-23,Imperial,025,180216,2585,1283,4,1287,14
2020-05-23,Inyo,027,18085,19,20,0,20,1
2020-05-23,Kern,029,883053,2388,1806,5,1811,31
2020-05-23,Kings,031,150075,761,444,2,446,2
2020-05-23,Lake,033,64148,23,10,0,10,0
2020-05-23,Lassen,035,31185,8,0,2,2,0
2020-05-23,Los Angeles,037,10098052,53230,44029,20,44049,2069
2020-05-23,Madera,039,155013,186,83,1,84,2
2020-05-23,Marin,041,260295,440,393,1,394,14
2020-05-23,Mariposa,043,17540,16,15,0,15,1
2020-05-23,Mendocino,045,87422,21,13,0,13,0
2020-05-23,Merced,047,269075,352,247,0,247,6
2020-05-23,Modoc,049,8938,0,0,0,0,0
2020-05-23,Mono,051,14174,36,34,0,34,1
2020-05-23,Monterey,053,433212,503,397,1,398,8
2020-05-23,Napa,055,140530,123,101,0,101,3
2020-05-23,Nevada,057,99092,43,41,1,42,1
2020-05-23,Orange,059,3164182,7760,5313,60,5373,113
2020-05-23,Placer,061,380077,215,184,0,184,9
2020-05-23,Plumas,063,18699,4,4,0,4,0
2020-05-23,Riverside,065,2383286,7835,6460,20,6480,284
2020-05-23,Sacramento,067,1510023,1373,1275,1,1276,50
2020-05-23,San Benito,069,59416,81,67,0,67,2
2020-05-23,San Bernardino,071,2135413,5321,4172,4,4176,175
2020-05-23,San Diego,073,3302833,7561,6561,0,6561,249
2020-05-23,San Francisco,075,870044,2491,2312,0,2312,40
2020-05-23,San Joaquin,077,732212,932,759,3,762,33
2020-05-23,San Luis Obispo,079,281455,335,256,4,260,1
2020-05-23,San Mateo,081,765935,2167,1862,2,1864,71
2020-05-23,Santa Barbara,083,443738,1664,1566,9,1575,9
2020-05-23,Santa Clara,085,1922200,3270,2593,12,2605,139
2020-05-23,Santa Cruz,087,273765,214,177,0,177,2
2020-05-23,Shasta,089,179085,53,35,0,35,4
2020-05-23,Sierra,091,2930,1,1,0,1,0
2020-05-23,Siskiyou,093,43540,7,6,0,6,0
2020-05-23,Solano,095,438530,536,435,0,435,5
2020-05-23,Sonoma,097,501317,539,462,0,462,4
2020-05-23,Stanislaus,099,539301,721,625,5,630,27
2020-05-23,Sutter,101,95872,44,38,0,38,2
2020-05-23,Tehama,103,63373,5,2,1,3,1
2020-05-23,Trinity,105,12862,6,1,2,3,0
2020-05-23,Tulare,107,460477,2286,1682,10,1692,73
2020-05-23,Tuolumne,109,53932,5,2,0,2,0
2020-05-23,Ventura,111,848112,1438,961,8,969,27
2020-05-23,Yolo,113,214977,218,188,0,188,22
2020-05-23,Yuba,115,75493,26,24,0,24,1
2020-05-22,Alameda,001,1643700,3271,2722,5,2727,91
2020-05-22,Alpine,003,1148,1,1,0,1,0
2020-05-22,Amador,005,37829,10,9,0,9,0
2020-05-22,Butte,007,227075,58,34,1,35,0
2020-05-22,Calaveras,009,45235,15,13,0,13,0
2020-05-22,Colusa,011,21464,7,4,0,4,0
2020-05-22,Contra Costa,013,1133247,1492,1272,1,1273,36
2020-05-22,Del Norte,015,27424,41,9,0,9,0
2020-05-22,El Dorado,017,186661,97,74,1,75,0
2020-05-22,Fresno,019,978130,2753,1399,41,1440,20
2020-05-22,Glenn,021,27897,15,12,0,12,0
2020-05-22,Humboldt,023,135768,105,80,0,80,2
2020-05-22,Imperial,025,180216,2484,1214,4,1218,14
2020-05-22,Inyo,027,18085,19,20,0,20,1
2020-05-22,Kern,029,883053,2339,1749,5,1754,28
2020-05-22,Kings,031,150075,758,428,2,430,2
2020-05-22,Lake,033,64148,22,10,0,10,0
2020-05-22,Lassen,035,31185,6,0,2,2,0
2020-05-22,Los Angeles,037,10098052,52433,43025,20,43045,2027
2020-05-22,Madera,039,155013,182,82,1,83,2
2020-05-22,Marin,041,260295,436,372,1,373,14
2020-05-22,Mariposa,043,17540,16,15,0,15,1
2020-05-22,Mendocino,045,87422,20,13,0,13,0
2020-05-22,Merced,047,269075,352,233,0,233,6
2020-05-22,Modoc,049,8938,0,0,0,0,0
2020-05-22,Mono,051,14174,36,34,0,34,1
2020-05-22,Monterey,053,433212,492,372,1,373,8
2020-05-22,Napa,055,140530,121,97,0,97,3
2020-05-22,Nevada,057,99092,42,41,1,42,1
2020-05-22,Orange,059,3164182,7563,5144,58,5202,113
2020-05-22,Placer,061,380077,215,181,0,181,9
2020-05-22,Plumas,063,18699,4,4,0,4,0
2020-05-22,Riverside,065,2383286,7720,6351,20,6371,283
2020-05-22,Sacramento,067,1510023,1357,1262,1,1263,50
2020-05-22,San Benito,069,59416,80,64,0,64,2
2020-05-22,San Bernardino,071,2135413,5246,4107,4,4111,173
2020-05-22,San Diego,073,3302833,7475,6436,0,6436,242
2020-05-22,San Francisco,075,870044,2473,2251,0,2251,40
2020-05-22,San Joaquin,077,732212,919,747,3,750,33
2020-05-22,San Luis Obispo,079,281455,334,254,4,258,1
2020-05-22,San Mateo,081,765935,2148,1847,2,1849,71
2020-05-22,Santa Barbara,083,443738,1654,1554,9,1563,9
2020-05-22,Santa Clara,085,1922200,3250,2537,12,2549,139
2020-05-22,Santa Cruz,087,273765,211,171,0,171,2
2020-05-22,Shasta,089,179085,53,34,0,34,4
2020-05-22,Sierra,091,2930,1,0,0,0,0
2020-05-22,Siskiyou,093,43540,7,6,0,6,0
2020-05-22,Solano,095,438530,533,431,0,431,4
2020-05-22,Sonoma,097,501317,535,444,0,444,4
2020-05-22,Stanislaus,099,539301,711,616,5,621,27
2020-05-22,Sutter,101,95872,44,38,0,38,2
2020-05-22,Tehama,103,63373,5,2,0,2,1
2020-05-22,Trinity,105,12862,6,1,2,3,0
2020-05-22,Tulare,107,460477,2256,1662,10,1672,73
2020-05-22,Tuolumne,109,53932,5,2,0,2,0
2020-05-22,Ventura,111,848112,1420,937,8,945,27
2020-05-22,Yolo,113,214977,216,187,0,187,22
2020-05-22,Yuba,115,75493,26,24,0,24,1
2020-05-21,Alameda,001,1643700,3205,2606,5,2611,89
2020-05-21,Alpine,003,1148,1,1,0,1,0
2020-05-21,Amador,005,37829,10,9,0,9,0
2020-05-21,Butte,007,227075,57,31,1,32,0
2020-05-21,Calaveras,009,45235,15,13,0,13,0
2020-05-21,Colusa,011,21464,7,4,0,4,0
2020-05-21,Contra Costa,013,1133247,1456,1243,1,1244,36
2020-05-21,Del Norte,015,27424,38,9,0,9,0
2020-05-21,El Dorado,017,186661,95,67,1,68,0
2020-05-21,Fresno,019,978130,2662,1362,40,1402,20
2020-05-21,Glenn,021,27897,14,12,0,12,0
2020-05-21,Humboldt,023,135768,104,79,0,79,0
2020-05-21,Imperial,025,180216,2322,1096,4,1100,14
2020-05-21,Inyo,027,18085,19,20,0,20,1
2020-05-21,Kern,029,883053,2263,1684,4,1688,27
2020-05-21,Kings,031,150075,737,417,2,419,2
2020-05-21,Lake,033,64148,17,10,0,10,0
2020-05-21,Lassen,035,31185,6,0,2,2,0
2020-05-21,Los Angeles,037,10098052,51395,42063,20,42083,1996
2020-05-21,Madera,039,155013,179,82,1,83,2
2020-05-21,Marin,041,260295,425,359,1,360,14
2020-05-21,Mariposa,043,17540,16,15,0,15,1
2020-05-21,Mendocino,045,87422,20,12,0,12,0
2020-05-21,Merced,047,269075,341,226,0,226,6
2020-05-21,Modoc,049,8938,0,0,0,0,0
2020-05-21,Mono,051,14174,36,33,0,33,1
2020-05-21,Monterey,053,433212,481,363,1,364,8
2020-05-21,Napa,055,140530,119,96,0,96,3
2020-05-21,Nevada,057,99092,42,41,1,42,1
2020-05-21,Orange,059,3164182,7360,4975,58,5033,106
2020-05-21,Placer,061,380077,208,176,0,176,8
2020-05-21,Plumas,063,18699,4,4,0,4,0
2020-05-21,Riverside,065,2383286,7534,6245,20,6265,279
2020-05-21,Sacramento,067,1510023,1344,1258,1,1259,56
2020-05-21,San Benito,069,59416,77,61,0,61,2
2020-05-21,San Bernardino,071,2135413,5099,3950,4,3954,167
2020-05-21,San Diego,073,3302833,7339,6317,0,6317,241
2020-05-21,San Francisco,075,870044,2449,2248,0,2248,37
2020-05-21,San Joaquin,077,732212,883,730,3,733,33
2020-05-21,San Luis Obispo,079,281455,334,251,3,254,1
2020-05-21,San Mateo,081,765935,2112,1791,2,1793,74
2020-05-21,Santa Barbara,083,443738,1639,1541,9,1550,10
2020-05-21,Santa Clara,085,1922200,3228,2520,12,2532,138
2020-05-21,Santa Cruz,087,273765,203,164,0,164,3
2020-05-21,Shasta,089,179085,51,34,0,34,4
2020-05-21,Sierra,091,2930,1,0,0,0,0
2020-05-21,Siskiyou,093,43540,7,6,0,6,0
2020-05-21,Solano,095,438530,524,424,0,424,4
2020-05-21,Sonoma,097,501317,517,427,0,427,4
2020-05-21,Stanislaus,099,539301,700,602,5,607,27
2020-05-21,Sutter,101,95872,43,38,0,38,2
2020-05-21,Tehama,103,63373,4,2,0,2,1
2020-05-21,Trinity,105,12862,5,1,2,3,0
2020-05-21,Tulare,107,460477,2206,1606,8,1614,73
2020-05-21,Tuolumne,109,53932,3,2,0,2,0
2020-05-21,Ventura,111,848112,1371,907,8,915,30
2020-05-21,Yolo,113,214977,213,185,0,185,22
2020-05-21,Yuba,115,75493,26,24,0,24,1
2020-05-20,Alameda,001,1643700,3132,2554,5,2559,89
2020-05-20,Alpine,003,1148,1,1,0,1,0
2020-05-20,Amador,005,37829,10,9,0,9,0
2020-05-20,Butte,007,227075,54,30,1,31,0
2020-05-20,Calaveras,009,45235,15,13,0,13,0
2020-05-20,Colusa,011,21464,7,3,0,3,0
2020-05-20,Contra Costa,013,1133247,1426,1223,1,1224,33
2020-05-20,Del Norte,015,27424,31,9,0,9,0
2020-05-20,El Dorado,017,186661,94,67,1,68,0
2020-05-20,Fresno,019,978130,2589,1329,39,1368,17
2020-05-20,Glenn,021,27897,13,12,0,12,0
2020-05-20,Humboldt,023,135768,101,73,0,73,0
2020-05-20,Imperial,025,180216,2209,1047,4,1051,14
2020-05-20,Inyo,027,18085,19,20,0,20,1
2020-05-20,Kern,029,883053,2200,1639,3,1642,27
2020-05-20,Kings,031,150075,593,403,2,405,2
2020-05-20,Lake,033,64148,17,9,0,9,0
2020-05-20,Lassen,035,31185,5,0,2,2,0
2020-05-20,Los Angeles,037,10098052,50398,40932,20,40952,1955
2020-05-20,Madera,039,155013,177,82,1,83,2
2020-05-20,Marin,041,260295,398,348,1,349,14
2020-05-20,Mariposa,043,17540,16,15,0,15,1
2020-05-20,Mendocino,045,87422,20,12,0,12,0
2020-05-20,Merced,047,269075,334,225,0,225,6
2020-05-20,Modoc,049,8938,0,0,0,0,0
2020-05-20,Mono,051,14174,36,33,0,33,1
2020-05-20,Monterey,053,433212,467,356,1,357,8
2020-05-20,Napa,055,140530,112,93,0,93,3
2020-05-20,Nevada,057,99092,42,41,1,42,1
2020-05-20,Orange,059,3164182,7152,4866,56,4922,96
2020-05-20,Placer,061,380077,206,176,0,176,8
2020-05-20,Plumas,063,18699,4,4,0,4,0
2020-05-20,Riverside,065,2383286,7391,6090,20,6110,265
2020-05-20,Sacramento,067,1510023,1334,1244,1,1245,56
2020-05-20,San Benito,069,59416,76,61,0,61,2
2020-05-20,San Bernardino,071,2135413,4971,3771,4,3775,161
2020-05-20,San Diego,073,3302833,7222,6142,0,6142,230
2020-05-20,San Francisco,075,870044,2426,2199,0,2199,37
2020-05-20,San Joaquin,077,732212,847,713,3,716,33
2020-05-20,San Luis Obispo,079,281455,327,249,3,252,1
2020-05-20,San Mateo,081,765935,2059,1739,2,1741,74
2020-05-20,Santa Barbara,083,443738,1620,1524,9,1533,10
2020-05-20,Santa Clara,085,1922200,3207,2508,11,2519,138
2020-05-20,Santa Cruz,087,273765,200,163,0,163,3
2020-05-20,Shasta,089,179085,51,34,0,34,4
2020-05-20,Sierra,091,2930,1,0,0,0,0
2020-05-20,Siskiyou,093,43540,7,6,0,6,0
2020-05-20,Solano,095,438530,519,418,0,418,4
2020-05-20,Sonoma,097,501317,508,411,0,411,4
2020-05-20,Stanislaus,099,539301,684,584,4,588,25
2020-05-20,Sutter,101,95872,43,38,0,38,2
2020-05-20,Tehama,103,63373,4,2,0,2,1
2020-05-20,Trinity,105,12862,4,1,1,2,0
2020-05-20,Tulare,107,460477,2165,1585,8,1593,71
2020-05-20,Tuolumne,109,53932,3,2,0,2,0
2020-05-20,Ventura,111,848112,1335,879,8,887,29
2020-05-20,Yolo,113,214977,210,184,0,184,22
2020-05-20,Yuba,115,75493,26,23,0,23,1
2020-05-19,Alameda,001,1643700,3055,2493,3,2496,88
2020-05-19,Alpine,003,1148,1,1,0,1,0
2020-05-19,Amador,005,37829,10,9,0,9,0
2020-05-19,Butte,007,227075,52,25,1,26,0
2020-05-19,Calaveras,009,45235,15,13,0,13,0
2020-05-19,Colusa,011,21464,5,3,0,3,0
2020-05-19,Contra Costa,013,1133247,1402,1205,1,1206,33
2020-05-19,Del Norte,015,27424,28,8,0,8,0
2020-05-19,El Dorado,017,186661,91,67,0,67,0
2020-05-19,Fresno,019,978130,2475,1288,38,1326,15
2020-05-19,Glenn,021,27897,13,12,0,12,0
2020-05-19,Humboldt,023,135768,101,72,0,72,0
2020-05-19,Imperial,025,180216,2048,1012,4,1016,14
2020-05-19,Inyo,027,18085,19,20,0,20,1
2020-05-19,Kern,029,883053,2102,1601,3,1604,26
2020-05-19,Kings,031,150075,582,393,2,395,2
2020-05-19,Lake,033,64148,14,11,0,11,0
2020-05-19,Lassen,035,31185,5,0,2,2,0
2020-05-19,Los Angeles,037,10098052,49194,39670,20,39690,1906
2020-05-19,Madera,039,155013,173,80,1,81,2
2020-05-19,Marin,041,260295,374,340,1,341,14
2020-05-19,Mariposa,043,17540,16,15,0,15,1
2020-05-19,Mendocino,045,87422,20,12,0,12,0
2020-05-19,Merced,047,269075,326,222,0,222,5
2020-05-19,Modoc,049,8938,0,0,0,0,0
2020-05-19,Mono,051,14174,36,33,0,33,1
2020-05-19,Monterey,053,433212,455,350,1,351,8
2020-05-19,Napa,055,140530,111,93,0,93,3
2020-05-19,Nevada,057,99092,42,41,1,42,1
2020-05-19,Orange,059,3164182,6958,4746,54,4800,90
2020-05-19,Placer,061,380077,204,177,0,177,8
2020-05-19,Plumas,063,18699,4,5,0,5,0
2020-05-19,Riverside,065,2383286,7231,5963,19,5982,265
2020-05-19,Sacramento,067,1510023,1320,1239,1,1240,57
2020-05-19,San Benito,069,59416,74,59,0,59,2
2020-05-19,San Bernardino,071,2135413,4821,3656,4,3660,158
2020-05-19,San Diego,073,3302833,7078,6028,0,6028,222
2020-05-19,San Francisco,075,870044,2392,2186,0,2186,37
2020-05-19,San Joaquin,077,732212,825,705,3,708,33
2020-05-19,San Luis Obispo,079,281455,327,245,3,248,1
2020-05-19,San Mateo,081,765935,2018,1704,2,1706,71
2020-05-19,Santa Barbara,083,443738,1606,1521,9,1530,10
2020-05-19,Santa Clara,085,1922200,3157,2480,11,2491,138
2020-05-19,Santa Cruz,087,273765,189,161,0,161,3
2020-05-19,Shasta,089,179085,51,34,0,34,4
2020-05-19,Sierra,091,2930,0,0,0,0,0
2020-05-19,Siskiyou,093,43540,7,6,0,6,0
2020-05-19,Solano,095,438530,505,415,0,415,4
2020-05-19,Sonoma,097,501317,497,389,0,389,4
2020-05-19,Stanislaus,099,539301,670,582,4,586,25
2020-05-19,Sutter,101,95872,43,38,0,38,2
2020-05-19,Tehama,103,63373,4,2,0,2,1
2020-05-19,Trinity,105,12862,3,1,0,1,0
2020-05-19,Tulare,107,460477,2117,1551,8,1559,68
2020-05-19,Tuolumne,109,53932,3,2,0,2,0
2020-05-19,Ventura,111,848112,1294,861,7,868,28
2020-05-19,Yolo,113,214977,208,183,0,183,22
2020-05-19,Yuba,115,75493,26,23,0,23,1
2020-05-18,Alameda,001,1643700,2982,2442,3,2445,84
2020-05-18,Alpine,003,1148,1,1,0,1,0
2020-05-18,Amador,005,37829,10,8,0,8,0
2020-05-18,Butte,007,227075,50,24,1,25,0
2020-05-18,Calaveras,009,45235,15,13,0,13,0
2020-05-18,Colusa,011,21464,5,3,0,3,0
2020-05-18,Contra Costa,013,1133247,1371,1173,1,1174,33
2020-05-18,Del Norte,015,27424,23,8,0,8,0
2020-05-18,El Dorado,017,186661,89,67,0,67,0
2020-05-18,Fresno,019,978130,2399,1244,37,1281,14
2020-05-18,Glenn,021,27897,13,11,0,11,0
2020-05-18,Humboldt,023,135768,101,70,0,70,0
2020-05-18,Imperial,025,180216,1894,767,4,771,14
2020-05-18,Inyo,027,18085,19,20,0,20,1
2020-05-18,Kern,029,883053,2053,1566,3,1569,26
2020-05-18,Kings,031,150075,551,381,2,383,2
2020-05-18,Lake,033,64148,13,9,0,9,0
2020-05-18,Lassen,035,31185,5,0,2,2,0
2020-05-18,Los Angeles,037,10098052,48167,38477,20,38497,1825
2020-05-18,Madera,039,155013,167,74,1,75,2
2020-05-18,Marin,041,260295,361,329,1,330,14
2020-05-18,Mariposa,043,17540,16,15,0,15,1
2020-05-18,Mendocino,045,87422,15,12,0,12,0
2020-05-18,Merced,047,269075,317,217,0,217,5
2020-05-18,Modoc,049,8938,0,0,0,0,0
2020-05-18,Mono,051,14174,36,33,0,33,1
2020-05-18,Monterey,053,433212,444,345,1,346,8
2020-05-18,Napa,055,140530,107,92,0,92,3
2020-05-18,Nevada,057,99092,42,41,1,42,1
2020-05-18,Orange,059,3164182,6769,4558,52,4610,88
2020-05-18,Placer,061,380077,202,176,0,176,8
2020-05-18,Plumas,063,18699,4,5,0,5,0
2020-05-18,Riverside,065,2383286,7031,5873,18,5891,253
2020-05-18,Sacramento,067,1510023,1314,1233,0,1233,57
2020-05-18,San Benito,069,59416,72,59,0,59,2
2020-05-18,San Bernardino,071,2135413,4674,3558,4,3562,156
2020-05-18,San Diego,073,3302833,6945,5948,0,5948,211
2020-05-18,San Francisco,075,870044,2369,2183,0,2183,36
2020-05-18,San Joaquin,077,732212,813,697,3,700,33
2020-05-18,San Luis Obispo,079,281455,323,243,3,246,1
2020-05-18,San Mateo,081,765935,1980,1701,2,1703,68
2020-05-18,Santa Barbara,083,443738,1595,1501,9,1510,10
2020-05-18,Santa Clara,085,1922200,3124,2468,11,2479,137
2020-05-18,Santa Cruz,087,273765,187,160,0,160,3
2020-05-18,Shasta,089,179085,50,34,0,34,4
2020-05-18,Sierra,091,2930,0,0,0,0,0
2020-05-18,Siskiyou,093,43540,7,6,0,6,0
2020-05-18,Solano,095,438530,495,398,0,398,4
2020-05-18,Sonoma,097,501317,479,387,0,387,4
2020-05-18,Stanislaus,099,539301,658,572,4,576,25
2020-05-18,Sutter,101,95872,43,38,0,38,2
2020-05-18,Tehama,103,63373,4,2,0,2,1
2020-05-18,Trinity,105,12862,3,1,0,1,0
2020-05-18,Tulare,107,460477,2073,1491,8,1499,63
2020-05-18,Tuolumne,109,53932,3,2,0,2,0
2020-05-18,Ventura,111,848112,1271,850,6,856,27
2020-05-18,Yolo,113,214977,203,183,0,183,22
2020-05-18,Yuba,115,75493,26,23,0,23,1
2020-05-17,Alameda,001,1643700,2887,2389,3,2392,83
2020-05-17,Alpine,003,1148,1,1,0,1,0
2020-05-17,Amador,005,37829,10,8,0,8,0
2020-05-17,Butte,007,227075,49,23,1,24,0
2020-05-17,Calaveras,009,45235,15,13,0,13,0
2020-05-17,Colusa,011,21464,3,3,0,3,0
2020-05-17,Contra Costa,013,1133247,1332,1155,1,1156,33
2020-05-17,Del Norte,015,27424,23,7,0,7,0
2020-05-17,El Dorado,017,186661,89,65,0,65,0
2020-05-17,Fresno,019,978130,2292,1213,34,1247,14
2020-05-17,Glenn,021,27897,13,9,0,9,0
2020-05-17,Humboldt,023,135768,94,70,0,70,0
2020-05-17,Imperial,025,180216,1746,715,4,719,14
2020-05-17,Inyo,027,18085,19,20,0,20,1
2020-05-17,Kern,029,883053,1975,1546,3,1549,26
2020-05-17,Kings,031,150075,504,356,2,358,2
2020-05-17,Lake,033,64148,13,7,0,7,0
2020-05-17,Lassen,035,31185,5,0,2,2,0
2020-05-17,Los Angeles,037,10098052,46927,37996,20,38016,1807
2020-05-17,Madera,039,155013,165,69,1,70,2
2020-05-17,Marin,041,260295,350,315,1,316,14
2020-05-17,Mariposa,043,17540,15,15,0,15,1
2020-05-17,Mendocino,045,87422,14,10,0,10,0
2020-05-17,Merced,047,269075,306,214,0,214,5
2020-05-17,Modoc,049,8938,0,0,0,0,0
2020-05-17,Mono,051,14174,36,32,0,32,1
2020-05-17,Monterey,053,433212,424,342,1,343,8
2020-05-17,Napa,055,140530,104,89,0,89,3
2020-05-17,Nevada,057,99092,42,41,1,42,1
2020-05-17,Orange,059,3164182,6590,4466,51,4517,88
2020-05-17,Placer,061,380077,197,175,0,175,8
2020-05-17,Plumas,063,18699,4,4,0,4,0
2020-05-17,Riverside,065,2383286,6858,5776,18,5794,245
2020-05-17,Sacramento,067,1510023,1303,1224,0,1224,56
2020-05-17,San Benito,069,59416,71,59,0,59,2
2020-05-17,San Bernardino,071,2135413,4524,3467,4,3471,155
2020-05-17,San Diego,073,3302833,6813,5838,0,5838,209
2020-05-17,San Francisco,075,870044,2342,2132,0,2132,36
2020-05-17,San Joaquin,077,732212,783,688,3,691,32
2020-05-17,San Luis Obispo,079,281455,321,242,3,245,1
2020-05-17,San Mateo,081,765935,1943,1680,2,1682,68
2020-05-17,Santa Barbara,083,443738,1576,1457,9,1466,10
2020-05-17,Santa Clara,085,1922200,3086,2453,11,2464,135
2020-05-17,Santa Cruz,087,273765,176,155,0,155,3
2020-05-17,Shasta,089,179085,49,34,0,34,4
2020-05-17,Sierra,091,2930,0,0,0,0,0
2020-05-17,Siskiyou,093,43540,7,6,0,6,0
2020-05-17,Solano,095,438530,483,392,0,392,4
2020-05-17,Sonoma,097,501317,458,376,0,376,4
2020-05-17,Stanislaus,099,539301,647,566,4,570,25
2020-05-17,Sutter,101,95872,42,38,0,38,2
2020-05-17,Tehama,103,63373,3,2,0,2,1
2020-05-17,Trinity,105,12862,2,1,0,1,0
2020-05-17,Tulare,107,460477,1997,1430,7,1437,63
2020-05-17,Tuolumne,109,53932,3,2,0,2,0
2020-05-17,Ventura,111,848112,1226,838,6,844,27
2020-05-17,Yolo,113,214977,201,182,0,182,22
2020-05-17,Yuba,115,75493,26,21,0,21,1
2020-05-16,Alameda,001,1643700,2837,2327,3,2330,83
2020-05-16,Alpine,003,1148,1,1,0,1,0
2020-05-16,Amador,005,37829,10,8,0,8,0
2020-05-16,Butte,007,227075,44,22,1,23,0
2020-05-16,Calaveras,009,45235,15,13,0,13,0
2020-05-16,Colusa,011,21464,3,3,0,3,0
2020-05-16,Contra Costa,013,1133247,1314,1136,1,1137,33
2020-05-16,Del Norte,015,27424,19,4,0,4,0
2020-05-16,El Dorado,017,186661,89,65,0,65,0
2020-05-16,Fresno,019,978130,2235,1177,34,1211,14
2020-05-16,Glenn,021,27897,13,9,0,9,0
2020-05-16,Humboldt,023,135768,92,69,0,69,0
2020-05-16,Imperial,025,180216,1682,712,4,716,14
2020-05-16,Inyo,027,18085,19,20,0,20,1
2020-05-16,Kern,029,883053,1939,1509,3,1512,26
2020-05-16,Kings,031,150075,494,356,2,358,2
2020-05-16,Lake,033,64148,13,7,0,7,0
2020-05-16,Lassen,035,31185,4,0,2,2,0
2020-05-16,Los Angeles,037,10098052,46353,37352,20,37372,1778
2020-05-16,Madera,039,155013,163,70,1,71,2
2020-05-16,Marin,041,260295,346,297,1,298,14
2020-05-16,Mariposa,043,17540,15,15,0,15,1
2020-05-16,Mendocino,045,87422,14,10,0,10,0
2020-05-16,Merced,047,269075,304,201,0,201,5
2020-05-16,Modoc,049,8938,0,0,0,0,0
2020-05-16,Mono,051,14174,36,32,0,32,1
2020-05-16,Monterey,053,433212,409,329,1,330,8
2020-05-16,Napa,055,140530,104,86,0,86,3
2020-05-16,Nevada,057,99092,42,41,1,42,1
2020-05-16,Orange,059,3164182,6514,4396,50,4446,87
2020-05-16,Placer,061,380077,195,174,0,174,8
2020-05-16,Plumas,063,18699,4,4,0,4,0
2020-05-16,Riverside,065,2383286,6773,5633,18,5651,243
2020-05-16,Sacramento,067,1510023,1296,1209,0,1209,55
2020-05-16,San Benito,069,59416,66,58,0,58,2
2020-05-16,San Bernardino,071,2135413,4452,3362,4,3366,155
2020-05-16,San Diego,073,3302833,6727,5664,0,5664,209
2020-05-16,San Francisco,075,870044,2319,2094,0,2094,36
2020-05-16,San Joaquin,077,732212,775,668,3,671,32
2020-05-16,San Luis Obispo,079,281455,320,240,3,243,1
2020-05-16,San Mateo,081,765935,1928,1652,2,1654,68
2020-05-16,Santa Barbara,083,443738,1565,1422,9,1431,10
2020-05-16,Santa Clara,085,1922200,3068,2420,11,2431,135
2020-05-16,Santa Cruz,087,273765,173,154,0,154,3
2020-05-16,Shasta,089,179085,49,33,0,33,4
2020-05-16,Sierra,091,2930,0,0,0,0,0
2020-05-16,Siskiyou,093,43540,7,6,0,6,0
2020-05-16,Solano,095,438530,478,392,0,392,4
2020-05-16,Sonoma,097,501317,445,356,0,356,4
2020-05-16,Stanislaus,099,539301,638,546,4,550,24
2020-05-16,Sutter,101,95872,42,35,0,35,2
2020-05-16,Tehama,103,63373,3,2,0,2,1
2020-05-16,Trinity,105,12862,2,1,0,1,0
2020-05-16,Tulare,107,460477,1979,1426,7,1433,63
2020-05-16,Tuolumne,109,53932,3,2,0,2,0
2020-05-16,Ventura,111,848112,1200,813,6,819,25
2020-05-16,Yolo,113,214977,200,181,0,181,22
2020-05-16,Yuba,115,75493,26,21,0,21,1
2020-05-15,Alameda,001,1643700,2803,2289,3,2292,83
2020-05-15,Alpine,003,1148,1,1,0,1,0
2020-05-15,Amador,005,37829,10,8,0,8,0
2020-05-15,Butte,007,227075,42,22,1,23,0
2020-05-15,Calaveras,009,45235,14,13,0,13,0
2020-05-15,Colusa,011,21464,3,3,0,3,0
2020-05-15,Contra Costa,013,1133247,1296,1106,1,1107,33
2020-05-15,Del Norte,015,27424,14,4,0,4,0
2020-05-15,El Dorado,017,186661,89,64,0,64,0
2020-05-15,Fresno,019,978130,2168,1126,34,1160,14
2020-05-15,Glenn,021,27897,13,9,0,9,0
2020-05-15,Humboldt,023,135768,91,60,0,60,0
2020-05-15,Imperial,025,180216,1598,680,0,680,14
2020-05-15,Inyo,027,18085,19,20,0,20,1
2020-05-15,Kern,029,883053,1883,1472,3,1475,25
2020-05-15,Kings,031,150075,491,347,2,349,2
2020-05-15,Lake,033,64148,13,7,0,7,0
2020-05-15,Lassen,035,31185,4,0,2,2,0
2020-05-15,Los Angeles,037,10098052,45564,36317,20,36337,1734
2020-05-15,Madera,039,155013,162,71,1,72,2
2020-05-15,Marin,041,260295,338,295,1,296,14
2020-05-15,Mariposa,043,17540,15,15,0,15,1
2020-05-15,Mendocino,045,87422,14,10,0,10,0
2020-05-15,Merced,047,269075,301,191,0,191,5
2020-05-15,Modoc,049,8938,0,0,0,0,0
2020-05-15,Mono,051,14174,36,31,0,31,1
2020-05-15,Monterey,053,433212,403,321,1,322,8
2020-05-15,Napa,055,140530,104,83,0,83,3
2020-05-15,Nevada,057,99092,42,41,1,42,1
2020-05-15,Orange,059,3164182,6341,4281,50,4331,87
2020-05-15,Placer,061,380077,193,174,0,174,8
2020-05-15,Plumas,063,18699,4,4,0,4,0
2020-05-15,Riverside,065,2383286,6659,5496,18,5514,233
2020-05-15,Sacramento,067,1510023,1286,1203,0,1203,55
2020-05-15,San Benito,069,59416,63,57,0,57,2
2020-05-15,San Bernardino,071,2135413,4374,3225,4,3229,153
2020-05-15,San Diego,073,3302833,6620,5525,0,5525,208
2020-05-15,San Francisco,075,870044,2303,2062,0,2062,36
2020-05-15,San Joaquin,077,732212,769,656,3,659,32
2020-05-15,San Luis Obispo,079,281455,318,237,3,240,1
2020-05-15,San Mateo,081,765935,1906,1612,2,1614,68
2020-05-15,Santa Barbara,083,443738,1556,1409,8,1417,10
2020-05-15,Santa Clara,085,1922200,3025,2395,10,2405,135
2020-05-15,Santa Cruz,087,273765,172,146,0,146,3
2020-05-15,Shasta,089,179085,48,33,0,33,4
2020-05-15,Sierra,091,2930,0,0,0,0,0
2020-05-15,Siskiyou,093,43540,6,5,0,5,0
2020-05-15,Solano,095,438530,474,388,0,388,4
2020-05-15,Sonoma,097,501317,437,349,0,349,4
2020-05-15,Stanislaus,099,539301,631,540,4,544,23
2020-05-15,Sutter,101,95872,41,35,0,35,2
2020-05-15,Tehama,103,63373,3,1,0,1,1
2020-05-15,Trinity,105,12862,2,1,0,1,0
2020-05-15,Tulare,107,460477,1951,1356,7,1363,61
2020-05-15,Tuolumne,109,53932,3,2,0,2,0
2020-05-15,Ventura,111,848112,1182,789,5,794,25
2020-05-15,Yolo,113,214977,199,182,0,182,22
2020-05-15,Yuba,115,75493,26,21,0,21,1
2020-05-14,Alameda,001,1643700,2711,2255,3,2258,80
2020-05-14,Alpine,003,1148,1,1,0,1,0
2020-05-14,Amador,005,37829,10,8,0,8,0
2020-05-14,Butte,007,227075,40,22,1,23,0
2020-05-14,Calaveras,009,45235,14,13,0,13,0
2020-05-14,Colusa,011,21464,3,3,0,3,0
2020-05-14,Contra Costa,013,1133247,1269,1090,1,1091,32
2020-05-14,Del Norte,015,27424,14,4,0,4,0
2020-05-14,El Dorado,017,186661,80,59,0,59,0
2020-05-14,Fresno,019,978130,2108,1038,30,1068,12
2020-05-14,Glenn,021,27897,12,8,0,8,0
2020-05-14,Humboldt,023,135768,89,59,0,59,0
2020-05-14,Imperial,025,180216,1481,652,0,652,13
2020-05-14,Inyo,027,18085,19,20,0,20,1
2020-05-14,Kern,029,883053,1841,1430,3,1433,21
2020-05-14,Kings,031,150075,475,342,2,344,1
2020-05-14,Lake,033,64148,13,7,0,7,0
2020-05-14,Lassen,035,31185,4,0,2,2,0
2020-05-14,Los Angeles,037,10098052,44391,35427,20,35447,1693
2020-05-14,Madera,039,155013,153,69,1,70,2
2020-05-14,Marin,041,260295,320,283,1,284,14
2020-05-14,Mariposa,043,17540,15,15,0,15,0
2020-05-14,Mendocino,045,87422,13,10,0,10,0
2020-05-14,Merced,047,269075,290,182,0,182,3
2020-05-14,Modoc,049,8938,0,0,0,0,0
2020-05-14,Mono,051,14174,36,31,0,31,1
2020-05-14,Monterey,053,433212,393,317,1,318,7
2020-05-14,Napa,055,140530,102,83,0,83,3
2020-05-14,Nevada,057,99092,41,41,1,42,1
2020-05-14,Orange,059,3164182,6166,4163,48,4211,83
2020-05-14,Placer,061,380077,193,172,0,172,8
2020-05-14,Plumas,063,18699,4,4,0,4,0
2020-05-14,Riverside,065,2383286,6475,5339,18,5357,224
2020-05-14,Sacramento,067,1510023,1274,1181,0,1181,55
2020-05-14,San Benito,069,59416,61,56,0,56,2
2020-05-14,San Bernardino,071,2135413,4195,3149,4,3153,149
2020-05-14,San Diego,073,3302833,6485,5393,0,5393,200
2020-05-14,San Francisco,075,870044,2270,2029,0,2029,36
2020-05-14,San Joaquin,077,732212,754,643,3,646,31
2020-05-14,San Luis Obispo,079,281455,315,236,3,239,1
2020-05-14,San Mateo,081,765935,1874,1588,2,1590,67
2020-05-14,Santa Barbara,083,443738,1544,1395,8,1403,11
2020-05-14,Santa Clara,085,1922200,3002,2380,10,2390,134
2020-05-14,Santa Cruz,087,273765,170,145,0,145,3
2020-05-14,Shasta,089,179085,48,33,0,33,4
2020-05-14,Sierra,091,2930,0,0,0,0,0
2020-05-14,Siskiyou,093,43540,6,5,0,5,0
2020-05-14,Solano,095,438530,465,372,0,372,4
2020-05-14,Sonoma,097,501317,420,333,0,333,4
2020-05-14,Stanislaus,099,539301,612,533,4,537,23
2020-05-14,Sutter,101,95872,41,34,0,34,2
2020-05-14,Tehama,103,63373,3,1,0,1,1
2020-05-14,Trinity,105,12862,2,1,0,1,0
2020-05-14,Tulare,107,460477,1912,1317,7,1324,55
2020-05-14,Tuolumne,109,53932,3,2,0,2,0
2020-05-14,Ventura,111,848112,1151,760,5,765,25
2020-05-14,Yolo,113,214977,199,180,0,180,22
2020-05-14,Yuba,115,75493,26,21,0,21,1
2020-05-13,Alameda,001,1643700,2653,2181,3,2184,78
2020-05-13,Alpine,003,1148,1,1,0,1,0
2020-05-13,Amador,005,37829,10,8,0,8,0
2020-05-13,Butte,007,227075,40,21,1,22,0
2020-05-13,Calaveras,009,45235,14,13,0,13,0
2020-05-13,Colusa,011,21464,3,3,0,3,0
2020-05-13,Contra Costa,013,1133247,1247,1082,1,1083,32
2020-05-13,Del Norte,015,27424,13,4,0,4,0
2020-05-13,El Dorado,017,186661,79,58,0,58,0
2020-05-13,Fresno,019,978130,2010,993,30,1023,10
2020-05-13,Glenn,021,27897,11,6,0,6,0
2020-05-13,Humboldt,023,135768,83,58,0,58,0
2020-05-13,Imperial,025,180216,1411,610,0,610,11
2020-05-13,Inyo,027,18085,19,20,0,20,1
2020-05-13,Kern,029,883053,1795,1390,3,1393,19
2020-05-13,Kings,031,150075,461,314,2,316,1
2020-05-13,Lake,033,64148,13,7,0,7,0
2020-05-13,Lassen,035,31185,4,0,2,2,0
2020-05-13,Los Angeles,037,10098052,43081,34574,20,34594,1643
2020-05-13,Madera,039,155013,144,69,1,70,2
2020-05-13,Marin,041,260295,307,278,1,279,14
2020-05-13,Mariposa,043,17540,15,15,0,15,0
2020-05-13,Mendocino,045,87422,13,10,0,10,0
2020-05-13,Merced,047,269075,287,176,0,176,3
2020-05-13,Modoc,049,8938,0,0,0,0,0
2020-05-13,Mono,051,14174,35,31,0,31,1
2020-05-13,Monterey,053,433212,383,309,1,310,6
2020-05-13,Napa,055,140530,102,81,0,81,3
2020-05-13,Nevada,057,99092,41,41,1,42,1
2020-05-13,Orange,059,3164182,5920,4025,46,4071,79
2020-05-13,Placer,061,380077,192,170,0,170,8
2020-05-13,Plumas,063,18699,4,4,0,4,0
2020-05-13,Riverside,065,2383286,6352,5204,18,5222,216
2020-05-13,Sacramento,067,1510023,1259,1173,0,1173,53
2020-05-13,San Benito,069,59416,61,55,0,55,2
2020-05-13,San Bernardino,071,2135413,3939,3064,3,3067,140
2020-05-13,San Diego,073,3302833,6349,5280,0,5280,194
2020-05-13,San Francisco,075,870044,2242,2004,0,2004,35
2020-05-13,San Joaquin,077,732212,733,639,3,642,31
2020-05-13,San Luis Obispo,079,281455,313,231,3,234,1
2020-05-13,San Mateo,081,765935,1842,1550,2,1552,66
2020-05-13,Santa Barbara,083,443738,1533,1382,8,1390,10
2020-05-13,Santa Clara,085,1922200,2982,2370,10,2380,132
2020-05-13,Santa Cruz,087,273765,166,142,0,142,2
2020-05-13,Shasta,089,179085,48,32,0,32,4
2020-05-13,Sierra,091,2930,0,0,0,0,0
2020-05-13,Siskiyou,093,43540,6,5,0,5,0
2020-05-13,Solano,095,438530,452,368,0,368,4
2020-05-13,Sonoma,097,501317,410,330,0,330,4
2020-05-13,Stanislaus,099,539301,603,521,4,525,15
2020-05-13,Sutter,101,95872,41,33,0,33,2
2020-05-13,Tehama,103,63373,3,1,0,1,1
2020-05-13,Trinity,105,12862,2,2,0,2,0
2020-05-13,Tulare,107,460477,1879,1283,7,1290,54
2020-05-13,Tuolumne,109,53932,3,2,0,2,0
2020-05-13,Ventura,111,848112,1120,742,5,747,25
2020-05-13,Yolo,113,214977,197,178,0,178,22
2020-05-13,Yuba,115,75493,24,19,0,19,1
2020-05-12,Alameda,001,1643700,2589,2146,3,2149,74
2020-05-12,Alpine,003,1148,1,1,0,1,0
2020-05-12,Amador,005,37829,10,8,0,8,0
2020-05-12,Butte,007,227075,38,20,1,21,0
2020-05-12,Calaveras,009,45235,13,13,0,13,0
2020-05-12,Colusa,011,21464,3,3,0,3,0
2020-05-12,Contra Costa,013,1133247,1216,1067,1,1068,32
2020-05-12,Del Norte,015,27424,10,3,0,3,0
2020-05-12,El Dorado,017,186661,76,56,0,56,0
2020-05-12,Fresno,019,978130,1926,978,28,1006,9
2020-05-12,Glenn,021,27897,10,6,0,6,0
2020-05-12,Humboldt,023,135768,80,58,0,58,0
2020-05-12,Imperial,025,180216,1281,602,0,602,9
2020-05-12,Inyo,027,18085,19,20,0,20,1
2020-05-12,Kern,029,883053,1754,1363,3,1366,18
2020-05-12,Kings,031,150075,440,302,2,304,1
2020-05-12,Lake,033,64148,13,7,0,7,0
2020-05-12,Lassen,035,31185,4,0,2,2,0
2020-05-12,Los Angeles,037,10098052,42083,33281,19,33300,1601
2020-05-12,Madera,039,155013,138,69,1,70,2
2020-05-12,Marin,041,260295,302,274,1,275,14
2020-05-12,Mariposa,043,17540,15,15,0,15,0
2020-05-12,Mendocino,045,87422,13,10,0,10,0
2020-05-12,Merced,047,269075,276,175,0,175,3
2020-05-12,Modoc,049,8938,0,0,0,0,0
2020-05-12,Mono,051,14174,35,31,0,31,1
2020-05-12,Monterey,053,433212,376,298,1,299,6
2020-05-12,Napa,055,140530,100,80,0,80,3
2020-05-12,Nevada,057,99092,41,41,1,42,1
2020-05-12,Orange,059,3164182,5737,3843,44,3887,78
2020-05-12,Placer,061,380077,191,170,0,170,8
2020-05-12,Plumas,063,18699,4,4,0,4,0
2020-05-12,Riverside,065,2383286,6229,5134,18,5152,210
2020-05-12,Sacramento,067,1510023,1239,1166,0,1166,52
2020-05-12,San Benito,069,59416,61,55,0,55,2
2020-05-12,San Bernardino,071,2135413,3787,2997,3,3000,131
2020-05-12,San Diego,073,3302833,6205,3,0,3,0
2020-05-12,San Francisco,075,870044,2207,1981,0,1981,35
2020-05-12,San Joaquin,077,732212,718,625,3,628,30
2020-05-12,San Luis Obispo,079,281455,310,226,3,229,1
2020-05-12,San Mateo,081,765935,1816,1533,2,1535,66
2020-05-12,Santa Barbara,083,443738,1502,1377,8,1385,10
2020-05-12,Santa Clara,085,1922200,2952,2362,10,2372,131
2020-05-12,Santa Cruz,087,273765,164,141,0,141,2
2020-05-12,Shasta,089,179085,47,33,0,33,4
2020-05-12,Sierra,091,2930,0,0,0,0,0
2020-05-12,Siskiyou,093,43540,6,5,0,5,0
2020-05-12,Solano,095,438530,444,361,0,361,4
2020-05-12,Sonoma,097,501317,387,308,0,308,4
2020-05-12,Stanislaus,099,539301,596,515,4,519,15
2020-05-12,Sutter,101,95872,41,33,0,33,2
2020-05-12,Tehama,103,63373,3,1,0,1,1
2020-05-12,Trinity,105,12862,2,1,0,1,0
2020-05-12,Tulare,107,460477,1847,1261,7,1268,52
2020-05-12,Tuolumne,109,53932,3,2,0,2,0
2020-05-12,Ventura,111,848112,1064,718,5,723,20
2020-05-12,Yolo,113,214977,196,176,0,176,22
2020-05-12,Yuba,115,75493,24,19,0,19,1
2020-05-11,Alameda,001,1643700,2539,2103,3,2106,71
2020-05-11,Alpine,003,1148,1,1,0,1,0
2020-05-11,Amador,005,37829,10,8,0,8,0
2020-05-11,Butte,007,227075,37,19,1,20,0
2020-05-11,Calaveras,009,45235,13,13,0,13,0
2020-05-11,Colusa,011,21464,3,3,0,3,0
2020-05-11,Contra Costa,013,1133247,1202,1052,1,1053,32
2020-05-11,Del Norte,015,27424,8,3,0,3,0
2020-05-11,El Dorado,017,186661,76,55,0,55,0
2020-05-11,Fresno,019,978130,1835,937,27,964,8
2020-05-11,Glenn,021,27897,10,6,0,6,0
2020-05-11,Humboldt,023,135768,77,56,0,56,0
2020-05-11,Imperial,025,180216,1174,562,0,562,9
2020-05-11,Inyo,027,18085,19,20,0,20,1
2020-05-11,Kern,029,883053,1702,1331,3,1334,17
2020-05-11,Kings,031,150075,417,289,1,290,1
2020-05-11,Lake,033,64148,12,7,0,7,0
2020-05-11,Lassen,035,31185,4,0,2,2,0
2020-05-11,Los Angeles,037,10098052,40903,32279,19,32298,1553
2020-05-11,Madera,039,155013,129,68,1,69,2
2020-05-11,Marin,041,260295,293,271,1,272,14
2020-05-11,Mariposa,043,17540,15,15,0,15,0
2020-05-11,Mendocino,045,87422,13,10,0,10,0
2020-05-11,Merced,047,269075,261,158,0,158,3
2020-05-11,Modoc,049,8938,0,0,0,0,0
2020-05-11,Mono,051,14174,35,30,0,30,1
2020-05-11,Monterey,053,433212,373,286,1,287,6
2020-05-11,Napa,055,140530,94,79,0,79,2
2020-05-11,Nevada,057,99092,41,41,1,42,1
2020-05-11,Orange,059,3164182,5523,3699,38,3737,77
2020-05-11,Placer,061,380077,191,170,0,170,8
2020-05-11,Plumas,063,18699,4,4,0,4,0
2020-05-11,Riverside,065,2383286,6071,5082,17,5099,203
2020-05-11,Sacramento,067,1510023,1224,1160,0,1160,52
2020-05-11,San Benito,069,59416,59,52,0,52,2
2020-05-11,San Bernardino,071,2135413,3676,2945,3,2948,124
2020-05-11,San Diego,073,3302833,6052,5067,0,5067,175
2020-05-11,San Francisco,075,870044,2161,1974,0,1974,35
2020-05-11,San Joaquin,077,732212,708,620,3,623,30
2020-05-11,San Luis Obispo,079,281455,308,224,3,227,1
2020-05-11,San Mateo,081,765935,1790,1499,2,1501,66
2020-05-11,Santa Barbara,083,443738,1491,1372,7,1379,10
2020-05-11,Santa Clara,085,1922200,2935,2340,10,2350,129
2020-05-11,Santa Cruz,087,273765,161,140,0,140,2
2020-05-11,Shasta,089,179085,47,31,0,31,4
2020-05-11,Sierra,091,2930,0,0,0,0,0
2020-05-11,Siskiyou,093,43540,6,5,0,5,0
2020-05-11,Solano,095,438530,439,354,0,354,4
2020-05-11,Sonoma,097,501317,377,303,0,303,3
2020-05-11,Stanislaus,099,539301,586,507,4,511,14
2020-05-11,Sutter,101,95872,40,32,0,32,2
2020-05-11,Tehama,103,63373,3,1,0,1,1
2020-05-11,Trinity,105,12862,2,1,0,1,0
2020-05-11,Tulare,107,460477,1798,1203,7,1210,49
2020-05-11,Tuolumne,109,53932,3,2,0,2,0
2020-05-11,Ventura,111,848112,1003,698,4,702,19
2020-05-11,Yolo,113,214977,196,174,0,174,20
2020-05-11,Yuba,115,75493,24,18,0,18,1
2020-05-10,Alameda,001,1643700,2462,2047,3,2050,71
2020-05-10,Alpine,003,1148,1,1,0,1,0
2020-05-10,Amador,005,37829,10,8,0,8,0
2020-05-10,Butte,007,227075,32,18,1,19,0
2020-05-10,Calaveras,009,45235,13,13,0,13,0
2020-05-10,Colusa,011,21464,3,3,0,3,0
2020-05-10,Contra Costa,013,1133247,1188,1046,0,1046,31
2020-05-10,Del Norte,015,27424,7,3,0,3,0
2020-05-10,El Dorado,017,186661,76,55,0,55,0
2020-05-10,Fresno,019,978130,1750,894,27,921,8
2020-05-10,Glenn,021,27897,10,6,0,6,0
2020-05-10,Humboldt,023,135768,73,56,0,56,0
2020-05-10,Imperial,025,180216,1079,509,0,509,7
2020-05-10,Inyo,027,18085,19,20,0,20,1
2020-05-10,Kern,029,883053,1651,1300,2,1302,16
2020-05-10,Kings,031,150075,404,266,1,267,1
2020-05-10,Lake,033,64148,12,7,0,7,0
2020-05-10,Lassen,035,31185,4,0,2,2,0
2020-05-10,Los Angeles,037,10098052,39642,31711,19,31730,1514
2020-05-10,Madera,039,155013,127,65,1,66,2
2020-05-10,Marin,041,260295,285,267,1,268,14
2020-05-10,Mariposa,043,17540,15,15,0,15,0
2020-05-10,Mendocino,045,87422,12,10,0,10,0
2020-05-10,Merced,047,269075,246,154,0,154,3
2020-05-10,Modoc,049,8938,0,0,0,0,0
2020-05-10,Mono,051,14174,35,27,0,27,1
2020-05-10,Monterey,053,433212,359,282,1,283,6
2020-05-10,Napa,055,140530,88,79,0,79,2
2020-05-10,Nevada,057,99092,41,41,1,42,1
2020-05-10,Orange,059,3164182,5380,3627,38,3665,76
2020-05-10,Placer,061,380077,190,168,0,168,8
2020-05-10,Plumas,063,18699,4,4,0,4,0
2020-05-10,Riverside,065,2383286,5949,4951,17,4968,193
2020-05-10,Sacramento,067,1510023,1208,1152,0,1152,52
2020-05-10,San Benito,069,59416,59,52,0,52,2
2020-05-10,San Bernardino,071,2135413,3578,2910,3,2913,121
2020-05-10,San Diego,073,3302833,5900,4928,0,4928,175
2020-05-10,San Francisco,075,870044,2143,1953,0,1953,35
2020-05-10,San Joaquin,077,732212,693,611,3,614,29
2020-05-10,San Luis Obispo,079,281455,305,218,3,221,1
2020-05-10,San Mateo,081,765935,1768,1463,2,1465,65
2020-05-10,Santa Barbara,083,443738,1480,1323,7,1330,10
2020-05-10,Santa Clara,085,1922200,2908,2331,10,2341,129
2020-05-10,Santa Cruz,087,273765,160,139,0,139,2
2020-05-10,Shasta,089,179085,47,31,0,31,4
2020-05-10,Sierra,091,2930,0,0,0,0,0
2020-05-10,Siskiyou,093,43540,5,5,0,5,0
2020-05-10,Solano,095,438530,429,322,0,322,4
2020-05-10,Sonoma,097,501317,367,290,0,290,3
2020-05-10,Stanislaus,099,539301,579,498,4,502,14
2020-05-10,Sutter,101,95872,37,31,0,31,2
2020-05-10,Tehama,103,63373,3,1,0,1,1
2020-05-10,Trinity,105,12862,2,1,0,1,0
2020-05-10,Tulare,107,460477,1727,1143,7,1150,47
2020-05-10,Tuolumne,109,53932,3,2,0,2,0
2020-05-10,Ventura,111,848112,945,690,2,692,19
2020-05-10,Yolo,113,214977,196,173,0,173,20
2020-05-10,Yuba,115,75493,23,17,0,17,1
2020-05-09,Alameda,001,1643700,2419,2011,3,2014,71
2020-05-09,Alpine,003,1148,1,1,0,1,0
2020-05-09,Amador,005,37829,9,8,0,8,0
2020-05-09,Butte,007,227075,31,18,1,19,0
2020-05-09,Calaveras,009,45235,13,13,0,13,0
2020-05-09,Colusa,011,21464,3,3,0,3,0
2020-05-09,Contra Costa,013,1133247,1174,1039,0,1039,31
2020-05-09,Del Norte,015,27424,7,3,0,3,0
2020-05-09,El Dorado,017,186661,73,54,0,54,0
2020-05-09,Fresno,019,978130,1712,861,26,887,8
2020-05-09,Glenn,021,27897,9,6,0,6,0
2020-05-09,Humboldt,023,135768,71,55,0,55,0
2020-05-09,Imperial,025,180216,1023,474,0,474,7
2020-05-09,Inyo,027,18085,19,20,0,20,1
2020-05-09,Kern,029,883053,1615,1262,1,1263,15
2020-05-09,Kings,031,150075,399,264,1,265,1
2020-05-09,Lake,033,64148,12,7,0,7,0
2020-05-09,Lassen,035,31185,4,0,2,2,0
2020-05-09,Los Angeles,037,10098052,39020,31268,19,31287,1499
2020-05-09,Madera,039,155013,126,61,1,62,2
2020-05-09,Marin,041,260295,284,261,1,262,14
2020-05-09,Mariposa,043,17540,15,15,0,15,0
2020-05-09,Mendocino,045,87422,12,10,0,10,0
2020-05-09,Merced,047,269075,242,153,0,153,3
2020-05-09,Modoc,049,8938,0,0,0,0,0
2020-05-09,Mono,051,14174,35,27,0,27,1
2020-05-09,Monterey,053,433212,352,273,0,273,6
2020-05-09,Napa,055,140530,87,78,0,78,2
2020-05-09,Nevada,057,99092,41,41,1,42,1
2020-05-09,Orange,059,3164182,5297,3506,38,3544,75
2020-05-09,Placer,061,380077,189,168,0,168,8
2020-05-09,Plumas,063,18699,4,4,0,4,0
2020-05-09,Riverside,065,2383286,5854,4871,17,4888,183
2020-05-09,Sacramento,067,1510023,1204,1150,0,1150,52
2020-05-09,San Benito,069,59416,58,52,0,52,2
2020-05-09,San Bernardino,071,2135413,3522,2825,3,2828,121
2020-05-09,San Diego,073,3302833,5788,4778,0,4778,175
2020-05-09,San Francisco,075,870044,2128,1944,0,1944,34
2020-05-09,San Joaquin,077,732212,684,605,3,608,28
2020-05-09,San Luis Obispo,079,281455,301,213,3,216,1
2020-05-09,San Mateo,081,765935,1749,1453,2,1455,65
2020-05-09,Santa Barbara,083,443738,1472,1245,7,1252,10
2020-05-09,Santa Clara,085,1922200,2894,2317,10,2327,128
2020-05-09,Santa Cruz,087,273765,159,138,0,138,2
2020-05-09,Shasta,089,179085,47,31,0,31,4
2020-05-09,Sierra,091,2930,0,0,0,0,0
2020-05-09,Siskiyou,093,43540,5,5,0,5,0
2020-05-09,Solano,095,438530,423,321,0,321,4
2020-05-09,Sonoma,097,501317,363,288,0,288,3
2020-05-09,Stanislaus,099,539301,571,491,4,495,12
2020-05-09,Sutter,101,95872,37,31,0,31,2
2020-05-09,Tehama,103,63373,2,1,0,1,1
2020-05-09,Trinity,105,12862,2,1,0,1,0
2020-05-09,Tulare,107,460477,1699,1083,7,1090,47
2020-05-09,Tuolumne,109,53932,3,2,0,2,0
2020-05-09,Ventura,111,848112,924,679,2,681,19
2020-05-09,Yolo,113,214977,196,172,0,172,18
2020-05-09,Yuba,115,75493,23,17,0,17,1
2020-05-08,Alameda,001,1643700,2376,1955,3,1958,70
2020-05-08,Alpine,003,1148,1,1,0,1,0
2020-05-08,Amador,005,37829,9,8,0,8,0
2020-05-08,Butte,007,227075,31,18,1,19,0
2020-05-08,Calaveras,009,45235,13,13,0,13,0
2020-05-08,Colusa,011,21464,3,3,0,3,0
2020-05-08,Contra Costa,013,1133247,1162,1024,0,1024,29
2020-05-08,Del Norte,015,27424,7,3,0,3,0
2020-05-08,El Dorado,017,186661,72,54,0,54,0
2020-05-08,Fresno,019,978130,1670,838,24,862,8
2020-05-08,Glenn,021,27897,8,6,0,6,0
2020-05-08,Humboldt,023,135768,68,54,0,54,0
2020-05-08,Imperial,025,180216,978,467,0,467,7
2020-05-08,Inyo,027,18085,19,20,0,20,1
2020-05-08,Kern,029,883053,1584,1214,1,1215,13
2020-05-08,Kings,031,150075,390,236,1,237,1
2020-05-08,Lake,033,64148,12,7,0,7,0
2020-05-08,Lassen,035,31185,4,0,2,2,0
2020-05-08,Los Angeles,037,10098052,38286,30357,19,30376,1447
2020-05-08,Madera,039,155013,123,57,1,58,2
2020-05-08,Marin,041,260295,284,257,1,258,14
2020-05-08,Mariposa,043,17540,15,15,0,15,0
2020-05-08,Mendocino,045,87422,12,10,0,10,0
2020-05-08,Merced,047,269075,241,151,0,151,3
2020-05-08,Modoc,049,8938,0,0,0,0,0
2020-05-08,Mono,051,14174,32,27,0,27,1
2020-05-08,Monterey,053,433212,344,265,0,265,6
2020-05-08,Napa,055,140530,86,78,0,78,2
2020-05-08,Nevada,057,99092,41,41,1,42,1
2020-05-08,Orange,059,3164182,5150,3395,38,3433,72
2020-05-08,Placer,061,380077,187,166,0,166,8
2020-05-08,Plumas,063,18699,4,4,0,4,0
2020-05-08,Riverside,065,2383286,5754,4672,16,4688,181
2020-05-08,Sacramento,067,1510023,1199,1145,0,1145,51
2020-05-08,San Benito,069,59416,58,51,0,51,2
2020-05-08,San Bernardino,071,2135413,3474,2631,3,2634,119
2020-05-08,San Diego,073,3302833,5681,4664,0,4664,169
2020-05-08,San Francisco,075,870044,2110,1890,0,1890,33
2020-05-08,San Joaquin,077,732212,677,595,3,598,28
2020-05-08,San Luis Obispo,079,281455,298,210,3,213,1
2020-05-08,San Mateo,081,765935,1664,1423,2,1425,62
2020-05-08,Santa Barbara,083,443738,1463,1054,5,1059,8
2020-05-08,Santa Clara,085,1922200,2871,2285,10,2295,128
2020-05-08,Santa Cruz,087,273765,155,137,0,137,2
2020-05-08,Shasta,089,179085,47,31,0,31,4
2020-05-08,Sierra,091,2930,0,0,0,0,0
2020-05-08,Siskiyou,093,43540,5,5,0,5,0
2020-05-08,Solano,095,438530,418,314,0,314,4
2020-05-08,Sonoma,097,501317,358,285,0,285,3
2020-05-08,Stanislaus,099,539301,557,487,4,491,12
2020-05-08,Sutter,101,95872,37,30,0,30,2
2020-05-08,Tehama,103,63373,2,1,0,1,1
2020-05-08,Trinity,105,12862,2,0,0,0,0
2020-05-08,Tulare,107,460477,1654,1050,6,1056,43
2020-05-08,Tuolumne,109,53932,3,2,0,2,0
2020-05-08,Ventura,111,848112,906,665,2,667,19
2020-05-08,Yolo,113,214977,195,172,0,172,18
2020-05-08,Yuba,115,75493,22,16,0,16,1
2020-05-07,Alameda,001,1643700,2316,1914,3,1917,68
2020-05-07,Alpine,003,1148,1,1,0,1,0
2020-05-07,Amador,005,37829,9,8,0,8,0
2020-05-07,Butte,007,227075,31,19,1,20,0
2020-05-07,Calaveras,009,45235,13,13,0,13,0
2020-05-07,Colusa,011,21464,3,3,0,3,0
2020-05-07,Contra Costa,013,1133247,1148,1005,0,1005,29
2020-05-07,Del Norte,015,27424,6,3,0,3,0
2020-05-07,El Dorado,017,186661,71,54,0,54,0
2020-05-07,Fresno,019,978130,1584,812,23,835,8
2020-05-07,Glenn,021,27897,8,5,0,5,0
2020-05-07,Humboldt,023,135768,67,54,0,54,0
2020-05-07,Imperial,025,180216,915,442,0,442,6
2020-05-07,Inyo,027,18085,19,20,0,20,1
2020-05-07,Kern,029,883053,1540,1176,1,1177,13
2020-05-07,Kings,031,150075,367,219,1,220,1
2020-05-07,Lake,033,64148,11,7,0,7,0
2020-05-07,Lassen,035,31185,4,0,2,2,0
2020-05-07,Los Angeles,037,10098052,37164,29544,19,29563,1399
2020-05-07,Madera,039,155013,119,54,1,55,2
2020-05-07,Marin,041,260295,277,252,1,253,14
2020-05-07,Mariposa,043,17540,15,15,0,15,0
2020-05-07,Mendocino,045,87422,12,10,0,10,0
2020-05-07,Merced,047,269075,233,146,0,146,3
2020-05-07,Modoc,049,8938,0,0,0,0,0
2020-05-07,Mono,051,14174,32,26,0,26,1
2020-05-07,Monterey,053,433212,336,249,0,249,6
2020-05-07,Napa,055,140530,86,78,0,78,2
2020-05-07,Nevada,057,99092,41,41,1,42,1
2020-05-07,Orange,059,3164182,4964,3283,37,3320,69
2020-05-07,Placer,061,380077,187,165,0,165,8
2020-05-07,Plumas,063,18699,4,4,0,4,0
2020-05-07,Riverside,065,2383286,5638,4608,16,4624,170
2020-05-07,Sacramento,067,1510023,1193,1139,0,1139,50
2020-05-07,San Benito,069,59416,58,50,0,50,2
2020-05-07,San Bernardino,071,2135413,3382,2522,3,2525,115
2020-05-07,San Diego,073,3302833,5524,4431,0,4431,165
2020-05-07,San Francisco,075,870044,2079,1852,0,1852,33
2020-05-07,San Joaquin,077,732212,664,583,3,586,28
2020-05-07,San Luis Obispo,079,281455,287,209,3,212,1
2020-05-07,San Mateo,081,765935,1642,1398,2,1400,58
2020-05-07,Santa Barbara,083,443738,1436,720,4,724,8
2020-05-07,Santa Clara,085,1922200,2833,2281,10,2291,127
2020-05-07,Santa Cruz,087,273765,152,136,0,136,2
2020-05-07,Shasta,089,179085,46,31,0,31,4
2020-05-07,Sierra,091,2930,0,0,0,0,0
2020-05-07,Siskiyou,093,43540,5,5,0,5,0
2020-05-07,Solano,095,438530,412,307,0,307,4
2020-05-07,Sonoma,097,501317,346,282,0,282,3
2020-05-07,Stanislaus,099,539301,548,466,4,470,10
2020-05-07,Sutter,101,95872,37,29,0,29,2
2020-05-07,Tehama,103,63373,2,1,0,1,1
2020-05-07,Trinity,105,12862,2,0,0,0,0
2020-05-07,Tulare,107,460477,1586,1001,6,1007,41
2020-05-07,Tuolumne,109,53932,3,2,0,2,0
2020-05-07,Ventura,111,848112,882,647,1,648,19
2020-05-07,Yolo,113,214977,194,172,0,172,18
2020-05-07,Yuba,115,75493,22,16,0,16,1
2020-05-06,Alameda,001,1643700,2278,1864,3,1867,67
2020-05-06,Alpine,003,1148,1,1,0,1,0
2020-05-06,Amador,005,37829,9,8,0,8,0
2020-05-06,Butte,007,227075,30,19,1,20,0
2020-05-06,Calaveras,009,45235,13,13,0,13,0
2020-05-06,Colusa,011,21464,3,3,0,3,0
2020-05-06,Contra Costa,013,1133247,1127,990,0,990,29
2020-05-06,Del Norte,015,27424,6,3,0,3,0
2020-05-06,El Dorado,017,186661,69,53,0,53,0
2020-05-06,Fresno,019,978130,1521,773,21,794,8
2020-05-06,Glenn,021,27897,8,3,0,3,0
2020-05-06,Humboldt,023,135768,66,54,0,54,0
2020-05-06,Imperial,025,180216,847,399,0,399,6
2020-05-06,Inyo,027,18085,19,20,0,20,1
2020-05-06,Kern,029,883053,1484,1112,1,1113,12
2020-05-06,Kings,031,150075,349,208,1,209,1
2020-05-06,Lake,033,64148,11,7,0,7,0
2020-05-06,Lassen,035,31185,4,0,2,2,0
2020-05-06,Los Angeles,037,10098052,36156,28687,19,28706,1347
2020-05-06,Madera,039,155013,117,55,1,56,2
2020-05-06,Marin,041,260295,270,244,1,245,14
2020-05-06,Mariposa,043,17540,15,14,0,14,0
2020-05-06,Mendocino,045,87422,12,10,0,10,0
2020-05-06,Merced,047,269075,226,140,0,140,3
2020-05-06,Modoc,049,8938,0,0,0,0,0
2020-05-06,Mono,051,14174,32,26,0,26,1
2020-05-06,Monterey,053,433212,328,246,0,246,6
2020-05-06,Napa,055,140530,85,78,0,78,2
2020-05-06,Nevada,057,99092,41,41,1,42,1
2020-05-06,Orange,059,3164182,4780,3156,36,3192,66
2020-05-06,Placer,061,380077,184,164,0,164,8
2020-05-06,Plumas,063,18699,4,4,0,4,0
2020-05-06,Riverside,065,2383286,5494,4535,16,4551,163
2020-05-06,Sacramento,067,1510023,1187,1135,0,1135,49
2020-05-06,San Benito,069,59416,57,50,0,50,2
2020-05-06,San Bernardino,071,2135413,3260,2426,2,2428,110
2020-05-06,San Diego,073,3302833,5391,4321,0,4321,158
2020-05-06,San Francisco,075,870044,2054,1804,0,1804,32
2020-05-06,San Joaquin,077,732212,651,581,3,584,28
2020-05-06,San Luis Obispo,079,281455,284,207,3,210,1
2020-05-06,San Mateo,081,765935,1611,1348,2,1350,57
2020-05-06,Santa Barbara,083,443738,1395,565,3,568,8
2020-05-06,Santa Clara,085,1922200,2816,2270,9,2279,127
2020-05-06,Santa Cruz,087,273765,149,135,0,135,2
2020-05-06,Shasta,089,179085,45,31,0,31,4
2020-05-06,Sierra,091,2930,0,0,0,0,0
2020-05-06,Siskiyou,093,43540,5,5,0,5,0
2020-05-06,Solano,095,438530,402,300,0,300,4
2020-05-06,Sonoma,097,501317,330,269,0,269,3
2020-05-06,Stanislaus,099,539301,532,434,4,438,9
2020-05-06,Sutter,101,95872,37,29,0,29,2
2020-05-06,Tehama,103,63373,2,1,0,1,1
2020-05-06,Trinity,105,12862,2,0,0,0,0
2020-05-06,Tulare,107,460477,1538,963,6,969,40
2020-05-06,Tuolumne,109,53932,3,2,0,2,0
2020-05-06,Ventura,111,848112,855,619,1,620,19
2020-05-06,Yolo,113,214977,193,172,0,172,18
2020-05-06,Yuba,115,75493,22,15,0,15,1
2020-05-05,Alameda,001,1643700,2235,1819,3,1822,67
2020-05-05,Alpine,003,1148,1,1,0,1,0
2020-05-05,Amador,005,37829,9,8,0,8,0
2020-05-05,Butte,007,227075,29,19,1,20,0
2020-05-05,Calaveras,009,45235,13,13,0,13,0
2020-05-05,Colusa,011,21464,3,3,0,3,0
2020-05-05,Contra Costa,013,1133247,1109,976,0,976,29
2020-05-05,Del Norte,015,27424,6,3,0,3,0
2020-05-05,El Dorado,017,186661,67,54,0,54,0
2020-05-05,Fresno,019,978130,1448,726,19,745,8
2020-05-05,Glenn,021,27897,8,3,0,3,0
2020-05-05,Humboldt,023,135768,63,54,0,54,0
2020-05-05,Imperial,025,180216,792,389,0,389,6
2020-05-05,Inyo,027,18085,19,20,0,20,1
2020-05-05,Kern,029,883053,1432,1084,1,1085,11
2020-05-05,Kings,031,150075,331,187,1,188,1
2020-05-05,Lake,033,64148,10,7,0,7,0
2020-05-05,Lassen,035,31185,4,0,2,2,0
2020-05-05,Los Angeles,037,10098052,35087,27867,19,27886,1289
2020-05-05,Madera,039,155013,113,53,1,54,2
2020-05-05,Marin,041,260295,264,244,1,245,14
2020-05-05,Mariposa,043,17540,15,14,0,14,0
2020-05-05,Mendocino,045,87422,12,10,0,10,0
2020-05-05,Merced,047,269075,221,141,0,141,3
2020-05-05,Modoc,049,8938,0,0,0,0,0
2020-05-05,Mono,051,14174,32,25,0,25,1
2020-05-05,Monterey,053,433212,314,240,0,240,6
2020-05-05,Napa,055,140530,85,74,0,74,2
2020-05-05,Nevada,057,99092,41,41,1,42,1
2020-05-05,Orange,059,3164182,4656,3041,36,3077,63
2020-05-05,Placer,061,380077,184,162,0,162,8
2020-05-05,Plumas,063,18699,4,4,0,4,0
2020-05-05,Riverside,065,2383286,5384,4309,16,4325,161
2020-05-05,Sacramento,067,1510023,1180,1125,0,1125,48
2020-05-05,San Benito,069,59416,56,50,0,50,2
2020-05-05,San Bernardino,071,2135413,3167,2345,2,2347,104
2020-05-05,San Diego,073,3302833,5248,4162,0,4162,150
2020-05-05,San Francisco,075,870044,2019,1779,0,1779,31
2020-05-05,San Joaquin,077,732212,642,577,3,580,26
2020-05-05,San Luis Obispo,079,281455,282,203,3,206,1
2020-05-05,San Mateo,081,765935,1579,1335,2,1337,56
2020-05-05,Santa Barbara,083,443738,1174,541,3,544,7
2020-05-05,Santa Clara,085,1922200,2770,2249,8,2257,124
2020-05-05,Santa Cruz,087,273765,146,134,0,134,2
2020-05-05,Shasta,089,179085,44,31,0,31,4
2020-05-05,Sierra,091,2930,0,0,0,0,0
2020-05-05,Siskiyou,093,43540,5,5,0,5,0
2020-05-05,Solano,095,438530,386,299,0,299,4
2020-05-05,Sonoma,097,501317,327,263,0,263,3
2020-05-05,Stanislaus,099,539301,520,430,4,434,9
2020-05-05,Sutter,101,95872,36,29,0,29,2
2020-05-05,Tehama,103,63373,2,1,0,1,1
2020-05-05,Trinity,105,12862,2,0,0,0,0
2020-05-05,Tulare,107,460477,1440,869,6,875,40
2020-05-05,Tuolumne,109,53932,3,2,0,2,0
2020-05-05,Ventura,111,848112,831,607,1,608,19
2020-05-05,Yolo,113,214977,191,171,0,171,18
2020-05-05,Yuba,115,75493,22,15,0,15,1
2020-05-04,Alameda,001,1643700,2177,1762,2,1764,65
2020-05-04,Alpine,003,1148,1,1,0,1,0
2020-05-04,Amador,005,37829,8,8,0,8,0
2020-05-04,Butte,007,227075,28,16,1,17,0
2020-05-04,Calaveras,009,45235,13,13,0,13,0
2020-05-04,Colusa,011,21464,3,3,0,3,0
2020-05-04,Contra Costa,013,1133247,1091,949,0,949,28
2020-05-04,Del Norte,015,27424,5,3,0,3,0
2020-05-04,El Dorado,017,186661,66,51,0,51,0
2020-05-04,Fresno,019,978130,1378,680,18,698,8
2020-05-04,Glenn,021,27897,8,4,0,4,0
2020-05-04,Humboldt,023,135768,61,54,0,54,0
2020-05-04,Imperial,025,180216,740,351,0,351,6
2020-05-04,Inyo,027,18085,19,20,0,20,1
2020-05-04,Kern,029,883053,1390,1047,1,1048,8
2020-05-04,Kings,031,150075,314,153,1,154,1
2020-05-04,Lake,033,64148,9,7,0,7,0
2020-05-04,Lassen,035,31185,3,0,2,2,0
2020-05-04,Los Angeles,037,10098052,33791,26243,17,26260,1235
2020-05-04,Madera,039,155013,110,52,1,53,2
2020-05-04,Marin,041,260295,259,244,1,245,13
2020-05-04,Mariposa,043,17540,15,13,0,13,0
2020-05-04,Mendocino,045,87422,12,10,0,10,0
2020-05-04,Merced,047,269075,221,138,0,138,3
2020-05-04,Modoc,049,8938,0,0,0,0,0
2020-05-04,Mono,051,14174,32,25,0,25,1
2020-05-04,Monterey,053,433212,303,237,0,237,6
2020-05-04,Napa,055,140530,85,72,0,72,2
2020-05-04,Nevada,057,99092,41,41,1,42,1
2020-05-04,Orange,059,3164182,4518,2931,33,2964,57
2020-05-04,Placer,061,380077,182,162,0,162,8
2020-05-04,Plumas,063,18699,4,4,0,4,0
2020-05-04,Riverside,065,2383286,5290,4221,16,4237,147
2020-05-04,Sacramento,067,1510023,1170,1119,0,1119,44
2020-05-04,San Benito,069,59416,54,49,0,49,2
2020-05-04,San Bernardino,071,2135413,3027,2184,2,2186,99
2020-05-04,San Diego,073,3302833,5107,4022,0,4022,144
2020-05-04,San Francisco,075,870044,1981,1760,0,1760,31
2020-05-04,San Joaquin,077,732212,628,574,3,577,26
2020-05-04,San Luis Obispo,079,281455,279,202,3,205,1
2020-05-04,San Mateo,081,765935,1554,1313,2,1315,53
2020-05-04,Santa Barbara,083,443738,927,524,3,527,7
2020-05-04,Santa Clara,085,1922200,2755,2238,8,2246,119
2020-05-04,Santa Cruz,087,273765,145,133,0,133,2
2020-05-04,Shasta,089,179085,42,31,0,31,4
2020-05-04,Sierra,091,2930,0,0,0,0,0
2020-05-04,Siskiyou,093,43540,5,5,0,5,0
2020-05-04,Solano,095,438530,372,293,0,293,4
2020-05-04,Sonoma,097,501317,313,256,0,256,4
2020-05-04,Stanislaus,099,539301,514,422,4,426,8
2020-05-04,Sutter,101,95872,33,28,0,28,2
2020-05-04,Tehama,103,63373,2,1,0,1,1
2020-05-04,Trinity,105,12862,1,0,0,0,0
2020-05-04,Tulare,107,460477,1361,760,6,766,40
2020-05-04,Tuolumne,109,53932,3,3,0,3,0
2020-05-04,Ventura,111,848112,810,590,1,591,19
2020-05-04,Yolo,113,214977,190,171,0,171,18
2020-05-04,Yuba,115,75493,19,16,0,16,1
2020-05-03,Alameda,001,1643700,2119,1731,2,1733,64
2020-05-03,Alpine,003,1148,1,1,0,1,0
2020-05-03,Amador,005,37829,8,8,0,8,0
2020-05-03,Butte,007,227075,28,17,1,18,0
2020-05-03,Calaveras,009,45235,13,13,0,13,0
2020-05-03,Colusa,011,21464,3,3,0,3,0
2020-05-03,Contra Costa,013,1133247,1075,945,0,945,28
2020-05-03,Del Norte,015,27424,5,3,0,3,0
2020-05-03,El Dorado,017,186661,64,49,0,49,0
2020-05-03,Fresno,019,978130,1286,646,15,661,8
2020-05-03,Glenn,021,27897,7,5,0,5,0
2020-05-03,Humboldt,023,135768,60,54,0,54,0
2020-05-03,Imperial,025,180216,684,351,0,351,6
2020-05-03,Inyo,027,18085,19,20,0,20,1
2020-05-03,Kern,029,883053,1335,1025,1,1026,8
2020-05-03,Kings,031,150075,294,137,1,138,1
2020-05-03,Lake,033,64148,9,7,0,7,0
2020-05-03,Lassen,035,31185,3,0,2,2,0
2020-05-03,Los Angeles,037,10098052,32810,25708,16,25724,1210
2020-05-03,Madera,039,155013,103,46,1,47,2
2020-05-03,Marin,041,260295,254,243,1,244,13
2020-05-03,Mariposa,043,17540,15,13,0,13,0
2020-05-03,Mendocino,045,87422,12,10,0,10,0
2020-05-03,Merced,047,269075,213,134,0,134,3
2020-05-03,Modoc,049,8938,0,0,0,0,0
2020-05-03,Mono,051,14174,32,25,0,25,1
2020-05-03,Monterey,053,433212,294,235,0,235,6
2020-05-03,Napa,055,140530,85,72,0,72,2
2020-05-03,Nevada,057,99092,41,41,1,42,1
2020-05-03,Orange,059,3164182,4344,2859,32,2891,55
2020-05-03,Placer,061,380077,182,161,0,161,8
2020-05-03,Plumas,063,18699,4,4,0,4,0
2020-05-03,Riverside,065,2383286,5185,4034,16,4050,139
2020-05-03,Sacramento,067,1510023,1161,1109,0,1109,43
2020-05-03,San Benito,069,59416,54,49,0,49,2
2020-05-03,San Bernardino,071,2135413,2967,2123,2,2125,99
2020-05-03,San Diego,073,3302833,4970,3929,0,3929,142
2020-05-03,San Francisco,075,870044,1952,1692,0,1692,30
2020-05-03,San Joaquin,077,732212,621,570,3,573,26
2020-05-03,San Luis Obispo,079,281455,276,200,3,203,1
2020-05-03,San Mateo,081,765935,1526,1277,2,1279,53
2020-05-03,Santa Barbara,083,443738,568,512,3,515,7
2020-05-03,Santa Clara,085,1922200,2718,2235,8,2243,116
2020-05-03,Santa Cruz,087,273765,145,133,0,133,2
2020-05-03,Shasta,089,179085,40,31,0,31,4
2020-05-03,Sierra,091,2930,0,0,0,0,0
2020-05-03,Siskiyou,093,43540,5,5,0,5,0
2020-05-03,Solano,095,438530,362,266,0,266,4
2020-05-03,Sonoma,097,501317,304,254,0,254,4
2020-05-03,Stanislaus,099,539301,486,411,4,415,8
2020-05-03,Sutter,101,95872,31,28,0,28,2
2020-05-03,Tehama,103,63373,2,1,0,1,1
2020-05-03,Trinity,105,12862,1,0,0,0,0
2020-05-03,Tulare,107,460477,1282,736,6,742,40
2020-05-03,Tuolumne,109,53932,3,3,0,3,0
2020-05-03,Ventura,111,848112,776,583,1,584,19
2020-05-03,Yolo,113,214977,189,171,0,171,18
2020-05-03,Yuba,115,75493,19,16,0,16,1
2020-05-02,Alameda,001,1643700,2082,1678,2,1680,63
2020-05-02,Alpine,003,1148,1,1,0,1,0
2020-05-02,Amador,005,37829,8,8,0,8,0
2020-05-02,Butte,007,227075,28,17,1,18,0
2020-05-02,Calaveras,009,45235,13,13,0,13,0
2020-05-02,Colusa,011,21464,3,3,0,3,0
2020-05-02,Contra Costa,013,1133247,1057,929,0,929,28
2020-05-02,Del Norte,015,27424,5,3,0,3,0
2020-05-02,El Dorado,017,186661,64,47,0,47,0
2020-05-02,Fresno,019,978130,1260,629,14,643,8
2020-05-02,Glenn,021,27897,7,5,0,5,0
2020-05-02,Humboldt,023,135768,60,54,0,54,0
2020-05-02,Imperial,025,180216,657,345,0,345,6
2020-05-02,Inyo,027,18085,19,20,0,20,1
2020-05-02,Kern,029,883053,1309,1007,1,1008,8
2020-05-02,Kings,031,150075,291,120,1,121,1
2020-05-02,Lake,033,64148,9,7,0,7,0
2020-05-02,Lassen,035,31185,3,0,2,2,0
2020-05-02,Los Angeles,037,10098052,32280,24955,16,24971,1192
2020-05-02,Madera,039,155013,103,46,1,47,2
2020-05-02,Marin,041,260295,253,243,1,244,13
2020-05-02,Mariposa,043,17540,15,13,0,13,0
2020-05-02,Mendocino,045,87422,12,10,0,10,0
2020-05-02,Merced,047,269075,210,131,0,131,3
2020-05-02,Modoc,049,8938,0,0,0,0,0
2020-05-02,Mono,051,14174,32,25,0,25,1
2020-05-02,Monterey,053,433212,288,225,0,225,5
2020-05-02,Napa,055,140530,85,71,0,71,2
2020-05-02,Nevada,057,99092,41,41,1,42,1
2020-05-02,Orange,059,3164182,4230,2774,32,2806,52
2020-05-02,Placer,061,380077,180,150,0,150,8
2020-05-02,Plumas,063,18699,4,4,0,4,0
2020-05-02,Riverside,065,2383286,5119,3997,16,4013,137
2020-05-02,Sacramento,067,1510023,1158,1097,0,1097,43
2020-05-02,San Benito,069,59416,54,49,0,49,2
2020-05-02,San Bernardino,071,2135413,2928,2124,2,2126,99
2020-05-02,San Diego,073,3302833,4868,3844,0,3844,138
2020-05-02,San Francisco,075,870044,1929,1632,0,1632,29
2020-05-02,San Joaquin,077,732212,613,559,3,562,25
2020-05-02,San Luis Obispo,079,281455,270,193,3,196,1
2020-05-02,San Mateo,081,765935,1510,1272,2,1274,52
2020-05-02,Santa Barbara,083,443738,560,506,3,509,7
2020-05-02,Santa Clara,085,1922200,2708,2203,8,2211,115
2020-05-02,Santa Cruz,087,273765,144,131,0,131,2
2020-05-02,Shasta,089,179085,40,31,0,31,4
2020-05-02,Sierra,091,2930,0,0,0,0,0
2020-05-02,Siskiyou,093,43540,5,5,0,5,0
2020-05-02,Solano,095,438530,355,267,0,267,4
2020-05-02,Sonoma,097,501317,301,250,0,250,3
2020-05-02,Stanislaus,099,539301,478,388,4,392,8
2020-05-02,Sutter,101,95872,31,28,0,28,2
2020-05-02,Tehama,103,63373,2,1,0,1,1
2020-05-02,Trinity,105,12862,1,0,0,0,0
2020-05-02,Tulare,107,460477,1239,711,6,717,35
2020-05-02,Tuolumne,109,53932,3,3,0,3,0
2020-05-02,Ventura,111,848112,762,564,1,565,19
2020-05-02,Yolo,113,214977,189,169,0,169,17
2020-05-02,Yuba,115,75493,19,16,0,16,1
2020-05-01,Alameda,001,1643700,2044,1630,2,1632,63
2020-05-01,Alpine,003,1148,1,1,0,1,0
2020-05-01,Amador,005,37829,8,8,0,8,0
2020-05-01,Butte,007,227075,28,17,1,18,0
2020-05-01,Calaveras,009,45235,13,13,0,13,0
2020-05-01,Colusa,011,21464,3,3,0,3,0
2020-05-01,Contra Costa,013,1133247,1043,915,0,915,28
2020-05-01,Del Norte,015,27424,5,3,0,3,0
2020-05-01,El Dorado,017,186661,64,47,0,47,0
2020-05-01,Fresno,019,978130,1229,617,14,631,7
2020-05-01,Glenn,021,27897,7,4,0,4,0
2020-05-01,Humboldt,023,135768,60,54,0,54,0
2020-05-01,Imperial,025,180216,620,337,0,337,6
2020-05-01,Inyo,027,18085,19,20,0,20,1
2020-05-01,Kern,029,883053,1282,972,1,973,8
2020-05-01,Kings,031,150075,274,112,1,113,1
2020-05-01,Lake,033,64148,9,6,0,6,0
2020-05-01,Lassen,035,31185,3,0,2,2,0
2020-05-01,Los Angeles,037,10098052,31524,24306,16,24322,1155
2020-05-01,Madera,039,155013,99,46,1,47,2
2020-05-01,Marin,041,260295,253,242,1,243,13
2020-05-01,Mariposa,043,17540,15,10,0,10,0
2020-05-01,Mendocino,045,87422,12,11,0,11,0
2020-05-01,Merced,047,269075,207,131,0,131,3
2020-05-01,Modoc,049,8938,0,0,0,0,0
2020-05-01,Mono,051,14174,32,25,0,25,1
2020-05-01,Monterey,053,433212,284,222,0,222,5
2020-05-01,Napa,055,140530,85,69,0,69,2
2020-05-01,Nevada,057,99092,41,41,1,42,1
2020-05-01,Orange,059,3164182,4153,2660,30,2690,51
2020-05-01,Placer,061,380077,179,149,0,149,8
2020-05-01,Plumas,063,18699,4,4,0,4,0
2020-05-01,Riverside,065,2383286,5055,3893,16,3909,132
2020-05-01,Sacramento,067,1510023,1153,1081,0,1081,43
2020-05-01,San Benito,069,59416,54,49,0,49,2
2020-05-01,San Bernardino,071,2135413,2873,2084,2,2086,98
2020-05-01,San Diego,073,3302833,4777,3713,0,3713,134
2020-05-01,San Francisco,075,870044,1885,1552,0,1552,29
2020-05-01,San Joaquin,077,732212,609,554,3,557,25
2020-05-01,San Luis Obispo,079,281455,267,186,3,189,1
2020-05-01,San Mateo,081,765935,1488,1222,2,1224,52
2020-05-01,Santa Barbara,083,443738,554,499,2,501,7
2020-05-01,Santa Clara,085,1922200,2696,2176,8,2184,112
2020-05-01,Santa Cruz,087,273765,144,127,0,127,2
2020-05-01,Shasta,089,179085,40,31,0,31,4
2020-05-01,Sierra,091,2930,0,0,0,0,0
2020-05-01,Siskiyou,093,43540,5,5,0,5,0
2020-05-01,Solano,095,438530,347,266,0,266,4
2020-05-01,Sonoma,097,501317,298,242,0,242,3
2020-05-01,Stanislaus,099,539301,473,384,4,388,8
2020-05-01,Sutter,101,95872,31,28,0,28,2
2020-05-01,Tehama,103,63373,2,1,0,1,1
2020-05-01,Trinity,105,12862,1,0,0,0,0
2020-05-01,Tulare,107,460477,1195,685,6,691,32
2020-05-01,Tuolumne,109,53932,3,3,0,3,0
2020-05-01,Ventura,111,848112,749,556,1,557,18
2020-05-01,Yolo,113,214977,189,165,0,165,18
2020-05-01,Yuba,115,75493,19,16,0,16,1
2020-04-30,Alameda,001,1643700,1984,1599,2,1601,60
2020-04-30,Alpine,003,1148,1,1,0,1,0
2020-04-30,Amador,005,37829,8,8,0,8,0
2020-04-30,Butte,007,227075,28,16,1,17,0
2020-04-30,Calaveras,009,45235,13,13,0,13,0
2020-04-30,Colusa,011,21464,3,3,0,3,0
2020-04-30,Contra Costa,013,1133247,1021,900,0,900,25
2020-04-30,Del Norte,015,27424,4,3,0,3,0
2020-04-30,El Dorado,017,186661,64,44,0,44,0
2020-04-30,Fresno,019,978130,1164,562,11,573,7
2020-04-30,Glenn,021,27897,7,4,0,4,0
2020-04-30,Humboldt,023,135768,60,54,0,54,0
2020-04-30,Imperial,025,180216,574,322,0,322,6
2020-04-30,Inyo,027,18085,19,20,0,20,1
2020-04-30,Kern,029,883053,1250,941,1,942,8
2020-04-30,Kings,031,150075,262,87,1,88,1
2020-04-30,Lake,033,64148,9,6,0,6,0
2020-04-30,Lassen,035,31185,3,0,2,2,0
2020-04-30,Los Angeles,037,10098052,30515,23284,16,23300,1099
2020-04-30,Madera,039,155013,88,46,1,47,2
2020-04-30,Marin,041,260295,253,240,1,241,13
2020-04-30,Mariposa,043,17540,15,3,0,3,0
2020-04-30,Mendocino,045,87422,12,11,0,11,0
2020-04-30,Merced,047,269075,200,122,0,122,3
2020-04-30,Modoc,049,8938,0,0,0,0,0
2020-04-30,Mono,051,14174,31,25,0,25,1
2020-04-30,Monterey,053,433212,274,213,0,213,5
2020-04-30,Napa,055,140530,83,69,0,69,2
2020-04-30,Nevada,057,99092,41,41,1,42,1
2020-04-30,Orange,059,3164182,3930,2591,27,2618,46
2020-04-30,Placer,061,380077,178,148,0,148,8
2020-04-30,Plumas,063,18699,4,4,0,4,0
2020-04-30,Riverside,065,2383286,4955,3820,15,3835,124
2020-04-30,Sacramento,067,1510023,1147,1071,0,1071,43
2020-04-30,San Benito,069,59416,54,48,0,48,2
2020-04-30,San Bernardino,071,2135413,2671,2020,2,2022,96
2020-04-30,San Diego,073,3302833,4606,3566,0,3566,124
2020-04-30,San Francisco,075,870044,1851,1518,0,1518,26
2020-04-30,San Joaquin,077,732212,601,548,3,551,25
2020-04-30,San Luis Obispo,079,281455,264,182,3,185,1
2020-04-30,San Mateo,081,765935,1458,1194,2,1196,52
2020-04-30,Santa Barbara,083,443738,542,490,2,492,7
2020-04-30,Santa Clara,085,1922200,2656,2172,8,2180,111
2020-04-30,Santa Cruz,087,273765,143,126,0,126,2
2020-04-30,Shasta,089,179085,39,31,0,31,4
2020-04-30,Sierra,091,2930,0,0,0,0,0
2020-04-30,Siskiyou,093,43540,5,5,0,5,0
2020-04-30,Solano,095,438530,337,262,0,262,4
2020-04-30,Sonoma,097,501317,289,233,0,233,3
2020-04-30,Stanislaus,099,539301,466,378,4,382,7
2020-04-30,Sutter,101,95872,31,28,0,28,2
2020-04-30,Tehama,103,63373,1,1,0,1,1
2020-04-30,Trinity,105,12862,1,0,0,0,0
2020-04-30,Tulare,107,460477,1129,637,6,643,31
2020-04-30,Tuolumne,109,53932,3,3,0,3,0
2020-04-30,Ventura,111,848112,721,547,1,548,18
2020-04-30,Yolo,113,214977,188,164,0,164,16
2020-04-30,Yuba,115,75493,19,15,0,15,1
2020-04-29,Alameda,001,1643700,1926,1564,2,1566,60
2020-04-29,Alpine,003,1148,1,1,0,1,0
2020-04-29,Amador,005,37829,8,8,0,8,0
2020-04-29,Butte,007,227075,28,16,1,17,0
2020-04-29,Calaveras,009,45235,13,13,0,13,0
2020-04-29,Colusa,011,21464,3,3,0,3,0
2020-04-29,Contra Costa,013,1133247,1002,885,0,885,25
2020-04-29,Del Norte,015,27424,4,3,0,3,0
2020-04-29,El Dorado,017,186661,62,44,0,44,0
2020-04-29,Fresno,019,978130,1112,544,11,555,7
2020-04-29,Glenn,021,27897,7,4,0,4,0
2020-04-29,Humboldt,023,135768,60,53,0,53,0
2020-04-29,Imperial,025,180216,544,300,0,300,6
2020-04-29,Inyo,027,18085,19,20,0,20,1
2020-04-29,Kern,029,883053,1207,910,1,911,6
2020-04-29,Kings,031,150075,243,80,1,81,1
2020-04-29,Lake,033,64148,9,6,0,6,0
2020-04-29,Lassen,035,31185,3,0,2,2,0
2020-04-29,Los Angeles,037,10098052,29537,22560,15,22575,1043
2020-04-29,Madera,039,155013,86,45,1,46,2
2020-04-29,Marin,041,260295,250,234,1,235,13
2020-04-29,Mariposa,043,17540,15,1,0,1,0
2020-04-29,Mendocino,045,87422,12,11,0,11,0
2020-04-29,Merced,047,269075,193,116,0,116,3
2020-04-29,Modoc,049,8938,0,0,0,0,0
2020-04-29,Mono,051,14174,31,25,0,25,1
2020-04-29,Monterey,053,433212,266,204,0,204,5
2020-04-29,Napa,055,140530,81,68,0,68,2
2020-04-29,Nevada,057,99092,41,41,1,42,1
2020-04-29,Orange,059,3164182,3795,2421,26,2447,43
2020-04-29,Placer,061,380077,176,145,0,145,8
2020-04-29,Plumas,063,18699,4,4,0,4,0
2020-04-29,Riverside,065,2383286,4878,3700,15,3715,116
2020-04-29,Sacramento,067,1510023,1125,1055,0,1055,41
2020-04-29,San Benito,069,59416,54,48,0,48,2
2020-04-29,San Bernardino,071,2135413,2584,1975,1,1976,91
2020-04-29,San Diego,073,3302833,4464,3434,0,3434,120
2020-04-29,San Francisco,075,870044,1823,1489,0,1489,23
2020-04-29,San Joaquin,077,732212,593,540,3,543,25
2020-04-29,San Luis Obispo,079,281455,262,181,3,184,1
2020-04-29,San Mateo,081,765935,1432,1170,2,1172,50
2020-04-29,Santa Barbara,083,443738,529,477,2,479,7
2020-04-29,Santa Clara,085,1922200,2629,2147,8,2155,108
2020-04-29,Santa Cruz,087,273765,142,124,0,124,2
2020-04-29,Shasta,089,179085,38,31,0,31,4
2020-04-29,Sierra,091,2930,0,0,0,0,0
2020-04-29,Siskiyou,093,43540,5,5,0,5,0
2020-04-29,Solano,095,438530,313,252,0,252,3
2020-04-29,Sonoma,097,501317,281,230,0,230,2
2020-04-29,Stanislaus,099,539301,453,374,4,378,5
2020-04-29,Sutter,101,95872,31,28,0,28,2
2020-04-29,Tehama,103,63373,1,1,0,1,1
2020-04-29,Trinity,105,12862,1,0,0,0,0
2020-04-29,Tulare,107,460477,1056,615,5,620,30
2020-04-29,Tuolumne,109,53932,3,4,0,4,0
2020-04-29,Ventura,111,848112,697,530,1,531,18
2020-04-29,Yolo,113,214977,185,161,0,161,11
2020-04-29,Yuba,115,75493,19,15,0,15,1
2020-04-28,Alameda,001,1643700,1869,1525,2,1527,55
2020-04-28,Alpine,003,1148,1,1,0,1,0
2020-04-28,Amador,005,37829,8,8,0,8,0
2020-04-28,Butte,007,227075,28,16,1,17,0
2020-04-28,Calaveras,009,45235,13,13,0,13,0
2020-04-28,Colusa,011,21464,3,3,0,3,0
2020-04-28,Contra Costa,013,1133247,995,866,0,866,25
2020-04-28,Del Norte,015,27424,4,3,0,3,0
2020-04-28,El Dorado,017,186661,61,43,0,43,0
2020-04-28,Fresno,019,978130,1061,525,9,534,7
2020-04-28,Glenn,021,27897,5,4,0,4,0
2020-04-28,Humboldt,023,135768,59,53,0,53,0
2020-04-28,Imperial,025,180216,510,295,0,295,6
2020-04-28,Inyo,027,18085,19,20,0,20,1
2020-04-28,Kern,029,883053,1164,882,1,883,5
2020-04-28,Kings,031,150075,230,57,1,58,1
2020-04-28,Lake,033,64148,9,6,0,6,0
2020-04-28,Lassen,035,31185,3,0,2,2,0
2020-04-28,Los Angeles,037,10098052,28473,21029,15,21044,984
2020-04-28,Madera,039,155013,86,44,1,45,2
2020-04-28,Marin,041,260295,249,228,1,229,12
2020-04-28,Mariposa,043,17540,15,0,0,0,0
2020-04-28,Mendocino,045,87422,12,10,0,10,0
2020-04-28,Merced,047,269075,186,108,0,108,3
2020-04-28,Modoc,049,8938,0,0,0,0,0
2020-04-28,Mono,051,14174,31,25,0,25,1
2020-04-28,Monterey,053,433212,260,191,0,191,5
2020-04-28,Napa,055,140530,80,67,0,67,2
2020-04-28,Nevada,057,99092,41,41,1,42,1
2020-04-28,Orange,059,3164182,3632,2324,25,2349,42
2020-04-28,Placer,061,380077,166,143,0,143,8
2020-04-28,Plumas,063,18699,4,4,0,4,0
2020-04-28,Riverside,065,2383286,4783,3504,15,3519,113
2020-04-28,Sacramento,067,1510023,1110,1044,0,1044,41
2020-04-28,San Benito,069,59416,52,46,0,46,2
2020-04-28,San Bernardino,071,2135413,2507,1891,1,1892,89
2020-04-28,San Diego,073,3302833,4334,3316,0,3316,118
2020-04-28,San Francisco,075,870044,1788,1471,0,1471,23
2020-04-28,San Joaquin,077,732212,587,532,3,535,25
2020-04-28,San Luis Obispo,079,281455,255,172,3,175,1
2020-04-28,San Mateo,081,765935,1419,1129,2,1131,48
2020-04-28,Santa Barbara,083,443738,524,469,2,471,7
2020-04-28,Santa Clara,085,1922200,2595,2130,8,2138,106
2020-04-28,Santa Cruz,087,273765,142,123,0,123,2
2020-04-28,Shasta,089,179085,38,29,0,29,4
2020-04-28,Sierra,091,2930,0,0,0,0,0
2020-04-28,Siskiyou,093,43540,5,5,0,5,0
2020-04-28,Solano,095,438530,294,246,0,246,3
2020-04-28,Sonoma,097,501317,278,226,0,226,1
2020-04-28,Stanislaus,099,539301,437,330,4,334,5
2020-04-28,Sutter,101,95872,31,25,0,25,2
2020-04-28,Tehama,103,63373,1,1,0,1,1
2020-04-28,Trinity,105,12862,1,0,0,0,0
2020-04-28,Tulare,107,460477,960,579,5,584,30
2020-04-28,Tuolumne,109,53932,3,4,0,4,0
2020-04-28,Ventura,111,848112,677,517,1,518,17
2020-04-28,Yolo,113,214977,185,160,0,160,10
2020-04-28,Yuba,115,75493,19,15,0,15,1
2020-04-27,Alameda,001,1643700,1809,1494,2,1496,53
2020-04-27,Alpine,003,1148,1,1,0,1,0
2020-04-27,Amador,005,37829,8,8,0,8,0
2020-04-27,Butte,007,227075,27,16,1,17,0
2020-04-27,Calaveras,009,45235,13,13,0,13,0
2020-04-27,Colusa,011,21464,3,3,0,3,0
2020-04-27,Contra Costa,013,1133247,983,843,0,843,25
2020-04-27,Del Norte,015,27424,4,3,0,3,0
2020-04-27,El Dorado,017,186661,60,43,0,43,0
2020-04-27,Fresno,019,978130,958,504,8,512,7
2020-04-27,Glenn,021,27897,5,4,0,4,0
2020-04-27,Humboldt,023,135768,59,52,0,52,0
2020-04-27,Imperial,025,180216,480,290,0,290,6
2020-04-27,Inyo,027,18085,19,20,0,20,1
2020-04-27,Kern,029,883053,1125,865,1,866,4
2020-04-27,Kings,031,150075,207,48,1,49,1
2020-04-27,Lake,033,64148,8,6,0,6,0
2020-04-27,Lassen,035,31185,3,0,2,2,0
2020-04-27,Los Angeles,037,10098052,27454,20456,15,20471,931
2020-04-27,Madera,039,155013,84,42,1,43,2
2020-04-27,Marin,041,260295,244,227,1,228,12
2020-04-27,Mariposa,043,17540,14,0,0,0,0
2020-04-27,Mendocino,045,87422,12,10,0,10,0
2020-04-27,Merced,047,269075,183,108,0,108,3
2020-04-27,Modoc,049,8938,0,0,0,0,0
2020-04-27,Mono,051,14174,31,23,0,23,1
2020-04-27,Monterey,053,433212,253,185,0,185,4
2020-04-27,Napa,055,140530,77,64,0,64,2
2020-04-27,Nevada,057,99092,41,39,1,40,1
2020-04-27,Orange,059,3164182,3464,2198,25,2223,42
2020-04-27,Placer,061,380077,166,142,0,142,8
2020-04-27,Plumas,063,18699,4,4,0,4,0
2020-04-27,Riverside,065,2383286,4660,3381,15,3396,100
2020-04-27,Sacramento,067,1510023,1095,1035,0,1035,41
2020-04-27,San Benito,069,59416,50,45,0,45,2
2020-04-27,San Bernardino,071,2135413,2393,1742,1,1743,82
2020-04-27,San Diego,073,3302833,4208,3143,0,3143,113
2020-04-27,San Francisco,075,870044,1734,1453,0,1453,23
2020-04-27,San Joaquin,077,732212,581,522,3,525,25
2020-04-27,San Luis Obispo,079,281455,247,166,3,169,1
2020-04-27,San Mateo,081,765935,1397,1092,2,1094,46
2020-04-27,Santa Barbara,083,443738,516,466,2,468,7
2020-04-27,Santa Clara,085,1922200,2570,2104,7,2111,105
2020-04-27,Santa Cruz,087,273765,142,123,0,123,2
2020-04-27,Shasta,089,179085,38,29,0,29,4
2020-04-27,Sierra,091,2930,0,0,0,0,0
2020-04-27,Siskiyou,093,43540,5,5,0,5,0
2020-04-27,Solano,095,438530,294,222,0,222,3
2020-04-27,Sonoma,097,501317,269,220,0,220,1
2020-04-27,Stanislaus,099,539301,421,316,4,320,5
2020-04-27,Sutter,101,95872,29,26,0,26,2
2020-04-27,Tehama,103,63373,1,1,0,1,1
2020-04-27,Trinity,105,12862,1,0,0,0,0
2020-04-27,Tulare,107,460477,889,535,5,540,28
2020-04-27,Tuolumne,109,53932,3,3,0,3,0
2020-04-27,Ventura,111,848112,658,513,1,514,17
2020-04-27,Yolo,113,214977,182,160,0,160,9
2020-04-27,Yuba,115,75493,19,15,0,15,1
2020-04-26,Alameda,001,1643700,1748,1449,2,1451,52
2020-04-26,Alpine,003,1148,1,1,0,1,0
2020-04-26,Amador,005,37829,8,8,0,8,0
2020-04-26,Butte,007,227075,27,16,1,17,0
2020-04-26,Calaveras,009,45235,13,13,0,13,0
2020-04-26,Colusa,011,21464,3,3,0,3,0
2020-04-26,Contra Costa,013,1133247,967,830,0,830,25
2020-04-26,Del Norte,015,27424,3,3,0,3,0
2020-04-26,El Dorado,017,186661,58,41,0,41,0
2020-04-26,Fresno,019,978130,864,476,7,483,7
2020-04-26,Glenn,021,27897,5,4,0,4,0
2020-04-26,Humboldt,023,135768,59,53,0,53,0
2020-04-26,Imperial,025,180216,446,272,0,272,6
2020-04-26,Inyo,027,18085,19,20,0,20,1
2020-04-26,Kern,029,883053,1075,831,1,832,4
2020-04-26,Kings,031,150075,182,33,1,34,1
2020-04-26,Lake,033,64148,8,6,0,6,0
2020-04-26,Lassen,035,31185,3,0,2,2,0
2020-04-26,Los Angeles,037,10098052,26296,19570,15,19585,901
2020-04-26,Madera,039,155013,82,39,1,40,2
2020-04-26,Marin,041,260295,238,225,1,226,12
2020-04-26,Mariposa,043,17540,14,0,0,0,0
2020-04-26,Mendocino,045,87422,12,5,0,5,0
2020-04-26,Merced,047,269075,166,104,0,104,3
2020-04-26,Modoc,049,8938,0,0,0,0,0
2020-04-26,Mono,051,14174,31,23,0,23,1
2020-04-26,Monterey,053,433212,246,182,0,182,4
2020-04-26,Napa,055,140530,76,62,0,62,2
2020-04-26,Nevada,057,99092,41,37,1,38,1
2020-04-26,Orange,059,3164182,3300,2124,25,2149,40
2020-04-26,Placer,061,380077,165,141,0,141,8
2020-04-26,Plumas,063,18699,4,4,0,4,0
2020-04-26,Riverside,065,2383286,4517,3301,15,3316,95
2020-04-26,Sacramento,067,1510023,1086,1027,0,1027,41
2020-04-26,San Benito,069,59416,50,45,0,45,2
2020-04-26,San Bernardino,071,2135413,2297,1681,1,1682,82
2020-04-26,San Diego,073,3302833,4066,3045,0,3045,111
2020-04-26,San Francisco,075,870044,1695,1403,0,1403,23
2020-04-26,San Joaquin,077,732212,573,514,3,517,25
2020-04-26,San Luis Obispo,079,281455,244,165,3,168,1
2020-04-26,San Mateo,081,765935,1371,1070,2,1072,46
2020-04-26,Santa Barbara,083,443738,509,464,2,466,7
2020-04-26,Santa Clara,085,1922200,2547,2097,6,2103,102
2020-04-26,Santa Cruz,087,273765,142,116,0,116,2
2020-04-26,Shasta,089,179085,35,29,0,29,4
2020-04-26,Sierra,091,2930,0,0,0,0,0
2020-04-26,Siskiyou,093,43540,5,5,0,5,0
2020-04-26,Solano,095,438530,285,205,0,205,3
2020-04-26,Sonoma,097,501317,258,216,0,216,1
2020-04-26,Stanislaus,099,539301,406,294,4,298,4
2020-04-26,Sutter,101,95872,29,26,0,26,2
2020-04-26,Tehama,103,63373,1,1,0,1,1
2020-04-26,Trinity,105,12862,1,0,0,0,0
2020-04-26,Tulare,107,460477,830,497,5,502,28
2020-04-26,Tuolumne,109,53932,3,3,0,3,0
2020-04-26,Ventura,111,848112,640,509,1,510,17
2020-04-26,Yolo,113,214977,181,158,0,158,8
2020-04-26,Yuba,115,75493,18,15,0,15,1
2020-04-25,Alameda,001,1643700,1723,1396,2,1398,52
2020-04-25,Alpine,003,1148,1,1,0,1,0
2020-04-25,Amador,005,37829,8,8,0,8,0
2020-04-25,Butte,007,227075,26,16,1,17,0
2020-04-25,Calaveras,009,45235,13,12,0,12,0
2020-04-25,Colusa,011,21464,3,3,0,3,0
2020-04-25,Contra Costa,013,1133247,953,821,0,821,24
2020-04-25,Del Norte,015,27424,2,2,0,2,0
2020-04-25,El Dorado,017,186661,57,41,0,41,0
2020-04-25,Fresno,019,978130,832,459,6,465,7
2020-04-25,Glenn,021,27897,5,4,0,4,0
2020-04-25,Humboldt,023,135768,59,53,0,53,0
2020-04-25,Imperial,025,180216,429,232,0,232,6
2020-04-25,Inyo,027,18085,19,20,0,20,1
2020-04-25,Kern,029,883053,1044,802,1,803,4
2020-04-25,Kings,031,150075,170,33,1,34,1
2020-04-25,Lake,033,64148,6,6,0,6,0
2020-04-25,Lassen,035,31185,3,0,2,2,0
2020-04-25,Los Angeles,037,10098052,25664,19144,15,19159,881
2020-04-25,Madera,039,155013,79,39,1,40,2
2020-04-25,Marin,041,260295,238,215,1,216,12
2020-04-25,Mariposa,043,17540,14,0,0,0,0
2020-04-25,Mendocino,045,87422,11,5,0,5,0
2020-04-25,Merced,047,269075,166,103,0,103,3
2020-04-25,Modoc,049,8938,0,0,0,0,0
2020-04-25,Mono,051,14174,31,23,0,23,1
2020-04-25,Monterey,053,433212,244,173,0,173,4
2020-04-25,Napa,055,140530,76,60,0,60,2
2020-04-25,Nevada,057,99092,41,37,1,38,1
2020-04-25,Orange,059,3164182,3192,2047,25,2072,40
2020-04-25,Placer,061,380077,165,137,0,137,8
2020-04-25,Plumas,063,18699,4,4,0,4,0
2020-04-25,Riverside,065,2383286,4427,3037,15,3052,93
2020-04-25,Sacramento,067,1510023,1084,1015,0,1015,41
2020-04-25,San Benito,069,59416,50,45,0,45,2
2020-04-25,San Bernardino,071,2135413,2251,1675,1,1676,82
2020-04-25,San Diego,073,3302833,3965,2945,0,2945,111
2020-04-25,San Francisco,075,870044,1670,1341,0,1341,22
2020-04-25,San Joaquin,077,732212,566,497,3,500,24
2020-04-25,San Luis Obispo,079,281455,243,159,3,162,1
2020-04-25,San Mateo,081,765935,1353,1054,2,1056,46
2020-04-25,Santa Barbara,083,443738,502,457,2,459,7
2020-04-25,Santa Clara,085,1922200,2525,2045,5,2050,99
2020-04-25,Santa Cruz,087,273765,142,112,0,112,2
2020-04-25,Shasta,089,179085,35,29,0,29,4
2020-04-25,Sierra,091,2930,0,0,0,0,0
2020-04-25,Siskiyou,093,43540,5,5,0,5,0
2020-04-25,Solano,095,438530,281,203,0,203,3
2020-04-25,Sonoma,097,501317,254,199,0,199,1
2020-04-25,Stanislaus,099,539301,398,276,4,280,4
2020-04-25,Sutter,101,95872,29,24,0,24,2
2020-04-25,Tehama,103,63373,1,1,0,1,1
2020-04-25,Trinity,105,12862,0,0,0,0,0
2020-04-25,Tulare,107,460477,797,478,5,483,28
2020-04-25,Tuolumne,109,53932,3,2,0,2,0
2020-04-25,Ventura,111,848112,626,494,1,495,16
2020-04-25,Yolo,113,214977,181,157,0,157,8
2020-04-25,Yuba,115,75493,17,15,0,15,1
2020-04-24,Alameda,001,1643700,1692,1385,2,1387,50
2020-04-24,Alpine,003,1148,1,1,0,1,0
2020-04-24,Amador,005,37829,8,8,0,8,0
2020-04-24,Butte,007,227075,25,15,1,16,0
2020-04-24,Calaveras,009,45235,13,12,0,12,0
2020-04-24,Colusa,011,21464,3,3,0,3,0
2020-04-24,Contra Costa,013,1133247,944,806,0,806,23
2020-04-24,Del Norte,015,27424,2,2,0,2,0
2020-04-24,El Dorado,017,186661,56,41,0,41,0
2020-04-24,Fresno,019,978130,809,449,6,455,7
2020-04-24,Glenn,021,27897,5,4,0,4,0
2020-04-24,Humboldt,023,135768,59,53,0,53,0
2020-04-24,Imperial,025,180216,413,232,0,232,6
2020-04-24,Inyo,027,18085,19,20,0,20,0
2020-04-24,Kern,029,883053,1020,770,1,771,4
2020-04-24,Kings,031,150075,141,30,1,31,1
2020-04-24,Lake,033,64148,6,6,0,6,0
2020-04-24,Lassen,035,31185,3,0,2,2,0
2020-04-24,Los Angeles,037,10098052,24734,18553,15,18568,836
2020-04-24,Madera,039,155013,79,39,1,40,2
2020-04-24,Marin,041,260295,238,211,1,212,11
2020-04-24,Mariposa,043,17540,8,0,0,0,0
2020-04-24,Mendocino,045,87422,11,5,0,5,0
2020-04-24,Merced,047,269075,163,102,0,102,3
2020-04-24,Modoc,049,8938,0,0,0,0,0
2020-04-24,Mono,051,14174,30,23,0,23,1
2020-04-24,Monterey,053,433212,237,167,0,167,4
2020-04-24,Napa,055,140530,75,59,0,59,2
2020-04-24,Nevada,057,99092,41,36,1,37,1
2020-04-24,Orange,059,3164182,3085,1945,25,1970,39
2020-04-24,Placer,061,380077,163,137,0,137,8
2020-04-24,Plumas,063,18699,4,4,0,4,0
2020-04-24,Riverside,065,2383286,4346,3044,15,3059,87
2020-04-24,Sacramento,067,1510023,1078,1009,0,1009,41
2020-04-24,San Benito,069,59416,50,45,0,45,2
2020-04-24,San Bernardino,071,2135413,2216,1667,1,1668,80
2020-04-24,San Diego,073,3302833,3854,2828,0,2828,102
2020-04-24,San Francisco,075,870044,1612,1345,0,1345,22
2020-04-24,San Joaquin,077,732212,559,484,3,487,24
2020-04-24,San Luis Obispo,079,281455,240,151,3,154,1
2020-04-24,San Mateo,081,765935,1330,1004,2,1006,43
2020-04-24,Santa Barbara,083,443738,496,450,2,452,6
2020-04-24,Santa Clara,085,1922200,2483,2026,5,2031,98
2020-04-24,Santa Cruz,087,273765,138,111,0,111,2
2020-04-24,Shasta,089,179085,35,28,0,28,4
2020-04-24,Sierra,091,2930,0,0,0,0,0
2020-04-24,Siskiyou,093,43540,5,5,0,5,0
2020-04-24,Solano,095,438530,279,203,0,203,3
2020-04-24,Sonoma,097,501317,250,199,0,199,1
2020-04-24,Stanislaus,099,539301,395,273,4,277,4
2020-04-24,Sutter,101,95872,28,24,0,24,2
2020-04-24,Tehama,103,63373,1,1,0,1,1
2020-04-24,Trinity,105,12862,0,0,0,0,0
2020-04-24,Tulare,107,460477,769,459,5,464,27
2020-04-24,Tuolumne,109,53932,3,2,0,2,0
2020-04-24,Ventura,111,848112,616,489,1,490,16
2020-04-24,Yolo,113,214977,180,155,0,155,8
2020-04-24,Yuba,115,75493,16,15,0,15,1
2020-04-23,Alameda,001,1643700,1654,1336,2,1338,46
2020-04-23,Alpine,003,1148,1,1,0,1,0
2020-04-23,Amador,005,37829,8,8,0,8,0
2020-04-23,Butte,007,227075,25,15,1,16,0
2020-04-23,Calaveras,009,45235,13,12,0,12,0
2020-04-23,Colusa,011,21464,3,3,0,3,0
2020-04-23,Contra Costa,013,1133247,923,786,0,786,23
2020-04-23,Del Norte,015,27424,2,2,0,2,0
2020-04-23,El Dorado,017,186661,55,39,0,39,0
2020-04-23,Fresno,019,978130,771,426,6,432,7
2020-04-23,Glenn,021,27897,5,3,0,3,0
2020-04-23,Humboldt,023,135768,59,53,0,53,0
2020-04-23,Imperial,025,180216,392,181,0,181,4
2020-04-23,Inyo,027,18085,19,19,0,19,0
2020-04-23,Kern,029,883053,972,732,1,733,4
2020-04-23,Kings,031,150075,126,28,1,29,1
2020-04-23,Lake,033,64148,6,6,0,6,0
2020-04-23,Lassen,035,31185,3,0,2,2,0
2020-04-23,Los Angeles,037,10098052,23673,17548,14,17562,784
2020-04-23,Madera,039,155013,77,37,1,38,2
2020-04-23,Marin,041,260295,225,209,1,210,11
2020-04-23,Mariposa,043,17540,7,0,0,0,0
2020-04-23,Mendocino,045,87422,9,5,0,5,0
2020-04-23,Merced,047,269075,159,98,0,98,3
2020-04-23,Modoc,049,8938,0,0,0,0,0
2020-04-23,Mono,051,14174,30,23,0,23,1
2020-04-23,Monterey,053,433212,233,161,0,161,4
2020-04-23,Napa,055,140530,68,59,0,59,2
2020-04-23,Nevada,057,99092,41,36,1,37,1
2020-04-23,Orange,059,3164182,2906,1841,24,1865,37
2020-04-23,Placer,061,380077,160,136,0,136,8
2020-04-23,Plumas,063,18699,4,4,0,4,0
2020-04-23,Riverside,065,2383286,4232,2935,14,2949,78
2020-04-23,Sacramento,067,1510023,1066,978,0,978,41
2020-04-23,San Benito,069,59416,47,43,0,43,2
2020-04-23,San Bernardino,071,2135413,2151,1604,1,1605,79
2020-04-23,San Diego,073,3302833,3693,2645,0,2645,100
2020-04-23,San Francisco,075,870044,1587,1312,0,1312,21
2020-04-23,San Joaquin,077,732212,549,479,3,482,20
2020-04-23,San Luis Obispo,079,281455,236,146,3,149,1
2020-04-23,San Mateo,081,765935,1291,970,2,972,42
2020-04-23,Santa Barbara,083,443738,490,445,2,447,6
2020-04-23,Santa Clara,085,1922200,2448,1996,5,2001,95
2020-04-23,Santa Cruz,087,273765,137,110,0,110,2
2020-04-23,Shasta,089,179085,35,27,0,27,3
2020-04-23,Sierra,091,2930,0,0,0,0,0
2020-04-23,Siskiyou,093,43540,5,5,0,5,0
2020-04-23,Solano,095,438530,265,196,0,196,3
2020-04-23,Sonoma,097,501317,238,187,0,187,1
2020-04-23,Stanislaus,099,539301,391,254,4,258,4
2020-04-23,Sutter,101,95872,28,24,0,24,2
2020-04-23,Tehama,103,63373,1,1,0,1,1
2020-04-23,Trinity,105,12862,0,0,0,0,0
2020-04-23,Tulare,107,460477,740,440,5,445,25
2020-04-23,Tuolumne,109,53932,3,2,0,2,0
2020-04-23,Ventura,111,848112,602,479,1,480,16
2020-04-23,Yolo,113,214977,177,151,0,151,8
2020-04-23,Yuba,115,75493,16,15,0,15,1
2020-04-22,Alameda,001,1643700,1605,1275,2,1277,46
2020-04-22,Alpine,003,1148,1,1,0,1,0
2020-04-22,Amador,005,37829,8,7,0,7,0
2020-04-22,Butte,007,227075,24,15,1,16,0
2020-04-22,Calaveras,009,45235,13,12,0,12,0
2020-04-22,Colusa,011,21464,3,3,0,3,0
2020-04-22,Contra Costa,013,1133247,908,772,0,772,22
2020-04-22,Del Norte,015,27424,2,2,0,2,0
2020-04-22,El Dorado,017,186661,55,39,0,39,0
2020-04-22,Fresno,019,978130,731,388,6,394,7
2020-04-22,Glenn,021,27897,5,3,0,3,0
2020-04-22,Humboldt,023,135768,59,53,0,53,0
2020-04-22,Imperial,025,180216,381,170,0,170,3
2020-04-22,Inyo,027,18085,19,18,0,18,0
2020-04-22,Kern,029,883053,950,713,1,714,4
2020-04-22,Kings,031,150075,105,28,1,29,1
2020-04-22,Lake,033,64148,6,6,0,6,0
2020-04-22,Lassen,035,31185,3,0,2,2,0
2020-04-22,Los Angeles,037,10098052,22650,16400,14,16414,715
2020-04-22,Madera,039,155013,75,37,1,38,2
2020-04-22,Marin,041,260295,223,202,1,203,11
2020-04-22,Mariposa,043,17540,6,0,0,0,0
2020-04-22,Mendocino,045,87422,6,5,0,5,0
2020-04-22,Merced,047,269075,147,92,0,92,3
2020-04-22,Modoc,049,8938,0,0,0,0,0
2020-04-22,Mono,051,14174,29,23,0,23,1
2020-04-22,Monterey,053,433212,226,154,0,154,4
2020-04-22,Napa,055,140530,67,58,0,58,2
2020-04-22,Nevada,057,99092,41,36,1,37,1
2020-04-22,Orange,059,3164182,2812,1785,23,1808,36
2020-04-22,Placer,061,380077,158,133,0,133,8
2020-04-22,Plumas,063,18699,4,4,0,4,0
2020-04-22,Riverside,065,2383286,4128,2822,14,2836,76
2020-04-22,Sacramento,067,1510023,1061,959,0,959,36
2020-04-22,San Benito,069,59416,46,43,0,43,2
2020-04-22,San Bernardino,071,2135413,2088,1564,1,1565,74
2020-04-22,San Diego,073,3302833,3565,2493,0,2493,96
2020-04-22,San Francisco,075,870044,1550,1255,0,1255,21
2020-04-22,San Joaquin,077,732212,538,462,3,465,20
2020-04-22,San Luis Obispo,079,281455,227,142,3,145,1
2020-04-22,San Mateo,081,765935,1268,945,2,947,40
2020-04-22,Santa Barbara,083,443738,485,437,2,439,6
2020-04-22,Santa Clara,085,1922200,2432,1969,5,1974,95
2020-04-22,Santa Cruz,087,273765,133,106,0,106,2
2020-04-22,Shasta,089,179085,34,26,0,26,3
2020-04-22,Sierra,091,2930,0,0,0,0,0
2020-04-22,Siskiyou,093,43540,5,5,0,5,0
2020-04-22,Solano,095,438530,247,195,0,195,3
2020-04-22,Sonoma,097,501317,235,185,0,185,1
2020-04-22,Stanislaus,099,539301,334,247,4,251,4
2020-04-22,Sutter,101,95872,28,22,0,22,2
2020-04-22,Tehama,103,63373,1,1,0,1,1
2020-04-22,Trinity,105,12862,0,0,0,0,0
2020-04-22,Tulare,107,460477,706,425,5,430,23
2020-04-22,Tuolumne,109,53932,3,2,0,2,0
2020-04-22,Ventura,111,848112,591,465,1,466,15
2020-04-22,Yolo,113,214977,176,147,0,147,8
2020-04-22,Yuba,115,75493,16,15,0,15,1
2020-04-21,Alameda,001,1643700,1575,1234,2,1236,46
2020-04-21,Alpine,003,1148,1,1,0,1,0
2020-04-21,Amador,005,37829,8,7,0,7,0
2020-04-21,Butte,007,227075,23,15,1,16,0
2020-04-21,Calaveras,009,45235,12,12,0,12,0
2020-04-21,Colusa,011,21464,3,3,0,3,0
2020-04-21,Contra Costa,013,1133247,894,766,0,766,22
2020-04-21,Del Norte,015,27424,2,2,0,2,0
2020-04-21,El Dorado,017,186661,54,36,0,36,0
2020-04-21,Fresno,019,978130,697,372,6,378,7
2020-04-21,Glenn,021,27897,5,3,0,3,0
2020-04-21,Humboldt,023,135768,58,53,0,53,0
2020-04-21,Imperial,025,180216,361,165,0,165,2
2020-04-21,Inyo,027,18085,19,18,0,18,0
2020-04-21,Kern,029,883053,908,676,1,677,4
2020-04-21,Kings,031,150075,91,28,1,29,1
2020-04-21,Lake,033,64148,6,6,0,6,0
2020-04-21,Lassen,035,31185,3,0,2,2,0
2020-04-21,Los Angeles,037,10098052,21788,15096,14,15110,650
2020-04-21,Madera,039,155013,75,37,1,38,2
2020-04-21,Marin,041,260295,217,202,1,203,10
2020-04-21,Mariposa,043,17540,5,0,0,0,0
2020-04-21,Mendocino,045,87422,6,5,0,5,0
2020-04-21,Merced,047,269075,143,89,0,89,3
2020-04-21,Modoc,049,8938,0,0,0,0,0
2020-04-21,Mono,051,14174,29,23,0,23,1
2020-04-21,Monterey,053,433212,223,151,0,151,4
2020-04-21,Napa,055,140530,66,58,0,58,2
2020-04-21,Nevada,057,99092,41,36,1,37,1
2020-04-21,Orange,059,3164182,2689,1717,22,1739,36
2020-04-21,Placer,061,380077,156,133,0,133,8
2020-04-21,Plumas,063,18699,4,4,0,4,0
2020-04-21,Riverside,065,2383286,3996,2631,14,2645,68
2020-04-21,Sacramento,067,1510023,1051,941,0,941,33
2020-04-21,San Benito,069,59416,44,43,0,43,2
2020-04-21,San Bernardino,071,2135413,2028,1499,1,1500,71
2020-04-21,San Diego,073,3302833,3409,2436,0,2436,87
2020-04-21,San Francisco,075,870044,1520,1232,0,1232,20
2020-04-21,San Joaquin,077,732212,528,447,3,450,20
2020-04-21,San Luis Obispo,079,281455,219,134,3,137,1
2020-04-21,San Mateo,081,765935,1222,933,2,935,34
2020-04-21,Santa Barbara,083,443738,476,414,2,416,5
2020-04-21,Santa Clara,085,1922200,2382,1943,5,1948,91
2020-04-21,Santa Cruz,087,273765,131,104,0,104,2
2020-04-21,Shasta,089,179085,33,26,0,26,3
2020-04-21,Sierra,091,2930,0,0,0,0,0
2020-04-21,Siskiyou,093,43540,5,5,0,5,0
2020-04-21,Solano,095,438530,239,193,0,193,3
2020-04-21,Sonoma,097,501317,225,182,0,182,1
2020-04-21,Stanislaus,099,539301,315,235,4,239,4
2020-04-21,Sutter,101,95872,28,22,0,22,2
2020-04-21,Tehama,103,63373,1,1,0,1,1
2020-04-21,Trinity,105,12862,0,0,0,0,0
2020-04-21,Tulare,107,460477,669,410,5,415,23
2020-04-21,Tuolumne,109,53932,3,2,0,2,0
2020-04-21,Ventura,111,848112,579,455,1,456,14
2020-04-21,Yolo,113,214977,174,143,0,143,8
2020-04-21,Yuba,115,75493,16,15,0,15,1
2020-04-20,Alameda,001,1643700,1542,1181,2,1183,42
2020-04-20,Alpine,003,1148,1,1,0,1,0
2020-04-20,Amador,005,37829,8,7,0,7,0
2020-04-20,Butte,007,227075,23,15,1,16,0
2020-04-20,Calaveras,009,45235,12,12,0,12,0
2020-04-20,Colusa,011,21464,3,3,0,3,0
2020-04-20,Contra Costa,013,1133247,884,753,0,753,22
2020-04-20,Del Norte,015,27424,2,2,0,2,0
2020-04-20,El Dorado,017,186661,54,36,0,36,0
2020-04-20,Fresno,019,978130,679,356,6,362,7
2020-04-20,Glenn,021,27897,4,3,0,3,0
2020-04-20,Humboldt,023,135768,58,53,0,53,0
2020-04-20,Imperial,025,180216,342,149,0,149,2
2020-04-20,Inyo,027,18085,19,17,0,17,0
2020-04-20,Kern,029,883053,876,651,1,652,3
2020-04-20,Kings,031,150075,80,19,1,20,1
2020-04-20,Lake,033,64148,6,6,0,6,0
2020-04-20,Lassen,035,31185,3,0,2,2,0
2020-04-20,Los Angeles,037,10098052,20875,13787,14,13801,608
2020-04-20,Madera,039,155013,74,35,1,36,2
2020-04-20,Marin,041,260295,213,200,1,201,10
2020-04-20,Mariposa,043,17540,5,0,0,0,0
2020-04-20,Mendocino,045,87422,6,5,0,5,0
2020-04-20,Merced,047,269075,136,88,0,88,3
2020-04-20,Modoc,049,8938,0,0,0,0,0
2020-04-20,Mono,051,14174,29,23,0,23,1
2020-04-20,Monterey,053,433212,214,147,0,147,4
2020-04-20,Napa,055,140530,66,55,0,55,2
2020-04-20,Nevada,057,99092,41,34,1,35,1
2020-04-20,Orange,059,3164182,2605,1679,22,1701,33
2020-04-20,Placer,061,380077,155,132,0,132,8
2020-04-20,Plumas,063,18699,4,4,0,4,0
2020-04-20,Riverside,065,2383286,3871,2477,14,2491,61
2020-04-20,Sacramento,067,1510023,1041,924,0,924,32
2020-04-20,San Benito,069,59416,44,43,0,43,2
2020-04-20,San Bernardino,071,2135413,1941,1344,1,1345,63
2020-04-20,San Diego,073,3302833,3267,2327,0,2327,72
2020-04-20,San Francisco,075,870044,1488,1223,0,1223,19
2020-04-20,San Joaquin,077,732212,524,422,3,425,17
2020-04-20,San Luis Obispo,079,281455,205,132,3,135,1
2020-04-20,San Mateo,081,765935,1199,890,2,892,31
2020-04-20,Santa Barbara,083,443738,469,388,2,390,4
2020-04-20,Santa Clara,085,1922200,2351,1920,5,1925,84
2020-04-20,Santa Cruz,087,273765,129,102,0,102,2
2020-04-20,Shasta,089,179085,33,26,0,26,3
2020-04-20,Sierra,091,2930,0,0,0,0,0
2020-04-20,Siskiyou,093,43540,5,5,0,5,0
2020-04-20,Solano,095,438530,236,185,0,185,2
2020-04-20,Sonoma,097,501317,217,178,0,178,1
2020-04-20,Stanislaus,099,539301,301,228,4,232,3
2020-04-20,Sutter,101,95872,27,22,0,22,2
2020-04-20,Tehama,103,63373,1,1,0,1,1
2020-04-20,Trinity,105,12862,0,0,0,0,0
2020-04-20,Tulare,107,460477,659,401,5,406,20
2020-04-20,Tuolumne,109,53932,3,2,0,2,0
2020-04-20,Ventura,111,848112,565,426,1,427,13
2020-04-20,Yolo,113,214977,173,125,0,125,5
2020-04-20,Yuba,115,75493,16,15,0,15,1
2020-04-19,Alameda,001,1643700,1492,1134,2,1136,41
2020-04-19,Alpine,003,1148,1,1,0,1,0
2020-04-19,Amador,005,37829,7,7,0,7,0
2020-04-19,Butte,007,227075,22,15,1,16,0
2020-04-19,Calaveras,009,45235,12,12,0,12,0
2020-04-19,Colusa,011,21464,3,3,0,3,0
2020-04-19,Contra Costa,013,1133247,868,731,0,731,20
2020-04-19,Del Norte,015,27424,2,2,0,2,0
2020-04-19,El Dorado,017,186661,54,36,0,36,0
2020-04-19,Fresno,019,978130,643,326,6,332,7
2020-04-19,Glenn,021,27897,4,3,0,3,0
2020-04-19,Humboldt,023,135768,58,53,0,53,0
2020-04-19,Imperial,025,180216,316,144,0,144,2
2020-04-19,Inyo,027,18085,19,17,0,17,0
2020-04-19,Kern,029,883053,851,629,1,630,3
2020-04-19,Kings,031,150075,70,17,1,18,1
2020-04-19,Lake,033,64148,6,6,0,6,0
2020-04-19,Lassen,035,31185,3,0,2,2,0
2020-04-19,Los Angeles,037,10098052,19870,12299,14,12313,589
2020-04-19,Madera,039,155013,72,34,1,35,2
2020-04-19,Marin,041,260295,212,194,1,195,10
2020-04-19,Mariposa,043,17540,2,0,0,0,0
2020-04-19,Mendocino,045,87422,6,4,0,4,0
2020-04-19,Merced,047,269075,131,85,0,85,3
2020-04-19,Modoc,049,8938,0,0,0,0,0
2020-04-19,Mono,051,14174,29,23,0,23,1
2020-04-19,Monterey,053,433212,205,140,0,140,4
2020-04-19,Napa,055,140530,64,49,0,49,2
2020-04-19,Nevada,057,99092,40,34,1,35,1
2020-04-19,Orange,059,3164182,2508,1591,21,1612,32
2020-04-19,Placer,061,380077,154,131,0,131,8
2020-04-19,Plumas,063,18699,4,4,0,4,0
2020-04-19,Riverside,065,2383286,3728,2316,14,2330,56
2020-04-19,Sacramento,067,1510023,1014,912,0,912,32
2020-04-19,San Benito,069,59416,42,40,0,40,2
2020-04-19,San Bernardino,071,2135413,1878,1262,1,1263,58
2020-04-19,San Diego,073,3302833,3100,2270,0,2270,71
2020-04-19,San Francisco,075,870044,1455,1153,0,1153,19
2020-04-19,San Joaquin,077,732212,506,404,3,407,17
2020-04-19,San Luis Obispo,079,281455,200,132,3,135,1
2020-04-19,San Mateo,081,765935,1163,845,2,847,31
2020-04-19,Santa Barbara,083,443738,462,377,2,379,3
2020-04-19,Santa Clara,085,1922200,2306,1878,5,1883,81
2020-04-19,Santa Cruz,087,273765,126,98,0,98,2
2020-04-19,Shasta,089,179085,31,26,0,26,3
2020-04-19,Sierra,091,2930,0,0,0,0,0
2020-04-19,Siskiyou,093,43540,5,5,0,5,0
2020-04-19,Solano,095,438530,228,174,0,174,2
2020-04-19,Sonoma,097,501317,211,172,0,172,1
2020-04-19,Stanislaus,099,539301,293,221,4,225,3
2020-04-19,Sutter,101,95872,26,21,0,21,2
2020-04-19,Tehama,103,63373,1,1,0,1,1
2020-04-19,Trinity,105,12862,0,0,0,0,0
2020-04-19,Tulare,107,460477,613,391,5,396,17
2020-04-19,Tuolumne,109,53932,3,2,0,2,0
2020-04-19,Ventura,111,848112,557,418,1,419,13
2020-04-19,Yolo,113,214977,173,120,0,120,5
2020-04-19,Yuba,115,75493,16,15,0,15,1
2020-04-18,Alameda,001,1643700,1467,1085,2,1087,40
2020-04-18,Alpine,003,1148,1,1,0,1,0
2020-04-18,Amador,005,37829,7,7,0,7,0
2020-04-18,Butte,007,227075,21,15,1,16,0
2020-04-18,Calaveras,009,45235,12,12,0,12,0
2020-04-18,Colusa,011,21464,3,3,0,3,0
2020-04-18,Contra Costa,013,1133247,856,721,0,721,17
2020-04-18,Del Norte,015,27424,2,2,0,2,0
2020-04-18,El Dorado,017,186661,54,36,0,36,0
2020-04-18,Fresno,019,978130,622,319,6,325,7
2020-04-18,Glenn,021,27897,4,3,0,3,0
2020-04-18,Humboldt,023,135768,58,52,0,52,0
2020-04-18,Imperial,025,180216,307,137,0,137,2
2020-04-18,Inyo,027,18085,19,17,0,17,0
2020-04-18,Kern,029,883053,829,626,1,627,3
2020-04-18,Kings,031,150075,69,17,1,18,1
2020-04-18,Lake,033,64148,6,6,0,6,0
2020-04-18,Lassen,035,31185,3,0,2,2,0
2020-04-18,Los Angeles,037,10098052,19340,11984,14,11998,566
2020-04-18,Madera,039,155013,71,34,1,35,2
2020-04-18,Marin,041,260295,210,193,1,194,10
2020-04-18,Mariposa,043,17540,2,0,0,0,0
2020-04-18,Mendocino,045,87422,6,4,0,4,0
2020-04-18,Merced,047,269075,129,82,0,82,3
2020-04-18,Modoc,049,8938,0,0,0,0,0
2020-04-18,Mono,051,14174,29,22,0,22,1
2020-04-18,Monterey,053,433212,201,135,0,135,3
2020-04-18,Napa,055,140530,64,49,0,49,2
2020-04-18,Nevada,057,99092,39,34,1,35,1
2020-04-18,Orange,059,3164182,2444,1569,20,1589,32
2020-04-18,Placer,061,380077,152,130,0,130,8
2020-04-18,Plumas,063,18699,4,4,0,4,0
2020-04-18,Riverside,065,2383286,3653,2257,14,2271,56
2020-04-18,Sacramento,067,1510023,1002,901,0,901,32
2020-04-18,San Benito,069,59416,42,40,0,40,2
2020-04-18,San Bernardino,071,2135413,1833,1255,1,1256,58
2020-04-18,San Diego,073,3302833,2998,2215,0,2215,71
2020-04-18,San Francisco,075,870044,1416,1144,0,1144,19
2020-04-18,San Joaquin,077,732212,497,392,3,395,17
2020-04-18,San Luis Obispo,079,281455,196,129,3,132,1
2020-04-18,San Mateo,081,765935,1141,821,2,823,31
2020-04-18,Santa Barbara,083,443738,456,372,2,374,3
2020-04-18,Santa Clara,085,1922200,2273,1862,5,1867,79
2020-04-18,Santa Cruz,087,273765,124,96,0,96,2
2020-04-18,Shasta,089,179085,31,26,0,26,3
2020-04-18,Sierra,091,2930,0,0,0,0,0
2020-04-18,Siskiyou,093,43540,5,5,0,5,0
2020-04-18,Solano,095,438530,225,175,0,175,2
2020-04-18,Sonoma,097,501317,207,168,0,168,1
2020-04-18,Stanislaus,099,539301,285,216,4,220,3
2020-04-18,Sutter,101,95872,26,21,0,21,2
2020-04-18,Tehama,103,63373,1,1,0,1,1
2020-04-18,Trinity,105,12862,0,0,0,0,0
2020-04-18,Tulare,107,460477,602,385,5,390,17
2020-04-18,Tuolumne,109,53932,3,2,0,2,0
2020-04-18,Ventura,111,848112,549,416,1,417,13
2020-04-18,Yolo,113,214977,171,118,0,118,5
2020-04-18,Yuba,115,75493,16,14,0,14,1
2020-04-17,Alameda,001,1643700,1412,1043,1,1044,40
2020-04-17,Alpine,003,1148,1,1,0,1,0
2020-04-17,Amador,005,37829,7,7,0,7,0
2020-04-17,Butte,007,227075,21,15,1,16,0
2020-04-17,Calaveras,009,45235,12,11,0,11,0
2020-04-17,Colusa,011,21464,3,3,0,3,0
2020-04-17,Contra Costa,013,1133247,845,687,0,687,15
2020-04-17,Del Norte,015,27424,2,2,0,2,0
2020-04-17,El Dorado,017,186661,54,35,0,35,0
2020-04-17,Fresno,019,978130,600,315,6,321,7
2020-04-17,Glenn,021,27897,4,3,0,3,0
2020-04-17,Humboldt,023,135768,57,52,0,52,0
2020-04-17,Imperial,025,180216,298,135,0,135,2
2020-04-17,Inyo,027,18085,19,17,0,17,0
2020-04-17,Kern,029,883053,809,612,1,613,3
2020-04-17,Kings,031,150075,67,15,1,16,1
2020-04-17,Lake,033,64148,6,6,0,6,0
2020-04-17,Lassen,035,31185,3,0,2,2,0
2020-04-17,Los Angeles,037,10098052,18701,11354,14,11368,489
2020-04-17,Madera,039,155013,71,34,1,35,2
2020-04-17,Marin,041,260295,207,189,1,190,10
2020-04-17,Mariposa,043,17540,1,0,0,0,0
2020-04-17,Mendocino,045,87422,6,4,0,4,0
2020-04-17,Merced,047,269075,128,80,0,80,3
2020-04-17,Modoc,049,8938,0,0,0,0,0
2020-04-17,Mono,051,14174,29,22,0,22,1
2020-04-17,Monterey,053,433212,196,119,0,119,3
2020-04-17,Napa,055,140530,62,46,0,46,2
2020-04-17,Nevada,057,99092,38,34,1,35,1
2020-04-17,Orange,059,3164182,2393,1496,20,1516,31
2020-04-17,Placer,061,380077,152,130,0,130,8
2020-04-17,Plumas,063,18699,4,4,0,4,0
2020-04-17,Riverside,065,2383286,3526,2080,14,2094,50
2020-04-17,Sacramento,067,1510023,995,882,0,882,32
2020-04-17,San Benito,069,59416,42,38,0,38,2
2020-04-17,San Bernardino,071,2135413,1794,1229,1,1230,57
2020-04-17,San Diego,073,3302833,2908,2160,0,2160,70
2020-04-17,San Francisco,075,870044,1391,1090,0,1090,19
2020-04-17,San Joaquin,077,732212,486,356,3,359,17
2020-04-17,San Luis Obispo,079,281455,189,116,3,119,1
2020-04-17,San Mateo,081,765935,1125,768,2,770,31
2020-04-17,Santa Barbara,083,443738,451,349,2,351,3
2020-04-17,Santa Clara,085,1922200,2237,1834,5,1839,74
2020-04-17,Santa Cruz,087,273765,123,94,0,94,2
2020-04-17,Shasta,089,179085,31,26,0,26,3
2020-04-17,Sierra,091,2930,0,0,0,0,0
2020-04-17,Siskiyou,093,43540,5,5,0,5,0
2020-04-17,Solano,095,438530,224,173,0,173,2
2020-04-17,Sonoma,097,501317,204,167,0,167,1
2020-04-17,Stanislaus,099,539301,283,201,4,205,3
2020-04-17,Sutter,101,95872,26,20,0,20,2
2020-04-17,Tehama,103,63373,1,1,0,1,1
2020-04-17,Trinity,105,12862,0,0,0,0,0
2020-04-17,Tulare,107,460477,595,370,5,375,17
2020-04-17,Tuolumne,109,53932,3,2,0,2,0
2020-04-17,Ventura,111,848112,544,398,1,399,13
2020-04-17,Yolo,113,214977,170,117,0,117,5
2020-04-17,Yuba,115,75493,16,14,0,14,1
2020-04-16,Alameda,001,1643700,1378,981,1,982,39
2020-04-16,Alpine,003,1148,1,1,0,1,0
2020-04-16,Amador,005,37829,7,7,0,7,0
2020-04-16,Butte,007,227075,20,15,1,16,0
2020-04-16,Calaveras,009,45235,12,10,0,10,0
2020-04-16,Colusa,011,21464,3,3,0,3,0
2020-04-16,Contra Costa,013,1133247,831,675,0,675,14
2020-04-16,Del Norte,015,27424,2,2,0,2,0
2020-04-16,El Dorado,017,186661,53,34,0,34,0
2020-04-16,Fresno,019,978130,570,289,6,295,7
2020-04-16,Glenn,021,27897,4,3,0,3,0
2020-04-16,Humboldt,023,135768,57,47,0,47,0
2020-04-16,Imperial,025,180216,283,132,0,132,2
2020-04-16,Inyo,027,18085,17,17,0,17,0
2020-04-16,Kern,029,883053,782,587,1,588,3
2020-04-16,Kings,031,150075,63,12,1,13,1
2020-04-16,Lake,033,64148,6,6,0,6,0
2020-04-16,Lassen,035,31185,3,0,2,2,0
2020-04-16,Los Angeles,037,10098052,17808,10786,14,10800,447
2020-04-16,Madera,039,155013,69,34,1,35,2
2020-04-16,Marin,041,260295,203,170,1,171,10
2020-04-16,Mariposa,043,17540,1,1,0,1,0
2020-04-16,Mendocino,045,87422,6,4,0,4,0
2020-04-16,Merced,047,269075,122,76,0,76,3
2020-04-16,Modoc,049,8938,0,0,0,0,0
2020-04-16,Mono,051,14174,29,22,0,22,1
2020-04-16,Monterey,053,433212,193,116,0,116,3
2020-04-16,Napa,055,140530,59,44,0,44,2
2020-04-16,Nevada,057,99092,38,34,1,35,1
2020-04-16,Orange,059,3164182,2328,1439,19,1458,28
2020-04-16,Placer,061,380077,150,129,0,129,7
2020-04-16,Plumas,063,18699,4,4,0,4,0
2020-04-16,Riverside,065,2383286,3406,1913,14,1927,45
2020-04-16,Sacramento,067,1510023,987,865,0,865,32
2020-04-16,San Benito,069,59416,42,36,0,36,2
2020-04-16,San Bernardino,071,2135413,1713,1143,0,1143,54
2020-04-16,San Diego,073,3302833,2800,2089,0,2089,63
2020-04-16,San Francisco,075,870044,1347,1039,0,1039,16
2020-04-16,San Joaquin,077,732212,471,345,3,348,17
2020-04-16,San Luis Obispo,079,281455,185,113,3,116,1
2020-04-16,San Mateo,081,765935,1096,745,2,747,29
2020-04-16,Santa Barbara,083,443738,440,331,2,333,3
2020-04-16,Santa Clara,085,1922200,2200,1789,5,1794,70
2020-04-16,Santa Cruz,087,273765,121,90,0,90,2
2020-04-16,Shasta,089,179085,31,25,0,25,3
2020-04-16,Sierra,091,2930,0,0,0,0,0
2020-04-16,Siskiyou,093,43540,5,5,0,5,0
2020-04-16,Solano,095,438530,221,162,0,162,2
2020-04-16,Sonoma,097,501317,199,145,0,145,1
2020-04-16,Stanislaus,099,539301,280,185,4,189,3
2020-04-16,Sutter,101,95872,25,21,0,21,2
2020-04-16,Tehama,103,63373,1,1,0,1,1
2020-04-16,Trinity,105,12862,0,0,0,0,0
2020-04-16,Tulare,107,460477,578,305,5,310,16
2020-04-16,Tuolumne,109,53932,3,1,0,1,0
2020-04-16,Ventura,111,848112,532,384,1,385,13
2020-04-16,Yolo,113,214977,168,98,0,98,4
2020-04-16,Yuba,115,75493,15,14,0,14,1
2020-04-15,Alameda,001,1643700,1328,915,1,916,38
2020-04-15,Alpine,003,1148,1,1,0,1,0
2020-04-15,Amador,005,37829,7,7,0,7,0
2020-04-15,Butte,007,227075,20,14,1,15,0
2020-04-15,Calaveras,009,45235,11,9,0,9,0
2020-04-15,Colusa,011,21464,3,3,0,3,0
2020-04-15,Contra Costa,013,1133247,809,645,0,645,14
2020-04-15,Del Norte,015,27424,2,2,0,2,0
2020-04-15,El Dorado,017,186661,51,33,0,33,0
2020-04-15,Fresno,019,978130,544,264,6,270,7
2020-04-15,Glenn,021,27897,4,3,0,3,0
2020-04-15,Humboldt,023,135768,57,47,0,47,0
2020-04-15,Imperial,025,180216,257,115,0,115,2
2020-04-15,Inyo,027,18085,17,12,0,12,0
2020-04-15,Kern,029,883053,760,500,1,501,3
2020-04-15,Kings,031,150075,59,12,1,13,1
2020-04-15,Lake,033,64148,6,4,0,4,0
2020-04-15,Lassen,035,31185,3,0,2,2,0
2020-04-15,Los Angeles,037,10098052,16984,10416,14,10430,394
2020-04-15,Madera,039,155013,69,30,1,31,2
2020-04-15,Marin,041,260295,200,162,1,163,10
2020-04-15,Mariposa,043,17540,0,0,0,0,0
2020-04-15,Mendocino,045,87422,5,4,0,4,0
2020-04-15,Merced,047,269075,120,74,0,74,3
2020-04-15,Modoc,049,8938,0,0,0,0,0
2020-04-15,Mono,051,14174,29,22,0,22,1
2020-04-15,Monterey,053,433212,185,106,0,106,3
2020-04-15,Napa,055,140530,56,34,0,34,2
2020-04-15,Nevada,057,99092,37,34,1,35,1
2020-04-15,Orange,059,3164182,2225,1377,19,1396,24
2020-04-15,Placer,061,380077,149,123,0,123,6
2020-04-15,Plumas,063,18699,4,4,0,4,0
2020-04-15,Riverside,065,2383286,3211,1723,14,1737,42
2020-04-15,Sacramento,067,1510023,978,839,0,839,32
2020-04-15,San Benito,069,59416,42,34,0,34,2
2020-04-15,San Bernardino,071,2135413,1643,1063,0,1063,45
2020-04-15,San Diego,073,3302833,2712,2014,0,2014,60
2020-04-15,San Francisco,075,870044,1311,1006,0,1006,16
2020-04-15,San Joaquin,077,732212,463,329,3,332,17
2020-04-15,San Luis Obispo,079,281455,177,112,3,115,1
2020-04-15,San Mateo,081,765935,1047,707,2,709,28
2020-04-15,Santa Barbara,083,443738,424,317,2,319,2
2020-04-15,Santa Clara,085,1922200,2161,1692,5,1697,69
2020-04-15,Santa Cruz,087,273765,117,92,0,92,2
2020-04-15,Shasta,089,179085,31,25,0,25,3
2020-04-15,Sierra,091,2930,0,0,0,0,0
2020-04-15,Siskiyou,093,43540,5,5,0,5,0
2020-04-15,Solano,095,438530,216,153,0,153,2
2020-04-15,Sonoma,097,501317,197,140,0,140,1
2020-04-15,Stanislaus,099,539301,273,174,4,178,3
2020-04-15,Sutter,101,95872,25,19,0,19,2
2020-04-15,Tehama,103,63373,1,1,0,1,1
2020-04-15,Trinity,105,12862,0,0,0,0,0
2020-04-15,Tulare,107,460477,560,289,5,294,14
2020-04-15,Tuolumne,109,53932,3,1,0,1,0
2020-04-15,Ventura,111,848112,517,365,1,366,13
2020-04-15,Yolo,113,214977,161,93,0,93,3
2020-04-15,Yuba,115,75493,15,15,0,15,1
2020-04-14,Alameda,001,1643700,1283,843,1,844,30
2020-04-14,Alpine,003,1148,1,1,0,1,0
2020-04-14,Amador,005,37829,7,6,0,6,0
2020-04-14,Butte,007,227075,20,13,1,14,0
2020-04-14,Calaveras,009,45235,11,5,0,5,0
2020-04-14,Colusa,011,21464,3,3,0,3,0
2020-04-14,Contra Costa,013,1133247,797,617,0,617,12
2020-04-14,Del Norte,015,27424,2,2,0,2,0
2020-04-14,El Dorado,017,186661,51,30,0,30,0
2020-04-14,Fresno,019,978130,521,244,6,250,6
2020-04-14,Glenn,021,27897,4,3,0,3,0
2020-04-14,Humboldt,023,135768,57,44,0,44,0
2020-04-14,Imperial,025,180216,237,86,0,86,2
2020-04-14,Inyo,027,18085,17,12,0,12,0
2020-04-14,Kern,029,883053,736,453,1,454,3
2020-04-14,Kings,031,150075,58,12,1,13,1
2020-04-14,Lake,033,64148,6,3,0,3,0
2020-04-14,Lassen,035,31185,3,0,2,2,0
2020-04-14,Los Angeles,037,10098052,16088,9948,13,9961,357
2020-04-14,Madera,039,155013,68,29,1,30,2
2020-04-14,Marin,041,260295,196,147,1,148,9
2020-04-14,Mariposa,043,17540,0,0,0,0,0
2020-04-14,Mendocino,045,87422,5,4,0,4,0
2020-04-14,Merced,047,269075,113,61,0,61,3
2020-04-14,Modoc,049,8938,0,0,0,0,0
2020-04-14,Mono,051,14174,29,22,0,22,1
2020-04-14,Monterey,053,433212,180,98,0,98,3
2020-04-14,Napa,055,140530,56,33,0,33,2
2020-04-14,Nevada,057,99092,37,34,1,35,1
2020-04-14,Orange,059,3164182,2125,1362,19,1381,24
2020-04-14,Placer,061,380077,148,117,0,117,5
2020-04-14,Plumas,063,18699,4,3,0,3,0
2020-04-14,Riverside,065,2383286,3076,1467,14,1481,40
2020-04-14,Sacramento,067,1510023,969,737,0,737,29
2020-04-14,San Benito,069,59416,39,34,0,34,2
2020-04-14,San Bernardino,071,2135413,1588,933,0,933,37
2020-04-14,San Diego,073,3302833,2617,1932,0,1932,53
2020-04-14,San Francisco,075,870044,1257,968,0,968,14
2020-04-14,San Joaquin,077,732212,453,280,3,283,17
2020-04-14,San Luis Obispo,079,281455,174,109,3,112,1
2020-04-14,San Mateo,081,765935,1013,681,2,683,28
2020-04-14,Santa Barbara,083,443738,400,292,2,294,2
2020-04-14,Santa Clara,085,1922200,2128,1561,5,1566,63
2020-04-14,Santa Cruz,087,273765,109,84,0,84,2
2020-04-14,Shasta,089,179085,31,24,0,24,3
2020-04-14,Sierra,091,2930,0,0,0,0,0
2020-04-14,Siskiyou,093,43540,5,5,0,5,0
2020-04-14,Solano,095,438530,213,140,0,140,2
2020-04-14,Sonoma,097,501317,193,133,0,133,1
2020-04-14,Stanislaus,099,539301,260,136,4,140,3
2020-04-14,Sutter,101,95872,24,19,0,19,2
2020-04-14,Tehama,103,63373,1,1,0,1,1
2020-04-14,Trinity,105,12862,0,0,0,0,0
2020-04-14,Tulare,107,460477,536,228,5,233,12
2020-04-14,Tuolumne,109,53932,3,0,0,0,0
2020-04-14,Ventura,111,848112,504,328,1,329,11
2020-04-14,Yolo,113,214977,158,81,0,81,3
2020-04-14,Yuba,115,75493,14,14,0,14,1
2020-04-13,Alameda,001,1643700,1245,821,1,822,23
2020-04-13,Alpine,003,1148,1,1,0,1,0
2020-04-13,Amador,005,37829,7,6,0,6,0
2020-04-13,Butte,007,227075,19,13,1,14,0
2020-04-13,Calaveras,009,45235,10,5,0,5,0
2020-04-13,Colusa,011,21464,3,3,0,3,0
2020-04-13,Contra Costa,013,1133247,781,569,0,569,12
2020-04-13,Del Norte,015,27424,2,2,0,2,0
2020-04-13,El Dorado,017,186661,49,29,0,29,0
2020-04-13,Fresno,019,978130,499,205,5,210,4
2020-04-13,Glenn,021,27897,4,3,0,3,0
2020-04-13,Humboldt,023,135768,57,44,0,44,0
2020-04-13,Imperial,025,180216,219,82,0,82,2
2020-04-13,Inyo,027,18085,17,12,0,12,0
2020-04-13,Kern,029,883053,711,346,1,347,3
2020-04-13,Kings,031,150075,54,9,1,10,0
2020-04-13,Lake,033,64148,6,3,0,3,0
2020-04-13,Lassen,035,31185,3,0,2,2,0
2020-04-13,Los Angeles,037,10098052,15370,9367,13,9380,317
2020-04-13,Madera,039,155013,66,29,1,30,2
2020-04-13,Marin,041,260295,192,144,1,145,6
2020-04-13,Mariposa,043,17540,0,0,0,0,0
2020-04-13,Mendocino,045,87422,5,4,0,4,0
2020-04-13,Merced,047,269075,112,60,0,60,3
2020-04-13,Modoc,049,8938,0,0,0,0,0
2020-04-13,Mono,051,14174,29,21,0,21,1
2020-04-13,Monterey,053,433212,173,86,0,86,3
2020-04-13,Napa,055,140530,55,30,0,30,2
2020-04-13,Nevada,057,99092,37,24,1,25,1
2020-04-13,Orange,059,3164182,2052,1313,19,1332,21
2020-04-13,Placer,061,380077,147,116,0,116,5
2020-04-13,Plumas,063,18699,4,3,0,3,0
2020-04-13,Riverside,065,2383286,2935,1460,13,1473,35
2020-04-13,Sacramento,067,1510023,957,723,0,723,25
2020-04-13,San Benito,069,59416,38,33,0,33,2
2020-04-13,San Bernardino,071,2135413,1513,920,0,920,30
2020-04-13,San Diego,073,3302833,2534,1849,0,1849,47
2020-04-13,San Francisco,075,870044,1219,948,0,948,12
2020-04-13,San Joaquin,077,732212,438,255,3,258,16
2020-04-13,San Luis Obispo,079,281455,169,106,3,109,1
2020-04-13,San Mateo,081,765935,973,679,2,681,25
2020-04-13,Santa Barbara,083,443738,381,271,1,272,2
2020-04-13,Santa Clara,085,1922200,2082,1540,5,1545,58
2020-04-13,Santa Cruz,087,273765,103,82,0,82,1
2020-04-13,Shasta,089,179085,30,24,0,24,3
2020-04-13,Sierra,091,2930,0,0,0,0,0
2020-04-13,Siskiyou,093,43540,5,5,0,5,0
2020-04-13,Solano,095,438530,210,136,0,136,2
2020-04-13,Sonoma,097,501317,186,133,0,133,1
2020-04-13,Stanislaus,099,539301,254,130,4,134,1
2020-04-13,Sutter,101,95872,24,18,0,18,2
2020-04-13,Tehama,103,63373,1,1,0,1,0
2020-04-13,Trinity,105,12862,0,0,0,0,0
2020-04-13,Tulare,107,460477,500,185,5,190,11
2020-04-13,Tuolumne,109,53932,3,0,0,0,0
2020-04-13,Ventura,111,848112,483,309,0,309,9
2020-04-13,Yolo,113,214977,152,81,0,81,3
2020-04-13,Yuba,115,75493,14,13,0,13,1
2020-04-12,Alameda,001,1643700,1202,774,1,775,23
2020-04-12,Alpine,003,1148,1,1,0,1,0
2020-04-12,Amador,005,37829,7,6,0,6,0
2020-04-12,Butte,007,227075,19,13,1,14,0
2020-04-12,Calaveras,009,45235,10,5,0,5,0
2020-04-12,Colusa,011,21464,3,3,0,3,0
2020-04-12,Contra Costa,013,1133247,768,553,0,553,12
2020-04-12,Del Norte,015,27424,2,2,0,2,0
2020-04-12,El Dorado,017,186661,49,28,0,28,0
2020-04-12,Fresno,019,978130,470,205,5,210,4
2020-04-12,Glenn,021,27897,4,3,0,3,0
2020-04-12,Humboldt,023,135768,57,43,0,43,0
2020-04-12,Imperial,025,180216,196,78,0,78,2
2020-04-12,Inyo,027,18085,15,12,0,12,0
2020-04-12,Kern,029,883053,679,319,0,319,3
2020-04-12,Kings,031,150075,52,9,1,10,0
2020-04-12,Lake,033,64148,6,3,0,3,0
2020-04-12,Lassen,035,31185,3,0,2,2,0
2020-04-12,Los Angeles,037,10098052,14650,9133,13,9146,294
2020-04-12,Madera,039,155013,65,29,1,30,2
2020-04-12,Marin,041,260295,181,138,1,139,6
2020-04-12,Mariposa,043,17540,0,0,0,0,0
2020-04-12,Mendocino,045,87422,5,4,0,4,0
2020-04-12,Merced,047,269075,106,58,0,58,3
2020-04-12,Modoc,049,8938,0,0,0,0,0
2020-04-12,Mono,051,14174,29,20,0,20,1
2020-04-12,Monterey,053,433212,159,85,0,85,3
2020-04-12,Napa,055,140530,53,29,0,29,2
2020-04-12,Nevada,057,99092,37,24,1,25,1
2020-04-12,Orange,059,3164182,1992,1283,18,1301,21
2020-04-12,Placer,061,380077,146,114,0,114,4
2020-04-12,Plumas,063,18699,4,3,0,3,0
2020-04-12,Riverside,065,2383286,2753,1330,13,1343,34
2020-04-12,Sacramento,067,1510023,920,689,0,689,25
2020-04-12,San Benito,069,59416,36,33,0,33,2
2020-04-12,San Bernardino,071,2135413,1437,827,0,827,30
2020-04-12,San Diego,073,3302833,2444,1806,0,1806,45
2020-04-12,San Francisco,075,870044,1192,886,0,886,11
2020-04-12,San Joaquin,077,732212,420,246,3,249,15
2020-04-12,San Luis Obispo,079,281455,166,102,2,104,1
2020-04-12,San Mateo,081,765935,947,664,2,666,25
2020-04-12,Santa Barbara,083,443738,362,261,1,262,2
2020-04-12,Santa Clara,085,1922200,2054,1461,5,1466,53
2020-04-12,Santa Cruz,087,273765,102,80,0,80,1
2020-04-12,Shasta,089,179085,30,24,0,24,3
2020-04-12,Sierra,091,2930,0,0,0,0,0
2020-04-12,Siskiyou,093,43540,5,5,0,5,0
2020-04-12,Solano,095,438530,204,136,0,136,2
2020-04-12,Sonoma,097,501317,183,131,0,131,1
2020-04-12,Stanislaus,099,539301,246,117,4,121,1
2020-04-12,Sutter,101,95872,23,18,0,18,2
2020-04-12,Tehama,103,63373,1,1,0,1,0
2020-04-12,Trinity,105,12862,0,0,0,0,0
2020-04-12,Tulare,107,460477,488,166,5,171,11
2020-04-12,Tuolumne,109,53932,3,0,0,0,0
2020-04-12,Ventura,111,848112,473,306,0,306,9
2020-04-12,Yolo,113,214977,138,67,0,67,3
2020-04-12,Yuba,115,75493,14,13,0,13,1
2020-04-11,Alameda,001,1643700,1160,751,1,752,23
2020-04-11,Alpine,003,1148,1,1,0,1,0
2020-04-11,Amador,005,37829,7,6,0,6,0
2020-04-11,Butte,007,227075,19,13,1,14,0
2020-04-11,Calaveras,009,45235,10,5,0,5,0
2020-04-11,Colusa,011,21464,3,3,0,3,0
2020-04-11,Contra Costa,013,1133247,759,550,0,550,12
2020-04-11,Del Norte,015,27424,2,2,0,2,0
2020-04-11,El Dorado,017,186661,48,29,0,29,0
2020-04-11,Fresno,019,978130,460,201,5,206,4
2020-04-11,Glenn,021,27897,4,3,0,3,0
2020-04-11,Humboldt,023,135768,57,38,0,38,0
2020-04-11,Imperial,025,180216,186,78,0,78,2
2020-04-11,Inyo,027,18085,15,12,0,12,0
2020-04-11,Kern,029,883053,651,304,0,304,3
2020-04-11,Kings,031,150075,49,9,1,10,0
2020-04-11,Lake,033,64148,6,3,0,3,0
2020-04-11,Lassen,035,31185,3,0,2,2,0
2020-04-11,Los Angeles,037,10098052,14175,8823,13,8836,262
2020-04-11,Madera,039,155013,64,29,1,30,2
2020-04-11,Marin,041,260295,178,136,1,137,6
2020-04-11,Mariposa,043,17540,0,0,0,0,0
2020-04-11,Mendocino,045,87422,5,4,0,4,0
2020-04-11,Merced,047,269075,103,59,0,59,3
2020-04-11,Modoc,049,8938,0,0,0,0,0
2020-04-11,Mono,051,14174,29,20,0,20,1
2020-04-11,Monterey,053,433212,153,78,0,78,3
2020-04-11,Napa,055,140530,53,29,0,29,2
2020-04-11,Nevada,057,99092,37,24,1,25,1
2020-04-11,Orange,059,3164182,1930,1267,18,1285,21
2020-04-11,Placer,061,380077,146,113,0,113,4
2020-04-11,Plumas,063,18699,4,3,0,3,0
2020-04-11,Riverside,065,2383286,2674,1260,13,1273,33
2020-04-11,Sacramento,067,1510023,909,685,0,685,25
2020-04-11,San Benito,069,59416,36,33,0,33,2
2020-04-11,San Bernardino,071,2135413,1401,826,0,826,28
2020-04-11,San Diego,073,3302833,2378,1763,0,1763,45
2020-04-11,San Francisco,075,870044,1170,860,0,860,11
2020-04-11,San Joaquin,077,732212,415,244,3,247,15
2020-04-11,San Luis Obispo,079,281455,166,100,1,101,1
2020-04-11,San Mateo,081,765935,935,662,2,664,25
2020-04-11,Santa Barbara,083,443738,354,258,1,259,2
2020-04-11,Santa Clara,085,1922200,1995,1441,5,1446,51
2020-04-11,Santa Cruz,087,273765,102,79,0,79,1
2020-04-11,Shasta,089,179085,30,24,0,24,3
2020-04-11,Sierra,091,2930,0,0,0,0,0
2020-04-11,Siskiyou,093,43540,5,5,0,5,0
2020-04-11,Solano,095,438530,200,138,0,138,2
2020-04-11,Sonoma,097,501317,181,131,0,131,1
2020-04-11,Stanislaus,099,539301,238,119,3,122,1
2020-04-11,Sutter,101,95872,23,18,0,18,2
2020-04-11,Tehama,103,63373,1,1,0,1,0
2020-04-11,Trinity,105,12862,0,0,0,0,0
2020-04-11,Tulare,107,460477,466,168,5,173,10
2020-04-11,Tuolumne,109,53932,3,0,0,0,0
2020-04-11,Ventura,111,848112,463,304,0,304,9
2020-04-11,Yolo,113,214977,135,67,0,67,3
2020-04-11,Yuba,115,75493,14,13,0,13,1
2020-04-10,Alameda,001,1643700,1119,706,1,707,21
2020-04-10,Alpine,003,1148,1,1,0,1,0
2020-04-10,Amador,005,37829,7,5,0,5,0
2020-04-10,Butte,007,227075,19,13,1,14,0
2020-04-10,Calaveras,009,45235,10,5,0,5,0
2020-04-10,Colusa,011,21464,3,3,0,3,0
2020-04-10,Contra Costa,013,1133247,746,537,0,537,10
2020-04-10,Del Norte,015,27424,2,2,0,2,0
2020-04-10,El Dorado,017,186661,48,26,0,26,0
2020-04-10,Fresno,019,978130,453,186,4,190,3
2020-04-10,Glenn,021,27897,4,3,0,3,0
2020-04-10,Humboldt,023,135768,57,36,0,36,0
2020-04-10,Imperial,025,180216,179,70,0,70,2
2020-04-10,Inyo,027,18085,13,11,0,11,0
2020-04-10,Kern,029,883053,627,272,0,272,3
2020-04-10,Kings,031,150075,46,7,1,8,0
2020-04-10,Lake,033,64148,6,3,0,3,0
2020-04-10,Lassen,035,31185,3,0,2,2,0
2020-04-10,Los Angeles,037,10098052,13659,8384,12,8396,239
2020-04-10,Madera,039,155013,63,29,1,30,2
2020-04-10,Marin,041,260295,173,128,1,129,6
2020-04-10,Mariposa,043,17540,0,0,0,0,0
2020-04-10,Mendocino,045,87422,5,4,0,4,0
2020-04-10,Merced,047,269075,100,56,0,56,3
2020-04-10,Modoc,049,8938,0,0,0,0,0
2020-04-10,Mono,051,14174,29,20,0,20,1
2020-04-10,Monterey,053,433212,142,78,0,78,3
2020-04-10,Napa,055,140530,50,28,0,28,2
2020-04-10,Nevada,057,99092,37,23,1,24,1
2020-04-10,Orange,059,3164182,1883,1167,18,1185,21
2020-04-10,Placer,061,380077,145,112,0,112,4
2020-04-10,Plumas,063,18699,4,3,0,3,0
2020-04-10,Riverside,065,2383286,2608,1162,13,1175,30
2020-04-10,Sacramento,067,1510023,900,642,0,642,24
2020-04-10,San Benito,069,59416,36,32,0,32,2
2020-04-10,San Bernardino,071,2135413,1353,779,0,779,27
2020-04-10,San Diego,073,3302833,2318,1695,0,1695,44
2020-04-10,San Francisco,075,870044,1139,797,0,797,10
2020-04-10,San Joaquin,077,732212,403,234,3,237,14
2020-04-10,San Luis Obispo,079,281455,166,97,1,98,1
2020-04-10,San Mateo,081,765935,919,642,2,644,24
2020-04-10,Santa Barbara,083,443738,346,254,1,255,2
2020-04-10,Santa Clara,085,1922200,1943,1351,5,1356,50
2020-04-10,Santa Cruz,087,273765,101,75,0,75,1
2020-04-10,Shasta,089,179085,30,24,0,24,3
2020-04-10,Sierra,091,2930,0,0,0,0,0
2020-04-10,Siskiyou,093,43540,5,5,0,5,0
2020-04-10,Solano,095,438530,197,129,0,129,2
2020-04-10,Sonoma,097,501317,180,129,0,129,1
2020-04-10,Stanislaus,099,539301,231,101,3,104,0
2020-04-10,Sutter,101,95872,23,18,0,18,2
2020-04-10,Tehama,103,63373,1,1,0,1,0
2020-04-10,Trinity,105,12862,0,0,0,0,0
2020-04-10,Tulare,107,460477,424,163,5,168,10
2020-04-10,Tuolumne,109,53932,3,0,0,0,0
2020-04-10,Ventura,111,848112,454,290,0,290,9
2020-04-10,Yolo,113,214977,133,62,0,62,3
2020-04-10,Yuba,115,75493,14,13,0,13,1
2020-04-09,Alameda,001,1643700,1069,641,1,642,17
2020-04-09,Alpine,003,1148,1,1,0,1,0
2020-04-09,Amador,005,37829,7,2,0,2,0
2020-04-09,Butte,007,227075,19,12,1,13,0
2020-04-09,Calaveras,009,45235,10,5,0,5,0
2020-04-09,Colusa,011,21464,3,3,0,3,0
2020-04-09,Contra Costa,013,1133247,703,505,0,505,7
2020-04-09,Del Norte,015,27424,2,2,0,2,0
2020-04-09,El Dorado,017,186661,47,25,0,25,0
2020-04-09,Fresno,019,978130,428,165,4,169,3
2020-04-09,Glenn,021,27897,4,2,0,2,0
2020-04-09,Humboldt,023,135768,57,36,0,36,0
2020-04-09,Imperial,025,180216,158,67,0,67,2
2020-04-09,Inyo,027,18085,12,11,0,11,0
2020-04-09,Kern,029,883053,591,241,0,241,2
2020-04-09,Kings,031,150075,43,5,1,6,0
2020-04-09,Lake,033,64148,5,1,0,1,0
2020-04-09,Lassen,035,31185,3,0,2,2,0
2020-04-09,Los Angeles,037,10098052,13028,7919,12,7931,220
2020-04-09,Madera,039,155013,63,28,1,29,2
2020-04-09,Marin,041,260295,171,126,1,127,7
2020-04-09,Mariposa,043,17540,0,0,0,0,0
2020-04-09,Mendocino,045,87422,5,4,0,4,0
2020-04-09,Merced,047,269075,97,41,0,41,3
2020-04-09,Modoc,049,8938,0,0,0,0,0
2020-04-09,Mono,051,14174,29,19,0,19,1
2020-04-09,Monterey,053,433212,124,70,0,70,3
2020-04-09,Napa,055,140530,46,27,0,27,2
2020-04-09,Nevada,057,99092,36,23,1,24,1
2020-04-09,Orange,059,3164182,1809,1105,18,1123,19
2020-04-09,Placer,061,380077,144,107,0,107,4
2020-04-09,Plumas,063,18699,4,3,0,3,0
2020-04-09,Riverside,065,2383286,2465,1083,13,1096,29
2020-04-09,Sacramento,067,1510023,877,601,0,601,21
2020-04-09,San Benito,069,59416,36,32,0,32,2
2020-04-09,San Bernardino,071,2135413,1284,717,0,717,27
2020-04-09,San Diego,073,3302833,2222,1630,0,1630,40
2020-04-09,San Francisco,075,870044,1119,748,0,748,8
2020-04-09,San Joaquin,077,732212,382,223,3,226,14
2020-04-09,San Luis Obispo,079,281455,158,93,1,94,1
2020-04-09,San Mateo,081,765935,903,630,2,632,23
2020-04-09,Santa Barbara,083,443738,336,232,1,233,2
2020-04-09,Santa Clara,085,1922200,1873,1301,5,1306,49
2020-04-09,Santa Cruz,087,273765,101,73,0,73,1
2020-04-09,Shasta,089,179085,30,22,0,22,3
2020-04-09,Sierra,091,2930,0,0,0,0,0
2020-04-09,Siskiyou,093,43540,5,4,0,4,0
2020-04-09,Solano,095,438530,188,118,0,118,2
2020-04-09,Sonoma,097,501317,176,113,0,113,1
2020-04-09,Stanislaus,099,539301,219,93,3,96,0
2020-04-09,Sutter,101,95872,23,17,0,17,2
2020-04-09,Tehama,103,63373,1,1,0,1,0
2020-04-09,Trinity,105,12862,0,0,0,0,0
2020-04-09,Tulare,107,460477,395,147,5,152,9
2020-04-09,Tuolumne,109,53932,3,0,0,0,0
2020-04-09,Ventura,111,848112,435,273,0,273,9
2020-04-09,Yolo,113,214977,124,59,0,59,3
2020-04-09,Yuba,115,75493,14,13,0,13,0
2020-04-08,Alameda,001,1643700,1027,594,1,595,15
2020-04-08,Alpine,003,1148,1,1,0,1,0
2020-04-08,Amador,005,37829,7,2,0,2,0
2020-04-08,Butte,007,227075,18,11,1,12,0
2020-04-08,Calaveras,009,45235,10,5,0,5,0
2020-04-08,Colusa,011,21464,3,3,0,3,0
2020-04-08,Contra Costa,013,1133247,690,481,0,481,7
2020-04-08,Del Norte,015,27424,2,2,0,2,0
2020-04-08,El Dorado,017,186661,47,25,0,25,0
2020-04-08,Fresno,019,978130,408,151,4,155,3
2020-04-08,Glenn,021,27897,4,2,0,2,0
2020-04-08,Humboldt,023,135768,57,40,0,40,0
2020-04-08,Imperial,025,180216,147,59,0,59,2
2020-04-08,Inyo,027,18085,12,11,0,11,0
2020-04-08,Kern,029,883053,550,198,0,198,2
2020-04-08,Kings,031,150075,43,5,1,6,0
2020-04-08,Lake,033,64148,5,1,0,1,0
2020-04-08,Lassen,035,31185,3,0,2,2,0
2020-04-08,Los Angeles,037,10098052,12427,7505,12,7517,196
2020-04-08,Madera,039,155013,62,28,1,29,2
2020-04-08,Marin,041,260295,165,125,1,126,7
2020-04-08,Mariposa,043,17540,0,0,0,0,0
2020-04-08,Mendocino,045,87422,5,4,0,4,0
2020-04-08,Merced,047,269075,82,35,0,35,1
2020-04-08,Modoc,049,8938,0,0,0,0,0
2020-04-08,Mono,051,14174,29,19,0,19,1
2020-04-08,Monterey,053,433212,115,68,0,68,3
2020-04-08,Napa,055,140530,44,21,0,21,2
2020-04-08,Nevada,057,99092,36,21,1,22,1
2020-04-08,Orange,059,3164182,1746,1034,18,1052,19
2020-04-08,Placer,061,380077,144,102,0,102,4
2020-04-08,Plumas,063,18699,4,3,0,3,0
2020-04-08,Riverside,065,2383286,2308,974,13,987,28
2020-04-08,Sacramento,067,1510023,843,565,0,565,21
2020-04-08,San Benito,069,59416,36,31,0,31,2
2020-04-08,San Bernardino,071,2135413,1227,635,0,635,22
2020-04-08,San Diego,073,3302833,2148,1532,0,1532,36
2020-04-08,San Francisco,075,870044,1052,687,0,687,7
2020-04-08,San Joaquin,077,732212,365,211,3,214,12
2020-04-08,San Luis Obispo,079,281455,156,90,1,91,1
2020-04-08,San Mateo,081,765935,888,608,2,610,22
2020-04-08,Santa Barbara,083,443738,319,221,1,222,2
2020-04-08,Santa Clara,085,1922200,1828,1257,5,1262,47
2020-04-08,Santa Cruz,087,273765,100,69,0,69,1
2020-04-08,Shasta,089,179085,30,18,0,18,3
2020-04-08,Sierra,091,2930,0,0,0,0,0
2020-04-08,Siskiyou,093,43540,5,4,0,4,0
2020-04-08,Solano,095,438530,175,111,0,111,2
2020-04-08,Sonoma,097,501317,170,107,0,107,1
2020-04-08,Stanislaus,099,539301,203,86,3,89,0
2020-04-08,Sutter,101,95872,22,17,0,17,2
2020-04-08,Tehama,103,63373,1,1,0,1,0
2020-04-08,Trinity,105,12862,0,0,0,0,0
2020-04-08,Tulare,107,460477,364,145,5,150,6
2020-04-08,Tuolumne,109,53932,3,0,0,0,0
2020-04-08,Ventura,111,848112,426,263,0,263,7
2020-04-08,Yolo,113,214977,107,56,0,56,3
2020-04-08,Yuba,115,75493,14,10,0,10,0
2020-04-07,Alameda,001,1643700,992,560,1,561,14
2020-04-07,Alpine,003,1148,1,1,0,1,0
2020-04-07,Amador,005,37829,7,2,0,2,0
2020-04-07,Butte,007,227075,17,11,1,12,0
2020-04-07,Calaveras,009,45235,9,5,0,5,0
2020-04-07,Colusa,011,21464,3,2,0,2,0
2020-04-07,Contra Costa,013,1133247,670,471,0,471,7
2020-04-07,Del Norte,015,27424,2,2,0,2,0
2020-04-07,El Dorado,017,186661,46,22,0,22,0
2020-04-07,Fresno,019,978130,393,138,4,142,3
2020-04-07,Glenn,021,27897,4,2,0,2,0
2020-04-07,Humboldt,023,135768,56,40,0,40,0
2020-04-07,Imperial,025,180216,128,53,0,53,2
2020-04-07,Inyo,027,18085,12,11,0,11,0
2020-04-07,Kern,029,883053,507,134,0,134,2
2020-04-07,Kings,031,150075,40,5,1,6,0
2020-04-07,Lake,033,64148,4,1,0,1,0
2020-04-07,Lassen,035,31185,3,0,2,2,0
2020-04-07,Los Angeles,037,10098052,11777,6885,12,6897,170
2020-04-07,Madera,039,155013,60,28,0,28,2
2020-04-07,Marin,041,260295,163,122,1,123,7
2020-04-07,Mariposa,043,17540,0,0,0,0,0
2020-04-07,Mendocino,045,87422,5,4,0,4,0
2020-04-07,Merced,047,269075,67,27,0,27,1
2020-04-07,Modoc,049,8938,0,0,0,0,0
2020-04-07,Mono,051,14174,28,18,0,18,1
2020-04-07,Monterey,053,433212,106,63,0,63,2
2020-04-07,Napa,055,140530,42,18,0,18,2
2020-04-07,Nevada,057,99092,36,20,1,21,1
2020-04-07,Orange,059,3164182,1699,971,16,987,19
2020-04-07,Placer,061,380077,139,94,0,94,3
2020-04-07,Plumas,063,18699,4,3,0,3,0
2020-04-07,Riverside,065,2383286,2151,905,13,918,25
2020-04-07,Sacramento,067,1510023,813,513,0,513,18
2020-04-07,San Benito,069,59416,36,26,0,26,2
2020-04-07,San Bernardino,071,2135413,1160,554,0,554,19
2020-04-07,San Diego,073,3302833,2071,1456,0,1456,31
2020-04-07,San Francisco,075,870044,992,636,0,636,6
2020-04-07,San Joaquin,077,732212,347,198,3,201,12
2020-04-07,San Luis Obispo,079,281455,149,87,1,88,1
2020-04-07,San Mateo,081,765935,867,573,2,575,22
2020-04-07,Santa Barbara,083,443738,305,209,1,210,2
2020-04-07,Santa Clara,085,1922200,1759,1193,4,1197,46
2020-04-07,Santa Cruz,087,273765,100,67,0,67,1
2020-04-07,Shasta,089,179085,29,16,0,16,3
2020-04-07,Sierra,091,2930,0,0,0,0,0
2020-04-07,Siskiyou,093,43540,5,4,0,4,0
2020-04-07,Solano,095,438530,170,99,0,99,1
2020-04-07,Sonoma,097,501317,167,102,0,102,1
2020-04-07,Stanislaus,099,539301,186,83,3,86,0
2020-04-07,Sutter,101,95872,22,16,0,16,2
2020-04-07,Tehama,103,63373,1,1,0,1,0
2020-04-07,Trinity,105,12862,0,0,0,0,0
2020-04-07,Tulare,107,460477,335,144,5,149,5
2020-04-07,Tuolumne,109,53932,3,1,0,1,0
2020-04-07,Ventura,111,848112,409,247,0,247,6
2020-04-07,Yolo,113,214977,100,51,0,51,2
2020-04-07,Yuba,115,75493,14,10,0,10,0
2020-04-06,Alameda,001,1643700,961,527,1,528,13
2020-04-06,Alpine,003,1148,1,1,0,1,0
2020-04-06,Amador,005,37829,6,2,0,2,0
2020-04-06,Butte,007,227075,16,11,1,12,0
2020-04-06,Calaveras,009,45235,9,4,0,4,0
2020-04-06,Colusa,011,21464,3,1,0,1,0
2020-04-06,Contra Costa,013,1133247,645,447,0,447,7
2020-04-06,Del Norte,015,27424,2,2,0,2,0
2020-04-06,El Dorado,017,186661,44,23,0,23,0
2020-04-06,Fresno,019,978130,371,122,4,126,1
2020-04-06,Glenn,021,27897,4,2,0,2,0
2020-04-06,Humboldt,023,135768,55,37,0,37,0
2020-04-06,Imperial,025,180216,121,47,0,47,1
2020-04-06,Inyo,027,18085,11,11,0,11,0
2020-04-06,Kern,029,883053,470,117,0,117,2
2020-04-06,Kings,031,150075,40,3,1,4,0
2020-04-06,Lake,033,64148,4,1,0,1,0
2020-04-06,Lassen,035,31185,3,0,2,2,0
2020-04-06,Los Angeles,037,10098052,11045,6346,12,6358,145
2020-04-06,Madera,039,155013,58,29,0,29,2
2020-04-06,Marin,041,260295,160,119,1,120,7
2020-04-06,Mariposa,043,17540,0,0,0,0,0
2020-04-06,Mendocino,045,87422,5,4,0,4,0
2020-04-06,Merced,047,269075,60,25,0,25,1
2020-04-06,Modoc,049,8938,0,0,0,0,0
2020-04-06,Mono,051,14174,28,18,0,18,1
2020-04-06,Monterey,053,433212,101,62,0,62,2
2020-04-06,Napa,055,140530,42,18,0,18,2
2020-04-06,Nevada,057,99092,36,19,1,20,1
2020-04-06,Orange,059,3164182,1655,910,15,925,17
2020-04-06,Placer,061,380077,139,90,0,90,3
2020-04-06,Plumas,063,18699,4,2,0,2,0
2020-04-06,Riverside,065,2383286,2025,854,13,867,17
2020-04-06,Sacramento,067,1510023,783,448,0,448,15
2020-04-06,San Benito,069,59416,34,25,0,25,1
2020-04-06,San Bernardino,071,2135413,1101,550,0,550,13
2020-04-06,San Diego,073,3302833,1989,1406,0,1406,19
2020-04-06,San Francisco,075,870044,952,586,0,586,6
2020-04-06,San Joaquin,077,732212,332,191,3,194,10
2020-04-06,San Luis Obispo,079,281455,147,85,1,86,1
2020-04-06,San Mateo,081,765935,849,569,2,571,20
2020-04-06,Santa Barbara,083,443738,296,189,1,190,2
2020-04-06,Santa Clara,085,1922200,1706,1128,4,1132,43
2020-04-06,Santa Cruz,087,273765,98,65,0,65,1
2020-04-06,Shasta,089,179085,29,16,0,16,3
2020-04-06,Sierra,091,2930,0,0,0,0,0
2020-04-06,Siskiyou,093,43540,4,4,0,4,0
2020-04-06,Solano,095,438530,163,95,0,95,1
2020-04-06,Sonoma,097,501317,166,102,0,102,1
2020-04-06,Stanislaus,099,539301,170,72,3,75,0
2020-04-06,Sutter,101,95872,22,14,0,14,2
2020-04-06,Tehama,103,63373,1,1,0,1,0
2020-04-06,Trinity,105,12862,0,0,0,0,0
2020-04-06,Tulare,107,460477,319,126,5,131,5
2020-04-06,Tuolumne,109,53932,3,1,0,1,0
2020-04-06,Ventura,111,848112,391,234,0,234,6
2020-04-06,Yolo,113,214977,96,43,0,43,1
2020-04-06,Yuba,115,75493,14,8,0,8,0
2020-04-05,Alameda,001,1643700,919,475,1,476,12
2020-04-05,Alpine,003,1148,1,1,0,1,0
2020-04-05,Amador,005,37829,6,2,0,2,0
2020-04-05,Butte,007,227075,16,10,1,11,0
2020-04-05,Calaveras,009,45235,9,3,0,3,0
2020-04-05,Colusa,011,21464,3,1,0,1,0
2020-04-05,Contra Costa,013,1133247,628,415,0,415,6
2020-04-05,Del Norte,015,27424,2,1,0,1,0
2020-04-05,El Dorado,017,186661,42,19,0,19,0
2020-04-05,Fresno,019,978130,337,102,4,106,1
2020-04-05,Glenn,021,27897,4,2,0,2,0
2020-04-05,Humboldt,023,135768,55,29,0,29,0
2020-04-05,Imperial,025,180216,113,42,0,42,1
2020-04-05,Inyo,027,18085,11,10,0,10,0
2020-04-05,Kern,029,883053,415,109,0,109,2
2020-04-05,Kings,031,150075,39,4,1,5,0
2020-04-05,Lake,033,64148,4,0,0,0,0
2020-04-05,Lassen,035,31185,3,0,2,2,0
2020-04-05,Los Angeles,037,10098052,10474,5892,12,5904,130
2020-04-05,Madera,039,155013,57,27,0,27,2
2020-04-05,Marin,041,260295,160,113,1,114,6
2020-04-05,Mariposa,043,17540,0,0,0,0,0
2020-04-05,Mendocino,045,87422,5,4,0,4,0
2020-04-05,Merced,047,269075,53,16,0,16,0
2020-04-05,Modoc,049,8938,0,0,0,0,0
2020-04-05,Mono,051,14174,28,18,0,18,1
2020-04-05,Monterey,053,433212,94,61,0,61,2
2020-04-05,Napa,055,140530,40,15,0,15,2
2020-04-05,Nevada,057,99092,36,19,1,20,1
2020-04-05,Orange,059,3164182,1599,820,15,835,15
2020-04-05,Placer,061,380077,136,86,0,86,3
2020-04-05,Plumas,063,18699,3,2,0,2,0
2020-04-05,Riverside,065,2383286,1896,669,13,682,17
2020-04-05,Sacramento,067,1510023,752,393,0,393,11
2020-04-05,San Benito,069,59416,34,22,0,22,1
2020-04-05,San Bernardino,071,2135413,1028,375,0,375,13
2020-04-05,San Diego,073,3302833,1907,1328,0,1328,19
2020-04-05,San Francisco,075,870044,905,559,0,559,6
2020-04-05,San Joaquin,077,732212,317,179,3,182,10
2020-04-05,San Luis Obispo,079,281455,145,83,1,84,1
2020-04-05,San Mateo,081,765935,829,528,2,530,19
2020-04-05,Santa Barbara,083,443738,280,171,1,172,1
2020-04-05,Santa Clara,085,1922200,1659,1052,4,1056,42
2020-04-05,Santa Cruz,087,273765,98,59,0,59,1
2020-04-05,Shasta,089,179085,28,11,0,11,2
2020-04-05,Sierra,091,2930,0,0,0,0,0
2020-04-05,Siskiyou,093,43540,4,3,0,3,0
2020-04-05,Solano,095,438530,159,78,0,78,1
2020-04-05,Sonoma,097,501317,164,88,0,88,1
2020-04-05,Stanislaus,099,539301,156,51,3,54,0
2020-04-05,Sutter,101,95872,22,14,0,14,1
2020-04-05,Tehama,103,63373,1,1,0,1,0
2020-04-05,Trinity,105,12862,0,0,0,0,0
2020-04-05,Tulare,107,460477,282,81,5,86,4
2020-04-05,Tuolumne,109,53932,3,1,0,1,0
2020-04-05,Ventura,111,848112,377,196,0,196,6
2020-04-05,Yolo,113,214977,77,37,0,37,2
2020-04-05,Yuba,115,75493,14,7,0,7,0
2020-04-04,Alameda,001,1643700,896,468,1,469,12
2020-04-04,Alpine,003,1148,1,1,0,1,0
2020-04-04,Amador,005,37829,5,2,0,2,0
2020-04-04,Butte,007,227075,16,10,1,11,0
2020-04-04,Calaveras,009,45235,9,3,0,3,0
2020-04-04,Colusa,011,21464,3,1,0,1,0
2020-04-04,Contra Costa,013,1133247,620,382,0,382,5
2020-04-04,Del Norte,015,27424,2,1,0,1,0
2020-04-04,El Dorado,017,186661,42,19,0,19,0
2020-04-04,Fresno,019,978130,327,102,4,106,1
2020-04-04,Glenn,021,27897,4,2,0,2,0
2020-04-04,Humboldt,023,135768,55,29,0,29,0
2020-04-04,Imperial,025,180216,112,42,0,42,1
2020-04-04,Inyo,027,18085,11,10,0,10,0
2020-04-04,Kern,029,883053,385,103,0,103,2
2020-04-04,Kings,031,150075,39,3,1,4,0
2020-04-04,Lake,033,64148,4,0,0,0,0
2020-04-04,Lassen,035,31185,3,0,2,2,0
2020-04-04,Los Angeles,037,10098052,9860,5275,12,5287,117
2020-04-04,Madera,039,155013,55,27,0,27,2
2020-04-04,Marin,041,260295,158,111,0,111,6
2020-04-04,Mariposa,043,17540,0,0,0,0,0
2020-04-04,Mendocino,045,87422,5,4,0,4,0
2020-04-04,Merced,047,269075,49,11,0,11,0
2020-04-04,Modoc,049,8938,0,0,0,0,0
2020-04-04,Mono,051,14174,28,18,0,18,1
2020-04-04,Monterey,053,433212,91,61,0,61,2
2020-04-04,Napa,055,140530,40,15,0,15,2
2020-04-04,Nevada,057,99092,36,19,1,20,1
2020-04-04,Orange,059,3164182,1557,781,14,795,15
2020-04-04,Placer,061,380077,135,87,0,87,2
2020-04-04,Plumas,063,18699,3,2,0,2,0
2020-04-04,Riverside,065,2383286,1795,652,13,665,15
2020-04-04,Sacramento,067,1510023,734,393,0,393,11
2020-04-04,San Benito,069,59416,34,22,0,22,1
2020-04-04,San Bernardino,071,2135413,980,373,0,373,13
2020-04-04,San Diego,073,3302833,1859,1211,0,1211,18
2020-04-04,San Francisco,075,870044,867,537,0,537,6
2020-04-04,San Joaquin,077,732212,294,171,3,174,10
2020-04-04,San Luis Obispo,079,281455,145,82,1,83,0
2020-04-04,San Mateo,081,765935,817,520,2,522,17
2020-04-04,Santa Barbara,083,443738,271,167,1,168,1
2020-04-04,Santa Clara,085,1922200,1607,1045,4,1049,39
2020-04-04,Santa Cruz,087,273765,98,56,0,56,1
2020-04-04,Shasta,089,179085,27,11,0,11,2
2020-04-04,Sierra,091,2930,0,0,0,0,0
2020-04-04,Siskiyou,093,43540,4,3,0,3,0
2020-04-04,Solano,095,438530,154,79,0,79,1
2020-04-04,Sonoma,097,501317,161,88,0,88,1
2020-04-04,Stanislaus,099,539301,145,51,3,54,0
2020-04-04,Sutter,101,95872,22,14,0,14,1
2020-04-04,Tehama,103,63373,1,1,0,1,0
2020-04-04,Trinity,105,12862,0,0,0,0,0
2020-04-04,Tulare,107,460477,268,79,5,84,4
2020-04-04,Tuolumne,109,53932,3,1,0,1,0
2020-04-04,Ventura,111,848112,364,194,0,194,6
2020-04-04,Yolo,113,214977,75,40,0,40,2
2020-04-04,Yuba,115,75493,13,7,0,7,0
2020-04-03,Alameda,001,1643700,860,395,1,396,11
2020-04-03,Alpine,003,1148,1,1,0,1,0
2020-04-03,Amador,005,37829,5,2,0,2,0
2020-04-03,Butte,007,227075,16,8,1,9,0
2020-04-03,Calaveras,009,45235,9,3,0,3,0
2020-04-03,Colusa,011,21464,3,1,0,1,0
2020-04-03,Contra Costa,013,1133247,597,327,0,327,5
2020-04-03,Del Norte,015,27424,2,1,0,1,0
2020-04-03,El Dorado,017,186661,40,16,0,16,0
2020-04-03,Fresno,019,978130,315,98,4,102,1
2020-04-03,Glenn,021,27897,4,2,0,2,0
2020-04-03,Humboldt,023,135768,55,34,0,34,0
2020-04-03,Imperial,025,180216,103,35,0,35,0
2020-04-03,Inyo,027,18085,11,10,0,10,0
2020-04-03,Kern,029,883053,359,87,0,87,1
2020-04-03,Kings,031,150075,37,3,1,4,0
2020-04-03,Lake,033,64148,3,0,0,0,0
2020-04-03,Lassen,035,31185,3,0,2,2,0
2020-04-03,Los Angeles,037,10098052,9246,4566,12,4578,91
2020-04-03,Madera,039,155013,54,28,0,28,2
2020-04-03,Marin,041,260295,156,106,0,106,6
2020-04-03,Mariposa,043,17540,0,0,0,0,0
2020-04-03,Mendocino,045,87422,5,4,0,4,0
2020-04-03,Merced,047,269075,46,9,0,9,0
2020-04-03,Modoc,049,8938,0,0,0,0,0
2020-04-03,Mono,051,14174,28,18,0,18,1
2020-04-03,Monterey,053,433212,88,58,0,58,2
2020-04-03,Napa,055,140530,39,13,0,13,1
2020-04-03,Nevada,057,99092,36,19,1,20,1
2020-04-03,Orange,059,3164182,1518,713,14,727,13
2020-04-03,Placer,061,380077,131,76,0,76,2
2020-04-03,Plumas,063,18699,3,2,0,2,0
2020-04-03,Riverside,065,2383286,1715,540,13,553,14
2020-04-03,Sacramento,067,1510023,713,363,0,363,11
2020-04-03,San Benito,069,59416,34,22,0,22,1
2020-04-03,San Bernardino,071,2135413,935,356,0,356,11
2020-04-03,San Diego,073,3302833,1798,1114,0,1114,17
2020-04-03,San Francisco,075,870044,843,506,0,506,6
2020-04-03,San Joaquin,077,732212,282,162,3,165,10
2020-04-03,San Luis Obispo,079,281455,144,82,1,83,0
2020-04-03,San Mateo,081,765935,800,474,2,476,13
2020-04-03,Santa Barbara,083,443738,260,154,1,155,1
2020-04-03,Santa Clara,085,1922200,1571,983,4,987,39
2020-04-03,Santa Cruz,087,273765,98,52,0,52,1
2020-04-03,Shasta,089,179085,27,10,0,10,1
2020-04-03,Sierra,091,2930,0,0,0,0,0
2020-04-03,Siskiyou,093,43540,4,3,0,3,0
2020-04-03,Solano,095,438530,146,72,0,72,1
2020-04-03,Sonoma,097,501317,161,84,0,84,1
2020-04-03,Stanislaus,099,539301,139,48,3,51,0
2020-04-03,Sutter,101,95872,22,12,0,12,1
2020-04-03,Tehama,103,63373,1,1,0,1,0
2020-04-03,Trinity,105,12862,0,0,0,0,0
2020-04-03,Tulare,107,460477,254,73,5,78,3
2020-04-03,Tuolumne,109,53932,3,1,0,1,0
2020-04-03,Ventura,111,848112,354,186,0,186,6
2020-04-03,Yolo,113,214977,74,33,0,33,1
2020-04-03,Yuba,115,75493,13,6,0,6,0
2020-04-02,Alameda,001,1643700,809,345,1,346,10
2020-04-02,Alpine,003,1148,1,1,0,1,0
2020-04-02,Amador,005,37829,5,2,0,2,0
2020-04-02,Butte,007,227075,16,7,0,7,0
2020-04-02,Calaveras,009,45235,7,3,0,3,0
2020-04-02,Colusa,011,21464,3,1,0,1,0
2020-04-02,Contra Costa,013,1133247,567,297,0,297,3
2020-04-02,Del Norte,015,27424,2,0,0,0,0
2020-04-02,El Dorado,017,186661,38,16,0,16,0
2020-04-02,Fresno,019,978130,299,92,4,96,0
2020-04-02,Glenn,021,27897,3,2,0,2,0
2020-04-02,Humboldt,023,135768,51,23,0,23,0
2020-04-02,Imperial,025,180216,99,24,0,24,0
2020-04-02,Inyo,027,18085,10,8,0,8,0
2020-04-02,Kern,029,883053,332,74,0,74,0
2020-04-02,Kings,031,150075,37,3,1,4,0
2020-04-02,Lake,033,64148,3,0,0,0,0
2020-04-02,Lassen,035,31185,3,0,2,2,0
2020-04-02,Los Angeles,037,10098052,8415,4040,12,4052,79
2020-04-02,Madera,039,155013,52,25,0,25,1
2020-04-02,Marin,041,260295,150,102,0,102,1
2020-04-02,Mariposa,043,17540,0,0,0,0,0
2020-04-02,Mendocino,045,87422,5,4,0,4,0
2020-04-02,Merced,047,269075,41,9,0,9,0
2020-04-02,Modoc,049,8938,0,0,0,0,0
2020-04-02,Mono,051,14174,28,16,0,16,1
2020-04-02,Monterey,053,433212,86,50,0,50,2
2020-04-02,Napa,055,140530,39,13,0,13,0
2020-04-02,Nevada,057,99092,35,17,1,18,0
2020-04-02,Orange,059,3164182,1466,640,13,653,12
2020-04-02,Placer,061,380077,130,72,0,72,2
2020-04-02,Plumas,063,18699,3,1,0,1,0
2020-04-02,Riverside,065,2383286,1598,438,13,451,13
2020-04-02,Sacramento,067,1510023,695,322,0,322,9
2020-04-02,San Benito,069,59416,32,18,0,18,1
2020-04-02,San Bernardino,071,2135413,880,335,0,335,8
2020-04-02,San Diego,073,3302833,1731,968,0,968,16
2020-04-02,San Francisco,075,870044,817,473,0,473,6
2020-04-02,San Joaquin,077,732212,263,148,3,151,9
2020-04-02,San Luis Obispo,079,281455,139,79,1,80,0
2020-04-02,San Mateo,081,765935,779,423,2,425,13
2020-04-02,Santa Barbara,083,443738,249,125,1,126,1
2020-04-02,Santa Clara,085,1922200,1520,908,4,912,38
2020-04-02,Santa Cruz,087,273765,96,49,0,49,1
2020-04-02,Shasta,089,179085,26,7,0,7,1
2020-04-02,Sierra,091,2930,0,0,0,0,0
2020-04-02,Siskiyou,093,43540,4,3,0,3,0
2020-04-02,Solano,095,438530,136,65,0,65,0
2020-04-02,Sonoma,097,501317,157,76,0,76,1
2020-04-02,Stanislaus,099,539301,128,40,3,43,0
2020-04-02,Sutter,101,95872,21,10,0,10,1
2020-04-02,Tehama,103,63373,1,1,0,1,0
2020-04-02,Trinity,105,12862,0,0,0,0,0
2020-04-02,Tulare,107,460477,220,64,5,69,1
2020-04-02,Tuolumne,109,53932,3,1,0,1,0
2020-04-02,Ventura,111,848112,336,178,0,178,5
2020-04-02,Yolo,113,214977,72,29,0,29,1
2020-04-02,Yuba,115,75493,10,5,0,5,0
2020-04-01,Alameda,001,1643700,782,287,1,288,8
2020-04-01,Alpine,003,1148,1,1,0,1,0
2020-04-01,Amador,005,37829,5,1,0,1,0
2020-04-01,Butte,007,227075,16,6,0,6,0
2020-04-01,Calaveras,009,45235,6,3,0,3,0
2020-04-01,Colusa,011,21464,3,1,0,1,0
2020-04-01,Contra Costa,013,1133247,524,267,0,267,3
2020-04-01,Del Norte,015,27424,2,0,0,0,0
2020-04-01,El Dorado,017,186661,37,14,0,14,0
2020-04-01,Fresno,019,978130,277,75,3,78,0
2020-04-01,Glenn,021,27897,3,2,0,2,0
2020-04-01,Humboldt,023,135768,51,19,0,19,0
2020-04-01,Imperial,025,180216,93,25,0,25,0
2020-04-01,Inyo,027,18085,10,8,0,8,0
2020-04-01,Kern,029,883053,305,53,0,53,0
2020-04-01,Kings,031,150075,35,3,1,4,0
2020-04-01,Lake,033,64148,3,0,0,0,0
2020-04-01,Lassen,035,31185,3,0,2,2,0
2020-04-01,Los Angeles,037,10098052,7765,3502,12,3514,66
2020-04-01,Madera,039,155013,50,17,0,17,1
2020-04-01,Marin,041,260295,146,87,0,87,1
2020-04-01,Mariposa,043,17540,0,0,0,0,0
2020-04-01,Mendocino,045,87422,5,4,0,4,0
2020-04-01,Merced,047,269075,38,7,0,7,0
2020-04-01,Modoc,049,8938,0,0,0,0,0
2020-04-01,Mono,051,14174,28,12,0,12,1
2020-04-01,Monterey,053,433212,85,47,0,47,2
2020-04-01,Napa,055,140530,36,11,0,11,0
2020-04-01,Nevada,057,99092,35,15,1,16,0
2020-04-01,Orange,059,3164182,1414,579,13,592,11
2020-04-01,Placer,061,380077,128,52,0,52,2
2020-04-01,Plumas,063,18699,3,1,0,1,0
2020-04-01,Riverside,065,2383286,1430,306,12,318,11
2020-04-01,Sacramento,067,1510023,662,299,0,299,8
2020-04-01,San Benito,069,59416,29,14,0,14,1
2020-04-01,San Bernardino,071,2135413,831,245,0,245,5
2020-04-01,San Diego,073,3302833,1661,851,0,851,11
2020-04-01,San Francisco,075,870044,789,432,0,432,6
2020-04-01,San Joaquin,077,732212,251,132,3,135,8
2020-04-01,San Luis Obispo,079,281455,133,69,1,70,0
2020-04-01,San Mateo,081,765935,761,354,2,356,13
2020-04-01,Santa Barbara,083,443738,236,103,1,104,0
2020-04-01,Santa Clara,085,1922200,1478,805,4,809,33
2020-04-01,Santa Cruz,087,273765,91,44,0,44,1
2020-04-01,Shasta,089,179085,25,5,0,5,1
2020-04-01,Sierra,091,2930,0,0,0,0,0
2020-04-01,Siskiyou,093,43540,4,3,0,3,0
2020-04-01,Solano,095,438530,131,57,0,57,0
2020-04-01,Sonoma,097,501317,153,60,0,60,1
2020-04-01,Stanislaus,099,539301,117,29,3,32,0
2020-04-01,Sutter,101,95872,21,9,0,9,1
2020-04-01,Tehama,103,63373,1,0,0,0,0
2020-04-01,Trinity,105,12862,0,0,0,0,0
2020-04-01,Tulare,107,460477,182,43,5,48,1
2020-04-01,Tuolumne,109,53932,3,1,0,1,0
2020-04-01,Ventura,111,848112,323,154,0,154,5
2020-04-01,Yolo,113,214977,67,22,0,22,1
2020-04-01,Yuba,115,75493,9,5,0,5,0
2020-03-31,Alameda,001,1643700,716,269,1,270,7
2020-03-31,Alpine,003,1148,1,1,0,1,0
2020-03-31,Amador,005,37829,5,1,0,1,0
2020-03-31,Butte,007,227075,16,6,0,6,0
2020-03-31,Calaveras,009,45235,6,3,0,3,0
2020-03-31,Colusa,011,21464,3,1,0,1,0
2020-03-31,Contra Costa,013,1133247,499,246,0,246,3
2020-03-31,Del Norte,015,27424,1,0,0,0,0
2020-03-31,El Dorado,017,186661,33,14,0,14,0
2020-03-31,Fresno,019,978130,252,59,3,62,0
2020-03-31,Glenn,021,27897,3,2,0,2,0
2020-03-31,Humboldt,023,135768,51,18,0,18,0
2020-03-31,Imperial,025,180216,88,17,0,17,0
2020-03-31,Inyo,027,18085,10,8,0,8,0
2020-03-31,Kern,029,883053,281,47,0,47,0
2020-03-31,Kings,031,150075,33,2,1,3,0
2020-03-31,Lake,033,64148,1,0,0,0,0
2020-03-31,Lassen,035,31185,3,0,2,2,0
2020-03-31,Los Angeles,037,10098052,7104,3001,12,3013,53
2020-03-31,Madera,039,155013,49,17,0,17,1
2020-03-31,Marin,041,260295,137,85,0,85,1
2020-03-31,Mariposa,043,17540,0,0,0,0,0
2020-03-31,Mendocino,045,87422,5,4,0,4,0
2020-03-31,Merced,047,269075,33,6,0,6,0
2020-03-31,Modoc,049,8938,0,0,0,0,0
2020-03-31,Mono,051,14174,26,12,0,12,0
2020-03-31,Monterey,053,433212,83,43,0,43,2
2020-03-31,Napa,055,140530,35,9,0,9,0
2020-03-31,Nevada,057,99092,35,15,1,16,0
2020-03-31,Orange,059,3164182,1344,506,13,519,7
2020-03-31,Placer,061,380077,121,49,0,49,2
2020-03-31,Plumas,063,18699,1,0,0,0,0
2020-03-31,Riverside,065,2383286,1284,284,12,296,8
2020-03-31,Sacramento,067,1510023,610,271,0,271,8
2020-03-31,San Benito,069,59416,29,14,0,14,1
2020-03-31,San Bernardino,071,2135413,746,193,0,193,5
2020-03-31,San Diego,073,3302833,1579,736,0,736,9
2020-03-31,San Francisco,075,870044,754,404,0,404,5
2020-03-31,San Joaquin,077,732212,235,122,3,125,7
2020-03-31,San Luis Obispo,079,281455,129,67,1,68,0
2020-03-31,San Mateo,081,765935,742,297,2,299,12
2020-03-31,Santa Barbara,083,443738,221,89,1,90,0
2020-03-31,Santa Clara,085,1922200,1428,777,4,781,30
2020-03-31,Santa Cruz,087,273765,84,40,0,40,1
2020-03-31,Shasta,089,179085,22,5,0,5,1
2020-03-31,Sierra,091,2930,0,0,0,0,0
2020-03-31,Siskiyou,093,43540,4,3,0,3,0
2020-03-31,Solano,095,438530,117,56,0,56,0
2020-03-31,Sonoma,097,501317,148,58,0,58,1
2020-03-31,Stanislaus,099,539301,102,28,3,31,0
2020-03-31,Sutter,101,95872,21,8,0,8,0
2020-03-31,Tehama,103,63373,1,0,0,0,0
2020-03-31,Trinity,105,12862,0,0,0,0,0
2020-03-31,Tulare,107,460477,159,42,4,46,1
2020-03-31,Tuolumne,109,53932,3,1,0,1,0
2020-03-31,Ventura,111,848112,312,143,0,143,4
2020-03-31,Yolo,113,214977,60,21,0,21,1
2020-03-31,Yuba,115,75493,9,5,0,5,0
2020-03-30,Alameda,001,1643700,677,250,1,251,7
2020-03-30,Alpine,003,1148,1,1,0,1,0
2020-03-30,Amador,005,37829,5,1,0,1,0
2020-03-30,Butte,007,227075,14,5,0,5,0
2020-03-30,Calaveras,009,45235,6,3,0,3,0
2020-03-30,Colusa,011,21464,3,1,0,1,0
2020-03-30,Contra Costa,013,1133247,473,212,0,212,3
2020-03-30,Del Norte,015,27424,0,0,0,0,0
2020-03-30,El Dorado,017,186661,33,11,0,11,0
2020-03-30,Fresno,019,978130,227,46,3,49,0
2020-03-30,Glenn,021,27897,3,2,0,2,0
2020-03-30,Humboldt,023,135768,49,11,0,11,0
2020-03-30,Imperial,025,180216,85,9,0,9,0
2020-03-30,Inyo,027,18085,10,5,0,5,0
2020-03-30,Kern,029,883053,248,30,0,30,0
2020-03-30,Kings,031,150075,33,1,1,2,0
2020-03-30,Lake,033,64148,1,0,0,0,0
2020-03-30,Lassen,035,31185,3,0,1,1,0
2020-03-30,Los Angeles,037,10098052,6443,2467,12,2479,44
2020-03-30,Madera,039,155013,48,14,0,14,1
2020-03-30,Marin,041,260295,130,78,0,78,0
2020-03-30,Mariposa,043,17540,0,0,0,0,0
2020-03-30,Mendocino,045,87422,5,2,0,2,0
2020-03-30,Merced,047,269075,29,6,0,6,0
2020-03-30,Modoc,049,8938,0,0,0,0,0
2020-03-30,Mono,051,14174,26,11,0,11,0
2020-03-30,Monterey,053,433212,78,41,0,41,1
2020-03-30,Napa,055,140530,34,9,0,9,0
2020-03-30,Nevada,057,99092,34,14,1,15,0
2020-03-30,Orange,059,3164182,1279,418,13,431,5
2020-03-30,Placer,061,380077,118,44,0,44,2
2020-03-30,Plumas,063,18699,1,0,0,0,0
2020-03-30,Riverside,065,2383286,1203,204,12,216,7
2020-03-30,Sacramento,067,1510023,586,238,0,238,8
2020-03-30,San Benito,069,59416,29,11,0,11,1
2020-03-30,San Bernardino,071,2135413,702,145,0,145,4
2020-03-30,San Diego,073,3302833,1509,605,0,605,7
2020-03-30,San Francisco,075,870044,714,368,0,368,5
2020-03-30,San Joaquin,077,732212,228,112,3,115,5
2020-03-30,San Luis Obispo,079,281455,126,62,1,63,0
2020-03-30,San Mateo,081,765935,717,257,2,259,11
2020-03-30,Santa Barbara,083,443738,212,79,1,80,0
2020-03-30,Santa Clara,085,1922200,1397,745,3,748,31
2020-03-30,Santa Cruz,087,273765,81,36,0,36,1
2020-03-30,Shasta,089,179085,21,4,0,4,1
2020-03-30,Sierra,091,2930,0,0,0,0,0
2020-03-30,Siskiyou,093,43540,4,2,0,2,0
2020-03-30,Solano,095,438530,111,50,0,50,0
2020-03-30,Sonoma,097,501317,145,57,0,57,1
2020-03-30,Stanislaus,099,539301,95,28,3,31,0
2020-03-30,Sutter,101,95872,20,6,0,6,0
2020-03-30,Tehama,103,63373,1,0,0,0,0
2020-03-30,Trinity,105,12862,0,0,0,0,0
2020-03-30,Tulare,107,460477,147,40,3,43,1
2020-03-30,Tuolumne,109,53932,3,1,0,1,0
2020-03-30,Ventura,111,848112,301,118,0,118,2
2020-03-30,Yolo,113,214977,57,17,0,17,1
2020-03-30,Yuba,115,75493,8,5,0,5,0
2020-03-29,Alameda,001,1643700,643,207,1,208,6
2020-03-29,Alpine,003,1148,1,0,0,0,0
2020-03-29,Amador,005,37829,5,1,0,1,0
2020-03-29,Butte,007,227075,14,4,0,4,0
2020-03-29,Calaveras,009,45235,6,2,0,2,0
2020-03-29,Colusa,011,21464,3,1,0,1,0
2020-03-29,Contra Costa,013,1133247,443,187,0,187,3
2020-03-29,Del Norte,015,27424,0,0,0,0,0
2020-03-29,El Dorado,017,186661,32,9,0,9,0
2020-03-29,Fresno,019,978130,203,31,3,34,0
2020-03-29,Glenn,021,27897,2,1,0,1,0
2020-03-29,Humboldt,023,135768,46,9,0,9,0
2020-03-29,Imperial,025,180216,79,9,0,9,0
2020-03-29,Inyo,027,18085,9,0,0,0,0
2020-03-29,Kern,029,883053,230,20,0,20,0
2020-03-29,Kings,031,150075,30,1,1,2,0
2020-03-29,Lake,033,64148,0,0,0,0,0
2020-03-29,Lassen,035,31185,3,0,1,1,0
2020-03-29,Los Angeles,037,10098052,5796,2119,11,2130,37
2020-03-29,Madera,039,155013,43,11,0,11,1
2020-03-29,Marin,041,260295,125,60,0,60,0
2020-03-29,Mariposa,043,17540,0,0,0,0,0
2020-03-29,Mendocino,045,87422,5,2,0,2,0
2020-03-29,Merced,047,269075,28,4,0,4,0
2020-03-29,Modoc,049,8938,0,0,0,0,0
2020-03-29,Mono,051,14174,26,8,0,8,0
2020-03-29,Monterey,053,433212,73,36,0,36,1
2020-03-29,Napa,055,140530,32,5,0,5,0
2020-03-29,Nevada,057,99092,32,13,1,14,0
2020-03-29,Orange,059,3164182,1206,343,13,356,2
2020-03-29,Placer,061,380077,117,35,0,35,2
2020-03-29,Plumas,063,18699,1,0,0,0,0
2020-03-29,Riverside,065,2383286,1079,122,12,134,7
2020-03-29,Sacramento,067,1510023,546,217,0,217,7
2020-03-29,San Benito,069,59416,28,10,0,10,1
2020-03-29,San Bernardino,071,2135413,650,94,0,94,2
2020-03-29,San Diego,073,3302833,1437,521,0,521,7
2020-03-29,San Francisco,075,870044,670,333,0,333,5
2020-03-29,San Joaquin,077,732212,219,86,3,89,4
2020-03-29,San Luis Obispo,079,281455,119,55,0,55,0
2020-03-29,San Mateo,081,765935,692,234,2,236,12
2020-03-29,Santa Barbara,083,443738,204,52,1,53,0
2020-03-29,Santa Clara,085,1922200,1340,591,3,594,30
2020-03-29,Santa Cruz,087,273765,81,33,0,33,1
2020-03-29,Shasta,089,179085,20,4,0,4,1
2020-03-29,Sierra,091,2930,0,0,0,0,0
2020-03-29,Siskiyou,093,43540,4,2,0,2,0
2020-03-29,Solano,095,438530,103,48,0,48,0
2020-03-29,Sonoma,097,501317,143,35,0,35,1
2020-03-29,Stanislaus,099,539301,90,19,3,22,0
2020-03-29,Sutter,101,95872,17,6,0,6,0
2020-03-29,Tehama,103,63373,1,0,0,0,0
2020-03-29,Trinity,105,12862,0,0,0,0,0
2020-03-29,Tulare,107,460477,122,24,3,27,1
2020-03-29,Tuolumne,109,53932,2,1,0,1,0
2020-03-29,Ventura,111,848112,274,92,0,92,2
2020-03-29,Yolo,113,214977,52,13,0,13,1
2020-03-29,Yuba,115,75493,8,3,0,3,0
2020-03-28,Alameda,001,1643700,616,410,1,411,12
2020-03-28,Alpine,003,1148,1,0,0,0,0
2020-03-28,Amador,005,37829,5,2,0,2,0
2020-03-28,Butte,007,227075,14,8,0,8,0
2020-03-28,Calaveras,009,45235,6,4,0,4,0
2020-03-28,Colusa,011,21464,3,2,0,2,0
2020-03-28,Contra Costa,013,1133247,420,350,0,350,4
2020-03-28,Del Norte,015,27424,0,0,0,0,0
2020-03-28,El Dorado,017,186661,31,18,0,18,0
2020-03-28,Fresno,019,978130,193,62,3,65,0
2020-03-28,Glenn,021,27897,2,2,0,2,0
2020-03-28,Humboldt,023,135768,46,18,0,18,0
2020-03-28,Imperial,025,180216,74,18,0,18,0
2020-03-28,Inyo,027,18085,9,0,0,0,0
2020-03-28,Kern,029,883053,213,40,0,40,0
2020-03-28,Kings,031,150075,29,2,1,3,0
2020-03-28,Lake,033,64148,0,0,0,0,0
2020-03-28,Lassen,035,31185,3,0,1,1,0
2020-03-28,Los Angeles,037,10098052,5411,3600,10,3610,64
2020-03-28,Madera,039,155013,43,22,0,22,2
2020-03-28,Marin,041,260295,120,116,0,116,0
2020-03-28,Mariposa,043,17540,0,0,0,0,0
2020-03-28,Mendocino,045,87422,5,4,0,4,0
2020-03-28,Merced,047,269075,27,8,0,8,0
2020-03-28,Modoc,049,8938,0,0,0,0,0
2020-03-28,Mono,051,14174,24,12,0,12,0
2020-03-28,Monterey,053,433212,72,64,0,64,2
2020-03-28,Napa,055,140530,27,10,0,10,0
2020-03-28,Nevada,057,99092,32,22,1,23,0
2020-03-28,Orange,059,3164182,1170,656,13,669,4
2020-03-28,Placer,061,380077,112,70,0,70,2
2020-03-28,Plumas,063,18699,1,0,0,0,0
2020-03-28,Riverside,065,2383286,1011,242,12,254,14
2020-03-28,Sacramento,067,1510023,528,406,0,406,14
2020-03-28,San Benito,069,59416,28,20,0,20,2
2020-03-28,San Bernardino,071,2135413,603,162,0,162,4
2020-03-28,San Diego,073,3302833,1378,980,0,980,14
2020-03-28,San Francisco,075,870044,646,600,0,600,6
2020-03-28,San Joaquin,077,732212,212,166,3,169,8
2020-03-28,San Luis Obispo,079,281455,117,104,0,104,0
2020-03-28,San Mateo,081,765935,672,462,2,464,17
2020-03-28,Santa Barbara,083,443738,194,98,1,99,0
2020-03-28,Santa Clara,085,1922200,1321,1174,3,1177,54
2020-03-28,Santa Cruz,087,273765,80,62,0,62,0
2020-03-28,Shasta,089,179085,20,8,0,8,2
2020-03-28,Sierra,091,2930,0,0,0,0,0
2020-03-28,Siskiyou,093,43540,4,4,0,4,0
2020-03-28,Solano,095,438530,99,96,0,96,0
2020-03-28,Sonoma,097,501317,141,70,0,70,2
2020-03-28,Stanislaus,099,539301,85,34,3,37,0
2020-03-28,Sutter,101,95872,17,6,0,6,0
2020-03-28,Tehama,103,63373,1,0,0,0,0
2020-03-28,Trinity,105,12862,0,0,0,0,0
2020-03-28,Tulare,107,460477,114,46,3,49,0
2020-03-28,Tuolumne,109,53932,2,2,0,2,0
2020-03-28,Ventura,111,848112,270,178,0,178,4
2020-03-28,Yolo,113,214977,51,26,0,26,2
2020-03-28,Yuba,115,75493,8,6,0,6,0
2020-03-27,Alameda,001,1643700,597,185,1,186,4
2020-03-27,Alpine,003,1148,1,0,0,0,0
2020-03-27,Amador,005,37829,4,1,0,1,0
2020-03-27,Butte,007,227075,12,4,0,4,0
2020-03-27,Calaveras,009,45235,6,2,0,2,0
2020-03-27,Colusa,011,21464,3,0,0,0,0
2020-03-27,Contra Costa,013,1133247,399,161,0,161,2
2020-03-27,Del Norte,015,27424,0,0,0,0,0
2020-03-27,El Dorado,017,186661,29,9,0,9,0
2020-03-27,Fresno,019,978130,181,29,2,31,0
2020-03-27,Glenn,021,27897,2,0,0,0,0
2020-03-27,Humboldt,023,135768,42,9,0,9,0
2020-03-27,Imperial,025,180216,69,9,0,9,0
2020-03-27,Inyo,027,18085,9,0,0,0,0
2020-03-27,Kern,029,883053,200,20,0,20,0
2020-03-27,Kings,031,150075,28,0,1,1,0
2020-03-27,Lake,033,64148,0,0,0,0,0
2020-03-27,Lassen,035,31185,3,0,1,1,0
2020-03-27,Los Angeles,037,10098052,5005,1474,10,1484,26
2020-03-27,Madera,039,155013,41,10,0,10,1
2020-03-27,Marin,041,260295,115,58,0,58,0
2020-03-27,Mariposa,043,17540,0,0,0,0,0
2020-03-27,Mendocino,045,87422,5,2,0,2,0
2020-03-27,Merced,047,269075,26,3,0,3,0
2020-03-27,Modoc,049,8938,0,0,0,0,0
2020-03-27,Mono,051,14174,24,6,0,6,0
2020-03-27,Monterey,053,433212,69,26,0,26,1
2020-03-27,Napa,055,140530,27,5,0,5,0
2020-03-27,Nevada,057,99092,32,6,1,7,0
2020-03-27,Orange,059,3164182,1120,299,13,312,2
2020-03-27,Placer,061,380077,109,33,0,33,1
2020-03-27,Plumas,063,18699,0,0,0,0,0
2020-03-27,Riverside,065,2383286,955,121,12,133,7
2020-03-27,Sacramento,067,1510023,505,163,0,163,6
2020-03-27,San Benito,069,59416,27,9,0,9,1
2020-03-27,San Bernardino,071,2135413,513,77,0,77,2
2020-03-27,San Diego,073,3302833,1321,419,0,419,5
2020-03-27,San Francisco,075,870044,621,285,0,285,2
2020-03-27,San Joaquin,077,732212,201,73,3,76,3
2020-03-27,San Luis Obispo,079,281455,115,46,0,46,0
2020-03-27,San Mateo,081,765935,646,213,2,215,7
2020-03-27,Santa Barbara,083,443738,180,37,1,38,0
2020-03-27,Santa Clara,085,1922200,1283,557,3,560,25
2020-03-27,Santa Cruz,087,273765,79,31,0,31,0
2020-03-27,Shasta,089,179085,17,3,0,3,1
2020-03-27,Sierra,091,2930,0,0,0,0,0
2020-03-27,Siskiyou,093,43540,4,2,0,2,0
2020-03-27,Solano,095,438530,93,48,0,48,0
2020-03-27,Sonoma,097,501317,133,35,0,35,1
2020-03-27,Stanislaus,099,539301,83,16,3,19,0
2020-03-27,Sutter,101,95872,16,2,0,2,0
2020-03-27,Tehama,103,63373,1,0,0,0,0
2020-03-27,Trinity,105,12862,0,0,0,0,0
2020-03-27,Tulare,107,460477,106,15,3,18,0
2020-03-27,Tuolumne,109,53932,2,1,0,1,0
2020-03-27,Ventura,111,848112,261,80,0,80,2
2020-03-27,Yolo,113,214977,50,13,0,13,1
2020-03-27,Yuba,115,75493,7,3,0,3,0
2020-03-26,Alameda,001,1643700,557,172,1,173,4
2020-03-26,Alpine,003,1148,1,0,0,0,0
2020-03-26,Amador,005,37829,4,1,0,1,0
2020-03-26,Butte,007,227075,12,4,0,4,0
2020-03-26,Calaveras,009,45235,6,2,0,2,0
2020-03-26,Colusa,011,21464,3,0,0,0,0
2020-03-26,Contra Costa,013,1133247,388,147,0,147,2
2020-03-26,Del Norte,015,27424,0,0,0,0,0
2020-03-26,El Dorado,017,186661,27,7,0,7,0
2020-03-26,Fresno,019,978130,172,25,2,27,0
2020-03-26,Glenn,021,27897,2,0,0,0,0
2020-03-26,Humboldt,023,135768,38,8,0,8,0
2020-03-26,Imperial,025,180216,65,8,0,8,0
2020-03-26,Inyo,027,18085,8,0,0,0,0
2020-03-26,Kern,029,883053,184,20,0,20,0
2020-03-26,Kings,031,150075,28,0,1,1,0
2020-03-26,Lake,033,64148,0,0,0,0,0
2020-03-26,Lassen,035,31185,3,0,1,1,0
2020-03-26,Los Angeles,037,10098052,4598,1075,10,1085,19
2020-03-26,Madera,039,155013,39,8,0,8,0
2020-03-26,Marin,041,260295,106,56,0,56,0
2020-03-26,Mariposa,043,17540,0,0,0,0,0
2020-03-26,Mendocino,045,87422,4,1,0,1,0
2020-03-26,Merced,047,269075,23,1,0,1,0
2020-03-26,Modoc,049,8938,0,0,0,0,0
2020-03-26,Mono,051,14174,23,5,0,5,0
2020-03-26,Monterey,053,433212,66,25,0,25,1
2020-03-26,Napa,055,140530,26,5,0,5,0
2020-03-26,Nevada,057,99092,32,7,1,8,0
2020-03-26,Orange,059,3164182,1058,279,11,290,1
2020-03-26,Placer,061,380077,106,34,0,34,1
2020-03-26,Plumas,063,18699,0,0,0,0,0
2020-03-26,Riverside,065,2383286,884,118,12,130,7
2020-03-26,Sacramento,067,1510023,472,147,0,147,5
2020-03-26,San Benito,069,59416,27,8,0,8,1
2020-03-26,San Bernardino,071,2135413,447,57,0,57,1
2020-03-26,San Diego,073,3302833,1254,299,0,299,2
2020-03-26,San Francisco,075,870044,594,261,0,261,1
2020-03-26,San Joaquin,077,732212,190,69,3,72,3
2020-03-26,San Luis Obispo,079,281455,110,38,0,38,0
2020-03-26,San Mateo,081,765935,612,122,2,124,5
2020-03-26,Santa Barbara,083,443738,167,33,1,34,0
2020-03-26,Santa Clara,085,1922200,1238,487,2,489,20
2020-03-26,Santa Cruz,087,273765,75,30,0,30,0
2020-03-26,Shasta,089,179085,17,3,0,3,1
2020-03-26,Sierra,091,2930,0,0,0,0,0
2020-03-26,Siskiyou,093,43540,4,2,0,2,0
2020-03-26,Solano,095,438530,85,41,0,41,0
2020-03-26,Sonoma,097,501317,128,33,0,33,1
2020-03-26,Stanislaus,099,539301,81,15,3,18,0
2020-03-26,Sutter,101,95872,12,2,0,2,0
2020-03-26,Tehama,103,63373,1,0,0,0,0
2020-03-26,Trinity,105,12862,0,0,0,0,0
2020-03-26,Tulare,107,460477,97,15,3,18,0
2020-03-26,Tuolumne,109,53932,2,0,0,0,0
2020-03-26,Ventura,111,848112,245,70,0,70,1
2020-03-26,Yolo,113,214977,46,13,0,13,1
2020-03-26,Yuba,115,75493,7,3,0,3,0
2020-03-25,Alameda,001,1643700,536,134,1,135,3
2020-03-25,Alpine,003,1148,1,0,0,0,0
2020-03-25,Amador,005,37829,4,1,0,1,0
2020-03-25,Butte,007,227075,12,4,0,4,0
2020-03-25,Calaveras,009,45235,6,2,0,2,0
2020-03-25,Colusa,011,21464,2,0,0,0,0
2020-03-25,Contra Costa,013,1133247,374,131,0,131,1
2020-03-25,Del Norte,015,27424,0,0,0,0,0
2020-03-25,El Dorado,017,186661,27,5,0,5,0
2020-03-25,Fresno,019,978130,152,21,2,23,0
2020-03-25,Glenn,021,27897,2,0,0,0,0
2020-03-25,Humboldt,023,135768,35,3,0,3,0
2020-03-25,Imperial,025,180216,57,8,0,8,0
2020-03-25,Inyo,027,18085,5,0,0,0,0
2020-03-25,Kern,029,883053,164,13,0,13,0
2020-03-25,Kings,031,150075,26,0,1,1,0
2020-03-25,Lake,033,64148,0,0,0,0,0
2020-03-25,Lassen,035,31185,3,0,1,1,0
2020-03-25,Los Angeles,037,10098052,4199,725,10,735,10
2020-03-25,Madera,039,155013,37,6,0,6,0
2020-03-25,Marin,041,260295,100,47,0,47,0
2020-03-25,Mariposa,043,17540,0,0,0,0,0
2020-03-25,Mendocino,045,87422,3,1,0,1,0
2020-03-25,Merced,047,269075,19,0,0,0,0
2020-03-25,Modoc,049,8938,0,0,0,0,0
2020-03-25,Mono,051,14174,22,4,0,4,0
2020-03-25,Monterey,053,433212,63,23,0,23,1
2020-03-25,Napa,055,140530,26,5,0,5,0
2020-03-25,Nevada,057,99092,31,5,1,6,0
2020-03-25,Orange,059,3164182,1000,214,9,223,1
2020-03-25,Placer,061,380077,100,30,0,30,1
2020-03-25,Plumas,063,18699,0,1,0,1,0
2020-03-25,Riverside,065,2383286,813,87,12,99,5
2020-03-25,Sacramento,067,1510023,446,114,0,114,5
2020-03-25,San Benito,069,59416,26,4,0,4,1
2020-03-25,San Bernardino,071,2135413,408,46,0,46,1
2020-03-25,San Diego,073,3302833,1192,238,0,238,2
2020-03-25,San Francisco,075,870044,553,212,0,212,1
2020-03-25,San Joaquin,077,732212,177,64,3,67,2
2020-03-25,San Luis Obispo,079,281455,105,35,0,35,0
2020-03-25,San Mateo,081,765935,577,111,2,113,5
2020-03-25,Santa Barbara,083,443738,157,25,1,26,0
2020-03-25,Santa Clara,085,1922200,1194,452,2,454,20
2020-03-25,Santa Cruz,087,273765,72,26,0,26,0
2020-03-25,Shasta,089,179085,16,3,0,3,1
2020-03-25,Sierra,091,2930,0,0,0,0,0
2020-03-25,Siskiyou,093,43540,4,2,0,2,0
2020-03-25,Solano,095,438530,80,39,0,39,0
2020-03-25,Sonoma,097,501317,123,31,0,31,1
2020-03-25,Stanislaus,099,539301,74,14,3,17,0
2020-03-25,Sutter,101,95872,9,1,0,1,0
2020-03-25,Tehama,103,63373,1,0,0,0,0
2020-03-25,Trinity,105,12862,0,0,0,0,0
2020-03-25,Tulare,107,460477,87,11,3,14,0
2020-03-25,Tuolumne,109,53932,2,0,0,0,0
2020-03-25,Ventura,111,848112,229,53,0,53,1
2020-03-25,Yolo,113,214977,44,9,0,9,1
2020-03-25,Yuba,115,75493,7,2,0,2,0
2020-03-24,Alameda,001,1643700,504,96,1,97,2
2020-03-24,Alpine,003,1148,1,0,0,0,0
2020-03-24,Amador,005,37829,2,1,0,1,0
2020-03-24,Butte,007,227075,11,3,0,3,0
2020-03-24,Calaveras,009,45235,5,2,0,2,0
2020-03-24,Colusa,011,21464,2,0,0,0,0
2020-03-24,Contra Costa,013,1133247,361,108,0,108,1
2020-03-24,Del Norte,015,27424,0,0,0,0,0
2020-03-24,El Dorado,017,186661,27,3,0,3,0
2020-03-24,Fresno,019,978130,133,18,2,20,0
2020-03-24,Glenn,021,27897,2,0,0,0,0
2020-03-24,Humboldt,023,135768,33,2,0,2,0
2020-03-24,Imperial,025,180216,54,3,0,3,0
2020-03-24,Inyo,027,18085,5,0,0,0,0
2020-03-24,Kern,029,883053,144,5,0,5,0
2020-03-24,Kings,031,150075,25,0,1,1,0
2020-03-24,Lake,033,64148,0,0,0,0,0
2020-03-24,Lassen,035,31185,3,0,1,1,0
2020-03-24,Los Angeles,037,10098052,3756,633,10,643,7
2020-03-24,Madera,039,155013,36,6,0,6,0
2020-03-24,Marin,041,260295,89,44,0,44,0
2020-03-24,Mariposa,043,17540,0,0,0,0,0
2020-03-24,Mendocino,045,87422,3,1,0,1,0
2020-03-24,Merced,047,269075,17,0,0,0,0
2020-03-24,Modoc,049,8938,0,0,0,0,0
2020-03-24,Mono,051,14174,21,1,0,1,0
2020-03-24,Monterey,053,433212,59,23,0,23,1
2020-03-24,Napa,055,140530,23,2,0,2,0
2020-03-24,Nevada,057,99092,30,4,1,5,0
2020-03-24,Orange,059,3164182,938,166,9,175,0
2020-03-24,Placer,061,380077,93,22,0,22,1
2020-03-24,Plumas,063,18699,0,1,0,1,0
2020-03-24,Riverside,065,2383286,746,56,12,68,5
2020-03-24,Sacramento,067,1510023,426,93,0,93,4
2020-03-24,San Benito,069,59416,25,4,0,4,1
2020-03-24,San Bernardino,071,2135413,364,27,0,27,0
2020-03-24,San Diego,073,3302833,1125,231,0,231,2
2020-03-24,San Francisco,075,870044,521,181,0,181,1
2020-03-24,San Joaquin,077,732212,166,52,3,55,2
2020-03-24,San Luis Obispo,079,281455,102,32,0,32,0
2020-03-24,San Mateo,081,765935,536,100,2,102,2
2020-03-24,Santa Barbara,083,443738,151,20,1,21,0
2020-03-24,Santa Clara,085,1922200,1125,389,2,391,17
2020-03-24,Santa Cruz,087,273765,67,22,0,22,0
2020-03-24,Shasta,089,179085,15,3,0,3,0
2020-03-24,Sierra,091,2930,0,0,0,0,0
2020-03-24,Siskiyou,093,43540,4,2,0,2,0
2020-03-24,Solano,095,438530,78,34,0,34,0
2020-03-24,Sonoma,097,501317,116,27,0,27,1
2020-03-24,Stanislaus,099,539301,65,13,3,16,0
2020-03-24,Sutter,101,95872,9,0,0,0,0
2020-03-24,Tehama,103,63373,1,0,0,0,0
2020-03-24,Trinity,105,12862,0,0,0,0,0
2020-03-24,Tulare,107,460477,77,10,3,13,0
2020-03-24,Tuolumne,109,53932,2,0,0,0,0
2020-03-24,Ventura,111,848112,213,44,0,44,1
2020-03-24,Yolo,113,214977,40,8,0,8,0
2020-03-24,Yuba,115,75493,7,2,0,2,0
2020-03-23,Alameda,001,1643700,472,88,1,89,1
2020-03-23,Alpine,003,1148,1,0,0,0,0
2020-03-23,Amador,005,37829,2,1,0,1,0
2020-03-23,Butte,007,227075,11,2,0,2,0
2020-03-23,Calaveras,009,45235,5,2,0,2,0
2020-03-23,Colusa,011,21464,1,0,0,0,0
2020-03-23,Contra Costa,013,1133247,341,91,0,91,2
2020-03-23,Del Norte,015,27424,0,0,0,0,0
2020-03-23,El Dorado,017,186661,26,3,0,3,0
2020-03-23,Fresno,019,978130,123,10,2,12,0
2020-03-23,Glenn,021,27897,2,0,0,0,0
2020-03-23,Humboldt,023,135768,31,2,0,2,0
2020-03-23,Imperial,025,180216,50,2,0,2,0
2020-03-23,Inyo,027,18085,3,0,0,0,0
2020-03-23,Kern,029,883053,130,5,0,5,0
2020-03-23,Kings,031,150075,25,0,1,1,0
2020-03-23,Lake,033,64148,0,0,0,0,0
2020-03-23,Lassen,035,31185,3,0,1,1,0
2020-03-23,Los Angeles,037,10098052,3448,389,10,399,4
2020-03-23,Madera,039,155013,36,4,0,4,0
2020-03-23,Marin,041,260295,84,30,0,30,0
2020-03-23,Mariposa,043,17540,0,0,0,0,0
2020-03-23,Mendocino,045,87422,3,1,0,1,0
2020-03-23,Merced,047,269075,11,0,0,0,0
2020-03-23,Modoc,049,8938,0,0,0,0,0
2020-03-23,Mono,051,14174,19,1,0,1,0
2020-03-23,Monterey,053,433212,54,14,0,14,1
2020-03-23,Napa,055,140530,21,1,0,1,0
2020-03-23,Nevada,057,99092,27,2,1,3,0
2020-03-23,Orange,059,3164182,883,138,7,145,0
2020-03-23,Placer,061,380077,90,19,0,19,1
2020-03-23,Plumas,063,18699,0,0,0,0,0
2020-03-23,Riverside,065,2383286,703,39,12,51,5
2020-03-23,Sacramento,067,1510023,393,87,0,87,4
2020-03-23,San Benito,069,59416,24,4,0,4,1
2020-03-23,San Bernardino,071,2135413,334,17,0,17,0
2020-03-23,San Diego,073,3302833,1066,178,0,178,1
2020-03-23,San Francisco,075,870044,492,152,0,152,0
2020-03-23,San Joaquin,077,732212,154,37,3,40,2
2020-03-23,San Luis Obispo,079,281455,96,23,0,23,0
2020-03-23,San Mateo,081,765935,497,88,2,90,1
2020-03-23,Santa Barbara,083,443738,133,18,1,19,0
2020-03-23,Santa Clara,085,1922200,1076,336,2,338,13
2020-03-23,Santa Cruz,087,273765,65,21,0,21,0
2020-03-23,Shasta,089,179085,13,2,0,2,0
2020-03-23,Sierra,091,2930,0,0,0,0,0
2020-03-23,Siskiyou,093,43540,4,2,0,2,0
2020-03-23,Solano,095,438530,74,33,0,33,0
2020-03-23,Sonoma,097,501317,104,19,0,19,1
2020-03-23,Stanislaus,099,539301,57,10,3,13,0
2020-03-23,Sutter,101,95872,9,0,0,0,0
2020-03-23,Tehama,103,63373,1,0,0,0,0
2020-03-23,Trinity,105,12862,0,0,0,0,0
2020-03-23,Tulare,107,460477,68,9,3,12,0
2020-03-23,Tuolumne,109,53932,2,0,0,0,0
2020-03-23,Ventura,111,848112,196,30,0,30,0
2020-03-23,Yolo,113,214977,39,8,0,8,0
2020-03-23,Yuba,115,75493,7,2,0,2,0
2020-03-22,Alameda,001,1643700,433,72,1,73,1
2020-03-22,Alpine,003,1148,1,0,0,0,0
2020-03-22,Amador,005,37829,2,1,0,1,0
2020-03-22,Butte,007,227075,8,1,0,1,0
2020-03-22,Calaveras,009,45235,4,2,0,2,0
2020-03-22,Colusa,011,21464,1,0,0,0,0
2020-03-22,Contra Costa,013,1133247,314,79,0,79,1
2020-03-22,Del Norte,015,27424,0,0,0,0,0
2020-03-22,El Dorado,017,186661,24,1,0,1,0
2020-03-22,Fresno,019,978130,103,8,2,10,0
2020-03-22,Glenn,021,27897,2,0,0,0,0
2020-03-22,Humboldt,023,135768,28,1,0,1,0
2020-03-22,Imperial,025,180216,48,2,0,2,0
2020-03-22,Inyo,027,18085,1,0,0,0,0
2020-03-22,Kern,029,883053,114,3,0,3,0
2020-03-22,Kings,031,150075,22,0,1,1,0
2020-03-22,Lake,033,64148,0,0,0,0,0
2020-03-22,Lassen,035,31185,3,0,1,1,0
2020-03-22,Los Angeles,037,10098052,3118,384,10,394,3
2020-03-22,Madera,039,155013,33,4,0,4,0
2020-03-22,Marin,041,260295,74,30,0,30,0
2020-03-22,Mariposa,043,17540,0,0,0,0,0
2020-03-22,Mendocino,045,87422,3,1,0,1,0
2020-03-22,Merced,047,269075,7,0,0,0,0
2020-03-22,Modoc,049,8938,0,0,0,0,0
2020-03-22,Mono,051,14174,14,1,0,1,0
2020-03-22,Monterey,053,433212,51,14,0,14,1
2020-03-22,Napa,055,140530,17,1,0,1,0
2020-03-22,Nevada,057,99092,23,2,1,3,0
2020-03-22,Orange,059,3164182,810,102,4,106,0
2020-03-22,Placer,061,380077,88,18,0,18,1
2020-03-22,Plumas,063,18699,0,0,0,0,0
2020-03-22,Riverside,065,2383286,613,26,8,34,5
2020-03-22,Sacramento,067,1510023,361,82,0,82,4
2020-03-22,San Benito,069,59416,19,4,0,4,1
2020-03-22,San Bernardino,071,2135413,290,16,0,16,0
2020-03-22,San Diego,073,3302833,978,161,0,161,0
2020-03-22,San Francisco,075,870044,455,134,0,134,0
2020-03-22,San Joaquin,077,732212,140,30,3,33,2
2020-03-22,San Luis Obispo,079,281455,89,19,0,19,0
2020-03-22,San Mateo,081,765935,464,82,2,84,1
2020-03-22,Santa Barbara,083,443738,119,16,1,17,0
2020-03-22,Santa Clara,085,1922200,1012,284,2,286,13
2020-03-22,Santa Cruz,087,273765,64,19,0,19,0
2020-03-22,Shasta,089,179085,13,1,0,1,0
2020-03-22,Sierra,091,2930,0,0,0,0,0
2020-03-22,Siskiyou,093,43540,4,2,0,2,0
2020-03-22,Solano,095,438530,65,30,0,30,0
2020-03-22,Sonoma,097,501317,99,18,0,18,1
2020-03-22,Stanislaus,099,539301,51,8,3,11,0
2020-03-22,Sutter,101,95872,8,0,0,0,0
2020-03-22,Tehama,103,63373,0,0,0,0,0
2020-03-22,Trinity,105,12862,0,0,0,0,0
2020-03-22,Tulare,107,460477,62,5,3,8,0
2020-03-22,Tuolumne,109,53932,2,0,0,0,0
2020-03-22,Ventura,111,848112,174,26,0,26,0
2020-03-22,Yolo,113,214977,33,6,0,6,0
2020-03-22,Yuba,115,75493,7,2,0,2,0
2020-03-21,Alameda,001,1643700,409,62,1,63,0
2020-03-21,Alpine,003,1148,1,0,0,0,0
2020-03-21,Amador,005,37829,2,1,0,1,0
2020-03-21,Butte,007,227075,7,1,0,1,0
2020-03-21,Calaveras,009,45235,4,2,0,2,0
2020-03-21,Colusa,011,21464,1,0,0,0,0
2020-03-21,Contra Costa,013,1133247,303,62,0,62,1
2020-03-21,Del Norte,015,27424,0,0,0,0,0
2020-03-21,El Dorado,017,186661,21,1,0,1,0
2020-03-21,Fresno,019,978130,99,8,2,10,0
2020-03-21,Glenn,021,27897,2,0,0,0,0
2020-03-21,Humboldt,023,135768,25,1,0,1,0
2020-03-21,Imperial,025,180216,44,2,0,2,0
2020-03-21,Inyo,027,18085,1,0,0,0,0
2020-03-21,Kern,029,883053,108,3,0,3,0
2020-03-21,Kings,031,150075,22,0,1,1,0
2020-03-21,Lake,033,64148,0,0,0,0,0
2020-03-21,Lassen,035,31185,3,0,1,1,0
2020-03-21,Los Angeles,037,10098052,2841,322,10,332,2
2020-03-21,Madera,039,155013,33,4,0,4,0
2020-03-21,Marin,041,260295,69,30,0,30,0
2020-03-21,Mariposa,043,17540,0,0,0,0,0
2020-03-21,Mendocino,045,87422,3,1,0,1,0
2020-03-21,Merced,047,269075,6,0,0,0,0
2020-03-21,Modoc,049,8938,0,0,0,0,0
2020-03-21,Mono,051,14174,14,1,0,1,0
2020-03-21,Monterey,053,433212,48,8,0,8,1
2020-03-21,Napa,055,140530,17,0,0,0,0
2020-03-21,Nevada,057,99092,23,2,1,3,0
2020-03-21,Orange,059,3164182,761,85,4,89,0
2020-03-21,Placer,061,380077,78,11,0,11,1
2020-03-21,Plumas,063,18699,0,0,0,0,0
2020-03-21,Riverside,065,2383286,566,20,8,28,3
2020-03-21,Sacramento,067,1510023,334,66,0,66,3
2020-03-21,San Benito,069,59416,17,4,0,4,1
2020-03-21,San Bernardino,071,2135413,270,13,0,13,0
2020-03-21,San Diego,073,3302833,901,121,0,121,0
2020-03-21,San Francisco,075,870044,419,106,0,106,0
2020-03-21,San Joaquin,077,732212,131,26,3,29,2
2020-03-21,San Luis Obispo,079,281455,84,16,0,16,0
2020-03-21,San Mateo,081,765935,426,78,2,80,1
2020-03-21,Santa Barbara,083,443738,109,8,1,9,0
2020-03-21,Santa Clara,085,1922200,950,269,2,271,10
2020-03-21,Santa Cruz,087,273765,62,17,0,17,0
2020-03-21,Shasta,089,179085,12,1,0,1,0
2020-03-21,Sierra,091,2930,0,0,0,0,0
2020-03-21,Siskiyou,093,43540,4,0,0,0,0
2020-03-21,Solano,095,438530,63,30,0,30,0
2020-03-21,Sonoma,097,501317,98,15,0,15,1
2020-03-21,Stanislaus,099,539301,45,7,3,10,0
2020-03-21,Sutter,101,95872,7,0,0,0,0
2020-03-21,Tehama,103,63373,0,0,0,0,0
2020-03-21,Trinity,105,12862,0,0,0,0,0
2020-03-21,Tulare,107,460477,54,5,3,8,0
2020-03-21,Tuolumne,109,53932,2,0,0,0,0
2020-03-21,Ventura,111,848112,166,22,0,22,0
2020-03-21,Yolo,113,214977,33,6,0,6,0
2020-03-21,Yuba,115,75493,7,1,0,1,0
2020-03-20,Alameda,001,1643700,388,42,1,43,0
2020-03-20,Alpine,003,1148,1,0,0,0,0
2020-03-20,Amador,005,37829,1,0,0,0,0
2020-03-20,Butte,007,227075,7,0,0,0,0
2020-03-20,Calaveras,009,45235,4,2,0,2,0
2020-03-20,Colusa,011,21464,1,0,0,0,0
2020-03-20,Contra Costa,013,1133247,273,52,0,52,1
2020-03-20,Del Norte,015,27424,0,0,0,0,0
2020-03-20,El Dorado,017,186661,20,1,0,1,0
2020-03-20,Fresno,019,978130,96,7,2,9,0
2020-03-20,Glenn,021,27897,1,0,0,0,0
2020-03-20,Humboldt,023,135768,25,1,0,1,0
2020-03-20,Imperial,025,180216,43,2,0,2,0
2020-03-20,Inyo,027,18085,0,0,0,0,0
2020-03-20,Kern,029,883053,93,3,0,3,0
2020-03-20,Kings,031,150075,21,0,1,1,0
2020-03-20,Lake,033,64148,0,0,0,0,0
2020-03-20,Lassen,035,31185,3,0,1,1,0
2020-03-20,Los Angeles,037,10098052,2612,267,9,276,1
2020-03-20,Madera,039,155013,32,4,0,4,0
2020-03-20,Marin,041,260295,66,30,0,30,0
2020-03-20,Mariposa,043,17540,0,0,0,0,0
2020-03-20,Mendocino,045,87422,3,1,0,1,0
2020-03-20,Merced,047,269075,6,0,0,0,0
2020-03-20,Modoc,049,8938,0,0,0,0,0
2020-03-20,Mono,051,14174,14,0,0,0,0
2020-03-20,Monterey,053,433212,47,4,0,4,0
2020-03-20,Napa,055,140530,16,0,0,0,0
2020-03-20,Nevada,057,99092,20,2,1,3,0
2020-03-20,Orange,059,3164182,714,71,4,75,2
2020-03-20,Placer,061,380077,72,9,0,9,1
2020-03-20,Plumas,063,18699,0,0,0,0,0
2020-03-20,Riverside,065,2383286,507,19,8,27,3
2020-03-20,Sacramento,067,1510023,313,56,0,56,4
2020-03-20,San Benito,069,59416,17,4,0,4,1
2020-03-20,San Bernardino,071,2135413,243,9,0,9,0
2020-03-20,San Diego,073,3302833,849,98,0,98,0
2020-03-20,San Francisco,075,870044,387,87,0,87,0
2020-03-20,San Joaquin,077,732212,116,18,3,21,2
2020-03-20,San Luis Obispo,079,281455,80,11,0,11,0
2020-03-20,San Mateo,081,765935,396,71,2,73,1
2020-03-20,Santa Barbara,083,443738,97,7,1,8,0
2020-03-20,Santa Clara,085,1922200,914,246,2,248,8
2020-03-20,Santa Cruz,087,273765,60,13,0,13,0
2020-03-20,Shasta,089,179085,11,1,0,1,0
2020-03-20,Sierra,091,2930,0,0,0,0,0
2020-03-20,Siskiyou,093,43540,4,0,0,0,0
2020-03-20,Solano,095,438530,59,29,0,29,0
2020-03-20,Sonoma,097,501317,90,7,0,7,0
2020-03-20,Stanislaus,099,539301,39,7,3,10,0
2020-03-20,Sutter,101,95872,7,0,0,0,0
2020-03-20,Tehama,103,63373,0,0,0,0,0
2020-03-20,Trinity,105,12862,0,0,0,0,0
2020-03-20,Tulare,107,460477,50,4,3,7,0
2020-03-20,Tuolumne,109,53932,2,0,0,0,0
2020-03-20,Ventura,111,848112,156,18,0,18,0
2020-03-20,Yolo,113,214977,31,5,0,5,0
2020-03-20,Yuba,115,75493,6,0,0,0,0
2020-03-19,Alameda,001,1643700,352,36,1,37,0
2020-03-19,Alpine,003,1148,1,0,0,0,0
2020-03-19,Amador,005,37829,1,0,0,0,0
2020-03-19,Butte,007,227075,5,0,0,0,0
2020-03-19,Calaveras,009,45235,4,2,0,2,0
2020-03-19,Colusa,011,21464,0,0,0,0,0
2020-03-19,Contra Costa,013,1133247,257,46,0,46,0
2020-03-19,Del Norte,015,27424,0,0,0,0,0
2020-03-19,El Dorado,017,186661,18,0,0,0,0
2020-03-19,Fresno,019,978130,87,6,2,8,0
2020-03-19,Glenn,021,27897,1,0,0,0,0
2020-03-19,Humboldt,023,135768,23,1,0,1,0
2020-03-19,Imperial,025,180216,36,2,0,2,0
2020-03-19,Inyo,027,18085,0,0,0,0,0
2020-03-19,Kern,029,883053,81,3,0,3,0
2020-03-19,Kings,031,150075,17,0,1,1,0
2020-03-19,Lake,033,64148,0,0,0,0,0
2020-03-19,Lassen,035,31185,2,0,1,1,0
2020-03-19,Los Angeles,037,10098052,2321,233,9,242,0
2020-03-19,Madera,039,155013,31,3,0,3,0
2020-03-19,Marin,041,260295,63,19,0,19,0
2020-03-19,Mariposa,043,17540,0,0,0,0,0
2020-03-19,Mendocino,045,87422,2,1,0,1,0
2020-03-19,Merced,047,269075,5,0,0,0,0
2020-03-19,Modoc,049,8938,0,0,0,0,0
2020-03-19,Mono,051,14174,12,0,0,0,0
2020-03-19,Monterey,053,433212,39,3,0,3,0
2020-03-19,Napa,055,140530,14,0,0,0,0
2020-03-19,Nevada,057,99092,18,2,1,3,0
2020-03-19,Orange,059,3164182,633,59,4,63,0
2020-03-19,Placer,061,380077,64,8,0,8,1
2020-03-19,Plumas,063,18699,0,0,0,0,0
2020-03-19,Riverside,065,2383286,396,14,6,20,3
2020-03-19,Sacramento,067,1510023,280,52,0,52,3
2020-03-19,San Benito,069,59416,14,3,0,3,0
2020-03-19,San Bernardino,071,2135413,213,7,0,7,0
2020-03-19,San Diego,073,3302833,766,68,0,68,0
2020-03-19,San Francisco,075,870044,351,80,0,80,0
2020-03-19,San Joaquin,077,732212,102,15,3,18,2
2020-03-19,San Luis Obispo,079,281455,77,6,0,6,0
2020-03-19,San Mateo,081,765935,361,58,2,60,1
2020-03-19,Santa Barbara,083,443738,85,5,0,5,0
2020-03-19,Santa Clara,085,1922200,847,183,2,185,8
2020-03-19,Santa Cruz,087,273765,57,13,0,13,0
2020-03-19,Shasta,089,179085,10,1,0,1,0
2020-03-19,Sierra,091,2930,0,0,0,0,0
2020-03-19,Siskiyou,093,43540,3,0,0,0,0
2020-03-19,Solano,095,438530,55,26,0,26,0
2020-03-19,Sonoma,097,501317,87,8,0,8,0
2020-03-19,Stanislaus,099,539301,38,7,3,10,0
2020-03-19,Sutter,101,95872,7,0,0,0,0
2020-03-19,Tehama,103,63373,0,0,0,0,0
2020-03-19,Trinity,105,12862,0,0,0,0,0
2020-03-19,Tulare,107,460477,44,3,3,6,0
2020-03-19,Tuolumne,109,53932,2,0,0,0,0
2020-03-19,Ventura,111,848112,134,15,0,15,0
2020-03-19,Yolo,113,214977,27,5,0,5,0
2020-03-19,Yuba,115,75493,5,0,0,0,0
2020-03-18,Alameda,001,1643700,323,29,1,30,0
2020-03-18,Alpine,003,1148,1,0,0,0,0
2020-03-18,Amador,005,37829,1,0,0,0,0
2020-03-18,Butte,007,227075,4,0,0,0,0
2020-03-18,Calaveras,009,45235,4,2,0,2,0
2020-03-18,Colusa,011,21464,0,0,0,0,0
2020-03-18,Contra Costa,013,1133247,235,44,0,44,0
2020-03-18,Del Norte,015,27424,0,0,0,0,0
2020-03-18,El Dorado,017,186661,17,0,0,0,0
2020-03-18,Fresno,019,978130,78,3,1,4,0
2020-03-18,Glenn,021,27897,1,0,0,0,0
2020-03-18,Humboldt,023,135768,19,1,0,1,0
2020-03-18,Imperial,025,180216,30,2,0,2,0
2020-03-18,Inyo,027,18085,0,0,0,0,0
2020-03-18,Kern,029,883053,66,1,0,1,0
2020-03-18,Kings,031,150075,15,0,1,1,0
2020-03-18,Lake,033,64148,0,0,0,0,0
2020-03-18,Lassen,035,31185,1,0,1,1,0
2020-03-18,Los Angeles,037,10098052,2076,47,9,56,0
2020-03-18,Madera,039,155013,30,2,0,2,0
2020-03-18,Marin,041,260295,58,10,0,10,0
2020-03-18,Mariposa,043,17540,0,0,0,0,0
2020-03-18,Mendocino,045,87422,2,0,0,0,0
2020-03-18,Merced,047,269075,5,0,0,0,0
2020-03-18,Modoc,049,8938,0,0,0,0,0
2020-03-18,Mono,051,14174,11,0,0,0,0
2020-03-18,Monterey,053,433212,31,1,0,1,0
2020-03-18,Napa,055,140530,11,0,0,0,0
2020-03-18,Nevada,057,99092,16,2,1,3,0
2020-03-18,Orange,059,3164182,575,38,4,42,0
2020-03-18,Placer,061,380077,57,8,0,8,1
2020-03-18,Plumas,063,18699,0,0,0,0,0
2020-03-18,Riverside,065,2383286,333,11,5,16,2
2020-03-18,Sacramento,067,1510023,257,46,0,46,3
2020-03-18,San Benito,069,59416,13,3,0,3,0
2020-03-18,San Bernardino,071,2135413,191,3,0,3,0
2020-03-18,San Diego,073,3302833,681,40,0,40,0
2020-03-18,San Francisco,075,870044,332,65,0,65,0
2020-03-18,San Joaquin,077,732212,90,14,3,17,2
2020-03-18,San Luis Obispo,079,281455,70,5,0,5,0
2020-03-18,San Mateo,081,765935,340,57,2,59,1
2020-03-18,Santa Barbara,083,443738,77,2,0,2,0
2020-03-18,Santa Clara,085,1922200,796,151,2,153,6
2020-03-18,Santa Cruz,087,273765,55,11,0,11,0
2020-03-18,Shasta,089,179085,9,1,0,1,0
2020-03-18,Sierra,091,2930,0,0,0,0,0
2020-03-18,Siskiyou,093,43540,3,0,0,0,0
2020-03-18,Solano,095,438530,51,26,0,26,0
2020-03-18,Sonoma,097,501317,78,6,0,6,0
2020-03-18,Stanislaus,099,539301,34,5,2,7,0
2020-03-18,Sutter,101,95872,5,0,0,0,0
2020-03-18,Tehama,103,63373,0,0,0,0,0
2020-03-18,Trinity,105,12862,0,0,0,0,0
2020-03-18,Tulare,107,460477,34,3,3,6,0
2020-03-18,Tuolumne,109,53932,2,0,0,0,0
2020-03-18,Ventura,111,848112,115,11,0,11,0
2020-03-18,Yolo,113,214977,24,4,0,4,0
2020-03-18,Yuba,115,75493,4,0,0,0,0
2020-03-17,Alameda,001,1643700,291,19,0,19,0
2020-03-17,Alpine,003,1148,0,0,0,0,0
2020-03-17,Amador,005,37829,1,0,0,0,0
2020-03-17,Butte,007,227075,4,0,0,0,0
2020-03-17,Calaveras,009,45235,4,2,0,2,0
2020-03-17,Colusa,011,21464,0,0,0,0,0
2020-03-17,Contra Costa,013,1133247,213,37,0,37,0
2020-03-17,Del Norte,015,27424,0,0,0,0,0
2020-03-17,El Dorado,017,186661,16,0,0,0,0
2020-03-17,Fresno,019,978130,68,2,1,3,0
2020-03-17,Glenn,021,27897,1,0,0,0,0
2020-03-17,Humboldt,023,135768,17,1,0,1,0
2020-03-17,Imperial,025,180216,24,2,0,2,0
2020-03-17,Inyo,027,18085,0,0,0,0,0
2020-03-17,Kern,029,883053,52,0,0,0,0
2020-03-17,Kings,031,150075,12,0,1,1,0
2020-03-17,Lake,033,64148,0,0,0,0,0
2020-03-17,Lassen,035,31185,1,0,1,1,0
2020-03-17,Los Angeles,037,10098052,1867,41,9,50,0
2020-03-17,Madera,039,155013,22,2,0,2,0
2020-03-17,Marin,041,260295,51,4,0,4,0
2020-03-17,Mariposa,043,17540,0,0,0,0,0
2020-03-17,Mendocino,045,87422,2,0,0,0,0
2020-03-17,Merced,047,269075,5,0,0,0,0
2020-03-17,Modoc,049,8938,0,0,0,0,0
2020-03-17,Mono,051,14174,9,0,0,0,0
2020-03-17,Monterey,053,433212,29,0,0,0,0
2020-03-17,Napa,055,140530,8,0,0,0,0
2020-03-17,Nevada,057,99092,15,1,1,2,0
2020-03-17,Orange,059,3164182,497,24,3,27,0
2020-03-17,Placer,061,380077,47,7,0,7,1
2020-03-17,Plumas,063,18699,0,0,0,0,0
2020-03-17,Riverside,065,2383286,271,11,5,16,0
2020-03-17,Sacramento,067,1510023,237,36,0,36,1
2020-03-17,San Benito,069,59416,12,2,0,2,0
2020-03-17,San Bernardino,071,2135413,163,2,0,2,0
2020-03-17,San Diego,073,3302833,614,17,0,17,0
2020-03-17,San Francisco,075,870044,305,46,0,46,0
2020-03-17,San Joaquin,077,732212,84,11,3,14,0
2020-03-17,San Luis Obispo,079,281455,62,1,0,1,0
2020-03-17,San Mateo,081,765935,308,46,2,48,1
2020-03-17,Santa Barbara,083,443738,65,0,0,0,0
2020-03-17,Santa Clara,085,1922200,738,121,2,123,4
2020-03-17,Santa Cruz,087,273765,52,10,0,10,0
2020-03-17,Shasta,089,179085,5,1,0,1,0
2020-03-17,Sierra,091,2930,0,0,0,0,0
2020-03-17,Siskiyou,093,43540,3,0,0,0,0
2020-03-17,Solano,095,438530,48,27,0,27,0
2020-03-17,Sonoma,097,501317,70,4,0,4,0
2020-03-17,Stanislaus,099,539301,31,4,2,6,0
2020-03-17,Sutter,101,95872,5,0,0,0,0
2020-03-17,Tehama,103,63373,0,0,0,0,0
2020-03-17,Trinity,105,12862,0,0,0,0,0
2020-03-17,Tulare,107,460477,29,2,3,5,0
2020-03-17,Tuolumne,109,53932,2,0,0,0,0
2020-03-17,Ventura,111,848112,98,7,0,7,0
2020-03-17,Yolo,113,214977,20,2,0,2,0
2020-03-17,Yuba,115,75493,4,0,0,0,0
2020-03-16,Alameda,001,1643700,262,17,0,17,0
2020-03-16,Alpine,003,1148,0,0,0,0,0
2020-03-16,Amador,005,37829,1,0,0,0,0
2020-03-16,Butte,007,227075,3,0,0,0,0
2020-03-16,Calaveras,009,45235,4,2,0,2,0
2020-03-16,Colusa,011,21464,0,0,0,0,0
2020-03-16,Contra Costa,013,1133247,189,36,0,36,0
2020-03-16,Del Norte,015,27424,0,0,0,0,0
2020-03-16,El Dorado,017,186661,15,0,0,0,0
2020-03-16,Fresno,019,978130,53,2,1,3,0
2020-03-16,Glenn,021,27897,0,0,0,0,0
2020-03-16,Humboldt,023,135768,13,1,0,1,0
2020-03-16,Imperial,025,180216,19,2,0,2,0
2020-03-16,Inyo,027,18085,0,0,0,0,0
2020-03-16,Kern,029,883053,43,0,0,0,0
2020-03-16,Kings,031,150075,11,0,1,1,0
2020-03-16,Lake,033,64148,0,0,0,0,0
2020-03-16,Lassen,035,31185,1,0,0,0,0
2020-03-16,Los Angeles,037,10098052,1629,43,9,52,0
2020-03-16,Madera,039,155013,21,2,0,2,0
2020-03-16,Marin,041,260295,48,4,0,4,0
2020-03-16,Mariposa,043,17540,0,0,0,0,0
2020-03-16,Mendocino,045,87422,2,0,0,0,0
2020-03-16,Merced,047,269075,5,0,0,0,0
2020-03-16,Modoc,049,8938,0,0,0,0,0
2020-03-16,Mono,051,14174,7,0,0,0,0
2020-03-16,Monterey,053,433212,28,0,0,0,0
2020-03-16,Napa,055,140530,7,0,0,0,0
2020-03-16,Nevada,057,99092,11,1,1,2,0
2020-03-16,Orange,059,3164182,414,18,3,21,0
2020-03-16,Placer,061,380077,39,7,0,7,1
2020-03-16,Plumas,063,18699,0,0,0,0,0
2020-03-16,Riverside,065,2383286,235,10,5,15,0
2020-03-16,Sacramento,067,1510023,210,34,0,34,1
2020-03-16,San Benito,069,59416,8,2,0,2,0
2020-03-16,San Bernardino,071,2135413,143,1,0,1,0
2020-03-16,San Diego,073,3302833,523,17,0,17,0
2020-03-16,San Francisco,075,870044,267,40,0,40,0
2020-03-16,San Joaquin,077,732212,74,9,3,12,0
2020-03-16,San Luis Obispo,079,281455,55,1,0,1,0
2020-03-16,San Mateo,081,765935,269,42,2,44,1
2020-03-16,Santa Barbara,083,443738,55,0,0,0,0
2020-03-16,Santa Clara,085,1922200,658,115,1,116,2
2020-03-16,Santa Cruz,087,273765,45,9,0,9,0
2020-03-16,Shasta,089,179085,5,1,0,1,0
2020-03-16,Sierra,091,2930,0,0,0,0,0
2020-03-16,Siskiyou,093,43540,2,0,0,0,0
2020-03-16,Solano,095,438530,43,27,0,27,0
2020-03-16,Sonoma,097,501317,62,4,0,4,0
2020-03-16,Stanislaus,099,539301,27,2,2,4,0
2020-03-16,Sutter,101,95872,3,0,0,0,0
2020-03-16,Tehama,103,63373,0,0,0,0,0
2020-03-16,Trinity,105,12862,0,0,0,0,0
2020-03-16,Tulare,107,460477,25,2,3,5,0
2020-03-16,Tuolumne,109,53932,2,0,0,0,0
2020-03-16,Ventura,111,848112,88,7,0,7,0
2020-03-16,Yolo,113,214977,18,2,0,2,0
2020-03-16,Yuba,115,75493,3,0,0,0,0
2020-03-15,Alameda,001,1643700,215,17,0,17,0
2020-03-15,Alpine,003,1148,0,0,0,0,0
2020-03-15,Amador,005,37829,1,0,0,0,0
2020-03-15,Butte,007,227075,3,0,0,0,0
2020-03-15,Calaveras,009,45235,2,2,0,2,0
2020-03-15,Colusa,011,21464,0,0,0,0,0
2020-03-15,Contra Costa,013,1133247,164,34,0,34,0
2020-03-15,Del Norte,015,27424,0,0,0,0,0
2020-03-15,El Dorado,017,186661,14,0,0,0,0
2020-03-15,Fresno,019,978130,33,1,1,2,0
2020-03-15,Glenn,021,27897,0,0,0,0,0
2020-03-15,Humboldt,023,135768,11,1,0,1,0
2020-03-15,Imperial,025,180216,14,2,0,2,0
2020-03-15,Inyo,027,18085,0,0,0,0,0
2020-03-15,Kern,029,883053,37,0,0,0,0
2020-03-15,Kings,031,150075,11,0,1,1,0
2020-03-15,Lake,033,64148,0,0,0,0,0
2020-03-15,Lassen,035,31185,1,0,0,0,0
2020-03-15,Los Angeles,037,10098052,1380,41,9,50,0
2020-03-15,Madera,039,155013,20,2,0,2,0
2020-03-15,Marin,041,260295,41,3,0,3,0
2020-03-15,Mariposa,043,17540,0,0,0,0,0
2020-03-15,Mendocino,045,87422,2,0,0,0,0
2020-03-15,Merced,047,269075,3,0,0,0,0
2020-03-15,Modoc,049,8938,0,0,0,0,0
2020-03-15,Mono,051,14174,6,0,0,0,0
2020-03-15,Monterey,053,433212,21,0,0,0,0
2020-03-15,Napa,055,140530,7,0,0,0,0
2020-03-15,Nevada,057,99092,11,0,1,1,0
2020-03-15,Orange,059,3164182,346,16,1,17,0
2020-03-15,Placer,061,380077,33,7,0,7,1
2020-03-15,Plumas,063,18699,0,0,0,0,0
2020-03-15,Riverside,065,2383286,183,10,5,15,0
2020-03-15,Sacramento,067,1510023,174,30,0,30,1
2020-03-15,San Benito,069,59416,8,2,0,2,0
2020-03-15,San Bernardino,071,2135413,121,0,0,0,0
2020-03-15,San Diego,073,3302833,436,16,0,16,0
2020-03-15,San Francisco,075,870044,209,31,0,31,0
2020-03-15,San Joaquin,077,732212,63,6,3,9,0
2020-03-15,San Luis Obispo,079,281455,45,1,0,1,0
2020-03-15,San Mateo,081,765935,235,29,1,30,1
2020-03-15,Santa Barbara,083,443738,46,0,0,0,0
2020-03-15,Santa Clara,085,1922200,586,79,1,80,2
2020-03-15,Santa Cruz,087,273765,38,8,0,8,0
2020-03-15,Shasta,089,179085,5,1,0,1,0
2020-03-15,Sierra,091,2930,0,0,0,0,0
2020-03-15,Siskiyou,093,43540,2,0,0,0,0
2020-03-15,Solano,095,438530,42,26,0,26,0
2020-03-15,Sonoma,097,501317,53,4,0,4,0
2020-03-15,Stanislaus,099,539301,26,2,2,4,0
2020-03-15,Sutter,101,95872,2,0,0,0,0
2020-03-15,Tehama,103,63373,0,0,0,0,0
2020-03-15,Trinity,105,12862,0,0,0,0,0
2020-03-15,Tulare,107,460477,19,2,3,5,0
2020-03-15,Tuolumne,109,53932,1,0,0,0,0
2020-03-15,Ventura,111,848112,77,5,0,5,0
2020-03-15,Yolo,113,214977,15,2,0,2,0
2020-03-15,Yuba,115,75493,2,0,0,0,0
2020-03-14,Alameda,001,1643700,196,11,0,11,0
2020-03-14,Alpine,003,1148,0,0,0,0,0
2020-03-14,Amador,005,37829,1,0,0,0,0
2020-03-14,Butte,007,227075,2,0,0,0,0
2020-03-14,Calaveras,009,45235,2,2,0,2,0
2020-03-14,Colusa,011,21464,0,0,0,0,0
2020-03-14,Contra Costa,013,1133247,142,30,0,30,0
2020-03-14,Del Norte,015,27424,0,0,0,0,0
2020-03-14,El Dorado,017,186661,12,0,0,0,0
2020-03-14,Fresno,019,978130,25,1,1,2,0
2020-03-14,Glenn,021,27897,0,0,0,0,0
2020-03-14,Humboldt,023,135768,7,1,0,1,0
2020-03-14,Imperial,025,180216,10,2,0,2,0
2020-03-14,Inyo,027,18085,0,0,0,0,0
2020-03-14,Kern,029,883053,32,0,0,0,0
2020-03-14,Kings,031,150075,11,0,1,1,0
2020-03-14,Lake,033,64148,0,0,0,0,0
2020-03-14,Lassen,035,31185,1,0,0,0,0
2020-03-14,Los Angeles,037,10098052,1198,35,9,44,0
2020-03-14,Madera,039,155013,19,2,0,2,0
2020-03-14,Marin,041,260295,37,3,0,3,0
2020-03-14,Mariposa,043,17540,0,0,0,0,0
2020-03-14,Mendocino,045,87422,2,0,0,0,0
2020-03-14,Merced,047,269075,3,0,0,0,0
2020-03-14,Modoc,049,8938,0,0,0,0,0
2020-03-14,Mono,051,14174,5,0,0,0,0
2020-03-14,Monterey,053,433212,15,0,0,0,0
2020-03-14,Napa,055,140530,5,0,0,0,0
2020-03-14,Nevada,057,99092,8,0,1,1,0
2020-03-14,Orange,059,3164182,307,14,0,14,0
2020-03-14,Placer,061,380077,29,6,0,6,1
2020-03-14,Plumas,063,18699,0,0,0,0,0
2020-03-14,Riverside,065,2383286,163,10,5,15,0
2020-03-14,Sacramento,067,1510023,152,31,0,31,1
2020-03-14,San Benito,069,59416,8,2,0,2,0
2020-03-14,San Bernardino,071,2135413,102,0,0,0,0
2020-03-14,San Diego,073,3302833,361,10,0,10,0
2020-03-14,San Francisco,075,870044,188,29,0,29,0
2020-03-14,San Joaquin,077,732212,54,6,3,9,0
2020-03-14,San Luis Obispo,079,281455,40,0,0,0,0
2020-03-14,San Mateo,081,765935,212,27,1,28,0
2020-03-14,Santa Barbara,083,443738,37,0,0,0,0
2020-03-14,Santa Clara,085,1922200,531,62,1,63,2
2020-03-14,Santa Cruz,087,273765,33,8,0,8,0
2020-03-14,Shasta,089,179085,5,1,0,1,0
2020-03-14,Sierra,091,2930,0,0,0,0,0
2020-03-14,Siskiyou,093,43540,1,0,0,0,0
2020-03-14,Solano,095,438530,40,26,0,26,0
2020-03-14,Sonoma,097,501317,40,2,0,2,0
2020-03-14,Stanislaus,099,539301,22,2,2,4,0
2020-03-14,Sutter,101,95872,2,0,0,0,0
2020-03-14,Tehama,103,63373,0,0,0,0,0
2020-03-14,Trinity,105,12862,0,0,0,0,0
2020-03-14,Tulare,107,460477,17,2,2,4,0
2020-03-14,Tuolumne,109,53932,1,0,0,0,0
2020-03-14,Ventura,111,848112,68,5,0,5,0
2020-03-14,Yolo,113,214977,15,2,0,2,0
2020-03-14,Yuba,115,75493,1,0,0,0,0
2020-03-13,Alameda,001,1643700,177,12,0,12,0
2020-03-13,Alpine,003,1148,0,0,0,0,0
2020-03-13,Amador,005,37829,1,0,0,0,0
2020-03-13,Butte,007,227075,0,0,0,0,0
2020-03-13,Calaveras,009,45235,2,2,0,2,0
2020-03-13,Colusa,011,21464,0,0,0,0,0
2020-03-13,Contra Costa,013,1133247,128,22,0,22,0
2020-03-13,Del Norte,015,27424,0,0,0,0,0
2020-03-13,El Dorado,017,186661,11,0,0,0,0
2020-03-13,Fresno,019,978130,20,1,1,2,0
2020-03-13,Glenn,021,27897,0,0,0,0,0
2020-03-13,Humboldt,023,135768,7,1,0,1,0
2020-03-13,Imperial,025,180216,9,2,0,2,0
2020-03-13,Inyo,027,18085,0,0,0,0,0
2020-03-13,Kern,029,883053,27,0,0,0,0
2020-03-13,Kings,031,150075,10,0,1,1,0
2020-03-13,Lake,033,64148,0,0,0,0,0
2020-03-13,Lassen,035,31185,1,0,0,0,0
2020-03-13,Los Angeles,037,10098052,1041,30,7,37,0
2020-03-13,Madera,039,155013,18,1,0,1,0
2020-03-13,Marin,041,260295,34,3,0,3,0
2020-03-13,Mariposa,043,17540,0,0,0,0,0
2020-03-13,Mendocino,045,87422,2,0,0,0,0
2020-03-13,Merced,047,269075,2,0,0,0,0
2020-03-13,Modoc,049,8938,0,0,0,0,0
2020-03-13,Mono,051,14174,3,0,0,0,0
2020-03-13,Monterey,053,433212,10,0,0,0,0
2020-03-13,Napa,055,140530,3,0,0,0,0
2020-03-13,Nevada,057,99092,7,0,1,1,0
2020-03-13,Orange,059,3164182,267,10,0,10,0
2020-03-13,Placer,061,380077,27,6,0,6,1
2020-03-13,Plumas,063,18699,0,0,0,0,0
2020-03-13,Riverside,065,2383286,133,5,4,9,0
2020-03-13,Sacramento,067,1510023,130,18,0,18,1
2020-03-13,San Benito,069,59416,6,2,0,2,0
2020-03-13,San Bernardino,071,2135413,96,0,0,0,0
2020-03-13,San Diego,073,3302833,311,8,0,8,0
2020-03-13,San Francisco,075,870044,174,28,0,28,0
2020-03-13,San Joaquin,077,732212,50,6,3,9,0
2020-03-13,San Luis Obispo,079,281455,33,0,0,0,0
2020-03-13,San Mateo,081,765935,191,24,1,25,0
2020-03-13,Santa Barbara,083,443738,33,0,0,0,0
2020-03-13,Santa Clara,085,1922200,469,59,1,60,1
2020-03-13,Santa Cruz,087,273765,32,7,0,7,0
2020-03-13,Shasta,089,179085,3,1,0,1,0
2020-03-13,Sierra,091,2930,0,0,0,0,0
2020-03-13,Siskiyou,093,43540,0,0,0,0,0
2020-03-13,Solano,095,438530,39,26,0,26,0
2020-03-13,Sonoma,097,501317,39,2,0,2,0
2020-03-13,Stanislaus,099,539301,17,2,2,4,0
2020-03-13,Sutter,101,95872,2,0,0,0,0
2020-03-13,Tehama,103,63373,0,0,0,0,0
2020-03-13,Trinity,105,12862,0,0,0,0,0
2020-03-13,Tulare,107,460477,14,2,2,4,0
2020-03-13,Tuolumne,109,53932,1,0,0,0,0
2020-03-13,Ventura,111,848112,54,5,0,5,0
2020-03-13,Yolo,113,214977,14,1,0,1,0
2020-03-13,Yuba,115,75493,1,0,0,0,0
2020-03-12,Alameda,001,1643700,152,9,0,9,0
2020-03-12,Alpine,003,1148,0,0,0,0,0
2020-03-12,Amador,005,37829,1,0,0,0,0
2020-03-12,Butte,007,227075,0,0,0,0,0
2020-03-12,Calaveras,009,45235,2,2,0,2,0
2020-03-12,Colusa,011,21464,0,0,0,0,0
2020-03-12,Contra Costa,013,1133247,110,18,0,18,0
2020-03-12,Del Norte,015,27424,0,0,0,0,0
2020-03-12,El Dorado,017,186661,9,0,0,0,0
2020-03-12,Fresno,019,978130,12,1,1,2,0
2020-03-12,Glenn,021,27897,0,0,0,0,0
2020-03-12,Humboldt,023,135768,6,1,0,1,0
2020-03-12,Imperial,025,180216,8,2,0,2,0
2020-03-12,Inyo,027,18085,0,0,0,0,0
2020-03-12,Kern,029,883053,18,0,0,0,0
2020-03-12,Kings,031,150075,7,0,1,1,0
2020-03-12,Lake,033,64148,0,0,0,0,0
2020-03-12,Lassen,035,31185,1,0,0,0,0
2020-03-12,Los Angeles,037,10098052,877,30,7,37,0
2020-03-12,Madera,039,155013,15,1,0,1,0
2020-03-12,Marin,041,260295,24,1,0,1,0
2020-03-12,Mariposa,043,17540,0,0,0,0,0
2020-03-12,Mendocino,045,87422,2,0,0,0,0
2020-03-12,Merced,047,269075,2,0,0,0,0
2020-03-12,Modoc,049,8938,0,0,0,0,0
2020-03-12,Mono,051,14174,3,0,0,0,0
2020-03-12,Monterey,053,433212,8,0,0,0,0
2020-03-12,Napa,055,140530,3,0,0,0,0
2020-03-12,Nevada,057,99092,4,0,1,1,0
2020-03-12,Orange,059,3164182,230,7,0,7,0
2020-03-12,Placer,061,380077,23,6,0,6,1
2020-03-12,Plumas,063,18699,0,0,0,0,0
2020-03-12,Riverside,065,2383286,107,5,2,7,0
2020-03-12,Sacramento,067,1510023,106,17,0,17,1
2020-03-12,San Benito,069,59416,5,2,0,2,0
2020-03-12,San Bernardino,071,2135413,80,0,0,0,0
2020-03-12,San Diego,073,3302833,256,9,0,9,0
2020-03-12,San Francisco,075,870044,149,20,0,20,0
2020-03-12,San Joaquin,077,732212,44,3,3,6,1
2020-03-12,San Luis Obispo,079,281455,26,0,0,0,0
2020-03-12,San Mateo,081,765935,157,21,1,22,0
2020-03-12,Santa Barbara,083,443738,22,0,0,0,0
2020-03-12,Santa Clara,085,1922200,411,51,1,52,1
2020-03-12,Santa Cruz,087,273765,29,5,0,5,0
2020-03-12,Shasta,089,179085,2,1,0,1,0
2020-03-12,Sierra,091,2930,0,0,0,0,0
2020-03-12,Siskiyou,093,43540,0,0,0,0,0
2020-03-12,Solano,095,438530,34,26,0,26,0
2020-03-12,Sonoma,097,501317,34,2,0,2,0
2020-03-12,Stanislaus,099,539301,15,2,2,4,0
2020-03-12,Sutter,101,95872,0,0,0,0,0
2020-03-12,Tehama,103,63373,0,0,0,0,0
2020-03-12,Trinity,105,12862,0,0,0,0,0
2020-03-12,Tulare,107,460477,12,1,1,2,0
2020-03-12,Tuolumne,109,53932,1,0,0,0,0
2020-03-12,Ventura,111,848112,45,3,0,3,0
2020-03-12,Yolo,113,214977,13,1,0,1,0
2020-03-12,Yuba,115,75493,1,0,0,0,0
2020-03-11,Alameda,001,1643700,122,5,0,5,0
2020-03-11,Alpine,003,1148,0,0,0,0,0
2020-03-11,Amador,005,37829,1,0,0,0,0
2020-03-11,Butte,007,227075,0,0,0,0,0
2020-03-11,Calaveras,009,45235,2,2,0,2,0
2020-03-11,Colusa,011,21464,0,0,0,0,0
2020-03-11,Contra Costa,013,1133247,94,16,0,16,0
2020-03-11,Del Norte,015,27424,0,0,0,0,0
2020-03-11,El Dorado,017,186661,8,0,0,0,0
2020-03-11,Fresno,019,978130,9,1,1,2,0
2020-03-11,Glenn,021,27897,0,0,0,0,0
2020-03-11,Humboldt,023,135768,6,1,0,1,0
2020-03-11,Imperial,025,180216,6,0,0,0,0
2020-03-11,Inyo,027,18085,0,0,0,0,0
2020-03-11,Kern,029,883053,16,0,0,0,0
2020-03-11,Kings,031,150075,5,0,1,1,0
2020-03-11,Lake,033,64148,0,0,0,0,0
2020-03-11,Lassen,035,31185,1,0,0,0,0
2020-03-11,Los Angeles,037,10098052,705,21,7,28,0
2020-03-11,Madera,039,155013,12,1,0,1,0
2020-03-11,Marin,041,260295,17,1,0,1,0
2020-03-11,Mariposa,043,17540,0,0,0,0,0
2020-03-11,Mendocino,045,87422,1,0,0,0,0
2020-03-11,Merced,047,269075,2,0,0,0,0
2020-03-11,Modoc,049,8938,0,0,0,0,0
2020-03-11,Mono,051,14174,3,0,0,0,0
2020-03-11,Monterey,053,433212,7,0,0,0,0
2020-03-11,Napa,055,140530,2,0,0,0,0
2020-03-11,Nevada,057,99092,4,0,1,1,0
2020-03-11,Orange,059,3164182,201,6,0,6,0
2020-03-11,Placer,061,380077,18,6,0,6,1
2020-03-11,Plumas,063,18699,0,0,0,0,0
2020-03-11,Riverside,065,2383286,81,4,1,5,0
2020-03-11,Sacramento,067,1510023,88,9,0,9,1
2020-03-11,San Benito,069,59416,5,2,0,2,0
2020-03-11,San Bernardino,071,2135413,73,0,0,0,0
2020-03-11,San Diego,073,3302833,206,4,0,4,0
2020-03-11,San Francisco,075,870044,124,17,0,17,0
2020-03-11,San Joaquin,077,732212,33,1,3,4,0
2020-03-11,San Luis Obispo,079,281455,23,0,0,0,0
2020-03-11,San Mateo,081,765935,139,16,0,16,0
2020-03-11,Santa Barbara,083,443738,13,0,0,0,0
2020-03-11,Santa Clara,085,1922200,370,48,1,49,1
2020-03-11,Santa Cruz,087,273765,26,2,0,2,0
2020-03-11,Shasta,089,179085,2,1,0,1,0
2020-03-11,Sierra,091,2930,0,0,0,0,0
2020-03-11,Siskiyou,093,43540,0,0,0,0,0
2020-03-11,Solano,095,438530,29,26,0,26,0
2020-03-11,Sonoma,097,501317,30,2,0,2,0
2020-03-11,Stanislaus,099,539301,15,2,2,4,0
2020-03-11,Sutter,101,95872,0,0,0,0,0
2020-03-11,Tehama,103,63373,0,0,0,0,0
2020-03-11,Trinity,105,12862,0,0,0,0,0
2020-03-11,Tulare,107,460477,10,0,1,1,0
2020-03-11,Tuolumne,109,53932,1,0,0,0,0
2020-03-11,Ventura,111,848112,37,3,0,3,0
2020-03-11,Yolo,113,214977,9,1,0,1,0
2020-03-11,Yuba,115,75493,1,0,0,0,0
2020-03-10,Alameda,001,1643700,101,4,0,4,0
2020-03-10,Alpine,003,1148,0,0,0,0,0
2020-03-10,Amador,005,37829,1,0,0,0,0
2020-03-10,Butte,007,227075,0,0,0,0,0
2020-03-10,Calaveras,009,45235,2,2,0,2,0
2020-03-10,Colusa,011,21464,0,0,0,0,0
2020-03-10,Contra Costa,013,1133247,84,11,0,11,0
2020-03-10,Del Norte,015,27424,0,0,0,0,0
2020-03-10,El Dorado,017,186661,7,0,0,0,0
2020-03-10,Fresno,019,978130,7,1,1,2,0
2020-03-10,Glenn,021,27897,0,0,0,0,0
2020-03-10,Humboldt,023,135768,6,1,0,1,0
2020-03-10,Imperial,025,180216,5,0,0,0,0
2020-03-10,Inyo,027,18085,0,0,0,0,0
2020-03-10,Kern,029,883053,11,0,0,0,0
2020-03-10,Kings,031,150075,5,0,1,1,0
2020-03-10,Lake,033,64148,0,0,0,0,0
2020-03-10,Lassen,035,31185,1,0,0,0,0
2020-03-10,Los Angeles,037,10098052,569,20,7,27,0
2020-03-10,Madera,039,155013,7,1,0,1,0
2020-03-10,Marin,041,260295,16,1,0,1,0
2020-03-10,Mariposa,043,17540,0,0,0,0,0
2020-03-10,Mendocino,045,87422,0,0,0,0,0
2020-03-10,Merced,047,269075,2,0,0,0,0
2020-03-10,Modoc,049,8938,0,0,0,0,0
2020-03-10,Mono,051,14174,3,0,0,0,0
2020-03-10,Monterey,053,433212,5,0,0,0,0
2020-03-10,Napa,055,140530,2,0,0,0,0
2020-03-10,Nevada,057,99092,3,0,1,1,0
2020-03-10,Orange,059,3164182,181,5,0,5,1
2020-03-10,Placer,061,380077,14,7,0,7,1
2020-03-10,Plumas,063,18699,0,0,0,0,0
2020-03-10,Riverside,065,2383286,59,4,1,5,0
2020-03-10,Sacramento,067,1510023,79,8,0,8,0
2020-03-10,San Benito,069,59416,5,2,0,2,0
2020-03-10,San Bernardino,071,2135413,65,0,0,0,0
2020-03-10,San Diego,073,3302833,163,3,0,3,0
2020-03-10,San Francisco,075,870044,92,16,0,16,0
2020-03-10,San Joaquin,077,732212,30,1,3,4,0
2020-03-10,San Luis Obispo,079,281455,15,0,0,0,0
2020-03-10,San Mateo,081,765935,123,11,0,11,0
2020-03-10,Santa Barbara,083,443738,10,0,0,0,0
2020-03-10,Santa Clara,085,1922200,322,45,1,46,1
2020-03-10,Santa Cruz,087,273765,22,2,0,2,0
2020-03-10,Shasta,089,179085,2,1,0,1,0
2020-03-10,Sierra,091,2930,0,0,0,0,0
2020-03-10,Siskiyou,093,43540,0,0,0,0,0
2020-03-10,Solano,095,438530,27,26,0,26,0
2020-03-10,Sonoma,097,501317,27,2,0,2,0
2020-03-10,Stanislaus,099,539301,11,0,2,2,0
2020-03-10,Sutter,101,95872,0,0,0,0,0
2020-03-10,Tehama,103,63373,0,0,0,0,0
2020-03-10,Trinity,105,12862,0,0,0,0,0
2020-03-10,Tulare,107,460477,9,0,1,1,0
2020-03-10,Tuolumne,109,53932,1,0,0,0,0
2020-03-10,Ventura,111,848112,29,1,0,1,0
2020-03-10,Yolo,113,214977,6,2,0,2,0
2020-03-10,Yuba,115,75493,1,0,0,0,0
2020-03-09,Alameda,001,1643700,73,4,0,4,0
2020-03-09,Alpine,003,1148,0,0,0,0,0
2020-03-09,Amador,005,37829,0,0,0,0,0
2020-03-09,Butte,007,227075,0,0,0,0,0
2020-03-09,Calaveras,009,45235,2,0,0,0,0
2020-03-09,Colusa,011,21464,0,0,0,0,0
2020-03-09,Contra Costa,013,1133247,72,9,0,9,0
2020-03-09,Del Norte,015,27424,0,0,0,0,0
2020-03-09,El Dorado,017,186661,5,0,0,0,0
2020-03-09,Fresno,019,978130,7,1,1,2,0
2020-03-09,Glenn,021,27897,0,0,0,0,0
2020-03-09,Humboldt,023,135768,5,1,0,1,0
2020-03-09,Imperial,025,180216,5,0,0,0,0
2020-03-09,Inyo,027,18085,0,0,0,0,0
2020-03-09,Kern,029,883053,8,0,0,0,0
2020-03-09,Kings,031,150075,4,0,1,1,0
2020-03-09,Lake,033,64148,0,0,0,0,0
2020-03-09,Lassen,035,31185,1,0,0,0,0
2020-03-09,Los Angeles,037,10098052,464,17,6,23,0
2020-03-09,Madera,039,155013,7,1,0,1,0
2020-03-09,Marin,041,260295,15,1,0,1,0
2020-03-09,Mariposa,043,17540,0,0,0,0,0
2020-03-09,Mendocino,045,87422,0,0,0,0,0
2020-03-09,Merced,047,269075,2,0,0,0,0
2020-03-09,Modoc,049,8938,0,0,0,0,0
2020-03-09,Mono,051,14174,3,0,0,0,0
2020-03-09,Monterey,053,433212,3,0,0,0,0
2020-03-09,Napa,055,140530,2,0,0,0,0
2020-03-09,Nevada,057,99092,2,0,1,1,0
2020-03-09,Orange,059,3164182,153,4,0,4,0
2020-03-09,Placer,061,380077,12,7,0,7,1
2020-03-09,Plumas,063,18699,0,0,0,0,0
2020-03-09,Riverside,065,2383286,49,4,1,5,0
2020-03-09,Sacramento,067,1510023,75,8,0,8,0
2020-03-09,San Benito,069,59416,3,2,0,2,0
2020-03-09,San Bernardino,071,2135413,54,0,0,0,0
2020-03-09,San Diego,073,3302833,124,2,0,2,0
2020-03-09,San Francisco,075,870044,72,14,0,14,0
2020-03-09,San Joaquin,077,732212,21,0,3,3,0
2020-03-09,San Luis Obispo,079,281455,15,0,0,0,0
2020-03-09,San Mateo,081,765935,109,6,0,6,0
2020-03-09,Santa Barbara,083,443738,8,0,0,0,0
2020-03-09,Santa Clara,085,1922200,278,42,1,43,1
2020-03-09,Santa Cruz,087,273765,19,2,0,2,0
2020-03-09,Shasta,089,179085,2,1,0,1,0
2020-03-09,Sierra,091,2930,0,0,0,0,0
2020-03-09,Siskiyou,093,43540,0,0,0,0,0
2020-03-09,Solano,095,438530,25,26,0,26,0
2020-03-09,Sonoma,097,501317,22,2,0,2,0
2020-03-09,Stanislaus,099,539301,11,0,2,2,0
2020-03-09,Sutter,101,95872,0,0,0,0,0
2020-03-09,Tehama,103,63373,0,0,0,0,0
2020-03-09,Trinity,105,12862,0,0,0,0,0
2020-03-09,Tulare,107,460477,9,0,1,1,0
2020-03-09,Tuolumne,109,53932,1,0,0,0,0
2020-03-09,Ventura,111,848112,25,1,0,1,0
2020-03-09,Yolo,113,214977,5,2,0,2,0
2020-03-09,Yuba,115,75493,0,0,0,0,0
2020-03-08,Alameda,001,1643700,48,4,0,4,0
2020-03-08,Alpine,003,1148,0,0,0,0,0
2020-03-08,Amador,005,37829,0,0,0,0,0
2020-03-08,Butte,007,227075,0,0,0,0,0
2020-03-08,Calaveras,009,45235,2,0,0,0,0
2020-03-08,Colusa,011,21464,0,0,0,0,0
2020-03-08,Contra Costa,013,1133247,58,9,0,9,0
2020-03-08,Del Norte,015,27424,0,0,0,0,0
2020-03-08,El Dorado,017,186661,5,0,0,0,0
2020-03-08,Fresno,019,978130,5,1,1,2,0
2020-03-08,Glenn,021,27897,0,0,0,0,0
2020-03-08,Humboldt,023,135768,5,1,0,1,0
2020-03-08,Imperial,025,180216,5,0,0,0,0
2020-03-08,Inyo,027,18085,0,0,0,0,0
2020-03-08,Kern,029,883053,8,0,0,0,0
2020-03-08,Kings,031,150075,3,0,1,1,0
2020-03-08,Lake,033,64148,0,0,0,0,0
2020-03-08,Lassen,035,31185,0,0,0,0,0
2020-03-08,Los Angeles,037,10098052,369,14,6,20,0
2020-03-08,Madera,039,155013,7,1,0,1,0
2020-03-08,Marin,041,260295,13,1,0,1,0
2020-03-08,Mariposa,043,17540,0,0,0,0,0
2020-03-08,Mendocino,045,87422,0,0,0,0,0
2020-03-08,Merced,047,269075,2,0,0,0,0
2020-03-08,Modoc,049,8938,0,0,0,0,0
2020-03-08,Mono,051,14174,3,0,0,0,0
2020-03-08,Monterey,053,433212,3,0,0,0,0
2020-03-08,Napa,055,140530,2,0,0,0,0
2020-03-08,Nevada,057,99092,1,0,1,1,0
2020-03-08,Orange,059,3164182,128,4,0,4,0
2020-03-08,Placer,061,380077,11,7,0,7,1
2020-03-08,Plumas,063,18699,0,0,0,0,0
2020-03-08,Riverside,065,2383286,41,1,1,2,0
2020-03-08,Sacramento,067,1510023,65,5,0,5,0
2020-03-08,San Benito,069,59416,3,2,0,2,0
2020-03-08,San Bernardino,071,2135413,43,0,0,0,0
2020-03-08,San Diego,073,3302833,90,2,0,2,0
2020-03-08,San Francisco,075,870044,53,9,0,9,0
2020-03-08,San Joaquin,077,732212,18,0,3,3,0
2020-03-08,San Luis Obispo,079,281455,9,0,0,0,0
2020-03-08,San Mateo,081,765935,96,4,0,4,0
2020-03-08,Santa Barbara,083,443738,5,0,0,0,0
2020-03-08,Santa Clara,085,1922200,236,36,1,37,0
2020-03-08,Santa Cruz,087,273765,17,1,0,1,0
2020-03-08,Shasta,089,179085,2,0,0,0,0
2020-03-08,Sierra,091,2930,0,0,0,0,0
2020-03-08,Siskiyou,093,43540,0,0,0,0,0
2020-03-08,Solano,095,438530,24,26,0,26,0
2020-03-08,Sonoma,097,501317,17,2,0,2,0
2020-03-08,Stanislaus,099,539301,10,0,2,2,0
2020-03-08,Sutter,101,95872,0,0,0,0,0
2020-03-08,Tehama,103,63373,0,0,0,0,0
2020-03-08,Trinity,105,12862,0,0,0,0,0
2020-03-08,Tulare,107,460477,9,0,0,0,0
2020-03-08,Tuolumne,109,53932,1,0,0,0,0
2020-03-08,Ventura,111,848112,21,1,0,1,0
2020-03-08,Yolo,113,214977,2,2,0,2,0
2020-03-08,Yuba,115,75493,0,0,0,0,0
2020-03-07,Alameda,001,1643700,43,3,0,3,0
2020-03-07,Alpine,003,1148,0,0,0,0,0
2020-03-07,Amador,005,37829,0,0,0,0,0
2020-03-07,Butte,007,227075,0,0,0,0,0
2020-03-07,Calaveras,009,45235,2,0,0,0,0
2020-03-07,Colusa,011,21464,0,0,0,0,0
2020-03-07,Contra Costa,013,1133247,55,4,0,4,0
2020-03-07,Del Norte,015,27424,0,0,0,0,0
2020-03-07,El Dorado,017,186661,4,0,0,0,0
2020-03-07,Fresno,019,978130,4,1,1,2,0
2020-03-07,Glenn,021,27897,0,0,0,0,0
2020-03-07,Humboldt,023,135768,5,1,0,1,0
2020-03-07,Imperial,025,180216,4,0,0,0,0
2020-03-07,Inyo,027,18085,0,0,0,0,0
2020-03-07,Kern,029,883053,7,0,0,0,0
2020-03-07,Kings,031,150075,3,0,1,1,0
2020-03-07,Lake,033,64148,0,0,0,0,0
2020-03-07,Lassen,035,31185,0,0,0,0,0
2020-03-07,Los Angeles,037,10098052,318,14,6,20,0
2020-03-07,Madera,039,155013,6,1,0,1,0
2020-03-07,Marin,041,260295,11,0,0,0,0
2020-03-07,Mariposa,043,17540,0,0,0,0,0
2020-03-07,Mendocino,045,87422,0,0,0,0,0
2020-03-07,Merced,047,269075,2,0,0,0,0
2020-03-07,Modoc,049,8938,0,0,0,0,0
2020-03-07,Mono,051,14174,3,0,0,0,0
2020-03-07,Monterey,053,433212,3,0,0,0,0
2020-03-07,Napa,055,140530,1,0,0,0,0
2020-03-07,Nevada,057,99092,1,0,1,1,0
2020-03-07,Orange,059,3164182,120,4,0,4,0
2020-03-07,Placer,061,380077,11,6,0,6,1
2020-03-07,Plumas,063,18699,0,0,0,0,0
2020-03-07,Riverside,065,2383286,31,0,1,1,0
2020-03-07,Sacramento,067,1510023,52,4,0,4,0
2020-03-07,San Benito,069,59416,3,2,0,2,0
2020-03-07,San Bernardino,071,2135413,41,0,0,0,0
2020-03-07,San Diego,073,3302833,72,2,0,2,0
2020-03-07,San Francisco,075,870044,47,9,0,9,0
2020-03-07,San Joaquin,077,732212,16,0,3,3,0
2020-03-07,San Luis Obispo,079,281455,6,0,0,0,0
2020-03-07,San Mateo,081,765935,86,1,0,1,0
2020-03-07,Santa Barbara,083,443738,5,0,0,0,0
2020-03-07,Santa Clara,085,1922200,206,31,1,32,0
2020-03-07,Santa Cruz,087,273765,17,1,0,1,0
2020-03-07,Shasta,089,179085,2,0,0,0,0
2020-03-07,Sierra,091,2930,0,0,0,0,0
2020-03-07,Siskiyou,093,43540,0,0,0,0,0
2020-03-07,Solano,095,438530,23,25,0,25,0
2020-03-07,Sonoma,097,501317,13,2,0,2,0
2020-03-07,Stanislaus,099,539301,9,0,2,2,0
2020-03-07,Sutter,101,95872,0,0,0,0,0
2020-03-07,Tehama,103,63373,0,0,0,0,0
2020-03-07,Trinity,105,12862,0,0,0,0,0
2020-03-07,Tulare,107,460477,6,0,0,0,0
2020-03-07,Tuolumne,109,53932,1,0,0,0,0
2020-03-07,Ventura,111,848112,18,1,0,1,0
2020-03-07,Yolo,113,214977,2,2,0,2,0
2020-03-07,Yuba,115,75493,0,0,0,0,0
2020-03-06,Alameda,001,1643700,41,3,0,3,0
2020-03-06,Alpine,003,1148,0,0,0,0,0
2020-03-06,Amador,005,37829,0,0,0,0,0
2020-03-06,Butte,007,227075,0,0,0,0,0
2020-03-06,Calaveras,009,45235,2,0,0,0,0
2020-03-06,Colusa,011,21464,0,0,0,0,0
2020-03-06,Contra Costa,013,1133247,46,4,0,4,0
2020-03-06,Del Norte,015,27424,0,0,0,0,0
2020-03-06,El Dorado,017,186661,3,0,0,0,0
2020-03-06,Fresno,019,978130,3,0,1,1,0
2020-03-06,Glenn,021,27897,0,0,0,0,0
2020-03-06,Humboldt,023,135768,4,1,0,1,0
2020-03-06,Imperial,025,180216,3,0,0,0,0
2020-03-06,Inyo,027,18085,0,0,0,0,0
2020-03-06,Kern,029,883053,6,0,0,0,0
2020-03-06,Kings,031,150075,3,0,1,1,0
2020-03-06,Lake,033,64148,0,0,0,0,0
2020-03-06,Lassen,035,31185,0,0,0,0,0
2020-03-06,Los Angeles,037,10098052,275,13,6,19,0
2020-03-06,Madera,039,155013,5,0,0,0,0
2020-03-06,Marin,041,260295,10,0,0,0,0
2020-03-06,Mariposa,043,17540,0,0,0,0,0
2020-03-06,Mendocino,045,87422,0,0,0,0,0
2020-03-06,Merced,047,269075,2,0,0,0,0
2020-03-06,Modoc,049,8938,0,0,0,0,0
2020-03-06,Mono,051,14174,1,0,0,0,0
2020-03-06,Monterey,053,433212,3,0,0,0,0
2020-03-06,Napa,055,140530,1,0,0,0,0
2020-03-06,Nevada,057,99092,1,0,1,1,0
2020-03-06,Orange,059,3164182,94,4,0,4,0
2020-03-06,Placer,061,380077,10,5,0,5,1
2020-03-06,Plumas,063,18699,0,0,0,0,0
2020-03-06,Riverside,065,2383286,30,0,1,1,0
2020-03-06,Sacramento,067,1510023,43,2,0,2,0
2020-03-06,San Benito,069,59416,3,2,0,2,0
2020-03-06,San Bernardino,071,2135413,39,0,0,0,0
2020-03-06,San Diego,073,3302833,59,2,0,2,0
2020-03-06,San Francisco,075,870044,41,2,0,2,0
2020-03-06,San Joaquin,077,732212,13,0,3,3,0
2020-03-06,San Luis Obispo,079,281455,4,0,0,0,0
2020-03-06,San Mateo,081,765935,78,1,0,1,0
2020-03-06,Santa Barbara,083,443738,3,0,0,0,0
2020-03-06,Santa Clara,085,1922200,188,20,1,21,0
2020-03-06,Santa Cruz,087,273765,15,0,0,0,0
2020-03-06,Shasta,089,179085,2,0,0,0,0
2020-03-06,Sierra,091,2930,0,0,0,0,0
2020-03-06,Siskiyou,093,43540,0,0,0,0,0
2020-03-06,Solano,095,438530,22,25,0,25,0
2020-03-06,Sonoma,097,501317,13,2,0,2,0
2020-03-06,Stanislaus,099,539301,5,0,2,2,0
2020-03-06,Sutter,101,95872,0,0,0,0,0
2020-03-06,Tehama,103,63373,0,0,0,0,0
2020-03-06,Trinity,105,12862,0,0,0,0,0
2020-03-06,Tulare,107,460477,6,0,0,0,0
2020-03-06,Tuolumne,109,53932,1,0,0,0,0
2020-03-06,Ventura,111,848112,15,1,0,1,0
2020-03-06,Yolo,113,214977,2,1,0,1,0
2020-03-06,Yuba,115,75493,0,0,0,0,0
2020-03-05,Alameda,001,1643700,35,2,0,2,0
2020-03-05,Alpine,003,1148,0,0,0,0,0
2020-03-05,Amador,005,37829,0,0,0,0,0
2020-03-05,Butte,007,227075,0,0,0,0,0
2020-03-05,Calaveras,009,45235,2,0,0,0,0
2020-03-05,Colusa,011,21464,0,0,0,0,0
2020-03-05,Contra Costa,013,1133247,39,1,0,1,0
2020-03-05,Del Norte,015,27424,0,0,0,0,0
2020-03-05,El Dorado,017,186661,1,0,0,0,0
2020-03-05,Fresno,019,978130,3,0,1,1,0
2020-03-05,Glenn,021,27897,0,0,0,0,0
2020-03-05,Humboldt,023,135768,4,1,0,1,0
2020-03-05,Imperial,025,180216,2,0,0,0,0
2020-03-05,Inyo,027,18085,0,0,0,0,0
2020-03-05,Kern,029,883053,6,0,0,0,0
2020-03-05,Kings,031,150075,3,0,1,1,0
2020-03-05,Lake,033,64148,0,0,0,0,0
2020-03-05,Lassen,035,31185,0,0,0,0,0
2020-03-05,Los Angeles,037,10098052,228,11,6,17,0
2020-03-05,Madera,039,155013,5,0,0,0,0
2020-03-05,Marin,041,260295,10,0,0,0,0
2020-03-05,Mariposa,043,17540,0,0,0,0,0
2020-03-05,Mendocino,045,87422,0,0,0,0,0
2020-03-05,Merced,047,269075,2,0,0,0,0
2020-03-05,Modoc,049,8938,0,0,0,0,0
2020-03-05,Mono,051,14174,1,0,0,0,0
2020-03-05,Monterey,053,433212,3,0,0,0,0
2020-03-05,Napa,055,140530,1,0,0,0,0
2020-03-05,Nevada,057,99092,0,0,1,1,0
2020-03-05,Orange,059,3164182,79,3,0,3,0
2020-03-05,Placer,061,380077,10,2,0,2,1
2020-03-05,Plumas,063,18699,0,0,0,0,0
2020-03-05,Riverside,065,2383286,27,0,1,1,0
2020-03-05,Sacramento,067,1510023,37,2,0,2,0
2020-03-05,San Benito,069,59416,1,2,0,2,0
2020-03-05,San Bernardino,071,2135413,34,0,0,0,0
2020-03-05,San Diego,073,3302833,52,2,0,2,0
2020-03-05,San Francisco,075,870044,31,2,0,2,0
2020-03-05,San Joaquin,077,732212,10,0,3,3,0
2020-03-05,San Luis Obispo,079,281455,4,0,0,0,0
2020-03-05,San Mateo,081,765935,65,1,0,1,0
2020-03-05,Santa Barbara,083,443738,2,0,0,0,0
2020-03-05,Santa Clara,085,1922200,164,14,1,15,0
2020-03-05,Santa Cruz,087,273765,13,0,0,0,0
2020-03-05,Shasta,089,179085,2,0,0,0,0
2020-03-05,Sierra,091,2930,0,0,0,0,0
2020-03-05,Siskiyou,093,43540,0,0,0,0,0
2020-03-05,Solano,095,438530,22,24,0,24,0
2020-03-05,Sonoma,097,501317,12,2,0,2,0
2020-03-05,Stanislaus,099,539301,4,0,2,2,0
2020-03-05,Sutter,101,95872,0,0,0,0,0
2020-03-05,Tehama,103,63373,0,0,0,0,0
2020-03-05,Trinity,105,12862,0,0,0,0,0
2020-03-05,Tulare,107,460477,6,0,0,0,0
2020-03-05,Tuolumne,109,53932,1,0,0,0,0
2020-03-05,Ventura,111,848112,13,0,0,0,0
2020-03-05,Yolo,113,214977,2,0,0,0,0
2020-03-05,Yuba,115,75493,0,0,0,0,0
2020-03-04,Alameda,001,1643700,31,2,0,2,0
2020-03-04,Alpine,003,1148,0,0,0,0,0
2020-03-04,Amador,005,37829,0,0,0,0,0
2020-03-04,Butte,007,227075,0,0,0,0,0
2020-03-04,Calaveras,009,45235,0,0,0,0,0
2020-03-04,Colusa,011,21464,0,0,0,0,0
2020-03-04,Contra Costa,013,1133247,34,1,0,1,0
2020-03-04,Del Norte,015,27424,0,0,0,0,0
2020-03-04,El Dorado,017,186661,1,0,0,0,0
2020-03-04,Fresno,019,978130,3,0,1,1,0
2020-03-04,Glenn,021,27897,0,0,0,0,0
2020-03-04,Humboldt,023,135768,1,1,0,1,0
2020-03-04,Imperial,025,180216,2,0,0,0,0
2020-03-04,Inyo,027,18085,0,0,0,0,0
2020-03-04,Kern,029,883053,6,0,0,0,0
2020-03-04,Kings,031,150075,3,0,1,1,0
2020-03-04,Lake,033,64148,0,0,0,0,0
2020-03-04,Lassen,035,31185,0,0,0,0,0
2020-03-04,Los Angeles,037,10098052,192,7,6,13,0
2020-03-04,Madera,039,155013,5,0,0,0,0
2020-03-04,Marin,041,260295,10,0,0,0,0
2020-03-04,Mariposa,043,17540,0,0,0,0,0
2020-03-04,Mendocino,045,87422,0,0,0,0,0
2020-03-04,Merced,047,269075,2,0,0,0,0
2020-03-04,Modoc,049,8938,0,0,0,0,0
2020-03-04,Mono,051,14174,1,0,0,0,0
2020-03-04,Monterey,053,433212,3,0,0,0,0
2020-03-04,Napa,055,140530,1,0,0,0,0
2020-03-04,Nevada,057,99092,0,0,1,1,0
2020-03-04,Orange,059,3164182,76,3,0,3,0
2020-03-04,Placer,061,380077,9,2,0,2,1
2020-03-04,Plumas,063,18699,0,0,0,0,0
2020-03-04,Riverside,065,2383286,23,0,1,1,0
2020-03-04,Sacramento,067,1510023,32,1,0,1,0
2020-03-04,San Benito,069,59416,1,2,0,2,0
2020-03-04,San Bernardino,071,2135413,31,0,0,0,0
2020-03-04,San Diego,073,3302833,39,2,0,2,0
2020-03-04,San Francisco,075,870044,26,0,0,0,0
2020-03-04,San Joaquin,077,732212,9,0,3,3,0
2020-03-04,San Luis Obispo,079,281455,4,0,0,0,0
2020-03-04,San Mateo,081,765935,60,1,0,1,0
2020-03-04,Santa Barbara,083,443738,2,0,0,0,0
2020-03-04,Santa Clara,085,1922200,147,12,1,13,0
2020-03-04,Santa Cruz,087,273765,13,0,0,0,0
2020-03-04,Shasta,089,179085,2,0,0,0,0
2020-03-04,Sierra,091,2930,0,0,0,0,0
2020-03-04,Siskiyou,093,43540,0,0,0,0,0
2020-03-04,Solano,095,438530,21,24,0,24,0
2020-03-04,Sonoma,097,501317,11,2,0,2,0
2020-03-04,Stanislaus,099,539301,4,0,2,2,0
2020-03-04,Sutter,101,95872,0,0,0,0,0
2020-03-04,Tehama,103,63373,0,0,0,0,0
2020-03-04,Trinity,105,12862,0,0,0,0,0
2020-03-04,Tulare,107,460477,6,0,0,0,0
2020-03-04,Tuolumne,109,53932,0,0,0,0,0
2020-03-04,Ventura,111,848112,12,0,0,0,0
2020-03-04,Yolo,113,214977,2,0,0,0,0
2020-03-04,Yuba,115,75493,0,0,0,0,0
2020-03-03,Alameda,001,1643700,25,2,0,2,0
2020-03-03,Alpine,003,1148,0,0,0,0,0
2020-03-03,Amador,005,37829,0,0,0,0,0
2020-03-03,Butte,007,227075,0,0,0,0,0
2020-03-03,Calaveras,009,45235,0,0,0,0,0
2020-03-03,Colusa,011,21464,0,0,0,0,0
2020-03-03,Contra Costa,013,1133247,30,0,0,0,0
2020-03-03,Del Norte,015,27424,0,0,0,0,0
2020-03-03,El Dorado,017,186661,1,0,0,0,0
2020-03-03,Fresno,019,978130,2,0,1,1,0
2020-03-03,Glenn,021,27897,0,0,0,0,0
2020-03-03,Humboldt,023,135768,1,1,0,1,0
2020-03-03,Imperial,025,180216,2,0,0,0,0
2020-03-03,Inyo,027,18085,0,0,0,0,0
2020-03-03,Kern,029,883053,4,0,0,0,0
2020-03-03,Kings,031,150075,3,0,1,1,0
2020-03-03,Lake,033,64148,0,0,0,0,0
2020-03-03,Lassen,035,31185,0,0,0,0,0
2020-03-03,Los Angeles,037,10098052,173,5,6,11,0
2020-03-03,Madera,039,155013,4,0,0,0,0
2020-03-03,Marin,041,260295,6,0,0,0,0
2020-03-03,Mariposa,043,17540,0,0,0,0,0
2020-03-03,Mendocino,045,87422,0,0,0,0,0
2020-03-03,Merced,047,269075,2,0,0,0,0
2020-03-03,Modoc,049,8938,0,0,0,0,0
2020-03-03,Mono,051,14174,1,0,0,0,0
2020-03-03,Monterey,053,433212,2,0,0,0,0
2020-03-03,Napa,055,140530,1,0,0,0,0
2020-03-03,Nevada,057,99092,0,0,1,1,0
2020-03-03,Orange,059,3164182,68,1,0,1,0
2020-03-03,Placer,061,380077,8,2,0,2,0
2020-03-03,Plumas,063,18699,0,0,0,0,0
2020-03-03,Riverside,065,2383286,20,0,1,1,0
2020-03-03,Sacramento,067,1510023,31,1,0,1,0
2020-03-03,San Benito,069,59416,1,2,0,2,0
2020-03-03,San Bernardino,071,2135413,28,0,0,0,0
2020-03-03,San Diego,073,3302833,32,2,0,2,0
2020-03-03,San Francisco,075,870044,24,0,0,0,0
2020-03-03,San Joaquin,077,732212,8,0,3,3,0
2020-03-03,San Luis Obispo,079,281455,2,0,0,0,0
2020-03-03,San Mateo,081,765935,53,1,0,1,0
2020-03-03,Santa Barbara,083,443738,1,0,0,0,0
2020-03-03,Santa Clara,085,1922200,132,11,1,12,0
2020-03-03,Santa Cruz,087,273765,10,0,0,0,0
2020-03-03,Shasta,089,179085,2,0,0,0,0
2020-03-03,Sierra,091,2930,0,0,0,0,0
2020-03-03,Siskiyou,093,43540,0,0,0,0,0
2020-03-03,Solano,095,438530,20,24,0,24,0
2020-03-03,Sonoma,097,501317,11,1,0,1,0
2020-03-03,Stanislaus,099,539301,4,0,2,2,0
2020-03-03,Sutter,101,95872,0,0,0,0,0
2020-03-03,Tehama,103,63373,0,0,0,0,0
2020-03-03,Trinity,105,12862,0,0,0,0,0
2020-03-03,Tulare,107,460477,6,0,0,0,0
2020-03-03,Tuolumne,109,53932,0,0,0,0,0
2020-03-03,Ventura,111,848112,11,0,0,0,0
2020-03-03,Yolo,113,214977,1,0,0,0,0
2020-03-03,Yuba,115,75493,0,0,0,0,0
2020-03-02,Alameda,001,1643700,22,1,0,1,0
2020-03-02,Alpine,003,1148,0,0,0,0,0
2020-03-02,Amador,005,37829,0,0,0,0,0
2020-03-02,Butte,007,227075,0,0,0,0,0
2020-03-02,Calaveras,009,45235,0,0,0,0,0
2020-03-02,Colusa,011,21464,0,0,0,0,0
2020-03-02,Contra Costa,013,1133247,27,0,0,0,0
2020-03-02,Del Norte,015,27424,0,0,0,0,0
2020-03-02,El Dorado,017,186661,1,0,0,0,0
2020-03-02,Fresno,019,978130,2,0,1,1,0
2020-03-02,Glenn,021,27897,0,0,0,0,0
2020-03-02,Humboldt,023,135768,1,1,0,1,0
2020-03-02,Imperial,025,180216,2,0,0,0,0
2020-03-02,Inyo,027,18085,0,0,0,0,0
2020-03-02,Kern,029,883053,4,0,0,0,0
2020-03-02,Kings,031,150075,3,0,1,1,0
2020-03-02,Lake,033,64148,0,0,0,0,0
2020-03-02,Lassen,035,31185,0,0,0,0,0
2020-03-02,Los Angeles,037,10098052,158,1,6,7,0
2020-03-02,Madera,039,155013,4,0,0,0,0
2020-03-02,Marin,041,260295,6,0,0,0,0
2020-03-02,Mariposa,043,17540,0,0,0,0,0
2020-03-02,Mendocino,045,87422,0,0,0,0,0
2020-03-02,Merced,047,269075,1,0,0,0,0
2020-03-02,Modoc,049,8938,0,0,0,0,0
2020-03-02,Mono,051,14174,1,0,0,0,0
2020-03-02,Monterey,053,433212,2,0,0,0,0
2020-03-02,Napa,055,140530,1,0,0,0,0
2020-03-02,Nevada,057,99092,0,0,1,1,0
2020-03-02,Orange,059,3164182,63,1,0,1,0
2020-03-02,Placer,061,380077,8,1,0,1,0
2020-03-02,Plumas,063,18699,0,0,0,0,0
2020-03-02,Riverside,065,2383286,19,0,1,1,0
2020-03-02,Sacramento,067,1510023,25,1,0,1,0
2020-03-02,San Benito,069,59416,1,2,0,2,0
2020-03-02,San Bernardino,071,2135413,28,0,0,0,0
2020-03-02,San Diego,073,3302833,26,2,0,2,0
2020-03-02,San Francisco,075,870044,17,0,0,0,0
2020-03-02,San Joaquin,077,732212,7,0,3,3,0
2020-03-02,San Luis Obispo,079,281455,2,0,0,0,0
2020-03-02,San Mateo,081,765935,44,1,0,1,0
2020-03-02,Santa Barbara,083,443738,1,0,0,0,0
2020-03-02,Santa Clara,085,1922200,110,7,1,8,0
2020-03-02,Santa Cruz,087,273765,9,0,0,0,0
2020-03-02,Shasta,089,179085,2,0,0,0,0
2020-03-02,Sierra,091,2930,0,0,0,0,0
2020-03-02,Siskiyou,093,43540,0,0,0,0,0
2020-03-02,Solano,095,438530,19,24,0,24,0
2020-03-02,Sonoma,097,501317,10,1,0,1,0
2020-03-02,Stanislaus,099,539301,2,0,2,2,0
2020-03-02,Sutter,101,95872,0,0,0,0,0
2020-03-02,Tehama,103,63373,0,0,0,0,0
2020-03-02,Trinity,105,12862,0,0,0,0,0
2020-03-02,Tulare,107,460477,6,0,0,0,0
2020-03-02,Tuolumne,109,53932,0,0,0,0,0
2020-03-02,Ventura,111,848112,10,0,0,0,0
2020-03-02,Yolo,113,214977,1,0,0,0,0
2020-03-02,Yuba,115,75493,0,0,0,0,0
2020-03-01,Alameda,001,1643700,21,1,0,1,0
2020-03-01,Alpine,003,1148,0,0,0,0,0
2020-03-01,Amador,005,37829,0,0,0,0,0
2020-03-01,Butte,007,227075,0,0,0,0,0
2020-03-01,Calaveras,009,45235,0,0,0,0,0
2020-03-01,Colusa,011,21464,0,0,0,0,0
2020-03-01,Contra Costa,013,1133247,24,0,0,0,0
2020-03-01,Del Norte,015,27424,0,0,0,0,0
2020-03-01,El Dorado,017,186661,1,0,0,0,0
2020-03-01,Fresno,019,978130,1,0,1,1,0
2020-03-01,Glenn,021,27897,0,0,0,0,0
2020-03-01,Humboldt,023,135768,1,1,0,1,0
2020-03-01,Imperial,025,180216,2,0,0,0,0
2020-03-01,Inyo,027,18085,0,0,0,0,0
2020-03-01,Kern,029,883053,2,0,0,0,0
2020-03-01,Kings,031,150075,3,0,1,1,0
2020-03-01,Lake,033,64148,0,0,0,0,0
2020-03-01,Lassen,035,31185,0,0,0,0,0
2020-03-01,Los Angeles,037,10098052,139,1,6,7,0
2020-03-01,Madera,039,155013,2,0,0,0,0
2020-03-01,Marin,041,260295,5,0,0,0,0
2020-03-01,Mariposa,043,17540,0,0,0,0,0
2020-03-01,Mendocino,045,87422,0,0,0,0,0
2020-03-01,Merced,047,269075,1,0,0,0,0
2020-03-01,Modoc,049,8938,0,0,0,0,0
2020-03-01,Mono,051,14174,1,0,0,0,0
2020-03-01,Monterey,053,433212,1,0,0,0,0
2020-03-01,Napa,055,140530,1,0,0,0,0
2020-03-01,Nevada,057,99092,0,0,1,1,0
2020-03-01,Orange,059,3164182,60,1,0,1,0
2020-03-01,Placer,061,380077,8,0,0,0,0
2020-03-01,Plumas,063,18699,0,0,0,0,0
2020-03-01,Riverside,065,2383286,18,0,1,1,0
2020-03-01,Sacramento,067,1510023,21,1,0,1,0
2020-03-01,San Benito,069,59416,0,2,0,2,0
2020-03-01,San Bernardino,071,2135413,27,0,0,0,0
2020-03-01,San Diego,073,3302833,19,2,0,2,0
2020-03-01,San Francisco,075,870044,13,0,0,0,0
2020-03-01,San Joaquin,077,732212,7,0,3,3,0
2020-03-01,San Luis Obispo,079,281455,2,0,0,0,0
2020-03-01,San Mateo,081,765935,36,0,0,0,0
2020-03-01,Santa Barbara,083,443738,1,0,0,0,0
2020-03-01,Santa Clara,085,1922200,97,6,1,7,0
2020-03-01,Santa Cruz,087,273765,8,0,0,0,0
2020-03-01,Shasta,089,179085,2,0,0,0,0
2020-03-01,Sierra,091,2930,0,0,0,0,0
2020-03-01,Siskiyou,093,43540,0,0,0,0,0
2020-03-01,Solano,095,438530,19,24,0,24,0
2020-03-01,Sonoma,097,501317,9,0,0,0,0
2020-03-01,Stanislaus,099,539301,2,0,2,2,0
2020-03-01,Sutter,101,95872,0,0,0,0,0
2020-03-01,Tehama,103,63373,0,0,0,0,0
2020-03-01,Trinity,105,12862,0,0,0,0,0
2020-03-01,Tulare,107,460477,6,0,0,0,0
2020-03-01,Tuolumne,109,53932,0,0,0,0,0
2020-03-01,Ventura,111,848112,8,0,0,0,0
2020-03-01,Yolo,113,214977,1,0,0,0,0
2020-03-01,Yuba,115,75493,0,0,0,0,0
2020-02-29,Alameda,001,1643700,17,0,0,0,0
2020-02-29,Alpine,003,1148,0,0,0,0,0
2020-02-29,Amador,005,37829,0,0,0,0,0
2020-02-29,Butte,007,227075,0,0,0,0,0
2020-02-29,Calaveras,009,45235,0,0,0,0,0
2020-02-29,Colusa,011,21464,0,0,0,0,0
2020-02-29,Contra Costa,013,1133247,20,0,0,0,0
2020-02-29,Del Norte,015,27424,0,0,0,0,0
2020-02-29,El Dorado,017,186661,1,0,0,0,0
2020-02-29,Fresno,019,978130,1,0,0,0,0
2020-02-29,Glenn,021,27897,0,0,0,0,0
2020-02-29,Humboldt,023,135768,1,1,0,1,0
2020-02-29,Imperial,025,180216,1,0,0,0,0
2020-02-29,Inyo,027,18085,0,0,0,0,0
2020-02-29,Kern,029,883053,2,0,0,0,0
2020-02-29,Kings,031,150075,3,0,1,1,0
2020-02-29,Lake,033,64148,0,0,0,0,0
2020-02-29,Lassen,035,31185,0,0,0,0,0
2020-02-29,Los Angeles,037,10098052,110,1,6,7,0
2020-02-29,Madera,039,155013,2,0,0,0,0
2020-02-29,Marin,041,260295,4,0,0,0,0
2020-02-29,Mariposa,043,17540,0,0,0,0,0
2020-02-29,Mendocino,045,87422,0,0,0,0,0
2020-02-29,Merced,047,269075,1,0,0,0,0
2020-02-29,Modoc,049,8938,0,0,0,0,0
2020-02-29,Mono,051,14174,1,0,0,0,0
2020-02-29,Monterey,053,433212,1,0,0,0,0
2020-02-29,Napa,055,140530,1,0,0,0,0
2020-02-29,Nevada,057,99092,0,0,1,1,0
2020-02-29,Orange,059,3164182,55,1,0,1,0
2020-02-29,Placer,061,380077,7,0,0,0,0
2020-02-29,Plumas,063,18699,0,0,0,0,0
2020-02-29,Riverside,065,2383286,15,0,1,1,0
2020-02-29,Sacramento,067,1510023,16,1,0,1,0
2020-02-29,San Benito,069,59416,0,2,0,2,0
2020-02-29,San Bernardino,071,2135413,25,0,0,0,0
2020-02-29,San Diego,073,3302833,14,2,0,2,0
2020-02-29,San Francisco,075,870044,12,0,0,0,0
2020-02-29,San Joaquin,077,732212,6,0,3,3,0
2020-02-29,San Luis Obispo,079,281455,2,0,0,0,0
2020-02-29,San Mateo,081,765935,29,0,0,0,0
2020-02-29,Santa Barbara,083,443738,0,0,0,0,0
2020-02-29,Santa Clara,085,1922200,75,3,1,4,0
2020-02-29,Santa Cruz,087,273765,8,0,0,0,0
2020-02-29,Shasta,089,179085,2,0,0,0,0
2020-02-29,Sierra,091,2930,0,0,0,0,0
2020-02-29,Siskiyou,093,43540,0,0,0,0,0
2020-02-29,Solano,095,438530,18,23,0,23,0
2020-02-29,Sonoma,097,501317,6,0,0,0,0
2020-02-29,Stanislaus,099,539301,2,0,2,2,0
2020-02-29,Sutter,101,95872,0,0,0,0,0
2020-02-29,Tehama,103,63373,0,0,0,0,0
2020-02-29,Trinity,105,12862,0,0,0,0,0
2020-02-29,Tulare,107,460477,4,0,0,0,0
2020-02-29,Tuolumne,109,53932,0,0,0,0,0
2020-02-29,Ventura,111,848112,6,0,0,0,0
2020-02-29,Yolo,113,214977,1,0,0,0,0
2020-02-29,Yuba,115,75493,0,0,0,0,0
2020-02-28,Alameda,001,1643700,15,0,0,0,0
2020-02-28,Alpine,003,1148,0,0,0,0,0
2020-02-28,Amador,005,37829,0,0,0,0,0
2020-02-28,Butte,007,227075,0,0,0,0,0
2020-02-28,Calaveras,009,45235,0,0,0,0,0
2020-02-28,Colusa,011,21464,0,0,0,0,0
2020-02-28,Contra Costa,013,1133247,20,0,0,0,0
2020-02-28,Del Norte,015,27424,0,0,0,0,0
2020-02-28,El Dorado,017,186661,0,0,0,0,0
2020-02-28,Fresno,019,978130,1,0,0,0,0
2020-02-28,Glenn,021,27897,0,0,0,0,0
2020-02-28,Humboldt,023,135768,1,1,0,1,0
2020-02-28,Imperial,025,180216,1,0,0,0,0
2020-02-28,Inyo,027,18085,0,0,0,0,0
2020-02-28,Kern,029,883053,2,0,0,0,0
2020-02-28,Kings,031,150075,3,0,1,1,0
2020-02-28,Lake,033,64148,0,0,0,0,0
2020-02-28,Lassen,035,31185,0,0,0,0,0
2020-02-28,Los Angeles,037,10098052,102,1,6,7,0
2020-02-28,Madera,039,155013,2,0,0,0,0
2020-02-28,Marin,041,260295,2,0,0,0,0
2020-02-28,Mariposa,043,17540,0,0,0,0,0
2020-02-28,Mendocino,045,87422,0,0,0,0,0
2020-02-28,Merced,047,269075,1,0,0,0,0
2020-02-28,Modoc,049,8938,0,0,0,0,0
2020-02-28,Mono,051,14174,0,0,0,0,0
2020-02-28,Monterey,053,433212,1,0,0,0,0
2020-02-28,Napa,055,140530,1,0,0,0,0
2020-02-28,Nevada,057,99092,0,0,1,1,0
2020-02-28,Orange,059,3164182,53,1,0,1,0
2020-02-28,Placer,061,380077,7,0,0,0,0
2020-02-28,Plumas,063,18699,0,0,0,0,0
2020-02-28,Riverside,065,2383286,13,0,1,1,0
2020-02-28,Sacramento,067,1510023,10,1,0,1,0
2020-02-28,San Benito,069,59416,0,2,0,2,0
2020-02-28,San Bernardino,071,2135413,25,0,0,0,0
2020-02-28,San Diego,073,3302833,11,2,0,2,0
2020-02-28,San Francisco,075,870044,10,0,0,0,0
2020-02-28,San Joaquin,077,732212,6,0,3,3,0
2020-02-28,San Luis Obispo,079,281455,2,0,0,0,0
2020-02-28,San Mateo,081,765935,24,0,0,0,0
2020-02-28,Santa Barbara,083,443738,0,0,0,0,0
2020-02-28,Santa Clara,085,1922200,70,3,1,4,0
2020-02-28,Santa Cruz,087,273765,8,0,0,0,0
2020-02-28,Shasta,089,179085,2,0,0,0,0
2020-02-28,Sierra,091,2930,0,0,0,0,0
2020-02-28,Siskiyou,093,43540,0,0,0,0,0
2020-02-28,Solano,095,438530,17,23,0,23,0
2020-02-28,Sonoma,097,501317,6,0,0,0,0
2020-02-28,Stanislaus,099,539301,2,0,2,2,0
2020-02-28,Sutter,101,95872,0,0,0,0,0
2020-02-28,Tehama,103,63373,0,0,0,0,0
2020-02-28,Trinity,105,12862,0,0,0,0,0
2020-02-28,Tulare,107,460477,3,0,0,0,0
2020-02-28,Tuolumne,109,53932,0,0,0,0,0
2020-02-28,Ventura,111,848112,6,0,0,0,0
2020-02-28,Yolo,113,214977,1,0,0,0,0
2020-02-28,Yuba,115,75493,0,0,0,0,0
2020-02-27,Alameda,001,1643700,14,0,0,0,0
2020-02-27,Alpine,003,1148,0,0,0,0,0
2020-02-27,Amador,005,37829,0,0,0,0,0
2020-02-27,Butte,007,227075,0,0,0,0,0
2020-02-27,Calaveras,009,45235,0,0,0,0,0
2020-02-27,Colusa,011,21464,0,0,0,0,0
2020-02-27,Contra Costa,013,1133247,14,0,0,0,0
2020-02-27,Del Norte,015,27424,0,0,0,0,0
2020-02-27,El Dorado,017,186661,0,0,0,0,0
2020-02-27,Fresno,019,978130,1,0,0,0,0
2020-02-27,Glenn,021,27897,0,0,0,0,0
2020-02-27,Humboldt,023,135768,1,1,0,1,0
2020-02-27,Imperial,025,180216,1,0,0,0,0
2020-02-27,Inyo,027,18085,0,0,0,0,0
2020-02-27,Kern,029,883053,2,0,0,0,0
2020-02-27,Kings,031,150075,3,0,1,1,0
2020-02-27,Lake,033,64148,0,0,0,0,0
2020-02-27,Lassen,035,31185,0,0,0,0,0
2020-02-27,Los Angeles,037,10098052,94,1,6,7,0
2020-02-27,Madera,039,155013,2,0,0,0,0
2020-02-27,Marin,041,260295,1,0,0,0,0
2020-02-27,Mariposa,043,17540,0,0,0,0,0
2020-02-27,Mendocino,045,87422,0,0,0,0,0
2020-02-27,Merced,047,269075,1,0,0,0,0
2020-02-27,Modoc,049,8938,0,0,0,0,0
2020-02-27,Mono,051,14174,0,0,0,0,0
2020-02-27,Monterey,053,433212,1,0,0,0,0
2020-02-27,Napa,055,140530,1,0,0,0,0
2020-02-27,Nevada,057,99092,0,0,1,1,0
2020-02-27,Orange,059,3164182,47,1,0,1,0
2020-02-27,Placer,061,380077,6,0,0,0,0
2020-02-27,Plumas,063,18699,0,0,0,0,0
2020-02-27,Riverside,065,2383286,12,0,1,1,0
2020-02-27,Sacramento,067,1510023,10,1,0,1,0
2020-02-27,San Benito,069,59416,0,2,0,2,0
2020-02-27,San Bernardino,071,2135413,25,0,0,0,0
2020-02-27,San Diego,073,3302833,10,2,0,2,0
2020-02-27,San Francisco,075,870044,9,0,0,0,0
2020-02-27,San Joaquin,077,732212,5,0,3,3,0
2020-02-27,San Luis Obispo,079,281455,2,0,0,0,0
2020-02-27,San Mateo,081,765935,20,0,0,0,0
2020-02-27,Santa Barbara,083,443738,0,0,0,0,0
2020-02-27,Santa Clara,085,1922200,59,2,1,3,0
2020-02-27,Santa Cruz,087,273765,6,0,0,0,0
2020-02-27,Shasta,089,179085,0,0,0,0,0
2020-02-27,Sierra,091,2930,0,0,0,0,0
2020-02-27,Siskiyou,093,43540,0,0,0,0,0
2020-02-27,Solano,095,438530,17,23,0,23,0
2020-02-27,Sonoma,097,501317,5,0,0,0,0
2020-02-27,Stanislaus,099,539301,2,0,2,2,0
2020-02-27,Sutter,101,95872,0,0,0,0,0
2020-02-27,Tehama,103,63373,0,0,0,0,0
2020-02-27,Trinity,105,12862,0,0,0,0,0
2020-02-27,Tulare,107,460477,3,0,0,0,0
2020-02-27,Tuolumne,109,53932,0,0,0,0,0
2020-02-27,Ventura,111,848112,4,0,0,0,0
2020-02-27,Yolo,113,214977,1,0,0,0,0
2020-02-27,Yuba,115,75493,0,0,0,0,0
2020-02-26,Alameda,001,1643700,14,0,0,0,0
2020-02-26,Alpine,003,1148,0,0,0,0,0
2020-02-26,Amador,005,37829,0,0,0,0,0
2020-02-26,Butte,007,227075,0,0,0,0,0
2020-02-26,Calaveras,009,45235,0,0,0,0,0
2020-02-26,Colusa,011,21464,0,0,0,0,0
2020-02-26,Contra Costa,013,1133247,13,0,0,0,0
2020-02-26,Del Norte,015,27424,0,0,0,0,0
2020-02-26,El Dorado,017,186661,0,0,0,0,0
2020-02-26,Fresno,019,978130,1,0,0,0,0
2020-02-26,Glenn,021,27897,0,0,0,0,0
2020-02-26,Humboldt,023,135768,1,1,0,1,0
2020-02-26,Imperial,025,180216,1,0,0,0,0
2020-02-26,Inyo,027,18085,0,0,0,0,0
2020-02-26,Kern,029,883053,2,0,0,0,0
2020-02-26,Kings,031,150075,3,0,1,1,0
2020-02-26,Lake,033,64148,0,0,0,0,0
2020-02-26,Lassen,035,31185,0,0,0,0,0
2020-02-26,Los Angeles,037,10098052,88,1,6,7,0
2020-02-26,Madera,039,155013,2,0,0,0,0
2020-02-26,Marin,041,260295,1,0,0,0,0
2020-02-26,Mariposa,043,17540,0,0,0,0,0
2020-02-26,Mendocino,045,87422,0,0,0,0,0
2020-02-26,Merced,047,269075,1,0,0,0,0
2020-02-26,Modoc,049,8938,0,0,0,0,0
2020-02-26,Mono,051,14174,0,0,0,0,0
2020-02-26,Monterey,053,433212,1,0,0,0,0
2020-02-26,Napa,055,140530,0,0,0,0,0
2020-02-26,Nevada,057,99092,0,0,1,1,0
2020-02-26,Orange,059,3164182,46,1,0,1,0
2020-02-26,Placer,061,380077,5,0,0,0,0
2020-02-26,Plumas,063,18699,0,0,0,0,0
2020-02-26,Riverside,065,2383286,10,0,1,1,0
2020-02-26,Sacramento,067,1510023,10,1,0,1,0
2020-02-26,San Benito,069,59416,0,2,0,2,0
2020-02-26,San Bernardino,071,2135413,23,0,0,0,0
2020-02-26,San Diego,073,3302833,9,2,0,2,0
2020-02-26,San Francisco,075,870044,9,0,0,0,0
2020-02-26,San Joaquin,077,732212,5,0,3,3,0
2020-02-26,San Luis Obispo,079,281455,2,0,0,0,0
2020-02-26,San Mateo,081,765935,18,0,0,0,0
2020-02-26,Santa Barbara,083,443738,0,0,0,0,0
2020-02-26,Santa Clara,085,1922200,50,2,1,3,0
2020-02-26,Santa Cruz,087,273765,6,0,0,0,0
2020-02-26,Shasta,089,179085,0,0,0,0,0
2020-02-26,Sierra,091,2930,0,0,0,0,0
2020-02-26,Siskiyou,093,43540,0,0,0,0,0
2020-02-26,Solano,095,438530,17,23,0,23,0
2020-02-26,Sonoma,097,501317,5,0,0,0,0
2020-02-26,Stanislaus,099,539301,2,0,2,2,0
2020-02-26,Sutter,101,95872,0,0,0,0,0
2020-02-26,Tehama,103,63373,0,0,0,0,0
2020-02-26,Trinity,105,12862,0,0,0,0,0
2020-02-26,Tulare,107,460477,3,0,0,0,0
2020-02-26,Tuolumne,109,53932,0,0,0,0,0
2020-02-26,Ventura,111,848112,4,0,0,0,0
2020-02-26,Yolo,113,214977,1,0,0,0,0
2020-02-26,Yuba,115,75493,0,0,0,0,0
2020-02-25,Alameda,001,1643700,14,0,0,0,0
2020-02-25,Alpine,003,1148,0,0,0,0,0
2020-02-25,Amador,005,37829,0,0,0,0,0
2020-02-25,Butte,007,227075,0,0,0,0,0
2020-02-25,Calaveras,009,45235,0,0,0,0,0
2020-02-25,Colusa,011,21464,0,0,0,0,0
2020-02-25,Contra Costa,013,1133247,11,0,0,0,0
2020-02-25,Del Norte,015,27424,0,0,0,0,0
2020-02-25,El Dorado,017,186661,0,0,0,0,0
2020-02-25,Fresno,019,978130,1,0,0,0,0
2020-02-25,Glenn,021,27897,0,0,0,0,0
2020-02-25,Humboldt,023,135768,1,1,0,1,0
2020-02-25,Imperial,025,180216,1,0,0,0,0
2020-02-25,Inyo,027,18085,0,0,0,0,0
2020-02-25,Kern,029,883053,2,0,0,0,0
2020-02-25,Kings,031,150075,3,0,1,1,0
2020-02-25,Lake,033,64148,0,0,0,0,0
2020-02-25,Lassen,035,31185,0,0,0,0,0
2020-02-25,Los Angeles,037,10098052,76,1,6,7,0
2020-02-25,Madera,039,155013,2,0,0,0,0
2020-02-25,Marin,041,260295,1,0,0,0,0
2020-02-25,Mariposa,043,17540,0,0,0,0,0
2020-02-25,Mendocino,045,87422,0,0,0,0,0
2020-02-25,Merced,047,269075,0,0,0,0,0
2020-02-25,Modoc,049,8938,0,0,0,0,0
2020-02-25,Mono,051,14174,0,0,0,0,0
2020-02-25,Monterey,053,433212,1,0,0,0,0
2020-02-25,Napa,055,140530,0,0,0,0,0
2020-02-25,Nevada,057,99092,0,0,1,1,0
2020-02-25,Orange,059,3164182,45,1,0,1,0
2020-02-25,Placer,061,380077,5,0,0,0,0
2020-02-25,Plumas,063,18699,0,0,0,0,0
2020-02-25,Riverside,065,2383286,10,0,1,1,0
2020-02-25,Sacramento,067,1510023,8,1,0,1,0
2020-02-25,San Benito,069,59416,0,2,0,2,0
2020-02-25,San Bernardino,071,2135413,21,0,0,0,0
2020-02-25,San Diego,073,3302833,5,2,0,2,0
2020-02-25,San Francisco,075,870044,7,0,0,0,0
2020-02-25,San Joaquin,077,732212,5,0,2,2,0
2020-02-25,San Luis Obispo,079,281455,2,0,0,0,0
2020-02-25,San Mateo,081,765935,17,0,0,0,0
2020-02-25,Santa Barbara,083,443738,0,0,0,0,0
2020-02-25,Santa Clara,085,1922200,40,2,1,3,0
2020-02-25,Santa Cruz,087,273765,5,0,0,0,0
2020-02-25,Shasta,089,179085,0,0,0,0,0
2020-02-25,Sierra,091,2930,0,0,0,0,0
2020-02-25,Siskiyou,093,43540,0,0,0,0,0
2020-02-25,Solano,095,438530,16,21,0,21,0
2020-02-25,Sonoma,097,501317,5,0,0,0,0
2020-02-25,Stanislaus,099,539301,2,0,2,2,0
2020-02-25,Sutter,101,95872,0,0,0,0,0
2020-02-25,Tehama,103,63373,0,0,0,0,0
2020-02-25,Trinity,105,12862,0,0,0,0,0
2020-02-25,Tulare,107,460477,3,0,0,0,0
2020-02-25,Tuolumne,109,53932,0,0,0,0,0
2020-02-25,Ventura,111,848112,4,0,0,0,0
2020-02-25,Yolo,113,214977,1,0,0,0,0
2020-02-25,Yuba,115,75493,0,0,0,0,0
2020-02-24,Alameda,001,1643700,14,0,0,0,0
2020-02-24,Alpine,003,1148,0,0,0,0,0
2020-02-24,Amador,005,37829,0,0,0,0,0
2020-02-24,Butte,007,227075,0,0,0,0,0
2020-02-24,Calaveras,009,45235,0,0,0,0,0
2020-02-24,Colusa,011,21464,0,0,0,0,0
2020-02-24,Contra Costa,013,1133247,9,0,0,0,0
2020-02-24,Del Norte,015,27424,0,0,0,0,0
2020-02-24,El Dorado,017,186661,0,0,0,0,0
2020-02-24,Fresno,019,978130,1,0,0,0,0
2020-02-24,Glenn,021,27897,0,0,0,0,0
2020-02-24,Humboldt,023,135768,1,1,0,1,0
2020-02-24,Imperial,025,180216,1,0,0,0,0
2020-02-24,Inyo,027,18085,0,0,0,0,0
2020-02-24,Kern,029,883053,2,0,0,0,0
2020-02-24,Kings,031,150075,3,0,1,1,0
2020-02-24,Lake,033,64148,0,0,0,0,0
2020-02-24,Lassen,035,31185,0,0,0,0,0
2020-02-24,Los Angeles,037,10098052,70,1,6,7,0
2020-02-24,Madera,039,155013,1,0,0,0,0
2020-02-24,Marin,041,260295,1,0,0,0,0
2020-02-24,Mariposa,043,17540,0,0,0,0,0
2020-02-24,Mendocino,045,87422,0,0,0,0,0
2020-02-24,Merced,047,269075,0,0,0,0,0
2020-02-24,Modoc,049,8938,0,0,0,0,0
2020-02-24,Mono,051,14174,0,0,0,0,0
2020-02-24,Monterey,053,433212,1,0,0,0,0
2020-02-24,Napa,055,140530,0,0,0,0,0
2020-02-24,Nevada,057,99092,0,0,1,1,0
2020-02-24,Orange,059,3164182,43,1,0,1,0
2020-02-24,Placer,061,380077,3,0,0,0,0
2020-02-24,Plumas,063,18699,0,0,0,0,0
2020-02-24,Riverside,065,2383286,9,0,1,1,0
2020-02-24,Sacramento,067,1510023,7,1,0,1,0
2020-02-24,San Benito,069,59416,0,2,0,2,0
2020-02-24,San Bernardino,071,2135413,21,0,0,0,0
2020-02-24,San Diego,073,3302833,5,2,0,2,0
2020-02-24,San Francisco,075,870044,6,0,0,0,0
2020-02-24,San Joaquin,077,732212,5,0,1,1,0
2020-02-24,San Luis Obispo,079,281455,2,0,0,0,0
2020-02-24,San Mateo,081,765935,13,0,0,0,0
2020-02-24,Santa Barbara,083,443738,0,0,0,0,0
2020-02-24,Santa Clara,085,1922200,38,2,1,3,0
2020-02-24,Santa Cruz,087,273765,5,0,0,0,0
2020-02-24,Shasta,089,179085,0,0,0,0,0
2020-02-24,Sierra,091,2930,0,0,0,0,0
2020-02-24,Siskiyou,093,43540,0,0,0,0,0
2020-02-24,Solano,095,438530,13,15,0,15,0
2020-02-24,Sonoma,097,501317,5,0,0,0,0
2020-02-24,Stanislaus,099,539301,2,0,2,2,0
2020-02-24,Sutter,101,95872,0,0,0,0,0
2020-02-24,Tehama,103,63373,0,0,0,0,0
2020-02-24,Trinity,105,12862,0,0,0,0,0
2020-02-24,Tulare,107,460477,3,0,0,0,0
2020-02-24,Tuolumne,109,53932,0,0,0,0,0
2020-02-24,Ventura,111,848112,4,0,0,0,0
2020-02-24,Yolo,113,214977,1,0,0,0,0
2020-02-24,Yuba,115,75493,0,0,0,0,0
2020-02-23,Alameda,001,1643700,12,0,0,0,0
2020-02-23,Alpine,003,1148,0,0,0,0,0
2020-02-23,Amador,005,37829,0,0,0,0,0
2020-02-23,Butte,007,227075,0,0,0,0,0
2020-02-23,Calaveras,009,45235,0,0,0,0,0
2020-02-23,Colusa,011,21464,0,0,0,0,0
2020-02-23,Contra Costa,013,1133247,6,0,0,0,0
2020-02-23,Del Norte,015,27424,0,0,0,0,0
2020-02-23,El Dorado,017,186661,0,0,0,0,0
2020-02-23,Fresno,019,978130,1,0,0,0,0
2020-02-23,Glenn,021,27897,0,0,0,0,0
2020-02-23,Humboldt,023,135768,1,1,0,1,0
2020-02-23,Imperial,025,180216,1,0,0,0,0
2020-02-23,Inyo,027,18085,0,0,0,0,0
2020-02-23,Kern,029,883053,2,0,0,0,0
2020-02-23,Kings,031,150075,3,0,1,1,0
2020-02-23,Lake,033,64148,0,0,0,0,0
2020-02-23,Lassen,035,31185,0,0,0,0,0
2020-02-23,Los Angeles,037,10098052,62,1,6,7,0
2020-02-23,Madera,039,155013,1,0,0,0,0
2020-02-23,Marin,041,260295,1,0,0,0,0
2020-02-23,Mariposa,043,17540,0,0,0,0,0
2020-02-23,Mendocino,045,87422,0,0,0,0,0
2020-02-23,Merced,047,269075,0,0,0,0,0
2020-02-23,Modoc,049,8938,0,0,0,0,0
2020-02-23,Mono,051,14174,0,0,0,0,0
2020-02-23,Monterey,053,433212,1,0,0,0,0
2020-02-23,Napa,055,140530,0,0,0,0,0
2020-02-23,Nevada,057,99092,0,0,1,1,0
2020-02-23,Orange,059,3164182,43,1,0,1,0
2020-02-23,Placer,061,380077,3,0,0,0,0
2020-02-23,Plumas,063,18699,0,0,0,0,0
2020-02-23,Riverside,065,2383286,9,0,0,0,0
2020-02-23,Sacramento,067,1510023,6,1,0,1,0
2020-02-23,San Benito,069,59416,0,2,0,2,0
2020-02-23,San Bernardino,071,2135413,20,0,0,0,0
2020-02-23,San Diego,073,3302833,4,2,0,2,0
2020-02-23,San Francisco,075,870044,5,0,0,0,0
2020-02-23,San Joaquin,077,732212,4,0,1,1,0
2020-02-23,San Luis Obispo,079,281455,2,0,0,0,0
2020-02-23,San Mateo,081,765935,10,0,0,0,0
2020-02-23,Santa Barbara,083,443738,0,0,0,0,0
2020-02-23,Santa Clara,085,1922200,26,2,1,3,0
2020-02-23,Santa Cruz,087,273765,2,0,0,0,0
2020-02-23,Shasta,089,179085,0,0,0,0,0
2020-02-23,Sierra,091,2930,0,0,0,0,0
2020-02-23,Siskiyou,093,43540,0,0,0,0,0
2020-02-23,Solano,095,438530,11,15,0,15,0
2020-02-23,Sonoma,097,501317,5,0,0,0,0
2020-02-23,Stanislaus,099,539301,2,0,2,2,0
2020-02-23,Sutter,101,95872,0,0,0,0,0
2020-02-23,Tehama,103,63373,0,0,0,0,0
2020-02-23,Trinity,105,12862,0,0,0,0,0
2020-02-23,Tulare,107,460477,2,0,0,0,0
2020-02-23,Tuolumne,109,53932,0,0,0,0,0
2020-02-23,Ventura,111,848112,4,0,0,0,0
2020-02-23,Yolo,113,214977,1,0,0,0,0
2020-02-23,Yuba,115,75493,0,0,0,0,0
2020-02-22,Alameda,001,1643700,11,0,0,0,0
2020-02-22,Alpine,003,1148,0,0,0,0,0
2020-02-22,Amador,005,37829,0,0,0,0,0
2020-02-22,Butte,007,227075,0,0,0,0,0
2020-02-22,Calaveras,009,45235,0,0,0,0,0
2020-02-22,Colusa,011,21464,0,0,0,0,0
2020-02-22,Contra Costa,013,1133247,5,0,0,0,0
2020-02-22,Del Norte,015,27424,0,0,0,0,0
2020-02-22,El Dorado,017,186661,0,0,0,0,0
2020-02-22,Fresno,019,978130,1,0,0,0,0
2020-02-22,Glenn,021,27897,0,0,0,0,0
2020-02-22,Humboldt,023,135768,1,1,0,1,0
2020-02-22,Imperial,025,180216,0,0,0,0,0
2020-02-22,Inyo,027,18085,0,0,0,0,0
2020-02-22,Kern,029,883053,2,0,0,0,0
2020-02-22,Kings,031,150075,3,0,1,1,0
2020-02-22,Lake,033,64148,0,0,0,0,0
2020-02-22,Lassen,035,31185,0,0,0,0,0
2020-02-22,Los Angeles,037,10098052,60,1,6,7,0
2020-02-22,Madera,039,155013,0,0,0,0,0
2020-02-22,Marin,041,260295,1,0,0,0,0
2020-02-22,Mariposa,043,17540,0,0,0,0,0
2020-02-22,Mendocino,045,87422,0,0,0,0,0
2020-02-22,Merced,047,269075,0,0,0,0,0
2020-02-22,Modoc,049,8938,0,0,0,0,0
2020-02-22,Mono,051,14174,0,0,0,0,0
2020-02-22,Monterey,053,433212,1,0,0,0,0
2020-02-22,Napa,055,140530,0,0,0,0,0
2020-02-22,Nevada,057,99092,0,0,1,1,0
2020-02-22,Orange,059,3164182,42,1,0,1,0
2020-02-22,Placer,061,380077,3,0,0,0,0
2020-02-22,Plumas,063,18699,0,0,0,0,0
2020-02-22,Riverside,065,2383286,9,0,0,0,0
2020-02-22,Sacramento,067,1510023,6,1,0,1,0
2020-02-22,San Benito,069,59416,0,2,0,2,0
2020-02-22,San Bernardino,071,2135413,18,0,0,0,0
2020-02-22,San Diego,073,3302833,3,2,0,2,0
2020-02-22,San Francisco,075,870044,3,0,0,0,0
2020-02-22,San Joaquin,077,732212,4,0,1,1,0
2020-02-22,San Luis Obispo,079,281455,2,0,0,0,0
2020-02-22,San Mateo,081,765935,8,0,0,0,0
2020-02-22,Santa Barbara,083,443738,0,0,0,0,0
2020-02-22,Santa Clara,085,1922200,23,2,1,3,0
2020-02-22,Santa Cruz,087,273765,2,0,0,0,0
2020-02-22,Shasta,089,179085,0,0,0,0,0
2020-02-22,Sierra,091,2930,0,0,0,0,0
2020-02-22,Siskiyou,093,43540,0,0,0,0,0
2020-02-22,Solano,095,438530,11,11,0,11,0
2020-02-22,Sonoma,097,501317,4,0,0,0,0
2020-02-22,Stanislaus,099,539301,2,0,2,2,0
2020-02-22,Sutter,101,95872,0,0,0,0,0
2020-02-22,Tehama,103,63373,0,0,0,0,0
2020-02-22,Trinity,105,12862,0,0,0,0,0
2020-02-22,Tulare,107,460477,2,0,0,0,0
2020-02-22,Tuolumne,109,53932,0,0,0,0,0
2020-02-22,Ventura,111,848112,4,0,0,0,0
2020-02-22,Yolo,113,214977,0,0,0,0,0
2020-02-22,Yuba,115,75493,0,0,0,0,0
2020-02-21,Alameda,001,1643700,10,0,0,0,0
2020-02-21,Alpine,003,1148,0,0,0,0,0
2020-02-21,Amador,005,37829,0,0,0,0,0
2020-02-21,Butte,007,227075,0,0,0,0,0
2020-02-21,Calaveras,009,45235,0,0,0,0,0
2020-02-21,Colusa,011,21464,0,0,0,0,0
2020-02-21,Contra Costa,013,1133247,4,0,0,0,0
2020-02-21,Del Norte,015,27424,0,0,0,0,0
2020-02-21,El Dorado,017,186661,0,0,0,0,0
2020-02-21,Fresno,019,978130,1,0,0,0,0
2020-02-21,Glenn,021,27897,0,0,0,0,0
2020-02-21,Humboldt,023,135768,1,1,0,1,0
2020-02-21,Imperial,025,180216,0,0,0,0,0
2020-02-21,Inyo,027,18085,0,0,0,0,0
2020-02-21,Kern,029,883053,2,0,0,0,0
2020-02-21,Kings,031,150075,3,0,1,1,0
2020-02-21,Lake,033,64148,0,0,0,0,0
2020-02-21,Lassen,035,31185,0,0,0,0,0
2020-02-21,Los Angeles,037,10098052,56,1,6,7,0
2020-02-21,Madera,039,155013,0,0,0,0,0
2020-02-21,Marin,041,260295,1,0,0,0,0
2020-02-21,Mariposa,043,17540,0,0,0,0,0
2020-02-21,Mendocino,045,87422,0,0,0,0,0
2020-02-21,Merced,047,269075,0,0,0,0,0
2020-02-21,Modoc,049,8938,0,0,0,0,0
2020-02-21,Mono,051,14174,0,0,0,0,0
2020-02-21,Monterey,053,433212,1,0,0,0,0
2020-02-21,Napa,055,140530,0,0,0,0,0
2020-02-21,Nevada,057,99092,0,0,1,1,0
2020-02-21,Orange,059,3164182,40,1,0,1,0
2020-02-21,Placer,061,380077,2,0,0,0,0
2020-02-21,Plumas,063,18699,0,0,0,0,0
2020-02-21,Riverside,065,2383286,9,0,0,0,0
2020-02-21,Sacramento,067,1510023,5,1,0,1,0
2020-02-21,San Benito,069,59416,0,2,0,2,0
2020-02-21,San Bernardino,071,2135413,17,0,0,0,0
2020-02-21,San Diego,073,3302833,3,2,0,2,0
2020-02-21,San Francisco,075,870044,3,0,0,0,0
2020-02-21,San Joaquin,077,732212,2,0,1,1,0
2020-02-21,San Luis Obispo,079,281455,2,0,0,0,0
2020-02-21,San Mateo,081,765935,8,0,0,0,0
2020-02-21,Santa Barbara,083,443738,0,0,0,0,0
2020-02-21,Santa Clara,085,1922200,21,2,1,3,0
2020-02-21,Santa Cruz,087,273765,2,0,0,0,0
2020-02-21,Shasta,089,179085,0,0,0,0,0
2020-02-21,Sierra,091,2930,0,0,0,0,0
2020-02-21,Siskiyou,093,43540,0,0,0,0,0
2020-02-21,Solano,095,438530,10,11,0,11,0
2020-02-21,Sonoma,097,501317,3,0,0,0,0
2020-02-21,Stanislaus,099,539301,2,0,2,2,0
2020-02-21,Sutter,101,95872,0,0,0,0,0
2020-02-21,Tehama,103,63373,0,0,0,0,0
2020-02-21,Trinity,105,12862,0,0,0,0,0
2020-02-21,Tulare,107,460477,2,0,0,0,0
2020-02-21,Tuolumne,109,53932,0,0,0,0,0
2020-02-21,Ventura,111,848112,4,0,0,0,0
2020-02-21,Yolo,113,214977,0,0,0,0,0
2020-02-21,Yuba,115,75493,0,0,0,0,0
2020-02-20,Alameda,001,1643700,8,0,0,0,0
2020-02-20,Alpine,003,1148,0,0,0,0,0
2020-02-20,Amador,005,37829,0,0,0,0,0
2020-02-20,Butte,007,227075,0,0,0,0,0
2020-02-20,Calaveras,009,45235,0,0,0,0,0
2020-02-20,Colusa,011,21464,0,0,0,0,0
2020-02-20,Contra Costa,013,1133247,3,0,0,0,0
2020-02-20,Del Norte,015,27424,0,0,0,0,0
2020-02-20,El Dorado,017,186661,0,0,0,0,0
2020-02-20,Fresno,019,978130,1,0,0,0,0
2020-02-20,Glenn,021,27897,0,0,0,0,0
2020-02-20,Humboldt,023,135768,1,1,0,1,0
2020-02-20,Imperial,025,180216,0,0,0,0,0
2020-02-20,Inyo,027,18085,0,0,0,0,0
2020-02-20,Kern,029,883053,2,0,0,0,0
2020-02-20,Kings,031,150075,3,0,1,1,0
2020-02-20,Lake,033,64148,0,0,0,0,0
2020-02-20,Lassen,035,31185,0,0,0,0,0
2020-02-20,Los Angeles,037,10098052,55,1,5,6,0
2020-02-20,Madera,039,155013,0,0,0,0,0
2020-02-20,Marin,041,260295,0,0,0,0,0
2020-02-20,Mariposa,043,17540,0,0,0,0,0
2020-02-20,Mendocino,045,87422,0,0,0,0,0
2020-02-20,Merced,047,269075,0,0,0,0,0
2020-02-20,Modoc,049,8938,0,0,0,0,0
2020-02-20,Mono,051,14174,0,0,0,0,0
2020-02-20,Monterey,053,433212,1,0,0,0,0
2020-02-20,Napa,055,140530,0,0,0,0,0
2020-02-20,Nevada,057,99092,0,0,1,1,0
2020-02-20,Orange,059,3164182,40,1,0,1,0
2020-02-20,Placer,061,380077,2,0,0,0,0
2020-02-20,Plumas,063,18699,0,0,0,0,0
2020-02-20,Riverside,065,2383286,7,0,0,0,0
2020-02-20,Sacramento,067,1510023,2,1,0,1,0
2020-02-20,San Benito,069,59416,0,2,0,2,0
2020-02-20,San Bernardino,071,2135413,15,0,0,0,0
2020-02-20,San Diego,073,3302833,3,2,0,2,0
2020-02-20,San Francisco,075,870044,3,0,0,0,0
2020-02-20,San Joaquin,077,732212,2,0,1,1,0
2020-02-20,San Luis Obispo,079,281455,2,0,0,0,0
2020-02-20,San Mateo,081,765935,7,0,0,0,0
2020-02-20,Santa Barbara,083,443738,0,0,0,0,0
2020-02-20,Santa Clara,085,1922200,17,2,1,3,0
2020-02-20,Santa Cruz,087,273765,2,0,0,0,0
2020-02-20,Shasta,089,179085,0,0,0,0,0
2020-02-20,Sierra,091,2930,0,0,0,0,0
2020-02-20,Siskiyou,093,43540,0,0,0,0,0
2020-02-20,Solano,095,438530,8,7,0,7,0
2020-02-20,Sonoma,097,501317,2,0,0,0,0
2020-02-20,Stanislaus,099,539301,2,0,2,2,0
2020-02-20,Sutter,101,95872,0,0,0,0,0
2020-02-20,Tehama,103,63373,0,0,0,0,0
2020-02-20,Trinity,105,12862,0,0,0,0,0
2020-02-20,Tulare,107,460477,2,0,0,0,0
2020-02-20,Tuolumne,109,53932,0,0,0,0,0
2020-02-20,Ventura,111,848112,4,0,0,0,0
2020-02-20,Yolo,113,214977,0,0,0,0,0
2020-02-20,Yuba,115,75493,0,0,0,0,0
2020-02-19,Alameda,001,1643700,7,0,0,0,0
2020-02-19,Alpine,003,1148,0,0,0,0,0
2020-02-19,Amador,005,37829,0,0,0,0,0
2020-02-19,Butte,007,227075,0,0,0,0,0
2020-02-19,Calaveras,009,45235,0,0,0,0,0
2020-02-19,Colusa,011,21464,0,0,0,0,0
2020-02-19,Contra Costa,013,1133247,3,0,0,0,0
2020-02-19,Del Norte,015,27424,0,0,0,0,0
2020-02-19,El Dorado,017,186661,0,0,0,0,0
2020-02-19,Fresno,019,978130,1,0,0,0,0
2020-02-19,Glenn,021,27897,0,0,0,0,0
2020-02-19,Humboldt,023,135768,1,0,0,0,0
2020-02-19,Imperial,025,180216,0,0,0,0,0
2020-02-19,Inyo,027,18085,0,0,0,0,0
2020-02-19,Kern,029,883053,2,0,0,0,0
2020-02-19,Kings,031,150075,3,0,1,1,0
2020-02-19,Lake,033,64148,0,0,0,0,0
2020-02-19,Lassen,035,31185,0,0,0,0,0
2020-02-19,Los Angeles,037,10098052,53,1,5,6,0
2020-02-19,Madera,039,155013,0,0,0,0,0
2020-02-19,Marin,041,260295,0,0,0,0,0
2020-02-19,Mariposa,043,17540,0,0,0,0,0
2020-02-19,Mendocino,045,87422,0,0,0,0,0
2020-02-19,Merced,047,269075,0,0,0,0,0
2020-02-19,Modoc,049,8938,0,0,0,0,0
2020-02-19,Mono,051,14174,0,0,0,0,0
2020-02-19,Monterey,053,433212,1,0,0,0,0
2020-02-19,Napa,055,140530,0,0,0,0,0
2020-02-19,Nevada,057,99092,0,0,1,1,0
2020-02-19,Orange,059,3164182,39,1,0,1,0
2020-02-19,Placer,061,380077,2,0,0,0,0
2020-02-19,Plumas,063,18699,0,0,0,0,0
2020-02-19,Riverside,065,2383286,5,0,0,0,0
2020-02-19,Sacramento,067,1510023,2,0,0,0,0
2020-02-19,San Benito,069,59416,0,2,0,2,0
2020-02-19,San Bernardino,071,2135413,14,0,0,0,0
2020-02-19,San Diego,073,3302833,2,2,0,2,0
2020-02-19,San Francisco,075,870044,2,0,0,0,0
2020-02-19,San Joaquin,077,732212,2,0,1,1,0
2020-02-19,San Luis Obispo,079,281455,2,0,0,0,0
2020-02-19,San Mateo,081,765935,6,0,0,0,0
2020-02-19,Santa Barbara,083,443738,0,0,0,0,0
2020-02-19,Santa Clara,085,1922200,15,2,1,3,0
2020-02-19,Santa Cruz,087,273765,0,0,0,0,0
2020-02-19,Shasta,089,179085,0,0,0,0,0
2020-02-19,Sierra,091,2930,0,0,0,0,0
2020-02-19,Siskiyou,093,43540,0,0,0,0,0
2020-02-19,Solano,095,438530,5,7,0,7,0
2020-02-19,Sonoma,097,501317,2,0,0,0,0
2020-02-19,Stanislaus,099,539301,1,0,2,2,0
2020-02-19,Sutter,101,95872,0,0,0,0,0
2020-02-19,Tehama,103,63373,0,0,0,0,0
2020-02-19,Trinity,105,12862,0,0,0,0,0
2020-02-19,Tulare,107,460477,2,0,0,0,0
2020-02-19,Tuolumne,109,53932,0,0,0,0,0
2020-02-19,Ventura,111,848112,2,0,0,0,0
2020-02-19,Yolo,113,214977,0,0,0,0,0
2020-02-19,Yuba,115,75493,0,0,0,0,0
2020-02-18,Alameda,001,1643700,7,0,0,0,0
2020-02-18,Alpine,003,1148,0,0,0,0,0
2020-02-18,Amador,005,37829,0,0,0,0,0
2020-02-18,Butte,007,227075,0,0,0,0,0
2020-02-18,Calaveras,009,45235,0,0,0,0,0
2020-02-18,Colusa,011,21464,0,0,0,0,0
2020-02-18,Contra Costa,013,1133247,3,0,0,0,0
2020-02-18,Del Norte,015,27424,0,0,0,0,0
2020-02-18,El Dorado,017,186661,0,0,0,0,0
2020-02-18,Fresno,019,978130,0,0,0,0,0
2020-02-18,Glenn,021,27897,0,0,0,0,0
2020-02-18,Humboldt,023,135768,1,0,0,0,0
2020-02-18,Imperial,025,180216,0,0,0,0,0
2020-02-18,Inyo,027,18085,0,0,0,0,0
2020-02-18,Kern,029,883053,2,0,0,0,0
2020-02-18,Kings,031,150075,3,0,1,1,0
2020-02-18,Lake,033,64148,0,0,0,0,0
2020-02-18,Lassen,035,31185,0,0,0,0,0
2020-02-18,Los Angeles,037,10098052,50,1,4,5,0
2020-02-18,Madera,039,155013,0,0,0,0,0
2020-02-18,Marin,041,260295,0,0,0,0,0
2020-02-18,Mariposa,043,17540,0,0,0,0,0
2020-02-18,Mendocino,045,87422,0,0,0,0,0
2020-02-18,Merced,047,269075,0,0,0,0,0
2020-02-18,Modoc,049,8938,0,0,0,0,0
2020-02-18,Mono,051,14174,0,0,0,0,0
2020-02-18,Monterey,053,433212,1,0,0,0,0
2020-02-18,Napa,055,140530,0,0,0,0,0
2020-02-18,Nevada,057,99092,0,0,1,1,0
2020-02-18,Orange,059,3164182,38,1,0,1,0
2020-02-18,Placer,061,380077,0,0,0,0,0
2020-02-18,Plumas,063,18699,0,0,0,0,0
2020-02-18,Riverside,065,2383286,5,0,0,0,0
2020-02-18,Sacramento,067,1510023,2,0,0,0,0
2020-02-18,San Benito,069,59416,0,2,0,2,0
2020-02-18,San Bernardino,071,2135413,13,0,0,0,0
2020-02-18,San Diego,073,3302833,2,2,0,2,0
2020-02-18,San Francisco,075,870044,2,0,0,0,0
2020-02-18,San Joaquin,077,732212,1,0,1,1,0
2020-02-18,San Luis Obispo,079,281455,2,0,0,0,0
2020-02-18,San Mateo,081,765935,5,0,0,0,0
2020-02-18,Santa Barbara,083,443738,0,0,0,0,0
2020-02-18,Santa Clara,085,1922200,14,2,1,3,0
2020-02-18,Santa Cruz,087,273765,0,0,0,0,0
2020-02-18,Shasta,089,179085,0,0,0,0,0
2020-02-18,Sierra,091,2930,0,0,0,0,0
2020-02-18,Siskiyou,093,43540,0,0,0,0,0
2020-02-18,Solano,095,438530,5,7,0,7,0
2020-02-18,Sonoma,097,501317,1,0,0,0,0
2020-02-18,Stanislaus,099,539301,1,0,2,2,0
2020-02-18,Sutter,101,95872,0,0,0,0,0
2020-02-18,Tehama,103,63373,0,0,0,0,0
2020-02-18,Trinity,105,12862,0,0,0,0,0
2020-02-18,Tulare,107,460477,2,0,0,0,0
2020-02-18,Tuolumne,109,53932,0,0,0,0,0
2020-02-18,Ventura,111,848112,2,0,0,0,0
2020-02-18,Yolo,113,214977,0,0,0,0,0
2020-02-18,Yuba,115,75493,0,0,0,0,0
2020-02-17,Alameda,001,1643700,7,0,0,0,0
2020-02-17,Alpine,003,1148,0,0,0,0,0
2020-02-17,Amador,005,37829,0,0,0,0,0
2020-02-17,Butte,007,227075,0,0,0,0,0
2020-02-17,Calaveras,009,45235,0,0,0,0,0
2020-02-17,Colusa,011,21464,0,0,0,0,0
2020-02-17,Contra Costa,013,1133247,3,0,0,0,0
2020-02-17,Del Norte,015,27424,0,0,0,0,0
2020-02-17,El Dorado,017,186661,0,0,0,0,0
2020-02-17,Fresno,019,978130,0,0,0,0,0
2020-02-17,Glenn,021,27897,0,0,0,0,0
2020-02-17,Humboldt,023,135768,1,0,0,0,0
2020-02-17,Imperial,025,180216,0,0,0,0,0
2020-02-17,Inyo,027,18085,0,0,0,0,0
2020-02-17,Kern,029,883053,2,0,0,0,0
2020-02-17,Kings,031,150075,3,0,0,0,0
2020-02-17,Lake,033,64148,0,0,0,0,0
2020-02-17,Lassen,035,31185,0,0,0,0,0
2020-02-17,Los Angeles,037,10098052,47,1,4,5,0
2020-02-17,Madera,039,155013,0,0,0,0,0
2020-02-17,Marin,041,260295,0,0,0,0,0
2020-02-17,Mariposa,043,17540,0,0,0,0,0
2020-02-17,Mendocino,045,87422,0,0,0,0,0
2020-02-17,Merced,047,269075,0,0,0,0,0
2020-02-17,Modoc,049,8938,0,0,0,0,0
2020-02-17,Mono,051,14174,0,0,0,0,0
2020-02-17,Monterey,053,433212,1,0,0,0,0
2020-02-17,Napa,055,140530,0,0,0,0,0
2020-02-17,Nevada,057,99092,0,0,1,1,0
2020-02-17,Orange,059,3164182,38,1,0,1,0
2020-02-17,Placer,061,380077,0,0,0,0,0
2020-02-17,Plumas,063,18699,0,0,0,0,0
2020-02-17,Riverside,065,2383286,5,0,0,0,0
2020-02-17,Sacramento,067,1510023,2,0,0,0,0
2020-02-17,San Benito,069,59416,0,2,0,2,0
2020-02-17,San Bernardino,071,2135413,11,0,0,0,0
2020-02-17,San Diego,073,3302833,2,2,0,2,0
2020-02-17,San Francisco,075,870044,2,0,0,0,0
2020-02-17,San Joaquin,077,732212,1,0,1,1,0
2020-02-17,San Luis Obispo,079,281455,1,0,0,0,0
2020-02-17,San Mateo,081,765935,5,0,0,0,0
2020-02-17,Santa Barbara,083,443738,0,0,0,0,0
2020-02-17,Santa Clara,085,1922200,12,2,1,3,0
2020-02-17,Santa Cruz,087,273765,0,0,0,0,0
2020-02-17,Shasta,089,179085,0,0,0,0,0
2020-02-17,Sierra,091,2930,0,0,0,0,0
2020-02-17,Siskiyou,093,43540,0,0,0,0,0
2020-02-17,Solano,095,438530,3,5,0,5,0
2020-02-17,Sonoma,097,501317,1,0,0,0,0
2020-02-17,Stanislaus,099,539301,1,0,2,2,0
2020-02-17,Sutter,101,95872,0,0,0,0,0
2020-02-17,Tehama,103,63373,0,0,0,0,0
2020-02-17,Trinity,105,12862,0,0,0,0,0
2020-02-17,Tulare,107,460477,2,0,0,0,0
2020-02-17,Tuolumne,109,53932,0,0,0,0,0
2020-02-17,Ventura,111,848112,2,0,0,0,0
2020-02-17,Yolo,113,214977,0,0,0,0,0
2020-02-17,Yuba,115,75493,0,0,0,0,0
2020-02-16,Alameda,001,1643700,6,0,0,0,0
2020-02-16,Alpine,003,1148,0,0,0,0,0
2020-02-16,Amador,005,37829,0,0,0,0,0
2020-02-16,Butte,007,227075,0,0,0,0,0
2020-02-16,Calaveras,009,45235,0,0,0,0,0
2020-02-16,Colusa,011,21464,0,0,0,0,0
2020-02-16,Contra Costa,013,1133247,3,0,0,0,0
2020-02-16,Del Norte,015,27424,0,0,0,0,0
2020-02-16,El Dorado,017,186661,0,0,0,0,0
2020-02-16,Fresno,019,978130,0,0,0,0,0
2020-02-16,Glenn,021,27897,0,0,0,0,0
2020-02-16,Humboldt,023,135768,1,0,0,0,0
2020-02-16,Imperial,025,180216,0,0,0,0,0
2020-02-16,Inyo,027,18085,0,0,0,0,0
2020-02-16,Kern,029,883053,2,0,0,0,0
2020-02-16,Kings,031,150075,3,0,0,0,0
2020-02-16,Lake,033,64148,0,0,0,0,0
2020-02-16,Lassen,035,31185,0,0,0,0,0
2020-02-16,Los Angeles,037,10098052,42,1,4,5,0
2020-02-16,Madera,039,155013,0,0,0,0,0
2020-02-16,Marin,041,260295,0,0,0,0,0
2020-02-16,Mariposa,043,17540,0,0,0,0,0
2020-02-16,Mendocino,045,87422,0,0,0,0,0
2020-02-16,Merced,047,269075,0,0,0,0,0
2020-02-16,Modoc,049,8938,0,0,0,0,0
2020-02-16,Mono,051,14174,0,0,0,0,0
2020-02-16,Monterey,053,433212,1,0,0,0,0
2020-02-16,Napa,055,140530,0,0,0,0,0
2020-02-16,Nevada,057,99092,0,0,0,0,0
2020-02-16,Orange,059,3164182,37,1,0,1,0
2020-02-16,Placer,061,380077,0,0,0,0,0
2020-02-16,Plumas,063,18699,0,0,0,0,0
2020-02-16,Riverside,065,2383286,5,0,0,0,0
2020-02-16,Sacramento,067,1510023,2,0,0,0,0
2020-02-16,San Benito,069,59416,0,2,0,2,0
2020-02-16,San Bernardino,071,2135413,10,0,0,0,0
2020-02-16,San Diego,073,3302833,2,2,0,2,0
2020-02-16,San Francisco,075,870044,2,0,0,0,0
2020-02-16,San Joaquin,077,732212,1,0,1,1,0
2020-02-16,San Luis Obispo,079,281455,1,0,0,0,0
2020-02-16,San Mateo,081,765935,4,0,0,0,0
2020-02-16,Santa Barbara,083,443738,0,0,0,0,0
2020-02-16,Santa Clara,085,1922200,10,2,1,3,0
2020-02-16,Santa Cruz,087,273765,0,0,0,0,0
2020-02-16,Shasta,089,179085,0,0,0,0,0
2020-02-16,Sierra,091,2930,0,0,0,0,0
2020-02-16,Siskiyou,093,43540,0,0,0,0,0
2020-02-16,Solano,095,438530,1,0,0,0,0
2020-02-16,Sonoma,097,501317,1,0,0,0,0
2020-02-16,Stanislaus,099,539301,1,0,2,2,0
2020-02-16,Sutter,101,95872,0,0,0,0,0
2020-02-16,Tehama,103,63373,0,0,0,0,0
2020-02-16,Trinity,105,12862,0,0,0,0,0
2020-02-16,Tulare,107,460477,2,0,0,0,0
2020-02-16,Tuolumne,109,53932,0,0,0,0,0
2020-02-16,Ventura,111,848112,2,0,0,0,0
2020-02-16,Yolo,113,214977,0,0,0,0,0
2020-02-16,Yuba,115,75493,0,0,0,0,0
2020-02-15,Alameda,001,1643700,6,0,0,0,0
2020-02-15,Alpine,003,1148,0,0,0,0,0
2020-02-15,Amador,005,37829,0,0,0,0,0
2020-02-15,Butte,007,227075,0,0,0,0,0
2020-02-15,Calaveras,009,45235,0,0,0,0,0
2020-02-15,Colusa,011,21464,0,0,0,0,0
2020-02-15,Contra Costa,013,1133247,3,0,0,0,0
2020-02-15,Del Norte,015,27424,0,0,0,0,0
2020-02-15,El Dorado,017,186661,0,0,0,0,0
2020-02-15,Fresno,019,978130,0,0,0,0,0
2020-02-15,Glenn,021,27897,0,0,0,0,0
2020-02-15,Humboldt,023,135768,1,0,0,0,0
2020-02-15,Imperial,025,180216,0,0,0,0,0
2020-02-15,Inyo,027,18085,0,0,0,0,0
2020-02-15,Kern,029,883053,2,0,0,0,0
2020-02-15,Kings,031,150075,3,0,0,0,0
2020-02-15,Lake,033,64148,0,0,0,0,0
2020-02-15,Lassen,035,31185,0,0,0,0,0
2020-02-15,Los Angeles,037,10098052,39,1,4,5,0
2020-02-15,Madera,039,155013,0,0,0,0,0
2020-02-15,Marin,041,260295,0,0,0,0,0
2020-02-15,Mariposa,043,17540,0,0,0,0,0
2020-02-15,Mendocino,045,87422,0,0,0,0,0
2020-02-15,Merced,047,269075,0,0,0,0,0
2020-02-15,Modoc,049,8938,0,0,0,0,0
2020-02-15,Mono,051,14174,0,0,0,0,0
2020-02-15,Monterey,053,433212,1,0,0,0,0
2020-02-15,Napa,055,140530,0,0,0,0,0
2020-02-15,Nevada,057,99092,0,0,0,0,0
2020-02-15,Orange,059,3164182,36,1,0,1,0
2020-02-15,Placer,061,380077,0,0,0,0,0
2020-02-15,Plumas,063,18699,0,0,0,0,0
2020-02-15,Riverside,065,2383286,4,0,0,0,0
2020-02-15,Sacramento,067,1510023,2,0,0,0,0
2020-02-15,San Benito,069,59416,0,2,0,2,0
2020-02-15,San Bernardino,071,2135413,9,0,0,0,0
2020-02-15,San Diego,073,3302833,2,2,0,2,0
2020-02-15,San Francisco,075,870044,2,0,0,0,0
2020-02-15,San Joaquin,077,732212,1,0,1,1,0
2020-02-15,San Luis Obispo,079,281455,1,0,0,0,0
2020-02-15,San Mateo,081,765935,4,0,0,0,0
2020-02-15,Santa Barbara,083,443738,0,0,0,0,0
2020-02-15,Santa Clara,085,1922200,10,2,1,3,0
2020-02-15,Santa Cruz,087,273765,0,0,0,0,0
2020-02-15,Shasta,089,179085,0,0,0,0,0
2020-02-15,Sierra,091,2930,0,0,0,0,0
2020-02-15,Siskiyou,093,43540,0,0,0,0,0
2020-02-15,Solano,095,438530,1,0,0,0,0
2020-02-15,Sonoma,097,501317,0,0,0,0,0
2020-02-15,Stanislaus,099,539301,1,0,2,2,0
2020-02-15,Sutter,101,95872,0,0,0,0,0
2020-02-15,Tehama,103,63373,0,0,0,0,0
2020-02-15,Trinity,105,12862,0,0,0,0,0
2020-02-15,Tulare,107,460477,2,0,0,0,0
2020-02-15,Tuolumne,109,53932,0,0,0,0,0
2020-02-15,Ventura,111,848112,2,0,0,0,0
2020-02-15,Yolo,113,214977,0,0,0,0,0
2020-02-15,Yuba,115,75493,0,0,0,0,0
2020-02-14,Alameda,001,1643700,5,0,0,0,0
2020-02-14,Alpine,003,1148,0,0,0,0,0
2020-02-14,Amador,005,37829,0,0,0,0,0
2020-02-14,Butte,007,227075,0,0,0,0,0
2020-02-14,Calaveras,009,45235,0,0,0,0,0
2020-02-14,Colusa,011,21464,0,0,0,0,0
2020-02-14,Contra Costa,013,1133247,3,0,0,0,0
2020-02-14,Del Norte,015,27424,0,0,0,0,0
2020-02-14,El Dorado,017,186661,0,0,0,0,0
2020-02-14,Fresno,019,978130,0,0,0,0,0
2020-02-14,Glenn,021,27897,0,0,0,0,0
2020-02-14,Humboldt,023,135768,1,0,0,0,0
2020-02-14,Imperial,025,180216,0,0,0,0,0
2020-02-14,Inyo,027,18085,0,0,0,0,0
2020-02-14,Kern,029,883053,2,0,0,0,0
2020-02-14,Kings,031,150075,1,0,0,0,0
2020-02-14,Lake,033,64148,0,0,0,0,0
2020-02-14,Lassen,035,31185,0,0,0,0,0
2020-02-14,Los Angeles,037,10098052,34,1,4,5,0
2020-02-14,Madera,039,155013,0,0,0,0,0
2020-02-14,Marin,041,260295,0,0,0,0,0
2020-02-14,Mariposa,043,17540,0,0,0,0,0
2020-02-14,Mendocino,045,87422,0,0,0,0,0
2020-02-14,Merced,047,269075,0,0,0,0,0
2020-02-14,Modoc,049,8938,0,0,0,0,0
2020-02-14,Mono,051,14174,0,0,0,0,0
2020-02-14,Monterey,053,433212,1,0,0,0,0
2020-02-14,Napa,055,140530,0,0,0,0,0
2020-02-14,Nevada,057,99092,0,0,0,0,0
2020-02-14,Orange,059,3164182,36,1,0,1,0
2020-02-14,Placer,061,380077,0,0,0,0,0
2020-02-14,Plumas,063,18699,0,0,0,0,0
2020-02-14,Riverside,065,2383286,4,0,0,0,0
2020-02-14,Sacramento,067,1510023,1,0,0,0,0
2020-02-14,San Benito,069,59416,0,2,0,2,0
2020-02-14,San Bernardino,071,2135413,9,0,0,0,0
2020-02-14,San Diego,073,3302833,1,2,0,2,0
2020-02-14,San Francisco,075,870044,2,0,0,0,0
2020-02-14,San Joaquin,077,732212,1,0,1,1,0
2020-02-14,San Luis Obispo,079,281455,0,0,0,0,0
2020-02-14,San Mateo,081,765935,3,0,0,0,0
2020-02-14,Santa Barbara,083,443738,0,0,0,0,0
2020-02-14,Santa Clara,085,1922200,8,2,1,3,0
2020-02-14,Santa Cruz,087,273765,0,0,0,0,0
2020-02-14,Shasta,089,179085,0,0,0,0,0
2020-02-14,Sierra,091,2930,0,0,0,0,0
2020-02-14,Siskiyou,093,43540,0,0,0,0,0
2020-02-14,Solano,095,438530,1,0,0,0,0
2020-02-14,Sonoma,097,501317,0,0,0,0,0
2020-02-14,Stanislaus,099,539301,1,0,2,2,0
2020-02-14,Sutter,101,95872,0,0,0,0,0
2020-02-14,Tehama,103,63373,0,0,0,0,0
2020-02-14,Trinity,105,12862,0,0,0,0,0
2020-02-14,Tulare,107,460477,2,0,0,0,0
2020-02-14,Tuolumne,109,53932,0,0,0,0,0
2020-02-14,Ventura,111,848112,2,0,0,0,0
2020-02-14,Yolo,113,214977,0,0,0,0,0
2020-02-14,Yuba,115,75493,0,0,0,0,0
2020-02-13,Alameda,001,1643700,5,0,0,0,0
2020-02-13,Alpine,003,1148,0,0,0,0,0
2020-02-13,Amador,005,37829,0,0,0,0,0
2020-02-13,Butte,007,227075,0,0,0,0,0
2020-02-13,Calaveras,009,45235,0,0,0,0,0
2020-02-13,Colusa,011,21464,0,0,0,0,0
2020-02-13,Contra Costa,013,1133247,3,0,0,0,0
2020-02-13,Del Norte,015,27424,0,0,0,0,0
2020-02-13,El Dorado,017,186661,0,0,0,0,0
2020-02-13,Fresno,019,978130,0,0,0,0,0
2020-02-13,Glenn,021,27897,0,0,0,0,0
2020-02-13,Humboldt,023,135768,1,0,0,0,0
2020-02-13,Imperial,025,180216,0,0,0,0,0
2020-02-13,Inyo,027,18085,0,0,0,0,0
2020-02-13,Kern,029,883053,2,0,0,0,0
2020-02-13,Kings,031,150075,1,0,0,0,0
2020-02-13,Lake,033,64148,0,0,0,0,0
2020-02-13,Lassen,035,31185,0,0,0,0,0
2020-02-13,Los Angeles,037,10098052,31,1,3,4,0
2020-02-13,Madera,039,155013,0,0,0,0,0
2020-02-13,Marin,041,260295,0,0,0,0,0
2020-02-13,Mariposa,043,17540,0,0,0,0,0
2020-02-13,Mendocino,045,87422,0,0,0,0,0
2020-02-13,Merced,047,269075,0,0,0,0,0
2020-02-13,Modoc,049,8938,0,0,0,0,0
2020-02-13,Mono,051,14174,0,0,0,0,0
2020-02-13,Monterey,053,433212,1,0,0,0,0
2020-02-13,Napa,055,140530,0,0,0,0,0
2020-02-13,Nevada,057,99092,0,0,0,0,0
2020-02-13,Orange,059,3164182,35,1,0,1,0
2020-02-13,Placer,061,380077,0,0,0,0,0
2020-02-13,Plumas,063,18699,0,0,0,0,0
2020-02-13,Riverside,065,2383286,4,0,0,0,0
2020-02-13,Sacramento,067,1510023,1,0,0,0,0
2020-02-13,San Benito,069,59416,0,2,0,2,0
2020-02-13,San Bernardino,071,2135413,8,0,0,0,0
2020-02-13,San Diego,073,3302833,0,2,0,2,0
2020-02-13,San Francisco,075,870044,2,0,0,0,0
2020-02-13,San Joaquin,077,732212,1,0,1,1,0
2020-02-13,San Luis Obispo,079,281455,0,0,0,0,0
2020-02-13,San Mateo,081,765935,2,0,0,0,0
2020-02-13,Santa Barbara,083,443738,0,0,0,0,0
2020-02-13,Santa Clara,085,1922200,7,2,0,2,0
2020-02-13,Santa Cruz,087,273765,0,0,0,0,0
2020-02-13,Shasta,089,179085,0,0,0,0,0
2020-02-13,Sierra,091,2930,0,0,0,0,0
2020-02-13,Siskiyou,093,43540,0,0,0,0,0
2020-02-13,Solano,095,438530,0,0,0,0,0
2020-02-13,Sonoma,097,501317,0,0,0,0,0
2020-02-13,Stanislaus,099,539301,1,0,1,1,0
2020-02-13,Sutter,101,95872,0,0,0,0,0
2020-02-13,Tehama,103,63373,0,0,0,0,0
2020-02-13,Trinity,105,12862,0,0,0,0,0
2020-02-13,Tulare,107,460477,2,0,0,0,0
2020-02-13,Tuolumne,109,53932,0,0,0,0,0
2020-02-13,Ventura,111,848112,2,0,0,0,0
2020-02-13,Yolo,113,214977,0,0,0,0,0
2020-02-13,Yuba,115,75493,0,0,0,0,0
2020-02-12,Alameda,001,1643700,5,0,0,0,0
2020-02-12,Alpine,003,1148,0,0,0,0,0
2020-02-12,Amador,005,37829,0,0,0,0,0
2020-02-12,Butte,007,227075,0,0,0,0,0
2020-02-12,Calaveras,009,45235,0,0,0,0,0
2020-02-12,Colusa,011,21464,0,0,0,0,0
2020-02-12,Contra Costa,013,1133247,3,0,0,0,0
2020-02-12,Del Norte,015,27424,0,0,0,0,0
2020-02-12,El Dorado,017,186661,0,0,0,0,0
2020-02-12,Fresno,019,978130,0,0,0,0,0
2020-02-12,Glenn,021,27897,0,0,0,0,0
2020-02-12,Humboldt,023,135768,1,0,0,0,0
2020-02-12,Imperial,025,180216,0,0,0,0,0
2020-02-12,Inyo,027,18085,0,0,0,0,0
2020-02-12,Kern,029,883053,2,0,0,0,0
2020-02-12,Kings,031,150075,1,0,0,0,0
2020-02-12,Lake,033,64148,0,0,0,0,0
2020-02-12,Lassen,035,31185,0,0,0,0,0
2020-02-12,Los Angeles,037,10098052,30,1,3,4,0
2020-02-12,Madera,039,155013,0,0,0,0,0
2020-02-12,Marin,041,260295,0,0,0,0,0
2020-02-12,Mariposa,043,17540,0,0,0,0,0
2020-02-12,Mendocino,045,87422,0,0,0,0,0
2020-02-12,Merced,047,269075,0,0,0,0,0
2020-02-12,Modoc,049,8938,0,0,0,0,0
2020-02-12,Mono,051,14174,0,0,0,0,0
2020-02-12,Monterey,053,433212,1,0,0,0,0
2020-02-12,Napa,055,140530,0,0,0,0,0
2020-02-12,Nevada,057,99092,0,0,0,0,0
2020-02-12,Orange,059,3164182,35,1,0,1,0
2020-02-12,Placer,061,380077,0,0,0,0,0
2020-02-12,Plumas,063,18699,0,0,0,0,0
2020-02-12,Riverside,065,2383286,4,0,0,0,0
2020-02-12,Sacramento,067,1510023,1,0,0,0,0
2020-02-12,San Benito,069,59416,0,2,0,2,0
2020-02-12,San Bernardino,071,2135413,8,0,0,0,0
2020-02-12,San Diego,073,3302833,0,2,0,2,0
2020-02-12,San Francisco,075,870044,2,0,0,0,0
2020-02-12,San Joaquin,077,732212,1,0,1,1,0
2020-02-12,San Luis Obispo,079,281455,0,0,0,0,0
2020-02-12,San Mateo,081,765935,2,0,0,0,0
2020-02-12,Santa Barbara,083,443738,0,0,0,0,0
2020-02-12,Santa Clara,085,1922200,6,2,0,2,0
2020-02-12,Santa Cruz,087,273765,0,0,0,0,0
2020-02-12,Shasta,089,179085,0,0,0,0,0
2020-02-12,Sierra,091,2930,0,0,0,0,0
2020-02-12,Siskiyou,093,43540,0,0,0,0,0
2020-02-12,Solano,095,438530,0,0,0,0,0
2020-02-12,Sonoma,097,501317,0,0,0,0,0
2020-02-12,Stanislaus,099,539301,1,0,1,1,0
2020-02-12,Sutter,101,95872,0,0,0,0,0
2020-02-12,Tehama,103,63373,0,0,0,0,0
2020-02-12,Trinity,105,12862,0,0,0,0,0
2020-02-12,Tulare,107,460477,2,0,0,0,0
2020-02-12,Tuolumne,109,53932,0,0,0,0,0
2020-02-12,Ventura,111,848112,2,0,0,0,0
2020-02-12,Yolo,113,214977,0,0,0,0,0
2020-02-12,Yuba,115,75493,0,0,0,0,0
2020-02-11,Alameda,001,1643700,5,0,0,0,0
2020-02-11,Alpine,003,1148,0,0,0,0,0
2020-02-11,Amador,005,37829,0,0,0,0,0
2020-02-11,Butte,007,227075,0,0,0,0,0
2020-02-11,Calaveras,009,45235,0,0,0,0,0
2020-02-11,Colusa,011,21464,0,0,0,0,0
2020-02-11,Contra Costa,013,1133247,3,0,0,0,0
2020-02-11,Del Norte,015,27424,0,0,0,0,0
2020-02-11,El Dorado,017,186661,0,0,0,0,0
2020-02-11,Fresno,019,978130,0,0,0,0,0
2020-02-11,Glenn,021,27897,0,0,0,0,0
2020-02-11,Humboldt,023,135768,1,0,0,0,0
2020-02-11,Imperial,025,180216,0,0,0,0,0
2020-02-11,Inyo,027,18085,0,0,0,0,0
2020-02-11,Kern,029,883053,2,0,0,0,0
2020-02-11,Kings,031,150075,1,0,0,0,0
2020-02-11,Lake,033,64148,0,0,0,0,0
2020-02-11,Lassen,035,31185,0,0,0,0,0
2020-02-11,Los Angeles,037,10098052,30,1,3,4,0
2020-02-11,Madera,039,155013,0,0,0,0,0
2020-02-11,Marin,041,260295,0,0,0,0,0
2020-02-11,Mariposa,043,17540,0,0,0,0,0
2020-02-11,Mendocino,045,87422,0,0,0,0,0
2020-02-11,Merced,047,269075,0,0,0,0,0
2020-02-11,Modoc,049,8938,0,0,0,0,0
2020-02-11,Mono,051,14174,0,0,0,0,0
2020-02-11,Monterey,053,433212,1,0,0,0,0
2020-02-11,Napa,055,140530,0,0,0,0,0
2020-02-11,Nevada,057,99092,0,0,0,0,0
2020-02-11,Orange,059,3164182,34,1,0,1,0
2020-02-11,Placer,061,380077,0,0,0,0,0
2020-02-11,Plumas,063,18699,0,0,0,0,0
2020-02-11,Riverside,065,2383286,4,0,0,0,0
2020-02-11,Sacramento,067,1510023,1,0,0,0,0
2020-02-11,San Benito,069,59416,0,2,0,2,0
2020-02-11,San Bernardino,071,2135413,8,0,0,0,0
2020-02-11,San Diego,073,3302833,0,1,0,1,0
2020-02-11,San Francisco,075,870044,2,0,0,0,0
2020-02-11,San Joaquin,077,732212,0,0,1,1,0
2020-02-11,San Luis Obispo,079,281455,0,0,0,0,0
2020-02-11,San Mateo,081,765935,2,0,0,0,0
2020-02-11,Santa Barbara,083,443738,0,0,0,0,0
2020-02-11,Santa Clara,085,1922200,5,2,0,2,0
2020-02-11,Santa Cruz,087,273765,0,0,0,0,0
2020-02-11,Shasta,089,179085,0,0,0,0,0
2020-02-11,Sierra,091,2930,0,0,0,0,0
2020-02-11,Siskiyou,093,43540,0,0,0,0,0
2020-02-11,Solano,095,438530,0,0,0,0,0
2020-02-11,Sonoma,097,501317,0,0,0,0,0
2020-02-11,Stanislaus,099,539301,1,0,1,1,0
2020-02-11,Sutter,101,95872,0,0,0,0,0
2020-02-11,Tehama,103,63373,0,0,0,0,0
2020-02-11,Trinity,105,12862,0,0,0,0,0
2020-02-11,Tulare,107,460477,2,0,0,0,0
2020-02-11,Tuolumne,109,53932,0,0,0,0,0
2020-02-11,Ventura,111,848112,2,0,0,0,0
2020-02-11,Yolo,113,214977,0,0,0,0,0
2020-02-11,Yuba,115,75493,0,0,0,0,0
2020-02-10,Alameda,001,1643700,5,0,0,0,0
2020-02-10,Alpine,003,1148,0,0,0,0,0
2020-02-10,Amador,005,37829,0,0,0,0,0
2020-02-10,Butte,007,227075,0,0,0,0,0
2020-02-10,Calaveras,009,45235,0,0,0,0,0
2020-02-10,Colusa,011,21464,0,0,0,0,0
2020-02-10,Contra Costa,013,1133247,3,0,0,0,0
2020-02-10,Del Norte,015,27424,0,0,0,0,0
2020-02-10,El Dorado,017,186661,0,0,0,0,0
2020-02-10,Fresno,019,978130,0,0,0,0,0
2020-02-10,Glenn,021,27897,0,0,0,0,0
2020-02-10,Humboldt,023,135768,0,0,0,0,0
2020-02-10,Imperial,025,180216,0,0,0,0,0
2020-02-10,Inyo,027,18085,0,0,0,0,0
2020-02-10,Kern,029,883053,2,0,0,0,0
2020-02-10,Kings,031,150075,1,0,0,0,0
2020-02-10,Lake,033,64148,0,0,0,0,0
2020-02-10,Lassen,035,31185,0,0,0,0,0
2020-02-10,Los Angeles,037,10098052,28,1,3,4,0
2020-02-10,Madera,039,155013,0,0,0,0,0
2020-02-10,Marin,041,260295,0,0,0,0,0
2020-02-10,Mariposa,043,17540,0,0,0,0,0
2020-02-10,Mendocino,045,87422,0,0,0,0,0
2020-02-10,Merced,047,269075,0,0,0,0,0
2020-02-10,Modoc,049,8938,0,0,0,0,0
2020-02-10,Mono,051,14174,0,0,0,0,0
2020-02-10,Monterey,053,433212,1,0,0,0,0
2020-02-10,Napa,055,140530,0,0,0,0,0
2020-02-10,Nevada,057,99092,0,0,0,0,0
2020-02-10,Orange,059,3164182,34,1,0,1,0
2020-02-10,Placer,061,380077,0,0,0,0,0
2020-02-10,Plumas,063,18699,0,0,0,0,0
2020-02-10,Riverside,065,2383286,4,0,0,0,0
2020-02-10,Sacramento,067,1510023,1,0,0,0,0
2020-02-10,San Benito,069,59416,0,2,0,2,0
2020-02-10,San Bernardino,071,2135413,7,0,0,0,0
2020-02-10,San Diego,073,3302833,0,0,0,0,0
2020-02-10,San Francisco,075,870044,2,0,0,0,0
2020-02-10,San Joaquin,077,732212,0,0,1,1,0
2020-02-10,San Luis Obispo,079,281455,0,0,0,0,0
2020-02-10,San Mateo,081,765935,2,0,0,0,0
2020-02-10,Santa Barbara,083,443738,0,0,0,0,0
2020-02-10,Santa Clara,085,1922200,5,2,0,2,0
2020-02-10,Santa Cruz,087,273765,0,0,0,0,0
2020-02-10,Shasta,089,179085,0,0,0,0,0
2020-02-10,Sierra,091,2930,0,0,0,0,0
2020-02-10,Siskiyou,093,43540,0,0,0,0,0
2020-02-10,Solano,095,438530,0,0,0,0,0
2020-02-10,Sonoma,097,501317,0,0,0,0,0
2020-02-10,Stanislaus,099,539301,1,0,0,0,0
2020-02-10,Sutter,101,95872,0,0,0,0,0
2020-02-10,Tehama,103,63373,0,0,0,0,0
2020-02-10,Trinity,105,12862,0,0,0,0,0
2020-02-10,Tulare,107,460477,2,0,0,0,0
2020-02-10,Tuolumne,109,53932,0,0,0,0,0
2020-02-10,Ventura,111,848112,2,0,0,0,0
2020-02-10,Yolo,113,214977,0,0,0,0,0
2020-02-10,Yuba,115,75493,0,0,0,0,0
2020-02-09,Alameda,001,1643700,5,0,0,0,0
2020-02-09,Alpine,003,1148,0,0,0,0,0
2020-02-09,Amador,005,37829,0,0,0,0,0
2020-02-09,Butte,007,227075,0,0,0,0,0
2020-02-09,Calaveras,009,45235,0,0,0,0,0
2020-02-09,Colusa,011,21464,0,0,0,0,0
2020-02-09,Contra Costa,013,1133247,3,0,0,0,0
2020-02-09,Del Norte,015,27424,0,0,0,0,0
2020-02-09,El Dorado,017,186661,0,0,0,0,0
2020-02-09,Fresno,019,978130,0,0,0,0,0
2020-02-09,Glenn,021,27897,0,0,0,0,0
2020-02-09,Humboldt,023,135768,0,0,0,0,0
2020-02-09,Imperial,025,180216,0,0,0,0,0
2020-02-09,Inyo,027,18085,0,0,0,0,0
2020-02-09,Kern,029,883053,2,0,0,0,0
2020-02-09,Kings,031,150075,1,0,0,0,0
2020-02-09,Lake,033,64148,0,0,0,0,0
2020-02-09,Lassen,035,31185,0,0,0,0,0
2020-02-09,Los Angeles,037,10098052,27,1,3,4,0
2020-02-09,Madera,039,155013,0,0,0,0,0
2020-02-09,Marin,041,260295,0,0,0,0,0
2020-02-09,Mariposa,043,17540,0,0,0,0,0
2020-02-09,Mendocino,045,87422,0,0,0,0,0
2020-02-09,Merced,047,269075,0,0,0,0,0
2020-02-09,Modoc,049,8938,0,0,0,0,0
2020-02-09,Mono,051,14174,0,0,0,0,0
2020-02-09,Monterey,053,433212,1,0,0,0,0
2020-02-09,Napa,055,140530,0,0,0,0,0
2020-02-09,Nevada,057,99092,0,0,0,0,0
2020-02-09,Orange,059,3164182,34,1,0,1,0
2020-02-09,Placer,061,380077,0,0,0,0,0
2020-02-09,Plumas,063,18699,0,0,0,0,0
2020-02-09,Riverside,065,2383286,4,0,0,0,0
2020-02-09,Sacramento,067,1510023,0,0,0,0,0
2020-02-09,San Benito,069,59416,0,2,0,2,0
2020-02-09,San Bernardino,071,2135413,7,0,0,0,0
2020-02-09,San Diego,073,3302833,0,0,0,0,0
2020-02-09,San Francisco,075,870044,1,0,0,0,0
2020-02-09,San Joaquin,077,732212,0,0,1,1,0
2020-02-09,San Luis Obispo,079,281455,0,0,0,0,0
2020-02-09,San Mateo,081,765935,2,0,0,0,0
2020-02-09,Santa Barbara,083,443738,0,0,0,0,0
2020-02-09,Santa Clara,085,1922200,4,2,0,2,0
2020-02-09,Santa Cruz,087,273765,0,0,0,0,0
2020-02-09,Shasta,089,179085,0,0,0,0,0
2020-02-09,Sierra,091,2930,0,0,0,0,0
2020-02-09,Siskiyou,093,43540,0,0,0,0,0
2020-02-09,Solano,095,438530,0,0,0,0,0
2020-02-09,Sonoma,097,501317,0,0,0,0,0
2020-02-09,Stanislaus,099,539301,0,0,0,0,0
2020-02-09,Sutter,101,95872,0,0,0,0,0
2020-02-09,Tehama,103,63373,0,0,0,0,0
2020-02-09,Trinity,105,12862,0,0,0,0,0
2020-02-09,Tulare,107,460477,2,0,0,0,0
2020-02-09,Tuolumne,109,53932,0,0,0,0,0
2020-02-09,Ventura,111,848112,1,0,0,0,0
2020-02-09,Yolo,113,214977,0,0,0,0,0
2020-02-09,Yuba,115,75493,0,0,0,0,0
2020-02-08,Alameda,001,1643700,4,0,0,0,0
2020-02-08,Alpine,003,1148,0,0,0,0,0
2020-02-08,Amador,005,37829,0,0,0,0,0
2020-02-08,Butte,007,227075,0,0,0,0,0
2020-02-08,Calaveras,009,45235,0,0,0,0,0
2020-02-08,Colusa,011,21464,0,0,0,0,0
2020-02-08,Contra Costa,013,1133247,2,0,0,0,0
2020-02-08,Del Norte,015,27424,0,0,0,0,0
2020-02-08,El Dorado,017,186661,0,0,0,0,0
2020-02-08,Fresno,019,978130,0,0,0,0,0
2020-02-08,Glenn,021,27897,0,0,0,0,0
2020-02-08,Humboldt,023,135768,0,0,0,0,0
2020-02-08,Imperial,025,180216,0,0,0,0,0
2020-02-08,Inyo,027,18085,0,0,0,0,0
2020-02-08,Kern,029,883053,2,0,0,0,0
2020-02-08,Kings,031,150075,1,0,0,0,0
2020-02-08,Lake,033,64148,0,0,0,0,0
2020-02-08,Lassen,035,31185,0,0,0,0,0
2020-02-08,Los Angeles,037,10098052,24,1,1,2,0
2020-02-08,Madera,039,155013,0,0,0,0,0
2020-02-08,Marin,041,260295,0,0,0,0,0
2020-02-08,Mariposa,043,17540,0,0,0,0,0
2020-02-08,Mendocino,045,87422,0,0,0,0,0
2020-02-08,Merced,047,269075,0,0,0,0,0
2020-02-08,Modoc,049,8938,0,0,0,0,0
2020-02-08,Mono,051,14174,0,0,0,0,0
2020-02-08,Monterey,053,433212,1,0,0,0,0
2020-02-08,Napa,055,140530,0,0,0,0,0
2020-02-08,Nevada,057,99092,0,0,0,0,0
2020-02-08,Orange,059,3164182,34,1,0,1,0
2020-02-08,Placer,061,380077,0,0,0,0,0
2020-02-08,Plumas,063,18699,0,0,0,0,0
2020-02-08,Riverside,065,2383286,4,0,0,0,0
2020-02-08,Sacramento,067,1510023,0,0,0,0,0
2020-02-08,San Benito,069,59416,0,2,0,2,0
2020-02-08,San Bernardino,071,2135413,7,0,0,0,0
2020-02-08,San Diego,073,3302833,0,0,0,0,0
2020-02-08,San Francisco,075,870044,1,0,0,0,0
2020-02-08,San Joaquin,077,732212,0,0,1,1,0
2020-02-08,San Luis Obispo,079,281455,0,0,0,0,0
2020-02-08,San Mateo,081,765935,2,0,0,0,0
2020-02-08,Santa Barbara,083,443738,0,0,0,0,0
2020-02-08,Santa Clara,085,1922200,4,2,0,2,0
2020-02-08,Santa Cruz,087,273765,0,0,0,0,0
2020-02-08,Shasta,089,179085,0,0,0,0,0
2020-02-08,Sierra,091,2930,0,0,0,0,0
2020-02-08,Siskiyou,093,43540,0,0,0,0,0
2020-02-08,Solano,095,438530,0,0,0,0,0
2020-02-08,Sonoma,097,501317,0,0,0,0,0
2020-02-08,Stanislaus,099,539301,0,0,0,0,0
2020-02-08,Sutter,101,95872,0,0,0,0,0
2020-02-08,Tehama,103,63373,0,0,0,0,0
2020-02-08,Trinity,105,12862,0,0,0,0,0
2020-02-08,Tulare,107,460477,2,0,0,0,0
2020-02-08,Tuolumne,109,53932,0,0,0,0,0
2020-02-08,Ventura,111,848112,1,0,0,0,0
2020-02-08,Yolo,113,214977,0,0,0,0,0
2020-02-08,Yuba,115,75493,0,0,0,0,0
2020-02-07,Alameda,001,1643700,4,0,0,0,0
2020-02-07,Alpine,003,1148,0,0,0,0,0
2020-02-07,Amador,005,37829,0,0,0,0,0
2020-02-07,Butte,007,227075,0,0,0,0,0
2020-02-07,Calaveras,009,45235,0,0,0,0,0
2020-02-07,Colusa,011,21464,0,0,0,0,0
2020-02-07,Contra Costa,013,1133247,2,0,0,0,0
2020-02-07,Del Norte,015,27424,0,0,0,0,0
2020-02-07,El Dorado,017,186661,0,0,0,0,0
2020-02-07,Fresno,019,978130,0,0,0,0,0
2020-02-07,Glenn,021,27897,0,0,0,0,0
2020-02-07,Humboldt,023,135768,0,0,0,0,0
2020-02-07,Imperial,025,180216,0,0,0,0,0
2020-02-07,Inyo,027,18085,0,0,0,0,0
2020-02-07,Kern,029,883053,2,0,0,0,0
2020-02-07,Kings,031,150075,1,0,0,0,0
2020-02-07,Lake,033,64148,0,0,0,0,0
2020-02-07,Lassen,035,31185,0,0,0,0,0
2020-02-07,Los Angeles,037,10098052,23,1,0,1,0
2020-02-07,Madera,039,155013,0,0,0,0,0
2020-02-07,Marin,041,260295,0,0,0,0,0
2020-02-07,Mariposa,043,17540,0,0,0,0,0
2020-02-07,Mendocino,045,87422,0,0,0,0,0
2020-02-07,Merced,047,269075,0,0,0,0,0
2020-02-07,Modoc,049,8938,0,0,0,0,0
2020-02-07,Mono,051,14174,0,0,0,0,0
2020-02-07,Monterey,053,433212,1,0,0,0,0
2020-02-07,Napa,055,140530,0,0,0,0,0
2020-02-07,Nevada,057,99092,0,0,0,0,0
2020-02-07,Orange,059,3164182,32,1,0,1,0
2020-02-07,Placer,061,380077,0,0,0,0,0
2020-02-07,Plumas,063,18699,0,0,0,0,0
2020-02-07,Riverside,065,2383286,4,0,0,0,0
2020-02-07,Sacramento,067,1510023,0,0,0,0,0
2020-02-07,San Benito,069,59416,0,2,0,2,0
2020-02-07,San Bernardino,071,2135413,4,0,0,0,0
2020-02-07,San Diego,073,3302833,0,0,0,0,0
2020-02-07,San Francisco,075,870044,1,0,0,0,0
2020-02-07,San Joaquin,077,732212,0,0,1,1,0
2020-02-07,San Luis Obispo,079,281455,0,0,0,0,0
2020-02-07,San Mateo,081,765935,1,0,0,0,0
2020-02-07,Santa Barbara,083,443738,0,0,0,0,0
2020-02-07,Santa Clara,085,1922200,4,2,0,2,0
2020-02-07,Santa Cruz,087,273765,0,0,0,0,0
2020-02-07,Shasta,089,179085,0,0,0,0,0
2020-02-07,Sierra,091,2930,0,0,0,0,0
2020-02-07,Siskiyou,093,43540,0,0,0,0,0
2020-02-07,Solano,095,438530,0,0,0,0,0
2020-02-07,Sonoma,097,501317,0,0,0,0,0
2020-02-07,Stanislaus,099,539301,0,0,0,0,0
2020-02-07,Sutter,101,95872,0,0,0,0,0
2020-02-07,Tehama,103,63373,0,0,0,0,0
2020-02-07,Trinity,105,12862,0,0,0,0,0
2020-02-07,Tulare,107,460477,2,0,0,0,0
2020-02-07,Tuolumne,109,53932,0,0,0,0,0
2020-02-07,Ventura,111,848112,1,0,0,0,0
2020-02-07,Yolo,113,214977,0,0,0,0,0
2020-02-07,Yuba,115,75493,0,0,0,0,0
2020-02-06,Alameda,001,1643700,4,0,0,0,0
2020-02-06,Alpine,003,1148,0,0,0,0,0
2020-02-06,Amador,005,37829,0,0,0,0,0
2020-02-06,Butte,007,227075,0,0,0,0,0
2020-02-06,Calaveras,009,45235,0,0,0,0,0
2020-02-06,Colusa,011,21464,0,0,0,0,0
2020-02-06,Contra Costa,013,1133247,2,0,0,0,0
2020-02-06,Del Norte,015,27424,0,0,0,0,0
2020-02-06,El Dorado,017,186661,0,0,0,0,0
2020-02-06,Fresno,019,978130,0,0,0,0,0
2020-02-06,Glenn,021,27897,0,0,0,0,0
2020-02-06,Humboldt,023,135768,0,0,0,0,0
2020-02-06,Imperial,025,180216,0,0,0,0,0
2020-02-06,Inyo,027,18085,0,0,0,0,0
2020-02-06,Kern,029,883053,2,0,0,0,0
2020-02-06,Kings,031,150075,0,0,0,0,0
2020-02-06,Lake,033,64148,0,0,0,0,0
2020-02-06,Lassen,035,31185,0,0,0,0,0
2020-02-06,Los Angeles,037,10098052,22,1,0,1,0
2020-02-06,Madera,039,155013,0,0,0,0,0
2020-02-06,Marin,041,260295,0,0,0,0,0
2020-02-06,Mariposa,043,17540,0,0,0,0,0
2020-02-06,Mendocino,045,87422,0,0,0,0,0
2020-02-06,Merced,047,269075,0,0,0,0,0
2020-02-06,Modoc,049,8938,0,0,0,0,0
2020-02-06,Mono,051,14174,0,0,0,0,0
2020-02-06,Monterey,053,433212,1,0,0,0,0
2020-02-06,Napa,055,140530,0,0,0,0,0
2020-02-06,Nevada,057,99092,0,0,0,0,0
2020-02-06,Orange,059,3164182,2,1,0,1,0
2020-02-06,Placer,061,380077,0,0,0,0,0
2020-02-06,Plumas,063,18699,0,0,0,0,0
2020-02-06,Riverside,065,2383286,4,0,0,0,0
2020-02-06,Sacramento,067,1510023,0,0,0,0,0
2020-02-06,San Benito,069,59416,0,2,0,2,0
2020-02-06,San Bernardino,071,2135413,4,0,0,0,0
2020-02-06,San Diego,073,3302833,0,0,0,0,0
2020-02-06,San Francisco,075,870044,1,0,0,0,0
2020-02-06,San Joaquin,077,732212,0,0,1,1,0
2020-02-06,San Luis Obispo,079,281455,0,0,0,0,0
2020-02-06,San Mateo,081,765935,1,0,0,0,0
2020-02-06,Santa Barbara,083,443738,0,0,0,0,0
2020-02-06,Santa Clara,085,1922200,4,2,0,2,0
2020-02-06,Santa Cruz,087,273765,0,0,0,0,0
2020-02-06,Shasta,089,179085,0,0,0,0,0
2020-02-06,Sierra,091,2930,0,0,0,0,0
2020-02-06,Siskiyou,093,43540,0,0,0,0,0
2020-02-06,Solano,095,438530,0,0,0,0,0
2020-02-06,Sonoma,097,501317,0,0,0,0,0
2020-02-06,Stanislaus,099,539301,0,0,0,0,0
2020-02-06,Sutter,101,95872,0,0,0,0,0
2020-02-06,Tehama,103,63373,0,0,0,0,0
2020-02-06,Trinity,105,12862,0,0,0,0,0
2020-02-06,Tulare,107,460477,2,0,0,0,0
2020-02-06,Tuolumne,109,53932,0,0,0,0,0
2020-02-06,Ventura,111,848112,1,0,0,0,0
2020-02-06,Yolo,113,214977,0,0,0,0,0
2020-02-06,Yuba,115,75493,0,0,0,0,0
2020-02-05,Alameda,001,1643700,3,0,0,0,0
2020-02-05,Alpine,003,1148,0,0,0,0,0
2020-02-05,Amador,005,37829,0,0,0,0,0
2020-02-05,Butte,007,227075,0,0,0,0,0
2020-02-05,Calaveras,009,45235,0,0,0,0,0
2020-02-05,Colusa,011,21464,0,0,0,0,0
2020-02-05,Contra Costa,013,1133247,2,0,0,0,0
2020-02-05,Del Norte,015,27424,0,0,0,0,0
2020-02-05,El Dorado,017,186661,0,0,0,0,0
2020-02-05,Fresno,019,978130,0,0,0,0,0
2020-02-05,Glenn,021,27897,0,0,0,0,0
2020-02-05,Humboldt,023,135768,0,0,0,0,0
2020-02-05,Imperial,025,180216,0,0,0,0,0
2020-02-05,Inyo,027,18085,0,0,0,0,0
2020-02-05,Kern,029,883053,1,0,0,0,0
2020-02-05,Kings,031,150075,0,0,0,0,0
2020-02-05,Lake,033,64148,0,0,0,0,0
2020-02-05,Lassen,035,31185,0,0,0,0,0
2020-02-05,Los Angeles,037,10098052,22,1,0,1,0
2020-02-05,Madera,039,155013,0,0,0,0,0
2020-02-05,Marin,041,260295,0,0,0,0,0
2020-02-05,Mariposa,043,17540,0,0,0,0,0
2020-02-05,Mendocino,045,87422,0,0,0,0,0
2020-02-05,Merced,047,269075,0,0,0,0,0
2020-02-05,Modoc,049,8938,0,0,0,0,0
2020-02-05,Mono,051,14174,0,0,0,0,0
2020-02-05,Monterey,053,433212,1,0,0,0,0
2020-02-05,Napa,055,140530,0,0,0,0,0
2020-02-05,Nevada,057,99092,0,0,0,0,0
2020-02-05,Orange,059,3164182,1,1,0,1,0
2020-02-05,Placer,061,380077,0,0,0,0,0
2020-02-05,Plumas,063,18699,0,0,0,0,0
2020-02-05,Riverside,065,2383286,4,0,0,0,0
2020-02-05,Sacramento,067,1510023,0,0,0,0,0
2020-02-05,San Benito,069,59416,0,2,0,2,0
2020-02-05,San Bernardino,071,2135413,4,0,0,0,0
2020-02-05,San Diego,073,3302833,0,0,0,0,0
2020-02-05,San Francisco,075,870044,1,0,0,0,0
2020-02-05,San Joaquin,077,732212,0,0,1,1,0
2020-02-05,San Luis Obispo,079,281455,0,0,0,0,0
2020-02-05,San Mateo,081,765935,1,0,0,0,0
2020-02-05,Santa Barbara,083,443738,0,0,0,0,0
2020-02-05,Santa Clara,085,1922200,2,2,0,2,0
2020-02-05,Santa Cruz,087,273765,0,0,0,0,0
2020-02-05,Shasta,089,179085,0,0,0,0,0
2020-02-05,Sierra,091,2930,0,0,0,0,0
2020-02-05,Siskiyou,093,43540,0,0,0,0,0
2020-02-05,Solano,095,438530,0,0,0,0,0
2020-02-05,Sonoma,097,501317,0,0,0,0,0
2020-02-05,Stanislaus,099,539301,0,0,0,0,0
2020-02-05,Sutter,101,95872,0,0,0,0,0
2020-02-05,Tehama,103,63373,0,0,0,0,0
2020-02-05,Trinity,105,12862,0,0,0,0,0
2020-02-05,Tulare,107,460477,2,0,0,0,0
2020-02-05,Tuolumne,109,53932,0,0,0,0,0
2020-02-05,Ventura,111,848112,0,0,0,0,0
2020-02-05,Yolo,113,214977,0,0,0,0,0
2020-02-05,Yuba,115,75493,0,0,0,0,0
2020-02-04,Alameda,001,1643700,3,0,0,0,0
2020-02-04,Alpine,003,1148,0,0,0,0,0
2020-02-04,Amador,005,37829,0,0,0,0,0
2020-02-04,Butte,007,227075,0,0,0,0,0
2020-02-04,Calaveras,009,45235,0,0,0,0,0
2020-02-04,Colusa,011,21464,0,0,0,0,0
2020-02-04,Contra Costa,013,1133247,2,0,0,0,0
2020-02-04,Del Norte,015,27424,0,0,0,0,0
2020-02-04,El Dorado,017,186661,0,0,0,0,0
2020-02-04,Fresno,019,978130,0,0,0,0,0
2020-02-04,Glenn,021,27897,0,0,0,0,0
2020-02-04,Humboldt,023,135768,0,0,0,0,0
2020-02-04,Imperial,025,180216,0,0,0,0,0
2020-02-04,Inyo,027,18085,0,0,0,0,0
2020-02-04,Kern,029,883053,0,0,0,0,0
2020-02-04,Kings,031,150075,0,0,0,0,0
2020-02-04,Lake,033,64148,0,0,0,0,0
2020-02-04,Lassen,035,31185,0,0,0,0,0
2020-02-04,Los Angeles,037,10098052,22,1,0,1,0
2020-02-04,Madera,039,155013,0,0,0,0,0
2020-02-04,Marin,041,260295,0,0,0,0,0
2020-02-04,Mariposa,043,17540,0,0,0,0,0
2020-02-04,Mendocino,045,87422,0,0,0,0,0
2020-02-04,Merced,047,269075,0,0,0,0,0
2020-02-04,Modoc,049,8938,0,0,0,0,0
2020-02-04,Mono,051,14174,0,0,0,0,0
2020-02-04,Monterey,053,433212,1,0,0,0,0
2020-02-04,Napa,055,140530,0,0,0,0,0
2020-02-04,Nevada,057,99092,0,0,0,0,0
2020-02-04,Orange,059,3164182,1,1,0,1,0
2020-02-04,Placer,061,380077,0,0,0,0,0
2020-02-04,Plumas,063,18699,0,0,0,0,0
2020-02-04,Riverside,065,2383286,4,0,0,0,0
2020-02-04,Sacramento,067,1510023,0,0,0,0,0
2020-02-04,San Benito,069,59416,0,2,0,2,0
2020-02-04,San Bernardino,071,2135413,3,0,0,0,0
2020-02-04,San Diego,073,3302833,0,0,0,0,0
2020-02-04,San Francisco,075,870044,1,0,0,0,0
2020-02-04,San Joaquin,077,732212,0,0,1,1,0
2020-02-04,San Luis Obispo,079,281455,0,0,0,0,0
2020-02-04,San Mateo,081,765935,0,0,0,0,0
2020-02-04,Santa Barbara,083,443738,0,0,0,0,0
2020-02-04,Santa Clara,085,1922200,2,2,0,2,0
2020-02-04,Santa Cruz,087,273765,0,0,0,0,0
2020-02-04,Shasta,089,179085,0,0,0,0,0
2020-02-04,Sierra,091,2930,0,0,0,0,0
2020-02-04,Siskiyou,093,43540,0,0,0,0,0
2020-02-04,Solano,095,438530,0,0,0,0,0
2020-02-04,Sonoma,097,501317,0,0,0,0,0
2020-02-04,Stanislaus,099,539301,0,0,0,0,0
2020-02-04,Sutter,101,95872,0,0,0,0,0
2020-02-04,Tehama,103,63373,0,0,0,0,0
2020-02-04,Trinity,105,12862,0,0,0,0,0
2020-02-04,Tulare,107,460477,2,0,0,0,0
2020-02-04,Tuolumne,109,53932,0,0,0,0,0
2020-02-04,Ventura,111,848112,0,0,0,0,0
2020-02-04,Yolo,113,214977,0,0,0,0,0
2020-02-04,Yuba,115,75493,0,0,0,0,0
2020-02-03,Alameda,001,1643700,3,0,0,0,0
2020-02-03,Alpine,003,1148,0,0,0,0,0
2020-02-03,Amador,005,37829,0,0,0,0,0
2020-02-03,Butte,007,227075,0,0,0,0,0
2020-02-03,Calaveras,009,45235,0,0,0,0,0
2020-02-03,Colusa,011,21464,0,0,0,0,0
2020-02-03,Contra Costa,013,1133247,2,0,0,0,0
2020-02-03,Del Norte,015,27424,0,0,0,0,0
2020-02-03,El Dorado,017,186661,0,0,0,0,0
2020-02-03,Fresno,019,978130,0,0,0,0,0
2020-02-03,Glenn,021,27897,0,0,0,0,0
2020-02-03,Humboldt,023,135768,0,0,0,0,0
2020-02-03,Imperial,025,180216,0,0,0,0,0
2020-02-03,Inyo,027,18085,0,0,0,0,0
2020-02-03,Kern,029,883053,0,0,0,0,0
2020-02-03,Kings,031,150075,0,0,0,0,0
2020-02-03,Lake,033,64148,0,0,0,0,0
2020-02-03,Lassen,035,31185,0,0,0,0,0
2020-02-03,Los Angeles,037,10098052,21,1,0,1,0
2020-02-03,Madera,039,155013,0,0,0,0,0
2020-02-03,Marin,041,260295,0,0,0,0,0
2020-02-03,Mariposa,043,17540,0,0,0,0,0
2020-02-03,Mendocino,045,87422,0,0,0,0,0
2020-02-03,Merced,047,269075,0,0,0,0,0
2020-02-03,Modoc,049,8938,0,0,0,0,0
2020-02-03,Mono,051,14174,0,0,0,0,0
2020-02-03,Monterey,053,433212,1,0,0,0,0
2020-02-03,Napa,055,140530,0,0,0,0,0
2020-02-03,Nevada,057,99092,0,0,0,0,0
2020-02-03,Orange,059,3164182,1,1,0,1,0
2020-02-03,Placer,061,380077,0,0,0,0,0
2020-02-03,Plumas,063,18699,0,0,0,0,0
2020-02-03,Riverside,065,2383286,4,0,0,0,0
2020-02-03,Sacramento,067,1510023,0,0,0,0,0
2020-02-03,San Benito,069,59416,0,2,0,2,0
2020-02-03,San Bernardino,071,2135413,3,0,0,0,0
2020-02-03,San Diego,073,3302833,0,0,0,0,0
2020-02-03,San Francisco,075,870044,1,0,0,0,0
2020-02-03,San Joaquin,077,732212,0,0,1,1,0
2020-02-03,San Luis Obispo,079,281455,0,0,0,0,0
2020-02-03,San Mateo,081,765935,0,0,0,0,0
2020-02-03,Santa Barbara,083,443738,0,0,0,0,0
2020-02-03,Santa Clara,085,1922200,2,2,0,2,0
2020-02-03,Santa Cruz,087,273765,0,0,0,0,0
2020-02-03,Shasta,089,179085,0,0,0,0,0
2020-02-03,Sierra,091,2930,0,0,0,0,0
2020-02-03,Siskiyou,093,43540,0,0,0,0,0
2020-02-03,Solano,095,438530,0,0,0,0,0
2020-02-03,Sonoma,097,501317,0,0,0,0,0
2020-02-03,Stanislaus,099,539301,0,0,0,0,0
2020-02-03,Sutter,101,95872,0,0,0,0,0
2020-02-03,Tehama,103,63373,0,0,0,0,0
2020-02-03,Trinity,105,12862,0,0,0,0,0
2020-02-03,Tulare,107,460477,2,0,0,0,0
2020-02-03,Tuolumne,109,53932,0,0,0,0,0
2020-02-03,Ventura,111,848112,0,0,0,0,0
2020-02-03,Yolo,113,214977,0,0,0,0,0
2020-02-03,Yuba,115,75493,0,0,0,0,0
2020-02-02,Alameda,001,1643700,3,0,0,0,0
2020-02-02,Alpine,003,1148,0,0,0,0,0
2020-02-02,Amador,005,37829,0,0,0,0,0
2020-02-02,Butte,007,227075,0,0,0,0,0
2020-02-02,Calaveras,009,45235,0,0,0,0,0
2020-02-02,Colusa,011,21464,0,0,0,0,0
2020-02-02,Contra Costa,013,1133247,1,0,0,0,0
2020-02-02,Del Norte,015,27424,0,0,0,0,0
2020-02-02,El Dorado,017,186661,0,0,0,0,0
2020-02-02,Fresno,019,978130,0,0,0,0,0
2020-02-02,Glenn,021,27897,0,0,0,0,0
2020-02-02,Humboldt,023,135768,0,0,0,0,0
2020-02-02,Imperial,025,180216,0,0,0,0,0
2020-02-02,Inyo,027,18085,0,0,0,0,0
2020-02-02,Kern,029,883053,0,0,0,0,0
2020-02-02,Kings,031,150075,0,0,0,0,0
2020-02-02,Lake,033,64148,0,0,0,0,0
2020-02-02,Lassen,035,31185,0,0,0,0,0
2020-02-02,Los Angeles,037,10098052,17,1,0,1,0
2020-02-02,Madera,039,155013,0,0,0,0,0
2020-02-02,Marin,041,260295,0,0,0,0,0
2020-02-02,Mariposa,043,17540,0,0,0,0,0
2020-02-02,Mendocino,045,87422,0,0,0,0,0
2020-02-02,Merced,047,269075,0,0,0,0,0
2020-02-02,Modoc,049,8938,0,0,0,0,0
2020-02-02,Mono,051,14174,0,0,0,0,0
2020-02-02,Monterey,053,433212,1,0,0,0,0
2020-02-02,Napa,055,140530,0,0,0,0,0
2020-02-02,Nevada,057,99092,0,0,0,0,0
2020-02-02,Orange,059,3164182,1,1,0,1,0
2020-02-02,Placer,061,380077,0,0,0,0,0
2020-02-02,Plumas,063,18699,0,0,0,0,0
2020-02-02,Riverside,065,2383286,3,0,0,0,0
2020-02-02,Sacramento,067,1510023,0,0,0,0,0
2020-02-02,San Benito,069,59416,0,2,0,2,0
2020-02-02,San Bernardino,071,2135413,2,0,0,0,0
2020-02-02,San Diego,073,3302833,0,0,0,0,0
2020-02-02,San Francisco,075,870044,1,0,0,0,0
2020-02-02,San Joaquin,077,732212,0,0,1,1,0
2020-02-02,San Luis Obispo,079,281455,0,0,0,0,0
2020-02-02,San Mateo,081,765935,0,0,0,0,0
2020-02-02,Santa Barbara,083,443738,0,0,0,0,0
2020-02-02,Santa Clara,085,1922200,2,2,0,2,0
2020-02-02,Santa Cruz,087,273765,0,0,0,0,0
2020-02-02,Shasta,089,179085,0,0,0,0,0
2020-02-02,Sierra,091,2930,0,0,0,0,0
2020-02-02,Siskiyou,093,43540,0,0,0,0,0
2020-02-02,Solano,095,438530,0,0,0,0,0
2020-02-02,Sonoma,097,501317,0,0,0,0,0
2020-02-02,Stanislaus,099,539301,0,0,0,0,0
2020-02-02,Sutter,101,95872,0,0,0,0,0
2020-02-02,Tehama,103,63373,0,0,0,0,0
2020-02-02,Trinity,105,12862,0,0,0,0,0
2020-02-02,Tulare,107,460477,2,0,0,0,0
2020-02-02,Tuolumne,109,53932,0,0,0,0,0
2020-02-02,Ventura,111,848112,0,0,0,0,0
2020-02-02,Yolo,113,214977,0,0,0,0,0
2020-02-02,Yuba,115,75493,0,0,0,0,0
2020-02-01,Alameda,001,1643700,3,0,0,0,0
2020-02-01,Alpine,003,1148,0,0,0,0,0
2020-02-01,Amador,005,37829,0,0,0,0,0
2020-02-01,Butte,007,227075,0,0,0,0,0
2020-02-01,Calaveras,009,45235,0,0,0,0,0
2020-02-01,Colusa,011,21464,0,0,0,0,0
2020-02-01,Contra Costa,013,1133247,0,0,0,0,0
2020-02-01,Del Norte,015,27424,0,0,0,0,0
2020-02-01,El Dorado,017,186661,0,0,0,0,0
2020-02-01,Fresno,019,978130,0,0,0,0,0
2020-02-01,Glenn,021,27897,0,0,0,0,0
2020-02-01,Humboldt,023,135768,0,0,0,0,0
2020-02-01,Imperial,025,180216,0,0,0,0,0
2020-02-01,Inyo,027,18085,0,0,0,0,0
2020-02-01,Kern,029,883053,0,0,0,0,0
2020-02-01,Kings,031,150075,0,0,0,0,0
2020-02-01,Lake,033,64148,0,0,0,0,0
2020-02-01,Lassen,035,31185,0,0,0,0,0
2020-02-01,Los Angeles,037,10098052,13,1,0,1,0
2020-02-01,Madera,039,155013,0,0,0,0,0
2020-02-01,Marin,041,260295,0,0,0,0,0
2020-02-01,Mariposa,043,17540,0,0,0,0,0
2020-02-01,Mendocino,045,87422,0,0,0,0,0
2020-02-01,Merced,047,269075,0,0,0,0,0
2020-02-01,Modoc,049,8938,0,0,0,0,0
2020-02-01,Mono,051,14174,0,0,0,0,0
2020-02-01,Monterey,053,433212,0,0,0,0,0
2020-02-01,Napa,055,140530,0,0,0,0,0
2020-02-01,Nevada,057,99092,0,0,0,0,0
2020-02-01,Orange,059,3164182,1,1,0,1,0
2020-02-01,Placer,061,380077,0,0,0,0,0
2020-02-01,Plumas,063,18699,0,0,0,0,0
2020-02-01,Riverside,065,2383286,2,0,0,0,0
2020-02-01,Sacramento,067,1510023,0,0,0,0,0
2020-02-01,San Benito,069,59416,0,0,0,0,0
2020-02-01,San Bernardino,071,2135413,1,0,0,0,0
2020-02-01,San Diego,073,3302833,0,0,0,0,0
2020-02-01,San Francisco,075,870044,1,0,0,0,0
2020-02-01,San Joaquin,077,732212,0,0,1,1,0
2020-02-01,San Luis Obispo,079,281455,0,0,0,0,0
2020-02-01,San Mateo,081,765935,0,0,0,0,0
2020-02-01,Santa Barbara,083,443738,0,0,0,0,0
2020-02-01,Santa Clara,085,1922200,2,1,0,1,0
2020-02-01,Santa Cruz,087,273765,0,0,0,0,0
2020-02-01,Shasta,089,179085,0,0,0,0,0
2020-02-01,Sierra,091,2930,0,0,0,0,0
2020-02-01,Siskiyou,093,43540,0,0,0,0,0
2020-02-01,Solano,095,438530,0,0,0,0,0
2020-02-01,Sonoma,097,501317,0,0,0,0,0
2020-02-01,Stanislaus,099,539301,0,0,0,0,0
2020-02-01,Sutter,101,95872,0,0,0,0,0
2020-02-01,Tehama,103,63373,0,0,0,0,0
2020-02-01,Trinity,105,12862,0,0,0,0,0
2020-02-01,Tulare,107,460477,1,0,0,0,0
2020-02-01,Tuolumne,109,53932,0,0,0,0,0
2020-02-01,Ventura,111,848112,0,0,0,0,0
2020-02-01,Yolo,113,214977,0,0,0,0,0
2020-02-01,Yuba,115,75493,0,0,0,0,0
